scripts/IMPROVE-2019_partial/data/CA0011R.20080101050000.20191216000000.filterpack...52w.3d.US03L_filterpack_CA0011.US03L_IMPROVE_Davis.lev2.nas
59 1001
MISSING INFORMATION
US03L, IMPROVE, , , , , , , 
MISSING INFORMATION
IMPROVE sel_HTAP
1 1
2008 01 01 2019 12 16
3.000000
days from file reference point
4
1 1 1 1
999.999999 999.999 999.999 9.999
end_time of measurement, days from the file reference point
pm10_mass, ug/m3, Matrix=pm10
pm25_mass, ug/m3, Matrix=pm25
numflag, no unit
0
41
Data definition:              EBAS_1.1
Set type code:                TU
Timezone:                     UTC
File name:                    CA0011R.20080101050000.20191216000000.filterpack...52w.3d.US03L_filterpack_CA0011.US03L_IMPROVE_Davis.lev2.nas
File creation:                20191218115558
Startdate:                    20080101050000
Revision date:                20191216000000
Version:                      2
Version description:          "Data extracted from http://views.cira.colostate.edu/fed/DataWizard 2019-12-16"
Statistics:                   arithmetic mean
Data level:                   2
Period code:                  52w
Resolution code:              3d
Sample duration:              1d
Orig. time res.:              3d
Station code:                 CA0011R
Platform code:                CA0011S
Station name:                 Egbert
Station WDCA-ID:              GAWACAONEGB
Station GAW-ID:               EGB
Station GAW-Name:             Egbert
Station state/province:       ON
Station land use:             Agricultural
Station setting:              Rural
Station GAW type:             R
Station WMO region:           4
Station latitude:             44.231006
Station longitude:            -79.783839
Station altitude:             255.0 m
Regime:                       IMG
Component:                    
Unit:                         ug/m3
Matrix:                       
Laboratory code:              US03L
Instrument type:              filterpack
Instrument name:              filterpack_CA0011
Method ref:                   US03L_IMPROVE_Davis
Blank correction:             Blank corrected
Volume std. temperature:      ambient
Volume std. pressure:         ambient
starttime endtime PM10 PM2.5 flag
  0.208333   1.208333  12.845  11.793 0.000
  3.208333   4.208333  17.430  14.183 0.000
  6.208333   7.208333  11.363   9.515 0.000
  9.208333  10.208333   6.479   3.177 0.000
 12.208333  13.208333   9.486   7.583 0.000
 15.208333  16.208333   4.258   3.279 0.000
 18.208333  19.208333   9.224   5.806 0.000
 21.208333  22.208333  14.624  11.007 0.000
 24.208333  25.208333   5.967   3.684 0.000
 27.208333  28.208333  29.339  26.825 0.000
 30.208333  31.208333  14.267   4.975 0.000
 33.208333  34.208333  16.811  14.834 0.000
 36.208333  37.208333   7.948   6.669 0.000
 39.208333  40.208333  14.787  13.939 0.000
 42.208333  43.208333   4.206   4.618 0.000
 45.208333  46.208333  14.175   8.767 0.000
 48.208333  49.208333   9.326   8.599 0.000
 51.208333  52.208333   4.182   2.256 0.000
 54.208333  55.208333  22.232  18.278 0.000
 57.208333  58.208333   5.551   2.832 0.000
 60.208333  61.208333   9.493   8.134 0.000
 63.208333  64.208333   5.104   3.445 0.000
 66.208333  67.208333  21.621  16.339 0.000
 69.208333  70.208333   4.171   4.110 0.000
 72.208333  73.208333   7.443   2.778 0.000
 75.208333  76.208333   3.489   2.516 0.000
 78.208333  79.208333   6.696   5.470 0.000
 81.208333  82.208333   4.218   2.217 0.000
 84.208333  85.208333  12.643   7.620 0.000
 87.208333  88.208333   7.122   3.313 0.000
 90.208333  91.208333  11.466   9.028 0.000
 93.208333  94.208333  16.068   8.548 0.000
 96.208333  97.208333  21.164  15.809 0.000
 99.208333 100.208333  20.194  11.709 0.000
102.208333 103.208333   6.649   5.961 0.000
105.208333 106.208333   5.437   2.663 0.000
108.208333 109.208333  30.036  18.824 0.000
111.208333 112.208333  21.702  12.912 0.000
114.208333 115.208333  14.313   4.786 0.000
117.208333 118.208333  14.378   7.984 0.000
120.208333 121.208333   7.733   4.572 0.000
123.208333 124.208333  21.233  18.436 0.000
126.208333 127.208333   9.679   5.149 0.000
129.208333 130.208333   5.912   2.274 0.000
132.208333 133.208333  12.368   7.396 0.000
135.208333 136.208333   6.352   3.593 0.000
138.208333 139.208333   4.600   2.616 0.000
141.208333 142.208333   3.438   1.179 0.000
144.208333 145.208333   6.598   2.351 0.000
147.208333 148.208333  14.347   4.146 0.000
150.208333 151.208333  28.956   8.812 0.000
153.208333 154.208333  10.344   5.115 0.000
156.208333 157.208333  18.988  13.265 0.000
159.208333 160.208333  11.781   6.945 0.000
162.208333 163.208333   8.366   3.867 0.000
165.208333 166.208333  16.182  12.649 0.000
168.208333 169.208333   2.856   1.203 0.000
171.208333 172.208333   4.979   2.175 0.000
174.208333 175.208333   7.720   5.059 0.000
177.208333 178.208333  26.254  13.745 0.000
180.208333 181.208333  10.348   5.862 0.000
183.208333 184.208333  18.868  10.193 0.000
186.208333 187.208333   8.066   4.631 0.000
189.208333 190.208333  21.256  15.442 0.000
192.208333 193.208333  11.027   7.750 0.000
195.208333 196.208333   4.501   2.267 0.000
198.208333 199.208333  15.798   9.034 0.000
201.208333 202.208333   6.352   4.789 0.000
204.208333 205.208333   8.994   5.100 0.000
207.208333 208.208333  15.252  11.196 0.000
210.208333 211.208333  15.039   8.692 0.000
213.208333 214.208333   6.647   4.125 0.000
216.208333 217.208333  18.858  12.919 0.000
219.208333 220.208333   6.339   3.513 0.000
222.208333 223.208333   4.174   2.110 0.000
225.208333 226.208333   6.550   4.222 0.000
228.208333 229.208333   7.266   4.245 0.000
231.208333 232.208333   3.866   1.740 0.000
234.208333 235.208333  34.497  23.928 0.000
237.208333 238.208333   5.525   2.981 0.000
240.208333 241.208333  11.951   5.618 0.000
243.208333 244.208333  10.118   6.554 0.000
246.208333 247.208333  16.137  11.331 0.000
249.208333 250.208333   4.236   2.561 0.000
252.208333 253.208333   3.314   1.874 0.000
255.208333 256.208333  19.366  15.509 0.000
258.208333 259.208333   4.622   2.642 0.000
261.208333 262.208333   5.393   2.158 0.000
264.208333 265.208333   4.989   2.483 0.000
267.208333 268.208333  24.706  16.648 0.000
270.208333 271.208333   4.083   2.530 0.000
273.208333 274.208333   4.683   2.857 0.000
276.208333 277.208333   1.552   1.015 0.000
279.208333 280.208333   5.872   2.742 0.000
282.208333 283.208333   8.580   3.171 0.000
285.208333 286.208333  20.125  14.525 0.000
288.208333 289.208333  10.634   4.950 0.000
291.208333 292.208333   5.351   3.981 0.000
294.208333 295.208333   1.152   0.740 0.000
297.208333 298.208333  11.432   7.275 0.000
300.208333 301.208333   2.036   1.495 0.000
303.208333 304.208333   8.969   4.607 0.000
306.208333 307.208333   8.280   5.983 0.000
309.208333 310.208333  34.184  22.618 0.000
312.208333 313.208333   5.850   4.433 0.000
315.208333 316.208333   1.887   1.362 0.000
318.208333 319.208333   9.194   7.012 0.000
321.208333 322.208333   2.483   1.800 0.000
324.208333 325.208333   3.021   1.959 0.000
327.208333 328.208333  22.354  19.268 0.000
330.208333 331.208333   5.038   4.843 0.000
333.208333 334.208333  13.777  11.313 0.000
336.208333 337.208333   7.900   6.875 0.000
339.208333 340.208333  10.441   7.620 0.000
342.208333 343.208333   6.710   6.051 0.000
345.208333 346.208333  17.300  14.387 0.000
348.208333 349.208333   7.922   6.301 0.000
351.208333 352.208333   7.418   6.310 0.000
354.208333 355.208333   5.703   6.452 0.000
357.208333 358.208333   9.204  10.063 0.000
360.208333 361.208333  13.732  11.386 0.000
363.208333 364.208333   8.453   4.763 0.000
