scripts/IMPROVE-2019_partial/data/CA0011R.20120101050000.20191216000000.filterpack...52w.3d.US03L_filterpack_CA0011.US03L_IMPROVE_Davis.lev2.nas
60 1001
MISSING INFORMATION
US03L, IMPROVE, , , , , , , 
MISSING INFORMATION
IMPROVE sel_HTAP
1 1
2012 01 01 2019 12 16
3.000000
days from file reference point
5
1 1 1 1 1
999.999999 999.999 9.999 999.999 9.999
end_time of measurement, days from the file reference point
pm10_mass, ug/m3, Matrix=pm10
numflag pm10_mass, no unit, Matrix=pm10
pm25_mass, ug/m3, Matrix=pm25
numflag pm25_mass, no unit, Matrix=pm25
0
41
Data definition:              EBAS_1.1
Set type code:                TU
Timezone:                     UTC
File name:                    CA0011R.20120101050000.20191216000000.filterpack...52w.3d.US03L_filterpack_CA0011.US03L_IMPROVE_Davis.lev2.nas
File creation:                20191218115558
Startdate:                    20120101050000
Revision date:                20191216000000
Version:                      2
Version description:          "Data extracted from http://views.cira.colostate.edu/fed/DataWizard 2019-12-16"
Statistics:                   arithmetic mean
Data level:                   2
Period code:                  52w
Resolution code:              3d
Sample duration:              1d
Orig. time res.:              3d
Station code:                 CA0011R
Platform code:                CA0011S
Station name:                 Egbert
Station WDCA-ID:              GAWACAONEGB
Station GAW-ID:               EGB
Station GAW-Name:             Egbert
Station state/province:       ON
Station land use:             Agricultural
Station setting:              Rural
Station GAW type:             R
Station WMO region:           4
Station latitude:             44.231006
Station longitude:            -79.783839
Station altitude:             255.0 m
Regime:                       IMG
Component:                    
Unit:                         ug/m3
Matrix:                       
Laboratory code:              US03L
Instrument type:              filterpack
Instrument name:              filterpack_CA0011
Method ref:                   US03L_IMPROVE_Davis
Blank correction:             Blank corrected
Volume std. temperature:      ambient
Volume std. pressure:         ambient
starttime endtime PM10 flag_PM10 PM2.5 flag_PM2.5
  0.208333   1.208333 999.999 0.999 999.999 0.999
  3.208333   4.208333  12.879 0.000   8.230 0.000
  6.208333   7.208333   3.991 0.000   2.913 0.000
  9.208333  10.208333   4.503 0.000   3.466 0.000
 12.208333  13.208333   2.960 0.000   2.201 0.000
 15.208333  16.208333  14.959 0.000  11.436 0.000
 18.208333  19.208333   6.200 0.000   3.009 0.000
 21.208333  22.208333   8.695 0.000   6.520 0.000
 24.208333  25.208333   5.042 0.000   4.240 0.000
 27.208333  28.208333   6.262 0.000   5.249 0.000
 30.208333  31.208333  16.953 0.000  12.746 0.000
 33.208333  34.208333   4.528 0.000   3.566 0.000
 36.208333  37.208333   7.406 0.000   6.281 0.000
 39.208333  40.208333  15.431 0.000  10.044 0.000
 42.208333  43.208333   2.327 0.000   1.325 0.000
 45.208333  46.208333  16.223 0.000  14.519 0.000
 48.208333  49.208333   3.102 0.000   2.866 0.000
 51.208333  52.208333   8.079 0.000   7.117 0.000
 54.208333  55.208333   3.645 0.000   3.110 0.000
 57.208333  58.208333   7.376 0.000   4.777 0.000
 60.208333  61.208333   7.053 0.000   5.755 0.000
 63.208333  64.208333   5.180 0.000   2.855 0.000
 66.208333  67.208333  16.982 0.000   9.047 0.000
 69.208333  70.208333   6.852 0.000   4.310 0.000
 72.208333  73.208333   6.739 0.000   4.178 0.000
 75.208333  76.208333   9.371 0.000   7.240 0.000
 78.208333  79.208333  21.617 0.000  16.805 0.000
 81.208333  82.208333  15.111 0.000  10.784 0.000
 84.208333  85.208333   4.589 0.000   2.170 0.000
 87.208333  88.208333   4.807 0.000   2.167 0.000
 90.208333  91.208333   5.682 0.000   2.736 0.000
 93.208333  94.208333  12.334 0.000   4.730 0.000
 96.208333  97.208333   4.843 0.000   2.495 0.000
 99.208333 100.208333   6.757 0.000   2.505 0.000
102.208333 103.208333   3.832 0.000   1.644 0.000
105.208333 106.208333  22.602 0.000  16.523 0.000
108.208333 109.208333  14.697 0.000   5.765 0.000
111.208333 112.208333   2.821 0.000   1.963 0.000
114.208333 115.208333   2.487 0.000   1.966 0.000
117.208333 118.208333   5.615 0.000   3.417 0.000
120.208333 121.208333   9.695 0.000   6.322 0.000
123.208333 124.208333   9.182 0.000   5.375 0.000
126.208333 127.208333   9.700 0.000   4.756 0.000
129.208333 130.208333   6.370 0.000   3.574 0.000
132.208333 133.208333  15.332 0.000   5.761 0.000
135.208333 136.208333  21.658 0.000   6.263 0.000
138.208333 139.208333  24.946 0.000   5.898 0.000
141.208333 142.208333  13.847 0.000   5.765 0.000
144.208333 145.208333  24.008 0.000   9.510 0.000
147.208333 148.208333  19.935 0.000   8.905 0.000
150.208333 151.208333   6.466 0.000   1.446 0.000
153.208333 154.208333   6.578 0.000   3.265 0.000
156.208333 157.208333   7.617 0.000   3.193 0.000
159.208333 160.208333  12.769 0.000   7.049 0.000
162.208333 163.208333  23.975 0.000  17.058 0.000
165.208333 166.208333  10.658 0.000   3.763 0.000
168.208333 169.208333  18.920 0.000  13.957 0.000
171.208333 172.208333  23.990 0.000  14.505 0.000
174.208333 175.208333   7.456 0.000   4.580 0.000
177.208333 178.208333   7.979 0.000   4.471 0.000
180.208333 181.208333  13.772 0.000   4.778 0.000
183.208333 184.208333  10.137 0.000   6.235 0.000
186.208333 187.208333 999.999 0.456  13.941 0.659
189.208333 190.208333 999.999 0.999 999.999 0.999
192.208333 193.208333 999.999 0.999 999.999 0.999
195.208333 196.208333  18.119 0.000 999.999 0.999
198.208333 199.208333  16.306 0.000   9.328 0.000
201.208333 202.208333   7.543 0.000   2.872 0.000
204.208333 205.208333  21.616 0.000  11.288 0.000
207.208333 208.208333  10.297 0.000   6.266 0.000
210.208333 211.208333   7.880 0.000   4.590 0.000
213.208333 214.208333   8.816 0.000   5.847 0.000
216.208333 217.208333  22.347 0.000  17.022 0.000
219.208333 220.208333  12.505 0.000   7.118 0.000
222.208333 223.208333   6.937 0.000   4.161 0.000
225.208333 226.208333   9.040 0.000   5.639 0.000
228.208333 229.208333  16.131 0.000   9.517 0.000
231.208333 232.208333   5.801 0.000   3.484 0.000
234.208333 235.208333  12.469 0.000   6.271 0.000
237.208333 238.208333  27.274 0.000  20.879 0.000
240.208333 241.208333   6.526 0.000   3.085 0.000
243.208333 244.208333  16.731 0.000   8.552 0.000
246.208333 247.208333  19.748 0.000  16.245 0.000
249.208333 250.208333  11.176 0.000   6.040 0.000
252.208333 253.208333   3.683 0.000   1.832 0.000
255.208333 256.208333  15.883 0.000   9.581 0.000
258.208333 259.208333   3.458 0.000   2.107 0.000
261.208333 262.208333   2.847 0.000   1.263 0.000
264.208333 265.208333  15.719 0.000   4.855 0.000
267.208333 268.208333   8.799 0.000   2.713 0.000
270.208333 271.208333   9.023 0.000   2.916 0.000
273.208333 274.208333   5.034 0.000   2.668 0.000
276.208333 277.208333  16.419 0.000  11.770 0.000
279.208333 280.208333   2.783 0.000   0.852 0.000
282.208333 283.208333  17.166 0.000   9.763 0.000
285.208333 286.208333   4.416 0.000   2.154 0.000
288.208333 289.208333   1.313 0.000   0.666 0.000
291.208333 292.208333   9.400 0.000   5.077 0.000
294.208333 295.208333  15.416 0.000   8.161 0.000
297.208333 298.208333  13.509 0.000   8.621 0.000
300.208333 301.208333   2.160 0.000   1.357 0.000
303.208333 304.208333   1.150 0.000   0.548 0.000
306.208333 307.208333   1.149 0.000   0.731 0.000
309.208333 310.208333   3.717 0.000   2.473 0.000
312.208333 313.208333   9.556 0.000   6.256 0.000
315.208333 316.208333  14.962 0.000  10.419 0.000
318.208333 319.208333  11.186 0.000   5.988 0.000
321.208333 322.208333  21.380 0.000  17.448 0.000
324.208333 325.208333  30.081 0.000  21.827 0.000
327.208333 328.208333   6.222 0.000   3.709 0.000
330.208333 331.208333   2.568 0.000   2.131 0.000
333.208333 334.208333  10.383 0.000   6.360 0.000
336.208333 337.208333  11.189 0.000   9.640 0.000
339.208333 340.208333   5.124 0.000   3.100 0.000
342.208333 343.208333   4.278 0.000   3.858 0.000
345.208333 346.208333   7.234 0.000   5.092 0.000
348.208333 349.208333   8.460 0.000   5.817 0.000
351.208333 352.208333   5.864 0.000   4.603 0.000
354.208333 355.208333   4.130 0.000   2.507 0.000
357.208333 358.208333   2.880 0.000   2.018 0.000
360.208333 361.208333   7.239 0.000   1.149 0.000
363.208333 364.208333   7.528 0.000   2.639 0.000
