scripts/IMPROVE-2019_partial/data/CA0011R.20150103050000.20191216000000.filterpack...1y.3d.US03L_filterpack_CA0011.US03L_IMPROVE_Davis.lev2.nas
60 1001
MISSING INFORMATION
US03L, IMPROVE, , , , , , , 
MISSING INFORMATION
IMPROVE sel_HTAP
1 1
2015 01 01 2019 12 16
3.000000
days from file reference point
5
1 1 1 1 1
999.999999 999.999 9.999 999.999 9.999
end_time of measurement, days from the file reference point
pm10_mass, ug/m3, Matrix=pm10
numflag pm10_mass, no unit, Matrix=pm10
pm25_mass, ug/m3, Matrix=pm25
numflag pm25_mass, no unit, Matrix=pm25
0
41
Data definition:              EBAS_1.1
Set type code:                TU
Timezone:                     UTC
File name:                    CA0011R.20150103050000.20191216000000.filterpack...1y.3d.US03L_filterpack_CA0011.US03L_IMPROVE_Davis.lev2.nas
File creation:                20191218115558
Startdate:                    20150103050000
Revision date:                20191216000000
Version:                      2
Version description:          "Data extracted from http://views.cira.colostate.edu/fed/DataWizard 2019-12-16"
Statistics:                   arithmetic mean
Data level:                   2
Period code:                  1y
Resolution code:              3d
Sample duration:              1d
Orig. time res.:              3d
Station code:                 CA0011R
Platform code:                CA0011S
Station name:                 Egbert
Station WDCA-ID:              GAWACAONEGB
Station GAW-ID:               EGB
Station GAW-Name:             Egbert
Station state/province:       ON
Station land use:             Agricultural
Station setting:              Rural
Station GAW type:             R
Station WMO region:           4
Station latitude:             44.231006
Station longitude:            -79.783839
Station altitude:             255.0 m
Regime:                       IMG
Component:                    
Unit:                         ug/m3
Matrix:                       
Laboratory code:              US03L
Instrument type:              filterpack
Instrument name:              filterpack_CA0011
Method ref:                   US03L_IMPROVE_Davis
Blank correction:             Blank corrected
Volume std. temperature:      ambient
Volume std. pressure:         ambient
starttime endtime PM10 flag_PM10 PM2.5 flag_PM2.5
  2.208333   3.208333   8.714 0.000   4.586 0.000
  5.208333   6.208333  11.461 0.000   5.331 0.000
  8.208333   9.208333   9.041 0.000   2.469 0.000
 11.208333  12.208333   7.915 0.000   3.621 0.000
 14.208333  15.208333  25.710 0.000  16.245 0.000
 17.208333  18.208333   7.143 0.000   5.118 0.000
 20.208333  21.208333  18.944 0.000  10.414 0.000
 23.208333  24.208333  12.963 0.000  10.668 0.000
 26.208333  27.208333   7.518 0.000   2.581 0.000
 29.208333  30.208333   7.660 0.000   1.880 0.000
 32.208333  33.208333   5.704 0.000   2.711 0.000
 35.208333  36.208333  10.089 0.000   5.799 0.000
 38.208333  39.208333   4.702 0.000   2.970 0.000
 41.208333  42.208333  16.558 0.000   9.092 0.000
 44.208333  45.208333  10.091 0.000   4.188 0.000
 47.208333  48.208333  30.133 0.000 999.999 0.456
 50.208333  51.208333  20.215 0.000   7.800 0.000
 53.208333  54.208333  11.201 0.000   7.066 0.000
 56.208333  57.208333  10.968 0.000   4.879 0.000
 59.208333  60.208333  21.724 0.000  15.964 0.000
 62.208333  63.208333   8.915 0.000   3.940 0.000
 65.208333  66.208333  32.214 0.000  25.687 0.000
 68.208333  69.208333  26.598 0.000  20.963 0.000
 71.208333  72.208333  18.232 0.000   8.179 0.000
 74.208333  75.208333  12.325 0.000   8.264 0.000
 77.208333  78.208333  10.331 0.000   3.368 0.000
 80.208333  81.208333   5.787 0.000   2.999 0.000
 83.208333  84.208333  14.288 0.000  10.489 0.000
 86.208333  87.208333   4.043 0.000   2.154 0.000
 89.208333  90.208333   5.119 0.000   2.956 0.000
 92.208333  93.208333   5.824 0.000   2.181 0.000
 95.208333  96.208333   9.139 0.000   4.950 0.000
 98.208333  99.208333   9.419 0.000   7.567 0.000
101.208333 102.208333  11.983 0.000   7.440 0.000
104.208333 105.208333   6.076 0.000   2.090 0.000
107.208333 108.208333   5.074 0.000   2.345 0.000
110.208333 111.208333   3.777 0.000   2.857 0.000
113.208333 114.208333   2.802 0.000   2.094 0.000
116.208333 117.208333   2.651 0.000   1.773 0.000
119.208333 120.208333  12.082 0.000   4.403 0.000
122.208333 123.208333  24.581 0.000   9.794 0.000
125.208333 126.208333  14.953 0.000   4.955 0.000
128.208333 129.208333  19.017 0.000   9.979 0.000
131.208333 132.208333   3.432 0.000   1.416 0.000
134.208333 135.208333  27.659 0.000  15.819 0.000
137.208333 138.208333  14.321 0.000   5.934 0.000
140.208333 141.208333   9.395 0.000   3.646 0.000
143.208333 144.208333  15.956 0.000   7.672 0.000
146.208333 147.208333  11.327 0.000   4.353 0.000
149.208333 150.208333   6.999 0.000   3.692 0.000
152.208333 153.208333   9.336 0.000   3.223 0.000
155.208333 156.208333  12.104 0.000   7.019 0.000
158.208333 159.208333   6.532 0.000   3.205 0.000
161.208333 162.208333   6.910 0.000   4.070 0.000
164.208333 165.208333   7.542 0.000   5.360 0.000
167.208333 168.208333   9.326 0.000   3.263 0.000
170.208333 171.208333  14.002 0.000   8.114 0.000
173.208333 174.208333   5.133 0.000   2.115 0.000
176.208333 177.208333   7.462 0.000   4.034 0.000
179.208333 180.208333  12.013 0.000   7.781 0.000
182.208333 183.208333   6.101 0.000   3.618 0.000
185.208333 186.208333  24.195 0.000  19.438 0.000
188.208333 189.208333  12.155 0.000   8.277 0.000
191.208333 192.208333  15.967 0.000  11.850 0.000
194.208333 195.208333  10.784 0.000   6.665 0.000
197.208333 198.208333  14.811 0.000  10.916 0.000
200.208333 201.208333  12.540 0.000   6.615 0.000
203.208333 204.208333   7.194 0.000   3.396 0.000
206.208333 207.208333  10.457 0.000   7.285 0.000
209.208333 210.208333  20.208 0.000   9.925 0.000
212.208333 213.208333   7.006 0.000   3.913 0.000
215.208333 216.208333   3.356 0.000   1.521 0.000
218.208333 219.208333   8.517 0.000   4.074 0.000
221.208333 222.208333   9.961 0.000   6.121 0.000
224.208333 225.208333  14.553 0.000   7.092 0.000
227.208333 228.208333  14.670 0.000   9.318 0.000
230.208333 231.208333  18.188 0.000  12.402 0.000
233.208333 234.208333   7.700 0.000   4.487 0.000
236.208333 237.208333   3.289 0.000   1.660 0.000
239.208333 240.208333   9.915 0.000   6.130 0.000
242.208333 243.208333  15.781 0.000  12.264 0.000
245.208333 246.208333  19.658 0.000  12.969 0.000
248.208333 249.208333  17.400 0.000  12.074 0.000
251.208333 252.208333   9.014 0.000   3.700 0.000
254.208333 255.208333   3.686 0.000   1.430 0.000
257.208333 258.208333  19.077 0.000   7.918 0.000
260.208333 261.208333  21.531 0.000  13.648 0.000
263.208333 264.208333   7.235 0.000   2.935 0.000
266.208333 267.208333  17.881 0.000   7.674 0.000
269.208333 270.208333  14.225 0.000   6.245 0.000
272.208333 273.208333   7.184 0.000   1.052 0.000
275.208333 276.208333   7.482 0.000   1.631 0.000
278.208333 279.208333   5.417 0.000   3.489 0.000
281.208333 282.208333   4.409 0.000   2.428 0.000
284.208333 285.208333  15.021 0.000   6.025 0.000
287.208333 288.208333   5.350 0.000   2.043 0.000
290.208333 291.208333   2.979 0.000   2.166 0.000
293.208333 294.208333  14.888 0.000   7.570 0.000
296.208333 297.208333   5.683 0.000   3.924 0.000
299.208333 300.208333   6.573 0.000   2.752 0.000
302.208333 303.208333   3.692 0.000   1.986 0.000
305.208333 306.208333  10.333 0.000   4.748 0.000
308.208333 309.208333  15.866 0.000   8.734 0.000
311.208333 312.208333   5.273 0.000   4.173 0.000
314.208333 315.208333  19.296 0.000  17.163 0.000
317.208333 318.208333   4.103 0.000   2.679 0.000
320.208333 321.208333  10.934 0.000   4.408 0.000
323.208333 324.208333   7.517 0.000   3.316 0.000
326.208333 327.208333  11.860 0.000   8.991 0.000
329.208333 330.208333   8.852 0.000   4.634 0.000
332.208333 333.208333   4.306 0.000   2.961 0.000
335.208333 336.208333   5.631 0.000   4.720 0.000
338.208333 339.208333  17.344 0.000  14.813 0.000
341.208333 342.208333  26.123 0.000  21.554 0.000
344.208333 345.208333   5.327 0.000   3.263 0.000
347.208333 348.208333   7.289 0.000   5.259 0.000
350.208333 351.208333   3.740 0.000   2.520 0.000
353.208333 354.208333   7.779 0.000   4.347 0.000
356.208333 357.208333   6.186 0.000   3.841 0.000
359.208333 360.208333   2.671 0.000   2.166 0.000
362.208333 363.208333   3.439 0.000   4.138 0.000
