scripts/IMPROVE-2019_partial/data/CA0011R.20130101050000.20191216000000.filterpack...52w.3d.US03L_filterpack_CA0011.US03L_IMPROVE_Davis.lev2.nas
59 1001
MISSING INFORMATION
US03L, IMPROVE, , , , , , , 
MISSING INFORMATION
IMPROVE sel_HTAP
1 1
2013 01 01 2019 12 16
3.000000
days from file reference point
4
1 1 1 1
999.999999 999.999 999.999 9.999
end_time of measurement, days from the file reference point
pm10_mass, ug/m3, Matrix=pm10
pm25_mass, ug/m3, Matrix=pm25
numflag, no unit
0
41
Data definition:              EBAS_1.1
Set type code:                TU
Timezone:                     UTC
File name:                    CA0011R.20130101050000.20191216000000.filterpack...52w.3d.US03L_filterpack_CA0011.US03L_IMPROVE_Davis.lev2.nas
File creation:                20191218115558
Startdate:                    20130101050000
Revision date:                20191216000000
Version:                      2
Version description:          "Data extracted from http://views.cira.colostate.edu/fed/DataWizard 2019-12-16"
Statistics:                   arithmetic mean
Data level:                   2
Period code:                  52w
Resolution code:              3d
Sample duration:              1d
Orig. time res.:              3d
Station code:                 CA0011R
Platform code:                CA0011S
Station name:                 Egbert
Station WDCA-ID:              GAWACAONEGB
Station GAW-ID:               EGB
Station GAW-Name:             Egbert
Station state/province:       ON
Station land use:             Agricultural
Station setting:              Rural
Station GAW type:             R
Station WMO region:           4
Station latitude:             44.231006
Station longitude:            -79.783839
Station altitude:             255.0 m
Regime:                       IMG
Component:                    
Unit:                         ug/m3
Matrix:                       
Laboratory code:              US03L
Instrument type:              filterpack
Instrument name:              filterpack_CA0011
Method ref:                   US03L_IMPROVE_Davis
Blank correction:             Blank corrected
Volume std. temperature:      ambient
Volume std. pressure:         ambient
starttime endtime PM10 PM2.5 flag
  0.208333   1.208333   9.007   2.697 0.000
  3.208333   4.208333  17.704   4.863 0.000
  6.208333   7.208333  19.855  12.431 0.000
  9.208333  10.208333  12.160   4.417 0.000
 12.208333  13.208333   4.255   2.803 0.000
 15.208333  16.208333  15.959   6.336 0.000
 18.208333  19.208333   9.913   6.363 0.000
 21.208333  22.208333   4.134   2.141 0.000
 24.208333  25.208333  16.118   7.264 0.000
 27.208333  28.208333  11.571   9.743 0.000
 30.208333  31.208333   8.804   1.723 0.000
 33.208333  34.208333   8.291   4.008 0.000
 36.208333  37.208333  16.507   3.392 0.000
 39.208333  40.208333  13.336   7.093 0.000
 42.208333  43.208333   8.980   4.668 0.000
 45.208333  46.208333   5.633   2.284 0.000
 48.208333  49.208333   8.621   4.844 0.000
 51.208333  52.208333   7.019   2.472 0.000
 54.208333  55.208333   7.450   5.362 0.000
 57.208333  58.208333   7.573   0.862 0.000
 60.208333  61.208333   5.896   1.980 0.000
 63.208333  64.208333  16.253   3.511 0.000
 66.208333  67.208333   8.776   2.347 0.000
 69.208333  70.208333  12.399   7.825 0.000
 72.208333  73.208333   4.530   2.407 0.000
 75.208333  76.208333   4.197   2.339 0.000
 78.208333  79.208333   3.706   2.018 0.000
 81.208333  82.208333   1.526   1.045 0.000
 84.208333  85.208333   4.328   2.208 0.000
 87.208333  88.208333   4.173   1.965 0.000
 90.208333  91.208333   2.903   0.985 0.000
 93.208333  94.208333  14.732   7.929 0.000
 96.208333  97.208333   6.242   3.882 0.000
 99.208333 100.208333   3.643   2.867 0.000
102.208333 103.208333   1.650   1.773 0.000
105.208333 106.208333   3.194   1.754 0.000
108.208333 109.208333   5.371   2.999 0.000
111.208333 112.208333  12.186   5.588 0.000
114.208333 115.208333   8.932   5.171 0.000
117.208333 118.208333  13.640   8.719 0.000
120.208333 121.208333 999.999 999.999 0.999
123.208333 124.208333  13.383   4.741 0.000
126.208333 127.208333  21.046   5.721 0.000
129.208333 130.208333   3.984   2.053 0.000
132.208333 133.208333   3.919   2.354 0.000
135.208333 136.208333   9.900   1.814 0.000
138.208333 139.208333  19.764  12.494 0.000
141.208333 142.208333  14.508   8.011 0.000
144.208333 145.208333   5.979   1.752 0.000
147.208333 148.208333  12.555   9.027 0.000
150.208333 151.208333  15.067   7.424 0.000
153.208333 154.208333   5.475   1.565 0.000
156.208333 157.208333   5.401   1.707 0.000
159.208333 160.208333   8.753   5.583 0.000
162.208333 163.208333  12.591   5.469 0.000
165.208333 166.208333  16.815  12.160 0.000
168.208333 169.208333   6.852   3.328 0.000
171.208333 172.208333  25.501  10.780 0.000
174.208333 175.208333  25.509  17.981 0.000
177.208333 178.208333  18.234   9.788 0.000
180.208333 181.208333  13.985  11.068 0.000
183.208333 184.208333  30.785  24.056 0.000
186.208333 187.208333  18.752  14.194 0.000
189.208333 190.208333  22.201  17.037 0.000
192.208333 193.208333   8.602   4.252 0.000
195.208333 196.208333  17.109  12.943 0.000
198.208333 199.208333  18.512  10.140 0.000
201.208333 202.208333   9.484   5.946 0.000
204.208333 205.208333   6.130   3.562 0.000
207.208333 208.208333  16.091  10.123 0.000
210.208333 211.208333   5.973   3.204 0.000
213.208333 214.208333   8.903   5.590 0.000
216.208333 217.208333   6.901   3.510 0.000
219.208333 220.208333  10.667   7.417 0.000
222.208333 223.208333   8.068   4.137 0.000
225.208333 226.208333   4.337   1.897 0.000
228.208333 229.208333  16.608  10.926 0.000
231.208333 232.208333  25.061  16.382 0.000
234.208333 235.208333   6.176   3.363 0.000
237.208333 238.208333  15.315  12.388 0.000
240.208333 241.208333  15.042   9.175 0.000
243.208333 244.208333  14.293  10.564 0.000
246.208333 247.208333   5.995   2.502 0.000
249.208333 250.208333   9.909   6.473 0.000
252.208333 253.208333  28.101  13.192 0.000
255.208333 256.208333   2.843   1.022 0.000
258.208333 259.208333   2.941   1.140 0.000
261.208333 262.208333  29.262  23.498 0.000
264.208333 265.208333   2.502   1.455 0.000
267.208333 268.208333   6.567   3.429 0.000
270.208333 271.208333  12.046   7.488 0.000
273.208333 274.208333  18.043   9.742 0.000
276.208333 277.208333  10.818   5.133 0.000
279.208333 280.208333   5.304   2.262 0.000
282.208333 283.208333  10.415   4.119 0.000
285.208333 286.208333   7.654   3.632 0.000
288.208333 289.208333   9.225   4.847 0.000
291.208333 292.208333   3.876   2.365 0.000
294.208333 295.208333   2.192   0.816 0.000
297.208333 298.208333   4.878   2.434 0.000
300.208333 301.208333   3.640   1.741 0.000
303.208333 304.208333   6.920   5.272 0.000
306.208333 307.208333   5.317   3.220 0.000
309.208333 310.208333   6.721   3.026 0.000
312.208333 313.208333   9.046   5.447 0.000
315.208333 316.208333   4.096   1.483 0.000
318.208333 319.208333  25.014  13.332 0.000
321.208333 322.208333   2.745   1.112 0.000
324.208333 325.208333  20.785  11.639 0.000
327.208333 328.208333   4.479   1.811 0.000
330.208333 331.208333   6.120   1.308 0.000
333.208333 334.208333  18.182  14.700 0.000
336.208333 337.208333   7.756   4.862 0.000
339.208333 340.208333   9.103   2.380 0.000
342.208333 343.208333  17.215   8.054 0.000
345.208333 346.208333  20.483   6.398 0.000
348.208333 349.208333   6.409   3.990 0.000
351.208333 352.208333  10.114   7.964 0.000
354.208333 355.208333   4.785   4.501 0.000
357.208333 358.208333   4.528   3.267 0.000
360.208333 361.208333  15.391  11.405 0.000
363.208333 364.208333  10.322   5.188 0.000
