scripts/IMPROVE-2019_partial/data/CA0011R.20140102050000.20191216000000.filterpack...52w.3d.US03L_filterpack_CA0011.US03L_IMPROVE_Davis.lev2.nas
60 1001
MISSING INFORMATION
US03L, IMPROVE, , , , , , , 
MISSING INFORMATION
IMPROVE sel_HTAP
1 1
2014 01 01 2019 12 16
3.000000
days from file reference point
5
1 1 1 1 1
999.999999 999.999 9.999 999.999 9.999
end_time of measurement, days from the file reference point
pm10_mass, ug/m3, Matrix=pm10
numflag pm10_mass, no unit, Matrix=pm10
pm25_mass, ug/m3, Matrix=pm25
numflag pm25_mass, no unit, Matrix=pm25
0
41
Data definition:              EBAS_1.1
Set type code:                TU
Timezone:                     UTC
File name:                    CA0011R.20140102050000.20191216000000.filterpack...52w.3d.US03L_filterpack_CA0011.US03L_IMPROVE_Davis.lev2.nas
File creation:                20191218115558
Startdate:                    20140102050000
Revision date:                20191216000000
Version:                      2
Version description:          "Data extracted from http://views.cira.colostate.edu/fed/DataWizard 2019-12-16"
Statistics:                   arithmetic mean
Data level:                   2
Period code:                  52w
Resolution code:              3d
Sample duration:              1d
Orig. time res.:              3d
Station code:                 CA0011R
Platform code:                CA0011S
Station name:                 Egbert
Station WDCA-ID:              GAWACAONEGB
Station GAW-ID:               EGB
Station GAW-Name:             Egbert
Station state/province:       ON
Station land use:             Agricultural
Station setting:              Rural
Station GAW type:             R
Station WMO region:           4
Station latitude:             44.231006
Station longitude:            -79.783839
Station altitude:             255.0 m
Regime:                       IMG
Component:                    
Unit:                         ug/m3
Matrix:                       
Laboratory code:              US03L
Instrument type:              filterpack
Instrument name:              filterpack_CA0011
Method ref:                   US03L_IMPROVE_Davis
Blank correction:             Blank corrected
Volume std. temperature:      ambient
Volume std. pressure:         ambient
starttime endtime PM10 flag_PM10 PM2.5 flag_PM2.5
  1.208333   2.208333   6.235 0.000   2.518 0.000
  4.208333   5.208333  12.106 0.000  11.373 0.000
  7.208333   8.208333  16.068 0.000  12.962 0.000
 10.208333  11.208333   3.075 0.000   2.741 0.000
 13.208333  14.208333  12.775 0.000   8.927 0.000
 16.208333  17.208333  15.256 0.000  10.699 0.000
 19.208333  20.208333   2.587 0.000   1.550 0.000
 22.208333  23.208333   5.325 0.000   3.188 0.000
 25.208333  26.208333   8.166 0.000   6.122 0.000
 28.208333  29.208333  18.784 0.000  11.142 0.000
 31.208333  32.208333  18.476 0.000  16.198 0.000
 34.208333  35.208333  23.899 0.000  15.861 0.000
 37.208333  38.208333  20.736 0.000  14.275 0.000
 40.208333  41.208333   6.862 0.000   4.100 0.000
 43.208333  44.208333  35.937 0.000  20.644 0.000
 46.208333  47.208333   4.136 0.000   2.572 0.000
 49.208333  50.208333  20.372 0.000  18.037 0.000
 52.208333  53.208333   5.710 0.000   4.160 0.000
 55.208333  56.208333   6.149 0.000   3.268 0.000
 58.208333  59.208333  23.051 0.000   7.351 0.000
 61.208333  62.208333   8.511 0.000   3.930 0.000
 64.208333  65.208333  15.373 0.000   8.065 0.000
 67.208333  68.208333  12.284 0.000   9.964 0.000
 70.208333  71.208333 999.999 0.999 999.999 0.999
 73.208333  74.208333   4.207 0.000   2.530 0.000
 76.208333  77.208333  17.654 0.000   6.876 0.000
 79.208333  80.208333  11.418 0.000   5.505 0.000
 82.208333  83.208333  11.882 0.000   6.575 0.000
 85.208333  86.208333  20.648 0.000  13.434 0.000
 88.208333  89.208333   4.241 0.000   2.594 0.000
 91.208333  92.208333   5.091 0.000   3.193 0.000
 94.208333  95.208333   3.993 0.000   2.755 0.000
 97.208333  98.208333   6.418 0.000   4.946 0.000
100.208333 101.208333   5.548 0.000   2.817 0.000
103.208333 104.208333   4.448 0.000   2.700 0.000
106.208333 107.208333  14.690 0.000   6.648 0.000
109.208333 110.208333  12.753 0.000   8.118 0.000
112.208333 113.208333   4.602 0.000   2.874 0.000
115.208333 116.208333   3.290 0.000   2.640 0.000
118.208333 119.208333   4.137 0.000   2.071 0.000
121.208333 122.208333   6.591 0.000   4.426 0.000
124.208333 125.208333   3.969 0.000   2.418 0.000
127.208333 128.208333  18.695 0.000   5.194 0.000
130.208333 131.208333  12.926 0.000   5.712 0.000
133.208333 134.208333   5.095 0.000   2.131 0.000
136.208333 137.208333   5.977 0.000   4.078 0.000
139.208333 140.208333  18.356 0.000  10.808 0.000
142.208333 143.208333   8.858 0.000   4.363 0.000
145.208333 146.208333 999.999 0.456  10.714 0.000
148.208333 149.208333  14.636 0.000   3.274 0.000
151.208333 152.208333  24.830 0.000   9.276 0.000
154.208333 155.208333   7.737 0.000   1.730 0.000
157.208333 158.208333  15.296 0.000   7.119 0.000
160.208333 161.208333  17.617 0.000   6.648 0.000
163.208333 164.208333  10.640 0.000   1.667 0.000
166.208333 167.208333  18.096 0.000   9.191 0.000
169.208333 170.208333  10.952 0.000   2.433 0.000
172.208333 173.208333   9.825 0.000   4.314 0.000
175.208333 176.208333   9.296 0.000   4.357 0.000
178.208333 179.208333  19.940 0.000  13.306 0.000
181.208333 182.208333  11.568 0.000   5.597 0.000
184.208333 185.208333   6.401 0.000   2.874 0.000
187.208333 188.208333  11.374 0.000   6.963 0.000
190.208333 191.208333   6.314 0.000   2.990 0.000
193.208333 194.208333  11.222 0.000   7.760 0.000
196.208333 197.208333   4.516 0.000   1.924 0.000
199.208333 200.208333  15.896 0.000  10.663 0.000
202.208333 203.208333  22.335 0.000  14.125 0.000
205.208333 206.208333  13.923 0.000   7.898 0.000
208.208333 209.208333   4.717 0.000   2.061 0.000
211.208333 212.208333  12.968 0.000   8.517 0.000
214.208333 215.208333  23.773 0.000  19.396 0.000
217.208333 218.208333  11.154 0.000   8.171 0.000
220.208333 221.208333  13.540 0.000  10.250 0.000
223.208333 224.208333  11.064 0.000   8.356 0.000
226.208333 227.208333   6.560 0.000   3.553 0.000
229.208333 230.208333  11.718 0.000   7.110 0.000
232.208333 233.208333   6.618 0.000   4.684 0.000
235.208333 236.208333   9.212 0.000   4.075 0.000
238.208333 239.208333   4.266 0.000   1.540 0.000
241.208333 242.208333  20.067 0.000  13.076 0.000
244.208333 245.208333   8.985 0.000   4.688 0.000
247.208333 248.208333  13.929 0.000   8.457 0.000
250.208333 251.208333  10.803 0.000   4.766 0.000
253.208333 254.208333   3.301 0.000   0.943 0.000
256.208333 257.208333   7.222 0.000   5.528 0.000
259.208333 260.208333   9.687 0.000   4.487 0.000
262.208333 263.208333  15.503 0.000  10.378 0.000
265.208333 266.208333   6.291 0.000   3.818 0.000
268.208333 269.208333  14.213 0.000   9.632 0.000
271.208333 272.208333  17.143 0.000  10.417 0.000
274.208333 275.208333  21.215 0.000  15.570 0.000
277.208333 278.208333   6.511 0.000   3.477 0.000
280.208333 281.208333   5.158 0.000   2.428 0.000
283.208333 284.208333   3.703 0.000   2.175 0.000
286.208333 287.208333  10.434 0.000   4.965 0.000
289.208333 290.208333  10.332 0.000   6.498 0.000
292.208333 293.208333 999.999 0.456  11.308 0.000
295.208333 296.208333   5.911 0.000   4.037 0.000
298.208333 299.208333   2.687 0.000   1.557 0.000
301.208333 302.208333   2.916 0.000   1.106 0.000
304.208333 305.208333   1.148 0.000   0.694 0.000
307.208333 308.208333  12.167 0.000   6.921 0.000
310.208333 311.208333   3.233 0.000   1.844 0.000
313.208333 314.208333  19.477 0.000  13.505 0.000
316.208333 317.208333   2.649 0.000   1.628 0.000
319.208333 320.208333  34.842 0.000  27.876 0.000
322.208333 323.208333  13.146 0.000   8.818 0.000
325.208333 326.208333  20.920 0.000  18.016 0.000
328.208333 329.208333   2.251 0.000   2.006 0.000
331.208333 332.208333   7.445 0.000   4.911 0.000
334.208333 335.208333   4.504 0.000   2.499 0.000
337.208333 338.208333   9.201 0.000   4.354 0.000
340.208333 341.208333   7.448 0.000   4.334 0.000
343.208333 344.208333   4.336 0.000   2.337 0.000
346.208333 347.208333  11.449 0.000  10.117 0.000
349.208333 350.208333   4.291 0.000   4.479 0.000
352.208333 353.208333   3.472 0.000   2.152 0.000
355.208333 356.208333  16.806 0.000  13.821 0.000
358.208333 359.208333 999.999 0.999 999.999 0.999
361.208333 362.208333 999.999 0.999 999.999 0.999
364.208333 365.208333  17.699 0.000   4.339 0.000
