scripts/IMPROVE-2019_partial/data/CA0011R.20160101050000.20191216000000.filterpack...52w.3d.US03L_filterpack_CA0011.US03L_IMPROVE_Davis.lev2.nas
60 1001
MISSING INFORMATION
US03L, IMPROVE, , , , , , , 
MISSING INFORMATION
IMPROVE sel_HTAP
1 1
2016 01 01 2019 12 16
3.000000
days from file reference point
5
1 1 1 1 1
999.999999 999.999 9.999 999.999 9.999
end_time of measurement, days from the file reference point
pm10_mass, ug/m3, Matrix=pm10
numflag pm10_mass, no unit, Matrix=pm10
pm25_mass, ug/m3, Matrix=pm25
numflag pm25_mass, no unit, Matrix=pm25
0
41
Data definition:              EBAS_1.1
Set type code:                TU
Timezone:                     UTC
File name:                    CA0011R.20160101050000.20191216000000.filterpack...52w.3d.US03L_filterpack_CA0011.US03L_IMPROVE_Davis.lev2.nas
File creation:                20191218115559
Startdate:                    20160101050000
Revision date:                20191216000000
Version:                      2
Version description:          "Data extracted from http://views.cira.colostate.edu/fed/DataWizard 2019-12-16"
Statistics:                   arithmetic mean
Data level:                   2
Period code:                  52w
Resolution code:              3d
Sample duration:              1d
Orig. time res.:              3d
Station code:                 CA0011R
Platform code:                CA0011S
Station name:                 Egbert
Station WDCA-ID:              GAWACAONEGB
Station GAW-ID:               EGB
Station GAW-Name:             Egbert
Station state/province:       ON
Station land use:             Agricultural
Station setting:              Rural
Station GAW type:             R
Station WMO region:           4
Station latitude:             44.231006
Station longitude:            -79.783839
Station altitude:             255.0 m
Regime:                       IMG
Component:                    
Unit:                         ug/m3
Matrix:                       
Laboratory code:              US03L
Instrument type:              filterpack
Instrument name:              filterpack_CA0011
Method ref:                   US03L_IMPROVE_Davis
Blank correction:             Blank corrected
Volume std. temperature:      ambient
Volume std. pressure:         ambient
starttime endtime PM10 flag_PM10 PM2.5 flag_PM2.5
  0.208333   1.208333   8.822 0.000   6.877 0.000
  3.208333   4.208333   8.734 0.000   5.229 0.000
  6.208333   7.208333  41.027 0.000  26.096 0.000
  9.208333  10.208333   2.128 0.000   0.683 0.000
 12.208333  13.208333   9.211 0.000   6.118 0.000
 15.208333  16.208333   3.113 0.000   2.151 0.000
 18.208333  19.208333   2.087 0.000   1.121 0.000
 21.208333  22.208333   8.224 0.000   2.778 0.000
 24.208333  25.208333  19.185 0.000  13.032 0.000
 27.208333  28.208333  10.064 0.000   7.637 0.000
 30.208333  31.208333   9.989 0.000   8.068 0.000
 33.208333  34.208333   5.552 0.000   3.327 0.000
 36.208333  37.208333  14.092 0.000  12.014 0.000
 39.208333  40.208333   9.810 0.000   7.369 0.000
 42.208333  43.208333   5.131 0.000   2.404 0.000
 45.208333  46.208333  16.565 0.000  13.429 0.000
 48.208333  49.208333  13.792 0.000   7.171 0.000
 51.208333  52.208333   3.146 0.000   2.121 0.000
 54.208333  55.208333   1.992 0.000   1.111 0.000
 57.208333  58.208333  15.512 0.000  11.213 0.000
 60.208333  61.208333   5.842 0.000   1.509 0.000
 63.208333  64.208333  16.075 0.000   9.840 0.000
 66.208333  67.208333  25.344 0.000  18.249 0.000
 69.208333  70.208333   3.642 0.000   2.690 0.000
 72.208333  73.208333   3.566 0.000   1.678 0.000
 75.208333  76.208333   3.739 0.000   1.942 0.000
 78.208333  79.208333   3.535 0.000   1.584 0.000
 81.208333  82.208333  11.595 0.000   9.837 0.000
 84.208333  85.208333   9.635 0.000   6.306 0.000
 87.208333  88.208333   3.291 0.000   2.707 0.000
 90.208333  91.208333   5.372 0.000   3.471 0.000
 93.208333  94.208333   4.278 0.000   2.165 0.000
 96.208333  97.208333   9.064 0.000   7.124 0.000
 99.208333 100.208333   3.640 0.000   2.274 0.000
102.208333 103.208333   3.687 0.000   2.461 0.000
105.208333 106.208333  15.793 0.000   6.162 0.000
108.208333 109.208333  12.000 0.000   5.535 0.000
111.208333 112.208333  20.651 0.000  11.616 0.000
114.208333 115.208333   8.702 0.000   4.710 0.000
117.208333 118.208333   4.333 0.000   2.326 0.000
120.208333 121.208333  11.935 0.000   3.617 0.000
123.208333 124.208333  12.802 0.000   5.686 0.000
126.208333 127.208333  13.151 0.000   5.005 0.000
129.208333 130.208333   7.222 0.000   2.241 0.000
132.208333 133.208333  22.124 0.000   7.657 0.000
135.208333 136.208333   1.643 0.000   0.950 0.000
138.208333 139.208333   5.271 0.000   1.982 0.000
141.208333 142.208333  14.637 0.000   6.081 0.000
144.208333 145.208333  33.419 0.000  10.679 0.000
147.208333 148.208333  18.559 0.000   6.333 0.000
150.208333 151.208333  13.587 0.000   3.355 0.000
153.208333 154.208333  14.674 0.000   5.572 0.000
156.208333 157.208333   7.977 0.000   3.261 0.000
159.208333 160.208333   9.371 0.000   1.220 0.000
162.208333 163.208333  15.761 0.000   3.974 0.000
165.208333 166.208333  13.176 0.000   2.580 0.000
168.208333 169.208333  34.168 0.000   6.389 0.000
171.208333 172.208333  32.831 0.000   7.240 0.000
174.208333 175.208333  10.987 0.000   2.763 0.000
177.208333 178.208333  22.340 0.000  12.826 0.000
180.208333 181.208333   7.914 0.000   3.183 0.000
183.208333 184.208333   6.971 0.000   3.770 0.000
186.208333 187.208333  15.063 0.000   7.933 0.000
189.208333 190.208333  18.260 0.000   9.260 0.000
192.208333 193.208333  12.153 0.000   4.341 0.000
195.208333 196.208333  14.847 0.000   5.001 0.000
198.208333 199.208333  15.240 0.000   7.032 0.000
201.208333 202.208333  14.487 0.000   5.480 0.000
204.208333 205.208333  15.884 0.000   7.187 0.000
207.208333 208.208333  11.255 0.000   5.499 0.000
210.208333 211.208333   6.769 0.000   2.211 0.000
213.208333 214.208333   9.443 0.000   5.243 0.000
216.208333 217.208333  23.117 0.000  11.195 0.000
219.208333 220.208333   5.432 0.000   2.549 0.000
222.208333 223.208333  17.972 0.000   8.927 0.000
225.208333 226.208333   6.041 0.000   3.502 0.000
228.208333 229.208333   4.808 0.000   2.150 0.000
231.208333 232.208333  14.418 0.000   7.792 0.000
234.208333 235.208333   5.595 0.000   2.403 0.000
237.208333 238.208333   8.672 0.000   4.469 0.000
240.208333 241.208333   6.935 0.000   4.035 0.000
243.208333 244.208333   8.022 0.000   3.293 0.000
246.208333 247.208333   7.954 0.000   4.154 0.000
249.208333 250.208333  19.653 0.000 999.999 0.456
252.208333 253.208333   7.914 0.000   2.779 0.000
255.208333 256.208333   9.389 0.000   3.497 0.000
258.208333 259.208333   9.938 0.000   2.843 0.000
261.208333 262.208333   8.002 0.000   4.459 0.000
264.208333 265.208333  16.189 0.000   4.946 0.000
267.208333 268.208333   5.249 0.000   2.787 0.000
270.208333 271.208333  15.686 0.000   3.326 0.000
273.208333 274.208333   8.703 0.000   2.624 0.000
276.208333 277.208333   5.358 0.000   1.445 0.000
279.208333 280.208333  19.236 0.000   9.400 0.000
282.208333 283.208333   2.734 0.000   1.297 0.000
285.208333 286.208333  17.288 0.000   6.158 0.000
288.208333 289.208333  13.353 0.000   7.836 0.000
291.208333 292.208333  11.704 0.000   4.758 0.000
294.208333 295.208333   3.605 0.000   1.197 0.000
297.208333 298.208333   1.604 0.000   1.136 0.000
300.208333 301.208333   2.292 0.000   1.509 0.000
303.208333 304.208333   2.575 0.000   1.931 0.000
306.208333 307.208333   5.819 0.000   3.479 0.000
309.208333 310.208333   5.568 0.000   3.891 0.000
312.208333 313.208333  12.253 0.000   8.125 0.000
315.208333 316.208333   1.822 0.000   0.919 0.000
318.208333 319.208333  22.160 0.000  10.952 0.000
321.208333 322.208333  14.658 0.000   8.449 0.000
324.208333 325.208333   5.795 0.000   0.585 0.000
327.208333 328.208333   8.048 0.000   4.130 0.000
330.208333 331.208333   1.436 0.000   1.196 0.000
333.208333 334.208333  13.440 0.000   8.181 0.000
336.208333 337.208333   0.381 0.000   0.276 0.000
339.208333 340.208333   5.378 0.000   4.582 0.000
342.208333 343.208333   3.032 0.000   1.738 0.000
345.208333 346.208333   8.388 0.000   7.587 0.000
348.208333 349.208333   7.836 0.000   3.665 0.000
351.208333 352.208333   9.970 0.000   9.662 0.000
354.208333 355.208333  15.713 0.000  11.389 0.000
357.208333 358.208333  19.294 0.000  15.939 0.000
360.208333 361.208333   4.092 0.000   2.806 0.000
363.208333 364.208333   3.392 0.000   2.685 0.000
