scripts/IMPROVE-2019_partial/data/CA0011R.20070103050000.20191216000000.filterpack...1y.3d.US03L_filterpack_CA0011.US03L_IMPROVE_Davis.lev2.nas
60 1001
MISSING INFORMATION
US03L, IMPROVE, , , , , , , 
MISSING INFORMATION
IMPROVE sel_HTAP
1 1
2007 01 01 2019 12 16
3.000000
days from file reference point
5
1 1 1 1 1
999.999999 999.999 9.999 999.999 9.999
end_time of measurement, days from the file reference point
pm10_mass, ug/m3, Matrix=pm10
numflag pm10_mass, no unit, Matrix=pm10
pm25_mass, ug/m3, Matrix=pm25
numflag pm25_mass, no unit, Matrix=pm25
0
41
Data definition:              EBAS_1.1
Set type code:                TU
Timezone:                     UTC
File name:                    CA0011R.20070103050000.20191216000000.filterpack...1y.3d.US03L_filterpack_CA0011.US03L_IMPROVE_Davis.lev2.nas
File creation:                20191218115558
Startdate:                    20070103050000
Revision date:                20191216000000
Version:                      2
Version description:          "Data extracted from http://views.cira.colostate.edu/fed/DataWizard 2019-12-16"
Statistics:                   arithmetic mean
Data level:                   2
Period code:                  1y
Resolution code:              3d
Sample duration:              1d
Orig. time res.:              3d
Station code:                 CA0011R
Platform code:                CA0011S
Station name:                 Egbert
Station WDCA-ID:              GAWACAONEGB
Station GAW-ID:               EGB
Station GAW-Name:             Egbert
Station state/province:       ON
Station land use:             Agricultural
Station setting:              Rural
Station GAW type:             R
Station WMO region:           4
Station latitude:             44.231006
Station longitude:            -79.783839
Station altitude:             255.0 m
Regime:                       IMG
Component:                    
Unit:                         ug/m3
Matrix:                       
Laboratory code:              US03L
Instrument type:              filterpack
Instrument name:              filterpack_CA0011
Method ref:                   US03L_IMPROVE_Davis
Blank correction:             Blank corrected
Volume std. temperature:      ambient
Volume std. pressure:         ambient
starttime endtime PM10 flag_PM10 PM2.5 flag_PM2.5
  2.208333   3.208333  12.912 0.000  11.799 0.000
  5.208333   6.208333   3.613 0.000   3.047 0.000
  8.208333   9.208333   2.846 0.000   1.655 0.000
 11.208333  12.208333  14.370 0.000  13.367 0.000
 14.208333  15.208333   2.968 0.000   1.814 0.000
 17.208333  18.208333  13.367 0.000  10.585 0.000
 20.208333  21.208333   7.061 0.000   5.800 0.000
 23.208333  24.208333   4.385 0.000   2.846 0.000
 26.208333  27.208333  10.412 0.000   8.772 0.000
 29.208333  30.208333  11.421 0.000   8.612 0.000
 32.208333  33.208333  19.953 0.000  16.265 0.000
 35.208333  36.208333   3.734 0.000   2.021 0.000
 38.208333  39.208333   3.764 0.000   2.007 0.000
 41.208333  42.208333  17.432 0.000  13.941 0.000
 44.208333  45.208333   4.419 0.000   2.409 0.000
 47.208333  48.208333  19.478 0.000  15.655 0.000
 50.208333  51.208333  14.473 0.000  12.241 0.000
 53.208333  54.208333   2.848 0.000   1.510 0.000
 56.208333  57.208333   6.115 0.000   4.316 0.000
 59.208333  60.208333  11.921 0.000   3.273 0.000
 62.208333  63.208333   2.817 0.000   1.990 0.000
 65.208333  66.208333   5.439 0.000   4.545 0.000
 68.208333  69.208333  19.787 0.000  17.122 0.000
 71.208333  72.208333 999.999 0.456  21.292 0.000
 74.208333  75.208333   7.556 0.000   3.331 0.000
 77.208333  78.208333  10.765 0.000   8.786 0.000
 80.208333  81.208333  13.493 0.000  11.006 0.000
 83.208333  84.208333   7.951 0.000   6.639 0.000
 86.208333  87.208333   5.054 0.000   2.167 0.000
 89.208333  90.208333   6.202 0.000   2.614 0.000
 92.208333  93.208333   5.466 0.000   4.294 0.000
 95.208333  96.208333   3.508 0.000   2.273 0.000
 98.208333  99.208333   2.757 0.000   1.706 0.000
101.208333 102.208333  11.870 0.000  10.807 0.000
104.208333 105.208333   6.517 0.000   4.616 0.000
107.208333 108.208333   5.074 0.000   2.717 0.000
110.208333 111.208333   9.250 0.000   5.182 0.000
113.208333 114.208333 999.999 0.456   3.138 0.000
116.208333 117.208333  20.355 0.000  18.288 0.000
119.208333 120.208333   6.787 0.000   2.014 0.000
122.208333 123.208333   7.121 0.000   2.913 0.000
125.208333 126.208333 999.999 0.999 999.999 0.999
128.208333 129.208333  31.196 0.000  16.870 0.000
131.208333 132.208333   5.580 0.000   2.166 0.000
134.208333 135.208333  23.386 0.000  12.742 0.000
137.208333 138.208333   8.930 0.000   4.006 0.000
140.208333 141.208333   6.456 0.000   3.306 0.000
143.208333 144.208333  44.231 0.000  30.118 0.000
146.208333 147.208333  15.527 0.000  10.082 0.000
149.208333 150.208333  28.579 0.000  18.529 0.000
152.208333 153.208333  38.647 0.000  31.815 0.000
155.208333 156.208333 999.999 0.456   5.026 0.000
158.208333 159.208333  27.397 0.000  15.112 0.000
161.208333 162.208333  17.363 0.000   9.341 0.000
164.208333 165.208333  24.663 0.000   7.898 0.000
167.208333 168.208333  16.902 0.000  14.214 0.000
170.208333 171.208333   7.358 0.000   1.910 0.000
173.208333 174.208333   5.986 0.000   2.263 0.000
176.208333 177.208333  34.061 0.000  25.758 0.000
179.208333 180.208333   8.300 0.000   3.096 0.000
182.208333 183.208333   5.879 0.000   3.015 0.000
185.208333 186.208333  17.588 0.000  13.501 0.000
188.208333 189.208333  18.230 0.000  12.537 0.000
191.208333 192.208333  10.971 0.000   5.432 0.000
194.208333 195.208333   9.962 0.000   5.701 0.000
197.208333 198.208333  15.591 0.000 999.999 0.456
200.208333 201.208333   5.251 0.000   1.912 0.000
203.208333 204.208333  11.360 0.000   6.405 0.000
206.208333 207.208333  29.043 0.000  21.767 0.000
209.208333 210.208333  12.426 0.000   6.481 0.000
212.208333 213.208333  18.645 0.000  10.561 0.000
215.208333 216.208333  12.444 0.000   9.397 0.000
218.208333 219.208333  19.160 0.000  11.255 0.000
221.208333 222.208333   9.073 0.000   3.562 0.000
224.208333 225.208333   6.491 0.000   2.860 0.000
227.208333 228.208333  14.757 0.000   5.290 0.000
230.208333 231.208333   5.328 0.000   3.159 0.000
233.208333 234.208333  13.587 0.000   8.304 0.000
236.208333 237.208333   9.292 0.000   5.823 0.000
239.208333 240.208333  17.931 0.000   9.921 0.000
242.208333 243.208333   5.159 0.000   2.204 0.000
245.208333 246.208333  12.477 0.000   6.587 0.000
248.208333 249.208333  31.502 0.000  22.182 0.000
251.208333 252.208333   4.286 0.000   1.784 0.000
254.208333 255.208333   3.176 0.000   1.403 0.000
257.208333 258.208333   1.886 0.000   0.963 0.000
260.208333 261.208333  15.787 0.000   9.263 0.000
263.208333 264.208333  25.739 0.000  17.425 0.000
266.208333 267.208333  18.557 0.000   7.289 0.000
269.208333 270.208333   4.726 0.000   1.877 0.000
272.208333 273.208333  13.396 0.000   8.807 0.000
275.208333 276.208333  18.361 0.000  10.982 0.000
278.208333 279.208333  25.218 0.000  20.220 0.000
281.208333 282.208333   9.228 0.000   6.271 0.000
284.208333 285.208333   2.698 0.000   1.439 0.000
287.208333 288.208333   5.167 0.000   3.317 0.000
290.208333 291.208333  24.153 0.000  19.104 0.000
293.208333 294.208333  12.486 0.000   4.491 0.000
296.208333 297.208333   5.627 0.000   3.263 0.000
299.208333 300.208333   9.435 0.000   6.493 0.000
302.208333 303.208333  21.093 0.000  10.567 0.000
305.208333 306.208333   5.300 0.000   2.614 0.000
308.208333 309.208333  10.118 0.000   6.787 0.000
311.208333 312.208333   8.316 0.000   4.246 0.000
314.208333 315.208333  19.442 0.000  14.620 0.000
317.208333 318.208333 999.999 0.999 999.999 0.999
320.208333 321.208333 999.999 0.999 999.999 0.999
323.208333 324.208333 999.999 0.999 999.999 0.999
326.208333 327.208333   2.573 0.000   1.786 0.000
329.208333 330.208333  15.423 0.000  14.645 0.000
332.208333 333.208333  11.411 0.000   9.184 0.000
335.208333 336.208333   5.565 0.000   3.164 0.000
338.208333 339.208333   2.004 0.000   1.187 0.000
341.208333 342.208333  11.204 0.000   9.477 0.000
344.208333 345.208333  11.791 0.000   9.846 0.000
347.208333 348.208333   8.927 0.000   6.918 0.000
350.208333 351.208333   1.707 0.000   1.954 0.000
353.208333 354.208333  11.602 0.000  10.652 0.000
356.208333 357.208333   9.472 0.000 999.999 0.456
359.208333 360.208333  16.917 0.000  11.376 0.000
362.208333 363.208333   6.353 0.000   5.682 0.000
