scripts/IMPROVE-2019_partial/data/CA0011R.20060102050000.20191216000000.filterpack...52w.3d.US03L_filterpack_CA0011.US03L_IMPROVE_Davis.lev2.nas
60 1001
MISSING INFORMATION
US03L, IMPROVE, , , , , , , 
MISSING INFORMATION
IMPROVE sel_HTAP
1 1
2006 01 01 2019 12 16
3.000000
days from file reference point
5
1 1 1 1 1
999.999999 999.999 9.999 999.999 9.999
end_time of measurement, days from the file reference point
pm10_mass, ug/m3, Matrix=pm10
numflag pm10_mass, no unit, Matrix=pm10
pm25_mass, ug/m3, Matrix=pm25
numflag pm25_mass, no unit, Matrix=pm25
0
41
Data definition:              EBAS_1.1
Set type code:                TU
Timezone:                     UTC
File name:                    CA0011R.20060102050000.20191216000000.filterpack...52w.3d.US03L_filterpack_CA0011.US03L_IMPROVE_Davis.lev2.nas
File creation:                20191218115558
Startdate:                    20060102050000
Revision date:                20191216000000
Version:                      2
Version description:          "Data extracted from http://views.cira.colostate.edu/fed/DataWizard 2019-12-16"
Statistics:                   arithmetic mean
Data level:                   2
Period code:                  52w
Resolution code:              3d
Sample duration:              1d
Orig. time res.:              3d
Station code:                 CA0011R
Platform code:                CA0011S
Station name:                 Egbert
Station WDCA-ID:              GAWACAONEGB
Station GAW-ID:               EGB
Station GAW-Name:             Egbert
Station state/province:       ON
Station land use:             Agricultural
Station setting:              Rural
Station GAW type:             R
Station WMO region:           4
Station latitude:             44.231006
Station longitude:            -79.783839
Station altitude:             255.0 m
Regime:                       IMG
Component:                    
Unit:                         ug/m3
Matrix:                       
Laboratory code:              US03L
Instrument type:              filterpack
Instrument name:              filterpack_CA0011
Method ref:                   US03L_IMPROVE_Davis
Blank correction:             Blank corrected
Volume std. temperature:      ambient
Volume std. pressure:         ambient
starttime endtime PM10 flag_PM10 PM2.5 flag_PM2.5
  1.208333   2.208333  18.740 0.000  12.145 0.000
  4.208333   5.208333   2.472 0.000   1.479 0.000
  7.208333   8.208333  10.450 0.000   9.206 0.000
 10.208333  11.208333  18.161 0.000  15.138 0.000
 13.208333  14.208333   2.091 0.000   0.930 0.000
 16.208333  17.208333  11.525 0.000   5.734 0.000
 19.208333  20.208333  13.166 0.000   9.055 0.000
 22.208333  23.208333  13.762 0.000  11.433 0.000
 25.208333  26.208333   5.494 0.000   3.643 0.000
 28.208333  29.208333  13.922 0.000  12.630 0.000
 31.208333  32.208333  16.291 0.000  12.151 0.000
 34.208333  35.208333  10.659 0.000  10.267 0.000
 37.208333  38.208333   2.282 0.000   1.499 0.000
 40.208333  41.208333  10.431 0.000   7.476 0.000
 43.208333  44.208333   8.140 0.000   6.678 0.000
 46.208333  47.208333   5.528 0.000   3.906 0.000
 49.208333  50.208333   9.676 0.000   6.459 0.000
 52.208333  53.208333  29.207 0.000  19.783 0.000
 55.208333  56.208333   3.718 0.000   2.880 0.000
 58.208333  59.208333   3.070 0.000   2.005 0.000
 61.208333  62.208333   5.745 0.000   3.095 0.000
 64.208333  65.208333   8.103 0.000   3.116 0.000
 67.208333  68.208333  22.171 0.659  21.318 0.000
 70.208333  71.208333  12.966 0.000  11.210 0.000
 73.208333  74.208333   4.391 0.000   1.906 0.000
 76.208333  77.208333   5.032 0.000   2.567 0.000
 79.208333  80.208333   4.012 0.000   2.179 0.000
 82.208333  83.208333   5.639 0.000   3.833 0.000
 85.208333  86.208333   6.287 0.000   3.227 0.000
 88.208333  89.208333  41.703 0.000  31.574 0.000
 91.208333  92.208333   5.481 0.000   2.944 0.000
 94.208333  95.208333   2.310 0.000   1.566 0.000
 97.208333  98.208333   4.502 0.000   2.922 0.000
100.208333 101.208333  25.629 0.000  14.538 0.000
103.208333 104.208333  23.198 0.000  19.867 0.000
106.208333 107.208333   4.858 0.000   1.907 0.000
109.208333 110.208333  20.836 0.000   5.746 0.000
112.208333 113.208333   4.730 0.000   3.921 0.000
115.208333 116.208333   9.431 0.000   3.330 0.000
118.208333 119.208333  16.140 0.000   4.960 0.000
121.208333 122.208333  25.117 0.000   6.141 0.000
124.208333 125.208333   4.853 0.000   0.854 0.000
127.208333 128.208333  24.407 0.000   9.029 0.000
130.208333 131.208333  13.308 0.000   8.185 0.000
133.208333 134.208333   4.870 0.000   2.930 0.000
136.208333 137.208333  10.838 0.000   6.928 0.000
139.208333 140.208333   4.188 0.000   1.806 0.000
142.208333 143.208333   7.120 0.000   2.645 0.000
145.208333 146.208333  21.263 0.000  17.129 0.000
148.208333 149.208333  32.038 0.000  22.160 0.000
151.208333 152.208333  11.442 0.000   5.112 0.000
154.208333 155.208333   8.472 0.000   3.914 0.000
157.208333 158.208333  20.132 0.000   9.905 0.000
160.208333 161.208333   8.555 0.000   1.848 0.000
163.208333 164.208333   9.211 0.000   4.961 0.000
166.208333 167.208333  24.774 0.000  12.337 0.000
169.208333 170.208333  11.697 0.000   6.393 0.000
172.208333 173.208333  16.254 0.000   7.691 0.000
175.208333 176.208333  12.344 0.000   7.408 0.000
178.208333 179.208333  16.871 0.000  12.088 0.000
181.208333 182.208333  26.061 0.000  18.802 0.000
184.208333 185.208333  12.396 0.000   8.255 0.000
187.208333 188.208333  13.135 0.000   7.462 0.000
190.208333 191.208333 999.999 0.456   8.687 0.000
193.208333 194.208333  15.064 0.000  10.223 0.000
196.208333 197.208333  16.654 0.000   9.703 0.000
199.208333 200.208333  13.899 0.000   5.973 0.000
202.208333 203.208333   6.966 0.000   3.574 0.000
205.208333 206.208333  15.510 0.000  10.443 0.000
208.208333 209.208333  12.765 0.000   8.378 0.000
211.208333 212.208333  21.388 0.000  13.822 0.000
214.208333 215.208333   9.778 0.000   4.897 0.000
217.208333 218.208333  18.303 0.000  12.576 0.000
220.208333 221.208333   9.560 0.000   3.595 0.000
223.208333 224.208333   7.802 0.000   3.661 0.000
226.208333 227.208333 999.999 0.999 999.999 0.999
229.208333 230.208333  16.585 0.000   8.169 0.000
232.208333 233.208333   6.394 0.000   3.260 0.000
235.208333 236.208333   9.255 0.000   4.620 0.000
238.208333 239.208333  27.014 0.000  24.101 0.000
241.208333 242.208333   7.710 0.000   2.450 0.000
244.208333 245.208333   6.973 0.000   3.307 0.000
247.208333 248.208333  12.091 0.000   6.418 0.000
250.208333 251.208333  20.726 0.000  11.788 0.000
253.208333 254.208333   6.823 0.000   1.835 0.000
256.208333 257.208333   7.127 0.000   2.909 0.000
259.208333 260.208333  20.864 0.000  16.499 0.000
262.208333 263.208333   3.110 0.000   1.077 0.000
265.208333 266.208333  16.490 0.000  13.006 0.000
268.208333 269.208333   5.083 0.000   1.856 0.000
271.208333 272.208333   3.369 0.000   1.283 0.000
274.208333 275.208333   9.841 0.000   4.234 0.000
277.208333 278.208333   4.006 0.000   1.328 0.000
280.208333 281.208333  11.037 0.000   7.239 0.000
283.208333 284.208333   8.905 0.000   6.507 0.000
286.208333 287.208333   2.951 0.000   1.383 0.000
289.208333 290.208333   8.520 0.000   5.817 0.000
292.208333 293.208333   3.980 0.000   1.982 0.000
295.208333 296.208333   1.424 0.000   1.079 0.000
298.208333 299.208333   4.381 0.000   3.319 0.000
301.208333 302.208333   1.489 0.000   0.753 0.000
304.208333 305.208333 999.999 0.999 999.999 0.999
307.208333 308.208333 999.999 0.999 999.999 0.999
310.208333 311.208333  21.957 0.000  17.259 0.000
313.208333 314.208333 999.999 0.456   1.846 0.000
316.208333 317.208333  11.393 0.000   5.668 0.000
319.208333 320.208333   4.694 0.000   4.150 0.000
322.208333 323.208333   2.955 0.000   2.500 0.000
325.208333 326.208333  20.346 0.000  15.506 0.000
328.208333 329.208333  20.036 0.000  15.260 0.000
331.208333 332.208333  24.423 0.000  24.378 0.000
334.208333 335.208333   2.456 0.000   1.385 0.000
337.208333 338.208333   5.790 0.000   3.957 0.000
340.208333 341.208333   4.085 0.000   1.954 0.000
343.208333 344.208333  17.448 0.000  11.877 0.000
346.208333 347.208333  15.270 0.000  12.646 0.000
349.208333 350.208333   4.109 0.000   2.738 0.000
352.208333 353.208333   4.194 0.000   2.861 0.000
355.208333 356.208333   5.496 0.000   4.634 0.000
358.208333 359.208333  15.750 0.000  15.329 0.000
361.208333 362.208333   9.619 0.000   7.764 0.000
364.208333 365.208333   7.786 0.000   7.267 0.000
