scripts/IMPROVE-2019_partial/data/CA0011R.20100102050000.20191216000000.filterpack...52w.3d.US03L_filterpack_CA0011.US03L_IMPROVE_Davis.lev2.nas
59 1001
MISSING INFORMATION
US03L, IMPROVE, , , , , , , 
MISSING INFORMATION
IMPROVE sel_HTAP
1 1
2010 01 01 2019 12 16
3.000000
days from file reference point
4
1 1 1 1
999.999999 999.999 999.999 9.999
end_time of measurement, days from the file reference point
pm10_mass, ug/m3, Matrix=pm10
pm25_mass, ug/m3, Matrix=pm25
numflag, no unit
0
41
Data definition:              EBAS_1.1
Set type code:                TU
Timezone:                     UTC
File name:                    CA0011R.20100102050000.20191216000000.filterpack...52w.3d.US03L_filterpack_CA0011.US03L_IMPROVE_Davis.lev2.nas
File creation:                20191218115558
Startdate:                    20100102050000
Revision date:                20191216000000
Version:                      2
Version description:          "Data extracted from http://views.cira.colostate.edu/fed/DataWizard 2019-12-16"
Statistics:                   arithmetic mean
Data level:                   2
Period code:                  52w
Resolution code:              3d
Sample duration:              1d
Orig. time res.:              3d
Station code:                 CA0011R
Platform code:                CA0011S
Station name:                 Egbert
Station WDCA-ID:              GAWACAONEGB
Station GAW-ID:               EGB
Station GAW-Name:             Egbert
Station state/province:       ON
Station land use:             Agricultural
Station setting:              Rural
Station GAW type:             R
Station WMO region:           4
Station latitude:             44.231006
Station longitude:            -79.783839
Station altitude:             255.0 m
Regime:                       IMG
Component:                    
Unit:                         ug/m3
Matrix:                       
Laboratory code:              US03L
Instrument type:              filterpack
Instrument name:              filterpack_CA0011
Method ref:                   US03L_IMPROVE_Davis
Blank correction:             Blank corrected
Volume std. temperature:      ambient
Volume std. pressure:         ambient
starttime endtime PM10 PM2.5 flag
  1.208333   2.208333   5.411   3.083 0.000
  4.208333   5.208333   1.098   1.119 0.000
  7.208333   8.208333   3.498   1.697 0.000
 10.208333  11.208333  16.141  14.038 0.000
 13.208333  14.208333  27.005  20.467 0.000
 16.208333  17.208333  19.062  17.766 0.000
 19.208333  20.208333   5.972   3.964 0.000
 22.208333  23.208333  14.738   9.636 0.000
 25.208333  26.208333   5.629   3.009 0.000
 28.208333  29.208333   3.510   3.069 0.000
 31.208333  32.208333 999.999   4.492 0.000
 34.208333  35.208333   9.864   6.302 0.000
 37.208333  38.208333   2.863   1.666 0.000
 40.208333  41.208333   2.557   0.823 0.000
 43.208333  44.208333   3.108   2.196 0.000
 46.208333  47.208333   3.307   2.630 0.000
 49.208333  50.208333   4.929   1.443 0.000
 52.208333  53.208333   5.259   3.056 0.000
 55.208333  56.208333  13.129   1.563 0.000
 58.208333  59.208333   1.888   1.210 0.000
 61.208333  62.208333   5.753   1.178 0.000
 64.208333  65.208333   4.787   3.022 0.000
 67.208333  68.208333  27.436  21.906 0.000
 70.208333  71.208333  15.609  12.056 0.000
 73.208333  74.208333   5.310   2.568 0.000
 76.208333  77.208333  10.381   5.239 0.000
 79.208333  80.208333   7.217   4.168 0.000
 82.208333  83.208333   7.529   3.570 0.000
 85.208333  86.208333  11.116   5.683 0.000
 88.208333  89.208333   7.902   5.200 0.000
 91.208333  92.208333  26.528  15.506 0.000
 94.208333  95.208333  10.513   5.579 0.000
 97.208333  98.208333   3.460   2.262 0.000
100.208333 101.208333   9.155   3.369 0.000
103.208333 104.208333  17.086   5.527 0.000
106.208333 107.208333   1.173   0.655 0.000
109.208333 110.208333  11.969   4.679 0.000
112.208333 113.208333  18.174   6.197 0.000
115.208333 116.208333  15.327   2.879 0.000
118.208333 119.208333  15.254   3.179 0.000
121.208333 122.208333   8.685   5.374 0.000
124.208333 125.208333  14.413   5.763 0.000
127.208333 128.208333   1.215   0.470 0.000
130.208333 131.208333   7.430   3.271 0.000
133.208333 134.208333   6.620   2.320 0.000
136.208333 137.208333  11.174   4.183 0.000
139.208333 140.208333  19.998   8.457 0.000
142.208333 143.208333  19.302  16.110 0.000
145.208333 146.208333  20.587  12.385 0.000
148.208333 149.208333  11.023   4.024 0.000
151.208333 152.208333  10.415   4.013 0.000
154.208333 155.208333  16.650   9.796 0.000
157.208333 158.208333   4.077   1.946 0.000
160.208333 161.208333   5.312   1.672 0.000
163.208333 164.208333   9.342   5.096 0.000
166.208333 167.208333   7.617   4.512 0.000
169.208333 170.208333  11.649   6.508 0.000
172.208333 173.208333  12.529   7.956 0.000
175.208333 176.208333  13.056   8.650 0.000
178.208333 179.208333   5.344   2.430 0.000
181.208333 182.208333   5.739   3.071 0.000
184.208333 185.208333  25.162  18.609 0.000
187.208333 188.208333  18.905   8.829 0.000
190.208333 191.208333 999.999 999.999 0.999
193.208333 194.208333  21.884  20.601 0.000
196.208333 197.208333  19.623  12.585 0.000
199.208333 200.208333   9.071   6.198 0.000
202.208333 203.208333   9.108   4.735 0.000
205.208333 206.208333   6.476   4.112 0.000
208.208333 209.208333  12.068   8.519 0.000
211.208333 212.208333  10.818   6.733 0.000
214.208333 215.208333  25.574  20.301 0.000
217.208333 218.208333   5.244   2.447 0.000
220.208333 221.208333  18.473  12.980 0.000
223.208333 224.208333  14.027   6.610 0.000
226.208333 227.208333  14.554   9.059 0.000
229.208333 230.208333 999.999 999.999 0.999
232.208333 233.208333 999.999 999.999 0.999
235.208333 236.208333 999.999 999.999 0.999
238.208333 239.208333  12.230   6.043 0.000
241.208333 242.208333  25.866  18.693 0.000
244.208333 245.208333  13.507   8.463 0.000
247.208333 248.208333   4.347   2.372 0.000
250.208333 251.208333   2.412   0.638 0.000
253.208333 254.208333   7.853   4.084 0.000
256.208333 257.208333   3.095   1.305 0.000
259.208333 260.208333   7.700   3.967 0.000
262.208333 263.208333   7.640   3.795 0.000
265.208333 266.208333  14.396   7.810 0.000
268.208333 269.208333   4.241   2.457 0.000
271.208333 272.208333  12.815   7.814 0.000
274.208333 275.208333   3.611   1.182 0.000
277.208333 278.208333   7.636   2.981 0.000
280.208333 281.208333  13.269   4.270 0.000
283.208333 284.208333   4.475   1.899 0.000
286.208333 287.208333   3.964   2.083 0.000
289.208333 290.208333   3.786   1.975 0.000
292.208333 293.208333  16.351   3.999 0.000
295.208333 296.208333  12.810   9.686 0.000
298.208333 299.208333   9.248   5.314 0.000
301.208333 302.208333   4.458   2.778 0.000
304.208333 305.208333   5.658   4.028 0.000
307.208333 308.208333  10.468   8.490 0.000
310.208333 311.208333  13.432  10.541 0.000
313.208333 314.208333   9.479   5.373 0.000
316.208333 317.208333  18.074  13.599 0.000
319.208333 320.208333   9.722   6.900 0.000
322.208333 323.208333  12.043   8.374 0.000
325.208333 326.208333  11.240   8.750 0.000
328.208333 329.208333   7.276   3.382 0.000
331.208333 332.208333  12.977  11.254 0.000
334.208333 335.208333   5.146   4.329 0.000
337.208333 338.208333   1.392   0.611 0.000
340.208333 341.208333   1.763   1.501 0.000
343.208333 344.208333  18.532  15.003 0.000
346.208333 347.208333   3.715   1.519 0.000
349.208333 350.208333 999.999 999.999 0.999
352.208333 353.208333 999.999 999.999 0.999
355.208333 356.208333 999.999 999.999 0.999
358.208333 359.208333   1.900   0.606 0.000
361.208333 362.208333  14.122  12.106 0.000
364.208333 365.208333  18.360  14.538 0.000
