scripts/IMPROVE-2019_partial/data/CA0011R.20110103050000.20191216000000.filterpack...1y.3d.US03L_filterpack_CA0011.US03L_IMPROVE_Davis.lev2.nas
60 1001
MISSING INFORMATION
US03L, IMPROVE, , , , , , , 
MISSING INFORMATION
IMPROVE sel_HTAP
1 1
2011 01 01 2019 12 16
3.000000
days from file reference point
5
1 1 1 1 1
999.999999 999.999 9.999 999.999 9.999
end_time of measurement, days from the file reference point
pm10_mass, ug/m3, Matrix=pm10
numflag pm10_mass, no unit, Matrix=pm10
pm25_mass, ug/m3, Matrix=pm25
numflag pm25_mass, no unit, Matrix=pm25
0
41
Data definition:              EBAS_1.1
Set type code:                TU
Timezone:                     UTC
File name:                    CA0011R.20110103050000.20191216000000.filterpack...1y.3d.US03L_filterpack_CA0011.US03L_IMPROVE_Davis.lev2.nas
File creation:                20191218115558
Startdate:                    20110103050000
Revision date:                20191216000000
Version:                      2
Version description:          "Data extracted from http://views.cira.colostate.edu/fed/DataWizard 2019-12-16"
Statistics:                   arithmetic mean
Data level:                   2
Period code:                  1y
Resolution code:              3d
Sample duration:              1d
Orig. time res.:              3d
Station code:                 CA0011R
Platform code:                CA0011S
Station name:                 Egbert
Station WDCA-ID:              GAWACAONEGB
Station GAW-ID:               EGB
Station GAW-Name:             Egbert
Station state/province:       ON
Station land use:             Agricultural
Station setting:              Rural
Station GAW type:             R
Station WMO region:           4
Station latitude:             44.231006
Station longitude:            -79.783839
Station altitude:             255.0 m
Regime:                       IMG
Component:                    
Unit:                         ug/m3
Matrix:                       
Laboratory code:              US03L
Instrument type:              filterpack
Instrument name:              filterpack_CA0011
Method ref:                   US03L_IMPROVE_Davis
Blank correction:             Blank corrected
Volume std. temperature:      ambient
Volume std. pressure:         ambient
starttime endtime PM10 flag_PM10 PM2.5 flag_PM2.5
  2.208333   3.208333  22.558 0.000  26.295 0.000
  5.208333   6.208333  17.454 0.000  13.071 0.000
  8.208333   9.208333   3.465 0.000   1.849 0.000
 11.208333  12.208333   1.112 0.000   0.456 0.000
 14.208333  15.208333  11.127 0.000  10.350 0.000
 17.208333  18.208333  10.625 0.000   9.456 0.000
 20.208333  21.208333   4.098 0.000   2.649 0.000
 23.208333  24.208333  16.648 0.000  10.177 0.000
 26.208333  27.208333  13.465 0.000  11.947 0.000
 29.208333  30.208333   4.089 0.000   2.670 0.000
 32.208333  33.208333   1.603 0.000   1.987 0.000
 35.208333  36.208333  21.343 0.000  16.651 0.000
 38.208333  39.208333   6.665 0.000   3.043 0.000
 41.208333  42.208333  20.173 0.000  17.811 0.000
 44.208333  45.208333   5.021 0.000   2.285 0.000
 47.208333  48.208333  27.643 0.000  24.293 0.000
 50.208333  51.208333   5.193 0.000   1.945 0.000
 53.208333  54.208333  19.621 0.000   9.985 0.000
 56.208333  57.208333  12.756 0.000  11.241 0.000
 59.208333  60.208333  16.663 0.000   8.731 0.000
 62.208333  63.208333  16.218 0.000  11.165 0.000
 65.208333  66.208333   6.218 0.000   3.643 0.000
 68.208333  69.208333   1.239 0.000   1.105 0.000
 71.208333  72.208333   4.736 0.000   3.659 0.000
 74.208333  75.208333  18.335 0.000  16.037 0.000
 77.208333  78.208333   6.223 0.000   4.785 0.000
 80.208333  81.208333 999.999 0.456   2.000 0.000
 83.208333  84.208333 999.999 0.456   2.745 0.000
 86.208333  87.208333   5.454 0.000   1.874 0.000
 89.208333  90.208333  17.534 0.000  12.289 0.000
 92.208333  93.208333   5.865 0.000   3.997 0.000
 95.208333  96.208333   4.871 0.000   3.539 0.000
 98.208333  99.208333  14.244 0.000  10.827 0.000
101.208333 102.208333   3.722 0.000   1.843 0.000
104.208333 105.208333  10.586 0.000   3.200 0.000
107.208333 108.208333   4.449 0.000   3.280 0.000
110.208333 111.208333   5.483 0.000   3.637 0.000
113.208333 114.208333   4.088 0.000   3.399 0.000
116.208333 117.208333   9.264 0.000   6.050 0.000
119.208333 120.208333   5.878 0.000   2.697 0.000
122.208333 123.208333   4.303 0.000   2.990 0.000
125.208333 126.208333  11.524 0.000   9.415 0.000
128.208333 129.208333   9.727 0.000   3.343 0.000
131.208333 132.208333  24.043 0.000   8.824 0.000
134.208333 135.208333   4.617 0.000   2.283 0.000
137.208333 138.208333   6.223 0.000   2.933 0.000
140.208333 141.208333  13.337 0.000   8.856 0.000
143.208333 144.208333   3.735 0.000   1.121 0.000
146.208333 147.208333   7.157 0.000   3.262 0.000
149.208333 150.208333  28.225 0.000  20.931 0.000
152.208333 153.208333  10.462 0.000   2.897 0.000
155.208333 156.208333  10.507 0.000   5.504 0.000
158.208333 159.208333  31.160 0.000  18.452 0.000
161.208333 162.208333  11.941 0.000   6.699 0.000
164.208333 165.208333  10.762 0.000   4.276 0.000
167.208333 168.208333  19.837 0.000  12.820 0.000
170.208333 171.208333  15.869 0.000   4.259 0.000
173.208333 174.208333  12.412 0.000   6.865 0.000
176.208333 177.208333   6.787 0.000   3.475 0.000
179.208333 180.208333 999.999 0.456   2.724 0.000
182.208333 183.208333  20.699 0.000  14.031 0.000
185.208333 186.208333 999.999 0.456   9.707 0.000
188.208333 189.208333  15.653 0.000  11.616 0.000
191.208333 192.208333  23.669 0.000  16.447 0.000
194.208333 195.208333   8.666 0.000   3.505 0.000
197.208333 198.208333  22.909 0.000  16.397 0.000
200.208333 201.208333  28.071 0.000  19.882 0.000
203.208333 204.208333  13.288 0.000   7.737 0.000
206.208333 207.208333   5.681 0.000   2.729 0.000
209.208333 210.208333   9.771 0.000   5.502 0.000
212.208333 213.208333   8.847 0.000   5.161 0.000
215.208333 216.208333  13.747 0.000   7.984 0.000
218.208333 219.208333  15.058 0.000  11.314 0.000
221.208333 222.208333   4.024 0.000   1.449 0.000
224.208333 225.208333  17.860 0.000  12.665 0.000
227.208333 228.208333  11.760 0.000   7.040 0.000
230.208333 231.208333  15.931 0.000   7.767 0.000
233.208333 234.208333   4.627 0.000   2.039 0.000
236.208333 237.208333   5.585 0.000   1.926 0.000
239.208333 240.208333   4.792 0.000   1.755 0.000
242.208333 243.208333  21.655 0.000  12.142 0.000
245.208333 246.208333  16.118 0.000  11.574 0.000
248.208333 249.208333   4.474 0.000   1.456 0.000
251.208333 252.208333   9.637 0.000   5.053 0.000
254.208333 255.208333  18.854 0.000  11.072 0.000
257.208333 258.208333   1.556 0.000   0.456 0.000
260.208333 261.208333   6.489 0.000   3.569 0.000
263.208333 264.208333  16.110 0.000  10.553 0.000
266.208333 267.208333   7.935 0.000   5.233 0.000
269.208333 270.208333   7.840 0.000   4.762 0.000
272.208333 273.208333   3.258 0.000   1.545 0.000
275.208333 276.208333   3.686 0.000   1.738 0.000
278.208333 279.208333  16.204 0.000   5.673 0.000
281.208333 282.208333  24.938 0.000  15.688 0.000
284.208333 285.208333  10.960 0.000   5.599 0.000
287.208333 288.208333   2.095 0.000   0.806 0.000
290.208333 291.208333   3.154 0.000   1.441 0.000
293.208333 294.208333   2.060 0.000   0.952 0.000
296.208333 297.208333   3.889 0.000   2.363 0.000
299.208333 300.208333   4.260 0.000   2.490 0.000
302.208333 303.208333  13.494 0.000  11.261 0.000
305.208333 306.208333  16.988 0.000   8.056 0.000
308.208333 309.208333   7.927 0.000   4.673 0.000
311.208333 312.208333  29.020 0.000  21.605 0.000
314.208333 315.208333   5.463 0.000   3.850 0.000
317.208333 318.208333   9.350 0.000   4.945 0.000
320.208333 321.208333   4.891 0.000   2.703 0.000
323.208333 324.208333   2.505 0.000   1.777 0.000
326.208333 327.208333   5.629 0.000   4.619 0.000
329.208333 330.208333  10.998 0.000   6.907 0.000
332.208333 333.208333   0.258 0.000   0.379 0.000
335.208333 336.208333   5.122 0.000   4.150 0.000
338.208333 339.208333   2.944 0.000   2.293 0.000
341.208333 342.208333  15.624 0.000  11.859 0.000
344.208333 345.208333  14.114 0.000  10.427 0.000
347.208333 348.208333  20.795 0.000  18.939 0.000
350.208333 351.208333   4.764 0.000   3.343 0.000
353.208333 354.208333 999.999 0.456   6.663 0.000
356.208333 357.208333   3.233 0.000   2.240 0.000
359.208333 360.208333   4.066 0.000   3.496 0.000
362.208333 363.208333   5.132 0.000   4.101 0.000
