scripts/IMPROVE-2019_partial/data/CA0107R.20150103070000.20191216000000.filterpack...1y.3d.US03L_filterpack_CA0107.US03L_IMPROVE_Davis.lev2.nas
54 1001
MISSING INFORMATION
US03L, IMPROVE, , , , , , , 
MISSING INFORMATION
IMPROVE sel_HTAP
1 1
2015 01 01 2019 12 16
3.000000
days from file reference point
5
1 1 1 1 1
999.999999 9999.999 9.999 9999.999 9.999
end_time of measurement, days from the file reference point
pm10_mass, ug/m3, Matrix=pm10
numflag pm10_mass, no unit, Matrix=pm10
pm25_mass, ug/m3, Matrix=pm25
numflag pm25_mass, no unit, Matrix=pm25
0
35
Data definition:              EBAS_1.1
Set type code:                TU
Timezone:                     UTC
File name:                    CA0107R.20150103070000.20191216000000.filterpack...1y.3d.US03L_filterpack_CA0107.US03L_IMPROVE_Davis.lev2.nas
File creation:                20191218115559
Startdate:                    20150103070000
Revision date:                20191216000000
Version:                      2
Version description:          "Data extracted from http://views.cira.colostate.edu/fed/DataWizard 2019-12-16"
Statistics:                   arithmetic mean
Data level:                   2
Period code:                  1y
Resolution code:              3d
Sample duration:              1d
Orig. time res.:              3d
Station code:                 CA0107R
Platform code:                CA0107S
Station name:                 Barrier Lake
Station land use:             Forest
Station setting:              Rural
Station latitude:             51.029
Station longitude:            -115.0336
Station altitude:             1391.0 m
Regime:                       IMG
Component:                    
Unit:                         ug/m3
Matrix:                       
Laboratory code:              US03L
Instrument type:              filterpack
Instrument name:              filterpack_CA0107
Method ref:                   US03L_IMPROVE_Davis
Blank correction:             Blank corrected
Volume std. temperature:      ambient
Volume std. pressure:         ambient
starttime endtime PM10 flag_PM10 PM2.5 flag_PM2.5
  2.291667   3.291667    2.409 0.000    2.100 0.000
  5.291667   6.291667    2.991 0.000    2.415 0.000
  8.291667   9.291667   12.085 0.000    9.448 0.000
 11.291667  12.291667   34.713 0.000   29.811 0.000
 14.291667  15.291667    5.104 0.000    3.172 0.000
 17.291667  18.291667    1.678 0.000    0.949 0.000
 20.291667  21.291667   30.877 0.000   28.545 0.000
 23.291667  24.291667    0.543 0.000    0.187 0.000
 26.291667  27.291667    0.994 0.000    0.473 0.000
 29.291667  30.291667    9.491 0.000    3.459 0.000
 32.291667  33.291667   14.142 0.000   12.522 0.000
 35.291667  36.291667   10.161 0.000    9.043 0.000
 38.291667  39.291667    1.254 0.000    0.625 0.000
 41.291667  42.291667   21.547 0.000   16.033 0.000
 44.291667  45.291667    0.881 0.000    0.499 0.000
 47.291667  48.291667    3.709 0.000    1.458 0.000
 50.291667  51.291667    1.181 0.000    0.906 0.000
 53.291667  54.291667    3.305 0.000    1.399 0.000
 56.291667  57.291667    5.697 0.000    4.303 0.000
 59.291667  60.291667    5.596 0.000    2.520 0.000
 62.291667  63.291667    4.272 0.000    1.845 0.000
 65.291667  66.291667    1.934 0.000    0.812 0.000
 68.291667  69.291667    4.061 0.000    1.944 0.000
 71.291667  72.291667    4.168 0.000    2.453 0.000
 74.291667  75.291667    3.179 0.000    2.143 0.000
 77.291667  78.291667    1.776 0.000    0.880 0.000
 80.291667  81.291667    4.761 0.000    2.981 0.000
 83.291667  84.291667    2.065 0.000    1.184 0.000
 86.291667  87.291667    1.703 0.000    1.356 0.000
 89.291667  90.291667    3.704 0.000    2.064 0.000
 92.291667  93.291667    4.723 0.000    3.202 0.000
 95.291667  96.291667    2.814 0.000    2.381 0.000
 98.291667  99.291667    9.457 0.000    4.765 0.000
101.291667 102.291667    2.314 0.000    0.633 0.000
104.291667 105.291667    1.480 0.000    0.840 0.000
107.291667 108.291667    2.096 0.000    1.340 0.000
110.291667 111.291667    2.693 0.000    1.373 0.000
113.291667 114.291667    6.173 0.000    2.228 0.000
116.291667 117.291667    3.031 0.000    1.552 0.000
119.291667 120.291667    9.639 0.000    2.654 0.000
122.291667 123.291667    2.637 0.000    1.628 0.000
125.291667 126.291667    0.715 0.000    0.536 0.000
128.291667 129.291667    7.300 0.000    4.198 0.000
131.291667 132.291667   10.038 0.000    4.224 0.000
134.291667 135.291667    5.187 0.000    2.728 0.000
137.291667 138.291667    4.632 0.000    2.642 0.000
140.291667 141.291667    9.137 0.000    3.172 0.000
143.291667 144.291667   10.713 0.000    4.273 0.000
146.291667 147.291667    8.673 0.000    7.037 0.000
149.291667 150.291667    7.988 0.000    4.367 0.000
152.291667 153.291667    9.883 0.000    7.141 0.000
155.291667 156.291667    4.724 0.000    1.747 0.000
158.291667 159.291667   14.240 0.000    4.520 0.000
161.291667 162.291667   13.159 0.000    4.733 0.000
164.291667 165.291667    3.458 0.000    2.038 0.000
167.291667 168.291667    5.171 0.000    3.281 0.000
170.291667 171.291667    3.763 0.000    2.067 0.000
173.291667 174.291667    6.858 0.000    2.659 0.000
176.291667 177.291667    8.053 0.000    3.027 0.000
179.291667 180.291667   15.386 0.000    9.634 0.000
182.291667 183.291667    8.773 0.000    3.894 0.000
185.291667 186.291667   10.363 0.000    6.726 0.000
188.291667 189.291667   15.154 0.000   10.930 0.000
191.291667 192.291667   17.108 0.000   10.550 0.000
194.291667 195.291667    3.325 0.000    1.727 0.000
197.291667 198.291667    2.414 0.000    0.725 0.000
200.291667 201.291667    6.577 0.000    3.197 0.000
203.291667 204.291667   10.094 0.000    4.136 0.000
206.291667 207.291667    2.517 0.000    1.500 0.000
209.291667 210.291667    3.257 0.000    1.349 0.000
212.291667 213.291667   14.039 0.000    5.202 0.000
215.291667 216.291667   10.877 0.000    7.953 0.000
218.291667 219.291667    3.504 0.000    1.220 0.000
221.291667 222.291667   11.571 0.000    8.047 0.000
224.291667 225.291667   18.383 0.000   13.033 0.000
227.291667 228.291667    3.123 0.000    1.274 0.000
230.291667 231.291667    5.738 0.000    2.548 0.000
233.291667 234.291667    2.089 0.000    1.089 0.000
236.291667 237.291667  121.070 0.000  115.723 0.659
239.291667 240.291667   65.992 0.000   61.128 0.659
242.291667 243.291667    3.332 0.000    0.982 0.000
245.291667 246.291667    4.515 0.000    1.949 0.000
248.291667 249.291667    1.380 0.000    0.907 0.000
251.291667 252.291667    1.782 0.000    0.843 0.000
254.291667 255.291667    8.271 0.000    5.002 0.000
257.291667 258.291667    1.550 0.000    0.828 0.000
260.291667 261.291667    2.326 0.000    1.208 0.000
263.291667 264.291667    1.887 0.000    1.043 0.000
266.291667 267.291667    3.732 0.000    1.912 0.000
269.291667 270.291667    2.050 0.000    0.726 0.000
272.291667 273.291667    5.217 0.000    1.761 0.000
275.291667 276.291667    0.796 0.000    0.634 0.000
278.291667 279.291667    5.927 0.000    3.729 0.000
281.291667 282.291667    2.929 0.000    1.421 0.000
284.291667 285.291667    1.213 0.000    0.697 0.000
287.291667 288.291667    8.323 0.000    2.826 0.000
290.291667 291.291667    8.477 0.000    4.055 0.000
293.291667 294.291667    1.513 0.000    0.967 0.000
296.291667 297.291667    5.136 0.000    2.272 0.000
299.291667 300.291667    2.296 0.000    0.937 0.000
302.291667 303.291667    1.429 0.000    0.889 0.000
305.291667 306.291667    1.454 0.000    1.313 0.000
308.291667 309.291667    4.175 0.000    3.699 0.000
311.291667 312.291667 9999.999 0.999 9999.999 0.999
314.291667 315.291667 9999.999 0.999 9999.999 0.999
317.291667 318.291667    3.713 0.000    2.939 0.000
320.291667 321.291667    1.316 0.000    0.833 0.000
323.291667 324.291667    1.207 0.000    0.755 0.000
326.291667 327.291667    8.608 0.000    5.162 0.000
329.291667 330.291667    1.437 0.000    0.690 0.000
332.291667 333.291667    0.909 0.000    0.422 0.000
335.291667 336.291667    1.650 0.000    0.727 0.000
338.291667 339.291667    0.932 0.000    0.484 0.000
341.291667 342.291667    0.677 0.000    0.274 0.000
344.291667 345.291667    1.403 0.000    1.006 0.000
347.291667 348.291667    4.835 0.000    3.841 0.000
350.291667 351.291667    1.757 0.000    0.904 0.000
353.291667 354.291667    1.321 0.000    0.307 0.000
356.291667 357.291667    0.647 0.000    0.461 0.000
359.291667 360.291667    0.523 0.000    0.390 0.000
362.291667 363.291667    0.262 0.000    0.484 0.000
