scripts/IMPROVE-2019_partial/data/CA0107R.20110115070000.20191216000000.filterpack...11mo.3d.US03L_filterpack_CA0107.US03L_IMPROVE_Davis.lev2.nas
54 1001
MISSING INFORMATION
US03L, IMPROVE, , , , , , , 
MISSING INFORMATION
IMPROVE sel_HTAP
1 1
2011 01 01 2019 12 16
3.000000
days from file reference point
5
1 1 1 1 1
999.999999 999.999 9.999 999.999 9.999
end_time of measurement, days from the file reference point
pm10_mass, ug/m3, Matrix=pm10
numflag pm10_mass, no unit, Matrix=pm10
pm25_mass, ug/m3, Matrix=pm25
numflag pm25_mass, no unit, Matrix=pm25
0
35
Data definition:              EBAS_1.1
Set type code:                TU
Timezone:                     UTC
File name:                    CA0107R.20110115070000.20191216000000.filterpack...11mo.3d.US03L_filterpack_CA0107.US03L_IMPROVE_Davis.lev2.nas
File creation:                20191218115559
Startdate:                    20110115070000
Revision date:                20191216000000
Version:                      2
Version description:          "Data extracted from http://views.cira.colostate.edu/fed/DataWizard 2019-12-16"
Statistics:                   arithmetic mean
Data level:                   2
Period code:                  11mo
Resolution code:              3d
Sample duration:              1d
Orig. time res.:              3d
Station code:                 CA0107R
Platform code:                CA0107S
Station name:                 Barrier Lake
Station land use:             Forest
Station setting:              Rural
Station latitude:             51.029
Station longitude:            -115.0336
Station altitude:             1391.0 m
Regime:                       IMG
Component:                    
Unit:                         ug/m3
Matrix:                       
Laboratory code:              US03L
Instrument type:              filterpack
Instrument name:              filterpack_CA0107
Method ref:                   US03L_IMPROVE_Davis
Blank correction:             Blank corrected
Volume std. temperature:      ambient
Volume std. pressure:         ambient
starttime endtime PM10 flag_PM10 PM2.5 flag_PM2.5
 14.291667  15.291667 999.999 0.999 999.999 0.999
 17.291667  18.291667 999.999 0.999 999.999 0.999
 20.291667  21.291667 999.999 0.456   0.474 0.000
 23.291667  24.291667   1.015 0.000   0.403 0.000
 26.291667  27.291667 999.999 0.456   0.911 0.000
 29.291667  30.291667   3.502 0.000   2.987 0.000
 32.291667  33.291667   3.662 0.000   1.743 0.000
 35.291667  36.291667   1.690 0.000   0.957 0.000
 38.291667  39.291667   1.595 0.000   1.466 0.000
 41.291667  42.291667   0.962 0.000   0.527 0.000
 44.291667  45.291667   3.139 0.000   1.637 0.000
 47.291667  48.291667  11.876 0.000   7.328 0.000
 50.291667  51.291667   2.462 0.000   1.394 0.000
 53.291667  54.291667   3.015 0.000   2.169 0.000
 56.291667  57.291667   2.571 0.000   1.239 0.000
 59.291667  60.291667   4.853 0.000   3.873 0.000
 62.291667  63.291667  15.271 0.000  10.478 0.000
 65.291667  66.291667   9.433 0.000   7.806 0.000
 68.291667  69.291667   2.539 0.000   1.985 0.000
 71.291667  72.291667   1.677 0.000   0.865 0.000
 74.291667  75.291667   0.676 0.000   0.190 0.000
 77.291667  78.291667   7.396 0.000   2.664 0.000
 80.291667  81.291667   3.742 0.000   3.246 0.000
 83.291667  84.291667  10.502 0.659   8.227 0.659
 86.291667  87.291667   2.236 0.659   1.583 0.659
 89.291667  90.291667 999.999 0.999 999.999 0.999
 92.291667  93.291667 999.999 0.999 999.999 0.999
 95.291667  96.291667   2.573 0.659   1.800 0.659
 98.291667  99.291667 999.999 0.999 999.999 0.999
101.291667 102.291667 999.999 0.999 999.999 0.999
104.291667 105.291667   3.598 0.000   2.439 0.000
107.291667 108.291667 999.999 0.999 999.999 0.999
110.291667 111.291667 999.999 0.999 999.999 0.999
113.291667 114.291667 999.999 0.999 999.999 0.999
116.291667 117.291667 999.999 0.999 999.999 0.999
119.291667 120.291667 999.999 0.999 999.999 0.999
122.291667 123.291667 999.999 0.999 999.999 0.999
125.291667 126.291667   2.396 0.000   1.250 0.000
128.291667 129.291667   1.897 0.000   1.552 0.000
131.291667 132.291667   4.660 0.000   2.305 0.000
134.291667 135.291667   6.009 0.000   2.438 0.000
137.291667 138.291667   4.666 0.000   1.463 0.000
140.291667 141.291667   5.288 0.000   3.696 0.000
143.291667 144.291667   1.752 0.000   1.299 0.000
146.291667 147.291667   1.402 0.000   1.064 0.000
149.291667 150.291667   8.440 0.000   5.772 0.000
152.291667 153.291667   3.946 0.000   2.627 0.000
155.291667 156.291667   6.808 0.000   3.663 0.000
158.291667 159.291667  13.551 0.000  11.312 0.000
161.291667 162.291667   4.377 0.000   2.741 0.000
164.291667 165.291667   1.772 0.000   0.525 0.000
167.291667 168.291667   2.189 0.000   0.715 0.000
170.291667 171.291667   3.087 0.000   1.143 0.000
173.291667 174.291667   8.175 0.000   3.047 0.000
176.291667 177.291667  18.614 0.000  17.209 0.000
179.291667 180.291667   4.307 0.000   1.088 0.000
182.291667 183.291667   6.558 0.000   3.616 0.000
185.291667 186.291667   5.179 0.000   2.117 0.000
188.291667 189.291667   8.107 0.000   1.526 0.000
191.291667 192.291667   6.632 0.000   3.526 0.000
194.291667 195.291667   5.091 0.000   1.703 0.000
197.291667 198.291667   9.079 0.000   3.008 0.000
200.291667 201.291667   3.105 0.000   1.393 0.000
203.291667 204.291667 999.999 0.456   0.931 0.000
206.291667 207.291667   3.055 0.000   1.270 0.000
209.291667 210.291667   4.507 0.000   2.623 0.000
212.291667 213.291667   4.049 0.000   1.661 0.000
215.291667 216.291667  15.735 0.000   7.221 0.000
218.291667 219.291667   8.444 0.000   2.625 0.000
221.291667 222.291667   8.947 0.000   4.470 0.000
224.291667 225.291667 999.999 0.999 999.999 0.999
227.291667 228.291667 999.999 0.999 999.999 0.999
230.291667 231.291667 999.999 0.999 999.999 0.999
233.291667 234.291667 999.999 0.999 999.999 0.999
236.291667 237.291667 999.999 0.999 999.999 0.999
239.291667 240.291667  22.816 0.000   6.067 0.000
242.291667 243.291667   1.767 0.000   0.751 0.000
245.291667 246.291667   1.958 0.000   0.993 0.000
248.291667 249.291667   3.192 0.000   1.894 0.000
251.291667 252.291667   8.853 0.000   4.346 0.000
254.291667 255.291667  12.046 0.000   5.557 0.000
257.291667 258.291667  10.556 0.000   6.954 0.000
260.291667 261.291667 999.999 0.999 999.999 0.999
263.291667 264.291667 999.999 0.999 999.999 0.999
266.291667 267.291667   5.878 0.000   2.453 0.000
269.291667 270.291667   1.164 0.000   0.469 0.000
272.291667 273.291667   5.841 0.000   1.908 0.000
275.291667 276.291667  13.756 0.000   5.951 0.000
278.291667 279.291667   2.666 0.000   1.989 0.000
281.291667 282.291667   2.031 0.000   1.377 0.000
284.291667 285.291667   0.541 0.000   0.407 0.000
287.291667 288.291667   2.652 0.000   2.073 0.000
290.291667 291.291667   3.800 0.000   1.995 0.000
293.291667 294.291667   3.867 0.000   2.135 0.000
296.291667 297.291667   1.920 0.000   1.513 0.000
299.291667 300.291667   2.327 0.000   1.518 0.000
302.291667 303.291667   3.192 0.000   1.072 0.000
305.291667 306.291667   3.803 0.000   1.671 0.000
308.291667 309.291667   4.189 0.659   3.256 0.000
311.291667 312.291667   3.735 0.000   3.034 0.000
314.291667 315.291667   2.988 0.000   1.761 0.000
317.291667 318.291667   1.573 0.000   0.448 0.000
320.291667 321.291667   4.903 0.000   2.249 0.000
323.291667 324.291667   2.479 0.659   1.504 0.000
326.291667 327.291667   1.562 0.000   0.287 0.000
329.291667 330.291667   1.361 0.000   0.406 0.000
332.291667 333.291667   1.916 0.000   1.262 0.000
335.291667 336.291667   1.604 0.000   0.848 0.000
338.291667 339.291667   2.581 0.000   1.160 0.000
341.291667 342.291667   4.948 0.659   2.812 0.000
344.291667 345.291667   2.485 0.000   1.929 0.000
347.291667 348.291667   3.338 0.659   2.662 0.000
350.291667 351.291667   1.085 0.000   0.442 0.000
353.291667 354.291667   0.776 0.000   0.378 0.000
356.291667 357.291667   2.732 0.000   0.783 0.000
359.291667 360.291667   0.866 0.000   0.346 0.000
362.291667 363.291667   0.863 0.000   0.382 0.000
