scripts/IMPROVE-2019_partial/data/KR0001R.20150102150000.20191216000000.filterpack...1y.3d.US03L_filterpack_KR0001_BYIS1.US03L_IMPROVE_Davis.lev2.nas
54 1001
MISSING INFORMATION
US03L, IMPROVE, , , , , , , 
MISSING INFORMATION
IMPROVE sel_HTAP
1 1
2015 01 01 2019 12 16
3.000
days from file reference point
5
1 1 1 1 1
999.999 9999.999 9.999 999.999 9.999
end_time of measurement, days from the file reference point
pm10_mass, ug/m3, Matrix=pm10
numflag pm10_mass, no unit, Matrix=pm10
pm25_mass, ug/m3, Matrix=pm25
numflag pm25_mass, no unit, Matrix=pm25
0
35
Data definition:              EBAS_1.1
Set type code:                TU
Timezone:                     UTC
File name:                    KR0001R.20150102150000.20191216000000.filterpack...1y.3d.US03L_filterpack_KR0001_BYIS1.US03L_IMPROVE_Davis.lev2.nas
File creation:                20191218115600
Startdate:                    20150102150000
Revision date:                20191216000000
Version:                      2
Version description:          "Data extracted from http://views.cira.colostate.edu/fed/DataWizard 2019-12-16"
Statistics:                   arithmetic mean
Data level:                   2
Period code:                  1y
Resolution code:              3d
Sample duration:              1d
Orig. time res.:              3d
Station code:                 KR0001R
Platform code:                KR0001S
Station name:                 Baengnyeong Island
Station land use:             Forest
Station setting:              Coastal
Station latitude:             37.9659
Station longitude:            124.6308
Station altitude:             100.0 m
Regime:                       IMG
Component:                    
Unit:                         ug/m3
Matrix:                       
Laboratory code:              US03L
Instrument type:              filterpack
Instrument name:              filterpack_KR0001_BYIS1
Method ref:                   US03L_IMPROVE_Davis
Blank correction:             Blank corrected
Volume std. temperature:      ambient
Volume std. pressure:         ambient
starttime endtime PM10 flag_PM10 PM2.5 flag_PM2.5
  1.625   2.625   19.102 0.659   9.347 0.659
  4.625   5.625   36.450 0.659   9.003 0.000
  7.625   8.625   50.496 0.659  34.393 0.000
 10.625  11.625   20.303 0.659  14.353 0.000
 13.625  14.625   97.352 0.659 999.999 0.699
 16.625  17.625   64.835 0.659  47.248 0.000
 19.625  20.625   43.589 0.659  31.062 0.000
 22.625  23.625   80.242 0.659 999.999 0.699
 25.625  26.625   29.591 0.659   8.891 0.000
 28.625  29.625   30.381 0.659  17.908 0.000
 31.625  32.625   35.317 0.659  24.210 0.000
 34.625  35.625   54.132 0.659  36.002 0.000
 37.625  38.625   57.636 0.659   9.787 0.000
 40.625  41.625   74.766 0.659  53.543 0.659
 43.625  44.625   59.926 0.659  37.663 0.000
 46.625  47.625   75.006 0.659  60.764 0.000
 49.625  50.625   45.117 0.659  37.114 0.000
 52.625  53.625  240.321 0.659  46.538 0.000
 55.625  56.625   32.819 0.659  21.188 0.000
 58.625  59.625  130.261 0.659  35.750 0.000
 61.625  62.625   37.945 0.000  14.169 0.000
 64.625  65.625   24.186 0.000  15.984 0.000
 67.625  68.625   35.225 0.000  10.525 0.000
 70.625  71.625   48.005 0.000  24.904 0.000
 73.625  74.625   48.486 0.000  32.767 0.000
 76.625  77.625  111.681 0.000  58.273 0.000
 79.625  80.625  190.792 0.000  52.593 0.000
 82.625  83.625   37.276 0.000  15.046 0.000
 85.625  86.625   38.329 0.000  23.293 0.000
 88.625  89.625 9999.999 0.456 999.999 0.456
 91.625  92.625 9999.999 0.456 999.999 0.456
 94.625  95.625 9999.999 0.456 999.999 0.456
 97.625  98.625 9999.999 0.456 999.999 0.456
100.625 101.625 9999.999 0.456 999.999 0.456
103.625 104.625 9999.999 0.456 999.999 0.456
106.625 107.625 9999.999 0.456 999.999 0.456
109.625 110.625 9999.999 0.456 999.999 0.456
112.625 113.625 9999.999 0.456 999.999 0.456
115.625 116.625 9999.999 0.999 999.999 0.456
118.625 119.625   31.114 0.000  23.188 0.000
121.625 122.625   18.881 0.000  14.956 0.000
124.625 125.625   48.560 0.000  14.485 0.000
127.625 128.625   18.895 0.000  12.441 0.000
130.625 131.625   62.482 0.000  37.691 0.000
133.625 134.625   63.819 0.000  34.690 0.000
136.625 137.625   38.868 0.000  28.497 0.000
139.625 140.625   56.275 0.000  28.312 0.000
142.625 143.625   25.253 0.000  15.300 0.000
145.625 146.625   20.424 0.000  12.757 0.000
148.625 149.625   28.151 0.000  23.852 0.000
151.625 152.625   25.759 0.000  21.229 0.000
154.625 155.625   30.842 0.000  13.250 0.000
157.625 158.625   31.257 0.000  20.020 0.000
160.625 161.625   23.030 0.000  17.107 0.000
163.625 164.625   25.630 0.000  16.223 0.000
166.625 167.625   52.976 0.000  35.188 0.000
169.625 170.625   21.329 0.000  15.883 0.000
172.625 173.625   19.112 0.000  16.767 0.000
175.625 176.625   29.544 0.000  20.072 0.000
178.625 179.625   21.303 0.000  17.757 0.000
181.625 182.625   25.435 0.000  17.569 0.000
184.625 185.625   14.768 0.000  10.834 0.000
187.625 188.625   32.203 0.000  20.114 0.000
190.625 191.625   22.425 0.000  11.322 0.000
193.625 194.625   42.216 0.000  19.297 0.000
196.625 197.625   22.320 0.000   5.945 0.000
199.625 200.625   22.965 0.000  17.030 0.000
202.625 203.625   18.402 0.000  13.533 0.000
205.625 206.625    8.777 0.000   6.628 0.000
208.625 209.625   53.414 0.000  37.053 0.000
211.625 212.625   29.339 0.000  20.659 0.000
214.625 215.625   55.000 0.000  29.118 0.000
217.625 218.625   31.474 0.000  27.590 0.000
220.625 221.625   48.855 0.000  40.022 0.000
223.625 224.625   39.175 0.000  26.320 0.000
226.625 227.625   49.076 0.000  43.927 0.000
229.625 230.625   35.609 0.000  25.255 0.000
232.625 233.625   32.987 0.000  22.689 0.000
235.625 236.625   15.072 0.000   3.782 0.000
238.625 239.625   17.771 0.000   8.917 0.000
241.625 242.625   20.083 0.000  12.446 0.000
244.625 245.625   23.101 0.000  10.994 0.000
247.625 248.625   21.128 0.000   8.001 0.000
250.625 251.625   16.196 0.000   6.507 0.000
253.625 254.625   15.276 0.000   6.571 0.000
256.625 257.625   33.929 0.000  17.951 0.000
259.625 260.625   16.766 0.000   7.199 0.000
262.625 263.625   18.534 0.000   7.879 0.000
265.625 266.625   24.326 0.000  17.772 0.000
268.625 269.625   28.176 0.000  15.437 0.000
271.625 272.625   28.792 0.000  10.390 0.000
274.625 275.625   30.993 0.000  10.572 0.000
277.625 278.625   16.590 0.000 999.999 0.456
280.625 281.625   34.028 0.000   6.412 0.000
283.625 284.625   16.249 0.000   5.972 0.000
286.625 287.625   50.608 0.000  33.380 0.000
289.625 290.625   37.658 0.000  24.243 0.000
292.625 293.625   92.584 0.000  54.967 0.000
295.625 296.625   49.066 0.000  31.519 0.000
298.625 299.625   76.812 0.000  16.946 0.000
301.625 302.625   24.527 0.000   5.250 0.000
304.625 305.625   55.665 0.000  36.911 0.000
307.625 308.625   55.516 0.000  38.998 0.000
310.625 311.625    2.383 0.000   1.420 0.000
313.625 314.625   77.852 0.000  64.848 0.000
316.625 317.625    3.536 0.000   1.913 0.000
319.625 320.625   29.726 0.000  21.484 0.000
322.625 323.625   39.586 0.000  30.117 0.000
325.625 326.625   33.884 0.000  23.825 0.000
328.625 329.625   26.599 0.000  18.985 0.000
331.625 332.625   47.228 0.000  36.688 0.000
334.625 335.625   53.482 0.000  34.769 0.000
337.625 338.625   24.258 0.000   9.020 0.000
340.625 341.625   28.611 0.000  18.839 0.000
343.625 344.625   45.950 0.000  30.384 0.000
346.625 347.625   38.951 0.000  28.564 0.000
349.625 350.625   14.885 0.000   6.451 0.000
352.625 353.625   32.859 0.000  23.957 0.000
355.625 356.625   72.792 0.000 999.999 0.699
358.625 359.625  125.173 0.659 999.999 0.699
361.625 362.625   44.408 0.000  28.162 0.000
