scripts/IMPROVE-2019_partial/data/KR0001R.20140101150000.20191216000000.filterpack...52w.3d.US03L_filterpack_KR0001_BYIS1.US03L_IMPROVE_Davis.lev2.nas
54 1001
MISSING INFORMATION
US03L, IMPROVE, , , , , , , 
MISSING INFORMATION
IMPROVE sel_HTAP
1 1
2014 01 01 2019 12 16
3.000
days from file reference point
5
1 1 1 1 1
999.999 9999.999 9.999 999.999 9.999
end_time of measurement, days from the file reference point
pm10_mass, ug/m3, Matrix=pm10
numflag pm10_mass, no unit, Matrix=pm10
pm25_mass, ug/m3, Matrix=pm25
numflag pm25_mass, no unit, Matrix=pm25
0
35
Data definition:              EBAS_1.1
Set type code:                TU
Timezone:                     UTC
File name:                    KR0001R.20140101150000.20191216000000.filterpack...52w.3d.US03L_filterpack_KR0001_BYIS1.US03L_IMPROVE_Davis.lev2.nas
File creation:                20191218115600
Startdate:                    20140101150000
Revision date:                20191216000000
Version:                      2
Version description:          "Data extracted from http://views.cira.colostate.edu/fed/DataWizard 2019-12-16"
Statistics:                   arithmetic mean
Data level:                   2
Period code:                  52w
Resolution code:              3d
Sample duration:              1d
Orig. time res.:              3d
Station code:                 KR0001R
Platform code:                KR0001S
Station name:                 Baengnyeong Island
Station land use:             Forest
Station setting:              Coastal
Station latitude:             37.9659
Station longitude:            124.6308
Station altitude:             100.0 m
Regime:                       IMG
Component:                    
Unit:                         ug/m3
Matrix:                       
Laboratory code:              US03L
Instrument type:              filterpack
Instrument name:              filterpack_KR0001_BYIS1
Method ref:                   US03L_IMPROVE_Davis
Blank correction:             Blank corrected
Volume std. temperature:      ambient
Volume std. pressure:         ambient
starttime endtime PM10 flag_PM10 PM2.5 flag_PM2.5
  0.625   1.625   20.028 0.000   6.821 0.000
  3.625   4.625   19.459 0.000  12.325 0.000
  6.625   7.625   38.354 0.000  22.621 0.000
  9.625  10.625   75.296 0.000  50.803 0.000
 12.625  13.625   37.851 0.000  26.072 0.000
 15.625  16.625   78.841 0.000 999.999 0.699
 18.625  19.625  117.273 0.659 999.999 0.699
 21.625  22.625   49.423 0.000  30.762 0.000
 24.625  25.625   16.363 0.000   4.784 0.000
 27.625  28.625   14.603 0.000   4.549 0.000
 30.625  31.625   23.450 0.000  17.277 0.000
 33.625  34.625   30.787 0.000   7.533 0.000
 36.625  37.625   31.468 0.000  15.904 0.000
 39.625  40.625   19.180 0.000  13.156 0.000
 42.625  43.625   42.051 0.000  27.419 0.000
 45.625  46.625   29.461 0.000  21.596 0.000
 48.625  49.625 9999.999 0.999 999.999 0.999
 51.625  52.625 9999.999 0.999 999.999 0.999
 54.625  55.625 9999.999 0.999 999.999 0.999
 57.625  58.625   22.294 0.000  12.818 0.000
 60.625  61.625   22.297 0.000  12.893 0.659
 63.625  64.625   22.656 0.000  14.210 0.000
 66.625  67.625   46.588 0.000  34.329 0.000
 69.625  70.625  122.863 0.000  25.279 0.000
 72.625  73.625   99.748 0.000  63.640 0.000
 75.625  76.625   52.461 0.000  28.976 0.000
 78.625  79.625   43.514 0.000  16.198 0.000
 81.625  82.625   34.002 0.000  24.535 0.000
 84.625  85.625   31.189 0.000  26.478 0.000
 87.625  88.625   68.590 0.000  52.934 0.000
 90.625  91.625   51.716 0.000  32.716 0.000
 93.625  94.625   41.685 0.000  19.657 0.000
 96.625  97.625   24.349 0.000  18.394 0.000
 99.625 100.625   27.558 0.000  20.430 0.000
102.625 103.625   27.986 0.000  21.598 0.000
105.625 106.625   28.790 0.000  23.008 0.000
108.625 109.625   67.510 0.000  45.075 0.000
111.625 112.625 9999.999 0.699 999.999 0.699
114.625 115.625   36.718 0.000  27.862 0.000
117.625 118.625   40.109 0.000  18.831 0.000
120.625 121.625   53.092 0.659  28.350 0.000
123.625 124.625   36.516 0.659  15.497 0.000
126.625 127.625   41.903 0.659  29.319 0.000
129.625 130.625   34.081 0.659  17.904 0.000
132.625 133.625 9999.999 0.999 999.999 0.999
135.625 136.625   34.519 0.659  17.664 0.000
138.625 139.625   53.891 0.000  26.493 0.000
141.625 142.625   24.875 0.000  17.208 0.000
144.625 145.625 9999.999 0.999  44.620 0.000
147.625 148.625 9999.999 0.999  15.872 0.000
150.625 151.625 9999.999 0.999  31.983 0.000
153.625 154.625 9999.999 0.999 999.999 0.999
156.625 157.625 9999.999 0.999  15.377 0.000
159.625 160.625   31.978 0.000  23.994 0.000
162.625 163.625   44.230 0.000  26.201 0.000
165.625 166.625   33.554 0.000  23.609 0.000
168.625 169.625   33.490 0.000  21.853 0.000
171.625 172.625   33.838 0.000  24.128 0.000
174.625 175.625   51.454 0.000  35.612 0.000
177.625 178.625   24.443 0.000  15.014 0.000
180.625 181.625   25.475 0.000  18.169 0.000
183.625 184.625   15.948 0.000   9.881 0.000
186.625 187.625   27.772 0.000  19.234 0.000
189.625 190.625   40.089 0.000  23.399 0.000
192.625 193.625   56.753 0.000  39.798 0.000
195.625 196.625   32.237 0.000  21.632 0.000
198.625 199.625   44.740 0.000  31.129 0.000
201.625 202.625   11.304 0.000   6.521 0.000
204.625 205.625   13.593 0.000   5.668 0.000
207.625 208.625   68.650 0.000  60.380 0.000
210.625 211.625   27.607 0.000  18.300 0.000
213.625 214.625   13.907 0.000   6.672 0.000
216.625 217.625 9999.999 0.999 999.999 0.999
219.625 220.625   23.639 0.000  12.982 0.000
222.625 223.625   60.686 0.000  46.714 0.000
225.625 226.625   35.624 0.000  23.216 0.000
228.625 229.625   28.062 0.000  17.581 0.000
231.625 232.625   29.621 0.000  17.292 0.000
234.625 235.625   38.145 0.000  29.572 0.000
237.625 238.625   14.121 0.000   6.191 0.000
240.625 241.625   23.707 0.000  15.026 0.000
243.625 244.625   28.491 0.000  15.396 0.000
246.625 247.625   33.509 0.000  20.044 0.000
249.625 250.625   49.482 0.000  35.523 0.000
252.625 253.625 9999.999 0.999 999.999 0.999
255.625 256.625   46.527 0.000  34.341 0.000
258.625 259.625 9999.999 0.456 999.999 0.456
261.625 262.625 9999.999 0.456 999.999 0.456
264.625 265.625 9999.999 0.456 999.999 0.456
267.625 268.625 9999.999 0.456  11.569 0.000
270.625 271.625   22.942 0.000  15.209 0.000
273.625 274.625   24.875 0.000  16.132 0.000
276.625 277.625   19.557 0.000  10.991 0.000
279.625 280.625 9999.999 0.999 999.999 0.999
282.625 283.625   27.277 0.000  17.957 0.000
285.625 286.625   34.145 0.000  17.948 0.000
288.625 289.625   19.808 0.000   5.459 0.000
291.625 292.625   14.558 0.000  10.290 0.000
294.625 295.625   37.371 0.659  23.997 0.000
297.625 298.625   45.149 0.659  11.858 0.000
300.625 301.625   24.938 0.000  14.383 0.000
303.625 304.625  124.511 0.659  89.446 0.659
306.625 307.625   48.463 0.000  20.312 0.000
309.625 310.625   33.117 0.659  16.949 0.000
312.625 313.625   83.225 0.659  42.286 0.659
315.625 316.625   46.624 0.659   8.619 0.000
318.625 319.625   29.033 0.659  19.339 0.000
321.625 322.625   48.786 0.659  31.189 0.000
324.625 325.625  118.545 0.659 999.999 0.699
327.625 328.625   46.398 0.659  23.809 0.000
330.625 331.625   33.630 0.659  20.946 0.000
333.625 334.625   77.787 0.659  14.415 0.000
336.625 337.625   23.081 0.659   7.441 0.000
339.625 340.625   27.080 0.659  15.245 0.000
342.625 343.625 9999.999 0.999 999.999 0.999
345.625 346.625 9999.999 0.999 999.999 0.999
348.625 349.625 9999.999 0.999 999.999 0.999
351.625 352.625 9999.999 0.999 999.999 0.999
354.625 355.625 9999.999 0.999 999.999 0.999
357.625 358.625   19.285 0.659   9.730 0.659
360.625 361.625 9999.999 0.699 999.999 0.699
363.625 364.625   31.490 0.659  12.337 0.659
