scripts/IMPROVE-2019_partial/data/KR0001R.20130319150000.20191216000000.filterpack...9mo.3d.US03L_filterpack_KR0001_BYIS1.US03L_IMPROVE_Davis.lev2.nas
54 1001
MISSING INFORMATION
US03L, IMPROVE, , , , , , , 
MISSING INFORMATION
IMPROVE sel_HTAP
1 1
2013 01 01 2019 12 16
3.000
days from file reference point
5
1 1 1 1 1
999.999 9999.999 9.999 999.999 9.999
end_time of measurement, days from the file reference point
pm10_mass, ug/m3, Matrix=pm10
numflag pm10_mass, no unit, Matrix=pm10
pm25_mass, ug/m3, Matrix=pm25
numflag pm25_mass, no unit, Matrix=pm25
0
35
Data definition:              EBAS_1.1
Set type code:                TU
Timezone:                     UTC
File name:                    KR0001R.20130319150000.20191216000000.filterpack...9mo.3d.US03L_filterpack_KR0001_BYIS1.US03L_IMPROVE_Davis.lev2.nas
File creation:                20191218115600
Startdate:                    20130319150000
Revision date:                20191216000000
Version:                      2
Version description:          "Data extracted from http://views.cira.colostate.edu/fed/DataWizard 2019-12-16"
Statistics:                   arithmetic mean
Data level:                   2
Period code:                  9mo
Resolution code:              3d
Sample duration:              1d
Orig. time res.:              3d
Station code:                 KR0001R
Platform code:                KR0001S
Station name:                 Baengnyeong Island
Station land use:             Forest
Station setting:              Coastal
Station latitude:             37.9659
Station longitude:            124.6308
Station altitude:             100.0 m
Regime:                       IMG
Component:                    
Unit:                         ug/m3
Matrix:                       
Laboratory code:              US03L
Instrument type:              filterpack
Instrument name:              filterpack_KR0001_BYIS1
Method ref:                   US03L_IMPROVE_Davis
Blank correction:             Blank corrected
Volume std. temperature:      ambient
Volume std. pressure:         ambient
starttime endtime PM10 flag_PM10 PM2.5 flag_PM2.5
 77.625  78.625 9999.999 0.999 999.999 0.999
 80.625  81.625 9999.999 0.999 999.999 0.999
 83.625  84.625 9999.999 0.999 999.999 0.999
 86.625  87.625   35.919 0.000  18.676 0.659
 89.625  90.625 9999.999 0.999  33.335 0.659
 92.625  93.625   56.056 0.000  42.327 0.659
 95.625  96.625   32.172 0.000  19.598 0.659
 98.625  99.625   41.648 0.000  23.395 0.659
101.625 102.625   58.929 0.000  30.676 0.659
104.625 105.625   61.588 0.000  36.816 0.659
107.625 108.625   35.465 0.000  16.283 0.659
110.625 111.625   61.766 0.000  37.882 0.659
113.625 114.625   53.305 0.000  38.864 0.659
116.625 117.625   43.034 0.000  27.654 0.659
119.625 120.625   37.182 0.000  21.379 0.659
122.625 123.625   59.239 0.000  37.750 0.659
125.625 126.625   29.678 0.000  25.153 0.659
128.625 129.625   36.336 0.000  27.110 0.659
131.625 132.625   79.743 0.000  59.008 0.659
134.625 135.625   21.536 0.000  10.788 0.659
137.625 138.625   12.476 0.000   9.791 0.659
140.625 141.625   45.675 0.000  21.144 0.659
143.625 144.625   74.614 0.000  55.072 0.659
146.625 147.625 9999.999 0.999 999.999 0.999
149.625 150.625 9999.999 0.999 999.999 0.999
152.625 153.625 9999.999 0.999 999.999 0.999
155.625 156.625   21.099 0.000  15.348 0.659
158.625 159.625   40.349 0.000  25.119 0.659
161.625 162.625   22.482 0.000  17.617 0.659
164.625 165.625   23.894 0.000  21.524 0.659
167.625 168.625   18.494 0.000  16.054 0.659
170.625 171.625   51.603 0.000  31.391 0.659
173.625 174.625 9999.999 0.999  27.222 0.659
176.625 177.625   22.941 0.000  15.052 0.659
179.625 180.625   18.676 0.000  13.114 0.659
182.625 183.625 9999.999 0.999 999.999 0.999
185.625 186.625   37.008 0.000  31.072 0.659
188.625 189.625   21.370 0.000  13.093 0.659
191.625 192.625    8.653 0.000   6.193 0.659
194.625 195.625   27.918 0.000   9.053 0.659
197.625 198.625   12.762 0.000   7.711 0.659
200.625 201.625   10.246 0.000   8.559 0.659
203.625 204.625   61.624 0.000  42.454 0.659
206.625 207.625   33.328 0.000  25.053 0.659
209.625 210.625   27.572 0.000  20.400 0.659
212.625 213.625   36.084 0.000  24.142 0.659
215.625 216.625   42.525 0.000  28.541 0.659
218.625 219.625   54.125 0.000  41.214 0.659
221.625 222.625   30.619 0.000  24.451 0.659
224.625 225.625   17.271 0.000   7.331 0.659
227.625 228.625   21.408 0.000   9.941 0.659
230.625 231.625   22.922 0.000  12.468 0.659
233.625 234.625   25.494 0.000  17.492 0.659
236.625 237.625   31.688 0.000  21.663 0.659
239.625 240.625   27.469 0.000  19.287 0.659
242.625 243.625   27.192 0.000  14.163 0.000
245.625 246.625   12.279 0.000   6.788 0.000
248.625 249.625   21.857 0.000  17.687 0.000
251.625 252.625   31.465 0.000  27.140 0.659
254.625 255.625   17.517 0.000  14.643 0.000
257.625 258.625   11.100 0.000   3.320 0.000
260.625 261.625   40.956 0.000  25.586 0.000
263.625 264.625   31.715 0.000  19.218 0.000
266.625 267.625   23.735 0.000   6.396 0.000
269.625 270.625   16.041 0.000   9.648 0.000
272.625 273.625   15.382 0.000  11.278 0.000
275.625 276.625   19.837 0.000   9.262 0.000
278.625 279.625    9.582 0.000   6.203 0.000
281.625 282.625   21.369 0.000  14.550 0.000
284.625 285.625   30.447 0.000  17.561 0.000
287.625 288.625   72.123 0.000   8.677 0.000
290.625 291.625   30.175 0.000  18.949 0.000
293.625 294.625   18.535 0.000   9.785 0.000
296.625 297.625   36.591 0.000  20.438 0.000
299.625 300.625   31.349 0.000  21.023 0.000
302.625 303.625   27.657 0.000  19.336 0.000
305.625 306.625   72.520 0.000  59.094 0.659
308.625 309.625   26.285 0.000  18.093 0.000
311.625 312.625   22.933 0.000  15.400 0.000
314.625 315.625   17.236 0.000   7.283 0.000
317.625 318.625   58.173 0.000  30.542 0.000
320.625 321.625   18.543 0.000   5.815 0.000
323.625 324.625   19.496 0.000   9.682 0.000
326.625 327.625   50.805 0.000  37.182 0.659
329.625 330.625   15.549 0.000   5.772 0.000
332.625 333.625   71.739 0.000  42.510 0.659
335.625 336.625   97.099 0.000 999.999 0.699
338.625 339.625   17.901 0.000   8.072 0.000
341.625 342.625   44.082 0.000  34.985 0.000
344.625 345.625   19.546 0.000   9.345 0.000
347.625 348.625   29.185 0.000  13.322 0.000
350.625 351.625 9999.999 0.999 999.999 0.999
353.625 354.625 9999.999 0.999 999.999 0.999
356.625 357.625   22.762 0.000  16.512 0.000
359.625 360.625   19.942 0.000   8.709 0.000
362.625 363.625  112.170 0.000  67.359 0.000
