scripts/IMPROVE-2019_partial/data/KR0001R.20151231150000.20191216000000.filterpack...52w.3d.US03L_filterpack_KR0001_BYIS1.US03L_IMPROVE_Davis.lev2.nas
54 1001
MISSING INFORMATION
US03L, IMPROVE, , , , , , , 
MISSING INFORMATION
IMPROVE sel_HTAP
1 1
2016 01 01 2019 12 16
3.000
days from file reference point
5
1 1 1 1 1
999.999 9999.999 9.999 999.999 9.999
end_time of measurement, days from the file reference point
pm10_mass, ug/m3, Matrix=pm10
numflag pm10_mass, no unit, Matrix=pm10
pm25_mass, ug/m3, Matrix=pm25
numflag pm25_mass, no unit, Matrix=pm25
0
35
Data definition:              EBAS_1.1
Set type code:                TU
Timezone:                     UTC
File name:                    KR0001R.20151231150000.20191216000000.filterpack...52w.3d.US03L_filterpack_KR0001_BYIS1.US03L_IMPROVE_Davis.lev2.nas
File creation:                20191218115600
Startdate:                    20151231150000
Revision date:                20191216000000
Version:                      2
Version description:          "Data extracted from http://views.cira.colostate.edu/fed/DataWizard 2019-12-16"
Statistics:                   arithmetic mean
Data level:                   2
Period code:                  52w
Resolution code:              3d
Sample duration:              1d
Orig. time res.:              3d
Station code:                 KR0001R
Platform code:                KR0001S
Station name:                 Baengnyeong Island
Station land use:             Forest
Station setting:              Coastal
Station latitude:             37.9659
Station longitude:            124.6308
Station altitude:             100.0 m
Regime:                       IMG
Component:                    
Unit:                         ug/m3
Matrix:                       
Laboratory code:              US03L
Instrument type:              filterpack
Instrument name:              filterpack_KR0001_BYIS1
Method ref:                   US03L_IMPROVE_Davis
Blank correction:             Blank corrected
Volume std. temperature:      ambient
Volume std. pressure:         ambient
starttime endtime PM10 flag_PM10 PM2.5 flag_PM2.5
 -0.375   0.625   39.080 0.000  21.727 0.000
  2.625   3.625   35.452 0.000  23.764 0.000
  5.625   6.625   26.047 0.000  11.092 0.000
  8.625   9.625   48.690 0.000  29.449 0.000
 11.625  12.625 9999.999 0.999 999.999 0.999
 14.625  15.625 9999.999 0.999 999.999 0.999
 17.625  18.625 9999.999 0.999 999.999 0.999
 20.625  21.625   21.545 0.000  11.317 0.000
 23.625  24.625   71.440 0.000  13.055 0.000
 26.625  27.625   33.488 0.000  15.428 0.000
 29.625  30.625   28.040 0.000  12.863 0.000
 32.625  33.625   38.996 0.000  22.444 0.000
 35.625  36.625   28.231 0.000  13.901 0.000
 38.625  39.625   34.094 0.000  14.901 0.000
 41.625  42.625   31.788 0.000  10.640 0.000
 44.625  45.625   26.570 0.000   6.802 0.000
 47.625  48.625   80.639 0.000  49.199 0.000
 50.625  51.625   31.110 0.000  10.322 0.000
 53.625  54.625   33.824 0.000  12.400 0.000
 56.625  57.625   68.919 0.000  46.813 0.000
 59.625  60.625   38.232 0.000  19.848 0.000
 62.625  63.625   50.331 0.000  26.530 0.000
 65.625  66.625  133.400 0.000  30.879 0.000
 68.625  69.625   36.364 0.000  12.651 0.000
 71.625  72.625 9999.999 0.999  46.698 0.000
 74.625  75.625 9999.999 0.999 999.999 0.999
 77.625  78.625 9999.999 0.999 999.999 0.456
 80.625  81.625 9999.999 0.999 999.999 0.456
 83.625  84.625 9999.999 0.999  37.876 0.000
 86.625  87.625 9999.999 0.999  52.693 0.000
 89.625  90.625 9999.999 0.999  21.987 0.000
 92.625  93.625 9999.999 0.999   8.093 0.000
 95.625  96.625 9999.999 0.456 999.999 0.456
 98.625  99.625 9999.999 0.456 999.999 0.456
101.625 102.625 9999.999 0.456 999.999 0.456
104.625 105.625 9999.999 0.456 999.999 0.456
107.625 108.625 9999.999 0.456 999.999 0.999
110.625 111.625 9999.999 0.456 999.999 0.999
113.625 114.625 9999.999 0.456 999.999 0.999
116.625 117.625   71.180 0.000  29.605 0.000
119.625 120.625   89.429 0.000  46.818 0.000
122.625 123.625 9999.999 0.999 999.999 0.999
125.625 126.625   57.565 0.000  17.365 0.000
128.625 129.625   32.310 0.000  13.455 0.000
131.625 132.625   53.285 0.000  29.289 0.000
134.625 135.625   23.287 0.000  16.135 0.000
137.625 138.625   48.631 0.000 999.999 0.456
140.625 141.625   31.646 0.000  20.394 0.000
143.625 144.625   28.988 0.000  19.599 0.000
146.625 147.625   66.570 0.000  34.610 0.000
149.625 150.625   64.793 0.000  57.470 0.000
152.625 153.625   30.160 0.000  13.973 0.000
155.625 156.625   33.556 0.000  19.595 0.000
158.625 159.625   10.264 0.000 999.999 0.456
161.625 162.625   16.484 0.000 999.999 0.456
164.625 165.625   27.796 0.000 999.999 0.456
167.625 168.625   78.041 0.000 999.999 0.456
170.625 171.625   34.853 0.000 999.999 0.456
173.625 174.625   36.126 0.000 999.999 0.456
176.625 177.625   24.151 0.000 999.999 0.456
179.625 180.625 9999.999 0.999 999.999 0.999
182.625 183.625   38.593 0.000  30.232 0.000
185.625 186.625    4.054 0.000   2.297 0.000
188.625 189.625   17.950 0.000  13.144 0.000
191.625 192.625   27.910 0.000  21.141 0.000
194.625 195.625   21.527 0.000  12.285 0.000
197.625 198.625    5.472 0.000   8.264 0.000
200.625 201.625   42.915 0.000  36.623 0.000
203.625 204.625   11.725 0.000   7.196 0.000
206.625 207.625   16.777 0.000  13.359 0.000
209.625 210.625   29.206 0.000  22.280 0.000
212.625 213.625   13.772 0.000  10.680 0.000
215.625 216.625   20.363 0.000 999.999 0.456
218.625 219.625   20.078 0.000  15.926 0.000
221.625 222.625   16.583 0.000  11.651 0.000
224.625 225.625   24.217 0.000  20.245 0.000
227.625 228.625   18.794 0.000   8.549 0.000
230.625 231.625   32.225 0.000  24.668 0.000
233.625 234.625   17.936 0.000  10.654 0.000
236.625 237.625   15.513 0.000   8.643 0.000
239.625 240.625   17.997 0.000   8.622 0.000
242.625 243.625   25.876 0.000   8.251 0.000
245.625 246.625   15.327 0.000  12.872 0.000
248.625 249.625   37.770 0.000  31.507 0.000
251.625 252.625   24.970 0.000  22.483 0.000
254.625 255.625   28.093 0.000  20.952 0.000
257.625 258.625   30.956 0.000  26.651 0.000
260.625 261.625   24.875 0.000  12.909 0.000
263.625 264.625   33.086 0.000  23.788 0.000
266.625 267.625   25.730 0.000  21.270 0.000
269.625 270.625   30.507 0.000  24.288 0.000
272.625 273.625   17.420 0.000  10.758 0.000
275.625 276.625   19.759 0.000  13.142 0.000
278.625 279.625   22.375 0.000  10.541 0.000
281.625 282.625   17.306 0.000   8.459 0.000
284.625 285.625   16.421 0.000  10.541 0.000
287.625 288.625   48.621 0.000  28.902 0.000
290.625 291.625   22.263 0.000   9.490 0.000
293.625 294.625   43.844 0.000  22.200 0.000
296.625 297.625   15.696 0.000   7.276 0.000
299.625 300.625   27.023 0.000  10.078 0.000
302.625 303.625   21.853 0.000   6.507 0.000
305.625 306.625   23.529 0.000  13.214 0.000
308.625 309.625   79.274 0.000  67.788 0.000
311.625 312.625   37.449 0.000  27.231 0.000
314.625 315.625   61.547 0.000  27.809 0.000
317.625 318.625   53.547 0.000  26.430 0.000
320.625 321.625   36.950 0.000  13.337 0.000
323.625 324.625 9999.999 0.999 999.999 0.999
326.625 327.625   43.120 0.000   9.356 0.000
329.625 330.625   28.532 0.000  20.358 0.000
332.625 333.625   28.847 0.000  15.408 0.000
335.625 336.625 9999.999 0.999 999.999 0.999
338.625 339.625 9999.999 0.999 999.999 0.999
341.625 342.625   40.244 0.000  24.223 0.000
344.625 345.625   20.077 0.000  13.107 0.000
347.625 348.625   23.619 0.000  12.032 0.000
350.625 351.625   73.796 0.000  54.015 0.000
353.625 354.625   42.489 0.000  30.845 0.000
356.625 357.625   35.976 0.000  19.029 0.000
359.625 360.625   33.722 0.000  23.693 0.000
362.625 363.625   27.506 0.000  10.373 0.000
