scripts/IMPROVE-2019_partial/data/KR0001R.20161231150000.20191216000000.filterpack...52w.3d.US03L_filterpack_KR0001_BYIS1.US03L_IMPROVE_Davis.lev2.nas
54 1001
MISSING INFORMATION
US03L, IMPROVE, , , , , , , 
MISSING INFORMATION
IMPROVE sel_HTAP
1 1
2017 01 01 2019 12 16
3.000
days from file reference point
5
1 1 1 1 1
999.999 9999.999 9.999 999.999 9.999
end_time of measurement, days from the file reference point
pm10_mass, ug/m3, Matrix=pm10
numflag pm10_mass, no unit, Matrix=pm10
pm25_mass, ug/m3, Matrix=pm25
numflag pm25_mass, no unit, Matrix=pm25
0
35
Data definition:              EBAS_1.1
Set type code:                TU
Timezone:                     UTC
File name:                    KR0001R.20161231150000.20191216000000.filterpack...52w.3d.US03L_filterpack_KR0001_BYIS1.US03L_IMPROVE_Davis.lev2.nas
File creation:                20191218115600
Startdate:                    20161231150000
Revision date:                20191216000000
Version:                      2
Version description:          "Data extracted from http://views.cira.colostate.edu/fed/DataWizard 2019-12-16"
Statistics:                   arithmetic mean
Data level:                   2
Period code:                  52w
Resolution code:              3d
Sample duration:              1d
Orig. time res.:              3d
Station code:                 KR0001R
Platform code:                KR0001S
Station name:                 Baengnyeong Island
Station land use:             Forest
Station setting:              Coastal
Station latitude:             37.9659
Station longitude:            124.6308
Station altitude:             100.0 m
Regime:                       IMG
Component:                    
Unit:                         ug/m3
Matrix:                       
Laboratory code:              US03L
Instrument type:              filterpack
Instrument name:              filterpack_KR0001_BYIS1
Method ref:                   US03L_IMPROVE_Davis
Blank correction:             Blank corrected
Volume std. temperature:      ambient
Volume std. pressure:         ambient
starttime endtime PM10 flag_PM10 PM2.5 flag_PM2.5
 -0.375   0.625   57.139 0.000  58.242 0.000
  2.625   3.625   60.826 0.000  43.649 0.000
  5.625   6.625   41.322 0.000  27.057 0.000
  8.625   9.625   22.358 0.000   9.171 0.000
 11.625  12.625   36.155 0.000  10.568 0.000
 14.625  15.625   13.915 0.000   8.159 0.000
 17.625  18.625   67.991 0.000  53.360 0.000
 20.625  21.625   51.047 0.000  19.766 0.000
 23.625  24.625   36.052 0.000  22.791 0.000
 26.625  27.625   16.020 0.000   7.146 0.000
 29.625  30.625   16.643 0.000   8.679 0.000
 32.625  33.625   69.418 0.000  45.702 0.000
 35.625  36.625   30.683 0.000  10.538 0.000
 38.625  39.625   51.331 0.000  12.665 0.000
 41.625  42.625   30.383 0.000  16.502 0.000
 44.625  45.625   37.967 0.000  16.667 0.000
 47.625  48.625   42.420 0.000  21.296 0.000
 50.625  51.625   21.051 0.000  11.141 0.000
 53.625  54.625   37.218 0.000  18.510 0.000
 56.625  57.625   17.843 0.000  10.931 0.000
 59.625  60.625   35.936 0.000  12.294 0.000
 62.625  63.625   56.565 0.000  39.250 0.000
 65.625  66.625   43.359 0.000  15.362 0.000
 68.625  69.625   38.683 0.000  30.210 0.000
 71.625  72.625   56.611 0.000  37.762 0.000
 74.625  75.625   44.917 0.000  35.169 0.000
 77.625  78.625   75.953 0.000  54.666 0.000
 80.625  81.625   53.773 0.000  31.176 0.000
 83.625  84.625   61.305 0.000  47.071 0.000
 86.625  87.625   39.697 0.000  36.026 0.000
 89.625  90.625   53.523 0.000  36.985 0.000
 92.625  93.625   51.159 0.000  33.935 0.000
 95.625  96.625   17.777 0.000  13.772 0.000
 98.625  99.625   29.308 0.000  18.194 0.000
101.625 102.625   92.204 0.000  42.224 0.000
104.625 105.625   12.898 0.000   7.996 0.000
107.625 108.625  132.374 0.000  21.496 0.000
110.625 111.625   71.805 0.000  26.675 0.000
113.625 114.625   35.141 0.000  18.614 0.000
116.625 117.625   55.736 0.000  16.879 0.000
119.625 120.625   99.199 0.000  29.928 0.000
122.625 123.625   42.299 0.000  19.937 0.000
125.625 126.625  127.741 0.000  25.667 0.000
128.625 129.625   36.112 0.000  17.778 0.000
131.625 132.625   57.441 0.000  16.366 0.000
134.625 135.625   39.059 0.000  21.858 0.000
137.625 138.625   24.854 0.000  15.295 0.000
140.625 141.625   24.945 0.000  21.888 0.000
143.625 144.625   24.764 0.000  10.379 0.000
146.625 147.625   66.743 0.000  38.534 0.000
149.625 150.625   28.285 0.000  17.653 0.000
152.625 153.625   22.734 0.000  10.113 0.000
155.625 156.625   12.444 0.000   6.896 0.000
158.625 159.625   59.834 0.000  29.843 0.000
161.625 162.625   28.225 0.000  16.481 0.000
164.625 165.625   57.047 0.000  47.082 0.000
167.625 168.625   43.216 0.000  29.840 0.000
170.625 171.625   38.207 0.000  22.126 0.000
173.625 174.625   17.799 0.000  13.551 0.000
176.625 177.625   17.243 0.000  14.777 0.000
179.625 180.625   37.206 0.000  26.216 0.000
182.625 183.625   25.877 0.000  18.740 0.000
185.625 186.625   34.007 0.000  18.765 0.000
188.625 189.625   20.636 0.000  13.795 0.000
191.625 192.625   42.808 0.000  19.434 0.000
194.625 195.625   12.676 0.000   9.426 0.000
197.625 198.625   20.624 0.000  12.046 0.000
200.625 201.625   66.520 0.000  33.883 0.000
203.625 204.625   31.027 0.000  19.827 0.000
206.625 207.625   30.790 0.000   8.339 0.000
209.625 210.625   24.389 0.000  16.131 0.000
212.625 213.625   58.236 0.000  24.178 0.000
215.625 216.625   29.155 0.000  20.009 0.000
218.625 219.625   42.319 0.000  33.002 0.000
221.625 222.625   18.897 0.000   4.027 0.000
224.625 225.625   11.576 0.000   2.810 0.000
227.625 228.625    8.647 0.000 999.999 0.456
230.625 231.625    9.413 0.000 999.999 0.456
233.625 234.625 9999.999 0.456   1.939 0.000
236.625 237.625    7.371 0.000   3.348 0.000
239.625 240.625   25.600 0.000   3.876 0.000
242.625 243.625   48.315 0.000  10.728 0.000
245.625 246.625   38.665 0.000  20.590 0.000
248.625 249.625   63.411 0.000  44.745 0.000
251.625 252.625   40.092 0.000  31.551 0.000
254.625 255.625   26.736 0.000   4.945 0.000
257.625 258.625   18.952 0.000   6.534 0.000
260.625 261.625   63.017 0.000  33.455 0.000
263.625 264.625   41.119 0.000  15.993 0.000
266.625 267.625   26.226 0.000  15.619 0.000
269.625 270.625   44.934 0.000   7.955 0.000
272.625 273.625   25.620 0.000  10.207 0.000
275.625 276.625   29.559 0.000   4.063 0.000
278.625 279.625   22.755 0.000  13.368 0.000
281.625 282.625   10.231 0.000   6.691 0.000
284.625 285.625   21.002 0.000   9.789 0.000
287.625 288.625   21.601 0.000  10.101 0.000
290.625 291.625   40.956 0.000  16.043 0.000
293.625 294.625   35.540 0.000  19.483 0.000
296.625 297.625   73.367 0.000  23.679 0.000
299.625 300.625   63.737 0.000  24.507 0.000
302.625 303.625   42.133 0.000  21.139 0.000
305.625 306.625   52.488 0.000  51.610 0.000
308.625 309.625   19.048 0.000  10.480 0.000
311.625 312.625   43.720 0.000   6.983 0.000
314.625 315.625   39.619 0.000   8.563 0.000
317.625 318.625   53.636 0.000   7.122 0.000
320.625 321.625   21.728 0.000   6.340 0.000
323.625 324.625   51.890 0.000  28.612 0.000
326.625 327.625   23.002 0.000   6.123 0.000
329.625 330.625   13.111 0.000   6.192 0.000
332.625 333.625   21.399 0.000   6.334 0.000
335.625 336.625   66.937 0.000  44.892 0.000
338.625 339.625   53.624 0.000  22.875 0.000
341.625 342.625   30.045 0.000  12.854 0.000
344.625 345.625   18.034 0.000   7.999 0.000
347.625 348.625   40.891 0.000  22.196 0.000
350.625 351.625   47.943 0.000  20.698 0.000
353.625 354.625   37.148 0.000  15.019 0.000
356.625 357.625   44.657 0.000  24.133 0.000
359.625 360.625   35.200 0.000  12.840 0.000
362.625 363.625   79.174 0.000  42.045 0.000
