scripts/IMPROVE-2019_partial/data/KR0001R.20151231150000.20191216000000.filterpack.pm25_mass.pm25.52w.3d.US03L_filterpack_KR0001_BYIS1_2.US03L_IMPROVE_Davis.lev2.nas
52 1001
MISSING INFORMATION
US03L, IMPROVE, , , , , , , 
MISSING INFORMATION
IMPROVE sel_HTAP
1 1
2016 01 01 2019 12 16
0
days from file reference point
3
1 1 1
999.999 999.999 9.999
end_time of measurement, days from the file reference point
pm25_mass, ug/m3
numflag pm25_mass, no unit
0
35
Data definition:              EBAS_1.1
Set type code:                TI
Timezone:                     UTC
File name:                    KR0001R.20151231150000.20191216000000.filterpack.pm25_mass.pm25.52w.3d.US03L_filterpack_KR0001_BYIS1_2.US03L_IMPROVE_Davis.lev2.nas
File creation:                20191218115600
Startdate:                    20151231150000
Revision date:                20191216000000
Version:                      2
Version description:          "Data extracted from http://views.cira.colostate.edu/fed/DataWizard 2019-12-16"
Statistics:                   arithmetic mean
Data level:                   2
Period code:                  52w
Resolution code:              3d
Sample duration:              1d
Orig. time res.:              3d
Station code:                 KR0001R
Platform code:                KR0001S
Station name:                 Baengnyeong Island
Station land use:             Forest
Station setting:              Coastal
Station latitude:             37.9659
Station longitude:            124.6308
Station altitude:             100.0 m
Regime:                       IMG
Component:                    pm25_mass
Unit:                         ug/m3
Matrix:                       pm25
Laboratory code:              US03L
Instrument type:              filterpack
Instrument name:              filterpack_KR0001_BYIS1_2
Method ref:                   US03L_IMPROVE_Davis
Blank correction:             Blank corrected
Volume std. temperature:      ambient
Volume std. pressure:         ambient
starttime endtime PM2.5 flag_PM2.5
 -0.375   0.625  21.312 0.000
  2.625   3.625  22.409 0.000
  5.625   6.625  11.581 0.000
  8.625   9.625  29.274 0.000
 11.625  12.625 999.999 0.999
 14.625  15.625 999.999 0.999
 17.625  18.625 999.999 0.999
 20.625  21.625  11.404 0.000
 23.625  24.625  13.436 0.000
 26.625  27.625  15.502 0.000
 29.625  30.625  12.450 0.000
 32.625  33.625  22.439 0.000
 35.625  36.625  14.581 0.000
 38.625  39.625  14.918 0.000
 41.625  42.625  10.083 0.000
 44.625  45.625   7.290 0.000
 47.625  48.625  55.139 0.000
 50.625  51.625  10.658 0.000
 53.625  54.625  12.860 0.000
 56.625  57.625  45.693 0.000
 59.625  60.625  20.253 0.000
 62.625  63.625  27.028 0.000
 65.625  66.625 999.999 0.999
 68.625  69.625 999.999 0.999
 71.625  72.625 999.999 0.999
 74.625  75.625 999.999 0.999
 77.625  78.625 999.999 0.999
 80.625  81.625 999.999 0.999
 83.625  84.625 999.999 0.999
 86.625  87.625 999.999 0.999
 89.625  90.625 999.999 0.999
 92.625  93.625 999.999 0.999
 95.625  96.625 999.999 0.456
 98.625  99.625 999.999 0.456
101.625 102.625 999.999 0.456
104.625 105.625 999.999 0.456
116.625 117.625  29.363 0.000
119.625 120.625  46.539 0.000
122.625 123.625 999.999 0.999
125.625 126.625  16.216 0.000
128.625 129.625  13.038 0.000
131.625 132.625  30.687 0.000
134.625 135.625  14.666 0.000
137.625 138.625  22.127 0.000
140.625 141.625  20.207 0.000
143.625 144.625  19.954 0.000
146.625 147.625  36.436 0.000
149.625 150.625 999.999 0.699
152.625 153.625  14.252 0.000
155.625 156.625  19.848 0.000
158.625 159.625  20.314 0.000
161.625 162.625  10.253 0.000
164.625 165.625  19.353 0.000
167.625 168.625  50.828 0.000
170.625 171.625  26.263 0.000
173.625 174.625  31.277 0.000
176.625 177.625 999.999 0.456
179.625 180.625 999.999 0.999
182.625 183.625  30.186 0.000
185.625 186.625   2.147 0.000
188.625 189.625  11.841 0.000
191.625 192.625  20.059 0.000
194.625 195.625  12.202 0.000
197.625 198.625   2.716 0.000
200.625 201.625  34.269 0.000
203.625 204.625   7.272 0.000
206.625 207.625  12.509 0.000
209.625 210.625  21.022 0.000
212.625 213.625   8.776 0.000
215.625 216.625  12.312 0.000
218.625 219.625  14.956 0.000
221.625 222.625  12.140 0.000
224.625 225.625  20.951 0.000
227.625 228.625   8.642 0.000
230.625 231.625  24.950 0.000
233.625 234.625  10.235 0.000
236.625 237.625   8.477 0.000
239.625 240.625   6.780 0.000
242.625 243.625   7.318 0.000
245.625 246.625  11.991 0.000
248.625 249.625  30.988 0.000
251.625 252.625  22.011 0.000
254.625 255.625  20.865 0.000
257.625 258.625  26.388 0.000
260.625 261.625  12.483 0.000
263.625 264.625  23.990 0.000
266.625 267.625  20.843 0.000
269.625 270.625  24.113 0.000
272.625 273.625   9.906 0.000
275.625 276.625  13.336 0.000
278.625 279.625  10.237 0.000
281.625 282.625   6.917 0.000
284.625 285.625   7.696 0.000
287.625 288.625  28.935 0.000
290.625 291.625   8.832 0.000
293.625 294.625  20.707 0.000
296.625 297.625   6.843 0.000
299.625 300.625   9.928 0.000
302.625 303.625   6.344 0.000
305.625 306.625  13.540 0.000
308.625 309.625  61.903 0.000
311.625 312.625  27.971 0.000
314.625 315.625  28.614 0.000
317.625 318.625  27.066 0.000
320.625 321.625  13.733 0.000
323.625 324.625 999.999 0.999
326.625 327.625   9.033 0.000
329.625 330.625  20.083 0.000
332.625 333.625  16.537 0.000
335.625 336.625 999.999 0.999
338.625 339.625 999.999 0.999
341.625 342.625  25.181 0.000
344.625 345.625  13.606 0.000
347.625 348.625  11.705 0.000
350.625 351.625 999.999 0.699
353.625 354.625  31.479 0.000
356.625 357.625  20.267 0.000
359.625 360.625  24.013 0.000
362.625 363.625  10.828 0.000
