scripts/IMPROVE-2019_partial/data/US0092U.20170101070000.20191216000000.filterpack...52w.3d.US03L_filterpack_US0092.US03L_IMPROVE_Davis.lev2.nas
51 1001
MISSING INFORMATION
US03L, IMPROVE, , , , , , , 
MISSING INFORMATION
IMPROVE sel_HTAP
1 1
2017 01 01 2019 12 16
3.000000
days from file reference point
4
1 1 1 1
999.999999 999.999 999.999 9.999
end_time of measurement, days from the file reference point
pm10_mass, ug/m3, Matrix=pm10
pm25_mass, ug/m3, Matrix=pm25
numflag, no unit
0
33
Data definition:              EBAS_1.1
Set type code:                TU
Timezone:                     UTC
File name:                    US0092U.20170101070000.20191216000000.filterpack...52w.3d.US03L_filterpack_US0092.US03L_IMPROVE_Davis.lev2.nas
File creation:                20191218120140
Startdate:                    20170101070000
Revision date:                20191216000000
Version:                      2
Version description:          "Data extracted from http://views.cira.colostate.edu/fed/DataWizard 2019-12-16"
Statistics:                   arithmetic mean
Data level:                   2
Period code:                  52w
Resolution code:              3d
Sample duration:              1d
Orig. time res.:              3d
Station code:                 US0092U
Platform code:                US0092S
Station name:                 Phoenix
Station latitude:             33.5038
Station longitude:            -112.0958
Station altitude:             342.0 m
Regime:                       IMG
Component:                    
Unit:                         ug/m3
Matrix:                       
Laboratory code:              US03L
Instrument type:              filterpack
Instrument name:              filterpack_US0092
Method ref:                   US03L_IMPROVE_Davis
Blank correction:             Blank corrected
Volume std. temperature:      ambient
Volume std. pressure:         ambient
starttime endtime PM10 PM2.5 flag
  0.291667   1.291667   9.548   7.750 0.000
  3.291667   4.291667  25.545  14.342 0.000
  6.291667   7.291667  35.189  20.814 0.000
  9.291667  10.291667  24.320  11.630 0.000
 12.291667  13.291667  34.488  13.388 0.000
 15.291667  16.291667  15.494   7.518 0.000
 18.291667  19.291667  18.773  11.653 0.000
 21.291667  22.291667  20.170   7.512 0.000
 24.291667  25.291667  17.795   9.445 0.000
 27.291667  28.291667  22.178  11.782 0.000
 30.291667  31.291667  33.903  12.122 0.000
 33.291667  34.291667  37.704  13.235 0.000
 36.291667  37.291667  29.205   8.939 0.000
 39.291667  40.291667  31.008   8.993 0.000
 42.291667  43.291667  12.322   3.497 0.000
 45.291667  46.291667  12.598   3.435 0.000
 48.291667  49.291667  12.550   4.019 0.000
 51.291667  52.291667  17.093   6.960 0.000
 54.291667  55.291667  16.993   6.819 0.000
 57.291667  58.291667  12.910   4.042 0.000
 60.291667  61.291667  11.095   2.952 0.000
 63.291667  64.291667  16.301   5.033 0.000
 66.291667  67.291667  35.850   8.106 0.000
 69.291667  70.291667  25.299   7.335 0.000
 72.291667  73.291667  28.765   8.223 0.000
 75.291667  76.291667  30.647   9.528 0.000
 78.291667  79.291667  29.339   9.138 0.000
 81.291667  82.291667  16.592   3.751 0.000
 84.291667  85.291667 999.999 999.999 0.456
 87.291667  88.291667  16.166   3.518 0.000
 90.291667  91.291667  23.192   7.822 0.000
 93.291667  94.291667  13.360   4.283 0.000
 96.291667  97.291667  26.850   6.629 0.000
 99.291667 100.291667  29.578   8.973 0.000
102.291667 103.291667  33.566   9.477 0.000
105.291667 106.291667  29.300  10.294 0.000
108.291667 109.291667  26.118   6.218 0.000
111.291667 112.291667  26.382   7.266 0.000
114.291667 115.291667  46.186  10.091 0.000
117.291667 118.291667  50.250   7.767 0.000
120.291667 121.291667  27.482   8.761 0.000
123.291667 124.291667  35.904   9.768 0.000
126.291667 127.291667  83.393  15.066 0.000
129.291667 130.291667  15.754   5.387 0.000
132.291667 133.291667  22.433   6.421 0.000
135.291667 136.291667  41.878   9.483 0.000
138.291667 139.291667  22.440   3.087 0.000
141.291667 142.291667  23.661   7.103 0.000
144.291667 145.291667  28.375   5.320 0.000
147.291667 148.291667  23.224   5.831 0.000
150.291667 151.291667  36.820   6.785 0.000
153.291667 154.291667  29.276   7.526 0.000
156.291667 157.291667  23.087   6.628 0.000
159.291667 160.291667  35.965   9.846 0.000
162.291667 163.291667  23.368   6.348 0.000
165.291667 166.291667  36.595   9.241 0.000
168.291667 169.291667  27.769   8.986 0.000
171.291667 172.291667  44.046  13.300 0.000
174.291667 175.291667  35.140  12.696 0.000
177.291667 178.291667  35.666   9.838 0.000
180.291667 181.291667  40.924  10.681 0.000
183.291667 184.291667  43.170  10.726 0.000
186.291667 187.291667  38.304  10.102 0.000
189.291667 190.291667  34.809   9.570 0.000
192.291667 193.291667  25.890   8.165 0.000
195.291667 196.291667  43.613   9.843 0.000
198.291667 199.291667  15.909   5.136 0.000
201.291667 202.291667  15.640   6.535 0.000
204.291667 205.291667   8.546   4.365 0.000
207.291667 208.291667  16.824   5.030 0.000
210.291667 211.291667  11.821   4.452 0.000
213.291667 214.291667  20.189   4.052 0.000
216.291667 217.291667  23.809   4.604 0.000
219.291667 220.291667  22.444   5.626 0.000
222.291667 223.291667  22.025   5.985 0.000
225.291667 226.291667  14.708   4.380 0.000
228.291667 229.291667  20.626   3.946 0.000
231.291667 232.291667  14.966   4.746 0.000
234.291667 235.291667  57.406   7.730 0.000
237.291667 238.291667  20.203   5.359 0.000
240.291667 241.291667  27.164   6.006 0.000
243.291667 244.291667  39.807   9.981 0.000
246.291667 247.291667  23.593   4.894 0.000
249.291667 250.291667  75.183  14.968 0.000
252.291667 253.291667  17.058   6.308 0.000
255.291667 256.291667  26.484   5.595 0.000
258.291667 259.291667  20.093   4.471 0.000
261.291667 262.291667  24.871   4.570 0.000
264.291667 265.291667  39.244   7.351 0.000
267.291667 268.291667  29.465   5.337 0.000
270.291667 271.291667  36.438   7.971 0.000
273.291667 274.291667  24.373   5.724 0.000
276.291667 277.291667  40.429  10.733 0.000
279.291667 280.291667  39.804  10.843 0.000
282.291667 283.291667  31.089   7.077 0.000
285.291667 286.291667  38.055  10.106 0.000
288.291667 289.291667  42.402  10.402 0.000
291.291667 292.291667  45.881  10.689 0.000
294.291667 295.291667  47.206  12.519 0.000
297.291667 298.291667  39.529   7.670 0.000
300.291667 301.291667  41.190  11.021 0.000
303.291667 304.291667  47.599  10.263 0.000
306.291667 307.291667  34.072   7.352 0.000
309.291667 310.291667  29.648   5.952 0.000
312.291667 313.291667  32.192   7.757 0.000
315.291667 316.291667  38.460  15.304 0.000
318.291667 319.291667  50.020  10.432 0.000
321.291667 322.291667  33.363  11.426 0.000
324.291667 325.291667  55.519  12.912 0.000
327.291667 328.291667  51.593  14.842 0.000
330.291667 331.291667  60.433  12.500 0.000
333.291667 334.291667  85.240  18.917 0.000
336.291667 337.291667  46.331  15.053 0.000
339.291667 340.291667  35.517   9.734 0.000
342.291667 343.291667  32.110  11.444 0.000
345.291667 346.291667  46.048  10.652 0.000
348.291667 349.291667  34.377   9.459 0.000
351.291667 352.291667  26.707  12.363 0.000
354.291667 355.291667  62.171   9.381 0.000
357.291667 358.291667  46.585  27.391 0.000
360.291667 361.291667  66.245  23.148 0.000
363.291667 364.291667  46.635  17.541 0.000
