scripts/IMPROVE-2019_partial/data/US0011R.20050101060000.20191216000000.filterpack..pm25.52w.1w.US03L_filterpack_US0011.US03L_IMPROVE_Davis.lev2.nas
64 1001
MISSING INFORMATION
US03L, IMPROVE, , , , , , , 
MISSING INFORMATION
IMPROVE sel_HTAP
1 1
2005 01 01 2019 12 16
3.00
days from file reference point
25
1 1 1 1 1 1 1 1 1 1 1 1 1 1 1 1 1 1 1 1 1 1 1 1 1
999.99 99999.99 9.999 99.99 9.999 9.999 9.999 9.99 9.999 99.999 9.999 99.999 9.999 999.999 9.999 999.999 9.999 999.999 9.999 999.999 9.999 9.999 9.999 99.999 9.999
end_time of measurement, days from the file reference point
iron, ng/m3, Revision date=20181210133000
numflag iron, no unit, Revision date=20181210133000
lead, ng/m3, Revision date=20181210133000
numflag lead, no unit, Revision date=20181210133000
magnesium, ug/m3, Revision date=20181210133000
numflag magnesium, no unit, Revision date=20181210133000
nickel, ng/m3, Revision date=20181210133000
numflag nickel, no unit, Revision date=20181210133000
nitrate, ug N/m3, Revision date=20181210133000
numflag nitrate, no unit, Revision date=20181210133000
organic_carbon, ug C/m3, Revision date=20181210133000
numflag organic_carbon, no unit, Revision date=20181210133000
organic_mass, ug/m3, Revision date=20181210133000
numflag organic_mass, no unit, Revision date=20181210133000
pm10_mass, ug/m3, Version=2, Version description=Data extracted from http://views.cira.colostate.edu/fed/DataWizard 2019-12-16, Sample duration=1d, Orig. time res.=3d, Matrix=pm10, Blank correction=Blank corrected, Volume std. temperature=ambient, Volume std. pressure=ambient
numflag pm10_mass, no unit, Version=2, Version description=Data extracted from http://views.cira.colostate.edu/fed/DataWizard 2019-12-16, Sample duration=1d, Orig. time res.=3d, Matrix=pm10, Blank correction=Blank corrected, Volume std. temperature=ambient, Volume std. pressure=ambient
pm10_pm25_mass, ug/m3, Revision date=20181210133000, Matrix=pm10_pm25
numflag pm10_pm25_mass, no unit, Revision date=20181210133000, Matrix=pm10_pm25
pm25_mass, ug/m3, Version=2, Version description=Data extracted from http://views.cira.colostate.edu/fed/DataWizard 2019-12-16, Sample duration=1d, Orig. time res.=3d, Blank correction=Blank corrected, Volume std. temperature=ambient, Volume std. pressure=ambient
numflag pm25_mass, no unit, Version=2, Version description=Data extracted from http://views.cira.colostate.edu/fed/DataWizard 2019-12-16, Sample duration=1d, Orig. time res.=3d, Blank correction=Blank corrected, Volume std. temperature=ambient, Volume std. pressure=ambient
potassium, ug/m3, Revision date=20181210133000
numflag potassium, no unit, Revision date=20181210133000
sulphate_total, ug S/m3, Revision date=20181210133000
numflag sulphate_total, no unit, Revision date=20181210133000
0
25
Data definition:              EBAS_1.1
Set type code:                TU
Timezone:                     UTC
File name:                    US0011R.20050101060000.20191216000000.filterpack..pm25.52w.1w.US03L_filterpack_US0011.US03L_IMPROVE_Davis.lev2.nas
File creation:                20191218115608
Startdate:                    20050101060000
Revision date:                20191216000000
Statistics:                   arithmetic mean
Data level:                   2
Period code:                  52w
Resolution code:              1w
Station code:                 US0011R
Platform code:                US0011S
Station name:                 Caney Creek
Station latitude:             34.4544
Station longitude:            -94.1429
Station altitude:             683.0 m
Regime:                       IMG
Component:                    
Matrix:                       pm25
Laboratory code:              US03L
Instrument type:              filterpack
Instrument name:              filterpack_US0011
Method ref:                   US03L_IMPROVE_Davis
starttime endtime Fe flag_Fe Pb flag_Pb Mg++ flag_Mg++ Ni flag_Ni NO3- flag_NO3- OC flag_OC OM flag_OM PM10 flag_PM10 PM10-PM2.5 flag_PM10-PM2.5 PM2.5 flag_PM2.5 K+ flag_K+ SO4-- flag_SO4--
  0.25   1.25 99999.99 0.456 99.99 0.456 9.999 0.456 9.99 0.456  0.095 0.000  0.402 0.559   0.723 0.559   2.126 0.000 999.999 0.456 999.999 0.456 9.999 0.456  0.263 0.000
  3.25   4.25    14.01 0.000  0.41 0.000 9.999 0.259 0.34 0.000  0.043 0.000  0.207 0.559   0.373 0.559   2.529 0.000   0.653 0.000   1.888 0.000 0.015 0.000  0.325 0.000
  6.25   7.25     3.07 0.000  0.47 0.000 9.999 0.259 0.28 0.000  0.136 0.000  0.254 0.559   0.457 0.559   1.899 0.000   0.390 0.000   1.508 0.000 0.010 0.000  0.194 0.000
  9.25  10.25     5.86 0.000  0.53 0.000 9.999 0.259 0.38 0.000  0.102 0.000  0.511 0.559   0.921 0.559   3.876 0.000   0.824 0.000   3.061 0.000 0.021 0.000  0.406 0.000
 12.25  13.25    18.17 0.000  0.80 0.000 9.999 0.259 9.99 0.259  0.345 0.000  0.613 0.559   1.103 0.559   5.216 0.000   1.675 0.000   3.542 0.000 0.022 0.000  0.437 0.000
 15.25  16.25    26.44 0.000  1.55 0.000 9.999 0.259 0.09 0.000  1.135 0.000  1.360 0.559   2.449 0.559 999.999 0.456   2.756 0.000  10.871 0.000 0.045 0.000  0.577 0.000
 18.25  19.25 99999.99 0.456 99.99 0.456 9.999 0.456 9.99 0.456  0.353 0.000 99.999 0.999 999.999 0.999  13.629 0.000 999.999 0.456 999.999 0.456 9.999 0.456  0.699 0.000
 21.25  22.25    19.09 0.000  0.95 0.000 9.999 0.259 0.15 0.000  0.370 0.000  0.978 0.559   1.761 0.559   9.649 0.000   3.693 0.000   5.956 0.000 0.033 0.000  0.674 0.000
 24.25  25.25    32.15 0.000  2.48 0.000 9.999 0.259 0.10 0.000  0.321 0.000  2.440 0.000   4.392 0.000  13.266 0.000   4.795 0.000   8.545 0.000 0.104 0.000  0.773 0.000
 27.25  28.25    15.59 0.000  1.63 0.000 9.999 0.259 0.16 0.000  0.374 0.000  0.984 0.559   1.772 0.559   7.268 0.000   0.876 0.000   6.392 0.000 0.032 0.000  0.613 0.000
 30.25  31.25     3.31 0.000  1.51 0.000 9.999 0.259 0.24 0.000  0.265 0.000  0.770 0.559   1.386 0.559   4.871 0.000   0.156 0.000   4.715 0.000 0.019 0.000  0.570 0.000
 33.25  34.25    15.52 0.000  1.64 0.000 0.011 0.000 0.20 0.000  0.778 0.000  0.692 0.559   1.245 0.559  11.343 0.000   0.980 0.000  10.360 0.000 0.023 0.000  1.491 0.000
 36.25  37.25    12.16 0.000  1.25 0.000 0.008 0.000 0.19 0.000  0.109 0.000  0.520 0.559   0.936 0.559   5.649 0.000 999.999 0.259   5.681 0.000 0.024 0.000  0.846 0.000
 39.25  40.25     7.76 0.000  0.60 0.000 9.999 0.259 0.18 0.000  0.291 0.000  0.250 0.000   0.450 0.000   3.953 0.000   0.816 0.000   3.136 0.000 0.010 0.000  0.467 0.000
 42.25  43.25    34.37 0.000  2.94 0.000 9.999 0.259 0.19 0.000  0.410 0.000  1.348 0.559   2.426 0.559   8.623 0.000   2.160 0.000   6.462 0.000 0.051 0.000  0.481 0.000
 45.25  46.25    36.47 0.000  0.99 0.000 9.999 0.259 0.41 0.000  0.076 0.000  1.199 0.000   2.159 0.000  10.265 0.000   4.322 0.000   6.002 0.000 0.057 0.000  0.570 0.000
 48.25  49.25    27.16 0.000  1.86 0.000 9.999 0.259 0.08 0.000  0.266 0.000  1.770 0.000   3.186 0.000  10.569 0.000   4.530 0.000   6.038 0.000 0.029 0.000  0.328 0.000
 51.25  52.25    15.54 0.000  0.99 0.000 9.999 0.259 0.35 0.000  0.122 0.000  0.818 0.000   1.473 0.000   9.466 0.000   2.446 0.000   7.021 0.000 0.054 0.000  1.089 0.000
 54.25  55.25     3.90 0.000  0.87 0.000 0.009 0.000 0.07 0.000  0.144 0.000  0.370 0.000   0.665 0.000   3.080 0.000   0.887 0.000   2.194 0.000 0.009 0.000  0.237 0.000
 57.25  58.25    20.17 0.000  1.77 0.000 0.010 0.000 0.11 0.000  0.223 0.000  1.106 0.000   1.990 0.000   8.474 0.000   1.010 0.000   7.463 0.000 0.033 0.000  1.004 0.000
 60.25  61.25    15.80 0.000  0.83 0.000 9.999 0.259 9.99 0.259  0.277 0.000  1.225 0.000   2.206 0.000   7.138 0.000   2.345 0.000   4.792 0.000 0.031 0.000  0.316 0.000
 63.25  64.25    30.04 0.000  1.61 0.000 9.999 0.259 9.99 0.259  0.085 0.000  1.405 0.000   2.530 0.000  11.954 0.000   2.916 0.000   9.036 0.000 0.038 0.000  1.225 0.000
 66.25  67.25    20.06 0.000  0.46 0.000 9.999 0.259 9.99 0.259  0.106 0.000  1.079 0.000   1.942 0.000   9.001 0.000   4.420 0.000   4.650 0.000 0.023 0.000  0.417 0.000
 69.25  70.25    50.84 0.000  0.69 0.000 9.999 0.259 9.99 0.259  0.033 0.000  1.176 0.000   2.116 0.000  18.521 0.000  14.052 0.000   4.468 0.000 0.043 0.000  0.155 0.000
 72.25  73.25    19.28 0.000  1.28 0.000 9.999 0.259 9.99 0.259  0.354 0.000  2.730 0.000   4.914 0.000  12.930 0.000   4.698 0.000   8.232 0.000 0.035 0.000  0.322 0.000
 75.25  76.25    21.33 0.000  1.81 0.000 9.999 0.259 9.99 0.259  0.332 0.000  0.995 0.000   1.792 0.000   8.805 0.000   3.838 0.000   4.965 0.000 0.032 0.000  0.516 0.000
 78.25  79.25    28.11 0.000  1.76 0.000 9.999 0.259 9.99 0.259  0.397 0.000  5.564 0.000  10.016 0.000  18.506 0.000   2.593 0.000  15.911 0.000 0.062 0.000  1.082 0.000
 81.25  82.25    11.40 0.000  1.25 0.000 0.007 0.000 9.99 0.259  0.545 0.000  0.670 0.000   1.205 0.000   6.621 0.000   0.399 0.000   6.221 0.000 0.016 0.000  0.956 0.000
 84.25  85.25     5.00 0.000  0.74 0.000 9.999 0.259 9.99 0.259  0.268 0.000  0.447 0.000   0.804 0.000   4.429 0.000   1.147 0.000   3.281 0.000 0.013 0.000  0.453 0.000
 87.25  88.25    19.12 0.000  1.12 0.000 9.999 0.259 0.15 0.000  0.082 0.000  1.441 0.000   2.594 0.000  10.144 0.000   3.924 0.000   6.280 0.000 0.033 0.000  0.649 0.000
 90.25  91.25    13.76 0.000  0.92 0.000 9.999 0.259 0.19 0.000  0.140 0.000  1.495 0.000   2.692 0.000   6.276 0.000   1.293 0.000   4.983 0.000 0.030 0.000  0.365 0.000
 93.25  94.25    27.47 0.000  1.20 0.000 9.999 0.259 0.34 0.000  0.138 0.000  2.018 0.000   3.633 0.000  14.833 0.000   4.215 0.000  10.616 0.000 0.056 0.000  1.168 0.000
 96.25  97.25    29.89 0.000  1.49 0.000 9.999 0.259 9.99 0.259  0.491 0.000  0.986 0.000   1.774 0.000  16.872 0.000   9.252 0.000   7.620 0.000 0.032 0.000  1.178 0.000
 99.25 100.25    29.91 0.000  2.35 0.000 9.999 0.259 0.31 0.000  0.117 0.000  1.916 0.000   3.449 0.000  32.158 0.000  18.477 0.000  13.681 0.000 0.047 0.000  2.059 0.000
102.25 103.25    18.68 0.000  1.30 0.000 9.999 0.259 9.99 0.259  0.306 0.000  3.570 0.000   6.425 0.000  21.022 0.000   9.599 0.000  11.422 0.000 0.119 0.000  0.927 0.000
105.25 106.25    52.66 0.000  2.91 0.000 9.999 0.259 0.20 0.000  0.046 0.000  1.852 0.000   3.334 0.000  23.481 0.000   9.967 0.000  13.512 0.000 0.060 0.000  2.065 0.000
108.25 109.25    56.28 0.000  2.17 0.000 9.999 0.259 0.34 0.000  0.113 0.000  1.890 0.000   3.402 0.000  18.915 0.000   7.999 0.000  10.961 0.000 0.075 0.000  1.392 0.000
111.25 112.25    36.50 0.394  0.68 0.394 0.011 0.394 0.28 0.394  0.075 0.394  1.297 0.000   2.334 0.000  16.713 0.000  10.102 0.000   6.510 0.000 0.062 0.394  0.682 0.394
114.25 115.25    51.00 0.000  1.96 0.000 9.999 0.259 0.26 0.000  0.105 0.000  2.178 0.000   3.920 0.000  21.466 0.000  13.857 0.000   7.608 0.000 0.062 0.000  0.587 0.000
117.25 118.25    53.86 0.000  1.47 0.000 9.999 0.259 9.99 0.259  0.110 0.000  1.625 0.000   2.925 0.000  24.470 0.000  16.827 0.000   7.642 0.000 0.061 0.000  0.708 0.000
120.25 121.25    31.41 0.000  1.64 0.000 9.999 0.259 9.99 0.259  0.081 0.000  0.697 0.000   1.254 0.000  12.317 0.000   7.743 0.000   4.573 0.000 0.037 0.000  0.497 0.000
123.25 124.25    32.47 0.000  1.70 0.000 9.999 0.259 9.99 0.259  0.149 0.000  1.223 0.559   2.201 0.559  17.629 0.000  11.803 0.000   5.825 0.000 0.040 0.000  0.578 0.000
126.25 127.25    46.34 0.000  2.48 0.000 9.999 0.259 0.16 0.000  0.057 0.000  1.998 0.000   3.596 0.000  23.271 0.000  11.887 0.000  11.382 0.000 0.079 0.000  1.460 0.000
129.25 130.25    42.74 0.000  1.16 0.000 9.999 0.259 0.47 0.000  0.131 0.000  2.470 0.000   4.447 0.000  25.117 0.000  10.671 0.000  14.606 0.000 0.115 0.000  2.065 0.000
132.25 133.25    52.96 0.000  1.66 0.000 9.999 0.259 0.62 0.000  0.072 0.000  1.959 0.000   3.527 0.000  18.841 0.000   5.479 0.000  13.359 0.000 0.071 0.000  1.900 0.000
135.25 136.25    28.99 0.000  1.25 0.000 9.999 0.259 9.99 0.259  0.026 0.000  0.895 0.000   1.612 0.000  11.693 0.000   7.030 0.000   4.662 0.000 0.032 0.000  0.464 0.000
138.25 139.25    70.98 0.000  1.12 0.000 9.999 0.259 0.73 0.000  0.105 0.000  2.115 0.000   3.807 0.000  24.862 0.000   9.643 0.000  15.216 0.000 0.078 0.000  2.331 0.000
141.25 142.25    53.12 0.000  2.13 0.000 9.999 0.259 9.99 0.259  0.041 0.000  2.596 0.000   4.673 0.000  23.200 0.000   9.884 0.000  13.314 0.000 0.051 0.000  1.603 0.000
144.25 145.25    33.42 0.000  1.81 0.000 9.999 0.259 0.13 0.000  0.072 0.000  1.916 0.000   3.448 0.000  21.056 0.000   9.503 0.000  11.551 0.000 0.044 0.000  1.426 0.000
147.25 148.25    19.42 0.000  1.43 0.000 0.007 0.000 9.99 0.259  0.024 0.000  1.305 0.000   2.348 0.000  10.154 0.000   3.978 0.000   6.174 0.000 0.031 0.000  0.676 0.000
150.25 151.25    12.35 0.000  0.76 0.000 9.999 0.259 0.13 0.000  0.114 0.000  1.174 0.000   2.113 0.000  13.943 0.000   5.489 0.000   8.543 0.000 0.048 0.000  1.321 0.000
153.25 154.25    21.83 0.000  1.27 0.000 9.999 0.259 0.26 0.000  0.058 0.000  2.941 0.000   5.293 0.000  22.509 0.000   5.880 0.000  16.624 0.000 0.166 0.000  1.922 0.000
156.25 157.25    40.72 0.000  1.05 0.000 9.999 0.259 0.27 0.000  0.099 0.000  1.302 0.000   2.344 0.000  13.100 0.000   4.284 0.000   8.814 0.000 0.061 0.000  1.147 0.000
159.25 160.25   200.16 0.000  0.74 0.000 0.030 0.000 0.45 0.000  0.108 0.000  1.698 0.000   3.056 0.000  20.488 0.000   8.106 0.000  12.380 0.000 0.122 0.000  1.460 0.000
162.25 163.25    46.86 0.000  1.29 0.000 9.999 0.259 9.99 0.259  0.054 0.000  1.788 0.000   3.219 0.000  13.104 0.000   4.788 0.000   8.314 0.000 0.061 0.000  0.928 0.000
165.25 166.25    22.27 0.000  0.90 0.000 9.999 0.259 0.08 0.000  0.017 0.000  1.112 0.000   2.001 0.000   9.080 0.000   5.168 0.000   3.911 0.000 0.027 0.000  0.340 0.000
168.25 169.25    18.27 0.000  1.78 0.000 9.999 0.259 9.99 0.259  0.043 0.000  2.241 0.000   4.033 0.000  14.968 0.000   5.110 0.000   9.857 0.000 0.155 0.000  1.082 0.000
171.25 172.25    42.64 0.000  2.09 0.000 9.999 0.259 0.11 0.000  0.025 0.000  2.994 0.000   5.389 0.000  33.863 0.000   8.954 0.000  25.052 0.000 0.122 0.000  4.242 0.000
174.25 175.25    44.81 0.000  1.78 0.000 9.999 0.259 0.29 0.000  0.028 0.000  3.954 0.000   7.118 0.000  33.610 0.000   7.835 0.000  25.770 0.000 0.102 0.000  3.355 0.000
177.25 178.25    42.81 0.000  1.90 0.000 9.999 0.259 0.23 0.000  0.030 0.000  4.325 0.000   7.785 0.000  35.860 0.000   5.821 0.000  30.032 0.000 0.108 0.000  4.386 0.000
180.25 181.25    65.57 0.000  1.68 0.000 9.999 0.259 0.20 0.000  0.032 0.000  4.203 0.000   7.566 0.000  32.797 0.000   6.537 0.000  26.255 0.000 0.073 0.000  3.884 0.000
183.25 184.25    40.65 0.000  0.52 0.000 9.999 0.259 9.99 0.259  0.046 0.000  1.908 0.000   3.434 0.000  12.074 0.000   2.745 0.000   9.327 0.000 0.062 0.000  0.970 0.000
186.25 187.25 99999.99 0.999 99.99 0.999 9.999 0.999 9.99 0.999 99.999 0.999 99.999 0.999 999.999 0.999 999.999 0.999 999.999 0.999 999.999 0.999 9.999 0.999 99.999 0.999
189.25 190.25    61.59 0.000  1.19 0.000 9.999 0.259 0.25 0.000  0.030 0.000  1.891 0.000   3.403 0.000  25.242 0.000   6.846 0.000  18.392 0.000 0.059 0.000  2.988 0.000
192.25 193.25   158.21 0.000  0.98 0.000 9.999 0.259 0.08 0.000  0.045 0.000  2.178 0.000   3.921 0.000  23.792 0.000   9.069 0.000  14.869 0.000 0.085 0.000  1.833 0.000
195.25 196.25    42.01 0.000  0.96 0.000 9.999 0.259 9.99 0.259  0.031 0.000  1.670 0.000   3.006 0.000  18.744 0.000   5.023 0.000  13.718 0.000 0.051 0.000  1.866 0.000
198.25 199.25    11.69 0.000  0.17 0.000 9.999 0.259 0.29 0.000  0.042 0.000  0.692 0.000   1.246 0.000  10.231 0.000   2.793 0.000   7.437 0.000 0.018 0.000  1.354 0.000
201.25 202.25    55.38 0.000  0.94 0.000 0.009 0.000 0.26 0.000  0.056 0.000  1.652 0.000   2.973 0.000  15.238 0.000   6.223 0.000   9.018 0.000 0.047 0.000  1.163 0.000
204.25 205.25    19.50 0.000  0.69 0.000 9.999 0.259 0.21 0.000  0.031 0.000  1.874 0.000   3.373 0.000  14.353 0.000   3.560 0.000  10.791 0.000 0.029 0.000  1.632 0.000
207.25 208.25   276.82 0.000  0.34 0.000 0.051 0.000 0.10 0.000  0.082 0.000  1.271 0.000   2.288 0.000  18.367 0.000  10.144 0.000   8.222 0.000 0.106 0.000  0.448 0.000
210.25 211.25    38.07 0.000  1.91 0.000 9.999 0.259 9.99 0.259  0.023 0.000  2.308 0.000   4.154 0.000  29.380 0.000  14.364 0.000  15.013 0.000 0.035 0.000  2.271 0.000
213.25 214.25    42.76 0.000  1.26 0.000 9.999 0.259 0.17 0.000  0.018 0.000  3.295 0.000   5.931 0.000  27.586 0.000   4.843 0.000  22.760 0.000 0.049 0.000  3.829 0.000
216.25 217.25    37.56 0.000  1.12 0.000 9.999 0.259 0.29 0.000  0.016 0.000  2.232 0.000   4.018 0.000  22.400 0.000   6.151 0.000  16.245 0.000 0.033 0.000  2.623 0.000
219.25 220.25    28.38 0.000  0.86 0.000 9.999 0.259 0.11 0.000  0.013 0.000  2.785 0.000   5.014 0.000  20.006 0.000   2.414 0.000  17.587 0.000 0.040 0.000  2.596 0.000
222.25 223.25  1093.58 0.000  2.88 0.000 0.259 0.000 9.99 0.259  0.172 0.000  1.378 0.000   2.481 0.000  65.152 0.000  38.968 0.000  26.180 0.000 0.449 0.000  0.938 0.000
225.25 226.25    99.09 0.000  0.80 0.000 9.999 0.259 0.25 0.000  0.046 0.000  0.823 0.000   1.481 0.000  14.606 0.000   5.399 0.000   9.205 0.000 0.053 0.000  1.317 0.000
228.25 229.25    25.15 0.000  0.44 0.000 9.999 0.259 0.23 0.000  0.039 0.000  0.873 0.000   1.571 0.000  10.962 0.000   4.282 0.000   6.677 0.000 0.043 0.000  0.952 0.000
231.25 232.25    45.38 0.000  0.31 0.000 9.999 0.259 0.29 0.000  0.063 0.000  0.961 0.000   1.730 0.000  11.058 0.000   4.592 0.000   6.517 0.000 0.047 0.000  0.896 0.000
234.25 235.25    66.91 0.000  0.64 0.000 9.999 0.259 0.12 0.000  0.036 0.000  2.049 0.000   3.687 0.000  15.594 0.000   4.803 0.000  10.871 0.000 0.059 0.000  1.149 0.000
237.25 238.25    49.67 0.000  1.10 0.000 9.999 0.259 0.27 0.000  0.031 0.000  4.507 0.000   8.113 0.000  26.113 0.000   5.002 0.000  21.110 0.000 0.066 0.000  2.626 0.000
240.25 241.25    27.06 0.000  1.78 0.000 9.999 0.259 0.16 0.000  0.055 0.000  2.278 0.000   4.101 0.000  22.649 0.000   4.400 0.000  18.246 0.000 0.037 0.000  2.845 0.000
243.25 244.25    27.79 0.000  1.64 0.000 9.999 0.259 0.13 0.000  0.021 0.000  2.310 0.000   4.158 0.000  20.046 0.000   5.775 0.000  14.269 0.000 0.039 0.000  2.058 0.000
246.25 247.25    51.00 0.000  1.28 0.000 9.999 0.259 9.99 0.259  0.028 0.000  2.088 0.000   3.758 0.000  31.138 0.000  22.183 0.000   8.955 0.000 0.048 0.000  0.982 0.000
249.25 250.25    38.22 0.000  1.96 0.000 9.999 0.259 9.99 0.259  0.018 0.000  3.052 0.559   5.493 0.559  30.065 0.000   6.829 0.000  23.236 0.000 0.051 0.000  3.940 0.000
252.25 253.25    43.28 0.000  2.09 0.000 0.012 0.000 9.99 0.259  0.031 0.000  5.128 0.000   9.230 0.000  34.660 0.000   6.967 0.000  27.688 0.000 0.135 0.000  4.132 0.000
255.25 256.25    38.25 0.000  1.41 0.000 9.999 0.259 0.38 0.000  0.066 0.000  1.667 0.000   3.001 0.000  16.941 0.000   5.077 0.000  11.887 0.000 0.043 0.000  1.824 0.000
258.25 259.25    13.08 0.000  1.26 0.000 9.999 0.259 0.08 0.000  0.053 0.000  1.061 0.559   1.910 0.559   8.536 0.000   3.163 0.000   5.372 0.000 0.019 0.000  0.763 0.000
261.25 262.25    84.32 0.000  1.24 0.000 9.999 0.259 0.38 0.000  0.066 0.000  2.071 0.000   3.727 0.000  17.077 0.000   5.196 0.000  11.879 0.000 0.100 0.000  1.498 0.000
264.25 265.25    56.92 0.000  1.32 0.000 9.999 0.259 0.17 0.000  0.033 0.000  3.722 0.000   6.699 0.000  27.652 0.000   6.609 0.000  21.037 0.000 0.097 0.000  2.851 0.000
267.25 268.25     7.01 0.000  0.50 0.000 9.999 0.259 0.14 0.000  0.023 0.000  0.757 0.000   1.363 0.000 999.999 0.456   5.338 0.000   3.037 0.000 0.016 0.000  0.377 0.000
270.25 271.25    21.24 0.000  2.52 0.000 9.999 0.259 0.30 0.000  0.077 0.000  2.278 0.559   4.101 0.559  20.681 0.000   5.811 0.000  14.867 0.000 0.044 0.000  2.310 0.000
273.25 274.25    27.93 0.000  1.76 0.000 9.999 0.259 0.27 0.000  0.044 0.000  2.962 0.559   5.331 0.559  19.414 0.000   5.339 0.000  14.072 0.000 0.064 0.000  1.628 0.000
276.25 277.25    18.32 0.000  0.92 0.000 9.999 0.259 0.35 0.000  0.051 0.000  3.109 0.559   5.596 0.559 999.999 0.456   3.914 0.000  14.362 0.000 0.051 0.000  1.630 0.000
