scripts/IMPROVE-2019_partial/data/US0035R.20060102060000.20191216000000.filterpack...52w.3d.US03L_filterpack_US0035.US03L_IMPROVE_Davis.lev2.nas
52 1001
MISSING INFORMATION
US03L, IMPROVE, , , , , , , 
MISSING INFORMATION
IMPROVE sel_HTAP
1 1
2006 01 01 2019 12 16
3.00
days from file reference point
5
1 1 1 1 1
999.99 999.999 9.999 999.999 9.999
end_time of measurement, days from the file reference point
pm10_mass, ug/m3, Matrix=pm10
numflag pm10_mass, no unit, Matrix=pm10
pm25_mass, ug/m3, Matrix=pm25
numflag pm25_mass, no unit, Matrix=pm25
0
33
Data definition:              EBAS_1.1
Set type code:                TU
Timezone:                     UTC
File name:                    US0035R.20060102060000.20191216000000.filterpack...52w.3d.US03L_filterpack_US0035.US03L_IMPROVE_Davis.lev2.nas
File creation:                20191218115741
Startdate:                    20060102060000
Revision date:                20191216000000
Version:                      2
Version description:          "Data extracted from http://views.cira.colostate.edu/fed/DataWizard 2019-12-16"
Statistics:                   arithmetic mean
Data level:                   2
Period code:                  52w
Resolution code:              3d
Sample duration:              1d
Orig. time res.:              3d
Station code:                 US0035R
Platform code:                US0035S
Station name:                 Bondville
Station latitude:             40.05
Station longitude:            -88.36667
Station altitude:             213.0 m
Regime:                       IMG
Component:                    
Unit:                         ug/m3
Matrix:                       
Laboratory code:              US03L
Instrument type:              filterpack
Instrument name:              filterpack_US0035
Method ref:                   US03L_IMPROVE_Davis
Blank correction:             Blank corrected
Volume std. temperature:      ambient
Volume std. pressure:         ambient
starttime endtime PM10 flag_PM10 PM2.5 flag_PM2.5
  1.25   2.25  18.826 0.000  13.202 0.000
  4.25   5.25   6.857 0.000   5.956 0.000
  7.25   8.25  14.887 0.000   7.635 0.000
 10.25  11.25   7.023 0.000   5.783 0.000
 13.25  14.25   7.444 0.000   5.848 0.000
 16.25  17.25  19.151 0.000  14.475 0.000
 19.25  20.25  18.855 0.000   7.542 0.000
 22.25  23.25  15.935 0.000  14.165 0.000
 25.25  26.25  12.277 0.000   8.805 0.000
 28.25  29.25  11.162 0.000   8.804 0.000
 31.25  32.25  10.077 0.000   6.897 0.000
 34.25  35.25  14.104 0.000  10.786 0.000
 37.25  38.25  10.750 0.000   4.120 0.000
 40.25  41.25  12.591 0.000   8.797 0.000
 43.25  44.25  13.783 0.000   9.618 0.000
 46.25  47.25  13.822 0.000  11.049 0.000
 49.25  50.25   7.972 0.000   5.426 0.000
 52.25  53.25  28.651 0.000  19.700 0.000
 55.25  56.25  10.627 0.000   5.783 0.000
 58.25  59.25  30.077 0.000  18.997 0.000
 61.25  62.25  15.856 0.000   9.415 0.000
 64.25  65.25  24.832 0.000  21.908 0.000
 67.25  68.25   4.258 0.000   2.968 0.000
 70.25  71.25   9.259 0.000   6.668 0.000
 73.25  74.25   7.995 0.000   5.753 0.000
 76.25  77.25   9.731 0.000   6.306 0.000
 79.25  80.25  10.874 0.000   6.295 0.000
 82.25  83.25  10.719 0.000   6.917 0.000
 85.25  86.25  12.029 0.000   9.809 0.000
 88.25  89.25  18.814 0.000  14.254 0.000
 91.25  92.25  13.959 0.000  11.509 0.000
 94.25  95.25  11.333 0.000   6.111 0.000
 97.25  98.25   8.283 0.000   4.901 0.000
100.25 101.25  25.069 0.000  12.727 0.000
103.25 104.25  37.175 0.000  17.948 0.000
106.25 107.25   9.488 0.000   5.072 0.000
109.25 110.25  17.555 0.000   7.844 0.000
112.25 113.25  14.243 0.000   4.307 0.000
115.25 116.25  13.526 0.000   5.453 0.000
118.25 119.25  22.359 0.000  12.433 0.000
121.25 122.25  13.186 0.000   7.897 0.000
124.25 125.25  14.780 0.000   4.102 0.000
127.25 128.25  29.133 0.000  15.534 0.000
130.25 131.25  13.868 0.000   4.303 0.000
133.25 134.25   5.985 0.000   4.242 0.000
136.25 137.25  11.795 0.000   5.770 0.000
139.25 140.25   9.434 0.000   3.846 0.000
142.25 143.25  13.780 0.000   7.548 0.000
145.25 146.25  21.919 0.000  11.033 0.000
148.25 149.25  23.454 0.000  10.990 0.000
151.25 152.25  16.500 0.000   7.727 0.000
154.25 155.25  13.350 0.000   5.865 0.000
157.25 158.25  20.411 0.000   9.813 0.000
160.25 161.25   6.683 0.000   3.516 0.000
163.25 164.25  12.223 0.000   4.514 0.000
166.25 167.25  31.938 0.000  19.483 0.000
169.25 170.25  10.655 0.000   5.202 0.000
172.25 173.25  16.547 0.000   8.618 0.000
175.25 176.25  13.666 0.000   8.838 0.000
178.25 179.25  22.232 0.000  14.287 0.000
181.25 182.25  21.148 0.000  12.736 0.000
184.25 185.25   5.669 0.000 999.999 0.456
187.25 188.25  17.016 0.000   9.643 0.000
190.25 191.25  24.770 0.000  17.382 0.000
193.25 194.25  16.557 0.000  13.492 0.000
196.25 197.25  13.364 0.000   8.980 0.000
199.25 200.25  39.191 0.000  28.908 0.000
202.25 203.25  11.409 0.000   4.873 0.000
205.25 206.25  22.111 0.000  16.282 0.000
208.25 209.25  17.018 0.000  10.512 0.000
211.25 212.25  17.314 0.000  12.115 0.000
214.25 215.25  13.944 0.000   7.567 0.000
217.25 218.25  25.362 0.000  19.770 0.000
220.25 221.25   9.983 0.000   6.950 0.000
223.25 224.25  14.780 0.000   9.404 0.000
226.25 227.25  11.634 0.000   4.989 0.000
229.25 230.25 999.999 0.456  21.404 0.000
232.25 233.25   9.248 0.000   5.126 0.000
235.25 236.25  33.775 0.000  27.956 0.000
238.25 239.25  15.360 0.000  11.381 0.000
241.25 242.25  14.488 0.000 999.999 0.456
244.25 245.25  10.121 0.000   5.482 0.000
247.25 248.25  10.053 0.000   6.984 0.000
250.25 251.25  25.055 0.000  17.211 0.000
253.25 254.25  17.611 0.000  14.002 0.000
256.25 257.25  12.063 0.000   7.971 0.000
259.25 260.25  22.361 0.000  13.133 0.000
262.25 263.25   7.317 0.000   2.112 0.000
265.25 266.25  10.225 0.000   4.277 0.000
268.25 269.25  19.037 0.000   5.086 0.000
271.25 272.25   9.068 0.000   3.007 0.000
274.25 275.25  20.215 0.000   8.573 0.000
277.25 278.25  11.691 0.000   4.925 0.000
280.25 281.25  21.123 0.000  10.436 0.000
283.25 284.25  14.901 0.000   9.022 0.000
286.25 287.25  16.998 0.000   2.248 0.000
289.25 290.25   3.977 0.000   2.741 0.000
292.25 293.25  18.511 0.000   6.198 0.000
295.25 296.25  13.013 0.000   5.826 0.000
298.25 299.25  13.312 0.000  10.884 0.000
301.25 302.25  13.325 0.000   4.531 0.000
304.25 305.25  23.235 0.000   5.709 0.000
307.25 308.25  21.261 0.000  10.621 0.000
310.25 311.25  20.357 0.000  18.794 0.000
313.25 314.25  19.427 0.000  12.930 0.000
316.25 317.25  19.758 0.000  16.067 0.000
319.25 320.25   9.823 0.000   8.456 0.000
322.25 323.25   8.515 0.000   7.327 0.000
325.25 326.25  18.434 0.000  13.196 0.000
328.25 329.25  22.133 0.000  15.205 0.000
331.25 332.25  18.482 0.000  11.942 0.000
334.25 335.25 999.999 0.999 999.999 0.999
337.25 338.25 999.999 0.999 999.999 0.999
340.25 341.25 999.999 0.999 999.999 0.999
343.25 344.25 999.999 0.999 999.999 0.999
346.25 347.25  14.728 0.000  10.766 0.000
349.25 350.25  14.775 0.000  11.529 0.000
352.25 353.25  15.885 0.000  11.776 0.000
355.25 356.25  10.078 0.000   7.864 0.000
358.25 359.25  23.422 0.000  20.396 0.000
361.25 362.25  10.047 0.000   7.077 0.000
364.25 365.25   7.109 0.000   5.212 0.000
