scripts/IMPROVE-2019_partial/data/US0010U.20060102060000.20191216000000.filterpack..pm25.52w.1w.US03L_filterpack_US0010.US03L_IMPROVE_Davis.lev2.nas
66 1001
MISSING INFORMATION
US03L, IMPROVE, , , , , , , 
MISSING INFORMATION
IMPROVE sel_HTAP
1 1
2006 01 01 2019 12 16
3.00
days from file reference point
27
1 1 1 1 1 1 1 1 1 1 1 1 1 1 1 1 1 1 1 1 1 1 1 1 1 1 1
999.99 99999.99 9.999 9999.99 9.999 9.999 9.999 99.99 9.999 99.999 9.999 999.999 9.999 999.999 9.999 999.99 9.999999 999.999 9.999 999.999 9.999 999.999 9.999 9.999 9.999 99.999 9.999
end_time of measurement, days from the file reference point
iron, ng/m3, Revision date=20181210133000
numflag iron, no unit, Revision date=20181210133000
lead, ng/m3, Revision date=20181210133000
numflag lead, no unit, Revision date=20181210133000
magnesium, ug/m3, Revision date=20181210133000
numflag magnesium, no unit, Revision date=20181210133000
nickel, ng/m3, Revision date=20181210133000
numflag nickel, no unit, Revision date=20181210133000
nitrate, ug N/m3, Revision date=20181210133000
numflag nitrate, no unit, Revision date=20181210133000
organic_carbon, ug C/m3, Revision date=20181210133000
numflag organic_carbon, no unit, Revision date=20181210133000
organic_mass, ug/m3, Revision date=20181210133000
numflag organic_mass, no unit, Revision date=20181210133000
phosphorus, ng/m3, Revision date=20181210133000
numflag phosphorus, no unit, Revision date=20181210133000
pm10_mass, ug/m3, Version=2, Version description=Data extracted from http://views.cira.colostate.edu/fed/DataWizard 2019-12-16, Sample duration=1d, Orig. time res.=3d, Matrix=pm10, Blank correction=Blank corrected, Volume std. temperature=ambient, Volume std. pressure=ambient
numflag pm10_mass, no unit, Version=2, Version description=Data extracted from http://views.cira.colostate.edu/fed/DataWizard 2019-12-16, Sample duration=1d, Orig. time res.=3d, Matrix=pm10, Blank correction=Blank corrected, Volume std. temperature=ambient, Volume std. pressure=ambient
pm10_pm25_mass, ug/m3, Revision date=20181210133000, Matrix=pm10_pm25
numflag pm10_pm25_mass, no unit, Revision date=20181210133000, Matrix=pm10_pm25
pm25_mass, ug/m3, Version=2, Version description=Data extracted from http://views.cira.colostate.edu/fed/DataWizard 2019-12-16, Sample duration=1d, Orig. time res.=3d, Blank correction=Blank corrected, Volume std. temperature=ambient, Volume std. pressure=ambient
numflag pm25_mass, no unit, Version=2, Version description=Data extracted from http://views.cira.colostate.edu/fed/DataWizard 2019-12-16, Sample duration=1d, Orig. time res.=3d, Blank correction=Blank corrected, Volume std. temperature=ambient, Volume std. pressure=ambient
potassium, ug/m3, Revision date=20181210133000
numflag potassium, no unit, Revision date=20181210133000
sulphate_total, ug S/m3, Revision date=20181210133000
numflag sulphate_total, no unit, Revision date=20181210133000
0
25
Data definition:              EBAS_1.1
Set type code:                TU
Timezone:                     UTC
File name:                    US0010U.20060102060000.20191216000000.filterpack..pm25.52w.1w.US03L_filterpack_US0010.US03L_IMPROVE_Davis.lev2.nas
File creation:                20191218115603
Startdate:                    20060102060000
Revision date:                20191216000000
Statistics:                   arithmetic mean
Data level:                   2
Period code:                  52w
Resolution code:              1w
Station code:                 US0010U
Platform code:                US0010S
Station name:                 Birmingham
Station latitude:             33.5531
Station longitude:            -86.8148
Station altitude:             175.0 m
Regime:                       IMG
Component:                    
Matrix:                       pm25
Laboratory code:              US03L
Instrument type:              filterpack
Instrument name:              filterpack_US0010
Method ref:                   US03L_IMPROVE_Davis
starttime endtime Fe flag_Fe Pb flag_Pb Mg++ flag_Mg++ Ni flag_Ni NO3- flag_NO3- OC flag_OC OM flag_OM P flag_P PM10 flag_PM10 PM10-PM2.5 flag_PM10-PM2.5 PM2.5 flag_PM2.5 K+ flag_K+ SO4-- flag_SO4--
  1.25   2.25   161.95 0.000    3.73 0.000 9.999 0.259  0.33 0.000  0.073 0.000   2.287 0.000   3.202 0.000 999.99 0.259000  32.906 0.000  20.344 0.000  12.562 0.000 0.158 0.000  1.406 0.000
  4.25   5.25    41.90 0.000    2.82 0.000 0.007 0.000 99.99 0.259  0.502 0.000   2.390 0.000   3.346 0.000 999.99 0.259000  19.716 0.000   8.092 0.000  11.624 0.000 0.051 0.000  1.111 0.000
  7.25   8.25    31.16 0.000    1.81 0.000 0.016 0.000  0.46 0.000  0.168 0.000   3.148 0.000   4.407 0.000 999.99 0.259000  15.168 0.000   6.577 0.000   8.591 0.000 0.080 0.000  0.608 0.000
 10.25  11.25   312.46 0.000   24.56 0.000 0.065 0.000  1.55 0.000  0.288 0.000   3.385 0.000   4.738 0.000 999.99 0.259000  35.142 0.000  19.472 0.000  15.670 0.000 0.110 0.000  1.091 0.000
 13.25  14.25    19.18 0.000    6.38 0.000 9.999 0.259  0.06 0.000  0.176 0.000   0.831 0.000   1.163 0.000 999.99 0.259000   6.291 0.000   2.836 0.000   3.455 0.000 0.021 0.000  0.379 0.000
 16.25  17.25    70.10 0.000    4.90 0.000 0.021 0.000  0.29 0.000  0.070 0.000   1.084 0.000   1.518 0.000 999.99 0.259000   9.370 0.000   4.690 0.000   4.680 0.000 0.032 0.000  0.382 0.000
 19.25  20.25   184.11 0.000   22.34 0.000 0.035 0.000  0.67 0.000  0.159 0.000   2.804 0.000   3.925 0.000 999.99 0.259000  24.872 0.000  13.359 0.000  11.512 0.000 0.097 0.000  0.791 0.000
 22.25  23.25    87.91 0.000    7.45 0.000 0.025 0.000  0.32 0.000  0.153 0.000   1.075 0.000   1.504 0.000 999.99 0.259000   8.711 0.000   3.744 0.000   4.967 0.000 0.023 0.000  0.601 0.000
 25.25  26.25   134.86 0.000    5.30 0.000 0.053 0.000 99.99 0.259  0.242 0.000   2.798 0.000   3.917 0.000 999.99 0.259000  20.685 0.000  11.674 0.000   9.011 0.000 0.120 0.000  0.405 0.000
 28.25  29.25   159.55 0.000    9.77 0.000 0.022 0.000 99.99 0.259  0.072 0.000   2.059 0.000   2.883 0.000 999.99 0.259000  14.320 0.000   7.647 0.000   6.673 0.000 0.039 0.000  0.539 0.000
 31.25  32.25   442.94 0.000   50.68 0.000 0.037 0.000 99.99 0.259  0.248 0.000   7.511 0.000  10.516 0.000 999.99 0.259000  60.948 0.000  33.370 0.000  27.578 0.000 0.284 0.000  0.845 0.000
 34.25  35.25    17.98 0.000    0.84 0.000 9.999 0.259 99.99 0.259  0.112 0.000   0.587 0.000   0.822 0.000 999.99 0.259000   4.479 0.000   1.431 0.000   3.048 0.000 0.013 0.000  0.441 0.000
 37.25  38.25    99.81 0.000    3.65 0.000 9.999 0.259  0.16 0.000  0.544 0.000   2.002 0.000   2.803 0.000 999.99 0.259000  12.661 0.000   4.376 0.000   8.284 0.000 0.048 0.000  0.424 0.000
 40.25  41.25 99999.99 0.699 9999.99 0.699 9.999 0.699 99.99 0.699  0.598 0.000   6.076 0.000   8.506 0.000 999.99 0.699000  44.062 0.659 999.999 0.699  26.410 0.000 9.999 0.699  1.096 0.000
 43.25  44.25    74.20 0.000    4.66 0.000 0.006 0.000 99.99 0.259  0.542 0.000   1.658 0.000   2.321 0.000  92.71 0.000000  15.688 0.000   5.554 0.000  10.135 0.000 0.037 0.000  0.922 0.000
 46.25  47.25    93.25 0.000    4.03 0.000 9.999 0.259  0.69 0.000  0.136 0.000   5.595 0.000   7.833 0.000 999.99 0.259000  29.397 0.000  14.249 0.000  15.148 0.000 0.140 0.000  0.818 0.000
 49.25  50.25    31.56 0.000    2.19 0.000 9.999 0.259 99.99 0.259  0.831 0.000   1.352 0.000   1.893 0.000 999.99 0.259000  13.415 0.000   2.047 0.000  11.368 0.000 0.046 0.000  1.032 0.000
 52.25  53.25   200.22 0.000   10.11 0.000 9.999 0.259  0.57 0.000  0.132 0.000   2.112 0.000   2.957 0.000 999.99 0.259000  14.185 0.000   3.828 0.000  10.357 0.000 0.061 0.000  1.112 0.000
 55.25  56.25   140.90 0.000   16.51 0.000 0.036 0.000 99.99 0.259  0.261 0.000   2.832 0.000   3.964 0.000 999.99 0.259000  19.187 0.000   7.664 0.000  11.523 0.000 0.110 0.000  0.728 0.000
 58.25  59.25   261.19 0.000   19.70 0.000 0.034 0.000 99.99 0.259  0.200 0.000   3.285 0.000   4.598 0.000 999.99 0.259000  25.960 0.000  12.551 0.000  13.409 0.000 0.111 0.000  0.984 0.000
 61.25  62.25    56.10 0.000    3.04 0.000 9.999 0.259 99.99 0.259  0.824 0.000   1.856 0.000   2.599 0.000 999.99 0.259000  25.272 0.000  11.856 0.000  13.417 0.000 0.044 0.000  1.551 0.000
 64.25  65.25   125.13 0.000   13.91 0.000 9.999 0.259 99.99 0.259  0.350 0.000   4.905 0.000   6.866 0.000 999.99 0.259000  22.274 0.000   6.539 0.000  15.735 0.000 0.087 0.000  1.198 0.000
 67.25  68.25   113.96 0.000    6.19 0.000 9.999 0.259 99.99 0.259  0.126 0.000   1.778 0.000   2.489 0.000 999.99 0.259000  36.109 0.000  24.733 0.000  11.376 0.000 0.061 0.000  1.530 0.000
 70.25  71.25    38.18 0.000    1.05 0.000 9.999 0.259  0.77 0.000  0.141 0.000   1.880 0.000   2.633 0.000 999.99 0.259000  18.892 0.000   9.122 0.000   9.770 0.000 0.153 0.000  1.177 0.000
 73.25  74.25   234.56 0.000   18.06 0.000 0.038 0.000 99.99 0.259  0.172 0.000   3.204 0.000   4.485 0.000 999.99 0.259000  35.291 0.000  23.482 0.000  11.809 0.000 0.163 0.000  0.586 0.000
 76.25  77.25    84.29 0.000    5.04 0.000 9.999 0.259 99.99 0.259  0.886 0.000   4.406 0.000   6.168 0.000 999.99 0.259000  28.482 0.000   6.649 0.000  21.834 0.000 0.094 0.000  2.117 0.000
 79.25  80.25    99.61 0.000    6.57 0.000 9.999 0.259  0.24 0.000  0.213 0.000   1.685 0.000   2.360 0.000 999.99 0.259000  11.973 0.000   4.810 0.000   7.163 0.000 0.032 0.000  0.734 0.000
 82.25  83.25    41.43 0.000    4.47 0.000 9.999 0.259 99.99 0.259  0.450 0.000   1.582 0.000   2.215 0.000 999.99 0.259000  13.135 0.000   6.200 0.000   6.935 0.000 0.035 0.000  0.609 0.000
 85.25  86.25   249.93 0.000   15.27 0.000 0.024 0.000  0.28 0.000  0.202 0.000   2.814 0.000   3.939 0.000 999.99 0.259000  28.887 0.000  14.457 0.000  14.431 0.000 0.161 0.000  1.488 0.000
 88.25  89.25   523.30 0.000   87.87 0.000 0.080 0.000 99.99 0.259  0.203 0.000   8.234 0.000  11.528 0.000 999.99 0.259000  66.939 0.000  38.381 0.000  28.557 0.000 0.367 0.000  1.618 0.000
 91.25  92.25   182.03 0.000    8.40 0.000 0.047 0.000  0.51 0.000 99.999 0.999   3.636 0.000   5.090 0.000 999.99 0.259000  28.813 0.000  10.167 0.000  18.646 0.000 0.124 0.000 99.999 0.999
 94.25  95.25   437.77 0.000   41.11 0.000 0.147 0.000 99.99 0.259 99.999 0.999   6.420 0.000   8.987 0.000 999.99 0.259000  63.281 0.000  39.642 0.000  23.639 0.000 0.260 0.000 99.999 0.999
 97.25  98.25   109.42 0.000   20.30 0.000 9.999 0.259 99.99 0.259  0.087 0.000   1.692 0.000   2.369 0.000 999.99 0.259000  15.690 0.000   6.280 0.000   9.410 0.000 0.068 0.000  1.258 0.000
100.25 101.25   321.37 0.000   53.91 0.000 0.033 0.000  0.20 0.000  0.085 0.000   2.920 0.000   4.088 0.000 999.99 0.259000  25.935 0.000  13.827 0.000  12.108 0.000 0.115 0.000  0.887 0.000
103.25 104.25   222.73 0.000   10.48 0.000 0.056 0.000  0.20 0.000  0.201 0.000   4.671 0.000   6.539 0.000 999.99 0.259000  37.380 0.000  19.781 0.000  17.599 0.000 0.087 0.000  1.168 0.000
106.25 107.25   286.50 0.000   28.85 0.000 0.108 0.000  1.77 0.000  0.228 0.000   2.849 0.000   3.988 0.000 999.99 0.259000  36.048 0.000  19.623 0.000  16.426 0.000 0.120 0.000  1.942 0.000
109.25 110.25   240.80 0.000   13.82 0.000 0.035 0.000  0.54 0.000  0.151 0.000   3.137 0.000   4.392 0.000 999.99 0.259000  29.992 0.000  14.672 0.000  15.320 0.000 0.106 0.000  1.526 0.000
112.25 113.25   270.44 0.000   17.03 0.000 0.071 0.000  0.11 0.000  0.150 0.000   5.750 0.000   8.050 0.000 999.99 0.259000  38.643 0.000  17.769 0.000  20.874 0.000 0.226 0.000  1.391 0.000
115.25 116.25   251.77 0.000   11.96 0.000 0.045 0.000  1.23 0.000  0.172 0.559   2.931 0.000   4.103 0.000 999.99 0.259000  27.497 0.000  10.004 0.000  17.494 0.000 0.143 0.000  2.146 0.559
118.25 119.25   441.97 0.000   50.34 0.000 0.088 0.000 99.99 0.259  0.093 0.559   3.170 0.000   4.439 0.000 999.99 0.259000  39.958 0.000  19.545 0.000  20.414 0.000 0.191 0.000  2.135 0.559
121.25 122.25   180.70 0.000   14.94 0.000 9.999 0.259  0.38 0.000  0.148 0.559   2.405 0.000   3.366 0.000 999.99 0.259000  32.075 0.000  16.071 0.000  16.004 0.000 0.102 0.000  1.767 0.559
124.25 125.25   285.18 0.000   25.53 0.000 0.033 0.000  1.62 0.000  0.320 0.559   3.248 0.000   4.547 0.000 999.99 0.259000  36.224 0.000  16.866 0.000  19.358 0.000 0.114 0.000  2.074 0.559
127.25 128.25   241.86 0.000   33.15 0.000 9.999 0.259 99.99 0.259  0.185 0.559   3.193 0.000   4.470 0.000 999.99 0.259000  35.374 0.000  12.570 0.000  22.804 0.000 0.132 0.000  3.031 0.559
130.25 131.25 99999.99 0.999 9999.99 0.999 9.999 0.999 99.99 0.999 99.999 0.999 999.999 0.999 999.999 0.999 999.99 0.999000 999.999 0.999 999.999 0.999 999.999 0.999 9.999 0.999 99.999 0.999
133.25 134.25   145.71 0.000    4.26 0.000 9.999 0.259 99.99 0.259  0.071 0.559   2.136 0.000   2.990 0.000 999.99 0.259000  16.058 0.000   7.701 0.000   8.357 0.000 0.056 0.000  0.556 0.559
136.25 137.25   114.26 0.000   16.79 0.000 9.999 0.259 99.99 0.259  0.152 0.559   2.325 0.000   3.254 0.000 999.99 0.259000  18.071 0.000   7.796 0.000  10.274 0.000 0.048 0.000  0.945 0.559
139.25 140.25   235.50 0.000    9.05 0.000 0.025 0.000 99.99 0.259  0.083 0.559   3.117 0.000   4.364 0.000 999.99 0.259000  25.777 0.000  12.742 0.000  13.034 0.000 0.105 0.000  0.909 0.559
142.25 143.25   408.47 0.000   32.09 0.000 0.027 0.000 99.99 0.259  0.156 0.559   5.693 0.000   7.970 0.000 999.99 0.259000  52.947 0.000  26.791 0.000  26.155 0.000 0.235 0.000  1.965 0.559
145.25 146.25   288.96 0.000   21.37 0.000 9.999 0.259 99.99 0.259  0.114 0.559   3.447 0.000   4.827 0.000 999.99 0.259000  32.764 0.000  16.402 0.000  16.362 0.000 0.109 0.000  1.463 0.559
148.25 149.25 99999.99 0.699 9999.99 0.699 9.999 0.699 99.99 0.699  0.136 0.559   6.633 0.000   9.286 0.000 999.99 0.699000  43.702 0.000 999.999 0.699  31.214 0.659 9.999 0.699  3.239 0.559
151.25 152.25   369.74 0.000   23.42 0.000 0.204 0.000  0.14 0.000  0.138 0.000   6.395 0.000   8.953 0.000 999.99 0.259000  54.988 0.000  20.510 0.000  34.478 0.000 0.125 0.000  3.715 0.000
154.25 155.25   164.05 0.000   17.40 0.000 0.036 0.000  0.15 0.000  0.089 0.000   4.956 0.000   6.939 0.000 999.99 0.259000  41.093 0.000  19.497 0.000  21.596 0.000 0.092 0.000  1.705 0.000
157.25 158.25   502.88 0.000   30.22 0.000 0.152 0.000  0.24 0.000  0.129 0.559   7.333 0.000  10.267 0.000 999.99 0.259000  88.826 0.000  59.799 0.000  29.027 0.000 0.186 0.000  1.502 0.559
160.25 161.25   422.53 0.000   29.00 0.000 0.123 0.000  0.20 0.000  0.161 0.000   7.121 0.000   9.969 0.000 999.99 0.259000  60.698 0.000  29.145 0.000  31.553 0.000 0.181 0.000  2.323 0.000
163.25 164.25 99999.99 0.456 9999.99 0.456 9.999 0.456 99.99 0.456  0.066 0.000   3.227 0.000   4.518 0.000 999.99 0.456000 999.999 0.456 999.999 0.456 999.999 0.456 9.999 0.456  4.431 0.000
166.25 167.25 99999.99 0.456 9999.99 0.456 9.999 0.456 99.99 0.456  0.083 0.559   5.602 0.000   7.843 0.000 999.99 0.456000 999.999 0.456 999.999 0.456 999.999 0.456 9.999 0.456  3.610 0.559
169.25 170.25 99999.99 0.456 9999.99 0.456 9.999 0.456 99.99 0.456  0.090 0.559   3.766 0.000   5.273 0.000 999.99 0.456000 999.999 0.456 999.999 0.456 999.999 0.456 9.999 0.456  1.881 0.559
172.25 173.25   432.01 0.000   11.84 0.000 0.114 0.000  0.18 0.000  0.094 0.559   6.082 0.000   8.515 0.000 999.99 0.259000  55.393 0.000  26.556 0.000  28.836 0.000 0.165 0.000  2.481 0.559
175.25 176.25   135.93 0.000    7.22 0.000 0.047 0.000  0.14 0.000  0.070 0.559   2.990 0.000   4.186 0.000 999.99 0.259000  25.847 0.000   8.354 0.000  17.493 0.000 0.081 0.000  2.193 0.559
178.25 179.25   120.79 0.000   13.60 0.000 0.044 0.000 99.99 0.259  0.048 0.559   2.828 0.000   3.960 0.000 999.99 0.259000  33.534 0.000  18.586 0.000  14.948 0.000 0.077 0.000  1.544 0.559
181.25 182.25   260.85 0.000   16.32 0.000 9.999 0.259 99.99 0.259  0.187 0.559   6.237 0.000  11.227 0.000 999.99 0.259000  49.583 0.000  20.773 0.000  28.809 0.000 0.244 0.000  2.717 0.559
184.25 185.25 99999.99 0.456 9999.99 0.456 9.999 0.456 99.99 0.456  0.159 0.559  10.069 0.000  18.124 0.000 999.99 0.456000  54.088 0.000 999.999 0.456 999.999 0.456 9.999 0.456  3.875 0.559
187.25 188.25   237.19 0.000   17.26 0.000 9.999 0.259  0.22 0.000  0.060 0.559   3.523 0.000   6.341 0.000 999.99 0.259000  43.529 0.000  22.067 0.000  21.462 0.000 0.076 0.000  2.479 0.559
190.25 191.25   378.58 0.000   34.61 0.000 0.037 0.000  0.37 0.000  0.117 0.000   5.678 0.000  10.221 0.000 999.99 0.259000  43.834 0.000  15.869 0.000  27.965 0.000 0.109 0.000  2.600 0.000
193.25 194.25   267.43 0.000    5.69 0.000 9.999 0.259  0.75 0.000  0.076 0.559   3.248 0.000   5.846 0.000 999.99 0.259000  35.954 0.000  21.193 0.000  14.761 0.000 0.105 0.000  1.044 0.559
196.25 197.25   250.16 0.000   16.38 0.000 9.999 0.259 99.99 0.259  0.121 0.000   3.827 0.000   6.888 0.000 999.99 0.259000  28.299 0.000   8.759 0.000  19.540 0.000 0.073 0.000  1.983 0.000
199.25 200.25   402.34 0.000   20.69 0.000 9.999 0.259  1.74 0.000  0.115 0.559   5.907 0.000  10.632 0.000 999.99 0.259000  58.941 0.000  23.771 0.000  35.170 0.000 0.086 0.000  3.813 0.559
202.25 203.25   192.77 0.000    8.43 0.000 0.016 0.000  0.17 0.000  0.123 0.559   3.836 0.000   6.905 0.000 999.99 0.259000  27.961 0.000   9.371 0.000  18.590 0.000 0.055 0.000  1.686 0.559
205.25 206.25   275.61 0.000   13.04 0.000 9.999 0.259  0.32 0.000  0.072 0.559   2.640 0.000   4.752 0.000 999.99 0.259000  27.695 0.000  12.685 0.000  15.010 0.000 0.054 0.000  1.402 0.559
208.25 209.25   358.79 0.000   13.35 0.000 9.999 0.259  0.65 0.000  0.100 0.559   1.607 0.000   2.892 0.000 999.99 0.259000  31.980 0.000  19.478 0.000  12.502 0.000 0.095 0.000  1.107 0.559
211.25 212.25   218.73 0.000   15.81 0.000 0.010 0.000  0.18 0.000  0.067 0.559   2.406 0.000   4.332 0.000 999.99 0.259000  25.612 0.000   8.453 0.000  17.159 0.000 0.059 0.000  2.150 0.559
214.25 215.25  1264.07 0.000   25.32 0.000 0.687 0.000  0.95 0.000  0.201 0.559   3.534 0.000   6.361 0.000 999.99 0.259000  66.639 0.000  35.870 0.000  30.769 0.000 0.456 0.000  1.412 0.559
217.25 218.25   486.23 0.000   11.79 0.000 0.141 0.000  0.30 0.000  0.087 0.000   3.219 0.000   5.795 0.000 999.99 0.259000  32.437 0.000  10.919 0.000  21.518 0.000 0.175 0.000  2.049 0.000
220.25 221.25   311.05 0.000   50.55 0.000 0.082 0.000  0.32 0.000  0.084 0.000   3.216 0.000   5.788 0.000 999.99 0.259000  32.771 0.000  14.052 0.000  18.720 0.000 0.111 0.000  1.768 0.000
223.25 224.25   116.23 0.000   15.15 0.000 9.999 0.259 99.99 0.259  0.067 0.000   2.185 0.000   3.932 0.000 999.99 0.259000  21.432 0.000   4.767 0.000  16.665 0.000 0.048 0.000  2.380 0.000
226.25 227.25   267.44 0.000   13.40 0.000 0.059 0.000  0.26 0.000  0.099 0.000   2.685 0.000   4.834 0.000 999.99 0.259000  25.045 0.000   9.652 0.000  15.393 0.000 0.073 0.000  1.614 0.000
229.25 230.25   352.59 0.000   28.37 0.000 0.103 0.000  0.39 0.000  0.083 0.000   5.127 0.000   9.229 0.000 999.99 0.259000  50.000 0.000  16.113 0.000  33.887 0.000 0.110 0.000  4.194 0.000
232.25 233.25   306.81 0.000   26.71 0.000 0.143 0.000  0.43 0.000  0.147 0.000   4.287 0.000   7.717 0.000 999.99 0.259000  40.058 0.000  12.472 0.000  27.586 0.000 0.147 0.000  3.145 0.000
235.25 236.25   399.94 0.699   56.37 0.699 0.100 0.699  0.18 0.699  0.124 0.000   7.368 0.000  13.263 0.000 999.99 0.699259  75.156 0.000  30.785 0.699  44.372 0.000 0.097 0.699  5.988 0.000
238.25 239.25   159.51 0.000   19.89 0.000 9.999 0.259 99.99 0.259  0.032 0.000   2.296 0.000   4.133 0.000 999.99 0.259000  15.724 0.000   6.434 0.000   9.290 0.000 0.039 0.000  0.931 0.000
241.25 242.25   137.85 0.000    6.13 0.000 9.999 0.259  0.24 0.000  0.086 0.559   2.103 0.000   3.786 0.000 999.99 0.259000  24.215 0.000  13.225 0.000  10.990 0.000 0.063 0.000  1.040 0.559
244.25 245.25    46.39 0.000    2.06 0.000 9.999 0.259  0.17 0.000  0.037 0.000   1.985 0.000   3.573 0.000 999.99 0.259000  18.497 0.000   5.136 0.000  13.360 0.000 0.040 0.000  1.947 0.000
247.25 248.25   101.37 0.000   10.41 0.000 0.016 0.000  0.24 0.000  0.110 0.000   3.554 0.000   6.396 0.000 999.99 0.259000  38.536 0.000  15.070 0.000  23.466 0.000 0.073 0.000  3.059 0.000
