scripts/IMPROVE-2019_partial/data/US0034R.20110103060000.20191216000000.filterpack...1y.3d.US03L_filterpack_US0034.US03L_IMPROVE_Davis.lev2.nas
52 1001
MISSING INFORMATION
US03L, IMPROVE, , , , , , , 
MISSING INFORMATION
IMPROVE sel_HTAP
1 1
2011 01 01 2019 12 16
3.00
days from file reference point
5
1 1 1 1 1
999.99 999.999 9.999 999.999 9.999
end_time of measurement, days from the file reference point
pm10_mass, ug/m3, Matrix=pm10
numflag pm10_mass, no unit, Matrix=pm10
pm25_mass, ug/m3, Matrix=pm25
numflag pm25_mass, no unit, Matrix=pm25
0
33
Data definition:              EBAS_1.1
Set type code:                TU
Timezone:                     UTC
File name:                    US0034R.20110103060000.20191216000000.filterpack...1y.3d.US03L_filterpack_US0034.US03L_IMPROVE_Davis.lev2.nas
File creation:                20191218115740
Startdate:                    20110103060000
Revision date:                20191216000000
Version:                      2
Version description:          "Data extracted from http://views.cira.colostate.edu/fed/DataWizard 2019-12-16"
Statistics:                   arithmetic mean
Data level:                   2
Period code:                  1y
Resolution code:              3d
Sample duration:              1d
Orig. time res.:              3d
Station code:                 US0034R
Platform code:                US0034S
Station name:                 Lake Sugema 2
Station latitude:             40.6932
Station longitude:            -92.0059
Station altitude:             229.0 m
Regime:                       IMG
Component:                    
Unit:                         ug/m3
Matrix:                       
Laboratory code:              US03L
Instrument type:              filterpack
Instrument name:              filterpack_US0034
Method ref:                   US03L_IMPROVE_Davis
Blank correction:             Blank corrected
Volume std. temperature:      ambient
Volume std. pressure:         ambient
starttime endtime PM10 flag_PM10 PM2.5 flag_PM2.5
  2.25   3.25  12.116 0.000   5.080 0.000
  5.25   6.25  14.511 0.000  10.966 0.000
  8.25   9.25  12.717 0.000   9.174 0.000
 11.25  12.25  13.242 0.000  11.323 0.000
 14.25  15.25  22.312 0.000  16.777 0.000
 17.25  18.25  24.162 0.000  21.466 0.000
 20.25  21.25   7.585 0.000   6.574 0.000
 23.25  24.25  21.730 0.000  19.840 0.000
 26.25  27.25  22.010 0.000  20.091 0.000
 29.25  30.25  19.898 0.000  16.880 0.000
 32.25  33.25   4.796 0.000   3.428 0.000
 35.25  36.25  13.810 0.000  10.348 0.000
 38.25  39.25   9.680 0.000   5.750 0.000
 41.25  42.25  14.248 0.000  10.751 0.000
 44.25  45.25   5.189 0.000   4.201 0.000
 47.25  48.25  12.657 0.000   8.214 0.000
 50.25  51.25  11.227 0.000   8.934 0.000
 53.25  54.25  12.331 0.000  10.454 0.000
 56.25  57.25  18.608 0.000  15.693 0.000
 59.25  60.25  10.093 0.000   8.134 0.000
 62.25  63.25  24.762 0.000  21.916 0.000
 65.25  66.25  12.524 0.000  10.798 0.000
 68.25  69.25  16.848 0.000  15.616 0.000
 71.25  72.25  10.968 0.000   8.620 0.000
 74.25  75.25  13.428 0.000   7.380 0.000
 77.25  78.25  10.857 0.000   6.667 0.000
 80.25  81.25  20.495 0.000  12.793 0.000
 83.25  84.25  10.851 0.000   8.715 0.000
 86.25  87.25   9.840 0.000   4.329 0.000
 89.25  90.25  22.273 0.000  13.658 0.000
 92.25  93.25  29.773 0.000  13.121 0.000
 95.25  96.25  23.660 0.000   9.488 0.000
 98.25  99.25  14.166 0.000  10.260 0.000
101.25 102.25  12.229 0.000   4.766 0.000
104.25 105.25  13.574 0.000   7.801 0.000
107.25 108.25   9.252 0.000   7.557 0.000
110.25 111.25   5.540 0.000   4.257 0.000
113.25 114.25   4.227 0.000   2.890 0.000
116.25 117.25   3.703 0.000   2.147 0.000
119.25 120.25  12.403 0.000   6.091 0.000
122.25 123.25  20.731 0.000   4.635 0.000
125.25 126.25  13.039 0.000   4.468 0.000
128.25 129.25  23.283 0.000  13.548 0.000
131.25 132.25  17.010 0.000   6.687 0.000
134.25 135.25   4.733 0.000   2.494 0.000
137.25 138.25  16.591 0.000   7.550 0.000
140.25 141.25  12.879 0.000   6.882 0.000
143.25 144.25   9.496 0.000   7.828 0.000
146.25 147.25   7.258 0.000   7.257 0.000
149.25 150.25  14.666 0.000  11.922 0.000
152.25 153.25  13.017 0.000   7.431 0.000
155.25 156.25  20.971 0.000  14.076 0.000
158.25 159.25  28.676 0.000  19.105 0.000
161.25 162.25 999.999 0.456   4.605 0.000
164.25 165.25   7.895 0.000   5.399 0.000
167.25 168.25  11.141 0.000   7.013 0.000
170.25 171.25  10.607 0.000   5.709 0.000
173.25 174.25   5.087 0.000   1.498 0.000
176.25 177.25  12.541 0.000   8.336 0.000
179.25 180.25  12.026 0.000   6.895 0.000
182.25 183.25  20.863 0.000   8.183 0.000
185.25 186.25  19.337 0.000  10.349 0.000
188.25 189.25  24.183 0.000  13.614 0.000
191.25 192.25   9.823 0.000   7.117 0.000
194.25 195.25  15.133 0.000  11.485 0.000
197.25 198.25  34.870 0.000  20.483 0.000
200.25 201.25  18.183 0.000   8.335 0.000
203.25 204.25  21.733 0.000  11.932 0.000
206.25 207.25  19.987 0.000  11.074 0.000
209.25 210.25  15.335 0.000   8.507 0.000
212.25 213.25  20.688 0.000  13.079 0.000
215.25 216.25  18.824 0.000   9.898 0.000
218.25 219.25   9.784 0.000   3.959 0.000
221.25 222.25  16.459 0.000   4.161 0.000
224.25 225.25  18.020 0.000   4.909 0.000
227.25 228.25  16.313 0.000  10.835 0.000
230.25 231.25  11.809 0.000   5.434 0.000
233.25 234.25  15.069 0.000   8.143 0.000
236.25 237.25  23.047 0.000   4.873 0.000
239.25 240.25  18.165 0.000   6.500 0.000
242.25 243.25  24.453 0.000  16.042 0.000
245.25 246.25  21.129 0.000  13.591 0.000
248.25 249.25   7.958 0.000   2.982 0.000
251.25 252.25  15.758 0.000   5.402 0.000
254.25 255.25  14.169 0.000   6.795 0.000
257.25 258.25   9.975 0.000   2.027 0.000
260.25 261.25  14.564 0.000  11.380 0.000
263.25 264.25  13.266 0.000   3.004 0.000
266.25 267.25  15.381 0.000   3.721 0.000
269.25 270.25   8.392 0.000   4.196 0.000
272.25 273.25  15.059 0.000   3.252 0.000
275.25 276.25  16.653 0.000   4.336 0.000
278.25 279.25  26.159 0.000  12.143 0.000
281.25 282.25  20.928 0.000  10.284 0.000
284.25 285.25   8.480 0.000   5.954 0.000
287.25 288.25  13.579 0.000   2.913 0.000
290.25 291.25  15.694 0.000   3.469 0.000
293.25 294.25  32.041 0.000   4.783 0.000
296.25 297.25  15.308 0.000   3.707 0.000
299.25 300.25  23.388 0.000   5.470 0.000
302.25 303.25  11.235 0.000   4.394 0.000
305.25 306.25  14.560 0.000   6.626 0.000
308.25 309.25  10.705 0.000  10.305 0.000
311.25 312.25 999.999 0.999 999.999 0.999
314.25 315.25 999.999 0.999 999.999 0.999
317.25 318.25 999.999 0.999 999.999 0.999
320.25 321.25  15.403 0.000   3.599 0.000
323.25 324.25  13.741 0.000   8.175 0.000
326.25 327.25  13.335 0.000  13.205 0.000
329.25 330.25   9.007 0.000   8.315 0.000
332.25 333.25   7.068 0.000   4.191 0.000
335.25 336.25  15.270 0.000  11.825 0.000
338.25 339.25  10.169 0.000   6.886 0.000
341.25 342.25  19.965 0.000  13.855 0.000
344.25 345.25  21.508 0.000  16.840 0.000
347.25 348.25   3.972 0.000   3.532 0.000
350.25 351.25  10.441 0.000   7.855 0.000
353.25 354.25   7.071 0.000   6.156 0.000
356.25 357.25   9.780 0.000   6.297 0.000
359.25 360.25   4.514 0.000   2.319 0.000
362.25 363.25   7.509 0.000   2.740 0.000
