scripts/IMPROVE-2019_partial/data/US0042R.20080101050000.20191216000000.filterpack...52w.3d.US03L_filterpack_US0042.US03L_IMPROVE_Davis.lev2.nas
51 1001
MISSING INFORMATION
US03L, IMPROVE, , , , , , , 
MISSING INFORMATION
IMPROVE sel_HTAP
1 1
2008 01 01 2019 12 16
3.000000
days from file reference point
4
1 1 1 1
999.999999 999.999 999.999 9.999
end_time of measurement, days from the file reference point
pm10_mass, ug/m3, Matrix=pm10
pm25_mass, ug/m3, Matrix=pm25
numflag, no unit
0
33
Data definition:              EBAS_1.1
Set type code:                TU
Timezone:                     UTC
File name:                    US0042R.20080101050000.20191216000000.filterpack...52w.3d.US03L_filterpack_US0042.US03L_IMPROVE_Davis.lev2.nas
File creation:                20191218115802
Startdate:                    20080101050000
Revision date:                20191216000000
Version:                      2
Version description:          "Data extracted from http://views.cira.colostate.edu/fed/DataWizard 2019-12-16"
Statistics:                   arithmetic mean
Data level:                   2
Period code:                  52w
Resolution code:              3d
Sample duration:              1d
Orig. time res.:              3d
Station code:                 US0042R
Platform code:                US0042S
Station name:                 Cape Cod
Station latitude:             41.9758
Station longitude:            -70.0242
Station altitude:             49.0 m
Regime:                       IMG
Component:                    
Unit:                         ug/m3
Matrix:                       
Laboratory code:              US03L
Instrument type:              filterpack
Instrument name:              filterpack_US0042
Method ref:                   US03L_IMPROVE_Davis
Blank correction:             Blank corrected
Volume std. temperature:      ambient
Volume std. pressure:         ambient
starttime endtime PM10 PM2.5 flag
  0.208333   1.208333   9.146   6.169 0.000
  3.208333   4.208333  10.354   5.590 0.000
  6.208333   7.208333  18.298  15.073 0.000
  9.208333  10.208333   6.854   3.611 0.000
 12.208333  13.208333 999.999 999.999 0.999
 15.208333  16.208333   6.143   2.848 0.000
 18.208333  19.208333   6.749   3.736 0.000
 21.208333  22.208333   9.192   4.950 0.000
 24.208333  25.208333  10.862   3.863 0.000
 27.208333  28.208333  16.673   7.812 0.000
 30.208333  31.208333  12.359   5.147 0.000
 33.208333  34.208333   9.905   8.562 0.000
 36.208333  37.208333  10.498   9.657 0.000
 39.208333  40.208333   8.154   5.696 0.000
 42.208333  43.208333   6.100   3.518 0.000
 45.208333  46.208333  14.075   8.010 0.000
 48.208333  49.208333   8.310   5.090 0.000
 51.208333  52.208333   7.129   3.734 0.000
 54.208333  55.208333  10.483   6.505 0.000
 57.208333  58.208333  10.169   8.975 0.000
 60.208333  61.208333   6.589   5.031 0.000
 63.208333  64.208333  14.178   8.562 0.000
 66.208333  67.208333  12.071   5.633 0.000
 69.208333  70.208333   5.952   3.485 0.000
 72.208333  73.208333   8.696   3.715 0.000
 75.208333  76.208333  14.168   6.702 0.000
 78.208333  79.208333   8.490   3.542 0.000
 81.208333  82.208333   5.505   2.680 0.000
 84.208333  85.208333   8.768   4.291 0.000
 87.208333  88.208333   9.682   6.200 0.000
 90.208333  91.208333   5.895   4.295 0.000
 93.208333  94.208333   9.386   4.910 0.000
 96.208333  97.208333   8.544   4.221 0.000
 99.208333 100.208333  10.913   5.092 0.000
102.208333 103.208333 999.999 999.999 0.999
105.208333 106.208333 999.999 999.999 0.999
108.208333 109.208333  15.904   5.253 0.000
111.208333 112.208333  14.514   6.697 0.000
114.208333 115.208333 999.999 999.999 0.999
117.208333 118.208333 999.999 999.999 0.999
120.208333 121.208333 999.999 999.999 0.999
123.208333 124.208333 999.999 999.999 0.999
126.208333 127.208333 999.999 999.999 0.999
129.208333 130.208333   8.485   3.099 0.000
132.208333 133.208333  15.622   5.809 0.000
135.208333 136.208333 999.999 999.999 0.999
138.208333 139.208333 999.999 999.999 0.999
141.208333 142.208333 999.999 999.999 0.999
144.208333 145.208333   4.718   1.989 0.000
147.208333 148.208333  18.473  12.198 0.000
150.208333 151.208333  14.734   5.872 0.000
153.208333 154.208333  10.135   4.367 0.000
156.208333 157.208333  11.332   6.269 0.000
159.208333 160.208333  27.772  20.329 0.000
162.208333 163.208333  34.950  19.798 0.000
165.208333 166.208333  13.527   6.879 0.000
168.208333 169.208333 999.999 999.999 0.999
171.208333 172.208333 999.999 999.999 0.999
174.208333 175.208333 999.999 999.999 0.999
177.208333 178.208333 999.999 999.999 0.999
180.208333 181.208333 999.999 999.999 0.999
183.208333 184.208333 999.999 999.999 0.999
186.208333 187.208333 999.999 999.999 0.999
189.208333 190.208333 999.999 999.999 0.999
192.208333 193.208333   8.787   3.050 0.000
195.208333 196.208333  10.678   6.932 0.000
198.208333 199.208333  21.317  10.776 0.000
201.208333 202.208333  17.583  10.150 0.000
204.208333 205.208333  13.692   9.318 0.000
207.208333 208.208333  14.917  10.696 0.000
210.208333 211.208333  21.276  16.322 0.000
213.208333 214.208333  20.062  12.440 0.000
216.208333 217.208333   9.191   5.676 0.000
219.208333 220.208333   7.088   2.621 0.000
222.208333 223.208333   8.671   5.134 0.000
225.208333 226.208333   9.391   4.411 0.000
228.208333 229.208333  11.279   7.720 0.000
231.208333 232.208333  18.967  15.075 0.000
234.208333 235.208333 999.999   4.580 0.000
237.208333 238.208333 999.999   7.681 0.000
240.208333 241.208333 999.999   4.235 0.000
243.208333 244.208333 999.999   6.343 0.000
246.208333 247.208333  18.821   5.096 0.000
249.208333 250.208333  10.602   6.020 0.000
252.208333 253.208333  10.782   7.150 0.000
255.208333 256.208333   6.384   3.167 0.000
258.208333 259.208333  13.472   7.471 0.000
261.208333 262.208333  10.956   3.476 0.000
264.208333 265.208333  15.246   6.354 0.000
267.208333 268.208333   7.834   2.341 0.000
270.208333 271.208333   5.851   2.901 0.000
273.208333 274.208333   8.524   3.310 0.000
276.208333 277.208333   9.460   3.711 0.000
279.208333 280.208333   6.875   3.918 0.000
282.208333 283.208333  14.395   9.211 0.000
285.208333 286.208333   6.723   3.381 0.000
288.208333 289.208333  14.370   8.253 0.000
291.208333 292.208333   7.631   1.953 0.000
294.208333 295.208333  13.741   6.011 0.000
297.208333 298.208333   8.376   3.708 0.000
300.208333 301.208333  13.508   8.765 0.000
303.208333 304.208333   3.422   1.233 0.000
306.208333 307.208333   6.916   2.279 0.000
309.208333 310.208333   8.954   3.847 0.000
312.208333 313.208333   4.233   2.504 0.000
315.208333 316.208333   4.125   2.352 0.000
318.208333 319.208333   9.422   4.177 0.000
321.208333 322.208333   3.550   2.160 0.000
324.208333 325.208333   6.824   2.625 0.000
327.208333 328.208333 999.999 999.999 0.999
330.208333 331.208333   7.332   4.610 0.000
333.208333 334.208333  13.205   7.823 0.000
336.208333 337.208333  11.615   5.106 0.000
339.208333 340.208333  11.646   8.522 0.000
342.208333 343.208333   9.031   6.331 0.000
345.208333 346.208333  10.289   6.558 0.000
348.208333 349.208333  10.001   3.264 0.000
351.208333 352.208333   4.573   2.908 0.000
354.208333 355.208333   9.411   3.612 0.000
357.208333 358.208333   5.473   2.805 0.000
360.208333 361.208333   9.912   4.202 0.000
363.208333 364.208333   6.413   4.163 0.000
