scripts/IMPROVE-2019_partial/data/US0073R.19890104050000.20191216000000.filterpack...1y.3d.US03L_filterpack_US0073_GRSM1.US03L_IMPROVE_Davis.lev2.nas
51 1001
MISSING INFORMATION
US03L, IMPROVE, , , , , , , 
MISSING INFORMATION
IMPROVE sel_HTAP
1 1
1989 01 01 2019 12 16
0
days from file reference point
4
1 1 1 1
999.999999 9999.999 999.999 9.999
end_time of measurement, days from the file reference point
pm10_mass, ug/m3, Matrix=pm10
pm25_mass, ug/m3, Matrix=pm25
numflag, no unit
0
33
Data definition:              EBAS_1.1
Set type code:                TI
Timezone:                     UTC
File name:                    US0073R.19890104050000.20191216000000.filterpack...1y.3d.US03L_filterpack_US0073_GRSM1.US03L_IMPROVE_Davis.lev2.nas
File creation:                20191218120024
Startdate:                    19890104050000
Revision date:                20191216000000
Version:                      2
Version description:          "Data extracted from http://views.cira.colostate.edu/fed/DataWizard 2019-12-16"
Statistics:                   arithmetic mean
Data level:                   2
Period code:                  1y
Resolution code:              3d
Sample duration:              1d
Orig. time res.:              3d
Station code:                 US0073R
Platform code:                US0073S
Station name:                 Great Smoky Mountains NP
Station latitude:             35.6334
Station longitude:            -83.9416
Station altitude:             810.0 m
Regime:                       IMG
Component:                    
Unit:                         ug/m3
Matrix:                       
Laboratory code:              US03L
Instrument type:              filterpack
Instrument name:              filterpack_US0073_GRSM1
Method ref:                   US03L_IMPROVE_Davis
Blank correction:             Blank corrected
Volume std. temperature:      ambient
Volume std. pressure:         ambient
starttime endtime PM10 PM2.5 flag
  3.208333   4.208333   10.040   5.615 0.000
  6.208333   7.208333   22.121   9.398 0.000
 10.208333  11.208333    3.020   2.410 0.000
 13.208333  14.208333    5.636   4.137 0.000
 17.208333  18.208333 9999.999 999.999 0.999
 20.208333  21.208333 9999.999   6.195 0.000
 24.208333  25.208333 9999.999 999.999 0.999
 27.208333  28.208333 9999.999   7.766 0.000
 31.208333  32.208333 9999.999  10.629 0.000
 34.208333  35.208333 9999.999   2.667 0.000
 38.208333  39.208333 9999.999  10.124 0.000
 41.208333  42.208333 9999.999   9.074 0.000
 45.208333  46.208333 9999.999 999.999 0.999
 48.208333  49.208333 9999.999   3.117 0.000
 52.208333  53.208333 9999.999   9.060 0.000
 55.208333  56.208333 9999.999   5.172 0.000
 59.208333  60.208333   13.934  10.191 0.000
 62.208333  63.208333    7.181   5.350 0.000
 66.208333  67.208333   18.372  15.122 0.000
 69.208333  70.208333   15.768  11.164 0.000
 73.208333  74.208333   44.921  14.969 0.000
 76.208333  77.208333   19.612  13.522 0.000
 80.208333  81.208333   16.553  13.333 0.000
 83.208333  84.208333   10.390   7.500 0.000
 87.208333  88.208333   15.534  12.423 0.000
 90.208333  91.208333   11.352   8.079 0.000
 94.208333  95.208333   10.833   7.531 0.000
 97.208333  98.208333    9.536   6.688 0.000
101.208333 102.208333   13.843  10.209 0.000
104.208333 105.208333   22.964  18.806 0.000
108.208333 109.208333   17.609  13.204 0.000
111.208333 112.208333   27.617  18.865 0.000
115.208333 116.208333   23.647  15.030 0.000
118.208333 119.208333   19.719  14.604 0.000
122.208333 123.208333   15.360 999.999 0.000
125.208333 126.208333   11.603  10.189 0.000
129.208333 130.208333   18.256  14.379 0.000
132.208333 133.208333   22.122  11.509 0.000
136.208333 137.208333   28.168  24.281 0.000
139.208333 140.208333   14.713   9.085 0.000
143.208333 144.208333   20.743  15.910 0.000
146.208333 147.208333   13.110   7.838 0.000
150.208333 151.208333   26.320  20.277 0.000
153.208333 154.208333   13.020   9.776 0.000
157.208333 158.208333   15.935  11.190 0.000
160.208333 161.208333   35.733  25.700 0.000
164.208333 165.208333   17.108   9.647 0.000
167.208333 168.208333   25.966  19.774 0.000
171.208333 172.208333   15.363   6.584 0.000
174.208333 175.208333   61.162  47.166 0.000
178.208333 179.208333   22.188  18.758 0.000
181.208333 182.208333 9999.999 999.999 0.999
185.208333 186.208333   16.187  10.289 0.000
188.208333 189.208333   42.167  33.730 0.000
192.208333 193.208333   18.643  14.481 0.000
195.208333 196.208333   30.445  23.791 0.000
199.208333 200.208333   35.187  32.968 0.000
202.208333 203.208333  408.696   8.045 0.000
206.208333 207.208333   23.068  16.775 0.000
209.208333 210.208333   45.861  34.752 0.000
213.208333 214.208333   30.078  25.133 0.000
216.208333 217.208333   30.462  18.300 0.000
220.208333 221.208333   18.779  15.574 0.000
223.208333 224.208333   48.264  39.208 0.000
227.208333 228.208333   18.396  16.070 0.000
230.208333 231.208333   49.363  42.572 0.000
234.208333 235.208333   23.296  19.231 0.000
237.208333 238.208333   13.241  10.605 0.000
241.208333 242.208333   22.593  18.654 0.000
244.208333 245.208333   13.588   9.448 0.000
248.208333 249.208333    8.066   5.201 0.000
251.208333 252.208333   25.156  20.717 0.000
255.208333 256.208333   24.691  21.994 0.000
258.208333 259.208333   15.019  11.028 0.000
262.208333 263.208333   23.745  20.347 0.000
265.208333 266.208333    7.642   3.785 0.000
269.208333 270.208333 9999.999  19.340 0.000
272.208333 273.208333 9999.999   1.792 0.000
276.208333 277.208333 9999.999   9.361 0.000
279.208333 280.208333 9999.999   9.367 0.000
283.208333 284.208333   25.630  17.508 0.000
286.208333 287.208333   30.935  21.821 0.000
290.208333 291.208333 9999.999   3.186 0.000
293.208333 294.208333   13.386   7.445 0.000
297.208333 298.208333   19.887  15.080 0.000
300.208333 301.208333   16.802  10.000 0.000
304.208333 305.208333   11.977   9.547 0.000
307.208333 308.208333   15.165  10.906 0.000
311.208333 312.208333   16.731   4.578 0.000
314.208333 315.208333   12.803   5.865 0.000
318.208333 319.208333   10.039   7.419 0.000
321.208333 322.208333   11.830   6.226 0.000
325.208333 326.208333 9999.999 999.999 0.999
328.208333 329.208333 9999.999 999.999 0.999
332.208333 333.208333 9999.999 999.999 0.999
335.208333 336.208333 9999.999 999.999 0.999
339.208333 340.208333 9999.999 999.999 0.999
342.208333 343.208333 9999.999 999.999 0.999
346.208333 347.208333 9999.999 999.999 0.999
349.208333 350.208333 9999.999   9.064 0.000
353.208333 354.208333 9999.999 999.999 0.999
356.208333 357.208333 9999.999  10.032 0.000
360.208333 361.208333 9999.999 999.999 0.999
363.208333 364.208333 9999.999   8.295 0.000
