scripts/IMPROVE-2019_partial/data/US0072R.20040101070000.20191216000000.filterpack..pm25.52w.1w.US03L_filterpack_US0072.US03L_IMPROVE_Davis.lev2.nas
66 1001
MISSING INFORMATION
US03L, IMPROVE, , , , , , , 
MISSING INFORMATION
IMPROVE sel_HTAP
1 1
2004 01 01 2019 12 16
3.000000
days from file reference point
27
1 1 1 1 1 1 1 1 1 1 1 1 1 1 1 1 1 1 1 1 1 1 1 1 1 1 1
999.999999 9999.99 9.999 99.99 9.999999 9.999 9.999999 9.99 9.999999 9.999 9.999 99.999 9.999 99.999 9.999 999.99 9.999999 999.999 9.999 999.999 9.999 999.999 9.999 9.999 9.999 99.999 9.999
end_time of measurement, days from the file reference point
iron, ng/m3, Revision date=20181210133000
numflag iron, no unit, Revision date=20181210133000
lead, ng/m3, Revision date=20181210133000
numflag lead, no unit, Revision date=20181210133000
magnesium, ug/m3, Revision date=20181210133000
numflag magnesium, no unit, Revision date=20181210133000
nickel, ng/m3, Revision date=20181210133000
numflag nickel, no unit, Revision date=20181210133000
nitrate, ug N/m3, Revision date=20181210133000
numflag nitrate, no unit, Revision date=20181210133000
organic_carbon, ug C/m3, Revision date=20181210133000
numflag organic_carbon, no unit, Revision date=20181210133000
organic_mass, ug/m3, Revision date=20181210133000
numflag organic_mass, no unit, Revision date=20181210133000
phosphorus, ng/m3, Revision date=20181210133000
numflag phosphorus, no unit, Revision date=20181210133000
pm10_mass, ug/m3, Version=2, Version description=Data extracted from http://views.cira.colostate.edu/fed/DataWizard 2019-12-16, Sample duration=1d, Orig. time res.=3d, Matrix=pm10, Blank correction=Blank corrected, Volume std. temperature=ambient, Volume std. pressure=ambient
numflag pm10_mass, no unit, Version=2, Version description=Data extracted from http://views.cira.colostate.edu/fed/DataWizard 2019-12-16, Sample duration=1d, Orig. time res.=3d, Matrix=pm10, Blank correction=Blank corrected, Volume std. temperature=ambient, Volume std. pressure=ambient
pm10_pm25_mass, ug/m3, Revision date=20181210133000, Matrix=pm10_pm25
numflag pm10_pm25_mass, no unit, Revision date=20181210133000, Matrix=pm10_pm25
pm25_mass, ug/m3, Version=2, Version description=Data extracted from http://views.cira.colostate.edu/fed/DataWizard 2019-12-16, Sample duration=1d, Orig. time res.=3d, Blank correction=Blank corrected, Volume std. temperature=ambient, Volume std. pressure=ambient
numflag pm25_mass, no unit, Version=2, Version description=Data extracted from http://views.cira.colostate.edu/fed/DataWizard 2019-12-16, Sample duration=1d, Orig. time res.=3d, Blank correction=Blank corrected, Volume std. temperature=ambient, Volume std. pressure=ambient
potassium, ug/m3, Revision date=20181210133000
numflag potassium, no unit, Revision date=20181210133000
sulphate_total, ug S/m3, Revision date=20181210133000
numflag sulphate_total, no unit, Revision date=20181210133000
0
25
Data definition:              EBAS_1.1
Set type code:                TU
Timezone:                     UTC
File name:                    US0072R.20040101070000.20191216000000.filterpack..pm25.52w.1w.US03L_filterpack_US0072.US03L_IMPROVE_Davis.lev2.nas
File creation:                20191218120021
Startdate:                    20040101070000
Revision date:                20191216000000
Statistics:                   arithmetic mean
Data level:                   2
Period code:                  52w
Resolution code:              1w
Station code:                 US0072R
Platform code:                US0072S
Station name:                 Badlands NP
Station latitude:             43.7435
Station longitude:            -101.9412
Station altitude:             736.0 m
Regime:                       IMG
Component:                    
Matrix:                       pm25
Laboratory code:              US03L
Instrument type:              filterpack
Instrument name:              filterpack_US0072
Method ref:                   US03L_IMPROVE_Davis
starttime endtime Fe flag_Fe Pb flag_Pb Mg++ flag_Mg++ Ni flag_Ni NO3- flag_NO3- OC flag_OC OM flag_OM P flag_P PM10 flag_PM10 PM10-PM2.5 flag_PM10-PM2.5 PM2.5 flag_PM2.5 K+ flag_K+ SO4-- flag_SO4--
[from data line 80]
240.291667 241.291667    7.33 0.559  0.37 0.559000 9.999 0.559259 9.99 0.559259 0.029 0.559  0.496 0.000  0.695 0.000 999.99 0.559259   4.061 0.000   2.409 0.000   1.652 0.559 0.007 0.559  0.212 0.559
243.291667 244.291667   30.29 0.559  0.29 0.559000 9.999 0.559259 9.99 0.559259 0.011 0.559  0.615 0.000  0.861 0.000 999.99 0.559259   6.212 0.000   4.243 0.000   1.969 0.559 0.020 0.559  0.137 0.559
246.291667 247.291667   73.14 0.559  0.67 0.559000 9.999 0.559259 0.08 0.559000 0.027 0.000  1.194 0.000  1.671 0.000 999.99 0.559259  16.366 0.000  11.944 0.000   4.422 0.559 0.039 0.559  0.328 0.000
249.291667 250.291667   10.73 0.559  0.25 0.559000 9.999 0.559259 0.11 0.559000 0.008 0.000  0.888 0.000  1.243 0.000 999.99 0.559259   5.556 0.000   3.972 0.000   1.583 0.559 0.008 0.559  0.126 0.000
252.291667 253.291667   40.75 0.559  0.31 0.559000 9.999 0.559259 9.99 0.559259 0.018 0.000  1.108 0.000  1.551 0.000 999.99 0.559259  12.112 0.000   8.626 0.000   3.486 0.559 0.029 0.559  0.251 0.000
255.291667 256.291667   53.59 0.559  1.00 0.559000 0.077 0.559000 0.09 0.559000 0.023 0.000  1.070 0.000  1.498 0.000 999.99 0.559259  13.929 0.000   9.678 0.000   4.252 0.559 0.047 0.559  0.293 0.000
258.291667 259.291667   20.38 0.559  0.36 0.559000 9.999 0.559259 9.99 0.559259 0.022 0.000  0.477 0.000  0.668 0.000 999.99 0.559259   9.625 0.000   7.733 0.000   1.891 0.559 0.012 0.559  0.166 0.000
261.291667 262.291667   45.74 0.000  1.34 0.000000 0.066 0.000000 0.13 0.000000 0.062 0.000  1.577 0.000  2.207 0.000 999.99 0.259000  17.321 0.000  10.345 0.000   6.975 0.000 0.042 0.000  0.674 0.000
264.291667 265.291667    4.10 0.000  0.51 0.000000 9.999 0.259000 0.12 0.000000 0.015 0.000  0.387 0.000  0.542 0.000 999.99 0.259000   5.668 0.000   4.454 0.000   1.214 0.000 0.005 0.000  0.125 0.000
267.291667 268.291667   13.06 0.000  0.74 0.000000 9.999 0.259000 9.99 0.259000 0.022 0.559  1.046 0.000  1.465 0.000 999.99 0.259000   9.381 0.000   6.379 0.000   3.002 0.000 0.013 0.000  0.186 0.559
270.291667 271.291667   18.33 0.000  0.70 0.000000 9.999 0.259000 9.99 0.259000 0.025 0.559  0.857 0.000  1.200 0.000 999.99 0.259000   8.333 0.000   5.586 0.000   2.748 0.000 0.019 0.000  0.174 0.559
273.291667 274.291667   53.57 0.000  0.88 0.000000 9.999 0.259000 0.23 0.000000 0.034 0.559  0.876 0.000  1.227 0.000 999.99 0.259000  11.087 0.000   7.249 0.000   3.838 0.000 0.025 0.000  0.326 0.559
276.291667 277.291667   38.37 0.000  0.47 0.000000 0.102 0.000000 9.99 0.259000 0.018 0.559  1.096 0.000  1.535 0.000 999.99 0.259000   7.889 0.000   4.844 0.000   3.046 0.000 0.025 0.000  0.182 0.559
279.291667 280.291667   19.51 0.000  0.46 0.000000 9.999 0.259000 0.16 0.000000 0.049 0.559  0.847 0.000  1.186 0.000 999.99 0.259000   8.447 0.000   4.225 0.000   4.222 0.000 0.024 0.000  0.527 0.559
282.291667 283.291667   31.31 0.000  0.57 0.000000 9.999 0.259000 9.99 0.259000 0.015 0.559  0.815 0.000  1.141 0.000 999.99 0.259000  10.376 0.000   7.544 0.000   2.833 0.000 0.029 0.000  0.170 0.559
285.291667 286.291667   54.48 0.000  0.71 0.000000 9.999 0.259000 9.99 0.259000 0.033 0.559  0.788 0.000  1.104 0.000 999.99 0.259000  14.035 0.000  10.799 0.000   3.236 0.000 0.035 0.000  0.176 0.559
288.291667 289.291667   29.84 0.000  0.21 0.000000 0.116 0.000000 0.13 0.000000 0.010 0.559  0.262 0.000  0.367 0.000 999.99 0.259000   2.907 0.000   1.381 0.000   1.526 0.000 0.020 0.000  0.091 0.559
291.291667 292.291667   46.92 0.000  1.84 0.000000 9.999 0.259000 9.99 0.259000 0.100 0.559  0.540 0.000  0.756 0.000 999.99 0.259000  10.031 0.000   6.889 0.000   3.142 0.000 0.024 0.000  0.243 0.559
294.291667 295.291667   19.61 0.000  0.66 0.000000 0.093 0.000000 0.12 0.000000 0.088 0.559  0.691 0.000  0.968 0.000 999.99 0.259000   8.196 0.000   4.174 0.000   4.022 0.000 0.018 0.000  0.549 0.559
297.291667 298.291667   10.19 0.000  1.15 0.000000 9.999 0.259000 9.99 0.259000 0.022 0.559  0.581 0.000  0.813 0.000 999.99 0.259000   2.965 0.000   0.909 0.000   2.055 0.000 0.023 0.000  0.216 0.559
300.291667 301.291667   19.66 0.000  1.69 0.000000 9.999 0.259000 0.17 0.000000 0.103 0.559  1.008 0.000  1.411 0.000 999.99 0.259000   9.300 0.000   4.162 0.000   5.138 0.000 0.029 0.000  0.576 0.559
303.291667 304.291667   10.78 0.000  0.86 0.000000 9.999 0.259000 0.05 0.000000 0.041 0.559  1.339 0.000  1.875 0.000   5.99 0.000000   4.330 0.000   0.420 0.000   3.910 0.000 0.041 0.000  0.219 0.559
306.291667 307.291667    8.52 0.000  0.56 0.000000 0.083 0.000000 9.99 0.259000 0.021 0.559  0.352 0.000  0.493 0.000 999.99 0.259000   1.973 0.000   0.576 0.000   1.398 0.000 0.009 0.000  0.090 0.559
309.291667 310.291667   19.23 0.000  0.44 0.000000 9.999 0.259000 9.99 0.259000 0.033 0.559  0.497 0.000  0.695 0.000 999.99 0.259000   4.966 0.000   2.964 0.000   2.002 0.000 0.010 0.000  0.191 0.559
312.291667 313.291667   36.09 0.000  0.87 0.000000 9.999 0.259000 9.99 0.259000 0.054 0.559  0.750 0.000  1.050 0.000 999.99 0.259000   7.843 0.000   4.588 0.000   3.255 0.000 0.065 0.000  0.176 0.559
315.291667 316.291667   28.57 0.000  0.79 0.000000 0.172 0.000000 9.99 0.259000 0.048 0.559  0.732 0.000  1.025 0.000 999.99 0.259000   4.371 0.000   2.658 0.000   1.713 0.000 0.030 0.000  0.112 0.559
318.291667 319.291667   18.13 0.000  1.53 0.000000 9.999 0.259000 9.99 0.259000 0.145 0.559  0.530 0.000  0.742 0.000 999.99 0.259000   4.142 0.000   1.228 0.000   2.914 0.000 0.014 0.000  0.380 0.559
321.291667 322.291667   85.69 0.000  0.71 0.000000 9.999 0.259000 9.99 0.259000 9.999 0.999  0.647 0.000  0.906 0.000 999.99 0.259000  10.294 0.000   6.853 0.000   3.441 0.000 0.031 0.000 99.999 0.999
324.291667 325.291667   16.71 0.000  0.32 0.000000 9.999 0.259000 9.99 0.259000 0.047 0.559  0.346 0.000  0.484 0.000 999.99 0.259000   3.554 0.000   1.508 0.000   2.046 0.000 0.020 0.000  0.174 0.559
327.291667 328.291667    5.74 0.000  0.46 0.000000 9.999 0.259000 9.99 0.259000 0.052 0.559  0.250 0.000  0.349 0.000 999.99 0.259000   2.546 0.000   1.513 0.000   1.033 0.000 0.005 0.000  0.137 0.559
330.291667 331.291667   16.01 0.000 99.99 0.259000 9.999 0.259000 0.18 0.000000 0.018 0.559  0.275 0.000  0.385 0.000 999.99 0.259000   1.978 0.000   0.790 0.000   1.189 0.000 0.008 0.000  0.131 0.559
333.291667 334.291667    8.03 0.000  0.43 0.000000 9.999 0.259000 0.17 0.000000 0.138 0.559  0.336 0.000  0.471 0.000 999.99 0.259000   3.183 0.000   0.663 0.000   2.520 0.000 0.025 0.000  0.342 0.559
336.291667 337.291667   19.52 0.000  0.48 0.000000 9.999 0.259000 9.99 0.259000 0.064 0.559  0.551 0.000  0.772 0.000 999.99 0.259000   4.792 0.000   2.786 0.000   2.006 0.000 0.017 0.000  0.116 0.559
339.291667 340.291667   48.24 0.000  1.47 0.000000 9.999 0.259000 0.17 0.000000 0.222 0.559  0.639 0.000  0.895 0.000 999.99 0.259000   6.620 0.000   1.045 0.000   5.574 0.000 0.032 0.000  0.543 0.559
342.291667 343.291667   63.58 0.000  0.37 0.000000 9.999 0.259000 0.13 0.000000 0.020 0.559  0.310 0.000  0.435 0.000 999.99 0.259000   3.432 0.000   0.754 0.000   2.678 0.000 0.031 0.000  0.192 0.559
345.291667 346.291667   54.39 0.000  0.57 0.000000 9.999 0.259000 9.99 0.259000 0.024 0.559  0.295 0.000  0.412 0.000 999.99 0.259000   5.612 0.000   3.624 0.000   1.989 0.000 0.025 0.000  0.079 0.559
348.291667 349.291667   63.70 0.000  0.64 0.000000 9.999 0.259000 9.99 0.259000 0.057 0.559  0.228 0.000  0.319 0.000 999.99 0.259000   5.226 0.000   2.971 0.000   2.255 0.000 0.032 0.000  0.099 0.559
351.291667 352.291667   28.77 0.000  0.33 0.000000 9.999 0.259000 9.99 0.259000 0.011 0.559  0.311 0.000  0.436 0.000 999.99 0.259000   4.183 0.000   3.200 0.000   0.983 0.000 0.014 0.000  0.035 0.559
354.291667 355.291667   34.95 0.000  0.42 0.000000 0.104 0.000000 0.12 0.000000 0.011 0.559  0.301 0.000  0.421 0.000 999.99 0.259000   5.929 0.000   4.608 0.000   1.321 0.000 0.019 0.000  0.058 0.559
357.291667 358.291667   31.83 0.000  0.65 0.000000 9.999 0.259000 0.24 0.000000 0.080 0.559  0.222 0.000  0.311 0.000 999.99 0.259000   4.340 0.000   2.015 0.000   2.325 0.000 0.044 0.000  0.168 0.559
360.291667 361.291667   24.46 0.000  0.90 0.000000 9.999 0.259000 0.18 0.000000 0.209 0.559  0.307 0.000  0.429 0.000 999.99 0.259000   4.914 0.000   0.778 0.000   4.136 0.000 0.022 0.000  0.628 0.559
363.291667 364.291667   28.36 0.000  0.68 0.000000 9.999 0.259000 0.12 0.000000 0.077 0.559  0.435 0.000  0.609 0.000 999.99 0.259000   5.491 0.000   3.301 0.000   2.190 0.000 0.019 0.000  0.173 0.559
