scripts/IMPROVE-2019_partial/data/US0098R.20070103080000.20191216000000.filterpack...1y.3d.US03L_filterpack_US0098.US03L_IMPROVE_Davis.lev2.nas
52 1001
MISSING INFORMATION
US03L, IMPROVE, , , , , , , 
MISSING INFORMATION
IMPROVE sel_HTAP
1 1
2007 01 01 2019 12 16
3.000000
days from file reference point
5
1 1 1 1 1
999.999999 999.999 9.999 999.999 9.999
end_time of measurement, days from the file reference point
pm10_mass, ug/m3, Matrix=pm10
numflag pm10_mass, no unit, Matrix=pm10
pm25_mass, ug/m3, Matrix=pm25
numflag pm25_mass, no unit, Matrix=pm25
0
33
Data definition:              EBAS_1.1
Set type code:                TU
Timezone:                     UTC
File name:                    US0098R.20070103080000.20191216000000.filterpack...1y.3d.US03L_filterpack_US0098.US03L_IMPROVE_Davis.lev2.nas
File creation:                20191218120209
Startdate:                    20070103080000
Revision date:                20191216000000
Version:                      2
Version description:          "Data extracted from http://views.cira.colostate.edu/fed/DataWizard 2019-12-16"
Statistics:                   arithmetic mean
Data level:                   2
Period code:                  1y
Resolution code:              3d
Sample duration:              1d
Orig. time res.:              3d
Station code:                 US0098R
Platform code:                US0098S
Station name:                 Point Reyes National Seashore
Station latitude:             38.1224
Station longitude:            -122.9085
Station altitude:             97.0 m
Regime:                       IMG
Component:                    
Unit:                         ug/m3
Matrix:                       
Laboratory code:              US03L
Instrument type:              filterpack
Instrument name:              filterpack_US0098
Method ref:                   US03L_IMPROVE_Davis
Blank correction:             Blank corrected
Volume std. temperature:      ambient
Volume std. pressure:         ambient
starttime endtime PM10 flag_PM10 PM2.5 flag_PM2.5
  2.333333   3.333333   2.618 0.000   1.449 0.000
  5.333333   6.333333  17.241 0.000   5.566 0.000
  8.333333   9.333333  15.400 0.000  11.228 0.000
 11.333333  12.333333   4.552 0.000   1.212 0.000
 14.333333  15.333333  10.016 0.000   3.344 0.000
 17.333333  18.333333  16.376 0.000 999.999 0.456
 20.333333  21.333333  22.267 0.000   6.298 0.000
 23.333333  24.333333  33.047 0.000  21.068 0.000
 26.333333  27.333333  13.464 0.000  11.206 0.000
 29.333333  30.333333  13.344 0.000   6.127 0.000
 32.333333  33.333333  23.609 0.000  12.221 0.000
 35.333333  36.333333  31.862 0.000  25.092 0.000
 38.333333  39.333333   2.628 0.000   1.404 0.000
 41.333333  42.333333  10.507 0.000   3.919 0.000
 44.333333  45.333333 999.999 0.999 999.999 0.999
 47.333333  48.333333  12.947 0.000   4.361 0.000
 50.333333  51.333333   9.888 0.000   3.003 0.659
 53.333333  54.333333  12.717 0.000   2.497 0.659
 56.333333  57.333333   9.037 0.000   2.627 0.659
 59.333333  60.333333  15.463 0.000   5.892 0.659
 62.333333  63.333333  10.238 0.000   4.985 0.659
 65.333333  66.333333   6.498 0.000   2.389 0.659
 68.333333  69.333333   8.248 0.000   2.256 0.659
 71.333333  72.333333  12.289 0.000   4.207 0.659
 74.333333  75.333333  17.891 0.000   6.051 0.659
 77.333333  78.333333   2.673 0.000   1.482 0.659
 80.333333  81.333333  31.229 0.000   9.360 0.659
 83.333333  84.333333   0.703 0.000   0.274 0.659
 86.333333  87.333333  24.392 0.000   6.863 0.659
 89.333333  90.333333  11.600 0.000   3.485 0.659
 92.333333  93.333333  15.343 0.000   4.755 0.659
 95.333333  96.333333   0.958 0.000   0.631 0.659
 98.333333  99.333333  21.385 0.000   6.733 0.659
101.333333 102.333333  20.762 0.000   5.299 0.659
104.333333 105.333333  28.895 0.000   8.769 0.659
107.333333 108.333333  15.778 0.000   3.729 0.659
110.333333 111.333333   6.869 0.000   2.434 0.659
113.333333 114.333333  17.790 0.000   4.810 0.659
116.333333 117.333333  33.974 0.000  11.235 0.659
119.333333 120.333333  30.626 0.000   9.250 0.659
122.333333 123.333333  15.112 0.000   3.653 0.659
125.333333 126.333333  24.253 0.000   7.409 0.659
128.333333 129.333333   9.517 0.000   3.725 0.659
131.333333 132.333333  19.507 0.000   6.568 0.659
134.333333 135.333333  18.513 0.000   7.281 0.659
137.333333 138.333333  12.090 0.000   4.784 0.659
140.333333 141.333333  26.494 0.000   8.198 0.659
143.333333 144.333333  18.445 0.000   7.572 0.659
146.333333 147.333333  17.827 0.000   6.216 0.659
149.333333 150.333333   8.133 0.000   3.800 0.659
152.333333 153.333333   4.131 0.000   1.959 0.659
155.333333 156.333333   7.442 0.000   2.574 0.659
158.333333 159.333333  14.085 0.000   5.418 0.659
161.333333 162.333333  30.980 0.000   8.860 0.659
164.333333 165.333333  44.520 0.000  13.607 0.659
167.333333 168.333333  34.197 0.000  11.397 0.659
170.333333 171.333333   9.780 0.000   2.679 0.659
173.333333 174.333333  30.752 0.000   7.054 0.659
176.333333 177.333333  27.034 0.000   8.499 0.659
179.333333 180.333333 999.999 0.456   1.338 0.659
182.333333 183.333333 999.999 0.456   2.316 0.659
185.333333 186.333333  26.134 0.000   8.364 0.659
188.333333 189.333333  17.934 0.000   7.129 0.659
191.333333 192.333333   5.822 0.000 999.999 0.456
194.333333 195.333333   1.396 0.000   1.212 0.659
197.333333 198.333333   3.659 0.000   1.899 0.659
200.333333 201.333333   4.365 0.000   1.619 0.659
203.333333 204.333333   2.639 0.000   1.541 0.659
206.333333 207.333333   8.543 0.000   3.487 0.659
209.333333 210.333333  13.082 0.000   4.651 0.659
212.333333 213.333333   8.071 0.000   4.589 0.659
215.333333 216.333333   8.757 0.000   3.493 0.659
218.333333 219.333333   8.335 0.000   2.966 0.659
221.333333 222.333333  19.580 0.000   6.003 0.659
224.333333 225.333333   8.912 0.000   2.912 0.659
227.333333 228.333333   7.997 0.000   3.057 0.000
230.333333 231.333333   5.321 0.000   2.873 0.000
233.333333 234.333333  27.355 0.000  10.574 0.000
236.333333 237.333333   8.083 0.000   5.019 0.000
239.333333 240.333333   7.897 0.000   2.850 0.000
242.333333 243.333333   5.568 0.000   2.849 0.000
245.333333 246.333333   6.278 0.000   2.413 0.000
248.333333 249.333333  15.174 0.000   6.646 0.000
251.333333 252.333333  13.578 0.000   7.647 0.000
254.333333 255.333333   9.572 0.000   5.248 0.000
257.333333 258.333333   4.995 0.000   3.013 0.000
260.333333 261.333333  29.404 0.000  10.808 0.000
263.333333 264.333333  18.003 0.000   8.114 0.000
266.333333 267.333333  12.903 0.000   5.673 0.000
269.333333 270.333333   8.669 0.000   5.013 0.000
272.333333 273.333333  11.440 0.000   3.777 0.000
275.333333 276.333333  20.513 0.000   7.112 0.000
278.333333 279.333333  15.813 0.000   5.168 0.000
281.333333 282.333333   4.390 0.000   2.036 0.000
284.333333 285.333333   4.032 0.000   2.203 0.000
287.333333 288.333333   7.476 0.000   3.580 0.000
290.333333 291.333333  10.722 0.000   4.155 0.000
293.333333 294.333333  21.018 0.000   5.691 0.000
296.333333 297.333333  18.471 0.000   6.215 0.000
299.333333 300.333333  26.290 0.000  10.385 0.000
302.333333 303.333333   9.369 0.000   5.510 0.000
305.333333 306.333333  16.184 0.000   7.284 0.000
308.333333 309.333333  11.545 0.000   8.940 0.000
311.333333 312.333333  12.601 0.000   8.175 0.000
314.333333 315.333333  19.752 0.000   6.928 0.000
317.333333 318.333333   9.188 0.000   3.723 0.000
320.333333 321.333333   1.344 0.000   0.616 0.000
323.333333 324.333333  11.700 0.000   3.010 0.000
326.333333 327.333333  10.235 0.000   3.032 0.000
329.333333 330.333333  18.460 0.000  10.297 0.000
332.333333 333.333333  15.620 0.000   4.929 0.000
335.333333 336.333333   6.664 0.000   2.542 0.000
338.333333 339.333333   8.629 0.000   5.260 0.000
341.333333 342.333333  12.089 0.000   3.625 0.000
344.333333 345.333333   6.189 0.000   1.481 0.000
347.333333 348.333333  16.544 0.000   6.893 0.000
350.333333 351.333333   6.056 0.000   2.575 0.000
353.333333 354.333333  13.923 0.000   4.067 0.000
356.333333 357.333333   4.058 0.000   2.811 0.000
359.333333 360.333333  12.901 0.000   4.063 0.000
362.333333 363.333333   7.239 0.000   6.032 0.000
