scripts/IMPROVE-2019_partial/data/US0058R.20050101060000.20191216000000.filterpack..pm25.52w.1w.US03L_filterpack_US0058.US03L_IMPROVE_Davis.lev2.nas
64 1001
MISSING INFORMATION
US03L, IMPROVE, , , , , , , 
MISSING INFORMATION
IMPROVE sel_HTAP
1 1
2005 01 01 2019 12 16
3.00
days from file reference point
25
1 1 1 1 1 1 1 1 1 1 1 1 1 1 1 1 1 1 1 1 1 1 1 1 1
999.99 9999.99 9.999 99.99 9.999 9.999 9.999999 9.99 9.999999 9.999 9.999 99.999 9.999 999.999 9.999 999.999 9.999 999.999 9.999 999.999 9.999 9.999 9.999 99.999 9.999
end_time of measurement, days from the file reference point
iron, ng/m3, Revision date=20181210133000
numflag iron, no unit, Revision date=20181210133000
lead, ng/m3, Revision date=20181210133000
numflag lead, no unit, Revision date=20181210133000
magnesium, ug/m3, Revision date=20181210133000
numflag magnesium, no unit, Revision date=20181210133000
nickel, ng/m3, Revision date=20181210133000
numflag nickel, no unit, Revision date=20181210133000
nitrate, ug N/m3, Revision date=20181210133000
numflag nitrate, no unit, Revision date=20181210133000
organic_carbon, ug C/m3, Revision date=20181210133000
numflag organic_carbon, no unit, Revision date=20181210133000
organic_mass, ug/m3, Revision date=20181210133000
numflag organic_mass, no unit, Revision date=20181210133000
pm10_mass, ug/m3, Version=2, Version description=Data extracted from http://views.cira.colostate.edu/fed/DataWizard 2019-12-16, Sample duration=1d, Orig. time res.=3d, Matrix=pm10, Blank correction=Blank corrected, Volume std. temperature=ambient, Volume std. pressure=ambient
numflag pm10_mass, no unit, Version=2, Version description=Data extracted from http://views.cira.colostate.edu/fed/DataWizard 2019-12-16, Sample duration=1d, Orig. time res.=3d, Matrix=pm10, Blank correction=Blank corrected, Volume std. temperature=ambient, Volume std. pressure=ambient
pm10_pm25_mass, ug/m3, Revision date=20181210133000, Matrix=pm10_pm25
numflag pm10_pm25_mass, no unit, Revision date=20181210133000, Matrix=pm10_pm25
pm25_mass, ug/m3, Version=2, Version description=Data extracted from http://views.cira.colostate.edu/fed/DataWizard 2019-12-16, Sample duration=1d, Orig. time res.=3d, Blank correction=Blank corrected, Volume std. temperature=ambient, Volume std. pressure=ambient
numflag pm25_mass, no unit, Version=2, Version description=Data extracted from http://views.cira.colostate.edu/fed/DataWizard 2019-12-16, Sample duration=1d, Orig. time res.=3d, Blank correction=Blank corrected, Volume std. temperature=ambient, Volume std. pressure=ambient
potassium, ug/m3, Revision date=20181210133000
numflag potassium, no unit, Revision date=20181210133000
sulphate_total, ug S/m3, Revision date=20181210133000
numflag sulphate_total, no unit, Revision date=20181210133000
0
25
Data definition:              EBAS_1.1
Set type code:                TU
Timezone:                     UTC
File name:                    US0058R.20050101060000.20191216000000.filterpack..pm25.52w.1w.US03L_filterpack_US0058.US03L_IMPROVE_Davis.lev2.nas
File creation:                20191218115904
Startdate:                    20050101060000
Revision date:                20191216000000
Statistics:                   arithmetic mean
Data level:                   2
Period code:                  52w
Resolution code:              1w
Station code:                 US0058R
Platform code:                US0058S
Station name:                 Lostwood
Station latitude:             48.6419
Station longitude:            -102.4022
Station altitude:             696.0 m
Regime:                       IMG
Component:                    
Matrix:                       pm25
Laboratory code:              US03L
Instrument type:              filterpack
Instrument name:              filterpack_US0058
Method ref:                   US03L_IMPROVE_Davis
starttime endtime Fe flag_Fe Pb flag_Pb Mg++ flag_Mg++ Ni flag_Ni NO3- flag_NO3- OC flag_OC OM flag_OM PM10 flag_PM10 PM10-PM2.5 flag_PM10-PM2.5 PM2.5 flag_PM2.5 K+ flag_K+ SO4-- flag_SO4--
  0.25   1.25   11.72 0.000  2.34 0.000 9.999 0.259000 0.16 0.000000 0.048 0.000  0.315 0.000   0.567 0.000   8.857 0.000   6.331 0.000   2.526 0.000 0.018 0.000  0.317 0.000
  3.25   4.25    8.51 0.000  0.89 0.000 0.007 0.000000 0.13 0.000000 0.348 0.000  0.685 0.000   1.233 0.000   5.543 0.000   0.453 0.000   5.090 0.000 0.078 0.000  0.501 0.000
  6.25   7.25    8.93 0.000  0.80 0.000 9.999 0.259000 9.99 0.259000 0.121 0.000  0.510 0.000   0.919 0.000   3.489 0.000   0.876 0.000   2.614 0.000 0.029 0.000  0.298 0.000
  9.25  10.25    5.76 0.000  0.25 0.000 9.999 0.259000 9.99 0.259000 0.188 0.000  0.413 0.000   0.744 0.000   3.354 0.000   0.399 0.000   2.955 0.000 0.047 0.000  0.252 0.000
 12.25  13.25   21.57 0.000  1.13 0.000 0.013 0.000000 0.15 0.000000 0.059 0.000  0.328 0.000   0.591 0.000   4.140 0.000   1.643 0.000   2.497 0.000 0.039 0.000  0.209 0.000
 15.25  16.25   11.83 0.000  0.70 0.000 9.999 0.259000 9.99 0.259000 0.208 0.000  0.940 0.000   1.692 0.000   5.043 0.000   1.438 0.000   3.603 0.000 0.021 0.000  0.313 0.000
 18.25  19.25   10.60 0.000  0.98 0.000 9.999 0.259000 0.09 0.000000 0.367 0.000  1.037 0.000   1.867 0.000   9.708 0.000   2.206 0.000   7.500 0.000 0.055 0.000  0.997 0.000
 21.25  22.25    8.80 0.000  1.40 0.000 9.999 0.259000 0.24 0.000000 0.095 0.000  0.236 0.000   0.426 0.000   8.962 0.000   4.821 0.000   4.144 0.000 0.021 0.000  0.777 0.000
 24.25  25.25    3.75 0.000  0.83 0.000 9.999 0.259000 0.17 0.000000 0.088 0.000  0.314 0.000   0.565 0.000   2.819 0.000   0.883 0.000   1.948 0.000 0.014 0.000  0.275 0.000
 27.25  28.25    8.36 0.000  0.52 0.000 9.999 0.259000 9.99 0.259000 0.541 0.000  0.650 0.000   1.171 0.000   7.749 0.000   0.715 0.000   7.033 0.000 0.046 0.000  0.738 0.000
 30.25  31.25    7.20 0.000  0.64 0.000 9.999 0.259000 9.99 0.259000 0.681 0.000  0.541 0.000   0.974 0.000   6.751 0.000   1.000 0.000   5.749 0.000 0.035 0.000  0.324 0.000
 33.25  34.25   16.32 0.000  1.28 0.000 9.999 0.259000 9.99 0.259000 0.078 0.000  0.299 0.000   0.539 0.000   4.240 0.000   2.617 0.000   1.622 0.000 0.019 0.000  0.129 0.000
 36.25  37.25    5.84 0.000  1.85 0.000 9.999 0.259000 0.25 0.000000 0.048 0.000  0.244 0.000   0.438 0.000   3.973 0.000   2.048 0.000   1.925 0.000 0.027 0.000  0.196 0.000
 39.25  40.25 9999.99 0.999 99.99 0.999 9.999 0.999000 9.99 0.999000 9.999 0.999 99.999 0.999 999.999 0.999 999.999 0.999 999.999 0.999 999.999 0.999 9.999 0.999 99.999 0.999
 42.25  43.25 9999.99 0.999 99.99 0.999 9.999 0.999000 9.99 0.999000 9.999 0.999 99.999 0.999 999.999 0.999 999.999 0.999 999.999 0.999 999.999 0.999 9.999 0.999 99.999 0.999
 45.25  46.25 9999.99 0.999 99.99 0.999 9.999 0.999000 9.99 0.999000 9.999 0.999 99.999 0.999 999.999 0.999 999.999 0.999 999.999 0.999 999.999 0.999 9.999 0.999 99.999 0.999
 48.25  49.25   25.37 0.000  0.50 0.000 9.999 0.259000 0.06 0.000000 0.142 0.000  0.540 0.000   0.972 0.000   8.950 0.000   5.303 0.000   3.648 0.000 0.032 0.000  0.422 0.000
 51.25  52.25   19.41 0.000  0.63 0.000 9.999 0.259000 9.99 0.259000 0.515 0.000  0.476 0.000   0.858 0.000   8.413 0.000   2.313 0.000   6.099 0.000 0.052 0.000  0.544 0.000
 54.25  55.25   24.85 0.000  0.60 0.000 0.012 0.000000 0.12 0.000000 0.547 0.000  0.610 0.000   1.099 0.000   8.555 0.000   3.404 0.000   5.149 0.000 0.028 0.000  0.311 0.000
 57.25  58.25   16.67 0.000  1.24 0.000 9.999 0.259000 0.18 0.000000 0.504 0.000  1.091 0.000   1.965 0.000  10.438 0.000   2.236 0.000   8.200 0.000 0.081 0.000  0.728 0.000
 60.25  61.25   30.94 0.000  1.23 0.000 9.999 0.259000 9.99 0.259000 0.707 0.000  0.287 0.000   0.517 0.000  11.362 0.000   4.953 0.000   6.407 0.000 0.019 0.000  0.438 0.000
 63.25  64.25   24.15 0.000  0.70 0.000 9.999 0.259000 9.99 0.259000 0.140 0.000  0.561 0.000   1.009 0.000   5.118 0.000   3.042 0.000   2.075 0.000 0.022 0.000  0.152 0.000
 66.25  67.25    7.46 0.000  1.04 0.000 0.013 0.000000 9.99 0.259000 0.273 0.000  0.392 0.000   0.706 0.000   7.553 0.000   0.869 0.000   6.693 0.000 0.022 0.000  1.132 0.000
 69.25  70.25    8.98 0.000  0.52 0.000 9.999 0.259000 9.99 0.259000 0.192 0.000  0.277 0.000   0.498 0.000   3.308 0.000   1.155 0.000   2.152 0.000 0.043 0.000  0.268 0.000
 72.25  73.25   12.79 0.000  0.64 0.000 0.012 0.000000 9.99 0.259000 0.045 0.000  0.159 0.000   0.287 0.000   3.168 0.000   1.606 0.000   1.561 0.000 0.027 0.000  0.215 0.000
 75.25  76.25   16.67 0.000  0.98 0.000 9.999 0.259000 9.99 0.259000 0.673 0.000  0.519 0.000   0.935 0.000  12.258 0.000   4.261 0.000   7.994 0.000 0.023 0.000  0.768 0.000
 78.25  79.25   15.44 0.000  0.81 0.000 0.015 0.000000 9.99 0.259000 0.431 0.000  0.405 0.000   0.729 0.000   5.695 0.000   2.245 0.000   3.449 0.000 0.016 0.000  0.239 0.000
 81.25  82.25    6.31 0.000  1.50 0.000 9.999 0.259000 9.99 0.259000 0.761 0.000  0.452 0.000   0.813 0.000  11.575 0.000   1.015 0.000  10.558 0.000 0.017 0.000  1.309 0.000
 84.25  85.25   11.43 0.000  1.69 0.000 9.999 0.259000 9.99 0.259000 0.307 0.000  0.543 0.000   0.977 0.000   7.088 0.000   1.933 0.000   5.154 0.000 0.018 0.000  0.822 0.000
 87.25  88.25    9.93 0.000  0.43 0.000 9.999 0.259000 9.99 0.259000 0.162 0.000  0.123 0.000   0.221 0.000   2.989 0.000   1.818 0.000   1.177 0.000 0.006 0.000  0.140 0.000
 90.25  91.25   28.91 0.000  0.80 0.000 9.999 0.259000 9.99 0.259000 0.043 0.000  0.182 0.000   0.328 0.000   4.654 0.000   2.790 0.000   1.863 0.000 0.016 0.000  0.260 0.000
 93.25  94.25   24.17 0.000  1.88 0.000 9.999 0.259000 9.99 0.259000 0.710 0.000  1.417 0.000   2.551 0.000  11.933 0.000   4.715 0.000   7.216 0.000 0.060 0.000  0.356 0.000
 96.25  97.25   54.42 0.000  1.49 0.000 0.009 0.000000 9.99 0.259000 0.108 0.000  0.748 0.000   1.346 0.000  10.512 0.000   6.254 0.000   4.256 0.000 0.037 0.000  0.422 0.000
 99.25 100.25    5.63 0.000  0.28 0.000 0.009 0.000000 9.99 0.259000 0.039 0.000  0.505 0.000   0.909 0.000   4.053 0.000   2.416 0.000   1.637 0.000 0.008 0.000  0.231 0.000
102.25 103.25    8.95 0.000  2.13 0.000 9.999 0.259000 0.23 0.000000 0.377 0.000  0.349 0.000   0.628 0.000   8.044 0.000   1.410 0.000   6.633 0.000 0.013 0.000  1.086 0.000
105.25 106.25   47.77 0.000  1.01 0.000 0.012 0.000000 9.99 0.259000 0.024 0.000  0.351 0.000   0.632 0.000   7.176 0.000   5.083 0.000   2.091 0.000 0.032 0.000  0.175 0.000
108.25 109.25   27.31 0.000  0.88 0.000 9.999 0.259000 9.99 0.259000 0.013 0.000  0.210 0.000   0.379 0.000   8.207 0.000   6.445 0.000   1.857 0.000 0.022 0.000  0.169 0.000
111.25 112.25   30.53 0.000  0.62 0.000 9.999 0.259000 0.06 0.000000 0.025 0.000  0.231 0.000   0.416 0.000  10.338 0.000   7.468 0.000   2.870 0.000 0.029 0.000  0.323 0.000
114.25 115.25   36.06 0.000  1.45 0.000 0.012 0.000000 9.99 0.259000 0.039 0.000  0.765 0.000   1.377 0.000  12.216 0.000   8.035 0.000   4.180 0.000 0.075 0.000  0.420 0.000
117.25 118.25   28.79 0.000  0.50 0.000 9.999 0.259000 9.99 0.259000 0.025 0.000  0.253 0.000   0.455 0.000   8.819 0.000   6.639 0.000   2.179 0.000 0.028 0.000  0.307 0.000
120.25 121.25   17.43 0.000  0.69 0.000 9.999 0.259000 0.20 0.000000 0.035 0.000  0.300 0.000   0.539 0.000   6.934 0.000   4.619 0.000   2.315 0.000 0.028 0.000  0.352 0.000
123.25 124.25   76.09 0.000  0.93 0.000 0.017 0.000000 9.99 0.259000 0.070 0.000  0.655 0.000   1.180 0.000  18.491 0.000  14.350 0.000   4.139 0.000 0.053 0.000  0.392 0.000
126.25 127.25   67.51 0.000  1.52 0.000 9.999 0.259000 9.99 0.259000 0.561 0.000  2.524 0.000   4.543 0.000  20.715 0.000  10.082 0.000  10.630 0.000 0.116 0.000  0.932 0.000
129.25 130.25   15.88 0.000  0.74 0.000 9.999 0.259000 0.23 0.000000 0.212 0.000  0.589 0.000   1.059 0.000   9.425 0.000   3.265 0.000   6.175 0.000 0.027 0.000  0.979 0.000
132.25 133.25   21.73 0.000  1.22 0.000 9.999 0.259000 9.99 0.259000 0.178 0.000  0.087 0.000   0.158 0.000   4.784 0.000   2.330 0.000   2.453 0.000 0.021 0.000  0.329 0.000
135.25 136.25   25.92 0.000  2.70 0.000 9.999 0.259000 9.99 0.259000 0.628 0.000  0.667 0.000   1.200 0.000  12.846 0.000   7.971 0.000   4.874 0.000 0.035 0.000  0.568 0.000
138.25 139.25   16.20 0.000  0.59 0.000 9.999 0.259000 0.10 0.000000 0.069 0.000  0.244 0.000   0.439 0.000   8.208 0.000   6.540 0.000   1.668 0.000 0.011 0.000  0.170 0.000
141.25 142.25   14.60 0.000  0.59 0.000 9.999 0.259000 0.15 0.000000 0.021 0.000  0.547 0.000   0.985 0.000   6.107 0.000   3.773 0.000   2.333 0.000 0.019 0.000  0.233 0.000
144.25 145.25 9999.99 0.999 99.99 0.999 9.999 0.999000 9.99 0.999000 9.999 0.999 99.999 0.999 999.999 0.999 999.999 0.999 999.999 0.999 999.999 0.999 9.999 0.999 99.999 0.999
147.25 148.25    1.99 0.000  0.36 0.000 0.009 0.000000 0.32 0.000000 0.018 0.000  0.137 0.000   0.246 0.000   1.977 0.000   1.106 0.000   0.871 0.000 0.011 0.000  0.115 0.000
150.25 151.25   15.32 0.000  2.23 0.000 9.999 0.259000 0.13 0.000000 0.130 0.000  0.846 0.000   1.523 0.000   7.056 0.000   4.051 0.000   3.088 0.000 0.020 0.000  0.223 0.000
153.25 154.25   16.29 0.000  0.34 0.000 9.999 0.259000 9.99 0.259000 0.009 0.000  0.317 0.000   0.570 0.000   5.078 0.000   3.862 0.000   1.215 0.000 0.008 0.000  0.100 0.000
156.25 157.25   11.62 0.000  0.50 0.000 9.999 0.259000 9.99 0.259000 0.044 0.000  0.467 0.000   0.840 0.000   7.456 0.000   5.281 0.000   2.174 0.000 0.012 0.000  0.201 0.000
159.25 160.25    4.51 0.000  1.14 0.000 9.999 0.259000 9.99 0.259000 0.035 0.000  2.597 0.000   4.674 0.000   9.890 0.000   3.651 0.000   6.238 0.000 0.050 0.000  0.159 0.000
162.25 163.25    7.83 0.000  0.84 0.000 9.999 0.259000 9.99 0.259000 0.023 0.000  0.427 0.000   0.768 0.000   5.999 0.000   3.277 0.000   2.722 0.000 0.012 0.000  0.370 0.000
165.25 166.25    7.27 0.000  0.25 0.000 9.999 0.259000 9.99 0.259000 0.014 0.000  0.576 0.000   1.037 0.000   5.574 0.000   4.247 0.000   1.327 0.000 0.005 0.000  0.068 0.000
168.25 169.25   34.84 0.000  1.35 0.000 9.999 0.259000 9.99 0.259000 0.068 0.000  1.188 0.000   2.139 0.000  16.916 0.000   9.260 0.000   7.654 0.000 0.030 0.000  0.973 0.000
171.25 172.25   22.91 0.000  0.51 0.000 9.999 0.259000 9.99 0.259000 0.028 0.000  0.644 0.000   1.160 0.000  11.088 0.000   7.354 0.000   3.734 0.000 0.017 0.000  0.438 0.000
174.25 175.25   26.88 0.000 99.99 0.259 9.999 0.259000 0.07 0.000000 0.008 0.000  0.581 0.000   1.045 0.000  11.676 0.000   9.379 0.000   2.296 0.000 0.014 0.000  0.170 0.000
177.25 178.25    5.14 0.000  0.55 0.000 9.999 0.259000 9.99 0.259000 0.034 0.000  0.396 0.000   0.713 0.000   6.159 0.000   3.239 0.000   2.919 0.000 0.014 0.000  0.319 0.000
180.25 181.25    4.38 0.000  0.40 0.000 9.999 0.259000 9.99 0.259000 0.006 0.000  1.088 0.000   1.958 0.000   7.470 0.000   3.579 0.000   3.890 0.000 0.010 0.000  0.320 0.000
183.25 184.25    6.57 0.000  0.29 0.000 9.999 0.259000 9.99 0.259000 0.008 0.000  0.832 0.000   1.497 0.000   8.538 0.000   5.884 0.000   2.654 0.000 0.016 0.000  0.184 0.000
186.25 187.25   45.58 0.000  1.13 0.000 9.999 0.259000 9.99 0.259000 0.033 0.000  0.998 0.000   1.796 0.000  16.814 0.000  12.407 0.000   4.415 0.000 0.035 0.000  0.359 0.000
189.25 190.25   68.41 0.000  0.82 0.000 0.006 0.000000 9.99 0.259000 0.079 0.000  2.583 0.000   4.650 0.000  26.053 0.000  14.669 0.000  11.382 0.000 0.081 0.000  0.964 0.000
192.25 193.25   59.17 0.000  0.51 0.000 9.999 0.259000 9.99 0.259000 0.014 0.000  0.850 0.000   1.529 0.000  17.624 0.000  14.233 0.000   3.458 0.000 0.018 0.000  0.244 0.000
195.25 196.25   45.82 0.000  0.47 0.000 9.999 0.259000 9.99 0.259000 0.018 0.000  0.949 0.000   1.709 0.000  17.692 0.000  12.947 0.000   4.744 0.000 0.023 0.000  0.373 0.000
198.25 199.25    6.32 0.000 99.99 0.259 9.999 0.259000 9.99 0.259000 0.010 0.000  1.597 0.000   2.875 0.000   8.472 0.000   4.452 0.000   4.019 0.000 0.024 0.000  0.112 0.000
201.25 202.25   39.42 0.000  1.05 0.000 9.999 0.259000 9.99 0.259000 0.047 0.000  0.840 0.000   1.512 0.000  12.287 0.000   8.338 0.000   3.948 0.000 0.022 0.000  0.327 0.000
204.25 205.25   33.16 0.000  0.11 0.000 9.999 0.259000 9.99 0.259000 0.016 0.000  0.851 0.000   1.531 0.000  11.223 0.000   7.802 0.000   3.420 0.000 0.026 0.000  0.258 0.000
207.25 208.25   24.58 0.000  0.43 0.000 9.999 0.259000 9.99 0.259000 0.022 0.000  0.732 0.000   1.318 0.000   7.260 0.000   4.003 0.000   3.256 0.000 0.016 0.000  0.264 0.000
210.25 211.25   58.78 0.000  1.06 0.000 9.999 0.259000 9.99 0.259000 0.081 0.000  1.788 0.000   3.218 0.000  16.702 0.000  10.078 0.000   6.623 0.000 0.040 0.000  0.470 0.000
213.25 214.25   46.02 0.000  0.97 0.000 9.999 0.259000 9.99 0.259000 0.031 0.000  1.312 0.000   2.362 0.000  14.963 0.000   9.448 0.000   5.653 0.000 0.037 0.000  0.417 0.000
216.25 217.25   66.25 0.000  0.52 0.000 0.017 0.000000 9.99 0.259000 0.013 0.000  1.286 0.000   2.314 0.000  18.661 0.000  14.146 0.000   4.514 0.000 0.032 0.000  0.215 0.000
219.25 220.25   96.47 0.000  0.39 0.000 0.029 0.000000 9.99 0.259000 0.017 0.000  1.514 0.000   2.726 0.000  18.614 0.000  12.963 0.000   5.651 0.000 0.054 0.000  0.172 0.000
222.25 223.25   40.47 0.000 99.99 0.259 0.008 0.000000 9.99 0.259000 0.042 0.000  1.198 0.000   2.157 0.000  11.727 0.000   6.150 0.000   5.576 0.000 0.032 0.000  0.404 0.000
225.25 226.25   30.16 0.000  0.34 0.000 9.999 0.259000 0.07 0.000000 0.023 0.000  1.566 0.000   2.819 0.000  13.927 0.000   8.601 0.000   5.325 0.000 0.025 0.000  0.250 0.000
228.25 229.25   16.14 0.000  0.95 0.000 0.009 0.000000 9.99 0.259000 0.072 0.000  1.322 0.000   2.380 0.000   9.273 0.000   3.793 0.000   5.478 0.000 0.049 0.000  0.383 0.000
231.25 232.25   10.16 0.000  0.24 0.000 9.999 0.259000 9.99 0.259000 0.012 0.000  0.403 0.000   0.725 0.000   4.998 0.000   3.111 0.000   1.886 0.000 0.005 0.000  0.173 0.000
234.25 235.25   53.26 0.000  0.75 0.000 0.010 0.000000 9.99 0.259000 0.037 0.000  0.805 0.000   1.449 0.000  18.762 0.000  14.316 0.000   4.647 0.000 0.023 0.000  0.377 0.000
237.25 238.25   18.30 0.000  0.18 0.000 9.999 0.259000 9.99 0.259000 0.025 0.000  7.956 0.000  14.321 0.000  24.059 0.000   6.691 0.000  17.363 0.000 0.067 0.000  0.210 0.000
240.25 241.25  109.03 0.000  0.40 0.000 0.021 0.000000 9.99 0.259000 0.039 0.000  2.451 0.000   4.413 0.000  29.715 0.000  20.899 0.000   8.814 0.000 0.058 0.000  0.405 0.000
243.25 244.25   15.23 0.000  0.27 0.000 9.999 0.259000 9.99 0.259000 0.023 0.000  0.521 0.000   0.937 0.000   6.877 0.000   4.715 0.000   2.162 0.000 0.019 0.000  0.148 0.000
246.25 247.25   36.21 0.000  2.20 0.000 9.999 0.259000 9.99 0.259000 0.215 0.000  1.799 0.000   3.238 0.000  16.876 0.000   6.074 0.000  10.800 0.000 0.033 0.000  1.475 0.000
249.25 250.25   70.26 0.000  0.55 0.000 0.020 0.000000 9.99 0.259000 0.033 0.000  1.147 0.000   2.064 0.000  20.884 0.000  16.542 0.000   4.341 0.000 0.047 0.000  0.226 0.000
252.25 253.25   64.02 0.000  0.85 0.000 9.999 0.259000 9.99 0.259000 0.055 0.000  1.952 0.000   3.513 0.000  29.671 0.000  19.522 0.000  10.162 0.000 0.058 0.000  1.119 0.000
255.25 256.25   26.09 0.000  0.80 0.000 9.999 0.259000 9.99 0.259000 0.036 0.000  0.382 0.000   0.687 0.000   7.699 0.000   5.051 0.000   2.718 0.000 0.015 0.000  0.281 0.000
258.25 259.25   32.87 0.000  0.61 0.000 9.999 0.259000 0.30 0.000000 0.051 0.000  0.886 0.000   1.595 0.000  12.210 0.000   9.013 0.000   3.079 0.000 0.069 0.000  0.146 0.000
261.25 262.25   19.48 0.000  0.57 0.000 9.999 0.259000 9.99 0.259000 0.130 0.000  0.875 0.000   1.574 0.000  29.235 0.659   6.460 0.000   8.588 0.659 0.021 0.000  0.604 0.000
264.25 265.25   60.24 0.000  0.43 0.000 0.027 0.000000 9.99 0.259000 0.025 0.000  0.529 0.000   0.952 0.000  16.426 0.000  13.194 0.000   3.232 0.000 0.068 0.000  0.177 0.000
267.25 268.25   26.28 0.000  0.49 0.000 9.999 0.259000 9.99 0.259000 0.040 0.000  0.679 0.000   1.223 0.000   7.057 0.000   4.226 0.000   2.832 0.000 0.037 0.000  0.256 0.000
270.25 271.25 9999.99 0.999 99.99 0.999 9.999 0.999000 9.99 0.999000 9.999 0.999 99.999 0.999 999.999 0.999 999.999 0.999 999.999 0.999 999.999 0.999 9.999 0.999 99.999 0.999
