scripts/IMPROVE-2019_partial/data/US0057R.20130101050000.20191216000000.filterpack...52w.3d.US03L_filterpack_US0057.US03L_IMPROVE_Davis.lev2.nas
52 1001
MISSING INFORMATION
US03L, IMPROVE, , , , , , , 
MISSING INFORMATION
IMPROVE sel_HTAP
1 1
2013 01 01 2019 12 16
3.000000
days from file reference point
5
1 1 1 1 1
999.999999 999.999 9.999 999.999 9.999
end_time of measurement, days from the file reference point
pm10_mass, ug/m3, Matrix=pm10
numflag pm10_mass, no unit, Matrix=pm10
pm25_mass, ug/m3, Matrix=pm25
numflag pm25_mass, no unit, Matrix=pm25
0
33
Data definition:              EBAS_1.1
Set type code:                TU
Timezone:                     UTC
File name:                    US0057R.20130101050000.20191216000000.filterpack...52w.3d.US03L_filterpack_US0057.US03L_IMPROVE_Davis.lev2.nas
File creation:                20191218115900
Startdate:                    20130101050000
Revision date:                20191216000000
Version:                      2
Version description:          "Data extracted from http://views.cira.colostate.edu/fed/DataWizard 2019-12-16"
Statistics:                   arithmetic mean
Data level:                   2
Period code:                  52w
Resolution code:              3d
Sample duration:              1d
Orig. time res.:              3d
Station code:                 US0057R
Platform code:                US0057S
Station name:                 Linville Gorge
Station latitude:             35.9723
Station longitude:            -81.9331
Station altitude:             968.0 m
Regime:                       IMG
Component:                    
Unit:                         ug/m3
Matrix:                       
Laboratory code:              US03L
Instrument type:              filterpack
Instrument name:              filterpack_US0057
Method ref:                   US03L_IMPROVE_Davis
Blank correction:             Blank corrected
Volume std. temperature:      ambient
Volume std. pressure:         ambient
starttime endtime PM10 flag_PM10 PM2.5 flag_PM2.5
  0.208333   1.208333 999.999 0.999 999.999 0.999
  3.208333   4.208333   3.523 0.000   3.010 0.000
  6.208333   7.208333   6.178 0.000   5.546 0.000
  9.208333  10.208333   3.824 0.000   2.910 0.000
 12.208333  13.208333   7.641 0.000   5.023 0.000
 15.208333  16.208333 999.999 0.999 999.999 0.999
 18.208333  19.208333   6.464 0.000   5.758 0.000
 21.208333  22.208333   2.135 0.000   1.067 0.000
 24.208333  25.208333   8.721 0.000   6.886 0.000
 27.208333  28.208333  11.925 0.000  10.631 0.000
 30.208333  31.208333   2.630 0.000   1.885 0.000
 33.208333  34.208333   3.904 0.000   3.206 0.000
 36.208333  37.208333   3.787 0.000   2.589 0.000
 39.208333  40.208333   5.146 0.000   4.382 0.000
 42.208333  43.208333   3.190 0.000   1.655 0.000
 45.208333  46.208333   5.040 0.000   3.699 0.000
 48.208333  49.208333   5.619 0.000   4.438 0.000
 51.208333  52.208333   3.971 0.000   2.834 0.000
 54.208333  55.208333   5.175 0.000   3.569 0.000
 57.208333  58.208333 999.999 0.999 999.999 0.999
 60.208333  61.208333   3.498 0.000   3.072 0.000
 63.208333  64.208333   7.309 0.000   6.754 0.000
 66.208333  67.208333   7.302 0.000   6.246 0.000
 69.208333  70.208333   7.676 0.000   4.931 0.000
 72.208333  73.208333   4.365 0.000   3.225 0.000
 75.208333  76.208333  12.547 0.000   9.306 0.000
 78.208333  79.208333   2.885 0.000   1.724 0.000
 81.208333  82.208333   8.298 0.000   6.507 0.000
 84.208333  85.208333   3.309 0.000   2.943 0.000
 87.208333  88.208333   6.529 0.000   5.312 0.000
 90.208333  91.208333   6.708 0.000   4.883 0.000
 93.208333  94.208333   5.333 0.000   3.429 0.000
 96.208333  97.208333  10.099 0.000   7.872 0.000
 99.208333 100.208333  18.043 0.000  14.260 0.000
102.208333 103.208333   4.481 0.000   2.847 0.000
105.208333 106.208333  10.401 0.000   6.793 0.000
108.208333 109.208333   4.151 0.000   2.717 0.000
111.208333 112.208333   7.735 0.000   5.447 0.000
114.208333 115.208333   6.021 0.000 999.999 0.456
117.208333 118.208333   4.472 0.000   3.513 0.000
120.208333 121.208333   3.650 0.000   2.314 0.000
123.208333 124.208333   7.062 0.000   3.060 0.000
126.208333 127.208333   4.848 0.000   3.274 0.000
129.208333 130.208333  14.042 0.000   9.589 0.000
132.208333 133.208333   6.720 0.000   3.390 0.000
135.208333 136.208333  15.905 0.000   7.155 0.000
138.208333 139.208333   8.830 0.000   5.096 0.000
141.208333 142.208333  12.910 0.000   6.660 0.000
144.208333 145.208333   5.880 0.000   3.284 0.000
147.208333 148.208333  14.814 0.000  11.246 0.000
150.208333 151.208333   9.457 0.000   5.056 0.000
153.208333 154.208333   7.102 0.000   4.226 0.000
156.208333 157.208333   6.128 0.000   2.169 0.000
159.208333 160.208333  12.609 0.000   8.457 0.000
162.208333 163.208333  18.684 0.000 999.999 0.999
165.208333 166.208333  10.767 0.000   7.656 0.000
168.208333 169.208333  10.138 0.000   5.867 0.000
171.208333 172.208333  14.627 0.000  11.095 0.000
174.208333 175.208333   8.541 0.000   6.051 0.000
177.208333 178.208333  14.864 0.000   8.111 0.000
180.208333 181.208333  11.042 0.000   6.822 0.000
183.208333 184.208333   6.705 0.000   3.078 0.000
186.208333 187.208333   4.832 0.000   2.528 0.000
189.208333 190.208333   8.585 0.000   4.970 0.000
192.208333 193.208333  10.729 0.000   5.996 0.000
195.208333 196.208333   8.476 0.000   4.197 0.000
198.208333 199.208333  16.391 0.000  10.935 0.000
201.208333 202.208333  11.931 0.000   7.069 0.000
204.208333 205.208333  12.526 0.000   9.103 0.000
207.208333 208.208333   8.565 0.000   6.031 0.000
210.208333 211.208333  12.458 0.000   9.617 0.000
213.208333 214.208333  12.635 0.000   9.050 0.000
216.208333 217.208333  13.760 0.000  11.018 0.000
219.208333 220.208333  11.342 0.000   8.508 0.000
222.208333 223.208333  12.074 0.000   6.610 0.000
225.208333 226.208333  12.430 0.000   8.963 0.000
228.208333 229.208333   5.361 0.000   3.769 0.000
231.208333 232.208333   7.091 0.000   2.549 0.000
234.208333 235.208333  15.280 0.000  11.604 0.000
237.208333 238.208333 999.999 0.999 999.999 0.999
240.208333 241.208333  17.495 0.000  13.250 0.000
243.208333 244.208333  15.065 0.000   9.074 0.000
246.208333 247.208333  10.467 0.000   6.624 0.000
249.208333 250.208333  12.390 0.000   9.299 0.000
252.208333 253.208333  16.776 0.000  12.174 0.000
255.208333 256.208333  11.360 0.000   6.362 0.000
258.208333 259.208333  12.651 0.000   9.764 0.000
261.208333 262.208333  12.340 0.000  10.010 0.000
264.208333 265.208333   7.424 0.000   4.515 0.000
267.208333 268.208333   9.431 0.000   7.457 0.000
270.208333 271.208333   8.233 0.000   5.615 0.000
273.208333 274.208333   8.545 0.000   6.268 0.000
276.208333 277.208333  10.760 0.000   7.959 0.000
279.208333 280.208333   4.717 0.000   2.282 0.000
282.208333 283.208333   4.035 0.000   2.451 0.000
285.208333 286.208333   4.146 0.000   2.528 0.000
288.208333 289.208333 999.999 0.999 999.999 0.999
291.208333 292.208333   7.272 0.000   5.293 0.000
294.208333 295.208333   7.584 0.000   5.733 0.000
297.208333 298.208333   5.312 0.000   3.819 0.000
300.208333 301.208333   7.987 0.000   6.330 0.000
303.208333 304.208333  14.279 0.000  11.209 0.000
306.208333 307.208333   7.223 0.000   5.377 0.000
309.208333 310.208333   5.682 0.000   3.777 0.000
312.208333 313.208333   6.793 0.000   4.867 0.000
315.208333 316.208333   5.405 0.000   3.588 0.000
318.208333 319.208333  14.556 0.000  11.551 0.000
321.208333 322.208333   6.099 0.000   2.436 0.000
324.208333 325.208333   6.473 0.000   4.173 0.000
327.208333 328.208333   3.090 0.000   2.135 0.000
330.208333 331.208333   3.068 0.000   2.029 0.000
333.208333 334.208333   9.339 0.000   7.323 0.000
336.208333 337.208333  10.777 0.000   9.398 0.000
339.208333 340.208333   4.886 0.000   3.116 0.000
342.208333 343.208333   2.103 0.000   1.026 0.000
345.208333 346.208333   4.573 0.000   3.270 0.000
348.208333 349.208333   3.460 0.000   2.970 0.000
351.208333 352.208333   2.631 0.000   1.753 0.000
354.208333 355.208333   7.212 0.000   5.923 0.000
357.208333 358.208333   4.868 0.000   4.158 0.000
360.208333 361.208333   6.304 0.000   4.945 0.000
363.208333 364.208333   4.485 0.000   3.458 0.000
