scripts/IMPROVE-2019_partial/data/US0065R.20030103050000.20191216000000.filterpack..pm25.1y.1w.US03L_filterpack_US0065.US03L_IMPROVE_Davis.lev2.nas
66 1001
MISSING INFORMATION
US03L, IMPROVE, , , , , , , 
MISSING INFORMATION
IMPROVE sel_HTAP
1 1
2003 01 01 2019 12 16
3.000000
days from file reference point
27
1 1 1 1 1 1 1 1 1 1 1 1 1 1 1 1 1 1 1 1 1 1 1 1 1 1 1
999.999999 9999.99 9.999 99.99 9.999 9.999 9.999 99.99 9.999 99.999 9.999 99.999 9.999 99.999 9.999 999.99 9.999999 999.999 9.999 99.999 9.999 999.999 9.999 9.999 9.999 99.999 9.999
end_time of measurement, days from the file reference point
iron, ng/m3, Revision date=20181210133000
numflag iron, no unit, Revision date=20181210133000
lead, ng/m3, Revision date=20181210133000
numflag lead, no unit, Revision date=20181210133000
magnesium, ug/m3, Revision date=20181210133000
numflag magnesium, no unit, Revision date=20181210133000
nickel, ng/m3, Revision date=20181210133000
numflag nickel, no unit, Revision date=20181210133000
nitrate, ug N/m3, Revision date=20181210133000
numflag nitrate, no unit, Revision date=20181210133000
organic_carbon, ug C/m3, Revision date=20181210133000
numflag organic_carbon, no unit, Revision date=20181210133000
organic_mass, ug/m3, Revision date=20181210133000
numflag organic_mass, no unit, Revision date=20181210133000
phosphorus, ng/m3, Revision date=20181210133000
numflag phosphorus, no unit, Revision date=20181210133000
pm10_mass, ug/m3, Version=2, Version description=Data extracted from http://views.cira.colostate.edu/fed/DataWizard 2019-12-16, Sample duration=1d, Orig. time res.=3d, Matrix=pm10, Blank correction=Blank corrected, Volume std. temperature=ambient, Volume std. pressure=ambient
numflag pm10_mass, no unit, Version=2, Version description=Data extracted from http://views.cira.colostate.edu/fed/DataWizard 2019-12-16, Sample duration=1d, Orig. time res.=3d, Matrix=pm10, Blank correction=Blank corrected, Volume std. temperature=ambient, Volume std. pressure=ambient
pm10_pm25_mass, ug/m3, Revision date=20181210133000, Matrix=pm10_pm25
numflag pm10_pm25_mass, no unit, Revision date=20181210133000, Matrix=pm10_pm25
pm25_mass, ug/m3, Version=2, Version description=Data extracted from http://views.cira.colostate.edu/fed/DataWizard 2019-12-16, Sample duration=1d, Orig. time res.=3d, Blank correction=Blank corrected, Volume std. temperature=ambient, Volume std. pressure=ambient
numflag pm25_mass, no unit, Version=2, Version description=Data extracted from http://views.cira.colostate.edu/fed/DataWizard 2019-12-16, Sample duration=1d, Orig. time res.=3d, Blank correction=Blank corrected, Volume std. temperature=ambient, Volume std. pressure=ambient
potassium, ug/m3, Revision date=20181210133000
numflag potassium, no unit, Revision date=20181210133000
sulphate_total, ug S/m3, Revision date=20181210133000
numflag sulphate_total, no unit, Revision date=20181210133000
0
25
Data definition:              EBAS_1.1
Set type code:                TU
Timezone:                     UTC
File name:                    US0065R.20030103050000.20191216000000.filterpack..pm25.1y.1w.US03L_filterpack_US0065.US03L_IMPROVE_Davis.lev2.nas
File creation:                20191218115941
Startdate:                    20030103050000
Revision date:                20191216000000
Statistics:                   arithmetic mean
Data level:                   2
Period code:                  1y
Resolution code:              1w
Station code:                 US0065R
Platform code:                US0065S
Station name:                 Addison Pinnacle
Station latitude:             42.0912
Station longitude:            -77.2099
Station altitude:             512.0 m
Regime:                       IMG
Component:                    
Matrix:                       pm25
Laboratory code:              US03L
Instrument type:              filterpack
Instrument name:              filterpack_US0065
Method ref:                   US03L_IMPROVE_Davis
starttime endtime Fe flag_Fe Pb flag_Pb Mg++ flag_Mg++ Ni flag_Ni NO3- flag_NO3- OC flag_OC OM flag_OM P flag_P PM10 flag_PM10 PM10-PM2.5 flag_PM10-PM2.5 PM2.5 flag_PM2.5 K+ flag_K+ SO4-- flag_SO4--
  2.208333   3.208333    6.95 0.000  1.15 0.000 9.999 0.259  0.31 0.000  0.168 0.000  0.847 0.000  1.186 0.000 999.99 0.259000   3.950 0.000  0.270 0.000   3.680 0.000 0.028 0.000  0.423 0.000
  5.208333   6.208333   10.88 0.000  1.94 0.000 9.999 0.259  0.14 0.000  0.376 0.559  1.679 0.000  2.351 0.000 999.99 0.259000  10.271 0.000  0.448 0.000   9.823 0.000 0.037 0.000  1.469 0.559
  8.208333   9.208333   16.14 0.000  1.40 0.000 0.023 0.000 99.99 0.259  0.262 0.000  0.894 0.000  1.251 0.000 999.99 0.259000   5.250 0.000  1.445 0.000   3.804 0.000 0.025 0.000  0.345 0.000
 11.208333  12.208333   12.49 0.000  1.28 0.000 9.999 0.259  0.12 0.000  0.230 0.000  0.700 0.000  0.981 0.000 999.99 0.259000   5.780 0.000  1.454 0.000   4.326 0.000 0.024 0.000  0.502 0.000
 14.208333  15.208333   14.65 0.000  1.67 0.000 9.999 0.259  0.09 0.000  0.238 0.000  0.851 0.000  1.191 0.000 999.99 0.259000   5.850 0.000  1.359 0.000   4.492 0.000 0.025 0.000  0.466 0.000
 17.208333  18.208333   21.05 0.000  3.00 0.000 0.057 0.000  0.23 0.000  0.454 0.000  1.296 0.000  1.814 0.000 999.99 0.259000  10.311 0.000  3.337 0.000   6.974 0.000 0.038 0.000  0.615 0.000
 20.208333  21.208333   12.87 0.000  1.44 0.000 9.999 0.259  0.16 0.000  0.214 0.000  0.948 0.000  1.327 0.000 999.99 0.259000   5.869 0.000  1.659 0.000   4.210 0.000 0.028 0.000  0.451 0.000
 23.208333  24.208333    7.13 0.000  1.66 0.000 0.056 0.000  0.14 0.000  0.169 0.000  0.646 0.000  0.905 0.000 999.99 0.259000   3.998 0.000  0.847 0.000   3.151 0.000 0.025 0.000  0.383 0.000
 26.208333  27.208333    6.05 0.000  1.86 0.000 9.999 0.259  0.23 0.000  0.191 0.000  0.772 0.000  1.081 0.000 999.99 0.259000   4.700 0.000  0.952 0.000   3.748 0.000 0.026 0.000  0.409 0.000
 29.208333  30.208333   31.45 0.000  3.82 0.000 0.027 0.000  0.30 0.000  0.576 0.000  2.104 0.000  2.946 0.000 999.99 0.259000  13.638 0.000  2.083 0.000  11.554 0.000 0.052 0.000  1.174 0.000
 32.208333  33.208333   18.70 0.000  2.36 0.000 9.999 0.259  1.12 0.000  0.193 0.000  1.271 0.000  1.779 0.000 999.99 0.259000   9.772 0.000  0.622 0.000   9.150 0.000 0.025 0.000  1.656 0.000
 35.208333  36.208333    8.02 0.000  0.63 0.000 9.999 0.259  0.18 0.000  0.059 0.000  0.337 0.000  0.471 0.000 999.99 0.259000   4.242 0.000  1.858 0.000   2.384 0.000 0.015 0.000  0.391 0.000
 38.208333  39.208333   20.39 0.000  2.07 0.000 9.999 0.259  0.17 0.000  0.442 0.000  0.890 0.000  1.246 0.000 999.99 0.259000   7.907 0.000  1.790 0.000   6.117 0.000 0.029 0.000  0.634 0.000
 41.208333  42.208333   13.95 0.000  1.85 0.000 9.999 0.259 99.99 0.259  0.149 0.000  0.670 0.000  0.938 0.000 999.99 0.259000   5.020 0.000  1.326 0.000   3.694 0.000 0.023 0.000  0.498 0.000
 44.208333  45.208333   66.88 0.000  1.47 0.000 9.999 0.259  0.35 0.000  0.368 0.559  1.112 0.000  1.556 0.000 999.99 0.259000   8.158 0.000  0.684 0.000   7.474 0.000 0.053 0.000  0.457 0.559
 47.208333  48.208333   46.56 0.000  3.26 0.000 9.999 0.259  0.59 0.000  0.267 0.559  1.571 0.000  2.200 0.000 999.99 0.259000   7.070 0.000  0.361 0.000   6.709 0.000 0.081 0.000  0.370 0.559
 50.208333  51.208333   20.91 0.000  1.84 0.000 9.999 0.259 99.99 0.259  0.386 0.000  0.888 0.000  1.243 0.000 999.99 0.259000   8.350 0.000  1.464 0.000   6.886 0.000 0.031 0.000  0.945 0.000
 53.208333  54.208333    6.77 0.000  2.16 0.000 9.999 0.259  0.31 0.000  0.040 0.000  0.542 0.000  0.759 0.000 999.99 0.259000   4.325 0.000  0.942 0.000   3.382 0.000 0.016 0.000  0.578 0.000
 56.208333  57.208333   24.39 0.000  3.21 0.000 9.999 0.259  0.78 0.000  0.369 0.000  1.823 0.000  2.552 0.000 999.99 0.259000  11.069 0.000  2.558 0.000   8.511 0.000 0.056 0.000  0.912 0.000
 59.208333  60.208333   24.80 0.000  4.93 0.000 9.999 0.259  3.74 0.000  0.420 0.000  2.569 0.000  3.596 0.000 999.99 0.259000  17.216 0.000  1.427 0.000  15.788 0.000 0.057 0.000  2.475 0.000
 62.208333  63.208333   30.78 0.000  2.44 0.000 9.999 0.259  0.52 0.000  0.696 0.000  1.696 0.000  2.374 0.000 999.99 0.259000  13.699 0.000  3.982 0.000   9.717 0.000 0.047 0.000  0.803 0.000
 65.208333  66.208333   15.72 0.000  5.70 0.000 0.021 0.000  0.31 0.000  0.309 0.000  1.662 0.000  2.327 0.000 999.99 0.259000   8.358 0.000  1.563 0.000   6.795 0.000 0.048 0.000  0.686 0.000
 68.208333  69.208333   20.13 0.000  3.94 0.000 9.999 0.259  0.22 0.000  0.259 0.000  1.218 0.000  1.704 0.000 999.99 0.259000   8.576 0.000  2.573 0.000   6.003 0.000 0.049 0.000  0.730 0.000
 71.208333  72.208333   20.04 0.000  2.19 0.000 9.999 0.259  0.20 0.000  0.725 0.000  1.304 0.000  1.826 0.000 999.99 0.259000  12.299 0.000  1.543 0.000  10.756 0.000 0.033 0.000  1.165 0.000
 74.208333  75.208333   38.68 0.000  4.36 0.000 9.999 0.259  0.37 0.000  0.799 0.000  2.622 0.000  3.670 0.000 999.99 0.259000  17.957 0.000  4.128 0.000  13.829 0.000 0.070 0.000  1.783 0.000
 77.208333  78.208333   27.82 0.000  2.80 0.000 9.999 0.259  0.70 0.000  0.401 0.000  1.676 0.000  2.347 0.000 999.99 0.259000  14.054 0.000  4.952 0.000   9.102 0.000 0.041 0.000  1.079 0.000
 80.208333  81.208333   21.02 0.000  1.80 0.000 0.036 0.000 99.99 0.259  0.362 0.000  0.854 0.000  1.195 0.000 999.99 0.259000   7.889 0.000  1.244 0.000   6.645 0.000 0.022 0.000  1.029 0.000
 83.208333  84.208333   52.36 0.000  3.83 0.000 0.045 0.000  0.15 0.000  0.573 0.000  2.023 0.000  2.832 0.000 999.99 0.259000  18.810 0.000  3.958 0.000  14.852 0.000 0.054 0.000  1.992 0.000
 86.208333  87.208333   33.12 0.000  2.28 0.000 0.015 0.000  0.24 0.000  0.568 0.000  0.997 0.000  1.396 0.000 999.99 0.259000  12.985 0.000  3.132 0.000   9.853 0.000 0.041 0.000  1.584 0.000
 89.208333  90.208333   15.71 0.000  1.86 0.000 9.999 0.259 99.99 0.259  0.129 0.000  0.450 0.000  0.630 0.000 999.99 0.259000   4.782 0.000  1.281 0.000   3.502 0.000 0.021 0.000  0.524 0.000
 92.208333  93.208333   16.58 0.000  4.37 0.000 9.999 0.259  0.29 0.000  1.439 0.000  1.765 0.000  2.471 0.000 999.99 0.259000  18.849 0.000  1.142 0.000  17.707 0.000 0.047 0.000  1.408 0.000
 95.208333  96.208333   15.13 0.000  1.58 0.000 9.999 0.259  0.17 0.000  0.090 0.000  0.527 0.000  0.738 0.000 999.99 0.259000   5.126 0.000  1.391 0.000   3.735 0.000 0.023 0.000  0.541 0.000
 98.208333  99.208333   11.37 0.000  3.09 0.000 9.999 0.259  1.08 0.000  0.420 0.000  0.901 0.000  1.261 0.000 999.99 0.259000  12.641 0.000  1.882 0.000  10.759 0.000 0.028 0.000  2.012 0.000
101.208333 102.208333   27.10 0.000  2.19 0.000 0.034 0.000  0.28 0.000  0.420 0.000  1.342 0.000  1.879 0.000 999.99 0.259000   9.369 0.000  3.795 0.000   5.573 0.000 0.041 0.000  0.562 0.000
104.208333 105.208333   84.19 0.000  3.14 0.000 9.999 0.259  0.14 0.000  0.069 0.000  2.874 0.000  4.024 0.000 999.99 0.259000  23.272 0.000  9.537 0.000  13.735 0.000 0.083 0.000  1.615 0.000
107.208333 108.208333   22.19 0.000  1.89 0.000 9.999 0.259  0.85 0.000  0.210 0.000  0.955 0.000  1.337 0.000 999.99 0.259000  13.434 0.000  5.029 0.000   8.405 0.000 0.040 0.000  1.461 0.000
110.208333 111.208333   28.67 0.000  1.96 0.000 9.999 0.259  0.49 0.000  0.420 0.000  0.991 0.000  1.387 0.000 999.99 0.259000  11.341 0.000  3.014 0.000   8.327 0.000 0.036 0.000  1.234 0.000
113.208333 114.208333   33.78 0.000  2.09 0.000 9.999 0.259  0.20 0.000  0.291 0.000  0.801 0.000  1.121 0.000 999.99 0.259000   6.986 0.000  2.962 0.000   4.024 0.000 0.031 0.000  0.397 0.000
116.208333 117.208333   47.45 0.000  4.10 0.000 9.999 0.259  0.30 0.000  0.363 0.000  1.617 0.000  2.264 0.000 999.99 0.259000  11.177 0.000  4.023 0.000   7.154 0.000 0.056 0.000  0.577 0.000
119.208333 120.208333   46.47 0.000  1.89 0.000 9.999 0.259  0.10 0.000  0.216 0.000  1.031 0.000  1.443 0.000 999.99 0.259000  13.930 0.000  9.072 0.000   4.858 0.000 0.037 0.000  0.466 0.000
122.208333 123.208333   24.60 0.000  1.91 0.000 0.016 0.000  0.07 0.000  0.161 0.000  0.889 0.000  1.245 0.000 999.99 0.259000   7.355 0.000  2.378 0.000   4.977 0.000 0.022 0.000  0.626 0.000
125.208333 126.208333   22.15 0.000  1.35 0.000 9.999 0.259  0.29 0.000  0.089 0.000  1.000 0.000  1.400 0.000 999.99 0.259000  14.658 0.000  2.689 0.000  11.969 0.000 0.023 0.000  2.294 0.000
128.208333 129.208333   26.59 0.000  2.23 0.000 9.999 0.259 99.99 0.259  0.160 0.000  1.348 0.000  1.887 0.000 999.99 0.259000   8.374 0.000  3.039 0.000   5.335 0.000 0.025 0.000  0.476 0.000
131.208333 132.208333    3.39 0.000  0.66 0.000 9.999 0.259 99.99 0.259  0.010 0.000  0.297 0.000  0.416 0.000 999.99 0.259000   3.041 0.000  1.177 0.000   1.864 0.000 0.003 0.000  0.255 0.000
134.208333 135.208333   20.03 0.000  3.03 0.000 0.016 0.000  0.19 0.000  0.170 0.000  1.228 0.000  1.719 0.000 999.99 0.259000   9.011 0.000  2.097 0.000   6.915 0.000 0.017 0.000  0.927 0.000
137.208333 138.208333   22.43 0.000  3.14 0.000 9.999 0.259  0.83 0.000  0.168 0.000  1.337 0.000  1.871 0.000 999.99 0.259000  12.944 0.000  3.369 0.000   9.575 0.000 0.024 0.000  1.502 0.000
140.208333 141.208333    5.52 0.000  0.57 0.000 0.039 0.000  0.06 0.000  0.068 0.000  0.417 0.000  0.584 0.000 999.99 0.259000   4.401 0.000  2.217 0.000   2.183 0.000 0.006 0.000  0.266 0.000
143.208333 144.208333    5.48 0.000  1.44 0.000 9.999 0.259  0.07 0.000  0.070 0.000  0.597 0.000  0.836 0.000 999.99 0.259000   5.249 0.000  1.125 0.000   4.124 0.000 0.009 0.000  0.662 0.000
146.208333 147.208333   16.27 0.000  2.70 0.000 9.999 0.259 99.99 0.259  0.086 0.000  1.359 0.000  1.902 0.000 999.99 0.259000  10.563 0.000  1.378 0.000   9.185 0.000 0.022 0.000  1.350 0.000
149.208333 150.208333   29.81 0.000  3.37 0.000 9.999 0.259  0.11 0.000  0.100 0.000  3.498 0.000  4.898 0.000 999.99 0.259000  16.877 0.000  3.867 0.000  13.009 0.000 0.029 0.000  1.330 0.000
152.208333 153.208333   16.52 0.000  2.08 0.000 9.999 0.259 99.99 0.259  0.026 0.000  1.897 0.000  2.656 0.000 999.99 0.259000   8.115 0.000  2.638 0.000   5.478 0.000 0.029 0.000  0.359 0.000
155.208333 156.208333   15.51 0.000  2.83 0.000 9.999 0.259  0.24 0.000  0.039 0.000  0.918 0.000  1.285 0.000 999.99 0.259000  11.911 0.000  3.260 0.000   8.651 0.000 0.020 0.000  1.548 0.000
158.208333 159.208333    6.13 0.000  2.08 0.000 9.999 0.259  0.24 0.000  0.044 0.000  0.887 0.000  1.241 0.000 999.99 0.259000  11.184 0.000  2.208 0.000   8.976 0.000 0.020 0.000  1.675 0.000
161.208333 162.208333   27.22 0.000  2.33 0.000 9.999 0.259  0.14 0.000  0.053 0.000  1.481 0.000  2.074 0.000 999.99 0.259000  20.793 0.000  4.168 0.000  16.625 0.000 0.033 0.000  3.082 0.000
164.208333 165.208333   20.76 0.000  2.03 0.000 9.999 0.259 99.99 0.259  0.084 0.000  1.575 0.000  2.206 0.000 999.99 0.259000  12.990 0.000  2.498 0.000  10.492 0.000 0.021 0.000  1.807 0.000
167.208333 168.208333   27.50 0.000  2.29 0.000 0.060 0.000  0.57 0.000  0.249 0.000  1.713 0.000  2.398 0.000 999.99 0.259000  15.562 0.000  5.533 0.000  10.029 0.000 0.026 0.000  1.222 0.000
170.208333 171.208333    9.74 0.000  0.85 0.000 9.999 0.259 99.99 0.259  0.057 0.000  1.209 0.000  1.693 0.000 999.99 0.259000   6.739 0.000  3.865 0.000   2.874 0.000 0.019 0.000  0.143 0.000
173.208333 174.208333   30.63 0.000  1.94 0.000 9.999 0.259  0.13 0.000  0.031 0.000  5.054 0.000  7.075 0.000 999.99 0.259000  16.082 0.000  4.258 0.000  11.823 0.000 0.078 0.000  0.453 0.000
176.208333 177.208333   66.98 0.699  4.07 0.699 0.235 0.699  0.19 0.699  0.065 0.000  5.655 0.000  7.917 0.000 999.99 0.699259  50.173 0.000  7.237 0.000  42.935 0.699 0.105 0.699  6.874 0.000
179.208333 180.208333   33.08 0.000  4.23 0.000 9.999 0.259  0.06 0.000  0.050 0.000  3.885 0.000  5.438 0.000 999.99 0.259000  30.258 0.000  5.847 0.000  24.411 0.000 0.067 0.000  3.498 0.000
182.208333 183.208333   32.67 0.000  1.64 0.000 0.082 0.000  0.10 0.000  0.066 0.000  2.357 0.000  3.300 0.000 999.99 0.259000  25.899 0.000  6.696 0.000  19.203 0.000 0.038 0.000  2.935 0.000
185.208333 186.208333   40.33 0.000  4.72 0.000 9.999 0.259 99.99 0.259  0.055 0.000  1.805 0.000  2.527 0.000 999.99 0.259000  18.072 0.000  3.910 0.000  14.162 0.000 0.214 0.000  2.232 0.000
188.208333 189.208333  100.52 0.000  2.01 0.000 9.999 0.259  0.13 0.000  0.065 0.000  1.456 0.000  2.039 0.000 999.99 0.259000  21.135 0.000  5.605 0.000  15.530 0.000 0.064 0.000  2.398 0.000
191.208333 192.208333   10.74 0.000  0.62 0.000 0.113 0.000  0.10 0.000  0.021 0.000  0.548 0.000  0.767 0.000 999.99 0.259000  11.168 0.000  4.435 0.000   6.733 0.000 0.013 0.000  1.245 0.000
194.208333 195.208333   24.91 0.000  1.25 0.000 9.999 0.259  0.05 0.000  0.021 0.000  2.041 0.000  2.857 0.000 999.99 0.259000  15.270 0.000  4.451 0.000  10.819 0.000 0.025 0.000  1.354 0.000
197.208333 198.208333   12.60 0.000  1.15 0.000 9.999 0.259  0.12 0.000  0.042 0.000  1.237 0.000  1.732 0.000 999.99 0.259000   9.381 0.000  3.035 0.000   6.346 0.000 0.014 0.000  0.714 0.000
200.208333 201.208333   14.37 0.000  2.35 0.000 9.999 0.259  0.14 0.000  0.019 0.000  1.678 0.000  2.349 0.000 999.99 0.259000  11.152 0.000  2.975 0.000   8.177 0.000 0.028 0.000  0.922 0.000
203.208333 204.208333   10.31 0.000  2.95 0.000 0.058 0.000 99.99 0.259  0.070 0.000  1.099 0.000  1.538 0.000 999.99 0.259000  10.516 0.000  2.242 0.000   8.274 0.000 0.019 0.000  0.990 0.000
206.208333 207.208333   29.01 0.000  3.38 0.000 0.263 0.000  0.19 0.000  0.029 0.000  1.742 0.000  2.439 0.000 999.99 0.259000  27.698 0.000  2.510 0.000  25.188 0.000 0.027 0.000  4.402 0.000
209.208333 210.208333   14.43 0.000  1.47 0.000 9.999 0.259  0.21 0.000  0.038 0.000  3.161 0.000  4.425 0.000 999.99 0.259000  11.204 0.000  3.503 0.000   7.702 0.000 0.042 0.000  0.226 0.000
212.208333 213.208333   14.26 0.000  3.30 0.000 9.999 0.259  0.58 0.000  0.075 0.000  1.336 0.000  1.870 0.000 999.99 0.259000   9.377 0.000  2.105 0.000   7.272 0.000 0.019 0.000  0.649 0.000
215.208333 216.208333   19.77 0.000  0.82 0.000 9.999 0.259 99.99 0.259  0.019 0.000  1.472 0.000  2.061 0.000 999.99 0.259000  16.659 0.000  2.562 0.000  14.097 0.000 0.026 0.000  2.349 0.000
218.208333 219.208333   20.71 0.000  2.35 0.000 9.999 0.259  0.17 0.000  0.025 0.000  1.209 0.000  1.693 0.000 999.99 0.259000  21.592 0.000  2.524 0.000  19.068 0.000 0.023 0.000  3.451 0.000
221.208333 222.208333    6.94 0.000  1.18 0.000 9.999 0.259  0.18 0.000  0.037 0.000  0.741 0.000  1.038 0.000 999.99 0.259000  13.370 0.000  1.444 0.000  11.926 0.000 0.014 0.000  2.078 0.000
224.208333 225.208333    8.86 0.000  1.54 0.000 9.999 0.259  0.11 0.000  0.043 0.000  1.258 0.000  1.761 0.000 999.99 0.259000  14.563 0.000  2.469 0.000  12.095 0.000 0.012 0.000  2.158 0.000
227.208333 228.208333   35.04 0.000  2.65 0.000 9.999 0.259  0.23 0.000  0.046 0.000  2.131 0.000  2.983 0.000 999.99 0.259000  31.809 0.000  3.645 0.000  28.164 0.000 0.035 0.000  5.213 0.000
230.208333 231.208333   16.64 0.000  4.82 0.000 9.999 0.259 99.99 0.259  0.030 0.000  2.336 0.000  3.271 0.000 999.99 0.259000  10.426 0.000  3.084 0.000   7.342 0.000 0.032 0.000  0.497 0.000
233.208333 234.208333   48.08 0.000  2.65 0.000 9.999 0.259  0.16 0.000  0.037 0.000  3.796 0.000  5.314 0.000 999.99 0.259000  35.318 0.000  3.814 0.000  31.503 0.000 0.050 0.000  5.354 0.000
236.208333 237.208333   37.21 0.000  3.63 0.000 9.999 0.259  0.18 0.000  0.039 0.000  3.692 0.000  5.168 0.000 999.99 0.259000  19.762 0.000  5.785 0.000  13.977 0.000 0.057 0.000  1.464 0.000
239.208333 240.208333   16.35 0.000  1.21 0.000 9.999 0.259  0.05 0.000  0.016 0.000  1.371 0.000  1.920 0.000 999.99 0.259000   7.383 0.000  3.911 0.000   3.472 0.000 0.017 0.000  0.122 0.000
242.208333 243.208333    7.03 0.000  4.33 0.000 0.086 0.000 99.99 0.259  0.019 0.000  1.180 0.000  1.651 0.000  10.31 0.000000   4.087 0.000  1.036 0.000   3.051 0.000 0.030 0.000  0.134 0.000
245.208333 246.208333    3.99 0.000  0.59 0.000 9.999 0.259  0.10 0.000  0.029 0.000  0.480 0.000  0.672 0.000 999.99 0.259000   7.103 0.000  1.384 0.000   5.719 0.000 0.006 0.000  1.030 0.000
