scripts/IMPROVE-2019_partial/data/US0080R.20020102050000.20191216000000.filterpack..pm25.52w.1w.US03L_filterpack_US0080.US03L_IMPROVE_Davis.lev2.nas
66 1001
MISSING INFORMATION
US03L, IMPROVE, , , , , , , 
MISSING INFORMATION
IMPROVE sel_HTAP
1 1
2002 01 01 2019 12 16
3.000000
days from file reference point
27
1 1 1 1 1 1 1 1 1 1 1 1 1 1 1 1 1 1 1 1 1 1 1 1 1 1 1
999.999999 99.999 9.999999 9999.99 9.999999 999.99 9.999999 9.999 9.999999 99.99 9.999999 9.999 9.999999 999.999 9.999 999.999 9.999 999.999 9.999 999.999 9.999 999.999 9.999 9.999 9.999999 99.999 9.999999
end_time of measurement, days from the file reference point
ammonium, ug N/m3, Revision date=20181210133000
numflag ammonium, no unit, Revision date=20181210133000
iron, ng/m3, Revision date=20181210133000
numflag iron, no unit, Revision date=20181210133000
lead, ng/m3, Revision date=20181210133000
numflag lead, no unit, Revision date=20181210133000
magnesium, ug/m3, Revision date=20181210133000
numflag magnesium, no unit, Revision date=20181210133000
nickel, ng/m3, Revision date=20181210133000
numflag nickel, no unit, Revision date=20181210133000
nitrate, ug N/m3, Revision date=20181210133000
numflag nitrate, no unit, Revision date=20181210133000
organic_carbon, ug C/m3, Revision date=20181210133000
numflag organic_carbon, no unit, Revision date=20181210133000
organic_mass, ug/m3, Revision date=20181210133000
numflag organic_mass, no unit, Revision date=20181210133000
pm10_mass, ug/m3, Version=2, Version description=Data extracted from http://views.cira.colostate.edu/fed/DataWizard 2019-12-16, Sample duration=1d, Orig. time res.=3d, Matrix=pm10, Blank correction=Blank corrected, Volume std. temperature=ambient, Volume std. pressure=ambient
numflag pm10_mass, no unit, Version=2, Version description=Data extracted from http://views.cira.colostate.edu/fed/DataWizard 2019-12-16, Sample duration=1d, Orig. time res.=3d, Matrix=pm10, Blank correction=Blank corrected, Volume std. temperature=ambient, Volume std. pressure=ambient
pm10_pm25_mass, ug/m3, Revision date=20181210133000, Matrix=pm10_pm25
numflag pm10_pm25_mass, no unit, Revision date=20181210133000, Matrix=pm10_pm25
pm25_mass, ug/m3, Version=2, Version description=Data extracted from http://views.cira.colostate.edu/fed/DataWizard 2019-12-16, Sample duration=1d, Orig. time res.=3d, Blank correction=Blank corrected, Volume std. temperature=ambient, Volume std. pressure=ambient
numflag pm25_mass, no unit, Version=2, Version description=Data extracted from http://views.cira.colostate.edu/fed/DataWizard 2019-12-16, Sample duration=1d, Orig. time res.=3d, Blank correction=Blank corrected, Volume std. temperature=ambient, Volume std. pressure=ambient
potassium, ug/m3, Revision date=20181210133000
numflag potassium, no unit, Revision date=20181210133000
sulphate_total, ug S/m3, Revision date=20181210133000
numflag sulphate_total, no unit, Revision date=20181210133000
0
25
Data definition:              EBAS_1.1
Set type code:                TU
Timezone:                     UTC
File name:                    US0080R.20020102050000.20191216000000.filterpack..pm25.52w.1w.US03L_filterpack_US0080.US03L_IMPROVE_Davis.lev2.nas
File creation:                20191218120049
Startdate:                    20020102050000
Revision date:                20191216000000
Statistics:                   arithmetic mean
Data level:                   2
Period code:                  52w
Resolution code:              1w
Station code:                 US0080R
Platform code:                US0080S
Station name:                 James River Face Wilderness
Station latitude:             37.6266
Station longitude:            -79.5125
Station altitude:             289.0 m
Regime:                       IMG
Component:                    
Matrix:                       pm25
Laboratory code:              US03L
Instrument type:              filterpack
Instrument name:              filterpack_US0080
Method ref:                   US03L_IMPROVE_Davis
starttime endtime NH4+ flag_NH4+ Fe flag_Fe Pb flag_Pb Mg++ flag_Mg++ Ni flag_Ni NO3- flag_NO3- OC flag_OC OM flag_OM PM10 flag_PM10 PM10-PM2.5 flag_PM10-PM2.5 PM2.5 flag_PM2.5 K+ flag_K+ SO4-- flag_SO4--
[from data line 74]
223.208333 224.208333 99.999 0.999000   39.39 0.000000   1.40 0.000000 9.999 0.259000 99.99 0.259000 0.064 0.000000   3.913 0.000   5.478 0.000  35.016 0.000   3.390 0.000  31.626 0.000 0.056 0.000000  4.564 0.000000
226.208333 227.208333 99.999 0.999000   41.61 0.000000   0.50 0.000000 9.999 0.259000  0.17 0.000000 0.088 0.000000   1.353 0.000   1.894 0.000  12.135 0.000   2.758 0.000   9.377 0.000 0.045 0.000000  1.394 0.000000
229.208333 230.208333 99.999 0.999000   25.14 0.000000   0.72 0.000000 9.999 0.259000  0.15 0.000000 0.170 0.000000   1.295 0.000   1.813 0.000  14.211 0.000   2.993 0.000  11.218 0.000 0.038 0.000000  1.912 0.000000
232.208333 233.208333 99.999 0.999000   71.45 0.000000   1.73 0.000000 9.999 0.259000  0.73 0.000000 0.076 0.000000   2.684 0.000   3.758 0.000  45.645 0.000  17.126 0.000  28.520 0.000 0.105 0.000000  5.557 0.000000
235.208333 236.208333 99.999 0.999000   41.51 0.000000   1.35 0.000000 9.999 0.259000 99.99 0.259000 0.052 0.000000   3.043 0.000   4.261 0.000  26.042 0.000   3.457 0.000  22.584 0.000 0.052 0.000000  3.602 0.000000
238.208333 239.208333 99.999 0.999000   29.40 0.000000   2.93 0.000000 9.999 0.259000  0.60 0.000000 0.136 0.000000   2.345 0.000   3.284 0.000  19.564 0.000   1.938 0.000  17.627 0.000 0.085 0.000000  2.726 0.000000
241.208333 242.208333 99.999 0.559999   14.09 0.000000   1.18 0.000000 0.040 0.000000 99.99 0.259000 0.074 0.559000   1.226 0.000   1.716 0.000   8.663 0.000   2.490 0.000   6.173 0.000 0.048 0.000000  0.877 0.559000
244.208333 245.208333  0.283 0.559000    9.90 0.000000   0.55 0.000000 9.999 0.259000 99.99 0.259000 0.039 0.559000   0.815 0.000   1.141 0.000   5.727 0.000   1.899 0.000   3.828 0.000 0.042 0.000000  0.509 0.559000
247.208333 248.208333  0.581 0.000000   34.73 0.000000   1.26 0.000000 9.999 0.259000 99.99 0.259000 0.061 0.000000   1.311 0.000   1.836 0.000  11.477 0.000   3.996 0.000   7.481 0.000 0.055 0.000000  0.905 0.000000
250.208333 251.208333  0.854 0.000000   38.05 0.000000   3.23 0.000000 0.029 0.000000  0.91 0.000000 0.076 0.000000   2.560 0.000   3.584 0.000  14.949 0.000   3.019 0.000  11.930 0.000 0.063 0.000000  1.379 0.000000
253.208333 254.208333  2.254 0.559394   63.93 0.559394   2.25 0.559394 0.061 0.559394  1.06 0.559394 0.058 0.559394   1.709 0.000   2.393 0.000  22.703 0.000   6.134 0.000  16.569 0.559 0.039 0.559394  2.756 0.559394
256.208333 257.208333  2.224 0.559000   57.08 0.000000   3.79 0.000000 9.999 0.259000  0.56 0.000000 0.113 0.559000   3.159 0.000   4.422 0.000  25.916 0.000   4.963 0.000  20.953 0.000 0.052 0.000000  2.990 0.559000
259.208333 260.208333  2.555 0.000000 9999.99 0.456000 999.99 0.456000 9.999 0.456000 99.99 0.456000 0.087 0.000000   1.589 0.000   2.224 0.000  22.798 0.000 999.999 0.999 999.999 0.456 9.999 0.456000  3.326 0.000000
262.208333 263.208333  2.701 0.559000   31.93 0.000000   2.27 0.000000 9.999 0.259000  0.75 0.000000 0.077 0.559000   2.353 0.000   3.295 0.000  25.809 0.000   4.048 0.000  21.761 0.000 0.064 0.000000  3.772 0.559000
265.208333 266.208333  1.659 0.559000   25.21 0.000000   2.07 0.000000 0.086 0.000000 99.99 0.259000 0.141 0.559000   1.401 0.000   1.961 0.000  19.826 0.000   7.651 0.000  12.175 0.000 0.040 0.000000  2.318 0.559000
268.208333 269.208333  0.855 0.000000   15.77 0.000000   1.61 0.000000 9.999 0.259000  0.52 0.000000 0.552 0.000000   1.150 0.000   1.610 0.000   9.211 0.000   3.068 0.000   6.143 0.000 0.045 0.000000  0.715 0.000000
271.208333 272.208333  2.764 0.559000   33.53 0.000000  15.18 0.000000 0.053 0.000000 99.99 0.259000 0.129 0.559000   1.802 0.000   2.523 0.000  23.316 0.000   4.788 0.000  18.528 0.000 0.071 0.000000  3.417 0.559000
274.208333 275.208333  1.932 0.559000   47.79 0.000000   1.51 0.000000 9.999 0.259000  0.23 0.000000 0.120 0.559000   1.841 0.000   2.577 0.000  21.871 0.000   5.293 0.000  16.578 0.000 0.091 0.000000  2.503 0.559000
277.208333 278.208333  1.419 0.559000   29.09 0.000000   1.13 0.000000 9.999 0.259000  0.22 0.000000 0.053 0.559000   1.773 0.000   2.482 0.000  18.782 0.000   5.519 0.000  13.263 0.000 0.036 0.000000  1.976 0.559000
280.208333 281.208333  0.636 0.559000   34.57 0.000000   1.98 0.000000 9.999 0.259000 99.99 0.259000 0.075 0.559000   1.590 0.000   2.225 0.000  14.401 0.000   6.761 0.000   7.639 0.000 0.066 0.000000  0.826 0.559000
283.208333 284.208333  0.628 0.000000   24.27 0.000000   2.36 0.000000 9.999 0.259000  0.37 0.000000 0.297 0.000000   1.927 0.000   2.698 0.000  12.486 0.000   4.809 0.000   7.677 0.000 0.192 0.000000  0.694 0.000000
286.208333 287.208333  0.656 0.000000   20.00 0.000000   2.18 0.000000 9.999 0.259000  0.14 0.000000 0.137 0.000000   0.958 0.000   1.341 0.000   9.463 0.000   3.837 0.000   5.626 0.000 0.040 0.000000  0.739 0.000000
289.208333 290.208333  1.101 0.000000   25.27 0.000000   1.75 0.000000 9.999 0.259000  0.13 0.000000 0.049 0.000000   1.052 0.000   1.473 0.000  11.574 0.000   3.467 0.000   8.107 0.000 0.028 0.000000  1.344 0.000000
292.208333 293.208333  0.895 0.000000   25.15 0.000000   1.43 0.000000 9.999 0.259000  0.12 0.000000 0.032 0.000000   1.850 0.000   2.590 0.000  11.802 0.000   2.915 0.000   8.886 0.000 0.047 0.000000  1.122 0.000000
295.208333 296.208333  1.096 0.559000   36.48 0.000000   3.08 0.000000 0.019 0.000000  0.15 0.000000 0.106 0.559000   1.587 0.000   2.222 0.000  12.270 0.000   2.571 0.000   9.699 0.000 0.122 0.000000  1.324 0.559000
298.208333 299.208333  0.559 0.000000   16.72 0.000000   0.75 0.000000 0.023 0.000000  0.13 0.000000 0.139 0.000000   0.855 0.000   1.196 0.000   8.312 0.000   3.692 0.000   4.620 0.000 0.055 0.000000  0.681 0.000000
301.208333 302.208333  0.512 0.559000   12.53 0.000000   2.18 0.000000 9.999 0.259000  0.22 0.000000 0.171 0.559000   0.719 0.000   1.007 0.000   6.040 0.000   1.900 0.000   4.141 0.000 0.048 0.000000  0.572 0.559000
304.208333 305.208333  1.301 0.000000   28.14 0.000000   2.60 0.000000 9.999 0.259000  0.13 0.000000 0.093 0.000000   1.190 0.000   1.665 0.000  12.835 0.000   2.685 0.000  10.150 0.000 0.117 0.000000  1.727 0.000000
307.208333 308.208333  0.519 0.559000   28.52 0.000000   1.25 0.000000 0.034 0.000000 99.99 0.259000 0.158 0.559000   1.793 0.000   2.511 0.000   8.861 0.000   2.242 0.000   6.619 0.000 0.183 0.000000  0.650 0.559000
310.208333 311.208333  1.443 0.559000   15.09 0.000000   1.66 0.000000 9.999 0.259000 99.99 0.259000 0.063 0.559000   1.106 0.000   1.549 0.000  11.827 0.000   1.790 0.000  10.037 0.000 0.025 0.000000  1.862 0.559000
313.208333 314.208333  1.162 0.559000    8.47 0.000000   0.90 0.000000 0.085 0.000000  0.30 0.000000 0.055 0.559000   1.334 0.000   1.868 0.000  14.032 0.000   3.439 0.000  10.593 0.000 0.031 0.000000  1.807 0.559000
316.208333 317.208333  0.914 0.000000   18.10 0.000000   1.69 0.000000 9.999 0.259000 99.99 0.259000 0.068 0.000000   1.566 0.000   2.192 0.000  11.031 0.000   3.149 0.000   7.882 0.000 0.037 0.000000  1.185 0.000000
319.208333 320.208333  0.923 0.000000   16.30 0.000000   2.16 0.000000 9.999 0.259000  0.21 0.000000 0.386 0.000000   2.319 0.000   3.246 0.000  11.658 0.000   2.814 0.000   8.844 0.000 0.066 0.000000  0.785 0.000000
322.208333 323.208333  0.725 0.559000   43.26 0.000000   2.48 0.000000 9.999 0.259000  0.07 0.000000 0.161 0.559000   3.231 0.000   4.523 0.000  13.223 0.000   2.903 0.000  10.320 0.000 0.149 0.000000  0.808 0.559000
325.208333 326.208333  0.439 0.000000   11.38 0.000000   0.74 0.000000 9.999 0.259000  0.07 0.000000 0.100 0.000000   0.810 0.000   1.134 0.000   5.534 0.000   1.485 0.000   4.048 0.000 0.026 0.000000  0.487 0.000000
328.208333 329.208333  0.532 0.000000   55.19 0.000000   2.66 0.000000 9.999 0.259000 99.99 0.259000 0.091 0.000000   4.662 0.000   6.527 0.000  15.444 0.000   4.939 0.000  10.505 0.000 0.094 0.000000  0.607 0.000000
331.208333 332.208333  0.650 0.559000   13.35 0.000000   1.52 0.000000 9.999 0.259000  0.11 0.000000 0.105 0.559000   1.170 0.000   1.637 0.000   6.510 0.000   1.155 0.000   5.356 0.000 0.027 0.000000  0.756 0.559000
334.208333 335.208333  0.597 0.559000   10.39 0.000000   0.55 0.000000 0.024 0.000000 99.99 0.259000 0.156 0.559000   0.534 0.000   0.748 0.000   6.221 0.000   1.542 0.000   4.679 0.000 0.022 0.000000  0.745 0.559000
337.208333 338.208333  0.644 0.559000   37.56 0.000000   2.17 0.000000 9.999 0.259000  0.27 0.000000 0.400 0.559000   2.676 0.000   3.746 0.000  13.301 0.000   4.179 0.000   9.122 0.000 0.138 0.000000  0.479 0.559000
340.208333 341.208333  1.121 0.559000   38.96 0.000000   2.33 0.000000 0.015 0.000000 99.99 0.259000 0.271 0.559000   4.382 0.000   6.135 0.000  17.525 0.000   4.170 0.000  13.355 0.000 0.099 0.000000  1.157 0.559000
343.208333 344.208333  1.365 0.000000   47.22 0.000000   3.15 0.000000 9.999 0.259000  0.31 0.000000 0.725 0.000000   5.422 0.000   7.591 0.000  23.158 0.000   5.900 0.000  17.258 0.000 0.172 0.000000  0.964 0.000000
346.208333 347.208333  0.689 0.000000   23.79 0.000000   1.73 0.000000 9.999 0.259000 99.99 0.259000 0.132 0.000000   1.513 0.000   2.118 0.000   7.926 0.000   1.276 0.000   6.650 0.000 0.103 0.000000  0.767 0.000000
349.208333 350.208333  0.736 0.559000   19.01 0.000000   1.75 0.000000 9.999 0.259000  0.12 0.000000 0.241 0.559000   1.483 0.000   2.076 0.000   8.492 0.000   2.171 0.000   6.321 0.000 0.043 0.000000  0.736 0.559000
352.208333 353.208333  1.073 0.000000   46.33 0.000000   3.17 0.000000 9.999 0.259000  1.43 0.000000 0.304 0.000000   2.492 0.000   3.488 0.000  16.674 0.000   5.286 0.000  11.388 0.000 0.167 0.000000  1.219 0.000000
355.208333 356.208333  0.302 0.559000   33.03 0.000000   1.01 0.000000 0.016 0.000000 99.99 0.259000 0.044 0.559000   1.057 0.000   1.480 0.000   7.556 0.000   3.389 0.000   4.167 0.000 0.035 0.000000  0.374 0.559000
358.208333 359.208333  0.329 0.559000    7.75 0.000000   0.56 0.000000 9.999 0.259000  0.12 0.000000 0.066 0.559000   0.423 0.000   0.593 0.000   3.653 0.000   0.596 0.000   3.057 0.000 0.026 0.000000  0.482 0.559000
361.208333 362.208333  0.676 0.559000   33.59 0.000000   1.40 0.000000 9.999 0.259000 99.99 0.259000 0.114 0.559000   3.225 0.000   4.514 0.000  11.538 0.000   2.643 0.000   8.895 0.000 0.145 0.000000  0.780 0.559000
364.208333 365.208333  0.950 0.559000   59.12 0.000000   3.76 0.000000 9.999 0.259000  0.60 0.000000 0.341 0.559000   6.457 0.000   9.040 0.000  21.457 0.000   4.681 0.000  16.776 0.000 0.265 0.000000  1.116 0.559000
