scripts/IMPROVE-2019_partial/data/US0070R.20050101080000.20191216000000.filterpack..pm25.52w.1w.US03L_filterpack_US0070.US03L_IMPROVE_Davis.lev2.nas
64 1001
MISSING INFORMATION
US03L, IMPROVE, , , , , , , 
MISSING INFORMATION
IMPROVE sel_HTAP
1 1
2005 01 01 2019 12 16
3.000000
days from file reference point
25
1 1 1 1 1 1 1 1 1 1 1 1 1 1 1 1 1 1 1 1 1 1 1 1 1
999.999999 999.99 9.999 99.99 9.999 9.999 9.999999 9.99 9.999999 9.999 9.999 99.999 9.999 99.999 9.999 999.999 9.999 99.999 9.999 99.999 9.999 9.999 9.999 9.999 9.999
end_time of measurement, days from the file reference point
iron, ng/m3, Revision date=20181210133000
numflag iron, no unit, Revision date=20181210133000
lead, ng/m3, Revision date=20181210133000
numflag lead, no unit, Revision date=20181210133000
magnesium, ug/m3, Revision date=20181210133000
numflag magnesium, no unit, Revision date=20181210133000
nickel, ng/m3, Revision date=20181210133000
numflag nickel, no unit, Revision date=20181210133000
nitrate, ug N/m3, Revision date=20181210133000
numflag nitrate, no unit, Revision date=20181210133000
organic_carbon, ug C/m3, Revision date=20181210133000
numflag organic_carbon, no unit, Revision date=20181210133000
organic_mass, ug/m3, Revision date=20181210133000
numflag organic_mass, no unit, Revision date=20181210133000
pm10_mass, ug/m3, Version=2, Version description=Data extracted from http://views.cira.colostate.edu/fed/DataWizard 2019-12-16, Sample duration=1d, Orig. time res.=3d, Matrix=pm10, Blank correction=Blank corrected, Volume std. temperature=ambient, Volume std. pressure=ambient
numflag pm10_mass, no unit, Version=2, Version description=Data extracted from http://views.cira.colostate.edu/fed/DataWizard 2019-12-16, Sample duration=1d, Orig. time res.=3d, Matrix=pm10, Blank correction=Blank corrected, Volume std. temperature=ambient, Volume std. pressure=ambient
pm10_pm25_mass, ug/m3, Revision date=20181210133000, Matrix=pm10_pm25
numflag pm10_pm25_mass, no unit, Revision date=20181210133000, Matrix=pm10_pm25
pm25_mass, ug/m3, Version=2, Version description=Data extracted from http://views.cira.colostate.edu/fed/DataWizard 2019-12-16, Sample duration=1d, Orig. time res.=3d, Blank correction=Blank corrected, Volume std. temperature=ambient, Volume std. pressure=ambient
numflag pm25_mass, no unit, Version=2, Version description=Data extracted from http://views.cira.colostate.edu/fed/DataWizard 2019-12-16, Sample duration=1d, Orig. time res.=3d, Blank correction=Blank corrected, Volume std. temperature=ambient, Volume std. pressure=ambient
potassium, ug/m3, Revision date=20181210133000
numflag potassium, no unit, Revision date=20181210133000
sulphate_total, ug S/m3, Revision date=20181210133000
numflag sulphate_total, no unit, Revision date=20181210133000
0
25
Data definition:              EBAS_1.1
Set type code:                TU
Timezone:                     UTC
File name:                    US0070R.20050101080000.20191216000000.filterpack..pm25.52w.1w.US03L_filterpack_US0070.US03L_IMPROVE_Davis.lev2.nas
File creation:                20191218120010
Startdate:                    20050101080000
Revision date:                20191216000000
Statistics:                   arithmetic mean
Data level:                   2
Period code:                  52w
Resolution code:              1w
Station code:                 US0070R
Platform code:                US0070S
Station name:                 Crater Lake NP
Station latitude:             42.8958
Station longitude:            -122.1361
Station altitude:             1996.0 m
Regime:                       IMG
Component:                    
Matrix:                       pm25
Laboratory code:              US03L
Instrument type:              filterpack
Instrument name:              filterpack_US0070
Method ref:                   US03L_IMPROVE_Davis
starttime endtime Fe flag_Fe Pb flag_Pb Mg++ flag_Mg++ Ni flag_Ni NO3- flag_NO3- OC flag_OC OM flag_OM PM10 flag_PM10 PM10-PM2.5 flag_PM10-PM2.5 PM2.5 flag_PM2.5 K+ flag_K+ SO4-- flag_SO4--
[from data line 90]
270.333333 271.333333  27.57 0.000  0.65 0.000 9.999 0.259000 9.99 0.259000 0.014 0.000  2.093 0.000  3.767 0.000   6.959 0.000  1.867 0.000  5.072 0.000 0.027 0.000 0.138 0.000
273.333333 274.333333   4.93 0.000  0.27 0.000 9.999 0.259000 9.99 0.259000 0.005 0.000  0.049 0.000  0.088 0.000   0.780 0.000  0.223 0.000  0.554 0.000 0.007 0.000 0.059 0.000
276.333333 277.333333   6.80 0.000  0.16 0.000 9.999 0.259000 9.99 0.259000 0.001 0.000  0.247 0.000  0.445 0.000   0.961 0.000  0.490 0.000  0.463 0.000 0.003 0.000 0.017 0.000
279.333333 280.333333 999.99 0.999 99.99 0.999 9.999 0.999000 9.99 0.999000 9.999 0.999 99.999 0.999 99.999 0.999 999.999 0.999 99.999 0.999 99.999 0.999 9.999 0.999 9.999 0.999
282.333333 283.333333  10.72 0.394  0.23 0.394 9.999 0.394259 9.99 0.394259 0.003 0.394  0.385 0.000  0.693 0.000   2.508 0.000  1.272 0.000  1.226 0.000 0.008 0.394 0.052 0.394
285.333333 286.333333  30.01 0.000  0.95 0.000 9.999 0.259000 9.99 0.259000 0.003 0.000  0.448 0.000  0.806 0.000   3.812 0.000  1.436 0.000  2.374 0.000 0.023 0.000 0.240 0.000
288.333333 289.333333   4.33 0.000  0.25 0.000 9.999 0.259000 9.99 0.259000 9.999 0.259  0.336 0.000  0.605 0.000   0.914 0.000  0.578 0.000  0.337 0.000 0.005 0.000 0.018 0.000
291.333333 292.333333  11.37 0.000  0.30 0.000 9.999 0.259000 9.99 0.259000 0.021 0.000  0.501 0.000  0.902 0.000   2.160 0.000  0.321 0.000  1.834 0.000 0.021 0.000 0.100 0.000
294.333333 295.333333  17.74 0.000  0.41 0.000 9.999 0.259000 9.99 0.259000 0.012 0.000  1.798 0.000  3.237 0.000   5.520 0.000  1.225 0.000  4.258 0.000 0.019 0.000 0.100 0.000
297.333333 298.333333  28.59 0.000  0.49 0.000 9.999 0.259000 9.99 0.259000 0.021 0.000  1.951 0.000  3.512 0.000   7.672 0.000  2.827 0.000  4.787 0.000 0.031 0.000 0.114 0.000
300.333333 301.333333   4.30 0.000  0.14 0.000 9.999 0.259000 0.15 0.000000 0.009 0.000  0.230 0.000  0.414 0.000   0.252 0.000 99.999 0.259  0.434 0.000 0.004 0.000 0.012 0.000
303.333333 304.333333  21.46 0.000  0.45 0.000 9.999 0.259000 9.99 0.259000 0.006 0.000  0.341 0.000  0.613 0.000   3.282 0.000  1.458 0.000  1.799 0.000 0.022 0.000 0.169 0.000
306.333333 307.333333   9.34 0.000  0.27 0.000 9.999 0.259000 9.99 0.259000 0.012 0.000  0.522 0.000  0.939 0.000   1.203 0.000 99.999 0.259  1.230 0.000 0.018 0.000 0.033 0.000
309.333333 310.333333   2.28 0.000  0.20 0.000 9.999 0.259000 9.99 0.259000 0.000 0.000  0.098 0.000  0.177 0.000   0.167 0.000  0.042 0.000  0.124 0.000 0.001 0.000 0.000 0.000
312.333333 313.333333  10.22 0.000  0.30 0.000 9.999 0.259000 0.21 0.000000 0.005 0.559  0.542 0.000  0.975 0.000   2.128 0.000  0.567 0.000  1.546 0.000 0.009 0.000 0.046 0.559
315.333333 316.333333   3.62 0.000  0.25 0.000 9.999 0.259000 9.99 0.259000 0.007 0.000  0.378 0.000  0.681 0.000   1.421 0.000  0.360 0.000  1.050 0.000 0.007 0.000 0.054 0.000
318.333333 319.333333   9.65 0.000  0.23 0.000 9.999 0.259000 9.99 0.259000 0.009 0.559  0.537 0.000  0.968 0.000   3.672 0.000  2.262 0.000  1.378 0.000 0.008 0.000 0.046 0.559
321.333333 322.333333  22.73 0.000  0.47 0.000 9.999 0.259000 9.99 0.259000 0.003 0.559  0.220 0.000  0.396 0.000   4.445 0.000  3.087 0.000  1.317 0.000 0.010 0.000 0.053 0.559
324.333333 325.333333  12.33 0.000  0.21 0.000 9.999 0.259000 9.99 0.259000 0.007 0.559  1.521 0.000  2.737 0.000   6.985 0.000  3.344 0.000  3.584 0.000 0.035 0.000 0.052 0.559
327.333333 328.333333  13.75 0.000  0.34 0.000 9.999 0.259000 9.99 0.259000 0.006 0.559  0.542 0.000  0.976 0.000   2.587 0.000  0.942 0.000  1.639 0.000 0.014 0.000 0.068 0.559
330.333333 331.333333   1.05 0.000 99.99 0.259 0.012 0.000000 9.99 0.259000 0.003 0.000  0.105 0.000  0.189 0.000   0.587 0.000  0.026 0.000  0.557 0.000 0.002 0.000 0.040 0.000
333.333333 334.333333   7.99 0.000  0.28 0.000 9.999 0.259000 9.99 0.259000 0.018 0.000  0.704 0.000  1.267 0.000   1.312 0.000 99.999 0.259  2.144 0.000 0.014 0.000 0.035 0.000
336.333333 337.333333   2.63 0.000  0.26 0.000 9.999 0.259000 9.99 0.259000 0.000 0.000  0.023 0.000  0.041 0.000   0.127 0.000 99.999 0.259  0.278 0.000 0.002 0.000 0.008 0.000
339.333333 340.333333  10.46 0.000  0.19 0.000 9.999 0.259000 9.99 0.259000 0.002 0.000  0.061 0.000  0.110 0.000   0.546 0.000 99.999 0.259  0.648 0.000 0.005 0.000 0.048 0.000
342.333333 343.333333   8.88 0.000 99.99 0.259 9.999 0.259000 0.18 0.000000 0.003 0.000  0.064 0.000  0.115 0.000   0.463 0.000 99.999 0.259  0.463 0.000 0.004 0.000 0.013 0.000
345.333333 346.333333   5.83 0.000  0.43 0.000 9.999 0.259000 9.99 0.259000 0.005 0.000  0.289 0.000  0.519 0.000   1.550 0.000  0.698 0.000  0.839 0.000 0.006 0.000 0.059 0.000
348.333333 349.333333  17.43 0.000  0.09 0.000 9.999 0.259000 9.99 0.259000 0.005 0.000  0.112 0.000  0.201 0.000   2.983 0.000  2.178 0.000  0.800 0.000 0.005 0.000 0.018 0.000
351.333333 352.333333   8.01 0.000  0.35 0.000 9.999 0.259000 9.99 0.259000 0.025 0.000  0.299 0.000  0.538 0.000   1.134 0.000  0.189 0.000  0.937 0.000 0.005 0.000 0.022 0.000
354.333333 355.333333   7.33 0.000 99.99 0.259 9.999 0.259000 0.11 0.000000 0.005 0.000  0.194 0.000  0.349 0.000   0.459 0.000  0.057 0.000  0.402 0.000 0.003 0.000 0.007 0.000
357.333333 358.333333   4.77 0.000  0.45 0.000 9.999 0.259000 0.11 0.000000 0.008 0.000  0.627 0.000  1.129 0.000   1.792 0.000  0.672 0.000  1.106 0.000 0.008 0.000 0.034 0.000
360.333333 361.333333   2.68 0.000 99.99 0.259 9.999 0.259000 0.15 0.000000 0.002 0.559  0.134 0.000  0.241 0.000   0.251 0.000 99.999 0.259  0.590 0.000 0.001 0.000 0.007 0.559
363.333333 364.333333   4.47 0.000  0.20 0.000 9.999 0.259000 0.08 0.000000 0.000 0.000  0.219 0.000  0.395 0.000   0.762 0.000 99.999 0.259  0.790 0.000 0.001 0.000 0.004 0.000
