scripts/IMPROVE-2019_partial/data/US0080R.20010101050000.20191216000000.filterpack..pm25.52w.1w.US03L_filterpack_US0080.US03L_IMPROVE_Davis.lev2.nas
64 1001
MISSING INFORMATION
US03L, IMPROVE, , , , , , , 
MISSING INFORMATION
IMPROVE sel_HTAP
1 1
2001 01 01 2019 12 16
3.000000
days from file reference point
25
1 1 1 1 1 1 1 1 1 1 1 1 1 1 1 1 1 1 1 1 1 1 1 1 1
999.999999 9999.99 9.999 999.99 9.999 9.999 9.999999 99.99 9.999999 99.999 9.999 999.999 9.999 999.999 9.999 999.999 9.999 999.999 9.999 999.999 9.999 9.999 9.999 99.999 9.999
end_time of measurement, days from the file reference point
iron, ng/m3, Revision date=20181210133000
numflag iron, no unit, Revision date=20181210133000
lead, ng/m3, Revision date=20181210133000
numflag lead, no unit, Revision date=20181210133000
magnesium, ug/m3, Revision date=20181210133000
numflag magnesium, no unit, Revision date=20181210133000
nickel, ng/m3, Revision date=20181210133000
numflag nickel, no unit, Revision date=20181210133000
nitrate, ug N/m3, Revision date=20181210133000
numflag nitrate, no unit, Revision date=20181210133000
organic_carbon, ug C/m3, Revision date=20181210133000
numflag organic_carbon, no unit, Revision date=20181210133000
organic_mass, ug/m3, Revision date=20181210133000
numflag organic_mass, no unit, Revision date=20181210133000
pm10_mass, ug/m3, Version=2, Version description=Data extracted from http://views.cira.colostate.edu/fed/DataWizard 2019-12-16, Sample duration=1d, Orig. time res.=3d, Matrix=pm10, Blank correction=Blank corrected, Volume std. temperature=ambient, Volume std. pressure=ambient
numflag pm10_mass, no unit, Version=2, Version description=Data extracted from http://views.cira.colostate.edu/fed/DataWizard 2019-12-16, Sample duration=1d, Orig. time res.=3d, Matrix=pm10, Blank correction=Blank corrected, Volume std. temperature=ambient, Volume std. pressure=ambient
pm10_pm25_mass, ug/m3, Revision date=20181210133000, Matrix=pm10_pm25
numflag pm10_pm25_mass, no unit, Revision date=20181210133000, Matrix=pm10_pm25
pm25_mass, ug/m3, Version=2, Version description=Data extracted from http://views.cira.colostate.edu/fed/DataWizard 2019-12-16, Sample duration=1d, Orig. time res.=3d, Blank correction=Blank corrected, Volume std. temperature=ambient, Volume std. pressure=ambient
numflag pm25_mass, no unit, Version=2, Version description=Data extracted from http://views.cira.colostate.edu/fed/DataWizard 2019-12-16, Sample duration=1d, Orig. time res.=3d, Blank correction=Blank corrected, Volume std. temperature=ambient, Volume std. pressure=ambient
potassium, ug/m3, Revision date=20181210133000
numflag potassium, no unit, Revision date=20181210133000
sulphate_total, ug S/m3, Revision date=20181210133000
numflag sulphate_total, no unit, Revision date=20181210133000
0
25
Data definition:              EBAS_1.1
Set type code:                TU
Timezone:                     UTC
File name:                    US0080R.20010101050000.20191216000000.filterpack..pm25.52w.1w.US03L_filterpack_US0080.US03L_IMPROVE_Davis.lev2.nas
File creation:                20191218120049
Startdate:                    20010101050000
Revision date:                20191216000000
Statistics:                   arithmetic mean
Data level:                   2
Period code:                  52w
Resolution code:              1w
Station code:                 US0080R
Platform code:                US0080S
Station name:                 James River Face Wilderness
Station latitude:             37.6266
Station longitude:            -79.5125
Station altitude:             289.0 m
Regime:                       IMG
Component:                    
Matrix:                       pm25
Laboratory code:              US03L
Instrument type:              filterpack
Instrument name:              filterpack_US0080
Method ref:                   US03L_IMPROVE_Davis
starttime endtime Fe flag_Fe Pb flag_Pb Mg++ flag_Mg++ Ni flag_Ni NO3- flag_NO3- OC flag_OC OM flag_OM PM10 flag_PM10 PM10-PM2.5 flag_PM10-PM2.5 PM2.5 flag_PM2.5 K+ flag_K+ SO4-- flag_SO4--
  0.208333   1.208333    9.38 0.559   1.24 0.559 9.999 0.559259 99.99 0.559259  0.071 0.000   1.112 0.000   1.557 0.000   6.280 0.000   1.121 0.000   5.159 0.559 0.034 0.559  0.650 0.000
  3.208333   4.208333   17.64 0.559   1.76 0.559 0.046 0.559000 99.99 0.559259  0.109 0.559   1.589 0.000   2.224 0.000   9.921 0.000   2.101 0.000   7.820 0.559 0.040 0.559  1.217 0.559
  6.208333   7.208333   27.65 0.559   1.80 0.559 9.999 0.559259 99.99 0.559259  0.203 0.000   2.617 0.000   3.664 0.000  11.243 0.000   3.678 0.000   7.566 0.559 0.073 0.559  0.483 0.000
  9.208333  10.208333   15.11 0.559   0.73 0.559 9.999 0.559259 99.99 0.559259  0.143 0.000   1.241 0.000   1.738 0.000   5.328 0.000   1.009 0.000   4.319 0.559 0.038 0.559  0.307 0.000
 12.208333  13.208333   58.98 0.000   4.86 0.000 9.999 0.259000  0.48 0.000000  1.627 0.000   5.377 0.000   7.527 0.000  28.802 0.000   3.947 0.000  24.855 0.000 0.213 0.000  1.413 0.000
 15.208333  16.208333   15.08 0.000   2.10 0.000 9.999 0.259000 99.99 0.259000  0.112 0.000   1.257 0.000   1.760 0.000  11.580 0.000   1.776 0.000   9.804 0.000 0.026 0.000  1.756 0.000
 18.208333  19.208333   34.59 0.000   3.51 0.000 9.999 0.259000  0.62 0.000000  0.080 0.000   2.246 0.000   3.145 0.000   7.643 0.000   0.322 0.000   7.321 0.000 0.221 0.000  0.553 0.000
 21.208333  22.208333   29.75 0.559   1.62 0.559 9.999 0.559259  0.23 0.559000  0.197 0.000   2.453 0.000   3.434 0.000  10.417 0.000   1.545 0.000   8.872 0.559 0.139 0.559  0.633 0.000
 24.208333  25.208333   14.54 0.000   1.74 0.000 9.999 0.259000 99.99 0.259000  0.350 0.000   0.857 0.000   1.200 0.000   6.532 0.000   0.907 0.000   5.624 0.000 0.027 0.000  0.746 0.000
 27.208333  28.208333   21.94 0.559   1.64 0.559 0.025 0.559000 99.99 0.559259  0.365 0.000   1.085 0.000   1.520 0.000   8.139 0.000   1.508 0.000   6.631 0.559 0.039 0.559  0.782 0.000
 30.208333  31.208333   19.60 0.000   0.93 0.000 9.999 0.259000 99.99 0.259000  0.061 0.000   1.077 0.000   1.508 0.000   8.207 0.000   1.728 0.000   6.479 0.000 0.028 0.000  0.728 0.000
 33.208333  34.208333   18.11 0.559   1.27 0.559 9.999 0.559259 99.99 0.559259  0.237 0.000   1.809 0.000   2.533 0.000   7.729 0.000   1.527 0.000   6.201 0.559 0.059 0.559  0.574 0.000
 36.208333  37.208333   14.89 0.000   1.01 0.000 9.999 0.259000 99.99 0.259000  0.064 0.000   0.958 0.000   1.341 0.000   6.769 0.000   0.783 0.000   5.986 0.000 0.042 0.000  0.772 0.000
 39.208333  40.208333   45.37 0.000   3.92 0.000 9.999 0.259000  0.51 0.000000  0.276 0.000   6.639 0.000   9.294 0.000  25.676 0.000   4.346 0.000  21.329 0.000 0.204 0.000  1.476 0.000
 42.208333  43.208333   21.13 0.559   1.81 0.559 9.999 0.559259  1.24 0.559000  0.494 0.000   1.622 0.000   2.271 0.000  11.387 0.000   2.771 0.000   8.617 0.559 0.111 0.559  0.843 0.000
 45.208333  46.208333   20.39 0.000   0.99 0.000 9.999 0.259000 99.99 0.259000  0.044 0.000   0.835 0.000   1.169 0.000   5.401 0.000   2.442 0.000   2.959 0.000 0.031 0.000  0.529 0.000
 48.208333  49.208333   13.72 0.559   1.60 0.559 9.999 0.559259 99.99 0.559259  0.094 0.000   1.152 0.000   1.613 0.000   6.982 0.000   1.005 0.000   5.977 0.559 0.041 0.559  0.923 0.000
 51.208333  52.208333   28.32 0.000   3.27 0.000 9.999 0.259000 99.99 0.259000  0.297 0.000   1.721 0.000   2.409 0.000  11.326 0.000   2.762 0.000   8.565 0.000 0.057 0.000  0.989 0.000
 54.208333  55.208333   42.46 0.559   3.09 0.559 9.999 0.559259  0.32 0.559000  0.218 0.000   2.306 0.000   3.229 0.000  14.374 0.000   2.686 0.000  11.688 0.559 0.201 0.559  1.572 0.000
 57.208333  58.208333  137.15 0.000   1.08 0.000 9.999 0.259000  0.26 0.000000  0.061 0.000   1.737 0.000   2.431 0.000  10.822 0.000   3.227 0.000   7.596 0.000 0.070 0.000  0.892 0.000
 60.208333  61.208333   17.30 0.000   1.67 0.000 9.999 0.259000  0.41 0.000000  0.036 0.000   1.062 0.000   1.486 0.000   7.502 0.000   1.141 0.000   6.361 0.000 0.037 0.000  0.949 0.000
 63.208333  64.208333    8.01 0.000   0.96 0.000 9.999 0.259000  0.70 0.000000  0.108 0.000   0.579 0.000   0.810 0.000   5.273 0.000   0.849 0.000   4.425 0.000 0.017 0.000  0.772 0.000
 66.208333  67.208333   32.87 0.000   2.05 0.000 9.999 0.259000 99.99 0.259000  0.289 0.000   2.622 0.000   3.670 0.000  13.777 0.000   2.997 0.000  10.780 0.000 0.106 0.000  1.339 0.000
 69.208333  70.208333   43.63 0.000   3.02 0.000 9.999 0.259000 99.99 0.259000  0.231 0.000   3.022 0.000   4.231 0.000  13.627 0.000   4.155 0.000   9.472 0.000 0.122 0.000  0.775 0.000
 72.208333  73.208333   23.06 0.000   1.75 0.000 9.999 0.259000 99.99 0.259000  0.049 0.000   0.836 0.000   1.171 0.000   5.726 0.000   1.202 0.000   4.524 0.000 0.031 0.000  0.546 0.000
 75.208333  76.208333   11.98 0.000   1.58 0.000 9.999 0.259000  0.76 0.000000  0.145 0.000   1.303 0.000   1.824 0.000   8.886 0.000   0.995 0.000   7.891 0.000 0.077 0.000  1.305 0.000
 78.208333  79.208333   29.63 0.000   2.11 0.000 9.999 0.259000  1.20 0.000000  0.205 0.000   1.573 0.000   2.202 0.000   7.923 0.000   2.007 0.000   5.916 0.000 0.048 0.000  0.413 0.000
 81.208333  82.208333 9999.99 0.999 999.99 0.999 9.999 0.999000 99.99 0.999000 99.999 0.999 999.999 0.999 999.999 0.999 999.999 0.999 999.999 0.999 999.999 0.999 9.999 0.999 99.999 0.999
 84.208333  85.208333 9999.99 0.999 999.99 0.999 9.999 0.999000 99.99 0.999000 99.999 0.999 999.999 0.999 999.999 0.999 999.999 0.999 999.999 0.999 999.999 0.999 9.999 0.999 99.999 0.999
 87.208333  88.208333   21.51 0.000   1.52 0.000 9.999 0.259000  1.97 0.000000  0.593 0.000   2.680 0.000   3.752 0.000  13.105 0.000   1.598 0.000  11.507 0.000 0.075 0.000  0.988 0.000
 90.208333  91.208333   10.96 0.000   1.98 0.000 9.999 0.259000  1.19 0.000000  0.115 0.000   0.968 0.000   1.355 0.000  10.175 0.000   1.148 0.000   9.028 0.000 0.036 0.000  1.698 0.000
 93.208333  94.208333   45.45 0.000   4.01 0.000 9.999 0.259000  0.57 0.000000  1.000 0.000   2.244 0.000   3.142 0.000  23.148 0.000   2.774 0.000  20.374 0.000 0.066 0.000  2.808 0.000
 96.208333  97.208333   49.18 0.000   2.63 0.000 9.999 0.259000  1.08 0.000000  0.161 0.000   2.552 0.000   3.572 0.000  24.010 0.000   4.848 0.000  19.162 0.000 0.148 0.000  2.894 0.000
 99.208333 100.208333   83.42 0.000   2.10 0.000 9.999 0.259000  0.51 0.000000  0.107 0.000   1.854 0.000   2.595 0.000  18.178 0.000   6.249 0.000  11.930 0.000 0.153 0.000  1.565 0.000
102.208333 103.208333   78.60 0.000   1.46 0.000 9.999 0.259000 99.99 0.259000  0.050 0.000   1.010 0.000   1.414 0.000  13.076 0.000   5.213 0.000   7.863 0.000 0.066 0.000  1.008 0.000
105.208333 106.208333   76.89 0.000   0.84 0.000 9.999 0.259000  0.24 0.000000  0.029 0.000   0.675 0.000   0.945 0.000  12.042 0.000   4.348 0.000   7.694 0.000 0.060 0.000  1.134 0.000
108.208333 109.208333  156.74 0.000   2.18 0.000 9.999 0.259000 99.99 0.259000  0.236 0.000   1.178 0.000   1.649 0.000  22.244 0.000  14.810 0.000   7.434 0.000 0.104 0.000  0.676 0.000
111.208333 112.208333  289.79 0.559   2.61 0.559 9.999 0.559259 99.99 0.559259  0.201 0.000   2.995 0.000   4.193 0.000  30.563 0.000  14.302 0.000  16.261 0.559 0.188 0.559  1.606 0.000
114.208333 115.208333   94.27 0.000   1.60 0.000 9.999 0.259000 99.99 0.259000  0.143 0.000   1.027 0.000   1.438 0.000  10.121 0.000   3.722 0.000   6.399 0.000 0.055 0.000  0.837 0.000
117.208333 118.208333   92.09 0.000  10.72 0.000 9.999 0.259000 99.99 0.259000  0.125 0.000   1.954 0.000   2.735 0.000  17.231 0.000   6.800 0.000  10.431 0.000 0.149 0.000  1.330 0.000
120.208333 121.208333  108.60 0.000   2.15 0.000 9.999 0.259000 99.99 0.259000  0.214 0.000   3.478 0.000   4.870 0.000  33.637 0.000  11.363 0.000  22.275 0.000 0.140 0.000  3.104 0.000
123.208333 124.208333  130.35 0.000   2.49 0.000 9.999 0.259000  0.83 0.000000  0.176 0.000   3.857 0.000   5.400 0.000  39.884 0.000   7.181 0.000  32.703 0.000 0.090 0.000  4.468 0.000
126.208333 127.208333   28.67 0.559   1.11 0.559 9.999 0.559259  0.95 0.559000  0.101 0.000   0.940 0.000   1.317 0.000  10.010 0.000   5.713 0.000   4.298 0.559 0.056 0.559  0.408 0.000
129.208333 130.208333  175.30 0.000   2.31 0.000 9.999 0.259000 99.99 0.259000  0.176 0.000   2.797 0.000   3.916 0.000  25.206 0.000   6.649 0.000  18.557 0.000 0.135 0.000  2.480 0.000
132.208333 133.208333   60.27 0.000   1.69 0.000 9.999 0.259000  0.47 0.000000  0.043 0.000   1.130 0.000   1.582 0.000  11.008 0.000   2.767 0.000   8.241 0.000 0.052 0.000  1.321 0.000
135.208333 136.208333   54.37 0.000   3.51 0.000 9.999 0.259000  0.33 0.000000  0.401 0.000   2.040 0.000   2.856 0.000  13.815 0.000   2.367 0.000  11.448 0.000 0.109 0.000  1.400 0.000
138.208333 139.208333   26.07 0.000   2.21 0.000 9.999 0.259000 99.99 0.259000  0.124 0.000   1.863 0.000   2.609 0.000  13.076 0.000   3.865 0.000   9.211 0.000 0.076 0.000  1.113 0.000
141.208333 142.208333   23.55 0.000   1.81 0.000 9.999 0.259000 99.99 0.259000 99.999 0.259   1.601 0.000   2.242 0.000  10.545 0.000   4.521 0.000   6.023 0.000 0.163 0.000  0.788 0.000
144.208333 145.208333   21.52 0.000   0.76 0.000 9.999 0.259000  1.53 0.000000  0.169 0.000   1.900 0.000   2.660 0.000  10.564 0.000   3.300 0.000   7.264 0.000 0.052 0.000  0.720 0.000
147.208333 148.208333   18.03 0.000   1.70 0.000 9.999 0.259000 99.99 0.259000  0.048 0.000   1.921 0.000   2.690 0.000  13.150 0.000   4.076 0.000   9.075 0.000 0.033 0.000  1.046 0.000
150.208333 151.208333   53.60 0.000   2.29 0.000 9.999 0.259000  0.40 0.000000  0.080 0.000   2.177 0.000   3.048 0.000  18.048 0.000   3.694 0.000  14.354 0.000 0.093 0.000  2.083 0.000
153.208333 154.208333   10.98 0.000   0.75 0.000 9.999 0.259000 99.99 0.259000  0.027 0.000   0.908 0.000   1.271 0.000   8.496 0.000   2.859 0.000   5.637 0.000 0.027 0.000  0.702 0.000
156.208333 157.208333   23.22 0.000   0.74 0.000 9.999 0.259000  0.20 0.000000  0.105 0.000   1.204 0.000   1.686 0.000  10.839 0.000   4.936 0.000   5.903 0.000 0.052 0.000  0.647 0.000
159.208333 160.208333   47.60 0.000  15.80 0.000 9.999 0.259000  0.20 0.000000  0.082 0.000   2.442 0.000   3.420 0.000  27.445 0.000   5.561 0.000  21.884 0.000 0.043 0.000  3.914 0.000
162.208333 163.208333   43.88 0.000   1.68 0.000 9.999 0.259000  0.14 0.000000  0.062 0.000   3.147 0.000   4.406 0.000  27.884 0.000   4.442 0.000  23.441 0.000 0.059 0.000  3.250 0.000
165.208333 166.208333   57.71 0.000   0.84 0.000 9.999 0.259000  0.55 0.000000  0.100 0.000   1.323 0.000   1.853 0.000  16.608 0.000   4.674 0.000  11.934 0.000 0.115 0.000  1.816 0.000
168.208333 169.208333   35.64 0.000   1.45 0.000 9.999 0.259000  0.16 0.000000  0.060 0.000   2.414 0.000   3.380 0.000  18.592 0.000   5.342 0.000  13.250 0.000 0.081 0.000  1.277 0.000
171.208333 172.208333   43.00 0.000   1.45 0.000 9.999 0.259000 99.99 0.259000  0.085 0.000   4.325 0.000   6.054 0.000  32.554 0.000   4.603 0.000  27.951 0.000 0.057 0.000  3.973 0.000
174.208333 175.208333   21.38 0.000  18.40 0.000 9.999 0.259000 99.99 0.259000  0.080 0.000   1.475 0.000   2.065 0.000  18.923 0.000   4.600 0.000  14.323 0.000 0.037 0.000  2.656 0.000
177.208333 178.208333 9999.99 0.999 999.99 0.999 9.999 0.999000 99.99 0.999000 99.999 0.999 999.999 0.999 999.999 0.999 999.999 0.999 999.999 0.999 999.999 0.999 9.999 0.999 99.999 0.999
180.208333 181.208333   48.41 0.000  19.29 0.000 9.999 0.259000  0.17 0.000000  0.050 0.000   2.113 0.000   2.959 0.000  13.852 0.000   4.419 0.000   9.433 0.000 0.044 0.000  0.854 0.000
183.208333 184.208333   32.84 0.000   1.56 0.000 9.999 0.259000  0.24 0.000000  0.056 0.000   2.819 0.000   3.947 0.000  19.298 0.000   4.883 0.000  14.415 0.000 0.063 0.000  1.759 0.000
186.208333 187.208333   30.22 0.000   3.11 0.000 9.999 0.259000 99.99 0.259000  0.066 0.000   1.946 0.000   2.725 0.000  14.591 0.000   4.014 0.000  10.576 0.000 0.105 0.000  1.342 0.000
189.208333 190.208333   36.53 0.000   2.20 0.000 9.999 0.259000 99.99 0.259000  0.078 0.000   2.894 0.000   4.052 0.000  30.350 0.000   6.745 0.000  23.605 0.000 0.066 0.000  3.752 0.000
192.208333 193.208333   25.72 0.000   0.75 0.000 9.999 0.259000  0.17 0.000000  0.047 0.000   1.861 0.000   2.605 0.000  15.810 0.000   3.093 0.000  12.717 0.000 0.030 0.000  1.633 0.000
195.208333 196.208333   25.65 0.000  12.48 0.000 9.999 0.259000  0.34 0.000000  0.036 0.000   1.895 0.000   2.653 0.000  16.475 0.000   3.523 0.000  12.951 0.000 0.048 0.000  1.854 0.000
198.208333 199.208333   48.58 0.000   1.70 0.000 9.999 0.259000  0.23 0.000000  0.118 0.000   3.875 0.000   5.424 0.000  30.129 0.000   4.773 0.000  25.356 0.000 0.054 0.000  3.592 0.000
201.208333 202.208333   34.69 0.000   1.14 0.000 0.115 0.000000  0.57 0.000000  0.083 0.000   2.051 0.000   2.871 0.000  13.778 0.000   3.231 0.000  10.547 0.000 0.063 0.000  1.259 0.000
204.208333 205.208333   25.90 0.000   0.55 0.000 9.999 0.259000 99.99 0.259000  0.050 0.000   1.183 0.000   1.656 0.000  10.619 0.000   2.515 0.000   8.104 0.000 0.031 0.000  0.941 0.000
207.208333 208.208333   22.25 0.000   1.76 0.000 9.999 0.259000  0.61 0.000000  0.105 0.000   1.413 0.000   1.978 0.000  15.028 0.000   4.856 0.000  10.172 0.000 0.039 0.000  1.353 0.000
210.208333 211.208333    5.56 0.000   0.44 0.000 9.999 0.259000 99.99 0.259000  0.035 0.000   0.569 0.000   0.796 0.000   6.615 0.000   3.373 0.000   3.243 0.000 0.024 0.000  0.338 0.000
213.208333 214.208333   31.28 0.000   1.65 0.000 9.999 0.259000  0.57 0.000000  0.192 0.000   2.015 0.000   2.821 0.000  26.712 0.000   3.686 0.000  23.026 0.000 0.061 0.000  3.965 0.000
216.208333 217.208333   29.78 0.000   4.27 0.000 9.999 0.259000  0.18 0.000000  0.179 0.000   1.953 0.000   2.734 0.000  27.227 0.000   3.896 0.000  23.331 0.000 0.037 0.000  3.988 0.000
219.208333 220.208333   44.33 0.000   1.93 0.000 9.999 0.259000 99.99 0.259000  0.026 0.000   2.299 0.000   3.219 0.000  56.143 0.000  14.477 0.000  41.667 0.000 0.044 0.000  9.174 0.000
222.208333 223.208333 9999.99 0.999 999.99 0.999 9.999 0.999000 99.99 0.999000 99.999 0.999 999.999 0.999 999.999 0.999 999.999 0.999 999.999 0.999 999.999 0.999 9.999 0.999 99.999 0.999
225.208333 226.208333 9999.99 0.999 999.99 0.999 9.999 0.999000 99.99 0.999000 99.999 0.999 999.999 0.999 999.999 0.999 999.999 0.999 999.999 0.999 999.999 0.999 9.999 0.999 99.999 0.999
228.208333 229.208333 9999.99 0.999 999.99 0.999 9.999 0.999000 99.99 0.999000 99.999 0.999 999.999 0.999 999.999 0.999 999.999 0.999 999.999 0.999 999.999 0.999 9.999 0.999 99.999 0.999
231.208333 232.208333   43.09 0.000   3.00 0.000 9.999 0.259000 99.99 0.259000  0.095 0.000   3.422 0.000   4.792 0.000  27.670 0.000   3.460 0.000  24.210 0.000 0.075 0.000  3.325 0.000
234.208333 235.208333 9999.99 0.999 999.99 0.999 9.999 0.999000 99.99 0.999000 99.999 0.999 999.999 0.999 999.999 0.999 999.999 0.999 999.999 0.999 999.999 0.999 9.999 0.999 99.999 0.999
237.208333 238.208333   45.49 0.000   6.13 0.000 9.999 0.259000  0.74 0.000000  0.060 0.000   2.919 0.000   4.087 0.000  33.918 0.000   9.565 0.000  24.353 0.000 0.068 0.000  4.247 0.000
240.208333 241.208333   36.15 0.000   1.94 0.000 9.999 0.259000 99.99 0.259000  0.050 0.000   1.714 0.000   2.400 0.000  24.978 0.000   2.756 0.000  22.222 0.000 0.063 0.000  3.653 0.000
243.208333 244.208333   19.32 0.000   4.76 0.000 9.999 0.259000  0.15 0.000000  0.035 0.000   1.012 0.000   1.417 0.000  12.798 0.000   5.389 0.000   7.409 0.000 0.038 0.000  1.167 0.000
246.208333 247.208333   22.56 0.000   1.46 0.000 9.999 0.259000 99.99 0.259000  0.072 0.000   1.527 0.000   2.138 0.000  16.288 0.000   4.455 0.000  11.833 0.000 0.073 0.000  1.790 0.000
249.208333 250.208333   45.64 0.456   2.45 0.456 9.999 0.456259  0.55 0.456000  0.088 0.000   3.251 0.000   4.552 0.000  34.466 0.000 999.999 0.999 999.999 0.456 0.110 0.456  4.294 0.000
252.208333 253.208333   17.50 0.000   0.51 0.000 9.999 0.259000 99.99 0.259000  0.032 0.000   0.913 0.000   1.278 0.000  10.871 0.000   4.130 0.000   6.741 0.000 0.032 0.000  0.961 0.000
