scripts/IMPROVE-2019_partial/data/US0061R.20030103050000.20191216000000.filterpack..pm25.1y.1w.US03L_filterpack_US0061.US03L_IMPROVE_Davis.lev2.nas
66 1001
MISSING INFORMATION
US03L, IMPROVE, , , , , , , 
MISSING INFORMATION
IMPROVE sel_HTAP
1 1
2003 01 01 2019 12 16
3.000000
days from file reference point
27
1 1 1 1 1 1 1 1 1 1 1 1 1 1 1 1 1 1 1 1 1 1 1 1 1 1 1
999.999999 9999.99 9.999 99.99 9.999999 9.999 9.999999 99.99 9.999 99.999 9.999 99.999 9.999 999.999 9.999 999.99 9.999999 999.999 9.999 999.999 9.999 999.999 9.999 9.999 9.999 99.999 9.999
end_time of measurement, days from the file reference point
iron, ng/m3, Revision date=20181210133000
numflag iron, no unit, Revision date=20181210133000
lead, ng/m3, Revision date=20181210133000
numflag lead, no unit, Revision date=20181210133000
magnesium, ug/m3, Revision date=20181210133000
numflag magnesium, no unit, Revision date=20181210133000
nickel, ng/m3, Revision date=20181210133000
numflag nickel, no unit, Revision date=20181210133000
nitrate, ug N/m3, Revision date=20181210133000
numflag nitrate, no unit, Revision date=20181210133000
organic_carbon, ug C/m3, Revision date=20181210133000
numflag organic_carbon, no unit, Revision date=20181210133000
organic_mass, ug/m3, Revision date=20181210133000
numflag organic_mass, no unit, Revision date=20181210133000
phosphorus, ng/m3, Revision date=20181210133000
numflag phosphorus, no unit, Revision date=20181210133000
pm10_mass, ug/m3, Version=2, Version description=Data extracted from http://views.cira.colostate.edu/fed/DataWizard 2019-12-16, Sample duration=1d, Orig. time res.=3d, Matrix=pm10, Blank correction=Blank corrected, Volume std. temperature=ambient, Volume std. pressure=ambient
numflag pm10_mass, no unit, Version=2, Version description=Data extracted from http://views.cira.colostate.edu/fed/DataWizard 2019-12-16, Sample duration=1d, Orig. time res.=3d, Matrix=pm10, Blank correction=Blank corrected, Volume std. temperature=ambient, Volume std. pressure=ambient
pm10_pm25_mass, ug/m3, Revision date=20181210133000, Matrix=pm10_pm25
numflag pm10_pm25_mass, no unit, Revision date=20181210133000, Matrix=pm10_pm25
pm25_mass, ug/m3, Version=2, Version description=Data extracted from http://views.cira.colostate.edu/fed/DataWizard 2019-12-16, Sample duration=1d, Orig. time res.=3d, Blank correction=Blank corrected, Volume std. temperature=ambient, Volume std. pressure=ambient
numflag pm25_mass, no unit, Version=2, Version description=Data extracted from http://views.cira.colostate.edu/fed/DataWizard 2019-12-16, Sample duration=1d, Orig. time res.=3d, Blank correction=Blank corrected, Volume std. temperature=ambient, Volume std. pressure=ambient
potassium, ug/m3, Revision date=20181210133000
numflag potassium, no unit, Revision date=20181210133000
sulphate_total, ug S/m3, Revision date=20181210133000
numflag sulphate_total, no unit, Revision date=20181210133000
0
25
Data definition:              EBAS_1.1
Set type code:                TU
Timezone:                     UTC
File name:                    US0061R.20030103050000.20191216000000.filterpack..pm25.1y.1w.US03L_filterpack_US0061.US03L_IMPROVE_Davis.lev2.nas
File creation:                20191218115918
Startdate:                    20030103050000
Revision date:                20191216000000
Statistics:                   arithmetic mean
Data level:                   2
Period code:                  1y
Resolution code:              1w
Station code:                 US0061R
Platform code:                US0061S
Station name:                 Brigantine NWR
Station latitude:             39.465
Station longitude:            -74.4492
Station altitude:             5.0 m
Regime:                       IMG
Component:                    
Matrix:                       pm25
Laboratory code:              US03L
Instrument type:              filterpack
Instrument name:              filterpack_US0061
Method ref:                   US03L_IMPROVE_Davis
starttime endtime Fe flag_Fe Pb flag_Pb Mg++ flag_Mg++ Ni flag_Ni NO3- flag_NO3- OC flag_OC OM flag_OM P flag_P PM10 flag_PM10 PM10-PM2.5 flag_PM10-PM2.5 PM2.5 flag_PM2.5 K+ flag_K+ SO4-- flag_SO4--
  2.208333   3.208333    1.79 0.000  0.29 0.000000 9.999 0.259000  0.25 0.000  0.031 0.000  0.289 0.000   0.404 0.000  14.33 0.000000  10.185 0.000   6.989 0.000   3.196 0.000 0.023 0.000  0.270 0.000
  5.208333   6.208333   21.86 0.000  3.85 0.000000 9.999 0.259000  1.54 0.000  0.327 0.000  2.757 0.000   3.860 0.000 999.99 0.259000  15.879 0.000   1.724 0.000  14.155 0.000 0.045 0.000  2.007 0.000
  8.208333   9.208333   27.99 0.000  1.93 0.000000 0.014 0.000000  0.37 0.000  0.264 0.559  1.593 0.000   2.230 0.000 999.99 0.259000  11.995 0.000   6.213 0.000   5.782 0.000 0.039 0.000  0.500 0.559
 11.208333  12.208333   33.95 0.000  2.25 0.000000 9.999 0.259000  0.56 0.000  0.702 0.000  1.354 0.000   1.896 0.000 999.99 0.259000  13.633 0.000   4.559 0.000   9.075 0.000 0.038 0.000  0.709 0.000
 14.208333  15.208333   42.23 0.000  3.18 0.000000 0.019 0.000000  1.30 0.000  1.639 0.000  1.670 0.000   2.337 0.000 999.99 0.259000  28.121 0.000  10.251 0.000  17.870 0.000 0.043 0.000  1.089 0.000
 17.208333  18.208333   16.50 0.000  2.87 0.000000 9.999 0.259000  0.94 0.000  0.594 0.559  1.645 0.000   2.304 0.000 999.99 0.259000  12.903 0.000   4.616 0.000   8.287 0.000 0.037 0.000  0.555 0.559
 20.208333  21.208333   42.71 0.000  4.88 0.000000 9.999 0.259000  1.02 0.000  0.591 0.559  1.440 0.000   2.016 0.000 999.99 0.259000  17.142 0.000   7.948 0.000   9.195 0.000 0.039 0.000  0.774 0.559
 23.208333  24.208333   23.78 0.000  2.97 0.000000 0.025 0.000000  1.17 0.000  0.286 0.559  0.939 0.000   1.315 0.000 999.99 0.259000  27.011 0.000  21.759 0.000   5.252 0.000 0.034 0.000  0.317 0.559
 26.208333  27.208333   19.01 0.000  2.47 0.000000 9.999 0.259000  0.56 0.000  0.271 0.559  1.063 0.000   1.488 0.000 999.99 0.259000  16.275 0.000  10.444 0.000   5.831 0.000 0.035 0.000  0.546 0.559
 29.208333  30.208333   44.19 0.000  5.83 0.000000 9.999 0.259000  3.56 0.000  0.949 0.000  3.531 0.000   4.943 0.000 999.99 0.259000  29.226 0.000   8.979 0.000  20.247 0.000 0.070 0.000  1.848 0.000
 32.208333  33.208333   13.99 0.000  2.55 0.000000 9.999 0.259000  1.41 0.000  0.438 0.000  1.214 0.000   1.699 0.000 999.99 0.259000  12.416 0.000   1.970 0.000  10.446 0.000 0.026 0.000  1.648 0.000
 35.208333  36.208333   24.98 0.000  1.69 0.000000 9.999 0.259000  0.65 0.000  0.412 0.000  0.755 0.000   1.057 0.000 999.99 0.259000   9.884 0.000   3.409 0.000   6.476 0.000 0.022 0.000  0.824 0.000
 38.208333  39.208333   35.11 0.000  3.57 0.000000 9.999 0.259000  0.98 0.000  0.736 0.000  1.867 0.000   2.614 0.000 999.99 0.259000  14.592 0.000   2.700 0.000  11.892 0.000 0.052 0.000  1.161 0.000
 41.208333  42.208333   23.15 0.559  1.78 0.559000 9.999 0.559259  1.23 0.559  0.544 0.559  1.091 0.000   1.527 0.000 999.99 0.559259  12.064 0.000   3.037 0.000   9.027 0.559 0.034 0.559  1.075 0.559
 44.208333  45.208333   45.91 0.559  4.47 0.559000 9.999 0.559259  0.99 0.559  1.065 0.559  2.312 0.000   3.236 0.000 999.99 0.559259  18.330 0.000   5.031 0.000  13.299 0.559 0.055 0.559  0.915 0.559
 47.208333  48.208333    9.30 0.559  0.35 0.559000 9.999 0.559259  0.68 0.559  0.060 0.559  0.411 0.000   0.576 0.000 999.99 0.559259   4.484 0.000   0.344 0.000   4.141 0.559 0.033 0.559  0.313 0.559
 50.208333  51.208333   56.29 0.559  4.79 0.559000 9.999 0.559259  3.24 0.559  0.812 0.000  2.942 0.000   4.120 0.000 999.99 0.559259  22.333 0.000   0.847 0.000  21.485 0.559 0.062 0.559  3.390 0.000
 53.208333  54.208333    9.17 0.559  1.47 0.559000 0.051 0.559000  0.85 0.559  0.079 0.559  0.580 0.000   0.812 0.000 999.99 0.559259   5.414 0.000   1.182 0.000   4.233 0.559 0.019 0.559  0.694 0.559
 56.208333  57.208333   16.78 0.559  2.51 0.559000 9.999 0.559259  1.03 0.559  0.113 0.000  0.771 0.000   1.079 0.000 999.99 0.559259  11.324 0.000   5.663 0.000   5.661 0.559 0.041 0.559  0.802 0.000
 59.208333  60.208333   24.93 0.559  2.79 0.559000 0.041 0.559000  2.65 0.559  0.338 0.559  1.409 0.000   1.972 0.000 999.99 0.559259  15.890 0.000   4.700 0.000  11.190 0.559 0.052 0.559  1.814 0.559
 62.208333  63.208333   23.64 0.559  2.44 0.559000 9.999 0.559259  1.02 0.559  0.298 0.559  1.305 0.000   1.826 0.000 999.99 0.559259  11.023 0.000   5.000 0.000   6.023 0.559 0.035 0.559  0.621 0.559
 65.208333  66.208333   18.70 0.000  1.71 0.000000 0.018 0.000000  2.29 0.000  0.189 0.000  1.152 0.000   1.613 0.000 999.99 0.259000  12.771 0.000   6.182 0.000   6.589 0.000 0.046 0.000  0.798 0.000
 68.208333  69.208333   35.03 0.559  3.14 0.559000 9.999 0.559259  0.75 0.559  0.491 0.559  1.130 0.000   1.582 0.000 999.99 0.559259  12.053 0.000   3.185 0.000   8.868 0.559 0.047 0.559  0.982 0.559
 71.208333  72.208333   69.16 0.559  4.88 0.559000 0.026 0.559000  3.58 0.559  1.127 0.559  3.209 0.000   4.492 0.000 999.99 0.559259 999.999 0.456 999.999 0.999  22.874 0.559 0.075 0.559  2.793 0.559
 74.208333  75.208333   25.96 0.000  0.89 0.000000 0.029 0.000000  0.97 0.000  0.319 0.559  0.756 0.000   1.059 0.000 999.99 0.259000 999.999 0.456 999.999 0.999   4.186 0.000 0.028 0.000  0.495 0.559
 77.208333  78.208333   14.46 0.559  1.59 0.559000 0.046 0.559000  0.63 0.559  0.125 0.000  0.727 0.000   1.018 0.000 999.99 0.559259  19.603 0.000   8.859 0.000  10.744 0.559 0.065 0.559  1.818 0.000
 80.208333  81.208333   47.75 0.559  4.20 0.559000 9.999 0.559259  0.94 0.559  0.400 0.559  1.454 0.000   2.036 0.000 999.99 0.559259  14.399 0.000   1.296 0.000  13.103 0.559 0.055 0.559  2.296 0.559
 83.208333  84.208333   21.54 0.559  2.63 0.559000 0.072 0.559000  1.40 0.559  0.194 0.559  1.103 0.000   1.543 0.000 999.99 0.559259  12.562 0.000   1.779 0.000  10.784 0.559 0.025 0.559  1.793 0.559
 86.208333  87.208333   15.13 0.000  0.90 0.000000 9.999 0.259000  1.09 0.000  0.176 0.559  0.659 0.000   0.922 0.000 999.99 0.259000  12.271 0.000   5.554 0.000   6.717 0.000 0.043 0.000  0.863 0.559
 89.208333  90.208333   40.38 0.559  1.78 0.559000 9.999 0.559259  0.46 0.559  0.134 0.559  0.665 0.000   0.931 0.000 999.99 0.559259   6.748 0.000   2.152 0.000   4.597 0.559 0.026 0.559  0.702 0.559
 92.208333  93.208333   15.84 0.559  1.32 0.559000 9.999 0.559259  1.63 0.559  0.163 0.559  0.795 0.000   1.113 0.000 999.99 0.559259  20.005 0.000   2.776 0.000  17.229 0.559 0.035 0.559  3.320 0.559
 95.208333  96.208333   14.59 0.559  1.82 0.559000 0.020 0.559000  0.46 0.559  0.133 0.000  0.667 0.000   0.933 0.000 999.99 0.559259   8.671 0.000   2.152 0.000   6.519 0.559 0.024 0.559  1.154 0.000
 98.208333  99.208333    4.35 0.559  0.54 0.559000 9.999 0.559259  0.55 0.559  0.067 0.000  0.408 0.000   0.572 0.000 999.99 0.559259   6.709 0.000   3.552 0.000   3.157 0.559 0.015 0.559  0.674 0.000
101.208333 102.208333   17.58 0.559  1.62 0.559000 9.999 0.559259  0.68 0.559  0.047 0.559  0.783 0.000   1.096 0.000 999.99 0.559259   4.838 0.000   1.895 0.000   2.943 0.559 0.022 0.559  0.364 0.559
104.208333 105.208333   25.73 0.559  2.34 0.559000 0.025 0.559000  2.03 0.559  0.271 0.559  1.286 0.000   1.800 0.000 999.99 0.559259  20.028 0.000   9.618 0.000  10.410 0.559 0.047 0.559  1.300 0.559
107.208333 108.208333   10.27 0.000  0.90 0.000000 0.031 0.000000  0.43 0.000  0.090 0.000  0.432 0.000   0.605 0.000 999.99 0.259000  31.431 0.000  23.085 0.000   8.346 0.000 0.066 0.000  0.637 0.000
110.208333 111.208333    8.94 0.000  0.43 0.000000 0.017 0.000000  0.81 0.000  0.089 0.000  0.608 0.000   0.851 0.000 999.99 0.259000  10.651 0.000   5.663 0.000   4.987 0.000 0.031 0.000  0.630 0.000
113.208333 114.208333   59.23 0.559  2.60 0.559000 9.999 0.559259  0.89 0.559  0.157 0.559  1.074 0.000   1.503 0.000 999.99 0.559259  18.297 0.000  11.048 0.000   7.249 0.559 0.041 0.559  1.044 0.559
116.208333 117.208333   14.03 0.559  2.20 0.559000 9.999 0.559259  1.43 0.559  0.196 0.559  1.244 0.000   1.741 0.000 999.99 0.559259  15.674 0.000  10.689 0.000   4.984 0.559 0.021 0.559  0.537 0.559
119.208333 120.208333   60.11 0.559  2.46 0.559000 9.999 0.559259  0.71 0.559  0.247 0.559  1.753 0.000   2.454 0.000 999.99 0.559259  26.139 0.000  17.234 0.000   8.905 0.559 0.048 0.559  1.063 0.559
122.208333 123.208333   30.31 0.559  1.79 0.559000 9.999 0.559259  0.79 0.559  0.070 0.559  0.951 0.000   1.331 0.000 999.99 0.559259  17.985 0.000  12.974 0.000   5.012 0.559 0.027 0.559  0.635 0.559
125.208333 126.208333   21.10 0.559  0.97 0.559000 9.999 0.559259  1.54 0.559  0.116 0.559  1.090 0.000   1.526 0.000 999.99 0.559259  33.775 0.000  28.023 0.000   5.752 0.559 0.026 0.559  0.707 0.559
128.208333 129.208333   16.89 0.559  1.54 0.559000 9.999 0.559259  1.23 0.559  0.178 0.559  1.022 0.000   1.431 0.000 999.99 0.559259  19.847 0.000   8.295 0.000  11.552 0.559 0.013 0.559  2.103 0.559
131.208333 132.208333   26.42 0.559  0.86 0.559000 9.999 0.559259  0.45 0.559  0.036 0.559  1.457 0.000   2.040 0.000 999.99 0.559259  43.188 0.000  34.763 0.000   8.425 0.559 0.026 0.559  1.239 0.559
134.208333 135.208333   30.59 0.559  2.54 0.559000 0.031 0.559000  1.61 0.559  0.144 0.559  1.348 0.000   1.887 0.000 999.99 0.559259 999.999 0.456 999.999 0.999   8.929 0.559 0.026 0.559  1.252 0.559
137.208333 138.208333   18.72 0.559  1.48 0.559000 0.026 0.559000  0.82 0.559  0.198 0.559  1.019 0.000   1.426 0.000 999.99 0.559259 999.999 0.456 999.999 0.999   7.936 0.559 0.041 0.559  0.946 0.559
140.208333 141.208333   36.51 0.559  2.47 0.559000 9.999 0.559259  3.16 0.559  0.154 0.000  2.239 0.000   3.134 0.000 999.99 0.559259  30.367 0.000  19.951 0.000  10.417 0.559 0.041 0.559  1.035 0.000
143.208333 144.208333   15.03 0.559  0.56 0.559000 9.999 0.559259  1.07 0.559  0.137 0.559  0.719 0.000   1.007 0.000 999.99 0.559259  13.499 0.000   6.289 0.000   7.210 0.559 0.029 0.559  1.100 0.559
146.208333 147.208333    9.00 0.559  0.46 0.559000 0.028 0.559000  1.60 0.559  0.099 0.000  1.296 0.000   1.814 0.000 999.99 0.559259  13.562 0.000   8.525 0.000   5.037 0.559 0.009 0.559  0.595 0.000
149.208333 150.208333   61.65 0.559  4.12 0.559000 9.999 0.559259  1.41 0.559  0.326 0.559  4.652 0.000   6.513 0.000 999.99 0.559259  36.790 0.000  13.709 0.000  23.081 0.559 0.044 0.559  3.068 0.559
152.208333 153.208333   30.86 0.559  1.87 0.559000 9.999 0.559259  0.46 0.559  0.040 0.559  1.776 0.000   2.486 0.000 999.99 0.559259  18.024 0.000  11.877 0.000   6.147 0.559 0.025 0.559  0.418 0.559
155.208333 156.208333   18.66 0.559  1.30 0.559000 9.999 0.559259  0.93 0.559  0.095 0.559  1.409 0.000   1.972 0.000 999.99 0.559259  24.267 0.000  12.314 0.000  11.953 0.559 0.021 0.559  2.072 0.559
158.208333 159.208333   13.05 0.559  2.09 0.559000 0.061 0.559000  1.08 0.559  0.070 0.559  1.005 0.000   1.407 0.000 999.99 0.559259  19.146 0.000   3.379 0.000  15.768 0.559 0.020 0.559  3.131 0.559
161.208333 162.208333   29.81 0.559  1.20 0.559000 9.999 0.559259  2.40 0.559  0.137 0.559  1.738 0.000   2.433 0.000 999.99 0.559259  28.792 0.000   6.751 0.000  22.041 0.559 0.045 0.559  3.622 0.559
164.208333 165.208333   28.93 0.559  1.21 0.559000 9.999 0.559259  2.16 0.559  0.144 0.559  1.956 0.000   2.739 0.000 999.99 0.559259  24.752 0.000   7.724 0.000  17.027 0.559 0.057 0.559  2.728 0.559
167.208333 168.208333    1.66 0.559 99.99 0.559259 9.999 0.559259  0.86 0.559  0.072 0.559  0.201 0.000   0.282 0.000 999.99 0.559259  18.191 0.000  14.329 0.000   3.861 0.559 0.017 0.559  0.530 0.559
170.208333 171.208333   31.33 0.559  1.65 0.559000 0.182 0.559000  2.75 0.559  0.107 0.559  1.663 0.000   2.328 0.000 999.99 0.559259  25.320 0.000   1.525 0.000  23.795 0.559 0.023 0.559  4.415 0.559
173.208333 174.208333   56.03 0.559  4.75 0.559000 9.999 0.559259  1.04 0.559  0.075 0.559  6.026 0.000   8.437 0.000 999.99 0.559259  28.051 0.000  10.420 0.000  17.631 0.559 0.083 0.559  1.233 0.559
176.208333 177.208333 9999.99 0.699 99.99 0.699000 9.999 0.699000 99.99 0.699  0.126 0.559  7.926 0.000  11.096 0.000 999.99 0.699000  60.059 0.000 999.999 0.999 999.999 0.699 9.999 0.699  9.372 0.559
179.208333 180.208333   34.88 0.559  1.99 0.559000 9.999 0.559259  2.77 0.559  0.081 0.559  3.634 0.000   5.088 0.000 999.99 0.559259  26.334 0.000   4.591 0.000  21.744 0.559 0.069 0.559  2.970 0.559
182.208333 183.208333 9999.99 0.456 99.99 0.456000 9.999 0.456000 99.99 0.456  0.088 0.559  2.276 0.000   3.186 0.000 999.99 0.456000  20.716 0.000 999.999 0.999 999.999 0.456 9.999 0.456  2.042 0.559
185.208333 186.208333  115.14 0.559  6.13 0.559000 0.303 0.559000  0.68 0.559  0.098 0.559  3.290 0.000   4.607 0.000 999.99 0.559259  43.079 0.000   3.020 0.000  40.059 0.559 0.510 0.559  7.471 0.559
188.208333 189.208333  147.88 0.559  2.01 0.559000 9.999 0.559259  2.77 0.559  0.081 0.559  2.268 0.000   3.175 0.000 999.99 0.559259  31.303 0.000   9.680 0.000  21.623 0.559 0.075 0.559  3.309 0.559
191.208333 192.208333   24.48 0.559  0.58 0.559000 9.999 0.559259  0.47 0.559  0.104 0.559  2.247 0.000   3.146 0.000 999.99 0.559259  25.071 0.000   7.974 0.000  17.097 0.559 0.027 0.559  2.540 0.559
194.208333 195.208333   17.95 0.559  0.92 0.559000 9.999 0.559259  0.45 0.559  0.056 0.559  1.258 0.000   1.761 0.000 999.99 0.559259  11.770 0.000   1.902 0.000   9.868 0.559 0.030 0.559  1.311 0.559
197.208333 198.208333   64.65 0.559  2.24 0.559000 9.999 0.559259  1.10 0.559  0.052 0.000  1.723 0.000   2.412 0.000 999.99 0.559259 999.999 0.456 999.999 0.999  15.625 0.559 0.026 0.559  2.299 0.000
200.208333 201.208333   40.73 0.559  4.33 0.559000 0.086 0.559000  1.84 0.559  0.121 0.000  2.372 0.000   3.321 0.000 999.99 0.559259 999.999 0.456 999.999 0.999  22.108 0.559 0.042 0.559  3.465 0.000
203.208333 204.208333   67.10 0.394  1.01 0.394000 9.999 0.394259  1.10 0.394  0.203 0.394  1.966 0.000   2.753 0.000 999.99 0.394259  22.948 0.000  10.234 0.000  12.714 0.000 0.075 0.394  1.455 0.394
206.208333 207.208333   35.26 0.000  1.73 0.000000 9.999 0.259000  1.31 0.000  0.127 0.000  2.338 0.000   3.273 0.000 999.99 0.259000  26.607 0.000   6.347 0.000  20.260 0.000 0.042 0.000  3.223 0.000
209.208333 210.208333   20.69 0.000  0.78 0.000000 0.045 0.000000  1.29 0.000  0.074 0.000  1.996 0.000   2.795 0.000 999.99 0.259000  27.289 0.000  19.589 0.000   7.700 0.000 0.029 0.000  0.607 0.000
212.208333 213.208333   48.94 0.000  0.41 0.000000 9.999 0.259000  1.13 0.000  0.155 0.000  0.517 0.000   0.724 0.000 999.99 0.259000  13.564 0.000   4.094 0.000   9.470 0.000 0.040 0.000  1.519 0.000
215.208333 216.208333   55.33 0.000  0.11 0.000000 9.999 0.259000  0.44 0.000  0.111 0.000  0.355 0.000   0.497 0.000 999.99 0.259000  13.564 0.000   6.715 0.000   6.849 0.000 0.053 0.000  0.566 0.000
218.208333 219.208333   31.77 0.000  0.47 0.000000 0.074 0.000000  1.59 0.000  0.134 0.000  0.514 0.000   0.719 0.000 999.99 0.259000  12.435 0.000   1.242 0.000  11.194 0.000 0.039 0.000  2.088 0.000
221.208333 222.208333   28.28 0.000  0.13 0.000000 9.999 0.259000  0.75 0.000  0.285 0.000  0.288 0.000   0.403 0.000 999.99 0.259000  13.081 0.000   6.863 0.000   6.218 0.000 0.043 0.000  0.540 0.000
224.208333 225.208333   29.76 0.000  1.34 0.000000 9.999 0.259000  2.05 0.000  0.079 0.000  1.262 0.000   1.766 0.000 999.99 0.259000  14.293 0.000   2.500 0.000  11.793 0.000 0.018 0.000  1.958 0.000
227.208333 228.208333   74.73 0.000  4.28 0.000000 0.100 0.000000  1.68 0.000  0.176 0.000  4.274 0.000   5.984 0.000 999.99 0.259000  39.880 0.000   4.329 0.000  35.550 0.000 0.046 0.000  6.162 0.000
230.208333 231.208333   13.82 0.000  0.74 0.000000 0.063 0.000000  0.72 0.000  0.035 0.000  2.694 0.000   3.771 0.000 999.99 0.259000  13.032 0.000   3.716 0.000   9.316 0.000 0.044 0.000  0.787 0.000
233.208333 234.208333   45.47 0.000  1.70 0.000000 9.999 0.259000  1.75 0.000  0.151 0.000  3.650 0.000   5.110 0.000 999.99 0.259000  31.046 0.000   6.052 0.000  24.994 0.000 0.045 0.000  3.861 0.000
236.208333 237.208333   61.73 0.000  2.96 0.000000 9.999 0.259000  0.67 0.000  0.069 0.000  3.025 0.000   4.235 0.000 999.99 0.259000  24.265 0.000   7.144 0.000  17.121 0.000 0.043 0.000  2.206 0.000
