scripts/IMPROVE-2019_partial/data/US0050R.20030103060000.20191216000000.filterpack..pm25.1y.1w.US03L_filterpack_US0050.US03L_IMPROVE_Davis.lev2.nas
66 1001
MISSING INFORMATION
US03L, IMPROVE, , , , , , , 
MISSING INFORMATION
IMPROVE sel_HTAP
1 1
2003 01 01 2019 12 16
3.00
days from file reference point
27
1 1 1 1 1 1 1 1 1 1 1 1 1 1 1 1 1 1 1 1 1 1 1 1 1 1 1
999.99 9999.99 9.999 99.99 9.999 9.999 9.999 9.99 9.999999 99.999 9.999 99.999 9.999 99.999 9.999 9999.99 9.999999 999.999 9.999 999.999 9.999 999.999 9.999 9.999 9.999 99.999 9.999
end_time of measurement, days from the file reference point
iron, ng/m3, Revision date=20181210133000
numflag iron, no unit, Revision date=20181210133000
lead, ng/m3, Revision date=20181210133000
numflag lead, no unit, Revision date=20181210133000
magnesium, ug/m3, Revision date=20181210133000
numflag magnesium, no unit, Revision date=20181210133000
nickel, ng/m3, Revision date=20181210133000
numflag nickel, no unit, Revision date=20181210133000
nitrate, ug N/m3, Revision date=20181210133000
numflag nitrate, no unit, Revision date=20181210133000
organic_carbon, ug C/m3, Revision date=20181210133000
numflag organic_carbon, no unit, Revision date=20181210133000
organic_mass, ug/m3, Revision date=20181210133000
numflag organic_mass, no unit, Revision date=20181210133000
phosphorus, ng/m3, Revision date=20181210133000
numflag phosphorus, no unit, Revision date=20181210133000
pm10_mass, ug/m3, Version=2, Version description=Data extracted from http://views.cira.colostate.edu/fed/DataWizard 2019-12-16, Sample duration=1d, Orig. time res.=3d, Matrix=pm10, Blank correction=Blank corrected, Volume std. temperature=ambient, Volume std. pressure=ambient
numflag pm10_mass, no unit, Version=2, Version description=Data extracted from http://views.cira.colostate.edu/fed/DataWizard 2019-12-16, Sample duration=1d, Orig. time res.=3d, Matrix=pm10, Blank correction=Blank corrected, Volume std. temperature=ambient, Volume std. pressure=ambient
pm10_pm25_mass, ug/m3, Revision date=20181210133000, Matrix=pm10_pm25
numflag pm10_pm25_mass, no unit, Revision date=20181210133000, Matrix=pm10_pm25
pm25_mass, ug/m3, Version=2, Version description=Data extracted from http://views.cira.colostate.edu/fed/DataWizard 2019-12-16, Sample duration=1d, Orig. time res.=3d, Blank correction=Blank corrected, Volume std. temperature=ambient, Volume std. pressure=ambient
numflag pm25_mass, no unit, Version=2, Version description=Data extracted from http://views.cira.colostate.edu/fed/DataWizard 2019-12-16, Sample duration=1d, Orig. time res.=3d, Blank correction=Blank corrected, Volume std. temperature=ambient, Volume std. pressure=ambient
potassium, ug/m3, Revision date=20181210133000
numflag potassium, no unit, Revision date=20181210133000
sulphate_total, ug S/m3, Revision date=20181210133000
numflag sulphate_total, no unit, Revision date=20181210133000
0
25
Data definition:              EBAS_1.1
Set type code:                TU
Timezone:                     UTC
File name:                    US0050R.20030103060000.20191216000000.filterpack..pm25.1y.1w.US03L_filterpack_US0050.US03L_IMPROVE_Davis.lev2.nas
File creation:                20191218115826
Startdate:                    20030103060000
Revision date:                20191216000000
Statistics:                   arithmetic mean
Data level:                   2
Period code:                  1y
Resolution code:              1w
Station code:                 US0050R
Platform code:                US0050S
Station name:                 Blue Mounds
Station latitude:             43.7158
Station longitude:            -96.1913
Station altitude:             473.0 m
Regime:                       IMG
Component:                    
Matrix:                       pm25
Laboratory code:              US03L
Instrument type:              filterpack
Instrument name:              filterpack_US0050
Method ref:                   US03L_IMPROVE_Davis
starttime endtime Fe flag_Fe Pb flag_Pb Mg++ flag_Mg++ Ni flag_Ni NO3- flag_NO3- OC flag_OC OM flag_OM P flag_P PM10 flag_PM10 PM10-PM2.5 flag_PM10-PM2.5 PM2.5 flag_PM2.5 K+ flag_K+ SO4-- flag_SO4--
  2.25   3.25   16.36 0.000  2.23 0.000 9.999 0.259 9.99 0.259000  1.236 0.000  1.202 0.000  1.682 0.000 9999.99 0.259000  15.244 0.000   1.849 0.000  13.395 0.000 0.049 0.000  0.672 0.000
  5.25   6.25    6.95 0.000  0.47 0.000 0.035 0.000 9.99 0.259000  0.377 0.000  0.280 0.000  0.392 0.000 9999.99 0.259000   6.061 0.000   1.614 0.000   4.447 0.000 0.009 0.000  0.370 0.000
  8.25   9.25   10.03 0.000  0.24 0.000 0.023 0.000 9.99 0.259000  0.063 0.000  0.249 0.000  0.348 0.000 9999.99 0.259000   8.712 0.000   6.521 0.000   2.191 0.000 0.025 0.000  0.295 0.000
 11.25  12.25   32.71 0.000  1.15 0.000 9.999 0.259 9.99 0.259000  0.538 0.000  0.470 0.000  0.658 0.000 9999.99 0.259000  17.661 0.000  12.240 0.000   5.421 0.000 0.030 0.000  0.235 0.000
 14.25  15.25   35.36 0.000  0.81 0.000 0.025 0.000 9.99 0.259000  0.218 0.000  0.491 0.000  0.688 0.000 9999.99 0.259000  13.760 0.000  10.166 0.000   3.594 0.000 0.043 0.000  0.200 0.000
 17.25  18.25   34.09 0.000  0.69 0.000 9.999 0.259 9.99 0.259000  0.182 0.000  0.817 0.000  1.143 0.000 9999.99 0.259000  13.417 0.000   8.695 0.000   4.722 0.000 0.043 0.000  0.371 0.000
 20.25  21.25   15.46 0.000  2.15 0.000 9.999 0.259 0.26 0.000000  0.276 0.000  0.511 0.000  0.715 0.000 9999.99 0.259000   7.185 0.000   2.830 0.000   4.355 0.000 0.032 0.000  0.281 0.000
 23.25  24.25   30.51 0.000  2.07 0.000 9.999 0.259 9.99 0.259000  1.283 0.000  1.006 0.000  1.409 0.000 9999.99 0.259000  28.078 0.000  15.264 0.000  12.813 0.000 0.036 0.000  0.757 0.000
 26.25  27.25   33.62 0.000  4.20 0.000 9.999 0.259 0.17 0.000000  1.130 0.000  1.207 0.000  1.690 0.000 9999.99 0.259000  28.587 0.000  17.476 0.000  11.111 0.000 0.038 0.000  0.486 0.000
 29.25  30.25   15.44 0.000  2.16 0.000 9.999 0.259 0.04 0.000000  1.839 0.000  0.882 0.000  1.234 0.000 9999.99 0.259000  21.553 0.000   3.138 0.000  18.415 0.000 0.025 0.000  1.520 0.000
 32.25  33.25    4.64 0.000  3.61 0.000 9.999 0.259 9.99 0.259000  1.047 0.000  0.835 0.000  1.168 0.000 9999.99 0.259000  10.755 0.000   0.088 0.000  10.667 0.000 0.022 0.000  0.810 0.000
 35.25  36.25    8.64 0.000  0.99 0.000 9.999 0.259 0.17 0.000000  0.450 0.000  0.426 0.000  0.597 0.000 9999.99 0.259000   8.977 0.000   3.876 0.000   5.101 0.000 0.016 0.000  0.396 0.000
 38.25  39.25   13.65 0.000  0.78 0.000 9.999 0.259 9.99 0.259000  0.209 0.000  0.328 0.000  0.459 0.000 9999.99 0.259000   6.987 0.000   3.668 0.000   3.319 0.000 0.018 0.000  0.342 0.000
 41.25  42.25   30.67 0.000  0.45 0.000 9.999 0.259 0.09 0.000000  0.224 0.000  0.390 0.000  0.546 0.000 9999.99 0.259000  20.074 0.000  16.193 0.000   3.881 0.000 0.024 0.000  0.302 0.000
 44.25  45.25   16.25 0.000  1.68 0.000 9.999 0.259 9.99 0.259000  1.491 0.559  0.874 0.000  1.224 0.000 9999.99 0.259000  19.140 0.000   6.917 0.000  12.222 0.000 0.024 0.000  0.393 0.559
 47.25  48.25    9.74 0.000  1.85 0.000 9.999 0.259 9.99 0.259000  1.516 0.000  0.827 0.000  1.157 0.000 9999.99 0.259000  16.599 0.000   2.925 0.000  13.674 0.000 0.022 0.000  0.617 0.000
 50.25  51.25   15.02 0.000  0.78 0.000 9.999 0.259 9.99 0.259000  1.028 0.000  0.550 0.000  0.770 0.000 9999.99 0.259000  10.628 0.000   2.475 0.000   8.153 0.000 0.015 0.000  0.302 0.000
 53.25  54.25   11.80 0.000  1.70 0.000 9.999 0.259 9.99 0.259000  0.145 0.000  0.500 0.000  0.700 0.000 9999.99 0.259000   6.944 0.000   3.442 0.000   3.503 0.000 0.024 0.000  0.409 0.000
 56.25  57.25   29.50 0.000  2.02 0.000 9.999 0.259 9.99 0.259000  1.738 0.000  1.201 0.000  1.681 0.000 9999.99 0.259000  23.363 0.000   7.691 0.000  15.671 0.000 0.044 0.000  0.757 0.000
 59.25  60.25   49.25 0.000  2.40 0.000 9.999 0.259 0.08 0.000000  2.988 0.000  1.320 0.000  1.848 0.000 9999.99 0.259000  43.521 0.000  18.572 0.000  24.950 0.000 0.053 0.000  1.260 0.000
 62.25  63.25   34.41 0.000  1.51 0.000 9.999 0.259 0.13 0.000000  0.365 0.000  0.720 0.000  1.008 0.000 9999.99 0.259000  16.244 0.000  10.568 0.000   5.676 0.000 0.050 0.000  0.629 0.000
 65.25  66.25   34.67 0.000  2.49 0.000 9.999 0.259 0.12 0.000000  0.216 0.000  0.548 0.000  0.768 0.000 9999.99 0.259000  11.360 0.000   6.823 0.000   4.537 0.000 0.031 0.000  0.488 0.000
 68.25  69.25   23.44 0.000  2.33 0.000 0.023 0.000 0.13 0.000000  0.551 0.000  0.757 0.000  1.059 0.000 9999.99 0.259000  17.018 0.000   7.841 0.000   9.178 0.000 0.029 0.000  0.844 0.000
 71.25  72.25 9999.99 0.456 99.99 0.456 9.999 0.456 9.99 0.456000  2.523 0.000  0.712 0.000  0.997 0.000 9999.99 0.456000  29.810 0.000 999.999 0.999 999.999 0.456 9.999 0.456  1.085 0.000
 74.25  75.25   40.78 0.000  4.16 0.000 9.999 0.259 9.99 0.259000  1.740 0.000  1.120 0.000  1.568 0.000 9999.99 0.259000  20.833 0.000   4.947 0.000  15.887 0.000 0.050 0.000  1.010 0.000
 77.25  78.25   31.73 0.000  3.60 0.000 9.999 0.259 9.99 0.259000  1.586 0.559  1.398 0.000  1.957 0.000 9999.99 0.259000  28.830 0.000   5.838 0.000  22.992 0.000 0.058 0.000  2.737 0.559
 80.25  81.25   20.77 0.000  1.40 0.000 9.999 0.259 9.99 0.259000  0.327 0.000  0.659 0.000  0.922 0.000 9999.99 0.259000   7.112 0.000   3.562 0.000   3.550 0.000 0.020 0.000  0.276 0.000
 83.25  84.25   19.28 0.000  0.76 0.000 9.999 0.259 9.99 0.259000  0.193 0.000  0.343 0.000  0.481 0.000 9999.99 0.259000   7.652 0.000   4.864 0.000   2.788 0.000 0.013 0.000  0.252 0.000
 86.25  87.25   12.23 0.000  0.49 0.000 9.999 0.259 9.99 0.259000  0.242 0.000  0.500 0.000  0.699 0.000 9999.99 0.259000   7.786 0.000   3.064 0.000   4.722 0.000 0.029 0.000  0.593 0.000
 89.25  90.25   39.60 0.000  1.35 0.000 9.999 0.259 9.99 0.259000  0.291 0.000  0.808 0.000  1.131 0.000 9999.99 0.259000  13.047 0.000   9.575 0.000   3.472 0.000 0.035 0.000  0.181 0.000
 92.25  93.25   12.51 0.000  1.80 0.000 9.999 0.259 0.13 0.000000  0.872 0.559  0.693 0.000  0.970 0.000 9999.99 0.259000  15.593 0.000   4.488 0.000  11.105 0.000 0.019 0.000  1.158 0.559
 95.25  96.25   21.28 0.000  2.30 0.000 9.999 0.259 0.13 0.000000  0.777 0.000  0.547 0.000  0.766 0.000 9999.99 0.259000  13.037 0.000   3.788 0.000   9.249 0.000 0.032 0.000  0.746 0.000
 98.25  99.25   25.45 0.000  7.28 0.000 9.999 0.259 0.08 0.000000  2.228 0.000  0.875 0.000  1.224 0.000 9999.99 0.259000  19.097 0.000   2.046 0.000  17.051 0.000 0.038 0.000  0.547 0.000
101.25 102.25   69.33 0.000  1.93 0.000 9.999 0.259 9.99 0.259000  0.478 0.000  1.574 0.000  2.204 0.000 9999.99 0.259000   9.369 0.000   3.425 0.000   5.943 0.000 0.079 0.000  0.221 0.000
104.25 105.25  100.35 0.000  2.28 0.000 9.999 0.259 0.20 0.000000  0.458 0.559  2.158 0.000  3.021 0.000 9999.99 0.259000  28.943 0.000  19.003 0.000   9.941 0.000 0.091 0.000  0.898 0.559
107.25 108.25 9999.99 0.999 99.99 0.999 9.999 0.999 9.99 0.999000 99.999 0.999 99.999 0.999 99.999 0.999 9999.99 0.999000 999.999 0.999 999.999 0.999 999.999 0.999 9.999 0.999 99.999 0.999
110.25 111.25 9999.99 0.999 99.99 0.999 9.999 0.999 9.99 0.999000 99.999 0.999 99.999 0.999 99.999 0.999 9999.99 0.999000 999.999 0.999 999.999 0.999 999.999 0.999 9.999 0.999 99.999 0.999
113.25 114.25   89.51 0.000  3.37 0.000 9.999 0.259 0.11 0.000000  0.922 0.000  1.168 0.000  1.635 0.000 9999.99 0.259000  27.528 0.000  15.965 0.000  11.564 0.000 0.080 0.000  0.779 0.000
116.25 117.25   55.02 0.000  1.78 0.000 9.999 0.259 9.99 0.259000  0.490 0.000  1.011 0.000  1.416 0.000 9999.99 0.259000  16.441 0.000  11.154 0.000   5.287 0.000 0.059 0.000  0.569 0.000
119.25 120.25   53.10 0.000  1.31 0.000 9.999 0.259 0.11 0.000000  1.246 0.000  1.238 0.000  1.733 0.000 9999.99 0.259000  19.108 0.000   6.971 0.000  12.137 0.000 0.053 0.000  0.564 0.000
122.25 123.25   37.90 0.000  2.16 0.000 9.999 0.259 9.99 0.259000  1.072 0.000  1.016 0.000  1.423 0.000 9999.99 0.259000  18.156 0.000   8.938 0.000   9.218 0.000 0.044 0.000  0.881 0.000
125.25 126.25    6.26 0.000  2.62 0.000 9.999 0.259 9.99 0.259000  0.531 0.000  0.471 0.000  0.660 0.000 9999.99 0.259000   5.127 0.000   1.917 0.000   3.210 0.000 0.007 0.000  0.343 0.000
128.25 129.25    7.44 0.000  0.86 0.000 9.999 0.259 9.99 0.259000  0.247 0.000  0.272 0.000  0.381 0.000 9999.99 0.259000   3.263 0.000   1.332 0.000   1.931 0.000 0.006 0.000  0.206 0.000
131.25 132.25   24.76 0.000  0.75 0.000 9.999 0.259 9.99 0.259000  0.166 0.000  2.264 0.000  3.170 0.000 9999.99 0.259000  10.500 0.000   4.116 0.000   6.384 0.000 0.082 0.000  0.348 0.000
134.25 135.25   25.21 0.000  2.34 0.000 9.999 0.259 0.07 0.000000  0.810 0.000  0.998 0.000  1.398 0.000 9999.99 0.259000  11.264 0.000   3.447 0.000   7.816 0.000 0.025 0.000  0.948 0.000
137.25 138.25   56.70 0.000  3.43 0.000 9.999 0.259 9.99 0.259000  0.678 0.000  1.651 0.000  2.311 0.000 9999.99 0.259000  35.489 0.000  17.861 0.000  17.628 0.000 0.057 0.000  3.097 0.000
140.25 141.25   27.25 0.000  1.60 0.000 9.999 0.259 9.99 0.259000  0.478 0.000  0.886 0.000  1.240 0.000 9999.99 0.259000  16.961 0.000  13.117 0.000   3.844 0.000 0.033 0.000  0.274 0.000
143.25 144.25   21.66 0.000  2.79 0.000 9.999 0.259 0.07 0.000000  1.218 0.000  2.043 0.000  2.860 0.000 9999.99 0.259000  19.318 0.000   5.617 0.000  13.701 0.000 0.034 0.000  1.143 0.000
146.25 147.25   50.66 0.000  1.94 0.000 9.999 0.259 9.99 0.259000  0.296 0.000  2.412 0.000  3.377 0.000 9999.99 0.259000  22.559 0.000  13.415 0.000   9.145 0.000 0.059 0.000  0.757 0.000
149.25 150.25   80.76 0.000  0.88 0.000 9.999 0.259 0.06 0.000000  0.131 0.000  1.910 0.000  2.675 0.000 9999.99 0.259000  51.389 0.000  44.382 0.000   7.007 0.000 0.070 0.000  0.261 0.000
152.25 153.25   23.44 0.000  1.96 0.000 9.999 0.259 0.08 0.000000  0.234 0.000  4.140 0.000  5.796 0.000 9999.99 0.259000  16.357 0.000   3.153 0.000  13.204 0.000 0.065 0.000  0.735 0.000
155.25 156.25   20.93 0.000  2.32 0.000 9.999 0.259 9.99 0.259000  0.461 0.000  1.041 0.000  1.457 0.000 9999.99 0.259000   9.329 0.000   4.433 0.000   4.896 0.000 0.021 0.000  0.431 0.000
158.25 159.25   14.97 0.000  1.39 0.000 9.999 0.259 9.99 0.259000  0.194 0.000  0.939 0.000  1.314 0.000 9999.99 0.259000   8.032 0.000   2.785 0.000   5.248 0.000 0.020 0.000  0.632 0.000
161.25 162.25   19.07 0.000  1.65 0.000 9.999 0.259 9.99 0.259000  0.303 0.000  0.546 0.000  0.765 0.000 9999.99 0.259000   7.277 0.000   4.599 0.000   2.678 0.000 0.019 0.000  0.292 0.000
164.25 165.25   52.93 0.000  0.76 0.000 9.999 0.259 9.99 0.259000  0.085 0.000  1.608 0.000  2.252 0.000 9999.99 0.259000  16.509 0.000  11.300 0.000   5.208 0.000 0.046 0.000  0.261 0.000
167.25 168.25   48.73 0.000  1.77 0.000 9.999 0.259 9.99 0.259000  0.173 0.000  1.112 0.000  1.557 0.000 9999.99 0.259000  14.453 0.000   8.694 0.000   5.759 0.000 0.031 0.000  0.583 0.000
170.25 171.25   55.87 0.000  1.57 0.000 9.999 0.259 9.99 0.259000  0.056 0.000  1.481 0.000  2.074 0.000 9999.99 0.259000  28.740 0.000  22.783 0.000   5.957 0.000 0.035 0.000  0.273 0.000
173.25 174.25   35.24 0.000  1.55 0.000 9.999 0.259 9.99 0.259000  0.283 0.000  2.345 0.000  3.283 0.000 9999.99 0.259000  20.833 0.000   7.601 0.000  13.232 0.000 0.062 0.000  1.594 0.000
176.25 177.25   17.84 0.000  0.82 0.000 9.999 0.259 9.99 0.259000  0.093 0.000  0.689 0.000  0.964 0.000 9999.99 0.259000   9.273 0.000   5.615 0.000   3.658 0.000 0.019 0.000  0.327 0.000
179.25 180.25   15.21 0.000  1.29 0.000 9.999 0.259 9.99 0.259000  0.068 0.000  0.905 0.000  1.267 0.000 9999.99 0.259000  10.354 0.000   6.323 0.000   4.030 0.000 0.022 0.000  0.310 0.000
182.25 183.25   61.63 0.000  1.57 0.000 9.999 0.259 9.99 0.259000  0.219 0.000  2.274 0.000  3.183 0.000 9999.99 0.259000  34.099 0.000  20.053 0.000  14.045 0.000 0.128 0.000  1.569 0.000
185.25 186.25   15.91 0.000  1.43 0.000 9.999 0.259 9.99 0.259000  0.086 0.000  0.480 0.000  0.672 0.000 9999.99 0.259000   6.279 0.000   3.694 0.000   2.585 0.000 0.045 0.000  0.193 0.000
188.25 189.25   22.64 0.000  0.76 0.000 9.999 0.259 9.99 0.259000  0.045 0.000  0.611 0.000  0.855 0.000 9999.99 0.259000   6.507 0.000   3.437 0.000   3.070 0.000 0.022 0.000  0.280 0.000
191.25 192.25   24.93 0.000  0.60 0.000 0.024 0.000 9.99 0.259000  0.067 0.000  0.610 0.000  0.854 0.000 9999.99 0.259000  11.964 0.000   7.996 0.000   3.968 0.000 0.017 0.000  0.304 0.000
194.25 195.25   82.35 0.000  1.49 0.000 9.999 0.259 9.99 0.259000  0.131 0.000  1.646 0.000  2.304 0.000 9999.99 0.259000  22.247 0.000  12.110 0.000  10.138 0.000 0.050 0.000  0.942 0.000
197.25 198.25   98.01 0.000  2.09 0.000 9.999 0.259 9.99 0.259000  0.204 0.000  2.098 0.000  2.938 0.000 9999.99 0.259000  32.394 0.000  22.225 0.000  10.169 0.000 0.060 0.000  0.702 0.000
200.25 201.25   50.12 0.000  1.68 0.000 9.999 0.259 9.99 0.259000  0.217 0.000  1.316 0.000  1.843 0.000 9999.99 0.259000  14.224 0.000   6.779 0.000   7.445 0.000 0.051 0.000  0.766 0.000
203.25 204.25   38.85 0.000  1.07 0.000 9.999 0.259 9.99 0.259000  0.090 0.000  0.935 0.000  1.309 0.000 9999.99 0.259000   9.664 0.000   5.682 0.000   3.982 0.000 0.022 0.000  0.180 0.000
206.25 207.25  174.62 0.000  1.41 0.000 9.999 0.259 0.13 0.000000  0.105 0.000  3.178 0.000  4.449 0.000 9999.99 0.259000  36.843 0.000  22.830 0.000  14.013 0.000 0.123 0.000  1.008 0.000
209.25 210.25   82.33 0.000  2.76 0.000 9.999 0.259 9.99 0.259000  0.132 0.000  2.341 0.000  3.278 0.000 9999.99 0.259000  23.238 0.000  15.406 0.000   7.832 0.000 0.065 0.000  0.299 0.000
212.25 213.25   43.34 0.000  0.97 0.000 9.999 0.259 0.05 0.000000  0.068 0.000  1.374 0.000  1.923 0.000 9999.99 0.259000  17.277 0.000  12.493 0.000   4.784 0.000 0.030 0.000  0.197 0.000
215.25 216.25   51.58 0.000  2.89 0.000 9.999 0.259 9.99 0.259000  0.114 0.000  1.046 0.000  1.465 0.000 9999.99 0.259000  15.060 0.000  10.245 0.000   4.815 0.000 0.025 0.000  0.284 0.000
218.25 219.25   49.33 0.000  1.28 0.000 9.999 0.259 9.99 0.259000  0.119 0.000  1.819 0.000  2.546 0.000 9999.99 0.259000  15.740 0.000   7.742 0.000   7.997 0.000 0.043 0.000  0.556 0.000
221.25 222.25   47.99 0.000  1.27 0.000 9.999 0.259 9.99 0.259000  0.082 0.000  1.718 0.000  2.405 0.000 9999.99 0.259000  15.253 0.000   8.495 0.000   6.758 0.000 0.043 0.000  0.384 0.000
224.25 225.25   43.54 0.000  1.41 0.000 9.999 0.259 9.99 0.259000  0.127 0.000  1.628 0.000  2.280 0.000 9999.99 0.259000  21.409 0.000  12.199 0.000   9.210 0.000 0.028 0.000  1.033 0.000
227.25 228.25  137.07 0.000  4.94 0.000 9.999 0.259 9.99 0.259000  0.195 0.000  2.144 0.000  3.002 0.000 9999.99 0.259000  30.506 0.000  16.314 0.000  14.192 0.000 0.083 0.000  1.776 0.000
230.25 231.25   23.73 0.000  1.31 0.000 9.999 0.259 9.99 0.259000  0.079 0.000  0.851 0.000  1.191 0.000 9999.99 0.259000  10.883 0.000   6.418 0.000   4.466 0.000 0.028 0.000  0.383 0.000
233.25 234.25   40.78 0.000  0.79 0.000 9.999 0.259 9.99 0.259000  0.057 0.000  1.735 0.000  2.428 0.000 9999.99 0.259000  15.501 0.000   9.485 0.000   6.016 0.000 0.034 0.000  0.227 0.000
236.25 237.25   68.53 0.000  1.68 0.000 0.043 0.000 9.99 0.259000  0.165 0.000  3.687 0.000  5.162 0.000 9999.99 0.259000  22.835 0.000  10.576 0.000  12.258 0.000 0.111 0.000  0.680 0.000
239.25 240.25   54.41 0.000  1.63 0.000 9.999 0.259 9.99 0.259000  0.214 0.000  5.829 0.000  8.160 0.000 9999.99 0.259000  25.930 0.000  10.291 0.000  15.639 0.000 0.114 0.000  0.772 0.000
242.25 243.25   36.78 0.000  2.25 0.000 9.999 0.259 9.99 0.259000  0.108 0.000  1.469 0.000  2.057 0.000 9999.99 0.259000  15.409 0.000   9.637 0.000   5.772 0.000 0.050 0.000  0.367 0.000
245.25 246.25   66.57 0.000  0.72 0.000 0.045 0.000 0.08 0.000000  0.028 0.000  0.997 0.000  1.395 0.000 9999.99 0.259000  21.814 0.000  17.204 0.000   4.610 0.000 0.035 0.000  0.191 0.000
248.25 249.25  142.25 0.000  2.71 0.000 9.999 0.259 9.99 0.259000  0.193 0.000  2.187 0.000  3.062 0.000 9999.99 0.259000  35.417 0.000  25.718 0.000   9.698 0.000 0.086 0.000  0.549 0.000
251.25 252.25   45.07 0.000  1.77 0.000 9.999 0.259 9.99 0.259000  0.283 0.000  1.897 0.000  2.656 0.000 9999.99 0.259000  24.907 0.000   9.334 0.000  15.572 0.000 0.037 0.000  1.869 0.000
