scripts/IMPROVE-2019_partial/data/US0011R.20020102060000.20191216000000.filterpack..pm25.52w.1w.US03L_filterpack_US0011.US03L_IMPROVE_Davis.lev2.nas
64 1001
MISSING INFORMATION
US03L, IMPROVE, , , , , , , 
MISSING INFORMATION
IMPROVE sel_HTAP
1 1
2002 01 01 2019 12 16
3.00
days from file reference point
25
1 1 1 1 1 1 1 1 1 1 1 1 1 1 1 1 1 1 1 1 1 1 1 1 1
999.99 99999.99 9.999999 99.99 9.999999 9.999 9.999999999 99.99 9.999999 99.999 9.999999 99.999 9.999 99.999 9.999 999.999 9.999 999.999 9.999 999.999 9.999 9.999 9.999999 99.999 9.999999
end_time of measurement, days from the file reference point
iron, ng/m3, Revision date=20181210133000
numflag iron, no unit, Revision date=20181210133000
lead, ng/m3, Revision date=20181210133000
numflag lead, no unit, Revision date=20181210133000
magnesium, ug/m3, Revision date=20181210133000
numflag magnesium, no unit, Revision date=20181210133000
nickel, ng/m3, Revision date=20181210133000
numflag nickel, no unit, Revision date=20181210133000
nitrate, ug N/m3, Revision date=20181210133000
numflag nitrate, no unit, Revision date=20181210133000
organic_carbon, ug C/m3, Revision date=20181210133000
numflag organic_carbon, no unit, Revision date=20181210133000
organic_mass, ug/m3, Revision date=20181210133000
numflag organic_mass, no unit, Revision date=20181210133000
pm10_mass, ug/m3, Version=2, Version description=Data extracted from http://views.cira.colostate.edu/fed/DataWizard 2019-12-16, Sample duration=1d, Orig. time res.=3d, Matrix=pm10, Blank correction=Blank corrected, Volume std. temperature=ambient, Volume std. pressure=ambient
numflag pm10_mass, no unit, Version=2, Version description=Data extracted from http://views.cira.colostate.edu/fed/DataWizard 2019-12-16, Sample duration=1d, Orig. time res.=3d, Matrix=pm10, Blank correction=Blank corrected, Volume std. temperature=ambient, Volume std. pressure=ambient
pm10_pm25_mass, ug/m3, Revision date=20181210133000, Matrix=pm10_pm25
numflag pm10_pm25_mass, no unit, Revision date=20181210133000, Matrix=pm10_pm25
pm25_mass, ug/m3, Version=2, Version description=Data extracted from http://views.cira.colostate.edu/fed/DataWizard 2019-12-16, Sample duration=1d, Orig. time res.=3d, Blank correction=Blank corrected, Volume std. temperature=ambient, Volume std. pressure=ambient
numflag pm25_mass, no unit, Version=2, Version description=Data extracted from http://views.cira.colostate.edu/fed/DataWizard 2019-12-16, Sample duration=1d, Orig. time res.=3d, Blank correction=Blank corrected, Volume std. temperature=ambient, Volume std. pressure=ambient
potassium, ug/m3, Revision date=20181210133000
numflag potassium, no unit, Revision date=20181210133000
sulphate_total, ug S/m3, Revision date=20181210133000
numflag sulphate_total, no unit, Revision date=20181210133000
0
25
Data definition:              EBAS_1.1
Set type code:                TU
Timezone:                     UTC
File name:                    US0011R.20020102060000.20191216000000.filterpack..pm25.52w.1w.US03L_filterpack_US0011.US03L_IMPROVE_Davis.lev2.nas
File creation:                20191218115607
Startdate:                    20020102060000
Revision date:                20191216000000
Statistics:                   arithmetic mean
Data level:                   2
Period code:                  52w
Resolution code:              1w
Station code:                 US0011R
Platform code:                US0011S
Station name:                 Caney Creek
Station latitude:             34.4544
Station longitude:            -94.1429
Station altitude:             683.0 m
Regime:                       IMG
Component:                    
Matrix:                       pm25
Laboratory code:              US03L
Instrument type:              filterpack
Instrument name:              filterpack_US0011
Method ref:                   US03L_IMPROVE_Davis
starttime endtime Fe flag_Fe Pb flag_Pb Mg++ flag_Mg++ Ni flag_Ni NO3- flag_NO3- OC flag_OC OM flag_OM PM10 flag_PM10 PM10-PM2.5 flag_PM10-PM2.5 PM2.5 flag_PM2.5 K+ flag_K+ SO4-- flag_SO4--
  1.25   2.25    29.56 0.559000  2.77 0.559000 0.094 0.559000000 99.99 0.559259  0.781 0.000000  1.375 0.000  1.925 0.000  13.806 0.000   5.862 0.000   7.945 0.559 0.044 0.559000  0.331 0.000000
  4.25   5.25    17.46 0.559000  1.22 0.559000 9.999 0.559259000 99.99 0.559259  0.311 0.000000  1.950 0.000  2.730 0.000   7.647 0.000   1.917 0.000   5.731 0.559 0.052 0.559000  0.410 0.000000
  7.25   8.25    13.96 0.559000  1.02 0.559000 9.999 0.559259000  0.12 0.559000  0.460 0.000000  1.214 0.000  1.700 0.000   7.316 0.000   3.110 0.000   4.206 0.559 0.032 0.559000  0.342 0.000000
 10.25  11.25    14.38 0.559000  1.01 0.559000 9.999 0.559259000 99.99 0.559259  0.308 0.000000  0.908 0.000  1.271 0.000   5.126 0.000   3.154 0.000   1.972 0.559 0.029 0.559000  0.095 0.000000
 13.25  14.25    22.34 0.000000  0.63 0.000000 9.999 0.259000000 99.99 0.259000  0.034 0.000000  0.766 0.000  1.072 0.000  10.251 0.000   9.012 0.000   1.239 0.000 0.019 0.000000  0.101 0.000000
 16.25  17.25    33.85 0.000000  1.58 0.000000 9.999 0.259000000 99.99 0.259000  0.472 0.000000  3.315 0.000  4.641 0.000  22.172 0.000  11.971 0.000  10.201 0.000 0.056 0.000000  0.338 0.000000
 19.25  20.25 99999.99 0.999000 99.99 0.999000 9.999 0.999000000 99.99 0.999000 99.999 0.999000 99.999 0.999 99.999 0.999 999.999 0.999 999.999 0.999 999.999 0.999 9.999 0.999000 99.999 0.999000
 22.25  23.25    13.56 0.000000  0.71 0.000000 9.999 0.259000000  0.42 0.000000  0.096 0.000000  0.693 0.000  0.970 0.000   5.773 0.000   0.767 0.000   5.006 0.000 0.030 0.000000  0.722 0.000000
 25.25  26.25    17.36 0.559000  1.57 0.559000 9.999 0.559259000 99.99 0.559259  0.218 0.559000  0.819 0.000  1.147 0.000   5.364 0.000   2.148 0.000   3.216 0.559 0.039 0.559000  0.234 0.559000
 28.25  29.25    31.63 0.000000  0.85 0.000000 9.999 0.259000000  0.47 0.000000  0.133 0.000000  0.927 0.000  1.298 0.000   8.867 0.000   1.436 0.000   7.430 0.000 0.058 0.000000  1.146 0.000000
 31.25  32.25 99999.99 0.999000 99.99 0.999000 9.999 0.999000000 99.99 0.999000 99.999 0.999000 99.999 0.999 99.999 0.999 999.999 0.999 999.999 0.999 999.999 0.999 9.999 0.999000 99.999 0.999000
 34.25  35.25 99999.99 0.999000 99.99 0.999000 9.999 0.999000000 99.99 0.999000 99.999 0.999000 99.999 0.999 99.999 0.999 999.999 0.999 999.999 0.999 999.999 0.999 9.999 0.999000 99.999 0.999000
 37.25  38.25 99999.99 0.999000 99.99 0.999000 9.999 0.999000000 99.99 0.999000 99.999 0.999000 99.999 0.999 99.999 0.999 999.999 0.999 999.999 0.999 999.999 0.999 9.999 0.999000 99.999 0.999000
 40.25  41.25 99999.99 0.999000 99.99 0.999000 9.999 0.999000000 99.99 0.999000 99.999 0.999000 99.999 0.999 99.999 0.999 999.999 0.999 999.999 0.999 999.999 0.999 9.999 0.999000 99.999 0.999000
 43.25  44.25 99999.99 0.999000 99.99 0.999000 9.999 0.999000000 99.99 0.999000 99.999 0.999000 99.999 0.999 99.999 0.999 999.999 0.999 999.999 0.999 999.999 0.999 9.999 0.999000 99.999 0.999000
 46.25  47.25 99999.99 0.999000 99.99 0.999000 9.999 0.999000000 99.99 0.999000 99.999 0.999000 99.999 0.999 99.999 0.999 999.999 0.999 999.999 0.999 999.999 0.999 9.999 0.999000 99.999 0.999000
 49.25  50.25 99999.99 0.999000 99.99 0.999000 9.999 0.999000000 99.99 0.999000 99.999 0.999000 99.999 0.999 99.999 0.999 999.999 0.999 999.999 0.999 999.999 0.999 9.999 0.999000 99.999 0.999000
 52.25  53.25    13.76 0.000000  1.31 0.000000 9.999 0.259000000 99.99 0.259000  0.476 0.000000  2.510 0.000  3.514 0.000  10.375 0.000   2.537 0.000   7.838 0.000 0.029 0.000000  0.531 0.000000
 55.25  56.25    18.53 0.000000  1.21 0.000000 9.999 0.259000000  0.28 0.000000  0.432 0.000000  1.122 0.000  1.571 0.000  10.082 0.000   2.648 0.000   7.434 0.000 0.047 0.000000  0.828 0.000000
 58.25  59.25    27.82 0.000000  0.94 0.000000 9.999 0.259000000  0.09 0.000000  0.322 0.000000  1.583 0.000  2.217 0.000  14.307 0.000   8.256 0.000   6.051 0.000 0.039 0.000000  0.387 0.000000
 61.25  62.25    16.52 0.559000  1.11 0.559000 9.999 0.559259000 99.99 0.559259  0.384 0.000000  0.493 0.000  0.690 0.000   9.107 0.000   4.299 0.000   4.808 0.559 0.022 0.559000  0.414 0.000000
 64.25  65.25    37.51 0.000000  1.68 0.000000 9.999 0.259000000  0.47 0.000000  0.233 0.559000  2.562 0.000  3.587 0.000  17.403 0.000   7.606 0.000   9.797 0.000 0.121 0.000000  0.941 0.559000
 67.25  68.25 99999.99 0.999000 99.99 0.999000 9.999 0.999000000 99.99 0.999000 99.999 0.999000 99.999 0.999 99.999 0.999 999.999 0.999 999.999 0.999 999.999 0.999 9.999 0.999000 99.999 0.999000
 70.25  71.25 99999.99 0.999000 99.99 0.999000 9.999 0.999000000 99.99 0.999000 99.999 0.999000 99.999 0.999 99.999 0.999 999.999 0.999 999.999 0.999 999.999 0.999 9.999 0.999000 99.999 0.999000
 73.25  74.25    20.90 0.000000  0.75 0.000000 9.999 0.259000000  0.51 0.000000  0.296 0.000000  1.278 0.000  1.790 0.000  14.488 0.000   3.120 0.000  11.368 0.000 0.065 0.000000  1.725 0.000000
 76.25  77.25 99999.99 0.999000 99.99 0.999000 9.999 0.999000000 99.99 0.999000 99.999 0.999000 99.999 0.999 99.999 0.999 999.999 0.999 999.999 0.999 999.999 0.999 9.999 0.999000 99.999 0.999000
 79.25  80.25    25.32 0.000000  2.05 0.000000 0.057 0.000000000  0.21 0.000000  0.923 0.000000  1.007 0.000  1.410 0.000  14.881 0.000   3.989 0.000  10.892 0.000 0.035 0.000000  1.299 0.000000
 82.25  83.25    15.50 0.000000  1.43 0.000000 9.999 0.259000000  0.40 0.000000  0.206 0.000000  1.851 0.000  2.591 0.000  12.690 0.000   2.951 0.000   9.739 0.000 0.050 0.000000  1.156 0.000000
 85.25  86.25    21.33 0.000000  1.60 0.000000 9.999 0.259000000  0.19 0.000000  0.344 0.000000  0.913 0.000  1.278 0.000   9.590 0.000   2.237 0.000   7.353 0.000 0.026 0.000000  1.172 0.000000
 88.25  89.25     7.17 0.000000  0.91 0.000000 9.999 0.259000000 99.99 0.259000  0.043 0.000000  0.739 0.000  1.035 0.000   4.919 0.000   1.476 0.000   3.443 0.000 0.013 0.000000  0.354 0.000000
 91.25  92.25    30.79 0.000000  2.13 0.000000 9.999 0.259000000  0.32 0.000000  0.357 0.000000  1.601 0.000  2.241 0.000  17.361 0.000   6.440 0.000  10.921 0.000 0.033 0.000000  1.391 0.000000
 94.25  95.25    40.50 0.699000  2.40 0.699000 9.999 0.699259000 99.99 0.699259  0.363 0.000000  1.961 0.000  2.745 0.000  16.328 0.000   5.677 0.000  10.650 0.699 0.043 0.699000  1.060 0.000000
 97.25  98.25    24.04 0.000000  0.34 0.000000 9.999 0.259000000  0.17 0.000000  0.049 0.000000  0.817 0.000  1.144 0.000   6.407 0.000   2.177 0.000   4.230 0.000 0.028 0.000000  0.402 0.000000
100.25 101.25    43.20 0.000000  1.56 0.000000 9.999 0.259000000  0.21 0.000000  0.065 0.000000  1.045 0.000  1.462 0.000  15.730 0.000   7.322 0.000   8.408 0.000 0.044 0.000000  1.087 0.000000
103.25 104.25    25.80 0.000000  1.58 0.000000 9.999 0.259000000  0.37 0.000000  0.157 0.000000  1.334 0.000  1.868 0.000  15.386 0.000   4.998 0.000  10.387 0.000 0.052 0.000000  1.387 0.000000
106.25 107.25    17.84 0.000000  0.56 0.000000 9.999 0.259000000  0.59 0.000000  0.085 0.000000  1.353 0.000  1.894 0.000  17.072 0.000   6.859 0.000  10.212 0.000 0.091 0.000000  1.525 0.000000
109.25 110.25    22.81 0.000000  1.60 0.000000 9.999 0.259000000  0.70 0.000000  0.122 0.000000  1.251 0.000  1.752 0.000  17.196 0.000   7.514 0.000   9.682 0.000 0.055 0.000000  1.472 0.000000
112.25 113.25    32.99 0.000000  1.39 0.000000 9.999 0.259000000  0.32 0.000000  0.159 0.000000  2.147 0.000  3.006 0.000  23.547 0.000  12.696 0.000  10.851 0.000 0.073 0.000000  1.291 0.000000
115.25 116.25    19.65 0.000000  0.83 0.000000 9.999 0.259000000  0.14 0.000000  0.063 0.000000  0.519 0.000  0.726 0.000  11.352 0.000   8.845 0.000   2.507 0.000 0.019 0.000000  0.259 0.000000
118.25 119.25    30.65 0.000000  1.87 0.000000 9.999 0.259000000  0.31 0.000000  0.090 0.000000  2.168 0.000  3.035 0.000  21.544 0.000  12.995 0.000   8.549 0.000 0.068 0.000000  0.848 0.000000
121.25 122.25    24.08 0.000000  1.09 0.000000 9.999 0.259000000  0.37 0.000000  0.292 0.000000  2.247 0.000  3.146 0.000  18.006 0.000   7.308 0.000  10.697 0.000 0.138 0.000000  1.135 0.000000
124.25 125.25    28.39 0.000000  0.96 0.000000 9.999 0.259000000  0.35 0.000000  0.093 0.000000  1.003 0.000  1.404 0.000  15.968 0.000   9.111 0.000   6.858 0.000 0.059 0.000000  0.871 0.000000
127.25 128.25    73.96 0.000000  1.07 0.000000 9.999 0.259000000  0.60 0.000000  0.171 0.000000  2.683 0.000  3.757 0.000  23.385 0.000   8.817 0.000  14.569 0.000 0.190 0.000000  1.613 0.000000
130.25 131.25    61.43 0.000000  1.04 0.000000 9.999 0.259000000  0.67 0.000000  0.133 0.000000  1.763 0.000  2.468 0.000  18.962 0.000   9.246 0.000   9.716 0.000 0.098 0.000000  1.168 0.000000
133.25 134.25    35.78 0.000000  1.10 0.000000 9.999 0.259000000 99.99 0.259000  0.064 0.000000  1.088 0.000  1.523 0.000  19.624 0.000  14.620 0.000   5.004 0.000 0.033 0.000000  0.499 0.000000
136.25 137.25    12.66 0.000000  0.75 0.000000 9.999 0.259000000  0.20 0.000000  0.059 0.000000  0.919 0.000  1.286 0.000  12.641 0.000   8.715 0.000   3.926 0.000 0.031 0.000000  0.429 0.000000
139.25 140.25    37.44 0.000000  1.88 0.000000 9.999 0.259000000  0.20 0.000000  0.053 0.000000  1.834 0.000  2.567 0.000  14.928 0.000   7.427 0.000   7.501 0.000 0.044 0.000000  0.727 0.000000
142.25 143.25    58.87 0.559000  2.17 0.559000 9.999 0.559259000  0.27 0.559000  0.110 0.000000  2.921 0.000  4.089 0.000  26.153 0.000  11.442 0.000  14.711 0.559 0.073 0.559000  1.841 0.000000
145.25 146.25    35.10 0.000000  1.03 0.000000 9.999 0.259000000  0.27 0.000000  0.060 0.000000  1.359 0.000  1.903 0.000  15.656 0.000   6.665 0.000   8.990 0.000 0.049 0.000000  1.243 0.000000
148.25 149.25    25.50 0.000000  0.70 0.000000 9.999 0.259000000  0.38 0.000000  0.071 0.000000  1.864 0.000  2.610 0.000  10.643 0.000   3.175 0.000   7.468 0.000 0.049 0.000000  0.971 0.000000
151.25 152.25    25.61 0.000000  1.10 0.000000 9.999 0.259000000 99.99 0.259000  0.054 0.000000  1.814 0.000  2.540 0.000  14.701 0.000   5.250 0.000   9.451 0.000 0.050 0.000000  0.978 0.000000
154.25 155.25    40.60 0.000000  0.70 0.000000 9.999 0.259000000  0.51 0.000000  0.093 0.000000  1.530 0.000  2.142 0.000  23.597 0.000  10.615 0.000  12.982 0.000 0.071 0.000000  1.932 0.000000
157.25 158.25    30.26 0.000000  2.85 0.000000 9.999 0.259000000 99.99 0.259000  0.162 0.000000  2.259 0.000  3.163 0.000  23.108 0.000   8.640 0.000  14.468 0.000 0.101 0.000000  1.704 0.000000
160.25 161.25    15.20 0.000000  0.56 0.000000 9.999 0.259000000  0.36 0.000000  0.067 0.000000  0.919 0.000  1.287 0.000  11.087 0.000   3.023 0.000   8.064 0.000 0.029 0.000000  1.280 0.000000
163.25 164.25    12.19 0.000000  0.58 0.000000 9.999 0.259000000 99.99 0.259000  0.067 0.000000  1.515 0.000  2.121 0.000  12.091 0.000   5.645 0.000   6.446 0.000 0.027 0.000000  0.766 0.000000
166.25 167.25    16.28 0.000000  0.70 0.000000 9.999 0.259000000 99.99 0.259000  0.042 0.559000  2.043 0.000  2.860 0.000  10.172 0.000   4.211 0.000   5.961 0.000 0.038 0.000000  0.416 0.559000
169.25 170.25    32.21 0.000000  1.10 0.000000 9.999 0.259000000 99.99 0.259000  0.042 0.000000  3.586 0.000  5.020 0.000  23.189 0.000   4.905 0.000  18.284 0.000 0.061 0.000000  2.101 0.000000
172.25 173.25    54.30 0.000000  1.13 0.000000 9.999 0.259000000  0.36 0.000000  0.041 0.000000  3.849 0.000  5.389 0.000  31.353 0.000   7.572 0.000  23.780 0.000 0.077 0.000000  2.948 0.000000
175.25 176.25    10.68 0.000000  1.02 0.000000 9.999 0.259000000 99.99 0.259000  0.059 0.000000  1.272 0.000  1.781 0.000  13.457 0.000   7.459 0.000   5.998 0.000 0.025 0.000000  0.739 0.000000
178.25 179.25    30.78 0.000000  0.61 0.000000 0.034 0.000000000 99.99 0.259000  0.071 0.000000  1.765 0.000  2.471 0.000  13.848 0.000   5.196 0.000   8.652 0.000 0.031 0.000000  1.002 0.000000
181.25 182.25  1315.86 0.000000  1.46 0.000000 9.999 0.259000000  0.67 0.000000  0.225 0.000000  1.410 0.000  1.974 0.000  55.350 0.000  28.973 0.000  26.377 0.000 0.442 0.000000  1.013 0.000000
184.25 185.25   439.87 0.000000  1.20 0.000000 9.999 0.259000000  0.44 0.000000  0.120 0.000000  1.218 0.000  1.706 0.000  24.778 0.000  10.711 0.000  14.067 0.000 0.173 0.000000  1.421 0.000000
187.25 188.25   155.84 0.000000  2.34 0.000000 9.999 0.259000000 99.99 0.259000  0.053 0.559000  2.717 0.000  3.804 0.000  34.352 0.000   9.585 0.000  24.767 0.000 0.117 0.000000  3.524 0.559000
190.25 191.25   103.31 0.000000  1.10 0.000000 9.999 0.259000000  0.14 0.000000  0.028 0.000000  3.674 0.000  5.144 0.000  32.544 0.000   6.003 0.000  26.542 0.000 0.087 0.000000  3.760 0.000000
193.25 194.25    22.70 0.000000  0.74 0.000000 9.999 0.259000000 99.99 0.259000  0.033 0.559000  1.707 0.000  2.390 0.000  10.172 0.000   3.227 0.000   6.944 0.000 0.031 0.000000  0.699 0.559000
196.25 197.25    49.41 0.000000  0.58 0.000000 9.999 0.259000000 99.99 0.259000  0.069 0.000000  0.772 0.000  1.081 0.000   5.944 0.000   2.172 0.000   3.772 0.000 0.031 0.000000  0.342 0.000000
199.25 200.25   233.96 0.000000  1.45 0.000000 9.999 0.259000000  0.53 0.000000  0.107 0.000000  1.791 0.000  2.508 0.000  19.689 0.000   6.914 0.000  12.775 0.000 0.103 0.000000  1.516 0.000000
202.25 203.25   104.84 0.000000  0.87 0.000000 9.999 0.259000000  0.39 0.000000  0.050 0.000000  1.527 0.000  2.138 0.000  18.913 0.000   6.046 0.000  12.868 0.000 0.056 0.000000  1.854 0.000000
205.25 206.25    52.21 0.559000  0.77 0.559000 9.999 0.559259000 99.99 0.559259  0.080 0.000000  2.458 0.000  3.441 0.000  13.452 0.000   5.544 0.000   7.908 0.559 0.042 0.559000  0.676 0.000000
208.25 209.25    89.37 0.559000  0.58 0.559000 9.999 0.559259000  0.30 0.559000  0.089 0.000000  1.190 0.000  1.666 0.000  14.444 0.000   5.891 0.000   8.553 0.559 0.057 0.559000  1.076 0.000000
211.25 212.25   775.35 0.000000  1.51 0.000000 9.999 0.259000000  0.47 0.000000  0.209 0.000000  2.101 0.000  2.941 0.000  51.381 0.000  28.329 0.000  23.052 0.000 0.279 0.000000  1.215 0.000000
214.25 215.25   335.18 0.559000  1.13 0.559000 9.999 0.559259000  0.29 0.559000  0.086 0.000000  2.813 0.000  3.938 0.000  33.405 0.000  12.658 0.000  20.748 0.559 0.151 0.559000  2.123 0.000000
217.25 218.25    43.89 0.559000  1.07 0.559000 9.999 0.559259000  0.25 0.559000  0.025 0.000000  4.075 0.000  5.706 0.000  34.283 0.000   7.391 0.000  26.892 0.559 0.054 0.559000  3.832 0.000000
220.25 221.25    66.42 0.559000  1.87 0.559000 9.999 0.559259000  0.15 0.559000  0.036 0.000000  3.914 0.000  5.479 0.000  32.168 0.000   8.688 0.000  23.480 0.559 0.068 0.559000  3.350 0.000000
223.25 224.25    24.63 0.559000  0.70 0.559000 9.999 0.559259000  0.31 0.559000  0.088 0.000000  2.250 0.000  3.150 0.000  16.270 0.000   4.914 0.000  11.356 0.559 0.048 0.559000  1.364 0.000000
226.25 227.25    30.22 0.559000  0.47 0.559000 0.034 0.559000000  0.24 0.559000  0.081 0.000000  0.997 0.000  1.396 0.000   7.224 0.000   2.101 0.000   5.123 0.559 0.034 0.559000  0.660 0.000000
229.25 230.25    24.04 0.559000  0.78 0.559000 9.999 0.559259000  0.39 0.559000  0.081 0.000000  1.215 0.000  1.701 0.000  11.055 0.000   3.058 0.000   7.998 0.559 0.024 0.559000  1.223 0.000000
232.25 233.25    75.91 0.559000  1.05 0.559000 9.999 0.559259000  0.44 0.559000  0.076 0.000000  1.973 0.000  2.763 0.000  15.405 0.000   5.089 0.000  10.317 0.559 0.055 0.559000  1.263 0.000000
235.25 236.25    65.94 0.559000  0.51 0.559000 9.999 0.559259000  0.23 0.559000  0.072 0.000000  1.895 0.000  2.653 0.000  13.450 0.000   5.705 0.000   7.745 0.559 0.052 0.559000  0.791 0.000000
238.25 239.25    47.12 0.559394  2.89 0.559394 9.999 0.559394259  1.38 0.559394  0.031 0.559394  2.603 0.000  3.644 0.000  25.704 0.000   8.741 0.000  16.963 0.559 0.064 0.559394  2.517 0.559394
241.25 242.25    48.41 0.000000  2.20 0.000000 9.999 0.259000000  1.25 0.000000  0.034 0.000000  2.409 0.000  3.373 0.000  43.301 0.000  13.149 0.000  30.152 0.000 0.065 0.000000  5.914 0.000000
244.25 245.25    21.33 0.000000  1.46 0.000000 9.999 0.259000000 99.99 0.259000  0.027 0.000000  2.117 0.000  2.964 0.000  14.414 0.000   5.578 0.000   8.836 0.000 0.044 0.000000  1.192 0.000000
