scripts/IMPROVE-2019_partial/data/US0018U.20160101080000.20191216000000.filterpack...52w.3d.US03L_filterpack_US0018.US03L_IMPROVE_Davis.lev2.nas
52 1001
MISSING INFORMATION
US03L, IMPROVE, , , , , , , 
MISSING INFORMATION
IMPROVE sel_HTAP
1 1
2016 01 01 2019 12 16
3.000000
days from file reference point
5
1 1 1 1 1
999.999999 999.999 9.999 999.999 9.999
end_time of measurement, days from the file reference point
pm10_mass, ug/m3, Matrix=pm10
numflag pm10_mass, no unit, Matrix=pm10
pm25_mass, ug/m3, Matrix=pm25
numflag pm25_mass, no unit, Matrix=pm25
0
33
Data definition:              EBAS_1.1
Set type code:                TU
Timezone:                     UTC
File name:                    US0018U.20160101080000.20191216000000.filterpack...52w.3d.US03L_filterpack_US0018.US03L_IMPROVE_Davis.lev2.nas
File creation:                20191218115634
Startdate:                    20160101080000
Revision date:                20191216000000
Version:                      2
Version description:          "Data extracted from http://views.cira.colostate.edu/fed/DataWizard 2019-12-16"
Statistics:                   arithmetic mean
Data level:                   2
Period code:                  52w
Resolution code:              3d
Sample duration:              1d
Orig. time res.:              3d
Station code:                 US0018U
Platform code:                US0018S
Station name:                 Fresno
Station latitude:             36.7818
Station longitude:            -119.7732
Station altitude:             100.0 m
Regime:                       IMG
Component:                    
Unit:                         ug/m3
Matrix:                       
Laboratory code:              US03L
Instrument type:              filterpack
Instrument name:              filterpack_US0018
Method ref:                   US03L_IMPROVE_Davis
Blank correction:             Blank corrected
Volume std. temperature:      ambient
Volume std. pressure:         ambient
starttime endtime PM10 flag_PM10 PM2.5 flag_PM2.5
  0.333333   1.333333  52.548 0.000 999.999 0.699
  3.333333   4.333333  46.876 0.000  34.345 0.000
  6.333333   7.333333   7.640 0.000   4.580 0.000
  9.333333  10.333333  20.306 0.000  15.160 0.000
 12.333333  13.333333  19.066 0.000  10.734 0.000
 15.333333  16.333333  22.147 0.000  14.068 0.000
 18.333333  19.333333   8.664 0.000   5.803 0.000
 21.333333  22.333333  12.765 0.000   6.775 0.000
 24.333333  25.333333  25.835 0.000  17.130 0.000
 27.333333  28.333333  40.325 0.000  28.415 0.000
 30.333333  31.333333   5.074 0.000   3.092 0.000
 33.333333  34.333333  29.669 0.000  22.161 0.000
 36.333333  37.333333  35.298 0.000  25.930 0.000
 39.333333  40.333333  28.238 0.000  12.413 0.000
 42.333333  43.333333  41.121 0.000  25.327 0.000
 45.333333  46.333333  49.935 0.000  37.301 0.000
 48.333333  49.333333   9.336 0.000   4.282 0.000
 51.333333  52.333333  18.186 0.000  12.369 0.000
 54.333333  55.333333  36.736 0.000  19.111 0.000
 57.333333  58.333333  16.365 0.000   8.008 0.000
 60.333333  61.333333  34.629 0.000  17.229 0.000
 63.333333  64.333333  38.235 0.000  19.242 0.000
 66.333333  67.333333   6.811 0.000   2.849 0.000
 69.333333  70.333333  21.019 0.000  11.485 0.000
 72.333333  73.333333  11.138 0.000   5.728 0.000
 75.333333  76.333333  20.406 0.000   7.360 0.000
 78.333333  79.333333  20.146 0.000   9.905 0.000
 81.333333  82.333333  11.731 0.000   3.573 0.000
 84.333333  85.333333  17.495 0.000   5.837 0.000
 87.333333  88.333333  15.737 0.000   4.668 0.000
 90.333333  91.333333  25.121 0.000   6.327 0.000
 93.333333  94.333333  23.629 0.000   9.445 0.000
 96.333333  97.333333  36.359 0.000  13.182 0.000
 99.333333 100.333333   4.381 0.000   1.731 0.000
102.333333 103.333333  15.854 0.000   5.351 0.000
105.333333 106.333333  22.458 0.000   4.258 0.000
108.333333 109.333333  24.536 0.000   8.242 0.000
111.333333 112.333333  23.313 0.000   5.002 0.000
114.333333 115.333333  13.250 0.000   3.861 0.000
117.333333 118.333333  19.687 0.000   5.205 0.000
120.333333 121.333333  18.695 0.000   5.826 0.000
123.333333 124.333333  29.214 0.000   8.364 0.000
126.333333 127.333333  10.235 0.000   4.064 0.000
129.333333 130.333333  15.124 0.000   5.581 0.000
132.333333 133.333333  34.851 0.000  10.231 0.000
135.333333 136.333333  10.386 0.000   2.484 0.000
138.333333 139.333333  31.631 0.000   6.944 0.000
141.333333 142.333333  18.621 0.000   3.298 0.000
144.333333 145.333333  14.153 0.000   2.783 0.000
147.333333 148.333333  33.332 0.000   8.100 0.000
150.333333 151.333333  32.611 0.000  10.722 0.000
153.333333 154.333333  46.128 0.000  11.068 0.000
156.333333 157.333333  37.822 0.000  10.737 0.000
159.333333 160.333333  36.512 0.000   7.571 0.000
162.333333 163.333333  32.492 0.000   6.627 0.000
165.333333 166.333333  28.995 0.000   4.612 0.000
168.333333 169.333333  26.865 0.000   4.580 0.000
171.333333 172.333333  26.191 0.000   5.514 0.000
174.333333 175.333333  29.319 0.000   5.585 0.000
177.333333 178.333333  26.956 0.000   8.744 0.000
180.333333 181.333333  37.263 0.000   8.128 0.000
183.333333 184.333333  42.006 0.000  12.747 0.000
186.333333 187.333333  27.788 0.000   7.651 0.000
189.333333 190.333333  33.869 0.000   5.287 0.000
192.333333 193.333333  26.411 0.000   6.666 0.000
195.333333 196.333333  43.980 0.000  10.850 0.000
198.333333 199.333333  24.209 0.000   5.892 0.000
201.333333 202.333333 999.999 0.999 999.999 0.999
204.333333 205.333333  30.061 0.000   7.574 0.000
207.333333 208.333333  48.274 0.000  14.770 0.000
210.333333 211.333333  46.297 0.000  11.220 0.000
213.333333 214.333333  41.853 0.000  14.990 0.000
216.333333 217.333333  49.818 0.000  13.311 0.000
219.333333 220.333333  28.194 0.000   7.824 0.000
222.333333 223.333333  64.185 0.000  16.041 0.000
225.333333 226.333333  47.044 0.000  15.035 0.000
228.333333 229.333333  63.037 0.000  15.199 0.000
231.333333 232.333333  85.813 0.000  22.561 0.000
234.333333 235.333333  45.582 0.000  10.405 0.000
237.333333 238.333333  62.732 0.000  15.421 0.000
240.333333 241.333333  43.542 0.000  13.859 0.000
243.333333 244.333333  59.083 0.000   7.835 0.000
246.333333 247.333333  48.001 0.000   7.717 0.000
249.333333 250.333333  67.004 0.000  15.338 0.000
252.333333 253.333333  85.565 0.000  17.101 0.000
255.333333 256.333333  61.423 0.000   9.424 0.000
258.333333 259.333333  75.159 0.000  14.077 0.000
261.333333 262.333333  58.986 0.000  14.283 0.000
264.333333 265.333333  62.877 0.000  10.525 0.000
267.333333 268.333333  55.218 0.000  12.404 0.000
270.333333 271.333333  57.578 0.000  12.408 0.000
273.333333 274.333333  84.181 0.000  10.743 0.000
276.333333 277.333333  25.037 0.000   4.183 0.000
279.333333 280.333333  50.734 0.000   8.690 0.000
282.333333 283.333333  47.661 0.000  11.553 0.000
285.333333 286.333333  50.625 0.000   9.000 0.000
288.333333 289.333333  33.508 0.000   3.849 0.000
291.333333 292.333333  21.460 0.000   4.355 0.000
294.333333 295.333333  55.874 0.000  15.445 0.000
297.333333 298.333333  38.990 0.000   7.439 0.000
300.333333 301.333333  46.458 0.000  13.495 0.000
303.333333 304.333333  12.335 0.000   5.472 0.000
306.333333 307.333333  28.900 0.000  14.950 0.000
309.333333 310.333333  54.029 0.000  37.196 0.000
312.333333 313.333333  40.876 0.000  22.374 0.000
315.333333 316.333333  52.685 0.000  27.558 0.000
318.333333 319.333333  55.452 0.000  30.862 0.000
321.333333 322.333333  36.348 0.000  18.718 0.000
324.333333 325.333333  24.524 0.000  11.697 0.000
327.333333 328.333333  16.300 0.000  11.547 0.000
330.333333 331.333333  15.122 0.000   9.731 0.000
333.333333 334.333333  19.686 0.000  13.940 0.000
336.333333 337.333333  40.271 0.000  31.653 0.000
339.333333 340.333333  36.791 0.000  29.515 0.000
342.333333 343.333333  14.651 0.000  12.447 0.000
345.333333 346.333333   7.120 0.000   4.282 0.000
348.333333 349.333333  28.559 0.000  15.832 0.000
351.333333 352.333333  26.052 0.000  20.029 0.000
354.333333 355.333333  46.696 0.000  34.491 0.000
357.333333 358.333333  30.766 0.000  26.710 0.000
360.333333 361.333333  20.113 0.000  15.437 0.000
363.333333 364.333333  50.207 0.000  39.432 0.000
