scripts/IMPROVE-2019_partial/data/US0061R.20040101050000.20191216000000.filterpack..pm25.52w.1w.US03L_filterpack_US0061.US03L_IMPROVE_Davis.lev2.nas
66 1001
MISSING INFORMATION
US03L, IMPROVE, , , , , , , 
MISSING INFORMATION
IMPROVE sel_HTAP
1 1
2004 01 01 2019 12 16
3.000000
days from file reference point
27
1 1 1 1 1 1 1 1 1 1 1 1 1 1 1 1 1 1 1 1 1 1 1 1 1 1 1
999.999999 9999.99 9.999 99.99 9.999 9.999 9.999999 99.99 9.999 9.999 9.999 99.999 9.999 99.999 9.999 999.99 9.999999 999.999 9.999 999.999 9.999 999.999 9.999 9.999 9.999 99.999 9.999
end_time of measurement, days from the file reference point
iron, ng/m3, Revision date=20181210133000
numflag iron, no unit, Revision date=20181210133000
lead, ng/m3, Revision date=20181210133000
numflag lead, no unit, Revision date=20181210133000
magnesium, ug/m3, Revision date=20181210133000
numflag magnesium, no unit, Revision date=20181210133000
nickel, ng/m3, Revision date=20181210133000
numflag nickel, no unit, Revision date=20181210133000
nitrate, ug N/m3, Revision date=20181210133000
numflag nitrate, no unit, Revision date=20181210133000
organic_carbon, ug C/m3, Revision date=20181210133000
numflag organic_carbon, no unit, Revision date=20181210133000
organic_mass, ug/m3, Revision date=20181210133000
numflag organic_mass, no unit, Revision date=20181210133000
phosphorus, ng/m3, Revision date=20181210133000
numflag phosphorus, no unit, Revision date=20181210133000
pm10_mass, ug/m3, Version=2, Version description=Data extracted from http://views.cira.colostate.edu/fed/DataWizard 2019-12-16, Sample duration=1d, Orig. time res.=3d, Matrix=pm10, Blank correction=Blank corrected, Volume std. temperature=ambient, Volume std. pressure=ambient
numflag pm10_mass, no unit, Version=2, Version description=Data extracted from http://views.cira.colostate.edu/fed/DataWizard 2019-12-16, Sample duration=1d, Orig. time res.=3d, Matrix=pm10, Blank correction=Blank corrected, Volume std. temperature=ambient, Volume std. pressure=ambient
pm10_pm25_mass, ug/m3, Revision date=20181210133000, Matrix=pm10_pm25
numflag pm10_pm25_mass, no unit, Revision date=20181210133000, Matrix=pm10_pm25
pm25_mass, ug/m3, Version=2, Version description=Data extracted from http://views.cira.colostate.edu/fed/DataWizard 2019-12-16, Sample duration=1d, Orig. time res.=3d, Blank correction=Blank corrected, Volume std. temperature=ambient, Volume std. pressure=ambient
numflag pm25_mass, no unit, Version=2, Version description=Data extracted from http://views.cira.colostate.edu/fed/DataWizard 2019-12-16, Sample duration=1d, Orig. time res.=3d, Blank correction=Blank corrected, Volume std. temperature=ambient, Volume std. pressure=ambient
potassium, ug/m3, Revision date=20181210133000
numflag potassium, no unit, Revision date=20181210133000
sulphate_total, ug S/m3, Revision date=20181210133000
numflag sulphate_total, no unit, Revision date=20181210133000
0
25
Data definition:              EBAS_1.1
Set type code:                TU
Timezone:                     UTC
File name:                    US0061R.20040101050000.20191216000000.filterpack..pm25.52w.1w.US03L_filterpack_US0061.US03L_IMPROVE_Davis.lev2.nas
File creation:                20191218115918
Startdate:                    20040101050000
Revision date:                20191216000000
Statistics:                   arithmetic mean
Data level:                   2
Period code:                  52w
Resolution code:              1w
Station code:                 US0061R
Platform code:                US0061S
Station name:                 Brigantine NWR
Station latitude:             39.465
Station longitude:            -74.4492
Station altitude:             5.0 m
Regime:                       IMG
Component:                    
Matrix:                       pm25
Laboratory code:              US03L
Instrument type:              filterpack
Instrument name:              filterpack_US0061
Method ref:                   US03L_IMPROVE_Davis
starttime endtime Fe flag_Fe Pb flag_Pb Mg++ flag_Mg++ Ni flag_Ni NO3- flag_NO3- OC flag_OC OM flag_OM P flag_P PM10 flag_PM10 PM10-PM2.5 flag_PM10-PM2.5 PM2.5 flag_PM2.5 K+ flag_K+ SO4-- flag_SO4--
  0.208333   1.208333   33.42 0.000  2.86 0.000 0.052 0.000000  0.71 0.000 0.249 0.000  1.864 0.000  2.609 0.000 999.99 0.259000   7.656 0.000   1.575 0.000   6.080 0.000 0.061 0.000  0.396 0.000
  3.208333   4.208333   34.61 0.000  2.68 0.000 9.999 0.259000  1.78 0.000 0.553 0.000  3.568 0.000  4.995 0.000 999.99 0.259000  16.989 0.000   3.420 0.000  13.569 0.000 0.087 0.000  1.256 0.000
  6.208333   7.208333   25.92 0.000  1.65 0.000 9.999 0.259000  0.51 0.000 0.435 0.000  0.856 0.000  1.198 0.000 999.99 0.259000  11.560 0.000   5.455 0.000   6.105 0.000 0.026 0.000  0.441 0.000
  9.208333  10.208333   21.39 0.559  1.16 0.559 9.999 0.559259  0.57 0.559 0.182 0.000  1.428 0.000  1.999 0.000 999.99 0.559259   7.618 0.000   2.344 0.000   5.274 0.559 0.045 0.559  0.325 0.000
 12.208333  13.208333   34.62 0.559  2.67 0.559 9.999 0.559259  1.02 0.559 0.414 0.559  1.260 0.000  1.763 0.000 999.99 0.559259  10.197 0.000   2.511 0.000   7.687 0.559 0.035 0.559  0.981 0.559
 15.208333  16.208333   24.55 0.559  1.42 0.559 9.999 0.559259  1.35 0.559 0.162 0.000  0.762 0.000  1.067 0.000 999.99 0.559259  11.111 0.000   7.475 0.000   3.636 0.559 0.023 0.559  0.234 0.000
 18.208333  19.208333   13.63 0.559  1.23 0.559 9.999 0.559259  0.94 0.559 0.165 0.000  0.717 0.000  1.004 0.000 999.99 0.559259   5.345 0.000   1.198 0.000   4.147 0.559 0.018 0.559  0.515 0.000
 21.208333  22.208333   49.18 0.000  3.19 0.000 0.036 0.000000  1.46 0.000 0.775 0.000  2.266 0.000  3.172 0.000 999.99 0.259000  18.674 0.000   7.079 0.000  11.595 0.000 0.066 0.000  0.784 0.000
 24.208333  25.208333   11.87 0.000  2.44 0.000 9.999 0.259000  1.00 0.000 0.154 0.000  1.042 0.000  1.458 0.000 999.99 0.259000   6.313 0.000   2.013 0.000   4.300 0.000 0.022 0.000  0.338 0.000
 27.208333  28.208333   37.57 0.000  3.72 0.000 9.999 0.259000  4.31 0.000 0.492 0.000  1.635 0.000  2.289 0.000 999.99 0.259000  11.899 0.000   1.673 0.000  10.226 0.000 0.040 0.000  1.095 0.000
 30.208333  31.208333   39.24 0.000  3.44 0.000 9.999 0.259000  2.10 0.000 0.623 0.000  1.550 0.000  2.170 0.000 999.99 0.259000  12.290 0.000   1.794 0.000  10.495 0.000 0.040 0.000  0.927 0.000
 33.208333  34.208333   10.76 0.000  1.45 0.000 0.065 0.000000  1.38 0.000 0.142 0.000  1.311 0.000  1.836 0.000 999.99 0.259000   8.165 0.000   2.844 0.000   5.321 0.000 0.035 0.000  0.469 0.000
 36.208333  37.208333   14.62 0.000  0.97 0.000 0.028 0.000000  2.02 0.000 0.215 0.000  0.752 0.000  1.053 0.000 999.99 0.259000   9.273 0.000   3.837 0.000   5.436 0.000 0.028 0.000  0.548 0.000
 39.208333  40.208333   30.51 0.000  3.75 0.000 0.066 0.000000  1.68 0.000 0.350 0.000  1.141 0.000  1.598 0.000 999.99 0.259000  13.931 0.000   7.112 0.000   6.819 0.000 0.038 0.000  0.619 0.000
 42.208333  43.208333   65.18 0.000  4.26 0.000 9.999 0.259000  1.48 0.000 0.916 0.559  2.098 0.000  2.937 0.000 999.99 0.259000  20.370 0.000   5.965 0.000  14.406 0.000 0.045 0.000  1.368 0.559
 45.208333  46.208333   33.03 0.000  2.38 0.000 9.999 0.259000  4.05 0.000 0.336 0.000  1.747 0.000  2.446 0.000 999.99 0.259000  10.732 0.000   2.444 0.000   8.288 0.000 0.037 0.000  0.704 0.000
 48.208333  49.208333   43.68 0.000  3.28 0.000 9.999 0.259000  4.67 0.000 0.457 0.000  1.561 0.000  2.185 0.000 999.99 0.259000  14.809 0.000   5.614 0.000   9.195 0.000 0.034 0.000  0.851 0.000
 51.208333  52.208333   26.90 0.559  2.51 0.559 9.999 0.559259  0.90 0.559 0.430 0.559  3.361 0.000  4.706 0.000 999.99 0.559259  20.076 0.000   4.785 0.000  15.291 0.559 0.106 0.559  1.459 0.559
 54.208333  55.208333   44.00 0.000  5.17 0.000 9.999 0.259000  6.13 0.000 0.663 0.000  2.009 0.000  2.812 0.000 999.99 0.259000  13.021 0.000   2.706 0.000  10.314 0.000 0.038 0.000  0.800 0.000
 57.208333  58.208333   42.85 0.000  2.47 0.000 9.999 0.259000  2.24 0.000 0.166 0.000  1.200 0.000  1.679 0.000 999.99 0.259000  12.592 0.000   7.824 0.000   4.768 0.000 0.030 0.000  0.284 0.000
 60.208333  61.208333   43.05 0.559  5.75 0.559 9.999 0.559259  1.82 0.559 0.574 0.000  3.662 0.000  5.126 0.000 999.99 0.559259  19.950 0.000   7.071 0.000  12.878 0.559 0.082 0.559  1.281 0.000
 63.208333  64.208333   30.21 0.000  1.88 0.000 0.063 0.000000  1.24 0.000 0.659 0.000  1.447 0.000  2.025 0.000 999.99 0.259000  15.855 0.000   2.638 0.000  13.217 0.000 0.027 0.000  2.117 0.000
 66.208333  67.208333   24.48 0.000  2.39 0.000 0.107 0.000000  0.36 0.000 0.083 0.000  0.735 0.000  1.029 0.000 999.99 0.259000  10.960 0.000   1.882 0.000   9.079 0.000 0.022 0.000  1.667 0.000
 69.208333  70.208333   12.10 0.000  0.74 0.000 0.110 0.000000  0.65 0.000 0.186 0.000  0.688 0.000  0.964 0.000 999.99 0.259000  11.435 0.000   4.937 0.000   6.498 0.000 0.025 0.000  0.953 0.000
 72.208333  73.208333   33.19 0.000  2.81 0.000 9.999 0.259000  0.60 0.000 0.311 0.000  1.205 0.000  1.686 0.000 999.99 0.259000   9.036 0.000   2.670 0.000   6.366 0.000 0.040 0.000  0.795 0.000
 75.208333  76.208333   14.27 0.000  1.10 0.000 9.999 0.259000  0.43 0.000 0.142 0.000  0.750 0.000  1.049 0.000 999.99 0.259000  10.112 0.000   4.254 0.000   5.858 0.000 0.033 0.000  0.690 0.000
 78.208333  79.208333   18.63 0.000  2.23 0.000 0.081 0.000000  1.53 0.000 0.140 0.000  1.472 0.000  2.061 0.000 999.99 0.259000  13.258 0.000   2.349 0.000  10.908 0.000 0.032 0.000  1.816 0.000
 81.208333  82.208333   26.47 0.000  3.09 0.000 9.999 0.259000  0.40 0.000 0.082 0.000  0.667 0.000  0.933 0.000 999.99 0.259000   7.112 0.000   2.620 0.000   4.492 0.000 0.027 0.000  0.619 0.000
 84.208333  85.208333   37.01 0.000  3.10 0.000 0.112 0.000000  1.69 0.000 0.211 0.000  0.779 0.000  1.090 0.000 999.99 0.259000  13.722 0.000   6.682 0.000   7.040 0.000 0.051 0.000  0.792 0.000
 87.208333  88.208333    6.98 0.000  1.29 0.000 0.064 0.000000  0.90 0.000 0.170 0.000  0.871 0.000  1.220 0.000 999.99 0.259000  12.132 0.000   5.596 0.000   6.536 0.000 0.032 0.000  0.782 0.000
 90.208333  91.208333   10.92 0.000  0.38 0.000 9.999 0.259000  1.79 0.000 0.081 0.000  0.682 0.000  0.955 0.000 999.99 0.259000   6.321 0.000   1.239 0.000   5.082 0.000 0.009 0.000  0.774 0.000
 93.208333  94.208333   20.15 0.000  3.20 0.000 9.999 0.259000  1.72 0.000 0.125 0.000  1.062 0.000  1.487 0.000 999.99 0.259000   9.897 0.000   1.018 0.000   8.879 0.000 0.018 0.000  1.498 0.000
 96.208333  97.208333   41.36 0.000  3.63 0.000 9.999 0.259000  0.69 0.000 0.162 0.000  0.787 0.000  1.102 0.000 999.99 0.259000 999.999 0.999 999.999 0.999   3.798 0.000 0.026 0.000  0.312 0.000
 99.208333 100.208333   45.99 0.000  4.02 0.000 9.999 0.259000  0.75 0.000 0.545 0.000  1.701 0.000  2.382 0.000 999.99 0.259000  19.711 0.000   8.766 0.000  10.945 0.000 0.038 0.000  1.430 0.000
102.208333 103.208333   20.98 0.000  2.36 0.000 9.999 0.259000  0.74 0.000 0.290 0.000  1.283 0.000  1.796 0.000 999.99 0.259000  15.294 0.000   6.152 0.000   9.143 0.000 0.035 0.000  1.066 0.000
105.208333 106.208333   19.75 0.000  1.45 0.000 0.067 0.000000  0.59 0.000 0.099 0.000  0.608 0.000  0.852 0.000 999.99 0.259000   6.577 0.000   2.963 0.000   3.614 0.000 0.024 0.000  0.387 0.000
108.208333 109.208333   61.68 0.000  4.53 0.000 0.075 0.000000  2.47 0.000 0.468 0.000  3.732 0.000  5.225 0.000 999.99 0.259000  33.475 0.000  11.817 0.000  21.658 0.000 0.095 0.000  2.524 0.000
111.208333 112.208333   11.98 0.000  0.63 0.000 9.999 0.259000  0.71 0.000 0.153 0.000  0.453 0.000  0.634 0.000 999.99 0.259000  15.697 0.000   9.664 0.000   6.033 0.000 0.042 0.000  0.431 0.000
114.208333 115.208333   31.15 0.000  2.47 0.000 9.999 0.259000  0.39 0.000 0.091 0.000  1.034 0.000  1.448 0.000 999.99 0.259000   8.987 0.000   2.728 0.000   6.259 0.000 0.029 0.000  0.816 0.000
117.208333 118.208333   46.49 0.000  2.99 0.000 9.999 0.259000  0.44 0.000 0.275 0.000  1.190 0.000  1.666 0.000 999.99 0.259000  14.546 0.000   5.320 0.000   9.225 0.000 0.043 0.000  1.364 0.000
120.208333 121.208333   40.34 0.000  1.76 0.000 0.075 0.000000  0.91 0.000 0.191 0.000  0.785 0.000  1.098 0.000 999.99 0.259000  18.697 0.000  10.407 0.000   8.290 0.000 0.052 0.000  1.128 0.000
123.208333 124.208333   13.54 0.000  1.00 0.000 9.999 0.259000  0.64 0.000 0.052 0.000  0.565 0.000  0.791 0.000 999.99 0.259000   5.794 0.000   2.228 0.000   3.566 0.000 0.020 0.000  0.456 0.000
126.208333 127.208333   46.24 0.000  2.63 0.000 9.999 0.259000  1.02 0.000 0.209 0.000  1.445 0.000  2.022 0.000 999.99 0.259000  25.948 0.000  16.201 0.000   9.747 0.000 0.031 0.000  1.453 0.000
129.208333 130.208333   25.02 0.000  1.27 0.000 9.999 0.259000  1.95 0.000 0.291 0.000  0.972 0.000  1.360 0.000 999.99 0.259000  27.530 0.000  17.981 0.000   9.549 0.000 0.058 0.000  1.351 0.000
132.208333 133.208333   88.74 0.000  5.02 0.000 9.999 0.259000  1.31 0.000 0.237 0.000  3.156 0.000  4.418 0.000 999.99 0.259000  37.393 0.000  14.473 0.000  22.920 0.000 0.079 0.000  3.209 0.000
135.208333 136.208333   89.25 0.000  1.65 0.000 9.999 0.259000  1.79 0.000 0.337 0.000  1.494 0.000  2.092 0.000 999.99 0.259000  27.943 0.000  15.020 0.000  12.924 0.000 0.096 0.000  1.642 0.000
138.208333 139.208333   89.22 0.000  1.89 0.000 0.074 0.000000  1.91 0.000 0.259 0.000  0.982 0.000  1.375 0.000 999.99 0.259000  25.188 0.000  11.817 0.000  13.371 0.000 0.083 0.000  2.233 0.000
141.208333 142.208333   23.01 0.000  1.27 0.000 9.999 0.259000  1.43 0.000 0.279 0.000  1.515 0.000  2.122 0.000 999.99 0.259000  21.039 0.000   6.247 0.000  14.792 0.000 0.023 0.000  2.784 0.000
144.208333 145.208333   50.18 0.000  1.32 0.000 9.999 0.259000  1.91 0.000 0.210 0.000  4.962 0.000  6.947 0.000 999.99 0.259000  36.665 0.000   9.902 0.000  26.763 0.000 0.068 0.000  3.417 0.000
147.208333 148.208333    6.21 0.000  1.01 0.000 9.999 0.259000  1.35 0.000 0.086 0.000  0.604 0.000  0.845 0.000 999.99 0.259000   9.681 0.000   2.642 0.000   7.039 0.000 0.012 0.000  1.263 0.000
150.208333 151.208333   38.45 0.000  2.66 0.000 9.999 0.259000  0.69 0.000 0.067 0.000  1.463 0.000  2.048 0.000 999.99 0.259000  12.492 0.000   5.579 0.000   6.913 0.000 0.048 0.000  0.787 0.000
153.208333 154.208333   44.09 0.000  4.73 0.000 9.999 0.259000  0.58 0.000 0.100 0.000  1.414 0.000  1.979 0.000 999.99 0.259000  16.503 0.000   6.431 0.000  10.073 0.000 0.039 0.000  1.321 0.000
156.208333 157.208333   21.73 0.000  1.35 0.000 9.999 0.259000  0.78 0.000 0.139 0.000  1.060 0.000  1.484 0.000 999.99 0.259000  14.957 0.000   5.615 0.000   9.342 0.000 0.037 0.000  1.287 0.000
159.208333 160.208333   26.35 0.000  2.87 0.000 9.999 0.259000  2.28 0.000 0.092 0.000  1.605 0.000  2.248 0.000 999.99 0.259000  29.814 0.000   4.146 0.000  25.668 0.000 0.027 0.000  5.103 0.000
162.208333 163.208333   30.95 0.000  1.30 0.000 0.057 0.000000  0.38 0.000 0.074 0.000  1.266 0.000  1.772 0.000 999.99 0.259000   8.835 0.000   4.163 0.000   4.671 0.000 0.030 0.000  0.286 0.000
165.208333 166.208333   24.91 0.000  0.97 0.000 9.999 0.259000  1.25 0.000 0.144 0.000  0.566 0.000  0.793 0.000  15.12 0.000000  23.611 0.000  17.258 0.000   6.353 0.000 0.041 0.000  0.540 0.000
168.208333 169.208333   58.15 0.000  0.95 0.000 0.132 0.000000  1.30 0.000 0.133 0.000  2.884 0.000  4.038 0.000 999.99 0.259000  24.428 0.000   6.222 0.000  18.206 0.000 0.092 0.000  2.782 0.000
171.208333 172.208333   26.62 0.000  2.80 0.000 0.061 0.000000  0.77 0.000 0.031 0.000  1.268 0.000  1.775 0.000 999.99 0.259000  11.655 0.000   6.785 0.000   4.870 0.000 0.021 0.000  0.456 0.000
174.208333 175.208333   63.46 0.000  3.37 0.000 9.999 0.259000  1.32 0.000 0.096 0.000  2.371 0.000  3.319 0.000 999.99 0.259000  65.891 0.000  49.931 0.000  15.960 0.000 0.049 0.000  2.345 0.000
177.208333 178.208333   37.69 0.000  3.62 0.000 0.227 0.000000  0.87 0.000 0.051 0.000  1.628 0.000  2.279 0.000 999.99 0.259000  26.961 0.000  10.778 0.000  16.183 0.000 0.044 0.000  3.051 0.000
180.208333 181.208333   40.99 0.000  3.22 0.000 0.100 0.000000  1.06 0.000 0.053 0.000  2.226 0.000  3.116 0.000 999.99 0.259000  20.323 0.000   8.423 0.000  11.899 0.000 0.029 0.000  1.690 0.000
183.208333 184.208333   82.89 0.000  1.02 0.000 9.999 0.259000  1.46 0.000 0.117 0.000  2.167 0.000  3.034 0.000 999.99 0.259000  24.526 0.000   8.142 0.000  16.384 0.000 0.062 0.000  2.690 0.000
186.208333 187.208333   37.62 0.000  1.72 0.000 9.999 0.259000  0.91 0.000 0.107 0.000  2.905 0.000  4.066 0.000 999.99 0.259000  23.121 0.000   4.055 0.000  19.067 0.000 0.144 0.000  3.012 0.000
189.208333 190.208333   63.96 0.000  2.44 0.000 0.123 0.000000  0.96 0.000 0.056 0.000  2.253 0.000  3.154 0.000 999.99 0.259000  20.432 0.000   5.020 0.000  15.412 0.000 0.054 0.000  2.562 0.000
192.208333 193.208333   31.46 0.000  3.11 0.000 9.999 0.259000  2.36 0.000 0.040 0.000  3.154 0.000  4.415 0.000 999.99 0.259000  16.634 0.000   2.776 0.000  13.858 0.000 0.062 0.000  1.742 0.000
195.208333 196.208333 9999.99 0.999 99.99 0.999 9.999 0.999000 99.99 0.999 9.999 0.999 99.999 0.999 99.999 0.999 999.99 0.999000  12.007 0.000 999.999 0.999 999.999 0.999 9.999 0.999 99.999 0.999
198.208333 199.208333   51.61 0.000  3.80 0.000 9.999 0.259000  0.95 0.000 0.055 0.000  6.293 0.000  8.810 0.000 999.99 0.259000  26.042 0.000   3.758 0.000  22.284 0.000 0.095 0.000  2.058 0.000
201.208333 202.208333   39.05 0.000  2.61 0.000 9.999 0.259000  1.18 0.000 0.054 0.000  2.879 0.000  4.030 0.000 999.99 0.259000  25.557 0.000   2.009 0.000  23.548 0.000 0.047 0.000  4.012 0.000
204.208333 205.208333   32.04 0.000  2.42 0.000 9.999 0.259000  0.79 0.000 0.042 0.000  3.148 0.000  4.407 0.000 999.99 0.259000  37.229 0.000   2.167 0.000  35.062 0.000 0.065 0.000  6.235 0.000
207.208333 208.208333    5.43 0.000  0.61 0.000 9.999 0.259000  0.40 0.000 0.067 0.000  1.395 0.000  1.953 0.000 999.99 0.259000  11.749 0.000   5.563 0.000   6.186 0.000 0.029 0.000  0.712 0.000
210.208333 211.208333   23.98 0.000  2.13 0.000 0.129 0.000000  0.57 0.000 0.061 0.000  1.441 0.000  2.017 0.000 999.99 0.259000  16.746 0.000   2.555 0.000  14.191 0.000 0.025 0.000  2.678 0.000
213.208333 214.208333   25.39 0.000  0.24 0.000 9.999 0.259000  0.42 0.000 0.080 0.000  0.588 0.000  0.824 0.000 999.99 0.259000   9.841 0.000   5.463 0.000   4.378 0.000 0.035 0.000  0.346 0.000
216.208333 217.208333   49.48 0.000  2.34 0.000 9.999 0.259000  2.61 0.000 0.070 0.000  2.960 0.000  4.143 0.000 999.99 0.259000  21.508 0.000   3.336 0.000  18.172 0.000 0.040 0.000  2.931 0.000
219.208333 220.208333   28.37 0.000  3.57 0.000 9.999 0.259000  0.32 0.000 0.031 0.000  1.534 0.000  2.148 0.000 999.99 0.259000   6.905 0.000   2.714 0.000   4.191 0.000 0.036 0.000  0.280 0.000
222.208333 223.208333   42.12 0.000  2.30 0.000 0.041 0.000000  1.09 0.000 0.100 0.000  2.772 0.000  3.881 0.000 999.99 0.259000  25.164 0.000   5.633 0.000  19.530 0.000 0.051 0.000  3.015 0.000
225.208333 226.208333   34.53 0.000  1.46 0.000 0.044 0.000000  0.76 0.000 0.091 0.000  1.079 0.000  1.511 0.000 999.99 0.259000  10.437 0.000   3.552 0.000   6.884 0.000 0.034 0.000  0.970 0.000
228.208333 229.208333   67.23 0.000  1.38 0.000 9.999 0.259000  0.16 0.000 0.051 0.000  0.788 0.000  1.103 0.000 999.99 0.259000  11.191 0.000   4.246 0.000   6.944 0.000 0.045 0.000  0.994 0.000
231.208333 232.208333   34.05 0.000  1.31 0.000 9.999 0.259000  1.20 0.000 0.133 0.000  2.063 0.000  2.888 0.000 999.99 0.259000  18.681 0.000   4.152 0.000  14.528 0.000 0.054 0.000  2.300 0.000
234.208333 235.208333   25.33 0.000  2.35 0.000 9.999 0.259000  0.41 0.000 0.071 0.000  1.336 0.000  1.870 0.000 999.99 0.259000  12.214 0.000   5.239 0.000   6.975 0.000 0.043 0.000  0.865 0.000
237.208333 238.208333   14.99 0.000  1.31 0.000 9.999 0.259000  0.68 0.000 0.077 0.000  0.887 0.000  1.241 0.000 999.99 0.259000  14.051 0.000   4.762 0.000   9.289 0.000 0.028 0.000  1.730 0.000
240.208333 241.208333   21.24 0.000  0.97 0.000 9.999 0.259000  1.26 0.000 0.088 0.000  1.123 0.000  1.571 0.000 999.99 0.259000  14.696 0.000   4.523 0.000  10.173 0.000 0.033 0.000  1.770 0.000
