scripts/IMPROVE-2019_partial/data/US0053R.20070103070000.20191216000000.filterpack...1y.3d.US03L_filterpack_US0053.US03L_IMPROVE_Davis.lev2.nas
52 1001
MISSING INFORMATION
US03L, IMPROVE, , , , , , , 
MISSING INFORMATION
IMPROVE sel_HTAP
1 1
2007 01 01 2019 12 16
3.000000
days from file reference point
5
1 1 1 1 1
999.999999 999.999 9.999 999.999 9.999
end_time of measurement, days from the file reference point
pm10_mass, ug/m3, Matrix=pm10
numflag pm10_mass, no unit, Matrix=pm10
pm25_mass, ug/m3, Matrix=pm25
numflag pm25_mass, no unit, Matrix=pm25
0
33
Data definition:              EBAS_1.1
Set type code:                TU
Timezone:                     UTC
File name:                    US0053R.20070103070000.20191216000000.filterpack...1y.3d.US03L_filterpack_US0053.US03L_IMPROVE_Davis.lev2.nas
File creation:                20191218115839
Startdate:                    20070103070000
Revision date:                20191216000000
Version:                      2
Version description:          "Data extracted from http://views.cira.colostate.edu/fed/DataWizard 2019-12-16"
Statistics:                   arithmetic mean
Data level:                   2
Period code:                  1y
Resolution code:              3d
Sample duration:              1d
Orig. time res.:              3d
Station code:                 US0053R
Platform code:                US0053S
Station name:                 Flathead
Station latitude:             47.7734
Station longitude:            -114.269
Station altitude:             1580.0 m
Regime:                       IMG
Component:                    
Unit:                         ug/m3
Matrix:                       
Laboratory code:              US03L
Instrument type:              filterpack
Instrument name:              filterpack_US0053
Method ref:                   US03L_IMPROVE_Davis
Blank correction:             Blank corrected
Volume std. temperature:      ambient
Volume std. pressure:         ambient
starttime endtime PM10 flag_PM10 PM2.5 flag_PM2.5
  2.291667   3.291667   0.084 0.000   0.093 0.000
  5.291667   6.291667   2.017 0.000   0.183 0.000
  8.291667   9.291667   1.447 0.000   0.433 0.000
 11.291667  12.291667   5.033 0.000   2.706 0.000
 14.291667  15.291667   3.900 0.000   3.534 0.000
 17.291667  18.291667   1.989 0.000   1.030 0.000
 20.291667  21.291667   1.138 0.000   0.912 0.000
 23.291667  24.291667   1.276 0.000   0.809 0.000
 26.291667  27.291667   5.098 0.000   3.570 0.000
 29.291667  30.291667   5.163 0.000   2.451 0.000
 32.291667  33.291667   2.151 0.000   1.645 0.000
 35.291667  36.291667   1.075 0.000   0.785 0.000
 38.291667  39.291667   1.683 0.000   1.175 0.000
 41.291667  42.291667   0.639 0.000   0.655 0.000
 44.291667  45.291667   2.110 0.000   1.714 0.000
 47.291667  48.291667   1.747 0.000   1.168 0.000
 50.291667  51.291667   1.271 0.000   0.353 0.000
 53.291667  54.291667   0.969 0.000   0.657 0.000
 56.291667  57.291667   0.848 0.000   0.508 0.000
 59.291667  60.291667   1.167 0.000   0.555 0.000
 62.291667  63.291667 999.999 0.999 999.999 0.999
 65.291667  66.291667 999.999 0.999 999.999 0.999
 68.291667  69.291667   2.837 0.000   1.574 0.000
 71.291667  72.291667   3.935 0.000   1.855 0.000
 74.291667  75.291667   1.767 0.000   1.232 0.000
 77.291667  78.291667   3.687 0.000   2.231 0.000
 80.291667  81.291667   3.316 0.000   1.685 0.000
 83.291667  84.291667   1.301 0.000   0.881 0.000
 86.291667  87.291667   3.580 0.000   2.502 0.000
 89.291667  90.291667   5.423 0.000   3.427 0.000
 92.291667  93.291667   3.656 0.000   1.475 0.000
 95.291667  96.291667   3.486 0.000   2.361 0.000
 98.291667  99.291667   3.731 0.000   1.894 0.000
101.291667 102.291667   4.113 0.000   1.818 0.000
104.291667 105.291667   3.036 0.000   1.832 0.000
107.291667 108.291667 999.999 0.456   0.943 0.000
110.291667 111.291667 999.999 0.456   2.007 0.000
113.291667 114.291667 999.999 0.456   2.337 0.000
116.291667 117.291667   8.642 0.000   4.909 0.000
119.291667 120.291667   8.690 0.000   4.027 0.000
122.291667 123.291667   1.460 0.000   0.663 0.000
125.291667 126.291667   4.742 0.000   2.467 0.000
128.291667 129.291667   7.769 0.000   3.505 0.000
131.291667 132.291667  10.415 0.000   5.062 0.000
134.291667 135.291667  10.282 0.000   6.406 0.000
137.291667 138.291667  13.529 0.000   5.762 0.000
140.291667 141.291667 999.999 0.999 999.999 0.999
143.291667 144.291667 999.999 0.999 999.999 0.999
146.291667 147.291667 999.999 0.999 999.999 0.999
149.291667 150.291667   6.215 0.000   3.140 0.000
152.291667 153.291667  10.716 0.000   5.922 0.000
155.291667 156.291667   4.046 0.000   2.379 0.659
158.291667 159.291667   2.815 0.000   1.341 0.000
161.291667 162.291667   4.689 0.000   2.258 0.000
164.291667 165.291667   8.160 0.000   2.890 0.000
167.291667 168.291667   4.199 0.000   1.373 0.659
170.291667 171.291667   6.887 0.000   3.068 0.000
173.291667 174.291667   9.304 0.000   3.512 0.000
176.291667 177.291667   4.019 0.000   1.414 0.000
179.291667 180.291667  12.207 0.000   5.011 0.000
182.291667 183.291667   7.224 0.000   2.976 0.000
185.291667 186.291667 999.999 0.456   5.089 0.000
188.291667 189.291667 999.999 0.456   3.250 0.000
191.291667 192.291667   8.387 0.000   3.434 0.000
194.291667 195.291667  21.498 0.000   7.902 0.000
197.291667 198.291667  18.696 0.000  12.526 0.000
200.291667 201.291667  10.438 0.000   6.576 0.000
203.291667 204.291667  14.567 0.000  10.701 0.000
206.291667 207.291667  15.383 0.000  10.489 0.000
209.291667 210.291667   9.544 0.000   6.412 0.000
212.291667 213.291667  27.104 0.000  27.573 0.000
215.291667 216.291667  19.794 0.000  13.701 0.000
218.291667 219.291667  30.785 0.000  30.154 0.000
221.291667 222.291667   4.774 0.000   1.591 0.000
224.291667 225.291667   1.156 0.000   0.150 0.000
227.291667 228.291667  71.638 0.000  71.545 0.000
230.291667 231.291667  27.185 0.000  25.251 0.000
233.291667 234.291667   6.805 0.000   5.073 0.000
236.291667 237.291667   8.333 0.000   5.343 0.000
239.291667 240.291667   9.847 0.000   6.187 0.000
242.291667 243.291667  11.731 0.000   6.633 0.000
245.291667 246.291667  12.443 0.000  12.318 0.000
248.291667 249.291667  11.408 0.000   4.742 0.000
251.291667 252.291667 999.999 0.999 999.999 0.999
254.291667 255.291667  21.573 0.000  15.557 0.000
257.291667 258.291667  19.832 0.000  15.824 0.000
260.291667 261.291667   5.830 0.000   2.899 0.000
263.291667 264.291667   6.485 0.000   2.644 0.000
266.291667 267.291667   2.269 0.000   1.548 0.000
269.291667 270.291667   6.108 0.000   2.888 0.000
272.291667 273.291667   2.443 0.000   1.455 0.000
275.291667 276.291667   1.391 0.000   1.126 0.000
278.291667 279.291667   2.378 0.000   2.009 0.000
281.291667 282.291667   3.992 0.000   3.864 0.000
284.291667 285.291667   3.958 0.000   3.455 0.000
287.291667 288.291667   6.623 0.000   5.986 0.000
290.291667 291.291667   3.268 0.000   2.834 0.000
293.291667 294.291667   1.493 0.000   1.253 0.000
296.291667 297.291667 999.999 0.999 999.999 0.999
299.291667 300.291667   4.864 0.000   4.634 0.000
302.291667 303.291667   5.673 0.000   6.096 0.000
305.291667 306.291667   4.614 0.000   3.927 0.000
308.291667 309.291667   3.359 0.000   2.308 0.000
311.291667 312.291667 999.999 0.999 999.999 0.999
314.291667 315.291667 999.999 0.999 999.999 0.999
317.291667 318.291667   3.369 0.000   3.247 0.000
320.291667 321.291667   1.258 0.000   1.363 0.000
323.291667 324.291667   6.693 0.000   6.063 0.659
326.291667 327.291667   5.830 0.000   5.293 0.659
329.291667 330.291667   1.977 0.000   1.964 0.000
332.291667 333.291667   4.101 0.000   4.102 0.000
335.291667 336.291667   2.710 0.000   1.517 0.000
338.291667 339.291667   1.715 0.000   1.316 0.000
341.291667 342.291667   1.943 0.000   1.463 0.000
344.291667 345.291667 999.999 0.999 999.999 0.999
347.291667 348.291667   0.697 0.000   0.642 0.000
350.291667 351.291667   1.066 0.000   0.788 0.000
353.291667 354.291667   0.375 0.000   0.118 0.000
356.291667 357.291667   0.831 0.000   0.412 0.000
359.291667 360.291667 999.999 0.999 999.999 0.999
362.291667 363.291667   0.523 0.000   0.291 0.000
