scripts/IMPROVE-2019_partial/data/US0065R.20040101050000.20191216000000.filterpack..pm25.52w.1w.US03L_filterpack_US0065.US03L_IMPROVE_Davis.lev2.nas
64 1001
MISSING INFORMATION
US03L, IMPROVE, , , , , , , 
MISSING INFORMATION
IMPROVE sel_HTAP
1 1
2004 01 01 2019 12 16
3.000000
days from file reference point
25
1 1 1 1 1 1 1 1 1 1 1 1 1 1 1 1 1 1 1 1 1 1 1 1 1
999.999999 999.99 9.999 999.99 9.999 9.999 9.999999 99.99 9.999999 99.999 9.999999 999.999 9.999 999.999 9.999 999.999 9.999 99.999 9.999 999.999 9.999 9.999 9.999 99.999 9.999999
end_time of measurement, days from the file reference point
iron, ng/m3, Revision date=20181210133000
numflag iron, no unit, Revision date=20181210133000
lead, ng/m3, Revision date=20181210133000
numflag lead, no unit, Revision date=20181210133000
magnesium, ug/m3, Revision date=20181210133000
numflag magnesium, no unit, Revision date=20181210133000
nickel, ng/m3, Revision date=20181210133000
numflag nickel, no unit, Revision date=20181210133000
nitrate, ug N/m3, Revision date=20181210133000
numflag nitrate, no unit, Revision date=20181210133000
organic_carbon, ug C/m3, Revision date=20181210133000
numflag organic_carbon, no unit, Revision date=20181210133000
organic_mass, ug/m3, Revision date=20181210133000
numflag organic_mass, no unit, Revision date=20181210133000
pm10_mass, ug/m3, Version=2, Version description=Data extracted from http://views.cira.colostate.edu/fed/DataWizard 2019-12-16, Sample duration=1d, Orig. time res.=3d, Matrix=pm10, Blank correction=Blank corrected, Volume std. temperature=ambient, Volume std. pressure=ambient
numflag pm10_mass, no unit, Version=2, Version description=Data extracted from http://views.cira.colostate.edu/fed/DataWizard 2019-12-16, Sample duration=1d, Orig. time res.=3d, Matrix=pm10, Blank correction=Blank corrected, Volume std. temperature=ambient, Volume std. pressure=ambient
pm10_pm25_mass, ug/m3, Revision date=20181210133000, Matrix=pm10_pm25
numflag pm10_pm25_mass, no unit, Revision date=20181210133000, Matrix=pm10_pm25
pm25_mass, ug/m3, Version=2, Version description=Data extracted from http://views.cira.colostate.edu/fed/DataWizard 2019-12-16, Sample duration=1d, Orig. time res.=3d, Blank correction=Blank corrected, Volume std. temperature=ambient, Volume std. pressure=ambient
numflag pm25_mass, no unit, Version=2, Version description=Data extracted from http://views.cira.colostate.edu/fed/DataWizard 2019-12-16, Sample duration=1d, Orig. time res.=3d, Blank correction=Blank corrected, Volume std. temperature=ambient, Volume std. pressure=ambient
potassium, ug/m3, Revision date=20181210133000
numflag potassium, no unit, Revision date=20181210133000
sulphate_total, ug S/m3, Revision date=20181210133000
numflag sulphate_total, no unit, Revision date=20181210133000
0
25
Data definition:              EBAS_1.1
Set type code:                TU
Timezone:                     UTC
File name:                    US0065R.20040101050000.20191216000000.filterpack..pm25.52w.1w.US03L_filterpack_US0065.US03L_IMPROVE_Davis.lev2.nas
File creation:                20191218115941
Startdate:                    20040101050000
Revision date:                20191216000000
Statistics:                   arithmetic mean
Data level:                   2
Period code:                  52w
Resolution code:              1w
Station code:                 US0065R
Platform code:                US0065S
Station name:                 Addison Pinnacle
Station latitude:             42.0912
Station longitude:            -77.2099
Station altitude:             512.0 m
Regime:                       IMG
Component:                    
Matrix:                       pm25
Laboratory code:              US03L
Instrument type:              filterpack
Instrument name:              filterpack_US0065
Method ref:                   US03L_IMPROVE_Davis
starttime endtime Fe flag_Fe Pb flag_Pb Mg++ flag_Mg++ Ni flag_Ni NO3- flag_NO3- OC flag_OC OM flag_OM PM10 flag_PM10 PM10-PM2.5 flag_PM10-PM2.5 PM2.5 flag_PM2.5 K+ flag_K+ SO4-- flag_SO4--
  0.208333   1.208333  14.42 0.000   3.82 0.000 9.999 0.259000  0.13 0.000000  0.242 0.000000   0.885 0.000   1.239 0.000   5.895 0.000  2.178 0.000   3.717 0.000 0.033 0.000  0.328 0.000000
  3.208333   4.208333   7.62 0.000   1.39 0.000 9.999 0.259000  0.12 0.000000  0.252 0.000000   0.668 0.000   0.936 0.000   4.643 0.000  0.459 0.000   4.184 0.000 0.016 0.000  0.378 0.000000
  6.208333   7.208333  13.75 0.000   1.44 0.000 9.999 0.259000  0.16 0.000000  0.260 0.559000   0.758 0.000   1.061 0.000   6.369 0.000  2.553 0.000   3.817 0.000 0.021 0.000  0.306 0.559000
  9.208333  10.208333   5.27 0.559   1.54 0.559 9.999 0.559259  0.16 0.559000  0.231 0.559000   1.366 0.000   1.913 0.000   5.988 0.000  1.368 0.000   4.620 0.559 0.036 0.559  0.270 0.559000
 12.208333  13.208333 999.99 0.456 999.99 0.456 9.999 0.456000 99.99 0.456000  0.241 0.559000   0.740 0.000   1.036 0.000   6.062 0.000 99.999 0.999 999.999 0.456 9.999 0.456  0.549 0.559000
 15.208333  16.208333   6.18 0.559   1.19 0.559 9.999 0.559259 99.99 0.559259  0.122 0.559000   0.513 0.000   0.718 0.000   3.287 0.000  0.754 0.000   2.533 0.559 0.018 0.559  0.252 0.559000
 18.208333  19.208333   4.51 0.000   0.61 0.000 9.999 0.259000  0.11 0.000000  0.062 0.559000   0.325 0.000   0.456 0.000   1.961 0.000  0.347 0.000   1.614 0.000 0.011 0.000  0.190 0.559000
 21.208333  22.208333  23.63 0.000   2.08 0.000 9.999 0.259000  0.20 0.000000  0.213 0.559000   1.063 0.000   1.488 0.000   8.047 0.000  2.708 0.000   5.340 0.000 0.031 0.000  0.571 0.559000
 24.208333  25.208333  11.33 0.559   1.97 0.559 9.999 0.559259  0.16 0.559000  0.151 0.559000   1.372 0.000   1.920 0.000   6.082 0.000  1.642 0.000   4.440 0.559 0.039 0.559  0.318 0.559000
 27.208333  28.208333  16.75 0.000   2.21 0.000 9.999 0.259000  0.46 0.000000  0.165 0.559000   1.039 0.000   1.454 0.000   5.760 0.000  0.667 0.000   5.093 0.000 0.029 0.000  0.696 0.559000
 30.208333  31.208333  32.71 0.000   2.84 0.000 9.999 0.259000  0.15 0.000000  0.242 0.559000   1.306 0.000   1.829 0.000   7.848 0.000  1.622 0.000   6.227 0.000 0.038 0.000  0.657 0.559000
 33.208333  34.208333  17.38 0.000   4.63 0.000 0.030 0.000000  2.60 0.000000  0.448 0.559000   1.332 0.000   1.864 0.000   8.331 0.000  0.990 0.000   7.341 0.000 0.026 0.000  0.667 0.559000
 36.208333  37.208333   4.63 0.000   1.27 0.000 9.999 0.259000  0.55 0.000000  0.115 0.559000   0.713 0.000   0.998 0.000   4.142 0.000  0.278 0.000   3.865 0.000 0.014 0.000  0.597 0.559000
 39.208333  40.208333  25.39 0.000   3.29 0.000 9.999 0.259000  0.26 0.000000  0.086 0.559000   1.199 0.000   1.678 0.000   8.660 0.000  1.744 0.000   6.916 0.000 0.030 0.000  1.026 0.559000
 42.208333  43.208333  33.57 0.000   3.51 0.000 9.999 0.259000  0.31 0.000000  0.283 0.559000   1.697 0.000   2.376 0.000  10.662 0.000  2.039 0.000   8.623 0.000 0.049 0.000  1.038 0.559000
 45.208333  46.208333   6.20 0.559   1.33 0.559 9.999 0.559259  0.25 0.559000  0.117 0.559000   0.578 0.000   0.809 0.000   3.821 0.000  1.157 0.000   2.664 0.559 0.017 0.559  0.266 0.559000
 48.208333  49.208333  54.67 0.000   6.23 0.000 0.032 0.000000  0.69 0.000000  1.159 0.000000   2.585 0.000   3.619 0.000  20.999 0.000  5.410 0.000  15.588 0.000 0.057 0.000  1.061 0.000000
 51.208333  52.208333  32.29 0.000   2.54 0.000 9.999 0.259000  0.52 0.000000  0.465 0.000000   1.027 0.000   1.438 0.000   8.041 0.000  0.596 0.000   7.445 0.000 0.026 0.000  0.966 0.000000
 54.208333  55.208333  10.94 0.000   3.15 0.000 9.999 0.259000  0.23 0.000000  0.408 0.559000   0.952 0.000   1.332 0.000   6.770 0.000  1.565 0.000   5.205 0.000 0.025 0.000  0.350 0.559000
 57.208333  58.208333  15.48 0.000   2.08 0.000 9.999 0.259000  0.18 0.000000  0.303 0.559000   0.969 0.000   1.356 0.000   7.109 0.000  3.063 0.000   4.046 0.000 0.025 0.000  0.200 0.559000
 60.208333  61.208333  46.26 0.000   7.94 0.000 9.999 0.259000  0.20 0.000000  0.534 0.559000   2.648 0.000   3.707 0.000  15.809 0.000  3.450 0.000  12.359 0.000 0.075 0.000  1.294 0.559000
 63.208333  64.208333  35.56 0.000   5.92 0.000 9.999 0.259000  0.22 0.000000  0.613 0.559000   1.883 0.000   2.636 0.000  14.696 0.000  1.391 0.000  13.305 0.000 0.035 0.000  1.762 0.559000
 66.208333  67.208333   8.94 0.000   1.76 0.000 9.999 0.259000  0.13 0.000000  0.050 0.559000   0.604 0.000   0.846 0.000   4.926 0.000 99.999 0.259   5.143 0.000 0.013 0.000  0.916 0.559000
 69.208333  70.208333  12.01 0.000   2.34 0.000 9.999 0.259000  0.50 0.000000  0.328 0.559000   1.228 0.000   1.719 0.000   8.946 0.000  0.700 0.000   8.246 0.000 0.026 0.000  1.265 0.559000
 72.208333  73.208333  13.03 0.559   1.68 0.559 9.999 0.559259 99.99 0.559259  0.163 0.559000   0.491 0.000   0.688 0.000   5.188 0.000  1.559 0.000   3.629 0.559 0.019 0.559  0.466 0.559000
 75.208333  76.208333   8.60 0.000   3.74 0.000 9.999 0.259000  0.23 0.000000  0.103 0.559000   0.520 0.000   0.728 0.000   5.188 0.000  0.819 0.000   4.369 0.000 0.021 0.000  0.707 0.559000
 78.208333  79.208333  23.41 0.000   2.81 0.000 9.999 0.259000  0.26 0.000000  0.186 0.559000   1.846 0.000   2.585 0.000  12.010 0.000  2.027 0.000   9.983 0.000 0.037 0.000  1.507 0.559000
 81.208333  82.208333  14.78 0.559   2.89 0.559 0.057 0.559000 99.99 0.559259  0.064 0.559000   0.678 0.000   0.949 0.000   5.188 0.000  2.086 0.000   3.102 0.559 0.019 0.559  0.424 0.559000
 84.208333  85.208333  51.22 0.000   4.38 0.000 9.999 0.259000  0.16 0.000000  0.380 0.559000   3.085 0.000   4.319 0.000  16.447 0.000  3.959 0.000  12.488 0.000 0.081 0.000  1.222 0.559000
 87.208333  88.208333   8.08 0.394   2.21 0.394 9.999 0.394259 99.99 0.394259  0.065 0.559394   0.885 0.000   1.239 0.000   5.423 0.000  1.073 0.000   4.350 0.000 0.017 0.394  0.648 0.559394
 90.208333  91.208333  16.92 0.000   1.55 0.000 9.999 0.259000  0.30 0.000000  0.244 0.559000   0.750 0.000   1.050 0.000   9.665 0.000  1.520 0.000   8.146 0.000 0.015 0.000  1.520 0.559000
 93.208333  94.208333   4.96 0.000   1.23 0.000 9.999 0.259000 99.99 0.259000  0.064 0.559000   0.578 0.000   0.809 0.000   3.472 0.000  0.132 0.000   3.340 0.000 0.013 0.000  0.464 0.559000
 96.208333  97.208333  36.73 0.000   2.02 0.000 0.024 0.000000  0.16 0.000000  0.173 0.559000   0.854 0.000   1.195 0.000  10.013 0.000  5.903 0.000   4.111 0.000 0.027 0.000  0.297 0.559000
 99.208333 100.208333  20.57 0.000   3.45 0.000 9.999 0.259000 99.99 0.259000  0.223 0.559000   0.965 0.000   1.351 0.000   6.863 0.000  1.559 0.000   5.304 0.000 0.029 0.000  0.577 0.559000
102.208333 103.208333  22.25 0.000   3.62 0.000 9.999 0.259000  0.31 0.000000  0.146 0.559000   1.207 0.000   1.690 0.000   8.731 0.000  2.949 0.000   5.782 0.000 0.032 0.000  0.596 0.559000
105.208333 106.208333  18.43 0.000   2.10 0.000 9.999 0.259000 99.99 0.259000  0.050 0.559000   0.571 0.000   0.799 0.000   5.693 0.000  2.148 0.000   3.545 0.000 0.025 0.000  0.412 0.559000
108.208333 109.208333  65.00 0.000  21.55 0.000 9.999 0.259000  0.21 0.000000  0.378 0.559000   4.000 0.000   5.599 0.000  26.966 0.000  4.455 0.000  22.511 0.000 0.098 0.000  3.197 0.559000
111.208333 112.208333  39.58 0.000   2.80 0.000 9.999 0.259000  0.84 0.000000  0.388 0.000000   1.649 0.000   2.308 0.000  18.545 0.000  5.330 0.000  13.215 0.000 0.034 0.000  1.993 0.000000
114.208333 115.208333  17.97 0.000   3.07 0.000 9.999 0.259000  0.11 0.000000  0.333 0.559000   0.959 0.000   1.342 0.000   6.500 0.000  1.688 0.000   4.812 0.000 0.026 0.000  0.505 0.559000
117.208333 118.208333  19.05 0.000   2.79 0.000 9.999 0.259000 99.99 0.259000  0.123 0.559000   0.698 0.000   0.977 0.000   7.295 0.000  2.295 0.000   5.000 0.000 0.019 0.000  0.767 0.559000
120.208333 121.208333  61.90 0.000   2.81 0.000 9.999 0.259000  0.14 0.000000  0.061 0.559000   2.479 0.000   3.471 0.000  21.395 0.000  6.947 0.000  14.448 0.000 0.069 0.000  1.889 0.559000
123.208333 124.208333  10.64 0.000   1.01 0.000 9.999 0.259000  0.15 0.000000  0.109 0.000000   0.349 0.000   0.488 0.000   5.854 0.000  1.002 0.000   4.852 0.000 0.009 0.000  0.914 0.000000
126.208333 127.208333  25.68 0.000   2.60 0.000 9.999 0.259000  0.16 0.000000  0.143 0.000000   0.906 0.000   1.269 0.000   8.229 0.000  3.561 0.000   4.668 0.000 0.021 0.000  0.581 0.000000
129.208333 130.208333  27.25 0.000   4.00 0.000 9.999 0.259000  0.37 0.000000  0.184 0.000000   1.877 0.000   2.628 0.000  13.051 0.000  2.180 0.000  10.871 0.000 0.035 0.000  1.365 0.000000
132.208333 133.208333  46.70 0.000   3.47 0.000 0.083 0.000000  0.17 0.000000  0.055 0.559000   1.763 0.000   2.468 0.000  22.988 0.000  3.122 0.000  19.866 0.000 0.044 0.000  3.598 0.559000
135.208333 136.208333  25.26 0.000   1.57 0.000 9.999 0.259000  0.22 0.000000  0.074 0.000000   1.472 0.000   2.060 0.000  14.128 0.000  4.283 0.000   9.845 0.000 0.031 0.000  1.412 0.000000
138.208333 139.208333  30.55 0.000   1.52 0.000 9.999 0.259000  0.26 0.000000  0.060 0.000000   1.035 0.000   1.449 0.000  16.052 0.000  4.316 0.000  11.735 0.000 0.030 0.000  2.122 0.000000
141.208333 142.208333  19.04 0.000   2.61 0.000 9.999 0.259000  0.21 0.000000  0.255 0.000000   1.357 0.000   1.900 0.000  17.983 0.000  4.213 0.000  13.771 0.000 0.021 0.000  2.319 0.000000
144.208333 145.208333  23.05 0.000   2.20 0.000 9.999 0.259000  0.18 0.000000  0.038 0.000000   1.445 0.000   2.023 0.000  17.241 0.000  6.248 0.000  10.993 0.000 0.026 0.000  1.804 0.000000
147.208333 148.208333  28.07 0.000   2.29 0.000 9.999 0.259000  0.16 0.000000  0.103 0.000000   1.085 0.000   1.519 0.000  15.775 0.000  5.165 0.000  10.610 0.000 0.021 0.000  1.864 0.000000
150.208333 151.208333  33.58 0.000   7.50 0.000 9.999 0.259000  0.08 0.000000  0.080 0.000000   1.611 0.000   2.256 0.000   9.100 0.000  3.715 0.000   5.385 0.000 0.037 0.000  0.507 0.000000
153.208333 154.208333  19.31 0.394   1.99 0.394 9.999 0.394259 99.99 0.394259  0.052 0.394000   0.784 0.000   1.098 0.000   8.110 0.000  3.681 0.000   4.428 0.000 0.019 0.394  0.574 0.394000
156.208333 157.208333  26.96 0.000   4.39 0.000 9.999 0.259000  0.33 0.000000  0.099 0.000000   1.478 0.000   2.069 0.000   7.587 0.000  1.878 0.000   5.709 0.000 0.025 0.000  0.458 0.000000
159.208333 160.208333  50.80 0.000   3.95 0.000 9.999 0.259000  0.21 0.000000  0.019 0.559000   2.047 0.000   2.865 0.000  40.613 0.000  4.170 0.000  36.443 0.000 0.044 0.000  7.239 0.559000
162.208333 163.208333  21.82 0.000   1.49 0.000 9.999 0.259000  0.10 0.000000  0.051 0.000000   0.723 0.000   1.013 0.000   7.304 0.000  4.637 0.000   2.666 0.000 0.018 0.000  0.196 0.000000
165.208333 166.208333  36.39 0.000   1.98 0.000 0.128 0.000000  0.23 0.000000  0.039 0.000000   1.448 0.000   2.028 0.000  14.647 0.000  4.245 0.000  10.402 0.000 0.035 0.000  1.532 0.000000
168.208333 169.208333  33.38 0.000   3.60 0.000 9.999 0.259000 99.99 0.259000  0.101 0.000000   1.719 0.000   2.406 0.000  20.040 0.000  2.946 0.000  17.094 0.000 0.033 0.000  2.826 0.000000
171.208333 172.208333  12.33 0.000   1.49 0.000 0.090 0.000000  0.12 0.000000  0.020 0.559000   0.700 0.000   0.980 0.000   5.228 0.000  2.679 0.000   2.549 0.000 0.017 0.000  0.225 0.559000
174.208333 175.208333  33.05 0.000   2.00 0.000 0.108 0.000000  0.18 0.000000  0.092 0.000000   1.359 0.000   1.903 0.000  12.444 0.000  4.022 0.000   8.422 0.000 0.027 0.000  1.190 0.000000
177.208333 178.208333  16.32 0.000   3.01 0.000 9.999 0.259000  0.19 0.000000  0.184 0.000000   0.952 0.000   1.332 0.000   9.594 0.000  3.747 0.000   5.846 0.000 0.036 0.000  0.795 0.000000
180.208333 181.208333  17.16 0.000   1.97 0.000 9.999 0.259000  0.20 0.000000  0.102 0.000000   1.101 0.000   1.541 0.000   9.195 0.000  1.940 0.000   7.255 0.000 0.021 0.000  1.082 0.000000
183.208333 184.208333  27.09 0.000   2.86 0.000 9.999 0.259000  0.13 0.000000  0.036 0.559000   2.251 0.000   3.152 0.000  19.218 0.000  3.780 0.000  15.439 0.000 0.052 0.000  2.405 0.559000
186.208333 187.208333  18.06 0.000   2.96 0.000 0.072 0.000000 99.99 0.259000  0.028 0.559000   1.395 0.000   1.953 0.000  14.687 0.000  2.371 0.000  12.316 0.000 0.102 0.000  2.161 0.559000
189.208333 190.208333  21.41 0.000   1.81 0.000 9.999 0.259000  0.11 0.000000  0.037 0.000000   0.985 0.000   1.379 0.000  12.572 0.000  3.442 0.000   9.130 0.000 0.021 0.000  1.587 0.000000
192.208333 193.208333  30.98 0.000   6.81 0.000 9.999 0.259000  0.22 0.000000  0.053 0.000000   2.451 0.000   3.431 0.000  15.006 0.000  2.772 0.000  12.234 0.000 0.038 0.000  1.662 0.000000
195.208333 196.208333  13.31 0.000   0.72 0.000 9.999 0.259000  0.14 0.000000  0.027 0.559000   0.916 0.000   1.282 0.000  11.240 0.000  2.858 0.000   8.381 0.000 0.018 0.000  1.486 0.559000
198.208333 199.208333  14.11 0.000   1.13 0.000 9.999 0.259000  0.15 0.000000  0.028 0.559000   4.199 0.000   5.879 0.000  13.970 0.000  2.107 0.000  11.862 0.000 0.064 0.000  0.512 0.559000
201.208333 202.208333  20.77 0.000   2.27 0.000 0.068 0.000000  0.13 0.000000  0.065 0.000000   4.404 0.000   6.166 0.000  21.672 0.000  3.031 0.000  18.641 0.000 0.065 0.000  1.855 0.000000
204.208333 205.208333  28.46 0.000   5.25 0.000 0.235 0.000000 99.99 0.259000  0.038 0.000000   2.473 0.000   3.462 0.000  26.052 0.000  2.996 0.000  23.056 0.000 0.041 0.000  3.673 0.000000
207.208333 208.208333  24.17 0.000   8.51 0.000 9.999 0.259000  0.65 0.000000  0.068 0.000000   2.700 0.000   3.780 0.000  11.999 0.000  2.209 0.000   9.790 0.000 0.038 0.000  0.794 0.000000
210.208333 211.208333  13.73 0.000   1.46 0.000 9.999 0.259000 99.99 0.259000  0.037 0.000000   1.228 0.000   1.720 0.000   9.967 0.000  1.658 0.000   8.309 0.000 0.015 0.000  1.197 0.000000
213.208333 214.208333  24.72 0.000   2.24 0.000 9.999 0.259000  0.14 0.000000  0.023 0.000000   1.697 0.000   2.376 0.000  18.234 0.000  1.604 0.000  16.630 0.000 0.030 0.000  2.914 0.000000
216.208333 217.208333  27.77 0.000   1.98 0.000 9.999 0.259000  0.16 0.000000  0.092 0.000000   1.549 0.000   2.169 0.000  16.871 0.000  3.044 0.000  13.827 0.000 0.036 0.000  1.898 0.000000
219.208333 220.208333  18.13 0.000   3.10 0.000 9.999 0.259000 99.99 0.259000  0.023 0.000000   0.912 0.000   1.276 0.000   4.657 0.000  1.520 0.000   3.137 0.000 0.019 0.000  0.287 0.000000
222.208333 223.208333  34.07 0.000   1.51 0.000 9.999 0.259000  0.28 0.000000  0.022 0.000000   1.535 0.000   2.148 0.000  30.562 0.000  1.364 0.000  29.198 0.000 0.036 0.000  5.346 0.000000
225.208333 226.208333   5.50 0.000   1.17 0.000 9.999 0.259000 99.99 0.259000  0.064 0.000000   0.572 0.000   0.801 0.000   5.311 0.000  1.595 0.000   3.716 0.000 0.008 0.000  0.558 0.000000
228.208333 229.208333  30.42 0.000   2.83 0.000 9.999 0.259000  0.11 0.000000  0.117 0.000000   1.490 0.000   2.085 0.000  14.951 0.000  2.240 0.000  12.711 0.000 0.030 0.000  2.089 0.000000
231.208333 232.208333  35.17 0.000   3.11 0.000 9.999 0.259000  0.08 0.000000  0.015 0.000000   1.589 0.000   2.225 0.000  22.549 0.000  4.661 0.000  17.888 0.000 0.040 0.000  3.067 0.000000
234.208333 235.208333  13.30 0.000   6.22 0.000 9.999 0.259000 99.99 0.259000  0.040 0.000000   1.107 0.000   1.550 0.000   6.410 0.000  2.268 0.000   4.142 0.000 0.018 0.000  0.325 0.000000
237.208333 238.208333  44.28 0.000   4.22 0.000 9.999 0.259000  0.88 0.000000  0.079 0.000000   1.837 0.000   2.572 0.000  35.256 0.000  1.518 0.000  33.739 0.000 0.043 0.000  6.685 0.000000
240.208333 241.208333  36.80 0.000   1.69 0.000 9.999 0.259000  0.17 0.000000  0.023 0.000000   1.197 0.000   1.676 0.000 999.999 0.999 99.999 0.999  13.858 0.000 0.033 0.000  2.520 0.000000
243.208333 244.208333  13.40 0.000   1.31 0.000 0.038 0.000000  0.20 0.000000  0.109 0.000000   1.764 0.000   2.469 0.000 999.999 0.999 99.999 0.999   5.997 0.000 0.015 0.000  0.828 0.000000
246.208333 247.208333  26.90 0.000   3.25 0.000 9.999 0.259000  0.18 0.000000  0.037 0.000000   1.674 0.000   2.343 0.000 999.999 0.999 99.999 0.999  11.918 0.000 0.022 0.000  1.653 0.000000
