scripts/IMPROVE-2019_partial/data/US0077R.20040101070000.20191216000000.filterpack..pm25.52w.1w.US03L_filterpack_US0077.US03L_IMPROVE_Davis.lev2.nas
66 1001
MISSING INFORMATION
US03L, IMPROVE, , , , , , , 
MISSING INFORMATION
IMPROVE sel_HTAP
1 1
2004 01 01 2019 12 16
3.000000
days from file reference point
27
1 1 1 1 1 1 1 1 1 1 1 1 1 1 1 1 1 1 1 1 1 1 1 1 1 1 1
999.999999 9999.99 9.999 99.99 9.999999 9.999 9.999999 99.99 9.999999 9.999 9.999 99.999 9.999 99.999 9.999 99.99 9.999999 999.999 9.999 999.999 9.999 99.999 9.999 9.999 9.999 9.999 9.999
end_time of measurement, days from the file reference point
iron, ng/m3, Revision date=20181210133000
numflag iron, no unit, Revision date=20181210133000
lead, ng/m3, Revision date=20181210133000
numflag lead, no unit, Revision date=20181210133000
magnesium, ug/m3, Revision date=20181210133000
numflag magnesium, no unit, Revision date=20181210133000
nickel, ng/m3, Revision date=20181210133000
numflag nickel, no unit, Revision date=20181210133000
nitrate, ug N/m3, Revision date=20181210133000
numflag nitrate, no unit, Revision date=20181210133000
organic_carbon, ug C/m3, Revision date=20181210133000
numflag organic_carbon, no unit, Revision date=20181210133000
organic_mass, ug/m3, Revision date=20181210133000
numflag organic_mass, no unit, Revision date=20181210133000
phosphorus, ng/m3, Revision date=20181210133000
numflag phosphorus, no unit, Revision date=20181210133000
pm10_mass, ug/m3, Version=2, Version description=Data extracted from http://views.cira.colostate.edu/fed/DataWizard 2019-12-16, Sample duration=1d, Orig. time res.=3d, Matrix=pm10, Blank correction=Blank corrected, Volume std. temperature=ambient, Volume std. pressure=ambient
numflag pm10_mass, no unit, Version=2, Version description=Data extracted from http://views.cira.colostate.edu/fed/DataWizard 2019-12-16, Sample duration=1d, Orig. time res.=3d, Matrix=pm10, Blank correction=Blank corrected, Volume std. temperature=ambient, Volume std. pressure=ambient
pm10_pm25_mass, ug/m3, Revision date=20181210133000, Matrix=pm10_pm25
numflag pm10_pm25_mass, no unit, Revision date=20181210133000, Matrix=pm10_pm25
pm25_mass, ug/m3, Version=2, Version description=Data extracted from http://views.cira.colostate.edu/fed/DataWizard 2019-12-16, Sample duration=1d, Orig. time res.=3d, Blank correction=Blank corrected, Volume std. temperature=ambient, Volume std. pressure=ambient
numflag pm25_mass, no unit, Version=2, Version description=Data extracted from http://views.cira.colostate.edu/fed/DataWizard 2019-12-16, Sample duration=1d, Orig. time res.=3d, Blank correction=Blank corrected, Volume std. temperature=ambient, Volume std. pressure=ambient
potassium, ug/m3, Revision date=20181210133000
numflag potassium, no unit, Revision date=20181210133000
sulphate_total, ug S/m3, Revision date=20181210133000
numflag sulphate_total, no unit, Revision date=20181210133000
0
25
Data definition:              EBAS_1.1
Set type code:                TU
Timezone:                     UTC
File name:                    US0077R.20040101070000.20191216000000.filterpack..pm25.52w.1w.US03L_filterpack_US0077.US03L_IMPROVE_Davis.lev2.nas
File creation:                20191218120038
Startdate:                    20040101070000
Revision date:                20191216000000
Statistics:                   arithmetic mean
Data level:                   2
Period code:                  52w
Resolution code:              1w
Station code:                 US0077R
Platform code:                US0077S
Station name:                 Canyonlands NP
Station latitude:             38.4587
Station longitude:            -109.821
Station altitude:             1798.0 m
Regime:                       IMG
Component:                    
Matrix:                       pm25
Laboratory code:              US03L
Instrument type:              filterpack
Instrument name:              filterpack_US0077
Method ref:                   US03L_IMPROVE_Davis
starttime endtime Fe flag_Fe Pb flag_Pb Mg++ flag_Mg++ Ni flag_Ni NO3- flag_NO3- OC flag_OC OM flag_OM P flag_P PM10 flag_PM10 PM10-PM2.5 flag_PM10-PM2.5 PM2.5 flag_PM2.5 K+ flag_K+ SO4-- flag_SO4--
[from data line 81]
243.291667 244.291667   21.75 0.000  0.42 0.000000 9.999 0.259000  0.21 0.000000 0.013 0.559  0.740 0.000  1.036 0.000 99.99 0.259000   6.361 0.000   3.782 0.000  2.579 0.000 0.021 0.000 0.137 0.559
246.291667 247.291667   74.48 0.000  0.32 0.000000 9.999 0.259000 99.99 0.259000 0.045 0.000  1.301 0.000  1.822 0.000 99.99 0.259000  22.404 0.000  16.800 0.000  5.604 0.000 0.071 0.000 0.268 0.000
249.291667 250.291667   16.67 0.000  0.41 0.000000 9.999 0.259000  0.10 0.000000 0.015 0.559  0.643 0.000  0.901 0.000 99.99 0.259000   5.043 0.000   2.630 0.000  2.413 0.000 0.019 0.000 0.140 0.559
252.291667 253.291667   34.45 0.000  0.38 0.000000 9.999 0.259000 99.99 0.259000 0.015 0.559  0.755 0.000  1.058 0.000 99.99 0.259000   8.432 0.000   4.841 0.000  3.592 0.000 0.036 0.000 0.260 0.559
255.291667 256.291667   16.55 0.000  0.64 0.000000 0.082 0.000000 99.99 0.259000 0.008 0.000  0.208 0.000  0.292 0.000 99.99 0.259000   4.150 0.000   2.205 0.000  1.946 0.000 0.014 0.000 0.193 0.000
258.291667 259.291667   13.37 0.000  0.39 0.000000 9.999 0.259000  0.14 0.000000 0.013 0.559  0.130 0.000  0.181 0.000 99.99 0.259000   4.712 0.000   2.932 0.000  1.781 0.000 0.021 0.000 0.118 0.559
261.291667 262.291667   20.67 0.000 99.99 0.259000 9.999 0.259000  0.15 0.000000 0.027 0.559  0.319 0.000  0.447 0.000 99.99 0.259000   7.110 0.000   4.574 0.000  2.536 0.000 0.019 0.000 0.268 0.559
264.291667 265.291667   13.00 0.000  0.28 0.000000 9.999 0.259000  0.12 0.000000 0.030 0.559  1.025 0.000  1.435 0.000 99.99 0.259000 999.999 0.456 999.999 0.999  1.935 0.000 0.015 0.000 0.190 0.559
267.291667 268.291667   11.15 0.000  0.63 0.000000 9.999 0.259000  0.10 0.000000 0.021 0.559  0.396 0.000  0.554 0.000  5.07 0.000000   3.891 0.000   2.155 0.000  1.736 0.000 0.055 0.000 0.116 0.559
270.291667 271.291667   21.73 0.000  0.26 0.000000 9.999 0.259000 99.99 0.259000 0.017 0.559  0.367 0.000  0.514 0.000 99.99 0.259000   6.531 0.000   3.312 0.000  3.219 0.000 0.032 0.000 0.238 0.559
273.291667 274.291667   12.62 0.000  0.33 0.000000 9.999 0.259000  0.14 0.000000 0.031 0.559  0.302 0.000  0.423 0.000 99.99 0.259000   2.952 0.000   1.209 0.000  1.744 0.000 0.018 0.000 0.174 0.559
276.291667 277.291667   15.28 0.000  0.32 0.000000 9.999 0.259000 99.99 0.259000 0.019 0.559  0.476 0.000  0.666 0.000 99.99 0.259000   4.657 0.000   2.039 0.000  2.619 0.000 0.023 0.000 0.265 0.559
279.291667 280.291667   15.11 0.000  0.54 0.000000 9.999 0.259000  0.06 0.000000 0.013 0.559  0.533 0.000  0.747 0.000 99.99 0.259000   4.824 0.000   1.632 0.000  3.192 0.000 0.016 0.000 0.391 0.559
282.291667 283.291667   24.67 0.000  0.50 0.000000 9.999 0.259000 99.99 0.259000 0.015 0.000  0.666 0.000  0.933 0.000 99.99 0.259000   7.363 0.000   4.098 0.000  3.264 0.000 0.045 0.000 0.266 0.000
285.291667 286.291667   16.23 0.000  0.62 0.000000 0.124 0.000000 99.99 0.259000 0.012 0.000  0.378 0.000  0.530 0.000 99.99 0.259000   5.061 0.000   2.370 0.000  2.691 0.000 0.013 0.000 0.290 0.000
288.291667 289.291667   25.89 0.000  0.58 0.000000 0.154 0.000000 99.99 0.259000 0.009 0.000  0.234 0.000  0.328 0.000 99.99 0.259000   3.265 0.000   1.663 0.000  1.603 0.000 0.022 0.000 0.114 0.000
291.291667 292.291667   19.86 0.000  0.20 0.000000 9.999 0.259000 99.99 0.259000 0.046 0.000  0.196 0.000  0.274 0.000 99.99 0.259000   4.824 0.000   2.717 0.000  2.107 0.000 0.018 0.000 0.178 0.000
294.291667 295.291667   60.15 0.000  0.48 0.000000 9.999 0.259000  0.12 0.000000 0.048 0.559  0.575 0.000  0.806 0.000 99.99 0.259000   9.120 0.000   5.737 0.000  3.383 0.000 0.045 0.000 0.179 0.559
297.291667 298.291667   15.19 0.000  0.61 0.000000 9.999 0.259000  0.12 0.000000 0.037 0.000  1.068 0.000  1.496 0.000 99.99 0.259000   3.283 0.000   0.564 0.000  2.719 0.000 0.018 0.000 0.181 0.000
300.291667 301.291667    7.59 0.000  0.52 0.000000 9.999 0.259000 99.99 0.259000 0.014 0.000  0.269 0.000  0.377 0.000 99.99 0.259000   2.952 0.000   1.416 0.000  1.537 0.000 0.008 0.000 0.183 0.000
303.291667 304.291667    4.40 0.000  0.56 0.000000 9.999 0.259000 99.99 0.259000 0.010 0.000  0.540 0.000  0.756 0.000 99.99 0.259000   2.525 0.000   0.407 0.000  2.119 0.000 0.009 0.000 0.195 0.000
306.291667 307.291667    8.20 0.000  0.37 0.000000 9.999 0.259000 99.99 0.259000 0.016 0.000  0.158 0.000  0.221 0.000 99.99 0.259000 999.999 0.456 999.999 0.999  1.026 0.000 0.008 0.000 0.106 0.000
309.291667 310.291667   11.20 0.000  0.36 0.000000 9.999 0.259000 99.99 0.259000 0.038 0.559  0.581 0.000  0.813 0.000 99.99 0.259000   4.283 0.000   2.182 0.000  2.101 0.000 0.018 0.000 0.108 0.559
312.291667 313.291667   11.82 0.000  0.56 0.000000 9.999 0.259000 99.99 0.259000 0.033 0.559  0.579 0.000  0.810 0.000 99.99 0.259000   4.769 0.000   2.386 0.000  2.384 0.000 0.017 0.000 0.155 0.559
315.291667 316.291667    5.65 0.000  0.59 0.000000 9.999 0.259000  0.06 0.000000 0.038 0.000  0.587 0.000  0.822 0.000 99.99 0.259000   3.221 0.000   0.779 0.000  2.442 0.000 0.009 0.000 0.275 0.000
318.291667 319.291667    1.77 0.000 99.99 0.259000 9.999 0.259000 99.99 0.259000 0.031 0.559  0.235 0.000  0.329 0.000 99.99 0.259000   1.548 0.000   0.229 0.000  1.319 0.000 0.003 0.000 0.166 0.559
321.291667 322.291667    4.92 0.000  0.17 0.000000 9.999 0.259000 99.99 0.259000 0.064 0.559  0.500 0.000  0.700 0.000 99.99 0.259000   3.115 0.000   0.488 0.000  2.626 0.000 0.006 0.000 0.235 0.559
324.291667 325.291667    6.49 0.000  1.11 0.000000 0.087 0.000000 99.99 0.259000 0.074 0.559  0.240 0.000  0.336 0.000 99.99 0.259000   2.287 0.000   0.507 0.000  1.780 0.000 0.006 0.000 0.171 0.559
327.291667 328.291667    9.75 0.000  0.60 0.000000 9.999 0.259000 99.99 0.259000 0.127 0.559  0.385 0.000  0.538 0.000 99.99 0.259000   3.344 0.000   1.357 0.000  1.986 0.000 0.008 0.000 0.219 0.559
330.291667 331.291667   10.38 0.000  0.66 0.000000 9.999 0.259000  0.08 0.000000 0.019 0.559  0.509 0.000  0.712 0.000 99.99 0.259000   1.768 0.000   0.792 0.000  0.975 0.000 0.007 0.000 0.078 0.559
333.291667 334.291667    4.96 0.000  0.25 0.000000 9.999 0.259000  0.12 0.000000 0.013 0.559  0.191 0.000  0.267 0.000 99.99 0.259000   2.752 0.000   1.445 0.000  1.308 0.000 0.005 0.000 0.109 0.559
336.291667 337.291667    9.87 0.000  0.51 0.000000 0.052 0.000000  0.17 0.000000 0.282 0.559  0.591 0.000  0.827 0.000 99.99 0.259000   4.658 0.000   1.273 0.000  3.385 0.000 0.038 0.000 0.130 0.559
339.291667 340.291667    7.86 0.000  0.54 0.000000 0.065 0.000000 99.99 0.259000 0.193 0.559  0.520 0.000  0.728 0.000 99.99 0.259000   3.769 0.000   0.897 0.000  2.872 0.000 0.017 0.000 0.234 0.559
342.291667 343.291667    1.85 0.000 99.99 0.259000 9.999 0.259000 99.99 0.259000 0.020 0.559  0.445 0.000  0.623 0.000 99.99 0.259000   0.753 0.000   0.169 0.000  0.584 0.000 0.002 0.000 0.085 0.559
345.291667 346.291667    5.33 0.000  0.55 0.000000 0.029 0.000000  0.16 0.000000 0.146 0.559  0.469 0.000  0.657 0.000 99.99 0.259000   2.567 0.000   0.583 0.000  1.984 0.000 0.036 0.000 0.128 0.559
348.291667 349.291667    7.97 0.000  0.76 0.000000 9.999 0.259000  0.13 0.000000 0.200 0.559  1.340 0.000  1.876 0.000 99.99 0.259000   4.158 0.000   1.265 0.000  2.894 0.000 0.050 0.000 0.185 0.559
351.291667 352.291667    4.70 0.000  0.38 0.000000 9.999 0.259000 99.99 0.259000 0.166 0.559  0.580 0.000  0.812 0.000 99.99 0.259000   2.343 0.000   0.896 0.000  1.447 0.000 0.022 0.000 0.076 0.559
354.291667 355.291667    9.81 0.000  0.54 0.000000 0.065 0.000000  0.08 0.000000 0.113 0.559  0.474 0.000  0.664 0.000 99.99 0.259000   2.635 0.000   0.885 0.000  1.751 0.000 0.037 0.000 0.085 0.559
357.291667 358.291667    3.61 0.000  0.44 0.000000 9.999 0.259000  0.13 0.000000 0.066 0.559  0.186 0.000  0.260 0.000 99.99 0.259000   2.075 0.000   1.033 0.000  1.042 0.000 0.007 0.000 0.124 0.559
360.291667 361.291667    7.12 0.000  0.66 0.000000 9.999 0.259000 99.99 0.259000 0.100 0.559  0.362 0.000  0.507 0.000 99.99 0.259000   2.694 0.000   1.138 0.000  1.556 0.000 0.012 0.000 0.120 0.559
363.291667 364.291667    3.58 0.000  0.46 0.000000 9.999 0.259000 99.99 0.259000 0.011 0.559  0.147 0.000  0.206 0.000 99.99 0.259000   1.171 0.000   0.503 0.000  0.668 0.000 0.008 0.000 0.053 0.559
