scripts/IMPROVE-2019_partial/data/US0084R.20050101080000.20191216000000.filterpack..pm25.52w.1w.US03L_filterpack_US0084.US03L_IMPROVE_Davis.lev2.nas
66 1001
MISSING INFORMATION
US03L, IMPROVE, , , , , , , 
MISSING INFORMATION
IMPROVE sel_HTAP
1 1
2005 01 01 2019 12 16
3.000000
days from file reference point
27
1 1 1 1 1 1 1 1 1 1 1 1 1 1 1 1 1 1 1 1 1 1 1 1 1 1 1
999.999999 9999.99 9.999 99.99 9.999 9.999 9.999 9.99 9.999 99.999 9.999 99.999 9.999 999.999 9.999 999.99 9.999999 999.999 9.999 999.999 9.999 999.999 9.999 9.999 9.999 9.999 9.999
end_time of measurement, days from the file reference point
iron, ng/m3, Revision date=20181210133000
numflag iron, no unit, Revision date=20181210133000
lead, ng/m3, Revision date=20181210133000
numflag lead, no unit, Revision date=20181210133000
magnesium, ug/m3, Revision date=20181210133000
numflag magnesium, no unit, Revision date=20181210133000
nickel, ng/m3, Revision date=20181210133000
numflag nickel, no unit, Revision date=20181210133000
nitrate, ug N/m3, Revision date=20181210133000
numflag nitrate, no unit, Revision date=20181210133000
organic_carbon, ug C/m3, Revision date=20181210133000
numflag organic_carbon, no unit, Revision date=20181210133000
organic_mass, ug/m3, Revision date=20181210133000
numflag organic_mass, no unit, Revision date=20181210133000
phosphorus, ng/m3, Revision date=20181210133000
numflag phosphorus, no unit, Revision date=20181210133000
pm10_mass, ug/m3, Version=2, Version description=Data extracted from http://views.cira.colostate.edu/fed/DataWizard 2019-12-16, Sample duration=1d, Orig. time res.=3d, Matrix=pm10, Blank correction=Blank corrected, Volume std. temperature=ambient, Volume std. pressure=ambient
numflag pm10_mass, no unit, Version=2, Version description=Data extracted from http://views.cira.colostate.edu/fed/DataWizard 2019-12-16, Sample duration=1d, Orig. time res.=3d, Matrix=pm10, Blank correction=Blank corrected, Volume std. temperature=ambient, Volume std. pressure=ambient
pm10_pm25_mass, ug/m3, Revision date=20181210133000, Matrix=pm10_pm25
numflag pm10_pm25_mass, no unit, Revision date=20181210133000, Matrix=pm10_pm25
pm25_mass, ug/m3, Version=2, Version description=Data extracted from http://views.cira.colostate.edu/fed/DataWizard 2019-12-16, Sample duration=1d, Orig. time res.=3d, Blank correction=Blank corrected, Volume std. temperature=ambient, Volume std. pressure=ambient
numflag pm25_mass, no unit, Version=2, Version description=Data extracted from http://views.cira.colostate.edu/fed/DataWizard 2019-12-16, Sample duration=1d, Orig. time res.=3d, Blank correction=Blank corrected, Volume std. temperature=ambient, Volume std. pressure=ambient
potassium, ug/m3, Revision date=20181210133000
numflag potassium, no unit, Revision date=20181210133000
sulphate_total, ug S/m3, Revision date=20181210133000
numflag sulphate_total, no unit, Revision date=20181210133000
0
25
Data definition:              EBAS_1.1
Set type code:                TU
Timezone:                     UTC
File name:                    US0084R.20050101080000.20191216000000.filterpack..pm25.52w.1w.US03L_filterpack_US0084.US03L_IMPROVE_Davis.lev2.nas
File creation:                20191218120107
Startdate:                    20050101080000
Revision date:                20191216000000
Statistics:                   arithmetic mean
Data level:                   2
Period code:                  52w
Resolution code:              1w
Station code:                 US0084R
Platform code:                US0084S
Station name:                 Columbia Gorge #1
Station latitude:             45.5693
Station longitude:            -122.2103
Station altitude:             230.0 m
Regime:                       IMG
Component:                    
Matrix:                       pm25
Laboratory code:              US03L
Instrument type:              filterpack
Instrument name:              filterpack_US0084
Method ref:                   US03L_IMPROVE_Davis
starttime endtime Fe flag_Fe Pb flag_Pb Mg++ flag_Mg++ Ni flag_Ni NO3- flag_NO3- OC flag_OC OM flag_OM P flag_P PM10 flag_PM10 PM10-PM2.5 flag_PM10-PM2.5 PM2.5 flag_PM2.5 K+ flag_K+ SO4-- flag_SO4--
  0.333333   1.333333    5.14 0.000  1.31 0.000 9.999 0.259 0.19 0.000  0.279 0.000  0.813 0.000   1.464 0.000 999.99 0.259000   3.129 0.000   0.031 0.000   3.098 0.000 0.026 0.000 0.283 0.000
  3.333333   4.333333    6.92 0.000  0.71 0.000 9.999 0.259 0.16 0.000  0.121 0.000  0.633 0.000   1.139 0.000 999.99 0.259000   4.291 0.000   2.308 0.000   2.014 0.000 0.015 0.000 0.166 0.000
  6.333333   7.333333 9999.99 0.999 99.99 0.999 9.999 0.999 9.99 0.999 99.999 0.999 99.999 0.999 999.999 0.999 999.99 0.999000 999.999 0.999 999.999 0.999 999.999 0.999 9.999 0.999 9.999 0.999
  9.333333  10.333333 9999.99 0.999 99.99 0.999 9.999 0.999 9.99 0.999 99.999 0.999 99.999 0.999 999.999 0.999 999.99 0.999000 999.999 0.999 999.999 0.999 999.999 0.999 9.999 0.999 9.999 0.999
 12.333333  13.333333 9999.99 0.999 99.99 0.999 9.999 0.999 9.99 0.999 99.999 0.999 99.999 0.999 999.999 0.999 999.99 0.999000 999.999 0.999 999.999 0.999 999.999 0.999 9.999 0.999 9.999 0.999
 15.333333  16.333333 9999.99 0.999 99.99 0.999 9.999 0.999 9.99 0.999 99.999 0.999 99.999 0.999 999.999 0.999 999.99 0.999000 999.999 0.999 999.999 0.999 999.999 0.999 9.999 0.999 9.999 0.999
 18.333333  19.333333    9.80 0.000  1.48 0.000 9.999 0.259 0.18 0.000  0.020 0.000  0.801 0.000   1.443 0.000 999.99 0.259000   3.742 0.000   1.703 0.000   2.039 0.000 0.018 0.000 0.139 0.000
 21.333333  22.333333   20.37 0.000  1.27 0.000 0.004 0.000 9.99 0.259  0.426 0.000  1.835 0.000   3.303 0.000 999.99 0.259000   5.863 0.000   1.461 0.000   4.402 0.000 0.031 0.000 0.181 0.000
 24.333333  25.333333   10.78 0.000  0.85 0.000 9.999 0.259 0.16 0.000  0.260 0.000  0.855 0.000   1.539 0.000 999.99 0.259000   5.660 0.000   1.209 0.000   4.450 0.000 0.014 0.000 0.565 0.000
 27.333333  28.333333   13.67 0.000  1.06 0.000 9.999 0.259 0.18 0.000  0.976 0.000  1.391 0.000   2.503 0.000 999.99 0.259000  10.507 0.000   1.171 0.000   9.335 0.000 0.023 0.000 0.729 0.000
 30.333333  31.333333   21.71 0.000  2.08 0.000 0.013 0.000 0.45 0.000  0.155 0.000  1.453 0.559   2.615 0.559 999.99 0.259000   7.918 0.000   2.902 0.000   5.016 0.000 0.048 0.000 0.334 0.000
 33.333333  34.333333   75.39 0.000  5.75 0.000 9.999 0.259 0.82 0.000  0.239 0.000  4.006 0.000   7.211 0.000 999.99 0.259000  14.036 0.000   3.748 0.000  10.286 0.000 0.095 0.000 0.344 0.000
 36.333333  37.333333    7.08 0.000  0.61 0.000 9.999 0.259 0.18 0.000  0.051 0.000  0.492 0.000   0.886 0.000 999.99 0.259000   2.099 0.000   0.670 0.000   1.428 0.000 0.011 0.000 0.060 0.000
 39.333333  40.333333   19.21 0.000  1.00 0.000 9.999 0.259 0.15 0.000  0.350 0.000  1.575 0.000   2.835 0.000 999.99 0.259000   6.779 0.000   2.188 0.000   4.591 0.000 0.046 0.000 0.171 0.000
 42.333333  43.333333   25.77 0.000  2.81 0.000 9.999 0.259 0.34 0.000  0.426 0.000  2.285 0.000   4.113 0.000 999.99 0.259000   8.837 0.000   1.251 0.000   7.585 0.000 0.067 0.000 0.302 0.000
 45.333333  46.333333   18.36 0.000  0.93 0.000 9.999 0.259 9.99 0.259  0.061 0.000  0.540 0.000   0.972 0.000 999.99 0.259000   3.828 0.000   1.636 0.000   2.214 0.000 0.021 0.000 0.163 0.000
 48.333333  49.333333   43.01 0.000  1.44 0.000 0.009 0.000 9.99 0.259  0.302 0.000  1.451 0.000   2.613 0.000 999.99 0.259000  10.652 0.000   5.545 0.000   5.106 0.000 0.055 0.000 0.190 0.000
 51.333333  52.333333   48.18 0.000  1.41 0.000 9.999 0.259 9.99 0.259  0.154 0.000  1.603 0.000   2.886 0.000 999.99 0.259000  15.728 0.000  10.075 0.000   5.653 0.000 0.065 0.000 0.254 0.000
 54.333333  55.333333   69.14 0.000  1.92 0.000 9.999 0.259 9.99 0.259  0.332 0.000  2.539 0.000   4.571 0.000 999.99 0.259000  17.857 0.000  10.918 0.000   6.938 0.000 0.080 0.000 0.236 0.000
 57.333333  58.333333   71.23 0.000  2.46 0.000 9.999 0.259 0.07 0.000  0.567 0.000  2.565 0.000   4.617 0.000 999.99 0.259000  19.840 0.000  12.399 0.000   7.441 0.000 0.095 0.000 0.221 0.000
 60.333333  61.333333   18.22 0.000  2.36 0.000 9.999 0.259 9.99 0.259  0.086 0.000  1.349 0.000   2.428 0.000 999.99 0.259000   6.713 0.000   2.774 0.000   3.941 0.000 0.039 0.000 0.091 0.000
 63.333333  64.333333   41.48 0.000  3.87 0.000 9.999 0.259 0.63 0.000  0.288 0.000  2.521 0.000   4.537 0.000 999.99 0.259000  11.375 0.000   4.556 0.000   6.819 0.000 0.059 0.000 0.293 0.000
 66.333333  67.333333   59.36 0.000  1.94 0.000 9.999 0.259 0.15 0.000  0.074 0.000  1.489 0.000   2.679 0.000 999.99 0.259000  15.500 0.000  11.435 0.000   4.307 0.000 0.036 0.000 0.165 0.000
 69.333333  70.333333   74.98 0.000  1.77 0.000 9.999 0.259 0.10 0.000  0.084 0.000  1.316 0.000   2.368 0.000 999.99 0.259000  12.569 0.000   7.855 0.000   4.713 0.000 0.057 0.000 0.226 0.000
 72.333333  73.333333   95.47 0.000  2.68 0.000 9.999 0.259 9.99 0.259  0.054 0.000  1.371 0.000   2.469 0.000 999.99 0.259000  15.879 0.000  11.365 0.000   4.522 0.000 0.055 0.000 0.161 0.000
 75.333333  76.333333   43.58 0.000  1.10 0.000 9.999 0.259 0.07 0.000  0.129 0.000  0.705 0.000   1.270 0.000 999.99 0.259000   8.775 0.000   5.020 0.000   3.754 0.000 0.031 0.000 0.223 0.000
 78.333333  79.333333    7.29 0.000  0.55 0.000 9.999 0.259 9.99 0.259  0.020 0.000  0.444 0.000   0.799 0.000 999.99 0.259000   3.058 0.000   1.651 0.000   1.407 0.000 0.016 0.000 0.061 0.000
 81.333333  82.333333   37.69 0.000  1.46 0.000 9.999 0.259 0.06 0.000  0.064 0.000  1.010 0.000   1.819 0.000 999.99 0.259000   7.766 0.000   3.768 0.000   3.998 0.000 0.028 0.000 0.404 0.000
 84.333333  85.333333    7.42 0.000  0.99 0.000 9.999 0.259 9.99 0.259  0.030 0.000  0.710 0.000   1.278 0.000 999.99 0.259000   2.088 0.000   0.509 0.000   1.578 0.000 0.015 0.000 0.101 0.000
 87.333333  88.333333   12.97 0.000  0.82 0.000 0.056 0.000 0.08 0.000  0.055 0.000  0.574 0.000   1.033 0.000 999.99 0.259000   5.342 0.000   2.746 0.000   2.628 0.000 0.027 0.000 0.176 0.000
 90.333333  91.333333   84.93 0.000  1.65 0.000 0.007 0.000 0.28 0.000  0.058 0.000  0.645 0.000   1.162 0.000 999.99 0.259000   5.339 0.000   1.275 0.000   4.064 0.000 0.040 0.000 0.272 0.000
 93.333333  94.333333   37.69 0.000  1.30 0.000 9.999 0.259 0.13 0.000  0.124 0.000  0.688 0.000   1.238 0.000 999.99 0.259000   5.043 0.000   2.365 0.000   2.679 0.000 0.022 0.000 0.198 0.000
 96.333333  97.333333   24.64 0.000  1.61 0.000 0.011 0.000 0.13 0.000  0.093 0.000  1.224 0.000   2.204 0.000 999.99 0.259000   5.466 0.000   1.868 0.000   3.599 0.000 0.032 0.000 0.177 0.000
 99.333333 100.333333   25.35 0.000  2.20 0.000 0.007 0.000 9.99 0.259  0.061 0.000  0.921 0.000   1.658 0.000 999.99 0.259000   4.638 0.000   2.080 0.000   2.558 0.000 0.027 0.000 0.177 0.000
102.333333 103.333333   15.17 0.000  0.82 0.000 9.999 0.259 0.17 0.000  0.036 0.000  0.590 0.000   1.063 0.000 999.99 0.259000   2.292 0.000   1.014 0.000   1.278 0.000 0.013 0.000 0.071 0.000
105.333333 106.333333   15.86 0.000  1.36 0.000 9.999 0.259 0.21 0.000  0.051 0.000  0.674 0.000   1.214 0.000 999.99 0.259000   4.405 0.000   2.094 0.000   2.311 0.000 0.027 0.000 0.134 0.000
108.333333 109.333333   25.17 0.000  1.49 0.000 9.999 0.259 0.43 0.000  0.190 0.000  1.323 0.000   2.382 0.000 999.99 0.259000   7.618 0.000   3.481 0.000   4.175 0.000 0.032 0.000 0.330 0.000
111.333333 112.333333   36.23 0.000  0.65 0.000 9.999 0.259 9.99 0.259  0.023 0.000  1.031 0.000   1.856 0.000 999.99 0.259000   8.070 0.000   4.826 0.000   3.244 0.000 0.023 0.000 0.239 0.000
114.333333 115.333333   20.84 0.000  1.59 0.000 9.999 0.259 0.44 0.000  0.219 0.000  0.869 0.000   1.564 0.000 999.99 0.259000   4.741 0.000   1.375 0.000   3.366 0.000 0.029 0.000 0.302 0.000
117.333333 118.333333   48.33 0.000  0.78 0.000 9.999 0.259 0.26 0.000  0.054 0.000  0.757 0.000   1.363 0.000 999.99 0.259000   9.370 0.000   6.072 0.000   3.298 0.000 0.027 0.000 0.316 0.000
120.333333 121.333333   60.72 0.000  1.94 0.000 0.012 0.000 0.25 0.000  0.068 0.000  1.624 0.000   2.923 0.000 999.99 0.259000   8.939 0.000   4.274 0.000   4.665 0.000 0.039 0.000 0.326 0.000
123.333333 124.333333   25.77 0.000  3.03 0.000 9.999 0.259 9.99 0.259  0.040 0.000  0.820 0.000   1.476 0.000 999.99 0.259000   4.747 0.000   1.903 0.000   2.844 0.000 0.030 0.000 0.258 0.000
126.333333 127.333333   11.29 0.000  1.85 0.000 9.999 0.259 0.20 0.000  0.028 0.000  0.783 0.000   1.409 0.000 999.99 0.259000   3.170 0.000   1.408 0.000   1.761 0.000 0.019 0.000 0.132 0.000
129.333333 130.333333    9.10 0.000  0.88 0.000 9.999 0.259 9.99 0.259  0.094 0.000  0.392 0.000   0.706 0.000 999.99 0.259000   2.131 0.000   0.963 0.000   1.186 0.000 0.012 0.000 0.090 0.000
132.333333 133.333333   67.73 0.000  3.38 0.000 9.999 0.259 0.20 0.000  0.121 0.000  2.162 0.000   3.892 0.000 999.99 0.259000  14.938 0.000   8.128 0.000   6.810 0.000 0.043 0.000 0.395 0.000
135.333333 136.333333   15.16 0.000  1.33 0.000 0.011 0.000 9.99 0.259  0.051 0.000  0.362 0.000   0.652 0.000 999.99 0.259000   4.981 0.000   2.264 0.000   2.717 0.000 0.025 0.000 0.310 0.000
138.333333 139.333333   10.11 0.000  0.34 0.000 0.031 0.000 9.99 0.259  0.030 0.000  0.240 0.000   0.432 0.000 999.99 0.259000   5.397 0.000   3.560 0.000   1.836 0.000 0.020 0.000 0.105 0.000
141.333333 142.333333    8.71 0.000  0.83 0.000 0.088 0.000 0.14 0.000  0.059 0.000  0.464 0.000   0.834 0.000 999.99 0.259000  10.220 0.000   6.660 0.000   3.559 0.000 0.034 0.000 0.186 0.000
144.333333 145.333333   41.63 0.000  0.71 0.000 9.999 0.259 9.99 0.259  0.031 0.000  0.913 0.000   1.644 0.000 999.99 0.259000  13.700 0.000  11.089 0.000   2.619 0.000 0.020 0.000 0.151 0.000
147.333333 148.333333   38.36 0.000  2.67 0.000 0.030 0.000 0.33 0.000  0.197 0.000  2.100 0.000   3.779 0.000 999.99 0.259000  18.169 0.000  10.822 0.000   7.356 0.000 0.057 0.000 0.567 0.000
150.333333 151.333333   17.38 0.000  1.47 0.000 9.999 0.259 0.34 0.000  0.084 0.000  0.817 0.000   1.470 0.000 999.99 0.259000   4.710 0.000   1.867 0.000   2.866 0.000 0.030 0.000 0.259 0.000
153.333333 154.333333   13.07 0.000  0.99 0.000 0.024 0.000 0.23 0.000  0.133 0.000  0.823 0.000   1.481 0.000 999.99 0.259000  10.620 0.000   6.420 0.000   4.200 0.000 0.026 0.000 0.389 0.000
156.333333 157.333333    4.18 0.000  0.51 0.000 9.999 0.259 9.99 0.259  0.009 0.000  0.234 0.000   0.420 0.000 999.99 0.259000   1.551 0.000   0.828 0.000   0.723 0.000 0.008 0.000 0.055 0.000
159.333333 160.333333   46.35 0.000  1.84 0.000 0.006 0.000 0.29 0.000  0.073 0.000  1.561 0.000   2.811 0.000 999.99 0.259000   9.622 0.000   5.299 0.000   4.327 0.000 0.030 0.000 0.258 0.000
162.333333 163.333333    9.16 0.000  1.38 0.000 9.999 0.259 0.09 0.000  0.070 0.000  0.789 0.000   1.421 0.000 999.99 0.259000   5.415 0.000   2.691 0.000   2.723 0.000 0.022 0.000 0.164 0.000
165.333333 166.333333   33.38 0.000  1.10 0.000 0.008 0.000 0.21 0.000  0.080 0.000  0.857 0.000   1.542 0.000 999.99 0.259000   9.430 0.000   6.273 0.000   3.160 0.000 0.027 0.000 0.217 0.000
168.333333 169.333333   21.20 0.000  0.87 0.000 9.999 0.259 9.99 0.259  0.019 0.000  0.551 0.000   0.992 0.000  11.82 0.000000   3.493 0.000   1.962 0.000   1.530 0.000 0.017 0.000 0.063 0.000
171.333333 172.333333   26.79 0.000  2.36 0.000 0.017 0.000 0.40 0.000  0.214 0.000  1.880 0.000   3.383 0.000 999.99 0.259000  13.937 0.000   7.771 0.000   6.271 0.000 0.046 0.000 0.603 0.000
174.333333 175.333333   40.96 0.000  2.20 0.000 0.015 0.000 0.36 0.000  0.251 0.000  1.767 0.000   3.180 0.000 999.99 0.259000  15.597 0.000   9.111 0.000   6.487 0.000 0.056 0.000 0.442 0.000
177.333333 178.333333    6.69 0.394  0.80 0.394 0.011 0.394 0.13 0.394  0.046 0.394  0.508 0.000   0.914 0.000 999.99 0.394259   3.334 0.000   1.678 0.000   1.677 0.000 0.014 0.394 0.107 0.394
180.333333 181.333333   30.45 0.000  6.14 0.000 9.999 0.259 0.27 0.000  0.140 0.000  1.579 0.000   2.842 0.000 999.99 0.259000  12.627 0.000   7.172 0.000   5.378 0.000 0.069 0.000 0.393 0.000
183.333333 184.333333   15.32 0.000  3.25 0.000 0.027 0.000 0.22 0.000  0.145 0.000  1.277 0.000   2.298 0.000 999.99 0.259000  10.461 0.000   4.952 0.000   5.456 0.000 0.344 0.000 0.437 0.000
186.333333 187.333333   13.53 0.000  0.45 0.000 0.009 0.000 0.11 0.000  0.034 0.000  0.641 0.000   1.155 0.000 999.99 0.259000   4.848 0.000   2.837 0.000   1.981 0.000 0.020 0.000 0.156 0.000
189.333333 190.333333   10.47 0.000  0.98 0.000 9.999 0.259 0.13 0.000  0.074 0.000  0.758 0.000   1.364 0.000 999.99 0.259000   6.314 0.000   2.956 0.000   3.325 0.000 0.025 0.000 0.253 0.000
192.333333 193.333333   20.60 0.000  1.16 0.000 9.999 0.259 0.17 0.000  0.050 0.559  0.614 0.000   1.105 0.000 999.99 0.259000   7.350 0.000   4.555 0.000   2.820 0.000 0.020 0.000 0.215 0.559
195.333333 196.333333   49.91 0.000  1.48 0.000 9.999 0.259 0.40 0.000  0.170 0.000  2.604 0.000   4.686 0.000 999.99 0.259000  17.660 0.000   9.835 0.000   7.719 0.000 0.067 0.000 0.430 0.000
198.333333 199.333333   63.43 0.000  0.85 0.000 9.999 0.259 0.21 0.000  0.058 0.000  2.724 0.000   4.904 0.000 999.99 0.259000  15.169 0.000   9.431 0.000   5.637 0.000 0.028 0.000 0.223 0.000
201.333333 202.333333  102.27 0.000  4.95 0.000 9.999 0.259 0.37 0.000  0.153 0.000  1.739 0.000   3.130 0.000 999.99 0.259000  20.732 0.000  13.481 0.000   7.107 0.000 0.053 0.000 0.399 0.000
204.333333 205.333333   15.46 0.000  1.21 0.000 9.999 0.259 0.52 0.000  0.187 0.000  0.954 0.000   1.717 0.000 999.99 0.259000  10.333 0.000   4.902 0.000   5.377 0.000 0.048 0.000 0.681 0.000
207.333333 208.333333 9999.99 0.899 99.99 0.899 9.999 0.899 9.99 0.899  0.068 0.000  3.051 0.000   5.491 0.000 999.99 0.899000  24.566 0.000 999.999 0.899   8.274 0.000 9.999 0.899 0.366 0.000
210.333333 211.333333   62.22 0.000  0.86 0.000 9.999 0.259 0.18 0.000  0.081 0.000  1.245 0.000   2.241 0.000 999.99 0.259000  15.840 0.000  11.158 0.000   4.563 0.000 0.044 0.000 0.334 0.000
213.333333 214.333333   59.16 0.000  0.92 0.000 9.999 0.259 0.26 0.000  0.148 0.000  0.979 0.000   1.762 0.000 999.99 0.259000  16.146 0.000  11.732 0.000   4.484 0.000 0.042 0.000 0.362 0.000
216.333333 217.333333   75.11 0.000  1.06 0.000 9.999 0.259 0.42 0.000  0.132 0.000  2.611 0.000   4.701 0.000 999.99 0.259000  19.317 0.000  11.133 0.000   8.065 0.000 0.072 0.000 0.448 0.000
219.333333 220.333333   47.72 0.000  1.14 0.000 9.999 0.259 0.61 0.000  0.227 0.000  1.557 0.000   2.802 0.000 999.99 0.259000  15.789 0.000   9.043 0.000   6.649 0.000 0.048 0.000 0.650 0.000
222.333333 223.333333   49.01 0.000  0.41 0.000 9.999 0.259 0.29 0.000  0.126 0.000  1.772 0.000   3.189 0.000 999.99 0.259000  16.083 0.000   9.276 0.000   6.707 0.000 0.042 0.000 0.391 0.000
225.333333 226.333333  102.47 0.000  0.62 0.000 9.999 0.259 9.99 0.259  0.017 0.000  1.497 0.000   2.694 0.000 999.99 0.259000  19.776 0.000  14.924 0.000   4.693 0.000 0.030 0.000 0.139 0.000
228.333333 229.333333   31.35 0.000  0.76 0.000 9.999 0.259 0.22 0.000  0.079 0.000  0.684 0.000   1.231 0.000 999.99 0.259000   6.298 0.000   2.827 0.000   3.440 0.000 0.030 0.000 0.272 0.000
231.333333 232.333333   79.58 0.000  1.72 0.000 9.999 0.259 0.43 0.000  0.214 0.000  2.495 0.000   4.492 0.000 999.99 0.259000  23.227 0.000  13.877 0.000   9.201 0.000 0.081 0.000 0.626 0.000
234.333333 235.333333  102.80 0.000  0.44 0.000 0.015 0.000 0.25 0.000  0.123 0.000  0.801 0.000   1.443 0.000 999.99 0.259000  29.092 0.000  23.282 0.000   5.975 0.000 0.038 0.000 0.423 0.000
237.333333 238.333333  121.26 0.000  1.51 0.000 0.012 0.000 0.27 0.000  0.072 0.000  2.180 0.000   3.923 0.000 999.99 0.259000  22.567 0.000  15.089 0.000   7.316 0.000 0.050 0.000 0.297 0.000
240.333333 241.333333   51.15 0.000  0.56 0.000 9.999 0.259 9.99 0.259  0.076 0.000  0.468 0.000   0.843 0.000 999.99 0.259000   7.265 0.000   3.563 0.000   3.663 0.000 0.038 0.000 0.237 0.000
243.333333 244.333333 9999.99 0.456 99.99 0.456 9.999 0.456 9.99 0.456  0.091 0.000  1.581 0.000   2.845 0.000 999.99 0.456000  13.423 0.000 999.999 0.456 999.999 0.456 9.999 0.456 0.377 0.000
