scripts/IMPROVE-2019_partial/data/US0012R.19900103070000.20191216000000.filterpack...1y.3d.US03L_filterpack_US0012.US03L_IMPROVE_Davis.lev2.nas
52 1001
MISSING INFORMATION
US03L, IMPROVE, , , , , , , 
MISSING INFORMATION
IMPROVE sel_HTAP
1 1
1990 01 01 2019 12 16
0
days from file reference point
5
1 1 1 1 1
999.999999 999.999 9.999 999.999 9.999999
end_time of measurement, days from the file reference point
pm10_mass, ug/m3, Matrix=pm10
numflag pm10_mass, no unit, Matrix=pm10
pm25_mass, ug/m3, Matrix=pm25
numflag pm25_mass, no unit, Matrix=pm25
0
33
Data definition:              EBAS_1.1
Set type code:                TI
Timezone:                     UTC
File name:                    US0012R.19900103070000.20191216000000.filterpack...1y.3d.US03L_filterpack_US0012.US03L_IMPROVE_Davis.lev2.nas
File creation:                20191218115609
Startdate:                    19900103070000
Revision date:                20191216000000
Version:                      2
Version description:          "Data extracted from http://views.cira.colostate.edu/fed/DataWizard 2019-12-16"
Statistics:                   arithmetic mean
Data level:                   2
Period code:                  1y
Resolution code:              3d
Sample duration:              1d
Orig. time res.:              3d
Station code:                 US0012R
Platform code:                US0012S
Station name:                 Hopi Point #1
Station latitude:             36.0658
Station longitude:            -112.1539
Station altitude:             2164.0 m
Regime:                       IMG
Component:                    
Unit:                         ug/m3
Matrix:                       
Laboratory code:              US03L
Instrument type:              filterpack
Instrument name:              filterpack_US0012
Method ref:                   US03L_IMPROVE_Davis
Blank correction:             Blank corrected
Volume std. temperature:      ambient
Volume std. pressure:         ambient
starttime endtime PM10 flag_PM10 PM2.5 flag_PM2.5
  2.291667   3.291667   3.012 0.000   1.617 0.000000
  5.291667   6.291667   1.873 0.000   1.205 0.000000
  9.291667  10.291667   1.063 0.000   0.427 0.000000
 12.291667  13.291667   6.031 0.000   3.750 0.000000
 16.291667  17.291667   5.114 0.000 999.999 0.999000
 19.291667  20.291667   6.716 0.000   3.456 0.000000
 23.291667  24.291667   3.271 0.000   1.458 0.000000
 26.291667  27.291667  14.052 0.000   2.738 0.000000
 30.291667  31.291667   4.280 0.000   1.717 0.000000
 33.291667  34.291667   2.566 0.000   1.446 0.000000
 37.291667  38.291667   4.368 0.000   2.752 0.000000
 40.291667  41.291667   1.472 0.000   0.523 0.000000
 44.291667  45.291667  12.602 0.000   2.831 0.000000
 47.291667  48.291667 999.999 0.999 999.999 0.999000
 51.291667  52.291667   5.869 0.000 999.999 0.999000
 54.291667  55.291667   2.471 0.000   1.442 0.000000
 58.291667  59.291667   5.138 0.000   3.353 0.000000
 61.291667  62.291667 999.999 0.999   6.292 0.000000
 65.291667  66.291667 999.999 0.999   2.340 0.000000
 68.291667  69.291667   6.429 0.000   2.280 0.000000
 72.291667  73.291667  12.778 0.000   1.518 0.000000
 75.291667  76.291667   7.101 0.000   1.395 0.000000
 79.291667  80.291667   2.711 0.000   2.093 0.000000
 82.291667  83.291667   4.778 0.000   2.310 0.000000
 86.291667  87.291667  13.309 0.000   3.787 0.000000
 89.291667  90.291667   5.942 0.000   3.195 0.000000
 93.291667  94.291667   6.509 0.000   3.521 0.000000
 96.291667  97.291667   4.440 0.000   2.242 0.000000
100.291667 101.291667   6.341 0.000   2.840 0.000000
103.291667 104.291667  10.394 0.000   9.846 0.000000
107.291667 108.291667   5.673 0.000   2.988 0.000000
110.291667 111.291667   7.952 0.000   2.530 0.000000
114.291667 115.291667  14.449 0.000   2.080 0.000000
117.291667 118.291667   5.675 0.000   5.279 0.000000
121.291667 122.291667   8.314 0.000   4.396 0.000000
124.291667 125.291667   6.784 0.000   3.313 0.000000
128.291667 129.291667  11.483 0.000   5.962 0.000000
131.291667 132.291667  23.764 0.000   9.074 0.000000
135.291667 136.291667  14.528 0.000   6.269 0.000000
138.291667 139.291667  14.851 0.000   5.549 0.000000
142.291667 143.291667   7.052 0.000   2.232 0.000000
145.291667 146.291667  11.240 0.000   8.092 0.000000
149.291667 150.291667   8.365 0.000   3.912 0.000000
152.291667 153.291667   3.889 0.000   1.324 0.000000
156.291667 157.291667  14.449 0.000   4.706 0.000000
159.291667 160.291667  22.251 0.000   8.402 0.000000
163.291667 164.291667   8.934 0.000   4.065 0.000000
166.291667 167.291667   8.841 0.000   4.807 0.000000
170.291667 171.291667 999.999 0.999   9.381 0.000000
173.291667 174.291667  15.193 0.000   5.482 0.000000
177.291667 178.291667   8.102 0.000   3.363 0.000000
180.291667 181.291667  33.094 0.000   9.697 0.000000
184.291667 185.291667  10.582 0.000   3.423 0.000000
187.291667 188.291667   5.914 0.000   3.095 0.000000
191.291667 192.291667  23.899 0.000   4.548 0.000000
194.291667 195.291667  32.562 0.000   3.695 0.000000
198.291667 199.291667  12.390 0.000   3.027 0.000000
201.291667 202.291667  32.571 0.000  14.955 0.000000
205.291667 206.291667 999.999 0.999 999.999 0.999000
208.291667 209.291667  22.562 0.000   3.000 0.000000
212.291667 213.291667  15.128 0.000  12.679 0.000000
215.291667 216.291667  31.957 0.000 999.999 0.999000
219.291667 220.291667  33.897 0.000   4.142 0.000000
222.291667 223.291667  30.699 0.000   5.089 0.000000
226.291667 227.291667  12.491 0.000   2.436 0.000000
229.291667 230.291667   5.018 0.000   2.966 0.000000
233.291667 234.291667   8.759 0.000   1.848 0.000000
236.291667 237.291667  19.787 0.000   2.111 0.000000
240.291667 241.291667   8.346 0.000   5.401 0.000000
243.291667 244.291667   8.714 0.000   3.412 0.559000
247.291667 248.291667  12.073 0.000 999.999 0.559259
250.291667 251.291667   9.011 0.000   4.912 0.559000
254.291667 255.291667 999.999 0.999   5.657 0.559000
257.291667 258.291667  19.004 0.000 999.999 0.559259
261.291667 262.291667   8.056 0.000   3.642 0.559000
264.291667 265.291667  15.385 0.000   3.920 0.559000
268.291667 269.291667   4.015 0.000   2.391 0.559000
271.291667 272.291667   4.639 0.000   2.607 0.559000
275.291667 276.291667   8.560 0.000   2.774 0.559000
278.291667 279.291667   8.872 0.000   3.926 0.559000
282.291667 283.291667   3.664 0.000   2.943 0.559000
285.291667 286.291667  10.223 0.000   2.973 0.559000
289.291667 290.291667  15.341 0.000 999.999 0.559259
292.291667 293.291667  12.115 0.000   1.958 0.559000
296.291667 297.291667 999.999 0.999   7.925 0.559000
299.291667 300.291667  11.875 0.000   3.758 0.559000
303.291667 304.291667   6.667 0.000 999.999 0.559259
306.291667 307.291667   5.581 0.000   3.902 0.559000
310.291667 311.291667   4.067 0.000   2.410 0.559000
313.291667 314.291667   1.940 0.000   0.783 0.559000
317.291667 318.291667   8.952 0.000   4.177 0.559000
320.291667 321.291667   8.253 0.000   4.878 0.559000
324.291667 325.291667  26.311 0.000   5.531 0.559000
327.291667 328.291667   2.817 0.000   1.215 0.559000
331.291667 332.291667  13.017 0.000 999.999 0.559259
334.291667 335.291667  23.492 0.000 999.999 0.559259
338.291667 339.291667 999.999 0.999   2.202 0.559000
341.291667 342.291667  11.455 0.000   1.798 0.559000
345.291667 346.291667   4.921 0.000   3.650 0.559000
348.291667 349.291667   3.692 0.000   2.239 0.559000
352.291667 353.291667   6.386 0.000   3.437 0.559000
355.291667 356.291667   2.500 0.000   1.389 0.559000
359.291667 360.291667   5.968 0.000   4.000 0.559000
362.291667 363.291667  12.262 0.000   3.003 0.559000
