scripts/IMPROVE-2019_partial/data/US0073R.19980103050000.20191216000000.filterpack...1y.3d.US03L_filterpack_US0073_GRSM1.US03L_IMPROVE_Davis.lev2.nas
51 1001
MISSING INFORMATION
US03L, IMPROVE, , , , , , , 
MISSING INFORMATION
IMPROVE sel_HTAP
1 1
1998 01 01 2019 12 16
0
days from file reference point
4
1 1 1 1
999.999999 999.999 999.999 9.999
end_time of measurement, days from the file reference point
pm10_mass, ug/m3, Matrix=pm10
pm25_mass, ug/m3, Matrix=pm25
numflag, no unit
0
33
Data definition:              EBAS_1.1
Set type code:                TI
Timezone:                     UTC
File name:                    US0073R.19980103050000.20191216000000.filterpack...1y.3d.US03L_filterpack_US0073_GRSM1.US03L_IMPROVE_Davis.lev2.nas
File creation:                20191218120025
Startdate:                    19980103050000
Revision date:                20191216000000
Version:                      2
Version description:          "Data extracted from http://views.cira.colostate.edu/fed/DataWizard 2019-12-16"
Statistics:                   arithmetic mean
Data level:                   2
Period code:                  1y
Resolution code:              3d
Sample duration:              1d
Orig. time res.:              3d
Station code:                 US0073R
Platform code:                US0073S
Station name:                 Great Smoky Mountains NP
Station latitude:             35.6334
Station longitude:            -83.9416
Station altitude:             810.0 m
Regime:                       IMG
Component:                    
Unit:                         ug/m3
Matrix:                       
Laboratory code:              US03L
Instrument type:              filterpack
Instrument name:              filterpack_US0073_GRSM1
Method ref:                   US03L_IMPROVE_Davis
Blank correction:             Blank corrected
Volume std. temperature:      ambient
Volume std. pressure:         ambient
starttime endtime PM10 PM2.5 flag
  2.208333   3.208333  11.515   8.010 0.000
  6.208333   7.208333 999.999   5.240 0.000
  9.208333  10.208333  11.294   7.266 0.000
 13.208333  14.208333  12.218   8.025 0.000
 16.208333  17.208333   8.256   6.396 0.000
 20.208333  21.208333   9.885   8.241 0.000
 23.208333  24.208333  10.782   6.975 0.000
 27.208333  28.208333 999.999 999.999 0.999
 30.208333  31.208333 999.999 999.999 0.999
 34.208333  35.208333   1.535   1.238 0.000
 37.208333  38.208333  10.605   9.722 0.000
 41.208333  42.208333   9.618   7.369 0.000
 44.208333  45.208333  13.328  11.887 0.000
 48.208333  49.208333 999.999   5.622 0.000
 51.208333  52.208333  12.439   7.186 0.000
 55.208333  56.208333   5.318   4.495 0.000
 58.208333  59.208333   8.860   5.408 0.000
 62.208333  63.208333   9.790   8.188 0.000
 65.208333  66.208333   8.119   6.126 0.000
 69.208333  70.208333   9.237   5.155 0.000
 72.208333  73.208333  11.411  11.491 0.000
 76.208333  77.208333   9.065   3.245 0.000
 79.208333  80.208333 999.999   3.143 0.000
 83.208333  84.208333  11.698  10.297 0.000
 86.208333  87.208333  18.665  12.033 0.000
 90.208333  91.208333   6.611   4.202 0.000
 93.208333  94.208333  11.992   8.822 0.000
 97.208333  98.208333  22.428  16.254 0.000
100.208333 101.208333  14.271   7.453 0.000
104.208333 105.208333  21.197  16.485 0.000
107.208333 108.208333  15.197   9.752 0.000
111.208333 112.208333  10.563   4.227 0.000
114.208333 115.208333  20.666  17.315 0.000
118.208333 119.208333  22.897  14.664 0.000
121.208333 122.208333  11.825  11.713 0.000
125.208333 126.208333  19.089  15.343 0.000
128.208333 129.208333  29.639  23.089 0.000
132.208333 133.208333  28.324  21.813 0.000
135.208333 136.208333  56.606  44.961 0.000
139.208333 140.208333  41.565  31.102 0.000
142.208333 143.208333  41.107  29.974 0.000
146.208333 147.208333  22.441  18.251 0.000
149.208333 150.208333  30.183  26.191 0.000
153.208333 154.208333  32.069  18.931 0.000
156.208333 157.208333  11.724  11.397 0.000
160.208333 161.208333  18.530  11.534 0.000
163.208333 164.208333  20.451  17.806 0.000
167.208333 168.208333  14.702  12.286 0.000
170.208333 171.208333  14.312  12.969 0.000
174.208333 175.208333  33.151  25.473 0.000
177.208333 178.208333  54.931  46.972 0.000
181.208333 182.208333  22.843  15.684 0.000
184.208333 185.208333 999.999  20.259 0.000
188.208333 189.208333  35.535  34.307 0.000
191.208333 192.208333  30.620  21.009 0.000
195.208333 196.208333  21.603  16.373 0.000
198.208333 199.208333  25.636  19.929 0.000
202.208333 203.208333  22.832  15.992 0.000
205.208333 206.208333  18.170  16.845 0.000
209.208333 210.208333  24.322  21.792 0.000
212.208333 213.208333  31.476  27.778 0.000
216.208333 217.208333  21.334  18.939 0.000
219.208333 220.208333  16.272  11.995 0.000
223.208333 224.208333  31.501  27.165 0.000
226.208333 227.208333  85.079  20.512 0.000
230.208333 231.208333  37.437  31.264 0.000
233.208333 234.208333  37.908  28.660 0.000
237.208333 238.208333  46.998  32.693 0.000
240.208333 241.208333  36.802  27.921 0.000
244.208333 245.208333  28.659  20.046 0.000
247.208333 248.208333  27.098  19.462 0.000
251.208333 252.208333   6.590   3.343 0.000
254.208333 255.208333  27.374  18.845 0.000
258.208333 259.208333  29.747  22.946 0.000
261.208333 262.208333  39.580  27.546 0.000
265.208333 266.208333  21.879  13.918 0.000
268.208333 269.208333  31.929  23.611 0.000
272.208333 273.208333   7.827   6.022 0.000
275.208333 276.208333  22.330  16.684 0.000
279.208333 280.208333  13.490   3.914 0.000
282.208333 283.208333  13.651   9.946 0.000
286.208333 287.208333  14.011   5.252 0.000
289.208333 290.208333  19.444  13.918 0.000
293.208333 294.208333   7.351   4.224 0.000
296.208333 297.208333  13.136   8.916 0.000
300.208333 301.208333  22.620  14.935 0.000
303.208333 304.208333  22.970  13.511 0.000
307.208333 308.208333  10.901   6.446 0.000
310.208333 311.208333  12.006   8.644 0.000
314.208333 315.208333  14.464   3.312 0.000
317.208333 318.208333   6.625   5.056 0.000
321.208333 322.208333  13.198   9.171 0.000
324.208333 325.208333   7.146   4.219 0.000
328.208333 329.208333  22.270  12.581 0.000
331.208333 332.208333  12.556   9.652 0.000
335.208333 336.208333  11.627   9.530 0.000
338.208333 339.208333  18.057  13.075 0.000
342.208333 343.208333   6.740 999.999 0.000
345.208333 346.208333   6.262   5.679 0.000
349.208333 350.208333  14.624   8.394 0.000
352.208333 353.208333   7.802   5.291 0.000
356.208333 357.208333  17.038   8.489 0.000
359.208333 360.208333 999.999 999.999 0.999
363.208333 364.208333  19.552   3.365 0.000
