scripts/IMPROVE-2019_partial/data/US0078R.20010101070000.20191216000000.filterpack..pm25.8mo.1w.US03L_filterpack_US0078.US03L_IMPROVE_Davis.lev2.nas
64 1001
MISSING INFORMATION
US03L, IMPROVE, , , , , , , 
MISSING INFORMATION
IMPROVE sel_HTAP
1 1
2001 01 01 2019 12 16
3.000000
days from file reference point
25
1 1 1 1 1 1 1 1 1 1 1 1 1 1 1 1 1 1 1 1 1 1 1 1 1
999.999999 99999.99 9.999 99.99 9.999 9.999 9.999999 99.99 9.999999 99.999 9.999 99.999 9.999 99.999 9.999 999.999 9.999 999.999 9.999 999.999 9.999 9.999 9.999 99.999 9.999
end_time of measurement, days from the file reference point
iron, ng/m3, Revision date=20181210133000
numflag iron, no unit, Revision date=20181210133000
lead, ng/m3, Revision date=20181210133000
numflag lead, no unit, Revision date=20181210133000
magnesium, ug/m3, Revision date=20181210133000
numflag magnesium, no unit, Revision date=20181210133000
nickel, ng/m3, Revision date=20181210133000
numflag nickel, no unit, Revision date=20181210133000
nitrate, ug N/m3, Revision date=20181210133000
numflag nitrate, no unit, Revision date=20181210133000
organic_carbon, ug C/m3, Revision date=20181210133000
numflag organic_carbon, no unit, Revision date=20181210133000
organic_mass, ug/m3, Revision date=20181210133000
numflag organic_mass, no unit, Revision date=20181210133000
pm10_mass, ug/m3, Version=2, Version description=Data extracted from http://views.cira.colostate.edu/fed/DataWizard 2019-12-16, Sample duration=1d, Orig. time res.=3d, Matrix=pm10, Blank correction=Blank corrected, Volume std. temperature=ambient, Volume std. pressure=ambient
numflag pm10_mass, no unit, Version=2, Version description=Data extracted from http://views.cira.colostate.edu/fed/DataWizard 2019-12-16, Sample duration=1d, Orig. time res.=3d, Matrix=pm10, Blank correction=Blank corrected, Volume std. temperature=ambient, Volume std. pressure=ambient
pm10_pm25_mass, ug/m3, Revision date=20181210133000, Matrix=pm10_pm25
numflag pm10_pm25_mass, no unit, Revision date=20181210133000, Matrix=pm10_pm25
pm25_mass, ug/m3, Version=2, Version description=Data extracted from http://views.cira.colostate.edu/fed/DataWizard 2019-12-16, Sample duration=1d, Orig. time res.=3d, Blank correction=Blank corrected, Volume std. temperature=ambient, Volume std. pressure=ambient
numflag pm25_mass, no unit, Version=2, Version description=Data extracted from http://views.cira.colostate.edu/fed/DataWizard 2019-12-16, Sample duration=1d, Orig. time res.=3d, Blank correction=Blank corrected, Volume std. temperature=ambient, Volume std. pressure=ambient
potassium, ug/m3, Revision date=20181210133000
numflag potassium, no unit, Revision date=20181210133000
sulphate_total, ug S/m3, Revision date=20181210133000
numflag sulphate_total, no unit, Revision date=20181210133000
0
25
Data definition:              EBAS_1.1
Set type code:                TU
Timezone:                     UTC
File name:                    US0078R.20010101070000.20191216000000.filterpack..pm25.8mo.1w.US03L_filterpack_US0078.US03L_IMPROVE_Davis.lev2.nas
File creation:                20191218120041
Startdate:                    20010101070000
Revision date:                20191216000000
Statistics:                   arithmetic mean
Data level:                   2
Period code:                  8mo
Resolution code:              1w
Station code:                 US0078R
Platform code:                US0078S
Station name:                 Lone Peak Wilderness
Station latitude:             40.4449
Station longitude:            -111.7081
Station altitude:             1768.0 m
Regime:                       IMG
Component:                    
Matrix:                       pm25
Laboratory code:              US03L
Instrument type:              filterpack
Instrument name:              filterpack_US0078
Method ref:                   US03L_IMPROVE_Davis
starttime endtime Fe flag_Fe Pb flag_Pb Mg++ flag_Mg++ Ni flag_Ni NO3- flag_NO3- OC flag_OC OM flag_OM PM10 flag_PM10 PM10-PM2.5 flag_PM10-PM2.5 PM2.5 flag_PM2.5 K+ flag_K+ SO4-- flag_SO4--
  0.291667   1.291667   108.07 0.559  8.45 0.559 9.999 0.559259 99.99 0.559259  1.231 0.000  1.643 0.000  2.301 0.000  13.930 0.000   2.128 0.000  11.802 0.559 0.128 0.559  0.473 0.000
  3.291667   4.291667   163.70 0.559  2.94 0.559 9.999 0.559259 99.99 0.559259  0.645 0.000  1.040 0.000  1.456 0.000  11.450 0.000   3.130 0.000   8.320 0.559 0.027 0.559  0.596 0.000
  6.291667   7.291667   283.77 0.559  6.61 0.559 9.999 0.559259 99.99 0.559259  1.157 0.000  1.749 0.000  2.448 0.000  21.948 0.000   1.795 0.000  20.153 0.559 0.034 0.559  1.500 0.000
  9.291667  10.291667    61.82 0.000  0.74 0.000 9.999 0.259000 99.99 0.259000  0.149 0.000  0.246 0.000  0.344 0.000   2.671 0.000   0.825 0.000   1.846 0.000 0.008 0.000  0.296 0.000
 12.291667  13.291667    18.39 0.559  1.32 0.559 0.029 0.559000 99.99 0.559259  0.193 0.000  0.467 0.000  0.653 0.000   2.191 0.000   0.412 0.000   1.779 0.559 0.012 0.559  0.175 0.000
 15.291667  16.291667    10.05 0.559  0.42 0.559 9.999 0.559259 99.99 0.559259  0.216 0.000  0.491 0.000  0.688 0.000   4.075 0.000   0.844 0.000   3.232 0.559 0.007 0.559  0.391 0.000
 18.291667  19.291667 99999.99 0.999 99.99 0.999 9.999 0.999000 99.99 0.999000 99.999 0.999 99.999 0.999 99.999 0.999 999.999 0.999 999.999 0.999 999.999 0.999 9.999 0.999 99.999 0.999
 21.291667  22.291667 99999.99 0.999 99.99 0.999 9.999 0.999000 99.99 0.999000 99.999 0.999 99.999 0.999 99.999 0.999 999.999 0.999 999.999 0.999 999.999 0.999 9.999 0.999 99.999 0.999
 24.291667  25.291667 99999.99 0.999 99.99 0.999 9.999 0.999000 99.99 0.999000 99.999 0.999 99.999 0.999 99.999 0.999 999.999 0.999 999.999 0.999 999.999 0.999 9.999 0.999 99.999 0.999
 27.291667  28.291667 99999.99 0.999 99.99 0.999 9.999 0.999000 99.99 0.999000 99.999 0.999 99.999 0.999 99.999 0.999 999.999 0.999 999.999 0.999 999.999 0.999 9.999 0.999 99.999 0.999
 30.291667  31.291667 99999.99 0.999 99.99 0.999 9.999 0.999000 99.99 0.999000 99.999 0.999 99.999 0.999 99.999 0.999 999.999 0.999 999.999 0.999 999.999 0.999 9.999 0.999 99.999 0.999
 33.291667  34.291667   154.24 0.000  3.18 0.000 9.999 0.259000 99.99 0.259000  0.241 0.000  0.648 0.000  0.907 0.000   7.319 0.000   3.878 0.000   3.441 0.000 0.028 0.000  0.224 0.000
 36.291667  37.291667    43.98 0.000  1.33 0.000 9.999 0.259000 99.99 0.259000  0.198 0.000  0.442 0.000  0.618 0.000   7.779 0.000   4.843 0.000   2.936 0.000 0.028 0.000  0.176 0.000
 39.291667  40.291667    65.75 0.000  1.23 0.000 9.999 0.259000  0.10 0.000000  0.435 0.000  0.494 0.000  0.692 0.000   8.150 0.000   3.919 0.000   4.231 0.000 0.023 0.000  0.286 0.000
 42.291667  43.291667    53.38 0.000  0.80 0.000 9.999 0.259000 99.99 0.259000  0.049 0.000  0.178 0.000  0.249 0.000   2.828 0.000   0.890 0.000   1.938 0.000 0.016 0.000  0.242 0.000
 45.291667  46.291667   144.80 0.559  2.94 0.559 9.999 0.559259  1.45 0.559000  0.607 0.000  0.534 0.000  0.747 0.000   8.375 0.000   1.724 0.000   6.651 0.559 0.028 0.559  0.578 0.000
 48.291667  49.291667    42.07 0.559  0.54 0.559 9.999 0.559259  0.40 0.559000  0.085 0.000  0.290 0.000  0.407 0.000   4.040 0.000   1.889 0.000   2.152 0.559 0.018 0.559  0.195 0.000
 51.291667  52.291667    42.45 0.000  0.82 0.000 9.999 0.259000 99.99 0.259000  0.183 0.000  0.310 0.000  0.434 0.000   3.202 0.000   1.597 0.000   1.605 0.000 0.014 0.000  0.140 0.000
 54.291667  55.291667    26.06 0.559  0.99 0.559 9.999 0.559259  0.59 0.559000  0.097 0.000  0.364 0.000  0.510 0.000   1.757 0.000   0.062 0.000   1.695 0.559 0.012 0.559  0.194 0.000
 57.291667  58.291667    47.86 0.559  1.53 0.559 9.999 0.559259  0.07 0.559000  0.777 0.000  0.872 0.000  1.220 0.000  10.695 0.000   3.815 0.000   6.881 0.559 0.016 0.559  0.535 0.000
 60.291667  61.291667    99.39 0.559  2.53 0.559 9.999 0.559259 99.99 0.559259  0.295 0.000  0.580 0.000  0.812 0.000   6.693 0.000   3.025 0.000   3.669 0.559 0.015 0.559  0.474 0.000
 63.291667  64.291667    11.70 0.559  0.69 0.559 9.999 0.559259  0.72 0.559000  0.013 0.000  0.326 0.000  0.456 0.000   2.786 0.000   0.835 0.000   1.951 0.559 0.013 0.559  0.265 0.000
 66.291667  67.291667   115.88 0.559  2.00 0.559 9.999 0.559259 99.99 0.559259  0.244 0.000  0.836 0.000  1.171 0.000   9.065 0.000   4.237 0.000   4.828 0.559 0.029 0.559  0.414 0.000
 69.291667  70.291667    13.95 0.559  1.01 0.559 9.999 0.559259 99.99 0.559259  0.224 0.000  0.538 0.000  0.754 0.000   2.828 0.000   0.305 0.000   2.522 0.559 0.010 0.559  0.317 0.000
 72.291667  73.291667 99999.99 0.999 99.99 0.999 9.999 0.999000 99.99 0.999000 99.999 0.999 99.999 0.999 99.999 0.999 999.999 0.999 999.999 0.999 999.999 0.999 9.999 0.999 99.999 0.999
 75.291667  76.291667 99999.99 0.999 99.99 0.999 9.999 0.999000 99.99 0.999000 99.999 0.999 99.999 0.999 99.999 0.999 999.999 0.999 999.999 0.999 999.999 0.999 9.999 0.999 99.999 0.999
 78.291667  79.291667 99999.99 0.999 99.99 0.999 9.999 0.999000 99.99 0.999000 99.999 0.999 99.999 0.999 99.999 0.999 999.999 0.999 999.999 0.999 999.999 0.999 9.999 0.999 99.999 0.999
 81.291667  82.291667    91.31 0.000  2.01 0.000 0.031 0.000000 99.99 0.259000  0.245 0.000  1.018 0.000  1.425 0.000   7.028 0.000   2.958 0.000   4.070 0.000 0.025 0.000  0.316 0.000
 84.291667  85.291667    49.60 0.559  1.11 0.559 9.999 0.559259  0.27 0.559000  0.075 0.000  0.498 0.000  0.697 0.000   4.878 0.000   2.395 0.000   2.483 0.559 0.031 0.559  0.153 0.000
 87.291667  88.291667    24.35 0.559  0.93 0.559 9.999 0.559259  0.36 0.559000  0.071 0.000  0.355 0.000  0.497 0.000   3.119 0.000   1.192 0.000   1.927 0.559 0.016 0.559  0.160 0.000
 90.291667  91.291667    79.99 0.559  1.53 0.559 9.999 0.559259 99.99 0.559259  0.085 0.000  0.687 0.000  0.961 0.000   6.200 0.000   3.087 0.000   3.113 0.559 0.045 0.559  0.107 0.000
 93.291667  94.291667 99999.99 0.999 99.99 0.999 9.999 0.999000 99.99 0.999000 99.999 0.999 99.999 0.999 99.999 0.999 999.999 0.999 999.999 0.999 999.999 0.999 9.999 0.999 99.999 0.999
 96.291667  97.291667    48.45 0.559  0.96 0.559 9.999 0.559259  0.13 0.559000  0.118 0.000  0.412 0.000  0.577 0.000   4.491 0.000   1.122 0.000   3.369 0.559 0.025 0.559  0.275 0.000
 99.291667 100.291667    39.67 0.559  3.16 0.559 9.999 0.559259  0.34 0.559000  0.151 0.000  0.583 0.000  0.816 0.000   5.000 0.000   1.333 0.000   3.667 0.559 0.037 0.559  0.464 0.000
102.291667 103.291667   143.72 0.000  1.25 0.000 9.999 0.259000  0.13 0.000000  0.094 0.000  0.336 0.000  0.471 0.000   6.359 0.000   2.450 0.000   3.908 0.000 0.065 0.000  0.197 0.000
105.291667 106.291667  1042.20 0.699  5.00 0.699 9.999 0.699259 99.99 0.699259  0.271 0.000  1.191 0.000  1.668 0.000  36.718 0.000  12.394 0.000  24.324 0.699 0.453 0.699  0.489 0.000
108.291667 109.291667   492.39 0.559  2.70 0.559 9.999 0.559259 99.99 0.559259  0.157 0.000  1.053 0.000  1.474 0.000  38.525 0.000  25.094 0.000  13.431 0.559 0.291 0.559  0.245 0.000
111.291667 112.291667    53.91 0.559  1.05 0.559 9.999 0.559259  0.20 0.559000  0.113 0.000  0.468 0.000  0.655 0.000   5.156 0.000   2.511 0.000   2.646 0.559 0.033 0.559  0.264 0.000
114.291667 115.291667   222.92 0.699  3.42 0.699 9.999 0.699259 99.99 0.699259  0.151 0.000  1.091 0.000  1.527 0.000  10.718 0.000   4.376 0.000   6.342 0.699 0.086 0.699  0.340 0.000
117.291667 118.291667    94.43 0.559  2.15 0.559 9.999 0.559259 99.99 0.559259  0.051 0.000  1.006 0.000  1.408 0.000   8.510 0.000   3.642 0.000   4.868 0.559 0.063 0.559  0.337 0.000
120.291667 121.291667   254.70 0.000  1.31 0.000 9.999 0.259000 99.99 0.259000  0.075 0.559  0.795 0.000  1.113 0.000  20.505 0.000  13.312 0.000   7.193 0.000 0.119 0.000  0.180 0.559
123.291667 124.291667   128.91 0.559  1.83 0.559 9.999 0.559259 99.99 0.559259  0.121 0.000  0.690 0.000  0.966 0.000   6.623 0.000   2.721 0.000   3.902 0.559 0.034 0.559  0.341 0.000
126.291667 127.291667   174.52 0.699  2.79 0.699 9.999 0.699259 99.99 0.699259  0.074 0.000  1.032 0.000  1.445 0.000  10.116 0.000   4.021 0.000   6.094 0.699 0.102 0.699  0.221 0.000
129.291667 130.291667   215.28 0.559  2.73 0.559 9.999 0.559259 99.99 0.559259  0.065 0.000  0.918 0.000  1.285 0.000  12.143 0.000   5.232 0.000   6.910 0.559 0.119 0.559  0.354 0.000
132.291667 133.291667   255.92 0.559  1.78 0.559 9.999 0.559259 99.99 0.559259  0.049 0.000  1.097 0.000  1.535 0.000  12.224 0.000   3.637 0.000   8.587 0.559 0.131 0.559  0.406 0.000
135.291667 136.291667   266.94 0.699  2.08 0.699 9.999 0.699259  1.08 0.699000  0.047 0.000  0.755 0.000  1.056 0.000   7.564 0.000   1.056 0.000   6.508 0.699 0.130 0.699  0.141 0.000
138.291667 139.291667 99999.99 0.699 99.99 0.699 9.999 0.699000 99.99 0.699000  0.068 0.000  1.597 0.000  2.236 0.000   9.107 0.000 999.999 0.999 999.999 0.699 9.999 0.699  0.336 0.000
141.291667 142.291667   113.85 0.559  1.11 0.559 9.999 0.559259  0.19 0.559000  0.080 0.000  0.810 0.000  1.134 0.000   8.064 0.000   4.679 0.000   3.385 0.559 0.048 0.559  0.140 0.000
144.291667 145.291667   141.77 0.559  1.66 0.559 9.999 0.559259  0.12 0.559000  0.037 0.000  1.265 0.000  1.770 0.000  14.137 0.000   8.367 0.000   5.770 0.559 0.076 0.559  0.169 0.000
147.291667 148.291667   143.13 0.699  2.30 0.699 9.999 0.699259 99.99 0.699259  0.042 0.000  1.462 0.000  2.046 0.000  13.145 0.000   6.125 0.000   7.020 0.699 0.094 0.699  0.342 0.000
150.291667 151.291667   119.35 0.559  1.67 0.559 9.999 0.559259  0.17 0.559000  0.069 0.000  0.699 0.000  0.979 0.000   9.481 0.000   5.660 0.000   3.821 0.559 0.062 0.559  0.155 0.000
153.291667 154.291667    96.44 0.699  1.11 0.699 9.999 0.699259 99.99 0.699259  0.042 0.000  0.533 0.000  0.746 0.000  10.835 0.000   5.956 0.000   4.879 0.699 0.075 0.699  0.222 0.000
156.291667 157.291667   140.48 0.559  1.59 0.559 9.999 0.559259  0.11 0.559000  0.088 0.000  1.011 0.000  1.415 0.000  13.806 0.000   8.181 0.000   5.625 0.559 0.074 0.559  0.202 0.000
159.291667 160.291667   151.73 0.559  2.21 0.559 9.999 0.559259  0.11 0.559000  0.081 0.000  1.645 0.000  2.303 0.000  18.560 0.000   9.979 0.000   8.580 0.559 0.163 0.559  0.344 0.000
162.291667 163.291667 99999.99 0.999 99.99 0.999 9.999 0.999000 99.99 0.999000 99.999 0.999 99.999 0.999 99.999 0.999 999.999 0.999 999.999 0.999 999.999 0.999 9.999 0.999 99.999 0.999
165.291667 166.291667    90.13 0.000  0.94 0.000 9.999 0.259000 99.99 0.259000  0.026 0.000  0.977 0.000  1.368 0.000   8.095 0.000   3.747 0.000   4.348 0.000 0.059 0.000  0.126 0.000
168.291667 169.291667   142.53 0.559  1.58 0.559 9.999 0.559259  0.12 0.559000  0.045 0.000  1.650 0.000  2.310 0.000  16.395 0.000   9.177 0.000   7.218 0.559 0.101 0.559  0.164 0.000
171.291667 172.291667   126.94 0.699  1.58 0.699 9.999 0.699259 99.99 0.699259  0.051 0.559  1.604 0.000  2.245 0.000  14.629 0.000   7.437 0.000   7.191 0.699 0.076 0.699  0.200 0.559
174.291667 175.291667   108.62 0.559  0.95 0.559 9.999 0.559259  0.26 0.559000  0.049 0.559  0.701 0.000  0.981 0.000  12.623 0.000   6.660 0.000   5.962 0.559 0.080 0.559  0.444 0.559
177.291667 178.291667   168.52 0.559  1.35 0.559 9.999 0.559259  0.37 0.559000  0.037 0.000  0.722 0.000  1.011 0.000   7.314 0.000   1.909 0.000   5.405 0.559 0.108 0.559  0.241 0.000
180.291667 181.291667    91.92 0.699  1.52 0.699 9.999 0.699259  0.12 0.699000  0.020 0.000  0.948 0.000  1.328 0.000  10.725 0.000   5.998 0.000   4.727 0.699 0.065 0.699  0.158 0.000
183.291667 184.291667   109.93 0.699  1.43 0.699 9.999 0.699259 99.99 0.699259  0.037 0.000  1.660 0.000  2.324 0.000  14.455 0.000   7.390 0.000   7.064 0.699 0.076 0.699  0.351 0.000
186.291667 187.291667   190.58 0.559  1.30 0.559 9.999 0.559259  0.15 0.559000  0.090 0.000  1.936 0.000  2.710 0.000  20.299 0.000  10.021 0.000  10.278 0.559 0.185 0.559  0.322 0.000
189.291667 190.291667    63.16 0.559  0.57 0.559 9.999 0.559259  0.20 0.559000  0.054 0.000  1.150 0.000  1.610 0.000   7.191 0.000   2.847 0.000   4.344 0.559 0.042 0.559  0.255 0.000
192.291667 193.291667   154.45 0.559  1.13 0.559 9.999 0.559259  0.66 0.559000  0.045 0.000  1.028 0.000  1.439 0.000   9.615 0.000   2.836 0.000   6.780 0.559 0.080 0.559  0.317 0.000
195.291667 196.291667    75.24 0.559  0.48 0.559 9.999 0.559259  0.32 0.559000  0.041 0.000  0.448 0.000  0.626 0.000   6.655 0.000   2.522 0.000   4.133 0.559 0.071 0.559  0.306 0.000
198.291667 199.291667    78.61 0.559  0.88 0.559 9.999 0.559259 99.99 0.559259  0.038 0.000  0.369 0.000  0.516 0.000   6.986 0.000   3.873 0.000   3.113 0.559 0.051 0.559  0.145 0.000
201.291667 202.291667    94.34 0.000  1.23 0.000 9.999 0.259000  0.11 0.000000  0.035 0.000  0.710 0.000  0.994 0.000  10.045 0.000   5.103 0.000   4.942 0.000 0.086 0.000  0.297 0.000
204.291667 205.291667 99999.99 0.999 99.99 0.999 9.999 0.999000 99.99 0.999000 99.999 0.999 99.999 0.999 99.999 0.999 999.999 0.999 999.999 0.999 999.999 0.999 9.999 0.999 99.999 0.999
207.291667 208.291667 99999.99 0.999 99.99 0.999 9.999 0.999000 99.99 0.999000 99.999 0.999 99.999 0.999 99.999 0.999 999.999 0.999 999.999 0.999 999.999 0.999 9.999 0.999 99.999 0.999
210.291667 211.291667 99999.99 0.999 99.99 0.999 9.999 0.999000 99.99 0.999000 99.999 0.999 99.999 0.999 99.999 0.999 999.999 0.999 999.999 0.999 999.999 0.999 9.999 0.999 99.999 0.999
213.291667 214.291667 99999.99 0.456 99.99 0.456 9.999 0.456000 99.99 0.456000 99.999 0.456 99.999 0.999 99.999 0.999 999.999 0.456 999.999 0.999 999.999 0.456 9.999 0.456 99.999 0.456
216.291667 217.291667 99999.99 0.456 99.99 0.456 9.999 0.456000 99.99 0.456000 99.999 0.456 99.999 0.999 99.999 0.999 999.999 0.456 999.999 0.999 999.999 0.456 9.999 0.456 99.999 0.456
219.291667 220.291667   179.62 0.000  1.08 0.000 9.999 0.259000 99.99 0.259000  0.037 0.559  1.164 0.000  1.629 0.000 999.999 0.456 999.999 0.999   6.384 0.000 0.064 0.000  0.364 0.559
222.291667 223.291667    75.78 0.000  1.15 0.000 9.999 0.259000 99.99 0.259000  0.035 0.000  1.389 0.000  1.944 0.000 999.999 0.456 999.999 0.999   5.607 0.000 0.085 0.000  0.268 0.000
225.291667 226.291667    73.86 0.000  0.79 0.000 9.999 0.259000 99.99 0.259000  0.063 0.000  2.987 0.000  4.182 0.000 999.999 0.456 999.999 0.999   7.737 0.000 0.141 0.000  0.334 0.000
228.291667 229.291667   119.84 0.000  1.35 0.000 9.999 0.259000  0.06 0.000000  0.136 0.000  5.404 0.000  7.565 0.000  23.495 0.000  10.842 0.000  12.652 0.000 0.295 0.000  0.426 0.000
231.291667 232.291667    92.36 0.000  0.75 0.000 9.999 0.259000 99.99 0.259000  0.043 0.000  2.710 0.000  3.794 0.000  15.377 0.000   8.178 0.000   7.199 0.000 0.125 0.000  0.307 0.000
234.291667 235.291667    56.96 0.000  0.46 0.000 9.999 0.259000  0.33 0.000000  0.030 0.000  0.819 0.000  1.147 0.000   7.752 0.000   3.775 0.000   3.977 0.000 0.050 0.000  0.288 0.000
237.291667 238.291667    66.75 0.000  0.97 0.000 9.999 0.259000 99.99 0.259000  0.033 0.559  1.531 0.000  2.143 0.000   9.851 0.000   4.729 0.000   5.122 0.000 0.053 0.000  0.278 0.559
240.291667 241.291667    79.09 0.699  0.93 0.699 9.999 0.699259 99.99 0.699259  0.047 0.000  2.006 0.000  2.808 0.000  13.442 0.000   5.734 0.000   7.708 0.699 0.084 0.699  0.438 0.000
