scripts/IMPROVE-2019_partial/data/US0082R.19980103050000.20191216000000.filterpack...1y.3d.US03L_filterpack_US0082.US03L_IMPROVE_Davis.lev2.nas
51 1001
MISSING INFORMATION
US03L, IMPROVE, , , , , , , 
MISSING INFORMATION
IMPROVE sel_HTAP
1 1
1998 01 01 2019 12 16
0
days from file reference point
4
1 1 1 1
999.999999 999.999 999.999 9.999
end_time of measurement, days from the file reference point
pm10_mass, ug/m3, Matrix=pm10
pm25_mass, ug/m3, Matrix=pm25
numflag, no unit
0
33
Data definition:              EBAS_1.1
Set type code:                TI
Timezone:                     UTC
File name:                    US0082R.19980103050000.20191216000000.filterpack...1y.3d.US03L_filterpack_US0082.US03L_IMPROVE_Davis.lev2.nas
File creation:                20191218120055
Startdate:                    19980103050000
Revision date:                20191216000000
Version:                      2
Version description:          "Data extracted from http://views.cira.colostate.edu/fed/DataWizard 2019-12-16"
Statistics:                   arithmetic mean
Data level:                   2
Period code:                  1y
Resolution code:              3d
Sample duration:              1d
Orig. time res.:              3d
Station code:                 US0082R
Platform code:                US0082S
Station name:                 Lye Brook Wilderness
Station latitude:             43.1482
Station longitude:            -73.1268
Station altitude:             1015.0 m
Regime:                       IMG
Component:                    
Unit:                         ug/m3
Matrix:                       
Laboratory code:              US03L
Instrument type:              filterpack
Instrument name:              filterpack_US0082
Method ref:                   US03L_IMPROVE_Davis
Blank correction:             Blank corrected
Volume std. temperature:      ambient
Volume std. pressure:         ambient
starttime endtime PM10 PM2.5 flag
  2.208333   3.208333  12.377  10.543 0.000
  6.208333   7.208333   4.932   3.914 0.000
  9.208333  10.208333   9.619   6.345 0.000
 13.208333  14.208333   3.655   2.080 0.000
 16.208333  17.208333   2.599   1.975 0.000
 20.208333  21.208333  12.029  11.521 0.000
 23.208333  24.208333   5.828   2.272 0.000
 27.208333  28.208333   7.647   6.467 0.000
 30.208333  31.208333   4.405   4.059 0.000
 34.208333  35.208333   8.640   8.227 0.000
 37.208333  38.208333 999.999   4.911 0.000
 41.208333  42.208333  14.417   9.365 0.000
 44.208333  45.208333   2.396   1.808 0.000
 48.208333  49.208333 999.999 999.999 0.259
 51.208333  52.208333   1.230   0.947 0.000
 55.208333  56.208333   0.735   0.410 0.000
 58.208333  59.208333   8.871   5.335 0.000
 62.208333  63.208333   6.543   4.798 0.000
 65.208333  66.208333  11.508   8.213 0.000
 69.208333  70.208333   3.168   2.517 0.000
 72.208333  73.208333   7.264   5.708 0.000
 76.208333  77.208333  14.208   8.919 0.000
 79.208333  80.208333  13.117   4.154 0.000
 83.208333  84.208333 999.999   8.994 0.000
 86.208333  87.208333  22.958  21.138 0.000
 90.208333  91.208333   9.515   8.595 0.000
 93.208333  94.208333   2.609   2.815 0.000
 97.208333  98.208333  10.666   4.453 0.000
100.208333 101.208333  11.050   7.006 0.000
104.208333 105.208333  23.122  16.861 0.000
107.208333 108.208333  10.150   4.371 0.000
111.208333 112.208333   8.729   6.913 0.000
114.208333 115.208333   8.380   6.259 0.000
118.208333 119.208333  10.098   5.656 0.000
121.208333 122.208333   2.665   2.242 0.000
125.208333 126.208333   8.500   5.062 0.000
128.208333 129.208333  11.119   7.620 0.000
132.208333 133.208333   7.936   7.666 0.000
135.208333 136.208333  18.681  12.215 0.000
139.208333 140.208333  17.759   9.770 0.000
142.208333 143.208333   6.185   3.427 0.000
146.208333 147.208333  12.227   7.488 0.000
149.208333 150.208333  11.008   6.944 0.000
153.208333 154.208333   4.869   3.730 0.000
156.208333 157.208333   8.114   5.300 0.000
160.208333 161.208333  13.438   9.630 0.000
163.208333 164.208333 999.999 999.999 0.999
167.208333 168.208333  13.007  11.021 0.000
170.208333 171.208333   7.692   5.586 0.000
174.208333 175.208333  26.565  25.703 0.000
177.208333 178.208333   1.891   1.527 0.000
181.208333 182.208333   1.653   1.022 0.000
184.208333 185.208333  19.052  16.455 0.000
188.208333 189.208333  12.180  10.537 0.000
191.208333 192.208333   2.714 999.999 0.000
195.208333 196.208333 999.999  42.774 0.000
198.208333 199.208333 999.999 999.999 0.999
202.208333 203.208333  20.581  14.520 0.000
205.208333 206.208333 999.999  29.664 0.000
209.208333 210.208333  23.003  17.466 0.000
212.208333 213.208333   6.268   5.603 0.000
216.208333 217.208333  19.983  17.571 0.000
219.208333 220.208333  13.180   9.764 0.000
223.208333 224.208333   5.482   4.286 0.000
226.208333 227.208333  18.518  17.511 0.000
230.208333 231.208333 999.999 999.999 0.999
233.208333 234.208333  10.826   9.309 0.000
237.208333 238.208333   8.898   7.367 0.000
240.208333 241.208333   9.295   8.351 0.000
244.208333 245.208333   9.061   6.914 0.000
247.208333 248.208333   7.204   5.543 0.000
251.208333 252.208333   1.947   0.815 0.000
254.208333 255.208333  17.651  12.858 0.000
258.208333 259.208333   5.342   3.442 0.000
261.208333 262.208333  17.878  14.583 0.000
265.208333 266.208333   2.475   1.218 0.000
268.208333 269.208333  19.467  17.160 0.000
272.208333 273.208333  12.744   9.526 0.000
275.208333 276.208333   8.102   1.433 0.000
279.208333 280.208333   9.753   6.271 0.000
282.208333 283.208333 999.999 999.999 0.999
286.208333 287.208333 999.999 999.999 0.999
289.208333 290.208333 999.999 999.999 0.999
293.208333 294.208333   3.289   2.155 0.000
296.208333 297.208333  11.477   8.027 0.000
300.208333 301.208333  10.362   8.376 0.000
303.208333 304.208333   2.939   1.963 0.000
307.208333 308.208333   3.565   1.897 0.000
310.208333 311.208333 999.999   3.793 0.000
314.208333 315.208333   5.065   4.451 0.000
317.208333 318.208333   9.768   9.864 0.000
321.208333 322.208333   7.703   5.039 0.000
324.208333 325.208333   2.315 999.999 0.000
328.208333 329.208333   4.189   4.314 0.000
331.208333 332.208333   7.548   6.271 0.000
335.208333 336.208333   6.095   4.630 0.000
338.208333 339.208333   8.581   6.643 0.000
342.208333 343.208333   4.719   3.955 0.000
345.208333 346.208333   6.001 999.999 0.000
349.208333 350.208333  17.132  11.246 0.000
352.208333 353.208333   7.288   7.682 0.000
356.208333 357.208333   5.440   4.805 0.000
359.208333 360.208333  10.031   9.022 0.000
363.208333 364.208333   7.371   1.665 0.000
