scripts/IMPROVE-2019_partial/data/US0049R.20170101060000.20191216000000.filterpack...52w.3d.US03L_filterpack_US0049.US03L_IMPROVE_Davis.lev2.nas
51 1001
MISSING INFORMATION
US03L, IMPROVE, , , , , , , 
MISSING INFORMATION
IMPROVE sel_HTAP
1 1
2017 01 01 2019 12 16
3.00
days from file reference point
4
1 1 1 1
999.99 999.999 999.999 9.999
end_time of measurement, days from the file reference point
pm10_mass, ug/m3, Matrix=pm10
pm25_mass, ug/m3, Matrix=pm25
numflag, no unit
0
33
Data definition:              EBAS_1.1
Set type code:                TU
Timezone:                     UTC
File name:                    US0049R.20170101060000.20191216000000.filterpack...52w.3d.US03L_filterpack_US0049.US03L_IMPROVE_Davis.lev2.nas
File creation:                20191218115823
Startdate:                    20170101060000
Revision date:                20191216000000
Version:                      2
Version description:          "Data extracted from http://views.cira.colostate.edu/fed/DataWizard 2019-12-16"
Statistics:                   arithmetic mean
Data level:                   2
Period code:                  52w
Resolution code:              3d
Sample duration:              1d
Orig. time res.:              3d
Station code:                 US0049R
Platform code:                US0049S
Station name:                 Great River Bluffs
Station latitude:             43.9373
Station longitude:            -91.4052
Station altitude:             370.0 m
Regime:                       IMG
Component:                    
Unit:                         ug/m3
Matrix:                       
Laboratory code:              US03L
Instrument type:              filterpack
Instrument name:              filterpack_US0049
Method ref:                   US03L_IMPROVE_Davis
Blank correction:             Blank corrected
Volume std. temperature:      ambient
Volume std. pressure:         ambient
starttime endtime PM10 PM2.5 flag
  0.25   1.25  10.997   7.412 0.000
  3.25   4.25   5.458   4.048 0.000
  6.25   7.25  10.061   7.454 0.000
  9.25  10.25  14.058  11.235 0.000
 12.25  13.25  11.192   8.124 0.000
 15.25  16.25  16.685  13.618 0.000
 18.25  19.25  12.174   9.817 0.000
 21.25  22.25   5.852   4.634 0.000
 24.25  25.25   0.913   0.943 0.000
 27.25  28.25  12.296   9.950 0.000
 30.25  31.25   4.997   4.214 0.000
 33.25  34.25  10.051   3.404 0.000
 36.25  37.25  22.752  15.262 0.000
 39.25  40.25  13.127   5.645 0.000
 42.25  43.25   4.599   3.839 0.000
 45.25  46.25   3.590   1.841 0.000
 48.25  49.25   3.018   1.832 0.000
 51.25  52.25   3.929   2.880 0.000
 54.25  55.25   3.202   2.673 0.000
 57.25  58.25  10.051   6.991 0.000
 60.25  61.25   4.888   3.156 0.000
 63.25  64.25  15.640   9.730 0.000
 66.25  67.25   7.799   1.606 0.000
 69.25  70.25   4.611   2.530 0.000
 72.25  73.25   4.319   3.316 0.000
 75.25  76.25  11.552   8.929 0.000
 78.25  79.25   7.052   4.693 0.000
 81.25  82.25  12.077   8.031 0.000
 84.25  85.25   2.381   1.610 0.000
 87.25  88.25 999.999 999.999 0.999
 90.25  91.25   3.879   2.659 0.000
 93.25  94.25   3.560   2.327 0.000
 96.25  97.25   7.189   2.330 0.000
 99.25 100.25   3.986   2.915 0.000
102.25 103.25   7.182   4.813 0.000
105.25 106.25   3.545   1.407 0.000
108.25 109.25   3.477   1.545 0.000
111.25 112.25   4.771   2.225 0.000
114.25 115.25  16.152   5.658 0.000
117.25 118.25   3.242   1.886 0.000
120.25 121.25   0.587   0.259 0.000
123.25 124.25   7.722   3.274 0.000
126.25 127.25   4.846   2.231 0.000
129.25 130.25  10.381   5.733 0.000
132.25 133.25  22.330   6.202 0.000
135.25 136.25  22.628   7.865 0.000
138.25 139.25   4.650   1.722 0.000
141.25 142.25   7.669   3.427 0.000
144.25 145.25   8.933   4.928 0.000
147.25 148.25  12.487   3.126 0.000
150.25 151.25  10.048   2.365 0.000
153.25 154.25  19.067   6.801 0.000
156.25 157.25   8.035   2.170 0.000
159.25 160.25  13.985   5.749 0.000
162.25 163.25  15.662   8.587 0.000
165.25 166.25   9.320   2.825 0.000
168.25 169.25   6.144   2.202 0.000
171.25 172.25   7.183   3.407 0.000
174.25 175.25   6.900   2.027 0.000
177.25 178.25  11.788   3.583 0.000
180.25 181.25   7.607   3.546 0.000
183.25 184.25   7.995   5.001 0.000
186.25 187.25  20.002   7.463 0.000
189.25 190.25  16.949   5.107 0.000
192.25 193.25  12.883   5.299 0.000
195.25 196.25  16.711   5.050 0.000
198.25 199.25  18.251   7.277 0.000
201.25 202.25  10.732   6.964 0.000
204.25 205.25   5.678   3.319 0.000
207.25 208.25   8.760   4.371 0.000
210.25 211.25  12.926   6.229 0.000
213.25 214.25  14.131   9.780 0.000
216.25 217.25   9.326   3.321 0.000
219.25 220.25  13.058   5.068 0.000
222.25 223.25   6.172   3.092 0.000
225.25 226.25   9.154   6.166 0.000
228.25 229.25   6.000   2.716 0.000
231.25 232.25  13.400   8.030 0.000
234.25 235.25   8.937   3.891 0.000
237.25 238.25   9.352   5.998 0.000
240.25 241.25   7.782   5.967 0.000
243.25 244.25   7.302   4.255 0.000
246.25 247.25  24.658  16.464 0.000
249.25 250.25  11.783   3.758 0.000
252.25 253.25  10.734   4.269 0.000
255.25 256.25  23.957   9.536 0.000
258.25 259.25  26.594  13.078 0.000
261.25 262.25   9.197   5.301 0.000
264.25 265.25  19.955   9.845 0.000
267.25 268.25  16.739  10.554 0.000
270.25 271.25   8.233   2.733 0.000
273.25 274.25  10.994   3.607 0.000
276.25 277.25   5.225   1.687 0.000
279.25 280.25   6.549   4.432 0.000
282.25 283.25   4.136   1.608 0.000
285.25 286.25   9.391   4.873 0.000
288.25 289.25   8.154   2.761 0.000
291.25 292.25  17.889   3.532 0.000
294.25 295.25   6.052   2.121 0.000
297.25 298.25  12.350   3.795 0.000
300.25 301.25   1.388   1.161 0.000
303.25 304.25   5.626   1.890 0.000
306.25 307.25   3.696   2.658 0.000
309.25 310.25   3.715   2.260 0.000
312.25 313.25   8.426   4.121 0.000
315.25 316.25  29.320  16.181 0.000
318.25 319.25 999.999 999.999 0.999
321.25 322.25   8.686   7.371 0.000
324.25 325.25  10.315   3.824 0.000
327.25 328.25  11.997   2.948 0.000
330.25 331.25  17.948   6.023 0.000
333.25 334.25  10.067   2.149 0.000
336.25 337.25  29.904  10.531 0.000
339.25 340.25   5.292   2.279 0.000
342.25 343.25   5.654   3.032 0.000
345.25 346.25   5.472   2.058 0.000
348.25 349.25   4.221   2.616 0.000
351.25 352.25  20.612  12.495 0.000
354.25 355.25   9.081   7.450 0.000
357.25 358.25   8.237   4.212 0.000
360.25 361.25 999.999 999.999 0.999
363.25 364.25   6.584   5.546 0.000
