scripts/IMPROVE-2019_partial/data/US0081R.19970101050000.20191216000000.filterpack...1y.3d.US03L_filterpack_US0081.US03L_IMPROVE_Davis.lev2.nas
51 1001
MISSING INFORMATION
US03L, IMPROVE, , , , , , , 
MISSING INFORMATION
IMPROVE sel_HTAP
1 1
1997 01 01 2019 12 16
0
days from file reference point
4
1 1 1 1
999.999999 999.999 999.999 9.999
end_time of measurement, days from the file reference point
pm10_mass, ug/m3, Matrix=pm10
pm25_mass, ug/m3, Matrix=pm25
numflag, no unit
0
33
Data definition:              EBAS_1.1
Set type code:                TI
Timezone:                     UTC
File name:                    US0081R.19970101050000.20191216000000.filterpack...1y.3d.US03L_filterpack_US0081.US03L_IMPROVE_Davis.lev2.nas
File creation:                20191218120052
Startdate:                    19970101050000
Revision date:                20191216000000
Version:                      2
Version description:          "Data extracted from http://views.cira.colostate.edu/fed/DataWizard 2019-12-16"
Statistics:                   arithmetic mean
Data level:                   2
Period code:                  1y
Resolution code:              3d
Sample duration:              1d
Orig. time res.:              3d
Station code:                 US0081R
Platform code:                US0081S
Station name:                 Jefferson NF
Station latitude:             37.6167
Station longitude:            -79.4833
Station altitude:             219.0 m
Regime:                       IMG
Component:                    
Unit:                         ug/m3
Matrix:                       
Laboratory code:              US03L
Instrument type:              filterpack
Instrument name:              filterpack_US0081
Method ref:                   US03L_IMPROVE_Davis
Blank correction:             Blank corrected
Volume std. temperature:      ambient
Volume std. pressure:         ambient
starttime endtime PM10 PM2.5 flag
  0.208333   1.208333  12.030  10.828 0.000
  3.208333   4.208333  24.110  15.370 0.000
  7.208333   8.208333  14.511   9.964 0.000
 10.208333  11.208333 999.999   9.930 0.000
 14.208333  15.208333  25.095  16.788 0.000
 17.208333  18.208333  10.134   5.075 0.000
 21.208333  22.208333  22.091  22.930 0.000
 24.208333  25.208333  10.618   8.502 0.000
 28.208333  29.208333  14.348  12.791 0.000
 31.208333  32.208333  19.575  10.945 0.000
 35.208333  36.208333  12.077   9.484 0.000
 38.208333  39.208333 999.999  14.050 0.000
 42.208333  43.208333  17.082  14.632 0.000
 45.208333  46.208333 999.999  11.886 0.000
 49.208333  50.208333  21.942  14.105 0.000
 52.208333  53.208333   7.957   7.310 0.000
 56.208333  57.208333  19.619  14.394 0.000
 59.208333  60.208333  13.889  10.729 0.000
 63.208333  64.208333 999.999  21.705 0.000
 66.208333  67.208333  15.880  10.323 0.000
 70.208333  71.208333  13.355  11.418 0.000
 73.208333  74.208333  11.399   6.194 0.000
 77.208333  78.208333  14.623   6.723 0.000
 80.208333  81.208333  14.623  10.652 0.000
 84.208333  85.208333   9.275   7.284 0.000
 87.208333  88.208333  18.931  12.623 0.000
 91.208333  92.208333  16.790   7.469 0.000
 94.208333  95.208333  27.255  17.799 0.000
 98.208333  99.208333  11.944  11.781 0.000
101.208333 102.208333  14.799  10.107 0.000
105.208333 106.208333  20.980  14.364 0.000
108.208333 109.208333  14.335   7.070 0.000
112.208333 113.208333  18.330  16.703 0.000
115.208333 116.208333  14.881  10.710 0.000
119.208333 120.208333  19.397  15.379 0.000
122.208333 123.208333  13.123   7.793 0.000
126.208333 127.208333 999.999 999.999 0.999
129.208333 130.208333 999.999 999.999 0.999
133.208333 134.208333   9.259   9.710 0.000
136.208333 137.208333  18.944  15.820 0.000
140.208333 141.208333  11.234  10.214 0.000
143.208333 144.208333  34.489  25.825 0.000
147.208333 148.208333  15.267   6.111 0.000
150.208333 151.208333  23.346  16.679 0.000
154.208333 155.208333  12.211  10.758 0.000
157.208333 158.208333   9.457   6.883 0.000
161.208333 162.208333 999.999 999.999 0.999
164.208333 165.208333  21.473  12.915 0.000
168.208333 169.208333  16.378  12.183 0.000
171.208333 172.208333  28.579  22.174 0.000
175.208333 176.208333  36.762  30.340 0.000
178.208333 179.208333  17.875  17.573 0.000
182.208333 183.208333  23.672  20.382 0.000
185.208333 186.208333  20.309  15.708 0.000
189.208333 190.208333  23.366  16.891 0.000
192.208333 193.208333  26.539  22.046 0.000
196.208333 197.208333  31.840  28.623 0.000
199.208333 200.208333  50.795  45.391 0.000
203.208333 204.208333  17.383  12.003 0.000
206.208333 207.208333  37.914  33.630 0.000
210.208333 211.208333  10.506   7.097 0.000
213.208333 214.208333  24.863  17.605 0.000
217.208333 218.208333  20.091  12.537 0.000
220.208333 221.208333  31.534  28.669 0.000
224.208333 225.208333  21.010  17.209 0.000
227.208333 228.208333  25.304  22.722 0.000
231.208333 232.208333  19.982  15.679 0.000
234.208333 235.208333  11.559   8.549 0.000
238.208333 239.208333  31.517  27.900 0.000
241.208333 242.208333  29.438  23.415 0.000
245.208333 246.208333  19.265  16.772 0.000
248.208333 249.208333  21.800  16.006 0.000
252.208333 253.208333  14.070  11.192 0.000
255.208333 256.208333  25.552  19.183 0.000
259.208333 260.208333  34.813  29.491 0.000
262.208333 263.208333  29.448  26.887 0.000
266.208333 267.208333  11.485   9.414 0.000
269.208333 270.208333  19.053  15.456 0.000
273.208333 274.208333  14.346   8.277 0.000
276.208333 277.208333  27.001  20.242 0.000
280.208333 281.208333  44.316  40.732 0.000
283.208333 284.208333  34.587  26.693 0.000
287.208333 288.208333   9.197   5.907 0.000
290.208333 291.208333  17.408  12.545 0.000
294.208333 295.208333  13.271   9.665 0.000
297.208333 298.208333  20.738  13.985 0.000
301.208333 302.208333 999.999 999.999 0.999
304.208333 305.208333  13.889  10.917 0.000
308.208333 309.208333  13.400  13.021 0.000
311.208333 312.208333   5.477   5.626 0.000
315.208333 316.208333  15.348  12.635 0.000
318.208333 319.208333   8.619   7.845 0.000
322.208333 323.208333  22.447  15.795 0.000
325.208333 326.208333  19.628  15.827 0.000
329.208333 330.208333  27.133  15.674 0.000
332.208333 333.208333  26.272  22.229 0.000
336.208333 337.208333  23.765  16.547 0.000
339.208333 340.208333  11.608   7.829 0.000
343.208333 344.208333  15.504  14.157 0.000
346.208333 347.208333  13.733  11.485 0.000
350.208333 351.208333  26.327  19.064 0.000
353.208333 354.208333  31.117  23.776 0.000
357.208333 358.208333  11.317   9.214 0.000
360.208333 361.208333 999.999  10.603 0.000
364.208333 365.208333 999.999   8.219 0.000
