scripts/IMPROVE-2019_partial/data/US0050R.20140102060000.20191216000000.filterpack...52w.3d.US03L_filterpack_US0050.US03L_IMPROVE_Davis.lev2.nas
51 1001
MISSING INFORMATION
US03L, IMPROVE, , , , , , , 
MISSING INFORMATION
IMPROVE sel_HTAP
1 1
2014 01 01 2019 12 16
3.00
days from file reference point
4
1 1 1 1
999.99 999.999 999.999 9.999
end_time of measurement, days from the file reference point
pm10_mass, ug/m3, Matrix=pm10
pm25_mass, ug/m3, Matrix=pm25
numflag, no unit
0
33
Data definition:              EBAS_1.1
Set type code:                TU
Timezone:                     UTC
File name:                    US0050R.20140102060000.20191216000000.filterpack...52w.3d.US03L_filterpack_US0050.US03L_IMPROVE_Davis.lev2.nas
File creation:                20191218115827
Startdate:                    20140102060000
Revision date:                20191216000000
Version:                      2
Version description:          "Data extracted from http://views.cira.colostate.edu/fed/DataWizard 2019-12-16"
Statistics:                   arithmetic mean
Data level:                   2
Period code:                  52w
Resolution code:              3d
Sample duration:              1d
Orig. time res.:              3d
Station code:                 US0050R
Platform code:                US0050S
Station name:                 Blue Mounds
Station latitude:             43.7158
Station longitude:            -96.1913
Station altitude:             473.0 m
Regime:                       IMG
Component:                    
Unit:                         ug/m3
Matrix:                       
Laboratory code:              US03L
Instrument type:              filterpack
Instrument name:              filterpack_US0050
Method ref:                   US03L_IMPROVE_Davis
Blank correction:             Blank corrected
Volume std. temperature:      ambient
Volume std. pressure:         ambient
starttime endtime PM10 PM2.5 flag
  1.25   2.25 999.999   8.982 0.000
  4.25   5.25 999.999   3.728 0.000
  7.25   8.25  13.670   6.945 0.000
 10.25  11.25   8.201   6.120 0.000
 13.25  14.25   6.908   3.442 0.000
 16.25  17.25   9.819   1.927 0.000
 19.25  20.25   7.686   2.438 0.000
 22.25  23.25  10.254   3.025 0.000
 25.25  26.25  20.348   3.581 0.000
 28.25  29.25  20.093   4.545 0.000
 31.25  32.25  21.234  11.477 0.000
 34.25  35.25  17.659   3.375 0.000
 37.25  38.25  25.796   8.803 0.000
 40.25  41.25  11.861   5.817 0.000
 43.25  44.25  20.007   8.626 0.000
 46.25  47.25  12.674   8.957 0.000
 49.25  50.25   5.989   2.588 0.000
 52.25  53.25   6.660   5.011 0.000
 55.25  56.25  10.129   5.383 0.000
 58.25  59.25  22.215   6.747 0.000
 61.25  62.25  13.040   6.120 0.000
 64.25  65.25  43.106  35.648 0.000
 67.25  68.25  10.147   5.871 0.000
 70.25  71.25  11.765   7.999 0.000
 73.25  74.25   6.260   3.802 0.000
 76.25  77.25  16.174  12.543 0.000
 79.25  80.25  11.454   4.827 0.000
 82.25  83.25  11.071   7.085 0.000
 85.25  86.25  11.451   8.521 0.000
 88.25  89.25  38.243  29.815 0.000
 91.25  92.25  10.086   6.544 0.000
 94.25  95.25  10.800   8.575 0.000
 97.25  98.25   5.287   2.609 0.000
100.25 101.25  14.818   3.838 0.000
103.25 104.25  11.601   3.102 0.000
106.25 107.25   5.826   5.053 0.000
109.25 110.25  15.996   7.779 0.000
112.25 113.25  21.501   6.679 0.000
115.25 116.25  13.252   3.585 0.000
118.25 119.25   3.283   1.557 0.000
121.25 122.25   7.684   2.516 0.000
124.25 125.25 999.999 999.999 0.999
127.25 128.25  15.711   9.211 0.000
130.25 131.25   7.341   3.201 0.000
133.25 134.25   8.509   3.393 0.000
136.25 137.25  19.240   6.083 0.000
139.25 140.25  23.144   6.078 0.000
142.25 143.25  26.835   4.922 0.000
145.25 146.25   6.907   3.667 0.000
148.25 149.25  15.144   4.602 0.000
151.25 152.25   6.980   3.779 0.000
154.25 155.25   9.033   4.222 0.000
157.25 158.25   5.595   2.372 0.000
160.25 161.25  12.197   5.604 0.000
163.25 164.25  16.136   2.994 0.000
166.25 167.25   8.636   4.028 0.000
169.25 170.25 999.999 999.999 0.999
172.25 173.25 999.999 999.999 0.999
175.25 176.25  14.188   3.660 0.000
178.25 179.25  14.035   5.232 0.000
181.25 182.25   9.637   2.550 0.000
184.25 185.25  23.253   6.261 0.000
187.25 188.25  19.177   5.425 0.000
190.25 191.25  34.567  16.811 0.000
193.25 194.25  20.093  11.394 0.000
196.25 197.25  17.557   5.321 0.000
199.25 200.25  24.535   9.783 0.000
202.25 203.25  22.042   8.084 0.000
205.25 206.25  23.442   9.627 0.000
208.25 209.25  10.440   4.136 0.000
211.25 212.25  19.480   6.874 0.000
214.25 215.25  20.279  10.395 0.000
217.25 218.25  11.273   7.734 0.000
220.25 221.25  19.973  12.900 0.000
223.25 224.25  14.305   4.966 0.000
226.25 227.25  17.448   9.492 0.000
229.25 230.25  14.851   5.514 0.000
232.25 233.25  20.562   8.040 0.000
235.25 236.25  10.332   4.405 0.000
238.25 239.25  15.787   3.385 0.000
241.25 242.25   7.813   3.687 0.000
244.25 245.25   7.833   2.065 0.000
247.25 248.25   9.949   2.667 0.000
250.25 251.25  14.199   5.781 0.000
253.25 254.25   6.936   1.595 0.000
256.25 257.25   8.976   3.378 0.000
259.25 260.25  17.409   6.190 0.000
262.25 263.25  23.958   7.139 0.000
265.25 266.25  12.240   4.907 0.000
268.25 269.25  26.522  10.855 0.000
271.25 272.25  15.690   4.092 0.000
274.25 275.25   8.592   3.547 0.000
277.25 278.25   8.199   2.363 0.000
280.25 281.25  13.768   2.590 0.000
283.25 284.25  29.375   5.843 0.000
286.25 287.25  11.930   2.888 0.000
289.25 290.25  16.694   5.105 0.000
292.25 293.25  42.205   7.518 0.000
295.25 296.25   6.705   2.308 0.000
298.25 299.25  27.129   4.362 0.000
301.25 302.25  25.961   4.844 0.000
304.25 305.25  41.227   4.306 0.000
307.25 308.25  22.957   4.024 0.000
310.25 311.25  37.633   5.088 0.000
313.25 314.25  11.081   3.692 0.000
316.25 317.25  12.320   5.317 0.000
319.25 320.25  14.924   9.601 0.000
322.25 323.25  12.676   5.851 0.000
325.25 326.25  21.248  14.904 0.000
328.25 329.25  12.600   4.418 0.000
331.25 332.25  20.454  11.900 0.000
334.25 335.25  13.916   5.500 0.000
337.25 338.25  25.763   8.130 0.000
340.25 341.25  16.319  12.777 0.000
343.25 344.25  18.156  11.979 0.000
346.25 347.25  14.325  12.479 0.000
349.25 350.25   6.640   4.818 0.000
352.25 353.25  24.384  19.427 0.000
355.25 356.25   5.070   4.840 0.000
358.25 359.25 999.999 999.999 0.999
361.25 362.25 999.999 999.999 0.999
364.25 365.25   8.359   4.375 0.000
