scripts/IMPROVE-2019_partial/data/US0057R.20060102050000.20191216000000.filterpack..pm25.52w.1w.US03L_filterpack_US0057.US03L_IMPROVE_Davis.lev2.nas
64 1001
MISSING INFORMATION
US03L, IMPROVE, , , , , , , 
MISSING INFORMATION
IMPROVE sel_HTAP
1 1
2006 01 01 2019 12 16
3.000000
days from file reference point
25
1 1 1 1 1 1 1 1 1 1 1 1 1 1 1 1 1 1 1 1 1 1 1 1 1
999.999999 9999.99 9.999 99.99 9.999 9.999 9.999999 9.99 9.999999 9.999 9.999999 99.999 9.999 99.999 9.999 999.999 9.999 999.999 9.999 999.999 9.999 9.999 9.999 99.999 9.999999
end_time of measurement, days from the file reference point
iron, ng/m3, Revision date=20181210133000
numflag iron, no unit, Revision date=20181210133000
lead, ng/m3, Revision date=20181210133000
numflag lead, no unit, Revision date=20181210133000
magnesium, ug/m3, Revision date=20181210133000
numflag magnesium, no unit, Revision date=20181210133000
nickel, ng/m3, Revision date=20181210133000
numflag nickel, no unit, Revision date=20181210133000
nitrate, ug N/m3, Revision date=20181210133000
numflag nitrate, no unit, Revision date=20181210133000
organic_carbon, ug C/m3, Revision date=20181210133000
numflag organic_carbon, no unit, Revision date=20181210133000
organic_mass, ug/m3, Revision date=20181210133000
numflag organic_mass, no unit, Revision date=20181210133000
pm10_mass, ug/m3, Version=2, Version description=Data extracted from http://views.cira.colostate.edu/fed/DataWizard 2019-12-16, Sample duration=1d, Orig. time res.=3d, Matrix=pm10, Blank correction=Blank corrected, Volume std. temperature=ambient, Volume std. pressure=ambient
numflag pm10_mass, no unit, Version=2, Version description=Data extracted from http://views.cira.colostate.edu/fed/DataWizard 2019-12-16, Sample duration=1d, Orig. time res.=3d, Matrix=pm10, Blank correction=Blank corrected, Volume std. temperature=ambient, Volume std. pressure=ambient
pm10_pm25_mass, ug/m3, Revision date=20181210133000, Matrix=pm10_pm25
numflag pm10_pm25_mass, no unit, Revision date=20181210133000, Matrix=pm10_pm25
pm25_mass, ug/m3, Version=2, Version description=Data extracted from http://views.cira.colostate.edu/fed/DataWizard 2019-12-16, Sample duration=1d, Orig. time res.=3d, Blank correction=Blank corrected, Volume std. temperature=ambient, Volume std. pressure=ambient
numflag pm25_mass, no unit, Version=2, Version description=Data extracted from http://views.cira.colostate.edu/fed/DataWizard 2019-12-16, Sample duration=1d, Orig. time res.=3d, Blank correction=Blank corrected, Volume std. temperature=ambient, Volume std. pressure=ambient
potassium, ug/m3, Revision date=20181210133000
numflag potassium, no unit, Revision date=20181210133000
sulphate_total, ug S/m3, Revision date=20181210133000
numflag sulphate_total, no unit, Revision date=20181210133000
0
25
Data definition:              EBAS_1.1
Set type code:                TU
Timezone:                     UTC
File name:                    US0057R.20060102050000.20191216000000.filterpack..pm25.52w.1w.US03L_filterpack_US0057.US03L_IMPROVE_Davis.lev2.nas
File creation:                20191218115859
Startdate:                    20060102050000
Revision date:                20191216000000
Statistics:                   arithmetic mean
Data level:                   2
Period code:                  52w
Resolution code:              1w
Station code:                 US0057R
Platform code:                US0057S
Station name:                 Linville Gorge
Station latitude:             35.9723
Station longitude:            -81.9331
Station altitude:             968.0 m
Regime:                       IMG
Component:                    
Matrix:                       pm25
Laboratory code:              US03L
Instrument type:              filterpack
Instrument name:              filterpack_US0057
Method ref:                   US03L_IMPROVE_Davis
starttime endtime Fe flag_Fe Pb flag_Pb Mg++ flag_Mg++ Ni flag_Ni NO3- flag_NO3- OC flag_OC OM flag_OM PM10 flag_PM10 PM10-PM2.5 flag_PM10-PM2.5 PM2.5 flag_PM2.5 K+ flag_K+ SO4-- flag_SO4--
  1.208333   2.208333   11.08 0.000  0.93 0.000 0.008 0.000000 9.99 0.259000 0.036 0.000000  2.284 0.000  3.198 0.000   6.219 0.000   0.853 0.000   5.366 0.000 0.085 0.000  0.229 0.000000
  4.208333   5.208333   21.17 0.000  1.87 0.000 9.999 0.259000 0.14 0.000000 0.119 0.000000  1.508 0.000  2.111 0.000  10.145 0.000   2.071 0.000   8.074 0.000 0.042 0.000  1.141 0.000000
  7.208333   8.208333   16.24 0.000  0.99 0.000 9.999 0.259000 0.19 0.000000 0.098 0.000000  1.354 0.000  1.896 0.000   5.955 0.000   1.633 0.000   4.321 0.000 0.048 0.000  0.362 0.000000
 10.208333  11.208333   18.24 0.000  1.79 0.000 0.012 0.000000 0.30 0.000000 0.055 0.000000  1.260 0.000  1.763 0.000   6.463 0.000   1.629 0.000   4.834 0.000 0.052 0.000  0.459 0.000000
 13.208333  14.208333    4.63 0.000  0.29 0.000 9.999 0.259000 9.99 0.259000 0.011 0.000000  0.272 0.000  0.381 0.000   2.960 0.000   1.363 0.000   1.598 0.000 0.006 0.000  0.282 0.000000
 16.208333  17.208333   16.32 0.000  0.99 0.000 9.999 0.259000 0.25 0.000000 0.123 0.000000  2.052 0.000  2.873 0.000   8.060 0.000   0.733 0.000   7.327 0.000 0.065 0.000  0.632 0.000000
 19.208333  20.208333   23.14 0.000  1.37 0.000 9.999 0.259000 0.23 0.000000 0.044 0.559000  2.502 0.000  3.502 0.000   7.357 0.000   1.263 0.000   6.095 0.000 0.066 0.000  0.291 0.559000
 22.208333  23.208333    2.71 0.000  0.36 0.000 9.999 0.259000 9.99 0.259000 0.005 0.000000  0.258 0.000  0.361 0.000   1.292 0.000   0.404 0.000   0.888 0.000 0.010 0.000  0.088 0.000000
 25.208333  26.208333   12.94 0.000  1.55 0.000 9.999 0.259000 9.99 0.259000 0.125 0.559000  0.556 0.000  0.779 0.000   5.373 0.000   2.136 0.000   3.237 0.000 0.018 0.000  0.378 0.559000
 28.208333  29.208333    9.59 0.000  1.48 0.000 9.999 0.259000 0.33 0.000000 0.046 0.559000  1.567 0.000  2.194 0.000   7.924 0.000   1.487 0.000   6.437 0.000 0.040 0.000  0.628 0.559000
 31.208333  32.208333   23.49 0.000  1.56 0.000 9.999 0.259000 0.20 0.000000 0.030 0.559000  1.384 0.000  1.937 0.000  10.652 0.000   1.528 0.000   9.124 0.000 0.063 0.000  1.386 0.559000
 34.208333  35.208333 9999.99 0.999 99.99 0.999 9.999 0.999000 9.99 0.999000 9.999 0.999000 99.999 0.999 99.999 0.999 999.999 0.999 999.999 0.999 999.999 0.999 9.999 0.999 99.999 0.999000
 37.208333  38.208333 9999.99 0.999 99.99 0.999 9.999 0.999000 9.99 0.999000 9.999 0.999000 99.999 0.999 99.999 0.999 999.999 0.999 999.999 0.999 999.999 0.999 9.999 0.999 99.999 0.999000
 40.208333  41.208333   27.39 0.000  1.46 0.000 9.999 0.259000 9.99 0.259000 0.120 0.559000  1.895 0.000  2.653 0.000   8.961 0.000   2.179 0.000   6.782 0.000 0.059 0.000  0.516 0.559000
 43.208333  44.208333    7.95 0.000  1.78 0.000 9.999 0.259000 0.09 0.000000 0.182 0.559000  0.579 0.000  0.810 0.000   6.392 0.000   0.536 0.000   5.856 0.000 0.019 0.000  0.946 0.559000
 46.208333  47.208333   22.07 0.000  1.10 0.000 9.999 0.259000 0.54 0.000000 0.107 0.559000  4.548 0.000  6.367 0.000  16.759 0.000   2.858 0.000  13.902 0.000 0.106 0.000  0.745 0.559000
 49.208333  50.208333   16.45 0.394  1.53 0.394 9.999 0.394259 9.99 0.394259 0.085 0.394000  1.338 0.394  1.873 0.394   8.973 0.000   0.960 0.394   8.013 0.000 0.049 0.394  1.184 0.394000
 52.208333  53.208333   24.18 0.000  1.51 0.000 9.999 0.259000 9.99 0.259000 0.054 0.000000  1.831 0.000  2.564 0.000   7.496 0.000   1.544 0.000   5.952 0.000 0.068 0.000  0.399 0.000000
 55.208333  56.208333   25.07 0.000  1.56 0.000 9.999 0.259000 9.99 0.259000 0.067 0.000000  2.426 0.559  3.396 0.559   9.184 0.000   2.280 0.000   6.904 0.000 0.053 0.000  0.419 0.000000
 58.208333  59.208333   30.93 0.000  2.21 0.000 9.999 0.259000 0.22 0.000000 0.102 0.000000  1.816 0.000  2.542 0.000  11.423 0.000   3.885 0.000   7.538 0.000 0.053 0.000  0.705 0.000000
 61.208333  62.208333   19.29 0.000  1.52 0.000 9.999 0.259000 9.99 0.259000 0.314 0.559000  1.138 0.000  1.594 0.000  13.361 0.000   3.263 0.000  10.098 0.000 0.030 0.000  1.618 0.559000
 64.208333  65.208333   16.64 0.000  1.46 0.000 9.999 0.259000 9.99 0.259000 0.061 0.000000  1.539 0.000  2.155 0.000  10.623 0.000   1.618 0.000   9.005 0.000 0.038 0.000  1.201 0.000000
 67.208333  68.208333   38.71 0.000  1.79 0.000 9.999 0.259000 9.99 0.259000 0.088 0.559000  3.768 0.000  5.275 0.000  21.220 0.000   5.444 0.000  15.776 0.000 0.090 0.000  1.488 0.559000
 70.208333  71.208333   30.94 0.000  1.65 0.000 9.999 0.259000 0.54 0.000000 0.106 0.559000  2.234 0.000  3.128 0.000  15.813 0.000   4.465 0.000  11.348 0.000 0.125 0.000  1.316 0.559000
 73.208333  74.208333 9999.99 0.999 99.99 0.999 9.999 0.999000 9.99 0.999000 9.999 0.999000 99.999 0.999 99.999 0.999 999.999 0.999 999.999 0.999 999.999 0.999 9.999 0.999 99.999 0.999000
 76.208333  77.208333   19.77 0.000  1.94 0.000 9.999 0.259000 0.15 0.000000 0.131 0.559000  0.672 0.000  0.941 0.000   6.314 0.000   1.369 0.000   4.944 0.000 0.028 0.000  0.680 0.559000
 79.208333  80.208333    4.62 0.000  2.12 0.000 9.999 0.259000 9.99 0.259000 0.022 0.559000  1.017 0.000  1.423 0.000   3.361 0.000   0.299 0.000   3.062 0.000 0.042 0.000  0.313 0.559000
 82.208333  83.208333   15.62 0.000  1.94 0.000 9.999 0.259000 0.21 0.000000 0.159 0.000000  1.448 0.000  2.027 0.000   9.230 0.000   0.672 0.000   8.558 0.000 0.043 0.000  1.260 0.000000
 85.208333  86.208333   13.01 0.000  1.53 0.000 9.999 0.259000 9.99 0.259000 0.025 0.559000  1.058 0.000  1.480 0.000   7.654 0.000   0.885 0.000   6.768 0.000 0.025 0.000  1.033 0.559000
 88.208333  89.208333   77.59 0.000  1.94 0.000 9.999 0.259000 9.99 0.259000 0.040 0.559000  3.091 0.000  4.328 0.000  25.884 0.000   6.757 0.000  19.127 0.000 0.076 0.000  3.005 0.559000
 91.208333  92.208333   29.41 0.394  1.22 0.394 0.013 0.394000 0.25 0.394000 0.036 0.394000  0.826 0.394  1.156 0.394   7.425 0.000   2.223 0.394   5.202 0.000 0.043 0.394  0.658 0.394000
 94.208333  95.208333  190.28 0.000  2.96 0.000 0.030 0.000000 9.99 0.259000 0.108 0.000000  0.657 0.000  0.920 0.000   9.183 0.000   3.561 0.000   5.621 0.000 0.068 0.000  0.669 0.000000
 97.208333  98.208333   14.50 0.000  1.31 0.000 9.999 0.259000 9.99 0.259000 0.011 0.000000  0.623 0.000  0.872 0.000   5.334 0.000   1.394 0.000   3.940 0.000 0.023 0.000  0.655 0.000000
100.208333 101.208333  413.09 0.000  4.29 0.000 0.051 0.000000 9.99 0.259000 0.037 0.000000  2.110 0.000  2.953 0.000  43.468 0.000  30.990 0.000  12.478 0.000 0.095 0.000  1.393 0.000000
103.208333 104.208333  332.29 0.000  2.24 0.000 9.999 0.259000 9.99 0.259000 0.068 0.559000  3.841 0.000  5.377 0.000  27.085 0.000  13.330 0.000  13.755 0.000 0.096 0.000  0.979 0.559000
106.208333 107.208333   56.90 0.000  0.92 0.000 9.999 0.259000 0.21 0.000000 0.078 0.000000  1.866 0.000  2.613 0.000  17.282 0.000   6.901 0.000  10.382 0.000 0.057 0.000  1.334 0.000000
109.208333 110.208333   92.50 0.000  1.75 0.000 0.028 0.000000 0.13 0.000000 0.033 0.559000  2.192 0.000  3.069 0.000  14.416 0.000   3.854 0.000  10.561 0.000 0.092 0.000  1.078 0.559000
112.208333 113.208333 9999.99 0.999 99.99 0.999 9.999 0.999000 9.99 0.999000 9.999 0.999000 99.999 0.999 99.999 0.999 999.999 0.999 999.999 0.999 999.999 0.999 9.999 0.999 99.999 0.999000
115.208333 116.208333   14.72 0.000  1.14 0.000 0.021 0.000000 0.23 0.000000 0.011 0.559000  0.715 0.000  1.000 0.000   7.176 0.000   0.731 0.000   6.445 0.000 0.025 0.000  1.105 0.559000
118.208333 119.208333   72.27 0.000  2.28 0.000 9.999 0.259000 9.99 0.259000 0.138 0.559000  1.802 0.000  2.523 0.000  13.385 0.000   4.939 0.000   8.445 0.000 0.060 0.000  0.873 0.559000
121.208333 122.208333   68.48 0.000  1.27 0.000 9.999 0.259000 0.18 0.000000 0.042 0.559000  1.686 0.000  2.361 0.000  12.015 0.000   4.004 0.000   8.010 0.000 0.061 0.000  0.850 0.559000
124.208333 125.208333 9999.99 0.999 99.99 0.999 9.999 0.999000 9.99 0.999000 9.999 0.999000 99.999 0.999 99.999 0.999 999.999 0.999 999.999 0.999 999.999 0.999 9.999 0.999 99.999 0.999000
127.208333 128.208333 9999.99 0.999 99.99 0.999 9.999 0.999000 9.99 0.999000 9.999 0.999000 99.999 0.999 99.999 0.999 999.999 0.999 999.999 0.999 999.999 0.999 9.999 0.999 99.999 0.999000
130.208333 131.208333   16.45 0.000  0.71 0.000 9.999 0.259000 9.99 0.259000 0.076 0.559000  1.126 0.000  1.577 0.000  10.260 0.000   3.562 0.000   6.698 0.000 0.032 0.000  0.993 0.559000
133.208333 134.208333   25.09 0.000  1.39 0.000 0.008 0.000000 9.99 0.259000 0.039 0.559000  1.198 0.000  1.678 0.000   9.986 0.000   2.569 0.000   7.417 0.000 0.030 0.000  0.941 0.559000
136.208333 137.208333   15.84 0.000  1.14 0.000 9.999 0.259000 9.99 0.259000 0.026 0.559000  0.841 0.000  1.178 0.000  11.460 0.000   3.441 0.000   8.019 0.000 0.022 0.000  1.424 0.559000
139.208333 140.208333   43.80 0.000  1.50 0.000 9.999 0.259000 9.99 0.259000 0.053 0.559000  3.528 0.000  4.939 0.000  16.461 0.000   3.848 0.000  12.613 0.000 0.075 0.000  1.288 0.559000
142.208333 143.208333   46.24 0.000  1.74 0.000 9.999 0.259000 9.99 0.259000 0.032 0.559000  1.374 0.000  1.924 0.000   9.563 0.000   2.952 0.000   6.612 0.000 0.047 0.000  0.651 0.559000
145.208333 146.208333   34.24 0.000  0.95 0.000 9.999 0.259000 9.99 0.259000 0.024 0.559000  1.648 0.000  2.307 0.000  13.661 0.000   5.843 0.000   7.818 0.000 0.058 0.000  0.812 0.559000
148.208333 149.208333   47.29 0.000  8.53 0.000 9.999 0.259000 0.16 0.000000 0.017 0.559000  2.902 0.000  4.063 0.000  25.422 0.000   3.944 0.000  21.477 0.000 0.061 0.000  3.196 0.559000
151.208333 152.208333   43.23 0.000  5.08 0.000 0.036 0.000000 0.22 0.000000 0.032 0.559000  3.704 0.000  5.185 0.000  28.773 0.000   4.418 0.000  24.355 0.000 0.060 0.000  3.485 0.559000
154.208333 155.208333   25.53 0.000  1.77 0.000 0.017 0.000000 0.15 0.000000 0.015 0.559000  1.236 0.000  1.730 0.000  10.271 0.000   2.239 0.000   8.032 0.000 0.027 0.000  1.083 0.559000
157.208333 158.208333   36.73 0.000  1.88 0.000 9.999 0.259000 0.11 0.000000 0.016 0.559000  3.105 0.000  4.347 0.000  17.953 0.000   3.367 0.000  14.586 0.000 0.046 0.000  1.583 0.559000
160.208333 161.208333   48.82 0.394  1.94 0.394 9.999 0.394259 9.99 0.394259 0.032 0.559394  2.543 0.394  3.560 0.394  22.593 0.000   5.722 0.394  16.871 0.000 0.046 0.394  2.267 0.559394
163.208333 164.208333 9999.99 0.999 99.99 0.999 9.999 0.999000 9.99 0.999000 9.999 0.999000 99.999 0.999 99.999 0.999 999.999 0.999 999.999 0.999 999.999 0.999 9.999 0.999 99.999 0.999000
166.208333 167.208333   38.12 0.000  1.70 0.000 0.062 0.000000 0.19 0.000000 0.024 0.559000  2.881 0.000  4.033 0.000  22.544 0.000   5.297 0.000  17.248 0.000 0.043 0.000  2.018 0.559000
169.208333 170.208333   61.15 0.000  2.25 0.000 9.999 0.259000 9.99 0.259000 0.022 0.559000  2.821 0.000  3.949 0.000  18.993 0.000   1.815 0.000  17.178 0.000 0.044 0.000  1.869 0.559000
172.208333 173.208333   46.31 0.000  1.40 0.000 0.026 0.000000 0.13 0.000000 0.019 0.559000  2.801 0.000  3.921 0.000  19.355 0.000   0.612 0.000  18.743 0.000 0.061 0.000  2.140 0.559000
175.208333 176.208333 9999.99 0.456 99.99 0.456 9.999 0.456000 9.99 0.456000 0.021 0.559000  1.538 0.000  2.153 0.000  14.524 0.000 999.999 0.456 999.999 0.456 9.999 0.456  1.699 0.559000
178.208333 179.208333   19.07 0.000  1.42 0.000 0.031 0.000000 9.99 0.259000 0.015 0.559000  1.850 0.000  2.590 0.000  20.723 0.000   4.979 0.000  15.744 0.000 0.039 0.000  2.384 0.559000
181.208333 182.208333   30.00 0.000  2.13 0.000 9.999 0.259000 9.99 0.259000 0.019 0.559000  2.844 0.000  5.118 0.000  14.837 0.000 999.999 0.259  17.168 0.000 0.066 0.000  2.068 0.559000
184.208333 185.208333   32.78 0.000  3.44 0.000 9.999 0.259000 9.99 0.259000 0.029 0.559000  3.696 0.000  6.654 0.000  32.998 0.000   3.630 0.000  29.368 0.000 0.257 0.000  3.165 0.559000
187.208333 188.208333   16.45 0.000  1.82 0.000 0.016 0.000000 0.18 0.000000 0.016 0.000000  1.600 0.000  2.880 0.000  16.213 0.000   4.122 0.000  12.091 0.000 0.044 0.000  1.589 0.000000
190.208333 191.208333   19.73 0.000  1.66 0.000 0.026 0.000000 9.99 0.259000 0.021 0.000000  2.074 0.000  3.734 0.000  24.538 0.000   2.512 0.000  22.026 0.000 0.048 0.000  2.551 0.000000
193.208333 194.208333   71.26 0.000  1.10 0.000 9.999 0.259000 0.18 0.000000 0.024 0.559000  3.687 0.000  6.636 0.000  23.062 0.000   4.936 0.000  18.125 0.000 0.079 0.000  1.769 0.559000
196.208333 197.208333   32.51 0.000  1.17 0.000 9.999 0.259000 0.13 0.000000 0.008 0.559000  1.486 0.000  2.675 0.000  16.396 0.000   2.739 0.000  13.657 0.000 0.030 0.000  2.179 0.559000
199.208333 200.208333   30.26 0.000  1.19 0.000 9.999 0.259000 9.99 0.259000 0.011 0.559000  3.239 0.000  5.829 0.000  26.741 0.000   2.498 0.000  24.242 0.000 0.052 0.000  3.102 0.559000
202.208333 203.208333   10.28 0.000  0.96 0.000 9.999 0.259000 9.99 0.259000 0.007 0.559000  1.283 0.000  2.310 0.000  10.311 0.000   3.381 0.000   6.930 0.000 0.032 0.000  0.736 0.559000
205.208333 206.208333   17.01 0.000  1.30 0.000 9.999 0.259000 9.99 0.259000 0.017 0.559000  2.058 0.000  3.705 0.000  22.780 0.000   2.914 0.000  19.865 0.000 0.042 0.000  3.142 0.559000
208.208333 209.208333  507.55 0.394  1.59 0.394 0.075 0.394000 0.47 0.394000 0.060 0.559394  1.353 0.394  2.436 0.394  26.220 0.000  10.101 0.394  16.119 0.000 0.197 0.394  0.988 0.559394
211.208333 212.208333 9999.99 0.999 99.99 0.999 9.999 0.999000 9.99 0.999000 9.999 0.999000 99.999 0.999 99.999 0.999 999.999 0.999 999.999 0.999 999.999 0.999 9.999 0.999 99.999 0.999000
214.208333 215.208333 9999.99 0.999 99.99 0.999 9.999 0.999000 9.99 0.999000 9.999 0.999000 99.999 0.999 99.999 0.999 999.999 0.999 999.999 0.999 999.999 0.999 9.999 0.999 99.999 0.999000
217.208333 218.208333 9999.99 0.999 99.99 0.999 9.999 0.999000 9.99 0.999000 9.999 0.999000 99.999 0.999 99.999 0.999 999.999 0.999 999.999 0.999 999.999 0.999 9.999 0.999 99.999 0.999000
220.208333 221.208333   54.42 0.000  1.76 0.000 9.999 0.259000 9.99 0.259000 0.015 0.559000  1.654 0.000  2.976 0.000  26.364 0.000   2.116 0.000  24.247 0.000 0.047 0.000  4.096 0.559000
223.208333 224.208333   12.83 0.000  1.40 0.000 9.999 0.259000 0.28 0.000000 0.019 0.559000  1.164 0.000  2.096 0.000  10.835 0.000   0.103 0.000  10.732 0.000 0.022 0.000  1.639 0.559000
226.208333 227.208333   25.91 0.000  1.54 0.000 9.999 0.259000 9.99 0.259000 0.033 0.559000  1.647 0.000  2.965 0.000  16.958 0.000   3.150 0.000  13.809 0.000 0.053 0.000  1.882 0.559000
229.208333 230.208333   30.00 0.000  2.21 0.000 9.999 0.259000 0.48 0.000000 0.020 0.559000  2.385 0.000  4.292 0.000  25.048 0.000   3.327 0.000  21.720 0.000 0.040 0.000  2.970 0.559000
232.208333 233.208333   22.69 0.000  5.64 0.000 9.999 0.259000 0.09 0.000000 0.015 0.559000  1.739 0.000  3.131 0.000  18.859 0.000   3.889 0.000  14.970 0.000 0.066 0.000  2.279 0.559000
235.208333 236.208333   27.13 0.000  2.29 0.000 0.086 0.000000 9.99 0.259000 0.019 0.559000  2.040 0.000  3.672 0.000  37.984 0.000   4.791 0.000  33.193 0.000 0.052 0.000  5.918 0.559000
238.208333 239.208333   24.88 0.000  1.72 0.000 0.016 0.000000 9.99 0.259000 0.016 0.559000  2.450 0.000  4.411 0.000  18.303 0.000   2.493 0.000  15.810 0.000 0.061 0.000  1.906 0.559000
241.208333 242.208333   63.42 0.000  0.82 0.000 0.011 0.000000 0.12 0.000000 0.022 0.559000  1.134 0.000  2.041 0.000  11.002 0.000   4.086 0.000   6.915 0.000 0.049 0.000  0.658 0.559000
244.208333 245.208333 9999.99 0.999 99.99 0.999 9.999 0.999000 9.99 0.999000 9.999 0.999000 99.999 0.999 99.999 0.999 999.999 0.999 999.999 0.999 999.999 0.999 9.999 0.999 99.999 0.999000
247.208333 248.208333 9999.99 0.999 99.99 0.999 9.999 0.999000 9.99 0.999000 9.999 0.999000 99.999 0.999 99.999 0.999 999.999 0.999 999.999 0.999 999.999 0.999 9.999 0.999 99.999 0.999000
250.208333 251.208333   15.77 0.000  1.40 0.000 9.999 0.259000 9.99 0.259000 0.021 0.559000  1.751 0.000  3.151 0.000  22.421 0.000   5.832 0.000  16.589 0.000 0.044 0.000  2.623 0.559000
253.208333 254.208333   22.40 0.000  1.68 0.000 9.999 0.259000 0.39 0.000000 0.020 0.559000  1.734 0.000  3.122 0.000  31.011 0.000   4.107 0.000  26.904 0.000 0.043 0.000  5.212 0.559000
