scripts/IMPROVE-2019_partial/data/US0032R.20090101100000.20191216000000.filterpack...52w.3d.US03L_filterpack_US0032.US03L_IMPROVE_Davis.lev2.nas
52 1001
MISSING INFORMATION
US03L, IMPROVE, , , , , , , 
MISSING INFORMATION
IMPROVE sel_HTAP
1 1
2009 01 01 2019 12 16
3.000000
days from file reference point
5
1 1 1 1 1
999.999999 999.999 9.999 999.999 9.999
end_time of measurement, days from the file reference point
pm10_mass, ug/m3, Matrix=pm10
numflag pm10_mass, no unit, Matrix=pm10
pm25_mass, ug/m3, Matrix=pm25
numflag pm25_mass, no unit, Matrix=pm25
0
33
Data definition:              EBAS_1.1
Set type code:                TU
Timezone:                     UTC
File name:                    US0032R.20090101100000.20191216000000.filterpack...52w.3d.US03L_filterpack_US0032.US03L_IMPROVE_Davis.lev2.nas
File creation:                20191218115735
Startdate:                    20090101100000
Revision date:                20191216000000
Version:                      2
Version description:          "Data extracted from http://views.cira.colostate.edu/fed/DataWizard 2019-12-16"
Statistics:                   arithmetic mean
Data level:                   2
Period code:                  52w
Resolution code:              3d
Sample duration:              1d
Orig. time res.:              3d
Station code:                 US0032R
Platform code:                US0032S
Station name:                 Haleakala NP
Station latitude:             20.8086
Station longitude:            -156.2823
Station altitude:             1153.0 m
Regime:                       IMG
Component:                    
Unit:                         ug/m3
Matrix:                       
Laboratory code:              US03L
Instrument type:              filterpack
Instrument name:              filterpack_US0032
Method ref:                   US03L_IMPROVE_Davis
Blank correction:             Blank corrected
Volume std. temperature:      ambient
Volume std. pressure:         ambient
starttime endtime PM10 flag_PM10 PM2.5 flag_PM2.5
  0.416667   1.416667   6.672 0.000   3.855 0.000
  3.416667   4.416667   7.516 0.000   3.439 0.000
  6.416667   7.416667   4.731 0.000   2.193 0.000
  9.416667  10.416667   7.298 0.000   5.409 0.000
 12.416667  13.416667   5.259 0.000   3.402 0.000
 15.416667  16.416667   2.227 0.000   0.940 0.000
 18.416667  19.416667   6.188 0.000   2.329 0.000
 21.416667  22.416667   3.810 0.000   1.600 0.000
 24.416667  25.416667   6.518 0.000   3.073 0.000
 27.416667  28.416667   3.604 0.000   1.806 0.000
 30.416667  31.416667   5.516 0.000   3.115 0.000
 33.416667  34.416667   1.448 0.000   0.351 0.000
 36.416667  37.416667 999.999 0.999 999.999 0.999
 39.416667  40.416667 999.999 0.999 999.999 0.999
 42.416667  43.416667   5.880 0.000   2.912 0.000
 45.416667  46.416667   6.533 0.000   2.713 0.000
 48.416667  49.416667   3.064 0.000 999.999 0.456
 51.416667  52.416667   3.315 0.000   1.581 0.000
 54.416667  55.416667   3.071 0.000   2.075 0.000
 57.416667  58.416667   3.495 0.000   1.569 0.000
 60.416667  61.416667   2.414 0.000   1.659 0.000
 63.416667  64.416667   5.080 0.000   2.303 0.000
 66.416667  67.416667   4.198 0.000   1.855 0.000
 69.416667  70.416667   4.256 0.000   1.977 0.000
 72.416667  73.416667   3.796 0.000   1.256 0.000
 75.416667  76.416667   7.456 0.000   4.309 0.000
 78.416667  79.416667   5.300 0.000   3.118 0.000
 81.416667  82.416667   6.980 0.000   3.152 0.000
 84.416667  85.416667   3.371 0.000   1.567 0.000
 87.416667  88.416667   3.023 0.000   1.317 0.000
 90.416667  91.416667   4.828 0.000   1.992 0.000
 93.416667  94.416667   4.374 0.000   1.873 0.000
 96.416667  97.416667   1.156 0.000   0.497 0.000
 99.416667 100.416667   3.571 0.000   2.016 0.000
102.416667 103.416667   4.166 0.000   1.964 0.000
105.416667 106.416667   5.732 0.000   2.638 0.000
108.416667 109.416667  16.700 0.000  16.349 0.000
111.416667 112.416667 999.999 0.999 999.999 0.999
114.416667 115.416667   3.534 0.000   2.193 0.000
117.416667 118.416667   5.902 0.000   3.265 0.000
120.416667 121.416667 999.999 0.999 999.999 0.999
123.416667 124.416667  12.114 0.000  10.772 0.000
126.416667 127.416667  12.928 0.000   7.844 0.000
129.416667 130.416667   6.740 0.000   2.840 0.000
132.416667 133.416667 999.999 0.999 999.999 0.999
135.416667 136.416667 999.999 0.999 999.999 0.999
138.416667 139.416667 999.999 0.999 999.999 0.999
141.416667 142.416667   5.314 0.000   2.979 0.000
144.416667 145.416667  12.231 0.000  10.832 0.000
147.416667 148.416667   9.668 0.000   7.549 0.000
150.416667 151.416667   5.310 0.000   3.401 0.000
153.416667 154.416667   7.470 0.000   4.198 0.000
156.416667 157.416667   8.973 0.000   3.891 0.000
159.416667 160.416667   2.187 0.000   0.971 0.000
162.416667 163.416667   7.820 0.000   3.354 0.000
165.416667 166.416667   9.364 0.000   4.061 0.000
168.416667 169.416667   4.083 0.000   1.413 0.000
171.416667 172.416667   4.926 0.000   1.763 0.000
174.416667 175.416667   2.847 0.000   1.214 0.000
177.416667 178.416667   6.043 0.000   2.710 0.000
180.416667 181.416667   2.755 0.000   0.892 0.000
183.416667 184.416667   4.491 0.000   2.126 0.000
186.416667 187.416667   5.462 0.000   2.458 0.000
189.416667 190.416667   3.338 0.000   1.394 0.000
192.416667 193.416667   4.336 0.000   1.786 0.000
195.416667 196.416667   4.150 0.000   1.852 0.000
198.416667 199.416667   4.251 0.000   1.818 0.000
201.416667 202.416667   4.849 0.000   2.444 0.000
204.416667 205.416667  10.111 0.000   5.520 0.000
207.416667 208.416667   4.064 0.000   1.606 0.000
210.416667 211.416667   4.298 0.000   1.817 0.000
213.416667 214.416667  10.811 0.000   4.743 0.000
216.416667 217.416667  13.813 0.000   8.704 0.000
219.416667 220.416667   4.799 0.000   1.453 0.000
222.416667 223.416667   1.394 0.000   0.327 0.000
225.416667 226.416667   7.062 0.000   3.543 0.000
228.416667 229.416667   5.832 0.000   2.857 0.000
231.416667 232.416667   8.039 0.000   3.469 0.000
234.416667 235.416667   4.417 0.000   1.889 0.000
237.416667 238.416667   4.501 0.000   2.150 0.000
240.416667 241.416667   5.179 0.000   2.391 0.000
243.416667 244.416667   3.095 0.000   1.284 0.000
246.416667 247.416667   3.739 0.000   1.667 0.000
249.416667 250.416667   5.273 0.000   2.333 0.000
252.416667 253.416667   8.245 0.000   3.937 0.000
255.416667 256.416667   3.623 0.000   1.405 0.000
258.416667 259.416667   2.757 0.000   0.950 0.000
261.416667 262.416667   6.031 0.000   2.808 0.000
264.416667 265.416667   3.961 0.000   2.159 0.000
267.416667 268.416667   5.512 0.000   2.801 0.000
270.416667 271.416667   5.466 0.000   2.399 0.000
273.416667 274.416667   4.720 0.000   1.885 0.000
276.416667 277.416667   5.468 0.000   2.838 0.000
279.416667 280.416667   7.494 0.000   5.276 0.000
282.416667 283.416667   4.159 0.000   3.591 0.000
285.416667 286.416667   1.489 0.000   0.633 0.000
288.416667 289.416667   2.186 0.000   0.635 0.000
291.416667 292.416667   9.285 0.000   4.852 0.000
294.416667 295.416667   6.183 0.000   2.834 0.000
297.416667 298.416667   8.276 0.000   3.139 0.000
300.416667 301.416667   8.535 0.000   4.824 0.000
303.416667 304.416667   5.280 0.000   1.770 0.000
306.416667 307.416667   2.678 0.000   0.718 0.000
309.416667 310.416667   4.729 0.000   1.589 0.000
312.416667 313.416667   6.077 0.000   2.011 0.000
315.416667 316.416667   5.132 0.000   3.073 0.000
318.416667 319.416667   3.810 0.000   1.563 0.000
321.416667 322.416667   2.436 0.000   0.810 0.000
324.416667 325.416667   5.979 0.000   2.290 0.000
327.416667 328.416667   6.562 0.000   2.044 0.000
330.416667 331.416667   4.044 0.000   1.439 0.000
333.416667 334.416667   2.568 0.000   1.205 0.000
336.416667 337.416667   5.493 0.000   3.692 0.000
339.416667 340.416667   8.060 0.000   6.073 0.000
342.416667 343.416667   7.502 0.000   3.836 0.000
345.416667 346.416667   5.777 0.000   2.460 0.000
348.416667 349.416667   6.257 0.000   3.853 0.000
351.416667 352.416667   3.022 0.000   1.134 0.000
354.416667 355.416667   4.869 0.000   2.156 0.000
357.416667 358.416667   4.521 0.000   2.635 0.000
360.416667 361.416667   6.547 0.000   3.869 0.000
363.416667 364.416667   7.344 0.000   3.924 0.000
