scripts/IMPROVE-2019_partial/data/US0097R.19970101080000.20191216000000.filterpack...1y.3d.US03L_filterpack_US0097.US03L_IMPROVE_Davis.lev2.nas
51 1001
MISSING INFORMATION
US03L, IMPROVE, , , , , , , 
MISSING INFORMATION
IMPROVE sel_HTAP
1 1
1997 01 01 2019 12 16
0
days from file reference point
4
1 1 1 1
999.999999 999.999 999.999 9.999
end_time of measurement, days from the file reference point
pm10_mass, ug/m3, Matrix=pm10
pm25_mass, ug/m3, Matrix=pm25
numflag, no unit
0
33
Data definition:              EBAS_1.1
Set type code:                TI
Timezone:                     UTC
File name:                    US0097R.19970101080000.20191216000000.filterpack...1y.3d.US03L_filterpack_US0097.US03L_IMPROVE_Davis.lev2.nas
File creation:                20191218120200
Startdate:                    19970101080000
Revision date:                20191216000000
Version:                      2
Version description:          "Data extracted from http://views.cira.colostate.edu/fed/DataWizard 2019-12-16"
Statistics:                   arithmetic mean
Data level:                   2
Period code:                  1y
Resolution code:              3d
Sample duration:              1d
Orig. time res.:              3d
Station code:                 US0097R
Platform code:                US0097S
Station name:                 Redwood NP
Station latitude:             41.5608
Station longitude:            -124.0839
Station altitude:             243.0 m
Regime:                       IMG
Component:                    
Unit:                         ug/m3
Matrix:                       
Laboratory code:              US03L
Instrument type:              filterpack
Instrument name:              filterpack_US0097
Method ref:                   US03L_IMPROVE_Davis
Blank correction:             Blank corrected
Volume std. temperature:      ambient
Volume std. pressure:         ambient
starttime endtime PM10 PM2.5 flag
  0.333333   1.333333 999.999 999.999 0.999
  3.333333   4.333333 999.999 999.999 0.999
  7.333333   8.333333 999.999 999.999 0.999
 10.333333  11.333333 999.999 999.999 0.999
 14.333333  15.333333   3.674 999.999 0.000
 17.333333  18.333333  11.023   4.630 0.000
 21.333333  22.333333   2.981   1.467 0.000
 24.333333  25.333333   7.417   2.035 0.000
 28.333333  29.333333   6.250   1.744 0.000
 31.333333  32.333333   7.748   2.345 0.000
 35.333333  36.333333  13.960   4.570 0.000
 38.333333  39.333333   5.477   2.128 0.000
 42.333333  43.333333  11.816   6.058 0.000
 45.333333  46.333333   2.572   1.677 0.000
 49.333333  50.333333  11.354   4.551 0.000
 52.333333  53.333333   4.642   2.027 0.000
 56.333333  57.333333 999.999 999.999 0.999
 59.333333  60.333333 999.999 999.999 0.999
 63.333333  64.333333   5.698   2.001 0.000
 66.333333  67.333333  13.241   5.048 0.000
 70.333333  71.333333   5.138   2.363 0.000
 73.333333  74.333333   3.508   2.119 0.000
 77.333333  78.333333  17.817   8.563 0.000
 80.333333  81.333333  16.061   6.974 0.000
 84.333333  85.333333   7.740   3.044 0.000
 87.333333  88.333333  14.359   6.256 0.000
 91.333333  92.333333  16.457   5.467 0.000
 94.333333  95.333333   7.195   4.019 0.000
 98.333333  99.333333  10.873   4.533 0.000
101.333333 102.333333   7.657   3.721 0.000
105.333333 106.333333   5.417   2.080 0.000
108.333333 109.333333   5.090   0.879 0.000
112.333333 113.333333  13.341  11.390 0.000
115.333333 116.333333  16.585   4.314 0.000
119.333333 120.333333  20.335   3.753 0.000
122.333333 123.333333  10.471   5.860 0.000
126.333333 127.333333  12.812   6.128 0.000
129.333333 130.333333   9.473   5.585 0.000
133.333333 134.333333   7.121   3.207 0.000
136.333333 137.333333  20.650   5.216 0.000
140.333333 141.333333  11.865   9.269 0.000
143.333333 144.333333   7.544   3.780 0.000
147.333333 148.333333   7.120   1.497 0.000
150.333333 151.333333   7.506   3.680 0.000
154.333333 155.333333  10.862   8.547 0.000
157.333333 158.333333  14.316   7.568 0.000
161.333333 162.333333   7.400   5.083 0.000
164.333333 165.333333  22.920   9.102 0.000
168.333333 169.333333  14.488   7.835 0.000
171.333333 172.333333   6.517   3.027 0.000
175.333333 176.333333   7.378   3.294 0.000
178.333333 179.333333   4.850   2.590 0.000
182.333333 183.333333 999.999 999.999 0.999
185.333333 186.333333 999.999 999.999 0.999
189.333333 190.333333   5.817   3.119 0.000
192.333333 193.333333  19.564   9.013 0.000
196.333333 197.333333   7.733   3.739 0.000
199.333333 200.333333  23.581  10.087 0.000
203.333333 204.333333  10.663   4.244 0.000
206.333333 207.333333  25.207  10.853 0.000
210.333333 211.333333  10.068   7.179 0.000
213.333333 214.333333   5.925   3.723 0.000
217.333333 218.333333   8.896   5.544 0.000
220.333333 221.333333  13.889   7.660 0.000
224.333333 225.333333   6.789   3.123 0.000
227.333333 228.333333  23.946  10.171 0.000
231.333333 232.333333  14.706   3.562 0.000
234.333333 235.333333 999.999 999.999 0.999
238.333333 239.333333   7.415   2.925 0.000
241.333333 242.333333   6.357   3.044 0.000
245.333333 246.333333   9.334   4.285 0.000
248.333333 249.333333  11.209   4.529 0.000
252.333333 253.333333   9.334   4.771 0.000
255.333333 256.333333   5.548   2.498 0.000
259.333333 260.333333  10.961   3.182 0.000
262.333333 263.333333   7.320   3.215 0.000
266.333333 267.333333  12.626   8.508 0.000
269.333333 270.333333  22.282   9.500 0.000
273.333333 274.333333   5.682   2.861 0.000
276.333333 277.333333  14.795   5.652 0.000
280.333333 281.333333   6.907   2.597 0.000
283.333333 284.333333   6.982   2.254 0.000
287.333333 288.333333  12.763   5.445 0.000
290.333333 291.333333  45.635  21.627 0.000
294.333333 295.333333  17.570   9.431 0.000
297.333333 298.333333   8.045   4.721 0.000
301.333333 302.333333  15.691  11.038 0.000
304.333333 305.333333  20.871   9.716 0.000
308.333333 309.333333  15.262   8.370 0.000
311.333333 312.333333   9.365   3.176 0.000
315.333333 316.333333  12.692   2.917 0.000
318.333333 319.333333   4.550   1.490 0.000
322.333333 323.333333  20.720   7.994 0.000
325.333333 326.333333   3.947   1.173 0.000
329.333333 330.333333   6.722   3.441 0.000
332.333333 333.333333   2.822   1.689 0.000
336.333333 337.333333  11.752   2.922 0.000
339.333333 340.333333   5.508   1.980 0.000
343.333333 344.333333 999.999 999.999 0.999
346.333333 347.333333 999.999 999.999 0.999
350.333333 351.333333  10.320   4.796 0.000
353.333333 354.333333   1.618   0.965 0.000
357.333333 358.333333   3.190   1.720 0.000
360.333333 361.333333   7.913   3.346 0.000
364.333333 365.333333 999.999 999.999 0.999
