scripts/IMPROVE-2019_partial/data/US0057R.20100102050000.20191216000000.filterpack...52w.3d.US03L_filterpack_US0057.US03L_IMPROVE_Davis.lev2.nas
52 1001
MISSING INFORMATION
US03L, IMPROVE, , , , , , , 
MISSING INFORMATION
IMPROVE sel_HTAP
1 1
2010 01 01 2019 12 16
3.000000
days from file reference point
5
1 1 1 1 1
999.999999 999.999 9.999 999.999 9.999
end_time of measurement, days from the file reference point
pm10_mass, ug/m3, Matrix=pm10
numflag pm10_mass, no unit, Matrix=pm10
pm25_mass, ug/m3, Matrix=pm25
numflag pm25_mass, no unit, Matrix=pm25
0
33
Data definition:              EBAS_1.1
Set type code:                TU
Timezone:                     UTC
File name:                    US0057R.20100102050000.20191216000000.filterpack...52w.3d.US03L_filterpack_US0057.US03L_IMPROVE_Davis.lev2.nas
File creation:                20191218115859
Startdate:                    20100102050000
Revision date:                20191216000000
Version:                      2
Version description:          "Data extracted from http://views.cira.colostate.edu/fed/DataWizard 2019-12-16"
Statistics:                   arithmetic mean
Data level:                   2
Period code:                  52w
Resolution code:              3d
Sample duration:              1d
Orig. time res.:              3d
Station code:                 US0057R
Platform code:                US0057S
Station name:                 Linville Gorge
Station latitude:             35.9723
Station longitude:            -81.9331
Station altitude:             968.0 m
Regime:                       IMG
Component:                    
Unit:                         ug/m3
Matrix:                       
Laboratory code:              US03L
Instrument type:              filterpack
Instrument name:              filterpack_US0057
Method ref:                   US03L_IMPROVE_Davis
Blank correction:             Blank corrected
Volume std. temperature:      ambient
Volume std. pressure:         ambient
starttime endtime PM10 flag_PM10 PM2.5 flag_PM2.5
  1.208333   2.208333 999.999 0.999 999.999 0.999
  4.208333   5.208333 999.999 0.999 999.999 0.999
  7.208333   8.208333   8.687 0.000   7.247 0.000
 10.208333  11.208333   6.797 0.000   4.856 0.000
 13.208333  14.208333   8.714 0.000   3.536 0.000
 16.208333  17.208333 999.999 0.259 999.999 0.259
 19.208333  20.208333   6.221 0.000   4.770 0.000
 22.208333  23.208333   2.755 0.000   2.329 0.000
 25.208333  26.208333   4.346 0.000   3.105 0.000
 28.208333  29.208333   6.080 0.000   4.146 0.000
 31.208333  32.208333   8.109 0.000   6.629 0.000
 34.208333  35.208333  12.260 0.000  10.767 0.000
 37.208333  38.208333  11.275 0.000  10.355 0.000
 40.208333  41.208333  10.464 0.000   4.761 0.000
 43.208333  44.208333   8.699 0.000   7.729 0.000
 46.208333  47.208333   6.014 0.000   4.795 0.000
 49.208333  50.208333   4.889 0.000   2.794 0.000
 52.208333  53.208333  10.043 0.000   8.478 0.000
 55.208333  56.208333   8.031 0.000   7.010 0.000
 58.208333  59.208333   3.395 0.000   3.029 0.000
 61.208333  62.208333   8.508 0.000   7.432 0.000
 64.208333  65.208333   6.280 0.000   3.564 0.000
 67.208333  68.208333  15.933 0.000  13.187 0.000
 70.208333  71.208333   2.466 0.000   1.746 0.000
 73.208333  74.208333   3.365 0.000   2.989 0.000
 76.208333  77.208333   9.358 0.000   6.995 0.000
 79.208333  80.208333   9.162 0.000   8.328 0.000
 82.208333  83.208333  10.319 0.000   6.961 0.000
 85.208333  86.208333   6.746 0.000   5.231 0.000
 88.208333  89.208333   5.185 0.000   4.323 0.000
 91.208333  92.208333  16.494 0.000  12.347 0.000
 94.208333  95.208333  13.552 0.000   9.393 0.000
 97.208333  98.208333  13.096 0.000   8.033 0.000
100.208333 101.208333   9.104 0.000   6.647 0.000
103.208333 104.208333  17.647 0.000  11.822 0.000
106.208333 107.208333  13.672 0.000   7.975 0.000
109.208333 110.208333  11.305 0.000   7.439 0.000
112.208333 113.208333  20.192 0.000  12.899 0.000
115.208333 116.208333   5.585 0.000   2.651 0.000
118.208333 119.208333  11.652 0.000   7.103 0.000
121.208333 122.208333  28.026 0.000  15.138 0.000
124.208333 125.208333  12.287 0.000   6.727 0.000
127.208333 128.208333  16.139 0.000   9.064 0.000
130.208333 131.208333   9.205 0.000   7.312 0.000
133.208333 134.208333  18.631 0.000  12.900 0.000
136.208333 137.208333   5.128 0.000   2.666 0.000
139.208333 140.208333  11.155 0.000   7.764 0.000
142.208333 143.208333  11.889 0.000   7.727 0.000
145.208333 146.208333   9.037 0.000   4.484 0.000
148.208333 149.208333  13.177 0.000  10.212 0.000
151.208333 152.208333   8.849 0.000   5.738 0.000
154.208333 155.208333  13.535 0.000   8.708 0.000
157.208333 158.208333  12.159 0.000   6.419 0.000
160.208333 161.208333   9.952 0.000   6.640 0.000
163.208333 164.208333  13.796 0.000  10.012 0.000
166.208333 167.208333  11.133 0.000   6.787 0.000
169.208333 170.208333  15.544 0.000  12.894 0.000
172.208333 173.208333  10.785 0.000   8.336 0.000
175.208333 176.208333  12.421 0.000   9.503 0.000
178.208333 179.208333  13.364 0.000   9.322 0.000
181.208333 182.208333  19.199 0.000  14.771 0.000
184.208333 185.208333  16.278 0.000  13.733 0.000
187.208333 188.208333  14.642 0.000  10.822 0.000
190.208333 191.208333  12.599 0.000   9.019 0.000
193.208333 194.208333  10.447 0.000   5.890 0.000
196.208333 197.208333  13.720 0.000  10.856 0.000
199.208333 200.208333  10.844 0.000   6.454 0.000
202.208333 203.208333  13.866 0.000   9.432 0.000
205.208333 206.208333  26.608 0.000  17.184 0.000
208.208333 209.208333   9.931 0.000   6.184 0.000
211.208333 212.208333  18.528 0.000  16.325 0.000
214.208333 215.208333  17.195 0.000  13.965 0.000
217.208333 218.208333  14.842 0.000  10.904 0.000
220.208333 221.208333  23.208 0.000  17.651 0.000
223.208333 224.208333  17.765 0.000  12.668 0.000
226.208333 227.208333   9.292 0.000   6.058 0.000
229.208333 230.208333 999.999 0.999   7.518 0.000
232.208333 233.208333  13.576 0.000   9.361 0.000
235.208333 236.208333  13.452 0.000   9.633 0.000
238.208333 239.208333  17.149 0.000  13.087 0.000
241.208333 242.208333  13.756 0.000   9.524 0.000
244.208333 245.208333  13.828 0.000  10.334 0.000
247.208333 248.208333   7.549 0.000   3.977 0.000
250.208333 251.208333  13.447 0.000  10.393 0.000
253.208333 254.208333   9.011 0.000   7.263 0.000
256.208333 257.208333   9.096 0.000   5.888 0.000
259.208333 260.208333 999.999 0.456   9.997 0.000
262.208333 263.208333  11.399 0.000   8.451 0.000
265.208333 266.208333  17.454 0.000  14.318 0.000
268.208333 269.208333   9.413 0.000   6.912 0.000
271.208333 272.208333   9.048 0.000   4.523 0.000
274.208333 275.208333   7.936 0.000   5.099 0.000
277.208333 278.208333   7.422 0.000   5.147 0.000
280.208333 281.208333  12.009 0.000   6.889 0.000
283.208333 284.208333   9.485 0.000   6.847 0.000
286.208333 287.208333   8.219 0.000   4.825 0.000
289.208333 290.208333   7.049 0.000   4.048 0.000
292.208333 293.208333  13.902 0.000  10.843 0.000
295.208333 296.208333  10.772 0.000   7.861 0.000
298.208333 299.208333   6.210 0.000   4.083 0.000
301.208333 302.208333   7.154 0.000   4.157 0.000
304.208333 305.208333  12.209 0.000   9.002 0.000
307.208333 308.208333   4.370 0.000   3.410 0.000
310.208333 311.208333   3.174 0.000   2.697 0.000
313.208333 314.208333   8.814 0.000   6.504 0.000
316.208333 317.208333   8.108 0.000   6.103 0.000
319.208333 320.208333   6.211 0.000   4.774 0.000
322.208333 323.208333   9.414 0.000   7.846 0.000
325.208333 326.208333  10.480 0.000   8.153 0.000
328.208333 329.208333   7.730 0.000   5.748 0.000
331.208333 332.208333   7.095 0.000   5.508 0.000
334.208333 335.208333   4.006 0.000   2.745 0.000
337.208333 338.208333   6.149 0.000 999.999 0.456
340.208333 341.208333   5.836 0.000   4.480 0.000
343.208333 344.208333  11.411 0.000   9.017 0.000
346.208333 347.208333   6.638 0.000   3.550 0.000
349.208333 350.208333   5.276 0.000   3.400 0.000
352.208333 353.208333   6.860 0.000   5.923 0.000
355.208333 356.208333   4.255 0.000   3.684 0.000
358.208333 359.208333   5.442 0.000   4.868 0.000
361.208333 362.208333   2.084 0.000   1.434 0.000
364.208333 365.208333  11.475 0.000   9.065 0.000
