scripts/IMPROVE-2019_partial/data/US0098R.19960103080000.20191216000000.filterpack...1y.3d.US03L_filterpack_US0098.US03L_IMPROVE_Davis.lev2.nas
51 1001
MISSING INFORMATION
US03L, IMPROVE, , , , , , , 
MISSING INFORMATION
IMPROVE sel_HTAP
1 1
1996 01 01 2019 12 16
0
days from file reference point
4
1 1 1 1
999.999999 999.999 999.999 9.999
end_time of measurement, days from the file reference point
pm10_mass, ug/m3, Matrix=pm10
pm25_mass, ug/m3, Matrix=pm25
numflag, no unit
0
33
Data definition:              EBAS_1.1
Set type code:                TI
Timezone:                     UTC
File name:                    US0098R.19960103080000.20191216000000.filterpack...1y.3d.US03L_filterpack_US0098.US03L_IMPROVE_Davis.lev2.nas
File creation:                20191218120207
Startdate:                    19960103080000
Revision date:                20191216000000
Version:                      2
Version description:          "Data extracted from http://views.cira.colostate.edu/fed/DataWizard 2019-12-16"
Statistics:                   arithmetic mean
Data level:                   2
Period code:                  1y
Resolution code:              3d
Sample duration:              1d
Orig. time res.:              3d
Station code:                 US0098R
Platform code:                US0098S
Station name:                 Point Reyes National Seashore
Station latitude:             38.1224
Station longitude:            -122.9085
Station altitude:             97.0 m
Regime:                       IMG
Component:                    
Unit:                         ug/m3
Matrix:                       
Laboratory code:              US03L
Instrument type:              filterpack
Instrument name:              filterpack_US0098
Method ref:                   US03L_IMPROVE_Davis
Blank correction:             Blank corrected
Volume std. temperature:      ambient
Volume std. pressure:         ambient
starttime endtime PM10 PM2.5 flag
  2.333333   3.333333 999.999 999.999 0.999
  5.333333   6.333333 999.999 999.999 0.999
  9.333333  10.333333   9.127   3.504 0.000
 12.333333  13.333333  39.455  15.696 0.000
 16.333333  17.333333  14.904   3.616 0.000
 19.333333  20.333333  14.204   4.587 0.000
 23.333333  24.333333  14.866   4.969 0.000
 26.333333  27.333333  13.030   4.978 0.000
 30.333333  31.333333   2.853   1.674 0.000
 33.333333  34.333333  11.708   9.481 0.000
 37.333333  38.333333   6.423   2.858 0.000
 40.333333  41.333333  19.767   8.137 0.000
 44.333333  45.333333  26.581  12.794 0.000
 47.333333  48.333333  10.450   5.530 0.000
 51.333333  52.333333   9.814   3.234 0.000
 54.333333  55.333333   6.590   1.966 0.000
 58.333333  59.333333   5.672   2.390 0.000
 61.333333  62.333333  10.667   5.771 0.000
 65.333333  66.333333   3.405   2.221 0.000
 68.333333  69.333333  17.641   8.884 0.000
 72.333333  73.333333  19.986   6.417 0.000
 75.333333  76.333333  18.882   8.782 0.000
 79.333333  80.333333 999.999 999.999 0.999
 82.333333  83.333333 999.999 999.999 0.999
 86.333333  87.333333   6.280   2.893 0.000
 89.333333  90.333333  13.523   5.369 0.000
 93.333333  94.333333  13.789   3.807 0.000
 96.333333  97.333333  16.323   7.614 0.000
100.333333 101.333333  10.705   3.348 0.000
103.333333 104.333333  18.056   6.316 0.000
107.333333 108.333333  15.391   6.302 0.000
110.333333 111.333333  13.005   6.119 0.000
114.333333 115.333333  13.473   7.543 0.000
117.333333 118.333333  35.309  16.406 0.000
121.333333 122.333333  31.498  14.929 0.000
124.333333 125.333333  19.606   8.772 0.000
128.333333 129.333333  23.015  10.677 0.000
131.333333 132.333333  22.782  11.646 0.000
135.333333 136.333333   3.772   2.809 0.000
138.333333 139.333333  17.113   9.513 0.000
142.333333 143.333333  18.590   8.015 0.000
145.333333 146.333333  26.896  16.162 0.000
149.333333 150.333333  24.018  11.190 0.000
152.333333 153.333333   4.764   2.426 0.000
156.333333 157.333333  32.831 999.999 0.000
159.333333 160.333333  29.489  12.322 0.000
163.333333 164.333333  31.975  13.950 0.000
166.333333 167.333333  31.793  14.903 0.000
170.333333 171.333333 999.999 999.999 0.999
173.333333 174.333333  31.608  13.675 0.000
177.333333 178.333333 999.999 999.999 0.999
180.333333 181.333333  24.339   9.783 0.000
184.333333 185.333333   8.297   4.671 0.000
187.333333 188.333333  30.662  18.155 0.000
191.333333 192.333333  19.932   9.105 0.000
194.333333 195.333333  11.243   4.271 0.000
198.333333 199.333333  15.608   7.282 0.000
201.333333 202.333333  30.287  14.072 0.000
205.333333 206.333333   3.350   1.420 0.000
208.333333 209.333333   4.319   2.747 0.000
212.333333 213.333333  27.814  12.556 0.000
215.333333 216.333333  23.633   9.854 0.000
219.333333 220.333333  13.660   6.259 0.000
222.333333 223.333333   7.363   2.229 0.000
226.333333 227.333333   5.090   3.858 0.000
229.333333 230.333333  22.444   8.850 0.000
233.333333 234.333333  12.242   5.401 0.000
236.333333 237.333333   8.015   6.210 0.000
240.333333 241.333333  15.763   7.070 0.000
243.333333 244.333333  22.003  10.463 0.000
247.333333 248.333333  17.416   3.962 0.000
250.333333 251.333333  18.740   6.674 0.000
254.333333 255.333333   7.910   4.337 0.000
257.333333 258.333333   4.966   2.254 0.000
261.333333 262.333333  25.206  10.447 0.000
264.333333 265.333333  33.355  14.352 0.000
268.333333 269.333333  15.059   9.270 0.000
271.333333 272.333333   8.151   5.833 0.000
275.333333 276.333333   8.509   4.344 0.000
278.333333 279.333333  21.095   3.995 0.000
282.333333 283.333333  15.911   7.689 0.000
285.333333 286.333333   6.206   3.534 0.000
289.333333 290.333333  24.828   7.763 0.000
292.333333 293.333333  17.909   6.391 0.000
296.333333 297.333333   3.661   1.668 0.000
299.333333 300.333333  14.583   4.495 0.000
303.333333 304.333333  12.492  11.087 0.000
306.333333 307.333333  17.178  10.279 0.000
310.333333 311.333333  13.448   7.271 0.000
313.333333 314.333333  24.466  15.041 0.000
317.333333 318.333333   9.926   2.827 0.000
320.333333 321.333333   9.567   3.042 0.000
324.333333 325.333333   6.269   3.564 0.000
327.333333 328.333333  18.494   4.995 0.000
331.333333 332.333333  12.441   4.831 0.000
334.333333 335.333333 999.999 999.999 0.999
338.333333 339.333333  15.738   8.491 0.000
341.333333 342.333333  17.904   7.528 0.000
345.333333 346.333333   3.472 999.999 0.000
348.333333 349.333333  18.986   5.101 0.000
352.333333 353.333333  15.059  11.574 0.000
355.333333 356.333333   6.944   3.056 0.000
359.333333 360.333333   8.211   3.658 0.000
362.333333 363.333333  14.572   4.660 0.000
