scripts/IMPROVE-2019_partial/data/US0020R.19990102080000.20191216000000.filterpack...1y.3d.US03L_filterpack_US0020.US03L_IMPROVE_Davis.lev2.nas
51 1001
MISSING INFORMATION
US03L, IMPROVE, , , , , , , 
MISSING INFORMATION
IMPROVE sel_HTAP
1 1
1999 01 01 2019 12 16
0
days from file reference point
4
1 1 1 1
999.999999 999.999 999.999 9.999
end_time of measurement, days from the file reference point
pm10_mass, ug/m3, Matrix=pm10
pm25_mass, ug/m3, Matrix=pm25
numflag, no unit
0
33
Data definition:              EBAS_1.1
Set type code:                TI
Timezone:                     UTC
File name:                    US0020R.19990102080000.20191216000000.filterpack...1y.3d.US03L_filterpack_US0020.US03L_IMPROVE_Davis.lev2.nas
File creation:                20191218115644
Startdate:                    19990102080000
Revision date:                20191216000000
Version:                      2
Version description:          "Data extracted from http://views.cira.colostate.edu/fed/DataWizard 2019-12-16"
Statistics:                   arithmetic mean
Data level:                   2
Period code:                  1y
Resolution code:              3d
Sample duration:              1d
Orig. time res.:              3d
Station code:                 US0020R
Platform code:                US0020S
Station name:                 Death Valley NP
Station latitude:             36.5089
Station longitude:            -116.8478
Station altitude:             130.0 m
Regime:                       IMG
Component:                    
Unit:                         ug/m3
Matrix:                       
Laboratory code:              US03L
Instrument type:              filterpack
Instrument name:              filterpack_US0020
Method ref:                   US03L_IMPROVE_Davis
Blank correction:             Blank corrected
Volume std. temperature:      ambient
Volume std. pressure:         ambient
starttime endtime PM10 PM2.5 flag
  1.333333   2.333333   7.264   1.598 0.000
  5.333333   6.333333   5.096   1.240 0.000
  8.333333   9.333333   4.980   0.957 0.000
 12.333333  13.333333   6.117   0.845 0.000
 15.333333  16.333333   3.035   0.907 0.000
 19.333333  20.333333   6.715   1.370 0.000
 22.333333  23.333333   9.520   2.039 0.000
 26.333333  27.333333   8.278   1.595 0.000
 29.333333  30.333333   6.715   1.028 0.000
 33.333333  34.333333   4.735   1.550 0.000
 36.333333  37.333333   8.269   5.380 0.000
 40.333333  41.333333  15.671   2.409 0.000
 43.333333  44.333333   7.364   1.939 0.000
 47.333333  48.333333  10.188   4.167 0.000
 50.333333  51.333333   3.929   0.833 0.000
 54.333333  55.333333   7.082   1.163 0.000
 57.333333  58.333333  20.324   4.672 0.000
 61.333333  62.333333  10.072   2.949 0.000
 64.333333  65.333333  21.206   6.462 0.000
 68.333333  69.333333   7.128   2.878 0.000
 71.333333  72.333333  12.519   3.678 0.000
 75.333333  76.333333  11.924   3.044 0.000
 78.333333  79.333333  14.437   3.266 0.000
 82.333333  83.333333  10.900   3.691 0.000
 85.333333  86.333333  11.149   4.399 0.000
 89.333333  90.333333  18.948   3.583 0.000
 92.333333  93.333333  11.635   3.900 0.000
 96.333333  97.333333   5.939   1.477 0.000
 99.333333 100.333333   7.410   2.985 0.000
103.333333 104.333333  11.011   3.788 0.000
106.333333 107.333333  12.071   5.359 0.000
110.333333 111.333333  20.414   7.040 0.000
113.333333 114.333333   7.653   1.966 0.000
117.333333 118.333333  21.991   6.339 0.000
120.333333 121.333333   6.374   2.632 0.000
124.333333 125.333333   8.995   3.727 0.000
127.333333 128.333333  30.449  10.747 0.000
131.333333 132.333333  20.498   5.803 0.000
134.333333 135.333333  23.650   7.964 0.000
138.333333 139.333333  25.369   6.371 0.000
141.333333 142.333333  36.276  11.595 0.000
145.333333 146.333333  43.084 999.999 0.000
148.333333 149.333333  28.297 999.999 0.000
152.333333 153.333333  34.303   5.670 0.000
155.333333 156.333333  19.322   4.405 0.000
159.333333 160.333333  24.306   4.514 0.000
162.333333 163.333333  25.733   6.488 0.000
166.333333 167.333333  19.300   6.882 0.000
169.333333 170.333333  21.991   5.349 0.000
173.333333 174.333333  20.465   6.624 0.000
176.333333 177.333333  16.639   5.248 0.000
180.333333 181.333333  28.628   7.513 0.000
183.333333 184.333333  27.636   7.261 0.000
187.333333 188.333333  29.571   6.477 0.000
190.333333 191.333333  22.156   4.411 0.000
194.333333 195.333333  25.846   4.765 0.000
197.333333 198.333333  15.054   8.033 0.000
201.333333 202.333333  15.534   4.129 0.000
204.333333 205.333333  33.621  13.050 0.000
208.333333 209.333333  25.938   6.350 0.000
211.333333 212.333333  17.154   4.776 0.000
215.333333 216.333333  18.410   5.708 0.000
218.333333 219.333333   8.551   2.709 0.000
222.333333 223.333333  21.891   7.103 0.000
225.333333 226.333333  16.393   5.295 0.000
229.333333 230.333333  17.990   5.325 0.000
232.333333 233.333333  18.774   5.993 0.000
236.333333 237.333333  15.488   4.317 0.000
239.333333 240.333333  11.074   2.790 0.000
243.333333 244.333333  30.124  10.499 0.000
246.333333 247.333333  18.935   5.766 0.000
250.333333 251.333333  15.223   5.845 0.000
253.333333 254.333333   6.566   1.612 0.000
257.333333 258.333333   5.289   1.728 0.000
260.333333 261.333333   6.614   2.771 0.000
264.333333 265.333333  19.730   4.630 0.000
267.333333 268.333333  13.558   6.532 0.000
271.333333 272.333333   8.669   2.580 0.000
274.333333 275.333333  22.558  10.168 0.000
278.333333 279.333333  26.892   7.136 0.000
281.333333 282.333333   6.519   2.125 0.000
285.333333 286.333333  16.818   5.600 0.000
288.333333 289.333333  35.384   4.300 0.000
292.333333 293.333333   7.737   2.127 0.000
295.333333 296.333333   8.498   2.398 0.000
299.333333 300.333333  15.380   5.948 0.000
302.333333 303.333333   4.630   1.854 0.000
306.333333 307.333333   8.462   2.283 0.000
309.333333 310.333333  18.774   5.766 0.000
313.333333 314.333333   8.063   1.952 0.000
316.333333 317.333333   9.033   3.392 0.000
320.333333 321.333333  14.031   2.166 0.000
323.333333 324.333333   8.409   2.230 0.000
327.333333 328.333333   5.441   1.237 0.000
330.333333 331.333333  11.526   1.911 0.000
334.333333 335.333333  19.841   3.808 0.000
337.333333 338.333333   5.316   1.237 0.000
341.333333 342.333333  17.888   3.323 0.000
344.333333 345.333333  10.776   0.934 0.000
348.333333 349.333333   8.600   1.257 0.000
351.333333 352.333333   4.310   1.257 0.000
355.333333 356.333333   4.063   0.896 0.000
358.333333 359.333333   5.077   0.928 0.000
362.333333 363.333333   6.755   2.221 0.000
