scripts/IMPROVE-2019_partial/data/US0040R.20050101060000.20191216000000.filterpack..pm25.52w.1w.US03L_filterpack_US0040.US03L_IMPROVE_Davis.lev2.nas
64 1001
MISSING INFORMATION
US03L, IMPROVE, , , , , , , 
MISSING INFORMATION
IMPROVE sel_HTAP
1 1
2005 01 01 2019 12 16
3.00
days from file reference point
25
1 1 1 1 1 1 1 1 1 1 1 1 1 1 1 1 1 1 1 1 1 1 1 1 1
999.99 9999.99 9.999 999.99 9.999 9.999 9.999 99.99 9.999999 99.999 9.999 99.999 9.999 999.999 9.999 999.999 9.999 999.999 9.999 999.999 9.999 9.999 9.999 99.999 9.999
end_time of measurement, days from the file reference point
iron, ng/m3, Revision date=20181210133000
numflag iron, no unit, Revision date=20181210133000
lead, ng/m3, Revision date=20181210133000
numflag lead, no unit, Revision date=20181210133000
magnesium, ug/m3, Revision date=20181210133000
numflag magnesium, no unit, Revision date=20181210133000
nickel, ng/m3, Revision date=20181210133000
numflag nickel, no unit, Revision date=20181210133000
nitrate, ug N/m3, Revision date=20181210133000
numflag nitrate, no unit, Revision date=20181210133000
organic_carbon, ug C/m3, Revision date=20181210133000
numflag organic_carbon, no unit, Revision date=20181210133000
organic_mass, ug/m3, Revision date=20181210133000
numflag organic_mass, no unit, Revision date=20181210133000
pm10_mass, ug/m3, Version=2, Version description=Data extracted from http://views.cira.colostate.edu/fed/DataWizard 2019-12-16, Sample duration=1d, Orig. time res.=3d, Matrix=pm10, Blank correction=Blank corrected, Volume std. temperature=ambient, Volume std. pressure=ambient
numflag pm10_mass, no unit, Version=2, Version description=Data extracted from http://views.cira.colostate.edu/fed/DataWizard 2019-12-16, Sample duration=1d, Orig. time res.=3d, Matrix=pm10, Blank correction=Blank corrected, Volume std. temperature=ambient, Volume std. pressure=ambient
pm10_pm25_mass, ug/m3, Revision date=20181210133000, Matrix=pm10_pm25
numflag pm10_pm25_mass, no unit, Revision date=20181210133000, Matrix=pm10_pm25
pm25_mass, ug/m3, Version=2, Version description=Data extracted from http://views.cira.colostate.edu/fed/DataWizard 2019-12-16, Sample duration=1d, Orig. time res.=3d, Blank correction=Blank corrected, Volume std. temperature=ambient, Volume std. pressure=ambient
numflag pm25_mass, no unit, Version=2, Version description=Data extracted from http://views.cira.colostate.edu/fed/DataWizard 2019-12-16, Sample duration=1d, Orig. time res.=3d, Blank correction=Blank corrected, Volume std. temperature=ambient, Volume std. pressure=ambient
potassium, ug/m3, Revision date=20181210133000
numflag potassium, no unit, Revision date=20181210133000
sulphate_total, ug S/m3, Revision date=20181210133000
numflag sulphate_total, no unit, Revision date=20181210133000
0
25
Data definition:              EBAS_1.1
Set type code:                TU
Timezone:                     UTC
File name:                    US0040R.20050101060000.20191216000000.filterpack..pm25.52w.1w.US03L_filterpack_US0040.US03L_IMPROVE_Davis.lev2.nas
File creation:                20191218115754
Startdate:                    20050101060000
Revision date:                20191216000000
Statistics:                   arithmetic mean
Data level:                   2
Period code:                  52w
Resolution code:              1w
Station code:                 US0040R
Platform code:                US0040S
Station name:                 Cadiz
Station latitude:             36.7842
Station longitude:            -87.8501
Station altitude:             191.0 m
Regime:                       IMG
Component:                    
Matrix:                       pm25
Laboratory code:              US03L
Instrument type:              filterpack
Instrument name:              filterpack_US0040
Method ref:                   US03L_IMPROVE_Davis
starttime endtime Fe flag_Fe Pb flag_Pb Mg++ flag_Mg++ Ni flag_Ni NO3- flag_NO3- OC flag_OC OM flag_OM PM10 flag_PM10 PM10-PM2.5 flag_PM10-PM2.5 PM2.5 flag_PM2.5 K+ flag_K+ SO4-- flag_SO4--
  0.25   1.25 9999.99 0.999 999.99 0.999 9.999 0.999 99.99 0.999000 99.999 0.999 99.999 0.999 999.999 0.999 999.999 0.999 999.999 0.999 999.999 0.999 9.999 0.999 99.999 0.999
  3.25   4.25 9999.99 0.999 999.99 0.999 9.999 0.999 99.99 0.999000 99.999 0.999 99.999 0.999 999.999 0.999 999.999 0.999 999.999 0.999 999.999 0.999 9.999 0.999 99.999 0.999
  6.25   7.25 9999.99 0.999 999.99 0.999 9.999 0.999 99.99 0.999000 99.999 0.999 99.999 0.999 999.999 0.999 999.999 0.999 999.999 0.999 999.999 0.999 9.999 0.999 99.999 0.999
  9.25  10.25 9999.99 0.999 999.99 0.999 9.999 0.999 99.99 0.999000 99.999 0.999 99.999 0.999 999.999 0.999 999.999 0.999 999.999 0.999 999.999 0.999 9.999 0.999 99.999 0.999
 12.25  13.25 9999.99 0.999 999.99 0.999 9.999 0.999 99.99 0.999000 99.999 0.999 99.999 0.999 999.999 0.999 999.999 0.999 999.999 0.999 999.999 0.999 9.999 0.999 99.999 0.999
 15.25  16.25 9999.99 0.999 999.99 0.999 9.999 0.999 99.99 0.999000 99.999 0.999 99.999 0.999 999.999 0.999 999.999 0.999 999.999 0.999 999.999 0.999 9.999 0.999 99.999 0.999
 18.25  19.25   29.04 0.000   2.46 0.000 9.999 0.259  0.15 0.000000  0.420 0.000  1.355 0.559   2.440 0.559  12.326 0.000   5.374 0.000   6.954 0.000 0.057 0.000  0.464 0.000
 21.25  22.25   30.25 0.000   2.25 0.000 9.999 0.259  0.11 0.000000  0.636 0.000  1.022 0.559   1.839 0.559  18.162 0.000   6.565 0.000  11.599 0.000 0.045 0.000  1.330 0.000
 24.25  25.25   35.37 0.000   2.24 0.000 9.999 0.259  0.12 0.000000  0.241 0.000  2.366 0.000   4.259 0.000  13.711 0.000   6.076 0.000   7.700 0.000 0.076 0.000  0.566 0.000
 27.25  28.25   37.61 0.000   4.53 0.000 9.999 0.259  0.60 0.000000  0.622 0.000  1.553 0.559   2.795 0.559  16.415 0.000   6.325 0.000  10.089 0.000 0.051 0.000  0.790 0.000
 30.25  31.25   41.31 0.000   3.46 0.000 0.013 0.000  0.20 0.000000  0.406 0.000  1.441 0.559   2.594 0.559  19.695 0.000   3.856 0.000  15.837 0.000 0.045 0.000  2.862 0.000
 33.25  34.25   44.98 0.000   7.36 0.000 9.999 0.259  0.40 0.000000  0.415 0.000  1.852 0.000   3.334 0.000  20.611 0.000   2.887 0.000  17.722 0.000 0.058 0.000  3.024 0.000
 36.25  37.25   30.27 0.000   3.26 0.000 9.999 0.259  0.14 0.000000  0.066 0.000  1.787 0.000   3.217 0.000  13.561 0.000   3.054 0.000  10.505 0.000 0.049 0.000  1.405 0.000
 39.25  40.25   13.48 0.000   1.87 0.000 9.999 0.259  0.20 0.000000  0.265 0.000  0.498 0.000   0.896 0.000   8.239 0.000   2.166 0.000   6.072 0.000 0.016 0.000  0.888 0.000
 42.25  43.25   30.03 0.000   2.46 0.000 9.999 0.259 99.99 0.259000  0.214 0.000  1.200 0.000   2.159 0.000   7.396 0.000   3.069 0.000   4.325 0.000 0.036 0.000  0.314 0.000
 45.25  46.25   26.09 0.000   1.48 0.000 9.999 0.259  0.16 0.000000  0.032 0.000  0.724 0.000   1.302 0.000   7.677 0.000   3.168 0.000   4.519 0.000 0.062 0.000  0.463 0.000
 48.25  49.25   23.69 0.000   2.00 0.000 9.999 0.259  0.15 0.000000  0.414 0.000  1.175 0.000   2.115 0.000  12.376 0.000   5.751 0.000   6.624 0.000 0.042 0.000  0.477 0.000
 51.25  52.25    9.18 0.000   1.19 0.000 9.999 0.259  0.25 0.000000  0.308 0.000  0.907 0.000   1.632 0.000  12.696 0.000   2.916 0.000   9.779 0.000 0.034 0.000  1.255 0.000
 54.25  55.25   38.10 0.000   3.46 0.000 9.999 0.259  0.34 0.000000  0.463 0.000  0.966 0.000   1.740 0.000  14.634 0.000   1.572 0.000  13.060 0.000 0.037 0.000  2.077 0.000
 57.25  58.25   40.93 0.000   3.75 0.000 9.999 0.259  1.16 0.000000  0.686 0.000  2.530 0.000   4.554 0.000  18.781 0.000   3.693 0.000  15.085 0.000 0.072 0.000  1.820 0.000
 60.25  61.25   17.08 0.000   1.95 0.000 0.009 0.000 99.99 0.259000  0.232 0.000  0.702 0.000   1.263 0.000   6.944 0.000   3.000 0.000   3.944 0.000 0.020 0.000  0.428 0.000
 63.25  64.25   24.29 0.000   1.52 0.000 9.999 0.259 99.99 0.259000  0.819 0.000  1.395 0.000   2.511 0.000  15.775 0.000   4.772 0.000  11.003 0.000 0.045 0.000  0.961 0.000
 66.25  67.25   11.26 0.000   0.81 0.000 9.999 0.259 99.99 0.259000  0.413 0.000  0.384 0.000   0.690 0.000   8.582 0.000   2.299 0.000   6.282 0.000 0.012 0.000  0.847 0.000
 69.25  70.25   13.41 0.000   0.92 0.000 0.014 0.000 99.99 0.259000  0.205 0.000  1.342 0.000   2.415 0.000  10.052 0.000   5.786 0.000   4.266 0.000 0.016 0.000  0.633 0.000
 72.25  73.25   32.17 0.000   2.95 0.000 9.999 0.259 99.99 0.259000  1.353 0.000  1.125 0.000   2.025 0.000  17.164 0.000   4.115 0.000  13.047 0.000 0.043 0.000  0.793 0.000
 75.25  76.25   36.86 0.000   3.88 0.000 9.999 0.259 99.99 0.259000  0.517 0.000  0.820 0.000   1.476 0.000  10.389 0.000   4.278 0.000   6.110 0.000 0.033 0.000  0.594 0.000
 78.25  79.25   21.45 0.000   2.37 0.000 9.999 0.259 99.99 0.259000  1.727 0.000  1.511 0.000   2.720 0.000  24.378 0.000   5.754 0.000  18.622 0.000 0.045 0.000  1.527 0.000
 81.25  82.25   22.51 0.000   3.67 0.000 0.031 0.000 99.99 0.259000  0.466 0.000  0.952 0.000   1.714 0.000  13.212 0.000   2.078 0.000  11.134 0.000 0.027 0.000  1.612 0.000
 84.25  85.25   26.54 0.000   3.25 0.000 9.999 0.259 99.99 0.259000  1.680 0.000  1.142 0.000   2.055 0.000  34.274 0.000   4.415 0.000  29.857 0.000 0.042 0.000  4.239 0.000
 87.25  88.25   29.83 0.000  17.18 0.000 9.999 0.259 99.99 0.259000  0.191 0.000  1.150 0.000   2.069 0.000   9.495 0.000   2.808 0.000   6.727 0.000 0.066 0.000  0.898 0.000
 90.25  91.25   25.45 0.000   2.71 0.000 9.999 0.259 99.99 0.259000  0.264 0.000  0.642 0.000   1.156 0.000   7.907 0.000   2.322 0.000   5.585 0.000 0.025 0.000  0.664 0.000
 93.25  94.25   18.89 0.000   1.66 0.000 9.999 0.259 99.99 0.259000  0.037 0.000  2.602 0.000   4.683 0.000  13.059 0.000   4.381 0.000   8.675 0.000 0.056 0.000  0.702 0.000
 96.25  97.25   22.72 0.000   1.63 0.000 9.999 0.259  0.16 0.000000  0.310 0.000  0.864 0.000   1.555 0.000  11.219 0.000   3.837 0.000   7.381 0.000 0.031 0.000  1.057 0.000
 99.25 100.25   27.27 0.000   2.84 0.000 9.999 0.259 99.99 0.259000  0.070 0.000  1.729 0.000   3.113 0.000  16.747 0.000   4.491 0.000  12.254 0.000 0.046 0.000  1.868 0.000
102.25 103.25   22.21 0.000   1.58 0.000 9.999 0.259  0.17 0.000000  0.347 0.000  1.049 0.000   1.889 0.000  13.755 0.000   3.776 0.000   9.979 0.000 0.034 0.000  1.460 0.000
105.25 106.25   54.04 0.000   3.34 0.000 9.999 0.259  0.46 0.000000  0.359 0.000  1.856 0.000   3.341 0.000  20.916 0.000   8.007 0.000  12.909 0.000 0.069 0.000  1.847 0.000
108.25 109.25   57.63 0.000   3.09 0.000 9.999 0.259  0.19 0.000000  0.057 0.000  2.796 0.000   5.033 0.000  26.938 0.000   9.315 0.000  17.735 0.000 0.074 0.000  2.377 0.000
111.25 112.25   28.22 0.000   0.51 0.000 9.999 0.259  0.22 0.000000  0.044 0.000  1.190 0.000   2.142 0.000  24.396 0.000  19.991 0.000   4.434 0.000 0.038 0.000  0.416 0.000
114.25 115.25   21.60 0.000   3.10 0.000 9.999 0.259 99.99 0.259000  0.057 0.000  0.970 0.000   1.745 0.000  10.910 0.000   7.359 0.000   3.550 0.000 0.032 0.000  0.262 0.000
117.25 118.25   26.85 0.000   2.32 0.000 9.999 0.259 99.99 0.259000  0.102 0.000  0.902 0.000   1.623 0.000  22.032 0.000  16.413 0.000   5.618 0.000 0.060 0.000  0.620 0.000
120.25 121.25   21.77 0.000   2.44 0.000 9.999 0.259 99.99 0.259000  0.093 0.000  0.677 0.000   1.218 0.000  14.760 0.000   9.299 0.000   5.461 0.000 0.029 0.000  0.741 0.000
123.25 124.25   39.51 0.000   1.95 0.000 9.999 0.259  0.43 0.000000  0.153 0.000  0.853 0.000   1.536 0.000  22.600 0.000  11.877 0.000  10.723 0.000 0.040 0.000  1.818 0.000
126.25 127.25   50.10 0.000   6.00 0.000 9.999 0.259 99.99 0.259000  0.080 0.000  1.850 0.000   3.330 0.000  26.976 0.000  10.020 0.000  16.955 0.000 0.096 0.000  2.675 0.000
129.25 130.25   35.94 0.000   1.52 0.000 9.999 0.259 99.99 0.259000  0.070 0.000  1.480 0.000   2.665 0.000  15.823 0.000   6.603 0.000   9.307 0.000 0.047 0.000  1.183 0.000
132.25 133.25   52.19 0.000   2.49 0.000 0.010 0.000  0.23 0.000000  0.067 0.000  3.274 0.000   5.893 0.000  30.122 0.000  11.578 0.000  18.542 0.000 0.084 0.000  2.031 0.000
135.25 136.25   14.19 0.000   1.84 0.000 9.999 0.259 99.99 0.259000  0.168 0.000  0.821 0.000   1.479 0.000  14.414 0.000   7.416 0.000   6.998 0.000 0.020 0.000  1.161 0.000
138.25 139.25   47.25 0.000   2.43 0.000 9.999 0.259  0.20 0.000000  0.083 0.000  3.426 0.000   6.167 0.000  30.924 0.000  12.528 0.000  18.394 0.000 0.101 0.000  2.055 0.000
141.25 142.25   44.17 0.000   2.23 0.000 9.999 0.259  0.09 0.000000  0.120 0.000  1.600 0.000   2.880 0.000  32.203 0.000   9.594 0.000  22.608 0.000 0.040 0.000  4.258 0.000
144.25 145.25   31.82 0.000   1.37 0.000 9.999 0.259 99.99 0.259000  0.145 0.000  1.398 0.000   2.516 0.000  20.500 0.000  10.484 0.000  10.015 0.000 0.049 0.000  1.398 0.000
147.25 148.25   16.16 0.000   0.32 0.000 9.999 0.259 99.99 0.259000  0.028 0.000  0.641 0.000   1.154 0.000   9.832 0.000   6.033 0.000   3.799 0.000 0.015 0.000  0.412 0.000
150.25 151.25   31.08 0.000   3.46 0.000 9.999 0.259 99.99 0.259000  0.091 0.000  1.416 0.000   2.549 0.000  22.346 0.000  10.644 0.000  11.858 0.000 0.037 0.000  1.520 0.000
153.25 154.25   24.71 0.000   1.40 0.000 9.999 0.259  0.09 0.000000  0.183 0.000  0.961 0.000   1.729 0.000  22.091 0.000  10.009 0.000  12.082 0.000 0.028 0.000  2.131 0.000
156.25 157.25   35.55 0.000   1.19 0.000 9.999 0.259  0.31 0.000000  0.093 0.000  1.976 0.000   3.557 0.000  23.444 0.000  13.106 0.000  10.347 0.000 0.079 0.000  0.910 0.000
159.25 160.25   31.79 0.000   1.88 0.000 9.999 0.259  0.23 0.000000  0.048 0.000  1.576 0.000   2.836 0.000  13.538 0.000   6.263 0.000   7.275 0.000 0.062 0.000  0.719 0.000
162.25 163.25   26.48 0.000   1.51 0.000 9.999 0.259  0.23 0.000000  0.034 0.000  0.579 0.000   1.041 0.000  11.341 0.000   4.787 0.000   6.553 0.000 0.028 0.000  1.012 0.000
165.25 166.25   16.79 0.000   1.83 0.000 9.999 0.259  0.10 0.000000  0.020 0.000  1.214 0.000   2.186 0.000  15.444 0.000  10.942 0.000   4.502 0.000 0.026 0.000  0.379 0.000
168.25 169.25   24.41 0.000   2.57 0.000 9.999 0.259  0.13 0.000000  0.049 0.000  1.115 0.000   2.006 0.000  17.491 0.000   8.217 0.000   9.273 0.000 0.032 0.000  1.281 0.000
171.25 172.25   26.50 0.000   1.93 0.000 9.999 0.259  0.17 0.000000  0.027 0.000  1.863 0.000   3.354 0.000  37.361 0.000   5.518 0.000  31.909 0.000 0.052 0.000  6.716 0.000
174.25 175.25   35.97 0.000   4.58 0.000 9.999 0.259  0.11 0.000000  0.032 0.000  3.026 0.000   5.446 0.000  41.313 0.000  10.272 0.000  31.037 0.000 0.074 0.000  4.938 0.000
177.25 178.25   18.32 0.000   1.37 0.000 9.999 0.259  0.21 0.000000  0.061 0.000  3.047 0.000   5.485 0.000  30.099 0.000   7.714 0.000  22.380 0.000 0.062 0.000  3.451 0.000
180.25 181.25   28.25 0.000   1.89 0.000 0.015 0.000 99.99 0.259000  0.027 0.000  3.882 0.000   6.988 0.000  31.651 0.000   7.155 0.000  24.493 0.000 0.064 0.000  3.235 0.000
183.25 184.25   23.09 0.000   2.44 0.000 9.999 0.259 99.99 0.259000  0.054 0.000  2.269 0.000   4.085 0.000  23.484 0.000   7.144 0.000  16.338 0.000 0.079 0.000  2.161 0.000
186.25 187.25   29.61 0.000   2.86 0.000 9.999 0.259  0.11 0.000000  0.044 0.000  1.360 0.000   2.448 0.000  21.996 0.000   8.612 0.000  13.383 0.000 0.126 0.000  2.022 0.000
189.25 190.25   51.66 0.000   2.60 0.000 9.999 0.259  0.91 0.000000  0.051 0.000  1.878 0.000   3.380 0.000  38.701 0.000   5.156 0.000  33.542 0.000 0.077 0.000  6.156 0.000
192.25 193.25   17.71 0.394   1.60 0.394 0.010 0.394 99.99 0.394259  0.019 0.394  0.679 0.000   1.221 0.000  13.618 0.000   2.702 0.000  10.964 0.000 0.022 0.394  1.818 0.394
195.25 196.25   16.39 0.000   3.86 0.000 9.999 0.259 99.99 0.259000  0.038 0.000  1.339 0.000   2.410 0.000  24.880 0.000   6.191 0.000  18.692 0.000 0.030 0.000  3.464 0.000
198.25 199.25    8.34 0.000   0.21 0.000 0.009 0.000  0.26 0.000000  0.028 0.000  0.896 0.000   1.612 0.000  12.585 0.000   6.735 0.000   5.850 0.000 0.020 0.000  0.785 0.000
201.25 202.25   44.59 0.000   1.23 0.000 9.999 0.259  0.23 0.000000  0.037 0.000  2.047 0.000   3.685 0.000  18.884 0.000   7.051 0.000  11.832 0.000 0.070 0.000  1.279 0.000
204.25 205.25   37.17 0.000   1.99 0.000 9.999 0.259 99.99 0.259000  0.032 0.000  2.705 0.000   4.870 0.000  27.814 0.000   5.373 0.000  22.439 0.000 0.044 0.000  3.239 0.000
207.25 208.25   34.71 0.000   0.98 0.000 9.999 0.259  0.11 0.000000  0.026 0.000  1.739 0.000   3.130 0.000  19.047 0.000   5.317 0.000  13.730 0.000 0.038 0.000  1.773 0.000
210.25 211.25   38.92 0.000   2.51 0.000 9.999 0.259  0.14 0.000000  0.060 0.000  2.144 0.000   3.859 0.000  27.783 0.000   6.505 0.000  21.275 0.000 0.039 0.000  3.427 0.000
213.25 214.25   28.81 0.000   7.06 0.000 9.999 0.259  0.18 0.000000  0.033 0.000  1.965 0.000   3.537 0.000 999.999 0.456   5.020 0.000  18.220 0.000 0.048 0.000  2.791 0.000
216.25 217.25   34.20 0.000   1.45 0.000 9.999 0.259 99.99 0.259000  0.039 0.000  3.015 0.000   5.427 0.000  38.211 0.000   4.844 0.000  33.362 0.000 0.042 0.000  5.119 0.000
219.25 220.25   40.07 0.000   1.26 0.000 9.999 0.259  0.19 0.000000  0.100 0.000  1.532 0.000   2.758 0.000  20.709 0.000   3.002 0.000  17.704 0.000 0.033 0.000  2.842 0.000
222.25 223.25   25.18 0.000   1.34 0.000 9.999 0.259  0.15 0.000000  0.022 0.000  1.950 0.000   3.510 0.000  26.135 0.000   4.505 0.000  21.627 0.000 0.036 0.000  3.328 0.000
225.25 226.25  382.21 0.000   1.41 0.000 9.999 0.259 99.99 0.259000  0.058 0.000  1.586 0.000   2.855 0.000  33.042 0.000  16.435 0.000  16.608 0.000 0.177 0.000  1.465 0.000
228.25 229.25   10.90 0.000  35.42 0.000 9.999 0.259 99.99 0.259000  0.032 0.000  0.749 0.000   1.349 0.000   8.993 0.000   3.898 0.000   5.137 0.000 0.031 0.000  0.665 0.000
231.25 232.25   64.14 0.000   1.33 0.000 9.999 0.259  0.34 0.000000  0.031 0.000  2.423 0.000   4.361 0.000  19.620 0.000   6.380 0.000  13.239 0.000 0.065 0.000  1.467 0.000
234.25 235.25   38.97 0.000   1.85 0.000 9.999 0.259  0.18 0.000000  0.058 0.000  1.646 0.000   2.963 0.000  25.618 0.000   8.067 0.000  17.649 0.000 0.039 0.000  2.601 0.000
237.25 238.25   18.05 0.000   1.02 0.000 9.999 0.259  0.15 0.000000  0.053 0.000  1.226 0.000   2.206 0.000  22.183 0.000   6.500 0.000  15.686 0.000 0.052 0.000  2.437 0.000
240.25 241.25   10.95 0.000   0.93 0.000 9.999 0.259  0.43 0.000000  0.040 0.000  0.802 0.000   1.443 0.000  11.702 0.000   3.705 0.000   7.998 0.000 0.018 0.000  1.205 0.000
243.25 244.25   26.23 0.000   2.23 0.000 9.999 0.259 99.99 0.259000  0.036 0.000  2.308 0.000   4.155 0.000  20.877 0.000   8.782 0.000  12.093 0.000 0.035 0.000  1.312 0.000
246.25 247.25   38.31 0.000   3.45 0.000 9.999 0.259  0.08 0.000000  0.045 0.000  2.529 0.000   4.552 0.000  21.256 0.000   7.548 0.000  13.706 0.000 0.071 0.000  1.837 0.000
249.25 250.25   45.73 0.000   2.37 0.000 9.999 0.259  0.40 0.000000  0.089 0.000  2.963 0.000   5.333 0.000  37.155 0.000   5.411 0.000  31.739 0.000 0.046 0.000  5.100 0.000
252.25 253.25   53.01 0.000   4.29 0.000 9.999 0.259  0.96 0.000000  0.060 0.000  3.266 0.000   5.879 0.000  48.549 0.000   7.385 0.000  41.155 0.000 0.059 0.000  6.948 0.000
255.25 256.25   41.33 0.000   4.56 0.000 9.999 0.259  0.28 0.000000  0.036 0.000  3.873 0.000   6.971 0.000  40.666 0.000   4.018 0.000  36.690 0.000 0.125 0.000  5.701 0.000
258.25 259.25   13.05 0.000   1.37 0.000 0.005 0.000  0.13 0.000000  0.074 0.000  1.341 0.000   2.414 0.000  13.413 0.000   5.218 0.000   8.195 0.000 0.033 0.000  1.084 0.000
261.25 262.25   24.67 0.000   2.10 0.000 9.999 0.259 99.99 0.259000  0.043 0.000  3.013 0.000   5.424 0.000  21.702 0.000   3.790 0.000  17.910 0.000 0.064 0.000  2.343 0.000
264.25 265.25   47.87 0.000   1.97 0.000 9.999 0.259  0.16 0.000000  0.064 0.000  2.822 0.000   5.079 0.000  26.789 0.000   5.444 0.000  21.344 0.000 0.087 0.000  2.747 0.000
267.25 268.25   19.16 0.000   1.06 0.000 9.999 0.259  0.30 0.000000  0.040 0.000  1.227 0.000   2.208 0.000  14.756 0.000   5.232 0.000   9.524 0.000 0.030 0.000  1.338 0.000
270.25 271.25   26.51 0.000   3.01 0.000 9.999 0.259  0.11 0.000000  0.137 0.000  2.195 0.000   3.951 0.000  16.306 0.000   5.613 0.000  10.691 0.000 0.039 0.000  1.311 0.000
