scripts/IMPROVE-2019_partial/data/US0064R.20050101080000.20191216000000.filterpack..pm25.52w.1w.US03L_filterpack_US0064.US03L_IMPROVE_Davis.lev2.nas
66 1001
MISSING INFORMATION
US03L, IMPROVE, , , , , , , 
MISSING INFORMATION
IMPROVE sel_HTAP
1 1
2005 01 01 2019 12 16
3.000000
days from file reference point
27
1 1 1 1 1 1 1 1 1 1 1 1 1 1 1 1 1 1 1 1 1 1 1 1 1 1 1
999.999999 9999.99 9.999 99.99 9.999 9.999 9.999 9.99 9.999999 9.999 9.999 99.999 9.999 99.999 9.999 99.9 9.999999 999.999 9.999 999.999 9.999 999.999 9.999 9.999 9.999 9.999 9.999
end_time of measurement, days from the file reference point
iron, ng/m3, Revision date=20181210133000
numflag iron, no unit, Revision date=20181210133000
lead, ng/m3, Revision date=20181210133000
numflag lead, no unit, Revision date=20181210133000
magnesium, ug/m3, Revision date=20181210133000
numflag magnesium, no unit, Revision date=20181210133000
nickel, ng/m3, Revision date=20181210133000
numflag nickel, no unit, Revision date=20181210133000
nitrate, ug N/m3, Revision date=20181210133000
numflag nitrate, no unit, Revision date=20181210133000
organic_carbon, ug C/m3, Revision date=20181210133000
numflag organic_carbon, no unit, Revision date=20181210133000
organic_mass, ug/m3, Revision date=20181210133000
numflag organic_mass, no unit, Revision date=20181210133000
phosphorus, ng/m3, Revision date=20181210133000
numflag phosphorus, no unit, Revision date=20181210133000
pm10_mass, ug/m3, Version=2, Version description=Data extracted from http://views.cira.colostate.edu/fed/DataWizard 2019-12-16, Sample duration=1d, Orig. time res.=3d, Matrix=pm10, Blank correction=Blank corrected, Volume std. temperature=ambient, Volume std. pressure=ambient
numflag pm10_mass, no unit, Version=2, Version description=Data extracted from http://views.cira.colostate.edu/fed/DataWizard 2019-12-16, Sample duration=1d, Orig. time res.=3d, Matrix=pm10, Blank correction=Blank corrected, Volume std. temperature=ambient, Volume std. pressure=ambient
pm10_pm25_mass, ug/m3, Revision date=20181210133000, Matrix=pm10_pm25
numflag pm10_pm25_mass, no unit, Revision date=20181210133000, Matrix=pm10_pm25
pm25_mass, ug/m3, Version=2, Version description=Data extracted from http://views.cira.colostate.edu/fed/DataWizard 2019-12-16, Sample duration=1d, Orig. time res.=3d, Blank correction=Blank corrected, Volume std. temperature=ambient, Volume std. pressure=ambient
numflag pm25_mass, no unit, Version=2, Version description=Data extracted from http://views.cira.colostate.edu/fed/DataWizard 2019-12-16, Sample duration=1d, Orig. time res.=3d, Blank correction=Blank corrected, Volume std. temperature=ambient, Volume std. pressure=ambient
potassium, ug/m3, Revision date=20181210133000
numflag potassium, no unit, Revision date=20181210133000
sulphate_total, ug S/m3, Revision date=20181210133000
numflag sulphate_total, no unit, Revision date=20181210133000
0
25
Data definition:              EBAS_1.1
Set type code:                TU
Timezone:                     UTC
File name:                    US0064R.20050101080000.20191216000000.filterpack..pm25.52w.1w.US03L_filterpack_US0064.US03L_IMPROVE_Davis.lev2.nas
File creation:                20191218115937
Startdate:                    20050101080000
Revision date:                20191216000000
Statistics:                   arithmetic mean
Data level:                   2
Period code:                  52w
Resolution code:              1w
Station code:                 US0064R
Platform code:                US0064S
Station name:                 Jarbidge Wilderness
Station latitude:             41.8926
Station longitude:            -115.4261
Station altitude:             1869.0 m
Regime:                       IMG
Component:                    
Matrix:                       pm25
Laboratory code:              US03L
Instrument type:              filterpack
Instrument name:              filterpack_US0064
Method ref:                   US03L_IMPROVE_Davis
starttime endtime Fe flag_Fe Pb flag_Pb Mg++ flag_Mg++ Ni flag_Ni NO3- flag_NO3- OC flag_OC OM flag_OM P flag_P PM10 flag_PM10 PM10-PM2.5 flag_PM10-PM2.5 PM2.5 flag_PM2.5 K+ flag_K+ SO4-- flag_SO4--
[from data line 84]
252.333333 253.333333   32.04 0.000  0.22 0.000 9.999 0.259 9.99 0.259000 0.024 0.000  0.655 0.000  1.179 0.000 99.9 0.259000   3.818 0.000   1.438 0.000   2.364 0.000 0.021 0.000 0.091 0.000
255.333333 256.333333   25.43 0.000  0.53 0.000 9.999 0.259 9.99 0.259000 0.015 0.000  0.453 0.000  0.815 0.000 99.9 0.259000   3.466 0.000   1.446 0.000   2.030 0.000 0.025 0.000 0.079 0.000
258.333333 259.333333   43.24 0.000  0.56 0.000 0.014 0.000 9.99 0.259000 0.024 0.000  0.928 0.000  1.671 0.000 99.9 0.259000   7.964 0.000   4.172 0.000   3.746 0.000 0.045 0.000 0.143 0.000
261.333333 262.333333   38.78 0.000  0.72 0.000 9.999 0.259 9.99 0.259000 0.017 0.000  0.413 0.000  0.744 0.000 99.9 0.259000   6.416 0.000   3.715 0.000   2.661 0.000 0.036 0.000 0.182 0.000
264.333333 265.333333   64.48 0.000  0.76 0.000 9.999 0.259 9.99 0.259000 0.021 0.000  0.963 0.000  1.734 0.000 99.9 0.259000   7.432 0.000   3.060 0.000   4.338 0.000 0.055 0.000 0.214 0.000
267.333333 268.333333   23.94 0.000  0.34 0.000 9.999 0.259 9.99 0.259000 0.017 0.000  0.546 0.000  0.983 0.000 99.9 0.259000   5.254 0.000   3.099 0.000   2.121 0.000 0.019 0.000 0.099 0.000
270.333333 271.333333 9999.99 0.999 99.99 0.999 9.999 0.999 9.99 0.999000 9.999 0.999 99.999 0.999 99.999 0.999 99.9 0.999000 999.999 0.999 999.999 0.999 999.999 0.999 9.999 0.999 9.999 0.999
273.333333 274.333333   41.21 0.000  0.37 0.000 0.017 0.000 9.99 0.259000 0.023 0.000  0.746 0.000  1.343 0.000 99.9 0.259000  10.231 0.000   7.055 0.000   3.100 0.000 0.051 0.000 0.104 0.000
276.333333 277.333333    4.94 0.000  0.28 0.000 9.999 0.259 9.99 0.259000 0.030 0.000  0.533 0.000  0.959 0.000 99.9 0.259000   2.052 0.000   0.673 0.000   1.382 0.000 0.005 0.000 0.077 0.000
279.333333 280.333333   32.64 0.000  0.30 0.000 9.999 0.259 9.99 0.259000 0.006 0.000  0.535 0.000  0.963 0.000 99.9 0.259000   6.346 0.000   4.258 0.000   2.042 0.000 0.029 0.000 0.067 0.000
282.333333 283.333333    3.69 0.000  0.28 0.000 9.999 0.259 0.14 0.000000 0.009 0.000  0.431 0.000  0.775 0.000 99.9 0.259000   1.927 0.000   0.477 0.000   1.444 0.000 0.007 0.000 0.089 0.000
285.333333 286.333333   14.30 0.000  0.31 0.000 9.999 0.259 9.99 0.259000 0.003 0.000  0.301 0.000  0.542 0.000 99.9 0.259000   3.437 0.000   1.762 0.000   1.656 0.000 0.014 0.000 0.171 0.000
288.333333 289.333333   37.39 0.000  0.37 0.000 9.999 0.259 9.99 0.259000 0.008 0.000  0.492 0.000  0.885 0.000 99.9 0.259000   7.812 0.000   5.244 0.000   2.512 0.000 0.036 0.000 0.068 0.000
291.333333 292.333333   29.19 0.000  0.51 0.000 9.999 0.259 0.22 0.000000 0.016 0.000  0.814 0.000  1.464 0.000 99.9 0.259000   6.604 0.000   3.020 0.000   3.551 0.000 0.033 0.000 0.237 0.000
294.333333 295.333333   68.24 0.000  0.40 0.000 9.999 0.259 9.99 0.259000 0.013 0.000  0.544 0.000  0.978 0.000 99.9 0.259000  13.809 0.000  10.384 0.000   3.315 0.000 0.067 0.000 0.117 0.000
297.333333 298.333333   29.97 0.000  0.45 0.000 9.999 0.259 0.28 0.000000 0.008 0.000  0.604 0.000  1.087 0.000 99.9 0.259000   5.208 0.000   2.321 0.000   2.898 0.000 0.032 0.000 0.201 0.000
300.333333 301.333333   12.06 0.000  0.27 0.000 9.999 0.259 9.99 0.259000 0.006 0.000  0.261 0.000  0.469 0.000 99.9 0.259000   2.013 0.000   0.432 0.000   1.575 0.000 0.011 0.000 0.139 0.000
303.333333 304.333333   24.72 0.000  0.80 0.000 9.999 0.259 9.99 0.259000 0.010 0.000  0.447 0.000  0.804 0.000 99.9 0.259000   3.595 0.000   1.198 0.000   2.383 0.000 0.020 0.000 0.251 0.000
306.333333 307.333333   12.89 0.000  0.51 0.000 9.999 0.259 9.99 0.259000 0.022 0.000  0.432 0.000  0.777 0.000 99.9 0.259000   4.054 0.000   1.713 0.000   2.322 0.000 0.021 0.000 0.151 0.000
309.333333 310.333333    5.32 0.000  0.24 0.000 9.999 0.259 9.99 0.259000 0.005 0.000  0.204 0.000  0.367 0.000 99.9 0.259000   2.295 0.000   1.111 0.000   1.172 0.000 0.006 0.000 0.057 0.000
312.333333 313.333333    5.38 0.000  0.19 0.000 9.999 0.259 9.99 0.259000 0.021 0.000  0.672 0.000  1.210 0.000 99.9 0.259000   3.214 0.000   1.173 0.000   2.028 0.000 0.008 0.000 0.092 0.000
315.333333 316.333333    3.72 0.000  0.44 0.000 9.999 0.259 9.99 0.259000 0.011 0.000  0.418 0.000  0.752 0.000 99.9 0.259000   2.863 0.000   1.288 0.000   1.561 0.000 0.010 0.000 0.069 0.000
318.333333 319.333333    2.30 0.000  0.33 0.000 9.999 0.259 9.99 0.259000 0.006 0.000  0.236 0.000  0.424 0.000 99.9 0.259000   1.665 0.000   0.806 0.000   0.866 0.000 0.005 0.000 0.047 0.000
321.333333 322.333333    1.58 0.000  0.28 0.000 0.014 0.000 9.99 0.259000 0.001 0.000 99.999 0.259 99.999 0.259 99.9 0.259000   1.194 0.000   0.394 0.000   0.795 0.000 0.003 0.000 0.045 0.000
324.333333 325.333333    5.58 0.000  0.20 0.000 9.999 0.259 9.99 0.259000 0.004 0.000  0.128 0.000  0.230 0.000 99.9 0.259000   2.312 0.000   0.987 0.000   1.313 0.000 0.008 0.000 0.086 0.000
327.333333 328.333333    5.57 0.000  0.30 0.000 9.999 0.259 9.99 0.259000 9.999 0.259 99.999 0.259 99.999 0.259 99.9 0.259000   1.411 0.000   0.450 0.000   0.956 0.000 0.005 0.000 0.098 0.000
330.333333 331.333333    1.01 0.000  0.25 0.000 9.999 0.259 9.99 0.259000 0.004 0.000  0.097 0.000  0.174 0.000 99.9 0.259000   0.782 0.000   0.074 0.000   0.706 0.000 0.003 0.000 0.039 0.000
333.333333 334.333333    0.33 0.000  0.21 0.000 9.999 0.259 9.99 0.259000 0.006 0.000  0.168 0.000  0.303 0.000 99.9 0.259000   1.032 0.000   0.535 0.000   0.492 0.000 0.004 0.000 0.019 0.000
336.333333 337.333333    0.78 0.000  0.12 0.000 9.999 0.259 9.99 0.259000 0.002 0.000  0.033 0.000  0.060 0.000 99.9 0.259000   1.296 0.000   0.946 0.000   0.339 0.000 0.002 0.000 0.014 0.000
339.333333 340.333333    4.16 0.000  0.54 0.000 9.999 0.259 9.99 0.259000 0.027 0.000  0.189 0.000  0.340 0.000 99.9 0.259000   1.135 0.000   0.269 0.000   0.869 0.000 0.005 0.000 0.063 0.000
342.333333 343.333333    2.70 0.000  0.46 0.000 9.999 0.259 9.99 0.259000 0.001 0.000  0.100 0.000  0.180 0.000 99.9 0.259000   0.736 0.000   0.209 0.000   0.525 0.000 0.004 0.000 0.050 0.000
345.333333 346.333333    3.58 0.000  0.40 0.000 9.999 0.259 9.99 0.259000 0.009 0.000  0.274 0.000  0.493 0.000 99.9 0.259000   0.905 0.000   0.165 0.000   0.738 0.000 0.006 0.000 0.064 0.000
348.333333 349.333333    0.72 0.000 99.99 0.259 9.999 0.259 9.99 0.259000 0.003 0.000  0.144 0.000  0.259 0.000 99.9 0.259000   0.173 0.000   0.141 0.000   0.031 0.000 0.004 0.000 0.017 0.000
351.333333 352.333333    7.08 0.000  0.34 0.000 9.999 0.259 9.99 0.259000 0.837 0.000  0.566 0.000  1.018 0.000 99.9 0.259000   7.164 0.000   0.216 0.000   6.944 0.000 0.014 0.000 0.226 0.000
354.333333 355.333333    4.88 0.000 99.99 0.259 9.999 0.259 9.99 0.259000 0.004 0.000  0.231 0.000  0.417 0.000 99.9 0.259000   0.851 0.000   0.353 0.000   0.494 0.000 0.004 0.000 0.035 0.000
357.333333 358.333333    1.46 0.000  0.18 0.000 9.999 0.259 9.99 0.259000 0.004 0.000  0.128 0.000  0.230 0.000 99.9 0.259000   0.297 0.000   0.114 0.000   0.182 0.000 0.002 0.000 0.034 0.000
360.333333 361.333333    1.19 0.000  0.15 0.000 9.999 0.259 9.99 0.259000 0.011 0.000  0.047 0.000  0.085 0.000 99.9 0.259000   0.568 0.000   0.412 0.000   0.157 0.000 0.002 0.000 0.024 0.000
363.333333 364.333333    1.24 0.000  0.23 0.000 9.999 0.259 9.99 0.259000 0.004 0.000  0.060 0.000  0.108 0.000 99.9 0.259000   1.198 0.000   0.940 0.000   0.247 0.000 0.002 0.000 0.018 0.000
