scripts/IMPROVE-2019_partial/data/US0077R.19910102070000.20191216000000.filterpack...1y.3d.US03L_filterpack_US0077.US03L_IMPROVE_Davis.lev2.nas
52 1001
MISSING INFORMATION
US03L, IMPROVE, , , , , , , 
MISSING INFORMATION
IMPROVE sel_HTAP
1 1
1991 01 01 2019 12 16
0
days from file reference point
5
1 1 1 1 1
999.999999 999.999 9.999 999.999 9.999999
end_time of measurement, days from the file reference point
pm10_mass, ug/m3, Matrix=pm10
numflag pm10_mass, no unit, Matrix=pm10
pm25_mass, ug/m3, Matrix=pm25
numflag pm25_mass, no unit, Matrix=pm25
0
33
Data definition:              EBAS_1.1
Set type code:                TI
Timezone:                     UTC
File name:                    US0077R.19910102070000.20191216000000.filterpack...1y.3d.US03L_filterpack_US0077.US03L_IMPROVE_Davis.lev2.nas
File creation:                20191218120037
Startdate:                    19910102070000
Revision date:                20191216000000
Version:                      2
Version description:          "Data extracted from http://views.cira.colostate.edu/fed/DataWizard 2019-12-16"
Statistics:                   arithmetic mean
Data level:                   2
Period code:                  1y
Resolution code:              3d
Sample duration:              1d
Orig. time res.:              3d
Station code:                 US0077R
Platform code:                US0077S
Station name:                 Canyonlands NP
Station latitude:             38.4587
Station longitude:            -109.821
Station altitude:             1798.0 m
Regime:                       IMG
Component:                    
Unit:                         ug/m3
Matrix:                       
Laboratory code:              US03L
Instrument type:              filterpack
Instrument name:              filterpack_US0077
Method ref:                   US03L_IMPROVE_Davis
Blank correction:             Blank corrected
Volume std. temperature:      ambient
Volume std. pressure:         ambient
starttime endtime PM10 flag_PM10 PM2.5 flag_PM2.5
  1.291667   2.291667   7.610 0.000   4.459 0.559000
  4.291667   5.291667   9.050 0.000   5.512 0.559000
  8.291667   9.291667  11.094 0.000   7.231 0.559000
 11.291667  12.291667  12.920 0.000   6.026 0.559000
 15.291667  16.291667 999.999 0.999   2.730 0.559000
 18.291667  19.291667 999.999 0.999   4.671 0.559000
 22.291667  23.291667   5.775 0.000   4.560 0.559000
 25.291667  26.291667   7.490 0.000   5.928 0.559000
 29.291667  30.291667   7.519 0.000 999.999 0.559259
 32.291667  33.291667   8.814 0.000   5.292 0.559000
 36.291667  37.291667  10.342 0.000   6.463 0.559000
 39.291667  40.291667  11.692 0.000   6.270 0.559000
 43.291667  44.291667   9.924 0.000   3.713 0.559000
 46.291667  47.291667  12.674 0.000 999.999 0.559259
 50.291667  51.291667  26.388 0.000   3.087 0.559000
 53.291667  54.291667   5.875 0.000   4.689 0.559000
 57.291667  58.291667   6.226 0.000   3.398 0.559000
 60.291667  61.291667   1.660 0.000   0.643 0.559000
 64.291667  65.291667   4.977 0.000   1.699 0.559000
 67.291667  68.291667   8.310 0.000   2.580 0.559000
 71.291667  72.291667   6.388 0.000 999.999 0.559259
 74.291667  75.291667   7.665 0.000 999.999 0.559259
 78.291667  79.291667  19.907 0.000   4.317 0.559000
 81.291667  82.291667  10.099 0.000   4.511 0.559000
 85.291667  86.291667   4.367 0.000   2.094 0.559000
 88.291667  89.291667  10.354 0.000   3.438 0.559000
 92.291667  93.291667  10.733 0.000   5.380 0.559000
 95.291667  96.291667  13.053 0.000   4.356 0.559000
 99.291667 100.291667  16.618 0.000   3.876 0.559000
102.291667 103.291667  11.051 0.000   2.573 0.559000
106.291667 107.291667  16.942 0.000   6.118 0.559000
109.291667 110.291667  13.839 0.000   5.762 0.559000
113.291667 114.291667   7.579 0.000   1.911 0.559000
116.291667 117.291667   7.033 0.000   2.866 0.559000
120.291667 121.291667  14.132 0.000   4.906 0.559000
123.291667 124.291667  11.325 0.000   4.689 0.559000
127.291667 128.291667   8.493 0.000 999.999 0.559259
130.291667 131.291667  14.746 0.000   4.393 0.559000
134.291667 135.291667   8.801 0.000   3.642 0.559000
137.291667 138.291667  48.073 0.000  12.397 0.559000
141.291667 142.291667  12.640 0.000   4.365 0.559000
144.291667 145.291667  12.477 0.000   4.149 0.559000
148.291667 149.291667  13.107 0.000   4.984 0.559000
151.291667 152.291667   5.659 0.000   3.528 0.559000
155.291667 156.291667  12.824 0.000   7.068 0.559000
158.291667 159.291667   8.136 0.000   5.525 0.559000
162.291667 163.291667  16.006 0.000 999.999 0.559259
165.291667 166.291667  11.531 0.000   5.600 0.559000
169.291667 170.291667  21.818 0.000   7.134 0.559000
172.291667 173.291667  16.726 0.000   5.627 0.559000
176.291667 177.291667  22.747 0.000   5.457 0.559000
179.291667 180.291667  22.986 0.000   6.494 0.559000
183.291667 184.291667  14.535 0.000   4.417 0.559000
186.291667 187.291667   9.420 0.000   4.850 0.559000
190.291667 191.291667   9.259 0.000   5.706 0.559000
193.291667 194.291667   9.798 0.000   4.745 0.559000
197.291667 198.291667  19.103 0.000 999.999 0.559259
200.291667 201.291667  11.336 0.000   2.954 0.559000
204.291667 205.291667 999.999 0.999 999.999 0.999000
207.291667 208.291667  15.274 0.000   2.952 0.559000
211.291667 212.291667 999.999 0.999 999.999 0.999000
214.291667 215.291667   8.840 0.000   3.079 0.559000
218.291667 219.291667   5.582 0.000   2.569 0.559000
221.291667 222.291667   7.781 0.000   3.529 0.559000
225.291667 226.291667   5.149 0.000   3.252 0.559000
228.291667 229.291667  16.844 0.000   2.822 0.559000
232.291667 233.291667   6.846 0.000 999.999 0.559259
235.291667 236.291667  12.734 0.000   3.902 0.559000
239.291667 240.291667  15.657 0.000   3.179 0.559000
242.291667 243.291667  10.580 0.000   4.006 0.559000
246.291667 247.291667  14.491 0.000   3.704 0.559000
249.291667 250.291667   9.893 0.000   2.407 0.559000
253.291667 254.291667  80.356 0.000   2.531 0.559000
256.291667 257.291667   5.836 0.000   2.928 0.559000
260.291667 261.291667   7.599 0.000   3.006 0.559000
263.291667 264.291667   9.519 0.000   4.747 0.559000
267.291667 268.291667   9.562 0.000   5.078 0.559000
270.291667 271.291667  13.047 0.000   4.557 0.559000
274.291667 275.291667   8.352 0.000   3.691 0.559000
277.291667 278.291667  11.136 0.000   2.997 0.559000
281.291667 282.291667  10.287 0.000   3.578 0.559000
284.291667 285.291667  12.000 0.000   4.335 0.559000
288.291667 289.291667   9.511 0.000   3.067 0.559000
291.291667 292.291667   7.665 0.000   2.821 0.559000
295.291667 296.291667   9.681 0.000   3.955 0.559000
298.291667 299.291667 999.999 0.999 999.999 0.999000
302.291667 303.291667   8.525 0.000   4.147 0.559000
305.291667 306.291667 999.999 0.999 999.999 0.999000
309.291667 310.291667 999.999 0.999 999.999 0.999000
312.291667 313.291667  18.277 0.000   2.890 0.559000
316.291667 317.291667   8.819 0.000   3.223 0.559000
319.291667 320.291667   4.800 0.000   1.262 0.559000
323.291667 324.291667   5.708 0.000   1.780 0.559000
326.291667 327.291667   5.309 0.000   1.197 0.559000
330.291667 331.291667  14.315 0.000   1.661 0.559000
333.291667 334.291667   2.833 0.000   1.217 0.559000
337.291667 338.291667   8.922 0.000   5.593 0.559000
340.291667 341.291667   8.559 0.000   5.479 0.559000
344.291667 345.291667   9.274 0.000   3.569 0.559000
347.291667 348.291667  11.460 0.000   3.867 0.559000
351.291667 352.291667  11.644 0.000   6.554 0.559000
354.291667 355.291667   9.859 0.000   2.230 0.559000
358.291667 359.291667   6.255 0.000   1.973 0.559000
361.291667 362.291667   5.319 0.000   2.259 0.559000
