scripts/IMPROVE-2019_partial/data/US0059R.20050101070000.20191216000000.filterpack..pm25.52w.1w.US03L_filterpack_US0059.US03L_IMPROVE_Davis.lev2.nas
64 1001
MISSING INFORMATION
US03L, IMPROVE, , , , , , , 
MISSING INFORMATION
IMPROVE sel_HTAP
1 1
2005 01 01 2019 12 16
3.000000
days from file reference point
25
1 1 1 1 1 1 1 1 1 1 1 1 1 1 1 1 1 1 1 1 1 1 1 1 1
999.999999 9999.99 9.999 99.99 9.999 9.999 9.999999 9.99 9.999999 99.999 9.999 99.999 9.999 99.999 9.999 999.999 9.999 999.999 9.999 999.999 9.999 9.999 9.999 99.999 9.999
end_time of measurement, days from the file reference point
iron, ng/m3, Revision date=20181210133000
numflag iron, no unit, Revision date=20181210133000
lead, ng/m3, Revision date=20181210133000
numflag lead, no unit, Revision date=20181210133000
magnesium, ug/m3, Revision date=20181210133000
numflag magnesium, no unit, Revision date=20181210133000
nickel, ng/m3, Revision date=20181210133000
numflag nickel, no unit, Revision date=20181210133000
nitrate, ug N/m3, Revision date=20181210133000
numflag nitrate, no unit, Revision date=20181210133000
organic_carbon, ug C/m3, Revision date=20181210133000
numflag organic_carbon, no unit, Revision date=20181210133000
organic_mass, ug/m3, Revision date=20181210133000
numflag organic_mass, no unit, Revision date=20181210133000
pm10_mass, ug/m3, Version=2, Version description=Data extracted from http://views.cira.colostate.edu/fed/DataWizard 2019-12-16, Sample duration=1d, Orig. time res.=3d, Matrix=pm10, Blank correction=Blank corrected, Volume std. temperature=ambient, Volume std. pressure=ambient
numflag pm10_mass, no unit, Version=2, Version description=Data extracted from http://views.cira.colostate.edu/fed/DataWizard 2019-12-16, Sample duration=1d, Orig. time res.=3d, Matrix=pm10, Blank correction=Blank corrected, Volume std. temperature=ambient, Volume std. pressure=ambient
pm10_pm25_mass, ug/m3, Revision date=20181210133000, Matrix=pm10_pm25
numflag pm10_pm25_mass, no unit, Revision date=20181210133000, Matrix=pm10_pm25
pm25_mass, ug/m3, Version=2, Version description=Data extracted from http://views.cira.colostate.edu/fed/DataWizard 2019-12-16, Sample duration=1d, Orig. time res.=3d, Blank correction=Blank corrected, Volume std. temperature=ambient, Volume std. pressure=ambient
numflag pm25_mass, no unit, Version=2, Version description=Data extracted from http://views.cira.colostate.edu/fed/DataWizard 2019-12-16, Sample duration=1d, Orig. time res.=3d, Blank correction=Blank corrected, Volume std. temperature=ambient, Volume std. pressure=ambient
potassium, ug/m3, Revision date=20181210133000
numflag potassium, no unit, Revision date=20181210133000
sulphate_total, ug S/m3, Revision date=20181210133000
numflag sulphate_total, no unit, Revision date=20181210133000
0
25
Data definition:              EBAS_1.1
Set type code:                TU
Timezone:                     UTC
File name:                    US0059R.20050101070000.20191216000000.filterpack..pm25.52w.1w.US03L_filterpack_US0059.US03L_IMPROVE_Davis.lev2.nas
File creation:                20191218115907
Startdate:                    20050101070000
Revision date:                20191216000000
Statistics:                   arithmetic mean
Data level:                   2
Period code:                  52w
Resolution code:              1w
Station code:                 US0059R
Platform code:                US0059S
Station name:                 Crescent Lake
Station latitude:             41.7627
Station longitude:            -102.4336
Station altitude:             1207.0 m
Regime:                       IMG
Component:                    
Matrix:                       pm25
Laboratory code:              US03L
Instrument type:              filterpack
Instrument name:              filterpack_US0059
Method ref:                   US03L_IMPROVE_Davis
starttime endtime Fe flag_Fe Pb flag_Pb Mg++ flag_Mg++ Ni flag_Ni NO3- flag_NO3- OC flag_OC OM flag_OM PM10 flag_PM10 PM10-PM2.5 flag_PM10-PM2.5 PM2.5 flag_PM2.5 K+ flag_K+ SO4-- flag_SO4--
[from data line 88]
264.291667 265.291667   45.62 0.000  0.84 0.000 9.999 0.259000 9.99 0.259000  0.041 0.000  0.912 0.000  1.641 0.000  19.978 0.000  14.983 0.000   4.803 0.000 0.062 0.000  0.187 0.000
267.291667 268.291667   11.21 0.000  0.59 0.000 9.999 0.259000 9.99 0.259000  0.102 0.000  0.599 0.000  1.079 0.000   3.514 0.000   1.242 0.000   2.245 0.000 0.019 0.000  0.140 0.000
270.291667 271.291667   23.34 0.000  0.40 0.000 9.999 0.259000 9.99 0.259000  0.014 0.000  0.372 0.000  0.670 0.000   8.062 0.000   6.202 0.000   1.878 0.000 0.017 0.000  0.130 0.000
273.291667 274.291667   38.68 0.000  0.37 0.000 0.010 0.000000 9.99 0.259000  0.018 0.000  0.893 0.000  1.608 0.000  11.097 0.000   7.665 0.000   3.328 0.000 0.038 0.000  0.212 0.000
276.291667 277.291667   16.76 0.000  0.15 0.000 9.999 0.259000 9.99 0.259000  0.070 0.000  0.407 0.000  0.733 0.000   5.026 0.000   2.882 0.000   2.139 0.000 0.025 0.000  0.137 0.000
279.291667 280.291667   30.24 0.000  0.32 0.000 9.999 0.259000 9.99 0.259000  0.075 0.000  0.613 0.000  1.103 0.000  14.122 0.000  10.456 0.000   3.530 0.000 0.037 0.000  0.148 0.000
282.291667 283.291667    2.57 0.000  0.59 0.000 9.999 0.259000 9.99 0.259000  0.044 0.000  0.320 0.000  0.575 0.000   2.583 0.000   0.251 0.000   2.316 0.000 0.007 0.000  0.240 0.000
285.291667 286.291667   17.41 0.000  0.34 0.000 9.999 0.259000 9.99 0.259000  0.094 0.000  1.010 0.000  1.817 0.000   6.636 0.000   3.066 0.000   3.515 0.000 0.014 0.000  0.242 0.000
288.291667 289.291667   22.12 0.000  0.56 0.000 9.999 0.259000 9.99 0.259000  0.077 0.000  1.055 0.000  1.898 0.000  11.471 0.000   6.120 0.000   5.253 0.000 0.021 0.000  0.487 0.000
291.291667 292.291667   16.30 0.000  0.34 0.000 9.999 0.259000 9.99 0.259000  0.044 0.000  0.466 0.000  0.839 0.000   5.012 0.000   2.470 0.000   2.542 0.000 0.039 0.000  0.213 0.000
294.291667 295.291667   11.14 0.000  0.48 0.000 9.999 0.259000 9.99 0.259000  0.075 0.559  0.482 0.000  0.868 0.000   4.861 0.000   2.160 0.000   2.661 0.000 0.013 0.000  0.250 0.559
297.291667 298.291667   28.79 0.000  0.35 0.000 9.999 0.259000 9.99 0.259000  0.109 0.000  0.470 0.000  0.846 0.000   7.935 0.000   5.412 0.000   2.550 0.000 0.017 0.000  0.168 0.000
300.291667 301.291667   43.62 0.000  0.84 0.000 9.999 0.259000 0.13 0.000000  0.208 0.000  1.448 0.000  2.606 0.000  18.637 0.000  10.338 0.000   8.137 0.000 0.052 0.000  0.797 0.000
303.291667 304.291667   19.99 0.000  0.72 0.000 9.999 0.259000 9.99 0.259000  0.032 0.559  0.342 0.000  0.615 0.000   5.417 0.000   3.230 0.000   2.139 0.000 0.018 0.000  0.173 0.559
306.291667 307.291667   79.73 0.000  0.49 0.000 9.999 0.259000 0.12 0.000000  0.027 0.000  0.429 0.000  0.773 0.000  18.810 0.000  15.185 0.000   3.440 0.000 0.050 0.000  0.175 0.000
309.291667 310.291667   22.10 0.000  0.42 0.000 9.999 0.259000 9.99 0.259000  0.012 0.559  0.193 0.000  0.348 0.000   7.313 0.000   5.592 0.000   1.650 0.000 0.018 0.000  0.115 0.559
312.291667 313.291667   33.61 0.559  0.75 0.559 9.999 0.559259 9.99 0.559259  0.019 0.559  0.402 0.000  0.724 0.000   9.247 0.000   7.093 0.559   2.144 0.659 0.031 0.559  0.131 0.559
315.291667 316.291667   22.52 0.000  0.67 0.000 9.999 0.259000 9.99 0.259000  0.030 0.000  0.569 0.000  1.024 0.000   9.988 0.000   7.069 0.000   2.826 0.000 0.023 0.000  0.249 0.000
318.291667 319.291667    7.19 0.559  0.15 0.559 9.999 0.559259 9.99 0.559259  0.019 0.559  0.240 0.559  0.432 0.559   4.386 0.000   2.548 0.559   1.840 0.659 0.008 0.559  0.204 0.559
321.291667 322.291667   19.20 0.000  0.40 0.000 9.999 0.259000 9.99 0.259000  0.032 0.000  0.287 0.559  0.516 0.559   5.582 0.000   3.819 0.000   1.711 0.659 0.014 0.000  0.130 0.000
324.291667 325.291667   17.11 0.000  0.41 0.000 9.999 0.259000 9.99 0.259000  0.021 0.000  0.309 0.000  0.555 0.000   4.093 0.000   2.404 0.000   1.653 0.659 0.013 0.000  0.124 0.000
327.291667 328.291667   32.78 0.000  0.28 0.000 9.999 0.259000 9.99 0.259000  0.132 0.000  0.506 0.000  0.911 0.000   8.272 0.000   4.514 0.000   3.687 0.000 0.022 0.000  0.172 0.000
330.291667 331.291667   12.11 0.000  0.22 0.000 9.999 0.259000 9.99 0.259000  0.053 0.000  0.303 0.000  0.546 0.000   9.668 0.000   7.580 0.000   2.074 0.000 0.015 0.000  0.178 0.000
333.291667 334.291667   31.27 0.000  0.45 0.000 9.999 0.259000 0.47 0.000000  0.083 0.559  0.235 0.000  0.424 0.000  11.701 0.000   9.162 0.000   2.582 0.000 0.023 0.000  0.211 0.559
336.291667 337.291667   16.96 0.000  0.71 0.000 0.006 0.000000 0.21 0.000000  0.289 0.559  0.581 0.000  1.046 0.000   6.494 0.000   1.691 0.000   4.756 0.000 0.018 0.000  0.412 0.559
339.291667 340.291667   12.05 0.000  0.61 0.000 0.009 0.000000 0.21 0.000000  0.111 0.559  0.788 0.559  1.419 0.559  11.196 0.000   7.045 0.000   4.162 0.659 0.026 0.000  0.429 0.559
342.291667 343.291667   22.52 0.000  0.39 0.000 9.999 0.259000 0.54 0.000000  0.058 0.559  0.440 0.000  0.791 0.000   5.562 0.000   3.941 0.000   1.568 0.000 0.013 0.000  0.099 0.559
345.291667 346.291667   23.30 0.000  0.58 0.000 9.999 0.259000 0.14 0.000000  0.107 0.000  0.216 0.000  0.389 0.000   4.770 0.000   2.160 0.000   2.571 0.000 0.014 0.000  0.138 0.000
348.291667 349.291667   14.29 0.000  0.17 0.000 9.999 0.259000 0.28 0.000000  0.049 0.000  0.280 0.000  0.503 0.000   9.066 0.000   7.172 0.000   1.805 0.000 0.011 0.000  0.152 0.000
351.291667 352.291667   10.70 0.559  0.30 0.559 9.999 0.559259 9.99 0.559259  0.251 0.000  0.348 0.559  0.626 0.559   4.967 0.000   2.188 0.559   2.738 0.659 0.009 0.559  0.245 0.000
354.291667 355.291667   20.56 0.000  0.18 0.000 9.999 0.259000 9.99 0.259000  0.102 0.000  0.314 0.000  0.566 0.000   4.368 0.000   2.908 0.000   1.466 0.000 0.010 0.000  0.123 0.000
357.291667 358.291667   10.22 0.000 99.99 0.259 9.999 0.259000 9.99 0.259000  0.015 0.000  0.120 0.000  0.216 0.000   3.155 0.000   2.410 0.000   0.715 0.000 0.006 0.000  0.033 0.000
360.291667 361.291667    9.72 0.000  0.42 0.000 9.999 0.259000 9.99 0.259000  0.026 0.000  0.142 0.000  0.255 0.000   2.692 0.000   1.630 0.000   1.071 0.000 0.006 0.000  0.092 0.000
363.291667 364.291667   10.83 0.000 99.99 0.259 9.999 0.259000 0.34 0.000000  0.018 0.000  0.035 0.000  0.063 0.000   2.081 0.000   1.495 0.000   0.566 0.000 0.004 0.000  0.039 0.000
