scripts/IMPROVE-2019_partial/data/US0031R.20050101100000.20191216000000.filterpack..pm25.52w.1w.US03L_filterpack_US0031.US03L_IMPROVE_Davis.lev2.nas
66 1001
MISSING INFORMATION
US03L, IMPROVE, , , , , , , 
MISSING INFORMATION
IMPROVE sel_HTAP
1 1
2005 01 01 2019 12 16
3.000000
days from file reference point
27
1 1 1 1 1 1 1 1 1 1 1 1 1 1 1 1 1 1 1 1 1 1 1 1 1 1 1
999.999999 9999.99 9.999 99.99 9.999999 9.999 9.999999 9.99 9.999999 9.999 9.999 9.999 9.999 99.999 9.999 99.99 9.999999 999.999 9.999 99.999 9.999999 999.999 9.999 9.999 9.999 99.999 9.999
end_time of measurement, days from the file reference point
iron, ng/m3, Revision date=20181210133000
numflag iron, no unit, Revision date=20181210133000
lead, ng/m3, Revision date=20181210133000
numflag lead, no unit, Revision date=20181210133000
magnesium, ug/m3, Revision date=20181210133000
numflag magnesium, no unit, Revision date=20181210133000
nickel, ng/m3, Revision date=20181210133000
numflag nickel, no unit, Revision date=20181210133000
nitrate, ug N/m3, Revision date=20181210133000
numflag nitrate, no unit, Revision date=20181210133000
organic_carbon, ug C/m3, Revision date=20181210133000
numflag organic_carbon, no unit, Revision date=20181210133000
organic_mass, ug/m3, Revision date=20181210133000
numflag organic_mass, no unit, Revision date=20181210133000
phosphorus, ng/m3, Revision date=20181210133000
numflag phosphorus, no unit, Revision date=20181210133000
pm10_mass, ug/m3, Version=2, Version description=Data extracted from http://views.cira.colostate.edu/fed/DataWizard 2019-12-16, Sample duration=1d, Orig. time res.=3d, Matrix=pm10, Blank correction=Blank corrected, Volume std. temperature=ambient, Volume std. pressure=ambient
numflag pm10_mass, no unit, Version=2, Version description=Data extracted from http://views.cira.colostate.edu/fed/DataWizard 2019-12-16, Sample duration=1d, Orig. time res.=3d, Matrix=pm10, Blank correction=Blank corrected, Volume std. temperature=ambient, Volume std. pressure=ambient
pm10_pm25_mass, ug/m3, Revision date=20181210133000, Matrix=pm10_pm25
numflag pm10_pm25_mass, no unit, Revision date=20181210133000, Matrix=pm10_pm25
pm25_mass, ug/m3, Version=2, Version description=Data extracted from http://views.cira.colostate.edu/fed/DataWizard 2019-12-16, Sample duration=1d, Orig. time res.=3d, Blank correction=Blank corrected, Volume std. temperature=ambient, Volume std. pressure=ambient
numflag pm25_mass, no unit, Version=2, Version description=Data extracted from http://views.cira.colostate.edu/fed/DataWizard 2019-12-16, Sample duration=1d, Orig. time res.=3d, Blank correction=Blank corrected, Volume std. temperature=ambient, Volume std. pressure=ambient
potassium, ug/m3, Revision date=20181210133000
numflag potassium, no unit, Revision date=20181210133000
sulphate_total, ug S/m3, Revision date=20181210133000
numflag sulphate_total, no unit, Revision date=20181210133000
0
25
Data definition:              EBAS_1.1
Set type code:                TU
Timezone:                     UTC
File name:                    US0031R.20050101100000.20191216000000.filterpack..pm25.52w.1w.US03L_filterpack_US0031.US03L_IMPROVE_Davis.lev2.nas
File creation:                20191218115729
Startdate:                    20050101100000
Revision date:                20191216000000
Statistics:                   arithmetic mean
Data level:                   2
Period code:                  52w
Resolution code:              1w
Station code:                 US0031R
Platform code:                US0031S
Station name:                 Hawaii Volcanoes NP
Station latitude:             19.4309
Station longitude:            -155.2579
Station altitude:             1258.0 m
Regime:                       IMG
Component:                    
Matrix:                       pm25
Laboratory code:              US03L
Instrument type:              filterpack
Instrument name:              filterpack_US0031
Method ref:                   US03L_IMPROVE_Davis
starttime endtime Fe flag_Fe Pb flag_Pb Mg++ flag_Mg++ Ni flag_Ni NO3- flag_NO3- OC flag_OC OM flag_OM P flag_P PM10 flag_PM10 PM10-PM2.5 flag_PM10-PM2.5 PM2.5 flag_PM2.5 K+ flag_K+ SO4-- flag_SO4--
[from data line 80]
240.416667 241.416667 9999.99 0.456 99.99 0.456000 9.999 0.456000 9.99 0.456000 0.004 0.000 9.999 0.259 99.999 0.259 99.99 0.456000  26.168 0.000 99.999 0.456000 999.999 0.456 9.999 0.456  4.587 0.000
243.416667 244.416667    0.92 0.000  0.16 0.000000 9.999 0.259000 0.10 0.000000 0.009 0.000 0.005 0.000  0.010 0.000  1.74 0.000000   1.687 0.000  0.914 0.000000   0.772 0.000 0.005 0.000  0.077 0.000
246.416667 247.416667    0.70 0.000  0.24 0.000000 9.999 0.259000 0.09 0.000000 0.015 0.000 9.999 0.259 99.999 0.259 99.99 0.259000   2.908 0.000  1.750 0.000000   1.158 0.000 0.008 0.000  0.165 0.000
249.416667 250.416667    0.76 0.000  0.13 0.000000 0.009 0.000000 0.10 0.000000 0.010 0.000 0.057 0.000  0.103 0.000 99.99 0.259000   2.111 0.000  1.075 0.000000   1.036 0.000 0.007 0.000  0.100 0.000
252.416667 253.416667    1.99 0.000  0.25 0.000000 0.017 0.000000 0.06 0.000000 0.021 0.000 9.999 0.259 99.999 0.259 99.99 0.259000   3.468 0.000  1.494 0.000000   1.973 0.000 0.016 0.000  0.240 0.000
255.416667 256.416667    0.31 0.000  0.25 0.000000 9.999 0.259000 9.99 0.259000 0.003 0.000 9.999 0.259 99.999 0.259 99.99 0.259000   1.523 0.000  0.930 0.000000   0.606 0.000 0.006 0.000  0.037 0.000
258.416667 259.416667    2.25 0.000  0.27 0.000000 0.021 0.000000 9.99 0.259000 0.020 0.000 9.999 0.259 99.999 0.259 99.99 0.259000   2.354 0.000  1.060 0.000000   1.294 0.000 0.008 0.000  0.169 0.000
261.416667 262.416667    2.00 0.000  0.17 0.000000 9.999 0.259000 0.05 0.000000 0.006 0.000 9.999 0.259 99.999 0.259 99.99 0.259000   2.022 0.000  0.990 0.000000   1.031 0.000 0.007 0.000  0.139 0.000
264.416667 265.416667    1.92 0.000  0.68 0.000000 9.999 0.259000 9.99 0.259000 0.002 0.000 0.014 0.000  0.025 0.000 99.99 0.259000   4.516 0.000  1.347 0.000000   3.167 0.000 0.012 0.000  0.565 0.000
267.416667 268.416667    0.79 0.000  0.13 0.000000 9.999 0.259000 0.15 0.000000 0.008 0.000 9.999 0.259 99.999 0.259 99.99 0.259000   2.027 0.000  0.579 0.000000   1.448 0.000 0.005 0.000  0.242 0.000
270.416667 271.416667    0.91 0.000  0.17 0.000000 9.999 0.259000 9.99 0.259000 0.004 0.000 9.999 0.259 99.999 0.259 99.99 0.259000   1.112 0.000  0.646 0.000000   0.466 0.000 0.005 0.000  0.044 0.000
273.416667 274.416667    0.52 0.000  0.07 0.000000 9.999 0.259000 9.99 0.259000 0.002 0.000 9.999 0.259 99.999 0.259 99.99 0.259000   0.861 0.000  0.220 0.000000   0.641 0.000 0.005 0.000  0.058 0.000
276.416667 277.416667    1.27 0.000  0.11 0.000000 0.019 0.000000 9.99 0.259000 0.015 0.000 0.045 0.000  0.081 0.000 99.99 0.259000   2.632 0.000  1.219 0.000000   1.429 0.000 0.016 0.000  0.150 0.000
279.416667 280.416667    1.66 0.000  0.13 0.000000 0.013 0.000000 0.18 0.000000 0.014 0.000 9.999 0.259 99.999 0.259 99.99 0.259000   1.687 0.000  0.734 0.000000   0.953 0.000 0.007 0.000  0.119 0.000
282.416667 283.416667    1.62 0.000  0.09 0.000000 0.030 0.000000 0.24 0.000000 0.023 0.000 0.277 0.000  0.499 0.000 99.99 0.259000   3.188 0.000  1.921 0.000000   1.266 0.000 0.010 0.000  0.106 0.000
285.416667 286.416667    2.25 0.000  0.13 0.000000 0.011 0.000000 9.99 0.259000 0.017 0.000 9.999 0.259 99.999 0.259 99.99 0.259000   2.474 0.000  1.622 0.000000   0.852 0.000 0.008 0.000  0.094 0.000
288.416667 289.416667    0.90 0.000  0.50 0.000000 9.999 0.259000 9.99 0.259000 0.002 0.000 9.999 0.259 99.999 0.259 99.99 0.259000   1.441 0.000  0.390 0.000000   1.051 0.000 0.005 0.000  0.219 0.000
291.416667 292.416667    5.93 0.000  2.37 0.000000 0.089 0.000000 9.99 0.259000 0.003 0.000 0.285 0.000  0.513 0.000 99.99 0.259000  13.354 0.000  1.230 0.000000  12.117 0.000 0.029 0.000  2.300 0.000
294.416667 295.416667    0.52 0.000  0.10 0.000000 9.999 0.259000 9.99 0.259000 0.004 0.000 9.999 0.259 99.999 0.259 99.99 0.259000   1.402 0.000  0.851 0.000000   0.551 0.000 0.005 0.000  0.041 0.000
297.416667 298.416667   11.01 0.000  0.39 0.000000 0.015 0.000000 0.23 0.000000 0.019 0.000 9.999 0.259 99.999 0.259 99.99 0.259000   3.638 0.000  2.014 0.000000   1.628 0.000 0.016 0.000  0.199 0.000
300.416667 301.416667    1.16 0.000  0.07 0.000000 9.999 0.259000 9.99 0.259000 9.999 0.259 9.999 0.259 99.999 0.259 99.99 0.259000   0.456 0.000  0.333 0.000000   0.123 0.000 0.003 0.000  0.021 0.000
303.416667 304.416667    0.53 0.000  0.11 0.000000 0.003 0.000000 9.99 0.259000 9.999 0.259 9.999 0.259 99.999 0.259 99.99 0.259000   0.824 0.000  0.555 0.000000   0.268 0.000 0.004 0.000  0.031 0.000
306.416667 307.416667    1.63 0.000  0.17 0.000000 9.999 0.259000 9.99 0.259000 0.011 0.000 9.999 0.259 99.999 0.259 99.99 0.259000   2.403 0.000  1.356 0.000000   1.046 0.000 0.009 0.000  0.072 0.000
309.416667 310.416667    3.29 0.000  0.14 0.000000 0.021 0.000000 0.29 0.000000 0.022 0.000 9.999 0.259 99.999 0.259 99.99 0.259000   3.017 0.000  1.506 0.000000   1.510 0.000 0.012 0.000  0.193 0.000
312.416667 313.416667    1.01 0.000  0.17 0.000000 9.999 0.259000 0.14 0.000000 0.013 0.000 0.001 0.000  0.001 0.000 99.99 0.259000   2.724 0.000  1.194 0.000000   1.530 0.000 0.013 0.000  0.116 0.000
315.416667 316.416667    5.44 0.000  2.56 0.000000 0.014 0.000000 9.99 0.259000 0.004 0.000 0.087 0.000  0.156 0.000 99.99 0.259000   5.703 0.000  0.734 0.000000   4.966 0.000 0.014 0.000  0.927 0.000
318.416667 319.416667    1.08 0.000  0.14 0.000000 0.020 0.000000 0.34 0.000000 0.021 0.000 0.204 0.000  0.367 0.000 99.99 0.259000   2.512 0.000  1.317 0.000000   1.214 0.000 0.010 0.000  0.188 0.000
321.416667 322.416667    0.42 0.000  0.13 0.000000 0.021 0.000000 9.99 0.259000 0.009 0.000 0.207 0.000  0.373 0.000 99.99 0.259000   1.400 0.000  0.805 0.000000   0.595 0.000 0.006 0.000  0.052 0.000
324.416667 325.416667    2.60 0.699  1.44 0.699000 0.009 0.699000 0.14 0.699000 0.004 0.000 0.143 0.000  0.257 0.000 99.99 0.699259  12.102 0.000  0.242 0.699000  11.850 0.659 0.014 0.699  2.301 0.000
327.416667 328.416667    2.27 0.000  0.37 0.000000 9.999 0.259000 0.29 0.000000 0.016 0.000 0.115 0.000  0.206 0.000 99.99 0.259000   2.711 0.000  1.033 0.000000   1.676 0.000 0.009 0.000  0.329 0.000
330.416667 331.416667    4.17 0.000  0.67 0.000000 9.999 0.259000 0.20 0.000000 0.019 0.000 0.057 0.000  0.103 0.000 99.99 0.259000   7.069 0.000  1.438 0.000000   5.629 0.000 0.020 0.000  1.187 0.000
333.416667 334.416667    6.60 0.000  0.78 0.000000 9.999 0.259000 9.99 0.259000 0.010 0.000 0.258 0.000  0.464 0.000 99.99 0.259000  13.038 0.000  1.506 0.000000  11.523 0.000 0.017 0.000  1.973 0.000
336.416667 337.416667    2.34 0.000  0.53 0.000000 0.021 0.000000 9.99 0.259000 0.013 0.000 0.328 0.000  0.590 0.000 99.99 0.259000   5.473 0.000  2.019 0.000000   3.451 0.000 0.017 0.000  0.636 0.000
339.416667 340.416667    2.39 0.000  0.27 0.000000 0.014 0.000000 9.99 0.259000 0.028 0.000 0.171 0.000  0.308 0.000 99.99 0.259000   3.422 0.000  1.904 0.000000   1.522 0.000 0.011 0.000  0.155 0.000
342.416667 343.416667    1.31 0.000  0.11 0.000000 0.035 0.000000 0.24 0.000000 0.030 0.000 0.092 0.000  0.165 0.000 99.99 0.259000   4.989 0.000  2.460 0.000000   2.528 0.000 0.018 0.000  0.254 0.000
345.416667 346.416667    1.28 0.000  0.10 0.000000 0.013 0.000000 9.99 0.259000 0.029 0.000 0.069 0.000  0.125 0.000 99.99 0.259000   2.842 0.000  1.644 0.000000   1.198 0.000 0.009 0.000  0.116 0.000
348.416667 349.416667    9.57 0.000  0.19 0.000000 0.013 0.000000 9.99 0.259000 0.024 0.000 0.165 0.000  0.296 0.000 99.99 0.259000   5.516 0.000  3.251 0.000000   2.263 0.000 0.018 0.000  0.250 0.000
351.416667 352.416667   20.01 0.699  1.19 0.699000 0.030 0.699000 0.38 0.699000 0.021 0.000 0.235 0.000  0.424 0.000 99.99 0.699259  15.021 0.000  1.502 0.699000  13.502 0.659 0.026 0.699  2.306 0.000
354.416667 355.416667   11.54 0.000  2.61 0.000000 0.038 0.000000 0.10 0.000000 0.013 0.000 0.261 0.000  0.470 0.000 99.99 0.259000  11.296 0.000  1.844 0.000000   9.442 0.000 0.030 0.000  1.728 0.000
357.416667 358.416667    4.16 0.000  0.79 0.000000 0.085 0.000000 0.29 0.000000 0.058 0.000 0.276 0.000  0.497 0.000 99.99 0.259000   8.471 0.000  4.024 0.000000   4.445 0.000 0.033 0.000  0.279 0.000
360.416667 361.416667    7.49 0.000  0.47 0.000000 0.028 0.000000 0.17 0.000000 0.017 0.000 0.191 0.000  0.344 0.000 99.99 0.259000  10.817 0.000  2.275 0.000000   8.556 0.000 0.014 0.000  1.630 0.000
363.416667 364.416667    3.20 0.000  0.23 0.000000 9.999 0.259000 0.13 0.000000 0.016 0.000 0.172 0.000  0.309 0.000 99.99 0.259000   4.431 0.000  1.821 0.000000   2.608 0.000 0.008 0.000  0.533 0.000
