scripts/IMPROVE-2019_partial/data/US0095R.19890104070000.20191216000000.filterpack...1y.3d.US03L_filterpack_US0095.US03L_IMPROVE_Davis.lev2.nas
51 1001
MISSING INFORMATION
US03L, IMPROVE, , , , , , , 
MISSING INFORMATION
IMPROVE sel_HTAP
1 1
1989 01 01 2019 12 16
0
days from file reference point
4
1 1 1 1
999.999999 999.999 999.999 9.999
end_time of measurement, days from the file reference point
pm10_mass, ug/m3, Matrix=pm10
pm25_mass, ug/m3, Matrix=pm25
numflag, no unit
0
33
Data definition:              EBAS_1.1
Set type code:                TI
Timezone:                     UTC
File name:                    US0095R.19890104070000.20191216000000.filterpack...1y.3d.US03L_filterpack_US0095.US03L_IMPROVE_Davis.lev2.nas
File creation:                20191218120148
Startdate:                    19890104070000
Revision date:                20191216000000
Version:                      2
Version description:          "Data extracted from http://views.cira.colostate.edu/fed/DataWizard 2019-12-16"
Statistics:                   arithmetic mean
Data level:                   2
Period code:                  1y
Resolution code:              3d
Sample duration:              1d
Orig. time res.:              3d
Station code:                 US0095R
Platform code:                US0095S
Station name:                 Petrified Forest NP
Station latitude:             35.0777
Station longitude:            -109.7692
Station altitude:             1766.0 m
Regime:                       IMG
Component:                    
Unit:                         ug/m3
Matrix:                       
Laboratory code:              US03L
Instrument type:              filterpack
Instrument name:              filterpack_US0095
Method ref:                   US03L_IMPROVE_Davis
Blank correction:             Blank corrected
Volume std. temperature:      ambient
Volume std. pressure:         ambient
starttime endtime PM10 PM2.5 flag
  3.291667   4.291667   1.481   1.414 0.000
  6.291667   7.291667   1.791   1.640 0.000
 10.291667  11.291667   2.148   1.757 0.000
 13.291667  14.291667   5.719   3.569 0.000
 17.291667  18.291667   4.873   3.420 0.000
 20.291667  21.291667   6.655   4.142 0.000
 24.291667  25.291667 999.999   3.153 0.000
 27.291667  28.291667   5.393   4.416 0.000
 31.291667  32.291667   6.008   3.502 0.000
 34.291667  35.291667   9.712   1.761 0.000
 38.291667  39.291667   8.640   7.484 0.000
 41.291667  42.291667   6.304   4.660 0.000
 45.291667  46.291667   6.434   3.740 0.000
 48.291667  49.291667   5.556   3.797 0.000
 52.291667  53.291667   3.830   2.000 0.000
 55.291667  56.291667   3.711   2.117 0.000
 59.291667  60.291667   8.838   4.468 0.000
 62.291667  63.291667   8.339   3.432 0.000
 66.291667  67.291667   5.018   2.689 0.000
 69.291667  70.291667   5.914   2.749 0.000
 73.291667  74.291667   8.630   3.700 0.000
 76.291667  77.291667   6.367   2.747 0.000
 80.291667  81.291667  18.566   2.275 0.000
 83.291667  84.291667  13.156   3.293 0.000
 87.291667  88.291667   6.500   3.127 0.000
 90.291667  91.291667  13.618   4.661 0.000
 94.291667  95.291667   6.250   2.255 0.000
 97.291667  98.291667   9.775   2.979 0.000
101.291667 102.291667   9.685   4.613 0.000
104.291667 105.291667  11.972   6.096 0.000
108.291667 109.291667  10.105   4.701 0.000
111.291667 112.291667  14.965 999.999 0.000
115.291667 116.291667  12.669   3.573 0.000
118.291667 119.291667   7.399   3.496 0.000
122.291667 123.291667  11.958   5.089 0.000
125.291667 126.291667  11.303   5.179 0.000
129.291667 130.291667  24.660   6.433 0.000
132.291667 133.291667  13.693   6.114 0.000
136.291667 137.291667   5.582   4.176 0.000
139.291667 140.291667  15.189   7.207 0.000
143.291667 144.291667  13.950   6.073 0.000
146.291667 147.291667  14.236   5.105 0.000
150.291667 151.291667  12.619   6.111 0.000
153.291667 154.291667  12.061   5.548 0.000
157.291667 158.291667  19.130   6.498 0.000
160.291667 161.291667  15.692   6.225 0.000
164.291667 165.291667   8.077   4.150 0.000
167.291667 168.291667  16.794   7.374 0.000
171.291667 172.291667  24.475   9.435 0.000
174.291667 175.291667  20.279   7.279 0.000
178.291667 179.291667  12.992   9.205 0.000
181.291667 182.291667  17.381   6.711 0.000
185.291667 186.291667  17.068   6.758 0.000
188.291667 189.291667  25.154  13.937 0.000
192.291667 193.291667  11.621   7.255 0.000
195.291667 196.291667  13.557   6.933 0.000
199.291667 200.291667 999.999 999.999 0.999
202.291667 203.291667  13.947   6.224 0.000
206.291667 207.291667 999.999   4.034 0.000
209.291667 210.291667 999.999   4.181 0.000
213.291667 214.291667  10.000   4.415 0.000
216.291667 217.291667  10.730   3.880 0.000
220.291667 221.291667  13.983   7.585 0.000
223.291667 224.291667   7.639   4.456 0.000
227.291667 228.291667  10.468   4.475 0.000
230.291667 231.291667   4.918   4.381 0.000
234.291667 235.291667   4.109   3.344 0.000
237.291667 238.291667   5.020   3.688 0.000
241.291667 242.291667   6.939   4.849 0.000
244.291667 245.291667   7.774   4.491 0.000
248.291667 249.291667   7.509   4.383 0.000
251.291667 252.291667   7.927   3.252 0.000
255.291667 256.291667   5.092   2.599 0.000
258.291667 259.291667   7.912   4.098 0.000
262.291667 263.291667   8.007   2.904 0.000
265.291667 266.291667  10.399   5.539 0.000
269.291667 270.291667  10.000   5.888 0.000
272.291667 273.291667   8.577   4.427 0.000
276.291667 277.291667 999.999   3.277 0.000
279.291667 280.291667   6.081   4.618 0.000
283.291667 284.291667   6.327   5.584 0.000
286.291667 287.291667   9.593   5.781 0.000
290.291667 291.291667  10.884   2.963 0.000
293.291667 294.291667   6.870   4.325 0.000
297.291667 298.291667   7.969   3.514 0.000
300.291667 301.291667 999.999 999.999 0.999
304.291667 305.291667   6.543   3.981 0.000
307.291667 308.291667   7.424   4.545 0.000
311.291667 312.291667   5.271   3.091 0.000
314.291667 315.291667   6.328   3.028 0.000
318.291667 319.291667   7.200 999.999 0.000
321.291667 322.291667  11.786   4.025 0.000
325.291667 326.291667   9.124   4.725 0.000
328.291667 329.291667   7.925   4.569 0.000
332.291667 333.291667   8.780   3.035 0.000
335.291667 336.291667   7.509   4.409 0.000
339.291667 340.291667   6.008   4.020 0.000
342.291667 343.291667   4.064   2.419 0.000
346.291667 347.291667   4.758   2.596 0.000
349.291667 350.291667 999.999   2.660 0.000
353.291667 354.291667   7.946   6.516 0.000
356.291667 357.291667   5.285   1.772 0.000
360.291667 361.291667  11.111   4.365 0.000
363.291667 364.291667   7.539   3.683 0.000
