scripts/IMPROVE-2019_partial/data/US0067R.20090101060000.20191216000000.filterpack...52w.3d.US03L_filterpack_US0067.US03L_IMPROVE_Davis.lev2.nas
52 1001
MISSING INFORMATION
US03L, IMPROVE, , , , , , , 
MISSING INFORMATION
IMPROVE sel_HTAP
1 1
2009 01 01 2019 12 16
3.00
days from file reference point
5
1 1 1 1 1
999.99 999.999 9.999 999.999 9.999
end_time of measurement, days from the file reference point
pm10_mass, ug/m3, Matrix=pm10
numflag pm10_mass, no unit, Matrix=pm10
pm25_mass, ug/m3, Matrix=pm25
numflag pm25_mass, no unit, Matrix=pm25
0
33
Data definition:              EBAS_1.1
Set type code:                TU
Timezone:                     UTC
File name:                    US0067R.20090101060000.20191216000000.filterpack...52w.3d.US03L_filterpack_US0067.US03L_IMPROVE_Davis.lev2.nas
File creation:                20191218115949
Startdate:                    20090101060000
Revision date:                20191216000000
Version:                      2
Version description:          "Data extracted from http://views.cira.colostate.edu/fed/DataWizard 2019-12-16"
Statistics:                   arithmetic mean
Data level:                   2
Period code:                  52w
Resolution code:              3d
Sample duration:              1d
Orig. time res.:              3d
Station code:                 US0067R
Platform code:                US0067S
Station name:                 Ellis
Station latitude:             36.0853
Station longitude:            -99.9354
Station altitude:             697.0 m
Regime:                       IMG
Component:                    
Unit:                         ug/m3
Matrix:                       
Laboratory code:              US03L
Instrument type:              filterpack
Instrument name:              filterpack_US0067
Method ref:                   US03L_IMPROVE_Davis
Blank correction:             Blank corrected
Volume std. temperature:      ambient
Volume std. pressure:         ambient
starttime endtime PM10 flag_PM10 PM2.5 flag_PM2.5
  0.25   1.25   9.314 0.000   2.051 0.000
  3.25   4.25   4.483 0.000   2.106 0.000
  6.25   7.25   6.583 0.000   1.534 0.000
  9.25  10.25   5.789 0.000   2.839 0.000
 12.25  13.25  12.593 0.000   2.728 0.000
 15.25  16.25  19.701 0.000   6.294 0.000
 18.25  19.25  11.731 0.000   1.729 0.000
 21.25  22.25  15.862 0.000   3.151 0.000
 24.25  25.25  17.194 0.000   7.154 0.000
 27.25  28.25   9.585 0.000   7.648 0.000
 30.25  31.25   8.139 0.000   1.608 0.000
 33.25  34.25   9.170 0.000 999.999 0.456
 36.25  37.25  18.911 0.000   5.487 0.000
 39.25  40.25   6.011 0.000   1.223 0.000
 42.25  43.25   6.681 0.000   2.099 0.000
 45.25  46.25  14.073 0.000   8.457 0.000
 48.25  49.25   7.369 0.000   1.859 0.000
 51.25  52.25   8.692 0.000   1.701 0.000
 54.25  55.25  18.210 0.000   7.702 0.000
 57.25  58.25  10.750 0.000   3.653 0.000
 60.25  61.25 999.999 0.456 999.999 0.456
 63.25  64.25 999.999 0.456 999.999 0.456
 66.25  67.25 999.999 0.456 999.999 0.456
 69.25  70.25 999.999 0.999 999.999 0.999
 72.25  73.25 999.999 0.999 999.999 0.999
 75.25  76.25 999.999 0.999 999.999 0.999
 78.25  79.25  17.256 0.000  12.178 0.000
 81.25  82.25  25.771 0.000   5.913 0.000
 84.25  85.25  13.684 0.000   7.319 0.000
 87.25  88.25   6.242 0.000   2.859 0.000
 90.25  91.25   9.616 0.000   2.830 0.000
 93.25  94.25  20.905 0.000   5.585 0.000
 96.25  97.25   7.602 0.000   2.835 0.000
 99.25 100.25  11.940 0.000   5.677 0.000
102.25 103.25 999.999 0.999 999.999 0.999
105.25 106.25 999.999 0.999 999.999 0.999
108.25 109.25 999.999 0.999 999.999 0.999
111.25 112.25  11.057 0.000   4.471 0.000
114.25 115.25  19.517 0.000  10.150 0.000
117.25 118.25   5.285 0.000   3.052 0.000
120.25 121.25   9.193 0.000   5.123 0.000
123.25 124.25   7.708 0.000   6.126 0.000
126.25 127.25  14.973 0.000  10.051 0.000
129.25 130.25   7.343 0.000   4.088 0.000
132.25 133.25  19.792 0.000   7.518 0.000
135.25 136.25  10.766 0.000   2.805 0.000
138.25 139.25  11.793 0.000   5.858 0.000
141.25 142.25  15.550 0.000   9.044 0.000
144.25 145.25   7.486 0.000   3.760 0.000
147.25 148.25   8.332 0.000   3.576 0.000
150.25 151.25  12.724 0.000   5.788 0.000
153.25 154.25  11.209 0.000   3.975 0.000
156.25 157.25  15.837 0.000   5.484 0.000
159.25 160.25  13.419 0.000   5.136 0.000
162.25 163.25  12.838 0.000   6.857 0.000
165.25 166.25  14.617 0.000   6.451 0.000
168.25 169.25  15.037 0.000   5.815 0.000
171.25 172.25   8.412 0.000   4.994 0.000
174.25 175.25  14.474 0.000   5.351 0.000
177.25 178.25  22.748 0.000  11.138 0.000
180.25 181.25  17.111 0.000   6.542 0.000
183.25 184.25  15.919 0.000   7.454 0.000
186.25 187.25   6.926 0.000   3.817 0.000
189.25 190.25  22.832 0.000   9.683 0.000
192.25 193.25  14.260 0.000   5.582 0.000
195.25 196.25 999.999 0.999 999.999 0.999
198.25 199.25 999.999 0.999 999.999 0.999
201.25 202.25 999.999 0.999 999.999 0.999
204.25 205.25  10.905 0.000   5.647 0.000
207.25 208.25   7.160 0.000   3.925 0.000
210.25 211.25   7.131 0.000   3.223 0.000
213.25 214.25   9.917 0.000   5.335 0.000
216.25 217.25  27.301 0.000  11.074 0.000
219.25 220.25  16.542 0.000   5.600 0.000
222.25 223.25   8.291 0.000   3.718 0.000
225.25 226.25  18.479 0.000  10.196 0.000
228.25 229.25  14.543 0.000   6.889 0.000
231.25 232.25   8.685 0.000   3.864 0.000
234.25 235.25  12.779 0.000   5.916 0.000
237.25 238.25 999.999 0.999 999.999 0.999
240.25 241.25 999.999 0.999 999.999 0.999
243.25 244.25  18.338 0.000   7.879 0.000
246.25 247.25  19.407 0.000  11.666 0.000
249.25 250.25  15.681 0.000   9.827 0.000
252.25 253.25   9.905 0.000   4.881 0.000
255.25 256.25  19.093 0.000  15.245 0.000
258.25 259.25  21.916 0.000  14.272 0.000
261.25 262.25  18.018 0.000   8.669 0.000
264.25 265.25   5.421 0.000   1.880 0.000
267.25 268.25   5.062 0.000   3.206 0.000
270.25 271.25  13.003 0.000   3.143 0.000
273.25 274.25  31.022 0.000   4.146 0.000
276.25 277.25   8.604 0.000   3.849 0.000
279.25 280.25 999.999 0.999 999.999 0.999
282.25 283.25 999.999 0.999 999.999 0.999
285.25 286.25   1.359 0.000   0.416 0.000
288.25 289.25   5.070 0.000   3.881 0.000
291.25 292.25  14.493 0.000   4.920 0.000
294.25 295.25   2.276 0.000   0.626 0.000
297.25 298.25   4.413 0.000   2.543 0.000
300.25 301.25   7.692 0.000   3.538 0.000
303.25 304.25   2.004 0.000   0.357 0.000
306.25 307.25   7.062 0.000   2.585 0.000
309.25 310.25  12.586 0.000   3.974 0.000
312.25 313.25  10.772 0.000   6.311 0.000
315.25 316.25  12.831 0.000   6.441 0.000
318.25 319.25   6.309 0.000   4.149 0.000
321.25 322.25   6.818 0.000   2.410 0.000
324.25 325.25  14.749 0.000   7.701 0.000
327.25 328.25   8.170 0.000   0.790 0.000
330.25 331.25  12.562 0.000   2.381 0.000
333.25 334.25   6.731 0.000   1.729 0.000
336.25 337.25   6.805 0.000   2.073 0.000
339.25 340.25   8.924 0.000   7.006 0.000
342.25 343.25   6.245 0.000   3.264 0.000
345.25 346.25   7.116 0.000   3.847 0.000
348.25 349.25   9.409 0.000   4.966 0.000
351.25 352.25   6.753 0.000   1.703 0.000
354.25 355.25   9.909 0.000   2.221 0.000
357.25 358.25  21.249 0.000   3.526 0.000
360.25 361.25   6.310 0.000   1.539 0.000
363.25 364.25   9.386 0.000   6.181 0.000
