scripts/IMPROVE-2019_partial/data/US0027R.20060102070000.20191216000000.filterpack..pm25.52w.1w.US03L_filterpack_US0027.US03L_IMPROVE_Davis.lev2.nas
64 1001
MISSING INFORMATION
US03L, IMPROVE, , , , , , , 
MISSING INFORMATION
IMPROVE sel_HTAP
1 1
2006 01 01 2019 12 16
3.000000
days from file reference point
25
1 1 1 1 1 1 1 1 1 1 1 1 1 1 1 1 1 1 1 1 1 1 1 1 1
999.999999 9999.99 9.999 99.99 9.999 9.999 9.999999 99.99 9.999999 9.999 9.999999 99.999 9.999 99.999 9.999 999.999 9.999 999.999 9.999 999.999 9.999 9.999 9.999 9.999 9.999999
end_time of measurement, days from the file reference point
iron, ng/m3, Revision date=20181210133000
numflag iron, no unit, Revision date=20181210133000
lead, ng/m3, Revision date=20181210133000
numflag lead, no unit, Revision date=20181210133000
magnesium, ug/m3, Revision date=20181210133000
numflag magnesium, no unit, Revision date=20181210133000
nickel, ng/m3, Revision date=20181210133000
numflag nickel, no unit, Revision date=20181210133000
nitrate, ug N/m3, Revision date=20181210133000
numflag nitrate, no unit, Revision date=20181210133000
organic_carbon, ug C/m3, Revision date=20181210133000
numflag organic_carbon, no unit, Revision date=20181210133000
organic_mass, ug/m3, Revision date=20181210133000
numflag organic_mass, no unit, Revision date=20181210133000
pm10_mass, ug/m3, Version=2, Version description=Data extracted from http://views.cira.colostate.edu/fed/DataWizard 2019-12-16, Sample duration=1d, Orig. time res.=3d, Matrix=pm10, Blank correction=Blank corrected, Volume std. temperature=ambient, Volume std. pressure=ambient
numflag pm10_mass, no unit, Version=2, Version description=Data extracted from http://views.cira.colostate.edu/fed/DataWizard 2019-12-16, Sample duration=1d, Orig. time res.=3d, Matrix=pm10, Blank correction=Blank corrected, Volume std. temperature=ambient, Volume std. pressure=ambient
pm10_pm25_mass, ug/m3, Revision date=20181210133000, Matrix=pm10_pm25
numflag pm10_pm25_mass, no unit, Revision date=20181210133000, Matrix=pm10_pm25
pm25_mass, ug/m3, Version=2, Version description=Data extracted from http://views.cira.colostate.edu/fed/DataWizard 2019-12-16, Sample duration=1d, Orig. time res.=3d, Blank correction=Blank corrected, Volume std. temperature=ambient, Volume std. pressure=ambient
numflag pm25_mass, no unit, Version=2, Version description=Data extracted from http://views.cira.colostate.edu/fed/DataWizard 2019-12-16, Sample duration=1d, Orig. time res.=3d, Blank correction=Blank corrected, Volume std. temperature=ambient, Volume std. pressure=ambient
potassium, ug/m3, Revision date=20181210133000
numflag potassium, no unit, Revision date=20181210133000
sulphate_total, ug S/m3, Revision date=20181210133000
numflag sulphate_total, no unit, Revision date=20181210133000
0
25
Data definition:              EBAS_1.1
Set type code:                TU
Timezone:                     UTC
File name:                    US0027R.20060102070000.20191216000000.filterpack..pm25.52w.1w.US03L_filterpack_US0027.US03L_IMPROVE_Davis.lev2.nas
File creation:                20191218115717
Startdate:                    20060102070000
Revision date:                20191216000000
Statistics:                   arithmetic mean
Data level:                   2
Period code:                  52w
Resolution code:              1w
Station code:                 US0027R
Platform code:                US0027S
Station name:                 Great Sand Dunes NM
Station latitude:             37.7249
Station longitude:            -105.5185
Station altitude:             2498.0 m
Regime:                       IMG
Component:                    
Matrix:                       pm25
Laboratory code:              US03L
Instrument type:              filterpack
Instrument name:              filterpack_US0027
Method ref:                   US03L_IMPROVE_Davis
starttime endtime Fe flag_Fe Pb flag_Pb Mg++ flag_Mg++ Ni flag_Ni NO3- flag_NO3- OC flag_OC OM flag_OM PM10 flag_PM10 PM10-PM2.5 flag_PM10-PM2.5 PM2.5 flag_PM2.5 K+ flag_K+ SO4-- flag_SO4--
  1.291667   2.291667   11.72 0.000  0.11 0.000 9.999 0.259000 99.99 0.259000 0.008 0.000000  0.185 0.000  0.258 0.000   3.216 0.000   2.336 0.000   0.880 0.000 0.010 0.000 0.044 0.000000
  4.291667   5.291667   11.37 0.000  0.22 0.000 0.008 0.000000 99.99 0.259000 0.008 0.000000  0.248 0.000  0.347 0.000   1.416 0.000   0.639 0.000   0.777 0.000 0.009 0.000 0.047 0.000000
  7.291667   8.291667   44.94 0.000  0.47 0.000 0.022 0.000000 99.99 0.259000 0.038 0.000000  0.457 0.000  0.639 0.000   5.650 0.000   3.883 0.000   1.767 0.000 0.035 0.000 0.069 0.000000
 10.291667  11.291667  107.39 0.000  0.76 0.000 9.999 0.259000 99.99 0.259000 0.026 0.000000  0.352 0.000  0.493 0.000   6.628 0.000   3.375 0.000   3.253 0.000 0.072 0.000 0.075 0.000000
 13.291667  14.291667   79.67 0.000  0.53 0.000 0.034 0.000000 99.99 0.259000 0.024 0.000000  0.389 0.000  0.544 0.000   5.393 0.000   2.844 0.000   2.550 0.000 0.053 0.000 0.053 0.000000
 16.291667  17.291667   13.34 0.000  0.25 0.000 9.999 0.259000 99.99 0.259000 0.023 0.000000  0.836 0.000  1.171 0.000   1.995 0.000   1.236 0.000   0.758 0.000 0.014 0.000 0.048 0.000000
 19.291667  20.291667   17.44 0.000  0.18 0.000 0.012 0.000000  0.13 0.000000 0.016 0.000000  0.287 0.000  0.402 0.000   2.024 0.000   0.819 0.000   1.205 0.000 0.013 0.000 0.080 0.000000
 22.291667  23.291667    8.76 0.000  0.90 0.000 9.999 0.259000 99.99 0.259000 0.013 0.000000  0.285 0.000  0.399 0.000   1.938 0.000   0.964 0.000   0.974 0.000 0.009 0.000 0.087 0.000000
 25.291667  26.291667   26.69 0.000  0.71 0.000 9.999 0.259000 99.99 0.259000 0.036 0.000000  0.396 0.000  0.555 0.000   5.241 0.000   2.478 0.000   2.764 0.000 0.025 0.000 0.320 0.000000
 28.291667  29.291667   54.94 0.000  0.27 0.000 9.999 0.259000 99.99 0.259000 0.012 0.000000  0.183 0.000  0.256 0.000   4.386 0.000   2.369 0.000   2.016 0.000 0.040 0.000 0.059 0.000000
 31.291667  32.291667   18.30 0.000 99.99 0.259 9.999 0.259000 99.99 0.259000 0.011 0.000000  0.176 0.000  0.246 0.000   2.641 0.000   1.148 0.000   1.493 0.000 0.015 0.000 0.137 0.000000
 34.291667  35.291667   13.90 0.000  2.08 0.000 9.999 0.259000 99.99 0.259000 0.013 0.000000  0.393 0.000  0.550 0.000   2.979 0.000   0.796 0.000   2.183 0.000 0.021 0.000 0.269 0.000000
 37.291667  38.291667   12.99 0.000  0.35 0.000 9.999 0.259000 99.99 0.259000 0.013 0.000000  0.216 0.000  0.302 0.000   2.042 0.000   1.223 0.000   0.819 0.000 0.011 0.000 0.041 0.000000
 40.291667  41.291667   23.35 0.000  0.29 0.000 9.999 0.259000 99.99 0.259000 0.048 0.000000  0.268 0.000  0.375 0.000   4.560 0.000   3.006 0.000   1.554 0.000 0.019 0.000 0.128 0.000000
 43.291667  44.291667   33.00 0.000  0.36 0.000 9.999 0.259000 99.99 0.259000 0.019 0.000000  0.284 0.000  0.398 0.000   3.928 0.000   2.237 0.000   1.691 0.000 0.025 0.000 0.063 0.000000
 46.291667  47.291667  110.14 0.000  0.31 0.000 9.999 0.259000 99.99 0.259000 0.050 0.000000  0.436 0.000  0.610 0.000  12.035 0.000   8.016 0.000   4.019 0.000 0.080 0.000 0.129 0.000000
 49.291667  50.291667   28.71 0.000  0.66 0.000 0.014 0.000000  0.15 0.000000 0.075 0.000000  0.223 0.000  0.312 0.000   6.109 0.000   4.160 0.000   1.948 0.000 0.025 0.000 0.122 0.000000
 52.291667  53.291667   48.36 0.000  0.53 0.000 0.012 0.000000 99.99 0.259000 0.031 0.000000  0.232 0.000  0.325 0.000   4.460 0.000   2.094 0.000   2.366 0.000 0.036 0.000 0.123 0.000000
 55.291667  56.291667   14.16 0.000  0.73 0.000 9.999 0.259000 99.99 0.259000 0.017 0.000000  0.265 0.000  0.371 0.000   2.986 0.000   1.534 0.000   1.452 0.000 0.021 0.000 0.105 0.000000
 58.291667  59.291667   57.12 0.000  0.83 0.000 9.999 0.259000 99.99 0.259000 0.016 0.000000  0.345 0.000  0.483 0.000  16.009 0.000  13.570 0.000   2.438 0.000 0.037 0.000 0.119 0.000000
 61.291667  62.291667   90.41 0.000  0.67 0.000 9.999 0.259000 99.99 0.259000 0.042 0.000000  0.575 0.000  0.804 0.000  12.955 0.000   8.445 0.000   4.510 0.000 0.060 0.000 0.230 0.000000
 64.291667  65.291667   47.46 0.000  0.56 0.000 9.999 0.259000 99.99 0.259000 0.015 0.000000  0.332 0.000  0.464 0.000   6.370 0.000   4.311 0.000   2.058 0.000 0.029 0.000 0.072 0.000000
 67.291667  68.291667   40.82 0.000  0.38 0.000 9.999 0.259000 99.99 0.259000 0.032 0.000000  0.263 0.000  0.369 0.000   4.803 0.000   2.656 0.000   2.147 0.000 0.024 0.000 0.137 0.000000
 70.291667  71.291667   34.98 0.000 99.99 0.259 9.999 0.259000 99.99 0.259000 0.008 0.000000  0.207 0.000  0.289 0.000   4.951 0.000   3.664 0.000   1.287 0.000 0.021 0.000 0.031 0.000000
 73.291667  74.291667  218.80 0.000  0.81 0.000 9.999 0.259000 99.99 0.259000 0.061 0.000000 99.999 0.456 99.999 0.456 999.999 0.456 999.999 0.999   6.542 0.000 0.146 0.000 0.156 0.000000
 76.291667  77.291667   36.70 0.000  0.92 0.000 9.999 0.259000 99.99 0.259000 0.030 0.000000 99.999 0.456 99.999 0.456 999.999 0.456 999.999 0.999   2.143 0.000 0.028 0.000 0.165 0.000000
 79.291667  80.291667   30.09 0.000  0.34 0.000 9.999 0.259000 99.99 0.259000 0.048 0.000000 99.999 0.456 99.999 0.456 999.999 0.456 999.999 0.999   1.898 0.000 0.019 0.000 0.163 0.000000
 82.291667  83.291667   66.04 0.000  0.74 0.000 9.999 0.259000 99.99 0.259000 0.076 0.000000 99.999 0.456 99.999 0.456 999.999 0.456 999.999 0.999   3.050 0.000 0.039 0.000 0.201 0.000000
 85.291667  86.291667   44.37 0.000  0.55 0.000 0.031 0.000000 99.99 0.259000 0.029 0.000000 99.999 0.456 99.999 0.456 999.999 0.456 999.999 0.999   1.732 0.000 0.029 0.000 0.083 0.000000
 88.291667  89.291667   85.76 0.000  0.26 0.000 9.999 0.259000 99.99 0.259000 0.007 0.000000  0.205 0.000  0.287 0.000   5.181 0.000   2.503 0.000   2.677 0.000 0.063 0.000 0.025 0.000000
 91.291667  92.291667  159.05 0.000  0.57 0.000 9.999 0.259000 99.99 0.259000 0.032 0.000000  0.110 0.000  0.154 0.000   6.939 0.000   2.261 0.000   4.678 0.000 0.098 0.000 0.162 0.000000
 94.291667  95.291667   78.92 0.000  0.50 0.000 9.999 0.259000 99.99 0.259000 0.013 0.000000  0.489 0.000  0.685 0.000   8.422 0.000   5.676 0.000   2.746 0.000 0.054 0.000 0.146 0.000000
 97.291667  98.291667   52.91 0.000  0.45 0.000 9.999 0.259000 99.99 0.259000 0.023 0.000000  0.280 0.000  0.392 0.000   4.638 0.000   2.054 0.000   2.584 0.000 0.038 0.000 0.176 0.000000
100.291667 101.291667   62.26 0.000  0.83 0.000 0.030 0.000000 99.99 0.259000 0.038 0.000000  0.266 0.000  0.372 0.000   7.302 0.000   4.798 0.000   2.505 0.000 0.042 0.000 0.183 0.000000
103.291667 104.291667   62.09 0.000  0.86 0.000 0.021 0.000000 99.99 0.259000 0.021 0.000000  0.410 0.000  0.575 0.000   6.409 0.000   3.475 0.000   2.934 0.000 0.046 0.000 0.199 0.000000
106.291667 107.291667  306.62 0.000  1.21 0.000 0.155 0.000000 99.99 0.259000 0.041 0.000000  0.426 0.000  0.596 0.000  20.997 0.000  13.408 0.000   7.589 0.000 0.172 0.000 0.224 0.000000
109.291667 110.291667  187.09 0.000  0.40 0.000 0.136 0.000000  0.11 0.000000 0.055 0.000000  0.491 0.000  0.687 0.000  12.016 0.000   6.620 0.000   5.396 0.000 0.107 0.000 0.166 0.000000
112.291667 113.291667  109.08 0.000  0.62 0.000 0.063 0.000000 99.99 0.259000 0.036 0.000000  0.350 0.000  0.490 0.000   8.235 0.000   4.657 0.000   3.578 0.000 0.067 0.000 0.156 0.000000
115.291667 116.291667  106.77 0.000  1.16 0.000 0.043 0.000000  0.10 0.000000 0.066 0.000000  0.520 0.000  0.728 0.000   6.165 0.000   1.829 0.000   4.337 0.000 0.070 0.000 0.235 0.000000
118.291667 119.291667  115.60 0.000  1.77 0.000 9.999 0.259000 99.99 0.259000 0.103 0.000000  0.599 0.000  0.838 0.000   7.517 0.000   2.654 0.000   4.863 0.000 0.072 0.000 0.382 0.000000
121.291667 122.291667  260.72 0.000  0.90 0.000 9.999 0.259000 99.99 0.259000 0.045 0.000000  0.615 0.000  0.861 0.000  27.312 0.000  19.898 0.000   7.414 0.000 0.167 0.000 0.167 0.000000
124.291667 125.291667   91.35 0.000  0.60 0.000 0.019 0.000000 99.99 0.259000 0.062 0.000000  0.412 0.000  0.578 0.000   7.284 0.000   4.058 0.000   3.226 0.000 0.059 0.000 0.147 0.000000
127.291667 128.291667  162.84 0.000  1.16 0.000 9.999 0.259000 99.99 0.259000 0.044 0.000000  0.573 0.000  0.802 0.000  11.997 0.000   5.850 0.000   6.147 0.000 0.113 0.000 0.319 0.000000
130.291667 131.291667   82.28 0.000  0.98 0.000 9.999 0.259000 99.99 0.259000 0.045 0.000000  0.508 0.000  0.712 0.000   6.202 0.000   2.489 0.000   3.714 0.000 0.053 0.000 0.220 0.000000
133.291667 134.291667   89.50 0.000  0.97 0.000 9.999 0.259000 99.99 0.259000 0.053 0.559000  0.638 0.000  0.894 0.000   8.858 0.000   4.499 0.000   4.359 0.000 0.059 0.000 0.287 0.559000
136.291667 137.291667  108.89 0.394  0.68 0.394 9.999 0.394259 99.99 0.394259 0.030 0.559394  0.585 0.394  0.819 0.394 999.999 0.999 999.999 0.999   4.178 0.000 0.066 0.394 0.217 0.559394
139.291667 140.291667   58.83 0.000  0.48 0.000 9.999 0.259000 99.99 0.259000 0.020 0.559000  0.467 0.000  0.654 0.000 999.999 0.999 999.999 0.999   3.784 0.000 0.044 0.000 0.252 0.559000
142.291667 143.291667  186.04 0.000  0.37 0.000 9.999 0.259000 99.99 0.259000 0.054 0.000000  0.675 0.000  0.945 0.000 999.999 0.999 999.999 0.999   5.977 0.000 0.116 0.000 0.162 0.000000
145.291667 146.291667   97.06 0.000  0.36 0.000 0.014 0.000000 99.99 0.259000 0.040 0.000000  0.592 0.000  0.828 0.000 999.999 0.999 999.999 0.999   3.952 0.000 0.059 0.000 0.131 0.000000
148.291667 149.291667  136.81 0.000  0.63 0.000 9.999 0.259000 99.99 0.259000 0.051 0.559000  0.643 0.000  0.901 0.000 999.999 0.999 999.999 0.999   4.932 0.000 0.090 0.000 0.206 0.559000
151.291667 152.291667   87.58 0.000  0.82 0.000 0.032 0.000000  0.64 0.000000 0.073 0.000000  0.605 0.000  0.847 0.000  12.573 0.000   7.469 0.000   5.104 0.000 0.056 0.000 0.283 0.000000
154.291667 155.291667   56.71 0.000  0.56 0.000 0.020 0.000000  0.14 0.000000 0.035 0.000000  1.062 0.000  1.487 0.000   9.945 0.000   5.554 0.000   4.392 0.000 0.047 0.000 0.249 0.000000
157.291667 158.291667   82.71 0.000  0.55 0.000 9.999 0.259000 99.99 0.259000 0.016 0.000000  0.704 0.000  0.986 0.000  15.620 0.000  11.137 0.000   4.483 0.000 0.057 0.000 0.262 0.000000
160.291667 161.291667   41.12 0.000  0.65 0.000 0.020 0.000000 99.99 0.259000 0.025 0.000000  0.436 0.000  0.610 0.000   7.426 0.000   4.349 0.000   3.076 0.000 0.034 0.000 0.249 0.000000
163.291667 164.291667   49.43 0.000  0.52 0.000 9.999 0.259000  0.07 0.000000 0.019 0.000000  1.058 0.000  1.481 0.000  14.585 0.000  10.039 0.000   4.545 0.000 0.039 0.000 0.292 0.000000
166.291667 167.291667  108.82 0.000  0.83 0.000 0.034 0.000000 99.99 0.259000 0.018 0.000000  0.721 0.000  1.009 0.000  15.523 0.000  10.880 0.000   4.644 0.000 0.072 0.000 0.228 0.000000
169.291667 170.291667   48.22 0.000  0.82 0.000 9.999 0.259000 99.99 0.259000 0.026 0.000000  1.208 0.000  1.692 0.000  12.672 0.000   8.291 0.000   4.380 0.000 0.041 0.000 0.190 0.000000
172.291667 173.291667  185.57 0.000  0.61 0.000 9.999 0.259000 99.99 0.259000 0.071 0.000000  3.932 0.000  5.505 0.000  34.918 0.000  22.317 0.000  12.601 0.000 0.159 0.000 0.344 0.000000
175.291667 176.291667   48.33 0.000  0.62 0.000 0.012 0.000000 99.99 0.259000 0.059 0.000000  1.040 0.000  1.456 0.000  13.701 0.000   8.518 0.000   5.183 0.000 0.037 0.000 0.361 0.000000
178.291667 179.291667 9999.99 0.999 99.99 0.999 9.999 0.999000 99.99 0.999000 9.999 0.999000 99.999 0.999 99.999 0.999 999.999 0.999 999.999 0.999 999.999 0.999 9.999 0.999 9.999 0.999000
181.291667 182.291667   30.61 0.000  0.57 0.000 9.999 0.259000 99.99 0.259000 0.011 0.000000  0.924 0.000  1.664 0.000   7.577 0.000   3.264 0.000   4.313 0.000 0.030 0.000 0.277 0.000000
184.291667 185.291667   10.33 0.000  0.30 0.000 9.999 0.259000 99.99 0.259000 0.009 0.000000  0.744 0.000  1.338 0.000 999.999 0.456 999.999 0.999   2.590 0.000 0.017 0.000 0.193 0.000000
187.291667 188.291667   11.29 0.000  0.43 0.000 9.999 0.259000 99.99 0.259000 0.010 0.000000  0.751 0.000  1.351 0.000   3.863 0.000   1.591 0.000   2.272 0.000 0.014 0.000 0.143 0.000000
190.291667 191.291667    8.32 0.000  0.34 0.000 9.999 0.259000 99.99 0.259000 0.014 0.000000  0.808 0.000  1.454 0.000   3.259 0.000   1.228 0.000   2.030 0.000 0.008 0.000 0.109 0.000000
193.291667 194.291667   25.26 0.000  0.46 0.000 9.999 0.259000 99.99 0.259000 0.052 0.000000  1.933 0.000  3.479 0.000   8.460 0.000   3.077 0.000   5.383 0.000 0.099 0.000 0.184 0.000000
196.291667 197.291667   28.56 0.000  0.55 0.000 0.007 0.000000  0.08 0.000000 0.014 0.000000  1.173 0.000  2.111 0.000   7.088 0.000   2.995 0.000   4.092 0.000 0.040 0.000 0.210 0.000000
199.291667 200.291667   28.40 0.000  0.37 0.000 9.999 0.259000 99.99 0.259000 0.012 0.000000  0.675 0.000  1.215 0.000   5.555 0.000   2.534 0.000   3.021 0.000 0.025 0.000 0.193 0.000000
202.291667 203.291667 9999.99 0.999 99.99 0.999 9.999 0.999000 99.99 0.999000 9.999 0.999000 99.999 0.999 99.999 0.999 999.999 0.999 999.999 0.999 999.999 0.999 9.999 0.999 9.999 0.999000
205.291667 206.291667 9999.99 0.999 99.99 0.999 9.999 0.999000 99.99 0.999000 9.999 0.999000 99.999 0.999 99.999 0.999 999.999 0.999 999.999 0.999 999.999 0.999 9.999 0.999 9.999 0.999000
208.291667 209.291667   16.58 0.000  0.38 0.000 9.999 0.259000 99.99 0.259000 0.019 0.000000  0.992 0.000  1.786 0.000   5.298 0.000   1.792 0.000   3.507 0.000 0.033 0.000 0.162 0.000000
211.291667 212.291667   26.22 0.000  0.63 0.000 9.999 0.259000 99.99 0.259000 0.017 0.000000  1.456 0.000  2.620 0.000   9.070 0.000   3.397 0.000   5.673 0.000 0.073 0.000 0.292 0.000000
214.291667 215.291667   19.41 0.000  0.55 0.000 9.999 0.259000 99.99 0.259000 0.015 0.000000  0.695 0.000  1.251 0.000   6.497 0.000   3.222 0.000   3.275 0.000 0.025 0.000 0.265 0.000000
217.291667 218.291667    7.65 0.000  0.38 0.000 9.999 0.259000 99.99 0.259000 0.011 0.000000  0.568 0.000  1.022 0.000   2.917 0.000   0.976 0.000   1.942 0.000 0.012 0.000 0.126 0.000000
220.291667 221.291667   16.60 0.000  0.32 0.000 9.999 0.259000 99.99 0.259000 0.006 0.000000  0.595 0.000  1.071 0.000   4.286 0.000   2.499 0.000   1.787 0.000 0.018 0.000 0.086 0.000000
223.291667 224.291667   17.76 0.000  0.39 0.000 0.006 0.000000 99.99 0.259000 0.010 0.000000  0.537 0.000  0.967 0.000   4.967 0.000   2.576 0.000   2.391 0.000 0.016 0.000 0.159 0.000000
226.291667 227.291667   18.61 0.000  0.43 0.000 0.007 0.000000 99.99 0.259000 0.009 0.000000  0.536 0.000  0.965 0.000   5.200 0.000   2.663 0.000   2.537 0.000 0.018 0.000 0.188 0.000000
229.291667 230.291667   37.90 0.000  0.24 0.000 0.014 0.000000 99.99 0.259000 0.009 0.000000  0.564 0.000  1.016 0.000  10.749 0.000   8.027 0.000   2.722 0.000 0.026 0.000 0.154 0.000000
232.291667 233.291667   12.33 0.000  0.41 0.000 9.999 0.259000 99.99 0.259000 0.015 0.000000  0.800 0.000  1.440 0.000   5.283 0.000   1.803 0.000   3.480 0.000 0.028 0.000 0.299 0.000000
235.291667 236.291667   21.58 0.000  0.35 0.000 9.999 0.259000 99.99 0.259000 0.007 0.000000  0.847 0.000  1.525 0.000   5.950 0.000   3.008 0.000   2.942 0.000 0.020 0.000 0.164 0.000000
238.291667 239.291667   12.46 0.000  0.48 0.000 9.999 0.259000 99.99 0.259000 0.011 0.000000  0.734 0.000  1.321 0.000   3.891 0.000   1.636 0.000   2.255 0.000 0.017 0.000 0.131 0.000000
241.291667 242.291667   46.21 0.000  0.33 0.000 9.999 0.259000  1.29 0.000000 0.015 0.000000  0.827 0.000  1.489 0.000  17.711 0.000  13.349 0.000   4.362 0.000 0.038 0.000 0.240 0.000000
244.291667 245.291667   19.78 0.000  0.32 0.000 9.999 0.259000 99.99 0.259000 0.016 0.000000  0.502 0.000  0.904 0.000   6.521 0.000   4.116 0.000   2.405 0.000 0.017 0.000 0.197 0.000000
247.291667 248.291667   25.79 0.000  0.44 0.000 9.999 0.259000 99.99 0.259000 0.011 0.000000  0.971 0.000  1.748 0.000   6.689 0.000   3.053 0.000   3.637 0.000 0.028 0.000 0.185 0.000000
250.291667 251.291667   10.77 0.000  0.09 0.000 9.999 0.259000 99.99 0.259000 0.015 0.000000  1.309 0.000  2.356 0.000   4.633 0.000   0.895 0.000   3.738 0.000 0.038 0.000 0.168 0.000000
253.291667 254.291667   10.79 0.000  0.42 0.000 0.007 0.000000 99.99 0.259000 0.010 0.000000  1.450 0.000  2.610 0.000   5.767 0.000   1.068 0.000   4.698 0.000 0.037 0.000 0.195 0.000000
