scripts/IMPROVE-2019_partial/data/US0094R.20120101070000.20191216000000.filterpack...52w.3d.US03L_filterpack_US0094.US03L_IMPROVE_Davis.lev2.nas
52 1001
MISSING INFORMATION
US03L, IMPROVE, , , , , , , 
MISSING INFORMATION
IMPROVE sel_HTAP
1 1
2012 01 01 2019 12 16
3.000000
days from file reference point
5
1 1 1 1 1
999.999999 999.999 9.999 999.999 9.999
end_time of measurement, days from the file reference point
pm10_mass, ug/m3, Matrix=pm10
numflag pm10_mass, no unit, Matrix=pm10
pm25_mass, ug/m3, Matrix=pm25
numflag pm25_mass, no unit, Matrix=pm25
0
33
Data definition:              EBAS_1.1
Set type code:                TU
Timezone:                     UTC
File name:                    US0094R.20120101070000.20191216000000.filterpack...52w.3d.US03L_filterpack_US0094.US03L_IMPROVE_Davis.lev2.nas
File creation:                20191218120145
Startdate:                    20120101070000
Revision date:                20191216000000
Version:                      2
Version description:          "Data extracted from http://views.cira.colostate.edu/fed/DataWizard 2019-12-16"
Statistics:                   arithmetic mean
Data level:                   2
Period code:                  52w
Resolution code:              3d
Sample duration:              1d
Orig. time res.:              3d
Station code:                 US0094R
Platform code:                US0094S
Station name:                 Meadview
Station latitude:             36.0193
Station longitude:            -114.0684
Station altitude:             902.0 m
Regime:                       IMG
Component:                    
Unit:                         ug/m3
Matrix:                       
Laboratory code:              US03L
Instrument type:              filterpack
Instrument name:              filterpack_US0094
Method ref:                   US03L_IMPROVE_Davis
Blank correction:             Blank corrected
Volume std. temperature:      ambient
Volume std. pressure:         ambient
starttime endtime PM10 flag_PM10 PM2.5 flag_PM2.5
  0.291667   1.291667  12.226 0.000   2.753 0.000
  3.291667   4.291667   6.905 0.000   2.464 0.000
  6.291667   7.291667   3.762 0.000   1.309 0.000
  9.291667  10.291667   4.024 0.000   1.273 0.000
 12.291667  13.291667   3.372 0.000   1.365 0.000
 15.291667  16.291667   5.382 0.000   2.085 0.000
 18.291667  19.291667 999.999 0.999 999.999 0.999
 21.291667  22.291667 999.999 0.999 999.999 0.999
 24.291667  25.291667 999.999 0.999 999.999 0.999
 27.291667  28.291667 999.999 0.999 999.999 0.999
 30.291667  31.291667   4.995 0.659 999.999 0.456
 33.291667  34.291667   3.541 0.000   1.933 0.000
 36.291667  37.291667   4.358 0.000   2.415 0.000
 39.291667  40.291667   4.192 0.000   2.085 0.000
 42.291667  43.291667   8.869 0.000   2.665 0.000
 45.291667  46.291667   3.642 0.000   1.580 0.000
 48.291667  49.291667   3.171 0.000   1.650 0.000
 51.291667  52.291667   2.928 0.000   1.003 0.000
 54.291667  55.291667  10.133 0.000   2.514 0.000
 57.291667  58.291667  17.713 0.000   4.990 0.000
 60.291667  61.291667   9.472 0.000   2.289 0.000
 63.291667  64.291667   5.202 0.000   1.691 0.000
 66.291667  67.291667  10.988 0.000   2.589 0.000
 69.291667  70.291667  10.402 0.000   3.798 0.000
 72.291667  73.291667   8.841 0.000   3.710 0.000
 75.291667  76.291667   8.710 0.000   3.415 0.000
 78.291667  79.291667   4.135 0.000   1.446 0.000
 81.291667  82.291667 999.999 0.999 999.999 0.999
 84.291667  85.291667  13.908 0.000   3.703 0.000
 87.291667  88.291667 999.999 0.999 999.999 0.999
 90.291667  91.291667 999.999 0.999 999.999 0.999
 93.291667  94.291667 999.999 0.999 999.999 0.999
 96.291667  97.291667  13.357 0.000   5.161 0.000
 99.291667 100.291667  11.633 0.000   5.878 0.000
102.291667 103.291667  11.931 0.000   3.877 0.000
105.291667 106.291667   5.808 0.000   2.281 0.000
108.291667 109.291667   8.225 0.000   3.995 0.000
111.291667 112.291667   5.444 0.000   1.821 0.000
114.291667 115.291667  17.340 0.000   6.639 0.000
117.291667 118.291667  23.369 0.000  10.038 0.000
120.291667 121.291667  12.106 0.000   5.554 0.000
123.291667 124.291667  15.982 0.000   7.444 0.000
126.291667 127.291667  13.475 0.000   5.120 0.000
129.291667 130.291667  15.536 0.000   6.479 0.000
132.291667 133.291667  19.405 0.000   7.312 0.000
135.291667 136.291667  21.880 0.000   7.676 0.000
138.291667 139.291667  28.511 0.000   8.986 0.000
141.291667 142.291667  13.956 0.000   4.760 0.000
144.291667 145.291667  20.576 0.000   8.812 0.000
147.291667 148.291667  12.393 0.000   3.083 0.000
150.291667 151.291667  11.862 0.000   5.257 0.000
153.291667 154.291667  18.758 0.000   7.478 0.000
156.291667 157.291667  20.792 0.000   5.681 0.000
159.291667 160.291667  17.225 0.000   5.928 0.000
162.291667 163.291667   7.730 0.000   2.520 0.000
165.291667 166.291667  15.821 0.000   5.237 0.000
168.291667 169.291667  17.814 0.000   5.527 0.000
171.291667 172.291667  14.926 0.000   5.232 0.000
174.291667 175.291667  15.004 0.000   4.786 0.000
177.291667 178.291667   9.144 0.000   3.575 0.000
180.291667 181.291667  14.864 0.000   5.021 0.000
183.291667 184.291667   9.640 0.000   4.418 0.000
186.291667 187.291667   9.280 0.000   4.524 0.000
189.291667 190.291667   7.900 0.000   3.761 0.000
192.291667 193.291667 999.999 0.456   6.012 0.000
195.291667 196.291667   6.908 0.000   3.179 0.000
198.291667 199.291667  14.080 0.000   5.125 0.000
201.291667 202.291667   9.378 0.000   3.598 0.000
204.291667 205.291667  12.793 0.000   3.055 0.000
207.291667 208.291667   9.650 0.000   3.771 0.000
210.291667 211.291667  11.560 0.000   3.432 0.000
213.291667 214.291667   6.729 0.000   4.041 0.000
216.291667 217.291667   6.563 0.000   2.894 0.000
219.291667 220.291667  14.778 0.000   4.125 0.000
222.291667 223.291667 999.999 0.999 999.999 0.999
225.291667 226.291667 999.999 0.999 999.999 0.999
228.291667 229.291667  28.018 0.000   9.700 0.000
231.291667 232.291667  10.926 0.000   3.685 0.000
234.291667 235.291667   3.285 0.000   2.052 0.000
237.291667 238.291667   9.016 0.000   4.111 0.000
240.291667 241.291667  13.062 0.000   3.497 0.000
243.291667 244.291667 999.999 0.999 999.999 0.999
246.291667 247.291667 999.999 0.999 999.999 0.999
249.291667 250.291667  15.802 0.000   6.945 0.000
252.291667 253.291667  15.079 0.000   4.711 0.000
255.291667 256.291667   3.580 0.000   1.979 0.000
258.291667 259.291667   7.485 0.000   3.696 0.000
261.291667 262.291667  10.625 0.000   5.361 0.000
264.291667 265.291667   9.837 0.000   4.242 0.000
267.291667 268.291667  16.693 0.000   5.389 0.000
270.291667 271.291667   5.214 0.000   3.333 0.000
273.291667 274.291667   7.025 0.000   4.253 0.000
276.291667 277.291667  11.130 0.000   4.379 0.000
279.291667 280.291667  18.424 0.000   5.123 0.000
282.291667 283.291667  11.009 0.000   3.291 0.000
285.291667 286.291667 999.999 0.999 999.999 0.999
288.291667 289.291667 999.999 0.999 999.999 0.999
291.291667 292.291667   3.613 0.000   1.837 0.000
294.291667 295.291667  11.281 0.000   3.180 0.000
297.291667 298.291667   6.695 0.000   2.877 0.000
300.291667 301.291667   3.211 0.000   1.268 0.000
303.291667 304.291667   6.524 0.000   2.015 0.000
306.291667 307.291667  10.737 0.000   3.715 0.000
309.291667 310.291667   5.805 0.000   1.638 0.000
312.291667 313.291667  11.665 0.000   3.311 0.000
315.291667 316.291667   4.048 0.000   1.823 0.000
318.291667 319.291667   6.600 0.000   2.529 0.000
321.291667 322.291667   4.160 0.000   1.233 0.000
324.291667 325.291667   5.443 0.000   1.629 0.000
327.291667 328.291667   6.182 0.000   1.951 0.000
330.291667 331.291667   6.814 0.000   2.265 0.000
333.291667 334.291667  10.184 0.000   3.589 0.000
336.291667 337.291667   5.591 0.000   1.025 0.000
339.291667 340.291667   5.575 0.000   1.774 0.000
342.291667 343.291667   4.328 0.000   1.455 0.000
345.291667 346.291667   3.596 0.000   0.992 0.000
348.291667 349.291667   1.543 0.000   0.861 0.000
351.291667 352.291667 999.999 0.999 999.999 0.999
354.291667 355.291667   1.770 0.000   0.999 0.000
357.291667 358.291667   2.951 0.000   1.275 0.000
360.291667 361.291667 999.999 0.456 999.999 0.456
363.291667 364.291667 999.999 0.456 999.999 0.456
