scripts/IMPROVE-2019_partial/data/US0096R.20060102070000.20191216000000.filterpack..pm25.52w.1w.US03L_filterpack_US0096.US03L_IMPROVE_Davis.lev2.nas
64 1001
MISSING INFORMATION
US03L, IMPROVE, , , , , , , 
MISSING INFORMATION
IMPROVE sel_HTAP
1 1
2006 01 01 2019 12 16
3.000000
days from file reference point
25
1 1 1 1 1 1 1 1 1 1 1 1 1 1 1 1 1 1 1 1 1 1 1 1 1
999.999999 9999.99 9.999 999.99 9.999 9.999 9.999 9.99 9.999 9.999 9.999 99.999 9.999 99.999 9.999 999.999 9.999 999.999 9.999 999.999 9.999 9.999 9.999 9.999 9.999
end_time of measurement, days from the file reference point
iron, ng/m3, Revision date=20181210133000
numflag iron, no unit, Revision date=20181210133000
lead, ng/m3, Revision date=20181210133000
numflag lead, no unit, Revision date=20181210133000
magnesium, ug/m3, Revision date=20181210133000
numflag magnesium, no unit, Revision date=20181210133000
nickel, ng/m3, Revision date=20181210133000
numflag nickel, no unit, Revision date=20181210133000
nitrate, ug N/m3, Revision date=20181210133000
numflag nitrate, no unit, Revision date=20181210133000
organic_carbon, ug C/m3, Revision date=20181210133000
numflag organic_carbon, no unit, Revision date=20181210133000
organic_mass, ug/m3, Revision date=20181210133000
numflag organic_mass, no unit, Revision date=20181210133000
pm10_mass, ug/m3, Version=2, Version description=Data extracted from http://views.cira.colostate.edu/fed/DataWizard 2019-12-16, Sample duration=1d, Orig. time res.=3d, Matrix=pm10, Blank correction=Blank corrected, Volume std. temperature=ambient, Volume std. pressure=ambient
numflag pm10_mass, no unit, Version=2, Version description=Data extracted from http://views.cira.colostate.edu/fed/DataWizard 2019-12-16, Sample duration=1d, Orig. time res.=3d, Matrix=pm10, Blank correction=Blank corrected, Volume std. temperature=ambient, Volume std. pressure=ambient
pm10_pm25_mass, ug/m3, Revision date=20181210133000, Matrix=pm10_pm25
numflag pm10_pm25_mass, no unit, Revision date=20181210133000, Matrix=pm10_pm25
pm25_mass, ug/m3, Version=2, Version description=Data extracted from http://views.cira.colostate.edu/fed/DataWizard 2019-12-16, Sample duration=1d, Orig. time res.=3d, Blank correction=Blank corrected, Volume std. temperature=ambient, Volume std. pressure=ambient
numflag pm25_mass, no unit, Version=2, Version description=Data extracted from http://views.cira.colostate.edu/fed/DataWizard 2019-12-16, Sample duration=1d, Orig. time res.=3d, Blank correction=Blank corrected, Volume std. temperature=ambient, Volume std. pressure=ambient
potassium, ug/m3, Revision date=20181210133000
numflag potassium, no unit, Revision date=20181210133000
sulphate_total, ug S/m3, Revision date=20181210133000
numflag sulphate_total, no unit, Revision date=20181210133000
0
25
Data definition:              EBAS_1.1
Set type code:                TU
Timezone:                     UTC
File name:                    US0096R.20060102070000.20191216000000.filterpack..pm25.52w.1w.US03L_filterpack_US0096.US03L_IMPROVE_Davis.lev2.nas
File creation:                20191218120155
Startdate:                    20060102070000
Revision date:                20191216000000
Statistics:                   arithmetic mean
Data level:                   2
Period code:                  52w
Resolution code:              1w
Station code:                 US0096R
Platform code:                US0096S
Station name:                 Queen Valley
Station latitude:             33.2939
Station longitude:            -111.2858
Station altitude:             661.0 m
Regime:                       IMG
Component:                    
Matrix:                       pm25
Laboratory code:              US03L
Instrument type:              filterpack
Instrument name:              filterpack_US0096
Method ref:                   US03L_IMPROVE_Davis
starttime endtime Fe flag_Fe Pb flag_Pb Mg++ flag_Mg++ Ni flag_Ni NO3- flag_NO3- OC flag_OC OM flag_OM PM10 flag_PM10 PM10-PM2.5 flag_PM10-PM2.5 PM2.5 flag_PM2.5 K+ flag_K+ SO4-- flag_SO4--
  1.291667   2.291667   79.86 0.000   2.31 0.000 0.039 0.000 0.21 0.000 0.043 0.000  0.381 0.000  0.533 0.000  14.910 0.000  11.830 0.000   3.080 0.000 0.071 0.000 0.146 0.000
  4.291667   5.291667  116.22 0.000   5.66 0.000 0.051 0.000 9.99 0.259 0.015 0.559  0.261 0.000  0.366 0.000  13.963 0.000  10.660 0.000   3.302 0.000 0.069 0.000 0.079 0.559
  7.291667   8.291667  153.07 0.000   2.49 0.000 9.999 0.259 0.07 0.000 0.146 0.000  0.754 0.000  1.055 0.000  24.072 0.000  18.698 0.000   5.374 0.000 0.132 0.000 0.168 0.000
 10.291667  11.291667  267.57 0.000   5.42 0.000 0.128 0.000 9.99 0.259 0.052 0.559  0.636 0.000  0.890 0.000  20.590 0.000  13.433 0.000   7.157 0.000 0.172 0.000 0.114 0.559
 13.291667  14.291667  237.08 0.000   3.69 0.000 0.103 0.000 0.15 0.000 0.101 0.559  0.757 0.000  1.060 0.000  28.775 0.000  21.682 0.000   7.093 0.000 0.175 0.000 0.185 0.559
 16.291667  17.291667   79.68 0.000   1.58 0.000 0.029 0.000 9.99 0.259 0.095 0.559  0.439 0.559  0.615 0.559  13.139 0.000  10.738 0.000   2.401 0.000 0.042 0.000 0.048 0.559
 19.291667  20.291667   85.15 0.000   0.99 0.000 0.037 0.000 9.99 0.259 0.022 0.559  0.208 0.000  0.291 0.000  11.069 0.000   8.743 0.000   2.325 0.000 0.053 0.000 0.040 0.559
 22.291667  23.291667   69.54 0.000   6.40 0.000 9.999 0.259 9.99 0.259 0.040 0.559  0.486 0.000  0.681 0.000  18.789 0.000  15.397 0.000   3.393 0.000 0.054 0.000 0.213 0.559
 25.291667  26.291667  134.59 0.000   2.13 0.000 0.049 0.000 0.16 0.000 0.130 0.559  0.561 0.559  0.786 0.559  21.515 0.000  16.076 0.000   5.439 0.000 0.095 0.000 0.255 0.559
 28.291667  29.291667   80.79 0.000   3.03 0.000 0.029 0.000 9.99 0.259 0.385 0.000  0.694 0.559  0.971 0.559  15.615 0.000  11.597 0.000   4.018 0.000 0.059 0.000 0.152 0.000
 31.291667  32.291667 9999.99 0.999 999.99 0.999 9.999 0.999 9.99 0.999 9.999 0.999 99.999 0.999 99.999 0.999 999.999 0.999 999.999 0.999 999.999 0.999 9.999 0.999 9.999 0.999
 34.291667  35.291667  108.99 0.000   6.02 0.000 9.999 0.259 9.99 0.259 0.030 0.559  0.475 0.000  0.665 0.000  14.088 0.000  10.076 0.000   4.012 0.000 0.073 0.000 0.256 0.559
 37.291667  38.291667   56.68 0.000   3.82 0.000 9.999 0.259 9.99 0.259 0.012 0.559  0.178 0.000  0.249 0.000   8.373 0.000   6.623 0.000   1.750 0.000 0.039 0.000 0.069 0.559
 40.291667  41.291667  120.86 0.000   2.98 0.000 0.017 0.000 0.11 0.000 0.475 0.559  0.944 0.000  1.322 0.000  23.339 0.000  16.216 0.000   7.123 0.000 0.088 0.000 0.330 0.559
 43.291667  44.291667  102.00 0.000   7.74 0.000 9.999 0.259 9.99 0.259 0.090 0.559  0.798 0.000  1.117 0.000  15.888 0.000  11.468 0.000   4.420 0.000 0.062 0.000 0.188 0.559
 46.291667  47.291667  241.05 0.000   1.23 0.000 0.095 0.000 0.25 0.000 0.257 0.000  0.843 0.000  1.180 0.000  40.866 0.000  30.621 0.000  10.245 0.000 0.153 0.000 0.322 0.000
 49.291667  50.291667   54.81 0.000   1.58 0.000 9.999 0.259 9.99 0.259 0.078 0.000  0.661 0.000  0.925 0.000  12.531 0.000   9.523 0.000   3.008 0.000 0.054 0.000 0.113 0.000
 52.291667  53.291667  161.31 0.000   2.02 0.000 0.034 0.000 9.99 0.259 0.283 0.000  0.684 0.000  0.958 0.000  18.117 0.000  12.662 0.000   5.455 0.000 0.091 0.000 0.128 0.000
 55.291667  56.291667  127.86 0.000   4.54 0.000 9.999 0.259 9.99 0.259 0.164 0.000  0.573 0.000  0.803 0.000  20.843 0.000  15.645 0.000   5.198 0.000 0.085 0.000 0.276 0.000
 58.291667  59.291667  126.16 0.000   4.72 0.000 0.017 0.000 0.13 0.000 0.095 0.559  0.780 0.000  1.093 0.000  17.647 0.000  12.024 0.000   5.623 0.000 0.104 0.000 0.274 0.559
 61.291667  62.291667  165.94 0.000   4.16 0.000 9.999 0.259 9.99 0.259 0.047 0.559  0.349 0.000  0.489 0.000  21.142 0.000  16.217 0.000   4.925 0.000 0.104 0.000 0.128 0.559
 64.291667  65.291667  172.10 0.000   4.83 0.000 9.999 0.259 0.25 0.000 0.144 0.000  0.575 0.000  0.804 0.000  23.126 0.000  17.332 0.000   5.794 0.000 0.101 0.000 0.283 0.000
 67.291667  68.291667  102.81 0.000   1.66 0.000 0.026 0.000 9.99 0.259 0.074 0.559  0.348 0.000  0.487 0.000  18.232 0.000  14.851 0.000   3.381 0.000 0.062 0.000 0.092 0.559
 70.291667  71.291667    6.18 0.000   0.53 0.000 9.999 0.259 9.99 0.259 0.059 0.000  0.386 0.559  0.541 0.559   2.747 0.000   1.540 0.000   1.207 0.000 0.009 0.000 0.081 0.000
 73.291667  74.291667   64.78 0.000   4.81 0.000 9.999 0.259 9.99 0.259 0.413 0.559  0.689 0.000  0.964 0.000   9.173 0.000   5.019 0.000   4.154 0.000 0.043 0.000 0.280 0.559
 76.291667  77.291667   62.98 0.000   3.32 0.000 0.030 0.000 0.18 0.000 0.069 0.000  0.546 0.000  0.765 0.000  13.591 0.000   7.036 0.000   6.555 0.000 0.050 0.000 0.225 0.000
 79.291667  80.291667   35.35 0.000   3.88 0.000 9.999 0.259 9.99 0.259 0.126 0.000  0.347 0.559  0.486 0.559   6.787 0.000   3.390 0.000   3.396 0.000 0.029 0.000 0.296 0.000
 82.291667  83.291667   64.69 0.000   1.29 0.000 0.012 0.000 9.99 0.259 0.035 0.000  0.610 0.559  0.854 0.559  12.343 0.000   7.846 0.000   4.497 0.000 0.049 0.000 0.451 0.000
 85.291667  86.291667   57.97 0.000   1.21 0.000 0.015 0.000 0.18 0.000 0.054 0.000  0.457 0.000  0.640 0.000   7.871 0.000   4.689 0.000   3.182 0.000 0.048 0.000 0.226 0.000
 88.291667  89.291667   57.62 0.000   0.90 0.000 0.022 0.000 0.16 0.000 0.118 0.000  0.508 0.000  0.711 0.000  11.319 0.000   8.131 0.000   3.188 0.000 0.042 0.000 0.210 0.000
 91.291667  92.291667   65.10 0.000   3.63 0.000 0.025 0.000 9.99 0.259 0.036 0.000  0.501 0.000  0.701 0.000   9.855 0.000   5.287 0.000   4.568 0.000 0.058 0.000 0.553 0.000
 94.291667  95.291667  134.05 0.000   0.93 0.000 0.070 0.000 9.99 0.259 0.032 0.000  0.332 0.000  0.464 0.000  25.102 0.000  21.227 0.000   3.874 0.000 0.080 0.000 0.106 0.000
 97.291667  98.291667   77.46 0.000   4.86 0.000 0.036 0.000 9.99 0.259 0.035 0.000  0.384 0.000  0.538 0.000  12.996 0.000   9.167 0.000   3.829 0.000 0.049 0.000 0.319 0.000
100.291667 101.291667   72.12 0.000   0.83 0.000 0.040 0.000 9.99 0.259 0.039 0.000  0.280 0.000  0.392 0.000  11.750 0.000   8.842 0.000   2.908 0.000 0.049 0.000 0.176 0.000
103.291667 104.291667  395.16 0.000   2.06 0.000 0.259 0.000 9.99 0.259 0.032 0.000  0.757 0.000  1.060 0.000  71.324 0.000  59.800 0.000  11.525 0.000 0.254 0.000 0.268 0.000
106.291667 107.291667  207.92 0.000   1.52 0.000 0.135 0.000 9.99 0.259 0.050 0.000  0.505 0.000  0.708 0.000  22.299 0.000  16.437 0.000   5.862 0.000 0.119 0.000 0.208 0.000
109.291667 110.291667  198.16 0.000   2.48 0.000 0.097 0.000 0.12 0.000 0.044 0.559  0.657 0.000  0.919 0.000  21.490 0.000  15.817 0.000   5.673 0.000 0.119 0.000 0.193 0.559
112.291667 113.291667  294.41 0.000   2.21 0.000 0.165 0.000 0.14 0.000 0.092 0.559  0.410 0.000  0.575 0.000  20.230 0.000  12.342 0.000   7.888 0.000 0.173 0.000 0.344 0.559
115.291667 116.291667  271.13 0.000   3.00 0.000 0.119 0.000 0.17 0.000 0.103 0.559  0.600 0.000  0.840 0.000  28.125 0.000  19.329 0.000   8.796 0.000 0.211 0.000 0.522 0.559
118.291667 119.291667  144.15 0.000   2.37 0.000 0.062 0.000 9.99 0.259 0.077 0.000  0.760 0.000  1.065 0.000  17.365 0.000  11.432 0.000   5.933 0.000 0.097 0.000 0.342 0.000
121.291667 122.291667  102.59 0.000   1.43 0.000 0.013 0.000 0.16 0.000 0.037 0.000  0.592 0.000  0.829 0.000  13.074 0.000   9.143 0.000   3.931 0.000 0.059 0.000 0.204 0.000
124.291667 125.291667  154.55 0.000   1.36 0.000 9.999 0.259 0.17 0.000 0.100 0.559  0.467 0.000  0.654 0.000  18.071 0.000  11.779 0.000   6.292 0.000 0.096 0.000 0.382 0.559
127.291667 128.291667  178.50 0.000   2.10 0.000 0.013 0.000 0.27 0.000 0.123 0.559  0.764 0.000  1.070 0.000  20.778 0.000  12.329 0.000   8.448 0.000 0.115 0.000 0.560 0.559
130.291667 131.291667  346.68 0.000   2.99 0.000 0.068 0.000 9.99 0.259 0.099 0.559  0.940 0.000  1.317 0.000  24.576 0.000  11.742 0.000  12.835 0.000 0.185 0.000 0.515 0.559
133.291667 134.291667  195.49 0.000   1.49 0.000 0.040 0.000 0.25 0.000 0.066 0.000  0.775 0.559  1.086 0.559  17.018 0.000   8.706 0.000   8.312 0.000 0.120 0.000 0.432 0.000
136.291667 137.291667  126.60 0.000   3.80 0.000 9.999 0.259 9.99 0.259 0.027 0.000  0.763 0.000  1.068 0.000  14.262 0.000   8.447 0.000   5.815 0.000 0.083 0.000 0.347 0.000
139.291667 140.291667   79.46 0.000   0.77 0.000 9.999 0.259 0.25 0.000 0.050 0.559  0.804 0.000  1.125 0.000  14.438 0.000   8.977 0.000   5.460 0.000 0.068 0.000 0.430 0.559
142.291667 143.291667  129.13 0.000   0.95 0.000 0.035 0.000 9.99 0.259 0.075 0.000  1.000 0.000  1.400 0.000  24.455 0.000  18.690 0.000   5.765 0.000 0.068 0.000 0.170 0.000
145.291667 146.291667  112.26 0.000   0.77 0.000 9.999 0.259 0.14 0.000 0.046 0.000  0.607 0.000  0.850 0.000  18.247 0.000  13.168 0.000   5.079 0.000 0.075 0.000 0.209 0.000
148.291667 149.291667  139.18 0.000   1.52 0.000 0.019 0.000 9.99 0.259 0.074 0.000  0.895 0.000  1.253 0.000  18.626 0.000  11.839 0.000   6.787 0.000 0.119 0.000 0.318 0.000
151.291667 152.291667  143.60 0.000   3.73 0.000 0.060 0.000 0.14 0.000 0.038 0.559  0.911 0.000  1.275 0.000  20.554 0.000  14.280 0.000   6.275 0.000 0.101 0.000 0.322 0.559
154.291667 155.291667  155.88 0.000   1.83 0.000 0.071 0.000 0.23 0.000 0.061 0.559  1.517 0.000  2.124 0.000  27.588 0.000  18.673 0.000   8.915 0.000 0.146 0.000 0.546 0.559
157.291667 158.291667  112.80 0.000   1.57 0.000 0.049 0.000 9.99 0.259 0.029 0.559  0.532 0.000  0.745 0.000  20.473 0.000  15.948 0.000   4.525 0.000 0.085 0.000 0.216 0.559
160.291667 161.291667   64.10 0.000   0.58 0.000 0.031 0.000 0.24 0.000 0.026 0.559  0.411 0.000  0.576 0.000  11.478 0.000   7.904 0.000   3.574 0.000 0.053 0.000 0.296 0.559
163.291667 164.291667   58.44 0.000   1.05 0.000 0.031 0.000 9.99 0.259 0.029 0.000  0.859 0.000  1.202 0.000  12.302 0.000   6.606 0.000   5.697 0.000 0.063 0.000 0.576 0.000
166.291667 167.291667  120.20 0.000   1.06 0.000 0.049 0.000 0.18 0.000 0.063 0.559  0.930 0.000  1.301 0.000  20.576 0.000  14.528 0.000   6.048 0.000 0.146 0.000 0.309 0.559
169.291667 170.291667  100.12 0.000   1.15 0.000 0.058 0.000 0.46 0.000 0.109 0.000  0.710 0.000  0.994 0.000  23.228 0.000  15.559 0.000   7.669 0.000 0.128 0.000 0.697 0.000
172.291667 173.291667  148.46 0.000   1.69 0.000 0.069 0.000 0.38 0.000 0.103 0.559  0.804 0.000  1.126 0.000  32.844 0.000  25.210 0.000   7.634 0.000 0.137 0.000 0.527 0.559
175.291667 176.291667   74.94 0.000   4.25 0.000 0.031 0.000 9.99 0.259 0.033 0.559  1.066 0.000  1.493 0.000  25.944 0.000  19.050 0.000   6.895 0.000 0.072 0.000 0.388 0.559
178.291667 179.291667  237.67 0.000   5.64 0.000 0.129 0.000 0.32 0.000 0.035 0.559  1.038 0.000  1.454 0.000  26.783 0.000  17.664 0.000   9.119 0.000 0.164 0.000 0.468 0.559
181.291667 182.291667  108.58 0.000   0.94 0.000 0.033 0.000 0.17 0.000 0.031 0.559  1.568 0.000  2.822 0.000  19.035 0.000  11.639 0.000   7.395 0.000 0.116 0.000 0.379 0.559
184.291667 185.291667  118.14 0.000   0.99 0.000 0.028 0.000 0.39 0.000 0.148 0.559  0.892 0.000  1.606 0.000  27.715 0.000  20.091 0.000   7.625 0.000 0.166 0.000 0.656 0.559
187.291667 188.291667   25.73 0.000   1.95 0.000 9.999 0.259 9.99 0.259 0.012 0.559  0.445 0.000  0.801 0.000   4.279 0.000   1.918 0.000   2.361 0.000 0.020 0.000 0.164 0.559
190.291667 191.291667   71.54 0.000   0.99 0.000 0.015 0.000 0.36 0.000 0.065 0.559  0.701 0.000  1.262 0.000  17.328 0.000  12.227 0.000   5.100 0.000 0.084 0.000 0.394 0.559
193.291667 194.291667  110.55 0.000   1.10 0.000 0.039 0.000 0.32 0.000 0.081 0.000  0.459 0.000  0.825 0.000  20.117 0.000  13.504 0.000   6.613 0.000 0.095 0.000 0.599 0.000
196.291667 197.291667  409.68 0.000   1.62 0.000 0.187 0.000 0.17 0.000 0.075 0.000  0.948 0.000  1.706 0.000  57.996 0.000  45.255 0.000  12.741 0.000 0.297 0.000 0.374 0.000
199.291667 200.291667   88.58 0.000   5.41 0.000 9.999 0.259 9.99 0.259 0.025 0.559  0.325 0.000  0.585 0.000   9.427 0.000   5.852 0.000   3.574 0.000 0.057 0.000 0.240 0.559
202.291667 203.291667   41.39 0.000   6.22 0.000 0.009 0.000 9.99 0.259 0.025 0.000  0.939 0.000  1.689 0.000  15.060 0.000   8.958 0.000   6.103 0.000 0.042 0.000 0.664 0.000
205.291667 206.291667  316.73 0.000   2.88 0.000 0.075 0.000 0.61 0.000 0.146 0.000  1.065 0.000  1.916 0.000  60.614 0.000  48.321 0.000  12.293 0.000 0.233 0.000 0.800 0.000
208.291667 209.291667   56.57 0.000   0.75 0.000 9.999 0.259 0.38 0.000 0.078 0.559  0.471 0.000  0.849 0.000  12.315 0.000   7.766 0.000   4.549 0.000 0.052 0.000 0.437 0.559
211.291667 212.291667   30.41 0.000   0.85 0.000 9.999 0.259 0.35 0.000 0.046 0.000  0.280 0.000  0.504 0.000   8.735 0.000   5.154 0.000   3.581 0.000 0.033 0.000 0.459 0.000
214.291667 215.291667   57.11 0.000   1.28 0.000 9.999 0.259 0.37 0.000 0.051 0.559  0.304 0.000  0.547 0.000  14.610 0.000  10.631 0.000   3.979 0.000 0.042 0.000 0.453 0.559
217.291667 218.291667   32.44 0.000   1.23 0.000 9.999 0.259 0.11 0.000 0.041 0.559  0.377 0.000  0.679 0.000   9.909 0.000   6.945 0.000   2.964 0.000 0.026 0.000 0.308 0.559
220.291667 221.291667   59.97 0.000   3.74 0.000 0.005 0.000 9.99 0.259 0.073 0.559  0.413 0.000  0.744 0.000  10.201 0.000   6.379 0.000   3.822 0.000 0.037 0.000 0.354 0.559
223.291667 224.291667   19.72 0.000   1.36 0.000 9.999 0.259 0.22 0.000 0.057 0.559 99.999 0.999 99.999 0.999   6.537 0.000   4.237 0.000   2.301 0.000 0.020 0.000 0.271 0.559
226.291667 227.291667   20.53 0.000   4.17 0.000 9.999 0.259 0.18 0.000 0.026 0.559  0.511 0.000  0.920 0.000   8.649 0.000   5.568 0.000   3.082 0.000 0.021 0.000 0.334 0.559
229.291667 230.291667   41.99 0.000   2.45 0.000 9.999 0.259 0.18 0.000 0.045 0.559  0.378 0.000  0.681 0.000  12.834 0.000   9.660 0.000   3.173 0.000 0.030 0.000 0.297 0.559
232.291667 233.291667   24.41 0.000   7.08 0.000 9.999 0.259 0.08 0.000 0.014 0.559 99.999 0.999 99.999 0.999   7.484 0.000   3.960 0.000   3.524 0.000 0.018 0.000 0.438 0.559
235.291667 236.291667   43.52 0.000   3.32 0.000 9.999 0.259 9.99 0.259 0.024 0.559  0.571 0.000  1.027 0.000   9.352 0.000   5.248 0.000   4.104 0.000 0.028 0.000 0.437 0.559
238.291667 239.291667   37.84 0.000   1.53 0.000 9.999 0.259 0.20 0.000 0.056 0.559 99.999 0.999 99.999 0.999  11.309 0.000   7.064 0.000   4.245 0.000 0.029 0.000 0.532 0.559
241.291667 242.291667   74.35 0.000   2.04 0.000 9.999 0.259 9.99 0.259 0.018 0.559  0.420 0.000  0.755 0.000  20.203 0.000  16.004 0.000   4.199 0.000 0.051 0.000 0.358 0.559
244.291667 245.291667   28.06 0.000   2.77 0.000 9.999 0.259 9.99 0.259 0.011 0.559 99.999 0.999 99.999 0.999   6.965 0.000   3.876 0.000   3.089 0.000 0.018 0.000 0.277 0.559
247.291667 248.291667    9.66 0.000   1.47 0.000 9.999 0.259 9.99 0.259 0.004 0.559  0.174 0.000  0.314 0.000   4.146 0.000   2.328 0.000   1.818 0.000 0.007 0.000 0.229 0.559
250.291667 251.291667   14.90 0.000   2.08 0.000 0.006 0.000 9.99 0.259 0.017 0.559  0.525 0.559  0.946 0.559   7.196 0.000   3.987 0.000   3.208 0.000 0.017 0.000 0.345 0.559
253.291667 254.291667   18.17 0.000   1.96 0.000 0.008 0.000 9.99 0.259 0.030 0.559 99.999 0.999 99.999 0.999   7.297 0.000   3.583 0.000   3.714 0.000 0.024 0.000 0.422 0.559
256.291667 257.291667   46.67 0.000   1.60 0.000 0.017 0.000 0.24 0.000 0.028 0.000  0.427 0.000  0.768 0.000  12.328 0.000   8.523 0.000   3.805 0.000 0.046 0.000 0.377 0.000
259.291667 260.291667   57.77 0.000   1.02 0.000 9.999 0.259 0.09 0.000 0.078 0.000 99.999 0.999 99.999 0.999  15.724 0.000  11.353 0.000   4.371 0.000 0.048 0.000 0.263 0.000
262.291667 263.291667   89.49 0.000   0.98 0.000 0.029 0.000 0.22 0.000 0.048 0.559  0.564 0.000  1.016 0.000  24.243 0.000  19.861 0.000   4.382 0.000 0.066 0.000 0.259 0.559
265.291667 266.291667   55.29 0.000   0.78 0.000 0.048 0.000 0.26 0.000 0.183 0.000  2.047 0.000  3.684 0.000  23.027 0.000  14.609 0.000   8.417 0.000 0.091 0.000 0.346 0.000
268.291667 269.291667   35.56 0.000   2.11 0.000 9.999 0.259 0.11 0.000 0.018 0.559  0.724 0.000  1.303 0.000  14.723 0.000  10.767 0.000   3.956 0.000 0.030 0.000 0.335 0.559
