scripts/IMPROVE-2019_partial/data/US0035R.20030103060000.20191216000000.filterpack...1y.3d.US03L_filterpack_US0035.US03L_IMPROVE_Davis.lev2.nas
52 1001
MISSING INFORMATION
US03L, IMPROVE, , , , , , , 
MISSING INFORMATION
IMPROVE sel_HTAP
1 1
2003 01 01 2019 12 16
3.00
days from file reference point
5
1 1 1 1 1
999.99 999.999 9.999 999.999 9.999
end_time of measurement, days from the file reference point
pm10_mass, ug/m3, Matrix=pm10
numflag pm10_mass, no unit, Matrix=pm10
pm25_mass, ug/m3, Matrix=pm25
numflag pm25_mass, no unit, Matrix=pm25
0
33
Data definition:              EBAS_1.1
Set type code:                TU
Timezone:                     UTC
File name:                    US0035R.20030103060000.20191216000000.filterpack...1y.3d.US03L_filterpack_US0035.US03L_IMPROVE_Davis.lev2.nas
File creation:                20191218115741
Startdate:                    20030103060000
Revision date:                20191216000000
Version:                      2
Version description:          "Data extracted from http://views.cira.colostate.edu/fed/DataWizard 2019-12-16"
Statistics:                   arithmetic mean
Data level:                   2
Period code:                  1y
Resolution code:              3d
Sample duration:              1d
Orig. time res.:              3d
Station code:                 US0035R
Platform code:                US0035S
Station name:                 Bondville
Station latitude:             40.05
Station longitude:            -88.36667
Station altitude:             213.0 m
Regime:                       IMG
Component:                    
Unit:                         ug/m3
Matrix:                       
Laboratory code:              US03L
Instrument type:              filterpack
Instrument name:              filterpack_US0035
Method ref:                   US03L_IMPROVE_Davis
Blank correction:             Blank corrected
Volume std. temperature:      ambient
Volume std. pressure:         ambient
starttime endtime PM10 flag_PM10 PM2.5 flag_PM2.5
  2.25   3.25  13.384 0.000  10.621 0.000
  5.25   6.25  15.614 0.000  13.072 0.000
  8.25   9.25   9.481 0.000   2.285 0.000
 11.25  12.25  10.311 0.000   4.707 0.000
 14.25  15.25  13.847 0.000   5.201 0.000
 17.25  18.25  15.921 0.000   8.673 0.000
 20.25  21.25  11.015 0.000   5.337 0.000
 23.25  24.25  14.355 0.000   6.570 0.000
 26.25  27.25  16.345 0.000   9.240 0.000
 29.25  30.25  15.018 0.000  13.130 0.000
 32.25  33.25  22.005 0.000  20.062 0.000
 35.25  36.25  10.606 0.000   7.907 0.000
 38.25  39.25  13.220 0.000   9.728 0.000
 41.25  42.25  10.822 0.000   5.892 0.000
 44.25  45.25  12.843 0.000  10.711 0.000
 47.25  48.25  14.268 0.000  10.402 0.000
 50.25  51.25   9.315 0.000   7.907 0.000
 53.25  54.25   5.480 0.000   4.366 0.000
 56.25  57.25  23.443 0.000  18.233 0.000
 59.25  60.25  27.192 0.000  25.325 0.000
 62.25  63.25  20.506 0.000  18.276 0.000
 65.25  66.25  21.544 0.000  19.068 0.000
 68.25  69.25  12.079 0.000   5.019 0.000
 71.25  72.25  25.853 0.000  23.877 0.000
 74.25  75.25  22.990 0.000  20.060 0.000
 77.25  78.25  23.258 0.000  17.826 0.000
 80.25  81.25   8.905 0.000   6.580 0.000
 83.25  84.25   7.678 0.000   3.708 0.000
 86.25  87.25  10.930 0.000   7.318 0.000
 89.25  90.25  13.603 0.000   7.434 0.000
 92.25  93.25  25.794 0.000   8.827 0.000
 95.25  96.25  12.927 0.000  10.112 0.000
 98.25  99.25  13.641 0.000   9.461 0.000
101.25 102.25  13.641 0.000   6.731 0.000
104.25 105.25  40.898 0.000   9.713 0.000
107.25 108.25  33.558 0.000  22.247 0.000
110.25 111.25   6.986 0.000   3.889 0.000
113.25 114.25  21.080 0.000 999.999 0.999
116.25 117.25  24.162 0.000 999.999 0.999
119.25 120.25  27.203 0.000 999.999 0.999
122.25 123.25  15.360 0.000 999.999 0.999
125.25 126.25   9.825 0.000   4.124 0.000
128.25 129.25  42.207 0.000  22.599 0.559
131.25 132.25  12.091 0.000   4.568 0.000
134.25 135.25  18.436 0.000  13.090 0.000
137.25 138.25  22.239 0.000  16.700 0.559
140.25 141.25  10.747 0.000 999.999 0.999
143.25 144.25  20.544 0.000   7.051 0.000
146.25 147.25  20.705 0.000   6.964 0.000
149.25 150.25  22.271 0.000   9.822 0.000
152.25 153.25  14.957 0.000   9.301 0.000
155.25 156.25  18.477 0.000  12.200 0.000
158.25 159.25  12.245 0.000   5.599 0.000
161.25 162.25  12.214 0.000   6.663 0.000
164.25 165.25  19.929 0.000  15.083 0.000
167.25 168.25  23.353 0.000  14.459 0.000
170.25 171.25  13.021 0.000   4.105 0.000
173.25 174.25  25.174 0.000  23.916 0.000
176.25 177.25   8.218 0.000   3.643 0.000
179.25 180.25  14.798 0.000   9.447 0.000
182.25 183.25  28.646 0.000  25.218 0.000
185.25 186.25  24.491 0.000  20.553 0.000
188.25 189.25  18.561 0.000   9.041 0.000
191.25 192.25   8.783 0.000   4.192 0.000
194.25 195.25  17.647 0.000  20.048 0.000
197.25 198.25  16.354 0.000  17.968 0.000
200.25 201.25  21.409 0.000  18.665 0.000
203.25 204.25  10.376 0.000   6.757 0.000
206.25 207.25  22.436 0.000  17.862 0.000
209.25 210.25  16.333 0.000  13.108 0.000
212.25 213.25  28.107 0.000  24.368 0.000
215.25 216.25   9.436 0.000   6.104 0.000
218.25 219.25  21.078 0.000  15.508 0.000
221.25 222.25  13.644 0.000  11.024 0.000
224.25 225.25  40.228 0.000  34.190 0.000
227.25 228.25  26.340 0.000  22.390 0.000
230.25 231.25  23.173 0.000  21.840 0.000
233.25 234.25  32.434 0.000  17.503 0.000
236.25 237.25  36.349 0.000  27.998 0.000
239.25 240.25  23.504 0.000  14.325 0.000
242.25 243.25   8.783 0.000   6.076 0.000
245.25 246.25  13.235 0.000   8.179 0.000
248.25 249.25  13.848 0.000  12.253 0.000
251.25 252.25  35.613 0.000  26.591 0.000
254.25 255.25  48.611 0.000  40.290 0.000
257.25 258.25  11.806 0.000   3.937 0.000
260.25 261.25  28.189 0.000  22.687 0.000
263.25 264.25  24.203 0.000  13.384 0.000
266.25 267.25  29.142 0.000  10.589 0.000
269.25 270.25  11.711 0.000   3.048 0.000
272.25 273.25  12.081 0.000   3.162 0.000
275.25 276.25  18.327 0.000  10.872 0.000
278.25 279.25  21.080 0.000 999.999 0.999
281.25 282.25  29.441 0.000  19.774 0.000
284.25 285.25  10.665 0.000   3.148 0.000
287.25 288.25  15.719 0.000   5.627 0.000
290.25 291.25  14.721 0.000   5.471 0.000
293.25 294.25  28.530 0.000   7.876 0.000
296.25 297.25  21.416 0.000   8.152 0.000
299.25 300.25  11.726 0.000   5.802 0.000
302.25 303.25  18.245 0.000   8.370 0.000
305.25 306.25  29.873 0.000  24.185 0.000
308.25 309.25   8.670 0.000   8.137 0.000
311.25 312.25  15.450 0.000  11.654 0.000
314.25 315.25  26.719 0.000  25.098 0.000
317.25 318.25  10.684 0.000   6.560 0.000
320.25 321.25  19.559 0.000  17.960 0.000
323.25 324.25   7.151 0.000   3.132 0.000
326.25 327.25   7.884 0.000   5.525 0.000
329.25 330.25  10.687 0.000   7.746 0.000
332.25 333.25  11.202 0.000   8.524 0.000
335.25 336.25  11.220 0.000   4.269 0.000
338.25 339.25  10.978 0.000   9.788 0.000
341.25 342.25  18.658 0.000  15.061 0.000
344.25 345.25  10.269 0.000   7.872 0.000
347.25 348.25  11.237 0.000  10.626 0.000
350.25 351.25   9.245 0.000   7.425 0.000
353.25 354.25  11.953 0.000   9.022 0.000
356.25 357.25  11.346 0.000  10.238 0.000
359.25 360.25  11.337 0.000   8.629 0.000
362.25 363.25   6.695 0.000   4.310 0.000
