scripts/IMPROVE-2019_partial/data/US0087R.19970101070000.20191216000000.filterpack.pm25_mass.pm25.1y.3d.US03L_filterpack_US0087.US03L_IMPROVE_Davis.lev2.nas
50 1001
MISSING INFORMATION
US03L, IMPROVE, , , , , , , 
MISSING INFORMATION
IMPROVE sel_HTAP
1 1
1997 01 01 2019 12 16
0
days from file reference point
3
1 1 1
999.999999 99.999 9.999
end_time of measurement, days from the file reference point
pm25_mass, ug/m3
numflag pm25_mass, no unit
0
33
Data definition:              EBAS_1.1
Set type code:                TI
Timezone:                     UTC
File name:                    US0087R.19970101070000.20191216000000.filterpack.pm25_mass.pm25.1y.3d.US03L_filterpack_US0087.US03L_IMPROVE_Davis.lev2.nas
File creation:                20191218120117
Startdate:                    19970101070000
Revision date:                20191216000000
Version:                      2
Version description:          "Data extracted from http://views.cira.colostate.edu/fed/DataWizard 2019-12-16"
Statistics:                   arithmetic mean
Data level:                   2
Period code:                  1y
Resolution code:              3d
Sample duration:              1d
Orig. time res.:              3d
Station code:                 US0087R
Platform code:                US0087S
Station name:                 Brooklyn Lake
Station latitude:             41.3662
Station longitude:            -106.2418
Station altitude:             3196.0 m
Regime:                       IMG
Component:                    pm25_mass
Unit:                         ug/m3
Matrix:                       pm25
Laboratory code:              US03L
Instrument type:              filterpack
Instrument name:              filterpack_US0087
Method ref:                   US03L_IMPROVE_Davis
Blank correction:             Blank corrected
Volume std. temperature:      ambient
Volume std. pressure:         ambient
starttime endtime PM2.5 flag_PM2.5
  0.291667   1.291667  0.459 0.000
  3.291667   4.291667  1.048 0.000
  7.291667   8.291667  1.562 0.000
 10.291667  11.291667  2.074 0.000
 14.291667  15.291667  2.666 0.000
 17.291667  18.291667  0.395 0.000
 21.291667  22.291667  1.212 0.000
 24.291667  25.291667 99.999 0.999
 28.291667  29.291667  0.761 0.000
 31.291667  32.291667  1.356 0.000
 35.291667  36.291667  2.228 0.000
 38.291667  39.291667  0.917 0.000
 42.291667  43.291667  1.370 0.000
 45.291667  46.291667  1.816 0.000
 49.291667  50.291667  1.641 0.000
 52.291667  53.291667  1.376 0.000
 56.291667  57.291667  2.326 0.000
 59.291667  60.291667  2.003 0.000
 63.291667  64.291667  1.254 0.000
 66.291667  67.291667  1.688 0.000
 70.291667  71.291667  2.273 0.000
 73.291667  74.291667  1.451 0.000
 77.291667  78.291667  2.531 0.000
 80.291667  81.291667  1.823 0.000
 84.291667  85.291667  0.872 0.000
 87.291667  88.291667  2.048 0.000
 91.291667  92.291667  2.379 0.000
 94.291667  95.291667  1.720 0.000
 98.291667  99.291667  3.896 0.000
101.291667 102.291667  2.294 0.000
105.291667 106.291667  1.925 0.000
108.291667 109.291667  4.167 0.000
112.291667 113.291667  2.517 0.000
115.291667 116.291667  1.879 0.000
119.291667 120.291667  1.407 0.000
122.291667 123.291667  4.043 0.000
126.291667 127.291667  4.428 0.000
129.291667 130.291667  5.398 0.000
133.291667 134.291667  4.105 0.000
136.291667 137.291667  3.487 0.000
140.291667 141.291667  3.066 0.000
143.291667 144.291667  2.573 0.000
147.291667 148.291667  1.874 0.000
150.291667 151.291667  2.120 0.000
154.291667 155.291667  3.689 0.000
157.291667 158.291667  2.520 0.000
161.291667 162.291667  2.495 0.000
164.291667 165.291667  2.760 0.000
168.291667 169.291667  2.196 0.000
171.291667 172.291667  3.053 0.000
175.291667 176.291667  1.744 0.000
178.291667 179.291667  3.070 0.000
182.291667 183.291667  2.384 0.000
185.291667 186.291667  2.972 0.000
189.291667 190.291667  2.552 0.000
192.291667 193.291667  3.561 0.000
196.291667 197.291667  3.532 0.000
199.291667 200.291667  2.933 0.000
203.291667 204.291667 99.999 0.999
206.291667 207.291667 99.999 0.999
210.291667 211.291667  2.820 0.000
213.291667 214.291667  4.499 0.000
217.291667 218.291667  3.103 0.000
220.291667 221.291667  5.177 0.000
224.291667 225.291667  2.316 0.000
227.291667 228.291667  4.137 0.000
231.291667 232.291667  2.740 0.000
234.291667 235.291667  2.568 0.000
238.291667 239.291667  2.256 0.000
241.291667 242.291667  4.600 0.000
245.291667 246.291667  3.748 0.000
248.291667 249.291667  2.586 0.000
252.291667 253.291667  3.280 0.000
255.291667 256.291667  2.512 0.000
259.291667 260.291667  2.967 0.000
262.291667 263.291667 99.999 0.999
266.291667 267.291667  1.677 0.000
269.291667 270.291667  2.295 0.000
273.291667 274.291667  3.799 0.000
276.291667 277.291667  3.442 0.000
280.291667 281.291667  2.886 0.000
283.291667 284.291667  4.028 0.000
287.291667 288.291667  1.167 0.000
290.291667 291.291667  1.691 0.000
294.291667 295.291667  2.932 0.000
297.291667 298.291667  1.591 0.000
301.291667 302.291667  1.894 0.000
304.291667 305.291667  0.907 0.000
308.291667 309.291667  1.131 0.000
311.291667 312.291667  2.422 0.000
315.291667 316.291667  1.572 0.000
318.291667 319.291667  1.389 0.000
322.291667 323.291667  1.525 0.000
325.291667 326.291667  1.363 0.000
329.291667 330.291667  0.901 0.000
332.291667 333.291667  0.634 0.000
336.291667 337.291667  0.494 0.000
339.291667 340.291667  1.107 0.000
343.291667 344.291667  1.011 0.000
346.291667 347.291667  1.500 0.000
350.291667 351.291667  1.521 0.000
353.291667 354.291667  1.091 0.000
357.291667 358.291667  1.415 0.000
360.291667 361.291667  2.304 0.000
364.291667 365.291667 99.999 0.259
