scripts/IMPROVE-2019_partial/data/US0088R.20100102070000.20191216000000.filterpack...52w.3d.US03L_filterpack_US0088.US03L_IMPROVE_Davis.lev2.nas
52 1001
MISSING INFORMATION
US03L, IMPROVE, , , , , , , 
MISSING INFORMATION
IMPROVE sel_HTAP
1 1
2010 01 01 2019 12 16
3.000000
days from file reference point
5
1 1 1 1 1
999.999999 999.999 9.999 99.999 9.999
end_time of measurement, days from the file reference point
pm10_mass, ug/m3, Matrix=pm10
numflag pm10_mass, no unit, Matrix=pm10
pm25_mass, ug/m3, Matrix=pm25
numflag pm25_mass, no unit, Matrix=pm25
0
33
Data definition:              EBAS_1.1
Set type code:                TU
Timezone:                     UTC
File name:                    US0088R.20100102070000.20191216000000.filterpack...52w.3d.US03L_filterpack_US0088.US03L_IMPROVE_Davis.lev2.nas
File creation:                20191218120121
Startdate:                    20100102070000
Revision date:                20191216000000
Version:                      2
Version description:          "Data extracted from http://views.cira.colostate.edu/fed/DataWizard 2019-12-16"
Statistics:                   arithmetic mean
Data level:                   2
Period code:                  52w
Resolution code:              3d
Sample duration:              1d
Orig. time res.:              3d
Station code:                 US0088R
Platform code:                US0088S
Station name:                 Cloud Peak
Station latitude:             44.3335
Station longitude:            -106.9565
Station altitude:             2470.0 m
Regime:                       IMG
Component:                    
Unit:                         ug/m3
Matrix:                       
Laboratory code:              US03L
Instrument type:              filterpack
Instrument name:              filterpack_US0088
Method ref:                   US03L_IMPROVE_Davis
Blank correction:             Blank corrected
Volume std. temperature:      ambient
Volume std. pressure:         ambient
starttime endtime PM10 flag_PM10 PM2.5 flag_PM2.5
  1.291667   2.291667   0.769 0.000  0.151 0.000
  4.291667   5.291667   0.850 0.000  0.487 0.000
  7.291667   8.291667   0.569 0.000  0.240 0.000
 10.291667  11.291667   0.891 0.000  0.483 0.000
 13.291667  14.291667   0.894 0.000  0.393 0.000
 16.291667  17.291667   3.608 0.000  1.122 0.000
 19.291667  20.291667   0.971 0.000  0.517 0.000
 22.291667  23.291667   0.854 0.000  0.665 0.000
 25.291667  26.291667   1.296 0.000  0.873 0.000
 28.291667  29.291667   1.538 0.000  0.872 0.000
 31.291667  32.291667   2.108 0.000  1.325 0.000
 34.291667  35.291667   1.217 0.000  0.727 0.000
 37.291667  38.291667   0.528 0.000  0.479 0.000
 40.291667  41.291667   1.222 0.000  0.806 0.000
 43.291667  44.291667   3.153 0.000  0.404 0.000
 46.291667  47.291667   2.435 0.000  0.683 0.000
 49.291667  50.291667   1.942 0.000 99.999 0.999
 52.291667  53.291667   3.336 0.000 99.999 0.999
 55.291667  56.291667   1.600 0.000 99.999 0.999
 58.291667  59.291667   2.018 0.000 99.999 0.999
 61.291667  62.291667   1.929 0.000 99.999 0.999
 64.291667  65.291667   5.862 0.000 99.999 0.999
 67.291667  68.291667   5.511 0.000 99.999 0.999
 70.291667  71.291667   3.907 0.000 99.999 0.999
 73.291667  74.291667   4.843 0.000 99.999 0.999
 76.291667  77.291667   6.701 0.000  3.759 0.000
 79.291667  80.291667   6.470 0.000  3.800 0.000
 82.291667  83.291667 999.999 0.999 99.999 0.999
 85.291667  86.291667   3.737 0.000  1.712 0.000
 88.291667  89.291667  12.881 0.000  3.628 0.000
 91.291667  92.291667   2.320 0.000  1.001 0.000
 94.291667  95.291667  12.658 0.000  7.001 0.000
 97.291667  98.291667   3.973 0.000  1.833 0.000
100.291667 101.291667   9.016 0.000  4.212 0.000
103.291667 104.291667   1.780 0.000  1.116 0.000
106.291667 107.291667   5.677 0.000  3.330 0.000
109.291667 110.291667   7.465 0.000  3.914 0.000
112.291667 113.291667   0.889 0.000  0.821 0.000
115.291667 116.291667   2.073 0.000  1.590 0.000
118.291667 119.291667 999.999 0.456  0.401 0.000
121.291667 122.291667   1.788 0.000  1.309 0.000
124.291667 125.291667   1.836 0.000  0.876 0.000
127.291667 128.291667   2.272 0.000  1.571 0.000
130.291667 131.291667   2.073 0.000  1.857 0.000
133.291667 134.291667   3.356 0.000  2.385 0.000
136.291667 137.291667   4.794 0.000  2.950 0.000
139.291667 140.291667   2.346 0.000  1.605 0.000
142.291667 143.291667   4.119 0.000  1.836 0.000
145.291667 146.291667   6.215 0.000  3.064 0.000
148.291667 149.291667   0.849 0.000  0.517 0.000
151.291667 152.291667   1.445 0.000  0.971 0.000
154.291667 155.291667   1.645 0.000  0.980 0.000
157.291667 158.291667   1.379 0.000  0.857 0.000
160.291667 161.291667   2.029 0.000  1.488 0.000
163.291667 164.291667 999.999 0.999 99.999 0.999
166.291667 167.291667   5.429 0.000  2.666 0.000
169.291667 170.291667   6.617 0.000  2.623 0.000
172.291667 173.291667   4.952 0.000  3.189 0.000
175.291667 176.291667   8.052 0.000  3.861 0.000
178.291667 179.291667   6.258 0.000  3.072 0.000
181.291667 182.291667   7.933 0.000  3.028 0.000
184.291667 185.291667   3.268 0.000  2.143 0.000
187.291667 188.291667   3.290 0.000  2.247 0.000
190.291667 191.291667   5.308 0.000  2.554 0.000
193.291667 194.291667   7.564 0.000  2.159 0.000
196.291667 197.291667   5.907 0.000  2.169 0.000
199.291667 200.291667   8.523 0.000  4.088 0.000
202.291667 203.291667   5.151 0.000  2.616 0.000
205.291667 206.291667  10.182 0.000  3.506 0.000
208.291667 209.291667  10.504 0.000  4.781 0.000
211.291667 212.291667   7.321 0.000  4.020 0.000
214.291667 215.291667   6.951 0.000  3.595 0.000
217.291667 218.291667   7.752 0.000  3.918 0.000
220.291667 221.291667   7.618 0.000  3.619 0.000
223.291667 224.291667   7.002 0.000  3.089 0.000
226.291667 227.291667   4.328 0.000  2.882 0.000
229.291667 230.291667   8.473 0.000  3.152 0.000
232.291667 233.291667   9.060 0.000  3.999 0.000
235.291667 236.291667   6.409 0.000  2.527 0.000
238.291667 239.291667  11.581 0.000  5.139 0.000
241.291667 242.291667   3.791 0.000  2.018 0.000
244.291667 245.291667   1.788 0.000  0.978 0.000
247.291667 248.291667   7.566 0.000  2.647 0.000
250.291667 251.291667   8.951 0.000  3.069 0.000
253.291667 254.291667   2.313 0.000  1.081 0.000
256.291667 257.291667   6.269 0.000  2.682 0.000
259.291667 260.291667   6.187 0.000  2.702 0.000
262.291667 263.291667  14.119 0.000  4.596 0.000
265.291667 266.291667   3.310 0.000  1.749 0.000
268.291667 269.291667   3.154 0.000  1.632 0.000
271.291667 272.291667   7.788 0.000 99.999 0.456
274.291667 275.291667   8.241 0.000  4.175 0.000
277.291667 278.291667   6.049 0.000  2.809 0.000
280.291667 281.291667   2.558 0.000  1.384 0.000
283.291667 284.291667   1.834 0.000  1.286 0.000
286.291667 287.291667   1.742 0.000  0.799 0.000
289.291667 290.291667 999.999 0.999 99.999 0.999
292.291667 293.291667   3.226 0.000  1.554 0.000
295.291667 296.291667   9.960 0.000  4.256 0.000
298.291667 299.291667   2.096 0.000  0.475 0.000
301.291667 302.291667   3.980 0.000  1.869 0.000
304.291667 305.291667   1.131 0.000  0.501 0.000
307.291667 308.291667   1.092 0.000  0.784 0.000
310.291667 311.291667   3.444 0.000  2.160 0.000
313.291667 314.291667   1.538 0.000  0.992 0.000
316.291667 317.291667   3.212 0.000  1.163 0.000
319.291667 320.291667   2.469 0.000  0.242 0.000
322.291667 323.291667   1.256 0.000  0.542 0.000
325.291667 326.291667   2.971 0.000  1.175 0.000
328.291667 329.291667   2.484 0.000  1.587 0.000
331.291667 332.291667   1.663 0.000  0.852 0.000
334.291667 335.291667   0.787 0.000  0.310 0.000
337.291667 338.291667   1.537 0.000  0.970 0.000
340.291667 341.291667   0.633 0.000  0.463 0.000
343.291667 344.291667   1.234 0.000 99.999 0.999
346.291667 347.291667   0.546 0.000 99.999 0.999
349.291667 350.291667   0.389 0.000  0.596 0.000
352.291667 353.291667   0.510 0.000  0.375 0.000
355.291667 356.291667   0.592 0.000  0.960 0.000
358.291667 359.291667   1.006 0.000  0.828 0.000
361.291667 362.291667   1.017 0.000  0.780 0.000
364.291667 365.291667   0.699 0.000  0.539 0.000
