scripts/IMPROVE-2019_partial/data/US0083R.20070103080000.20191216000000.filterpack...1y.3d.US03L_filterpack_US0083.US03L_IMPROVE_Davis.lev2.nas
52 1001
MISSING INFORMATION
US03L, IMPROVE, , , , , , , 
MISSING INFORMATION
IMPROVE sel_HTAP
1 1
2007 01 01 2019 12 16
3.000000
days from file reference point
5
1 1 1 1 1
999.999999 999.999 9.999 999.999 9.999
end_time of measurement, days from the file reference point
pm10_mass, ug/m3, Matrix=pm10
numflag pm10_mass, no unit, Matrix=pm10
pm25_mass, ug/m3, Matrix=pm25
numflag pm25_mass, no unit, Matrix=pm25
0
33
Data definition:              EBAS_1.1
Set type code:                TU
Timezone:                     UTC
File name:                    US0083R.20070103080000.20191216000000.filterpack...1y.3d.US03L_filterpack_US0083.US03L_IMPROVE_Davis.lev2.nas
File creation:                20191218120103
Startdate:                    20070103080000
Revision date:                20191216000000
Version:                      2
Version description:          "Data extracted from http://views.cira.colostate.edu/fed/DataWizard 2019-12-16"
Statistics:                   arithmetic mean
Data level:                   2
Period code:                  1y
Resolution code:              3d
Sample duration:              1d
Orig. time res.:              3d
Station code:                 US0083R
Platform code:                US0083S
Station name:                 Columbia River Gorge
Station latitude:             45.6644
Station longitude:            -121.0008
Station altitude:             178.0 m
Regime:                       IMG
Component:                    
Unit:                         ug/m3
Matrix:                       
Laboratory code:              US03L
Instrument type:              filterpack
Instrument name:              filterpack_US0083
Method ref:                   US03L_IMPROVE_Davis
Blank correction:             Blank corrected
Volume std. temperature:      ambient
Volume std. pressure:         ambient
starttime endtime PM10 flag_PM10 PM2.5 flag_PM2.5
  2.333333   3.333333   7.631 0.000   1.698 0.000
  5.333333   6.333333   6.277 0.000   3.412 0.000
  8.333333   9.333333   4.275 0.000   2.119 0.000
 11.333333  12.333333   8.748 0.000   2.647 0.000
 14.333333  15.333333  12.825 0.000   9.592 0.000
 17.333333  18.333333  19.312 0.000  12.724 0.000
 20.333333  21.333333   5.457 0.000   3.624 0.000
 23.333333  24.333333  17.276 0.000  11.217 0.000
 26.333333  27.333333 999.999 0.456   4.029 0.000
 29.333333  30.333333   7.915 0.000   5.986 0.000
 32.333333  33.333333  23.104 0.000  13.228 0.000
 35.333333  36.333333  25.064 0.000  20.916 0.000
 38.333333  39.333333   9.189 0.000   5.576 0.000
 41.333333  42.333333   4.963 0.000   4.315 0.000
 44.333333  45.333333   4.834 0.000   3.167 0.000
 47.333333  48.333333   3.821 0.000   2.075 0.000
 50.333333  51.333333   2.583 0.000   0.976 0.000
 53.333333  54.333333   4.680 0.000   1.399 0.000
 56.333333  57.333333   6.708 0.000   2.911 0.000
 59.333333  60.333333   3.148 0.000   1.911 0.000
 62.333333  63.333333  12.348 0.000  10.278 0.000
 65.333333  66.333333  12.799 0.000   5.871 0.000
 68.333333  69.333333   5.708 0.000   3.381 0.000
 71.333333  72.333333   7.977 0.000   1.962 0.000
 74.333333  75.333333  19.427 0.000   4.567 0.000
 77.333333  78.333333   4.761 0.000   2.212 0.000
 80.333333  81.333333  13.303 0.000   3.575 0.000
 83.333333  84.333333  10.391 0.000   1.903 0.000
 86.333333  87.333333  14.534 0.000   3.509 0.000
 89.333333  90.333333   6.071 0.000   3.178 0.000
 92.333333  93.333333  11.588 0.000   3.020 0.000
 95.333333  96.333333  22.680 0.000   6.001 0.000
 98.333333  99.333333   6.389 0.000   1.738 0.000
101.333333 102.333333  16.797 0.000   2.075 0.000
104.333333 105.333333   4.285 0.000   2.431 0.000
107.333333 108.333333  23.982 0.000   2.359 0.000
110.333333 111.333333   6.205 0.000   3.931 0.000
113.333333 114.333333   8.846 0.000   2.747 0.000
116.333333 117.333333  16.293 0.000   5.565 0.000
119.333333 120.333333  13.388 0.000   5.589 0.000
122.333333 123.333333  11.814 0.000   2.079 0.000
125.333333 126.333333  25.514 0.000   3.936 0.000
128.333333 129.333333  12.698 0.000   3.942 0.000
131.333333 132.333333  66.181 0.000   9.714 0.000
134.333333 135.333333  20.331 0.000   6.750 0.000
137.333333 138.333333  35.896 0.000   5.924 0.000
140.333333 141.333333  47.681 0.000   4.352 0.000
143.333333 144.333333  19.629 0.000   5.297 0.000
146.333333 147.333333  39.301 0.000   4.923 0.000
149.333333 150.333333  33.987 0.000   6.300 0.000
152.333333 153.333333  16.408 0.000   6.872 0.000
155.333333 156.333333  31.771 0.000   4.035 0.000
158.333333 159.333333  17.753 0.000   3.239 0.000
161.333333 162.333333  17.440 0.000   3.573 0.000
164.333333 165.333333  23.918 0.000   3.508 0.000
167.333333 168.333333  48.399 0.000   4.272 0.000
170.333333 171.333333  35.803 0.000   4.971 0.000
173.333333 174.333333   7.677 0.000   2.346 0.000
176.333333 177.333333  16.426 0.000   3.421 0.000
179.333333 180.333333  23.954 0.000   2.695 0.000
182.333333 183.333333  11.456 0.000   3.055 0.000
185.333333 186.333333  51.806 0.000  14.518 0.000
188.333333 189.333333  18.978 0.000   2.834 0.000
191.333333 192.333333  55.006 0.000   8.862 0.000
194.333333 195.333333  18.213 0.000   5.507 0.000
197.333333 198.333333  25.403 0.000   6.055 0.000
200.333333 201.333333  29.646 0.000   3.275 0.000
203.333333 204.333333  22.357 0.000   3.404 0.000
206.333333 207.333333  58.535 0.000   7.507 0.000
209.333333 210.333333  84.512 0.000   7.317 0.000
212.333333 213.333333  41.376 0.000   6.687 0.000
215.333333 216.333333  20.581 0.000   4.993 0.000
218.333333 219.333333  46.337 0.000   5.280 0.000
221.333333 222.333333  22.247 0.000   2.800 0.000
224.333333 225.333333  10.479 0.000   4.700 0.000
227.333333 228.333333  48.601 0.000   7.050 0.000
230.333333 231.333333   8.929 0.000   2.330 0.000
233.333333 234.333333  29.389 0.000   4.061 0.000
236.333333 237.333333  22.369 0.000   2.888 0.000
239.333333 240.333333  12.850 0.000   4.246 0.000
242.333333 243.333333  28.962 0.000   5.744 0.000
245.333333 246.333333  10.680 0.000   2.469 0.000
248.333333 249.333333  16.071 0.000   4.073 0.000
251.333333 252.333333  17.106 0.000   3.050 0.000
254.333333 255.333333  49.450 0.000   8.197 0.000
257.333333 258.333333  31.683 0.000   7.399 0.000
260.333333 261.333333  44.184 0.000   6.408 0.000
263.333333 264.333333  23.558 0.000   5.928 0.000
266.333333 267.333333  11.478 0.000   4.448 0.000
269.333333 270.333333  29.288 0.000   5.556 0.000
272.333333 273.333333   4.396 0.000   2.710 0.000
275.333333 276.333333  11.094 0.000   1.887 0.000
278.333333 279.333333   8.514 0.000   4.985 0.000
281.333333 282.333333  15.444 0.000   3.873 0.000
284.333333 285.333333  20.068 0.000  10.345 0.000
287.333333 288.333333  16.220 0.000  10.613 0.000
290.333333 291.333333  10.758 0.000   6.220 0.000
293.333333 294.333333   4.070 0.000   3.804 0.000
296.333333 297.333333  11.464 0.000   7.544 0.000
299.333333 300.333333   6.779 0.000   7.876 0.000
302.333333 303.333333   8.099 0.000   9.750 0.000
305.333333 306.333333   6.114 0.000   7.053 0.000
308.333333 309.333333   5.042 0.000   4.415 0.000
311.333333 312.333333   8.688 0.000  13.387 0.000
314.333333 315.333333   4.442 0.000   4.881 0.000
317.333333 318.333333   3.762 0.000   4.314 0.000
320.333333 321.333333   3.294 0.000 999.999 0.456
323.333333 324.333333   2.692 0.000   2.423 0.000
326.333333 327.333333  11.401 0.000  15.841 0.000
329.333333 330.333333   6.955 0.000   8.809 0.000
332.333333 333.333333   2.663 0.000   2.057 0.000
335.333333 336.333333   3.451 0.000   2.719 0.000
338.333333 339.333333   4.420 0.000   4.378 0.000
341.333333 342.333333   2.866 0.000   2.924 0.000
344.333333 345.333333 999.999 0.456 999.999 0.456
347.333333 348.333333 999.999 0.456 999.999 0.456
350.333333 351.333333 999.999 0.456 999.999 0.456
353.333333 354.333333   2.497 0.000   1.337 0.000
356.333333 357.333333   2.965 0.000   3.414 0.000
359.333333 360.333333   2.664 0.000   1.361 0.000
362.333333 363.333333   1.989 0.000   2.154 0.000
