scripts/IMPROVE-2019_partial/data/US0019R.20010101080000.20191216000000.filterpack..pm25.52w.1w.US03L_filterpack_US0019.US03L_IMPROVE_Davis.lev2.nas
64 1001
MISSING INFORMATION
US03L, IMPROVE, , , , , , , 
MISSING INFORMATION
IMPROVE sel_HTAP
1 1
2001 01 01 2019 12 16
3.000000
days from file reference point
25
1 1 1 1 1 1 1 1 1 1 1 1 1 1 1 1 1 1 1 1 1 1 1 1 1
999.999999 9999.99 9.999 99.99 9.999999 9.999 9.999999 9.99 9.999999 9.999 9.999 99.999 9.999 999.999 9.999 999.999 9.999 999.999 9.999 999.999 9.999 9.999 9.999 9.999 9.999999
end_time of measurement, days from the file reference point
iron, ng/m3, Revision date=20181210133000
numflag iron, no unit, Revision date=20181210133000
lead, ng/m3, Revision date=20181210133000
numflag lead, no unit, Revision date=20181210133000
magnesium, ug/m3, Revision date=20181210133000
numflag magnesium, no unit, Revision date=20181210133000
nickel, ng/m3, Revision date=20181210133000
numflag nickel, no unit, Revision date=20181210133000
nitrate, ug N/m3, Revision date=20181210133000
numflag nitrate, no unit, Revision date=20181210133000
organic_carbon, ug C/m3, Revision date=20181210133000
numflag organic_carbon, no unit, Revision date=20181210133000
organic_mass, ug/m3, Revision date=20181210133000
numflag organic_mass, no unit, Revision date=20181210133000
pm10_mass, ug/m3, Version=2, Version description=Data extracted from http://views.cira.colostate.edu/fed/DataWizard 2019-12-16, Sample duration=1d, Orig. time res.=3d, Matrix=pm10, Blank correction=Blank corrected, Volume std. temperature=ambient, Volume std. pressure=ambient
numflag pm10_mass, no unit, Version=2, Version description=Data extracted from http://views.cira.colostate.edu/fed/DataWizard 2019-12-16, Sample duration=1d, Orig. time res.=3d, Matrix=pm10, Blank correction=Blank corrected, Volume std. temperature=ambient, Volume std. pressure=ambient
pm10_pm25_mass, ug/m3, Revision date=20181210133000, Matrix=pm10_pm25
numflag pm10_pm25_mass, no unit, Revision date=20181210133000, Matrix=pm10_pm25
pm25_mass, ug/m3, Version=2, Version description=Data extracted from http://views.cira.colostate.edu/fed/DataWizard 2019-12-16, Sample duration=1d, Orig. time res.=3d, Blank correction=Blank corrected, Volume std. temperature=ambient, Volume std. pressure=ambient
numflag pm25_mass, no unit, Version=2, Version description=Data extracted from http://views.cira.colostate.edu/fed/DataWizard 2019-12-16, Sample duration=1d, Orig. time res.=3d, Blank correction=Blank corrected, Volume std. temperature=ambient, Volume std. pressure=ambient
potassium, ug/m3, Revision date=20181210133000
numflag potassium, no unit, Revision date=20181210133000
sulphate_total, ug S/m3, Revision date=20181210133000
numflag sulphate_total, no unit, Revision date=20181210133000
0
25
Data definition:              EBAS_1.1
Set type code:                TU
Timezone:                     UTC
File name:                    US0019R.20010101080000.20191216000000.filterpack..pm25.52w.1w.US03L_filterpack_US0019.US03L_IMPROVE_Davis.lev2.nas
File creation:                20191218115638
Startdate:                    20010101080000
Revision date:                20191216000000
Statistics:                   arithmetic mean
Data level:                   2
Period code:                  52w
Resolution code:              1w
Station code:                 US0019R
Platform code:                US0019S
Station name:                 Bliss SP (TRPA)
Station latitude:             38.9761
Station longitude:            -120.1025
Station altitude:             2130.0 m
Regime:                       IMG
Component:                    
Matrix:                       pm25
Laboratory code:              US03L
Instrument type:              filterpack
Instrument name:              filterpack_US0019
Method ref:                   US03L_IMPROVE_Davis
starttime endtime Fe flag_Fe Pb flag_Pb Mg++ flag_Mg++ Ni flag_Ni NO3- flag_NO3- OC flag_OC OM flag_OM PM10 flag_PM10 PM10-PM2.5 flag_PM10-PM2.5 PM2.5 flag_PM2.5 K+ flag_K+ SO4-- flag_SO4--
  0.333333   1.333333   12.71 0.559  0.87 0.559000 9.999 0.559259 9.99 0.559259 0.121 0.000  1.237 0.000   1.732 0.000   5.095 0.000   2.096 0.000   3.000 0.559 0.022 0.559 0.079 0.000000
  3.333333   4.333333   13.61 0.000  0.76 0.000000 9.999 0.259000 9.99 0.259000 0.059 0.000  1.255 0.000   1.757 0.000 999.999 0.456 999.999 0.999   2.891 0.000 0.018 0.000 0.091 0.000000
  6.333333   7.333333   11.25 0.000  1.22 0.000000 9.999 0.259000 9.99 0.259000 0.056 0.000  1.211 0.000   1.696 0.000 999.999 0.456 999.999 0.999   2.534 0.000 0.018 0.000 0.072 0.000000
  9.333333  10.333333    1.63 0.559 99.99 0.559259 9.999 0.559259 9.99 0.559259 0.007 0.000  0.086 0.000   0.121 0.000   1.243 0.000   0.948 0.000   0.295 0.559 0.007 0.559 0.066 0.000000
 12.333333  13.333333    0.91 0.000  0.28 0.000000 9.999 0.259000 9.99 0.259000 0.016 0.000  0.153 0.000   0.214 0.000   0.767 0.000   0.294 0.000   0.473 0.000 0.006 0.000 0.108 0.000000
 15.333333  16.333333    1.46 0.000  0.23 0.000000 9.999 0.259000 0.09 0.000000 0.070 0.000  0.301 0.000   0.422 0.000   1.269 0.000   0.244 0.000   1.025 0.000 0.004 0.000 0.172 0.000000
 18.333333  19.333333    3.86 0.000  0.29 0.000000 9.999 0.259000 9.99 0.259000 0.019 0.000  0.350 0.000   0.490 0.000   1.279 0.000   0.462 0.000   0.817 0.000 0.005 0.000 0.097 0.000000
 21.333333  22.333333    7.04 0.000  0.35 0.000000 9.999 0.259000 0.15 0.000000 0.036 0.000  0.759 0.000   1.063 0.000   2.763 0.000   1.098 0.000   1.665 0.000 0.013 0.000 0.084 0.000000
 24.333333  25.333333    1.40 0.000 99.99 0.259000 9.999 0.259000 9.99 0.259000 0.024 0.000  0.032 0.000   0.045 0.000   0.735 0.000   0.323 0.000   0.412 0.000 9.999 0.259 0.062 0.000000
 27.333333  28.333333    6.29 0.000  0.33 0.000000 9.999 0.259000 9.99 0.259000 0.035 0.000  0.305 0.000   0.427 0.000   1.974 0.000   0.806 0.000   1.168 0.000 0.008 0.000 0.192 0.000000
 30.333333  31.333333    9.39 0.000  0.46 0.000000 9.999 0.259000 0.60 0.000000 0.069 0.000  0.169 0.000   0.237 0.000   2.860 0.000   1.464 0.000   1.395 0.000 0.010 0.000 0.188 0.000000
 33.333333  34.333333    9.66 0.000  0.20 0.000000 9.999 0.259000 9.99 0.259000 0.013 0.000  0.328 0.000   0.459 0.000   2.120 0.000   1.279 0.000   0.841 0.000 0.014 0.000 0.072 0.000000
 36.333333  37.333333   12.07 0.000  0.22 0.000000 9.999 0.259000 0.19 0.000000 0.181 0.000  0.283 0.000   0.397 0.000   3.546 0.000   1.467 0.000   2.079 0.000 0.013 0.000 0.144 0.000000
 39.333333  40.333333    7.43 0.559  0.28 0.559000 9.999 0.559259 9.99 0.559259 0.055 0.000  0.156 0.000   0.218 0.000   2.539 0.000   1.486 0.000   1.053 0.559 0.011 0.559 0.115 0.000000
 42.333333  43.333333    2.50 0.000  0.19 0.000000 9.999 0.259000 9.99 0.259000 0.057 0.000  0.074 0.000   0.104 0.000   1.151 0.000   0.479 0.000   0.672 0.000 0.005 0.000 0.089 0.000000
 45.333333  46.333333    9.25 0.000  0.26 0.000000 9.999 0.259000 9.99 0.259000 0.073 0.000  0.424 0.000   0.594 0.000   3.268 0.000   1.665 0.000   1.603 0.000 0.012 0.000 0.125 0.000000
 48.333333  49.333333    9.86 0.000  0.25 0.000000 9.999 0.259000 9.99 0.259000 0.023 0.000  0.145 0.000   0.203 0.000 999.999 0.456 999.999 0.999   0.782 0.000 0.012 0.000 0.092 0.000000
 51.333333  52.333333    2.92 0.559 99.99 0.559259 9.999 0.559259 9.99 0.559259 0.004 0.000  0.025 0.000   0.036 0.000   0.776 0.000   0.344 0.000   0.432 0.559 0.005 0.559 0.046 0.000000
 54.333333  55.333333    2.54 0.000  0.13 0.000000 9.999 0.259000 9.99 0.259000 0.005 0.000  0.427 0.000   0.599 0.000   0.966 0.000   0.349 0.000   0.617 0.000 0.008 0.000 0.048 0.000000
 57.333333  58.333333   14.83 0.000  0.65 0.000000 9.999 0.259000 9.99 0.259000 0.031 0.000  0.192 0.000   0.269 0.000   2.814 0.000   1.178 0.000   1.636 0.000 0.016 0.000 0.117 0.000000
 60.333333  61.333333    3.33 0.000  0.84 0.000000 0.012 0.000000 0.12 0.000000 0.007 0.000  0.116 0.000   0.162 0.000   0.923 0.000   0.278 0.000   0.646 0.000 0.007 0.000 0.041 0.000000
 63.333333  64.333333    2.49 0.000  0.34 0.000000 9.999 0.259000 0.24 0.000000 0.023 0.000  0.205 0.000   0.287 0.000   0.923 0.000   0.264 0.000   0.660 0.000 0.006 0.000 0.054 0.000000
 66.333333  67.333333   11.98 0.000  1.19 0.000000 9.999 0.259000 9.99 0.259000 0.063 0.559  0.591 0.000   0.828 0.000   3.768 0.000   1.028 0.000   2.740 0.000 0.034 0.000 0.247 0.559000
 69.333333  70.333333   16.22 0.000  0.75 0.000000 9.999 0.259000 9.99 0.259000 0.024 0.000  0.316 0.000   0.442 0.000   2.955 0.000   1.528 0.000   1.427 0.000 0.012 0.000 0.125 0.000000
 72.333333  73.333333   60.46 0.000  1.62 0.000000 9.999 0.259000 0.12 0.000000 0.023 0.000  0.460 0.000   0.643 0.000   4.813 0.000   2.017 0.000   2.797 0.000 0.034 0.000 0.191 0.000000
 75.333333  76.333333   11.30 0.000  0.59 0.000000 9.999 0.259000 9.99 0.259000 0.009 0.000  0.507 0.000   0.710 0.000   2.021 0.000   0.848 0.000   1.173 0.000 0.012 0.000 0.059 0.000000
 78.333333  79.333333   16.16 0.000  0.79 0.000000 9.999 0.259000 9.99 0.259000 0.055 0.000  0.652 0.000   0.912 0.000   3.379 0.000   1.290 0.000   2.089 0.000 0.016 0.000 0.132 0.000000
 81.333333  82.333333 9999.99 0.999 99.99 0.999000 9.999 0.999000 9.99 0.999000 0.001 0.559 99.999 0.259 999.999 0.259  20.544 0.000 999.999 0.999 999.999 0.999 9.999 0.999 9.999 0.559259
 84.333333  85.333333 9999.99 0.999 99.99 0.999000 9.999 0.999000 9.99 0.999000 9.999 0.259 99.999 0.259 999.999 0.259   0.072 0.000 999.999 0.999 999.999 0.999 9.999 0.999 9.999 0.259000
 87.333333  88.333333   31.12 0.000  0.99 0.000000 9.999 0.259000 9.99 0.259000 0.019 0.559  0.323 0.000   0.452 0.000   3.123 0.000   1.348 0.000   1.775 0.000 0.020 0.000 0.138 0.559000
 90.333333  91.333333   52.50 0.000  1.46 0.000000 9.999 0.259000 9.99 0.259000 0.066 0.559  0.648 0.000   0.907 0.000   5.071 0.000   2.054 0.000   3.017 0.000 0.041 0.000 0.177 0.559000
 93.333333  94.333333   32.65 0.559  1.15 0.559000 9.999 0.559259 9.99 0.559259 0.056 0.559  0.328 0.000   0.459 0.000   4.605 0.000   2.699 0.000   1.906 0.559 0.022 0.559 0.147 0.559000
 96.333333  97.333333    3.32 0.000  0.54 0.000000 9.999 0.259000 0.23 0.000000 0.003 0.000  0.129 0.000   0.181 0.000   2.228 0.000   1.227 0.000   1.001 0.000 0.002 0.000 0.032 0.000000
 99.333333 100.333333   14.29 0.000  1.14 0.000000 9.999 0.259000 9.99 0.259000 0.090 0.000  0.273 0.000   0.382 0.000   2.725 0.000   1.130 0.000   1.595 0.000 0.013 0.000 0.133 0.000000
102.333333 103.333333  794.47 0.559  4.22 0.559000 9.999 0.559259 9.99 0.559259 0.146 0.000  0.838 0.000   1.173 0.000  42.372 0.000  24.351 0.000  18.022 0.559 0.360 0.559 0.529 0.000000
105.333333 106.333333  618.69 0.559  2.71 0.559000 9.999 0.559259 9.99 0.559259 0.157 0.559  0.642 0.000   0.898 0.000  27.815 0.000  12.730 0.000  15.085 0.559 0.360 0.559 0.436 0.559000
108.333333 109.333333   67.53 0.000  0.63 0.000000 9.999 0.259000 9.99 0.259000 0.016 0.559  0.065 0.000   0.091 0.000   2.599 0.000   0.735 0.000   1.865 0.000 0.035 0.000 0.076 0.559000
111.333333 112.333333   56.84 0.000  0.78 0.000000 9.999 0.259000 9.99 0.259000 0.046 0.000  0.651 0.000   0.911 0.000   5.098 0.000   2.047 0.000   3.050 0.000 0.035 0.000 0.203 0.000000
114.333333 115.333333  105.68 0.000  1.48 0.000000 9.999 0.259000 9.99 0.259000 0.056 0.000  0.785 0.000   1.100 0.000   8.047 0.000   3.706 0.000   4.340 0.000 0.061 0.000 0.237 0.000000
117.333333 118.333333  140.19 0.000  2.00 0.000000 9.999 0.259000 9.99 0.259000 0.056 0.000  0.447 0.000   0.625 0.000   8.681 0.000   3.934 0.000   4.746 0.000 0.088 0.000 0.317 0.000000
120.333333 121.333333  186.68 0.559  1.51 0.559000 9.999 0.559259 9.99 0.559259 0.065 0.000  0.761 0.000   1.065 0.000   9.418 0.000   3.817 0.000   5.601 0.559 0.100 0.559 0.224 0.000000
123.333333 124.333333   62.35 0.000  0.91 0.000000 9.999 0.259000 9.99 0.259000 0.025 0.000  0.574 0.000   0.803 0.000   4.703 0.000   2.042 0.000   2.661 0.000 0.036 0.000 0.132 0.000000
126.333333 127.333333  200.31 0.559  1.60 0.559000 9.999 0.559259 0.09 0.559000 0.042 0.000  1.194 0.000   1.671 0.000  10.271 0.000   3.946 0.000   6.325 0.559 0.101 0.559 0.176 0.000000
129.333333 130.333333  206.73 0.000  1.54 0.000000 9.999 0.259000 0.19 0.000000 0.063 0.000  1.219 0.000   1.707 0.000  11.696 0.000   4.848 0.000   6.848 0.000 0.111 0.000 0.225 0.000000
132.333333 133.333333  129.89 0.000  1.36 0.000000 9.999 0.259000 0.11 0.000000 0.188 0.000  1.030 0.000   1.441 0.000  12.125 0.000   5.498 0.000   6.627 0.000 0.076 0.000 0.559 0.000000
135.333333 136.333333   45.73 0.559  0.81 0.559000 9.999 0.559259 9.99 0.559259 0.016 0.000  0.997 0.000   1.396 0.000   4.313 0.000   0.978 0.000   3.335 0.559 0.038 0.559 0.179 0.000000
138.333333 139.333333  106.97 0.559  2.27 0.559000 9.999 0.559259 9.99 0.559259 0.044 0.000  0.974 0.000   1.364 0.000   7.968 0.000   2.936 0.000   5.032 0.559 0.073 0.559 0.299 0.000000
141.333333 142.333333   79.65 0.000  0.86 0.000000 9.999 0.259000 9.99 0.259000 0.035 0.000  1.265 0.000   1.771 0.000   8.126 0.000   3.736 0.000   4.390 0.000 0.050 0.000 0.254 0.000000
144.333333 145.333333   55.38 0.559  1.03 0.559000 9.999 0.559259 9.99 0.559259 0.037 0.000  1.001 0.000   1.402 0.000   6.323 0.000   2.556 0.000   3.767 0.559 0.035 0.559 0.238 0.000000
147.333333 148.333333   45.32 0.000  1.27 0.000000 9.999 0.259000 9.99 0.259000 0.045 0.000  0.738 0.000   1.033 0.000   5.044 0.000   2.150 0.000   2.893 0.000 0.037 0.000 0.250 0.000000
150.333333 151.333333   55.75 0.000  0.43 0.000000 9.999 0.259000 9.99 0.259000 0.032 0.000  1.036 0.000   1.450 0.000   4.399 0.000   0.880 0.000   3.520 0.000 0.034 0.000 0.196 0.000000
153.333333 154.333333   20.36 0.000  0.40 0.000000 9.999 0.259000 9.99 0.259000 0.065 0.000  0.442 0.000   0.619 0.000   7.349 0.000   4.431 0.000   2.917 0.000 0.023 0.000 0.148 0.000000
156.333333 157.333333   40.21 0.000  0.58 0.000000 9.999 0.259000 9.99 0.259000 0.034 0.000  0.444 0.000   0.622 0.000   3.545 0.000   1.418 0.000   2.127 0.000 0.028 0.000 0.121 0.000000
159.333333 160.333333   72.87 0.000  1.58 0.000000 9.999 0.259000 9.99 0.259000 0.039 0.000  0.391 0.000   0.548 0.000   6.250 0.000   2.955 0.000   3.295 0.000 0.064 0.000 0.311 0.000000
162.333333 163.333333   24.26 0.000  0.32 0.000000 9.999 0.259000 9.99 0.259000 0.037 0.000  0.367 0.000   0.514 0.000   3.704 0.000   1.896 0.000   1.809 0.000 0.023 0.000 0.122 0.000000
165.333333 166.333333   38.58 0.559  0.54 0.559000 9.999 0.559259 0.07 0.559000 0.045 0.559  1.250 0.000   1.749 0.000   7.744 0.000   3.748 0.000   3.996 0.559 0.051 0.559 0.189 0.559000
168.333333 169.333333   34.77 0.559  0.57 0.559000 9.999 0.559259 9.99 0.559259 0.066 0.559  2.250 0.000   3.149 0.000   7.748 0.000   2.471 0.000   5.278 0.559 0.039 0.559 0.149 0.559000
171.333333 172.333333 9999.99 0.456 99.99 0.456000 9.999 0.456000 9.99 0.456000 9.999 0.999  6.439 0.000   9.015 0.000  15.241 0.000 999.999 0.999 999.999 0.456 9.999 0.456 9.999 0.999000
174.333333 175.333333 9999.99 0.456 99.99 0.456000 9.999 0.456000 9.99 0.456000 0.001 0.559  0.206 0.000   0.288 0.000   0.731 0.000 999.999 0.999 999.999 0.456 9.999 0.456 9.999 0.559259
177.333333 178.333333 9999.99 0.456 99.99 0.456000 9.999 0.456000 9.99 0.456000 0.085 0.559  0.402 0.000   0.563 0.000   4.262 0.000 999.999 0.999 999.999 0.456 9.999 0.456 0.216 0.559000
180.333333 181.333333 9999.99 0.456 99.99 0.456000 9.999 0.456000 9.99 0.456000 9.999 0.456  1.329 0.000   1.861 0.000   6.108 0.000 999.999 0.999 999.999 0.456 9.999 0.456 9.999 0.456000
183.333333 184.333333 9999.99 0.456 99.99 0.456000 9.999 0.456000 9.99 0.456000 0.031 0.000  1.567 0.000   2.194 0.000   7.612 0.000 999.999 0.999 999.999 0.456 9.999 0.456 0.362 0.000000
186.333333 187.333333 9999.99 0.456 99.99 0.456000 9.999 0.456000 9.99 0.456000 0.084 0.559  1.220 0.000   1.708 0.000   8.690 0.000 999.999 0.999 999.999 0.456 9.999 0.456 0.473 0.559000
189.333333 190.333333 9999.99 0.456 99.99 0.456000 9.999 0.456000 9.99 0.456000 0.048 0.559  1.123 0.000   1.572 0.000   7.344 0.000 999.999 0.999 999.999 0.456 9.999 0.456 0.315 0.559000
192.333333 193.333333   38.61 0.000  0.53 0.000000 9.999 0.259000 0.19 0.000000 0.046 0.559  0.828 0.000   1.159 0.000   7.164 0.000   2.385 0.000   4.778 0.000 0.036 0.000 0.467 0.559000
195.333333 196.333333   22.77 0.559  0.32 0.559000 9.999 0.559259 9.99 0.559259 0.117 0.559  0.916 0.000   1.282 0.000  10.782 0.000   6.968 0.000   3.815 0.559 0.025 0.559 0.256 0.559000
198.333333 199.333333   33.13 0.000  0.43 0.000000 9.999 0.259000 9.99 0.259000 0.120 0.000  0.980 0.000   1.372 0.000   8.114 0.000   3.726 0.000   4.388 0.000 0.034 0.000 0.332 0.000000
201.333333 202.333333   16.72 0.000  0.37 0.000000 9.999 0.259000 9.99 0.259000 0.055 0.000  0.707 0.000   0.989 0.000   5.336 0.000   2.680 0.000   2.656 0.000 0.027 0.000 0.153 0.000000
204.333333 205.333333 9999.99 0.999 99.99 0.999000 9.999 0.999000 9.99 0.999000 9.999 0.999 99.999 0.999 999.999 0.999 999.999 0.999 999.999 0.999 999.999 0.999 9.999 0.999 9.999 0.999000
207.333333 208.333333 9999.99 0.999 99.99 0.999000 9.999 0.999000 9.99 0.999000 9.999 0.999 99.999 0.999 999.999 0.999 999.999 0.999 999.999 0.999 999.999 0.999 9.999 0.999 9.999 0.999000
210.333333 211.333333 9999.99 0.999 99.99 0.999000 9.999 0.999000 9.99 0.999000 9.999 0.999 99.999 0.999 999.999 0.999 999.999 0.999 999.999 0.999 999.999 0.999 9.999 0.999 9.999 0.999000
213.333333 214.333333   32.84 0.559  0.55 0.559000 9.999 0.559259 9.99 0.559259 0.064 0.000  1.305 0.000   1.827 0.000   6.909 0.000   2.729 0.000   4.180 0.559 0.029 0.559 0.305 0.000000
216.333333 217.333333   16.62 0.000  0.29 0.000000 9.999 0.259000 9.99 0.259000 0.010 0.000  0.927 0.000   1.298 0.000   4.102 0.000   1.494 0.000   2.608 0.000 0.016 0.000 0.088 0.000000
219.333333 220.333333   32.53 0.559  0.35 0.559000 9.999 0.559259 9.99 0.559259 0.022 0.000  1.066 0.000   1.492 0.000   6.186 0.000   1.352 0.000   4.834 0.559 0.023 0.559 0.387 0.000000
222.333333 223.333333   21.46 0.000  0.31 0.000000 9.999 0.259000 9.99 0.259000 0.013 0.000  0.797 0.000   1.115 0.000   3.434 0.000   0.637 0.000   2.797 0.000 0.019 0.000 0.139 0.000000
225.333333 226.333333   34.52 0.000  0.69 0.000000 9.999 0.259000 0.07 0.000000 0.021 0.000 99.999 0.999 999.999 0.999 999.999 0.456 999.999 0.999   4.135 0.000 0.018 0.000 0.296 0.000000
228.333333 229.333333   35.21 0.000  0.41 0.000000 9.999 0.259000 9.99 0.259000 0.034 0.000  1.407 0.000   1.970 0.000   7.648 0.000   3.426 0.000   4.222 0.000 0.045 0.000 0.237 0.000000
231.333333 232.333333   22.01 0.699  0.60 0.699000 9.999 0.699259 9.99 0.699259 0.163 0.000  4.031 0.000   5.644 0.000  13.268 0.000   3.323 0.000   9.945 0.699 0.220 0.699 0.195 0.000000
234.333333 235.333333   15.99 0.000  0.34 0.000000 9.999 0.259000 0.22 0.000000 0.010 0.000  0.473 0.000   0.662 0.000   2.532 0.000   1.106 0.000   1.426 0.000 0.012 0.000 0.066 0.000000
237.333333 238.333333   36.83 0.559  0.78 0.559000 9.999 0.559259 0.06 0.559000 0.039 0.000  2.236 0.000   3.131 0.000   9.223 0.000   3.360 0.000   5.864 0.559 0.036 0.559 0.224 0.000000
240.333333 241.333333   39.12 0.559  0.47 0.559000 9.999 0.559259 0.11 0.559000 0.083 0.000  4.314 0.000   6.040 0.000  11.863 0.000   2.702 0.000   9.162 0.559 0.056 0.559 0.140 0.000000
243.333333 244.333333   53.44 0.000  0.84 0.000000 9.999 0.259000 0.10 0.000000 0.057 0.000  2.847 0.000   3.985 0.000  12.623 0.000   4.862 0.000   7.761 0.000 0.034 0.000 0.329 0.000000
246.333333 247.333333   16.71 0.000  0.32 0.000000 9.999 0.259000 0.06 0.000000 0.020 0.000  0.450 0.000   0.630 0.000   4.000 0.000   1.995 0.000   2.005 0.000 0.011 0.000 0.184 0.000000
249.333333 250.333333   38.28 0.699  0.21 0.699000 9.999 0.699259 9.99 0.699259 0.051 0.559  4.699 0.000   6.579 0.000  15.343 0.000   3.682 0.000  11.661 0.699 0.052 0.699 0.109 0.559000
252.333333 253.333333   62.20 0.000  0.72 0.000000 9.999 0.259000 0.06 0.000000 0.189 0.000  7.580 0.000  10.612 0.000  26.535 0.000   9.174 0.000  17.361 0.000 0.133 0.000 0.399 0.000000
