scripts/IMPROVE-2019_partial/data/US0013R.19990102070000.20191216000000.filterpack...1y.3d.US03L_filterpack_US0013.US03L_IMPROVE_Davis.lev2.nas
51 1001
MISSING INFORMATION
US03L, IMPROVE, , , , , , , 
MISSING INFORMATION
IMPROVE sel_HTAP
1 1
1999 01 01 2019 12 16
0
days from file reference point
4
1 1 1 1
999.999999 999.999 99.999 9.999
end_time of measurement, days from the file reference point
pm10_mass, ug/m3, Matrix=pm10
pm25_mass, ug/m3, Matrix=pm25
numflag, no unit
0
33
Data definition:              EBAS_1.1
Set type code:                TI
Timezone:                     UTC
File name:                    US0013R.19990102070000.20191216000000.filterpack...1y.3d.US03L_filterpack_US0013.US03L_IMPROVE_Davis.lev2.nas
File creation:                20191218115613
Startdate:                    19990102070000
Revision date:                20191216000000
Version:                      2
Version description:          "Data extracted from http://views.cira.colostate.edu/fed/DataWizard 2019-12-16"
Statistics:                   arithmetic mean
Data level:                   2
Period code:                  1y
Resolution code:              3d
Sample duration:              1d
Orig. time res.:              3d
Station code:                 US0013R
Platform code:                US0013S
Station name:                 Hance Camp at Grand Canyon NP
Station latitude:             35.9731
Station longitude:            -111.9841
Station altitude:             2267.0 m
Regime:                       IMG
Component:                    
Unit:                         ug/m3
Matrix:                       
Laboratory code:              US03L
Instrument type:              filterpack
Instrument name:              filterpack_US0013
Method ref:                   US03L_IMPROVE_Davis
Blank correction:             Blank corrected
Volume std. temperature:      ambient
Volume std. pressure:         ambient
starttime endtime PM10 PM2.5 flag
  1.291667   2.291667   6.850  0.821 0.000
  5.291667   6.291667  16.383  0.754 0.000
  8.291667   9.291667  13.589  0.698 0.000
 12.291667  13.291667  19.011  2.020 0.000
 15.291667  16.291667  25.222  2.230 0.000
 19.291667  20.291667   9.159  2.496 0.000
 22.291667  23.291667  13.285  1.632 0.000
 26.291667  27.291667  14.493  1.312 0.000
 29.291667  30.291667  16.606  1.625 0.000
 33.291667  34.291667   3.302  1.623 0.000
 36.291667  37.291667   3.954  2.701 0.000
 40.291667  41.291667   4.847  2.156 0.000
 43.291667  44.291667   4.233  1.332 0.000
 47.291667  48.291667   5.485  2.147 0.000
 50.291667  51.291667   5.763  1.073 0.000
 54.291667  55.291667   6.403  2.293 0.000
 57.291667  58.291667   5.390  2.688 0.000
 61.291667  62.291667  11.004  4.377 0.000
 64.291667  65.291667  11.752  4.224 0.000
 68.291667  69.291667  13.323  2.719 0.000
 71.291667  72.291667  11.101  3.667 0.000
 75.291667  76.291667 999.999 99.999 0.999
 78.291667  79.291667 999.999 99.999 0.999
 82.291667  83.291667 999.999 99.999 0.999
 85.291667  86.291667 999.999 99.999 0.999
 89.291667  90.291667 999.999 99.999 0.999
 92.291667  93.291667  13.840  3.168 0.000
 96.291667  97.291667  22.409  3.407 0.000
 99.291667 100.291667  13.634  3.823 0.000
103.291667 104.291667  16.367  4.511 0.000
106.291667 107.291667  14.419  3.379 0.000
110.291667 111.291667  15.613  5.153 0.000
113.291667 114.291667   8.656  2.554 0.000
117.291667 118.291667  25.174  6.582 0.000
120.291667 121.291667  11.082  3.456 0.000
124.291667 125.291667  18.910  7.046 0.000
127.291667 128.291667  21.811  7.179 0.000
131.291667 132.291667 999.999 99.999 0.999
134.291667 135.291667 999.999 99.999 0.999
138.291667 139.291667 999.999 99.999 0.999
141.291667 142.291667  21.546  8.130 0.000
145.291667 146.291667  13.889  4.980 0.000
148.291667 149.291667  17.596  7.913 0.000
152.291667 153.291667  17.541  4.785 0.000
155.291667 156.291667  15.078  3.721 0.000
159.291667 160.291667   9.626  6.220 0.000
162.291667 163.291667  10.866  5.881 0.000
166.291667 167.291667  23.760  8.779 0.000
169.291667 170.291667  19.668  5.143 0.000
173.291667 174.291667   9.859  8.442 0.000
176.291667 177.291667  21.691  3.931 0.000
180.291667 181.291667  19.087  6.298 0.000
183.291667 184.291667  13.165  6.325 0.000
187.291667 188.291667  12.010  3.747 0.000
190.291667 191.291667  12.724  4.264 0.000
194.291667 195.291667  13.592  5.846 0.000
197.291667 198.291667  18.073  4.544 0.000
201.291667 202.291667   8.560  5.311 0.000
204.291667 205.291667  14.165  7.006 0.000
208.291667 209.291667  17.498  5.224 0.000
211.291667 212.291667 999.999  4.609 0.000
215.291667 216.291667   7.381  4.858 0.000
218.291667 219.291667  16.304  5.489 0.000
222.291667 223.291667  13.591  5.056 0.000
225.291667 226.291667 999.999  4.650 0.000
229.291667 230.291667   6.098  3.994 0.000
232.291667 233.291667   7.834  4.053 0.000
236.291667 237.291667   8.307  4.559 0.000
239.291667 240.291667   8.972  3.291 0.000
243.291667 244.291667   7.774  4.579 0.000
246.291667 247.291667 999.999  2.414 0.000
250.291667 251.291667   9.214  4.761 0.000
253.291667 254.291667  30.910  4.306 0.000
257.291667 258.291667   3.763  2.801 0.000
260.291667 261.291667   4.754  2.593 0.000
264.291667 265.291667   7.782  2.997 0.000
267.291667 268.291667   6.566  3.261 0.000
271.291667 272.291667   4.395  2.487 0.000
274.291667 275.291667  10.170  6.481 0.000
278.291667 279.291667  17.921  4.843 0.000
281.291667 282.291667   5.197  2.701 0.000
285.291667 286.291667   6.766  4.938 0.000
288.291667 289.291667  10.303  4.801 0.000
292.291667 293.291667   6.665  2.742 0.000
295.291667 296.291667   7.219  3.369 0.000
299.291667 300.291667   6.894  4.318 0.000
302.291667 303.291667   6.290  1.407 0.000
306.291667 307.291667   6.893  3.908 0.000
309.291667 310.291667  11.969  5.300 0.000
313.291667 314.291667   6.006  3.730 0.000
316.291667 317.291667  12.165  8.308 0.000
320.291667 321.291667  14.543  4.933 0.000
323.291667 324.291667   6.452  2.954 0.000
327.291667 328.291667   3.197  2.772 0.000
330.291667 331.291667   3.217  1.492 0.000
334.291667 335.291667   8.179  3.937 0.000
337.291667 338.291667   3.367  1.329 0.000
341.291667 342.291667   4.475  2.123 0.000
344.291667 345.291667   3.092  1.486 0.000
348.291667 349.291667   2.078  0.676 0.000
351.291667 352.291667   4.561  1.045 0.000
355.291667 356.291667   2.281  0.895 0.000
358.291667 359.291667   1.622  0.948 0.000
362.291667 363.291667   4.487  1.282 0.000
