scripts/IMPROVE-2019_partial/data/US0010U.20120101060000.20191216000000.filterpack...52w.3d.US03L_filterpack_US0010.US03L_IMPROVE_Davis.lev2.nas
52 1001
MISSING INFORMATION
US03L, IMPROVE, , , , , , , 
MISSING INFORMATION
IMPROVE sel_HTAP
1 1
2012 01 01 2019 12 16
3.00
days from file reference point
5
1 1 1 1 1
999.99 999.999 9.999 999.999 9.999
end_time of measurement, days from the file reference point
pm10_mass, ug/m3, Matrix=pm10
numflag pm10_mass, no unit, Matrix=pm10
pm25_mass, ug/m3, Matrix=pm25
numflag pm25_mass, no unit, Matrix=pm25
0
33
Data definition:              EBAS_1.1
Set type code:                TU
Timezone:                     UTC
File name:                    US0010U.20120101060000.20191216000000.filterpack...52w.3d.US03L_filterpack_US0010.US03L_IMPROVE_Davis.lev2.nas
File creation:                20191218115604
Startdate:                    20120101060000
Revision date:                20191216000000
Version:                      2
Version description:          "Data extracted from http://views.cira.colostate.edu/fed/DataWizard 2019-12-16"
Statistics:                   arithmetic mean
Data level:                   2
Period code:                  52w
Resolution code:              3d
Sample duration:              1d
Orig. time res.:              3d
Station code:                 US0010U
Platform code:                US0010S
Station name:                 Birmingham
Station latitude:             33.5531
Station longitude:            -86.8148
Station altitude:             175.0 m
Regime:                       IMG
Component:                    
Unit:                         ug/m3
Matrix:                       
Laboratory code:              US03L
Instrument type:              filterpack
Instrument name:              filterpack_US0010
Method ref:                   US03L_IMPROVE_Davis
Blank correction:             Blank corrected
Volume std. temperature:      ambient
Volume std. pressure:         ambient
starttime endtime PM10 flag_PM10 PM2.5 flag_PM2.5
  0.25   1.25  15.093 0.000   6.622 0.000
  3.25   4.25  34.592 0.000  17.544 0.000
  6.25   7.25  14.266 0.000   8.360 0.000
  9.25  10.25 999.999 0.999 999.999 0.999
 12.25  13.25   8.719 0.000   3.895 0.000
 15.25  16.25  11.214 0.000   5.909 0.000
 18.25  19.25 999.999 0.999 999.999 0.999
 21.25  22.25 999.999 0.999 999.999 0.999
 24.25  25.25  18.327 0.000   8.748 0.000
 27.25  28.25  12.703 0.000   7.574 0.000
 30.25  31.25  21.142 0.000  11.344 0.000
 33.25  34.25  14.398 0.000  10.338 0.000
 36.25  37.25  10.802 0.000   7.992 0.000
 39.25  40.25  14.684 0.000  11.885 0.000
 42.25  43.25   4.731 0.000   3.181 0.000
 45.25  46.25  19.767 0.000  14.508 0.000
 48.25  49.25  12.741 0.000   9.486 0.000
 51.25  52.25  14.819 0.000   6.884 0.000
 54.25  55.25  10.542 0.000   4.951 0.000
 57.25  58.25  14.243 0.000   7.742 0.000
 60.25  61.25  16.107 0.000   8.507 0.000
 63.25  64.25   5.317 0.000   3.712 0.000
 66.25  67.25  30.042 0.000  16.461 0.000
 69.25  70.25   9.297 0.000   5.860 0.000
 72.25  73.25  16.403 0.000   9.478 0.000
 75.25  76.25  24.097 0.000  13.343 0.000
 78.25  79.25  23.775 0.000  11.891 0.000
 81.25  82.25  17.913 0.000  10.118 0.000
 84.25  85.25  11.865 0.000   8.673 0.000
 87.25  88.25  25.562 0.000  16.612 0.000
 90.25  91.25  11.469 0.000   7.364 0.000
 93.25  94.25  14.190 0.000   7.906 0.000
 96.25  97.25   9.941 0.000   5.701 0.000
 99.25 100.25  20.932 0.000  14.835 0.000
102.25 103.25  17.802 0.000   9.393 0.000
105.25 106.25  17.644 0.000   9.627 0.000
108.25 109.25 999.999 0.456 999.999 0.456
111.25 112.25  12.793 0.000   9.149 0.000
114.25 115.25  15.010 0.000   6.925 0.000
117.25 118.25  23.056 0.000  12.158 0.000
120.25 121.25  33.916 0.000  15.018 0.000
123.25 124.25  14.052 0.000   7.849 0.000
126.25 127.25  22.404 0.000  13.697 0.000
129.25 130.25  13.260 0.000   7.630 0.000
132.25 133.25  20.746 0.000  12.560 0.000
135.25 136.25  14.132 0.000   8.192 0.000
138.25 139.25  29.235 0.000  16.539 0.000
141.25 142.25  19.799 0.000  13.161 0.000
144.25 145.25 999.999 0.999 999.999 0.999
147.25 148.25 999.999 0.999 999.999 0.999
150.25 151.25  22.156 0.000  12.469 0.000
153.25 154.25  11.739 0.000   5.366 0.000
156.25 157.25  16.738 0.000   9.668 0.000
159.25 160.25  20.121 0.000  11.589 0.000
162.25 163.25  12.550 0.000   7.367 0.000
165.25 166.25  25.811 0.000  14.449 0.000
168.25 169.25  16.228 0.000   9.743 0.000
171.25 172.25  25.181 0.000  12.591 0.000
174.25 175.25  27.124 0.000  17.840 0.000
177.25 178.25  23.888 0.000  13.963 0.000
180.25 181.25  39.251 0.000  21.001 0.000
183.25 184.25  30.079 0.000  21.654 0.000
186.25 187.25  31.841 0.000  17.062 0.000
189.25 190.25  18.525 0.000  14.102 0.000
192.25 193.25  17.648 0.000   9.197 0.000
195.25 196.25  13.034 0.000   6.400 0.000
198.25 199.25  25.099 0.000  14.019 0.000
201.25 202.25  16.419 0.000  10.355 0.000
204.25 205.25  25.663 0.000  10.423 0.000
207.25 208.25  28.551 0.000  12.759 0.000
210.25 211.25  16.557 0.000  10.229 0.000
213.25 214.25  26.203 0.000  17.048 0.000
216.25 217.25  16.092 0.000   9.804 0.000
219.25 220.25  15.879 0.000   9.146 0.000
222.25 223.25  17.230 0.000   9.802 0.000
225.25 226.25  27.950 0.000  12.749 0.000
228.25 229.25  33.673 0.000  17.518 0.000
231.25 232.25  10.777 0.000   5.584 0.000
234.25 235.25  29.369 0.000  14.174 0.000
237.25 238.25  18.298 0.000  12.612 0.000
240.25 241.25   9.446 0.000   5.649 0.000
243.25 244.25  13.287 0.000   5.868 0.000
246.25 247.25  10.924 0.000   6.825 0.000
249.25 250.25  17.758 0.000   9.050 0.000
252.25 253.25  14.762 0.000   8.036 0.000
255.25 256.25  22.322 0.000  10.344 0.000
258.25 259.25  23.550 0.000  12.532 0.000
261.25 262.25   9.555 0.000   5.661 0.000
264.25 265.25  35.245 0.000  15.194 0.000
267.25 268.25  20.383 0.000   7.180 0.000
270.25 271.25  38.154 0.000  14.616 0.000
273.25 274.25  14.153 0.000   9.757 0.000
276.25 277.25  30.659 0.000  14.892 0.000
279.25 280.25  24.770 0.000  14.008 0.000
282.25 283.25 999.999 0.456   9.412 0.000
285.25 286.25 999.999 0.456  15.155 0.000
288.25 289.25 999.999 0.456   6.304 0.000
291.25 292.25  13.883 0.000   5.910 0.000
294.25 295.25  29.610 0.000  12.646 0.000
297.25 298.25  47.902 0.000  19.322 0.000
300.25 301.25   9.225 0.000   5.362 0.000
303.25 304.25  15.663 0.000   4.298 0.000
306.25 307.25  49.433 0.000  21.746 0.000
309.25 310.25  11.879 0.000   6.872 0.000
312.25 313.25  20.505 0.000  12.614 0.000
315.25 316.25  13.918 0.000   8.084 0.000
318.25 319.25  12.348 0.000   7.777 0.000
321.25 322.25  24.761 0.000  13.425 0.000
324.25 325.25  42.192 0.000  19.611 0.000
327.25 328.25  32.310 0.000  20.222 0.000
330.25 331.25  39.087 0.000  15.158 0.000
333.25 334.25 999.999 0.999 999.999 0.999
336.25 337.25 999.999 0.999 999.999 0.999
339.25 340.25  12.659 0.000   6.553 0.000
342.25 343.25  15.521 0.000  10.076 0.000
345.25 346.25  12.730 0.000   9.756 0.000
348.25 349.25  27.152 0.000  14.403 0.000
351.25 352.25   8.386 0.000   4.328 0.000
354.25 355.25  16.727 0.000   6.803 0.000
357.25 358.25  19.580 0.000  10.908 0.000
360.25 361.25 999.999 0.999 999.999 0.999
363.25 364.25   7.657 0.000   6.941 0.000
