scripts/IMPROVE-2019_partial/data/US0042R.20040101050000.20191216000000.filterpack..pm25.52w.1w.US03L_filterpack_US0042.US03L_IMPROVE_Davis.lev2.nas
66 1001
MISSING INFORMATION
US03L, IMPROVE, , , , , , , 
MISSING INFORMATION
IMPROVE sel_HTAP
1 1
2004 01 01 2019 12 16
3.000000
days from file reference point
27
1 1 1 1 1 1 1 1 1 1 1 1 1 1 1 1 1 1 1 1 1 1 1 1 1 1 1
999.999999 9999.99 9.999 99.99 9.999 9.999 9.999 99.99 9.999 9.999 9.999 99.999 9.999 99.999 9.999 999.99 9.999 999.999 9.999 999.999 9.999 999.999 9.999 9.999 9.999 99.999 9.999
end_time of measurement, days from the file reference point
iron, ng/m3, Revision date=20181210133000
numflag iron, no unit, Revision date=20181210133000
lead, ng/m3, Revision date=20181210133000
numflag lead, no unit, Revision date=20181210133000
magnesium, ug/m3, Revision date=20181210133000
numflag magnesium, no unit, Revision date=20181210133000
nickel, ng/m3, Revision date=20181210133000
numflag nickel, no unit, Revision date=20181210133000
nitrate, ug N/m3, Revision date=20181210133000
numflag nitrate, no unit, Revision date=20181210133000
organic_carbon, ug C/m3, Revision date=20181210133000
numflag organic_carbon, no unit, Revision date=20181210133000
organic_mass, ug/m3, Revision date=20181210133000
numflag organic_mass, no unit, Revision date=20181210133000
phosphorus, ng/m3, Revision date=20181210133000
numflag phosphorus, no unit, Revision date=20181210133000
pm10_mass, ug/m3, Version=2, Version description=Data extracted from http://views.cira.colostate.edu/fed/DataWizard 2019-12-16, Sample duration=1d, Orig. time res.=3d, Matrix=pm10, Blank correction=Blank corrected, Volume std. temperature=ambient, Volume std. pressure=ambient
numflag pm10_mass, no unit, Version=2, Version description=Data extracted from http://views.cira.colostate.edu/fed/DataWizard 2019-12-16, Sample duration=1d, Orig. time res.=3d, Matrix=pm10, Blank correction=Blank corrected, Volume std. temperature=ambient, Volume std. pressure=ambient
pm10_pm25_mass, ug/m3, Revision date=20181210133000, Matrix=pm10_pm25
numflag pm10_pm25_mass, no unit, Revision date=20181210133000, Matrix=pm10_pm25
pm25_mass, ug/m3, Version=2, Version description=Data extracted from http://views.cira.colostate.edu/fed/DataWizard 2019-12-16, Sample duration=1d, Orig. time res.=3d, Blank correction=Blank corrected, Volume std. temperature=ambient, Volume std. pressure=ambient
numflag pm25_mass, no unit, Version=2, Version description=Data extracted from http://views.cira.colostate.edu/fed/DataWizard 2019-12-16, Sample duration=1d, Orig. time res.=3d, Blank correction=Blank corrected, Volume std. temperature=ambient, Volume std. pressure=ambient
potassium, ug/m3, Revision date=20181210133000
numflag potassium, no unit, Revision date=20181210133000
sulphate_total, ug S/m3, Revision date=20181210133000
numflag sulphate_total, no unit, Revision date=20181210133000
0
25
Data definition:              EBAS_1.1
Set type code:                TU
Timezone:                     UTC
File name:                    US0042R.20040101050000.20191216000000.filterpack..pm25.52w.1w.US03L_filterpack_US0042.US03L_IMPROVE_Davis.lev2.nas
File creation:                20191218115801
Startdate:                    20040101050000
Revision date:                20191216000000
Statistics:                   arithmetic mean
Data level:                   2
Period code:                  52w
Resolution code:              1w
Station code:                 US0042R
Platform code:                US0042S
Station name:                 Cape Cod
Station latitude:             41.9758
Station longitude:            -70.0242
Station altitude:             49.0 m
Regime:                       IMG
Component:                    
Matrix:                       pm25
Laboratory code:              US03L
Instrument type:              filterpack
Instrument name:              filterpack_US0042
Method ref:                   US03L_IMPROVE_Davis
starttime endtime Fe flag_Fe Pb flag_Pb Mg++ flag_Mg++ Ni flag_Ni NO3- flag_NO3- OC flag_OC OM flag_OM P flag_P PM10 flag_PM10 PM10-PM2.5 flag_PM10-PM2.5 PM2.5 flag_PM2.5 K+ flag_K+ SO4-- flag_SO4--
  0.208333   1.208333   17.54 0.000  1.40 0.000 9.999 0.259  0.79 0.000 0.156 0.000  1.026 0.000  1.437 0.000 999.99 0.259   8.358 0.000   3.748 0.000   4.610 0.000 0.031 0.000  0.537 0.000
  3.208333   4.208333   28.82 0.000  4.03 0.000 0.050 0.000  3.25 0.000 0.505 0.000  3.783 0.000  5.296 0.000 999.99 0.259  14.263 0.000   3.164 0.000  11.099 0.000 0.084 0.000  0.849 0.000
  6.208333   7.208333   16.71 0.000  1.14 0.000 0.040 0.000  0.51 0.000 0.168 0.000  0.676 0.000  0.946 0.000 999.99 0.259   7.070 0.000   3.715 0.000   3.354 0.000 0.021 0.000  0.335 0.000
  9.208333  10.208333    6.18 0.000  0.91 0.000 9.999 0.259  0.56 0.000 0.059 0.559  0.770 0.000  1.078 0.000 999.99 0.259   4.446 0.000   1.609 0.000   2.837 0.000 0.022 0.000  0.268 0.559
 12.208333  13.208333   20.03 0.000  2.45 0.000 0.046 0.000  2.57 0.000 0.311 0.000  1.829 0.000  2.560 0.000 999.99 0.259  12.217 0.000   2.997 0.000   9.220 0.000 0.035 0.000  1.004 0.000
 15.208333  16.208333    6.17 0.000  0.70 0.000 0.035 0.000  0.57 0.000 0.075 0.559  0.522 0.000  0.731 0.000 999.99 0.259   7.029 0.000   4.014 0.000   3.014 0.000 0.028 0.000  0.167 0.559
 18.208333  19.208333    8.07 0.000  1.38 0.000 9.999 0.259  0.81 0.000 0.082 0.000  1.122 0.000  1.571 0.000 999.99 0.259   6.066 0.000   2.141 0.000   3.925 0.000 0.026 0.000  0.409 0.000
 21.208333  22.208333   21.91 0.000  2.22 0.000 9.999 0.259  1.90 0.000 0.299 0.000  1.522 0.000  2.131 0.000 999.99 0.259  11.755 0.000   5.286 0.000   6.470 0.000 0.042 0.000  0.543 0.000
 24.208333  25.208333    9.24 0.000  1.32 0.000 9.999 0.259  0.50 0.000 0.031 0.559  0.576 0.000  0.807 0.000 999.99 0.259   5.429 0.000   3.174 0.000   2.256 0.000 0.022 0.000  0.214 0.559
 27.208333  28.208333   12.03 0.000  1.05 0.000 9.999 0.259  1.08 0.000 0.076 0.000  0.887 0.000  1.242 0.000 999.99 0.259   8.165 0.000   3.813 0.000   4.351 0.000 0.031 0.000  0.513 0.000
 30.208333  31.208333   12.47 0.000  1.18 0.000 9.999 0.259  0.96 0.000 0.127 0.000  0.898 0.000  1.257 0.000 999.99 0.259   7.495 0.000   3.561 0.000   3.934 0.000 0.027 0.000  0.403 0.000
 33.208333  34.208333    3.23 0.000  0.94 0.000 9.999 0.259  0.46 0.000 0.047 0.559  0.813 0.000  1.138 0.000 999.99 0.259   7.741 0.000   3.307 0.000   4.434 0.000 0.026 0.000  0.534 0.559
 36.208333  37.208333   10.00 0.000  0.94 0.000 9.999 0.259  0.67 0.000 0.055 0.559  0.873 0.000  1.222 0.000 999.99 0.259   6.066 0.000   2.257 0.000   3.809 0.000 0.020 0.000  0.420 0.559
 39.208333  40.208333   16.50 0.000  2.69 0.000 0.056 0.000  1.73 0.000 0.250 0.559  1.043 0.000  1.460 0.000 999.99 0.259  12.710 0.000   5.854 0.000   6.857 0.000 0.041 0.000  0.633 0.559
 42.208333  43.208333   14.73 0.000  1.82 0.000 9.999 0.259  1.77 0.000 0.099 0.559  0.833 0.000  1.166 0.000 999.99 0.259   8.039 0.000   4.041 0.000   3.997 0.000 0.023 0.000  0.463 0.559
 45.208333  46.208333   17.32 0.000  1.17 0.000 9.999 0.259  0.40 0.000 0.161 0.559  1.113 0.000  1.559 0.000 999.99 0.259   8.850 0.000   4.083 0.000   4.767 0.000 0.029 0.000  0.469 0.559
 48.208333  49.208333    7.64 0.000  0.99 0.000 0.045 0.000  0.23 0.000 0.036 0.000  0.365 0.000  0.511 0.000 999.99 0.259   7.828 0.000   3.656 0.000   4.173 0.000 0.036 0.000  0.464 0.000
 51.208333  52.208333   19.79 0.000  3.05 0.000 9.999 0.259  1.36 0.000 0.248 0.000  1.805 0.000  2.526 0.000 999.99 0.259  18.813 0.000   7.229 0.000  11.584 0.000 0.067 0.000  1.303 0.000
 54.208333  55.208333   13.58 0.000  0.93 0.000 9.999 0.259  0.93 0.000 0.074 0.000  0.802 0.000  1.122 0.000 999.99 0.259   6.555 0.000   2.873 0.000   3.682 0.000 0.020 0.000  0.374 0.000
 57.208333  58.208333   12.48 0.000  0.92 0.000 9.999 0.259  0.47 0.000 0.044 0.000  0.495 0.000  0.692 0.000 999.99 0.259  11.658 0.000   8.288 0.000   3.370 0.000 0.034 0.000  0.211 0.000
 60.208333  61.208333   41.79 0.000  6.43 0.000 9.999 0.259  1.58 0.000 0.393 0.000  2.597 0.000  3.635 0.000 999.99 0.259  15.278 0.000   4.638 0.000  10.640 0.000 0.063 0.000  1.264 0.000
 63.208333  64.208333   26.67 0.000  3.18 0.000 9.999 0.259  1.36 0.000 0.096 0.000  1.603 0.000  2.245 0.000 999.99 0.259  13.931 0.000   1.838 0.000  12.093 0.000 0.037 0.000  2.026 0.000
 66.208333  67.208333    6.43 0.000  0.68 0.000 9.999 0.259  0.45 0.000 0.040 0.000  0.394 0.000  0.552 0.000 999.99 0.259   7.028 0.000   3.256 0.000   3.772 0.000 0.024 0.000  0.562 0.000
 69.208333  70.208333    6.86 0.000  0.76 0.000 0.059 0.000  0.34 0.000 0.082 0.000  0.391 0.000  0.547 0.000 999.99 0.259  15.939 0.000  11.241 0.000   4.698 0.000 0.037 0.000  0.556 0.000
 72.208333  73.208333   11.99 0.000  1.29 0.000 0.033 0.000  0.41 0.000 0.077 0.559  0.488 0.000  0.683 0.000 999.99 0.259   7.155 0.000   3.284 0.000   3.871 0.000 0.025 0.000  0.527 0.559
 75.208333  76.208333    9.12 0.000  0.67 0.000 9.999 0.259  0.30 0.000 0.050 0.000  0.378 0.000  0.529 0.000 999.99 0.259   7.145 0.000   3.857 0.000   3.289 0.000 0.022 0.000  0.450 0.000
 78.208333  79.208333   17.44 0.000  2.11 0.000 0.030 0.000  0.33 0.000 0.117 0.000  0.378 0.000  0.530 0.000 999.99 0.259  13.047 0.000   8.020 0.000   5.027 0.000 0.040 0.000  0.771 0.000
 81.208333  82.208333   15.80 0.000  1.52 0.000 9.999 0.259  0.38 0.000 0.072 0.000  0.460 0.000  0.644 0.000 999.99 0.259   7.239 0.000   3.679 0.000   3.561 0.000 0.027 0.000  0.421 0.000
 84.208333  85.208333   31.33 0.000  3.32 0.000 0.092 0.000  0.75 0.000 0.235 0.000  1.240 0.000  1.737 0.000 999.99 0.259  16.372 0.000   7.064 0.000   9.308 0.000 0.056 0.000  1.155 0.000
 87.208333  88.208333    4.28 0.000  0.53 0.000 9.999 0.259  0.25 0.000 0.060 0.559  0.240 0.000  0.337 0.000 999.99 0.259  19.192 0.000  11.376 0.000   7.816 0.000 0.059 0.000  0.587 0.559
 90.208333  91.208333    6.52 0.000  0.92 0.000 0.051 0.000  0.46 0.000 0.058 0.559 99.999 0.999 99.999 0.999 999.99 0.259 999.999 0.456 999.999 0.999   4.610 0.000 0.032 0.000  0.521 0.559
 93.208333  94.208333    0.41 0.000 99.99 0.259 0.025 0.000  0.22 0.000 0.024 0.559 99.999 0.999 99.999 0.999 999.99 0.259 999.999 0.456 999.999 0.999   2.335 0.000 0.011 0.000  0.297 0.559
 96.208333  97.208333    9.86 0.000  0.41 0.000 9.999 0.259  0.28 0.000 0.045 0.559 99.999 0.999 99.999 0.999 999.99 0.259 999.999 0.456 999.999 0.999   1.971 0.000 0.016 0.000  0.162 0.559
 99.208333 100.208333   25.39 0.000  3.46 0.000 9.999 0.259  1.12 0.000 0.104 0.559  1.628 0.000  2.280 0.000 999.99 0.259  10.930 0.000   2.994 0.000   7.936 0.000 0.030 0.000  1.173 0.559
102.208333 103.208333   16.14 0.000  2.38 0.000 0.058 0.000  0.86 0.000 0.190 0.559  0.781 0.000  1.094 0.000 999.99 0.259  10.108 0.000   3.104 0.000   7.004 0.000 0.036 0.000  0.901 0.559
105.208333 106.208333    6.52 0.000  0.72 0.000 9.999 0.259  0.13 0.000 0.049 0.559  0.343 0.000  0.480 0.000 999.99 0.259   8.835 0.000   4.757 0.000   4.078 0.000 0.037 0.000  0.346 0.559
108.208333 109.208333   32.50 0.000  3.07 0.000 0.053 0.000  1.35 0.000 0.211 0.559  1.563 0.000  2.188 0.000 999.99 0.259  14.177 0.000   4.188 0.000   9.988 0.000 0.056 0.000  1.240 0.559
111.208333 112.208333   13.32 0.000  0.81 0.000 9.999 0.259  0.34 0.000 0.100 0.559  0.560 0.000  0.784 0.000 999.99 0.259  10.396 0.000   6.357 0.000   4.039 0.000 0.030 0.000  0.387 0.559
114.208333 115.208333   18.67 0.000  1.70 0.000 9.999 0.259  0.38 0.000 0.065 0.000  0.486 0.000  0.680 0.000 999.99 0.259   7.443 0.000   3.484 0.000   3.960 0.000 0.032 0.000  0.488 0.000
117.208333 118.208333   17.46 0.000  1.90 0.000 9.999 0.259  1.01 0.000 0.064 0.000  0.952 0.000  1.332 0.000 999.99 0.259   7.192 0.000   1.543 0.000   5.649 0.000 0.020 0.000  0.850 0.000
120.208333 121.208333   36.12 0.000  2.39 0.000 9.999 0.259  0.78 0.000 0.226 0.000  0.942 0.000  1.318 0.000 999.99 0.259  15.790 0.000   6.659 0.000   9.131 0.000 0.053 0.000  1.222 0.000
123.208333 124.208333    7.58 0.000  0.45 0.000 9.999 0.259  0.44 0.000 0.030 0.000  0.307 0.000  0.429 0.000 999.99 0.259   3.679 0.000   0.877 0.000   2.802 0.000 0.022 0.000  0.380 0.000
126.208333 127.208333   33.79 0.000  2.58 0.000 0.081 0.000  0.67 0.000 0.151 0.000  1.220 0.000  1.709 0.000 999.99 0.259  14.471 0.000   4.158 0.000  10.313 0.000 0.033 0.000  1.637 0.000
129.208333 130.208333   14.74 0.000  1.64 0.000 9.999 0.259  0.36 0.000 0.079 0.000  0.677 0.000  0.947 0.000 999.99 0.259   7.028 0.000   2.920 0.000   4.108 0.000 0.027 0.000  0.539 0.000
132.208333 133.208333   60.72 0.000  3.04 0.000 9.999 0.259  2.69 0.000 0.125 0.000  4.191 0.000  5.867 0.000 999.99 0.259  29.649 0.000   5.865 0.000  23.784 0.000 0.051 0.000  3.578 0.000
135.208333 136.208333   55.11 0.000  1.60 0.000 9.999 0.259  1.65 0.000 0.193 0.000  1.407 0.000  1.970 0.000 999.99 0.259  19.015 0.000   5.396 0.000  13.618 0.000 0.059 0.000  2.179 0.000
138.208333 139.208333   30.37 0.000  0.75 0.000 0.083 0.000  0.63 0.000 0.127 0.559  0.586 0.000  0.821 0.000 999.99 0.259  11.403 0.000   4.077 0.000   7.327 0.000 0.040 0.000  1.125 0.559
141.208333 142.208333   27.96 0.000  1.17 0.000 0.082 0.000  0.86 0.000 0.088 0.000  1.800 0.000  2.519 0.000 999.99 0.259  14.178 0.000   4.270 0.000   9.908 0.000 0.027 0.000  1.431 0.000
144.208333 145.208333    1.49 0.000  0.34 0.000 0.070 0.000  0.66 0.000 0.059 0.000  0.643 0.000  0.900 0.000 999.99 0.259   6.242 0.000   2.604 0.000   3.638 0.000 0.020 0.000  0.348 0.000
147.208333 148.208333    1.07 0.000  0.45 0.000 9.999 0.259  0.56 0.000 0.029 0.000  0.355 0.000  0.497 0.000 999.99 0.259   4.878 0.000   2.296 0.000   2.582 0.000 0.011 0.000  0.352 0.000
150.208333 151.208333   18.33 0.000  1.83 0.000 9.999 0.259  0.31 0.000 0.027 0.000  0.980 0.000  1.371 0.000 999.99 0.259  10.645 0.000   6.777 0.000   3.868 0.000 0.028 0.000  0.371 0.000
153.208333 154.208333   18.49 0.000  1.51 0.000 0.148 0.000  0.91 0.000 0.124 0.000  1.141 0.000  1.598 0.000 999.99 0.259  18.214 0.000   8.250 0.000   9.964 0.000 0.044 0.000  1.580 0.000
156.208333 157.208333   13.35 0.000  0.72 0.000 9.999 0.259  0.82 0.000 0.100 0.000  0.955 0.000  1.336 0.000 999.99 0.259   9.647 0.000   5.250 0.000   4.397 0.000 0.021 0.000  0.383 0.000
159.208333 160.208333   45.82 0.000  3.27 0.000 0.213 0.000  1.62 0.000 0.067 0.000  2.228 0.000  3.120 0.000 999.99 0.259  32.080 0.000   8.484 0.000  23.596 0.000 0.042 0.000  4.293 0.000
162.208333 163.208333   39.11 0.000  1.45 0.000 9.999 0.259  0.25 0.000 0.051 0.000  0.903 0.000  1.264 0.000 999.99 0.259  16.410 0.000  12.830 0.000   3.580 0.000 0.033 0.000  0.234 0.000
165.208333 166.208333   11.96 0.000  0.51 0.000 9.999 0.259  0.60 0.000 0.073 0.000  0.310 0.000  0.434 0.000 999.99 0.259  12.111 0.000   8.117 0.000   3.995 0.000 0.031 0.000  0.243 0.000
168.208333 169.208333   36.61 0.000  2.15 0.000 9.999 0.259  1.78 0.000 0.058 0.000  2.318 0.000  3.245 0.000 999.99 0.259  24.678 0.000   9.425 0.000  15.253 0.000 0.043 0.000  2.298 0.000
171.208333 172.208333   21.19 0.000  1.03 0.000 9.999 0.259  0.16 0.000 0.029 0.000  0.822 0.000  1.150 0.000 999.99 0.259  10.830 0.000   8.059 0.000   2.772 0.000 0.022 0.000  0.156 0.000
174.208333 175.208333   31.16 0.000  2.00 0.000 0.128 0.000  1.03 0.000 0.075 0.000  1.759 0.000  2.463 0.000 999.99 0.259  26.786 0.000  14.751 0.000  12.035 0.000 0.037 0.000  1.931 0.000
177.208333 178.208333   14.98 0.000  1.25 0.000 0.102 0.000  0.69 0.000 0.063 0.000  0.797 0.000  1.115 0.000 999.99 0.259  11.326 0.000   5.360 0.000   5.966 0.000 0.025 0.000  1.015 0.000
180.208333 181.208333   32.04 0.000  2.11 0.000 9.999 0.259  1.27 0.000 0.076 0.000  2.362 0.000  3.307 0.000 999.99 0.259  14.942 0.000   3.559 0.000  11.382 0.000 0.035 0.000  1.379 0.000
183.208333 184.208333   31.83 0.000  1.31 0.000 9.999 0.259  0.85 0.000 0.058 0.000  1.090 0.000  1.526 0.000 999.99 0.259  23.887 0.000   9.654 0.000  14.233 0.000 0.047 0.000  2.716 0.000
186.208333 187.208333    9.21 0.000  1.61 0.000 9.999 0.259  0.77 0.000 0.119 0.000  1.214 0.000  1.699 0.000 999.99 0.259   9.440 0.000   2.998 0.000   6.442 0.000 0.087 0.000  0.809 0.000
189.208333 190.208333    8.50 0.000  0.45 0.000 9.999 0.259  0.59 0.000 0.034 0.000  0.776 0.000  1.086 0.000 999.99 0.259  10.458 0.000   5.071 0.000   5.387 0.000 0.014 0.000  0.842 0.000
192.208333 193.208333    7.96 0.000  1.58 0.000 9.999 0.259  0.37 0.000 0.035 0.000  1.938 0.000  2.713 0.000 999.99 0.259   7.978 0.000   3.022 0.000   4.956 0.000 0.041 0.000  0.312 0.000
195.208333 196.208333    1.17 0.000 99.99 0.259 9.999 0.259  0.19 0.000 0.051 0.000  2.276 0.000  3.187 0.000  21.65 0.000  11.295 0.000   4.164 0.000   7.131 0.000 0.066 0.000  0.347 0.000
198.208333 199.208333   29.79 0.000  1.64 0.000 0.109 0.000  1.00 0.000 0.062 0.000  2.873 0.000  4.022 0.000 999.99 0.259  15.437 0.000   3.622 0.000  11.815 0.000 0.046 0.000  1.414 0.000
201.208333 202.208333   30.74 0.000  2.61 0.000 0.080 0.000  2.04 0.000 0.058 0.000  2.155 0.000  3.017 0.000 999.99 0.259  24.645 0.000   3.248 0.000  21.397 0.000 0.034 0.000  4.025 0.000
204.208333 205.208333   20.04 0.000  1.83 0.000 9.999 0.259  1.11 0.000 0.032 0.000  0.936 0.000  1.311 0.000 999.99 0.259  23.869 0.000   4.600 0.000  19.269 0.000 0.028 0.000  3.859 0.000
207.208333 208.208333    2.85 0.000  0.86 0.000 9.999 0.259  0.54 0.000 0.034 0.000  1.533 0.000  2.146 0.000 999.99 0.259   9.924 0.000   4.869 0.000   5.055 0.000 0.023 0.000  0.440 0.000
210.208333 211.208333   10.45 0.000  0.82 0.000 0.472 0.000  1.50 0.000 0.026 0.000  1.098 0.000  1.537 0.000 999.99 0.259  21.409 0.000   6.549 0.000  14.859 0.000 0.016 0.000  2.534 0.000
213.208333 214.208333   15.81 0.000  0.34 0.000 9.999 0.259  0.40 0.000 0.085 0.000  0.441 0.000  0.617 0.000 999.99 0.259   9.056 0.000   4.031 0.000   5.026 0.000 0.040 0.000  0.515 0.000
216.208333 217.208333   16.26 0.000  1.01 0.000 9.999 0.259  0.83 0.000 0.077 0.000  1.676 0.000  2.347 0.000 999.99 0.259   9.246 0.000   2.452 0.000   6.794 0.000 0.030 0.000  0.807 0.000
219.208333 220.208333   21.82 0.000  2.32 0.000 9.999 0.259  0.40 0.000 0.050 0.000  1.291 0.000  1.807 0.000 999.99 0.259   7.966 0.000   3.541 0.000   4.425 0.000 0.061 0.000  0.320 0.000
222.208333 223.208333   37.24 0.000  3.49 0.000 9.999 0.259  2.17 0.000 0.056 0.000  2.355 0.000  3.297 0.000 999.99 0.259  21.011 0.000   3.795 0.000  17.216 0.000 0.036 0.000  2.593 0.000
225.208333 226.208333   38.35 0.000  0.29 0.000 9.999 0.259  0.65 0.000 0.104 0.000  0.599 0.000  0.839 0.000 999.99 0.259  11.193 0.000   5.345 0.000   5.848 0.000 0.049 0.000  0.769 0.000
228.208333 229.208333    3.85 0.000  0.69 0.000 9.999 0.259  0.32 0.000 0.052 0.000  1.376 0.000  1.927 0.000 999.99 0.259   7.516 0.000   2.491 0.000   5.026 0.000 0.033 0.000  0.514 0.000
231.208333 232.208333   22.98 0.000  1.28 0.000 0.085 0.000  0.68 0.000 0.122 0.000  0.969 0.000  1.357 0.000 999.99 0.259  17.300 0.000   3.197 0.000  14.103 0.000 0.049 0.000  2.814 0.000
234.208333 235.208333   14.63 0.000  1.73 0.000 9.999 0.259  0.38 0.000 0.043 0.000  1.724 0.000  2.413 0.000 999.99 0.259  11.070 0.000   5.800 0.000   5.270 0.000 0.046 0.000  0.381 0.000
237.208333 238.208333   10.60 0.000  1.14 0.000 9.999 0.259  0.53 0.000 0.042 0.000  0.883 0.000  1.237 0.000 999.99 0.259   5.801 0.000   2.872 0.000   2.929 0.000 0.016 0.000  0.193 0.000
240.208333 241.208333   30.87 0.000  1.15 0.000 9.999 0.259  2.38 0.000 0.133 0.000  1.667 0.000  2.334 0.000 999.99 0.259  18.709 0.000   2.991 0.000  15.718 0.000 0.050 0.000  2.930 0.000
243.208333 244.208333    6.32 0.000  0.22 0.000 9.999 0.259  0.36 0.000 0.049 0.000  0.790 0.000  1.107 0.000 999.99 0.259   5.721 0.000   2.045 0.000   3.676 0.000 0.024 0.000  0.404 0.000
246.208333 247.208333   12.08 0.000  1.04 0.000 9.999 0.259  0.31 0.000 0.056 0.000  1.214 0.000  1.700 0.000 999.99 0.259   9.640 0.000   5.789 0.000   3.851 0.000 0.017 0.000  0.345 0.000
249.208333 250.208333    1.10 0.000 99.99 0.259 9.999 0.259  0.44 0.000 0.056 0.000  0.402 0.000  0.562 0.000 999.99 0.259   9.640 0.000   6.396 0.000   3.245 0.000 0.023 0.000  0.215 0.000
