scripts/IMPROVE-2019_partial/data/US0061R.19940101050000.20191216000000.filterpack...1y.3d.US03L_filterpack_US0061.US03L_IMPROVE_Davis.lev2.nas
51 1001
MISSING INFORMATION
US03L, IMPROVE, , , , , , , 
MISSING INFORMATION
IMPROVE sel_HTAP
1 1
1994 01 01 2019 12 16
0
days from file reference point
4
1 1 1 1
999.999999 999.999 999.999 9.999
end_time of measurement, days from the file reference point
pm10_mass, ug/m3, Matrix=pm10
pm25_mass, ug/m3, Matrix=pm25
numflag, no unit
0
33
Data definition:              EBAS_1.1
Set type code:                TI
Timezone:                     UTC
File name:                    US0061R.19940101050000.20191216000000.filterpack...1y.3d.US03L_filterpack_US0061.US03L_IMPROVE_Davis.lev2.nas
File creation:                20191218115917
Startdate:                    19940101050000
Revision date:                20191216000000
Version:                      2
Version description:          "Data extracted from http://views.cira.colostate.edu/fed/DataWizard 2019-12-16"
Statistics:                   arithmetic mean
Data level:                   2
Period code:                  1y
Resolution code:              3d
Sample duration:              1d
Orig. time res.:              3d
Station code:                 US0061R
Platform code:                US0061S
Station name:                 Brigantine NWR
Station latitude:             39.465
Station longitude:            -74.4492
Station altitude:             5.0 m
Regime:                       IMG
Component:                    
Unit:                         ug/m3
Matrix:                       
Laboratory code:              US03L
Instrument type:              filterpack
Instrument name:              filterpack_US0061
Method ref:                   US03L_IMPROVE_Davis
Blank correction:             Blank corrected
Volume std. temperature:      ambient
Volume std. pressure:         ambient
starttime endtime PM10 PM2.5 flag
  0.208333   1.208333  25.982  14.007 0.000
  4.208333   5.208333  15.247   9.153 0.000
  7.208333   8.208333  18.458   8.224 0.000
 11.208333  12.208333  26.667  18.372 0.000
 14.208333  15.208333  17.928   8.377 0.000
 18.208333  19.208333  17.957  12.964 0.000
 21.208333  22.208333  25.844  23.050 0.000
 25.208333  26.208333  14.493   7.934 0.000
 28.208333  29.208333  21.607  11.974 0.000
 32.208333  33.208333  25.043  17.314 0.000
 35.208333  36.208333  33.233  23.934 0.000
 39.208333  40.208333  17.545  13.633 0.000
 42.208333  43.208333  28.214  12.442 0.000
 46.208333  47.208333  14.871   9.304 0.000
 49.208333  50.208333  19.915  10.415 0.000
 53.208333  54.208333  14.596   6.975 0.000
 56.208333  57.208333  18.291   8.131 0.000
 60.208333  61.208333  26.610  10.252 0.000
 63.208333  64.208333  46.125  14.586 0.000
 67.208333  68.208333  19.871   7.611 0.000
 70.208333  71.208333  25.593   6.146 0.000
 74.208333  75.208333  18.771   9.839 0.000
 77.208333  78.208333  25.975  13.844 0.000
 81.208333  82.208333  19.912  10.872 0.000
 84.208333  85.208333  13.084   7.492 0.000
 88.208333  89.208333  17.056  12.727 0.000
 91.208333  92.208333  43.810  21.136 0.000
 95.208333  96.208333  24.492  14.101 0.000
 98.208333  99.208333  17.331   5.268 0.000
102.208333 103.208333  10.886   5.062 0.000
105.208333 106.208333  16.885   8.032 0.000
109.208333 110.208333  21.488   9.019 0.000
112.208333 113.208333  19.504   5.637 0.000
116.208333 117.208333  31.453  18.567 0.000
119.208333 120.208333  36.709  21.318 0.000
123.208333 124.208333  12.851   5.556 0.000
126.208333 127.208333  31.447  12.524 0.000
130.208333 131.208333  21.674   8.667 0.000
133.208333 134.208333  25.230   6.518 0.000
137.208333 138.208333  16.721   6.038 0.000
140.208333 141.208333  17.418   8.868 0.000
144.208333 145.208333  49.286  28.608 0.000
147.208333 148.208333  20.252   5.443 0.000
151.208333 152.208333  36.281  13.706 0.000
154.208333 155.208333  22.149   9.904 0.000
158.208333 159.208333  33.866  16.006 0.000
161.208333 162.208333  29.874  21.139 0.000
165.208333 166.208333  43.529  25.692 0.000
168.208333 169.208333  25.546  13.817 0.000
172.208333 173.208333  26.527  18.250 0.000
175.208333 176.208333  32.385  18.333 0.000
179.208333 180.208333  29.020  15.714 0.000
182.208333 183.208333  29.036  20.677 0.000
186.208333 187.208333  29.208  13.470 0.000
189.208333 190.208333  46.583  25.437 0.000
193.208333 194.208333  47.623  30.694 0.000
196.208333 197.208333  48.607  30.379 0.000
200.208333 201.208333  25.353  10.906 0.000
203.208333 204.208333  23.485   5.781 0.000
207.208333 208.208333  25.083  22.767 0.000
210.208333 211.208333  22.042   7.826 0.000
214.208333 215.208333  25.285  19.310 0.000
217.208333 218.208333  13.780   5.361 0.000
221.208333 222.208333  23.821  18.602 0.000
224.208333 225.208333  26.098  14.534 0.000
228.208333 229.208333  22.906  13.608 0.000
231.208333 232.208333  23.632  15.112 0.000
235.208333 236.208333  33.896  14.581 0.000
238.208333 239.208333 999.999 999.999 0.999
242.208333 243.208333  24.008  10.185 0.000
245.208333 246.208333  15.749   6.335 0.000
249.208333 250.208333  39.289  25.531 0.000
252.208333 253.208333  27.866  16.444 0.000
256.208333 257.208333  55.101  30.854 0.000
259.208333 260.208333 999.999 999.999 0.999
263.208333 264.208333  15.477   7.483 0.000
266.208333 267.208333  19.751  10.940 0.000
270.208333 271.208333  36.966  17.474 0.000
273.208333 274.208333  21.565  10.966 0.000
277.208333 278.208333  17.167   6.734 0.000
280.208333 281.208333  16.609   8.576 0.000
284.208333 285.208333  16.458   5.657 0.000
287.208333 288.208333  19.750   6.936 0.000
291.208333 292.208333  39.623  16.488 0.000
294.208333 295.208333  16.444   7.391 0.000
298.208333 299.208333  20.000  11.448 0.000
301.208333 302.208333  20.905   9.252 0.000
305.208333 306.208333  12.931   4.041 0.000
308.208333 309.208333  32.882  17.621 0.000
312.208333 313.208333  45.690  18.623 0.000
315.208333 316.208333  12.371   4.728 0.000
319.208333 320.208333  12.900   4.178 0.000
322.208333 323.208333  11.447   7.352 0.000
326.208333 327.208333   9.211   3.415 0.000
329.208333 330.208333  17.922   9.479 0.000
333.208333 334.208333   9.829   6.267 0.000
336.208333 337.208333  26.413  18.844 0.000
340.208333 341.208333  23.524  14.049 0.000
343.208333 344.208333  14.361  10.035 0.000
347.208333 348.208333  27.080   8.229 0.000
350.208333 351.208333  19.159   8.194 0.000
354.208333 355.208333  22.944  14.775 0.000
357.208333 358.208333   7.100   3.643 0.000
361.208333 362.208333  25.321   9.809 0.000
364.208333 365.208333  22.978   7.823 0.000
