scripts/IMPROVE-2019_partial/data/US0050R.20110103060000.20191216000000.filterpack...1y.3d.US03L_filterpack_US0050.US03L_IMPROVE_Davis.lev2.nas
51 1001
MISSING INFORMATION
US03L, IMPROVE, , , , , , , 
MISSING INFORMATION
IMPROVE sel_HTAP
1 1
2011 01 01 2019 12 16
3.00
days from file reference point
4
1 1 1 1
999.99 999.999 999.999 9.999
end_time of measurement, days from the file reference point
pm10_mass, ug/m3, Matrix=pm10
pm25_mass, ug/m3, Matrix=pm25
numflag, no unit
0
33
Data definition:              EBAS_1.1
Set type code:                TU
Timezone:                     UTC
File name:                    US0050R.20110103060000.20191216000000.filterpack...1y.3d.US03L_filterpack_US0050.US03L_IMPROVE_Davis.lev2.nas
File creation:                20191218115827
Startdate:                    20110103060000
Revision date:                20191216000000
Version:                      2
Version description:          "Data extracted from http://views.cira.colostate.edu/fed/DataWizard 2019-12-16"
Statistics:                   arithmetic mean
Data level:                   2
Period code:                  1y
Resolution code:              3d
Sample duration:              1d
Orig. time res.:              3d
Station code:                 US0050R
Platform code:                US0050S
Station name:                 Blue Mounds
Station latitude:             43.7158
Station longitude:            -96.1913
Station altitude:             473.0 m
Regime:                       IMG
Component:                    
Unit:                         ug/m3
Matrix:                       
Laboratory code:              US03L
Instrument type:              filterpack
Instrument name:              filterpack_US0050
Method ref:                   US03L_IMPROVE_Davis
Blank correction:             Blank corrected
Volume std. temperature:      ambient
Volume std. pressure:         ambient
starttime endtime PM10 PM2.5 flag
  2.25   3.25   9.018   6.869 0.000
  5.25   6.25  16.422  13.304 0.000
  8.25   9.25  10.104   6.132 0.000
 11.25  12.25  10.920   8.244 0.000
 14.25  15.25   4.122   3.665 0.000
 17.25  18.25   3.464   3.055 0.000
 20.25  21.25   9.562   7.775 0.000
 23.25  24.25   9.938   9.189 0.000
 26.25  27.25  15.420  12.861 0.000
 29.25  30.25   7.305   5.699 0.000
 32.25  33.25 999.999 999.999 0.999
 35.25  36.25  17.528  15.890 0.000
 38.25  39.25   8.814   7.089 0.000
 41.25  42.25   7.516   5.849 0.000
 44.25  45.25   7.908   6.476 0.000
 47.25  48.25 999.999 999.999 0.999
 50.25  51.25 999.999 999.999 0.999
 53.25  54.25   9.537  10.742 0.000
 56.25  57.25   8.259   6.287 0.000
 59.25  60.25   9.285   6.809 0.000
 62.25  63.25  23.163  19.048 0.000
 65.25  66.25  13.896  12.388 0.000
 68.25  69.25 999.999 999.999 0.999
 71.25  72.25   5.846   4.734 0.000
 74.25  75.25  16.742  11.159 0.000
 77.25  78.25  10.883   8.329 0.000
 80.25  81.25   5.584   5.333 0.000
 83.25  84.25  10.191   9.323 0.000
 86.25  87.25  10.288   7.648 0.000
 89.25  90.25 999.999 999.999 0.999
 92.25  93.25 999.999 999.999 0.999
 95.25  96.25 999.999 999.999 0.999
 98.25  99.25 999.999 999.999 0.999
101.25 102.25 999.999 999.999 0.999
104.25 105.25   5.663   4.547 0.000
107.25 108.25   5.318   4.860 0.000
110.25 111.25 999.999 999.999 0.999
113.25 114.25 999.999 999.999 0.999
116.25 117.25   4.907   2.738 0.000
119.25 120.25 999.999 999.999 0.999
122.25 123.25 999.999 999.999 0.999
125.25 126.25  24.779   4.109 0.000
128.25 129.25  26.807  16.709 0.000
131.25 132.25   4.871   2.766 0.000
134.25 135.25   4.587   2.766 0.000
137.25 138.25  23.910   4.627 0.000
140.25 141.25   7.091   4.420 0.000
143.25 144.25   8.320   4.719 0.000
146.25 147.25  10.104   5.065 0.000
149.25 150.25  30.764  11.759 0.000
152.25 153.25  20.160   7.270 0.000
155.25 156.25  19.034   5.751 0.000
158.25 159.25  25.901   5.501 0.000
161.25 162.25   5.379   3.527 0.000
164.25 165.25   8.496   5.762 0.000
167.25 168.25  12.311   6.775 0.000
170.25 171.25  10.902   7.401 0.000
173.25 174.25   5.213   2.523 0.000
176.25 177.25   7.459   5.311 0.000
179.25 180.25  21.689   8.120 0.000
182.25 183.25   9.560   3.374 0.000
185.25 186.25  13.239   6.191 0.000
188.25 189.25  20.928   7.807 0.000
191.25 192.25   8.670   3.492 0.000
194.25 195.25 999.999 999.999 0.999
197.25 198.25 999.999 999.999 0.999
200.25 201.25 999.999 999.999 0.999
203.25 204.25  18.479   7.613 0.000
206.25 207.25  16.887   7.532 0.000
209.25 210.25  11.746   5.087 0.000
212.25 213.25  25.081  12.505 0.000
215.25 216.25  19.618   5.973 0.000
218.25 219.25  11.011   6.325 0.000
221.25 222.25  11.059   3.432 0.000
224.25 225.25   8.586   4.884 0.000
227.25 228.25  14.156   6.851 0.000
230.25 231.25  13.710   3.997 0.000
233.25 234.25  18.418   7.768 0.000
236.25 237.25  19.565   4.415 0.000
239.25 240.25   8.114   3.547 0.000
242.25 243.25  13.814  10.720 0.000
245.25 246.25  12.883   4.295 0.000
248.25 249.25  12.909   3.525 0.000
251.25 252.25  25.178   6.843 0.000
254.25 255.25 999.999 999.999 0.999
257.25 258.25  11.079   2.566 0.000
260.25 261.25   6.219   4.829 0.000
263.25 264.25 999.999 999.999 0.999
266.25 267.25 999.999 999.999 0.999
269.25 270.25 999.999 999.999 0.999
272.25 273.25  29.653   6.308 0.000
275.25 276.25  53.169  10.504 0.000
278.25 279.25  76.027  14.398 0.000
281.25 282.25  18.410   6.520 0.000
284.25 285.25   8.742   3.324 0.000
287.25 288.25  15.197   3.079 0.000
290.25 291.25  19.752   3.467 0.000
293.25 294.25  46.662   8.904 0.000
296.25 297.25  16.966   3.562 0.000
299.25 300.25  23.717   5.773 0.000
302.25 303.25  14.464   4.236 0.000
305.25 306.25  13.515   3.484 0.000
308.25 309.25  26.433  11.845 0.000
311.25 312.25  29.301   8.551 0.000
314.25 315.25  66.495   8.815 0.000
317.25 318.25  12.599   2.603 0.000
320.25 321.25  28.638   5.717 0.000
323.25 324.25   6.562   3.020 0.000
326.25 327.25  29.608  15.410 0.000
329.25 330.25  15.002   7.182 0.000
332.25 333.25  18.432   5.879 0.000
335.25 336.25  25.485   5.521 0.000
338.25 339.25  13.092   6.195 0.000
341.25 342.25  11.234   4.532 0.000
344.25 345.25 999.999 999.999 0.999
347.25 348.25   5.808   5.283 0.000
350.25 351.25  10.504   7.066 0.000
353.25 354.25  10.903   4.939 0.000
356.25 357.25  10.527   2.232 0.000
359.25 360.25  10.148   1.742 0.000
362.25 363.25   9.216   3.565 0.000
