scripts/IMPROVE-2019_partial/data/US0015R.20020102070000.20191216000000.filterpack..pm25.52w.1w.US03L_filterpack_US0015.US03L_IMPROVE_Davis.lev2.nas
66 1001
MISSING INFORMATION
US03L, IMPROVE, , , , , , , 
MISSING INFORMATION
IMPROVE sel_HTAP
1 1
2002 01 01 2019 12 16
3.000000
days from file reference point
27
1 1 1 1 1 1 1 1 1 1 1 1 1 1 1 1 1 1 1 1 1 1 1 1 1 1 1
999.999999 9999.99 9.999 99.99 9.999 9.999 9.999999 99.99 9.999999 9.999 9.999 99.999 9.999 99.999 9.999 999.9 9.999999 999.999 9.999 999.999 9.999 999.999 9.999 9.999 9.999 9.999 9.999
end_time of measurement, days from the file reference point
iron, ng/m3, Revision date=20181210133000
numflag iron, no unit, Revision date=20181210133000
lead, ng/m3, Revision date=20181210133000
numflag lead, no unit, Revision date=20181210133000
magnesium, ug/m3, Revision date=20181210133000
numflag magnesium, no unit, Revision date=20181210133000
nickel, ng/m3, Revision date=20181210133000
numflag nickel, no unit, Revision date=20181210133000
nitrate, ug N/m3, Revision date=20181210133000
numflag nitrate, no unit, Revision date=20181210133000
organic_carbon, ug C/m3, Revision date=20181210133000
numflag organic_carbon, no unit, Revision date=20181210133000
organic_mass, ug/m3, Revision date=20181210133000
numflag organic_mass, no unit, Revision date=20181210133000
phosphorus, ng/m3, Revision date=20181210133000
numflag phosphorus, no unit, Revision date=20181210133000
pm10_mass, ug/m3, Version=2, Version description=Data extracted from http://views.cira.colostate.edu/fed/DataWizard 2019-12-16, Sample duration=1d, Orig. time res.=3d, Matrix=pm10, Blank correction=Blank corrected, Volume std. temperature=ambient, Volume std. pressure=ambient
numflag pm10_mass, no unit, Version=2, Version description=Data extracted from http://views.cira.colostate.edu/fed/DataWizard 2019-12-16, Sample duration=1d, Orig. time res.=3d, Matrix=pm10, Blank correction=Blank corrected, Volume std. temperature=ambient, Volume std. pressure=ambient
pm10_pm25_mass, ug/m3, Revision date=20181210133000, Matrix=pm10_pm25
numflag pm10_pm25_mass, no unit, Revision date=20181210133000, Matrix=pm10_pm25
pm25_mass, ug/m3, Version=2, Version description=Data extracted from http://views.cira.colostate.edu/fed/DataWizard 2019-12-16, Sample duration=1d, Orig. time res.=3d, Blank correction=Blank corrected, Volume std. temperature=ambient, Volume std. pressure=ambient
numflag pm25_mass, no unit, Version=2, Version description=Data extracted from http://views.cira.colostate.edu/fed/DataWizard 2019-12-16, Sample duration=1d, Orig. time res.=3d, Blank correction=Blank corrected, Volume std. temperature=ambient, Volume std. pressure=ambient
potassium, ug/m3, Revision date=20181210133000
numflag potassium, no unit, Revision date=20181210133000
sulphate_total, ug S/m3, Revision date=20181210133000
numflag sulphate_total, no unit, Revision date=20181210133000
0
25
Data definition:              EBAS_1.1
Set type code:                TU
Timezone:                     UTC
File name:                    US0015R.20020102070000.20191216000000.filterpack..pm25.52w.1w.US03L_filterpack_US0015.US03L_IMPROVE_Davis.lev2.nas
File creation:                20191218115624
Startdate:                    20020102070000
Revision date:                20191216000000
Statistics:                   arithmetic mean
Data level:                   2
Period code:                  52w
Resolution code:              1w
Station code:                 US0015R
Platform code:                US0015S
Station name:                 Ike's Backbone
Station latitude:             34.3405
Station longitude:            -111.6832
Station altitude:             1297.0 m
Regime:                       IMG
Component:                    
Matrix:                       pm25
Laboratory code:              US03L
Instrument type:              filterpack
Instrument name:              filterpack_US0015
Method ref:                   US03L_IMPROVE_Davis
starttime endtime Fe flag_Fe Pb flag_Pb Mg++ flag_Mg++ Ni flag_Ni NO3- flag_NO3- OC flag_OC OM flag_OM P flag_P PM10 flag_PM10 PM10-PM2.5 flag_PM10-PM2.5 PM2.5 flag_PM2.5 K+ flag_K+ SO4-- flag_SO4--
  1.291667   2.291667 9999.99 0.999 99.99 0.999 9.999 0.999000 99.99 0.999000 9.999 0.999 99.999 0.999 99.999 0.999 999.9 0.999000 999.999 0.999 999.999 0.999 999.999 0.999 9.999 0.999 9.999 0.999
  4.291667   5.291667    4.30 0.000  0.43 0.000 9.999 0.259000 99.99 0.259000 0.030 0.000  0.981 0.000  1.373 0.000 999.9 0.259000   1.972 0.000   0.784 0.000   1.188 0.000 0.009 0.000 0.077 0.000
  7.291667   8.291667    7.57 0.000  0.26 0.000 9.999 0.259000 99.99 0.259000 0.020 0.000  0.274 0.000  0.384 0.000 999.9 0.259000   2.229 0.000   1.344 0.000   0.885 0.000 0.005 0.000 0.042 0.000
 10.291667  11.291667    6.63 0.000  0.46 0.000 9.999 0.259000 99.99 0.259000 0.021 0.000  0.457 0.000  0.640 0.000 999.9 0.259000   3.082 0.000   1.626 0.000   1.456 0.000 0.007 0.000 0.158 0.000
 13.291667  14.291667   18.24 0.000  2.95 0.000 9.999 0.259000 99.99 0.259000 0.044 0.000  0.349 0.000  0.488 0.000 999.9 0.259000   3.657 0.000   2.134 0.000   1.523 0.000 0.015 0.000 0.105 0.000
 16.291667  17.291667   34.73 0.000  1.26 0.000 9.999 0.259000  0.26 0.000000 0.319 0.000  0.793 0.000  1.111 0.000 999.9 0.259000  12.508 0.000   7.777 0.000   4.731 0.000 0.052 0.000 0.367 0.000
 19.291667  20.291667   19.12 0.000  0.82 0.000 9.999 0.259000  0.05 0.000000 0.079 0.000  0.270 0.000  0.377 0.000 999.9 0.259000   4.345 0.000   2.738 0.000   1.607 0.000 0.017 0.000 0.093 0.000
 22.291667  23.291667   27.26 0.000  1.07 0.000 9.999 0.259000  0.09 0.000000 0.147 0.000  0.370 0.000  0.518 0.000 999.9 0.259000   9.137 0.000   6.802 0.000   2.335 0.000 0.027 0.000 0.144 0.000
 25.291667  26.291667   14.88 0.000  1.42 0.000 9.999 0.259000 99.99 0.259000 0.034 0.000  0.419 0.000  0.586 0.000 999.9 0.259000   4.955 0.000   2.741 0.000   2.214 0.000 0.019 0.000 0.191 0.000
 28.291667  29.291667   18.43 0.000  0.61 0.000 9.999 0.259000 99.99 0.259000 0.157 0.559  0.411 0.000  0.575 0.000 999.9 0.259000   8.281 0.000   6.105 0.000   2.176 0.000 0.026 0.000 0.126 0.559
 31.291667  32.291667    7.37 0.559  0.28 0.559 9.999 0.559259 99.99 0.559259 0.033 0.559  0.196 0.000  0.274 0.000 999.9 0.559259   1.747 0.000   0.957 0.000   0.790 0.559 0.006 0.559 0.024 0.559
 34.291667  35.291667 9999.99 0.259 99.99 0.259 9.999 0.259000 99.99 0.259000 9.999 0.259 99.999 0.259 99.999 0.259 999.9 0.259000   0.041 0.000 999.999 0.259   0.121 0.000 9.999 0.259 9.999 0.259
 37.291667  38.291667   15.00 0.699  0.50 0.699 9.999 0.699259 99.99 0.699259 0.031 0.559  0.407 0.000  0.570 0.000 999.9 0.699259   3.514 0.000   2.047 0.000   1.467 0.699 0.009 0.699 0.090 0.559
 40.291667  41.291667    9.14 0.559  0.23 0.559 9.999 0.559259  0.17 0.559000 0.017 0.559  0.130 0.000  0.182 0.000 999.9 0.559259   4.150 0.000   2.946 0.000   1.204 0.559 0.006 0.559 0.123 0.559
 43.291667  44.291667   30.94 0.000  1.08 0.000 9.999 0.259000  0.14 0.000000 0.036 0.559  0.305 0.000  0.427 0.000 999.9 0.259000   7.394 0.000   5.239 0.000   2.155 0.000 0.022 0.000 0.146 0.559
 46.291667  47.291667   27.50 0.000  1.17 0.000 9.999 0.259000  0.10 0.000000 0.034 0.559  0.391 0.000  0.547 0.000 999.9 0.259000   6.659 0.000   4.469 0.000   2.190 0.000 0.020 0.000 0.164 0.559
 49.291667  50.291667   24.30 0.000  0.54 0.000 9.999 0.259000 99.99 0.259000 0.099 0.559  0.345 0.000  0.483 0.000 999.9 0.259000   8.595 0.000   6.656 0.000   1.939 0.000 0.019 0.000 0.101 0.559
 52.291667  53.291667   18.68 0.000  0.39 0.000 9.999 0.259000 99.99 0.259000 0.018 0.559  0.213 0.000  0.298 0.000 999.9 0.259000   3.309 0.000   2.141 0.000   1.167 0.000 0.018 0.000 0.062 0.559
 55.291667  56.291667   35.11 0.000  0.59 0.000 9.999 0.259000 99.99 0.259000 0.040 0.559  0.264 0.000  0.369 0.000 999.9 0.259000   6.250 0.000   4.753 0.000   1.497 0.000 0.029 0.000 0.064 0.559
 58.291667  59.291667   75.65 0.000  1.02 0.000 9.999 0.259000  0.07 0.000000 0.095 0.559  0.437 0.000  0.612 0.000 999.9 0.259000  11.560 0.000   8.672 0.000   2.888 0.000 0.039 0.000 0.097 0.559
 61.291667  62.291667   19.70 0.000  0.61 0.000 9.999 0.259000  0.19 0.000000 0.046 0.559  0.201 0.000  0.282 0.000 999.9 0.259000   4.216 0.000   2.079 0.000   2.137 0.000 0.016 0.000 0.205 0.559
 64.291667  65.291667   62.89 0.000  1.63 0.000 9.999 0.259000 99.99 0.259000 0.117 0.559  0.602 0.000  0.843 0.000 999.9 0.259000  10.067 0.000   7.229 0.000   2.838 0.000 0.037 0.000 0.108 0.559
 67.291667  68.291667 9999.99 0.999 99.99 0.999 9.999 0.999000 99.99 0.999000 9.999 0.999 99.999 0.999 99.999 0.999 999.9 0.999000 999.999 0.999 999.999 0.999 999.999 0.999 9.999 0.999 9.999 0.999
 70.291667  71.291667 9999.99 0.999 99.99 0.999 9.999 0.999000 99.99 0.999000 9.999 0.999 99.999 0.999 99.999 0.999 999.9 0.999000 999.999 0.999 999.999 0.999 999.999 0.999 9.999 0.999 9.999 0.999
 73.291667  74.291667 9999.99 0.999 99.99 0.999 9.999 0.999000 99.99 0.999000 9.999 0.999 99.999 0.999 99.999 0.999 999.9 0.999000 999.999 0.999 999.999 0.999 999.999 0.999 9.999 0.999 9.999 0.999
 76.291667  77.291667 9999.99 0.999 99.99 0.999 9.999 0.999000 99.99 0.999000 9.999 0.999 99.999 0.999 99.999 0.999 999.9 0.999000 999.999 0.999 999.999 0.999 999.999 0.999 9.999 0.999 9.999 0.999
 79.291667  80.291667   47.31 0.000  0.86 0.000 9.999 0.259000 99.99 0.259000 0.026 0.559  0.328 0.000  0.459 0.000 999.9 0.259000   5.970 0.000   4.219 0.000   1.751 0.000 0.028 0.000 0.136 0.559
 82.291667  83.291667  122.92 0.000  0.77 0.000 9.999 0.259000  0.13 0.000000 0.107 0.000  0.456 0.000  0.638 0.000 999.9 0.259000  20.422 0.000  15.793 0.000   4.630 0.000 0.068 0.000 0.146 0.000
 85.291667  86.291667   81.82 0.000  2.44 0.000 9.999 0.259000  0.25 0.000000 0.172 0.000  0.527 0.000  0.738 0.000 999.9 0.259000  15.768 0.000  11.720 0.000   4.048 0.000 0.046 0.000 0.240 0.000
 88.291667  89.291667   81.68 0.000  1.49 0.000 9.999 0.259000  5.54 0.000000 0.115 0.000  0.745 0.000  1.043 0.000 999.9 0.259000  11.940 0.000   7.748 0.000   4.192 0.000 0.050 0.000 0.231 0.000
 91.291667  92.291667  135.06 0.000  2.23 0.000 9.999 0.259000  0.83 0.000000 0.065 0.000  0.654 0.000  0.915 0.000 999.9 0.259000 999.999 0.456 999.999 0.999   5.827 0.000 0.090 0.000 0.321 0.000
 94.291667  95.291667   50.21 0.000  1.09 0.000 9.999 0.259000  1.08 0.000000 0.033 0.000  0.426 0.000  0.597 0.000 999.9 0.259000 999.999 0.456 999.999 0.999   2.778 0.000 0.037 0.000 0.199 0.000
 97.291667  98.291667   88.73 0.000  1.51 0.000 9.999 0.259000  0.87 0.000000 0.107 0.000  0.715 0.000  1.001 0.000 999.9 0.259000 999.999 0.456 999.999 0.999   5.246 0.000 0.058 0.000 0.387 0.000
100.291667 101.291667   88.62 0.000  1.18 0.000 9.999 0.259000  0.75 0.000000 0.071 0.000  0.520 0.000  0.728 0.000 999.9 0.259000  10.861 0.000   6.221 0.000   4.640 0.000 0.055 0.000 0.313 0.000
103.291667 104.291667   89.62 0.000  0.83 0.000 9.999 0.259000  0.28 0.000000 0.040 0.000  0.433 0.000  0.607 0.000 999.9 0.259000   7.631 0.000   3.984 0.000   3.647 0.000 0.049 0.000 0.184 0.000
106.291667 107.291667   84.09 0.000  0.55 0.000 9.999 0.259000  1.49 0.000000 0.100 0.559  0.299 0.000  0.419 0.000 999.9 0.259000  10.274 0.000   6.037 0.000   4.237 0.000 0.047 0.000 0.258 0.559
109.291667 110.291667   63.33 0.000  0.63 0.000 9.999 0.259000  0.39 0.000000 0.061 0.000  0.260 0.000  0.363 0.000 999.9 0.259000   9.787 0.000   6.488 0.000   3.299 0.000 0.039 0.000 0.171 0.000
112.291667 113.291667  170.33 0.699  2.31 0.699 9.999 0.699259  0.31 0.699000 0.061 0.000  0.472 0.000  0.661 0.000 999.9 0.699259  13.666 0.000   7.027 0.000   6.639 0.699 0.097 0.699 0.315 0.000
115.291667 116.291667  189.70 0.000  1.00 0.000 9.999 0.259000  1.84 0.000000 0.055 0.000  0.328 0.000  0.459 0.000 999.9 0.259000  19.541 0.000  12.938 0.000   6.603 0.000 0.103 0.000 0.175 0.000
118.291667 119.291667  118.09 0.000  1.32 0.000 9.999 0.259000  0.48 0.000000 0.096 0.000  0.857 0.000  1.200 0.000 999.9 0.259000  12.112 0.000   6.841 0.000   5.271 0.000 0.070 0.000 0.204 0.000
121.291667 122.291667  189.98 0.559  1.70 0.559 9.999 0.559259  1.25 0.559000 0.136 0.000  0.486 0.000  0.681 0.000 999.9 0.559259  15.454 0.000   7.876 0.000   7.579 0.559 0.107 0.559 0.334 0.000
124.291667 125.291667  153.88 0.000  1.37 0.000 0.061 0.000000  1.22 0.000000 0.095 0.559  0.454 0.000  0.635 0.000 999.9 0.259000  13.568 0.000   7.088 0.000   6.479 0.000 0.084 0.000 0.246 0.559
127.291667 128.291667  185.80 0.000  0.59 0.000 9.999 0.259000  0.93 0.000000 0.083 0.000  0.333 0.000  0.467 0.000 999.9 0.259000  13.969 0.000   8.274 0.000   5.696 0.000 0.096 0.000 0.156 0.000
130.291667 131.291667  222.16 0.000  1.15 0.000 9.999 0.259000  0.21 0.000000 0.135 0.559  0.548 0.000  0.767 0.000 999.9 0.259000  26.092 0.000  17.899 0.000   8.193 0.000 0.124 0.000 0.251 0.559
133.291667 134.291667  497.73 0.000  1.31 0.000 9.999 0.259000  0.30 0.000000 0.112 0.000  1.401 0.000  1.961 0.000 999.9 0.259000  53.990 0.000  36.918 0.000  17.072 0.000 0.320 0.000 0.432 0.000
136.291667 137.291667  168.83 0.000  0.98 0.000 9.999 0.259000  0.50 0.000000 0.077 0.559  0.581 0.000  0.814 0.000 999.9 0.259000  16.378 0.000   9.495 0.000   6.882 0.000 0.105 0.000 0.250 0.559
139.291667 140.291667  112.92 0.000  0.54 0.000 9.999 0.259000  0.33 0.000000 0.089 0.559  0.392 0.000  0.548 0.000 999.9 0.259000  20.231 0.000  14.620 0.000   5.611 0.000 0.070 0.000 0.337 0.559
142.291667 143.291667  135.96 0.000  0.78 0.000 9.999 0.259000  0.49 0.000000 0.117 0.559  0.613 0.000  0.859 0.000 999.9 0.259000  15.665 0.000  10.098 0.000   5.567 0.000 0.077 0.000 0.159 0.559
145.291667 146.291667  301.84 0.559  0.83 0.559 9.999 0.559259  1.71 0.559000 0.052 0.559  0.760 0.000  1.065 0.000 999.9 0.559259  11.601 0.000 999.999 0.259  11.938 0.559 0.173 0.559 0.226 0.559
148.291667 149.291667  276.81 0.000  1.00 0.000 9.999 0.259000  2.46 0.000000 0.059 0.559  1.060 0.000  1.484 0.000 999.9 0.259000  14.330 0.000   3.170 0.000  11.161 0.000 0.161 0.000 0.298 0.559
151.291667 152.291667  328.27 0.699  1.10 0.699 9.999 0.699259  1.11 0.699000 0.055 0.000  0.693 0.000  0.970 0.000  65.9 0.699000  17.140 0.000   6.402 0.000  10.739 0.699 0.223 0.699 0.499 0.000
154.291667 155.291667  239.38 0.699  1.03 0.699 9.999 0.699259  0.84 0.699000 0.067 0.000  0.853 0.000  1.194 0.000 999.9 0.699259  13.305 0.000   4.595 0.000   8.710 0.699 0.159 0.699 0.315 0.000
157.291667 158.291667  222.92 0.699  1.32 0.699 9.999 0.699259  1.02 0.699000 0.073 0.559  1.224 0.000  1.714 0.000 999.9 0.699259  18.746 0.000   8.899 0.000   9.847 0.699 0.159 0.699 0.434 0.559
160.291667 161.291667  341.65 0.559  0.73 0.559 9.999 0.559259  0.61 0.559000 0.054 0.559  0.490 0.000  0.686 0.000 999.9 0.559259  20.713 0.000  11.160 0.000   9.553 0.559 0.193 0.559 0.163 0.559
163.291667 164.291667  113.20 0.559  0.56 0.559 0.022 0.559000  0.66 0.559000 0.042 0.000  0.645 0.000  0.903 0.000 999.9 0.559259  10.477 0.000   4.935 0.000   5.542 0.559 0.086 0.559 0.240 0.000
166.291667 167.291667  117.63 0.559  0.56 0.559 0.032 0.559000  0.62 0.559000 0.063 0.000  0.590 0.000  0.826 0.000 999.9 0.559259   8.992 0.000   2.957 0.000   6.034 0.559 0.101 0.559 0.266 0.000
169.291667 170.291667  189.32 0.559  1.05 0.559 9.999 0.559259  0.54 0.559000 0.076 0.000  0.999 0.000  1.399 0.000 999.9 0.559259  17.926 0.000  10.332 0.000   7.594 0.559 0.201 0.559 0.305 0.000
172.291667 173.291667  108.73 0.559  0.61 0.559 9.999 0.559259  0.37 0.559000 0.038 0.559  0.271 0.000  0.380 0.000 999.9 0.559259   6.824 0.000   2.770 0.000   4.054 0.559 0.064 0.559 0.132 0.559
175.291667 176.291667  149.74 0.559  0.61 0.559 9.999 0.559259  0.74 0.559000 0.046 0.000  0.515 0.000  0.722 0.000 999.9 0.559259   8.397 0.000   2.319 0.000   6.077 0.559 0.096 0.559 0.279 0.000
178.291667 179.291667  129.20 0.559  0.79 0.559 9.999 0.559259  0.57 0.559000 0.040 0.000  0.884 0.000  1.238 0.000 999.9 0.559259  11.709 0.000   6.081 0.000   5.628 0.559 0.155 0.559 0.261 0.000
181.291667 182.291667   82.24 0.559  0.75 0.559 9.999 0.559259  0.21 0.559000 0.064 0.000  1.968 0.000  2.755 0.000 999.9 0.559259  14.252 0.000   6.190 0.000   8.062 0.559 0.091 0.559 0.483 0.000
184.291667 185.291667  123.99 0.000  0.46 0.000 9.999 0.259000  0.56 0.000000 0.065 0.000  0.909 0.000  1.272 0.000 999.9 0.259000  12.082 0.000   5.652 0.000   6.430 0.000 0.113 0.000 0.366 0.000
187.291667 188.291667   84.34 0.699  0.45 0.699 9.999 0.699259  0.37 0.699000 0.097 0.000  0.547 0.000  0.766 0.000 999.9 0.699259  13.327 0.000   7.662 0.000   5.665 0.699 0.076 0.699 0.558 0.000
190.291667 191.291667   99.85 0.000  0.22 0.000 9.999 0.259000  0.26 0.000000 0.042 0.000  0.845 0.000  1.183 0.000 999.9 0.259000  10.174 0.000   4.716 0.000   5.458 0.000 0.059 0.000 0.388 0.000
193.291667 194.291667  129.36 0.699  1.27 0.699 9.999 0.699259  0.12 0.699000 0.058 0.000  1.077 0.000  1.507 0.000 999.9 0.699259  18.104 0.000  10.147 0.000   7.956 0.699 0.096 0.699 0.609 0.000
196.291667 197.291667   99.41 0.699  0.44 0.699 9.999 0.699259 99.99 0.699259 0.043 0.000  2.169 0.000  3.036 0.000 999.9 0.699259   9.644 0.000   1.145 0.000   8.499 0.699 0.091 0.699 0.331 0.000
199.291667 200.291667   82.97 0.000  0.38 0.000 0.048 0.000000  0.37 0.000000 0.028 0.000  0.315 0.000  0.442 0.000 999.9 0.259000   5.087 0.000   1.409 0.000   3.678 0.000 0.064 0.000 0.252 0.000
202.291667 203.291667   88.73 0.559  0.46 0.559 9.999 0.559259  0.39 0.559000 0.072 0.000  0.318 0.000  0.446 0.000 999.9 0.559259  10.740 0.000   5.649 0.000   5.090 0.559 0.063 0.559 0.400 0.000
205.291667 206.291667  120.67 0.000  0.37 0.000 9.999 0.259000  0.50 0.000000 0.044 0.559  0.640 0.000  0.896 0.000 999.9 0.259000   8.196 0.000   2.409 0.000   5.787 0.000 0.076 0.000 0.303 0.559
208.291667 209.291667  111.20 0.000  0.56 0.000 9.999 0.259000  0.62 0.000000 0.050 0.559  0.399 0.000  0.558 0.000 999.9 0.259000   9.634 0.000   4.155 0.000   5.479 0.000 0.064 0.000 0.381 0.559
211.291667 212.291667  217.50 0.000  0.95 0.000 9.999 0.259000  0.70 0.000000 0.087 0.559  0.812 0.000  1.137 0.000 999.9 0.259000  21.877 0.000  12.058 0.000   9.819 0.000 0.144 0.000 0.458 0.559
214.291667 215.291667  125.07 0.559  0.64 0.559 9.999 0.559259  0.62 0.559000 0.068 0.559  0.791 0.000  1.107 0.000 999.9 0.559259   9.112 0.000   1.839 0.000   7.274 0.559 0.103 0.559 0.445 0.559
217.291667 218.291667   80.14 0.000  0.60 0.000 0.047 0.000000  0.41 0.000000 0.028 0.559  0.557 0.000  0.780 0.000 999.9 0.259000   5.152 0.000   0.589 0.000   4.563 0.000 0.060 0.000 0.243 0.559
220.291667 221.291667  145.37 0.000  0.65 0.000 9.999 0.259000  0.71 0.000000 0.036 0.559  0.773 0.000  1.083 0.000 999.9 0.259000   8.951 0.000   2.169 0.000   6.782 0.000 0.121 0.000 0.335 0.559
223.291667 224.291667  265.37 0.559  0.91 0.559 0.069 0.559000  0.60 0.559000 0.097 0.000  1.149 0.000  1.609 0.000 999.9 0.559259  28.500 0.000  15.501 0.000  12.999 0.559 0.216 0.559 0.679 0.000
226.291667 227.291667  207.55 0.559  1.00 0.559 0.064 0.559000  0.37 0.559000 0.120 0.559  1.252 0.000  1.753 0.000 999.9 0.559259  25.719 0.000  14.133 0.000  11.585 0.559 0.159 0.559 0.636 0.559
229.291667 230.291667  151.81 0.699  0.48 0.699 0.058 0.699000  0.45 0.699000 0.080 0.559  1.208 0.000  1.692 0.000 999.9 0.699259  14.571 0.000   4.671 0.000   9.900 0.699 0.126 0.699 0.627 0.559
232.291667 233.291667 9999.99 0.999 99.99 0.999 9.999 0.999000 99.99 0.999000 9.999 0.999 99.999 0.999 99.999 0.999 999.9 0.999000 999.999 0.999 999.999 0.999 999.999 0.999 9.999 0.999 9.999 0.999
235.291667 236.291667  145.57 0.699  0.79 0.699 9.999 0.699259  0.41 0.699000 0.032 0.000  1.831 0.000  2.563 0.000 999.9 0.699259  10.878 0.000   3.186 0.000   7.692 0.699 0.110 0.699 0.146 0.000
238.291667 239.291667  101.81 0.559  0.59 0.559 0.028 0.559000  0.34 0.559000 0.041 0.000  1.096 0.000  1.534 0.000 999.9 0.559259  11.505 0.000   5.260 0.000   6.246 0.559 0.089 0.559 0.259 0.000
241.291667 242.291667  156.38 0.559  2.46 0.559 9.999 0.559259  0.61 0.559000 0.102 0.000  1.523 0.000  2.132 0.000 999.9 0.559259  11.601 0.000   3.565 0.000   8.036 0.559 0.111 0.559 0.460 0.000
