scripts/IMPROVE-2019_partial/data/US0077R.20050101070000.20191216000000.filterpack..pm25.52w.1w.US03L_filterpack_US0077.US03L_IMPROVE_Davis.lev2.nas
66 1001
MISSING INFORMATION
US03L, IMPROVE, , , , , , , 
MISSING INFORMATION
IMPROVE sel_HTAP
1 1
2005 01 01 2019 12 16
3.000000
days from file reference point
27
1 1 1 1 1 1 1 1 1 1 1 1 1 1 1 1 1 1 1 1 1 1 1 1 1 1 1
999.999999 9999.99 9.999 99.99 9.999 9.999 9.999999 9.99 9.999999 9.999 9.999999 99.999 9.999999 99.999 9.999999 999.99 9.999999 999.999 9.999 999.999 9.999 99.999 9.999 9.999 9.999 9.999 9.999999
end_time of measurement, days from the file reference point
iron, ng/m3, Revision date=20181210133000
numflag iron, no unit, Revision date=20181210133000
lead, ng/m3, Revision date=20181210133000
numflag lead, no unit, Revision date=20181210133000
magnesium, ug/m3, Revision date=20181210133000
numflag magnesium, no unit, Revision date=20181210133000
nickel, ng/m3, Revision date=20181210133000
numflag nickel, no unit, Revision date=20181210133000
nitrate, ug N/m3, Revision date=20181210133000
numflag nitrate, no unit, Revision date=20181210133000
organic_carbon, ug C/m3, Revision date=20181210133000
numflag organic_carbon, no unit, Revision date=20181210133000
organic_mass, ug/m3, Revision date=20181210133000
numflag organic_mass, no unit, Revision date=20181210133000
phosphorus, ng/m3, Revision date=20181210133000
numflag phosphorus, no unit, Revision date=20181210133000
pm10_mass, ug/m3, Version=2, Version description=Data extracted from http://views.cira.colostate.edu/fed/DataWizard 2019-12-16, Sample duration=1d, Orig. time res.=3d, Matrix=pm10, Blank correction=Blank corrected, Volume std. temperature=ambient, Volume std. pressure=ambient
numflag pm10_mass, no unit, Version=2, Version description=Data extracted from http://views.cira.colostate.edu/fed/DataWizard 2019-12-16, Sample duration=1d, Orig. time res.=3d, Matrix=pm10, Blank correction=Blank corrected, Volume std. temperature=ambient, Volume std. pressure=ambient
pm10_pm25_mass, ug/m3, Revision date=20181210133000, Matrix=pm10_pm25
numflag pm10_pm25_mass, no unit, Revision date=20181210133000, Matrix=pm10_pm25
pm25_mass, ug/m3, Version=2, Version description=Data extracted from http://views.cira.colostate.edu/fed/DataWizard 2019-12-16, Sample duration=1d, Orig. time res.=3d, Blank correction=Blank corrected, Volume std. temperature=ambient, Volume std. pressure=ambient
numflag pm25_mass, no unit, Version=2, Version description=Data extracted from http://views.cira.colostate.edu/fed/DataWizard 2019-12-16, Sample duration=1d, Orig. time res.=3d, Blank correction=Blank corrected, Volume std. temperature=ambient, Volume std. pressure=ambient
potassium, ug/m3, Revision date=20181210133000
numflag potassium, no unit, Revision date=20181210133000
sulphate_total, ug S/m3, Revision date=20181210133000
numflag sulphate_total, no unit, Revision date=20181210133000
0
25
Data definition:              EBAS_1.1
Set type code:                TU
Timezone:                     UTC
File name:                    US0077R.20050101070000.20191216000000.filterpack..pm25.52w.1w.US03L_filterpack_US0077.US03L_IMPROVE_Davis.lev2.nas
File creation:                20191218120038
Startdate:                    20050101070000
Revision date:                20191216000000
Statistics:                   arithmetic mean
Data level:                   2
Period code:                  52w
Resolution code:              1w
Station code:                 US0077R
Platform code:                US0077S
Station name:                 Canyonlands NP
Station latitude:             38.4587
Station longitude:            -109.821
Station altitude:             1798.0 m
Regime:                       IMG
Component:                    
Matrix:                       pm25
Laboratory code:              US03L
Instrument type:              filterpack
Instrument name:              filterpack_US0077
Method ref:                   US03L_IMPROVE_Davis
starttime endtime Fe flag_Fe Pb flag_Pb Mg++ flag_Mg++ Ni flag_Ni NO3- flag_NO3- OC flag_OC OM flag_OM P flag_P PM10 flag_PM10 PM10-PM2.5 flag_PM10-PM2.5 PM2.5 flag_PM2.5 K+ flag_K+ SO4-- flag_SO4--
[from data line 77]
231.291667 232.291667    8.90 0.000 99.99 0.259 9.999 0.259000 9.99 0.259000 0.007 0.000000  0.040 0.000000  0.073 0.000000 999.99 0.259000   3.029 0.000   1.773 0.000  1.256 0.000 0.008 0.000 0.139 0.000000
234.291667 235.291667   12.39 0.000  0.22 0.000 9.999 0.259000 9.99 0.259000 0.006 0.000000  0.251 0.000000  0.451 0.000000 999.99 0.259000   5.050 0.000   2.360 0.000  2.709 0.000 0.013 0.000 0.381 0.000000
237.291667 238.291667   16.97 0.000  0.34 0.000 9.999 0.259000 9.99 0.259000 0.022 0.000000  0.124 0.000000  0.222 0.000000 999.99 0.259000   5.485 0.000   2.359 0.000  3.126 0.000 0.017 0.000 0.399 0.000000
240.291667 241.291667   17.34 0.000  0.32 0.000 9.999 0.259000 9.99 0.259000 0.020 0.559000  1.267 0.000000  2.281 0.000000 999.99 0.259000   7.261 0.000   3.112 0.000  4.147 0.000 0.088 0.000 0.234 0.559000
243.291667 244.291667   48.24 0.000  0.52 0.000 9.999 0.259000 9.99 0.259000 0.021 0.000000  0.463 0.000000  0.833 0.000000 999.99 0.259000   7.572 0.000   4.940 0.000  2.631 0.000 0.045 0.000 0.124 0.000000
246.291667 247.291667   13.65 0.000  0.64 0.000 9.999 0.259000 9.99 0.259000 0.014 0.000000  0.510 0.000000  0.917 0.000000 999.99 0.259000   4.601 0.000   1.905 0.000  2.696 0.000 0.022 0.000 0.254 0.000000
249.291667 250.291667   19.01 0.000  0.81 0.000 9.999 0.259000 0.11 0.000000 0.012 0.000000  0.300 0.000000  0.539 0.000000 999.99 0.259000   4.918 0.000   1.597 0.000  3.321 0.000 0.024 0.000 0.343 0.000000
252.291667 253.291667   39.98 0.000  0.71 0.000 0.010 0.000000 0.10 0.000000 0.027 0.000000  0.290 0.559000  0.522 0.559000 999.99 0.259000   8.582 0.000   6.032 0.000  2.550 0.000 0.033 0.000 0.249 0.000000
255.291667 256.291667   17.03 0.000  0.50 0.000 9.999 0.259000 9.99 0.259000 0.026 0.000000  0.504 0.559000  0.907 0.559000 999.99 0.259000   5.697 0.000   3.508 0.000  2.241 0.000 0.022 0.000 0.182 0.000000
258.291667 259.291667   33.76 0.000  0.74 0.000 9.999 0.259000 0.10 0.000000 0.043 0.000000  0.388 0.559000  0.698 0.559000 999.99 0.259000   9.028 0.000   5.686 0.000  3.342 0.000 0.029 0.000 0.255 0.000000
261.291667 262.291667   38.51 0.000  1.11 0.000 0.010 0.000000 0.10 0.000000 0.025 0.000000  0.325 0.559000  0.586 0.559000 999.99 0.259000   7.926 0.000   4.848 0.000  3.078 0.000 0.045 0.000 0.292 0.000000
264.291667 265.291667   21.26 0.000  0.68 0.000 9.999 0.259000 9.99 0.259000 0.028 0.000000  0.729 0.000000  1.312 0.000000 999.99 0.259000   4.659 0.000   1.669 0.000  2.989 0.000 0.041 0.000 0.257 0.000000
267.291667 268.291667   24.62 0.000  0.87 0.000 9.999 0.259000 9.99 0.259000 0.018 0.000000  0.146 0.000000  0.264 0.000000 999.99 0.259000   4.935 0.000   2.883 0.000  2.052 0.000 0.016 0.000 0.200 0.000000
270.291667 271.291667 9999.99 0.999 99.99 0.999 9.999 0.999000 9.99 0.999000 9.999 0.999000 99.999 0.999000 99.999 0.999000 999.99 0.999000 999.999 0.999 999.999 0.999 99.999 0.999 9.999 0.999 9.999 0.999000
273.291667 274.291667   20.69 0.000  0.76 0.000 9.999 0.259000 9.99 0.259000 0.021 0.000000  0.645 0.559000  1.161 0.559000 999.99 0.259000   5.846 0.000   2.744 0.000  3.101 0.000 0.037 0.000 0.221 0.000000
276.291667 277.291667   21.42 0.000  0.35 0.000 0.012 0.000000 0.25 0.000000 0.019 0.000000  0.230 0.559000  0.413 0.559000 999.99 0.259000   7.232 0.000   4.593 0.000  2.649 0.000 0.022 0.000 0.296 0.000000
279.291667 280.291667   31.52 0.000  0.47 0.000 9.999 0.259000 0.14 0.000000 0.023 0.000000  0.510 0.559000  0.919 0.559000 999.99 0.259000   8.660 0.000   5.503 0.000  3.156 0.000 0.050 0.000 0.238 0.000000
282.291667 283.291667 9999.99 0.456 99.99 0.456 9.999 0.456000 9.99 0.456000 9.999 0.456000 99.999 0.456000 99.999 0.456000 999.99 0.456000 999.999 0.456 999.999 0.456 99.999 0.456 9.999 0.456 9.999 0.456000
285.291667 286.291667   19.68 0.000  0.47 0.000 9.999 0.259000 9.99 0.259000 0.024 0.000000  0.495 0.559000  0.892 0.559000 999.99 0.259000   6.617 0.000   4.015 0.000  2.601 0.000 0.051 0.000 0.228 0.000000
288.291667 289.291667 9999.99 0.456 99.99 0.456 9.999 0.456000 9.99 0.456000 9.999 0.456000 99.999 0.456000 99.999 0.456000 999.99 0.456000 999.999 0.456 999.999 0.456 99.999 0.456 9.999 0.456 9.999 0.456000
291.291667 292.291667    4.67 0.000  0.16 0.000 9.999 0.259000 9.99 0.259000 0.005 0.000000  0.483 0.559000  0.870 0.559000 999.99 0.259000   1.023 0.000   0.168 0.000  0.855 0.000 0.005 0.000 0.032 0.000000
294.291667 295.291667   14.02 0.000  0.40 0.000 9.999 0.259000 9.99 0.259000 0.026 0.000000  0.687 0.559000  1.237 0.559000 999.99 0.259000   6.134 0.000   2.460 0.000  3.673 0.000 0.036 0.000 0.317 0.000000
297.291667 298.291667   16.60 0.000  0.51 0.000 9.999 0.259000 9.99 0.259000 0.018 0.000000  0.350 0.559000  0.630 0.559000 999.99 0.259000   6.254 0.000   3.948 0.000  2.371 0.000 0.041 0.000 0.187 0.000000
300.291667 301.291667   20.19 0.000  0.75 0.000 9.999 0.259000 0.18 0.000000 0.016 0.000000  0.439 0.559000  0.790 0.559000 999.99 0.259000   5.123 0.000   2.434 0.000  2.690 0.000 0.019 0.000 0.289 0.000000
303.291667 304.291667   26.17 0.000  1.26 0.000 0.015 0.000000 0.15 0.000000 0.020 0.000000  0.456 0.559000  0.821 0.559000 999.99 0.259000   4.307 0.000   1.659 0.000  2.647 0.000 0.024 0.000 0.313 0.000000
306.291667 307.291667   38.06 0.000  0.68 0.000 9.999 0.259000 9.99 0.259000 0.012 0.000000  0.170 0.559000  0.306 0.559000 999.99 0.259000   5.967 0.000   3.352 0.000  2.615 0.000 0.028 0.000 0.291 0.000000
309.291667 310.291667   20.70 0.000  0.32 0.000 9.999 0.259000 9.99 0.259000 0.010 0.000000  0.610 0.559000  1.098 0.559000 999.99 0.259000   2.824 0.000   1.403 0.000  1.421 0.000 0.020 0.000 0.091 0.000000
312.291667 313.291667   25.78 0.000  0.52 0.000 9.999 0.259000 9.99 0.259000 0.013 0.000000  0.830 0.000000  1.494 0.000000 999.99 0.259000   6.033 0.000   3.403 0.000  2.630 0.000 0.024 0.000 0.161 0.000000
315.291667 316.291667    6.17 0.000  0.28 0.000 9.999 0.259000 9.99 0.259000 0.020 0.000000  0.443 0.000000  0.797 0.000000 999.99 0.259000   2.421 0.000   0.742 0.000  1.679 0.000 0.008 0.000 0.181 0.000000
318.291667 319.291667    2.79 0.000  0.24 0.000 0.010 0.000000 9.99 0.259000 0.006 0.000000  0.086 0.559000  0.155 0.559000 999.99 0.259000   1.572 0.000   0.877 0.000  0.697 0.000 0.011 0.000 0.095 0.000000
321.291667 322.291667    5.07 0.000  0.54 0.000 0.006 0.000000 9.99 0.259000 0.011 0.000000  0.279 0.559000  0.502 0.559000 999.99 0.259000   2.225 0.000   0.711 0.000  1.513 0.000 0.018 0.000 0.214 0.000000
324.291667 325.291667   11.82 0.000  0.38 0.000 9.999 0.259000 9.99 0.259000 0.047 0.000000  0.498 0.559000  0.897 0.559000 999.99 0.259000   4.323 0.000   2.752 0.000  1.571 0.000 0.019 0.000 0.067 0.000000
327.291667 328.291667   21.12 0.000  0.64 0.000 9.999 0.259000 9.99 0.259000 0.073 0.000000  0.712 0.000000  1.281 0.000000 999.99 0.259000   5.935 0.000   3.426 0.000  2.508 0.000 0.023 0.000 0.144 0.000000
330.291667 331.291667    5.64 0.000  0.27 0.000 9.999 0.259000 9.99 0.259000 0.021 0.000000  0.082 0.000000  0.147 0.000000 999.99 0.259000   2.569 0.000   1.806 0.000  0.763 0.000 0.005 0.000 0.069 0.000000
333.291667 334.291667   11.44 0.000  0.35 0.000 9.999 0.259000 9.99 0.259000 0.017 0.000000  0.068 0.559000  0.122 0.559000 999.99 0.259000   3.559 0.000   2.468 0.000  1.091 0.000 0.019 0.000 0.069 0.000000
336.291667 337.291667    5.01 0.000  0.40 0.000 9.999 0.259000 9.99 0.259000 0.014 0.000000  0.186 0.559000  0.335 0.559000 999.99 0.259000   1.227 0.000   0.225 0.000  1.002 0.000 0.005 0.000 0.096 0.000000
339.291667 340.291667    4.09 0.000  0.37 0.000 9.999 0.259000 9.99 0.259000 0.017 0.000000  0.130 0.559000  0.235 0.559000 999.99 0.259000   2.099 0.000   1.299 0.000  0.801 0.000 0.037 0.000 0.061 0.000000
342.291667 343.291667    8.73 0.000  0.43 0.000 9.999 0.259000 0.15 0.000000 0.119 0.000000  0.483 0.559000  0.869 0.559000 999.99 0.259000   3.968 0.000   1.698 0.000  2.270 0.000 0.080 0.000 0.115 0.000000
345.291667 346.291667   12.69 0.000  0.44 0.000 9.999 0.259000 9.99 0.259000 0.202 0.000000  0.634 0.559000  1.141 0.559000 999.99 0.259000   5.154 0.000   2.354 0.000  2.800 0.000 0.042 0.000 0.100 0.000000
348.291667 349.291667    9.07 0.000  0.67 0.000 9.999 0.259000 9.99 0.259000 0.116 0.000000  0.336 0.559000  0.606 0.559000 999.99 0.259000   2.971 0.000   0.859 0.000  2.111 0.000 0.043 0.000 0.083 0.000000
351.291667 352.291667   20.10 0.000  0.85 0.000 0.006 0.000000 9.99 0.259000 0.115 0.000000  0.642 0.559000  1.156 0.559000 999.99 0.259000   4.965 0.000   2.150 0.000  2.815 0.000 0.020 0.000 0.107 0.000000
354.291667 355.291667   14.33 0.000  0.51 0.000 0.004 0.000000 0.07 0.000000 0.250 0.000000  0.578 0.559000  1.040 0.559000 999.99 0.259000   5.848 0.000   2.975 0.000  2.872 0.000 0.028 0.000 0.170 0.000000
357.291667 358.291667    6.69 0.000  0.64 0.000 9.999 0.259000 9.99 0.259000 0.022 0.000000  0.193 0.000000  0.348 0.000000 999.99 0.259000   1.977 0.000   0.863 0.000  1.114 0.000 0.019 0.000 0.046 0.000000
360.291667 361.291667    0.95 0.000 99.99 0.259 9.999 0.259000 0.07 0.000000 0.004 0.000000  0.050 0.559000  0.089 0.559000 999.99 0.259000   0.660 0.000   0.225 0.000  0.437 0.000 0.003 0.000 0.018 0.000000
363.291667 364.291667    4.99 0.000  0.42 0.000 9.999 0.259000 9.99 0.259000 0.021 0.000000  0.017 0.559000  0.031 0.559000 999.99 0.259000   1.981 0.000   1.248 0.000  0.733 0.000 0.008 0.000 0.048 0.000000
