scripts/IMPROVE-2019_partial/data/US0082R.20100102050000.20191216000000.filterpack...52w.3d.US03L_filterpack_US0082.US03L_IMPROVE_Davis.lev2.nas
51 1001
MISSING INFORMATION
US03L, IMPROVE, , , , , , , 
MISSING INFORMATION
IMPROVE sel_HTAP
1 1
2010 01 01 2019 12 16
3.000000
days from file reference point
4
1 1 1 1
999.999999 999.999 999.999 9.999
end_time of measurement, days from the file reference point
pm10_mass, ug/m3, Matrix=pm10
pm25_mass, ug/m3, Matrix=pm25
numflag, no unit
0
33
Data definition:              EBAS_1.1
Set type code:                TU
Timezone:                     UTC
File name:                    US0082R.20100102050000.20191216000000.filterpack...52w.3d.US03L_filterpack_US0082.US03L_IMPROVE_Davis.lev2.nas
File creation:                20191218120058
Startdate:                    20100102050000
Revision date:                20191216000000
Version:                      2
Version description:          "Data extracted from http://views.cira.colostate.edu/fed/DataWizard 2019-12-16"
Statistics:                   arithmetic mean
Data level:                   2
Period code:                  52w
Resolution code:              3d
Sample duration:              1d
Orig. time res.:              3d
Station code:                 US0082R
Platform code:                US0082S
Station name:                 Lye Brook Wilderness
Station latitude:             43.1482
Station longitude:            -73.1268
Station altitude:             1015.0 m
Regime:                       IMG
Component:                    
Unit:                         ug/m3
Matrix:                       
Laboratory code:              US03L
Instrument type:              filterpack
Instrument name:              filterpack_US0082
Method ref:                   US03L_IMPROVE_Davis
Blank correction:             Blank corrected
Volume std. temperature:      ambient
Volume std. pressure:         ambient
starttime endtime PM10 PM2.5 flag
  1.208333   2.208333   2.463   2.954 0.000
  4.208333   5.208333   1.193   0.732 0.000
  7.208333   8.208333   1.706   1.480 0.000
 10.208333  11.208333   5.452   5.256 0.000
 13.208333  14.208333   6.770   6.134 0.000
 16.208333  17.208333   3.235   2.964 0.000
 19.208333  20.208333   2.322   1.815 0.000
 22.208333  23.208333   1.267   0.896 0.000
 25.208333  26.208333   3.164   2.937 0.000
 28.208333  29.208333   2.993   1.400 0.000
 31.208333  32.208333   4.944   3.460 0.000
 34.208333  35.208333   3.375   2.351 0.000
 37.208333  38.208333   1.972   1.363 0.000
 40.208333  41.208333   2.542   1.355 0.000
 43.208333  44.208333   3.041   1.989 0.000
 46.208333  47.208333   4.755   4.369 0.000
 49.208333  50.208333   0.721   0.760 0.000
 52.208333  53.208333   1.858   0.993 0.000
 55.208333  56.208333 999.999 999.999 0.259
 58.208333  59.208333   3.408   3.691 0.000
 61.208333  62.208333   4.136   2.494 0.000
 64.208333  65.208333   4.334   1.763 0.000
 67.208333  68.208333   2.813   1.903 0.000
 70.208333  71.208333   9.317   5.727 0.000
 73.208333  74.208333   0.713   0.404 0.000
 76.208333  77.208333   6.747   4.382 0.000
 79.208333  80.208333  11.371   7.962 0.000
 82.208333  83.208333   2.192   1.481 0.000
 85.208333  86.208333   4.318   2.731 0.000
 88.208333  89.208333   0.419   0.439 0.000
 91.208333  92.208333  10.208   6.711 0.000
 94.208333  95.208333   8.122   4.284 0.000
 97.208333  98.208333  10.375   6.947 0.000
100.208333 101.208333   6.941   4.200 0.000
103.208333 104.208333   7.256   3.854 0.000
106.208333 107.208333   0.379   0.374 0.000
109.208333 110.208333   5.789   3.460 0.000
112.208333 113.208333   5.862   3.074 0.000
115.208333 116.208333   6.101   4.290 0.000
118.208333 119.208333   4.262   2.128 0.000
121.208333 122.208333  17.969  11.834 0.000
124.208333 125.208333  10.358   4.178 0.000
127.208333 128.208333   4.044   2.252 0.000
130.208333 131.208333   4.259   2.284 0.000
133.208333 134.208333   5.994   3.850 0.000
136.208333 137.208333   5.010   2.769 0.000
139.208333 140.208333   7.505   3.302 0.000
142.208333 143.208333  10.174   6.242 0.000
145.208333 146.208333  14.336   7.527 0.000
148.208333 149.208333 999.999 999.999 0.999
151.208333 152.208333 999.999 999.999 0.999
154.208333 155.208333   6.923   4.651 0.000
157.208333 158.208333   3.693   1.659 0.000
160.208333 161.208333 999.999 999.999 0.999
163.208333 164.208333 999.999 999.999 0.999
166.208333 167.208333   8.949   5.735 0.000
169.208333 170.208333  13.498  10.331 0.000
172.208333 173.208333   7.571   4.816 0.000
175.208333 176.208333   8.044   5.315 0.000
178.208333 179.208333  11.469   9.894 0.000
181.208333 182.208333   2.622   1.197 0.000
184.208333 185.208333  14.011  10.493 0.000
187.208333 188.208333  27.153  22.537 0.000
190.208333 191.208333   4.502   3.778 0.000
193.208333 194.208333  10.094   8.428 0.000
196.208333 197.208333  16.233  14.503 0.000
199.208333 200.208333   8.704   6.829 0.000
202.208333 203.208333   3.481   3.029 0.000
205.208333 206.208333   3.154   2.294 0.000
208.208333 209.208333  15.427  12.275 0.000
211.208333 212.208333   4.411   2.451 0.000
214.208333 215.208333  13.385  11.666 0.000
217.208333 218.208333   8.739   6.346 0.000
220.208333 221.208333  17.198  14.832 0.000
223.208333 224.208333   7.952   5.429 0.000
226.208333 227.208333   4.990   2.991 0.000
229.208333 230.208333  11.663   7.037 0.000
232.208333 233.208333   5.252   3.522 0.000
235.208333 236.208333 999.999 999.999 0.999
238.208333 239.208333   2.997   1.840 0.000
241.208333 242.208333  15.054  11.411 0.000
244.208333 245.208333  26.982  20.108 0.000
247.208333 248.208333   2.749   2.078 0.000
250.208333 251.208333 999.999 999.999 0.999
253.208333 254.208333   4.044   2.116 0.000
256.208333 257.208333   3.273   2.245 0.000
259.208333 260.208333   2.164   1.571 0.000
262.208333 263.208333   4.155   2.255 0.000
265.208333 266.208333 999.999 999.999 0.999
268.208333 269.208333   3.546   2.042 0.000
271.208333 272.208333   4.608   3.193 0.000
274.208333 275.208333   2.156   1.091 0.000
277.208333 278.208333   3.511   2.274 0.000
280.208333 281.208333   4.811   2.282 0.000
283.208333 284.208333   5.334   3.112 0.000
286.208333 287.208333   3.167   2.118 0.000
289.208333 290.208333   4.298   3.112 0.000
292.208333 293.208333   6.984   4.130 0.000
295.208333 296.208333   2.307   1.508 0.000
298.208333 299.208333   3.597   3.100 0.000
301.208333 302.208333   1.110   1.034 0.000
304.208333 305.208333   0.872   0.561 0.000
307.208333 308.208333   2.141   1.369 0.000
310.208333 311.208333   1.973   1.369 0.000
313.208333 314.208333   2.126   1.465 0.000
316.208333 317.208333   2.323   1.409 0.000
319.208333 320.208333   4.267   3.959 0.000
322.208333 323.208333   2.689   1.464 0.000
325.208333 326.208333   5.109   4.471 0.000
328.208333 329.208333 999.999 999.999 0.999
331.208333 332.208333 999.999 999.999 0.999
334.208333 335.208333   0.333   0.250 0.000
337.208333 338.208333   2.373   1.359 0.000
340.208333 341.208333   1.702   0.900 0.000
343.208333 344.208333   5.753   3.208 0.000
346.208333 347.208333   0.379   0.255 0.000
349.208333 350.208333   3.050   2.377 0.000
352.208333 353.208333   6.141   5.128 0.000
355.208333 356.208333   0.852   0.415 0.000
358.208333 359.208333   0.552   0.439 0.000
361.208333 362.208333   2.100   1.283 0.000
364.208333 365.208333   5.580   4.556 0.000
