scripts/IMPROVE-2019_partial/data/US0058R.20020102060000.20191216000000.filterpack..pm25.52w.1w.US03L_filterpack_US0058.US03L_IMPROVE_Davis.lev2.nas
66 1001
MISSING INFORMATION
US03L, IMPROVE, , , , , , , 
MISSING INFORMATION
IMPROVE sel_HTAP
1 1
2002 01 01 2019 12 16
3.00
days from file reference point
27
1 1 1 1 1 1 1 1 1 1 1 1 1 1 1 1 1 1 1 1 1 1 1 1 1 1 1
999.99 9999.99 9.999 99.99 9.999 9.999 9.999999 9.99 9.999999 99.999 9.999 99.999 9.999 99.999 9.999 999.99 9.999999 999.999 9.999 999.999 9.999 999.999 9.999 9.999 9.999 99.999 9.999
end_time of measurement, days from the file reference point
iron, ng/m3, Revision date=20181210133000
numflag iron, no unit, Revision date=20181210133000
lead, ng/m3, Revision date=20181210133000
numflag lead, no unit, Revision date=20181210133000
magnesium, ug/m3, Revision date=20181210133000
numflag magnesium, no unit, Revision date=20181210133000
nickel, ng/m3, Revision date=20181210133000
numflag nickel, no unit, Revision date=20181210133000
nitrate, ug N/m3, Revision date=20181210133000
numflag nitrate, no unit, Revision date=20181210133000
organic_carbon, ug C/m3, Revision date=20181210133000
numflag organic_carbon, no unit, Revision date=20181210133000
organic_mass, ug/m3, Revision date=20181210133000
numflag organic_mass, no unit, Revision date=20181210133000
phosphorus, ng/m3, Revision date=20181210133000
numflag phosphorus, no unit, Revision date=20181210133000
pm10_mass, ug/m3, Version=2, Version description=Data extracted from http://views.cira.colostate.edu/fed/DataWizard 2019-12-16, Sample duration=1d, Orig. time res.=3d, Matrix=pm10, Blank correction=Blank corrected, Volume std. temperature=ambient, Volume std. pressure=ambient
numflag pm10_mass, no unit, Version=2, Version description=Data extracted from http://views.cira.colostate.edu/fed/DataWizard 2019-12-16, Sample duration=1d, Orig. time res.=3d, Matrix=pm10, Blank correction=Blank corrected, Volume std. temperature=ambient, Volume std. pressure=ambient
pm10_pm25_mass, ug/m3, Revision date=20181210133000, Matrix=pm10_pm25
numflag pm10_pm25_mass, no unit, Revision date=20181210133000, Matrix=pm10_pm25
pm25_mass, ug/m3, Version=2, Version description=Data extracted from http://views.cira.colostate.edu/fed/DataWizard 2019-12-16, Sample duration=1d, Orig. time res.=3d, Blank correction=Blank corrected, Volume std. temperature=ambient, Volume std. pressure=ambient
numflag pm25_mass, no unit, Version=2, Version description=Data extracted from http://views.cira.colostate.edu/fed/DataWizard 2019-12-16, Sample duration=1d, Orig. time res.=3d, Blank correction=Blank corrected, Volume std. temperature=ambient, Volume std. pressure=ambient
potassium, ug/m3, Revision date=20181210133000
numflag potassium, no unit, Revision date=20181210133000
sulphate_total, ug S/m3, Revision date=20181210133000
numflag sulphate_total, no unit, Revision date=20181210133000
0
25
Data definition:              EBAS_1.1
Set type code:                TU
Timezone:                     UTC
File name:                    US0058R.20020102060000.20191216000000.filterpack..pm25.52w.1w.US03L_filterpack_US0058.US03L_IMPROVE_Davis.lev2.nas
File creation:                20191218115903
Startdate:                    20020102060000
Revision date:                20191216000000
Statistics:                   arithmetic mean
Data level:                   2
Period code:                  52w
Resolution code:              1w
Station code:                 US0058R
Platform code:                US0058S
Station name:                 Lostwood
Station latitude:             48.6419
Station longitude:            -102.4022
Station altitude:             696.0 m
Regime:                       IMG
Component:                    
Matrix:                       pm25
Laboratory code:              US03L
Instrument type:              filterpack
Instrument name:              filterpack_US0058
Method ref:                   US03L_IMPROVE_Davis
starttime endtime Fe flag_Fe Pb flag_Pb Mg++ flag_Mg++ Ni flag_Ni NO3- flag_NO3- OC flag_OC OM flag_OM P flag_P PM10 flag_PM10 PM10-PM2.5 flag_PM10-PM2.5 PM2.5 flag_PM2.5 K+ flag_K+ SO4-- flag_SO4--
[from data line 84]
253.25 254.25   39.24 0.559  0.81 0.559 9.999 0.559259 9.99 0.559259  0.021 0.000  0.647 0.000  0.906 0.000 999.99 0.559259  12.386 0.000   9.373 0.000   3.014 0.559 0.020 0.559  0.224 0.000
256.25 257.25   56.11 0.000  0.29 0.000 0.027 0.000000 9.99 0.259000  0.019 0.000  0.387 0.000  0.542 0.000 999.99 0.259000  14.093 0.000  11.272 0.000   2.821 0.000 0.028 0.000  0.170 0.000
259.25 260.25  169.20 0.559  0.83 0.559 9.999 0.559259 9.99 0.559259  0.042 0.000  1.316 0.000  1.842 0.000 999.99 0.559259  28.357 0.000  20.662 0.000   7.696 0.559 0.110 0.559  0.323 0.000
262.25 263.25   25.61 0.000  0.41 0.000 9.999 0.259000 9.99 0.259000  0.013 0.000  0.510 0.000  0.714 0.000 999.99 0.259000  15.114 0.000  12.993 0.000   2.122 0.000 0.017 0.000  0.134 0.000
265.25 266.25   19.74 0.000  1.31 0.000 9.999 0.259000 9.99 0.259000  0.060 0.000  0.202 0.000  0.283 0.000 999.99 0.259000   5.753 0.000   2.981 0.000   2.772 0.000 0.022 0.000  0.389 0.000
268.25 269.25   31.46 0.000  0.44 0.000 9.999 0.259000 9.99 0.259000  0.047 0.000  1.560 0.000  2.184 0.000 999.99 0.259000  11.588 0.000   6.514 0.000   5.074 0.000 0.040 0.000  0.303 0.000
271.25 272.25   21.52 0.559  1.21 0.559 9.999 0.559259 9.99 0.559259  0.218 0.000  0.954 0.000  1.336 0.000 999.99 0.559259   9.163 0.000   4.708 0.000   4.455 0.559 0.032 0.559  0.464 0.000
274.25 275.25   28.14 0.000  0.48 0.000 9.999 0.259000 9.99 0.259000  0.047 0.000  0.545 0.000  0.764 0.000 999.99 0.259000   9.821 0.000   7.080 0.000   2.741 0.000 0.022 0.000  0.250 0.000
277.25 278.25    4.88 0.000  0.31 0.000 0.013 0.000000 9.99 0.259000  0.079 0.000  0.325 0.000  0.455 0.000 999.99 0.259000   2.563 0.000   0.557 0.000   2.006 0.000 0.019 0.000  0.265 0.000
280.25 281.25   13.50 0.000  0.73 0.000 9.999 0.259000 0.12 0.000000  0.066 0.000  0.944 0.000  1.321 0.000 999.99 0.259000   5.647 0.000   1.822 0.000   3.825 0.000 0.028 0.000  0.392 0.000
283.25 284.25   22.12 0.559  0.85 0.559 0.018 0.559000 0.04 0.559000  0.145 0.000  0.818 0.000  1.145 0.000 999.99 0.559259   8.102 0.000   4.092 0.000   4.010 0.559 0.045 0.559  0.336 0.000
286.25 287.25   22.69 0.000  0.76 0.000 9.999 0.259000 9.99 0.259000  0.045 0.000  0.736 0.000  1.031 0.000 999.99 0.259000   9.492 0.000   6.067 0.000   3.425 0.000 0.044 0.000  0.259 0.000
289.25 290.25    5.53 0.000  0.73 0.000 9.999 0.259000 0.08 0.000000  0.276 0.000  0.481 0.000  0.673 0.000 999.99 0.259000   7.191 0.000   1.569 0.000   5.622 0.000 0.018 0.000  0.934 0.000
292.25 293.25    1.34 0.000  0.68 0.000 0.012 0.000000 9.99 0.259000  0.084 0.000  0.474 0.000  0.663 0.000 999.99 0.259000   3.265 0.000   1.002 0.000   2.264 0.000 0.017 0.000  0.313 0.000
295.25 296.25    7.33 0.000  1.04 0.000 0.015 0.000000 0.13 0.000000  0.257 0.000  0.491 0.000  0.688 0.000 999.99 0.259000   8.317 0.000   2.503 0.000   5.813 0.000 0.026 0.000  0.855 0.000
298.25 299.25   10.78 0.000  0.61 0.000 9.999 0.259000 0.08 0.000000  0.497 0.000  0.602 0.000  0.843 0.000 999.99 0.259000   7.275 0.000   1.738 0.000   5.537 0.000 0.042 0.000  0.497 0.000
301.25 302.25    5.91 0.000  0.35 0.000 0.011 0.000000 0.16 0.000000  0.043 0.000  0.247 0.000  0.346 0.000 999.99 0.259000   2.899 0.000   1.259 0.000   1.640 0.000 0.015 0.000  0.229 0.000
304.25 305.25   10.76 0.000  0.33 0.000 9.999 0.259000 9.99 0.259000  0.146 0.000  0.463 0.000  0.648 0.000 999.99 0.259000   5.614 0.000   2.390 0.000   3.224 0.000 0.009 0.000  0.422 0.000
307.25 308.25   23.09 0.000  0.80 0.000 9.999 0.259000 9.99 0.259000  0.603 0.000  1.428 0.000  1.998 0.000 999.99 0.259000  12.267 0.000   4.103 0.000   8.164 0.000 0.048 0.000  0.588 0.000
310.25 311.25   40.52 0.000  0.56 0.000 9.999 0.259000 9.99 0.259000  0.067 0.000  1.155 0.000  1.616 0.000 999.99 0.259000  10.335 0.000   7.156 0.000   3.179 0.000 0.061 0.000  0.100 0.000
313.25 314.25   11.73 0.000  1.51 0.000 9.999 0.259000 0.09 0.000000  0.154 0.000  0.510 0.000  0.715 0.000 999.99 0.259000   4.836 0.000   1.537 0.000   3.299 0.000 0.025 0.000  0.321 0.000
316.25 317.25   11.30 0.000  0.75 0.000 9.999 0.259000 9.99 0.259000  1.033 0.000  1.016 0.000  1.423 0.000 999.99 0.259000  13.227 0.000   1.255 0.000  11.972 0.000 0.037 0.000  1.028 0.000
319.25 320.25   12.89 0.000  0.74 0.000 9.999 0.259000 0.12 0.000000  0.632 0.559  1.298 0.000  1.817 0.000 999.99 0.259000   6.779 0.000   0.249 0.000   6.530 0.000 0.028 0.000  0.365 0.559
322.25 323.25   11.38 0.000  0.36 0.000 9.999 0.259000 0.12 0.000000  0.023 0.000  0.378 0.000  0.529 0.000 999.99 0.259000   2.713 0.000   1.577 0.000   1.136 0.000 0.014 0.000  0.050 0.000
325.25 326.25   16.60 0.000  0.21 0.000 9.999 0.259000 0.06 0.000000  0.179 0.000  0.504 0.000  0.706 0.000 999.99 0.259000   5.219 0.000   3.056 0.000   2.163 0.000 0.023 0.000  0.165 0.000
328.25 329.25   20.43 0.000  0.37 0.000 9.999 0.259000 0.09 0.000000  0.218 0.000  0.325 0.000  0.455 0.000 999.99 0.259000   7.027 0.000   2.842 0.000   4.184 0.000 0.046 0.000  0.520 0.000
331.25 332.25   13.11 0.000  0.31 0.000 9.999 0.259000 0.11 0.000000  0.186 0.000  0.742 0.000  1.039 0.000 999.99 0.259000   4.602 0.000   2.519 0.000   2.083 0.000 0.016 0.000  0.140 0.000
334.25 335.25   10.65 0.000  0.43 0.000 0.016 0.000000 9.99 0.259000  0.323 0.000  0.673 0.000  0.943 0.000 999.99 0.259000   5.622 0.000   1.947 0.000   3.675 0.000 0.034 0.000  0.288 0.000
337.25 338.25   42.45 0.000  2.33 0.000 9.999 0.259000 0.67 0.000000  0.373 0.000  0.753 0.000  1.054 0.000 999.99 0.259000   7.749 0.000   2.596 0.000   5.153 0.000 0.050 0.000  0.315 0.000
340.25 341.25   14.04 0.000  0.58 0.000 9.999 0.259000 9.99 0.259000  0.266 0.000  0.689 0.000  0.964 0.000 999.99 0.259000   6.487 0.000   2.277 0.000   4.210 0.000 0.029 0.000  0.338 0.000
343.25 344.25   30.04 0.000  0.48 0.000 9.999 0.259000 0.05 0.000000  0.054 0.000  0.638 0.000  0.894 0.000 999.99 0.259000   5.896 0.000   4.229 0.000   1.668 0.000 0.014 0.000  0.083 0.000
346.25 347.25   46.80 0.000  0.28 0.000 0.021 0.000000 0.08 0.000000  0.027 0.000  0.471 0.000  0.659 0.000 999.99 0.259000   7.936 0.000   5.952 0.000   1.984 0.000 0.030 0.000  0.084 0.000
349.25 350.25   25.70 0.000  1.05 0.000 9.999 0.259000 9.99 0.259000  1.047 0.559  1.126 0.000  1.577 0.000 999.99 0.259000  18.921 0.000   3.176 0.000  15.745 0.000 0.069 0.000  1.667 0.559
352.25 353.25   11.88 0.000  0.44 0.000 9.999 0.259000 0.09 0.000000  0.394 0.000  0.793 0.000  1.110 0.000 999.99 0.259000   6.076 0.000   0.564 0.000   5.513 0.000 0.042 0.000  0.442 0.000
355.25 356.25   18.85 0.000  0.95 0.000 9.999 0.259000 0.04 0.000000  0.080 0.000  0.274 0.000  0.383 0.000 999.99 0.259000   2.245 0.000   0.092 0.000   2.153 0.000 0.022 0.000  0.217 0.000
358.25 359.25    9.85 0.000  0.38 0.000 9.999 0.259000 9.99 0.259000  0.393 0.000  0.527 0.000  0.739 0.000 999.99 0.259000   3.556 0.000 999.999 0.259   3.622 0.000 0.010 0.000  0.159 0.000
361.25 362.25    3.89 0.000  0.46 0.000 9.999 0.259000 9.99 0.259000  0.266 0.000  0.265 0.000  0.371 0.000 999.99 0.259000   3.142 0.000   0.679 0.000   2.462 0.000 0.004 0.000  0.381 0.000
364.25 365.25   10.65 0.000  0.37 0.000 9.999 0.259000 9.99 0.259000  0.672 0.000  0.414 0.000  0.580 0.000 999.99 0.259000   8.152 0.000   1.013 0.000   7.139 0.000 0.014 0.000  0.603 0.000
