scripts/IMPROVE-2019_partial/data/US0015R.20140102070000.20191216000000.filterpack...52w.3d.US03L_filterpack_US0015.US03L_IMPROVE_Davis.lev2.nas
52 1001
MISSING INFORMATION
US03L, IMPROVE, , , , , , , 
MISSING INFORMATION
IMPROVE sel_HTAP
1 1
2014 01 01 2019 12 16
3.000000
days from file reference point
5
1 1 1 1 1
999.999999 999.999 9.999 999.999 9.999
end_time of measurement, days from the file reference point
pm10_mass, ug/m3, Matrix=pm10
numflag pm10_mass, no unit, Matrix=pm10
pm25_mass, ug/m3, Matrix=pm25
numflag pm25_mass, no unit, Matrix=pm25
0
33
Data definition:              EBAS_1.1
Set type code:                TU
Timezone:                     UTC
File name:                    US0015R.20140102070000.20191216000000.filterpack...52w.3d.US03L_filterpack_US0015.US03L_IMPROVE_Davis.lev2.nas
File creation:                20191218115626
Startdate:                    20140102070000
Revision date:                20191216000000
Version:                      2
Version description:          "Data extracted from http://views.cira.colostate.edu/fed/DataWizard 2019-12-16"
Statistics:                   arithmetic mean
Data level:                   2
Period code:                  52w
Resolution code:              3d
Sample duration:              1d
Orig. time res.:              3d
Station code:                 US0015R
Platform code:                US0015S
Station name:                 Ike's Backbone
Station latitude:             34.3405
Station longitude:            -111.6832
Station altitude:             1297.0 m
Regime:                       IMG
Component:                    
Unit:                         ug/m3
Matrix:                       
Laboratory code:              US03L
Instrument type:              filterpack
Instrument name:              filterpack_US0015
Method ref:                   US03L_IMPROVE_Davis
Blank correction:             Blank corrected
Volume std. temperature:      ambient
Volume std. pressure:         ambient
starttime endtime PM10 flag_PM10 PM2.5 flag_PM2.5
  1.291667   2.291667   3.219 0.000   0.896 0.000
  4.291667   5.291667   3.499 0.000   0.821 0.000
  7.291667   8.291667   3.902 0.000   1.545 0.000
 10.291667  11.291667   3.441 0.000   1.297 0.000
 13.291667  14.291667   2.950 0.000   1.490 0.000
 16.291667  17.291667   2.144 0.000   1.285 0.000
 19.291667  20.291667   3.926 0.000   1.775 0.000
 22.291667  23.291667   6.214 0.000   2.593 0.000
 25.291667  26.291667   9.969 0.000   3.510 0.000
 28.291667  29.291667   3.806 0.000   1.352 0.000
 31.291667  32.291667   3.165 0.000   1.159 0.000
 34.291667  35.291667   5.968 0.000   2.030 0.000
 37.291667  38.291667   6.904 0.000   3.261 0.000
 40.291667  41.291667   5.867 0.000   2.201 0.000
 43.291667  44.291667   5.202 0.000   1.728 0.000
 46.291667  47.291667   7.905 0.000   2.850 0.000
 49.291667  50.291667  10.313 0.000   3.482 0.000
 52.291667  53.291667   9.333 0.000   3.349 0.000
 55.291667  56.291667  11.320 0.000   4.131 0.000
 58.291667  59.291667  17.795 0.000   2.183 0.000
 61.291667  62.291667   2.703 0.000   1.625 0.000
 64.291667  65.291667   2.567 0.000   1.605 0.000
 67.291667  68.291667   1.347 0.000   0.655 0.000
 70.291667  71.291667  12.549 0.000   3.629 0.000
 73.291667  74.291667   6.284 0.000   2.664 0.000
 76.291667  77.291667  11.313 0.000   4.156 0.000
 79.291667  80.291667   8.842 0.000   3.531 0.000
 82.291667  83.291667   6.026 0.000   3.050 0.000
 85.291667  86.291667  60.260 0.000  13.725 0.000
 88.291667  89.291667  12.039 0.000   4.327 0.000
 91.291667  92.291667  12.459 0.000   3.815 0.000
 94.291667  95.291667   4.904 0.000   2.252 0.000
 97.291667  98.291667   4.564 0.000   3.059 0.000
100.291667 101.291667   5.932 0.000   3.354 0.000
103.291667 104.291667   6.530 0.000   2.724 0.000
106.291667 107.291667  11.909 0.000   5.123 0.000
109.291667 110.291667   5.927 0.000   3.218 0.000
112.291667 113.291667  19.685 0.000   9.558 0.000
115.291667 116.291667  15.589 0.000   5.647 0.000
118.291667 119.291667   5.026 0.000   2.639 0.000
121.291667 122.291667   5.859 0.000   3.072 0.000
124.291667 125.291667  17.173 0.000   5.871 0.000
127.291667 128.291667  12.998 0.000   5.234 0.000
130.291667 131.291667  43.479 0.000  12.621 0.000
133.291667 134.291667   6.276 0.000   4.817 0.000
136.291667 137.291667  14.401 0.000   7.205 0.000
139.291667 140.291667  10.377 0.659   6.977 0.000
142.291667 143.291667  13.174 0.000   3.779 0.000
145.291667 146.291667  15.781 0.000   6.516 0.000
148.291667 149.291667  10.151 0.000   4.266 0.000
151.291667 152.291667   7.134 0.000   2.472 0.000
154.291667 155.291667   9.325 0.000   3.081 0.000
157.291667 158.291667  13.706 0.000   5.946 0.000
160.291667 161.291667  17.776 0.000   7.276 0.000
163.291667 164.291667  14.413 0.000   5.583 0.000
166.291667 167.291667   9.743 0.000   3.469 0.000
169.291667 170.291667   7.441 0.000   2.374 0.000
172.291667 173.291667   8.531 0.000   2.570 0.000
175.291667 176.291667  11.179 0.000   3.505 0.000
178.291667 179.291667  17.576 0.000   4.825 0.000
181.291667 182.291667  14.780 0.000   3.271 0.000
184.291667 185.291667  21.428 0.000   7.306 0.000
187.291667 188.291667 999.999 0.999 999.999 0.999
190.291667 191.291667   8.108 0.000   3.851 0.000
193.291667 194.291667  10.481 0.000   4.542 0.000
196.291667 197.291667   7.891 0.000   3.828 0.000
199.291667 200.291667   7.851 0.000   3.013 0.000
202.291667 203.291667  13.793 0.000  11.014 0.000
205.291667 206.291667  37.908 0.000  11.687 0.000
208.291667 209.291667   5.298 0.000   3.145 0.000
211.291667 212.291667  18.156 0.000   5.926 0.000
214.291667 215.291667   4.868 0.000   2.872 0.000
217.291667 218.291667   5.397 0.000   2.704 0.000
220.291667 221.291667  10.418 0.000   4.377 0.000
223.291667 224.291667   6.699 0.000   4.125 0.000
226.291667 227.291667 999.999 0.999 999.999 0.999
229.291667 230.291667 999.999 0.999 999.999 0.999
232.291667 233.291667   5.733 0.000   2.783 0.000
235.291667 236.291667   5.503 0.000   2.618 0.000
238.291667 239.291667   4.205 0.000   2.229 0.000
241.291667 242.291667   6.007 0.000   2.552 0.000
244.291667 245.291667   6.556 0.000   2.594 0.000
247.291667 248.291667  49.751 0.000  11.155 0.000
250.291667 251.291667   3.145 0.000   1.276 0.000
253.291667 254.291667   4.987 0.000   2.889 0.000
256.291667 257.291667   3.039 0.000   1.315 0.000
259.291667 260.291667   2.891 0.000   1.297 0.000
262.291667 263.291667  12.072 0.000   3.894 0.000
265.291667 266.291667   3.713 0.000   1.601 0.000
268.291667 269.291667  12.441 0.000   4.736 0.000
271.291667 272.291667  12.116 0.000   3.427 0.000
274.291667 275.291667   3.305 0.000   1.392 0.000
277.291667 278.291667   5.832 0.000   2.255 0.000
280.291667 281.291667 999.999 0.999 999.999 0.999
283.291667 284.291667 999.999 0.999 999.999 0.999
286.291667 287.291667 999.999 0.999 999.999 0.999
289.291667 290.291667 999.999 0.999 999.999 0.999
292.291667 293.291667 999.999 0.999 999.999 0.999
295.291667 296.291667 999.999 0.999 999.999 0.999
298.291667 299.291667 999.999 0.999 999.999 0.999
301.291667 302.291667 999.999 0.999 999.999 0.999
304.291667 305.291667 999.999 0.999 999.999 0.999
307.291667 308.291667 999.999 0.999 999.999 0.999
310.291667 311.291667   5.134 0.000   2.122 0.000
313.291667 314.291667  10.665 0.000   2.825 0.000
316.291667 317.291667 999.999 0.999 999.999 0.999
319.291667 320.291667 999.999 0.999 999.999 0.999
322.291667 323.291667 999.999 0.999 999.999 0.999
325.291667 326.291667 999.999 0.999 999.999 0.999
328.291667 329.291667   2.371 0.000   1.005 0.000
331.291667 332.291667   4.238 0.000   1.438 0.000
334.291667 335.291667   8.318 0.000   2.491 0.000
337.291667 338.291667   2.069 0.000   1.251 0.000
340.291667 341.291667   1.620 0.000   2.521 0.000
343.291667 344.291667   5.766 0.000   3.675 0.000
346.291667 347.291667   1.000 0.000   0.513 0.000
349.291667 350.291667   3.046 0.000   1.679 0.000
352.291667 353.291667   1.548 0.000   1.082 0.000
355.291667 356.291667   4.233 0.000   2.440 0.000
358.291667 359.291667   3.329 0.000   0.844 0.000
361.291667 362.291667   2.146 0.000   1.472 0.000
364.291667 365.291667   1.889 0.000   1.182 0.000
