scripts/IMPROVE-2019_partial/data/US0077R.19920101070000.20191216000000.filterpack...1y.3d.US03L_filterpack_US0077.US03L_IMPROVE_Davis.lev2.nas
52 1001
MISSING INFORMATION
US03L, IMPROVE, , , , , , , 
MISSING INFORMATION
IMPROVE sel_HTAP
1 1
1992 01 01 2019 12 16
0
days from file reference point
5
1 1 1 1 1
999.999999 999.999 9.999 99.999 9.999
end_time of measurement, days from the file reference point
pm10_mass, ug/m3, Matrix=pm10
numflag pm10_mass, no unit, Matrix=pm10
pm25_mass, ug/m3, Matrix=pm25
numflag pm25_mass, no unit, Matrix=pm25
0
33
Data definition:              EBAS_1.1
Set type code:                TI
Timezone:                     UTC
File name:                    US0077R.19920101070000.20191216000000.filterpack...1y.3d.US03L_filterpack_US0077.US03L_IMPROVE_Davis.lev2.nas
File creation:                20191218120037
Startdate:                    19920101070000
Revision date:                20191216000000
Version:                      2
Version description:          "Data extracted from http://views.cira.colostate.edu/fed/DataWizard 2019-12-16"
Statistics:                   arithmetic mean
Data level:                   2
Period code:                  1y
Resolution code:              3d
Sample duration:              1d
Orig. time res.:              3d
Station code:                 US0077R
Platform code:                US0077S
Station name:                 Canyonlands NP
Station latitude:             38.4587
Station longitude:            -109.821
Station altitude:             1798.0 m
Regime:                       IMG
Component:                    
Unit:                         ug/m3
Matrix:                       
Laboratory code:              US03L
Instrument type:              filterpack
Instrument name:              filterpack_US0077
Method ref:                   US03L_IMPROVE_Davis
Blank correction:             Blank corrected
Volume std. temperature:      ambient
Volume std. pressure:         ambient
starttime endtime PM10 flag_PM10 PM2.5 flag_PM2.5
  0.291667   1.291667   7.742 0.000  4.020 0.559
  3.291667   4.291667   5.887 0.000  4.983 0.559
  7.291667   8.291667   5.388 0.000  3.232 0.559
 10.291667  11.291667   7.273 0.000  2.862 0.559
 14.291667  15.291667  10.826 0.000  2.222 0.559
 17.291667  18.291667  21.504 0.000  5.035 0.559
 21.291667  22.291667   9.518 0.000  3.725 0.559
 24.291667  25.291667  12.851 0.000  6.961 0.559
 28.291667  29.291667  12.629 0.000  7.653 0.559
 31.291667  32.291667  10.510 0.000  6.981 0.559
 35.291667  36.291667  10.000 0.000  2.763 0.559
 38.291667  39.291667   6.906 0.000  4.539 0.559
 42.291667  43.291667   4.138 0.000  1.467 0.559
 45.291667  46.291667   4.079 0.000  1.700 0.559
 49.291667  50.291667   7.131 0.000  1.447 0.559
 52.291667  53.291667   9.744 0.000  2.412 0.559
 56.291667  57.291667   6.397 0.000  1.447 0.559
 59.291667  60.291667   7.984 0.000  1.942 0.000
 63.291667  64.291667   7.247 0.000  1.438 0.000
 66.291667  67.291667   7.368 0.000 99.999 0.999
 70.291667  71.291667   9.696 0.000  2.968 0.000
 73.291667  74.291667   4.788 0.000  2.129 0.000
 77.291667  78.291667   3.574 0.000  1.169 0.000
 80.291667  81.291667   8.866 0.000  3.442 0.000
 84.291667  85.291667   5.516 0.000  2.360 0.000
 87.291667  88.291667   3.545 0.000  0.559 0.000
 91.291667  92.291667   8.073 0.000  1.912 0.000
 94.291667  95.291667   6.090 0.000  2.163 0.000
 98.291667  99.291667   7.052 0.000  3.758 0.000
101.291667 102.291667   9.179 0.000  3.153 0.000
105.291667 106.291667   7.802 0.000  3.125 0.000
108.291667 109.291667  11.282 0.000  2.366 0.000
112.291667 113.291667   7.045 0.000  3.262 0.000
115.291667 116.291667   6.346 0.000  4.689 0.000
119.291667 120.291667  14.981 0.000  5.289 0.000
122.291667 123.291667  13.034 0.000  5.770 0.000
126.291667 127.291667   9.101 0.000  4.511 0.000
129.291667 130.291667   6.491 0.000  3.060 0.000
133.291667 134.291667   8.275 0.000  4.526 0.000
136.291667 137.291667  12.627 0.000  3.981 0.000
140.291667 141.291667   5.974 0.000 99.999 0.999
143.291667 144.291667   3.723 0.000 99.999 0.999
147.291667 148.291667   5.053 0.000  2.901 0.000
150.291667 151.291667   7.978 0.000  3.272 0.000
154.291667 155.291667   7.100 0.000  3.050 0.000
157.291667 158.291667 999.999 0.999  4.423 0.000
161.291667 162.291667   7.253 0.000  3.448 0.000
164.291667 165.291667   8.550 0.000  3.981 0.000
168.291667 169.291667  11.286 0.000  4.660 0.000
171.291667 172.291667  23.297 0.000  4.606 0.000
175.291667 176.291667   9.722 0.000  6.677 0.000
178.291667 179.291667   6.846 0.000  4.571 0.000
182.291667 183.291667   9.071 0.000  3.145 0.000
185.291667 186.291667  15.971 0.000  3.281 0.000
189.291667 190.291667   5.438 0.000  2.950 0.000
192.291667 193.291667   9.197 0.000  3.012 0.000
196.291667 197.291667   7.466 0.000  2.340 0.000
199.291667 200.291667   9.623 0.000  2.813 0.000
203.291667 204.291667  10.099 0.000  4.404 0.000
206.291667 207.291667   8.960 0.000  3.385 0.000
210.291667 211.291667   7.958 0.000  4.080 0.000
213.291667 214.291667  11.345 0.000  5.062 0.000
217.291667 218.291667   7.743 0.000  4.134 0.000
220.291667 221.291667   6.408 0.000  4.012 0.000
224.291667 225.291667   5.502 0.000  3.091 0.000
227.291667 228.291667   8.305 0.000  4.273 0.000
231.291667 232.291667   7.817 0.000  3.528 0.000
234.291667 235.291667   9.261 0.000  2.945 0.000
238.291667 239.291667 999.999 0.999 99.999 0.999
241.291667 242.291667 999.999 0.999 99.999 0.999
245.291667 246.291667 999.999 0.999 99.999 0.999
248.291667 249.291667 999.999 0.999 99.999 0.999
252.291667 253.291667 999.999 0.999 99.999 0.999
255.291667 256.291667   6.115 0.000  4.410 0.000
259.291667 260.291667 999.999 0.999 99.999 0.999
262.291667 263.291667 999.999 0.999 99.999 0.999
266.291667 267.291667 999.999 0.999 99.999 0.999
269.291667 270.291667 999.999 0.999 99.999 0.999
273.291667 274.291667 999.999 0.999 99.999 0.999
276.291667 277.291667  13.619 0.000  4.361 0.000
280.291667 281.291667   5.296 0.000  2.531 0.000
283.291667 284.291667   9.148 0.000  2.857 0.000
287.291667 288.291667  13.011 0.000  5.253 0.000
290.291667 291.291667  17.585 0.000  4.639 0.000
294.291667 295.291667   7.887 0.000  3.576 0.000
297.291667 298.291667   9.119 0.000  4.525 0.000
301.291667 302.291667   7.371 0.000  3.864 0.000
304.291667 305.291667   2.346 0.000  0.974 0.000
308.291667 309.291667   3.577 0.000  1.296 0.000
311.291667 312.291667   5.085 0.000  3.023 0.000
315.291667 316.291667 999.999 0.999 99.999 0.999
318.291667 319.291667   6.926 0.000  3.885 0.000
322.291667 323.291667 999.999 0.999 99.999 0.999
325.291667 326.291667   4.068 0.000  2.886 0.000
329.291667 330.291667   5.062 0.000  2.704 0.000
332.291667 333.291667   8.755 0.000  4.110 0.000
336.291667 337.291667   6.613 0.000  3.119 0.000
339.291667 340.291667   2.500 0.000  1.608 0.000
343.291667 344.291667  10.886 0.000  5.920 0.000
346.291667 347.291667   6.769 0.000  5.117 0.000
350.291667 351.291667   6.835 0.000  2.152 0.000
353.291667 354.291667   4.402 0.000  1.490 0.000
357.291667 358.291667   7.760 0.000  5.472 0.000
360.291667 361.291667   7.276 0.000  5.955 0.000
364.291667 365.291667   2.460 0.000  0.598 0.000
