scripts/IMPROVE-2019_partial/data/US0040R.20040101060000.20191216000000.filterpack..pm25.52w.1w.US03L_filterpack_US0040.US03L_IMPROVE_Davis.lev2.nas
64 1001
MISSING INFORMATION
US03L, IMPROVE, , , , , , , 
MISSING INFORMATION
IMPROVE sel_HTAP
1 1
2004 01 01 2019 12 16
3.00
days from file reference point
25
1 1 1 1 1 1 1 1 1 1 1 1 1 1 1 1 1 1 1 1 1 1 1 1 1
999.99 9999.99 9.999 999.99 9.999 9.999 9.999999 99.99 9.999999 99.999 9.999 99.999 9.999 99.999 9.999 999.999 9.999 999.999 9.999 999.999 9.999 9.999 9.999 99.999 9.999
end_time of measurement, days from the file reference point
iron, ng/m3, Revision date=20181210133000
numflag iron, no unit, Revision date=20181210133000
lead, ng/m3, Revision date=20181210133000
numflag lead, no unit, Revision date=20181210133000
magnesium, ug/m3, Revision date=20181210133000
numflag magnesium, no unit, Revision date=20181210133000
nickel, ng/m3, Revision date=20181210133000
numflag nickel, no unit, Revision date=20181210133000
nitrate, ug N/m3, Revision date=20181210133000
numflag nitrate, no unit, Revision date=20181210133000
organic_carbon, ug C/m3, Revision date=20181210133000
numflag organic_carbon, no unit, Revision date=20181210133000
organic_mass, ug/m3, Revision date=20181210133000
numflag organic_mass, no unit, Revision date=20181210133000
pm10_mass, ug/m3, Version=2, Version description=Data extracted from http://views.cira.colostate.edu/fed/DataWizard 2019-12-16, Sample duration=1d, Orig. time res.=3d, Matrix=pm10, Blank correction=Blank corrected, Volume std. temperature=ambient, Volume std. pressure=ambient
numflag pm10_mass, no unit, Version=2, Version description=Data extracted from http://views.cira.colostate.edu/fed/DataWizard 2019-12-16, Sample duration=1d, Orig. time res.=3d, Matrix=pm10, Blank correction=Blank corrected, Volume std. temperature=ambient, Volume std. pressure=ambient
pm10_pm25_mass, ug/m3, Revision date=20181210133000, Matrix=pm10_pm25
numflag pm10_pm25_mass, no unit, Revision date=20181210133000, Matrix=pm10_pm25
pm25_mass, ug/m3, Version=2, Version description=Data extracted from http://views.cira.colostate.edu/fed/DataWizard 2019-12-16, Sample duration=1d, Orig. time res.=3d, Blank correction=Blank corrected, Volume std. temperature=ambient, Volume std. pressure=ambient
numflag pm25_mass, no unit, Version=2, Version description=Data extracted from http://views.cira.colostate.edu/fed/DataWizard 2019-12-16, Sample duration=1d, Orig. time res.=3d, Blank correction=Blank corrected, Volume std. temperature=ambient, Volume std. pressure=ambient
potassium, ug/m3, Revision date=20181210133000
numflag potassium, no unit, Revision date=20181210133000
sulphate_total, ug S/m3, Revision date=20181210133000
numflag sulphate_total, no unit, Revision date=20181210133000
0
25
Data definition:              EBAS_1.1
Set type code:                TU
Timezone:                     UTC
File name:                    US0040R.20040101060000.20191216000000.filterpack..pm25.52w.1w.US03L_filterpack_US0040.US03L_IMPROVE_Davis.lev2.nas
File creation:                20191218115754
Startdate:                    20040101060000
Revision date:                20191216000000
Statistics:                   arithmetic mean
Data level:                   2
Period code:                  52w
Resolution code:              1w
Station code:                 US0040R
Platform code:                US0040S
Station name:                 Cadiz
Station latitude:             36.7842
Station longitude:            -87.8501
Station altitude:             191.0 m
Regime:                       IMG
Component:                    
Matrix:                       pm25
Laboratory code:              US03L
Instrument type:              filterpack
Instrument name:              filterpack_US0040
Method ref:                   US03L_IMPROVE_Davis
starttime endtime Fe flag_Fe Pb flag_Pb Mg++ flag_Mg++ Ni flag_Ni NO3- flag_NO3- OC flag_OC OM flag_OM PM10 flag_PM10 PM10-PM2.5 flag_PM10-PM2.5 PM2.5 flag_PM2.5 K+ flag_K+ SO4-- flag_SO4--
  0.25   1.25   17.71 0.000   1.92 0.000 9.999 0.259000  0.11 0.000000  0.049 0.000  2.169 0.000  3.037 0.000   8.019 0.000   1.950 0.000   6.069 0.000 0.104 0.000  0.556 0.000
  3.25   4.25    4.64 0.000   0.44 0.000 9.999 0.259000  0.29 0.000000  0.055 0.000  0.923 0.000  1.292 0.000   7.622 0.000   3.213 0.000   4.409 0.000 0.029 0.000  0.648 0.000
  6.25   7.25    7.70 0.000   7.08 0.000 9.999 0.259000 99.99 0.259000  0.185 0.000  0.945 0.000  1.323 0.000   5.564 0.000   2.122 0.000   3.442 0.000 0.044 0.000  0.234 0.000
  9.25  10.25   36.63 0.000   2.26 0.000 9.999 0.259000  0.31 0.000000  0.844 0.000  1.411 0.000  1.975 0.000  15.479 0.000   2.590 0.000  12.888 0.000 0.037 0.000  1.521 0.000
 12.25  13.25   20.50 0.000   3.19 0.000 9.999 0.259000 99.99 0.259000  0.749 0.000  2.555 0.000  3.577 0.000  13.074 0.000   2.778 0.000  10.296 0.000 0.052 0.000  0.656 0.000
 15.25  16.25   45.87 0.000   2.38 0.000 9.999 0.259000  0.36 0.000000  0.578 0.000  1.837 0.000  2.572 0.000  12.814 0.000   2.797 0.000  10.017 0.000 0.056 0.000  1.156 0.000
 18.25  19.25    8.13 0.000   2.18 0.000 9.999 0.259000  0.20 0.000000  0.326 0.000  1.270 0.000  1.779 0.000   9.078 0.000   1.766 0.000   7.312 0.000 0.032 0.000  0.926 0.000
 21.25  22.25   25.94 0.000   2.33 0.000 9.999 0.259000  0.12 0.000000  0.618 0.000  1.222 0.000  1.711 0.000  10.871 0.000   3.593 0.000   7.278 0.000 0.034 0.000  0.464 0.000
 24.25  25.25   12.26 0.394   1.75 0.394 9.999 0.394259  0.30 0.394000  0.553 0.394  1.149 0.000  1.609 0.000   8.184 0.000   0.240 0.000   7.944 0.000 0.029 0.394  0.738 0.394
 27.25  28.25   17.92 0.000   2.41 0.000 9.999 0.259000  0.14 0.000000  0.357 0.000  1.329 0.000  1.861 0.000   7.901 0.000   1.351 0.000   6.550 0.000 0.035 0.000  0.632 0.000
 30.25  31.25   27.19 0.000   1.30 0.000 9.999 0.259000  0.71 0.000000  0.715 0.000  1.140 0.000  1.597 0.000  10.417 0.000   1.401 0.000   9.016 0.000 0.042 0.000  0.829 0.000
 33.25  34.25   26.82 0.000   3.39 0.000 9.999 0.259000  0.18 0.000000  0.553 0.000  1.982 0.000  2.775 0.000  16.556 0.000   1.510 0.000  15.046 0.000 0.042 0.000  2.225 0.000
 36.25  37.25   15.65 0.000   1.70 0.000 0.093 0.000000  0.17 0.000000  0.200 0.000  1.128 0.000  1.579 0.000   9.466 0.000   1.053 0.000   8.413 0.000 0.026 0.000  1.556 0.000
 39.25  40.25    9.61 0.000   2.06 0.000 9.999 0.259000 99.99 0.259000  0.070 0.000  1.711 0.000  2.395 0.000   9.094 0.000   1.179 0.000   7.915 0.000 0.037 0.000  1.099 0.000
 42.25  43.25   20.98 0.000   1.32 0.000 9.999 0.259000 99.99 0.259000  1.095 0.000  1.215 0.000  1.700 0.000  15.336 0.000   5.389 0.000   9.947 0.000 0.028 0.000  0.622 0.000
 45.25  46.25   24.94 0.000   2.63 0.000 9.999 0.259000  0.19 0.000000  1.582 0.000  1.933 0.000  2.706 0.000  18.973 0.000   3.065 0.000  15.908 0.000 0.042 0.000  1.235 0.000
 48.25  49.25   25.21 0.000   3.27 0.000 9.999 0.259000 99.99 0.259000  1.270 0.000  1.986 0.000  2.780 0.000  38.922 0.000  25.095 0.000  13.827 0.000 0.037 0.000  1.099 0.000
 51.25  52.25   13.63 0.000   1.45 0.000 9.999 0.259000  0.12 0.000000  1.008 0.559  1.056 0.000  1.478 0.000  25.449 0.000  13.062 0.000  12.387 0.000 0.020 0.000  1.571 0.559
 54.25  55.25   43.29 0.000   4.76 0.000 9.999 0.259000  0.50 0.000000  2.328 0.000  2.306 0.000  3.228 0.000  33.793 0.000   6.326 0.000  27.467 0.000 0.057 0.000  2.678 0.000
 57.25  58.25   91.06 0.000   4.27 0.000 9.999 0.259000  0.29 0.000000  0.704 0.559  2.546 0.000  3.564 0.000 999.999 0.456 999.999 0.999  11.055 0.000 0.072 0.000  1.004 0.559
 60.25  61.25    9.79 0.000   0.88 0.000 9.999 0.259000  0.25 0.000000  0.077 0.559  0.663 0.000  0.928 0.000 999.999 0.456 999.999 0.999   3.660 0.000 0.028 0.000  0.458 0.559
 63.25  64.25   15.63 0.000   2.71 0.000 0.067 0.000000  0.27 0.000000  0.508 0.000  1.429 0.000  2.001 0.000  18.039 0.000  11.689 0.000   6.350 0.000 0.057 0.000  0.753 0.000
 66.25  67.25   12.89 0.000   1.43 0.000 9.999 0.259000 99.99 0.259000  0.075 0.559  0.626 0.000  0.877 0.000   9.177 0.000   6.262 0.000   2.914 0.000 0.014 0.000  0.395 0.559
 69.25  70.25 9999.99 0.999 999.99 0.999 9.999 0.999000 99.99 0.999000 99.999 0.999 99.999 0.999 99.999 0.999 999.999 0.999 999.999 0.999 999.999 0.999 9.999 0.999 99.999 0.999
 72.25  73.25   23.20 0.000   2.49 0.000 0.056 0.000000 99.99 0.259000  0.828 0.559  1.832 0.000  2.565 0.000  14.689 0.000   4.382 0.000  10.307 0.000 0.057 0.000  0.781 0.559
 75.25  76.25   12.01 0.000   1.82 0.000 9.999 0.259000 99.99 0.259000  0.760 0.559  1.113 0.000  1.559 0.000  12.648 0.000   0.487 0.000  12.162 0.000 0.024 0.000  1.469 0.559
 78.25  79.25   26.33 0.000   2.81 0.000 0.039 0.000000 99.99 0.259000  0.985 0.000  0.960 0.000  1.344 0.000  11.086 0.000   2.077 0.000   9.009 0.000 0.031 0.000  0.891 0.000
 81.25  82.25   17.93 0.000   2.00 0.000 9.999 0.259000  0.32 0.000000  0.368 0.000  1.133 0.000  1.586 0.000   9.622 0.000   2.584 0.000   7.037 0.000 0.030 0.000  0.962 0.000
 84.25  85.25   40.52 0.000   2.49 0.000 9.999 0.259000  0.13 0.000000  0.132 0.000  1.679 0.000  2.351 0.000  18.380 0.000   8.259 0.000  10.121 0.000 0.088 0.000  1.345 0.000
 87.25  88.25   21.35 0.000   1.40 0.000 9.999 0.259000  0.09 0.000000  0.118 0.000  1.579 0.000  2.210 0.000  13.108 0.000   6.852 0.000   6.256 0.000 0.047 0.000  0.598 0.000
 90.25  91.25   13.29 0.000   2.10 0.000 9.999 0.259000  0.08 0.000000  0.259 0.000  0.759 0.000  1.063 0.000   8.241 0.000   1.704 0.000   6.538 0.000 0.013 0.000  1.099 0.000
 93.25  94.25   24.93 0.000   2.90 0.000 0.033 0.000000 99.99 0.259000  0.204 0.000  1.236 0.000  1.730 0.000   9.622 0.000   4.116 0.000   5.505 0.000 0.040 0.000  0.494 0.000
 96.25  97.25   21.28 0.000   2.81 0.000 9.999 0.259000 99.99 0.259000  0.390 0.000  1.866 0.000  2.612 0.000  10.845 0.000   3.445 0.000   7.400 0.000 0.046 0.000  0.816 0.000
 99.25 100.25   38.95 0.000   2.66 0.000 9.999 0.259000  0.15 0.000000  1.107 0.000  2.012 0.000  2.817 0.000  24.222 0.000  10.745 0.000  13.477 0.000 0.139 0.000  1.348 0.000
102.25 103.25   32.51 0.000   4.18 0.000 9.999 0.259000 99.99 0.259000  1.728 0.000  1.939 0.000  2.714 0.000  24.221 0.000   3.035 0.000  21.185 0.000 0.046 0.000  1.724 0.000
105.25 106.25   27.21 0.000   2.09 0.000 0.043 0.000000  0.10 0.000000  0.206 0.000  1.267 0.000  1.774 0.000  13.104 0.000   5.688 0.000   7.416 0.000 0.044 0.000  1.094 0.000
108.25 109.25   30.37 0.000   1.95 0.000 9.999 0.259000  0.35 0.000000  0.040 0.000  2.523 0.000  3.533 0.000  15.163 0.000   5.093 0.000  10.069 0.000 0.064 0.000  1.120 0.000
111.25 112.25   37.47 0.000   1.16 0.000 9.999 0.259000  0.19 0.000000  0.075 0.000  1.097 0.000  1.535 0.000  13.396 0.000   7.910 0.000   5.486 0.000 0.054 0.000  0.591 0.000
114.25 115.25   33.05 0.000   1.81 0.000 0.040 0.000000  0.16 0.000000  0.511 0.000  1.876 0.000  2.626 0.000  20.505 0.000   8.257 0.000  12.248 0.000 0.072 0.000  1.781 0.000
117.25 118.25   47.18 0.000   3.11 0.000 0.051 0.000000 99.99 0.259000  0.069 0.000  0.784 0.000  1.097 0.000  16.541 0.000  11.727 0.000   4.815 0.000 0.043 0.000  0.498 0.000
120.25 121.25   30.04 0.000   2.55 0.000 9.999 0.259000  0.14 0.000000  0.063 0.000  2.121 0.000  2.969 0.000  20.833 0.000   9.174 0.000  11.659 0.000 0.052 0.000  1.450 0.000
123.25 124.25   13.41 0.000   1.27 0.000 9.999 0.259000  0.12 0.000000  0.065 0.000  0.598 0.000  0.837 0.000  10.541 0.000   3.502 0.000   7.039 0.000 0.016 0.000  1.264 0.000
126.25 127.25   47.94 0.000   2.41 0.000 9.999 0.259000  0.31 0.000000  0.062 0.000  2.986 0.000  4.180 0.000  18.477 0.000   6.640 0.000  11.837 0.000 0.057 0.000  1.109 0.000
129.25 130.25   52.46 0.000   2.43 0.000 9.999 0.259000  0.39 0.000000  0.083 0.000  2.849 0.000  3.989 0.000  19.159 0.000   6.495 0.000  12.663 0.000 0.060 0.000  1.514 0.000
132.25 133.25   40.29 0.000   2.32 0.000 9.999 0.259000  0.40 0.000000  0.074 0.000  2.138 0.000  2.993 0.000  27.860 0.000  11.888 0.000  15.972 0.000 0.051 0.000  2.335 0.000
135.25 136.25   12.74 0.000   1.09 0.000 9.999 0.259000  0.14 0.000000  0.049 0.000  0.573 0.000  0.803 0.000   9.507 0.000   3.030 0.000   6.477 0.000 0.011 0.000  1.295 0.000
138.25 139.25   16.28 0.000   1.07 0.000 9.999 0.259000  0.27 0.000000  0.075 0.000  1.735 0.000  2.429 0.000  12.095 0.000   4.950 0.000   7.145 0.000 0.047 0.000  0.823 0.000
141.25 142.25   33.71 0.000   2.54 0.000 9.999 0.259000  0.38 0.000000  0.112 0.000  2.258 0.000  3.161 0.000  18.628 0.000   8.101 0.000  10.527 0.000 0.046 0.000  1.226 0.000
144.25 145.25   18.13 0.000   1.11 0.000 9.999 0.259000  0.53 0.000000  0.081 0.000  2.125 0.000  2.975 0.000  17.546 0.000   7.855 0.000   9.691 0.000 0.043 0.000  1.127 0.000
147.25 148.25   26.31 0.000   1.19 0.000 0.027 0.000000  0.46 0.000000  0.131 0.000  3.182 0.000  4.455 0.000  21.162 0.000   9.715 0.000  11.447 0.000 0.094 0.000  1.437 0.000
150.25 151.25   27.22 0.000   0.77 0.000 0.045 0.000000  0.39 0.000000  0.077 0.000  2.151 0.000  3.012 0.000  16.217 0.000   5.849 0.000  10.369 0.000 0.113 0.000  1.169 0.000
153.25 154.25   35.17 0.000   1.80 0.000 0.073 0.000000 99.99 0.259000  0.034 0.000  1.643 0.000  2.301 0.000  11.520 0.000   5.585 0.000   5.934 0.000 0.047 0.000  0.458 0.000
156.25 157.25   27.79 0.000   3.56 0.000 9.999 0.259000  0.17 0.000000  0.160 0.000  2.193 0.000  3.070 0.000  21.943 0.000   5.422 0.000  16.521 0.000 0.031 0.000  2.637 0.000
159.25 160.25  189.09 0.000   1.09 0.000 9.999 0.259000  0.35 0.000000  0.067 0.000  2.087 0.000  2.921 0.000  20.425 0.000   6.440 0.000  13.985 0.000 0.146 0.000  1.505 0.000
162.25 163.25   75.01 0.000   1.60 0.000 0.078 0.000000  0.40 0.000000  0.069 0.000  2.729 0.000  3.821 0.000  21.610 0.000   5.321 0.000  16.289 0.000 0.106 0.000  1.774 0.000
165.25 166.25   33.90 0.000   0.54 0.000 9.999 0.259000  0.21 0.000000  0.039 0.000  2.013 0.000  2.818 0.000  16.340 0.000   4.851 0.000  11.489 0.000 0.056 0.000  1.499 0.000
168.25 169.25   43.93 0.000   0.74 0.000 9.999 0.259000  0.14 0.000000  0.040 0.000  1.232 0.000  1.725 0.000  12.401 0.000   6.024 0.000   6.376 0.000 0.040 0.000  0.792 0.000
171.25 172.25   34.04 0.000   2.48 0.000 9.999 0.259000  0.11 0.000000  0.043 0.000  1.638 0.000  2.293 0.000  20.046 0.000   9.860 0.000  10.186 0.000 0.036 0.000  1.208 0.000
174.25 175.25   47.05 0.000   2.81 0.000 9.999 0.259000  0.09 0.000000  0.088 0.000  1.651 0.000  2.312 0.000  20.875 0.000   7.779 0.000  13.096 0.000 0.061 0.000  1.828 0.000
177.25 178.25   33.89 0.000   3.40 0.000 9.999 0.259000  0.14 0.000000  0.072 0.000  1.648 0.000  2.307 0.000  17.839 0.000   7.423 0.000  10.417 0.000 0.041 0.000  1.273 0.000
180.25 181.25   50.44 0.000   2.85 0.000 0.081 0.000000  0.18 0.000000  0.081 0.000  2.648 0.000  3.707 0.000  24.227 0.000   3.918 0.000  20.309 0.000 0.087 0.000  2.740 0.000
183.25 184.25   21.77 0.000   0.73 0.000 9.999 0.259000  0.22 0.000000  0.040 0.000  1.299 0.000  1.819 0.000  12.214 0.000   5.491 0.000   6.723 0.000 0.036 0.000  0.923 0.000
186.25 187.25  145.33 0.000   2.11 0.000 9.999 0.259000  0.09 0.000000  0.075 0.000  1.974 0.000  2.764 0.000  20.628 0.000  10.355 0.000  10.273 0.000 0.266 0.000  0.956 0.000
189.25 190.25   15.11 0.000   2.55 0.000 9.999 0.259000 99.99 0.259000  0.030 0.000  1.832 0.000  2.564 0.000  18.655 0.000   6.136 0.000  12.519 0.000 0.035 0.000  1.880 0.000
192.25 193.25   21.00 0.000   0.96 0.000 9.999 0.259000 99.99 0.259000  0.025 0.000  1.780 0.000  2.492 0.000  13.158 0.000   6.591 0.000   6.567 0.000 0.032 0.000  0.685 0.000
195.25 196.25   46.58 0.000   1.17 0.000 9.999 0.259000 99.99 0.259000  0.029 0.000  1.869 0.000  2.616 0.000  17.546 0.000  10.221 0.000   7.325 0.000 0.042 0.000  0.724 0.000
198.25 199.25   14.41 0.000   1.23 0.000 9.999 0.259000 99.99 0.259000  0.039 0.000  1.788 0.000  2.503 0.000  21.213 0.000   5.429 0.000  15.783 0.000 0.038 0.000  2.701 0.000
201.25 202.25   19.95 0.394   2.22 0.394 9.999 0.394259 99.99 0.394259  0.026 0.394  4.098 0.000  5.738 0.000  26.045 0.000   5.609 0.000  20.436 0.000 0.065 0.394  2.354 0.394
204.25 205.25   32.98 0.000   0.91 0.000 9.999 0.259000  0.14 0.000000  0.085 0.000  1.859 0.000  2.603 0.000  16.715 0.000   4.807 0.000  11.908 0.000 0.054 0.000  1.572 0.000
207.25 208.25 9999.99 0.999 999.99 0.999 9.999 0.999000 99.99 0.999000 99.999 0.999 99.999 0.999 99.999 0.999 999.999 0.999 999.999 0.999 999.999 0.999 9.999 0.999 99.999 0.999
210.25 211.25 9999.99 0.999 999.99 0.999 9.999 0.999000 99.99 0.999000 99.999 0.999 99.999 0.999 99.999 0.999 999.999 0.999 999.999 0.999 999.999 0.999 9.999 0.999 99.999 0.999
213.25 214.25 9999.99 0.999 999.99 0.999 9.999 0.999000 99.99 0.999000 99.999 0.999 99.999 0.999 99.999 0.999 999.999 0.999 999.999 0.999 999.999 0.999 9.999 0.999 99.999 0.999
216.25 217.25   44.87 0.000   2.50 0.000 9.999 0.259000 99.99 0.259000  0.044 0.000  3.421 0.000  4.789 0.000  32.269 0.000   4.105 0.000  28.164 0.000 0.077 0.000  4.001 0.000
219.25 220.25   21.44 0.000   1.49 0.000 9.999 0.259000  0.30 0.000000  0.055 0.000  1.842 0.000  2.579 0.000  13.182 0.000   4.836 0.000   8.346 0.000 0.036 0.000  1.001 0.000
222.25 223.25   37.54 0.000   2.32 0.000 9.999 0.259000 99.99 0.259000  0.042 0.000  4.780 0.000  6.691 0.000  29.380 0.000   5.285 0.000  24.096 0.000 0.060 0.000  2.909 0.000
225.25 226.25   14.04 0.000   1.03 0.000 9.999 0.259000 99.99 0.259000  0.047 0.000  1.105 0.000  1.547 0.000  10.478 0.000   4.539 0.000   5.939 0.000 0.020 0.000  0.742 0.000
228.25 229.25   40.85 0.559   4.60 0.559 9.999 0.559259 99.99 0.559259  0.071 0.000  2.847 0.000  3.985 0.000  22.271 0.000   3.273 0.000  18.999 0.559 0.053 0.559  2.852 0.000
231.25 232.25   46.68 0.000   2.11 0.000 9.999 0.259000  0.07 0.000000  0.050 0.000  5.303 0.000  7.424 0.000  32.257 0.000   9.623 0.000  22.634 0.000 0.144 0.000  2.374 0.000
234.25 235.25   10.18 0.000   1.94 0.000 9.999 0.259000  0.18 0.000000  0.066 0.000  1.469 0.000  2.056 0.000  14.505 0.000   3.026 0.000  11.479 0.000 0.024 0.000  1.937 0.000
237.25 238.25  132.63 0.000   0.70 0.000 9.999 0.259000  0.19 0.000000  0.041 0.000  1.316 0.000  1.842 0.000  16.054 0.000   7.080 0.000   8.974 0.000 0.073 0.000  1.030 0.000
240.25 241.25   66.92 0.000   0.50 0.000 9.999 0.259000  0.18 0.000000  0.038 0.000  1.572 0.000  2.201 0.000  13.889 0.000   5.184 0.000   8.705 0.000 0.057 0.000  1.078 0.000
243.25 244.25   19.58 0.000   1.87 0.000 9.999 0.259000  0.14 0.000000  0.132 0.000 99.999 0.999 99.999 0.999  19.584 0.000   5.075 0.000  14.509 0.000 0.027 0.000  2.357 0.000
246.25 247.25   27.48 0.000   1.58 0.000 9.999 0.259000  0.31 0.000000  0.098 0.559  3.180 0.000  4.453 0.000  26.744 0.000   3.799 0.000  22.945 0.000 0.047 0.000  3.664 0.559
249.25 250.25   23.73 0.000   2.22 0.000 9.999 0.259000  0.23 0.000000  0.069 0.000  3.159 0.000  4.422 0.000  21.283 0.000   3.746 0.000  17.537 0.000 0.047 0.000  2.467 0.000
252.25 253.25   29.05 0.000   1.55 0.000 9.999 0.259000  0.23 0.000000  0.076 0.000  2.953 0.000  4.134 0.000  18.546 0.000   7.162 0.000  11.384 0.000 0.022 0.000  1.584 0.000
255.25 256.25   16.26 0.000   1.65 0.000 9.999 0.259000  0.16 0.000000  0.126 0.000  3.568 0.000  4.995 0.000  20.217 0.000   2.456 0.000  17.761 0.000 0.029 0.000  2.475 0.000
258.25 259.25   34.99 0.000  86.98 0.000 9.999 0.259000  0.19 0.000000  0.048 0.000  2.255 0.000  3.157 0.000  18.436 0.000   4.515 0.000  13.921 0.000 0.055 0.000  1.996 0.000
261.25 262.25   30.67 0.000   1.44 0.000 9.999 0.259000  0.15 0.000000  0.068 0.000  1.775 0.000  2.485 0.000  18.270 0.000  10.914 0.000   7.357 0.000 0.034 0.000  0.765 0.000
264.25 265.25   25.64 0.000   3.32 0.000 9.999 0.259000  0.19 0.000000  0.104 0.000  3.011 0.000  4.215 0.000  13.832 0.000   3.579 0.000  10.254 0.000 0.071 0.000  0.847 0.000
267.25 268.25   50.19 0.000   4.27 0.000 9.999 0.259000  2.64 0.000000  0.103 0.000  4.650 0.000  6.510 0.000  31.024 0.000   9.711 0.000  21.313 0.000 0.062 0.000  2.491 0.000
