scripts/IMPROVE-2019_partial/data/US0035R.20110103060000.20191216000000.filterpack...1y.3d.US03L_filterpack_US0035.US03L_IMPROVE_Davis.lev2.nas
51 1001
MISSING INFORMATION
US03L, IMPROVE, , , , , , , 
MISSING INFORMATION
IMPROVE sel_HTAP
1 1
2011 01 01 2019 12 16
3.00
days from file reference point
4
1 1 1 1
999.99 999.999 999.999 9.999
end_time of measurement, days from the file reference point
pm10_mass, ug/m3, Matrix=pm10
pm25_mass, ug/m3, Matrix=pm25
numflag, no unit
0
33
Data definition:              EBAS_1.1
Set type code:                TU
Timezone:                     UTC
File name:                    US0035R.20110103060000.20191216000000.filterpack...1y.3d.US03L_filterpack_US0035.US03L_IMPROVE_Davis.lev2.nas
File creation:                20191218115742
Startdate:                    20110103060000
Revision date:                20191216000000
Version:                      2
Version description:          "Data extracted from http://views.cira.colostate.edu/fed/DataWizard 2019-12-16"
Statistics:                   arithmetic mean
Data level:                   2
Period code:                  1y
Resolution code:              3d
Sample duration:              1d
Orig. time res.:              3d
Station code:                 US0035R
Platform code:                US0035S
Station name:                 Bondville
Station latitude:             40.05
Station longitude:            -88.36667
Station altitude:             213.0 m
Regime:                       IMG
Component:                    
Unit:                         ug/m3
Matrix:                       
Laboratory code:              US03L
Instrument type:              filterpack
Instrument name:              filterpack_US0035
Method ref:                   US03L_IMPROVE_Davis
Blank correction:             Blank corrected
Volume std. temperature:      ambient
Volume std. pressure:         ambient
starttime endtime PM10 PM2.5 flag
  2.25   3.25   6.602   4.267 0.000
  5.25   6.25  15.104   8.411 0.000
  8.25   9.25  10.955   6.855 0.000
 11.25  12.25  21.718  18.264 0.000
 14.25  15.25  27.926  23.081 0.000
 17.25  18.25  17.679  15.620 0.000
 20.25  21.25  16.027  12.100 0.000
 23.25  24.25  24.902  19.213 0.000
 26.25  27.25  17.160  15.234 0.000
 29.25  30.25  16.996  14.761 0.000
 32.25  33.25   2.409   3.627 0.000
 35.25  36.25   7.952   8.598 0.000
 38.25  39.25  15.323  11.072 0.000
 41.25  42.25  12.918   9.337 0.000
 44.25  45.25   8.411   6.383 0.000
 47.25  48.25  15.180  11.063 0.000
 50.25  51.25  10.201   7.533 0.000
 53.25  54.25  16.248  14.690 0.000
 56.25  57.25  12.316  10.643 0.000
 59.25  60.25  15.247  12.604 0.000
 62.25  63.25  17.253  12.739 0.000
 65.25  66.25   9.770   7.945 0.000
 68.25  69.25  10.407   8.536 0.000
 71.25  72.25  11.685   8.241 0.000
 74.25  75.25  13.922  10.170 0.000
 77.25  78.25   7.947   5.758 0.000
 80.25  81.25  20.314  13.085 0.000
 83.25  84.25   9.934   5.428 0.000
 86.25  87.25   9.394   4.979 0.000
 89.25  90.25  24.632  14.278 0.000
 92.25  93.25  30.181   8.264 0.000
 95.25  96.25  22.981   6.818 0.000
 98.25  99.25  18.703  15.067 0.000
101.25 102.25   9.721   3.309 0.000
104.25 105.25  14.267   8.769 0.000
107.25 108.25  13.878   9.777 0.000
110.25 111.25   6.874   4.281 0.000
113.25 114.25   5.148   2.965 0.000
116.25 117.25   6.417   4.158 0.000
119.25 120.25  11.219   5.600 0.000
122.25 123.25  14.652   6.793 0.000
125.25 126.25   9.017   3.779 0.000
128.25 129.25  21.883  12.336 0.000
131.25 132.25  32.842  12.267 0.000
134.25 135.25   4.081   2.584 0.000
137.25 138.25  14.939   6.032 0.000
140.25 141.25  25.878  15.069 0.000
143.25 144.25  14.709   7.466 0.000
146.25 147.25   9.857   5.542 0.000
149.25 150.25  17.810  10.449 0.000
152.25 153.25  18.058   7.713 0.000
155.25 156.25  20.430  12.483 0.000
158.25 159.25  41.096  22.484 0.000
161.25 162.25  14.830  10.135 0.000
164.25 165.25  18.188  11.346 0.000
167.25 168.25  19.099  10.624 0.000
170.25 171.25  17.642   9.757 0.000
173.25 174.25   5.675   2.111 0.000
176.25 177.25  13.995  10.745 0.000
179.25 180.25  10.979   5.273 0.000
182.25 183.25  26.107  17.912 0.000
185.25 186.25  18.519  10.279 0.000
188.25 189.25  30.200  12.912 0.000
191.25 192.25  24.560  15.850 0.000
194.25 195.25  14.805   8.428 0.000
197.25 198.25  26.748  22.597 0.000
200.25 201.25  20.535  12.266 0.000
203.25 204.25  21.570  14.547 0.000
206.25 207.25  15.790   8.994 0.000
209.25 210.25  21.006  12.100 0.000
212.25 213.25  26.466  20.012 0.000
215.25 216.25  19.314   9.334 0.000
218.25 219.25  13.384   7.216 0.000
221.25 222.25  16.095   4.052 0.000
224.25 225.25  15.640  10.355 0.000
227.25 228.25  12.569   7.156 0.000
230.25 231.25  19.562  13.737 0.000
233.25 234.25  15.969   6.646 0.000
236.25 237.25  17.218   4.927 0.000
239.25 240.25  10.222   4.054 0.000
242.25 243.25  24.768  13.629 0.000
245.25 246.25  25.965  16.272 0.000
248.25 249.25   8.965   3.080 0.000
251.25 252.25   7.327   5.078 0.000
254.25 255.25  19.201  10.219 0.000
257.25 258.25   7.542   2.257 0.000
260.25 261.25  13.255   9.894 0.000
263.25 264.25  18.847   4.723 0.000
266.25 267.25  10.470   5.122 0.000
269.25 270.25   8.368   4.788 0.000
272.25 273.25  15.285   2.086 0.000
275.25 276.25  45.099   7.664 0.000
278.25 279.25  35.005  11.405 0.000
281.25 282.25  38.858  11.748 0.000
284.25 285.25  21.146   8.407 0.000
287.25 288.25  14.209   3.136 0.000
290.25 291.25  14.088   4.880 0.000
293.25 294.25  14.569   2.980 0.000
296.25 297.25  12.978   6.284 0.000
299.25 300.25  14.060   4.655 0.000
302.25 303.25  13.293   4.428 0.000
305.25 306.25  22.387   9.931 0.000
308.25 309.25  10.069   5.403 0.000
311.25 312.25  12.546   6.588 0.000
314.25 315.25   8.679   4.085 0.000
317.25 318.25  14.003   6.838 0.000
320.25 321.25  11.827   3.312 0.000
323.25 324.25  14.595   9.527 0.000
326.25 327.25  25.133  22.383 0.000
329.25 330.25   8.617   4.823 0.000
332.25 333.25   4.926   3.482 0.000
335.25 336.25  18.914  15.248 0.000
338.25 339.25  10.694   8.880 0.000
341.25 342.25  12.704   7.128 0.000
344.25 345.25  11.034   8.275 0.000
347.25 348.25  10.104   7.465 0.000
350.25 351.25  15.390  12.285 0.000
353.25 354.25   8.060   6.145 0.000
356.25 357.25   6.714   4.711 0.000
359.25 360.25   5.716   3.265 0.000
362.25 363.25   7.941   3.712 0.000
