scripts/IMPROVE-2019_partial/data/US0073R.20050101050000.20191216000000.filterpack...52w.3d.US03L_filterpack_US0073_GRSM1.US03L_IMPROVE_Davis.lev2.nas
51 1001
MISSING INFORMATION
US03L, IMPROVE, , , , , , , 
MISSING INFORMATION
IMPROVE sel_HTAP
1 1
2005 01 01 2019 12 16
3.000000
days from file reference point
4
1 1 1 1
999.999999 9999.999 999.999 9.999
end_time of measurement, days from the file reference point
pm10_mass, ug/m3, Matrix=pm10
pm25_mass, ug/m3, Matrix=pm25
numflag, no unit
0
33
Data definition:              EBAS_1.1
Set type code:                TU
Timezone:                     UTC
File name:                    US0073R.20050101050000.20191216000000.filterpack...52w.3d.US03L_filterpack_US0073_GRSM1.US03L_IMPROVE_Davis.lev2.nas
File creation:                20191218120025
Startdate:                    20050101050000
Revision date:                20191216000000
Version:                      2
Version description:          "Data extracted from http://views.cira.colostate.edu/fed/DataWizard 2019-12-16"
Statistics:                   arithmetic mean
Data level:                   2
Period code:                  52w
Resolution code:              3d
Sample duration:              1d
Orig. time res.:              3d
Station code:                 US0073R
Platform code:                US0073S
Station name:                 Great Smoky Mountains NP
Station latitude:             35.6334
Station longitude:            -83.9416
Station altitude:             810.0 m
Regime:                       IMG
Component:                    
Unit:                         ug/m3
Matrix:                       
Laboratory code:              US03L
Instrument type:              filterpack
Instrument name:              filterpack_US0073_GRSM1
Method ref:                   US03L_IMPROVE_Davis
Blank correction:             Blank corrected
Volume std. temperature:      ambient
Volume std. pressure:         ambient
starttime endtime PM10 PM2.5 flag
  0.208333   1.208333   11.994   8.181 0.000
  3.208333   4.208333   12.682   7.798 0.000
  6.208333   7.208333    4.158   2.010 0.000
  9.208333  10.208333   11.494   8.910 0.000
 12.208333  13.208333    8.686   5.448 0.000
 15.208333  16.208333    9.792   7.968 0.000
 18.208333  19.208333   11.916   7.665 0.000
 21.208333  22.208333   15.039  11.964 0.000
 24.208333  25.208333    9.694   6.854 0.000
 27.208333  28.208333    9.773   5.257 0.000
 30.208333  31.208333    7.021   5.138 0.000
 33.208333  34.208333    4.130   2.013 0.000
 36.208333  37.208333    9.790   8.248 0.000
 39.208333  40.208333    9.623   7.387 0.000
 42.208333  43.208333    5.961   3.997 0.000
 45.208333  46.208333    6.380   4.881 0.000
 48.208333  49.208333    7.782   4.461 0.000
 51.208333  52.208333 9999.999 999.999 0.999
 54.208333  55.208333   10.050   8.533 0.000
 57.208333  58.208333   10.924   9.302 0.000
 60.208333  61.208333    6.233   4.368 0.000
 63.208333  64.208333   10.798   8.311 0.000
 66.208333  67.208333    3.456 999.999 0.000
 69.208333  70.208333   11.523   6.066 0.000
 72.208333  73.208333    7.127   5.438 0.000
 75.208333  76.208333    6.348   3.753 0.000
 78.208333  79.208333   13.915  11.163 0.000
 81.208333  82.208333    6.894   3.721 0.000
 84.208333  85.208333   16.103  11.980 0.000
 87.208333  88.208333   10.294   8.198 0.000
 90.208333  91.208333    5.138   3.935 0.000
 93.208333  94.208333    9.699   7.191 0.000
 96.208333  97.208333    8.337   4.817 0.000
 99.208333 100.208333   13.516  10.805 0.000
102.208333 103.208333    7.638   4.716 0.000
105.208333 106.208333   11.974   7.371 0.000
108.208333 109.208333   29.504  23.104 0.000
111.208333 112.208333   17.150   7.625 0.000
114.208333 115.208333    7.933   3.891 0.000
117.208333 118.208333   10.937   5.127 0.000
120.208333 121.208333   13.096   8.155 0.000
123.208333 124.208333   16.626  10.192 0.000
126.208333 127.208333   25.890  19.412 0.000
129.208333 130.208333   17.425  14.309 0.000
132.208333 133.208333   26.856  21.680 0.000
135.208333 136.208333   12.392   8.451 0.000
138.208333 139.208333  123.898  26.276 0.000
141.208333 142.208333   21.732  18.372 0.000
144.208333 145.208333   10.377   5.874 0.000
147.208333 148.208333   12.553   8.711 0.000
150.208333 151.208333   20.591  14.702 0.000
153.208333 154.208333    9.668   5.841 0.000
156.208333 157.208333   17.939  14.288 0.000
159.208333 160.208333   16.169  12.749 0.000
162.208333 163.208333    5.800   2.448 0.000
165.208333 166.208333   16.885  10.745 0.000
168.208333 169.208333   15.544  11.595 0.000
171.208333 172.208333   19.038  16.933 0.000
174.208333 175.208333   33.416  29.133 0.000
177.208333 178.208333   13.468   9.867 0.000
180.208333 181.208333   30.145  24.992 0.000
183.208333 184.208333   15.206  12.384 0.000
186.208333 187.208333   12.078   8.649 0.000
189.208333 190.208333   16.521  14.086 0.000
192.208333 193.208333   18.780  13.821 0.000
195.208333 196.208333   20.625  16.632 0.000
198.208333 199.208333   15.131  12.550 0.000
201.208333 202.208333   17.946  14.916 0.000
204.208333 205.208333   26.580  24.616 0.000
207.208333 208.208333   32.144  28.131 0.000
210.208333 211.208333   21.696  16.816 0.000
213.208333 214.208333   19.548  16.040 0.000
216.208333 217.208333   31.819  29.197 0.000
219.208333 220.208333    9.289   6.832 0.000
222.208333 223.208333   23.675  19.985 0.000
225.208333 226.208333   19.667  12.569 0.000
228.208333 229.208333   12.186   9.416 0.000
231.208333 232.208333   20.668  16.733 0.000
234.208333 235.208333   18.647  14.376 0.000
237.208333 238.208333   29.161  26.590 0.000
240.208333 241.208333   16.307  13.783 0.000
243.208333 244.208333   24.050  17.963 0.000
246.208333 247.208333   14.326   9.611 0.000
249.208333 250.208333   11.972   7.693 0.000
252.208333 253.208333   20.643  14.244 0.000
255.208333 256.208333   34.556  30.833 0.000
258.208333 259.208333   10.160   6.710 0.000
261.208333 262.208333   13.840  11.383 0.000
264.208333 265.208333   23.791  20.940 0.000
267.208333 268.208333   23.082  19.803 0.000
270.208333 271.208333   17.906  14.934 0.000
273.208333 274.208333   19.258  16.744 0.000
276.208333 277.208333   17.585  14.638 0.000
279.208333 280.208333    2.611   1.302 0.000
282.208333 283.208333   12.710   9.631 0.000
285.208333 286.208333 9999.999 999.999 0.999
288.208333 289.208333   15.985   5.091 0.000
291.208333 292.208333   29.071  20.774 0.000
294.208333 295.208333    8.940   7.163 0.000
297.208333 298.208333    5.976   4.481 0.000
300.208333 301.208333   10.657   7.598 0.000
303.208333 304.208333   14.877  12.196 0.000
306.208333 307.208333   10.218   6.594 0.000
309.208333 310.208333   14.046   9.691 0.000
312.208333 313.208333   16.648  11.929 0.000
315.208333 316.208333    7.623   5.177 0.000
318.208333 319.208333   11.240   7.533 0.000
321.208333 322.208333    6.570   4.343 0.000
324.208333 325.208333    8.112   6.102 0.000
327.208333 328.208333 9999.999 999.999 0.456
330.208333 331.208333 9999.999 999.999 0.456
333.208333 334.208333 9999.999 999.999 0.456
336.208333 337.208333 9999.999 999.999 0.456
339.208333 340.208333 9999.999 999.999 0.456
342.208333 343.208333 9999.999 999.999 0.456
345.208333 346.208333 9999.999 999.999 0.456
348.208333 349.208333    2.327   1.826 0.000
351.208333 352.208333    8.470   6.172 0.000
354.208333 355.208333   11.088   6.334 0.000
357.208333 358.208333    6.304   5.099 0.000
360.208333 361.208333    5.107 999.999 0.000
363.208333 364.208333    5.889   4.232 0.000
