scripts/IMPROVE-2019_partial/data/US0011R.20000624060000.20191216000000.filterpack..pm25.27w.1w.US03L_filterpack_US0011.US03L_IMPROVE_Davis.lev2.nas
66 1001
MISSING INFORMATION
US03L, IMPROVE, , , , , , , 
MISSING INFORMATION
IMPROVE sel_HTAP
1 1
2000 01 01 2019 12 16
0
days from file reference point
27
1 1 1 1 1 1 1 1 1 1 1 1 1 1 1 1 1 1 1 1 1 1 1 1 1 1 1
999.99 9999.99 9.999 99.99 9.999999 9.999 9.999999 99.99 9.999999 9.999 9.999 99.999 9.999 99.999 9.999 99.99 9.999999 999.999 9.999 999.999 9.999 999.999 9.999 9.999 9.999 99.999 9.999
end_time of measurement, days from the file reference point
iron, ng/m3, Revision date=20181210133000
numflag iron, no unit, Revision date=20181210133000
lead, ng/m3, Revision date=20181210133000
numflag lead, no unit, Revision date=20181210133000
magnesium, ug/m3, Revision date=20181210133000
numflag magnesium, no unit, Revision date=20181210133000
nickel, ng/m3, Revision date=20181210133000
numflag nickel, no unit, Revision date=20181210133000
nitrate, ug N/m3, Revision date=20181210133000
numflag nitrate, no unit, Revision date=20181210133000
organic_carbon, ug C/m3, Revision date=20181210133000
numflag organic_carbon, no unit, Revision date=20181210133000
organic_mass, ug/m3, Revision date=20181210133000
numflag organic_mass, no unit, Revision date=20181210133000
phosphorus, ng/m3, Revision date=20181210133000
numflag phosphorus, no unit, Revision date=20181210133000
pm10_mass, ug/m3, Version=2, Version description=Data extracted from http://views.cira.colostate.edu/fed/DataWizard 2019-12-16, Sample duration=1d, Orig. time res.=3d, Matrix=pm10, Blank correction=Blank corrected, Volume std. temperature=ambient, Volume std. pressure=ambient
numflag pm10_mass, no unit, Version=2, Version description=Data extracted from http://views.cira.colostate.edu/fed/DataWizard 2019-12-16, Sample duration=1d, Orig. time res.=3d, Matrix=pm10, Blank correction=Blank corrected, Volume std. temperature=ambient, Volume std. pressure=ambient
pm10_pm25_mass, ug/m3, Revision date=20181210133000, Matrix=pm10_pm25
numflag pm10_pm25_mass, no unit, Revision date=20181210133000, Matrix=pm10_pm25
pm25_mass, ug/m3, Version=2, Version description=Data extracted from http://views.cira.colostate.edu/fed/DataWizard 2019-12-16, Sample duration=1d, Orig. time res.=3d, Blank correction=Blank corrected, Volume std. temperature=ambient, Volume std. pressure=ambient
numflag pm25_mass, no unit, Version=2, Version description=Data extracted from http://views.cira.colostate.edu/fed/DataWizard 2019-12-16, Sample duration=1d, Orig. time res.=3d, Blank correction=Blank corrected, Volume std. temperature=ambient, Volume std. pressure=ambient
potassium, ug/m3, Revision date=20181210133000
numflag potassium, no unit, Revision date=20181210133000
sulphate_total, ug S/m3, Revision date=20181210133000
numflag sulphate_total, no unit, Revision date=20181210133000
0
25
Data definition:              EBAS_1.1
Set type code:                TI
Timezone:                     UTC
File name:                    US0011R.20000624060000.20191216000000.filterpack..pm25.27w.1w.US03L_filterpack_US0011.US03L_IMPROVE_Davis.lev2.nas
File creation:                20191218115606
Startdate:                    20000624060000
Revision date:                20191216000000
Statistics:                   arithmetic mean
Data level:                   2
Period code:                  27w
Resolution code:              1w
Station code:                 US0011R
Platform code:                US0011S
Station name:                 Caney Creek
Station latitude:             34.4544
Station longitude:            -94.1429
Station altitude:             683.0 m
Regime:                       IMG
Component:                    
Matrix:                       pm25
Laboratory code:              US03L
Instrument type:              filterpack
Instrument name:              filterpack_US0011
Method ref:                   US03L_IMPROVE_Davis
starttime endtime Fe flag_Fe Pb flag_Pb Mg++ flag_Mg++ Ni flag_Ni NO3- flag_NO3- OC flag_OC OM flag_OM P flag_P PM10 flag_PM10 PM10-PM2.5 flag_PM10-PM2.5 PM2.5 flag_PM2.5 K+ flag_K+ SO4-- flag_SO4--
175.25 176.25  746.40 0.000  0.65 0.000000 9.999 0.259000 99.99 0.259000 0.252 0.000  2.500 0.000  3.501 0.000 99.99 0.259000  40.523 0.000  19.080 0.000  21.442 0.000 0.303 0.000  1.082 0.000
179.25 180.25   27.71 0.000  0.40 0.000000 9.999 0.259000 99.99 0.259000 0.095 0.000  2.194 0.000  3.072 0.000 99.99 0.259000  17.016 0.000   5.826 0.000  11.190 0.000 0.059 0.000  1.274 0.000
182.25 183.25  103.49 0.000  0.24 0.000000 9.999 0.259000 99.99 0.259000 0.086 0.000  1.970 0.000  2.757 0.000 99.99 0.259000  21.483 0.000   4.810 0.000  16.673 0.000 0.065 0.000  2.059 0.000
186.25 187.25  158.60 0.000  0.26 0.000000 9.999 0.259000 99.99 0.259000 0.071 0.000  2.316 0.000  3.242 0.000 99.99 0.259000  21.156 0.000   7.722 0.000  13.435 0.000 0.101 0.000  1.206 0.000
189.25 190.25   23.07 0.000  3.01 0.000000 9.999 0.259000 99.99 0.259000 0.035 0.000  1.812 0.000  2.537 0.000 99.99 0.259000  17.321 0.000   3.242 0.000  14.078 0.000 0.035 0.000  1.989 0.000
193.25 194.25  460.46 0.559  0.26 0.559000 9.999 0.559259 99.99 0.559259 0.213 0.000  2.334 0.000  3.268 0.000 99.99 0.559259  32.675 0.000  13.727 0.000  18.948 0.559 0.189 0.559  1.269 0.000
196.25 197.25   93.46 0.000  0.44 0.000000 9.999 0.259000 99.99 0.259000 0.040 0.000  3.419 0.000  4.787 0.000 99.99 0.259000  20.311 0.000   6.171 0.000  14.140 0.000 0.081 0.000  1.043 0.000
200.25 201.25 9999.99 0.999 99.99 0.999000 9.999 0.999000 99.99 0.999000 9.999 0.999 99.999 0.999 99.999 0.999 99.99 0.999000 999.999 0.999 999.999 0.999 999.999 0.999 9.999 0.999 99.999 0.999
203.25 204.25 9999.99 0.999 99.99 0.999000 9.999 0.999000 99.99 0.999000 9.999 0.999 99.999 0.999 99.999 0.999 99.99 0.999000 999.999 0.999 999.999 0.999 999.999 0.999 9.999 0.999 99.999 0.999
207.25 208.25   57.18 0.699  1.17 0.699000 9.999 0.699259 99.99 0.699259 0.029 0.000  3.957 0.000  5.540 0.000 99.99 0.699259  25.613 0.000   3.124 0.000  22.489 0.699 0.060 0.699  2.528 0.000
210.25 211.25  135.82 0.559  0.48 0.559000 9.999 0.559259 99.99 0.559259 0.060 0.000  2.468 0.000  3.456 0.000 99.99 0.559259  17.279 0.000   3.731 0.000  13.549 0.559 0.076 0.559  1.230 0.000
214.25 215.25   41.68 0.000  0.73 0.000000 9.999 0.259000 99.99 0.259000 0.043 0.559  3.740 0.000  5.236 0.000 99.99 0.259000  22.986 0.000   6.396 0.000  16.590 0.000 0.041 0.000  2.445 0.559
217.25 218.25  258.80 0.559 99.99 0.559259 9.999 0.559259 99.99 0.559259 0.126 0.559  2.467 0.000  3.454 0.000 99.99 0.559259  23.757 0.000   7.158 0.000  16.599 0.559 0.131 0.559  1.496 0.559
221.25 222.25   89.63 0.000 99.99 0.259000 9.999 0.259000 99.99 0.259000 0.113 0.000  1.654 0.000  2.315 0.000 99.99 0.259000  15.122 0.000   6.652 0.000   8.470 0.000 0.053 0.000  0.574 0.000
224.25 225.25 9999.99 0.999 99.99 0.999000 9.999 0.999000 99.99 0.999000 9.999 0.999 99.999 0.999 99.999 0.999 99.99 0.999000 999.999 0.999 999.999 0.999 999.999 0.999 9.999 0.999 99.999 0.999
228.25 229.25  169.11 0.559  0.42 0.559000 9.999 0.559259 99.99 0.559259 0.084 0.000  2.796 0.000  3.914 0.000 99.99 0.559259  24.146 0.000   6.646 0.000  17.500 0.559 0.119 0.559  1.556 0.000
231.25 232.25  159.26 0.559  1.55 0.559000 9.999 0.559259 99.99 0.559259 0.135 0.000  2.632 0.000  3.685 0.000 99.99 0.559259  24.146 0.000   6.245 0.000  17.901 0.559 0.174 0.559  1.883 0.000
235.25 236.25   91.03 0.559  0.23 0.559000 9.999 0.559259 99.99 0.559259 0.047 0.000  4.926 0.000  6.896 0.000 99.99 0.559259  31.046 0.000   5.087 0.000  25.959 0.559 0.124 0.559  2.970 0.000
238.25 239.25   41.99 0.000 99.99 0.259000 9.999 0.259000 99.99 0.259000 0.041 0.000  2.360 0.000  3.304 0.000 99.99 0.259000  17.361 0.000   3.892 0.000  13.469 0.000 0.043 0.000  1.574 0.000
243.25 244.25   97.64 0.559  0.18 0.559000 9.999 0.559259 99.99 0.559259 0.062 0.559  2.350 0.000  3.290 0.000 99.99 0.559259  17.606 0.000   5.421 0.000  12.185 0.559 0.079 0.559  1.191 0.559
246.25 247.25   59.13 0.000  0.53 0.000000 9.999 0.259000 99.99 0.259000 0.043 0.000  3.195 0.000  4.473 0.000 99.99 0.259000  18.572 0.000   5.088 0.000  13.484 0.000 0.098 0.000  1.485 0.000
249.25 250.25   48.02 0.000  1.63 0.000000 9.999 0.259000 99.99 0.259000 0.072 0.000  1.608 0.000  2.252 0.000 99.99 0.259000  24.761 0.000   6.629 0.000  18.132 0.000 0.069 0.000  3.334 0.000
252.25 253.25    9.22 0.000  0.32 0.000000 9.999 0.259000 99.99 0.259000 0.075 0.000  1.095 0.000  1.533 0.000 99.99 0.259000   5.733 0.000   0.809 0.000   4.924 0.000 0.020 0.000  0.732 0.000
255.25 256.25 9999.99 0.456 99.99 0.456000 9.999 0.456000 99.99 0.456000 9.999 0.456 99.999 0.999 99.999 0.999 99.99 0.456000 999.999 0.456 999.999 0.999 999.999 0.456 9.999 0.456 99.999 0.456
258.25 259.25   60.11 0.000  0.28 0.000000 9.999 0.259000 99.99 0.259000 0.128 0.000  2.215 0.000  3.101 0.000 99.99 0.259000   7.631 0.000   0.844 0.000   6.787 0.000 0.059 0.000  0.735 0.000
261.25 262.25   97.58 0.000  1.26 0.000000 9.999 0.259000 99.99 0.259000 0.093 0.000  3.219 0.000  4.506 0.000 99.99 0.259000  10.255 0.000   1.227 0.000   9.028 0.000 0.111 0.000  0.672 0.000
264.25 265.25   31.28 0.000  0.55 0.000000 9.999 0.259000 99.99 0.259000 0.040 0.000  1.500 0.000  2.099 0.000 99.99 0.259000  10.766 0.000   5.923 0.000   4.843 0.000 0.033 0.000  0.448 0.000
267.25 268.25    8.81 0.394  0.61 0.394000 9.999 0.394259 99.99 0.394259 0.070 0.394  0.802 0.000  1.123 0.000 99.99 0.394259   4.769 0.000   2.135 0.000   2.635 0.000 0.023 0.394  0.297 0.394
270.25 271.25   16.73 0.000  1.25 0.000000 9.999 0.259000 99.99 0.259000 0.052 0.000  1.953 0.000  2.735 0.000 99.99 0.259000   7.978 0.000   1.801 0.000   6.176 0.000 0.040 0.000  0.528 0.000
273.25 274.25   36.10 0.559  1.41 0.559000 9.999 0.559259 99.99 0.559259 0.064 0.000  4.388 0.000  6.144 0.000 99.99 0.559259  22.073 0.000   6.121 0.000  15.953 0.559 0.095 0.559  1.997 0.000
276.25 277.25   18.94 0.000  0.44 0.000000 9.999 0.259000 99.99 0.259000 0.129 0.000  1.719 0.000  2.407 0.000 99.99 0.259000  14.178 0.000   4.414 0.000   9.764 0.000 0.079 0.000  1.467 0.000
279.25 280.25    9.90 0.000  0.62 0.000000 9.999 0.259000 99.99 0.259000 0.085 0.000  0.650 0.000  0.910 0.000 99.99 0.259000   4.547 0.000   1.610 0.000   2.937 0.000 0.023 0.000  0.366 0.000
282.25 283.25   11.41 0.000  0.66 0.000000 0.025 0.000000 99.99 0.259000 0.048 0.000  0.427 0.000  0.598 0.000 99.99 0.259000   4.588 0.000   2.508 0.000   2.080 0.000 0.017 0.000  0.175 0.000
285.25 286.25   60.52 0.559  1.50 0.559000 9.999 0.559259 99.99 0.559259 0.087 0.559  4.095 0.000  5.734 0.000 99.99 0.559259  19.342 0.000   5.634 0.000  13.708 0.559 0.106 0.559  1.228 0.559
288.25 289.25   24.69 0.000  0.52 0.000000 9.999 0.259000  1.20 0.000000 0.164 0.000  1.723 0.000  2.412 0.000 99.99 0.259000  14.964 0.000   3.973 0.000  10.990 0.000 0.069 0.000  1.797 0.000
291.25 292.25   16.97 0.000  1.34 0.000000 9.999 0.259000 99.99 0.259000 0.041 0.000  1.133 0.000  1.586 0.000 99.99 0.259000   8.483 0.000   3.085 0.000   5.398 0.000 0.029 0.000  0.704 0.000
294.25 295.25   33.48 0.000  1.43 0.000000 9.999 0.259000 99.99 0.259000 0.233 0.000  5.948 0.000  8.328 0.000 99.99 0.259000  22.495 0.000   2.569 0.000  19.926 0.000 0.191 0.000  1.855 0.000
297.25 298.25   45.65 0.699  1.18 0.699000 9.999 0.699259 99.99 0.699259 0.080 0.000  4.191 0.000  5.867 0.000 99.99 0.699259  29.706 0.000   6.336 0.000  23.370 0.699 0.071 0.699  3.450 0.000
300.25 301.25   29.39 0.000  0.48 0.000000 9.999 0.259000  4.84 0.000000 0.175 0.000  2.831 0.000  3.963 0.000 99.99 0.259000  15.178 0.000   5.230 0.000   9.948 0.000 0.101 0.000  0.995 0.000
303.25 304.25   15.67 0.000  0.76 0.000000 9.999 0.259000 99.99 0.259000 0.110 0.000  2.170 0.000  3.037 0.000 99.99 0.259000  16.758 0.000   3.245 0.000  13.514 0.000 0.059 0.000  2.148 0.000
306.25 307.25    9.51 0.000  0.28 0.000000 9.999 0.259000 99.99 0.259000 0.036 0.000  0.723 0.000  1.013 0.000 99.99 0.259000   7.754 0.000   4.375 0.000   3.378 0.000 0.019 0.000  0.431 0.000
309.25 310.25    1.36 0.000  0.26 0.000000 0.027 0.000000 99.99 0.259000 0.026 0.000  0.185 0.000  0.259 0.000 99.99 0.259000   3.909 0.000   2.120 0.000   1.789 0.000 0.012 0.000  0.313 0.000
312.25 313.25 9999.99 0.259  0.15 0.000000 9.999 0.259000 99.99 0.259000 0.011 0.000  0.007 0.000  0.011 0.000  5.07 0.000000   4.054 0.000   3.847 0.000   0.208 0.000 9.999 0.259  0.035 0.000
315.25 316.25   15.31 0.000  2.04 0.000000 9.999 0.259000 99.99 0.259000 0.289 0.000  0.825 0.000  1.154 0.000 99.99 0.259000  10.309 0.000   3.672 0.000   6.637 0.000 0.026 0.000  1.040 0.000
318.25 319.25    8.96 0.000  1.01 0.000000 9.999 0.259000 99.99 0.259000 0.172 0.000  0.649 0.000  0.909 0.000 99.99 0.259000   5.698 0.000   2.821 0.000   2.877 0.000 0.018 0.000  0.285 0.000
321.25 322.25   12.12 0.000  0.63 0.000000 9.999 0.259000 99.99 0.259000 0.172 0.000  0.563 0.000  0.788 0.000 99.99 0.259000   8.989 0.000   5.021 0.000   3.968 0.000 0.028 0.000  0.506 0.000
324.25 325.25   15.19 0.000  0.52 0.000000 9.999 0.259000 99.99 0.259000 0.082 0.559  0.398 0.000  0.558 0.000 99.99 0.259000   5.251 0.000   3.126 0.000   2.125 0.000 0.019 0.000  0.229 0.559
327.25 328.25    3.40 0.000  0.28 0.000000 9.999 0.259000 99.99 0.259000 0.114 0.000  0.581 0.000  0.813 0.000 99.99 0.259000   4.907 0.000   2.821 0.000   2.086 0.000 0.013 0.000  0.220 0.000
330.25 331.25   16.20 0.000  1.43 0.000000 9.999 0.259000 99.99 0.259000 0.481 0.000  0.782 0.000  1.095 0.000 99.99 0.259000   6.529 0.000   3.429 0.000   3.100 0.000 0.023 0.000  0.225 0.000
333.25 334.25   17.00 0.000  0.87 0.000000 9.999 0.259000 99.99 0.259000 0.225 0.000  0.748 0.000  1.047 0.000 99.99 0.259000   8.553 0.000   5.560 0.000   2.994 0.000 0.025 0.000  0.236 0.000
336.25 337.25   10.57 0.000  1.77 0.000000 9.999 0.259000 99.99 0.259000 0.855 0.000  0.675 0.000  0.945 0.000 99.99 0.259000  12.915 0.000   2.985 0.000   9.930 0.000 0.015 0.000  1.132 0.000
339.25 340.25   20.74 0.000  2.15 0.000000 9.999 0.259000 99.99 0.259000 0.689 0.000  1.344 0.000  1.882 0.000 99.99 0.259000  13.807 0.000   6.332 0.000   7.474 0.000 0.031 0.000  0.690 0.000
342.25 343.25   21.93 0.000  1.96 0.000000 9.999 0.259000  0.06 0.000000 0.379 0.000  1.349 0.000  1.888 0.000 99.99 0.259000  10.396 0.000   5.439 0.000   4.956 0.000 0.032 0.000  0.460 0.000
345.25 346.25    6.49 0.000  1.16 0.000000 9.999 0.259000  0.14 0.000000 0.237 0.000  0.776 0.000  1.087 0.000 99.99 0.259000   6.313 0.000   1.755 0.000   4.558 0.000 0.022 0.000  0.549 0.000
348.25 349.25 9999.99 0.999 99.99 0.999000 9.999 0.999000 99.99 0.999000 9.999 0.999 99.999 0.999 99.999 0.999 99.99 0.999000 999.999 0.999 999.999 0.999 999.999 0.999 9.999 0.999 99.999 0.999
351.25 352.25 9999.99 0.999 99.99 0.999000 9.999 0.999000 99.99 0.999000 9.999 0.999 99.999 0.999 99.999 0.999 99.99 0.999000 999.999 0.999 999.999 0.999 999.999 0.999 9.999 0.999 99.999 0.999
354.25 355.25   37.06 0.000  1.35 0.000000 9.999 0.259000 99.99 0.259000 0.225 0.000  1.291 0.000  1.808 0.000 99.99 0.259000  15.837 0.000  10.590 0.000   5.247 0.000 0.053 0.000  0.437 0.000
357.25 358.25   17.73 0.000  1.08 0.000000 9.999 0.259000  0.32 0.000000 0.295 0.000  1.402 0.000  1.963 0.000 99.99 0.259000   8.691 0.000   2.837 0.000   5.854 0.000 0.058 0.000  0.609 0.000
360.25 361.25 9999.99 0.999 99.99 0.999000 9.999 0.999000 99.99 0.999000 9.999 0.999 99.999 0.999 99.999 0.999 99.99 0.999000 999.999 0.999 999.999 0.999 999.999 0.999 9.999 0.999 99.999 0.999
363.25 364.25 9999.99 0.999 99.99 0.999000 9.999 0.999000 99.99 0.999000 9.999 0.999 99.999 0.999 99.999 0.999 99.99 0.999000 999.999 0.999 999.999 0.999 999.999 0.999 9.999 0.999 99.999 0.999
