scripts/IMPROVE-2019_partial/data/US0052R.20140102060000.20191216000000.filterpack...52w.3d.US03L_filterpack_US0052.US03L_IMPROVE_Davis.lev2.nas
51 1001
MISSING INFORMATION
US03L, IMPROVE, , , , , , , 
MISSING INFORMATION
IMPROVE sel_HTAP
1 1
2014 01 01 2019 12 16
3.00
days from file reference point
4
1 1 1 1
999.99 999.999 999.999 9.999
end_time of measurement, days from the file reference point
pm10_mass, ug/m3, Matrix=pm10
pm25_mass, ug/m3, Matrix=pm25
numflag, no unit
0
33
Data definition:              EBAS_1.1
Set type code:                TU
Timezone:                     UTC
File name:                    US0052R.20140102060000.20191216000000.filterpack...52w.3d.US03L_filterpack_US0052.US03L_IMPROVE_Davis.lev2.nas
File creation:                20191218115836
Startdate:                    20140102060000
Revision date:                20191216000000
Version:                      2
Version description:          "Data extracted from http://views.cira.colostate.edu/fed/DataWizard 2019-12-16"
Statistics:                   arithmetic mean
Data level:                   2
Period code:                  52w
Resolution code:              3d
Sample duration:              1d
Orig. time res.:              3d
Station code:                 US0052R
Platform code:                US0052S
Station name:                 Hercules-Glades
Station latitude:             36.6138
Station longitude:            -92.9221
Station altitude:             404.0 m
Regime:                       IMG
Component:                    
Unit:                         ug/m3
Matrix:                       
Laboratory code:              US03L
Instrument type:              filterpack
Instrument name:              filterpack_US0052
Method ref:                   US03L_IMPROVE_Davis
Blank correction:             Blank corrected
Volume std. temperature:      ambient
Volume std. pressure:         ambient
starttime endtime PM10 PM2.5 flag
  1.25   2.25  11.060   8.347 0.000
  4.25   5.25   6.436   3.547 0.000
  7.25   8.25   7.915   4.425 0.000
 10.25  11.25   5.494   2.646 0.000
 13.25  14.25   5.691   1.646 0.000
 16.25  17.25   8.345   1.312 0.000
 19.25  20.25  20.135   5.053 0.000
 22.25  23.25   7.341   2.680 0.000
 25.25  26.25   8.205   2.824 0.000
 28.25  29.25  11.014   4.599 0.000
 31.25  32.25   9.719   7.289 0.000
 34.25  35.25  11.850  10.038 0.000
 37.25  38.25   9.698   5.491 0.000
 40.25  41.25  11.822   9.100 0.000
 43.25  44.25  12.070   7.576 0.000
 46.25  47.25   7.580   4.321 0.000
 49.25  50.25   8.690   3.400 0.000
 52.25  53.25  16.417   5.630 0.000
 55.25  56.25   9.909   5.451 0.000
 58.25  59.25  16.328   9.427 0.000
 61.25  62.25   6.931   4.272 0.000
 64.25  65.25  13.188  10.751 0.000
 67.25  68.25  26.967  21.578 0.000
 70.25  71.25   4.034   2.083 0.000
 73.25  74.25  26.456  13.717 0.000
 76.25  77.25  10.341   6.564 0.000
 79.25  80.25  41.067  14.259 0.000
 82.25  83.25  14.862  10.357 0.000
 85.25  86.25  12.479   6.768 0.000
 88.25  89.25  10.482   6.995 0.000
 91.25  92.25  13.135   8.550 0.000
 94.25  95.25   7.110   5.157 0.000
 97.25  98.25  10.724   6.920 0.000
100.25 101.25  22.388  11.450 0.000
103.25 104.25   3.433   2.177 0.000
106.25 107.25  10.867   6.498 0.000
109.25 110.25  18.054  10.540 0.000
112.25 113.25  14.224   4.732 0.000
115.25 116.25  15.884   5.224 0.000
118.25 119.25  15.317   2.150 0.000
121.25 122.25  15.799   3.520 0.000
124.25 125.25  27.686   6.517 0.000
127.25 128.25  18.707   7.765 0.000
130.25 131.25  17.640   7.750 0.000
133.25 134.25   9.441   3.775 0.000
136.25 137.25   9.467   4.510 0.000
139.25 140.25  18.578   8.429 0.000
142.25 143.25  18.126   8.646 0.000
145.25 146.25  15.117   8.416 0.000
148.25 149.25   7.898   3.450 0.000
151.25 152.25   7.707   4.588 0.000
154.25 155.25  13.363   7.854 0.000
157.25 158.25  11.662   5.576 0.000
160.25 161.25  10.194   4.068 0.000
163.25 164.25  10.700   3.193 0.000
166.25 167.25  23.921  10.903 0.000
169.25 170.25  17.197   9.157 0.000
172.25 173.25  18.087   9.681 0.000
175.25 176.25   8.523   4.014 0.000
178.25 179.25  11.716   5.364 0.000
181.25 182.25  56.240  18.770 0.000
184.25 185.25   9.777   4.328 0.000
187.25 188.25  23.383  14.253 0.000
190.25 191.25  15.123   9.381 0.000
193.25 194.25  50.230  24.236 0.000
196.25 197.25   7.738   3.106 0.000
199.25 200.25  12.314   8.080 0.000
202.25 203.25  14.781   8.541 0.000
205.25 206.25  13.242   7.705 0.000
208.25 209.25  10.900   3.514 0.000
211.25 212.25   6.080   3.322 0.000
214.25 215.25  17.730  11.757 0.000
217.25 218.25  19.480  13.835 0.000
220.25 221.25  10.390   4.577 0.000
223.25 224.25  12.858   5.359 0.000
226.25 227.25  15.736   8.577 0.000
229.25 230.25  10.700   5.359 0.000
232.25 233.25  33.964  16.835 0.000
235.25 236.25  32.966  16.199 0.000
238.25 239.25  20.618  12.839 0.000
241.25 242.25  11.086   6.130 0.000
244.25 245.25   8.466   4.138 0.000
247.25 248.25  13.194   6.846 0.000
250.25 251.25  13.545   7.823 0.000
253.25 254.25   4.854   1.976 0.000
256.25 257.25   5.827   2.624 0.000
259.25 260.25   9.730   6.389 0.000
262.25 263.25  18.651  13.071 0.000
265.25 266.25   8.931   3.971 0.000
268.25 269.25  19.101  11.318 0.000
271.25 272.25  10.888   6.345 0.000
274.25 275.25  11.527   7.923 0.000
277.25 278.25   7.805   2.836 0.000
280.25 281.25  11.700   4.578 0.000
283.25 284.25   3.211   2.295 0.000
286.25 287.25   7.133   2.406 0.000
289.25 290.25  13.316   5.176 0.000
292.25 293.25  14.128   7.357 0.000
295.25 296.25 999.999   5.525 0.000
298.25 299.25  17.184   9.889 0.000
301.25 302.25   7.318   2.615 0.000
304.25 305.25   8.090   2.263 0.000
307.25 308.25   8.830   5.648 0.000
310.25 311.25   7.572   2.546 0.000
313.25 314.25  10.878   4.455 0.000
316.25 317.25  10.757   4.495 0.000
319.25 320.25  18.311  10.981 0.000
322.25 323.25   8.817   3.250 0.000
325.25 326.25  10.569   7.782 0.000
328.25 329.25   4.111   2.115 0.000
331.25 332.25   9.403   6.024 0.000
334.25 335.25   8.660   4.902 0.000
337.25 338.25   5.021   3.726 0.000
340.25 341.25  14.727  10.249 0.000
343.25 344.25   7.804   5.534 0.000
346.25 347.25  11.641   8.631 0.000
349.25 350.25   3.438   2.092 0.000
352.25 353.25   9.907   6.847 0.000
355.25 356.25   5.669   3.815 0.000
358.25 359.25 999.999 999.999 0.999
361.25 362.25 999.999 999.999 0.999
364.25 365.25   9.136   4.899 0.000
