scripts/IMPROVE-2019_partial/data/US0033R.20040101060000.20191216000000.filterpack..pm25.11mo.1w.US03L_filterpack_US0033.US03L_IMPROVE_Davis.lev2.nas
66 1001
MISSING INFORMATION
US03L, IMPROVE, , , , , , , 
MISSING INFORMATION
IMPROVE sel_HTAP
1 1
2004 01 01 2019 12 16
3.00
days from file reference point
27
1 1 1 1 1 1 1 1 1 1 1 1 1 1 1 1 1 1 1 1 1 1 1 1 1 1 1
999.99 999.99 9.999 99.99 9.999 9.999 9.999 9.99 9.999 99.999 9.999 99.999 9.999 99.999 9.999 999.99 9.999 999.999 9.999 999.999 9.999 999.999 9.999 9.999 9.999 99.999 9.999
end_time of measurement, days from the file reference point
iron, ng/m3, Revision date=20181210133000
numflag iron, no unit, Revision date=20181210133000
lead, ng/m3, Revision date=20181210133000
numflag lead, no unit, Revision date=20181210133000
magnesium, ug/m3, Revision date=20181210133000
numflag magnesium, no unit, Revision date=20181210133000
nickel, ng/m3, Revision date=20181210133000
numflag nickel, no unit, Revision date=20181210133000
nitrate, ug N/m3, Revision date=20181210133000
numflag nitrate, no unit, Revision date=20181210133000
organic_carbon, ug C/m3, Revision date=20181210133000
numflag organic_carbon, no unit, Revision date=20181210133000
organic_mass, ug/m3, Revision date=20181210133000
numflag organic_mass, no unit, Revision date=20181210133000
phosphorus, ng/m3, Revision date=20181210133000
numflag phosphorus, no unit, Revision date=20181210133000
pm10_mass, ug/m3, Version=2, Version description=Data extracted from http://views.cira.colostate.edu/fed/DataWizard 2019-12-16, Sample duration=1d, Orig. time res.=3d, Matrix=pm10, Blank correction=Blank corrected, Volume std. temperature=ambient, Volume std. pressure=ambient
numflag pm10_mass, no unit, Version=2, Version description=Data extracted from http://views.cira.colostate.edu/fed/DataWizard 2019-12-16, Sample duration=1d, Orig. time res.=3d, Matrix=pm10, Blank correction=Blank corrected, Volume std. temperature=ambient, Volume std. pressure=ambient
pm10_pm25_mass, ug/m3, Revision date=20181210133000, Matrix=pm10_pm25
numflag pm10_pm25_mass, no unit, Revision date=20181210133000, Matrix=pm10_pm25
pm25_mass, ug/m3, Version=2, Version description=Data extracted from http://views.cira.colostate.edu/fed/DataWizard 2019-12-16, Sample duration=1d, Orig. time res.=3d, Blank correction=Blank corrected, Volume std. temperature=ambient, Volume std. pressure=ambient
numflag pm25_mass, no unit, Version=2, Version description=Data extracted from http://views.cira.colostate.edu/fed/DataWizard 2019-12-16, Sample duration=1d, Orig. time res.=3d, Blank correction=Blank corrected, Volume std. temperature=ambient, Volume std. pressure=ambient
potassium, ug/m3, Revision date=20181210133000
numflag potassium, no unit, Revision date=20181210133000
sulphate_total, ug S/m3, Revision date=20181210133000
numflag sulphate_total, no unit, Revision date=20181210133000
0
25
Data definition:              EBAS_1.1
Set type code:                TU
Timezone:                     UTC
File name:                    US0033R.20040101060000.20191216000000.filterpack..pm25.11mo.1w.US03L_filterpack_US0033.US03L_IMPROVE_Davis.lev2.nas
File creation:                20191218115737
Startdate:                    20040101060000
Revision date:                20191216000000
Statistics:                   arithmetic mean
Data level:                   2
Period code:                  11mo
Resolution code:              1w
Station code:                 US0033R
Platform code:                US0033S
Station name:                 Lake Sugema 1
Station latitude:             40.6883
Station longitude:            -91.9883
Station altitude:             210.0 m
Regime:                       IMG
Component:                    
Matrix:                       pm25
Laboratory code:              US03L
Instrument type:              filterpack
Instrument name:              filterpack_US0033
Method ref:                   US03L_IMPROVE_Davis
starttime endtime Fe flag_Fe Pb flag_Pb Mg++ flag_Mg++ Ni flag_Ni NO3- flag_NO3- OC flag_OC OM flag_OM P flag_P PM10 flag_PM10 PM10-PM2.5 flag_PM10-PM2.5 PM2.5 flag_PM2.5 K+ flag_K+ SO4-- flag_SO4--
[from data line 89]
267.25 268.25  22.13 0.000  1.07 0.000 9.999 0.259 0.14 0.000  0.149 0.000  1.311 0.000  1.836 0.000 999.99 0.259  18.451 0.000  13.067 0.000   5.384 0.000 0.024 0.000  0.410 0.000
270.25 271.25  40.68 0.000  3.30 0.000 9.999 0.259 0.08 0.000  0.101 0.000  1.312 0.000  1.836 0.000  40.17 0.000  26.997 0.000  20.175 0.000   6.822 0.000 0.033 0.000  0.562 0.000
273.25 274.25  29.94 0.000  1.22 0.000 9.999 0.259 0.08 0.000  0.097 0.000  0.970 0.000  1.358 0.000 999.99 0.259  17.651 0.000  12.442 0.000   5.208 0.000 0.023 0.000  0.603 0.000
276.25 277.25  19.62 0.000  1.61 0.000 0.223 0.000 0.09 0.000  0.043 0.000  0.835 0.000  1.168 0.000 999.99 0.259   8.129 0.000   5.382 0.000   2.748 0.000 0.021 0.000  0.133 0.000
279.25 280.25  46.69 0.000  2.30 0.000 9.999 0.259 9.99 0.259  0.119 0.000  0.904 0.000  1.265 0.000  30.37 0.000  20.381 0.000  15.460 0.000   4.921 0.000 0.030 0.000  0.437 0.000
282.25 283.25  20.91 0.000  1.68 0.000 9.999 0.259 9.99 0.259  0.042 0.000  0.985 0.000  1.379 0.000  15.82 0.000  12.081 0.000   8.729 0.000   3.351 0.000 0.030 0.000  0.195 0.000
285.25 286.25  76.32 0.000  4.61 0.000 9.999 0.259 0.26 0.000  1.315 0.000  1.155 0.000  1.618 0.000 999.99 0.259  21.083 0.000   6.669 0.000  14.414 0.000 0.043 0.000  0.790 0.000
288.25 289.25  17.95 0.000  1.16 0.000 0.098 0.000 0.10 0.000  0.164 0.000  0.710 0.000  0.993 0.000 999.99 0.259  13.764 0.000  10.246 0.000   3.518 0.000 0.025 0.000  0.284 0.000
291.25 292.25  24.77 0.000  2.75 0.000 9.999 0.259 9.99 0.259  0.350 0.000  0.685 0.000  0.960 0.000 999.99 0.259  11.202 0.000   4.747 0.000   6.455 0.000 0.032 0.000  0.612 0.000
294.25 295.25  36.74 0.000  2.78 0.000 9.999 0.259 9.99 0.259  0.563 0.000  0.667 0.000  0.934 0.000 999.99 0.259  17.176 0.000   3.502 0.000  13.674 0.000 0.024 0.000  2.282 0.000
297.25 298.25   7.99 0.000  2.07 0.000 9.999 0.259 9.99 0.259  0.053 0.000  0.755 0.000  1.057 0.000 999.99 0.259   8.129 0.000   5.430 0.000   2.699 0.000 0.018 0.000  0.170 0.000
300.25 301.25  25.19 0.000  2.75 0.000 0.258 0.000 0.22 0.000  1.511 0.000  0.941 0.000  1.318 0.000 999.99 0.259  22.735 0.000   4.974 0.000  17.761 0.000 0.024 0.000  1.906 0.000
303.25 304.25   8.35 0.000  0.52 0.000 9.999 0.259 9.99 0.259  0.028 0.000  0.550 0.000  0.770 0.000 999.99 0.259  14.259 0.000  11.852 0.000   2.406 0.000 0.020 0.000  0.259 0.000
306.25 307.25   5.52 0.000  1.17 0.000 9.999 0.259 9.99 0.259  0.232 0.000  0.418 0.000  0.585 0.000 999.99 0.259   5.136 0.000   1.485 0.000   3.652 0.000 0.012 0.000  0.577 0.000
309.25 310.25  21.52 0.000  3.37 0.000 9.999 0.259 0.11 0.000  0.151 0.000  0.739 0.000  1.035 0.000   9.20 0.000   9.218 0.000   6.017 0.000   3.200 0.000 0.047 0.000  0.229 0.000
312.25 313.25  17.13 0.000  1.23 0.000 0.075 0.000 0.15 0.000  0.098 0.000  0.554 0.000  0.776 0.000  13.20 0.000  12.938 0.000  10.673 0.000   2.265 0.000 0.022 0.000  0.162 0.000
315.25 316.25  21.02 0.000  1.87 0.000 9.999 0.259 9.99 0.259  0.469 0.000  0.823 0.000  1.153 0.000 999.99 0.259  15.552 0.000   9.755 0.000   5.797 0.000 0.042 0.000  0.367 0.000
318.25 319.25  39.39 0.000  4.72 0.000 9.999 0.259 0.26 0.000  1.477 0.000  1.271 0.000  1.780 0.000 999.99 0.259  26.821 0.000  12.545 0.000  14.276 0.000 0.047 0.000  0.735 0.000
321.25 322.25  17.09 0.000  2.04 0.000 0.325 0.000 0.25 0.000  0.504 0.000  1.544 0.000  2.162 0.000 999.99 0.259  17.341 0.000   6.272 0.000  11.069 0.000 0.041 0.000  1.417 0.000
324.25 325.25   6.66 0.000  1.06 0.000 0.452 0.000 0.16 0.000  0.536 0.000  0.505 0.000  0.706 0.000 999.99 0.259   7.984 0.000   1.676 0.000   6.308 0.000 0.026 0.000  0.688 0.000
327.25 328.25  11.82 0.000  1.28 0.000 9.999 0.259 0.13 0.000  0.763 0.000  0.554 0.000  0.775 0.000 999.99 0.259  11.061 0.000   2.655 0.000   8.406 0.000 0.024 0.000  0.754 0.000
330.25 331.25  12.29 0.000  1.63 0.000 9.999 0.259 0.16 0.000  0.407 0.000  1.018 0.000  1.425 0.000 999.99 0.259   7.447 0.000   1.873 0.000   5.574 0.000 0.026 0.000  0.273 0.000
333.25 334.25  10.03 0.000  2.18 0.000 9.999 0.259 0.16 0.000  0.631 0.000  0.496 0.000  0.694 0.000 999.99 0.259   7.363 0.000   0.689 0.000   6.674 0.000 0.018 0.000  0.538 0.000
