scripts/IMPROVE-2019_partial/data/US0098R.20150103080000.20191216000000.filterpack...1y.3d.US03L_filterpack_US0098.US03L_IMPROVE_Davis.lev2.nas
51 1001
MISSING INFORMATION
US03L, IMPROVE, , , , , , , 
MISSING INFORMATION
IMPROVE sel_HTAP
1 1
2015 01 01 2019 12 16
3.000000
days from file reference point
4
1 1 1 1
999.999999 999.999 999.999 9.999
end_time of measurement, days from the file reference point
pm10_mass, ug/m3, Matrix=pm10
pm25_mass, ug/m3, Matrix=pm25
numflag, no unit
0
33
Data definition:              EBAS_1.1
Set type code:                TU
Timezone:                     UTC
File name:                    US0098R.20150103080000.20191216000000.filterpack...1y.3d.US03L_filterpack_US0098.US03L_IMPROVE_Davis.lev2.nas
File creation:                20191218120209
Startdate:                    20150103080000
Revision date:                20191216000000
Version:                      2
Version description:          "Data extracted from http://views.cira.colostate.edu/fed/DataWizard 2019-12-16"
Statistics:                   arithmetic mean
Data level:                   2
Period code:                  1y
Resolution code:              3d
Sample duration:              1d
Orig. time res.:              3d
Station code:                 US0098R
Platform code:                US0098S
Station name:                 Point Reyes National Seashore
Station latitude:             38.1224
Station longitude:            -122.9085
Station altitude:             97.0 m
Regime:                       IMG
Component:                    
Unit:                         ug/m3
Matrix:                       
Laboratory code:              US03L
Instrument type:              filterpack
Instrument name:              filterpack_US0098
Method ref:                   US03L_IMPROVE_Davis
Blank correction:             Blank corrected
Volume std. temperature:      ambient
Volume std. pressure:         ambient
starttime endtime PM10 PM2.5 flag
  2.333333   3.333333 999.999 999.999 0.999
  5.333333   6.333333 999.999 999.999 0.999
  8.333333   9.333333  15.798   9.048 0.000
 11.333333  12.333333   7.894   2.839 0.000
 14.333333  15.333333 999.999 999.999 0.999
 17.333333  18.333333   2.530   1.404 0.000
 20.333333  21.333333  15.813   7.434 0.000
 23.333333  24.333333  24.814  10.249 0.000
 26.333333  27.333333  12.043   4.560 0.000
 29.333333  30.333333  20.717  10.592 0.000
 32.333333  33.333333  13.172   9.069 0.000
 35.333333  36.333333  10.367   4.765 0.000
 38.333333  39.333333  16.332   9.446 0.000
 41.333333  42.333333   7.166   3.041 0.000
 44.333333  45.333333  12.782   6.040 0.000
 47.333333  48.333333  10.258   6.088 0.000
 50.333333  51.333333   3.521   2.114 0.000
 53.333333  54.333333  11.348   2.204 0.000
 56.333333  57.333333  16.047   7.516 0.000
 59.333333  60.333333   5.379   2.430 0.000
 62.333333  63.333333   8.895   4.109 0.000
 65.333333  66.333333  11.938   6.987 0.000
 68.333333  69.333333   7.925   4.691 0.000
 71.333333  72.333333   5.553   2.204 0.000
 74.333333  75.333333   6.431   3.195 0.000
 77.333333  78.333333  23.739  13.128 0.000
 80.333333  81.333333   6.218   3.055 0.000
 83.333333  84.333333  13.172   6.364 0.000
 86.333333  87.333333  21.647   9.169 0.000
 89.333333  90.333333  14.243   6.094 0.000
 92.333333  93.333333  18.909   7.991 0.000
 95.333333  96.333333   5.943   2.092 0.000
 98.333333  99.333333   4.097   1.431 0.000
101.333333 102.333333  13.188   5.542 0.000
104.333333 105.333333  19.512   7.086 0.000
107.333333 108.333333   8.566   5.607 0.000
110.333333 111.333333  10.505   5.607 0.000
113.333333 114.333333   8.408   4.768 0.000
116.333333 117.333333   5.320   2.880 0.000
119.333333 120.333333  35.341  15.066 0.000
122.333333 123.333333   7.507   4.179 0.000
125.333333 126.333333  33.769  18.205 0.000
128.333333 129.333333  16.659   9.474 0.000
131.333333 132.333333  17.268   9.849 0.000
134.333333 135.333333  12.066   6.483 0.000
137.333333 138.333333  12.704   6.400 0.000
140.333333 141.333333   4.597   2.501 0.000
143.333333 144.333333  14.028   8.507 0.000
146.333333 147.333333   4.469   2.456 0.000
149.333333 150.333333   4.308   2.816 0.000
152.333333 153.333333   7.255   4.273 0.000
155.333333 156.333333  14.325   9.152 0.000
158.333333 159.333333   5.807   1.936 0.000
161.333333 162.333333  13.587   8.098 0.000
164.333333 165.333333  27.450  16.077 0.000
167.333333 168.333333  24.385  16.742 0.000
170.333333 171.333333  14.174   8.752 0.000
173.333333 174.333333  20.801  13.833 0.000
176.333333 177.333333  16.298   8.595 0.000
179.333333 180.333333   6.991   3.081 0.000
182.333333 183.333333   3.652   2.306 0.000
185.333333 186.333333   2.718   1.234 0.000
188.333333 189.333333   8.413   4.816 0.000
191.333333 192.333333   3.930   2.091 0.000
194.333333 195.333333  16.981   9.008 0.000
197.333333 198.333333  13.453   7.098 0.000
200.333333 201.333333  15.246   8.126 0.000
203.333333 204.333333  19.306  10.123 0.000
206.333333 207.333333  15.807   8.670 0.000
209.333333 210.333333 999.999 999.999 0.999
212.333333 213.333333  13.533   6.673 0.000
215.333333 216.333333   5.816   3.050 0.000
218.333333 219.333333  27.523  13.855 0.000
221.333333 222.333333   3.196   1.569 0.000
224.333333 225.333333   2.799   0.915 0.000
227.333333 228.333333  47.942  25.890 0.000
230.333333 231.333333  10.879   7.546 0.000
233.333333 234.333333  12.134   6.218 0.000
236.333333 237.333333  12.576   9.977 0.000
239.333333 240.333333   5.506   2.271 0.000
242.333333 243.333333  18.563   8.395 0.000
245.333333 246.333333  16.934   7.411 0.000
248.333333 249.333333  18.882   7.643 0.000
251.333333 252.333333  15.390   7.783 0.000
254.333333 255.333333  10.127   4.604 0.000
257.333333 258.333333  16.109   7.883 0.000
260.333333 261.333333  14.961   6.842 0.000
263.333333 264.333333  22.002  11.893 0.000
266.333333 267.333333  17.672   7.066 0.000
269.333333 270.333333  17.832  10.142 0.000
272.333333 273.333333  13.451   5.326 0.000
275.333333 276.333333  31.121  13.467 0.000
278.333333 279.333333  19.406   8.695 0.000
281.333333 282.333333   6.259   2.945 0.000
284.333333 285.333333  16.980   7.122 0.000
287.333333 288.333333  12.731   6.213 0.000
290.333333 291.333333   6.891   3.083 0.000
293.333333 294.333333  19.334   8.177 0.000
296.333333 297.333333  13.583   7.104 0.000
299.333333 300.333333   7.079   3.019 0.000
302.333333 303.333333  20.665   8.507 0.000
305.333333 306.333333 999.999 999.999 0.999
308.333333 309.333333 999.999 999.999 0.999
311.333333 312.333333 999.999 999.999 0.999
314.333333 315.333333 999.999 999.999 0.999
317.333333 318.333333 999.999 999.999 0.999
320.333333 321.333333 999.999 999.999 0.999
323.333333 324.333333   1.539   0.612 0.000
326.333333 327.333333   7.370   5.167 0.000
329.333333 330.333333   6.593   2.661 0.000
332.333333 333.333333   5.224   3.024 0.000
335.333333 336.333333  15.885  10.265 0.000
338.333333 339.333333  10.399   5.881 0.000
341.333333 342.333333   6.938   3.443 0.000
344.333333 345.333333  16.523   6.430 0.000
347.333333 348.333333   8.042   3.401 0.000
350.333333 351.333333   5.844   2.530 0.000
353.333333 354.333333   4.848   1.271 0.000
356.333333 357.333333  20.139   7.309 0.000
359.333333 360.333333   3.080   1.005 0.000
362.333333 363.333333  11.789   3.239 0.000
