scripts/IMPROVE-2019_partial/data/US0031R.20080101100000.20191216000000.filterpack...52w.3d.US03L_filterpack_US0031.US03L_IMPROVE_Davis.lev2.nas
52 1001
MISSING INFORMATION
US03L, IMPROVE, , , , , , , 
MISSING INFORMATION
IMPROVE sel_HTAP
1 1
2008 01 01 2019 12 16
3.000000
days from file reference point
5
1 1 1 1 1
999.999999 999.999 9.999 999.999 9.999
end_time of measurement, days from the file reference point
pm10_mass, ug/m3, Matrix=pm10
numflag pm10_mass, no unit, Matrix=pm10
pm25_mass, ug/m3, Matrix=pm25
numflag pm25_mass, no unit, Matrix=pm25
0
33
Data definition:              EBAS_1.1
Set type code:                TU
Timezone:                     UTC
File name:                    US0031R.20080101100000.20191216000000.filterpack...52w.3d.US03L_filterpack_US0031.US03L_IMPROVE_Davis.lev2.nas
File creation:                20191218115730
Startdate:                    20080101100000
Revision date:                20191216000000
Version:                      2
Version description:          "Data extracted from http://views.cira.colostate.edu/fed/DataWizard 2019-12-16"
Statistics:                   arithmetic mean
Data level:                   2
Period code:                  52w
Resolution code:              3d
Sample duration:              1d
Orig. time res.:              3d
Station code:                 US0031R
Platform code:                US0031S
Station name:                 Hawaii Volcanoes NP
Station latitude:             19.4309
Station longitude:            -155.2579
Station altitude:             1258.0 m
Regime:                       IMG
Component:                    
Unit:                         ug/m3
Matrix:                       
Laboratory code:              US03L
Instrument type:              filterpack
Instrument name:              filterpack_US0031
Method ref:                   US03L_IMPROVE_Davis
Blank correction:             Blank corrected
Volume std. temperature:      ambient
Volume std. pressure:         ambient
starttime endtime PM10 flag_PM10 PM2.5 flag_PM2.5
  0.416667   1.416667   1.333 0.000   0.709 0.659
  3.416667   4.416667   1.719 0.000   0.876 0.659
  6.416667   7.416667  22.748 0.000  21.525 0.659
  9.416667  10.416667  18.746 0.000  16.380 0.659
 12.416667  13.416667   3.212 0.000   3.087 0.659
 15.416667  16.416667   2.677 0.000   1.354 0.659
 18.416667  19.416667   2.961 0.000   1.544 0.659
 21.416667  22.416667   3.405 0.000   1.552 0.659
 24.416667  25.416667   2.865 0.000   1.070 0.659
 27.416667  28.416667   3.376 0.000   1.483 0.659
 30.416667  31.416667   1.411 0.000   0.518 0.659
 33.416667  34.416667   2.632 0.000   2.883 0.659
 36.416667  37.416667 999.999 0.999 999.999 0.999
 39.416667  40.416667 999.999 0.999 999.999 0.999
 42.416667  43.416667 999.999 0.999 999.999 0.999
 45.416667  46.416667 999.999 0.999 999.999 0.999
 48.416667  49.416667 999.999 0.999 999.999 0.999
 51.416667  52.416667  17.590 0.000  14.191 0.659
 54.416667  55.416667  12.589 0.000  11.857 0.659
 57.416667  58.416667  64.708 0.000  57.087 0.659
 60.416667  61.416667  62.949 0.000  48.660 0.659
 63.416667  64.416667   4.205 0.000   3.009 0.659
 66.416667  67.416667  49.846 0.000  30.015 0.659
 69.416667  70.416667  45.562 0.000  34.885 0.659
 72.416667  73.416667   3.796 0.000   1.730 0.659
 75.416667  76.416667   2.069 0.000   1.194 0.659
 78.416667  79.416667   0.997 0.000   0.788 0.659
 81.416667  82.416667   0.619 0.000   0.299 0.659
 84.416667  85.416667 999.999 0.456   1.961 0.659
 87.416667  88.416667   1.752 0.000   1.094 0.659
 90.416667  91.416667   2.244 0.000   1.874 0.659
 93.416667  94.416667   7.063 0.000   4.696 0.659
 96.416667  97.416667   1.526 0.000   0.680 0.659
 99.416667 100.416667  16.790 0.000  15.200 0.659
102.416667 103.416667   3.764 0.000   1.817 0.659
105.416667 106.416667   1.812 0.000   1.164 0.659
108.416667 109.416667   7.484 0.000   3.720 0.659
111.416667 112.416667   3.569 0.000   1.490 0.659
114.416667 115.416667  40.950 0.000  21.225 0.659
117.416667 118.416667  29.968 0.000   2.918 0.659
120.416667 121.416667  13.576 0.000   6.351 0.659
123.416667 124.416667   1.492 0.000   0.810 0.659
126.416667 127.416667   3.532 0.000   1.909 0.659
129.416667 130.416667   3.634 0.000   1.856 0.659
132.416667 133.416667   7.689 0.000   3.501 0.659
135.416667 136.416667  26.140 0.000  24.271 0.659
138.416667 139.416667   4.871 0.000   2.520 0.659
141.416667 142.416667  32.500 0.000  26.460 0.659
144.416667 145.416667   5.743 0.000   2.812 0.659
147.416667 148.416667   2.437 0.000   0.929 0.659
150.416667 151.416667   3.732 0.000   1.880 0.659
153.416667 154.416667   4.876 0.000   2.614 0.659
156.416667 157.416667   6.558 0.000   2.982 0.659
159.416667 160.416667   6.561 0.000   3.288 0.659
162.416667 163.416667  42.346 0.000  29.891 0.659
165.416667 166.416667   1.155 0.000   0.755 0.659
168.416667 169.416667  73.833 0.000 999.999 0.456
171.416667 172.416667   2.204 0.000   0.705 0.659
174.416667 175.416667   1.985 0.000   0.848 0.659
177.416667 178.416667   2.229 0.000   0.946 0.659
180.416667 181.416667  19.759 0.000  19.203 0.659
183.416667 184.416667   1.397 0.000   0.866 0.659
186.416667 187.416667   4.070 0.000   2.166 0.659
189.416667 190.416667   2.633 0.000   1.441 0.659
192.416667 193.416667   4.377 0.000   1.723 0.000
195.416667 196.416667   7.394 0.000   6.271 0.000
198.416667 199.416667   4.748 0.000   2.776 0.000
201.416667 202.416667   2.943 0.000   1.401 0.000
204.416667 205.416667   0.409 0.000   0.149 0.000
207.416667 208.416667   4.677 0.000   3.173 0.000
210.416667 211.416667 999.999 0.999 999.999 0.999
213.416667 214.416667   4.102 0.000   1.868 0.000
216.416667 217.416667   3.227 0.000   1.867 0.000
219.416667 220.416667   2.297 0.000   1.083 0.000
222.416667 223.416667   2.879 0.000   1.562 0.000
225.416667 226.416667   7.705 0.000   7.824 0.000
228.416667 229.416667   1.208 0.000   0.581 0.000
231.416667 232.416667   3.006 0.000   1.299 0.000
234.416667 235.416667   2.764 0.000   1.087 0.000
237.416667 238.416667   2.835 0.000   1.270 0.000
240.416667 241.416667   1.773 0.000   0.939 0.000
243.416667 244.416667   1.197 0.000   0.820 0.000
246.416667 247.416667   2.742 0.000   1.353 0.000
249.416667 250.416667   2.251 0.000   1.204 0.000
252.416667 253.416667   2.356 0.000   1.134 0.000
255.416667 256.416667  14.054 0.000  12.463 0.000
258.416667 259.416667   9.254 0.000   8.962 0.000
261.416667 262.416667   1.981 0.000   1.504 0.000
264.416667 265.416667   2.845 0.000   1.694 0.000
267.416667 268.416667   2.211 0.000   0.811 0.000
270.416667 271.416667   2.253 0.000   1.026 0.000
273.416667 274.416667   0.614 0.000   0.241 0.000
276.416667 277.416667   4.847 0.000   4.733 0.000
279.416667 280.416667   2.294 0.000   1.205 0.000
282.416667 283.416667   2.864 0.000   1.659 0.000
285.416667 286.416667   2.574 0.000   1.408 0.000
288.416667 289.416667   9.399 0.000   8.195 0.000
291.416667 292.416667   5.484 0.000   3.236 0.000
294.416667 295.416667  11.406 0.000  11.739 0.000
297.416667 298.416667   1.950 0.000   1.334 0.000
300.416667 301.416667  68.367 0.000  70.830 0.000
303.416667 304.416667   1.360 0.000   0.848 0.000
306.416667 307.416667   2.148 0.000   2.003 0.000
309.416667 310.416667   3.676 0.000   1.924 0.000
312.416667 313.416667   3.115 0.000   1.602 0.000
315.416667 316.416667   3.604 0.000   1.922 0.000
318.416667 319.416667   8.043 0.000   7.264 0.000
321.416667 322.416667   3.833 0.000   3.516 0.000
324.416667 325.416667  21.481 0.000  20.474 0.000
327.416667 328.416667   3.389 0.000   1.895 0.000
330.416667 331.416667   1.827 0.000   0.838 0.000
333.416667 334.416667   2.880 0.000   2.348 0.000
336.416667 337.416667  16.994 0.000  17.433 0.000
339.416667 340.416667   1.942 0.000   0.760 0.000
342.416667 343.416667   1.806 0.000   1.028 0.000
345.416667 346.416667   3.118 0.000   3.294 0.000
348.416667 349.416667   3.357 0.000   3.888 0.000
351.416667 352.416667   4.273 0.000   3.165 0.000
354.416667 355.416667   1.069 0.000   0.510 0.000
357.416667 358.416667   1.316 0.000   0.543 0.000
360.416667 361.416667   2.691 0.000   2.412 0.000
363.416667 364.416667   1.319 0.000   0.696 0.000
