scripts/IMPROVE-2019_partial/data/US0072R.20030103070000.20191216000000.filterpack..pm25.1y.1w.US03L_filterpack_US0072.US03L_IMPROVE_Davis.lev2.nas
64 1001
MISSING INFORMATION
US03L, IMPROVE, , , , , , , 
MISSING INFORMATION
IMPROVE sel_HTAP
1 1
2003 01 01 2019 12 16
3.000000
days from file reference point
25
1 1 1 1 1 1 1 1 1 1 1 1 1 1 1 1 1 1 1 1 1 1 1 1 1
999.999999 9999.99 9.999 99.99 9.999 9.999 9.999999 99.99 9.999999 9.999 9.999 999.999 9.999 999.999 9.999 999.999 9.999 999.999 9.999 999.999 9.999 9.999 9.999 99.999 9.999
end_time of measurement, days from the file reference point
iron, ng/m3, Revision date=20181210133000
numflag iron, no unit, Revision date=20181210133000
lead, ng/m3, Revision date=20181210133000
numflag lead, no unit, Revision date=20181210133000
magnesium, ug/m3, Revision date=20181210133000
numflag magnesium, no unit, Revision date=20181210133000
nickel, ng/m3, Revision date=20181210133000
numflag nickel, no unit, Revision date=20181210133000
nitrate, ug N/m3, Revision date=20181210133000
numflag nitrate, no unit, Revision date=20181210133000
organic_carbon, ug C/m3, Revision date=20181210133000
numflag organic_carbon, no unit, Revision date=20181210133000
organic_mass, ug/m3, Revision date=20181210133000
numflag organic_mass, no unit, Revision date=20181210133000
pm10_mass, ug/m3, Version=2, Version description=Data extracted from http://views.cira.colostate.edu/fed/DataWizard 2019-12-16, Sample duration=1d, Orig. time res.=3d, Matrix=pm10, Blank correction=Blank corrected, Volume std. temperature=ambient, Volume std. pressure=ambient
numflag pm10_mass, no unit, Version=2, Version description=Data extracted from http://views.cira.colostate.edu/fed/DataWizard 2019-12-16, Sample duration=1d, Orig. time res.=3d, Matrix=pm10, Blank correction=Blank corrected, Volume std. temperature=ambient, Volume std. pressure=ambient
pm10_pm25_mass, ug/m3, Revision date=20181210133000, Matrix=pm10_pm25
numflag pm10_pm25_mass, no unit, Revision date=20181210133000, Matrix=pm10_pm25
pm25_mass, ug/m3, Version=2, Version description=Data extracted from http://views.cira.colostate.edu/fed/DataWizard 2019-12-16, Sample duration=1d, Orig. time res.=3d, Blank correction=Blank corrected, Volume std. temperature=ambient, Volume std. pressure=ambient
numflag pm25_mass, no unit, Version=2, Version description=Data extracted from http://views.cira.colostate.edu/fed/DataWizard 2019-12-16, Sample duration=1d, Orig. time res.=3d, Blank correction=Blank corrected, Volume std. temperature=ambient, Volume std. pressure=ambient
potassium, ug/m3, Revision date=20181210133000
numflag potassium, no unit, Revision date=20181210133000
sulphate_total, ug S/m3, Revision date=20181210133000
numflag sulphate_total, no unit, Revision date=20181210133000
0
25
Data definition:              EBAS_1.1
Set type code:                TU
Timezone:                     UTC
File name:                    US0072R.20030103070000.20191216000000.filterpack..pm25.1y.1w.US03L_filterpack_US0072.US03L_IMPROVE_Davis.lev2.nas
File creation:                20191218120021
Startdate:                    20030103070000
Revision date:                20191216000000
Statistics:                   arithmetic mean
Data level:                   2
Period code:                  1y
Resolution code:              1w
Station code:                 US0072R
Platform code:                US0072S
Station name:                 Badlands NP
Station latitude:             43.7435
Station longitude:            -101.9412
Station altitude:             736.0 m
Regime:                       IMG
Component:                    
Matrix:                       pm25
Laboratory code:              US03L
Instrument type:              filterpack
Instrument name:              filterpack_US0072
Method ref:                   US03L_IMPROVE_Davis
starttime endtime Fe flag_Fe Pb flag_Pb Mg++ flag_Mg++ Ni flag_Ni NO3- flag_NO3- OC flag_OC OM flag_OM PM10 flag_PM10 PM10-PM2.5 flag_PM10-PM2.5 PM2.5 flag_PM2.5 K+ flag_K+ SO4-- flag_SO4--
[from data line 87]
263.291667 264.291667    7.98 0.000  0.33 0.000 9.999 0.259000 99.99 0.259000 0.009 0.000   0.314 0.000   0.439 0.000   3.309 0.000   1.926 0.000   1.383 0.000 0.009 0.000  0.128 0.000
266.291667 267.291667   15.50 0.000  0.17 0.000 9.999 0.259000 99.99 0.259000 0.008 0.000   0.361 0.000   0.505 0.000  11.249 0.000   9.414 0.000   1.836 0.000 0.017 0.000  0.113 0.000
269.291667 270.291667    8.92 0.000  0.14 0.000 9.999 0.259000  0.03 0.000000 0.009 0.559   0.324 0.000   0.454 0.000   5.807 0.000   4.370 0.000   1.437 0.000 0.012 0.000  0.117 0.559
272.291667 273.291667   17.13 0.000  0.29 0.000 9.999 0.259000  0.13 0.000000 0.016 0.559   0.991 0.000   1.387 0.000   6.936 0.000   4.141 0.000   2.795 0.000 0.028 0.000  0.178 0.559
275.291667 276.291667   74.92 0.699  0.35 0.699 9.999 0.699259 99.99 0.699259 0.022 0.000   0.776 0.000   1.086 0.000  20.184 0.000  15.519 0.000   4.664 0.699 0.049 0.699  0.314 0.000
278.291667 279.291667   80.10 0.699  0.44 0.699 9.999 0.699259 99.99 0.699259 0.020 0.000   1.079 0.000   1.511 0.000  16.691 0.000  11.040 0.000   5.651 0.699 0.044 0.699  0.341 0.000
281.291667 282.291667   94.96 0.699  0.32 0.699 9.999 0.699259 99.99 0.699259 0.019 0.000   1.315 0.000   1.841 0.000  18.681 0.000  13.160 0.000   5.521 0.699 0.057 0.699  0.176 0.000
284.291667 285.291667   17.85 0.000  0.24 0.000 9.999 0.259000 99.99 0.259000 0.013 0.559   0.358 0.000   0.501 0.000   6.536 0.000   4.966 0.000   1.570 0.000 0.014 0.000  0.086 0.559
287.291667 288.291667   34.48 0.000  0.12 0.000 9.999 0.259000 99.99 0.259000 0.028 0.000   0.404 0.000   0.566 0.000   5.976 0.000   3.543 0.000   2.432 0.000 0.022 0.000  0.210 0.000
290.291667 291.291667   42.77 0.000  0.43 0.000 9.999 0.259000 99.99 0.259000 0.012 0.000   0.444 0.000   0.622 0.000   7.187 0.000   5.028 0.000   2.158 0.000 0.025 0.000  0.106 0.000
293.291667 294.291667   44.18 0.000  0.46 0.000 9.999 0.259000 99.99 0.259000 0.015 0.559   0.596 0.000   0.834 0.000  10.752 0.000   8.025 0.000   2.727 0.000 0.029 0.000  0.099 0.559
296.291667 297.291667   34.07 0.000  0.15 0.000 9.999 0.259000 99.99 0.259000 0.009 0.559   0.269 0.000   0.376 0.000  15.554 0.000  13.696 0.000   1.858 0.000 0.022 0.000  0.057 0.559
299.291667 300.291667   11.96 0.000  0.24 0.000 9.999 0.259000 99.99 0.259000 0.012 0.000   0.433 0.000   0.606 0.000   5.006 0.000   3.812 0.000   1.194 0.000 0.010 0.000  0.069 0.000
302.291667 303.291667    7.57 0.000  0.16 0.000 9.999 0.259000 99.99 0.259000 0.019 0.000   0.222 0.000   0.311 0.000   4.575 0.000   2.831 0.000   1.744 0.000 0.007 0.000  0.232 0.000
305.291667 306.291667    5.17 0.000  0.44 0.000 0.020 0.000000  0.05 0.000000 0.119 0.000   0.549 0.000   0.769 0.000   3.227 0.000   1.252 0.000   1.975 0.000 0.009 0.000  0.227 0.000
308.291667 309.291667   11.57 0.000  0.57 0.000 0.020 0.000000  0.04 0.000000 0.065 0.000   0.725 0.000   1.015 0.000   5.219 0.000   1.496 0.000   3.723 0.000 0.042 0.000  0.509 0.000
311.291667 312.291667    7.60 0.000  0.98 0.000 9.999 0.259000  0.05 0.000000 0.468 0.000   1.141 0.000   1.598 0.000   7.027 0.000   1.465 0.000   5.562 0.000 0.029 0.000  0.594 0.000
314.291667 315.291667   11.45 0.000  0.29 0.000 9.999 0.259000  0.05 0.000000 0.014 0.000   0.519 0.000   0.726 0.000   3.939 0.000   2.812 0.000   1.128 0.000 0.011 0.000  0.117 0.000
317.291667 318.291667   33.91 0.559  0.40 0.559 9.999 0.559259 99.99 0.559259 0.038 0.000   0.554 0.000   0.775 0.000   9.730 0.000   7.737 0.000   1.994 0.559 0.026 0.559  0.086 0.000
320.291667 321.291667   14.81 0.000  0.40 0.000 9.999 0.259000 99.99 0.259000 0.012 0.000   0.350 0.000   0.490 0.000   2.761 0.000   1.705 0.000   1.056 0.000 0.011 0.000  0.122 0.000
323.291667 324.291667   13.78 0.559  0.24 0.559 9.999 0.559259 99.99 0.559259 0.062 0.000   0.497 0.000   0.696 0.000   5.370 0.000   3.732 0.000   1.638 0.559 0.014 0.559  0.117 0.000
326.291667 327.291667   11.26 0.000  0.44 0.000 9.999 0.259000 99.99 0.259000 0.154 0.000   0.916 0.000   1.282 0.000   4.671 0.000   0.541 0.000   4.130 0.000 0.051 0.000  0.403 0.000
329.291667 330.291667   18.24 0.000  0.30 0.000 9.999 0.259000 99.99 0.259000 0.048 0.000   0.366 0.000   0.512 0.000   3.390 0.000   1.927 0.000   1.464 0.000 0.014 0.000  0.072 0.000
332.291667 333.291667   20.92 0.000  0.74 0.000 9.999 0.259000 99.99 0.259000 0.018 0.000   0.367 0.000   0.514 0.000   6.132 0.000   4.357 0.000   1.775 0.000 0.014 0.000  0.116 0.000
335.291667 336.291667   42.85 0.000  0.35 0.000 9.999 0.259000 99.99 0.259000 0.070 0.000   0.333 0.000   0.466 0.000  10.178 0.000   8.054 0.000   2.124 0.000 0.034 0.000  0.076 0.000
338.291667 339.291667   14.17 0.000  0.36 0.000 9.999 0.259000 99.99 0.259000 0.016 0.000   0.140 0.000   0.197 0.000   2.761 0.000   1.882 0.000   0.879 0.000 0.013 0.000  0.058 0.000
341.291667 342.291667    6.81 0.000  0.50 0.000 9.999 0.259000  0.05 0.000000 0.271 0.000   0.404 0.000   0.566 0.000   2.965 0.000   0.878 0.000   2.086 0.000 0.016 0.000  0.281 0.000
344.291667 345.291667   12.92 0.000  0.56 0.000 9.999 0.259000 99.99 0.259000 0.294 0.000   0.606 0.000   0.849 0.000   5.136 0.000   1.761 0.000   3.376 0.000 0.028 0.000  0.459 0.000
347.291667 348.291667    9.21 0.559  0.35 0.559 9.999 0.559259 99.99 0.559259 0.086 0.000   0.444 0.000   0.621 0.000   2.328 0.000   0.992 0.000   1.337 0.559 0.009 0.559  0.095 0.000
350.291667 351.291667   56.49 0.000  0.32 0.000 9.999 0.259000 99.99 0.259000 0.014 0.559   0.487 0.000   0.682 0.000  14.864 0.000  12.643 0.000   2.221 0.000 0.036 0.000  0.068 0.559
353.291667 354.291667   22.93 0.000  0.29 0.000 9.999 0.259000 99.99 0.259000 0.020 0.000   0.530 0.000   0.742 0.000   3.533 0.000   2.276 0.000   1.257 0.000 0.013 0.000  0.061 0.000
356.291667 357.291667   13.94 0.000  0.34 0.000 9.999 0.259000 99.99 0.259000 0.042 0.000   0.540 0.000   0.756 0.000   2.890 0.000   1.534 0.000   1.355 0.000 0.011 0.000  0.062 0.000
359.291667 360.291667   19.16 0.559  0.23 0.559 9.999 0.559259 99.99 0.559259 0.165 0.000   0.541 0.000   0.758 0.000   4.548 0.000   2.354 0.000   2.195 0.559 0.016 0.559  0.186 0.000
362.291667 363.291667    7.29 0.000  0.21 0.000 9.999 0.259000 99.99 0.259000 0.038 0.000   0.254 0.000   0.355 0.000   2.941 0.000   1.825 0.000   1.116 0.000 0.008 0.000  0.089 0.000
