scripts/IMPROVE-2019_partial/data/US0010U.20150103060000.20191216000000.filterpack...1y.3d.US03L_filterpack_US0010.US03L_IMPROVE_Davis.lev2.nas
52 1001
MISSING INFORMATION
US03L, IMPROVE, , , , , , , 
MISSING INFORMATION
IMPROVE sel_HTAP
1 1
2015 01 01 2019 12 16
3.00
days from file reference point
5
1 1 1 1 1
999.99 999.999 9.999 999.999 9.999
end_time of measurement, days from the file reference point
pm10_mass, ug/m3, Matrix=pm10
numflag pm10_mass, no unit, Matrix=pm10
pm25_mass, ug/m3, Matrix=pm25
numflag pm25_mass, no unit, Matrix=pm25
0
33
Data definition:              EBAS_1.1
Set type code:                TU
Timezone:                     UTC
File name:                    US0010U.20150103060000.20191216000000.filterpack...1y.3d.US03L_filterpack_US0010.US03L_IMPROVE_Davis.lev2.nas
File creation:                20191218115604
Startdate:                    20150103060000
Revision date:                20191216000000
Version:                      2
Version description:          "Data extracted from http://views.cira.colostate.edu/fed/DataWizard 2019-12-16"
Statistics:                   arithmetic mean
Data level:                   2
Period code:                  1y
Resolution code:              3d
Sample duration:              1d
Orig. time res.:              3d
Station code:                 US0010U
Platform code:                US0010S
Station name:                 Birmingham
Station latitude:             33.5531
Station longitude:            -86.8148
Station altitude:             175.0 m
Regime:                       IMG
Component:                    
Unit:                         ug/m3
Matrix:                       
Laboratory code:              US03L
Instrument type:              filterpack
Instrument name:              filterpack_US0010
Method ref:                   US03L_IMPROVE_Davis
Blank correction:             Blank corrected
Volume std. temperature:      ambient
Volume std. pressure:         ambient
starttime endtime PM10 flag_PM10 PM2.5 flag_PM2.5
  2.25   3.25   6.209 0.000   4.337 0.000
  5.25   6.25  14.779 0.000   7.965 0.000
  8.25   9.25  16.004 0.000   7.846 0.000
 11.25  12.25  13.761 0.000   9.349 0.000
 14.25  15.25  15.819 0.000  11.463 0.000
 17.25  18.25  10.379 0.000   5.545 0.000
 20.25  21.25  20.931 0.000   9.661 0.000
 23.25  24.25   8.961 0.000   5.852 0.000
 26.25  27.25   9.145 0.000   4.341 0.000
 29.25  30.25   8.859 0.000   3.698 0.000
 32.25  33.25   8.068 0.000   5.650 0.000
 35.25  36.25  14.577 0.000   8.325 0.000
 38.25  39.25  10.774 0.000   5.508 0.000
 41.25  42.25  24.861 0.000  12.653 0.000
 44.25  45.25  23.378 0.000  13.255 0.000
 47.25  48.25  11.669 0.000   8.942 0.000
 50.25  51.25  15.674 0.000   9.978 0.000
 53.25  54.25  18.229 0.000  14.462 0.000
 56.25  57.25  15.657 0.000  11.602 0.000
 59.25  60.25  12.130 0.000   8.757 0.000
 62.25  63.25   8.884 0.000   4.563 0.000
 65.25  66.25  25.468 0.000  10.559 0.000
 68.25  69.25  12.294 0.000   7.652 0.000
 71.25  72.25  12.304 0.000   6.868 0.000
 74.25  75.25  37.532 0.000  14.390 0.000
 77.25  78.25  25.034 0.000  18.608 0.000
 80.25  81.25   6.774 0.000   4.515 0.000
 83.25  84.25  10.907 0.000   5.403 0.000
 86.25  87.25   5.818 0.000   3.365 0.000
 89.25  90.25  41.819 0.000  16.076 0.000
 92.25  93.25  14.416 0.000   6.564 0.000
 95.25  96.25  16.013 0.000   7.776 0.000
 98.25  99.25  17.769 0.000   9.165 0.000
101.25 102.25  21.842 0.000  12.211 0.000
104.25 105.25  12.479 0.000   6.367 0.000
107.25 108.25   7.738 0.000   4.036 0.000
110.25 111.25  12.126 0.000   4.716 0.000
113.25 114.25  18.684 0.000   8.769 0.000
116.25 117.25  12.428 0.000   6.467 0.000
119.25 120.25  19.316 0.000   8.163 0.000
122.25 123.25  27.572 0.000  16.888 0.000
125.25 126.25  37.781 0.000  17.090 0.000
128.25 129.25  40.213 0.000  20.266 0.000
131.25 132.25  22.867 0.000  10.223 0.000
134.25 135.25  20.039 0.000   9.334 0.000
137.25 138.25  13.314 0.000   6.837 0.000
140.25 141.25  10.123 0.000   4.744 0.000
143.25 144.25  17.634 0.000   9.529 0.000
146.25 147.25  14.008 0.000   6.487 0.000
149.25 150.25  18.153 0.000   9.166 0.000
152.25 153.25  12.593 0.000   7.180 0.000
155.25 156.25  21.323 0.000  11.185 0.000
158.25 159.25  17.610 0.000  10.537 0.000
161.25 162.25  16.787 0.000   9.885 0.000
164.25 165.25  20.360 0.000   8.805 0.000
167.25 168.25  53.219 0.000  19.943 0.000
170.25 171.25  27.221 0.000  13.030 0.000
173.25 174.25  75.029 0.000  26.240 0.000
176.25 177.25  25.209 0.000  12.125 0.000
179.25 180.25  29.837 0.000  12.383 0.000
182.25 183.25  42.114 0.000  15.182 0.000
185.25 186.25  12.645 0.000   7.700 0.000
188.25 189.25  41.508 0.000  15.695 0.000
191.25 192.25  41.295 0.000  20.465 0.000
194.25 195.25  23.252 0.000  10.654 0.000
197.25 198.25  39.673 0.000  18.374 0.000
200.25 201.25  20.422 0.000  10.630 0.000
203.25 204.25  16.234 0.000   8.133 0.000
206.25 207.25  19.138 0.000  12.290 0.000
209.25 210.25  28.644 0.000  14.177 0.000
212.25 213.25  17.127 0.000   7.370 0.000
215.25 216.25  46.871 0.000  17.171 0.000
218.25 219.25  19.796 0.000  10.824 0.000
221.25 222.25  31.939 0.000  16.255 0.000
224.25 225.25  18.406 0.000   9.227 0.000
227.25 228.25  14.200 0.000   8.932 0.000
230.25 231.25  11.988 0.000   7.027 0.000
233.25 234.25  20.580 0.000   9.894 0.000
236.25 237.25  19.430 0.000   5.854 0.000
239.25 240.25  23.675 0.000  13.886 0.000
242.25 243.25  19.152 0.000  10.118 0.000
245.25 246.25  28.546 0.000  16.160 0.000
248.25 249.25  23.296 0.000  16.958 0.000
251.25 252.25  18.000 0.000   9.249 0.000
254.25 255.25  11.936 0.000   5.765 0.000
257.25 258.25  20.196 0.000  10.047 0.000
260.25 261.25  31.882 0.000  13.677 0.000
263.25 264.25  18.186 0.000   7.862 0.000
266.25 267.25  21.756 0.000   9.382 0.000
269.25 270.25   6.972 0.000   3.742 0.000
272.25 273.25  10.436 0.000   3.859 0.000
275.25 276.25   2.513 0.000   1.552 0.000
278.25 279.25  20.905 0.000 999.999 0.456
281.25 282.25  25.407 0.000  10.605 0.000
284.25 285.25  22.047 0.000  11.392 0.000
287.25 288.25  46.505 0.000  17.328 0.000
290.25 291.25  14.631 0.000   5.996 0.000
293.25 294.25  30.187 0.000  11.022 0.000
296.25 297.25  14.868 0.000   6.443 0.000
299.25 300.25   4.817 0.000   2.546 0.000
302.25 303.25  27.256 0.000   9.630 0.000
305.25 306.25   6.576 0.000   2.746 0.000
308.25 309.25  14.044 0.000   8.311 0.000
311.25 312.25   7.819 0.000   4.063 0.000
314.25 315.25  29.762 0.000  12.887 0.000
317.25 318.25  21.690 0.000   8.860 0.000
320.25 321.25  22.840 0.000   7.212 0.000
323.25 324.25  15.026 0.000   6.014 0.000
326.25 327.25  22.791 0.000   9.066 0.000
329.25 330.25  11.743 0.000   4.936 0.000
332.25 333.25  14.246 0.000   5.356 0.000
335.25 336.25   6.096 0.000   2.875 0.000
338.25 339.25  15.255 0.000   7.920 0.000
341.25 342.25  28.876 0.000  13.966 0.000
344.25 345.25  12.542 0.000   6.789 0.000
347.25 348.25   8.107 0.000   3.197 0.000
350.25 351.25  13.521 0.000   4.980 0.000
353.25 354.25  18.637 0.000  10.937 0.000
356.25 357.25   5.892 0.000   2.372 0.000
359.25 360.25   8.847 0.000   3.215 0.000
362.25 363.25  10.097 0.000   4.409 0.000
