scripts/IMPROVE-2019_partial/data/US0059R.20100102070000.20191216000000.filterpack...52w.3d.US03L_filterpack_US0059.US03L_IMPROVE_Davis.lev2.nas
52 1001
MISSING INFORMATION
US03L, IMPROVE, , , , , , , 
MISSING INFORMATION
IMPROVE sel_HTAP
1 1
2010 01 01 2019 12 16
3.000000
days from file reference point
5
1 1 1 1 1
999.999999 999.999 9.999 999.999 9.999
end_time of measurement, days from the file reference point
pm10_mass, ug/m3, Matrix=pm10
numflag pm10_mass, no unit, Matrix=pm10
pm25_mass, ug/m3, Matrix=pm25
numflag pm25_mass, no unit, Matrix=pm25
0
33
Data definition:              EBAS_1.1
Set type code:                TU
Timezone:                     UTC
File name:                    US0059R.20100102070000.20191216000000.filterpack...52w.3d.US03L_filterpack_US0059.US03L_IMPROVE_Davis.lev2.nas
File creation:                20191218115908
Startdate:                    20100102070000
Revision date:                20191216000000
Version:                      2
Version description:          "Data extracted from http://views.cira.colostate.edu/fed/DataWizard 2019-12-16"
Statistics:                   arithmetic mean
Data level:                   2
Period code:                  52w
Resolution code:              3d
Sample duration:              1d
Orig. time res.:              3d
Station code:                 US0059R
Platform code:                US0059S
Station name:                 Crescent Lake
Station latitude:             41.7627
Station longitude:            -102.4336
Station altitude:             1207.0 m
Regime:                       IMG
Component:                    
Unit:                         ug/m3
Matrix:                       
Laboratory code:              US03L
Instrument type:              filterpack
Instrument name:              filterpack_US0059
Method ref:                   US03L_IMPROVE_Davis
Blank correction:             Blank corrected
Volume std. temperature:      ambient
Volume std. pressure:         ambient
starttime endtime PM10 flag_PM10 PM2.5 flag_PM2.5
  1.291667   2.291667  21.007 0.000  13.424 0.000
  4.291667   5.291667   7.417 0.000   4.494 0.000
  7.291667   8.291667  10.445 0.000   5.387 0.000
 10.291667  11.291667   3.442 0.000   1.345 0.000
 13.291667  14.291667   4.060 0.000   1.044 0.000
 16.291667  17.291667   6.446 0.000   1.670 0.000
 19.291667  20.291667  12.320 0.000   2.349 0.000
 22.291667  23.291667   5.966 0.000   2.203 0.000
 25.291667  26.291667   6.115 0.000   1.677 0.000
 28.291667  29.291667  12.306 0.000   4.633 0.000
 31.291667  32.291667  16.651 0.000   9.725 0.000
 34.291667  35.291667   8.821 0.000   4.268 0.000
 37.291667  38.291667   8.171 0.000   5.293 0.000
 40.291667  41.291667  11.843 0.000   5.638 0.000
 43.291667  44.291667   6.731 0.000   1.724 0.000
 46.291667  47.291667   2.823 0.000   0.921 0.000
 49.291667  50.291667   6.636 0.000   1.453 0.000
 52.291667  53.291667  13.276 0.000   7.083 0.000
 55.291667  56.291667   9.463 0.000   4.184 0.000
 58.291667  59.291667  23.358 0.000  16.264 0.000
 61.291667  62.291667  13.159 0.000   8.171 0.000
 64.291667  65.291667   5.527 0.000   3.648 0.000
 67.291667  68.291667   6.277 0.000   3.355 0.000
 70.291667  71.291667   3.763 0.000   1.881 0.000
 73.291667  74.291667   5.551 0.000   3.085 0.000
 76.291667  77.291667   9.883 0.000   2.771 0.000
 79.291667  80.291667   6.319 0.000   2.337 0.000
 82.291667  83.291667   9.610 0.000   4.288 0.000
 85.291667  86.291667  10.323 0.000   3.696 0.000
 88.291667  89.291667  13.117 0.000   4.360 0.000
 91.291667  92.291667   4.249 0.000   1.419 0.000
 94.291667  95.291667  18.636 0.000   5.779 0.000
 97.291667  98.291667   4.935 0.000   2.003 0.000
100.291667 101.291667  29.735 0.000   8.431 0.000
103.291667 104.291667   7.038 0.000   1.774 0.000
106.291667 107.291667  16.098 0.000   4.503 0.000
109.291667 110.291667   7.757 0.000   3.405 0.000
112.291667 113.291667   3.608 0.000   1.118 0.000
115.291667 116.291667   6.074 0.000   2.299 0.000
118.291667 119.291667   7.375 0.000   3.045 0.000
121.291667 122.291667   6.524 0.000   6.531 0.000
124.291667 125.291667   7.919 0.000   1.390 0.000
127.291667 128.291667   6.999 0.000   1.804 0.000
130.291667 131.291667   2.092 0.000   0.744 0.000
133.291667 134.291667   8.581 0.000   2.663 0.000
136.291667 137.291667   4.713 0.000   1.987 0.000
139.291667 140.291667  15.841 0.000   3.546 0.000
142.291667 143.291667  18.851 0.000   4.322 0.000
145.291667 146.291667  14.107 0.000   2.879 0.000
148.291667 149.291667  21.756 0.000   4.793 0.000
151.291667 152.291667  17.836 0.000   5.476 0.000
154.291667 155.291667  13.828 0.000   2.781 0.000
157.291667 158.291667  15.132 0.000   4.476 0.000
160.291667 161.291667  10.036 0.000   3.160 0.000
163.291667 164.291667   2.041 0.000   0.552 0.000
166.291667 167.291667  21.870 0.000   5.425 0.000
169.291667 170.291667  12.486 0.000   3.643 0.000
172.291667 173.291667  16.567 0.000   4.184 0.000
175.291667 176.291667  20.464 0.000   4.767 0.000
178.291667 179.291667  13.372 0.000   3.103 0.000
181.291667 182.291667  30.887 0.000   8.361 0.000
184.291667 185.291667   9.987 0.000   3.302 0.000
187.291667 188.291667 999.999 0.999 999.999 0.999
190.291667 191.291667 999.999 0.999 999.999 0.999
193.291667 194.291667 999.999 0.999 999.999 0.999
196.291667 197.291667  43.070 0.000   9.503 0.000
199.291667 200.291667  36.630 0.000   8.800 0.000
202.291667 203.291667   9.804 0.000   2.571 0.000
205.291667 206.291667  14.601 0.000   3.958 0.000
208.291667 209.291667  16.981 0.000   5.080 0.000
211.291667 212.291667  15.757 0.000   4.372 0.000
214.291667 215.291667   9.418 0.000   2.834 0.000
217.291667 218.291667  10.768 0.000   3.047 0.000
220.291667 221.291667  11.325 0.000   3.494 0.000
223.291667 224.291667 999.999 0.999 999.999 0.999
226.291667 227.291667 999.999 0.999 999.999 0.999
229.291667 230.291667 999.999 0.999 999.999 0.999
232.291667 233.291667  20.420 0.000   4.299 0.000
235.291667 236.291667  13.536 0.000   3.280 0.000
238.291667 239.291667  30.318 0.000   5.112 0.000
241.291667 242.291667  29.412 0.000   9.514 0.000
244.291667 245.291667  20.151 0.000   2.897 0.000
247.291667 248.291667  22.145 0.000   4.676 0.000
250.291667 251.291667  33.628 0.000   5.843 0.000
253.291667 254.291667  10.414 0.000   1.648 0.000
256.291667 257.291667  27.393 0.000   7.929 0.000
259.291667 260.291667  13.922 0.000   3.952 0.000
262.291667 263.291667  13.247 0.000   3.747 0.000
265.291667 266.291667   6.878 0.000   2.898 0.000
268.291667 269.291667  15.037 0.000   3.434 0.000
271.291667 272.291667 999.999 0.456   3.224 0.000
274.291667 275.291667 999.999 0.456   3.092 0.000
277.291667 278.291667 999.999 0.456   6.439 0.000
280.291667 281.291667  18.088 0.000   5.788 0.000
283.291667 284.291667   8.541 0.000   4.841 0.000
286.291667 287.291667   9.085 0.000   3.760 0.000
289.291667 290.291667  23.246 0.000   4.466 0.000
292.291667 293.291667  13.432 0.000   3.443 0.000
295.291667 296.291667   5.107 0.000   2.852 0.000
298.291667 299.291667   4.923 0.000   0.844 0.000
301.291667 302.291667  10.905 0.000   2.446 0.000
304.291667 305.291667  10.225 0.000   2.865 0.000
307.291667 308.291667   6.859 0.000   1.306 0.000
310.291667 311.291667  11.917 0.000   2.320 0.000
313.291667 314.291667   5.452 0.000   1.906 0.000
316.291667 317.291667   5.629 0.000   2.423 0.000
319.291667 320.291667   2.948 0.000   1.768 0.000
322.291667 323.291667   3.512 0.000   1.382 0.000
325.291667 326.291667   4.613 0.000   2.539 0.000
328.291667 329.291667  13.835 0.000 999.999 0.456
331.291667 332.291667  11.888 0.000   2.213 0.000
334.291667 335.291667  12.602 0.000   1.693 0.000
337.291667 338.291667   3.265 0.000   2.487 0.000
340.291667 341.291667   6.708 0.000   5.283 0.000
343.291667 344.291667   4.811 0.000   1.079 0.000
346.291667 347.291667   6.985 0.000   2.606 0.000
349.291667 350.291667   1.954 0.000   0.646 0.000
352.291667 353.291667  13.817 0.000  11.393 0.000
355.291667 356.291667   7.613 0.000   4.025 0.000
358.291667 359.291667   5.472 0.000   4.398 0.000
361.291667 362.291667   5.684 0.000   1.724 0.000
364.291667 365.291667   1.960 0.000   2.872 0.000
