scripts/IMPROVE-2019_partial/data/US0074R.20060102060000.20191216000000.filterpack..pm25.52w.1w.US03L_filterpack_US0074.US03L_IMPROVE_Davis.lev2.nas
64 1001
MISSING INFORMATION
US03L, IMPROVE, , , , , , , 
MISSING INFORMATION
IMPROVE sel_HTAP
1 1
2006 01 01 2019 12 16
3.00
days from file reference point
25
1 1 1 1 1 1 1 1 1 1 1 1 1 1 1 1 1 1 1 1 1 1 1 1 1
999.99 9999.99 9.999 99.99 9.999 9.999 9.999999 99.99 9.999999 9.999 9.999 99.999 9.999 99.999 9.999 999.999 9.999 999.999 9.999 999.999 9.999 9.999 9.999 99.999 9.999
end_time of measurement, days from the file reference point
iron, ng/m3, Revision date=20181210133000
numflag iron, no unit, Revision date=20181210133000
lead, ng/m3, Revision date=20181210133000
numflag lead, no unit, Revision date=20181210133000
magnesium, ug/m3, Revision date=20181210133000
numflag magnesium, no unit, Revision date=20181210133000
nickel, ng/m3, Revision date=20181210133000
numflag nickel, no unit, Revision date=20181210133000
nitrate, ug N/m3, Revision date=20181210133000
numflag nitrate, no unit, Revision date=20181210133000
organic_carbon, ug C/m3, Revision date=20181210133000
numflag organic_carbon, no unit, Revision date=20181210133000
organic_mass, ug/m3, Revision date=20181210133000
numflag organic_mass, no unit, Revision date=20181210133000
pm10_mass, ug/m3, Version=2, Version description=Data extracted from http://views.cira.colostate.edu/fed/DataWizard 2019-12-16, Sample duration=1d, Orig. time res.=3d, Matrix=pm10, Blank correction=Blank corrected, Volume std. temperature=ambient, Volume std. pressure=ambient
numflag pm10_mass, no unit, Version=2, Version description=Data extracted from http://views.cira.colostate.edu/fed/DataWizard 2019-12-16, Sample duration=1d, Orig. time res.=3d, Matrix=pm10, Blank correction=Blank corrected, Volume std. temperature=ambient, Volume std. pressure=ambient
pm10_pm25_mass, ug/m3, Revision date=20181210133000, Matrix=pm10_pm25
numflag pm10_pm25_mass, no unit, Revision date=20181210133000, Matrix=pm10_pm25
pm25_mass, ug/m3, Version=2, Version description=Data extracted from http://views.cira.colostate.edu/fed/DataWizard 2019-12-16, Sample duration=1d, Orig. time res.=3d, Blank correction=Blank corrected, Volume std. temperature=ambient, Volume std. pressure=ambient
numflag pm25_mass, no unit, Version=2, Version description=Data extracted from http://views.cira.colostate.edu/fed/DataWizard 2019-12-16, Sample duration=1d, Orig. time res.=3d, Blank correction=Blank corrected, Volume std. temperature=ambient, Volume std. pressure=ambient
potassium, ug/m3, Revision date=20181210133000
numflag potassium, no unit, Revision date=20181210133000
sulphate_total, ug S/m3, Revision date=20181210133000
numflag sulphate_total, no unit, Revision date=20181210133000
0
25
Data definition:              EBAS_1.1
Set type code:                TU
Timezone:                     UTC
File name:                    US0074R.20060102060000.20191216000000.filterpack..pm25.52w.1w.US03L_filterpack_US0074.US03L_IMPROVE_Davis.lev2.nas
File creation:                20191218120031
Startdate:                    20060102060000
Revision date:                20191216000000
Statistics:                   arithmetic mean
Data level:                   2
Period code:                  52w
Resolution code:              1w
Station code:                 US0074R
Platform code:                US0074S
Station name:                 Guadalupe Mountains NP
Station latitude:             31.833
Station longitude:            -104.8094
Station altitude:             1672.0 m
Regime:                       IMG
Component:                    
Matrix:                       pm25
Laboratory code:              US03L
Instrument type:              filterpack
Instrument name:              filterpack_US0074
Method ref:                   US03L_IMPROVE_Davis
starttime endtime Fe flag_Fe Pb flag_Pb Mg++ flag_Mg++ Ni flag_Ni NO3- flag_NO3- OC flag_OC OM flag_OM PM10 flag_PM10 PM10-PM2.5 flag_PM10-PM2.5 PM2.5 flag_PM2.5 K+ flag_K+ SO4-- flag_SO4--
  1.25   2.25   14.27 0.559  0.36 0.559 9.999 0.559259  0.17 0.559000 0.016 0.000  0.328 0.000  0.459 0.000   4.453 0.000   3.173 0.559   1.280 0.659 0.028 0.559  0.085 0.000
  4.25   5.25   14.20 0.559  0.13 0.559 9.999 0.559259  0.31 0.559000 0.025 0.000  0.398 0.559  0.557 0.559   5.342 0.000   4.178 0.559   1.164 0.659 0.012 0.559  0.087 0.000
  7.25   8.25   92.10 0.000  1.40 0.000 0.037 0.000000  0.32 0.000000 0.027 0.000  0.672 0.000  0.941 0.000  17.719 0.000  13.915 0.000   3.803 0.000 0.100 0.000  0.163 0.000
 10.25  11.25  102.88 0.000  1.13 0.000 0.046 0.000000  0.52 0.000000 0.078 0.000  0.594 0.000  0.831 0.000  17.485 0.000  13.226 0.000   4.259 0.000 0.078 0.000  0.167 0.000
 13.25  14.25   82.28 0.559  0.72 0.559 0.027 0.559000 99.99 0.559259 0.025 0.000  0.401 0.000  0.561 0.000  13.303 0.000  10.537 0.559   2.766 0.659 0.054 0.559  0.138 0.000
 16.25  17.25   19.56 0.000  0.60 0.000 9.999 0.259000  0.21 0.000000 0.029 0.000  0.343 0.559  0.480 0.559   7.966 0.000   6.692 0.000   1.274 0.000 0.015 0.000  0.075 0.000
 19.25  20.25   48.69 0.559  0.66 0.559 0.022 0.559000  0.58 0.559000 0.033 0.000  0.452 0.000  0.632 0.000  11.316 0.000   9.283 0.559   2.032 0.659 0.039 0.559  0.087 0.000
 22.25  23.25   21.22 0.000  0.52 0.000 9.999 0.259000 99.99 0.259000 0.120 0.000  0.537 0.559  0.752 0.559  10.406 0.000   7.777 0.000   2.630 0.000 0.021 0.000  0.299 0.000
 25.25  26.25   27.74 0.000  0.98 0.000 9.999 0.259000  0.75 0.000000 0.048 0.000  0.893 0.000  1.250 0.000   9.460 0.000   5.276 0.000   4.184 0.000 0.039 0.000  0.486 0.000
 28.25  29.25   36.27 0.000  1.52 0.000 0.015 0.000000  0.14 0.000000 0.068 0.000  0.462 0.000  0.646 0.000  13.285 0.000  10.981 0.000   2.304 0.000 0.030 0.000  0.115 0.000
 31.25  32.25   40.97 0.000  0.84 0.000 9.999 0.259000  0.18 0.000000 0.053 0.000  0.440 0.000  0.615 0.000  10.799 0.000   8.459 0.000   2.340 0.000 0.030 0.000  0.118 0.000
 34.25  35.25   17.99 0.000  1.18 0.000 9.999 0.259000 99.99 0.259000 0.014 0.000  0.196 0.559  0.275 0.559   3.592 0.000   2.283 0.000   1.309 0.000 0.016 0.000  0.147 0.000
 37.25  38.25   30.94 0.000  0.50 0.000 9.999 0.259000 99.99 0.259000 0.012 0.000  0.139 0.559  0.195 0.559   5.670 0.000   4.367 0.000   1.303 0.000 0.020 0.000  0.056 0.000
 40.25  41.25   29.36 0.000  0.69 0.000 9.999 0.259000  0.33 0.000000 0.079 0.000  0.426 0.559  0.597 0.559   9.514 0.000   7.393 0.000   2.121 0.000 0.030 0.000  0.158 0.000
 43.25  44.25   43.11 0.000  0.85 0.000 9.999 0.259000  0.17 0.000000 0.051 0.000  0.358 0.559  0.502 0.559  12.036 0.000   9.833 0.000   2.203 0.000 0.033 0.000  0.127 0.000
 46.25  47.25  155.46 0.000  1.37 0.000 9.999 0.259000  1.86 0.000000 0.063 0.000  0.692 0.000  0.969 0.000  40.881 0.000  34.744 0.000   6.137 0.000 0.106 0.000  0.196 0.000
 49.25  50.25   27.72 0.000  0.61 0.000 9.999 0.259000  0.11 0.000000 0.085 0.000  0.550 0.559  0.770 0.559  13.980 0.000  10.642 0.000   3.339 0.000 0.039 0.000  0.392 0.000
 52.25  53.25   22.54 0.000  0.78 0.000 9.999 0.259000  0.38 0.000000 0.015 0.000  0.200 0.559  0.281 0.559   7.718 0.000   6.332 0.000   1.386 0.000 0.020 0.000  0.081 0.000
 55.25  56.25   20.54 0.000  0.75 0.000 0.010 0.000000 99.99 0.259000 0.119 0.000  0.932 0.000  1.305 0.000   7.182 0.000   4.289 0.000   2.892 0.000 0.021 0.000  0.248 0.000
 58.25  59.25   26.34 0.000  1.17 0.000 9.999 0.259000 99.99 0.259000 0.017 0.000  0.555 0.000  0.777 0.000   6.630 0.000   4.448 0.000   2.182 0.000 0.027 0.000  0.144 0.000
 61.25  62.25 9999.99 0.999 99.99 0.999 9.999 0.999000 99.99 0.999000 9.999 0.999 99.999 0.999 99.999 0.999 999.999 0.999 999.999 0.999 999.999 0.999 9.999 0.999 99.999 0.999
 64.25  65.25 9999.99 0.999 99.99 0.999 9.999 0.999000 99.99 0.999000 9.999 0.999 99.999 0.999 99.999 0.999 999.999 0.999 999.999 0.999 999.999 0.999 9.999 0.999 99.999 0.999
 67.25  68.25 9999.99 0.999 99.99 0.999 9.999 0.999000 99.99 0.999000 9.999 0.999 99.999 0.999 99.999 0.999 999.999 0.999 999.999 0.999 999.999 0.999 9.999 0.999 99.999 0.999
 70.25  71.25 9999.99 0.999 99.99 0.999 9.999 0.999000 99.99 0.999000 9.999 0.999 99.999 0.999 99.999 0.999 999.999 0.999 999.999 0.999 999.999 0.999 9.999 0.999 99.999 0.999
 73.25  74.25  129.17 0.000  0.96 0.000 0.023 0.000000  0.12 0.000000 0.058 0.000  1.371 0.000  1.920 0.000  31.766 0.000  23.970 0.000   7.796 0.000 0.114 0.000  0.360 0.000
 76.25  77.25  187.94 0.000  0.68 0.000 9.999 0.259000  0.20 0.000000 0.143 0.000  0.979 0.000  1.371 0.000  37.738 0.000  27.736 0.000  10.002 0.000 0.145 0.000  0.844 0.000
 79.25  80.25   26.11 0.000  0.79 0.000 9.999 0.259000  0.48 0.000000 0.196 0.000  0.606 0.000  0.849 0.000   6.968 0.000   3.604 0.000   3.364 0.000 0.017 0.000  0.428 0.000
 82.25  83.25   37.73 0.000  0.77 0.000 9.999 0.259000  0.72 0.000000 0.334 0.000  0.622 0.000  0.870 0.000   7.767 0.000   2.351 0.000   5.416 0.000 0.025 0.000  0.747 0.000
 85.25  86.25   91.19 0.000  0.86 0.000 9.999 0.259000 99.99 0.259000 0.046 0.000  0.822 0.000  1.151 0.000  19.168 0.000  14.367 0.000   4.802 0.000 0.062 0.000  0.395 0.000
 88.25  89.25   98.32 0.000  1.75 0.000 9.999 0.259000  1.20 0.000000 0.038 0.000  0.376 0.000  0.526 0.000  18.224 0.000  13.226 0.000   4.998 0.000 0.073 0.000  0.372 0.000
 91.25  92.25   48.92 0.000  0.98 0.000 0.022 0.000000 99.99 0.259000 0.038 0.000  0.276 0.000  0.386 0.000   6.857 0.000   4.792 0.000   2.065 0.000 0.032 0.000  0.125 0.000
 94.25  95.25  123.78 0.000  1.21 0.000 9.999 0.259000  1.52 0.000000 0.038 0.000  0.699 0.000  0.979 0.000  20.646 0.000  15.274 0.000   5.372 0.000 0.092 0.000  0.256 0.000
 97.25  98.25   72.88 0.000  0.87 0.000 0.024 0.000000  1.20 0.000000 0.046 0.000  0.801 0.000  1.121 0.000  17.620 0.000  12.959 0.000   4.661 0.000 0.053 0.000  0.430 0.000
100.25 101.25   38.80 0.000  0.62 0.000 0.019 0.000000  0.43 0.000000 0.016 0.000  0.503 0.000  0.705 0.000   8.366 0.000   6.252 0.000   2.114 0.000 0.035 0.000  0.218 0.000
103.25 104.25   58.98 0.000  1.07 0.000 0.036 0.000000  1.24 0.000000 0.094 0.000  0.816 0.000  1.143 0.000  14.749 0.000   9.101 0.000   5.647 0.000 0.064 0.000  0.584 0.000
106.25 107.25  208.72 0.000  1.64 0.000 0.123 0.000000  0.22 0.000000 0.035 0.000  0.723 0.000  1.012 0.000  18.181 0.000  12.429 0.000   5.752 0.000 0.124 0.000  0.175 0.000
109.25 110.25  149.30 0.000  1.00 0.000 0.077 0.000000  1.42 0.000000 0.083 0.000  1.158 0.000  1.621 0.000  27.646 0.000  21.544 0.000   6.103 0.000 0.100 0.000  0.364 0.000
112.25 113.25   68.55 0.000  1.00 0.000 0.045 0.000000  0.46 0.000000 0.098 0.000  1.570 0.000  2.198 0.000  17.005 0.000   8.723 0.000   8.283 0.000 0.121 0.000  0.974 0.000
115.25 116.25   90.28 0.000  0.94 0.000 0.037 0.000000  2.08 0.000000 0.048 0.559  0.814 0.000  1.139 0.000  18.306 0.000  12.972 0.000   5.333 0.000 0.061 0.000  0.292 0.559
118.25 119.25   68.00 0.000  0.62 0.000 9.999 0.259000  0.47 0.000000 0.022 0.000  0.475 0.000  0.665 0.000   7.379 0.000   4.498 0.000   2.881 0.000 0.043 0.000  0.184 0.000
121.25 122.25  121.38 0.000  1.33 0.000 0.020 0.000000  0.38 0.000000 0.059 0.559  1.553 0.000  2.175 0.000  18.978 0.000  12.230 0.000   6.748 0.000 0.096 0.000  0.395 0.559
124.25 125.25  122.21 0.000  0.86 0.000 9.999 0.259000  0.87 0.000000 0.034 0.000  0.719 0.000  1.006 0.000  13.418 0.000   8.485 0.000   4.933 0.000 0.087 0.000  0.240 0.000
127.25 128.25  130.04 0.000  1.77 0.000 0.032 0.000000 99.99 0.259000 0.072 0.000  0.793 0.000  1.111 0.000  17.437 0.000  11.666 0.000   5.772 0.000 0.080 0.000  0.358 0.000
130.25 131.25   53.70 0.000  0.81 0.000 9.999 0.259000  0.29 0.000000 0.026 0.559  0.756 0.000  1.059 0.000  12.450 0.000   9.088 0.000   3.361 0.000 0.036 0.000  0.239 0.559
133.25 134.25  194.86 0.394  1.69 0.394 0.030 0.394000  1.60 0.394000 0.076 0.394  2.632 0.394  3.685 0.394  34.187 0.000  22.879 0.394  11.308 0.000 0.142 0.394  0.719 0.394
136.25 137.25   83.94 0.000  0.72 0.000 9.999 0.259000  0.32 0.000000 0.035 0.559  0.724 0.000  1.013 0.000   9.476 0.000   4.957 0.000   4.519 0.000 0.055 0.000  0.324 0.559
139.25 140.25  102.43 0.559  0.55 0.559 9.999 0.559259 99.99 0.559259 0.024 0.559  1.040 0.000  1.456 0.000  15.204 0.000  10.000 0.559   5.205 0.659 0.066 0.559  0.266 0.559
142.25 143.25   66.87 0.000  0.61 0.000 9.999 0.259000  0.16 0.000000 0.028 0.000  0.635 0.000  0.889 0.000  18.655 0.000  14.984 0.000   3.672 0.000 0.062 0.000  0.217 0.000
145.25 146.25   85.74 0.000  0.68 0.000 9.999 0.259000 99.99 0.259000 0.029 0.000  0.923 0.000  1.292 0.000  51.587 0.000  46.690 0.000   4.897 0.000 0.073 0.000  0.230 0.000
148.25 149.25   63.08 0.000  0.54 0.000 9.999 0.259000  0.16 0.000000 0.065 0.000  0.730 0.000  1.022 0.000  13.267 0.000   9.049 0.000   4.219 0.000 0.066 0.000  0.251 0.000
151.25 152.25   48.32 0.000  0.94 0.000 0.021 0.000000  0.26 0.000000 0.052 0.000  0.863 0.000  1.208 0.000  14.401 0.000   9.531 0.000   4.870 0.000 0.044 0.000  0.386 0.000
154.25 155.25   49.43 0.000  1.12 0.000 0.025 0.000000 99.99 0.259000 0.023 0.000  0.759 0.000  1.062 0.000   9.329 0.000   4.309 0.000   5.021 0.000 0.036 0.000  0.592 0.000
157.25 158.25   44.02 0.000  0.39 0.000 0.021 0.000000 99.99 0.259000 0.029 0.000  0.816 0.000  1.143 0.000  13.529 0.000   7.456 0.000   6.072 0.000 0.037 0.000  0.660 0.000
160.25 161.25   60.89 0.000  0.38 0.000 9.999 0.259000 99.99 0.259000 0.028 0.000  0.766 0.000  1.073 0.000  13.220 0.000   7.454 0.000   5.766 0.000 0.052 0.000  0.554 0.000
163.25 164.25   37.97 0.000  0.69 0.000 0.016 0.000000  0.17 0.000000 0.022 0.000  0.789 0.000  1.105 0.000   9.668 0.000   5.156 0.000   4.511 0.000 0.033 0.000  0.502 0.000
166.25 167.25  227.60 0.000  1.20 0.000 0.110 0.000000  0.25 0.000000 0.062 0.000  0.854 0.000  1.196 0.000  38.947 0.000  29.443 0.000   9.505 0.000 0.199 0.000  0.383 0.000
169.25 170.25   63.36 0.000  0.47 0.000 0.033 0.000000 99.99 0.259000 0.080 0.000  1.189 0.000  1.665 0.000  15.400 0.000   7.188 0.000   8.212 0.000 0.068 0.000  0.879 0.000
172.25 173.25  244.96 0.000  0.47 0.000 0.092 0.000000  0.33 0.000000 0.154 0.000  1.171 0.000  1.640 0.000  31.293 0.000  17.802 0.000  13.491 0.000 0.134 0.000  1.275 0.000
175.25 176.25   24.92 0.000  0.71 0.000 9.999 0.259000 99.99 0.259000 0.037 0.000  1.056 0.000  1.478 0.000   9.653 0.000   4.647 0.000   5.006 0.000 0.031 0.000  0.460 0.000
178.25 179.25   22.96 0.000  0.44 0.000 0.016 0.000000 99.99 0.259000 0.033 0.000  1.006 0.000  1.409 0.000  11.072 0.000   3.238 0.000   7.833 0.000 0.026 0.000  1.011 0.000
181.25 182.25   29.13 0.000  0.61 0.000 9.999 0.259000 99.99 0.259000 0.026 0.000  0.650 0.000  1.171 0.000   7.758 0.000   2.391 0.000   5.366 0.000 0.024 0.000  0.742 0.000
184.25 185.25   24.62 0.000  0.48 0.000 9.999 0.259000 99.99 0.259000 0.021 0.000  0.435 0.000  0.783 0.000  10.865 0.000   6.022 0.000   4.843 0.000 0.019 0.000  0.722 0.000
187.25 188.25   20.37 0.000  0.50 0.000 9.999 0.259000  0.15 0.000000 0.037 0.000  0.811 0.000  1.460 0.000   9.545 0.000   3.468 0.000   6.078 0.000 0.033 0.000  0.842 0.000
190.25 191.25   24.67 0.000  0.42 0.000 9.999 0.259000  0.13 0.000000 0.015 0.000  0.435 0.000  0.782 0.000   7.158 0.000   3.507 0.000   3.651 0.000 0.021 0.000  0.556 0.000
193.25 194.25   63.48 0.000  0.48 0.000 0.012 0.000000 99.99 0.259000 0.030 0.000  0.351 0.000  0.632 0.000  11.317 0.000   7.468 0.000   3.849 0.000 0.040 0.000  0.349 0.000
196.25 197.25   72.18 0.000  0.44 0.000 9.999 0.259000 99.99 0.259000 0.053 0.000  0.445 0.000  0.800 0.000   7.783 0.000   3.756 0.000   4.027 0.000 0.035 0.000  0.367 0.000
199.25 200.25   26.05 0.000  0.34 0.000 9.999 0.259000  0.16 0.000000 0.027 0.000  0.991 0.000  1.784 0.000  11.807 0.000   4.655 0.000   7.152 0.000 0.022 0.000  0.746 0.000
202.25 203.25   38.60 0.000  0.58 0.000 9.999 0.259000  0.17 0.000000 0.038 0.000  0.943 0.000  1.698 0.000  13.198 0.000   6.619 0.000   6.580 0.000 0.035 0.000  0.739 0.000
205.25 206.25   42.33 0.000  0.52 0.000 9.999 0.259000 99.99 0.259000 0.027 0.000  0.783 0.000  1.409 0.000  11.666 0.000   6.252 0.000   5.415 0.000 0.030 0.000  0.592 0.000
208.25 209.25   94.96 0.000  0.59 0.000 0.014 0.000000  0.24 0.000000 0.084 0.000  0.722 0.000  1.300 0.000  11.767 0.000   4.098 0.000   7.669 0.000 0.056 0.000  0.852 0.000
211.25 212.25   11.16 0.000  0.55 0.000 9.999 0.259000  0.22 0.000000 0.037 0.000  0.361 0.000  0.650 0.000   2.923 0.000   0.917 0.000   2.006 0.000 0.012 0.000  0.248 0.000
214.25 215.25   55.41 0.000  0.62 0.000 0.018 0.000000 99.99 0.259000 0.060 0.000  0.613 0.000  1.103 0.000   5.752 0.000   1.893 0.000   3.859 0.000 0.037 0.000  0.376 0.000
217.25 218.25   40.84 0.000  0.47 0.000 0.015 0.000000  0.18 0.000000 0.034 0.000  0.383 0.000  0.689 0.000   6.152 0.000   2.101 0.000   4.051 0.000 0.021 0.000  0.502 0.000
220.25 221.25  177.11 0.000  0.53 0.000 0.057 0.000000 99.99 0.259000 0.071 0.000  0.348 0.000  0.627 0.000  10.235 0.000   4.812 0.000   5.423 0.000 0.074 0.000  0.377 0.000
223.25 224.25   35.99 0.394  0.82 0.394 9.999 0.394259 99.99 0.394259 0.020 0.394  0.297 0.394  0.535 0.394   8.622 0.000   5.599 0.394   3.023 0.000 0.020 0.394  0.290 0.394
226.25 227.25   24.02 0.000  0.67 0.000 0.013 0.000000  0.18 0.000000 0.026 0.000  0.353 0.000  0.635 0.000   4.788 0.000   1.114 0.000   3.674 0.000 0.017 0.000  0.466 0.000
229.25 230.25   11.66 0.000  0.55 0.000 9.999 0.259000  0.10 0.000000 0.014 0.000  0.362 0.000  0.651 0.000   3.232 0.000   1.432 0.000   1.801 0.000 0.011 0.000  0.216 0.000
232.25 233.25 9999.99 0.999 99.99 0.999 9.999 0.999000 99.99 0.999000 9.999 0.999 99.999 0.999 99.999 0.999 999.999 0.999 999.999 0.999 999.999 0.999 9.999 0.999 99.999 0.999
235.25 236.25   26.43 0.000  0.86 0.000 0.021 0.000000  0.27 0.000000 0.019 0.000  0.519 0.000  0.934 0.000  10.208 0.000   3.824 0.000   6.384 0.000 0.018 0.000  0.913 0.000
238.25 239.25   15.21 0.000  0.40 0.000 9.999 0.259000 99.99 0.259000 0.014 0.000  0.412 0.000  0.742 0.000   5.152 0.000   2.323 0.000   2.829 0.000 0.012 0.000  0.308 0.000
241.25 242.25  354.83 0.000  0.65 0.000 0.141 0.000000  0.23 0.000000 0.093 0.000  0.411 0.000  0.740 0.000  16.258 0.000   6.711 0.000   9.546 0.000 0.131 0.000  0.372 0.000
244.25 245.25   35.80 0.000  0.34 0.000 0.011 0.000000 99.99 0.259000 0.021 0.000  0.334 0.000  0.602 0.000   3.802 0.000   1.313 0.000   2.489 0.000 0.016 0.000  0.249 0.000
247.25 248.25    2.82 0.000  0.23 0.000 9.999 0.259000 99.99 0.259000 0.009 0.000  0.344 0.000  0.619 0.000   2.211 0.000   0.699 0.000   1.512 0.000 0.005 0.000  0.177 0.000
250.25 251.25    9.67 0.000  0.28 0.000 9.999 0.259000 99.99 0.259000 0.013 0.000  0.786 0.000  1.414 0.000   5.997 0.000   1.338 0.000   4.659 0.000 0.017 0.000  0.534 0.000
253.25 254.25   15.18 0.000  0.25 0.000 9.999 0.259000 99.99 0.259000 0.024 0.000  0.948 0.000  1.706 0.000   9.145 0.000   3.056 0.000   6.088 0.000 0.039 0.000  0.805 0.000
256.25 257.25   10.56 0.000  0.50 0.000 9.999 0.259000  0.10 0.000000 0.011 0.000  0.535 0.000  0.962 0.000   4.904 0.000   1.570 0.000   3.333 0.000 0.014 0.000  0.344 0.000
259.25 260.25 9999.99 0.456 99.99 0.456 9.999 0.456000 99.99 0.456000 0.016 0.000  0.404 0.000  0.727 0.000   8.638 0.000 999.999 0.456 999.999 0.456 9.999 0.456  0.133 0.000
262.25 263.25   26.21 0.000  0.86 0.000 0.008 0.000000  0.42 0.000000 0.015 0.000  0.702 0.000  1.264 0.000  11.687 0.000   7.387 0.000   4.300 0.000 0.022 0.000  0.404 0.000
265.25 266.25   24.43 0.000  0.59 0.000 0.007 0.000000 99.99 0.259000 0.030 0.000  0.622 0.000  1.120 0.000  10.308 0.000   7.167 0.000   3.141 0.000 0.029 0.000  0.196 0.000
268.25 269.25   18.18 0.000  0.29 0.000 9.999 0.259000  0.25 0.000000 0.014 0.000  0.508 0.000  0.915 0.000  11.379 0.000   8.268 0.000   3.111 0.000 0.018 0.000  0.259 0.000
271.25 272.25   62.30 0.000  0.63 0.000 0.013 0.000000  0.37 0.000000 0.038 0.000  1.019 0.000  1.833 0.000  22.409 0.000  17.224 0.000   5.185 0.000 0.051 0.000  0.281 0.000
