scripts/IMPROVE-2019_partial/data/US0059R.20050101070000.20191216000000.filterpack..pm25.52w.1w.US03L_filterpack_US0059.US03L_IMPROVE_Davis.lev2.nas
64 1001
MISSING INFORMATION
US03L, IMPROVE, , , , , , , 
MISSING INFORMATION
IMPROVE sel_HTAP
1 1
2005 01 01 2019 12 16
3.000000
days from file reference point
25
1 1 1 1 1 1 1 1 1 1 1 1 1 1 1 1 1 1 1 1 1 1 1 1 1
999.999999 9999.99 9.999 99.99 9.999 9.999 9.999999 9.99 9.999999 99.999 9.999 99.999 9.999 99.999 9.999 999.999 9.999 999.999 9.999 999.999 9.999 9.999 9.999 99.999 9.999
end_time of measurement, days from the file reference point
iron, ng/m3, Revision date=20181210133000
numflag iron, no unit, Revision date=20181210133000
lead, ng/m3, Revision date=20181210133000
numflag lead, no unit, Revision date=20181210133000
magnesium, ug/m3, Revision date=20181210133000
numflag magnesium, no unit, Revision date=20181210133000
nickel, ng/m3, Revision date=20181210133000
numflag nickel, no unit, Revision date=20181210133000
nitrate, ug N/m3, Revision date=20181210133000
numflag nitrate, no unit, Revision date=20181210133000
organic_carbon, ug C/m3, Revision date=20181210133000
numflag organic_carbon, no unit, Revision date=20181210133000
organic_mass, ug/m3, Revision date=20181210133000
numflag organic_mass, no unit, Revision date=20181210133000
pm10_mass, ug/m3, Version=2, Version description=Data extracted from http://views.cira.colostate.edu/fed/DataWizard 2019-12-16, Sample duration=1d, Orig. time res.=3d, Matrix=pm10, Blank correction=Blank corrected, Volume std. temperature=ambient, Volume std. pressure=ambient
numflag pm10_mass, no unit, Version=2, Version description=Data extracted from http://views.cira.colostate.edu/fed/DataWizard 2019-12-16, Sample duration=1d, Orig. time res.=3d, Matrix=pm10, Blank correction=Blank corrected, Volume std. temperature=ambient, Volume std. pressure=ambient
pm10_pm25_mass, ug/m3, Revision date=20181210133000, Matrix=pm10_pm25
numflag pm10_pm25_mass, no unit, Revision date=20181210133000, Matrix=pm10_pm25
pm25_mass, ug/m3, Version=2, Version description=Data extracted from http://views.cira.colostate.edu/fed/DataWizard 2019-12-16, Sample duration=1d, Orig. time res.=3d, Blank correction=Blank corrected, Volume std. temperature=ambient, Volume std. pressure=ambient
numflag pm25_mass, no unit, Version=2, Version description=Data extracted from http://views.cira.colostate.edu/fed/DataWizard 2019-12-16, Sample duration=1d, Orig. time res.=3d, Blank correction=Blank corrected, Volume std. temperature=ambient, Volume std. pressure=ambient
potassium, ug/m3, Revision date=20181210133000
numflag potassium, no unit, Revision date=20181210133000
sulphate_total, ug S/m3, Revision date=20181210133000
numflag sulphate_total, no unit, Revision date=20181210133000
0
25
Data definition:              EBAS_1.1
Set type code:                TU
Timezone:                     UTC
File name:                    US0059R.20050101070000.20191216000000.filterpack..pm25.52w.1w.US03L_filterpack_US0059.US03L_IMPROVE_Davis.lev2.nas
File creation:                20191218115907
Startdate:                    20050101070000
Revision date:                20191216000000
Statistics:                   arithmetic mean
Data level:                   2
Period code:                  52w
Resolution code:              1w
Station code:                 US0059R
Platform code:                US0059S
Station name:                 Crescent Lake
Station latitude:             41.7627
Station longitude:            -102.4336
Station altitude:             1207.0 m
Regime:                       IMG
Component:                    
Matrix:                       pm25
Laboratory code:              US03L
Instrument type:              filterpack
Instrument name:              filterpack_US0059
Method ref:                   US03L_IMPROVE_Davis
starttime endtime Fe flag_Fe Pb flag_Pb Mg++ flag_Mg++ Ni flag_Ni NO3- flag_NO3- OC flag_OC OM flag_OM PM10 flag_PM10 PM10-PM2.5 flag_PM10-PM2.5 PM2.5 flag_PM2.5 K+ flag_K+ SO4-- flag_SO4--
  0.291667   1.291667   29.04 0.000  1.33 0.000 9.999 0.259000 0.16 0.000000  0.928 0.000  0.876 0.000  1.576 0.000  18.956 0.000   5.124 0.000  13.829 0.000 0.058 0.000  1.312 0.000
  3.291667   4.291667   19.65 0.559  1.19 0.559 9.999 0.559259 0.13 0.559000  0.362 0.000  0.350 0.559  0.629 0.559   9.376 0.000   3.695 0.559   5.735 0.659 0.028 0.559  0.394 0.000
  6.291667   7.291667   13.13 0.000  1.18 0.000 9.999 0.259000 0.21 0.000000  0.116 0.000  0.478 0.559  0.860 0.559   5.072 0.000   2.103 0.000   2.968 0.000 0.015 0.000  0.237 0.000
  9.291667  10.291667   14.60 0.000  1.22 0.000 9.999 0.259000 9.99 0.259000  0.728 0.000  0.822 0.559  1.479 0.559  10.768 0.000   1.328 0.000   9.438 0.000 0.028 0.000  0.652 0.000
 12.291667  13.291667   37.79 0.559  0.49 0.559 0.011 0.559000 0.14 0.559000  0.250 0.000  0.570 0.000  1.026 0.000  10.793 0.000   6.017 0.559   4.776 0.659 0.038 0.559  0.290 0.000
 15.291667  16.291667   16.89 0.559  0.39 0.559 9.999 0.559259 9.99 0.559259  0.916 0.000  0.480 0.559  0.863 0.559  12.227 0.000   2.946 0.559   9.276 0.659 0.020 0.559  0.472 0.000
 18.291667  19.291667    8.69 0.000  0.38 0.000 9.999 0.259000 0.18 0.000000  0.062 0.559  0.134 0.000  0.241 0.000   3.493 0.000   2.197 0.000   1.295 0.000 0.009 0.000  0.136 0.559
 21.291667  22.291667    4.57 0.559  0.67 0.559 9.999 0.559259 0.29 0.559000  0.033 0.000  0.063 0.000  0.113 0.000   2.697 0.000   1.086 0.559   1.611 0.659 0.014 0.559  0.228 0.000
 24.291667  25.291667   15.43 0.000 99.99 0.259 9.999 0.259000 9.99 0.259000  0.138 0.559  0.229 0.000  0.413 0.000   3.796 0.000   2.204 0.000   1.627 0.000 0.011 0.000  0.081 0.559
 27.291667  28.291667    6.08 0.000  0.33 0.000 9.999 0.259000 9.99 0.259000  0.670 0.000  0.305 0.000  0.549 0.000  10.190 0.000   2.295 0.000   7.892 0.000 0.007 0.000  0.511 0.000
 30.291667  31.291667    8.22 0.000  0.26 0.000 9.999 0.259000 9.99 0.259000  0.184 0.000  0.146 0.000  0.262 0.000   2.881 0.000   0.976 0.000   1.905 0.000 0.005 0.000  0.146 0.000
 33.291667  34.291667   21.39 0.000  0.56 0.000 9.999 0.259000 0.19 0.000000  0.079 0.559  0.259 0.000  0.467 0.000   4.870 0.000   3.260 0.000   1.610 0.000 0.016 0.000  0.132 0.559
 36.291667  37.291667    6.67 0.000  0.56 0.000 9.999 0.259000 9.99 0.259000  0.385 0.559  0.258 0.000  0.464 0.000   6.638 0.000   1.396 0.000   5.242 0.000 0.011 0.000  0.495 0.559
 39.291667  40.291667   12.84 0.000  0.30 0.000 9.999 0.259000 0.12 0.000000  0.146 0.000  0.187 0.000  0.336 0.000   3.517 0.000   1.911 0.000   1.606 0.000 0.008 0.000  0.137 0.000
 42.291667  43.291667   42.77 0.000  0.51 0.000 9.999 0.259000 9.99 0.259000  0.176 0.000  0.300 0.000  0.540 0.000   6.047 0.000   3.754 0.000   2.292 0.000 0.029 0.000  0.155 0.000
 45.291667  46.291667   11.44 0.000  0.45 0.000 9.999 0.259000 0.09 0.000000  0.094 0.000  0.098 0.000  0.177 0.000   2.590 0.000   1.233 0.000   1.378 0.000 0.010 0.000  0.133 0.000
 48.291667  49.291667   17.97 0.000  0.52 0.000 9.999 0.259000 0.11 0.000000  0.151 0.000  0.032 0.000  0.058 0.000   4.354 0.000   2.314 0.000   2.040 0.000 0.014 0.000  0.124 0.000
 51.291667  52.291667   10.88 0.000  0.48 0.000 9.999 0.259000 0.12 0.000000  0.333 0.000  0.169 0.000  0.304 0.000   4.502 0.000   1.552 0.000   2.949 0.000 0.010 0.000  0.248 0.000
 54.291667  55.291667   23.02 0.000  0.61 0.000 9.999 0.259000 9.99 0.259000  0.030 0.000  0.141 0.000  0.253 0.000   4.949 0.000   3.651 0.000   1.297 0.000 0.015 0.000  0.087 0.000
 57.291667  58.291667   24.34 0.000  0.56 0.000 9.999 0.259000 0.09 0.000000  0.261 0.000  0.499 0.000  0.897 0.000   6.944 0.000   3.580 0.000   3.363 0.000 0.024 0.000  0.261 0.000
 60.291667  61.291667   27.59 0.000  0.55 0.000 9.999 0.259000 9.99 0.259000  0.041 0.000  0.535 0.000  0.964 0.000   6.829 0.000   4.968 0.000   1.861 0.000 0.016 0.000  0.119 0.000
 63.291667  64.291667   39.40 0.000  0.89 0.000 9.999 0.259000 9.99 0.259000  0.066 0.000  0.304 0.000  0.547 0.000  10.596 0.000   7.971 0.000   2.623 0.000 0.034 0.000  0.175 0.000
 66.291667  67.291667   15.97 0.000  0.42 0.000 9.999 0.259000 9.99 0.259000  0.016 0.000  0.160 0.000  0.287 0.000   4.907 0.000   3.376 0.000   1.589 0.000 0.012 0.000  0.116 0.000
 69.291667  70.291667   64.47 0.000  0.40 0.000 9.999 0.259000 9.99 0.259000  0.019 0.000  0.192 0.000  0.346 0.000  15.559 0.000  13.156 0.000   2.400 0.000 0.033 0.000  0.074 0.000
 72.291667  73.291667   11.55 0.000  0.50 0.000 0.008 0.000000 9.99 0.259000  0.050 0.000  0.116 0.000  0.208 0.000   2.478 0.000   1.416 0.000   1.062 0.000 0.009 0.000  0.160 0.000
 75.291667  76.291667   59.63 0.000  1.87 0.000 9.999 0.259000 9.99 0.259000  0.078 0.000  0.215 0.000  0.388 0.000  14.795 0.000  11.493 0.000   3.302 0.000 0.043 0.000  0.292 0.000
 78.291667  79.291667   40.37 0.000  1.58 0.000 9.999 0.259000 9.99 0.259000  1.005 0.000  2.104 0.000  3.787 0.000  19.948 0.000   5.739 0.000  14.204 0.000 0.067 0.000  0.796 0.000
 81.291667  82.291667    4.44 0.000  0.82 0.000 9.999 0.259000 9.99 0.259000  0.560 0.000  0.351 0.000  0.633 0.000   7.394 0.000   0.432 0.000   6.960 0.000 0.009 0.000  0.688 0.000
 84.291667  85.291667    8.02 0.000  0.72 0.000 0.009 0.000000 9.99 0.259000  0.834 0.000  0.280 0.000  0.503 0.000   8.879 0.000   0.944 0.000   7.931 0.000 0.009 0.000  0.846 0.000
 87.291667  88.291667   15.05 0.000  0.40 0.000 9.999 0.259000 9.99 0.259000  0.029 0.000  0.197 0.000  0.354 0.000   2.608 0.000   1.245 0.000   1.381 0.000 0.012 0.000  0.126 0.000
 90.291667  91.291667   10.40 0.000  0.80 0.000 9.999 0.259000 9.99 0.259000  0.096 0.000  0.139 0.000  0.249 0.000   3.359 0.000   1.856 0.000   1.502 0.000 0.010 0.000  0.206 0.000
 93.291667  94.291667   38.00 0.000  0.92 0.000 9.999 0.259000 9.99 0.259000  0.106 0.000  0.524 0.000  0.943 0.000   6.981 0.000   4.056 0.000   2.924 0.000 0.031 0.000  0.182 0.000
 96.291667  97.291667   48.92 0.000  3.55 0.000 0.009 0.000000 9.99 0.259000  0.067 0.000  0.299 0.000  0.538 0.000  10.002 0.000   5.522 0.000   4.479 0.000 0.052 0.000  0.546 0.000
 99.291667 100.291667    7.54 0.000 99.99 0.259 9.999 0.259000 9.99 0.259000  0.022 0.000  0.076 0.000  0.137 0.000   1.962 0.000   0.777 0.000   1.186 0.000 0.008 0.000  0.153 0.000
102.291667 103.291667   21.23 0.000  0.87 0.000 9.999 0.259000 0.16 0.000000  0.099 0.000  0.241 0.000  0.434 0.000   3.740 0.000   1.422 0.000   2.317 0.000 0.017 0.000  0.275 0.000
105.291667 106.291667   50.88 0.000  1.43 0.000 9.999 0.259000 0.43 0.000000  0.104 0.000  1.519 0.000  2.734 0.000  11.496 0.000   6.899 0.000   4.595 0.000 0.051 0.000  0.437 0.000
108.291667 109.291667   96.06 0.394  2.00 0.394 9.999 0.394259 0.14 0.394000  0.076 0.394  0.989 0.000  1.780 0.000  12.322 0.000   5.582 0.000   6.810 0.000 0.080 0.394  0.678 0.394
111.291667 112.291667   29.08 0.000  0.41 0.000 0.007 0.000000 0.24 0.000000  0.099 0.000  0.867 0.000  1.561 0.000   7.554 0.000   3.418 0.000   4.172 0.000 0.048 0.000  0.459 0.000
114.291667 115.291667   35.33 0.000  1.05 0.000 9.999 0.259000 9.99 0.259000  0.067 0.000  0.430 0.000  0.774 0.000   7.674 0.000   4.424 0.000   3.250 0.000 0.041 0.000  0.267 0.000
117.291667 118.291667    8.08 0.000  0.66 0.000 9.999 0.259000 0.36 0.000000  0.007 0.000  0.099 0.000  0.179 0.000   1.853 0.000   1.057 0.000   0.796 0.000 0.007 0.000  0.108 0.000
120.291667 121.291667    7.70 0.000  0.28 0.000 9.999 0.259000 0.12 0.000000  0.033 0.000  0.150 0.000  0.271 0.000   3.260 0.000   1.181 0.000   2.078 0.000 0.005 0.000  0.358 0.000
123.291667 124.291667   22.25 0.000  1.24 0.000 9.999 0.259000 9.99 0.259000  0.291 0.000  0.346 0.000  0.624 0.000   5.415 0.000   1.965 0.000   3.449 0.000 0.016 0.000  0.470 0.000
126.291667 127.291667   40.65 0.000  0.60 0.000 0.013 0.000000 0.19 0.000000  0.026 0.000  0.171 0.000  0.308 0.000   5.744 0.000   3.399 0.000   2.347 0.000 0.026 0.000  0.235 0.000
129.291667 130.291667   17.90 0.000  1.11 0.000 9.999 0.259000 9.99 0.259000  0.241 0.000  0.248 0.000  0.446 0.000   6.339 0.000   2.415 0.000   3.952 0.000 0.017 0.000  0.420 0.000
132.291667 133.291667   32.28 0.000  0.63 0.000 9.999 0.259000 9.99 0.259000  0.050 0.000 99.999 0.259 99.999 0.259   4.091 0.000   2.270 0.000   1.821 0.000 0.021 0.000  0.210 0.000
135.291667 136.291667   96.72 0.000  1.26 0.000 0.019 0.000000 9.99 0.259000  0.049 0.000  0.496 0.000  0.892 0.000   9.614 0.000   4.972 0.000   4.640 0.000 0.059 0.000  0.386 0.000
138.291667 139.291667   40.38 0.000  0.69 0.000 0.011 0.000000 9.99 0.259000  0.016 0.000  0.331 0.000  0.597 0.000   7.880 0.000   5.605 0.000   2.275 0.000 0.026 0.000  0.151 0.000
141.291667 142.291667   32.10 0.000  0.57 0.000 9.999 0.259000 9.99 0.259000  0.018 0.000  0.400 0.000  0.719 0.000  10.255 0.000   8.060 0.000   2.194 0.000 0.021 0.000  0.153 0.000
144.291667 145.291667   14.93 0.000  0.62 0.000 0.007 0.000000 0.28 0.000000  0.020 0.000  0.053 0.000  0.095 0.000   3.786 0.000   2.022 0.000   1.764 0.000 0.010 0.000  0.159 0.000
147.291667 148.291667   32.46 0.000  0.41 0.000 9.999 0.259000 9.99 0.259000  0.015 0.000  0.362 0.000  0.651 0.000   8.486 0.000   5.849 0.000   2.636 0.000 0.018 0.000  0.195 0.000
150.291667 151.291667    6.98 0.000 99.99 0.259 9.999 0.259000 9.99 0.259000  0.030 0.000  0.218 0.000  0.392 0.000   1.776 0.000   0.321 0.000   1.460 0.000 0.004 0.000  0.058 0.000
153.291667 154.291667   17.07 0.000  0.75 0.000 9.999 0.259000 0.08 0.000000  0.052 0.000  0.309 0.000  0.556 0.000   5.140 0.000   2.844 0.000   2.295 0.000 0.014 0.000  0.239 0.000
156.291667 157.291667   36.34 0.000  0.50 0.000 9.999 0.259000 9.99 0.259000  0.036 0.000  0.827 0.000  1.488 0.000  15.183 0.000  10.274 0.000   4.908 0.000 0.037 0.000  0.420 0.000
159.291667 160.291667   20.72 0.000  0.66 0.000 9.999 0.259000 9.99 0.259000  0.033 0.000  0.337 0.000  0.606 0.000   6.890 0.000   4.513 0.000   2.377 0.000 0.017 0.000  0.201 0.000
162.291667 163.291667    9.20 0.000  0.70 0.000 9.999 0.259000 9.99 0.259000  0.039 0.000  0.479 0.000  0.862 0.000   3.926 0.000   2.245 0.000   1.682 0.000 0.010 0.000  0.182 0.000
165.291667 166.291667 9999.99 0.999 99.99 0.999 9.999 0.999000 9.99 0.999000 99.999 0.999 99.999 0.999 99.999 0.999 999.999 0.999 999.999 0.999 999.999 0.999 9.999 0.999 99.999 0.999
168.291667 169.291667 9999.99 0.999 99.99 0.999 9.999 0.999000 9.99 0.999000 99.999 0.999 99.999 0.999 99.999 0.999 999.999 0.999 999.999 0.999 999.999 0.999 9.999 0.999 99.999 0.999
171.291667 172.291667   39.07 0.000  0.56 0.000 9.999 0.259000 9.99 0.259000  0.052 0.000  1.364 0.000  2.454 0.000  18.631 0.000  13.144 0.000   5.705 0.000 0.042 0.000  0.542 0.000
174.291667 175.291667   40.56 0.000  0.71 0.000 9.999 0.259000 0.08 0.000000  0.028 0.000  1.303 0.000  2.346 0.000  14.677 0.000   8.982 0.000   5.694 0.000 0.041 0.000  0.494 0.000
177.291667 178.291667   13.87 0.000  0.55 0.000 0.005 0.000000 9.99 0.259000  0.014 0.000  0.782 0.000  1.408 0.000   9.856 0.000   6.577 0.000   3.278 0.000 0.036 0.000  0.314 0.000
180.291667 181.291667   11.22 0.000  0.38 0.000 9.999 0.259000 0.10 0.000000  0.011 0.000  0.465 0.000  0.836 0.000   6.714 0.000   4.405 0.000   2.308 0.000 0.012 0.000  0.204 0.000
183.291667 184.291667   23.73 0.000  0.50 0.000 9.999 0.259000 9.99 0.259000  0.011 0.000  0.787 0.000  1.416 0.000   9.833 0.000   7.014 0.000   2.820 0.000 0.026 0.000  0.183 0.000
186.291667 187.291667   28.96 0.000  0.18 0.000 9.999 0.259000 9.99 0.259000  0.023 0.000  0.732 0.000  1.318 0.000  12.579 0.000   9.282 0.000   3.295 0.000 0.042 0.000  0.228 0.000
189.291667 190.291667  109.53 0.000  0.93 0.000 9.999 0.259000 9.99 0.259000  0.106 0.000  2.054 0.000  3.697 0.000  37.434 0.000  28.324 0.000   9.417 0.000 0.109 0.000  0.686 0.000
192.291667 193.291667   34.49 0.000  0.51 0.000 9.999 0.259000 9.99 0.259000  0.045 0.000  1.369 0.000  2.465 0.000  14.047 0.000   6.736 0.000   7.446 0.000 0.042 0.000  0.752 0.000
195.291667 196.291667   80.72 0.000  1.16 0.000 9.999 0.259000 0.07 0.000000  0.061 0.000  1.448 0.000  2.607 0.000  28.342 0.000  19.119 0.000   9.221 0.000 0.117 0.000  0.865 0.000
198.291667 199.291667   27.84 0.000 99.99 0.259 0.007 0.000000 9.99 0.259000  0.014 0.000  0.586 0.000  1.055 0.000  12.453 0.000   9.456 0.000   2.996 0.000 0.024 0.000  0.182 0.000
201.291667 202.291667   95.87 0.000  0.15 0.000 9.999 0.259000 9.99 0.259000  0.044 0.000  1.722 0.000  3.100 0.000  29.350 0.000  21.997 0.000   7.354 0.000 0.134 0.000  0.411 0.000
204.291667 205.291667   25.18 0.000  0.22 0.000 9.999 0.259000 9.99 0.259000  0.025 0.000  1.082 0.000  1.948 0.000  10.489 0.000   6.059 0.000   4.429 0.000 0.064 0.000  0.331 0.000
207.291667 208.291667   23.82 0.000  0.38 0.000 9.999 0.259000 0.07 0.000000 99.999 0.999  0.560 0.000  1.007 0.000   7.571 0.000   4.514 0.000   3.056 0.000 0.017 0.000 99.999 0.999
210.291667 211.291667   44.27 0.000  0.24 0.000 9.999 0.259000 9.99 0.259000  0.020 0.000  0.929 0.000  1.672 0.000  18.707 0.000  13.744 0.000   4.972 0.000 0.043 0.000  0.285 0.000
213.291667 214.291667   73.30 0.000  0.30 0.000 0.011 0.000000 9.99 0.259000  0.021 0.000  0.777 0.000  1.398 0.000  19.172 0.000  14.944 0.000   4.311 0.000 0.046 0.000  0.285 0.000
216.291667 217.291667   27.13 0.000  0.58 0.000 9.999 0.259000 9.99 0.259000  0.062 0.000  1.031 0.000  1.856 0.000  10.660 0.000   6.920 0.000   3.740 0.000 0.024 0.000  0.209 0.000
219.291667 220.291667   41.12 0.000  0.20 0.000 9.999 0.259000 9.99 0.259000  0.037 0.000  1.024 0.000  1.844 0.000  15.519 0.000   8.675 0.000   6.843 0.000 0.037 0.000  0.742 0.000
222.291667 223.291667   14.22 0.000  0.08 0.000 9.999 0.259000 9.99 0.259000  0.034 0.000  0.648 0.000  1.167 0.000 999.999 0.456 999.999 0.999   2.625 0.000 0.015 0.000  0.175 0.000
225.291667 226.291667    8.19 0.000  0.36 0.000 9.999 0.259000 9.99 0.259000  0.117 0.000  0.630 0.000  1.134 0.000   6.967 0.000   3.383 0.000   3.584 0.000 0.011 0.000  0.426 0.000
228.291667 229.291667   16.87 0.000  0.27 0.000 9.999 0.259000 9.99 0.259000  0.062 0.000  0.801 0.000  1.441 0.000   9.517 0.000   6.052 0.000   3.464 0.000 0.018 0.000  0.281 0.000
231.291667 232.291667   24.18 0.000  0.22 0.000 9.999 0.259000 9.99 0.259000  0.027 0.000  0.907 0.000  1.633 0.000   8.717 0.000   4.552 0.000   4.163 0.000 0.035 0.000  0.330 0.000
234.291667 235.291667   12.34 0.000  0.24 0.000 9.999 0.259000 9.99 0.259000  0.098 0.000  0.407 0.000  0.733 0.000   6.485 0.000   3.659 0.000   2.837 0.000 0.012 0.000  0.294 0.000
237.291667 238.291667   24.14 0.000  0.10 0.000 9.999 0.259000 9.99 0.259000  0.045 0.000  0.613 0.000  1.103 0.000   7.473 0.000   4.068 0.000   3.404 0.000 0.023 0.000  0.277 0.000
240.291667 241.291667   31.73 0.000  0.12 0.000 9.999 0.259000 9.99 0.259000  0.034 0.000  2.280 0.000  4.105 0.000  13.924 0.000   7.411 0.000   6.511 0.000 0.057 0.000  0.239 0.000
243.291667 244.291667   44.09 0.000  0.52 0.000 9.999 0.259000 9.99 0.259000  0.025 0.000  1.422 0.000  2.559 0.000  16.496 0.000  11.980 0.000   4.515 0.000 0.037 0.000  0.127 0.000
246.291667 247.291667   52.69 0.000  0.78 0.000 9.999 0.259000 9.99 0.259000  0.061 0.000  1.618 0.000  2.912 0.000  20.911 0.000  11.778 0.000   9.139 0.000 0.045 0.000  1.076 0.000
249.291667 250.291667   30.22 0.000  1.13 0.000 9.999 0.259000 0.12 0.000000  0.235 0.000  2.145 0.000  3.861 0.000  17.116 0.000   4.861 0.000  12.252 0.000 0.038 0.000  1.499 0.000
252.291667 253.291667   49.09 0.000  0.99 0.000 9.999 0.259000 9.99 0.259000  0.037 0.000  0.887 0.000  1.597 0.000  23.183 0.000  15.878 0.000   7.306 0.000 0.040 0.000  0.942 0.000
255.291667 256.291667    9.78 0.000  0.32 0.000 0.008 0.000000 9.99 0.259000  0.017 0.000  0.578 0.000  1.040 0.000   4.635 0.000   2.508 0.000   2.139 0.000 0.012 0.000  0.117 0.000
258.291667 259.291667   50.12 0.000  0.63 0.000 9.999 0.259000 9.99 0.259000  0.054 0.000  1.201 0.000  2.161 0.000  24.140 0.000  18.601 0.000   5.538 0.000 0.155 0.000  0.359 0.000
