scripts/IMPROVE-2019_partial/data/US0017R.20130101070000.20191216000000.filterpack...52w.3d.US03L_filterpack_US0017.US03L_IMPROVE_Davis.lev2.nas
51 1001
MISSING INFORMATION
US03L, IMPROVE, , , , , , , 
MISSING INFORMATION
IMPROVE sel_HTAP
1 1
2013 01 01 2019 12 16
3.000000
days from file reference point
4
1 1 1 1
999.999999 999.999 999.999 9.999
end_time of measurement, days from the file reference point
pm10_mass, ug/m3, Matrix=pm10
pm25_mass, ug/m3, Matrix=pm25
numflag, no unit
0
33
Data definition:              EBAS_1.1
Set type code:                TU
Timezone:                     UTC
File name:                    US0017R.20130101070000.20191216000000.filterpack...52w.3d.US03L_filterpack_US0017.US03L_IMPROVE_Davis.lev2.nas
File creation:                20191218115631
Startdate:                    20130101070000
Revision date:                20191216000000
Version:                      2
Version description:          "Data extracted from http://views.cira.colostate.edu/fed/DataWizard 2019-12-16"
Statistics:                   arithmetic mean
Data level:                   2
Period code:                  52w
Resolution code:              3d
Sample duration:              1d
Orig. time res.:              3d
Station code:                 US0017R
Platform code:                US0017S
Station name:                 Douglas
Station latitude:             31.3492
Station longitude:            -109.5397
Station altitude:             1230.0 m
Regime:                       IMG
Component:                    
Unit:                         ug/m3
Matrix:                       
Laboratory code:              US03L
Instrument type:              filterpack
Instrument name:              filterpack_US0017
Method ref:                   US03L_IMPROVE_Davis
Blank correction:             Blank corrected
Volume std. temperature:      ambient
Volume std. pressure:         ambient
starttime endtime PM10 PM2.5 flag
  0.291667   1.291667  15.582   8.394 0.000
  3.291667   4.291667   8.674   4.410 0.000
  6.291667   7.291667  13.718   4.365 0.000
  9.291667  10.291667  26.141   7.960 0.000
 12.291667  13.291667  13.278   4.359 0.000
 15.291667  16.291667  14.936   4.044 0.000
 18.291667  19.291667  22.205   5.806 0.000
 21.291667  22.291667  32.052   7.633 0.000
 24.291667  25.291667 999.999 999.999 0.999
 27.291667  28.291667   9.873   3.221 0.000
 30.291667  31.291667 999.999 999.999 0.456
 33.291667  34.291667 999.999 999.999 0.456
 36.291667  37.291667  29.243   6.152 0.000
 39.291667  40.291667  19.716   4.299 0.000
 42.291667  43.291667  17.004   3.477 0.000
 45.291667  46.291667  14.112   4.285 0.000
 48.291667  49.291667  35.456   7.830 0.000
 51.291667  52.291667  13.522   3.667 0.000
 54.291667  55.291667  28.023   5.003 0.000
 57.291667  58.291667  18.537   4.196 0.000
 60.291667  61.291667  30.823   6.476 0.000
 63.291667  64.291667  32.235   6.226 0.000
 66.291667  67.291667  36.365   6.679 0.000
 69.291667  70.291667  14.278   3.722 0.000
 72.291667  73.291667  16.567   6.107 0.000
 75.291667  76.291667  23.216   5.670 0.000
 78.291667  79.291667  28.359   9.325 0.000
 81.291667  82.291667  22.295   9.045 0.000
 84.291667  85.291667  33.426   9.236 0.000
 87.291667  88.291667  25.293   8.206 0.000
 90.291667  91.291667  21.859   6.086 0.000
 93.291667  94.291667  39.670   9.565 0.000
 96.291667  97.291667  31.796   8.057 0.000
 99.291667 100.291667  30.680   9.235 0.000
102.291667 103.291667  23.712   5.663 0.000
105.291667 106.291667  37.593   7.392 0.000
108.291667 109.291667  34.136  10.535 0.000
111.291667 112.291667  38.157  10.160 0.000
114.291667 115.291667  44.679  10.978 0.000
117.291667 118.291667  26.283   6.972 0.000
120.291667 121.291667  35.472  11.123 0.000
123.291667 124.291667  66.343  18.985 0.000
126.291667 127.291667  29.594   5.818 0.000
129.291667 130.291667  40.810  10.474 0.000
132.291667 133.291667  28.755   6.078 0.000
135.291667 136.291667  40.151  11.611 0.000
138.291667 139.291667  26.293   7.796 0.000
141.291667 142.291667 999.999 999.999 0.999
144.291667 145.291667 999.999 999.999 0.999
147.291667 148.291667 999.999 999.999 0.999
150.291667 151.291667 999.999 999.999 0.999
153.291667 154.291667 999.999 999.999 0.999
156.291667 157.291667  34.543  10.309 0.000
159.291667 160.291667  20.565   9.176 0.000
162.291667 163.291667  38.193  12.173 0.000
165.291667 166.291667  38.652  14.230 0.000
168.291667 169.291667  44.756  16.132 0.000
171.291667 172.291667  51.890  19.734 0.000
174.291667 175.291667  51.478  22.695 0.000
177.291667 178.291667  44.181  11.039 0.000
180.291667 181.291667  83.984  20.444 0.000
183.291667 184.291667  34.774   6.466 0.000
186.291667 187.291667  18.539   5.997 0.000
189.291667 190.291667  14.317   5.765 0.000
192.291667 193.291667   6.750   2.810 0.000
195.291667 196.291667  20.970   6.844 0.000
198.291667 199.291667   8.571   2.336 0.000
201.291667 202.291667  11.245   5.472 0.000
204.291667 205.291667   8.492   4.137 0.000
207.291667 208.291667  17.630   4.818 0.000
210.291667 211.291667  15.924   5.343 0.000
213.291667 214.291667  17.390   5.439 0.000
216.291667 217.291667   7.766   3.306 0.000
219.291667 220.291667  31.182   8.784 0.000
222.291667 223.291667  19.076   8.962 0.000
225.291667 226.291667  19.105   7.587 0.000
228.291667 229.291667  26.494   8.008 0.000
231.291667 232.291667  16.853   5.815 0.000
234.291667 235.291667  18.086   6.493 0.000
237.291667 238.291667  15.638   6.380 0.000
240.291667 241.291667   8.133   3.491 0.000
243.291667 244.291667  47.473   7.341 0.000
246.291667 247.291667  31.399   6.584 0.000
249.291667 250.291667  10.803   5.007 0.000
252.291667 253.291667  10.208   3.594 0.000
255.291667 256.291667  19.709   4.734 0.000
258.291667 259.291667  23.651   4.210 0.000
261.291667 262.291667  32.445   6.324 0.000
264.291667 265.291667  19.412   4.660 0.000
267.291667 268.291667  34.202   7.780 0.000
270.291667 271.291667  25.050   5.620 0.000
273.291667 274.291667  39.997   8.074 0.000
276.291667 277.291667  32.670   7.788 0.000
279.291667 280.291667  45.727   9.104 0.000
282.291667 283.291667  54.525  11.277 0.000
285.291667 286.291667  31.368   7.029 0.000
288.291667 289.291667  30.033   8.203 0.000
291.291667 292.291667  37.277   8.480 0.000
294.291667 295.291667  29.597   6.032 0.000
297.291667 298.291667  51.226  12.689 0.000
300.291667 301.291667  45.760   7.885 0.000
303.291667 304.291667  30.564   6.700 0.000
306.291667 307.291667  15.809   3.075 0.000
309.291667 310.291667  22.804   5.838 0.000
312.291667 313.291667  28.098   6.181 0.000
315.291667 316.291667  57.513   8.503 0.000
318.291667 319.291667  37.224   9.153 0.000
321.291667 322.291667  37.732   7.096 0.000
324.291667 325.291667  36.195   6.427 0.000
327.291667 328.291667   5.803   2.721 0.000
330.291667 331.291667  10.331   2.966 0.000
333.291667 334.291667  27.548   6.697 0.000
336.291667 337.291667  27.256   5.132 0.000
339.291667 340.291667  13.907   4.400 0.000
342.291667 343.291667  17.120   4.107 0.000
345.291667 346.291667  10.746   4.648 0.000
348.291667 349.291667   8.146   4.121 0.000
351.291667 352.291667 999.999 999.999 0.999
354.291667 355.291667   9.518   3.719 0.000
357.291667 358.291667  15.623   4.488 0.000
360.291667 361.291667 999.999 999.999 0.999
363.291667 364.291667 999.999 999.999 0.999
