scripts/IMPROVE-2019_partial/data/US0095R.20030103070000.20191216000000.filterpack..pm25.1y.1w.US03L_filterpack_US0095.US03L_IMPROVE_Davis.lev2.nas
64 1001
MISSING INFORMATION
US03L, IMPROVE, , , , , , , 
MISSING INFORMATION
IMPROVE sel_HTAP
1 1
2003 01 01 2019 12 16
3.000000
days from file reference point
25
1 1 1 1 1 1 1 1 1 1 1 1 1 1 1 1 1 1 1 1 1 1 1 1 1
999.999999 9999.99 9.999 99.99 9.999 9.999 9.999999 99.99 9.999999 9.999 9.999 99.999 9.999 999.999 9.999 999.999 9.999 999.999 9.999 999.999 9.999 9.999 9.999 9.999 9.999
end_time of measurement, days from the file reference point
iron, ng/m3, Revision date=20181210133000
numflag iron, no unit, Revision date=20181210133000
lead, ng/m3, Revision date=20181210133000
numflag lead, no unit, Revision date=20181210133000
magnesium, ug/m3, Revision date=20181210133000
numflag magnesium, no unit, Revision date=20181210133000
nickel, ng/m3, Revision date=20181210133000
numflag nickel, no unit, Revision date=20181210133000
nitrate, ug N/m3, Revision date=20181210133000
numflag nitrate, no unit, Revision date=20181210133000
organic_carbon, ug C/m3, Revision date=20181210133000
numflag organic_carbon, no unit, Revision date=20181210133000
organic_mass, ug/m3, Revision date=20181210133000
numflag organic_mass, no unit, Revision date=20181210133000
pm10_mass, ug/m3, Version=2, Version description=Data extracted from http://views.cira.colostate.edu/fed/DataWizard 2019-12-16, Sample duration=1d, Orig. time res.=3d, Matrix=pm10, Blank correction=Blank corrected, Volume std. temperature=ambient, Volume std. pressure=ambient
numflag pm10_mass, no unit, Version=2, Version description=Data extracted from http://views.cira.colostate.edu/fed/DataWizard 2019-12-16, Sample duration=1d, Orig. time res.=3d, Matrix=pm10, Blank correction=Blank corrected, Volume std. temperature=ambient, Volume std. pressure=ambient
pm10_pm25_mass, ug/m3, Revision date=20181210133000, Matrix=pm10_pm25
numflag pm10_pm25_mass, no unit, Revision date=20181210133000, Matrix=pm10_pm25
pm25_mass, ug/m3, Version=2, Version description=Data extracted from http://views.cira.colostate.edu/fed/DataWizard 2019-12-16, Sample duration=1d, Orig. time res.=3d, Blank correction=Blank corrected, Volume std. temperature=ambient, Volume std. pressure=ambient
numflag pm25_mass, no unit, Version=2, Version description=Data extracted from http://views.cira.colostate.edu/fed/DataWizard 2019-12-16, Sample duration=1d, Orig. time res.=3d, Blank correction=Blank corrected, Volume std. temperature=ambient, Volume std. pressure=ambient
potassium, ug/m3, Revision date=20181210133000
numflag potassium, no unit, Revision date=20181210133000
sulphate_total, ug S/m3, Revision date=20181210133000
numflag sulphate_total, no unit, Revision date=20181210133000
0
25
Data definition:              EBAS_1.1
Set type code:                TU
Timezone:                     UTC
File name:                    US0095R.20030103070000.20191216000000.filterpack..pm25.1y.1w.US03L_filterpack_US0095.US03L_IMPROVE_Davis.lev2.nas
File creation:                20191218120150
Startdate:                    20030103070000
Revision date:                20191216000000
Statistics:                   arithmetic mean
Data level:                   2
Period code:                  1y
Resolution code:              1w
Station code:                 US0095R
Platform code:                US0095S
Station name:                 Petrified Forest NP
Station latitude:             35.0777
Station longitude:            -109.7692
Station altitude:             1766.0 m
Regime:                       IMG
Component:                    
Matrix:                       pm25
Laboratory code:              US03L
Instrument type:              filterpack
Instrument name:              filterpack_US0095
Method ref:                   US03L_IMPROVE_Davis
starttime endtime Fe flag_Fe Pb flag_Pb Mg++ flag_Mg++ Ni flag_Ni NO3- flag_NO3- OC flag_OC OM flag_OM PM10 flag_PM10 PM10-PM2.5 flag_PM10-PM2.5 PM2.5 flag_PM2.5 K+ flag_K+ SO4-- flag_SO4--
[from data line 88]
266.291667 267.291667  786.21 0.699  2.17 0.699 9.999 0.699259  0.07 0.699000 0.062 0.559  1.046 0.000   1.464 0.000  68.050 0.000  42.295 0.000  25.755 0.699 0.547 0.699 0.167 0.559
269.291667 270.291667   46.71 0.699  0.32 0.699 9.999 0.699259  0.04 0.699000 0.022 0.559  1.549 0.000   2.168 0.000   9.028 0.000   4.008 0.000   5.019 0.699 0.051 0.699 0.123 0.559
272.291667 273.291667   46.45 0.000  0.71 0.000 9.999 0.259000  0.04 0.000000 0.017 0.559  0.781 0.000   1.094 0.000   7.889 0.000   4.335 0.000   3.555 0.000 0.025 0.000 0.202 0.559
275.291667 276.291667   36.06 0.000  0.24 0.000 9.999 0.259000  0.09 0.000000 0.020 0.559  0.558 0.000   0.781 0.000   4.931 0.000   1.823 0.000   3.108 0.000 0.024 0.000 0.171 0.559
278.291667 279.291667   23.35 0.000  0.45 0.000 9.999 0.259000  0.07 0.000000 0.026 0.559  0.611 0.000   0.856 0.000   6.822 0.000   2.978 0.000   3.844 0.000 0.014 0.000 0.327 0.559
281.291667 282.291667   35.25 0.000  0.27 0.000 9.999 0.259000  0.06 0.000000 0.015 0.559  0.946 0.000   1.325 0.000   5.882 0.000   2.031 0.000   3.851 0.000 0.013 0.000 0.242 0.559
284.291667 285.291667   65.79 0.000  0.36 0.000 9.999 0.259000 99.99 0.259000 0.039 0.559  0.688 0.000   0.964 0.000  12.305 0.000   7.495 0.000   4.810 0.000 0.037 0.000 0.279 0.559
287.291667 288.291667   68.82 0.699  1.12 0.699 9.999 0.699259  0.06 0.699000 0.045 0.559  1.135 0.000   1.589 0.000  11.711 0.000   6.707 0.000   5.004 0.699 0.041 0.699 0.333 0.559
290.291667 291.291667   49.88 0.559  0.61 0.559 9.999 0.559259 99.99 0.559259 0.022 0.559  1.474 0.000   2.064 0.000   8.711 0.000   4.280 0.000   4.431 0.559 0.029 0.559 0.183 0.559
293.291667 294.291667   49.46 0.699  0.48 0.699 9.999 0.699259 99.99 0.699259 0.020 0.559 99.999 0.999 999.999 0.999 999.999 0.456 999.999 0.999   4.391 0.699 0.028 0.699 0.186 0.559
296.291667 297.291667   75.97 0.000  0.55 0.000 9.999 0.259000 99.99 0.259000 0.026 0.559 99.999 0.999 999.999 0.999 999.999 0.456 999.999 0.999   5.419 0.000 0.049 0.000 0.166 0.559
299.291667 300.291667   33.80 0.000  0.26 0.000 9.999 0.259000 99.99 0.259000 0.018 0.559 99.999 0.999 999.999 0.999 999.999 0.456 999.999 0.999   2.230 0.000 0.024 0.000 0.091 0.559
302.291667 303.291667  168.86 0.699  2.62 0.699 9.999 0.699259 99.99 0.699259 0.266 0.559  7.642 0.000  10.699 0.000  45.908 0.000  25.290 0.000  20.619 0.699 0.447 0.699 0.258 0.559
305.291667 306.291667   66.13 0.699  2.22 0.699 9.999 0.699259  0.15 0.699000 0.106 0.559  2.881 0.000   4.033 0.000  13.600 0.000   3.877 0.000   9.722 0.699 0.217 0.699 0.486 0.559
308.291667 309.291667   42.96 0.000  0.61 0.000 9.999 0.259000 99.99 0.259000 0.032 0.000  0.549 0.000   0.769 0.000   4.972 0.000   2.404 0.000   2.569 0.000 0.024 0.000 0.129 0.000
311.291667 312.291667   25.43 0.000  0.44 0.000 9.999 0.259000 99.99 0.259000 0.014 0.559  0.331 0.000   0.464 0.000   2.492 0.000   1.097 0.000   1.395 0.000 0.010 0.000 0.071 0.559
314.291667 315.291667   16.27 0.000  2.93 0.000 9.999 0.259000  0.06 0.000000 0.024 0.000  0.601 0.000   0.842 0.000   2.737 0.000   0.740 0.000   1.997 0.000 0.013 0.000 0.124 0.000
317.291667 318.291667   67.31 0.000  0.93 0.000 0.030 0.000000 99.99 0.259000 0.069 0.559  0.593 0.000   0.830 0.000   7.189 0.000   3.479 0.000   3.710 0.000 0.042 0.000 0.214 0.559
320.291667 321.291667   19.50 0.000  0.46 0.000 9.999 0.259000  0.05 0.000000 0.214 0.000  0.429 0.000   0.601 0.000   3.287 0.000   1.136 0.000   2.151 0.000 0.011 0.000 0.166 0.000
323.291667 324.291667   27.57 0.000  0.73 0.000 9.999 0.259000 99.99 0.259000 0.014 0.000  0.550 0.000   0.770 0.000   3.534 0.000   1.759 0.000   1.775 0.000 0.011 0.000 0.056 0.000
326.291667 327.291667    9.56 0.000  0.30 0.000 0.033 0.000000  0.05 0.000000 0.036 0.559  0.321 0.000   0.449 0.000   3.202 0.000   1.900 0.000   1.302 0.000 0.010 0.000 0.091 0.559
329.291667 330.291667   38.63 0.559  1.46 0.559 9.999 0.559259 99.99 0.559259 0.161 0.000  0.422 0.000   0.590 0.000   8.177 0.000   5.775 0.000   2.403 0.559 0.025 0.559 0.137 0.000
332.291667 333.291667   36.24 0.000  0.64 0.000 9.999 0.259000 99.99 0.259000 0.020 0.559  0.530 0.000   0.742 0.000   4.561 0.000   2.490 0.000   2.071 0.000 0.013 0.000 0.098 0.559
335.291667 336.291667   42.26 0.559  0.74 0.559 9.999 0.559259  0.07 0.559000 0.018 0.559  0.560 0.000   0.784 0.000   6.192 0.000   3.842 0.000   2.350 0.559 0.025 0.559 0.091 0.559
338.291667 339.291667   83.31 0.000  0.66 0.000 9.999 0.259000 99.99 0.259000 0.033 0.559  2.485 0.000   3.479 0.000  10.789 0.000   4.349 0.000   6.439 0.000 0.036 0.000 0.165 0.559
341.291667 342.291667   13.03 0.000  0.85 0.000 9.999 0.259000  0.12 0.000000 0.039 0.000  0.338 0.000   0.473 0.000   3.596 0.000   1.548 0.000   2.048 0.000 0.015 0.000 0.195 0.000
344.291667 345.291667   22.92 0.000  2.79 0.000 9.999 0.259000 99.99 0.259000 0.062 0.000  0.528 0.000   0.739 0.000   3.265 0.000   1.483 0.000   1.782 0.000 0.014 0.000 0.085 0.000
347.291667 348.291667   15.74 0.000  1.11 0.000 0.040 0.000000 99.99 0.259000 0.019 0.000  0.582 0.000   0.815 0.000   2.917 0.000   1.614 0.000   1.304 0.000 0.006 0.000 0.058 0.000
350.291667 351.291667   25.88 0.000  0.32 0.000 9.999 0.259000  0.05 0.000000 0.016 0.000  0.611 0.000   0.856 0.000   3.762 0.000   1.755 0.000   2.007 0.000 0.010 0.000 0.037 0.000
353.291667 354.291667   44.45 0.559  0.44 0.559 9.999 0.559259 99.99 0.559259 0.017 0.559  0.683 0.000   0.956 0.000   4.739 0.000   2.293 0.000   2.445 0.559 0.020 0.559 0.056 0.559
356.291667 357.291667   22.83 0.000  0.40 0.000 9.999 0.259000 99.99 0.259000 0.027 0.559  0.649 0.000   0.908 0.000   3.656 0.000   1.317 0.000   2.339 0.000 0.009 0.000 0.153 0.559
359.291667 360.291667   18.27 0.000  0.25 0.000 0.035 0.000000  0.07 0.000000 0.034 0.559  0.401 0.000   0.561 0.000   4.643 0.000   3.131 0.000   1.512 0.000 0.024 0.000 0.079 0.559
362.291667 363.291667   26.74 0.000  0.18 0.000 0.051 0.000000  0.05 0.000000 0.016 0.559  0.350 0.000   0.490 0.000   1.695 0.000   0.416 0.000   1.279 0.000 0.011 0.000 0.043 0.559
