scripts/IMPROVE-2019_partial/data/US0068R.20050101060000.20191216000000.filterpack..pm25.52w.1w.US03L_filterpack_US0068.US03L_IMPROVE_Davis.lev2.nas
64 1001
MISSING INFORMATION
US03L, IMPROVE, , , , , , , 
MISSING INFORMATION
IMPROVE sel_HTAP
1 1
2005 01 01 2019 12 16
3.00
days from file reference point
25
1 1 1 1 1 1 1 1 1 1 1 1 1 1 1 1 1 1 1 1 1 1 1 1 1
999.99 9999.99 9.999 99.99 9.999 9.999 9.999999 9.99 9.999999 99.999 9.999 999.999 9.999 999.999 9.999 999.999 9.999 999.999 9.999 999.999 9.999 9.999 9.999 99.999 9.999
end_time of measurement, days from the file reference point
iron, ng/m3, Revision date=20181210133000
numflag iron, no unit, Revision date=20181210133000
lead, ng/m3, Revision date=20181210133000
numflag lead, no unit, Revision date=20181210133000
magnesium, ug/m3, Revision date=20181210133000
numflag magnesium, no unit, Revision date=20181210133000
nickel, ng/m3, Revision date=20181210133000
numflag nickel, no unit, Revision date=20181210133000
nitrate, ug N/m3, Revision date=20181210133000
numflag nitrate, no unit, Revision date=20181210133000
organic_carbon, ug C/m3, Revision date=20181210133000
numflag organic_carbon, no unit, Revision date=20181210133000
organic_mass, ug/m3, Revision date=20181210133000
numflag organic_mass, no unit, Revision date=20181210133000
pm10_mass, ug/m3, Version=2, Version description=Data extracted from http://views.cira.colostate.edu/fed/DataWizard 2019-12-16, Sample duration=1d, Orig. time res.=3d, Matrix=pm10, Blank correction=Blank corrected, Volume std. temperature=ambient, Volume std. pressure=ambient
numflag pm10_mass, no unit, Version=2, Version description=Data extracted from http://views.cira.colostate.edu/fed/DataWizard 2019-12-16, Sample duration=1d, Orig. time res.=3d, Matrix=pm10, Blank correction=Blank corrected, Volume std. temperature=ambient, Volume std. pressure=ambient
pm10_pm25_mass, ug/m3, Revision date=20181210133000, Matrix=pm10_pm25
numflag pm10_pm25_mass, no unit, Revision date=20181210133000, Matrix=pm10_pm25
pm25_mass, ug/m3, Version=2, Version description=Data extracted from http://views.cira.colostate.edu/fed/DataWizard 2019-12-16, Sample duration=1d, Orig. time res.=3d, Blank correction=Blank corrected, Volume std. temperature=ambient, Volume std. pressure=ambient
numflag pm25_mass, no unit, Version=2, Version description=Data extracted from http://views.cira.colostate.edu/fed/DataWizard 2019-12-16, Sample duration=1d, Orig. time res.=3d, Blank correction=Blank corrected, Volume std. temperature=ambient, Volume std. pressure=ambient
potassium, ug/m3, Revision date=20181210133000
numflag potassium, no unit, Revision date=20181210133000
sulphate_total, ug S/m3, Revision date=20181210133000
numflag sulphate_total, no unit, Revision date=20181210133000
0
25
Data definition:              EBAS_1.1
Set type code:                TU
Timezone:                     UTC
File name:                    US0068R.20050101060000.20191216000000.filterpack..pm25.52w.1w.US03L_filterpack_US0068.US03L_IMPROVE_Davis.lev2.nas
File creation:                20191218115952
Startdate:                    20050101060000
Revision date:                20191216000000
Statistics:                   arithmetic mean
Data level:                   2
Period code:                  52w
Resolution code:              1w
Station code:                 US0068R
Platform code:                US0068S
Station name:                 Cherokee Nation
Station latitude:             36.9562
Station longitude:            -97.0313
Station altitude:             342.0 m
Regime:                       IMG
Component:                    
Matrix:                       pm25
Laboratory code:              US03L
Instrument type:              filterpack
Instrument name:              filterpack_US0068
Method ref:                   US03L_IMPROVE_Davis
starttime endtime Fe flag_Fe Pb flag_Pb Mg++ flag_Mg++ Ni flag_Ni NO3- flag_NO3- OC flag_OC OM flag_OM PM10 flag_PM10 PM10-PM2.5 flag_PM10-PM2.5 PM2.5 flag_PM2.5 K+ flag_K+ SO4-- flag_SO4--
  0.25   1.25    9.41 0.000  1.38 0.000 9.999 0.259000 0.31 0.000000  0.226 0.000   0.714 0.000   1.286 0.000  11.207 0.000   4.323 0.000   6.883 0.000 0.090 0.000  1.133 0.000
  3.25   4.25    4.25 0.000  1.90 0.000 9.999 0.259000 9.99 0.259000  0.456 0.000   0.229 0.000   0.412 0.000   6.194 0.000   0.705 0.000   5.490 0.000 0.009 0.000  0.584 0.000
  6.25   7.25   30.94 0.000  1.69 0.000 9.999 0.259000 0.42 0.000000  0.666 0.000   0.908 0.000   1.634 0.000   9.507 0.000   0.971 0.000   8.534 0.000 0.039 0.000  0.576 0.000
  9.25  10.25   10.62 0.000  2.68 0.000 9.999 0.259000 0.18 0.000000  0.917 0.000   0.929 0.000   1.673 0.000  11.249 0.000   1.303 0.000   9.945 0.000 0.030 0.000  0.566 0.000
 12.25  13.25   20.30 0.000  0.71 0.000 9.999 0.259000 9.99 0.259000  0.809 0.000   0.833 0.000   1.499 0.000  10.804 0.000   2.679 0.000   8.125 0.000 0.031 0.000  0.402 0.000
 15.25  16.25   15.47 0.000  1.16 0.000 9.999 0.259000 0.11 0.000000  0.461 0.000   0.504 0.559   0.908 0.559  10.973 0.000   5.819 0.000   5.154 0.000 0.023 0.000  0.323 0.000
 18.25  19.25   38.29 0.000  2.00 0.000 9.999 0.259000 0.30 0.000000  1.111 0.000   2.050 0.559   3.690 0.559  18.919 0.000   7.589 0.000  11.329 0.000 0.062 0.000  0.444 0.000
 21.25  22.25   13.03 0.000  0.51 0.000 9.999 0.259000 0.14 0.000000  0.352 0.000   0.667 0.559   1.200 0.559  12.336 0.000   6.881 0.000   5.456 0.000 0.024 0.000  0.514 0.000
 24.25  25.25   55.25 0.000  2.07 0.000 9.999 0.259000 0.24 0.000000  0.315 0.000   1.620 0.559   2.917 0.559  25.747 0.000  19.373 0.000   6.646 0.000 0.071 0.000  0.414 0.000
 27.25  28.25   17.76 0.000  2.01 0.000 9.999 0.259000 0.18 0.000000  0.978 0.000   1.081 0.559   1.947 0.559  14.284 0.000   2.569 0.000  11.713 0.000 0.029 0.000  0.828 0.000
 30.25  31.25   16.41 0.000  3.00 0.000 9.999 0.259000 9.99 0.259000  0.764 0.000   1.580 0.559   2.844 0.559  13.091 0.000   0.382 0.000  12.708 0.000 0.038 0.000  1.197 0.000
 33.25  34.25   28.64 0.000  2.96 0.000 9.999 0.259000 0.34 0.000000  1.394 0.000   1.074 0.559   1.933 0.559  15.789 0.000   2.508 0.000  13.278 0.000 0.027 0.000  1.124 0.000
 36.25  37.25   10.85 0.000  2.02 0.000 9.999 0.259000 0.22 0.000000  0.299 0.000   0.992 0.559   1.786 0.559   8.664 0.000   0.983 0.000   7.679 0.000 0.031 0.000  1.014 0.000
 39.25  40.25 9999.99 0.999 99.99 0.999 9.999 0.999000 9.99 0.999000 99.999 0.999 999.999 0.999 999.999 0.999 999.999 0.999 999.999 0.999 999.999 0.999 9.999 0.999 99.999 0.999
 42.25  43.25   18.42 0.000  1.04 0.000 9.999 0.259000 0.11 0.000000  0.323 0.000   0.876 0.000   1.576 0.000   7.115 0.000   2.077 0.000   5.037 0.000 0.035 0.000  0.385 0.000
 45.25  46.25   27.46 0.000  1.10 0.000 0.008 0.000000 0.18 0.000000  0.214 0.000   0.642 0.000   1.155 0.000  10.137 0.000   6.685 0.000   3.472 0.000 0.022 0.000  0.306 0.000
 48.25  49.25   46.02 0.000  2.14 0.000 0.008 0.000000 0.20 0.000000  1.051 0.000   0.940 0.000   1.691 0.000  25.676 0.000  16.253 0.000   9.422 0.000 0.034 0.000  0.371 0.000
 51.25  52.25    7.07 0.000  0.61 0.000 9.999 0.259000 0.20 0.000000  0.963 0.000   0.524 0.000   0.942 0.000  10.534 0.000   0.496 0.000  10.038 0.000 0.012 0.000  0.816 0.000
 54.25  55.25   25.27 0.000  1.12 0.000 9.999 0.259000 0.67 0.000000  0.712 0.000   0.275 0.000   0.495 0.000   8.870 0.000   1.782 0.000   7.087 0.000 0.018 0.000  0.625 0.000
 57.25  58.25   27.86 0.000  1.52 0.000 9.999 0.259000 9.99 0.259000  0.417 0.000   0.758 0.000   1.365 0.000   8.231 0.000   1.699 0.000   6.531 0.000 0.032 0.000  0.568 0.000
 60.25  61.25   41.36 0.000  2.06 0.000 9.999 0.259000 0.03 0.000000  0.456 0.000   1.302 0.000   2.344 0.000  14.269 0.000   8.751 0.000   5.517 0.000 0.040 0.000  0.396 0.000
 63.25  64.25   83.87 0.000  1.22 0.000 9.999 0.259000 9.99 0.259000  0.142 0.000   1.532 0.000   2.757 0.000  32.801 0.000  27.607 0.000   5.194 0.000 0.071 0.000  0.230 0.000
 66.25  67.25   38.89 0.000  0.69 0.000 9.999 0.259000 9.99 0.259000  0.205 0.000   0.789 0.000   1.420 0.000  18.907 0.000  15.505 0.000   3.639 0.000 0.032 0.000  0.352 0.000
 69.25  70.25  111.10 0.000  1.38 0.000 0.017 0.000000 9.99 0.259000  0.034 0.000   0.610 0.000   1.098 0.000  32.435 0.000  28.726 0.000   3.710 0.000 0.061 0.000  0.153 0.000
 72.25  73.25   47.49 0.000  1.33 0.000 0.007 0.000000 0.06 0.000000  0.304 0.000   1.553 0.000   2.796 0.000  19.189 0.000  13.875 0.000   5.313 0.000 0.047 0.000  0.279 0.000
 75.25  76.25   37.34 0.000  2.18 0.000 9.999 0.259000 0.07 0.000000  0.931 0.000   2.005 0.000   3.609 0.000  21.380 0.000   9.089 0.000  12.288 0.000 0.052 0.000  0.819 0.000
 78.25  79.25 9999.99 0.699 99.99 0.699 9.999 0.699000 9.99 0.699000  1.248 0.000  11.195 0.000  20.151 0.000  48.389 0.000 999.999 0.699 999.999 0.699 9.999 0.699  1.339 0.000
 81.25  82.25   17.39 0.000  1.85 0.000 9.999 0.259000 9.99 0.259000  0.733 0.000   0.494 0.000   0.890 0.000  13.709 0.000   1.819 0.000  11.888 0.000 0.020 0.000  1.578 0.000
 84.25  85.25    8.53 0.000  2.28 0.000 9.999 0.259000 9.99 0.259000  0.574 0.000   0.608 0.000   1.094 0.000  11.468 0.000   1.249 0.000  10.218 0.000 0.017 0.000  1.434 0.000
 87.25  88.25   38.37 0.000  1.09 0.000 9.999 0.259000 0.04 0.000000  0.103 0.000   1.164 0.000   2.095 0.000  21.221 0.000  14.877 0.000   6.552 0.000 0.045 0.000  0.760 0.000
 90.25  91.25  102.33 0.000  0.87 0.000 9.999 0.259000 9.99 0.259000  0.233 0.000   1.662 0.000   2.991 0.000  64.499 0.000  57.617 0.000   6.886 0.000 0.089 0.000  0.379 0.000
 93.25  94.25   52.53 0.000  1.05 0.000 9.999 0.259000 0.22 0.000000  0.103 0.000   1.222 0.000   2.199 0.000  29.466 0.000  21.314 0.000   8.151 0.000 0.057 0.000  0.940 0.000
 96.25  97.25   51.63 0.000  2.33 0.000 9.999 0.259000 0.09 0.000000  0.777 0.000   2.665 0.000   4.797 0.000  26.821 0.000  15.430 0.000  11.389 0.000 0.093 0.000  0.838 0.000
 99.25 100.25   50.66 0.000  1.79 0.000 9.999 0.259000 0.42 0.000000  0.100 0.000   2.121 0.000   3.818 0.000  21.586 0.000   8.693 0.000  12.892 0.000 0.071 0.000  1.696 0.000
102.25 103.25   40.60 0.000  1.92 0.000 0.010 0.000000 9.99 0.259000  0.580 0.000   7.329 0.000  13.192 0.000  28.605 0.000   6.726 0.000  21.877 0.000 0.197 0.000  1.013 0.000
105.25 106.25  162.69 0.000  2.89 0.000 9.999 0.259000 0.11 0.000000  0.234 0.000   4.418 0.000   7.953 0.000  59.358 0.000  38.655 0.000  20.703 0.000 0.142 0.000  2.153 0.000
108.25 109.25   50.84 0.000  1.50 0.000 9.999 0.259000 0.37 0.000000  0.141 0.000   1.266 0.000   2.278 0.000  25.337 0.000  13.670 0.000  11.876 0.000 0.056 0.000  1.820 0.000
111.25 112.25   47.49 0.000  1.00 0.000 0.012 0.000000 9.99 0.259000  0.051 0.000   0.731 0.000   1.315 0.000  26.262 0.000  22.273 0.000   3.989 0.000 0.040 0.000  0.289 0.000
114.25 115.25 9999.99 0.699 99.99 0.699 9.999 0.699000 9.99 0.699000 99.999 0.699 999.999 0.699 999.999 0.699  15.959 0.000 999.999 0.699   9.975 0.000 9.999 0.699 99.999 0.699
117.25 118.25   52.46 0.000  4.08 0.000 9.999 0.259000 9.99 0.259000  0.394 0.000   1.697 0.000   3.054 0.000  24.445 0.000  14.631 0.000   9.814 0.000 0.088 0.000  0.968 0.000
120.25 121.25   35.12 0.000  1.09 0.000 0.009 0.000000 9.99 0.259000  0.167 0.000   0.749 0.000   1.349 0.000  11.732 0.000   6.997 0.000   4.735 0.000 0.040 0.000  0.516 0.000
123.25 124.25   55.09 0.000  2.01 0.000 9.999 0.259000 9.99 0.259000  0.399 0.000   0.875 0.000   1.575 0.000  20.335 0.000  14.258 0.000   6.076 0.000 0.045 0.000  0.626 0.000
126.25 127.25   65.42 0.000  2.49 0.000 9.999 0.259000 0.37 0.000000  0.075 0.000   2.043 0.000   3.678 0.000  27.112 0.000  15.618 0.000  11.493 0.000 0.063 0.000  1.300 0.000
129.25 130.25   69.29 0.000  1.54 0.000 9.999 0.259000 0.30 0.000000  0.256 0.000   2.298 0.000   4.136 0.000  34.200 0.000  15.759 0.000  18.508 0.000 0.147 0.000  2.369 0.000
132.25 133.25   61.20 0.000  0.72 0.000 0.010 0.000000 0.19 0.000000  0.078 0.000   1.004 0.000   1.807 0.000  12.430 0.000   5.861 0.000   6.569 0.000 0.066 0.000  0.760 0.000
135.25 136.25   54.35 0.000  2.32 0.000 9.999 0.259000 9.99 0.259000  0.102 0.000   0.839 0.000   1.509 0.000  19.242 0.000  13.496 0.000   5.744 0.000 0.045 0.000  0.623 0.000
138.25 139.25   56.48 0.000  1.41 0.000 9.999 0.259000 0.28 0.000000  0.096 0.000   1.418 0.000   2.553 0.000  21.244 0.000  11.866 0.000   9.376 0.000 0.056 0.000  1.204 0.000
141.25 142.25   81.44 0.000  2.53 0.000 9.999 0.259000 9.99 0.259000  0.098 0.000   2.897 0.000   5.215 0.000  34.503 0.000  18.879 0.000  15.636 0.000 0.074 0.000  1.521 0.000
144.25 145.25   55.70 0.000  2.95 0.000 9.999 0.259000 9.99 0.259000  0.073 0.000   1.652 0.000   2.973 0.000  27.252 0.000  19.386 0.000   7.867 0.000 0.051 0.000  0.704 0.000
147.25 148.25   69.63 0.000  1.56 0.000 9.999 0.259000 9.99 0.259000  0.147 0.000   1.017 0.000   1.831 0.000  28.282 0.000  22.441 0.000   5.840 0.000 0.042 0.000  0.535 0.000
150.25 151.25   57.96 0.000  1.81 0.000 9.999 0.259000 9.99 0.259000  0.082 0.000   1.055 0.000   1.898 0.000  22.542 0.000  15.777 0.000   6.824 0.000 0.046 0.000  0.786 0.000
153.25 154.25   45.22 0.000  2.08 0.000 9.999 0.259000 0.10 0.000000  0.039 0.000   1.644 0.000   2.959 0.000  22.507 0.000  12.876 0.000   9.640 0.000 0.067 0.000  1.073 0.000
156.25 157.25   47.84 0.000  1.58 0.000 0.011 0.000000 0.19 0.000000  0.093 0.000   1.350 0.000   2.429 0.000  20.971 0.000  12.209 0.000   8.761 0.000 0.055 0.000  1.032 0.000
159.25 160.25   80.45 0.000  0.75 0.000 0.018 0.000000 0.20 0.000000  0.096 0.000   0.911 0.000   1.640 0.000  14.615 0.000   8.191 0.000   6.424 0.000 0.054 0.000  0.744 0.000
162.25 163.25   27.72 0.000  1.23 0.000 9.999 0.259000 0.13 0.000000  0.092 0.000   0.904 0.000   1.627 0.000   8.669 0.000   3.874 0.000   4.795 0.000 0.032 0.000  0.578 0.000
165.25 166.25   86.58 0.000  1.11 0.000 0.017 0.000000 0.14 0.000000  0.023 0.000   1.261 0.000   2.269 0.000  28.200 0.000  23.189 0.000   5.010 0.000 0.053 0.000  0.239 0.000
168.25 169.25   64.00 0.000  2.87 0.000 9.999 0.259000 0.13 0.000000  0.046 0.000   1.788 0.000   3.218 0.000  23.953 0.000  15.505 0.000   8.448 0.000 0.076 0.000  0.917 0.000
171.25 172.25  217.82 0.000  2.69 0.000 9.999 0.259000 0.16 0.000000  0.074 0.000   3.434 0.000   6.181 0.000  63.312 0.000  44.066 0.000  19.744 0.000 0.193 0.000  1.728 0.000
174.25 175.25  193.82 0.000  1.99 0.000 9.999 0.259000 0.20 0.000000  0.039 0.000   4.834 0.000   8.702 0.000  64.196 0.000  33.456 0.000  30.736 0.000 0.138 0.000  3.558 0.000
177.25 178.25  215.52 0.000  2.07 0.000 9.999 0.259000 0.23 0.000000  0.040 0.000   3.658 0.000   6.584 0.000  63.308 0.000  35.658 0.000  27.651 0.000 0.154 0.000  3.535 0.000
180.25 181.25  235.29 0.000  1.51 0.000 9.999 0.259000 0.20 0.000000  0.061 0.000   2.994 0.000   5.390 0.000  65.184 0.000  45.401 0.000  19.780 0.000 0.192 0.000  1.974 0.000
183.25 184.25   90.98 0.000  1.82 0.000 9.999 0.259000 9.99 0.259000  0.059 0.000   2.483 0.000   4.470 0.000  28.374 0.000  17.649 0.000  10.919 0.000 0.150 0.000  0.869 0.000
186.25 187.25  101.61 0.000  1.39 0.000 9.999 0.259000 9.99 0.259000  0.034 0.000   2.323 0.000   4.182 0.000  24.240 0.000  13.175 0.000  11.064 0.000 0.130 0.000  1.103 0.000
189.25 190.25  152.38 0.000  2.35 0.000 9.999 0.259000 9.99 0.259000  0.135 0.000   1.558 0.000   2.804 0.000  51.111 0.000  30.691 0.000  20.418 0.000 0.112 0.000  2.168 0.000
192.25 193.25  172.48 0.000  1.21 0.000 9.999 0.259000 9.99 0.259000  0.087 0.000   3.142 0.000   5.655 0.000  34.060 0.000  15.477 0.000  18.602 0.000 0.126 0.000  2.403 0.000
195.25 196.25  151.98 0.000  2.16 0.000 9.999 0.259000 9.99 0.259000  0.054 0.000   2.171 0.000   3.909 0.000  43.841 0.000  20.122 0.000  23.717 0.000 0.081 0.000  3.644 0.000
198.25 199.25   54.60 0.000  0.49 0.000 9.999 0.259000 0.15 0.000000  0.050 0.000   2.143 0.000   3.857 0.000  19.109 0.000  12.812 0.000   6.298 0.000 0.040 0.000  0.700 0.000
201.25 202.25  222.53 0.000  0.44 0.000 0.024 0.000000 0.23 0.000000  0.114 0.000   0.803 0.000   1.446 0.000  34.660 0.000  25.560 0.000   9.101 0.000 0.103 0.000  0.708 0.000
204.25 205.25   81.83 0.000  1.42 0.000 9.999 0.259000 9.99 0.259000  0.052 0.000   1.266 0.000   2.279 0.000  29.116 0.000  20.310 0.000   8.804 0.000 0.061 0.000  0.875 0.000
207.25 208.25  100.23 0.000  1.02 0.000 0.014 0.000000 9.99 0.259000  0.025 0.000   0.785 0.000   1.413 0.000  17.613 0.000  12.630 0.000   4.983 0.000 0.052 0.000  0.273 0.000
210.25 211.25  242.57 0.000  2.59 0.000 9.999 0.259000 0.09 0.000000  0.032 0.000   2.087 0.000   3.757 0.000  54.552 0.000  40.998 0.000  13.555 0.000 0.118 0.000  0.945 0.000
213.25 214.25  190.81 0.000  0.91 0.000 9.999 0.259000 0.15 0.000000  0.043 0.000   3.389 0.000   6.101 0.000  59.345 0.000  35.395 0.000  24.427 0.000 0.123 0.000  3.122 0.000
216.25 217.25  115.36 0.000  1.66 0.000 9.999 0.259000 9.99 0.259000  0.041 0.000   1.381 0.000   2.486 0.000  29.872 0.000  20.824 0.000   9.049 0.000 0.069 0.000  0.696 0.000
219.25 220.25  299.53 0.000  0.86 0.000 9.999 0.259000 0.11 0.000000  0.065 0.000   2.310 0.000   4.158 0.000  68.182 0.000  52.099 0.000  16.084 0.000 0.134 0.000  1.431 0.000
222.25 223.25  421.50 0.000  0.94 0.000 0.034 0.000000 0.10 0.000000  0.073 0.000   1.268 0.000   2.283 0.000  69.863 0.000  54.834 0.000  15.029 0.000 0.169 0.000  1.116 0.000
225.25 226.25    6.25 0.000  0.54 0.000 9.999 0.259000 9.99 0.259000  0.021 0.000   0.243 0.000   0.438 0.000   2.929 0.000   1.490 0.000   1.439 0.000 0.006 0.000  0.188 0.000
228.25 229.25   24.61 0.000  1.41 0.000 9.999 0.259000 0.16 0.000000  0.080 0.000   1.164 0.000   2.094 0.000  13.997 0.000   5.942 0.000   8.053 0.000 0.022 0.000  1.034 0.000
231.25 232.25   18.97 0.000  0.52 0.000 9.999 0.259000 0.18 0.000000  0.125 0.000   0.530 0.000   0.954 0.000  11.223 0.000   7.182 0.000   4.047 0.000 0.020 0.000  0.408 0.000
234.25 235.25   33.74 0.000  0.83 0.000 9.999 0.259000 9.99 0.259000  0.024 0.000   0.509 0.000   0.916 0.000   8.045 0.000   3.384 0.000   4.711 0.000 0.018 0.000  0.614 0.000
237.25 238.25   51.55 0.000  0.94 0.000 9.999 0.259000 0.37 0.000000  0.044 0.000   1.757 0.000   3.163 0.000  22.819 0.000  12.344 0.000  10.474 0.000 0.047 0.000  1.212 0.000
240.25 241.25   24.07 0.000  0.63 0.000 9.999 0.259000 0.12 0.000000  0.019 0.000   1.599 0.000   2.878 0.000  16.166 0.000   9.208 0.000   6.956 0.000 0.033 0.000  0.631 0.000
243.25 244.25  211.93 0.000  1.91 0.000 9.999 0.259000 0.09 0.000000  0.087 0.000   2.507 0.000   4.513 0.000  59.205 0.000  44.469 0.000  14.738 0.000 0.119 0.000  1.232 0.000
246.25 247.25 9999.99 0.999 99.99 0.999 9.999 0.999000 9.99 0.999000 99.999 0.999 999.999 0.999 999.999 0.999  47.787 0.000 999.999 0.999  15.399 0.000 9.999 0.999 99.999 0.999
249.25 250.25  199.43 0.000  2.47 0.000 9.999 0.259000 0.12 0.000000  0.051 0.000   4.497 0.000   8.094 0.000  82.075 0.000  46.992 0.000  35.084 0.000 0.116 0.000  4.845 0.000
252.25 253.25  172.24 0.000  1.98 0.000 9.999 0.259000 0.11 0.000000  0.050 0.000   4.609 0.000   8.297 0.000  66.905 0.000  41.222 0.000  25.682 0.000 0.120 0.000  2.844 0.000
255.25 256.25   87.12 0.000  0.94 0.000 9.999 0.259000 0.23 0.000000  0.074 0.000   1.482 0.000   2.667 0.000  32.035 0.000  21.335 0.000  11.001 0.000 0.054 0.000  1.435 0.000
258.25 259.25   54.11 0.000  1.05 0.000 9.999 0.259000 9.99 0.259000  0.120 0.000   0.884 0.000   1.591 0.000  20.100 0.000  14.891 0.000   5.208 0.000 0.029 0.000  0.511 0.000
261.25 262.25  118.92 0.000  1.28 0.000 9.999 0.259000 0.31 0.000000  0.064 0.000   1.339 0.000   2.411 0.000  36.857 0.000  28.138 0.000   8.719 0.000 0.068 0.000  0.795 0.000
264.25 265.25  125.60 0.394  1.47 0.394 9.999 0.394259 0.31 0.394000  0.040 0.394   1.879 0.000   3.383 0.000  48.225 0.000  34.975 0.000  13.649 0.000 0.076 0.394  1.633 0.394
267.25 268.25  119.11 0.000  3.63 0.000 9.999 0.259000 0.13 0.000000  0.057 0.000   1.565 0.000   2.817 0.000  28.496 0.000  20.402 0.000   8.093 0.000 0.075 0.000  0.665 0.000
