scripts/IMPROVE-2019_partial/data/US0049R.20080101060000.20191216000000.filterpack...52w.3d.US03L_filterpack_US0049.US03L_IMPROVE_Davis.lev2.nas
51 1001
MISSING INFORMATION
US03L, IMPROVE, , , , , , , 
MISSING INFORMATION
IMPROVE sel_HTAP
1 1
2008 01 01 2019 12 16
3.00
days from file reference point
4
1 1 1 1
999.99 999.999 999.999 9.999
end_time of measurement, days from the file reference point
pm10_mass, ug/m3, Matrix=pm10
pm25_mass, ug/m3, Matrix=pm25
numflag, no unit
0
33
Data definition:              EBAS_1.1
Set type code:                TU
Timezone:                     UTC
File name:                    US0049R.20080101060000.20191216000000.filterpack...52w.3d.US03L_filterpack_US0049.US03L_IMPROVE_Davis.lev2.nas
File creation:                20191218115823
Startdate:                    20080101060000
Revision date:                20191216000000
Version:                      2
Version description:          "Data extracted from http://views.cira.colostate.edu/fed/DataWizard 2019-12-16"
Statistics:                   arithmetic mean
Data level:                   2
Period code:                  52w
Resolution code:              3d
Sample duration:              1d
Orig. time res.:              3d
Station code:                 US0049R
Platform code:                US0049S
Station name:                 Great River Bluffs
Station latitude:             43.9373
Station longitude:            -91.4052
Station altitude:             370.0 m
Regime:                       IMG
Component:                    
Unit:                         ug/m3
Matrix:                       
Laboratory code:              US03L
Instrument type:              filterpack
Instrument name:              filterpack_US0049
Method ref:                   US03L_IMPROVE_Davis
Blank correction:             Blank corrected
Volume std. temperature:      ambient
Volume std. pressure:         ambient
starttime endtime PM10 PM2.5 flag
  0.25   1.25  10.614   8.691 0.000
  3.25   4.25  15.982   9.489 0.000
  6.25   7.25   8.616   6.691 0.000
  9.25  10.25  20.748  18.173 0.000
 12.25  13.25  15.339  12.415 0.000
 15.25  16.25  26.033  18.825 0.000
 18.25  19.25   8.377   5.073 0.000
 21.25  22.25  12.485   8.861 0.000
 24.25  25.25  20.182  14.812 0.000
 27.25  28.25  13.502   8.735 0.000
 30.25  31.25  16.783  10.701 0.000
 33.25  34.25  40.813  33.752 0.000
 36.25  37.25   6.126   5.150 0.000
 39.25  40.25  25.887  18.891 0.000
 42.25  43.25   9.989   7.966 0.000
 45.25  46.25   8.715   5.642 0.000
 48.25  49.25  12.041   7.269 0.000
 51.25  52.25  14.367  10.605 0.000
 54.25  55.25  38.160  33.846 0.000
 57.25  58.25   5.816   4.137 0.000
 60.25  61.25  10.908   8.107 0.000
 63.25  64.25  10.550   6.858 0.000
 66.25  67.25   7.686   5.291 0.000
 69.25  70.25  25.806  20.235 0.000
 72.25  73.25  13.444  10.571 0.000
 75.25  76.25   8.900   7.243 0.000
 78.25  79.25  10.467   8.899 0.000
 81.25  82.25   4.629   3.543 0.000
 84.25  85.25  13.626   7.840 0.000
 87.25  88.25   4.567   3.488 0.000
 90.25  91.25  18.569  14.866 0.000
 93.25  94.25  13.866   9.193 0.000
 96.25  97.25  16.884  14.065 0.000
 99.25 100.25   7.170   6.012 0.000
102.25 103.25   1.770   1.360 0.000
105.25 106.25  13.908   5.279 0.000
108.25 109.25   3.138   2.621 0.000
111.25 112.25  22.989  15.722 0.000
114.25 115.25  19.606  14.208 0.000
117.25 118.25   6.993   4.479 0.000
120.25 121.25  15.668  10.250 0.000
123.25 124.25   4.145   2.227 0.000
126.25 127.25  20.744   7.611 0.000
129.25 130.25   8.991   4.845 0.000
132.25 133.25   4.361   2.944 0.000
135.25 136.25  12.518   5.513 0.000
138.25 139.25   3.732   1.305 0.000
141.25 142.25   4.106   1.924 0.000
144.25 145.25   8.955   3.056 0.000
147.25 148.25   5.121   1.460 0.000
150.25 151.25  12.392   4.889 0.000
153.25 154.25  13.362   7.085 0.000
156.25 157.25  14.776   9.680 0.000
159.25 160.25   4.246   1.849 0.000
162.25 163.25  11.660   6.210 0.000
165.25 166.25  15.254   7.229 0.000
168.25 169.25  12.829   6.129 0.000
171.25 172.25  16.877   6.644 0.000
174.25 175.25   5.184   2.164 0.000
177.25 178.25  17.315   5.601 0.000
180.25 181.25   8.405   3.642 0.000
183.25 184.25  23.782  14.149 0.000
186.25 187.25  17.539   7.855 0.000
189.25 190.25  11.098   4.193 0.000
192.25 193.25 999.999 999.999 0.999
195.25 196.25 999.999 999.999 0.999
198.25 199.25  18.994   9.644 0.000
201.25 202.25   7.749   4.560 0.000
204.25 205.25   9.321   6.233 0.000
207.25 208.25  24.806  16.096 0.000
210.25 211.25  21.521  12.289 0.000
213.25 214.25  12.696   6.269 0.000
216.25 217.25  16.389  10.532 0.000
219.25 220.25   9.112   4.040 0.000
222.25 223.25   6.079   1.835 0.000
225.25 226.25  16.040   7.813 0.000
228.25 229.25  14.242   5.165 0.000
231.25 232.25  19.028  10.931 0.000
234.25 235.25  15.722   9.835 0.000
237.25 238.25   5.820   3.237 0.000
240.25 241.25  15.685  11.327 0.000
243.25 244.25  17.743   8.019 0.000
246.25 247.25   4.100   1.429 0.000
249.25 250.25   5.827   2.445 0.000
252.25 253.25   5.639   2.723 0.000
255.25 256.25   5.823   3.427 0.000
258.25 259.25   3.838   1.584 0.000
261.25 262.25  13.123   6.152 0.000
264.25 265.25  23.810  16.389 0.000
267.25 268.25   8.608   4.223 0.000
270.25 271.25  23.112  15.702 0.000
273.25 274.25   4.513   2.130 0.000
276.25 277.25   3.678   2.082 0.000
279.25 280.25  16.558  10.242 0.000
282.25 283.25   8.935   1.836 0.000
285.25 286.25  19.658  11.505 0.000
288.25 289.25   5.657   3.234 0.000
291.25 292.25   8.372   5.315 0.000
294.25 295.25   4.432   2.605 0.000
297.25 298.25   9.454   7.172 0.000
300.25 301.25   4.026   1.232 0.000
303.25 304.25  34.158   6.790 0.000
306.25 307.25  28.375  11.013 0.000
309.25 310.25  25.912  12.218 0.000
312.25 313.25   1.703   1.277 0.000
315.25 316.25  14.391  11.918 0.000
318.25 319.25   7.835   6.104 0.000
321.25 322.25   3.154   1.890 0.000
324.25 325.25   8.944   2.584 0.000
327.25 328.25  36.921  18.325 0.000
330.25 331.25  29.514  13.724 0.000
333.25 334.25  31.247   8.719 0.000
336.25 337.25  11.495   7.504 0.000
339.25 340.25  11.204   5.994 0.000
342.25 343.25  18.515  14.269 0.000
345.25 346.25  13.371   9.317 0.000
348.25 349.25  10.836   6.709 0.000
351.25 352.25  18.277  14.890 0.000
354.25 355.25  10.792   8.681 0.000
357.25 358.25  14.086   9.281 0.000
360.25 361.25  10.363   7.308 0.000
363.25 364.25  10.733   6.422 0.000
