scripts/IMPROVE-2019_partial/data/US0028R.20120101050000.20191216000000.filterpack...52w.3d.US03L_filterpack_US0028.US03L_IMPROVE_Davis.lev2.nas
51 1001
MISSING INFORMATION
US03L, IMPROVE, , , , , , , 
MISSING INFORMATION
IMPROVE sel_HTAP
1 1
2012 01 01 2019 12 16
3.000000
days from file reference point
4
1 1 1 1
999.999999 999.999 999.999 9.999
end_time of measurement, days from the file reference point
pm10_mass, ug/m3, Matrix=pm10
pm25_mass, ug/m3, Matrix=pm25
numflag, no unit
0
33
Data definition:              EBAS_1.1
Set type code:                TU
Timezone:                     UTC
File name:                    US0028R.20120101050000.20191216000000.filterpack...52w.3d.US03L_filterpack_US0028.US03L_IMPROVE_Davis.lev2.nas
File creation:                20191218115723
Startdate:                    20120101050000
Revision date:                20191216000000
Version:                      2
Version description:          "Data extracted from http://views.cira.colostate.edu/fed/DataWizard 2019-12-16"
Statistics:                   arithmetic mean
Data level:                   2
Period code:                  52w
Resolution code:              3d
Sample duration:              1d
Orig. time res.:              3d
Station code:                 US0028R
Platform code:                US0028S
Station name:                 Cohutta
Station latitude:             34.7852
Station longitude:            -84.6265
Station altitude:             735.0 m
Regime:                       IMG
Component:                    
Unit:                         ug/m3
Matrix:                       
Laboratory code:              US03L
Instrument type:              filterpack
Instrument name:              filterpack_US0028
Method ref:                   US03L_IMPROVE_Davis
Blank correction:             Blank corrected
Volume std. temperature:      ambient
Volume std. pressure:         ambient
starttime endtime PM10 PM2.5 flag
  0.208333   1.208333  10.535   5.306 0.000
  3.208333   4.208333 999.999 999.999 0.999
  6.208333   7.208333  10.153   8.232 0.000
  9.208333  10.208333   4.253   3.172 0.000
 12.208333  13.208333   4.012   2.559 0.000
 15.208333  16.208333   6.921   5.001 0.000
 18.208333  19.208333   5.124   3.768 0.000
 21.208333  22.208333   3.202   2.146 0.000
 24.208333  25.208333   5.700   3.000 0.000
 27.208333  28.208333   5.098   3.461 0.000
 30.208333  31.208333   8.598   5.955 0.000
 33.208333  34.208333   4.198   2.767 0.000
 36.208333  37.208333   6.252   5.119 0.000
 39.208333  40.208333 999.999 999.999 0.999
 42.208333  43.208333 999.999 999.999 0.999
 45.208333  46.208333   6.465   5.310 0.000
 48.208333  49.208333   7.199   5.506 0.000
 51.208333  52.208333   7.834   4.945 0.000
 54.208333  55.208333   8.939   5.517 0.000
 57.208333  58.208333   6.668   4.879 0.000
 60.208333  61.208333  15.541   5.638 0.000
 63.208333  64.208333   4.574   3.102 0.000
 66.208333  67.208333 999.999 999.999 0.999
 69.208333  70.208333 999.999 999.999 0.999
 72.208333  73.208333 999.999 999.999 0.999
 75.208333  76.208333   9.989   4.798 0.000
 78.208333  79.208333  19.491  10.829 0.000
 81.208333  82.208333   8.650   5.110 0.000
 84.208333  85.208333   5.897   4.418 0.000
 87.208333  88.208333  20.442  13.220 0.000
 90.208333  91.208333   9.049   4.886 0.000
 93.208333  94.208333  20.210  10.372 0.000
 96.208333  97.208333   8.489   3.401 0.000
 99.208333 100.208333  13.088   5.906 0.000
102.208333 103.208333   9.671   4.082 0.000
105.208333 106.208333  17.954   9.140 0.000
108.208333 109.208333 999.999 999.999 0.999
111.208333 112.208333  14.760   7.936 0.000
114.208333 115.208333  13.839   4.841 0.000
117.208333 118.208333  22.179  11.077 0.000
120.208333 121.208333  17.476   8.222 0.000
123.208333 124.208333  19.722   8.275 0.000
126.208333 127.208333   9.954   5.032 0.000
129.208333 130.208333  13.243   7.218 0.000
132.208333 133.208333  17.250   9.150 0.000
135.208333 136.208333   9.718   3.118 0.000
138.208333 139.208333  17.045   9.806 0.000
141.208333 142.208333  13.541   8.529 0.000
144.208333 145.208333  13.015   8.775 0.000
147.208333 148.208333  16.966  12.013 0.000
150.208333 151.208333 999.999 999.999 0.999
153.208333 154.208333   6.670   4.075 0.000
156.208333 157.208333   9.531   4.650 0.000
159.208333 160.208333  11.766   7.678 0.000
162.208333 163.208333   4.483   2.332 0.000
165.208333 166.208333  12.980   9.718 0.000
168.208333 169.208333  10.272   7.261 0.000
171.208333 172.208333  12.875   8.696 0.000
174.208333 175.208333  15.806  11.840 0.000
177.208333 178.208333  22.189  16.725 0.000
180.208333 181.208333 999.999 999.999 0.999
183.208333 184.208333 999.999 999.999 0.999
186.208333 187.208333  25.225  15.578 0.000
189.208333 190.208333  18.356  14.710 0.000
192.208333 193.208333 999.999 999.999 0.999
195.208333 196.208333  10.385   6.421 0.000
198.208333 199.208333  11.462   7.792 0.000
201.208333 202.208333   8.165   5.280 0.000
204.208333 205.208333  17.651   9.028 0.000
207.208333 208.208333  23.226  11.584 0.000
210.208333 211.208333   9.403   6.742 0.000
213.208333 214.208333 999.999 999.999 0.999
216.208333 217.208333  12.660   9.880 0.000
219.208333 220.208333   8.694   6.528 0.000
222.208333 223.208333   9.728   7.364 0.000
225.208333 226.208333   8.231   6.363 0.000
228.208333 229.208333  13.553  10.928 0.000
231.208333 232.208333   7.276   5.100 0.000
234.208333 235.208333 999.999 999.999 0.999
237.208333 238.208333 999.999 999.999 0.999
240.208333 241.208333 999.999 999.999 0.999
243.208333 244.208333 999.999 999.999 0.999
246.208333 247.208333 999.999 999.999 0.999
249.208333 250.208333   9.897   6.896 0.000
252.208333 253.208333   5.971   3.692 0.000
255.208333 256.208333  11.404   7.815 0.000
258.208333 259.208333  11.035   7.730 0.000
261.208333 262.208333   6.991   5.005 0.000
264.208333 265.208333  13.453   9.967 0.000
267.208333 268.208333   4.785   2.331 0.000
270.208333 271.208333 999.999 999.999 0.999
273.208333 274.208333 999.999 999.999 0.999
276.208333 277.208333 999.999 999.999 0.999
279.208333 280.208333  12.649   9.191 0.000
282.208333 283.208333   6.383   4.910 0.000
285.208333 286.208333   6.647   4.088 0.000
288.208333 289.208333  10.320   5.778 0.000
291.208333 292.208333   9.423   6.059 0.000
294.208333 295.208333   6.581   2.957 0.000
297.208333 298.208333 999.999 999.999 0.999
300.208333 301.208333   6.245   4.271 0.000
303.208333 304.208333   6.241   3.015 0.000
306.208333 307.208333  12.905   6.424 0.000
309.208333 310.208333   5.011   2.992 0.000
312.208333 313.208333   9.216   7.466 0.000
315.208333 316.208333   9.558   6.914 0.000
318.208333 319.208333 999.999 999.999 0.999
321.208333 322.208333  10.397   7.821 0.000
324.208333 325.208333   8.550   5.274 0.000
327.208333 328.208333  12.067   9.259 0.000
330.208333 331.208333   7.986   5.316 0.000
333.208333 334.208333   7.791   5.895 0.000
336.208333 337.208333  10.132   6.078 0.000
339.208333 340.208333   3.788   2.132 0.000
342.208333 343.208333   8.510   5.900 0.000
345.208333 346.208333   5.723   3.888 0.000
348.208333 349.208333   6.416   4.421 0.000
351.208333 352.208333   3.073   1.903 0.000
354.208333 355.208333   9.052   4.745 0.000
357.208333 358.208333   6.105   4.109 0.000
360.208333 361.208333 999.999 999.999 0.999
363.208333 364.208333   3.281   2.687 0.000
