scripts/IMPROVE-2019_partial/data/US0095R.19930102070000.20191216000000.filterpack...1y.3d.US03L_filterpack_US0095.US03L_IMPROVE_Davis.lev2.nas
51 1001
MISSING INFORMATION
US03L, IMPROVE, , , , , , , 
MISSING INFORMATION
IMPROVE sel_HTAP
1 1
1993 01 01 2019 12 16
0
days from file reference point
4
1 1 1 1
999.999999 999.999 99.999 9.999
end_time of measurement, days from the file reference point
pm10_mass, ug/m3, Matrix=pm10
pm25_mass, ug/m3, Matrix=pm25
numflag, no unit
0
33
Data definition:              EBAS_1.1
Set type code:                TI
Timezone:                     UTC
File name:                    US0095R.19930102070000.20191216000000.filterpack...1y.3d.US03L_filterpack_US0095.US03L_IMPROVE_Davis.lev2.nas
File creation:                20191218120149
Startdate:                    19930102070000
Revision date:                20191216000000
Version:                      2
Version description:          "Data extracted from http://views.cira.colostate.edu/fed/DataWizard 2019-12-16"
Statistics:                   arithmetic mean
Data level:                   2
Period code:                  1y
Resolution code:              3d
Sample duration:              1d
Orig. time res.:              3d
Station code:                 US0095R
Platform code:                US0095S
Station name:                 Petrified Forest NP
Station latitude:             35.0777
Station longitude:            -109.7692
Station altitude:             1766.0 m
Regime:                       IMG
Component:                    
Unit:                         ug/m3
Matrix:                       
Laboratory code:              US03L
Instrument type:              filterpack
Instrument name:              filterpack_US0095
Method ref:                   US03L_IMPROVE_Davis
Blank correction:             Blank corrected
Volume std. temperature:      ambient
Volume std. pressure:         ambient
starttime endtime PM10 PM2.5 flag
  1.291667   2.291667   6.000  4.086 0.000
  5.291667   6.291667   3.379  2.539 0.000
  8.291667   9.291667   2.908  2.445 0.000
 12.291667  13.291667   2.660  2.627 0.000
 15.291667  16.291667   2.183  1.867 0.000
 19.291667  20.291667   4.714  1.379 0.000
 22.291667  23.291667   1.831  1.034 0.000
 26.291667  27.291667   4.937  3.467 0.000
 29.291667  30.291667   8.327  5.511 0.000
 33.291667  34.291667   5.651  3.899 0.000
 36.291667  37.291667   7.094  4.245 0.000
 40.291667  41.291667   1.733  1.297 0.000
 43.291667  44.291667   4.255  3.639 0.000
 47.291667  48.291667   3.877  2.853 0.000
 50.291667  51.291667   5.328  1.160 0.000
 54.291667  55.291667   6.351  1.906 0.000
 57.291667  58.291667   6.000  3.312 0.000
 61.291667  62.291667   3.172  2.305 0.000
 64.291667  65.291667   7.326  2.229 0.000
 68.291667  69.291667  10.117 99.999 0.000
 71.291667  72.291667   6.197  2.722 0.000
 75.291667  76.291667   6.187  2.710 0.000
 78.291667  79.291667   5.911  3.583 0.000
 82.291667  83.291667   9.407  5.204 0.000
 85.291667  86.291667   4.067  1.433 0.000
 89.291667  90.291667   4.962  2.809 0.000
 92.291667  93.291667   3.550  1.451 0.000
 96.291667  97.291667   4.566  2.831 0.000
 99.291667 100.291667  12.480  6.505 0.000
103.291667 104.291667   7.105  3.222 0.000
106.291667 107.291667   9.662  5.877 0.000
110.291667 111.291667   5.709  2.335 0.000
113.291667 114.291667  14.556  6.446 0.000
117.291667 118.291667  10.300  5.872 0.000
120.291667 121.291667   6.105  2.675 0.000
124.291667 125.291667   4.375  2.078 0.000
127.291667 128.291667  23.184  6.768 0.000
131.291667 132.291667   9.493  5.463 0.000
134.291667 135.291667  12.527  5.608 0.000
138.291667 139.291667   8.566  4.198 0.000
141.291667 142.291667   8.462  4.332 0.000
145.291667 146.291667   9.820  4.484 0.000
148.291667 149.291667   8.945  5.373 0.000
152.291667 153.291667  11.408  5.248 0.000
155.291667 156.291667  13.650  4.483 0.000
159.291667 160.291667   3.582  2.635 0.000
162.291667 163.291667 999.999 99.999 0.999
166.291667 167.291667  11.898  7.737 0.000
169.291667 170.291667 999.999 99.999 0.999
173.291667 174.291667  11.286  4.716 0.000
176.291667 177.291667 999.999 99.999 0.999
180.291667 181.291667  11.317  4.484 0.000
183.291667 184.291667 999.999 99.999 0.999
187.291667 188.291667 999.999 99.999 0.999
190.291667 191.291667 999.999 99.999 0.999
194.291667 195.291667 999.999 99.999 0.999
197.291667 198.291667 999.999 99.999 0.999
201.291667 202.291667   6.773  3.294 0.000
204.291667 205.291667   6.595  3.206 0.000
208.291667 209.291667  13.737  4.737 0.000
211.291667 212.291667   7.742  5.636 0.000
215.291667 216.291667 999.999 99.999 0.999
218.291667 219.291667   3.750  2.892 0.000
222.291667 223.291667 999.999 99.999 0.999
225.291667 226.291667   5.714  4.759 0.000
229.291667 230.291667   5.523  3.533 0.000
232.291667 233.291667 999.999 99.999 0.999
236.291667 237.291667 999.999 99.999 0.999
239.291667 240.291667 999.999 99.999 0.999
243.291667 244.291667 999.999 99.999 0.999
246.291667 247.291667   7.826  4.836 0.000
250.291667 251.291667   7.741  2.844 0.000
253.291667 254.291667   8.377  5.382 0.000
257.291667 258.291667   7.289 99.999 0.000
260.291667 261.291667   7.815  4.685 0.000
264.291667 265.291667   4.674  3.205 0.000
267.291667 268.291667   6.447  3.964 0.000
271.291667 272.291667   7.546  4.103 0.000
274.291667 275.291667   9.552  5.621 0.000
278.291667 279.291667   5.911  5.617 0.000
281.291667 282.291667   8.750  4.228 0.000
285.291667 286.291667   5.227  3.056 0.000
288.291667 289.291667   6.742  2.809 0.000
292.291667 293.291667 999.999  4.360 0.000
295.291667 296.291667   4.830  3.628 0.000
299.291667 300.291667   2.985  2.246 0.000
302.291667 303.291667   2.928  1.569 0.000
306.291667 307.291667   9.813  5.956 0.000
309.291667 310.291667   5.076  2.708 0.000
313.291667 314.291667  10.076  7.000 0.000
316.291667 317.291667   1.712  1.289 0.000
320.291667 321.291667   6.981  6.113 0.000
323.291667 324.291667   5.038  3.856 0.000
327.291667 328.291667   4.075  3.313 0.000
330.291667 331.291667   3.731  2.879 0.000
334.291667 335.291667   4.981  3.634 0.000
337.291667 338.291667   3.092  2.143 0.000
341.291667 342.291667   8.985  4.689 0.000
344.291667 345.291667   7.011  3.540 0.000
348.291667 349.291667   7.701  2.587 0.000
351.291667 352.291667   6.758  4.887 0.000
355.291667 356.291667   5.114  2.118 0.000
358.291667 359.291667   4.981  2.181 0.000
362.291667 363.291667   4.399  4.105 0.000
