scripts/IMPROVE-2019_partial/data/US0060R.20010101050000.20191216000000.filterpack..pm25.52w.1w.US03L_filterpack_US0060.US03L_IMPROVE_Davis.lev2.nas
66 1001
MISSING INFORMATION
US03L, IMPROVE, , , , , , , 
MISSING INFORMATION
IMPROVE sel_HTAP
1 1
2001 01 01 2019 12 16
3.000000
days from file reference point
27
1 1 1 1 1 1 1 1 1 1 1 1 1 1 1 1 1 1 1 1 1 1 1 1 1 1 1
999.999999 9999.99 9.999 99.99 9.999 9.999 9.999999 999.99 9.999999 9.999 9.999 99.999 9.999 99.999 9.999 999.99 9.999999 999.999 9.999 999.999 9.999 999.999 9.999 9.999 9.999 99.999 9.999
end_time of measurement, days from the file reference point
iron, ng/m3, Revision date=20181210133000
numflag iron, no unit, Revision date=20181210133000
lead, ng/m3, Revision date=20181210133000
numflag lead, no unit, Revision date=20181210133000
magnesium, ug/m3, Revision date=20181210133000
numflag magnesium, no unit, Revision date=20181210133000
nickel, ng/m3, Revision date=20181210133000
numflag nickel, no unit, Revision date=20181210133000
nitrate, ug N/m3, Revision date=20181210133000
numflag nitrate, no unit, Revision date=20181210133000
organic_carbon, ug C/m3, Revision date=20181210133000
numflag organic_carbon, no unit, Revision date=20181210133000
organic_mass, ug/m3, Revision date=20181210133000
numflag organic_mass, no unit, Revision date=20181210133000
phosphorus, ng/m3, Revision date=20181210133000
numflag phosphorus, no unit, Revision date=20181210133000
pm10_mass, ug/m3, Version=2, Version description=Data extracted from http://views.cira.colostate.edu/fed/DataWizard 2019-12-16, Sample duration=1d, Orig. time res.=3d, Matrix=pm10, Blank correction=Blank corrected, Volume std. temperature=ambient, Volume std. pressure=ambient
numflag pm10_mass, no unit, Version=2, Version description=Data extracted from http://views.cira.colostate.edu/fed/DataWizard 2019-12-16, Sample duration=1d, Orig. time res.=3d, Matrix=pm10, Blank correction=Blank corrected, Volume std. temperature=ambient, Volume std. pressure=ambient
pm10_pm25_mass, ug/m3, Revision date=20181210133000, Matrix=pm10_pm25
numflag pm10_pm25_mass, no unit, Revision date=20181210133000, Matrix=pm10_pm25
pm25_mass, ug/m3, Version=2, Version description=Data extracted from http://views.cira.colostate.edu/fed/DataWizard 2019-12-16, Sample duration=1d, Orig. time res.=3d, Blank correction=Blank corrected, Volume std. temperature=ambient, Volume std. pressure=ambient
numflag pm25_mass, no unit, Version=2, Version description=Data extracted from http://views.cira.colostate.edu/fed/DataWizard 2019-12-16, Sample duration=1d, Orig. time res.=3d, Blank correction=Blank corrected, Volume std. temperature=ambient, Volume std. pressure=ambient
potassium, ug/m3, Revision date=20181210133000
numflag potassium, no unit, Revision date=20181210133000
sulphate_total, ug S/m3, Revision date=20181210133000
numflag sulphate_total, no unit, Revision date=20181210133000
0
25
Data definition:              EBAS_1.1
Set type code:                TU
Timezone:                     UTC
File name:                    US0060R.20010101050000.20191216000000.filterpack..pm25.52w.1w.US03L_filterpack_US0060.US03L_IMPROVE_Davis.lev2.nas
File creation:                20191218115912
Startdate:                    20010101050000
Revision date:                20191216000000
Statistics:                   arithmetic mean
Data level:                   2
Period code:                  52w
Resolution code:              1w
Station code:                 US0060R
Platform code:                US0060S
Station name:                 Great Gulf Wilderness
Station latitude:             44.3082
Station longitude:            -71.2177
Station altitude:             453.0 m
Regime:                       IMG
Component:                    
Matrix:                       pm25
Laboratory code:              US03L
Instrument type:              filterpack
Instrument name:              filterpack_US0060
Method ref:                   US03L_IMPROVE_Davis
starttime endtime Fe flag_Fe Pb flag_Pb Mg++ flag_Mg++ Ni flag_Ni NO3- flag_NO3- OC flag_OC OM flag_OM P flag_P PM10 flag_PM10 PM10-PM2.5 flag_PM10-PM2.5 PM2.5 flag_PM2.5 K+ flag_K+ SO4-- flag_SO4--
  0.208333   1.208333    1.09 0.000 99.99 0.259 9.999 0.259000   0.57 0.000000 0.008 0.000  0.252 0.000  0.353 0.000 999.99 0.259000   1.631 0.000   0.493 0.000   1.138 0.000 0.012 0.000  0.144 0.000
  3.208333   4.208333   13.05 0.000  1.51 0.000 9.999 0.259000   0.33 0.000000 0.137 0.000  0.889 0.000  1.245 0.000 999.99 0.259000   6.275 0.000   1.052 0.000   5.223 0.000 0.027 0.000  0.794 0.000
  6.208333   7.208333   12.11 0.000  1.83 0.000 9.999 0.259000   2.00 0.000000 0.133 0.559  1.457 0.000  2.039 0.000 999.99 0.259000   9.747 0.000   0.760 0.000   8.987 0.000 0.031 0.000  1.430 0.559
  9.208333  10.208333    5.08 0.000  1.47 0.000 9.999 0.259000   0.24 0.000000 0.054 0.000  0.441 0.000  0.618 0.000 999.99 0.259000   3.030 0.000   1.038 0.000   1.993 0.000 0.019 0.000  0.276 0.000
 12.208333  13.208333    7.75 0.000  0.86 0.000 9.999 0.259000   6.04 0.000000 0.050 0.559  0.558 0.000  0.781 0.000 999.99 0.259000   6.145 0.000   3.039 0.000   3.106 0.000 0.083 0.000  0.408 0.559
 15.208333  16.208333    5.38 0.000  0.71 0.000 9.999 0.259000   1.42 0.000000 0.055 0.559  0.531 0.000  0.743 0.000 999.99 0.259000   3.152 0.000   0.411 0.000   2.741 0.000 0.037 0.000  0.387 0.559
 18.208333  19.208333   15.94 0.000  2.47 0.000 9.999 0.259000   1.42 0.000000 0.089 0.000  1.136 0.000  1.591 0.000 999.99 0.259000   7.781 0.000   1.391 0.000   6.390 0.000 0.036 0.000  0.992 0.000
 21.208333  22.208333    8.17 0.000  2.57 0.000 9.999 0.259000   0.87 0.000000 0.032 0.559  0.553 0.000  0.774 0.000 999.99 0.259000   3.681 0.000   0.822 0.000   2.860 0.000 0.032 0.000  0.450 0.559
 24.208333  25.208333    7.53 0.000  0.96 0.000 9.999 0.259000   0.54 0.000000 0.111 0.000  0.487 0.000  0.681 0.000 999.99 0.259000   4.754 0.000   0.727 0.000   4.027 0.000 0.020 0.000  0.658 0.000
 27.208333  28.208333    8.47 0.000  1.22 0.000 9.999 0.259000   0.42 0.000000 0.170 0.000  0.580 0.000  0.811 0.000 999.99 0.259000   4.574 0.000   0.606 0.000   3.968 0.000 0.026 0.000  0.511 0.000
 30.208333  31.208333    5.38 0.000  1.46 0.000 0.075 0.000000   6.47 0.000000 0.069 0.000  0.640 0.000  0.895 0.000 999.99 0.259000   5.498 0.000   0.401 0.000   5.097 0.000 0.075 0.000  0.806 0.000
 33.208333  34.208333    5.74 0.000  2.11 0.000 9.999 0.259000   0.30 0.000000 0.080 0.559  0.545 0.000  0.764 0.000 999.99 0.259000   4.158 0.000   0.585 0.000   3.574 0.000 0.034 0.000  0.532 0.559
 36.208333  37.208333    7.18 0.000  1.75 0.000 9.999 0.259000   0.90 0.000000 0.087 0.559  0.806 0.000  1.128 0.000 999.99 0.259000   6.767 0.000   1.147 0.000   5.620 0.000 0.024 0.000  1.068 0.559
 39.208333  40.208333    8.55 0.000  2.40 0.000 9.999 0.259000  10.66 0.000000 0.091 0.000  0.844 0.000  1.181 0.000 999.99 0.259000   7.771 0.000   1.203 0.000   6.568 0.000 0.164 0.000  1.136 0.000
 42.208333  43.208333 9999.99 0.999 99.99 0.999 9.999 0.999000 999.99 0.999000 9.999 0.999 99.999 0.999 99.999 0.999 999.99 0.999000 999.999 0.999 999.999 0.999 999.999 0.999 9.999 0.999 99.999 0.999
 45.208333  46.208333 9999.99 0.999 99.99 0.999 9.999 0.999000 999.99 0.999000 9.999 0.999 99.999 0.999 99.999 0.999 999.99 0.999000 999.999 0.999 999.999 0.999 999.999 0.999 9.999 0.999 99.999 0.999
 48.208333  49.208333 9999.99 0.999 99.99 0.999 9.999 0.999000 999.99 0.999000 9.999 0.999 99.999 0.999 99.999 0.999 999.99 0.999000 999.999 0.999 999.999 0.999 999.999 0.999 9.999 0.999 99.999 0.999
 51.208333  52.208333   11.26 0.000  1.66 0.000 9.999 0.259000   0.32 0.000000 0.128 0.000  0.471 0.000  0.660 0.000 999.99 0.259000   5.406 0.000   1.862 0.000   3.544 0.000 0.025 0.000  0.472 0.000
 54.208333  55.208333    7.39 0.000  1.36 0.000 9.999 0.259000   0.25 0.000000 0.049 0.559  0.290 0.000  0.406 0.000 999.99 0.259000   3.451 0.000   1.184 0.000   2.267 0.000 0.021 0.000  0.267 0.559
 57.208333  58.208333    7.03 0.000  0.96 0.000 0.052 0.000000 999.99 0.259000 0.046 0.000  0.496 0.000  0.694 0.000 999.99 0.259000   4.354 0.000   1.470 0.000   2.884 0.000 0.020 0.000  0.383 0.000
 60.208333  61.208333   12.25 0.000  2.54 0.000 9.999 0.259000   1.11 0.000000 0.088 0.000  0.736 0.000  1.031 0.000 999.99 0.259000   5.815 0.000   1.742 0.000   4.073 0.000 0.037 0.000  0.455 0.000
 63.208333  64.208333    4.65 0.000 99.99 0.259 9.999 0.259000   1.14 0.000000 0.040 0.559  0.378 0.000  0.529 0.000 999.99 0.259000   2.994 0.000   0.640 0.000   2.354 0.000 0.021 0.000  0.284 0.559
 66.208333  67.208333    7.00 0.000  0.60 0.000 9.999 0.259000   1.36 0.000000 0.044 0.000  0.322 0.000  0.451 0.000 999.99 0.259000   3.535 0.000   1.733 0.000   1.803 0.000 0.025 0.000  0.177 0.000
 69.208333  70.208333   13.57 0.000  2.15 0.000 9.999 0.259000   0.67 0.000000 0.061 0.000  0.656 0.000  0.918 0.000 999.99 0.259000   8.619 0.000   1.530 0.000   7.089 0.000 0.023 0.000  1.281 0.000
 72.208333  73.208333    7.26 0.000  1.30 0.000 9.999 0.259000   0.66 0.000000 0.018 0.559  0.312 0.000  0.437 0.000 999.99 0.259000   4.330 0.000   0.636 0.000   3.694 0.000 0.010 0.000  0.699 0.559
 75.208333  76.208333   17.48 0.000  1.79 0.000 9.999 0.259000   2.79 0.000000 0.109 0.559  0.552 0.000  0.773 0.000 999.99 0.259000   4.561 0.000   1.307 0.000   3.254 0.000 0.054 0.000  0.368 0.559
 78.208333  79.208333   10.59 0.000  1.24 0.000 9.999 0.259000   2.05 0.000000 0.031 0.000  0.335 0.000  0.469 0.000 999.99 0.259000   2.782 0.000   1.042 0.000   1.740 0.000 0.029 0.000  0.176 0.000
 81.208333  82.208333 9999.99 0.699 99.99 0.699 9.999 0.699000 999.99 0.699000 9.999 0.699 99.999 0.999 99.999 0.999 999.99 0.699000   1.320 0.000 999.999 0.999 999.999 0.699 9.999 0.699 99.999 0.699
 84.208333  85.208333   12.13 0.000  0.98 0.000 9.999 0.259000   0.62 0.000000 0.033 0.000  0.503 0.000  0.705 0.000 999.99 0.259000   5.547 0.000   1.883 0.000   3.664 0.000 0.020 0.000  0.593 0.000
 87.208333  88.208333   27.43 0.000  2.81 0.000 9.999 0.259000   0.59 0.000000 0.036 0.000  0.437 0.000  0.611 0.000 999.99 0.259000   5.598 0.000   1.202 0.000   4.395 0.000 0.034 0.000  0.630 0.000
 90.208333  91.208333    9.81 0.000  1.79 0.000 9.999 0.259000   3.50 0.000000 0.029 0.000  0.250 0.000  0.351 0.000 999.99 0.259000   4.175 0.000   0.891 0.000   3.283 0.000 0.050 0.000  0.485 0.000
 93.208333  94.208333   17.14 0.000  1.76 0.000 9.999 0.259000   1.36 0.000000 0.061 0.559  0.407 0.000  0.570 0.000 999.99 0.259000   4.520 0.000   1.369 0.000   3.151 0.000 0.033 0.000  0.373 0.559
 96.208333  97.208333 9999.99 0.456 99.99 0.456 9.999 0.456000 999.99 0.456000 0.024 0.000  0.591 0.000  0.827 0.000 999.99 0.456000   5.260 0.000 999.999 0.999 999.999 0.456 9.999 0.456  0.583 0.000
 99.208333 100.208333 9999.99 0.456 99.99 0.456 9.999 0.456000 999.99 0.456000 0.021 0.559  0.545 0.000  0.764 0.000 999.99 0.456000   4.152 0.000 999.999 0.999 999.999 0.456 9.999 0.456  0.357 0.559
102.208333 103.208333 9999.99 0.456 99.99 0.456 9.999 0.456000 999.99 0.456000 0.011 0.000  0.543 0.000  0.761 0.000 999.99 0.456000   2.845 0.000 999.999 0.999 999.999 0.456 9.999 0.456  0.316 0.000
105.208333 106.208333   10.70 0.559  1.18 0.559 9.999 0.559259   3.09 0.559000 0.036 0.559  0.550 0.000  0.771 0.000 999.99 0.559259   3.432 0.000   0.910 0.000   2.523 0.559 0.028 0.559  0.280 0.559
108.208333 109.208333   19.68 0.000  1.43 0.000 9.999 0.259000 999.99 0.259000 0.023 0.000  0.333 0.000  0.466 0.000 999.99 0.259000   4.438 0.000   1.561 0.000   2.877 0.000 0.027 0.000  0.364 0.000
111.208333 112.208333  109.56 0.000  2.85 0.000 9.999 0.259000 999.99 0.259000 0.075 0.559  1.453 0.000  2.035 0.000 999.99 0.259000  14.461 0.000   4.149 0.000  10.311 0.000 0.071 0.000  1.250 0.559
114.208333 115.208333   76.17 0.000  2.06 0.000 9.999 0.259000 999.99 0.259000 0.046 0.000  0.740 0.000  1.036 0.000 999.99 0.259000   8.177 0.000   3.538 0.000   4.639 0.000 0.055 0.000  0.470 0.000
117.208333 118.208333   37.08 0.000  1.69 0.000 9.999 0.259000   0.83 0.000000 0.059 0.559  0.602 0.000  0.843 0.000 999.99 0.259000   6.123 0.000   2.880 0.000   3.243 0.000 0.039 0.000  0.313 0.559
120.208333 121.208333   85.42 0.000  3.59 0.000 9.999 0.259000   1.29 0.000000 0.051 0.000  1.453 0.000  2.034 0.000 999.99 0.259000  16.718 0.000   7.018 0.000   9.701 0.000 0.071 0.000  1.142 0.000
123.208333 124.208333   88.38 0.000  2.34 0.000 9.999 0.259000   0.81 0.000000 0.085 0.559  2.517 0.000  3.524 0.000 999.99 0.259000  24.448 0.000   8.449 0.000  15.999 0.000 0.060 0.000  2.152 0.559
126.208333 127.208333   31.93 0.559  1.31 0.559 9.999 0.559259 999.99 0.559259 0.020 0.000  0.740 0.000  1.036 0.000 999.99 0.559259   5.106 0.000   2.640 0.000   2.466 0.559 0.034 0.559  0.172 0.000
129.208333 130.208333  123.77 0.000  3.30 0.000 9.999 0.259000 999.99 0.259000 0.066 0.000  1.490 0.000  2.085 0.000 999.99 0.259000  16.830 0.000   8.802 0.000   8.029 0.000 0.083 0.000  0.736 0.000
132.208333 133.208333   24.03 0.000  0.74 0.000 9.999 0.259000 999.99 0.259000 0.015 0.000  0.467 0.000  0.653 0.000 999.99 0.259000   3.636 0.000   1.647 0.000   1.988 0.000 0.028 0.000  0.205 0.000
135.208333 136.208333   17.12 0.000  0.91 0.000 9.999 0.259000   1.21 0.000000 0.029 0.000  0.326 0.000  0.456 0.000 999.99 0.259000   3.922 0.000   1.325 0.000   2.597 0.000 0.018 0.000  0.386 0.000
138.208333 139.208333    5.07 0.000  0.63 0.000 9.999 0.259000   1.89 0.000000 0.011 0.000  0.794 0.000  1.111 0.000 999.99 0.259000   4.264 0.000   1.351 0.000   2.913 0.000 0.018 0.000  0.372 0.000
141.208333 142.208333   23.53 0.000  0.61 0.000 9.999 0.259000 999.99 0.259000 0.043 0.000  0.539 0.000  0.755 0.000 999.99 0.259000   7.554 0.000   4.478 0.000   3.076 0.000 0.022 0.000  0.442 0.000
144.208333 145.208333   45.87 0.000  0.93 0.000 9.999 0.259000   0.69 0.000000 0.047 0.559  1.128 0.000  1.579 0.000 999.99 0.259000  13.686 0.000   9.525 0.000   4.161 0.000 0.036 0.000  0.316 0.559
147.208333 148.208333    2.94 0.000  1.10 0.000 0.007 0.000000   0.48 0.000000 0.015 0.000  1.433 0.000  2.006 0.000  20.36 0.000000 999.999 0.999 999.999 0.999   3.647 0.000 0.034 0.000  0.327 0.000
150.208333 151.208333    9.27 0.000  1.24 0.000 9.999 0.259000   0.92 0.000000 0.021 0.000  0.389 0.000  0.545 0.000 999.99 0.259000 999.999 0.999 999.999 0.999   1.236 0.000 0.013 0.000  0.139 0.000
153.208333 154.208333    2.66 0.000  0.41 0.000 9.999 0.259000   0.22 0.000000 0.008 0.000  0.382 0.000  0.535 0.000 999.99 0.259000 999.999 0.999 999.999 0.999   1.148 0.000 0.012 0.000  0.105 0.000
156.208333 157.208333    7.37 0.000  0.44 0.000 9.999 0.259000 999.99 0.259000 0.021 0.559  1.337 0.000  1.871 0.000 999.99 0.259000 999.999 0.999 999.999 0.999   1.758 0.000 0.014 0.000  0.158 0.559
159.208333 160.208333   27.85 0.000  1.45 0.000 9.999 0.259000 999.99 0.259000 0.020 0.559  0.912 0.000  1.276 0.000 999.99 0.259000 999.999 0.999 999.999 0.999   4.471 0.000 0.029 0.000  0.303 0.559
162.208333 163.208333    4.16 0.000  0.97 0.000 9.999 0.259000   0.46 0.000000 0.055 0.000  0.443 0.000  0.620 0.000 999.99 0.259000 999.999 0.999 999.999 0.999   5.835 0.000 0.023 0.000  0.860 0.000
165.208333 166.208333   26.80 0.000  2.04 0.000 9.999 0.259000   0.94 0.000000 0.017 0.000  3.614 0.000  5.059 0.000 999.99 0.259000 999.999 0.999 999.999 0.999  15.940 0.000 0.044 0.000  1.788 0.000
168.208333 169.208333    9.86 0.000  1.12 0.000 9.999 0.259000 999.99 0.259000 0.011 0.000  2.447 0.000  3.426 0.000 999.99 0.259000 999.999 0.999 999.999 0.999   7.267 0.000 0.036 0.000  0.529 0.000
171.208333 172.208333 9999.99 0.999 99.99 0.999 9.999 0.999000 999.99 0.999000 9.999 0.999 99.999 0.999 99.999 0.999 999.99 0.999000 999.999 0.999 999.999 0.999 999.999 0.999 9.999 0.999 99.999 0.999
174.208333 175.208333 9999.99 0.999 99.99 0.999 9.999 0.999000 999.99 0.999000 9.999 0.999 99.999 0.999 99.999 0.999 999.99 0.999000 999.999 0.999 999.999 0.999 999.999 0.999 9.999 0.999 99.999 0.999
177.208333 178.208333   27.57 0.000  1.78 0.000 9.999 0.259000   0.22 0.000000 0.021 0.000  2.044 0.000  2.861 0.000 999.99 0.259000 999.999 0.999 999.999 0.999  16.264 0.000 0.042 0.000  2.105 0.000
180.208333 181.208333   48.35 0.000  2.02 0.000 9.999 0.259000   0.67 0.000000 0.022 0.000  1.913 0.000  2.678 0.000 999.99 0.259000 999.999 0.999 999.999 0.999  29.070 0.000 0.056 0.000  4.930 0.000
183.208333 184.208333    7.25 0.000  0.67 0.000 9.999 0.259000 999.99 0.259000 0.013 0.000  0.745 0.000  1.043 0.000 999.99 0.259000 999.999 0.999 999.999 0.999   3.889 0.000 0.021 0.000  0.279 0.000
186.208333 187.208333    5.65 0.000  0.59 0.000 9.999 0.259000 999.99 0.259000 0.008 0.000  0.680 0.000  0.951 0.000 999.99 0.259000 999.999 0.999 999.999 0.999   2.373 0.000 0.020 0.000  0.150 0.000
189.208333 190.208333   14.39 0.000  1.88 0.000 9.999 0.259000   0.32 0.000000 0.016 0.000  1.429 0.000  2.000 0.000 999.99 0.259000 999.999 0.999 999.999 0.999  13.219 0.000 0.031 0.000  1.857 0.000
192.208333 193.208333    2.17 0.000  0.40 0.000 9.999 0.259000 999.99 0.259000 0.006 0.000  0.503 0.000  0.704 0.000 999.99 0.259000 999.999 0.999 999.999 0.999   1.473 0.000 0.019 0.000  0.086 0.000
195.208333 196.208333    2.67 0.000  0.64 0.000 9.999 0.259000   0.14 0.000000 0.007 0.000  0.725 0.000  1.015 0.000 999.99 0.259000 999.999 0.999 999.999 0.999   2.555 0.000 0.028 0.000  0.223 0.000
198.208333 199.208333    6.08 0.000  0.75 0.000 9.999 0.259000   1.05 0.000000 0.010 0.000  0.967 0.000  1.354 0.000 999.99 0.259000 999.999 0.999 999.999 0.999   3.397 0.000 0.039 0.000  0.220 0.000
201.208333 202.208333   22.44 0.000  0.58 0.000 9.999 0.259000 999.99 0.259000 0.011 0.000  2.152 0.000  3.012 0.000 999.99 0.259000 999.999 0.999 999.999 0.999   6.731 0.000 0.035 0.000  0.334 0.000
204.208333 205.208333   69.58 0.000  1.73 0.000 9.999 0.259000   0.33 0.000000 0.028 0.000  1.673 0.000  2.343 0.000 999.99 0.259000 999.999 0.999 999.999 0.999  32.027 0.000 0.044 0.000  6.931 0.000
207.208333 208.208333   75.71 0.000  0.39 0.000 9.999 0.259000 999.99 0.259000 0.020 0.000  0.499 0.000  0.699 0.000 999.99 0.259000 999.999 0.999 999.999 0.999   2.465 0.000 0.032 0.000  0.091 0.000
210.208333 211.208333   19.24 0.000  1.11 0.000 9.999 0.259000   0.63 0.000000 0.017 0.000  2.150 0.000  3.011 0.000 999.99 0.259000 999.999 0.999 999.999 0.999   7.034 0.000 0.027 0.000  0.465 0.000
213.208333 214.208333   30.43 0.000  1.31 0.000 9.999 0.259000   0.50 0.000000 0.025 0.000  2.125 0.000  2.975 0.000 999.99 0.259000 999.999 0.999 999.999 0.999  12.977 0.000 0.033 0.000  1.749 0.000
216.208333 217.208333   19.45 0.000  0.77 0.000 9.999 0.259000   0.24 0.000000 0.013 0.000  2.270 0.000  3.178 0.000 999.99 0.259000 999.999 0.999 999.999 0.999   6.268 0.000 0.034 0.000  0.342 0.000
219.208333 220.208333   37.77 0.000  0.99 0.000 9.999 0.259000 999.99 0.259000 0.011 0.000  2.083 0.000  2.917 0.000 999.99 0.259000 999.999 0.999 999.999 0.999   6.408 0.000 0.048 0.000  0.369 0.000
222.208333 223.208333   32.67 0.000  0.63 0.000 9.999 0.259000 999.99 0.259000 0.008 0.000  0.858 0.000  1.200 0.000 999.99 0.259000 999.999 0.999 999.999 0.999   2.446 0.000 0.032 0.000  0.066 0.000
225.208333 226.208333 9999.99 0.999 99.99 0.999 9.999 0.999000 999.99 0.999000 9.999 0.999 99.999 0.999 99.999 0.999 999.99 0.999000 999.999 0.999 999.999 0.999 999.999 0.999 9.999 0.999 99.999 0.999
228.208333 229.208333   45.59 0.000  1.71 0.000 9.999 0.259000   1.55 0.000000 0.036 0.000  2.711 0.000  3.795 0.000 999.99 0.259000  24.618 0.000   4.708 0.000  19.909 0.000 0.035 0.000  2.685 0.000
231.208333 232.208333   16.68 0.000  2.42 0.000 9.999 0.259000   0.64 0.000000 0.017 0.000  1.238 0.000  1.732 0.000 999.99 0.259000  14.903 0.000   3.488 0.000  11.415 0.000 0.018 0.000  1.799 0.000
234.208333 235.208333   14.19 0.000  1.26 0.000 9.999 0.259000   0.38 0.000000 0.017 0.000  1.925 0.000  2.695 0.000 999.99 0.259000  14.661 0.000   7.746 0.000   6.915 0.000 0.026 0.000  0.600 0.000
237.208333 238.208333   18.78 0.000  1.95 0.000 9.999 0.259000   0.59 0.000000 0.032 0.000  1.533 0.000  2.146 0.000 999.99 0.259000  16.366 0.000   7.176 0.000   9.190 0.000 0.029 0.000  1.180 0.000
