scripts/IMPROVE-2019_partial/data/US0052R.20040101060000.20191216000000.filterpack..pm25.52w.1w.US03L_filterpack_US0052.US03L_IMPROVE_Davis.lev2.nas
64 1001
MISSING INFORMATION
US03L, IMPROVE, , , , , , , 
MISSING INFORMATION
IMPROVE sel_HTAP
1 1
2004 01 01 2019 12 16
3.00
days from file reference point
25
1 1 1 1 1 1 1 1 1 1 1 1 1 1 1 1 1 1 1 1 1 1 1 1 1
999.99 9999.99 9.999 99.99 9.999 9.999 9.999 9.99 9.999 99.999 9.999 999.999 9.999 999.999 9.999 999.999 9.999 999.999 9.999 999.999 9.999 9.999 9.999 99.999 9.999
end_time of measurement, days from the file reference point
iron, ng/m3, Revision date=20181210133000
numflag iron, no unit, Revision date=20181210133000
lead, ng/m3, Revision date=20181210133000
numflag lead, no unit, Revision date=20181210133000
magnesium, ug/m3, Revision date=20181210133000
numflag magnesium, no unit, Revision date=20181210133000
nickel, ng/m3, Revision date=20181210133000
numflag nickel, no unit, Revision date=20181210133000
nitrate, ug N/m3, Revision date=20181210133000
numflag nitrate, no unit, Revision date=20181210133000
organic_carbon, ug C/m3, Revision date=20181210133000
numflag organic_carbon, no unit, Revision date=20181210133000
organic_mass, ug/m3, Revision date=20181210133000
numflag organic_mass, no unit, Revision date=20181210133000
pm10_mass, ug/m3, Version=2, Version description=Data extracted from http://views.cira.colostate.edu/fed/DataWizard 2019-12-16, Sample duration=1d, Orig. time res.=3d, Matrix=pm10, Blank correction=Blank corrected, Volume std. temperature=ambient, Volume std. pressure=ambient
numflag pm10_mass, no unit, Version=2, Version description=Data extracted from http://views.cira.colostate.edu/fed/DataWizard 2019-12-16, Sample duration=1d, Orig. time res.=3d, Matrix=pm10, Blank correction=Blank corrected, Volume std. temperature=ambient, Volume std. pressure=ambient
pm10_pm25_mass, ug/m3, Revision date=20181210133000, Matrix=pm10_pm25
numflag pm10_pm25_mass, no unit, Revision date=20181210133000, Matrix=pm10_pm25
pm25_mass, ug/m3, Version=2, Version description=Data extracted from http://views.cira.colostate.edu/fed/DataWizard 2019-12-16, Sample duration=1d, Orig. time res.=3d, Blank correction=Blank corrected, Volume std. temperature=ambient, Volume std. pressure=ambient
numflag pm25_mass, no unit, Version=2, Version description=Data extracted from http://views.cira.colostate.edu/fed/DataWizard 2019-12-16, Sample duration=1d, Orig. time res.=3d, Blank correction=Blank corrected, Volume std. temperature=ambient, Volume std. pressure=ambient
potassium, ug/m3, Revision date=20181210133000
numflag potassium, no unit, Revision date=20181210133000
sulphate_total, ug S/m3, Revision date=20181210133000
numflag sulphate_total, no unit, Revision date=20181210133000
0
25
Data definition:              EBAS_1.1
Set type code:                TU
Timezone:                     UTC
File name:                    US0052R.20040101060000.20191216000000.filterpack..pm25.52w.1w.US03L_filterpack_US0052.US03L_IMPROVE_Davis.lev2.nas
File creation:                20191218115834
Startdate:                    20040101060000
Revision date:                20191216000000
Statistics:                   arithmetic mean
Data level:                   2
Period code:                  52w
Resolution code:              1w
Station code:                 US0052R
Platform code:                US0052S
Station name:                 Hercules-Glades
Station latitude:             36.6138
Station longitude:            -92.9221
Station altitude:             404.0 m
Regime:                       IMG
Component:                    
Matrix:                       pm25
Laboratory code:              US03L
Instrument type:              filterpack
Instrument name:              filterpack_US0052
Method ref:                   US03L_IMPROVE_Davis
starttime endtime Fe flag_Fe Pb flag_Pb Mg++ flag_Mg++ Ni flag_Ni NO3- flag_NO3- OC flag_OC OM flag_OM PM10 flag_PM10 PM10-PM2.5 flag_PM10-PM2.5 PM2.5 flag_PM2.5 K+ flag_K+ SO4-- flag_SO4--
[from data line 94]
282.25 283.25   24.36 0.000  1.80 0.000 9.999 0.259 9.99 0.259  0.083 0.000   2.038 0.000   2.853 0.000  17.135 0.000   4.103 0.000  13.032 0.000 0.056 0.000  1.804 0.000
285.25 286.25    7.58 0.000  1.23 0.000 9.999 0.259 0.10 0.000  0.051 0.000   0.745 0.000   1.043 0.000   4.368 0.000   0.809 0.000   3.559 0.000 0.014 0.000  0.472 0.000
288.25 289.25   18.62 0.000  1.30 0.000 9.999 0.259 9.99 0.259  0.037 0.000   0.652 0.000   0.913 0.000   6.778 0.000   3.994 0.000   2.784 0.000 0.025 0.000  0.182 0.000
291.25 292.25   28.70 0.000  1.48 0.000 9.999 0.259 0.30 0.000  0.071 0.000   1.541 0.000   2.158 0.000  16.601 0.000   7.966 0.000   8.634 0.000 0.049 0.000  1.030 0.000
294.25 295.25    7.96 0.000  1.40 0.000 0.125 0.000 9.99 0.259  0.073 0.000   1.197 0.000   1.676 0.000  11.615 0.000   1.906 0.000   9.710 0.000 0.023 0.000  1.455 0.000
297.25 298.25   11.05 0.000  2.38 0.000 0.079 0.000 0.15 0.000  0.027 0.000   1.208 0.000   1.691 0.000   6.657 0.000   2.785 0.000   3.872 0.000 0.034 0.000  0.149 0.000
300.25 301.25   11.84 0.000  1.00 0.000 9.999 0.259 0.34 0.000  0.061 0.000   1.031 0.000   1.444 0.000   9.927 0.000   2.890 0.000   7.036 0.000 0.049 0.000  0.999 0.000
303.25 304.25   12.35 0.000  0.72 0.000 9.999 0.259 0.13 0.000  0.017 0.000   0.766 0.000   1.073 0.000   7.520 0.000   4.877 0.000   2.643 0.000 0.026 0.000  0.231 0.000
306.25 307.25    2.91 0.000  0.55 0.000 9.999 0.259 9.99 0.259  0.040 0.000   0.330 0.000   0.461 0.000   3.607 0.000   1.392 0.000   2.216 0.000 0.006 0.000  0.357 0.000
309.25 310.25   19.54 0.000  2.32 0.000 9.999 0.259 9.99 0.259  0.198 0.000   1.061 0.000   1.485 0.000   6.655 0.000   2.939 0.000   3.716 0.000 0.055 0.000  0.275 0.000
312.25 313.25   20.32 0.000  6.29 0.000 9.999 0.259 0.09 0.000  0.040 0.000   1.186 0.000   1.660 0.000   9.714 0.000   5.768 0.000   3.946 0.000 0.044 0.000  0.286 0.000
315.25 316.25   10.44 0.000  1.43 0.000 0.087 0.000 0.08 0.000  0.076 0.000   0.852 0.000   1.193 0.000   5.198 0.000   0.793 0.000   4.405 0.000 0.026 0.000  0.515 0.000
318.25 319.25   29.31 0.000  3.05 0.000 9.999 0.259 0.21 0.000  0.080 0.000   1.099 0.000   1.538 0.000   8.816 0.000   2.781 0.000   6.035 0.000 0.046 0.000  0.654 0.000
321.25 322.25   22.09 0.000  1.85 0.000 9.999 0.259 0.22 0.000  0.177 0.000   1.686 0.000   2.360 0.000  12.615 0.000   4.386 0.000   8.229 0.000 0.074 0.000  0.873 0.000
324.25 325.25   12.41 0.000  1.28 0.000 9.999 0.259 0.21 0.000  0.254 0.000   0.832 0.000   1.164 0.000   6.200 0.000   2.285 0.000   3.916 0.000 0.040 0.000  0.471 0.000
327.25 328.25    3.74 0.000  0.69 0.000 0.124 0.000 0.19 0.000  0.089 0.000   0.293 0.000   0.410 0.000   2.850 0.000   0.597 0.000   2.253 0.000 0.016 0.000  0.293 0.000
330.25 331.25   12.16 0.000  0.98 0.000 9.999 0.259 0.34 0.000  0.053 0.000   0.993 0.000   1.390 0.000   6.559 0.000   1.950 0.000   4.609 0.000 0.037 0.000  0.452 0.000
333.25 334.25    7.97 0.000  1.59 0.000 9.999 0.259 0.13 0.000  0.165 0.000   0.415 0.000   0.581 0.000   3.472 0.000   1.014 0.000   2.458 0.000 0.020 0.000  0.275 0.000
336.25 337.25   20.46 0.000  1.50 0.000 9.999 0.259 0.07 0.000  0.336 0.000   0.910 0.000   1.274 0.000   6.216 0.000   2.080 0.000   4.136 0.000 0.042 0.000  0.268 0.000
339.25 340.25   13.79 0.000  1.84 0.000 9.999 0.259 0.15 0.000  0.282 0.000   1.301 0.000   1.822 0.000   8.016 0.000   2.270 0.000   5.746 0.000 0.048 0.000  0.343 0.000
342.25 343.25   16.55 0.000  1.69 0.000 9.999 0.259 0.09 0.000  0.196 0.000   0.851 0.000   1.191 0.000   6.001 0.000   1.877 0.000   4.124 0.000 0.030 0.000  0.380 0.000
345.25 346.25    9.25 0.000  1.22 0.000 9.999 0.259 9.99 0.259  0.286 0.000   0.483 0.000   0.676 0.000   9.216 0.000   2.973 0.000   6.244 0.000 0.017 0.000  1.112 0.000
348.25 349.25   15.29 0.000  0.89 0.000 9.999 0.259 9.99 0.259  0.211 0.000   0.682 0.000   0.955 0.000   5.227 0.000   2.192 0.000   3.035 0.000 0.025 0.000  0.158 0.000
351.25 352.25   30.17 0.000  2.97 0.000 9.999 0.259 9.99 0.259  0.801 0.000   2.510 0.000   3.514 0.000  15.469 0.000   6.789 0.000   8.681 0.000 0.085 0.000  0.241 0.000
354.25 355.25   20.16 0.000  0.96 0.000 9.999 0.259 9.99 0.259  0.177 0.000   1.063 0.000   1.489 0.000   8.608 0.000   4.831 0.000   3.777 0.000 0.045 0.000  0.251 0.000
357.25 358.25   16.38 0.000  1.35 0.000 9.999 0.259 0.23 0.000  0.305 0.000   0.557 0.000   0.780 0.000   7.618 0.000   4.175 0.000   3.442 0.000 0.029 0.000  0.196 0.000
360.25 361.25   21.90 0.000  1.69 0.000 0.051 0.000 9.99 0.259  0.849 0.000   1.940 0.000   2.716 0.000  13.556 0.000   4.861 0.000   8.696 0.000 0.059 0.000  0.427 0.000
363.25 364.25   13.96 0.000  1.29 0.000 9.999 0.259 0.40 0.000  0.208 0.000   1.347 0.000   1.886 0.000  10.913 0.000   3.301 0.000   7.612 0.000 0.063 0.000  0.922 0.000
