scripts/IMPROVE-2019_partial/data/US0010U.20130101060000.20191216000000.filterpack...52w.3d.US03L_filterpack_US0010.US03L_IMPROVE_Davis.lev2.nas
52 1001
MISSING INFORMATION
US03L, IMPROVE, , , , , , , 
MISSING INFORMATION
IMPROVE sel_HTAP
1 1
2013 01 01 2019 12 16
3.00
days from file reference point
5
1 1 1 1 1
999.99 999.999 9.999 999.999 9.999
end_time of measurement, days from the file reference point
pm10_mass, ug/m3, Matrix=pm10
numflag pm10_mass, no unit, Matrix=pm10
pm25_mass, ug/m3, Matrix=pm25
numflag pm25_mass, no unit, Matrix=pm25
0
33
Data definition:              EBAS_1.1
Set type code:                TU
Timezone:                     UTC
File name:                    US0010U.20130101060000.20191216000000.filterpack...52w.3d.US03L_filterpack_US0010.US03L_IMPROVE_Davis.lev2.nas
File creation:                20191218115604
Startdate:                    20130101060000
Revision date:                20191216000000
Version:                      2
Version description:          "Data extracted from http://views.cira.colostate.edu/fed/DataWizard 2019-12-16"
Statistics:                   arithmetic mean
Data level:                   2
Period code:                  52w
Resolution code:              3d
Sample duration:              1d
Orig. time res.:              3d
Station code:                 US0010U
Platform code:                US0010S
Station name:                 Birmingham
Station latitude:             33.5531
Station longitude:            -86.8148
Station altitude:             175.0 m
Regime:                       IMG
Component:                    
Unit:                         ug/m3
Matrix:                       
Laboratory code:              US03L
Instrument type:              filterpack
Instrument name:              filterpack_US0010
Method ref:                   US03L_IMPROVE_Davis
Blank correction:             Blank corrected
Volume std. temperature:      ambient
Volume std. pressure:         ambient
starttime endtime PM10 flag_PM10 PM2.5 flag_PM2.5
  0.25   1.25   6.060 0.000   4.272 0.000
  3.25   4.25  13.963 0.000   9.721 0.000
  6.25   7.25  18.165 0.000  11.215 0.000
  9.25  10.25  15.932 0.000   9.704 0.000
 12.25  13.25   8.527 0.000   3.849 0.000
 15.25  16.25   2.627 0.000   1.758 0.000
 18.25  19.25  21.982 0.000  11.296 0.000
 21.25  22.25  10.419 0.000   4.591 0.000
 24.25  25.25 999.999 0.999 999.999 0.999
 27.25  28.25 999.999 0.999 999.999 0.999
 30.25  31.25   6.731 0.000   4.015 0.000
 33.25  34.25   6.706 0.000   4.618 0.000
 36.25  37.25  14.750 0.000   9.533 0.000
 39.25  40.25  12.799 0.000   8.989 0.000
 42.25  43.25   7.084 0.000   4.092 0.000
 45.25  46.25  30.799 0.000  13.239 0.000
 48.25  49.25   9.568 0.000   5.081 0.000
 51.25  52.25  14.848 0.000   8.061 0.000
 54.25  55.25  15.313 0.000  10.798 0.000
 57.25  58.25  10.597 0.000   6.720 0.000
 60.25  61.25   5.931 0.000   4.723 0.000
 63.25  64.25  12.350 0.000   6.544 0.000
 66.25  67.25  22.806 0.000  11.822 0.000
 69.25  70.25   8.439 0.000   4.352 0.000
 72.25  73.25  14.002 0.000   7.046 0.000
 75.25  76.25  15.917 0.000   9.945 0.000
 78.25  79.25  12.421 0.000   4.111 0.000
 81.25  82.25  13.177 0.000  10.401 0.000
 84.25  85.25   6.724 0.000   4.563 0.000
 87.25  88.25  36.555 0.000  16.705 0.000
 90.25  91.25   8.522 0.000   5.339 0.000
 93.25  94.25   5.517 0.000   4.331 0.000
 96.25  97.25  13.971 0.000   7.290 0.000
 99.25 100.25  22.436 0.000   9.541 0.000
102.25 103.25  20.013 0.000   8.966 0.000
105.25 106.25  17.460 0.000   9.920 0.000
108.25 109.25   6.538 0.000   2.941 0.000
111.25 112.25  19.802 0.000  11.031 0.000
114.25 115.25  16.580 0.000   6.972 0.000
117.25 118.25  13.536 0.000   8.282 0.000
120.25 121.25  17.070 0.000   8.587 0.000
123.25 124.25   5.756 0.000   2.908 0.000
126.25 127.25   9.378 0.000   4.292 0.000
129.25 130.25  15.995 0.000   8.373 0.000
132.25 133.25  16.923 0.000   6.929 0.000
135.25 136.25  32.230 0.000  14.493 0.000
138.25 139.25  22.035 0.000  16.327 0.000
141.25 142.25  18.251 0.000   7.781 0.000
144.25 145.25  14.909 0.000   7.698 0.000
147.25 148.25  22.257 0.000   9.228 0.000
150.25 151.25 999.999 0.999 999.999 0.999
153.25 154.25 999.999 0.999 999.999 0.999
156.25 157.25  18.910 0.000   8.848 0.000
159.25 160.25  11.714 0.000   6.714 0.000
162.25 163.25  36.052 0.000  17.294 0.000
165.25 166.25  22.669 0.000  12.736 0.000
168.25 169.25  14.362 0.000   8.068 0.000
171.25 172.25  21.967 0.000  12.399 0.000
174.25 175.25  19.629 0.000  10.514 0.000
177.25 178.25  34.269 0.000  16.175 0.000
180.25 181.25  21.688 0.000   9.849 0.000
183.25 184.25  18.322 0.000   8.956 0.000
186.25 187.25   6.951 0.000   3.374 0.000
189.25 190.25  14.345 0.000   7.726 0.000
192.25 193.25  21.640 0.000  12.145 0.000
195.25 196.25  14.400 0.000   5.963 0.000
198.25 199.25  17.151 0.000   9.789 0.000
201.25 202.25  12.779 0.000   8.352 0.000
204.25 205.25  15.803 0.000   8.440 0.000
207.25 208.25  27.321 0.000  16.460 0.000
210.25 211.25  33.851 0.000  12.694 0.000
213.25 214.25  25.599 0.000  14.549 0.000
216.25 217.25  24.861 0.000  13.236 0.000
219.25 220.25  18.177 0.000  11.480 0.000
222.25 223.25  14.169 0.000   9.476 0.000
225.25 226.25  20.120 0.000  11.797 0.000
228.25 229.25  12.461 0.000   8.995 0.000
231.25 232.25  18.429 0.000   8.842 0.000
234.25 235.25  25.406 0.000  11.286 0.000
237.25 238.25  25.991 0.000  11.924 0.659
240.25 241.25  32.347 0.000  17.891 0.000
243.25 244.25  26.721 0.000  18.587 0.000
246.25 247.25  29.654 0.000  13.812 0.000
249.25 250.25  31.758 0.000  17.851 0.000
252.25 253.25  34.963 0.000  19.154 0.000
255.25 256.25  24.638 0.000   9.691 0.659
258.25 259.25  53.414 0.000  18.906 0.000
261.25 262.25  23.424 0.000  10.951 0.000
264.25 265.25  11.459 0.000   6.014 0.659
267.25 268.25  16.684 0.000   9.212 0.000
270.25 271.25  14.789 0.000   7.018 0.000
273.25 274.25  20.508 0.000   8.977 0.000
276.25 277.25  24.840 0.000  12.611 0.000
279.25 280.25   9.181 0.000   2.922 0.000
282.25 283.25  28.487 0.000  11.427 0.000
285.25 286.25  27.645 0.000  14.334 0.000
288.25 289.25  14.374 0.000   7.434 0.000
291.25 292.25  12.590 0.000   7.862 0.000
294.25 295.25  21.686 0.000  10.683 0.000
297.25 298.25  14.391 0.000   5.440 0.000
300.25 301.25  21.364 0.000  13.645 0.000
303.25 304.25 999.999 0.999 999.999 0.999
306.25 307.25 999.999 0.999 999.999 0.999
309.25 310.25  18.884 0.000   7.359 0.000
312.25 313.25  16.095 0.000   9.223 0.000
315.25 316.25 999.999 0.456  12.481 0.000
318.25 319.25  19.635 0.000  11.099 0.000
321.25 322.25 999.999 0.456   3.365 0.000
324.25 325.25  23.757 0.000  11.297 0.000
327.25 328.25   7.676 0.000   5.021 0.000
330.25 331.25  10.210 0.000   5.245 0.000
333.25 334.25  21.623 0.000  13.922 0.000
336.25 337.25  17.740 0.000  12.749 0.000
339.25 340.25   7.814 0.000   3.615 0.000
342.25 343.25   4.843 0.000   2.918 0.000
345.25 346.25  14.020 0.000   8.370 0.000
348.25 349.25  10.596 0.000   8.953 0.000
351.25 352.25  30.041 0.000   9.950 0.000
354.25 355.25  10.417 0.000   5.258 0.000
357.25 358.25   6.930 0.000   4.819 0.000
360.25 361.25  29.093 0.000  14.584 0.000
363.25 364.25  15.677 0.000  10.871 0.000
