scripts/IMPROVE-2019_partial/data/US0072R.19990102070000.20191216000000.filterpack...1y.3d.US03L_filterpack_US0072.US03L_IMPROVE_Davis.lev2.nas
51 1001
MISSING INFORMATION
US03L, IMPROVE, , , , , , , 
MISSING INFORMATION
IMPROVE sel_HTAP
1 1
1999 01 01 2019 12 16
0
days from file reference point
4
1 1 1 1
999.999999 999.999 999.999 9.999
end_time of measurement, days from the file reference point
pm10_mass, ug/m3, Matrix=pm10
pm25_mass, ug/m3, Matrix=pm25
numflag, no unit
0
33
Data definition:              EBAS_1.1
Set type code:                TI
Timezone:                     UTC
File name:                    US0072R.19990102070000.20191216000000.filterpack...1y.3d.US03L_filterpack_US0072.US03L_IMPROVE_Davis.lev2.nas
File creation:                20191218120020
Startdate:                    19990102070000
Revision date:                20191216000000
Version:                      2
Version description:          "Data extracted from http://views.cira.colostate.edu/fed/DataWizard 2019-12-16"
Statistics:                   arithmetic mean
Data level:                   2
Period code:                  1y
Resolution code:              3d
Sample duration:              1d
Orig. time res.:              3d
Station code:                 US0072R
Platform code:                US0072S
Station name:                 Badlands NP
Station latitude:             43.7435
Station longitude:            -101.9412
Station altitude:             736.0 m
Regime:                       IMG
Component:                    
Unit:                         ug/m3
Matrix:                       
Laboratory code:              US03L
Instrument type:              filterpack
Instrument name:              filterpack_US0072
Method ref:                   US03L_IMPROVE_Davis
Blank correction:             Blank corrected
Volume std. temperature:      ambient
Volume std. pressure:         ambient
starttime endtime PM10 PM2.5 flag
  1.291667   2.291667   6.460   3.968 0.000
  5.291667   6.291667   7.506   3.702 0.000
  8.291667   9.291667   3.974 999.999 0.000
 12.291667  13.291667   4.536   3.767 0.000
 15.291667  16.291667   7.547 999.999 0.000
 19.291667  20.291667   2.288   1.455 0.000
 22.291667  23.291667   5.719   5.159 0.000
 26.291667  27.291667   8.356   6.163 0.000
 29.291667  30.291667   5.571   2.638 0.000
 33.291667  34.291667  10.378   1.636 0.000
 36.291667  37.291667   3.632   1.218 0.000
 40.291667  41.291667   9.698   2.863 0.000
 43.291667  44.291667   4.231   1.444 0.000
 47.291667  48.291667   6.653   3.210 0.000
 50.291667  51.291667   6.113   5.278 0.000
 54.291667  55.291667   3.149   0.953 0.000
 57.291667  58.291667   3.294   0.957 0.000
 61.291667  62.291667   6.105   2.650 0.000
 64.291667  65.291667  10.979   9.229 0.000
 68.291667  69.291667  16.306  13.829 0.000
 71.291667  72.291667   9.398   7.405 0.000
 75.291667  76.291667   5.111   2.366 0.000
 78.291667  79.291667   7.764   3.487 0.000
 82.291667  83.291667   9.610   3.650 0.000
 85.291667  86.291667  16.366   2.574 0.000
 89.291667  90.291667  20.146   6.548 0.000
 92.291667  93.291667   3.396   2.144 0.000
 96.291667  97.291667   4.159   2.325 0.000
 99.291667 100.291667   2.680 999.999 0.000
103.291667 104.291667   5.438   2.275 0.000
106.291667 107.291667   5.732   2.630 0.000
110.291667 111.291667   4.617   2.968 0.000
113.291667 114.291667   5.817   2.404 0.000
117.291667 118.291667   8.825   6.054 0.000
120.291667 121.291667  17.730  12.130 0.000
124.291667 125.291667  11.752   3.337 0.000
127.291667 128.291667   6.334   2.838 0.000
131.291667 132.291667   9.715   2.571 0.000
134.291667 135.291667   6.501   2.512 0.000
138.291667 139.291667   9.271   3.631 0.000
141.291667 142.291667  10.204   3.385 0.000
145.291667 146.291667   8.277   3.735 0.000
148.291667 149.291667  15.397   7.382 0.000
152.291667 153.291667   8.568   2.841 0.000
155.291667 156.291667   8.154   2.848 0.000
159.291667 160.291667   4.922   1.951 0.000
162.291667 163.291667   7.048   2.324 0.000
166.291667 167.291667   6.390   2.738 0.000
169.291667 170.291667   9.868   5.550 0.000
173.291667 174.291667   7.679   1.886 0.000
176.291667 177.291667   8.146 999.999 0.000
180.291667 181.291667   3.983 999.999 0.000
183.291667 184.291667  15.727   4.887 0.000
187.291667 188.291667  18.681   7.057 0.000
190.291667 191.291667   8.412   5.932 0.000
194.291667 195.291667  21.390   7.704 0.000
197.291667 198.291667  11.301   5.487 0.000
201.291667 202.291667   8.352 999.999 0.000
204.291667 205.291667  12.737   4.295 0.000
208.291667 209.291667  15.698   6.239 0.000
211.291667 212.291667  11.924   3.726 0.000
215.291667 216.291667  11.628   5.074 0.000
218.291667 219.291667  44.738   4.564 0.000
222.291667 223.291667   8.379   3.892 0.000
225.291667 226.291667  14.553   4.041 0.000
229.291667 230.291667   6.548   2.372 0.000
232.291667 233.291667  15.030   5.316 0.000
236.291667 237.291667  18.812   5.965 0.000
239.291667 240.291667  10.185   4.875 0.000
243.291667 244.291667  12.474   5.066 0.000
246.291667 247.291667   6.912   3.814 0.000
250.291667 251.291667   7.821   2.501 0.000
253.291667 254.291667  10.943   3.973 0.000
257.291667 258.291667  12.616   3.162 0.000
260.291667 261.291667  14.725   5.910 0.000
264.291667 265.291667   6.763   2.997 0.000
267.291667 268.291667  24.970   6.343 0.000
271.291667 272.291667   5.756   2.176 0.000
274.291667 275.291667   4.378   1.669 0.000
278.291667 279.291667  19.437   7.915 0.000
281.291667 282.291667   8.120   3.040 0.000
285.291667 286.291667  13.355   7.915 0.000
288.291667 289.291667   4.808   2.234 0.000
292.291667 293.291667   4.873   2.604 0.000
295.291667 296.291667   7.635   2.274 0.000
299.291667 300.291667  34.243   6.420 0.000
302.291667 303.291667   5.388   1.698 0.000
306.291667 307.291667  10.188   3.487 0.000
309.291667 310.291667  17.497   4.690 0.000
313.291667 314.291667  10.472   4.337 0.000
316.291667 317.291667   8.488   2.784 0.000
320.291667 321.291667  20.195   6.600 0.000
323.291667 324.291667   4.909   2.500 0.000
327.291667 328.291667   2.965   1.953 0.000
330.291667 331.291667   2.191   1.377 0.000
334.291667 335.291667   7.606   3.131 0.000
337.291667 338.291667   2.567   1.519 0.000
341.291667 342.291667   4.467   1.426 0.000
344.291667 345.291667   4.134   1.530 0.000
348.291667 349.291667 999.999 999.999 0.999
351.291667 352.291667 999.999 999.999 0.999
355.291667 356.291667   2.574   1.803 0.000
358.291667 359.291667 999.999 999.999 0.999
362.291667 363.291667   3.493   1.236 0.000
