scripts/IMPROVE-2019_partial/data/US0086R.19950104050000.20191216000000.filterpack...1y.3d.US03L_filterpack_US0086.US03L_IMPROVE_Davis.lev2.nas
51 1001
MISSING INFORMATION
US03L, IMPROVE, , , , , , , 
MISSING INFORMATION
IMPROVE sel_HTAP
1 1
1995 01 01 2019 12 16
0
days from file reference point
4
1 1 1 1
999.999999 999.999 999.999 9.999
end_time of measurement, days from the file reference point
pm10_mass, ug/m3, Matrix=pm10
pm25_mass, ug/m3, Matrix=pm25
numflag, no unit
0
33
Data definition:              EBAS_1.1
Set type code:                TI
Timezone:                     UTC
File name:                    US0086R.19950104050000.20191216000000.filterpack...1y.3d.US03L_filterpack_US0086.US03L_IMPROVE_Davis.lev2.nas
File creation:                20191218120111
Startdate:                    19950104050000
Revision date:                20191216000000
Version:                      2
Version description:          "Data extracted from http://views.cira.colostate.edu/fed/DataWizard 2019-12-16"
Statistics:                   arithmetic mean
Data level:                   2
Period code:                  1y
Resolution code:              3d
Sample duration:              1d
Orig. time res.:              3d
Station code:                 US0086R
Platform code:                US0086S
Station name:                 Dolly Sods Wilderness
Station latitude:             39.1053
Station longitude:            -79.4261
Station altitude:             1182.0 m
Regime:                       IMG
Component:                    
Unit:                         ug/m3
Matrix:                       
Laboratory code:              US03L
Instrument type:              filterpack
Instrument name:              filterpack_US0086
Method ref:                   US03L_IMPROVE_Davis
Blank correction:             Blank corrected
Volume std. temperature:      ambient
Volume std. pressure:         ambient
starttime endtime PM10 PM2.5 flag
  3.208333   4.208333   9.955   7.642 0.000
  6.208333   7.208333   6.982   6.476 0.000
 10.208333  11.208333  13.376  10.966 0.000
 13.208333  14.208333   4.219   2.181 0.000
 17.208333  18.208333   3.766   2.019 0.000
 20.208333  21.208333   9.264   6.424 0.000
 24.208333  25.208333  12.403  10.195 0.000
 27.208333  28.208333  14.249   9.032 0.000
 31.208333  32.208333  15.136   8.799 0.000
 34.208333  35.208333  11.116  10.425 0.000
 38.208333  39.208333  13.694  11.474 0.000
 41.208333  42.208333  11.982   7.788 0.000
 45.208333  46.208333   5.342   3.892 0.000
 48.208333  49.208333   6.752   5.128 0.000
 52.208333  53.208333   8.512   6.273 0.000
 55.208333  56.208333   7.851   5.062 0.000
 59.208333  60.208333  15.964  15.204 0.000
 62.208333  63.208333  20.873  18.407 0.000
 66.208333  67.208333   8.774   8.237 0.000
 69.208333  70.208333   7.400   5.478 0.000
 73.208333  74.208333  25.128  19.089 0.000
 76.208333  77.208333   8.550   5.611 0.000
 80.208333  81.208333   8.081   6.194 0.000
 83.208333  84.208333  10.895   7.539 0.000
 87.208333  88.208333  13.889  12.270 0.000
 90.208333  91.208333  13.558  10.985 0.000
 94.208333  95.208333   9.055   5.762 0.000
 97.208333  98.208333  17.189  12.145 0.000
101.208333 102.208333   6.944   4.408 0.000
104.208333 105.208333   7.665   6.065 0.000
108.208333 109.208333  22.118  13.922 0.000
111.208333 112.208333  16.311   9.420 0.000
115.208333 116.208333   7.399   6.761 0.000
118.208333 119.208333  12.525   8.086 0.000
122.208333 123.208333 999.999 999.999 0.999
125.208333 126.208333  13.656  12.123 0.000
129.208333 130.208333  18.826   9.601 0.000
132.208333 133.208333  15.615  11.926 0.000
136.208333 137.208333  10.959   8.060 0.000
139.208333 140.208333  15.495   9.654 0.000
143.208333 144.208333  30.905  19.697 0.000
146.208333 147.208333  16.569  12.820 0.000
150.208333 151.208333  13.809   7.763 0.000
153.208333 154.208333  11.613  10.098 0.000
157.208333 158.208333  42.182  30.820 0.000
160.208333 161.208333  23.030  15.210 0.000
164.208333 165.208333  19.145  12.662 0.000
167.208333 168.208333  33.090  25.024 0.000
171.208333 172.208333  24.405  16.709 0.000
174.208333 175.208333   5.198   2.638 0.000
178.208333 179.208333   3.875   1.132 0.000
181.208333 182.208333  20.418  17.840 0.000
185.208333 186.208333  25.838  15.302 0.000
188.208333 189.208333  22.796  18.862 0.000
192.208333 193.208333  38.018  31.728 0.000
195.208333 196.208333  47.316  43.086 0.000
199.208333 200.208333  16.369  12.897 0.000
202.208333 203.208333  38.156  37.603 0.000
206.208333 207.208333  16.929  15.066 0.000
209.208333 210.208333  20.533  18.659 0.000
213.208333 214.208333  40.918  40.833 0.000
216.208333 217.208333  15.053   9.759 0.000
220.208333 221.208333  15.360  11.839 0.000
223.208333 224.208333  28.145  24.613 0.000
227.208333 228.208333  59.739 999.999 0.000
230.208333 231.208333  43.047  22.011 0.000
234.208333 235.208333  25.234  20.348 0.000
237.208333 238.208333  27.253  21.506 0.000
241.208333 242.208333  32.840  24.647 0.000
244.208333 245.208333  12.090   6.502 0.000
248.208333 249.208333  17.608  14.796 0.000
251.208333 252.208333  30.852  31.660 0.000
255.208333 256.208333  16.566  15.460 0.000
258.208333 259.208333   9.120   6.944 0.000
262.208333 263.208333  16.046  14.596 0.000
265.208333 266.208333   4.250   3.976 0.000
269.208333 270.208333  21.299  18.456 0.000
272.208333 273.208333  13.423   8.821 0.000
276.208333 277.208333   7.028   5.287 0.000
279.208333 280.208333  20.251   8.181 0.000
283.208333 284.208333  23.249  16.602 0.000
286.208333 287.208333   3.666   2.432 0.000
290.208333 291.208333  11.352   7.627 0.000
293.208333 294.208333   4.408   2.990 0.000
297.208333 298.208333  12.689   9.091 0.000
300.208333 301.208333   4.844   2.985 0.000
304.208333 305.208333   2.546   2.934 0.000
307.208333 308.208333  10.378   8.249 0.000
311.208333 312.208333  13.449   8.287 0.000
314.208333 315.208333   4.904   2.817 0.000
318.208333 319.208333   7.716   4.281 0.000
321.208333 322.208333  11.960   8.282 0.000
325.208333 326.208333   9.230   6.626 0.000
328.208333 329.208333   9.058   6.913 0.000
332.208333 333.208333  17.018  16.151 0.000
335.208333 336.208333   8.445   5.898 0.000
339.208333 340.208333 999.999 999.999 0.999
342.208333 343.208333   8.473   5.809 0.000
346.208333 347.208333  16.891   7.010 0.000
349.208333 350.208333   7.572   6.184 0.000
353.208333 354.208333 999.999 999.999 0.999
356.208333 357.208333 999.999 999.999 0.999
360.208333 361.208333 999.999 999.999 0.999
363.208333 364.208333 999.999 999.999 0.999
