scripts/IMPROVE-2019_partial/data/US0034R.20130101060000.20191216000000.filterpack...52w.3d.US03L_filterpack_US0034.US03L_IMPROVE_Davis.lev2.nas
51 1001
MISSING INFORMATION
US03L, IMPROVE, , , , , , , 
MISSING INFORMATION
IMPROVE sel_HTAP
1 1
2013 01 01 2019 12 16
3.00
days from file reference point
4
1 1 1 1
999.99 999.999 999.999 9.999
end_time of measurement, days from the file reference point
pm10_mass, ug/m3, Matrix=pm10
pm25_mass, ug/m3, Matrix=pm25
numflag, no unit
0
33
Data definition:              EBAS_1.1
Set type code:                TU
Timezone:                     UTC
File name:                    US0034R.20130101060000.20191216000000.filterpack...52w.3d.US03L_filterpack_US0034.US03L_IMPROVE_Davis.lev2.nas
File creation:                20191218115740
Startdate:                    20130101060000
Revision date:                20191216000000
Version:                      2
Version description:          "Data extracted from http://views.cira.colostate.edu/fed/DataWizard 2019-12-16"
Statistics:                   arithmetic mean
Data level:                   2
Period code:                  52w
Resolution code:              3d
Sample duration:              1d
Orig. time res.:              3d
Station code:                 US0034R
Platform code:                US0034S
Station name:                 Lake Sugema 2
Station latitude:             40.6932
Station longitude:            -92.0059
Station altitude:             229.0 m
Regime:                       IMG
Component:                    
Unit:                         ug/m3
Matrix:                       
Laboratory code:              US03L
Instrument type:              filterpack
Instrument name:              filterpack_US0034
Method ref:                   US03L_IMPROVE_Davis
Blank correction:             Blank corrected
Volume std. temperature:      ambient
Volume std. pressure:         ambient
starttime endtime PM10 PM2.5 flag
  0.25   1.25  14.232   7.978 0.000
  3.25   4.25  11.310   8.057 0.000
  6.25   7.25  10.766   8.551 0.000
  9.25  10.25   6.361   4.697 0.000
 12.25  13.25   7.764   3.775 0.000
 15.25  16.25  12.407   6.226 0.000
 18.25  19.25   8.408   3.479 0.000
 21.25  22.25  11.511   3.391 0.000
 24.25  25.25  28.441   9.376 0.000
 27.25  28.25  12.084   9.622 0.000
 30.25  31.25  13.706   6.872 0.000
 33.25  34.25   9.187   4.829 0.000
 36.25  37.25   9.543   7.174 0.000
 39.25  40.25  10.905   9.320 0.000
 42.25  43.25  12.283   9.720 0.000
 45.25  46.25   6.431   2.205 0.000
 48.25  49.25   9.798   5.706 0.000
 51.25  52.25  13.566   9.208 0.000
 54.25  55.25  19.649  16.303 0.000
 57.25  58.25   9.257   8.564 0.000
 60.25  61.25   7.892   6.640 0.000
 63.25  64.25  14.545  11.879 0.000
 66.25  67.25  15.097  12.675 0.000
 69.25  70.25   5.476   4.753 0.000
 72.25  73.25   9.665   5.908 0.000
 75.25  76.25  10.052   7.754 0.000
 78.25  79.25   8.541   3.842 0.000
 81.25  82.25  18.046  10.784 0.000
 84.25  85.25   4.691   3.127 0.000
 87.25  88.25  15.148   9.108 0.000
 90.25  91.25   7.639   2.726 0.000
 93.25  94.25  28.292  11.470 0.000
 96.25  97.25  25.890  10.827 0.000
 99.25 100.25   2.888   1.896 0.000
102.25 103.25   3.763   1.693 0.000
105.25 106.25   3.851   1.742 0.000
108.25 109.25   4.329   1.757 0.000
111.25 112.25  10.138   5.857 0.000
114.25 115.25   6.810   2.967 0.000
117.25 118.25  12.258   6.931 0.000
120.25 121.25  29.957   7.781 0.000
123.25 124.25   3.946   2.429 0.000
126.25 127.25  13.730   5.828 0.000
129.25 130.25   6.462   3.367 0.000
132.25 133.25  14.739   4.098 0.000
135.25 136.25  22.205   8.055 0.000
138.25 139.25  19.342  12.781 0.000
141.25 142.25   8.876   2.308 0.000
144.25 145.25   7.447   3.954 0.000
147.25 148.25  13.242   6.819 0.000
150.25 151.25   6.367   2.404 0.000
153.25 154.25   7.999   3.032 0.000
156.25 157.25   7.322   2.983 0.000
159.25 160.25   8.351   3.943 0.000
162.25 163.25  22.474   7.928 0.000
165.25 166.25  13.716   7.734 0.000
168.25 169.25  20.667   5.963 0.000
171.25 172.25  34.862  15.264 0.000
174.25 175.25  17.910   8.411 0.000
177.25 178.25  19.195   4.613 0.000
180.25 181.25  17.530  11.115 0.000
183.25 184.25  22.513  10.730 0.000
186.25 187.25  26.176  16.071 0.000
189.25 190.25  18.467   9.808 0.000
192.25 193.25  15.919   9.440 0.000
195.25 196.25  17.482   9.306 0.000
198.25 199.25  20.458   7.925 0.000
201.25 202.25  15.953   6.701 0.000
204.25 205.25  17.175   5.146 0.000
207.25 208.25   8.438   2.304 0.000
210.25 211.25  14.448   9.518 0.000
213.25 214.25  14.394   7.339 0.000
216.25 217.25  14.603   8.554 0.000
219.25 220.25  17.951   7.544 0.000
222.25 223.25  19.492   6.793 0.000
225.25 226.25  18.162   5.186 0.000
228.25 229.25  26.647   8.797 0.000
231.25 232.25  21.840  11.369 0.000
234.25 235.25  21.169  10.368 0.000
237.25 238.25  22.837  11.647 0.000
240.25 241.25  29.852   9.507 0.000
243.25 244.25  23.253   6.739 0.000
246.25 247.25  23.199   5.774 0.000
249.25 250.25  29.531  13.471 0.000
252.25 253.25  21.645   8.797 0.000
255.25 256.25  13.743   2.931 0.000
258.25 259.25   7.237   3.234 0.000
261.25 262.25  19.177  10.946 0.000
264.25 265.25   9.582   3.511 0.000
267.25 268.25  19.953  10.514 0.000
270.25 271.25  13.840   8.839 0.000
273.25 274.25  13.411   5.878 0.000
276.25 277.25  14.201   6.470 0.000
279.25 280.25   6.096   2.035 0.000
282.25 283.25  16.486   7.319 0.000
285.25 286.25  21.906   3.561 0.000
288.25 289.25   4.983   1.370 0.000
291.25 292.25  10.251   2.665 0.000
294.25 295.25   9.153   3.536 0.000
297.25 298.25  10.936   2.165 0.000
300.25 301.25  23.739   5.671 0.000
303.25 304.25   4.770   3.213 0.000
306.25 307.25   8.937   4.586 0.000
309.25 310.25   4.635   2.334 0.000
312.25 313.25  10.823   2.474 0.000
315.25 316.25   7.562   3.138 0.000
318.25 319.25  17.579   7.167 0.000
321.25 322.25   4.698   3.077 0.000
324.25 325.25  17.814  15.345 0.000
327.25 328.25   9.304   4.170 0.000
330.25 331.25  11.777   3.102 0.000
333.25 334.25  18.110  12.258 0.000
336.25 337.25  22.744  19.328 0.000
339.25 340.25  12.889   4.495 0.000
342.25 343.25  13.056   9.997 0.000
345.25 346.25  17.355   6.562 0.000
348.25 349.25  14.954  11.590 0.000
351.25 352.25   7.936   3.407 0.000
354.25 355.25  13.434  11.544 0.000
357.25 358.25  10.283   4.846 0.000
360.25 361.25  11.074   7.434 0.000
363.25 364.25   7.636   2.571 0.000
