scripts/IMPROVE-2019_partial/data/US0064R.20040101080000.20191216000000.filterpack..pm25.52w.1w.US03L_filterpack_US0064.US03L_IMPROVE_Davis.lev2.nas
66 1001
MISSING INFORMATION
US03L, IMPROVE, , , , , , , 
MISSING INFORMATION
IMPROVE sel_HTAP
1 1
2004 01 01 2019 12 16
3.000000
days from file reference point
27
1 1 1 1 1 1 1 1 1 1 1 1 1 1 1 1 1 1 1 1 1 1 1 1 1 1 1
999.999999 9999.99 9.999 99.99 9.999 9.999 9.999999 99.99 9.999999 9.999 9.999999 99.999 9.999 99.999 9.999 99.99 9.999999 999.999 9.999 999.999 9.999 999.999 9.999 9.999 9.999 9.999 9.999999
end_time of measurement, days from the file reference point
iron, ng/m3, Revision date=20181210133000
numflag iron, no unit, Revision date=20181210133000
lead, ng/m3, Revision date=20181210133000
numflag lead, no unit, Revision date=20181210133000
magnesium, ug/m3, Revision date=20181210133000
numflag magnesium, no unit, Revision date=20181210133000
nickel, ng/m3, Revision date=20181210133000
numflag nickel, no unit, Revision date=20181210133000
nitrate, ug N/m3, Revision date=20181210133000
numflag nitrate, no unit, Revision date=20181210133000
organic_carbon, ug C/m3, Revision date=20181210133000
numflag organic_carbon, no unit, Revision date=20181210133000
organic_mass, ug/m3, Revision date=20181210133000
numflag organic_mass, no unit, Revision date=20181210133000
phosphorus, ng/m3, Revision date=20181210133000
numflag phosphorus, no unit, Revision date=20181210133000
pm10_mass, ug/m3, Version=2, Version description=Data extracted from http://views.cira.colostate.edu/fed/DataWizard 2019-12-16, Sample duration=1d, Orig. time res.=3d, Matrix=pm10, Blank correction=Blank corrected, Volume std. temperature=ambient, Volume std. pressure=ambient
numflag pm10_mass, no unit, Version=2, Version description=Data extracted from http://views.cira.colostate.edu/fed/DataWizard 2019-12-16, Sample duration=1d, Orig. time res.=3d, Matrix=pm10, Blank correction=Blank corrected, Volume std. temperature=ambient, Volume std. pressure=ambient
pm10_pm25_mass, ug/m3, Revision date=20181210133000, Matrix=pm10_pm25
numflag pm10_pm25_mass, no unit, Revision date=20181210133000, Matrix=pm10_pm25
pm25_mass, ug/m3, Version=2, Version description=Data extracted from http://views.cira.colostate.edu/fed/DataWizard 2019-12-16, Sample duration=1d, Orig. time res.=3d, Blank correction=Blank corrected, Volume std. temperature=ambient, Volume std. pressure=ambient
numflag pm25_mass, no unit, Version=2, Version description=Data extracted from http://views.cira.colostate.edu/fed/DataWizard 2019-12-16, Sample duration=1d, Orig. time res.=3d, Blank correction=Blank corrected, Volume std. temperature=ambient, Volume std. pressure=ambient
potassium, ug/m3, Revision date=20181210133000
numflag potassium, no unit, Revision date=20181210133000
sulphate_total, ug S/m3, Revision date=20181210133000
numflag sulphate_total, no unit, Revision date=20181210133000
0
25
Data definition:              EBAS_1.1
Set type code:                TU
Timezone:                     UTC
File name:                    US0064R.20040101080000.20191216000000.filterpack..pm25.52w.1w.US03L_filterpack_US0064.US03L_IMPROVE_Davis.lev2.nas
File creation:                20191218115937
Startdate:                    20040101080000
Revision date:                20191216000000
Statistics:                   arithmetic mean
Data level:                   2
Period code:                  52w
Resolution code:              1w
Station code:                 US0064R
Platform code:                US0064S
Station name:                 Jarbidge Wilderness
Station latitude:             41.8926
Station longitude:            -115.4261
Station altitude:             1869.0 m
Regime:                       IMG
Component:                    
Matrix:                       pm25
Laboratory code:              US03L
Instrument type:              filterpack
Instrument name:              filterpack_US0064
Method ref:                   US03L_IMPROVE_Davis
starttime endtime Fe flag_Fe Pb flag_Pb Mg++ flag_Mg++ Ni flag_Ni NO3- flag_NO3- OC flag_OC OM flag_OM P flag_P PM10 flag_PM10 PM10-PM2.5 flag_PM10-PM2.5 PM2.5 flag_PM2.5 K+ flag_K+ SO4-- flag_SO4--
  0.333333   1.333333    6.38 0.000  0.33 0.000 9.999 0.259000  0.08 0.000000 0.010 0.559000  0.199 0.000  0.278 0.000 99.99 0.259000   3.251 0.000   2.394 0.000   0.857 0.000 0.007 0.000 0.050 0.559000
  3.333333   4.333333    2.01 0.000  0.15 0.000 0.023 0.000000  0.10 0.000000 0.006 0.559000  0.120 0.000  0.168 0.000 99.99 0.259000   1.178 0.000   0.621 0.000   0.557 0.000 0.003 0.000 0.040 0.559000
  6.333333   7.333333    1.67 0.000  0.40 0.000 9.999 0.259000  0.05 0.000000 0.001 0.559000  0.069 0.000  0.097 0.000 99.99 0.259000   1.124 0.000   0.626 0.000   0.498 0.000 0.003 0.000 0.057 0.559000
  9.333333  10.333333    8.16 0.000  0.22 0.000 9.999 0.259000 99.99 0.259000 0.003 0.559000  0.310 0.000  0.434 0.000 99.99 0.259000   1.365 0.000   0.694 0.000   0.671 0.000 0.009 0.000 0.037 0.559000
 12.333333  13.333333    2.77 0.559  0.12 0.559 9.999 0.559259 99.99 0.559259 0.004 0.559000  0.117 0.000  0.164 0.000 99.99 0.559259   0.848 0.000   0.374 0.000   0.474 0.559 0.006 0.559 0.024 0.559000
 15.333333  16.333333    1.54 0.000 99.99 0.259 9.999 0.259000 99.99 0.259000 0.004 0.559000  0.323 0.000  0.452 0.000 99.99 0.259000   0.969 0.000   0.283 0.000   0.685 0.000 0.003 0.000 0.031 0.559000
 18.333333  19.333333    1.22 0.000  0.10 0.000 9.999 0.259000 99.99 0.259000 0.021 0.559000  0.253 0.000  0.353 0.000 99.99 0.259000   0.969 0.000   0.373 0.000   0.596 0.000 0.003 0.000 0.041 0.559000
 21.333333  22.333333    0.97 0.559  0.13 0.559 9.999 0.559259  0.06 0.559000 0.000 0.559000  0.015 0.000  0.021 0.000 99.99 0.559259   0.531 0.000   0.278 0.000   0.253 0.559 0.002 0.559 0.017 0.559000
 24.333333  25.333333    1.98 0.000  0.09 0.000 9.999 0.259000  0.07 0.000000 0.004 0.559000  0.039 0.000  0.055 0.000 99.99 0.259000   1.178 0.000   0.861 0.000   0.317 0.000 0.003 0.000 0.016 0.559000
 27.333333  28.333333    2.49 0.559  0.15 0.559 9.999 0.559259  0.10 0.559000 0.000 0.559000 99.999 0.259 99.999 0.259 99.99 0.559259   0.923 0.000   0.300 0.000   0.624 0.559 0.003 0.559 0.104 0.559000
 30.333333  31.333333    0.57 0.559  0.15 0.559 9.999 0.559259  0.06 0.559000 0.005 0.559000 99.999 0.259 99.999 0.259 99.99 0.559259   0.562 0.000   0.250 0.000   0.312 0.559 0.003 0.559 0.021 0.559000
 33.333333  34.333333    0.71 0.000  0.20 0.000 0.026 0.000000 99.99 0.259000 0.005 0.559000  0.034 0.000  0.048 0.000 99.99 0.259000 999.999 0.456 999.999 0.999   0.383 0.000 0.002 0.000 0.038 0.559000
 36.333333  37.333333    2.70 0.000  0.27 0.000 9.999 0.259000 99.99 0.259000 0.003 0.559000  0.071 0.000  0.100 0.000 99.99 0.259000   0.694 0.000   0.372 0.000   0.322 0.000 0.004 0.000 0.033 0.559000
 39.333333  40.333333    1.28 0.559  0.26 0.559 9.999 0.559259 99.99 0.559259 0.018 0.559000  0.182 0.000  0.254 0.000 99.99 0.559259   0.781 0.000   0.129 0.000   0.652 0.559 0.004 0.559 0.075 0.559000
 42.333333  43.333333    1.44 0.559  0.22 0.559 9.999 0.559259 99.99 0.559259 0.010 0.559000  0.090 0.000  0.127 0.000 99.99 0.559259   0.565 0.000   0.195 0.000   0.370 0.559 0.003 0.559 0.052 0.559000
 45.333333  46.333333    5.72 0.000  0.40 0.000 9.999 0.259000  0.08 0.000000 0.047 0.559000  0.198 0.000  0.277 0.000 99.99 0.259000   1.454 0.000   0.491 0.000   0.963 0.000 0.006 0.000 0.070 0.559000
 48.333333  49.333333   18.26 0.000  0.34 0.000 9.999 0.259000 99.99 0.259000 0.023 0.559000  0.171 0.000  0.240 0.000 99.99 0.259000   3.073 0.000   2.065 0.000   1.008 0.000 0.015 0.000 0.057 0.559000
 51.333333  52.333333    1.40 0.000  0.23 0.000 9.999 0.259000  0.08 0.000000 0.020 0.000000  0.249 0.000  0.348 0.000 99.99 0.259000   0.807 0.000   0.166 0.000   0.642 0.000 0.002 0.000 0.040 0.000000
 54.333333  55.333333    3.73 0.559  0.44 0.559 9.999 0.559259  0.06 0.559000 0.020 0.559000  0.205 0.000  0.286 0.000 99.99 0.559259   0.974 0.000   0.309 0.000   0.664 0.559 0.004 0.559 0.059 0.559000
 57.333333  58.333333    2.89 0.000  0.34 0.000 0.049 0.000000  0.09 0.000000 0.084 0.559000  0.231 0.000  0.323 0.000 99.99 0.259000   1.525 0.000   0.208 0.000   1.317 0.000 0.005 0.000 0.097 0.559000
 60.333333  61.333333    4.89 0.000  0.48 0.000 9.999 0.259000 99.99 0.259000 0.014 0.559000  0.088 0.000  0.123 0.000 99.99 0.259000   1.044 0.000   0.089 0.000   0.955 0.000 0.007 0.000 0.100 0.559000
 63.333333  64.333333    6.28 0.000  0.20 0.000 0.028 0.000000  0.07 0.000000 0.004 0.559000  0.077 0.000  0.108 0.000 99.99 0.259000   1.144 0.000   0.677 0.000   0.467 0.000 0.005 0.000 0.033 0.559000
 66.333333  67.333333   46.50 0.000  3.09 0.000 9.999 0.259000 99.99 0.259000 0.022 0.559000  0.237 0.000  0.332 0.000 99.99 0.259000   5.392 0.000   2.586 0.000   2.807 0.000 0.038 0.000 0.283 0.559000
 69.333333  70.333333   30.88 0.000  0.85 0.000 0.025 0.000000 99.99 0.259000 0.062 0.559000  0.257 0.000  0.359 0.000 99.99 0.259000   3.676 0.000   1.775 0.000   1.902 0.000 0.022 0.000 0.126 0.559000
 72.333333  73.333333   21.21 0.000  0.32 0.000 9.999 0.259000  0.06 0.000000 0.057 0.559000  0.475 0.000  0.665 0.000 99.99 0.259000   3.309 0.000   1.483 0.000   1.826 0.000 0.019 0.000 0.084 0.559000
 75.333333  76.333333   29.32 0.000  0.70 0.000 0.026 0.000000  0.05 0.000000 0.013 0.559000  0.171 0.000  0.240 0.000 99.99 0.259000   3.037 0.000   1.355 0.000   1.682 0.000 0.020 0.000 0.093 0.559000
 78.333333  79.333333   43.36 0.000  0.61 0.000 0.032 0.000000 99.99 0.259000 0.033 0.559000  0.467 0.000  0.654 0.000 99.99 0.259000   9.246 0.000   6.607 0.000   2.638 0.000 0.034 0.000 0.136 0.559000
 81.333333  82.333333   34.23 0.000  0.97 0.000 0.025 0.000000 99.99 0.259000 0.026 0.000000  0.601 0.000  0.841 0.000 99.99 0.259000   8.047 0.000   5.334 0.000   2.714 0.000 0.033 0.000 0.162 0.000000
 84.333333  85.333333   63.62 0.000  1.05 0.000 0.053 0.000000 99.99 0.259000 0.024 0.559000  0.366 0.000  0.513 0.000 99.99 0.259000  11.215 0.000   7.968 0.000   3.247 0.000 0.045 0.000 0.170 0.559000
 87.333333  88.333333   25.60 0.000  0.56 0.000 9.999 0.259000 99.99 0.259000 9.999 0.456000  0.248 0.000  0.347 0.000 99.99 0.259000   2.288 0.000   1.092 0.000   1.196 0.000 0.016 0.000 9.999 0.456000
 90.333333  91.333333  131.19 0.000  0.98 0.000 0.071 0.000000 99.99 0.259000 0.067 0.559000  0.533 0.000  0.746 0.000 99.99 0.259000  22.559 0.000  17.479 0.000   5.081 0.000 0.071 0.000 0.158 0.559000
 93.333333  94.333333   48.80 0.000  0.59 0.000 9.999 0.259000 99.99 0.259000 0.072 0.559000  0.680 0.000  0.951 0.000 99.99 0.259000  10.018 0.000   6.210 0.000   3.807 0.000 0.042 0.000 0.266 0.559000
 96.333333  97.333333   22.30 0.000  0.49 0.000 0.024 0.000000 99.99 0.259000 0.010 0.559000 99.999 0.999 99.999 0.999 99.99 0.259000   3.025 0.000   1.161 0.000   1.864 0.000 0.019 0.000 0.112 0.559000
 99.333333 100.333333   42.22 0.000  1.15 0.000 9.999 0.259000 99.99 0.259000 0.034 0.559000  0.674 0.000  0.943 0.000 99.99 0.259000   7.105 0.000   3.900 0.000   3.205 0.000 0.030 0.000 0.234 0.559000
102.333333 103.333333   94.92 0.000  2.94 0.000 0.038 0.000000 99.99 0.259000 0.028 0.559000  0.458 0.000  0.641 0.000 99.99 0.259000   8.421 0.000   3.801 0.000   4.620 0.000 0.063 0.000 0.373 0.559000
105.333333 106.333333  197.59 0.000  3.81 0.000 0.133 0.000000 99.99 0.259000 0.056 0.559000  0.398 0.000  0.557 0.000 99.99 0.259000  23.781 0.000  14.914 0.000   8.867 0.000 0.172 0.000 0.607 0.559000
108.333333 109.333333   15.24 0.000  1.57 0.000 9.999 0.259000 99.99 0.259000 0.013 0.559000  0.317 0.000  0.444 0.000 99.99 0.259000   3.472 0.000   0.894 0.000   2.579 0.000 0.020 0.000 0.318 0.559000
111.333333 112.333333    8.42 0.000  0.35 0.000 0.036 0.000000 99.99 0.259000 0.003 0.559000  0.144 0.000  0.201 0.000 99.99 0.259000   1.445 0.000   0.696 0.000   0.749 0.000 0.007 0.000 0.059 0.559000
114.333333 115.333333   33.34 0.394  2.20 0.394 0.045 0.394000 99.99 0.394259 0.023 0.559394  0.405 0.000  0.567 0.000 99.99 0.394259   5.105 0.000   2.280 0.000   2.825 0.000 0.033 0.394 0.253 0.559394
117.333333 118.333333  150.31 0.000  8.86 0.000 9.999 0.259000  0.07 0.000000 0.041 0.559000  0.603 0.000  0.845 0.000 99.99 0.259000  14.531 0.000   5.576 0.000   8.955 0.000 0.118 0.000 0.950 0.559000
120.333333 121.333333   25.04 0.000  0.55 0.000 9.999 0.259000 99.99 0.259000 0.010 0.559000  0.491 0.000  0.687 0.000 99.99 0.259000   5.531 0.000   3.326 0.000   2.205 0.000 0.019 0.000 0.127 0.559000
123.333333 124.333333   88.59 0.000  0.81 0.000 9.999 0.259000 99.99 0.259000 0.023 0.559000  0.786 0.000  1.101 0.000 99.99 0.259000   9.915 0.000   5.690 0.000   4.224 0.000 0.058 0.000 0.130 0.559000
126.333333 127.333333  141.29 0.559  0.47 0.559 0.129 0.559000 99.99 0.559259 0.068 0.559000  0.710 0.000  0.993 0.000 99.99 0.559259  17.579 0.000  10.778 0.000   6.802 0.559 0.086 0.559 0.174 0.559000
129.333333 130.333333   67.34 0.000  1.08 0.000 9.999 0.259000  0.05 0.000000 0.022 0.000000  0.601 0.000  0.842 0.000 99.99 0.259000  10.177 0.000   7.074 0.000   3.103 0.000 0.050 0.000 0.157 0.000000
132.333333 133.333333    7.71 0.000  0.65 0.000 9.999 0.259000  0.07 0.000000 0.039 0.559000  0.403 0.000  0.564 0.000 99.99 0.259000   2.047 0.000   0.782 0.000   1.265 0.000 0.009 0.000 0.089 0.559000
135.333333 136.333333   39.20 0.000  1.18 0.000 9.999 0.259000  0.07 0.000000 0.025 0.559000  0.613 0.000  0.858 0.000 99.99 0.259000   4.857 0.000   2.050 0.000   2.807 0.000 0.033 0.000 0.217 0.559000
138.333333 139.333333   67.34 0.559  1.17 0.559 9.999 0.559259  0.05 0.559000 0.057 0.559000  0.547 0.000  0.766 0.000 99.99 0.559259   7.380 0.000   4.290 0.000   3.090 0.559 0.046 0.559 0.200 0.559000
141.333333 142.333333   29.01 0.000  0.63 0.000 9.999 0.259000 99.99 0.259000 0.012 0.559000  0.420 0.000  0.588 0.000 99.99 0.259000   3.292 0.000   1.540 0.000   1.751 0.000 0.016 0.000 0.109 0.559000
144.333333 145.333333    6.11 0.000  0.36 0.000 9.999 0.259000 99.99 0.259000 0.008 0.559000  0.291 0.000  0.408 0.000 99.99 0.259000   1.365 0.000   0.460 0.000   0.904 0.000 0.005 0.000 0.055 0.559000
147.333333 148.333333   27.88 0.000  0.38 0.000 9.999 0.259000  0.06 0.000000 0.018 0.559000  0.312 0.000  0.436 0.000 99.99 0.259000   3.974 0.000   2.164 0.000   1.810 0.000 0.017 0.000 0.090 0.559000
150.333333 151.333333   15.02 0.000  0.65 0.000 9.999 0.259000 99.99 0.259000 0.009 0.559000  0.350 0.000  0.490 0.000 99.99 0.259000   4.255 0.000   2.460 0.000   1.795 0.000 0.017 0.000 0.160 0.559000
153.333333 154.333333   50.24 0.000  0.68 0.000 9.999 0.259000 99.99 0.259000 0.023 0.559000  0.754 0.000  1.055 0.000 99.99 0.259000  11.893 0.000   8.466 0.000   3.428 0.000 0.046 0.000 0.179 0.559000
156.333333 157.333333   46.54 0.000  0.74 0.000 9.999 0.259000 99.99 0.259000 0.018 0.000000  0.528 0.000  0.739 0.000 99.99 0.259000   7.185 0.000   4.486 0.000   2.699 0.000 0.034 0.000 0.131 0.000000
159.333333 160.333333   52.11 0.000  0.44 0.000 9.999 0.259000  0.07 0.000000 0.016 0.559000  0.263 0.000  0.368 0.000 99.99 0.259000   7.626 0.000   5.246 0.000   2.380 0.000 0.042 0.000 0.067 0.559000
162.333333 163.333333   26.01 0.000  1.19 0.000 9.999 0.259000  0.06 0.000000 0.013 0.559000  0.718 0.000  1.005 0.000 99.99 0.259000   4.536 0.000   1.648 0.000   2.888 0.000 0.027 0.000 0.232 0.559000
165.333333 166.333333   54.38 0.000  1.05 0.000 9.999 0.259000  0.12 0.000000 0.011 0.559000  0.490 0.000  0.685 0.000 99.99 0.259000   9.192 0.000   6.333 0.000   2.860 0.000 0.046 0.000 0.122 0.559000
168.333333 169.333333  109.60 0.559  0.79 0.559 9.999 0.559259  0.24 0.559000 0.017 0.000000  0.482 0.000  0.675 0.000 99.99 0.559259   9.938 0.000   5.755 0.000   4.183 0.559 0.086 0.559 0.148 0.000000
171.333333 172.333333   56.54 0.559  0.64 0.559 9.999 0.559259  0.13 0.559000 0.020 0.000000  1.154 0.000  1.616 0.000 99.99 0.559259   9.778 0.000   6.128 0.000   3.651 0.559 0.047 0.559 0.183 0.000000
174.333333 175.333333   75.82 0.559  1.13 0.559 9.999 0.559259  0.13 0.559000 0.018 0.000000  0.758 0.000  1.061 0.000 99.99 0.559259  11.548 0.000   7.524 0.000   4.023 0.559 0.063 0.559 0.202 0.000000
177.333333 178.333333   23.63 0.559  0.50 0.559 9.999 0.559259  0.14 0.559000 0.012 0.000000  0.746 0.000  1.044 0.000 99.99 0.559259   4.829 0.000   2.433 0.000   2.397 0.559 0.026 0.559 0.188 0.000000
180.333333 181.333333   32.81 0.559  0.57 0.559 9.999 0.559259  0.20 0.559000 0.024 0.000000  0.706 0.000  0.988 0.000 99.99 0.559259   8.231 0.000   5.216 0.000   3.015 0.559 0.045 0.559 0.245 0.000000
183.333333 184.333333   56.61 0.000  0.66 0.000 0.039 0.000000  1.25 0.000000 0.020 0.000000  0.858 0.000  1.202 0.000 99.99 0.259000  12.697 0.000   8.720 0.000   3.977 0.000 0.052 0.000 0.166 0.000000
186.333333 187.333333   44.94 0.000  1.06 0.000 9.999 0.259000  0.52 0.000000 0.009 0.000000  0.668 0.000  0.936 0.000 99.99 0.259000   7.109 0.000   4.667 0.000   2.442 0.000 0.047 0.000 0.081 0.000000
189.333333 190.333333   90.80 0.000 99.99 0.259 9.999 0.259000  0.64 0.000000 0.012 0.559000  0.749 0.000  1.049 0.000 99.99 0.259000  10.273 0.000   6.382 0.000   3.891 0.000 0.076 0.000 0.070 0.559000
192.333333 193.333333   71.55 0.000  0.45 0.000 9.999 0.259000  0.44 0.000000 0.018 0.559000  1.053 0.000  1.474 0.000 99.99 0.259000  10.665 0.000   6.486 0.000   4.178 0.000 0.065 0.000 0.138 0.559000
195.333333 196.333333   73.21 0.000  0.63 0.000 9.999 0.259000  0.27 0.000000 0.023 0.000000  1.135 0.000  1.588 0.000 99.99 0.259000  10.191 0.000   5.235 0.000   4.956 0.000 0.093 0.000 0.287 0.000000
198.333333 199.333333   57.45 0.000  0.41 0.000 9.999 0.259000  0.37 0.000000 0.013 0.559000  1.135 0.000  1.589 0.000 99.99 0.259000   7.443 0.000   2.973 0.000   4.471 0.000 0.063 0.000 0.241 0.559000
201.333333 202.333333   19.91 0.000  0.34 0.000 9.999 0.259000 99.99 0.259000 0.014 0.559000  1.523 0.000  2.132 0.000 99.99 0.259000   6.407 0.000   2.816 0.000   3.591 0.000 0.029 0.000 0.097 0.559000
204.333333 205.333333   19.60 0.000 99.99 0.259 9.999 0.259000 99.99 0.259000 0.009 0.559000  0.968 0.000  1.355 0.000 99.99 0.259000   5.870 0.000   3.317 0.000   2.552 0.000 0.025 0.000 0.097 0.559000
207.333333 208.333333   39.10 0.000 99.99 0.259 9.999 0.259000  0.06 0.000000 0.010 0.000000  1.070 0.000  1.498 0.000 99.99 0.259000   9.980 0.000   6.257 0.000   3.723 0.000 0.039 0.000 0.137 0.000000
210.333333 211.333333  124.32 0.000  0.44 0.000 9.999 0.259000 99.99 0.259000 0.021 0.559000  4.429 0.000  6.201 0.000 99.99 0.259000  23.217 0.000  12.075 0.000  11.141 0.000 0.182 0.000 0.126 0.559000
213.333333 214.333333   51.40 0.000 99.99 0.259 9.999 0.259000 99.99 0.259000 0.020 0.559000  0.674 0.000  0.943 0.000 99.99 0.259000  10.662 0.000   7.486 0.000   3.175 0.000 0.046 0.000 0.184 0.559000
216.333333 217.333333   79.31 0.000  0.46 0.000 9.999 0.259000 99.99 0.259000 0.032 0.000000  0.704 0.000  0.985 0.000 99.99 0.259000  10.150 0.000   5.977 0.000   4.173 0.000 0.071 0.000 0.162 0.000000
219.333333 220.333333   96.35 0.000  0.20 0.000 0.080 0.000000 99.99 0.259000 0.014 0.000000  0.402 0.000  0.563 0.000 99.99 0.259000  13.600 0.000  10.424 0.000   3.175 0.000 0.079 0.000 0.060 0.000000
222.333333 223.333333   55.51 0.000  0.45 0.000 9.999 0.259000  0.39 0.000000 0.014 0.559000  1.039 0.000  1.455 0.000 99.99 0.259000  10.693 0.000   7.379 0.000   3.315 0.000 0.060 0.000 0.077 0.559000
225.333333 226.333333  118.58 0.000 99.99 0.259 9.999 0.259000 99.99 0.259000 0.015 0.559000  1.704 0.000  2.386 0.000 99.99 0.259000  16.478 0.000   9.712 0.000   6.766 0.000 0.122 0.000 0.113 0.559000
228.333333 229.333333   27.18 0.000 99.99 0.259 9.999 0.259000 99.99 0.259000 0.018 0.000000  1.143 0.000  1.600 0.000 99.99 0.259000   7.358 0.000   3.440 0.000   3.917 0.000 0.032 0.000 0.173 0.000000
231.333333 232.333333   26.71 0.000  0.64 0.000 9.999 0.259000  0.11 0.000000 0.015 0.000000  2.255 0.000  3.157 0.000 99.99 0.259000   8.681 0.000   3.220 0.000   5.461 0.000 0.049 0.000 0.176 0.000000
