scripts/IMPROVE-2019_partial/data/US0053R.20020601070000.20191216000000.filterpack..pm25.7mo.1w.US03L_filterpack_US0053.US03L_IMPROVE_Davis.lev2.nas
66 1001
MISSING INFORMATION
US03L, IMPROVE, , , , , , , 
MISSING INFORMATION
IMPROVE sel_HTAP
1 1
2002 01 01 2019 12 16
3.000000
days from file reference point
27
1 1 1 1 1 1 1 1 1 1 1 1 1 1 1 1 1 1 1 1 1 1 1 1 1 1 1
999.999999 999.99 9.999 99.99 9.999 9.999 9.999999 9.99 9.999999 9.999 9.999 99.999 9.999 99.999 9.999 99.99 9.999999 999.999 9.999 999.999 9.999 999.999 9.999 9.999 9.999 9.999 9.999
end_time of measurement, days from the file reference point
iron, ng/m3, Revision date=20181210133000
numflag iron, no unit, Revision date=20181210133000
lead, ng/m3, Revision date=20181210133000
numflag lead, no unit, Revision date=20181210133000
magnesium, ug/m3, Revision date=20181210133000
numflag magnesium, no unit, Revision date=20181210133000
nickel, ng/m3, Revision date=20181210133000
numflag nickel, no unit, Revision date=20181210133000
nitrate, ug N/m3, Revision date=20181210133000
numflag nitrate, no unit, Revision date=20181210133000
organic_carbon, ug C/m3, Revision date=20181210133000
numflag organic_carbon, no unit, Revision date=20181210133000
organic_mass, ug/m3, Revision date=20181210133000
numflag organic_mass, no unit, Revision date=20181210133000
phosphorus, ng/m3, Revision date=20181210133000
numflag phosphorus, no unit, Revision date=20181210133000
pm10_mass, ug/m3, Version=2, Version description=Data extracted from http://views.cira.colostate.edu/fed/DataWizard 2019-12-16, Sample duration=1d, Orig. time res.=3d, Matrix=pm10, Blank correction=Blank corrected, Volume std. temperature=ambient, Volume std. pressure=ambient
numflag pm10_mass, no unit, Version=2, Version description=Data extracted from http://views.cira.colostate.edu/fed/DataWizard 2019-12-16, Sample duration=1d, Orig. time res.=3d, Matrix=pm10, Blank correction=Blank corrected, Volume std. temperature=ambient, Volume std. pressure=ambient
pm10_pm25_mass, ug/m3, Revision date=20181210133000, Matrix=pm10_pm25
numflag pm10_pm25_mass, no unit, Revision date=20181210133000, Matrix=pm10_pm25
pm25_mass, ug/m3, Version=2, Version description=Data extracted from http://views.cira.colostate.edu/fed/DataWizard 2019-12-16, Sample duration=1d, Orig. time res.=3d, Blank correction=Blank corrected, Volume std. temperature=ambient, Volume std. pressure=ambient
numflag pm25_mass, no unit, Version=2, Version description=Data extracted from http://views.cira.colostate.edu/fed/DataWizard 2019-12-16, Sample duration=1d, Orig. time res.=3d, Blank correction=Blank corrected, Volume std. temperature=ambient, Volume std. pressure=ambient
potassium, ug/m3, Revision date=20181210133000
numflag potassium, no unit, Revision date=20181210133000
sulphate_total, ug S/m3, Revision date=20181210133000
numflag sulphate_total, no unit, Revision date=20181210133000
0
25
Data definition:              EBAS_1.1
Set type code:                TU
Timezone:                     UTC
File name:                    US0053R.20020601070000.20191216000000.filterpack..pm25.7mo.1w.US03L_filterpack_US0053.US03L_IMPROVE_Davis.lev2.nas
File creation:                20191218115838
Startdate:                    20020601070000
Revision date:                20191216000000
Statistics:                   arithmetic mean
Data level:                   2
Period code:                  7mo
Resolution code:              1w
Station code:                 US0053R
Platform code:                US0053S
Station name:                 Flathead
Station latitude:             47.7734
Station longitude:            -114.269
Station altitude:             1580.0 m
Regime:                       IMG
Component:                    
Matrix:                       pm25
Laboratory code:              US03L
Instrument type:              filterpack
Instrument name:              filterpack_US0053
Method ref:                   US03L_IMPROVE_Davis
starttime endtime Fe flag_Fe Pb flag_Pb Mg++ flag_Mg++ Ni flag_Ni NO3- flag_NO3- OC flag_OC OM flag_OM P flag_P PM10 flag_PM10 PM10-PM2.5 flag_PM10-PM2.5 PM2.5 flag_PM2.5 K+ flag_K+ SO4-- flag_SO4--
151.291667 152.291667 999.99 0.999 99.99 0.999 9.999 0.999000 9.99 0.999000 9.999 0.999 99.999 0.999 99.999 0.999 99.99 0.999000 999.999 0.999 999.999 0.999 999.999 0.999 9.999 0.999 9.999 0.999
154.291667 155.291667 999.99 0.999 99.99 0.999 9.999 0.999000 9.99 0.999000 9.999 0.999 99.999 0.999 99.999 0.999 99.99 0.999000 999.999 0.999 999.999 0.999 999.999 0.999 9.999 0.999 9.999 0.999
157.291667 158.291667 999.99 0.999 99.99 0.999 9.999 0.999000 9.99 0.999000 9.999 0.999 99.999 0.999 99.999 0.999 99.99 0.999000 999.999 0.999 999.999 0.999 999.999 0.999 9.999 0.999 9.999 0.999
160.291667 161.291667 999.99 0.999 99.99 0.999 9.999 0.999000 9.99 0.999000 9.999 0.999 99.999 0.999 99.999 0.999 99.99 0.999000 999.999 0.999 999.999 0.999 999.999 0.999 9.999 0.999 9.999 0.999
163.291667 164.291667 999.99 0.999 99.99 0.999 9.999 0.999000 9.99 0.999000 9.999 0.999 99.999 0.999 99.999 0.999 99.99 0.999000 999.999 0.999 999.999 0.999 999.999 0.999 9.999 0.999 9.999 0.999
166.291667 167.291667 999.99 0.999 99.99 0.999 9.999 0.999000 9.99 0.999000 9.999 0.999 99.999 0.999 99.999 0.999 99.99 0.999000 999.999 0.999 999.999 0.999 999.999 0.999 9.999 0.999 9.999 0.999
169.291667 170.291667   9.97 0.000  0.34 0.000 9.999 0.259000 9.99 0.259000 0.012 0.559  0.410 0.000  0.573 0.000 99.99 0.259000   2.843 0.000   1.240 0.000   1.603 0.000 0.013 0.000 0.069 0.559
172.291667 173.291667  35.59 0.000  0.82 0.000 0.032 0.000000 9.99 0.259000 0.110 0.559  2.387 0.000  3.342 0.000 99.99 0.259000  11.022 0.000   4.976 0.000   6.046 0.000 0.056 0.000 0.124 0.559
175.291667 176.291667  35.00 0.000  0.98 0.000 9.999 0.259000 9.99 0.259000 0.024 0.559  1.628 0.000  2.279 0.000 99.99 0.259000   9.811 0.000   4.625 0.000   5.186 0.000 0.030 0.000 0.175 0.559
178.291667 179.291667  51.88 0.000  0.74 0.000 0.033 0.000000 9.99 0.259000 0.019 0.000  0.774 0.000  1.084 0.000 99.99 0.259000  10.355 0.000   7.289 0.000   3.066 0.000 0.041 0.000 0.127 0.000
181.291667 182.291667   9.83 0.000  0.38 0.000 9.999 0.259000 9.99 0.259000 0.028 0.559  0.192 0.000  0.269 0.000 99.99 0.259000   4.890 0.000   3.169 0.000   1.721 0.000 0.011 0.000 0.133 0.559
184.291667 185.291667  35.37 0.000  0.43 0.000 9.999 0.259000 9.99 0.259000 0.015 0.000  0.554 0.000  0.776 0.000 99.99 0.259000  10.067 0.000   7.408 0.000   2.660 0.000 0.023 0.000 0.133 0.000
187.291667 188.291667  37.19 0.000  0.76 0.000 9.999 0.259000 9.99 0.259000 0.021 0.000  1.317 0.000  1.843 0.000 99.99 0.259000  14.052 0.000  10.194 0.000   3.858 0.000 0.046 0.000 0.077 0.000
190.291667 191.291667  48.84 0.000  0.34 0.000 9.999 0.259000 9.99 0.259000 0.022 0.000  1.250 0.000  1.749 0.000 99.99 0.259000  10.948 0.000   6.787 0.000   4.161 0.000 0.046 0.000 0.071 0.000
193.291667 194.291667  60.68 0.000  0.54 0.000 9.999 0.259000 0.34 0.000000 0.021 0.000  2.678 0.000  3.749 0.000 99.99 0.259000  17.805 0.000  10.588 0.000   7.217 0.000 0.048 0.000 0.142 0.000
196.291667 197.291667  53.54 0.000  0.42 0.000 9.999 0.259000 9.99 0.259000 0.025 0.000  3.926 0.000  5.497 0.000 99.99 0.259000  17.054 0.000   7.861 0.000   9.193 0.000 0.109 0.000 0.205 0.000
199.291667 200.291667  99.75 0.000  0.58 0.000 9.999 0.259000 0.18 0.000000 0.020 0.000  4.381 0.000  6.134 0.000 99.99 0.259000  16.354 0.000   5.589 0.000  10.765 0.000 0.093 0.000 0.162 0.000
202.291667 203.291667  15.97 0.000  0.19 0.000 9.999 0.259000 9.99 0.259000 0.011 0.559  0.997 0.000  1.396 0.000 99.99 0.259000   7.026 0.000   3.164 0.000   3.861 0.000 0.017 0.000 0.267 0.559
205.291667 206.291667  87.23 0.000  0.43 0.000 9.999 0.259000 9.99 0.259000 0.070 0.000  5.080 0.000  7.111 0.000 99.99 0.259000  21.949 0.000  10.147 0.000  11.803 0.000 0.085 0.000 0.203 0.000
208.291667 209.291667  54.43 0.000  0.37 0.000 9.999 0.259000 9.99 0.259000 0.028 0.559  1.844 0.000  2.582 0.000 99.99 0.259000  17.484 0.000  12.756 0.000   4.728 0.000 0.031 0.000 0.179 0.559
211.291667 212.291667  37.33 0.000  0.32 0.000 9.999 0.259000 9.99 0.259000 0.015 0.000  0.933 0.000  1.306 0.000 99.99 0.259000  12.779 0.000   9.961 0.000   2.819 0.000 0.022 0.000 0.115 0.000
214.291667 215.291667  55.07 0.000  0.46 0.000 9.999 0.259000 9.99 0.259000 0.022 0.000  1.101 0.000  1.542 0.000 99.99 0.259000  12.549 0.000   9.062 0.000   3.487 0.000 0.034 0.000 0.156 0.000
217.291667 218.291667  15.59 0.000  0.35 0.000 9.999 0.259000 9.99 0.259000 0.038 0.000  2.623 0.000  3.672 0.000 99.99 0.259000   8.043 0.000   2.566 0.000   5.478 0.000 0.025 0.000 0.127 0.000
220.291667 221.291667  41.05 0.000  0.27 0.000 9.999 0.259000 9.99 0.259000 0.018 0.000  1.360 0.000  1.904 0.000 99.99 0.259000   9.355 0.000   5.753 0.000   3.602 0.000 0.040 0.000 0.114 0.000
223.291667 224.291667  22.37 0.000  0.48 0.000 0.025 0.000000 9.99 0.259000 0.017 0.000 99.999 0.999 99.999 0.999 99.99 0.259000   7.277 0.000   4.355 0.000   2.922 0.000 0.020 0.000 0.113 0.000
226.291667 227.291667  39.13 0.000  0.30 0.000 9.999 0.259000 9.99 0.259000 0.010 0.000 99.999 0.999 99.999 0.999 99.99 0.259000   8.196 0.000   5.795 0.000   2.402 0.000 0.025 0.000 0.049 0.000
229.291667 230.291667  66.19 0.000  0.45 0.000 9.999 0.259000 9.99 0.259000 0.023 0.000 99.999 0.999 99.999 0.999 99.99 0.259000  14.742 0.000  10.506 0.000   4.236 0.000 0.042 0.000 0.086 0.000
232.291667 233.291667  25.22 0.000  0.49 0.000 9.999 0.259000 9.99 0.259000 0.033 0.000 99.999 0.999 99.999 0.999 99.99 0.259000   7.771 0.000   3.334 0.000   4.438 0.000 0.034 0.000 0.116 0.000
235.291667 236.291667  23.27 0.000  0.50 0.000 0.027 0.000000 9.99 0.259000 0.022 0.000 99.999 0.999 99.999 0.999 99.99 0.259000  12.656 0.000   7.158 0.000   5.498 0.000 0.041 0.000 0.132 0.000
238.291667 239.291667   9.02 0.559  0.33 0.559 9.999 0.559259 9.99 0.559259 0.017 0.000  1.287 0.000  1.802 0.000 99.99 0.559259   6.033 0.000   2.926 0.000   3.106 0.559 0.016 0.559 0.136 0.000
241.291667 242.291667  51.19 0.000  0.40 0.000 9.999 0.259000 9.99 0.259000 0.013 0.000  0.409 0.000  0.573 0.000 99.99 0.259000   6.782 0.000   4.621 0.000   2.161 0.000 0.024 0.000 0.128 0.000
244.291667 245.291667  27.36 0.000  0.41 0.000 9.999 0.259000 9.99 0.259000 0.010 0.000  1.554 0.000  2.176 0.000  7.46 0.000000  20.172 0.000   9.450 0.000  10.722 0.000 0.027 0.000 0.111 0.000
247.291667 248.291667  25.07 0.000  0.64 0.000 9.999 0.259000 9.99 0.259000 0.046 0.000  1.267 0.000  1.774 0.000 99.99 0.259000   7.684 0.000   5.662 0.000   2.022 0.000 0.024 0.000 0.132 0.000
250.291667 251.291667  12.71 0.000  0.40 0.000 9.999 0.259000 9.99 0.259000 0.025 0.559  0.694 0.000  0.972 0.000 99.99 0.259000   5.712 0.000   3.021 0.000   2.691 0.000 0.031 0.000 0.225 0.559
253.291667 254.291667  31.01 0.000  0.93 0.000 9.999 0.259000 9.99 0.259000 0.025 0.000  2.291 0.000  3.208 0.000 99.99 0.259000  13.036 0.000   7.955 0.000   5.081 0.000 0.046 0.000 0.100 0.000
256.291667 257.291667  82.71 0.000  1.58 0.000 9.999 0.259000 9.99 0.259000 0.044 0.000  2.745 0.000  3.843 0.000 99.99 0.259000  16.447 0.000   8.631 0.000   7.816 0.000 0.106 0.000 0.271 0.000
259.291667 260.291667  17.09 0.000  0.48 0.000 9.999 0.259000 9.99 0.259000 0.021 0.000  0.764 0.000  1.069 0.000 99.99 0.259000   4.391 0.000   1.993 0.000   2.398 0.000 0.052 0.000 0.126 0.000
262.291667 263.291667  35.69 0.000  0.60 0.000 9.999 0.259000 9.99 0.259000 0.010 0.000  0.293 0.000  0.410 0.000 99.99 0.259000   5.401 0.000   3.391 0.000   2.010 0.000 0.023 0.000 0.074 0.000
265.291667 266.291667  27.77 0.000  0.71 0.000 9.999 0.259000 9.99 0.259000 0.020 0.000  1.457 0.000  2.040 0.000 99.99 0.259000   9.135 0.000   5.419 0.000   3.716 0.000 0.034 0.000 0.103 0.000
268.291667 269.291667  57.29 0.000  0.79 0.000 9.999 0.259000 9.99 0.259000 0.028 0.559  2.167 0.000  3.033 0.000 99.99 0.259000  13.689 0.000   7.754 0.000   5.935 0.000 0.090 0.000 0.141 0.559
271.291667 272.291667  35.00 0.000  0.62 0.000 9.999 0.259000 9.99 0.259000 0.025 0.559  1.365 0.000  1.911 0.000 99.99 0.259000   8.421 0.000   4.723 0.000   3.698 0.000 0.034 0.000 0.097 0.559
274.291667 275.291667  13.52 0.000  1.05 0.000 9.999 0.259000 9.99 0.259000 0.056 0.000  1.194 0.000  1.671 0.000 99.99 0.259000   3.726 0.000   1.603 0.000   2.123 0.000 0.018 0.000 0.096 0.000
277.291667 278.291667   6.13 0.000  0.49 0.000 0.014 0.000000 9.99 0.259000 0.042 0.000  1.377 0.000  1.928 0.000 99.99 0.259000   3.826 0.000   0.937 0.000   2.889 0.000 0.019 0.000 0.160 0.000
280.291667 281.291667  17.90 0.000  0.63 0.000 0.016 0.000000 0.16 0.000000 0.019 0.000  1.698 0.000  2.377 0.000 99.99 0.259000   5.398 0.000   1.948 0.000   3.450 0.000 0.029 0.000 0.119 0.000
283.291667 284.291667  20.36 0.559  0.42 0.559 9.999 0.559259 0.10 0.559000 0.026 0.559  0.925 0.000  1.295 0.000 99.99 0.559259   6.030 0.000   3.819 0.000   2.211 0.559 0.023 0.559 0.089 0.559
286.291667 287.291667  24.50 0.000  0.69 0.000 9.999 0.259000 9.99 0.259000 0.026 0.000  1.850 0.000  2.590 0.000 99.99 0.259000   8.074 0.000   4.110 0.000   3.964 0.000 0.036 0.000 0.102 0.000
289.291667 290.291667  67.69 0.559  0.94 0.559 9.999 0.559259 0.09 0.559000 0.034 0.000  2.736 0.000  3.830 0.000 99.99 0.559259  11.560 0.000   5.930 0.000   5.630 0.559 0.063 0.559 0.097 0.000
292.291667 293.291667  93.31 0.000  1.70 0.000 0.024 0.000000 0.10 0.000000 0.076 0.559  2.639 0.000  3.695 0.000 99.99 0.259000  14.558 0.000   7.789 0.000   6.769 0.000 0.076 0.000 0.191 0.559
295.291667 296.291667  27.42 0.559  0.30 0.559 0.020 0.559000 9.99 0.559259 0.018 0.559  0.249 0.000  0.348 0.000 99.99 0.559259   4.533 0.000   2.284 0.000   2.248 0.559 0.021 0.559 0.259 0.559
298.291667 299.291667  46.99 0.000  1.21 0.000 9.999 0.259000 9.99 0.259000 0.171 0.000  2.991 0.000  4.187 0.000 99.99 0.259000  14.596 0.000   7.505 0.000   7.091 0.000 0.066 0.000 0.216 0.000
301.291667 302.291667  13.37 0.559  0.58 0.559 0.011 0.559000 0.14 0.559000 0.033 0.000  0.128 0.000  0.179 0.000 99.99 0.559259   3.698 0.000   1.397 0.000   2.301 0.559 0.013 0.559 0.387 0.000
304.291667 305.291667  21.26 0.000  1.57 0.000 9.999 0.259000 0.08 0.000000 0.206 0.000  2.401 0.000  3.361 0.000 99.99 0.259000   9.330 0.000   3.505 0.000   5.825 0.000 0.038 0.000 0.223 0.000
307.291667 308.291667  22.11 0.000  1.11 0.000 9.999 0.259000 9.99 0.259000 0.265 0.000  3.853 0.000  5.394 0.000 99.99 0.259000  12.003 0.000   4.037 0.000   7.966 0.000 0.060 0.000 0.186 0.000
310.291667 311.291667  41.73 0.000  0.63 0.000 9.999 0.259000 9.99 0.259000 0.036 0.559  1.780 0.000  2.491 0.000 99.99 0.259000  12.238 0.000   8.192 0.000   4.046 0.000 0.046 0.000 0.134 0.559
313.291667 314.291667   5.09 0.000  0.30 0.000 0.018 0.000000 9.99 0.259000 0.016 0.000  0.722 0.000  1.011 0.000 99.99 0.259000   1.347 0.000   0.189 0.000   1.157 0.000 0.014 0.000 0.032 0.000
316.291667 317.291667   8.31 0.000  0.38 0.000 0.014 0.000000 0.14 0.000000 0.035 0.000  1.306 0.000  1.828 0.000 99.99 0.259000   3.285 0.000   0.688 0.000   2.597 0.000 0.031 0.000 0.065 0.000
319.291667 320.291667  11.53 0.000  1.08 0.000 9.999 0.259000 9.99 0.259000 0.025 0.000  1.404 0.000  1.966 0.000 99.99 0.259000   5.655 0.000   2.168 0.000   3.487 0.000 0.036 0.000 0.223 0.000
322.291667 323.291667   1.51 0.000  0.38 0.000 9.999 0.259000 9.99 0.259000 0.013 0.559  0.738 0.000  1.033 0.000  5.81 0.000000   2.189 0.000   0.739 0.000   1.450 0.000 0.025 0.000 0.028 0.559
325.291667 326.291667   4.55 0.000  0.47 0.000 9.999 0.259000 9.99 0.259000 0.027 0.000  1.786 0.000  2.501 0.000 99.99 0.259000   3.807 0.000   0.600 0.000   3.207 0.000 0.024 0.000 0.052 0.000
328.291667 329.291667   3.47 0.559  0.63 0.559 9.999 0.559259 0.07 0.559000 0.056 0.000  1.021 0.000  1.429 0.000 99.99 0.559259 999.999 0.456 999.999 0.999   2.001 0.559 0.011 0.559 0.078 0.000
331.291667 332.291667   5.55 0.000  0.84 0.000 0.020 0.000000 9.99 0.259000 0.233 0.559  2.382 0.000  3.335 0.000 99.99 0.259000   6.013 0.000   0.970 0.000   5.043 0.000 0.037 0.000 0.102 0.559
334.291667 335.291667   4.67 0.000  0.24 0.000 9.999 0.259000 9.99 0.259000 0.051 0.559  1.576 0.000  2.207 0.000 99.99 0.259000   3.388 0.000   0.295 0.000   3.093 0.000 0.026 0.000 0.068 0.559
337.291667 338.291667   0.77 0.000  0.22 0.000 0.032 0.000000 9.99 0.259000 0.036 0.559  0.405 0.000  0.566 0.000 99.99 0.259000   1.863 0.000   0.662 0.000   1.201 0.000 0.006 0.000 0.115 0.559
340.291667 341.291667   1.63 0.000 99.99 0.259 9.999 0.259000 9.99 0.259000 0.158 0.559  1.013 0.000  1.418 0.000 99.99 0.259000   2.510 0.000   0.421 0.000   2.089 0.000 0.012 0.000 0.056 0.559
343.291667 344.291667   9.03 0.000  0.27 0.000 9.999 0.259000 9.99 0.259000 0.077 0.000  0.516 0.000  0.723 0.000 99.99 0.259000   2.959 0.000   1.567 0.000   1.392 0.000 0.017 0.000 0.069 0.000
346.291667 347.291667  22.72 0.000  0.33 0.000 9.999 0.259000 0.12 0.000000 0.010 0.000  0.252 0.000  0.352 0.000 99.99 0.259000   3.746 0.000   2.583 0.000   1.162 0.000 0.024 0.000 0.048 0.000
349.291667 350.291667   4.07 0.000  0.20 0.000 9.999 0.259000 9.99 0.259000 0.013 0.000 99.999 0.259 99.999 0.259 99.99 0.259000   2.119 0.000   1.784 0.000   0.335 0.000 0.005 0.000 0.024 0.000
352.291667 353.291667   1.55 0.000  0.16 0.000 9.999 0.259000 9.99 0.259000 0.019 0.559  0.179 0.000  0.250 0.000 99.99 0.259000   1.381 0.000   0.741 0.000   0.639 0.000 0.006 0.000 0.035 0.559
355.291667 356.291667   4.71 0.000  0.41 0.000 9.999 0.259000 9.99 0.259000 0.262 0.000  2.209 0.000  3.093 0.000 99.99 0.259000   7.697 0.000   2.296 0.000   5.401 0.000 0.027 0.000 0.128 0.000
358.291667 359.291667   4.25 0.000  0.36 0.000 9.999 0.259000 9.99 0.259000 0.140 0.559  0.597 0.000  0.835 0.000 99.99 0.259000   2.904 0.000   1.080 0.000   1.824 0.000 0.013 0.000 0.072 0.559
361.291667 362.291667   5.19 0.000  0.66 0.000 9.999 0.259000 9.99 0.259000 0.009 0.000  0.098 0.000  0.137 0.000 99.99 0.259000   1.580 0.000   0.802 0.000   0.778 0.000 0.007 0.000 0.086 0.000
364.291667 365.291667   0.65 0.000  0.21 0.000 0.041 0.000000 9.99 0.259000 0.004 0.000  0.127 0.000  0.178 0.000 99.99 0.259000   0.420 0.000   0.239 0.000   0.181 0.000 0.006 0.000 0.015 0.000
