scripts/IMPROVE-2019_partial/data/US0066R.20010404050000.20191216000000.filterpack..pm25.9mo.1w.US03L_filterpack_US0066.US03L_IMPROVE_Davis.lev2.nas
64 1001
MISSING INFORMATION
US03L, IMPROVE, , , , , , , 
MISSING INFORMATION
IMPROVE sel_HTAP
1 1
2001 01 01 2019 12 16
3.000000
days from file reference point
25
1 1 1 1 1 1 1 1 1 1 1 1 1 1 1 1 1 1 1 1 1 1 1 1 1
999.999999 9999.99 9.999 99.99 9.999 9.999 9.999999 99.99 9.999 9.999 9.999 99.999 9.999 99.999 9.999 999.999 9.999 999.999 9.999 999.999 9.999 9.999 9.999 99.999 9.999
end_time of measurement, days from the file reference point
iron, ng/m3, Revision date=20181210133000
numflag iron, no unit, Revision date=20181210133000
lead, ng/m3, Revision date=20181210133000
numflag lead, no unit, Revision date=20181210133000
magnesium, ug/m3, Revision date=20181210133000
numflag magnesium, no unit, Revision date=20181210133000
nickel, ng/m3, Revision date=20181210133000
numflag nickel, no unit, Revision date=20181210133000
nitrate, ug N/m3, Revision date=20181210133000
numflag nitrate, no unit, Revision date=20181210133000
organic_carbon, ug C/m3, Revision date=20181210133000
numflag organic_carbon, no unit, Revision date=20181210133000
organic_mass, ug/m3, Revision date=20181210133000
numflag organic_mass, no unit, Revision date=20181210133000
pm10_mass, ug/m3, Version=2, Version description=Data extracted from http://views.cira.colostate.edu/fed/DataWizard 2019-12-16, Sample duration=1d, Orig. time res.=3d, Matrix=pm10, Blank correction=Blank corrected, Volume std. temperature=ambient, Volume std. pressure=ambient
numflag pm10_mass, no unit, Version=2, Version description=Data extracted from http://views.cira.colostate.edu/fed/DataWizard 2019-12-16, Sample duration=1d, Orig. time res.=3d, Matrix=pm10, Blank correction=Blank corrected, Volume std. temperature=ambient, Volume std. pressure=ambient
pm10_pm25_mass, ug/m3, Revision date=20181210133000, Matrix=pm10_pm25
numflag pm10_pm25_mass, no unit, Revision date=20181210133000, Matrix=pm10_pm25
pm25_mass, ug/m3, Version=2, Version description=Data extracted from http://views.cira.colostate.edu/fed/DataWizard 2019-12-16, Sample duration=1d, Orig. time res.=3d, Blank correction=Blank corrected, Volume std. temperature=ambient, Volume std. pressure=ambient
numflag pm25_mass, no unit, Version=2, Version description=Data extracted from http://views.cira.colostate.edu/fed/DataWizard 2019-12-16, Sample duration=1d, Orig. time res.=3d, Blank correction=Blank corrected, Volume std. temperature=ambient, Volume std. pressure=ambient
potassium, ug/m3, Revision date=20181210133000
numflag potassium, no unit, Revision date=20181210133000
sulphate_total, ug S/m3, Revision date=20181210133000
numflag sulphate_total, no unit, Revision date=20181210133000
0
25
Data definition:              EBAS_1.1
Set type code:                TU
Timezone:                     UTC
File name:                    US0066R.20010404050000.20191216000000.filterpack..pm25.9mo.1w.US03L_filterpack_US0066.US03L_IMPROVE_Davis.lev2.nas
File creation:                20191218115944
Startdate:                    20010404050000
Revision date:                20191216000000
Statistics:                   arithmetic mean
Data level:                   2
Period code:                  9mo
Resolution code:              1w
Station code:                 US0066R
Platform code:                US0066S
Station name:                 Connecticut Hill
Station latitude:             42.4009
Station longitude:            -76.6534
Station altitude:             519.0 m
Regime:                       IMG
Component:                    
Matrix:                       pm25
Laboratory code:              US03L
Instrument type:              filterpack
Instrument name:              filterpack_US0066
Method ref:                   US03L_IMPROVE_Davis
starttime endtime Fe flag_Fe Pb flag_Pb Mg++ flag_Mg++ Ni flag_Ni NO3- flag_NO3- OC flag_OC OM flag_OM PM10 flag_PM10 PM10-PM2.5 flag_PM10-PM2.5 PM2.5 flag_PM2.5 K+ flag_K+ SO4-- flag_SO4--
 93.208333  94.208333 9999.99 0.999 99.99 0.999 9.999 0.999000 99.99 0.999 9.999 0.999 99.999 0.999 99.999 0.999 999.999 0.999 999.999 0.999 999.999 0.999 9.999 0.999 99.999 0.999
 96.208333  97.208333 9999.99 0.999 99.99 0.999 9.999 0.999000 99.99 0.999 9.999 0.999 99.999 0.999 99.999 0.999 999.999 0.999 999.999 0.999 999.999 0.999 9.999 0.999 99.999 0.999
 99.208333 100.208333 9999.99 0.999 99.99 0.999 9.999 0.999000 99.99 0.999 9.999 0.999 99.999 0.999 99.999 0.999 999.999 0.999 999.999 0.999 999.999 0.999 9.999 0.999 99.999 0.999
102.208333 103.208333   20.92 0.000  0.86 0.000 9.999 0.259000 99.99 0.259 0.281 0.000  0.562 0.000  0.787 0.000   7.523 0.000   3.529 0.000   3.994 0.000 0.017 0.000  0.658 0.000
105.208333 106.208333   25.74 0.000  3.05 0.000 9.999 0.259000 99.99 0.259 0.101 0.000  0.853 0.000  1.195 0.000   6.986 0.000   2.515 0.000   4.471 0.000 0.040 0.000  0.532 0.000
108.208333 109.208333   32.85 0.000  2.65 0.000 9.999 0.259000  0.56 0.000 0.263 0.000  0.556 0.000  0.778 0.000   8.317 0.000   3.530 0.000   4.787 0.000 0.034 0.000  0.465 0.000
111.208333 112.208333  164.28 0.000  3.85 0.000 9.999 0.259000 99.99 0.259 0.210 0.000  1.562 0.000  2.187 0.000  19.108 0.000   5.815 0.000  13.293 0.000 0.127 0.000  1.381 0.000
114.208333 115.208333   43.40 0.000  2.13 0.000 9.999 0.259000  0.43 0.000 0.310 0.000  0.652 0.000  0.913 0.000   8.143 0.000   3.090 0.000   5.053 0.000 0.045 0.000  0.768 0.000
117.208333 118.208333   52.58 0.000  3.08 0.000 9.999 0.259000 99.99 0.259 0.050 0.000  0.516 0.000  0.722 0.000   7.152 0.000   3.680 0.000   3.472 0.000 0.048 0.000  0.301 0.000
120.208333 121.208333  157.56 0.000  4.71 0.000 9.999 0.259000 99.99 0.259 0.062 0.559  1.349 0.000  1.889 0.000  23.340 0.000   9.166 0.000  14.174 0.000 0.108 0.000  1.875 0.559
123.208333 124.208333  223.59 0.000  3.84 0.000 9.999 0.259000  0.34 0.000 0.204 0.000  2.263 0.000  3.168 0.000  42.612 0.000  14.371 0.000  28.241 0.000 0.152 0.000  4.885 0.000
126.208333 127.208333   61.55 0.000  3.15 0.000 9.999 0.259000  0.70 0.000 0.104 0.000  0.922 0.000  1.290 0.000  13.889 0.000   9.663 0.000   4.226 0.000 0.046 0.000  0.305 0.000
129.208333 130.208333  148.82 0.000  4.62 0.000 9.999 0.259000  0.19 0.000 0.155 0.000  1.443 0.000  2.021 0.000  21.902 0.000   9.070 0.000  12.832 0.000 0.093 0.000  1.641 0.000
132.208333 133.208333   25.52 0.000  1.29 0.000 9.999 0.259000 99.99 0.259 0.054 0.000  0.520 0.000  0.728 0.000   5.374 0.000   2.940 0.000   2.433 0.000 0.026 0.000  0.202 0.000
135.208333 136.208333   89.25 0.000  1.73 0.000 9.999 0.259000  0.85 0.000 0.036 0.000  0.737 0.000  1.032 0.000  11.161 0.000   5.915 0.000   5.246 0.000 0.057 0.000  0.374 0.000
138.208333 139.208333   42.20 0.000  4.60 0.000 9.999 0.259000  0.63 0.000 0.247 0.000  1.016 0.000  1.423 0.000  10.437 0.000   2.721 0.000   7.716 0.000 0.039 0.000  0.983 0.000
141.208333 142.208333    3.98 0.000  1.08 0.000 9.999 0.259000  1.34 0.000 0.031 0.000  0.496 0.000  0.695 0.000   5.031 0.000   1.539 0.000   3.491 0.000 0.008 0.000  0.373 0.000
144.208333 145.208333   29.89 0.000  1.75 0.000 9.999 0.259000  0.61 0.000 0.137 0.000  1.036 0.000  1.450 0.000  12.368 0.000   4.449 0.000   7.920 0.000 0.023 0.000  1.196 0.000
147.208333 148.208333   10.34 0.000  2.34 0.000 9.999 0.259000 99.99 0.259 0.019 0.000  0.717 0.000  1.003 0.000   9.301 0.000   1.585 0.000   7.716 0.000 0.012 0.000  1.406 0.000
150.208333 151.208333   31.72 0.000  2.59 0.000 9.999 0.259000 99.99 0.259 0.025 0.000  0.528 0.000  0.739 0.000   6.531 0.000   3.942 0.000   2.590 0.000 0.029 0.000  0.191 0.000
153.208333 154.208333 9999.99 0.999 99.99 0.999 9.999 0.999000 99.99 0.999 9.999 0.999 99.999 0.999 99.999 0.999 999.999 0.999 999.999 0.999 999.999 0.999 9.999 0.999 99.999 0.999
156.208333 157.208333 9999.99 0.999 99.99 0.999 9.999 0.999000 99.99 0.999 9.999 0.999 99.999 0.999 99.999 0.999 999.999 0.999 999.999 0.999 999.999 0.999 9.999 0.999 99.999 0.999
159.208333 160.208333   31.50 0.000  2.24 0.000 9.999 0.259000 99.99 0.259 0.036 0.000  1.118 0.000  1.565 0.000   9.590 0.000   3.693 0.000   5.897 0.000 0.031 0.000  0.454 0.000
162.208333 163.208333   22.07 0.000  2.57 0.000 9.999 0.259000  0.30 0.000 0.195 0.000  0.971 0.000  1.359 0.000  15.232 0.000   1.800 0.000  13.433 0.000 0.026 0.000  2.318 0.000
165.208333 166.208333  102.69 0.000  2.13 0.000 9.999 0.259000  1.81 0.000 0.229 0.000  1.285 0.000  1.798 0.000  28.309 0.000   3.973 0.000  24.336 0.000 0.063 0.000  4.221 0.000
168.208333 169.208333   21.75 0.000  1.12 0.000 9.999 0.259000 99.99 0.259 0.032 0.000  2.295 0.000  3.213 0.000  12.704 0.000   3.504 0.000   9.200 0.000 0.039 0.000  0.748 0.000
171.208333 172.208333   25.30 0.000  3.63 0.000 9.999 0.259000  1.30 0.000 0.124 0.000  1.800 0.000  2.519 0.000  19.601 0.000   3.545 0.000  16.055 0.000 0.037 0.000  2.260 0.000
174.208333 175.208333   10.95 0.000  1.83 0.000 9.999 0.259000  0.22 0.000 0.029 0.000  1.200 0.000  1.680 0.000   8.876 0.000   2.169 0.000   6.707 0.000 0.021 0.000  0.618 0.000
177.208333 178.208333   40.56 0.000  3.11 0.000 9.999 0.259000  0.35 0.000 0.029 0.000  1.821 0.000  2.550 0.000  34.559 0.000   0.851 0.000  33.708 0.000 0.031 0.000  5.933 0.000
180.208333 181.208333   43.53 0.000  4.92 0.000 9.999 0.259000 99.99 0.259 0.041 0.000  2.017 0.000  2.824 0.000  30.801 0.000   2.482 0.000  28.319 0.000 0.059 0.000  5.184 0.000
183.208333 184.208333   22.71 0.000  3.16 0.000 9.999 0.259000 99.99 0.259 0.051 0.000  1.140 0.000  1.595 0.000  10.733 0.000   1.946 0.000   8.787 0.000 0.035 0.000  1.221 0.000
186.208333 187.208333   12.77 0.000  1.74 0.000 9.999 0.259000 99.99 0.259 0.045 0.000  0.774 0.000  1.084 0.000   5.964 0.000   2.403 0.000   3.561 0.000 0.020 0.000  0.322 0.000
189.208333 190.208333   33.94 0.000  2.03 0.000 9.999 0.259000  0.39 0.000 0.038 0.559  2.763 0.000  3.868 0.000  18.628 0.000   5.430 0.000  13.197 0.000 0.044 0.000  1.587 0.559
192.208333 193.208333   11.76 0.000  2.04 0.000 9.999 0.259000 99.99 0.259 0.025 0.000  0.650 0.000  0.910 0.000   7.191 0.000   3.257 0.000   3.934 0.000 0.012 0.000  0.448 0.000
195.208333 196.208333   11.80 0.000  2.40 0.000 9.999 0.259000 99.99 0.259 0.035 0.000  1.764 0.000  2.470 0.000   8.129 0.000   1.723 0.000   6.406 0.000 0.025 0.000  0.441 0.000
198.208333 199.208333   11.86 0.000  1.92 0.000 9.999 0.259000 99.99 0.259 0.144 0.000  1.274 0.000  1.784 0.000   9.477 0.000   2.503 0.000   6.974 0.000 0.025 0.000  0.505 0.000
201.208333 202.208333   29.76 0.000  2.66 0.000 9.999 0.259000  0.73 0.000 0.035 0.000  1.934 0.000  2.708 0.000  16.258 0.000   3.391 0.000  12.867 0.000 0.028 0.000  1.609 0.000
204.208333 205.208333   36.02 0.000  1.61 0.000 9.999 0.259000  0.32 0.000 0.041 0.000  1.396 0.000  1.955 0.000  28.688 0.000   1.021 0.000  27.666 0.000 0.032 0.000  4.597 0.000
207.208333 208.208333   11.25 0.000  1.22 0.000 9.999 0.259000 99.99 0.259 0.052 0.000  0.471 0.000  0.659 0.000   4.520 0.000   2.374 0.000   2.146 0.000 0.019 0.000  0.130 0.000
210.208333 211.208333   14.61 0.000  1.39 0.000 9.999 0.259000  0.66 0.000 0.035 0.000  0.498 0.000  0.697 0.000   7.557 0.000   2.439 0.000   5.119 0.000 0.016 0.000  0.578 0.000
213.208333 214.208333   48.02 0.000  3.70 0.000 9.999 0.259000 99.99 0.259 0.036 0.000  1.635 0.000  2.289 0.000  52.941 0.000   0.455 0.000  52.486 0.000 9.999 0.259  8.976 0.000
216.208333 217.208333   17.56 0.000  1.80 0.000 9.999 0.259000 99.99 0.259 0.020 0.000  1.439 0.000  2.015 0.000   8.610 0.000   2.597 0.000   6.013 0.000 0.031 0.000  0.451 0.000
219.208333 220.208333   39.69 0.000  3.16 0.000 9.999 0.259000  0.19 0.000 0.040 0.559  2.540 0.000  3.556 0.000  19.209 0.000   3.553 0.000  15.655 0.000 0.039 0.000  1.998 0.559
222.208333 223.208333   19.96 0.000  1.69 0.000 9.999 0.259000 99.99 0.259 0.033 0.000  1.149 0.000  1.608 0.000   9.137 0.000   3.486 0.000   5.652 0.000 0.023 0.000  0.630 0.000
225.208333 226.208333   16.64 0.000  2.91 0.000 9.999 0.259000 99.99 0.259 0.145 0.000  1.756 0.000  2.458 0.000  12.425 0.000   2.692 0.000   9.733 0.000 0.033 0.000  1.199 0.000
228.208333 229.208333   15.52 0.000  1.43 0.000 9.999 0.259000 99.99 0.259 0.052 0.000  1.247 0.000  1.746 0.000  13.149 0.000   1.555 0.000  11.594 0.000 0.020 0.000  2.011 0.000
231.208333 232.208333   16.68 0.000  2.29 0.000 9.999 0.259000  0.35 0.000 0.021 0.000  0.882 0.000  1.235 0.000  12.827 0.000   1.546 0.000  11.281 0.000 0.020 0.000  2.210 0.000
234.208333 235.208333   33.16 0.000  3.03 0.000 9.999 0.259000  0.31 0.000 0.023 0.000  1.529 0.000  2.140 0.000  23.011 0.000   0.685 0.000  22.326 0.000 0.024 0.000  3.864 0.000
237.208333 238.208333   25.51 0.000  2.75 0.000 9.999 0.259000  0.54 0.000 0.087 0.000  1.795 0.000  2.514 0.000  23.856 0.000   2.538 0.000  21.319 0.000 0.036 0.000  3.602 0.000
240.208333 241.208333   10.07 0.000  1.07 0.000 9.999 0.259000 99.99 0.259 0.112 0.000  0.973 0.000  1.363 0.000   8.711 0.000   3.090 0.000   5.622 0.000 0.020 0.000  0.702 0.000
243.208333 244.208333    5.74 0.000  1.52 0.000 9.999 0.259000 99.99 0.259 0.022 0.000  0.347 0.000  0.486 0.000   4.931 0.000   1.848 0.000   3.083 0.000 0.015 0.000  0.451 0.000
246.208333 247.208333   20.28 0.000  2.46 0.000 9.999 0.259000  0.15 0.000 0.089 0.000  1.080 0.000  1.513 0.000  16.795 0.000   2.333 0.000  14.462 0.000 0.029 0.000  2.717 0.000
249.208333 250.208333   35.62 0.000  2.24 0.000 9.999 0.259000  0.11 0.000 0.051 0.000  1.524 0.000  2.133 0.000  21.737 0.000   4.742 0.000  16.995 0.000 0.040 0.000  2.934 0.000
252.208333 253.208333   12.61 0.000  1.27 0.000 0.042 0.000000  0.31 0.000 0.030 0.559  0.705 0.000  0.987 0.000   8.823 0.000   3.233 0.000   5.591 0.000 0.026 0.000  0.908 0.559
255.208333 256.208333   25.23 0.000  1.63 0.000 9.999 0.259000  0.17 0.000 0.060 0.559  1.104 0.000  1.545 0.000  11.095 0.000   3.188 0.000   7.906 0.000 0.035 0.000  1.104 0.559
258.208333 259.208333   12.68 0.000  3.31 0.000 9.999 0.259000  0.14 0.000 0.050 0.000  0.782 0.000  1.094 0.000   7.273 0.000   3.172 0.000   4.101 0.000 0.022 0.000  0.439 0.000
261.208333 262.208333   46.69 0.000  4.20 0.000 9.999 0.259000  0.49 0.000 0.075 0.000  1.767 0.000  2.474 0.000  21.080 0.000   4.955 0.000  16.125 0.000 0.038 0.000  2.563 0.000
264.208333 265.208333   12.64 0.000  2.15 0.000 9.999 0.259000 99.99 0.259 0.030 0.000  0.875 0.000  1.226 0.000   9.739 0.000   1.201 0.000   8.538 0.000 0.021 0.000  1.559 0.000
267.208333 268.208333    3.94 0.000  1.14 0.000 9.999 0.259000 99.99 0.259 0.015 0.000  0.198 0.000  0.277 0.000   2.575 0.000   0.873 0.000   1.701 0.000 0.011 0.000  0.333 0.000
270.208333 271.208333   10.03 0.000  1.60 0.000 0.053 0.000000  0.10 0.000 0.205 0.000  0.556 0.000  0.778 0.000   4.878 0.000   0.729 0.000   4.149 0.000 0.013 0.000  0.728 0.000
273.208333 274.208333   20.11 0.000  2.92 0.000 9.999 0.259000 99.99 0.259 0.075 0.000  1.158 0.000  1.621 0.000   7.848 0.000   2.768 0.000   5.081 0.000 0.024 0.000  0.487 0.000
276.208333 277.208333   74.77 0.000  4.39 0.000 9.999 0.259000  0.15 0.000 0.188 0.000  3.549 0.000  4.968 0.000  27.451 0.000   9.793 0.000  17.658 0.000 0.125 0.000  1.932 0.000
279.208333 280.208333    6.67 0.000  0.82 0.000 0.022 0.000000 99.99 0.259 0.030 0.559  0.304 0.000  0.425 0.000   3.082 0.000   1.513 0.000   1.569 0.000 0.018 0.000  0.207 0.559
282.208333 283.208333   34.64 0.000  1.82 0.000 9.999 0.259000 99.99 0.259 0.071 0.000  1.157 0.000  1.620 0.000  10.820 0.000   4.445 0.000   6.376 0.000 0.046 0.000  0.765 0.000
285.208333 286.208333   27.76 0.000  2.24 0.000 9.999 0.259000  0.24 0.000 0.135 0.000  1.540 0.000  2.156 0.000  12.827 0.000   3.480 0.000   9.347 0.000 0.041 0.000  1.229 0.000
288.208333 289.208333 9999.99 0.456 99.99 0.456 9.999 0.456000 99.99 0.456 0.035 0.000  0.703 0.000  0.984 0.000   7.166 0.000 999.999 0.999 999.999 0.456 9.999 0.456  0.563 0.000
291.208333 292.208333   29.31 0.000  1.98 0.000 9.999 0.259000  0.09 0.000 0.116 0.000  1.319 0.000  1.847 0.000   9.232 0.000   2.935 0.000   6.297 0.000 0.047 0.000  0.714 0.000
294.208333 295.208333   29.02 0.000  3.47 0.000 9.999 0.259000  0.10 0.000 0.464 0.000  1.610 0.000  2.254 0.000   8.987 0.000   1.897 0.000   7.090 0.000 0.043 0.000  0.607 0.000
297.208333 298.208333   23.26 0.559  1.19 0.559 9.999 0.559259  0.23 0.559 0.085 0.000  1.495 0.000  2.093 0.000  10.417 0.000   3.920 0.000   6.496 0.559 0.032 0.559  0.773 0.000
300.208333 301.208333    3.35 0.000  1.41 0.000 9.999 0.259000  0.09 0.000 0.019 0.000  0.474 0.000  0.664 0.000   3.142 0.000   0.548 0.000   2.593 0.000 0.012 0.000  0.379 0.000
303.208333 304.208333   34.13 0.000  4.16 0.000 9.999 0.259000  0.99 0.000 0.438 0.000  1.347 0.000  1.885 0.000  11.193 0.000   4.248 0.000   6.944 0.000 0.040 0.000  0.572 0.000
306.208333 307.208333   21.31 0.000  2.24 0.000 9.999 0.259000  0.13 0.000 0.228 0.000  1.364 0.000  1.910 0.000   8.170 0.000   2.962 0.000   5.208 0.000 0.018 0.000  0.487 0.000
309.208333 310.208333    6.62 0.000  1.29 0.000 0.017 0.000000 99.99 0.259 0.044 0.000  0.419 0.000  0.586 0.000   2.913 0.000   1.045 0.000   1.868 0.000 0.017 0.000  0.182 0.000
312.208333 313.208333    8.07 0.000  1.17 0.000 0.024 0.000000 99.99 0.259 0.034 0.000  0.296 0.000  0.415 0.000   2.959 0.000   0.644 0.000   2.315 0.000 0.018 0.000  0.348 0.000
315.208333 316.208333    8.36 0.000  1.21 0.000 0.025 0.000000 99.99 0.259 0.137 0.000  0.514 0.000  0.719 0.000   4.051 0.000   0.910 0.000   3.141 0.000 0.023 0.000  0.356 0.000
318.208333 319.208333   61.11 0.000  5.41 0.000 9.999 0.259000 99.99 0.259 0.430 0.000  4.589 0.000  6.424 0.000  24.101 0.000   3.764 0.000  20.337 0.000 0.097 0.000  2.207 0.000
321.208333 322.208333   23.46 0.000  3.30 0.000 9.999 0.259000  0.15 0.000 0.154 0.000  1.460 0.000  2.043 0.000  10.498 0.000   3.002 0.000   7.497 0.000 0.056 0.000  0.891 0.000
324.208333 325.208333   20.53 0.000  2.72 0.000 9.999 0.259000 99.99 0.259 0.146 0.559  0.465 0.000  0.652 0.000   4.602 0.000   1.217 0.000   3.385 0.000 0.031 0.000  0.451 0.559
327.208333 328.208333   16.91 0.000  2.02 0.000 9.999 0.259000  1.11 0.000 0.289 0.000  0.921 0.000  1.289 0.000  10.108 0.000   1.828 0.000   8.281 0.000 0.024 0.000  1.238 0.000
330.208333 331.208333   15.09 0.000  1.99 0.000 9.999 0.259000  0.21 0.000 0.399 0.000  0.730 0.000  1.022 0.000  10.007 0.000   0.867 0.000   9.140 0.000 0.027 0.000  1.344 0.000
333.208333 334.208333   10.51 0.000  1.70 0.000 9.999 0.259000  0.53 0.000 0.117 0.559  0.833 0.000  1.166 0.000   8.619 0.000   0.916 0.000   7.703 0.000 0.028 0.000  1.281 0.559
336.208333 337.208333   17.38 0.000  2.47 0.000 9.999 0.259000 99.99 0.259 0.084 0.000  0.906 0.000  1.269 0.000   6.046 0.000   0.974 0.000   5.072 0.000 0.022 0.000  0.682 0.000
339.208333 340.208333   22.67 0.000  1.31 0.000 9.999 0.259000 99.99 0.259 0.036 0.000  0.867 0.000  1.214 0.000   5.678 0.000   1.610 0.000   4.068 0.000 0.022 0.000  0.469 0.000
342.208333 343.208333    3.17 0.000  1.91 0.000 9.999 0.259000  0.28 0.000 0.234 0.000  0.780 0.000  1.092 0.000   4.258 0.000   0.062 0.000   4.196 0.000 0.016 0.000  0.466 0.000
345.208333 346.208333   36.41 0.000  4.17 0.000 9.999 0.259000  1.15 0.000 0.525 0.000  1.478 0.000  2.069 0.000  13.393 0.000   1.538 0.000  11.855 0.000 0.042 0.000  1.373 0.000
348.208333 349.208333    3.63 0.000  1.01 0.000 9.999 0.259000 99.99 0.259 0.059 0.000  0.505 0.000  0.708 0.000   2.507 0.000 999.999 0.259   2.554 0.000 0.015 0.000  0.364 0.000
351.208333 352.208333    7.11 0.000  0.91 0.000 9.999 0.259000 99.99 0.259 0.149 0.000  0.418 0.000  0.586 0.000   2.450 0.000   0.091 0.000   2.359 0.000 0.013 0.000  0.273 0.000
354.208333 355.208333    4.35 0.000  1.57 0.000 9.999 0.259000 99.99 0.259 0.034 0.000  0.233 0.000  0.326 0.000   2.232 0.000   0.705 0.000   1.527 0.000 0.008 0.000  0.251 0.000
357.208333 358.208333    9.76 0.000  1.43 0.000 9.999 0.259000 99.99 0.259 0.234 0.000  0.717 0.000  1.003 0.000   5.013 0.000   0.374 0.000   4.639 0.000 0.018 0.000  0.609 0.000
360.208333 361.208333   17.83 0.000  2.46 0.000 9.999 0.259000 99.99 0.259 0.296 0.000  0.881 0.000  1.233 0.000   6.529 0.000   0.585 0.000   5.944 0.000 0.030 0.000  0.658 0.000
363.208333 364.208333   17.60 0.000  2.20 0.000 9.999 0.259000 99.99 0.259 0.268 0.000  0.726 0.000  1.016 0.000   8.525 0.000   3.519 0.000   5.006 0.000 0.025 0.000  0.513 0.000
