scripts/IMPROVE-2019_partial/data/US0045R.20050101050000.20191216000000.filterpack..pm25.52w.1w.US03L_filterpack_US0045.US03L_IMPROVE_Davis.lev2.nas
64 1001
MISSING INFORMATION
US03L, IMPROVE, , , , , , , 
MISSING INFORMATION
IMPROVE sel_HTAP
1 1
2005 01 01 2019 12 16
3.000000
days from file reference point
25
1 1 1 1 1 1 1 1 1 1 1 1 1 1 1 1 1 1 1 1 1 1 1 1 1
999.999999 999.99 9.999 99.99 9.999 9.999 9.999999 9.99 9.999999 99.999 9.999 99.999 9.999 999.999 9.999 999.999 9.999 999.999 9.999 999.999 9.999 9.999 9.999 99.999 9.999
end_time of measurement, days from the file reference point
iron, ng/m3, Revision date=20181210133000
numflag iron, no unit, Revision date=20181210133000
lead, ng/m3, Revision date=20181210133000
numflag lead, no unit, Revision date=20181210133000
magnesium, ug/m3, Revision date=20181210133000
numflag magnesium, no unit, Revision date=20181210133000
nickel, ng/m3, Revision date=20181210133000
numflag nickel, no unit, Revision date=20181210133000
nitrate, ug N/m3, Revision date=20181210133000
numflag nitrate, no unit, Revision date=20181210133000
organic_carbon, ug C/m3, Revision date=20181210133000
numflag organic_carbon, no unit, Revision date=20181210133000
organic_mass, ug/m3, Revision date=20181210133000
numflag organic_mass, no unit, Revision date=20181210133000
pm10_mass, ug/m3, Version=2, Version description=Data extracted from http://views.cira.colostate.edu/fed/DataWizard 2019-12-16, Sample duration=1d, Orig. time res.=3d, Matrix=pm10, Blank correction=Blank corrected, Volume std. temperature=ambient, Volume std. pressure=ambient
numflag pm10_mass, no unit, Version=2, Version description=Data extracted from http://views.cira.colostate.edu/fed/DataWizard 2019-12-16, Sample duration=1d, Orig. time res.=3d, Matrix=pm10, Blank correction=Blank corrected, Volume std. temperature=ambient, Volume std. pressure=ambient
pm10_pm25_mass, ug/m3, Revision date=20181210133000, Matrix=pm10_pm25
numflag pm10_pm25_mass, no unit, Revision date=20181210133000, Matrix=pm10_pm25
pm25_mass, ug/m3, Version=2, Version description=Data extracted from http://views.cira.colostate.edu/fed/DataWizard 2019-12-16, Sample duration=1d, Orig. time res.=3d, Blank correction=Blank corrected, Volume std. temperature=ambient, Volume std. pressure=ambient
numflag pm25_mass, no unit, Version=2, Version description=Data extracted from http://views.cira.colostate.edu/fed/DataWizard 2019-12-16, Sample duration=1d, Orig. time res.=3d, Blank correction=Blank corrected, Volume std. temperature=ambient, Volume std. pressure=ambient
potassium, ug/m3, Revision date=20181210133000
numflag potassium, no unit, Revision date=20181210133000
sulphate_total, ug S/m3, Revision date=20181210133000
numflag sulphate_total, no unit, Revision date=20181210133000
0
25
Data definition:              EBAS_1.1
Set type code:                TU
Timezone:                     UTC
File name:                    US0045R.20050101050000.20191216000000.filterpack..pm25.52w.1w.US03L_filterpack_US0045.US03L_IMPROVE_Davis.lev2.nas
File creation:                20191218115811
Startdate:                    20050101050000
Revision date:                20191216000000
Statistics:                   arithmetic mean
Data level:                   2
Period code:                  52w
Resolution code:              1w
Station code:                 US0045R
Platform code:                US0045S
Station name:                 Isle Royale NP
Station latitude:             47.4596
Station longitude:            -88.1491
Station altitude:             182.0 m
Regime:                       IMG
Component:                    
Matrix:                       pm25
Laboratory code:              US03L
Instrument type:              filterpack
Instrument name:              filterpack_US0045
Method ref:                   US03L_IMPROVE_Davis
starttime endtime Fe flag_Fe Pb flag_Pb Mg++ flag_Mg++ Ni flag_Ni NO3- flag_NO3- OC flag_OC OM flag_OM PM10 flag_PM10 PM10-PM2.5 flag_PM10-PM2.5 PM2.5 flag_PM2.5 K+ flag_K+ SO4-- flag_SO4--
[from data line 88]
264.208333 265.208333 999.99 0.999 99.99 0.999 9.999 0.999000 9.99 0.999000 99.999 0.999 99.999 0.999 999.999 0.999 999.999 0.999 999.999 0.999 999.999 0.999 9.999 0.999 99.999 0.999
267.208333 268.208333 999.99 0.999 99.99 0.999 9.999 0.999000 9.99 0.999000 99.999 0.999 99.999 0.999 999.999 0.999 999.999 0.999 999.999 0.999 999.999 0.999 9.999 0.999 99.999 0.999
270.208333 271.208333   8.90 0.000  0.88 0.000 9.999 0.259000 9.99 0.259000  0.010 0.559  0.508 0.000   0.914 0.000   6.259 0.000   3.906 0.000   2.373 0.000 0.013 0.000  0.191 0.559
273.208333 274.208333  54.20 0.000  1.35 0.000 0.022 0.000000 9.99 0.259000  0.057 0.559  1.744 0.000   3.138 0.000  24.279 0.000  17.527 0.000   6.523 0.000 0.063 0.000  0.459 0.559
276.208333 277.208333   4.51 0.000  0.47 0.000 0.021 0.000000 0.26 0.000000  0.017 0.559  0.494 0.000   0.889 0.000   4.561 0.000   1.817 0.000   2.745 0.000 0.012 0.000  0.301 0.559
279.208333 280.208333   1.07 0.000  0.21 0.000 9.999 0.259000 9.99 0.259000  0.002 0.559  0.098 0.000   0.176 0.000   0.798 0.000   0.290 0.000   0.503 0.000 0.005 0.000  0.047 0.559
282.208333 283.208333   5.94 0.000  0.30 0.000 9.999 0.259000 0.55 0.000000  0.015 0.559  0.744 0.000   1.338 0.000   4.017 0.000   1.697 0.000   2.289 0.000 0.016 0.000  0.139 0.559
285.208333 286.208333   5.47 0.000  0.50 0.000 9.999 0.259000 9.99 0.259000  0.009 0.559  0.268 0.000   0.482 0.000   3.453 0.000   1.188 0.000   2.239 0.000 0.010 0.000  0.306 0.559
288.208333 289.208333   1.08 0.000  0.39 0.000 9.999 0.259000 9.99 0.259000  0.000 0.559  0.062 0.000   0.112 0.000   1.754 0.000   1.023 0.000   0.716 0.000 0.003 0.000  0.042 0.559
291.208333 292.208333   4.52 0.000  0.21 0.000 9.999 0.259000 0.35 0.000000  0.003 0.559  0.269 0.000   0.485 0.000   2.217 0.000   0.756 0.000   1.463 0.000 0.008 0.000  0.180 0.559
294.208333 295.208333  10.77 0.000  0.75 0.000 9.999 0.259000 9.99 0.259000  0.014 0.000  0.589 0.000   1.061 0.000   4.037 0.000   1.224 0.000   2.783 0.000 0.017 0.000  0.315 0.000
297.208333 298.208333   3.15 0.000  0.20 0.000 0.005 0.000000 9.99 0.259000  0.002 0.559  0.493 0.000   0.888 0.000   1.961 0.000   0.573 0.000   1.383 0.000 0.019 0.000  0.080 0.559
300.208333 301.208333  16.87 0.000  0.88 0.000 9.999 0.259000 9.99 0.259000  0.154 0.559  0.931 0.000   1.677 0.000   7.767 0.000   4.022 0.000   3.679 0.000 0.023 0.000  0.329 0.559
303.208333 304.208333  21.09 0.000  0.91 0.000 9.999 0.259000 0.57 0.000000  0.078 0.559  1.306 0.000   2.351 0.000   7.162 0.000   1.737 0.000   5.375 0.000 0.058 0.000  0.503 0.559
306.208333 307.208333  10.39 0.000  0.23 0.000 9.999 0.259000 9.99 0.259000  0.023 0.000  0.658 0.000   1.184 0.000   4.701 0.000   2.236 0.000   2.426 0.000 0.031 0.000  0.203 0.000
309.208333 310.208333   2.19 0.000  0.23 0.000 9.999 0.259000 0.20 0.000000  0.003 0.559  0.187 0.000   0.336 0.000   1.637 0.000   0.514 0.000   1.111 0.000 0.008 0.000  0.154 0.559
312.208333 313.208333   4.73 0.000  0.57 0.000 9.999 0.259000 9.99 0.259000  0.101 0.000  0.332 0.000   0.597 0.000   3.522 0.000   1.220 0.000   2.310 0.000 0.011 0.000  0.261 0.000
315.208333 316.208333  55.59 0.000  3.79 0.000 9.999 0.259000 0.22 0.000000  0.601 0.000  2.608 0.000   4.694 0.000  22.756 0.000  11.571 0.000  10.995 0.000 0.099 0.000  0.556 0.000
318.208333 319.208333   6.82 0.000  0.54 0.000 9.999 0.259000 0.38 0.000000  0.022 0.000  0.776 0.000   1.397 0.000   2.216 0.000 999.999 0.259   2.810 0.000 0.016 0.000  0.259 0.000
321.208333 322.208333   5.90 0.000  0.99 0.000 9.999 0.259000 9.99 0.259000  0.258 0.000  0.568 0.000   1.022 0.000   5.033 0.000   0.695 0.000   4.305 0.000 0.022 0.000  0.391 0.000
324.208333 325.208333   4.56 0.000  0.35 0.000 0.015 0.000000 9.99 0.259000  0.099 0.559  0.293 0.000   0.528 0.000   2.613 0.000   0.033 0.000   2.566 0.000 0.011 0.000  0.305 0.559
327.208333 328.208333   1.06 0.000  0.23 0.000 9.999 0.259000 9.99 0.259000  0.003 0.559  0.008 0.000   0.014 0.000   1.524 0.000   0.736 0.000   0.776 0.000 0.006 0.000  0.079 0.559
330.208333 331.208333  31.11 0.000  3.37 0.000 9.999 0.259000 9.99 0.259000  0.424 0.559  1.311 0.000   2.359 0.000  10.973 0.000   2.424 0.000   8.473 0.000 0.061 0.000  0.696 0.559
333.208333 334.208333   0.83 0.000  0.20 0.000 0.012 0.000000 0.28 0.000000  0.010 0.559 99.999 0.259 999.999 0.259   2.620 0.000   1.053 0.000   1.575 0.000 0.006 0.000  0.256 0.559
336.208333 337.208333   1.52 0.000  0.69 0.000 0.012 0.000000 0.12 0.000000  0.019 0.559  0.024 0.000   0.043 0.000   2.330 0.000   0.707 0.000   1.606 0.000 0.013 0.000  0.223 0.559
339.208333 340.208333   3.37 0.000  2.03 0.000 0.013 0.000000 0.22 0.000000  0.027 0.559  0.243 0.000   0.437 0.000   2.510 0.000   0.848 0.000   1.656 0.000 0.013 0.000  0.211 0.559
342.208333 343.208333   8.22 0.000  0.86 0.000 9.999 0.259000 0.21 0.000000  0.194 0.559  0.636 0.000   1.144 0.000   4.557 0.000   1.031 0.000   3.494 0.000 0.023 0.000  0.311 0.559
345.208333 346.208333   7.50 0.000  0.54 0.000 9.999 0.259000 9.99 0.259000  0.020 0.559  0.287 0.000   0.516 0.000   2.975 0.000   1.078 0.000   1.874 0.000 0.016 0.000  0.272 0.559
348.208333 349.208333  17.99 0.000  1.85 0.000 9.999 0.259000 0.28 0.000000  0.058 0.559  0.563 0.000   1.014 0.000   5.649 0.000   1.070 0.000   4.542 0.000 0.020 0.000  0.704 0.559
351.208333 352.208333   2.45 0.000  0.55 0.000 9.999 0.259000 9.99 0.259000  0.024 0.559  0.126 0.000   0.227 0.000   3.345 0.000   1.809 0.000   1.507 0.000 0.010 0.000  0.186 0.559
354.208333 355.208333   6.67 0.000  0.75 0.000 9.999 0.259000 9.99 0.259000  0.016 0.559  0.353 0.000   0.635 0.000   5.677 0.000   2.811 0.000   2.858 0.000 0.016 0.000  0.456 0.559
357.208333 358.208333   1.25 0.000  1.32 0.000 9.999 0.259000 0.10 0.000000  0.007 0.000  0.336 0.000   0.605 0.000   1.896 0.000   0.317 0.000   1.566 0.000 0.007 0.000  0.217 0.000
360.208333 361.208333  10.07 0.000  1.42 0.000 0.023 0.000000 0.12 0.000000  0.466 0.000  0.964 0.000   1.734 0.000 999.999 0.456   1.348 0.000   9.539 0.000 0.027 0.000  1.304 0.000
363.208333 364.208333   5.27 0.000  0.44 0.000 0.009 0.000000 9.99 0.259000  0.025 0.559  0.025 0.000   0.045 0.000   3.004 0.000   1.931 0.000   1.046 0.000 0.008 0.000  0.111 0.559
