scripts/IMPROVE-2019_partial/data/US0062R.19900103070000.20191216000000.filterpack...1y.3d.US03L_filterpack_US0062.US03L_IMPROVE_Davis.lev2.nas
52 1001
MISSING INFORMATION
US03L, IMPROVE, , , , , , , 
MISSING INFORMATION
IMPROVE sel_HTAP
1 1
1990 01 01 2019 12 16
0
days from file reference point
5
1 1 1 1 1
999.999999 999.999 9.999 99.999 9.999999
end_time of measurement, days from the file reference point
pm10_mass, ug/m3, Matrix=pm10
numflag pm10_mass, no unit, Matrix=pm10
pm25_mass, ug/m3, Matrix=pm25
numflag pm25_mass, no unit, Matrix=pm25
0
33
Data definition:              EBAS_1.1
Set type code:                TI
Timezone:                     UTC
File name:                    US0062R.19900103070000.20191216000000.filterpack...1y.3d.US03L_filterpack_US0062.US03L_IMPROVE_Davis.lev2.nas
File creation:                20191218115923
Startdate:                    19900103070000
Revision date:                20191216000000
Version:                      2
Version description:          "Data extracted from http://views.cira.colostate.edu/fed/DataWizard 2019-12-16"
Statistics:                   arithmetic mean
Data level:                   2
Period code:                  1y
Resolution code:              3d
Sample duration:              1d
Orig. time res.:              3d
Station code:                 US0062R
Platform code:                US0062S
Station name:                 Bandelier NM
Station latitude:             35.7797
Station longitude:            -106.2664
Station altitude:             1988.0 m
Regime:                       IMG
Component:                    
Unit:                         ug/m3
Matrix:                       
Laboratory code:              US03L
Instrument type:              filterpack
Instrument name:              filterpack_US0062
Method ref:                   US03L_IMPROVE_Davis
Blank correction:             Blank corrected
Volume std. temperature:      ambient
Volume std. pressure:         ambient
starttime endtime PM10 flag_PM10 PM2.5 flag_PM2.5
  2.291667   3.291667   4.661 0.000  2.250 0.000000
  5.291667   6.291667   5.022 0.000  3.344 0.000000
  9.291667  10.291667   5.044 0.000  2.420 0.000000
 12.291667  13.291667  14.753 0.000 99.999 0.999000
 16.291667  17.291667   5.650 0.000  2.981 0.000000
 19.291667  20.291667   3.966 0.000  3.397 0.000000
 23.291667  24.291667   4.836 0.000  1.406 0.000000
 26.291667  27.291667  20.188 0.000  3.029 0.000000
 30.291667  31.291667   9.462 0.000  2.707 0.000000
 33.291667  34.291667   4.386 0.000  1.804 0.000000
 37.291667  38.291667   9.031 0.000 99.999 0.999000
 40.291667  41.291667  12.288 0.000  1.850 0.000000
 44.291667  45.291667  10.219 0.000  3.025 0.000000
 47.291667  48.291667   6.116 0.000  3.237 0.000000
 51.291667  52.291667   9.414 0.000 99.999 0.999000
 54.291667  55.291667 999.999 0.999  3.151 0.000000
 58.291667  59.291667 999.999 0.999 99.999 0.999000
 61.291667  62.291667 999.999 0.999 99.999 0.999000
 65.291667  66.291667 999.999 0.999 99.999 0.999000
 68.291667  69.291667 999.999 0.999 99.999 0.999000
 72.291667  73.291667 999.999 0.999 99.999 0.999000
 75.291667  76.291667 999.999 0.999 99.999 0.999000
 79.291667  80.291667 999.999 0.999 99.999 0.999000
 82.291667  83.291667 999.999 0.999 99.999 0.999000
 86.291667  87.291667   5.846 0.000  4.056 0.000000
 89.291667  90.291667   3.397 0.000  3.084 0.000000
 93.291667  94.291667 999.999 0.999 99.999 0.999000
 96.291667  97.291667 999.999 0.999 99.999 0.999000
100.291667 101.291667 999.999 0.999 99.999 0.999000
103.291667 104.291667 999.999 0.999 99.999 0.999000
107.291667 108.291667   3.790 0.000  1.641 0.000000
110.291667 111.291667   7.479 0.000  4.174 0.000000
114.291667 115.291667  15.463 0.000  2.334 0.000000
117.291667 118.291667  11.463 0.000  3.574 0.000000
121.291667 122.291667   9.712 0.000  3.062 0.000000
124.291667 125.291667   4.142 0.000  3.812 0.000000
128.291667 129.291667  12.444 0.000  2.901 0.000000
131.291667 132.291667  16.808 0.000  5.833 0.000000
135.291667 136.291667  10.924 0.000  3.631 0.000000
138.291667 139.291667  11.004 0.000  4.954 0.000000
142.291667 143.291667   7.702 0.000  3.179 0.000000
145.291667 146.291667   8.904 0.000  4.290 0.000000
149.291667 150.291667  12.469 0.000  3.133 0.000000
152.291667 153.291667   7.113 0.000  1.807 0.000000
156.291667 157.291667   8.770 0.000  4.220 0.000000
159.291667 160.291667  14.578 0.000  6.820 0.000000
163.291667 164.291667   8.848 0.000  4.955 0.000000
166.291667 167.291667   6.617 0.000  2.060 0.000000
170.291667 171.291667  11.146 0.000  3.874 0.000000
173.291667 174.291667  15.455 0.000  6.224 0.000000
177.291667 178.291667 999.999 0.999 99.999 0.999000
180.291667 181.291667 999.999 0.999 99.999 0.999000
184.291667 185.291667  22.060 0.000  5.714 0.000000
187.291667 188.291667 999.999 0.999  7.173 0.000000
191.291667 192.291667  24.270 0.000  2.673 0.000000
194.291667 195.291667  49.147 0.000  3.814 0.000000
198.291667 199.291667  15.363 0.000  6.574 0.000000
201.291667 202.291667  37.833 0.000  4.587 0.000000
205.291667 206.291667  25.652 0.000 99.999 0.999000
208.291667 209.291667   7.373 0.000  3.028 0.000000
212.291667 213.291667   4.576 0.000 99.999 0.999000
215.291667 216.291667  10.664 0.000  3.933 0.000000
219.291667 220.291667  11.000 0.000  7.331 0.000000
222.291667 223.291667  31.149 0.000  5.279 0.000000
226.291667 227.291667   4.837 0.000  1.799 0.000000
229.291667 230.291667  19.129 0.000  5.274 0.000000
233.291667 234.291667  11.574 0.000  3.897 0.000000
236.291667 237.291667  39.673 0.000  3.263 0.000000
240.291667 241.291667   8.063 0.000  4.716 0.000000
243.291667 244.291667  11.065 0.000  6.216 0.559000
247.291667 248.291667   7.366 0.000 99.999 0.559259
250.291667 251.291667 999.999 0.999  7.183 0.559000
254.291667 255.291667  20.600 0.000  5.701 0.559000
257.291667 258.291667  21.538 0.000  5.061 0.559000
261.291667 262.291667 999.999 0.999 99.999 0.999000
264.291667 265.291667 999.999 0.999 99.999 0.999000
268.291667 269.291667 999.999 0.999 99.999 0.999000
271.291667 272.291667 999.999 0.999 99.999 0.999000
275.291667 276.291667  11.822 0.000  2.934 0.559000
278.291667 279.291667  11.452 0.000  3.880 0.559000
282.291667 283.291667   6.054 0.000  4.862 0.559000
285.291667 286.291667   7.356 0.000  4.431 0.559000
289.291667 290.291667  12.996 0.000 99.999 0.559259
292.291667 293.291667 999.999 0.999 99.999 0.559259
296.291667 297.291667   8.811 0.000  3.190 0.559000
299.291667 300.291667  10.902 0.000  3.189 0.559000
303.291667 304.291667  21.149 0.000  7.468 0.559000
306.291667 307.291667   5.739 0.000  1.132 0.559000
310.291667 311.291667   7.099 0.000  3.144 0.559000
313.291667 314.291667 999.999 0.999  6.801 0.559000
317.291667 318.291667   4.733 0.000  4.344 0.559000
320.291667 321.291667  16.602 0.000  9.406 0.559000
324.291667 325.291667   4.837 0.000 99.999 0.559259
327.291667 328.291667   4.619 0.000 99.999 0.559259
331.291667 332.291667  14.188 0.000 99.999 0.559259
334.291667 335.291667  28.638 0.000  3.666 0.559000
338.291667 339.291667   7.863 0.000  3.832 0.559000
341.291667 342.291667  23.588 0.000  3.364 0.559000
345.291667 346.291667  11.303 0.000  3.619 0.559000
348.291667 349.291667 999.999 0.999  6.349 0.559000
352.291667 353.291667   6.240 0.000  4.858 0.559000
355.291667 356.291667   4.512 0.000 99.999 0.559259
359.291667 360.291667   5.043 0.000 99.999 0.559259
362.291667 363.291667   4.388 0.000 99.999 0.559259
