scripts/IMPROVE-2019_partial/data/US0080R.20090101050000.20191216000000.filterpack...52w.3d.US03L_filterpack_US0080.US03L_IMPROVE_Davis.lev2.nas
51 1001
MISSING INFORMATION
US03L, IMPROVE, , , , , , , 
MISSING INFORMATION
IMPROVE sel_HTAP
1 1
2009 01 01 2019 12 16
3.000000
days from file reference point
4
1 1 1 1
999.999999 999.999 999.999 9.999
end_time of measurement, days from the file reference point
pm10_mass, ug/m3, Matrix=pm10
pm25_mass, ug/m3, Matrix=pm25
numflag, no unit
0
33
Data definition:              EBAS_1.1
Set type code:                TU
Timezone:                     UTC
File name:                    US0080R.20090101050000.20191216000000.filterpack...52w.3d.US03L_filterpack_US0080.US03L_IMPROVE_Davis.lev2.nas
File creation:                20191218120051
Startdate:                    20090101050000
Revision date:                20191216000000
Version:                      2
Version description:          "Data extracted from http://views.cira.colostate.edu/fed/DataWizard 2019-12-16"
Statistics:                   arithmetic mean
Data level:                   2
Period code:                  52w
Resolution code:              3d
Sample duration:              1d
Orig. time res.:              3d
Station code:                 US0080R
Platform code:                US0080S
Station name:                 James River Face Wilderness
Station latitude:             37.6266
Station longitude:            -79.5125
Station altitude:             289.0 m
Regime:                       IMG
Component:                    
Unit:                         ug/m3
Matrix:                       
Laboratory code:              US03L
Instrument type:              filterpack
Instrument name:              filterpack_US0080
Method ref:                   US03L_IMPROVE_Davis
Blank correction:             Blank corrected
Volume std. temperature:      ambient
Volume std. pressure:         ambient
starttime endtime PM10 PM2.5 flag
  0.208333   1.208333   5.626   3.778 0.000
  3.208333   4.208333  14.840  12.243 0.000
  6.208333   7.208333   2.113   1.775 0.000
  9.208333  10.208333  13.946  11.812 0.000
 12.208333  13.208333  12.251   9.831 0.000
 15.208333  16.208333   6.766   4.527 0.000
 18.208333  19.208333   8.329   7.194 0.000
 21.208333  22.208333  11.501   7.542 0.000
 24.208333  25.208333  11.739   9.552 0.000
 27.208333  28.208333 999.999 999.999 0.999
 30.208333  31.208333   4.676   3.707 0.000
 33.208333  34.208333   6.904   4.940 0.000
 36.208333  37.208333  14.802  10.487 0.000
 39.208333  40.208333  15.241  11.502 0.000
 42.208333  43.208333   6.462   3.294 0.000
 45.208333  46.208333   9.419   8.117 0.000
 48.208333  49.208333  12.670  10.743 0.000
 51.208333  52.208333   8.805   5.964 0.000
 54.208333  55.208333   6.692   4.648 0.000
 57.208333  58.208333  11.089   7.717 0.000
 60.208333  61.208333   7.088   4.776 0.000
 63.208333  64.208333  16.389  11.547 0.000
 66.208333  67.208333  15.508   9.705 0.000
 69.208333  70.208333  11.326   6.968 0.000
 72.208333  73.208333   6.558   5.774 0.000
 75.208333  76.208333   9.260   7.262 0.000
 78.208333  79.208333   8.549   5.715 0.000
 81.208333  82.208333  17.194  12.232 0.000
 84.208333  85.208333   7.732   6.238 0.000
 87.208333  88.208333   5.022   3.176 0.000
 90.208333  91.208333  11.813   9.243 0.000
 93.208333  94.208333   6.798   5.479 0.000
 96.208333  97.208333   4.256   3.259 0.000
 99.208333 100.208333  13.467   9.023 0.000
102.208333 103.208333   8.953   6.167 0.000
105.208333 106.208333   6.541   4.337 0.000
108.208333 109.208333  17.663  12.595 0.000
111.208333 112.208333   7.420   4.952 0.000
114.208333 115.208333  16.753   9.787 0.000
117.208333 118.208333  15.037   6.686 0.000
120.208333 121.208333  16.853   9.962 0.000
123.208333 124.208333   5.909   2.887 0.000
126.208333 127.208333  12.461   3.881 0.000
129.208333 130.208333   9.950   4.926 0.000
132.208333 133.208333  16.439   9.893 0.000
135.208333 136.208333 999.999 999.999 0.999
138.208333 139.208333 999.999 999.999 0.999
141.208333 142.208333  11.108   5.847 0.000
144.208333 145.208333   7.595   4.194 0.000
147.208333 148.208333  11.214   6.378 0.000
150.208333 151.208333  14.095   8.881 0.000
153.208333 154.208333  13.850   8.519 0.000
156.208333 157.208333  10.833   5.681 0.000
159.208333 160.208333  17.417  11.366 0.000
162.208333 163.208333  10.309   3.918 0.000
165.208333 166.208333  17.132  12.471 0.000
168.208333 169.208333  20.715  10.586 0.000
171.208333 172.208333  11.802   6.474 0.000
174.208333 175.208333  13.063   7.637 0.000
177.208333 178.208333  13.094  10.223 0.000
180.208333 181.208333  13.577   6.934 0.000
183.208333 184.208333   9.770   7.603 0.000
186.208333 187.208333  11.056   7.626 0.000
189.208333 190.208333  12.068   8.475 0.000
192.208333 193.208333  16.243  13.500 0.000
195.208333 196.208333  14.715  10.874 0.000
198.208333 199.208333  12.247   6.533 0.000
201.208333 202.208333  16.413  12.113 0.000
204.208333 205.208333  16.219  10.520 0.000
207.208333 208.208333  14.089   8.323 0.000
210.208333 211.208333  14.220   6.793 0.000
213.208333 214.208333  15.123   6.645 0.000
216.208333 217.208333  13.604   5.166 0.000
219.208333 220.208333  26.271  19.210 0.000
222.208333 223.208333  15.212   7.669 0.000
225.208333 226.208333  17.753  12.504 0.000
228.208333 229.208333  14.902   9.013 0.000
231.208333 232.208333  12.833   7.061 0.000
234.208333 235.208333  16.199  10.315 0.000
237.208333 238.208333  18.236  16.297 0.000
240.208333 241.208333  15.337  10.018 0.000
243.208333 244.208333   7.907   4.717 0.000
246.208333 247.208333  11.536   7.475 0.000
249.208333 250.208333  14.327  11.040 0.000
252.208333 253.208333   9.721   7.348 0.000
255.208333 256.208333   7.843   5.786 0.000
258.208333 259.208333  19.655  15.176 0.000
261.208333 262.208333  13.848  10.331 0.000
264.208333 265.208333   8.763   5.918 0.000
267.208333 268.208333  11.710   6.959 0.000
270.208333 271.208333  13.330   5.552 0.000
273.208333 274.208333  10.282   4.240 0.000
276.208333 277.208333   7.205   3.742 0.000
279.208333 280.208333   7.063   3.169 0.000
282.208333 283.208333   4.611   2.395 0.000
285.208333 286.208333  13.200   9.657 0.000
288.208333 289.208333   4.285   2.174 0.000
291.208333 292.208333   8.978   6.473 0.000
294.208333 295.208333   8.927   5.520 0.000
297.208333 298.208333   6.845   5.132 0.000
300.208333 301.208333   5.806   3.266 0.000
303.208333 304.208333   6.261   3.912 0.000
306.208333 307.208333   8.793   5.997 0.000
309.208333 310.208333  10.777   7.360 0.000
312.208333 313.208333  20.282  14.937 0.000
315.208333 316.208333   3.345   2.229 0.000
318.208333 319.208333   5.678   4.034 0.000
321.208333 322.208333  11.300   5.487 0.000
324.208333 325.208333  10.368   8.400 0.000
327.208333 328.208333   3.924   1.697 0.000
330.208333 331.208333   3.774   2.751 0.000
333.208333 334.208333   6.069   4.273 0.000
336.208333 337.208333   4.544   3.047 0.000
339.208333 340.208333  10.885   9.756 0.000
342.208333 343.208333   4.743   1.908 0.000
345.208333 346.208333   9.605   6.050 0.000
348.208333 349.208333   8.840   6.782 0.000
351.208333 352.208333  11.799   8.959 0.000
354.208333 355.208333   7.927   6.978 0.000
357.208333 358.208333  20.146  14.773 0.000
360.208333 361.208333   9.111   6.692 0.000
363.208333 364.208333  11.039   7.769 0.000
