scripts/IMPROVE-2019_partial/data/US0056R.20030103070000.20191216000000.filterpack..pm25.1y.1w.US03L_filterpack_US0056.US03L_IMPROVE_Davis.lev2.nas
64 1001
MISSING INFORMATION
US03L, IMPROVE, , , , , , , 
MISSING INFORMATION
IMPROVE sel_HTAP
1 1
2003 01 01 2019 12 16
3.000000
days from file reference point
25
1 1 1 1 1 1 1 1 1 1 1 1 1 1 1 1 1 1 1 1 1 1 1 1 1
999.999999 9999.99 9.999 99.99 9.999999 9.999 9.999999 9.99 9.999999 9.999 9.999 99.999 9.999 99.999 9.999 999.999 9.999 999.999 9.999 999.999 9.999 9.999 9.999 9.999 9.999
end_time of measurement, days from the file reference point
iron, ng/m3, Revision date=20181210133000
numflag iron, no unit, Revision date=20181210133000
lead, ng/m3, Revision date=20181210133000
numflag lead, no unit, Revision date=20181210133000
magnesium, ug/m3, Revision date=20181210133000
numflag magnesium, no unit, Revision date=20181210133000
nickel, ng/m3, Revision date=20181210133000
numflag nickel, no unit, Revision date=20181210133000
nitrate, ug N/m3, Revision date=20181210133000
numflag nitrate, no unit, Revision date=20181210133000
organic_carbon, ug C/m3, Revision date=20181210133000
numflag organic_carbon, no unit, Revision date=20181210133000
organic_mass, ug/m3, Revision date=20181210133000
numflag organic_mass, no unit, Revision date=20181210133000
pm10_mass, ug/m3, Version=2, Version description=Data extracted from http://views.cira.colostate.edu/fed/DataWizard 2019-12-16, Sample duration=1d, Orig. time res.=3d, Matrix=pm10, Blank correction=Blank corrected, Volume std. temperature=ambient, Volume std. pressure=ambient
numflag pm10_mass, no unit, Version=2, Version description=Data extracted from http://views.cira.colostate.edu/fed/DataWizard 2019-12-16, Sample duration=1d, Orig. time res.=3d, Matrix=pm10, Blank correction=Blank corrected, Volume std. temperature=ambient, Volume std. pressure=ambient
pm10_pm25_mass, ug/m3, Revision date=20181210133000, Matrix=pm10_pm25
numflag pm10_pm25_mass, no unit, Revision date=20181210133000, Matrix=pm10_pm25
pm25_mass, ug/m3, Version=2, Version description=Data extracted from http://views.cira.colostate.edu/fed/DataWizard 2019-12-16, Sample duration=1d, Orig. time res.=3d, Blank correction=Blank corrected, Volume std. temperature=ambient, Volume std. pressure=ambient
numflag pm25_mass, no unit, Version=2, Version description=Data extracted from http://views.cira.colostate.edu/fed/DataWizard 2019-12-16, Sample duration=1d, Orig. time res.=3d, Blank correction=Blank corrected, Volume std. temperature=ambient, Volume std. pressure=ambient
potassium, ug/m3, Revision date=20181210133000
numflag potassium, no unit, Revision date=20181210133000
sulphate_total, ug S/m3, Revision date=20181210133000
numflag sulphate_total, no unit, Revision date=20181210133000
0
25
Data definition:              EBAS_1.1
Set type code:                TU
Timezone:                     UTC
File name:                    US0056R.20030103070000.20191216000000.filterpack..pm25.1y.1w.US03L_filterpack_US0056.US03L_IMPROVE_Davis.lev2.nas
File creation:                20191218115853
Startdate:                    20030103070000
Revision date:                20191216000000
Statistics:                   arithmetic mean
Data level:                   2
Period code:                  1y
Resolution code:              1w
Station code:                 US0056R
Platform code:                US0056S
Station name:                 Fort Peck (IMPROVE)
Station latitude:             48.308
Station longitude:            -105.1022
Station altitude:             638.0 m
Regime:                       IMG
Component:                    
Matrix:                       pm25
Laboratory code:              US03L
Instrument type:              filterpack
Instrument name:              filterpack_US0056
Method ref:                   US03L_IMPROVE_Davis
starttime endtime Fe flag_Fe Pb flag_Pb Mg++ flag_Mg++ Ni flag_Ni NO3- flag_NO3- OC flag_OC OM flag_OM PM10 flag_PM10 PM10-PM2.5 flag_PM10-PM2.5 PM2.5 flag_PM2.5 K+ flag_K+ SO4-- flag_SO4--
  2.291667   3.291667   21.46 0.559  0.21 0.559000 9.999 0.559259 9.99 0.559259 0.036 0.000 99.999 0.999 99.999 0.999  12.425 0.000  11.305 0.000   1.120 0.559 0.019 0.559 0.053 0.000
  5.291667   6.291667    1.99 0.559  0.38 0.559000 0.033 0.559000 9.99 0.559259 0.407 0.000 99.999 0.999 99.999 0.999   3.891 0.000   0.754 0.000   3.136 0.559 0.006 0.559 0.389 0.000
  8.291667   9.291667    4.69 0.559  0.12 0.559000 9.999 0.559259 9.99 0.559259 0.057 0.000  0.286 0.000  0.401 0.000   3.769 0.000   2.561 0.000   1.208 0.559 0.007 0.559 0.124 0.000
 11.291667  12.291667    9.38 0.559  0.75 0.559000 9.999 0.559259 9.99 0.559259 0.330 0.000  0.374 0.000  0.524 0.000   7.580 0.000   4.385 0.000   3.194 0.559 0.043 0.559 0.107 0.000
 14.291667  15.291667    9.98 0.559  0.87 0.559000 9.999 0.559259 9.99 0.559259 0.214 0.000  0.475 0.000  0.665 0.000   3.494 0.000   1.427 0.000   2.067 0.559 0.026 0.559 0.126 0.000
 17.291667  18.291667    6.17 0.559  0.09 0.559000 0.063 0.559000 0.06 0.559000 0.298 0.000  0.510 0.000  0.714 0.000   3.704 0.000   1.222 0.000   2.482 0.559 0.017 0.559 0.160 0.000
 20.291667  21.291667    7.78 0.559  1.09 0.559000 0.018 0.559000 9.99 0.559259 0.069 0.000  0.597 0.000  0.836 0.000   5.209 0.000   3.046 0.000   2.163 0.559 0.029 0.559 0.284 0.000
 23.291667  24.291667   23.54 0.559  1.51 0.559000 9.999 0.559259 9.99 0.559259 0.241 0.000  0.856 0.000  1.199 0.000  10.332 0.000   5.221 0.000   5.111 0.559 0.050 0.559 0.472 0.000
 26.291667  27.291667    4.28 0.559  0.27 0.559000 9.999 0.559259 9.99 0.559259 0.090 0.000  0.530 0.000  0.742 0.000   3.681 0.000   2.429 0.000   1.252 0.559 0.007 0.559 0.085 0.000
 29.291667  30.291667    4.88 0.559  0.28 0.559000 9.999 0.559259 9.99 0.559259 0.246 0.000  0.667 0.000  0.934 0.000   3.681 0.000   1.882 0.000   1.799 0.559 0.012 0.559 0.394 0.000
 32.291667  33.291667    4.44 0.559  0.49 0.559000 9.999 0.559259 9.99 0.559259 0.372 0.000  1.030 0.000  1.441 0.000   6.355 0.000   0.805 0.000   5.550 0.559 0.036 0.559 0.592 0.000
 35.291667  36.291667    4.48 0.559  0.38 0.559000 9.999 0.559259 0.06 0.559000 0.177 0.000  0.721 0.000  1.010 0.000   6.648 0.000   2.913 0.000   3.735 0.559 0.046 0.559 0.491 0.000
 38.291667  39.291667    9.77 0.559  0.26 0.559000 9.999 0.559259 9.99 0.559259 0.025 0.000  0.398 0.000  0.557 0.000   3.303 0.000   1.781 0.000   1.522 0.559 0.024 0.559 0.211 0.000
 41.291667  42.291667   16.69 0.559  0.34 0.559000 9.999 0.559259 9.99 0.559259 0.060 0.000  0.411 0.000  0.576 0.000   6.890 0.000   5.464 0.000   1.426 0.559 0.020 0.559 0.167 0.000
 44.291667  45.291667    8.97 0.559  1.03 0.559000 9.999 0.559259 9.99 0.559259 0.512 0.000  0.718 0.000  1.006 0.000   9.927 0.000   2.954 0.000   6.972 0.559 0.022 0.559 0.976 0.000
 47.291667  48.291667   10.79 0.559  1.30 0.559000 9.999 0.559259 9.99 0.559259 0.364 0.000  0.624 0.000  0.874 0.000   8.502 0.000   2.545 0.000   5.956 0.559 0.032 0.559 0.892 0.000
 50.291667  51.291667   14.37 0.559  1.84 0.559000 9.999 0.559259 9.99 0.559259 0.362 0.000  0.679 0.000  0.951 0.000   8.977 0.000   3.601 0.000   5.376 0.559 0.033 0.559 0.642 0.000
 53.291667  54.291667    8.35 0.559  1.05 0.559000 0.021 0.559000 9.99 0.559259 0.287 0.000  0.922 0.000  1.291 0.000   5.909 0.000   1.455 0.000   4.454 0.559 0.032 0.559 0.459 0.000
 56.291667  57.291667   16.47 0.559  1.31 0.559000 9.999 0.559259 9.99 0.559259 0.397 0.000  0.620 0.000  0.868 0.000   7.622 0.000   3.545 0.000   4.077 0.559 0.022 0.559 0.327 0.000
 59.291667  60.291667   27.21 0.559  2.32 0.559000 9.999 0.559259 0.19 0.559000 0.217 0.000  0.727 0.000  1.018 0.000   7.664 0.000   3.653 0.000   4.012 0.559 0.048 0.559 0.526 0.000
 62.291667  63.291667   12.37 0.559  1.47 0.559000 9.999 0.559259 9.99 0.559259 0.065 0.000  0.583 0.000  0.816 0.000   4.852 0.000   2.224 0.000   2.628 0.559 0.028 0.559 0.374 0.000
 65.291667  66.291667   15.53 0.559  2.69 0.559000 9.999 0.559259 0.15 0.559000 0.103 0.000  0.780 0.000  1.092 0.000  11.759 0.000   8.273 0.000   3.486 0.559 0.033 0.559 0.459 0.000
 68.291667  69.291667   23.92 0.559  2.44 0.559000 9.999 0.559259 9.99 0.559259 0.121 0.000  0.844 0.000  1.182 0.000   7.368 0.000   2.504 0.000   4.864 0.559 0.039 0.559 0.755 0.000
 71.291667  72.291667   30.90 0.559  1.10 0.559000 9.999 0.559259 9.99 0.559259 0.238 0.000  0.792 0.000  1.109 0.000   6.819 0.000   2.161 0.000   4.658 0.559 0.026 0.559 0.674 0.000
 74.291667  75.291667   16.77 0.559  0.41 0.559000 0.036 0.559000 9.99 0.559259 0.178 0.000  0.415 0.000  0.581 0.000   4.134 0.000   2.426 0.000   1.708 0.559 0.012 0.559 0.133 0.000
 77.291667  78.291667   14.30 0.559  0.61 0.559000 9.999 0.559259 9.99 0.559259 0.353 0.000  0.742 0.000  1.039 0.000   5.946 0.000   1.195 0.000   4.752 0.559 0.041 0.559 0.622 0.000
 80.291667  81.291667   18.49 0.559  0.41 0.559000 9.999 0.559259 9.99 0.559259 0.030 0.000  0.373 0.000  0.522 0.000   3.472 0.000   2.305 0.000   1.167 0.559 0.012 0.559 0.069 0.000
 83.291667  84.291667   12.58 0.559  0.47 0.559000 9.999 0.559259 9.99 0.559259 0.063 0.000  0.327 0.000  0.457 0.000   2.757 0.000   0.974 0.000   1.783 0.559 0.012 0.559 0.175 0.000
 86.291667  87.291667    9.05 0.559  0.35 0.559000 0.025 0.559000 9.99 0.559259 0.043 0.000  0.219 0.000  0.306 0.000   3.179 0.000   1.862 0.000   1.317 0.559 0.018 0.559 0.180 0.000
 89.291667  90.291667   19.62 0.559  0.40 0.559000 9.999 0.559259 9.99 0.559259 0.031 0.000  0.267 0.000  0.374 0.000   5.424 0.000   4.115 0.000   1.309 0.559 0.021 0.559 0.108 0.000
 92.291667  93.291667   31.00 0.559  0.84 0.559000 9.999 0.559259 9.99 0.559259 0.173 0.000  0.684 0.000  0.957 0.000   5.598 0.000   1.509 0.000   4.088 0.559 0.031 0.559 0.408 0.000
 95.291667  96.291667    9.45 0.559  0.95 0.559000 9.999 0.559259 9.99 0.559259 0.507 0.000  0.487 0.000  0.681 0.000   6.401 0.000   2.436 0.000   3.964 0.559 0.018 0.559 0.409 0.000
 98.291667  99.291667   29.93 0.559  0.32 0.559000 9.999 0.559259 9.99 0.559259 0.017 0.000  0.290 0.000  0.406 0.000   8.233 0.000   6.412 0.000   1.821 0.559 0.023 0.559 0.086 0.000
101.291667 102.291667   65.26 0.000  0.90 0.000000 9.999 0.259000 9.99 0.259000 0.121 0.000  1.029 0.000  1.441 0.000  14.596 0.000   9.966 0.000   4.630 0.000 0.105 0.000 0.285 0.000
104.291667 105.291667   22.22 0.559  0.34 0.559000 9.999 0.559259 9.99 0.559259 0.152 0.000  0.743 0.000  1.040 0.000  11.313 0.000   7.660 0.000   3.653 0.559 0.042 0.559 0.324 0.000
107.291667 108.291667   12.99 0.559  0.70 0.559000 9.999 0.559259 9.99 0.559259 0.239 0.000  0.344 0.000  0.482 0.000   4.657 0.000   2.694 0.000   1.964 0.559 0.015 0.559 0.172 0.000
110.291667 111.291667   43.60 0.559  0.93 0.559000 0.024 0.559000 9.99 0.559259 0.056 0.000  0.350 0.000  0.490 0.000   7.949 0.000   4.148 0.000   3.801 0.559 0.040 0.559 0.489 0.000
113.291667 114.291667   57.86 0.559  1.78 0.559000 9.999 0.559259 0.06 0.559000 0.161 0.000  1.107 0.000  1.550 0.000  13.307 0.000   7.074 0.000   6.233 0.559 0.053 0.559 0.673 0.000
116.291667 117.291667    9.18 0.559  0.27 0.559000 9.999 0.559259 9.99 0.559259 0.016 0.000  0.202 0.000  0.282 0.000   2.845 0.000   1.032 0.000   1.813 0.559 0.012 0.559 0.291 0.000
119.291667 120.291667   38.79 0.559  0.63 0.559000 9.999 0.559259 0.05 0.559000 0.034 0.000  0.905 0.000  1.267 0.000   8.418 0.000   5.309 0.000   3.108 0.559 0.041 0.559 0.333 0.000
122.291667 123.291667   20.51 0.559  0.44 0.559000 0.014 0.559000 9.99 0.559259 0.025 0.559  1.202 0.000  1.683 0.000   6.572 0.000   4.552 0.000   2.021 0.559 0.011 0.559 0.192 0.559
125.291667 126.291667    3.68 0.559 99.99 0.559259 0.062 0.559000 9.99 0.559259 0.012 0.000  0.165 0.000  0.231 0.000   2.815 0.000   1.821 0.000   0.994 0.559 0.002 0.559 0.195 0.000
128.291667 129.291667    6.53 0.559  0.55 0.559000 0.037 0.559000 9.99 0.559259 0.037 0.000 99.999 0.259 99.999 0.259   3.179 0.000   1.025 0.000   2.154 0.559 0.010 0.559 0.269 0.000
131.291667 132.291667   19.06 0.000  1.09 0.000000 0.022 0.000000 9.99 0.259000 0.062 0.000 99.999 0.259 99.999 0.259   6.359 0.000   2.255 0.000   4.104 0.000 0.026 0.000 0.484 0.000
134.291667 135.291667   37.33 0.000  1.34 0.000000 9.999 0.259000 9.99 0.259000 0.056 0.000  1.348 0.000  1.887 0.000  11.923 0.000   5.983 0.000   5.940 0.000 0.035 0.000 0.502 0.000
137.291667 138.291667   13.96 0.559  0.74 0.559000 0.017 0.559000 9.99 0.559259 0.032 0.000  0.773 0.000  1.083 0.000   5.857 0.000   2.921 0.000   2.936 0.559 0.015 0.559 0.253 0.000
140.291667 141.291667   20.87 0.559  0.45 0.559000 9.999 0.559259 9.99 0.559259 0.016 0.000  0.786 0.000  1.101 0.000   8.192 0.000   5.260 0.000   2.931 0.559 0.016 0.559 0.217 0.000
143.291667 144.291667   43.07 0.559  0.75 0.559000 9.999 0.559259 9.99 0.559259 0.026 0.000  0.955 0.000  1.336 0.000  17.998 0.000  14.070 0.000   3.928 0.559 0.035 0.559 0.280 0.000
146.291667 147.291667   36.63 0.559  0.45 0.559000 9.999 0.559259 9.99 0.559259 0.027 0.000  1.356 0.000  1.899 0.000  10.925 0.000   6.583 0.000   4.343 0.559 0.034 0.559 0.258 0.000
149.291667 150.291667   34.88 0.559  0.31 0.559000 9.999 0.559259 9.99 0.559259 0.016 0.000  0.935 0.000  1.309 0.000  15.409 0.000  11.923 0.000   3.486 0.559 0.021 0.559 0.234 0.000
152.291667 153.291667   27.08 0.000  0.36 0.000000 9.999 0.259000 0.11 0.000000 0.188 0.000  2.130 0.000  2.981 0.000  10.541 0.000   4.629 0.000   5.911 0.000 0.036 0.000 0.300 0.000
155.291667 156.291667   24.96 0.559  0.53 0.559000 0.033 0.559000 9.99 0.559259 0.100 0.000  1.037 0.000  1.452 0.000   8.515 0.000   3.357 0.000   5.159 0.559 0.029 0.559 0.304 0.000
158.291667 159.291667   10.57 0.559  0.67 0.559000 9.999 0.559259 9.99 0.559259 0.055 0.000  0.713 0.000  0.998 0.000   4.117 0.000   0.645 0.000   3.472 0.559 0.014 0.559 0.209 0.000
161.291667 162.291667   11.22 0.559 99.99 0.559259 9.999 0.559259 9.99 0.559259 0.087 0.000  0.531 0.000  0.744 0.000   4.602 0.000   2.240 0.000   2.362 0.559 0.010 0.559 0.238 0.000
164.291667 165.291667   27.62 0.559  0.37 0.559000 9.999 0.559259 0.08 0.559000 0.018 0.000  1.135 0.000  1.589 0.000   8.309 0.000   4.450 0.000   3.858 0.559 0.022 0.559 0.312 0.000
167.291667 168.291667   21.34 0.559  0.88 0.559000 0.044 0.559000 0.13 0.559000 0.020 0.000  1.293 0.000  1.810 0.000  10.007 0.000   5.866 0.000   4.141 0.559 0.024 0.559 0.292 0.000
170.291667 171.291667   50.61 0.000  0.97 0.000000 9.999 0.259000 9.99 0.259000 0.025 0.000  1.323 0.000  1.852 0.000  17.320 0.000  10.925 0.000   6.395 0.000 0.044 0.000 0.643 0.000
173.291667 174.291667   10.57 0.000 99.99 0.259000 9.999 0.259000 9.99 0.259000 0.007 0.000  0.346 0.000  0.484 0.000   3.927 0.000   2.550 0.000   1.377 0.000 0.008 0.000 0.110 0.000
176.291667 177.291667   17.67 0.559 99.99 0.559259 9.999 0.559259 9.99 0.559259 0.011 0.000  0.970 0.000  1.359 0.000   8.400 0.000   5.084 0.000   3.316 0.559 0.020 0.559 0.212 0.000
179.291667 180.291667   17.82 0.559 99.99 0.559259 0.025 0.559000 9.99 0.559259 0.012 0.000  1.028 0.000  1.439 0.000   9.024 0.000   4.840 0.000   4.184 0.559 0.017 0.559 0.381 0.000
182.291667 183.291667   36.04 0.000  0.41 0.000000 9.999 0.259000 9.99 0.259000 0.012 0.000  1.657 0.000  2.319 0.000  11.905 0.000   7.082 0.000   4.823 0.000 0.037 0.000 0.169 0.000
185.291667 186.291667   34.01 0.000  0.59 0.000000 9.999 0.259000 9.99 0.259000 0.012 0.000  1.085 0.000  1.519 0.000  11.341 0.000   7.999 0.000   3.343 0.000 0.032 0.000 0.141 0.000
188.291667 189.291667   30.35 0.559  0.36 0.559000 9.999 0.559259 9.99 0.559259 0.021 0.000  0.783 0.000  1.096 0.000  11.892 0.000   8.585 0.000   3.307 0.559 0.017 0.559 0.295 0.000
191.291667 192.291667   17.41 0.559 99.99 0.559259 0.019 0.559000 9.99 0.559259 0.015 0.000  1.117 0.000  1.563 0.000   9.436 0.000   4.626 0.000   4.810 0.559 0.017 0.559 0.423 0.000
194.291667 195.291667   13.43 0.000  0.40 0.000000 9.999 0.259000 9.99 0.259000 0.010 0.000  1.522 0.000  2.130 0.000   9.135 0.000   5.274 0.000   3.861 0.000 0.019 0.000 0.156 0.000
197.291667 198.291667   39.53 0.559  0.69 0.559000 9.999 0.559259 0.09 0.559000 0.027 0.000  1.648 0.000  2.307 0.000  13.108 0.000   7.650 0.000   5.458 0.559 0.031 0.559 0.367 0.000
200.291667 201.291667   20.74 0.559  0.63 0.559000 0.036 0.559000 9.99 0.559259 0.009 0.000  1.615 0.000  2.261 0.000  10.026 0.000   5.597 0.000   4.430 0.559 0.021 0.559 0.163 0.000
203.291667 204.291667   71.71 0.000  0.31 0.000000 9.999 0.259000 9.99 0.259000 0.017 0.000  1.996 0.000  2.795 0.000  18.297 0.000  11.238 0.000   7.059 0.000 0.044 0.000 0.455 0.000
206.291667 207.291667   25.27 0.000  0.39 0.000000 0.045 0.000000 9.99 0.259000 0.015 0.000  2.444 0.000  3.422 0.000  12.773 0.000   6.689 0.000   6.084 0.000 0.042 0.000 0.222 0.000
209.291667 210.291667   33.32 0.559  0.55 0.559000 0.051 0.559000 9.99 0.559259 0.014 0.559  2.112 0.000  2.956 0.000  14.533 0.000   9.335 0.000   5.198 0.559 0.036 0.559 0.152 0.559
212.291667 213.291667   30.89 0.559  0.34 0.559000 9.999 0.559259 0.06 0.559000 0.010 0.000  3.004 0.000  4.206 0.000  14.346 0.000   7.971 0.000   6.375 0.559 0.039 0.559 0.131 0.000
215.291667 216.291667   30.98 0.000  1.06 0.000000 0.048 0.000000 9.99 0.259000 0.051 0.000  2.697 0.000  3.776 0.000  11.285 0.000   4.167 0.000   7.118 0.000 0.030 0.000 0.379 0.000
218.291667 219.291667   26.07 0.559  0.77 0.559000 9.999 0.559259 9.99 0.559259 0.025 0.000  2.062 0.000  2.886 0.000  14.509 0.000   8.536 0.000   5.973 0.559 0.039 0.559 0.323 0.000
221.291667 222.291667   36.77 0.000  0.32 0.000000 9.999 0.259000 9.99 0.259000 0.027 0.000  1.210 0.000  1.694 0.000  11.161 0.000   5.974 0.000   5.187 0.000 0.035 0.000 0.400 0.000
224.291667 225.291667   90.35 0.559  0.25 0.559000 9.999 0.559259 0.07 0.559000 0.021 0.000  1.725 0.000  2.415 0.000  27.326 0.000  20.354 0.000   6.972 0.559 0.059 0.559 0.504 0.000
227.291667 228.291667   96.80 0.559  0.89 0.559000 9.999 0.559259 9.99 0.559259 0.030 0.000  2.963 0.000  4.148 0.000  33.292 0.000  22.400 0.000  10.893 0.559 0.069 0.559 0.867 0.000
230.291667 231.291667  142.66 0.559  0.98 0.559000 9.999 0.559259 9.99 0.559259 0.035 0.559  2.791 0.000  3.908 0.000  36.532 0.000  26.792 0.000   9.740 0.559 0.087 0.559 0.481 0.559
233.291667 234.291667  126.99 0.559  0.68 0.559000 0.026 0.559000 9.99 0.559259 0.022 0.000  4.858 0.000  6.801 0.000  35.585 0.000  23.460 0.000  12.125 0.559 0.096 0.559 0.310 0.000
236.291667 237.291667   55.29 0.000  0.41 0.000000 0.047 0.000000 9.99 0.259000 0.037 0.000  4.940 0.000  6.916 0.000  22.247 0.000  11.054 0.000  11.193 0.000 0.063 0.000 0.216 0.000
239.291667 240.291667   71.67 0.000  0.60 0.000000 9.999 0.259000 9.99 0.259000 9.999 0.999  3.770 0.000  5.278 0.000  21.898 0.000  12.044 0.000   9.855 0.000 0.091 0.000 9.999 0.999
242.291667 243.291667   54.91 0.559  0.37 0.559000 9.999 0.559259 9.99 0.559259 0.019 0.000  1.602 0.000  2.243 0.000  14.505 0.000   9.390 0.000   5.115 0.559 0.029 0.559 0.303 0.000
245.291667 246.291667 9999.99 0.456 99.99 0.456000 9.999 0.456000 9.99 0.456000 9.999 0.456 99.999 0.999 99.999 0.999 999.999 0.456 999.999 0.999 999.999 0.456 9.999 0.456 9.999 0.456
248.291667 249.291667 9999.99 0.456 99.99 0.456000 9.999 0.456000 9.99 0.456000 9.999 0.456 99.999 0.999 99.999 0.999 999.999 0.456 999.999 0.999 999.999 0.456 9.999 0.456 9.999 0.456
251.291667 252.291667   58.38 0.559  0.53 0.559000 9.999 0.559259 9.99 0.559259 0.048 0.000  3.620 0.000  5.068 0.000  11.958 0.000   4.009 0.000   7.949 0.559 0.060 0.559 0.152 0.000
254.291667 255.291667   31.15 0.559  0.22 0.559000 9.999 0.559259 9.99 0.559259 0.013 0.000  0.684 0.000  0.957 0.000   5.073 0.000   2.712 0.000   2.361 0.559 0.021 0.559 0.104 0.000
257.291667 258.291667   27.80 0.559  0.33 0.559000 9.999 0.559259 9.99 0.559259 0.017 0.559  0.805 0.000  1.126 0.000   7.110 0.000   4.481 0.000   2.628 0.559 0.016 0.559 0.138 0.559
