scripts/IMPROVE-2019_partial/data/US0065R.20060102050000.20191216000000.filterpack..pm25.52w.1w.US03L_filterpack_US0065.US03L_IMPROVE_Davis.lev2.nas
66 1001
MISSING INFORMATION
US03L, IMPROVE, , , , , , , 
MISSING INFORMATION
IMPROVE sel_HTAP
1 1
2006 01 01 2019 12 16
3.000000
days from file reference point
27
1 1 1 1 1 1 1 1 1 1 1 1 1 1 1 1 1 1 1 1 1 1 1 1 1 1 1
999.999999 9999.99 9.999 999.99 9.999 9.999 9.999 99.99 9.999 99.999 9.999 99.999 9.999 99.999 9.999 999.99 9.999999 999.999 9.999 99.999 9.999 999.999 9.999 9.999 9.999 99.999 9.999
end_time of measurement, days from the file reference point
iron, ng/m3, Revision date=20181210133000
numflag iron, no unit, Revision date=20181210133000
lead, ng/m3, Revision date=20181210133000
numflag lead, no unit, Revision date=20181210133000
magnesium, ug/m3, Revision date=20181210133000
numflag magnesium, no unit, Revision date=20181210133000
nickel, ng/m3, Revision date=20181210133000
numflag nickel, no unit, Revision date=20181210133000
nitrate, ug N/m3, Revision date=20181210133000
numflag nitrate, no unit, Revision date=20181210133000
organic_carbon, ug C/m3, Revision date=20181210133000
numflag organic_carbon, no unit, Revision date=20181210133000
organic_mass, ug/m3, Revision date=20181210133000
numflag organic_mass, no unit, Revision date=20181210133000
phosphorus, ng/m3, Revision date=20181210133000
numflag phosphorus, no unit, Revision date=20181210133000
pm10_mass, ug/m3, Version=2, Version description=Data extracted from http://views.cira.colostate.edu/fed/DataWizard 2019-12-16, Sample duration=1d, Orig. time res.=3d, Matrix=pm10, Blank correction=Blank corrected, Volume std. temperature=ambient, Volume std. pressure=ambient
numflag pm10_mass, no unit, Version=2, Version description=Data extracted from http://views.cira.colostate.edu/fed/DataWizard 2019-12-16, Sample duration=1d, Orig. time res.=3d, Matrix=pm10, Blank correction=Blank corrected, Volume std. temperature=ambient, Volume std. pressure=ambient
pm10_pm25_mass, ug/m3, Revision date=20181210133000, Matrix=pm10_pm25
numflag pm10_pm25_mass, no unit, Revision date=20181210133000, Matrix=pm10_pm25
pm25_mass, ug/m3, Version=2, Version description=Data extracted from http://views.cira.colostate.edu/fed/DataWizard 2019-12-16, Sample duration=1d, Orig. time res.=3d, Blank correction=Blank corrected, Volume std. temperature=ambient, Volume std. pressure=ambient
numflag pm25_mass, no unit, Version=2, Version description=Data extracted from http://views.cira.colostate.edu/fed/DataWizard 2019-12-16, Sample duration=1d, Orig. time res.=3d, Blank correction=Blank corrected, Volume std. temperature=ambient, Volume std. pressure=ambient
potassium, ug/m3, Revision date=20181210133000
numflag potassium, no unit, Revision date=20181210133000
sulphate_total, ug S/m3, Revision date=20181210133000
numflag sulphate_total, no unit, Revision date=20181210133000
0
25
Data definition:              EBAS_1.1
Set type code:                TU
Timezone:                     UTC
File name:                    US0065R.20060102050000.20191216000000.filterpack..pm25.52w.1w.US03L_filterpack_US0065.US03L_IMPROVE_Davis.lev2.nas
File creation:                20191218115942
Startdate:                    20060102050000
Revision date:                20191216000000
Statistics:                   arithmetic mean
Data level:                   2
Period code:                  52w
Resolution code:              1w
Station code:                 US0065R
Platform code:                US0065S
Station name:                 Addison Pinnacle
Station latitude:             42.0912
Station longitude:            -77.2099
Station altitude:             512.0 m
Regime:                       IMG
Component:                    
Matrix:                       pm25
Laboratory code:              US03L
Instrument type:              filterpack
Instrument name:              filterpack_US0065
Method ref:                   US03L_IMPROVE_Davis
starttime endtime Fe flag_Fe Pb flag_Pb Mg++ flag_Mg++ Ni flag_Ni NO3- flag_NO3- OC flag_OC OM flag_OM P flag_P PM10 flag_PM10 PM10-PM2.5 flag_PM10-PM2.5 PM2.5 flag_PM2.5 K+ flag_K+ SO4-- flag_SO4--
[from data line 83]
250.208333 251.208333   38.91 0.000   3.20 0.000 9.999 0.259  0.21 0.000  0.020 0.000  2.239 0.000  4.030 0.000 999.99 0.259000  19.637 0.000  3.095 0.000  16.542 0.000 0.038 0.000  2.433 0.000
253.208333 254.208333   12.48 0.000   2.04 0.000 0.008 0.000  0.27 0.000  0.049 0.000  1.025 0.000  1.846 0.000 999.99 0.259000   7.683 0.000  3.702 0.000   3.981 0.000 0.022 0.000  0.343 0.000
256.208333 257.208333   10.04 0.000   1.17 0.000 9.999 0.259  0.28 0.000  0.039 0.000  0.727 0.000  1.309 0.000 999.99 0.259000   8.578 0.000  1.882 0.000   6.696 0.000 0.017 0.000  1.107 0.000
259.208333 260.208333    4.68 0.000   3.08 0.000 0.012 0.000 99.99 0.259  0.015 0.000  0.818 0.000  1.473 0.000 999.99 0.259000   8.788 0.000  2.185 0.000   6.603 0.000 0.016 0.000  1.093 0.000
262.208333 263.208333   10.96 0.000   1.24 0.000 0.012 0.000 99.99 0.259  0.026 0.000  0.379 0.000  0.683 0.000 999.99 0.259000   5.753 0.000  3.002 0.000   2.752 0.000 0.009 0.000  0.336 0.000
265.208333 266.208333   23.30 0.000   1.68 0.000 9.999 0.259  0.29 0.000  0.065 0.000  1.141 0.000  2.055 0.000 999.99 0.259000  14.292 0.000  2.740 0.000  11.552 0.000 0.028 0.000  1.782 0.000
268.208333 269.208333   15.25 0.000   1.08 0.000 9.999 0.259 99.99 0.259  0.026 0.000  0.688 0.000  1.239 0.000 999.99 0.259000   5.634 0.000  2.036 0.000   3.598 0.000 0.016 0.000  0.348 0.000
271.208333 272.208333    6.01 0.000   1.07 0.000 9.999 0.259  0.08 0.000  0.026 0.000  0.219 0.000  0.394 0.000 999.99 0.259000   3.709 0.000  1.342 0.000   2.367 0.000 0.010 0.000  0.271 0.000
274.208333 275.208333   10.38 0.000   2.36 0.000 9.999 0.259  0.23 0.000  0.048 0.000  0.816 0.000  1.468 0.000 999.99 0.259000   4.736 0.000  1.399 0.000   3.338 0.000 0.017 0.000  0.311 0.000
277.208333 278.208333    3.77 0.000   0.86 0.000 0.006 0.000 99.99 0.259  0.024 0.000  0.391 0.000  0.703 0.000 999.99 0.259000   3.424 0.000  1.712 0.000   1.712 0.000 0.009 0.000  0.090 0.000
280.208333 281.208333   10.80 0.000  10.49 0.000 9.999 0.259 99.99 0.259  0.026 0.000  1.397 0.000  2.515 0.000 999.99 0.259000   6.556 0.000  1.855 0.000   4.701 0.000 0.031 0.000  0.253 0.000
283.208333 284.208333   44.66 0.000   5.92 0.000 0.053 0.000  0.67 0.000  0.147 0.000  1.568 0.000  2.822 0.000 999.99 0.259000  20.351 0.000  4.336 0.000  16.015 0.000 0.044 0.000  2.626 0.000
286.208333 287.208333   17.35 0.000   2.28 0.000 0.010 0.000 99.99 0.259  0.046 0.000  0.606 0.000  1.091 0.000 999.99 0.259000   7.310 0.000  4.140 0.000   3.170 0.000 0.020 0.000  0.315 0.000
289.208333 290.208333   24.18 0.000   2.34 0.000 9.999 0.259  0.24 0.000  0.149 0.000  0.723 0.000  1.302 0.000 999.99 0.259000   7.610 0.000  2.137 0.000   5.473 0.000 0.027 0.000  0.737 0.000
292.208333 293.208333    3.88 0.000   0.48 0.000 9.999 0.259 99.99 0.259  0.017 0.000  0.302 0.000  0.543 0.000 999.99 0.259000   1.684 0.000  0.608 0.000   1.076 0.000 0.006 0.000  0.163 0.000
295.208333 296.208333    5.14 0.000   0.70 0.000 9.999 0.259 99.99 0.259  0.008 0.000  0.257 0.000  0.463 0.000 999.99 0.259000   2.253 0.000  0.642 0.000   1.611 0.000 0.009 0.000  0.266 0.000
298.208333 299.208333    6.54 0.000   1.04 0.000 9.999 0.259 99.99 0.259  0.074 0.000  0.327 0.000  0.589 0.000 999.99 0.259000   4.513 0.000  1.148 0.000   3.365 0.000 0.011 0.000  0.549 0.000
301.208333 302.208333    5.30 0.000   0.63 0.000 0.012 0.000 99.99 0.259  0.017 0.000  0.564 0.000  1.014 0.000 999.99 0.259000   2.169 0.000  0.674 0.000   1.495 0.000 0.016 0.000  0.138 0.000
304.208333 305.208333   28.04 0.000   1.43 0.000 9.999 0.259  0.23 0.000  0.313 0.000  1.243 0.000  2.237 0.000 999.99 0.259000  11.004 0.000  5.283 0.000   5.721 0.000 0.048 0.000  0.590 0.000
307.208333 308.208333   22.19 0.000   2.10 0.000 9.999 0.259  0.17 0.000  0.500 0.000  0.851 0.000  1.531 0.000 999.99 0.259000   8.946 0.000  2.007 0.000   6.939 0.000 0.032 0.000  0.689 0.000
310.208333 311.208333   41.16 0.000   3.94 0.000 9.999 0.259  0.63 0.000  0.764 0.000  2.211 0.000  3.980 0.000 999.99 0.259000  15.984 0.000  2.011 0.000  13.973 0.000 0.055 0.000  1.251 0.000
313.208333 314.208333   15.81 0.000   2.01 0.000 9.999 0.259 99.99 0.259  0.251 0.000  0.857 0.000  1.542 0.000 999.99 0.259000   5.044 0.000  1.385 0.000   3.660 0.000 0.020 0.000  0.392 0.000
316.208333 317.208333    2.85 0.000   0.88 0.000 9.999 0.259 99.99 0.259  0.107 0.000  0.461 0.000  0.829 0.000 999.99 0.259000   2.588 0.000  0.394 0.000   2.194 0.000 0.010 0.000  0.261 0.000
319.208333 320.208333   16.49 0.000   1.82 0.000 9.999 0.259  0.59 0.000  0.074 0.000  1.036 0.000  1.865 0.000 999.99 0.259000   9.494 0.000  1.778 0.000   7.717 0.000 0.025 0.000  1.131 0.000
322.208333 323.208333    9.30 0.000   2.26 0.000 9.999 0.259  0.26 0.000  0.250 0.000  0.841 0.000  1.513 0.000 999.99 0.259000   6.213 0.000  0.766 0.000   5.447 0.000 0.020 0.000  0.872 0.000
325.208333 326.208333   19.80 0.000   3.92 0.000 9.999 0.259 99.99 0.259  0.449 0.000  2.124 0.000  3.823 0.000 999.99 0.259000   9.742 0.000  1.700 0.000   8.042 0.000 0.051 0.000  0.471 0.000
328.208333 329.208333   28.28 0.000   5.72 0.000 9.999 0.259  0.37 0.000  0.264 0.000  2.673 0.000  4.811 0.000 999.99 0.259000   9.844 0.000  1.881 0.000   7.963 0.000 0.070 0.000  0.572 0.000
331.208333 332.208333   47.74 0.000   7.31 0.000 9.999 0.259  0.35 0.000  0.182 0.000  3.704 0.000  6.666 0.000 999.99 0.259000  19.612 0.000  2.190 0.000  17.422 0.000 0.081 0.000  1.911 0.000
334.208333 335.208333    4.13 0.000   1.17 0.000 9.999 0.259 99.99 0.259  0.034 0.000  0.396 0.000  0.712 0.000 999.99 0.259000   3.081 0.000  1.198 0.000   1.883 0.000 0.008 0.000  0.282 0.000
337.208333 338.208333   15.85 0.000   1.43 0.000 9.999 0.259  0.23 0.000  0.141 0.000  0.691 0.000  1.243 0.000 999.99 0.259000   5.015 0.000  0.964 0.000   4.051 0.000 0.027 0.000  0.529 0.000
340.208333 341.208333   11.87 0.000   1.21 0.000 9.999 0.259  0.21 0.000  0.152 0.000  0.810 0.000  1.459 0.000 999.99 0.259000   5.784 0.000  1.543 0.000   4.241 0.000 0.022 0.000  0.477 0.000
343.208333 344.208333   31.37 0.000   2.91 0.000 9.999 0.259  0.15 0.000  0.148 0.000  1.146 0.000  2.063 0.000 999.99 0.259000   7.745 0.000  3.200 0.000   4.545 0.000 0.042 0.000  0.358 0.000
346.208333 347.208333   26.39 0.000   2.10 0.000 9.999 0.259  0.62 0.000  0.237 0.000  1.712 0.000  3.082 0.000 999.99 0.259000  12.346 0.000  1.581 0.000  10.766 0.000 0.040 0.000  1.383 0.000
349.208333 350.208333    4.83 0.000   0.53 0.000 9.999 0.259 99.99 0.259  0.028 0.000  0.560 0.000  1.008 0.000 999.99 0.259000   2.882 0.000  0.452 0.000   2.430 0.000 0.012 0.000  0.274 0.000
352.208333 353.208333   11.27 0.000   0.90 0.000 9.999 0.259  0.41 0.000  0.194 0.000  0.428 0.000  0.771 0.000 999.99 0.259000   5.231 0.000  1.015 0.000   4.215 0.000 0.019 0.000  0.524 0.000
355.208333 356.208333   33.85 0.000   8.14 0.000 9.999 0.259  0.74 0.000  0.731 0.000  1.359 0.000  2.446 0.000 999.99 0.259000  10.792 0.000  1.132 0.000   9.660 0.000 0.051 0.000  0.493 0.000
358.208333 359.208333   11.34 0.000   1.53 0.000 9.999 0.259 99.99 0.259  0.222 0.000  0.931 0.000  1.677 0.000 999.99 0.259000   5.332 0.000  0.316 0.000   5.016 0.000 0.030 0.000  0.519 0.000
361.208333 362.208333   26.78 0.000   3.00 0.000 9.999 0.259  0.17 0.000  0.567 0.000  1.180 0.000  2.125 0.000 999.99 0.259000   9.038 0.000  1.060 0.000   7.978 0.000 0.041 0.000  0.513 0.000
364.208333 365.208333   10.30 0.000   2.77 0.000 9.999 0.259  0.27 0.000  0.250 0.000  0.979 0.000  1.762 0.000 999.99 0.259000   7.395 0.000  0.365 0.000   7.029 0.000 0.028 0.000  0.817 0.000
