scripts/IMPROVE-2019_partial/data/US0041R.20020102060000.20191216000000.filterpack..pm25.52w.1w.US03L_filterpack_US0041.US03L_IMPROVE_Davis.lev2.nas
64 1001
MISSING INFORMATION
US03L, IMPROVE, , , , , , , 
MISSING INFORMATION
IMPROVE sel_HTAP
1 1
2002 01 01 2019 12 16
3.00
days from file reference point
25
1 1 1 1 1 1 1 1 1 1 1 1 1 1 1 1 1 1 1 1 1 1 1 1 1
999.99 9999.99 9.999 99.99 9.999 9.999 9.999999 99.99 9.999 9.999 9.999 99.999 9.999 99.999 9.999 999.999 9.999 999.999 9.999 999.999 9.999 9.999 9.999 99.999 9.999
end_time of measurement, days from the file reference point
iron, ng/m3, Revision date=20181210133000
numflag iron, no unit, Revision date=20181210133000
lead, ng/m3, Revision date=20181210133000
numflag lead, no unit, Revision date=20181210133000
magnesium, ug/m3, Revision date=20181210133000
numflag magnesium, no unit, Revision date=20181210133000
nickel, ng/m3, Revision date=20181210133000
numflag nickel, no unit, Revision date=20181210133000
nitrate, ug N/m3, Revision date=20181210133000
numflag nitrate, no unit, Revision date=20181210133000
organic_carbon, ug C/m3, Revision date=20181210133000
numflag organic_carbon, no unit, Revision date=20181210133000
organic_mass, ug/m3, Revision date=20181210133000
numflag organic_mass, no unit, Revision date=20181210133000
pm10_mass, ug/m3, Version=2, Version description=Data extracted from http://views.cira.colostate.edu/fed/DataWizard 2019-12-16, Sample duration=1d, Orig. time res.=3d, Matrix=pm10, Blank correction=Blank corrected, Volume std. temperature=ambient, Volume std. pressure=ambient
numflag pm10_mass, no unit, Version=2, Version description=Data extracted from http://views.cira.colostate.edu/fed/DataWizard 2019-12-16, Sample duration=1d, Orig. time res.=3d, Matrix=pm10, Blank correction=Blank corrected, Volume std. temperature=ambient, Volume std. pressure=ambient
pm10_pm25_mass, ug/m3, Revision date=20181210133000, Matrix=pm10_pm25
numflag pm10_pm25_mass, no unit, Revision date=20181210133000, Matrix=pm10_pm25
pm25_mass, ug/m3, Version=2, Version description=Data extracted from http://views.cira.colostate.edu/fed/DataWizard 2019-12-16, Sample duration=1d, Orig. time res.=3d, Blank correction=Blank corrected, Volume std. temperature=ambient, Volume std. pressure=ambient
numflag pm25_mass, no unit, Version=2, Version description=Data extracted from http://views.cira.colostate.edu/fed/DataWizard 2019-12-16, Sample duration=1d, Orig. time res.=3d, Blank correction=Blank corrected, Volume std. temperature=ambient, Volume std. pressure=ambient
potassium, ug/m3, Revision date=20181210133000
numflag potassium, no unit, Revision date=20181210133000
sulphate_total, ug S/m3, Revision date=20181210133000
numflag sulphate_total, no unit, Revision date=20181210133000
0
25
Data definition:              EBAS_1.1
Set type code:                TU
Timezone:                     UTC
File name:                    US0041R.20020102060000.20191216000000.filterpack..pm25.52w.1w.US03L_filterpack_US0041.US03L_IMPROVE_Davis.lev2.nas
File creation:                20191218115757
Startdate:                    20020102060000
Revision date:                20191216000000
Statistics:                   arithmetic mean
Data level:                   2
Period code:                  52w
Resolution code:              1w
Station code:                 US0041R
Platform code:                US0041S
Station name:                 Breton
Station latitude:             29.1189
Station longitude:            -89.2066
Station altitude:             11.0 m
Regime:                       IMG
Component:                    
Matrix:                       pm25
Laboratory code:              US03L
Instrument type:              filterpack
Instrument name:              filterpack_US0041
Method ref:                   US03L_IMPROVE_Davis
starttime endtime Fe flag_Fe Pb flag_Pb Mg++ flag_Mg++ Ni flag_Ni NO3- flag_NO3- OC flag_OC OM flag_OM PM10 flag_PM10 PM10-PM2.5 flag_PM10-PM2.5 PM2.5 flag_PM2.5 K+ flag_K+ SO4-- flag_SO4--
[from data line 94]
283.25 284.25   12.80 0.000  0.18 0.000 9.999 0.259000  1.86 0.000 0.147 0.000  1.252 0.000  1.753 0.000  13.889 0.659 999.999 0.999  10.122 0.000 0.019 0.000  1.774 0.000
286.25 287.25   19.11 0.000  1.39 0.000 0.025 0.000000  0.25 0.000 0.095 0.000  0.994 0.000  1.391 0.000  17.433 0.659 999.999 0.999  11.152 0.000 0.033 0.000  1.895 0.000
289.25 290.25   28.91 0.000  1.88 0.000 9.999 0.259000  0.16 0.000 0.072 0.000  2.033 0.000  2.846 0.000  15.492 0.659 999.999 0.999   8.769 0.000 0.058 0.000  0.942 0.000
292.25 293.25   15.69 0.000  1.22 0.000 9.999 0.259000  1.07 0.000 0.181 0.000  0.659 0.000  0.922 0.000  11.409 0.659 999.999 0.999   6.944 0.000 0.037 0.000  1.121 0.000
295.25 296.25   15.06 0.000  0.54 0.000 9.999 0.259000  0.44 0.000 0.097 0.000  0.551 0.000  0.771 0.000   8.608 0.000   3.512 0.000   5.097 0.000 0.022 0.000  0.839 0.000
298.25 299.25    9.94 0.000  0.91 0.000 0.043 0.000000  0.79 0.000 0.051 0.000  0.242 0.000  0.340 0.000   7.484 0.000   3.968 0.000   3.516 0.000 0.015 0.000  0.628 0.000
301.25 302.25   10.91 0.000  0.26 0.000 9.999 0.259000  0.63 0.000 0.051 0.000  0.247 0.000  0.345 0.000   9.477 0.000   6.776 0.000   2.701 0.000 0.019 0.000  0.352 0.000
304.25 305.25   15.51 0.000  1.05 0.000 9.999 0.259000  0.10 0.000 0.071 0.000  0.967 0.000  1.354 0.000  14.957 0.000   5.609 0.000   9.348 0.000 0.023 0.000  1.589 0.000
307.25 308.25   17.66 0.000  1.31 0.000 9.999 0.259000  1.39 0.000 0.122 0.000  0.709 0.000  0.993 0.000  19.124 0.000  10.903 0.000   8.221 0.000 0.048 0.000  1.319 0.000
310.25 311.25   20.56 0.000  1.68 0.000 9.999 0.259000 99.99 0.259 0.195 0.000  1.141 0.000  1.597 0.000  13.133 0.000   4.109 0.000   9.025 0.000 0.033 0.000  1.362 0.000
313.25 314.25    6.57 0.000  0.99 0.000 9.999 0.259000  1.15 0.000 0.095 0.000  0.483 0.000  0.676 0.000  20.869 0.000  13.038 0.000   7.831 0.000 0.042 0.000  1.121 0.000
316.25 317.25   10.89 0.000  1.67 0.000 0.018 0.000000  0.13 0.000 0.097 0.000  0.921 0.000  1.289 0.000   8.806 0.000   3.314 0.000   5.492 0.000 0.027 0.000  0.718 0.000
319.25 320.25   13.66 0.000  1.22 0.000 9.999 0.259000  0.15 0.000 0.078 0.000  1.304 0.000  1.825 0.000  11.598 0.000   2.652 0.000   8.945 0.000 0.033 0.000  1.350 0.000
322.25 323.25   40.29 0.000  0.69 0.000 9.999 0.259000  0.61 0.000 0.055 0.000  0.447 0.000  0.626 0.000   8.925 0.000   4.491 0.000   4.434 0.000 0.023 0.000  0.732 0.000
325.25 326.25   22.28 0.000  2.56 0.000 9.999 0.259000  1.48 0.000 0.172 0.000  1.798 0.000  2.517 0.000  11.133 0.000   5.009 0.000   6.124 0.000 0.042 0.000  0.551 0.000
328.25 329.25   12.75 0.000  0.63 0.000 0.024 0.000000  0.45 0.000 0.037 0.000  0.592 0.000  0.829 0.000   8.555 0.000   2.376 0.000   6.179 0.000 0.015 0.000  1.066 0.000
331.25 332.25   22.74 0.000  2.36 0.000 9.999 0.259000  0.11 0.000 0.170 0.000  1.392 0.000  1.949 0.000  11.982 0.000   3.487 0.000   8.495 0.000 0.038 0.000  1.130 0.000
334.25 335.25   18.34 0.000  1.46 0.000 9.999 0.259000 99.99 0.259 0.083 0.000  1.097 0.000  1.536 0.000  13.169 0.000   8.620 0.000   4.549 0.000 0.068 0.000  0.250 0.000
337.25 338.25    8.40 0.000  0.47 0.000 0.036 0.000000  0.39 0.000 0.108 0.000  0.756 0.000  1.058 0.000  15.046 0.000   9.936 0.000   5.111 0.000 0.037 0.000  0.499 0.000
340.25 341.25   21.30 0.000  2.60 0.000 9.999 0.259000  0.18 0.000 0.156 0.000  1.360 0.000  1.904 0.000   9.489 0.000   2.282 0.000   7.207 0.000 0.036 0.000  0.873 0.000
343.25 344.25    7.43 0.000  1.10 0.000 9.999 0.259000  0.44 0.000 0.112 0.000  1.873 0.000  2.622 0.000  10.649 0.000   2.891 0.000   7.757 0.000 0.037 0.000  0.890 0.000
346.25 347.25    9.87 0.000  0.72 0.000 0.036 0.000000  0.59 0.000 0.169 0.000  0.735 0.000  1.029 0.000  10.130 0.000   5.735 0.000   4.395 0.000 0.025 0.000  0.554 0.000
349.25 350.25   12.25 0.000  1.33 0.000 9.999 0.259000  0.79 0.000 0.372 0.000  1.123 0.000  1.572 0.000   9.200 0.000   2.167 0.000   7.032 0.000 0.023 0.000  0.900 0.000
352.25 353.25   11.29 0.000  0.60 0.000 9.999 0.259000  0.80 0.000 0.106 0.000  0.525 0.000  0.736 0.000  19.258 0.000  12.844 0.000   6.415 0.000 0.054 0.000  0.755 0.000
355.25 356.25    6.23 0.000  0.73 0.000 9.999 0.259000  0.57 0.000 0.102 0.000  0.463 0.000  0.648 0.000  11.526 0.000   7.730 0.000   3.796 0.000 0.016 0.000  0.524 0.000
358.25 359.25    8.11 0.000  1.16 0.000 9.999 0.259000  0.45 0.000 0.033 0.000  0.510 0.000  0.715 0.000   5.109 0.000   0.634 0.000   4.475 0.000 0.021 0.000  0.742 0.000
361.25 362.25   12.21 0.000  1.94 0.000 9.999 0.259000  0.17 0.000 0.171 0.000  1.095 0.000  1.534 0.000   7.196 0.000   2.257 0.000   4.940 0.000 0.027 0.000  0.468 0.000
364.25 365.25    7.25 0.559  0.32 0.559 9.999 0.559259  0.36 0.559 0.114 0.000  0.435 0.000  0.609 0.000  15.156 0.000  11.578 0.000   3.579 0.559 0.018 0.559  0.470 0.000
