scripts/IMPROVE-2019_partial/data/US0024R.20070103080000.20191216000000.filterpack...1y.3d.US03L_filterpack_US0024.US03L_IMPROVE_Davis.lev2.nas
52 1001
MISSING INFORMATION
US03L, IMPROVE, , , , , , , 
MISSING INFORMATION
IMPROVE sel_HTAP
1 1
2007 01 01 2019 12 16
3.000000
days from file reference point
5
1 1 1 1 1
999.999999 999.999 9.999 999.999 9.999
end_time of measurement, days from the file reference point
pm10_mass, ug/m3, Matrix=pm10
numflag pm10_mass, no unit, Matrix=pm10
pm25_mass, ug/m3, Matrix=pm25
numflag pm25_mass, no unit, Matrix=pm25
0
33
Data definition:              EBAS_1.1
Set type code:                TU
Timezone:                     UTC
File name:                    US0024R.20070103080000.20191216000000.filterpack...1y.3d.US03L_filterpack_US0024.US03L_IMPROVE_Davis.lev2.nas
File creation:                20191218115701
Startdate:                    20070103080000
Revision date:                20191216000000
Version:                      2
Version description:          "Data extracted from http://views.cira.colostate.edu/fed/DataWizard 2019-12-16"
Statistics:                   arithmetic mean
Data level:                   2
Period code:                  1y
Resolution code:              3d
Sample duration:              1d
Orig. time res.:              3d
Station code:                 US0024R
Platform code:                US0024S
Station name:                 Kaiser
Station latitude:             37.2207
Station longitude:            -119.1546
Station altitude:             2597.0 m
Regime:                       IMG
Component:                    
Unit:                         ug/m3
Matrix:                       
Laboratory code:              US03L
Instrument type:              filterpack
Instrument name:              filterpack_US0024
Method ref:                   US03L_IMPROVE_Davis
Blank correction:             Blank corrected
Volume std. temperature:      ambient
Volume std. pressure:         ambient
starttime endtime PM10 flag_PM10 PM2.5 flag_PM2.5
  2.333333   3.333333   3.396 0.000   0.669 0.000
  5.333333   6.333333   4.794 0.000   1.030 0.000
  8.333333   9.333333   4.064 0.000   1.402 0.000
 11.333333  12.333333   6.755 0.000   0.893 0.000
 14.333333  15.333333   1.190 0.000   0.668 0.000
 17.333333  18.333333   5.776 0.000   1.038 0.000
 20.333333  21.333333   5.043 0.000   3.317 0.000
 23.333333  24.333333   3.083 0.000   0.521 0.000
 26.333333  27.333333  11.897 0.000   7.844 0.000
 29.333333  30.333333 999.999 0.999 999.999 0.999
 32.333333  33.333333   1.518 0.000   0.738 0.000
 35.333333  36.333333   0.465 0.000   0.367 0.000
 38.333333  39.333333   1.698 0.000   0.461 0.000
 41.333333  42.333333   0.984 0.000   0.278 0.000
 44.333333  45.333333   2.726 0.000   1.676 0.000
 47.333333  48.333333   1.677 0.000   1.219 0.000
 50.333333  51.333333   1.522 0.000   1.098 0.000
 53.333333  54.333333   2.148 0.000   0.863 0.000
 56.333333  57.333333   1.458 0.000   0.490 0.000
 59.333333  60.333333   4.663 0.000   2.167 0.000
 62.333333  63.333333   2.108 0.000   1.526 0.000
 65.333333  66.333333   3.271 0.000   1.161 0.000
 68.333333  69.333333   2.476 0.000   1.655 0.000
 71.333333  72.333333   2.779 0.000   1.322 0.000
 74.333333  75.333333   4.141 0.000   1.835 0.000
 77.333333  78.333333   2.699 0.000   1.904 0.000
 80.333333  81.333333   4.068 0.000   1.310 0.000
 83.333333  84.333333   9.449 0.000   5.973 0.000
 86.333333  87.333333 999.999 0.999 999.999 0.999
 89.333333  90.333333 999.999 0.456 999.999 0.456
 92.333333  93.333333 999.999 0.999 999.999 0.999
 95.333333  96.333333 999.999 0.999 999.999 0.999
 98.333333  99.333333 999.999 0.999 999.999 0.999
101.333333 102.333333   2.676 0.000   0.801 0.000
104.333333 105.333333   2.459 0.000   0.971 0.000
107.333333 108.333333   4.837 0.000   1.548 0.000
110.333333 111.333333   3.211 0.000   2.880 0.000
113.333333 114.333333   3.035 0.000   2.312 0.000
116.333333 117.333333   9.112 0.000   4.474 0.000
119.333333 120.333333  10.607 0.000   5.673 0.000
122.333333 123.333333   6.543 0.000   4.888 0.000
125.333333 126.333333   4.183 0.000   2.272 0.000
128.333333 129.333333  16.319 0.000   7.450 0.000
131.333333 132.333333  15.346 0.000   7.817 0.000
134.333333 135.333333 999.999 0.456  13.614 0.000
137.333333 138.333333 999.999 0.456   8.297 0.000
140.333333 141.333333 999.999 0.456   4.240 0.000
143.333333 144.333333  15.274 0.000   5.705 0.000
146.333333 147.333333  17.582 0.000   9.820 0.000
149.333333 150.333333  17.604 0.000   8.772 0.000
152.333333 153.333333  12.110 0.000   6.403 0.000
155.333333 156.333333  11.128 0.000   5.011 0.000
158.333333 159.333333   9.985 0.000   3.857 0.000
161.333333 162.333333  11.024 0.000   4.753 0.000
164.333333 165.333333  15.167 0.000   7.243 0.000
167.333333 168.333333   7.171 0.000   3.572 0.000
170.333333 171.333333  13.932 0.000   6.248 0.000
173.333333 174.333333   5.573 0.000   2.506 0.000
176.333333 177.333333  12.570 0.000   4.973 0.000
179.333333 180.333333   8.640 0.000   3.260 0.000
182.333333 183.333333   3.740 0.000   1.329 0.000
185.333333 186.333333  13.989 0.000   5.684 0.000
188.333333 189.333333  16.310 0.000   9.056 0.000
191.333333 192.333333  22.358 0.000   8.170 0.000
194.333333 195.333333  11.745 0.000   4.969 0.000
197.333333 198.333333  14.513 0.000   6.158 0.000
200.333333 201.333333   9.506 0.000   3.462 0.000
203.333333 204.333333  11.662 0.000   4.012 0.000
206.333333 207.333333 999.999 0.999 999.999 0.999
209.333333 210.333333 999.999 0.999 999.999 0.999
212.333333 213.333333  12.504 0.000   3.912 0.000
215.333333 216.333333   9.207 0.000   3.807 0.000
218.333333 219.333333   9.151 0.000   3.334 0.000
221.333333 222.333333  13.017 0.000   5.654 0.000
224.333333 225.333333   5.974 0.000   2.222 0.000
227.333333 228.333333   6.053 0.000   2.243 0.000
230.333333 231.333333  39.363 0.000  27.642 0.000
233.333333 234.333333  14.807 0.000   4.877 0.000
236.333333 237.333333  15.268 0.000   6.453 0.000
239.333333 240.333333   9.321 0.000   4.667 0.000
242.333333 243.333333 999.999 0.999 999.999 0.999
245.333333 246.333333 999.999 0.999 999.999 0.999
248.333333 249.333333  18.452 0.000   6.740 0.000
251.333333 252.333333  15.973 0.000   8.103 0.000
254.333333 255.333333   9.304 0.000   3.894 0.000
257.333333 258.333333   8.104 0.000   3.119 0.000
260.333333 261.333333  12.019 0.000   5.813 0.000
263.333333 264.333333   8.600 0.000   2.990 0.000
266.333333 267.333333   3.667 0.000   2.522 0.000
269.333333 270.333333   6.517 0.000   3.419 0.000
272.333333 273.333333   7.951 0.000   4.184 0.000
275.333333 276.333333 999.999 0.999 999.999 0.999
278.333333 279.333333 999.999 0.999 999.999 0.999
281.333333 282.333333 999.999 0.999 999.999 0.999
284.333333 285.333333 999.999 0.999 999.999 0.999
287.333333 288.333333 999.999 0.999 999.999 0.999
290.333333 291.333333   3.995 0.000   3.463 0.000
293.333333 294.333333   2.037 0.000   1.089 0.000
296.333333 297.333333   3.000 0.000   1.912 0.000
299.333333 300.333333  18.039 0.000  13.581 0.000
302.333333 303.333333 999.999 0.999 999.999 0.999
305.333333 306.333333 999.999 0.999 999.999 0.999
308.333333 309.333333 999.999 0.999 999.999 0.999
311.333333 312.333333   8.071 0.000   5.224 0.000
314.333333 315.333333   0.566 0.000   0.423 0.000
317.333333 318.333333   0.736 0.000   0.545 0.000
320.333333 321.333333   0.775 0.000   0.608 0.000
323.333333 324.333333   0.739 0.000   0.790 0.000
326.333333 327.333333  10.116 0.000   0.788 0.000
329.333333 330.333333   1.103 0.000   0.724 0.000
332.333333 333.333333   3.914 0.000   1.915 0.000
335.333333 336.333333   1.873 0.000   1.449 0.000
338.333333 339.333333   1.803 0.000   1.075 0.000
341.333333 342.333333   0.955 0.000   0.850 0.000
344.333333 345.333333   2.325 0.000   0.842 0.000
347.333333 348.333333   5.072 0.000   3.006 0.000
350.333333 351.333333   2.271 0.000   1.522 0.000
353.333333 354.333333 999.999 0.999 999.999 0.999
356.333333 357.333333   0.844 0.000   0.482 0.000
359.333333 360.333333 999.999 0.999 999.999 0.999
362.333333 363.333333   1.282 0.000   0.832 0.000
