scripts/IMPROVE-2019_partial/data/US0042R.20140102050000.20191216000000.filterpack...52w.3d.US03L_filterpack_US0042.US03L_IMPROVE_Davis.lev2.nas
51 1001
MISSING INFORMATION
US03L, IMPROVE, , , , , , , 
MISSING INFORMATION
IMPROVE sel_HTAP
1 1
2014 01 01 2019 12 16
3.000000
days from file reference point
4
1 1 1 1
999.999999 999.999 999.999 9.999
end_time of measurement, days from the file reference point
pm10_mass, ug/m3, Matrix=pm10
pm25_mass, ug/m3, Matrix=pm25
numflag, no unit
0
33
Data definition:              EBAS_1.1
Set type code:                TU
Timezone:                     UTC
File name:                    US0042R.20140102050000.20191216000000.filterpack...52w.3d.US03L_filterpack_US0042.US03L_IMPROVE_Davis.lev2.nas
File creation:                20191218115803
Startdate:                    20140102050000
Revision date:                20191216000000
Version:                      2
Version description:          "Data extracted from http://views.cira.colostate.edu/fed/DataWizard 2019-12-16"
Statistics:                   arithmetic mean
Data level:                   2
Period code:                  52w
Resolution code:              3d
Sample duration:              1d
Orig. time res.:              3d
Station code:                 US0042R
Platform code:                US0042S
Station name:                 Cape Cod
Station latitude:             41.9758
Station longitude:            -70.0242
Station altitude:             49.0 m
Regime:                       IMG
Component:                    
Unit:                         ug/m3
Matrix:                       
Laboratory code:              US03L
Instrument type:              filterpack
Instrument name:              filterpack_US0042
Method ref:                   US03L_IMPROVE_Davis
Blank correction:             Blank corrected
Volume std. temperature:      ambient
Volume std. pressure:         ambient
starttime endtime PM10 PM2.5 flag
  1.208333   2.208333   6.909   3.139 0.000
  4.208333   5.208333  10.755   4.619 0.000
  7.208333   8.208333   9.414   4.704 0.000
 10.208333  11.208333   5.199   3.006 0.000
 13.208333  14.208333   8.656   3.734 0.000
 16.208333  17.208333  13.725   5.427 0.000
 19.208333  20.208333  12.590   6.244 0.000
 22.208333  23.208333  11.421   3.666 0.000
 25.208333  26.208333   8.945   4.168 0.000
 28.208333  29.208333  10.306   4.062 0.000
 31.208333  32.208333  17.650   8.894 0.000
 34.208333  35.208333   8.345   4.215 0.000
 37.208333  38.208333  10.303   5.103 0.000
 40.208333  41.208333  10.252   7.584 0.000
 43.208333  44.208333  12.280   5.022 0.000
 46.208333  47.208333   8.634   4.704 0.000
 49.208333  50.208333  12.310   8.002 0.000
 52.208333  53.208333   6.759   3.459 0.000
 55.208333  56.208333   8.372   3.830 0.000
 58.208333  59.208333  11.461   4.155 0.000
 61.208333  62.208333   9.702   5.245 0.000
 64.208333  65.208333  10.784   3.423 0.000
 67.208333  68.208333  12.932   6.487 0.000
 70.208333  71.208333  18.957   9.758 0.000
 73.208333  74.208333  18.916   7.759 0.000
 76.208333  77.208333   9.456   3.000 0.000
 79.208333  80.208333  13.689   4.644 0.000
 82.208333  83.208333  11.568   3.212 0.000
 85.208333  86.208333  12.984   3.896 0.000
 88.208333  89.208333   3.405   2.029 0.000
 91.208333  92.208333  19.018   7.282 0.000
 94.208333  95.208333   7.222   4.027 0.000
 97.208333  98.208333   5.279   3.208 0.000
100.208333 101.208333  22.550  12.104 0.000
103.208333 104.208333  13.943   6.424 0.000
106.208333 107.208333  13.147   4.435 0.000
109.208333 110.208333  12.512   4.926 0.000
112.208333 113.208333   8.718   4.280 0.000
115.208333 116.208333  13.188   3.390 0.000
118.208333 119.208333  23.528   7.054 0.000
121.208333 122.208333   9.071   4.125 0.000
124.208333 125.208333   2.726   1.333 0.000
127.208333 128.208333  11.210   4.027 0.000
130.208333 131.208333  12.945   5.963 0.000
133.208333 134.208333  11.906   4.072 0.000
136.208333 137.208333  10.671   5.286 0.000
139.208333 140.208333   8.191   1.952 0.000
142.208333 143.208333   9.097   2.111 0.000
145.208333 146.208333  20.740   7.217 0.000
148.208333 149.208333  24.045   5.355 0.000
151.208333 152.208333  24.050   6.085 0.000
154.208333 155.208333   5.921   1.609 0.000
157.208333 158.208333  10.762   3.263 0.000
160.208333 161.208333  11.594   4.917 0.000
163.208333 164.208333  14.488   4.822 0.000
166.208333 167.208333   8.850   2.884 0.000
169.208333 170.208333  24.523   4.615 0.000
172.208333 173.208333   7.136   3.104 0.000
175.208333 176.208333  12.807   4.020 0.000
178.208333 179.208333  11.317   3.297 0.000
181.208333 182.208333  15.899   5.155 0.000
184.208333 185.208333  30.180  13.936 0.000
187.208333 188.208333  27.693  11.934 0.000
190.208333 191.208333  14.668   8.793 0.000
193.208333 194.208333  10.951   5.057 0.000
196.208333 197.208333  16.824   6.568 0.000
199.208333 200.208333  11.578   4.777 0.000
202.208333 203.208333  11.650   6.502 0.000
205.208333 206.208333   9.569   4.975 0.000
208.208333 209.208333  17.479  10.523 0.000
211.208333 212.208333   7.909   4.391 0.000
214.208333 215.208333   8.611   6.326 0.000
217.208333 218.208333  13.350   9.543 0.000
220.208333 221.208333   7.722   5.024 0.000
223.208333 224.208333   5.756   3.308 0.000
226.208333 227.208333   8.524   5.211 0.000
229.208333 230.208333   4.767   2.612 0.000
232.208333 233.208333   5.718   3.288 0.000
235.208333 236.208333   6.256   2.415 0.000
238.208333 239.208333   7.869   3.820 0.000
241.208333 242.208333   8.328   3.099 0.000
244.208333 245.208333  10.001   7.563 0.000
247.208333 248.208333   9.058   5.523 0.000
250.208333 251.208333   7.688   2.525 0.000
253.208333 254.208333  16.082   6.431 0.000
256.208333 257.208333   5.432   2.462 0.000
259.208333 260.208333   6.614   4.032 0.000
262.208333 263.208333   7.772   3.039 0.000
265.208333 266.208333   4.181   1.622 0.000
268.208333 269.208333   8.612   3.792 0.000
271.208333 272.208333  11.999   8.840 0.000
274.208333 275.208333  15.241   5.909 0.000
277.208333 278.208333   6.029   2.926 0.000
280.208333 281.208333  12.739   5.809 0.000
283.208333 284.208333   4.025   2.470 0.000
286.208333 287.208333   9.051   3.330 0.000
289.208333 290.208333  12.088   5.990 0.000
292.208333 293.208333   5.892   2.522 0.000
295.208333 296.208333  15.271   8.663 0.000
298.208333 299.208333  11.332   5.796 0.000
301.208333 302.208333 999.999 999.999 0.999
304.208333 305.208333 999.999 999.999 0.999
307.208333 308.208333 999.999 999.999 0.999
310.208333 311.208333 999.999 999.999 0.999
313.208333 314.208333 999.999 999.999 0.999
316.208333 317.208333 999.999 999.999 0.999
319.208333 320.208333 999.999 999.999 0.999
322.208333 323.208333 999.999 999.999 0.999
325.208333 326.208333  11.235   4.769 0.000
328.208333 329.208333  12.056   6.854 0.000
331.208333 332.208333   3.292   1.894 0.000
334.208333 335.208333  17.483   9.591 0.000
337.208333 338.208333   7.030   4.212 0.000
340.208333 341.208333  12.560   4.999 0.000
343.208333 344.208333   4.229   2.583 0.000
346.208333 347.208333   3.143   1.825 0.000
349.208333 350.208333   6.202   3.380 0.000
352.208333 353.208333   2.845   1.307 0.000
355.208333 356.208333   6.200   1.745 0.000
358.208333 359.208333 999.999 999.999 0.999
361.208333 362.208333 999.999 999.999 0.999
364.208333 365.208333   4.293   2.291 0.000
