scripts/IMPROVE-2019_partial/data/US0095R.20010101070000.20191216000000.filterpack..pm25.52w.1w.US03L_filterpack_US0095.US03L_IMPROVE_Davis.lev2.nas
64 1001
MISSING INFORMATION
US03L, IMPROVE, , , , , , , 
MISSING INFORMATION
IMPROVE sel_HTAP
1 1
2001 01 01 2019 12 16
3.000000
days from file reference point
25
1 1 1 1 1 1 1 1 1 1 1 1 1 1 1 1 1 1 1 1 1 1 1 1 1
999.999999 9999.99 9.999 99.99 9.999 9.999 9.999999 9.99 9.999999 9.999 9.999 99.999 9.999 99.999 9.999 999.999 9.999 999.999 9.999 99.999 9.999 9.999 9.999 9.999 9.999
end_time of measurement, days from the file reference point
iron, ng/m3, Revision date=20181210133000
numflag iron, no unit, Revision date=20181210133000
lead, ng/m3, Revision date=20181210133000
numflag lead, no unit, Revision date=20181210133000
magnesium, ug/m3, Revision date=20181210133000
numflag magnesium, no unit, Revision date=20181210133000
nickel, ng/m3, Revision date=20181210133000
numflag nickel, no unit, Revision date=20181210133000
nitrate, ug N/m3, Revision date=20181210133000
numflag nitrate, no unit, Revision date=20181210133000
organic_carbon, ug C/m3, Revision date=20181210133000
numflag organic_carbon, no unit, Revision date=20181210133000
organic_mass, ug/m3, Revision date=20181210133000
numflag organic_mass, no unit, Revision date=20181210133000
pm10_mass, ug/m3, Version=2, Version description=Data extracted from http://views.cira.colostate.edu/fed/DataWizard 2019-12-16, Sample duration=1d, Orig. time res.=3d, Matrix=pm10, Blank correction=Blank corrected, Volume std. temperature=ambient, Volume std. pressure=ambient
numflag pm10_mass, no unit, Version=2, Version description=Data extracted from http://views.cira.colostate.edu/fed/DataWizard 2019-12-16, Sample duration=1d, Orig. time res.=3d, Matrix=pm10, Blank correction=Blank corrected, Volume std. temperature=ambient, Volume std. pressure=ambient
pm10_pm25_mass, ug/m3, Revision date=20181210133000, Matrix=pm10_pm25
numflag pm10_pm25_mass, no unit, Revision date=20181210133000, Matrix=pm10_pm25
pm25_mass, ug/m3, Version=2, Version description=Data extracted from http://views.cira.colostate.edu/fed/DataWizard 2019-12-16, Sample duration=1d, Orig. time res.=3d, Blank correction=Blank corrected, Volume std. temperature=ambient, Volume std. pressure=ambient
numflag pm25_mass, no unit, Version=2, Version description=Data extracted from http://views.cira.colostate.edu/fed/DataWizard 2019-12-16, Sample duration=1d, Orig. time res.=3d, Blank correction=Blank corrected, Volume std. temperature=ambient, Volume std. pressure=ambient
potassium, ug/m3, Revision date=20181210133000
numflag potassium, no unit, Revision date=20181210133000
sulphate_total, ug S/m3, Revision date=20181210133000
numflag sulphate_total, no unit, Revision date=20181210133000
0
25
Data definition:              EBAS_1.1
Set type code:                TU
Timezone:                     UTC
File name:                    US0095R.20010101070000.20191216000000.filterpack..pm25.52w.1w.US03L_filterpack_US0095.US03L_IMPROVE_Davis.lev2.nas
File creation:                20191218120149
Startdate:                    20010101070000
Revision date:                20191216000000
Statistics:                   arithmetic mean
Data level:                   2
Period code:                  52w
Resolution code:              1w
Station code:                 US0095R
Platform code:                US0095S
Station name:                 Petrified Forest NP
Station latitude:             35.0777
Station longitude:            -109.7692
Station altitude:             1766.0 m
Regime:                       IMG
Component:                    
Matrix:                       pm25
Laboratory code:              US03L
Instrument type:              filterpack
Instrument name:              filterpack_US0095
Method ref:                   US03L_IMPROVE_Davis
starttime endtime Fe flag_Fe Pb flag_Pb Mg++ flag_Mg++ Ni flag_Ni NO3- flag_NO3- OC flag_OC OM flag_OM PM10 flag_PM10 PM10-PM2.5 flag_PM10-PM2.5 PM2.5 flag_PM2.5 K+ flag_K+ SO4-- flag_SO4--
[from data line 89]
267.291667 268.291667   38.97 0.000  0.44 0.000 9.999 0.259000 9.99 0.259000 0.022 0.000  0.787 0.000  1.102 0.000   8.782 0.000   4.719 0.000  4.063 0.000 0.027 0.000 0.382 0.000
270.291667 271.291667   52.18 0.000  0.49 0.000 9.999 0.259000 9.99 0.259000 0.017 0.000  1.230 0.000  1.722 0.000   7.716 0.000   3.882 0.000  3.834 0.000 0.026 0.000 0.265 0.000
273.291667 274.291667   38.92 0.000  0.67 0.000 9.999 0.259000 9.99 0.259000 0.023 0.000  1.097 0.000  1.536 0.000   9.845 0.000   4.283 0.000  5.562 0.000 0.034 0.000 0.591 0.000
276.291667 277.291667   59.50 0.000  0.66 0.000 9.999 0.259000 9.99 0.259000 0.037 0.000  0.988 0.000  1.383 0.000   9.219 0.000   4.793 0.000  4.425 0.000 0.037 0.000 0.347 0.000
279.291667 280.291667   15.21 0.559  0.53 0.559 9.999 0.559259 9.99 0.559259 0.061 0.559  0.587 0.000  0.822 0.000   3.023 0.000   0.565 0.000  2.458 0.559 0.011 0.559 0.244 0.559
282.291667 283.291667   26.88 0.000  0.56 0.000 9.999 0.259000 9.99 0.259000 0.028 0.000  0.249 0.000  0.349 0.000   6.046 0.000   3.879 0.000  2.166 0.000 0.021 0.000 0.208 0.000
285.291667 286.291667   16.52 0.000  0.31 0.000 9.999 0.259000 9.99 0.259000 0.010 0.000  0.265 0.000  0.371 0.000   2.941 0.000   2.055 0.000  0.886 0.000 0.011 0.000 0.067 0.000
288.291667 289.291667   59.87 0.000  0.77 0.000 9.999 0.259000 9.99 0.259000 0.019 0.000  0.596 0.000  0.834 0.000  10.279 0.000   7.124 0.000  3.155 0.000 0.036 0.000 0.144 0.000
291.291667 292.291667   66.02 0.000  0.56 0.000 9.999 0.259000 9.99 0.259000 0.034 0.000  0.502 0.000  0.703 0.000   7.353 0.000   4.263 0.000  3.090 0.000 0.031 0.000 0.160 0.000
294.291667 295.291667   44.94 0.000  0.58 0.000 9.999 0.259000 0.08 0.000000 0.039 0.000  0.800 0.000  1.120 0.000   7.557 0.000   4.359 0.000  3.198 0.000 0.032 0.000 0.220 0.000
297.291667 298.291667   56.18 0.000  0.39 0.000 9.999 0.259000 9.99 0.259000 0.021 0.000  0.317 0.000  0.444 0.000   7.435 0.000   4.849 0.000  2.585 0.000 0.030 0.000 0.100 0.000
300.291667 301.291667   54.25 0.000  1.75 0.000 9.999 0.259000 0.29 0.000000 0.049 0.000  1.385 0.000  1.938 0.000  13.154 0.000   5.763 0.000  7.390 0.000 0.036 0.000 0.769 0.000
303.291667 304.291667   42.60 0.559  1.80 0.559 9.999 0.559259 9.99 0.559259 0.024 0.000  1.050 0.000  1.471 0.000  10.989 0.000   7.025 0.000  3.964 0.559 0.039 0.559 0.299 0.000
306.291667 307.291667   41.44 0.000  0.95 0.000 9.999 0.259000 0.08 0.000000 0.019 0.000  0.612 0.000  0.857 0.000   7.067 0.000   3.776 0.000  3.291 0.000 0.022 0.000 0.302 0.000
309.291667 310.291667   25.77 0.000  0.65 0.000 9.999 0.259000 0.15 0.000000 0.044 0.000  0.801 0.000  1.122 0.000   7.316 0.000   1.750 0.000  5.565 0.000 0.014 0.000 0.765 0.000
312.291667 313.291667   44.34 0.000  0.78 0.000 9.999 0.259000 9.99 0.259000 0.042 0.000  0.760 0.000  1.064 0.000  10.684 0.000   5.610 0.000  5.074 0.000 0.034 0.000 0.516 0.000
315.291667 316.291667   40.55 0.000  1.21 0.000 9.999 0.259000 9.99 0.259000 0.023 0.000  0.594 0.000  0.832 0.000   6.492 0.000   3.485 0.000  3.007 0.000 0.027 0.000 0.224 0.000
318.291667 319.291667   42.66 0.000 99.99 0.259 9.999 0.259000 0.13 0.000000 0.025 0.000  0.349 0.000  0.488 0.000 999.999 0.456 999.999 0.999  2.473 0.000 0.018 0.000 0.161 0.000
321.291667 322.291667   39.53 0.000  1.02 0.000 9.999 0.259000 9.99 0.259000 0.026 0.000  0.850 0.000  1.190 0.000 999.999 0.456 999.999 0.999  3.353 0.000 0.014 0.000 0.216 0.000
324.291667 325.291667   50.89 0.000  0.62 0.000 9.999 0.259000 9.99 0.259000 0.029 0.000  0.800 0.000  1.121 0.000   7.602 0.000   3.806 0.000  3.796 0.000 0.025 0.000 0.247 0.000
327.291667 328.291667   22.29 0.000  0.50 0.000 9.999 0.259000 9.99 0.259000 0.024 0.000  0.229 0.000  0.321 0.000   3.246 0.000   1.935 0.000  1.311 0.000 0.014 0.000 0.056 0.000
330.291667 331.291667   14.23 0.000  0.46 0.000 9.999 0.259000 9.99 0.259000 0.049 0.559  0.240 0.000  0.337 0.000   2.423 0.000   0.896 0.000  1.527 0.000 0.008 0.000 0.100 0.559
333.291667 334.291667   22.86 0.000  0.84 0.000 9.999 0.259000 9.99 0.259000 0.068 0.000  0.300 0.000  0.421 0.000   3.514 0.000   1.412 0.000  2.102 0.000 0.020 0.000 0.186 0.000
336.291667 337.291667   24.74 0.559  1.30 0.559 9.999 0.559259 9.99 0.559259 0.024 0.000  1.539 0.000  2.155 0.000   6.698 0.000   3.160 0.000  3.538 0.559 0.017 0.559 0.094 0.000
339.291667 340.291667   20.09 0.000  0.60 0.000 9.999 0.259000 9.99 0.259000 0.055 0.000  0.811 0.000  1.136 0.000   2.563 0.000   0.277 0.000  2.285 0.000 0.012 0.000 0.098 0.000
342.291667 343.291667   30.80 0.000  0.45 0.000 9.999 0.259000 9.99 0.259000 0.018 0.000  0.523 0.000  0.732 0.000   3.164 0.000   1.444 0.000  1.720 0.000 0.011 0.000 0.070 0.000
345.291667 346.291667   35.13 0.000  0.34 0.000 9.999 0.259000 9.99 0.259000 0.104 0.000  0.362 0.000  0.507 0.000   2.108 0.000 999.999 0.259  2.180 0.000 0.019 0.000 0.203 0.000
348.291667 349.291667    7.69 0.000  1.84 0.000 0.061 0.000000 9.99 0.259000 0.075 0.000  0.443 0.000  0.620 0.000   1.901 0.000   0.754 0.000  1.148 0.000 0.019 0.000 0.122 0.000
351.291667 352.291667   20.66 0.000  0.36 0.000 9.999 0.259000 9.99 0.259000 0.036 0.559  0.486 0.000  0.681 0.000   2.397 0.000   0.790 0.000  1.607 0.000 0.009 0.000 0.103 0.559
354.291667 355.291667   26.25 0.000  1.01 0.000 9.999 0.259000 9.99 0.259000 0.078 0.559  0.511 0.000  0.716 0.000   8.722 0.000   6.253 0.000  2.469 0.000 0.039 0.000 0.098 0.559
357.291667 358.291667    9.70 0.000 99.99 0.259 9.999 0.259000 9.99 0.259000 0.060 0.000  0.297 0.000  0.416 0.000   2.794 0.000   1.118 0.000  1.676 0.000 0.006 0.000 0.100 0.000
360.291667 361.291667   17.85 0.000  0.58 0.000 9.999 0.259000 9.99 0.259000 0.036 0.559  0.358 0.000  0.501 0.000   3.224 0.000   1.407 0.000  1.817 0.000 0.009 0.000 0.093 0.559
363.291667 364.291667   16.09 0.559  0.30 0.559 9.999 0.559259 9.99 0.559259 0.031 0.000  0.489 0.000  0.685 0.000   1.356 0.000 999.999 0.259  1.452 0.559 0.008 0.559 0.029 0.000
