scripts/IMPROVE-2019_partial/data/US0059R.20140102070000.20191216000000.filterpack...52w.3d.US03L_filterpack_US0059.US03L_IMPROVE_Davis.lev2.nas
52 1001
MISSING INFORMATION
US03L, IMPROVE, , , , , , , 
MISSING INFORMATION
IMPROVE sel_HTAP
1 1
2014 01 01 2019 12 16
3.000000
days from file reference point
5
1 1 1 1 1
999.999999 999.999 9.999 999.999 9.999
end_time of measurement, days from the file reference point
pm10_mass, ug/m3, Matrix=pm10
numflag pm10_mass, no unit, Matrix=pm10
pm25_mass, ug/m3, Matrix=pm25
numflag pm25_mass, no unit, Matrix=pm25
0
33
Data definition:              EBAS_1.1
Set type code:                TU
Timezone:                     UTC
File name:                    US0059R.20140102070000.20191216000000.filterpack...52w.3d.US03L_filterpack_US0059.US03L_IMPROVE_Davis.lev2.nas
File creation:                20191218115908
Startdate:                    20140102070000
Revision date:                20191216000000
Version:                      2
Version description:          "Data extracted from http://views.cira.colostate.edu/fed/DataWizard 2019-12-16"
Statistics:                   arithmetic mean
Data level:                   2
Period code:                  52w
Resolution code:              3d
Sample duration:              1d
Orig. time res.:              3d
Station code:                 US0059R
Platform code:                US0059S
Station name:                 Crescent Lake
Station latitude:             41.7627
Station longitude:            -102.4336
Station altitude:             1207.0 m
Regime:                       IMG
Component:                    
Unit:                         ug/m3
Matrix:                       
Laboratory code:              US03L
Instrument type:              filterpack
Instrument name:              filterpack_US0059
Method ref:                   US03L_IMPROVE_Davis
Blank correction:             Blank corrected
Volume std. temperature:      ambient
Volume std. pressure:         ambient
starttime endtime PM10 flag_PM10 PM2.5 flag_PM2.5
  1.291667   2.291667   6.577 0.000   0.982 0.000
  4.291667   5.291667  10.689 0.000   1.200 0.000
  7.291667   8.291667  10.797 0.000   4.223 0.000
 10.291667  11.291667   4.598 0.000   0.863 0.000
 13.291667  14.291667   2.648 0.000   0.773 0.000
 16.291667  17.291667   3.454 0.000   0.656 0.000
 19.291667  20.291667   8.967 0.000   1.713 0.000
 22.291667  23.291667   8.665 0.000   2.859 0.000
 25.291667  26.291667  12.199 0.000   1.323 0.000
 28.291667  29.291667 999.999 0.999 999.999 0.999
 31.291667  32.291667  12.427 0.000   5.069 0.000
 34.291667  35.291667  23.597 0.000   5.070 0.000
 37.291667  38.291667  21.983 0.000  16.348 0.000
 40.291667  41.291667  16.962 0.000  14.251 0.000
 43.291667  44.291667   1.710 0.000   0.845 0.000
 46.291667  47.291667   2.502 0.000   0.990 0.000
 49.291667  50.291667   8.836 0.000   3.283 0.000
 52.291667  53.291667 999.999 0.999 999.999 0.999
 55.291667  56.291667  11.700 0.000   6.171 0.000
 58.291667  59.291667  11.273 0.000   5.519 0.000
 61.291667  62.291667  12.841 0.000   8.051 0.000
 64.291667  65.291667   7.562 0.000   2.759 0.000
 67.291667  68.291667   4.346 0.000   1.280 0.000
 70.291667  71.291667 999.999 0.999 999.999 0.999
 73.291667  74.291667   2.341 0.000   1.104 0.000
 76.291667  77.291667   7.092 0.000   3.222 0.000
 79.291667  80.291667   5.310 0.000   1.598 0.000
 82.291667  83.291667   4.409 0.000   3.089 0.000
 85.291667  86.291667  11.339 0.000   5.119 0.000
 88.291667  89.291667  11.642 0.000   3.792 0.000
 91.291667  92.291667  28.273 0.000  11.657 0.000
 94.291667  95.291667   4.997 0.000   2.478 0.000
 97.291667  98.291667   6.844 0.000   2.403 0.000
100.291667 101.291667   7.188 0.000   2.558 0.000
103.291667 104.291667   9.071 0.000   2.824 0.000
106.291667 107.291667  17.465 0.000   7.517 0.000
109.291667 110.291667  14.437 0.000   4.643 0.000
112.291667 113.291667  21.904 0.000   6.824 0.000
115.291667 116.291667  21.315 0.000   5.144 0.000
118.291667 119.291667   3.577 0.000   0.673 0.000
121.291667 122.291667  10.247 0.000 999.999 0.456
124.291667 125.291667  25.098 0.000   5.983 0.000
127.291667 128.291667   2.426 0.000   0.772 0.000
130.291667 131.291667   1.322 0.000   0.897 0.000
133.291667 134.291667   6.892 0.000   3.599 0.000
136.291667 137.291667   6.906 0.000   3.829 0.000
139.291667 140.291667   7.565 0.000   3.171 0.000
142.291667 143.291667   7.148 0.000   3.279 0.000
145.291667 146.291667   5.684 0.000   2.070 0.000
148.291667 149.291667  18.583 0.000   4.722 0.000
151.291667 152.291667   4.240 0.000   1.925 0.000
154.291667 155.291667   8.981 0.000   3.490 0.000
157.291667 158.291667   3.103 0.000   1.819 0.000
160.291667 161.291667   8.150 0.000   1.781 0.000
163.291667 164.291667  33.985 0.000   6.950 0.000
166.291667 167.291667  18.046 0.000   5.431 0.000
169.291667 170.291667   6.887 0.000   1.922 0.000
172.291667 173.291667   8.742 0.000   2.498 0.000
175.291667 176.291667  12.384 0.000   3.396 0.000
178.291667 179.291667   7.979 0.000   1.786 0.000
181.291667 182.291667  18.783 0.000  10.008 0.000
184.291667 185.291667  20.146 0.000   7.047 0.000
187.291667 188.291667  13.139 0.000   4.438 0.000
190.291667 191.291667  18.089 0.000   4.980 0.000
193.291667 194.291667  11.056 0.000   5.202 0.000
196.291667 197.291667   9.503 0.000   3.912 0.000
199.291667 200.291667  19.158 0.000   8.834 0.000
202.291667 203.291667  14.883 0.000   5.652 0.000
205.291667 206.291667  17.463 0.000   5.413 0.000
208.291667 209.291667  16.654 0.000   4.887 0.000
211.291667 212.291667  10.690 0.000   3.915 0.000
214.291667 215.291667  11.298 0.000   4.429 0.000
217.291667 218.291667  15.698 0.000   6.952 0.000
220.291667 221.291667  15.688 0.000   4.255 0.000
223.291667 224.291667  17.009 0.000   5.877 0.000
226.291667 227.291667  13.058 0.000   4.580 0.000
229.291667 230.291667  11.440 0.000 999.999 0.456
232.291667 233.291667   9.106 0.000   3.573 0.000
235.291667 236.291667   9.251 0.000   3.292 0.000
238.291667 239.291667   5.818 0.000   2.765 0.000
241.291667 242.291667  14.663 0.000   4.386 0.000
244.291667 245.291667  10.695 0.000   3.579 0.000
247.291667 248.291667   4.589 0.000   2.085 0.000
250.291667 251.291667  10.195 0.000   2.751 0.000
253.291667 254.291667   1.042 0.000   0.248 0.000
256.291667 257.291667   6.177 0.000   2.507 0.000
259.291667 260.291667  15.732 0.000   6.027 0.000
262.291667 263.291667  14.090 0.000   5.236 0.000
265.291667 266.291667   6.596 0.000   2.462 0.000
268.291667 269.291667  17.607 0.000   4.330 0.000
271.291667 272.291667  12.165 0.000   7.324 0.000
274.291667 275.291667   3.061 0.000   1.299 0.000
277.291667 278.291667   4.431 0.000   1.545 0.000
280.291667 281.291667  15.172 0.000   3.380 0.000
283.291667 284.291667   6.395 0.000   2.686 0.000
286.291667 287.291667   5.355 0.000   1.600 0.000
289.291667 290.291667   8.666 0.000   3.533 0.000
292.291667 293.291667  14.228 0.000   3.541 0.000
295.291667 296.291667   7.452 0.000   1.649 0.000
298.291667 299.291667  13.297 0.000   4.507 0.000
301.291667 302.291667   8.528 0.000   2.070 0.000
304.291667 305.291667  36.162 0.000   4.843 0.000
307.291667 308.291667   3.167 0.000   1.570 0.000
310.291667 311.291667   4.571 0.000   1.503 0.000
313.291667 314.291667   6.067 0.000   1.656 0.000
316.291667 317.291667  17.315 0.000   2.239 0.000
319.291667 320.291667  16.008 0.000   2.953 0.000
322.291667 323.291667   5.638 0.000   1.773 0.000
325.291667 326.291667   6.060 0.000   1.333 0.000
328.291667 329.291667   3.721 0.000   0.622 0.000
331.291667 332.291667   2.898 0.000   0.803 0.000
334.291667 335.291667   8.056 0.000   2.751 0.000
337.291667 338.291667   8.237 0.000   2.430 0.000
340.291667 341.291667   5.269 0.000   1.512 0.000
343.291667 344.291667   5.779 0.000   1.414 0.000
346.291667 347.291667  10.288 0.000   6.947 0.000
349.291667 350.291667   3.031 0.000   2.226 0.000
352.291667 353.291667   7.338 0.000   4.171 0.000
355.291667 356.291667   2.217 0.000   0.531 0.000
358.291667 359.291667 999.999 0.999 999.999 0.999
361.291667 362.291667 999.999 0.999 999.999 0.999
364.291667 365.291667   8.552 0.000   4.743 0.000
