scripts/IMPROVE-2019_partial/data/US0012R.19970101070000.20191216000000.filterpack...1y.3d.US03L_filterpack_US0012.US03L_IMPROVE_Davis.lev2.nas
52 1001
MISSING INFORMATION
US03L, IMPROVE, , , , , , , 
MISSING INFORMATION
IMPROVE sel_HTAP
1 1
1997 01 01 2019 12 16
0
days from file reference point
5
1 1 1 1 1
999.999999 999.999 9.999 999.999 9.999
end_time of measurement, days from the file reference point
pm10_mass, ug/m3, Matrix=pm10
numflag pm10_mass, no unit, Matrix=pm10
pm25_mass, ug/m3, Matrix=pm25
numflag pm25_mass, no unit, Matrix=pm25
0
33
Data definition:              EBAS_1.1
Set type code:                TI
Timezone:                     UTC
File name:                    US0012R.19970101070000.20191216000000.filterpack...1y.3d.US03L_filterpack_US0012.US03L_IMPROVE_Davis.lev2.nas
File creation:                20191218115610
Startdate:                    19970101070000
Revision date:                20191216000000
Version:                      2
Version description:          "Data extracted from http://views.cira.colostate.edu/fed/DataWizard 2019-12-16"
Statistics:                   arithmetic mean
Data level:                   2
Period code:                  1y
Resolution code:              3d
Sample duration:              1d
Orig. time res.:              3d
Station code:                 US0012R
Platform code:                US0012S
Station name:                 Hopi Point #1
Station latitude:             36.0658
Station longitude:            -112.1539
Station altitude:             2164.0 m
Regime:                       IMG
Component:                    
Unit:                         ug/m3
Matrix:                       
Laboratory code:              US03L
Instrument type:              filterpack
Instrument name:              filterpack_US0012
Method ref:                   US03L_IMPROVE_Davis
Blank correction:             Blank corrected
Volume std. temperature:      ambient
Volume std. pressure:         ambient
starttime endtime PM10 flag_PM10 PM2.5 flag_PM2.5
  0.291667   1.291667   3.719 0.000   1.116 0.000
  3.291667   4.291667   5.093 0.000   0.594 0.000
  7.291667   8.291667   2.035 0.000   0.503 0.000
 10.291667  11.291667   4.231 0.000   1.037 0.000
 14.291667  15.291667   1.785 0.000   1.088 0.000
 17.291667  18.291667  11.522 0.000   1.854 0.000
 21.291667  22.291667  16.533 0.000 999.999 0.999
 24.291667  25.291667   7.526 0.000   2.482 0.000
 28.291667  29.291667   2.860 0.000   1.456 0.000
 31.291667  32.291667   7.103 0.000   2.976 0.000
 35.291667  36.291667   4.949 0.000   2.570 0.000
 38.291667  39.291667  12.051 0.000   3.760 0.000
 42.291667  43.291667   6.098 0.000   3.257 0.000
 45.291667  46.291667   3.867 0.000   1.383 0.000
 49.291667  50.291667   2.786 0.000   0.918 0.000
 52.291667  53.291667   7.330 0.000   1.119 0.000
 56.291667  57.291667   3.374 0.000   1.765 0.000
 59.291667  60.291667   5.073 0.000   1.086 0.000
 63.291667  64.291667   6.146 0.000   3.134 0.000
 66.291667  67.291667   3.798 0.000   2.078 0.000
 70.291667  71.291667   5.510 0.000   2.482 0.000
 73.291667  74.291667   5.936 0.000   2.212 0.000
 77.291667  78.291667   7.488 0.000   3.111 0.000
 80.291667  81.291667   9.259 0.000   3.083 0.000
 84.291667  85.291667  19.935 0.000   1.907 0.000
 87.291667  88.291667  15.262 0.000   3.515 0.000
 91.291667  92.291667   4.577 0.000 999.999 0.999
 94.291667  95.291667  12.183 0.000   2.128 0.000
 98.291667  99.291667 999.999 0.999   4.772 0.000
101.291667 102.291667   4.191 0.000   2.738 0.000
105.291667 106.291667   6.714 0.000   3.388 0.000
108.291667 109.291667   8.556 0.000   4.001 0.000
112.291667 113.291667   9.621 0.000   3.875 0.000
115.291667 116.291667   4.592 0.000   2.856 0.000
119.291667 120.291667   8.653 0.000   5.186 0.000
122.291667 123.291667 999.999 0.999  15.610 0.000
126.291667 127.291667   9.331 0.000   3.762 0.000
129.291667 130.291667   5.649 0.000   2.896 0.000
133.291667 134.291667   9.829 0.000   6.766 0.000
136.291667 137.291667  14.387 0.000   5.424 0.000
140.291667 141.291667   6.705 0.000   3.165 0.000
143.291667 144.291667  30.843 0.000   4.363 0.000
147.291667 148.291667   4.137 0.000   2.453 0.000
150.291667 151.291667  31.125 0.000   4.620 0.000
154.291667 155.291667   8.408 0.000   3.708 0.000
157.291667 158.291667   6.110 0.000   3.354 0.000
161.291667 162.291667   8.402 0.000   4.008 0.000
164.291667 165.291667  18.116 0.000   5.279 0.000
168.291667 169.291667   6.190 0.000   3.264 0.000
171.291667 172.291667   8.127 0.000   4.245 0.000
175.291667 176.291667   7.198 0.000   3.751 0.000
178.291667 179.291667   9.841 0.000   2.784 0.000
182.291667 183.291667   6.555 0.000   2.325 0.000
185.291667 186.291667   7.836 0.000   4.149 0.000
189.291667 190.291667  13.746 0.000   3.617 0.000
192.291667 193.291667  12.680 0.000   3.575 0.000
196.291667 197.291667  10.185 0.000   4.923 0.000
199.291667 200.291667  12.719 0.000   5.274 0.000
203.291667 204.291667   6.013 0.000   3.280 0.000
206.291667 207.291667   4.573 0.000   2.151 0.000
210.291667 211.291667   3.747 0.000   1.810 0.000
213.291667 214.291667  11.749 0.000   4.006 0.000
217.291667 218.291667   5.854 0.000   4.029 0.000
220.291667 221.291667   6.610 0.000   3.829 0.000
224.291667 225.291667   7.759 0.000   3.398 0.000
227.291667 228.291667  10.358 0.000   3.901 0.000
231.291667 232.291667  15.437 0.000   3.517 0.000
234.291667 235.291667  13.031 0.000   2.976 0.000
238.291667 239.291667   8.236 0.000   3.532 0.000
241.291667 242.291667  11.526 0.000   4.600 0.000
245.291667 246.291667   6.730 0.000   4.296 0.000
248.291667 249.291667   4.115 0.000   2.536 0.000
252.291667 253.291667 999.999 0.999 999.999 0.999
255.291667 256.291667 999.999 0.999 999.999 0.999
259.291667 260.291667 999.999 0.999 999.999 0.999
262.291667 263.291667 999.999 0.999   2.146 0.000
266.291667 267.291667  12.861 0.000   2.375 0.000
269.291667 270.291667   8.382 0.000   1.924 0.000
273.291667 274.291667   4.888 0.000 999.999 0.999
276.291667 277.291667   8.574 0.000   5.208 0.000
280.291667 281.291667   5.370 0.000   2.858 0.000
283.291667 284.291667   8.880 0.000   1.721 0.000
287.291667 288.291667   3.056 0.000   1.480 0.000
290.291667 291.291667   6.682 0.000   3.676 0.000
294.291667 295.291667   7.371 0.000   3.673 0.000
297.291667 298.291667   4.078 0.000   1.984 0.000
301.291667 302.291667   4.617 0.000   2.657 0.000
304.291667 305.291667   5.302 0.000   1.661 0.000
308.291667 309.291667   6.261 0.000   1.862 0.000
311.291667 312.291667   9.093 0.000   3.597 0.000
315.291667 316.291667   2.071 0.000   1.989 0.000
318.291667 319.291667   2.541 0.000   2.347 0.000
322.291667 323.291667   9.246 0.000   2.050 0.000
325.291667 326.291667   6.510 0.000   1.122 0.000
329.291667 330.291667   8.081 0.000   1.862 0.000
332.291667 333.291667   3.830 0.000   1.331 0.000
336.291667 337.291667   3.494 0.000   1.671 0.000
339.291667 340.291667   4.583 0.000   2.381 0.000
343.291667 344.291667   0.463 0.000 999.999 0.999
346.291667 347.291667   1.473 0.000 999.999 0.259
350.291667 351.291667   7.901 0.000   1.483 0.000
353.291667 354.291667 999.999 0.999   2.771 0.000
357.291667 358.291667   1.972 0.000   1.664 0.000
360.291667 361.291667   1.094 0.000   0.478 0.000
364.291667 365.291667   6.313 0.000   2.508 0.000
