scripts/IMPROVE-2019_partial/data/US0019R.19920101080000.20191216000000.filterpack...1y.3d.US03L_filterpack_US0019.US03L_IMPROVE_Davis.lev2.nas
52 1001
MISSING INFORMATION
US03L, IMPROVE, , , , , , , 
MISSING INFORMATION
IMPROVE sel_HTAP
1 1
1992 01 01 2019 12 16
0
days from file reference point
5
1 1 1 1 1
999.999999 999.999 9.999 99.999 9.999999
end_time of measurement, days from the file reference point
pm10_mass, ug/m3, Matrix=pm10
numflag pm10_mass, no unit, Matrix=pm10
pm25_mass, ug/m3, Matrix=pm25
numflag pm25_mass, no unit, Matrix=pm25
0
33
Data definition:              EBAS_1.1
Set type code:                TI
Timezone:                     UTC
File name:                    US0019R.19920101080000.20191216000000.filterpack...1y.3d.US03L_filterpack_US0019.US03L_IMPROVE_Davis.lev2.nas
File creation:                20191218115638
Startdate:                    19920101080000
Revision date:                20191216000000
Version:                      2
Version description:          "Data extracted from http://views.cira.colostate.edu/fed/DataWizard 2019-12-16"
Statistics:                   arithmetic mean
Data level:                   2
Period code:                  1y
Resolution code:              3d
Sample duration:              1d
Orig. time res.:              3d
Station code:                 US0019R
Platform code:                US0019S
Station name:                 Bliss SP (TRPA)
Station latitude:             38.9761
Station longitude:            -120.1025
Station altitude:             2130.0 m
Regime:                       IMG
Component:                    
Unit:                         ug/m3
Matrix:                       
Laboratory code:              US03L
Instrument type:              filterpack
Instrument name:              filterpack_US0019
Method ref:                   US03L_IMPROVE_Davis
Blank correction:             Blank corrected
Volume std. temperature:      ambient
Volume std. pressure:         ambient
starttime endtime PM10 flag_PM10 PM2.5 flag_PM2.5
  0.333333   1.333333 999.999 0.999 99.999 0.999000
  3.333333   4.333333   2.099 0.000  0.497 0.559000
  7.333333   8.333333  12.731 0.000  1.646 0.559000
 10.333333  11.333333   4.008 0.000  0.617 0.559000
 14.333333  15.333333   3.358 0.000  1.950 0.559000
 17.333333  18.333333   3.022 0.000  1.672 0.559000
 21.333333  22.333333   3.172 0.000  2.446 0.559000
 24.333333  25.333333   1.903 0.000  1.176 0.559000
 28.333333  29.333333   3.372 0.000  2.548 0.559000
 31.333333  32.333333   5.642 0.000  2.420 0.559000
 35.333333  36.333333   9.315 0.000  4.583 0.559000
 38.333333  39.333333   1.712 0.000  0.968 0.559000
 42.333333  43.333333   4.570 0.000  0.478 0.559000
 45.333333  46.333333   1.698 0.000 99.999 0.559259
 49.333333  50.333333   2.383 0.000  0.619 0.559000
 52.333333  53.333333   4.226 0.000  0.867 0.559000
 56.333333  57.333333 999.999 0.999 99.999 0.999000
 59.333333  60.333333   5.935 0.000  3.403 0.000000
 63.333333  64.333333   3.371 0.000  1.945 0.000000
 66.333333  67.333333   3.201 0.000  0.760 0.000000
 70.333333  71.333333   6.562 0.000  3.262 0.000000
 73.333333  74.333333   6.127 0.000  4.238 0.000000
 77.333333  78.333333   5.925 0.000  3.169 0.000000
 80.333333  81.333333   6.416 0.000  4.365 0.000000
 84.333333  85.333333   4.500 0.000  2.018 0.000000
 87.333333  88.333333   5.418 0.000  3.353 0.000000
 91.333333  92.333333   6.245 0.000  2.994 0.000000
 94.333333  95.333333   4.509 0.000  3.148 0.000000
 98.333333  99.333333   4.528 0.000  1.877 0.000000
101.333333 102.333333   4.234 0.000  2.338 0.000000
105.333333 106.333333   6.415 0.000  3.908 0.000000
108.333333 109.333333   6.642 0.000  3.242 0.000000
112.333333 113.333333 999.999 0.999 99.999 0.999000
115.333333 116.333333   5.857 0.000  5.167 0.000000
119.333333 120.333333   7.214 0.000  4.159 0.000000
122.333333 123.333333   4.671 0.000  2.888 0.000000
126.333333 127.333333   9.014 0.000  5.576 0.000000
129.333333 130.333333   5.679 0.000  2.346 0.000000
133.333333 134.333333  14.000 0.000  8.255 0.000000
136.333333 137.333333   8.250 0.000  4.891 0.000000
140.333333 141.333333 999.999 0.999 99.999 0.999000
143.333333 144.333333   8.421 0.000  4.636 0.000000
147.333333 148.333333   5.756 0.000  4.333 0.000000
150.333333 151.333333   9.509 0.000  5.182 0.000000
154.333333 155.333333   8.530 0.000  5.857 0.000000
157.333333 158.333333  13.047 0.000  9.718 0.000000
161.333333 162.333333  14.111 0.000  7.957 0.000000
164.333333 165.333333   3.262 0.000  2.025 0.000000
168.333333 169.333333 999.999 0.999 99.999 0.999000
171.333333 172.333333   8.593 0.000  4.169 0.000000
175.333333 176.333333   6.484 0.000  4.860 0.000000
178.333333 179.333333   5.693 0.000  4.174 0.000000
182.333333 183.333333   4.311 0.000  3.015 0.000000
185.333333 186.333333   8.799 0.000  5.323 0.000000
189.333333 190.333333   8.699 0.000  4.939 0.000000
192.333333 193.333333   8.198 0.000  4.738 0.000000
196.333333 197.333333 999.999 0.999 99.999 0.999000
199.333333 200.333333  14.542 0.000  5.727 0.000000
203.333333 204.333333   3.546 0.000  2.047 0.000000
206.333333 207.333333   7.911 0.000  4.942 0.000000
210.333333 211.333333   9.799 0.000  5.556 0.000000
213.333333 214.333333   8.495 0.000  4.766 0.000000
217.333333 218.333333   4.642 0.000  2.405 0.000000
220.333333 221.333333   5.747 0.000  3.006 0.000000
224.333333 225.333333 999.999 0.999 99.999 0.999000
227.333333 228.333333  10.000 0.000  6.341 0.000000
231.333333 232.333333   8.657 0.000  7.445 0.000000
234.333333 235.333333   5.358 0.000  3.384 0.000000
238.333333 239.333333 999.999 0.999 99.999 0.999000
241.333333 242.333333 999.999 0.999  5.714 0.000000
245.333333 246.333333   7.535 0.000  4.377 0.000000
248.333333 249.333333   4.637 0.000  2.675 0.000000
252.333333 253.333333 999.999 0.999 99.999 0.999000
255.333333 256.333333   6.283 0.000  3.675 0.000000
259.333333 260.333333   7.551 0.000  3.645 0.000000
262.333333 263.333333   7.599 0.000  5.482 0.000000
266.333333 267.333333 999.999 0.999 99.999 0.999000
269.333333 270.333333   9.555 0.000  3.313 0.000000
273.333333 274.333333  13.022 0.000  5.350 0.000000
276.333333 277.333333   2.979 0.000  1.325 0.000000
280.333333 281.333333 999.999 0.999 99.999 0.999000
283.333333 284.333333   3.708 0.000  2.448 0.000000
287.333333 288.333333 999.999 0.999 99.999 0.999000
290.333333 291.333333 999.999 0.999 99.999 0.999000
294.333333 295.333333 999.999 0.999 99.999 0.999000
297.333333 298.333333 999.999 0.999 99.999 0.999000
301.333333 302.333333 999.999 0.999 99.999 0.999000
304.333333 305.333333 999.999 0.999 99.999 0.999000
308.333333 309.333333   3.160 0.000  1.703 0.000000
311.333333 312.333333   4.480 0.000  2.291 0.000000
315.333333 316.333333 999.999 0.999 99.999 0.999000
318.333333 319.333333   5.375 0.000  3.406 0.000000
322.333333 323.333333   5.138 0.000  3.777 0.000000
325.333333 326.333333   5.760 0.000  4.365 0.000000
329.333333 330.333333   6.316 0.000  3.003 0.000000
332.333333 333.333333   2.400 0.000  1.827 0.000000
336.333333 337.333333   8.281 0.000  2.362 0.000000
339.333333 340.333333   6.443 0.000  3.466 0.000000
343.333333 344.333333   0.700 0.000 99.999 0.259000
346.333333 347.333333   0.781 0.000  0.396 0.000000
350.333333 351.333333   4.571 0.000  1.938 0.000000
353.333333 354.333333   4.127 0.000  1.969 0.000000
357.333333 358.333333   1.975 0.000  0.892 0.000000
360.333333 361.333333   6.905 0.000  1.957 0.000000
364.333333 365.333333   1.096 0.000  0.450 0.000000
