scripts/IMPROVE-2019_partial/data/US0069R.20060102080000.20191216000000.filterpack..pm25.52w.1w.US03L_filterpack_US0069.US03L_IMPROVE_Davis.lev2.nas
66 1001
MISSING INFORMATION
US03L, IMPROVE, , , , , , , 
MISSING INFORMATION
IMPROVE sel_HTAP
1 1
2006 01 01 2019 12 16
3.000000
days from file reference point
27
1 1 1 1 1 1 1 1 1 1 1 1 1 1 1 1 1 1 1 1 1 1 1 1 1 1 1
999.999999 999.99 9.999 99.99 9.999 9.999 9.999999 9.99 9.999999 9.999 9.999 99.999 9.999 99.999 9.999 99.99 9.999999 999.999 9.999 99.999 9.999 999.999 9.999 9.999 9.999 9.999 9.999
end_time of measurement, days from the file reference point
iron, ng/m3, Revision date=20181210133000
numflag iron, no unit, Revision date=20181210133000
lead, ng/m3, Revision date=20181210133000
numflag lead, no unit, Revision date=20181210133000
magnesium, ug/m3, Revision date=20181210133000
numflag magnesium, no unit, Revision date=20181210133000
nickel, ng/m3, Revision date=20181210133000
numflag nickel, no unit, Revision date=20181210133000
nitrate, ug N/m3, Revision date=20181210133000
numflag nitrate, no unit, Revision date=20181210133000
organic_carbon, ug C/m3, Revision date=20181210133000
numflag organic_carbon, no unit, Revision date=20181210133000
organic_mass, ug/m3, Revision date=20181210133000
numflag organic_mass, no unit, Revision date=20181210133000
phosphorus, ng/m3, Revision date=20181210133000
numflag phosphorus, no unit, Revision date=20181210133000
pm10_mass, ug/m3, Version=2, Version description=Data extracted from http://views.cira.colostate.edu/fed/DataWizard 2019-12-16, Sample duration=1d, Orig. time res.=3d, Matrix=pm10, Blank correction=Blank corrected, Volume std. temperature=ambient, Volume std. pressure=ambient
numflag pm10_mass, no unit, Version=2, Version description=Data extracted from http://views.cira.colostate.edu/fed/DataWizard 2019-12-16, Sample duration=1d, Orig. time res.=3d, Matrix=pm10, Blank correction=Blank corrected, Volume std. temperature=ambient, Volume std. pressure=ambient
pm10_pm25_mass, ug/m3, Revision date=20181210133000, Matrix=pm10_pm25
numflag pm10_pm25_mass, no unit, Revision date=20181210133000, Matrix=pm10_pm25
pm25_mass, ug/m3, Version=2, Version description=Data extracted from http://views.cira.colostate.edu/fed/DataWizard 2019-12-16, Sample duration=1d, Orig. time res.=3d, Blank correction=Blank corrected, Volume std. temperature=ambient, Volume std. pressure=ambient
numflag pm25_mass, no unit, Version=2, Version description=Data extracted from http://views.cira.colostate.edu/fed/DataWizard 2019-12-16, Sample duration=1d, Orig. time res.=3d, Blank correction=Blank corrected, Volume std. temperature=ambient, Volume std. pressure=ambient
potassium, ug/m3, Revision date=20181210133000
numflag potassium, no unit, Revision date=20181210133000
sulphate_total, ug S/m3, Revision date=20181210133000
numflag sulphate_total, no unit, Revision date=20181210133000
0
25
Data definition:              EBAS_1.1
Set type code:                TU
Timezone:                     UTC
File name:                    US0069R.20060102080000.20191216000000.filterpack..pm25.52w.1w.US03L_filterpack_US0069.US03L_IMPROVE_Davis.lev2.nas
File creation:                20191218115957
Startdate:                    20060102080000
Revision date:                20191216000000
Statistics:                   arithmetic mean
Data level:                   2
Period code:                  52w
Resolution code:              1w
Station code:                 US0069R
Platform code:                US0069S
Station name:                 Kalmiopsis
Station latitude:             42.552
Station longitude:            -124.0589
Station altitude:             80.0 m
Regime:                       IMG
Component:                    
Matrix:                       pm25
Laboratory code:              US03L
Instrument type:              filterpack
Instrument name:              filterpack_US0069
Method ref:                   US03L_IMPROVE_Davis
starttime endtime Fe flag_Fe Pb flag_Pb Mg++ flag_Mg++ Ni flag_Ni NO3- flag_NO3- OC flag_OC OM flag_OM P flag_P PM10 flag_PM10 PM10-PM2.5 flag_PM10-PM2.5 PM2.5 flag_PM2.5 K+ flag_K+ SO4-- flag_SO4--
  1.333333   2.333333   1.01 0.000  0.37 0.000 0.009 0.000000 0.15 0.000000 0.003 0.000  0.587 0.000  0.822 0.000 99.99 0.259000   1.966 0.000  0.818 0.000   1.148 0.000 0.007 0.000 0.013 0.000
  4.333333   5.333333   3.93 0.000  0.79 0.000 9.999 0.259000 9.99 0.259000 0.037 0.000  1.352 0.000  1.893 0.000 99.99 0.259000   4.101 0.000  1.193 0.000   2.909 0.000 0.015 0.000 0.043 0.000
  7.333333   8.333333   1.09 0.000  0.21 0.000 0.025 0.000000 9.99 0.259000 0.006 0.000  0.859 0.000  1.202 0.000 99.99 0.259000   3.021 0.000  1.114 0.000   1.907 0.000 0.013 0.000 0.028 0.000
 10.333333  11.333333   2.99 0.000  0.17 0.000 0.085 0.000000 9.99 0.259000 0.015 0.000  0.467 0.000  0.654 0.000 99.99 0.259000   6.390 0.000  3.081 0.000   3.309 0.000 0.027 0.000 0.086 0.000
 13.333333  14.333333   0.74 0.000  0.24 0.000 0.009 0.000000 9.99 0.259000 0.004 0.000  0.478 0.000  0.669 0.000 99.99 0.259000   1.581 0.000  0.605 0.000   0.977 0.000 0.008 0.000 0.026 0.000
 16.333333  17.333333   1.30 0.000  0.21 0.000 0.005 0.000000 9.99 0.259000 0.003 0.000  0.432 0.000  0.604 0.000  2.50 0.000000   0.877 0.000  0.248 0.000   0.629 0.000 0.005 0.000 0.009 0.000
 19.333333  20.333333   1.21 0.394  0.19 0.394 9.999 0.394259 9.99 0.394259 0.003 0.394  0.445 0.394  0.623 0.394 99.99 0.394259   1.269 0.000  0.621 0.394   0.648 0.000 0.007 0.394 0.021 0.394
 22.333333  23.333333   2.93 0.000  0.45 0.000 9.999 0.259000 9.99 0.259000 0.003 0.000  0.322 0.559  0.451 0.559 99.99 0.259000   1.164 0.000  0.463 0.000   0.701 0.000 0.007 0.000 0.027 0.000
 25.333333  26.333333   0.44 0.000  0.19 0.000 9.999 0.259000 9.99 0.259000 0.004 0.000  0.739 0.000  1.034 0.000  2.04 0.000000   1.539 0.000  0.359 0.000   1.179 0.000 0.007 0.000 0.013 0.000
 28.333333  29.333333   1.21 0.000  0.25 0.000 9.999 0.259000 0.09 0.000000 0.005 0.000  0.672 0.000  0.941 0.000 99.99 0.259000   1.785 0.000  0.575 0.000   1.210 0.000 0.009 0.000 0.016 0.000
 31.333333  32.333333   1.94 0.000  0.26 0.000 9.999 0.259000 9.99 0.259000 0.006 0.000  1.276 0.000  1.786 0.000 99.99 0.259000   2.708 0.000  0.803 0.000   1.905 0.000 0.011 0.000 0.017 0.000
 34.333333  35.333333   2.17 0.000 99.99 0.259 9.999 0.259000 9.99 0.259000 0.013 0.000  0.483 0.000  0.676 0.000 99.99 0.259000   9.412 0.000  4.441 0.000   4.972 0.000 0.041 0.000 0.151 0.000
 37.333333  38.333333   6.41 0.000  1.22 0.000 9.999 0.259000 9.99 0.259000 0.010 0.000  1.758 0.000  2.462 0.000 99.99 0.259000   4.387 0.000  0.745 0.000   3.643 0.000 0.028 0.000 0.039 0.000
 40.333333  41.333333   9.87 0.000  0.54 0.000 9.999 0.259000 9.99 0.259000 0.012 0.000  1.703 0.000  2.384 0.000 99.99 0.259000   3.893 0.000  0.489 0.000   3.405 0.000 0.039 0.000 0.060 0.000
 43.333333  44.333333   6.52 0.000  1.13 0.000 0.013 0.000000 9.99 0.259000 0.026 0.000  0.960 0.559  1.343 0.559 99.99 0.259000   4.404 0.000  1.559 0.000   2.844 0.000 0.029 0.000 0.126 0.000
 46.333333  47.333333   5.54 0.000  0.59 0.000 9.999 0.259000 9.99 0.259000 0.042 0.000  1.011 0.000  1.415 0.000 99.99 0.259000   3.953 0.000  1.031 0.000   2.922 0.000 0.031 0.000 0.178 0.000
 49.333333  50.333333  27.27 0.000  0.68 0.000 9.999 0.259000 9.99 0.259000 0.019 0.000  1.475 0.000  2.064 0.000 99.99 0.259000   4.737 0.000  0.944 0.000   3.793 0.000 0.041 0.000 0.212 0.000
 52.333333  53.333333   9.70 0.000  0.37 0.000 0.010 0.000000 9.99 0.259000 0.019 0.000  5.768 0.000  8.075 0.000 99.99 0.259000  11.236 0.000  1.291 0.000   9.945 0.000 0.103 0.000 0.136 0.000
 55.333333  56.333333  18.41 0.000  1.70 0.000 9.999 0.259000 9.99 0.259000 0.020 0.000  1.862 0.000  2.607 0.000 99.99 0.259000   5.858 0.000  1.500 0.000   4.358 0.000 0.053 0.000 0.165 0.000
 58.333333  59.333333   1.22 0.000  0.10 0.000 9.999 0.259000 9.99 0.259000 0.004 0.000  0.428 0.000  0.599 0.000 99.99 0.259000   1.523 0.000  0.788 0.000   0.735 0.000 0.006 0.000 0.023 0.000
 61.333333  62.333333   1.49 0.000  0.82 0.000 9.999 0.259000 9.99 0.259000 0.002 0.000  0.499 0.000  0.698 0.000 99.99 0.259000   1.425 0.000  0.437 0.000   0.989 0.000 0.008 0.000 0.014 0.000
 64.333333  65.333333   1.19 0.000 99.99 0.259 9.999 0.259000 9.99 0.259000 0.003 0.000  0.484 0.000  0.678 0.000 99.99 0.259000   1.762 0.000  0.601 0.000   1.161 0.000 0.007 0.000 0.017 0.000
 67.333333  68.333333   2.13 0.000  0.35 0.000 9.999 0.259000 9.99 0.259000 0.004 0.000  0.424 0.000  0.594 0.000 99.99 0.259000   2.199 0.000  0.667 0.000   1.532 0.000 0.013 0.000 0.067 0.000
 70.333333  71.333333   2.87 0.000  0.47 0.000 9.999 0.259000 9.99 0.259000 0.014 0.000  0.521 0.000  0.730 0.000 99.99 0.259000   1.857 0.000  0.539 0.000   1.318 0.000 0.013 0.000 0.057 0.000
 73.333333  74.333333   3.25 0.000  0.39 0.000 9.999 0.259000 9.99 0.259000 0.007 0.000  0.290 0.000  0.406 0.000 99.99 0.259000   1.293 0.000  0.520 0.000   0.774 0.000 0.007 0.000 0.023 0.000
 76.333333  77.333333  13.55 0.000  0.36 0.000 0.013 0.000000 9.99 0.259000 0.014 0.000  0.388 0.559  0.544 0.559 99.99 0.259000   3.014 0.000  1.167 0.000   1.848 0.000 0.019 0.000 0.142 0.000
 79.333333  80.333333   5.85 0.000  0.37 0.000 9.999 0.259000 9.99 0.259000 0.008 0.000  0.298 0.000  0.417 0.000 99.99 0.259000   1.975 0.000  1.101 0.000   0.874 0.000 0.010 0.000 0.049 0.000
 82.333333  83.333333  22.34 0.000  1.04 0.000 9.999 0.259000 9.99 0.259000 0.019 0.000  0.449 0.000  0.628 0.000 99.99 0.259000   4.046 0.000  1.472 0.000   2.575 0.000 0.032 0.000 0.251 0.000
 85.333333  86.333333  10.66 0.000  0.52 0.000 9.999 0.259000 9.99 0.259000 0.027 0.000  0.538 0.000  0.753 0.000  5.47 0.000000   3.092 0.000  1.410 0.000   1.682 0.000 0.020 0.000 0.067 0.000
 88.333333  89.333333   1.90 0.000  0.14 0.000 9.999 0.259000 9.99 0.259000 0.010 0.000  0.612 0.000  0.857 0.000 99.99 0.259000   2.051 0.000  0.879 0.000   1.172 0.000 0.012 0.000 0.023 0.000
 91.333333  92.333333  13.80 0.000  0.59 0.000 0.008 0.000000 9.99 0.259000 0.009 0.000  0.423 0.000  0.592 0.000 99.99 0.259000   2.204 0.000  0.876 0.000   1.327 0.000 0.016 0.000 0.098 0.000
 94.333333  95.333333 999.99 0.999 99.99 0.999 9.999 0.999000 9.99 0.999000 9.999 0.999 99.999 0.999 99.999 0.999 99.99 0.999000 999.999 0.999 99.999 0.999 999.999 0.999 9.999 0.999 9.999 0.999
 97.333333  98.333333   2.79 0.000  0.33 0.000 9.999 0.259000 9.99 0.259000 0.008 0.000  0.284 0.000  0.397 0.000  5.33 0.000000   1.720 0.000  0.913 0.000   0.807 0.000 0.008 0.000 0.043 0.000
100.333333 101.333333   3.84 0.394  0.31 0.394 9.999 0.394259 0.10 0.394000 0.005 0.394  0.367 0.394  0.514 0.394 99.99 0.394259   2.115 0.000  1.116 0.394   0.999 0.000 0.011 0.394 0.036 0.394
103.333333 104.333333   9.48 0.000  0.31 0.000 9.999 0.259000 0.14 0.000000 0.020 0.000  0.510 0.000  0.714 0.000 99.99 0.259000   3.555 0.000  1.747 0.000   1.808 0.000 0.018 0.000 0.109 0.000
106.333333 107.333333   4.15 0.000 99.99 0.259 9.999 0.259000 9.99 0.259000 0.012 0.000  0.244 0.000  0.341 0.000 99.99 0.259000   2.052 0.000  1.103 0.000   0.950 0.000 0.010 0.000 0.056 0.000
109.333333 110.333333  19.86 0.000  0.52 0.000 0.026 0.000000 9.99 0.259000 0.046 0.000  0.543 0.000  0.761 0.000 99.99 0.259000   5.639 0.000  3.150 0.000   2.489 0.000 0.028 0.000 0.146 0.000
112.333333 113.333333  35.82 0.000  2.03 0.000 0.053 0.000000 0.19 0.000000 0.164 0.000  1.435 0.000  2.009 0.000 99.99 0.259000  10.108 0.000  4.183 0.000   5.925 0.000 0.064 0.000 0.238 0.000
115.333333 116.333333  70.93 0.000  1.48 0.000 0.033 0.000000 0.20 0.000000 0.069 0.559  1.100 0.000  1.541 0.000 99.99 0.259000   9.140 0.000  4.171 0.000   4.969 0.000 0.068 0.000 0.276 0.559
118.333333 119.333333  31.83 0.000  1.20 0.000 0.014 0.000000 0.12 0.000000 0.022 0.559  0.820 0.000  1.147 0.000 99.99 0.259000   5.077 0.000  1.953 0.000   3.123 0.000 0.034 0.000 0.143 0.559
121.333333 122.333333  57.16 0.000  1.29 0.000 0.016 0.000000 9.99 0.259000 0.095 0.559  0.453 0.559  0.633 0.559 99.99 0.259000   9.329 0.000  4.945 0.000   4.384 0.000 0.058 0.000 0.252 0.559
124.333333 125.333333  38.54 0.000  1.07 0.000 0.022 0.000000 0.70 0.000000 0.175 0.559  1.236 0.000  1.731 0.000 99.99 0.259000  13.462 0.000  5.796 0.000   7.665 0.000 0.063 0.000 0.551 0.559
127.333333 128.333333  40.61 0.000  0.59 0.000 9.999 0.259000 9.99 0.259000 0.045 0.559  0.395 0.000  0.552 0.000 99.99 0.259000   6.697 0.000  3.300 0.000   3.397 0.000 0.041 0.000 0.223 0.559
130.333333 131.333333  47.38 0.000  0.76 0.000 9.999 0.259000 0.21 0.000000 0.099 0.000  0.872 0.000  1.220 0.000 99.99 0.259000   9.271 0.000  4.207 0.000   5.064 0.000 0.047 0.000 0.372 0.000
133.333333 134.333333  47.29 0.000  2.06 0.000 9.999 0.259000 0.13 0.000000 0.087 0.000  1.743 0.000  2.440 0.000 99.99 0.259000   9.756 0.000  3.293 0.000   6.464 0.000 0.075 0.000 0.380 0.000
136.333333 137.333333  53.30 0.000  1.54 0.000 9.999 0.259000 0.45 0.000000 0.152 0.559  1.559 0.000  2.183 0.000 99.99 0.259000  14.045 0.000  5.945 0.000   8.099 0.000 0.073 0.000 0.519 0.559
139.333333 140.333333   9.77 0.000  0.38 0.000 0.009 0.000000 0.18 0.000000 0.029 0.559  0.499 0.000  0.698 0.000 99.99 0.259000   3.175 0.000  1.512 0.000   1.663 0.000 0.020 0.000 0.140 0.559
142.333333 143.333333   5.85 0.000  0.38 0.000 9.999 0.259000 9.99 0.259000 0.009 0.559  0.412 0.000  0.577 0.000 99.99 0.259000   3.472 0.000  2.179 0.000   1.294 0.000 0.016 0.000 0.094 0.559
145.333333 146.333333   1.63 0.000 99.99 0.259 9.999 0.259000 9.99 0.259000 0.004 0.559  0.395 0.000  0.553 0.000 99.99 0.259000   2.083 0.000  0.907 0.000   1.176 0.000 0.011 0.000 0.057 0.559
148.333333 149.333333   5.20 0.000  0.32 0.000 9.999 0.259000 0.12 0.000000 0.019 0.559  0.525 0.000  0.735 0.000 99.99 0.259000   3.689 0.000  1.855 0.000   1.833 0.000 0.016 0.000 0.109 0.559
151.333333 152.333333   3.95 0.000  0.33 0.000 0.008 0.000000 9.99 0.259000 0.002 0.559  0.499 0.000  0.699 0.000  8.32 0.000000   2.873 0.000  2.053 0.000   0.819 0.000 0.014 0.000 0.035 0.559
154.333333 155.333333   3.17 0.000  0.24 0.000 0.006 0.000000 9.99 0.259000 0.009 0.559  0.166 0.000  0.232 0.000 99.99 0.259000   2.126 0.000  1.341 0.000   0.785 0.000 0.010 0.000 0.053 0.559
157.333333 158.333333  10.50 0.000  0.65 0.000 9.999 0.259000 0.16 0.000000 0.031 0.559  0.565 0.000  0.790 0.000 99.99 0.259000   6.050 0.000  3.148 0.000   2.902 0.000 0.018 0.000 0.239 0.559
160.333333 161.333333  13.11 0.000  0.51 0.000 0.019 0.000000 9.99 0.259000 0.035 0.559  0.681 0.000  0.953 0.000 99.99 0.259000   6.015 0.000  2.578 0.000   3.437 0.000 0.023 0.000 0.284 0.559
163.333333 164.333333   5.93 0.000  0.63 0.000 9.999 0.259000 0.13 0.000000 0.010 0.559  0.363 0.559  0.508 0.559 99.99 0.259000   3.542 0.000  1.699 0.000   1.844 0.000 0.014 0.000 0.144 0.559
166.333333 167.333333   5.20 0.000  0.19 0.000 9.999 0.259000 0.14 0.000000 0.019 0.559  0.337 0.000  0.472 0.000 99.99 0.259000   3.982 0.000  2.110 0.000   1.872 0.000 0.015 0.000 0.127 0.559
169.333333 170.333333  18.07 0.000  0.30 0.000 0.016 0.000000 9.99 0.259000 0.050 0.559  0.506 0.000  0.708 0.000 99.99 0.259000   7.181 0.000  3.850 0.000   3.330 0.000 0.025 0.000 0.266 0.559
172.333333 173.333333  32.52 0.000  0.60 0.000 0.014 0.000000 0.18 0.000000 0.043 0.559  0.832 0.000  1.165 0.000 99.99 0.259000   8.826 0.000  4.961 0.000   3.865 0.000 0.037 0.000 0.266 0.559
175.333333 176.333333  36.66 0.000  1.52 0.000 0.031 0.000000 0.45 0.000000 0.075 0.559  3.042 0.000  4.259 0.000 99.99 0.259000  12.973 0.000  4.158 0.000   8.816 0.000 0.052 0.000 0.370 0.559
178.333333 179.333333  28.61 0.000  0.38 0.000 0.090 0.000000 0.24 0.000000 0.171 0.559  1.764 0.000  2.469 0.000 99.99 0.259000  13.605 0.000  5.955 0.000   7.649 0.000 0.059 0.000 0.396 0.559
181.333333 182.333333  18.30 0.000  0.55 0.000 0.040 0.000000 0.47 0.000000 0.100 0.559  0.967 0.000  1.740 0.000 99.99 0.259000   9.530 0.000  4.287 0.000   5.243 0.000 0.035 0.000 0.445 0.559
184.333333 185.333333   5.43 0.000  0.32 0.000 9.999 0.259000 0.29 0.000000 0.038 0.559  0.598 0.000  1.075 0.000 99.99 0.259000   6.085 0.000  2.810 0.000   3.275 0.000 0.024 0.000 0.394 0.559
187.333333 188.333333  11.79 0.000  0.50 0.000 0.013 0.000000 9.99 0.259000 0.026 0.559  0.751 0.000  1.353 0.000 99.99 0.259000   4.298 0.000  2.093 0.000   2.205 0.000 0.018 0.000 0.114 0.559
190.333333 191.333333   6.41 0.000  0.24 0.000 0.016 0.000000 0.15 0.000000 0.015 0.559  0.452 0.000  0.813 0.000 99.99 0.259000   3.236 0.000  1.837 0.000   1.399 0.000 0.008 0.000 0.080 0.559
193.333333 194.333333   5.68 0.000  0.21 0.000 9.999 0.259000 9.99 0.259000 0.013 0.559  0.394 0.000  0.709 0.000 99.99 0.259000   2.781 0.000  1.688 0.000   1.094 0.000 0.006 0.000 0.073 0.559
196.333333 197.333333  16.80 0.000  0.72 0.000 9.999 0.259000 0.24 0.000000 0.049 0.559  0.981 0.000  1.766 0.000 99.99 0.259000   6.701 0.000  3.219 0.000   3.482 0.000 0.022 0.000 0.208 0.559
199.333333 200.333333  37.57 0.000  0.85 0.000 9.999 0.259000 0.17 0.000000 0.046 0.559  0.774 0.000  1.394 0.000 99.99 0.259000   7.490 0.000  4.098 0.000   3.392 0.000 0.024 0.000 0.237 0.559
202.333333 203.333333  52.08 0.000  0.83 0.000 0.021 0.000000 0.30 0.000000 0.037 0.559  3.306 0.000  5.950 0.000 99.99 0.259000  12.917 0.000  4.427 0.000   8.490 0.000 0.049 0.000 0.279 0.559
205.333333 206.333333  35.79 0.000  0.54 0.000 0.013 0.000000 0.15 0.000000 0.077 0.559  0.880 0.000  1.585 0.000 99.99 0.259000   8.485 0.000  4.592 0.000   3.894 0.000 0.032 0.000 0.204 0.559
208.333333 209.333333  24.24 0.000  0.32 0.000 0.018 0.000000 0.13 0.000000 0.061 0.559  0.554 0.000  0.996 0.000 99.99 0.259000   7.769 0.000  4.584 0.000   3.185 0.000 0.021 0.000 0.225 0.559
211.333333 212.333333  11.99 0.000  0.57 0.000 9.999 0.259000 9.99 0.259000 0.026 0.559  0.450 0.000  0.810 0.000 99.99 0.259000   4.238 0.000  2.498 0.000   1.740 0.000 0.007 0.000 0.160 0.559
214.333333 215.333333  33.00 0.000  0.52 0.000 9.999 0.259000 0.17 0.000000 0.066 0.000  0.645 0.000  1.162 0.000 99.99 0.259000   9.023 0.000  5.346 0.000   3.676 0.000 0.027 0.000 0.245 0.000
217.333333 218.333333  14.18 0.000  0.59 0.000 0.023 0.000000 0.42 0.000000 0.068 0.559  1.419 0.000  2.555 0.000 99.99 0.259000   7.779 0.000  3.066 0.000   4.713 0.000 0.027 0.000 0.279 0.559
220.333333 221.333333  13.58 0.000  0.46 0.000 0.006 0.000000 0.26 0.000000 0.017 0.559  0.844 0.000  1.520 0.000 99.99 0.259000   5.263 0.000  2.692 0.000   2.571 0.000 0.011 0.000 0.215 0.559
223.333333 224.333333  23.51 0.000  0.60 0.000 9.999 0.259000 0.22 0.000000 0.068 0.559  0.744 0.000  1.340 0.000 99.99 0.259000   8.758 0.000  4.778 0.000   3.980 0.000 0.028 0.000 0.301 0.559
226.333333 227.333333  11.23 0.000  0.31 0.000 0.017 0.000000 0.27 0.000000 0.049 0.559  0.366 0.000  0.659 0.000 99.99 0.259000   6.737 0.000  4.238 0.000   2.498 0.000 0.014 0.000 0.201 0.559
229.333333 230.333333  34.35 0.000  0.69 0.000 0.030 0.000000 9.99 0.259000 0.090 0.000  1.566 0.000  2.820 0.000 99.99 0.259000  10.248 0.000  4.906 0.000   5.342 0.000 0.063 0.000 0.292 0.000
232.333333 233.333333  13.51 0.000  0.37 0.000 0.053 0.000000 0.20 0.000000 0.079 0.559  1.867 0.000  3.360 0.000 99.99 0.259000  11.124 0.000  4.311 0.000   6.813 0.000 0.038 0.000 0.382 0.559
235.333333 236.333333  22.77 0.000  0.50 0.000 9.999 0.259000 9.99 0.259000 0.017 0.559  0.515 0.000  0.927 0.000 99.99 0.259000   6.257 0.000  4.669 0.000   1.587 0.000 0.019 0.000 0.105 0.559
238.333333 239.333333  26.85 0.000  1.01 0.000 0.013 0.000000 0.23 0.000000 0.030 0.000  1.688 0.000  3.039 0.000 99.99 0.259000   7.863 0.000  3.236 0.000   4.627 0.000 0.040 0.000 0.180 0.000
241.333333 242.333333   9.09 0.000  0.35 0.000 9.999 0.259000 0.13 0.000000 0.031 0.559  0.171 0.000  0.308 0.000 99.99 0.259000   5.641 0.000  3.646 0.000   1.995 0.000 0.015 0.000 0.192 0.559
244.333333 245.333333  30.25 0.000  0.39 0.000 0.032 0.000000 0.51 0.000000 0.149 0.000  3.983 0.000  7.169 0.000 99.99 0.259000  16.635 0.000  5.353 0.000  11.281 0.000 0.074 0.000 0.286 0.000
