scripts/IMPROVE-2019_partial/data/US0087R.20020102070000.20191216000000.filterpack..pm25.52w.1w.US03L_filterpack_US0087.US03L_IMPROVE_Davis.lev2.nas
66 1001
MISSING INFORMATION
US03L, IMPROVE, , , , , , , 
MISSING INFORMATION
IMPROVE sel_HTAP
1 1
2002 01 01 2019 12 16
3.000000
days from file reference point
27
1 1 1 1 1 1 1 1 1 1 1 1 1 1 1 1 1 1 1 1 1 1 1 1 1 1 1
999.999999 9999.99 9.999 99.99 9.999 9.999 9.999999 99.99 9.999999 9.999 9.999999 99.999 9.999 99.999 9.999 999.99 9.999999 999.999 9.999 999.999 9.999 999.999 9.999 9.999 9.999 9.999 9.999
end_time of measurement, days from the file reference point
iron, ng/m3, Revision date=20181210133000
numflag iron, no unit, Revision date=20181210133000
lead, ng/m3, Revision date=20181210133000
numflag lead, no unit, Revision date=20181210133000
magnesium, ug/m3, Revision date=20181210133000
numflag magnesium, no unit, Revision date=20181210133000
nickel, ng/m3, Revision date=20181210133000
numflag nickel, no unit, Revision date=20181210133000
nitrate, ug N/m3, Revision date=20181210133000
numflag nitrate, no unit, Revision date=20181210133000
organic_carbon, ug C/m3, Revision date=20181210133000
numflag organic_carbon, no unit, Revision date=20181210133000
organic_mass, ug/m3, Revision date=20181210133000
numflag organic_mass, no unit, Revision date=20181210133000
phosphorus, ng/m3, Revision date=20181210133000
numflag phosphorus, no unit, Revision date=20181210133000
pm10_mass, ug/m3, Version=2, Version description=Data extracted from http://views.cira.colostate.edu/fed/DataWizard 2019-12-16, Sample duration=1d, Orig. time res.=3d, Matrix=pm10, Blank correction=Blank corrected, Volume std. temperature=ambient, Volume std. pressure=ambient
numflag pm10_mass, no unit, Version=2, Version description=Data extracted from http://views.cira.colostate.edu/fed/DataWizard 2019-12-16, Sample duration=1d, Orig. time res.=3d, Matrix=pm10, Blank correction=Blank corrected, Volume std. temperature=ambient, Volume std. pressure=ambient
pm10_pm25_mass, ug/m3, Revision date=20181210133000, Matrix=pm10_pm25
numflag pm10_pm25_mass, no unit, Revision date=20181210133000, Matrix=pm10_pm25
pm25_mass, ug/m3, Version=2, Version description=Data extracted from http://views.cira.colostate.edu/fed/DataWizard 2019-12-16, Sample duration=1d, Orig. time res.=3d, Blank correction=Blank corrected, Volume std. temperature=ambient, Volume std. pressure=ambient
numflag pm25_mass, no unit, Version=2, Version description=Data extracted from http://views.cira.colostate.edu/fed/DataWizard 2019-12-16, Sample duration=1d, Orig. time res.=3d, Blank correction=Blank corrected, Volume std. temperature=ambient, Volume std. pressure=ambient
potassium, ug/m3, Revision date=20181210133000
numflag potassium, no unit, Revision date=20181210133000
sulphate_total, ug S/m3, Revision date=20181210133000
numflag sulphate_total, no unit, Revision date=20181210133000
0
25
Data definition:              EBAS_1.1
Set type code:                TU
Timezone:                     UTC
File name:                    US0087R.20020102070000.20191216000000.filterpack..pm25.52w.1w.US03L_filterpack_US0087.US03L_IMPROVE_Davis.lev2.nas
File creation:                20191218120116
Startdate:                    20020102070000
Revision date:                20191216000000
Statistics:                   arithmetic mean
Data level:                   2
Period code:                  52w
Resolution code:              1w
Station code:                 US0087R
Platform code:                US0087S
Station name:                 Brooklyn Lake
Station latitude:             41.3662
Station longitude:            -106.2418
Station altitude:             3196.0 m
Regime:                       IMG
Component:                    
Matrix:                       pm25
Laboratory code:              US03L
Instrument type:              filterpack
Instrument name:              filterpack_US0087
Method ref:                   US03L_IMPROVE_Davis
starttime endtime Fe flag_Fe Pb flag_Pb Mg++ flag_Mg++ Ni flag_Ni NO3- flag_NO3- OC flag_OC OM flag_OM P flag_P PM10 flag_PM10 PM10-PM2.5 flag_PM10-PM2.5 PM2.5 flag_PM2.5 K+ flag_K+ SO4-- flag_SO4--
  1.291667   2.291667    2.00 0.000 99.99 0.259 9.999 0.259000 99.99 0.259000 9.999 0.559259  0.103 0.000  0.145 0.000 999.99 0.259000   0.256 0.000   0.104 0.000   0.152 0.000 0.002 0.000 0.017 0.559
  4.291667   5.291667    7.83 0.000 99.99 0.259 9.999 0.259000 99.99 0.259000 0.004 0.559000  0.224 0.000  0.313 0.000 999.99 0.259000   0.987 0.000   0.502 0.000   0.485 0.000 0.005 0.000 0.061 0.559
  7.291667   8.291667    2.61 0.000 99.99 0.259 9.999 0.259000 99.99 0.259000 9.999 0.559259 99.999 0.999 99.999 0.999 999.99 0.259000   0.185 0.000 999.999 0.259   0.214 0.000 0.004 0.000 0.024 0.559
 10.291667  11.291667    6.37 0.000  0.23 0.000 9.999 0.259000 99.99 0.259000 0.006 0.559000  0.094 0.000  0.131 0.000 999.99 0.259000   0.621 0.000   0.248 0.000   0.374 0.000 0.006 0.000 0.031 0.559
 13.291667  14.291667    3.86 0.000  0.23 0.000 9.999 0.259000 99.99 0.259000 0.026 0.559000  0.097 0.000  0.135 0.000 999.99 0.259000   0.329 0.000 999.999 0.259   0.374 0.000 0.004 0.000 0.043 0.559
 16.291667  17.291667    5.50 0.000  0.32 0.000 0.038 0.000000 99.99 0.259000 0.115 0.000000  0.344 0.000  0.482 0.000 999.99 0.259000   1.812 0.000   0.289 0.000   1.522 0.000 0.005 0.000 0.123 0.000
 19.291667  20.291667   12.28 0.000 99.99 0.259 9.999 0.259000 99.99 0.259000 0.023 0.000000  0.078 0.000  0.109 0.000 999.99 0.259000   1.661 0.000   0.982 0.000   0.679 0.000 0.008 0.000 0.067 0.000
 22.291667  23.291667    8.36 0.000 99.99 0.259 9.999 0.259000 99.99 0.259000 0.020 0.000000  0.030 0.000  0.042 0.000 999.99 0.259000   1.132 0.000   0.546 0.000   0.586 0.000 0.007 0.000 0.072 0.000
 25.291667  26.291667   23.87 0.000  0.32 0.000 9.999 0.259000 99.99 0.259000 0.000 0.559000  0.168 0.000  0.236 0.000 999.99 0.259000   1.485 0.000   0.894 0.000   0.592 0.000 0.016 0.000 0.037 0.559
 28.291667  29.291667    3.50 0.000  0.15 0.000 9.999 0.259000 99.99 0.259000 0.010 0.000000  0.114 0.000  0.159 0.000 999.99 0.259000   0.607 0.000   0.267 0.000   0.340 0.000 0.005 0.000 0.050 0.000
 31.291667  32.291667    9.44 0.000 99.99 0.259 9.999 0.259000  0.06 0.000000 9.999 0.259000  0.039 0.000  0.054 0.000 999.99 0.259000   0.676 0.000   0.224 0.000   0.452 0.000 0.008 0.000 0.048 0.000
 34.291667  35.291667    7.72 0.000 99.99 0.259 9.999 0.259000 99.99 0.259000 0.016 0.000000  0.076 0.000  0.107 0.000 999.99 0.259000   1.008 0.000   0.298 0.000   0.710 0.000 0.006 0.000 0.090 0.000
 37.291667  38.291667   10.60 0.000  0.22 0.000 9.999 0.259000 99.99 0.259000 0.014 0.559000  0.174 0.000  0.243 0.000 999.99 0.259000   0.594 0.000   0.178 0.000   0.416 0.000 0.008 0.000 0.070 0.559
 40.291667  41.291667 9999.99 0.999 99.99 0.999 9.999 0.999000 99.99 0.999000 9.999 0.999000 99.999 0.999 99.999 0.999 999.99 0.999000 999.999 0.999 999.999 0.999 999.999 0.999 9.999 0.999 9.999 0.999
 43.291667  44.291667 9999.99 0.999 99.99 0.999 9.999 0.999000 99.99 0.999000 9.999 0.999000 99.999 0.999 99.999 0.999 999.99 0.999000 999.999 0.999 999.999 0.999 999.999 0.999 9.999 0.999 9.999 0.999
 46.291667  47.291667 9999.99 0.999 99.99 0.999 9.999 0.999000 99.99 0.999000 9.999 0.999000 99.999 0.999 99.999 0.999 999.99 0.999000 999.999 0.999 999.999 0.999 999.999 0.999 9.999 0.999 9.999 0.999
 49.291667  50.291667 9999.99 0.999 99.99 0.999 9.999 0.999000 99.99 0.999000 9.999 0.999000 99.999 0.999 99.999 0.999 999.99 0.999000 999.999 0.999 999.999 0.999 999.999 0.999 9.999 0.999 9.999 0.999
 52.291667  53.291667   11.02 0.000  0.20 0.000 9.999 0.259000 99.99 0.259000 0.011 0.559000  0.075 0.000  0.105 0.000 999.99 0.259000   1.252 0.000   0.457 0.000   0.795 0.000 0.009 0.000 0.044 0.559
 55.291667  56.291667   11.47 0.000 99.99 0.259 9.999 0.259000 99.99 0.259000 0.025 0.559000  0.211 0.000  0.295 0.000 999.99 0.259000   2.239 0.000   0.527 0.000   1.712 0.000 0.009 0.000 0.237 0.559
 58.291667  59.291667   14.96 0.000  0.43 0.000 9.999 0.259000 99.99 0.259000 0.077 0.000000  0.214 0.000  0.299 0.000 999.99 0.259000   2.411 0.000   0.844 0.000   1.567 0.000 0.012 0.000 0.163 0.000
 61.291667  62.291667   21.67 0.000  0.99 0.000 9.999 0.259000 99.99 0.259000 0.019 0.000000  0.242 0.000  0.339 0.000 999.99 0.259000   3.160 0.000   1.233 0.000   1.927 0.000 0.023 0.000 0.241 0.000
 64.291667  65.291667   19.48 0.000  0.61 0.000 9.999 0.259000  0.12 0.000000 0.048 0.559000  0.220 0.000  0.308 0.000 999.99 0.259000   2.866 0.000   1.458 0.000   1.408 0.000 0.018 0.000 0.086 0.559
 67.291667  68.291667 9999.99 0.999 99.99 0.999 9.999 0.999000 99.99 0.999000 9.999 0.999000 99.999 0.999 99.999 0.999 999.99 0.999000 999.999 0.999 999.999 0.999 999.999 0.999 9.999 0.999 9.999 0.999
 70.291667  71.291667 9999.99 0.999 99.99 0.999 9.999 0.999000 99.99 0.999000 9.999 0.999000 99.999 0.999 99.999 0.999 999.99 0.999000 999.999 0.999 999.999 0.999 999.999 0.999 9.999 0.999 9.999 0.999
 73.291667  74.291667 9999.99 0.999 99.99 0.999 9.999 0.999000 99.99 0.999000 9.999 0.999000 99.999 0.999 99.999 0.999 999.99 0.999000 999.999 0.999 999.999 0.999 999.999 0.999 9.999 0.999 9.999 0.999
 76.291667  77.291667 9999.99 0.999 99.99 0.999 9.999 0.999000 99.99 0.999000 9.999 0.999000 99.999 0.999 99.999 0.999 999.99 0.999000 999.999 0.999 999.999 0.999 999.999 0.999 9.999 0.999 9.999 0.999
 79.291667  80.291667 9999.99 0.999 99.99 0.999 9.999 0.999000 99.99 0.999000 9.999 0.999000 99.999 0.999 99.999 0.999 999.99 0.999000 999.999 0.999 999.999 0.999 999.999 0.999 9.999 0.999 9.999 0.999
 82.291667  83.291667 9999.99 0.999 99.99 0.999 9.999 0.999000 99.99 0.999000 9.999 0.999000 99.999 0.999 99.999 0.999 999.99 0.999000 999.999 0.999 999.999 0.999 999.999 0.999 9.999 0.999 9.999 0.999
 85.291667  86.291667   22.19 0.000  0.42 0.000 9.999 0.259000  0.16 0.000000 0.073 0.559000  0.294 0.000  0.412 0.000 999.99 0.259000   4.005 0.000   2.475 0.000   1.530 0.000 0.015 0.000 0.108 0.559
 88.291667  89.291667   50.58 0.000  0.83 0.000 9.999 0.259000  0.09 0.000000 0.123 0.559000  0.316 0.000  0.443 0.000 999.99 0.259000   4.372 0.000   1.651 0.000   2.721 0.000 0.039 0.000 0.218 0.559
 91.291667  92.291667   53.61 0.000  1.01 0.000 9.999 0.259000 99.99 0.259000 0.113 0.559000  0.257 0.000  0.360 0.000 999.99 0.259000   5.438 0.000   2.562 0.000   2.876 0.000 0.033 0.000 0.223 0.559
 94.291667  95.291667  108.90 0.699  1.07 0.699 9.999 0.699259  0.13 0.699000 0.233 0.000000  0.862 0.000  1.207 0.000 999.99 0.699259   6.908 0.000   2.421 0.000   4.487 0.699 0.071 0.699 0.297 0.000
 97.291667  98.291667   64.93 0.000  0.70 0.000 9.999 0.259000  0.17 0.000000 0.067 0.000000  0.406 0.000  0.569 0.000 999.99 0.259000   4.924 0.000   2.223 0.000   2.701 0.000 0.033 0.000 0.208 0.000
100.291667 101.291667   28.02 0.000  0.48 0.000 9.999 0.259000 99.99 0.259000 0.068 0.000000  0.146 0.000  0.204 0.000 999.99 0.259000   2.414 0.000   0.566 0.000   1.848 0.000 0.016 0.000 0.182 0.000
103.291667 104.291667  123.85 0.000  0.97 0.000 9.999 0.259000  0.11 0.000000 0.057 0.000000  0.321 0.000  0.449 0.000 999.99 0.259000   5.989 0.000   2.687 0.000   3.303 0.000 0.064 0.000 0.126 0.000
106.291667 107.291667  110.91 0.000  0.43 0.000 9.999 0.259000 99.99 0.259000 0.050 0.559000  0.329 0.000  0.461 0.000 999.99 0.259000  13.507 0.000   9.167 0.000   4.340 0.000 0.066 0.000 0.176 0.559
109.291667 110.291667   21.96 0.000  0.23 0.000 9.999 0.259000 99.99 0.259000 0.099 0.000000  0.165 0.000  0.230 0.000 999.99 0.259000   3.434 0.000   1.884 0.000   1.550 0.000 0.014 0.000 0.149 0.000
112.291667 113.291667  114.50 0.000  1.43 0.000 9.999 0.259000  0.07 0.000000 0.111 0.000000  0.501 0.000  0.702 0.000 999.99 0.259000   9.186 0.000   4.490 0.000   4.696 0.000 0.067 0.000 0.268 0.000
115.291667 116.291667   49.86 0.000  0.88 0.000 9.999 0.259000 99.99 0.259000 0.056 0.559000  0.406 0.000  0.569 0.000 999.99 0.259000   4.737 0.000   1.914 0.000   2.823 0.000 0.037 0.000 0.191 0.559
118.291667 119.291667 9999.99 0.999 99.99 0.999 9.999 0.999000 99.99 0.999000 9.999 0.999000 99.999 0.999 99.999 0.999 999.99 0.999000 999.999 0.999 999.999 0.999 999.999 0.999 9.999 0.999 9.999 0.999
121.291667 122.291667 9999.99 0.999 99.99 0.999 9.999 0.999000 99.99 0.999000 9.999 0.999000 99.999 0.999 99.999 0.999 999.99 0.999000 999.999 0.999 999.999 0.999 999.999 0.999 9.999 0.999 9.999 0.999
124.291667 125.291667 9999.99 0.999 99.99 0.999 9.999 0.999000 99.99 0.999000 9.999 0.999000 99.999 0.999 99.999 0.999 999.99 0.999000 999.999 0.999 999.999 0.999 999.999 0.999 9.999 0.999 9.999 0.999
127.291667 128.291667   33.40 0.000  0.32 0.000 9.999 0.259000 99.99 0.259000 0.036 0.000000  0.238 0.000  0.333 0.000 999.99 0.259000   4.349 0.000   3.010 0.000   1.339 0.000 0.020 0.000 0.099 0.000
130.291667 131.291667   54.96 0.000  0.46 0.000 9.999 0.259000 99.99 0.259000 0.101 0.000000  0.420 0.000  0.588 0.000 999.99 0.259000   4.057 0.000   1.337 0.000   2.720 0.000 0.037 0.000 0.204 0.000
133.291667 134.291667   42.63 0.000  0.38 0.000 9.999 0.259000  0.12 0.000000 0.030 0.559000  0.508 0.000  0.711 0.000 999.99 0.259000   3.683 0.000   1.455 0.000   2.228 0.000 0.027 0.000 0.200 0.559
136.291667 137.291667   34.41 0.559  0.66 0.559 9.999 0.559259 99.99 0.559259 0.043 0.000000  0.618 0.000  0.866 0.000 999.99 0.559259   3.801 0.000   1.095 0.000   2.707 0.559 0.022 0.559 0.235 0.000
139.291667 140.291667   77.42 0.699  0.84 0.699 9.999 0.699259 99.99 0.699259 0.074 0.000000  0.863 0.000  1.208 0.000 999.99 0.699259   8.772 0.000   3.572 0.000   5.199 0.699 0.051 0.699 0.396 0.000
142.291667 143.291667    6.56 0.000  0.20 0.000 9.999 0.259000 99.99 0.259000 0.074 0.559000  0.236 0.000  0.331 0.000 999.99 0.259000   1.709 0.000   0.466 0.000   1.242 0.000 0.004 0.000 0.099 0.559
145.291667 146.291667   18.68 0.000  0.41 0.000 9.999 0.259000 99.99 0.259000 0.021 0.559000  0.514 0.000  0.720 0.000 999.99 0.259000   3.127 0.000   1.236 0.000   1.891 0.000 0.011 0.000 0.120 0.559
148.291667 149.291667   30.36 0.000  0.57 0.000 9.999 0.259000  0.14 0.000000 0.035 0.559000  0.569 0.000  0.796 0.000 999.99 0.259000   5.236 0.000   2.432 0.000   2.803 0.000 0.021 0.000 0.198 0.559
151.291667 152.291667   89.82 0.559  0.66 0.559 9.999 0.559259 99.99 0.559259 0.042 0.559000  1.517 0.000  2.123 0.000 999.99 0.559259  12.107 0.000   6.136 0.000   5.972 0.559 0.072 0.559 0.283 0.559
154.291667 155.291667 9999.99 0.999 99.99 0.999 9.999 0.999000 99.99 0.999000 9.999 0.999000 99.999 0.999 99.999 0.999 999.99 0.999000 999.999 0.999 999.999 0.999 999.999 0.999 9.999 0.999 9.999 0.999
157.291667 158.291667   29.24 0.000  0.40 0.000 0.022 0.000000 99.99 0.259000 0.027 0.559000  0.794 0.000  1.112 0.000 999.99 0.259000   5.636 0.000   2.673 0.000   2.962 0.000 0.019 0.000 0.152 0.559
160.291667 161.291667   91.45 0.559  0.28 0.559 9.999 0.559259 99.99 0.559259 0.049 0.559000  0.956 0.000  1.339 0.000 999.99 0.559259  11.780 0.000   6.681 0.000   5.099 0.559 0.077 0.559 0.127 0.559
163.291667 164.291667   31.65 0.559  0.39 0.559 9.999 0.559259 99.99 0.559259 0.042 0.000000  1.054 0.000  1.476 0.000 999.99 0.559259   6.254 0.000   2.205 0.000   4.048 0.559 0.023 0.559 0.242 0.000
166.291667 167.291667   39.77 0.000  0.35 0.000 9.999 0.259000 99.99 0.259000 0.024 0.559000  0.845 0.000  1.182 0.000 999.99 0.259000   5.620 0.000   2.674 0.000   2.946 0.000 0.027 0.000 0.187 0.559
169.291667 170.291667  515.48 0.559  1.34 0.559 9.999 0.559259  4.60 0.559000 0.031 0.000000  0.822 0.000  1.151 0.000 999.99 0.559259   6.479 0.000 999.999 0.259   6.645 0.559 0.290 0.559 0.115 0.000
172.291667 173.291667  102.72 0.699  0.52 0.699 9.999 0.699259 99.99 0.699259 0.064 0.000000  3.934 0.000  5.507 0.000 999.99 0.699259  28.765 0.000  16.117 0.000  12.647 0.699 0.115 0.699 0.270 0.000
175.291667 176.291667   67.75 0.559  0.56 0.559 9.999 0.559259 99.99 0.559259 0.043 0.559000  1.994 0.000  2.791 0.000 999.99 0.559259  10.472 0.000   3.454 0.000   7.018 0.559 0.063 0.559 0.269 0.559
178.291667 179.291667 9999.99 0.999 99.99 0.999 9.999 0.999000 99.99 0.999000 9.999 0.999000 99.999 0.999 99.999 0.999 999.99 0.999000 999.999 0.999 999.999 0.999 999.999 0.999 9.999 0.999 9.999 0.999
181.291667 182.291667 9999.99 0.999 99.99 0.999 9.999 0.999000 99.99 0.999000 9.999 0.999000 99.999 0.999 99.999 0.999 999.99 0.999000 999.999 0.999 999.999 0.999 999.999 0.999 9.999 0.999 9.999 0.999
184.291667 185.291667   66.43 0.699  0.69 0.699 9.999 0.699259 99.99 0.699259 0.026 0.559000  2.432 0.000  3.405 0.000 999.99 0.699259   8.384 0.000   0.957 0.000   7.427 0.699 0.090 0.699 0.249 0.559
187.291667 188.291667   54.33 0.559  0.43 0.559 9.999 0.559259 99.99 0.559259 0.036 0.559000  1.228 0.000  1.719 0.000 999.99 0.559259   7.625 0.000   3.170 0.000   4.455 0.559 0.038 0.559 0.257 0.559
190.291667 191.291667   63.73 0.559  0.23 0.559 0.047 0.559000 99.99 0.559259 0.068 0.559000  1.314 0.000  1.839 0.000 999.99 0.559259   8.861 0.000   3.771 0.000   5.090 0.559 0.042 0.559 0.241 0.559
193.291667 194.291667  125.84 0.559  0.26 0.559 9.999 0.559259 99.99 0.559259 0.011 0.559000  1.840 0.000  2.577 0.000 999.99 0.559259  11.827 0.000   5.972 0.000   5.855 0.559 0.053 0.559 0.093 0.559
196.291667 197.291667   90.61 0.699  0.59 0.699 9.999 0.699259 99.99 0.699259 0.054 0.000000  3.497 0.000  4.896 0.000 999.99 0.699259  13.158 0.000   3.975 0.000   9.182 0.699 0.104 0.699 0.255 0.000
199.291667 200.291667   75.51 0.559  0.25 0.559 9.999 0.559259  0.19 0.559000 0.023 0.559000  2.477 0.000  3.468 0.000 999.99 0.559259   8.934 0.000   1.070 0.000   7.864 0.559 0.060 0.559 0.278 0.559
202.291667 203.291667   35.32 0.699  0.11 0.699 9.999 0.699259 99.99 0.699259 0.177 0.559000  1.869 0.000  2.617 0.000 999.99 0.699259   8.420 0.000   1.439 0.000   6.980 0.699 0.027 0.699 0.450 0.559
205.291667 206.291667   25.08 0.559  0.26 0.559 0.043 0.559000 99.99 0.559259 0.024 0.559000  0.948 0.000  1.328 0.000 999.99 0.559259   4.811 0.000   1.109 0.000   3.701 0.559 0.030 0.559 0.208 0.559
208.291667 209.291667   35.85 0.559  0.28 0.559 9.999 0.559259 99.99 0.559259 0.026 0.559000  1.211 0.000  1.696 0.000 999.99 0.559259   6.691 0.000   2.458 0.000   4.233 0.559 0.034 0.559 0.145 0.559
211.291667 212.291667   62.77 0.699  0.56 0.699 9.999 0.699259  0.10 0.699000 0.038 0.559000  2.686 0.000  3.760 0.000 999.99 0.699259  10.739 0.000   3.230 0.000   7.508 0.699 0.067 0.699 0.135 0.559
214.291667 215.291667   39.32 0.559  0.23 0.559 9.999 0.559259 99.99 0.559259 0.039 0.559000  1.369 0.000  1.917 0.000 999.99 0.559259   6.836 0.000   1.287 0.000   5.549 0.559 0.048 0.559 0.280 0.559
217.291667 218.291667   10.31 0.000  0.17 0.000 9.999 0.259000  0.13 0.000000 0.013 0.559000  0.420 0.000  0.589 0.000 999.99 0.259000   2.604 0.000   0.720 0.000   1.884 0.000 0.011 0.000 0.139 0.559
220.291667 221.291667   37.31 0.699  0.33 0.699 9.999 0.699259  0.12 0.699000 0.021 0.559000  0.678 0.000  0.949 0.000 999.99 0.699259   6.040 0.000   2.890 0.000   3.150 0.699 0.033 0.699 0.093 0.559
223.291667 224.291667   45.84 0.559  0.20 0.559 0.032 0.559000  0.13 0.559000 0.054 0.000000  0.994 0.000  1.391 0.000 999.99 0.559259   7.088 0.000   3.200 0.000   3.889 0.559 0.032 0.559 0.126 0.000
226.291667 227.291667   63.00 0.559  0.31 0.559 9.999 0.559259 99.99 0.559259 0.011 0.559000  0.720 0.000  1.008 0.000 999.99 0.559259   7.875 0.000   4.982 0.000   2.893 0.559 0.040 0.559 0.048 0.559
229.291667 230.291667  106.25 0.699  0.35 0.699 9.999 0.699259 99.99 0.699259 0.060 0.000000  4.707 0.000  6.590 0.000 999.99 0.699259  17.670 0.000   4.626 0.000  13.044 0.699 0.112 0.699 0.114 0.000
232.291667 233.291667   46.73 0.559  0.23 0.559 9.999 0.559259 99.99 0.559259 0.026 0.559000  0.800 0.000  1.120 0.000 999.99 0.559259   5.163 0.000   1.553 0.000   3.610 0.559 0.039 0.559 0.155 0.559
235.291667 236.291667   32.66 0.559  0.24 0.559 9.999 0.559259  0.15 0.559000 0.037 0.000000  0.919 0.000  1.286 0.000 999.99 0.559259   6.035 0.000   2.900 0.000   3.135 0.559 0.031 0.559 0.198 0.000
