scripts/IMPROVE-2019_partial/data/US0015R.20110103070000.20191216000000.filterpack...1y.3d.US03L_filterpack_US0015.US03L_IMPROVE_Davis.lev2.nas
51 1001
MISSING INFORMATION
US03L, IMPROVE, , , , , , , 
MISSING INFORMATION
IMPROVE sel_HTAP
1 1
2011 01 01 2019 12 16
3.000000
days from file reference point
4
1 1 1 1
999.999999 9999.999 999.999 9.999
end_time of measurement, days from the file reference point
pm10_mass, ug/m3, Matrix=pm10
pm25_mass, ug/m3, Matrix=pm25
numflag, no unit
0
33
Data definition:              EBAS_1.1
Set type code:                TU
Timezone:                     UTC
File name:                    US0015R.20110103070000.20191216000000.filterpack...1y.3d.US03L_filterpack_US0015.US03L_IMPROVE_Davis.lev2.nas
File creation:                20191218115625
Startdate:                    20110103070000
Revision date:                20191216000000
Version:                      2
Version description:          "Data extracted from http://views.cira.colostate.edu/fed/DataWizard 2019-12-16"
Statistics:                   arithmetic mean
Data level:                   2
Period code:                  1y
Resolution code:              3d
Sample duration:              1d
Orig. time res.:              3d
Station code:                 US0015R
Platform code:                US0015S
Station name:                 Ike's Backbone
Station latitude:             34.3405
Station longitude:            -111.6832
Station altitude:             1297.0 m
Regime:                       IMG
Component:                    
Unit:                         ug/m3
Matrix:                       
Laboratory code:              US03L
Instrument type:              filterpack
Instrument name:              filterpack_US0015
Method ref:                   US03L_IMPROVE_Davis
Blank correction:             Blank corrected
Volume std. temperature:      ambient
Volume std. pressure:         ambient
starttime endtime PM10 PM2.5 flag
  2.291667   3.291667    2.792   2.223 0.000
  5.291667   6.291667    2.041   1.664 0.000
  8.291667   9.291667    6.262   3.384 0.000
 11.291667  12.291667    3.417   1.673 0.000
 14.291667  15.291667    2.220   0.733 0.000
 17.291667  18.291667    5.701   1.854 0.000
 20.291667  21.291667    3.172   0.913 0.000
 23.291667  24.291667    2.016   0.952 0.000
 26.291667  27.291667    2.863   1.154 0.000
 29.291667  30.291667    5.995   2.358 0.000
 32.291667  33.291667    5.027   1.420 0.000
 35.291667  36.291667    6.007   2.335 0.000
 38.291667  39.291667   12.635   2.843 0.000
 41.291667  42.291667    2.630   1.090 0.000
 44.291667  45.291667    4.601   1.899 0.000
 47.291667  48.291667   12.899   3.135 0.000
 50.291667  51.291667    0.869   0.525 0.000
 53.291667  54.291667    3.973   1.683 0.000
 56.291667  57.291667   10.451   2.623 0.000
 59.291667  60.291667    2.686   2.058 0.000
 62.291667  63.291667    4.466   2.156 0.000
 65.291667  66.291667   17.697   3.668 0.000
 68.291667  69.291667    6.888   2.833 0.000
 71.291667  72.291667    7.059   2.822 0.000
 74.291667  75.291667   10.437   3.440 0.000
 77.291667  78.291667   27.258  12.034 0.000
 80.291667  81.291667    3.614   1.552 0.000
 83.291667  84.291667   19.642  10.158 0.000
 86.291667  87.291667    9.997   3.633 0.000
 89.291667  90.291667    2.756   1.109 0.000
 92.291667  93.291667    9.025   3.176 0.000
 95.291667  96.291667   10.401   2.755 0.000
 98.291667  99.291667    3.877   1.044 0.000
101.291667 102.291667    5.679   1.980 0.000
104.291667 105.291667   24.302  12.759 0.000
107.291667 108.291667   13.930   5.419 0.000
110.291667 111.291667    9.670   4.061 0.000
113.291667 114.291667   17.370   5.866 0.000
116.291667 117.291667    5.202   2.165 0.000
119.291667 120.291667    8.713   2.862 0.000
122.291667 123.291667    8.380   3.463 0.000
125.291667 126.291667   13.256   5.136 0.000
128.291667 129.291667   18.047   4.566 0.000
131.291667 132.291667    4.363   1.945 0.000
134.291667 135.291667   12.579   4.348 0.000
137.291667 138.291667   11.793   3.227 0.000
140.291667 141.291667    7.340   3.061 0.000
143.291667 144.291667   23.122   7.607 0.000
146.291667 147.291667   12.710   3.607 0.000
149.291667 150.291667    9.029   1.911 0.000
152.291667 153.291667    9.387   4.564 0.000
155.291667 156.291667    8.925   4.359 0.000
158.291667 159.291667   12.437   3.760 0.000
161.291667 162.291667   11.486   5.128 0.000
164.291667 165.291667   10.726   4.362 0.000
167.291667 168.291667   15.642   5.671 0.000
170.291667 171.291667    5.288   2.568 0.000
173.291667 174.291667   12.443   5.577 0.000
176.291667 177.291667   10.617   4.616 0.000
179.291667 180.291667   28.022   8.925 0.000
182.291667 183.291667   10.358   4.005 0.000
185.291667 186.291667  182.172  32.412 0.000
188.291667 189.291667   16.706   7.378 0.000
191.291667 192.291667    7.744   4.077 0.000
194.291667 195.291667   11.918   3.644 0.000
197.291667 198.291667    7.866   3.647 0.000
200.291667 201.291667   23.445   7.751 0.000
203.291667 204.291667   13.485   5.302 0.000
206.291667 207.291667    8.155   3.771 0.000
209.291667 210.291667    5.889   3.435 0.000
212.291667 213.291667    6.447   3.830 0.000
215.291667 216.291667    6.828   4.070 0.000
218.291667 219.291667   16.160   5.802 0.000
221.291667 222.291667   10.394   3.742 0.000
224.291667 225.291667   11.678   5.047 0.000
227.291667 228.291667   10.351   4.287 0.000
230.291667 231.291667   38.172   9.351 0.000
233.291667 234.291667    8.778   4.691 0.000
236.291667 237.291667    5.112   3.085 0.000
239.291667 240.291667    9.926   4.816 0.000
242.291667 243.291667   22.556  14.446 0.000
245.291667 246.291667   22.828   7.159 0.000
248.291667 249.291667    8.537   6.250 0.000
251.291667 252.291667    5.218   3.021 0.000
254.291667 255.291667 9999.999 999.999 0.999
257.291667 258.291667    7.598   4.200 0.000
260.291667 261.291667    6.809   3.319 0.000
263.291667 264.291667    6.385   2.755 0.000
266.291667 267.291667    6.425   2.896 0.000
269.291667 270.291667   33.598   7.095 0.000
272.291667 273.291667   15.743   5.463 0.000
275.291667 276.291667    8.801   3.017 0.000
278.291667 279.291667    7.978   2.191 0.000
281.291667 282.291667    1.236   0.701 0.000
284.291667 285.291667    3.145   2.242 0.000
287.291667 288.291667    5.727   2.727 0.000
290.291667 291.291667    4.737   2.177 0.000
293.291667 294.291667   12.639   4.707 0.000
296.291667 297.291667   10.814   4.053 0.000
299.291667 300.291667   17.600   3.728 0.000
302.291667 303.291667    7.262   2.901 0.000
305.291667 306.291667    4.994   1.822 0.000
308.291667 309.291667    1.975   1.078 0.000
311.291667 312.291667    2.807   2.038 0.000
314.291667 315.291667    6.042   2.964 0.000
317.291667 318.291667    1.913   1.938 0.000
320.291667 321.291667    4.152   2.436 0.000
323.291667 324.291667    8.775   3.289 0.000
326.291667 327.291667    3.730   1.939 0.000
329.291667 330.291667    4.953   2.065 0.000
332.291667 333.291667    4.548   2.494 0.000
335.291667 336.291667   10.034   4.311 0.000
338.291667 339.291667    3.561   2.083 0.000
341.291667 342.291667    4.082   3.277 0.000
344.291667 345.291667    5.547   3.354 0.000
347.291667 348.291667    0.419   0.789 0.000
350.291667 351.291667    3.475   3.104 0.000
353.291667 354.291667    2.461   1.911 0.000
356.291667 357.291667    2.740   1.000 0.000
359.291667 360.291667    3.060   1.579 0.000
362.291667 363.291667    3.615   1.644 0.000
