scripts/IMPROVE-2019_partial/data/US0061R.20110103050000.20191216000000.filterpack...1y.3d.US03L_filterpack_US0061.US03L_IMPROVE_Davis.lev2.nas
52 1001
MISSING INFORMATION
US03L, IMPROVE, , , , , , , 
MISSING INFORMATION
IMPROVE sel_HTAP
1 1
2011 01 01 2019 12 16
3.000000
days from file reference point
5
1 1 1 1 1
999.999999 9999.999 9.999 999.999 9.999
end_time of measurement, days from the file reference point
pm10_mass, ug/m3, Matrix=pm10
numflag pm10_mass, no unit, Matrix=pm10
pm25_mass, ug/m3, Matrix=pm25
numflag pm25_mass, no unit, Matrix=pm25
0
33
Data definition:              EBAS_1.1
Set type code:                TU
Timezone:                     UTC
File name:                    US0061R.20110103050000.20191216000000.filterpack...1y.3d.US03L_filterpack_US0061.US03L_IMPROVE_Davis.lev2.nas
File creation:                20191218115920
Startdate:                    20110103050000
Revision date:                20191216000000
Version:                      2
Version description:          "Data extracted from http://views.cira.colostate.edu/fed/DataWizard 2019-12-16"
Statistics:                   arithmetic mean
Data level:                   2
Period code:                  1y
Resolution code:              3d
Sample duration:              1d
Orig. time res.:              3d
Station code:                 US0061R
Platform code:                US0061S
Station name:                 Brigantine NWR
Station latitude:             39.465
Station longitude:            -74.4492
Station altitude:             5.0 m
Regime:                       IMG
Component:                    
Unit:                         ug/m3
Matrix:                       
Laboratory code:              US03L
Instrument type:              filterpack
Instrument name:              filterpack_US0061
Method ref:                   US03L_IMPROVE_Davis
Blank correction:             Blank corrected
Volume std. temperature:      ambient
Volume std. pressure:         ambient
starttime endtime PM10 flag_PM10 PM2.5 flag_PM2.5
  2.208333   3.208333 9999.999 0.999 999.999 0.999
  5.208333   6.208333   72.917 0.000  15.206 0.000
  8.208333   9.208333   15.714 0.000   8.306 0.000
 11.208333  12.208333   86.699 0.000   9.981 0.000
 14.208333  15.208333   38.859 0.000  13.572 0.000
 17.208333  18.208333    6.406 0.000   3.557 0.000
 20.208333  21.208333    9.315 0.000   7.795 0.000
 23.208333  24.208333    7.987 0.000   5.222 0.000
 26.208333  27.208333   10.851 0.000   8.528 0.000
 29.208333  30.208333   17.283 0.000  15.645 0.000
 32.208333  33.208333    5.646 0.000   4.442 0.000
 35.208333  36.208333    5.030 0.000   3.466 0.000
 38.208333  39.208333    7.207 0.000   5.405 0.000
 41.208333  42.208333   16.267 0.000  11.752 0.000
 44.208333  45.208333   11.857 0.000   5.567 0.000
 47.208333  48.208333   25.878 0.000  10.767 0.000
 50.208333  51.208333    7.926 0.000   3.306 0.000
 53.208333  54.208333   19.129 0.000   7.478 0.000
 56.208333  57.208333    9.551 0.000   5.129 0.000
 59.208333  60.208333    9.318 0.000   5.036 0.000
 62.208333  63.208333   12.174 0.000   3.484 0.000
 65.208333  66.208333    3.404 0.000   2.088 0.000
 68.208333  69.208333   24.286 0.000   8.906 0.000
 71.208333  72.208333   12.109 0.000   8.181 0.000
 74.208333  75.208333   11.468 0.000   5.793 0.000
 77.208333  78.208333   11.705 0.000   4.857 0.000
 80.208333  81.208333    8.919 0.000   5.738 0.000
 83.208333  84.208333    8.196 0.000   4.921 0.000
 86.208333  87.208333    8.892 0.000   4.488 0.000
 89.208333  90.208333   16.662 0.000   3.633 0.000
 92.208333  93.208333   13.953 0.000   8.740 0.000
 95.208333  96.208333   11.545 0.000   5.131 0.000
 98.208333  99.208333   11.104 0.000   5.366 0.000
101.208333 102.208333   19.183 0.000  10.279 0.000
104.208333 105.208333   16.366 0.000   6.846 0.000
107.208333 108.208333   15.735 0.000   8.175 0.000
110.208333 111.208333    9.944 0.000   4.783 0.000
113.208333 114.208333   17.933 0.000  11.268 0.000
116.208333 117.208333   11.663 0.000   6.086 0.000
119.208333 120.208333    7.652 0.000   3.373 0.000
122.208333 123.208333   16.293 0.000   7.709 0.000
125.208333 126.208333   16.731 0.000   7.894 0.000
128.208333 129.208333   15.186 0.000   5.888 0.000
131.208333 132.208333   16.995 0.000   3.510 0.000
134.208333 135.208333   22.746 0.000  10.161 0.000
137.208333 138.208333   45.099 0.000   7.128 0.000
140.208333 141.208333   34.772 0.000   8.645 0.000
143.208333 144.208333   68.644 0.000  15.889 0.000
146.208333 147.208333   63.781 0.000  15.144 0.000
149.208333 150.208333   66.110 0.000  14.729 0.000
152.208333 153.208333   73.837 0.000   7.849 0.000
155.208333 156.208333   47.358 0.000   5.345 0.000
158.208333 159.208333   80.722 0.000  21.797 0.000
161.208333 162.208333  100.790 0.000  23.095 0.000
164.208333 165.208333  113.951 0.000   5.046 0.000
167.208333 168.208333  106.698 0.000  11.730 0.000
170.208333 171.208333  103.043 0.000   4.703 0.000
173.208333 174.208333   77.842 0.000  19.079 0.000
176.208333 177.208333   36.687 0.000  12.977 0.000
179.208333 180.208333 9999.999 0.456   9.016 0.000
182.208333 183.208333   42.744 0.000  10.614 0.000
185.208333 186.208333 9999.999 0.456 999.999 0.999
188.208333 189.208333   53.142 0.000  15.044 0.000
191.208333 192.208333   70.697 0.000  14.656 0.000
194.208333 195.208333   28.640 0.000   3.808 0.000
197.208333 198.208333   20.708 0.000   5.366 0.000
200.208333 201.208333   31.005 0.000  19.359 0.000
203.208333 204.208333   40.250 0.000  22.004 0.000
206.208333 207.208333   33.331 0.000  10.691 0.000
209.208333 210.208333   37.369 0.000  17.436 0.000
212.208333 213.208333   40.969 0.000  15.608 0.000
215.208333 216.208333   23.657 0.000   5.986 0.000
218.208333 219.208333   20.179 0.000  10.600 0.000
221.208333 222.208333   17.018 0.000   8.820 0.000
224.208333 225.208333   16.855 0.000   8.763 0.000
227.208333 228.208333   14.799 0.000   4.098 0.000
230.208333 231.208333   21.275 0.000   6.439 0.000
233.208333 234.208333   18.283 0.000   6.687 0.000
236.208333 237.208333   56.652 0.000  12.738 0.000
239.208333 240.208333 9999.999 0.999 999.999 0.999
242.208333 243.208333   39.252 0.000   6.290 0.000
245.208333 246.208333   48.200 0.000   6.152 0.000
248.208333 249.208333   27.843 0.000   2.843 0.000
251.208333 252.208333   22.952 0.000   6.804 0.000
254.208333 255.208333   24.385 0.000  10.423 0.000
257.208333 258.208333   20.960 0.000   9.108 0.000
260.208333 261.208333   15.556 0.000   2.434 0.000
263.208333 264.208333   11.144 0.000   3.825 0.000
266.208333 267.208333   13.588 0.000   5.372 0.000
269.208333 270.208333    4.825 0.000   2.524 0.000
272.208333 273.208333   18.881 0.000   9.619 0.000
275.208333 276.208333    7.223 0.000   2.904 0.000
278.208333 279.208333   21.774 0.000   3.314 0.000
281.208333 282.208333   31.605 0.000   9.808 0.000
284.208333 285.208333   22.944 0.000   4.696 0.000
287.208333 288.208333   14.678 0.000   3.677 0.000
290.208333 291.208333   24.932 0.000   6.958 0.000
293.208333 294.208333    8.281 0.000   2.370 0.000
296.208333 297.208333   19.752 0.000   9.288 0.000
299.208333 300.208333 9999.999 0.999 999.999 0.999
302.208333 303.208333    4.566 0.000   3.227 0.000
305.208333 306.208333   17.559 0.000   7.205 0.000
308.208333 309.208333    9.824 0.000   2.775 0.000
311.208333 312.208333   24.148 0.000  10.027 0.000
314.208333 315.208333   11.655 0.000   5.688 0.000
317.208333 318.208333   19.802 0.000   8.367 0.000
320.208333 321.208333    9.499 0.000   3.677 0.000
323.208333 324.208333   14.634 0.000   7.710 0.000
326.208333 327.208333    8.152 0.000   3.881 0.000
329.208333 330.208333   15.572 0.000   9.397 0.000
332.208333 333.208333   10.387 0.000   3.529 0.000
335.208333 336.208333   10.489 0.000   6.540 0.000
338.208333 339.208333    7.237 0.000   2.954 0.000
341.208333 342.208333   23.674 0.000   4.678 0.000
344.208333 345.208333   14.775 0.000   6.108 0.000
347.208333 348.208333   26.070 0.000  10.219 0.000
350.208333 351.208333   12.340 0.000   4.246 0.000
353.208333 354.208333   26.085 0.000 999.999 0.456
356.208333 357.208333   15.760 0.000   3.901 0.000
359.208333 360.208333   20.227 0.000   3.928 0.000
362.208333 363.208333   15.225 0.000   5.820 0.000
