scripts/IMPROVE-2019_partial/data/US0070R.20010101080000.20191216000000.filterpack..pm25.52w.1w.US03L_filterpack_US0070.US03L_IMPROVE_Davis.lev2.nas
66 1001
MISSING INFORMATION
US03L, IMPROVE, , , , , , , 
MISSING INFORMATION
IMPROVE sel_HTAP
1 1
2001 01 01 2019 12 16
3.000000
days from file reference point
27
1 1 1 1 1 1 1 1 1 1 1 1 1 1 1 1 1 1 1 1 1 1 1 1 1 1 1
999.999999 9999.99 9.999 99.99 9.999 9.999 9.999999 9.99 9.999999 9.999 9.999999 99.999 9.999 99.999 9.999 99.99 9.999999 999.999 9.999 99.999 9.999 99.999 9.999 9.999 9.999999 9.999 9.999999
end_time of measurement, days from the file reference point
iron, ng/m3, Revision date=20181210133000
numflag iron, no unit, Revision date=20181210133000
lead, ng/m3, Revision date=20181210133000
numflag lead, no unit, Revision date=20181210133000
magnesium, ug/m3, Revision date=20181210133000
numflag magnesium, no unit, Revision date=20181210133000
nickel, ng/m3, Revision date=20181210133000
numflag nickel, no unit, Revision date=20181210133000
nitrate, ug N/m3, Revision date=20181210133000
numflag nitrate, no unit, Revision date=20181210133000
organic_carbon, ug C/m3, Revision date=20181210133000
numflag organic_carbon, no unit, Revision date=20181210133000
organic_mass, ug/m3, Revision date=20181210133000
numflag organic_mass, no unit, Revision date=20181210133000
phosphorus, ng/m3, Revision date=20181210133000
numflag phosphorus, no unit, Revision date=20181210133000
pm10_mass, ug/m3, Version=2, Version description=Data extracted from http://views.cira.colostate.edu/fed/DataWizard 2019-12-16, Sample duration=1d, Orig. time res.=3d, Matrix=pm10, Blank correction=Blank corrected, Volume std. temperature=ambient, Volume std. pressure=ambient
numflag pm10_mass, no unit, Version=2, Version description=Data extracted from http://views.cira.colostate.edu/fed/DataWizard 2019-12-16, Sample duration=1d, Orig. time res.=3d, Matrix=pm10, Blank correction=Blank corrected, Volume std. temperature=ambient, Volume std. pressure=ambient
pm10_pm25_mass, ug/m3, Revision date=20181210133000, Matrix=pm10_pm25
numflag pm10_pm25_mass, no unit, Revision date=20181210133000, Matrix=pm10_pm25
pm25_mass, ug/m3, Version=2, Version description=Data extracted from http://views.cira.colostate.edu/fed/DataWizard 2019-12-16, Sample duration=1d, Orig. time res.=3d, Blank correction=Blank corrected, Volume std. temperature=ambient, Volume std. pressure=ambient
numflag pm25_mass, no unit, Version=2, Version description=Data extracted from http://views.cira.colostate.edu/fed/DataWizard 2019-12-16, Sample duration=1d, Orig. time res.=3d, Blank correction=Blank corrected, Volume std. temperature=ambient, Volume std. pressure=ambient
potassium, ug/m3, Revision date=20181210133000
numflag potassium, no unit, Revision date=20181210133000
sulphate_total, ug S/m3, Revision date=20181210133000
numflag sulphate_total, no unit, Revision date=20181210133000
0
25
Data definition:              EBAS_1.1
Set type code:                TU
Timezone:                     UTC
File name:                    US0070R.20010101080000.20191216000000.filterpack..pm25.52w.1w.US03L_filterpack_US0070.US03L_IMPROVE_Davis.lev2.nas
File creation:                20191218120009
Startdate:                    20010101080000
Revision date:                20191216000000
Statistics:                   arithmetic mean
Data level:                   2
Period code:                  52w
Resolution code:              1w
Station code:                 US0070R
Platform code:                US0070S
Station name:                 Crater Lake NP
Station latitude:             42.8958
Station longitude:            -122.1361
Station altitude:             1996.0 m
Regime:                       IMG
Component:                    
Matrix:                       pm25
Laboratory code:              US03L
Instrument type:              filterpack
Instrument name:              filterpack_US0070
Method ref:                   US03L_IMPROVE_Davis
starttime endtime Fe flag_Fe Pb flag_Pb Mg++ flag_Mg++ Ni flag_Ni NO3- flag_NO3- OC flag_OC OM flag_OM P flag_P PM10 flag_PM10 PM10-PM2.5 flag_PM10-PM2.5 PM2.5 flag_PM2.5 K+ flag_K+ SO4-- flag_SO4--
[from data line 79]
237.333333 238.333333   13.22 0.000  0.36 0.000 9.999 0.259000 9.99 0.259000 0.024 0.000000  1.101 0.000  1.542 0.000 99.99 0.259000   5.695 0.000  2.352 0.000  3.344 0.000 0.024 0.000000 0.133 0.000000
240.333333 241.333333   27.34 0.000  0.42 0.000 9.999 0.259000 9.99 0.259000 0.015 0.559000  0.888 0.000  1.243 0.000 99.99 0.259000   4.861 0.000  2.304 0.000  2.557 0.000 0.018 0.000000 0.150 0.559000
243.333333 244.333333    7.75 0.000  0.29 0.000 9.999 0.259000 9.99 0.259000 0.006 0.000000  0.663 0.000  0.928 0.000 99.99 0.259000   2.646 0.000  1.257 0.000  1.389 0.000 0.021 0.000000 0.076 0.000000
246.333333 247.333333 9999.99 0.456 99.99 0.456 9.999 0.456000 9.99 0.456000 9.999 0.456000 99.999 0.999 99.999 0.999 99.99 0.456000 999.999 0.456 99.999 0.999 99.999 0.456 9.999 0.456000 9.999 0.456000
249.333333 250.333333   13.32 0.394  0.25 0.394 9.999 0.394259 9.99 0.394259 0.059 0.559394  0.731 0.000  1.023 0.000 99.99 0.394259   6.293 0.000  4.695 0.000  1.598 0.000 0.020 0.394000 0.096 0.559394
252.333333 253.333333   42.76 0.000  0.71 0.000 9.999 0.259000 9.99 0.259000 0.031 0.000000  1.713 0.000  2.398 0.000 99.99 0.259000   9.599 0.000  4.810 0.000  4.788 0.000 0.039 0.000000 0.178 0.000000
255.333333 256.333333   39.26 0.000  0.25 0.000 9.999 0.259000 9.99 0.259000 0.065 0.559000  0.842 0.000  1.179 0.000 99.99 0.259000   4.519 0.000  1.152 0.000  3.367 0.000 0.026 0.000000 0.128 0.559000
258.333333 259.333333   29.90 0.000  0.53 0.000 0.016 0.000000 9.99 0.259000 0.042 0.000000  1.373 0.000  1.922 0.000 99.99 0.259000   5.921 0.000  0.895 0.000  5.026 0.000 0.025 0.000000 0.245 0.000000
261.333333 262.333333   23.33 0.000  0.63 0.000 9.999 0.259000 9.99 0.259000 0.008 0.000000  0.329 0.000  0.461 0.000 99.99 0.259000   2.400 0.000  0.641 0.000  1.758 0.000 0.015 0.000000 0.112 0.000000
264.333333 265.333333   25.53 0.000  0.75 0.000 9.999 0.259000 9.99 0.259000 0.015 0.559000  1.280 0.000  1.792 0.000 99.99 0.259000   5.317 0.000  2.138 0.000  3.179 0.000 0.022 0.000000 0.184 0.559000
267.333333 268.333333   17.09 0.000  0.46 0.000 9.999 0.259000 9.99 0.259000 0.008 0.000000  0.578 0.000  0.809 0.000 99.99 0.259000   2.622 0.000  0.648 0.000  1.975 0.000 0.012 0.000000 0.043 0.000000
270.333333 271.333333   10.13 0.000  0.30 0.000 9.999 0.259000 9.99 0.259000 0.016 0.000000  0.418 0.000  0.585 0.000 99.99 0.259000   2.668 0.000  0.053 0.000  2.615 0.000 9.999 0.259000 0.071 0.000000
273.333333 274.333333   13.63 0.000  0.57 0.000 9.999 0.259000 9.99 0.259000 0.010 0.559000  0.982 0.000  1.375 0.000 99.99 0.259000   4.072 0.000  0.510 0.000  3.562 0.000 0.010 0.000000 0.204 0.559000
276.333333 277.333333   15.14 0.000  0.46 0.000 9.999 0.259000 9.99 0.259000 0.013 0.559000  1.051 0.000  1.471 0.000 99.99 0.259000   4.971 0.000  2.199 0.000  2.772 0.000 0.017 0.000000 0.101 0.559000
279.333333 280.333333   17.98 0.000  0.78 0.000 9.999 0.259000 9.99 0.259000 0.017 0.559000  0.705 0.000  0.987 0.000 99.99 0.259000   3.618 0.000  1.003 0.000  2.616 0.000 0.022 0.000000 0.196 0.559000
282.333333 283.333333    5.69 0.000  0.25 0.000 9.999 0.259000 0.22 0.000000 0.010 0.559000  0.289 0.000  0.405 0.000 99.99 0.259000   1.617 0.000  0.107 0.000  1.510 0.000 0.010 0.000000 0.064 0.559000
285.333333 286.333333    5.25 0.000  0.26 0.000 9.999 0.259000 9.99 0.259000 0.003 0.000000  0.075 0.000  0.106 0.000 99.99 0.259000   1.243 0.000 99.999 0.259  1.340 0.000 0.005 0.000000 0.034 0.000000
288.333333 289.333333   11.00 0.000 99.99 0.259 9.999 0.259000 9.99 0.259000 0.051 0.000000  1.226 0.000  1.717 0.000 99.99 0.259000   4.825 0.000  2.104 0.000  2.720 0.000 0.024 0.000000 0.112 0.000000
291.333333 292.333333   46.31 0.394  1.33 0.394 9.999 0.394259 9.99 0.394259 0.020 0.394000  0.548 0.000  0.767 0.000 99.99 0.394259   5.042 0.000  2.034 0.000  3.008 0.000 0.022 0.394000 0.062 0.394000
294.333333 295.333333    9.62 0.000  0.34 0.000 9.999 0.259000 0.15 0.000000 0.004 0.000000  0.062 0.000  0.087 0.000 99.99 0.259000   0.475 0.000 99.999 0.259  0.543 0.000 0.008 0.000000 0.021 0.000000
297.333333 298.333333   27.09 0.000  0.33 0.000 9.999 0.259000 9.99 0.259000 0.010 0.000000  0.349 0.000  0.488 0.000 99.99 0.259000   1.681 0.000  0.593 0.000  1.089 0.000 0.028 0.000000 0.035 0.000000
300.333333 301.333333   28.02 0.000  0.83 0.000 9.999 0.259000 0.25 0.000000 0.131 0.000000  1.106 0.000  1.548 0.000 99.99 0.259000   4.703 0.000  0.622 0.000  4.081 0.000 0.048 0.000000 0.247 0.000000
303.333333 304.333333    2.51 0.000  0.12 0.000 9.999 0.259000 9.99 0.259000 0.004 0.000000 99.999 0.259 99.999 0.259 99.99 0.259000   0.402 0.000  0.107 0.000  0.295 0.000 0.004 0.000000 0.021 0.000000
306.333333 307.333333    7.40 0.000  0.53 0.000 9.999 0.259000 9.99 0.259000 0.005 0.000000  0.471 0.000  0.660 0.000 99.99 0.259000   2.705 0.000  0.833 0.000  1.872 0.000 0.013 0.000000 0.179 0.000000
309.333333 310.333333    4.48 0.000  0.36 0.000 9.999 0.259000 9.99 0.259000 0.006 0.000000  0.286 0.000  0.400 0.000 99.99 0.259000   1.477 0.000  0.414 0.000  1.063 0.000 0.009 0.000000 0.049 0.000000
312.333333 313.333333   16.82 0.000  0.65 0.000 9.999 0.259000 9.99 0.259000 0.017 0.000000  1.450 0.000  2.030 0.000 99.99 0.259000   5.401 0.000  1.210 0.000  4.192 0.000 0.021 0.000000 0.206 0.000000
315.333333 316.333333    1.94 0.000  0.22 0.000 9.999 0.259000 9.99 0.259000 0.011 0.000000  0.253 0.000  0.354 0.000 99.99 0.259000   0.551 0.000  0.167 0.000  0.384 0.000 0.010 0.000000 0.017 0.000000
318.333333 319.333333 9999.99 0.999 99.99 0.999 9.999 0.999000 9.99 0.999000 9.999 0.999000 99.999 0.999 99.999 0.999 99.99 0.999000 999.999 0.999 99.999 0.999 99.999 0.999 9.999 0.999000 9.999 0.999000
321.333333 322.333333 9999.99 0.999 99.99 0.999 9.999 0.999000 9.99 0.999000 9.999 0.999000 99.999 0.999 99.999 0.999 99.99 0.999000 999.999 0.999 99.999 0.999 99.999 0.999 9.999 0.999000 9.999 0.999000
324.333333 325.333333 9999.99 0.999 99.99 0.999 9.999 0.999000 9.99 0.999000 9.999 0.999000 99.999 0.999 99.999 0.999 99.99 0.999000 999.999 0.999 99.999 0.999 99.999 0.999 9.999 0.999000 9.999 0.999000
327.333333 328.333333 9999.99 0.999 99.99 0.999 9.999 0.999000 9.99 0.999000 9.999 0.999000 99.999 0.999 99.999 0.999 99.99 0.999000 999.999 0.999 99.999 0.999 99.999 0.999 9.999 0.999000 9.999 0.999000
330.333333 331.333333    1.26 0.000  0.12 0.000 9.999 0.259000 9.99 0.259000 0.006 0.000000  0.637 0.000  0.892 0.000 99.99 0.259000   1.486 0.000 99.999 0.259  1.584 0.000 0.006 0.000000 0.023 0.000000
333.333333 334.333333    1.42 0.000  0.12 0.000 9.999 0.259000 9.99 0.259000 0.007 0.000000 99.999 0.259 99.999 0.259 99.99 0.259000   1.874 0.000  1.326 0.000  0.548 0.000 0.006 0.000000 0.024 0.000000
336.333333 337.333333    1.41 0.000  0.14 0.000 9.999 0.259000 9.99 0.259000 0.011 0.000000  0.176 0.000  0.247 0.000 99.99 0.259000   0.992 0.000  0.328 0.000  0.664 0.000 0.005 0.000000 0.032 0.000000
339.333333 340.333333    1.09 0.000  0.16 0.000 9.999 0.259000 9.99 0.259000 0.016 0.000000  0.022 0.000  0.031 0.000 99.99 0.259000   0.845 0.000  0.353 0.000  0.492 0.000 0.003 0.000000 0.022 0.000000
342.333333 343.333333    1.66 0.000  0.28 0.000 9.999 0.259000 9.99 0.259000 0.010 0.000000  0.063 0.000  0.089 0.000 99.99 0.259000   0.551 0.000  0.047 0.000  0.504 0.000 0.003 0.000000 0.028 0.000000
345.333333 346.333333    0.73 0.000  0.17 0.000 9.999 0.259000 9.99 0.259000 9.999 0.559259  0.016 0.000  0.023 0.000  3.28 0.000000 999.999 0.259 99.999 0.259  0.146 0.000 9.999 0.259000 0.002 0.559000
348.333333 349.333333    0.24 0.000  0.17 0.000 9.999 0.259000 9.99 0.259000 9.999 0.559259  0.059 0.000  0.082 0.000 99.99 0.259000   0.110 0.000  0.080 0.000  0.030 0.000 9.999 0.259000 0.001 0.559000
351.333333 352.333333    2.28 0.000  0.14 0.000 9.999 0.259000 9.99 0.259000 0.003 0.559000  0.184 0.000  0.257 0.000 99.99 0.259000   0.817 0.000  0.337 0.000  0.480 0.000 0.004 0.000000 0.018 0.559000
354.333333 355.333333    0.74 0.000 99.99 0.259 9.999 0.259000 9.99 0.259000 0.014 0.559000  0.194 0.000  0.272 0.000 99.99 0.259000   0.478 0.000  0.122 0.000  0.356 0.000 9.999 0.259000 0.009 0.559000
357.333333 358.333333    0.67 0.000  0.14 0.000 0.013 0.000000 9.99 0.259000 0.009 0.559000  0.082 0.000  0.115 0.000 99.99 0.259000   0.661 0.000  0.251 0.000  0.410 0.000 9.999 0.259000 0.022 0.559000
360.333333 361.333333 9999.99 0.999 99.99 0.999 9.999 0.999000 9.99 0.999000 9.999 0.999000 99.999 0.999 99.999 0.999 99.99 0.999000 999.999 0.999 99.999 0.999 99.999 0.999 9.999 0.999000 9.999 0.999000
363.333333 364.333333    0.94 0.000  0.16 0.000 9.999 0.259000 0.05 0.000000 9.999 0.259000  0.064 0.000  0.090 0.000 99.99 0.259000   0.257 0.000  0.074 0.000  0.183 0.000 0.003 0.000000 0.005 0.000000
