scripts/IMPROVE-2019_partial/data/US0070R.19970101080000.20191216000000.filterpack...1y.3d.US03L_filterpack_US0070.US03L_IMPROVE_Davis.lev2.nas
52 1001
MISSING INFORMATION
US03L, IMPROVE, , , , , , , 
MISSING INFORMATION
IMPROVE sel_HTAP
1 1
1997 01 01 2019 12 16
0
days from file reference point
5
1 1 1 1 1
999.999999 999.999 9.999 99.999 9.999
end_time of measurement, days from the file reference point
pm10_mass, ug/m3, Matrix=pm10
numflag pm10_mass, no unit, Matrix=pm10
pm25_mass, ug/m3, Matrix=pm25
numflag pm25_mass, no unit, Matrix=pm25
0
33
Data definition:              EBAS_1.1
Set type code:                TI
Timezone:                     UTC
File name:                    US0070R.19970101080000.20191216000000.filterpack...1y.3d.US03L_filterpack_US0070.US03L_IMPROVE_Davis.lev2.nas
File creation:                20191218120008
Startdate:                    19970101080000
Revision date:                20191216000000
Version:                      2
Version description:          "Data extracted from http://views.cira.colostate.edu/fed/DataWizard 2019-12-16"
Statistics:                   arithmetic mean
Data level:                   2
Period code:                  1y
Resolution code:              3d
Sample duration:              1d
Orig. time res.:              3d
Station code:                 US0070R
Platform code:                US0070S
Station name:                 Crater Lake NP
Station latitude:             42.8958
Station longitude:            -122.1361
Station altitude:             1996.0 m
Regime:                       IMG
Component:                    
Unit:                         ug/m3
Matrix:                       
Laboratory code:              US03L
Instrument type:              filterpack
Instrument name:              filterpack_US0070
Method ref:                   US03L_IMPROVE_Davis
Blank correction:             Blank corrected
Volume std. temperature:      ambient
Volume std. pressure:         ambient
starttime endtime PM10 flag_PM10 PM2.5 flag_PM2.5
  0.333333   1.333333 999.999 0.999 99.999 0.999
  3.333333   4.333333   1.663 0.000  1.744 0.000
  7.333333   8.333333 999.999 0.999 99.999 0.999
 10.333333  11.333333 999.999 0.999 99.999 0.999
 14.333333  15.333333   3.077 0.000  3.024 0.000
 17.333333  18.333333   2.911 0.000  1.646 0.000
 21.333333  22.333333  12.451 0.000  1.227 0.000
 24.333333  25.333333 999.999 0.999 99.999 0.999
 28.333333  29.333333  12.566 0.000  1.201 0.000
 31.333333  32.333333   3.638 0.000  0.422 0.000
 35.333333  36.333333   4.873 0.000  1.038 0.000
 38.333333  39.333333   1.284 0.000  0.584 0.000
 42.333333  43.333333   1.653 0.000  1.867 0.000
 45.333333  46.333333   2.315 0.000  1.540 0.000
 49.333333  50.333333  15.594 0.000  0.649 0.000
 52.333333  53.333333   2.744 0.000  1.769 0.000
 56.333333  57.333333   2.137 0.000  1.363 0.000
 59.333333  60.333333   3.493 0.000  0.852 0.000
 63.333333  64.333333 999.999 0.999 99.999 0.999
 66.333333  67.333333 999.999 0.999 99.999 0.999
 70.333333  71.333333   6.904 0.000  0.779 0.000
 73.333333  74.333333   4.142 0.000  0.819 0.000
 77.333333  78.333333   4.630 0.000  2.921 0.000
 80.333333  81.333333   4.670 0.000  2.129 0.000
 84.333333  85.333333   3.886 0.000  3.406 0.000
 87.333333  88.333333   7.482 0.000  3.505 0.000
 91.333333  92.333333  13.765 0.000  1.752 0.000
 94.333333  95.333333   4.671 0.000  2.207 0.000
 98.333333  99.333333   8.203 0.000  1.980 0.000
101.333333 102.333333  12.671 0.000  6.224 0.000
105.333333 106.333333   8.791 0.000  2.719 0.000
108.333333 109.333333   2.489 0.000  0.547 0.000
112.333333 113.333333   0.758 0.000  0.420 0.000
115.333333 116.333333   3.113 0.000  1.989 0.000
119.333333 120.333333   4.340 0.000  2.016 0.000
122.333333 123.333333   7.931 0.000  3.200 0.000
126.333333 127.333333   6.871 0.000  6.723 0.000
129.333333 130.333333  15.132 0.000  7.327 0.000
133.333333 134.333333  11.834 0.000  4.191 0.000
136.333333 137.333333   3.418 0.000  1.805 0.000
140.333333 141.333333   5.113 0.000  5.184 0.000
143.333333 144.333333   3.228 0.000  1.332 0.000
147.333333 148.333333   2.483 0.000  0.810 0.000
150.333333 151.333333   2.405 0.000  1.173 0.000
154.333333 155.333333   6.831 0.000  0.755 0.000
157.333333 158.333333   8.159 0.000  2.254 0.000
161.333333 162.333333   7.542 0.000  4.038 0.000
164.333333 165.333333   4.779 0.000  2.638 0.000
168.333333 169.333333   2.671 0.000  3.046 0.000
171.333333 172.333333   3.587 0.000  1.888 0.000
175.333333 176.333333   5.397 0.000  1.752 0.000
178.333333 179.333333   4.325 0.000  4.348 0.000
182.333333 183.333333   2.877 0.000  2.080 0.000
185.333333 186.333333   7.635 0.000  5.064 0.000
189.333333 190.333333   4.308 0.000  0.894 0.000
192.333333 193.333333   6.313 0.000  1.774 0.000
196.333333 197.333333   9.789 0.000  2.772 0.000
199.333333 200.333333  12.227 0.000  3.361 0.000
203.333333 204.333333   6.229 0.000  3.239 0.000
206.333333 207.333333   9.915 0.000  3.581 0.000
210.333333 211.333333   6.615 0.000  6.757 0.000
213.333333 214.333333   9.064 0.000  5.505 0.000
217.333333 218.333333  13.774 0.000  7.550 0.000
220.333333 221.333333   7.860 0.000  4.651 0.000
224.333333 225.333333   9.888 0.000  5.387 0.000
227.333333 228.333333   8.730 0.000  4.438 0.000
231.333333 232.333333   7.260 0.000  2.112 0.000
234.333333 235.333333   5.800 0.000  2.880 0.000
238.333333 239.333333 999.999 0.999  1.090 0.000
241.333333 242.333333   7.376 0.000  3.139 0.000
245.333333 246.333333   7.600 0.000  3.771 0.000
248.333333 249.333333   3.947 0.000  2.276 0.000
252.333333 253.333333 999.999 0.999 99.999 0.999
255.333333 256.333333   6.550 0.000  2.423 0.000
259.333333 260.333333 999.999 0.999 99.999 0.999
262.333333 263.333333 999.999 0.999 99.999 0.999
266.333333 267.333333   7.773 0.000  3.930 0.000
269.333333 270.333333 999.999 0.999 99.999 0.999
273.333333 274.333333 999.999 0.999 99.999 0.999
276.333333 277.333333   2.302 0.000  1.282 0.000
280.333333 281.333333   2.181 0.000  2.146 0.000
283.333333 284.333333   1.727 0.000 99.999 0.259
287.333333 288.333333   4.665 0.000  2.188 0.000
290.333333 291.333333   5.093 0.000  3.694 0.000
294.333333 295.333333   5.756 0.000  2.955 0.000
297.333333 298.333333   8.855 0.000  3.652 0.000
301.333333 302.333333   4.204 0.000  1.092 0.000
304.333333 305.333333   3.904 0.000  0.932 0.000
308.333333 309.333333  13.507 0.000  3.319 0.000
311.333333 312.333333 999.999 0.999 99.999 0.999
315.333333 316.333333   6.746 0.000  5.751 0.000
318.333333 319.333333   1.786 0.000  1.510 0.000
322.333333 323.333333   5.501 0.000  0.658 0.000
325.333333 326.333333   4.643 0.000  2.384 0.000
329.333333 330.333333   0.928 0.000  0.515 0.000
332.333333 333.333333   2.154 0.000  0.576 0.000
336.333333 337.333333   3.191 0.000  2.547 0.000
339.333333 340.333333   1.089 0.000  0.914 0.000
343.333333 344.333333 999.999 0.999 99.999 0.999
346.333333 347.333333   2.937 0.000  1.721 0.000
350.333333 351.333333 999.999 0.999 99.999 0.999
353.333333 354.333333   0.913 0.000  0.344 0.000
357.333333 358.333333   8.364 0.000  0.551 0.000
360.333333 361.333333   0.422 0.000  0.485 0.000
364.333333 365.333333   4.841 0.000  1.333 0.000
