scripts/IMPROVE-2019_partial/data/US0058R.20100102060000.20191216000000.filterpack...52w.3d.US03L_filterpack_US0058.US03L_IMPROVE_Davis.lev2.nas
52 1001
MISSING INFORMATION
US03L, IMPROVE, , , , , , , 
MISSING INFORMATION
IMPROVE sel_HTAP
1 1
2010 01 01 2019 12 16
3.00
days from file reference point
5
1 1 1 1 1
999.99 999.999 9.999 999.999 9.999
end_time of measurement, days from the file reference point
pm10_mass, ug/m3, Matrix=pm10
numflag pm10_mass, no unit, Matrix=pm10
pm25_mass, ug/m3, Matrix=pm25
numflag pm25_mass, no unit, Matrix=pm25
0
33
Data definition:              EBAS_1.1
Set type code:                TU
Timezone:                     UTC
File name:                    US0058R.20100102060000.20191216000000.filterpack...52w.3d.US03L_filterpack_US0058.US03L_IMPROVE_Davis.lev2.nas
File creation:                20191218115904
Startdate:                    20100102060000
Revision date:                20191216000000
Version:                      2
Version description:          "Data extracted from http://views.cira.colostate.edu/fed/DataWizard 2019-12-16"
Statistics:                   arithmetic mean
Data level:                   2
Period code:                  52w
Resolution code:              3d
Sample duration:              1d
Orig. time res.:              3d
Station code:                 US0058R
Platform code:                US0058S
Station name:                 Lostwood
Station latitude:             48.6419
Station longitude:            -102.4022
Station altitude:             696.0 m
Regime:                       IMG
Component:                    
Unit:                         ug/m3
Matrix:                       
Laboratory code:              US03L
Instrument type:              filterpack
Instrument name:              filterpack_US0058
Method ref:                   US03L_IMPROVE_Davis
Blank correction:             Blank corrected
Volume std. temperature:      ambient
Volume std. pressure:         ambient
starttime endtime PM10 flag_PM10 PM2.5 flag_PM2.5
  1.25   2.25  10.801 0.000   8.472 0.000
  4.25   5.25  12.078 0.000   9.511 0.000
  7.25   8.25   5.474 0.000   4.760 0.000
 10.25  11.25   4.756 0.000   4.021 0.000
 13.25  14.25   6.589 0.000   5.322 0.000
 16.25  17.25   4.356 0.000   2.926 0.000
 19.25  20.25  15.162 0.000  14.971 0.000
 22.25  23.25   1.452 0.000   1.343 0.000
 25.25  26.25   1.703 0.000   2.173 0.000
 28.25  29.25   8.920 0.000  13.140 0.000
 31.25  32.25   1.944 0.000   3.002 0.000
 34.25  35.25  11.439 0.000  11.348 0.000
 37.25  38.25   7.817 0.000   7.065 0.000
 40.25  41.25   6.537 0.000   6.031 0.000
 43.25  44.25   7.279 0.000   6.494 0.000
 46.25  47.25   4.385 0.000   2.223 0.000
 49.25  50.25   8.323 0.000   6.891 0.000
 52.25  53.25   8.221 0.000   5.841 0.000
 55.25  56.25  14.104 0.000  11.499 0.000
 58.25  59.25   8.363 0.000   6.952 0.000
 61.25  62.25   7.939 0.000   7.360 0.000
 64.25  65.25 999.999 0.999 999.999 0.999
 67.25  68.25   3.425 0.000   2.867 0.000
 70.25  71.25   6.368 0.000   4.685 0.000
 73.25  74.25   6.433 0.000   2.908 0.000
 76.25  77.25   5.494 0.000   2.413 0.000
 79.25  80.25   9.073 0.000   2.704 0.000
 82.25  83.25   7.523 0.000   4.519 0.000
 85.25  86.25  13.710 0.000   7.603 0.000
 88.25  89.25   8.549 0.000   2.319 0.000
 91.25  92.25   9.182 0.000   2.893 0.000
 94.25  95.25  13.835 0.000   3.179 0.000
 97.25  98.25  16.077 0.000   2.701 0.000
100.25 101.25  12.915 0.000   3.113 0.000
103.25 104.25   4.094 0.000   1.582 0.000
106.25 107.25  13.854 0.000   5.198 0.000
109.25 110.25  26.196 0.000   8.860 0.000
112.25 113.25  38.911 0.000  10.873 0.000
115.25 116.25   3.894 0.000   2.971 0.000
118.25 119.25   4.490 0.000   1.095 0.000
121.25 122.25   1.719 0.000   1.036 0.000
124.25 125.25   1.592 0.000   1.052 0.000
127.25 128.25   7.136 0.000   3.609 0.000
130.25 131.25   9.504 0.000   4.873 0.000
133.25 134.25  16.664 0.000   4.626 0.000
136.25 137.25  18.624 0.000   5.856 0.000
139.25 140.25  35.689 0.000   8.641 0.000
142.25 143.25   7.614 0.000   2.079 0.000
145.25 146.25   6.457 0.000   2.067 0.000
148.25 149.25   3.893 0.000   1.423 0.000
151.25 152.25   6.454 0.000   2.385 0.000
154.25 155.25   9.287 0.000   2.336 0.000
157.25 158.25  19.136 0.000   4.508 0.000
160.25 161.25   5.384 0.000   2.666 0.000
163.25 164.25   5.672 0.000   2.707 0.000
166.25 167.25  27.030 0.000   9.512 0.000
169.25 170.25  15.524 0.000  10.287 0.000
172.25 173.25   9.011 0.000   2.463 0.000
175.25 176.25   9.541 0.000   4.443 0.000
178.25 179.25   9.792 0.000   4.276 0.000
181.25 182.25  11.869 0.000 999.999 0.456
184.25 185.25   6.343 0.000   1.933 0.000
187.25 188.25 999.999 0.999 999.999 0.999
190.25 191.25  16.031 0.000   5.394 0.000
193.25 194.25  18.485 0.000 999.999 0.456
196.25 197.25  15.786 0.000   5.829 0.000
199.25 200.25  16.160 0.000   5.738 0.000
202.25 203.25  11.233 0.000   5.552 0.000
205.25 206.25  17.439 0.000   5.332 0.000
208.25 209.25  14.552 0.000   3.907 0.000
211.25 212.25  17.598 0.000   7.909 0.000
214.25 215.25  15.412 0.000   9.163 0.000
217.25 218.25  43.457 0.000  17.340 0.000
220.25 221.25  21.909 0.000  10.281 0.000
223.25 224.25   8.577 0.000   3.765 0.000
226.25 227.25   6.064 0.000   2.098 0.000
229.25 230.25   8.477 0.000   3.949 0.000
232.25 233.25  40.074 0.000  20.772 0.000
235.25 236.25  14.507 0.000   7.849 0.000
238.25 239.25  38.287 0.000   9.072 0.000
241.25 242.25   3.744 0.000   1.942 0.000
244.25 245.25   9.879 0.000   3.577 0.000
247.25 248.25  13.152 0.000   4.725 0.000
250.25 251.25   9.015 0.000   2.593 0.000
253.25 254.25   7.994 0.000   3.105 0.000
256.25 257.25  13.972 0.000   2.237 0.000
259.25 260.25   4.597 0.000   1.368 0.000
262.25 263.25   5.012 0.000   2.013 0.000
265.25 266.25   3.886 0.000   1.825 0.000
268.25 269.25  10.877 0.000   3.292 0.000
271.25 272.25  12.652 0.000   2.579 0.000
274.25 275.25  15.510 0.000   3.151 0.000
277.25 278.25  24.683 0.000   6.424 0.000
280.25 281.25  39.471 0.000  10.355 0.000
283.25 284.25  17.904 0.000   5.334 0.000
286.25 287.25  22.306 0.000   5.950 0.000
289.25 290.25  14.309 0.000   2.881 0.000
292.25 293.25 999.999 0.999 999.999 0.999
295.25 296.25 999.999 0.999 999.999 0.999
298.25 299.25 999.999 0.999 999.999 0.999
301.25 302.25   6.925 0.000   4.235 0.000
304.25 305.25   7.304 0.000   3.655 0.000
307.25 308.25 999.999 0.456   2.744 0.000
310.25 311.25 999.999 0.456   6.060 0.000
313.25 314.25   2.221 0.000   1.683 0.000
316.25 317.25   7.960 0.000   4.985 0.000
319.25 320.25   3.727 0.000   3.356 0.000
322.25 323.25   6.040 0.000   2.317 0.000
325.25 326.25   4.026 0.000   3.537 0.000
328.25 329.25   6.016 0.000   3.962 0.000
331.25 332.25   7.294 0.000   4.953 0.000
334.25 335.25   8.935 0.000   6.653 0.000
337.25 338.25  13.482 0.000  10.417 0.000
340.25 341.25   7.442 0.000   5.556 0.000
343.25 344.25  15.747 0.000   5.025 0.000
346.25 347.25  16.066 0.000   9.479 0.000
349.25 350.25   8.111 0.000   7.362 0.000
352.25 353.25   2.093 0.000   2.468 0.000
355.25 356.25   8.704 0.000   8.565 0.000
358.25 359.25   7.184 0.000   7.032 0.000
361.25 362.25   2.628 0.000   0.849 0.000
364.25 365.25   7.882 0.000   2.660 0.000
