scripts/IMPROVE-2019_partial/data/US0089R.20050101070000.20191216000000.filterpack..pm25.52w.1w.US03L_filterpack_US0089.US03L_IMPROVE_Davis.lev2.nas
66 1001
MISSING INFORMATION
US03L, IMPROVE, , , , , , , 
MISSING INFORMATION
IMPROVE sel_HTAP
1 1
2005 01 01 2019 12 16
3.000000
days from file reference point
27
1 1 1 1 1 1 1 1 1 1 1 1 1 1 1 1 1 1 1 1 1 1 1 1 1 1 1
999.999999 9999.99 9.999 99.99 9.999 9.999 9.999999 9.99 9.999 9.999 9.999 99.999 9.999 99.999 9.999 999.99 9.999999 999.999 9.999 999.999 9.999 99.999 9.999 9.999 9.999 9.999 9.999
end_time of measurement, days from the file reference point
iron, ng/m3, Revision date=20181210133000
numflag iron, no unit, Revision date=20181210133000
lead, ng/m3, Revision date=20181210133000
numflag lead, no unit, Revision date=20181210133000
magnesium, ug/m3, Revision date=20181210133000
numflag magnesium, no unit, Revision date=20181210133000
nickel, ng/m3, Revision date=20181210133000
numflag nickel, no unit, Revision date=20181210133000
nitrate, ug N/m3, Revision date=20181210133000
numflag nitrate, no unit, Revision date=20181210133000
organic_carbon, ug C/m3, Revision date=20181210133000
numflag organic_carbon, no unit, Revision date=20181210133000
organic_mass, ug/m3, Revision date=20181210133000
numflag organic_mass, no unit, Revision date=20181210133000
phosphorus, ng/m3, Revision date=20181210133000
numflag phosphorus, no unit, Revision date=20181210133000
pm10_mass, ug/m3, Version=2, Version description=Data extracted from http://views.cira.colostate.edu/fed/DataWizard 2019-12-16, Sample duration=1d, Orig. time res.=3d, Matrix=pm10, Blank correction=Blank corrected, Volume std. temperature=ambient, Volume std. pressure=ambient
numflag pm10_mass, no unit, Version=2, Version description=Data extracted from http://views.cira.colostate.edu/fed/DataWizard 2019-12-16, Sample duration=1d, Orig. time res.=3d, Matrix=pm10, Blank correction=Blank corrected, Volume std. temperature=ambient, Volume std. pressure=ambient
pm10_pm25_mass, ug/m3, Revision date=20181210133000, Matrix=pm10_pm25
numflag pm10_pm25_mass, no unit, Revision date=20181210133000, Matrix=pm10_pm25
pm25_mass, ug/m3, Version=2, Version description=Data extracted from http://views.cira.colostate.edu/fed/DataWizard 2019-12-16, Sample duration=1d, Orig. time res.=3d, Blank correction=Blank corrected, Volume std. temperature=ambient, Volume std. pressure=ambient
numflag pm25_mass, no unit, Version=2, Version description=Data extracted from http://views.cira.colostate.edu/fed/DataWizard 2019-12-16, Sample duration=1d, Orig. time res.=3d, Blank correction=Blank corrected, Volume std. temperature=ambient, Volume std. pressure=ambient
potassium, ug/m3, Revision date=20181210133000
numflag potassium, no unit, Revision date=20181210133000
sulphate_total, ug S/m3, Revision date=20181210133000
numflag sulphate_total, no unit, Revision date=20181210133000
0
25
Data definition:              EBAS_1.1
Set type code:                TU
Timezone:                     UTC
File name:                    US0089R.20050101070000.20191216000000.filterpack..pm25.52w.1w.US03L_filterpack_US0089.US03L_IMPROVE_Davis.lev2.nas
File creation:                20191218120126
Startdate:                    20050101070000
Revision date:                20191216000000
Statistics:                   arithmetic mean
Data level:                   2
Period code:                  52w
Resolution code:              1w
Station code:                 US0089R
Platform code:                US0089S
Station name:                 Bridger Wilderness
Station latitude:             42.9749
Station longitude:            -109.7579
Station altitude:             2626.0 m
Regime:                       IMG
Component:                    
Matrix:                       pm25
Laboratory code:              US03L
Instrument type:              filterpack
Instrument name:              filterpack_US0089
Method ref:                   US03L_IMPROVE_Davis
starttime endtime Fe flag_Fe Pb flag_Pb Mg++ flag_Mg++ Ni flag_Ni NO3- flag_NO3- OC flag_OC OM flag_OM P flag_P PM10 flag_PM10 PM10-PM2.5 flag_PM10-PM2.5 PM2.5 flag_PM2.5 K+ flag_K+ SO4-- flag_SO4--
  0.291667   1.291667    1.69 0.000  0.32 0.000 9.999 0.259000 9.99 0.259 0.016 0.000  0.231 0.000  0.416 0.000 999.99 0.259000   0.414 0.000 999.999 0.259  0.504 0.000 0.002 0.000 0.058 0.000
  3.291667   4.291667    5.21 0.000  0.40 0.000 9.999 0.259000 9.99 0.259 0.035 0.000  0.354 0.000  0.636 0.000 999.99 0.259000   1.868 0.000   0.235 0.000  1.646 0.000 0.007 0.000 0.206 0.000
  6.291667   7.291667    2.79 0.000  0.32 0.000 9.999 0.259000 9.99 0.259 0.022 0.000  0.291 0.000  0.523 0.000 999.99 0.259000   1.498 0.000   0.647 0.000  0.850 0.000 0.004 0.000 0.095 0.000
  9.291667  10.291667    1.36 0.000  0.29 0.000 9.999 0.259000 0.09 0.000 0.004 0.000  0.120 0.000  0.215 0.000 999.99 0.259000   0.373 0.000   0.002 0.000  0.372 0.000 0.001 0.000 0.052 0.000
 12.291667  13.291667    9.67 0.000  0.43 0.000 9.999 0.259000 0.12 0.000 0.015 0.000  0.220 0.000  0.396 0.000 999.99 0.259000   2.396 0.000   0.975 0.000  1.383 0.000 0.006 0.000 0.209 0.000
 15.291667  16.291667    5.02 0.000  0.35 0.000 9.999 0.259000 9.99 0.259 0.006 0.000  0.240 0.000  0.433 0.000 999.99 0.259000   0.620 0.000   0.157 0.000  0.463 0.000 0.005 0.000 0.052 0.000
 18.291667  19.291667 9999.99 0.999 99.99 0.999 9.999 0.999000 9.99 0.999 9.999 0.999 99.999 0.999 99.999 0.999 999.99 0.999000 999.999 0.999 999.999 0.999 99.999 0.999 9.999 0.999 9.999 0.999
 21.291667  22.291667    3.38 0.000  0.13 0.000 9.999 0.259000 0.10 0.000 0.006 0.000  0.090 0.000  0.162 0.000 999.99 0.259000   0.784 0.000   0.082 0.000  0.703 0.000 0.007 0.000 0.055 0.000
 24.291667  25.291667    5.50 0.000  0.25 0.000 9.999 0.259000 0.06 0.000 0.007 0.000  0.283 0.000  0.509 0.000 999.99 0.259000   0.784 0.000   0.018 0.000  0.766 0.000 0.010 0.000 0.038 0.000
 27.291667  28.291667   10.71 0.000  0.30 0.000 9.999 0.259000 0.11 0.000 0.012 0.000  0.201 0.000  0.362 0.000 999.99 0.259000   1.283 0.000   0.148 0.000  1.134 0.000 0.006 0.000 0.142 0.000
 30.291667  31.291667    4.08 0.000  0.32 0.000 9.999 0.259000 0.10 0.000 0.008 0.000  0.143 0.000  0.258 0.000 999.99 0.259000   0.707 0.000   0.164 0.000  0.542 0.000 0.004 0.000 0.046 0.000
 33.291667  34.291667    4.28 0.000  0.32 0.000 9.999 0.259000 0.10 0.000 0.004 0.000  0.138 0.000  0.248 0.000 999.99 0.259000   1.029 0.000   0.336 0.000  0.693 0.000 0.006 0.000 0.040 0.000
 36.291667  37.291667    5.15 0.000  0.40 0.000 0.005 0.000000 0.09 0.000 0.044 0.000  0.086 0.000  0.155 0.000 999.99 0.259000   1.494 0.000   0.514 0.000  0.980 0.000 0.006 0.000 0.068 0.000
 39.291667  40.291667   12.61 0.000  0.38 0.000 9.999 0.259000 9.99 0.259 0.127 0.000  0.138 0.000  0.249 0.000 999.99 0.259000   1.747 0.000   0.433 0.000  1.314 0.000 0.011 0.000 0.123 0.000
 42.291667  43.291667    7.74 0.000  0.23 0.000 9.999 0.259000 9.99 0.259 0.006 0.000  0.140 0.000  0.252 0.000 999.99 0.259000   1.073 0.000   0.158 0.000  0.915 0.000 0.005 0.000 0.106 0.000
 45.291667  46.291667    9.87 0.000  0.34 0.000 9.999 0.259000 0.15 0.000 0.035 0.000  0.139 0.000  0.251 0.000 999.99 0.259000   1.258 0.000   0.413 0.000  0.852 0.000 0.006 0.000 0.112 0.000
 48.291667  49.291667    8.34 0.000  0.34 0.000 0.013 0.000000 0.08 0.000 0.004 0.000  0.149 0.000  0.268 0.000 999.99 0.259000   1.118 0.000   0.279 0.000  0.839 0.000 0.007 0.000 0.065 0.000
 51.291667  52.291667    1.53 0.000  0.11 0.000 9.999 0.259000 0.13 0.000 0.004 0.000  0.089 0.000  0.160 0.000 999.99 0.259000   0.496 0.000 999.999 0.259  0.498 0.000 0.002 0.000 0.056 0.000
 54.291667  55.291667   11.35 0.000  0.31 0.000 0.006 0.000000 9.99 0.259 0.008 0.000  0.114 0.559  0.205 0.559 999.99 0.259000   1.446 0.000   0.636 0.000  0.810 0.000 0.009 0.000 0.050 0.000
 57.291667  58.291667   28.34 0.000  0.37 0.000 9.999 0.259000 9.99 0.259 0.039 0.000  0.364 0.559  0.655 0.559 999.99 0.259000   3.685 0.000   1.879 0.000  1.805 0.000 0.024 0.000 0.095 0.000
 60.291667  61.291667   12.87 0.000  0.54 0.000 9.999 0.259000 9.99 0.259 0.013 0.000  0.134 0.559  0.241 0.559 999.99 0.259000   1.654 0.000   0.753 0.000  0.901 0.000 0.008 0.000 0.086 0.000
 63.291667  64.291667   22.60 0.000  0.49 0.000 9.999 0.259000 9.99 0.259 0.033 0.000  0.345 0.559  0.621 0.559 999.99 0.259000   3.219 0.000   0.965 0.000  2.253 0.000 0.017 0.000 0.225 0.000
 66.291667  67.291667   31.11 0.000  0.47 0.000 9.999 0.259000 9.99 0.259 0.043 0.000  0.329 0.559  0.592 0.559 999.99 0.259000   2.765 0.000   1.152 0.000  1.627 0.000 0.024 0.000 0.115 0.000
 69.291667  70.291667   69.60 0.000  0.44 0.000 9.999 0.259000 0.05 0.000 0.038 0.000  0.127 0.000  0.228 0.000 999.99 0.259000   3.007 0.000   0.858 0.000  2.148 0.000 0.029 0.000 0.053 0.000
 72.291667  73.291667   14.38 0.000  0.29 0.000 9.999 0.259000 9.99 0.259 0.016 0.000  0.037 0.000  0.067 0.000 999.99 0.259000   1.961 0.000   0.717 0.000  1.244 0.000 0.010 0.000 0.140 0.000
 75.291667  76.291667   23.87 0.000  0.85 0.000 9.999 0.259000 9.99 0.259 0.061 0.000  0.213 0.000  0.384 0.000 999.99 0.259000   3.233 0.000   1.546 0.000  1.687 0.000 0.019 0.000 0.144 0.000
 78.291667  79.291667   15.64 0.000  0.74 0.000 9.999 0.259000 9.99 0.259 0.056 0.000  0.240 0.000  0.432 0.000 999.99 0.259000   2.652 0.000   0.887 0.000  1.764 0.000 0.013 0.000 0.175 0.000
 81.291667  82.291667    4.25 0.000  0.16 0.000 9.999 0.259000 9.99 0.259 0.006 0.000  0.163 0.000  0.293 0.000 999.99 0.259000   1.035 0.000   0.150 0.000  0.885 0.000 0.004 0.000 0.154 0.000
 84.291667  85.291667    2.78 0.000  0.08 0.000 9.999 0.259000 9.99 0.259 0.021 0.000  0.308 0.000  0.554 0.000 999.99 0.259000   0.704 0.000 999.999 0.259  0.758 0.000 0.003 0.000 0.110 0.000
 87.291667  88.291667    3.37 0.000  0.14 0.000 9.999 0.259000 9.99 0.259 0.017 0.000  0.112 0.000  0.201 0.000 999.99 0.259000   0.620 0.000   0.178 0.000  0.444 0.000 0.003 0.000 0.074 0.000
 90.291667  91.291667    7.95 0.000  0.53 0.000 9.999 0.259000 9.99 0.259 0.017 0.000  0.130 0.000  0.235 0.000 999.99 0.259000   1.486 0.000   0.483 0.000  1.002 0.000 0.009 0.000 0.127 0.000
 93.291667  94.291667   58.20 0.000  1.01 0.000 9.999 0.259000 9.99 0.259 0.082 0.000  0.305 0.000  0.550 0.000 999.99 0.259000   6.182 0.000   3.618 0.000  2.563 0.000 0.035 0.000 0.173 0.000
 96.291667  97.291667   61.82 0.000  2.00 0.000 9.999 0.259000 9.99 0.259 0.032 0.000  0.348 0.000  0.626 0.000 999.99 0.259000   5.167 0.000   1.848 0.000  3.317 0.000 0.044 0.000 0.306 0.000
 99.291667 100.291667   21.41 0.000  0.41 0.000 0.009 0.000000 9.99 0.259 0.015 0.000  0.222 0.000  0.400 0.000 999.99 0.259000   2.189 0.000   0.629 0.000  1.559 0.000 0.014 0.000 0.161 0.000
102.291667 103.291667  127.49 0.000  1.92 0.000 0.054 0.000000 9.99 0.259 0.058 0.000  0.314 0.000  0.565 0.000 999.99 0.259000   9.124 0.000   4.316 0.000  4.805 0.000 0.080 0.000 0.341 0.000
105.291667 106.291667   59.82 0.000  1.18 0.000 0.019 0.000000 9.99 0.259 0.029 0.000  0.261 0.000  0.469 0.000 999.99 0.259000   4.914 0.000   2.559 0.000  2.354 0.000 0.039 0.000 0.186 0.000
108.291667 109.291667   43.80 0.000  0.99 0.000 9.999 0.259000 9.99 0.259 0.032 0.000  0.291 0.000  0.524 0.000 999.99 0.259000   3.827 0.000   1.728 0.000  2.122 0.000 0.029 0.000 0.174 0.000
111.291667 112.291667   12.51 0.000  0.35 0.000 9.999 0.259000 9.99 0.259 0.029 0.000  0.411 0.000  0.739 0.000 999.99 0.259000   2.064 0.000   0.481 0.000  1.582 0.000 0.010 0.000 0.170 0.000
114.291667 115.291667   32.41 0.000  0.62 0.000 0.010 0.000000 9.99 0.259 0.033 0.000  0.370 0.000  0.665 0.000 999.99 0.259000   3.817 0.000   1.063 0.000  2.752 0.000 0.024 0.000 0.299 0.000
117.291667 118.291667    2.11 0.000 99.99 0.259 9.999 0.259000 9.99 0.259 0.007 0.000  0.242 0.000  0.436 0.000 999.99 0.259000   1.322 0.000   0.013 0.000  1.309 0.000 0.002 0.000 0.180 0.000
120.291667 121.291667   22.32 0.000  0.91 0.000 9.999 0.259000 9.99 0.259 0.037 0.000  0.560 0.000  1.007 0.000 999.99 0.259000   4.380 0.000   0.966 0.000  3.413 0.000 0.020 0.000 0.438 0.000
123.291667 124.291667   21.19 0.000  0.64 0.000 9.999 0.259000 0.09 0.000 0.032 0.000  0.282 0.000  0.507 0.000 999.99 0.259000   2.298 0.000   0.592 0.000  1.705 0.000 0.014 0.000 0.180 0.000
126.291667 127.291667   24.14 0.000  0.49 0.000 9.999 0.259000 9.99 0.259 0.014 0.000  0.118 0.000  0.212 0.000 999.99 0.259000   2.349 0.000   0.606 0.000  1.742 0.000 0.016 0.000 0.203 0.000
129.291667 130.291667   70.52 0.000  1.04 0.000 0.022 0.000000 9.99 0.259 0.025 0.000  0.145 0.000  0.260 0.000 999.99 0.259000   4.708 0.000   1.877 0.000  2.853 0.000 0.046 0.000 0.305 0.000
132.291667 133.291667   54.75 0.000  0.99 0.000 9.999 0.259000 9.99 0.259 0.014 0.000  0.199 0.000  0.359 0.000 999.99 0.259000   3.704 0.000   1.032 0.000  2.672 0.000 0.036 0.000 0.239 0.000
135.291667 136.291667   58.06 0.000  1.14 0.000 0.018 0.000000 9.99 0.259 0.037 0.000  0.535 0.000  0.962 0.000 999.99 0.259000   4.888 0.000   1.242 0.000  3.644 0.000 0.038 0.000 0.384 0.000
138.291667 139.291667   21.55 0.000  0.45 0.000 0.012 0.000000 9.99 0.259 0.020 0.000  0.212 0.000  0.381 0.000 999.99 0.259000   3.190 0.000   1.465 0.000  1.724 0.000 0.016 0.000 0.133 0.000
141.291667 142.291667   15.45 0.000  0.57 0.000 9.999 0.259000 0.10 0.000 0.009 0.000  0.232 0.000  0.418 0.000 999.99 0.259000   2.168 0.000   0.966 0.000  1.201 0.000 0.011 0.000 0.109 0.000
144.291667 145.291667   19.52 0.000  0.52 0.000 0.007 0.000000 9.99 0.259 0.021 0.000  0.434 0.000  0.781 0.000 999.99 0.259000   3.405 0.000   1.544 0.000  1.860 0.000 0.015 0.000 0.137 0.000
147.291667 148.291667   20.43 0.000  0.69 0.000 9.999 0.259000 9.99 0.259 0.007 0.000  0.519 0.000  0.934 0.000 999.99 0.259000   4.480 0.000   1.721 0.000  2.757 0.000 0.017 0.000 0.305 0.000
150.291667 151.291667    7.60 0.000 99.99 0.259 0.004 0.000000 9.99 0.259 0.020 0.000  0.709 0.000  1.276 0.000  16.27 0.000000   2.465 0.000   0.752 0.000  1.722 0.000 0.008 0.000 0.112 0.000
153.291667 154.291667    5.10 0.000  0.21 0.000 9.999 0.259000 9.99 0.259 0.011 0.000  0.326 0.000  0.586 0.000 999.99 0.259000   1.354 0.000   0.217 0.000  1.136 0.000 0.005 0.000 0.066 0.000
156.291667 157.291667   25.33 0.000  0.65 0.000 9.999 0.259000 9.99 0.259 0.033 0.000  0.384 0.000  0.691 0.000 999.99 0.259000   4.742 0.000   2.031 0.000  2.710 0.000 0.027 0.000 0.251 0.000
159.291667 160.291667    5.03 0.000  0.16 0.000 9.999 0.259000 9.99 0.259 0.007 0.000  0.208 0.000  0.374 0.000 999.99 0.259000   1.355 0.000   0.383 0.000  0.972 0.000 0.004 0.000 0.077 0.000
162.291667 163.291667    9.22 0.000  0.36 0.000 9.999 0.259000 9.99 0.259 0.027 0.000  0.322 0.000  0.579 0.000 999.99 0.259000   2.720 0.000   1.111 0.000  1.609 0.000 0.008 0.000 0.120 0.000
165.291667 166.291667   18.89 0.000  0.39 0.000 9.999 0.259000 9.99 0.259 0.014 0.000  0.760 0.000  1.368 0.000 999.99 0.259000   5.308 0.000   2.195 0.000  3.111 0.000 0.019 0.000 0.378 0.000
168.291667 169.291667   64.36 0.000  0.73 0.000 0.029 0.000000 9.99 0.259 0.028 0.000  0.428 0.000  0.771 0.000 999.99 0.259000  10.880 0.000   7.130 0.000  3.749 0.000 0.050 0.000 0.235 0.000
171.291667 172.291667   31.33 0.000  0.85 0.000 9.999 0.259000 0.13 0.000 0.018 0.000  1.057 0.000  1.902 0.000 999.99 0.259000  10.124 0.000   3.556 0.000  6.603 0.000 0.054 0.000 0.841 0.000
174.291667 175.291667   28.06 0.000  0.61 0.000 9.999 0.259000 0.08 0.000 0.041 0.000  2.392 0.000  4.306 0.000 999.99 0.259000   9.511 0.000   2.770 0.000  6.736 0.000 0.154 0.000 0.389 0.000
177.291667 178.291667    1.77 0.000  0.24 0.000 9.999 0.259000 0.20 0.000 0.002 0.000  0.062 0.000  0.111 0.000 999.99 0.259000   1.696 0.000   1.459 0.000  0.237 0.000 0.002 0.000 0.008 0.000
180.291667 181.291667 9999.99 0.999 99.99 0.999 9.999 0.999000 9.99 0.999 9.999 0.999 99.999 0.999 99.999 0.999 999.99 0.999000 999.999 0.999 999.999 0.999 99.999 0.999 9.999 0.999 9.999 0.999
183.291667 184.291667 9999.99 0.999 99.99 0.999 9.999 0.999000 9.99 0.999 9.999 0.999 99.999 0.999 99.999 0.999 999.99 0.999000 999.999 0.999 999.999 0.999 99.999 0.999 9.999 0.999 9.999 0.999
186.291667 187.291667   34.11 0.000  0.30 0.000 9.999 0.259000 0.12 0.000 0.013 0.559  1.218 0.000  2.192 0.000 999.99 0.259000   7.474 0.000   3.464 0.000  3.973 0.000 0.034 0.000 0.206 0.559
189.291667 190.291667   47.00 0.000  0.58 0.000 0.013 0.000000 0.09 0.000 0.047 0.559  1.439 0.000  2.590 0.000 999.99 0.259000   9.006 0.000   3.740 0.000  5.224 0.000 0.085 0.000 0.287 0.559
192.291667 193.291667   29.92 0.000 99.99 0.259 0.009 0.000000 0.19 0.000 0.006 0.559  0.544 0.000  0.979 0.000 999.99 0.259000  10.848 0.659   2.186 0.000  3.727 0.659 0.019 0.000 0.095 0.559
195.291667 196.291667   28.90 0.000  0.47 0.000 9.999 0.259000 0.07 0.000 0.009 0.000  1.142 0.000  2.056 0.000 999.99 0.259000   6.428 0.000   2.935 0.000  3.461 0.000 0.028 0.000 0.178 0.000
198.291667 199.291667   26.61 0.000  0.13 0.000 9.999 0.259000 9.99 0.259 0.004 0.559  0.587 0.000  1.056 0.000 999.99 0.259000   4.041 0.000   1.905 0.000  2.115 0.000 0.020 0.000 0.063 0.559
201.291667 202.291667 9999.99 0.999 99.99 0.999 9.999 0.999000 9.99 0.999 9.999 0.999 99.999 0.999 99.999 0.999 999.99 0.999000 999.999 0.999 999.999 0.999 99.999 0.999 9.999 0.999 9.999 0.999
204.291667 205.291667 9999.99 0.999 99.99 0.999 9.999 0.999000 9.99 0.999 9.999 0.999 99.999 0.999 99.999 0.999 999.99 0.999000 999.999 0.999 999.999 0.999 99.999 0.999 9.999 0.999 9.999 0.999
207.291667 208.291667   28.24 0.000  0.18 0.000 9.999 0.259000 0.21 0.000 0.007 0.559  0.842 0.000  1.516 0.000 999.99 0.259000   3.683 0.000   1.210 0.000  2.460 0.000 0.021 0.000 0.083 0.559
210.291667 211.291667   73.32 0.000  0.28 0.000 0.032 0.000000 9.99 0.259 0.038 0.559  0.852 0.000  1.533 0.000 999.99 0.259000   8.614 0.000   4.219 0.000  4.349 0.000 0.073 0.000 0.250 0.559
213.291667 214.291667 9999.99 0.999 99.99 0.999 9.999 0.999000 9.99 0.999 9.999 0.999 99.999 0.999 99.999 0.999 999.99 0.999000 999.999 0.999 999.999 0.999 99.999 0.999 9.999 0.999 9.999 0.999
216.291667 217.291667   10.63 0.000  0.27 0.000 9.999 0.259000 9.99 0.259 0.007 0.559  0.757 0.000  1.362 0.000 999.99 0.259000   4.030 0.000   1.418 0.000  2.611 0.000 0.012 0.000 0.171 0.559
219.291667 220.291667   20.32 0.000  0.29 0.000 9.999 0.259000 9.99 0.259 0.009 0.559  1.084 0.000  1.952 0.000 999.99 0.259000   6.372 0.000   2.549 0.000  3.821 0.000 0.019 0.000 0.273 0.559
222.291667 223.291667   17.89 0.000  0.22 0.000 9.999 0.259000 9.99 0.259 0.014 0.559  0.847 0.000  1.525 0.000 999.99 0.259000   4.764 0.000   2.033 0.000  2.730 0.000 0.035 0.000 0.153 0.559
225.291667 226.291667   17.29 0.000 99.99 0.259 9.999 0.259000 9.99 0.259 0.010 0.000  1.303 0.559  2.346 0.559 999.99 0.259000   5.736 0.000   2.038 0.000  3.695 0.000 0.025 0.000 0.167 0.000
228.291667 229.291667   22.00 0.000  0.22 0.000 9.999 0.259000 9.99 0.259 0.013 0.559  1.668 0.000  3.002 0.000 999.99 0.259000   6.111 0.000   1.966 0.000  4.145 0.000 0.029 0.000 0.128 0.559
231.291667 232.291667   19.41 0.000  0.39 0.000 9.999 0.259000 9.99 0.259 0.012 0.559  0.902 0.000  1.623 0.000 999.99 0.259000   5.947 0.000   2.555 0.000  3.390 0.000 0.033 0.000 0.161 0.559
234.291667 235.291667   16.44 0.000  0.30 0.000 9.999 0.259000 0.05 0.000 0.011 0.559  0.761 0.000  1.369 0.000 999.99 0.259000   5.685 0.000   2.234 0.000  3.449 0.000 0.037 0.000 0.279 0.559
237.291667 238.291667   23.74 0.000  0.15 0.000 9.999 0.259000 9.99 0.259 0.029 0.559  0.909 0.000  1.637 0.000 999.99 0.259000   6.174 0.000   2.826 0.000  3.345 0.000 0.086 0.000 0.090 0.559
240.291667 241.291667   20.36 0.000  0.37 0.000 9.999 0.259000 9.99 0.259 0.012 0.559  0.884 0.000  1.591 0.000 999.99 0.259000   5.337 0.000   2.677 0.000  2.658 0.000 0.025 0.000 0.127 0.559
243.291667 244.291667   31.32 0.000  0.30 0.000 9.999 0.259000 9.99 0.259 0.013 0.559  0.933 0.000  1.679 0.000 999.99 0.259000   6.431 0.000   3.478 0.000  2.951 0.000 0.025 0.000 0.102 0.559
