scripts/IMPROVE-2019_partial/data/US0098R.20060102080000.20191216000000.filterpack..pm25.52w.1w.US03L_filterpack_US0098.US03L_IMPROVE_Davis.lev2.nas
64 1001
MISSING INFORMATION
US03L, IMPROVE, , , , , , , 
MISSING INFORMATION
IMPROVE sel_HTAP
1 1
2006 01 01 2019 12 16
3.000000
days from file reference point
25
1 1 1 1 1 1 1 1 1 1 1 1 1 1 1 1 1 1 1 1 1 1 1 1 1
999.999999 999.99 9.999 99.99 9.999 9.999 9.999 99.99 9.999 99.999 9.999 99.999 9.999 99.999 9.999 999.999 9.999 999.999 9.999 999.999 9.999 9.999 9.999 99.999 9.999
end_time of measurement, days from the file reference point
iron, ng/m3, Revision date=20181210133000
numflag iron, no unit, Revision date=20181210133000
lead, ng/m3, Revision date=20181210133000
numflag lead, no unit, Revision date=20181210133000
magnesium, ug/m3, Revision date=20181210133000
numflag magnesium, no unit, Revision date=20181210133000
nickel, ng/m3, Revision date=20181210133000
numflag nickel, no unit, Revision date=20181210133000
nitrate, ug N/m3, Revision date=20181210133000
numflag nitrate, no unit, Revision date=20181210133000
organic_carbon, ug C/m3, Revision date=20181210133000
numflag organic_carbon, no unit, Revision date=20181210133000
organic_mass, ug/m3, Revision date=20181210133000
numflag organic_mass, no unit, Revision date=20181210133000
pm10_mass, ug/m3, Version=2, Version description=Data extracted from http://views.cira.colostate.edu/fed/DataWizard 2019-12-16, Sample duration=1d, Orig. time res.=3d, Matrix=pm10, Blank correction=Blank corrected, Volume std. temperature=ambient, Volume std. pressure=ambient
numflag pm10_mass, no unit, Version=2, Version description=Data extracted from http://views.cira.colostate.edu/fed/DataWizard 2019-12-16, Sample duration=1d, Orig. time res.=3d, Matrix=pm10, Blank correction=Blank corrected, Volume std. temperature=ambient, Volume std. pressure=ambient
pm10_pm25_mass, ug/m3, Revision date=20181210133000, Matrix=pm10_pm25
numflag pm10_pm25_mass, no unit, Revision date=20181210133000, Matrix=pm10_pm25
pm25_mass, ug/m3, Version=2, Version description=Data extracted from http://views.cira.colostate.edu/fed/DataWizard 2019-12-16, Sample duration=1d, Orig. time res.=3d, Blank correction=Blank corrected, Volume std. temperature=ambient, Volume std. pressure=ambient
numflag pm25_mass, no unit, Version=2, Version description=Data extracted from http://views.cira.colostate.edu/fed/DataWizard 2019-12-16, Sample duration=1d, Orig. time res.=3d, Blank correction=Blank corrected, Volume std. temperature=ambient, Volume std. pressure=ambient
potassium, ug/m3, Revision date=20181210133000
numflag potassium, no unit, Revision date=20181210133000
sulphate_total, ug S/m3, Revision date=20181210133000
numflag sulphate_total, no unit, Revision date=20181210133000
0
25
Data definition:              EBAS_1.1
Set type code:                TU
Timezone:                     UTC
File name:                    US0098R.20060102080000.20191216000000.filterpack..pm25.52w.1w.US03L_filterpack_US0098.US03L_IMPROVE_Davis.lev2.nas
File creation:                20191218120209
Startdate:                    20060102080000
Revision date:                20191216000000
Statistics:                   arithmetic mean
Data level:                   2
Period code:                  52w
Resolution code:              1w
Station code:                 US0098R
Platform code:                US0098S
Station name:                 Point Reyes National Seashore
Station latitude:             38.1224
Station longitude:            -122.9085
Station altitude:             97.0 m
Regime:                       IMG
Component:                    
Matrix:                       pm25
Laboratory code:              US03L
Instrument type:              filterpack
Instrument name:              filterpack_US0098
Method ref:                   US03L_IMPROVE_Davis
starttime endtime Fe flag_Fe Pb flag_Pb Mg++ flag_Mg++ Ni flag_Ni NO3- flag_NO3- OC flag_OC OM flag_OM PM10 flag_PM10 PM10-PM2.5 flag_PM10-PM2.5 PM2.5 flag_PM2.5 K+ flag_K+ SO4-- flag_SO4--
[from data line 91]
274.333333 275.333333  16.00 0.000  0.35 0.000 0.015 0.000  1.23 0.000  0.090 0.000  1.069 0.000  1.925 0.000   9.386 0.000   4.221 0.000   5.165 0.000 0.041 0.000  0.435 0.000
277.333333 278.333333   6.45 0.000  0.38 0.000 9.999 0.259  1.29 0.000  0.080 0.000  0.480 0.000  0.863 0.000   4.689 0.000   1.801 0.000   2.888 0.000 0.018 0.000  0.338 0.000
280.333333 281.333333   7.39 0.000  0.34 0.000 0.061 0.000  0.20 0.000  0.131 0.000  0.996 0.559  1.792 0.559  12.498 0.000   6.439 0.000   6.059 0.000 0.050 0.000  0.264 0.000
283.333333 284.333333  14.53 0.000  0.48 0.000 0.058 0.000  1.18 0.000  0.210 0.000  0.601 0.000  1.081 0.000  12.490 0.000   6.356 0.000   6.135 0.000 0.040 0.000  0.758 0.000
286.333333 287.333333  18.84 0.000  0.71 0.000 0.040 0.000  0.74 0.000  0.160 0.000  1.033 0.000  1.860 0.000  14.713 0.000   7.920 0.000   6.794 0.000 0.052 0.000  0.657 0.000
289.333333 290.333333   4.60 0.000  0.26 0.000 0.085 0.000 99.99 0.259  0.040 0.000  0.187 0.559  0.337 0.559  14.880 0.000  10.504 0.000   4.375 0.000 0.035 0.000  0.137 0.000
292.333333 293.333333 999.99 0.999 99.99 0.999 9.999 0.999 99.99 0.999 99.999 0.999 99.999 0.999 99.999 0.999 999.999 0.999 999.999 0.999 999.999 0.999 9.999 0.999 99.999 0.999
295.333333 296.333333 999.99 0.999 99.99 0.999 9.999 0.999 99.99 0.999 99.999 0.999 99.999 0.999 99.999 0.999 999.999 0.999 999.999 0.999 999.999 0.999 9.999 0.999 99.999 0.999
298.333333 299.333333  52.22 0.000  0.65 0.000 0.042 0.000  0.84 0.000  0.088 0.000  1.429 0.559  2.572 0.559  27.541 0.000  20.904 0.000   6.637 0.000 0.070 0.000  0.191 0.000
301.333333 302.333333  18.08 0.000  1.88 0.000 0.062 0.000  0.67 0.000  0.189 0.000  1.770 0.000  3.187 0.000  14.688 0.000   5.852 0.000   8.836 0.000 0.061 0.000  0.743 0.000
304.333333 305.333333  40.81 0.000  1.12 0.000 0.055 0.000  1.81 0.000  0.378 0.000  0.979 0.559  1.763 0.559  19.454 0.000  12.686 0.000   6.768 0.000 0.062 0.000  0.316 0.000
307.333333 308.333333   1.47 0.000 99.99 0.259 0.045 0.000  0.47 0.000  0.062 0.000  0.176 0.559  0.316 0.559   5.499 0.000   3.439 0.000   2.061 0.000 0.014 0.000  0.180 0.000
310.333333 311.333333   0.63 0.000  0.23 0.000 0.027 0.000  0.39 0.000  0.019 0.000  0.079 0.559  0.141 0.559   2.928 0.000   1.589 0.000   1.339 0.000 0.009 0.000  0.113 0.000
313.333333 314.333333   3.59 0.000  0.26 0.000 0.072 0.000  0.17 0.000  0.070 0.000  0.431 0.559  0.777 0.559   9.973 0.000   7.296 0.000   2.677 0.000 0.030 0.000  0.080 0.000
316.333333 317.333333   1.77 0.000  0.33 0.000 9.999 0.259  0.46 0.000  0.014 0.000  0.096 0.000  0.173 0.000   1.425 0.000   0.709 0.000   0.716 0.000 0.008 0.000  0.110 0.000
319.333333 320.333333   0.72 0.000  0.18 0.000 0.013 0.000  1.09 0.000  0.027 0.000  0.152 0.000  0.274 0.000   1.789 0.000   1.223 0.000   0.566 0.000 0.006 0.000  0.116 0.000
322.333333 323.333333 999.99 0.456 99.99 0.456 9.999 0.456 99.99 0.456  0.333 0.000  0.928 0.559  1.671 0.559   7.428 0.000 999.999 0.456 999.999 0.456 9.999 0.456  0.240 0.000
325.333333 326.333333 999.99 0.999 99.99 0.999 9.999 0.999 99.99 0.999 99.999 0.999 99.999 0.999 99.999 0.999 999.999 0.999 999.999 0.999 999.999 0.999 9.999 0.999 99.999 0.999
328.333333 329.333333   1.46 0.000  0.46 0.000 0.052 0.000  0.18 0.000  0.033 0.000  0.168 0.000  0.302 0.000   9.084 0.000   6.295 0.000   2.789 0.000 0.021 0.000  0.156 0.000
331.333333 332.333333   0.53 0.000 99.99 0.259 0.098 0.000 99.99 0.259  0.018 0.000  0.045 0.559  0.080 0.559  10.411 0.000   7.844 0.000   2.567 0.000 0.021 0.000  0.081 0.000
334.333333 335.333333  17.37 0.000  1.21 0.000 0.033 0.000  0.21 0.000  0.440 0.000  1.662 0.559  2.991 0.559  12.834 0.000   7.135 0.000   5.700 0.000 0.070 0.000  0.114 0.000
337.333333 338.333333  16.53 0.000  0.90 0.000 9.999 0.259  0.38 0.000  0.136 0.000  1.710 0.000  3.079 0.000  12.059 0.000   6.724 0.000   5.335 0.000 0.052 0.000  0.175 0.000
340.333333 341.333333  58.39 0.000  2.40 0.000 0.009 0.000  0.39 0.000  1.091 0.000  3.404 0.000  6.127 0.000  20.128 0.000   6.599 0.000  13.528 0.000 0.129 0.000  0.260 0.000
343.333333 344.333333   0.89 0.000  0.32 0.000 0.300 0.000  0.38 0.000  0.041 0.000  0.171 0.000  0.307 0.000  22.438 0.000  14.422 0.000   8.016 0.000 0.068 0.000  0.209 0.000
346.333333 347.333333   1.49 0.000  0.37 0.000 9.999 0.259  0.72 0.000  0.016 0.000  0.094 0.559  0.170 0.559   2.085 0.000   1.174 0.000   0.912 0.000 0.006 0.000  0.108 0.000
349.333333 350.333333   2.13 0.000  0.46 0.000 0.140 0.000 99.99 0.259  0.034 0.000  0.318 0.000  0.573 0.000  14.575 0.000  10.576 0.000   3.999 0.000 0.037 0.000  0.090 0.000
352.333333 353.333333  23.98 0.000  1.07 0.000 9.999 0.259  0.45 0.000  0.251 0.000  1.249 0.559  2.249 0.559   8.775 0.000   4.444 0.000   4.331 0.000 0.035 0.000  0.087 0.000
355.333333 356.333333   5.29 0.000  0.53 0.000 0.091 0.000  0.25 0.000  0.236 0.000  0.594 0.000  1.068 0.000  17.380 0.000  11.916 0.000   5.464 0.000 0.056 0.000  0.172 0.000
358.333333 359.333333  16.07 0.000  2.34 0.000 9.999 0.259  0.49 0.000  0.993 0.000  1.507 0.559  2.713 0.559  14.756 0.000   4.226 0.000  10.530 0.000 0.053 0.000  0.702 0.000
361.333333 362.333333 999.99 0.999 99.99 0.999 9.999 0.999 99.99 0.999 99.999 0.999 99.999 0.999 99.999 0.999 999.999 0.999 999.999 0.999 999.999 0.999 9.999 0.999 99.999 0.999
364.333333 365.333333   5.57 0.000  0.68 0.000 0.068 0.000  0.73 0.000  0.119 0.000  0.691 0.559  1.243 0.559  15.815 0.000  10.100 0.000   5.715 0.000 0.049 0.000  0.408 0.000
