scripts/IMPROVE-2019_partial/data/US0045R.20000101050000.20191216000000.filterpack..pm25.52w.1w.US03L_filterpack_US0045.US03L_IMPROVE_Davis.lev2.nas
64 1001
MISSING INFORMATION
US03L, IMPROVE, , , , , , , 
MISSING INFORMATION
IMPROVE sel_HTAP
1 1
2000 01 01 2019 12 16
0
days from file reference point
25
1 1 1 1 1 1 1 1 1 1 1 1 1 1 1 1 1 1 1 1 1 1 1 1 1
999.999999 999.99 9.999 99.99 9.999 9.999 9.999999 99.99 9.999999 99.999 9.999 99.999 9.999 99.999 9.999 999.999 9.999 999.999 9.999 999.999 9.999 9.999 9.999 99.999 9.999
end_time of measurement, days from the file reference point
iron, ng/m3, Revision date=20181210133000
numflag iron, no unit, Revision date=20181210133000
lead, ng/m3, Revision date=20181210133000
numflag lead, no unit, Revision date=20181210133000
magnesium, ug/m3, Revision date=20181210133000
numflag magnesium, no unit, Revision date=20181210133000
nickel, ng/m3, Revision date=20181210133000
numflag nickel, no unit, Revision date=20181210133000
nitrate, ug N/m3, Revision date=20181210133000
numflag nitrate, no unit, Revision date=20181210133000
organic_carbon, ug C/m3, Revision date=20181210133000
numflag organic_carbon, no unit, Revision date=20181210133000
organic_mass, ug/m3, Revision date=20181210133000
numflag organic_mass, no unit, Revision date=20181210133000
pm10_mass, ug/m3, Version=2, Version description=Data extracted from http://views.cira.colostate.edu/fed/DataWizard 2019-12-16, Sample duration=1d, Orig. time res.=3d, Matrix=pm10, Blank correction=Blank corrected, Volume std. temperature=ambient, Volume std. pressure=ambient
numflag pm10_mass, no unit, Version=2, Version description=Data extracted from http://views.cira.colostate.edu/fed/DataWizard 2019-12-16, Sample duration=1d, Orig. time res.=3d, Matrix=pm10, Blank correction=Blank corrected, Volume std. temperature=ambient, Volume std. pressure=ambient
pm10_pm25_mass, ug/m3, Revision date=20181210133000, Matrix=pm10_pm25
numflag pm10_pm25_mass, no unit, Revision date=20181210133000, Matrix=pm10_pm25
pm25_mass, ug/m3, Version=2, Version description=Data extracted from http://views.cira.colostate.edu/fed/DataWizard 2019-12-16, Sample duration=1d, Orig. time res.=3d, Blank correction=Blank corrected, Volume std. temperature=ambient, Volume std. pressure=ambient
numflag pm25_mass, no unit, Version=2, Version description=Data extracted from http://views.cira.colostate.edu/fed/DataWizard 2019-12-16, Sample duration=1d, Orig. time res.=3d, Blank correction=Blank corrected, Volume std. temperature=ambient, Volume std. pressure=ambient
potassium, ug/m3, Revision date=20181210133000
numflag potassium, no unit, Revision date=20181210133000
sulphate_total, ug S/m3, Revision date=20181210133000
numflag sulphate_total, no unit, Revision date=20181210133000
0
25
Data definition:              EBAS_1.1
Set type code:                TI
Timezone:                     UTC
File name:                    US0045R.20000101050000.20191216000000.filterpack..pm25.52w.1w.US03L_filterpack_US0045.US03L_IMPROVE_Davis.lev2.nas
File creation:                20191218115809
Startdate:                    20000101050000
Revision date:                20191216000000
Statistics:                   arithmetic mean
Data level:                   2
Period code:                  52w
Resolution code:              1w
Station code:                 US0045R
Platform code:                US0045S
Station name:                 Isle Royale NP
Station latitude:             47.4596
Station longitude:            -88.1491
Station altitude:             182.0 m
Regime:                       IMG
Component:                    
Matrix:                       pm25
Laboratory code:              US03L
Instrument type:              filterpack
Instrument name:              filterpack_US0045
Method ref:                   US03L_IMPROVE_Davis
starttime endtime Fe flag_Fe Pb flag_Pb Mg++ flag_Mg++ Ni flag_Ni NO3- flag_NO3- OC flag_OC OM flag_OM PM10 flag_PM10 PM10-PM2.5 flag_PM10-PM2.5 PM2.5 flag_PM2.5 K+ flag_K+ SO4-- flag_SO4--
  0.208333   1.208333   6.32 0.000  0.79 0.000 9.999 0.259000  0.20 0.000000  0.067 0.559  0.353 0.000  0.495 0.000   4.865 0.000   2.622 0.000   2.243 0.000 0.014 0.000  0.242 0.559
  4.208333   5.208333  19.91 0.000  2.31 0.000 9.999 0.259000 99.99 0.259000  0.848 0.000  0.905 0.000  1.267 0.000  12.202 0.000   3.358 0.000   8.844 0.000 0.041 0.000  0.336 0.000
  7.208333   8.208333   8.92 0.000  0.62 0.000 9.999 0.259000  0.12 0.000000  0.139 0.559  0.289 0.000  0.405 0.000  13.261 0.000  10.527 0.000   2.734 0.000 0.021 0.000  0.261 0.559
 11.208333  12.208333   3.77 0.000  0.37 0.000 0.113 0.000000 99.99 0.259000  0.059 0.000  0.195 0.000  0.273 0.000   7.180 0.000   3.087 0.000   4.092 0.000 0.035 0.000  0.243 0.000
 14.208333  15.208333  24.85 0.000  3.23 0.000 9.999 0.259000 99.99 0.259000  1.366 0.559  1.300 0.000  1.820 0.000  23.148 0.000   9.290 0.000  13.858 0.000 0.053 0.000  0.769 0.559
 18.208333  19.208333  11.55 0.000  3.98 0.000 9.999 0.259000 99.99 0.259000  0.036 0.000  0.375 0.000  0.525 0.000   4.826 0.000   1.571 0.000   3.255 0.000 0.035 0.000  0.451 0.000
 21.208333  22.208333  14.59 0.000  3.52 0.000 9.999 0.259000 99.99 0.259000  0.169 0.000  0.729 0.000  1.020 0.000   6.317 0.000   2.507 0.000   3.810 0.000 0.037 0.000  0.465 0.000
 25.208333  26.208333   3.19 0.000  0.69 0.000 0.018 0.000000  0.08 0.000000  0.013 0.000  0.127 0.000  0.178 0.000   2.393 0.000   0.727 0.000   1.667 0.000 0.012 0.000  0.216 0.000
 28.208333  29.208333  30.11 0.000  2.77 0.000 9.999 0.259000 99.99 0.259000  0.522 0.000  1.410 0.000  1.975 0.000  12.673 0.000   4.401 0.000   8.272 0.000 0.045 0.000  0.588 0.000
 32.208333  33.208333  10.51 0.000  0.61 0.000 9.999 0.259000 99.99 0.259000  0.235 0.000  0.533 0.000  0.746 0.000   5.689 0.000   2.047 0.000   3.642 0.000 0.027 0.000  0.262 0.000
 35.208333  36.208333   9.58 0.000  0.38 0.000 0.016 0.000000  0.13 0.000000  0.051 0.559  0.294 0.000  0.412 0.000   2.982 0.000   1.346 0.000   1.636 0.000 0.017 0.000  0.146 0.559
 39.208333  40.208333   7.30 0.000  0.63 0.000 9.999 0.259000 99.99 0.259000  0.283 0.559  0.449 0.000  0.628 0.000   6.443 0.000   4.027 0.000   2.415 0.000 0.013 0.000  0.351 0.559
 42.208333  43.208333  26.85 0.000  4.29 0.000 9.999 0.259000 99.99 0.259000  0.123 0.000  0.831 0.000  1.163 0.000   7.678 0.000   3.179 0.000   4.499 0.000 0.040 0.000  0.494 0.000
 46.208333  47.208333   5.24 0.000  1.68 0.000 9.999 0.259000  0.10 0.000000  0.023 0.000  0.222 0.000  0.311 0.000 999.999 0.456 999.999 0.999   1.844 0.000 0.016 0.000  0.264 0.000
 49.208333  50.208333  29.13 0.000  0.84 0.000 9.999 0.259000 99.99 0.259000  0.088 0.000  1.006 0.000  1.409 0.000   9.607 0.000   2.908 0.000   6.699 0.000 0.026 0.000  1.067 0.000
 53.208333  54.208333  26.35 0.456  5.28 0.456 9.999 0.456259 99.99 0.456259  1.589 0.559  1.883 0.000  2.636 0.000  32.446 0.000 999.999 0.999 999.999 0.456 0.073 0.456  1.098 0.559
 56.208333  57.208333  22.58 0.000  1.30 0.000 9.999 0.259000 99.99 0.259000  0.118 0.559  0.824 0.000  1.154 0.000  10.262 0.000   5.776 0.000   4.486 0.000 0.030 0.000  0.427 0.559
 60.208333  61.208333   4.14 0.000  0.37 0.000 9.999 0.259000 99.99 0.259000  0.031 0.559  0.280 0.000  0.392 0.000   3.318 0.000   0.829 0.000   2.489 0.000 0.015 0.000  0.291 0.559
 63.208333  64.208333  16.05 0.000  1.91 0.000 9.999 0.259000 99.99 0.259000  0.127 0.559  0.798 0.000  1.117 0.000   5.864 0.000   2.791 0.000   3.073 0.000 0.034 0.000  0.285 0.559
 67.208333  68.208333  34.24 0.000  3.50 0.000 9.999 0.259000 99.99 0.259000  0.455 0.699  1.684 0.000  2.357 0.000  15.393 0.000   6.258 0.000   9.136 0.000 0.065 0.000  0.748 0.699
 70.208333  71.208333  15.90 0.000  0.65 0.000 0.011 0.000000 99.99 0.259000  0.062 0.559  0.476 0.000  0.667 0.000   4.360 0.000   1.921 0.000   2.438 0.000 0.027 0.000  0.217 0.559
 74.208333  75.208333   9.93 0.000  1.06 0.000 9.999 0.259000 99.99 0.259000  0.015 0.559  0.341 0.000  0.477 0.000   4.051 0.000   1.716 0.000   2.335 0.000 0.017 0.000  0.313 0.559
 77.208333  78.208333  30.60 0.000  3.30 0.000 9.999 0.259000 99.99 0.259000  0.412 0.559  0.716 0.000  1.002 0.000  11.111 0.000   4.105 0.000   7.006 0.000 0.037 0.000  0.631 0.559
 81.208333  82.208333  18.25 0.000  3.13 0.000 0.029 0.000000 99.99 0.259000  0.529 0.559  1.414 0.000  1.979 0.000  18.405 0.000   6.244 0.000  12.160 0.000 0.044 0.000  1.548 0.559
 84.208333  85.208333  11.43 0.000  1.47 0.000 9.999 0.259000  0.11 0.000000  0.068 0.559  0.392 0.000  0.549 0.000   5.856 0.000   2.331 0.000   3.525 0.000 0.017 0.000  0.455 0.559
 88.208333  89.208333   7.26 0.000  0.43 0.000 9.999 0.259000 99.99 0.259000  0.022 0.559  0.247 0.000  0.346 0.000   4.060 0.000   1.277 0.000   2.784 0.000 0.018 0.000  0.233 0.559
 91.208333  92.208333  22.60 0.000  1.61 0.000 9.999 0.259000 99.99 0.259000  0.074 0.559  0.636 0.000  0.890 0.000   6.982 0.000   2.527 0.000   4.455 0.000 0.026 0.000  0.540 0.559
 95.208333  96.208333  13.09 0.000  0.56 0.000 9.999 0.259000 99.99 0.259000  0.063 0.000  0.159 0.000  0.222 0.000   4.938 0.000   3.257 0.000   1.682 0.000 0.013 0.000  0.211 0.000
 98.208333  99.208333  12.67 0.000  0.33 0.000 9.999 0.259000 99.99 0.259000  0.047 0.000  0.312 0.000  0.436 0.000   3.086 0.000   1.405 0.000   1.682 0.000 0.010 0.000  0.246 0.000
102.208333 103.208333  14.45 0.000  1.93 0.000 9.999 0.259000 99.99 0.259000  0.020 0.000  0.486 0.000  0.680 0.000   9.684 0.000   4.066 0.000   5.617 0.000 0.024 0.000  0.541 0.000
105.208333 106.208333   6.84 0.000 99.99 0.259 9.999 0.259000 99.99 0.259000  0.017 0.000  0.105 0.000  0.146 0.000   2.893 0.000   0.764 0.000   2.130 0.000 0.016 0.000  0.280 0.000
109.208333 110.208333  10.12 0.000  1.06 0.000 9.999 0.259000 99.99 0.259000  0.162 0.000  0.602 0.000  0.842 0.000   5.571 0.000   1.914 0.000   3.657 0.000 0.027 0.000  0.519 0.000
112.208333 113.208333  70.58 0.000  1.54 0.000 9.999 0.259000 99.99 0.259000  0.027 0.000  0.797 0.000  1.116 0.000  10.264 0.000   5.809 0.000   4.455 0.000 0.068 0.000  0.415 0.000
116.208333 117.208333  69.61 0.000  1.80 0.000 9.999 0.259000 99.99 0.259000  0.022 0.000  0.933 0.000  1.307 0.000  11.294 0.000   6.747 0.000   4.548 0.000 0.060 0.000  0.430 0.000
119.208333 120.208333  15.03 0.000  0.27 0.000 9.999 0.259000 99.99 0.259000  0.007 0.000  0.204 0.000  0.286 0.000   2.824 0.000   1.318 0.000   1.506 0.000 0.014 0.000  0.126 0.000
123.208333 124.208333  48.03 0.000  1.64 0.000 0.017 0.000000  0.82 0.000000  0.089 0.000  1.469 0.000  2.056 0.000  20.074 0.000  13.979 0.000   6.095 0.000 0.042 0.000  0.601 0.000
126.208333 127.208333  50.32 0.000  1.31 0.000 9.999 0.259000 99.99 0.259000  0.080 0.000  1.846 0.000  2.585 0.000  25.349 0.000  16.438 0.000   8.911 0.000 0.044 0.000  1.174 0.000
130.208333 131.208333  13.16 0.000  0.48 0.000 9.999 0.259000  1.47 0.000000  0.009 0.000  0.643 0.000  0.900 0.000   5.103 0.000   2.614 0.000   2.489 0.000 0.014 0.000  0.237 0.000
133.208333 134.208333   7.89 0.000 99.99 0.259 9.999 0.259000 99.99 0.259000  0.025 0.000  0.432 0.000  0.605 0.000   4.949 0.000   3.014 0.000   1.936 0.000 0.008 0.000  0.198 0.000
137.208333 138.208333  33.02 0.000  1.32 0.000 0.025 0.000000 99.99 0.259000  0.040 0.000  1.421 0.000  1.989 0.000  10.663 0.000   4.897 0.000   5.766 0.000 0.039 0.000  0.637 0.000
140.208333 141.208333  33.03 0.000  1.30 0.000 9.999 0.259000 99.99 0.259000  0.064 0.000  1.361 0.000  1.905 0.000  10.891 0.000   6.675 0.000   4.216 0.000 0.037 0.000  0.313 0.000
144.208333 145.208333  17.84 0.000  0.27 0.000 9.999 0.259000 99.99 0.259000  0.011 0.000  1.285 0.000  1.799 0.000   6.147 0.000   3.326 0.000   2.821 0.000 0.016 0.000  0.191 0.000
147.208333 148.208333  18.21 0.000  0.39 0.000 9.999 0.259000 99.99 0.259000  0.008 0.000  0.859 0.000  1.202 0.000   8.235 0.000   5.599 0.000   2.635 0.000 0.024 0.000  0.178 0.000
151.208333 152.208333  26.76 0.000  0.77 0.000 9.999 0.259000 99.99 0.259000  0.030 0.000  1.267 0.000  1.774 0.000   9.449 0.000   4.952 0.000   4.497 0.000 0.032 0.000  0.493 0.000
154.208333 155.208333 999.99 0.259 99.99 0.259 9.999 0.259000 99.99 0.259000  0.011 0.559  0.716 0.000  1.003 0.000   4.592 0.000   2.756 0.000   1.836 0.000 0.036 0.000  0.114 0.559
158.208333 159.208333  21.69 0.000  0.52 0.000 9.999 0.259000 99.99 0.259000  0.028 0.000  0.994 0.000  1.391 0.000   8.880 0.000   4.352 0.000   4.528 0.000 0.022 0.000  0.423 0.000
161.208333 162.208333  10.59 0.000  1.47 0.000 9.999 0.259000 99.99 0.259000  0.038 0.000  0.537 0.000  0.752 0.000   7.286 0.000   2.452 0.000   4.834 0.000 0.020 0.000  0.615 0.000
165.208333 166.208333  14.58 0.000  0.26 0.000 0.014 0.000000 99.99 0.259000  0.019 0.000  0.691 0.000  0.968 0.000   8.108 0.000   3.960 0.000   4.148 0.000 0.024 0.000  0.474 0.000
168.208333 169.208333  17.92 0.000 99.99 0.259 9.999 0.259000 99.99 0.259000  0.007 0.000  0.385 0.000  0.540 0.000   3.941 0.000   2.266 0.000   1.675 0.000 0.011 0.000  0.119 0.000
172.208333 173.208333  12.52 0.000  0.24 0.000 9.999 0.259000 99.99 0.259000  0.016 0.559  1.013 0.000  1.419 0.000  11.862 0.000   7.832 0.000   4.030 0.000 0.014 0.000  0.340 0.559
175.208333 176.208333 999.99 0.456 99.99 0.456 9.999 0.456000 99.99 0.456000  0.036 0.000  1.389 0.000  1.944 0.000  11.712 0.000 999.999 0.999 999.999 0.456 9.999 0.456  0.585 0.000
179.208333 180.208333  50.53 0.000  0.93 0.000 9.999 0.259000 99.99 0.259000  0.028 0.000  0.794 0.000  1.112 0.000   8.681 0.000   4.570 0.000   4.111 0.000 0.023 0.000  0.364 0.000
182.208333 183.208333  42.11 0.000  1.10 0.000 9.999 0.259000 99.99 0.259000  0.081 0.000  1.383 0.000  1.936 0.000  17.701 0.000  10.540 0.000   7.160 0.000 0.038 0.000  0.681 0.000
186.208333 187.208333  11.53 0.000 99.99 0.259 9.999 0.259000 99.99 0.259000  0.024 0.000  1.122 0.000  1.571 0.000  12.228 0.000   8.741 0.000   3.487 0.000 0.056 0.000  0.123 0.000
189.208333 190.208333  18.63 0.000  1.06 0.000 9.999 0.259000 99.99 0.259000  0.056 0.000  1.081 0.000  1.513 0.000  10.341 0.000   4.175 0.000   6.166 0.000 0.029 0.000  0.580 0.000
193.208333 194.208333  24.42 0.000  0.53 0.000 9.999 0.259000 99.99 0.259000  0.032 0.559  2.296 0.000  3.214 0.000  11.937 0.000   5.675 0.000   6.262 0.000 0.026 0.000  0.279 0.559
196.208333 197.208333   9.78 0.000  0.50 0.000 9.999 0.259000 99.99 0.259000  0.016 0.559  2.451 0.000  3.432 0.000  11.975 0.000   6.431 0.000   5.543 0.000 0.026 0.000  0.163 0.559
200.208333 201.208333  22.83 0.000 99.99 0.259 9.999 0.259000 99.99 0.259000  0.014 0.559  0.729 0.000  1.021 0.000   6.231 0.000   4.185 0.000   2.046 0.000 0.015 0.000  0.097 0.559
203.208333 204.208333   4.24 0.000 99.99 0.259 9.999 0.259000 99.99 0.259000  0.005 0.559  0.602 0.000  0.843 0.000   3.716 0.000   2.507 0.000   1.209 0.000 0.008 0.000  0.043 0.559
207.208333 208.208333  45.79 0.000  3.29 0.000 9.999 0.259000 99.99 0.259000  0.049 0.699  1.747 0.000  2.446 0.000  25.740 0.000   9.799 0.000  15.941 0.000 0.027 0.000  2.850 0.699
210.208333 211.208333  21.35 0.000  0.46 0.000 9.999 0.259000  0.26 0.000000  0.014 0.699  1.951 0.000  2.731 0.000  17.588 0.000  10.176 0.000   7.412 0.000 0.018 0.000  0.772 0.699
214.208333 215.208333   5.59 0.000  0.11 0.000 9.999 0.259000 99.99 0.259000  0.011 0.699  1.205 0.000  1.687 0.000   6.831 0.000   3.953 0.000   2.878 0.000 0.014 0.000  0.129 0.699
217.208333 218.208333  41.67 0.000  0.71 0.000 9.999 0.259000 99.99 0.259000 99.999 0.699  2.109 0.000  2.953 0.000  20.833 0.000  13.194 0.000   7.639 0.000 0.028 0.000 99.999 0.699
221.208333 222.208333  22.87 0.000 99.99 0.259 9.999 0.259000 99.99 0.259000 99.999 0.699  0.799 0.000  1.119 0.000  18.116 0.000  13.694 0.000   4.422 0.000 0.026 0.000 99.999 0.699
224.208333 225.208333  28.25 0.000 99.99 0.259 9.999 0.259000 99.99 0.259000 99.999 0.699  1.708 0.000  2.390 0.000  19.399 0.000  13.046 0.000   6.353 0.000 0.025 0.000 99.999 0.699
228.208333 229.208333   7.09 0.000 99.99 0.259 9.999 0.259000 99.99 0.259000 99.999 0.699  0.698 0.000  0.977 0.000   4.038 0.000   2.850 0.000   1.189 0.000 0.007 0.000 99.999 0.699
231.208333 232.208333  11.10 0.000  0.32 0.000 9.999 0.259000  0.12 0.000000 99.999 0.699  0.502 0.000  0.703 0.000   7.095 0.000   6.001 0.000   1.095 0.000 0.009 0.000 99.999 0.699
235.208333 236.208333  22.91 0.000  0.13 0.000 9.999 0.259000 99.99 0.259000  0.024 0.699  1.200 0.000  1.680 0.000  10.983 0.000   5.869 0.000   5.114 0.000 0.035 0.000  0.457 0.699
238.208333 239.208333  25.16 0.000  1.15 0.000 9.999 0.259000 99.99 0.259000  0.056 0.699  1.549 0.000  2.169 0.000  15.021 0.000   8.295 0.000   6.726 0.000 0.041 0.000  0.672 0.699
243.208333 244.208333 999.99 0.999 99.99 0.999 9.999 0.999000 99.99 0.999000 99.999 0.999 99.999 0.999 99.999 0.999 999.999 0.999 999.999 0.999 999.999 0.999 9.999 0.999 99.999 0.999
246.208333 247.208333 999.99 0.999 99.99 0.999 9.999 0.999000 99.99 0.999000 99.999 0.999 99.999 0.999 99.999 0.999 999.999 0.999 999.999 0.999 999.999 0.999 9.999 0.999 99.999 0.999
249.208333 250.208333  14.77 0.000  2.10 0.000 9.999 0.259000 99.99 0.259000  0.034 0.699  0.583 0.000  0.817 0.000   8.363 0.000   4.999 0.000   3.364 0.000 0.017 0.000  0.459 0.699
252.208333 253.208333  25.42 0.000  1.51 0.000 9.999 0.259000 99.99 0.259000  0.044 0.699  1.025 0.000  1.435 0.000  17.324 0.000  10.288 0.000   7.035 0.000 0.030 0.000  0.915 0.699
255.208333 256.208333 999.99 0.999 99.99 0.999 9.999 0.999000 99.99 0.999000 99.999 0.999 99.999 0.999 99.999 0.999 999.999 0.999 999.999 0.999 999.999 0.999 9.999 0.999 99.999 0.999
258.208333 259.208333   3.30 0.000  0.18 0.000 0.010 0.000000 99.99 0.259000  0.008 0.000  0.258 0.000  0.361 0.000   2.035 0.000   1.244 0.000   0.792 0.000 9.999 0.259  0.053 0.000
261.208333 262.208333  50.75 0.000  0.99 0.000 9.999 0.259000 99.99 0.259000  0.039 0.000  1.487 0.000  2.081 0.000  17.441 0.000  11.420 0.000   6.021 0.000 0.056 0.000  0.495 0.000
264.208333 265.208333   9.61 0.000  0.41 0.000 0.014 0.000000 99.99 0.259000  0.015 0.000  0.466 0.000  0.653 0.000   2.431 0.000   1.248 0.000   1.183 0.000 0.013 0.000  0.110 0.000
267.208333 268.208333   7.00 0.000  0.21 0.000 9.999 0.259000 99.99 0.259000  0.017 0.000  0.766 0.000  1.072 0.000   3.704 0.000   1.338 0.000   2.365 0.000 0.026 0.000  0.247 0.000
270.208333 271.208333   2.48 0.000 99.99 0.259 9.999 0.259000 99.99 0.259000  0.006 0.000  0.353 0.000  0.494 0.000   1.984 0.000   0.738 0.000   1.246 0.000 0.012 0.000  0.138 0.000
273.208333 274.208333  69.41 0.000  2.10 0.000 9.999 0.259000 99.99 0.259000  0.090 0.000  2.561 0.000  3.585 0.000  29.762 0.000  19.097 0.000  10.665 0.000 0.104 0.000  0.909 0.000
276.208333 277.208333  33.34 0.000  0.57 0.000 9.999 0.259000 99.99 0.259000  0.026 0.000  0.644 0.000  0.902 0.000   6.290 0.000   3.593 0.000   2.697 0.000 0.040 0.000  0.188 0.000
279.208333 280.208333   3.22 0.000  0.20 0.000 9.999 0.259000 99.99 0.259000  0.006 0.000  0.164 0.000  0.229 0.000   2.239 0.000   0.963 0.000   1.276 0.000 0.017 0.000  0.108 0.000
282.208333 283.208333  15.74 0.000  0.88 0.000 9.999 0.259000 99.99 0.259000  0.043 0.000  0.745 0.000  1.043 0.000   5.478 0.000   2.325 0.000   3.154 0.000 0.081 0.000  0.214 0.000
285.208333 286.208333  46.46 0.559  1.50 0.559 9.999 0.559259 99.99 0.559259  0.137 0.000  1.387 0.000  1.942 0.000  22.691 0.000  15.912 0.000   6.779 0.559 0.062 0.559  0.697 0.000
288.208333 289.208333   1.06 0.000 99.99 0.259 9.999 0.259000  0.07 0.000000  0.122 0.000  0.223 0.000  0.313 0.000   1.454 0.000   0.589 0.000   0.864 0.000 9.999 0.259  0.168 0.000
291.208333 292.208333  18.65 0.000  1.26 0.000 9.999 0.259000 99.99 0.259000  0.148 0.000  1.435 0.000  2.009 0.000   7.712 0.000   1.998 0.000   5.713 0.000 0.081 0.000  0.483 0.000
294.208333 295.208333   1.48 0.000  0.23 0.000 9.999 0.259000  0.08 0.000000  0.019 0.000  0.192 0.000  0.268 0.000   1.332 0.000   0.530 0.000   0.802 0.000 0.016 0.000  0.112 0.000
