scripts/IMPROVE-2019_partial/data/US0065R.20040101050000.20191216000000.filterpack..pm25.52w.1w.US03L_filterpack_US0065.US03L_IMPROVE_Davis.lev2.nas
64 1001
MISSING INFORMATION
US03L, IMPROVE, , , , , , , 
MISSING INFORMATION
IMPROVE sel_HTAP
1 1
2004 01 01 2019 12 16
3.000000
days from file reference point
25
1 1 1 1 1 1 1 1 1 1 1 1 1 1 1 1 1 1 1 1 1 1 1 1 1
999.999999 999.99 9.999 999.99 9.999 9.999 9.999999 99.99 9.999999 99.999 9.999999 999.999 9.999 999.999 9.999 999.999 9.999 99.999 9.999 999.999 9.999 9.999 9.999 99.999 9.999999
end_time of measurement, days from the file reference point
iron, ng/m3, Revision date=20181210133000
numflag iron, no unit, Revision date=20181210133000
lead, ng/m3, Revision date=20181210133000
numflag lead, no unit, Revision date=20181210133000
magnesium, ug/m3, Revision date=20181210133000
numflag magnesium, no unit, Revision date=20181210133000
nickel, ng/m3, Revision date=20181210133000
numflag nickel, no unit, Revision date=20181210133000
nitrate, ug N/m3, Revision date=20181210133000
numflag nitrate, no unit, Revision date=20181210133000
organic_carbon, ug C/m3, Revision date=20181210133000
numflag organic_carbon, no unit, Revision date=20181210133000
organic_mass, ug/m3, Revision date=20181210133000
numflag organic_mass, no unit, Revision date=20181210133000
pm10_mass, ug/m3, Version=2, Version description=Data extracted from http://views.cira.colostate.edu/fed/DataWizard 2019-12-16, Sample duration=1d, Orig. time res.=3d, Matrix=pm10, Blank correction=Blank corrected, Volume std. temperature=ambient, Volume std. pressure=ambient
numflag pm10_mass, no unit, Version=2, Version description=Data extracted from http://views.cira.colostate.edu/fed/DataWizard 2019-12-16, Sample duration=1d, Orig. time res.=3d, Matrix=pm10, Blank correction=Blank corrected, Volume std. temperature=ambient, Volume std. pressure=ambient
pm10_pm25_mass, ug/m3, Revision date=20181210133000, Matrix=pm10_pm25
numflag pm10_pm25_mass, no unit, Revision date=20181210133000, Matrix=pm10_pm25
pm25_mass, ug/m3, Version=2, Version description=Data extracted from http://views.cira.colostate.edu/fed/DataWizard 2019-12-16, Sample duration=1d, Orig. time res.=3d, Blank correction=Blank corrected, Volume std. temperature=ambient, Volume std. pressure=ambient
numflag pm25_mass, no unit, Version=2, Version description=Data extracted from http://views.cira.colostate.edu/fed/DataWizard 2019-12-16, Sample duration=1d, Orig. time res.=3d, Blank correction=Blank corrected, Volume std. temperature=ambient, Volume std. pressure=ambient
potassium, ug/m3, Revision date=20181210133000
numflag potassium, no unit, Revision date=20181210133000
sulphate_total, ug S/m3, Revision date=20181210133000
numflag sulphate_total, no unit, Revision date=20181210133000
0
25
Data definition:              EBAS_1.1
Set type code:                TU
Timezone:                     UTC
File name:                    US0065R.20040101050000.20191216000000.filterpack..pm25.52w.1w.US03L_filterpack_US0065.US03L_IMPROVE_Davis.lev2.nas
File creation:                20191218115941
Startdate:                    20040101050000
Revision date:                20191216000000
Statistics:                   arithmetic mean
Data level:                   2
Period code:                  52w
Resolution code:              1w
Station code:                 US0065R
Platform code:                US0065S
Station name:                 Addison Pinnacle
Station latitude:             42.0912
Station longitude:            -77.2099
Station altitude:             512.0 m
Regime:                       IMG
Component:                    
Matrix:                       pm25
Laboratory code:              US03L
Instrument type:              filterpack
Instrument name:              filterpack_US0065
Method ref:                   US03L_IMPROVE_Davis
starttime endtime Fe flag_Fe Pb flag_Pb Mg++ flag_Mg++ Ni flag_Ni NO3- flag_NO3- OC flag_OC OM flag_OM PM10 flag_PM10 PM10-PM2.5 flag_PM10-PM2.5 PM2.5 flag_PM2.5 K+ flag_K+ SO4-- flag_SO4--
[from data line 84]
252.208333 253.208333   3.43 0.000   0.32 0.000 9.999 0.259000 99.99 0.259000  0.020 0.000000   0.335 0.000   0.469 0.000 999.999 0.999 99.999 0.999   1.258 0.000 0.006 0.000  0.242 0.000000
255.208333 256.208333  25.03 0.000   4.48 0.000 9.999 0.259000  0.27 0.000000  0.060 0.000000   1.597 0.000   2.235 0.000 999.999 0.999 99.999 0.999  15.541 0.000 0.028 0.000  2.655 0.000000
258.208333 259.208333  28.40 0.000   2.03 0.000 9.999 0.259000  0.56 0.000000  0.071 0.000000   1.008 0.000   1.411 0.000 999.999 0.999 99.999 0.999  11.400 0.000 0.024 0.000  1.814 0.000000
261.208333 262.208333   4.13 0.000   1.26 0.000 9.999 0.259000 99.99 0.259000  0.016 0.000000   0.573 0.000   0.802 0.000 999.999 0.999 99.999 0.999   1.486 0.000 0.009 0.000  0.130 0.000000
264.208333 265.208333  14.73 0.000   1.96 0.000 0.080 0.000000  0.20 0.000000  0.017 0.000000   1.017 0.000   1.424 0.000 999.999 0.999 99.999 0.999   3.575 0.000 0.018 0.000  0.213 0.000000
267.208333 268.208333  29.51 0.000   2.90 0.000 0.099 0.000000  0.12 0.000000  0.059 0.000000   1.946 0.000   2.724 0.000 999.999 0.999 99.999 0.999  16.992 0.000 0.060 0.000  2.376 0.000000
270.208333 271.208333  18.11 0.000   2.54 0.000 0.120 0.000000  0.13 0.000000  0.027 0.000000   1.123 0.000   1.572 0.000 999.999 0.999 99.999 0.999  11.288 0.000 0.022 0.000  1.909 0.000000
273.208333 274.208333  18.44 0.000   1.53 0.000 0.112 0.000000 99.99 0.259000  0.053 0.000000   1.218 0.000   1.706 0.000   8.701 0.000  3.706 0.000   4.995 0.000 0.015 0.000  0.456 0.000000
276.208333 277.208333   6.84 0.000   1.21 0.000 0.081 0.000000  0.10 0.000000  0.053 0.000000   0.541 0.000   0.758 0.000   3.369 0.000  1.338 0.000   2.032 0.000 0.010 0.000  0.204 0.000000
279.208333 280.208333 999.99 0.999 999.99 0.999 9.999 0.999000 99.99 0.999000 99.999 0.999000 999.999 0.999 999.999 0.999 999.999 0.999 99.999 0.999 999.999 0.999 9.999 0.999 99.999 0.999000
282.208333 283.208333  42.87 0.000   2.05 0.000 9.999 0.259000  0.13 0.000000  0.053 0.000000   1.797 0.000   2.516 0.000  17.546 0.000  4.579 0.000  12.967 0.000 0.046 0.000  1.804 0.000000
285.208333 286.208333  14.92 0.000   1.22 0.000 9.999 0.259000  0.14 0.000000  0.098 0.000000   0.789 0.000   1.105 0.000   5.986 0.000  2.245 0.000   3.741 0.000 0.018 0.000  0.384 0.000000
288.208333 289.208333  18.48 0.000   3.07 0.000 0.061 0.000000  0.33 0.000000  0.151 0.000000   1.075 0.000   1.504 0.000   9.903 0.000  1.246 0.000   8.657 0.000 0.024 0.000  1.311 0.000000
291.208333 292.208333  10.28 0.000   1.74 0.000 9.999 0.259000 99.99 0.259000  0.103 0.000000   0.692 0.000   0.968 0.000   5.250 0.000  0.833 0.000   4.416 0.000 0.014 0.000  0.643 0.000000
294.208333 295.208333   6.05 0.000   1.66 0.000 9.999 0.259000  0.61 0.000000  0.034 0.000000   0.786 0.000   1.101 0.000   4.299 0.000  0.735 0.000   3.564 0.000 0.010 0.000  0.461 0.000000
297.208333 298.208333  15.24 0.000   2.98 0.000 0.125 0.000000  1.42 0.000000  0.242 0.000000   1.067 0.000   1.494 0.000   9.755 0.000  1.336 0.000   8.419 0.000 0.023 0.000  1.264 0.000000
300.208333 301.208333  11.96 0.000   2.50 0.000 9.999 0.259000 99.99 0.259000  0.257 0.000000   1.151 0.000   1.611 0.000   9.011 0.000  1.582 0.000   7.430 0.000 0.021 0.000  0.854 0.000000
303.208333 304.208333  13.42 0.000   2.21 0.000 0.110 0.000000  0.28 0.000000  0.124 0.000000   1.492 0.000   2.088 0.000  13.314 0.000  1.916 0.000  11.398 0.000 0.030 0.000  1.620 0.000000
306.208333 307.208333  34.37 0.000   3.76 0.000 9.999 0.259000  0.41 0.000000  0.279 0.000000   1.225 0.000   1.715 0.000  10.215 0.000  2.421 0.000   7.794 0.000 0.032 0.000  0.886 0.000000
309.208333 310.208333   7.14 0.000   0.45 0.000 9.999 0.259000 99.99 0.259000  0.040 0.000000   0.609 0.000   0.853 0.000   3.576 0.000  0.891 0.000   2.685 0.000 0.023 0.000  0.274 0.000000
312.208333 313.208333   8.27 0.000   1.18 0.000 0.097 0.000000  0.14 0.000000  0.036 0.000000   0.287 0.000   0.402 0.000   2.329 0.000  1.019 0.000   1.310 0.000 0.009 0.000  0.176 0.000000
315.208333 316.208333  19.96 0.000   1.93 0.000 9.999 0.259000  0.11 0.000000  0.224 0.000000   1.151 0.000   1.611 0.000   8.639 0.000  3.224 0.000   5.415 0.000 0.034 0.000  0.497 0.000000
318.208333 319.208333  13.21 0.000   2.50 0.000 9.999 0.259000  0.16 0.000000  0.118 0.000000   1.028 0.000   1.440 0.000   6.066 0.000  2.398 0.000   3.668 0.000 0.042 0.000  0.303 0.000000
321.208333 322.208333  56.33 0.000   6.20 0.000 9.999 0.259000  0.27 0.000000  0.363 0.000000   1.577 0.000   2.207 0.000  12.808 0.000  1.886 0.000  10.921 0.000 0.060 0.000  1.311 0.000000
324.208333 325.208333  18.39 0.000   3.72 0.000 9.999 0.259000  0.56 0.000000  0.503 0.000000   0.997 0.000   1.396 0.000   9.921 0.000  0.434 0.000   9.487 0.000 0.033 0.000  1.077 0.000000
327.208333 328.208333  30.94 0.000   3.92 0.000 9.999 0.259000  0.35 0.000000  0.227 0.000000   0.952 0.000   1.333 0.000  10.120 0.000  0.542 0.000   9.578 0.000 0.048 0.000  1.491 0.000000
330.208333 331.208333  15.82 0.000   5.93 0.000 9.999 0.259000 99.99 0.259000  0.129 0.000000   0.925 0.000   1.295 0.000   3.826 0.000  0.736 0.000   3.090 0.000 0.031 0.000  0.276 0.000000
333.208333 334.208333   9.39 0.000   0.65 0.000 9.999 0.259000 99.99 0.259000  0.061 0.000000   0.487 0.000   0.681 0.000   3.410 0.000  0.303 0.000   3.107 0.000 0.017 0.000  0.483 0.000000
336.208333 337.208333  25.12 0.000   3.66 0.000 9.999 0.259000  0.16 0.000000  0.450 0.000000   0.839 0.000   1.174 0.000   7.152 0.000  1.161 0.000   5.992 0.000 0.032 0.000  0.566 0.000000
339.208333 340.208333  22.19 0.000   1.99 0.000 9.999 0.259000  0.18 0.000000  0.220 0.000000   0.790 0.000   1.106 0.000   4.366 0.000  0.956 0.000   3.411 0.000 0.034 0.000  0.421 0.000000
342.208333 343.208333   6.16 0.000   0.93 0.000 0.143 0.000000  0.32 0.000000  0.012 0.000000   0.284 0.000   0.397 0.000   3.000 0.000  0.350 0.000   2.650 0.000 0.009 0.000  0.502 0.000000
345.208333 346.208333   5.73 0.000   0.91 0.000 9.999 0.259000  0.19 0.000000  0.105 0.000000   0.424 0.000   0.594 0.000   1.767 0.000  0.231 0.000   1.536 0.000 0.015 0.000  0.196 0.000000
348.208333 349.208333  11.00 0.000   2.11 0.000 0.123 0.000000  0.15 0.000000  0.106 0.000000   0.325 0.000   0.456 0.000   3.055 0.000  0.715 0.000   2.340 0.000 0.016 0.000  0.297 0.000000
351.208333 352.208333  11.56 0.000   0.80 0.000 9.999 0.259000  0.19 0.000000  0.074 0.000000   0.479 0.000   0.670 0.000   4.309 0.000  1.246 0.000   3.063 0.000 0.018 0.000  0.424 0.000000
354.208333 355.208333   7.51 0.000   1.57 0.000 9.999 0.259000 99.99 0.259000  0.125 0.000000   0.579 0.000   0.811 0.000   3.769 0.000  0.943 0.000   2.826 0.000 0.024 0.000  0.214 0.000000
357.208333 358.208333  12.33 0.000   2.18 0.000 0.416 0.000000  0.30 0.000000  0.212 0.000000   0.688 0.000   0.964 0.000   5.712 0.000  0.857 0.000   4.855 0.000 0.026 0.000  0.566 0.000000
360.208333 361.208333  22.55 0.000   3.23 0.000 9.999 0.259000  0.23 0.000000  0.434 0.000000   1.314 0.000   1.839 0.000  10.919 0.000  2.883 0.000   8.036 0.000 0.049 0.000  0.550 0.000000
363.208333 364.208333  26.43 0.000   3.16 0.000 9.999 0.259000  0.28 0.000000  0.514 0.000000  15.287 0.000  21.401 0.000  14.344 0.000  2.830 0.000  11.513 0.000 0.053 0.000  1.334 0.000000
