scripts/IMPROVE-2019_partial/data/US0086R.20050101050000.20191216000000.filterpack..pm25.52w.1w.US03L_filterpack_US0086.US03L_IMPROVE_Davis.lev2.nas
66 1001
MISSING INFORMATION
US03L, IMPROVE, , , , , , , 
MISSING INFORMATION
IMPROVE sel_HTAP
1 1
2005 01 01 2019 12 16
3.000000
days from file reference point
27
1 1 1 1 1 1 1 1 1 1 1 1 1 1 1 1 1 1 1 1 1 1 1 1 1 1 1
999.999999 99.999 9.999 9999.99 9.999 99.99 9.999 9.999 9.999999 99.99 9.999 9.999 9.999 99.999 9.999 99.999 9.999 999.999 9.999 99.999 9.999 999.999 9.999 9.999 9.999 99.999 9.999
end_time of measurement, days from the file reference point
ammonium, ug N/m3, Revision date=20181210133000
numflag ammonium, no unit, Revision date=20181210133000
iron, ng/m3, Revision date=20181210133000
numflag iron, no unit, Revision date=20181210133000
lead, ng/m3, Revision date=20181210133000
numflag lead, no unit, Revision date=20181210133000
magnesium, ug/m3, Revision date=20181210133000
numflag magnesium, no unit, Revision date=20181210133000
nickel, ng/m3, Revision date=20181210133000
numflag nickel, no unit, Revision date=20181210133000
nitrate, ug N/m3, Revision date=20181210133000
numflag nitrate, no unit, Revision date=20181210133000
organic_carbon, ug C/m3, Revision date=20181210133000
numflag organic_carbon, no unit, Revision date=20181210133000
organic_mass, ug/m3, Revision date=20181210133000
numflag organic_mass, no unit, Revision date=20181210133000
pm10_mass, ug/m3, Version=2, Version description=Data extracted from http://views.cira.colostate.edu/fed/DataWizard 2019-12-16, Sample duration=1d, Orig. time res.=3d, Matrix=pm10, Blank correction=Blank corrected, Volume std. temperature=ambient, Volume std. pressure=ambient
numflag pm10_mass, no unit, Version=2, Version description=Data extracted from http://views.cira.colostate.edu/fed/DataWizard 2019-12-16, Sample duration=1d, Orig. time res.=3d, Matrix=pm10, Blank correction=Blank corrected, Volume std. temperature=ambient, Volume std. pressure=ambient
pm10_pm25_mass, ug/m3, Revision date=20181210133000, Matrix=pm10_pm25
numflag pm10_pm25_mass, no unit, Revision date=20181210133000, Matrix=pm10_pm25
pm25_mass, ug/m3, Version=2, Version description=Data extracted from http://views.cira.colostate.edu/fed/DataWizard 2019-12-16, Sample duration=1d, Orig. time res.=3d, Blank correction=Blank corrected, Volume std. temperature=ambient, Volume std. pressure=ambient
numflag pm25_mass, no unit, Version=2, Version description=Data extracted from http://views.cira.colostate.edu/fed/DataWizard 2019-12-16, Sample duration=1d, Orig. time res.=3d, Blank correction=Blank corrected, Volume std. temperature=ambient, Volume std. pressure=ambient
potassium, ug/m3, Revision date=20181210133000
numflag potassium, no unit, Revision date=20181210133000
sulphate_total, ug S/m3, Revision date=20181210133000
numflag sulphate_total, no unit, Revision date=20181210133000
0
25
Data definition:              EBAS_1.1
Set type code:                TU
Timezone:                     UTC
File name:                    US0086R.20050101050000.20191216000000.filterpack..pm25.52w.1w.US03L_filterpack_US0086.US03L_IMPROVE_Davis.lev2.nas
File creation:                20191218120113
Startdate:                    20050101050000
Revision date:                20191216000000
Statistics:                   arithmetic mean
Data level:                   2
Period code:                  52w
Resolution code:              1w
Station code:                 US0086R
Platform code:                US0086S
Station name:                 Dolly Sods Wilderness
Station latitude:             39.1053
Station longitude:            -79.4261
Station altitude:             1182.0 m
Regime:                       IMG
Component:                    
Matrix:                       pm25
Laboratory code:              US03L
Instrument type:              filterpack
Instrument name:              filterpack_US0086
Method ref:                   US03L_IMPROVE_Davis
starttime endtime NH4+ flag_NH4+ Fe flag_Fe Pb flag_Pb Mg++ flag_Mg++ Ni flag_Ni NO3- flag_NO3- OC flag_OC OM flag_OM PM10 flag_PM10 PM10-PM2.5 flag_PM10-PM2.5 PM2.5 flag_PM2.5 K+ flag_K+ SO4-- flag_SO4--
  0.208333   1.208333  0.727 0.000    6.73 0.000  1.35 0.000 0.010 0.000000  0.21 0.000 0.068 0.000  4.266 0.559  7.678 0.559   7.988 0.000  0.791 0.000   7.195 0.000 0.030 0.000  1.215 0.000
  3.208333   4.208333  0.083 0.000    1.74 0.000  0.51 0.000 9.999 0.259000  0.15 0.000 0.013 0.000  0.424 0.000  0.763 0.000   2.768 0.000  0.200 0.000   2.568 0.000 0.010 0.000  0.400 0.000
  6.208333   7.208333  0.200 0.000    4.78 0.000  0.70 0.000 9.999 0.259000  0.14 0.000 0.020 0.000  0.478 0.000  0.860 0.000   3.989 0.000  0.707 0.000   3.282 0.000 0.015 0.000  0.489 0.000
  9.208333  10.208333  0.762 0.000   18.52 0.000  2.64 0.000 9.999 0.259000  0.09 0.000 0.044 0.000  1.033 0.559  1.859 0.559   9.294 0.000  1.288 0.000   8.004 0.000 0.032 0.000  1.381 0.000
 12.208333  13.208333  0.675 0.559    8.32 0.000  0.48 0.000 0.008 0.000000  0.41 0.000 0.074 0.559  1.004 0.000  1.808 0.000   9.374 0.000  2.208 0.000   7.163 0.000 0.046 0.000  1.085 0.559
 15.208333  16.208333  0.865 0.000   20.04 0.000  2.40 0.000 9.999 0.259000 99.99 0.259 0.370 0.000  2.273 0.000  4.091 0.000  10.875 0.000  0.979 0.000   9.893 0.000 0.046 0.000  0.763 0.000
 18.208333  19.208333  0.329 0.000    8.39 0.000  0.86 0.000 0.006 0.000000  0.16 0.000 0.100 0.000  0.899 0.000  1.619 0.000   4.905 0.000  1.142 0.000   3.762 0.000 0.037 0.000  0.386 0.000
 21.208333  22.208333  0.776 0.000   13.12 0.000  2.07 0.000 9.999 0.259000  0.23 0.000 0.265 0.000  1.902 0.000  3.424 0.000   9.337 0.000  1.251 0.000   8.082 0.000 0.032 0.000  0.920 0.000
 24.208333  25.208333  1.204 0.000   25.27 0.000  2.07 0.000 9.999 0.259000  0.16 0.000 0.734 0.000  1.474 0.000  2.653 0.000  11.196 0.000  1.930 0.000   9.263 0.000 0.043 0.000  0.652 0.000
 27.208333  28.208333  0.236 0.000    6.61 0.000  1.11 0.000 9.999 0.259000  0.25 0.000 0.136 0.000  0.440 0.000  0.793 0.000   3.550 0.000  1.391 0.000   2.159 0.000 0.014 0.000  0.186 0.000
 30.208333  31.208333  0.687 0.000   11.12 0.000  1.53 0.000 9.999 0.259000  0.21 0.000 0.349 0.000  1.255 0.000  2.259 0.000   7.517 0.000  1.284 0.000   6.231 0.000 0.036 0.000  0.497 0.000
 33.208333  34.208333  0.321 0.000    9.07 0.000  0.84 0.000 9.999 0.259000  0.64 0.000 0.127 0.000  1.409 0.000  2.535 0.000   7.397 0.000  2.922 0.000   4.473 0.000 0.031 0.000  0.501 0.000
 36.208333  37.208333  0.353 0.000    7.89 0.000  0.99 0.000 9.999 0.259000  0.19 0.000 0.115 0.000  0.452 0.000  0.814 0.000   3.175 0.000  0.672 0.000   2.502 0.000 0.014 0.000  0.355 0.000
 39.208333  40.208333  0.401 0.000    6.11 0.000  0.68 0.000 9.999 0.259000  0.20 0.000 0.042 0.000  0.880 0.000  1.584 0.000   6.265 0.000  0.268 0.000   5.995 0.000 0.026 0.000  0.954 0.000
 42.208333  43.208333  0.796 0.000   20.44 0.000  2.30 0.000 9.999 0.259000  0.14 0.000 0.441 0.000  1.658 0.000  2.984 0.000   8.051 0.000  1.150 0.000   6.899 0.000 0.028 0.000  0.580 0.000
 45.208333  46.208333  0.371 0.000   18.09 0.000  1.30 0.000 9.999 0.259000  0.23 0.000 0.023 0.000  0.335 0.000  0.602 0.000   4.429 0.000  1.227 0.000   3.202 0.000 0.016 0.000  0.540 0.000
 48.208333  49.208333  0.805 0.000   18.17 0.000  1.00 0.000 9.999 0.259000  0.15 0.000 0.356 0.000  1.841 0.000  3.313 0.000  10.304 0.000  2.219 0.000   8.083 0.000 0.044 0.000  0.716 0.000
 51.208333  52.208333  0.329 0.000    5.15 0.000  0.90 0.000 9.999 0.259000 99.99 0.259 0.028 0.000  0.680 0.000  1.224 0.000   5.407 0.000  0.099 0.000   5.307 0.000 0.018 0.000  0.835 0.000
 54.208333  55.208333  0.823 0.000   11.12 0.000  1.77 0.000 9.999 0.259000  0.28 0.000 0.159 0.000  1.172 0.000  2.109 0.000   6.736 0.000  0.259 0.000   6.475 0.000 0.028 0.000  0.959 0.000
 57.208333  58.208333  1.796 0.000   22.69 0.000  2.11 0.000 9.999 0.259000  0.20 0.000 0.664 0.000  1.022 0.000  1.839 0.000  12.736 0.000  1.709 0.000  11.021 0.000 0.044 0.000  1.379 0.000
 60.208333  61.208333  0.529 0.000   14.28 0.000  1.55 0.000 9.999 0.259000 99.99 0.259 0.160 0.000  1.561 0.000  2.811 0.000   4.595 0.000 99.999 0.259   5.601 0.000 0.033 0.000  0.579 0.000
 63.208333  64.208333  0.792 0.000   30.74 0.000  1.78 0.000 9.999 0.259000  0.05 0.000 0.174 0.000  1.245 0.000  2.241 0.000   9.359 0.000  1.736 0.000   7.621 0.000 0.031 0.000  1.107 0.000
 66.208333  67.208333  0.227 0.000   14.88 0.000  1.27 0.000 9.999 0.259000  0.07 0.000 0.039 0.000  1.639 0.000  2.949 0.000   8.586 0.000  3.671 0.000   4.929 0.000 0.017 0.000  0.452 0.000
 69.208333  70.208333  0.905 0.000    9.42 0.000  0.87 0.000 9.999 0.259000 99.99 0.259 0.403 0.000  0.786 0.000  1.416 0.000   7.434 0.000  1.473 0.000   5.959 0.000 0.023 0.000  0.732 0.000
 72.208333  73.208333  0.553 0.000   27.99 0.000  1.95 0.000 9.999 0.259000  0.09 0.000 0.138 0.000  3.164 0.000  5.695 0.000  11.683 0.000  2.714 0.000   8.966 0.000 0.025 0.000  0.707 0.000
 75.208333  76.208333  1.377 0.000   48.60 0.000  3.38 0.000 9.999 0.259000 99.99 0.259 0.535 0.000  2.677 0.000  4.819 0.000  17.368 0.000  5.818 0.000  11.545 0.000 0.036 0.000  1.133 0.000
 78.208333  79.208333  2.479 0.000   19.07 0.000  2.92 0.000 9.999 0.259000 99.99 0.259 0.727 0.000  1.192 0.000  2.146 0.000  15.763 0.000  2.283 0.000  13.477 0.000 0.034 0.000  2.115 0.000
 81.208333  82.208333  0.374 0.000    4.11 0.000  0.95 0.000 0.007 0.000000 99.99 0.259 0.064 0.000  0.790 0.000  1.423 0.000   3.344 0.000  0.016 0.000   3.327 0.000 0.014 0.000  0.502 0.000
 84.208333  85.208333  0.672 0.000    8.01 0.000  1.34 0.000 9.999 0.259000 99.99 0.259 0.062 0.000  1.411 0.000  2.540 0.000   7.495 0.000 99.999 0.259   8.329 0.000 0.037 0.000  1.233 0.000
 87.208333  88.208333  0.264 0.000   16.49 0.000  1.78 0.000 0.009 0.000000 99.99 0.259 0.014 0.000  0.770 0.000  1.386 0.000  11.104 0.000  0.735 0.000  10.378 0.000 0.009 0.000  1.845 0.000
 90.208333  91.208333  0.658 0.000   10.47 0.000  0.88 0.000 9.999 0.259000 99.99 0.259 0.182 0.000  0.529 0.000  0.952 0.000   5.157 0.000  1.342 0.000   3.813 0.000 0.010 0.000  0.655 0.000
 93.208333  94.208333  0.496 0.000   20.31 0.000  2.26 0.000 9.999 0.259000 99.99 0.259 0.085 0.000  1.234 0.000  2.222 0.000   6.972 0.000  2.265 0.000   4.707 0.000 0.030 0.000  0.529 0.000
 96.208333  97.208333  0.916 0.000   28.93 0.000  1.21 0.000 0.007 0.000000 99.99 0.259 0.057 0.000  1.316 0.000  2.368 0.000  12.110 0.000  2.875 0.000   9.232 0.000 0.046 0.000  1.254 0.000
 99.208333 100.208333  0.999 0.000   43.55 0.000  3.72 0.000 9.999 0.259000  0.43 0.000 0.143 0.000  0.923 0.000  1.661 0.000  11.655 0.000  2.947 0.000   8.706 0.000 0.041 0.000  1.411 0.000
102.208333 103.208333  1.110 0.000   35.10 0.000  2.73 0.000 0.009 0.000000  0.43 0.000 0.686 0.000  0.895 0.000  1.610 0.000  12.522 0.000  5.118 0.000   7.402 0.000 0.043 0.000  0.813 0.000
105.208333 106.208333  0.344 0.000   40.67 0.000  1.92 0.000 0.008 0.000000  0.49 0.000 0.204 0.000  0.458 0.000  0.824 0.000   7.857 0.000  4.534 0.000   3.321 0.000 0.032 0.000  0.334 0.000
108.208333 109.208333  3.085 0.000   80.27 0.000  3.45 0.000 9.999 0.259000  0.10 0.000 0.074 0.000  1.637 0.000  2.947 0.000  27.898 0.000  6.587 0.000  21.405 0.000 0.073 0.000  3.860 0.000
111.208333 112.208333  0.335 0.000   16.72 0.000  0.95 0.000 9.999 0.259000 99.99 0.259 0.031 0.000  0.320 0.000  0.576 0.000   4.084 0.000  0.757 0.000   3.326 0.000 0.017 0.000  0.485 0.000
114.208333 115.208333  0.584 0.000   23.41 0.000  1.67 0.000 9.999 0.259000  0.17 0.000 0.164 0.000  0.387 0.000  0.697 0.000   5.433 0.000  1.296 0.000   4.136 0.000 0.019 0.000  0.637 0.000
117.208333 118.208333  0.921 0.000   26.38 0.000  1.99 0.000 9.999 0.259000  0.10 0.000 0.131 0.000  0.444 0.000  0.799 0.000   9.549 0.000  3.888 0.000   5.659 0.000 0.028 0.000  0.946 0.000
120.208333 121.208333  1.494 0.000   30.24 0.000  2.18 0.000 9.999 0.259000  0.09 0.000 0.445 0.000  0.542 0.000  0.975 0.000  11.883 0.000  4.269 0.000   7.612 0.000 0.030 0.000  1.278 0.000
123.208333 124.208333  1.311 0.000   33.59 0.000  3.26 0.000 9.999 0.259000  0.22 0.000 0.225 0.000  0.898 0.000  1.616 0.000  14.776 0.000  6.282 0.000   8.492 0.000 0.043 0.000  1.386 0.000
126.208333 127.208333  3.006 0.000   59.44 0.000  3.85 0.000 0.020 0.000000  0.28 0.000 0.126 0.000  1.487 0.000  2.676 0.000  23.704 0.000  5.066 0.000  18.630 0.000 0.052 0.000  3.426 0.000
129.208333 130.208333  1.566 0.000   52.14 0.000  2.12 0.000 9.999 0.259000  0.11 0.000 0.033 0.000  1.640 0.000  2.952 0.000  18.030 0.000  4.845 0.000  13.204 0.000 0.053 0.000  1.898 0.000
132.208333 133.208333  1.190 0.000   31.89 0.000  1.64 0.000 0.010 0.000000  0.13 0.000 0.081 0.000  1.115 0.000  2.007 0.000  15.088 0.000  5.574 0.000   9.510 0.000 0.027 0.000  1.423 0.000
135.208333 136.208333  0.960 0.000   19.70 0.000  2.86 0.000 9.999 0.259000  0.22 0.000 0.124 0.000  0.468 0.000  0.843 0.000   8.602 0.000  2.123 0.000   6.477 0.000 0.021 0.000  1.151 0.000
138.208333 139.208333  1.895 0.000   49.00 0.000  3.38 0.000 9.999 0.259000  0.29 0.000 0.163 0.000  1.555 0.000  2.799 0.000  19.024 0.000  5.739 0.000  13.278 0.000 0.042 0.000  1.981 0.000
141.208333 142.208333  0.999 0.000   37.58 0.000  3.61 0.000 9.999 0.259000  0.43 0.000 0.035 0.000  1.069 0.000  1.925 0.000  12.142 0.000  3.239 0.000   8.899 0.000 0.034 0.000  1.349 0.000
144.208333 145.208333  0.670 0.000   22.29 0.000  2.00 0.000 0.009 0.000000  0.22 0.000 0.101 0.000  0.593 0.000  1.068 0.000   6.642 0.000  0.703 0.000   5.938 0.000 0.015 0.000  1.016 0.000
147.208333 148.208333  0.680 0.000   15.06 0.000  1.18 0.000 9.999 0.259000 99.99 0.259 0.032 0.000  0.515 0.000  0.928 0.000   8.745 0.000  2.995 0.000   5.748 0.000 0.017 0.000  0.875 0.000
150.208333 151.208333  1.104 0.000   23.94 0.000  3.50 0.000 9.999 0.259000 99.99 0.259 0.025 0.000  0.634 0.000  1.141 0.000  13.172 0.000  3.940 0.000   9.245 0.000 0.024 0.000  1.523 0.000
153.208333 154.208333  0.056 0.000    6.04 0.000  0.38 0.000 9.999 0.259000  0.10 0.000 0.009 0.000  0.184 0.000  0.332 0.000   2.742 0.000  1.226 0.000   1.516 0.000 0.010 0.000  0.130 0.000
156.208333 157.208333  1.565 0.000   33.37 0.000  1.81 0.000 0.008 0.000000  0.12 0.000 0.033 0.000  2.427 0.000  4.368 0.000  21.373 0.000  4.302 0.000  17.067 0.000 0.054 0.000  2.358 0.000
159.208333 160.208333  1.258 0.000   39.07 0.000  1.33 0.000 9.999 0.259000  0.16 0.000 0.022 0.000  1.911 0.000  3.440 0.000  17.084 0.000  3.565 0.000  13.517 0.000 0.041 0.000  2.139 0.000
162.208333 163.208333  0.575 0.000   16.15 0.000  1.34 0.000 0.013 0.000000  0.15 0.000 0.056 0.000  1.119 0.000  2.013 0.000  11.124 0.000  4.108 0.000   7.015 0.000 0.054 0.000  1.089 0.000
165.208333 166.208333  0.874 0.000   15.43 0.000  1.31 0.000 9.999 0.259000 99.99 0.259 0.026 0.000  1.181 0.000  2.127 0.000  16.070 0.000  7.537 0.000   8.531 0.000 0.025 0.000  1.426 0.000
168.208333 169.208333  1.111 0.000   20.91 0.000  2.24 0.000 9.999 0.259000  0.11 0.000 0.025 0.000  1.228 0.000  2.211 0.000  12.752 0.000  2.585 0.000  10.164 0.000 0.021 0.000  1.695 0.000
171.208333 172.208333  1.489 0.000   20.31 0.000  1.82 0.000 9.999 0.259000  0.20 0.000 0.029 0.000  1.449 0.000  2.608 0.000  24.440 0.000  5.212 0.000  19.287 0.000 0.031 0.000  3.438 0.000
174.208333 175.208333  1.971 0.000   31.37 0.000  1.72 0.000 9.999 0.259000  0.17 0.000 0.026 0.000  3.015 0.000  5.427 0.000  25.494 0.000  5.636 0.000  19.848 0.000 0.042 0.000  2.764 0.000
177.208333 178.208333  1.622 0.000   27.41 0.000  1.59 0.000 9.999 0.259000  0.83 0.000 0.039 0.000  2.867 0.000  5.160 0.000  21.043 0.000  4.892 0.000  16.145 0.000 0.089 0.000  1.973 0.000
180.208333 181.208333  2.071 0.000   28.25 0.000  1.35 0.000 9.999 0.259000  0.14 0.000 0.019 0.000  1.311 0.000  2.359 0.000  20.267 0.000  2.266 0.000  17.995 0.000 0.036 0.000  3.522 0.000
183.208333 184.208333  2.210 0.000   28.03 0.000  2.23 0.000 9.999 0.259000  0.20 0.000 0.043 0.000  1.308 0.000  2.355 0.000  20.896 0.000  3.341 0.000  17.549 0.000 0.113 0.000  2.976 0.000
186.208333 187.208333  1.759 0.000   21.93 0.000  2.06 0.000 9.999 0.259000 99.99 0.259 0.037 0.000  0.865 0.000  1.557 0.000  20.648 0.000  1.118 0.000  19.524 0.000 0.098 0.000  3.803 0.000
189.208333 190.208333  1.640 0.000   38.67 0.000  1.41 0.000 9.999 0.259000  0.17 0.000 0.021 0.000  1.238 0.000  2.229 0.000  22.148 0.000  1.205 0.000  20.935 0.000 0.041 0.000  3.841 0.000
192.208333 193.208333  0.781 0.000  245.53 0.000  0.70 0.000 0.017 0.000000  0.12 0.000 0.056 0.000  1.015 0.000  1.826 0.000  19.548 0.000  6.851 0.000  12.774 0.000 0.089 0.000  1.469 0.000
195.208333 196.208333  1.648 0.000   37.15 0.000  0.90 0.000 9.999 0.259000 99.99 0.259 0.018 0.000  1.208 0.000  2.175 0.000  20.759 0.000  2.037 0.000  18.717 0.000 0.038 0.000  3.345 0.000
198.208333 199.208333  1.042 0.000   13.92 0.000  0.46 0.000 9.999 0.259000  0.17 0.000 0.026 0.000  0.793 0.000  1.428 0.000  19.468 0.000  1.221 0.000  18.242 0.000 0.023 0.000  3.349 0.000
201.208333 202.208333  1.829 0.000   24.43 0.000  1.02 0.000 9.999 0.259000  0.11 0.000 0.020 0.000  1.405 0.000  2.529 0.000  25.408 0.000  2.058 0.000  23.343 0.000 0.035 0.000  4.332 0.000
204.208333 205.208333  1.743 0.394   39.11 0.394  2.70 0.394 9.999 0.394259  0.26 0.394 0.022 0.394  1.785 0.000  3.214 0.000  25.143 0.000  7.609 0.000  17.625 0.000 0.031 0.394  2.877 0.394
207.208333 208.208333  1.330 0.000   66.41 0.000  1.56 0.000 9.999 0.259000  0.70 0.000 0.040 0.000  2.617 0.000  4.711 0.000  24.774 0.000  4.328 0.000  20.440 0.000 0.052 0.000  2.646 0.000
210.208333 211.208333  2.178 0.000   42.85 0.000  1.05 0.000 9.999 0.259000  0.34 0.000 0.026 0.000  1.340 0.000  2.411 0.000  26.328 0.000  2.237 0.000  24.084 0.000 0.038 0.000  4.548 0.000
213.208333 214.208333  2.671 0.000   48.49 0.000  3.52 0.000 9.999 0.259000  0.17 0.000 0.026 0.000  1.720 0.000  3.096 0.000  31.810 0.000  3.035 0.000  28.787 0.000 0.037 0.000  5.426 0.000
216.208333 217.208333  1.836 0.000   35.29 0.000  1.20 0.000 9.999 0.259000  0.11 0.000 0.016 0.000  1.635 0.000  2.942 0.000  20.187 0.000  2.302 0.000  17.879 0.000 0.030 0.000  3.063 0.000
219.208333 220.208333  1.095 0.000   15.68 0.000  1.02 0.000 9.999 0.259000  0.23 0.000 0.026 0.000  1.161 0.000  2.089 0.000  12.657 0.000  1.899 0.000  10.755 0.000 0.025 0.000  1.694 0.000
222.208333 223.208333  2.448 0.000   31.51 0.000  2.57 0.000 9.999 0.259000 99.99 0.259 0.019 0.000  1.819 0.000  3.275 0.000  34.422 0.000  2.471 0.000  31.940 0.000 0.034 0.000  5.842 0.000
225.208333 226.208333  1.448 0.000  287.06 0.000  0.98 0.000 0.013 0.000000 99.99 0.259 0.035 0.000  2.070 0.000  3.725 0.000  26.495 0.000  6.051 0.000  20.438 0.000 0.121 0.000  2.628 0.000
228.208333 229.208333  1.182 0.000   23.18 0.000  1.47 0.000 9.999 0.259000  0.11 0.000 0.022 0.000  1.350 0.000  2.430 0.000  15.230 0.000  2.297 0.000  12.930 0.000 0.032 0.000  2.015 0.000
231.208333 232.208333  1.048 0.000   16.89 0.000  0.79 0.000 9.999 0.259000  0.14 0.000 0.030 0.000  1.504 0.000  2.707 0.000  16.651 0.000  2.324 0.000  14.323 0.000 0.029 0.000  2.415 0.000
234.208333 235.208333  1.436 0.000   26.39 0.000  2.20 0.000 9.999 0.259000  0.11 0.000 0.023 0.000  1.163 0.000  2.092 0.000  16.039 0.000  2.602 0.000  13.472 0.000 0.018 0.000  2.462 0.000
237.208333 238.208333  2.072 0.000   26.18 0.000  1.54 0.000 9.999 0.259000  0.33 0.000 0.018 0.000  1.688 0.000  3.039 0.000  25.587 0.000  3.343 0.000  22.237 0.000 0.023 0.000  3.905 0.000
240.208333 241.208333  1.755 0.000   15.26 0.000  0.86 0.000 9.999 0.259000  0.18 0.000 0.017 0.000  1.775 0.000  3.194 0.000  19.684 0.000  2.128 0.000  17.551 0.000 0.028 0.000  3.146 0.000
243.208333 244.208333  1.532 0.000   21.78 0.000  2.40 0.000 9.999 0.259000 99.99 0.259 0.053 0.000  1.158 0.000  2.083 0.000  15.560 0.000  1.993 0.000  13.563 0.000 0.024 0.000  2.556 0.000
246.208333 247.208333  0.515 0.000   12.00 0.000  1.94 0.000 9.999 0.259000  0.14 0.000 0.020 0.000  0.958 0.000  1.724 0.000   7.107 0.000  1.815 0.000   5.289 0.000 0.019 0.000  0.752 0.000
