scripts/IMPROVE-2019_partial/data/US0020R.19940101080000.20191216000000.filterpack...1y.3d.US03L_filterpack_US0020.US03L_IMPROVE_Davis.lev2.nas
51 1001
MISSING INFORMATION
US03L, IMPROVE, , , , , , , 
MISSING INFORMATION
IMPROVE sel_HTAP
1 1
1994 01 01 2019 12 16
0
days from file reference point
4
1 1 1 1
999.999999 999.999 99.999 9.999
end_time of measurement, days from the file reference point
pm10_mass, ug/m3, Matrix=pm10
pm25_mass, ug/m3, Matrix=pm25
numflag, no unit
0
33
Data definition:              EBAS_1.1
Set type code:                TI
Timezone:                     UTC
File name:                    US0020R.19940101080000.20191216000000.filterpack...1y.3d.US03L_filterpack_US0020.US03L_IMPROVE_Davis.lev2.nas
File creation:                20191218115644
Startdate:                    19940101080000
Revision date:                20191216000000
Version:                      2
Version description:          "Data extracted from http://views.cira.colostate.edu/fed/DataWizard 2019-12-16"
Statistics:                   arithmetic mean
Data level:                   2
Period code:                  1y
Resolution code:              3d
Sample duration:              1d
Orig. time res.:              3d
Station code:                 US0020R
Platform code:                US0020S
Station name:                 Death Valley NP
Station latitude:             36.5089
Station longitude:            -116.8478
Station altitude:             130.0 m
Regime:                       IMG
Component:                    
Unit:                         ug/m3
Matrix:                       
Laboratory code:              US03L
Instrument type:              filterpack
Instrument name:              filterpack_US0020
Method ref:                   US03L_IMPROVE_Davis
Blank correction:             Blank corrected
Volume std. temperature:      ambient
Volume std. pressure:         ambient
starttime endtime PM10 PM2.5 flag
  0.333333   1.333333   3.644  1.024 0.000
  4.333333   5.333333  14.489  1.532 0.000
  7.333333   8.333333   6.489 99.999 0.000
 11.333333  12.333333   5.520  0.816 0.000
 14.333333  15.333333   4.222  1.111 0.000
 18.333333  19.333333   8.225  0.997 0.000
 21.333333  22.333333   5.367  1.429 0.000
 25.333333  26.333333   2.735  0.818 0.000
 28.333333  29.333333   6.441  3.364 0.000
 32.333333  33.333333   5.714  1.084 0.000
 35.333333  36.333333   6.216  2.711 0.000
 39.333333  40.333333   3.550  1.329 0.000
 42.333333  43.333333   4.286  1.532 0.000
 46.333333  47.333333   5.205 99.999 0.000
 49.333333  50.333333   3.063  0.781 0.000
 53.333333  54.333333   6.393  1.502 0.000
 56.333333  57.333333   7.991 99.999 0.000
 60.333333  61.333333  14.342  1.024 0.000
 63.333333  64.333333 999.999  5.521 0.000
 67.333333  68.333333   8.333  2.979 0.000
 70.333333  71.333333  14.685  3.855 0.000
 74.333333  75.333333  10.351  3.435 0.000
 77.333333  78.333333   6.578  2.319 0.000
 81.333333  82.333333  12.338  2.939 0.000
 84.333333  85.333333   6.228  1.802 0.000
 88.333333  89.333333   9.605  4.377 0.000
 91.333333  92.333333   8.293  1.982 0.000
 95.333333  96.333333  11.022  4.545 0.000
 98.333333  99.333333  11.126  3.042 0.000
102.333333 103.333333  15.180  3.792 0.000
105.333333 106.333333  26.712  8.780 0.000
109.333333 110.333333  25.045  7.107 0.000
112.333333 113.333333  23.710  6.791 0.000
116.333333 117.333333   7.851  1.216 0.000
119.333333 120.333333  15.922  8.505 0.000
123.333333 124.333333  13.616  6.069 0.000
126.333333 127.333333   6.093  1.220 0.000
130.333333 131.333333  20.614  4.892 0.000
133.333333 134.333333  29.644  9.373 0.000
137.333333 138.333333  11.538  2.530 0.000
140.333333 141.333333  14.035  3.877 0.000
144.333333 145.333333  20.351  6.180 0.000
147.333333 148.333333  15.044  5.846 0.000
151.333333 152.333333  27.576  5.833 0.000
154.333333 155.333333  13.333  6.118 0.000
158.333333 159.333333  10.812  3.169 0.000
161.333333 162.333333  19.957  8.715 0.000
165.333333 166.333333  25.256  7.819 0.000
168.333333 169.333333  11.712  4.740 0.000
172.333333 173.333333  19.745  5.061 0.000
175.333333 176.333333  18.681  5.184 0.000
179.333333 180.333333  17.845  6.677 0.000
182.333333 183.333333  18.690  5.662 0.000
186.333333 187.333333  18.018  4.893 0.000
189.333333 190.333333  16.056  6.494 0.000
193.333333 194.333333  20.000  6.220 0.000
196.333333 197.333333  14.332  6.296 0.000
200.333333 201.333333  22.841  8.685 0.000
203.333333 204.333333  13.283  5.921 0.000
207.333333 208.333333  10.706  4.073 0.000
210.333333 211.333333  24.639  9.937 0.000
214.333333 215.333333  10.749  4.578 0.000
217.333333 218.333333  12.146  4.669 0.000
221.333333 222.333333  25.693  8.739 0.000
224.333333 225.333333  16.860  8.318 0.000
228.333333 229.333333  26.692  9.755 0.000
231.333333 232.333333  14.786  7.108 0.000
235.333333 236.333333  29.732  4.398 0.000
238.333333 239.333333  18.225  5.422 0.000
242.333333 243.333333  15.059  4.727 0.000
245.333333 246.333333  14.609  4.024 0.000
249.333333 250.333333  13.828  2.979 0.000
252.333333 253.333333  18.704  2.507 0.000
256.333333 257.333333  11.479  3.976 0.000
259.333333 260.333333  10.630  3.636 0.000
263.333333 264.333333   6.853  4.910 0.000
266.333333 267.333333  10.242  3.780 0.000
270.333333 271.333333   8.993  4.152 0.000
273.333333 274.333333   5.138  3.212 0.000
277.333333 278.333333   7.481  2.395 0.000
280.333333 281.333333   5.019  3.030 0.000
284.333333 285.333333  13.619  4.893 0.000
287.333333 288.333333 999.999 99.999 0.999
291.333333 292.333333  47.239  3.485 0.000
294.333333 295.333333  10.938  4.630 0.000
298.333333 299.333333   7.480  4.485 0.000
301.333333 302.333333   9.274  3.253 0.000
305.333333 306.333333  12.930  4.758 0.000
308.333333 309.333333   8.678  1.988 0.000
312.333333 313.333333   9.722  3.547 0.000
315.333333 316.333333   7.963  1.793 0.000
319.333333 320.333333  14.643  3.213 0.000
322.333333 323.333333  13.445  4.096 0.000
326.333333 327.333333   3.054  1.493 0.000
329.333333 330.333333   5.164  1.021 0.000
333.333333 334.333333   2.797  1.138 0.000
336.333333 337.333333   5.113  1.515 0.000
340.333333 341.333333   6.405  2.156 0.000
343.333333 344.333333   9.286  2.411 0.000
347.333333 348.333333   5.062  1.701 0.000
350.333333 351.333333  27.321  1.224 0.000
354.333333 355.333333   5.787  2.000 0.000
357.333333 358.333333   4.408  2.545 0.000
361.333333 362.333333   8.226  1.802 0.000
364.333333 365.333333   2.510  1.707 0.000
