scripts/IMPROVE-2019_partial/data/US0010U.20040301060000.20191216000000.filterpack..pm25.10mo.1w.US03L_filterpack_US0010.US03L_IMPROVE_Davis.lev2.nas
66 1001
MISSING INFORMATION
US03L, IMPROVE, , , , , , , 
MISSING INFORMATION
IMPROVE sel_HTAP
1 1
2004 01 01 2019 12 16
3.00
days from file reference point
27
1 1 1 1 1 1 1 1 1 1 1 1 1 1 1 1 1 1 1 1 1 1 1 1 1 1 1
999.99 99999.99 9.999 9999.99 9.999 9.999 9.999999 99.99 9.999 9.999 9.999 999.999 9.999 999.999 9.999 999.9 9.999999 999.999 9.999 999.999 9.999 999.999 9.999 99.999 9.999 99.999 9.999
end_time of measurement, days from the file reference point
iron, ng/m3, Revision date=20181210133000
numflag iron, no unit, Revision date=20181210133000
lead, ng/m3, Revision date=20181210133000
numflag lead, no unit, Revision date=20181210133000
magnesium, ug/m3, Revision date=20181210133000
numflag magnesium, no unit, Revision date=20181210133000
nickel, ng/m3, Revision date=20181210133000
numflag nickel, no unit, Revision date=20181210133000
nitrate, ug N/m3, Revision date=20181210133000
numflag nitrate, no unit, Revision date=20181210133000
organic_carbon, ug C/m3, Revision date=20181210133000
numflag organic_carbon, no unit, Revision date=20181210133000
organic_mass, ug/m3, Revision date=20181210133000
numflag organic_mass, no unit, Revision date=20181210133000
phosphorus, ng/m3, Revision date=20181210133000
numflag phosphorus, no unit, Revision date=20181210133000
pm10_mass, ug/m3, Version=2, Version description=Data extracted from http://views.cira.colostate.edu/fed/DataWizard 2019-12-16, Sample duration=1d, Orig. time res.=3d, Matrix=pm10, Blank correction=Blank corrected, Volume std. temperature=ambient, Volume std. pressure=ambient
numflag pm10_mass, no unit, Version=2, Version description=Data extracted from http://views.cira.colostate.edu/fed/DataWizard 2019-12-16, Sample duration=1d, Orig. time res.=3d, Matrix=pm10, Blank correction=Blank corrected, Volume std. temperature=ambient, Volume std. pressure=ambient
pm10_pm25_mass, ug/m3, Revision date=20181210133000, Matrix=pm10_pm25
numflag pm10_pm25_mass, no unit, Revision date=20181210133000, Matrix=pm10_pm25
pm25_mass, ug/m3, Version=2, Version description=Data extracted from http://views.cira.colostate.edu/fed/DataWizard 2019-12-16, Sample duration=1d, Orig. time res.=3d, Blank correction=Blank corrected, Volume std. temperature=ambient, Volume std. pressure=ambient
numflag pm25_mass, no unit, Version=2, Version description=Data extracted from http://views.cira.colostate.edu/fed/DataWizard 2019-12-16, Sample duration=1d, Orig. time res.=3d, Blank correction=Blank corrected, Volume std. temperature=ambient, Volume std. pressure=ambient
potassium, ug/m3, Revision date=20181210133000
numflag potassium, no unit, Revision date=20181210133000
sulphate_total, ug S/m3, Revision date=20181210133000
numflag sulphate_total, no unit, Revision date=20181210133000
0
25
Data definition:              EBAS_1.1
Set type code:                TU
Timezone:                     UTC
File name:                    US0010U.20040301060000.20191216000000.filterpack..pm25.10mo.1w.US03L_filterpack_US0010.US03L_IMPROVE_Davis.lev2.nas
File creation:                20191218115603
Startdate:                    20040301060000
Revision date:                20191216000000
Statistics:                   arithmetic mean
Data level:                   2
Period code:                  10mo
Resolution code:              1w
Station code:                 US0010U
Platform code:                US0010S
Station name:                 Birmingham
Station latitude:             33.5531
Station longitude:            -86.8148
Station altitude:             175.0 m
Regime:                       IMG
Component:                    
Matrix:                       pm25
Laboratory code:              US03L
Instrument type:              filterpack
Instrument name:              filterpack_US0010
Method ref:                   US03L_IMPROVE_Davis
starttime endtime Fe flag_Fe Pb flag_Pb Mg++ flag_Mg++ Ni flag_Ni NO3- flag_NO3- OC flag_OC OM flag_OM P flag_P PM10 flag_PM10 PM10-PM2.5 flag_PM10-PM2.5 PM2.5 flag_PM2.5 K+ flag_K+ SO4-- flag_SO4--
[from data line 83]
309.25 310.25   106.24 0.000    3.41 0.000 9.999 0.259000 99.99 0.259 0.162 0.000   2.342 0.000   3.278 0.000 999.9 0.259000  17.340 0.000   8.675 0.000   8.665 0.000  0.046 0.000  0.764 0.000
312.25 313.25    84.64 0.000    5.16 0.000 9.999 0.259000 99.99 0.259 0.073 0.000   2.315 0.000   3.241 0.000 999.9 0.259000  20.418 0.000  12.393 0.000   8.025 0.000  0.073 0.000  0.484 0.000
315.25 316.25   300.82 0.000   34.14 0.000 0.111 0.000000 99.99 0.259 0.133 0.000   1.927 0.000   2.698 0.000 999.9 0.259000  21.991 0.000  10.768 0.000  11.223 0.000  0.059 0.000  0.940 0.000
318.25 319.25   168.28 0.000    6.86 0.000 9.999 0.259000  0.36 0.000 0.049 0.000   1.502 0.000   2.102 0.000 999.9 0.259000  22.156 0.000  15.181 0.000   6.975 0.000  0.042 0.000  0.495 0.000
321.25 322.25   502.45 0.559   70.84 0.559 9.999 0.559259  0.29 0.559 0.362 0.559  12.178 0.000  17.050 0.000 999.9 0.559259  81.288 0.000  47.356 0.000  33.932 0.559  0.306 0.559  1.614 0.559
324.25 325.25   174.80 0.000    6.30 0.000 9.999 0.259000  0.13 0.000 0.322 0.559 999.999 0.999 999.999 0.999 999.9 0.259000  17.113 0.000   5.632 0.000  11.482 0.000  0.048 0.000  1.236 0.559
327.25 328.25   199.35 0.000   17.28 0.000 9.999 0.259000  0.36 0.000 0.151 0.559 999.999 0.999 999.999 0.999 999.9 0.259000  16.789 0.000   5.666 0.000  11.123 0.000  0.049 0.000  1.184 0.559
330.25 331.25   139.05 0.000   12.15 0.000 9.999 0.259000 99.99 0.259 0.133 0.559   4.704 0.000   6.586 0.000 999.9 0.259000  17.964 0.000   5.632 0.000  12.332 0.000  0.064 0.000  0.668 0.559
333.25 334.25   241.65 0.000   24.68 0.000 9.999 0.259000  0.16 0.000 0.103 0.559   2.909 0.000   4.073 0.000 999.9 0.259000  20.337 0.000  10.195 0.000  10.143 0.000  0.083 0.000  0.588 0.559
336.25 337.25   203.41 0.000   21.20 0.000 9.999 0.259000  0.12 0.000 0.372 0.559   5.287 0.000   7.401 0.000 999.9 0.259000  30.556 0.000  12.350 0.000  18.206 0.000  0.094 0.000  1.308 0.559
339.25 340.25   237.97 0.000   47.09 0.000 9.999 0.259000  0.18 0.000 0.248 0.559  12.031 0.000  16.843 0.000 999.9 0.259000  44.588 0.000  17.062 0.000  27.526 0.000  0.134 0.000  1.032 0.559
342.25 343.25   363.07 0.000   35.44 0.000 9.999 0.259000  0.29 0.000 0.153 0.000   5.107 0.000   7.150 0.000 999.9 0.259000  41.625 0.000  24.585 0.000  17.040 0.000  0.100 0.000  0.602 0.000
345.25 346.25    10.71 0.000    1.21 0.000 9.999 0.259000  0.16 0.000 0.139 0.559   0.807 0.000   1.130 0.000 999.9 0.259000   6.123 0.000   1.493 0.000   4.630 0.000  0.011 0.000  0.769 0.559
348.25 349.25    36.83 0.000    1.75 0.000 9.999 0.259000  0.12 0.000 0.419 0.000   1.219 0.000   1.707 0.000 999.9 0.259000  15.129 0.000   7.093 0.000   8.036 0.000  0.033 0.000  0.771 0.000
351.25 352.25   267.17 0.000   15.73 0.000 9.999 0.259000  0.20 0.000 0.363 0.559   7.409 0.000  10.373 0.000 999.9 0.259000  50.210 0.000  28.381 0.000  21.830 0.000  0.126 0.000  0.757 0.559
354.25 355.25    83.49 0.000    5.92 0.000 9.999 0.259000 99.99 0.259 0.340 0.000   1.619 0.000   2.267 0.000 999.9 0.259000  16.550 0.000   9.083 0.000   7.467 0.000  0.061 0.000  0.442 0.000
357.25 358.25    42.18 0.000    1.57 0.000 9.999 0.259000  0.12 0.000 0.252 0.000   0.846 0.000   1.185 0.000 999.9 0.259000  10.954 0.000   4.224 0.000   6.730 0.000  0.031 0.000  0.772 0.000
360.25 361.25    39.45 0.000    2.45 0.000 9.999 0.259000  0.12 0.000 0.492 0.000   2.337 0.000   3.272 0.000 999.9 0.259000  12.226 0.000   2.208 0.000  10.017 0.000  0.073 0.000  0.512 0.000
363.25 364.25   186.00 0.000   12.95 0.000 9.999 0.259000  0.12 0.000 0.297 0.000   4.477 0.000   6.268 0.000 999.9 0.259000  35.012 0.000  19.709 0.000  15.302 0.000  0.087 0.000  1.008 0.000
