scripts/IMPROVE-2019_partial/data/US0058R.20090101060000.20191216000000.filterpack...52w.3d.US03L_filterpack_US0058.US03L_IMPROVE_Davis.lev2.nas
51 1001
MISSING INFORMATION
US03L, IMPROVE, , , , , , , 
MISSING INFORMATION
IMPROVE sel_HTAP
1 1
2009 01 01 2019 12 16
3.00
days from file reference point
4
1 1 1 1
999.99 999.999 999.999 9.999
end_time of measurement, days from the file reference point
pm10_mass, ug/m3, Matrix=pm10
pm25_mass, ug/m3, Matrix=pm25
numflag, no unit
0
33
Data definition:              EBAS_1.1
Set type code:                TU
Timezone:                     UTC
File name:                    US0058R.20090101060000.20191216000000.filterpack...52w.3d.US03L_filterpack_US0058.US03L_IMPROVE_Davis.lev2.nas
File creation:                20191218115904
Startdate:                    20090101060000
Revision date:                20191216000000
Version:                      2
Version description:          "Data extracted from http://views.cira.colostate.edu/fed/DataWizard 2019-12-16"
Statistics:                   arithmetic mean
Data level:                   2
Period code:                  52w
Resolution code:              3d
Sample duration:              1d
Orig. time res.:              3d
Station code:                 US0058R
Platform code:                US0058S
Station name:                 Lostwood
Station latitude:             48.6419
Station longitude:            -102.4022
Station altitude:             696.0 m
Regime:                       IMG
Component:                    
Unit:                         ug/m3
Matrix:                       
Laboratory code:              US03L
Instrument type:              filterpack
Instrument name:              filterpack_US0058
Method ref:                   US03L_IMPROVE_Davis
Blank correction:             Blank corrected
Volume std. temperature:      ambient
Volume std. pressure:         ambient
starttime endtime PM10 PM2.5 flag
  0.25   1.25   3.298   4.079 0.000
  3.25   4.25   2.998   3.807 0.000
  6.25   7.25   5.027   6.279 0.000
  9.25  10.25   2.798   3.852 0.000
 12.25  13.25   1.855   2.718 0.000
 15.25  16.25   2.622   3.638 0.000
 18.25  19.25   3.942   3.212 0.000
 21.25  22.25  13.989   9.104 0.000
 24.25  25.25   6.734   4.784 0.000
 27.25  28.25  12.712   4.339 0.000
 30.25  31.25   5.385   1.659 0.000
 33.25  34.25  10.847   6.909 0.000
 36.25  37.25   8.837   6.219 0.000
 39.25  40.25   8.790   8.145 0.000
 42.25  43.25 999.999 999.999 0.999
 45.25  46.25   6.104   4.955 0.000
 48.25  49.25   3.391   2.563 0.000
 51.25  52.25   4.471   3.543 0.000
 54.25  55.25  13.621   8.989 0.000
 57.25  58.25   7.119   3.480 0.000
 60.25  61.25  19.492  12.825 0.000
 63.25  64.25   6.229   4.119 0.000
 66.25  67.25  10.740   5.142 0.000
 69.25  70.25   8.280   4.968 0.000
 72.25  73.25   4.132   1.962 0.000
 75.25  76.25   8.149   4.841 0.000
 78.25  79.25  10.878   5.479 0.000
 81.25  82.25   5.876   4.309 0.000
 84.25  85.25   5.224   1.900 0.000
 87.25  88.25  10.665   7.114 0.000
 90.25  91.25   9.668   4.290 0.000
 93.25  94.25   5.331   3.328 0.000
 96.25  97.25   9.362   4.607 0.000
 99.25 100.25   9.764   3.905 0.000
102.25 103.25   5.512   2.732 0.000
105.25 106.25   9.414   5.431 0.000
108.25 109.25   4.552   2.366 0.000
111.25 112.25 999.999 999.999 0.999
114.25 115.25  10.203   3.876 0.000
117.25 118.25   9.607   7.158 0.000
120.25 121.25   7.905   4.141 0.000
123.25 124.25  10.770   4.788 0.000
126.25 127.25  12.137   4.720 0.000
129.25 130.25  12.537   4.855 0.000
132.25 133.25   8.841   3.303 0.000
135.25 136.25   7.737   3.284 0.000
138.25 139.25  12.757   2.927 0.000
141.25 142.25  16.564   3.842 0.000
144.25 145.25   7.188   5.471 0.000
147.25 148.25  13.151   3.896 0.000
150.25 151.25  14.682   4.586 0.000
153.25 154.25  17.907   4.739 0.000
156.25 157.25   9.633   3.335 0.000
159.25 160.25   2.547   1.377 0.000
162.25 163.25   8.148   3.035 0.000
165.25 166.25  10.375   3.919 0.000
168.25 169.25  12.619   4.533 0.000
171.25 172.25  13.635   5.127 0.000
174.25 175.25  15.553   3.718 0.000
177.25 178.25  16.490   4.609 0.000
180.25 181.25   9.766   2.621 0.000
183.25 184.25   8.239   3.921 0.000
186.25 187.25   8.562   3.687 0.000
189.25 190.25  11.948   2.914 0.000
192.25 193.25   8.283   3.191 0.000
195.25 196.25 999.999 999.999 0.456
198.25 199.25 999.999 999.999 0.456
201.25 202.25 999.999 999.999 0.456
204.25 205.25 999.999 999.999 0.456
207.25 208.25 999.999 999.999 0.456
210.25 211.25   7.214   2.877 0.000
213.25 214.25  11.270   6.059 0.000
216.25 217.25  13.574   4.002 0.000
219.25 220.25   5.386   2.807 0.000
222.25 223.25  23.091   8.475 0.000
225.25 226.25   8.227   3.941 0.000
228.25 229.25   6.165   1.657 0.000
231.25 232.25   7.581   2.407 0.000
234.25 235.25  20.041   6.079 0.000
237.25 238.25  19.452   6.276 0.000
240.25 241.25  16.565   5.019 0.000
243.25 244.25  28.587   7.594 0.000
246.25 247.25  28.268   7.709 0.000
249.25 250.25  19.391   8.889 0.000
252.25 253.25  14.259   2.938 0.000
255.25 256.25  15.226 999.999 0.000
258.25 259.25  26.791 999.999 0.000
261.25 262.25  33.274 999.999 0.000
264.25 265.25   6.856 999.999 0.000
267.25 268.25  18.616   3.684 0.000
270.25 271.25   8.533   1.381 0.000
273.25 274.25   4.312   1.786 0.000
276.25 277.25   1.724   0.854 0.000
279.25 280.25 999.999 999.999 0.999
282.25 283.25   2.675   1.120 0.000
285.25 286.25   5.093   2.895 0.000
288.25 289.25   4.866   3.617 0.000
291.25 292.25   3.661   2.090 0.000
294.25 295.25   4.623   3.039 0.000
297.25 298.25   3.096   1.965 0.000
300.25 301.25   2.437   2.035 0.000
303.25 304.25   4.238   2.703 0.000
306.25 307.25   8.388   2.435 0.000
309.25 310.25  14.794   2.963 0.000
312.25 313.25   9.732   1.444 0.000
315.25 316.25  13.611   4.691 0.000
318.25 319.25  12.161   3.454 0.000
321.25 322.25  31.162   5.210 0.000
324.25 325.25  15.244   2.477 0.000
327.25 328.25  10.277   2.471 0.000
330.25 331.25  13.697   5.827 0.000
333.25 334.25   5.862   1.550 0.000
336.25 337.25   6.115   2.492 0.000
339.25 340.25   8.623   6.238 0.000
342.25 343.25   8.441   5.399 0.000
345.25 346.25   8.065   4.634 0.000
348.25 349.25  11.791   6.006 0.000
351.25 352.25  22.240  18.942 0.000
354.25 355.25   7.649   5.409 0.000
357.25 358.25 999.999 999.999 0.999
360.25 361.25 999.999 999.999 0.999
363.25 364.25   4.667   4.862 0.000
