scripts/IMPROVE-2019_partial/data/US0031R.20150103100000.20191216000000.filterpack...1y.3d.US03L_filterpack_US0031.US03L_IMPROVE_Davis.lev2.nas
52 1001
MISSING INFORMATION
US03L, IMPROVE, , , , , , , 
MISSING INFORMATION
IMPROVE sel_HTAP
1 1
2015 01 01 2019 12 16
3.000000
days from file reference point
5
1 1 1 1 1
999.999999 999.999 9.999 999.999 9.999
end_time of measurement, days from the file reference point
pm10_mass, ug/m3, Matrix=pm10
numflag pm10_mass, no unit, Matrix=pm10
pm25_mass, ug/m3, Matrix=pm25
numflag pm25_mass, no unit, Matrix=pm25
0
33
Data definition:              EBAS_1.1
Set type code:                TU
Timezone:                     UTC
File name:                    US0031R.20150103100000.20191216000000.filterpack...1y.3d.US03L_filterpack_US0031.US03L_IMPROVE_Davis.lev2.nas
File creation:                20191218115730
Startdate:                    20150103100000
Revision date:                20191216000000
Version:                      2
Version description:          "Data extracted from http://views.cira.colostate.edu/fed/DataWizard 2019-12-16"
Statistics:                   arithmetic mean
Data level:                   2
Period code:                  1y
Resolution code:              3d
Sample duration:              1d
Orig. time res.:              3d
Station code:                 US0031R
Platform code:                US0031S
Station name:                 Hawaii Volcanoes NP
Station latitude:             19.4309
Station longitude:            -155.2579
Station altitude:             1258.0 m
Regime:                       IMG
Component:                    
Unit:                         ug/m3
Matrix:                       
Laboratory code:              US03L
Instrument type:              filterpack
Instrument name:              filterpack_US0031
Method ref:                   US03L_IMPROVE_Davis
Blank correction:             Blank corrected
Volume std. temperature:      ambient
Volume std. pressure:         ambient
starttime endtime PM10 flag_PM10 PM2.5 flag_PM2.5
  2.416667   3.416667 999.999 0.999 999.999 0.999
  5.416667   6.416667  12.477 0.659  12.965 0.000
  8.416667   9.416667   7.703 0.659   5.917 0.000
 11.416667  12.416667  29.174 0.659  30.753 0.000
 14.416667  15.416667  22.509 0.659  23.080 0.000
 17.416667  18.416667   8.526 0.659   9.066 0.000
 20.416667  21.416667 999.999 0.999 999.999 0.999
 23.416667  24.416667   9.835 0.659  10.308 0.000
 26.416667  27.416667   2.393 0.659   1.061 0.000
 29.416667  30.416667   8.583 0.659   8.994 0.000
 32.416667  33.416667   8.438 0.659   8.624 0.000
 35.416667  36.416667  16.274 0.659  17.627 0.000
 38.416667  39.416667  13.619 0.659  14.007 0.000
 41.416667  42.416667  19.638 0.659  20.166 0.000
 44.416667  45.416667  13.450 0.659  12.872 0.000
 47.416667  48.416667   6.636 0.659   4.111 0.000
 50.416667  51.416667   8.565 0.659   9.193 0.000
 53.416667  54.416667   6.149 0.659   3.869 0.000
 56.416667  57.416667  14.615 0.659  14.504 0.000
 59.416667  60.416667   1.681 0.659   1.301 0.000
 62.416667  63.416667   0.748 0.659   0.549 0.000
 65.416667  66.416667   0.623 0.659   0.304 0.000
 68.416667  69.416667   3.829 0.659   3.651 0.000
 71.416667  72.416667   5.150 0.659   3.738 0.000
 74.416667  75.416667  13.261 0.659  13.144 0.000
 77.416667  78.416667  10.903 0.659  10.648 0.000
 80.416667  81.416667   6.768 0.659   3.772 0.000
 83.416667  84.416667   8.943 0.659   8.981 0.000
 86.416667  87.416667   3.617 0.659   2.135 0.000
 89.416667  90.416667   7.319 0.659   6.805 0.000
 92.416667  93.416667   7.381 0.659   4.747 0.000
 95.416667  96.416667   4.771 0.659   2.740 0.000
 98.416667  99.416667   2.267 0.659   1.170 0.000
101.416667 102.416667   0.990 0.659   0.510 0.000
104.416667 105.416667 999.999 0.999 999.999 0.999
107.416667 108.416667   6.245 0.659   3.303 0.000
110.416667 111.416667   4.333 0.659   2.171 0.000
113.416667 114.416667  12.162 0.659   9.068 0.000
116.416667 117.416667   9.553 0.659   9.837 0.000
119.416667 120.416667   3.951 0.659   1.846 0.000
122.416667 123.416667   3.313 0.659   1.985 0.000
125.416667 126.416667   7.445 0.659   3.829 0.000
128.416667 129.416667   3.177 0.659   1.581 0.000
131.416667 132.416667   3.819 0.659   2.088 0.000
134.416667 135.416667   6.259 0.659   3.034 0.000
137.416667 138.416667  11.796 0.659   5.743 0.000
140.416667 141.416667   9.767 0.659  11.165 0.000
143.416667 144.416667   5.206 0.659   5.893 0.000
146.416667 147.416667   3.570 0.659   3.119 0.000
149.416667 150.416667   9.778 0.659  11.064 0.000
152.416667 153.416667   3.312 0.659   1.815 0.000
155.416667 156.416667   6.204 0.659   5.319 0.000
158.416667 159.416667   3.064 0.659   1.796 0.000
161.416667 162.416667   8.230 0.659   2.321 0.000
164.416667 165.416667   2.825 0.659   1.443 0.000
167.416667 168.416667   0.738 0.659   0.361 0.000
170.416667 171.416667   4.120 0.659   1.977 0.000
173.416667 174.416667   4.870 0.659   2.195 0.000
176.416667 177.416667   7.965 0.659   2.792 0.000
179.416667 180.416667   8.944 0.659   6.670 0.000
182.416667 183.416667  20.872 0.659  21.028 0.000
185.416667 186.416667   4.857 0.659   1.265 0.000
188.416667 189.416667   4.906 0.659   2.433 0.000
191.416667 192.416667   5.989 0.659   6.361 0.000
194.416667 195.416667   2.649 0.659   1.474 0.000
197.416667 198.416667   3.589 0.659   2.364 0.000
200.416667 201.416667   6.146 0.659   1.535 0.000
203.416667 204.416667   5.452 0.659   1.317 0.000
206.416667 207.416667   5.596 0.659   1.842 0.000
209.416667 210.416667 999.999 0.999 999.999 0.999
212.416667 213.416667   2.164 0.659   0.871 0.000
215.416667 216.416667  30.363 0.659   3.017 0.000
218.416667 219.416667   9.017 0.659   3.604 0.000
221.416667 222.416667   6.130 0.659   2.751 0.000
224.416667 225.416667   1.267 0.659   0.453 0.000
227.416667 228.416667   5.136 0.659   4.201 0.000
230.416667 231.416667   9.967 0.659  10.836 0.000
233.416667 234.416667   3.871 0.659   2.682 0.000
236.416667 237.416667   8.238 0.659   8.718 0.000
239.416667 240.416667   2.742 0.659   1.720 0.000
242.416667 243.416667   5.061 0.659   4.671 0.000
245.416667 246.416667   6.913 0.659   5.586 0.000
248.416667 249.416667   4.851 0.659   4.068 0.000
251.416667 252.416667 999.999 0.999 999.999 0.999
254.416667 255.416667   6.693 0.659   7.677 0.000
257.416667 258.416667   2.117 0.659   1.005 0.000
260.416667 261.416667   3.423 0.659   1.763 0.000
263.416667 264.416667   1.632 0.659   0.941 0.000
266.416667 267.416667 999.999 0.999 999.999 0.999
269.416667 270.416667 999.999 0.999 999.999 0.999
272.416667 273.416667 999.999 0.999 999.999 0.999
275.416667 276.416667 999.999 0.999 999.999 0.999
278.416667 279.416667   2.177 0.659   1.533 0.000
281.416667 282.416667  18.377 0.000  18.154 0.000
284.416667 285.416667   5.347 0.000   3.110 0.000
287.416667 288.416667   0.901 0.000   0.406 0.000
290.416667 291.416667   2.617 0.000   1.310 0.000
293.416667 294.416667   1.594 0.000   0.659 0.000
296.416667 297.416667   2.044 0.000   1.158 0.000
299.416667 300.416667   5.039 0.000   2.210 0.000
302.416667 303.416667   5.053 0.000   3.947 0.000
305.416667 306.416667   6.694 0.000   3.799 0.000
308.416667 309.416667   0.865 0.000   0.437 0.000
311.416667 312.416667   2.214 0.000   0.936 0.000
314.416667 315.416667   5.198 0.000   2.343 0.000
317.416667 318.416667   2.907 0.000   1.381 0.000
320.416667 321.416667   1.770 0.000   0.781 0.000
323.416667 324.416667 999.999 0.999 999.999 0.999
326.416667 327.416667 999.999 0.999 999.999 0.999
329.416667 330.416667   1.164 0.000   0.376 0.000
332.416667 333.416667   5.232 0.000   2.247 0.000
335.416667 336.416667   3.339 0.000   1.533 0.000
338.416667 339.416667   3.241 0.000   1.369 0.000
341.416667 342.416667   3.436 0.000   2.466 0.000
344.416667 345.416667   3.917 0.000   2.281 0.000
347.416667 348.416667   3.100 0.000   2.661 0.000
350.416667 351.416667   5.024 0.000   1.313 0.000
353.416667 354.416667   4.179 0.000   1.809 0.000
356.416667 357.416667   2.899 0.000   1.722 0.000
359.416667 360.416667   2.301 0.000   1.069 0.000
362.416667 363.416667  25.337 0.000  25.873 0.000
