scripts/IMPROVE-2019_partial/data/US0010U.20160101060000.20191216000000.filterpack...52w.3d.US03L_filterpack_US0010.US03L_IMPROVE_Davis.lev2.nas
52 1001
MISSING INFORMATION
US03L, IMPROVE, , , , , , , 
MISSING INFORMATION
IMPROVE sel_HTAP
1 1
2016 01 01 2019 12 16
3.00
days from file reference point
5
1 1 1 1 1
999.99 999.999 9.999 999.999 9.999
end_time of measurement, days from the file reference point
pm10_mass, ug/m3, Matrix=pm10
numflag pm10_mass, no unit, Matrix=pm10
pm25_mass, ug/m3, Matrix=pm25
numflag pm25_mass, no unit, Matrix=pm25
0
33
Data definition:              EBAS_1.1
Set type code:                TU
Timezone:                     UTC
File name:                    US0010U.20160101060000.20191216000000.filterpack...52w.3d.US03L_filterpack_US0010.US03L_IMPROVE_Davis.lev2.nas
File creation:                20191218115604
Startdate:                    20160101060000
Revision date:                20191216000000
Version:                      2
Version description:          "Data extracted from http://views.cira.colostate.edu/fed/DataWizard 2019-12-16"
Statistics:                   arithmetic mean
Data level:                   2
Period code:                  52w
Resolution code:              3d
Sample duration:              1d
Orig. time res.:              3d
Station code:                 US0010U
Platform code:                US0010S
Station name:                 Birmingham
Station latitude:             33.5531
Station longitude:            -86.8148
Station altitude:             175.0 m
Regime:                       IMG
Component:                    
Unit:                         ug/m3
Matrix:                       
Laboratory code:              US03L
Instrument type:              filterpack
Instrument name:              filterpack_US0010
Method ref:                   US03L_IMPROVE_Davis
Blank correction:             Blank corrected
Volume std. temperature:      ambient
Volume std. pressure:         ambient
starttime endtime PM10 flag_PM10 PM2.5 flag_PM2.5
  0.25   1.25  11.698 0.000   9.931 0.000
  3.25   4.25   8.726 0.000   5.920 0.000
  6.25   7.25  12.991 0.000   6.211 0.000
  9.25  10.25   3.034 0.000   1.885 0.000
 12.25  13.25  26.332 0.000   8.988 0.000
 15.25  16.25   6.985 0.000   4.574 0.000
 18.25  19.25  13.653 0.000 999.999 0.456
 21.25  22.25   4.806 0.000   3.909 0.000
 24.25  25.25  16.571 0.000   7.341 0.000
 27.25  28.25  10.857 0.000   6.133 0.000
 30.25  31.25  10.608 0.000   4.058 0.000
 33.25  34.25   8.574 0.000   4.370 0.000
 36.25  37.25  17.324 0.000  10.555 0.000
 39.25  40.25   7.041 0.000   2.446 0.000
 42.25  43.25  20.115 0.000   9.941 0.000
 45.25  46.25  11.450 0.000   7.633 0.000
 48.25  49.25  19.092 0.000   8.613 0.000
 51.25  52.25  21.547 0.000   9.232 0.000
 54.25  55.25   5.111 0.000   3.174 0.000
 57.25  58.25  14.295 0.000   5.911 0.000
 60.25  61.25  15.513 0.000   7.675 0.000
 63.25  64.25   8.249 0.000   4.486 0.000
 66.25  67.25  15.505 0.000   9.639 0.000
 69.25  70.25  19.167 0.000   5.670 0.000
 72.25  73.25   9.995 0.000   6.086 0.000
 75.25  76.25  23.482 0.000   9.656 0.000
 78.25  79.25  13.715 0.000   9.968 0.000
 81.25  82.25  38.958 0.000  14.964 0.000
 84.25  85.25  19.551 0.000  10.086 0.000
 87.25  88.25  13.381 0.000   5.814 0.000
 90.25  91.25  14.965 0.000   8.518 0.000
 93.25  94.25  11.151 0.000   4.853 0.000
 96.25  97.25  26.458 0.000  11.439 0.000
 99.25 100.25  11.895 0.000   4.535 0.000
102.25 103.25  10.895 0.000   4.491 0.000
105.25 106.25  15.900 0.000   5.400 0.000
108.25 109.25  75.326 0.000  17.863 0.000
111.25 112.25  22.681 0.000   8.064 0.000
114.25 115.25  20.590 0.000  10.066 0.000
117.25 118.25  16.167 0.000   6.672 0.000
120.25 121.25  16.431 0.000   8.041 0.000
123.25 124.25  11.291 0.000   4.570 0.000
126.25 127.25  14.324 0.000   5.967 0.000
129.25 130.25  16.284 0.000   7.996 0.000
132.25 133.25  29.155 0.000  12.716 0.000
135.25 136.25  11.129 0.000   4.774 0.000
138.25 139.25  17.099 0.000   8.465 0.000
141.25 142.25  13.610 0.000   5.890 0.000
144.25 145.25  45.042 0.000  18.959 0.000
147.25 148.25  23.311 0.000  11.967 0.000
150.25 151.25  25.437 0.000  13.791 0.000
153.25 154.25  28.789 0.000  16.852 0.000
156.25 157.25   6.926 0.000   3.167 0.000
159.25 160.25  17.588 0.000   6.817 0.000
162.25 163.25  38.708 0.000  18.510 0.000
165.25 166.25  10.588 0.000   5.621 0.000
168.25 169.25  23.468 0.000  11.922 0.000
171.25 172.25  19.298 0.000   8.947 0.000
174.25 175.25  22.270 0.000  11.366 0.000
177.25 178.25  20.899 0.000  13.060 0.000
180.25 181.25  22.925 0.000  10.717 0.000
183.25 184.25  21.484 0.000  11.474 0.000
186.25 187.25  13.683 0.000   6.918 0.000
189.25 190.25  18.345 0.000   7.655 0.000
192.25 193.25  14.574 0.000   6.374 0.000
195.25 196.25  13.071 0.000   5.658 0.000
198.25 199.25  12.126 0.000   6.263 0.000
201.25 202.25 999.999 0.456 999.999 0.456
204.25 205.25   4.528 0.000  12.126 0.000
207.25 208.25  20.486 0.000   6.386 0.000
210.25 211.25  14.651 0.000   6.922 0.000
213.25 214.25  12.956 0.000   7.670 0.000
216.25 217.25  27.731 0.000  13.561 0.000
219.25 220.25  13.268 0.000   8.276 0.000
222.25 223.25   7.394 0.000   3.191 0.000
225.25 226.25  10.971 0.000   4.736 0.000
228.25 229.25  16.727 0.000   6.388 0.000
231.25 232.25  13.071 0.000   5.286 0.000
234.25 235.25  17.456 0.000   7.991 0.000
237.25 238.25  24.036 0.000  13.115 0.000
240.25 241.25  20.555 0.000  11.684 0.000
243.25 244.25  21.204 0.000  10.649 0.000
246.25 247.25   9.215 0.000   5.058 0.000
249.25 250.25  29.721 0.000  12.174 0.000
252.25 253.25  25.003 0.000  10.923 0.000
255.25 256.25  25.650 0.000  11.150 0.000
258.25 259.25  31.326 0.000  13.604 0.000
261.25 262.25   7.383 0.000   4.318 0.000
264.25 265.25  19.833 0.000   9.570 0.000
267.25 268.25  26.106 0.000  12.733 0.659
270.25 271.25  18.031 0.000   9.263 0.659
273.25 274.25  18.443 0.000   6.217 0.000
276.25 277.25  22.358 0.000   9.066 0.000
279.25 280.25  19.230 0.000   6.677 0.000
282.25 283.25  16.389 0.000   4.781 0.000
285.25 286.25  28.768 0.000   9.774 0.000
288.25 289.25  17.911 0.000   8.859 0.000
291.25 292.25  16.478 0.000   5.313 0.659
294.25 295.25  13.788 0.000   4.197 0.000
297.25 298.25  51.562 0.000  15.452 0.000
300.25 301.25  32.148 0.000  10.717 0.659
303.25 304.25  40.822 0.000  17.071 0.659
306.25 307.25  30.498 0.000  12.050 0.000
309.25 310.25  17.615 0.000   7.224 0.659
312.25 313.25  28.178 0.000   9.215 0.000
315.25 316.25  42.955 0.000  20.553 0.000
318.25 319.25  54.005 0.000  22.284 0.000
321.25 322.25  49.046 0.000  17.462 0.000
324.25 325.25   8.860 0.000   4.291 0.000
327.25 328.25  29.249 0.000  10.429 0.000
330.25 331.25  12.435 0.000   7.600 0.000
333.25 334.25  10.708 0.000   5.442 0.000
336.25 337.25  31.359 0.000  11.797 0.000
339.25 340.25   4.875 0.000   4.069 0.000
342.25 343.25   7.574 0.000   4.256 0.000
345.25 346.25  14.795 0.000   8.921 0.000
348.25 349.25   9.741 0.000   5.830 0.000
351.25 352.25  14.594 0.000   8.287 0.000
354.25 355.25 999.999 0.999 999.999 0.999
357.25 358.25  15.898 0.000   9.213 0.000
360.25 361.25  15.496 0.000   8.343 0.000
363.25 364.25   9.104 0.000   4.554 0.000
