scripts/IMPROVE-2019_partial/data/US0084R.20030103080000.20191216000000.filterpack..pm25.1y.1w.US03L_filterpack_US0084.US03L_IMPROVE_Davis.lev2.nas
66 1001
MISSING INFORMATION
US03L, IMPROVE, , , , , , , 
MISSING INFORMATION
IMPROVE sel_HTAP
1 1
2003 01 01 2019 12 16
3.000000
days from file reference point
27
1 1 1 1 1 1 1 1 1 1 1 1 1 1 1 1 1 1 1 1 1 1 1 1 1 1 1
999.999999 9999.99 9.999 99.99 9.999 9.999 9.999999 99.99 9.999 99.999 9.999 999.999 9.999 999.999 9.999 999.99 9.999999 999.999 9.999 999.999 9.999 999.999 9.999 9.999 9.999 99.999 9.999
end_time of measurement, days from the file reference point
iron, ng/m3, Revision date=20181210133000
numflag iron, no unit, Revision date=20181210133000
lead, ng/m3, Revision date=20181210133000
numflag lead, no unit, Revision date=20181210133000
magnesium, ug/m3, Revision date=20181210133000
numflag magnesium, no unit, Revision date=20181210133000
nickel, ng/m3, Revision date=20181210133000
numflag nickel, no unit, Revision date=20181210133000
nitrate, ug N/m3, Revision date=20181210133000
numflag nitrate, no unit, Revision date=20181210133000
organic_carbon, ug C/m3, Revision date=20181210133000
numflag organic_carbon, no unit, Revision date=20181210133000
organic_mass, ug/m3, Revision date=20181210133000
numflag organic_mass, no unit, Revision date=20181210133000
phosphorus, ng/m3, Revision date=20181210133000
numflag phosphorus, no unit, Revision date=20181210133000
pm10_mass, ug/m3, Version=2, Version description=Data extracted from http://views.cira.colostate.edu/fed/DataWizard 2019-12-16, Sample duration=1d, Orig. time res.=3d, Matrix=pm10, Blank correction=Blank corrected, Volume std. temperature=ambient, Volume std. pressure=ambient
numflag pm10_mass, no unit, Version=2, Version description=Data extracted from http://views.cira.colostate.edu/fed/DataWizard 2019-12-16, Sample duration=1d, Orig. time res.=3d, Matrix=pm10, Blank correction=Blank corrected, Volume std. temperature=ambient, Volume std. pressure=ambient
pm10_pm25_mass, ug/m3, Revision date=20181210133000, Matrix=pm10_pm25
numflag pm10_pm25_mass, no unit, Revision date=20181210133000, Matrix=pm10_pm25
pm25_mass, ug/m3, Version=2, Version description=Data extracted from http://views.cira.colostate.edu/fed/DataWizard 2019-12-16, Sample duration=1d, Orig. time res.=3d, Blank correction=Blank corrected, Volume std. temperature=ambient, Volume std. pressure=ambient
numflag pm25_mass, no unit, Version=2, Version description=Data extracted from http://views.cira.colostate.edu/fed/DataWizard 2019-12-16, Sample duration=1d, Orig. time res.=3d, Blank correction=Blank corrected, Volume std. temperature=ambient, Volume std. pressure=ambient
potassium, ug/m3, Revision date=20181210133000
numflag potassium, no unit, Revision date=20181210133000
sulphate_total, ug S/m3, Revision date=20181210133000
numflag sulphate_total, no unit, Revision date=20181210133000
0
25
Data definition:              EBAS_1.1
Set type code:                TU
Timezone:                     UTC
File name:                    US0084R.20030103080000.20191216000000.filterpack..pm25.1y.1w.US03L_filterpack_US0084.US03L_IMPROVE_Davis.lev2.nas
File creation:                20191218120107
Startdate:                    20030103080000
Revision date:                20191216000000
Statistics:                   arithmetic mean
Data level:                   2
Period code:                  1y
Resolution code:              1w
Station code:                 US0084R
Platform code:                US0084S
Station name:                 Columbia Gorge #1
Station latitude:             45.5693
Station longitude:            -122.2103
Station altitude:             230.0 m
Regime:                       IMG
Component:                    
Matrix:                       pm25
Laboratory code:              US03L
Instrument type:              filterpack
Instrument name:              filterpack_US0084
Method ref:                   US03L_IMPROVE_Davis
starttime endtime Fe flag_Fe Pb flag_Pb Mg++ flag_Mg++ Ni flag_Ni NO3- flag_NO3- OC flag_OC OM flag_OM P flag_P PM10 flag_PM10 PM10-PM2.5 flag_PM10-PM2.5 PM2.5 flag_PM2.5 K+ flag_K+ SO4-- flag_SO4--
  2.333333   3.333333    7.78 0.000  0.61 0.000 0.026 0.000000 99.99 0.259  0.027 0.000   0.853 0.000   1.194 0.000 999.99 0.259000   3.886 0.000   1.854 0.000   2.032 0.000 0.017 0.000  0.038 0.000
  5.333333   6.333333    7.76 0.000  0.48 0.000 0.028 0.000000 99.99 0.259  0.329 0.000   0.698 0.000   0.977 0.000 999.99 0.259000   6.944 0.000   2.053 0.000   4.891 0.000 0.020 0.000  0.593 0.000
  8.333333   9.333333    6.79 0.000  0.47 0.000 9.999 0.259000 99.99 0.259  0.196 0.000   1.120 0.000   1.568 0.000 999.99 0.259000   3.681 0.000   0.849 0.000   2.833 0.000 0.016 0.000  0.146 0.000
 11.333333  12.333333    9.72 0.000  1.25 0.000 0.015 0.000000  0.12 0.000  0.310 0.000   1.208 0.000   1.691 0.000 999.99 0.259000   3.659 0.000   0.644 0.000   3.015 0.000 0.022 0.000  0.121 0.000
 14.333333  15.333333    9.10 0.000  0.43 0.000 9.999 0.259000 99.99 0.259  0.096 0.000   0.925 0.000   1.295 0.000 999.99 0.259000   3.451 0.000   0.510 0.000   2.942 0.000 0.011 0.000  0.265 0.000
 17.333333  18.333333   11.59 0.000  0.67 0.000 0.022 0.000000 99.99 0.259  0.486 0.000   1.124 0.000   1.574 0.000 999.99 0.259000   6.237 0.000   2.343 0.000   3.895 0.000 0.014 0.000  0.440 0.000
 20.333333  21.333333    9.59 0.000  0.58 0.000 0.036 0.000000  0.15 0.000  0.581 0.000   1.214 0.000   1.699 0.000 999.99 0.259000   9.193 0.000   0.802 0.000   8.391 0.000 0.015 0.000  1.146 0.000
 23.333333  24.333333    5.17 0.000  0.45 0.000 0.027 0.000000 99.99 0.259  0.064 0.000   0.816 0.000   1.142 0.000 999.99 0.259000   3.142 0.000   0.683 0.000   2.458 0.000 0.019 0.000  0.049 0.000
 26.333333  27.333333   14.36 0.000  1.98 0.000 9.999 0.259000  0.36 0.000  0.134 0.000   0.879 0.000   1.231 0.000 999.99 0.259000   7.277 0.000   2.802 0.000   4.475 0.000 0.036 0.000  0.166 0.000
 29.333333  30.333333    3.42 0.000  0.48 0.000 9.999 0.259000  0.05 0.000  0.019 0.000   0.332 0.000   0.465 0.000 999.99 0.259000   0.945 0.000   0.456 0.000   0.489 0.000 0.005 0.000  0.023 0.000
 32.333333  33.333333   26.61 0.000  1.63 0.000 9.999 0.259000  0.37 0.000  0.206 0.000   1.204 0.000   1.685 0.000 999.99 0.259000   4.588 0.000   1.482 0.000   3.107 0.000 0.033 0.000  0.152 0.000
 35.333333  36.333333   20.25 0.000  0.52 0.000 9.999 0.259000 99.99 0.259  0.028 0.000   0.861 0.000   1.206 0.000 999.99 0.259000   2.952 0.000   0.872 0.000   2.080 0.000 0.015 0.000  0.061 0.000
 38.333333  39.333333   25.89 0.000  1.68 0.000 9.999 0.259000  0.06 0.000  1.314 0.000   1.820 0.000   2.548 0.000 999.99 0.259000  11.768 0.000   2.540 0.000   9.228 0.000 0.049 0.000  0.281 0.000
 41.333333  42.333333   23.74 0.000  0.77 0.000 9.999 0.259000 99.99 0.259  0.185 0.000   1.117 0.000   1.564 0.000 999.99 0.259000   7.018 0.000   3.899 0.000   3.119 0.000 0.025 0.000  0.151 0.000
 44.333333  45.333333   13.83 0.000  1.36 0.000 9.999 0.259000  0.20 0.000  0.185 0.000   1.758 0.000   2.461 0.000 999.99 0.259000   5.794 0.000   1.411 0.000   4.383 0.000 0.029 0.000  0.245 0.000
 47.333333  48.333333    2.64 0.000 99.99 0.259 9.999 0.259000 99.99 0.259  0.013 0.000   0.340 0.000   0.475 0.000 999.99 0.259000   0.951 0.000   0.241 0.000   0.710 0.000 0.007 0.000  0.022 0.000
 50.333333  51.333333    4.19 0.000  0.31 0.000 0.021 0.000000 99.99 0.259  0.037 0.000   0.413 0.000   0.578 0.000   1.09 0.000000 999.999 0.456 999.999 0.999   0.948 0.000 0.010 0.000  0.052 0.000
 53.333333  54.333333   19.60 0.000  0.73 0.000 0.022 0.000000  0.19 0.000  0.070 0.000   0.698 0.000   0.977 0.000 999.99 0.259000 999.999 0.456 999.999 0.999   2.274 0.000 0.024 0.000  0.182 0.000
 56.333333  57.333333   46.74 0.000  2.56 0.000 9.999 0.259000  0.28 0.000  0.476 0.559   2.403 0.000   3.364 0.000 999.99 0.259000  13.558 0.000   6.115 0.000   7.443 0.000 0.069 0.000  0.314 0.559
 59.333333  60.333333   12.29 0.000  1.06 0.000 0.024 0.000000 99.99 0.259  0.024 0.000   0.985 0.000   1.379 0.000 999.99 0.259000   2.687 0.000   0.935 0.000   1.752 0.000 0.016 0.000  0.083 0.000
 62.333333  63.333333 9999.99 0.456 99.99 0.456 9.999 0.456000 99.99 0.456  0.403 0.000   2.006 0.000   2.809 0.000 999.99 0.456000   7.312 0.000 999.999 0.999 999.999 0.456 9.999 0.456  0.416 0.000
 65.333333  66.333333    7.03 0.000  0.59 0.000 0.025 0.000000  0.25 0.000  0.055 0.000   0.372 0.000   0.520 0.000 999.99 0.259000   1.901 0.000   0.667 0.000   1.235 0.000 0.013 0.000  0.116 0.000
 68.333333  69.333333   11.43 0.000  0.57 0.000 0.019 0.000000  0.42 0.000  0.023 0.000   0.640 0.000   0.896 0.000 999.99 0.259000   3.739 0.000   2.326 0.000   1.413 0.000 0.014 0.000  0.061 0.000
 71.333333  72.333333 9999.99 0.259  0.21 0.000 0.102 0.000000 99.99 0.259  0.028 0.000   0.587 0.000   0.822 0.000 999.99 0.259000   2.835 0.000   2.555 0.000   0.280 0.000 9.999 0.259  0.057 0.000
 74.333333  75.333333    8.28 0.000  0.89 0.000 0.020 0.000000 99.99 0.259  0.045 0.000   0.507 0.000   0.711 0.000 999.99 0.259000   3.082 0.000   1.446 0.000   1.636 0.000 0.014 0.000  0.062 0.000
 77.333333  78.333333   15.15 0.000  1.13 0.000 0.025 0.000000 99.99 0.259  0.075 0.000   0.664 0.000   0.930 0.000 999.99 0.259000   3.348 0.000   1.351 0.000   1.997 0.000 0.017 0.000  0.091 0.000
 80.333333  81.333333   26.84 0.000  0.55 0.000 0.016 0.000000 99.99 0.259  0.037 0.000   0.387 0.000   0.542 0.000 999.99 0.259000   2.439 0.000   1.025 0.000   1.413 0.000 0.018 0.000  0.062 0.000
 83.333333  84.333333    9.80 0.000  1.27 0.000 0.022 0.000000 99.99 0.259  0.073 0.000   0.664 0.000   0.930 0.000 999.99 0.259000   3.142 0.000   1.351 0.000   1.790 0.000 0.016 0.000  0.109 0.000
 86.333333  87.333333   20.38 0.000  0.83 0.000 9.999 0.259000 99.99 0.259  0.064 0.000   0.891 0.000   1.247 0.000   6.10 0.000000   3.679 0.000   1.669 0.000   2.010 0.000 0.014 0.000  0.090 0.000
 89.333333  90.333333   15.39 0.000  0.95 0.000 9.999 0.259000  0.24 0.000  0.095 0.000   0.819 0.000   1.146 0.000 999.99 0.259000   4.092 0.000   1.643 0.000   2.449 0.000 0.022 0.000  0.152 0.000
 92.333333  93.333333    5.15 0.000  0.86 0.000 9.999 0.259000 99.99 0.259  0.025 0.000   0.281 0.000   0.393 0.000 999.99 0.259000   1.506 0.000   0.421 0.000   1.085 0.000 0.010 0.000  0.069 0.000
 95.333333  96.333333   14.90 0.000  1.52 0.000 9.999 0.259000 99.99 0.259  0.061 0.000   0.771 0.000   1.080 0.000 999.99 0.259000   3.577 0.000   1.314 0.000   2.264 0.000 0.024 0.000  0.155 0.000
 98.333333  99.333333   14.68 0.000  0.91 0.000 9.999 0.259000 99.99 0.259  0.030 0.000   0.534 0.000   0.747 0.000 999.99 0.259000   2.537 0.000   1.221 0.000   1.316 0.000 0.018 0.000  0.091 0.000
101.333333 102.333333   27.82 0.000  5.54 0.000 9.999 0.259000  0.35 0.000  0.267 0.000   1.099 0.000   1.539 0.000 999.99 0.259000   4.699 0.000   1.180 0.000   3.519 0.000 0.037 0.000  0.268 0.000
104.333333 105.333333   10.51 0.000  0.91 0.000 0.025 0.000000  0.12 0.000  0.047 0.000   0.462 0.000   0.647 0.000 999.99 0.259000   3.119 0.000   1.521 0.000   1.598 0.000 0.014 0.000  0.094 0.000
107.333333 108.333333   22.15 0.000  2.09 0.000 0.051 0.000000  0.22 0.000  0.281 0.000   1.693 0.000   2.370 0.000 999.99 0.259000   8.923 0.000   2.873 0.000   6.049 0.000 0.045 0.000  0.461 0.000
110.333333 111.333333   34.27 0.000  3.09 0.000 9.999 0.259000  0.27 0.000  0.254 0.000   0.876 0.000   1.226 0.000 999.99 0.259000   7.360 0.000   2.021 0.000   5.340 0.000 0.060 0.000  0.621 0.000
113.333333 114.333333    9.52 0.000  0.65 0.000 9.999 0.259000 99.99 0.259  0.049 0.000   0.493 0.000   0.690 0.000 999.99 0.259000   2.468 0.000   1.254 0.000   1.214 0.000 0.018 0.000  0.085 0.000
116.333333 117.333333   13.06 0.000  0.78 0.000 9.999 0.259000 99.99 0.259  0.021 0.000   0.556 0.000   0.779 0.000 999.99 0.259000   3.618 0.000   2.291 0.000   1.327 0.000 0.018 0.000  0.093 0.000
119.333333 120.333333   36.15 0.000  1.46 0.000 0.014 0.000000 99.99 0.259  0.085 0.000   1.072 0.000   1.501 0.000 999.99 0.259000   4.518 0.000   2.027 0.000   2.491 0.000 0.021 0.000  0.143 0.000
122.333333 123.333333   22.55 0.000  1.81 0.000 9.999 0.259000  0.29 0.000  0.130 0.000   1.403 0.000   1.964 0.000 999.99 0.259000  10.438 0.000   4.310 0.000   6.128 0.000 0.039 0.000  0.633 0.000
125.333333 126.333333   23.08 0.000  1.96 0.000 9.999 0.259000 99.99 0.259  0.148 0.000   1.787 0.000   2.502 0.000 999.99 0.259000   9.955 0.000   4.184 0.000   5.771 0.000 0.044 0.000  0.424 0.000
128.333333 129.333333   38.57 0.000  2.38 0.000 0.069 0.000000  4.06 0.000  0.212 0.000   2.106 0.000   2.949 0.000 999.99 0.259000  11.406 0.000   4.120 0.000   7.285 0.000 0.039 0.000  0.566 0.000
131.333333 132.333333   24.86 0.000  1.94 0.000 9.999 0.259000  0.30 0.000  0.212 0.000   1.481 0.000   2.073 0.000 999.99 0.259000  10.229 0.000   2.913 0.000   7.316 0.000 0.033 0.000  0.865 0.000
134.333333 135.333333   15.76 0.000  1.24 0.000 9.999 0.259000  0.54 0.000  0.104 0.000   1.381 0.000   1.934 0.000 999.99 0.259000   9.175 0.000   4.161 0.000   5.014 0.000 0.031 0.000  0.384 0.000
137.333333 138.333333    7.91 0.000  1.26 0.000 9.999 0.259000  0.12 0.000  0.072 0.000   1.172 0.000   1.641 0.000 999.99 0.259000   5.166 0.000   1.847 0.000   3.319 0.000 0.016 0.000  0.239 0.000
140.333333 141.333333   68.14 0.000  2.94 0.000 9.999 0.259000  0.86 0.000  0.213 0.000   2.698 0.000   3.777 0.000 999.99 0.259000  19.378 0.000  11.720 0.000   7.657 0.000 0.059 0.000  0.356 0.000
143.333333 144.333333   31.43 0.000  3.06 0.000 9.999 0.259000  0.30 0.000  0.093 0.000   2.855 0.000   3.997 0.000 999.99 0.259000  13.930 0.000   7.235 0.000   6.695 0.000 0.058 0.000  0.229 0.000
146.333333 147.333333   38.78 0.000  1.68 0.000 9.999 0.259000 99.99 0.259  0.053 0.000   1.717 0.000   2.404 0.000 999.99 0.259000  13.813 0.000   8.938 0.000   4.876 0.000 0.030 0.000  0.234 0.000
149.333333 150.333333   38.71 0.000  2.27 0.000 9.999 0.259000  0.33 0.000  0.208 0.000   3.058 0.000   4.281 0.000 999.99 0.259000  15.909 0.000   7.401 0.000   8.508 0.000 0.051 0.000  0.501 0.000
152.333333 153.333333   29.26 0.000  1.75 0.000 9.999 0.259000  0.39 0.000  0.174 0.000   1.687 0.000   2.361 0.000 999.99 0.259000  17.507 0.000   9.942 0.000   7.564 0.000 0.050 0.000  0.620 0.000
155.333333 156.333333  104.19 0.000  0.73 0.000 9.999 0.259000 99.99 0.259  0.027 0.000   3.299 0.000   4.619 0.000 999.99 0.259000  23.686 0.000  16.555 0.000   7.130 0.000 0.064 0.000  0.226 0.000
158.333333 159.333333   31.28 0.000  1.72 0.000 9.999 0.259000  0.54 0.000  0.387 0.000   2.200 0.000   3.079 0.000 999.99 0.259000  18.879 0.000   8.838 0.000  10.041 0.000 0.083 0.000  0.873 0.000
161.333333 162.333333   89.13 0.000  1.55 0.000 9.999 0.259000  0.48 0.000  0.214 0.000   1.438 0.000   2.013 0.000 999.99 0.259000  21.963 0.000  14.987 0.000   6.976 0.000 0.058 0.000  0.591 0.000
164.333333 165.333333   11.80 0.000  2.92 0.000 9.999 0.259000  0.15 0.000  0.104 0.000   1.054 0.000   1.475 0.000 999.99 0.259000   8.233 0.000   3.955 0.000   4.278 0.000 0.041 0.000  0.366 0.000
167.333333 168.333333 9999.99 0.456 99.99 0.456 9.999 0.456000 99.99 0.456  0.097 0.000   2.980 0.000   4.172 0.000 999.99 0.456000  18.699 0.000 999.999 0.999 999.999 0.456 9.999 0.456  0.422 0.000
170.333333 171.333333   22.28 0.000  1.75 0.000 0.026 0.000000  0.36 0.000  0.056 0.000   0.557 0.000   0.780 0.000 999.99 0.259000   4.895 0.000   2.528 0.000   2.367 0.000 0.022 0.000  0.209 0.000
173.333333 174.333333    9.52 0.000  1.87 0.000 9.999 0.259000  0.30 0.000  0.113 0.000   0.694 0.000   0.972 0.000 999.99 0.259000   7.152 0.000   3.696 0.000   3.457 0.000 0.039 0.000  0.322 0.000
176.333333 177.333333   70.42 0.000  3.13 0.000 9.999 0.259000  0.49 0.000  0.154 0.000   2.307 0.000   3.229 0.000 999.99 0.259000  17.278 0.000   9.328 0.000   7.950 0.000 0.117 0.000  0.592 0.000
179.333333 180.333333   83.04 0.000  1.57 0.000 0.025 0.000000  0.19 0.000  0.076 0.000   3.349 0.000   4.689 0.000 999.99 0.259000  23.628 0.000  15.352 0.000   8.276 0.000 0.085 0.000  0.289 0.000
182.333333 183.333333 9999.99 0.999 99.99 0.999 9.999 0.999000 99.99 0.999 99.999 0.999 999.999 0.999 999.999 0.999 999.99 0.999000 999.999 0.999 999.999 0.999 999.999 0.999 9.999 0.999 99.999 0.999
185.333333 186.333333 9999.99 0.999 99.99 0.999 9.999 0.999000 99.99 0.999 99.999 0.999 999.999 0.999 999.999 0.999 999.99 0.999000 999.999 0.999 999.999 0.999 999.999 0.999 9.999 0.999 99.999 0.999
188.333333 189.333333 9999.99 0.999 99.99 0.999 9.999 0.999000 99.99 0.999 99.999 0.999 999.999 0.999 999.999 0.999 999.99 0.999000 999.999 0.999 999.999 0.999 999.999 0.999 9.999 0.999 99.999 0.999
191.333333 192.333333   64.50 0.000  4.12 0.000 9.999 0.259000  0.63 0.000  0.185 0.000   1.800 0.000   2.519 0.000 999.99 0.259000  19.419 0.000  11.255 0.000   8.164 0.000 0.067 0.000  0.824 0.000
194.333333 195.333333   51.25 0.000  1.63 0.000 9.999 0.259000  0.14 0.000  0.074 0.000   0.935 0.000   1.309 0.000 999.99 0.259000  16.493 0.000  12.476 0.000   4.017 0.000 0.044 0.000  0.282 0.000
197.333333 198.333333  107.27 0.000  2.11 0.000 9.999 0.259000  0.26 0.000  0.071 0.000   1.193 0.000   1.670 0.000 999.99 0.259000  20.546 0.000  15.299 0.000   5.247 0.000 0.052 0.000  0.296 0.000
200.333333 201.333333   66.87 0.000  2.34 0.000 9.999 0.259000  0.17 0.000  0.033 0.559   0.856 0.000   1.198 0.000 999.99 0.259000  16.529 0.000  13.350 0.000   3.179 0.000 0.055 0.000  0.198 0.559
203.333333 204.333333   54.26 0.000  1.84 0.000 9.999 0.259000  0.24 0.000  0.199 0.000   0.848 0.000   1.188 0.000 999.99 0.259000  17.898 0.000  11.915 0.000   5.983 0.000 0.052 0.000  0.395 0.000
206.333333 207.333333   38.80 0.000  2.10 0.000 9.999 0.259000  0.35 0.000  0.176 0.000   0.999 0.000   1.399 0.000 999.99 0.259000  17.485 0.000  10.478 0.000   7.007 0.000 0.050 0.000  0.717 0.000
209.333333 210.333333  119.71 0.000  3.49 0.000 9.999 0.259000  0.27 0.000  0.090 0.000   3.187 0.000   4.462 0.000 999.99 0.259000  27.032 0.000  16.584 0.000  10.448 0.000 0.102 0.000  0.471 0.000
212.333333 213.333333   87.51 0.000  2.72 0.000 9.999 0.259000  0.15 0.000  0.158 0.000   1.240 0.000   1.737 0.000 999.99 0.259000  23.438 0.000  16.867 0.000   6.571 0.000 0.069 0.000  0.503 0.000
215.333333 216.333333   94.06 0.000  3.11 0.000 9.999 0.259000  0.21 0.000  0.268 0.000   3.277 0.000   4.588 0.000 999.99 0.259000  29.627 0.000  17.771 0.000  11.856 0.000 0.087 0.000  0.727 0.000
218.333333 219.333333   64.81 0.000  0.65 0.000 9.999 0.259000  0.18 0.000  0.059 0.000   1.446 0.000   2.024 0.000 999.99 0.259000  17.116 0.000  11.698 0.000   5.418 0.000 0.041 0.000  0.293 0.000
221.333333 222.333333   28.68 0.000  1.48 0.000 9.999 0.259000  0.22 0.000  0.137 0.000   1.239 0.000   1.735 0.000 999.99 0.259000  13.437 0.000   8.517 0.000   4.920 0.000 0.038 0.000  0.357 0.000
224.333333 225.333333   58.37 0.000  2.37 0.000 9.999 0.259000  0.28 0.000  0.135 0.000   1.416 0.000   1.982 0.000 999.99 0.259000  14.300 0.000   8.975 0.000   5.325 0.000 0.053 0.000  0.405 0.000
227.333333 228.333333   36.64 0.000  1.70 0.000 9.999 0.259000  0.24 0.000  0.161 0.000   1.193 0.000   1.670 0.000 999.99 0.259000  13.683 0.000   8.754 0.000   4.929 0.000 0.032 0.000  0.442 0.000
230.333333 231.333333   29.53 0.000  1.20 0.000 9.999 0.259000  0.22 0.000  0.164 0.000   0.650 0.000   0.910 0.000 999.99 0.259000  14.284 0.000   9.470 0.000   4.815 0.000 0.042 0.000  0.431 0.000
233.333333 234.333333   34.99 0.000  0.68 0.000 0.067 0.000000  0.40 0.000  0.156 0.000   1.013 0.000   1.418 0.000 999.99 0.259000  11.450 0.000   6.077 0.000   5.373 0.000 0.030 0.000  0.424 0.000
236.333333 237.333333   90.81 0.000  2.54 0.000 9.999 0.259000  0.19 0.000  0.083 0.000   1.849 0.000   2.588 0.000 999.99 0.259000  15.114 0.000   8.514 0.000   6.600 0.000 0.070 0.000  0.360 0.000
239.333333 240.333333   98.25 0.000  1.24 0.000 0.042 0.000000  0.26 0.000  0.076 0.000   1.331 0.000   1.864 0.000 999.99 0.259000  14.828 0.000   8.756 0.000   6.072 0.000 0.043 0.000  0.401 0.000
