scripts/IMPROVE-2019_partial/data/US0022R.20070103080000.20191216000000.filterpack...1y.3d.US03L_filterpack_US0022.US03L_IMPROVE_Davis.lev2.nas
52 1001
MISSING INFORMATION
US03L, IMPROVE, , , , , , , 
MISSING INFORMATION
IMPROVE sel_HTAP
1 1
2007 01 01 2019 12 16
3.000000
days from file reference point
5
1 1 1 1 1
999.999999 9999.999 9.999 999.999 9.999
end_time of measurement, days from the file reference point
pm10_mass, ug/m3, Matrix=pm10
numflag pm10_mass, no unit, Matrix=pm10
pm25_mass, ug/m3, Matrix=pm25
numflag pm25_mass, no unit, Matrix=pm25
0
33
Data definition:              EBAS_1.1
Set type code:                TU
Timezone:                     UTC
File name:                    US0022R.20070103080000.20191216000000.filterpack...1y.3d.US03L_filterpack_US0022.US03L_IMPROVE_Davis.lev2.nas
File creation:                20191218115651
Startdate:                    20070103080000
Revision date:                20191216000000
Version:                      2
Version description:          "Data extracted from http://views.cira.colostate.edu/fed/DataWizard 2019-12-16"
Statistics:                   arithmetic mean
Data level:                   2
Period code:                  1y
Resolution code:              3d
Sample duration:              1d
Orig. time res.:              3d
Station code:                 US0022R
Platform code:                US0022S
Station name:                 Dome Lands Wilderness
Station latitude:             35.7278
Station longitude:            -118.1377
Station altitude:             927.0 m
Regime:                       IMG
Component:                    
Unit:                         ug/m3
Matrix:                       
Laboratory code:              US03L
Instrument type:              filterpack
Instrument name:              filterpack_US0022
Method ref:                   US03L_IMPROVE_Davis
Blank correction:             Blank corrected
Volume std. temperature:      ambient
Volume std. pressure:         ambient
starttime endtime PM10 flag_PM10 PM2.5 flag_PM2.5
  2.333333   3.333333 9999.999 0.999 999.999 0.999
  5.333333   6.333333    4.086 0.000   2.561 0.000
  8.333333   9.333333    4.534 0.000 999.999 0.456
 11.333333  12.333333    4.231 0.000   2.280 0.000
 14.333333  15.333333    2.968 0.000   1.146 0.000
 17.333333  18.333333    8.402 0.000   4.812 0.000
 20.333333  21.333333    8.618 0.000   4.481 0.000
 23.333333  24.333333    3.036 0.000   0.872 0.000
 26.333333  27.333333    8.665 0.000   5.207 0.000
 29.333333  30.333333    3.703 0.000   2.107 0.000
 32.333333  33.333333    8.128 0.000   6.174 0.000
 35.333333  36.333333    3.013 0.000   0.660 0.000
 38.333333  39.333333 9999.999 0.999 999.999 0.999
 41.333333  42.333333    1.680 0.000   0.966 0.000
 44.333333  45.333333    2.954 0.000   2.176 0.000
 47.333333  48.333333    2.612 0.000   0.755 0.000
 50.333333  51.333333    5.904 0.000   3.187 0.000
 53.333333  54.333333    2.511 0.000   1.262 0.000
 56.333333  57.333333    3.474 0.000   1.115 0.000
 59.333333  60.333333    4.145 0.000   3.129 0.000
 62.333333  63.333333    2.323 0.000   1.270 0.000
 65.333333  66.333333   11.669 0.000   6.812 0.000
 68.333333  69.333333   12.739 0.000   7.257 0.000
 71.333333  72.333333    7.482 0.000   3.578 0.000
 74.333333  75.333333    7.350 0.000   2.321 0.000
 77.333333  78.333333   10.832 0.000   5.381 0.000
 80.333333  81.333333    5.097 0.000   1.982 0.000
 83.333333  84.333333   13.188 0.000   6.734 0.000
 86.333333  87.333333    5.912 0.000   3.421 0.000
 89.333333  90.333333   14.138 0.000   5.875 0.000
 92.333333  93.333333   12.599 0.000   5.319 0.000
 95.333333  96.333333   23.057 0.000  10.388 0.000
 98.333333  99.333333   16.362 0.000   5.311 0.000
101.333333 102.333333    7.946 0.000   3.046 0.000
104.333333 105.333333    1.802 0.000   1.067 0.000
107.333333 108.333333 9999.999 0.999 999.999 0.999
110.333333 111.333333 9999.999 0.999 999.999 0.999
113.333333 114.333333 9999.999 0.999 999.999 0.999
116.333333 117.333333   13.708 0.000   6.032 0.000
119.333333 120.333333   16.506 0.000   8.548 0.000
122.333333 123.333333   11.860 0.000   4.489 0.000
125.333333 126.333333    9.772 0.000   3.772 0.000
128.333333 129.333333   21.589 0.000   7.816 0.000
131.333333 132.333333   25.769 0.000   8.486 0.000
134.333333 135.333333   22.117 0.000   8.762 0.000
137.333333 138.333333   35.146 0.000  11.485 0.000
140.333333 141.333333   63.070 0.000   8.538 0.000
143.333333 144.333333 9999.999 0.999 999.999 0.999
146.333333 147.333333 9999.999 0.999 999.999 0.999
149.333333 150.333333   35.109 0.000  13.007 0.000
152.333333 153.333333   35.509 0.000  13.509 0.000
155.333333 156.333333   32.042 0.000   6.775 0.000
158.333333 159.333333   22.129 0.000   4.900 0.000
161.333333 162.333333   18.744 0.000   6.040 0.000
164.333333 165.333333   34.753 0.000  11.087 0.000
167.333333 168.333333   19.049 0.000   5.735 0.000
170.333333 171.333333   28.685 0.000   7.272 0.000
173.333333 174.333333   26.757 0.000   9.892 0.000
176.333333 177.333333   20.861 0.000   6.372 0.000
179.333333 180.333333   32.270 0.000   8.854 0.000
182.333333 183.333333   20.813 0.000   6.226 0.000
185.333333 186.333333   23.968 0.000 999.999 0.456
188.333333 189.333333   21.448 0.000  11.386 0.000
191.333333 192.333333   30.341 0.000   9.916 0.000
194.333333 195.333333   25.687 0.000   9.759 0.000
197.333333 198.333333   22.906 0.000   8.438 0.000
200.333333 201.333333   32.825 0.000   8.139 0.000
203.333333 204.333333   19.507 0.000   6.423 0.000
206.333333 207.333333   24.802 0.000   8.979 0.000
209.333333 210.333333   17.362 0.000   5.389 0.000
212.333333 213.333333   16.010 0.000   5.818 0.000
215.333333 216.333333   16.621 0.000   6.091 0.000
218.333333 219.333333   23.078 0.000   6.380 0.000
221.333333 222.333333 9999.999 0.999 999.999 0.999
224.333333 225.333333 9999.999 0.999 999.999 0.999
227.333333 228.333333  174.492 0.000  69.259 0.000
230.333333 231.333333 9999.999 0.999 999.999 0.999
233.333333 234.333333   60.028 0.000  10.381 0.000
236.333333 237.333333   26.560 0.000   8.151 0.000
239.333333 240.333333   20.878 0.000   6.144 0.000
242.333333 243.333333 9999.999 0.999 999.999 0.999
245.333333 246.333333 9999.999 0.999 999.999 0.999
248.333333 249.333333   23.480 0.000   7.231 0.000
251.333333 252.333333   24.597 0.000  10.338 0.000
254.333333 255.333333 9999.999 0.999 999.999 0.999
257.333333 258.333333   22.612 0.000   6.346 0.000
260.333333 261.333333   22.530 0.000   6.600 0.000
263.333333 264.333333    9.715 0.000   3.063 0.000
266.333333 267.333333    4.600 0.000   2.587 0.000
269.333333 270.333333 9999.999 0.999 999.999 0.999
272.333333 273.333333 9999.999 0.999 999.999 0.999
275.333333 276.333333   17.561 0.000   5.847 0.000
278.333333 279.333333    6.572 0.000   2.091 0.000
281.333333 282.333333    7.442 0.000   2.324 0.000
284.333333 285.333333   13.416 0.000   3.772 0.000
287.333333 288.333333   16.483 0.000   9.449 0.000
290.333333 291.333333   12.232 0.000   4.650 0.000
293.333333 294.333333   10.354 0.000   2.282 0.000
296.333333 297.333333 9999.999 0.999 999.999 0.999
299.333333 300.333333   45.347 0.000  32.465 0.659
302.333333 303.333333    7.828 0.000   4.285 0.000
305.333333 306.333333    7.349 0.000   3.215 0.000
308.333333 309.333333    8.357 0.000   2.993 0.000
311.333333 312.333333    9.321 0.000   3.756 0.000
314.333333 315.333333    8.191 0.000   3.960 0.000
317.333333 318.333333 9999.999 0.999 999.999 0.999
320.333333 321.333333   16.584 0.000  10.453 0.000
323.333333 324.333333   24.561 0.000  18.946 0.000
326.333333 327.333333   10.750 0.000   4.354 0.000
329.333333 330.333333    6.078 0.000   2.293 0.000
332.333333 333.333333    6.841 0.000   2.178 0.000
335.333333 336.333333    5.740 0.000   2.045 0.000
338.333333 339.333333   15.377 0.000   5.973 0.000
341.333333 342.333333    2.452 0.000   1.903 0.000
344.333333 345.333333    2.566 0.000   1.203 0.000
347.333333 348.333333    2.656 0.000   1.643 0.000
350.333333 351.333333    4.370 0.000   3.081 0.000
353.333333 354.333333    2.273 0.000   1.399 0.000
356.333333 357.333333    2.154 0.000   1.426 0.000
359.333333 360.333333 9999.999 0.999 999.999 0.999
362.333333 363.333333    2.015 0.000   0.864 0.000
