scripts/IMPROVE-2019_partial/data/US0062R.19980103070000.20191216000000.filterpack...1y.3d.US03L_filterpack_US0062.US03L_IMPROVE_Davis.lev2.nas
51 1001
MISSING INFORMATION
US03L, IMPROVE, , , , , , , 
MISSING INFORMATION
IMPROVE sel_HTAP
1 1
1998 01 01 2019 12 16
0
days from file reference point
4
1 1 1 1
999.999999 999.999 999.999 9.999
end_time of measurement, days from the file reference point
pm10_mass, ug/m3, Matrix=pm10
pm25_mass, ug/m3, Matrix=pm25
numflag, no unit
0
33
Data definition:              EBAS_1.1
Set type code:                TI
Timezone:                     UTC
File name:                    US0062R.19980103070000.20191216000000.filterpack...1y.3d.US03L_filterpack_US0062.US03L_IMPROVE_Davis.lev2.nas
File creation:                20191218115923
Startdate:                    19980103070000
Revision date:                20191216000000
Version:                      2
Version description:          "Data extracted from http://views.cira.colostate.edu/fed/DataWizard 2019-12-16"
Statistics:                   arithmetic mean
Data level:                   2
Period code:                  1y
Resolution code:              3d
Sample duration:              1d
Orig. time res.:              3d
Station code:                 US0062R
Platform code:                US0062S
Station name:                 Bandelier NM
Station latitude:             35.7797
Station longitude:            -106.2664
Station altitude:             1988.0 m
Regime:                       IMG
Component:                    
Unit:                         ug/m3
Matrix:                       
Laboratory code:              US03L
Instrument type:              filterpack
Instrument name:              filterpack_US0062
Method ref:                   US03L_IMPROVE_Davis
Blank correction:             Blank corrected
Volume std. temperature:      ambient
Volume std. pressure:         ambient
starttime endtime PM10 PM2.5 flag
  2.291667   3.291667   5.200   3.625 0.000
  6.291667   7.291667   6.587   2.182 0.000
  9.291667  10.291667   3.401   1.813 0.000
 13.291667  14.291667   9.771   1.850 0.000
 16.291667  17.291667   7.666   1.563 0.000
 20.291667  21.291667   4.404   1.276 0.000
 23.291667  24.291667   4.361   2.913 0.000
 27.291667  28.291667   4.474   2.637 0.000
 30.291667  31.291667   5.008   3.223 0.000
 34.291667  35.291667  11.747   5.604 0.000
 37.291667  38.291667   6.502   2.146 0.000
 41.291667  42.291667   7.942   2.790 0.000
 44.291667  45.291667   8.262   2.604 0.000
 48.291667  49.291667   4.071   1.788 0.000
 51.291667  52.291667   4.789   4.048 0.000
 55.291667  56.291667   2.326   0.467 0.000
 58.291667  59.291667   4.015   1.459 0.000
 62.291667  63.291667   3.644   1.773 0.000
 65.291667  66.291667   2.899   1.699 0.000
 69.291667  70.291667   5.014   2.856 0.000
 72.291667  73.291667   8.537   4.202 0.000
 76.291667  77.291667   5.825   1.467 0.000
 79.291667  80.291667   8.327   3.060 0.000
 83.291667  84.291667   7.979   3.696 0.000
 86.291667  87.291667  13.655   2.856 0.000
 90.291667  91.291667   6.841   2.597 0.000
 93.291667  94.291667   4.663   2.264 0.000
 97.291667  98.291667   4.153   2.627 0.000
100.291667 101.291667  14.188   4.650 0.000
104.291667 105.291667   5.542   2.216 0.000
107.291667 108.291667   5.576   2.198 0.000
111.291667 112.291667  14.228   7.941 0.000
114.291667 115.291667   8.113   3.575 0.000
118.291667 119.291667   7.461   3.119 0.000
121.291667 122.291667   9.851   5.151 0.000
125.291667 126.291667  11.715   2.557 0.000
128.291667 129.291667   9.995   2.005 0.000
132.291667 133.291667  16.975   5.772 0.000
135.291667 136.291667   6.977   2.054 0.000
139.291667 140.291667  10.078   4.202 0.000
142.291667 143.291667  12.146   5.925 0.000
146.291667 147.291667  10.034   3.429 0.000
149.291667 150.291667   9.249   3.258 0.000
153.291667 154.291667  10.480   2.112 0.000
156.291667 157.291667  10.133   4.774 0.000
160.291667 161.291667  11.277   3.952 0.000
163.291667 164.291667   8.027   2.461 0.000
167.291667 168.291667  15.499   6.799 0.000
170.291667 171.291667  13.479   8.872 0.000
174.291667 175.291667  13.641   6.087 0.000
177.291667 178.291667   6.541   1.800 0.000
181.291667 182.291667  15.957   7.116 0.000
184.291667 185.291667  14.074   4.734 0.000
188.291667 189.291667 999.999 999.999 0.999
191.291667 192.291667 999.999 999.999 0.999
195.291667 196.291667 999.999 999.999 0.999
198.291667 199.291667   6.913   4.981 0.000
202.291667 203.291667  10.118   4.362 0.000
205.291667 206.291667   8.013   2.583 0.000
209.291667 210.291667   5.517   2.980 0.000
212.291667 213.291667   4.868   2.968 0.000
216.291667 217.291667   6.527   2.702 0.000
219.291667 220.291667   7.041   3.341 0.000
223.291667 224.291667   5.472   2.819 0.000
226.291667 227.291667  12.121   5.087 0.000
230.291667 231.291667   5.906   3.788 0.000
233.291667 234.291667  11.073   8.465 0.000
237.291667 238.291667   5.688   3.819 0.000
240.291667 241.291667   6.812   4.173 0.000
244.291667 245.291667   9.854   4.464 0.000
247.291667 248.291667  17.626   7.827 0.000
251.291667 252.291667  14.336   5.187 0.000
254.291667 255.291667  16.321  10.310 0.000
258.291667 259.291667   4.037   2.471 0.000
261.291667 262.291667   5.907   3.284 0.000
265.291667 266.291667  10.913   5.152 0.000
268.291667 269.291667   6.242   3.346 0.000
272.291667 273.291667   4.297   2.899 0.000
275.291667 276.291667   6.554   3.377 0.000
279.291667 280.291667   5.670   3.697 0.000
282.291667 283.291667   9.669   5.080 0.000
286.291667 287.291667   9.877   4.115 0.000
289.291667 290.291667   4.098   1.961 0.000
293.291667 294.291667   6.019   4.192 0.000
296.291667 297.291667   5.303   3.647 0.000
300.291667 301.291667   9.494   2.752 0.000
303.291667 304.291667   2.242   1.227 0.000
307.291667 308.291667  12.724   3.638 0.000
310.291667 311.291667  11.335   3.782 0.000
314.291667 315.291667   5.686   2.517 0.000
317.291667 318.291667   3.299   2.421 0.000
321.291667 322.291667   8.188   2.528 0.000
324.291667 325.291667   4.244   2.505 0.000
328.291667 329.291667   7.759   2.118 0.000
331.291667 332.291667  10.588   4.305 0.000
335.291667 336.291667   5.965   2.564 0.000
338.291667 339.291667   7.779   3.440 0.000
342.291667 343.291667   6.496   3.636 0.000
345.291667 346.291667   4.659   3.243 0.000
349.291667 350.291667   4.358   2.066 0.000
352.291667 353.291667   6.322   2.642 0.000
356.291667 357.291667  11.511   3.770 0.000
359.291667 360.291667   7.420   1.389 0.000
363.291667 364.291667   9.983   2.857 0.000
