scripts/IMPROVE-2019_partial/data/US0050R.20070103060000.20191216000000.filterpack...1y.3d.US03L_filterpack_US0050.US03L_IMPROVE_Davis.lev2.nas
52 1001
MISSING INFORMATION
US03L, IMPROVE, , , , , , , 
MISSING INFORMATION
IMPROVE sel_HTAP
1 1
2007 01 01 2019 12 16
3.00
days from file reference point
5
1 1 1 1 1
999.99 999.999 9.999 999.999 9.999
end_time of measurement, days from the file reference point
pm10_mass, ug/m3, Matrix=pm10
numflag pm10_mass, no unit, Matrix=pm10
pm25_mass, ug/m3, Matrix=pm25
numflag pm25_mass, no unit, Matrix=pm25
0
33
Data definition:              EBAS_1.1
Set type code:                TU
Timezone:                     UTC
File name:                    US0050R.20070103060000.20191216000000.filterpack...1y.3d.US03L_filterpack_US0050.US03L_IMPROVE_Davis.lev2.nas
File creation:                20191218115827
Startdate:                    20070103060000
Revision date:                20191216000000
Version:                      2
Version description:          "Data extracted from http://views.cira.colostate.edu/fed/DataWizard 2019-12-16"
Statistics:                   arithmetic mean
Data level:                   2
Period code:                  1y
Resolution code:              3d
Sample duration:              1d
Orig. time res.:              3d
Station code:                 US0050R
Platform code:                US0050S
Station name:                 Blue Mounds
Station latitude:             43.7158
Station longitude:            -96.1913
Station altitude:             473.0 m
Regime:                       IMG
Component:                    
Unit:                         ug/m3
Matrix:                       
Laboratory code:              US03L
Instrument type:              filterpack
Instrument name:              filterpack_US0050
Method ref:                   US03L_IMPROVE_Davis
Blank correction:             Blank corrected
Volume std. temperature:      ambient
Volume std. pressure:         ambient
starttime endtime PM10 flag_PM10 PM2.5 flag_PM2.5
  2.25   3.25  17.092 0.000  14.612 0.000
  5.25   6.25   5.379 0.000   3.672 0.000
  8.25   9.25   7.946 0.000   4.350 0.000
 11.25  12.25   4.843 0.000   1.874 0.000
 14.25  15.25   6.563 0.000   3.299 0.000
 17.25  18.25  15.103 0.000  10.472 0.000
 20.25  21.25  21.658 0.000  18.093 0.000
 23.25  24.25   9.979 0.000   8.600 0.000
 26.25  27.25   9.354 0.000   3.274 0.000
 29.25  30.25   8.093 0.000   3.607 0.000
 32.25  33.25   7.114 0.000   2.476 0.000
 35.25  36.25  11.108 0.000   4.532 0.000
 38.25  39.25   9.162 0.000   4.620 0.000
 41.25  42.25  36.499 0.000  30.568 0.000
 44.25  45.25  12.829 0.000   6.247 0.000
 47.25  48.25   9.490 0.000   7.307 0.000
 50.25  51.25   9.652 0.000   7.856 0.000
 53.25  54.25  14.632 0.000  10.407 0.000
 56.25  57.25   4.416 0.000   3.869 0.000
 59.25  60.25   9.812 0.000   9.346 0.000
 62.25  63.25   9.802 0.000   8.841 0.000
 65.25  66.25  37.791 0.000  29.113 0.000
 68.25  69.25  17.118 0.000  11.952 0.000
 71.25  72.25  12.165 0.000   5.634 0.000
 74.25  75.25  10.269 0.000   6.732 0.000
 77.25  78.25  11.618 0.000   7.269 0.000
 80.25  81.25   8.877 0.000   4.212 0.000
 83.25  84.25   9.508 0.000   5.545 0.000
 86.25  87.25  14.933 0.000  12.914 0.000
 89.25  90.25   6.401 0.000   5.113 0.000
 92.25  93.25   5.659 0.000   3.825 0.000
 95.25  96.25   8.836 0.000   3.793 0.000
 98.25  99.25  11.173 0.000   4.523 0.000
101.25 102.25  11.347 0.000   9.110 0.000
104.25 105.25   6.538 0.000   3.896 0.000
107.25 108.25  11.245 0.000   3.302 0.000
110.25 111.25  29.635 0.000  14.664 0.000
113.25 114.25   6.819 0.000   4.031 0.000
116.25 117.25  16.859 0.000   6.134 0.000
119.25 120.25  32.264 0.000   8.256 0.000
122.25 123.25  37.741 0.000  13.119 0.000
125.25 126.25  11.353 0.000   7.084 0.000
128.25 129.25  11.770 0.000   4.904 0.000
131.25 132.25  28.708 0.000  11.712 0.000
134.25 135.25  14.777 0.000   3.833 0.000
137.25 138.25  41.682 0.000   7.278 0.000
140.25 141.25  34.424 0.000  13.595 0.000
143.25 144.25 999.999 0.999 999.999 0.999
146.25 147.25 999.999 0.999 999.999 0.999
149.25 150.25   8.870 0.000   4.841 0.000
152.25 153.25   4.614 0.000   2.545 0.000
155.25 156.25  14.980 0.000   5.496 0.000
158.25 159.25 999.999 0.999 999.999 0.999
161.25 162.25 999.999 0.999 999.999 0.999
164.25 165.25  36.006 0.000  25.019 0.000
167.25 168.25  25.410 0.000  10.684 0.000
170.25 171.25  23.284 0.000   6.584 0.000
173.25 174.25 999.999 0.999 999.999 0.999
176.25 177.25  30.170 0.000   9.234 0.000
179.25 180.25  21.394 0.000   5.108 0.000
182.25 183.25  31.207 0.000  15.875 0.000
185.25 186.25  21.268 0.000   7.005 0.000
188.25 189.25  25.355 0.000   7.925 0.000
191.25 192.25  16.529 0.000   3.591 0.000
194.25 195.25  21.294 0.000   9.514 0.000
197.25 198.25  25.744 0.000   7.860 0.000
200.25 201.25  15.334 0.000   6.375 0.000
203.25 204.25  27.342 0.000  13.765 0.000
206.25 207.25  35.396 0.000  15.444 0.000
209.25 210.25  17.741 0.000   8.541 0.000
212.25 213.25  31.003 0.000  17.581 0.000
215.25 216.25  15.211 0.000   8.423 0.000
218.25 219.25  16.919 0.000   7.862 0.000
221.25 222.25  19.917 0.000   7.211 0.000
224.25 225.25  22.372 0.000   8.980 0.000
227.25 228.25  18.080 0.000   6.842 0.000
230.25 231.25   6.591 0.000   3.270 0.000
233.25 234.25  14.656 0.000   9.557 0.000
236.25 237.25   9.583 0.000   3.699 0.000
239.25 240.25  12.563 0.000   7.048 0.000
242.25 243.25  18.106 0.000   6.268 0.000
245.25 246.25  20.481 0.000   9.424 0.000
248.25 249.25  20.330 0.000   8.540 0.000
251.25 252.25   3.944 0.000   1.540 0.000
254.25 255.25  15.642 0.000   3.350 0.000
257.25 258.25  15.178 0.000   2.653 0.000
260.25 261.25  12.810 0.000   6.074 0.000
263.25 264.25  23.382 0.000   8.422 0.000
266.25 267.25  16.385 0.000   9.326 0.000
269.25 270.25  14.457 0.000   2.986 0.000
272.25 273.25  17.408 0.000   8.962 0.000
275.25 276.25 999.999 0.999 999.999 0.999
278.25 279.25 999.999 0.999 999.999 0.999
281.25 282.25 999.999 0.999 999.999 0.999
284.25 285.25  32.204 0.000   4.773 0.000
287.25 288.25   2.497 0.000   2.122 0.000
290.25 291.25   3.580 0.000   1.906 0.000
293.25 294.25   7.765 0.000   2.697 0.000
296.25 297.25  18.683 0.000   3.771 0.000
299.25 300.25  24.438 0.000   4.198 0.000
302.25 303.25  43.046 0.000  10.614 0.000
305.25 306.25  50.217 0.000   5.133 0.000
308.25 309.25  20.999 0.000   3.344 0.000
311.25 312.25  36.751 0.000   8.765 0.000
314.25 315.25  29.934 0.000  10.383 0.000
317.25 318.25  23.354 0.000   4.559 0.000
320.25 321.25  33.085 0.000  14.480 0.000
323.25 324.25   9.041 0.000   5.519 0.000
326.25 327.25  17.349 0.000   5.921 0.000
329.25 330.25  17.350 0.000   6.362 0.000
332.25 333.25 999.999 0.456 999.999 0.456
335.25 336.25   8.437 0.000   8.867 0.659
338.25 339.25   6.561 0.000   4.470 0.659
341.25 342.25  13.312 0.000   8.422 0.659
344.25 345.25  14.058 0.000  10.129 0.659
347.25 348.25  12.005 0.000   5.994 0.659
350.25 351.25  24.586 0.000  20.250 0.000
353.25 354.25  36.436 0.000  27.809 0.000
356.25 357.25   9.445 0.000   5.043 0.000
359.25 360.25  14.111 0.000  11.778 0.659
362.25 363.25  25.933 0.000  21.965 0.659
