scripts/IMPROVE-2019_partial/data/US0064R.20040101080000.20191216000000.filterpack..pm25.52w.1w.US03L_filterpack_US0064.US03L_IMPROVE_Davis.lev2.nas
66 1001
MISSING INFORMATION
US03L, IMPROVE, , , , , , , 
MISSING INFORMATION
IMPROVE sel_HTAP
1 1
2004 01 01 2019 12 16
3.000000
days from file reference point
27
1 1 1 1 1 1 1 1 1 1 1 1 1 1 1 1 1 1 1 1 1 1 1 1 1 1 1
999.999999 9999.99 9.999 99.99 9.999 9.999 9.999999 99.99 9.999999 9.999 9.999999 99.999 9.999 99.999 9.999 99.99 9.999999 999.999 9.999 999.999 9.999 999.999 9.999 9.999 9.999 9.999 9.999999
end_time of measurement, days from the file reference point
iron, ng/m3, Revision date=20181210133000
numflag iron, no unit, Revision date=20181210133000
lead, ng/m3, Revision date=20181210133000
numflag lead, no unit, Revision date=20181210133000
magnesium, ug/m3, Revision date=20181210133000
numflag magnesium, no unit, Revision date=20181210133000
nickel, ng/m3, Revision date=20181210133000
numflag nickel, no unit, Revision date=20181210133000
nitrate, ug N/m3, Revision date=20181210133000
numflag nitrate, no unit, Revision date=20181210133000
organic_carbon, ug C/m3, Revision date=20181210133000
numflag organic_carbon, no unit, Revision date=20181210133000
organic_mass, ug/m3, Revision date=20181210133000
numflag organic_mass, no unit, Revision date=20181210133000
phosphorus, ng/m3, Revision date=20181210133000
numflag phosphorus, no unit, Revision date=20181210133000
pm10_mass, ug/m3, Version=2, Version description=Data extracted from http://views.cira.colostate.edu/fed/DataWizard 2019-12-16, Sample duration=1d, Orig. time res.=3d, Matrix=pm10, Blank correction=Blank corrected, Volume std. temperature=ambient, Volume std. pressure=ambient
numflag pm10_mass, no unit, Version=2, Version description=Data extracted from http://views.cira.colostate.edu/fed/DataWizard 2019-12-16, Sample duration=1d, Orig. time res.=3d, Matrix=pm10, Blank correction=Blank corrected, Volume std. temperature=ambient, Volume std. pressure=ambient
pm10_pm25_mass, ug/m3, Revision date=20181210133000, Matrix=pm10_pm25
numflag pm10_pm25_mass, no unit, Revision date=20181210133000, Matrix=pm10_pm25
pm25_mass, ug/m3, Version=2, Version description=Data extracted from http://views.cira.colostate.edu/fed/DataWizard 2019-12-16, Sample duration=1d, Orig. time res.=3d, Blank correction=Blank corrected, Volume std. temperature=ambient, Volume std. pressure=ambient
numflag pm25_mass, no unit, Version=2, Version description=Data extracted from http://views.cira.colostate.edu/fed/DataWizard 2019-12-16, Sample duration=1d, Orig. time res.=3d, Blank correction=Blank corrected, Volume std. temperature=ambient, Volume std. pressure=ambient
potassium, ug/m3, Revision date=20181210133000
numflag potassium, no unit, Revision date=20181210133000
sulphate_total, ug S/m3, Revision date=20181210133000
numflag sulphate_total, no unit, Revision date=20181210133000
0
25
Data definition:              EBAS_1.1
Set type code:                TU
Timezone:                     UTC
File name:                    US0064R.20040101080000.20191216000000.filterpack..pm25.52w.1w.US03L_filterpack_US0064.US03L_IMPROVE_Davis.lev2.nas
File creation:                20191218115937
Startdate:                    20040101080000
Revision date:                20191216000000
Statistics:                   arithmetic mean
Data level:                   2
Period code:                  52w
Resolution code:              1w
Station code:                 US0064R
Platform code:                US0064S
Station name:                 Jarbidge Wilderness
Station latitude:             41.8926
Station longitude:            -115.4261
Station altitude:             1869.0 m
Regime:                       IMG
Component:                    
Matrix:                       pm25
Laboratory code:              US03L
Instrument type:              filterpack
Instrument name:              filterpack_US0064
Method ref:                   US03L_IMPROVE_Davis
starttime endtime Fe flag_Fe Pb flag_Pb Mg++ flag_Mg++ Ni flag_Ni NO3- flag_NO3- OC flag_OC OM flag_OM P flag_P PM10 flag_PM10 PM10-PM2.5 flag_PM10-PM2.5 PM2.5 flag_PM2.5 K+ flag_K+ SO4-- flag_SO4--
[from data line 79]
237.333333 238.333333   20.53 0.000  0.53 0.000 9.999 0.259000 99.99 0.259000 0.010 0.000000  0.321 0.000  0.450 0.000 99.99 0.259000   5.219 0.000   3.877 0.000   1.341 0.000 0.018 0.000 0.095 0.000000
240.333333 241.333333    6.47 0.000 99.99 0.259 9.999 0.259000 99.99 0.259000 0.005 0.559000  0.443 0.000  0.620 0.000 99.99 0.259000   3.018 0.000   2.017 0.000   1.000 0.000 0.010 0.000 0.057 0.559000
243.333333 244.333333   22.30 0.000  0.10 0.000 9.999 0.259000 99.99 0.259000 0.012 0.559000  0.468 0.000  0.654 0.000 99.99 0.259000   5.292 0.000   3.065 0.000   2.227 0.000 0.022 0.000 0.209 0.559000
246.333333 247.333333   44.80 0.000  0.25 0.000 9.999 0.259000 99.99 0.259000 0.024 0.000000  0.911 0.000  1.275 0.000 99.99 0.259000  10.623 0.000   7.732 0.000   2.891 0.000 0.052 0.000 0.098 0.000000
249.333333 250.333333   31.04 0.000  0.41 0.000 0.063 0.000000  0.16 0.000000 0.010 0.000000  0.404 0.000  0.565 0.000 99.99 0.259000   5.697 0.000   4.144 0.000   1.553 0.000 0.028 0.000 0.075 0.000000
252.333333 253.333333   47.94 0.000  0.22 0.000 9.999 0.259000 99.99 0.259000 0.011 0.000000  0.770 0.000  1.078 0.000 99.99 0.259000   6.986 0.000   3.975 0.000   3.010 0.000 0.055 0.000 0.069 0.000000
255.333333 256.333333   48.34 0.000  0.48 0.000 9.999 0.259000  0.11 0.000000 0.013 0.000000  0.495 0.000  0.693 0.000 99.99 0.259000   6.862 0.000   4.666 0.000   2.196 0.000 0.037 0.000 0.095 0.000000
258.333333 259.333333   18.65 0.000  0.32 0.000 9.999 0.259000  0.11 0.000000 0.013 0.559000  0.255 0.000  0.357 0.000 99.99 0.259000   5.126 0.000   3.755 0.000   1.371 0.000 0.025 0.000 0.068 0.559000
261.333333 262.333333  232.23 0.000  0.59 0.000 9.999 0.259000  0.12 0.000000 0.053 0.000000  0.795 0.000  1.113 0.000 99.99 0.259000  21.249 0.000  13.218 0.000   8.031 0.000 0.163 0.000 0.146 0.000000
264.333333 265.333333    4.56 0.000  0.26 0.000 9.999 0.259000  0.18 0.000000 0.009 0.559000  0.401 0.000  0.562 0.000 99.99 0.259000   1.931 0.000   0.738 0.000   1.194 0.000 0.006 0.000 0.108 0.559000
267.333333 268.333333   11.10 0.000  0.34 0.000 0.155 0.000000 99.99 0.259000 0.008 0.559000  0.577 0.000  0.808 0.000 99.99 0.259000   3.224 0.000   1.688 0.000   1.537 0.000 0.017 0.000 0.066 0.559000
270.333333 271.333333   39.70 0.000  0.37 0.000 9.999 0.259000  0.18 0.000000 0.012 0.000000  0.631 0.000  0.884 0.000 99.99 0.259000   7.684 0.000   5.449 0.000   2.235 0.000 0.036 0.000 0.096 0.000000
273.333333 274.333333   20.85 0.000  0.58 0.000 0.114 0.000000  0.11 0.000000 0.018 0.000000  1.249 0.000  1.749 0.000 99.99 0.259000   6.324 0.000   2.236 0.000   4.088 0.000 0.032 0.000 0.214 0.000000
276.333333 277.333333   13.84 0.000  0.40 0.000 9.999 0.259000 99.99 0.259000 0.008 0.559000  1.000 0.000  1.399 0.000 99.99 0.259000   4.948 0.000   2.023 0.000   2.925 0.000 0.023 0.000 0.154 0.559000
279.333333 280.333333   27.10 0.000  0.66 0.000 9.999 0.259000 99.99 0.259000 0.013 0.000000  0.832 0.000  1.165 0.000 99.99 0.259000   5.622 0.000   2.565 0.000   3.057 0.000 0.027 0.000 0.161 0.000000
282.333333 283.333333   89.41 0.000  0.46 0.000 9.999 0.259000  0.06 0.000000 0.022 0.000000  0.360 0.000  0.504 0.000  5.54 0.000000  13.722 0.000  10.413 0.000   3.308 0.000 0.068 0.000 0.106 0.000000
285.333333 286.333333   16.98 0.000  0.51 0.000 9.999 0.259000  0.16 0.000000 0.008 0.000000  0.310 0.000  0.434 0.000 99.99 0.259000   4.286 0.000   2.472 0.000   1.814 0.000 0.018 0.000 0.148 0.000000
288.333333 289.333333   27.16 0.394  0.50 0.394 9.999 0.394259 99.99 0.394259 0.007 0.394000  0.819 0.000  1.147 0.000 99.99 0.394259   3.739 0.000   1.381 0.000   2.358 0.000 0.025 0.394 0.066 0.394000
291.333333 292.333333    1.97 0.000 99.99 0.259 9.999 0.259000  0.17 0.000000 0.007 0.000000  0.277 0.000  0.388 0.000 99.99 0.259000   0.956 0.000   0.271 0.000   0.685 0.000 0.006 0.000 0.073 0.000000
294.333333 295.333333    3.62 0.000 99.99 0.259 0.163 0.000000 99.99 0.259000 0.031 0.559000  0.582 0.000  0.815 0.000  2.48 0.000000   2.287 0.000   0.453 0.000   1.834 0.000 0.010 0.000 0.056 0.559000
297.333333 298.333333    6.82 0.000  1.15 0.000 9.999 0.259000 99.99 0.259000 0.011 0.559000  0.585 0.000  0.819 0.000 99.99 0.259000   3.138 0.000   0.634 0.000   2.504 0.000 0.020 0.000 0.215 0.559000
300.333333 301.333333    5.92 0.000  0.98 0.000 0.223 0.000000  0.22 0.000000 0.014 0.559000  0.240 0.000  0.336 0.000 99.99 0.259000   2.703 0.000   0.589 0.000   2.114 0.000 0.012 0.000 0.244 0.559000
303.333333 304.333333   10.14 0.000  1.33 0.000 9.999 0.259000  0.14 0.000000 0.009 0.559000  0.386 0.000  0.540 0.000 99.99 0.259000   3.179 0.000   0.786 0.000   2.394 0.000 0.018 0.000 0.246 0.559000
306.333333 307.333333    2.09 0.000  5.88 0.000 0.134 0.000000  0.12 0.000000 0.006 0.559000  0.585 0.000  0.819 0.000 99.99 0.259000   3.175 0.000   1.391 0.000   1.784 0.000 0.019 0.000 0.033 0.559000
309.333333 310.333333    5.18 0.000  0.37 0.000 9.999 0.259000  0.12 0.000000 0.006 0.559000  0.212 0.000  0.297 0.000 99.99 0.259000   1.747 0.000   0.505 0.000   1.241 0.000 0.006 0.000 0.054 0.559000
312.333333 313.333333    8.53 0.000  0.94 0.000 9.999 0.259000  0.15 0.000000 0.123 0.000000  0.770 0.000  1.078 0.000 99.99 0.259000   4.434 0.000   1.467 0.000   2.968 0.000 0.019 0.000 0.149 0.000000
315.333333 316.333333    1.83 0.000  0.14 0.000 9.999 0.259000  0.23 0.000000 0.006 0.000000  0.413 0.000  0.579 0.000 99.99 0.259000   1.213 0.000   0.289 0.000   0.924 0.000 0.005 0.000 0.041 0.000000
318.333333 319.333333    2.03 0.000  0.73 0.000 0.210 0.000000 99.99 0.259000 0.031 0.559000  0.752 0.000  1.052 0.000 99.99 0.259000   2.803 0.000   0.224 0.000   2.579 0.000 0.014 0.000 0.179 0.559000
321.333333 322.333333    4.44 0.000  0.40 0.000 0.166 0.000000 99.99 0.259000 0.009 0.000000  0.447 0.000  0.626 0.000 99.99 0.259000   2.217 0.000   0.422 0.000   1.795 0.000 0.007 0.000 0.168 0.000000
324.333333 325.333333    2.73 0.000  0.26 0.000 0.105 0.000000 99.99 0.259000 0.086 0.559000  0.390 0.000  0.545 0.000 99.99 0.259000   2.104 0.000   0.213 0.000   1.891 0.000 0.011 0.000 0.102 0.559000
327.333333 328.333333    3.67 0.000  0.28 0.000 9.999 0.259000  0.15 0.000000 0.003 0.000000  0.204 0.000  0.286 0.000 99.99 0.259000   1.732 0.000   1.013 0.000   0.719 0.000 0.009 0.000 0.080 0.000000
330.333333 331.333333    5.79 0.000  0.45 0.000 0.162 0.000000 99.99 0.259000 0.006 0.559000  0.155 0.000  0.217 0.000 99.99 0.259000   1.046 0.000   0.484 0.000   0.561 0.000 0.007 0.000 0.040 0.559000
333.333333 334.333333    1.66 0.000  0.59 0.000 9.999 0.259000 99.99 0.259000 0.007 0.559000  0.119 0.000  0.166 0.000 99.99 0.259000   0.762 0.000   0.171 0.000   0.591 0.000 0.006 0.000 0.036 0.559000
336.333333 337.333333    1.27 0.000  0.29 0.000 9.999 0.259000 99.99 0.259000 0.016 0.000000  0.209 0.000  0.292 0.000 99.99 0.259000 999.999 0.259 999.999 0.259 999.999 0.259 0.005 0.000 0.059 0.000000
339.333333 340.333333    6.62 0.000  0.64 0.000 9.999 0.259000 99.99 0.259000 0.017 0.000000  0.368 0.000  0.515 0.000 99.99 0.259000   1.631 0.000   0.946 0.000   0.685 0.000 0.009 0.000 0.135 0.000000
342.333333 343.333333    2.71 0.000  0.34 0.000 9.999 0.259000 99.99 0.259000 0.007 0.000000  0.158 0.000  0.221 0.000  1.45 0.000000 999.999 0.456 999.999 0.999   0.238 0.000 0.003 0.000 0.024 0.000000
345.333333 346.333333    2.48 0.000  0.28 0.000 9.999 0.259000  0.22 0.000000 0.004 0.559000  0.324 0.000  0.453 0.000 99.99 0.259000 999.999 0.456 999.999 0.999   0.383 0.000 0.004 0.000 0.042 0.559000
348.333333 349.333333 9999.99 0.999 99.99 0.999 9.999 0.999000 99.99 0.999000 9.999 0.999000 99.999 0.999 99.999 0.999 99.99 0.999000 999.999 0.999 999.999 0.999 999.999 0.999 9.999 0.999 9.999 0.999000
351.333333 352.333333 9999.99 0.999 99.99 0.999 9.999 0.999000 99.99 0.999000 9.999 0.999000 99.999 0.999 99.999 0.999 99.99 0.999000 999.999 0.999 999.999 0.999 999.999 0.999 9.999 0.999 9.999 0.999000
354.333333 355.333333 9999.99 0.999 99.99 0.999 9.999 0.999000 99.99 0.999000 9.999 0.999000 99.999 0.999 99.999 0.999 99.99 0.999000 999.999 0.999 999.999 0.999 999.999 0.999 9.999 0.999 9.999 0.999000
357.333333 358.333333    3.35 0.000  0.63 0.000 9.999 0.259000  0.20 0.000000 0.072 0.559000  0.308 0.000  0.432 0.000 99.99 0.259000   1.539 0.000   0.263 0.000   1.276 0.000 0.009 0.000 0.138 0.559000
360.333333 361.333333    3.34 0.000  0.25 0.000 0.055 0.000000  0.12 0.000000 0.004 0.559000  0.208 0.000  0.291 0.000 99.99 0.259000   1.397 0.000   0.946 0.000   0.451 0.000 0.006 0.000 0.046 0.559000
363.333333 364.333333    2.43 0.000  0.46 0.000 0.081 0.000000 99.99 0.259000 0.006 0.000000  0.162 0.000  0.226 0.000 99.99 0.259000   0.877 0.000   0.301 0.000   0.576 0.000 0.007 0.000 0.058 0.000000
