scripts/IMPROVE-2019_partial/data/US0077R.20000101070000.20191216000000.filterpack..pm25.52w.1w.US03L_filterpack_US0077.US03L_IMPROVE_Davis.lev2.nas
64 1001
MISSING INFORMATION
US03L, IMPROVE, , , , , , , 
MISSING INFORMATION
IMPROVE sel_HTAP
1 1
2000 01 01 2019 12 16
0
days from file reference point
25
1 1 1 1 1 1 1 1 1 1 1 1 1 1 1 1 1 1 1 1 1 1 1 1 1
999.999999 9999.99 9.999 99.99 9.999999 9.999 9.999999 99.99 9.999999 9.999 9.999 99.999 9.999 99.999 9.999 999.999 9.999 999.999 9.999 999.999 9.999 9.999 9.999999 9.999 9.999
end_time of measurement, days from the file reference point
iron, ng/m3, Revision date=20181210133000
numflag iron, no unit, Revision date=20181210133000
lead, ng/m3, Revision date=20181210133000
numflag lead, no unit, Revision date=20181210133000
magnesium, ug/m3, Revision date=20181210133000
numflag magnesium, no unit, Revision date=20181210133000
nickel, ng/m3, Revision date=20181210133000
numflag nickel, no unit, Revision date=20181210133000
nitrate, ug N/m3, Revision date=20181210133000
numflag nitrate, no unit, Revision date=20181210133000
organic_carbon, ug C/m3, Revision date=20181210133000
numflag organic_carbon, no unit, Revision date=20181210133000
organic_mass, ug/m3, Revision date=20181210133000
numflag organic_mass, no unit, Revision date=20181210133000
pm10_mass, ug/m3, Version=2, Version description=Data extracted from http://views.cira.colostate.edu/fed/DataWizard 2019-12-16, Sample duration=1d, Orig. time res.=3d, Matrix=pm10, Blank correction=Blank corrected, Volume std. temperature=ambient, Volume std. pressure=ambient
numflag pm10_mass, no unit, Version=2, Version description=Data extracted from http://views.cira.colostate.edu/fed/DataWizard 2019-12-16, Sample duration=1d, Orig. time res.=3d, Matrix=pm10, Blank correction=Blank corrected, Volume std. temperature=ambient, Volume std. pressure=ambient
pm10_pm25_mass, ug/m3, Revision date=20181210133000, Matrix=pm10_pm25
numflag pm10_pm25_mass, no unit, Revision date=20181210133000, Matrix=pm10_pm25
pm25_mass, ug/m3, Version=2, Version description=Data extracted from http://views.cira.colostate.edu/fed/DataWizard 2019-12-16, Sample duration=1d, Orig. time res.=3d, Blank correction=Blank corrected, Volume std. temperature=ambient, Volume std. pressure=ambient
numflag pm25_mass, no unit, Version=2, Version description=Data extracted from http://views.cira.colostate.edu/fed/DataWizard 2019-12-16, Sample duration=1d, Orig. time res.=3d, Blank correction=Blank corrected, Volume std. temperature=ambient, Volume std. pressure=ambient
potassium, ug/m3, Revision date=20181210133000
numflag potassium, no unit, Revision date=20181210133000
sulphate_total, ug S/m3, Revision date=20181210133000
numflag sulphate_total, no unit, Revision date=20181210133000
0
25
Data definition:              EBAS_1.1
Set type code:                TI
Timezone:                     UTC
File name:                    US0077R.20000101070000.20191216000000.filterpack..pm25.52w.1w.US03L_filterpack_US0077.US03L_IMPROVE_Davis.lev2.nas
File creation:                20191218120037
Startdate:                    20000101070000
Revision date:                20191216000000
Statistics:                   arithmetic mean
Data level:                   2
Period code:                  52w
Resolution code:              1w
Station code:                 US0077R
Platform code:                US0077S
Station name:                 Canyonlands NP
Station latitude:             38.4587
Station longitude:            -109.821
Station altitude:             1798.0 m
Regime:                       IMG
Component:                    
Matrix:                       pm25
Laboratory code:              US03L
Instrument type:              filterpack
Instrument name:              filterpack_US0077
Method ref:                   US03L_IMPROVE_Davis
starttime endtime Fe flag_Fe Pb flag_Pb Mg++ flag_Mg++ Ni flag_Ni NO3- flag_NO3- OC flag_OC OM flag_OM PM10 flag_PM10 PM10-PM2.5 flag_PM10-PM2.5 PM2.5 flag_PM2.5 K+ flag_K+ SO4-- flag_SO4--
[from data line 86]
291.291667 292.291667   23.48 0.000  0.22 0.000000 9.999 0.259000 99.99 0.259000 0.017 0.559  0.471 0.000  0.660 0.000   6.130 0.000   3.327 0.000   2.803 0.000 0.048 0.000000 0.313 0.559
294.291667 295.291667   19.27 0.000  0.29 0.000000 9.999 0.259000 99.99 0.259000 0.028 0.000  0.300 0.000  0.420 0.000   4.745 0.000   2.031 0.000   2.713 0.000 0.019 0.000000 0.387 0.000
297.291667 298.291667    6.07 0.000  0.30 0.000000 9.999 0.259000 99.99 0.259000 0.017 0.000  0.289 0.000  0.404 0.000   0.967 0.000   0.203 0.000   0.764 0.000 0.005 0.000000 0.104 0.000
300.291667 301.291667   16.71 0.000  0.69 0.000000 9.999 0.259000 99.99 0.259000 0.059 0.000  0.562 0.000  0.787 0.000   4.745 0.000   1.929 0.000   2.815 0.000 0.028 0.000000 0.357 0.000
303.291667 304.291667    8.69 0.394  0.47 0.394000 9.999 0.394259 99.99 0.394259 9.999 0.699 99.999 0.999 99.999 0.999   3.035 0.000   0.875 0.000   2.160 0.000 0.009 0.394000 9.999 0.699
306.291667 307.291667   13.44 0.000  0.31 0.000000 9.999 0.259000 99.99 0.259000 0.024 0.000  0.387 0.000  0.542 0.000   2.402 0.000   0.445 0.000   1.957 0.000 0.018 0.000000 0.160 0.000
309.291667 310.291667   10.21 0.000 99.99 0.259000 9.999 0.259000 99.99 0.259000 0.029 0.000  0.263 0.000  0.368 0.000   3.559 0.000   2.044 0.000   1.515 0.000 0.009 0.000000 0.197 0.000
312.291667 313.291667    7.42 0.000  0.13 0.000000 9.999 0.259000 99.99 0.259000 0.010 0.000  0.082 0.000  0.115 0.000   2.184 0.000   0.979 0.000   1.205 0.000 0.020 0.000000 0.172 0.000
315.291667 316.291667    8.16 0.000  0.28 0.000000 9.999 0.259000 99.99 0.259000 0.059 0.000  0.207 0.000  0.290 0.000   2.711 0.000   0.838 0.000   1.873 0.000 0.013 0.000000 0.258 0.000
318.291667 319.291667    8.94 0.000  0.35 0.000000 9.999 0.259000 99.99 0.259000 0.125 0.000  0.640 0.000  0.897 0.000   3.976 0.000   1.634 0.000   2.341 0.000 0.042 0.000000 0.237 0.000
321.291667 322.291667   13.68 0.000  0.47 0.000000 9.999 0.259000 99.99 0.259000 0.060 0.000  0.570 0.000  0.798 0.000   3.340 0.000   0.856 0.000   2.485 0.000 0.020 0.000000 0.286 0.000
324.291667 325.291667   10.35 0.000  0.45 0.000000 9.999 0.259000 99.99 0.259000 0.207 0.000  0.767 0.000  1.075 0.000   6.027 0.000   2.412 0.000   3.615 0.000 0.030 0.000000 0.300 0.000
327.291667 328.291667   13.08 0.000  0.61 0.000000 9.999 0.259000 99.99 0.259000 0.065 0.000  0.470 0.000  0.659 0.000   3.472 0.000   1.361 0.000   2.111 0.000 0.018 0.000000 0.221 0.000
330.291667 331.291667    8.03 0.000  0.43 0.000000 9.999 0.259000 99.99 0.259000 0.014 0.000  0.165 0.000  0.231 0.000   2.561 0.000   0.414 0.000   2.147 0.000 0.008 0.000000 0.283 0.000
333.291667 334.291667   11.86 0.000  0.47 0.000000 9.999 0.259000 99.99 0.259000 0.034 0.000  0.314 0.000  0.439 0.000   3.472 0.000   1.744 0.000   1.728 0.000 0.019 0.000000 0.144 0.000
336.291667 337.291667   15.44 0.559  0.46 0.559000 9.999 0.559259 99.99 0.559259 0.081 0.000  0.369 0.000  0.517 0.000   4.717 0.000   3.282 0.000   1.434 0.559 0.017 0.559000 0.072 0.000
339.291667 340.291667   24.87 0.000  0.62 0.000000 9.999 0.259000 99.99 0.259000 0.114 0.000  0.646 0.000  0.905 0.000   8.026 0.000   5.283 0.000   2.743 0.000 0.034 0.000000 0.200 0.000
342.291667 343.291667   15.96 0.559  0.45 0.559000 9.999 0.559259 99.99 0.559259 0.096 0.000  0.555 0.000  0.776 0.000   6.033 0.000   3.523 0.000   2.510 0.559 0.080 0.559000 0.210 0.000
345.291667 346.291667    3.65 0.000  0.19 0.000000 9.999 0.259000 99.99 0.259000 0.015 0.000  0.294 0.000  0.411 0.000   2.795 0.000   1.658 0.000   1.137 0.000 0.035 0.000000 0.164 0.000
348.291667 349.291667   21.90 0.000 99.99 0.259000 9.999 0.259000 99.99 0.259000 0.056 0.559  0.389 0.000  0.544 0.000   4.804 0.000   2.712 0.000   2.093 0.000 0.021 0.000000 0.148 0.559
351.291667 352.291667   11.94 0.000  0.22 0.000000 9.999 0.259000 99.99 0.259000 0.024 0.559  0.195 0.000  0.273 0.000   6.726 0.000   5.620 0.000   1.106 0.000 0.018 0.000000 0.088 0.559
354.291667 355.291667 9999.99 0.999 99.99 0.999000 9.999 0.999000 99.99 0.999000 9.999 0.999 99.999 0.999 99.999 0.999 999.999 0.999 999.999 0.999 999.999 0.999 9.999 0.999000 9.999 0.999
357.291667 358.291667   14.28 0.000  0.81 0.000000 9.999 0.259000 99.99 0.259000 0.111 0.000  0.541 0.000  0.757 0.000   3.712 0.000   1.683 0.000   2.029 0.000 0.017 0.000000 0.162 0.000
360.291667 361.291667    8.49 0.000 99.99 0.259000 9.999 0.259000 99.99 0.259000 0.019 0.000  0.170 0.000  0.238 0.000   1.854 0.000   0.476 0.000   1.378 0.000 0.007 0.000000 0.251 0.000
363.291667 364.291667   10.78 0.000  1.09 0.000000 9.999 0.259000 99.99 0.259000 0.371 0.000  0.723 0.000  1.012 0.000   5.853 0.000   1.889 0.000   3.964 0.000 0.021 0.000000 0.309 0.000
