scripts/IMPROVE-2019_partial/data/US0056R.20160101070000.20191216000000.filterpack...52w.3d.US03L_filterpack_US0056.US03L_IMPROVE_Davis.lev2.nas
52 1001
MISSING INFORMATION
US03L, IMPROVE, , , , , , , 
MISSING INFORMATION
IMPROVE sel_HTAP
1 1
2016 01 01 2019 12 16
3.000000
days from file reference point
5
1 1 1 1 1
999.999999 999.999 9.999 999.999 9.999
end_time of measurement, days from the file reference point
pm10_mass, ug/m3, Matrix=pm10
numflag pm10_mass, no unit, Matrix=pm10
pm25_mass, ug/m3, Matrix=pm25
numflag pm25_mass, no unit, Matrix=pm25
0
33
Data definition:              EBAS_1.1
Set type code:                TU
Timezone:                     UTC
File name:                    US0056R.20160101070000.20191216000000.filterpack...52w.3d.US03L_filterpack_US0056.US03L_IMPROVE_Davis.lev2.nas
File creation:                20191218115855
Startdate:                    20160101070000
Revision date:                20191216000000
Version:                      2
Version description:          "Data extracted from http://views.cira.colostate.edu/fed/DataWizard 2019-12-16"
Statistics:                   arithmetic mean
Data level:                   2
Period code:                  52w
Resolution code:              3d
Sample duration:              1d
Orig. time res.:              3d
Station code:                 US0056R
Platform code:                US0056S
Station name:                 Fort Peck (IMPROVE)
Station latitude:             48.308
Station longitude:            -105.1022
Station altitude:             638.0 m
Regime:                       IMG
Component:                    
Unit:                         ug/m3
Matrix:                       
Laboratory code:              US03L
Instrument type:              filterpack
Instrument name:              filterpack_US0056
Method ref:                   US03L_IMPROVE_Davis
Blank correction:             Blank corrected
Volume std. temperature:      ambient
Volume std. pressure:         ambient
starttime endtime PM10 flag_PM10 PM2.5 flag_PM2.5
  0.291667   1.291667   2.442 0.000   0.989 0.000
  3.291667   4.291667   4.800 0.000   3.669 0.000
  6.291667   7.291667  15.266 0.000  11.479 0.000
  9.291667  10.291667   3.320 0.000   2.543 0.000
 12.291667  13.291667   2.071 0.000   1.215 0.000
 15.291667  16.291667   3.366 0.000   2.537 0.000
 18.291667  19.291667   3.468 0.000   3.136 0.000
 21.291667  22.291667 999.999 0.999 999.999 0.999
 24.291667  25.291667 999.999 0.999 999.999 0.999
 27.291667  28.291667   0.964 0.000   0.434 0.000
 30.291667  31.291667   2.497 0.000   1.739 0.000
 33.291667  34.291667 999.999 0.999 999.999 0.999
 36.291667  37.291667   3.268 0.000   0.617 0.000
 39.291667  40.291667   2.317 0.000   1.129 0.000
 42.291667  43.291667   4.168 0.000   2.035 0.000
 45.291667  46.291667   1.091 0.000   0.625 0.000
 48.291667  49.291667   2.417 0.000   1.630 0.000
 51.291667  52.291667   6.400 0.000   3.908 0.000
 54.291667  55.291667 999.999 0.456   1.142 0.000
 57.291667  58.291667 999.999 0.456   1.470 0.000
 60.291667  61.291667 999.999 0.456   1.888 0.000
 63.291667  64.291667 999.999 0.999 999.999 0.999
 66.291667  67.291667 999.999 0.999 999.999 0.999
 69.291667  70.291667   3.366 0.000   0.991 0.000
 72.291667  73.291667   2.027 0.000   0.744 0.000
 75.291667  76.291667 999.999 0.999 999.999 0.999
 78.291667  79.291667 999.999 0.999 999.999 0.999
 81.291667  82.291667 999.999 0.999 999.999 0.999
 84.291667  85.291667   4.216 0.000   3.486 0.000
 87.291667  88.291667   8.016 0.000   2.411 0.000
 90.291667  91.291667   3.156 0.000   1.323 0.000
 93.291667  94.291667   5.211 0.000   1.506 0.000
 96.291667  97.291667   7.175 0.000   2.153 0.000
 99.291667 100.291667   6.818 0.000   2.091 0.000
102.291667 103.291667   9.297 0.000   2.903 0.000
105.291667 106.291667   2.510 0.000   1.724 0.000
108.291667 109.291667   3.512 0.000   1.342 0.000
111.291667 112.291667   9.279 0.000   2.221 0.000
114.291667 115.291667   7.471 0.000   3.239 0.000
117.291667 118.291667   7.611 0.000   3.445 0.000
120.291667 121.291667  10.210 0.000   3.305 0.000
123.291667 124.291667  13.148 0.000   4.575 0.000
126.291667 127.291667  41.555 0.000  24.658 0.000
129.291667 130.291667  22.653 0.000  13.528 0.000
132.291667 133.291667 999.999 0.999 999.999 0.999
135.291667 136.291667 999.999 0.999 999.999 0.999
138.291667 139.291667  12.069 0.000   5.210 0.000
141.291667 142.291667  15.677 0.000   4.157 0.000
144.291667 145.291667   4.375 0.000   2.165 0.000
147.291667 148.291667   5.777 0.000   3.039 0.000
150.291667 151.291667   6.279 0.000   2.375 0.000
153.291667 154.291667   8.117 0.000   3.025 0.000
156.291667 157.291667   9.926 0.000   2.999 0.000
159.291667 160.291667  14.617 0.000   4.120 0.000
162.291667 163.291667 999.999 0.999 999.999 0.999
165.291667 166.291667 999.999 0.999 999.999 0.999
168.291667 169.291667   3.330 0.000   1.074 0.000
171.291667 172.291667   5.807 0.000   1.790 0.000
174.291667 175.291667   9.763 0.000   2.393 0.000
177.291667 178.291667   7.151 0.000   3.778 0.000
180.291667 181.291667  11.725 0.000   4.792 0.000
183.291667 184.291667   8.430 0.000   3.730 0.000
186.291667 187.291667   5.693 0.000   2.157 0.000
189.291667 190.291667  10.913 0.000   5.097 0.000
192.291667 193.291667   6.750 0.000   1.497 0.000
195.291667 196.291667   5.373 0.000   2.568 0.000
198.291667 199.291667   5.060 0.000   1.447 0.000
201.291667 202.291667   9.097 0.000   2.900 0.000
204.291667 205.291667   9.143 0.000   3.122 0.000
207.291667 208.291667  11.844 0.000   4.050 0.000
210.291667 211.291667  14.375 0.000   4.364 0.000
213.291667 214.291667   7.791 0.000   3.134 0.000
216.291667 217.291667   7.009 0.000   2.099 0.000
219.291667 220.291667  16.148 0.000   4.900 0.000
222.291667 223.291667  10.281 0.000   3.632 0.000
225.291667 226.291667  10.441 0.000   2.585 0.000
228.291667 229.291667  14.931 0.000   4.436 0.000
231.291667 232.291667   7.677 0.000   2.670 0.000
234.291667 235.291667  29.094 0.000  12.394 0.000
237.291667 238.291667  12.417 0.000   2.915 0.000
240.291667 241.291667  17.859 0.000   5.373 0.000
243.291667 244.291667  18.483 0.000   4.882 0.000
246.291667 247.291667  11.021 0.000   2.768 0.000
249.291667 250.291667   3.140 0.000   1.165 0.000
252.291667 253.291667   5.334 0.000   1.875 0.000
255.291667 256.291667   2.768 0.000   0.957 0.000
258.291667 259.291667  12.920 0.000   3.040 0.000
261.291667 262.291667   8.036 0.000   1.452 0.000
264.291667 265.291667   8.066 0.000   3.035 0.000
267.291667 268.291667   6.135 0.000   1.735 0.000
270.291667 271.291667   5.375 0.000   1.776 0.000
273.291667 274.291667  14.401 0.000   3.092 0.000
276.291667 277.291667   5.519 0.000   3.686 0.000
279.291667 280.291667   0.586 0.000   0.499 0.000
282.291667 283.291667   4.489 0.000   1.759 0.000
285.291667 286.291667 999.999 0.999 999.999 0.999
288.291667 289.291667 999.999 0.999 999.999 0.999
291.291667 292.291667 999.999 0.999 999.999 0.999
294.291667 295.291667   3.204 0.000   1.316 0.000
297.291667 298.291667   8.371 0.000   2.901 0.000
300.291667 301.291667   8.869 0.000   2.759 0.000
303.291667 304.291667   2.768 0.000   1.436 0.000
306.291667 307.291667   2.038 0.000   1.160 0.000
309.291667 310.291667   5.646 0.000   2.275 0.000
312.291667 313.291667   4.703 0.000   1.491 0.000
315.291667 316.291667   7.800 0.000   1.777 0.000
318.291667 319.291667   2.477 0.000   0.883 0.000
321.291667 322.291667 999.999 0.999 999.999 0.999
324.291667 325.291667 999.999 0.999 999.999 0.999
327.291667 328.291667   3.453 0.000   2.335 0.000
330.291667 331.291667   6.301 0.000   2.433 0.000
333.291667 334.291667   3.832 0.000   2.045 0.000
336.291667 337.291667   5.503 0.000   3.899 0.000
339.291667 340.291667  10.237 0.000   2.378 0.000
342.291667 343.291667   4.675 0.000   2.247 0.000
345.291667 346.291667   4.458 0.000   3.274 0.000
348.291667 349.291667   4.245 0.000   1.711 0.000
351.291667 352.291667   5.790 0.000   4.453 0.000
354.291667 355.291667   2.942 0.000   0.724 0.000
357.291667 358.291667   3.535 0.000   2.256 0.000
360.291667 361.291667   5.434 0.000   2.437 0.000
363.291667 364.291667 999.999 0.999 999.999 0.999
