scripts/IMPROVE-2019_partial/data/US0062R.19880302070000.20191216000000.filterpack...10mo.3d.US03L_filterpack_US0062.US03L_IMPROVE_Davis.lev2.nas
51 1001
MISSING INFORMATION
US03L, IMPROVE, , , , , , , 
MISSING INFORMATION
IMPROVE sel_HTAP
1 1
1988 01 01 2019 12 16
0
days from file reference point
4
1 1 1 1
999.999999 999.999 99.999 9.999
end_time of measurement, days from the file reference point
pm10_mass, ug/m3, Matrix=pm10
pm25_mass, ug/m3, Matrix=pm25
numflag, no unit
0
33
Data definition:              EBAS_1.1
Set type code:                TI
Timezone:                     UTC
File name:                    US0062R.19880302070000.20191216000000.filterpack...10mo.3d.US03L_filterpack_US0062.US03L_IMPROVE_Davis.lev2.nas
File creation:                20191218115923
Startdate:                    19880302070000
Revision date:                20191216000000
Version:                      2
Version description:          "Data extracted from http://views.cira.colostate.edu/fed/DataWizard 2019-12-16"
Statistics:                   arithmetic mean
Data level:                   2
Period code:                  10mo
Resolution code:              3d
Sample duration:              1d
Orig. time res.:              3d
Station code:                 US0062R
Platform code:                US0062S
Station name:                 Bandelier NM
Station latitude:             35.7797
Station longitude:            -106.2664
Station altitude:             1988.0 m
Regime:                       IMG
Component:                    
Unit:                         ug/m3
Matrix:                       
Laboratory code:              US03L
Instrument type:              filterpack
Instrument name:              filterpack_US0062
Method ref:                   US03L_IMPROVE_Davis
Blank correction:             Blank corrected
Volume std. temperature:      ambient
Volume std. pressure:         ambient
starttime endtime PM10 PM2.5 flag
 61.291667  62.291667   4.657  1.905 0.000
 64.291667  65.291667   7.193  3.344 0.000
 68.291667  69.291667  13.068  1.736 0.000
 71.291667  72.291667  11.842  1.383 0.000
 75.291667  76.291667  13.321  4.341 0.000
 78.291667  79.291667 999.999  4.695 0.000
 82.291667  83.291667  10.588  5.517 0.000
 85.291667  86.291667 999.999  1.861 0.000
 89.291667  90.291667  17.437  5.144 0.000
 92.291667  93.291667 999.999  4.254 0.000
 96.291667  97.291667  10.809  3.091 0.000
 99.291667 100.291667  12.610  5.241 0.000
103.291667 104.291667  12.154  5.559 0.000
106.291667 107.291667   6.866  4.058 0.000
110.291667 111.291667  13.060  4.249 0.000
113.291667 114.291667   2.996  0.762 0.000
117.291667 118.291667   7.612  4.217 0.000
120.291667 121.291667 999.999  3.834 0.000
124.291667 125.291667  11.048  4.413 0.000
127.291667 128.291667 999.999  4.730 0.000
131.291667 132.291667  11.019  3.481 0.000
134.291667 135.291667  10.355  5.510 0.000
138.291667 139.291667   6.314  4.635 0.000
141.291667 142.291667   1.894  1.429 0.000
145.291667 146.291667   8.224  4.647 0.000
148.291667 149.291667 999.999  5.801 0.000
152.291667 153.291667   3.308  1.938 0.000
155.291667 156.291667 999.999  3.397 0.000
159.291667 160.291667  12.793  4.646 0.000
162.291667 163.291667  20.178 99.999 0.000
166.291667 167.291667   6.740  5.309 0.000
169.291667 170.291667   5.194  4.599 0.000
173.291667 174.291667   7.690  4.025 0.000
176.291667 177.291667   7.106  4.458 0.000
180.291667 181.291667   5.577  3.446 0.000
183.291667 184.291667   5.128  2.892 0.000
187.291667 188.291667   6.014  4.515 0.000
190.291667 191.291667 999.999  4.970 0.000
194.291667 195.291667  12.724  4.923 0.000
197.291667 198.291667   7.344  3.988 0.000
201.291667 202.291667   4.024  2.769 0.000
204.291667 205.291667  10.595  6.769 0.000
208.291667 209.291667  12.815  7.671 0.000
211.291667 212.291667  10.238  6.149 0.000
215.291667 216.291667   7.597  3.531 0.000
218.291667 219.291667   7.596  3.365 0.000
222.291667 223.291667   3.562  2.071 0.000
225.291667 226.291667   4.527  2.974 0.000
229.291667 230.291667   5.250  2.623 0.000
232.291667 233.291667  10.921  7.200 0.000
236.291667 237.291667   8.750  3.882 0.000
239.291667 240.291667   5.302  4.551 0.000
243.291667 244.291667   7.896  3.779 0.000
246.291667 247.291667 999.999 99.999 0.999
250.291667 251.291667  14.980  8.481 0.000
253.291667 254.291667 999.999 99.999 0.999
257.291667 258.291667 999.999  7.800 0.000
260.291667 261.291667   9.594  6.869 0.000
264.291667 265.291667 999.999  2.508 0.000
267.291667 268.291667   6.245  3.942 0.000
271.291667 272.291667  10.823  2.862 0.000
274.291667 275.291667   7.177  3.444 0.000
278.291667 279.291667   6.038  3.806 0.000
281.291667 282.291667   5.041  2.443 0.000
285.291667 286.291667   9.215  5.541 0.000
288.291667 289.291667   8.130  3.903 0.000
292.291667 293.291667   7.467  2.441 0.000
295.291667 296.291667   7.249  3.576 0.000
299.291667 300.291667  12.531  3.856 0.000
302.291667 303.291667  11.102  5.182 0.000
306.291667 307.291667   8.008 99.999 0.000
309.291667 310.291667   4.855 99.999 0.000
313.291667 314.291667   5.926  3.447 0.000
316.291667 317.291667   3.935  1.959 0.000
320.291667 321.291667   5.639  1.561 0.000
323.291667 324.291667 999.999  2.824 0.000
327.291667 328.291667   5.639  3.113 0.000
330.291667 331.291667   1.991  1.333 0.000
334.291667 335.291667   3.202  1.655 0.000
337.291667 338.291667   2.458  1.846 0.000
341.291667 342.291667   6.245  2.197 0.000
344.291667 345.291667   5.190  2.848 0.000
348.291667 349.291667   6.926  2.963 0.000
351.291667 352.291667   6.388  3.200 0.000
355.291667 356.291667   6.435  4.198 0.000
358.291667 359.291667   3.304  1.288 0.000
362.291667 363.291667   4.934  2.876 0.000
365.291667 366.291667   4.108  2.709 0.000
