scripts/IMPROVE-2019_partial/data/US0073R.19900103050000.20191216000000.filterpack...1y.3d.US03L_filterpack_US0073_GRSM1.US03L_IMPROVE_Davis.lev2.nas
52 1001
MISSING INFORMATION
US03L, IMPROVE, , , , , , , 
MISSING INFORMATION
IMPROVE sel_HTAP
1 1
1990 01 01 2019 12 16
0
days from file reference point
5
1 1 1 1 1
999.999999 999.999 9.999 999.999 9.999
end_time of measurement, days from the file reference point
pm10_mass, ug/m3, Matrix=pm10
numflag pm10_mass, no unit, Matrix=pm10
pm25_mass, ug/m3, Matrix=pm25
numflag pm25_mass, no unit, Matrix=pm25
0
33
Data definition:              EBAS_1.1
Set type code:                TI
Timezone:                     UTC
File name:                    US0073R.19900103050000.20191216000000.filterpack...1y.3d.US03L_filterpack_US0073_GRSM1.US03L_IMPROVE_Davis.lev2.nas
File creation:                20191218120025
Startdate:                    19900103050000
Revision date:                20191216000000
Version:                      2
Version description:          "Data extracted from http://views.cira.colostate.edu/fed/DataWizard 2019-12-16"
Statistics:                   arithmetic mean
Data level:                   2
Period code:                  1y
Resolution code:              3d
Sample duration:              1d
Orig. time res.:              3d
Station code:                 US0073R
Platform code:                US0073S
Station name:                 Great Smoky Mountains NP
Station latitude:             35.6334
Station longitude:            -83.9416
Station altitude:             810.0 m
Regime:                       IMG
Component:                    
Unit:                         ug/m3
Matrix:                       
Laboratory code:              US03L
Instrument type:              filterpack
Instrument name:              filterpack_US0073_GRSM1
Method ref:                   US03L_IMPROVE_Davis
Blank correction:             Blank corrected
Volume std. temperature:      ambient
Volume std. pressure:         ambient
starttime endtime PM10 flag_PM10 PM2.5 flag_PM2.5
  2.208333   3.208333 999.999 0.999 999.999 0.999
  5.208333   6.208333 999.999 0.999   6.396 0.000
  9.208333  10.208333 999.999 0.999 999.999 0.999
 12.208333  13.208333 999.999 0.999 999.999 0.999
 16.208333  17.208333 999.999 0.999 999.999 0.999
 19.208333  20.208333 999.999 0.999 999.999 0.999
 23.208333  24.208333  10.040 0.000   7.393 0.000
 26.208333  27.208333   6.051 0.000   3.713 0.000
 30.208333  31.208333 999.999 0.999  14.385 0.000
 33.208333  34.208333 999.999 0.999   5.893 0.000
 37.208333  38.208333  14.654 0.000  10.383 0.000
 40.208333  41.208333  11.322 0.000   2.831 0.000
 44.208333  45.208333  15.698 0.000   9.617 0.000
 47.208333  48.208333  11.548 0.000   7.363 0.000
 51.208333  52.208333   8.500 0.000   5.737 0.000
 54.208333  55.208333   8.898 0.000   4.574 0.000
 58.208333  59.208333  20.075 0.000  14.517 0.000
 61.208333  62.208333  10.360 0.000   6.199 0.000
 65.208333  66.208333  23.510 0.000 999.999 0.999
 68.208333  69.208333  17.024 0.000  12.817 0.000
 72.208333  73.208333  16.923 0.000  12.182 0.000
 75.208333  76.208333 999.999 0.999 999.999 0.999
 79.208333  80.208333   9.375 0.000   6.571 0.000
 82.208333  83.208333  25.064 0.000  17.508 0.000
 86.208333  87.208333  23.705 0.000  20.822 0.000
 89.208333  90.208333  12.661 0.000   8.775 0.000
 93.208333  94.208333  16.016 0.000  12.251 0.000
 96.208333  97.208333  14.426 0.000   6.102 0.000
100.208333 101.208333   9.845 0.000   9.425 0.000
103.208333 104.208333  17.320 0.000  12.588 0.000
107.208333 108.208333  10.458 0.000   8.076 0.000
110.208333 111.208333  12.195 0.000   8.139 0.000
114.208333 115.208333  22.620 0.000  16.204 0.000
117.208333 118.208333  10.235 0.000 999.999 0.999
121.208333 122.208333  23.534 0.000  14.778 0.000
124.208333 125.208333  15.224 0.000   9.088 0.000
128.208333 129.208333  12.214 0.000   7.747 0.000
131.208333 132.208333  14.071 0.000   7.454 0.000
135.208333 136.208333  21.351 0.000  16.817 0.000
138.208333 139.208333  14.024 0.000   8.296 0.000
142.208333 143.208333  12.460 0.000  10.782 0.000
145.208333 146.208333  26.946 0.000  17.264 0.000
149.208333 150.208333  21.780 0.000  13.605 0.000
152.208333 153.208333 999.999 0.999  22.571 0.000
156.208333 157.208333  26.227 0.000  19.188 0.000
159.208333 160.208333  17.835 0.000  12.281 0.000
163.208333 164.208333  29.081 0.000  21.397 0.000
166.208333 167.208333  35.664 0.000  31.536 0.000
170.208333 171.208333  14.765 0.000   6.402 0.000
173.208333 174.208333   9.354 0.000   7.846 0.000
177.208333 178.208333 999.999 0.999 999.999 0.999
180.208333 181.208333 999.999 0.999 999.999 0.999
184.208333 185.208333  35.036 0.000  25.891 0.000
187.208333 188.208333  28.220 0.000  25.528 0.000
191.208333 192.208333  40.504 0.000  20.725 0.000
194.208333 195.208333   9.585 0.000   6.246 0.000
198.208333 199.208333  36.022 0.000  26.188 0.000
201.208333 202.208333  31.804 0.000  14.475 0.000
205.208333 206.208333  32.847 0.000  27.531 0.000
208.208333 209.208333  57.059 0.000  24.414 0.000
212.208333 213.208333  59.037 0.000  34.639 0.000
215.208333 216.208333  55.107 0.000  33.367 0.000
219.208333 220.208333  28.609 0.000  28.476 0.000
222.208333 223.208333  34.000 0.000  33.625 0.000
226.208333 227.208333  32.052 0.000  29.077 0.000
229.208333 230.208333  47.567 0.000  45.109 0.000
233.208333 234.208333  30.037 0.000  25.248 0.000
236.208333 237.208333  62.171 0.000  38.827 0.000
240.208333 241.208333  48.600 0.000  34.340 0.000
243.208333 244.208333  49.698 0.000  24.523 0.559
247.208333 248.208333  43.713 0.000  42.074 0.559
250.208333 251.208333  39.766 0.000  27.169 0.559
254.208333 255.208333 999.999 0.999  26.730 0.559
257.208333 258.208333  21.265 0.000  10.410 0.559
261.208333 262.208333  32.857 0.000  21.646 0.559
264.208333 265.208333  13.846 0.000   6.981 0.559
268.208333 269.208333  18.000 0.000  11.772 0.559
271.208333 272.208333  37.924 0.000  19.611 0.559
275.208333 276.208333 999.999 0.999 999.999 0.999
278.208333 279.208333  29.863 0.000   8.006 0.559
282.208333 283.208333 999.999 0.999 999.999 0.999
285.208333 286.208333  11.712 0.000   6.507 0.559
289.208333 290.208333 999.999 0.999  25.774 0.559
292.208333 293.208333  10.248 0.000   8.452 0.559
296.208333 297.208333  25.800 0.000  10.237 0.559
299.208333 300.208333   6.726 0.000   4.941 0.559
303.208333 304.208333  13.197 0.000   9.726 0.559
306.208333 307.208333  23.273 0.000  15.802 0.559
310.208333 311.208333  14.457 0.000  10.928 0.559
313.208333 314.208333  10.321 0.000   7.625 0.559
317.208333 318.208333   9.901 0.000   9.652 0.559
320.208333 321.208333  16.690 0.000   7.077 0.559
324.208333 325.208333  22.150 0.000  21.214 0.559
327.208333 328.208333   6.132 0.000   3.448 0.559
331.208333 332.208333   8.870 0.000   5.493 0.559
334.208333 335.208333  13.985 0.000   5.000 0.559
338.208333 339.208333   5.168 0.000   3.480 0.559
341.208333 342.208333  16.559 0.000  12.012 0.559
345.208333 346.208333  12.333 0.000  10.354 0.559
348.208333 349.208333  21.403 0.000  13.953 0.559
352.208333 353.208333   3.971 0.000   3.129 0.559
355.208333 356.208333   7.164 0.000   2.778 0.559
359.208333 360.208333  10.887 0.000  10.729 0.559
362.208333 363.208333   6.098 0.000   4.434 0.559
