scripts/IMPROVE-2019_partial/data/US0025R.20090101080000.20191216000000.filterpack...52w.3d.US03L_filterpack_US0025.US03L_IMPROVE_Davis.lev2.nas
52 1001
MISSING INFORMATION
US03L, IMPROVE, , , , , , , 
MISSING INFORMATION
IMPROVE sel_HTAP
1 1
2009 01 01 2019 12 16
3.000000
days from file reference point
5
1 1 1 1 1
999.999999 999.999 9.999 999.999 9.999
end_time of measurement, days from the file reference point
pm10_mass, ug/m3, Matrix=pm10
numflag pm10_mass, no unit, Matrix=pm10
pm25_mass, ug/m3, Matrix=pm25
numflag pm25_mass, no unit, Matrix=pm25
0
33
Data definition:              EBAS_1.1
Set type code:                TU
Timezone:                     UTC
File name:                    US0025R.20090101080000.20191216000000.filterpack...52w.3d.US03L_filterpack_US0025.US03L_IMPROVE_Davis.lev2.nas
File creation:                20191218115707
Startdate:                    20090101080000
Revision date:                20191216000000
Version:                      2
Version description:          "Data extracted from http://views.cira.colostate.edu/fed/DataWizard 2019-12-16"
Statistics:                   arithmetic mean
Data level:                   2
Period code:                  52w
Resolution code:              3d
Sample duration:              1d
Orig. time res.:              3d
Station code:                 US0025R
Platform code:                US0025S
Station name:                 Agua Tibia
Station latitude:             33.4636
Station longitude:            -116.9706
Station altitude:             507.0 m
Regime:                       IMG
Component:                    
Unit:                         ug/m3
Matrix:                       
Laboratory code:              US03L
Instrument type:              filterpack
Instrument name:              filterpack_US0025
Method ref:                   US03L_IMPROVE_Davis
Blank correction:             Blank corrected
Volume std. temperature:      ambient
Volume std. pressure:         ambient
starttime endtime PM10 flag_PM10 PM2.5 flag_PM2.5
  0.333333   1.333333   4.868 0.000   2.236 0.000
  3.333333   4.333333   5.481 0.000   1.745 0.000
  6.333333   7.333333   5.545 0.000   1.343 0.000
  9.333333  10.333333   6.823 0.000   0.718 0.000
 12.333333  13.333333   3.028 0.000   0.723 0.000
 15.333333  16.333333   5.312 0.000   0.939 0.000
 18.333333  19.333333   7.591 0.000   2.176 0.000
 21.333333  22.333333 999.999 0.999 999.999 0.999
 24.333333  25.333333   5.959 0.000   2.679 0.000
 27.333333  28.333333   5.352 0.000   1.555 0.000
 30.333333  31.333333   3.598 0.000   1.026 0.000
 33.333333  34.333333   2.457 0.000   1.002 0.000
 36.333333  37.333333   3.062 0.000   1.005 0.000
 39.333333  40.333333   4.143 0.000   1.802 0.000
 42.333333  43.333333   6.938 0.000   2.393 0.000
 45.333333  46.333333   6.369 0.000   2.889 0.000
 48.333333  49.333333   3.987 0.000   1.389 0.000
 51.333333  52.333333   8.075 0.000   3.317 0.000
 54.333333  55.333333   6.583 0.000   3.307 0.000
 57.333333  58.333333 999.999 0.456   5.492 0.000
 60.333333  61.333333 999.999 0.456   3.581 0.000
 63.333333  64.333333 999.999 0.456   1.555 0.000
 66.333333  67.333333 999.999 0.456   4.336 0.000
 69.333333  70.333333  15.633 0.000   5.775 0.000
 72.333333  73.333333  16.649 0.000   7.208 0.000
 75.333333  76.333333  13.751 0.000   5.270 0.000
 78.333333  79.333333  14.919 0.000   7.754 0.000
 81.333333  82.333333   9.361 0.000   2.297 0.000
 84.333333  85.333333 999.999 0.999 999.999 0.999
 87.333333  88.333333  14.474 0.000   5.831 0.000
 90.333333  91.333333  25.228 0.000   8.395 0.000
 93.333333  94.333333  19.529 0.000   6.875 0.000
 96.333333  97.333333  12.691 0.000   4.654 0.000
 99.333333 100.333333   9.092 0.000   3.911 0.000
102.333333 103.333333   9.431 0.000   3.886 0.000
105.333333 106.333333  18.441 0.000   5.860 0.000
108.333333 109.333333   8.312 0.000   3.478 0.000
111.333333 112.333333  15.465 0.000   7.218 0.000
114.333333 115.333333  12.610 0.000   4.682 0.000
117.333333 118.333333  20.476 0.000   7.860 0.000
120.333333 121.333333  23.739 0.000  10.149 0.000
123.333333 124.333333  13.976 0.000   5.680 0.000
126.333333 127.333333  20.708 0.000   8.451 0.000
129.333333 130.333333  20.278 0.000   9.794 0.000
132.333333 133.333333  22.316 0.000  10.791 0.000
135.333333 136.333333  24.468 0.000   9.594 0.000
138.333333 139.333333  12.957 0.000   5.509 0.000
141.333333 142.333333  22.783 0.000   9.951 0.000
144.333333 145.333333  17.988 0.000   8.436 0.000
147.333333 148.333333  18.958 0.000  10.421 0.000
150.333333 151.333333   8.689 0.000   4.108 0.000
153.333333 154.333333 999.999 0.999 999.999 0.999
156.333333 157.333333   4.920 0.000   2.147 0.000
159.333333 160.333333  10.867 0.000   4.784 0.000
162.333333 163.333333  12.631 0.000   5.074 0.000
165.333333 166.333333   9.984 0.000   3.619 0.000
168.333333 169.333333  19.674 0.000   8.440 0.000
171.333333 172.333333  16.239 0.000   6.914 0.000
174.333333 175.333333  20.803 0.000   8.632 0.000
177.333333 178.333333  19.829 0.000   7.591 0.000
180.333333 181.333333  16.643 0.000   7.355 0.000
183.333333 184.333333  19.708 0.000   8.972 0.000
186.333333 187.333333  15.278 0.000   6.374 0.000
189.333333 190.333333  15.123 0.000   5.312 0.000
192.333333 193.333333  21.372 0.000  13.603 0.000
195.333333 196.333333 999.999 0.999 999.999 0.999
198.333333 199.333333  19.754 0.000   8.106 0.000
201.333333 202.333333  16.172 0.000   6.889 0.000
204.333333 205.333333  25.642 0.000   9.623 0.000
207.333333 208.333333  19.847 0.000   7.582 0.000
210.333333 211.333333  15.638 0.000   6.716 0.000
213.333333 214.333333  13.393 0.000   6.593 0.000
216.333333 217.333333  10.506 0.000   3.772 0.000
219.333333 220.333333  13.794 0.000   5.489 0.000
222.333333 223.333333  20.772 0.000  10.181 0.000
225.333333 226.333333  18.766 0.000   9.690 0.000
228.333333 229.333333  22.535 0.000  13.083 0.000
231.333333 232.333333  18.632 0.000   9.848 0.000
234.333333 235.333333  13.830 0.000   7.295 0.000
237.333333 238.333333  10.334 0.000   5.255 0.000
240.333333 241.333333  12.170 0.000   5.958 0.000
243.333333 244.333333  24.587 0.000  10.089 0.000
246.333333 247.333333  22.996 0.000  10.726 0.000
249.333333 250.333333  15.096 0.000   5.899 0.000
252.333333 253.333333  15.245 0.000   5.376 0.000
255.333333 256.333333  13.946 0.000   6.848 0.000
258.333333 259.333333 999.999 0.999 999.999 0.999
261.333333 262.333333  15.330 0.000   6.050 0.000
264.333333 265.333333  14.980 0.000   4.792 0.000
267.333333 268.333333  10.757 0.000   3.158 0.000
270.333333 271.333333  13.739 0.000   5.941 0.000
273.333333 274.333333  12.322 0.000   3.612 0.000
276.333333 277.333333  17.418 0.000   5.727 0.000
279.333333 280.333333 999.999 0.999 999.999 0.999
282.333333 283.333333  16.913 0.000   7.149 0.000
285.333333 286.333333 999.999 0.456   2.032 0.000
288.333333 289.333333 999.999 0.456   2.148 0.000
291.333333 292.333333 999.999 0.456   6.915 0.000
294.333333 295.333333  10.630 0.000   3.571 0.000
297.333333 298.333333  11.488 0.000   3.543 0.000
300.333333 301.333333  38.359 0.000   6.170 0.000
303.333333 304.333333  10.710 0.000   2.832 0.000
306.333333 307.333333   6.959 0.000   1.936 0.000
309.333333 310.333333  16.860 0.000   7.649 0.000
312.333333 313.333333   7.053 0.000   2.484 0.000
315.333333 316.333333  11.353 0.000   4.661 0.000
318.333333 319.333333  10.937 0.000   3.788 0.000
321.333333 322.333333  17.451 0.000   6.039 0.000
324.333333 325.333333  13.016 0.000   6.179 0.000
327.333333 328.333333   5.591 0.000   1.948 0.000
330.333333 331.333333  12.341 0.000   3.816 0.000
333.333333 334.333333   6.057 0.000   2.347 0.000
336.333333 337.333333  16.462 0.000   9.737 0.000
339.333333 340.333333  12.109 0.000   4.614 0.000
342.333333 343.333333   7.913 0.000   4.095 0.000
345.333333 346.333333   2.197 0.000   1.445 0.000
348.333333 349.333333   3.414 0.000   1.468 0.000
351.333333 352.333333   3.820 0.000   1.320 0.000
354.333333 355.333333   7.664 0.000   3.052 0.000
357.333333 358.333333   4.092 0.000   1.610 0.000
360.333333 361.333333   3.629 0.000   1.483 0.000
363.333333 364.333333   3.745 0.000   2.235 0.000
