scripts/IMPROVE-2019_partial/data/US0024R.20060102080000.20191216000000.filterpack..pm25.52w.1w.US03L_filterpack_US0024.US03L_IMPROVE_Davis.lev2.nas
64 1001
MISSING INFORMATION
US03L, IMPROVE, , , , , , , 
MISSING INFORMATION
IMPROVE sel_HTAP
1 1
2006 01 01 2019 12 16
3.000000
days from file reference point
25
1 1 1 1 1 1 1 1 1 1 1 1 1 1 1 1 1 1 1 1 1 1 1 1 1
999.999999 9999.99 9.999 99.99 9.999999 9.999 9.999999 99.99 9.999999 9.999 9.999 99.999 9.999999 99.999 9.999999 999.999 9.999 999.999 9.999 99.999 9.999 9.999 9.999 9.999 9.999
end_time of measurement, days from the file reference point
iron, ng/m3, Revision date=20181210133000
numflag iron, no unit, Revision date=20181210133000
lead, ng/m3, Revision date=20181210133000
numflag lead, no unit, Revision date=20181210133000
magnesium, ug/m3, Revision date=20181210133000
numflag magnesium, no unit, Revision date=20181210133000
nickel, ng/m3, Revision date=20181210133000
numflag nickel, no unit, Revision date=20181210133000
nitrate, ug N/m3, Revision date=20181210133000
numflag nitrate, no unit, Revision date=20181210133000
organic_carbon, ug C/m3, Revision date=20181210133000
numflag organic_carbon, no unit, Revision date=20181210133000
organic_mass, ug/m3, Revision date=20181210133000
numflag organic_mass, no unit, Revision date=20181210133000
pm10_mass, ug/m3, Version=2, Version description=Data extracted from http://views.cira.colostate.edu/fed/DataWizard 2019-12-16, Sample duration=1d, Orig. time res.=3d, Matrix=pm10, Blank correction=Blank corrected, Volume std. temperature=ambient, Volume std. pressure=ambient
numflag pm10_mass, no unit, Version=2, Version description=Data extracted from http://views.cira.colostate.edu/fed/DataWizard 2019-12-16, Sample duration=1d, Orig. time res.=3d, Matrix=pm10, Blank correction=Blank corrected, Volume std. temperature=ambient, Volume std. pressure=ambient
pm10_pm25_mass, ug/m3, Revision date=20181210133000, Matrix=pm10_pm25
numflag pm10_pm25_mass, no unit, Revision date=20181210133000, Matrix=pm10_pm25
pm25_mass, ug/m3, Version=2, Version description=Data extracted from http://views.cira.colostate.edu/fed/DataWizard 2019-12-16, Sample duration=1d, Orig. time res.=3d, Blank correction=Blank corrected, Volume std. temperature=ambient, Volume std. pressure=ambient
numflag pm25_mass, no unit, Version=2, Version description=Data extracted from http://views.cira.colostate.edu/fed/DataWizard 2019-12-16, Sample duration=1d, Orig. time res.=3d, Blank correction=Blank corrected, Volume std. temperature=ambient, Volume std. pressure=ambient
potassium, ug/m3, Revision date=20181210133000
numflag potassium, no unit, Revision date=20181210133000
sulphate_total, ug S/m3, Revision date=20181210133000
numflag sulphate_total, no unit, Revision date=20181210133000
0
25
Data definition:              EBAS_1.1
Set type code:                TU
Timezone:                     UTC
File name:                    US0024R.20060102080000.20191216000000.filterpack..pm25.52w.1w.US03L_filterpack_US0024.US03L_IMPROVE_Davis.lev2.nas
File creation:                20191218115701
Startdate:                    20060102080000
Revision date:                20191216000000
Statistics:                   arithmetic mean
Data level:                   2
Period code:                  52w
Resolution code:              1w
Station code:                 US0024R
Platform code:                US0024S
Station name:                 Kaiser
Station latitude:             37.2207
Station longitude:            -119.1546
Station altitude:             2597.0 m
Regime:                       IMG
Component:                    
Matrix:                       pm25
Laboratory code:              US03L
Instrument type:              filterpack
Instrument name:              filterpack_US0024
Method ref:                   US03L_IMPROVE_Davis
starttime endtime Fe flag_Fe Pb flag_Pb Mg++ flag_Mg++ Ni flag_Ni NO3- flag_NO3- OC flag_OC OM flag_OM PM10 flag_PM10 PM10-PM2.5 flag_PM10-PM2.5 PM2.5 flag_PM2.5 K+ flag_K+ SO4-- flag_SO4--
  1.333333   2.333333 9999.99 0.999 99.99 0.999000 9.999 0.999000 99.99 0.999000 9.999 0.999 99.999 0.999000 99.999 0.999000 999.999 0.999 999.999 0.999 99.999 0.999 9.999 0.999 9.999 0.999
  4.333333   5.333333    3.33 0.000  0.20 0.000000 0.002 0.000000  0.11 0.000000 0.001 0.000  0.129 0.000000  0.180 0.000000   1.774 0.000   1.288 0.000  0.487 0.000 0.008 0.000 0.056 0.000
  7.333333   8.333333   43.64 0.000  0.75 0.000000 0.015 0.000000 99.99 0.259000 0.005 0.000  0.203 0.000000  0.283 0.000000   6.531 0.000   5.244 0.000  1.287 0.000 0.030 0.000 0.054 0.000
 10.333333  11.333333   57.81 0.000  0.49 0.000000 9.999 0.259000  0.16 0.000000 0.014 0.000  0.044 0.000000  0.062 0.000000   4.586 0.000   3.093 0.000  1.494 0.000 0.038 0.000 0.043 0.000
 13.333333  14.333333   24.94 0.000  0.36 0.000000 9.999 0.259000 99.99 0.259000 0.073 0.000  0.154 0.000000  0.216 0.000000   3.731 0.000   2.652 0.000  1.079 0.000 0.016 0.000 0.042 0.000
 16.333333  17.333333   63.68 0.000  0.29 0.000000 0.029 0.000000 99.99 0.259000 0.021 0.000  0.179 0.000000  0.251 0.000000   4.593 0.000   2.608 0.000  1.985 0.000 0.041 0.000 0.059 0.000
 19.333333  20.333333    3.06 0.000  0.19 0.000000 9.999 0.259000 99.99 0.259000 0.003 0.000  0.083 0.000000  0.116 0.000000   2.071 0.000   1.759 0.000  0.312 0.000 0.005 0.000 0.013 0.000
 22.333333  23.333333   22.75 0.000  0.42 0.000000 9.999 0.259000 99.99 0.259000 0.008 0.000  0.073 0.000000  0.102 0.000000   3.152 0.000   2.158 0.000  0.994 0.000 0.017 0.000 0.051 0.000
 25.333333  26.333333   22.35 0.000  1.06 0.000000 9.999 0.259000 99.99 0.259000 0.404 0.000  0.568 0.000000  0.795 0.000000  10.335 0.000   5.902 0.000  4.433 0.000 0.023 0.000 0.213 0.000
 28.333333  29.333333    3.57 0.000  0.24 0.000000 9.999 0.259000 99.99 0.259000 0.003 0.000  0.070 0.000000  0.098 0.000000   0.547 0.000   0.391 0.000  0.281 0.000 0.003 0.000 0.010 0.000
 31.333333  32.333333   10.18 0.000  0.12 0.000000 9.999 0.259000 99.99 0.259000 0.003 0.000  0.027 0.000000  0.037 0.000000   1.172 0.000   1.015 0.000  0.284 0.000 0.007 0.000 0.023 0.000
 34.333333  35.333333   14.33 0.000  0.46 0.000000 9.999 0.259000 99.99 0.259000 0.024 0.000  0.109 0.000000  0.152 0.000000   2.196 0.000   1.183 0.000  1.013 0.000 0.015 0.000 0.073 0.000
 37.333333  38.333333   14.45 0.000  0.36 0.000000 9.999 0.259000  0.28 0.000000 0.007 0.000  0.135 0.000000  0.189 0.000000   2.184 0.000   1.161 0.000  1.023 0.000 0.013 0.000 0.042 0.000
 40.333333  41.333333    9.13 0.000  0.21 0.000000 9.999 0.259000 99.99 0.259000 0.005 0.000  0.257 0.000000  0.359 0.000000   1.772 0.000   0.987 0.000  0.785 0.000 0.009 0.000 0.033 0.000
 43.333333  44.333333   11.68 0.000  0.23 0.000000 9.999 0.259000  0.35 0.000000 0.007 0.000  0.192 0.000000  0.269 0.000000   1.570 0.000   0.555 0.000  1.014 0.000 0.010 0.000 0.044 0.000
 46.333333  47.333333    7.99 0.000 99.99 0.259000 9.999 0.259000 99.99 0.259000 0.180 0.000  0.296 0.000000  0.415 0.000000   3.900 0.000   1.739 0.000  2.162 0.000 0.016 0.000 0.113 0.000
 49.333333  50.333333    1.46 0.000 99.99 0.259000 9.999 0.259000 99.99 0.259000 0.010 0.000  0.022 0.000000  0.031 0.000000   0.684 0.000   0.523 0.000  0.258 0.000 0.002 0.000 0.023 0.000
 52.333333  53.333333   25.52 0.000  0.47 0.000000 9.999 0.259000 99.99 0.259000 0.014 0.000  0.442 0.000000  0.619 0.000000   3.134 0.000   1.536 0.000  1.597 0.000 0.021 0.000 0.117 0.000
 55.333333  56.333333   27.55 0.000  0.76 0.000000 9.999 0.259000 99.99 0.259000 0.067 0.000  0.287 0.000000  0.402 0.000000   2.877 0.000   1.003 0.000  1.873 0.000 0.027 0.000 0.109 0.000
 58.333333  59.333333    1.83 0.000  0.19 0.000000 9.999 0.259000 99.99 0.259000 0.024 0.000  0.153 0.000000  0.214 0.000000   0.651 0.000   0.197 0.000  0.454 0.000 0.003 0.000 0.027 0.000
 61.333333  62.333333    1.34 0.000  0.21 0.000000 0.008 0.000000 99.99 0.259000 0.013 0.000 99.999 0.259000 99.999 0.259000   2.308 0.000   2.147 0.000  0.161 0.000 0.001 0.000 0.011 0.000
 64.333333  65.333333    8.61 0.000  0.68 0.000000 9.999 0.259000 99.99 0.259000 0.017 0.000  0.053 0.000000  0.074 0.000000   1.582 0.000   0.786 0.000  0.795 0.000 0.008 0.000 0.092 0.000
 67.333333  68.333333   36.74 0.000  0.71 0.000000 9.999 0.259000 99.99 0.259000 0.082 0.000  0.171 0.000000  0.239 0.000000   6.809 0.000   4.822 0.000  1.986 0.000 0.025 0.000 0.174 0.000
 70.333333  71.333333    2.72 0.000 99.99 0.259000 9.999 0.259000 99.99 0.259000 0.021 0.000  0.034 0.000000  0.048 0.000000   1.469 0.000   1.016 0.000  0.453 0.000 0.003 0.000 0.062 0.000
 73.333333  74.333333 9999.99 0.999 99.99 0.999000 9.999 0.999000 99.99 0.999000 9.999 0.999 99.999 0.999000 99.999 0.999000 999.999 0.999 999.999 0.999 99.999 0.999 9.999 0.999 9.999 0.999
 76.333333  77.333333 9999.99 0.999 99.99 0.999000 9.999 0.999000 99.99 0.999000 9.999 0.999 99.999 0.999000 99.999 0.999000 999.999 0.999 999.999 0.999 99.999 0.999 9.999 0.999 9.999 0.999
 79.333333  80.333333 9999.99 0.999 99.99 0.999000 9.999 0.999000 99.99 0.999000 9.999 0.999 99.999 0.999000 99.999 0.999000 999.999 0.999 999.999 0.999 99.999 0.999 9.999 0.999 9.999 0.999
 82.333333  83.333333   87.19 0.659  0.72 0.659000 0.042 0.659000 99.99 0.659259 0.086 0.659  0.200 0.659000  0.281 0.659000   5.766 0.659   3.092 0.659  2.674 0.659 0.048 0.659 0.114 0.659
 85.333333  86.333333   40.51 0.659 99.99 0.659259 9.999 0.659259 99.99 0.659259 0.028 0.659  0.179 0.659000  0.251 0.659000   5.635 0.659   3.893 0.659  1.741 0.659 0.030 0.659 0.089 0.659
 88.333333  89.333333    6.25 0.659  0.27 0.659000 9.999 0.659259 99.99 0.659259 0.005 0.659 99.999 0.659259 99.999 0.659259   0.934 0.659   0.583 0.659  0.350 0.659 0.004 0.659 0.044 0.659
 91.333333  92.333333   39.52 0.659  0.88 0.659000 0.022 0.659000 99.99 0.659259 0.019 0.659  0.250 0.659000  0.350 0.659000   2.955 0.659   0.971 0.659  1.985 0.659 0.027 0.659 0.214 0.659
 94.333333  95.333333    1.59 0.659 99.99 0.659259 9.999 0.659259 99.99 0.659259 0.010 0.659 99.999 0.659259 99.999 0.659259   0.558 0.659   0.389 0.659  0.202 0.659 0.002 0.659 0.026 0.659
 97.333333  98.333333   18.27 0.659  0.94 0.659000 0.010 0.659000 99.99 0.659259 0.027 0.659  0.322 0.659000  0.451 0.659000   1.955 0.659   0.461 0.659  1.494 0.659 0.014 0.659 0.144 0.659
100.333333 101.333333   34.19 0.659  0.51 0.659000 0.022 0.659000 99.99 0.659259 0.014 0.659  0.113 0.659000  0.158 0.659000   2.365 0.659   0.974 0.659  1.392 0.659 0.023 0.659 0.114 0.659
103.333333 104.333333    8.14 0.659  0.34 0.659000 9.999 0.659259 99.99 0.659259 0.043 0.659  0.207 0.659000  0.290 0.659000   1.015 0.659   0.217 0.659  0.798 0.659 0.007 0.659 0.059 0.659
106.333333 107.333333   57.33 0.659 99.99 0.659259 0.018 0.659000  0.08 0.659000 0.016 0.659  0.250 0.659000  0.350 0.659000   2.598 0.659   1.232 0.659  1.366 0.659 0.024 0.659 0.104 0.659
109.333333 110.333333   49.56 0.659  0.86 0.659000 0.026 0.659000 99.99 0.659259 0.031 0.659  0.785 0.659000  1.099 0.659000   6.670 0.659   3.867 0.659  2.802 0.659 0.034 0.659 0.120 0.659
112.333333 113.333333   21.78 0.659  0.51 0.659000 0.017 0.659000  0.18 0.659000 0.077 0.659  0.299 0.659000  0.418 0.659000   2.918 0.659   1.410 0.659  1.508 0.659 0.014 0.659 0.131 0.659
115.333333 116.333333   82.92 0.659  1.48 0.659000 9.999 0.659259  0.07 0.659000 0.065 0.659  0.393 0.659000  0.550 0.659000   8.294 0.659   4.104 0.659  4.190 0.659 0.076 0.659 0.363 0.659
118.333333 119.333333   29.53 0.659  0.73 0.659000 9.999 0.659259 99.99 0.659259 0.052 0.659  0.871 0.659000  1.220 0.659000   5.066 0.659   1.226 0.659  3.841 0.659 0.026 0.659 0.294 0.659
121.333333 122.333333 9999.99 0.999 99.99 0.999000 9.999 0.999000 99.99 0.999000 9.999 0.999 99.999 0.999000 99.999 0.999000 999.999 0.999 999.999 0.999 99.999 0.999 9.999 0.999 9.999 0.999
124.333333 125.333333   85.16 0.000  1.45 0.000000 0.016 0.000000  0.12 0.000000 0.241 0.000  1.369 0.000000  1.917 0.000000  11.999 0.000   4.586 0.000  7.413 0.000 0.064 0.000 0.529 0.000
127.333333 128.333333  148.75 0.000  1.64 0.000000 0.030 0.000000 99.99 0.259000 0.107 0.000  0.860 0.000000  1.205 0.000000  11.626 0.000   5.396 0.000  6.229 0.000 0.085 0.000 0.478 0.000
130.333333 131.333333  145.75 0.000  1.42 0.000000 9.999 0.259000  0.17 0.000000 0.102 0.000  1.019 0.000000  1.427 0.000000  13.092 0.000   6.639 0.000  6.453 0.000 0.082 0.000 0.433 0.000
133.333333 134.333333   80.31 0.000  1.17 0.000000 0.008 0.000000 99.99 0.259000 0.054 0.000  1.172 0.000000  1.642 0.000000   7.961 0.000   2.889 0.000  5.072 0.000 0.052 0.000 0.300 0.000
136.333333 137.333333   52.96 0.000  0.35 0.000000 9.999 0.259000 99.99 0.259000 0.026 0.000  0.583 0.000000  0.816 0.000000   6.456 0.000   3.238 0.000  3.218 0.000 0.034 0.000 0.216 0.000
139.333333 140.333333   56.47 0.000  0.60 0.000000 9.999 0.259000 99.99 0.259000 0.092 0.000  0.839 0.000000  1.175 0.000000   8.806 0.000   5.456 0.000  3.350 0.000 0.038 0.000 0.216 0.000
142.333333 143.333333   10.15 0.000  0.28 0.000000 9.999 0.259000 99.99 0.259000 0.021 0.000  0.695 0.000000  0.973 0.000000   2.773 0.000   0.790 0.000  1.983 0.000 0.015 0.000 0.118 0.000
145.333333 146.333333   50.19 0.000  1.23 0.000000 9.999 0.259000 99.99 0.259000 0.091 0.000  0.775 0.000000  1.085 0.000000   6.135 0.000   2.208 0.000  3.927 0.000 0.040 0.000 0.347 0.000
148.333333 149.333333   33.85 0.000  0.94 0.000000 9.999 0.259000 99.99 0.259000 0.029 0.000  0.793 0.000000  1.111 0.000000   4.957 0.000   1.986 0.000  2.971 0.000 0.029 0.000 0.218 0.000
151.333333 152.333333   66.25 0.000  1.22 0.000000 9.999 0.259000 99.99 0.259000 0.115 0.000  1.279 0.000000  1.791 0.000000  11.434 0.000   6.211 0.000  5.223 0.000 0.045 0.000 0.313 0.000
154.333333 155.333333   22.36 0.000  0.48 0.000000 0.012 0.000000 99.99 0.259000 0.015 0.000  1.048 0.000000  1.468 0.000000   5.188 0.000   2.092 0.000  3.096 0.000 0.014 0.000 0.169 0.000
157.333333 158.333333   65.89 0.000  0.55 0.000000 0.027 0.000000  0.09 0.000000 0.143 0.000  2.107 0.000000  2.950 0.000000  13.173 0.000   5.607 0.000  7.566 0.000 0.043 0.000 0.517 0.000
160.333333 161.333333   74.92 0.000  0.70 0.000000 0.032 0.000000  0.13 0.000000 0.161 0.000  2.363 0.000000  3.308 0.000000  12.314 0.000   4.779 0.000  7.535 0.000 0.063 0.000 0.341 0.000
163.333333 164.333333   49.59 0.000  0.95 0.000000 0.015 0.000000 99.99 0.259000 0.340 0.000  2.098 0.000000  2.938 0.000000  12.874 0.000   4.370 0.000  8.504 0.000 0.045 0.000 0.591 0.000
166.333333 167.333333   38.20 0.000  0.79 0.000000 9.999 0.259000 99.99 0.259000 0.021 0.000  1.286 0.000000  1.800 0.000000  10.104 0.000   5.790 0.000  4.315 0.000 0.034 0.000 0.284 0.000
169.333333 170.333333   34.95 0.000  0.84 0.000000 0.018 0.000000 99.99 0.259000 0.053 0.000  0.938 0.000000  1.313 0.000000   6.997 0.000   3.278 0.000  3.719 0.000 0.034 0.000 0.232 0.000
172.333333 173.333333   88.35 0.000  1.05 0.000000 0.026 0.000000 99.99 0.259000 0.053 0.000  1.966 0.000000  2.752 0.000000  20.452 0.000  13.159 0.000  7.293 0.000 0.063 0.000 0.423 0.000
175.333333 176.333333   46.21 0.000  0.82 0.000000 0.016 0.000000 99.99 0.259000 0.026 0.000  1.560 0.000000  2.184 0.000000  14.995 0.000   9.586 0.000  5.409 0.000 0.044 0.000 0.283 0.000
178.333333 179.333333 9999.99 0.999 99.99 0.999000 9.999 0.999000 99.99 0.999000 9.999 0.999 99.999 0.999000 99.999 0.999000 999.999 0.999 999.999 0.999 99.999 0.999 9.999 0.999 9.999 0.999
181.333333 182.333333   48.91 0.000  0.79 0.000000 9.999 0.259000 99.99 0.259000 0.039 0.000  1.403 0.000000  2.526 0.000000  10.312 0.000   5.397 0.000  4.915 0.000 0.047 0.000 0.381 0.000
184.333333 185.333333   44.81 0.000  0.81 0.000000 9.999 0.259000  0.10 0.000000 0.144 0.000  1.615 0.000000  2.908 0.000000  12.016 0.000   6.021 0.000  5.995 0.000 0.058 0.000 0.474 0.000
187.333333 188.333333   44.03 0.000  0.62 0.000000 9.999 0.259000 99.99 0.259000 0.044 0.000  1.449 0.000000  2.608 0.000000  11.078 0.000   6.534 0.000  4.544 0.000 0.049 0.000 0.226 0.000
190.333333 191.333333   47.60 0.000  0.67 0.000000 0.009 0.000000 99.99 0.259000 0.077 0.000  1.966 0.000000  3.538 0.000000  12.385 0.000   5.976 0.000  6.409 0.000 0.053 0.000 0.426 0.000
193.333333 194.333333   67.68 0.000  0.53 0.000000 0.012 0.000000  0.11 0.000000 0.041 0.000  1.461 0.000000  2.631 0.000000  12.537 0.000   7.212 0.000  5.326 0.000 0.059 0.000 0.239 0.000
196.333333 197.333333   39.23 0.000  0.67 0.000000 9.999 0.259000  0.14 0.000000 0.024 0.000  1.172 0.000000  2.109 0.000000   9.015 0.000   4.917 0.000  4.098 0.000 0.036 0.000 0.301 0.000
199.333333 200.333333 9999.99 0.999 99.99 0.999000 9.999 0.999000 99.99 0.999000 9.999 0.999 99.999 0.999000 99.999 0.999000 999.999 0.999 999.999 0.999 99.999 0.999 9.999 0.999 9.999 0.999
202.333333 203.333333 9999.99 0.999 99.99 0.999000 9.999 0.999000 99.99 0.999000 9.999 0.999 99.999 0.999000 99.999 0.999000 999.999 0.999 999.999 0.999 99.999 0.999 9.999 0.999 9.999 0.999
205.333333 206.333333 9999.99 0.999 99.99 0.999000 9.999 0.999000 99.99 0.999000 9.999 0.999 99.999 0.999000 99.999 0.999000 999.999 0.999 999.999 0.999 99.999 0.999 9.999 0.999 9.999 0.999
208.333333 209.333333 9999.99 0.999 99.99 0.999000 9.999 0.999000 99.99 0.999000 9.999 0.999 99.999 0.999000 99.999 0.999000 999.999 0.999 999.999 0.999 99.999 0.999 9.999 0.999 9.999 0.999
211.333333 212.333333 9999.99 0.999 99.99 0.999000 9.999 0.999000 99.99 0.999000 9.999 0.999 99.999 0.999000 99.999 0.999000 999.999 0.999 999.999 0.999 99.999 0.999 9.999 0.999 9.999 0.999
214.333333 215.333333   61.68 0.000  0.86 0.000000 9.999 0.259000 99.99 0.259000 0.166 0.000  1.969 0.000000  3.543 0.000000  16.997 0.000  10.384 0.000  6.613 0.000 0.050 0.000 0.274 0.000
217.333333 218.333333   34.64 0.000  0.66 0.000000 9.999 0.259000 99.99 0.259000 0.075 0.000  1.327 0.000000  2.389 0.000000  10.242 0.000   5.447 0.000  4.794 0.000 0.039 0.000 0.260 0.000
220.333333 221.333333   40.24 0.000  0.26 0.000000 9.999 0.259000 99.99 0.259000 0.014 0.000  0.500 0.000000  0.900 0.000000   5.245 0.000   3.217 0.000  2.029 0.000 0.020 0.000 0.112 0.000
223.333333 224.333333   63.16 0.000  0.99 0.000000 0.023 0.000000 99.99 0.259000 0.138 0.000  1.615 0.000000  2.907 0.000000  13.728 0.000   8.554 0.000  5.174 0.000 0.038 0.000 0.251 0.000
226.333333 227.333333   48.42 0.000  0.81 0.000000 0.019 0.000000  0.21 0.000000 0.199 0.000  1.875 0.000000  3.374 0.000000  12.983 0.000   7.111 0.000  5.873 0.000 0.057 0.000 0.286 0.000
229.333333 230.333333   83.46 0.000  0.87 0.000000 0.020 0.000000 99.99 0.259000 0.156 0.000  2.041 0.000000  3.673 0.000000  15.587 0.000   9.042 0.000  6.545 0.000 0.053 0.000 0.251 0.000
232.333333 233.333333 9999.99 0.999 99.99 0.999000 9.999 0.999000 99.99 0.999000 9.999 0.999 99.999 0.999000 99.999 0.999000 999.999 0.999 999.999 0.999 99.999 0.999 9.999 0.999 9.999 0.999
235.333333 236.333333   96.96 0.000  0.89 0.000000 0.025 0.000000  0.18 0.000000 0.166 0.000  1.228 0.000000  2.211 0.000000  13.200 0.000   8.135 0.000  5.065 0.000 0.054 0.000 0.288 0.000
238.333333 239.333333   57.67 0.000  0.51 0.000000 0.017 0.000000  0.12 0.000000 0.045 0.000  1.373 0.000000  2.472 0.000000  11.319 0.000   6.667 0.000  4.652 0.000 0.040 0.000 0.182 0.000
241.333333 242.333333   85.70 0.000  0.72 0.000000 9.999 0.259000 99.99 0.259000 0.079 0.000  0.895 0.000000  1.610 0.000000  12.466 0.000   7.893 0.000  4.573 0.000 0.038 0.000 0.200 0.000
244.333333 245.333333   57.01 0.000  0.72 0.000000 9.999 0.259000 99.99 0.259000 0.095 0.000  0.700 0.000000  1.259 0.000000   9.008 0.000   5.763 0.000  3.245 0.000 0.026 0.000 0.147 0.000
247.333333 248.333333   62.24 0.699  1.11 0.699000 0.015 0.699000 99.99 0.699259 0.044 0.699  0.953 0.699000  1.715 0.699000  13.667 0.659   8.488 0.699  5.179 0.659 0.038 0.699 0.365 0.699
250.333333 251.333333  274.08 0.000  1.29 0.000000 9.999 0.259000  1.77 0.000000 0.287 0.000  1.745 0.000000  3.142 0.000000  14.838 0.000   6.918 0.000  7.921 0.000 0.169 0.000 0.289 0.000
