scripts/IMPROVE-2019_partial/data/US0024R.20110103080000.20191216000000.filterpack...1y.3d.US03L_filterpack_US0024.US03L_IMPROVE_Davis.lev2.nas
52 1001
MISSING INFORMATION
US03L, IMPROVE, , , , , , , 
MISSING INFORMATION
IMPROVE sel_HTAP
1 1
2011 01 01 2019 12 16
3.000000
days from file reference point
5
1 1 1 1 1
999.999999 999.999 9.999 999.999 9.999
end_time of measurement, days from the file reference point
pm10_mass, ug/m3, Matrix=pm10
numflag pm10_mass, no unit, Matrix=pm10
pm25_mass, ug/m3, Matrix=pm25
numflag pm25_mass, no unit, Matrix=pm25
0
33
Data definition:              EBAS_1.1
Set type code:                TU
Timezone:                     UTC
File name:                    US0024R.20110103080000.20191216000000.filterpack...1y.3d.US03L_filterpack_US0024.US03L_IMPROVE_Davis.lev2.nas
File creation:                20191218115702
Startdate:                    20110103080000
Revision date:                20191216000000
Version:                      2
Version description:          "Data extracted from http://views.cira.colostate.edu/fed/DataWizard 2019-12-16"
Statistics:                   arithmetic mean
Data level:                   2
Period code:                  1y
Resolution code:              3d
Sample duration:              1d
Orig. time res.:              3d
Station code:                 US0024R
Platform code:                US0024S
Station name:                 Kaiser
Station latitude:             37.2207
Station longitude:            -119.1546
Station altitude:             2597.0 m
Regime:                       IMG
Component:                    
Unit:                         ug/m3
Matrix:                       
Laboratory code:              US03L
Instrument type:              filterpack
Instrument name:              filterpack_US0024
Method ref:                   US03L_IMPROVE_Davis
Blank correction:             Blank corrected
Volume std. temperature:      ambient
Volume std. pressure:         ambient
starttime endtime PM10 flag_PM10 PM2.5 flag_PM2.5
  2.333333   3.333333   1.124 0.000   0.524 0.000
  5.333333   6.333333   3.212 0.000   0.721 0.000
  8.333333   9.333333   4.814 0.000   0.840 0.000
 11.333333  12.333333   2.708 0.000   0.342 0.000
 14.333333  15.333333   0.793 0.000   0.341 0.000
 17.333333  18.333333   4.124 0.000   1.376 0.000
 20.333333  21.333333   1.668 0.000   0.373 0.000
 23.333333  24.333333   1.672 0.000   0.687 0.000
 26.333333  27.333333   3.529 0.000   1.295 0.000
 29.333333  30.333333   2.140 0.000   0.840 0.000
 32.333333  33.333333   1.449 0.000   0.632 0.000
 35.333333  36.333333   0.464 0.000   0.280 0.000
 38.333333  39.333333   3.293 0.000   2.421 0.000
 41.333333  42.333333   1.472 0.000   0.620 0.000
 44.333333  45.333333   2.123 0.000   0.979 0.000
 47.333333  48.333333   0.303 0.000   0.288 0.000
 50.333333  51.333333   1.165 0.000   0.770 0.000
 53.333333  54.333333   3.711 0.000   1.589 0.000
 56.333333  57.333333   0.434 0.000   0.423 0.000
 59.333333  60.333333 999.999 0.456   0.634 0.000
 62.333333  63.333333   8.187 0.000   2.472 0.000
 65.333333  66.333333   1.238 0.000   0.645 0.000
 68.333333  69.333333   6.644 0.000   2.343 0.000
 71.333333  72.333333   5.580 0.000   2.483 0.000
 74.333333  75.333333 999.999 0.999 999.999 0.999
 77.333333  78.333333 999.999 0.999 999.999 0.999
 80.333333  81.333333 999.999 0.999 999.999 0.999
 83.333333  84.333333   2.209 0.000   0.810 0.000
 86.333333  87.333333   2.353 0.000   1.295 0.000
 89.333333  90.333333   6.526 0.000   0.858 0.000
 92.333333  93.333333   3.376 0.000   1.833 0.000
 95.333333  96.333333   4.758 0.000   2.383 0.000
 98.333333  99.333333   2.014 0.000   1.189 0.000
101.333333 102.333333   8.025 0.000   5.040 0.000
104.333333 105.333333   4.402 0.000   2.480 0.000
107.333333 108.333333   4.583 0.000   2.866 0.000
110.333333 111.333333   3.154 0.000   1.817 0.000
113.333333 114.333333   3.890 0.000   2.562 0.000
116.333333 117.333333   5.251 0.000   3.079 0.000
119.333333 120.333333   4.988 0.000   1.829 0.000
122.333333 123.333333   6.397 0.000   3.358 0.000
125.333333 126.333333  10.839 0.000   5.019 0.000
128.333333 129.333333   1.974 0.000   1.134 0.000
131.333333 132.333333   7.609 0.000   4.141 0.000
134.333333 135.333333   3.658 0.000   1.394 0.000
137.333333 138.333333   1.074 0.000   0.662 0.000
140.333333 141.333333   6.966 0.000   4.743 0.000
143.333333 144.333333   8.232 0.000   4.573 0.000
146.333333 147.333333   7.937 0.000   1.789 0.000
149.333333 150.333333   3.960 0.000   1.948 0.000
152.333333 153.333333   4.762 0.000   1.795 0.000
155.333333 156.333333   3.041 0.000   1.558 0.000
158.333333 159.333333   4.391 0.000   3.007 0.000
161.333333 162.333333   9.328 0.000   5.931 0.000
164.333333 165.333333   9.033 0.000   5.029 0.000
167.333333 168.333333  14.918 0.000   6.465 0.000
170.333333 171.333333  13.627 0.000   6.896 0.000
173.333333 174.333333  14.629 0.000   6.262 0.000
176.333333 177.333333   9.689 0.000   4.329 0.000
179.333333 180.333333   3.797 0.000   1.076 0.000
182.333333 183.333333   9.864 0.000   3.780 0.000
185.333333 186.333333  15.677 0.000   8.989 0.000
188.333333 189.333333  15.456 0.000   7.159 0.000
191.333333 192.333333  15.052 0.000   7.120 0.000
194.333333 195.333333  13.899 0.000   8.061 0.000
197.333333 198.333333  16.012 0.000   8.774 0.000
200.333333 201.333333  11.687 0.000   4.427 0.000
203.333333 204.333333  17.409 0.000   8.242 0.000
206.333333 207.333333  13.418 0.000   5.368 0.000
209.333333 210.333333  22.309 0.000  14.199 0.000
212.333333 213.333333  10.334 0.000   5.859 0.000
215.333333 216.333333  12.379 0.000   4.617 0.000
218.333333 219.333333   9.528 0.000   4.467 0.000
221.333333 222.333333   9.515 0.000   3.501 0.000
224.333333 225.333333   4.481 0.000   1.315 0.000
227.333333 228.333333   8.909 0.000   3.036 0.000
230.333333 231.333333  14.956 0.000   6.413 0.000
233.333333 234.333333   7.035 0.000   3.099 0.000
236.333333 237.333333   7.469 0.000   2.567 0.000
239.333333 240.333333   9.337 0.000   3.518 0.000
242.333333 243.333333  12.801 0.000   4.187 0.000
245.333333 246.333333  16.697 0.000   4.561 0.000
248.333333 249.333333  16.007 0.000   6.240 0.000
251.333333 252.333333  10.309 0.000   3.751 0.000
254.333333 255.333333  21.542 0.000  11.166 0.000
257.333333 258.333333 999.999 0.999 999.999 0.999
260.333333 261.333333 999.999 0.999 999.999 0.999
263.333333 264.333333   2.462 0.000   0.813 0.000
266.333333 267.333333   1.723 0.000   0.663 0.000
269.333333 270.333333 999.999 0.456 999.999 0.999
272.333333 273.333333   9.105 0.000   3.107 0.000
275.333333 276.333333   6.350 0.000   1.941 0.000
278.333333 279.333333   0.515 0.000   0.315 0.000
281.333333 282.333333   3.664 0.000   2.283 0.000
284.333333 285.333333   1.371 0.000   0.944 0.000
287.333333 288.333333   2.168 0.000   1.313 0.000
290.333333 291.333333   3.062 0.000   1.813 0.000
293.333333 294.333333   5.258 0.000   1.834 0.000
296.333333 297.333333   4.461 0.000   2.225 0.000
299.333333 300.333333  10.992 0.000   7.576 0.000
302.333333 303.333333 999.999 0.999   3.962 0.000
305.333333 306.333333   4.927 0.000   2.191 0.000
308.333333 309.333333 999.999 0.999   0.954 0.000
311.333333 312.333333   4.517 0.000   1.876 0.000
314.333333 315.333333   3.699 0.000   1.933 0.000
317.333333 318.333333 999.999 0.999   1.424 0.000
320.333333 321.333333   1.336 0.000   1.003 0.000
323.333333 324.333333 999.999 0.999   0.695 0.000
326.333333 327.333333   1.262 0.000   0.611 0.000
329.333333 330.333333 999.999 0.999   0.791 0.000
332.333333 333.333333   3.415 0.000   0.608 0.000
335.333333 336.333333  19.295 0.000   3.898 0.000
338.333333 339.333333 999.999 0.999   1.431 0.000
341.333333 342.333333   1.239 0.000   1.089 0.000
344.333333 345.333333 999.999 0.999   0.754 0.000
347.333333 348.333333   6.630 0.000   3.496 0.000
350.333333 351.333333   1.336 0.000   0.430 0.000
353.333333 354.333333   1.044 0.000   1.371 0.000
356.333333 357.333333   1.045 0.000   0.372 0.000
359.333333 360.333333   0.665 0.000   0.367 0.000
362.333333 363.333333   0.580 0.000   0.183 0.000
