scripts/IMPROVE-2019_partial/data/US0022R.20030103080000.20191216000000.filterpack..pm25.1y.1w.US03L_filterpack_US0022.US03L_IMPROVE_Davis.lev2.nas
64 1001
MISSING INFORMATION
US03L, IMPROVE, , , , , , , 
MISSING INFORMATION
IMPROVE sel_HTAP
1 1
2003 01 01 2019 12 16
3.000000
days from file reference point
25
1 1 1 1 1 1 1 1 1 1 1 1 1 1 1 1 1 1 1 1 1 1 1 1 1
999.999999 9999.99 9.999999 99.99 9.999999 9.999 9.999999999 9.99 9.999999999 99.999 9.999999 99.999 9.999 99.999 9.999 999.999 9.999 999.999 9.999 999.999 9.999 9.999 9.999999 99.999 9.999999
end_time of measurement, days from the file reference point
iron, ng/m3, Revision date=20181210133000
numflag iron, no unit, Revision date=20181210133000
lead, ng/m3, Revision date=20181210133000
numflag lead, no unit, Revision date=20181210133000
magnesium, ug/m3, Revision date=20181210133000
numflag magnesium, no unit, Revision date=20181210133000
nickel, ng/m3, Revision date=20181210133000
numflag nickel, no unit, Revision date=20181210133000
nitrate, ug N/m3, Revision date=20181210133000
numflag nitrate, no unit, Revision date=20181210133000
organic_carbon, ug C/m3, Revision date=20181210133000
numflag organic_carbon, no unit, Revision date=20181210133000
organic_mass, ug/m3, Revision date=20181210133000
numflag organic_mass, no unit, Revision date=20181210133000
pm10_mass, ug/m3, Version=2, Version description=Data extracted from http://views.cira.colostate.edu/fed/DataWizard 2019-12-16, Sample duration=1d, Orig. time res.=3d, Matrix=pm10, Blank correction=Blank corrected, Volume std. temperature=ambient, Volume std. pressure=ambient
numflag pm10_mass, no unit, Version=2, Version description=Data extracted from http://views.cira.colostate.edu/fed/DataWizard 2019-12-16, Sample duration=1d, Orig. time res.=3d, Matrix=pm10, Blank correction=Blank corrected, Volume std. temperature=ambient, Volume std. pressure=ambient
pm10_pm25_mass, ug/m3, Revision date=20181210133000, Matrix=pm10_pm25
numflag pm10_pm25_mass, no unit, Revision date=20181210133000, Matrix=pm10_pm25
pm25_mass, ug/m3, Version=2, Version description=Data extracted from http://views.cira.colostate.edu/fed/DataWizard 2019-12-16, Sample duration=1d, Orig. time res.=3d, Blank correction=Blank corrected, Volume std. temperature=ambient, Volume std. pressure=ambient
numflag pm25_mass, no unit, Version=2, Version description=Data extracted from http://views.cira.colostate.edu/fed/DataWizard 2019-12-16, Sample duration=1d, Orig. time res.=3d, Blank correction=Blank corrected, Volume std. temperature=ambient, Volume std. pressure=ambient
potassium, ug/m3, Revision date=20181210133000
numflag potassium, no unit, Revision date=20181210133000
sulphate_total, ug S/m3, Revision date=20181210133000
numflag sulphate_total, no unit, Revision date=20181210133000
0
25
Data definition:              EBAS_1.1
Set type code:                TU
Timezone:                     UTC
File name:                    US0022R.20030103080000.20191216000000.filterpack..pm25.1y.1w.US03L_filterpack_US0022.US03L_IMPROVE_Davis.lev2.nas
File creation:                20191218115650
Startdate:                    20030103080000
Revision date:                20191216000000
Statistics:                   arithmetic mean
Data level:                   2
Period code:                  1y
Resolution code:              1w
Station code:                 US0022R
Platform code:                US0022S
Station name:                 Dome Lands Wilderness
Station latitude:             35.7278
Station longitude:            -118.1377
Station altitude:             927.0 m
Regime:                       IMG
Component:                    
Matrix:                       pm25
Laboratory code:              US03L
Instrument type:              filterpack
Instrument name:              filterpack_US0022
Method ref:                   US03L_IMPROVE_Davis
starttime endtime Fe flag_Fe Pb flag_Pb Mg++ flag_Mg++ Ni flag_Ni NO3- flag_NO3- OC flag_OC OM flag_OM PM10 flag_PM10 PM10-PM2.5 flag_PM10-PM2.5 PM2.5 flag_PM2.5 K+ flag_K+ SO4-- flag_SO4--
  2.333333   3.333333    2.15 0.000000  0.11 0.000000 9.999 0.259000000 9.99 0.259000000  0.004 0.000000  0.231 0.000  0.324 0.000   0.986 0.000   0.662 0.000   0.324 0.000 0.003 0.000000  0.024 0.000000
  5.333333   6.333333   15.06 0.000000  0.42 0.000000 9.999 0.259000000 9.99 0.259000000  0.010 0.000000  0.168 0.000  0.235 0.000   7.925 0.000   6.728 0.000   1.197 0.000 0.012 0.000000  0.077 0.000000
  8.333333   9.333333   19.16 0.000000  0.70 0.000000 0.011 0.000000000 0.12 0.000000000  0.073 0.000000  0.600 0.000  0.840 0.000   5.506 0.000   2.574 0.000   2.932 0.000 0.030 0.000000  0.314 0.000000
 11.333333  12.333333    6.23 0.000000  0.24 0.000000 9.999 0.259000000 0.05 0.000000000  0.014 0.000000  0.287 0.000  0.402 0.000   2.342 0.000   1.414 0.000   0.928 0.000 0.008 0.000000  0.075 0.000000
 14.333333  15.333333   10.06 0.000000  0.33 0.000000 0.012 0.000000000 9.99 0.259000000  0.046 0.000000  0.363 0.000  0.509 0.000   3.000 0.000   1.808 0.000   1.191 0.000 0.011 0.000000  0.085 0.000000
 17.333333  18.333333    5.91 0.000000  0.12 0.000000 9.999 0.259000000 9.99 0.259000000  0.006 0.000000  0.180 0.000  0.251 0.000   2.042 0.000   1.658 0.000   0.384 0.000 0.005 0.000000  0.016 0.000000
 20.333333  21.333333   12.79 0.000000  0.69 0.000000 9.999 0.259000000 0.14 0.000000000  0.061 0.000000  0.469 0.000  0.656 0.000   3.903 0.000   2.111 0.000   1.792 0.000 0.011 0.000000  0.097 0.000000
 23.333333  24.333333   11.60 0.000000  0.49 0.000000 0.009 0.000000000 0.10 0.000000000  0.428 0.000000  1.003 0.000  1.405 0.000   6.200 0.000   1.945 0.000   4.255 0.000 0.018 0.000000  0.173 0.000000
 26.333333  27.333333   26.75 0.000000  1.33 0.000000 9.999 0.259000000 9.99 0.259000000  0.013 0.000000  0.384 0.000  0.538 0.000   4.207 0.000   2.713 0.000   1.494 0.000 0.018 0.000000  0.133 0.000000
 29.333333  30.333333   12.32 0.000000  0.65 0.000000 9.999 0.259000000 9.99 0.259000000  0.044 0.000000  0.721 0.000  1.009 0.000   4.602 0.000   2.519 0.000   2.083 0.000 0.022 0.000000  0.131 0.000000
 32.333333  33.333333   44.50 0.000000  0.60 0.000000 0.022 0.000000000 9.99 0.259000000  0.292 0.000000  0.612 0.000  0.857 0.000  22.189 0.000  18.627 0.000   3.562 0.000 0.051 0.000000  0.154 0.000000
 35.333333  36.333333   58.41 0.000000  0.16 0.000000 0.022 0.000000000 9.99 0.259000000  0.140 0.000000  0.359 0.000  0.503 0.000  16.204 0.000  13.179 0.000   3.025 0.000 0.051 0.000000  0.080 0.000000
 38.333333  39.333333   13.34 0.000000  0.34 0.000000 9.999 0.259000000 9.99 0.259000000  0.240 0.000000  0.486 0.000  0.680 0.000   5.870 0.000   3.605 0.000   2.264 0.000 0.016 0.000000  0.090 0.000000
 41.333333  42.333333    4.13 0.000000  0.14 0.000000 9.999 0.259000000 9.99 0.259000000  0.008 0.000000  0.192 0.000  0.269 0.000   1.603 0.000   1.004 0.000   0.599 0.000 0.004 0.000000  0.045 0.000000
 44.333333  45.333333    1.93 0.000000  0.20 0.000000 0.012 0.000000000 0.06 0.000000000  0.108 0.000000  0.656 0.000  0.918 0.000   2.466 0.000   0.774 0.000   1.692 0.000 0.010 0.000000  0.094 0.000000
 47.333333  48.333333    3.88 0.000000  0.34 0.000000 9.999 0.259000000 0.03 0.000000000  0.222 0.000000  0.810 0.000  1.134 0.000   4.671 0.000   1.635 0.000   3.036 0.000 0.018 0.000000  0.244 0.000000
 50.333333  51.333333    4.40 0.000000  0.25 0.000000 9.999 0.259000000 9.99 0.259000000  0.109 0.000000  0.407 0.000  0.569 0.000   2.466 0.000   0.932 0.000   1.533 0.000 0.018 0.000000  0.083 0.000000
 53.333333  54.333333   66.83 0.000000  1.06 0.000000 9.999 0.259000000 9.99 0.259000000  0.415 0.000000  1.278 0.000  1.789 0.000  12.855 0.000   6.837 0.000   6.019 0.000 0.060 0.000000  0.318 0.000000
 56.333333  57.333333   11.62 0.000000  0.65 0.000000 9.999 0.259000000 9.99 0.259000000  0.461 0.000000  0.770 0.000  1.077 0.000   5.383 0.000   2.016 0.000   3.367 0.000 0.018 0.000000  0.245 0.000000
 59.333333  60.333333   12.36 0.000000  0.65 0.000000 9.999 0.259000000 9.99 0.259000000  0.825 0.000000  0.938 0.000  1.313 0.000   8.670 0.000   1.851 0.000   6.819 0.000 0.023 0.000000  0.321 0.000000
 62.333333  63.333333   11.17 0.000000  1.30 0.000000 9.999 0.259000000 9.99 0.259000000  0.312 0.000000  0.510 0.000  0.714 0.000   5.357 0.000   2.537 0.000   2.819 0.000 0.014 0.000000  0.218 0.000000
 65.333333  66.333333   22.94 0.000000  1.06 0.000000 9.999 0.259000000 9.99 0.259000000  0.829 0.000000  1.472 0.000  2.061 0.000  11.202 0.000   3.496 0.000   7.706 0.000 0.030 0.000000  0.357 0.000000
 68.333333  69.333333   39.65 0.000000  1.77 0.000000 9.999 0.259000000 9.99 0.259000000  1.258 0.000000  2.113 0.000  2.958 0.000  16.617 0.000   4.691 0.000  11.926 0.000 0.045 0.000000  0.569 0.000000
 71.333333  72.333333   30.69 0.000000  0.91 0.000000 9.999 0.259000000 9.99 0.259000000  0.096 0.000000  1.101 0.000  1.541 0.000  10.498 0.000   6.627 0.000   3.871 0.000 0.032 0.000000  0.266 0.000000
 74.333333  75.333333    8.97 0.000000  0.75 0.000000 9.999 0.259000000 9.99 0.259000000  0.135 0.000000  0.685 0.000  0.960 0.000   4.960 0.000   2.646 0.000   2.315 0.000 0.018 0.000000  0.158 0.000000
 77.333333  78.333333   24.54 0.000000  0.64 0.000000 9.999 0.259000000 0.06 0.000000000  0.462 0.000000  1.027 0.000  1.438 0.000   6.944 0.000   2.891 0.000   4.053 0.000 0.033 0.000000  0.195 0.000000
 80.333333  81.333333   17.17 0.000000  0.66 0.000000 0.020 0.000000000 9.99 0.259000000  0.246 0.000000  1.093 0.000  1.530 0.000   6.986 0.000   3.214 0.000   3.772 0.000 0.022 0.000000  0.255 0.000000
 83.333333  84.333333   28.05 0.000000  0.55 0.000000 9.999 0.259000000 9.99 0.259000000  0.431 0.000000  1.477 0.000  2.067 0.000   8.897 0.000   3.726 0.000   5.171 0.000 0.041 0.000000  0.338 0.000000
 86.333333  87.333333   22.28 0.000000  0.27 0.000000 9.999 0.259000000 9.99 0.259000000  0.148 0.000000  0.357 0.000  0.500 0.000   7.602 0.000   5.077 0.000   2.525 0.000 0.022 0.000000  0.189 0.000000
 89.333333  90.333333   19.34 0.000000  0.35 0.000000 0.011 0.000000000 9.99 0.259000000  0.022 0.000000  0.584 0.000  0.818 0.000   5.712 0.000   3.779 0.000   1.932 0.000 0.014 0.000000  0.097 0.000000
 92.333333  93.333333   13.00 0.000000  0.70 0.000000 9.999 0.259000000 9.99 0.259000000  0.169 0.000000  0.360 0.000  0.505 0.000   5.801 0.000   3.023 0.000   2.778 0.000 0.019 0.000000  0.247 0.000000
 95.333333  96.333333   17.13 0.000000  1.19 0.000000 0.012 0.000000000 0.07 0.000000000  0.362 0.000000  0.944 0.000  1.321 0.000   7.479 0.000   2.639 0.000   4.840 0.000 0.027 0.000000  0.400 0.000000
 98.333333  99.333333   46.70 0.000000  0.65 0.000000 9.999 0.259000000 0.06 0.000000000  0.141 0.000000  0.708 0.000  0.991 0.000   8.835 0.000   5.804 0.000   3.031 0.000 0.030 0.000000  0.170 0.000000
101.333333 102.333333   59.50 0.000000  1.03 0.000000 9.999 0.259000000 0.08 0.000000000  0.182 0.000000  1.036 0.000  1.450 0.000  12.070 0.000   7.315 0.000   4.755 0.000 0.038 0.000000  0.410 0.000000
104.333333 105.333333    8.13 0.000000  0.44 0.000000 0.008 0.000000000 0.09 0.000000000  0.211 0.000000  0.508 0.000  0.711 0.000   3.468 0.000   1.551 0.000   1.917 0.000 0.011 0.000000  0.184 0.000000
107.333333 108.333333   31.53 0.000000  0.62 0.000000 9.999 0.259000000 9.99 0.259000000  0.452 0.000000  0.837 0.000  1.171 0.000   8.333 0.000   3.906 0.000   4.428 0.000 0.031 0.000000  0.331 0.000000
110.333333 111.333333   48.76 0.000000  1.12 0.000000 9.999 0.259000000 9.99 0.259000000  0.617 0.000000  1.272 0.000  1.781 0.000  14.592 0.000   7.008 0.000   7.584 0.000 0.045 0.000000  0.488 0.000000
113.333333 114.333333   46.12 0.000000  1.13 0.000000 9.999 0.259000000 9.99 0.259000000  0.247 0.000000  0.970 0.000  1.358 0.000  10.370 0.000   5.861 0.000   4.508 0.000 0.048 0.000000  0.374 0.000000
116.333333 117.333333   37.63 0.000000  0.67 0.000000 9.999 0.259000000 9.99 0.259000000  0.163 0.000000  1.112 0.000  1.557 0.000   9.631 0.000   5.287 0.000   4.344 0.000 0.032 0.000000  0.261 0.000000
119.333333 120.333333   23.58 0.000000  0.66 0.000000 9.999 0.259000000 9.99 0.259000000  0.329 0.000000  0.854 0.000  1.195 0.000   9.246 0.000   5.458 0.000   3.788 0.000 0.026 0.000000  0.377 0.000000
122.333333 123.333333   18.74 0.000000  0.34 0.000000 0.024 0.000000000 0.05 0.000000000  0.038 0.000000  0.775 0.000  1.085 0.000   2.584 0.000   0.900 0.000   1.683 0.000 0.013 0.000000  0.097 0.000000
125.333333 126.333333   27.83 0.000000  1.13 0.000000 9.999 0.259000000 9.99 0.259000000  0.657 0.000000  1.632 0.000  2.284 0.000  12.296 0.000   4.050 0.000   8.246 0.000 0.030 0.000000  0.880 0.000000
128.333333 129.333333   11.87 0.000000  0.60 0.000000 0.011 0.000000000 9.99 0.259000000  0.318 0.000000  0.942 0.000  1.318 0.000   7.833 0.000   3.504 0.000   4.329 0.000 0.017 0.000000  0.380 0.000000
131.333333 132.333333   33.68 0.000000  1.03 0.000000 9.999 0.259000000 9.99 0.259000000  0.273 0.000000  2.067 0.000  2.893 0.000  12.233 0.000   5.382 0.000   6.851 0.000 0.022 0.000000  0.530 0.000000
134.333333 135.333333   81.21 0.559000  1.46 0.559000 9.999 0.559259000 0.15 0.559000000  0.628 0.000000  2.049 0.000  2.869 0.000  21.528 0.000  10.155 0.000  11.373 0.559 0.096 0.559000  1.191 0.000000
137.333333 138.333333   65.38 0.559000  1.98 0.559000 9.999 0.559259000 9.99 0.559259000  0.546 0.000000  3.315 0.000  4.642 0.000  24.285 0.000  11.738 0.000  12.547 0.559 0.081 0.559000  0.831 0.000000
140.333333 141.333333   94.58 0.000000  1.12 0.000000 9.999 0.259000000 9.99 0.259000000  0.105 0.000000  2.693 0.000  3.771 0.000  20.875 0.000  11.574 0.000   9.301 0.000 0.081 0.000000  0.634 0.000000
143.333333 144.333333  110.32 0.000000  2.04 0.000000 9.999 0.259000000 9.99 0.259000000  0.132 0.000000  2.663 0.000  3.728 0.000  27.038 0.000  17.554 0.000   9.484 0.000 0.075 0.000000  0.605 0.000000
146.333333 147.333333   62.07 0.559000  0.78 0.559000 9.999 0.559259000 9.99 0.559259000  0.074 0.000000  1.694 0.000  2.371 0.000  14.711 0.000   7.832 0.000   6.879 0.559 0.044 0.559000  0.552 0.000000
149.333333 150.333333  146.28 0.000000  1.03 0.000000 9.999 0.259000000 9.99 0.259000000  0.090 0.000000  1.417 0.000  1.984 0.000  31.128 0.000  23.806 0.000   7.322 0.000 0.088 0.000000  0.487 0.000000
152.333333 153.333333   87.32 0.000000  4.05 0.000000 9.999 0.259000000 0.08 0.000000000  0.115 0.000000  3.487 0.000  4.882 0.000  28.150 0.000  16.596 0.000  11.553 0.000 0.082 0.000000  0.816 0.000000
155.333333 156.333333  122.31 0.000000  1.41 0.000000 0.020 0.000000000 0.14 0.000000000  0.212 0.000000  4.499 0.000  6.298 0.000  37.078 0.000  21.883 0.000  15.195 0.000 0.100 0.000000  1.018 0.000000
158.333333 159.333333 9999.99 0.699000 99.99 0.699000 9.999 0.699000000 9.99 0.699000000  0.389 0.000000  4.131 0.000  5.783 0.000  37.270 0.000 999.999 0.999 999.999 0.699 9.999 0.699000  1.535 0.000000
161.333333 162.333333 9999.99 0.999000 99.99 0.999000 9.999 0.999000000 9.99 0.999000000 99.999 0.999000 99.999 0.999 99.999 0.999 999.999 0.999 999.999 0.999 999.999 0.999 9.999 0.999000 99.999 0.999000
164.333333 165.333333   64.44 0.559000  0.90 0.559000 9.999 0.559259000 0.09 0.559000000  0.353 0.000000  2.801 0.000  3.922 0.000  30.134 0.000  18.495 0.000  11.639 0.559 0.108 0.559000  0.953 0.000000
167.333333 168.333333   85.80 0.394000  1.04 0.394000 0.036 0.394000000 0.16 0.394000000  0.150 0.394000  3.728 0.000  5.219 0.000  31.667 0.000  18.947 0.000  12.720 0.000 0.100 0.394000  0.914 0.394000
170.333333 171.333333   67.59 0.000000  0.77 0.000000 0.047 0.000000000 0.05 0.000000000  0.408 0.000000  1.493 0.000  2.090 0.000  34.314 0.000  27.185 0.000   7.129 0.000 0.064 0.000000  0.516 0.000000
173.333333 174.333333   50.57 0.559000  0.72 0.559000 9.999 0.559259000 9.99 0.559259000  0.238 0.000000  1.595 0.000  2.234 0.000  22.632 0.000  16.601 0.000   6.032 0.559 0.058 0.559000  0.414 0.000000
176.333333 177.333333   56.74 0.000000  1.10 0.000000 9.999 0.259000000 0.08 0.000000000  0.035 0.000000  1.653 0.000  2.314 0.000  15.827 0.000  11.123 0.000   4.704 0.000 0.047 0.000000  0.231 0.000000
179.333333 180.333333   77.66 0.559000  0.94 0.559000 9.999 0.559259000 0.06 0.559000000  0.070 0.000000  2.682 0.000  3.755 0.000  25.179 0.000  16.637 0.000   8.542 0.559 0.094 0.559000  0.464 0.000000
182.333333 183.333333   46.83 0.000000  0.45 0.000000 9.999 0.259000000 0.06 0.000000000  0.057 0.000000  1.216 0.000  1.703 0.000  21.071 0.000  16.268 0.000   4.803 0.000 0.041 0.000000  0.380 0.000000
185.333333 186.333333   69.81 0.000000  1.25 0.000000 9.999 0.259000000 9.99 0.259000000  0.119 0.000000  2.274 0.000  3.184 0.000  24.129 0.000  16.218 0.000   7.911 0.000 0.130 0.000000  0.612 0.000000
188.333333 189.333333   67.46 0.559000  0.58 0.559000 9.999 0.559259000 9.99 0.559259000  0.104 0.000000 99.999 0.999 99.999 0.999 999.999 0.456 999.999 0.999   7.546 0.559 0.068 0.559000  0.441 0.000000
191.333333 192.333333 9999.99 0.999000 99.99 0.999000 9.999 0.999000000 9.99 0.999000000 99.999 0.999000 99.999 0.999 99.999 0.999 999.999 0.999 999.999 0.999 999.999 0.999 9.999 0.999000 99.999 0.999000
194.333333 195.333333   57.12 0.559394  0.62 0.559394 9.999 0.559394259 9.99 0.559394259  0.062 0.394000  2.119 0.000  2.967 0.000  11.329 0.000   4.059 0.000   7.270 0.559 0.053 0.559394  0.520 0.394000
197.333333 198.333333  127.33 0.000000  1.10 0.000000 9.999 0.259000000 9.99 0.259000000  0.085 0.000000  2.026 0.000  2.837 0.000  31.823 0.000  22.340 0.000   9.483 0.000 0.109 0.000000  0.602 0.000000
200.333333 201.333333 9999.99 0.999000 99.99 0.999000 9.999 0.999000000 9.99 0.999000000 99.999 0.999000 99.999 0.999 99.999 0.999 999.999 0.999 999.999 0.999 999.999 0.999 9.999 0.999000 99.999 0.999000
203.333333 204.333333   54.67 0.000000  0.82 0.000000 0.021 0.000000000 0.11 0.000000000  0.067 0.559000  2.484 0.000  3.478 0.000  17.666 0.000   8.641 0.000   9.025 0.000 0.070 0.000000  0.593 0.559000
206.333333 207.333333   49.64 0.000000  0.89 0.000000 9.999 0.259000000 0.11 0.000000000  0.068 0.559000  1.908 0.000  2.672 0.000  16.854 0.000   9.147 0.000   7.706 0.000 0.057 0.000000  0.552 0.559000
209.333333 210.333333   26.93 0.559394  0.35 0.559394 9.999 0.559394259 0.11 0.559394000  0.043 0.559394  1.691 0.000  2.368 0.000  10.138 0.000   4.885 0.000   5.253 0.559 0.028 0.559394  0.322 0.559394
212.333333 213.333333   28.88 0.559000  0.41 0.559000 9.999 0.559259000 0.13 0.559000000  0.055 0.559000  1.896 0.000  2.655 0.000  10.518 0.000   4.824 0.000   5.694 0.559 0.028 0.559000  0.407 0.559000
215.333333 216.333333   23.96 0.000000  0.49 0.000000 9.999 0.259000000 0.08 0.000000000  0.045 0.559000  1.732 0.000  2.424 0.000  14.435 0.000   8.148 0.000   6.287 0.000 0.026 0.000000  0.464 0.559000
218.333333 219.333333   47.05 0.000000  0.57 0.000000 9.999 0.259000000 0.10 0.000000000  0.056 0.559000  1.619 0.000  2.267 0.000  19.178 0.000  12.836 0.000   6.342 0.000 0.041 0.000000  0.411 0.559000
221.333333 222.333333 9999.99 0.999000 99.99 0.999000 9.999 0.999000000 9.99 0.999000000 99.999 0.999000 99.999 0.999 99.999 0.999 999.999 0.999 999.999 0.999 999.999 0.999 9.999 0.999000 99.999 0.999000
224.333333 225.333333   50.09 0.559394  0.41 0.559394 9.999 0.559394259 9.99 0.559394259  0.043 0.559394  1.006 0.000  1.409 0.000  17.246 0.000  13.006 0.000   4.240 0.559 0.030 0.559394  0.223 0.559394
227.333333 228.333333   73.36 0.394000  0.69 0.394000 0.016 0.394000000 0.11 0.394000000  0.075 0.559394  1.575 0.000  2.205 0.000  22.694 0.000  16.015 0.000   6.680 0.000 0.052 0.394000  0.465 0.559394
230.333333 231.333333 9999.99 0.999000 99.99 0.999000 9.999 0.999000000 9.99 0.999000000 99.999 0.999000 99.999 0.999 99.999 0.999 999.999 0.999 999.999 0.999 999.999 0.999 9.999 0.999000 99.999 0.999000
233.333333 234.333333   62.19 0.559000  0.69 0.559000 9.999 0.559259000 0.12 0.559000000  0.151 0.559000  1.947 0.000  2.726 0.000  28.712 0.000  20.577 0.000   8.135 0.559 0.051 0.559000  0.635 0.559000
