scripts/IMPROVE-2019_partial/data/US0091R.20020102070000.20191216000000.filterpack..pm25.52w.1w.US03L_filterpack_US0091.US03L_IMPROVE_Davis.lev2.nas
66 1001
MISSING INFORMATION
US03L, IMPROVE, , , , , , , 
MISSING INFORMATION
IMPROVE sel_HTAP
1 1
2002 01 01 2019 12 16
3.000000
days from file reference point
27
1 1 1 1 1 1 1 1 1 1 1 1 1 1 1 1 1 1 1 1 1 1 1 1 1 1 1
999.999999 9999.99 9.999999 99.99 9.999999 9.999 9.999999999 99.99 9.999999999 9.999 9.999999 999.999 9.999 999.999 9.999 999.99 9.999999999 999.999 9.999 999.999 9.999 999.999 9.999 9.999 9.999999 9.999 9.999999
end_time of measurement, days from the file reference point
iron, ng/m3, Revision date=20181210133000
numflag iron, no unit, Revision date=20181210133000
lead, ng/m3, Revision date=20181210133000
numflag lead, no unit, Revision date=20181210133000
magnesium, ug/m3, Revision date=20181210133000
numflag magnesium, no unit, Revision date=20181210133000
nickel, ng/m3, Revision date=20181210133000
numflag nickel, no unit, Revision date=20181210133000
nitrate, ug N/m3, Revision date=20181210133000
numflag nitrate, no unit, Revision date=20181210133000
organic_carbon, ug C/m3, Revision date=20181210133000
numflag organic_carbon, no unit, Revision date=20181210133000
organic_mass, ug/m3, Revision date=20181210133000
numflag organic_mass, no unit, Revision date=20181210133000
phosphorus, ng/m3, Revision date=20181210133000
numflag phosphorus, no unit, Revision date=20181210133000
pm10_mass, ug/m3, Version=2, Version description=Data extracted from http://views.cira.colostate.edu/fed/DataWizard 2019-12-16, Sample duration=1d, Orig. time res.=3d, Matrix=pm10, Blank correction=Blank corrected, Volume std. temperature=ambient, Volume std. pressure=ambient
numflag pm10_mass, no unit, Version=2, Version description=Data extracted from http://views.cira.colostate.edu/fed/DataWizard 2019-12-16, Sample duration=1d, Orig. time res.=3d, Matrix=pm10, Blank correction=Blank corrected, Volume std. temperature=ambient, Volume std. pressure=ambient
pm10_pm25_mass, ug/m3, Revision date=20181210133000, Matrix=pm10_pm25
numflag pm10_pm25_mass, no unit, Revision date=20181210133000, Matrix=pm10_pm25
pm25_mass, ug/m3, Version=2, Version description=Data extracted from http://views.cira.colostate.edu/fed/DataWizard 2019-12-16, Sample duration=1d, Orig. time res.=3d, Blank correction=Blank corrected, Volume std. temperature=ambient, Volume std. pressure=ambient
numflag pm25_mass, no unit, Version=2, Version description=Data extracted from http://views.cira.colostate.edu/fed/DataWizard 2019-12-16, Sample duration=1d, Orig. time res.=3d, Blank correction=Blank corrected, Volume std. temperature=ambient, Volume std. pressure=ambient
potassium, ug/m3, Revision date=20181210133000
numflag potassium, no unit, Revision date=20181210133000
sulphate_total, ug S/m3, Revision date=20181210133000
numflag sulphate_total, no unit, Revision date=20181210133000
0
25
Data definition:              EBAS_1.1
Set type code:                TU
Timezone:                     UTC
File name:                    US0091R.20020102070000.20191216000000.filterpack..pm25.52w.1w.US03L_filterpack_US0091.US03L_IMPROVE_Davis.lev2.nas
File creation:                20191218120133
Startdate:                    20020102070000
Revision date:                20191216000000
Statistics:                   arithmetic mean
Data level:                   2
Period code:                  52w
Resolution code:              1w
Station code:                 US0091R
Platform code:                US0091S
Station name:                 Mount Baldy
Station latitude:             34.0584
Station longitude:            -109.4406
Station altitude:             2508.0 m
Regime:                       IMG
Component:                    
Matrix:                       pm25
Laboratory code:              US03L
Instrument type:              filterpack
Instrument name:              filterpack_US0091
Method ref:                   US03L_IMPROVE_Davis
starttime endtime Fe flag_Fe Pb flag_Pb Mg++ flag_Mg++ Ni flag_Ni NO3- flag_NO3- OC flag_OC OM flag_OM P flag_P PM10 flag_PM10 PM10-PM2.5 flag_PM10-PM2.5 PM2.5 flag_PM2.5 K+ flag_K+ SO4-- flag_SO4--
  1.291667   2.291667 9999.99 0.999000 99.99 0.999000 9.999 0.999000000 99.99 0.999000000 9.999 0.999000 999.999 0.999 999.999 0.999 999.99 0.999000000 999.999 0.999 999.999 0.999 999.999 0.999 9.999 0.999000 9.999 0.999000
  4.291667   5.291667    3.65 0.000000 99.99 0.259000 9.999 0.259000000 99.99 0.259000000 0.016 0.559000   0.433 0.000   0.606 0.000 999.99 0.259000000   1.040 0.000   0.098 0.000   0.942 0.000 0.005 0.000000 0.062 0.559000
  7.291667   8.291667    6.39 0.000000  0.20 0.000000 9.999 0.259000000 99.99 0.259000000 9.999 0.559259   0.255 0.000   0.357 0.000 999.99 0.259000000   0.955 0.000   0.501 0.000   0.454 0.000 0.007 0.000000 0.021 0.559000
 10.291667  11.291667    3.97 0.000000 99.99 0.259000 9.999 0.259000000 99.99 0.259000000 0.014 0.559000   0.402 0.000   0.563 0.000 999.99 0.259000000   1.529 0.000   0.075 0.000   1.454 0.000 0.010 0.000000 0.107 0.559000
 13.291667  14.291667    3.39 0.000000 99.99 0.259000 9.999 0.259000000 99.99 0.259000000 0.005 0.559000   0.076 0.000   0.107 0.000 999.99 0.259000000   0.496 0.000   0.126 0.000   0.370 0.000 0.007 0.000000 0.018 0.559000
 16.291667  17.291667    7.26 0.000000  0.70 0.000000 0.065 0.000000000 99.99 0.259000000 0.084 0.000000   0.325 0.000   0.455 0.000 999.99 0.259000000   3.077 0.000   0.934 0.000   2.144 0.000 0.023 0.000000 0.173 0.000000
 19.291667  20.291667   12.60 0.000000  0.85 0.000000 9.999 0.259000000 99.99 0.259000000 0.043 0.000000   0.307 0.000   0.430 0.000 999.99 0.259000000   2.329 0.000   1.176 0.000   1.152 0.000 0.013 0.000000 0.060 0.000000
 22.291667  23.291667   13.47 0.000000  1.10 0.000000 9.999 0.259000000 99.99 0.259000000 0.077 0.000000   0.224 0.000   0.314 0.000 999.99 0.259000000   3.992 0.000   2.140 0.000   1.852 0.000 0.018 0.000000 0.168 0.000000
 25.291667  26.291667    6.80 0.000000  0.32 0.000000 9.999 0.259000000 99.99 0.259000000 0.009 0.000000   0.114 0.000   0.160 0.000 999.99 0.259000000   1.323 0.000   0.443 0.000   0.879 0.000 0.009 0.000000 0.062 0.000000
 28.291667  29.291667    8.84 0.000000  0.72 0.000000 9.999 0.259000000 99.99 0.259000000 0.025 0.000000   0.132 0.000   0.184 0.000 999.99 0.259000000   1.838 0.000   0.969 0.000   0.869 0.000 0.011 0.000000 0.108 0.000000
 31.291667  32.291667    3.41 0.000000 99.99 0.259000 9.999 0.259000000 99.99 0.259000000 0.005 0.000000   0.258 0.000   0.361 0.000 999.99 0.259000000   1.248 0.000   0.376 0.000   0.872 0.000 0.012 0.000000 0.034 0.000000
 34.291667  35.291667    7.63 0.000000  0.73 0.000000 9.999 0.259000000 99.99 0.259000000 0.029 0.000000   0.651 0.000   0.912 0.000 999.99 0.259000000   2.828 0.000   0.598 0.000   2.230 0.000 0.019 0.000000 0.157 0.000000
 37.291667  38.291667    5.82 0.000000  0.27 0.000000 9.999 0.259000000 99.99 0.259000000 0.009 0.000000   0.297 0.000   0.416 0.000 999.99 0.259000000   1.488 0.000   0.456 0.000   1.032 0.000 0.008 0.000000 0.079 0.000000
 40.291667  41.291667   19.53 0.000000 99.99 0.259000 9.999 0.259000000 99.99 0.259000000 0.018 0.559000   0.311 0.000   0.435 0.000 999.99 0.259000000   5.156 0.000   3.435 0.000   1.721 0.000 0.013 0.000000 0.087 0.559000
 43.291667  44.291667   23.32 0.000000  0.89 0.000000 9.999 0.259000000 99.99 0.259000000 0.017 0.559000   0.273 0.000   0.383 0.000 999.99 0.259000000   4.175 0.000   2.423 0.000   1.752 0.000 0.016 0.000000 0.106 0.559000
 46.291667  47.291667   16.11 0.000000  0.41 0.000000 9.999 0.259000000 99.99 0.259000000 0.016 0.559000   0.258 0.000   0.360 0.000 999.99 0.259000000   3.142 0.000   1.700 0.000   1.442 0.000 0.015 0.000000 0.093 0.559000
 49.291667  50.291667   10.18 0.000000 99.99 0.259000 9.999 0.259000000 99.99 0.259000000 0.095 0.559000   0.266 0.000   0.372 0.000 999.99 0.259000000   2.632 0.000   1.415 0.000   1.216 0.000 0.009 0.000000 0.101 0.559000
 52.291667  53.291667    8.99 0.000000  0.39 0.000000 9.999 0.259000000 99.99 0.259000000 0.008 0.000000   0.157 0.000   0.220 0.000 999.99 0.259000000   1.323 0.000   0.558 0.000   0.765 0.000 0.008 0.000000 0.051 0.000000
 55.291667  56.291667   25.37 0.000000  0.52 0.000000 9.999 0.259000000 99.99 0.259000000 0.030 0.000000   0.213 0.000   0.299 0.000 999.99 0.259000000   4.232 0.000   2.793 0.000   1.439 0.000 0.037 0.000000 0.060 0.000000
 58.291667  59.291667   63.67 0.000000  1.14 0.000000 9.999 0.259000000 99.99 0.259000000 0.044 0.000000   0.346 0.000   0.484 0.000 999.99 0.259000000   6.986 0.000   4.480 0.000   2.506 0.000 0.042 0.000000 0.088 0.000000
 61.291667  62.291667   14.40 0.000000  0.68 0.000000 9.999 0.259000000 99.99 0.259000000 0.027 0.000000   0.232 0.000   0.324 0.000 999.99 0.259000000   2.845 0.000   1.218 0.000   1.627 0.000 0.014 0.000000 0.169 0.000000
 64.291667  65.291667   18.97 0.000000  0.87 0.000000 9.999 0.259000000 99.99 0.259000000 0.011 0.000000   0.185 0.000   0.259 0.000 999.99 0.259000000   1.931 0.000   0.879 0.000   1.052 0.000 0.021 0.000000 0.059 0.000000
 67.291667  68.291667   32.26 0.000000  0.90 0.000000 9.999 0.259000000 99.99 0.259000000 0.013 0.000000   0.288 0.000   0.404 0.000 999.99 0.259000000   3.018 0.000   1.501 0.000   1.516 0.000 0.022 0.000000 0.099 0.000000
 70.291667  71.291667   11.96 0.000000  1.34 0.000000 9.999 0.259000000  0.12 0.000000000 0.005 0.000000   0.245 0.000   0.343 0.000 999.99 0.259000000   1.869 0.000   0.870 0.000   0.998 0.000 0.013 0.000000 0.040 0.000000
 73.291667  74.291667   51.82 0.000000  0.89 0.000000 9.999 0.259000000 99.99 0.259000000 0.066 0.559000   0.224 0.000   0.313 0.000 999.99 0.259000000   8.515 0.000   5.999 0.000   2.517 0.000 0.038 0.000000 0.144 0.559000
 76.291667  77.291667   44.61 0.000000  0.78 0.000000 9.999 0.259000000 99.99 0.259000000 0.044 0.000000   0.123 0.000   0.173 0.000 999.99 0.259000000   4.919 0.000   2.437 0.000   2.482 0.000 0.023 0.000000 0.199 0.000000
 79.291667  80.291667    2.82 0.559000  0.21 0.559000 9.999 0.559259000  0.12 0.559000000 0.013 0.000000   0.188 0.000   0.263 0.000 999.99 0.559259000   3.041 0.000   2.709 0.000   0.332 0.559 0.002 0.559000 0.082 0.000000
 82.291667  83.291667   45.96 0.000000  0.91 0.000000 9.999 0.259000000 99.99 0.259000000 0.060 0.000000   0.137 0.000   0.192 0.000 999.99 0.259000000   6.283 0.000   4.339 0.000   1.944 0.000 0.026 0.000000 0.135 0.000000
 85.291667  86.291667   78.67 0.000000  2.21 0.000000 9.999 0.259000000  0.12 0.000000000 0.027 0.000000   0.522 0.000   0.731 0.000 999.99 0.259000000  10.569 0.000   7.091 0.000   3.479 0.000 0.056 0.000000 0.249 0.000000
 88.291667  89.291667   47.74 0.000000  0.55 0.000000 9.999 0.259000000  0.25 0.000000000 0.032 0.000000   0.473 0.000   0.662 0.000 999.99 0.259000000   5.547 0.000   2.793 0.000   2.754 0.000 0.036 0.000000 0.202 0.000000
 91.291667  92.291667   90.60 0.000000  1.54 0.000000 9.999 0.259000000  0.10 0.000000000 0.053 0.559000   0.502 0.000   0.704 0.000 999.99 0.259000000   7.598 0.000   3.825 0.000   3.773 0.000 0.065 0.000000 0.224 0.559000
 94.291667  95.291667   29.25 0.000000  1.08 0.000000 9.999 0.259000000  0.23 0.000000000 0.020 0.000000   0.317 0.000   0.443 0.000 999.99 0.259000000   3.881 0.000   2.063 0.000   1.818 0.000 0.030 0.000000 0.193 0.000000
 97.291667  98.291667   87.64 0.000000  0.98 0.000000 9.999 0.259000000  0.13 0.000000000 0.139 0.000000   0.646 0.000   0.904 0.000 999.99 0.259000000   9.191 0.000   4.815 0.000   4.376 0.000 0.059 0.000000 0.297 0.000000
100.291667 101.291667   59.62 0.000000  0.96 0.000000 0.056 0.000000000  0.14 0.000000000 0.044 0.000000   0.289 0.000   0.404 0.000 999.99 0.259000000   5.351 0.000   2.579 0.000   2.772 0.000 0.036 0.000000 0.216 0.000000
103.291667 104.291667   56.01 0.000000  0.70 0.000000 9.999 0.259000000 99.99 0.259000000 0.031 0.559000   0.326 0.000   0.457 0.000 999.99 0.259000000   4.698 0.000   2.147 0.000   2.550 0.000 0.031 0.000000 0.145 0.559000
106.291667 107.291667   50.08 0.000000  0.72 0.000000 9.999 0.259000000  0.20 0.000000000 0.043 0.559000   0.094 0.000   0.132 0.000 999.99 0.259000000   6.128 0.000   3.445 0.000   2.682 0.000 0.030 0.000000 0.214 0.559000
109.291667 110.291667   69.87 0.000000  1.27 0.000000 9.999 0.259000000  0.16 0.000000000 0.109 0.000000   0.315 0.000   0.441 0.000 999.99 0.259000000   9.246 0.000   5.974 0.000   3.272 0.000 0.044 0.000000 0.169 0.000000
112.291667 113.291667   42.54 0.000000  1.65 0.000000 9.999 0.259000000  0.10 0.000000000 0.017 0.000000   0.317 0.000   0.444 0.000 999.99 0.259000000   3.529 0.000   1.610 0.000   1.919 0.000 0.030 0.000000 0.095 0.000000
115.291667 116.291667   98.87 0.000000  0.93 0.000000 9.999 0.259000000 99.99 0.259000000 0.031 0.559000   0.275 0.000   0.385 0.000 999.99 0.259000000  16.340 0.000  12.696 0.000   3.643 0.000 0.064 0.000000 0.154 0.559000
118.291667 119.291667   52.48 0.000000  0.74 0.000000 9.999 0.259000000 99.99 0.259000000 0.023 0.000000   0.120 0.000   0.168 0.000 999.99 0.259000000   4.315 0.000   2.259 0.000   2.055 0.000 0.033 0.000000 0.115 0.000000
121.291667 122.291667  124.67 0.559000  2.11 0.559000 9.999 0.559259000  0.20 0.559000000 0.081 0.000000   0.255 0.000   0.358 0.000 999.99 0.559259000   8.752 0.000   4.336 0.000   4.416 0.559 0.071 0.559000 0.220 0.000000
124.291667 125.291667  159.08 0.000000  1.39 0.000000 9.999 0.259000000 99.99 0.259000000 0.052 0.000000   0.295 0.000   0.413 0.000 999.99 0.259000000   7.843 0.000   3.608 0.000   4.235 0.000 0.087 0.000000 0.176 0.000000
127.291667 128.291667  166.35 0.000000  1.39 0.000000 9.999 0.259000000  0.24 0.000000000 0.087 0.000000   0.344 0.000   0.482 0.000 999.99 0.259000000  11.547 0.000   6.465 0.000   5.082 0.000 0.093 0.000000 0.205 0.000000
130.291667 131.291667  146.25 0.000000  1.00 0.000000 9.999 0.259000000  0.15 0.000000000 0.059 0.000000   0.204 0.000   0.285 0.000 999.99 0.259000000  10.784 0.000   6.470 0.000   4.314 0.000 0.081 0.000000 0.175 0.000000
133.291667 134.291667  259.77 0.699000  1.04 0.699000 9.999 0.699259000  0.14 0.699000000 0.084 0.000000   1.360 0.000   1.904 0.000 999.99 0.699259000  30.175 0.000  17.974 0.000  12.201 0.699 0.185 0.699000 0.391 0.000000
136.291667 137.291667  121.68 0.000000  0.83 0.000000 9.999 0.259000000  0.18 0.000000000 0.053 0.000000   0.521 0.000   0.729 0.000 999.99 0.259000000   9.462 0.000   4.983 0.000   4.479 0.000 0.069 0.000000 0.219 0.000000
139.291667 140.291667   68.20 0.000000  0.60 0.000000 9.999 0.259000000 99.99 0.259000000 0.028 0.000000   0.559 0.000   0.782 0.000 999.99 0.259000000   9.436 0.000   5.805 0.000   3.631 0.000 0.051 0.000000 0.188 0.000000
142.291667 143.291667   43.91 0.000000  0.85 0.000000 9.999 0.259000000  0.14 0.000000000 0.033 0.000000   0.305 0.000   0.427 0.000 999.99 0.259000000   6.087 0.000   3.693 0.000   2.394 0.000 0.027 0.000000 0.112 0.000000
145.291667 146.291667   44.34 0.559000  0.79 0.559000 9.999 0.559259000  0.15 0.559000000 0.044 0.000000   1.176 0.000   1.646 0.000 999.99 0.559259000   8.129 0.000   3.743 0.000   4.386 0.559 0.049 0.559000 0.225 0.000000
148.291667 149.291667   63.64 0.000000  0.48 0.000000 9.999 0.259000000  0.13 0.000000000 0.039 0.000000   0.657 0.000   0.920 0.000 999.99 0.259000000   8.156 0.000   4.653 0.000   3.503 0.000 0.043 0.000000 0.225 0.000000
151.291667 152.291667  105.50 0.699000  0.91 0.699000 9.999 0.699259000  0.19 0.699000000 0.059 0.000000   2.417 0.000   3.383 0.000 999.99 0.699259000  15.809 0.000   6.885 0.000   8.924 0.699 0.099 0.699000 0.327 0.000000
154.291667 155.291667   71.06 0.000000  0.72 0.000000 9.999 0.259000000  0.16 0.000000000 0.067 0.000000   0.691 0.000   0.968 0.000 999.99 0.259000000  11.320 0.000   6.741 0.000   4.579 0.000 0.054 0.000000 0.288 0.000000
157.291667 158.291667   74.02 0.559000  0.84 0.559000 9.999 0.559259000 99.99 0.559259000 0.044 0.000000   1.042 0.000   1.458 0.000 999.99 0.559259000  11.951 0.000   6.395 0.000   5.556 0.559 0.050 0.559000 0.380 0.000000
160.291667 161.291667   95.76 0.559000  0.82 0.559000 9.999 0.559259000  0.13 0.559000000 0.047 0.000000   0.565 0.000   0.790 0.000 999.99 0.559259000  12.337 0.000   6.887 0.000   5.449 0.559 0.073 0.559000 0.315 0.000000
163.291667 164.291667   65.03 0.559000  0.41 0.559000 9.999 0.559259000  0.22 0.559000000 0.018 0.000000   0.981 0.000   1.374 0.000 999.99 0.559259000   6.137 0.000   2.530 0.000   3.607 0.559 0.052 0.559000 0.175 0.000000
166.291667 167.291667   58.41 0.000000  0.58 0.000000 9.999 0.259000000  0.14 0.000000000 0.049 0.000000   0.640 0.000   0.897 0.000 999.99 0.259000000   6.702 0.000   3.540 0.000   3.162 0.000 0.073 0.000000 0.240 0.000000
169.291667 170.291667   69.71 0.000000  0.76 0.000000 9.999 0.259000000 99.99 0.259000000 0.029 0.559000   0.360 0.000   0.504 0.000 999.99 0.259000000   6.741 0.000   4.354 0.000   2.387 0.000 0.066 0.000000 0.174 0.559000
172.291667 173.291667   50.43 0.000000  0.81 0.000000 9.999 0.259000000  0.09 0.000000000 0.031 0.000000   0.373 0.000   0.523 0.000 999.99 0.259000000   9.219 0.000   6.276 0.000   2.943 0.000 0.042 0.000000 0.250 0.000000
175.291667 176.291667   85.12 0.699000  0.58 0.699000 9.999 0.699259000  0.13 0.699000000 0.275 0.000000  25.067 0.000  35.094 0.000  33.85 0.699000000  54.914 0.000  16.995 0.000  37.919 0.699 0.233 0.699000 0.361 0.000000
178.291667 179.291667   72.44 0.699000  0.96 0.699000 9.999 0.699259000  0.14 0.699000000 0.076 0.559000   4.193 0.000   5.870 0.000 999.99 0.699259000  17.875 0.000   6.401 0.000  11.473 0.699 0.109 0.699000 0.426 0.559000
181.291667 182.291667 9999.99 0.699000 99.99 0.699000 9.999 0.699000000 99.99 0.699000000 0.104 0.000000   5.676 0.000   7.947 0.000 999.99 0.699000000  20.792 0.000 999.999 0.999 999.999 0.699 9.999 0.699000 0.497 0.000000
184.291667 185.291667 9999.99 0.999000 99.99 0.999000 9.999 0.999000000 99.99 0.999000000 9.999 0.999000 999.999 0.999 999.999 0.999 999.99 0.999000000 999.999 0.999 999.999 0.999 999.999 0.999 9.999 0.999000 9.999 0.999000
187.291667 188.291667 9999.99 0.999000 99.99 0.999000 9.999 0.999000000 99.99 0.999000000 9.999 0.999000 999.999 0.999 999.999 0.999 999.99 0.999000000 999.999 0.999 999.999 0.999 999.999 0.999 9.999 0.999000 9.999 0.999000
190.291667 191.291667 9999.99 0.999000 99.99 0.999000 9.999 0.999000000 99.99 0.999000000 9.999 0.999000 999.999 0.999 999.999 0.999 999.99 0.999000000 999.999 0.999 999.999 0.999 999.999 0.999 9.999 0.999000 9.999 0.999000
193.291667 194.291667 9999.99 0.999000 99.99 0.999000 9.999 0.999000000 99.99 0.999000000 9.999 0.999000 999.999 0.999 999.999 0.999 999.99 0.999000000 999.999 0.999 999.999 0.999 999.999 0.999 9.999 0.999000 9.999 0.999000
196.291667 197.291667 9999.99 0.999000 99.99 0.999000 9.999 0.999000000 99.99 0.999000000 9.999 0.999000 999.999 0.999 999.999 0.999 999.99 0.999000000 999.999 0.999 999.999 0.999 999.999 0.999 9.999 0.999000 9.999 0.999000
199.291667 200.291667 9999.99 0.999000 99.99 0.999000 9.999 0.999000000 99.99 0.999000000 9.999 0.999000 999.999 0.999 999.999 0.999 999.99 0.999000000 999.999 0.999 999.999 0.999 999.999 0.999 9.999 0.999000 9.999 0.999000
202.291667 203.291667 9999.99 0.999000 99.99 0.999000 9.999 0.999000000 99.99 0.999000000 9.999 0.999000 999.999 0.999 999.999 0.999 999.99 0.999000000 999.999 0.999 999.999 0.999 999.999 0.999 9.999 0.999000 9.999 0.999000
205.291667 206.291667   36.47 0.659000  0.39 0.659000 9.999 0.659259000 99.99 0.659259000 0.020 0.659000 999.999 0.999 999.999 0.999 999.99 0.659259000   5.885 0.659 999.999 0.999   3.331 0.659 0.031 0.659000 0.297 0.659000
208.291667 209.291667   73.24 0.659000  0.60 0.659000 9.999 0.659259000  0.23 0.659000000 0.054 0.659000 999.999 0.999 999.999 0.999 999.99 0.659259000   7.472 0.659 999.999 0.999   3.488 0.659 0.046 0.659000 0.379 0.659000
211.291667 212.291667  132.87 0.659000  0.92 0.659000 9.999 0.659259000  0.13 0.659000000 0.062 0.659000 999.999 0.999 999.999 0.999 999.99 0.659259000  15.972 0.659 999.999 0.999   6.488 0.659 0.107 0.659000 0.369 0.659000
