scripts/IMPROVE-2019_partial/data/US0092U.20030103070000.20191216000000.filterpack..pm25.1y.1w.US03L_filterpack_US0092.US03L_IMPROVE_Davis.lev2.nas
66 1001
MISSING INFORMATION
US03L, IMPROVE, , , , , , , 
MISSING INFORMATION
IMPROVE sel_HTAP
1 1
2003 01 01 2019 12 16
3.000000
days from file reference point
27
1 1 1 1 1 1 1 1 1 1 1 1 1 1 1 1 1 1 1 1 1 1 1 1 1 1 1
999.999999 99999.99 9.999 999.99 9.999 9.999 9.999999 99.99 9.999999 99.999 9.999 999.999 9.999 999.999 9.999 999.99 9.999999 9999.999 9.999 9999.999 9.999 999.999 9.999 99.999 9.999 99.999 9.999
end_time of measurement, days from the file reference point
iron, ng/m3, Revision date=20181210133000
numflag iron, no unit, Revision date=20181210133000
lead, ng/m3, Revision date=20181210133000
numflag lead, no unit, Revision date=20181210133000
magnesium, ug/m3, Revision date=20181210133000
numflag magnesium, no unit, Revision date=20181210133000
nickel, ng/m3, Revision date=20181210133000
numflag nickel, no unit, Revision date=20181210133000
nitrate, ug N/m3, Revision date=20181210133000
numflag nitrate, no unit, Revision date=20181210133000
organic_carbon, ug C/m3, Revision date=20181210133000
numflag organic_carbon, no unit, Revision date=20181210133000
organic_mass, ug/m3, Revision date=20181210133000
numflag organic_mass, no unit, Revision date=20181210133000
phosphorus, ng/m3, Revision date=20181210133000
numflag phosphorus, no unit, Revision date=20181210133000
pm10_mass, ug/m3, Version=2, Version description=Data extracted from http://views.cira.colostate.edu/fed/DataWizard 2019-12-16, Sample duration=1d, Orig. time res.=3d, Matrix=pm10, Blank correction=Blank corrected, Volume std. temperature=ambient, Volume std. pressure=ambient
numflag pm10_mass, no unit, Version=2, Version description=Data extracted from http://views.cira.colostate.edu/fed/DataWizard 2019-12-16, Sample duration=1d, Orig. time res.=3d, Matrix=pm10, Blank correction=Blank corrected, Volume std. temperature=ambient, Volume std. pressure=ambient
pm10_pm25_mass, ug/m3, Revision date=20181210133000, Matrix=pm10_pm25
numflag pm10_pm25_mass, no unit, Revision date=20181210133000, Matrix=pm10_pm25
pm25_mass, ug/m3, Version=2, Version description=Data extracted from http://views.cira.colostate.edu/fed/DataWizard 2019-12-16, Sample duration=1d, Orig. time res.=3d, Blank correction=Blank corrected, Volume std. temperature=ambient, Volume std. pressure=ambient
numflag pm25_mass, no unit, Version=2, Version description=Data extracted from http://views.cira.colostate.edu/fed/DataWizard 2019-12-16, Sample duration=1d, Orig. time res.=3d, Blank correction=Blank corrected, Volume std. temperature=ambient, Volume std. pressure=ambient
potassium, ug/m3, Revision date=20181210133000
numflag potassium, no unit, Revision date=20181210133000
sulphate_total, ug S/m3, Revision date=20181210133000
numflag sulphate_total, no unit, Revision date=20181210133000
0
25
Data definition:              EBAS_1.1
Set type code:                TU
Timezone:                     UTC
File name:                    US0092U.20030103070000.20191216000000.filterpack..pm25.1y.1w.US03L_filterpack_US0092.US03L_IMPROVE_Davis.lev2.nas
File creation:                20191218120138
Startdate:                    20030103070000
Revision date:                20191216000000
Statistics:                   arithmetic mean
Data level:                   2
Period code:                  1y
Resolution code:              1w
Station code:                 US0092U
Platform code:                US0092S
Station name:                 Phoenix
Station latitude:             33.5038
Station longitude:            -112.0958
Station altitude:             342.0 m
Regime:                       IMG
Component:                    
Matrix:                       pm25
Laboratory code:              US03L
Instrument type:              filterpack
Instrument name:              filterpack_US0092
Method ref:                   US03L_IMPROVE_Davis
starttime endtime Fe flag_Fe Pb flag_Pb Mg++ flag_Mg++ Ni flag_Ni NO3- flag_NO3- OC flag_OC OM flag_OM P flag_P PM10 flag_PM10 PM10-PM2.5 flag_PM10-PM2.5 PM2.5 flag_PM2.5 K+ flag_K+ SO4-- flag_SO4--
[from data line 78]
236.291667 237.291667   225.71 0.000   1.26 0.000 9.999 0.259000  0.28 0.000000  0.075 0.000   1.588 0.000   2.223 0.000 999.99 0.259000 9999.999 0.456 9999.999 0.999   8.813 0.000  0.109 0.000  0.469 0.000
239.291667 240.291667   134.04 0.000   1.11 0.000 0.097 0.000000  0.21 0.000000  0.118 0.000   1.582 0.000   2.215 0.000 999.99 0.259000   15.645 0.000    9.569 0.000   6.076 0.000  0.063 0.000  0.367 0.000
242.291667 243.291667   172.64 0.000   1.62 0.000 9.999 0.259000  0.37 0.000000  0.077 0.000   1.801 0.000   2.522 0.000 999.99 0.259000   15.798 0.000    8.481 0.000   7.316 0.000  0.085 0.000  0.491 0.000
245.291667 246.291667   226.04 0.000   2.03 0.000 9.999 0.259000  0.34 0.000000  0.042 0.000   2.235 0.000   3.129 0.000 999.99 0.259000   25.572 0.000   15.850 0.000   9.722 0.000  0.102 0.000  0.470 0.000
248.291667 249.291667    85.67 0.000   0.85 0.000 9.999 0.259000  0.28 0.000000  0.066 0.000   1.375 0.000   1.925 0.000 999.99 0.259000   18.301 0.000   12.344 0.000   5.957 0.000  0.062 0.000  0.563 0.000
251.291667 252.291667   307.50 0.000   1.10 0.000 0.097 0.000000  0.32 0.000000  0.079 0.000   1.089 0.000   1.524 0.000 999.99 0.259000   46.976 0.000   37.139 0.000   9.837 0.000  0.188 0.000  0.342 0.000
254.291667 255.291667   333.84 0.000   7.12 0.000 9.999 0.259000  0.31 0.000000  0.062 0.000   2.369 0.000   3.317 0.000 999.99 0.259000   29.085 0.000   18.981 0.000  10.104 0.000  0.139 0.000  0.256 0.000
257.291667 258.291667   373.05 0.000   2.89 0.000 9.999 0.259000  0.42 0.000000  0.071 0.000   3.748 0.000   5.247 0.000 999.99 0.259000   29.052 0.000   16.477 0.000  12.575 0.000  0.182 0.000  0.397 0.000
260.291667 261.291667   469.24 0.000   2.51 0.000 9.999 0.259000  0.29 0.000000  0.054 0.000   2.241 0.000   3.137 0.000 999.99 0.259000   37.434 0.000   25.117 0.000  12.318 0.000  0.175 0.000  0.336 0.000
263.291667 264.291667   380.05 0.000   2.62 0.000 0.078 0.000000  0.21 0.000000  0.075 0.000   3.364 0.000   4.710 0.000 999.99 0.259000   27.038 0.000   14.878 0.000  12.161 0.000  0.182 0.000  0.336 0.000
266.291667 267.291667   213.82 0.000   1.35 0.000 0.064 0.000000  0.22 0.000000  0.176 0.000   1.440 0.000   2.016 0.000 999.99 0.259000   20.135 0.000   13.065 0.000   7.070 0.000  0.093 0.000  0.186 0.000
269.291667 270.291667   136.26 0.000   2.11 0.000 9.999 0.259000  0.34 0.000000  0.092 0.000   2.402 0.000   3.364 0.000 999.99 0.259000   23.956 0.000   15.573 0.000   8.383 0.000  0.080 0.000  0.508 0.000
272.291667 273.291667   278.62 0.000   2.59 0.000 9.999 0.259000  0.40 0.000000  0.072 0.000   3.031 0.000   4.243 0.000 999.99 0.259000   31.890 0.000   21.797 0.000  10.094 0.000  0.107 0.000  0.424 0.000
275.291667 276.291667   180.96 0.000   1.41 0.000 9.999 0.259000  0.48 0.000000  0.052 0.000   1.200 0.000   1.681 0.000 999.99 0.259000   26.175 0.000   19.455 0.000   6.720 0.000  0.086 0.000  0.337 0.000
278.291667 279.291667   228.85 0.000   2.07 0.000 0.049 0.000000  0.42 0.000000  0.070 0.000   2.162 0.000   3.027 0.000 999.99 0.259000   27.572 0.000   18.971 0.000   8.601 0.000  0.096 0.000  0.438 0.000
281.291667 282.291667   239.67 0.000   4.05 0.000 9.999 0.259000  0.25 0.000000  0.082 0.000   2.171 0.000   3.039 0.000 999.99 0.259000   30.079 0.000   21.430 0.000   8.648 0.000  0.088 0.000  0.338 0.000
284.291667 285.291667   138.13 0.000   4.32 0.000 0.027 0.000000  0.09 0.000000  0.073 0.000   2.737 0.000   3.831 0.000 999.99 0.259000   20.098 0.000   11.473 0.000   8.625 0.000  0.065 0.000  0.497 0.000
287.291667 288.291667   249.27 0.559   2.26 0.559 9.999 0.559259  0.13 0.559000  0.087 0.000   2.813 0.000   3.938 0.000 999.99 0.559259   28.646 0.000   18.180 0.000  10.466 0.559  0.091 0.559  0.501 0.000
290.291667 291.291667   265.50 0.000   3.37 0.000 9.999 0.259000  0.31 0.000000  0.067 0.000   3.956 0.000   5.539 0.000 999.99 0.259000   30.515 0.000   19.058 0.000  11.457 0.000  0.109 0.000  0.409 0.000
293.291667 294.291667   391.25 0.000   3.53 0.000 0.057 0.000000  0.82 0.000000  0.069 0.000   3.658 0.000   5.121 0.000 999.99 0.259000   36.550 0.000   23.879 0.000  12.671 0.000  0.119 0.000  0.413 0.000
296.291667 297.291667   488.31 0.000   4.68 0.000 0.100 0.000000  0.45 0.000000  0.102 0.000   5.271 0.000   7.380 0.000 999.99 0.259000   48.032 0.000   30.412 0.000  17.621 0.000  0.217 0.000  0.447 0.000
299.291667 300.291667   412.39 0.000   4.65 0.000 9.999 0.259000  0.26 0.000000  0.083 0.000   4.346 0.000   6.084 0.000 999.99 0.259000   44.037 0.000   30.564 0.000  13.473 0.000  0.141 0.000  0.294 0.000
302.291667 303.291667   351.91 0.559   7.36 0.559 9.999 0.559259  0.37 0.559000  0.280 0.000   9.811 0.000  13.735 0.000 999.99 0.559259   60.816 0.000   34.082 0.000  26.735 0.559  0.765 0.559  0.452 0.000
305.291667 306.291667   157.84 0.000   3.11 0.000 9.999 0.259000 99.99 0.259000  0.367 0.000   3.639 0.000   5.094 0.000 999.99 0.259000   24.554 0.000   14.710 0.000   9.843 0.000  0.142 0.000  0.274 0.000
308.291667 309.291667   363.83 0.000   2.81 0.000 0.056 0.000000  0.19 0.000000  0.416 0.000   5.304 0.000   7.425 0.000 999.99 0.259000   38.049 0.000   24.517 0.000  13.532 0.000  0.137 0.000  0.224 0.000
311.291667 312.291667   398.93 0.000   5.48 0.000 9.999 0.259000  0.14 0.000000  0.408 0.000   6.253 0.000   8.754 0.000  34.96 0.000000   43.621 0.000   28.279 0.000  15.342 0.000  0.219 0.000  0.258 0.000
314.291667 315.291667   188.61 0.000   4.18 0.000 0.038 0.000000  0.42 0.000000  0.160 0.000   3.281 0.000   4.594 0.000 999.99 0.259000   23.933 0.000   15.832 0.000   8.102 0.000  0.246 0.000  0.235 0.000
317.291667 318.291667   223.66 0.000   3.07 0.000 9.999 0.259000  0.20 0.000000  0.454 0.000   4.406 0.000   6.168 0.000 999.99 0.259000   19.835 0.000    9.869 0.000   9.967 0.000  0.074 0.000  0.211 0.000
320.291667 321.291667   185.83 0.000   3.10 0.000 0.047 0.000000  0.21 0.000000  0.800 0.000   4.817 0.000   6.743 0.000 999.99 0.259000   20.833 0.000    9.722 0.000  11.111 0.000  0.083 0.000  0.299 0.000
323.291667 324.291667   383.07 0.000   7.12 0.000 0.047 0.000000  0.78 0.000000  0.133 0.000   5.766 0.000   8.072 0.000 999.99 0.259000   29.018 0.000   17.487 0.000  11.531 0.000  0.095 0.000  0.204 0.000
326.291667 327.291667   119.07 0.000   1.69 0.000 9.999 0.259000  0.17 0.000000  0.078 0.000   4.763 0.000   6.668 0.000 999.99 0.259000   15.212 0.000    6.443 0.000   8.769 0.000  0.096 0.000  0.084 0.000
329.291667 330.291667   447.15 0.559   5.69 0.559 0.104 0.559000  0.28 0.559000  1.037 0.000  10.430 0.000  14.601 0.000 999.99 0.559259   44.578 0.000   21.542 0.000  23.035 0.559  0.207 0.559  0.313 0.000
332.291667 333.291667   320.46 0.000   4.62 0.000 9.999 0.259000 99.99 0.259000  0.173 0.000   9.477 0.000  13.267 0.000 999.99 0.259000   32.186 0.000   14.615 0.000  17.571 0.000  0.207 0.000  0.206 0.000
335.291667 336.291667   658.50 0.000  10.19 0.000 9.999 0.259000  0.73 0.000000  1.008 0.000   9.475 0.000  13.265 0.000 999.99 0.259000   59.987 0.000   35.442 0.000  24.545 0.000  0.242 0.000  0.379 0.000
338.291667 339.291667   668.79 0.000   7.71 0.000 0.066 0.000000  0.46 0.000000  0.406 0.000  11.551 0.000  16.171 0.000 999.99 0.259000   49.537 0.000   25.971 0.000  23.566 0.000  0.410 0.000  0.383 0.000
341.291667 342.291667   210.70 0.000   1.81 0.000 0.072 0.000000  0.15 0.000000  0.167 0.000   1.359 0.000   1.903 0.000 999.99 0.259000   28.977 0.000   23.320 0.000   5.656 0.000  0.093 0.000  0.235 0.000
344.291667 345.291667   409.06 0.000   5.04 0.000 0.076 0.000000  0.42 0.000000  0.950 0.000   4.755 0.000   6.657 0.000 999.99 0.259000   39.115 0.000   23.133 0.000  15.982 0.000  0.170 0.000  0.194 0.000
347.291667 348.291667 99999.99 0.699 999.99 0.699 9.999 0.699000 99.99 0.699000  1.434 0.000  12.889 0.000  18.044 0.000 999.99 0.699000   30.976 0.000 9999.999 0.999 999.999 0.699 99.999 0.699  0.426 0.000
350.291667 351.291667   485.56 0.000   3.43 0.000 9.999 0.259000  0.13 0.000000  0.237 0.000   6.832 0.000   9.565 0.000  23.93 0.000000   30.455 0.000   16.184 0.000  14.271 0.000  0.140 0.000  0.119 0.000
353.291667 354.291667   486.75 0.000   8.77 0.000 0.082 0.000000  0.31 0.000000  0.191 0.000  10.942 0.000  15.319 0.000 999.99 0.259000   43.382 0.000   22.677 0.000  20.705 0.000  0.261 0.000  0.269 0.000
356.291667 357.291667   136.74 0.000   7.02 0.000 0.050 0.000000 99.99 0.259000  0.021 0.000   1.320 0.000   1.848 0.000 999.99 0.259000   15.372 0.000   11.136 0.000   4.236 0.000  0.066 0.000  0.147 0.000
359.291667 360.291667   115.70 0.000   1.13 0.000 9.999 0.259000  0.07 0.000000  0.076 0.000   1.661 0.000   2.326 0.000 999.99 0.259000   14.637 0.000    9.966 0.000   4.672 0.000  0.065 0.000  0.096 0.000
362.291667 363.291667   240.02 0.559  11.64 0.559 9.999 0.559259 99.99 0.559259  0.453 0.000  12.712 0.000  17.796 0.000 999.99 0.559259   31.986 0.000    8.257 0.000  23.730 0.559  0.251 0.559  0.146 0.000
