scripts/IMPROVE-2019_partial/data/US0019R.19940101080000.20191216000000.filterpack...1y.3d.US03L_filterpack_US0019.US03L_IMPROVE_Davis.lev2.nas
52 1001
MISSING INFORMATION
US03L, IMPROVE, , , , , , , 
MISSING INFORMATION
IMPROVE sel_HTAP
1 1
1994 01 01 2019 12 16
0
days from file reference point
5
1 1 1 1 1
999.999999 999.999 9.999 999.999 9.999
end_time of measurement, days from the file reference point
pm10_mass, ug/m3, Matrix=pm10
numflag pm10_mass, no unit, Matrix=pm10
pm25_mass, ug/m3, Matrix=pm25
numflag pm25_mass, no unit, Matrix=pm25
0
33
Data definition:              EBAS_1.1
Set type code:                TI
Timezone:                     UTC
File name:                    US0019R.19940101080000.20191216000000.filterpack...1y.3d.US03L_filterpack_US0019.US03L_IMPROVE_Davis.lev2.nas
File creation:                20191218115638
Startdate:                    19940101080000
Revision date:                20191216000000
Version:                      2
Version description:          "Data extracted from http://views.cira.colostate.edu/fed/DataWizard 2019-12-16"
Statistics:                   arithmetic mean
Data level:                   2
Period code:                  1y
Resolution code:              3d
Sample duration:              1d
Orig. time res.:              3d
Station code:                 US0019R
Platform code:                US0019S
Station name:                 Bliss SP (TRPA)
Station latitude:             38.9761
Station longitude:            -120.1025
Station altitude:             2130.0 m
Regime:                       IMG
Component:                    
Unit:                         ug/m3
Matrix:                       
Laboratory code:              US03L
Instrument type:              filterpack
Instrument name:              filterpack_US0019
Method ref:                   US03L_IMPROVE_Davis
Blank correction:             Blank corrected
Volume std. temperature:      ambient
Volume std. pressure:         ambient
starttime endtime PM10 flag_PM10 PM2.5 flag_PM2.5
  0.333333   1.333333   1.309 0.000   0.625 0.000
  4.333333   5.333333   1.127 0.000 999.999 0.259
  7.333333   8.333333   1.782 0.000   0.656 0.000
 11.333333  12.333333   4.270 0.000 999.999 0.999
 14.333333  15.333333   5.897 0.000   4.341 0.000
 18.333333  19.333333   5.037 0.000   4.365 0.000
 21.333333  22.333333 999.999 0.999   6.091 0.000
 25.333333  26.333333   2.044 0.000   0.426 0.000
 28.333333  29.333333   4.672 0.000   3.279 0.000
 32.333333  33.333333   7.673 0.000   3.377 0.000
 35.333333  36.333333   4.291 0.000   2.000 0.000
 39.333333  40.333333   1.891 0.000 999.999 0.999
 42.333333  43.333333   3.018 0.000   2.557 0.000
 46.333333  47.333333   2.036 0.000   1.165 0.000
 49.333333  50.333333   0.982 0.000   0.421 0.000
 53.333333  54.333333   3.309 0.000   2.790 0.000
 56.333333  57.333333   1.835 0.000   1.066 0.000
 60.333333  61.333333   5.683 0.000 999.999 0.999
 63.333333  64.333333   2.448 0.000 999.999 0.999
 67.333333  68.333333   4.813 0.000   3.160 0.000
 70.333333  71.333333   2.463 0.000   1.411 0.000
 74.333333  75.333333  10.231 0.000 999.999 0.999
 77.333333  78.333333   7.022 0.000   4.540 0.000
 81.333333  82.333333   3.615 0.000   1.796 0.000
 84.333333  85.333333   4.368 0.000   1.920 0.000
 88.333333  89.333333   3.813 0.000   3.808 0.000
 91.333333  92.333333   8.046 0.000   3.313 0.000
 95.333333  96.333333   3.650 0.000 999.999 0.999
 98.333333  99.333333   1.978 0.000 999.999 0.999
102.333333 103.333333  11.185 0.000   5.813 0.000
105.333333 106.333333  26.619 0.000   8.567 0.000
109.333333 110.333333   6.738 0.000   4.225 0.000
112.333333 113.333333   5.556 0.000   2.508 0.000
116.333333 117.333333   2.583 0.000   1.550 0.000
119.333333 120.333333   6.021 0.000   4.073 0.000
123.333333 124.333333   3.731 0.000   2.257 0.000
126.333333 127.333333   3.582 0.000   1.059 0.000
130.333333 131.333333   8.084 0.000   5.888 0.000
133.333333 134.333333  13.284 0.000   7.179 0.000
137.333333 138.333333   1.287 0.000 999.999 0.999
140.333333 141.333333   4.228 0.000 999.999 0.999
144.333333 145.333333   9.739 0.000   5.296 0.000
147.333333 148.333333  11.176 0.000   4.642 0.000
151.333333 152.333333   8.917 0.000   2.355 0.000
154.333333 155.333333   5.848 0.000   2.141 0.000
158.333333 159.333333   8.736 0.000   2.384 0.000
161.333333 162.333333  11.148 0.000   6.544 0.000
165.333333 166.333333   6.982 0.000   2.507 0.000
168.333333 169.333333   8.478 0.000   4.030 0.000
172.333333 173.333333   7.302 0.000   4.299 0.000
175.333333 176.333333   4.491 0.000   2.537 0.000
179.333333 180.333333   6.021 0.000   4.234 0.000
182.333333 183.333333   5.868 0.000   2.883 0.000
186.333333 187.333333   5.107 0.000   3.273 0.000
189.333333 190.333333  10.775 0.000   8.288 0.000
193.333333 194.333333  13.544 0.000   5.744 0.000
196.333333 197.333333  13.529 0.000   8.353 0.000
200.333333 201.333333  13.132 0.000   5.629 0.000
203.333333 204.333333  11.695 0.000 999.999 0.999
207.333333 208.333333   7.276 0.000   4.428 0.000
210.333333 211.333333   8.244 0.000   4.970 0.000
214.333333 215.333333   6.103 0.000   5.000 0.000
217.333333 218.333333   7.951 0.000   3.892 0.000
221.333333 222.333333  11.032 0.000   7.477 0.000
224.333333 225.333333   6.904 0.000   4.084 0.000
228.333333 229.333333   9.703 0.000   6.526 0.000
231.333333 232.333333   5.267 0.000   3.625 0.000
235.333333 236.333333   8.172 0.000   4.116 0.000
238.333333 239.333333   6.416 0.000   3.293 0.000
242.333333 243.333333   8.419 0.000   4.116 0.000
245.333333 246.333333   6.165 0.000   4.451 0.000
249.333333 250.333333  12.943 0.000   4.506 0.000
252.333333 253.333333   6.809 0.000   2.747 0.000
256.333333 257.333333  11.760 0.000   4.691 0.000
259.333333 260.333333   9.965 0.000   5.736 0.000
263.333333 264.333333   6.067 0.000   3.599 0.000
266.333333 267.333333   6.577 0.000   2.898 0.000
270.333333 271.333333   5.121 0.000   2.357 0.000
273.333333 274.333333   5.231 0.000   4.522 0.000
277.333333 278.333333   7.539 0.000   1.442 0.000
280.333333 281.333333   6.367 0.000   5.647 0.000
284.333333 285.333333   8.434 0.000 999.999 0.999
287.333333 288.333333  13.192 0.000  10.694 0.000
291.333333 292.333333  11.331 0.000   9.969 0.000
294.333333 295.333333   7.565 0.000   6.338 0.000
298.333333 299.333333   5.731 0.000   3.957 0.000
301.333333 302.333333   5.535 0.000   4.110 0.000
305.333333 306.333333   3.035 0.000   3.016 0.000
308.333333 309.333333 999.999 0.999 999.999 0.999
312.333333 313.333333 999.999 0.999 999.999 0.999
315.333333 316.333333   1.762 0.000   1.270 0.000
319.333333 320.333333   2.835 0.000   0.350 0.000
322.333333 323.333333   5.440 0.000   1.815 0.000
326.333333 327.333333 999.999 0.999   4.236 0.000
329.333333 330.333333   6.589 0.000   0.350 0.000
333.333333 334.333333   4.664 0.000   2.460 0.000
336.333333 337.333333   2.451 0.000 999.999 0.999
340.333333 341.333333   1.088 0.000   0.511 0.000
343.333333 344.333333   3.874 0.000   2.556 0.000
347.333333 348.333333   1.417 0.000   0.385 0.000
350.333333 351.333333   2.087 0.000   0.924 0.000
354.333333 355.333333 999.999 0.999   2.428 0.000
357.333333 358.333333   2.040 0.000   0.583 0.000
361.333333 362.333333   6.680 0.000   0.583 0.000
364.333333 365.333333   8.178 0.000   5.599 0.000
