scripts/IMPROVE-2019_partial/data/US0023R.20130101080000.20191216000000.filterpack...52w.3d.US03L_filterpack_US0023.US03L_IMPROVE_Davis.lev2.nas
52 1001
MISSING INFORMATION
US03L, IMPROVE, , , , , , , 
MISSING INFORMATION
IMPROVE sel_HTAP
1 1
2013 01 01 2019 12 16
3.000000
days from file reference point
5
1 1 1 1 1
999.999999 999.999 9.999 999.999 9.999
end_time of measurement, days from the file reference point
pm10_mass, ug/m3, Matrix=pm10
numflag pm10_mass, no unit, Matrix=pm10
pm25_mass, ug/m3, Matrix=pm25
numflag pm25_mass, no unit, Matrix=pm25
0
33
Data definition:              EBAS_1.1
Set type code:                TU
Timezone:                     UTC
File name:                    US0023R.20130101080000.20191216000000.filterpack...52w.3d.US03L_filterpack_US0023.US03L_IMPROVE_Davis.lev2.nas
File creation:                20191218115656
Startdate:                    20130101080000
Revision date:                20191216000000
Version:                      2
Version description:          "Data extracted from http://views.cira.colostate.edu/fed/DataWizard 2019-12-16"
Statistics:                   arithmetic mean
Data level:                   2
Period code:                  52w
Resolution code:              3d
Sample duration:              1d
Orig. time res.:              3d
Station code:                 US0023R
Platform code:                US0023S
Station name:                 Hoover
Station latitude:             38.0881
Station longitude:            -119.1771
Station altitude:             2560.0 m
Regime:                       IMG
Component:                    
Unit:                         ug/m3
Matrix:                       
Laboratory code:              US03L
Instrument type:              filterpack
Instrument name:              filterpack_US0023
Method ref:                   US03L_IMPROVE_Davis
Blank correction:             Blank corrected
Volume std. temperature:      ambient
Volume std. pressure:         ambient
starttime endtime PM10 flag_PM10 PM2.5 flag_PM2.5
  0.333333   1.333333   1.632 0.000   0.495 0.000
  3.333333   4.333333   1.565 0.000   0.427 0.000
  6.333333   7.333333   0.998 0.000   0.402 0.000
  9.333333  10.333333 999.999 0.999 999.999 0.999
 12.333333  13.333333   1.537 0.000   0.889 0.000
 15.333333  16.333333   1.942 0.000   0.764 0.000
 18.333333  19.333333   0.749 0.000   0.426 0.000
 21.333333  22.333333   0.463 0.000   0.063 0.000
 24.333333  25.333333   0.618 0.000   0.370 0.000
 27.333333  28.333333   0.968 0.000   0.345 0.000
 30.333333  31.333333   1.234 0.000   0.516 0.000
 33.333333  34.333333   0.660 0.000   0.426 0.000
 36.333333  37.333333   1.245 0.000   0.676 0.000
 39.333333  40.333333   1.472 0.000   0.783 0.000
 42.333333  43.333333   1.693 0.000   0.752 0.000
 45.333333  46.333333   3.149 0.000   1.500 0.000
 48.333333  49.333333   4.921 0.000   1.915 0.000
 51.333333  52.333333   2.544 0.000   0.990 0.000
 54.333333  55.333333   1.286 0.000   0.430 0.000
 57.333333  58.333333 999.999 0.999 999.999 0.999
 60.333333  61.333333   2.490 0.000   1.385 0.000
 63.333333  64.333333   5.128 0.000   1.978 0.000
 66.333333  67.333333   4.231 0.000   2.144 0.000
 69.333333  70.333333   3.669 0.000   1.928 0.000
 72.333333  73.333333   3.290 0.000   2.166 0.000
 75.333333  76.333333   2.494 0.000   1.736 0.000
 78.333333  79.333333   1.519 0.000   0.882 0.000
 81.333333  82.333333   7.877 0.000   5.391 0.000
 84.333333  85.333333   2.864 0.000   1.669 0.000
 87.333333  88.333333   3.018 0.000   1.569 0.000
 90.333333  91.333333   1.187 0.000   0.640 0.000
 93.333333  94.333333   2.938 0.000   2.358 0.000
 96.333333  97.333333  16.424 0.000   8.078 0.000
 99.333333 100.333333 999.999 0.999 999.999 0.999
102.333333 103.333333 999.999 0.999 999.999 0.999
105.333333 106.333333 999.999 0.999 999.999 0.999
108.333333 109.333333   3.590 0.000   2.373 0.000
111.333333 112.333333  13.683 0.000   7.587 0.000
114.333333 115.333333   8.861 0.000   4.574 0.000
117.333333 118.333333  10.638 0.000   6.652 0.000
120.333333 121.333333  12.836 0.000   5.867 0.000
123.333333 124.333333   7.771 0.000   3.569 0.000
126.333333 127.333333   2.290 0.000   1.355 0.000
129.333333 130.333333   4.194 0.000   2.615 0.000
132.333333 133.333333   6.768 0.000   3.843 0.000
135.333333 136.333333 999.999 0.999 999.999 0.999
138.333333 139.333333 999.999 0.999 999.999 0.999
141.333333 142.333333   4.760 0.000   2.711 0.000
144.333333 145.333333   4.582 0.000   2.635 0.000
147.333333 148.333333   2.256 0.000   1.483 0.000
150.333333 151.333333   5.917 0.000   3.287 0.000
153.333333 154.333333  17.307 0.000   6.649 0.000
156.333333 157.333333   5.138 0.000   2.386 0.000
159.333333 160.333333   5.504 0.000   2.662 0.000
162.333333 163.333333   8.041 0.000   3.183 0.000
165.333333 166.333333   8.542 0.000   3.388 0.000
168.333333 169.333333   7.691 0.000   3.069 0.000
171.333333 172.333333   9.024 0.000   2.506 0.000
174.333333 175.333333   0.810 0.000   0.241 0.000
177.333333 178.333333   4.174 0.000   1.642 0.000
180.333333 181.333333   7.242 0.000   3.763 0.000
183.333333 184.333333   9.047 0.000   4.783 0.000
186.333333 187.333333   5.642 0.000   2.756 0.000
189.333333 190.333333   5.979 0.000   2.678 0.000
192.333333 193.333333   7.650 0.000   3.420 0.000
195.333333 196.333333   5.785 0.000   3.169 0.000
198.333333 199.333333   9.544 0.000   4.176 0.000
201.333333 202.333333  10.989 0.000   5.520 0.000
204.333333 205.333333   9.228 0.000   4.736 0.000
207.333333 208.333333   8.892 0.000   7.342 0.000
210.333333 211.333333  28.484 0.000  24.488 0.000
213.333333 214.333333   8.088 0.000   4.916 0.000
216.333333 217.333333  11.335 0.000   7.877 0.000
219.333333 220.333333  12.169 0.000   6.360 0.000
222.333333 223.333333   7.522 0.000   4.777 0.000
225.333333 226.333333   6.896 0.000   3.626 0.000
228.333333 229.333333  10.425 0.000   6.470 0.000
231.333333 232.333333   4.740 0.000   3.116 0.000
234.333333 235.333333  31.298 0.000  26.292 0.000
237.333333 238.333333  18.610 0.000  15.950 0.000
240.333333 241.333333   4.391 0.000   1.797 0.000
243.333333 244.333333  31.465 0.000  24.553 0.000
246.333333 247.333333   5.677 0.000   2.784 0.000
249.333333 250.333333  30.358 0.000  22.042 0.000
252.333333 253.333333  11.420 0.000   7.310 0.000
255.333333 256.333333   8.028 0.000   3.654 0.000
258.333333 259.333333   5.582 0.000   2.742 0.000
261.333333 262.333333   4.292 0.000   1.889 0.000
264.333333 265.333333   1.103 0.000   0.789 0.000
267.333333 268.333333   3.608 0.000   1.658 0.000
270.333333 271.333333   2.068 0.000   1.171 0.000
273.333333 274.333333   1.813 0.000   1.375 0.000
276.333333 277.333333   4.923 0.000   2.504 0.000
279.333333 280.333333   8.323 0.000   3.695 0.000
282.333333 283.333333 999.999 0.999 999.999 0.999
285.333333 286.333333 999.999 0.999 999.999 0.999
288.333333 289.333333 999.999 0.999 999.999 0.999
291.333333 292.333333 999.999 0.999 999.999 0.999
294.333333 295.333333 999.999 0.999 999.999 0.999
297.333333 298.333333   4.437 0.000   2.515 0.000
300.333333 301.333333   7.909 0.000   1.056 0.000
303.333333 304.333333   3.082 0.000   1.727 0.000
306.333333 307.333333   2.057 0.000   0.943 0.000
309.333333 310.333333   1.976 0.000   1.353 0.000
312.333333 313.333333   1.393 0.000   0.904 0.000
315.333333 316.333333 999.999 0.456 999.999 0.456
318.333333 319.333333 999.999 0.456 999.999 0.456
321.333333 322.333333 999.999 0.456 999.999 0.456
324.333333 325.333333   3.901 0.000   0.899 0.000
327.333333 328.333333   6.385 0.000   1.252 0.000
330.333333 331.333333 999.999 0.999 999.999 0.999
333.333333 334.333333 999.999 0.999 999.999 0.999
336.333333 337.333333 999.999 0.999 999.999 0.999
339.333333 340.333333   2.771 0.000   0.810 0.000
342.333333 343.333333   1.258 0.000   0.491 0.000
345.333333 346.333333   0.493 0.000   0.242 0.000
348.333333 349.333333 999.999 0.456 999.999 0.456
351.333333 352.333333   0.898 0.000 999.999 0.456
354.333333 355.333333   0.330 0.000   0.214 0.000
357.333333 358.333333   0.492 0.000   0.120 0.000
360.333333 361.333333   1.026 0.000   0.391 0.000
363.333333 364.333333   1.022 0.000   0.481 0.000
