scripts/IMPROVE-2019_partial/data/US0045R.20010101050000.20191216000000.filterpack..pm25.52w.1w.US03L_filterpack_US0045.US03L_IMPROVE_Davis.lev2.nas
64 1001
MISSING INFORMATION
US03L, IMPROVE, , , , , , , 
MISSING INFORMATION
IMPROVE sel_HTAP
1 1
2001 01 01 2019 12 16
3.000000
days from file reference point
25
1 1 1 1 1 1 1 1 1 1 1 1 1 1 1 1 1 1 1 1 1 1 1 1 1
999.999999 999.99 9.999 99.99 9.999 9.999 9.999999 99.99 9.999999 99.999 9.999999 99.999 9.999 99.999 9.999 999.999 9.999 999.999 9.999 999.999 9.999 9.999 9.999 99.999 9.999999
end_time of measurement, days from the file reference point
iron, ng/m3, Revision date=20181210133000
numflag iron, no unit, Revision date=20181210133000
lead, ng/m3, Revision date=20181210133000
numflag lead, no unit, Revision date=20181210133000
magnesium, ug/m3, Revision date=20181210133000
numflag magnesium, no unit, Revision date=20181210133000
nickel, ng/m3, Revision date=20181210133000
numflag nickel, no unit, Revision date=20181210133000
nitrate, ug N/m3, Revision date=20181210133000
numflag nitrate, no unit, Revision date=20181210133000
organic_carbon, ug C/m3, Revision date=20181210133000
numflag organic_carbon, no unit, Revision date=20181210133000
organic_mass, ug/m3, Revision date=20181210133000
numflag organic_mass, no unit, Revision date=20181210133000
pm10_mass, ug/m3, Version=2, Version description=Data extracted from http://views.cira.colostate.edu/fed/DataWizard 2019-12-16, Sample duration=1d, Orig. time res.=3d, Matrix=pm10, Blank correction=Blank corrected, Volume std. temperature=ambient, Volume std. pressure=ambient
numflag pm10_mass, no unit, Version=2, Version description=Data extracted from http://views.cira.colostate.edu/fed/DataWizard 2019-12-16, Sample duration=1d, Orig. time res.=3d, Matrix=pm10, Blank correction=Blank corrected, Volume std. temperature=ambient, Volume std. pressure=ambient
pm10_pm25_mass, ug/m3, Revision date=20181210133000, Matrix=pm10_pm25
numflag pm10_pm25_mass, no unit, Revision date=20181210133000, Matrix=pm10_pm25
pm25_mass, ug/m3, Version=2, Version description=Data extracted from http://views.cira.colostate.edu/fed/DataWizard 2019-12-16, Sample duration=1d, Orig. time res.=3d, Blank correction=Blank corrected, Volume std. temperature=ambient, Volume std. pressure=ambient
numflag pm25_mass, no unit, Version=2, Version description=Data extracted from http://views.cira.colostate.edu/fed/DataWizard 2019-12-16, Sample duration=1d, Orig. time res.=3d, Blank correction=Blank corrected, Volume std. temperature=ambient, Volume std. pressure=ambient
potassium, ug/m3, Revision date=20181210133000
numflag potassium, no unit, Revision date=20181210133000
sulphate_total, ug S/m3, Revision date=20181210133000
numflag sulphate_total, no unit, Revision date=20181210133000
0
25
Data definition:              EBAS_1.1
Set type code:                TU
Timezone:                     UTC
File name:                    US0045R.20010101050000.20191216000000.filterpack..pm25.52w.1w.US03L_filterpack_US0045.US03L_IMPROVE_Davis.lev2.nas
File creation:                20191218115810
Startdate:                    20010101050000
Revision date:                20191216000000
Statistics:                   arithmetic mean
Data level:                   2
Period code:                  52w
Resolution code:              1w
Station code:                 US0045R
Platform code:                US0045S
Station name:                 Isle Royale NP
Station latitude:             47.4596
Station longitude:            -88.1491
Station altitude:             182.0 m
Regime:                       IMG
Component:                    
Matrix:                       pm25
Laboratory code:              US03L
Instrument type:              filterpack
Instrument name:              filterpack_US0045
Method ref:                   US03L_IMPROVE_Davis
starttime endtime Fe flag_Fe Pb flag_Pb Mg++ flag_Mg++ Ni flag_Ni NO3- flag_NO3- OC flag_OC OM flag_OM PM10 flag_PM10 PM10-PM2.5 flag_PM10-PM2.5 PM2.5 flag_PM2.5 K+ flag_K+ SO4-- flag_SO4--
[from data line 85]
255.208333 256.208333   0.74 0.000  0.10 0.000 9.999 0.259000  0.04 0.000000  0.010 0.559000  0.184 0.000  0.257 0.000   1.796 0.000   1.147 0.000   0.649 0.000 0.003 0.000  0.047 0.559000
258.208333 259.208333  23.60 0.000  1.28 0.000 9.999 0.259000 99.99 0.259000  0.031 0.559000  0.866 0.000  1.212 0.000   6.745 0.000   3.178 0.000   3.567 0.000 0.019 0.000  0.339 0.559000
261.208333 262.208333  11.23 0.000  0.99 0.000 9.999 0.259000  0.22 0.000000  0.024 0.699000  0.687 0.000  0.962 0.000   8.068 0.000   3.140 0.000   4.928 0.000 0.023 0.000  0.642 0.699000
264.208333 265.208333   9.14 0.000  1.01 0.000 9.999 0.259000  0.10 0.000000  0.013 0.559000  0.601 0.000  0.841 0.000   6.705 0.000   3.042 0.000   3.663 0.000 0.019 0.000  0.475 0.559000
267.208333 268.208333   3.55 0.000  0.17 0.000 9.999 0.259000  0.07 0.000000  0.016 0.699000  0.156 0.000  0.219 0.000   2.218 0.000   1.248 0.000   0.970 0.000 0.011 0.000  0.066 0.699000
270.208333 271.208333 999.99 0.699 99.99 0.699 9.999 0.699000 99.99 0.699000 99.999 0.456000  0.424 0.000  0.594 0.000  28.541 0.000 999.999 0.999 999.999 0.699 9.999 0.699 99.999 0.456000
273.208333 274.208333  27.03 0.559  1.96 0.559 9.999 0.559259  0.13 0.559000  0.081 0.559000  1.257 0.000  1.760 0.000  11.414 0.000   3.851 0.000   7.564 0.559 0.036 0.559  0.786 0.559000
276.208333 277.208333  20.35 0.000  0.53 0.000 9.999 0.259000 99.99 0.259000  0.028 0.559000  0.588 0.000  0.823 0.000   6.027 0.000   3.583 0.000   2.443 0.000 0.050 0.000  0.162 0.559000
279.208333 280.208333   1.81 0.394  1.01 0.394 9.999 0.394259 99.99 0.394259  0.006 0.559394  0.176 0.000  0.246 0.000   2.298 0.000   0.934 0.000   1.364 0.000 0.009 0.394  0.167 0.559394
282.208333 283.208333  32.41 0.559  1.94 0.559 9.999 0.559259  0.25 0.559000  0.251 0.000000  1.636 0.000  2.291 0.000  13.365 0.000   2.931 0.000  10.434 0.559 0.045 0.559  1.169 0.000000
285.208333 286.208333  21.08 0.559  1.89 0.559 0.054 0.559000  0.38 0.559000  0.042 0.000000  0.849 0.000  1.188 0.000   8.537 0.000   2.580 0.000   5.957 0.559 0.066 0.559  0.692 0.000000
288.208333 289.208333   4.84 0.000  0.12 0.000 9.999 0.259000  0.14 0.000000  0.004 0.000000  0.091 0.000  0.128 0.000   1.647 0.000   0.393 0.000   1.254 0.000 0.004 0.000  0.169 0.000000
291.208333 292.208333  16.34 0.000  0.53 0.000 9.999 0.259000 99.99 0.259000  0.031 0.000000  0.811 0.000  1.136 0.000   6.813 0.000   3.900 0.000   2.912 0.000 0.038 0.000  0.163 0.000000
294.208333 295.208333  20.04 0.000  0.77 0.000 9.999 0.259000  0.09 0.000000  0.060 0.000000  0.891 0.000  1.248 0.000   5.352 0.000   1.610 0.000   3.742 0.000 0.079 0.000  0.295 0.000000
297.208333 298.208333   1.82 0.559  0.17 0.559 0.017 0.559000 99.99 0.559259  0.026 0.000000  0.087 0.000  0.123 0.000   1.450 0.000   0.664 0.000   0.786 0.559 0.007 0.559  0.094 0.000000
300.208333 301.208333  16.99 0.559  1.96 0.559 9.999 0.559259  0.04 0.559000  0.137 0.000000  1.048 0.000  1.467 0.000  11.691 0.000   7.742 0.000   3.949 0.559 0.039 0.559  0.325 0.000000
303.208333 304.208333  33.12 0.000  3.38 0.000 9.999 0.259000  0.20 0.000000  0.656 0.000000  2.231 0.000  3.124 0.000  15.437 0.000   3.619 0.000  11.818 0.000 0.056 0.000  0.888 0.000000
306.208333 307.208333   6.09 0.000  0.56 0.000 9.999 0.259000 99.99 0.259000  0.020 0.000000  0.579 0.000  0.811 0.000   3.362 0.000   0.909 0.000   2.453 0.000 0.026 0.000  0.282 0.000000
309.208333 310.208333  32.95 0.559  2.88 0.559 9.999 0.559259  0.10 0.559000  0.714 0.000000  2.126 0.000  2.976 0.000  22.652 0.000  11.123 0.000  11.529 0.559 0.099 0.559  0.853 0.000000
312.208333 313.208333  16.47 0.000  0.95 0.000 9.999 0.259000 99.99 0.259000  0.108 0.000000  0.787 0.000  1.102 0.000   6.016 0.000   2.862 0.000   3.154 0.000 0.069 0.000  0.212 0.000000
315.208333 316.208333  14.19 0.000  1.14 0.000 9.999 0.259000 99.99 0.259000  0.176 0.559000  1.075 0.000  1.506 0.000   7.564 0.000   2.768 0.000   4.796 0.000 0.036 0.000  0.468 0.559000
318.208333 319.208333  31.80 0.559  2.66 0.559 9.999 0.559259  0.19 0.559000  1.021 0.000000  2.088 0.000  2.923 0.000  23.075 0.000   3.739 0.000  19.335 0.559 0.107 0.559  2.022 0.000000
321.208333 322.208333  23.19 0.559  2.68 0.559 9.999 0.559259  0.19 0.559000  0.365 0.000000  2.304 0.000  3.225 0.000  16.790 0.000   5.998 0.000  10.792 0.559 0.075 0.559  1.117 0.000000
324.208333 325.208333  21.28 0.559  1.13 0.559 9.999 0.559259 99.99 0.559259  0.165 0.000000  1.620 0.000  2.268 0.000   8.404 0.000   3.774 0.000   4.630 0.559 0.082 0.559  0.164 0.000000
327.208333 328.208333  31.77 0.559  3.27 0.559 9.999 0.559259  0.26 0.559000  0.490 0.000000  1.887 0.000  2.642 0.000  13.266 0.000   1.681 0.000  11.585 0.559 0.061 0.559  0.916 0.000000
330.208333 331.208333   1.87 0.000  0.25 0.000 9.999 0.259000 99.99 0.259000  0.009 0.000000  0.116 0.000  0.163 0.000   1.603 0.000   0.793 0.000   0.810 0.000 0.008 0.000  0.061 0.000000
333.208333 334.208333   1.95 0.000  0.57 0.000 9.999 0.259000  0.10 0.000000  0.008 0.000000  0.261 0.000  0.366 0.000   1.603 0.000   0.195 0.000   1.408 0.000 0.009 0.000  0.185 0.000000
336.208333 337.208333  18.24 0.000  2.63 0.000 9.999 0.259000 99.99 0.259000  0.997 0.000000  1.139 0.000  1.595 0.000  11.441 0.000   2.308 0.000   9.132 0.000 0.031 0.000  0.362 0.000000
339.208333 340.208333 999.99 0.999 99.99 0.999 9.999 0.999000 99.99 0.999000 99.999 0.999000 99.999 0.999 99.999 0.999 999.999 0.999 999.999 0.999 999.999 0.999 9.999 0.999 99.999 0.999000
342.208333 343.208333  11.93 0.559  1.13 0.559 9.999 0.559259 99.99 0.559259  0.173 0.000000  1.282 0.000  1.795 0.000   6.544 0.000   1.958 0.000   4.586 0.559 0.038 0.559  0.390 0.000000
345.208333 346.208333  79.88 0.000  7.82 0.000 9.999 0.259000  0.22 0.000000  1.765 0.000000  1.961 0.000  2.745 0.000  24.216 0.000   5.326 0.000  18.890 0.000 0.057 0.000  1.158 0.000000
348.208333 349.208333  11.23 0.000  1.31 0.000 0.075 0.000000 99.99 0.259000  0.208 0.559000  0.699 0.000  0.979 0.000   7.212 0.000   1.451 0.000   5.760 0.000 0.023 0.000  0.783 0.559000
351.208333 352.208333  12.35 0.000  0.70 0.000 9.999 0.259000 99.99 0.259000  0.506 0.559000  0.864 0.000  1.210 0.000   8.547 0.000   2.141 0.000   6.406 0.000 0.023 0.000  0.595 0.559000
354.208333 355.208333   2.54 0.000  0.46 0.000 9.999 0.259000  0.06 0.000000  0.015 0.000000  0.235 0.000  0.329 0.000   2.733 0.000   0.942 0.000   1.791 0.000 0.011 0.000  0.226 0.000000
357.208333 358.208333   1.63 0.000  0.34 0.000 9.999 0.259000 99.99 0.259000  0.017 0.000000  0.122 0.000  0.171 0.000   2.137 0.000   0.625 0.000   1.512 0.000 0.007 0.000  0.177 0.000000
360.208333 361.208333   1.09 0.000  0.18 0.000 9.999 0.259000 99.99 0.259000  0.019 0.000000  0.096 0.000  0.135 0.000   2.048 0.000   1.451 0.000   0.597 0.000 0.005 0.000  0.063 0.000000
363.208333 364.208333   3.42 0.000 99.99 0.259 9.999 0.259000 99.99 0.259000  0.025 0.000000  0.173 0.000  0.242 0.000   2.181 0.000   1.054 0.000   1.127 0.000 0.014 0.000  0.116 0.000000
