scripts/IMPROVE-2019_partial/data/US0050R.20060102060000.20191216000000.filterpack..pm25.52w.1w.US03L_filterpack_US0050.US03L_IMPROVE_Davis.lev2.nas
66 1001
MISSING INFORMATION
US03L, IMPROVE, , , , , , , 
MISSING INFORMATION
IMPROVE sel_HTAP
1 1
2006 01 01 2019 12 16
3.00
days from file reference point
27
1 1 1 1 1 1 1 1 1 1 1 1 1 1 1 1 1 1 1 1 1 1 1 1 1 1 1
999.99 9999.99 9.999 999.99 9.999 9.999 9.999999 9.99 9.999999 99.999 9.999999 999.999 9.999999 999.999 9.999999 999.99 9.999999 999.999 9.999 999.999 9.999 999.999 9.999 9.999 9.999 99.999 9.999999
end_time of measurement, days from the file reference point
iron, ng/m3, Revision date=20181210133000
numflag iron, no unit, Revision date=20181210133000
lead, ng/m3, Revision date=20181210133000
numflag lead, no unit, Revision date=20181210133000
magnesium, ug/m3, Revision date=20181210133000
numflag magnesium, no unit, Revision date=20181210133000
nickel, ng/m3, Revision date=20181210133000
numflag nickel, no unit, Revision date=20181210133000
nitrate, ug N/m3, Revision date=20181210133000
numflag nitrate, no unit, Revision date=20181210133000
organic_carbon, ug C/m3, Revision date=20181210133000
numflag organic_carbon, no unit, Revision date=20181210133000
organic_mass, ug/m3, Revision date=20181210133000
numflag organic_mass, no unit, Revision date=20181210133000
phosphorus, ng/m3, Revision date=20181210133000
numflag phosphorus, no unit, Revision date=20181210133000
pm10_mass, ug/m3, Version=2, Version description=Data extracted from http://views.cira.colostate.edu/fed/DataWizard 2019-12-16, Sample duration=1d, Orig. time res.=3d, Matrix=pm10, Blank correction=Blank corrected, Volume std. temperature=ambient, Volume std. pressure=ambient
numflag pm10_mass, no unit, Version=2, Version description=Data extracted from http://views.cira.colostate.edu/fed/DataWizard 2019-12-16, Sample duration=1d, Orig. time res.=3d, Matrix=pm10, Blank correction=Blank corrected, Volume std. temperature=ambient, Volume std. pressure=ambient
pm10_pm25_mass, ug/m3, Revision date=20181210133000, Matrix=pm10_pm25
numflag pm10_pm25_mass, no unit, Revision date=20181210133000, Matrix=pm10_pm25
pm25_mass, ug/m3, Version=2, Version description=Data extracted from http://views.cira.colostate.edu/fed/DataWizard 2019-12-16, Sample duration=1d, Orig. time res.=3d, Blank correction=Blank corrected, Volume std. temperature=ambient, Volume std. pressure=ambient
numflag pm25_mass, no unit, Version=2, Version description=Data extracted from http://views.cira.colostate.edu/fed/DataWizard 2019-12-16, Sample duration=1d, Orig. time res.=3d, Blank correction=Blank corrected, Volume std. temperature=ambient, Volume std. pressure=ambient
potassium, ug/m3, Revision date=20181210133000
numflag potassium, no unit, Revision date=20181210133000
sulphate_total, ug S/m3, Revision date=20181210133000
numflag sulphate_total, no unit, Revision date=20181210133000
0
25
Data definition:              EBAS_1.1
Set type code:                TU
Timezone:                     UTC
File name:                    US0050R.20060102060000.20191216000000.filterpack..pm25.52w.1w.US03L_filterpack_US0050.US03L_IMPROVE_Davis.lev2.nas
File creation:                20191218115826
Startdate:                    20060102060000
Revision date:                20191216000000
Statistics:                   arithmetic mean
Data level:                   2
Period code:                  52w
Resolution code:              1w
Station code:                 US0050R
Platform code:                US0050S
Station name:                 Blue Mounds
Station latitude:             43.7158
Station longitude:            -96.1913
Station altitude:             473.0 m
Regime:                       IMG
Component:                    
Matrix:                       pm25
Laboratory code:              US03L
Instrument type:              filterpack
Instrument name:              filterpack_US0050
Method ref:                   US03L_IMPROVE_Davis
starttime endtime Fe flag_Fe Pb flag_Pb Mg++ flag_Mg++ Ni flag_Ni NO3- flag_NO3- OC flag_OC OM flag_OM P flag_P PM10 flag_PM10 PM10-PM2.5 flag_PM10-PM2.5 PM2.5 flag_PM2.5 K+ flag_K+ SO4-- flag_SO4--
[from data line 78]
235.25 236.25 9999.99 0.999 999.99 0.999 9.999 0.999000 9.99 0.999000 99.999 0.999000 999.999 0.999000 999.999 0.999000 999.99 0.999000 999.999 0.999 999.999 0.999 999.999 0.999 9.999 0.999 99.999 0.999000
238.25 239.25 9999.99 0.999 999.99 0.999 9.999 0.999000 9.99 0.999000 99.999 0.999000 999.999 0.999000 999.999 0.999000 999.99 0.999000 999.999 0.999 999.999 0.999 999.999 0.999 9.999 0.999 99.999 0.999000
241.25 242.25   27.03 0.000   1.51 0.000 0.018 0.000000 9.99 0.259000  0.074 0.559000   0.895 0.000000   1.612 0.000000 999.99 0.259000  12.599 0.000   8.141 0.000   4.458 0.000 0.025 0.000  0.343 0.559000
244.25 245.25    5.00 0.000   0.47 0.000 0.009 0.000000 9.99 0.259000  0.061 0.559000   0.342 0.559000   0.616 0.559000 999.99 0.259000   3.798 0.000   2.211 0.000   1.588 0.000 0.018 0.000  0.099 0.559000
247.25 248.25   26.46 0.000  44.59 0.000 9.999 0.259000 9.99 0.259000  0.092 0.559000   1.880 0.000000   3.384 0.000000 999.99 0.259000  12.141 0.000   6.537 0.000   5.604 0.000 0.069 0.000  0.230 0.559000
250.25 251.25   54.26 0.000   1.18 0.000 9.999 0.259000 9.99 0.259000  0.153 0.559000   2.126 0.000000   3.826 0.000000 999.99 0.259000  19.362 0.000  11.412 0.000   7.950 0.000 0.056 0.000  0.541 0.559000
253.25 254.25   10.38 0.000   1.01 0.000 9.999 0.259000 9.99 0.259000  0.257 0.559000   0.430 0.000000   0.774 0.000000 999.99 0.259000   7.460 0.000   3.318 0.000   4.142 0.000 0.013 0.000  0.590 0.559000
256.25 257.25   39.88 0.000   1.62 0.000 9.999 0.259000 0.13 0.000000  0.142 0.559000   1.467 0.559000   2.640 0.559000 999.99 0.259000  65.707 0.000  58.380 0.000   7.326 0.000 0.041 0.000  0.592 0.559000
259.25 260.25 9999.99 0.999 999.99 0.999 9.999 0.999000 9.99 0.999000 99.999 0.999000 999.999 0.999000 999.999 0.999000 999.99 0.999000 999.999 0.999 999.999 0.999 999.999 0.999 9.999 0.999 99.999 0.999000
262.25 263.25   16.11 0.000   1.41 0.000 9.999 0.259000 9.99 0.259000  0.079 0.559000   0.360 0.559000   0.648 0.559000 999.99 0.259000   5.189 0.000   3.567 0.000   1.622 0.000 0.014 0.000  0.076 0.559000
265.25 266.25    6.42 0.000   0.83 0.000 0.008 0.000000 9.99 0.259000  0.116 0.559000   0.297 0.559000   0.534 0.559000 999.99 0.259000   3.945 0.000   1.673 0.000   2.272 0.000 0.009 0.000  0.264 0.559000
268.25 269.25   19.24 0.000   2.34 0.000 9.999 0.259000 0.13 0.000000  0.075 0.559000   0.723 0.559000   1.302 0.559000 999.99 0.259000   9.357 0.000   6.444 0.000   2.914 0.000 0.021 0.000  0.169 0.559000
271.25 272.25   16.77 0.000   1.61 0.000 9.999 0.259000 9.99 0.259000  0.093 0.559000   0.616 0.000000   1.109 0.000000 999.99 0.259000   7.728 0.000   5.043 0.000   2.685 0.000 0.020 0.000  0.209 0.559000
274.25 275.25  130.76 0.000   2.94 0.000 0.085 0.000000 0.10 0.000000  0.174 0.559000   2.505 0.559000   4.509 0.559000 999.99 0.259000  62.337 0.000  52.004 0.000  10.334 0.000 0.147 0.000  0.357 0.559000
277.25 278.25   95.51 0.000   1.68 0.000 0.052 0.000000 9.99 0.259000  0.098 0.559000   0.871 0.000000   1.567 0.000000 999.99 0.259000  29.441 0.000  24.755 0.000   4.686 0.000 0.038 0.000  0.179 0.559000
280.25 281.25   26.61 0.000   0.61 0.000 0.016 0.000000 9.99 0.259000  0.052 0.559000   0.739 0.000000   1.331 0.000000 999.99 0.259000  14.322 0.000   9.918 0.000   4.404 0.000 0.022 0.000  0.463 0.559000
283.25 284.25    8.04 0.000   0.59 0.000 9.999 0.259000 9.99 0.259000  0.041 0.559000   0.172 0.000000   0.309 0.000000 999.99 0.259000   6.346 0.000   5.174 0.000   1.172 0.000 0.013 0.000  0.120 0.559000
286.25 287.25   63.07 0.000   0.23 0.000 0.063 0.000000 9.99 0.259000  0.049 0.559000   0.520 0.559000   0.936 0.559000  29.25 0.000000  18.967 0.000  15.531 0.000   3.435 0.000 0.059 0.000  0.093 0.559000
289.25 290.25    6.49 0.000   0.89 0.000 9.999 0.259000 9.99 0.259000  0.337 0.559000   0.453 0.000000   0.815 0.000000 999.99 0.259000 999.999 0.456 999.999 0.999   4.396 0.000 0.010 0.000  0.445 0.559000
292.25 293.25   15.07 0.000   2.58 0.000 0.010 0.000000 9.99 0.259000  0.363 0.559000   0.722 0.000000   1.300 0.000000 999.99 0.259000   8.100 0.000   3.384 0.000   4.715 0.000 0.023 0.000  0.425 0.559000
295.25 296.25 9999.99 0.456 999.99 0.456 9.999 0.456000 9.99 0.456000  0.122 0.559000   0.383 0.000000   0.690 0.000000 999.99 0.456000  13.551 0.000 999.999 0.456 999.999 0.456 9.999 0.456  0.324 0.559000
298.25 299.25  140.55 0.000   2.70 0.000 0.087 0.000000 0.29 0.000000  2.030 0.000000   1.736 0.000000   3.124 0.000000 999.99 0.259000  61.171 0.000  37.685 0.000  23.486 0.000 0.080 0.000  0.990 0.000000
301.25 302.25  178.89 0.000   1.87 0.000 0.128 0.000000 0.14 0.000000  0.349 0.000000   1.027 0.000000   1.848 0.000000 999.99 0.259000  34.003 0.000  25.253 0.000   8.750 0.000 0.090 0.000  0.267 0.000000
304.25 305.25 9999.99 0.999 999.99 0.999 9.999 0.999000 9.99 0.999000 99.999 0.999000 999.999 0.999000 999.999 0.999000 999.99 0.999000 999.999 0.999 999.999 0.999 999.999 0.999 9.999 0.999 99.999 0.999000
307.25 308.25  263.01 0.000   2.50 0.000 0.103 0.000000 9.99 0.259000  0.839 0.000000   2.784 0.000000   5.012 0.000000 999.99 0.259000  47.621 0.000  32.203 0.000  15.418 0.000 0.163 0.000  0.349 0.000000
310.25 311.25  400.04 0.000   3.10 0.000 0.192 0.000000 0.10 0.000000  0.263 0.000000   1.794 0.000000   3.229 0.000000 999.99 0.259000  45.846 0.000  35.182 0.000  10.665 0.000 0.158 0.000  0.066 0.000000
313.25 314.25   61.63 0.000   1.24 0.000 0.014 0.000000 0.10 0.000000  0.277 0.000000   0.660 0.000000   1.187 0.000000 999.99 0.259000  12.523 0.000   5.790 0.000   6.733 0.000 0.055 0.000  0.624 0.000000
316.25 317.25   15.48 0.000   0.85 0.000 9.999 0.259000 9.99 0.259000  0.310 0.000000   0.652 0.000000   1.173 0.000000 999.99 0.259000   6.490 0.000   2.004 0.000   4.486 0.000 0.036 0.000  0.317 0.000000
319.25 320.25   46.15 0.000   2.28 0.000 9.999 0.259000 9.99 0.259000  0.665 0.000000   1.050 0.000000   1.889 0.000000 999.99 0.259000  15.389 0.000   4.993 0.000  10.396 0.000 0.080 0.000  0.703 0.000000
322.25 323.25   52.04 0.000   4.06 0.000 0.025 0.000000 9.99 0.259000  0.561 0.000000   2.662 0.000000   4.791 0.000000 999.99 0.259000  19.509 0.000   8.650 0.000  10.859 0.000 0.159 0.000  0.302 0.000000
325.25 326.25  125.17 0.000   3.49 0.000 0.031 0.000000 0.16 0.000000  1.215 0.000000   1.699 0.000000   3.058 0.000000 999.99 0.259000  40.266 0.000  25.203 0.000  15.063 0.000 0.124 0.000  0.360 0.000000
328.25 329.25  147.46 0.000   7.81 0.000 0.088 0.000000 9.99 0.259000  0.394 0.000000   1.596 0.000000   2.872 0.000000 999.99 0.259000  25.187 0.000  16.346 0.000   8.841 0.000 0.159 0.000  0.083 0.000000
331.25 332.25   11.14 0.000   2.77 0.000 9.999 0.259000 0.16 0.000000  0.333 0.000000   0.716 0.000000   1.289 0.000000 999.99 0.259000   6.352 0.000   1.186 0.000   5.166 0.000 0.036 0.000  0.399 0.000000
334.25 335.25   33.72 0.000   1.23 0.000 0.011 0.000000 9.99 0.259000  0.309 0.000000   0.521 0.000000   0.937 0.000000 999.99 0.259000   9.697 0.000   5.421 0.000   4.276 0.000 0.027 0.000  0.139 0.000000
337.25 338.25   34.71 0.000   1.67 0.000 0.007 0.000000 9.99 0.259000  0.239 0.000000   0.967 0.000000   1.740 0.000000 999.99 0.259000  12.185 0.000   6.446 0.000   5.739 0.000 0.090 0.000  0.422 0.000000
340.25 341.25   47.31 0.000   6.35 0.000 0.019 0.000000 0.10 0.000000  0.114 0.000000   0.443 0.000000   0.797 0.000000 999.99 0.259000  12.021 0.000   8.478 0.000   3.542 0.000 0.048 0.000  0.177 0.000000
343.25 344.25   35.76 0.000   1.32 0.000 9.999 0.259000 9.99 0.259000  0.429 0.000000   0.965 0.000000   1.737 0.000000 999.99 0.259000  12.988 0.000   7.058 0.000   5.931 0.000 0.040 0.000  0.195 0.000000
346.25 347.25   30.86 0.000   2.50 0.000 9.999 0.259000 9.99 0.259000  0.564 0.000000   1.105 0.000000   1.988 0.000000 999.99 0.259000   9.130 0.000   2.437 0.000   6.692 0.000 0.047 0.000  0.238 0.000000
349.25 350.25   37.47 0.000   1.24 0.000 9.999 0.259000 0.05 0.000000  0.249 0.000000   0.582 0.000000   1.048 0.000000 999.99 0.259000   8.949 0.000   5.871 0.000   3.078 0.000 0.026 0.000  0.090 0.000000
352.25 353.25   61.28 0.000   4.19 0.000 9.999 0.259000 9.99 0.259000  0.351 0.000000   0.932 0.000000   1.677 0.000000 999.99 0.259000  20.443 0.000  15.093 0.000   5.350 0.000 0.059 0.000  0.106 0.000000
355.25 356.25    6.96 0.000   1.28 0.000 9.999 0.259000 9.99 0.259000  0.757 0.000000   0.640 0.000000   1.152 0.000000 999.99 0.259000   8.056 0.000   0.995 0.000   7.061 0.000 0.093 0.000  0.322 0.000000
358.25 359.25   10.65 0.000   1.06 0.000 0.011 0.000000 9.99 0.259000  0.316 0.000000   0.627 0.000000   1.129 0.000000 999.99 0.259000   5.854 0.000   1.877 0.000   3.978 0.000 0.027 0.000  0.209 0.000000
361.25 362.25   30.05 0.000   7.13 0.000 9.999 0.259000 0.13 0.000000  1.220 0.000000   1.504 0.000000   2.707 0.000000 999.99 0.259000  14.778 0.000   3.169 0.000  11.609 0.000 0.048 0.000  0.240 0.000000
364.25 365.25    4.88 0.000   1.87 0.000 9.999 0.259000 0.09 0.000000  0.203 0.000000   0.251 0.000000   0.451 0.000000 999.99 0.259000   4.363 0.000   0.657 0.000   3.707 0.000 0.015 0.000  0.456 0.000000
