scripts/IMPROVE-2019_partial/data/US0019R.19960103080000.20191216000000.filterpack...1y.3d.US03L_filterpack_US0019.US03L_IMPROVE_Davis.lev2.nas
51 1001
MISSING INFORMATION
US03L, IMPROVE, , , , , , , 
MISSING INFORMATION
IMPROVE sel_HTAP
1 1
1996 01 01 2019 12 16
0
days from file reference point
4
1 1 1 1
999.999999 999.999 999.999 9.999
end_time of measurement, days from the file reference point
pm10_mass, ug/m3, Matrix=pm10
pm25_mass, ug/m3, Matrix=pm25
numflag, no unit
0
33
Data definition:              EBAS_1.1
Set type code:                TI
Timezone:                     UTC
File name:                    US0019R.19960103080000.20191216000000.filterpack...1y.3d.US03L_filterpack_US0019.US03L_IMPROVE_Davis.lev2.nas
File creation:                20191218115638
Startdate:                    19960103080000
Revision date:                20191216000000
Version:                      2
Version description:          "Data extracted from http://views.cira.colostate.edu/fed/DataWizard 2019-12-16"
Statistics:                   arithmetic mean
Data level:                   2
Period code:                  1y
Resolution code:              3d
Sample duration:              1d
Orig. time res.:              3d
Station code:                 US0019R
Platform code:                US0019S
Station name:                 Bliss SP (TRPA)
Station latitude:             38.9761
Station longitude:            -120.1025
Station altitude:             2130.0 m
Regime:                       IMG
Component:                    
Unit:                         ug/m3
Matrix:                       
Laboratory code:              US03L
Instrument type:              filterpack
Instrument name:              filterpack_US0019
Method ref:                   US03L_IMPROVE_Davis
Blank correction:             Blank corrected
Volume std. temperature:      ambient
Volume std. pressure:         ambient
starttime endtime PM10 PM2.5 flag
  2.333333   3.333333   2.120   0.584 0.000
  5.333333   6.333333   3.525   2.860 0.000
  9.333333  10.333333   3.041   1.204 0.000
 12.333333  13.333333   2.853   1.621 0.000
 16.333333  17.333333   2.185   0.795 0.000
 19.333333  20.333333   1.820   0.670 0.000
 23.333333  24.333333 999.999 999.999 0.999
 26.333333  27.333333   1.745   0.498 0.000
 30.333333  31.333333 999.999   1.656 0.000
 33.333333  34.333333 999.999   2.257 0.000
 37.333333  38.333333 999.999 999.999 0.999
 40.333333  41.333333   4.764   1.395 0.000
 44.333333  45.333333   7.258   2.154 0.000
 47.333333  48.333333  12.916   1.134 0.000
 51.333333  52.333333 999.999 999.999 0.999
 54.333333  55.333333   1.174   0.399 0.000
 58.333333  59.333333   1.260   0.367 0.000
 61.333333  62.333333   2.986   1.531 0.000
 65.333333  66.333333 999.999 999.999 0.999
 68.333333  69.333333   3.522   1.502 0.000
 72.333333  73.333333   7.325   1.057 0.000
 75.333333  76.333333   3.675   2.126 0.000
 79.333333  80.333333   5.884   3.633 0.000
 82.333333  83.333333   3.904   0.901 0.000
 86.333333  87.333333   2.720   1.401 0.000
 89.333333  90.333333   6.769   2.065 0.000
 93.333333  94.333333  12.596   2.706 0.000
 96.333333  97.333333  10.399   2.946 0.000
100.333333 101.333333   6.177   3.015 0.000
103.333333 104.333333   3.326   2.254 0.000
107.333333 108.333333 999.999   1.395 0.000
110.333333 111.333333   1.532   1.037 0.000
114.333333 115.333333   5.331   3.063 0.000
117.333333 118.333333   5.685   4.005 0.000
121.333333 122.333333   4.495   2.903 0.000
124.333333 125.333333  11.071   4.649 0.000
128.333333 129.333333   5.922   3.102 0.000
131.333333 132.333333  15.684   3.759 0.000
135.333333 136.333333   7.117   2.130 0.000
138.333333 139.333333   4.008   2.187 0.000
142.333333 143.333333   6.372   4.406 0.000
145.333333 146.333333   3.179   2.101 0.000
149.333333 150.333333   7.750   5.208 0.000
152.333333 153.333333   8.052 999.999 0.000
156.333333 157.333333   9.110   7.286 0.000
159.333333 160.333333   6.147   4.639 0.000
163.333333 164.333333  11.326   6.054 0.000
166.333333 167.333333   6.909   4.250 0.000
170.333333 171.333333   5.513   2.814 0.000
173.333333 174.333333  12.457   5.712 0.000
177.333333 178.333333   4.788   1.550 0.000
180.333333 181.333333   7.668   2.795 0.000
184.333333 185.333333   9.493   4.592 0.000
187.333333 188.333333   6.004   3.486 0.000
191.333333 192.333333   5.996   5.952 0.000
194.333333 195.333333  12.636   7.220 0.000
198.333333 199.333333   4.538   2.838 0.000
201.333333 202.333333   4.505   2.838 0.000
205.333333 206.333333   6.557   4.427 0.000
208.333333 209.333333  10.820   8.575 0.000
212.333333 213.333333   5.409   3.864 0.000
215.333333 216.333333   7.403   2.128 0.000
219.333333 220.333333 999.999   4.686 0.000
222.333333 223.333333   7.642   4.545 0.000
226.333333 227.333333 999.999 999.999 0.999
229.333333 230.333333 999.999 999.999 0.999
233.333333 234.333333 999.999 999.999 0.999
236.333333 237.333333 999.999 999.999 0.999
240.333333 241.333333  16.497  13.653 0.000
243.333333 244.333333   8.689   7.293 0.000
247.333333 248.333333   6.316   2.801 0.000
250.333333 251.333333   9.980   5.957 0.000
254.333333 255.333333   8.867   4.858 0.000
257.333333 258.333333   4.711   1.441 0.000
261.333333 262.333333 999.999   1.932 0.000
264.333333 265.333333   2.028   0.996 0.000
268.333333 269.333333   6.212   4.016 0.000
271.333333 272.333333   3.404   1.993 0.000
275.333333 276.333333   8.638   4.823 0.000
278.333333 279.333333   5.982   4.562 0.000
282.333333 283.333333   9.165   5.463 0.000
285.333333 286.333333  13.683  12.797 0.000
289.333333 290.333333   7.963   2.778 0.000
292.333333 293.333333   6.654   1.036 0.000
296.333333 297.333333 999.999   2.536 0.000
299.333333 300.333333   9.847   2.687 0.000
303.333333 304.333333   3.086   1.478 0.000
306.333333 307.333333   3.051   2.010 0.000
310.333333 311.333333   6.760   4.048 0.000
313.333333 314.333333   6.268   4.935 0.000
317.333333 318.333333   4.981   3.855 0.000
320.333333 321.333333   3.472   3.001 0.000
324.333333 325.333333   6.479   0.850 0.000
327.333333 328.333333   0.992   0.615 0.000
331.333333 332.333333   4.630   1.274 0.000
334.333333 335.333333   2.478   2.385 0.000
338.333333 339.333333 999.999   2.657 0.000
341.333333 342.333333   1.025 999.999 0.000
345.333333 346.333333 999.999 999.999 0.999
348.333333 349.333333 999.999 999.999 0.999
352.333333 353.333333 999.999 999.999 0.999
355.333333 356.333333 999.999 999.999 0.999
359.333333 360.333333 999.999 999.999 0.999
362.333333 363.333333 999.999 999.999 0.999
