scripts/IMPROVE-2019_partial/data/US0032R.19950104100000.20191216000000.filterpack.pm25_mass.pm25.1y.3d.US03L_filterpack_US0032.US03L_IMPROVE_Davis.lev2.nas
50 1001
MISSING INFORMATION
US03L, IMPROVE, , , , , , , 
MISSING INFORMATION
IMPROVE sel_HTAP
1 1
1995 01 01 2019 12 16
0
days from file reference point
3
1 1 1
999.999999 999.999 9.999
end_time of measurement, days from the file reference point
pm25_mass, ug/m3
numflag pm25_mass, no unit
0
33
Data definition:              EBAS_1.1
Set type code:                TI
Timezone:                     UTC
File name:                    US0032R.19950104100000.20191216000000.filterpack.pm25_mass.pm25.1y.3d.US03L_filterpack_US0032.US03L_IMPROVE_Davis.lev2.nas
File creation:                20191218115735
Startdate:                    19950104100000
Revision date:                20191216000000
Version:                      2
Version description:          "Data extracted from http://views.cira.colostate.edu/fed/DataWizard 2019-12-16"
Statistics:                   arithmetic mean
Data level:                   2
Period code:                  1y
Resolution code:              3d
Sample duration:              1d
Orig. time res.:              3d
Station code:                 US0032R
Platform code:                US0032S
Station name:                 Haleakala NP
Station latitude:             20.8086
Station longitude:            -156.2823
Station altitude:             1153.0 m
Regime:                       IMG
Component:                    pm25_mass
Unit:                         ug/m3
Matrix:                       pm25
Laboratory code:              US03L
Instrument type:              filterpack
Instrument name:              filterpack_US0032
Method ref:                   US03L_IMPROVE_Davis
Blank correction:             Blank corrected
Volume std. temperature:      ambient
Volume std. pressure:         ambient
starttime endtime PM2.5 flag_PM2.5
  3.416667   4.416667   5.380 0.000
  6.416667   7.416667   2.918 0.000
 10.416667  11.416667 999.999 0.999
 13.416667  14.416667 999.999 0.999
 17.416667  18.416667   2.583 0.000
 20.416667  21.416667   2.793 0.000
 24.416667  25.416667   4.491 0.000
 27.416667  28.416667   1.228 0.000
 31.416667  32.416667   1.692 0.000
 34.416667  35.416667   1.682 0.000
 38.416667  39.416667   2.818 0.000
 41.416667  42.416667   4.455 0.000
 45.416667  46.416667   2.523 0.000
 48.416667  49.416667   1.892 0.000
 52.416667  53.416667  16.565 0.000
 55.416667  56.416667   2.644 0.000
 59.416667  60.416667   2.766 0.000
 62.416667  63.416667   3.998 0.000
 66.416667  67.416667   3.746 0.000
 69.416667  70.416667   8.444 0.000
 73.416667  74.416667   2.993 0.000
 76.416667  77.416667   5.987 0.000
 80.416667  81.416667   1.347 0.000
 83.416667  84.416667   4.351 0.000
 87.416667  88.416667   4.389 0.000
 90.416667  91.416667 999.999 0.999
 94.416667  95.416667   2.164 0.000
 97.416667  98.416667   4.861 0.000
101.416667 102.416667   1.804 0.000
104.416667 105.416667   2.104 0.000
108.416667 109.416667   4.891 0.000
111.416667 112.416667   0.876 0.000
115.416667 116.416667   1.137 0.000
118.416667 119.416667   3.891 0.000
122.416667 123.416667   3.904 0.000
125.416667 126.416667   1.182 0.000
129.416667 130.416667   4.490 0.000
132.416667 133.416667 999.999 0.999
136.416667 137.416667   2.993 0.000
139.416667 140.416667   1.796 0.000
143.416667 144.416667   1.766 0.000
146.416667 147.416667   1.826 0.000
150.416667 151.416667   3.815 0.000
153.416667 154.416667   2.676 0.000
157.416667 158.416667   3.293 0.000
160.416667 161.416667   2.593 0.000
164.416667 165.416667   3.143 0.000
167.416667 168.416667   2.951 0.000
171.416667 172.416667   2.701 0.000
174.416667 175.416667   4.481 0.000
178.416667 179.416667 999.999 0.999
181.416667 182.416667   2.295 0.000
185.416667 186.416667   2.097 0.000
188.416667 189.416667   1.988 0.000
192.416667 193.416667   1.005 0.000
195.416667 196.416667   3.398 0.000
199.416667 200.416667   0.712 0.000
202.416667 203.416667   1.039 0.000
206.416667 207.416667   2.930 0.000
209.416667 210.416667   1.167 0.000
213.416667 214.416667   1.828 0.000
216.416667 217.416667   6.737 0.000
220.416667 221.416667 999.999 0.999
223.416667 224.416667   0.864 0.000
227.416667 228.416667   1.005 0.000
230.416667 231.416667   1.484 0.000
234.416667 235.416667   2.472 0.000
237.416667 238.416667   1.118 0.000
241.416667 242.416667   1.098 0.000
244.416667 245.416667   1.721 0.000
248.416667 249.416667   2.552 0.000
251.416667 252.416667   2.226 0.000
255.416667 256.416667   2.601 0.000
258.416667 259.416667   4.944 0.000
262.416667 263.416667   2.838 0.000
265.416667 266.416667   2.023 0.000
269.416667 270.416667   0.924 0.000
272.416667 273.416667   2.027 0.000
276.416667 277.416667   2.582 0.000
279.416667 280.416667   0.890 0.000
283.416667 284.416667   1.246 0.000
286.416667 287.416667   2.048 0.000
290.416667 291.416667   2.790 0.000
293.416667 294.416667   1.276 0.000
297.416667 298.416667   1.826 0.000
300.416667 301.416667   1.383 0.000
304.416667 305.416667   3.337 0.000
307.416667 308.416667   3.818 0.000
311.416667 312.416667   2.404 0.000
314.416667 315.416667   2.760 0.000
318.416667 319.416667   2.345 0.000
321.416667 322.416667   3.712 0.000
325.416667 326.416667   3.986 0.000
328.416667 329.416667   3.831 0.000
332.416667 333.416667   1.364 0.000
335.416667 336.416667   3.627 0.000
339.416667 340.416667   2.706 0.000
342.416667 343.416667   1.533 0.000
346.416667 347.416667   2.335 0.000
349.416667 350.416667   1.826 0.000
353.416667 354.416667   3.006 0.000
356.416667 357.416667   5.538 0.000
360.416667 361.416667   1.317 0.000
363.416667 364.416667   4.329 0.000
