scripts/IMPROVE-2019_partial/data/US0031R.20040101100000.20191216000000.filterpack..pm25.52w.1w.US03L_filterpack_US0031.US03L_IMPROVE_Davis.lev2.nas
66 1001
MISSING INFORMATION
US03L, IMPROVE, , , , , , , 
MISSING INFORMATION
IMPROVE sel_HTAP
1 1
2004 01 01 2019 12 16
3.000000
days from file reference point
27
1 1 1 1 1 1 1 1 1 1 1 1 1 1 1 1 1 1 1 1 1 1 1 1 1 1 1
999.999999 999.99 9.999 99.99 9.999 9.999 9.999999 9.99 9.999999 9.999 9.999 9.999 9.999 99.999 9.999 99.99 9.999999 999.999 9.999 99.999 9.999 999.999 9.999 9.999 9.999 99.999 9.999
end_time of measurement, days from the file reference point
iron, ng/m3, Revision date=20181210133000
numflag iron, no unit, Revision date=20181210133000
lead, ng/m3, Revision date=20181210133000
numflag lead, no unit, Revision date=20181210133000
magnesium, ug/m3, Revision date=20181210133000
numflag magnesium, no unit, Revision date=20181210133000
nickel, ng/m3, Revision date=20181210133000
numflag nickel, no unit, Revision date=20181210133000
nitrate, ug N/m3, Revision date=20181210133000
numflag nitrate, no unit, Revision date=20181210133000
organic_carbon, ug C/m3, Revision date=20181210133000
numflag organic_carbon, no unit, Revision date=20181210133000
organic_mass, ug/m3, Revision date=20181210133000
numflag organic_mass, no unit, Revision date=20181210133000
phosphorus, ng/m3, Revision date=20181210133000
numflag phosphorus, no unit, Revision date=20181210133000
pm10_mass, ug/m3, Version=2, Version description=Data extracted from http://views.cira.colostate.edu/fed/DataWizard 2019-12-16, Sample duration=1d, Orig. time res.=3d, Matrix=pm10, Blank correction=Blank corrected, Volume std. temperature=ambient, Volume std. pressure=ambient
numflag pm10_mass, no unit, Version=2, Version description=Data extracted from http://views.cira.colostate.edu/fed/DataWizard 2019-12-16, Sample duration=1d, Orig. time res.=3d, Matrix=pm10, Blank correction=Blank corrected, Volume std. temperature=ambient, Volume std. pressure=ambient
pm10_pm25_mass, ug/m3, Revision date=20181210133000, Matrix=pm10_pm25
numflag pm10_pm25_mass, no unit, Revision date=20181210133000, Matrix=pm10_pm25
pm25_mass, ug/m3, Version=2, Version description=Data extracted from http://views.cira.colostate.edu/fed/DataWizard 2019-12-16, Sample duration=1d, Orig. time res.=3d, Blank correction=Blank corrected, Volume std. temperature=ambient, Volume std. pressure=ambient
numflag pm25_mass, no unit, Version=2, Version description=Data extracted from http://views.cira.colostate.edu/fed/DataWizard 2019-12-16, Sample duration=1d, Orig. time res.=3d, Blank correction=Blank corrected, Volume std. temperature=ambient, Volume std. pressure=ambient
potassium, ug/m3, Revision date=20181210133000
numflag potassium, no unit, Revision date=20181210133000
sulphate_total, ug S/m3, Revision date=20181210133000
numflag sulphate_total, no unit, Revision date=20181210133000
0
25
Data definition:              EBAS_1.1
Set type code:                TU
Timezone:                     UTC
File name:                    US0031R.20040101100000.20191216000000.filterpack..pm25.52w.1w.US03L_filterpack_US0031.US03L_IMPROVE_Davis.lev2.nas
File creation:                20191218115729
Startdate:                    20040101100000
Revision date:                20191216000000
Statistics:                   arithmetic mean
Data level:                   2
Period code:                  52w
Resolution code:              1w
Station code:                 US0031R
Platform code:                US0031S
Station name:                 Hawaii Volcanoes NP
Station latitude:             19.4309
Station longitude:            -155.2579
Station altitude:             1258.0 m
Regime:                       IMG
Component:                    
Matrix:                       pm25
Laboratory code:              US03L
Instrument type:              filterpack
Instrument name:              filterpack_US0031
Method ref:                   US03L_IMPROVE_Davis
starttime endtime Fe flag_Fe Pb flag_Pb Mg++ flag_Mg++ Ni flag_Ni NO3- flag_NO3- OC flag_OC OM flag_OM P flag_P PM10 flag_PM10 PM10-PM2.5 flag_PM10-PM2.5 PM2.5 flag_PM2.5 K+ flag_K+ SO4-- flag_SO4--
  0.416667   1.416667   0.21 0.559  0.08 0.559 9.999 0.559259 0.06 0.559000 0.005 0.000 0.314 0.000  0.439 0.000 99.99 0.559259 999.999 0.456 99.999 0.999   1.068 0.559 0.007 0.559  0.100 0.000
  3.416667   4.416667   0.42 0.000  0.18 0.000 9.999 0.259000 0.07 0.000000 0.001 0.000 0.248 0.000  0.347 0.000 99.99 0.259000 999.999 0.456 99.999 0.999   0.573 0.000 0.004 0.000  0.029 0.000
  6.416667   7.416667   5.02 0.000  0.64 0.000 9.999 0.259000 0.29 0.000000 0.015 0.000 0.195 0.000  0.273 0.000 99.99 0.259000  13.113 0.000  1.380 0.000  11.733 0.000 0.016 0.000  2.137 0.000
  9.416667  10.416667   3.42 0.000  0.80 0.000 0.128 0.000000 0.08 0.000000 0.014 0.000 0.152 0.000  0.212 0.000 99.99 0.259000  11.029 0.000  1.275 0.000   9.755 0.000 0.014 0.000  1.748 0.000
 12.416667  13.416667   2.28 0.000  0.35 0.000 9.999 0.259000 0.07 0.000000 0.010 0.559 0.173 0.000  0.242 0.000 99.99 0.259000   9.152 0.000  0.927 0.000   8.224 0.000 0.010 0.000  1.511 0.559
 15.416667  16.416667  10.67 0.559  2.29 0.559 9.999 0.559259 0.35 0.559000 0.015 0.000 0.246 0.000  0.344 0.000 99.99 0.559259  18.587 0.000  1.645 0.000  16.942 0.559 0.039 0.559  3.178 0.000
 18.416667  19.416667   2.41 0.000  0.16 0.000 9.999 0.259000 0.10 0.000000 0.022 0.000 0.455 0.000  0.637 0.000 99.99 0.259000   4.243 0.000  2.321 0.000   1.922 0.000 0.019 0.000  0.178 0.000
 21.416667  22.416667   2.58 0.000  0.58 0.000 9.999 0.259000 0.03 0.000000 0.019 0.559 0.346 0.000  0.484 0.000 99.99 0.259000   4.792 0.000  2.168 0.000   2.624 0.000 0.023 0.000  0.375 0.559
 24.416667  25.416667   1.44 0.000  0.68 0.000 9.999 0.259000 0.04 0.000000 0.009 0.000 0.171 0.000  0.239 0.000 99.99 0.259000   7.516 0.000  2.480 0.000   5.036 0.000 0.018 0.000  0.936 0.000
 27.416667  28.416667   1.15 0.000  0.15 0.000 0.021 0.000000 9.99 0.259000 0.016 0.559 0.106 0.000  0.149 0.000 99.99 0.259000   2.152 0.000  1.192 0.000   0.960 0.000 0.012 0.000  0.130 0.559
 30.416667  31.416667   0.83 0.000  0.11 0.000 0.047 0.000000 9.99 0.259000 0.017 0.559 0.055 0.000  0.078 0.000 99.99 0.259000   2.112 0.000  0.981 0.000   1.131 0.000 0.015 0.000  0.091 0.559
 33.416667  34.416667   1.14 0.000 99.99 0.259 9.999 0.259000 9.99 0.259000 0.010 0.559 0.069 0.000  0.096 0.000 99.99 0.259000   2.023 0.000  1.076 0.000   0.947 0.000 0.011 0.000  0.123 0.559
 36.416667  37.416667   0.78 0.000  0.17 0.000 9.999 0.259000 0.16 0.000000 0.015 0.000 0.105 0.000  0.147 0.000 99.99 0.259000   2.274 0.000  1.337 0.000   0.937 0.000 0.010 0.000  0.106 0.000
 39.416667  40.416667   1.28 0.000  0.17 0.000 9.999 0.259000 0.10 0.000000 0.013 0.559 0.255 0.000  0.356 0.000 99.99 0.259000   2.477 0.000  1.362 0.000   1.115 0.000 0.009 0.000  0.162 0.559
 42.416667  43.416667  25.12 0.699  0.60 0.699 9.999 0.699259 0.16 0.699000 0.014 0.000 0.215 0.000  0.301 0.000 99.99 0.699259  18.382 0.000 99.999 0.259  18.438 0.699 0.014 0.699  3.356 0.000
 45.416667  46.416667   2.78 0.559  0.31 0.559 9.999 0.559259 0.37 0.559000 0.018 0.000 0.256 0.000  0.358 0.000 99.99 0.559259  10.031 0.000  0.558 0.000   9.473 0.559 0.015 0.559  1.771 0.000
 48.416667  49.416667   4.76 0.559  3.43 0.559 0.069 0.559000 9.99 0.559259 0.004 0.000 0.166 0.000  0.232 0.000 99.99 0.559259  12.002 0.000 99.999 0.259  12.145 0.559 0.019 0.559  2.256 0.000
 51.416667  52.416667   5.56 0.000  0.30 0.000 9.999 0.259000 0.16 0.000000 0.045 0.000 0.257 0.000  0.360 0.000 99.99 0.259000   5.138 0.000  2.845 0.000   2.294 0.000 0.016 0.000  0.282 0.000
 54.416667  55.416667   1.53 0.000  0.71 0.000 9.999 0.259000 0.05 0.000000 0.004 0.000 0.131 0.000  0.183 0.000 99.99 0.259000   2.588 0.000  0.695 0.000   1.894 0.000 0.008 0.000  0.417 0.000
 57.416667  58.416667   5.24 0.000  0.72 0.000 9.999 0.259000 0.08 0.000000 0.014 0.000 0.415 0.000  0.582 0.000 99.99 0.259000   3.259 0.000  0.991 0.000   2.268 0.000 0.017 0.000  0.339 0.000
 60.416667  61.416667   4.36 0.000  0.21 0.000 9.999 0.259000 9.99 0.259000 0.015 0.000 0.406 0.000  0.569 0.000 99.99 0.259000   2.810 0.000  1.185 0.000   1.625 0.000 0.015 0.000  0.155 0.000
 63.416667  64.416667   1.59 0.000  0.28 0.000 0.017 0.000000 9.99 0.259000 0.018 0.000 0.221 0.000  0.309 0.000 99.99 0.259000   3.411 0.000  2.078 0.000   1.333 0.000 0.010 0.000  0.152 0.000
 66.416667  67.416667   3.56 0.000  0.12 0.000 0.020 0.000000 0.13 0.000000 0.008 0.000 0.142 0.000  0.199 0.000 99.99 0.259000   1.157 0.000  0.451 0.000   0.707 0.000 0.006 0.000  0.087 0.000
 69.416667  70.416667  11.47 0.000  0.19 0.000 9.999 0.259000 0.16 0.000000 0.029 0.000 0.199 0.000  0.279 0.000 99.99 0.259000   6.737 0.000  2.416 0.000   4.320 0.000 0.020 0.000  0.912 0.000
 72.416667  73.416667   5.51 0.559  0.28 0.559 9.999 0.559259 0.08 0.559000 0.022 0.000 0.188 0.000  0.263 0.000 99.99 0.559259   6.448 0.000  1.257 0.000   5.191 0.559 0.015 0.559  1.028 0.000
 75.416667  76.416667   1.58 0.000  0.19 0.000 9.999 0.259000 9.99 0.259000 0.005 0.000 0.046 0.000  0.064 0.000 99.99 0.259000   0.668 0.000  0.250 0.000   0.418 0.000 0.003 0.000  0.112 0.000
 78.416667  79.416667  17.13 0.559  0.68 0.559 9.999 0.559259 0.22 0.559000 0.019 0.000 0.281 0.000  0.394 0.000 99.99 0.559259  10.541 0.000  1.617 0.000   8.924 0.559 0.022 0.559  1.686 0.000
 81.416667  82.416667   6.44 0.000  2.61 0.000 9.999 0.259000 9.99 0.259000 0.009 0.000 0.279 0.000  0.391 0.000 99.99 0.259000  11.560 0.000  3.040 0.000   8.520 0.000 0.023 0.000  1.612 0.000
 84.416667  85.416667   5.36 0.000  1.74 0.000 0.040 0.000000 9.99 0.259000 0.011 0.000 0.105 0.000  0.147 0.000 99.99 0.259000   5.828 0.000  1.199 0.000   4.630 0.000 0.020 0.000  0.899 0.000
 87.416667  88.416667  12.09 0.000  0.49 0.000 0.020 0.000000 0.10 0.000000 0.054 0.000 0.376 0.000  0.527 0.000 99.99 0.259000   6.287 0.000  2.718 0.000   3.569 0.000 0.033 0.000  0.614 0.000
 90.416667  91.416667   2.45 0.000  0.26 0.000 9.999 0.259000 9.99 0.259000 0.007 0.000 0.112 0.000  0.157 0.000 99.99 0.259000   1.109 0.000  0.492 0.000   0.617 0.000 0.004 0.000  0.071 0.000
 93.416667  94.416667  14.44 0.000  0.21 0.000 9.999 0.259000 0.16 0.000000 0.022 0.000 0.121 0.000  0.170 0.000 99.99 0.259000   4.767 0.000  2.782 0.000   1.984 0.000 0.017 0.000  0.160 0.000
 96.416667  97.416667  38.45 0.000  1.65 0.000 9.999 0.259000 9.99 0.259000 0.017 0.000 0.146 0.000  0.204 0.000 99.99 0.259000   5.523 0.000  2.646 0.000   2.877 0.000 0.034 0.000  0.377 0.000
 99.416667 100.416667  40.14 0.000 99.99 0.259 9.999 0.259000 0.14 0.000000 0.030 0.000 0.132 0.000  0.184 0.000 99.99 0.259000   4.588 0.000  2.169 0.000   2.420 0.000 0.027 0.000  0.256 0.000
102.416667 103.416667   3.17 0.000  0.34 0.000 9.999 0.259000 9.99 0.259000 0.001 0.000 0.012 0.000  0.017 0.000 99.99 0.259000   0.657 0.000  0.472 0.000   0.185 0.000 0.003 0.000  0.009 0.000
105.416667 106.416667  27.74 0.000  0.97 0.000 9.999 0.259000 0.06 0.000000 0.018 0.000 0.081 0.000  0.113 0.000  9.82 0.000000   4.216 0.000  2.068 0.000   2.149 0.000 0.026 0.000  0.167 0.000
108.416667 109.416667  88.13 0.000  1.99 0.000 0.018 0.000000 0.13 0.000000 0.043 0.000 0.089 0.000  0.125 0.000 99.99 0.259000   8.639 0.000  3.806 0.000   4.834 0.000 0.069 0.000  0.402 0.000
111.416667 112.416667  23.35 0.000  0.60 0.000 9.999 0.259000 9.99 0.259000 0.015 0.000 0.138 0.000  0.193 0.000 99.99 0.259000   3.739 0.000  1.603 0.000   2.137 0.000 0.020 0.000  0.230 0.000
114.416667 115.416667   7.16 0.000 99.99 0.259 9.999 0.259000 0.36 0.000000 0.020 0.000 0.128 0.000  0.179 0.000 99.99 0.259000   2.712 0.000  1.259 0.000   1.454 0.000 0.011 0.000  0.204 0.000
117.416667 118.416667   1.12 0.000 99.99 0.259 0.023 0.000000 9.99 0.259000 0.001 0.000 0.104 0.000  0.146 0.000 99.99 0.259000   0.794 0.000  0.351 0.000   0.443 0.000 0.002 0.000  0.046 0.000
120.416667 121.416667   9.02 0.559  1.09 0.559 9.999 0.559259 9.99 0.559259 0.009 0.000 0.184 0.000  0.258 0.000 99.99 0.559259  15.914 0.000  1.348 0.000  14.566 0.559 0.014 0.559  2.667 0.000
123.416667 124.416667   5.99 0.000  0.29 0.000 9.999 0.259000 0.11 0.000000 0.025 0.000 0.051 0.000  0.072 0.000 99.99 0.259000   2.935 0.000  1.453 0.000   1.482 0.000 0.012 0.000  0.163 0.000
126.416667 127.416667  13.78 0.000  0.57 0.000 9.999 0.259000 0.08 0.000000 0.023 0.000 0.154 0.000  0.215 0.000 99.99 0.259000   3.844 0.000  2.092 0.000   1.752 0.000 0.016 0.000  0.133 0.000
129.416667 130.416667  19.99 0.559  1.60 0.559 0.039 0.559000 0.10 0.559000 0.013 0.000 0.217 0.000  0.304 0.000 99.99 0.559259  13.765 0.000  2.267 0.000  11.498 0.559 0.022 0.559  2.059 0.000
132.416667 133.416667  12.35 0.000  0.46 0.000 9.999 0.259000 9.99 0.259000 0.047 0.000 0.206 0.000  0.289 0.000 99.99 0.259000   4.712 0.000  2.346 0.000   2.367 0.000 0.025 0.000  0.208 0.000
135.416667 136.416667   0.74 0.000 99.99 0.259 9.999 0.259000 0.08 0.000000 0.003 0.000 0.226 0.000  0.317 0.000 99.99 0.259000   0.699 0.000  0.450 0.000   0.249 0.000 0.004 0.000  0.082 0.000
138.416667 139.416667   7.33 0.000  1.11 0.000 9.999 0.259000 0.14 0.000000 0.005 0.000 0.334 0.000  0.467 0.000 99.99 0.259000  17.607 0.000  1.705 0.000  15.902 0.000 0.016 0.000  2.937 0.000
141.416667 142.416667  11.43 0.000  0.37 0.000 9.999 0.259000 0.09 0.000000 0.019 0.000 0.110 0.000  0.153 0.000 99.99 0.259000   3.638 0.000  2.074 0.000   1.564 0.000 0.014 0.000  0.268 0.000
144.416667 145.416667  18.84 0.000  0.36 0.000 9.999 0.259000 0.09 0.000000 0.024 0.000 0.071 0.000  0.099 0.000 99.99 0.259000   4.175 0.000  2.524 0.000   1.651 0.000 0.021 0.000  0.157 0.000
147.416667 148.416667   8.15 0.000  0.42 0.000 9.999 0.259000 0.06 0.000000 0.007 0.000 0.012 0.000  0.017 0.000 99.99 0.259000   1.943 0.000  1.292 0.000   0.651 0.000 0.011 0.000  0.086 0.000
150.416667 151.416667   3.37 0.000  0.45 0.000 9.999 0.259000 9.99 0.259000 0.005 0.000 0.086 0.000  0.120 0.000 99.99 0.259000   0.703 0.000  0.491 0.000   0.211 0.000 0.004 0.000  0.036 0.000
153.416667 154.416667   1.70 0.000  0.33 0.000 9.999 0.259000 0.15 0.000000 0.005 0.000 0.243 0.000  0.340 0.000 99.99 0.259000   1.580 0.000  0.926 0.000   0.654 0.000 0.006 0.000  0.107 0.000
156.416667 157.416667   8.90 0.000  0.40 0.000 9.999 0.259000 0.11 0.000000 0.008 0.000 0.087 0.000  0.122 0.000 99.99 0.259000   2.026 0.000  1.006 0.000   1.019 0.000 0.013 0.000  0.121 0.000
159.416667 160.416667   3.32 0.000  0.36 0.000 9.999 0.259000 0.32 0.000000 0.014 0.000 0.074 0.000  0.103 0.000 99.99 0.259000   2.397 0.000  1.365 0.000   1.032 0.000 0.013 0.000  0.094 0.000
162.416667 163.416667   8.25 0.000  0.16 0.000 9.999 0.259000 0.09 0.000000 0.016 0.000 0.225 0.000  0.315 0.000 99.99 0.259000   2.412 0.000  1.184 0.000   1.227 0.000 0.013 0.000  0.096 0.000
165.416667 166.416667   7.31 0.000  0.43 0.000 9.999 0.259000 9.99 0.259000 0.015 0.000 0.070 0.000  0.098 0.000 99.99 0.259000   2.356 0.000  1.271 0.000   1.085 0.000 0.013 0.000  0.091 0.000
168.416667 169.416667   8.98 0.000  0.38 0.000 9.999 0.259000 0.12 0.000000 0.017 0.000 0.171 0.000  0.239 0.000 99.99 0.259000   2.315 0.000  1.210 0.000   1.105 0.000 0.012 0.000  0.141 0.000
171.416667 172.416667   2.90 0.000  0.46 0.000 9.999 0.259000 0.13 0.000000 0.007 0.000 9.999 0.259 99.999 0.259 99.99 0.259000   1.289 0.000  0.604 0.000   0.685 0.000 0.007 0.000  0.076 0.000
174.416667 175.416667   2.31 0.000  0.19 0.000 0.027 0.000000 0.10 0.000000 0.012 0.000 0.153 0.000  0.214 0.000 99.99 0.259000   2.008 0.000  0.959 0.000   1.049 0.000 0.007 0.000  0.112 0.000
177.416667 178.416667   2.56 0.000  0.33 0.000 9.999 0.259000 9.99 0.259000 0.019 0.000 0.086 0.000  0.120 0.000 99.99 0.259000   2.719 0.000  1.204 0.000   1.515 0.000 0.012 0.000  0.173 0.000
180.416667 181.416667   1.49 0.000 99.99 0.259 0.029 0.000000 0.09 0.000000 0.010 0.000 0.065 0.000  0.091 0.000 99.99 0.259000   1.683 0.000  0.836 0.000   0.847 0.000 0.007 0.000  0.080 0.000
183.416667 184.416667   1.56 0.000 99.99 0.259 9.999 0.259000 0.17 0.000000 0.010 0.000 9.999 0.259 99.999 0.259 99.99 0.259000   1.860 0.000  1.016 0.000   0.845 0.000 0.008 0.000  0.071 0.000
186.416667 187.416667   3.65 0.000  1.11 0.000 0.016 0.000000 0.19 0.000000 0.018 0.000 0.028 0.000  0.039 0.000 99.99 0.259000   2.703 0.000  1.463 0.000   1.240 0.000 0.012 0.000  0.118 0.000
189.416667 190.416667   4.17 0.000 99.99 0.259 9.999 0.259000 9.99 0.259000 0.012 0.000 0.099 0.000  0.138 0.000 99.99 0.259000   3.493 0.000  1.996 0.000   1.497 0.000 0.010 0.000  0.233 0.000
192.416667 193.416667   3.00 0.000  0.20 0.000 9.999 0.259000 9.99 0.259000 0.017 0.000 9.999 0.259 99.999 0.259 99.99 0.259000   2.537 0.000  1.318 0.000   1.218 0.000 0.012 0.000  0.122 0.000
195.416667 196.416667   3.88 0.000 99.99 0.259 9.999 0.259000 0.11 0.000000 0.019 0.000 0.219 0.000  0.307 0.000 99.99 0.259000   3.054 0.000  1.490 0.000   1.564 0.000 0.015 0.000  0.149 0.000
198.416667 199.416667   6.29 0.559  0.17 0.559 9.999 0.559259 0.15 0.559000 0.035 0.000 0.113 0.000  0.158 0.000 99.99 0.559259   4.325 0.000  2.175 0.000   2.150 0.559 0.020 0.559  0.290 0.000
201.416667 202.416667   9.75 0.000  0.27 0.000 9.999 0.259000 0.36 0.000000 0.049 0.000 0.208 0.000  0.291 0.000 99.99 0.259000   5.589 0.000  2.840 0.000   2.749 0.000 0.021 0.000  0.439 0.000
204.416667 205.416667   4.86 0.000 99.99 0.259 0.024 0.000000 0.20 0.000000 0.027 0.000 0.133 0.000  0.186 0.000 99.99 0.259000   4.366 0.000  2.225 0.000   2.142 0.000 0.014 0.000  0.329 0.000
207.416667 208.416667   3.12 0.000 99.99 0.259 9.999 0.259000 0.16 0.000000 0.013 0.000 0.880 0.000  1.232 0.000 99.99 0.259000   2.079 0.000  1.078 0.000   1.001 0.000 0.008 0.000  0.110 0.000
210.416667 211.416667  10.34 0.000  0.11 0.000 9.999 0.259000 0.16 0.000000 0.043 0.000 0.117 0.000  0.164 0.000 99.99 0.259000   5.115 0.000  2.886 0.000   2.229 0.000 0.021 0.000  0.321 0.000
213.416667 214.416667   5.99 0.000  0.26 0.000 9.999 0.259000 9.99 0.259000 0.037 0.000 0.111 0.000  0.155 0.000 99.99 0.259000   2.329 0.000  0.528 0.000   1.800 0.000 0.015 0.000  0.204 0.000
216.416667 217.416667   5.21 0.000  0.15 0.000 0.047 0.000000 0.10 0.000000 0.059 0.000 0.104 0.000  0.145 0.000 99.99 0.259000   6.861 0.000  3.469 0.000   3.392 0.000 0.029 0.000  0.351 0.000
219.416667 220.416667   2.67 0.000  0.54 0.000 9.999 0.259000 9.99 0.259000 0.019 0.000 0.296 0.000  0.415 0.000 99.99 0.259000   6.035 0.000  2.264 0.000   3.771 0.000 0.015 0.000  0.681 0.000
222.416667 223.416667   3.28 0.000  0.19 0.000 9.999 0.259000 0.19 0.000000 0.022 0.000 0.124 0.000  0.174 0.000 99.99 0.259000   3.300 0.000  1.821 0.000   1.479 0.000 0.014 0.000  0.134 0.000
225.416667 226.416667   0.56 0.000 99.99 0.259 9.999 0.259000 0.17 0.000000 0.008 0.000 0.072 0.000  0.101 0.000 99.99 0.259000   1.116 0.000  0.582 0.000   0.534 0.000 0.004 0.000  0.057 0.000
228.416667 229.416667   2.18 0.000 99.99 0.259 0.030 0.000000 9.99 0.259000 0.004 0.000 0.003 0.000  0.004 0.000 99.99 0.259000   0.832 0.000  0.483 0.000   0.349 0.000 0.005 0.000  0.040 0.000
231.416667 232.416667   2.99 0.000 99.99 0.259 0.025 0.000000 0.19 0.000000 0.048 0.000 0.121 0.000  0.169 0.000 99.99 0.259000   5.580 0.000  2.910 0.000   2.671 0.000 0.021 0.000  0.246 0.000
234.416667 235.416667   0.39 0.000 99.99 0.259 0.019 0.000000 9.99 0.259000 0.008 0.000 0.028 0.000  0.040 0.000 99.99 0.259000   1.240 0.000  0.656 0.000   0.584 0.000 0.004 0.000  0.060 0.000
237.416667 238.416667 999.99 0.456 99.99 0.456 9.999 0.456000 9.99 0.456000 0.025 0.000 9.999 0.999 99.999 0.999 99.99 0.456000   3.221 0.000 99.999 0.999 999.999 0.456 9.999 0.456  0.130 0.000
240.416667 241.416667 999.99 0.456 99.99 0.456 9.999 0.456000 9.99 0.456000 0.025 0.000 9.999 0.999 99.999 0.999 99.99 0.456000   3.018 0.000 99.999 0.999 999.999 0.456 9.999 0.456  0.125 0.000
243.416667 244.416667 999.99 0.456 99.99 0.456 9.999 0.456000 9.99 0.456000 0.021 0.000 9.999 0.999 99.999 0.999 99.99 0.456000   2.504 0.000 99.999 0.999 999.999 0.456 9.999 0.456  0.124 0.000
