scripts/IMPROVE-2019_partial/data/US0018U.20070103080000.20191216000000.filterpack...1y.3d.US03L_filterpack_US0018.US03L_IMPROVE_Davis.lev2.nas
52 1001
MISSING INFORMATION
US03L, IMPROVE, , , , , , , 
MISSING INFORMATION
IMPROVE sel_HTAP
1 1
2007 01 01 2019 12 16
3.000000
days from file reference point
5
1 1 1 1 1
999.999999 9999.999 9.999 9999.999 9.999
end_time of measurement, days from the file reference point
pm10_mass, ug/m3, Matrix=pm10
numflag pm10_mass, no unit, Matrix=pm10
pm25_mass, ug/m3, Matrix=pm25
numflag pm25_mass, no unit, Matrix=pm25
0
33
Data definition:              EBAS_1.1
Set type code:                TU
Timezone:                     UTC
File name:                    US0018U.20070103080000.20191216000000.filterpack...1y.3d.US03L_filterpack_US0018.US03L_IMPROVE_Davis.lev2.nas
File creation:                20191218115634
Startdate:                    20070103080000
Revision date:                20191216000000
Version:                      2
Version description:          "Data extracted from http://views.cira.colostate.edu/fed/DataWizard 2019-12-16"
Statistics:                   arithmetic mean
Data level:                   2
Period code:                  1y
Resolution code:              3d
Sample duration:              1d
Orig. time res.:              3d
Station code:                 US0018U
Platform code:                US0018S
Station name:                 Fresno
Station latitude:             36.7818
Station longitude:            -119.7732
Station altitude:             100.0 m
Regime:                       IMG
Component:                    
Unit:                         ug/m3
Matrix:                       
Laboratory code:              US03L
Instrument type:              filterpack
Instrument name:              filterpack_US0018
Method ref:                   US03L_IMPROVE_Davis
Blank correction:             Blank corrected
Volume std. temperature:      ambient
Volume std. pressure:         ambient
starttime endtime PM10 flag_PM10 PM2.5 flag_PM2.5
  2.333333   3.333333 9999.999 0.699   44.413 0.659
  5.333333   6.333333 9999.999 0.456   28.859 0.000
  8.333333   9.333333 9999.999 0.699 9999.999 0.699
 11.333333  12.333333   42.969 0.659   28.546 0.000
 14.333333  15.333333 9999.999 0.699   45.259 0.000
 17.333333  18.333333   68.562 0.659 9999.999 0.456
 20.333333  21.333333 9999.999 0.699 9999.999 0.699
 23.333333  24.333333 9999.999 0.699 9999.999 0.456
 26.333333  27.333333 9999.999 0.456 9999.999 0.456
 29.333333  30.333333   57.057 0.659 9999.999 0.456
 32.333333  33.333333   46.919 0.000   33.995 0.000
 35.333333  36.333333   68.546 0.000   48.128 0.000
 38.333333  39.333333   52.293 0.000   38.377 0.000
 41.333333  42.333333    5.597 0.000    3.208 0.000
 44.333333  45.333333   28.548 0.000   20.724 0.000
 47.333333  48.333333   41.072 0.000   30.457 0.000
 50.333333  51.333333   23.289 0.000   11.730 0.000
 53.333333  54.333333    5.548 0.000    3.113 0.000
 56.333333  57.333333   10.826 0.000    6.031 0.000
 59.333333  60.333333   10.794 0.000    6.580 0.000
 62.333333  63.333333   18.423 0.000   10.649 0.000
 65.333333  66.333333   24.078 0.000    9.869 0.000
 68.333333  69.333333   21.430 0.000   10.397 0.000
 71.333333  72.333333   30.195 0.000   11.785 0.000
 74.333333  75.333333   31.419 0.000   10.496 0.000
 77.333333  78.333333   21.209 0.000    5.483 0.000
 80.333333  81.333333   26.321 0.000   14.252 0.000
 83.333333  84.333333   10.357 0.000    3.604 0.000
 86.333333  87.333333   14.022 0.000    6.294 0.000
 89.333333  90.333333   22.529 0.000    8.939 0.000
 92.333333  93.333333   24.439 0.000    8.019 0.000
 95.333333  96.333333   38.981 0.000   11.959 0.000
 98.333333  99.333333   19.663 0.000    4.093 0.000
101.333333 102.333333   23.681 0.000    3.849 0.000
104.333333 105.333333    9.726 0.000    5.566 0.000
107.333333 108.333333   11.851 0.000    2.924 0.000
110.333333 111.333333   20.819 0.000    8.938 0.000
113.333333 114.333333   19.793 0.000    9.113 0.000
116.333333 117.333333   37.055 0.000   15.291 0.000
119.333333 120.333333   30.508 0.000    9.827 0.000
122.333333 123.333333   15.885 0.000    4.410 0.000
125.333333 126.333333   22.205 0.000    7.104 0.000
128.333333 129.333333   35.423 0.000   10.603 0.000
131.333333 132.333333   30.692 0.000    8.990 0.000
134.333333 135.333333   43.757 0.000   12.708 0.000
137.333333 138.333333   34.169 0.000    6.825 0.000
140.333333 141.333333   36.319 0.000    5.309 0.000
143.333333 144.333333   52.832 0.000   10.574 0.000
146.333333 147.333333   24.669 0.000    7.460 0.000
149.333333 150.333333   43.605 0.000    9.624 0.000
152.333333 153.333333   27.789 0.000    9.414 0.000
155.333333 156.333333   24.215 0.000    3.309 0.000
158.333333 159.333333   30.198 0.000    6.246 0.000
161.333333 162.333333   24.295 0.000    6.483 0.000
164.333333 165.333333   53.688 0.000   12.302 0.000
167.333333 168.333333   24.573 0.000    8.703 0.000
170.333333 171.333333   41.205 0.000   10.645 0.000
173.333333 174.333333   24.544 0.000    6.225 0.000
176.333333 177.333333   39.225 0.000   10.021 0.000
179.333333 180.333333   25.340 0.000    4.702 0.000
182.333333 183.333333   25.135 0.000    4.788 0.000
185.333333 186.333333  144.399 0.659  113.377 0.659
188.333333 189.333333   25.336 0.000    9.056 0.000
191.333333 192.333333   38.377 0.000    8.007 0.000
194.333333 195.333333   20.154 0.000    5.281 0.000
197.333333 198.333333   21.419 0.000    3.979 0.000
200.333333 201.333333   29.457 0.000    4.642 0.000
203.333333 204.333333   20.082 0.000    4.456 0.000
206.333333 207.333333   33.227 0.000    7.563 0.000
209.333333 210.333333   14.805 0.000    3.708 0.000
212.333333 213.333333   43.437 0.000   10.320 0.000
215.333333 216.333333   28.828 0.000    8.053 0.000
218.333333 219.333333   23.322 0.000    5.460 0.000
221.333333 222.333333   36.797 0.000    7.776 0.000
224.333333 225.333333   30.871 0.000    6.646 0.000
227.333333 228.333333   37.804 0.000    4.664 0.000
230.333333 231.333333   23.278 0.000    4.979 0.000
233.333333 234.333333   44.230 0.000    8.182 0.000
236.333333 237.333333   44.548 0.000   10.213 0.000
239.333333 240.333333   45.180 0.000    9.428 0.000
242.333333 243.333333   37.669 0.000   10.347 0.000
245.333333 246.333333   27.886 0.000    5.171 0.000
248.333333 249.333333 9999.999 0.999   41.852 0.000
251.333333 252.333333   46.879 0.000   17.611 0.000
254.333333 255.333333   68.125 0.000   13.204 0.000
257.333333 258.333333   24.315 0.000    5.265 0.000
260.333333 261.333333   46.575 0.000   10.093 0.000
263.333333 264.333333   45.825 0.000    7.716 0.000
266.333333 267.333333   20.032 0.000    6.427 0.000
269.333333 270.333333   37.530 0.000    9.947 0.000
272.333333 273.333333   32.529 0.000    7.844 0.000
275.333333 276.333333   47.705 0.000   10.031 0.000
278.333333 279.333333   21.609 0.000    6.596 0.000
281.333333 282.333333   45.530 0.000    7.311 0.000
284.333333 285.333333 9999.999 0.456   14.055 0.000
287.333333 288.333333   26.542 0.000   16.210 0.000
290.333333 291.333333   25.476 0.000    9.072 0.000
293.333333 294.333333   21.063 0.000    7.475 0.000
296.333333 297.333333 9999.999 0.999 9999.999 0.999
299.333333 300.333333 9999.999 0.999 9999.999 0.999
302.333333 303.333333 9999.999 0.999 9999.999 0.999
305.333333 306.333333   57.555 0.000 9999.999 0.456
308.333333 309.333333   27.675 0.000   25.926 0.000
311.333333 312.333333   91.788 0.000   48.565 0.000
314.333333 315.333333   29.579 0.000   20.726 0.000
317.333333 318.333333   46.615 0.000   30.019 0.000
320.333333 321.333333   38.545 0.000   23.774 0.000
323.333333 324.333333   24.998 0.000   11.575 0.000
326.333333 327.333333   54.504 0.000   32.763 0.659
329.333333 330.333333   78.478 0.000   41.651 0.659
332.333333 333.333333   87.938 0.000   60.804 0.659
335.333333 336.333333   29.358 0.000   16.355 0.000
338.333333 339.333333   38.426 0.000   25.516 0.000
341.333333 342.333333   20.437 0.000   15.236 0.000
344.333333 345.333333   64.713 0.659 9999.999 0.699
347.333333 348.333333   53.540 0.659 9999.999 0.699
350.333333 351.333333   30.852 0.000   22.133 0.000
353.333333 354.333333   11.990 0.000    7.838 0.000
356.333333 357.333333   58.456 0.659   48.300 0.659
359.333333 360.333333   33.494 0.000   26.507 0.000
362.333333 363.333333   38.215 0.000   30.474 0.000
