scripts/IMPROVE-2019_partial/data/US0058R.20110103060000.20191216000000.filterpack...1y.3d.US03L_filterpack_US0058.US03L_IMPROVE_Davis.lev2.nas
52 1001
MISSING INFORMATION
US03L, IMPROVE, , , , , , , 
MISSING INFORMATION
IMPROVE sel_HTAP
1 1
2011 01 01 2019 12 16
3.00
days from file reference point
5
1 1 1 1 1
999.99 999.999 9.999 999.999 9.999
end_time of measurement, days from the file reference point
pm10_mass, ug/m3, Matrix=pm10
numflag pm10_mass, no unit, Matrix=pm10
pm25_mass, ug/m3, Matrix=pm25
numflag pm25_mass, no unit, Matrix=pm25
0
33
Data definition:              EBAS_1.1
Set type code:                TU
Timezone:                     UTC
File name:                    US0058R.20110103060000.20191216000000.filterpack...1y.3d.US03L_filterpack_US0058.US03L_IMPROVE_Davis.lev2.nas
File creation:                20191218115904
Startdate:                    20110103060000
Revision date:                20191216000000
Version:                      2
Version description:          "Data extracted from http://views.cira.colostate.edu/fed/DataWizard 2019-12-16"
Statistics:                   arithmetic mean
Data level:                   2
Period code:                  1y
Resolution code:              3d
Sample duration:              1d
Orig. time res.:              3d
Station code:                 US0058R
Platform code:                US0058S
Station name:                 Lostwood
Station latitude:             48.6419
Station longitude:            -102.4022
Station altitude:             696.0 m
Regime:                       IMG
Component:                    
Unit:                         ug/m3
Matrix:                       
Laboratory code:              US03L
Instrument type:              filterpack
Instrument name:              filterpack_US0058
Method ref:                   US03L_IMPROVE_Davis
Blank correction:             Blank corrected
Volume std. temperature:      ambient
Volume std. pressure:         ambient
starttime endtime PM10 flag_PM10 PM2.5 flag_PM2.5
  2.25   3.25  16.349 0.000   4.352 0.000
  5.25   6.25   4.598 0.000   3.129 0.000
  8.25   9.25   7.364 0.000   2.980 0.000
 11.25  12.25  11.649 0.000   8.484 0.000
 14.25  15.25   2.647 0.000   1.945 0.000
 17.25  18.25   2.536 0.000   2.248 0.000
 20.25  21.25   4.951 0.000   3.393 0.000
 23.25  24.25   3.861 0.000   2.830 0.000
 26.25  27.25   5.650 0.000   3.998 0.000
 29.25  30.25   8.216 0.000   2.436 0.000
 32.25  33.25   6.446 0.000   3.005 0.000
 35.25  36.25   2.914 0.000   2.347 0.000
 38.25  39.25   6.100 0.000   3.576 0.000
 41.25  42.25   1.995 0.000   1.599 0.000
 44.25  45.25   2.717 0.000   1.210 0.000
 47.25  48.25   6.529 0.000   3.195 0.000
 50.25  51.25   6.059 0.000   4.470 0.000
 53.25  54.25   7.348 0.000   4.887 0.000
 56.25  57.25   9.323 0.000   4.069 0.000
 59.25  60.25  10.776 0.000   5.717 0.000
 62.25  63.25  17.868 0.000   7.025 0.000
 65.25  66.25   7.790 0.000   3.534 0.000
 68.25  69.25  17.170 0.000   7.632 0.000
 71.25  72.25   9.148 0.000  10.371 0.000
 74.25  75.25   3.822 0.000   1.996 0.000
 77.25  78.25   5.812 0.000   4.263 0.000
 80.25  81.25   1.666 0.000   1.576 0.000
 83.25  84.25   7.701 0.000   6.445 0.000
 86.25  87.25  10.373 0.000   7.865 0.000
 89.25  90.25   6.070 0.000   3.625 0.000
 92.25  93.25   2.287 0.000   1.750 0.000
 95.25  96.25   3.868 0.000   1.599 0.000
 98.25  99.25   3.687 0.000   3.019 0.000
101.25 102.25   5.957 0.000   1.647 0.000
104.25 105.25 999.999 0.999 999.999 0.999
107.25 108.25 999.999 0.999 999.999 0.999
110.25 111.25 999.999 0.999 999.999 0.999
113.25 114.25 999.999 0.999 999.999 0.999
116.25 117.25 999.999 0.999 999.999 0.999
119.25 120.25 999.999 0.999 999.999 0.999
122.25 123.25 999.999 0.999 999.999 0.999
125.25 126.25 999.999 0.999 999.999 0.999
128.25 129.25 999.999 0.999 999.999 0.999
131.25 132.25   3.059 0.000   1.525 0.000
134.25 135.25   6.327 0.000   3.172 0.000
137.25 138.25 999.999 0.456   6.126 0.000
140.25 141.25 999.999 0.456   1.764 0.000
143.25 144.25 999.999 0.456 999.999 0.456
146.25 147.25 999.999 0.456 999.999 0.456
149.25 150.25 999.999 0.456 999.999 0.456
152.25 153.25  22.233 0.000   7.300 0.000
155.25 156.25  19.881 0.000   6.894 0.000
158.25 159.25   8.694 0.000   5.335 0.000
161.25 162.25  17.055 0.000   4.852 0.000
164.25 165.25   7.734 0.000   2.740 0.000
167.25 168.25 999.999 0.999 999.999 0.999
170.25 171.25   8.118 0.000 999.999 0.999
173.25 174.25  16.342 0.000   6.618 0.000
176.25 177.25  10.687 0.000   3.403 0.000
179.25 180.25 999.999 0.999 999.999 0.999
182.25 183.25  17.081 0.000   4.162 0.000
185.25 186.25  20.220 0.000   4.144 0.000
188.25 189.25  13.455 0.000   5.202 0.000
191.25 192.25  23.212 0.000   3.837 0.000
194.25 195.25  15.458 0.000   7.348 0.000
197.25 198.25   9.384 0.000   4.480 0.000
200.25 201.25  39.078 0.000   8.765 0.000
203.25 204.25   8.929 0.000   4.474 0.000
206.25 207.25  10.639 0.000   5.700 0.000
209.25 210.25  26.040 0.000   7.206 0.000
212.25 213.25  24.379 0.000   9.049 0.000
215.25 216.25  22.291 0.000   6.267 0.000
218.25 219.25  14.451 0.000   5.651 0.000
221.25 222.25  14.318 0.000   5.532 0.000
224.25 225.25  11.785 0.000   4.843 0.000
227.25 228.25  13.227 0.000   3.200 0.000
230.25 231.25  18.509 0.000   3.578 0.000
233.25 234.25  24.136 0.000   5.457 0.000
236.25 237.25  38.592 0.000   8.082 0.000
239.25 240.25  12.976 0.000   4.839 0.000
242.25 243.25  21.467 0.000   9.867 0.000
245.25 246.25   7.475 0.000   2.374 0.000
248.25 249.25  30.901 0.000   7.692 0.000
251.25 252.25  31.288 0.000   8.412 0.000
254.25 255.25  21.444 0.000   5.377 0.000
257.25 258.25  35.785 0.000   4.675 0.000
260.25 261.25  10.340 0.000   3.268 0.000
263.25 264.25   5.992 0.000   2.434 0.000
266.25 267.25  16.728 0.000   4.610 0.000
269.25 270.25  29.650 0.000   6.345 0.000
272.25 273.25  34.115 0.000   6.303 0.000
275.25 276.25  43.962 0.000  12.040 0.000
278.25 279.25  47.274 0.000  10.534 0.000
281.25 282.25   6.674 0.000   2.503 0.000
284.25 285.25 999.999 0.999 999.999 0.999
287.25 288.25   3.986 0.000   1.878 0.000
290.25 291.25  13.388 0.000   5.409 0.000
293.25 294.25  19.225 0.000   6.200 0.000
296.25 297.25   6.197 0.000   2.752 0.000
299.25 300.25   5.638 0.000   2.714 0.000
302.25 303.25   3.792 0.000   1.407 0.000
305.25 306.25  11.716 0.000   2.671 0.000
308.25 309.25  30.135 0.000  11.340 0.000
311.25 312.25   9.036 0.000   4.047 0.000
314.25 315.25  17.729 0.000   4.534 0.000
317.25 318.25   3.980 0.000   0.976 0.000
320.25 321.25  12.377 0.000   4.500 0.000
323.25 324.25   5.873 0.000   3.123 0.000
326.25 327.25  14.093 0.000   2.802 0.000
329.25 330.25   5.556 0.000   1.814 0.000
332.25 333.25  14.970 0.000   2.513 0.000
335.25 336.25   5.128 0.000   1.766 0.000
338.25 339.25   7.402 0.000   2.403 0.000
341.25 342.25   6.517 0.000   2.088 0.000
344.25 345.25   9.761 0.000   5.901 0.000
347.25 348.25  10.428 0.000   7.080 0.000
350.25 351.25   4.989 0.000   2.168 0.000
353.25 354.25   7.747 0.000   1.347 0.000
356.25 357.25   8.466 0.000   1.666 0.000
359.25 360.25   7.053 0.000   1.344 0.000
362.25 363.25   6.962 0.000   5.951 0.000
