scripts/IMPROVE-2019_partial/data/US0079R.20060102070000.20191216000000.filterpack..pm25.52w.1w.US03L_filterpack_US0079.US03L_IMPROVE_Davis.lev2.nas
64 1001
MISSING INFORMATION
US03L, IMPROVE, , , , , , , 
MISSING INFORMATION
IMPROVE sel_HTAP
1 1
2006 01 01 2019 12 16
3.000000
days from file reference point
25
1 1 1 1 1 1 1 1 1 1 1 1 1 1 1 1 1 1 1 1 1 1 1 1 1
999.999999 9999.99 9.999 99.99 9.999 9.999 9.999999 9.99 9.999999 9.999 9.999 99.999 9.999 99.999 9.999 999.999 9.999 999.999 9.999 99.999 9.999 9.999 9.999 9.999 9.999
end_time of measurement, days from the file reference point
iron, ng/m3, Revision date=20181210133000
numflag iron, no unit, Revision date=20181210133000
lead, ng/m3, Revision date=20181210133000
numflag lead, no unit, Revision date=20181210133000
magnesium, ug/m3, Revision date=20181210133000
numflag magnesium, no unit, Revision date=20181210133000
nickel, ng/m3, Revision date=20181210133000
numflag nickel, no unit, Revision date=20181210133000
nitrate, ug N/m3, Revision date=20181210133000
numflag nitrate, no unit, Revision date=20181210133000
organic_carbon, ug C/m3, Revision date=20181210133000
numflag organic_carbon, no unit, Revision date=20181210133000
organic_mass, ug/m3, Revision date=20181210133000
numflag organic_mass, no unit, Revision date=20181210133000
pm10_mass, ug/m3, Version=2, Version description=Data extracted from http://views.cira.colostate.edu/fed/DataWizard 2019-12-16, Sample duration=1d, Orig. time res.=3d, Matrix=pm10, Blank correction=Blank corrected, Volume std. temperature=ambient, Volume std. pressure=ambient
numflag pm10_mass, no unit, Version=2, Version description=Data extracted from http://views.cira.colostate.edu/fed/DataWizard 2019-12-16, Sample duration=1d, Orig. time res.=3d, Matrix=pm10, Blank correction=Blank corrected, Volume std. temperature=ambient, Volume std. pressure=ambient
pm10_pm25_mass, ug/m3, Revision date=20181210133000, Matrix=pm10_pm25
numflag pm10_pm25_mass, no unit, Revision date=20181210133000, Matrix=pm10_pm25
pm25_mass, ug/m3, Version=2, Version description=Data extracted from http://views.cira.colostate.edu/fed/DataWizard 2019-12-16, Sample duration=1d, Orig. time res.=3d, Blank correction=Blank corrected, Volume std. temperature=ambient, Volume std. pressure=ambient
numflag pm25_mass, no unit, Version=2, Version description=Data extracted from http://views.cira.colostate.edu/fed/DataWizard 2019-12-16, Sample duration=1d, Orig. time res.=3d, Blank correction=Blank corrected, Volume std. temperature=ambient, Volume std. pressure=ambient
potassium, ug/m3, Revision date=20181210133000
numflag potassium, no unit, Revision date=20181210133000
sulphate_total, ug S/m3, Revision date=20181210133000
numflag sulphate_total, no unit, Revision date=20181210133000
0
25
Data definition:              EBAS_1.1
Set type code:                TU
Timezone:                     UTC
File name:                    US0079R.20060102070000.20191216000000.filterpack..pm25.52w.1w.US03L_filterpack_US0079.US03L_IMPROVE_Davis.lev2.nas
File creation:                20191218120046
Startdate:                    20060102070000
Revision date:                20191216000000
Statistics:                   arithmetic mean
Data level:                   2
Period code:                  52w
Resolution code:              1w
Station code:                 US0079R
Platform code:                US0079S
Station name:                 Capitol Reef NP
Station latitude:             38.3022
Station longitude:            -111.2926
Station altitude:             1896.0 m
Regime:                       IMG
Component:                    
Matrix:                       pm25
Laboratory code:              US03L
Instrument type:              filterpack
Instrument name:              filterpack_US0079
Method ref:                   US03L_IMPROVE_Davis
starttime endtime Fe flag_Fe Pb flag_Pb Mg++ flag_Mg++ Ni flag_Ni NO3- flag_NO3- OC flag_OC OM flag_OM PM10 flag_PM10 PM10-PM2.5 flag_PM10-PM2.5 PM2.5 flag_PM2.5 K+ flag_K+ SO4-- flag_SO4--
[from data line 89]
268.291667 269.291667   15.35 0.000  0.34 0.000 9.999 0.259000 0.09 0.000000 0.007 0.559  0.325 0.000  0.585 0.000   4.172 0.000   2.436 0.000  1.736 0.000 0.016 0.000 0.107 0.559
271.291667 272.291667 9999.99 0.999 99.99 0.999 9.999 0.999000 9.99 0.999000 9.999 0.999 99.999 0.999 99.999 0.999 999.999 0.999 999.999 0.999 99.999 0.999 9.999 0.999 9.999 0.999
274.291667 275.291667 9999.99 0.999 99.99 0.999 9.999 0.999000 9.99 0.999000 9.999 0.999 99.999 0.999 99.999 0.999 999.999 0.999 999.999 0.999 99.999 0.999 9.999 0.999 9.999 0.999
277.291667 278.291667   19.72 0.000  0.39 0.000 9.999 0.259000 9.99 0.259000 0.031 0.000  0.456 0.000  0.820 0.000   3.268 0.000   0.914 0.000  2.354 0.000 0.014 0.000 0.186 0.000
280.291667 281.291667   29.11 0.000  0.48 0.000 9.999 0.259000 9.99 0.259000 0.033 0.000  0.677 0.000  1.219 0.000   4.770 0.000   2.142 0.000  2.628 0.000 0.021 0.000 0.174 0.000
283.291667 284.291667   17.67 0.000  0.52 0.000 0.008 0.000000 9.99 0.259000 0.035 0.000  0.661 0.000  1.190 0.000   4.128 0.000   1.649 0.000  2.479 0.000 0.019 0.000 0.187 0.000
286.291667 287.291667   14.59 0.000  0.62 0.000 0.009 0.000000 9.99 0.259000 0.019 0.000  0.539 0.000  0.970 0.000   2.039 0.000   0.301 0.000  1.738 0.000 0.012 0.000 0.109 0.000
289.291667 290.291667    4.45 0.394  0.21 0.394 9.999 0.394259 9.99 0.394259 0.007 0.394  0.137 0.394  0.247 0.394   0.804 0.000   0.104 0.394  0.700 0.000 0.008 0.394 0.073 0.394
292.291667 293.291667    9.22 0.000  0.32 0.000 0.006 0.000000 9.99 0.259000 0.003 0.000  0.183 0.000  0.329 0.000   3.295 0.000   2.478 0.000  0.818 0.000 0.008 0.000 0.099 0.000
295.291667 296.291667   13.90 0.000  0.77 0.000 9.999 0.259000 9.99 0.259000 0.014 0.000  0.362 0.000  0.651 0.000   2.656 0.000   1.266 0.000  1.391 0.000 0.012 0.000 0.096 0.000
298.291667 299.291667    7.63 0.000  0.45 0.000 9.999 0.259000 9.99 0.259000 0.018 0.000  0.201 0.000  0.361 0.000   2.028 0.000   1.031 0.000  0.998 0.000 0.009 0.000 0.081 0.000
301.291667 302.291667   10.40 0.000  0.38 0.000 0.011 0.000000 9.99 0.259000 0.017 0.000  0.434 0.000  0.781 0.000   2.858 0.000   0.905 0.000  1.953 0.000 0.012 0.000 0.182 0.000
304.291667 305.291667   29.57 0.000  0.96 0.000 0.013 0.000000 9.99 0.259000 0.067 0.000  0.726 0.000  1.306 0.000   5.716 0.000   2.785 0.000  2.931 0.000 0.031 0.000 0.158 0.000
307.291667 308.291667   23.05 0.000  0.92 0.000 0.008 0.000000 9.99 0.259000 0.075 0.000  0.674 0.000  1.212 0.000   5.346 0.000   2.567 0.000  2.779 0.000 0.025 0.000 0.175 0.000
310.291667 311.291667    5.96 0.000  0.39 0.000 9.999 0.259000 9.99 0.259000 0.004 0.000  0.216 0.000  0.388 0.000   1.620 0.000   0.714 0.000  0.906 0.000 0.006 0.000 0.048 0.000
313.291667 314.291667    6.39 0.000  0.18 0.000 9.999 0.259000 9.99 0.259000 0.008 0.559  0.212 0.000  0.381 0.000   2.077 0.000   1.132 0.000  0.945 0.000 0.007 0.000 0.054 0.559
316.291667 317.291667    5.43 0.000  0.32 0.000 9.999 0.259000 9.99 0.259000 0.007 0.000  0.265 0.000  0.477 0.000   1.994 0.000   0.831 0.000  1.163 0.000 0.007 0.000 0.122 0.000
319.291667 320.291667   16.54 0.000  1.92 0.000 9.999 0.259000 9.99 0.259000 0.021 0.000  0.491 0.000  0.883 0.000   4.051 0.000   1.326 0.000  2.725 0.000 0.030 0.000 0.320 0.000
322.291667 323.291667    9.52 0.000  0.61 0.000 9.999 0.259000 9.99 0.259000 0.029 0.000  0.491 0.000  0.883 0.000   3.177 0.000   1.365 0.000  1.812 0.000 0.014 0.000 0.108 0.000
325.291667 326.291667   37.47 0.000  0.86 0.000 9.999 0.259000 9.99 0.259000 0.030 0.559  0.831 0.000  1.495 0.000   8.023 0.000   4.082 0.000  3.941 0.000 0.034 0.000 0.247 0.559
328.291667 329.291667   25.02 0.000  0.69 0.000 9.999 0.259000 9.99 0.259000 0.053 0.559  0.321 0.000  0.577 0.000   6.410 0.000   3.609 0.000  2.802 0.000 0.022 0.000 0.197 0.559
331.291667 332.291667    6.60 0.000  0.15 0.000 9.999 0.259000 0.09 0.000000 0.011 0.000  0.107 0.000  0.193 0.000   2.094 0.000   1.197 0.000  0.898 0.000 0.005 0.000 0.041 0.000
334.291667 335.291667    6.51 0.000  0.43 0.000 9.999 0.259000 9.99 0.259000 0.102 0.559  0.419 0.000  0.753 0.000   2.781 0.000   0.795 0.000  1.987 0.000 0.009 0.000 0.091 0.559
337.291667 338.291667    5.45 0.000  0.55 0.000 9.999 0.259000 9.99 0.259000 0.103 0.559  0.528 0.000  0.951 0.000   3.633 0.000   1.117 0.000  2.517 0.000 0.011 0.000 0.135 0.559
340.291667 341.291667   11.01 0.000  0.71 0.000 0.011 0.000000 9.99 0.259000 0.033 0.559  0.374 0.000  0.673 0.000   3.425 0.000   1.671 0.000  1.754 0.000 0.011 0.000 0.090 0.559
343.291667 344.291667   15.62 0.000  0.73 0.000 0.010 0.000000 9.99 0.259000 0.318 0.000  0.762 0.000  1.372 0.000   6.925 0.000   2.224 0.000  4.700 0.000 0.016 0.000 0.142 0.000
346.291667 347.291667    4.75 0.000  0.26 0.000 9.999 0.259000 9.99 0.259000 0.029 0.000  0.530 0.000  0.955 0.000 999.999 0.456 999.999 0.999  1.185 0.000 0.006 0.000 0.064 0.000
349.291667 350.291667   13.04 0.000  0.44 0.000 0.016 0.000000 9.99 0.259000 0.049 0.000  0.217 0.000  0.391 0.000 999.999 0.456 999.999 0.999  1.142 0.000 0.012 0.000 0.067 0.000
352.291667 353.291667    8.05 0.000  0.28 0.000 9.999 0.259000 9.99 0.259000 0.054 0.000  0.192 0.000  0.345 0.000   2.211 0.000   0.710 0.000  1.502 0.000 0.006 0.000 0.149 0.000
355.291667 356.291667    3.62 0.000  0.46 0.000 0.014 0.000000 9.99 0.259000 0.083 0.000 99.999 0.456 99.999 0.456   2.616 0.000   1.129 0.000  1.487 0.000 0.005 0.000 0.099 0.000
358.291667 359.291667    1.86 0.000  0.27 0.000 9.999 0.259000 9.99 0.259000 0.036 0.000 99.999 0.456 99.999 0.456   1.287 0.000   0.403 0.000  0.884 0.000 0.003 0.000 0.047 0.000
361.291667 362.291667    6.75 0.000  0.35 0.000 0.006 0.000000 9.99 0.259000 0.239 0.000  0.400 0.000  0.719 0.000   3.385 0.000   0.347 0.000  3.038 0.000 0.005 0.000 0.294 0.000
364.291667 365.291667    2.36 0.000  0.45 0.000 9.999 0.259000 0.12 0.000000 0.024 0.000  0.262 0.000  0.471 0.000   1.463 0.000   0.301 0.000  1.162 0.000 0.005 0.000 0.106 0.000
