scripts/IMPROVE-2019_partial/data/US0051R.20050101060000.20191216000000.filterpack..pm25.52w.1w.US03L_filterpack_US0051.US03L_IMPROVE_Davis.lev2.nas
66 1001
MISSING INFORMATION
US03L, IMPROVE, , , , , , , 
MISSING INFORMATION
IMPROVE sel_HTAP
1 1
2005 01 01 2019 12 16
3.00
days from file reference point
27
1 1 1 1 1 1 1 1 1 1 1 1 1 1 1 1 1 1 1 1 1 1 1 1 1 1 1
999.99 9999.99 9.999 999.99 9.999 9.999 9.999999 9.99 9.999 99.999 9.999 99.999 9.999 99.999 9.999 9999.99 9.999999 999.999 9.999 999.999 9.999 999.999 9.999 9.999 9.999 99.999 9.999
end_time of measurement, days from the file reference point
iron, ng/m3, Revision date=20181210133000
numflag iron, no unit, Revision date=20181210133000
lead, ng/m3, Revision date=20181210133000
numflag lead, no unit, Revision date=20181210133000
magnesium, ug/m3, Revision date=20181210133000
numflag magnesium, no unit, Revision date=20181210133000
nickel, ng/m3, Revision date=20181210133000
numflag nickel, no unit, Revision date=20181210133000
nitrate, ug N/m3, Revision date=20181210133000
numflag nitrate, no unit, Revision date=20181210133000
organic_carbon, ug C/m3, Revision date=20181210133000
numflag organic_carbon, no unit, Revision date=20181210133000
organic_mass, ug/m3, Revision date=20181210133000
numflag organic_mass, no unit, Revision date=20181210133000
phosphorus, ng/m3, Revision date=20181210133000
numflag phosphorus, no unit, Revision date=20181210133000
pm10_mass, ug/m3, Version=2, Version description=Data extracted from http://views.cira.colostate.edu/fed/DataWizard 2019-12-16, Sample duration=1d, Orig. time res.=3d, Matrix=pm10, Blank correction=Blank corrected, Volume std. temperature=ambient, Volume std. pressure=ambient
numflag pm10_mass, no unit, Version=2, Version description=Data extracted from http://views.cira.colostate.edu/fed/DataWizard 2019-12-16, Sample duration=1d, Orig. time res.=3d, Matrix=pm10, Blank correction=Blank corrected, Volume std. temperature=ambient, Volume std. pressure=ambient
pm10_pm25_mass, ug/m3, Revision date=20181210133000, Matrix=pm10_pm25
numflag pm10_pm25_mass, no unit, Revision date=20181210133000, Matrix=pm10_pm25
pm25_mass, ug/m3, Version=2, Version description=Data extracted from http://views.cira.colostate.edu/fed/DataWizard 2019-12-16, Sample duration=1d, Orig. time res.=3d, Blank correction=Blank corrected, Volume std. temperature=ambient, Volume std. pressure=ambient
numflag pm25_mass, no unit, Version=2, Version description=Data extracted from http://views.cira.colostate.edu/fed/DataWizard 2019-12-16, Sample duration=1d, Orig. time res.=3d, Blank correction=Blank corrected, Volume std. temperature=ambient, Volume std. pressure=ambient
potassium, ug/m3, Revision date=20181210133000
numflag potassium, no unit, Revision date=20181210133000
sulphate_total, ug S/m3, Revision date=20181210133000
numflag sulphate_total, no unit, Revision date=20181210133000
0
25
Data definition:              EBAS_1.1
Set type code:                TU
Timezone:                     UTC
File name:                    US0051R.20050101060000.20191216000000.filterpack..pm25.52w.1w.US03L_filterpack_US0051.US03L_IMPROVE_Davis.lev2.nas
File creation:                20191218115830
Startdate:                    20050101060000
Revision date:                20191216000000
Statistics:                   arithmetic mean
Data level:                   2
Period code:                  52w
Resolution code:              1w
Station code:                 US0051R
Platform code:                US0051S
Station name:                 El Dorado Springs
Station latitude:             37.7009
Station longitude:            -94.0348
Station altitude:             297.0 m
Regime:                       IMG
Component:                    
Matrix:                       pm25
Laboratory code:              US03L
Instrument type:              filterpack
Instrument name:              filterpack_US0051
Method ref:                   US03L_IMPROVE_Davis
starttime endtime Fe flag_Fe Pb flag_Pb Mg++ flag_Mg++ Ni flag_Ni NO3- flag_NO3- OC flag_OC OM flag_OM P flag_P PM10 flag_PM10 PM10-PM2.5 flag_PM10-PM2.5 PM2.5 flag_PM2.5 K+ flag_K+ SO4-- flag_SO4--
[from data line 85]
255.25 256.25 9999.99 0.456 999.99 0.456 9.999 0.456000 9.99 0.456 99.999 0.456 99.999 0.456 99.999 0.456 9999.99 0.456000 999.999 0.456 999.999 0.456 999.999 0.456 9.999 0.456 99.999 0.456
258.25 259.25   34.71 0.000   1.18 0.000 9.999 0.259000 0.10 0.000  0.086 0.559  0.727 0.000  1.308 0.000 9999.99 0.259000   8.559 0.000   2.273 0.000   6.285 0.000 0.022 0.000  0.912 0.559
261.25 262.25   81.92 0.000   2.11 0.000 9.999 0.259000 0.23 0.000  0.059 0.000  1.785 0.000  3.214 0.000 9999.99 0.259000  19.014 0.000   9.358 0.000   9.655 0.000 0.058 0.000  1.058 0.000
264.25 265.25   81.10 0.000   1.75 0.000 0.009 0.000000 0.32 0.000  0.082 0.000  2.199 0.000  3.958 0.000 9999.99 0.259000  33.119 0.000  18.211 0.000  14.907 0.000 0.064 0.000  1.806 0.000
267.25 268.25   31.27 0.000   1.23 0.000 9.999 0.259000 0.21 0.000  0.044 0.000  1.297 0.000  2.335 0.000 9999.99 0.259000  14.277 0.000   6.833 0.000   7.443 0.000 0.051 0.000  0.939 0.000
270.25 271.25   30.42 0.000   2.19 0.000 9.999 0.259000 9.99 0.259  0.204 0.559  1.865 0.000  3.357 0.000 9999.99 0.259000  21.548 0.000   9.023 0.000  12.524 0.000 0.040 0.000  1.731 0.559
273.25 274.25   44.17 0.000   0.84 0.000 9.999 0.259000 0.12 0.000  0.055 0.559  2.163 0.000  3.894 0.000 9999.99 0.259000  22.953 0.000  13.731 0.000   9.220 0.000 0.090 0.000  0.777 0.559
276.25 277.25   40.25 0.000   1.13 0.000 0.016 0.000000 0.35 0.000  0.069 0.559  1.642 0.000  2.955 0.000 9999.99 0.259000  24.152 0.000  14.558 0.000   9.839 0.000 0.042 0.000  1.186 0.559
279.25 280.25   31.12 0.000   1.86 0.000 9.999 0.259000 0.13 0.000  0.069 0.559  0.442 0.000  0.796 0.000 9999.99 0.259000   9.797 0.000   7.103 0.000   2.693 0.000 0.019 0.000  0.179 0.559
282.25 283.25   47.77 0.000   4.40 0.000 9.999 0.259000 9.99 0.259  0.166 0.559  1.300 0.000  2.340 0.000 9999.99 0.259000  25.693 0.000  14.563 0.000  11.127 0.000 0.047 0.000  1.522 0.559
285.25 286.25   96.51 0.000   1.10 0.000 9.999 0.259000 9.99 0.259  0.172 0.559  1.480 0.000  2.663 0.000   64.06 0.000000  36.719 0.000  28.837 0.000   7.880 0.000 0.035 0.000  0.520 0.559
288.25 289.25  112.19 0.000   2.52 0.000 9.999 0.259000 9.99 0.259  0.031 0.559  1.606 0.000  2.890 0.000   78.56 0.000000  37.556 0.000  29.011 0.000   8.545 0.000 0.063 0.000  0.515 0.559
291.25 292.25  131.82 0.000   2.20 0.000 9.999 0.259000 9.99 0.259  0.132 0.559  2.204 0.000  3.968 0.000 9999.99 0.259000  39.072 0.000  25.014 0.000  14.058 0.000 0.093 0.000  1.390 0.559
294.25 295.25   52.56 0.000   2.41 0.000 9.999 0.259000 9.99 0.259  0.255 0.559  0.866 0.000  1.558 0.000 9999.99 0.259000  12.110 0.000   7.496 0.000   4.613 0.000 0.041 0.000  0.329 0.559
297.25 298.25   23.87 0.000   2.09 0.000 9.999 0.259000 9.99 0.259  0.408 0.559  1.154 0.000  2.078 0.000 9999.99 0.259000  11.056 0.000   5.089 0.000   5.965 0.000 0.029 0.000  0.590 0.559
300.25 301.25   86.15 0.000   3.07 0.000 9.999 0.259000 9.99 0.259  0.320 0.559  3.772 0.000  6.790 0.000 9999.99 0.259000  41.827 0.000  27.859 0.000  13.967 0.000 0.133 0.000  1.025 0.559
303.25 304.25   31.80 0.000   1.70 0.000 9.999 0.259000 9.99 0.259  0.391 0.559  2.080 0.000  3.744 0.000 9999.99 0.259000  14.267 0.000   3.742 0.000  10.524 0.000 0.083 0.000  1.160 0.559
306.25 307.25   60.25 0.000   2.34 0.000 9.999 0.259000 0.15 0.000  0.038 0.559  1.406 0.000  2.531 0.000 9999.99 0.259000  17.585 0.000  10.860 0.000   6.723 0.000 0.058 0.000  0.572 0.559
309.25 310.25   72.94 0.000   2.04 0.000 9.999 0.259000 9.99 0.259  0.492 0.559  1.240 0.000  2.231 0.000 9999.99 0.259000  29.736 0.000  24.128 0.000   5.608 0.000 0.066 0.000  0.292 0.559
312.25 313.25   59.40 0.000   0.86 0.000 9.999 0.259000 9.99 0.259  0.074 0.000  1.431 0.000  2.576 0.000 9999.99 0.259000  27.545 0.000  21.964 0.000   5.582 0.000 0.060 0.000  0.358 0.000
315.25 316.25   36.71 0.000   1.26 0.000 0.012 0.000000 0.45 0.000  0.132 0.000  2.401 0.000  4.321 0.000 9999.99 0.259000  23.361 0.000  10.822 0.000  12.537 0.000 0.086 0.000  1.531 0.000
318.25 319.25    5.59 0.000   1.47 0.000 0.013 0.000000 9.99 0.259  0.180 0.559  0.600 0.000  1.080 0.000 9999.99 0.259000   6.516 0.000   3.342 0.000   3.214 0.000 0.019 0.000  0.403 0.559
321.25 322.25   41.46 0.000   1.56 0.000 9.999 0.259000 9.99 0.259  0.544 0.559  3.374 0.000  6.073 0.000 9999.99 0.259000  21.849 0.000  12.427 0.000   9.418 0.000 0.073 0.000  0.295 0.559
324.25 325.25   13.35 0.000   2.13 0.000 9.999 0.259000 0.17 0.000  0.246 0.559  1.074 0.000  1.933 0.000 9999.99 0.259000   9.701 0.000   5.922 0.000   3.777 0.000 0.026 0.000  0.307 0.559
327.25 328.25   17.37 0.000   0.40 0.000 0.012 0.000000 9.99 0.259  0.084 0.559  0.518 0.000  0.932 0.000 9999.99 0.259000  10.206 0.000   7.554 0.000   2.652 0.000 0.022 0.000  0.153 0.559
330.25 331.25   89.13 0.000   1.70 0.000 9.999 0.259000 0.26 0.000  0.150 0.000  4.006 0.000  7.211 0.000 9999.99 0.259000  33.456 0.000  20.530 0.000  12.924 0.000 0.225 0.000  0.820 0.000
333.25 334.25   36.28 0.000   0.53 0.000 9.999 0.259000 9.99 0.259  0.276 0.559  1.244 0.000  2.240 0.000 9999.99 0.259000  21.374 0.000  15.479 0.000   5.892 0.000 0.045 0.000  0.423 0.559
336.25 337.25   35.17 0.000   4.70 0.000 9.999 0.259000 9.99 0.259  0.804 0.559  1.879 0.000  3.382 0.000 9999.99 0.259000  22.913 0.000  11.491 0.000  11.419 0.000 0.065 0.000  0.559 0.559
339.25 340.25   43.78 0.000   2.34 0.000 9.999 0.259000 0.09 0.000  0.974 0.559  1.114 0.000  2.005 0.000 9999.99 0.259000  21.853 0.000   9.965 0.000  12.006 0.000 0.048 0.000  0.770 0.559
342.25 343.25   33.85 0.000   2.53 0.000 0.010 0.000000 0.49 0.000  0.793 0.559  1.764 0.000  3.176 0.000 9999.99 0.259000  22.812 0.000  12.239 0.000  10.570 0.000 0.067 0.000  0.376 0.559
345.25 346.25   21.61 0.000   1.10 0.000 0.009 0.000000 9.99 0.259  0.186 0.559  1.116 0.000  2.008 0.000 9999.99 0.259000   7.562 0.000   3.954 0.000   3.609 0.000 0.025 0.000  0.259 0.559
348.25 349.25   10.48 0.000   0.53 0.000 0.005 0.000000 9.99 0.259  0.089 0.559  0.468 0.000  0.842 0.000 9999.99 0.259000   4.734 0.000   2.865 0.000   1.869 0.000 0.015 0.000  0.172 0.559
351.25 352.25   16.72 0.000   2.81 0.000 9.999 0.259000 0.10 0.000  0.738 0.559  1.109 0.000  1.997 0.000 9999.99 0.259000  11.083 0.000   2.709 0.000   8.373 0.000 0.049 0.000  0.345 0.559
354.25 355.25   30.09 0.000   2.35 0.000 0.008 0.000000 0.36 0.000  2.176 0.559  1.455 0.000  2.619 0.000 9999.99 0.259000  35.192 0.000  14.735 0.000  20.449 0.000 0.048 0.000  1.016 0.559
357.25 358.25    8.23 0.000   0.41 0.000 0.005 0.000000 9.99 0.259  0.281 0.559  0.542 0.000  0.976 0.000 9999.99 0.259000   5.851 0.000   1.217 0.000   4.634 0.000 0.012 0.000  0.522 0.559
360.25 361.25   30.56 0.000   1.46 0.000 9.999 0.259000 0.13 0.000  0.275 0.559  1.603 0.000  2.885 0.000 9999.99 0.259000  13.858 0.000   7.811 0.000   6.092 0.000 0.065 0.000  0.304 0.559
363.25 364.25   17.28 0.000   1.30 0.000 0.010 0.000000 9.99 0.259  0.253 0.000  1.162 0.000  2.091 0.000 9999.99 0.259000   9.463 0.000   5.186 0.000   4.277 0.000 0.031 0.000  0.310 0.000
