scripts/IMPROVE-2019_partial/data/US0089R.19880302070000.20191216000000.filterpack...10mo.3d.US03L_filterpack_US0089.US03L_IMPROVE_Davis.lev2.nas
51 1001
MISSING INFORMATION
US03L, IMPROVE, , , , , , , 
MISSING INFORMATION
IMPROVE sel_HTAP
1 1
1988 01 01 2019 12 16
0
days from file reference point
4
1 1 1 1
999.999999 999.999 99.999 9.999
end_time of measurement, days from the file reference point
pm10_mass, ug/m3, Matrix=pm10
pm25_mass, ug/m3, Matrix=pm25
numflag, no unit
0
33
Data definition:              EBAS_1.1
Set type code:                TI
Timezone:                     UTC
File name:                    US0089R.19880302070000.20191216000000.filterpack...10mo.3d.US03L_filterpack_US0089.US03L_IMPROVE_Davis.lev2.nas
File creation:                20191218120124
Startdate:                    19880302070000
Revision date:                20191216000000
Version:                      2
Version description:          "Data extracted from http://views.cira.colostate.edu/fed/DataWizard 2019-12-16"
Statistics:                   arithmetic mean
Data level:                   2
Period code:                  10mo
Resolution code:              3d
Sample duration:              1d
Orig. time res.:              3d
Station code:                 US0089R
Platform code:                US0089S
Station name:                 Bridger Wilderness
Station latitude:             42.9749
Station longitude:            -109.7579
Station altitude:             2626.0 m
Regime:                       IMG
Component:                    
Unit:                         ug/m3
Matrix:                       
Laboratory code:              US03L
Instrument type:              filterpack
Instrument name:              filterpack_US0089
Method ref:                   US03L_IMPROVE_Davis
Blank correction:             Blank corrected
Volume std. temperature:      ambient
Volume std. pressure:         ambient
starttime endtime PM10 PM2.5 flag
 61.291667  62.291667 999.999  3.950 0.000
 64.291667  65.291667   2.717  2.143 0.000
 68.291667  69.291667 999.999 99.999 0.999
 71.291667  72.291667 999.999  4.101 0.000
 75.291667  76.291667 999.999 99.999 0.999
 78.291667  79.291667 999.999 99.999 0.999
 82.291667  83.291667 999.999 99.999 0.999
 85.291667  86.291667   2.239  1.886 0.000
 89.291667  90.291667 999.999 99.999 0.999
 92.291667  93.291667 999.999  3.667 0.000
 96.291667  97.291667   3.821  2.194 0.000
 99.291667 100.291667   2.357  1.355 0.000
103.291667 104.291667  12.080  7.559 0.000
106.291667 107.291667   8.905  6.254 0.000
110.291667 111.291667 999.999 99.999 0.999
113.291667 114.291667   2.355  1.377 0.000
117.291667 118.291667 999.999 99.999 0.999
120.291667 121.291667   9.026  5.928 0.000
124.291667 125.291667   5.206  3.183 0.000
127.291667 128.291667   1.573  0.675 0.000
131.291667 132.291667   3.841  2.097 0.000
134.291667 135.291667   3.841  2.078 0.000
138.291667 139.291667   3.737  2.117 0.000
141.291667 142.291667   5.196  3.029 0.000
145.291667 146.291667   7.814 99.999 0.000
148.291667 149.291667 999.999 99.999 0.999
152.291667 153.291667   3.239  1.768 0.000
155.291667 156.291667   5.669  3.301 0.000
159.291667 160.291667   5.922  2.071 0.000
162.291667 163.291667   8.597  3.666 0.000
166.291667 167.291667   4.440  2.602 0.000
169.291667 170.291667   8.207  5.268 0.000
173.291667 174.291667 999.999 99.999 0.999
176.291667 177.291667  14.604  5.020 0.000
180.291667 181.291667   4.266  2.808 0.000
183.291667 184.291667   8.028  3.810 0.000
187.291667 188.291667 999.999 99.999 0.999
190.291667 191.291667   7.536  4.244 0.000
194.291667 195.291667   5.927 99.999 0.000
197.291667 198.291667   7.971  3.133 0.000
201.291667 202.291667   7.453  3.675 0.000
204.291667 205.291667   9.789  4.373 0.000
208.291667 209.291667   8.378  5.849 0.000
211.291667 212.291667  17.838  4.434 0.000
215.291667 216.291667   4.800  2.508 0.000
218.291667 219.291667   6.600  2.730 0.000
222.291667 223.291667   7.137  3.588 0.000
225.291667 226.291667   7.725  3.658 0.000
229.291667 230.291667   9.305  3.456 0.000
232.291667 233.291667  10.579  4.497 0.000
236.291667 237.291667 999.999 99.999 0.999
239.291667 240.291667 999.999 99.999 0.999
243.291667 244.291667   9.725  7.794 0.000
246.291667 247.291667 999.999 99.999 0.999
250.291667 251.291667  23.185 99.999 0.000
253.291667 254.291667  16.996  7.424 0.000
257.291667 258.291667   7.288  4.983 0.000
260.291667 261.291667  11.897  7.527 0.000
264.291667 265.291667  12.996  4.040 0.000
267.291667 268.291667   7.965  3.805 0.000
271.291667 272.291667   3.304  2.136 0.000
274.291667 275.291667   5.185  2.941 0.000
278.291667 279.291667   5.679  2.745 0.000
281.291667 282.291667   9.835  5.387 0.000
285.291667 286.291667   7.802  4.452 0.000
288.291667 289.291667   8.983  2.745 0.000
292.291667 293.291667   2.785  1.173 0.000
295.291667 296.291667   8.397  2.517 0.000
299.291667 300.291667   8.008  2.060 0.000
302.291667 303.291667   5.466  2.724 0.000
306.291667 307.291667   6.432  2.795 0.000
309.291667 310.291667   1.189  0.881 0.000
313.291667 314.291667   2.172  0.842 0.000
316.291667 317.291667   2.579  1.404 0.000
320.291667 321.291667 999.999 99.999 0.999
323.291667 324.291667 999.999 99.999 0.999
327.291667 328.291667   2.568  1.493 0.000
330.291667 331.291667   1.255  1.058 0.000
334.291667 335.291667   1.441  0.933 0.000
337.291667 338.291667 999.999 99.999 0.259
341.291667 342.291667   1.556  1.414 0.000
344.291667 345.291667   1.459  1.044 0.000
348.291667 349.291667   2.687  1.153 0.000
351.291667 352.291667   1.278  0.441 0.000
355.291667 356.291667   3.732  1.661 0.000
358.291667 359.291667   1.388  0.459 0.000
362.291667 363.291667   1.422  0.830 0.000
365.291667 366.291667   2.749  2.430 0.000
