scripts/IMPROVE-2019_partial/data/US0092U.20020102070000.20191216000000.filterpack..pm25.52w.1w.US03L_filterpack_US0092.US03L_IMPROVE_Davis.lev2.nas
66 1001
MISSING INFORMATION
US03L, IMPROVE, , , , , , , 
MISSING INFORMATION
IMPROVE sel_HTAP
1 1
2002 01 01 2019 12 16
3.000000
days from file reference point
27
1 1 1 1 1 1 1 1 1 1 1 1 1 1 1 1 1 1 1 1 1 1 1 1 1 1 1
999.999999 9999.99 9.999 999.99 9.999 9.999 9.999 99.99 9.999999 99.999 9.999 999.999 9.999 999.999 9.999 999.99 9.999 999.999 9.999 999.999 9.999 999.999 9.999 9.999 9.999 99.999 9.999
end_time of measurement, days from the file reference point
iron, ng/m3, Revision date=20181210133000
numflag iron, no unit, Revision date=20181210133000
lead, ng/m3, Revision date=20181210133000
numflag lead, no unit, Revision date=20181210133000
magnesium, ug/m3, Revision date=20181210133000
numflag magnesium, no unit, Revision date=20181210133000
nickel, ng/m3, Revision date=20181210133000
numflag nickel, no unit, Revision date=20181210133000
nitrate, ug N/m3, Revision date=20181210133000
numflag nitrate, no unit, Revision date=20181210133000
organic_carbon, ug C/m3, Revision date=20181210133000
numflag organic_carbon, no unit, Revision date=20181210133000
organic_mass, ug/m3, Revision date=20181210133000
numflag organic_mass, no unit, Revision date=20181210133000
phosphorus, ng/m3, Revision date=20181210133000
numflag phosphorus, no unit, Revision date=20181210133000
pm10_mass, ug/m3, Version=2, Version description=Data extracted from http://views.cira.colostate.edu/fed/DataWizard 2019-12-16, Sample duration=1d, Orig. time res.=3d, Matrix=pm10, Blank correction=Blank corrected, Volume std. temperature=ambient, Volume std. pressure=ambient
numflag pm10_mass, no unit, Version=2, Version description=Data extracted from http://views.cira.colostate.edu/fed/DataWizard 2019-12-16, Sample duration=1d, Orig. time res.=3d, Matrix=pm10, Blank correction=Blank corrected, Volume std. temperature=ambient, Volume std. pressure=ambient
pm10_pm25_mass, ug/m3, Revision date=20181210133000, Matrix=pm10_pm25
numflag pm10_pm25_mass, no unit, Revision date=20181210133000, Matrix=pm10_pm25
pm25_mass, ug/m3, Version=2, Version description=Data extracted from http://views.cira.colostate.edu/fed/DataWizard 2019-12-16, Sample duration=1d, Orig. time res.=3d, Blank correction=Blank corrected, Volume std. temperature=ambient, Volume std. pressure=ambient
numflag pm25_mass, no unit, Version=2, Version description=Data extracted from http://views.cira.colostate.edu/fed/DataWizard 2019-12-16, Sample duration=1d, Orig. time res.=3d, Blank correction=Blank corrected, Volume std. temperature=ambient, Volume std. pressure=ambient
potassium, ug/m3, Revision date=20181210133000
numflag potassium, no unit, Revision date=20181210133000
sulphate_total, ug S/m3, Revision date=20181210133000
numflag sulphate_total, no unit, Revision date=20181210133000
0
25
Data definition:              EBAS_1.1
Set type code:                TU
Timezone:                     UTC
File name:                    US0092U.20020102070000.20191216000000.filterpack..pm25.52w.1w.US03L_filterpack_US0092.US03L_IMPROVE_Davis.lev2.nas
File creation:                20191218120138
Startdate:                    20020102070000
Revision date:                20191216000000
Statistics:                   arithmetic mean
Data level:                   2
Period code:                  52w
Resolution code:              1w
Station code:                 US0092U
Platform code:                US0092S
Station name:                 Phoenix
Station latitude:             33.5038
Station longitude:            -112.0958
Station altitude:             342.0 m
Regime:                       IMG
Component:                    
Matrix:                       pm25
Laboratory code:              US03L
Instrument type:              filterpack
Instrument name:              filterpack_US0092
Method ref:                   US03L_IMPROVE_Davis
starttime endtime Fe flag_Fe Pb flag_Pb Mg++ flag_Mg++ Ni flag_Ni NO3- flag_NO3- OC flag_OC OM flag_OM P flag_P PM10 flag_PM10 PM10-PM2.5 flag_PM10-PM2.5 PM2.5 flag_PM2.5 K+ flag_K+ SO4-- flag_SO4--
[from data line 82]
247.291667 248.291667  383.55 0.000   3.13 0.000 9.999 0.259  0.50 0.000000  0.117 0.000   2.790 0.000   3.906 0.000 999.99 0.259  70.389 0.000  55.629 0.000  14.761 0.000 0.216 0.000  0.962 0.000
250.291667 251.291667   72.61 0.000   1.58 0.000 9.999 0.259 99.99 0.259000  0.446 0.000   1.327 0.000   1.858 0.000 999.99 0.259  14.535 0.000   7.891 0.000   6.644 0.000 0.054 0.000  0.710 0.000
253.291667 254.291667  148.67 0.000   3.37 0.000 9.999 0.259 99.99 0.259000  0.064 0.559   1.431 0.000   2.003 0.000 999.99 0.259  20.191 0.000  14.183 0.000   6.008 0.000 0.073 0.000  0.428 0.559
256.291667 257.291667   99.19 0.000   1.38 0.000 9.999 0.259 99.99 0.259000  0.039 0.559   1.440 0.000   2.016 0.000  40.78 0.000  16.041 0.000  10.704 0.000   5.337 0.000 0.045 0.000  0.394 0.559
259.291667 260.291667  539.56 0.000   2.43 0.000 0.240 0.000  0.47 0.000000  0.087 0.559   2.032 0.000   2.845 0.000 999.99 0.259  79.368 0.000  62.104 0.000  17.264 0.000 0.333 0.000  0.620 0.559
262.291667 263.291667  367.84 0.000   2.86 0.000 0.064 0.000  0.46 0.000000  0.113 0.000   2.649 0.000   3.709 0.000 999.99 0.259  43.392 0.000  32.929 0.000  10.463 0.000 0.130 0.000  0.320 0.000
265.291667 266.291667  316.43 0.000   5.75 0.000 9.999 0.259  0.33 0.000000  0.058 0.000   2.985 0.000   4.179 0.000 999.99 0.259  36.834 0.000  27.308 0.000   9.526 0.000 0.098 0.000  0.335 0.000
268.291667 269.291667  423.39 0.000   5.11 0.000 9.999 0.259  0.37 0.000000  0.064 0.000   1.986 0.000   2.780 0.000 999.99 0.259  48.325 0.000  36.566 0.000  11.759 0.000 0.191 0.000  0.497 0.000
271.291667 272.291667  111.40 0.000   0.97 0.000 9.999 0.259 99.99 0.259000  0.060 0.000   0.957 0.000   1.340 0.000 999.99 0.259  20.062 0.000  15.006 0.000   5.056 0.000 0.065 0.000  0.383 0.000
274.291667 275.291667  306.88 0.000   1.95 0.000 0.077 0.000  0.30 0.000000  0.141 0.000   1.661 0.000   2.325 0.000 999.99 0.259  48.241 0.000  37.856 0.000  10.386 0.000 0.170 0.000  0.339 0.000
277.291667 278.291667  418.85 0.000   4.32 0.000 9.999 0.259  0.48 0.000000  0.254 0.000   4.703 0.000   6.585 0.000 999.99 0.259  41.013 0.000  28.640 0.000  12.373 0.000 0.173 0.000  0.250 0.000
280.291667 281.291667  227.71 0.000   4.96 0.000 9.999 0.259  0.16 0.000000  0.049 0.000   2.208 0.000   3.091 0.000 999.99 0.259  26.762 0.000  20.301 0.000   6.461 0.000 0.070 0.000  0.218 0.000
283.291667 284.291667  502.55 0.000   3.76 0.000 0.072 0.000  0.31 0.000000  0.071 0.000   3.433 0.000   4.807 0.000 999.99 0.259  48.489 0.000  37.493 0.000  10.995 0.000 0.156 0.000  0.337 0.000
286.291667 287.291667  279.46 0.000   4.55 0.000 0.025 0.000  0.19 0.000000  0.053 0.559   2.652 0.000   3.712 0.000 999.99 0.259  39.910 0.000  29.793 0.000  10.117 0.000 0.124 0.000  0.574 0.559
289.291667 290.291667  334.02 0.000   1.74 0.000 9.999 0.259  0.39 0.000000  0.133 0.000   1.389 0.000   1.944 0.000 999.99 0.259  51.291 0.000  41.941 0.000   9.351 0.000 0.156 0.000  0.458 0.000
292.291667 293.291667  300.35 0.000   8.68 0.000 0.025 0.000  0.12 0.000000  0.177 0.000   3.845 0.000   5.384 0.000 999.99 0.259  36.366 0.000  22.262 0.000  14.104 0.000 0.138 0.000  1.083 0.000
295.291667 296.291667  229.63 0.000   2.06 0.000 0.026 0.000  0.40 0.000000  0.198 0.000   4.081 0.000   5.714 0.000 999.99 0.259  30.499 0.000  21.917 0.000   8.582 0.000 0.099 0.000  0.721 0.000
298.291667 299.291667  222.65 0.000   2.85 0.000 0.032 0.000  0.24 0.000000  0.224 0.000   1.682 0.000   2.355 0.000 999.99 0.259  29.248 0.000  18.817 0.000  10.432 0.000 0.129 0.000  0.513 0.000
301.291667 302.291667  210.90 0.000   5.10 0.000 9.999 0.259  0.17 0.000000  0.377 0.559   2.342 0.000   3.279 0.000 999.99 0.259  25.436 0.000  18.010 0.000   7.425 0.000 0.076 0.000  0.382 0.559
304.291667 305.291667  395.27 0.000   3.99 0.000 0.047 0.000  0.29 0.000000  0.506 0.000   6.085 0.000   8.519 0.000 999.99 0.259  41.584 0.000  27.916 0.000  13.668 0.000 0.185 0.000  0.481 0.000
307.291667 308.291667  304.54 0.000   4.59 0.000 9.999 0.259  0.56 0.000000  0.320 0.000   3.293 0.000   4.611 0.000 999.99 0.259  38.462 0.000  29.263 0.000   9.198 0.000 0.141 0.000  0.302 0.000
310.291667 311.291667  483.23 0.000   6.54 0.000 0.084 0.000  1.04 0.000000  0.141 0.000   5.051 0.000   7.071 0.000 999.99 0.259  46.958 0.000  33.898 0.000  13.059 0.000 0.161 0.000  0.277 0.000
313.291667 314.291667  237.89 0.000   1.45 0.000 9.999 0.259  0.15 0.000000  0.042 0.559   1.157 0.000   1.620 0.000 999.99 0.259  28.268 0.000  22.850 0.000   5.418 0.000 0.105 0.000  0.106 0.559
316.291667 317.291667  505.17 0.000   3.04 0.000 9.999 0.259  0.79 0.000000  0.071 0.000   3.616 0.000   5.063 0.000 999.99 0.259  41.873 0.000  29.721 0.000  12.153 0.000 0.141 0.000  0.217 0.000
319.291667 320.291667  376.65 0.000   1.91 0.000 0.060 0.000  0.21 0.000000  0.036 0.000   2.908 0.000   4.071 0.000 999.99 0.259  21.242 0.000  11.913 0.000   9.329 0.000 0.147 0.000  0.227 0.000
322.291667 323.291667  658.51 0.000   5.53 0.000 0.084 0.000  1.66 0.000000  0.325 0.000   7.840 0.000  10.977 0.000 999.99 0.259  61.099 0.000  42.601 0.000  18.498 0.000 0.207 0.000  0.272 0.000
325.291667 326.291667  822.03 0.000   6.39 0.000 9.999 0.259  0.89 0.000000  0.137 0.000   9.498 0.000  13.297 0.000  71.46 0.000  67.365 0.000  47.186 0.000  20.179 0.000 0.230 0.000  0.229 0.000
328.291667 329.291667  429.89 0.000   6.11 0.000 0.086 0.000  0.70 0.000000  0.979 0.000   5.240 0.000   7.336 0.000 999.99 0.259  63.082 0.000  45.675 0.000  17.407 0.000 0.223 0.000  0.255 0.000
331.291667 332.291667  299.88 0.000   3.32 0.000 9.999 0.259  0.29 0.000000  0.092 0.000   4.139 0.000   5.795 0.000 999.99 0.259  33.079 0.000  21.625 0.000  11.454 0.000 0.176 0.000  0.561 0.000
334.291667 335.291667  171.18 0.000   3.20 0.000 9.999 0.259  0.15 0.000000  0.636 0.000   6.208 0.000   8.691 0.000 999.99 0.259  22.018 0.000   7.888 0.000  14.130 0.000 0.120 0.000  0.271 0.000
337.291667 338.291667  316.29 0.000   3.44 0.000 0.018 0.000  0.32 0.000000  3.044 0.000   7.952 0.000  11.133 0.000 999.99 0.259  49.416 0.000  21.733 0.000  27.683 0.000 0.140 0.000  0.369 0.000
340.291667 341.291667  255.89 0.000   5.49 0.000 9.999 0.259  0.12 0.000000  0.681 0.000   8.235 0.000  11.528 0.000 999.99 0.259  35.673 0.000  18.584 0.000  17.089 0.000 0.153 0.000  0.328 0.000
343.291667 344.291667  308.19 0.000   5.12 0.000 9.999 0.259  0.30 0.000000  0.342 0.000   5.841 0.000   8.177 0.000 999.99 0.259  33.667 0.000  21.372 0.000  12.296 0.000 0.099 0.000  0.290 0.000
346.291667 347.291667  557.01 0.000   6.90 0.000 9.999 0.259  0.25 0.000000  1.488 0.000  11.072 0.000  15.501 0.000 999.99 0.259  62.960 0.000  37.583 0.000  25.378 0.000 0.207 0.000  0.315 0.000
349.291667 350.291667  445.25 0.000   9.85 0.000 0.048 0.000  0.11 0.000000  0.411 0.000   6.460 0.000   9.043 0.000 999.99 0.259  56.341 0.000  39.985 0.000  16.356 0.000 0.239 0.000  0.282 0.000
352.291667 353.291667  278.08 0.000   1.94 0.000 9.999 0.259  0.06 0.000000  0.353 0.559   4.801 0.000   6.722 0.000  26.68 0.000  29.018 0.000  17.284 0.000  11.734 0.000 0.131 0.000  0.099 0.559
355.291667 356.291667  237.33 0.699   4.76 0.699 0.092 0.699 99.99 0.699259  1.155 0.000  13.089 0.000  18.324 0.000  19.51 0.699  60.633 0.559  31.605 0.000  29.028 0.699 0.311 0.699  0.211 0.000
358.291667 359.291667 9999.99 0.699 999.99 0.699 9.999 0.699 99.99 0.699000  1.210 0.000  20.701 0.000  28.981 0.000 999.99 0.699  74.106 0.559 999.999 0.999 999.999 0.699 9.999 0.699  0.393 0.000
361.291667 362.291667  323.58 0.000   5.79 0.000 9.999 0.259  0.15 0.000000  0.394 0.000  10.993 0.000  15.391 0.000 999.99 0.259  42.831 0.000  21.084 0.000  21.747 0.000 0.255 0.000  0.186 0.000
364.291667 365.291667  272.43 0.000   8.70 0.000 9.999 0.259  0.17 0.000000  0.798 0.000   9.776 0.000  13.686 0.000 999.99 0.259  45.341 0.000  22.915 0.000  22.426 0.000 0.374 0.000  0.230 0.000
