scripts/IMPROVE-2019_partial/data/US0055R.20050101070000.20191216000000.filterpack..pm25.52w.1w.US03L_filterpack_US0055.US03L_IMPROVE_Davis.lev2.nas
66 1001
MISSING INFORMATION
US03L, IMPROVE, , , , , , , 
MISSING INFORMATION
IMPROVE sel_HTAP
1 1
2005 01 01 2019 12 16
3.000000
days from file reference point
27
1 1 1 1 1 1 1 1 1 1 1 1 1 1 1 1 1 1 1 1 1 1 1 1 1 1 1
999.999999 9999.99 9.999 99.99 9.999 9.999 9.999999 9.99 9.999999 9.999 9.999 99.999 9.999 99.999 9.999 99.99 9.999999 999.999 9.999 999.999 9.999 999.999 9.999 9.999 9.999 9.999 9.999
end_time of measurement, days from the file reference point
iron, ng/m3, Revision date=20181210133000
numflag iron, no unit, Revision date=20181210133000
lead, ng/m3, Revision date=20181210133000
numflag lead, no unit, Revision date=20181210133000
magnesium, ug/m3, Revision date=20181210133000
numflag magnesium, no unit, Revision date=20181210133000
nickel, ng/m3, Revision date=20181210133000
numflag nickel, no unit, Revision date=20181210133000
nitrate, ug N/m3, Revision date=20181210133000
numflag nitrate, no unit, Revision date=20181210133000
organic_carbon, ug C/m3, Revision date=20181210133000
numflag organic_carbon, no unit, Revision date=20181210133000
organic_mass, ug/m3, Revision date=20181210133000
numflag organic_mass, no unit, Revision date=20181210133000
phosphorus, ng/m3, Revision date=20181210133000
numflag phosphorus, no unit, Revision date=20181210133000
pm10_mass, ug/m3, Version=2, Version description=Data extracted from http://views.cira.colostate.edu/fed/DataWizard 2019-12-16, Sample duration=1d, Orig. time res.=3d, Matrix=pm10, Blank correction=Blank corrected, Volume std. temperature=ambient, Volume std. pressure=ambient
numflag pm10_mass, no unit, Version=2, Version description=Data extracted from http://views.cira.colostate.edu/fed/DataWizard 2019-12-16, Sample duration=1d, Orig. time res.=3d, Matrix=pm10, Blank correction=Blank corrected, Volume std. temperature=ambient, Volume std. pressure=ambient
pm10_pm25_mass, ug/m3, Revision date=20181210133000, Matrix=pm10_pm25
numflag pm10_pm25_mass, no unit, Revision date=20181210133000, Matrix=pm10_pm25
pm25_mass, ug/m3, Version=2, Version description=Data extracted from http://views.cira.colostate.edu/fed/DataWizard 2019-12-16, Sample duration=1d, Orig. time res.=3d, Blank correction=Blank corrected, Volume std. temperature=ambient, Volume std. pressure=ambient
numflag pm25_mass, no unit, Version=2, Version description=Data extracted from http://views.cira.colostate.edu/fed/DataWizard 2019-12-16, Sample duration=1d, Orig. time res.=3d, Blank correction=Blank corrected, Volume std. temperature=ambient, Volume std. pressure=ambient
potassium, ug/m3, Revision date=20181210133000
numflag potassium, no unit, Revision date=20181210133000
sulphate_total, ug S/m3, Revision date=20181210133000
numflag sulphate_total, no unit, Revision date=20181210133000
0
25
Data definition:              EBAS_1.1
Set type code:                TU
Timezone:                     UTC
File name:                    US0055R.20050101070000.20191216000000.filterpack..pm25.52w.1w.US03L_filterpack_US0055.US03L_IMPROVE_Davis.lev2.nas
File creation:                20191218115849
Startdate:                    20050101070000
Revision date:                20191216000000
Statistics:                   arithmetic mean
Data level:                   2
Period code:                  52w
Resolution code:              1w
Station code:                 US0055R
Platform code:                US0055S
Station name:                 Cabinet Mountains
Station latitude:             47.9549
Station longitude:            -115.6709
Station altitude:             1441.0 m
Regime:                       IMG
Component:                    
Matrix:                       pm25
Laboratory code:              US03L
Instrument type:              filterpack
Instrument name:              filterpack_US0055
Method ref:                   US03L_IMPROVE_Davis
starttime endtime Fe flag_Fe Pb flag_Pb Mg++ flag_Mg++ Ni flag_Ni NO3- flag_NO3- OC flag_OC OM flag_OM P flag_P PM10 flag_PM10 PM10-PM2.5 flag_PM10-PM2.5 PM2.5 flag_PM2.5 K+ flag_K+ SO4-- flag_SO4--
[from data line 82]
246.291667 247.291667  107.52 0.000  0.77 0.000 9.999 0.259000 0.10 0.000000 0.028 0.000  0.569 0.000  1.024 0.000 99.99 0.259000  10.579 0.000   6.569 0.000   4.009 0.000 0.055 0.000 0.192 0.000
249.291667 250.291667   68.17 0.000  0.49 0.000 9.999 0.259000 9.99 0.259000 0.009 0.000  0.536 0.000  0.965 0.000 99.99 0.259000   5.639 0.000   3.288 0.000   2.350 0.000 0.030 0.000 0.063 0.000
252.291667 253.291667  112.25 0.000  0.42 0.000 9.999 0.259000 9.99 0.259000 0.059 0.000  0.612 0.000  1.101 0.000 99.99 0.259000  10.231 0.000   6.890 0.000   3.341 0.000 0.050 0.000 0.135 0.000
255.291667 256.291667   21.92 0.000  0.75 0.000 9.999 0.259000 9.99 0.259000 0.048 0.000  1.350 0.000  2.429 0.000 99.99 0.259000   4.810 0.000   1.449 0.000   3.380 0.000 0.024 0.000 0.146 0.000
258.291667 259.291667   44.94 0.000  0.81 0.000 9.999 0.259000 0.07 0.000000 0.031 0.000  1.248 0.000  2.247 0.000 99.99 0.259000   9.913 0.000   5.289 0.000   4.623 0.000 0.067 0.000 0.236 0.000
261.291667 262.291667   92.58 0.000  1.12 0.000 9.999 0.259000 0.10 0.000000 0.023 0.000  0.864 0.000  1.554 0.000 99.99 0.259000   9.291 0.000   5.222 0.000   4.069 0.000 0.065 0.000 0.179 0.000
264.291667 265.291667  224.54 0.000  0.88 0.000 9.999 0.259000 0.25 0.000000 0.088 0.000  2.822 0.000  5.080 0.000 99.99 0.259000  13.809 0.000   3.713 0.000  10.094 0.000 0.140 0.000 0.169 0.000
267.291667 268.291667  130.44 0.000  1.25 0.000 9.999 0.259000 0.19 0.000000 0.013 0.000  0.705 0.000  1.269 0.000 99.99 0.259000   6.957 0.000   2.700 0.000   4.256 0.000 0.056 0.000 0.108 0.000
270.291667 271.291667   94.04 0.000  0.69 0.000 9.999 0.259000 0.09 0.000000 0.028 0.000  1.288 0.559  2.319 0.559 99.99 0.259000  11.609 0.000   6.759 0.000   4.850 0.000 0.093 0.000 0.122 0.000
273.291667 274.291667   33.27 0.000  0.28 0.000 0.012 0.000000 9.99 0.259000 0.002 0.000  0.150 0.000  0.271 0.000 99.99 0.259000   0.662 0.000 999.999 0.259   0.916 0.000 0.015 0.000 0.040 0.000
276.291667 277.291667    1.98 0.000  0.18 0.000 9.999 0.259000 9.99 0.259000 0.005 0.000  0.450 0.000  0.810 0.000 99.99 0.259000   1.241 0.000   0.373 0.000   0.872 0.000 0.007 0.000 0.033 0.000
279.291667 280.291667    9.63 0.000  0.73 0.000 9.999 0.259000 9.99 0.259000 0.055 0.000  2.168 0.000  3.903 0.000 99.99 0.259000   4.847 0.000   0.776 0.000   4.071 0.000 0.030 0.000 0.126 0.000
282.291667 283.291667    5.74 0.000  0.44 0.000 9.999 0.259000 9.99 0.259000 0.047 0.000  1.487 0.000  2.676 0.000 99.99 0.259000   4.592 0.000   0.956 0.000   3.635 0.000 0.021 0.000 0.174 0.000
285.291667 286.291667   21.16 0.000  0.74 0.000 9.999 0.259000 0.12 0.000000 0.028 0.000  1.444 0.559  2.600 0.559 99.99 0.259000   5.389 0.000   1.299 0.000   4.090 0.000 0.038 0.000 0.211 0.000
288.291667 289.291667   20.75 0.000  0.27 0.000 9.999 0.259000 9.99 0.259000 0.011 0.000  0.483 0.000  0.870 0.000 99.99 0.259000   6.258 0.000   4.691 0.000   1.566 0.000 0.013 0.000 0.110 0.000
291.291667 292.291667   33.62 0.000  1.16 0.000 9.999 0.259000 9.99 0.259000 0.023 0.000  2.096 0.000  3.772 0.000 99.99 0.259000   5.920 0.000   1.058 0.000   4.861 0.000 0.035 0.000 0.127 0.000
294.291667 295.291667    5.29 0.000  0.57 0.000 9.999 0.259000 9.99 0.259000 0.013 0.000  2.078 0.000  3.741 0.000 99.99 0.259000   5.096 0.000   0.704 0.000   4.392 0.000 0.030 0.000 0.091 0.000
297.291667 298.291667   18.34 0.000  0.66 0.000 9.999 0.259000 9.99 0.259000 0.015 0.000  3.040 0.000  5.472 0.000 99.99 0.259000   8.197 0.000   1.575 0.000   6.640 0.000 0.041 0.000 0.097 0.000
300.291667 301.291667    8.28 0.000  0.73 0.000 9.999 0.259000 9.99 0.259000 0.055 0.000  3.854 0.000  6.937 0.000 99.99 0.259000   7.023 0.000   0.360 0.000   6.661 0.000 0.051 0.000 0.060 0.000
303.291667 304.291667    3.28 0.000  0.31 0.000 0.005 0.000000 9.99 0.259000 0.012 0.000  0.715 0.000  1.287 0.000 99.99 0.259000   2.120 0.000   0.460 0.000   1.659 0.000 0.018 0.000 0.064 0.000
306.291667 307.291667    8.74 0.000  0.79 0.000 0.008 0.000000 9.99 0.259000 0.036 0.000  1.897 0.000  3.414 0.000 99.99 0.259000   4.885 0.000   0.563 0.000   4.320 0.000 0.040 0.000 0.152 0.000
309.291667 310.291667    3.18 0.000  0.25 0.000 9.999 0.259000 9.99 0.259000 0.007 0.000  0.095 0.000  0.171 0.000 99.99 0.259000   0.748 0.000 999.999 0.259   0.792 0.000 0.007 0.000 0.065 0.000
312.291667 313.291667   29.06 0.000  1.38 0.000 9.999 0.259000 9.99 0.259000 0.021 0.000  0.788 0.000  1.418 0.000 99.99 0.259000   3.416 0.000   0.455 0.000   2.961 0.000 0.039 0.000 0.201 0.000
315.291667 316.291667   11.16 0.000  0.28 0.000 0.011 0.000000 9.99 0.259000 0.018 0.000  0.148 0.000  0.267 0.000 99.99 0.259000   0.957 0.000 999.999 0.259   0.971 0.000 0.010 0.000 0.042 0.000
318.291667 319.291667   16.54 0.000  0.83 0.000 9.999 0.259000 9.99 0.259000 0.043 0.000  0.857 0.559  1.542 0.559 99.99 0.259000   2.504 0.000   0.498 0.000   2.007 0.000 0.028 0.000 0.077 0.000
321.291667 322.291667   13.90 0.000  0.37 0.000 9.999 0.259000 9.99 0.259000 0.029 0.000  1.207 0.000  2.172 0.000 99.99 0.259000   3.029 0.000   0.142 0.000   2.886 0.000 0.025 0.000 0.089 0.000
324.291667 325.291667    3.22 0.000  0.39 0.000 9.999 0.259000 9.99 0.259000 0.011 0.000  1.716 0.000  3.088 0.000 99.99 0.259000   3.611 0.000   0.585 0.000   3.025 0.000 0.023 0.000 0.063 0.000
327.291667 328.291667    3.31 0.000  0.39 0.000 0.006 0.000000 9.99 0.259000 0.019 0.000  0.821 0.000  1.478 0.000 99.99 0.259000   2.417 0.000   0.669 0.000   1.749 0.000 0.010 0.000 0.040 0.000
330.291667 331.291667    1.05 0.000  0.24 0.000 9.999 0.259000 9.99 0.259000 0.038 0.000  0.238 0.000  0.428 0.000 99.99 0.259000   1.049 0.000 999.999 0.259   1.205 0.000 0.006 0.000 0.064 0.000
333.291667 334.291667    1.08 0.000  0.31 0.000 9.999 0.259000 9.99 0.259000 0.025 0.000  0.726 0.000  1.307 0.000 99.99 0.259000   1.839 0.000   0.034 0.000   1.805 0.000 0.011 0.000 0.069 0.000
336.291667 337.291667    2.07 0.000  0.45 0.000 9.999 0.259000 9.99 0.259000 0.055 0.000  0.499 0.000  0.898 0.000 99.99 0.259000   1.721 0.000   0.153 0.000   1.568 0.000 0.012 0.000 0.097 0.000
339.291667 340.291667    4.17 0.000  0.22 0.000 9.999 0.259000 9.99 0.259000 0.023 0.000  0.608 0.000  1.094 0.000 99.99 0.259000   2.306 0.000   0.338 0.000   1.973 0.000 0.018 0.000 0.153 0.000
342.291667 343.291667    6.81 0.000  0.38 0.000 9.999 0.259000 9.99 0.259000 0.045 0.000  0.525 0.000  0.946 0.000 99.99 0.259000   1.806 0.000   0.319 0.000   1.487 0.000 0.010 0.000 0.078 0.000
345.291667 346.291667    4.41 0.000  0.40 0.000 9.999 0.259000 9.99 0.259000 0.037 0.000  0.494 0.000  0.890 0.000 99.99 0.259000   1.658 0.000   0.271 0.000   1.386 0.000 0.009 0.000 0.075 0.000
348.291667 349.291667    3.77 0.000  0.40 0.000 0.003 0.000000 0.08 0.000000 0.025 0.000  0.461 0.000  0.831 0.000 99.99 0.259000   1.801 0.000   0.037 0.000   1.763 0.000 0.010 0.000 0.086 0.000
351.291667 352.291667    5.75 0.000  0.54 0.000 9.999 0.259000 9.99 0.259000 0.048 0.000  0.394 0.000  0.708 0.000 99.99 0.259000   2.354 0.000   0.383 0.000   1.970 0.000 0.012 0.000 0.184 0.000
354.291667 355.291667    3.03 0.000  0.24 0.000 9.999 0.259000 9.99 0.259000 0.007 0.000  0.256 0.000  0.460 0.000 99.99 0.259000   1.076 0.000   0.300 0.000   0.775 0.000 0.006 0.000 0.033 0.000
357.291667 358.291667    1.28 0.000  0.15 0.000 9.999 0.259000 9.99 0.259000 0.007 0.000  0.159 0.000  0.285 0.000 99.99 0.259000   0.910 0.000   0.314 0.000   0.596 0.000 0.004 0.000 0.021 0.000
360.291667 361.291667    0.19 0.000  0.18 0.000 9.999 0.259000 9.99 0.259000 0.013 0.000 99.999 0.259 99.999 0.259 99.99 0.259000   0.626 0.000   0.270 0.000   0.359 0.000 0.003 0.000 0.020 0.000
363.291667 364.291667    1.27 0.000  0.17 0.000 9.999 0.259000 9.99 0.259000 0.006 0.000  0.088 0.000  0.158 0.000  2.29 0.000000   0.584 0.000   0.129 0.000   0.454 0.000 0.004 0.000 0.017 0.000
