scripts/IMPROVE-2019_partial/data/US0057R.20040101050000.20191216000000.filterpack..pm25.52w.1w.US03L_filterpack_US0057.US03L_IMPROVE_Davis.lev2.nas
66 1001
MISSING INFORMATION
US03L, IMPROVE, , , , , , , 
MISSING INFORMATION
IMPROVE sel_HTAP
1 1
2004 01 01 2019 12 16
3.000000
days from file reference point
27
1 1 1 1 1 1 1 1 1 1 1 1 1 1 1 1 1 1 1 1 1 1 1 1 1 1 1
999.999999 99.999 9.999 9999.99 9.999 99.99 9.999 9.999 9.999999 9.99 9.999 9.999 9.999 99.999 9.999 99.999 9.999 999.999 9.999 99.999 9.999 999.999 9.999 9.999 9.999 99.999 9.999
end_time of measurement, days from the file reference point
ammonium, ug N/m3, Revision date=20181210133000
numflag ammonium, no unit, Revision date=20181210133000
iron, ng/m3, Revision date=20181210133000
numflag iron, no unit, Revision date=20181210133000
lead, ng/m3, Revision date=20181210133000
numflag lead, no unit, Revision date=20181210133000
magnesium, ug/m3, Revision date=20181210133000
numflag magnesium, no unit, Revision date=20181210133000
nickel, ng/m3, Revision date=20181210133000
numflag nickel, no unit, Revision date=20181210133000
nitrate, ug N/m3, Revision date=20181210133000
numflag nitrate, no unit, Revision date=20181210133000
organic_carbon, ug C/m3, Revision date=20181210133000
numflag organic_carbon, no unit, Revision date=20181210133000
organic_mass, ug/m3, Revision date=20181210133000
numflag organic_mass, no unit, Revision date=20181210133000
pm10_mass, ug/m3, Version=2, Version description=Data extracted from http://views.cira.colostate.edu/fed/DataWizard 2019-12-16, Sample duration=1d, Orig. time res.=3d, Matrix=pm10, Blank correction=Blank corrected, Volume std. temperature=ambient, Volume std. pressure=ambient
numflag pm10_mass, no unit, Version=2, Version description=Data extracted from http://views.cira.colostate.edu/fed/DataWizard 2019-12-16, Sample duration=1d, Orig. time res.=3d, Matrix=pm10, Blank correction=Blank corrected, Volume std. temperature=ambient, Volume std. pressure=ambient
pm10_pm25_mass, ug/m3, Revision date=20181210133000, Matrix=pm10_pm25
numflag pm10_pm25_mass, no unit, Revision date=20181210133000, Matrix=pm10_pm25
pm25_mass, ug/m3, Version=2, Version description=Data extracted from http://views.cira.colostate.edu/fed/DataWizard 2019-12-16, Sample duration=1d, Orig. time res.=3d, Blank correction=Blank corrected, Volume std. temperature=ambient, Volume std. pressure=ambient
numflag pm25_mass, no unit, Version=2, Version description=Data extracted from http://views.cira.colostate.edu/fed/DataWizard 2019-12-16, Sample duration=1d, Orig. time res.=3d, Blank correction=Blank corrected, Volume std. temperature=ambient, Volume std. pressure=ambient
potassium, ug/m3, Revision date=20181210133000
numflag potassium, no unit, Revision date=20181210133000
sulphate_total, ug S/m3, Revision date=20181210133000
numflag sulphate_total, no unit, Revision date=20181210133000
0
25
Data definition:              EBAS_1.1
Set type code:                TU
Timezone:                     UTC
File name:                    US0057R.20040101050000.20191216000000.filterpack..pm25.52w.1w.US03L_filterpack_US0057.US03L_IMPROVE_Davis.lev2.nas
File creation:                20191218115858
Startdate:                    20040101050000
Revision date:                20191216000000
Statistics:                   arithmetic mean
Data level:                   2
Period code:                  52w
Resolution code:              1w
Station code:                 US0057R
Platform code:                US0057S
Station name:                 Linville Gorge
Station latitude:             35.9723
Station longitude:            -81.9331
Station altitude:             968.0 m
Regime:                       IMG
Component:                    
Matrix:                       pm25
Laboratory code:              US03L
Instrument type:              filterpack
Instrument name:              filterpack_US0057
Method ref:                   US03L_IMPROVE_Davis
starttime endtime NH4+ flag_NH4+ Fe flag_Fe Pb flag_Pb Mg++ flag_Mg++ Ni flag_Ni NO3- flag_NO3- OC flag_OC OM flag_OM PM10 flag_PM10 PM10-PM2.5 flag_PM10-PM2.5 PM2.5 flag_PM2.5 K+ flag_K+ SO4-- flag_SO4--
  0.208333   1.208333  0.191 0.559   23.56 0.000  4.44 0.000 9.999 0.259000 0.18 0.000 0.025 0.559  3.228 0.000  4.520 0.000   7.990 0.000  1.561 0.000   6.429 0.000 0.094 0.000  0.230 0.559
  3.208333   4.208333  0.520 0.559   12.21 0.000  0.88 0.000 9.999 0.259000 0.22 0.000 0.059 0.559  1.528 0.000  2.140 0.000   8.681 0.000  1.523 0.000   7.158 0.000 0.060 0.000  0.992 0.559
  6.208333   7.208333  0.129 0.559    6.56 0.000  0.76 0.000 9.999 0.259000 9.99 0.259 0.066 0.559  0.396 0.000  0.554 0.000   2.651 0.000  1.299 0.000   1.353 0.000 0.014 0.000  0.132 0.559
  9.208333  10.208333  0.484 0.559   17.81 0.000  1.83 0.000 9.999 0.259000 0.18 0.000 0.056 0.559  1.532 0.000  2.145 0.000   9.975 0.000  0.898 0.000   9.076 0.000 0.039 0.000  1.316 0.559
 12.208333  13.208333  0.364 0.559   12.94 0.000  1.28 0.000 9.999 0.259000 9.99 0.259 0.171 0.559  0.839 0.000  1.174 0.000   4.496 0.000  1.340 0.000   3.156 0.000 0.025 0.000  0.291 0.559
 15.208333  16.208333  0.113 0.559    9.96 0.000  1.47 0.000 9.999 0.259000 0.12 0.000 0.041 0.559  0.491 0.000  0.687 0.000   2.635 0.000  1.066 0.000   1.570 0.000 0.016 0.000  0.121 0.559
 18.208333  19.208333  0.765 0.559    9.55 0.000  1.23 0.000 9.999 0.259000 9.99 0.259 0.162 0.559  1.085 0.000  1.519 0.000   7.113 0.000  0.691 0.000   6.422 0.000 0.027 0.000  0.968 0.559
 21.208333  22.208333  0.570 0.559   12.16 0.000  0.87 0.000 9.999 0.259000 9.99 0.259 0.259 0.559  0.814 0.000  1.139 0.000   5.857 0.000  1.975 0.000   3.882 0.000 0.022 0.000  0.422 0.559
 24.208333  25.208333  1.082 0.559   16.16 0.000  1.96 0.000 9.999 0.259000 0.46 0.000 0.337 0.559  2.106 0.000  2.948 0.000  10.227 0.000  0.825 0.000   9.403 0.000 0.055 0.000  0.921 0.559
 27.208333  28.208333  0.377 0.559    9.58 0.000  0.97 0.000 9.999 0.259000 9.99 0.259 0.049 0.559  0.548 0.000  0.768 0.000   4.769 0.000  1.538 0.000   3.231 0.000 0.015 0.000  0.494 0.559
 30.208333  31.208333  0.242 0.559    8.61 0.000  1.09 0.000 0.042 0.000000 9.99 0.259 0.037 0.559  0.930 0.000  1.303 0.000   3.849 0.000  0.877 0.000   2.972 0.000 0.022 0.000  0.291 0.559
 33.208333  34.208333  0.341 0.559    5.41 0.000  0.57 0.000 9.999 0.259000 0.23 0.000 0.058 0.559  0.766 0.000  1.073 0.000   4.202 0.000  0.218 0.000   3.984 0.000 0.025 0.000  0.567 0.559
 36.208333  37.208333  0.049 0.559    2.16 0.000  0.49 0.000 9.999 0.259000 9.99 0.259 0.015 0.559  0.827 0.000  1.158 0.000   2.079 0.000  0.047 0.000   2.032 0.000 0.016 0.000  0.124 0.559
 39.208333  40.208333  0.670 0.559   13.62 0.000  1.33 0.000 9.999 0.259000 0.20 0.000 0.055 0.559  1.278 0.000  1.789 0.000   8.576 0.000  1.179 0.000   7.397 0.000 0.075 0.000  1.107 0.559
 42.208333  43.208333  0.261 0.559    7.25 0.000  1.49 0.000 9.999 0.259000 9.99 0.259 0.067 0.559  1.000 0.000  1.400 0.000   4.040 0.000  0.111 0.000   3.929 0.000 0.032 0.000  0.524 0.559
 45.208333  46.208333  0.282 0.559   11.61 0.000  0.88 0.000 9.999 0.259000 0.05 0.000 0.044 0.559  1.615 0.000  2.261 0.000   5.051 0.000  0.645 0.000   4.405 0.000 0.040 0.000  0.365 0.559
 48.208333  49.208333  0.823 0.559   20.19 0.000  1.87 0.000 9.999 0.259000 0.14 0.000 0.121 0.559  1.154 0.000  1.616 0.000   8.032 0.000  1.270 0.000   6.763 0.000 0.028 0.000  0.998 0.559
 51.208333  52.208333  1.131 0.559   16.86 0.000  1.04 0.000 9.999 0.259000 0.06 0.000 0.293 0.559  0.917 0.000  1.283 0.000   8.241 0.000  1.266 0.000   6.975 0.000 0.022 0.000  1.134 0.559
 54.208333  55.208333  1.015 0.559   20.08 0.000  2.23 0.000 9.999 0.259000 0.08 0.000 0.095 0.559  3.583 0.000  5.017 0.000  12.844 0.000  0.548 0.000  12.296 0.000 0.074 0.000  1.573 0.559
 57.208333  58.208333  0.139 0.559    7.05 0.000  0.96 0.000 9.999 0.259000 9.99 0.259 0.029 0.559  0.687 0.000  0.962 0.000   2.911 0.000  0.888 0.000   2.023 0.000 0.021 0.000  0.198 0.559
 60.208333  61.208333  0.534 0.559   21.24 0.000  5.20 0.000 9.999 0.259000 0.23 0.000 0.137 0.559  4.282 0.000  5.995 0.000  15.152 0.000  4.169 0.000  10.983 0.000 0.061 0.000  0.724 0.559
 63.208333  64.208333  0.751 0.559   18.14 0.000  1.07 0.000 0.089 0.000000 0.22 0.000 0.117 0.559  2.922 0.000  4.090 0.000  14.222 0.000  3.086 0.000  11.136 0.000 0.089 0.000  1.193 0.559
 66.208333  67.208333  0.487 0.559   18.49 0.000  1.35 0.000 0.042 0.000000 0.08 0.000 0.021 0.559  0.524 0.000  0.734 0.000   6.030 0.000  1.594 0.000   4.436 0.000 0.016 0.000  0.718 0.559
 69.208333  70.208333  0.730 0.559   15.22 0.000  1.93 0.000 0.035 0.000000 9.99 0.259 0.033 0.559  1.042 0.000  1.458 0.000   8.712 0.000  1.434 0.000   7.278 0.000 0.024 0.000  1.204 0.559
 72.208333  73.208333  0.474 0.559   18.65 0.000  1.44 0.000 9.999 0.259000 0.10 0.000 0.158 0.559  1.657 0.000  2.319 0.000   6.650 0.000  1.716 0.000   4.934 0.000 0.042 0.000  0.464 0.559
 75.208333  76.208333  0.714 0.559   11.79 0.000  1.34 0.000 9.999 0.259000 0.14 0.000 0.129 0.559  1.838 0.000  2.573 0.000   8.539 0.000  0.780 0.000   7.760 0.000 0.040 0.000  1.007 0.559
 78.208333  79.208333  0.673 0.559  109.88 0.000  4.44 0.000 0.074 0.000000 0.12 0.000 0.154 0.559  1.092 0.000  1.529 0.000  11.211 0.000  3.327 0.000   7.885 0.000 0.083 0.000  0.784 0.559
 81.208333  82.208333  0.496 0.559   16.45 0.000  2.39 0.000 9.999 0.259000 0.06 0.000 0.073 0.559  0.529 0.000  0.741 0.000   5.513 0.000  1.286 0.000   4.227 0.000 0.025 0.000  0.638 0.559
 84.208333  85.208333  0.074 0.559   44.12 0.000  2.66 0.000 9.999 0.259000 0.18 0.000 0.072 0.559  3.422 0.000  4.791 0.000  15.520 0.000  4.319 0.000  11.202 0.000 0.076 0.000  0.978 0.559
 87.208333  88.208333  1.318 0.559   29.76 0.000  2.46 0.000 9.999 0.259000 9.99 0.259 0.070 0.559  2.528 0.000  3.539 0.000  15.261 0.000  2.560 0.000  12.701 0.000 0.043 0.000  1.617 0.559
 90.208333  91.208333  0.127 0.559    2.20 0.000  0.58 0.000 9.999 0.259000 9.99 0.259 0.011 0.559  0.455 0.000  0.638 0.000   2.217 0.000  0.329 0.000   1.888 0.000 0.015 0.000  0.248 0.559
 93.208333  94.208333  0.575 0.559   14.66 0.000  2.06 0.000 9.999 0.259000 9.99 0.259 0.058 0.559  0.836 0.000  1.171 0.000   6.237 0.000  0.884 0.000   5.354 0.000 0.024 0.000  0.809 0.559
 96.208333  97.208333  0.116 0.559   20.92 0.000  1.36 0.000 9.999 0.259000 9.99 0.259 0.018 0.559  0.488 0.000  0.683 0.000   3.889 0.000  1.735 0.000   2.155 0.000 0.026 0.000  0.175 0.559
 99.208333 100.208333  1.051 0.559   55.19 0.000  2.16 0.000 9.999 0.259000 0.14 0.000 0.170 0.559  1.672 0.000  2.341 0.000  15.095 0.000  5.856 0.000   9.239 0.000 0.057 0.000  1.103 0.559
102.208333 103.208333  0.188 0.559    2.35 0.000  0.70 0.000 9.999 0.259000 9.99 0.259 0.023 0.559  0.405 0.000  0.568 0.000   2.567 0.000  0.324 0.000   2.243 0.000 0.014 0.000  0.287 0.559
105.208333 106.208333  0.908 0.559   35.61 0.000  1.96 0.000 9.999 0.259000 9.99 0.259 0.335 0.559  1.069 0.000  1.496 0.000   9.356 0.000  3.291 0.000   6.065 0.000 0.034 0.000  0.800 0.559
108.208333 109.208333  0.960 0.000   53.34 0.000  2.74 0.000 9.999 0.259000 0.20 0.000 0.034 0.000  3.422 0.000  4.791 0.000  15.939 0.000  2.778 0.000  13.161 0.000 0.070 0.000  1.336 0.000
111.208333 112.208333  0.544 0.559   79.03 0.000  2.28 0.000 0.061 0.000000 9.99 0.259 0.055 0.559  3.258 0.000  4.561 0.000  16.384 0.000  5.524 0.000  10.860 0.000 0.090 0.000  0.820 0.559
114.208333 115.208333  0.866 0.559   42.59 0.000  1.43 0.000 9.999 0.259000 0.19 0.000 0.068 0.559  2.204 0.000  3.086 0.000  14.550 0.000  3.372 0.000  11.178 0.000 0.106 0.000  1.402 0.559
117.208333 118.208333  0.660 0.559   66.97 0.000  2.37 0.000 9.999 0.259000 0.06 0.000 0.068 0.559  0.673 0.000  0.942 0.000  14.120 0.000  7.720 0.000   6.399 0.000 0.042 0.000  0.863 0.559
120.208333 121.208333  0.944 0.559   45.62 0.000  2.68 0.000 9.999 0.259000 0.10 0.000 0.079 0.559  1.806 0.000  2.528 0.000  16.566 0.000  5.771 0.000  10.796 0.000 0.069 0.000  1.433 0.559
123.208333 124.208333  0.456 0.000    9.67 0.000  1.03 0.000 9.999 0.259000 9.99 0.259 0.020 0.000  0.380 0.000  0.532 0.000   6.404 0.000  1.805 0.000   4.599 0.000 0.014 0.000  0.907 0.000
126.208333 127.208333  0.944 0.559   47.30 0.000  2.29 0.000 9.999 0.259000 0.14 0.000 0.036 0.559  2.000 0.000  2.799 0.000  17.715 0.000  6.171 0.000  11.544 0.000 0.048 0.000  1.469 0.559
129.208333 130.208333  1.066 0.559   56.51 0.000  1.47 0.000 9.999 0.259000 0.21 0.000 0.027 0.559  3.056 0.000  4.279 0.000  16.782 0.000  2.496 0.000  14.287 0.000 0.053 0.000  1.670 0.559
132.208333 133.208333 99.999 0.999 9999.99 0.999 99.99 0.999 9.999 0.999000 9.99 0.999 9.999 0.999 99.999 0.999 99.999 0.999 999.999 0.999 99.999 0.999 999.999 0.999 9.999 0.999 99.999 0.999
135.208333 136.208333  0.626 0.559   47.19 0.000  1.73 0.000 9.999 0.259000 0.15 0.000 0.081 0.559  3.075 0.000  4.305 0.000  15.469 0.000  4.249 0.000  11.220 0.000 0.070 0.000  1.107 0.559
138.208333 139.208333  0.698 0.559   32.78 0.000  0.88 0.000 9.999 0.259000 0.18 0.000 0.048 0.559  2.236 0.000  3.130 0.000  12.949 0.000  2.819 0.000  10.130 0.000 0.046 0.000  1.374 0.559
141.208333 142.208333  0.598 0.559   20.69 0.000  1.12 0.000 9.999 0.259000 0.25 0.000 0.041 0.559  2.207 0.000  3.089 0.000  14.957 0.000  5.028 0.000   9.929 0.000 0.039 0.000  1.048 0.559
144.208333 145.208333  0.778 0.559   12.76 0.000  1.10 0.000 9.999 0.259000 0.32 0.000 0.037 0.559  1.954 0.000  2.735 0.000  13.016 0.000  3.513 0.000   9.503 0.000 0.026 0.000  1.239 0.559
147.208333 148.208333  0.593 0.559   16.56 0.000  0.73 0.000 9.999 0.259000 0.25 0.000 0.048 0.559  1.918 0.000  2.685 0.000  13.190 0.000  4.449 0.000   8.742 0.000 0.054 0.000  1.015 0.559
150.208333 151.208333  0.766 0.559   14.06 0.000  1.11 0.000 0.092 0.000000 9.99 0.259 0.041 0.559  3.164 0.000  4.429 0.000  14.637 0.000  2.278 0.000  12.359 0.000 0.073 0.000  1.338 0.559
153.208333 154.208333  0.451 0.559   35.11 0.000  1.07 0.000 9.999 0.259000 0.14 0.000 0.018 0.559  1.264 0.000  1.770 0.000   9.507 0.000  3.416 0.000   6.092 0.000 0.036 0.000  0.668 0.559
156.208333 157.208333  0.922 0.559   22.29 0.000  1.46 0.000 9.999 0.259000 0.10 0.000 0.019 0.559  2.115 0.000  2.960 0.000  12.059 0.000  2.011 0.000  10.048 0.000 0.057 0.000  1.406 0.559
159.208333 160.208333  2.014 0.559   27.69 0.000  1.36 0.000 0.140 0.000000 0.26 0.000 0.059 0.559  2.433 0.000  3.407 0.000  22.180 0.000  2.231 0.000  19.949 0.000 0.067 0.000  3.210 0.559
162.208333 163.208333  1.462 0.559   56.83 0.000  1.16 0.000 0.171 0.000000 0.14 0.000 0.018 0.559  2.180 0.000  3.052 0.000  20.296 0.000  3.562 0.000  16.734 0.000 0.073 0.000  2.423 0.559
165.208333 166.208333  0.898 0.559   18.50 0.000  1.03 0.000 0.081 0.000000 0.32 0.000 0.038 0.559  1.372 0.000  1.920 0.000  12.607 0.000  1.673 0.000  10.934 0.000 0.049 0.000  1.708 0.559
168.208333 169.208333  0.380 0.559  140.12 0.000  0.55 0.000 9.999 0.259000 0.22 0.000 0.036 0.559  1.158 0.000  1.622 0.000  12.566 0.000  4.708 0.000   7.858 0.000 0.073 0.000  0.793 0.559
171.208333 172.208333  1.192 0.559   23.11 0.000  1.32 0.000 9.999 0.259000 9.99 0.259 0.013 0.559  1.444 0.000  2.022 0.000  14.344 0.000  2.465 0.000  11.879 0.000 0.030 0.000  2.010 0.559
174.208333 175.208333  0.302 0.559   42.19 0.000  2.53 0.000 0.073 0.000000 9.99 0.259 0.013 0.559  1.230 0.000  1.723 0.000   9.425 0.000  3.490 0.000   5.935 0.000 0.034 0.000  0.612 0.559
177.208333 178.208333  1.341 0.559   14.69 0.000  1.23 0.000 9.999 0.259000 9.99 0.259 0.014 0.559  1.271 0.000  1.779 0.000  13.683 0.000  2.456 0.000  11.227 0.000 0.048 0.000  1.880 0.559
180.208333 181.208333  1.305 0.559   22.67 0.000  2.22 0.000 9.999 0.259000 0.09 0.000 0.018 0.559  2.129 0.000  2.980 0.000  17.878 0.000  2.150 0.000  15.728 0.000 0.054 0.000  2.104 0.559
183.208333 184.208333  0.690 0.559   27.77 0.000  0.76 0.000 9.999 0.259000 0.07 0.000 0.017 0.559  1.459 0.000  2.042 0.000  11.202 0.000  2.660 0.000   8.542 0.000 0.051 0.000  1.055 0.559
186.208333 187.208333  0.675 0.559   99.58 0.000  1.78 0.000 9.999 0.259000 0.09 0.000 0.039 0.559  1.547 0.000  2.167 0.000  15.418 0.000  4.772 0.000  10.646 0.000 0.107 0.000  1.252 0.559
189.208333 190.208333  0.716 0.559   23.99 0.000  0.53 0.000 9.999 0.259000 9.99 0.259 0.015 0.559  1.748 0.000  2.447 0.000  12.029 0.000  2.515 0.000   9.514 0.000 0.039 0.000  1.331 0.559
192.208333 193.208333  0.772 0.559   18.30 0.000  1.95 0.000 9.999 0.259000 9.99 0.259 0.013 0.559  2.283 0.000  3.197 0.000  13.265 0.000  2.185 0.000  11.080 0.000 0.042 0.000  1.309 0.559
195.208333 196.208333  0.850 0.559   53.10 0.000  0.40 0.000 9.999 0.259000 0.09 0.000 0.017 0.559  1.709 0.000  2.392 0.000  14.344 0.000  4.299 0.000  10.045 0.000 0.050 0.000  1.353 0.559
198.208333 199.208333  1.064 0.559   21.90 0.000  1.16 0.000 9.999 0.259000 0.07 0.000 0.020 0.559  4.144 0.000  5.801 0.000  16.566 0.000  0.622 0.000  15.944 0.000 0.068 0.000  1.708 0.559
201.208333 202.208333  0.282 0.559   19.27 0.000  1.28 0.000 9.999 0.259000 9.99 0.259 0.049 0.559  2.320 0.000  3.248 0.000  16.892 0.000  1.435 0.000  15.457 0.000 0.047 0.000  2.718 0.559
204.208333 205.208333  2.055 0.559   33.00 0.000  1.29 0.000 9.999 0.259000 0.14 0.000 0.016 0.559  2.233 0.000  3.126 0.000  24.950 0.000  2.851 0.000  22.099 0.000 0.053 0.000  3.459 0.559
207.208333 208.208333  1.391 0.559   13.81 0.000  1.51 0.000 0.045 0.000000 9.99 0.259 0.030 0.559  1.837 0.000  2.571 0.000  17.196 0.000  1.771 0.000  15.425 0.000 0.040 0.000  2.311 0.559
210.208333 211.208333  1.424 0.559   16.62 0.000  0.98 0.000 9.999 0.259000 0.19 0.000 0.017 0.559  1.212 0.000  1.696 0.000  24.118 0.000  1.779 0.000  22.339 0.000 0.036 0.000  4.096 0.559
213.208333 214.208333  0.556 0.559    8.02 0.000  0.48 0.000 9.999 0.259000 9.99 0.259 0.017 0.559  1.465 0.000  2.052 0.000  12.226 0.000  3.537 0.000   8.688 0.000 0.029 0.000  1.152 0.559
216.208333 217.208333  1.962 0.559   27.58 0.000  4.06 0.000 9.999 0.259000 9.99 0.259 0.012 0.559  2.926 0.000  4.096 0.000  24.950 0.000  2.009 0.000  22.942 0.000 0.055 0.000  3.688 0.559
219.208333 220.208333  0.789 0.559   16.30 0.000  0.82 0.000 9.999 0.259000 9.99 0.259 0.012 0.559  1.108 0.000  1.551 0.000  10.063 0.000  1.306 0.000   8.757 0.000 0.020 0.000  1.396 0.559
222.208333 223.208333  1.438 0.559   32.03 0.000  1.22 0.000 9.999 0.259000 0.20 0.000 0.022 0.559  2.515 0.000  3.520 0.000  20.953 0.000  1.421 0.000  19.532 0.000 0.051 0.000  2.432 0.559
225.208333 226.208333  0.630 0.559    7.23 0.000  0.93 0.000 9.999 0.259000 0.07 0.000 0.010 0.559  0.900 0.000  1.261 0.000   9.218 0.000  3.126 0.000   6.092 0.000 0.028 0.000  1.019 0.559
228.208333 229.208333  1.186 0.559   72.98 0.000  1.31 0.000 9.999 0.259000 9.99 0.259 0.019 0.559  1.745 0.000  2.443 0.000  14.928 0.000  2.019 0.000  12.910 0.000 0.063 0.000  1.918 0.559
231.208333 232.208333  1.564 0.559   33.62 0.000  1.50 0.000 9.999 0.259000 0.17 0.000 0.021 0.559  2.417 0.000  3.384 0.000  24.099 0.000  3.902 0.000  20.197 0.000 0.075 0.000  2.753 0.559
234.208333 235.208333  1.064 0.559    9.61 0.000  1.51 0.000 9.999 0.259000 0.10 0.000 0.011 0.559  1.182 0.000  1.655 0.000  11.574 0.000  0.809 0.000  10.765 0.000 0.031 0.000  1.898 0.559
237.208333 238.208333  2.671 0.559   24.90 0.000  2.85 0.000 9.999 0.259000 0.32 0.000 0.032 0.559  2.684 0.000  3.757 0.000  29.597 0.000  4.255 0.000  25.341 0.000 0.051 0.000  3.930 0.559
240.208333 241.208333  0.979 0.559   35.22 0.000  0.91 0.000 9.999 0.259000 0.16 0.000 0.018 0.559  1.977 0.000  2.768 0.000  16.342 0.000  4.098 0.000  12.244 0.000 0.053 0.000  1.637 0.559
243.208333 244.208333  1.429 0.559   23.68 0.000  3.09 0.000 9.999 0.259000 0.12 0.000 0.025 0.559  1.374 0.000  1.924 0.000  21.169 0.000  3.591 0.000  17.578 0.000 0.045 0.000  3.340 0.559
246.208333 247.208333  2.183 0.559   20.24 0.000  1.68 0.000 9.999 0.259000 0.40 0.000 0.024 0.559  1.877 0.000  2.628 0.000  24.368 0.000  2.377 0.000  21.991 0.000 0.026 0.000  3.833 0.559
