scripts/IMPROVE-2019_partial/data/US0072R.19900103070000.20191216000000.filterpack...1y.3d.US03L_filterpack_US0072.US03L_IMPROVE_Davis.lev2.nas
52 1001
MISSING INFORMATION
US03L, IMPROVE, , , , , , , 
MISSING INFORMATION
IMPROVE sel_HTAP
1 1
1990 01 01 2019 12 16
0
days from file reference point
5
1 1 1 1 1
999.999999 999.999 9.999 999.999 9.999999
end_time of measurement, days from the file reference point
pm10_mass, ug/m3, Matrix=pm10
numflag pm10_mass, no unit, Matrix=pm10
pm25_mass, ug/m3, Matrix=pm25
numflag pm25_mass, no unit, Matrix=pm25
0
33
Data definition:              EBAS_1.1
Set type code:                TI
Timezone:                     UTC
File name:                    US0072R.19900103070000.20191216000000.filterpack...1y.3d.US03L_filterpack_US0072.US03L_IMPROVE_Davis.lev2.nas
File creation:                20191218120020
Startdate:                    19900103070000
Revision date:                20191216000000
Version:                      2
Version description:          "Data extracted from http://views.cira.colostate.edu/fed/DataWizard 2019-12-16"
Statistics:                   arithmetic mean
Data level:                   2
Period code:                  1y
Resolution code:              3d
Sample duration:              1d
Orig. time res.:              3d
Station code:                 US0072R
Platform code:                US0072S
Station name:                 Badlands NP
Station latitude:             43.7435
Station longitude:            -101.9412
Station altitude:             736.0 m
Regime:                       IMG
Component:                    
Unit:                         ug/m3
Matrix:                       
Laboratory code:              US03L
Instrument type:              filterpack
Instrument name:              filterpack_US0072
Method ref:                   US03L_IMPROVE_Davis
Blank correction:             Blank corrected
Volume std. temperature:      ambient
Volume std. pressure:         ambient
starttime endtime PM10 flag_PM10 PM2.5 flag_PM2.5
  2.291667   3.291667   3.111 0.000   2.660 0.000000
  5.291667   6.291667   5.663 0.000 999.999 0.999000
  9.291667  10.291667   8.599 0.000   2.621 0.000000
 12.291667  13.291667  10.237 0.000   3.399 0.000000
 16.291667  17.291667 999.999 0.999   5.994 0.000000
 19.291667  20.291667   6.700 0.000   4.272 0.000000
 23.291667  24.291667   3.013 0.000   1.980 0.000000
 26.291667  27.291667   3.360 0.000   1.353 0.000000
 30.291667  31.291667   9.970 0.000   5.098 0.000000
 33.291667  34.291667   5.186 0.000   2.769 0.000000
 37.291667  38.291667   3.016 0.000   1.397 0.000000
 40.291667  41.291667   6.159 0.000   3.143 0.000000
 44.291667  45.291667  19.019 0.000   4.051 0.000000
 47.291667  48.291667  13.253 0.000   4.286 0.000000
 51.291667  52.291667 999.999 0.999   6.881 0.000000
 54.291667  55.291667  12.801 0.000   3.439 0.000000
 58.291667  59.291667   5.175 0.000   3.290 0.000000
 61.291667  62.291667   6.794 0.000   3.214 0.000000
 65.291667  66.291667   8.280 0.000   6.314 0.000000
 68.291667  69.291667   9.121 0.000   5.541 0.000000
 72.291667  73.291667   3.250 0.000   2.930 0.000000
 75.291667  76.291667   3.662 0.000   2.675 0.000000
 79.291667  80.291667   6.329 0.000   2.580 0.000000
 82.291667  83.291667   5.755 0.000   3.631 0.000000
 86.291667  87.291667   9.467 0.000   9.111 0.000000
 89.291667  90.291667  11.735 0.000   8.479 0.000000
 93.291667  94.291667   8.854 0.000   8.057 0.000000
 96.291667  97.291667 999.999 0.999   4.615 0.000000
100.291667 101.291667   9.448 0.000   6.474 0.000000
103.291667 104.291667   8.519 0.000   5.516 0.000000
107.291667 108.291667  17.942 0.000   6.050 0.000000
110.291667 111.291667  16.006 0.000   5.486 0.000000
114.291667 115.291667 999.999 0.999   4.494 0.000000
117.291667 118.291667   5.733 0.000   4.713 0.000000
121.291667 122.291667  10.455 0.000   8.115 0.000000
124.291667 125.291667   7.721 0.000   4.591 0.000000
128.291667 129.291667   3.880 0.000   2.866 0.000000
131.291667 132.291667   3.514 0.000   3.084 0.000000
135.291667 136.291667  12.427 0.000   4.000 0.000000
138.291667 139.291667  16.392 0.000   5.094 0.000000
142.291667 143.291667   7.010 0.000   3.796 0.000000
145.291667 146.291667   6.400 0.000   5.781 0.000000
149.291667 150.291667 999.999 0.999  10.712 0.000000
152.291667 153.291667   9.904 0.000   2.431 0.000000
156.291667 157.291667 999.999 0.999  10.334 0.000000
159.291667 160.291667  11.919 0.000   3.647 0.000000
163.291667 164.291667   4.620 0.000   2.593 0.000000
166.291667 167.291667   2.703 0.000 999.999 0.999000
170.291667 171.291667   9.252 0.000   3.283 0.000000
173.291667 174.291667  12.377 0.000   5.030 0.000000
177.291667 178.291667  20.281 0.000   7.697 0.000000
180.291667 181.291667  22.297 0.000   9.383 0.000000
184.291667 185.291667  28.229 0.000   7.554 0.000000
187.291667 188.291667  43.799 0.000  16.006 0.000000
191.291667 192.291667   7.524 0.000 999.999 0.999000
194.291667 195.291667  11.270 0.000 999.999 0.999000
198.291667 199.291667  20.465 0.000   7.958 0.000000
201.291667 202.291667 999.999 0.999   7.729 0.000000
205.291667 206.291667  17.261 0.000   4.070 0.000000
208.291667 209.291667  28.130 0.000   6.203 0.000000
212.291667 213.291667  16.579 0.000   6.472 0.000000
215.291667 216.291667  21.673 0.000 999.999 0.999000
219.291667 220.291667  20.863 0.000  12.493 0.000000
222.291667 223.291667  29.309 0.000  22.580 0.000000
226.291667 227.291667 999.999 0.999  11.357 0.000000
229.291667 230.291667  14.893 0.000  12.118 0.000000
233.291667 234.291667   9.478 0.000   8.251 0.000000
236.291667 237.291667  11.916 0.000 999.999 0.999000
240.291667 241.291667  12.260 0.000   4.971 0.000000
243.291667 244.291667  25.874 0.000   8.710 0.559000
247.291667 248.291667  16.458 0.000   7.139 0.559000
250.291667 251.291667  13.864 0.000  11.306 0.559000
254.291667 255.291667  32.699 0.000  10.178 0.559000
257.291667 258.291667  21.851 0.000 999.999 0.559259
261.291667 262.291667  12.434 0.000  12.402 0.559000
264.291667 265.291667   7.610 0.000   4.024 0.559000
268.291667 269.291667  11.954 0.000   6.982 0.559000
271.291667 272.291667   9.498 0.000   7.249 0.559000
275.291667 276.291667   7.481 0.000   2.134 0.559000
278.291667 279.291667 999.999 0.999 999.999 0.559259
282.291667 283.291667   3.653 0.000   2.145 0.559000
285.291667 286.291667   5.940 0.000   5.350 0.559000
289.291667 290.291667   4.947 0.000   4.199 0.559000
292.291667 293.291667   9.806 0.000   3.282 0.559000
296.291667 297.291667 999.999 0.999   4.128 0.559000
299.291667 300.291667  38.403 0.000   9.315 0.559000
303.291667 304.291667  13.293 0.000   7.975 0.559000
306.291667 307.291667   5.187 0.000   4.688 0.559000
310.291667 311.291667 999.999 0.999  12.134 0.559000
313.291667 314.291667 999.999 0.999 999.999 0.559259
317.291667 318.291667   4.333 0.000   1.748 0.559000
320.291667 321.291667  14.259 0.000   4.427 0.559000
324.291667 325.291667 999.999 0.999   2.812 0.559000
327.291667 328.291667   8.041 0.000   3.344 0.559000
331.291667 332.291667   3.777 0.000   3.031 0.559000
334.291667 335.291667   7.826 0.000   1.900 0.559000
338.291667 339.291667   9.216 0.000 999.999 0.559259
341.291667 342.291667   6.806 0.000 999.999 0.559259
345.291667 346.291667   4.163 0.000 999.999 0.559259
348.291667 349.291667   4.920 0.000 999.999 0.559259
352.291667 353.291667  15.360 0.000   3.491 0.559000
355.291667 356.291667   6.280 0.000 999.999 0.559259
359.291667 360.291667   7.154 0.000   4.309 0.559000
362.291667 363.291667   9.163 0.000   4.719 0.559000
