scripts/IMPROVE-2019_partial/data/US0040R.20010308060000.20191216000000.filterpack..pm25.10mo.1w.US03L_filterpack_US0040.US03L_IMPROVE_Davis.lev2.nas
64 1001
MISSING INFORMATION
US03L, IMPROVE, , , , , , , 
MISSING INFORMATION
IMPROVE sel_HTAP
1 1
2001 01 01 2019 12 16
3.00
days from file reference point
25
1 1 1 1 1 1 1 1 1 1 1 1 1 1 1 1 1 1 1 1 1 1 1 1 1
999.99 9999.99 9.999 999.99 9.999 9.999 9.999999 99.99 9.999999 99.999 9.999 99.999 9.999 99.999 9.999 999.999 9.999 999.999 9.999 999.999 9.999 9.999 9.999 99.999 9.999
end_time of measurement, days from the file reference point
iron, ng/m3, Revision date=20181210133000
numflag iron, no unit, Revision date=20181210133000
lead, ng/m3, Revision date=20181210133000
numflag lead, no unit, Revision date=20181210133000
magnesium, ug/m3, Revision date=20181210133000
numflag magnesium, no unit, Revision date=20181210133000
nickel, ng/m3, Revision date=20181210133000
numflag nickel, no unit, Revision date=20181210133000
nitrate, ug N/m3, Revision date=20181210133000
numflag nitrate, no unit, Revision date=20181210133000
organic_carbon, ug C/m3, Revision date=20181210133000
numflag organic_carbon, no unit, Revision date=20181210133000
organic_mass, ug/m3, Revision date=20181210133000
numflag organic_mass, no unit, Revision date=20181210133000
pm10_mass, ug/m3, Version=2, Version description=Data extracted from http://views.cira.colostate.edu/fed/DataWizard 2019-12-16, Sample duration=1d, Orig. time res.=3d, Matrix=pm10, Blank correction=Blank corrected, Volume std. temperature=ambient, Volume std. pressure=ambient
numflag pm10_mass, no unit, Version=2, Version description=Data extracted from http://views.cira.colostate.edu/fed/DataWizard 2019-12-16, Sample duration=1d, Orig. time res.=3d, Matrix=pm10, Blank correction=Blank corrected, Volume std. temperature=ambient, Volume std. pressure=ambient
pm10_pm25_mass, ug/m3, Revision date=20181210133000, Matrix=pm10_pm25
numflag pm10_pm25_mass, no unit, Revision date=20181210133000, Matrix=pm10_pm25
pm25_mass, ug/m3, Version=2, Version description=Data extracted from http://views.cira.colostate.edu/fed/DataWizard 2019-12-16, Sample duration=1d, Orig. time res.=3d, Blank correction=Blank corrected, Volume std. temperature=ambient, Volume std. pressure=ambient
numflag pm25_mass, no unit, Version=2, Version description=Data extracted from http://views.cira.colostate.edu/fed/DataWizard 2019-12-16, Sample duration=1d, Orig. time res.=3d, Blank correction=Blank corrected, Volume std. temperature=ambient, Volume std. pressure=ambient
potassium, ug/m3, Revision date=20181210133000
numflag potassium, no unit, Revision date=20181210133000
sulphate_total, ug S/m3, Revision date=20181210133000
numflag sulphate_total, no unit, Revision date=20181210133000
0
25
Data definition:              EBAS_1.1
Set type code:                TU
Timezone:                     UTC
File name:                    US0040R.20010308060000.20191216000000.filterpack..pm25.10mo.1w.US03L_filterpack_US0040.US03L_IMPROVE_Davis.lev2.nas
File creation:                20191218115753
Startdate:                    20010308060000
Revision date:                20191216000000
Statistics:                   arithmetic mean
Data level:                   2
Period code:                  10mo
Resolution code:              1w
Station code:                 US0040R
Platform code:                US0040S
Station name:                 Cadiz
Station latitude:             36.7842
Station longitude:            -87.8501
Station altitude:             191.0 m
Regime:                       IMG
Component:                    
Matrix:                       pm25
Laboratory code:              US03L
Instrument type:              filterpack
Instrument name:              filterpack_US0040
Method ref:                   US03L_IMPROVE_Davis
starttime endtime Fe flag_Fe Pb flag_Pb Mg++ flag_Mg++ Ni flag_Ni NO3- flag_NO3- OC flag_OC OM flag_OM PM10 flag_PM10 PM10-PM2.5 flag_PM10-PM2.5 PM2.5 flag_PM2.5 K+ flag_K+ SO4-- flag_SO4--
[from data line 91]
339.25 340.25   23.07 0.000   1.44 0.000 9.999 0.259000  0.20 0.000000  0.176 0.000  3.107 0.000  4.350 0.000  13.512 0.000   3.274 0.000  10.239 0.000 0.066 0.000  1.098 0.000
342.25 343.25   26.99 0.000   4.87 0.000 9.999 0.259000 99.99 0.259000  1.957 0.000  5.119 0.000  7.166 0.000  20.709 0.000   2.083 0.000  18.625 0.000 0.032 0.000  1.175 0.000
345.25 346.25   20.97 0.000   2.04 0.000 9.999 0.259000 99.99 0.259000  0.199 0.000  1.251 0.000  1.752 0.000   8.572 0.000   1.406 0.000   7.166 0.000 0.034 0.000  0.885 0.000
348.25 349.25   22.16 0.000   1.54 0.000 9.999 0.259000  2.29 0.000000  0.338 0.000  0.708 0.000  0.991 0.000   7.277 0.000   1.354 0.000   5.923 0.000 0.018 0.000  0.862 0.000
351.25 352.25   14.16 0.000   2.79 0.000 9.999 0.259000 99.99 0.259000  0.602 0.559  0.817 0.000  1.144 0.000   8.982 0.000   1.159 0.000   7.824 0.000 0.020 0.000  0.899 0.559
354.25 355.25   30.15 0.000   2.15 0.000 9.999 0.259000  0.09 0.000000  0.096 0.000  1.036 0.000  1.450 0.000   6.279 0.000   3.215 0.000   3.064 0.000 0.030 0.000  0.171 0.000
357.25 358.25    9.40 0.000   1.66 0.000 9.999 0.259000 99.99 0.259000  0.111 0.000  0.505 0.000  0.706 0.000   4.865 0.000   2.831 0.000   2.034 0.000 0.018 0.000  0.158 0.000
360.25 361.25   18.30 0.000   1.89 0.000 9.999 0.259000 99.99 0.259000  0.595 0.000  1.286 0.000  1.800 0.000  10.022 0.000   3.077 0.000   6.944 0.000 0.030 0.000  0.439 0.000
363.25 364.25   18.58 0.000   2.02 0.000 9.999 0.259000 99.99 0.259000  0.484 0.000  1.222 0.000  1.711 0.000  10.895 0.000   4.469 0.000   6.426 0.000 0.029 0.000  0.444 0.000
