scripts/IMPROVE-2019_partial/data/US0011R.20080101060000.20191216000000.filterpack...52w.3d.US03L_filterpack_US0011.US03L_IMPROVE_Davis.lev2.nas
51 1001
MISSING INFORMATION
US03L, IMPROVE, , , , , , , 
MISSING INFORMATION
IMPROVE sel_HTAP
1 1
2008 01 01 2019 12 16
3.00
days from file reference point
4
1 1 1 1
999.99 999.999 999.999 9.999
end_time of measurement, days from the file reference point
pm10_mass, ug/m3, Matrix=pm10
pm25_mass, ug/m3, Matrix=pm25
numflag, no unit
0
33
Data definition:              EBAS_1.1
Set type code:                TU
Timezone:                     UTC
File name:                    US0011R.20080101060000.20191216000000.filterpack...52w.3d.US03L_filterpack_US0011.US03L_IMPROVE_Davis.lev2.nas
File creation:                20191218115608
Startdate:                    20080101060000
Revision date:                20191216000000
Version:                      2
Version description:          "Data extracted from http://views.cira.colostate.edu/fed/DataWizard 2019-12-16"
Statistics:                   arithmetic mean
Data level:                   2
Period code:                  52w
Resolution code:              3d
Sample duration:              1d
Orig. time res.:              3d
Station code:                 US0011R
Platform code:                US0011S
Station name:                 Caney Creek
Station latitude:             34.4544
Station longitude:            -94.1429
Station altitude:             683.0 m
Regime:                       IMG
Component:                    
Unit:                         ug/m3
Matrix:                       
Laboratory code:              US03L
Instrument type:              filterpack
Instrument name:              filterpack_US0011
Method ref:                   US03L_IMPROVE_Davis
Blank correction:             Blank corrected
Volume std. temperature:      ambient
Volume std. pressure:         ambient
starttime endtime PM10 PM2.5 flag
  0.25   1.25   3.809   1.373 0.000
  3.25   4.25  10.093   6.778 0.000
  6.25   7.25   5.921   4.071 0.000
  9.25  10.25   7.088   3.808 0.000
 12.25  13.25   5.959   4.348 0.000
 15.25  16.25   8.428   6.158 0.000
 18.25  19.25   8.153   5.917 0.000
 21.25  22.25   8.482   6.493 0.000
 24.25  25.25   4.218   3.251 0.000
 27.25  28.25   7.529   5.976 0.000
 30.25  31.25   2.743   2.196 0.000
 33.25  34.25  10.424   7.436 0.000
 36.25  37.25   4.707   3.559 0.000
 39.25  40.25   3.418   1.057 0.000
 42.25  43.25   8.245   5.489 0.000
 45.25  46.25  11.481   6.919 0.000
 48.25  49.25   3.084   1.437 0.000
 51.25  52.25   5.265   3.077 0.000
 54.25  55.25  12.087   9.922 0.000
 57.25  58.25   6.119   3.420 0.000
 60.25  61.25  14.091   8.457 0.000
 63.25  64.25   4.804   3.046 0.000
 66.25  67.25 999.999 999.999 0.999
 69.25  70.25   9.333   5.928 0.000
 72.25  73.25  11.497   7.325 0.000
 75.25  76.25   9.793   8.342 0.000
 78.25  79.25   4.221   3.239 0.000
 81.25  82.25  15.001  10.444 0.000
 84.25  85.25  18.599  10.653 0.000
 87.25  88.25  11.219   6.332 0.000
 90.25  91.25   4.955   3.057 0.000
 93.25  94.25   3.292   2.337 0.000
 96.25  97.25  13.618   9.729 0.000
 99.25 100.25   7.134   4.474 0.000
102.25 103.25   7.067   3.384 0.000
105.25 106.25  12.773   7.430 0.000
108.25 109.25   8.297   3.580 0.000
111.25 112.25  19.236  12.695 0.000
114.25 115.25 999.999 999.999 0.999
117.25 118.25 999.999 999.999 0.999
120.25 121.25 999.999 999.999 0.999
123.25 124.25  15.948   5.159 0.000
126.25 127.25  19.659  10.514 0.000
129.25 130.25  18.122   8.780 0.000
132.25 133.25  12.310   4.277 0.000
135.25 136.25  11.671   3.827 0.000
138.25 139.25  20.628   7.076 0.000
141.25 142.25  24.693   8.764 0.000
144.25 145.25  21.544  16.087 0.000
147.25 148.25  11.407   4.425 0.000
150.25 151.25  15.892   9.857 0.000
153.25 154.25  13.924   8.627 0.000
156.25 157.25  12.638   5.194 0.000
159.25 160.25  10.850   6.309 0.000
162.25 163.25  10.258   6.771 0.000
165.25 166.25   5.815   2.778 0.000
168.25 169.25  11.090   6.117 0.000
171.25 172.25  15.656  10.048 0.000
174.25 175.25  15.704   9.588 0.000
177.25 178.25  20.210  11.222 0.000
180.25 181.25   9.140   4.800 0.000
183.25 184.25  19.097  12.462 0.000
186.25 187.25  16.334  10.025 0.000
189.25 190.25  32.107  17.038 0.000
192.25 193.25  17.931   9.632 0.000
195.25 196.25  10.531   5.722 0.000
198.25 199.25  20.876  13.280 0.000
201.25 202.25  18.033  14.186 0.000
204.25 205.25  16.531  12.574 0.000
207.25 208.25  47.016  20.467 0.000
210.25 211.25  29.925  15.994 0.000
213.25 214.25  21.515  14.144 0.000
216.25 217.25  18.857  13.393 0.000
219.25 220.25 999.999 999.999 0.999
222.25 223.25 999.999 999.999 0.999
225.25 226.25  12.964   8.701 0.000
228.25 229.25  10.891   8.081 0.000
231.25 232.25  16.391  12.757 0.000
234.25 235.25  10.124   7.129 0.000
237.25 238.25  21.727  14.618 0.000
240.25 241.25  20.564  15.223 0.000
243.25 244.25  24.218  17.191 0.000
246.25 247.25   0.703   0.091 0.000
249.25 250.25   5.413   2.623 0.000
252.25 253.25  13.721   8.450 0.000
255.25 256.25  12.010   6.332 0.000
258.25 259.25   7.920   2.514 0.000
261.25 262.25  17.769  12.287 0.000
264.25 265.25  19.803  15.531 0.000
267.25 268.25  17.873  12.589 0.000
270.25 271.25  20.392  12.207 0.000
273.25 274.25  14.536   6.158 0.000
276.25 277.25  16.048  10.221 0.000
279.25 280.25  10.261   7.369 0.000
282.25 283.25   5.316   2.933 0.000
285.25 286.25  10.588   7.998 0.000
288.25 289.25   7.905   5.414 0.000
291.25 292.25  10.010   5.277 0.000
294.25 295.25  23.426  17.362 0.000
297.25 298.25   6.327   3.340 0.000
300.25 301.25   7.904   2.263 0.000
303.25 304.25  19.321  11.252 0.000
306.25 307.25  17.396  12.368 0.000
309.25 310.25  14.469  11.021 0.000
312.25 313.25   5.999   2.632 0.000
315.25 316.25   2.773   2.203 0.000
318.25 319.25   7.104   4.856 0.000
321.25 322.25   8.463   3.310 0.000
324.25 325.25  14.620   7.319 0.000
327.25 328.25  14.842  10.855 0.000
330.25 331.25  12.313   5.743 0.000
333.25 334.25   8.976   6.730 0.000
336.25 337.25   7.550   3.269 0.000
339.25 340.25   6.509   3.646 0.000
342.25 343.25  11.377   7.695 0.000
345.25 346.25   5.214   2.890 0.000
348.25 349.25   3.578   2.500 0.000
351.25 352.25   1.144   1.143 0.000
354.25 355.25  12.312   8.798 0.000
357.25 358.25   3.280   2.233 0.000
360.25 361.25   2.038   1.124 0.000
363.25 364.25   4.569   2.712 0.000
