scripts/IMPROVE-2019_partial/data/US0022R.20020102080000.20191216000000.filterpack..pm25.52w.1w.US03L_filterpack_US0022.US03L_IMPROVE_Davis.lev2.nas
66 1001
MISSING INFORMATION
US03L, IMPROVE, , , , , , , 
MISSING INFORMATION
IMPROVE sel_HTAP
1 1
2002 01 01 2019 12 16
3.000000
days from file reference point
27
1 1 1 1 1 1 1 1 1 1 1 1 1 1 1 1 1 1 1 1 1 1 1 1 1 1 1
999.999999 9999.99 9.999 99.99 9.999999 9.999 9.999999 9.99 9.999999 99.999 9.999 999.999 9.999 999.999 9.999 999.99 9.999999 9999.999 9.999 999.999 9.999 999.999 9.999 9.999 9.999 9.999 9.999
end_time of measurement, days from the file reference point
iron, ng/m3, Revision date=20181210133000
numflag iron, no unit, Revision date=20181210133000
lead, ng/m3, Revision date=20181210133000
numflag lead, no unit, Revision date=20181210133000
magnesium, ug/m3, Revision date=20181210133000
numflag magnesium, no unit, Revision date=20181210133000
nickel, ng/m3, Revision date=20181210133000
numflag nickel, no unit, Revision date=20181210133000
nitrate, ug N/m3, Revision date=20181210133000
numflag nitrate, no unit, Revision date=20181210133000
organic_carbon, ug C/m3, Revision date=20181210133000
numflag organic_carbon, no unit, Revision date=20181210133000
organic_mass, ug/m3, Revision date=20181210133000
numflag organic_mass, no unit, Revision date=20181210133000
phosphorus, ng/m3, Revision date=20181210133000
numflag phosphorus, no unit, Revision date=20181210133000
pm10_mass, ug/m3, Version=2, Version description=Data extracted from http://views.cira.colostate.edu/fed/DataWizard 2019-12-16, Sample duration=1d, Orig. time res.=3d, Matrix=pm10, Blank correction=Blank corrected, Volume std. temperature=ambient, Volume std. pressure=ambient
numflag pm10_mass, no unit, Version=2, Version description=Data extracted from http://views.cira.colostate.edu/fed/DataWizard 2019-12-16, Sample duration=1d, Orig. time res.=3d, Matrix=pm10, Blank correction=Blank corrected, Volume std. temperature=ambient, Volume std. pressure=ambient
pm10_pm25_mass, ug/m3, Revision date=20181210133000, Matrix=pm10_pm25
numflag pm10_pm25_mass, no unit, Revision date=20181210133000, Matrix=pm10_pm25
pm25_mass, ug/m3, Version=2, Version description=Data extracted from http://views.cira.colostate.edu/fed/DataWizard 2019-12-16, Sample duration=1d, Orig. time res.=3d, Blank correction=Blank corrected, Volume std. temperature=ambient, Volume std. pressure=ambient
numflag pm25_mass, no unit, Version=2, Version description=Data extracted from http://views.cira.colostate.edu/fed/DataWizard 2019-12-16, Sample duration=1d, Orig. time res.=3d, Blank correction=Blank corrected, Volume std. temperature=ambient, Volume std. pressure=ambient
potassium, ug/m3, Revision date=20181210133000
numflag potassium, no unit, Revision date=20181210133000
sulphate_total, ug S/m3, Revision date=20181210133000
numflag sulphate_total, no unit, Revision date=20181210133000
0
25
Data definition:              EBAS_1.1
Set type code:                TU
Timezone:                     UTC
File name:                    US0022R.20020102080000.20191216000000.filterpack..pm25.52w.1w.US03L_filterpack_US0022.US03L_IMPROVE_Davis.lev2.nas
File creation:                20191218115650
Startdate:                    20020102080000
Revision date:                20191216000000
Statistics:                   arithmetic mean
Data level:                   2
Period code:                  52w
Resolution code:              1w
Station code:                 US0022R
Platform code:                US0022S
Station name:                 Dome Lands Wilderness
Station latitude:             35.7278
Station longitude:            -118.1377
Station altitude:             927.0 m
Regime:                       IMG
Component:                    
Matrix:                       pm25
Laboratory code:              US03L
Instrument type:              filterpack
Instrument name:              filterpack_US0022
Method ref:                   US03L_IMPROVE_Davis
starttime endtime Fe flag_Fe Pb flag_Pb Mg++ flag_Mg++ Ni flag_Ni NO3- flag_NO3- OC flag_OC OM flag_OM P flag_P PM10 flag_PM10 PM10-PM2.5 flag_PM10-PM2.5 PM2.5 flag_PM2.5 K+ flag_K+ SO4-- flag_SO4--
  1.333333   2.333333 9999.99 0.999 99.99 0.999000 9.999 0.999000 9.99 0.999000 99.999 0.999 999.999 0.999 999.999 0.999 999.99 0.999000 9999.999 0.999 999.999 0.999 999.999 0.999 9.999 0.999 9.999 0.999
  4.333333   5.333333    3.30 0.559  0.57 0.559000 9.999 0.559259 9.99 0.559259  0.012 0.559   0.648 0.000   0.908 0.000 999.99 0.559259    1.860 0.000   0.816 0.000   1.044 0.559 0.012 0.559 0.042 0.559
  7.333333   8.333333    2.47 0.559  0.51 0.559000 9.999 0.559259 9.99 0.559259  0.001 0.559   0.512 0.000   0.717 0.000 999.99 0.559259    1.921 0.000   1.009 0.000   0.913 0.559 0.009 0.559 0.027 0.559
 10.333333  11.333333    2.48 0.559 99.99 0.559259 9.999 0.559259 9.99 0.559259  0.007 0.559   0.265 0.000   0.371 0.000 999.99 0.559259    1.364 0.000   0.763 0.000   0.602 0.559 0.009 0.559 0.029 0.559
 13.333333  14.333333    4.16 0.559  0.46 0.559000 9.999 0.559259 9.99 0.559259  0.032 0.000   0.311 0.000   0.435 0.000 999.99 0.559259    2.150 0.000   1.320 0.000   0.830 0.559 0.011 0.559 0.051 0.000
 16.333333  17.333333   12.29 0.559  0.52 0.559000 9.999 0.559259 9.99 0.559259  0.219 0.000   0.652 0.000   0.913 0.000 999.99 0.559259    6.737 0.000   3.335 0.000   3.402 0.559 0.018 0.559 0.212 0.000
 19.333333  20.333333   31.15 0.000  1.10 0.000000 9.999 0.259000 9.99 0.259000  0.524 0.000   0.994 0.000   1.391 0.000 999.99 0.259000   15.303 0.000   8.706 0.000   6.597 0.000 0.039 0.000 0.237 0.000
 22.333333  23.333333 9999.99 0.999 99.99 0.999000 9.999 0.999000 9.99 0.999000 99.999 0.999 999.999 0.999 999.999 0.999 999.99 0.999000 9999.999 0.999 999.999 0.999 999.999 0.999 9.999 0.999 9.999 0.999
 25.333333  26.333333 9999.99 0.999 99.99 0.999000 9.999 0.999000 9.99 0.999000 99.999 0.999 999.999 0.999 999.999 0.999 999.99 0.999000 9999.999 0.999 999.999 0.999 999.999 0.999 9.999 0.999 9.999 0.999
 28.333333  29.333333 9999.99 0.999 99.99 0.999000 9.999 0.999000 9.99 0.999000 99.999 0.999 999.999 0.999 999.999 0.999 999.99 0.999000 9999.999 0.999 999.999 0.999 999.999 0.999 9.999 0.999 9.999 0.999
 31.333333  32.333333    4.98 0.559  0.29 0.559000 9.999 0.559259 9.99 0.559259  0.029 0.559   0.195 0.000   0.273 0.000 999.99 0.559259    1.653 0.000   0.915 0.000   0.738 0.559 0.008 0.559 0.028 0.559
 34.333333  35.333333    6.41 0.559  0.43 0.559000 9.999 0.559259 9.99 0.559259  0.016 0.559   0.304 0.000   0.426 0.000 999.99 0.559259    2.191 0.000   1.151 0.000   1.040 0.559 0.010 0.559 0.057 0.559
 37.333333  38.333333   11.64 0.559  0.79 0.559000 9.999 0.559259 9.99 0.559259  0.236 0.559   0.601 0.000   0.842 0.000 999.99 0.559259    5.084 0.000   2.484 0.000   2.601 0.559 0.015 0.559 0.111 0.559
 40.333333  41.333333   13.18 0.559  0.40 0.559000 9.999 0.559259 9.99 0.559259  0.009 0.559 999.999 0.259 999.999 0.259 999.99 0.559259    2.480 0.000   1.739 0.000   0.741 0.559 0.012 0.559 0.035 0.559
 43.333333  44.333333   18.31 0.559  0.81 0.559000 9.999 0.559259 9.99 0.559259  0.013 0.559   0.219 0.000   0.306 0.000 999.99 0.559259    4.561 0.000   3.349 0.000   1.212 0.559 0.018 0.559 0.073 0.559
 46.333333  47.333333   33.48 0.000  1.32 0.000000 9.999 0.259000 0.20 0.000000  0.673 0.559   1.019 0.000   1.427 0.000 999.99 0.259000    9.879 0.000   4.471 0.000   5.408 0.000 0.044 0.000 0.269 0.559
 49.333333  50.333333    3.64 0.559  0.30 0.559000 9.999 0.559259 9.99 0.559259  0.123 0.000   0.521 0.000   0.729 0.000 999.99 0.559259    2.423 0.000   1.008 0.000   1.415 0.559 0.015 0.559 0.121 0.000
 52.333333  53.333333   13.23 0.559  0.58 0.559000 9.999 0.559259 9.99 0.559259  0.010 0.000   0.151 0.000   0.212 0.000 999.99 0.559259    3.596 0.000   2.828 0.000   0.769 0.559 0.010 0.559 0.048 0.000
 55.333333  56.333333   15.60 0.559  0.44 0.559000 9.999 0.559259 0.08 0.559000  0.044 0.000   0.363 0.000   0.509 0.000 999.99 0.559259    4.972 0.000   3.250 0.000   1.722 0.559 0.017 0.559 0.131 0.000
 58.333333  59.333333   19.85 0.559  0.78 0.559000 9.999 0.559259 9.99 0.559259  0.714 0.000   0.931 0.000   1.304 0.000 999.99 0.559259   10.643 0.000   5.546 0.000   5.096 0.559 0.021 0.559 0.166 0.000
 61.333333  62.333333   20.29 0.559  0.51 0.559000 9.999 0.559259 9.99 0.559259  0.014 0.000   0.218 0.000   0.305 0.000 999.99 0.559259    4.671 0.000   3.249 0.000   1.422 0.559 0.021 0.559 0.140 0.000
 64.333333  65.333333   30.20 0.559  1.01 0.559000 9.999 0.559259 9.99 0.559259  0.235 0.559   0.595 0.000   0.833 0.000 999.99 0.559259    6.534 0.000   4.171 0.000   2.362 0.559 0.032 0.559 0.110 0.559
 67.333333  68.333333   46.94 0.559  1.11 0.559000 9.999 0.559259 0.09 0.559000  0.024 0.559   0.341 0.000   0.478 0.000 999.99 0.559259    7.889 0.000   5.814 0.000   2.075 0.559 0.037 0.559 0.098 0.559
 70.333333  71.333333   37.12 0.559  0.90 0.559000 9.999 0.559259 9.99 0.559259  0.884 0.559   1.185 0.000   1.659 0.000 999.99 0.559259   15.873 0.000   8.047 0.000   7.826 0.559 0.035 0.559 0.289 0.559
 73.333333  74.333333   15.85 0.559  0.51 0.559000 9.999 0.559259 9.99 0.559259  0.371 0.559   0.591 0.000   0.827 0.000 999.99 0.559259    6.448 0.000   3.269 0.000   3.179 0.559 0.017 0.559 0.176 0.559
 76.333333  77.333333   15.54 0.559  0.38 0.559000 9.999 0.559259 9.99 0.559259  0.099 0.559   0.532 0.000   0.745 0.000 999.99 0.559259    4.671 0.000   3.075 0.000   1.596 0.559 0.017 0.559 0.102 0.559
 79.333333  80.333333   23.63 0.000  0.75 0.000000 9.999 0.259000 0.14 0.000000  0.019 0.559   0.174 0.000   0.244 0.000 999.99 0.259000    3.328 0.000   1.945 0.000   1.383 0.000 0.019 0.000 0.114 0.559
 82.333333  83.333333    3.38 0.559  0.37 0.559000 9.999 0.559259 9.99 0.559259  0.063 0.559   0.148 0.000   0.207 0.000 999.99 0.559259    1.397 0.000   0.647 0.000   0.750 0.559 0.005 0.559 0.058 0.559
 85.333333  86.333333   26.93 0.559  0.98 0.559000 9.999 0.559259 0.16 0.559000  0.375 0.000   0.819 0.000   1.146 0.000 999.99 0.559259    6.739 0.000   3.364 0.000   3.375 0.559 0.019 0.559 0.188 0.000
 88.333333  89.333333   70.81 0.000  1.55 0.000000 9.999 0.259000 9.99 0.259000  0.073 0.559   1.092 0.000   1.528 0.000 999.99 0.259000    9.273 0.000   4.856 0.000   4.417 0.000 0.059 0.000 0.236 0.559
 91.333333  92.333333  133.29 0.000  2.57 0.000000 9.999 0.259000 0.18 0.000000  0.253 0.559   1.974 0.000   2.764 0.000 999.99 0.259000   16.848 0.000   8.592 0.000   8.256 0.000 0.092 0.000 0.467 0.559
 94.333333  95.333333 9999.99 0.999 99.99 0.999000 9.999 0.999000 9.99 0.999000 99.999 0.999 999.999 0.999 999.999 0.999 999.99 0.999000 9999.999 0.999 999.999 0.999 999.999 0.999 9.999 0.999 9.999 0.999
 97.333333  98.333333 9999.99 0.999 99.99 0.999000 9.999 0.999000 9.99 0.999000 99.999 0.999 999.999 0.999 999.999 0.999 999.99 0.999000 9999.999 0.999 999.999 0.999 999.999 0.999 9.999 0.999 9.999 0.999
100.333333 101.333333   59.00 0.559  1.32 0.559000 9.999 0.559259 0.19 0.559000  0.424 0.000   2.054 0.000   2.875 0.000 999.99 0.559259   17.217 0.000   9.313 0.000   7.904 0.559 0.047 0.559 0.558 0.000
103.333333 104.333333  126.29 0.000  1.53 0.000000 9.999 0.259000 0.09 0.000000  0.109 0.559   2.952 0.000   4.133 0.000 999.99 0.259000   23.052 0.000  12.714 0.000  10.339 0.000 0.072 0.000 0.479 0.559
106.333333 107.333333 9999.99 0.999 99.99 0.999000 9.999 0.999000 9.99 0.999000 99.999 0.999 999.999 0.999 999.999 0.999 999.99 0.999000 9999.999 0.999 999.999 0.999 999.999 0.999 9.999 0.999 9.999 0.999
109.333333 110.333333   28.26 0.559  0.70 0.559000 9.999 0.559259 9.99 0.559259  0.207 0.559   0.802 0.000   1.123 0.000 999.99 0.559259   10.747 0.000   7.690 0.000   3.058 0.559 0.022 0.559 0.253 0.559
112.333333 113.333333  177.10 0.000  3.07 0.000000 9.999 0.259000 0.18 0.000000  0.255 0.000   1.608 0.000   2.251 0.000 999.99 0.259000   19.142 0.000  10.465 0.000   8.678 0.000 0.120 0.000 0.555 0.000
115.333333 116.333333   28.89 0.559  0.69 0.559000 9.999 0.559259 0.18 0.559000  0.127 0.559   0.447 0.000   0.625 0.000 999.99 0.559259    6.200 0.000   3.792 0.000   2.408 0.559 0.032 0.559 0.240 0.559
118.333333 119.333333   96.45 0.000  1.62 0.000000 9.999 0.259000 9.99 0.259000  0.178 0.000   0.609 0.000   0.853 0.000 999.99 0.259000   11.243 0.000   6.787 0.000   4.456 0.000 0.060 0.000 0.324 0.000
121.333333 122.333333 9999.99 0.999 99.99 0.999000 9.999 0.999000 9.99 0.999000 99.999 0.999 999.999 0.999 999.999 0.999 999.99 0.999000 9999.999 0.999 999.999 0.999 999.999 0.999 9.999 0.999 9.999 0.999
124.333333 125.333333   84.04 0.000  2.22 0.000000 9.999 0.259000 0.16 0.000000  0.471 0.000   2.102 0.000   2.942 0.000 999.99 0.259000   21.778 0.000  12.295 0.000   9.483 0.000 0.061 0.000 0.739 0.000
127.333333 128.333333   70.73 0.559  1.29 0.559000 9.999 0.559259 9.99 0.559259  0.345 0.559   1.298 0.000   1.817 0.000 999.99 0.559259   21.242 0.000  15.771 0.000   5.471 0.559 0.054 0.559 0.302 0.559
130.333333 131.333333   67.59 0.000  1.63 0.000000 9.999 0.259000 0.16 0.000000  0.194 0.559   0.870 0.000   1.219 0.000 999.99 0.259000   16.806 0.000  12.425 0.000   4.381 0.000 0.059 0.000 0.264 0.559
133.333333 134.333333  143.38 0.000  1.32 0.000000 9.999 0.259000 0.08 0.000000  0.213 0.559   1.735 0.000   2.428 0.000 999.99 0.259000   43.019 0.000  35.569 0.000   7.450 0.000 0.096 0.000 0.445 0.559
136.333333 137.333333  221.65 0.000  1.22 0.000000 9.999 0.259000 0.21 0.000000  0.359 0.000   2.421 0.000   3.390 0.000 999.99 0.259000  109.426 0.000  97.399 0.000  12.027 0.000 0.109 0.000 0.585 0.000
139.333333 140.333333   49.56 0.559  0.27 0.559000 9.999 0.559259 9.99 0.559259  0.024 0.000   0.372 0.000   0.520 0.000 999.99 0.559259   16.190 0.000  14.288 0.000   1.901 0.559 0.023 0.559 0.091 0.000
142.333333 143.333333   57.20 0.559  0.86 0.559000 9.999 0.559259 0.13 0.559000  0.361 0.559   1.281 0.000   1.793 0.000 999.99 0.559259   15.327 0.000   9.663 0.000   5.664 0.559 0.042 0.559 0.381 0.559
145.333333 146.333333   44.20 0.000  1.04 0.000000 9.999 0.259000 0.18 0.000000  0.257 0.559   2.000 0.000   2.799 0.000 999.99 0.259000   19.689 0.000  11.923 0.000   7.767 0.000 0.036 0.000 0.577 0.559
148.333333 149.333333   49.92 0.000  0.74 0.000000 9.999 0.259000 0.20 0.000000  0.075 0.559   1.712 0.000   2.396 0.000 999.99 0.259000   19.097 0.000  12.032 0.000   7.065 0.000 0.031 0.000 0.552 0.559
151.333333 152.333333   58.84 0.000  0.74 0.000000 9.999 0.259000 9.99 0.259000  0.239 0.559   1.229 0.000   1.721 0.000 999.99 0.259000   22.239 0.000  15.947 0.000   6.292 0.000 0.043 0.000 0.543 0.559
154.333333 155.333333   52.74 0.000  1.18 0.000000 9.999 0.259000 9.99 0.259000  0.244 0.559   1.802 0.000   2.522 0.000 999.99 0.259000   21.921 0.000  13.430 0.000   8.491 0.000 0.050 0.000 0.604 0.559
157.333333 158.333333 9999.99 0.999 99.99 0.999000 9.999 0.999000 9.99 0.999000 99.999 0.999 999.999 0.999 999.999 0.999 999.99 0.999000 9999.999 0.999 999.999 0.999 999.999 0.999 9.999 0.999 9.999 0.999
160.333333 161.333333 9999.99 0.999 99.99 0.999000 9.999 0.999000 9.99 0.999000 99.999 0.999 999.999 0.999 999.999 0.999 999.99 0.999000 9999.999 0.999 999.999 0.999 999.999 0.999 9.999 0.999 9.999 0.999
163.333333 164.333333  121.63 0.000  0.80 0.000000 9.999 0.259000 0.21 0.000000  0.487 0.000   1.883 0.000   2.637 0.000 999.99 0.259000   35.996 0.000  27.077 0.000   8.919 0.000 0.105 0.000 0.919 0.000
166.333333 167.333333 9999.99 0.699 99.99 0.699000 9.999 0.699000 9.99 0.699000  0.211 0.559   9.393 0.000  13.150 0.000 999.99 0.699000   44.739 0.000 999.999 0.999 999.999 0.699 9.999 0.699 0.620 0.559
169.333333 170.333333   63.72 0.000  0.72 0.000000 9.999 0.259000 9.99 0.259000  0.085 0.559   1.618 0.000   2.265 0.000 999.99 0.259000   21.908 0.000  15.257 0.000   6.651 0.000 0.043 0.000 0.467 0.559
172.333333 173.333333   64.50 0.000  0.72 0.000000 9.999 0.259000 0.11 0.000000  0.204 0.559   1.904 0.000   2.665 0.000 999.99 0.259000   23.355 0.000  15.320 0.000   8.034 0.000 0.102 0.000 0.527 0.559
175.333333 176.333333   62.06 0.000  1.01 0.000000 9.999 0.259000 9.99 0.259000  0.065 0.559   1.649 0.000   2.308 0.000 999.99 0.259000   20.123 0.000  13.262 0.000   6.861 0.000 0.039 0.000 0.540 0.559
178.333333 179.333333   93.82 0.000  1.51 0.000000 9.999 0.259000 0.17 0.000000  0.112 0.559   2.706 0.000   3.788 0.000 999.99 0.259000   30.713 0.000  19.533 0.000  11.180 0.000 0.054 0.000 0.847 0.559
181.333333 182.333333   78.88 0.000  0.90 0.000000 9.999 0.259000 0.17 0.000000  0.079 0.559   2.530 0.000   3.542 0.000 999.99 0.259000   23.328 0.000  13.515 0.000   9.813 0.000 0.080 0.000 0.777 0.559
184.333333 185.333333  137.74 0.000  0.81 0.000000 9.999 0.259000 0.19 0.000000  0.091 0.559   2.024 0.000   2.833 0.000 999.99 0.259000   28.405 0.000  18.952 0.000   9.453 0.000 0.088 0.000 0.653 0.559
187.333333 188.333333   66.11 0.000  1.33 0.000000 9.999 0.259000 0.13 0.000000  0.160 0.559   2.045 0.000   2.863 0.000 999.99 0.259000   26.489 0.000  17.956 0.000   8.533 0.000 0.115 0.000 0.608 0.559
190.333333 191.333333 9999.99 0.999 99.99 0.999000 9.999 0.999000 9.99 0.999000 99.999 0.999 999.999 0.999 999.999 0.999 999.99 0.999000 9999.999 0.999 999.999 0.999 999.999 0.999 9.999 0.999 9.999 0.999
193.333333 194.333333   84.07 0.000  0.89 0.000000 9.999 0.259000 9.99 0.259000  0.067 0.000   2.244 0.000   3.142 0.000 999.99 0.259000   23.490 0.000  14.378 0.000   9.112 0.000 0.054 0.000 0.746 0.000
196.333333 197.333333   71.18 0.000  0.62 0.000000 9.999 0.259000 0.09 0.000000  0.103 0.559   1.318 0.000   1.845 0.000 999.99 0.259000   19.624 0.000  12.946 0.000   6.678 0.000 0.052 0.000 0.561 0.559
199.333333 200.333333   80.52 0.000  0.78 0.000000 9.999 0.259000 0.14 0.000000  0.075 0.559   1.767 0.000   2.474 0.000 999.99 0.259000   22.942 0.000  15.206 0.000   7.736 0.000 0.061 0.000 0.538 0.559
202.333333 203.333333   68.34 0.000  1.15 0.000000 9.999 0.259000 9.99 0.259000  0.067 0.559   2.454 0.000   3.436 0.000 999.99 0.259000   21.126 0.000  13.973 0.000   7.153 0.000 0.072 0.000 0.357 0.559
205.333333 206.333333 9999.99 0.999 99.99 0.999000 9.999 0.999000 9.99 0.999000 99.999 0.999 999.999 0.999 999.999 0.999 999.99 0.999000 9999.999 0.999 999.999 0.999 999.999 0.999 9.999 0.999 9.999 0.999
208.333333 209.333333 9999.99 0.699 99.99 0.699000 9.999 0.699000 9.99 0.699000  0.188 0.000  14.866 0.000  20.813 0.000 999.99 0.699000   48.047 0.000 999.999 0.999 999.999 0.699 9.999 0.699 0.533 0.000
211.333333 212.333333 9999.99 0.999 99.99 0.999000 9.999 0.999000 9.99 0.999000 99.999 0.999 999.999 0.999 999.999 0.999 999.99 0.999000 9999.999 0.999 999.999 0.999 999.999 0.999 9.999 0.999 9.999 0.999
214.333333 215.333333   64.53 0.000  0.64 0.000000 9.999 0.259000 9.99 0.259000  0.085 0.559   6.205 0.000   8.687 0.000 999.99 0.259000   23.929 0.000  12.043 0.000  11.886 0.000 0.114 0.000 0.285 0.559
217.333333 218.333333   83.15 0.699  1.27 0.699000 0.032 0.699000 0.11 0.699000  0.190 0.559   4.285 0.000   6.000 0.000 999.99 0.699259   25.605 0.000  13.756 0.000  11.848 0.699 0.098 0.699 0.321 0.559
220.333333 221.333333 9999.99 0.999 99.99 0.999000 9.999 0.999000 9.99 0.999000 99.999 0.999 999.999 0.999 999.999 0.999 999.99 0.999000 9999.999 0.999 999.999 0.999 999.999 0.999 9.999 0.999 9.999 0.999
223.333333 224.333333 9999.99 0.999 99.99 0.999000 9.999 0.999000 9.99 0.999000 99.999 0.999 999.999 0.999 999.999 0.999 999.99 0.999000 9999.999 0.999 999.999 0.999 999.999 0.999 9.999 0.999 9.999 0.999
226.333333 227.333333  216.28 0.699  0.78 0.699000 9.999 0.699259 0.27 0.699000  0.208 0.000  10.799 0.000  15.118 0.000 999.99 0.699259   49.392 0.000  23.782 0.000  25.610 0.699 0.204 0.699 0.606 0.000
229.333333 230.333333 9999.99 0.699 99.99 0.699000 9.999 0.699000 9.99 0.699000  0.143 0.000  15.064 0.000  21.089 0.000 999.99 0.699000   49.092 0.000 999.999 0.999 999.999 0.699 9.999 0.699 0.519 0.000
232.333333 233.333333 9999.99 0.699 99.99 0.699000 9.999 0.699000 9.99 0.699000  0.363 0.000   8.994 0.000  12.592 0.000 999.99 0.699000   41.838 0.000 999.999 0.999 999.999 0.699 9.999 0.699 0.367 0.000
