scripts/IMPROVE-2019_partial/data/US0089R.20030103070000.20191216000000.filterpack..pm25.1y.1w.US03L_filterpack_US0089.US03L_IMPROVE_Davis.lev2.nas
66 1001
MISSING INFORMATION
US03L, IMPROVE, , , , , , , 
MISSING INFORMATION
IMPROVE sel_HTAP
1 1
2003 01 01 2019 12 16
3.000000
days from file reference point
27
1 1 1 1 1 1 1 1 1 1 1 1 1 1 1 1 1 1 1 1 1 1 1 1 1 1 1
999.999999 9999.99 9.999 99.99 9.999999 9.999 9.999999 9.99 9.999999 9.999 9.999 99.999 9.999 999.999 9.999 999.99 9.999999 999.999 9.999 999.999 9.999 999.999 9.999 9.999 9.999 9.999 9.999
end_time of measurement, days from the file reference point
iron, ng/m3, Revision date=20181210133000
numflag iron, no unit, Revision date=20181210133000
lead, ng/m3, Revision date=20181210133000
numflag lead, no unit, Revision date=20181210133000
magnesium, ug/m3, Revision date=20181210133000
numflag magnesium, no unit, Revision date=20181210133000
nickel, ng/m3, Revision date=20181210133000
numflag nickel, no unit, Revision date=20181210133000
nitrate, ug N/m3, Revision date=20181210133000
numflag nitrate, no unit, Revision date=20181210133000
organic_carbon, ug C/m3, Revision date=20181210133000
numflag organic_carbon, no unit, Revision date=20181210133000
organic_mass, ug/m3, Revision date=20181210133000
numflag organic_mass, no unit, Revision date=20181210133000
phosphorus, ng/m3, Revision date=20181210133000
numflag phosphorus, no unit, Revision date=20181210133000
pm10_mass, ug/m3, Version=2, Version description=Data extracted from http://views.cira.colostate.edu/fed/DataWizard 2019-12-16, Sample duration=1d, Orig. time res.=3d, Matrix=pm10, Blank correction=Blank corrected, Volume std. temperature=ambient, Volume std. pressure=ambient
numflag pm10_mass, no unit, Version=2, Version description=Data extracted from http://views.cira.colostate.edu/fed/DataWizard 2019-12-16, Sample duration=1d, Orig. time res.=3d, Matrix=pm10, Blank correction=Blank corrected, Volume std. temperature=ambient, Volume std. pressure=ambient
pm10_pm25_mass, ug/m3, Revision date=20181210133000, Matrix=pm10_pm25
numflag pm10_pm25_mass, no unit, Revision date=20181210133000, Matrix=pm10_pm25
pm25_mass, ug/m3, Version=2, Version description=Data extracted from http://views.cira.colostate.edu/fed/DataWizard 2019-12-16, Sample duration=1d, Orig. time res.=3d, Blank correction=Blank corrected, Volume std. temperature=ambient, Volume std. pressure=ambient
numflag pm25_mass, no unit, Version=2, Version description=Data extracted from http://views.cira.colostate.edu/fed/DataWizard 2019-12-16, Sample duration=1d, Orig. time res.=3d, Blank correction=Blank corrected, Volume std. temperature=ambient, Volume std. pressure=ambient
potassium, ug/m3, Revision date=20181210133000
numflag potassium, no unit, Revision date=20181210133000
sulphate_total, ug S/m3, Revision date=20181210133000
numflag sulphate_total, no unit, Revision date=20181210133000
0
25
Data definition:              EBAS_1.1
Set type code:                TU
Timezone:                     UTC
File name:                    US0089R.20030103070000.20191216000000.filterpack..pm25.1y.1w.US03L_filterpack_US0089.US03L_IMPROVE_Davis.lev2.nas
File creation:                20191218120126
Startdate:                    20030103070000
Revision date:                20191216000000
Statistics:                   arithmetic mean
Data level:                   2
Period code:                  1y
Resolution code:              1w
Station code:                 US0089R
Platform code:                US0089S
Station name:                 Bridger Wilderness
Station latitude:             42.9749
Station longitude:            -109.7579
Station altitude:             2626.0 m
Regime:                       IMG
Component:                    
Matrix:                       pm25
Laboratory code:              US03L
Instrument type:              filterpack
Instrument name:              filterpack_US0089
Method ref:                   US03L_IMPROVE_Davis
starttime endtime Fe flag_Fe Pb flag_Pb Mg++ flag_Mg++ Ni flag_Ni NO3- flag_NO3- OC flag_OC OM flag_OM P flag_P PM10 flag_PM10 PM10-PM2.5 flag_PM10-PM2.5 PM2.5 flag_PM2.5 K+ flag_K+ SO4-- flag_SO4--
  2.291667   3.291667    1.84 0.000  0.14 0.000000 0.013 0.000000 0.05 0.000000 0.004 0.000  0.131 0.000   0.183 0.000 999.99 0.259000   0.781 0.000   0.235 0.000   0.546 0.000 0.002 0.000 0.071 0.000
  5.291667   6.291667    0.73 0.000  0.12 0.000000 9.999 0.259000 9.99 0.259000 0.002 0.000  0.061 0.000   0.085 0.000 999.99 0.259000 999.999 0.259 999.999 0.259   0.306 0.000 0.002 0.000 0.023 0.000
  8.291667   9.291667    3.43 0.000  0.26 0.000000 0.010 0.000000 9.99 0.259000 0.058 0.000  0.430 0.000   0.602 0.000 999.99 0.259000   1.871 0.000   0.597 0.000   1.274 0.000 0.004 0.000 0.082 0.000
 11.291667  12.291667    0.81 0.000 99.99 0.259000 0.011 0.000000 9.99 0.259000 0.004 0.000  0.126 0.000   0.176 0.000 999.99 0.259000   0.620 0.000   0.165 0.000   0.455 0.000 0.002 0.000 0.077 0.000
 14.291667  15.291667    2.23 0.000  0.09 0.000000 0.020 0.000000 9.99 0.259000 0.020 0.000  0.154 0.000   0.215 0.000 999.99 0.259000   0.790 0.000   0.230 0.000   0.560 0.000 0.003 0.000 0.036 0.000
 17.291667  18.291667    0.62 0.000  0.12 0.000000 0.028 0.000000 9.99 0.259000 0.003 0.000  0.132 0.000   0.184 0.000 999.99 0.259000   0.499 0.000   0.224 0.000   0.275 0.000 0.002 0.000 0.016 0.000
 20.291667  21.291667    2.48 0.000  0.21 0.000000 9.999 0.259000 9.99 0.259000 0.078 0.000  0.384 0.000   0.537 0.000  16.11 0.000000   1.345 0.000 999.999 0.259   1.435 0.000 0.003 0.000 0.082 0.000
 23.291667  24.291667    3.69 0.000 99.99 0.259000 0.017 0.000000 9.99 0.259000 0.033 0.000  0.180 0.000   0.252 0.000 999.99 0.259000   0.248 0.000 999.999 0.259   0.651 0.000 0.002 0.000 0.052 0.000
 26.291667  27.291667    3.27 0.000  0.90 0.000000 9.999 0.259000 9.99 0.259000 0.013 0.000  0.378 0.000   0.529 0.000 999.99 0.259000   1.529 0.000   0.346 0.000   1.183 0.000 0.009 0.000 0.138 0.000
 29.291667  30.291667    1.26 0.000  0.15 0.000000 9.999 0.259000 0.04 0.000000 0.006 0.000  0.086 0.000   0.120 0.000 999.99 0.259000   0.125 0.000 999.999 0.259   0.340 0.000 0.001 0.000 0.030 0.000
 32.291667  33.291667    6.84 0.000 99.99 0.259000 0.008 0.000000 0.07 0.000000 0.003 0.000  0.158 0.000   0.221 0.000 999.99 0.259000   1.137 0.000   0.562 0.000   0.576 0.000 0.005 0.000 0.030 0.000
 35.291667  36.291667    1.06 0.000  0.08 0.000000 0.026 0.000000 9.99 0.259000 0.004 0.000  0.228 0.000   0.319 0.000   6.17 0.000000   0.466 0.000   0.057 0.000   0.408 0.000 0.002 0.000 0.082 0.000
 38.291667  39.291667    1.75 0.000  0.26 0.000000 9.999 0.259000 9.99 0.259000 0.016 0.000  0.346 0.000   0.484 0.000   3.01 0.000000   1.059 0.000   0.273 0.000   0.786 0.000 0.006 0.000 0.052 0.000
 41.291667  42.291667    3.85 0.000  0.28 0.000000 0.011 0.000000 0.04 0.000000 0.073 0.000  0.268 0.000   0.375 0.000 999.99 0.259000   0.629 0.000 999.999 0.259   0.729 0.000 0.006 0.000 0.074 0.000
 44.291667  45.291667    1.30 0.000  0.07 0.000000 0.011 0.000000 9.99 0.259000 0.004 0.000  0.218 0.000   0.305 0.000   1.92 0.000000   0.042 0.000   0.042 0.000 999.999 0.259 0.002 0.000 0.045 0.000
 47.291667  48.291667    2.58 0.000  0.18 0.000000 9.999 0.259000 9.99 0.259000 0.013 0.000  0.082 0.000   0.114 0.000 999.99 0.259000   0.550 0.000   0.236 0.000   0.314 0.000 0.003 0.000 0.075 0.000
 50.291667  51.291667    3.89 0.559  0.18 0.559000 9.999 0.559259 9.99 0.559259 0.090 0.000  0.200 0.000   0.280 0.000 999.99 0.559259   1.143 0.000   0.193 0.000   0.950 0.559 0.004 0.559 0.134 0.000
 53.291667  54.291667    2.93 0.000  0.13 0.000000 9.999 0.259000 9.99 0.259000 0.019 0.000  0.241 0.000   0.337 0.000 999.99 0.259000   0.776 0.000   0.462 0.000   0.314 0.000 0.004 0.000 0.060 0.000
 56.291667  57.291667   10.91 0.000  0.26 0.000000 0.023 0.000000 9.99 0.259000 0.004 0.000  0.176 0.000   0.246 0.000 999.99 0.259000   0.932 0.000   0.356 0.000   0.576 0.000 0.011 0.000 0.077 0.000
 59.291667  60.291667   14.20 0.000  0.45 0.000000 9.999 0.259000 9.99 0.259000 0.146 0.000  0.426 0.000   0.596 0.000 999.99 0.259000   2.710 0.000   0.886 0.000   1.824 0.000 0.015 0.000 0.156 0.000
 62.291667  63.291667    4.56 0.000 99.99 0.259000 0.014 0.000000 9.99 0.259000 0.067 0.000  0.195 0.000   0.273 0.000 999.99 0.259000   0.852 0.000   0.378 0.000   0.474 0.000 0.005 0.000 0.058 0.000
 65.291667  66.291667   12.17 0.000  0.34 0.000000 9.999 0.259000 9.99 0.259000 0.025 0.000  0.209 0.000   0.292 0.000 999.99 0.259000   1.372 0.000   0.744 0.000   0.628 0.000 0.011 0.000 0.084 0.000
 68.291667  69.291667   19.61 0.000  0.22 0.000000 9.999 0.259000 9.99 0.259000 0.019 0.000  0.250 0.000   0.350 0.000 999.99 0.259000   1.716 0.000   1.024 0.000   0.691 0.000 0.014 0.000 0.074 0.000
 71.291667  72.291667   42.63 0.000  0.56 0.000000 9.999 0.259000 9.99 0.259000 0.038 0.000  0.388 0.000   0.543 0.000 999.99 0.259000   4.573 0.000   2.653 0.000   1.920 0.000 0.031 0.000 0.128 0.000
 74.291667  75.291667   28.37 0.000  0.34 0.000000 9.999 0.259000 9.99 0.259000 0.017 0.000  0.257 0.000   0.359 0.000 999.99 0.259000   2.162 0.000   0.978 0.000   1.184 0.000 0.021 0.000 0.135 0.000
 77.291667  78.291667    5.82 0.000  0.16 0.000000 9.999 0.259000 9.99 0.259000 0.037 0.559  0.318 0.000   0.445 0.000 999.99 0.259000   2.108 0.000   0.620 0.000   1.488 0.000 0.007 0.000 0.196 0.559
 80.291667  81.291667    7.36 0.000 99.99 0.259000 9.999 0.259000 9.99 0.259000 0.041 0.000  0.199 0.000   0.279 0.000 999.99 0.259000   1.571 0.000   0.627 0.000   0.944 0.000 0.009 0.000 0.102 0.000
 83.291667  84.291667   20.84 0.000  0.47 0.000000 9.999 0.259000 9.99 0.259000 0.093 0.000  0.263 0.000   0.368 0.000 999.99 0.259000   3.239 0.000   1.331 0.000   1.908 0.000 0.020 0.000 0.147 0.000
 86.291667  87.291667    9.42 0.000  0.25 0.000000 9.999 0.259000 9.99 0.259000 0.036 0.000  0.129 0.000   0.181 0.000 999.99 0.259000   1.871 0.000   0.158 0.000   1.713 0.000 0.009 0.000 0.253 0.000
 89.291667  90.291667   14.47 0.000  0.30 0.000000 9.999 0.259000 9.99 0.259000 0.107 0.000  0.259 0.000   0.362 0.000 999.99 0.259000   2.301 0.000   0.758 0.000   1.543 0.000 0.012 0.000 0.091 0.000
 92.291667  93.291667   23.21 0.000  0.49 0.000000 9.999 0.259000 9.99 0.259000 0.030 0.000  0.069 0.000   0.096 0.000 999.99 0.259000   3.018 0.000   1.442 0.000   1.575 0.000 0.022 0.000 0.159 0.000
 95.291667  96.291667   16.98 0.000  0.64 0.000000 9.999 0.259000 9.99 0.259000 0.053 0.000 99.999 0.259 999.999 0.259 999.99 0.259000   2.273 0.000   0.584 0.000   1.690 0.000 0.013 0.000 0.206 0.000
 98.291667  99.291667   30.76 0.000  0.59 0.000000 9.999 0.259000 9.99 0.259000 0.030 0.000  0.362 0.000   0.507 0.000 999.99 0.259000   2.794 0.000   0.965 0.000   1.829 0.000 0.018 0.000 0.116 0.000
101.291667 102.291667  100.32 0.000  1.40 0.000000 9.999 0.259000 9.99 0.259000 0.087 0.000  0.820 0.000   1.148 0.000 999.99 0.259000  10.766 0.000   5.476 0.000   5.290 0.000 0.067 0.000 0.348 0.000
104.291667 105.291667   61.20 0.000  0.44 0.000000 9.999 0.259000 9.99 0.259000 0.047 0.000  0.391 0.000   0.548 0.000 999.99 0.259000   6.768 0.000   3.733 0.000   3.035 0.000 0.041 0.000 0.157 0.000
107.291667 108.291667   20.33 0.000  0.20 0.000000 9.999 0.259000 9.99 0.259000 0.026 0.000  0.260 0.000   0.364 0.000 999.99 0.259000   1.849 0.000   0.650 0.000   1.200 0.000 0.015 0.000 0.081 0.000
110.291667 111.291667   23.93 0.000  0.21 0.000000 9.999 0.259000 9.99 0.259000 0.023 0.000  0.340 0.000   0.476 0.000 999.99 0.259000   3.534 0.000   1.469 0.000   2.065 0.000 0.017 0.000 0.215 0.000
113.291667 114.291667   25.61 0.000  0.38 0.000000 9.999 0.259000 0.05 0.000000 0.017 0.000  0.312 0.000   0.437 0.000 999.99 0.259000   2.219 0.000   0.459 0.000   1.760 0.000 0.019 0.000 0.148 0.000
116.291667 117.291667   22.68 0.000  0.38 0.000000 9.999 0.259000 0.04 0.000000 0.020 0.000  0.162 0.000   0.227 0.000 999.99 0.259000   2.852 0.000   1.323 0.000   1.529 0.000 0.017 0.000 0.132 0.000
119.291667 120.291667   45.63 0.000  0.34 0.000000 9.999 0.259000 9.99 0.259000 0.028 0.000  0.286 0.000   0.400 0.000 999.99 0.259000   2.930 0.000   1.106 0.000   1.823 0.000 0.030 0.000 0.101 0.000
122.291667 123.291667   52.99 0.000  0.48 0.000000 9.999 0.259000 9.99 0.259000 0.061 0.000  0.223 0.000   0.312 0.000 999.99 0.259000   5.712 0.000   3.240 0.000   2.471 0.000 0.042 0.000 0.178 0.000
125.291667 126.291667   20.00 0.000  0.82 0.000000 9.999 0.259000 9.99 0.259000 0.059 0.000  0.685 0.000   0.959 0.000 999.99 0.259000   4.637 0.000   0.809 0.000   3.828 0.000 0.022 0.000 0.451 0.000
128.291667 129.291667    3.71 0.000  0.11 0.000000 9.999 0.259000 9.99 0.259000 0.002 0.000  0.020 0.000   0.027 0.000 999.99 0.259000   0.579 0.000   0.200 0.000   0.379 0.000 0.002 0.000 0.041 0.000
131.291667 132.291667   16.21 0.000  0.44 0.000000 9.999 0.259000 0.04 0.000000 0.030 0.000  0.326 0.000   0.457 0.000 999.99 0.259000   2.507 0.000   0.817 0.000   1.689 0.000 0.013 0.000 0.162 0.000
134.291667 135.291667   63.57 0.559  0.85 0.559000 0.010 0.559000 9.99 0.559259 0.067 0.000  0.644 0.000   0.902 0.000 999.99 0.559259   6.986 0.000   2.766 0.000   4.220 0.559 0.058 0.559 0.333 0.000
137.291667 138.291667   27.58 0.000  0.67 0.000000 9.999 0.259000 9.99 0.259000 0.072 0.000  1.019 0.000   1.427 0.000 999.99 0.259000 999.999 0.456 999.999 0.999   3.673 0.000 0.031 0.000 0.248 0.000
140.291667 141.291667   29.07 0.000  0.42 0.000000 9.999 0.259000 9.99 0.259000 0.029 0.000  0.598 0.000   0.837 0.000 999.99 0.259000   4.305 0.000   1.928 0.000   2.377 0.000 0.027 0.000 0.123 0.000
143.291667 144.291667   49.59 0.000  0.42 0.000000 9.999 0.259000 9.99 0.259000 0.042 0.000  0.942 0.000   1.319 0.000 999.99 0.259000   5.239 0.000   1.844 0.000   3.395 0.000 0.077 0.000 0.137 0.000
146.291667 147.291667   35.33 0.000  0.52 0.000000 9.999 0.259000 0.04 0.000000 0.018 0.000  0.901 0.000   1.262 0.000 999.99 0.259000   5.313 0.000   2.176 0.000   3.137 0.000 0.028 0.000 0.173 0.000
149.291667 150.291667   48.81 0.000  0.68 0.000000 9.999 0.259000 9.99 0.259000 0.042 0.000  1.105 0.000   1.546 0.000 999.99 0.259000   9.300 0.000   4.349 0.000   4.951 0.000 0.077 0.000 0.390 0.000
152.291667 153.291667   38.29 0.559  0.59 0.559000 9.999 0.559259 0.04 0.559000 0.034 0.000  2.705 0.000   3.788 0.000 999.99 0.559259   9.381 0.000   2.504 0.000   6.877 0.559 0.049 0.559 0.224 0.000
155.291667 156.291667   17.33 0.559 99.99 0.559259 9.999 0.559259 9.99 0.559259 0.015 0.000  0.924 0.000   1.293 0.000 999.99 0.559259   3.817 0.000   0.822 0.000   2.995 0.559 0.035 0.559 0.191 0.000
158.291667 159.291667   22.67 0.000  0.56 0.000000 9.999 0.259000 9.99 0.259000 0.012 0.000  1.358 0.000   1.901 0.000 999.99 0.259000   5.076 0.000   1.668 0.000   3.408 0.000 0.027 0.000 0.181 0.000
161.291667 162.291667   31.62 0.559  0.21 0.559000 9.999 0.559259 9.99 0.559259 0.034 0.000  1.173 0.000   1.642 0.000 999.99 0.559259   6.332 0.000   2.354 0.000   3.978 0.559 0.032 0.559 0.160 0.000
164.291667 165.291667   37.50 0.000  0.39 0.000000 0.018 0.000000 9.99 0.259000 0.032 0.000  1.781 0.000   2.494 0.000 999.99 0.259000   8.569 0.000   3.039 0.000   5.530 0.000 0.037 0.000 0.249 0.000
167.291667 168.291667   31.26 0.000  0.35 0.000000 9.999 0.259000 9.99 0.259000 0.029 0.000  1.051 0.000   1.471 0.000 999.99 0.259000   6.618 0.000   2.396 0.000   4.222 0.000 0.103 0.000 0.341 0.000
170.291667 171.291667   45.88 0.000  0.46 0.000000 9.999 0.259000 0.06 0.000000 0.035 0.000  0.801 0.000   1.121 0.000 999.99 0.259000   7.394 0.000   3.311 0.000   4.083 0.000 0.063 0.000 0.328 0.000
173.291667 174.291667    8.10 0.000 99.99 0.259000 9.999 0.259000 9.99 0.259000 0.016 0.000  0.500 0.000   0.700 0.000 999.99 0.259000   1.931 0.000   0.381 0.000   1.550 0.000 0.017 0.000 0.091 0.000
176.291667 177.291667   14.69 0.000 99.99 0.259000 9.999 0.259000 0.07 0.000000 0.010 0.000  0.979 0.000   1.371 0.000 999.99 0.259000   3.595 0.000   0.963 0.000   2.632 0.000 0.014 0.000 0.111 0.000
179.291667 180.291667   21.93 0.000  0.21 0.000000 9.999 0.259000 9.99 0.259000 0.018 0.000  1.063 0.000   1.488 0.000 999.99 0.259000   4.467 0.000   1.574 0.000   2.893 0.000 0.019 0.000 0.134 0.000
182.291667 183.291667   41.58 0.559  0.30 0.559000 9.999 0.559259 0.05 0.559000 0.022 0.000  0.970 0.000   1.359 0.000 999.99 0.559259   7.107 0.000   3.668 0.000   3.439 0.559 0.036 0.559 0.140 0.000
185.291667 186.291667   29.49 0.000  0.37 0.000000 9.999 0.259000 9.99 0.259000 0.013 0.000  1.100 0.000   1.540 0.000 999.99 0.259000   5.726 0.000   2.718 0.000   3.008 0.000 0.020 0.000 0.109 0.000
188.291667 189.291667   64.90 0.000  0.43 0.000000 9.999 0.259000 0.06 0.000000 0.019 0.000  1.069 0.000   1.497 0.000 999.99 0.259000  10.279 0.000   6.433 0.000   3.845 0.000 0.045 0.000 0.128 0.000
191.291667 192.291667   49.77 0.000  0.27 0.000000 9.999 0.259000 0.06 0.000000 0.015 0.000  1.401 0.000   1.961 0.000 999.99 0.259000   6.500 0.000   2.903 0.000   3.597 0.000 0.035 0.000 0.129 0.000
194.291667 195.291667   30.64 0.000  0.37 0.000000 9.999 0.259000 0.06 0.000000 0.037 0.000  5.873 0.000   8.222 0.000 999.99 0.259000  12.833 0.000   3.498 0.000   9.335 0.000 0.094 0.000 0.103 0.000
197.291667 198.291667   69.73 0.000  0.40 0.000000 9.999 0.259000 0.06 0.000000 0.032 0.000  1.803 0.000   2.523 0.000 999.99 0.259000  10.396 0.000   3.971 0.000   6.425 0.000 0.065 0.000 0.400 0.000
200.291667 201.291667   32.89 0.000  0.26 0.000000 9.999 0.259000 9.99 0.259000 0.013 0.000  2.220 0.000   3.109 0.000 999.99 0.259000   7.994 0.000   2.356 0.000   5.638 0.000 0.055 0.000 0.263 0.000
203.291667 204.291667   38.86 0.699  0.39 0.699000 9.999 0.699259 9.99 0.699259 0.038 0.559  4.544 0.000   6.361 0.000 999.99 0.699259  11.615 0.000   2.681 0.000   8.934 0.699 0.074 0.699 0.195 0.559
206.291667 207.291667   27.28 0.000  0.20 0.000000 9.999 0.259000 0.06 0.000000 0.019 0.559  0.793 0.000   1.110 0.000 999.99 0.259000   4.061 0.000   1.142 0.000   2.919 0.000 0.034 0.000 0.195 0.559
209.291667 210.291667   21.24 0.000  0.17 0.000000 9.999 0.259000 0.05 0.000000 0.014 0.559  1.627 0.000   2.278 0.000 999.99 0.259000   7.878 0.000   4.007 0.000   3.872 0.000 0.019 0.000 0.139 0.559
212.291667 213.291667 9999.99 0.999 99.99 0.999000 9.999 0.999000 9.99 0.999000 9.999 0.999 99.999 0.999 999.999 0.999 999.99 0.999000 999.999 0.999 999.999 0.999 999.999 0.999 9.999 0.999 9.999 0.999
215.291667 216.291667 9999.99 0.999 99.99 0.999000 9.999 0.999000 9.99 0.999000 9.999 0.999 99.999 0.999 999.999 0.999 999.99 0.999000 999.999 0.999 999.999 0.999 999.999 0.999 9.999 0.999 9.999 0.999
218.291667 219.291667   37.25 0.559  0.37 0.559000 9.999 0.559259 0.08 0.559000 0.025 0.559  0.524 0.000   0.733 0.000 999.99 0.559259   6.092 0.000   3.097 0.000   2.995 0.559 0.033 0.559 0.230 0.559
221.291667 222.291667   30.03 0.000  0.27 0.000000 9.999 0.259000 0.05 0.000000 0.019 0.559  0.623 0.000   0.872 0.000 999.99 0.259000   5.523 0.000   2.392 0.000   3.131 0.000 0.027 0.000 0.287 0.559
224.291667 225.291667   27.84 0.000  0.37 0.000000 9.999 0.259000 9.99 0.259000 0.013 0.559  0.602 0.000   0.842 0.000 999.99 0.259000   4.955 0.000   2.027 0.000   2.927 0.000 0.021 0.000 0.286 0.559
227.291667 228.291667   39.06 0.000  0.22 0.000000 9.999 0.259000 9.99 0.259000 0.025 0.559  1.708 0.000   2.391 0.000 999.99 0.259000   8.691 0.000   3.268 0.000   5.422 0.000 0.062 0.000 0.330 0.559
230.291667 231.291667   38.64 0.699  0.41 0.699000 9.999 0.699259 0.06 0.699000 0.044 0.000  9.240 0.000  12.936 0.000 999.99 0.699259  21.655 0.000   2.477 0.000  19.178 0.699 0.135 0.699 0.283 0.000
233.291667 234.291667   22.69 0.000  0.35 0.000000 9.999 0.259000 0.07 0.000000 0.016 0.559  0.734 0.000   1.027 0.000 999.99 0.259000   3.899 0.000   1.636 0.000   2.263 0.000 0.017 0.000 0.202 0.559
236.291667 237.291667    9.64 0.000  0.17 0.000000 0.023 0.000000 0.04 0.000000 0.008 0.559  0.641 0.000   0.897 0.000 999.99 0.259000   2.152 0.000   0.671 0.000   1.482 0.000 0.008 0.000 0.109 0.559
