scripts/IMPROVE-2019_partial/data/US0045R.20060102050000.20191216000000.filterpack..pm25.52w.1w.US03L_filterpack_US0045.US03L_IMPROVE_Davis.lev2.nas
66 1001
MISSING INFORMATION
US03L, IMPROVE, , , , , , , 
MISSING INFORMATION
IMPROVE sel_HTAP
1 1
2006 01 01 2019 12 16
3.000000
days from file reference point
27
1 1 1 1 1 1 1 1 1 1 1 1 1 1 1 1 1 1 1 1 1 1 1 1 1 1 1
999.999999 999.99 9.999 99.99 9.999 9.999 9.999 99.99 9.999 99.999 9.999 99.999 9.999 99.999 9.999 99.99 9.999 999.999 9.999 999.999 9.999 999.999 9.999 9.999 9.999 99.999 9.999
end_time of measurement, days from the file reference point
iron, ng/m3, Revision date=20181210133000
numflag iron, no unit, Revision date=20181210133000
lead, ng/m3, Revision date=20181210133000
numflag lead, no unit, Revision date=20181210133000
magnesium, ug/m3, Revision date=20181210133000
numflag magnesium, no unit, Revision date=20181210133000
nickel, ng/m3, Revision date=20181210133000
numflag nickel, no unit, Revision date=20181210133000
nitrate, ug N/m3, Revision date=20181210133000
numflag nitrate, no unit, Revision date=20181210133000
organic_carbon, ug C/m3, Revision date=20181210133000
numflag organic_carbon, no unit, Revision date=20181210133000
organic_mass, ug/m3, Revision date=20181210133000
numflag organic_mass, no unit, Revision date=20181210133000
phosphorus, ng/m3, Revision date=20181210133000
numflag phosphorus, no unit, Revision date=20181210133000
pm10_mass, ug/m3, Version=2, Version description=Data extracted from http://views.cira.colostate.edu/fed/DataWizard 2019-12-16, Sample duration=1d, Orig. time res.=3d, Matrix=pm10, Blank correction=Blank corrected, Volume std. temperature=ambient, Volume std. pressure=ambient
numflag pm10_mass, no unit, Version=2, Version description=Data extracted from http://views.cira.colostate.edu/fed/DataWizard 2019-12-16, Sample duration=1d, Orig. time res.=3d, Matrix=pm10, Blank correction=Blank corrected, Volume std. temperature=ambient, Volume std. pressure=ambient
pm10_pm25_mass, ug/m3, Revision date=20181210133000, Matrix=pm10_pm25
numflag pm10_pm25_mass, no unit, Revision date=20181210133000, Matrix=pm10_pm25
pm25_mass, ug/m3, Version=2, Version description=Data extracted from http://views.cira.colostate.edu/fed/DataWizard 2019-12-16, Sample duration=1d, Orig. time res.=3d, Blank correction=Blank corrected, Volume std. temperature=ambient, Volume std. pressure=ambient
numflag pm25_mass, no unit, Version=2, Version description=Data extracted from http://views.cira.colostate.edu/fed/DataWizard 2019-12-16, Sample duration=1d, Orig. time res.=3d, Blank correction=Blank corrected, Volume std. temperature=ambient, Volume std. pressure=ambient
potassium, ug/m3, Revision date=20181210133000
numflag potassium, no unit, Revision date=20181210133000
sulphate_total, ug S/m3, Revision date=20181210133000
numflag sulphate_total, no unit, Revision date=20181210133000
0
25
Data definition:              EBAS_1.1
Set type code:                TU
Timezone:                     UTC
File name:                    US0045R.20060102050000.20191216000000.filterpack..pm25.52w.1w.US03L_filterpack_US0045.US03L_IMPROVE_Davis.lev2.nas
File creation:                20191218115811
Startdate:                    20060102050000
Revision date:                20191216000000
Statistics:                   arithmetic mean
Data level:                   2
Period code:                  52w
Resolution code:              1w
Station code:                 US0045R
Platform code:                US0045S
Station name:                 Isle Royale NP
Station latitude:             47.4596
Station longitude:            -88.1491
Station altitude:             182.0 m
Regime:                       IMG
Component:                    
Matrix:                       pm25
Laboratory code:              US03L
Instrument type:              filterpack
Instrument name:              filterpack_US0045
Method ref:                   US03L_IMPROVE_Davis
starttime endtime Fe flag_Fe Pb flag_Pb Mg++ flag_Mg++ Ni flag_Ni NO3- flag_NO3- OC flag_OC OM flag_OM P flag_P PM10 flag_PM10 PM10-PM2.5 flag_PM10-PM2.5 PM2.5 flag_PM2.5 K+ flag_K+ SO4-- flag_SO4--
[from data line 85]
256.208333 257.208333  34.02 0.000  0.68 0.000 9.999 0.259  0.16 0.000  0.009 0.559  2.685 0.000  4.834 0.000 99.99 0.259  15.113 0.000   7.569 0.000   7.544 0.000 0.039 0.000  0.282 0.559
259.208333 260.208333  30.98 0.000  2.20 0.000 9.999 0.259  0.21 0.000  0.028 0.559  1.158 0.000  2.084 0.000 99.99 0.259  15.326 0.000   3.073 0.000  12.253 0.000 0.032 0.000  1.914 0.559
262.208333 263.208333 999.99 0.999 99.99 0.999 9.999 0.999 99.99 0.999 99.999 0.999 99.999 0.999 99.999 0.999 99.99 0.999 999.999 0.999 999.999 0.999 999.999 0.999 9.999 0.999 99.999 0.999
265.208333 266.208333 999.99 0.999 99.99 0.999 9.999 0.999 99.99 0.999 99.999 0.999 99.999 0.999 99.999 0.999 99.99 0.999 999.999 0.999 999.999 0.999 999.999 0.999 9.999 0.999 99.999 0.999
268.208333 269.208333   7.72 0.000  0.61 0.000 0.010 0.000 99.99 0.259  0.006 0.559  0.378 0.000  0.680 0.000 99.99 0.259   4.155 0.000   2.529 0.000   1.626 0.000 0.014 0.000  0.138 0.559
271.208333 272.208333   4.74 0.000  0.38 0.000 9.999 0.259 99.99 0.259  0.007 0.559  0.140 0.000  0.252 0.000 99.99 0.259   2.325 0.000   0.994 0.000   1.332 0.000 0.008 0.000  0.136 0.559
274.208333 275.208333  23.36 0.000  2.92 0.000 9.999 0.259  0.23 0.000  0.047 0.559  1.469 0.000  2.643 0.000 99.99 0.259  12.854 0.000   7.354 0.000   5.500 0.000 0.038 0.000  0.363 0.559
277.208333 278.208333   7.44 0.000  0.25 0.000 9.999 0.259  0.15 0.000  0.004 0.559  0.426 0.000  0.767 0.000 99.99 0.259   4.144 0.000   2.015 0.000   2.130 0.000 0.012 0.000  0.187 0.559
280.208333 281.208333  31.38 0.000  1.92 0.000 0.021 0.000  0.13 0.000  0.024 0.559  1.013 0.000  1.824 0.000 99.99 0.259  15.876 0.000  10.677 0.000   5.199 0.000 0.031 0.000  0.411 0.559
283.208333 284.208333   9.84 0.000  0.54 0.000 0.011 0.000 99.99 0.259  0.034 0.559  0.393 0.000  0.707 0.000 99.99 0.259   3.349 0.000   1.843 0.000   1.506 0.000 0.012 0.000  0.086 0.559
286.208333 287.208333   2.05 0.000  0.18 0.000 9.999 0.259 99.99 0.259  0.002 0.559  0.003 0.000  0.005 0.000 99.99 0.259   1.375 0.000   0.617 0.000   0.758 0.000 0.004 0.000  0.061 0.559
289.208333 290.208333  15.15 0.000  1.76 0.000 9.999 0.259  0.27 0.000  0.046 0.559  0.779 0.000  1.401 0.000 99.99 0.259 999.999 0.456 999.999 0.999   4.147 0.000 0.022 0.000  0.455 0.559
292.208333 293.208333  26.09 0.000  0.96 0.000 0.008 0.000  0.50 0.000  0.013 0.000  0.640 0.000  1.153 0.000 99.99 0.259   7.391 0.000   3.184 0.000   4.208 0.000 0.034 0.000  0.529 0.000
295.208333 296.208333   8.80 0.000  0.22 0.000 0.011 0.000  0.39 0.000  0.001 0.000  0.051 0.000  0.092 0.000  6.44 0.000   0.921 0.000 999.999 0.259   1.021 0.000 0.005 0.000  0.064 0.000
298.208333 299.208333  10.14 0.000  1.44 0.000 9.999 0.259  0.22 0.000  0.123 0.000  0.400 0.000  0.719 0.000 99.99 0.259   3.273 0.000   0.959 0.000   2.314 0.000 0.014 0.000  0.170 0.000
301.208333 302.208333   2.16 0.000  0.46 0.000 0.014 0.000 99.99 0.259  0.004 0.000  0.217 0.000  0.391 0.000 99.99 0.259   1.334 0.000   0.247 0.000   1.087 0.000 0.006 0.000  0.106 0.000
304.208333 305.208333  10.99 0.000  0.51 0.000 9.999 0.259  0.09 0.000  0.032 0.000  0.208 0.000  0.374 0.000 99.99 0.259   4.152 0.000   2.213 0.000   1.939 0.000 0.016 0.000  0.241 0.000
307.208333 308.208333  22.91 0.000  1.35 0.000 9.999 0.259 99.99 0.259  0.277 0.000  0.634 0.000  1.141 0.000 99.99 0.259   8.614 0.000   4.657 0.000   3.957 0.000 0.037 0.000  0.268 0.000
310.208333 311.208333  32.49 0.000  2.76 0.000 9.999 0.259  0.40 0.000  1.557 0.000  1.878 0.000  3.380 0.000 99.99 0.259  26.649 0.000   6.152 0.000  20.497 0.000 0.062 0.000  1.561 0.000
313.208333 314.208333   3.94 0.000  0.37 0.000 9.999 0.259  0.22 0.000  0.007 0.000  0.028 0.000  0.050 0.000 99.99 0.259   1.632 0.000   0.342 0.000   1.291 0.000 0.005 0.000  0.170 0.000
316.208333 317.208333  16.60 0.000  2.04 0.000 9.999 0.259  0.12 0.000  0.393 0.000  0.739 0.000  1.330 0.000 99.99 0.259   7.377 0.000   0.351 0.000   7.026 0.000 0.025 0.000  0.713 0.000
319.208333 320.208333   5.09 0.000  0.87 0.000 0.011 0.000 99.99 0.259  0.078 0.000  0.504 0.000  0.908 0.000 99.99 0.259   4.325 0.000   0.506 0.000   3.819 0.000 0.017 0.000  0.512 0.000
322.208333 323.208333   7.90 0.000  0.43 0.000 0.012 0.000  0.37 0.000  0.015 0.000  0.590 0.000  1.061 0.000 99.99 0.259   3.996 0.000   0.458 0.000   3.538 0.000 0.027 0.000  0.502 0.000
325.208333 326.208333  39.21 0.000  2.79 0.000 9.999 0.259 99.99 0.259  0.825 0.000  1.554 0.000  2.797 0.000 99.99 0.259  19.727 0.000  10.689 0.000   9.039 0.000 0.062 0.000  0.417 0.000
328.208333 329.208333  18.84 0.000  1.06 0.000 9.999 0.259  0.29 0.000  0.127 0.000  0.822 0.000  1.479 0.000 99.99 0.259   5.633 0.000   2.005 0.000   3.628 0.000 0.045 0.000  0.262 0.000
331.208333 332.208333   7.83 0.000  2.44 0.000 9.999 0.259 99.99 0.259  0.034 0.000  0.275 0.000  0.495 0.000 99.99 0.259 999.999 0.456 999.999 0.999   2.942 0.000 0.013 0.000  0.359 0.000
334.208333 335.208333   6.83 0.000  0.66 0.000 9.999 0.259  0.14 0.000  0.010 0.000  0.013 0.000  0.024 0.000 99.99 0.259   2.824 0.000   1.309 0.000   1.514 0.000 0.012 0.000  0.183 0.000
337.208333 338.208333   6.91 0.000  0.41 0.000 9.999 0.259 99.99 0.259  0.031 0.000  0.174 0.000  0.313 0.000 99.99 0.259   1.946 0.000   0.366 0.000   1.580 0.000 0.013 0.000  0.153 0.000
340.208333 341.208333   4.15 0.000  0.49 0.000 9.999 0.259  0.16 0.000  0.015 0.000  0.108 0.000  0.194 0.000 99.99 0.259   2.704 0.000   1.486 0.000   1.218 0.000 0.012 0.000  0.162 0.000
343.208333 344.208333  41.97 0.000  2.61 0.000 0.013 0.000  0.23 0.000  0.624 0.000  1.275 0.000  2.296 0.000 99.99 0.259  14.704 0.000   7.526 0.000   7.177 0.000 0.061 0.000  0.305 0.000
346.208333 347.208333  11.74 0.000  1.47 0.000 9.999 0.259 99.99 0.259  0.202 0.000  0.976 0.000  1.756 0.000 99.99 0.259   5.322 0.000   0.639 0.000   4.683 0.000 0.029 0.000  0.485 0.000
349.208333 350.208333  12.78 0.000  2.13 0.000 9.999 0.259  0.09 0.000  0.555 0.000  0.918 0.000  1.652 0.000 99.99 0.259   7.923 0.000   1.482 0.000   6.441 0.000 0.029 0.000  0.481 0.000
352.208333 353.208333  16.00 0.000  0.78 0.000 9.999 0.259 99.99 0.259  0.173 0.000  0.476 0.000  0.856 0.000 99.99 0.259   4.145 0.000   2.335 0.000   1.810 0.000 0.023 0.000  0.112 0.000
355.208333 356.208333  11.41 0.000  0.70 0.000 9.999 0.259  0.24 0.000  0.039 0.000  0.463 0.000  0.833 0.000 99.99 0.259   2.979 0.000   0.741 0.000   2.239 0.000 0.018 0.000  0.283 0.000
358.208333 359.208333  11.58 0.000  0.76 0.000 9.999 0.259 99.99 0.259  0.216 0.000  0.606 0.000  1.091 0.000 99.99 0.259   3.569 0.000   0.746 0.000   2.823 0.000 0.025 0.000  0.216 0.000
361.208333 362.208333   2.91 0.000  0.25 0.000 0.013 0.000  0.16 0.000  0.038 0.000  0.195 0.000  0.351 0.000 99.99 0.259   2.109 0.000   0.209 0.000   1.900 0.000 0.011 0.000  0.304 0.000
364.208333 365.208333   7.29 0.000  1.76 0.000 9.999 0.259  0.14 0.000  0.026 0.000  0.553 0.000  0.996 0.000 99.99 0.259   4.537 0.000   0.138 0.000   4.398 0.000 0.016 0.000  0.812 0.000
