scripts/IMPROVE-2019_partial/data/US0090R.20090101090000.20191216000000.filterpack...9mo.3d.US03L_filterpack_US0090.US03L_IMPROVE_Davis.lev2.nas
51 1001
MISSING INFORMATION
US03L, IMPROVE, , , , , , , 
MISSING INFORMATION
IMPROVE sel_HTAP
1 1
2009 01 01 2019 12 16
3.000
days from file reference point
4
1 1 1 1
999.999 999.999 999.999 9.999
end_time of measurement, days from the file reference point
pm10_mass, ug/m3, Matrix=pm10
pm25_mass, ug/m3, Matrix=pm25
numflag, no unit
0
33
Data definition:              EBAS_1.1
Set type code:                TU
Timezone:                     UTC
File name:                    US0090R.20090101090000.20191216000000.filterpack...9mo.3d.US03L_filterpack_US0090.US03L_IMPROVE_Davis.lev2.nas
File creation:                20191218120130
Startdate:                    20090101090000
Revision date:                20191216000000
Version:                      2
Version description:          "Data extracted from http://views.cira.colostate.edu/fed/DataWizard 2019-12-16"
Statistics:                   arithmetic mean
Data level:                   2
Period code:                  9mo
Resolution code:              3d
Sample duration:              1d
Orig. time res.:              3d
Station code:                 US0090R
Platform code:                US0090S
Station name:                 Petersburg
Station latitude:             56.61076
Station longitude:            -132.81234
Station altitude:             0.0 m
Regime:                       IMG
Component:                    
Unit:                         ug/m3
Matrix:                       
Laboratory code:              US03L
Instrument type:              filterpack
Instrument name:              filterpack_US0090
Method ref:                   US03L_IMPROVE_Davis
Blank correction:             Blank corrected
Volume std. temperature:      ambient
Volume std. pressure:         ambient
starttime endtime PM10 PM2.5 flag
  0.375   1.375 999.999 999.999 0.999
  3.375   4.375 999.999 999.999 0.999
  6.375   7.375   1.305   0.995 0.000
  9.375  10.375   0.407   0.362 0.000
 12.375  13.375   0.406   0.417 0.000
 15.375  16.375   0.607   0.700 0.000
 18.375  19.375   2.205   1.699 0.000
 21.375  22.375 999.999 999.999 0.999
 24.375  25.375  15.011   5.248 0.000
 27.375  28.375   1.007   1.151 0.000
 30.375  31.375   1.751   1.372 0.000
 33.375  34.375   1.217   0.916 0.000
 36.375  37.375 999.999 999.999 0.259
 39.375  40.375   1.174 999.999 0.000
 42.375  43.375   0.504   0.463 0.000
 45.375  46.375   0.835 999.999 0.000
 48.375  49.375   0.836   0.812 0.000
 51.375  52.375   0.921   0.636 0.000
 54.375  55.375   2.340   0.937 0.000
 57.375  58.375   1.384   0.996 0.000
 60.375  61.375   0.845   0.678 0.000
 63.375  64.375   1.868   0.994 0.000
 66.375  67.375   2.014   1.352 0.000
 69.375  70.375   1.829   1.340 0.000
 72.375  73.375   1.484   1.224 0.000
 75.375  76.375   0.760   0.562 0.000
 78.375  79.375 999.999 999.999 0.999
 81.375  82.375 999.999 999.999 0.999
 84.375  85.375   1.866   1.473 0.000
 87.375  88.375   0.810   0.740 0.000
 90.375  91.375   1.461   1.240 0.000
 93.375  94.375   4.416   3.158 0.000
 96.375  97.375   0.286   0.354 0.000
 99.375 100.375   1.903   1.642 0.000
102.375 103.375   1.697   1.244 0.000
105.375 106.375   1.631   1.312 0.000
108.375 109.375   0.488   0.473 0.000
111.375 112.375 999.999 999.999 0.999
114.375 115.375 999.999 999.999 0.999
117.375 118.375 999.999 999.999 0.999
120.375 121.375 999.999 999.999 0.999
123.375 124.375 999.999 999.999 0.999
126.375 127.375   1.672   1.209 0.000
129.375 130.375   1.749   1.204 0.000
132.375 133.375   2.112   1.517 0.000
135.375 136.375   1.381   0.679 0.000
138.375 139.375   1.507   0.783 0.000
141.375 142.375   3.025   2.224 0.000
144.375 145.375   1.790   1.214 0.000
147.375 148.375   3.069   2.101 0.000
150.375 151.375   2.776   1.653 0.000
153.375 154.375   6.372   3.363 0.000
156.375 157.375   9.006   4.615 0.000
159.375 160.375   8.042   3.365 0.000
162.375 163.375 999.999 999.999 0.999
165.375 166.375 999.999 999.999 0.999
168.375 169.375 999.999 999.999 0.999
171.375 172.375   3.067   1.572 0.000
174.375 175.375   2.727   1.435 0.000
177.375 178.375   1.221   1.052 0.000
180.375 181.375  11.498  10.591 0.000
183.375 184.375   4.510   2.862 0.000
186.375 187.375   7.150   4.992 0.000
189.375 190.375 999.999 999.999 0.999
192.375 193.375   6.286   4.654 0.000
195.375 196.375   4.208   2.744 0.000
198.375 199.375   2.707   1.131 0.000
201.375 202.375   3.856   1.870 0.000
204.375 205.375 999.999 999.999 0.999
207.375 208.375 999.999 999.999 0.999
210.375 211.375 999.999 999.999 0.999
213.375 214.375 999.999 999.999 0.999
216.375 217.375 999.999 999.999 0.999
219.375 220.375 999.999 999.999 0.999
222.375 223.375 999.999 999.999 0.999
225.375 226.375   6.061   3.695 0.000
228.375 229.375   3.281   2.597 0.000
231.375 232.375 999.999 999.999 0.999
234.375 235.375 999.999 999.999 0.999
237.375 238.375   3.031   0.994 0.000
240.375 241.375   2.092   1.076 0.000
243.375 244.375   3.827   1.903 0.000
246.375 247.375   2.595   1.085 0.000
249.375 250.375   4.362   1.834 0.000
252.375 253.375   1.561   0.958 0.000
255.375 256.375   2.682   1.080 0.000
258.375 259.375   2.264   0.896 0.000
261.375 262.375   2.745   1.209 0.000
264.375 265.375   1.295   0.435 0.000
267.375 268.375   1.170   1.050 0.000
270.375 271.375 999.999 999.999 0.999
