scripts/IMPROVE-2019_partial/data/US0018U.20110103080000.20191216000000.filterpack...1y.3d.US03L_filterpack_US0018.US03L_IMPROVE_Davis.lev2.nas
52 1001
MISSING INFORMATION
US03L, IMPROVE, , , , , , , 
MISSING INFORMATION
IMPROVE sel_HTAP
1 1
2011 01 01 2019 12 16
3.000000
days from file reference point
5
1 1 1 1 1
999.999999 9999.999 9.999 999.999 9.999
end_time of measurement, days from the file reference point
pm10_mass, ug/m3, Matrix=pm10
numflag pm10_mass, no unit, Matrix=pm10
pm25_mass, ug/m3, Matrix=pm25
numflag pm25_mass, no unit, Matrix=pm25
0
33
Data definition:              EBAS_1.1
Set type code:                TU
Timezone:                     UTC
File name:                    US0018U.20110103080000.20191216000000.filterpack...1y.3d.US03L_filterpack_US0018.US03L_IMPROVE_Davis.lev2.nas
File creation:                20191218115634
Startdate:                    20110103080000
Revision date:                20191216000000
Version:                      2
Version description:          "Data extracted from http://views.cira.colostate.edu/fed/DataWizard 2019-12-16"
Statistics:                   arithmetic mean
Data level:                   2
Period code:                  1y
Resolution code:              3d
Sample duration:              1d
Orig. time res.:              3d
Station code:                 US0018U
Platform code:                US0018S
Station name:                 Fresno
Station latitude:             36.7818
Station longitude:            -119.7732
Station altitude:             100.0 m
Regime:                       IMG
Component:                    
Unit:                         ug/m3
Matrix:                       
Laboratory code:              US03L
Instrument type:              filterpack
Instrument name:              filterpack_US0018
Method ref:                   US03L_IMPROVE_Davis
Blank correction:             Blank corrected
Volume std. temperature:      ambient
Volume std. pressure:         ambient
starttime endtime PM10 flag_PM10 PM2.5 flag_PM2.5
  2.333333   3.333333   12.511 0.000  10.430 0.000
  5.333333   6.333333   22.162 0.000  20.250 0.000
  8.333333   9.333333   21.238 0.000  19.959 0.000
 11.333333  12.333333   47.162 0.000  36.442 0.000
 14.333333  15.333333   44.972 0.000  37.947 0.000
 17.333333  18.333333   20.203 0.000  14.258 0.000
 20.333333  21.333333   52.168 0.000  38.616 0.000
 23.333333  24.333333   45.690 0.000  36.213 0.000
 26.333333  27.333333   24.426 0.000  21.460 0.000
 29.333333  30.333333   17.650 0.000  15.222 0.000
 32.333333  33.333333   33.653 0.000  24.524 0.000
 35.333333  36.333333   48.482 0.000  34.446 0.000
 38.333333  39.333333   27.967 0.000  13.210 0.000
 41.333333  42.333333   31.742 0.000  17.526 0.000
 44.333333  45.333333   24.067 0.000   9.861 0.000
 47.333333  48.333333   10.296 0.000   3.226 0.000
 50.333333  51.333333   10.676 0.000   7.948 0.000
 53.333333  54.333333   21.372 0.000  13.557 0.000
 56.333333  57.333333    7.018 0.000   3.876 0.000
 59.333333  60.333333   34.946 0.000  21.215 0.000
 62.333333  63.333333   14.360 0.000   7.196 0.000
 65.333333  66.333333    6.877 0.000   2.624 0.000
 68.333333  69.333333   24.428 0.000  11.825 0.000
 71.333333  72.333333   20.328 0.000   9.075 0.000
 74.333333  75.333333   10.325 0.000   3.722 0.000
 77.333333  78.333333    5.929 0.000   2.658 0.000
 80.333333  81.333333   11.431 0.000   6.371 0.000
 83.333333  84.333333    9.474 0.000   4.246 0.000
 86.333333  87.333333    9.432 0.000   3.806 0.000
 89.333333  90.333333   27.905 0.000  11.695 0.000
 92.333333  93.333333   11.810 0.000   3.766 0.000
 95.333333  96.333333 9999.999 0.999 999.999 0.999
 98.333333  99.333333 9999.999 0.999 999.999 0.999
101.333333 102.333333 9999.999 0.999 999.999 0.999
104.333333 105.333333   22.131 0.000   7.741 0.000
107.333333 108.333333   14.897 0.000   4.117 0.000
110.333333 111.333333   15.030 0.000   3.136 0.000
113.333333 114.333333    9.421 0.000   2.502 0.000
116.333333 117.333333   22.328 0.000   5.508 0.000
119.333333 120.333333   29.015 0.000   4.510 0.000
122.333333 123.333333   31.452 0.000   6.354 0.000
125.333333 126.333333   47.640 0.000  10.098 0.000
128.333333 129.333333   14.406 0.000   3.522 0.000
131.333333 132.333333   32.969 0.000   6.395 0.000
134.333333 135.333333    7.327 0.000   3.092 0.000
137.333333 138.333333    9.491 0.000   3.169 0.000
140.333333 141.333333   20.926 0.000   7.019 0.000
143.333333 144.333333   22.765 0.000   7.910 0.000
146.333333 147.333333   18.460 0.000   4.397 0.000
149.333333 150.333333   17.465 0.000   5.602 0.000
152.333333 153.333333   15.006 0.000   2.764 0.000
155.333333 156.333333    7.984 0.000   4.021 0.000
158.333333 159.333333   15.830 0.000   6.273 0.000
161.333333 162.333333   18.505 0.000   6.501 0.000
164.333333 165.333333   22.594 0.000   6.851 0.000
167.333333 168.333333   33.352 0.000   9.923 0.000
170.333333 171.333333   29.684 0.000   7.293 0.000
173.333333 174.333333   25.330 0.000   5.670 0.000
176.333333 177.333333   27.139 0.000   8.402 0.000
179.333333 180.333333    8.861 0.000   2.132 0.000
182.333333 183.333333   28.610 0.000  12.487 0.000
185.333333 186.333333   38.099 0.000  15.615 0.000
188.333333 189.333333   32.041 0.000   9.290 0.000
191.333333 192.333333   26.561 0.000   6.530 0.000
194.333333 195.333333   24.764 0.000   4.984 0.000
197.333333 198.333333   14.047 0.000   4.091 0.000
200.333333 201.333333   30.739 0.000   7.036 0.000
203.333333 204.333333   30.445 0.000   8.394 0.000
206.333333 207.333333   28.844 0.000   6.554 0.000
209.333333 210.333333   38.849 0.000   9.859 0.000
212.333333 213.333333   35.987 0.000  10.650 0.000
215.333333 216.333333   29.883 0.000   6.779 0.000
218.333333 219.333333   22.086 0.000   6.695 0.000
221.333333 222.333333   31.858 0.000   8.291 0.000
224.333333 225.333333   32.055 0.000   9.743 0.000
227.333333 228.333333   27.634 0.000   6.233 0.000
230.333333 231.333333   24.597 0.000   6.213 0.000
233.333333 234.333333   25.988 0.000   6.579 0.000
236.333333 237.333333   39.855 0.000   8.675 0.000
239.333333 240.333333   28.817 0.000   8.091 0.000
242.333333 243.333333   55.514 0.000  10.011 0.000
245.333333 246.333333   53.425 0.000  13.357 0.000
248.333333 249.333333   51.406 0.000  10.602 0.000
251.333333 252.333333   67.413 0.000  13.219 0.000
254.333333 255.333333   38.910 0.000   9.889 0.000
257.333333 258.333333   62.721 0.000  12.284 0.000
260.333333 261.333333   44.059 0.000  11.917 0.000
263.333333 264.333333   72.522 0.000  15.243 0.000
266.333333 267.333333   61.739 0.000  11.325 0.000
269.333333 270.333333   54.412 0.000  10.565 0.000
272.333333 273.333333   67.663 0.000  12.973 0.000
275.333333 276.333333   38.837 0.000   5.300 0.000
278.333333 279.333333   15.503 0.000   4.685 0.000
281.333333 282.333333   23.680 0.000  12.879 0.000
284.333333 285.333333   18.219 0.000   5.629 0.000
287.333333 288.333333   46.358 0.000  20.399 0.000
290.333333 291.333333   43.634 0.000  15.382 0.000
293.333333 294.333333   40.396 0.000  13.699 0.000
296.333333 297.333333   41.087 0.000  16.115 0.000
299.333333 300.333333   62.873 0.000  16.960 0.000
302.333333 303.333333   51.607 0.000  24.340 0.000
305.333333 306.333333  111.949 0.000  15.327 0.000
308.333333 309.333333   20.365 0.000  10.781 0.000
311.333333 312.333333   31.385 0.000  21.195 0.000
314.333333 315.333333   22.284 0.000  10.142 0.000
317.333333 318.333333   34.807 0.000  25.115 0.000
320.333333 321.333333 9999.999 0.456 999.999 0.456
323.333333 324.333333   12.274 0.000   8.113 0.000
326.333333 327.333333   36.168 0.000  24.389 0.000
329.333333 330.333333   43.729 0.000  31.662 0.000
332.333333 333.333333   24.229 0.000  22.574 0.000
335.333333 336.333333   68.678 0.000  25.002 0.000
338.333333 339.333333   54.985 0.000  30.785 0.000
341.333333 342.333333   66.776 0.000  34.244 0.000
344.333333 345.333333   94.231 0.000 999.999 0.699
347.333333 348.333333   55.581 0.000 999.999 0.456
350.333333 351.333333   47.120 0.000  34.705 0.000
353.333333 354.333333   68.209 0.000 999.999 0.456
356.333333 357.333333   68.829 0.000  36.254 0.000
359.333333 360.333333  111.832 0.659  67.028 0.659
362.333333 363.333333   76.871 0.000  54.534 0.000
