scripts/IMPROVE-2019_partial/data/US0072R.19910102070000.20191216000000.filterpack...1y.3d.US03L_filterpack_US0072.US03L_IMPROVE_Davis.lev2.nas
52 1001
MISSING INFORMATION
US03L, IMPROVE, , , , , , , 
MISSING INFORMATION
IMPROVE sel_HTAP
1 1
1991 01 01 2019 12 16
0
days from file reference point
5
1 1 1 1 1
999.999999 999.999 9.999 999.999 9.999999
end_time of measurement, days from the file reference point
pm10_mass, ug/m3, Matrix=pm10
numflag pm10_mass, no unit, Matrix=pm10
pm25_mass, ug/m3, Matrix=pm25
numflag pm25_mass, no unit, Matrix=pm25
0
33
Data definition:              EBAS_1.1
Set type code:                TI
Timezone:                     UTC
File name:                    US0072R.19910102070000.20191216000000.filterpack...1y.3d.US03L_filterpack_US0072.US03L_IMPROVE_Davis.lev2.nas
File creation:                20191218120020
Startdate:                    19910102070000
Revision date:                20191216000000
Version:                      2
Version description:          "Data extracted from http://views.cira.colostate.edu/fed/DataWizard 2019-12-16"
Statistics:                   arithmetic mean
Data level:                   2
Period code:                  1y
Resolution code:              3d
Sample duration:              1d
Orig. time res.:              3d
Station code:                 US0072R
Platform code:                US0072S
Station name:                 Badlands NP
Station latitude:             43.7435
Station longitude:            -101.9412
Station altitude:             736.0 m
Regime:                       IMG
Component:                    
Unit:                         ug/m3
Matrix:                       
Laboratory code:              US03L
Instrument type:              filterpack
Instrument name:              filterpack_US0072
Method ref:                   US03L_IMPROVE_Davis
Blank correction:             Blank corrected
Volume std. temperature:      ambient
Volume std. pressure:         ambient
starttime endtime PM10 flag_PM10 PM2.5 flag_PM2.5
  1.291667   2.291667   9.876 0.000   5.419 0.559000
  4.291667   5.291667   7.625 0.000   5.469 0.559000
  8.291667   9.291667  13.850 0.000 999.999 0.559259
 11.291667  12.291667   3.984 0.000   3.696 0.559000
 15.291667  16.291667   3.492 0.000   1.969 0.559000
 18.291667  19.291667   4.745 0.000   2.554 0.559000
 22.291667  23.291667   2.481 0.000   1.000 0.559000
 25.291667  26.291667   6.230 0.000   2.366 0.559000
 29.291667  30.291667  12.857 0.000   3.138 0.559000
 32.291667  33.291667   4.835 0.000   1.754 0.559000
 36.291667  37.291667   9.170 0.000   2.679 0.559000
 39.291667  40.291667   6.806 0.000   3.127 0.559000
 43.291667  44.291667   7.562 0.000   3.625 0.559000
 46.291667  47.291667   4.211 0.000 999.999 0.559259
 50.291667  51.291667   3.240 0.000   2.198 0.559000
 53.291667  54.291667   8.577 0.000   3.994 0.559000
 57.291667  58.291667   3.118 0.000   1.799 0.559000
 60.291667  61.291667   6.092 0.000   3.841 0.559000
 64.291667  65.291667   9.073 0.000   5.514 0.559000
 67.291667  68.291667   3.633 0.000   1.957 0.559000
 71.291667  72.291667  14.208 0.000 999.999 0.559259
 74.291667  75.291667  12.087 0.000   8.698 0.559000
 78.291667  79.291667   7.407 0.000   6.944 0.559000
 81.291667  82.291667   4.619 0.000   3.704 0.559000
 85.291667  86.291667   4.627 0.000   3.811 0.559000
 88.291667  89.291667   5.725 0.000   3.976 0.559000
 92.291667  93.291667   9.846 0.000   5.292 0.559000
 95.291667  96.291667  16.546 0.000   9.135 0.559000
 99.291667 100.291667 999.999 0.999   5.895 0.559000
102.291667 103.291667 999.999 0.999   1.135 0.559000
106.291667 107.291667  14.385 0.000   6.304 0.559000
109.291667 110.291667   6.825 0.000   5.610 0.559000
113.291667 114.291667   9.444 0.000   7.492 0.559000
116.291667 117.291667   2.792 0.000   2.025 0.559000
120.291667 121.291667   6.000 0.000   3.598 0.559000
123.291667 124.291667   3.333 0.000   2.061 0.559000
127.291667 128.291667   7.481 0.000   4.303 0.559000
130.291667 131.291667  18.090 0.000   9.428 0.559000
134.291667 135.291667  10.336 0.000   4.036 0.559000
137.291667 138.291667   5.336 0.000   2.077 0.559000
141.291667 142.291667  16.353 0.000   5.569 0.559000
144.291667 145.291667  10.875 0.000   4.537 0.559000
148.291667 149.291667   7.528 0.000   3.713 0.559000
151.291667 152.291667   5.809 0.000   3.678 0.559000
155.291667 156.291667   7.912 0.000   4.243 0.559000
158.291667 159.291667  11.026 0.000   7.176 0.559000
162.291667 163.291667  22.528 0.000   5.976 0.559000
165.291667 166.291667   7.169 0.000   3.761 0.559000
169.291667 170.291667  14.085 0.000   5.473 0.559000
172.291667 173.291667   9.098 0.000   3.839 0.559000
176.291667 177.291667 999.999 0.999 999.999 0.999000
179.291667 180.291667  18.409 0.000   7.306 0.559000
183.291667 184.291667   6.886 0.000   5.077 0.559000
186.291667 187.291667  14.157 0.000   6.355 0.559000
190.291667 191.291667  11.511 0.000   4.455 0.559000
193.291667 194.291667   8.640 0.000 999.999 0.559259
197.291667 198.291667  39.679 0.000  11.526 0.559000
200.291667 201.291667  18.487 0.000   9.009 0.559000
204.291667 205.291667  12.821 0.000 999.999 0.559259
207.291667 208.291667  23.284 0.000   5.901 0.559000
211.291667 212.291667  16.255 0.000   5.062 0.559000
214.291667 215.291667   4.044 0.000   2.081 0.559000
218.291667 219.291667   5.000 0.000   3.944 0.559000
221.291667 222.291667  11.788 0.000   6.364 0.559000
225.291667 226.291667  13.477 0.000   8.696 0.559000
228.291667 229.291667  17.246 0.000  10.155 0.559000
232.291667 233.291667  18.688 0.000 999.999 0.559259
235.291667 236.291667  18.261 0.000   7.774 0.559000
239.291667 240.291667  20.961 0.000  13.060 0.559000
242.291667 243.291667  27.927 0.000   6.791 0.559000
246.291667 247.291667  20.849 0.000   5.143 0.559000
249.291667 250.291667  15.208 0.000   8.063 0.559000
253.291667 254.291667   8.419 0.000   6.238 0.559000
256.291667 257.291667   9.257 0.000   3.480 0.559000
260.291667 261.291667   4.081 0.000   1.968 0.559000
263.291667 264.291667  13.195 0.000   4.968 0.559000
267.291667 268.291667  11.260 0.000   3.562 0.559000
270.291667 271.291667  25.461 0.000   6.381 0.559000
274.291667 275.291667  10.038 0.000   7.660 0.559000
277.291667 278.291667   4.715 0.000   1.433 0.559000
281.291667 282.291667  18.470 0.000   5.277 0.559000
284.291667 285.291667   9.962 0.000   3.903 0.559000
288.291667 289.291667   6.437 0.000   4.345 0.559000
291.291667 292.291667  11.264 0.000   5.177 0.559000
295.291667 296.291667  11.589 0.000   2.739 0.559000
298.291667 299.291667  14.585 0.000   6.020 0.559000
302.291667 303.291667 999.999 0.999   4.393 0.559000
305.291667 306.291667  11.594 0.000   3.344 0.559000
309.291667 310.291667   9.320 0.000   5.353 0.559000
312.291667 313.291667  10.840 0.000   4.135 0.559000
316.291667 317.291667  13.934 0.000   3.576 0.559000
319.291667 320.291667   6.570 0.000   3.836 0.559000
323.291667 324.291667   3.577 0.000 999.999 0.559259
326.291667 327.291667   3.256 0.000   2.255 0.559000
330.291667 331.291667   7.791 0.000   2.040 0.559000
333.291667 334.291667   5.369 0.000   1.605 0.559000
337.291667 338.291667   6.466 0.000   3.539 0.559000
340.291667 341.291667   3.539 0.000   1.623 0.559000
344.291667 345.291667  13.765 0.000 999.999 0.559259
347.291667 348.291667  13.684 0.000 999.999 0.559259
351.291667 352.291667  14.675 0.000   2.020 0.559000
354.291667 355.291667   6.000 0.000   2.980 0.559000
358.291667 359.291667   3.710 0.000   3.013 0.559000
361.291667 362.291667 999.999 0.999   5.051 0.559000
