scripts/IMPROVE-2019_partial/data/US0074R.20050101060000.20191216000000.filterpack..pm25.52w.1w.US03L_filterpack_US0074.US03L_IMPROVE_Davis.lev2.nas
64 1001
MISSING INFORMATION
US03L, IMPROVE, , , , , , , 
MISSING INFORMATION
IMPROVE sel_HTAP
1 1
2005 01 01 2019 12 16
3.00
days from file reference point
25
1 1 1 1 1 1 1 1 1 1 1 1 1 1 1 1 1 1 1 1 1 1 1 1 1
999.99 99999.99 9.999 99.99 9.999 9.999 9.999 99.99 9.999 9.999 9.999 99.999 9.999 99.999 9.999 999.999 9.999 999.999 9.999 999.999 9.999 9.999 9.999 99.999 9.999
end_time of measurement, days from the file reference point
iron, ng/m3, Revision date=20181210133000
numflag iron, no unit, Revision date=20181210133000
lead, ng/m3, Revision date=20181210133000
numflag lead, no unit, Revision date=20181210133000
magnesium, ug/m3, Revision date=20181210133000
numflag magnesium, no unit, Revision date=20181210133000
nickel, ng/m3, Revision date=20181210133000
numflag nickel, no unit, Revision date=20181210133000
nitrate, ug N/m3, Revision date=20181210133000
numflag nitrate, no unit, Revision date=20181210133000
organic_carbon, ug C/m3, Revision date=20181210133000
numflag organic_carbon, no unit, Revision date=20181210133000
organic_mass, ug/m3, Revision date=20181210133000
numflag organic_mass, no unit, Revision date=20181210133000
pm10_mass, ug/m3, Version=2, Version description=Data extracted from http://views.cira.colostate.edu/fed/DataWizard 2019-12-16, Sample duration=1d, Orig. time res.=3d, Matrix=pm10, Blank correction=Blank corrected, Volume std. temperature=ambient, Volume std. pressure=ambient
numflag pm10_mass, no unit, Version=2, Version description=Data extracted from http://views.cira.colostate.edu/fed/DataWizard 2019-12-16, Sample duration=1d, Orig. time res.=3d, Matrix=pm10, Blank correction=Blank corrected, Volume std. temperature=ambient, Volume std. pressure=ambient
pm10_pm25_mass, ug/m3, Revision date=20181210133000, Matrix=pm10_pm25
numflag pm10_pm25_mass, no unit, Revision date=20181210133000, Matrix=pm10_pm25
pm25_mass, ug/m3, Version=2, Version description=Data extracted from http://views.cira.colostate.edu/fed/DataWizard 2019-12-16, Sample duration=1d, Orig. time res.=3d, Blank correction=Blank corrected, Volume std. temperature=ambient, Volume std. pressure=ambient
numflag pm25_mass, no unit, Version=2, Version description=Data extracted from http://views.cira.colostate.edu/fed/DataWizard 2019-12-16, Sample duration=1d, Orig. time res.=3d, Blank correction=Blank corrected, Volume std. temperature=ambient, Volume std. pressure=ambient
potassium, ug/m3, Revision date=20181210133000
numflag potassium, no unit, Revision date=20181210133000
sulphate_total, ug S/m3, Revision date=20181210133000
numflag sulphate_total, no unit, Revision date=20181210133000
0
25
Data definition:              EBAS_1.1
Set type code:                TU
Timezone:                     UTC
File name:                    US0074R.20050101060000.20191216000000.filterpack..pm25.52w.1w.US03L_filterpack_US0074.US03L_IMPROVE_Davis.lev2.nas
File creation:                20191218120031
Startdate:                    20050101060000
Revision date:                20191216000000
Statistics:                   arithmetic mean
Data level:                   2
Period code:                  52w
Resolution code:              1w
Station code:                 US0074R
Platform code:                US0074S
Station name:                 Guadalupe Mountains NP
Station latitude:             31.833
Station longitude:            -104.8094
Station altitude:             1672.0 m
Regime:                       IMG
Component:                    
Matrix:                       pm25
Laboratory code:              US03L
Instrument type:              filterpack
Instrument name:              filterpack_US0074
Method ref:                   US03L_IMPROVE_Davis
starttime endtime Fe flag_Fe Pb flag_Pb Mg++ flag_Mg++ Ni flag_Ni NO3- flag_NO3- OC flag_OC OM flag_OM PM10 flag_PM10 PM10-PM2.5 flag_PM10-PM2.5 PM2.5 flag_PM2.5 K+ flag_K+ SO4-- flag_SO4--
  0.25   1.25    15.04 0.000  1.17 0.000 9.999 0.259  0.32 0.000 0.020 0.000  0.353 0.000  0.635 0.000   3.443 0.000   1.357 0.000   2.086 0.000 0.032 0.000  0.140 0.000
  3.25   4.25    10.56 0.000  0.47 0.000 0.009 0.000  0.27 0.000 0.029 0.000  0.539 0.000  0.971 0.000   4.415 0.000   1.124 0.000   3.308 0.000 0.032 0.000  0.388 0.000
  6.25   7.25    15.63 0.000  1.25 0.000 9.999 0.259  0.20 0.000 0.031 0.000  0.260 0.000  0.469 0.000   2.959 0.000   1.799 0.000   1.160 0.000 0.012 0.000  0.064 0.000
  9.25  10.25    22.82 0.000  1.46 0.000 9.999 0.259  0.19 0.000 0.031 0.000  0.374 0.000  0.672 0.000   5.444 0.000   3.226 0.000   2.218 0.000 0.034 0.000  0.164 0.000
 12.25  13.25    17.95 0.000  0.44 0.000 9.999 0.259 99.99 0.259 0.031 0.000  0.133 0.000  0.239 0.000   4.231 0.000   3.180 0.000   1.050 0.000 0.015 0.000  0.078 0.000
 15.25  16.25    27.14 0.000  1.03 0.000 9.999 0.259 99.99 0.259 0.476 0.000  1.097 0.000  1.975 0.000  10.502 0.000   4.166 0.000   6.336 0.000 0.070 0.000  0.528 0.000
 18.25  19.25    40.20 0.000  1.95 0.000 9.999 0.259  0.34 0.000 0.089 0.000  1.049 0.000  1.888 0.000  14.714 0.000   7.158 0.000   7.555 0.000 0.086 0.000  0.680 0.000
 21.25  22.25    21.48 0.000  0.52 0.000 9.999 0.259  0.16 0.000 0.199 0.000  0.490 0.000  0.881 0.000   8.563 0.000   5.872 0.000   2.691 0.000 0.030 0.000  0.194 0.000
 24.25  25.25     8.81 0.000  0.79 0.000 9.999 0.259  0.28 0.000 0.018 0.000  0.360 0.000  0.648 0.000   4.631 0.000   2.782 0.000   1.882 0.000 0.020 0.000  0.246 0.000
 27.25  28.25    10.69 0.000  0.92 0.000 9.999 0.259 99.99 0.259 0.054 0.000  0.356 0.000  0.641 0.000   3.993 0.000   2.208 0.000   1.785 0.000 0.010 0.000  0.181 0.000
 30.25  31.25     2.56 0.000  0.45 0.000 9.999 0.259 99.99 0.259 0.117 0.000  0.305 0.000  0.549 0.000   2.523 0.000   0.899 0.000   1.623 0.000 0.006 0.000  0.223 0.000
 33.25  34.25     7.70 0.000  0.69 0.000 9.999 0.259 99.99 0.259 0.554 0.000  0.340 0.000  0.612 0.000   5.802 0.000   1.069 0.000   4.732 0.000 0.008 0.000  0.317 0.000
 36.25  37.25     2.79 0.000  0.61 0.000 9.999 0.259  0.26 0.000 0.011 0.000  0.288 0.000  0.519 0.000   1.485 0.000   0.332 0.000   1.153 0.000 0.004 0.000  0.136 0.000
 39.25  40.25    10.31 0.000  0.92 0.000 9.999 0.259  0.25 0.000 0.218 0.000  0.358 0.000  0.644 0.000   4.086 0.000   1.172 0.000   2.913 0.000 0.017 0.000  0.386 0.000
 42.25  43.25     6.50 0.000  0.28 0.000 9.999 0.259  0.31 0.000 0.033 0.000  0.345 0.000  0.621 0.000   3.049 0.000   1.071 0.000   1.978 0.000 0.009 0.000  0.273 0.000
 45.25  46.25    12.20 0.000  2.97 0.000 9.999 0.259 99.99 0.259 0.016 0.000  0.421 0.000  0.759 0.000   5.527 0.000   3.327 0.000   2.216 0.000 0.011 0.000  0.213 0.000
 48.25  49.25     7.94 0.000  0.58 0.000 9.999 0.259  0.27 0.000 0.138 0.000  0.714 0.000  1.284 0.000   5.365 0.000   1.911 0.000   3.453 0.000 0.018 0.000  0.395 0.000
 51.25  52.25    15.32 0.000  0.89 0.000 9.999 0.259 99.99 0.259 0.012 0.000  0.191 0.000  0.343 0.000   3.420 0.000   1.668 0.000   1.752 0.000 0.015 0.000  0.210 0.000
 54.25  55.25     0.60 0.000 99.99 0.259 9.999 0.259 99.99 0.259 0.026 0.000  0.082 0.000  0.147 0.000   1.061 0.000   0.537 0.000   0.524 0.000 0.001 0.000  0.071 0.000
 57.25  58.25     7.07 0.000  0.40 0.000 9.999 0.259  0.17 0.000 0.064 0.000  0.318 0.000  0.573 0.000   2.817 0.000   0.767 0.000   2.049 0.000 0.007 0.000  0.248 0.000
 60.25  61.25    17.39 0.000  0.88 0.000 9.999 0.259 99.99 0.259 0.014 0.000  0.259 0.000  0.467 0.000   3.863 0.000   1.981 0.000   1.881 0.000 0.012 0.000  0.188 0.000
 63.25  64.25    15.91 0.000  1.11 0.000 9.999 0.259 99.99 0.259 0.036 0.000  0.603 0.000  1.086 0.000   5.957 0.000   1.676 0.000   4.280 0.000 0.022 0.000  0.657 0.000
 66.25  67.25    41.75 0.000  1.02 0.000 9.999 0.259 99.99 0.259 0.034 0.000  0.524 0.000  0.943 0.000  14.944 0.000  12.476 0.000   2.616 0.000 0.032 0.000  0.185 0.000
 69.25  70.25    84.84 0.000  0.55 0.000 9.999 0.259 99.99 0.259 0.030 0.000  0.528 0.000  0.951 0.000  32.405 0.000  28.915 0.000   3.511 0.000 0.058 0.000  0.119 0.000
 72.25  73.25    21.25 0.000  0.69 0.000 9.999 0.259 99.99 0.259 0.094 0.000  0.566 0.000  1.020 0.000  10.756 0.000   8.251 0.000   2.504 0.000 0.020 0.000  0.191 0.000
 75.25  76.25    61.45 0.000  2.40 0.000 9.999 0.259  0.57 0.000 0.114 0.000  0.707 0.000  1.272 0.000  10.496 0.000   6.359 0.000   4.137 0.000 0.044 0.000  0.307 0.000
 78.25  79.25    47.26 0.000  1.51 0.000 0.022 0.000  0.09 0.000 0.024 0.000  0.413 0.000  0.744 0.000   9.414 0.000   6.594 0.000   2.821 0.000 0.038 0.000  0.215 0.000
 81.25  82.25   187.93 0.000  0.88 0.000 0.092 0.000  0.14 0.000 0.036 0.000  0.456 0.000  0.820 0.000  28.262 0.000  21.639 0.000   6.623 0.000 0.134 0.000  0.130 0.000
 84.25  85.25    17.84 0.000  0.43 0.000 0.014 0.000 99.99 0.259 0.033 0.000  0.216 0.000  0.388 0.000   4.449 0.000   2.756 0.000   1.693 0.000 0.013 0.000  0.140 0.000
 87.25  88.25   194.31 0.000  0.94 0.000 0.231 0.000  0.06 0.000 0.037 0.000  0.637 0.000  1.147 0.000  57.996 0.000  49.807 0.000   8.438 0.000 0.135 0.000  0.245 0.000
 90.25  91.25    12.36 0.000  0.43 0.000 9.999 0.259  0.19 0.000 0.036 0.000  0.042 0.000  0.075 0.000   6.687 0.000   5.369 0.000   1.318 0.000 0.009 0.000  0.174 0.000
 93.25  94.25   231.47 0.000  1.27 0.000 0.119 0.000  0.16 0.000 0.032 0.000  0.656 0.000  1.182 0.000  24.417 0.000  16.368 0.000   8.049 0.000 0.164 0.000  0.198 0.000
 96.25  97.25    89.87 0.000  2.67 0.000 0.019 0.000  0.15 0.000 0.034 0.000  0.355 0.000  0.639 0.000  12.185 0.000   7.605 0.000   4.580 0.000 0.068 0.000  0.455 0.000
 99.25 100.25    90.32 0.000  1.01 0.000 0.033 0.000 99.99 0.259 0.047 0.000  0.579 0.000  1.041 0.000  18.017 0.000  14.246 0.000   3.771 0.000 0.065 0.000  0.207 0.000
102.25 103.25    86.02 0.000 99.99 0.259 0.018 0.000 99.99 0.259 0.030 0.000  0.620 0.000  1.116 0.000  15.716 0.000  11.154 0.000   4.562 0.000 0.062 0.000  0.421 0.000
105.25 106.25    48.05 0.000  1.24 0.000 9.999 0.259  0.21 0.000 0.123 0.000  1.392 0.000  2.506 0.000  17.265 0.000   4.119 0.000  13.145 0.000 0.064 0.000  1.960 0.000
108.25 109.25   134.19 0.000  1.79 0.000 0.053 0.000  0.24 0.000 0.037 0.000  0.319 0.000  0.575 0.000  14.056 0.000   9.579 0.000   4.619 0.000 0.091 0.000  0.255 0.000
111.25 112.25    95.52 0.000  0.94 0.000 0.034 0.000  0.13 0.000 0.049 0.000  0.451 0.000  0.812 0.000  12.961 0.000   8.824 0.000   4.144 0.000 0.062 0.000  0.242 0.000
114.25 115.25    47.51 0.000  1.46 0.000 0.017 0.000  0.17 0.000 0.040 0.000  0.271 0.000  0.489 0.000   7.950 0.000   5.273 0.000   2.677 0.000 0.034 0.000  0.244 0.000
117.25 118.25   168.54 0.000  1.55 0.000 9.999 0.259  0.21 0.000 0.045 0.000  0.385 0.000  0.693 0.000  23.478 0.000  17.335 0.000   6.143 0.000 0.105 0.000  0.242 0.000
120.25 121.25    27.78 0.000  1.34 0.000 0.009 0.000 99.99 0.259 0.019 0.000  0.488 0.000  0.879 0.000  10.037 0.000   6.752 0.000   3.284 0.000 0.022 0.000  0.372 0.000
123.25 124.25    17.22 0.000  0.68 0.000 9.999 0.259  0.31 0.000 0.098 0.000  0.751 0.000  1.353 0.000  12.096 0.000   7.377 0.000   4.718 0.000 0.017 0.000  0.637 0.000
126.25 127.25    91.71 0.000  1.35 0.000 0.023 0.000  0.21 0.000 0.063 0.000  0.216 0.000  0.388 0.000  12.243 0.000   6.694 0.000   5.550 0.000 0.061 0.000  0.620 0.000
129.25 130.25   118.74 0.000  1.62 0.000 9.999 0.259  0.29 0.000 0.048 0.000  0.738 0.000  1.329 0.000  14.380 0.000   7.474 0.000   6.926 0.000 0.090 0.000  0.720 0.000
132.25 133.25    93.72 0.000  1.78 0.000 0.032 0.000  0.11 0.000 0.034 0.000  0.420 0.000  0.756 0.000  11.641 0.000   8.009 0.000   3.632 0.000 0.060 0.000  0.253 0.000
135.25 136.25    49.48 0.000  1.25 0.000 0.015 0.000 99.99 0.259 0.118 0.000  0.591 0.000  1.065 0.000   8.723 0.000   4.849 0.000   3.873 0.000 0.043 0.000  0.384 0.000
138.25 139.25    80.02 0.000  1.01 0.000 9.999 0.259  0.21 0.000 0.040 0.000  0.320 0.000  0.575 0.000  10.009 0.000   5.964 0.000   4.049 0.000 0.052 0.000  0.220 0.000
141.25 142.25    38.41 0.000  0.56 0.000 0.017 0.000  0.16 0.000 0.033 0.000  0.758 0.000  1.364 0.000   9.547 0.000   4.279 0.000   5.267 0.000 0.048 0.000  0.575 0.000
144.25 145.25   120.68 0.000  0.67 0.000 0.022 0.000 99.99 0.259 0.057 0.000  1.804 0.000  3.247 0.000  31.465 0.000  21.462 0.000  10.003 0.000 0.114 0.000  0.873 0.000
147.25 148.25     9.78 0.000  0.54 0.000 9.999 0.259 99.99 0.259 0.041 0.000  0.513 0.000  0.924 0.000   3.825 0.000   1.806 0.000   2.022 0.000 0.015 0.000  0.235 0.000
150.25 151.25    45.74 0.000  1.18 0.000 0.011 0.000  0.46 0.000 0.069 0.000  0.496 0.000  0.893 0.000  15.080 0.000  10.516 0.000   4.452 0.000 0.046 0.000  0.485 0.000
153.25 154.25 99999.99 0.999 99.99 0.999 9.999 0.999 99.99 0.999 9.999 0.999 99.999 0.999 99.999 0.999 999.999 0.999 999.999 0.999 999.999 0.999 9.999 0.999 99.999 0.999
156.25 157.25 99999.99 0.999 99.99 0.999 9.999 0.999 99.99 0.999 9.999 0.999 99.999 0.999 99.999 0.999 999.999 0.999 999.999 0.999 999.999 0.999 9.999 0.999 99.999 0.999
159.25 160.25    46.22 0.000  1.25 0.000 0.012 0.000  0.28 0.000 0.021 0.000  0.549 0.000  0.988 0.000   8.957 0.000   5.343 0.000   3.555 0.000 0.045 0.000  0.373 0.000
162.25 163.25    56.68 0.000  0.95 0.000 0.025 0.000  0.17 0.000 0.085 0.000  0.788 0.000  1.419 0.000  15.428 0.000  10.289 0.000   5.027 0.000 0.069 0.000  0.475 0.000
165.25 166.25    26.87 0.000  0.48 0.000 9.999 0.259  0.25 0.000 0.036 0.000  1.236 0.000  2.224 0.000  10.863 0.000   5.027 0.000   5.780 0.000 0.059 0.000  0.764 0.000
168.25 169.25    49.59 0.000  0.89 0.000 9.999 0.259  0.20 0.000 0.027 0.000  1.216 0.000  2.189 0.000  13.665 0.000   7.785 0.000   5.797 0.000 0.060 0.000  0.635 0.000
171.25 172.25    25.74 0.000  0.40 0.000 9.999 0.259  0.24 0.000 0.035 0.000  1.361 0.000  2.451 0.000  13.477 0.000   6.088 0.000   7.429 0.000 0.037 0.000  1.096 0.000
174.25 175.25    44.01 0.000  0.49 0.000 9.999 0.259  0.28 0.000 0.022 0.000  1.353 0.000  2.435 0.000  18.222 0.000   9.290 0.000   8.831 0.000 0.043 0.000  1.266 0.000
177.25 178.25    50.96 0.000  0.25 0.000 0.008 0.000  0.15 0.000 0.048 0.000  0.986 0.000  1.776 0.000  12.299 0.000   5.887 0.000   6.347 0.000 0.035 0.000  0.921 0.000
180.25 181.25    32.26 0.000  0.22 0.000 0.012 0.000 99.99 0.259 0.026 0.000  1.245 0.000  2.240 0.000  16.076 0.000  10.631 0.000   5.331 0.000 0.036 0.000  0.671 0.000
183.25 184.25    51.55 0.000  0.65 0.000 9.999 0.259 99.99 0.259 0.033 0.000  1.446 0.000  2.604 0.000  16.364 0.000  10.903 0.000   5.345 0.000 0.070 0.000  0.440 0.000
186.25 187.25 99999.99 0.999 99.99 0.999 9.999 0.999 99.99 0.999 9.999 0.999 99.999 0.999 99.999 0.999 999.999 0.999 999.999 0.999 999.999 0.999 9.999 0.999 99.999 0.999
189.25 190.25 99999.99 0.999 99.99 0.999 9.999 0.999 99.99 0.999 9.999 0.999 99.999 0.999 99.999 0.999 999.999 0.999 999.999 0.999 999.999 0.999 9.999 0.999 99.999 0.999
192.25 193.25    55.22 0.000  0.60 0.000 9.999 0.259  0.12 0.000 0.031 0.000  1.363 0.000  2.454 0.000  13.507 0.000   5.641 0.000   7.889 0.000 0.046 0.000  1.021 0.000
195.25 196.25    42.78 0.000  0.54 0.000 9.999 0.259  0.06 0.000 0.035 0.000  1.218 0.000  2.192 0.000  14.697 0.000   7.901 0.000   6.710 0.000 0.040 0.000  0.875 0.000
198.25 199.25    20.31 0.000  0.19 0.000 9.999 0.259 99.99 0.259 0.034 0.000  1.062 0.000  1.911 0.000  10.679 0.000   5.942 0.000   4.673 0.000 0.024 0.000  0.636 0.000
201.25 202.25    72.53 0.000  0.26 0.000 0.021 0.000 99.99 0.259 0.107 0.000  0.781 0.000  1.405 0.000  10.758 0.000   5.901 0.000   4.793 0.000 0.038 0.000  0.476 0.000
204.25 205.25    17.83 0.000  0.26 0.000 0.009 0.000  0.16 0.000 0.048 0.000  0.800 0.000  1.439 0.000   8.851 0.000   4.882 0.000   3.916 0.000 0.017 0.000  0.506 0.000
207.25 208.25    12.72 0.000 99.99 0.259 9.999 0.259  0.06 0.000 0.098 0.000  0.622 0.000  1.120 0.000   3.373 0.000   1.283 0.000   2.076 0.000 0.009 0.000  0.185 0.000
210.25 211.25  1030.70 0.000  1.89 0.000 0.379 0.000 99.99 0.259 0.202 0.000  1.054 0.000  1.898 0.000  49.008 0.000  24.634 0.000  24.106 0.000 0.399 0.000  1.009 0.000
213.25 214.25   136.06 0.000  0.65 0.000 9.999 0.259 99.99 0.259 0.025 0.000  1.600 0.000  2.880 0.000  19.859 0.000   7.172 0.000  12.710 0.000 0.070 0.000  1.578 0.000
216.25 217.25    44.68 0.000  0.14 0.000 9.999 0.259 99.99 0.259 0.053 0.000  0.807 0.000  1.453 0.000   6.061 0.000   1.597 0.000   4.446 0.000 0.031 0.000  0.530 0.000
219.25 220.25    73.75 0.000  0.52 0.000 0.014 0.000 99.99 0.259 0.021 0.000  0.331 0.000  0.596 0.000   5.487 0.000   1.648 0.000   3.819 0.000 0.035 0.000  0.428 0.000
222.25 223.25    77.43 0.000  0.51 0.000 9.999 0.259  0.09 0.000 0.023 0.000  0.624 0.000  1.123 0.000   8.777 0.000   4.183 0.000   4.548 0.000 0.039 0.000  0.459 0.000
225.25 226.25     5.25 0.000  0.21 0.000 9.999 0.259 99.99 0.259 0.020 0.000  0.544 0.000  0.978 0.000   2.219 0.000   0.507 0.000   1.706 0.000 0.005 0.000  0.187 0.000
228.25 229.25 99999.99 0.999 99.99 0.999 9.999 0.999 99.99 0.999 9.999 0.999 99.999 0.999 99.999 0.999   5.275 0.000 999.999 0.999   3.762 0.000 9.999 0.999 99.999 0.999
231.25 232.25 99999.99 0.999 99.99 0.999 9.999 0.999 99.99 0.999 9.999 0.999 99.999 0.999 99.999 0.999 999.999 0.999 999.999 0.999 999.999 0.999 9.999 0.999 99.999 0.999
234.25 235.25 99999.99 0.999 99.99 0.999 9.999 0.999 99.99 0.999 9.999 0.999 99.999 0.999 99.999 0.999 999.999 0.999 999.999 0.999 999.999 0.999 9.999 0.999 99.999 0.999
237.25 238.25 99999.99 0.999 99.99 0.999 9.999 0.999 99.99 0.999 9.999 0.999 99.999 0.999 99.999 0.999 999.999 0.999 999.999 0.999 999.999 0.999 9.999 0.999 99.999 0.999
240.25 241.25 99999.99 0.999 99.99 0.999 9.999 0.999 99.99 0.999 9.999 0.999 99.999 0.999 99.999 0.999 999.999 0.999 999.999 0.999 999.999 0.999 9.999 0.999 99.999 0.999
243.25 244.25    21.80 0.000  0.88 0.000 9.999 0.259  0.15 0.000 0.021 0.000  1.907 0.559  3.432 0.559  14.987 0.000   7.792 0.000   7.069 0.659 0.032 0.000  0.835 0.000
246.25 247.25     7.75 0.000  0.64 0.000 9.999 0.259  0.16 0.000 0.017 0.000  1.003 0.559  1.806 0.559   7.662 0.000   2.080 0.000   5.527 0.659 0.012 0.000  0.958 0.000
249.25 250.25    23.05 0.000  1.28 0.000 9.999 0.259  0.16 0.000 0.018 0.000  1.821 0.559  3.279 0.559  19.771 0.000   6.077 0.000  13.673 0.659 0.031 0.000  2.251 0.000
252.25 253.25    16.27 0.000  1.17 0.000 0.008 0.000  0.14 0.000 0.019 0.000  1.383 0.000  2.490 0.000  11.598 0.000   4.279 0.000   7.230 0.000 0.022 0.000  1.166 0.000
255.25 256.25    13.41 0.000  1.03 0.000 9.999 0.259  0.21 0.000 0.022 0.000  0.988 0.559  1.778 0.559   7.315 0.000   4.127 0.000   3.183 0.000 0.013 0.000  0.436 0.000
258.25 259.25    42.61 0.000  0.63 0.000 9.999 0.259  0.19 0.000 0.051 0.000  1.937 0.559  3.487 0.559  16.592 0.000   7.426 0.000   9.031 0.000 0.032 0.000  1.250 0.000
261.25 262.25    41.78 0.000  0.71 0.000 9.999 0.259  0.22 0.000 0.030 0.000  1.168 0.559  2.102 0.559   9.472 0.000   5.109 0.000   4.282 0.000 0.027 0.000  0.533 0.000
264.25 265.25    18.52 0.000  0.60 0.000 9.999 0.259  0.21 0.000 0.013 0.000  0.903 0.559  1.625 0.559   8.151 0.000   3.848 0.000   4.236 0.000 0.019 0.000  0.656 0.000
267.25 268.25    24.30 0.000  0.85 0.000 9.999 0.259  0.23 0.000 0.014 0.000  1.306 0.559  2.351 0.559  10.703 0.000   6.299 0.000   4.310 0.000 0.025 0.000  0.537 0.000
270.25 271.25    68.86 0.000  0.89 0.000 9.999 0.259  0.39 0.000 0.019 0.000  1.200 0.559  2.161 0.559  33.426 0.000  27.789 0.000   5.774 0.000 0.052 0.000  0.512 0.000
273.25 274.25    27.06 0.000  0.58 0.000 0.011 0.000  0.34 0.000 0.012 0.000  1.086 0.000  1.955 0.000   9.798 0.000   6.486 0.000   3.221 0.000 0.023 0.000  0.313 0.000
276.25 277.25    14.01 0.000  0.21 0.000 0.026 0.000  0.36 0.000 0.071 0.000  0.805 0.000  1.449 0.000  14.235 0.000   9.749 0.000   4.498 0.000 0.018 0.000  0.751 0.000
279.25 280.25     8.31 0.000  0.25 0.000 9.999 0.259  0.43 0.000 0.108 0.000  0.840 0.000  1.511 0.000   6.718 0.000   3.974 0.000   2.744 0.000 0.009 0.000  0.242 0.000
