scripts/IMPROVE-2019_partial/data/US0080R.20040101050000.20191216000000.filterpack..pm25.52w.1w.US03L_filterpack_US0080.US03L_IMPROVE_Davis.lev2.nas
66 1001
MISSING INFORMATION
US03L, IMPROVE, , , , , , , 
MISSING INFORMATION
IMPROVE sel_HTAP
1 1
2004 01 01 2019 12 16
3.000000
days from file reference point
27
1 1 1 1 1 1 1 1 1 1 1 1 1 1 1 1 1 1 1 1 1 1 1 1 1 1 1
999.999999 99.999 9.999 9999.99 9.999 999.99 9.999 9.999 9.999 99.99 9.999 99.999 9.999 99.999 9.999 999.999 9.999 999.999 9.999 999.999 9.999 999.999 9.999 9.999 9.999 99.999 9.999
end_time of measurement, days from the file reference point
ammonium, ug N/m3, Revision date=20181210133000
numflag ammonium, no unit, Revision date=20181210133000
iron, ng/m3, Revision date=20181210133000
numflag iron, no unit, Revision date=20181210133000
lead, ng/m3, Revision date=20181210133000
numflag lead, no unit, Revision date=20181210133000
magnesium, ug/m3, Revision date=20181210133000
numflag magnesium, no unit, Revision date=20181210133000
nickel, ng/m3, Revision date=20181210133000
numflag nickel, no unit, Revision date=20181210133000
nitrate, ug N/m3, Revision date=20181210133000
numflag nitrate, no unit, Revision date=20181210133000
organic_carbon, ug C/m3, Revision date=20181210133000
numflag organic_carbon, no unit, Revision date=20181210133000
organic_mass, ug/m3, Revision date=20181210133000
numflag organic_mass, no unit, Revision date=20181210133000
pm10_mass, ug/m3, Version=2, Version description=Data extracted from http://views.cira.colostate.edu/fed/DataWizard 2019-12-16, Sample duration=1d, Orig. time res.=3d, Matrix=pm10, Blank correction=Blank corrected, Volume std. temperature=ambient, Volume std. pressure=ambient
numflag pm10_mass, no unit, Version=2, Version description=Data extracted from http://views.cira.colostate.edu/fed/DataWizard 2019-12-16, Sample duration=1d, Orig. time res.=3d, Matrix=pm10, Blank correction=Blank corrected, Volume std. temperature=ambient, Volume std. pressure=ambient
pm10_pm25_mass, ug/m3, Revision date=20181210133000, Matrix=pm10_pm25
numflag pm10_pm25_mass, no unit, Revision date=20181210133000, Matrix=pm10_pm25
pm25_mass, ug/m3, Version=2, Version description=Data extracted from http://views.cira.colostate.edu/fed/DataWizard 2019-12-16, Sample duration=1d, Orig. time res.=3d, Blank correction=Blank corrected, Volume std. temperature=ambient, Volume std. pressure=ambient
numflag pm25_mass, no unit, Version=2, Version description=Data extracted from http://views.cira.colostate.edu/fed/DataWizard 2019-12-16, Sample duration=1d, Orig. time res.=3d, Blank correction=Blank corrected, Volume std. temperature=ambient, Volume std. pressure=ambient
potassium, ug/m3, Revision date=20181210133000
numflag potassium, no unit, Revision date=20181210133000
sulphate_total, ug S/m3, Revision date=20181210133000
numflag sulphate_total, no unit, Revision date=20181210133000
0
25
Data definition:              EBAS_1.1
Set type code:                TU
Timezone:                     UTC
File name:                    US0080R.20040101050000.20191216000000.filterpack..pm25.52w.1w.US03L_filterpack_US0080.US03L_IMPROVE_Davis.lev2.nas
File creation:                20191218120050
Startdate:                    20040101050000
Revision date:                20191216000000
Statistics:                   arithmetic mean
Data level:                   2
Period code:                  52w
Resolution code:              1w
Station code:                 US0080R
Platform code:                US0080S
Station name:                 James River Face Wilderness
Station latitude:             37.6266
Station longitude:            -79.5125
Station altitude:             289.0 m
Regime:                       IMG
Component:                    
Matrix:                       pm25
Laboratory code:              US03L
Instrument type:              filterpack
Instrument name:              filterpack_US0080
Method ref:                   US03L_IMPROVE_Davis
starttime endtime NH4+ flag_NH4+ Fe flag_Fe Pb flag_Pb Mg++ flag_Mg++ Ni flag_Ni NO3- flag_NO3- OC flag_OC OM flag_OM PM10 flag_PM10 PM10-PM2.5 flag_PM10-PM2.5 PM2.5 flag_PM2.5 K+ flag_K+ SO4-- flag_SO4--
[from data line 83]
249.208333 250.208333  0.174 0.000    3.89 0.000   0.51 0.000 0.150 0.000  0.14 0.000  0.023 0.000  0.566 0.000   0.792 0.000   5.219 0.000   2.944 0.000   2.275 0.000 0.023 0.000  0.319 0.000
252.208333 253.208333  0.587 0.000    9.80 0.000   0.49 0.000 9.999 0.259 99.99 0.259  0.010 0.000  0.610 0.000   0.853 0.000   8.796 0.000   3.969 0.000   4.827 0.000 0.014 0.000  0.875 0.000
255.208333 256.208333  2.776 0.000   30.91 0.000  25.68 0.000 0.262 0.000  0.71 0.000  0.049 0.000  1.981 0.000   2.773 0.000  23.645 0.000   3.372 0.000  20.273 0.000 0.081 0.000  3.638 0.000
258.208333 259.208333  2.591 0.000   29.55 0.000   2.29 0.000 9.999 0.259  0.79 0.000  0.065 0.000  1.738 0.000   2.433 0.000  22.222 0.000   3.263 0.000  18.959 0.000 0.034 0.000  3.331 0.000
261.208333 262.208333  0.364 0.000    6.45 0.000  16.47 0.000 9.999 0.259 99.99 0.259  0.010 0.000  0.476 0.000   0.667 0.000   5.556 0.000   2.379 0.000   3.176 0.000 0.009 0.000  0.514 0.000
264.208333 265.208333  0.221 0.000   24.18 0.000   3.19 0.000 9.999 0.259  0.19 0.000  0.059 0.000  1.390 0.000   1.945 0.000   6.558 0.000   2.050 0.000   4.508 0.000 0.021 0.000  0.322 0.000
267.208333 268.208333  2.293 0.000   57.77 0.000   3.60 0.000 0.416 0.000  0.45 0.000  0.069 0.000  3.869 0.000   5.416 0.000  24.838 0.000   4.131 0.000  20.707 0.000 0.066 0.000  2.804 0.000
270.208333 271.208333  3.063 0.000   43.63 0.000   5.59 0.000 9.999 0.259  0.57 0.000  0.328 0.000  2.818 0.000   3.945 0.000  25.392 0.000   2.696 0.000  22.696 0.000 0.093 0.000  3.404 0.000
273.208333 274.208333  3.000 0.000   46.29 0.000   2.70 0.000 0.299 0.000  0.30 0.000  0.057 0.000  1.736 0.000   2.431 0.000  22.611 0.000   2.381 0.000  20.230 0.000 0.103 0.000  3.596 0.000
276.208333 277.208333  1.825 0.000   23.34 0.000   2.70 0.000 9.999 0.259  0.27 0.000  0.104 0.000  2.411 0.000   3.376 0.000  17.857 0.000   2.442 0.000  15.415 0.000 0.110 0.000  2.254 0.000
279.208333 280.208333  0.809 0.000   40.74 0.000   2.29 0.000 0.216 0.000  1.41 0.000  0.062 0.000  1.537 0.000   2.151 0.000  11.863 0.000   3.667 0.000   8.196 0.000 0.118 0.000  0.985 0.000
282.208333 283.208333  1.059 0.000   34.90 0.000   5.65 0.000 9.999 0.259  0.26 0.000  0.122 0.000  2.354 0.000   3.296 0.000  13.847 0.000   2.622 0.000  11.225 0.000 0.071 0.000  1.274 0.000
285.208333 286.208333  0.484 0.000   23.75 0.000   2.86 0.000 9.999 0.259 99.99 0.259  0.057 0.000  1.634 0.000   2.288 0.000   7.676 0.000   1.555 0.000   6.121 0.000 0.023 0.000  0.560 0.000
288.208333 289.208333  0.583 0.000   14.14 0.000   1.13 0.000 0.099 0.000  0.17 0.000  0.044 0.000  1.060 0.000   1.484 0.000   8.649 0.000   2.801 0.000   5.848 0.000 0.021 0.000  0.737 0.000
291.208333 292.208333  0.309 0.000   36.98 0.000   2.01 0.000 0.059 0.000 99.99 0.259  0.075 0.000  1.752 0.000   2.454 0.000   8.639 0.000   2.597 0.000   6.043 0.000 0.059 0.000  0.442 0.000
294.208333 295.208333  0.467 0.000    4.82 0.000   0.53 0.000 9.999 0.259  0.20 0.000  0.011 0.000  0.993 0.000   1.390 0.000   5.911 0.000   2.020 0.000   3.891 0.000 0.018 0.000  0.705 0.000
297.208333 298.208333  0.949 0.000   24.86 0.000   3.44 0.000 9.999 0.259  1.30 0.000  0.148 0.000  1.788 0.000   2.503 0.000  11.574 0.000   2.834 0.000   8.740 0.000 0.051 0.000  1.146 0.000
300.208333 301.208333  1.726 0.000   36.00 0.000   4.49 0.000 9.999 0.259  0.27 0.000  0.225 0.000  2.086 0.000   2.921 0.000  18.962 0.000   5.522 0.000  13.440 0.000 0.085 0.000  1.860 0.000
303.208333 304.208333  1.282 0.000   33.05 0.000   4.81 0.000 9.999 0.259  0.21 0.000  0.054 0.000  1.887 0.000   2.641 0.000  15.377 0.000   3.934 0.000  11.443 0.000 0.061 0.000  1.537 0.000
306.208333 307.208333  0.968 0.000   35.46 0.000   1.49 0.000 9.999 0.259 99.99 0.259  0.068 0.000  3.335 0.000   4.669 0.000  14.446 0.000   2.289 0.000  12.157 0.000 0.052 0.000  1.235 0.000
309.208333 310.208333  0.432 0.000   20.75 0.000   1.58 0.000 9.999 0.259  0.16 0.000  0.060 0.000  0.740 0.000   1.036 0.000   5.828 0.000   1.980 0.000   3.848 0.000 0.033 0.000  0.472 0.000
312.208333 313.208333  0.368 0.000  375.93 0.000   3.13 0.000 9.999 0.259  1.15 0.000  0.053 0.000  1.276 0.000   1.787 0.000   9.772 0.000   4.307 0.000   5.465 0.000 0.074 0.000  0.421 0.000
315.208333 316.208333  1.004 0.000   87.97 0.000   4.01 0.000 9.999 0.259  0.25 0.000  0.309 0.000  3.942 0.000   5.519 0.000  18.140 0.000   5.652 0.000  12.488 0.000 0.222 0.000  0.948 0.000
318.208333 319.208333  0.288 0.000   14.75 0.000   3.06 0.000 9.999 0.259 99.99 0.259  0.110 0.000  1.850 0.000   2.590 0.000   6.819 0.000   1.180 0.000   5.639 0.000 0.090 0.000  0.288 0.000
321.208333 322.208333  0.516 0.000   48.46 0.000   2.26 0.000 9.999 0.259  0.15 0.000  0.066 0.000  1.844 0.000   2.581 0.000  10.479 0.000   3.056 0.000   7.423 0.000 0.179 0.000  0.637 0.000
324.208333 325.208333  1.427 0.000   41.49 0.000   2.62 0.000 9.999 0.259  0.21 0.000  0.254 0.000  2.711 0.000   3.795 0.000  16.134 0.000   2.427 0.000  13.708 0.000 0.088 0.000  1.591 0.000
327.208333 328.208333  1.658 0.000   19.77 0.000   2.22 0.000 0.123 0.000  0.33 0.000  0.594 0.000  1.812 0.000   2.536 0.000  14.658 0.000   3.407 0.000  11.251 0.000 0.061 0.000  1.319 0.000
330.208333 331.208333  0.303 0.000   16.13 0.000   1.60 0.000 9.999 0.259 99.99 0.259  0.045 0.000  1.013 0.000   1.418 0.000   4.727 0.000   0.716 0.000   4.011 0.000 0.046 0.000  0.337 0.000
333.208333 334.208333  0.768 0.000   28.38 0.000   1.41 0.000 9.999 0.259  0.16 0.000  0.049 0.000  1.141 0.000   1.598 0.000   8.275 0.000   1.631 0.000   6.644 0.000 0.044 0.000  0.892 0.000
336.208333 337.208333  0.327 0.000   30.25 0.000   4.71 0.000 9.999 0.259  0.09 0.000  0.033 0.000  1.042 0.000   1.458 0.000   5.946 0.000   1.437 0.000   4.509 0.000 0.041 0.000  0.387 0.000
339.208333 340.208333  0.363 0.000   36.30 0.000   2.51 0.000 9.999 0.259 99.99 0.259  0.091 0.000  1.972 0.000   2.761 0.000   8.184 0.000   1.958 0.000   6.226 0.000 0.070 0.000  0.384 0.000
342.208333 343.208333  0.515 0.000   18.80 0.000   1.33 0.000 9.999 0.259  0.13 0.000  0.024 0.000  1.489 0.000   2.085 0.000   7.978 0.000   1.961 0.000   6.016 0.000 0.030 0.000  0.589 0.000
345.208333 346.208333  0.415 0.000   11.76 0.000   0.55 0.000 0.093 0.000 99.99 0.259  0.095 0.000  1.103 0.000   1.544 0.000   5.167 0.000   1.664 0.000   3.503 0.000 0.014 0.000  0.452 0.000
348.208333 349.208333  0.376 0.000    8.02 0.000   0.94 0.000 9.999 0.259  0.26 0.000  0.030 0.000  0.389 0.000   0.544 0.000   3.984 0.000   0.768 0.000   3.216 0.000 0.015 0.000  0.541 0.000
351.208333 352.208333  0.523 0.000   31.81 0.000   2.00 0.000 9.999 0.259  0.11 0.000  0.215 0.000  1.817 0.000   2.543 0.000   9.564 0.000   2.770 0.000   6.794 0.000 0.073 0.000  0.473 0.000
354.208333 355.208333  0.212 0.000   16.73 0.000   0.73 0.000 9.999 0.259 99.99 0.259  0.073 0.000  0.569 0.000   0.797 0.000   4.644 0.000   2.032 0.000   2.612 0.000 0.026 0.000  0.238 0.000
357.208333 358.208333  0.394 0.559    6.98 0.000   0.84 0.000 9.999 0.259  0.41 0.000  0.021 0.559  0.444 0.000   0.622 0.000   4.547 0.000   1.344 0.000   3.203 0.000 0.013 0.000  0.656 0.559
360.208333 361.208333  1.563 0.559   18.65 0.000   1.90 0.000 0.131 0.000  0.46 0.000  0.788 0.559  2.816 0.000   3.942 0.000  15.479 0.000   1.438 0.000  14.040 0.000 0.145 0.000  1.101 0.559
363.208333 364.208333  0.848 0.000   37.14 0.000   3.04 0.000 9.999 0.259  0.22 0.000  0.214 0.000  2.790 0.000   3.905 0.000  13.556 0.000   2.974 0.000  10.582 0.000 0.165 0.000  0.857 0.000
