scripts/IMPROVE-2019_partial/data/US0020R.20120101080000.20191216000000.filterpack...52w.3d.US03L_filterpack_US0020.US03L_IMPROVE_Davis.lev2.nas
52 1001
MISSING INFORMATION
US03L, IMPROVE, , , , , , , 
MISSING INFORMATION
IMPROVE sel_HTAP
1 1
2012 01 01 2019 12 16
3.000000
days from file reference point
5
1 1 1 1 1
999.999999 999.999 9.999 999.999 9.999
end_time of measurement, days from the file reference point
pm10_mass, ug/m3, Matrix=pm10
numflag pm10_mass, no unit, Matrix=pm10
pm25_mass, ug/m3, Matrix=pm25
numflag pm25_mass, no unit, Matrix=pm25
0
33
Data definition:              EBAS_1.1
Set type code:                TU
Timezone:                     UTC
File name:                    US0020R.20120101080000.20191216000000.filterpack...52w.3d.US03L_filterpack_US0020.US03L_IMPROVE_Davis.lev2.nas
File creation:                20191218115646
Startdate:                    20120101080000
Revision date:                20191216000000
Version:                      2
Version description:          "Data extracted from http://views.cira.colostate.edu/fed/DataWizard 2019-12-16"
Statistics:                   arithmetic mean
Data level:                   2
Period code:                  52w
Resolution code:              3d
Sample duration:              1d
Orig. time res.:              3d
Station code:                 US0020R
Platform code:                US0020S
Station name:                 Death Valley NP
Station latitude:             36.5089
Station longitude:            -116.8478
Station altitude:             130.0 m
Regime:                       IMG
Component:                    
Unit:                         ug/m3
Matrix:                       
Laboratory code:              US03L
Instrument type:              filterpack
Instrument name:              filterpack_US0020
Method ref:                   US03L_IMPROVE_Davis
Blank correction:             Blank corrected
Volume std. temperature:      ambient
Volume std. pressure:         ambient
starttime endtime PM10 flag_PM10 PM2.5 flag_PM2.5
  0.333333   1.333333   4.634 0.000   1.598 0.000
  3.333333   4.333333   8.643 0.000   2.096 0.000
  6.333333   7.333333  18.154 0.000   3.372 0.000
  9.333333  10.333333   2.168 0.000   1.294 0.000
 12.333333  13.333333   5.065 0.000   2.113 0.000
 15.333333  16.333333   6.835 0.000   3.654 0.000
 18.333333  19.333333  10.805 0.000   2.752 0.000
 21.333333  22.333333   2.436 0.000   1.187 0.000
 24.333333  25.333333   2.792 0.000   0.940 0.000
 27.333333  28.333333   2.618 0.000   1.291 0.000
 30.333333  31.333333   5.168 0.000   2.067 0.000
 33.333333  34.333333   3.716 0.000   0.886 0.000
 36.333333  37.333333   3.094 0.000   1.903 0.000
 39.333333  40.333333   5.156 0.000   1.503 0.000
 42.333333  43.333333   3.777 0.000   1.550 0.000
 45.333333  46.333333  19.996 0.000   4.003 0.000
 48.333333  49.333333   4.388 0.000   1.588 0.000
 51.333333  52.333333   4.916 0.000   1.771 0.000
 54.333333  55.333333   6.085 0.000   1.655 0.000
 57.333333  58.333333  15.656 0.000   3.610 0.000
 60.333333  61.333333  17.250 0.000   3.135 0.000
 63.333333  64.333333   2.772 0.000   1.004 0.000
 66.333333  67.333333  30.454 0.000  12.873 0.000
 69.333333  70.333333   6.908 0.000   3.995 0.000
 72.333333  73.333333  10.808 0.000   3.593 0.000
 75.333333  76.333333  15.694 0.000   4.359 0.000
 78.333333  79.333333   3.973 0.000   1.015 0.000
 81.333333  82.333333   7.746 0.000   2.778 0.000
 84.333333  85.333333   6.905 0.000   2.449 0.000
 87.333333  88.333333  12.877 0.000   3.727 0.000
 90.333333  91.333333  24.901 0.000   9.318 0.000
 93.333333  94.333333   3.030 0.000   0.914 0.000
 96.333333  97.333333   8.879 0.000   2.804 0.000
 99.333333 100.333333  12.817 0.000   9.065 0.000
102.333333 103.333333   7.787 0.000   3.213 0.000
105.333333 106.333333   4.140 0.000   3.118 0.000
108.333333 109.333333  10.164 0.000   4.732 0.000
111.333333 112.333333   1.859 0.000   0.853 0.000
114.333333 115.333333  14.193 0.000   6.689 0.000
117.333333 118.333333  16.271 0.000   7.634 0.000
120.333333 121.333333  15.680 0.000   8.679 0.000
123.333333 124.333333  17.124 0.000   7.834 0.000
126.333333 127.333333  14.839 0.000   6.918 0.000
129.333333 130.333333  12.572 0.000   6.148 0.000
132.333333 133.333333  11.334 0.000   5.563 0.000
135.333333 136.333333  11.117 0.000   4.457 0.000
138.333333 139.333333  29.857 0.000  10.254 0.000
141.333333 142.333333  16.529 0.000   7.224 0.000
144.333333 145.333333  18.576 0.000   8.557 0.000
147.333333 148.333333   6.851 0.000   2.687 0.000
150.333333 151.333333  14.097 0.000   4.764 0.000
153.333333 154.333333  17.944 0.000   7.873 0.000
156.333333 157.333333  15.142 0.000   3.664 0.000
159.333333 160.333333  16.670 0.000   5.138 0.000
162.333333 163.333333   5.113 0.000   1.569 0.000
165.333333 166.333333  20.285 0.000   6.413 0.000
168.333333 169.333333   7.615 0.000   2.854 0.000
171.333333 172.333333  15.805 0.000   5.218 0.000
174.333333 175.333333  11.884 0.000   3.176 0.000
177.333333 178.333333   6.710 0.000   2.609 0.000
180.333333 181.333333  14.369 0.000   4.688 0.000
183.333333 184.333333   7.479 0.000   3.198 0.000
186.333333 187.333333  14.998 0.000   7.660 0.000
189.333333 190.333333   8.312 0.000   3.434 0.000
192.333333 193.333333  16.275 0.000   5.635 0.000
195.333333 196.333333  11.636 0.000   6.222 0.000
198.333333 199.333333   8.700 0.000   4.066 0.000
201.333333 202.333333   9.463 0.000   4.061 0.000
204.333333 205.333333  24.727 0.000   9.846 0.000
207.333333 208.333333  11.929 0.000   4.644 0.000
210.333333 211.333333   9.511 0.000   4.043 0.000
213.333333 214.333333 999.999 0.999 999.999 0.999
216.333333 217.333333 999.999 0.999 999.999 0.999
219.333333 220.333333 999.999 0.999 999.999 0.999
222.333333 223.333333  40.864 0.000   9.460 0.000
225.333333 226.333333  10.359 0.000   5.175 0.000
228.333333 229.333333  22.062 0.000   7.495 0.000
231.333333 232.333333  52.684 0.000  17.065 0.000
234.333333 235.333333  24.392 0.000  10.402 0.000
237.333333 238.333333  19.289 0.000   7.443 0.000
240.333333 241.333333  22.407 0.000   9.799 0.000
243.333333 244.333333  10.401 0.000   7.775 0.000
246.333333 247.333333   5.865 0.000   2.549 0.000
249.333333 250.333333 999.999 0.999 999.999 0.999
252.333333 253.333333  11.735 0.000   5.476 0.000
255.333333 256.333333   9.014 0.000   4.071 0.000
258.333333 259.333333   5.719 0.000   3.082 0.000
261.333333 262.333333   9.770 0.000   4.168 0.000
264.333333 265.333333  10.701 0.000   4.057 0.000
267.333333 268.333333  14.120 0.000   5.592 0.000
270.333333 271.333333   6.960 0.000   3.135 0.000
273.333333 274.333333   7.557 0.000   3.283 0.000
276.333333 277.333333  15.492 0.000   5.809 0.000
279.333333 280.333333  17.261 0.000   5.437 0.000
282.333333 283.333333   9.786 0.000   3.119 0.000
285.333333 286.333333   2.577 0.000   1.200 0.000
288.333333 289.333333   7.152 0.000   2.460 0.000
291.333333 292.333333  17.335 0.000   3.822 0.000
294.333333 295.333333  18.365 0.000   5.494 0.000
297.333333 298.333333   6.046 0.000   2.024 0.000
300.333333 301.333333   2.687 0.000   1.388 0.000
303.333333 304.333333   4.782 0.000   1.747 0.000
306.333333 307.333333   8.050 0.000   2.423 0.000
309.333333 310.333333   4.307 0.000   0.891 0.000
312.333333 313.333333  27.819 0.000   5.262 0.000
315.333333 316.333333   6.128 0.000   2.486 0.000
318.333333 319.333333   7.955 0.000   3.510 0.000
321.333333 322.333333   3.506 0.000   1.580 0.000
324.333333 325.333333 999.999 0.456   1.787 0.000
327.333333 328.333333  10.741 0.000   4.177 0.000
330.333333 331.333333   6.397 0.000   1.811 0.000
333.333333 334.333333   7.478 0.000   1.662 0.000
336.333333 337.333333   8.272 0.000   1.362 0.000
339.333333 340.333333   7.281 0.000   1.399 0.000
342.333333 343.333333   5.052 0.000   1.595 0.000
345.333333 346.333333   3.426 0.000   0.836 0.000
348.333333 349.333333   3.795 0.000   1.029 0.000
351.333333 352.333333   2.725 0.000   1.288 0.000
354.333333 355.333333   2.119 0.000   0.612 0.000
357.333333 358.333333   3.607 0.000   1.199 0.000
360.333333 361.333333   2.101 0.000   0.643 0.000
363.333333 364.333333   1.611 0.000   0.611 0.000
