scripts/IMPROVE-2019_partial/data/US0019R.20030103080000.20191216000000.filterpack..pm25.1y.1w.US03L_filterpack_US0019.US03L_IMPROVE_Davis.lev2.nas
66 1001
MISSING INFORMATION
US03L, IMPROVE, , , , , , , 
MISSING INFORMATION
IMPROVE sel_HTAP
1 1
2003 01 01 2019 12 16
3.000000
days from file reference point
27
1 1 1 1 1 1 1 1 1 1 1 1 1 1 1 1 1 1 1 1 1 1 1 1 1 1 1
999.999999 9999.99 9.999 999.99 9.999 9.999 9.999999 9.99 9.999999 9.999 9.999 99.999 9.999 99.999 9.999 9.99 9.999999 999.999 9.999 99.999 9.999 99.999 9.999 9.999 9.999 9.999 9.999
end_time of measurement, days from the file reference point
iron, ng/m3, Revision date=20181210133000
numflag iron, no unit, Revision date=20181210133000
lead, ng/m3, Revision date=20181210133000
numflag lead, no unit, Revision date=20181210133000
magnesium, ug/m3, Revision date=20181210133000
numflag magnesium, no unit, Revision date=20181210133000
nickel, ng/m3, Revision date=20181210133000
numflag nickel, no unit, Revision date=20181210133000
nitrate, ug N/m3, Revision date=20181210133000
numflag nitrate, no unit, Revision date=20181210133000
organic_carbon, ug C/m3, Revision date=20181210133000
numflag organic_carbon, no unit, Revision date=20181210133000
organic_mass, ug/m3, Revision date=20181210133000
numflag organic_mass, no unit, Revision date=20181210133000
phosphorus, ng/m3, Revision date=20181210133000
numflag phosphorus, no unit, Revision date=20181210133000
pm10_mass, ug/m3, Version=2, Version description=Data extracted from http://views.cira.colostate.edu/fed/DataWizard 2019-12-16, Sample duration=1d, Orig. time res.=3d, Matrix=pm10, Blank correction=Blank corrected, Volume std. temperature=ambient, Volume std. pressure=ambient
numflag pm10_mass, no unit, Version=2, Version description=Data extracted from http://views.cira.colostate.edu/fed/DataWizard 2019-12-16, Sample duration=1d, Orig. time res.=3d, Matrix=pm10, Blank correction=Blank corrected, Volume std. temperature=ambient, Volume std. pressure=ambient
pm10_pm25_mass, ug/m3, Revision date=20181210133000, Matrix=pm10_pm25
numflag pm10_pm25_mass, no unit, Revision date=20181210133000, Matrix=pm10_pm25
pm25_mass, ug/m3, Version=2, Version description=Data extracted from http://views.cira.colostate.edu/fed/DataWizard 2019-12-16, Sample duration=1d, Orig. time res.=3d, Blank correction=Blank corrected, Volume std. temperature=ambient, Volume std. pressure=ambient
numflag pm25_mass, no unit, Version=2, Version description=Data extracted from http://views.cira.colostate.edu/fed/DataWizard 2019-12-16, Sample duration=1d, Orig. time res.=3d, Blank correction=Blank corrected, Volume std. temperature=ambient, Volume std. pressure=ambient
potassium, ug/m3, Revision date=20181210133000
numflag potassium, no unit, Revision date=20181210133000
sulphate_total, ug S/m3, Revision date=20181210133000
numflag sulphate_total, no unit, Revision date=20181210133000
0
25
Data definition:              EBAS_1.1
Set type code:                TU
Timezone:                     UTC
File name:                    US0019R.20030103080000.20191216000000.filterpack..pm25.1y.1w.US03L_filterpack_US0019.US03L_IMPROVE_Davis.lev2.nas
File creation:                20191218115639
Startdate:                    20030103080000
Revision date:                20191216000000
Statistics:                   arithmetic mean
Data level:                   2
Period code:                  1y
Resolution code:              1w
Station code:                 US0019R
Platform code:                US0019S
Station name:                 Bliss SP (TRPA)
Station latitude:             38.9761
Station longitude:            -120.1025
Station altitude:             2130.0 m
Regime:                       IMG
Component:                    
Matrix:                       pm25
Laboratory code:              US03L
Instrument type:              filterpack
Instrument name:              filterpack_US0019
Method ref:                   US03L_IMPROVE_Davis
starttime endtime Fe flag_Fe Pb flag_Pb Mg++ flag_Mg++ Ni flag_Ni NO3- flag_NO3- OC flag_OC OM flag_OM P flag_P PM10 flag_PM10 PM10-PM2.5 flag_PM10-PM2.5 PM2.5 flag_PM2.5 K+ flag_K+ SO4-- flag_SO4--
[from data line 83]
251.333333 252.333333    5.35 0.000   0.25 0.000 9.999 0.259000 9.99 0.259000 0.008 0.000  0.591 0.000  0.827 0.000 9.99 0.259000   2.058 0.000  0.598 0.000  1.459 0.000 0.006 0.000 0.072 0.000
254.333333 255.333333   14.83 0.000   0.39 0.000 0.020 0.000000 9.99 0.259000 0.012 0.000  0.976 0.000  1.366 0.000 9.99 0.259000   3.599 0.000  1.544 0.000  2.055 0.000 0.009 0.000 0.059 0.000
257.333333 258.333333   38.29 0.559   0.75 0.559 9.999 0.559259 0.10 0.559000 0.069 0.000  1.457 0.000  2.040 0.000 9.99 0.559259   8.717 0.000  4.219 0.000  4.497 0.559 0.028 0.559 0.209 0.000
260.333333 261.333333   25.65 0.000   0.38 0.000 9.999 0.259000 9.99 0.259000 0.021 0.000  2.073 0.000  2.902 0.000 9.99 0.259000   7.200 0.000  2.539 0.000  4.662 0.000 0.026 0.000 0.076 0.000
263.333333 264.333333   30.71 0.000   0.69 0.000 9.999 0.259000 0.05 0.000000 0.011 0.000  0.754 0.000  1.055 0.000 9.99 0.259000   4.232 0.000  1.928 0.000  2.304 0.000 0.025 0.000 0.097 0.000
266.333333 267.333333   39.77 0.000   0.68 0.000 9.999 0.259000 9.99 0.259000 0.021 0.559  3.459 0.000  4.842 0.000 9.99 0.259000  10.217 0.000  2.629 0.000  7.587 0.000 0.042 0.000 0.108 0.559
269.333333 270.333333   26.44 0.000   0.40 0.000 9.999 0.259000 9.99 0.259000 0.013 0.559  2.250 0.000  3.150 0.000 9.99 0.259000   7.381 0.000  2.688 0.000  4.693 0.000 0.030 0.000 0.095 0.559
272.333333 273.333333   27.30 0.559   0.51 0.559 9.999 0.559259 0.07 0.559000 0.020 0.559  1.384 0.000  1.937 0.000 9.99 0.559259   6.540 0.000  2.597 0.000  3.943 0.559 0.022 0.559 0.195 0.559
275.333333 276.333333  104.44 0.559   0.32 0.559 0.077 0.559000 9.99 0.559259 0.033 0.000  1.081 0.000  1.513 0.000 9.99 0.559259  13.414 0.000  8.279 0.000  5.134 0.559 0.086 0.559 0.138 0.000
278.333333 279.333333   44.09 0.000   0.68 0.000 9.999 0.259000 9.99 0.259000 0.025 0.000  2.029 0.000  2.841 0.000 9.99 0.259000  10.178 0.000  4.077 0.000  6.101 0.000 0.037 0.000 0.235 0.000
281.333333 282.333333   17.71 0.000   0.68 0.000 9.999 0.259000 9.99 0.259000 0.013 0.559  0.142 0.000  0.199 0.000 9.99 0.259000   3.545 0.000  2.125 0.000  1.420 0.000 0.012 0.000 0.113 0.559
284.333333 285.333333   13.56 0.000   0.55 0.000 9.999 0.259000 9.99 0.259000 0.007 0.559  0.314 0.000  0.440 0.000 9.99 0.259000   2.472 0.000  1.489 0.000  0.983 0.000 0.010 0.000 0.090 0.559
287.333333 288.333333   31.25 0.559   0.56 0.559 9.999 0.559259 0.06 0.559000 0.016 0.559  0.472 0.000  0.660 0.000 9.99 0.559259   3.581 0.000  1.760 0.000  1.820 0.559 0.021 0.559 0.084 0.559
290.333333 291.333333   32.22 0.000   0.69 0.000 9.999 0.259000 9.99 0.259000 0.032 0.559  0.739 0.000  1.034 0.000 9.99 0.259000   6.067 0.000  3.063 0.000  3.004 0.000 0.025 0.000 0.168 0.559
293.333333 294.333333   25.53 0.000   1.02 0.000 9.999 0.259000 9.99 0.259000 0.012 0.559  0.938 0.000  1.313 0.000 9.99 0.259000 999.999 0.456 99.999 0.999  2.746 0.000 0.016 0.000 0.080 0.559
296.333333 297.333333   32.06 0.000   0.53 0.000 9.999 0.259000 0.08 0.000000 0.014 0.000  0.368 0.000  0.515 0.000 9.99 0.259000 999.999 0.456 99.999 0.999  2.304 0.000 0.021 0.000 0.095 0.000
299.333333 300.333333   15.28 0.000   0.25 0.000 0.030 0.000000 9.99 0.259000 0.006 0.000  0.228 0.000  0.319 0.000 9.99 0.259000 999.999 0.456 99.999 0.999  1.251 0.000 0.012 0.000 0.029 0.000
302.333333 303.333333   19.87 0.000   0.31 0.000 0.020 0.000000 0.08 0.000000 0.076 0.000  0.376 0.000  0.526 0.000 9.99 0.259000   5.775 0.000  3.701 0.000  2.074 0.000 0.017 0.000 0.075 0.000
305.333333 306.333333    5.59 0.000   0.20 0.000 9.999 0.259000 9.99 0.259000 0.063 0.000  0.594 0.000  0.832 0.000 9.99 0.259000   3.066 0.000  1.260 0.000  1.806 0.000 0.007 0.000 0.067 0.000
308.333333 309.333333    2.45 0.000   0.24 0.000 9.999 0.259000 0.07 0.000000 0.019 0.559  1.735 0.000  2.429 0.000 9.99 0.259000   3.436 0.000  0.296 0.000  3.140 0.000 0.019 0.000 0.064 0.559
311.333333 312.333333   11.38 0.394   0.60 0.394 0.034 0.394000 0.08 0.394000 0.061 0.394  0.513 0.000  0.719 0.000 9.99 0.394259   3.820 0.000  1.832 0.000  1.988 0.000 0.018 0.394 0.134 0.394
314.333333 315.333333    9.01 0.000   7.24 0.000 0.017 0.000000 0.10 0.000000 0.026 0.000  0.568 0.000  0.796 0.000 9.99 0.259000   2.512 0.000  0.846 0.000  1.665 0.000 0.011 0.000 0.076 0.000
317.333333 318.333333   11.28 0.559  18.54 0.559 9.999 0.559259 0.04 0.559000 0.051 0.000  0.721 0.000  1.010 0.000 9.99 0.559259   3.008 0.000  0.682 0.000  2.326 0.559 0.016 0.559 0.110 0.000
320.333333 321.333333    4.38 0.000   0.18 0.000 9.999 0.259000 0.04 0.000000 0.006 0.000  0.289 0.000  0.404 0.000 9.99 0.259000   1.433 0.000  0.534 0.000  0.899 0.000 0.005 0.000 0.023 0.000
323.333333 324.333333    6.11 0.000   0.43 0.000 0.030 0.000000 9.99 0.259000 0.031 0.000  0.587 0.000  0.822 0.000 9.99 0.259000   1.974 0.000  0.528 0.000  1.446 0.000 0.009 0.000 0.055 0.000
326.333333 327.333333    8.25 0.559   0.35 0.559 9.999 0.559259 0.07 0.559000 0.015 0.000  0.968 0.000  1.355 0.000 9.99 0.559259   2.734 0.000  0.582 0.000  2.152 0.559 0.014 0.559 0.049 0.000
329.333333 330.333333 9999.99 0.999 999.99 0.999 9.999 0.999000 9.99 0.999000 9.999 0.999 99.999 0.999 99.999 0.999 9.99 0.999000 999.999 0.999 99.999 0.999 99.999 0.999 9.999 0.999 9.999 0.999
332.333333 333.333333    6.30 0.000   0.26 0.000 9.999 0.259000 0.08 0.000000 0.001 0.000  0.139 0.000  0.195 0.000 9.99 0.259000   1.608 0.000  0.795 0.000  0.813 0.000 0.005 0.000 0.046 0.000
335.333333 336.333333    1.90 0.000   0.34 0.000 9.999 0.259000 0.04 0.000000 0.010 0.000  0.838 0.000  1.173 0.000 9.99 0.259000   1.708 0.000  0.457 0.000  1.251 0.000 0.029 0.000 0.020 0.000
338.333333 339.333333    6.80 0.000   0.23 0.000 9.999 0.259000 0.08 0.000000 0.007 0.000  0.566 0.000  0.792 0.000 9.99 0.259000   1.727 0.000  0.401 0.000  1.326 0.000 0.025 0.000 0.037 0.000
341.333333 342.333333    1.74 0.000   0.14 0.000 0.032 0.000000 0.09 0.000000 0.011 0.000  0.564 0.000  0.789 0.000 9.99 0.259000   1.337 0.000  0.195 0.000  1.142 0.000 0.015 0.000 0.010 0.000
344.333333 345.333333    0.65 0.000   0.12 0.000 0.026 0.000000 9.99 0.259000 0.030 0.000  1.666 0.000  2.333 0.000 9.99 0.259000   2.971 0.000  0.124 0.000  2.847 0.000 0.056 0.000 0.024 0.000
347.333333 348.333333    1.05 0.000 999.99 0.259 0.063 0.000000 9.99 0.259000 0.007 0.000  0.141 0.000  0.197 0.000 9.99 0.259000   0.891 0.000  0.420 0.000  0.471 0.000 0.004 0.000 0.014 0.000
350.333333 351.333333    4.99 0.000   0.34 0.000 9.999 0.259000 9.99 0.259000 0.037 0.000  1.777 0.000  2.488 0.000 9.99 0.259000   3.398 0.000  0.479 0.000  2.919 0.000 0.025 0.000 0.024 0.000
353.333333 354.333333    0.92 0.000   0.12 0.000 0.035 0.000000 9.99 0.259000 0.003 0.000  0.186 0.000  0.260 0.000 9.99 0.259000 999.999 0.259 99.999 0.259 99.999 0.259 9.999 0.259 0.007 0.000
356.333333 357.333333    7.25 0.000   0.20 0.000 9.999 0.259000 9.99 0.259000 0.009 0.000  0.316 0.000  0.443 0.000 9.99 0.259000   1.306 0.000  0.918 0.000  0.388 0.000 0.006 0.000 0.016 0.000
359.333333 360.333333    1.24 0.000   0.22 0.000 0.029 0.000000 9.99 0.259000 0.007 0.000  0.155 0.000  0.216 0.000 9.99 0.259000   0.485 0.000  0.203 0.000  0.283 0.000 0.004 0.000 0.036 0.000
362.333333 363.333333    0.78 0.000   0.23 0.000 0.032 0.000000 0.06 0.000000 0.000 0.000  0.065 0.000  0.091 0.000 9.99 0.259000   0.408 0.000  0.408 0.000 99.999 0.259 9.999 0.259 0.001 0.000
