scripts/IMPROVE-2019_partial/data/US0064R.19990102080000.20191216000000.filterpack...1y.3d.US03L_filterpack_US0064.US03L_IMPROVE_Davis.lev2.nas
51 1001
MISSING INFORMATION
US03L, IMPROVE, , , , , , , 
MISSING INFORMATION
IMPROVE sel_HTAP
1 1
1999 01 01 2019 12 16
0
days from file reference point
4
1 1 1 1
999.999999 999.999 999.999 9.999
end_time of measurement, days from the file reference point
pm10_mass, ug/m3, Matrix=pm10
pm25_mass, ug/m3, Matrix=pm25
numflag, no unit
0
33
Data definition:              EBAS_1.1
Set type code:                TI
Timezone:                     UTC
File name:                    US0064R.19990102080000.20191216000000.filterpack...1y.3d.US03L_filterpack_US0064.US03L_IMPROVE_Davis.lev2.nas
File creation:                20191218115936
Startdate:                    19990102080000
Revision date:                20191216000000
Version:                      2
Version description:          "Data extracted from http://views.cira.colostate.edu/fed/DataWizard 2019-12-16"
Statistics:                   arithmetic mean
Data level:                   2
Period code:                  1y
Resolution code:              3d
Sample duration:              1d
Orig. time res.:              3d
Station code:                 US0064R
Platform code:                US0064S
Station name:                 Jarbidge Wilderness
Station latitude:             41.8926
Station longitude:            -115.4261
Station altitude:             1869.0 m
Regime:                       IMG
Component:                    
Unit:                         ug/m3
Matrix:                       
Laboratory code:              US03L
Instrument type:              filterpack
Instrument name:              filterpack_US0064
Method ref:                   US03L_IMPROVE_Davis
Blank correction:             Blank corrected
Volume std. temperature:      ambient
Volume std. pressure:         ambient
starttime endtime PM10 PM2.5 flag
  1.333333   2.333333 999.999   0.779 0.000
  5.333333   6.333333   1.355   0.714 0.000
  8.333333   9.333333   3.006   1.298 0.000
 12.333333  13.333333   1.898   0.496 0.000
 15.333333  16.333333   0.906   0.595 0.000
 19.333333  20.333333   2.502   0.532 0.000
 22.333333  23.333333   5.780   0.498 0.000
 26.333333  27.333333   2.486   1.020 0.000
 29.333333  30.333333   1.072   0.724 0.000
 33.333333  34.333333 999.999   2.679 0.000
 36.333333  37.333333   5.995   0.728 0.000
 40.333333  41.333333   1.488   0.598 0.000
 43.333333  44.333333   0.992   0.731 0.000
 47.333333  48.333333   2.266 999.999 0.000
 50.333333  51.333333   5.024   1.495 0.000
 54.333333  55.333333   5.498   2.608 0.000
 57.333333  58.333333   1.488   0.685 0.000
 61.333333  62.333333   2.841   0.782 0.000
 64.333333  65.333333   4.972   3.065 0.000
 68.333333  69.333333   3.205   1.114 0.000
 71.333333  72.333333   3.698   2.162 0.000
 75.333333  76.333333  21.596  15.706 0.000
 78.333333  79.333333  12.966   4.511 0.000
 82.333333  83.333333   9.691   2.485 0.000
 85.333333  86.333333   2.511   1.274 0.000
 89.333333  90.333333   3.218   1.016 0.000
 92.333333  93.333333   3.909   2.129 0.000
 96.333333  97.333333   4.393   2.174 0.000
 99.333333 100.333333   2.843   1.924 0.000
103.333333 104.333333  10.457   5.208 0.000
106.333333 107.333333   8.156   3.693 0.000
110.333333 111.333333   4.012   2.548 0.000
113.333333 114.333333  10.550   2.399 0.000
117.333333 118.333333   8.063   5.137 0.000
120.333333 121.333333   5.517   2.985 0.000
124.333333 125.333333 999.999 999.999 0.999
127.333333 128.333333   7.310   2.981 0.000
131.333333 132.333333   5.459   2.368 0.000
134.333333 135.333333   6.904   3.648 0.000
138.333333 139.333333   9.425   4.587 0.000
141.333333 142.333333  10.514   5.120 0.000
145.333333 146.333333  13.732   4.451 0.000
148.333333 149.333333  10.554   5.429 0.000
152.333333 153.333333   3.901   1.777 0.000
155.333333 156.333333   5.462   2.074 0.000
159.333333 160.333333   5.649   2.790 0.000
162.333333 163.333333  12.809   3.534 0.000
166.333333 167.333333  13.154   4.817 0.000
169.333333 170.333333   9.737   3.034 0.000
173.333333 174.333333   6.430   1.776 0.000
176.333333 177.333333  11.360   3.108 0.000
180.333333 181.333333   8.476   3.162 0.000
183.333333 184.333333 999.999 999.999 0.999
187.333333 188.333333  16.135   5.660 0.000
190.333333 191.333333  23.597   9.178 0.000
194.333333 195.333333  22.515   8.756 0.000
197.333333 198.333333  13.121   4.142 0.000
201.333333 202.333333  20.650   7.734 0.000
204.333333 205.333333  11.475   4.577 0.000
208.333333 209.333333  19.505   6.247 0.000
211.333333 212.333333  11.536   4.534 0.000
215.333333 216.333333  10.844   5.076 0.000
218.333333 219.333333  44.834  30.275 0.000
222.333333 223.333333 999.999 999.999 0.999
225.333333 226.333333  14.620   3.896 0.000
229.333333 230.333333   7.689   3.472 0.000
232.333333 233.333333  16.108   6.502 0.000
236.333333 237.333333  14.107  10.194 0.000
239.333333 240.333333  11.962   6.599 0.000
243.333333 244.333333  13.776   4.832 0.000
246.333333 247.333333  23.348   7.168 0.000
250.333333 251.333333  12.589   4.388 0.000
253.333333 254.333333  13.072   5.145 0.000
257.333333 258.333333  13.699   5.454 0.000
260.333333 261.333333  12.358   4.672 0.000
264.333333 265.333333   9.436   4.206 0.000
267.333333 268.333333  10.744   2.534 0.000
271.333333 272.333333  14.789   3.120 0.000
274.333333 275.333333  11.360   5.891 0.000
278.333333 279.333333  12.364   4.716 0.000
281.333333 282.333333  11.159   2.934 0.000
285.333333 286.333333   8.700   4.443 0.000
288.333333 289.333333  13.091   3.686 0.000
292.333333 293.333333   5.846   3.312 0.000
295.333333 296.333333  11.064   2.122 0.000
299.333333 300.333333  13.571   1.076 0.000
302.333333 303.333333 999.999   3.456 0.000
306.333333 307.333333   2.635   1.653 0.000
309.333333 310.333333   8.074   3.239 0.000
313.333333 314.333333   4.995   1.720 0.000
316.333333 317.333333   8.062   1.369 0.000
320.333333 321.333333   9.572   1.227 0.000
323.333333 324.333333   1.438   1.245 0.000
327.333333 328.333333   1.832   0.876 0.000
330.333333 331.333333   2.088   1.450 0.000
334.333333 335.333333   1.639   0.604 0.000
337.333333 338.333333   0.762   0.570 0.000
341.333333 342.333333   0.733   0.547 0.000
344.333333 345.333333   0.561   0.445 0.000
348.333333 349.333333 999.999 999.999 0.999
351.333333 352.333333   1.251   0.972 0.000
355.333333 356.333333   0.511   0.470 0.000
358.333333 359.333333   0.791   0.537 0.000
362.333333 363.333333   0.986   0.601 0.000
