scripts/IMPROVE-2019_partial/data/US0015R.20050101070000.20191216000000.filterpack..pm25.52w.1w.US03L_filterpack_US0015.US03L_IMPROVE_Davis.lev2.nas
64 1001
MISSING INFORMATION
US03L, IMPROVE, , , , , , , 
MISSING INFORMATION
IMPROVE sel_HTAP
1 1
2005 01 01 2019 12 16
3.000000
days from file reference point
25
1 1 1 1 1 1 1 1 1 1 1 1 1 1 1 1 1 1 1 1 1 1 1 1 1
999.999999 9999.99 9.999 99.99 9.999 9.999 9.999 9.99 9.999 9.999 9.999 99.999 9.999 999.999 9.999 999.999 9.999 999.999 9.999 999.999 9.999 9.999 9.999 9.999 9.999
end_time of measurement, days from the file reference point
iron, ng/m3, Revision date=20181210133000
numflag iron, no unit, Revision date=20181210133000
lead, ng/m3, Revision date=20181210133000
numflag lead, no unit, Revision date=20181210133000
magnesium, ug/m3, Revision date=20181210133000
numflag magnesium, no unit, Revision date=20181210133000
nickel, ng/m3, Revision date=20181210133000
numflag nickel, no unit, Revision date=20181210133000
nitrate, ug N/m3, Revision date=20181210133000
numflag nitrate, no unit, Revision date=20181210133000
organic_carbon, ug C/m3, Revision date=20181210133000
numflag organic_carbon, no unit, Revision date=20181210133000
organic_mass, ug/m3, Revision date=20181210133000
numflag organic_mass, no unit, Revision date=20181210133000
pm10_mass, ug/m3, Version=2, Version description=Data extracted from http://views.cira.colostate.edu/fed/DataWizard 2019-12-16, Sample duration=1d, Orig. time res.=3d, Matrix=pm10, Blank correction=Blank corrected, Volume std. temperature=ambient, Volume std. pressure=ambient
numflag pm10_mass, no unit, Version=2, Version description=Data extracted from http://views.cira.colostate.edu/fed/DataWizard 2019-12-16, Sample duration=1d, Orig. time res.=3d, Matrix=pm10, Blank correction=Blank corrected, Volume std. temperature=ambient, Volume std. pressure=ambient
pm10_pm25_mass, ug/m3, Revision date=20181210133000, Matrix=pm10_pm25
numflag pm10_pm25_mass, no unit, Revision date=20181210133000, Matrix=pm10_pm25
pm25_mass, ug/m3, Version=2, Version description=Data extracted from http://views.cira.colostate.edu/fed/DataWizard 2019-12-16, Sample duration=1d, Orig. time res.=3d, Blank correction=Blank corrected, Volume std. temperature=ambient, Volume std. pressure=ambient
numflag pm25_mass, no unit, Version=2, Version description=Data extracted from http://views.cira.colostate.edu/fed/DataWizard 2019-12-16, Sample duration=1d, Orig. time res.=3d, Blank correction=Blank corrected, Volume std. temperature=ambient, Volume std. pressure=ambient
potassium, ug/m3, Revision date=20181210133000
numflag potassium, no unit, Revision date=20181210133000
sulphate_total, ug S/m3, Revision date=20181210133000
numflag sulphate_total, no unit, Revision date=20181210133000
0
25
Data definition:              EBAS_1.1
Set type code:                TU
Timezone:                     UTC
File name:                    US0015R.20050101070000.20191216000000.filterpack..pm25.52w.1w.US03L_filterpack_US0015.US03L_IMPROVE_Davis.lev2.nas
File creation:                20191218115624
Startdate:                    20050101070000
Revision date:                20191216000000
Statistics:                   arithmetic mean
Data level:                   2
Period code:                  52w
Resolution code:              1w
Station code:                 US0015R
Platform code:                US0015S
Station name:                 Ike's Backbone
Station latitude:             34.3405
Station longitude:            -111.6832
Station altitude:             1297.0 m
Regime:                       IMG
Component:                    
Matrix:                       pm25
Laboratory code:              US03L
Instrument type:              filterpack
Instrument name:              filterpack_US0015
Method ref:                   US03L_IMPROVE_Davis
starttime endtime Fe flag_Fe Pb flag_Pb Mg++ flag_Mg++ Ni flag_Ni NO3- flag_NO3- OC flag_OC OM flag_OM PM10 flag_PM10 PM10-PM2.5 flag_PM10-PM2.5 PM2.5 flag_PM2.5 K+ flag_K+ SO4-- flag_SO4--
  0.291667   1.291667    6.84 0.000  0.68 0.000 9.999 0.259 0.21 0.000 0.047 0.000  0.245 0.000   0.441 0.000   2.204 0.000   1.006 0.000   1.198 0.000 0.009 0.000 0.078 0.000
  3.291667   4.291667    2.38 0.000  0.30 0.000 9.999 0.259 9.99 0.259 0.011 0.000  0.070 0.000   0.126 0.000   0.246 0.000 999.999 0.259   0.301 0.000 0.002 0.000 0.013 0.000
  6.291667   7.291667    8.81 0.000  1.58 0.000 9.999 0.259 9.99 0.259 0.083 0.000  0.528 0.000   0.951 0.000   2.629 0.000   1.048 0.000   1.581 0.000 0.010 0.000 0.095 0.000
  9.291667  10.291667    9.49 0.000  4.04 0.000 9.999 0.259 0.15 0.000 0.009 0.000  0.388 0.000   0.698 0.000   1.792 0.000   0.557 0.000   1.234 0.000 0.012 0.000 0.081 0.000
 12.291667  13.291667   24.64 0.000  0.59 0.000 9.999 0.259 0.11 0.000 0.016 0.000  0.432 0.559   0.777 0.559   2.904 0.000   1.688 0.000   1.216 0.000 0.019 0.000 0.057 0.000
 15.291667  16.291667   18.89 0.000  0.50 0.000 9.999 0.259 0.11 0.000 0.017 0.000  0.547 0.559   0.986 0.559   2.814 0.000   1.259 0.000   1.555 0.000 0.012 0.000 0.079 0.000
 18.291667  19.291667   13.35 0.000  0.61 0.000 0.010 0.000 9.99 0.259 0.010 0.000  0.373 0.559   0.671 0.559   2.148 0.000   0.860 0.000   1.287 0.000 0.012 0.000 0.071 0.000
 21.291667  22.291667   35.11 0.000  2.25 0.000 0.006 0.000 0.13 0.000 0.138 0.000  1.040 0.559   1.872 0.559   8.684 0.000   4.426 0.000   4.257 0.000 0.046 0.000 0.368 0.000
 24.291667  25.291667    9.96 0.000  0.83 0.000 9.999 0.259 0.25 0.000 0.021 0.000  0.457 0.559   0.823 0.559   3.492 0.000   1.484 0.000   2.014 0.000 0.020 0.000 0.276 0.000
 27.291667  28.291667    5.18 0.000  0.71 0.000 0.012 0.000 0.26 0.000 0.071 0.000  0.368 0.000   0.662 0.000   2.484 0.000   0.814 0.000   1.670 0.000 0.008 0.000 0.184 0.000
 30.291667  31.291667    5.38 0.000  0.68 0.000 9.999 0.259 0.12 0.000 0.069 0.000  0.464 0.559   0.835 0.559   2.667 0.000   0.475 0.000   2.192 0.000 0.006 0.000 0.277 0.000
 33.291667  34.291667    9.29 0.000  0.40 0.000 9.999 0.259 9.99 0.259 0.039 0.000  0.283 0.000   0.510 0.000   3.254 0.000   1.164 0.000   2.090 0.000 0.010 0.000 0.248 0.000
 36.291667  37.291667   17.36 0.000  1.35 0.000 9.999 0.259 0.13 0.000 0.218 0.000  0.633 0.000   1.139 0.000   5.459 0.000   2.630 0.000   2.829 0.000 0.015 0.000 0.250 0.000
 39.291667  40.291667   14.05 0.000  0.33 0.000 9.999 0.259 9.99 0.259 0.012 0.000  0.239 0.000   0.431 0.000   1.951 0.000   0.842 0.000   1.108 0.000 0.007 0.000 0.048 0.000
 42.291667  43.291667    1.42 0.000  0.59 0.000 9.999 0.259 0.24 0.000 0.014 0.000  0.130 0.000   0.235 0.000   0.488 0.000   0.218 0.000   0.270 0.000 0.002 0.000 0.009 0.000
 45.291667  46.291667    4.42 0.000  1.61 0.000 9.999 0.259 0.18 0.000 0.044 0.000  0.406 0.000   0.731 0.000   2.484 0.000   0.632 0.000   1.854 0.000 0.004 0.000 0.151 0.000
 48.291667  49.291667    7.43 0.000  0.89 0.000 9.999 0.259 9.99 0.259 0.057 0.000  0.301 0.000   0.542 0.000   1.793 0.000   0.481 0.000   1.312 0.000 0.005 0.000 0.139 0.000
 51.291667  52.291667    8.57 0.000  0.62 0.000 9.999 0.259 0.18 0.000 0.050 0.000  0.350 0.000   0.631 0.000   2.771 0.000   1.152 0.000   1.619 0.000 0.010 0.000 0.118 0.000
 54.291667  55.291667    7.41 0.000  0.36 0.000 9.999 0.259 0.16 0.000 0.035 0.000  0.260 0.000   0.469 0.000   1.504 0.000   0.515 0.000   0.989 0.000 0.006 0.000 0.069 0.000
 57.291667  58.291667    5.57 0.000  0.65 0.000 9.999 0.259 0.14 0.000 0.028 0.000  0.371 0.000   0.668 0.000   1.708 0.000   0.560 0.000   1.147 0.000 0.005 0.000 0.102 0.000
 60.291667  61.291667   27.43 0.000  1.09 0.000 9.999 0.259 9.99 0.259 0.124 0.000  0.763 0.000   1.373 0.000   6.297 0.000   2.848 0.000   3.449 0.000 0.014 0.000 0.316 0.000
 63.291667  64.291667    5.10 0.000  0.45 0.000 9.999 0.259 9.99 0.259 0.006 0.000  0.139 0.000   0.250 0.000   0.774 0.000   0.198 0.000   0.576 0.000 0.006 0.000 0.059 0.000
 66.291667  67.291667   29.59 0.000  1.27 0.000 9.999 0.259 9.99 0.259 0.163 0.000  0.941 0.000   1.693 0.000   5.978 0.000   2.789 0.000   3.228 0.000 0.018 0.000 0.195 0.000
 69.291667  70.291667   32.57 0.000  0.81 0.000 9.999 0.259 9.99 0.259 0.015 0.000  0.590 0.000   1.063 0.000   4.601 0.000   2.132 0.000   2.468 0.000 0.035 0.000 0.141 0.000
 72.291667  73.291667   27.92 0.000  0.91 0.000 9.999 0.259 9.99 0.259 0.036 0.000  0.640 0.000   1.153 0.000   4.766 0.000   2.420 0.000   2.346 0.000 0.024 0.000 0.197 0.000
 75.291667  76.291667   67.11 0.000  1.77 0.000 0.016 0.000 9.99 0.259 0.177 0.000  0.457 0.000   0.822 0.000   9.856 0.000   6.614 0.000   3.241 0.000 0.042 0.000 0.244 0.000
 78.291667  79.291667   24.14 0.000  1.19 0.000 0.013 0.000 9.99 0.259 0.094 0.000  0.404 0.000   0.727 0.000   4.309 0.000   1.784 0.000   2.525 0.000 0.025 0.000 0.268 0.000
 81.291667  82.291667   44.59 0.000  0.85 0.000 9.999 0.259 9.99 0.259 0.081 0.000  0.421 0.000   0.759 0.000   8.911 0.000   6.756 0.000   2.154 0.000 0.031 0.000 0.113 0.000
 84.291667  85.291667   13.21 0.000  0.44 0.000 9.999 0.259 9.99 0.259 0.013 0.000  0.214 0.000   0.386 0.000   1.810 0.000   0.885 0.000   0.925 0.000 0.007 0.000 0.094 0.000
 87.291667  88.291667  133.31 0.000  1.27 0.000 0.025 0.000 0.22 0.000 0.031 0.000  0.334 0.000   0.601 0.000  11.559 0.000   8.074 0.000   3.593 0.000 0.058 0.000 0.178 0.000
 90.291667  91.291667   21.96 0.000  0.31 0.000 9.999 0.259 0.06 0.000 0.018 0.000  0.210 0.000   0.378 0.000   4.256 0.000   2.762 0.000   1.494 0.000 0.012 0.000 0.155 0.000
 93.291667  94.291667   63.09 0.000  0.91 0.000 0.019 0.000 9.99 0.259 0.052 0.000  0.485 0.000   0.874 0.000  10.021 0.000   6.677 0.000   3.344 0.000 0.041 0.000 0.253 0.000
 96.291667  97.291667  115.01 0.000  1.90 0.000 9.999 0.259 0.12 0.000 0.032 0.000  0.764 0.000   1.376 0.000  14.087 0.000   9.387 0.000   4.699 0.000 0.074 0.000 0.281 0.000
 99.291667 100.291667   29.25 0.000  0.48 0.000 9.999 0.259 0.07 0.000 0.015 0.000  0.344 0.000   0.618 0.000   2.796 0.000   1.334 0.000   1.461 0.000 0.018 0.000 0.112 0.000
102.291667 103.291667  120.84 0.000  1.99 0.000 0.029 0.000 9.99 0.259 0.045 0.000  0.711 0.000   1.281 0.000   8.551 0.000   4.003 0.000   4.547 0.000 0.066 0.000 0.222 0.000
105.291667 106.291667  236.63 0.000  4.15 0.000 0.102 0.000 9.99 0.259 0.079 0.000  1.038 0.000   1.868 0.000  17.713 0.000   8.759 0.000   8.951 0.000 0.154 0.000 0.637 0.000
108.291667 109.291667  138.69 0.000  2.11 0.000 0.058 0.000 0.12 0.000 0.150 0.000  0.494 0.000   0.890 0.000  15.655 0.000   9.100 0.000   6.683 0.000 0.109 0.000 0.512 0.000
111.291667 112.291667  129.91 0.000  1.39 0.000 0.048 0.000 0.11 0.000 0.069 0.000  0.756 0.000   1.360 0.000  14.545 0.000   9.755 0.000   4.790 0.000 0.075 0.000 0.176 0.000
114.291667 115.291667   41.39 0.000  1.09 0.000 0.014 0.000 9.99 0.259 0.051 0.000  0.310 0.000   0.559 0.000   5.949 0.000   3.334 0.000   2.614 0.000 0.029 0.000 0.237 0.000
117.291667 118.291667   78.33 0.000  1.53 0.000 0.022 0.000 9.99 0.259 0.070 0.000  0.307 0.000   0.553 0.000   9.661 0.000   5.509 0.000   4.152 0.000 0.063 0.000 0.359 0.000
120.291667 121.291667   41.96 0.000  1.63 0.000 9.999 0.259 0.11 0.000 0.045 0.000  0.630 0.000   1.133 0.000   7.125 0.000   3.978 0.000   3.146 0.000 0.031 0.000 0.201 0.000
123.291667 124.291667   69.54 0.000  1.59 0.000 0.011 0.000 9.99 0.259 0.035 0.000  0.656 0.000   1.181 0.000   8.377 0.000   4.707 0.000   3.669 0.000 0.040 0.000 0.309 0.000
126.291667 127.291667   53.01 0.000  1.08 0.000 9.999 0.259 0.10 0.000 0.046 0.000  0.323 0.000   0.582 0.000   7.519 0.000   4.353 0.000   3.166 0.000 0.036 0.000 0.316 0.000
129.291667 130.291667  177.90 0.000  1.97 0.000 9.999 0.259 9.99 0.259 0.064 0.000  0.302 0.000   0.544 0.000  15.297 0.000  10.058 0.000   5.388 0.000 0.107 0.000 0.314 0.000
132.291667 133.291667 9999.99 0.456 99.99 0.456 9.999 0.456 9.99 0.456 0.149 0.394  2.668 0.000   4.802 0.000 999.999 0.456 999.999 0.456 999.999 0.456 9.999 0.456 0.630 0.394
135.291667 136.291667 9999.99 0.456 99.99 0.456 9.999 0.456 9.99 0.456 0.204 0.000  4.716 0.000   8.489 0.000 999.999 0.456 999.999 0.456 999.999 0.456 9.999 0.456 0.843 0.000
138.291667 139.291667 9999.99 0.456 99.99 0.456 9.999 0.456 9.99 0.456 9.999 0.456 99.999 0.456 999.999 0.456 999.999 0.456 999.999 0.456 999.999 0.456 9.999 0.456 9.999 0.456
141.291667 142.291667 9999.99 0.456 99.99 0.456 9.999 0.456 9.99 0.456 9.999 0.456 99.999 0.456 999.999 0.456 999.999 0.456 999.999 0.456 999.999 0.456 9.999 0.456 9.999 0.456
144.291667 145.291667   99.27 0.000  1.25 0.000 0.028 0.000 0.35 0.000 0.117 0.000  0.803 0.000   1.446 0.000  14.324 0.000   8.258 0.000   6.065 0.000 0.116 0.000 0.475 0.000
147.291667 148.291667   96.71 0.000  1.15 0.000 0.024 0.000 9.99 0.259 0.081 0.000  0.895 0.000   1.612 0.000  15.686 0.000   9.499 0.000   6.185 0.000 0.099 0.000 0.547 0.000
150.291667 151.291667   82.50 0.000  1.04 0.000 0.022 0.000 9.99 0.259 0.059 0.000  0.698 0.000   1.256 0.000  12.768 0.000   8.460 0.000   4.347 0.000 0.063 0.000 0.353 0.000
153.291667 154.291667   50.54 0.000  0.83 0.000 0.017 0.000 9.99 0.259 0.087 0.000  0.318 0.000   0.573 0.000  10.613 0.000   6.372 0.000   4.241 0.000 0.102 0.000 0.384 0.000
156.291667 157.291667   59.07 0.000  1.34 0.000 0.026 0.000 0.14 0.000 0.096 0.000  0.504 0.000   0.907 0.000  11.893 0.000   6.997 0.000   4.896 0.000 0.054 0.000 0.457 0.000
159.291667 160.291667  131.00 0.000  1.15 0.000 9.999 0.259 0.10 0.000 0.112 0.000  0.861 0.000   1.550 0.000  15.108 0.000   8.941 0.000   6.165 0.000 0.198 0.000 0.291 0.000
162.291667 163.291667   51.69 0.000  0.84 0.000 9.999 0.259 0.16 0.000 0.085 0.000  0.487 0.000   0.876 0.000  10.286 0.000   6.243 0.000   4.042 0.000 0.070 0.000 0.380 0.000
165.291667 166.291667  100.22 0.000  1.10 0.000 0.029 0.000 0.26 0.000 0.077 0.000  0.653 0.000   1.175 0.000  13.273 0.000   6.745 0.000   6.528 0.000 0.103 0.000 0.597 0.000
168.291667 169.291667 9999.99 0.999 99.99 0.999 9.999 0.999 9.99 0.999 9.999 0.999 99.999 0.999 999.999 0.999 999.999 0.999 999.999 0.999 999.999 0.999 9.999 0.999 9.999 0.999
171.291667 172.291667 9999.99 0.999 99.99 0.999 9.999 0.999 9.99 0.999 9.999 0.999 99.999 0.999 999.999 0.999 999.999 0.999 999.999 0.999 999.999 0.999 9.999 0.999 9.999 0.999
174.291667 175.291667   49.69 0.000  0.71 0.000 9.999 0.259 0.20 0.000 0.116 0.000  5.758 0.000  10.364 0.000  21.321 0.000   6.028 0.000  15.288 0.000 0.383 0.000 0.719 0.000
177.291667 178.291667 9999.99 0.999 99.99 0.999 9.999 0.999 9.99 0.999 9.999 0.999 99.999 0.999 999.999 0.999 999.999 0.999 999.999 0.999 999.999 0.999 9.999 0.999 9.999 0.999
180.291667 181.291667 9999.99 0.999 99.99 0.999 9.999 0.999 9.99 0.999 9.999 0.999 99.999 0.999 999.999 0.999 999.999 0.999 999.999 0.999 999.999 0.999 9.999 0.999 9.999 0.999
183.291667 184.291667 9999.99 0.999 99.99 0.999 9.999 0.999 9.99 0.999 9.999 0.999 99.999 0.999 999.999 0.999 999.999 0.999 999.999 0.999 999.999 0.999 9.999 0.999 9.999 0.999
186.291667 187.291667 9999.99 0.999 99.99 0.999 9.999 0.999 9.99 0.999 9.999 0.999 99.999 0.999 999.999 0.999 999.999 0.999 999.999 0.999 999.999 0.999 9.999 0.999 9.999 0.999
189.291667 190.291667   83.23 0.000  0.73 0.000 0.024 0.000 0.22 0.000 0.067 0.000  1.626 0.000   2.927 0.000  12.987 0.000   6.927 0.000   6.059 0.000 0.130 0.000 0.419 0.000
192.291667 193.291667   59.15 0.000  0.55 0.000 0.018 0.000 0.45 0.000 0.021 0.000  1.318 0.000   2.373 0.000   6.173 0.000   3.102 0.000   3.115 0.000 0.046 0.000 0.205 0.000
195.291667 196.291667   82.01 0.000  0.88 0.000 9.999 0.259 0.44 0.000 0.062 0.000  1.794 0.000   3.230 0.000  23.828 0.000  17.406 0.000   6.422 0.000 0.112 0.000 0.539 0.000
198.291667 199.291667  112.65 0.000  0.93 0.000 9.999 0.259 0.11 0.000 0.071 0.000  4.248 0.000   7.646 0.000  30.099 0.000  18.443 0.000  11.655 0.000 0.294 0.000 0.523 0.000
201.291667 202.291667   45.40 0.000  0.62 0.000 9.999 0.259 0.39 0.000 0.046 0.000  4.658 0.000   8.384 0.000  22.060 0.000  11.167 0.000  10.890 0.000 0.248 0.000 0.375 0.000
204.291667 205.291667   13.71 0.000  0.27 0.000 9.999 0.259 0.42 0.000 0.016 0.000  1.391 0.000   2.504 0.000   4.044 0.000   1.776 0.000   2.268 0.000 0.012 0.000 0.132 0.000
207.291667 208.291667   16.39 0.000  0.63 0.000 9.999 0.259 0.22 0.000 0.013 0.000  1.439 0.000   2.590 0.000   6.346 0.000   3.487 0.000   2.858 0.000 0.016 0.000 0.168 0.000
210.291667 211.291667   28.56 0.000  0.42 0.000 9.999 0.259 0.14 0.000 0.016 0.000  1.304 0.559   2.347 0.559   6.966 0.000   4.009 0.000   2.957 0.000 0.023 0.000 0.206 0.000
213.291667 214.291667  131.56 0.000  0.60 0.000 9.999 0.259 0.20 0.000 0.029 0.000  1.702 0.000   3.064 0.000  11.034 0.000   5.765 0.000   5.353 0.000 0.071 0.000 0.288 0.000
216.291667 217.291667   41.13 0.000  0.24 0.000 9.999 0.259 0.19 0.000 0.017 0.000  1.319 0.000   2.375 0.000   6.460 0.000   2.889 0.000   3.571 0.000 0.022 0.000 0.354 0.000
219.291667 220.291667   37.12 0.000  0.40 0.000 9.999 0.259 0.14 0.000 0.022 0.000  1.405 0.559   2.529 0.559   7.450 0.000   3.587 0.000   3.863 0.000 0.039 0.000 0.312 0.000
222.291667 223.291667   17.90 0.000  0.43 0.000 9.999 0.259 0.41 0.000 0.025 0.000  1.122 0.559   2.019 0.559   4.946 0.000   2.021 0.000   2.924 0.000 0.015 0.000 0.296 0.000
225.291667 226.291667   20.02 0.000  0.52 0.000 9.999 0.259 0.29 0.000 0.018 0.000  1.045 0.559   1.880 0.559   6.180 0.000   3.251 0.000   2.928 0.000 0.016 0.000 0.309 0.000
228.291667 229.291667   22.19 0.000  0.31 0.000 9.999 0.259 0.30 0.000 0.022 0.000  1.172 0.000   2.109 0.000   6.936 0.000   3.866 0.000   3.069 0.000 0.015 0.000 0.366 0.000
231.291667 232.291667   12.24 0.000  0.18 0.000 9.999 0.259 0.28 0.000 0.011 0.000  0.990 0.559   1.782 0.559   3.463 0.000   1.771 0.000   1.692 0.000 0.008 0.000 0.175 0.000
234.291667 235.291667   27.93 0.000  0.61 0.000 9.999 0.259 0.19 0.000 0.020 0.000  1.412 0.000   2.542 0.000   9.718 0.000   6.178 0.000   3.623 0.000 0.033 0.000 0.404 0.000
237.291667 238.291667   20.90 0.000  0.48 0.000 9.999 0.259 0.34 0.000 0.022 0.000  1.261 0.559   2.269 0.559   6.805 0.000   3.391 0.000   3.413 0.000 0.015 0.000 0.318 0.000
240.291667 241.291667   28.54 0.000  0.48 0.000 9.999 0.259 0.24 0.000 0.013 0.000  1.420 0.000   2.556 0.000   7.531 0.000   4.344 0.000   3.185 0.000 0.019 0.000 0.226 0.000
243.291667 244.291667   33.19 0.000  0.94 0.000 9.999 0.259 0.26 0.000 0.053 0.000  1.601 0.000   2.882 0.000  12.528 0.000   8.305 0.000   4.221 0.000 0.034 0.000 0.380 0.000
246.291667 247.291667   16.90 0.000  1.02 0.000 9.999 0.259 0.26 0.000 0.010 0.000  1.803 0.000   3.245 0.000   6.377 0.000   2.118 0.000   4.257 0.000 0.017 0.000 0.422 0.000
249.291667 250.291667 9999.99 0.999 99.99 0.999 9.999 0.999 9.99 0.999 9.999 0.999 99.999 0.999 999.999 0.999 999.999 0.999 999.999 0.999 999.999 0.999 9.999 0.999 9.999 0.999
252.291667 253.291667   45.65 0.000  1.44 0.000 0.014 0.000 0.26 0.000 0.082 0.000  1.383 0.000   2.489 0.000  14.526 0.000  10.066 0.000   4.459 0.000 0.041 0.000 0.408 0.000
255.291667 256.291667   29.61 0.000  0.80 0.000 0.011 0.000 0.26 0.000 0.038 0.000  1.303 0.000   2.345 0.000   9.599 0.000   6.975 0.000   2.725 0.000 0.022 0.000 0.211 0.000
258.291667 259.291667   38.07 0.000  1.33 0.000 0.012 0.000 0.41 0.000 0.030 0.000  1.339 0.000   2.410 0.000  10.078 0.000   6.960 0.000   3.117 0.000 0.024 0.000 0.239 0.000
261.291667 262.291667   22.90 0.000  1.08 0.000 0.005 0.000 0.34 0.000 0.018 0.000  1.134 0.000   2.040 0.000   6.798 0.000   4.220 0.000   2.578 0.000 0.016 0.000 0.260 0.000
264.291667 265.291667   31.46 0.000  0.95 0.000 9.999 0.259 0.39 0.000 0.039 0.000  1.488 0.000   2.678 0.000  11.155 0.000   6.839 0.000   4.314 0.000 0.031 0.000 0.508 0.000
267.291667 268.291667   21.77 0.000  6.90 0.000 9.999 0.259 0.15 0.000 0.012 0.000  1.356 0.000   2.440 0.000   6.428 0.000   4.184 0.000   2.243 0.000 0.019 0.000 0.194 0.000
