scripts/IMPROVE-2019_partial/data/US0015R.20000329070000.20191216000000.filterpack..pm25.9mo.1w.US03L_filterpack_US0015.US03L_IMPROVE_Davis.lev2.nas
64 1001
MISSING INFORMATION
US03L, IMPROVE, , , , , , , 
MISSING INFORMATION
IMPROVE sel_HTAP
1 1
2000 01 01 2019 12 16
0
days from file reference point
25
1 1 1 1 1 1 1 1 1 1 1 1 1 1 1 1 1 1 1 1 1 1 1 1 1
999.999999 9999.99 9.999 99.99 9.999 9.999 9.999999 99.99 9.999999 9.999 9.999 99.999 9.999 99.999 9.999 999.999 9.999 999.999 9.999 999.999 9.999 9.999 9.999 9.999 9.999
end_time of measurement, days from the file reference point
iron, ng/m3, Revision date=20181210133000
numflag iron, no unit, Revision date=20181210133000
lead, ng/m3, Revision date=20181210133000
numflag lead, no unit, Revision date=20181210133000
magnesium, ug/m3, Revision date=20181210133000
numflag magnesium, no unit, Revision date=20181210133000
nickel, ng/m3, Revision date=20181210133000
numflag nickel, no unit, Revision date=20181210133000
nitrate, ug N/m3, Revision date=20181210133000
numflag nitrate, no unit, Revision date=20181210133000
organic_carbon, ug C/m3, Revision date=20181210133000
numflag organic_carbon, no unit, Revision date=20181210133000
organic_mass, ug/m3, Revision date=20181210133000
numflag organic_mass, no unit, Revision date=20181210133000
pm10_mass, ug/m3, Version=2, Version description=Data extracted from http://views.cira.colostate.edu/fed/DataWizard 2019-12-16, Sample duration=1d, Orig. time res.=3d, Matrix=pm10, Blank correction=Blank corrected, Volume std. temperature=ambient, Volume std. pressure=ambient
numflag pm10_mass, no unit, Version=2, Version description=Data extracted from http://views.cira.colostate.edu/fed/DataWizard 2019-12-16, Sample duration=1d, Orig. time res.=3d, Matrix=pm10, Blank correction=Blank corrected, Volume std. temperature=ambient, Volume std. pressure=ambient
pm10_pm25_mass, ug/m3, Revision date=20181210133000, Matrix=pm10_pm25
numflag pm10_pm25_mass, no unit, Revision date=20181210133000, Matrix=pm10_pm25
pm25_mass, ug/m3, Version=2, Version description=Data extracted from http://views.cira.colostate.edu/fed/DataWizard 2019-12-16, Sample duration=1d, Orig. time res.=3d, Blank correction=Blank corrected, Volume std. temperature=ambient, Volume std. pressure=ambient
numflag pm25_mass, no unit, Version=2, Version description=Data extracted from http://views.cira.colostate.edu/fed/DataWizard 2019-12-16, Sample duration=1d, Orig. time res.=3d, Blank correction=Blank corrected, Volume std. temperature=ambient, Volume std. pressure=ambient
potassium, ug/m3, Revision date=20181210133000
numflag potassium, no unit, Revision date=20181210133000
sulphate_total, ug S/m3, Revision date=20181210133000
numflag sulphate_total, no unit, Revision date=20181210133000
0
25
Data definition:              EBAS_1.1
Set type code:                TI
Timezone:                     UTC
File name:                    US0015R.20000329070000.20191216000000.filterpack..pm25.9mo.1w.US03L_filterpack_US0015.US03L_IMPROVE_Davis.lev2.nas
File creation:                20191218115623
Startdate:                    20000329070000
Revision date:                20191216000000
Statistics:                   arithmetic mean
Data level:                   2
Period code:                  9mo
Resolution code:              1w
Station code:                 US0015R
Platform code:                US0015S
Station name:                 Ike's Backbone
Station latitude:             34.3405
Station longitude:            -111.6832
Station altitude:             1297.0 m
Regime:                       IMG
Component:                    
Matrix:                       pm25
Laboratory code:              US03L
Instrument type:              filterpack
Instrument name:              filterpack_US0015
Method ref:                   US03L_IMPROVE_Davis
starttime endtime Fe flag_Fe Pb flag_Pb Mg++ flag_Mg++ Ni flag_Ni NO3- flag_NO3- OC flag_OC OM flag_OM PM10 flag_PM10 PM10-PM2.5 flag_PM10-PM2.5 PM2.5 flag_PM2.5 K+ flag_K+ SO4-- flag_SO4--
 88.291667  89.291667   57.98 0.559  2.62 0.559 9.999 0.559259  4.36 0.559000 0.101 0.000  1.386 0.000  1.940 0.000   7.422 0.000   1.678 0.000   5.744 0.559 0.034 0.559 0.271 0.000
 91.291667  92.291667   17.61 0.000  0.33 0.000 9.999 0.259000 99.99 0.259000 0.020 0.000  0.694 0.000  0.972 0.000   3.344 0.000   1.549 0.000   1.795 0.000 0.014 0.000 0.162 0.000
 95.291667  96.291667   45.58 0.559  0.94 0.559 0.023 0.559000 99.99 0.559259 0.025 0.000  0.957 0.000  1.340 0.000   9.737 0.000   6.560 0.000   3.177 0.559 0.032 0.559 0.151 0.000
 98.291667  99.291667  314.07 0.559  1.06 0.559 9.999 0.559259 99.99 0.559259 0.070 0.000  1.344 0.000  1.881 0.000  38.837 0.000  28.393 0.000  10.444 0.559 0.196 0.559 0.207 0.000
102.291667 103.291667   71.93 0.000  0.91 0.000 9.999 0.259000 99.99 0.259000 0.042 0.000  1.566 0.000  2.193 0.000  18.743 0.559  13.824 0.000   4.919 0.000 0.050 0.000 0.343 0.000
105.291667 106.291667   63.08 0.559  0.68 0.559 9.999 0.559259 99.99 0.559259 0.060 0.000  0.953 0.000  1.334 0.000  12.897 0.559  10.249 0.000   2.648 0.559 0.036 0.559 0.154 0.000
109.291667 110.291667   52.60 0.000  0.48 0.000 0.025 0.000000 99.99 0.259000 0.059 0.000  0.789 0.000  1.105 0.000  10.629 0.559   7.823 0.000   2.807 0.000 0.036 0.000 0.135 0.000
112.291667 113.291667  127.89 0.000  0.62 0.000 9.999 0.259000 99.99 0.259000 0.175 0.000  1.200 0.000  1.680 0.000  27.919 0.559  20.384 0.000   7.535 0.000 0.086 0.000 0.473 0.000
116.291667 117.291667 9999.99 0.999 99.99 0.999 9.999 0.999000 99.99 0.999000 9.999 0.999 99.999 0.999 99.999 0.999 999.999 0.999 999.999 0.999 999.999 0.999 9.999 0.999 9.999 0.999
119.291667 120.291667  278.14 0.559  1.48 0.559 0.165 0.559000 99.99 0.559259 0.114 0.000  0.866 0.000  1.212 0.000  26.954 0.559  17.226 0.000   9.729 0.559 0.164 0.559 0.365 0.000
123.291667 124.291667  132.82 0.000  1.58 0.000 9.999 0.259000 99.99 0.259000 0.057 0.000  1.678 0.000  2.350 0.000  14.385 0.559   8.243 0.000   6.142 0.000 0.084 0.000 0.241 0.000
126.291667 127.291667  110.66 0.000  0.96 0.000 9.999 0.259000 99.99 0.259000 0.055 0.000  1.422 0.000  1.992 0.000  18.672 0.559  13.147 0.000   5.525 0.000 0.083 0.000 0.252 0.000
130.291667 131.291667  128.42 0.000  1.01 0.000 9.999 0.259000 99.99 0.259000 0.067 0.000  1.251 0.000  1.752 0.000  21.259 0.559  15.703 0.000   5.556 0.000 0.076 0.000 0.276 0.000
133.291667 134.291667  100.30 0.000  1.70 0.000 9.999 0.259000 99.99 0.259000 0.046 0.000  1.072 0.000  1.500 0.000  10.204 0.559   5.977 0.000   4.227 0.000 0.061 0.000 0.236 0.000
137.291667 138.291667  148.51 0.000  0.50 0.000 9.999 0.259000 99.99 0.259000 0.095 0.000  0.941 0.000  1.318 0.000  22.463 0.559  17.456 0.000   5.007 0.000 0.079 0.000 0.167 0.000
140.291667 141.291667   29.23 0.000  0.31 0.000 9.999 0.259000 99.99 0.259000 0.018 0.000  1.192 0.000  1.668 0.000   6.165 0.559   3.661 0.000   2.504 0.000 0.021 0.000 0.216 0.000
144.291667 145.291667  130.25 0.559  0.84 0.559 9.999 0.559259 99.99 0.559259 0.094 0.000  1.820 0.000  2.548 0.000  21.728 0.559  12.491 0.000   9.237 0.559 0.139 0.559 0.703 0.000
147.291667 148.291667   96.25 0.000  0.60 0.000 9.999 0.259000 99.99 0.259000 0.098 0.000  1.309 0.000  1.833 0.000  13.817 0.559   7.191 0.000   6.626 0.000 0.077 0.000 0.468 0.000
151.291667 152.291667  123.71 0.000  0.72 0.000 9.999 0.259000 99.99 0.259000 0.076 0.000  1.135 0.000  1.589 0.000  16.001 0.559   8.895 0.000   7.106 0.000 0.125 0.000 0.456 0.000
154.291667 155.291667   35.83 0.000 99.99 0.259 9.999 0.259000 99.99 0.259000 0.039 0.000  0.369 0.000  0.517 0.000   7.086 0.559   4.467 0.000   2.619 0.000 0.051 0.000 0.221 0.000
158.291667 159.291667 9999.99 0.999 99.99 0.999 9.999 0.999000 99.99 0.999000 9.999 0.999 99.999 0.999 99.999 0.999 999.999 0.999 999.999 0.999 999.999 0.999 9.999 0.999 9.999 0.999
161.291667 162.291667   87.40 0.000  0.55 0.000 9.999 0.259000 99.99 0.259000 0.093 0.559  0.594 0.000  0.831 0.000  14.912 0.559  11.030 0.000   3.883 0.000 0.067 0.000 0.240 0.559
165.291667 166.291667   65.64 0.000  0.30 0.000 9.999 0.259000 99.99 0.259000 0.039 0.559  0.878 0.000  1.229 0.000   9.729 0.559   6.458 0.000   3.272 0.000 0.067 0.000 0.161 0.559
168.291667 169.291667  212.76 0.000  0.22 0.000 9.999 0.259000 99.99 0.259000 0.143 0.559  1.146 0.000  1.604 0.000  33.480 0.559  24.726 0.000   8.753 0.000 0.153 0.000 0.478 0.559
172.291667 173.291667   27.33 0.000 99.99 0.259 9.999 0.259000 99.99 0.259000 9.999 0.456  0.694 0.000  0.972 0.000 999.999 0.456 999.999 0.999   2.335 0.000 0.030 0.000 9.999 0.456
175.291667 176.291667   31.31 0.000 99.99 0.259 9.999 0.259000 99.99 0.259000 9.999 0.456  0.814 0.000  1.140 0.000 999.999 0.456 999.999 0.999   3.964 0.000 0.042 0.000 9.999 0.456
179.291667 180.291667   22.80 0.000  0.29 0.000 9.999 0.259000 99.99 0.259000 0.022 0.559  0.048 0.000  0.067 0.000   6.028 0.559   3.082 0.000   2.946 0.000 0.047 0.000 0.256 0.559
182.291667 183.291667 9999.99 0.999 99.99 0.999 9.999 0.999000 99.99 0.999000 9.999 0.999 99.999 0.999 99.999 0.999 999.999 0.999 999.999 0.999 999.999 0.999 9.999 0.999 9.999 0.999
186.291667 187.291667   24.03 0.000  0.19 0.000 9.999 0.259000 99.99 0.259000 0.032 0.000  0.486 0.000  0.680 0.000   6.239 0.559   4.075 0.000   2.164 0.000 0.063 0.000 0.169 0.000
189.291667 190.291667   44.02 0.000 99.99 0.259 9.999 0.259000 99.99 0.259000 0.052 0.000  0.581 0.000  0.814 0.000   9.447 0.559   5.856 0.000   3.591 0.000 0.034 0.000 0.349 0.000
193.291667 194.291667   36.34 0.000 99.99 0.259 9.999 0.259000 99.99 0.259000 0.046 0.559  0.429 0.000  0.601 0.000   9.130 0.559   5.946 0.000   3.184 0.000 0.028 0.000 0.337 0.559
196.291667 197.291667   55.30 0.000  0.34 0.000 9.999 0.259000 99.99 0.259000 0.068 0.559  0.659 0.000  0.922 0.000  11.598 0.559   7.265 0.000   4.333 0.000 0.060 0.000 0.495 0.559
200.291667 201.291667   32.01 0.000 99.99 0.259 9.999 0.259000 99.99 0.259000 0.010 0.559  0.459 0.000  0.643 0.000   5.499 0.559   3.748 0.000   1.751 0.000 0.022 0.000 0.103 0.559
203.291667 204.291667   61.69 0.000  0.23 0.000 9.999 0.259000 99.99 0.259000 0.122 0.559  0.721 0.000  1.009 0.000  13.607 0.559   8.568 0.000   5.039 0.000 0.054 0.000 0.441 0.559
207.291667 208.291667   90.51 0.000 99.99 0.259 9.999 0.259000 99.99 0.259000 0.073 0.559  0.605 0.000  0.847 0.000  14.241 0.559   8.692 0.000   5.549 0.000 0.074 0.000 0.564 0.559
210.291667 211.291667  158.91 0.000  0.27 0.000 9.999 0.259000 99.99 0.259000 0.155 0.559  1.273 0.000  1.782 0.000  26.211 0.559  16.984 0.000   9.227 0.000 0.144 0.000 0.581 0.559
214.291667 215.291667  151.36 0.000  0.30 0.000 9.999 0.259000 99.99 0.259000 0.054 0.559  1.740 0.000  2.437 0.000  25.134 0.559  17.128 0.000   8.006 0.000 0.129 0.000 0.404 0.559
217.291667 218.291667   32.56 0.000  0.33 0.000 9.999 0.259000 99.99 0.259000 0.026 0.559  1.589 0.000  2.224 0.000  10.822 0.559   5.121 0.000   5.701 0.000 0.055 0.000 0.368 0.559
221.291667 222.291667   21.53 0.000 99.99 0.259 0.013 0.000000 99.99 0.259000 0.027 0.559  1.568 0.000  2.195 0.000   5.429 0.559   2.368 0.000   3.060 0.000 0.030 0.000 0.250 0.559
224.291667 225.291667   61.87 0.000  0.60 0.000 9.999 0.259000 99.99 0.259000 0.036 0.559  0.948 0.000  1.327 0.000   8.813 0.559   3.471 0.000   5.342 0.000 0.057 0.000 0.350 0.559
228.291667 229.291667   57.22 0.000  0.10 0.000 9.999 0.259000 99.99 0.259000 0.038 0.559  1.501 0.000  2.102 0.000   9.744 0.559   4.231 0.000   5.513 0.000 0.057 0.000 0.423 0.559
231.291667 232.291667   37.11 0.000 99.99 0.259 9.999 0.259000 99.99 0.259000 0.041 0.559  0.837 0.000  1.172 0.000   7.936 0.559   3.436 0.000   4.500 0.000 0.043 0.000 0.451 0.559
235.291667 236.291667 9999.99 0.999 99.99 0.999 9.999 0.999000 99.99 0.999000 9.999 0.999 99.999 0.999 99.999 0.999 999.999 0.999 999.999 0.999 999.999 0.999 9.999 0.999 9.999 0.999
238.291667 239.291667   39.36 0.000  0.28 0.000 9.999 0.259000 99.99 0.259000 0.028 0.559  0.715 0.000  1.001 0.000   8.291 0.559   4.118 0.000   4.173 0.000 0.025 0.000 0.515 0.559
243.291667 244.291667 9999.99 0.999 99.99 0.999 9.999 0.999000 99.99 0.999000 9.999 0.999 99.999 0.999 99.999 0.999 999.999 0.999 999.999 0.999 999.999 0.999 9.999 0.999 9.999 0.999
246.291667 247.291667 9999.99 0.999 99.99 0.999 9.999 0.999000 99.99 0.999000 9.999 0.999 99.999 0.999 99.999 0.999 999.999 0.999 999.999 0.999 999.999 0.999 9.999 0.999 9.999 0.999
249.291667 250.291667 9999.99 0.999 99.99 0.999 9.999 0.999000 99.99 0.999000 9.999 0.999 99.999 0.999 99.999 0.999 999.999 0.999 999.999 0.999 999.999 0.999 9.999 0.999 9.999 0.999
252.291667 253.291667   35.10 0.000  0.82 0.000 9.999 0.259000 99.99 0.259000 0.036 0.000  0.591 0.000  0.828 0.000   8.711 0.000   4.860 0.000   3.851 0.000 0.035 0.000 0.508 0.000
255.291667 256.291667   52.24 0.000  0.26 0.000 9.999 0.259000 99.99 0.259000 0.081 0.000  0.702 0.000  0.983 0.000  11.135 0.000   5.958 0.000   5.177 0.000 0.037 0.000 0.516 0.000
258.291667 259.291667   65.70 0.000  0.64 0.000 9.999 0.259000 99.99 0.259000 0.041 0.000  1.264 0.000  1.770 0.000  13.011 0.000   8.116 0.000   4.895 0.000 0.051 0.000 0.502 0.000
261.291667 262.291667   52.81 0.000  0.61 0.000 9.999 0.259000 99.99 0.259000 0.039 0.000  0.753 0.000  1.054 0.000  13.091 0.000   8.716 0.000   4.375 0.000 0.041 0.000 0.480 0.000
264.291667 265.291667  101.62 0.000  0.38 0.000 9.999 0.259000 99.99 0.259000 0.094 0.000  0.969 0.000  1.356 0.000  19.676 0.000  12.977 0.000   6.699 0.000 0.077 0.000 0.641 0.000
267.291667 268.291667   23.91 0.000 99.99 0.259 9.999 0.259000 99.99 0.259000 0.013 0.000  0.448 0.000  0.628 0.000   4.724 0.000   3.221 0.000   1.503 0.000 0.013 0.000 0.117 0.000
270.291667 271.291667   57.22 0.000  0.83 0.000 9.999 0.259000 99.99 0.259000 0.042 0.000  0.881 0.000  1.234 0.000  13.207 0.000   8.080 0.000   5.126 0.000 0.044 0.000 0.579 0.000
273.291667 274.291667   23.16 0.000  0.35 0.000 9.999 0.259000 99.99 0.259000 0.015 0.000  0.591 0.000  0.828 0.000   7.344 0.000   2.956 0.000   4.388 0.000 0.019 0.000 0.717 0.000
276.291667 277.291667   34.49 0.000  0.72 0.000 9.999 0.259000 99.99 0.259000 0.062 0.000  0.703 0.000  0.985 0.000  12.007 0.000   6.231 0.000   5.776 0.000 0.024 0.000 0.899 0.000
279.291667 280.291667   26.27 0.000  0.87 0.000 9.999 0.259000 99.99 0.259000 0.029 0.000  0.468 0.000  0.656 0.000   8.149 0.000   4.078 0.000   4.071 0.000 0.019 0.000 0.623 0.000
282.291667 283.291667    8.35 0.000  0.33 0.000 9.999 0.259000 99.99 0.259000 0.009 0.000  0.553 0.000  0.775 0.000   3.614 0.000   2.084 0.000   1.530 0.000 0.010 0.000 0.223 0.000
285.291667 286.291667   33.83 0.000  0.45 0.000 9.999 0.259000 99.99 0.259000 0.148 0.000  0.905 0.000  1.267 0.000  10.315 0.000   7.784 0.000   2.531 0.000 0.031 0.000 0.211 0.000
288.291667 289.291667   21.39 0.000  1.09 0.000 9.999 0.259000 99.99 0.259000 0.049 0.559  0.796 0.000  1.114 0.000   6.150 0.000   3.432 0.000   2.717 0.000 0.021 0.000 0.301 0.559
291.291667 292.291667   29.95 0.000  1.11 0.000 9.999 0.259000 99.99 0.259000 0.033 0.000  0.428 0.000  0.600 0.000  15.706 0.000  11.942 0.000   3.764 0.000 0.017 0.000 0.519 0.000
294.291667 295.291667   10.19 0.000  1.39 0.000 0.030 0.000000 99.99 0.259000 0.040 0.000  0.438 0.000  0.614 0.000   3.574 0.000   1.460 0.000   2.114 0.000 0.018 0.000 0.295 0.000
297.291667 298.291667    4.26 0.000  0.14 0.000 9.999 0.259000 99.99 0.259000 0.041 0.000  0.177 0.000  0.248 0.000   2.147 0.000   1.191 0.000   0.956 0.000 0.005 0.000 0.088 0.000
300.291667 301.291667   13.47 0.000  0.79 0.000 9.999 0.259000 99.99 0.259000 0.089 0.000  0.248 0.000  0.348 0.000   3.227 0.000   1.461 0.000   1.767 0.000 0.014 0.000 0.200 0.000
303.291667 304.291667    5.28 0.000  1.52 0.000 9.999 0.259000 99.99 0.259000 0.041 0.000  0.148 0.000  0.207 0.000   2.778 0.000   1.438 0.000   1.340 0.000 0.011 0.000 0.174 0.000
306.291667 307.291667   10.01 0.000  0.65 0.000 9.999 0.259000 99.99 0.259000 0.084 0.000  0.882 0.000  1.235 0.000   3.309 0.000   1.240 0.000   2.069 0.000 0.013 0.000 0.210 0.000
309.291667 310.291667   15.84 0.000  0.86 0.000 9.999 0.259000 99.99 0.259000 0.479 0.000  0.504 0.000  0.706 0.000   4.861 0.000   1.597 0.000   3.264 0.000 0.019 0.000 0.327 0.000
312.291667 313.291667   11.18 0.000  0.36 0.000 9.999 0.259000 99.99 0.259000 0.017 0.000  0.173 0.000  0.242 0.000   2.124 0.000   0.729 0.000   1.395 0.000 0.009 0.000 0.185 0.000
315.291667 316.291667    6.63 0.000  0.53 0.000 9.999 0.259000  0.07 0.000000 0.179 0.000  0.155 0.000  0.217 0.000   2.671 0.000   1.658 0.000   1.013 0.000 0.010 0.000 0.123 0.000
318.291667 319.291667   15.32 0.000  2.30 0.000 9.999 0.259000 99.99 0.259000 0.094 0.000  0.444 0.000  0.621 0.000   4.210 0.000   1.961 0.000   2.249 0.000 0.015 0.000 0.241 0.000
321.291667 322.291667    8.86 0.000  0.27 0.000 9.999 0.259000 99.99 0.259000 0.027 0.000  0.335 0.000  0.469 0.000   2.668 0.000   1.207 0.000   1.460 0.000 0.016 0.000 0.141 0.000
324.291667 325.291667   13.28 0.000  0.46 0.000 0.026 0.000000 99.99 0.259000 0.021 0.000  0.303 0.000  0.424 0.000   2.451 0.000   1.151 0.000   1.300 0.000 0.011 0.000 0.136 0.000
327.291667 328.291667   31.40 0.000  1.23 0.000 9.999 0.259000 99.99 0.259000 0.316 0.000  0.641 0.000  0.898 0.000   8.660 0.000   4.975 0.000   3.685 0.000 0.032 0.000 0.282 0.000
330.291667 331.291667   13.98 0.000  0.58 0.000 9.999 0.259000 99.99 0.259000 0.026 0.559  0.440 0.000  0.616 0.000   3.513 0.000   2.082 0.000   1.431 0.000 0.016 0.000 0.106 0.559
333.291667 334.291667   20.62 0.000  2.94 0.000 9.999 0.259000 99.99 0.259000 0.026 0.000  0.505 0.000  0.707 0.000   4.670 0.000   2.395 0.000   2.275 0.000 0.016 0.000 0.175 0.000
336.291667 337.291667   65.54 0.000  1.78 0.000 9.999 0.259000 99.99 0.259000 0.061 0.000  0.790 0.000  1.106 0.000  18.072 0.000  13.462 0.000   4.609 0.000 0.052 0.000 0.350 0.000
339.291667 340.291667   29.53 0.000  0.69 0.000 9.999 0.259000 99.99 0.259000 0.079 0.000  0.706 0.000  0.989 0.000   7.715 0.000   4.568 0.000   3.147 0.000 0.026 0.000 0.327 0.000
342.291667 343.291667   44.80 0.000  2.51 0.000 9.999 0.259000 99.99 0.259000 0.280 0.000  0.872 0.000  1.221 0.000  10.599 0.000   6.426 0.000   4.173 0.000 0.055 0.000 0.294 0.000
345.291667 346.291667   21.74 0.000  2.18 0.000 9.999 0.259000 99.99 0.259000 0.408 0.000  0.873 0.000  1.222 0.000   6.699 0.000   3.014 0.000   3.685 0.000 0.065 0.000 0.275 0.000
348.291667 349.291667  113.31 0.000  1.14 0.000 9.999 0.259000 99.99 0.259000 0.155 0.000  0.928 0.000  1.300 0.000  20.343 0.000  15.043 0.000   5.300 0.000 0.140 0.000 0.220 0.000
351.291667 352.291667    9.83 0.000  0.47 0.000 9.999 0.259000 99.99 0.259000 0.028 0.000  0.489 0.000  0.684 0.000   3.227 0.000   1.887 0.000   1.340 0.000 0.012 0.000 0.110 0.000
354.291667 355.291667   27.63 0.000  0.54 0.000 9.999 0.259000 99.99 0.259000 0.135 0.000  1.246 0.000  1.745 0.000   7.435 0.000   4.328 0.000   3.107 0.000 0.043 0.000 0.122 0.000
357.291667 358.291667   20.95 0.000  3.41 0.000 9.999 0.259000 99.99 0.259000 0.054 0.000  0.775 0.000  1.085 0.000   5.801 0.000   2.971 0.000   2.829 0.000 0.039 0.000 0.255 0.000
360.291667 361.291667   12.28 0.000  0.37 0.000 9.999 0.259000 99.99 0.259000 0.023 0.000  0.249 0.000  0.348 0.000   5.077 0.000   2.861 0.000   2.216 0.000 0.009 0.000 0.340 0.000
363.291667 364.291667   18.66 0.000  0.66 0.000 9.999 0.259000 99.99 0.259000 0.037 0.000  0.391 0.000  0.548 0.000   3.922 0.000   2.041 0.000   1.880 0.000 0.015 0.000 0.206 0.000
