scripts/IMPROVE-2019_partial/data/US0058R.20000101060000.20191216000000.filterpack..pm25.52w.1w.US03L_filterpack_US0058.US03L_IMPROVE_Davis.lev2.nas
64 1001
MISSING INFORMATION
US03L, IMPROVE, , , , , , , 
MISSING INFORMATION
IMPROVE sel_HTAP
1 1
2000 01 01 2019 12 16
0
days from file reference point
25
1 1 1 1 1 1 1 1 1 1 1 1 1 1 1 1 1 1 1 1 1 1 1 1 1
999.99 9999.99 9.999 99.99 9.999999 9.999 9.999999 9.99 9.999999 9.999 9.999999 999.999 9.999 999.999 9.999 999.999 9.999 999.999 9.999 999.999 9.999 99.999 9.999 99.999 9.999999
end_time of measurement, days from the file reference point
iron, ng/m3, Revision date=20181210133000
numflag iron, no unit, Revision date=20181210133000
lead, ng/m3, Revision date=20181210133000
numflag lead, no unit, Revision date=20181210133000
magnesium, ug/m3, Revision date=20181210133000
numflag magnesium, no unit, Revision date=20181210133000
nickel, ng/m3, Revision date=20181210133000
numflag nickel, no unit, Revision date=20181210133000
nitrate, ug N/m3, Revision date=20181210133000
numflag nitrate, no unit, Revision date=20181210133000
organic_carbon, ug C/m3, Revision date=20181210133000
numflag organic_carbon, no unit, Revision date=20181210133000
organic_mass, ug/m3, Revision date=20181210133000
numflag organic_mass, no unit, Revision date=20181210133000
pm10_mass, ug/m3, Version=2, Version description=Data extracted from http://views.cira.colostate.edu/fed/DataWizard 2019-12-16, Sample duration=1d, Orig. time res.=3d, Matrix=pm10, Blank correction=Blank corrected, Volume std. temperature=ambient, Volume std. pressure=ambient
numflag pm10_mass, no unit, Version=2, Version description=Data extracted from http://views.cira.colostate.edu/fed/DataWizard 2019-12-16, Sample duration=1d, Orig. time res.=3d, Matrix=pm10, Blank correction=Blank corrected, Volume std. temperature=ambient, Volume std. pressure=ambient
pm10_pm25_mass, ug/m3, Revision date=20181210133000, Matrix=pm10_pm25
numflag pm10_pm25_mass, no unit, Revision date=20181210133000, Matrix=pm10_pm25
pm25_mass, ug/m3, Version=2, Version description=Data extracted from http://views.cira.colostate.edu/fed/DataWizard 2019-12-16, Sample duration=1d, Orig. time res.=3d, Blank correction=Blank corrected, Volume std. temperature=ambient, Volume std. pressure=ambient
numflag pm25_mass, no unit, Version=2, Version description=Data extracted from http://views.cira.colostate.edu/fed/DataWizard 2019-12-16, Sample duration=1d, Orig. time res.=3d, Blank correction=Blank corrected, Volume std. temperature=ambient, Volume std. pressure=ambient
potassium, ug/m3, Revision date=20181210133000
numflag potassium, no unit, Revision date=20181210133000
sulphate_total, ug S/m3, Revision date=20181210133000
numflag sulphate_total, no unit, Revision date=20181210133000
0
25
Data definition:              EBAS_1.1
Set type code:                TI
Timezone:                     UTC
File name:                    US0058R.20000101060000.20191216000000.filterpack..pm25.52w.1w.US03L_filterpack_US0058.US03L_IMPROVE_Davis.lev2.nas
File creation:                20191218115902
Startdate:                    20000101060000
Revision date:                20191216000000
Statistics:                   arithmetic mean
Data level:                   2
Period code:                  52w
Resolution code:              1w
Station code:                 US0058R
Platform code:                US0058S
Station name:                 Lostwood
Station latitude:             48.6419
Station longitude:            -102.4022
Station altitude:             696.0 m
Regime:                       IMG
Component:                    
Matrix:                       pm25
Laboratory code:              US03L
Instrument type:              filterpack
Instrument name:              filterpack_US0058
Method ref:                   US03L_IMPROVE_Davis
starttime endtime Fe flag_Fe Pb flag_Pb Mg++ flag_Mg++ Ni flag_Ni NO3- flag_NO3- OC flag_OC OM flag_OM PM10 flag_PM10 PM10-PM2.5 flag_PM10-PM2.5 PM2.5 flag_PM2.5 K+ flag_K+ SO4-- flag_SO4--
[from data line 87]
297.25 298.25   58.40 0.000 99.99 0.259000 9.999 0.259000 9.99 0.259000 0.204 0.000000   1.330 0.000   1.863 0.000  15.150 0.000   8.696 0.000   6.454 0.000  0.129 0.000  0.704 0.000000
300.25 301.25   10.79 0.000  0.40 0.000000 0.029 0.000000 9.99 0.259000 0.093 0.000000   0.399 0.000   0.558 0.000   3.619 0.000   1.379 0.000   2.240 0.000  0.009 0.000  0.411 0.000000
303.25 304.25   26.62 0.000  0.94 0.000000 9.999 0.259000 9.99 0.259000 0.276 0.000000   0.619 0.000   0.867 0.000   7.942 0.000   3.429 0.000   4.514 0.000  0.026 0.000  0.649 0.000000
306.25 307.25   14.61 0.000  0.37 0.000000 9.999 0.259000 9.99 0.259000 0.200 0.559000   0.397 0.000   0.556 0.000   5.429 0.000   3.218 0.000   2.211 0.000  0.028 0.000  0.450 0.559000
309.25 310.25   25.69 0.000  0.88 0.000000 9.999 0.259000 9.99 0.259000 9.999 0.999000   1.152 0.000   1.612 0.000   8.165 0.000   3.269 0.000   4.896 0.000  0.073 0.000 99.999 0.999000
312.25 313.25 9999.99 0.999 99.99 0.999000 9.999 0.999000 9.99 0.999000 9.999 0.999000 999.999 0.999 999.999 0.999 999.999 0.999 999.999 0.999 999.999 0.999 99.999 0.999 99.999 0.999000
315.25 316.25    4.67 0.000  4.21 0.000000 9.999 0.259000 9.99 0.259000 0.189 0.000000   0.458 0.000   0.642 0.000   2.795 0.000 999.999 0.259   3.159 0.000  0.139 0.000  0.429 0.000000
318.25 319.25    8.05 0.000  0.95 0.000000 9.999 0.259000 9.99 0.259000 0.453 0.000000   1.620 0.000   2.268 0.000   6.675 0.000 999.999 0.259   6.887 0.000  0.030 0.000  0.423 0.000000
321.25 322.25   31.77 0.000  0.41 0.000000 9.999 0.259000 9.99 0.259000 0.546 0.000000   1.200 0.000   1.679 0.000  10.481 0.000   2.987 0.000   7.494 0.000  0.053 0.000  0.411 0.000000
324.25 325.25    9.03 0.000  1.54 0.000000 9.999 0.259000 9.99 0.259000 0.152 0.000000   0.447 0.000   0.626 0.000   3.877 0.000   0.752 0.000   3.125 0.000  0.018 0.000  0.340 0.000000
327.25 328.25   15.47 0.000  0.59 0.000000 9.999 0.259000 9.99 0.259000 0.756 0.000000   0.662 0.000   0.926 0.000   7.791 0.000   2.098 0.000   5.693 0.000  0.036 0.000  0.427 0.000000
330.25 331.25    5.93 0.000  0.40 0.000000 9.999 0.259000 9.99 0.259000 0.107 0.000000   0.369 0.000   0.517 0.000   2.117 0.000   0.767 0.000   1.350 0.000  0.012 0.000  0.104 0.000000
333.25 334.25    8.30 0.000  0.68 0.000000 9.999 0.259000 9.99 0.259000 0.243 0.000000   0.715 0.000   1.001 0.000   4.700 0.000   0.884 0.000   3.816 0.000  0.028 0.000  0.453 0.000000
336.25 337.25    7.84 0.394 99.99 0.394259 9.999 0.394259 9.99 0.394259 0.392 0.559394   0.499 0.000   0.698 0.000   6.199 0.000   1.492 0.000   4.706 0.000  0.014 0.394  0.519 0.559394
339.25 340.25   17.08 0.559  0.47 0.559000 9.999 0.559259 9.99 0.559259 0.329 0.000000   0.350 0.000   0.491 0.000  11.035 0.000   4.129 0.000   6.906 0.559  0.015 0.559  0.924 0.000000
342.25 343.25    9.42 0.000  0.87 0.000000 9.999 0.259000 9.99 0.259000 0.206 0.559000   0.555 0.000   0.777 0.000   6.098 0.000   2.609 0.000   3.488 0.000  0.018 0.000  0.372 0.559000
345.25 346.25   15.15 0.559  0.35 0.559000 9.999 0.559259 9.99 0.559259 0.233 0.000000   0.485 0.000   0.679 0.000   8.898 0.000   5.146 0.000   3.752 0.559  0.035 0.559  0.247 0.000000
348.25 349.25   25.63 0.559  0.98 0.559000 9.999 0.559259 9.99 0.559259 0.733 0.000000   0.721 0.000   1.010 0.000  15.226 0.000   4.383 0.000  10.842 0.559  0.023 0.559  1.189 0.000000
351.25 352.25   43.87 0.559  1.18 0.559000 9.999 0.559259 9.99 0.559259 0.223 0.000000   0.576 0.000   0.806 0.000   8.916 0.000   3.211 0.000   5.705 0.559  0.045 0.559  0.888 0.000000
354.25 355.25   39.95 0.559  3.61 0.559000 9.999 0.559259 0.14 0.559000 0.189 0.000000   0.747 0.000   1.046 0.000   5.133 0.000 999.999 0.259   5.536 0.559  0.032 0.559  0.331 0.000000
357.25 358.25    8.27 0.559  1.37 0.559000 9.999 0.559259 0.11 0.559000 0.105 0.000000   0.799 0.000   1.118 0.000   3.710 0.000   0.320 0.000   3.390 0.559  0.025 0.559  0.362 0.000000
360.25 361.25    6.64 0.000  0.41 0.000000 9.999 0.259000 9.99 0.259000 0.278 0.559000   0.607 0.000   0.849 0.000   7.341 0.000   1.782 0.000   5.558 0.000  0.014 0.000  0.734 0.559000
363.25 364.25    8.54 0.000  0.41 0.000000 9.999 0.259000 9.99 0.259000 0.034 0.559000   0.437 0.000   0.612 0.000   4.005 0.000   0.792 0.000   3.213 0.000  0.014 0.000  0.468 0.559000
