scripts/IMPROVE-2019_partial/data/US0051R.20140102060000.20191216000000.filterpack...52w.3d.US03L_filterpack_US0051.US03L_IMPROVE_Davis.lev2.nas
51 1001
MISSING INFORMATION
US03L, IMPROVE, , , , , , , 
MISSING INFORMATION
IMPROVE sel_HTAP
1 1
2014 01 01 2019 12 16
3.00
days from file reference point
4
1 1 1 1
999.99 999.999 999.999 9.999
end_time of measurement, days from the file reference point
pm10_mass, ug/m3, Matrix=pm10
pm25_mass, ug/m3, Matrix=pm25
numflag, no unit
0
33
Data definition:              EBAS_1.1
Set type code:                TU
Timezone:                     UTC
File name:                    US0051R.20140102060000.20191216000000.filterpack...52w.3d.US03L_filterpack_US0051.US03L_IMPROVE_Davis.lev2.nas
File creation:                20191218115831
Startdate:                    20140102060000
Revision date:                20191216000000
Version:                      2
Version description:          "Data extracted from http://views.cira.colostate.edu/fed/DataWizard 2019-12-16"
Statistics:                   arithmetic mean
Data level:                   2
Period code:                  52w
Resolution code:              3d
Sample duration:              1d
Orig. time res.:              3d
Station code:                 US0051R
Platform code:                US0051S
Station name:                 El Dorado Springs
Station latitude:             37.7009
Station longitude:            -94.0348
Station altitude:             297.0 m
Regime:                       IMG
Component:                    
Unit:                         ug/m3
Matrix:                       
Laboratory code:              US03L
Instrument type:              filterpack
Instrument name:              filterpack_US0051
Method ref:                   US03L_IMPROVE_Davis
Blank correction:             Blank corrected
Volume std. temperature:      ambient
Volume std. pressure:         ambient
starttime endtime PM10 PM2.5 flag
  1.25   2.25  12.464   9.846 0.000
  4.25   5.25   7.777   3.975 0.000
  7.25   8.25  12.312   7.590 0.000
 10.25  11.25   4.858   3.268 0.000
 13.25  14.25   9.592   1.692 0.000
 16.25  17.25  11.450   2.104 0.000
 19.25  20.25  23.083   4.388 0.000
 22.25  23.25  10.660   2.838 0.000
 25.25  26.25   9.659   2.823 0.000
 28.25  29.25  24.151   5.841 0.000
 31.25  32.25  12.320  10.602 0.000
 34.25  35.25  15.336  11.636 0.000
 37.25  38.25  10.833   7.660 0.000
 40.25  41.25  12.043   8.947 0.000
 43.25  44.25  22.371  17.393 0.000
 46.25  47.25  10.119   5.909 0.000
 49.25  50.25  10.091   3.080 0.000
 52.25  53.25  22.989   6.740 0.000
 55.25  56.25  12.945   7.133 0.000
 58.25  59.25  24.989  10.619 0.000
 61.25  62.25   7.299   4.632 0.000
 64.25  65.25  24.202  19.925 0.000
 67.25  68.25  20.329  14.628 0.000
 70.25  71.25 999.999 999.999 0.999
 73.25  74.25  22.260   8.881 0.659
 76.25  77.25   6.518   3.166 0.659
 79.25  80.25  19.981   8.298 0.659
 82.25  83.25  10.405   5.263 0.659
 85.25  86.25  18.220   9.647 0.659
 88.25  89.25  16.774  11.616 0.659
 91.25  92.25 999.999 999.999 0.999
 94.25  95.25   6.258   4.660 0.659
 97.25  98.25  21.342  12.455 0.659
100.25 101.25  30.834   7.637 0.659
103.25 104.25  12.489   6.460 0.659
106.25 107.25  12.324   5.353 0.659
109.25 110.25  26.221  11.625 0.659
112.25 113.25 999.999 999.999 0.456
115.25 116.25 999.999 999.999 0.456
118.25 119.25 999.999 999.999 0.456
121.25 122.25  19.104   3.258 0.000
124.25 125.25  41.010   8.539 0.000
127.25 128.25  18.510   7.066 0.000
130.25 131.25  21.374   8.012 0.000
133.25 134.25  12.352   3.951 0.000
136.25 137.25  15.322   4.468 0.000
139.25 140.25  32.179   8.531 0.000
142.25 143.25  26.913   7.498 0.000
145.25 146.25  13.584   6.574 0.000
148.25 149.25  12.683   4.987 0.000
151.25 152.25  12.539   7.498 0.000
154.25 155.25  18.446   6.594 0.000
157.25 158.25   9.370   2.875 0.000
160.25 161.25  10.384   3.989 0.000
163.25 164.25  15.136   3.326 0.000
166.25 167.25  23.191  10.146 0.000
169.25 170.25  22.405   8.063 0.000
172.25 173.25  38.434  15.134 0.000
175.25 176.25  20.632   5.784 0.000
178.25 179.25  15.852   6.229 0.000
181.25 182.25  22.928   8.455 0.000
184.25 185.25  20.943   5.199 0.000
187.25 188.25  23.547  10.835 0.000
190.25 191.25  29.661  12.143 0.000
193.25 194.25  56.987  22.006 0.000
196.25 197.25  23.968   6.378 0.000
199.25 200.25  45.446  11.271 0.000
202.25 203.25  48.248  15.007 0.000
205.25 206.25  32.044  10.505 0.000
208.25 209.25  16.538   4.529 0.000
211.25 212.25  18.395   5.875 0.000
214.25 215.25  22.788  10.322 0.000
217.25 218.25  29.799  15.837 0.000
220.25 221.25  11.733   6.104 0.000
223.25 224.25  21.399   6.405 0.000
226.25 227.25  31.823  12.112 0.000
229.25 230.25  16.497   5.353 0.000
232.25 233.25  50.470  18.203 0.000
235.25 236.25  46.773  13.105 0.000
238.25 239.25  19.496   9.890 0.000
241.25 242.25  16.749   5.749 0.000
244.25 245.25   8.617   3.635 0.000
247.25 248.25  17.053   6.709 0.000
250.25 251.25  19.522   5.875 0.000
253.25 254.25   4.544   1.699 0.000
256.25 257.25  15.416   4.133 0.000
259.25 260.25   8.423   4.295 0.000
262.25 263.25  17.331  12.766 0.000
265.25 266.25  20.731   4.805 0.000
268.25 269.25  29.809  11.977 0.000
271.25 272.25  18.494   8.815 0.000
274.25 275.25   6.165   4.700 0.000
277.25 278.25   5.044   2.220 0.000
280.25 281.25   9.833   4.464 0.000
283.25 284.25   4.820   3.313 0.000
286.25 287.25   6.931   2.595 0.000
289.25 290.25  11.367   5.600 0.000
292.25 293.25  10.079   6.194 0.000
295.25 296.25  13.341   8.623 0.000
298.25 299.25  19.246   9.898 0.000
301.25 302.25   8.970   2.757 0.000
304.25 305.25  20.237   2.993 0.000
307.25 308.25   4.997   3.213 0.000
310.25 311.25   7.716   3.113 0.000
313.25 314.25  16.199   4.597 0.000
316.25 317.25  11.293   4.442 0.000
319.25 320.25  13.891  10.086 0.000
322.25 323.25  11.073   4.754 0.000
325.25 326.25   6.141   5.022 0.000
328.25 329.25   5.359   2.329 0.000
331.25 332.25  10.867   4.985 0.000
334.25 335.25   4.724   2.075 0.000
337.25 338.25  11.742   8.116 0.000
340.25 341.25   9.010   7.398 0.000
343.25 344.25  10.407   9.210 0.000
346.25 347.25  12.815  10.853 0.000
349.25 350.25   4.667   3.494 0.000
352.25 353.25   9.648   8.839 0.000
355.25 356.25   5.596   4.539 0.000
358.25 359.25 999.999 999.999 0.999
361.25 362.25 999.999 999.999 0.999
364.25 365.25  19.323   4.668 0.000
