scripts/IMPROVE-2019_partial/data/US0092U.20090101070000.20191216000000.filterpack...52w.3d.US03L_filterpack_US0092.US03L_IMPROVE_Davis.lev2.nas
52 1001
MISSING INFORMATION
US03L, IMPROVE, , , , , , , 
MISSING INFORMATION
IMPROVE sel_HTAP
1 1
2009 01 01 2019 12 16
3.000000
days from file reference point
5
1 1 1 1 1
999.999999 9999.999 9.999 999.999 9.999
end_time of measurement, days from the file reference point
pm10_mass, ug/m3, Matrix=pm10
numflag pm10_mass, no unit, Matrix=pm10
pm25_mass, ug/m3, Matrix=pm25
numflag pm25_mass, no unit, Matrix=pm25
0
33
Data definition:              EBAS_1.1
Set type code:                TU
Timezone:                     UTC
File name:                    US0092U.20090101070000.20191216000000.filterpack...52w.3d.US03L_filterpack_US0092.US03L_IMPROVE_Davis.lev2.nas
File creation:                20191218120139
Startdate:                    20090101070000
Revision date:                20191216000000
Version:                      2
Version description:          "Data extracted from http://views.cira.colostate.edu/fed/DataWizard 2019-12-16"
Statistics:                   arithmetic mean
Data level:                   2
Period code:                  52w
Resolution code:              3d
Sample duration:              1d
Orig. time res.:              3d
Station code:                 US0092U
Platform code:                US0092S
Station name:                 Phoenix
Station latitude:             33.5038
Station longitude:            -112.0958
Station altitude:             342.0 m
Regime:                       IMG
Component:                    
Unit:                         ug/m3
Matrix:                       
Laboratory code:              US03L
Instrument type:              filterpack
Instrument name:              filterpack_US0092
Method ref:                   US03L_IMPROVE_Davis
Blank correction:             Blank corrected
Volume std. temperature:      ambient
Volume std. pressure:         ambient
starttime endtime PM10 flag_PM10 PM2.5 flag_PM2.5
  0.291667   1.291667   50.064 0.659 999.999 0.699
  3.291667   4.291667   19.771 0.000  14.803 0.000
  6.291667   7.291667   31.288 0.000  15.406 0.000
  9.291667  10.291667   16.968 0.000   8.174 0.000
 12.291667  13.291667   24.590 0.000   8.755 0.000
 15.291667  16.291667   27.468 0.000  10.987 0.000
 18.291667  19.291667   19.033 0.000   6.729 0.000
 21.291667  22.291667   11.681 0.000   4.895 0.000
 24.291667  25.291667   11.724 0.000   6.120 0.000
 27.291667  28.291667   22.438 0.000   7.734 0.000
 30.291667  31.291667   23.196 0.000  10.462 0.000
 33.291667  34.291667   22.547 0.000   7.525 0.000
 36.291667  37.291667   25.061 0.000   6.785 0.000
 39.291667  40.291667    7.059 0.000   2.396 0.000
 42.291667  43.291667   17.886 0.000   8.393 0.000
 45.291667  46.291667   20.728 0.000  11.428 0.000
 48.291667  49.291667   12.588 0.000   4.720 0.000
 51.291667  52.291667   21.961 0.000   8.645 0.000
 54.291667  55.291667   25.417 0.000   9.092 0.000
 57.291667  58.291667   21.142 0.000   6.912 0.000
 60.291667  61.291667   27.813 0.000   9.868 0.000
 63.291667  64.291667   24.066 0.000   7.553 0.000
 66.291667  67.291667   24.388 0.000  10.585 0.000
 69.291667  70.291667   21.351 0.000   8.634 0.000
 72.291667  73.291667   17.868 0.000   6.533 0.000
 75.291667  76.291667   24.290 0.000   8.272 0.000
 78.291667  79.291667   29.446 0.000   9.974 0.000
 81.291667  82.291667   40.515 0.000   9.501 0.000
 84.291667  85.291667   33.896 0.000  10.568 0.000
 87.291667  88.291667   21.463 0.000   6.897 0.000
 90.291667  91.291667   29.817 0.000   7.473 0.000
 93.291667  94.291667   15.543 0.000   5.381 0.000
 96.291667  97.291667   22.442 0.000   5.883 0.000
 99.291667 100.291667   52.550 0.000   9.810 0.000
102.291667 103.291667   16.216 0.000   6.208 0.000
105.291667 106.291667   24.994 0.000   6.907 0.000
108.291667 109.291667   11.372 0.000   6.359 0.000
111.291667 112.291667   17.083 0.000   7.307 0.000
114.291667 115.291667   20.588 0.000   5.717 0.000
117.291667 118.291667   21.903 0.000   8.589 0.000
120.291667 121.291667   31.297 0.000  11.832 0.000
123.291667 124.291667   27.683 0.000   8.630 0.000
126.291667 127.291667   38.001 0.000  11.175 0.000
129.291667 130.291667   20.357 0.000   7.964 0.000
132.291667 133.291667   28.016 0.000  11.445 0.000
135.291667 136.291667   25.343 0.000   8.740 0.000
138.291667 139.291667   18.318 0.000   6.247 0.000
141.291667 142.291667   15.544 0.000   7.117 0.000
144.291667 145.291667   12.278 0.000   6.052 0.000
147.291667 148.291667   16.139 0.000   6.118 0.000
150.291667 151.291667   12.959 0.000   4.315 0.000
153.291667 154.291667   16.653 0.000   5.046 0.000
156.291667 157.291667   16.528 0.000   4.461 0.000
159.291667 160.291667   15.619 0.000   3.742 0.000
162.291667 163.291667   12.893 0.000   4.865 0.000
165.291667 166.291667   17.282 0.000   5.247 0.000
168.291667 169.291667   20.541 0.000   5.671 0.000
171.291667 172.291667   15.322 0.000   5.206 0.000
174.291667 175.291667   22.285 0.000   6.672 0.000
177.291667 178.291667   19.734 0.000   6.406 0.000
180.291667 181.291667   24.104 0.000   6.255 0.000
183.291667 184.291667   18.696 0.000   5.559 0.000
186.291667 187.291667   21.409 0.000   6.090 0.000
189.291667 190.291667   18.880 0.000   4.853 0.000
192.291667 193.291667   18.760 0.000   5.921 0.000
195.291667 196.291667   33.670 0.000   8.509 0.000
198.291667 199.291667  117.855 0.000  21.262 0.000
201.291667 202.291667   21.513 0.000   7.142 0.000
204.291667 205.291667   16.056 0.000   5.657 0.000
207.291667 208.291667   18.563 0.000   6.672 0.000
210.291667 211.291667   49.280 0.000  14.065 0.000
213.291667 214.291667   18.370 0.000   5.186 0.000
216.291667 217.291667   65.379 0.000 999.999 0.999
219.291667 220.291667   18.981 0.000 999.999 0.999
222.291667 223.291667   39.884 0.000 999.999 0.999
225.291667 226.291667   20.980 0.000   6.101 0.000
228.291667 229.291667   16.893 0.000   6.102 0.000
231.291667 232.291667   23.080 0.000   6.513 0.000
234.291667 235.291667   10.700 0.000   4.659 0.000
237.291667 238.291667   16.271 0.000   5.280 0.000
240.291667 241.291667   21.466 0.000   6.229 0.000
243.291667 244.291667   14.954 0.000   5.069 0.000
246.291667 247.291667   24.632 0.000   7.605 0.000
249.291667 250.291667   15.261 0.000   5.177 0.000
252.291667 253.291667   11.489 0.000   4.359 0.000
255.291667 256.291667   21.926 0.000   5.581 0.000
258.291667 259.291667   18.711 0.000   7.808 0.000
261.291667 262.291667   15.579 0.000   5.069 0.659
264.291667 265.291667   13.449 0.000   3.072 0.000
267.291667 268.291667   25.286 0.000   6.844 0.000
270.291667 271.291667   26.695 0.000   9.113 0.000
273.291667 274.291667   19.939 0.000   7.107 0.000
276.291667 277.291667   13.082 0.000   6.758 0.000
279.291667 280.291667   25.760 0.000   6.655 0.000
282.291667 283.291667   28.281 0.000   9.724 0.000
285.291667 286.291667   19.016 0.000   4.447 0.000
288.291667 289.291667   31.810 0.000   8.940 0.000
291.291667 292.291667   40.153 0.000   7.174 0.000
294.291667 295.291667   24.523 0.000   8.154 0.000
297.291667 298.291667   20.430 0.000   6.047 0.000
300.291667 301.291667   19.163 0.000   5.713 0.000
303.291667 304.291667   38.830 0.000  15.194 0.000
306.291667 307.291667   35.355 0.000  11.403 0.000
309.291667 310.291667   49.325 0.000  13.737 0.000
312.291667 313.291667   35.251 0.000  10.156 0.000
315.291667 316.291667   40.431 0.000  11.713 0.000
318.291667 319.291667   20.981 0.000   7.207 0.000
321.291667 322.291667   34.527 0.000  11.480 0.000
324.291667 325.291667   36.736 0.000  15.405 0.000
327.291667 328.291667   30.014 0.000   7.087 0.000
330.291667 331.291667   45.277 0.000  16.703 0.000
333.291667 334.291667   19.012 0.000   7.558 0.000
336.291667 337.291667   24.451 0.000   7.959 0.000
339.291667 340.291667   29.788 0.000  15.500 0.000
342.291667 343.291667   30.138 0.000  15.574 0.000
345.291667 346.291667   36.402 0.000  21.837 0.000
348.291667 349.291667   17.565 0.000   8.611 0.000
351.291667 352.291667   37.194 0.000  16.819 0.000
354.291667 355.291667   44.368 0.000  18.386 0.000
357.291667 358.291667   38.888 0.000  22.652 0.000
360.291667 361.291667   25.209 0.000  15.798 0.000
363.291667 364.291667   26.265 0.000  11.683 0.000
