scripts/IMPROVE-2019_partial/data/US0045R.20080101050000.20191216000000.filterpack...52w.3d.US03L_filterpack_US0045.US03L_IMPROVE_Davis.lev2.nas
52 1001
MISSING INFORMATION
US03L, IMPROVE, , , , , , , 
MISSING INFORMATION
IMPROVE sel_HTAP
1 1
2008 01 01 2019 12 16
3.000000
days from file reference point
5
1 1 1 1 1
999.999999 999.999 9.999 999.999 9.999
end_time of measurement, days from the file reference point
pm10_mass, ug/m3, Matrix=pm10
numflag pm10_mass, no unit, Matrix=pm10
pm25_mass, ug/m3, Matrix=pm25
numflag pm25_mass, no unit, Matrix=pm25
0
33
Data definition:              EBAS_1.1
Set type code:                TU
Timezone:                     UTC
File name:                    US0045R.20080101050000.20191216000000.filterpack...52w.3d.US03L_filterpack_US0045.US03L_IMPROVE_Davis.lev2.nas
File creation:                20191218115811
Startdate:                    20080101050000
Revision date:                20191216000000
Version:                      2
Version description:          "Data extracted from http://views.cira.colostate.edu/fed/DataWizard 2019-12-16"
Statistics:                   arithmetic mean
Data level:                   2
Period code:                  52w
Resolution code:              3d
Sample duration:              1d
Orig. time res.:              3d
Station code:                 US0045R
Platform code:                US0045S
Station name:                 Isle Royale NP
Station latitude:             47.4596
Station longitude:            -88.1491
Station altitude:             182.0 m
Regime:                       IMG
Component:                    
Unit:                         ug/m3
Matrix:                       
Laboratory code:              US03L
Instrument type:              filterpack
Instrument name:              filterpack_US0045
Method ref:                   US03L_IMPROVE_Davis
Blank correction:             Blank corrected
Volume std. temperature:      ambient
Volume std. pressure:         ambient
starttime endtime PM10 flag_PM10 PM2.5 flag_PM2.5
  0.208333   1.208333   3.420 0.000   2.518 0.000
  3.208333   4.208333  16.479 0.000  10.685 0.000
  6.208333   7.208333  13.765 0.000  13.192 0.000
  9.208333  10.208333   3.749 0.000   3.282 0.000
 12.208333  13.208333   1.664 0.000   1.084 0.000
 15.208333  16.208333  13.133 0.000   9.832 0.000
 18.208333  19.208333   2.318 0.000   1.699 0.000
 21.208333  22.208333   2.073 0.000   2.564 0.000
 24.208333  25.208333   7.734 0.000   6.635 0.000
 27.208333  28.208333  17.928 0.000  15.324 0.000
 30.208333  31.208333   1.659 0.000   1.718 0.000
 33.208333  34.208333   6.991 0.000   6.259 0.000
 36.208333  37.208333   7.119 0.000   1.532 0.000
 39.208333  40.208333  10.797 0.000   6.873 0.000
 42.208333  43.208333   2.622 0.000   1.371 0.000
 45.208333  46.208333  21.881 0.000   2.649 0.000
 48.208333  49.208333   6.369 0.000   2.195 0.000
 51.208333  52.208333   6.204 0.000   1.844 0.000
 54.208333  55.208333  35.178 0.000  32.600 0.000
 57.208333  58.208333   7.702 0.000   1.843 0.000
 60.208333  61.208333   3.865 0.000   2.931 0.000
 63.208333  64.208333   2.870 0.000   1.913 0.000
 66.208333  67.208333  24.399 0.000   2.325 0.000
 69.208333  70.208333   5.568 0.000   3.808 0.000
 72.208333  73.208333  15.813 0.000   4.082 0.000
 75.208333  76.208333   2.462 0.000   1.705 0.000
 78.208333  79.208333   6.674 0.000   4.850 0.000
 81.208333  82.208333   2.667 0.000   1.775 0.000
 84.208333  85.208333   7.720 0.000   6.616 0.000
 87.208333  88.208333   3.560 0.000   1.875 0.000
 90.208333  91.208333   3.568 0.000   3.054 0.000
 93.208333  94.208333  10.063 0.000   6.876 0.000
 96.208333  97.208333   5.909 0.000   5.210 0.000
 99.208333 100.208333   3.777 0.000   2.979 0.000
102.208333 103.208333   3.030 0.000   2.038 0.000
105.208333 106.208333  12.036 0.000   8.635 0.000
108.208333 109.208333   9.947 0.000   4.662 0.000
111.208333 112.208333  14.498 0.000  11.650 0.000
114.208333 115.208333  13.189 0.000   6.331 0.000
117.208333 118.208333   4.286 0.000   3.091 0.000
120.208333 121.208333   9.007 0.000   5.893 0.000
123.208333 124.208333   2.922 0.000   2.729 0.000
126.208333 127.208333   6.628 0.000   4.196 0.000
129.208333 130.208333   4.934 0.000   2.864 0.000
132.208333 133.208333   2.450 0.000   1.649 0.000
135.208333 136.208333   7.052 0.000   4.604 0.000
138.208333 139.208333   1.844 0.000   1.221 0.000
141.208333 142.208333   1.542 0.000   0.670 0.000
144.208333 145.208333   3.372 0.000   1.515 0.000
147.208333 148.208333   1.642 0.000   1.249 0.000
150.208333 151.208333   7.486 0.000   4.936 0.000
153.208333 154.208333  10.546 0.000   4.258 0.000
156.208333 157.208333   8.570 0.000   5.733 0.000
159.208333 160.208333   9.206 0.000   5.243 0.000
162.208333 163.208333   2.902 0.000   1.135 0.000
165.208333 166.208333   8.995 0.000   6.115 0.000
168.208333 169.208333   2.224 0.000   1.368 0.000
171.208333 172.208333   8.065 0.000   5.668 0.000
174.208333 175.208333   2.659 0.000   1.715 0.000
177.208333 178.208333  13.133 0.000   6.920 0.000
180.208333 181.208333   4.766 0.000   2.430 0.000
183.208333 184.208333  14.625 0.000   9.158 0.000
186.208333 187.208333  19.423 0.000   7.650 0.000
189.208333 190.208333   6.050 0.000   3.704 0.000
192.208333 193.208333   7.601 0.000   5.059 0.000
195.208333 196.208333   3.201 0.000   1.622 0.000
198.208333 199.208333   9.474 0.000   5.954 0.000
201.208333 202.208333   4.306 0.000   3.047 0.000
204.208333 205.208333   8.206 0.000   3.612 0.000
207.208333 208.208333  18.414 0.000  15.195 0.000
210.208333 211.208333   9.379 0.000   6.731 0.000
213.208333 214.208333 999.999 0.999 999.999 0.999
216.208333 217.208333 999.999 0.999 999.999 0.999
219.208333 220.208333   9.169 0.000   2.603 0.000
222.208333 223.208333   5.329 0.000   1.398 0.000
225.208333 226.208333  10.093 0.000   4.195 0.000
228.208333 229.208333   8.957 0.000   5.133 0.000
231.208333 232.208333   3.208 0.000   1.104 0.000
234.208333 235.208333  16.405 0.000  11.256 0.000
237.208333 238.208333   3.854 0.000   1.869 0.000
240.208333 241.208333  10.883 0.000   6.587 0.000
243.208333 244.208333  13.141 0.000   5.522 0.000
246.208333 247.208333   2.479 0.000   0.793 0.000
249.208333 250.208333   3.385 0.000   2.052 0.000
252.208333 253.208333   2.128 0.000   1.599 0.000
255.208333 256.208333   5.268 0.000   3.023 0.000
258.208333 259.208333   1.928 0.000   1.333 0.000
261.208333 262.208333   4.214 0.000   2.027 0.000
264.208333 265.208333   2.984 0.000   1.016 0.000
267.208333 268.208333  13.823 0.000   7.214 0.000
270.208333 271.208333   4.037 0.000   2.693 0.000
273.208333 274.208333   1.504 0.000   0.784 0.000
276.208333 277.208333   1.309 0.000   0.630 0.000
279.208333 280.208333   4.770 0.000   2.177 0.000
282.208333 283.208333   6.895 0.000 999.999 0.456
285.208333 286.208333  19.566 0.000  14.263 0.000
288.208333 289.208333   4.313 0.000   2.534 0.000
291.208333 292.208333   4.972 0.000   3.361 0.000
294.208333 295.208333   1.526 0.000   0.920 0.000
297.208333 298.208333   7.242 0.000   5.162 0.000
300.208333 301.208333   1.524 0.000   1.075 0.000
303.208333 304.208333 999.999 0.999 999.999 0.999
306.208333 307.208333   2.141 0.000   1.584 0.000
309.208333 310.208333  20.282 0.000  13.644 0.000
312.208333 313.208333   2.035 0.000   1.065 0.000
315.208333 316.208333   1.832 0.000   1.310 0.000
318.208333 319.208333   1.732 0.000   0.938 0.000
321.208333 322.208333   1.321 0.000   0.683 0.000
324.208333 325.208333   3.139 0.000   0.949 0.000
327.208333 328.208333  20.141 0.000  11.229 0.000
330.208333 331.208333   4.337 0.000   2.824 0.000
333.208333 334.208333   1.750 0.000   1.564 0.000
336.208333 337.208333   3.810 0.000   2.124 0.000
339.208333 340.208333   6.970 0.000   2.532 0.000
342.208333 343.208333   4.486 0.000   2.941 0.000
345.208333 346.208333   8.278 0.000   2.245 0.000
348.208333 349.208333   3.382 0.000   2.564 0.000
351.208333 352.208333   6.385 0.000   5.328 0.000
354.208333 355.208333   2.221 0.000   1.381 0.000
357.208333 358.208333   7.405 0.000   4.240 0.000
360.208333 361.208333  18.474 0.000   4.885 0.000
363.208333 364.208333   8.193 0.000   4.695 0.000
