scripts/IMPROVE-2019_partial/data/US0088R.20060102070000.20191216000000.filterpack..pm25.52w.1w.US03L_filterpack_US0088.US03L_IMPROVE_Davis.lev2.nas
66 1001
MISSING INFORMATION
US03L, IMPROVE, , , , , , , 
MISSING INFORMATION
IMPROVE sel_HTAP
1 1
2006 01 01 2019 12 16
3.000000
days from file reference point
27
1 1 1 1 1 1 1 1 1 1 1 1 1 1 1 1 1 1 1 1 1 1 1 1 1 1 1
999.999999 9999.99 9.999 99.99 9.999999 9.999 9.999999 99.99 9.999999 9.999 9.999 99.999 9.999 999.999 9.999 999.99 9.999999 999.999 9.999 999.999 9.999 999.999 9.999 9.999 9.999 9.999 9.999
end_time of measurement, days from the file reference point
iron, ng/m3, Revision date=20181210133000
numflag iron, no unit, Revision date=20181210133000
lead, ng/m3, Revision date=20181210133000
numflag lead, no unit, Revision date=20181210133000
magnesium, ug/m3, Revision date=20181210133000
numflag magnesium, no unit, Revision date=20181210133000
nickel, ng/m3, Revision date=20181210133000
numflag nickel, no unit, Revision date=20181210133000
nitrate, ug N/m3, Revision date=20181210133000
numflag nitrate, no unit, Revision date=20181210133000
organic_carbon, ug C/m3, Revision date=20181210133000
numflag organic_carbon, no unit, Revision date=20181210133000
organic_mass, ug/m3, Revision date=20181210133000
numflag organic_mass, no unit, Revision date=20181210133000
phosphorus, ng/m3, Revision date=20181210133000
numflag phosphorus, no unit, Revision date=20181210133000
pm10_mass, ug/m3, Version=2, Version description=Data extracted from http://views.cira.colostate.edu/fed/DataWizard 2019-12-16, Sample duration=1d, Orig. time res.=3d, Matrix=pm10, Blank correction=Blank corrected, Volume std. temperature=ambient, Volume std. pressure=ambient
numflag pm10_mass, no unit, Version=2, Version description=Data extracted from http://views.cira.colostate.edu/fed/DataWizard 2019-12-16, Sample duration=1d, Orig. time res.=3d, Matrix=pm10, Blank correction=Blank corrected, Volume std. temperature=ambient, Volume std. pressure=ambient
pm10_pm25_mass, ug/m3, Revision date=20181210133000, Matrix=pm10_pm25
numflag pm10_pm25_mass, no unit, Revision date=20181210133000, Matrix=pm10_pm25
pm25_mass, ug/m3, Version=2, Version description=Data extracted from http://views.cira.colostate.edu/fed/DataWizard 2019-12-16, Sample duration=1d, Orig. time res.=3d, Blank correction=Blank corrected, Volume std. temperature=ambient, Volume std. pressure=ambient
numflag pm25_mass, no unit, Version=2, Version description=Data extracted from http://views.cira.colostate.edu/fed/DataWizard 2019-12-16, Sample duration=1d, Orig. time res.=3d, Blank correction=Blank corrected, Volume std. temperature=ambient, Volume std. pressure=ambient
potassium, ug/m3, Revision date=20181210133000
numflag potassium, no unit, Revision date=20181210133000
sulphate_total, ug S/m3, Revision date=20181210133000
numflag sulphate_total, no unit, Revision date=20181210133000
0
25
Data definition:              EBAS_1.1
Set type code:                TU
Timezone:                     UTC
File name:                    US0088R.20060102070000.20191216000000.filterpack..pm25.52w.1w.US03L_filterpack_US0088.US03L_IMPROVE_Davis.lev2.nas
File creation:                20191218120120
Startdate:                    20060102070000
Revision date:                20191216000000
Statistics:                   arithmetic mean
Data level:                   2
Period code:                  52w
Resolution code:              1w
Station code:                 US0088R
Platform code:                US0088S
Station name:                 Cloud Peak
Station latitude:             44.3335
Station longitude:            -106.9565
Station altitude:             2470.0 m
Regime:                       IMG
Component:                    
Matrix:                       pm25
Laboratory code:              US03L
Instrument type:              filterpack
Instrument name:              filterpack_US0088
Method ref:                   US03L_IMPROVE_Davis
starttime endtime Fe flag_Fe Pb flag_Pb Mg++ flag_Mg++ Ni flag_Ni NO3- flag_NO3- OC flag_OC OM flag_OM P flag_P PM10 flag_PM10 PM10-PM2.5 flag_PM10-PM2.5 PM2.5 flag_PM2.5 K+ flag_K+ SO4-- flag_SO4--
[from data line 80]
241.291667 242.291667   32.72 0.000  0.46 0.000000 0.014 0.000000 99.99 0.259000 0.046 0.000  1.541 0.000   2.774 0.000 999.99 0.259000   9.903 0.000   4.945 0.000   4.958 0.000 0.055 0.000 0.153 0.000
244.291667 245.291667   21.26 0.000  0.25 0.000000 0.008 0.000000  0.09 0.000000 0.027 0.559  1.274 0.000   2.294 0.000 999.99 0.259000   6.694 0.000   2.735 0.000   3.959 0.000 0.027 0.000 0.166 0.559
247.291667 248.291667   27.28 0.000  0.36 0.000000 9.999 0.259000  3.65 0.000000 0.015 0.559  1.072 0.000   1.930 0.000 999.99 0.259000   6.785 0.000   2.975 0.000   3.810 0.000 0.036 0.000 0.162 0.559
250.291667 251.291667   58.78 0.000  0.30 0.000000 9.999 0.259000 99.99 0.259000 0.038 0.000  2.367 0.000   4.261 0.000 999.99 0.259000  14.567 0.000   7.137 0.000   7.430 0.000 0.062 0.000 0.265 0.000
253.291667 254.291667   42.12 0.000  0.60 0.000000 9.999 0.259000  0.15 0.000000 0.026 0.559  3.516 0.000   6.329 0.000 999.99 0.259000  14.867 0.000   5.718 0.000   9.149 0.000 0.068 0.000 0.186 0.559
256.291667 257.291667   58.15 0.000  0.49 0.000000 0.017 0.000000 99.99 0.259000 0.039 0.000  1.633 0.000   2.939 0.000 999.99 0.259000  13.430 0.000   7.251 0.000   6.179 0.000 0.060 0.000 0.229 0.000
259.291667 260.291667 9999.99 0.999 99.99 0.999000 9.999 0.999000 99.99 0.999000 9.999 0.999 99.999 0.999 999.999 0.999 999.99 0.999000 999.999 0.999 999.999 0.999 999.999 0.999 9.999 0.999 9.999 0.999
262.291667 263.291667   13.75 0.000  0.44 0.000000 9.999 0.259000 99.99 0.259000 0.070 0.000  0.765 0.000   1.377 0.000 999.99 0.259000   4.117 0.000   1.157 0.000   2.961 0.000 0.013 0.000 0.141 0.000
265.291667 266.291667    0.55 0.000  0.19 0.000000 9.999 0.259000  0.08 0.000000 0.006 0.000  0.043 0.000   0.077 0.000 999.99 0.259000 999.999 0.259   0.060 0.000   0.274 0.000 9.999 0.259 0.019 0.000
268.291667 269.291667    6.12 0.000  0.12 0.000000 9.999 0.259000 99.99 0.259000 0.008 0.000  0.519 0.000   0.934 0.000 999.99 0.259000   2.242 0.000   0.731 0.000   1.511 0.000 0.008 0.000 0.057 0.000
271.291667 272.291667   23.59 0.000  0.44 0.000000 0.009 0.000000 99.99 0.259000 0.008 0.000  1.268 0.000   2.283 0.000 999.99 0.259000   4.825 0.000   1.782 0.000   3.043 0.000 0.029 0.000 0.090 0.000
274.291667 275.291667   15.52 0.000  0.40 0.000000 9.999 0.259000 99.99 0.259000 0.014 0.000  0.444 0.000   0.799 0.000 999.99 0.259000   3.810 0.000   2.523 0.000   1.287 0.000 0.017 0.000 0.131 0.000
277.291667 278.291667    8.48 0.000  0.42 0.000000 9.999 0.259000 99.99 0.259000 0.007 0.000  0.209 0.000   0.377 0.000 999.99 0.259000   2.594 0.000   1.247 0.000   1.347 0.000 0.009 0.000 0.200 0.000
280.291667 281.291667    1.50 0.000  0.17 0.000000 9.999 0.259000 99.99 0.259000 0.031 0.000  0.019 0.000   0.034 0.000 999.99 0.259000   0.085 0.000   0.061 0.000 999.999 0.259 0.002 0.000 0.045 0.000
283.291667 284.291667 9999.99 0.999 99.99 0.999000 9.999 0.999000 99.99 0.999000 9.999 0.999 99.999 0.999 999.999 0.999 999.99 0.999000 999.999 0.999 999.999 0.999 999.999 0.999 9.999 0.999 9.999 0.999
286.291667 287.291667   23.91 0.000  0.38 0.000000 9.999 0.259000  0.25 0.000000 0.005 0.000  0.475 0.000   0.856 0.000 999.99 0.259000   1.835 0.000 999.999 0.259   1.845 0.000 0.017 0.000 0.062 0.000
289.291667 290.291667    1.39 0.000  0.14 0.000000 9.999 0.259000 99.99 0.259000 0.005 0.000 99.999 0.259 999.999 0.259 999.99 0.259000   0.130 0.000   0.061 0.000 999.999 0.259 0.003 0.000 0.010 0.000
292.291667 293.291667    1.78 0.000 99.99 0.259000 0.012 0.000000 99.99 0.259000 0.002 0.000  0.078 0.000   0.140 0.000 999.99 0.259000   1.634 0.000   1.479 0.000   0.217 0.000 0.002 0.000 0.061 0.000
295.291667 296.291667   25.45 0.000  0.95 0.000000 0.015 0.000000 99.99 0.259000 0.009 0.000  0.132 0.000   0.237 0.000 999.99 0.259000   1.835 0.000   0.725 0.000   1.110 0.000 0.017 0.000 0.108 0.000
298.291667 299.291667    6.86 0.000  0.55 0.000000 0.004 0.000000 99.99 0.259000 0.006 0.000  0.327 0.000   0.588 0.000 999.99 0.259000   2.019 0.000   0.598 0.000   1.421 0.000 0.010 0.000 0.170 0.000
301.291667 302.291667    8.54 0.000  0.58 0.000000 9.999 0.259000  0.11 0.000000 0.007 0.000  0.182 0.000   0.328 0.000 999.99 0.259000   1.835 0.000   0.747 0.000   1.088 0.000 0.010 0.000 0.194 0.000
304.291667 305.291667    5.15 0.000  0.31 0.000000 9.999 0.259000 99.99 0.259000 0.057 0.000  0.999 0.000   1.798 0.000 999.99 0.259000   3.478 0.000   0.696 0.000   2.783 0.000 0.025 0.000 0.145 0.000
307.291667 308.291667    2.24 0.000  0.20 0.000000 9.999 0.259000 99.99 0.259000 0.002 0.000  0.072 0.000   0.129 0.000 999.99 0.259000   0.813 0.000   0.289 0.000   0.524 0.000 0.002 0.000 0.023 0.000
310.291667 311.291667    3.83 0.000  0.19 0.000000 9.999 0.259000 99.99 0.259000 0.001 0.000  0.006 0.000   0.011 0.000 999.99 0.259000 999.999 0.456 999.999 0.999   0.467 0.000 0.003 0.000 0.027 0.000
313.291667 314.291667    2.65 0.000  0.26 0.000000 9.999 0.259000 99.99 0.259000 0.002 0.000  0.093 0.000   0.167 0.000 999.99 0.259000   1.289 0.000   0.548 0.000   0.742 0.000 0.003 0.000 0.065 0.000
316.291667 317.291667    8.10 0.000  0.64 0.000000 9.999 0.259000 99.99 0.259000 0.005 0.000  0.116 0.000   0.208 0.000 999.99 0.259000   4.734 0.000   3.331 0.000   1.403 0.000 0.011 0.000 0.180 0.000
319.291667 320.291667    6.19 0.000  0.48 0.000000 9.999 0.259000  0.24 0.000000 0.001 0.000  0.043 0.000   0.078 0.000 999.99 0.259000   1.454 0.000   0.619 0.000   0.835 0.000 0.006 0.000 0.071 0.000
322.291667 323.291667    5.86 0.000  0.56 0.000000 9.999 0.259000 99.99 0.259000 0.004 0.000  0.055 0.000   0.100 0.000 999.99 0.259000   1.669 0.000   0.531 0.000   1.137 0.000 0.008 0.000 0.118 0.000
325.291667 326.291667   27.20 0.000  0.49 0.000000 9.999 0.259000 99.99 0.259000 0.030 0.000  0.224 0.000   0.404 0.000 999.99 0.259000   7.106 0.000   5.347 0.000   1.759 0.000 0.019 0.000 0.139 0.000
328.291667 329.291667    5.50 0.000  0.59 0.000000 9.999 0.259000 99.99 0.259000 0.004 0.000  0.142 0.000   0.256 0.000 999.99 0.259000   1.206 0.000   0.439 0.000   0.767 0.000 0.007 0.000 0.107 0.000
331.291667 332.291667    5.25 0.000  0.31 0.000000 9.999 0.259000 99.99 0.259000 0.133 0.000  0.215 0.000   0.387 0.000 999.99 0.259000   2.227 0.000   0.334 0.000   1.893 0.000 0.014 0.000 0.200 0.000
334.291667 335.291667    2.83 0.000  0.30 0.000000 9.999 0.259000 99.99 0.259000 0.016 0.000  0.196 0.000   0.354 0.000 999.99 0.259000   1.478 0.000   0.908 0.000   0.570 0.000 0.004 0.000 0.074 0.000
337.291667 338.291667    3.69 0.000  0.32 0.000000 9.999 0.259000 99.99 0.259000 0.001 0.000  0.019 0.000   0.034 0.000 999.99 0.259000   0.730 0.000   0.348 0.000   0.382 0.000 0.003 0.000 0.051 0.000
340.291667 341.291667    4.37 0.000  0.39 0.000000 9.999 0.259000 99.99 0.259000 0.002 0.000  0.060 0.000   0.108 0.000 999.99 0.259000   0.815 0.000   0.657 0.000   0.252 0.000 0.003 0.000 0.034 0.000
343.291667 344.291667   10.64 0.000  0.28 0.000000 9.999 0.259000 99.99 0.259000 0.015 0.000  0.287 0.000   0.516 0.000 999.99 0.259000   1.632 0.000   0.705 0.000   0.927 0.000 0.008 0.000 0.055 0.000
346.291667 347.291667 9999.99 0.999 99.99 0.999000 9.999 0.999000 99.99 0.999000 9.999 0.999 99.999 0.999 999.999 0.999 999.99 0.999000 999.999 0.999 999.999 0.999 999.999 0.999 9.999 0.999 9.999 0.999
349.291667 350.291667    2.61 0.000  0.23 0.000000 9.999 0.259000 99.99 0.259000 0.011 0.000  0.123 0.000   0.222 0.000 999.99 0.259000   0.609 0.000   0.300 0.000   0.309 0.000 0.002 0.000 0.019 0.000
352.291667 353.291667    8.08 0.000  0.56 0.000000 9.999 0.259000 99.99 0.259000 0.003 0.000  0.180 0.000   0.324 0.000 999.99 0.259000   1.291 0.000   0.675 0.000   0.616 0.000 0.007 0.000 0.064 0.000
355.291667 356.291667    4.01 0.000  0.80 0.000000 0.008 0.000000 99.99 0.259000 0.007 0.000  0.262 0.000   0.472 0.000 999.99 0.259000   1.682 0.000   1.372 0.000   0.309 0.000 0.004 0.000 0.032 0.000
358.291667 359.291667    2.69 0.000  0.18 0.000000 9.999 0.259000 99.99 0.259000 0.001 0.000  0.084 0.000   0.151 0.000 999.99 0.259000   0.643 0.000   0.214 0.000   0.429 0.000 0.002 0.000 0.069 0.000
361.291667 362.291667    2.72 0.000  0.17 0.000000 9.999 0.259000 99.99 0.259000 0.005 0.000  0.203 0.000   0.365 0.000 999.99 0.259000   1.165 0.000   0.575 0.000   0.590 0.000 0.003 0.000 0.078 0.000
364.291667 365.291667    3.45 0.000  0.64 0.000000 9.999 0.259000  0.13 0.000000 0.002 0.000  0.117 0.000   0.210 0.000 999.99 0.259000   0.819 0.000   0.203 0.000   0.616 0.000 0.004 0.000 0.068 0.000
