scripts/IMPROVE-2019_partial/data/US0097R.20040101080000.20191216000000.filterpack..pm25.52w.1w.US03L_filterpack_US0097.US03L_IMPROVE_Davis.lev2.nas
66 1001
MISSING INFORMATION
US03L, IMPROVE, , , , , , , 
MISSING INFORMATION
IMPROVE sel_HTAP
1 1
2004 01 01 2019 12 16
3.000000
days from file reference point
27
1 1 1 1 1 1 1 1 1 1 1 1 1 1 1 1 1 1 1 1 1 1 1 1 1 1 1
999.999999 999.99 9.999 99.99 9.999999 9.999 9.999999 9.99 9.999999 9.999 9.999999 99.999 9.999 99.999 9.999 999.99 9.999999 999.999 9.999 999.999 9.999 999.999 9.999 9.999 9.999 9.999 9.999999
end_time of measurement, days from the file reference point
iron, ng/m3, Revision date=20181210133000
numflag iron, no unit, Revision date=20181210133000
lead, ng/m3, Revision date=20181210133000
numflag lead, no unit, Revision date=20181210133000
magnesium, ug/m3, Revision date=20181210133000
numflag magnesium, no unit, Revision date=20181210133000
nickel, ng/m3, Revision date=20181210133000
numflag nickel, no unit, Revision date=20181210133000
nitrate, ug N/m3, Revision date=20181210133000
numflag nitrate, no unit, Revision date=20181210133000
organic_carbon, ug C/m3, Revision date=20181210133000
numflag organic_carbon, no unit, Revision date=20181210133000
organic_mass, ug/m3, Revision date=20181210133000
numflag organic_mass, no unit, Revision date=20181210133000
phosphorus, ng/m3, Revision date=20181210133000
numflag phosphorus, no unit, Revision date=20181210133000
pm10_mass, ug/m3, Version=2, Version description=Data extracted from http://views.cira.colostate.edu/fed/DataWizard 2019-12-16, Sample duration=1d, Orig. time res.=3d, Matrix=pm10, Blank correction=Blank corrected, Volume std. temperature=ambient, Volume std. pressure=ambient
numflag pm10_mass, no unit, Version=2, Version description=Data extracted from http://views.cira.colostate.edu/fed/DataWizard 2019-12-16, Sample duration=1d, Orig. time res.=3d, Matrix=pm10, Blank correction=Blank corrected, Volume std. temperature=ambient, Volume std. pressure=ambient
pm10_pm25_mass, ug/m3, Revision date=20181210133000, Matrix=pm10_pm25
numflag pm10_pm25_mass, no unit, Revision date=20181210133000, Matrix=pm10_pm25
pm25_mass, ug/m3, Version=2, Version description=Data extracted from http://views.cira.colostate.edu/fed/DataWizard 2019-12-16, Sample duration=1d, Orig. time res.=3d, Blank correction=Blank corrected, Volume std. temperature=ambient, Volume std. pressure=ambient
numflag pm25_mass, no unit, Version=2, Version description=Data extracted from http://views.cira.colostate.edu/fed/DataWizard 2019-12-16, Sample duration=1d, Orig. time res.=3d, Blank correction=Blank corrected, Volume std. temperature=ambient, Volume std. pressure=ambient
potassium, ug/m3, Revision date=20181210133000
numflag potassium, no unit, Revision date=20181210133000
sulphate_total, ug S/m3, Revision date=20181210133000
numflag sulphate_total, no unit, Revision date=20181210133000
0
25
Data definition:              EBAS_1.1
Set type code:                TU
Timezone:                     UTC
File name:                    US0097R.20040101080000.20191216000000.filterpack..pm25.52w.1w.US03L_filterpack_US0097.US03L_IMPROVE_Davis.lev2.nas
File creation:                20191218120201
Startdate:                    20040101080000
Revision date:                20191216000000
Statistics:                   arithmetic mean
Data level:                   2
Period code:                  52w
Resolution code:              1w
Station code:                 US0097R
Platform code:                US0097S
Station name:                 Redwood NP
Station latitude:             41.5608
Station longitude:            -124.0839
Station altitude:             243.0 m
Regime:                       IMG
Component:                    
Matrix:                       pm25
Laboratory code:              US03L
Instrument type:              filterpack
Instrument name:              filterpack_US0097
Method ref:                   US03L_IMPROVE_Davis
starttime endtime Fe flag_Fe Pb flag_Pb Mg++ flag_Mg++ Ni flag_Ni NO3- flag_NO3- OC flag_OC OM flag_OM P flag_P PM10 flag_PM10 PM10-PM2.5 flag_PM10-PM2.5 PM2.5 flag_PM2.5 K+ flag_K+ SO4-- flag_SO4--
[from data line 79]
237.333333 238.333333   0.51 0.559 99.99 0.559259 9.999 0.559259 0.25 0.559000 0.021 0.559000  0.180 0.000  0.253 0.000 999.99 0.559259   4.240 0.000   2.554 0.000   1.686 0.559 0.012 0.559 0.215 0.559000
240.333333 241.333333  11.49 0.000  0.39 0.000000 9.999 0.259000 9.99 0.259000 0.085 0.559000  1.386 0.000  1.940 0.000 999.99 0.259000  18.048 0.000  10.816 0.000   7.233 0.000 0.075 0.000 0.273 0.559000
243.333333 244.333333   0.44 0.559  0.27 0.559000 0.030 0.559000 9.99 0.559259 0.009 0.559000  0.108 0.000  0.151 0.000 999.99 0.559259   0.955 0.000   0.581 0.000   0.374 0.559 0.004 0.559 0.028 0.559000
246.333333 247.333333   7.29 0.000  0.12 0.000000 9.999 0.259000 0.23 0.000000 0.065 0.559000  4.757 0.000  6.659 0.000 999.99 0.259000  15.525 0.000   5.367 0.000  10.158 0.000 0.070 0.000 0.299 0.559000
249.333333 250.333333  12.76 0.000  0.70 0.000000 9.999 0.259000 0.19 0.000000 0.123 0.559000  2.133 0.000  2.986 0.000 999.99 0.259000  14.471 0.000   6.604 0.000   7.867 0.000 0.065 0.000 0.284 0.559000
252.333333 253.333333   5.34 0.394 99.99 0.394259 9.999 0.394259 0.28 0.394000 0.058 0.559394  0.752 0.000  1.053 0.000 999.99 0.394259   7.240 0.000   4.465 0.000   2.775 0.000 0.021 0.394 0.190 0.559394
255.333333 256.333333   3.36 0.000 99.99 0.259000 9.999 0.259000 0.41 0.000000 0.060 0.000000  0.471 0.000  0.659 0.000 999.99 0.259000  10.049 0.000   5.852 0.000   4.197 0.000 0.033 0.000 0.218 0.000000
258.333333 259.333333   2.90 0.000 99.99 0.259000 9.999 0.259000 0.14 0.000000 0.054 0.000000  0.439 0.000  0.614 0.000   5.46 0.000000   6.659 0.000   3.353 0.000   3.305 0.000 0.026 0.000 0.197 0.000000
261.333333 262.333333   0.86 0.000 99.99 0.259000 9.999 0.259000 0.08 0.000000 0.055 0.000000  0.315 0.000  0.441 0.000 999.99 0.259000   5.999 0.000   3.856 0.000   2.144 0.000 0.015 0.000 0.108 0.000000
264.333333 265.333333   3.39 0.000  0.52 0.000000 0.089 0.000000 0.14 0.000000 0.058 0.000000  0.710 0.000  0.995 0.000 999.99 0.259000   5.471 0.000   3.084 0.000   2.388 0.000 0.017 0.000 0.152 0.000000
267.333333 268.333333   4.40 0.000  0.61 0.000000 0.095 0.000000 9.99 0.259000 0.051 0.000000  0.758 0.000  1.061 0.000 999.99 0.259000   4.085 0.000   1.639 0.000   2.446 0.000 0.019 0.000 0.173 0.000000
270.333333 271.333333   4.63 0.000  0.81 0.000000 9.999 0.259000 0.34 0.000000 0.096 0.000000  1.008 0.000  1.412 0.000 999.99 0.259000   6.986 0.000   2.849 0.000   4.136 0.000 0.030 0.000 0.414 0.000000
273.333333 274.333333   5.10 0.000  0.21 0.000000 0.062 0.000000 9.99 0.259000 0.122 0.000000  0.774 0.000  1.083 0.000   3.70 0.000000  11.234 0.000   5.552 0.000   5.682 0.000 0.044 0.000 0.271 0.000000
276.333333 277.333333  12.69 0.000  0.62 0.000000 0.076 0.000000 0.35 0.000000 0.055 0.559000  1.395 0.000  1.953 0.000 999.99 0.259000   6.369 0.000   1.559 0.000   4.810 0.000 0.034 0.000 0.396 0.559000
279.333333 280.333333   7.15 0.000  0.56 0.000000 9.999 0.259000 9.99 0.259000 0.023 0.000000  0.444 0.000  0.622 0.000   3.87 0.000000   4.044 0.000   1.880 0.000   2.164 0.000 0.016 0.000 0.132 0.000000
282.333333 283.333333  14.41 0.000 99.99 0.259000 9.999 0.259000 0.27 0.000000 0.025 0.000000  0.312 0.000  0.436 0.000 999.99 0.259000   6.739 0.000   3.462 0.000   3.277 0.000 0.023 0.000 0.108 0.000000
285.333333 286.333333   9.14 0.000 99.99 0.259000 9.999 0.259000 0.11 0.000000 0.017 0.000000  0.855 0.000  1.196 0.000   2.54 0.000000   5.014 0.000   2.350 0.000   2.664 0.000 0.028 0.000 0.079 0.000000
288.333333 289.333333  33.88 0.394  0.83 0.394000 9.999 0.394259 0.12 0.394000 0.216 0.394000  1.941 0.000  2.717 0.000 999.99 0.394259  19.450 0.000   9.844 0.000   9.607 0.000 0.103 0.394 0.242 0.394000
291.333333 292.333333   1.28 0.000  0.55 0.000000 0.152 0.000000 9.99 0.259000 0.015 0.000000  1.040 0.000  1.456 0.000 999.99 0.259000   6.328 0.000   3.465 0.000   2.863 0.000 0.028 0.000 0.070 0.000000
294.333333 295.333333   1.84 0.000  0.17 0.000000 9.999 0.259000 9.99 0.259000 0.051 0.000000  2.338 0.000  3.273 0.000 999.99 0.259000   9.425 0.000   3.602 0.000   5.822 0.000 0.054 0.000 0.132 0.000000
297.333333 298.333333   3.00 0.000  1.11 0.000000 0.101 0.000000 9.99 0.259000 0.031 0.000000  0.912 0.000  1.277 0.000 999.99 0.259000   7.273 0.000   3.756 0.000   3.517 0.000 0.037 0.000 0.150 0.000000
300.333333 301.333333   2.07 0.000 99.99 0.259000 9.999 0.259000 0.17 0.000000 0.059 0.000000  1.520 0.000  2.128 0.000 999.99 0.259000   9.011 0.000   4.584 0.000   4.428 0.000 0.059 0.000 0.077 0.000000
303.333333 304.333333   5.91 0.000  0.63 0.000000 9.999 0.259000 9.99 0.259000 0.032 0.000000  1.687 0.000  2.361 0.000 999.99 0.259000   9.962 0.000   4.406 0.000   5.556 0.000 0.089 0.000 0.214 0.000000
306.333333 307.333333   3.35 0.000 99.99 0.259000 9.999 0.259000 9.99 0.259000 0.034 0.000000  1.013 0.000  1.418 0.000 999.99 0.259000   8.660 0.000   4.888 0.000   3.772 0.000 0.040 0.000 0.099 0.000000
309.333333 310.333333 999.99 0.456 99.99 0.456000 9.999 0.456000 9.99 0.456000 9.999 0.456000 99.999 0.999 99.999 0.999 999.99 0.456000 999.999 0.456 999.999 0.999 999.999 0.456 9.999 0.456 9.999 0.456000
312.333333 313.333333   6.13 0.000  1.07 0.000000 0.063 0.000000 0.16 0.000000 0.075 0.000000  3.649 0.000  5.108 0.000 999.99 0.259000  11.670 0.000   2.512 0.000   9.158 0.000 0.095 0.000 0.264 0.000000
315.333333 316.333333   2.94 0.000  0.70 0.000000 9.999 0.259000 0.11 0.000000 0.045 0.000000  4.309 0.000  6.032 0.000   6.88 0.000000  12.318 0.000   3.069 0.000   9.249 0.000 0.090 0.000 0.112 0.000000
318.333333 319.333333   2.49 0.000  0.38 0.000000 0.087 0.000000 9.99 0.259000 0.028 0.000000  1.751 0.000  2.452 0.000 999.99 0.259000   9.739 0.000   5.169 0.000   4.569 0.000 0.044 0.000 0.141 0.000000
321.333333 322.333333 999.99 0.456 99.99 0.456000 9.999 0.456000 9.99 0.456000 9.999 0.456000 99.999 0.999 99.999 0.999 999.99 0.456000 999.999 0.456 999.999 0.999 999.999 0.456 9.999 0.456 9.999 0.456000
324.333333 325.333333   5.90 0.000  0.51 0.000000 9.999 0.259000 9.99 0.259000 9.999 0.456000  1.174 0.000  1.644 0.000 999.99 0.259000   7.027 0.000   3.196 0.000   3.831 0.000 0.042 0.000 9.999 0.456000
327.333333 328.333333   3.90 0.000  0.61 0.000000 9.999 0.259000 9.99 0.259000 9.999 0.456000  3.660 0.000  5.125 0.000 999.99 0.259000  11.657 0.000   3.446 0.000   8.210 0.000 0.082 0.000 9.999 0.456000
330.333333 331.333333   1.71 0.000 99.99 0.259000 9.999 0.259000 9.99 0.259000 0.008 0.000000  0.293 0.000  0.411 0.000 999.99 0.259000   1.972 0.000   1.347 0.000   0.626 0.000 0.007 0.000 0.023 0.000000
333.333333 334.333333   4.34 0.000  1.16 0.000000 9.999 0.259000 9.99 0.259000 0.032 0.000000  0.649 0.000  0.909 0.000 999.99 0.259000   4.506 0.000   2.606 0.000   1.899 0.000 0.023 0.000 0.064 0.000000
336.333333 337.333333   4.07 0.000  0.57 0.000000 9.999 0.259000 0.24 0.000000 0.034 0.000000  1.823 0.000  2.552 0.000 999.99 0.259000   8.722 0.000   3.649 0.000   5.072 0.000 0.061 0.000 0.192 0.000000
339.333333 340.333333   6.99 0.000  0.70 0.000000 9.999 0.259000 9.99 0.259000 0.102 0.000000  0.885 0.000  1.240 0.000 999.99 0.259000  14.261 0.000   8.287 0.000   5.974 0.000 0.058 0.000 0.212 0.000000
342.333333 343.333333   0.64 0.000 99.99 0.259000 9.999 0.259000 0.19 0.000000 0.004 0.000000  0.080 0.000  0.111 0.000   1.39 0.000000   1.552 0.000   0.924 0.000   0.629 0.000 0.003 0.000 0.022 0.000000
345.333333 346.333333   3.11 0.000  0.63 0.000000 9.999 0.259000 9.99 0.259000 0.020 0.000000  0.649 0.000  0.909 0.000   4.51 0.000000   7.149 0.000   4.923 0.000   2.226 0.000 0.026 0.000 0.081 0.000000
348.333333 349.333333   0.77 0.000  0.09 0.000000 9.999 0.259000 9.99 0.259000 0.025 0.000000  0.200 0.000  0.279 0.000 999.99 0.259000   5.997 0.000   3.511 0.000   2.485 0.000 0.022 0.000 0.075 0.000000
351.333333 352.333333   6.11 0.000  0.23 0.000000 0.052 0.000000 9.99 0.259000 0.020 0.000000  0.842 0.000  1.179 0.000   3.80 0.000000   6.250 0.000   3.579 0.000   2.671 0.000 0.026 0.000 0.051 0.000000
354.333333 355.333333   3.08 0.000  0.42 0.000000 9.999 0.259000 9.99 0.259000 0.039 0.000000  0.637 0.000  0.892 0.000   8.26 0.000000   7.150 0.000   4.242 0.000   2.908 0.000 0.036 0.000 0.086 0.000000
357.333333 358.333333   2.88 0.000  0.47 0.000000 9.999 0.259000 9.99 0.259000 0.011 0.000000  0.597 0.000  0.836 0.000 999.99 0.259000   4.150 0.000   2.429 0.000   1.721 0.000 0.018 0.000 0.065 0.000000
360.333333 361.333333   0.41 0.000  0.25 0.000000 0.105 0.000000 9.99 0.259000 0.003 0.000000  0.086 0.000  0.121 0.000 999.99 0.259000   0.986 0.000   0.717 0.000   0.269 0.000 0.004 0.000 0.019 0.000000
363.333333 364.333333   0.60 0.000  0.44 0.000000 9.999 0.259000 9.99 0.259000 0.007 0.000000  0.337 0.000  0.471 0.000 999.99 0.259000   1.389 0.000   0.878 0.000   0.511 0.000 0.008 0.000 0.017 0.000000
