scripts/IMPROVE-2019_partial/data/US0055R.20010101070000.20191216000000.filterpack..pm25.52w.1w.US03L_filterpack_US0055.US03L_IMPROVE_Davis.lev2.nas
64 1001
MISSING INFORMATION
US03L, IMPROVE, , , , , , , 
MISSING INFORMATION
IMPROVE sel_HTAP
1 1
2001 01 01 2019 12 16
3.000000
days from file reference point
25
1 1 1 1 1 1 1 1 1 1 1 1 1 1 1 1 1 1 1 1 1 1 1 1 1
999.999999 9999.99 9.999 99.99 9.999999 9.999 9.999999 999.99 9.999999 9.999 9.999 99.999 9.999 999.999 9.999 999.999 9.999 999.999 9.999 999.999 9.999 9.999 9.999 9.999 9.999
end_time of measurement, days from the file reference point
iron, ng/m3, Revision date=20181210133000
numflag iron, no unit, Revision date=20181210133000
lead, ng/m3, Revision date=20181210133000
numflag lead, no unit, Revision date=20181210133000
magnesium, ug/m3, Revision date=20181210133000
numflag magnesium, no unit, Revision date=20181210133000
nickel, ng/m3, Revision date=20181210133000
numflag nickel, no unit, Revision date=20181210133000
nitrate, ug N/m3, Revision date=20181210133000
numflag nitrate, no unit, Revision date=20181210133000
organic_carbon, ug C/m3, Revision date=20181210133000
numflag organic_carbon, no unit, Revision date=20181210133000
organic_mass, ug/m3, Revision date=20181210133000
numflag organic_mass, no unit, Revision date=20181210133000
pm10_mass, ug/m3, Version=2, Version description=Data extracted from http://views.cira.colostate.edu/fed/DataWizard 2019-12-16, Sample duration=1d, Orig. time res.=3d, Matrix=pm10, Blank correction=Blank corrected, Volume std. temperature=ambient, Volume std. pressure=ambient
numflag pm10_mass, no unit, Version=2, Version description=Data extracted from http://views.cira.colostate.edu/fed/DataWizard 2019-12-16, Sample duration=1d, Orig. time res.=3d, Matrix=pm10, Blank correction=Blank corrected, Volume std. temperature=ambient, Volume std. pressure=ambient
pm10_pm25_mass, ug/m3, Revision date=20181210133000, Matrix=pm10_pm25
numflag pm10_pm25_mass, no unit, Revision date=20181210133000, Matrix=pm10_pm25
pm25_mass, ug/m3, Version=2, Version description=Data extracted from http://views.cira.colostate.edu/fed/DataWizard 2019-12-16, Sample duration=1d, Orig. time res.=3d, Blank correction=Blank corrected, Volume std. temperature=ambient, Volume std. pressure=ambient
numflag pm25_mass, no unit, Version=2, Version description=Data extracted from http://views.cira.colostate.edu/fed/DataWizard 2019-12-16, Sample duration=1d, Orig. time res.=3d, Blank correction=Blank corrected, Volume std. temperature=ambient, Volume std. pressure=ambient
potassium, ug/m3, Revision date=20181210133000
numflag potassium, no unit, Revision date=20181210133000
sulphate_total, ug S/m3, Revision date=20181210133000
numflag sulphate_total, no unit, Revision date=20181210133000
0
25
Data definition:              EBAS_1.1
Set type code:                TU
Timezone:                     UTC
File name:                    US0055R.20010101070000.20191216000000.filterpack..pm25.52w.1w.US03L_filterpack_US0055.US03L_IMPROVE_Davis.lev2.nas
File creation:                20191218115848
Startdate:                    20010101070000
Revision date:                20191216000000
Statistics:                   arithmetic mean
Data level:                   2
Period code:                  52w
Resolution code:              1w
Station code:                 US0055R
Platform code:                US0055S
Station name:                 Cabinet Mountains
Station latitude:             47.9549
Station longitude:            -115.6709
Station altitude:             1441.0 m
Regime:                       IMG
Component:                    
Matrix:                       pm25
Laboratory code:              US03L
Instrument type:              filterpack
Instrument name:              filterpack_US0055
Method ref:                   US03L_IMPROVE_Davis
starttime endtime Fe flag_Fe Pb flag_Pb Mg++ flag_Mg++ Ni flag_Ni NO3- flag_NO3- OC flag_OC OM flag_OM PM10 flag_PM10 PM10-PM2.5 flag_PM10-PM2.5 PM2.5 flag_PM2.5 K+ flag_K+ SO4-- flag_SO4--
[from data line 86]
258.291667 259.291667   78.76 0.559  0.39 0.559000 9.999 0.559259   0.72 0.559000 0.018 0.000  2.549 0.000   3.568 0.000   8.949 0.000   2.005 0.000   6.944 0.559 0.054 0.559 0.235 0.000
261.291667 262.291667   89.41 0.559  0.48 0.559000 9.999 0.559259   0.30 0.559000 0.039 0.000  2.551 0.000   3.571 0.000  17.931 0.000  11.443 0.000   6.488 0.559 0.147 0.559 0.195 0.000
264.291667 265.291667   84.50 0.000  0.66 0.000000 9.999 0.259000 999.99 0.259000 0.021 0.000  0.815 0.000   1.140 0.000  13.487 0.000   9.917 0.000   3.570 0.000 0.047 0.000 0.194 0.000
267.291667 268.291667  493.05 0.000  1.34 0.000000 9.999 0.259000 999.99 0.259000 0.032 0.000  1.763 0.000   2.468 0.000  45.874 0.000  33.415 0.000  12.459 0.000 0.203 0.000 0.207 0.000
270.291667 271.291667   67.84 0.000  0.87 0.000000 9.999 0.259000   0.55 0.000000 0.047 0.000  0.619 0.000   0.867 0.000   3.601 0.000   0.310 0.000   3.291 0.000 0.040 0.000 0.158 0.000
273.291667 274.291667   32.06 0.000  0.58 0.000000 9.999 0.259000 999.99 0.259000 0.015 0.559  1.364 0.000   1.909 0.000   6.177 0.000   2.907 0.000   3.270 0.000 0.033 0.000 0.109 0.559
276.291667 277.291667   46.18 0.000 99.99 0.259000 9.999 0.259000 999.99 0.259000 0.023 0.000  0.959 0.000   1.343 0.000   7.203 0.000   3.652 0.000   3.551 0.000 0.032 0.000 0.159 0.000
279.291667 280.291667   86.17 0.000  0.84 0.000000 9.999 0.259000 999.99 0.259000 0.054 0.559  1.033 0.000   1.446 0.000  15.256 0.000   9.943 0.000   5.312 0.000 0.048 0.000 0.344 0.559
282.291667 283.291667   54.76 0.000  0.43 0.000000 9.999 0.259000   0.25 0.000000 0.063 0.000  0.950 0.000   1.331 0.000   4.642 0.000   1.346 0.000   3.296 0.000 0.061 0.000 0.115 0.000
285.291667 286.291667  116.72 0.000  0.53 0.000000 9.999 0.259000 999.99 0.259000 0.041 0.000  0.735 0.000   1.029 0.000  12.522 0.000   8.678 0.000   3.844 0.000 0.061 0.000 0.101 0.000
288.291667 289.291667   19.71 0.000  0.54 0.000000 9.999 0.259000   0.59 0.000000 0.020 0.000  1.718 0.000   2.406 0.000   5.151 0.000   1.306 0.000   3.845 0.000 0.044 0.000 0.074 0.000
291.291667 292.291667   14.45 0.000  0.28 0.000000 9.999 0.259000 999.99 0.259000 0.070 0.000  0.958 0.000   1.341 0.000   4.382 0.000   1.429 0.000   2.953 0.000 0.021 0.000 0.154 0.000
294.291667 295.291667    3.29 0.000  0.23 0.000000 9.999 0.259000 999.99 0.259000 0.022 0.000  0.473 0.000   0.662 0.000   1.736 0.000   0.281 0.000   1.456 0.000 0.016 0.000 0.099 0.000
297.291667 298.291667    6.38 0.000  0.25 0.000000 9.999 0.259000 999.99 0.259000 0.084 0.000  1.959 0.000   2.743 0.000   5.227 0.000   0.997 0.000   4.230 0.000 0.046 0.000 0.108 0.000
300.291667 301.291667    3.04 0.000  0.30 0.000000 9.999 0.259000 999.99 0.259000 0.016 0.000  0.340 0.000   0.476 0.000   1.597 0.000   0.466 0.000   1.131 0.000 0.015 0.000 0.047 0.000
303.291667 304.291667 9999.99 0.999 99.99 0.999000 9.999 0.999000 999.99 0.999000 9.999 0.999 99.999 0.999 999.999 0.999 999.999 0.999 999.999 0.999 999.999 0.999 9.999 0.999 9.999 0.999
306.291667 307.291667    5.05 0.000  0.37 0.000000 9.999 0.259000   0.07 0.000000 0.008 0.000  0.690 0.000   0.966 0.000   2.623 0.000   0.685 0.000   1.937 0.000 0.026 0.000 0.108 0.000
309.291667 310.291667    2.98 0.000 99.99 0.259000 0.012 0.000000 999.99 0.259000 0.097 0.559  0.841 0.000   1.177 0.000   2.664 0.000   0.734 0.000   1.931 0.000 0.018 0.000 0.085 0.559
312.291667 313.291667   12.90 0.000  0.78 0.000000 9.999 0.259000 999.99 0.259000 0.024 0.559  1.226 0.000   1.716 0.000   4.085 0.000   0.966 0.000   3.119 0.000 0.029 0.000 0.143 0.559
315.291667 316.291667   18.58 0.000  0.58 0.000000 9.999 0.259000 999.99 0.259000 0.018 0.559  1.211 0.000   1.695 0.000   4.580 0.000   1.061 0.000   3.519 0.000 0.029 0.000 0.213 0.559
318.291667 319.291667   11.60 0.000  0.28 0.000000 9.999 0.259000 999.99 0.259000 0.009 0.559  0.828 0.000   1.159 0.000   3.160 0.000   1.236 0.000   1.924 0.000 0.026 0.000 0.066 0.559
321.291667 322.291667   19.71 0.000  0.19 0.000000 9.999 0.259000   0.15 0.000000 0.019 0.000  0.918 0.000   1.286 0.000   2.106 0.000   0.081 0.000   2.024 0.000 0.021 0.000 0.067 0.000
324.291667 325.291667    6.06 0.000 99.99 0.259000 9.999 0.259000 999.99 0.259000 0.009 0.000  0.133 0.000   0.186 0.000   1.034 0.000   0.466 0.000   0.568 0.000 0.009 0.000 0.025 0.000
327.291667 328.291667    4.86 0.000 99.99 0.259000 9.999 0.259000 999.99 0.259000 0.021 0.000  0.106 0.000   0.148 0.000   1.374 0.000   0.444 0.000   0.930 0.000 0.016 0.000 0.070 0.000
330.291667 331.291667   15.65 0.000  0.11 0.000000 0.017 0.000000 999.99 0.259000 0.024 0.000  0.247 0.000   0.346 0.000   1.782 0.000   0.353 0.000   1.429 0.000 0.010 0.000 0.152 0.000
333.291667 334.291667    9.86 0.000  0.14 0.000000 9.999 0.259000   0.10 0.000000 0.044 0.559  0.178 0.000   0.249 0.000   1.874 0.000   0.485 0.000   1.389 0.000 0.012 0.000 0.096 0.559
336.291667 337.291667   13.85 0.000  0.20 0.000000 9.999 0.259000   0.23 0.000000 0.008 0.000  0.137 0.000   0.191 0.000   0.144 0.000 999.999 0.259   0.414 0.000 0.006 0.000 0.018 0.000
339.291667 340.291667    2.56 0.000  0.21 0.000000 9.999 0.259000 999.99 0.259000 0.024 0.000  0.080 0.000   0.112 0.000   0.615 0.000   0.001 0.000   0.614 0.000 0.007 0.000 0.071 0.000
342.291667 343.291667    3.67 0.559  0.34 0.559000 9.999 0.559259 999.99 0.559259 0.068 0.559  0.244 0.000   0.342 0.000   0.940 0.000   0.035 0.000   0.906 0.559 0.006 0.559 0.068 0.559
345.291667 346.291667    7.94 0.559  0.34 0.559000 9.999 0.559259 999.99 0.559259 0.008 0.000  0.103 0.000   0.145 0.000   0.759 0.000   0.010 0.000   0.750 0.559 0.005 0.559 0.053 0.000
348.291667 349.291667   23.46 0.000  0.33 0.000000 9.999 0.259000   0.37 0.000000 0.048 0.000  0.205 0.000   0.287 0.000   1.085 0.000   0.075 0.000   1.010 0.000 0.012 0.000 0.049 0.000
351.291667 352.291667    4.19 0.000  0.26 0.000000 9.999 0.259000 999.99 0.259000 0.028 0.000  0.170 0.000   0.239 0.000   0.982 0.000   0.402 0.000   0.579 0.000 0.007 0.000 0.053 0.000
354.291667 355.291667    2.52 0.559  0.17 0.559000 9.999 0.559259 999.99 0.559259 0.024 0.000  0.385 0.000   0.540 0.000   0.542 0.000   0.115 0.000   0.428 0.559 0.005 0.559 0.037 0.000
357.291667 358.291667    3.76 0.000  0.37 0.000000 9.999 0.259000 999.99 0.259000 0.018 0.000  0.322 0.000   0.451 0.000   0.542 0.000   0.125 0.000   0.418 0.000 0.005 0.000 0.026 0.000
360.291667 361.291667    2.58 0.000  0.27 0.000000 9.999 0.259000 999.99 0.259000 0.080 0.000  0.453 0.000   0.634 0.000   1.008 0.000   0.207 0.000   0.801 0.000 0.011 0.000 0.041 0.000
363.291667 364.291667    1.15 0.000  0.28 0.000000 9.999 0.259000 999.99 0.259000 0.021 0.000  0.480 0.000   0.672 0.000   1.344 0.000   0.090 0.000   1.254 0.000 0.009 0.000 0.176 0.000
