scripts/IMPROVE-2019_partial/data/US0017R.20140102070000.20191216000000.filterpack...52w.3d.US03L_filterpack_US0017.US03L_IMPROVE_Davis.lev2.nas
52 1001
MISSING INFORMATION
US03L, IMPROVE, , , , , , , 
MISSING INFORMATION
IMPROVE sel_HTAP
1 1
2014 01 01 2019 12 16
3.000000
days from file reference point
5
1 1 1 1 1
999.999999 9999.999 9.999 999.999 9.999
end_time of measurement, days from the file reference point
pm10_mass, ug/m3, Matrix=pm10
numflag pm10_mass, no unit, Matrix=pm10
pm25_mass, ug/m3, Matrix=pm25
numflag pm25_mass, no unit, Matrix=pm25
0
33
Data definition:              EBAS_1.1
Set type code:                TU
Timezone:                     UTC
File name:                    US0017R.20140102070000.20191216000000.filterpack...52w.3d.US03L_filterpack_US0017.US03L_IMPROVE_Davis.lev2.nas
File creation:                20191218115631
Startdate:                    20140102070000
Revision date:                20191216000000
Version:                      2
Version description:          "Data extracted from http://views.cira.colostate.edu/fed/DataWizard 2019-12-16"
Statistics:                   arithmetic mean
Data level:                   2
Period code:                  52w
Resolution code:              3d
Sample duration:              1d
Orig. time res.:              3d
Station code:                 US0017R
Platform code:                US0017S
Station name:                 Douglas
Station latitude:             31.3492
Station longitude:            -109.5397
Station altitude:             1230.0 m
Regime:                       IMG
Component:                    
Unit:                         ug/m3
Matrix:                       
Laboratory code:              US03L
Instrument type:              filterpack
Instrument name:              filterpack_US0017
Method ref:                   US03L_IMPROVE_Davis
Blank correction:             Blank corrected
Volume std. temperature:      ambient
Volume std. pressure:         ambient
starttime endtime PM10 flag_PM10 PM2.5 flag_PM2.5
  1.291667   2.291667   15.148 0.000   5.054 0.000
  4.291667   5.291667   24.725 0.000   6.577 0.000
  7.291667   8.291667 9999.999 0.999 999.999 0.999
 10.291667  11.291667   55.270 0.000  12.159 0.000
 13.291667  14.291667   42.119 0.000   8.284 0.000
 16.291667  17.291667   42.751 0.000  11.131 0.000
 19.291667  20.291667   44.960 0.000  10.296 0.000
 22.291667  23.291667   63.443 0.000  14.832 0.000
 25.291667  26.291667   19.980 0.000   5.819 0.000
 28.291667  29.291667   35.944 0.000   9.207 0.000
 31.291667  32.291667   23.349 0.000   4.353 0.000
 34.291667  35.291667   16.036 0.000   4.332 0.000
 37.291667  38.291667   19.190 0.000   8.293 0.000
 40.291667  41.291667   29.173 0.000   6.220 0.000
 43.291667  44.291667   24.851 0.000   8.449 0.000
 46.291667  47.291667   33.504 0.000   7.318 0.000
 49.291667  50.291667   37.701 0.000   8.893 0.000
 52.291667  53.291667   36.575 0.000   9.138 0.000
 55.291667  56.291667   65.555 0.000  12.878 0.000
 58.291667  59.291667   32.031 0.000   8.982 0.000
 61.291667  62.291667    8.966 0.000   3.811 0.000
 64.291667  65.291667   17.310 0.000   5.982 0.000
 67.291667  68.291667    8.575 0.000   2.612 0.000
 70.291667  71.291667  122.143 0.000  27.870 0.000
 73.291667  74.291667   31.998 0.000   6.036 0.000
 76.291667  77.291667   24.270 0.000   6.782 0.000
 79.291667  80.291667   43.943 0.000   9.405 0.000
 82.291667  83.291667   22.589 0.000   5.422 0.000
 85.291667  86.291667   29.517 0.000   7.137 0.000
 88.291667  89.291667   39.371 0.000   8.647 0.000
 91.291667  92.291667   67.132 0.000  13.101 0.000
 94.291667  95.291667   23.323 0.000   5.519 0.000
 97.291667  98.291667   25.824 0.000   7.091 0.000
100.291667 101.291667   34.342 0.000  11.591 0.000
103.291667 104.291667   28.662 0.000   6.590 0.000
106.291667 107.291667   54.559 0.000  13.534 0.000
109.291667 110.291667    9.012 0.000   3.946 0.000
112.291667 113.291667   22.257 0.000   7.130 0.000
115.291667 116.291667   36.028 0.000  11.827 0.000
118.291667 119.291667   20.497 0.000   5.994 0.000
121.291667 122.291667   43.255 0.000  15.166 0.000
124.291667 125.291667   37.238 0.000   9.700 0.000
127.291667 128.291667   35.741 0.000   9.366 0.000
130.291667 131.291667   42.034 0.000  10.880 0.000
133.291667 134.291667   25.229 0.000   9.642 0.000
136.291667 137.291667   21.654 0.000   9.294 0.000
139.291667 140.291667   25.999 0.000   7.505 0.000
142.291667 143.291667   24.838 0.000  10.115 0.000
145.291667 146.291667   22.070 0.000   8.940 0.000
148.291667 149.291667   33.597 0.000  11.001 0.000
151.291667 152.291667   20.992 0.000   6.130 0.000
154.291667 155.291667   32.716 0.000  10.020 0.000
157.291667 158.291667   35.347 0.000  16.291 0.000
160.291667 161.291667   29.410 0.000  12.472 0.000
163.291667 164.291667   23.307 0.000  10.993 0.000
166.291667 167.291667   20.263 0.000   7.364 0.000
169.291667 170.291667   15.321 0.000   7.997 0.000
172.291667 173.291667   13.808 0.000   6.122 0.000
175.291667 176.291667   19.692 0.000  18.630 0.000
178.291667 179.291667   16.004 0.000   7.085 0.000
181.291667 182.291667   42.912 0.000  15.902 0.000
184.291667 185.291667   38.829 0.000  10.153 0.000
187.291667 188.291667   23.096 0.000   4.751 0.000
190.291667 191.291667   21.534 0.000   7.473 0.000
193.291667 194.291667   15.564 0.000  18.761 0.000
196.291667 197.291667   19.056 0.000  12.059 0.000
199.291667 200.291667   25.612 0.000   6.666 0.000
202.291667 203.291667   18.198 0.000   6.854 0.000
205.291667 206.291667  125.245 0.000  29.925 0.000
208.291667 209.291667   11.216 0.000  11.879 0.000
211.291667 212.291667   14.172 0.000   9.981 0.000
214.291667 215.291667    5.720 0.000   4.606 0.000
217.291667 218.291667   23.302 0.000   7.922 0.000
220.291667 221.291667   16.366 0.000   6.622 0.000
223.291667 224.291667   10.796 0.000   5.085 0.000
226.291667 227.291667   10.234 0.000   4.040 0.000
229.291667 230.291667   10.889 0.000   4.099 0.000
232.291667 233.291667   15.540 0.000   5.979 0.000
235.291667 236.291667   16.879 0.000   4.836 0.000
238.291667 239.291667   15.855 0.000   6.643 0.000
241.291667 242.291667   39.719 0.000  10.817 0.000
244.291667 245.291667   30.479 0.000   7.722 0.000
247.291667 248.291667   11.988 0.000   4.927 0.000
250.291667 251.291667    6.492 0.000   2.438 0.000
253.291667 254.291667   17.874 0.000   5.147 0.000
256.291667 257.291667    6.643 0.000   1.656 0.000
259.291667 260.291667    4.732 0.000   3.098 0.000
262.291667 263.291667   14.659 0.000   5.290 0.000
265.291667 266.291667   10.072 0.000   2.963 0.000
268.291667 269.291667   19.136 0.000   5.763 0.000
271.291667 272.291667   17.835 0.000   4.612 0.000
274.291667 275.291667   21.539 0.000   5.800 0.000
277.291667 278.291667   18.387 0.000   5.500 0.000
280.291667 281.291667    8.639 0.000   3.771 0.000
283.291667 284.291667   24.044 0.000   5.959 0.000
286.291667 287.291667   20.268 0.000   4.350 0.000
289.291667 290.291667   25.552 0.000   6.587 0.000
292.291667 293.291667   12.832 0.000   3.370 0.000
295.291667 296.291667   31.833 0.000   8.844 0.000
298.291667 299.291667   36.464 0.000  10.305 0.000
301.291667 302.291667   37.248 0.000   8.101 0.000
304.291667 305.291667   33.889 0.000   8.055 0.000
307.291667 308.291667   11.177 0.000 999.999 0.456
310.291667 311.291667   33.562 0.000   8.598 0.000
313.291667 314.291667   35.056 0.000   7.384 0.000
316.291667 317.291667   36.091 0.000   8.108 0.000
319.291667 320.291667   18.235 0.000   4.706 0.000
322.291667 323.291667   30.711 0.000 999.999 0.456
325.291667 326.291667   30.823 0.000   7.452 0.000
328.291667 329.291667   36.429 0.000   8.758 0.000
331.291667 332.291667   46.239 0.000  13.116 0.000
334.291667 335.291667   50.879 0.000  10.978 0.000
337.291667 338.291667   15.150 0.000   6.920 0.000
340.291667 341.291667   12.788 0.000   3.550 0.000
343.291667 344.291667   40.581 0.000   9.630 0.000
346.291667 347.291667   16.860 0.000   4.009 0.000
349.291667 350.291667   32.654 0.000   9.188 0.000
352.291667 353.291667    8.356 0.000   3.593 0.000
355.291667 356.291667   10.749 0.000   2.905 0.000
358.291667 359.291667 9999.999 0.999 999.999 0.999
361.291667 362.291667 9999.999 0.999 999.999 0.999
364.291667 365.291667   30.585 0.000   8.077 0.000
