scripts/IMPROVE-2019_partial/data/US0099U.20050101080000.20191216000000.filterpack..pm25.8mo.1w.US03L_filterpack_US0099.US03L_IMPROVE_Davis.lev2.nas
66 1001
MISSING INFORMATION
US03L, IMPROVE, , , , , , , 
MISSING INFORMATION
IMPROVE sel_HTAP
1 1
2005 01 01 2019 12 16
3.000000
days from file reference point
27
1 1 1 1 1 1 1 1 1 1 1 1 1 1 1 1 1 1 1 1 1 1 1 1 1 1 1
999.999999 9999.99 9.999 999.99 9.999 9.999 9.999999 99.99 9.999 99.999 9.999 99.999 9.999 999.999 9.999 999.99 9.999999 999.999 9.999 999.999 9.999 999.999 9.999 99.999 9.999 99.999 9.999
end_time of measurement, days from the file reference point
iron, ng/m3, Revision date=20181210133000
numflag iron, no unit, Revision date=20181210133000
lead, ng/m3, Revision date=20181210133000
numflag lead, no unit, Revision date=20181210133000
magnesium, ug/m3, Revision date=20181210133000
numflag magnesium, no unit, Revision date=20181210133000
nickel, ng/m3, Revision date=20181210133000
numflag nickel, no unit, Revision date=20181210133000
nitrate, ug N/m3, Revision date=20181210133000
numflag nitrate, no unit, Revision date=20181210133000
organic_carbon, ug C/m3, Revision date=20181210133000
numflag organic_carbon, no unit, Revision date=20181210133000
organic_mass, ug/m3, Revision date=20181210133000
numflag organic_mass, no unit, Revision date=20181210133000
phosphorus, ng/m3, Revision date=20181210133000
numflag phosphorus, no unit, Revision date=20181210133000
pm10_mass, ug/m3, Version=2, Version description=Data extracted from http://views.cira.colostate.edu/fed/DataWizard 2019-12-16, Sample duration=1d, Orig. time res.=3d, Matrix=pm10, Blank correction=Blank corrected, Volume std. temperature=ambient, Volume std. pressure=ambient
numflag pm10_mass, no unit, Version=2, Version description=Data extracted from http://views.cira.colostate.edu/fed/DataWizard 2019-12-16, Sample duration=1d, Orig. time res.=3d, Matrix=pm10, Blank correction=Blank corrected, Volume std. temperature=ambient, Volume std. pressure=ambient
pm10_pm25_mass, ug/m3, Revision date=20181210133000, Matrix=pm10_pm25
numflag pm10_pm25_mass, no unit, Revision date=20181210133000, Matrix=pm10_pm25
pm25_mass, ug/m3, Version=2, Version description=Data extracted from http://views.cira.colostate.edu/fed/DataWizard 2019-12-16, Sample duration=1d, Orig. time res.=3d, Blank correction=Blank corrected, Volume std. temperature=ambient, Volume std. pressure=ambient
numflag pm25_mass, no unit, Version=2, Version description=Data extracted from http://views.cira.colostate.edu/fed/DataWizard 2019-12-16, Sample duration=1d, Orig. time res.=3d, Blank correction=Blank corrected, Volume std. temperature=ambient, Volume std. pressure=ambient
potassium, ug/m3, Revision date=20181210133000
numflag potassium, no unit, Revision date=20181210133000
sulphate_total, ug S/m3, Revision date=20181210133000
numflag sulphate_total, no unit, Revision date=20181210133000
0
25
Data definition:              EBAS_1.1
Set type code:                TU
Timezone:                     UTC
File name:                    US0099U.20050101080000.20191216000000.filterpack..pm25.8mo.1w.US03L_filterpack_US0099.US03L_IMPROVE_Davis.lev2.nas
File creation:                20191218120211
Startdate:                    20050101080000
Revision date:                20191216000000
Statistics:                   arithmetic mean
Data level:                   2
Period code:                  8mo
Resolution code:              1w
Station code:                 US0099U
Platform code:                US0099S
Station name:                 Rubidoux
Station latitude:             33.9996
Station longitude:            -117.4161
Station altitude:             247.0 m
Regime:                       IMG
Component:                    
Matrix:                       pm25
Laboratory code:              US03L
Instrument type:              filterpack
Instrument name:              filterpack_US0099
Method ref:                   US03L_IMPROVE_Davis
starttime endtime Fe flag_Fe Pb flag_Pb Mg++ flag_Mg++ Ni flag_Ni NO3- flag_NO3- OC flag_OC OM flag_OM P flag_P PM10 flag_PM10 PM10-PM2.5 flag_PM10-PM2.5 PM2.5 flag_PM2.5 K+ flag_K+ SO4-- flag_SO4--
  0.333333   1.333333   86.96 0.000   6.00 0.000 9.999 0.259000 99.99 0.259  0.782 0.000  8.299 0.000  14.939 0.000 999.99 0.259000  33.171 0.000   9.359 0.000  23.807 0.000  0.567 0.000  0.291 0.000
  3.333333   4.333333   57.25 0.000   2.10 0.000 9.999 0.259000 99.99 0.259  0.383 0.000  2.042 0.000   3.675 0.000 999.99 0.259000   9.226 0.000   3.037 0.000   6.188 0.000  0.029 0.000  0.102 0.000
  6.333333   7.333333   93.02 0.000  14.29 0.000 9.999 0.259000  0.21 0.000  0.973 0.000  2.268 0.000   4.082 0.000 999.99 0.259000  21.794 0.000   9.841 0.000  11.951 0.000  0.047 0.000  0.171 0.000
  9.333333  10.333333   38.63 0.000   0.87 0.000 9.999 0.259000  0.10 0.000  0.116 0.000  1.212 0.000   2.183 0.000 999.99 0.259000   4.045 0.000   1.333 0.000   2.711 0.000  0.019 0.000  0.032 0.000
 12.333333  13.333333  435.47 0.000  16.11 0.000 9.999 0.259000  0.19 0.000  0.733 0.000  6.994 0.000  12.590 0.000 999.99 0.259000  63.945 0.000  43.060 0.000  20.888 0.000  0.132 0.000  0.135 0.000
 15.333333  16.333333  201.11 0.000   7.12 0.000 0.021 0.000000 99.99 0.259  0.355 0.000  3.619 0.000   6.514 0.000 999.99 0.259000  31.759 0.000  22.950 0.000   8.809 0.000  0.083 0.000  0.077 0.000
 18.333333  19.333333  309.10 0.000  25.74 0.000 0.027 0.000000 99.99 0.259  0.068 0.000  2.434 0.000   4.380 0.000  54.76 0.000000  53.624 0.000  44.480 0.000   9.160 0.000  0.106 0.000  0.134 0.000
 21.333333  22.333333  416.95 0.000   9.88 0.000 0.024 0.000000  0.54 0.000  4.021 0.000  6.420 0.000  11.556 0.000 999.99 0.259000  77.679 0.000  41.048 0.000  36.615 0.000  0.124 0.000  0.518 0.000
 24.333333  25.333333  228.47 0.000   5.75 0.000 9.999 0.259000  0.38 0.000  1.290 0.000  3.369 0.000   6.063 0.000 999.99 0.259000  39.083 0.000  22.026 0.000  17.058 0.000  0.077 0.000  0.795 0.000
 27.333333  28.333333  162.19 0.000   3.32 0.000 9.999 0.259000  0.11 0.000  0.689 0.000  2.774 0.000   4.993 0.000 999.99 0.259000  25.161 0.000  13.856 0.000  11.304 0.000  0.059 0.000  0.234 0.000
 30.333333  31.333333   52.98 0.000   0.57 0.000 9.999 0.259000  0.09 0.000  0.014 0.000  0.605 0.000   1.089 0.000 999.99 0.259000  14.174 0.000  12.483 0.000   1.691 0.000  0.019 0.000  0.076 0.000
 33.333333  34.333333  117.46 0.000   3.08 0.000 9.999 0.259000  0.08 0.000  0.038 0.000  1.178 0.000   2.120 0.000 999.99 0.259000  22.137 0.000  17.953 0.000   4.184 0.000  0.034 0.000  0.190 0.000
 36.333333  37.333333   90.72 0.000   5.22 0.000 0.022 0.000000  2.00 0.000  1.068 0.000  3.059 0.000   5.507 0.000 999.99 0.259000  30.263 0.000  12.765 0.000  17.498 0.000  0.086 0.000  0.455 0.000
 39.333333  40.333333 9999.99 0.999 999.99 0.999 9.999 0.999000 99.99 0.999 99.999 0.999 99.999 0.999 999.999 0.999 999.99 0.999000 999.999 0.999 999.999 0.999 999.999 0.999 99.999 0.999 99.999 0.999
 42.333333  43.333333   32.42 0.000   1.08 0.000 0.010 0.000000  0.30 0.000  0.460 0.000  1.382 0.000   2.487 0.000 999.99 0.259000  10.103 0.000   4.341 0.000   5.761 0.000  0.020 0.000  0.195 0.000
 45.333333  46.333333  179.34 0.000   9.45 0.000 0.017 0.000000  0.37 0.000  1.272 0.000  2.976 0.000   5.356 0.000 999.99 0.259000  31.888 0.000  16.767 0.000  15.119 0.000  0.052 0.000  0.389 0.000
 48.333333  49.333333  112.04 0.000   8.35 0.000 9.999 0.259000  0.11 0.000  0.328 0.000  2.055 0.000   3.700 0.000 999.99 0.259000  11.748 0.000   5.566 0.000   6.181 0.000  0.037 0.000  0.123 0.000
 51.333333  52.333333   42.98 0.000   3.37 0.000 0.014 0.000000 99.99 0.259  0.072 0.000  1.224 0.000   2.204 0.000 999.99 0.259000   6.473 0.000   3.341 0.000   3.131 0.000  0.025 0.000  0.049 0.000
 54.333333  55.333333  164.46 0.000  10.62 0.000 9.999 0.259000  0.36 0.000  2.831 0.000  3.210 0.000   5.778 0.000 999.99 0.259000  38.562 0.000  14.733 0.000  23.825 0.000  0.042 0.000  0.435 0.000
 57.333333  58.333333   66.80 0.000   2.06 0.000 9.999 0.259000  0.63 0.000  2.170 0.000  2.395 0.000   4.312 0.000 999.99 0.259000  29.061 0.000   8.653 0.000  20.410 0.000  0.033 0.000  0.871 0.000
 60.333333  61.333333   89.72 0.000   4.69 0.000 9.999 0.259000  1.10 0.000  1.909 0.000  1.661 0.000   2.990 0.000 999.99 0.259000  28.298 0.000  12.436 0.000  15.860 0.000  0.031 0.000  0.673 0.000
 63.333333  64.333333   75.82 0.000   9.88 0.000 9.999 0.259000  0.42 0.000  0.940 0.000  2.019 0.000   3.634 0.000  24.38 0.000000  17.494 0.000   8.603 0.000   8.890 0.000  0.033 0.000  0.180 0.000
 66.333333  67.333333  270.95 0.000   6.25 0.000 9.999 0.259000  1.38 0.000  4.032 0.000  4.790 0.000   8.621 0.000 999.99 0.259000 999.999 0.456 999.999 0.999  38.456 0.000  0.065 0.000  1.336 0.000
 69.333333  70.333333  315.96 0.000   7.41 0.000 9.999 0.259000  1.12 0.000  4.706 0.000  5.585 0.000  10.053 0.000 999.99 0.259000 999.999 0.456 999.999 0.999  41.094 0.000  0.071 0.000  1.300 0.000
 72.333333  73.333333  105.15 0.000   1.70 0.000 0.010 0.000000  0.45 0.000  1.152 0.000  1.252 0.000   2.253 0.000 999.99 0.259000 999.999 0.456 999.999 0.999   9.627 0.000  0.052 0.000  0.591 0.000
 75.333333  76.333333  257.46 0.000   6.54 0.000 9.999 0.259000  0.96 0.000  1.720 0.000  3.394 0.000   6.109 0.000 999.99 0.259000  59.219 0.000  40.490 0.000  18.731 0.000  0.087 0.000  0.652 0.000
 78.333333  79.333333   30.16 0.000   1.32 0.000 0.048 0.000000  0.80 0.000  0.635 0.000  1.247 0.000   2.244 0.000 999.99 0.259000  17.182 0.000  10.334 0.000   6.847 0.000  0.042 0.000  0.418 0.000
 81.333333  82.333333   34.71 0.000   1.31 0.000 0.033 0.000000  0.56 0.000  0.250 0.000  0.670 0.000   1.205 0.000 999.99 0.259000  14.354 0.000  10.589 0.000   3.765 0.000  0.029 0.000  0.249 0.000
 84.333333  85.333333  189.63 0.000   4.55 0.000 9.999 0.259000  1.35 0.000  1.158 0.000  2.482 0.000   4.468 0.000 999.99 0.259000  28.456 0.000  15.652 0.000  12.800 0.000  0.063 0.000  0.449 0.000
 87.333333  88.333333  107.34 0.000   2.97 0.000 0.044 0.000000  1.83 0.000  0.747 0.000  1.565 0.000   2.816 0.000 999.99 0.259000  32.443 0.000  24.043 0.000   8.591 0.000  0.056 0.000  0.433 0.000
 90.333333  91.333333  219.35 0.000   7.81 0.000 0.035 0.000000  0.31 0.000  0.200 0.000  1.779 0.000   3.202 0.000 999.99 0.259000  31.894 0.000  24.837 0.000   7.057 0.000  0.058 0.000  0.290 0.000
 93.333333  94.333333   75.86 0.000   5.58 0.000 0.026 0.000000  0.43 0.000  0.518 0.000  1.150 0.000   2.069 0.000 999.99 0.259000  21.185 0.000  14.164 0.000   7.020 0.000  0.048 0.000  0.737 0.000
 96.333333  97.333333  293.11 0.000   5.39 0.000 0.043 0.000000  0.95 0.000  1.226 0.000  3.453 0.000   6.215 0.000 999.99 0.259000  44.305 0.000  30.322 0.000  13.983 0.000  0.094 0.000  0.618 0.000
 99.333333 100.333333  125.68 0.000   2.78 0.000 0.025 0.000000  0.32 0.000  0.523 0.000  1.767 0.000   3.181 0.000 999.99 0.259000  24.915 0.000  18.704 0.000   6.210 0.000  0.056 0.000  0.183 0.000
102.333333 103.333333  471.78 0.000  27.87 0.000 0.038 0.000000  1.26 0.000  2.019 0.000  5.143 0.000   9.258 0.000 999.99 0.259000  79.378 0.000  53.621 0.000  25.759 0.000  0.167 0.000  1.039 0.000
105.333333 106.333333  374.73 0.000   7.47 0.000 0.059 0.000000  2.28 0.000  3.205 0.000  4.784 0.000   8.612 0.000 999.99 0.259000  73.944 0.000  44.778 0.000  29.161 0.000  0.142 0.000  0.996 0.000
108.333333 109.333333   93.96 0.000   1.26 0.000 0.077 0.000000  0.60 0.000  0.975 0.000  1.380 0.000   2.484 0.000 999.99 0.259000  35.813 0.000  22.837 0.000  12.975 0.000  0.082 0.000  0.979 0.000
111.333333 112.333333  315.51 0.000  12.26 0.000 0.043 0.000000  1.21 0.000  1.666 0.000  3.989 0.000   7.181 0.000 999.99 0.259000  68.709 0.000  44.077 0.000  24.634 0.000  0.105 0.000  0.905 0.000
114.333333 115.333333   70.32 0.000   1.73 0.000 9.999 0.259000  0.44 0.000  1.096 0.000  1.471 0.000   2.647 0.000 999.99 0.259000  18.756 0.000   8.554 0.000  10.200 0.000  0.032 0.000  0.743 0.000
117.333333 118.333333   54.58 0.000   1.16 0.000 0.031 0.000000 99.99 0.259  0.170 0.000  0.713 0.000   1.284 0.000 999.99 0.259000  10.016 0.000   6.858 0.000   3.158 0.000  0.026 0.000  0.244 0.000
120.333333 121.333333   79.63 0.000   2.16 0.000 9.999 0.259000  1.30 0.000  2.228 0.000  1.483 0.000   2.669 0.000 999.99 0.259000  26.621 0.000   7.890 0.000  18.727 0.000  0.043 0.000  1.226 0.000
123.333333 124.333333  156.86 0.000   3.32 0.000 0.014 0.000000  1.60 0.000  3.560 0.000  2.220 0.000   3.997 0.000 999.99 0.259000  49.019 0.000  18.395 0.000  30.616 0.000  0.051 0.000  1.742 0.000
126.333333 127.333333   47.06 0.000   1.61 0.000 0.015 0.000000  0.36 0.000  0.650 0.000  0.964 0.000   1.735 0.000 999.99 0.259000  13.769 0.000   8.788 0.000   4.980 0.000  0.027 0.000  0.433 0.000
129.333333 130.333333   99.25 0.000   3.81 0.000 0.028 0.000000  0.68 0.000  0.526 0.000  1.211 0.000   2.180 0.000 999.99 0.259000  21.973 0.000  16.119 0.000   5.854 0.000  0.048 0.000  0.356 0.000
132.333333 133.333333  320.93 0.000  14.18 0.000 0.027 0.000000  0.86 0.000  1.086 0.000  4.080 0.000   7.345 0.000 999.99 0.259000  58.014 0.000  42.812 0.000  15.209 0.000  0.094 0.000  0.524 0.000
135.333333 136.333333   80.37 0.000   2.02 0.000 0.016 0.000000  0.96 0.000  1.888 0.000  1.611 0.000   2.899 0.000 999.99 0.259000  32.960 0.000  14.343 0.000  18.616 0.000  0.063 0.000  1.526 0.000
138.333333 139.333333  279.03 0.000   7.68 0.000 9.999 0.259000  1.41 0.000  1.578 0.000  4.335 0.000   7.802 0.000 999.99 0.259000 999.999 0.456 999.999 0.999  16.227 0.000  0.090 0.000  0.982 0.000
141.333333 142.333333  259.83 0.000   6.84 0.000 9.999 0.259000  1.15 0.000  1.354 0.000  5.021 0.000   9.039 0.000 999.99 0.259000 999.999 0.456 999.999 0.999  21.122 0.000  0.116 0.000  1.213 0.000
144.333333 145.333333  209.73 0.000   6.91 0.000 9.999 0.259000  2.09 0.000  3.232 0.000  3.365 0.000   6.056 0.000 999.99 0.259000  63.119 0.000  32.953 0.000  30.163 0.000  0.138 0.000  2.461 0.000
147.333333 148.333333   92.62 0.000   3.51 0.000 9.999 0.259000  1.05 0.000  3.774 0.000  2.324 0.000   4.183 0.000 999.99 0.259000  50.984 0.000  22.624 0.000  28.354 0.000  0.065 0.000  1.804 0.000
150.333333 151.333333  124.02 0.000   2.35 0.000 0.018 0.000000  1.89 0.000  2.433 0.000  2.588 0.000   4.658 0.000 999.99 0.259000  48.966 0.000  28.762 0.000  20.203 0.000  0.064 0.000  1.657 0.000
153.333333 154.333333  117.19 0.000   1.71 0.000 0.016 0.000000  1.04 0.000  1.437 0.000  1.856 0.000   3.341 0.000 999.99 0.259000  19.643 0.000   8.902 0.000  10.740 0.000  0.056 0.000  2.635 0.000
156.333333 157.333333   80.11 0.000   3.20 0.000 0.053 0.000000  1.10 0.000  1.380 0.000  2.697 0.000   4.855 0.000 999.99 0.259000  80.604 0.000  63.033 0.000  17.572 0.000  1.364 0.000  1.299 0.000
159.333333 160.333333  123.85 0.000   2.14 0.000 0.027 0.000000  0.98 0.000  0.413 0.000  1.977 0.000   3.558 0.000 999.99 0.259000  43.380 0.000  30.499 0.000  12.881 0.000  0.126 0.000  0.385 0.000
162.333333 163.333333   68.07 0.000   2.17 0.000 9.999 0.259000  1.08 0.000  0.119 0.000  2.375 0.000   4.276 0.000 999.99 0.259000  40.479 0.000  19.665 0.000  20.813 0.000  0.083 0.000  0.259 0.000
165.333333 166.333333  128.71 0.000   3.42 0.000 9.999 0.259000  1.07 0.000  4.984 0.000  2.175 0.000   3.915 0.000 999.99 0.259000  56.110 0.000  22.903 0.000  33.201 0.000  0.095 0.000  1.698 0.000
168.333333 169.333333   88.32 0.000   2.64 0.000 0.027 0.000000  0.82 0.000  0.576 0.000  1.369 0.000   2.463 0.000 999.99 0.259000  29.127 0.000  22.904 0.000   6.223 0.000  0.074 0.000  0.377 0.000
171.333333 172.333333  376.72 0.000   4.38 0.000 0.040 0.000000  0.83 0.000  0.750 0.000  3.033 0.000   5.459 0.000  83.62 0.000000  59.609 0.000  46.791 0.000  12.836 0.000  0.137 0.000  0.486 0.000
174.333333 175.333333  297.76 0.000   4.09 0.000 0.038 0.000000  1.55 0.000  1.458 0.000  3.321 0.000   5.977 0.000 999.99 0.259000  67.013 0.000  48.672 0.000  18.343 0.000  0.140 0.000  1.122 0.000
177.333333 178.333333  140.25 0.000   2.36 0.000 9.999 0.259000  1.01 0.000  1.931 0.000  2.309 0.000   4.157 0.000 999.99 0.259000  43.671 0.000  28.002 0.000  15.669 0.000  0.087 0.000  1.211 0.000
180.333333 181.333333  320.24 0.000   3.90 0.000 0.025 0.000000  2.89 0.000  1.868 0.000  4.260 0.000   7.668 0.000 999.99 0.259000  60.412 0.000  38.205 0.000  22.207 0.000  0.126 0.000  2.006 0.000
183.333333 184.333333  124.10 0.000   4.92 0.000 9.999 0.259000  1.62 0.000  2.015 0.000  2.881 0.000   5.186 0.000 999.99 0.259000  42.572 0.000  18.814 0.000  23.754 0.000  0.373 0.000  2.386 0.000
186.333333 187.333333  258.17 0.699   4.75 0.699 9.999 0.699259  1.28 0.699  2.046 0.000  7.929 0.000  14.271 0.000 999.99 0.699259  72.317 0.000  35.402 0.699  36.908 0.659  1.007 0.699  1.858 0.000
189.333333 190.333333  130.41 0.000   3.00 0.000 9.999 0.259000  1.46 0.000  2.499 0.000  2.795 0.000   5.032 0.000 999.99 0.259000  50.547 0.000  26.655 0.000  23.887 0.000  0.134 0.000  2.200 0.000
192.333333 193.333333  251.71 0.000   3.93 0.000 9.999 0.259000  1.00 0.000  1.657 0.559  3.251 0.000   5.851 0.000 999.99 0.259000  53.856 0.000  35.137 0.000  18.723 0.000  0.105 0.000  1.744 0.559
195.333333 196.333333 9999.99 0.456 999.99 0.456 9.999 0.456000 99.99 0.456 99.999 0.456 99.999 0.456 999.999 0.456 999.99 0.456000 999.999 0.456 999.999 0.456 999.999 0.456 99.999 0.456 99.999 0.456
198.333333 199.333333 9999.99 0.456 999.99 0.456 9.999 0.456000 99.99 0.456 99.999 0.456 99.999 0.456 999.999 0.456 999.99 0.456000 999.999 0.456 999.999 0.456 999.999 0.456 99.999 0.456 99.999 0.456
201.333333 202.333333  418.07 0.000   5.83 0.000 0.052 0.000000  1.07 0.000  0.513 0.000  3.382 0.000   6.088 0.000 999.99 0.259000  63.559 0.000  45.296 0.000  18.268 0.000  0.179 0.000  1.326 0.000
204.333333 205.333333  118.71 0.000   2.32 0.000 0.046 0.000000  1.07 0.000  1.116 0.000  2.965 0.000   5.338 0.000 999.99 0.259000  43.199 0.000  28.367 0.000  14.831 0.000  0.101 0.000  1.379 0.000
207.333333 208.333333  249.84 0.000   3.92 0.000 9.999 0.259000  1.46 0.000  0.964 0.000  2.851 0.000   5.132 0.000 999.99 0.259000  65.033 0.000  47.774 0.000  17.260 0.000  0.158 0.000  1.830 0.000
210.333333 211.333333  231.91 0.000   4.56 0.000 0.021 0.000000  1.55 0.000  0.800 0.000  3.284 0.000   5.910 0.000 999.99 0.259000  51.788 0.000  36.249 0.000  15.540 0.000  0.116 0.000  1.469 0.000
213.333333 214.333333  217.62 0.000   3.23 0.000 9.999 0.259000  1.90 0.000  1.567 0.000  2.761 0.000   4.970 0.000 999.99 0.259000  48.553 0.000  29.939 0.000  18.619 0.000  0.105 0.000  2.144 0.000
216.333333 217.333333  287.98 0.000   3.40 0.000 9.999 0.259000  1.18 0.000  1.225 0.000  3.427 0.000   6.169 0.000 999.99 0.259000  65.887 0.000  47.273 0.000  18.618 0.000  0.145 0.000  1.673 0.000
219.333333 220.333333  243.42 0.000   3.72 0.000 9.999 0.259000  1.94 0.000  1.539 0.000  4.071 0.000   7.328 0.000 999.99 0.259000  59.077 0.000  36.502 0.000  22.580 0.000  0.106 0.000  2.373 0.000
222.333333 223.333333  238.98 0.000   3.48 0.000 9.999 0.259000  1.43 0.000  1.150 0.000  2.405 0.000   4.329 0.000 999.99 0.259000  61.569 0.000  45.485 0.000  16.084 0.000  0.113 0.000  1.769 0.000
225.333333 226.333333  122.71 0.000   3.55 0.000 9.999 0.259000  1.21 0.000  2.916 0.000  2.536 0.000   4.565 0.000 999.99 0.259000  43.007 0.000  16.518 0.000  26.484 0.000  0.082 0.000  2.247 0.000
228.333333 229.333333  271.33 0.000   4.21 0.000 9.999 0.259000  1.88 0.000  2.441 0.000  3.054 0.000   5.497 0.000 999.99 0.259000  46.286 0.000  24.092 0.000  22.198 0.000  0.083 0.000  1.655 0.000
231.333333 232.333333  173.52 0.000   5.10 0.000 9.999 0.259000  1.67 0.000  1.487 0.000  3.296 0.000   5.932 0.000 999.99 0.259000  41.964 0.000  25.609 0.000  16.352 0.000  0.076 0.000  1.555 0.000
234.333333 235.333333  183.75 0.000   6.91 0.000 0.026 0.000000  1.81 0.000  1.976 0.000  3.282 0.000   5.908 0.000 999.99 0.259000  55.096 0.000  34.793 0.000  20.307 0.000  0.111 0.000  1.959 0.000
237.333333 238.333333  392.53 0.000   4.21 0.000 0.032 0.000000  1.45 0.000  0.472 0.000  3.996 0.000   7.192 0.000 999.99 0.259000  60.943 0.000  44.785 0.000  16.169 0.000  0.146 0.000  1.020 0.000
240.333333 241.333333  296.61 0.000   4.07 0.000 9.999 0.259000  1.97 0.000  1.118 0.000  5.111 0.000   9.199 0.000 999.99 0.259000  62.386 0.000  40.185 0.000  22.203 0.000  0.110 0.000  1.525 0.000
