scripts/IMPROVE-2019_partial/data/US0022R.20040101080000.20191216000000.filterpack..pm25.52w.1w.US03L_filterpack_US0022.US03L_IMPROVE_Davis.lev2.nas
66 1001
MISSING INFORMATION
US03L, IMPROVE, , , , , , , 
MISSING INFORMATION
IMPROVE sel_HTAP
1 1
2004 01 01 2019 12 16
3.000000
days from file reference point
27
1 1 1 1 1 1 1 1 1 1 1 1 1 1 1 1 1 1 1 1 1 1 1 1 1 1 1
999.999999 9999.99 9.999 99.99 9.999 9.999 9.999999 9.99 9.999999 99.999 9.999 99.999 9.999 99.999 9.999 99.99 9.999999 999.999 9.999 999.999 9.999 999.999 9.999 9.999 9.999 99.999 9.999
end_time of measurement, days from the file reference point
iron, ng/m3, Revision date=20181210133000
numflag iron, no unit, Revision date=20181210133000
lead, ng/m3, Revision date=20181210133000
numflag lead, no unit, Revision date=20181210133000
magnesium, ug/m3, Revision date=20181210133000
numflag magnesium, no unit, Revision date=20181210133000
nickel, ng/m3, Revision date=20181210133000
numflag nickel, no unit, Revision date=20181210133000
nitrate, ug N/m3, Revision date=20181210133000
numflag nitrate, no unit, Revision date=20181210133000
organic_carbon, ug C/m3, Revision date=20181210133000
numflag organic_carbon, no unit, Revision date=20181210133000
organic_mass, ug/m3, Revision date=20181210133000
numflag organic_mass, no unit, Revision date=20181210133000
phosphorus, ng/m3, Revision date=20181210133000
numflag phosphorus, no unit, Revision date=20181210133000
pm10_mass, ug/m3, Version=2, Version description=Data extracted from http://views.cira.colostate.edu/fed/DataWizard 2019-12-16, Sample duration=1d, Orig. time res.=3d, Matrix=pm10, Blank correction=Blank corrected, Volume std. temperature=ambient, Volume std. pressure=ambient
numflag pm10_mass, no unit, Version=2, Version description=Data extracted from http://views.cira.colostate.edu/fed/DataWizard 2019-12-16, Sample duration=1d, Orig. time res.=3d, Matrix=pm10, Blank correction=Blank corrected, Volume std. temperature=ambient, Volume std. pressure=ambient
pm10_pm25_mass, ug/m3, Revision date=20181210133000, Matrix=pm10_pm25
numflag pm10_pm25_mass, no unit, Revision date=20181210133000, Matrix=pm10_pm25
pm25_mass, ug/m3, Version=2, Version description=Data extracted from http://views.cira.colostate.edu/fed/DataWizard 2019-12-16, Sample duration=1d, Orig. time res.=3d, Blank correction=Blank corrected, Volume std. temperature=ambient, Volume std. pressure=ambient
numflag pm25_mass, no unit, Version=2, Version description=Data extracted from http://views.cira.colostate.edu/fed/DataWizard 2019-12-16, Sample duration=1d, Orig. time res.=3d, Blank correction=Blank corrected, Volume std. temperature=ambient, Volume std. pressure=ambient
potassium, ug/m3, Revision date=20181210133000
numflag potassium, no unit, Revision date=20181210133000
sulphate_total, ug S/m3, Revision date=20181210133000
numflag sulphate_total, no unit, Revision date=20181210133000
0
25
Data definition:              EBAS_1.1
Set type code:                TU
Timezone:                     UTC
File name:                    US0022R.20040101080000.20191216000000.filterpack..pm25.52w.1w.US03L_filterpack_US0022.US03L_IMPROVE_Davis.lev2.nas
File creation:                20191218115650
Startdate:                    20040101080000
Revision date:                20191216000000
Statistics:                   arithmetic mean
Data level:                   2
Period code:                  52w
Resolution code:              1w
Station code:                 US0022R
Platform code:                US0022S
Station name:                 Dome Lands Wilderness
Station latitude:             35.7278
Station longitude:            -118.1377
Station altitude:             927.0 m
Regime:                       IMG
Component:                    
Matrix:                       pm25
Laboratory code:              US03L
Instrument type:              filterpack
Instrument name:              filterpack_US0022
Method ref:                   US03L_IMPROVE_Davis
starttime endtime Fe flag_Fe Pb flag_Pb Mg++ flag_Mg++ Ni flag_Ni NO3- flag_NO3- OC flag_OC OM flag_OM P flag_P PM10 flag_PM10 PM10-PM2.5 flag_PM10-PM2.5 PM2.5 flag_PM2.5 K+ flag_K+ SO4-- flag_SO4--
[from data line 81]
243.333333 244.333333   73.66 0.000  0.91 0.000 9.999 0.259000 0.11 0.000000  0.051 0.000  1.227 0.000  1.717 0.000 99.99 0.259000  25.164 0.000  19.237 0.000   5.928 0.000 0.050 0.000  0.503 0.000
246.333333 247.333333  151.24 0.000  0.55 0.000 9.999 0.259000 0.16 0.000000  0.102 0.000  1.545 0.000  2.163 0.000 99.99 0.259000  45.283 0.000  39.348 0.000   5.935 0.000 0.125 0.000  0.155 0.000
249.333333 250.333333   56.07 0.000  0.64 0.000 9.999 0.259000 9.99 0.259000  0.029 0.000  0.960 0.000  1.344 0.000 99.99 0.259000   9.722 0.000   6.920 0.000   2.802 0.000 0.040 0.000  0.127 0.000
252.333333 253.333333  114.22 0.000  0.65 0.000 9.999 0.259000 0.10 0.000000  0.041 0.000  1.622 0.000  2.271 0.000 99.99 0.259000  25.559 0.000  19.654 0.000   5.904 0.000 0.066 0.000  0.283 0.000
255.333333 256.333333  111.07 0.000  0.83 0.000 9.999 0.259000 0.07 0.000000  0.089 0.000  1.946 0.000  2.724 0.000 99.99 0.259000  41.129 0.000  34.738 0.000   6.391 0.000 0.074 0.000  0.346 0.000
258.333333 259.333333  142.18 0.000  0.77 0.000 0.153 0.000000 0.15 0.000000  0.196 0.000  1.792 0.000  2.508 0.000 99.99 0.259000  46.586 0.000  39.305 0.000   7.281 0.000 0.210 0.000  0.383 0.000
261.333333 262.333333  123.18 0.000  1.30 0.000 9.999 0.259000 0.17 0.000000  0.183 0.000  0.929 0.000  1.301 0.000 99.99 0.259000  52.104 0.000  46.659 0.000   5.445 0.000 0.077 0.000  0.385 0.000
264.333333 265.333333   21.79 0.000  0.77 0.000 9.999 0.259000 0.11 0.000000  0.118 0.000  0.742 0.000  1.039 0.000 99.99 0.259000  10.995 0.000   8.434 0.000   2.561 0.000 0.048 0.000  0.159 0.000
267.333333 268.333333   48.39 0.000  0.33 0.000 9.999 0.259000 0.12 0.000000  0.034 0.000  0.739 0.000  1.034 0.000 99.99 0.259000  14.175 0.000  11.506 0.000   2.669 0.000 0.025 0.000  0.126 0.000
270.333333 271.333333   40.31 0.000  0.55 0.000 9.999 0.259000 0.12 0.000000  0.077 0.000  0.811 0.000  1.135 0.000  7.58 0.000000  12.327 0.000   9.221 0.000   3.107 0.000 0.028 0.000  0.192 0.000
273.333333 274.333333   53.15 0.000  1.02 0.000 9.999 0.259000 0.19 0.000000  0.213 0.000  1.458 0.000  2.042 0.000 99.99 0.259000  23.189 0.000  16.918 0.000   6.271 0.000 0.041 0.000  0.499 0.000
276.333333 277.333333   34.46 0.000  0.79 0.000 9.999 0.259000 9.99 0.259000  0.069 0.000  0.517 0.000  0.724 0.000 99.99 0.259000  11.491 0.000   8.261 0.000   3.231 0.000 0.029 0.000  0.344 0.000
279.333333 280.333333 9999.99 0.999 99.99 0.999 9.999 0.999000 9.99 0.999000 99.999 0.999 99.999 0.999 99.999 0.999 99.99 0.999000 999.999 0.999 999.999 0.999 999.999 0.999 9.999 0.999 99.999 0.999
282.333333 283.333333   68.76 0.000  1.84 0.000 9.999 0.259000 0.22 0.000000  0.553 0.000  1.578 0.000  2.209 0.000 99.99 0.259000  31.829 0.000  24.303 0.000   7.526 0.000 0.058 0.000  0.564 0.000
285.333333 286.333333   20.15 0.000  0.68 0.000 9.999 0.259000 9.99 0.259000  0.022 0.000  0.453 0.000  0.634 0.000 99.99 0.259000   9.043 0.000   6.446 0.000   2.597 0.000 0.016 0.000  0.271 0.000
288.333333 289.333333   59.28 0.000  1.08 0.000 9.999 0.259000 9.99 0.259000  0.076 0.000  0.815 0.000  1.141 0.000 99.99 0.259000  19.853 0.000  16.093 0.000   3.760 0.000 0.044 0.000  0.189 0.000
291.333333 292.333333    4.70 0.000  0.18 0.000 0.157 0.000000 9.99 0.259000  0.046 0.000  0.356 0.000  0.499 0.000 99.99 0.259000   3.472 0.000   2.163 0.000   1.310 0.000 0.010 0.000  0.137 0.000
294.333333 295.333333    8.04 0.000  0.38 0.000 9.999 0.259000 9.99 0.259000  0.220 0.000  0.775 0.000  1.086 0.000 99.99 0.259000   5.291 0.000   2.306 0.000   2.985 0.000 0.013 0.000  0.146 0.000
297.333333 298.333333   22.60 0.000  1.08 0.000 9.999 0.259000 9.99 0.259000  0.564 0.000  1.352 0.000  1.892 0.000 99.99 0.259000   7.647 0.000   2.249 0.000   5.398 0.000 0.028 0.000  0.179 0.000
300.333333 301.333333    2.32 0.000 99.99 0.259 0.132 0.000000 9.99 0.259000  0.037 0.000  0.549 0.000  0.768 0.000 99.99 0.259000   1.644 0.000   0.634 0.000   1.010 0.000 0.014 0.000  0.044 0.000
303.333333 304.333333    6.09 0.000  0.68 0.000 9.999 0.259000 0.10 0.000000  0.386 0.000  0.953 0.000  1.333 0.000 99.99 0.259000   4.382 0.000   0.940 0.000   3.442 0.000 0.010 0.000  0.160 0.000
306.333333 307.333333 9999.99 0.999 99.99 0.999 9.999 0.999000 9.99 0.999000 99.999 0.999 99.999 0.999 99.999 0.999 99.99 0.999000 999.999 0.999 999.999 0.999 999.999 0.999 9.999 0.999 99.999 0.999
309.333333 310.333333 9999.99 0.999 99.99 0.999 9.999 0.999000 9.99 0.999000 99.999 0.999 99.999 0.999 99.999 0.999 99.99 0.999000 999.999 0.999 999.999 0.999 999.999 0.999 9.999 0.999 99.999 0.999
312.333333 313.333333 9999.99 0.999 99.99 0.999 9.999 0.999000 9.99 0.999000 99.999 0.999 99.999 0.999 99.999 0.999 99.99 0.999000 999.999 0.999 999.999 0.999 999.999 0.999 9.999 0.999 99.999 0.999
315.333333 316.333333    9.44 0.000  1.10 0.000 0.123 0.000000 0.16 0.000000  0.282 0.000  0.497 0.000  0.695 0.000 99.99 0.259000   5.746 0.000   2.669 0.000   3.076 0.000 0.018 0.000  0.437 0.000
318.333333 319.333333    8.53 0.000  0.75 0.000 0.105 0.000000 9.99 0.259000  0.692 0.000  1.365 0.000  1.910 0.000 99.99 0.259000   7.443 0.000   1.991 0.000   5.452 0.000 0.027 0.000  0.363 0.000
321.333333 322.333333    7.92 0.000  0.67 0.000 9.999 0.259000 9.99 0.259000  0.130 0.000  0.792 0.000  1.109 0.000 99.99 0.259000   4.561 0.000   2.006 0.000   2.555 0.000 0.008 0.000  0.245 0.000
324.333333 325.333333   17.00 0.000  0.58 0.000 9.999 0.259000 0.16 0.000000  0.018 0.000  0.775 0.000  1.085 0.000 99.99 0.259000  11.103 0.000   7.952 0.000   3.151 0.000 0.021 0.000  0.264 0.000
327.333333 328.333333    9.94 0.000  1.01 0.000 9.999 0.259000 0.23 0.000000  0.026 0.000  0.713 0.000  0.998 0.000 99.99 0.259000   4.864 0.000   2.643 0.000   2.221 0.000 0.014 0.000  0.122 0.000
330.333333 331.333333   22.22 0.000  1.13 0.000 9.999 0.259000 0.10 0.000000  1.594 0.000  1.438 0.000  2.014 0.000 99.99 0.259000  17.008 0.000   4.605 0.000  12.403 0.000 0.116 0.000  0.254 0.000
333.333333 334.333333    8.93 0.000  0.46 0.000 0.221 0.000000 0.14 0.000000  0.010 0.000  0.163 0.000  0.228 0.000 99.99 0.259000   2.952 0.000   2.081 0.000   0.872 0.000 0.012 0.000  0.062 0.000
336.333333 337.333333    6.94 0.000  0.35 0.000 9.999 0.259000 0.08 0.000000  0.008 0.000  0.198 0.000  0.277 0.000 99.99 0.259000   3.100 0.000   2.104 0.000   0.996 0.000 0.010 0.000  0.065 0.000
339.333333 340.333333   10.11 0.000  1.56 0.000 9.999 0.259000 0.16 0.000000  0.194 0.000  0.504 0.000  0.706 0.000 99.99 0.259000   4.865 0.000   1.806 0.000   3.059 0.000 0.019 0.000  0.281 0.000
342.333333 343.333333    5.18 0.000  0.44 0.000 9.999 0.259000 0.08 0.000000  0.022 0.000  0.269 0.000  0.376 0.000 99.99 0.259000   2.451 0.000   1.669 0.000   0.782 0.000 0.015 0.000  0.074 0.000
345.333333 346.333333    1.97 0.000  0.35 0.000 0.054 0.000000 9.99 0.259000  0.008 0.000  0.307 0.000  0.429 0.000 99.99 0.259000   0.740 0.000   0.559 0.000   0.180 0.000 0.004 0.000  0.029 0.000
348.333333 349.333333    3.95 0.000  0.25 0.000 9.999 0.259000 9.99 0.259000  0.030 0.000  0.474 0.000  0.663 0.000 99.99 0.259000   1.739 0.000   0.683 0.000   1.056 0.000 0.008 0.000  0.051 0.000
351.333333 352.333333    5.34 0.000  0.75 0.000 0.040 0.000000 9.99 0.259000  0.005 0.000  0.089 0.000  0.125 0.000 99.99 0.259000   1.323 0.000   0.905 0.000   0.417 0.000 0.006 0.000  0.029 0.000
354.333333 355.333333    8.59 0.000  0.33 0.000 9.999 0.259000 9.99 0.259000  0.013 0.000  0.241 0.000  0.338 0.000 99.99 0.259000   2.191 0.000   0.892 0.000   1.298 0.000 0.013 0.000  0.052 0.000
357.333333 358.333333   15.36 0.000  0.53 0.000 9.999 0.259000 0.16 0.000000  0.018 0.000  0.169 0.000  0.237 0.000 99.99 0.259000   8.598 0.000   7.360 0.000   1.238 0.000 0.016 0.000  0.087 0.000
360.333333 361.333333   10.21 0.000  0.67 0.000 9.999 0.259000 0.13 0.000000  0.021 0.000  0.558 0.000  0.781 0.000 99.99 0.259000   3.780 0.000   2.112 0.000   1.668 0.000 0.020 0.000  0.075 0.000
363.333333 364.333333    1.20 0.000  0.45 0.000 9.999 0.259000 0.11 0.000000  0.016 0.000  0.538 0.000  0.753 0.000 99.99 0.259000   0.904 0.000   0.300 0.000   0.604 0.000 0.005 0.000  0.036 0.000
