scripts/IMPROVE-2019_partial/data/US0032R.20100102100000.20191216000000.filterpack...52w.3d.US03L_filterpack_US0032.US03L_IMPROVE_Davis.lev2.nas
51 1001
MISSING INFORMATION
US03L, IMPROVE, , , , , , , 
MISSING INFORMATION
IMPROVE sel_HTAP
1 1
2010 01 01 2019 12 16
3.000000
days from file reference point
4
1 1 1 1
999.999999 999.999 999.999 9.999
end_time of measurement, days from the file reference point
pm10_mass, ug/m3, Matrix=pm10
pm25_mass, ug/m3, Matrix=pm25
numflag, no unit
0
33
Data definition:              EBAS_1.1
Set type code:                TU
Timezone:                     UTC
File name:                    US0032R.20100102100000.20191216000000.filterpack...52w.3d.US03L_filterpack_US0032.US03L_IMPROVE_Davis.lev2.nas
File creation:                20191218115735
Startdate:                    20100102100000
Revision date:                20191216000000
Version:                      2
Version description:          "Data extracted from http://views.cira.colostate.edu/fed/DataWizard 2019-12-16"
Statistics:                   arithmetic mean
Data level:                   2
Period code:                  52w
Resolution code:              3d
Sample duration:              1d
Orig. time res.:              3d
Station code:                 US0032R
Platform code:                US0032S
Station name:                 Haleakala NP
Station latitude:             20.8086
Station longitude:            -156.2823
Station altitude:             1153.0 m
Regime:                       IMG
Component:                    
Unit:                         ug/m3
Matrix:                       
Laboratory code:              US03L
Instrument type:              filterpack
Instrument name:              filterpack_US0032
Method ref:                   US03L_IMPROVE_Davis
Blank correction:             Blank corrected
Volume std. temperature:      ambient
Volume std. pressure:         ambient
starttime endtime PM10 PM2.5 flag
  1.416667   2.416667  10.246   8.480 0.000
  4.416667   5.416667   3.939   2.221 0.000
  7.416667   8.416667   5.756   3.527 0.000
 10.416667  11.416667   3.897   1.961 0.000
 13.416667  14.416667   9.177   4.316 0.000
 16.416667  17.416667   3.200   1.977 0.000
 19.416667  20.416667   1.662   0.660 0.000
 22.416667  23.416667  13.464  12.094 0.000
 25.416667  26.416667   7.227   5.105 0.000
 28.416667  29.416667   4.911   4.008 0.000
 31.416667  32.416667   5.774   3.653 0.000
 34.416667  35.416667   3.742   1.665 0.000
 37.416667  38.416667   3.983   1.911 0.000
 40.416667  41.416667   4.819   2.390 0.000
 43.416667  44.416667   2.988   1.135 0.000
 46.416667  47.416667   4.675   2.510 0.000
 49.416667  50.416667   2.207   1.254 0.000
 52.416667  53.416667   5.175   2.671 0.000
 55.416667  56.416667   6.450   4.817 0.000
 58.416667  59.416667   1.124   0.328 0.000
 61.416667  62.416667   4.396   2.142 0.000
 64.416667  65.416667   2.939   1.525 0.000
 67.416667  68.416667   2.574   1.130 0.000
 70.416667  71.416667  12.971   3.521 0.000
 73.416667  74.416667   3.542   1.255 0.000
 76.416667  77.416667   2.451   1.316 0.000
 79.416667  80.416667   5.710   3.901 0.000
 82.416667  83.416667   5.587   2.643 0.000
 85.416667  86.416667   3.055   1.376 0.000
 88.416667  89.416667 999.999 999.999 0.999
 91.416667  92.416667   6.082   2.967 0.000
 94.416667  95.416667   4.297   2.053 0.000
 97.416667  98.416667   7.032   3.785 0.000
100.416667 101.416667   4.891   2.141 0.000
103.416667 104.416667   2.630   1.493 0.000
106.416667 107.416667   8.151   4.986 0.000
109.416667 110.416667   6.476   2.831 0.000
112.416667 113.416667   4.239   1.826 0.000
115.416667 116.416667   6.227   3.076 0.000
118.416667 119.416667   7.096   4.257 0.000
121.416667 122.416667  11.582  10.267 0.000
124.416667 125.416667   7.861   4.116 0.000
127.416667 128.416667   5.712   2.944 0.000
130.416667 131.416667   3.847   2.073 0.000
133.416667 134.416667   7.096   3.335 0.000
136.416667 137.416667   7.569   3.996 0.000
139.416667 140.416667   1.874   0.685 0.000
142.416667 143.416667   2.688   1.235 0.000
145.416667 146.416667   9.353   3.901 0.000
148.416667 149.416667   9.629   5.035 0.000
151.416667 152.416667   7.395   3.140 0.000
154.416667 155.416667   4.743   1.653 0.000
157.416667 158.416667   5.311   2.560 0.000
160.416667 161.416667   9.445   3.496 0.000
163.416667 164.416667   4.072   1.636 0.000
166.416667 167.416667   4.811   1.859 0.000
169.416667 170.416667   3.455   1.328 0.000
172.416667 173.416667   5.246   2.259 0.000
175.416667 176.416667   3.850   1.558 0.000
178.416667 179.416667   9.386   8.274 0.000
181.416667 182.416667   5.601   2.113 0.000
184.416667 185.416667   4.754   2.202 0.000
187.416667 188.416667 999.999 999.999 0.999
190.416667 191.416667   1.992   1.018 0.000
193.416667 194.416667   3.546   2.162 0.000
196.416667 197.416667   2.071   1.084 0.000
199.416667 200.416667   3.325   1.512 0.000
202.416667 203.416667   3.205   1.333 0.000
205.416667 206.416667   6.806   2.610 0.000
208.416667 209.416667   4.258   2.265 0.000
211.416667 212.416667   4.548   1.941 0.000
214.416667 215.416667   1.063   0.587 0.000
217.416667 218.416667   5.354   3.041 0.000
220.416667 221.416667   6.670   2.911 0.000
223.416667 224.416667   5.072   1.970 0.000
226.416667 227.416667   2.494   1.051 0.000
229.416667 230.416667   4.601   2.127 0.000
232.416667 233.416667   4.274   1.825 0.000
235.416667 236.416667   3.196   1.172 0.000
238.416667 239.416667   2.274   0.991 0.000
241.416667 242.416667   6.310   2.460 0.000
244.416667 245.416667   2.814   0.837 0.000
247.416667 248.416667   1.839   0.649 0.000
250.416667 251.416667   4.558   1.909 0.000
253.416667 254.416667  13.347   8.562 0.000
256.416667 257.416667   4.014   1.381 0.000
259.416667 260.416667   9.452   2.944 0.000
262.416667 263.416667   3.005   1.147 0.000
265.416667 266.416667   6.046   2.098 0.000
268.416667 269.416667   3.997   1.680 0.000
271.416667 272.416667   3.639   1.337 0.000
274.416667 275.416667   2.297   1.947 0.000
277.416667 278.416667   6.201   2.628 0.000
280.416667 281.416667   7.679   3.329 0.000
283.416667 284.416667   3.120   1.542 0.000
286.416667 287.416667   4.944   2.110 0.000
289.416667 290.416667   4.331   1.833 0.000
292.416667 293.416667   2.888   1.560 0.000
295.416667 296.416667   7.337   4.231 0.000
298.416667 299.416667   2.891   1.131 0.000
301.416667 302.416667   3.141   1.015 0.000
304.416667 305.416667   3.618   1.595 0.000
307.416667 308.416667   1.463   0.519 0.000
310.416667 311.416667   6.343   2.041 0.000
313.416667 314.416667   6.787   2.569 0.000
316.416667 317.416667   8.326   3.468 0.000
319.416667 320.416667   9.716   3.692 0.000
322.416667 323.416667   4.267   2.386 0.000
325.416667 326.416667   2.639   0.824 0.000
328.416667 329.416667   2.804   0.734 0.000
331.416667 332.416667   3.587   1.656 0.000
334.416667 335.416667   3.821   1.367 0.000
337.416667 338.416667   7.571   2.808 0.000
340.416667 341.416667   7.408   3.647 0.000
343.416667 344.416667   2.892   0.763 0.000
346.416667 347.416667   9.419   7.539 0.000
349.416667 350.416667   8.342   5.093 0.000
352.416667 353.416667   3.691   2.107 0.000
355.416667 356.416667   5.938   3.614 0.000
358.416667 359.416667   6.960   4.448 0.000
361.416667 362.416667  11.579   7.253 0.000
364.416667 365.416667   5.216   2.469 0.000
