scripts/IMPROVE-2019_partial/data/US0065R.20050101050000.20191216000000.filterpack..pm25.52w.1w.US03L_filterpack_US0065.US03L_IMPROVE_Davis.lev2.nas
64 1001
MISSING INFORMATION
US03L, IMPROVE, , , , , , , 
MISSING INFORMATION
IMPROVE sel_HTAP
1 1
2005 01 01 2019 12 16
3.000000
days from file reference point
25
1 1 1 1 1 1 1 1 1 1 1 1 1 1 1 1 1 1 1 1 1 1 1 1 1
999.999999 999.99 9.999 999.99 9.999 9.999 9.999999 99.99 9.999 99.999 9.999 99.999 9.999 99.999 9.999 999.999 9.999 999.999 9.999 999.999 9.999 9.999 9.999 99.999 9.999
end_time of measurement, days from the file reference point
iron, ng/m3, Revision date=20181210133000
numflag iron, no unit, Revision date=20181210133000
lead, ng/m3, Revision date=20181210133000
numflag lead, no unit, Revision date=20181210133000
magnesium, ug/m3, Revision date=20181210133000
numflag magnesium, no unit, Revision date=20181210133000
nickel, ng/m3, Revision date=20181210133000
numflag nickel, no unit, Revision date=20181210133000
nitrate, ug N/m3, Revision date=20181210133000
numflag nitrate, no unit, Revision date=20181210133000
organic_carbon, ug C/m3, Revision date=20181210133000
numflag organic_carbon, no unit, Revision date=20181210133000
organic_mass, ug/m3, Revision date=20181210133000
numflag organic_mass, no unit, Revision date=20181210133000
pm10_mass, ug/m3, Version=2, Version description=Data extracted from http://views.cira.colostate.edu/fed/DataWizard 2019-12-16, Sample duration=1d, Orig. time res.=3d, Matrix=pm10, Blank correction=Blank corrected, Volume std. temperature=ambient, Volume std. pressure=ambient
numflag pm10_mass, no unit, Version=2, Version description=Data extracted from http://views.cira.colostate.edu/fed/DataWizard 2019-12-16, Sample duration=1d, Orig. time res.=3d, Matrix=pm10, Blank correction=Blank corrected, Volume std. temperature=ambient, Volume std. pressure=ambient
pm10_pm25_mass, ug/m3, Revision date=20181210133000, Matrix=pm10_pm25
numflag pm10_pm25_mass, no unit, Revision date=20181210133000, Matrix=pm10_pm25
pm25_mass, ug/m3, Version=2, Version description=Data extracted from http://views.cira.colostate.edu/fed/DataWizard 2019-12-16, Sample duration=1d, Orig. time res.=3d, Blank correction=Blank corrected, Volume std. temperature=ambient, Volume std. pressure=ambient
numflag pm25_mass, no unit, Version=2, Version description=Data extracted from http://views.cira.colostate.edu/fed/DataWizard 2019-12-16, Sample duration=1d, Orig. time res.=3d, Blank correction=Blank corrected, Volume std. temperature=ambient, Volume std. pressure=ambient
potassium, ug/m3, Revision date=20181210133000
numflag potassium, no unit, Revision date=20181210133000
sulphate_total, ug S/m3, Revision date=20181210133000
numflag sulphate_total, no unit, Revision date=20181210133000
0
25
Data definition:              EBAS_1.1
Set type code:                TU
Timezone:                     UTC
File name:                    US0065R.20050101050000.20191216000000.filterpack..pm25.52w.1w.US03L_filterpack_US0065.US03L_IMPROVE_Davis.lev2.nas
File creation:                20191218115942
Startdate:                    20050101050000
Revision date:                20191216000000
Statistics:                   arithmetic mean
Data level:                   2
Period code:                  52w
Resolution code:              1w
Station code:                 US0065R
Platform code:                US0065S
Station name:                 Addison Pinnacle
Station latitude:             42.0912
Station longitude:            -77.2099
Station altitude:             512.0 m
Regime:                       IMG
Component:                    
Matrix:                       pm25
Laboratory code:              US03L
Instrument type:              filterpack
Instrument name:              filterpack_US0065
Method ref:                   US03L_IMPROVE_Davis
starttime endtime Fe flag_Fe Pb flag_Pb Mg++ flag_Mg++ Ni flag_Ni NO3- flag_NO3- OC flag_OC OM flag_OM PM10 flag_PM10 PM10-PM2.5 flag_PM10-PM2.5 PM2.5 flag_PM2.5 K+ flag_K+ SO4-- flag_SO4--
  0.208333   1.208333  12.49 0.000   1.59 0.000 9.999 0.259000  0.24 0.000  0.416 0.000  0.548 0.000  0.986 0.000   7.944 0.000   1.261 0.000   6.684 0.000 0.024 0.000  0.774 0.000
  3.208333   4.208333   2.89 0.000   1.28 0.000 9.999 0.259000 99.99 0.259  0.121 0.000  0.436 0.000  0.785 0.000   3.001 0.000 999.999 0.259   3.081 0.000 0.012 0.000  0.505 0.000
  6.208333   7.208333  11.24 0.000   1.48 0.000 9.999 0.259000  0.26 0.000  0.034 0.000  0.497 0.000  0.894 0.000   4.769 0.000   0.710 0.000   4.059 0.000 0.017 0.000  0.673 0.000
  9.208333  10.208333  12.93 0.000   1.71 0.000 9.999 0.259000  0.15 0.000  0.220 0.000  0.874 0.000  1.573 0.000   7.162 0.000   0.136 0.000   7.025 0.000 0.022 0.000  1.164 0.000
 12.208333  13.208333  17.04 0.000   2.77 0.000 9.999 0.259000  0.85 0.000  0.263 0.000  1.706 0.000  3.071 0.000  10.948 0.000   0.640 0.000  10.305 0.000 0.053 0.000  1.379 0.000
 15.208333  16.208333  19.63 0.000   3.83 0.000 9.999 0.259000  0.37 0.000  0.440 0.000  1.602 0.000  2.883 0.000  10.265 0.000   1.892 0.000   8.371 0.000 0.051 0.000  0.629 0.000
 18.208333  19.208333 999.99 0.999 999.99 0.999 9.999 0.999000 99.99 0.999 99.999 0.999 99.999 0.999 99.999 0.999 999.999 0.999 999.999 0.999 999.999 0.999 9.999 0.999 99.999 0.999
 21.208333  22.208333  17.17 0.000   3.78 0.000 9.999 0.259000  2.00 0.000  0.283 0.000  1.351 0.000  2.432 0.000   7.999 0.000   1.841 0.000   6.156 0.000 0.054 0.000  0.496 0.000
 24.208333  25.208333  22.73 0.000   2.41 0.000 9.999 0.259000  0.24 0.000  0.298 0.000  1.061 0.000  1.910 0.000   7.564 0.000   0.441 0.000   7.128 0.000 0.037 0.000  0.932 0.000
 27.208333  28.208333   8.47 0.000   1.54 0.000 9.999 0.259000  0.29 0.000  0.260 0.000  1.604 0.000  2.886 0.000   7.286 0.000   1.692 0.000   5.591 0.000 0.051 0.000  0.287 0.000
 30.208333  31.208333  25.56 0.000   5.24 0.000 9.999 0.259000  0.40 0.000  0.297 0.000  1.690 0.000  3.042 0.000  10.992 0.000   3.711 0.000   7.279 0.000 0.051 0.000  0.569 0.000
 33.208333  34.208333  58.54 0.000   7.37 0.000 9.999 0.259000  3.25 0.000  0.921 0.000  2.257 0.000  4.062 0.000  19.831 0.000   5.363 0.000  14.464 0.000 0.066 0.000  0.942 0.000
 36.208333  37.208333  27.60 0.000   4.71 0.000 9.999 0.259000  0.43 0.000  0.383 0.000  2.320 0.000  4.175 0.000  15.026 0.000   1.870 0.000  13.153 0.000 0.064 0.000  1.430 0.000
 39.208333  40.208333  23.90 0.000   3.86 0.000 0.012 0.000000  0.40 0.000  0.146 0.000  0.906 0.000  1.630 0.000   4.984 0.000   0.242 0.000   4.741 0.000 0.029 0.000  0.482 0.000
 42.208333  43.208333  25.84 0.000   1.71 0.000 9.999 0.259000  0.21 0.000  0.462 0.000  0.701 0.000  1.261 0.000   8.246 0.000   0.695 0.000   7.550 0.000 0.026 0.000  0.841 0.000
 45.208333  46.208333  19.72 0.000   1.57 0.000 9.999 0.259000 99.99 0.259  0.067 0.000  0.577 0.000  1.038 0.000   6.620 0.000   0.897 0.000   5.722 0.000 0.019 0.000  0.955 0.000
 48.208333  49.208333  14.69 0.000   1.20 0.000 9.999 0.259000  0.23 0.000  0.110 0.000  0.431 0.000  0.775 0.000   3.706 0.000   1.070 0.000   2.636 0.000 0.017 0.000  0.297 0.000
 51.208333  52.208333  16.70 0.000   1.82 0.000 9.999 0.259000  0.49 0.000  0.180 0.000  0.902 0.000  1.623 0.000   8.204 0.000   0.542 0.000   7.660 0.000 0.028 0.000  1.312 0.000
 54.208333  55.208333  21.79 0.000   4.57 0.000 9.999 0.259000  0.21 0.000  0.469 0.000  1.054 0.000  1.897 0.000   9.443 0.000   2.000 0.000   7.441 0.000 0.034 0.000  0.485 0.000
 57.208333  58.208333  14.78 0.000   2.15 0.000 9.999 0.259000  0.18 0.000  0.239 0.000  1.052 0.000  1.893 0.000   7.337 0.000   1.421 0.000   5.914 0.000 0.033 0.000  0.506 0.000
 60.208333  61.208333  10.74 0.000   1.68 0.000 9.999 0.259000  0.08 0.000  0.035 0.000  0.359 0.000  0.645 0.000   3.560 0.000   0.666 0.000   2.894 0.000 0.017 0.000  0.500 0.000
 63.208333  64.208333  34.84 0.000   2.17 0.000 9.999 0.259000 99.99 0.259  0.580 0.000  1.621 0.000  2.918 0.000  12.545 0.000   2.771 0.000   9.772 0.000 0.043 0.000  0.708 0.000
 66.208333  67.208333  16.40 0.000   1.83 0.000 0.013 0.000000 99.99 0.259  0.160 0.000  0.420 0.000  0.756 0.000   5.817 0.000   2.498 0.000   3.354 0.000 0.018 0.000  0.406 0.000
 69.208333  70.208333  35.00 0.000   3.02 0.000 9.999 0.259000  0.29 0.000  0.638 0.000  1.267 0.000  2.280 0.000  13.128 0.000   0.367 0.000  12.758 0.000 0.041 0.000  1.566 0.000
 72.208333  73.208333  17.87 0.000   1.21 0.000 9.999 0.259000 99.99 0.259  0.217 0.000  0.705 0.000  1.269 0.000   6.481 0.000   1.440 0.000   5.041 0.000 0.026 0.000  0.599 0.000
 75.208333  76.208333  33.69 0.000   2.45 0.000 9.999 0.259000  0.12 0.000  0.946 0.000  1.575 0.000  2.835 0.000  18.618 0.000   4.463 0.000  14.150 0.000 0.049 0.000  1.140 0.000
 78.208333  79.208333  33.31 0.000   8.45 0.000 9.999 0.259000  0.61 0.000  1.147 0.000  1.590 0.000  2.863 0.000  20.003 0.000   1.130 0.000  18.869 0.000 0.062 0.000  1.671 0.000
 81.208333  82.208333  25.28 0.000   4.41 0.000 9.999 0.259000  0.09 0.000  0.502 0.000  0.990 0.000  1.781 0.000   9.234 0.000   2.536 0.000   6.697 0.000 0.030 0.000  0.442 0.000
 84.208333  85.208333  24.49 0.000   3.79 0.000 9.999 0.259000 99.99 0.259  0.385 0.000  0.791 0.000  1.424 0.000  11.219 0.000   1.209 0.000  10.008 0.000 0.038 0.000  1.443 0.000
 87.208333  88.208333   5.51 0.000   1.41 0.000 0.008 0.000000 99.99 0.259  0.176 0.000  0.304 0.000  0.548 0.000   3.985 0.000   0.577 0.000   3.410 0.000 0.018 0.000  0.555 0.000
 90.208333  91.208333  12.23 0.000   1.52 0.000 9.999 0.259000  0.34 0.000  0.091 0.000  0.118 0.000  0.213 0.000   6.030 0.000   1.469 0.000   4.561 0.000 0.016 0.000  0.820 0.000
 93.208333  94.208333  16.25 0.000   1.72 0.000 9.999 0.259000 99.99 0.259  0.039 0.000  0.447 0.000  0.804 0.000   3.337 0.000   1.149 0.000   2.187 0.000 0.016 0.000  0.352 0.000
 96.208333  97.208333  46.38 0.000   4.77 0.000 9.999 0.259000  0.35 0.000  0.133 0.000  2.748 0.000  4.946 0.000  20.360 0.000   4.830 0.000  15.527 0.000 0.072 0.000  1.913 0.000
 99.208333 100.208333  20.99 0.000   6.83 0.000 9.999 0.259000 99.99 0.259  0.053 0.000  1.348 0.000  2.427 0.000   8.133 0.000   3.098 0.000   5.034 0.000 0.039 0.000  0.438 0.000
102.208333 103.208333  25.18 0.000   1.60 0.000 9.999 0.259000  0.27 0.000  0.081 0.000  0.993 0.000  1.787 0.000   6.843 0.000   3.176 0.000   3.666 0.000 0.040 0.000  0.280 0.000
105.208333 106.208333  51.31 0.000   3.50 0.000 9.999 0.259000  0.33 0.000  0.088 0.000  1.004 0.000  1.808 0.000  13.735 0.000   8.839 0.000   4.895 0.000 0.051 0.000  0.449 0.000
108.208333 109.208333  76.11 0.000   4.16 0.000 9.999 0.259000 99.99 0.259  0.100 0.000  1.754 0.000  3.158 0.000  22.309 0.000  10.277 0.000  12.029 0.000 0.071 0.000  1.538 0.000
111.208333 112.208333  28.71 0.000   2.65 0.000 9.999 0.259000  0.54 0.000  0.174 0.000  0.792 0.000  1.426 0.000   8.735 0.000   3.475 0.000   5.258 0.000 0.026 0.000  0.658 0.000
114.208333 115.208333  11.45 0.000   1.53 0.000 9.999 0.259000 99.99 0.259  0.016 0.000  0.345 0.000  0.620 0.000   3.129 0.000   0.322 0.000   2.806 0.000 0.009 0.000  0.476 0.000
117.208333 118.208333  17.18 0.000   1.59 0.000 9.999 0.259000  0.21 0.000  0.175 0.000  0.406 0.000  0.731 0.000   5.775 0.000   1.828 0.000   3.947 0.000 0.018 0.000  0.657 0.000
120.208333 121.208333  18.56 0.000   2.62 0.000 9.999 0.259000  0.20 0.000  0.270 0.000  0.631 0.000  1.136 0.000   7.959 0.000   1.262 0.000   6.696 0.000 0.027 0.000  1.049 0.000
123.208333 124.208333  25.15 0.000   2.06 0.000 9.999 0.259000  0.22 0.000  0.370 0.000  0.574 0.000  1.034 0.000   9.174 0.000   1.147 0.000   8.026 0.000 0.020 0.000  1.258 0.000
126.208333 127.208333  45.53 0.000   3.26 0.000 9.999 0.259000  0.56 0.000  0.106 0.000  1.119 0.000  2.014 0.000  13.301 0.000   4.218 0.000   9.081 0.000 0.038 0.000  1.305 0.000
129.208333 130.208333  60.31 0.000   4.01 0.000 9.999 0.259000  0.40 0.000  0.064 0.000  1.816 0.000  3.269 0.000  18.555 0.000   9.469 0.000   9.212 0.000 0.045 0.000  1.039 0.000
132.208333 133.208333  48.95 0.000   2.30 0.000 9.999 0.259000 99.99 0.259  0.089 0.000  0.747 0.000  1.345 0.000  14.724 0.000  10.393 0.000   4.329 0.000 0.037 0.000  0.414 0.000
135.208333 136.208333   9.39 0.000   1.37 0.000 9.999 0.259000  0.22 0.000  0.051 0.000  0.325 0.000  0.586 0.000   5.104 0.000   1.304 0.000   3.800 0.000 0.009 0.000  0.555 0.000
138.208333 139.208333  31.25 0.000   1.82 0.000 9.999 0.259000 99.99 0.259  0.036 0.000  0.697 0.000  1.254 0.000  11.471 0.000   5.931 0.000   5.539 0.000 0.022 0.000  0.762 0.000
141.208333 142.208333   7.36 0.000   1.55 0.000 9.999 0.259000  0.29 0.000  0.120 0.000  0.469 0.000  0.844 0.000   4.545 0.000   1.184 0.000   3.360 0.000 0.012 0.000  0.466 0.000
144.208333 145.208333  20.60 0.000   1.56 0.000 9.999 0.259000 99.99 0.259  0.133 0.000  0.604 0.000  1.088 0.000   6.207 0.000   2.943 0.000   3.264 0.000 0.021 0.000  0.298 0.000
147.208333 148.208333  14.15 0.000   2.02 0.000 9.999 0.259000  0.22 0.000  0.027 0.000  0.703 0.000  1.265 0.000   6.083 0.000   1.587 0.000   4.496 0.000 0.016 0.000  0.563 0.000
150.208333 151.208333  23.99 0.000   2.98 0.000 9.999 0.259000 99.99 0.259  0.077 0.000  1.102 0.000  1.984 0.000   9.705 0.000   3.415 0.000   6.303 0.000 0.025 0.000  0.746 0.000
153.208333 154.208333  20.71 0.000   2.82 0.000 9.999 0.259000  0.35 0.000  0.119 0.000  0.666 0.000  1.199 0.000   9.405 0.000   2.562 0.000   6.843 0.000 0.015 0.000  0.943 0.000
156.208333 157.208333  23.82 0.394   2.21 0.394 9.999 0.394259  0.22 0.394  0.022 0.394  1.601 0.000  2.881 0.000  29.915 0.000   4.127 0.000  25.829 0.000 0.035 0.394  4.970 0.394
159.208333 160.208333  44.12 0.000   1.60 0.000 9.999 0.259000  0.21 0.000  0.036 0.000  1.879 0.000  3.382 0.000  25.671 0.000   4.262 0.000  21.406 0.000 0.040 0.000  3.097 0.000
162.208333 163.208333  46.78 0.000   2.74 0.000 9.999 0.259000  0.09 0.000  0.030 0.000  1.779 0.000  3.203 0.000  27.463 0.000   2.227 0.000  25.231 0.000 0.051 0.000  4.348 0.000
165.208333 166.208333  23.71 0.000   1.63 0.000 9.999 0.259000  0.10 0.000  0.031 0.000  0.921 0.000  1.659 0.000  13.348 0.000   4.812 0.000   8.535 0.000 0.028 0.000  1.308 0.000
168.208333 169.208333   6.20 0.000   3.50 0.000 0.005 0.000000 99.99 0.259  0.035 0.000  0.408 0.000  0.735 0.000   3.949 0.000   1.594 0.000   2.355 0.000 0.012 0.000  0.236 0.000
171.208333 172.208333  35.28 0.000  10.03 0.000 9.999 0.259000  0.23 0.000  0.030 0.000  1.266 0.000  2.278 0.000  21.505 0.000   3.479 0.000  18.067 0.000 0.031 0.000  3.174 0.000
174.208333 175.208333  42.18 0.000   4.22 0.000 9.999 0.259000  0.14 0.000  0.018 0.000  2.043 0.000  3.677 0.000  24.119 0.000   8.467 0.000  15.649 0.000 0.035 0.000  2.312 0.000
177.208333 178.208333  47.02 0.394   3.51 0.394 9.999 0.394259  0.17 0.394  0.055 0.394  3.274 0.000  5.893 0.000  33.989 0.000   4.152 0.000  29.879 0.000 0.075 0.394  4.080 0.394
180.208333 181.208333  29.55 0.000   9.48 0.000 0.012 0.000000  0.07 0.000  0.094 0.000  2.686 0.000  4.834 0.000  22.272 0.000   3.280 0.000  18.989 0.000 0.060 0.000  2.782 0.000
183.208333 184.208333  22.27 0.000   8.28 0.000 9.999 0.259000  0.38 0.000  0.035 0.000  1.664 0.000  2.995 0.000  13.325 0.000   5.229 0.000   8.094 0.000 0.117 0.000  0.728 0.000
186.208333 187.208333 999.99 0.999 999.99 0.999 9.999 0.999000 99.99 0.999 99.999 0.999 99.999 0.999 99.999 0.999 999.999 0.999 999.999 0.999 999.999 0.999 9.999 0.999 99.999 0.999
189.208333 190.208333 999.99 0.999 999.99 0.999 9.999 0.999000 99.99 0.999 99.999 0.999 99.999 0.999 99.999 0.999 999.999 0.999 999.999 0.999 999.999 0.999 9.999 0.999 99.999 0.999
192.208333 193.208333 999.99 0.999 999.99 0.999 9.999 0.999000 99.99 0.999 99.999 0.999 99.999 0.999 99.999 0.999 999.999 0.999 999.999 0.999 999.999 0.999 9.999 0.999 99.999 0.999
195.208333 196.208333 999.99 0.456 999.99 0.456 9.999 0.456000 99.99 0.456  0.056 0.000  1.792 0.000  3.225 0.000  32.665 0.000 999.999 0.456 999.999 0.456 9.999 0.456  5.073 0.000
198.208333 199.208333  36.38 0.000   1.95 0.000 0.021 0.000000 99.99 0.259  0.020 0.000  1.294 0.000  2.328 0.000  29.556 0.000   1.546 0.000  28.008 0.000 0.033 0.000  5.696 0.000
201.208333 202.208333  51.67 0.000   2.54 0.000 9.999 0.259000 99.99 0.259  0.031 0.000  1.948 0.000  3.507 0.000  22.598 0.000   7.705 0.000  14.890 0.000 0.039 0.000  1.807 0.000
204.208333 205.208333  23.33 0.000   3.71 0.000 9.999 0.259000 99.99 0.259  0.015 0.000  2.300 0.000  4.139 0.000  13.587 0.000   2.771 0.000  10.815 0.000 0.037 0.000  1.169 0.000
207.208333 208.208333  14.54 0.000   1.04 0.000 9.999 0.259000 99.99 0.259  0.018 0.000  0.846 0.000  1.522 0.000  10.459 0.000   2.950 0.000   7.509 0.000 0.020 0.000  1.012 0.000
210.208333 211.208333  34.90 0.000   4.04 0.000 9.999 0.259000  0.25 0.000  0.039 0.000  1.635 0.000  2.942 0.000  18.263 0.000   2.933 0.000  15.329 0.000 0.028 0.000  2.367 0.000
213.208333 214.208333  50.28 0.000   2.99 0.000 9.999 0.259000  0.13 0.000  0.040 0.000  1.754 0.000  3.157 0.000  22.029 0.000   3.614 0.000  18.457 0.000 0.041 0.000  2.711 0.000
216.208333 217.208333  38.64 0.000   1.53 0.000 9.999 0.259000  0.15 0.000  0.018 0.000  1.533 0.000  2.760 0.000  19.723 0.000   5.307 0.000  14.416 0.000 0.029 0.000  2.151 0.000
219.208333 220.208333  42.26 0.000   3.30 0.000 9.999 0.259000  0.30 0.000  0.029 0.000  1.770 0.000  3.187 0.000  26.718 0.000   3.200 0.000  23.518 0.000 0.044 0.000  4.008 0.000
222.208333 223.208333  31.30 0.000   1.70 0.000 9.999 0.259000 99.99 0.259  0.026 0.000  1.388 0.000  2.499 0.000  20.040 0.000   1.982 0.000  18.058 0.000 0.033 0.000  2.995 0.000
225.208333 226.208333  58.89 0.000   2.12 0.000 9.999 0.259000  0.08 0.000  0.084 0.000  1.137 0.000  2.046 0.000  13.126 0.000   2.865 0.000  10.259 0.000 0.043 0.000  1.279 0.000
228.208333 229.208333  28.71 0.000   1.71 0.000 9.999 0.259000  0.17 0.000  0.035 0.000  1.598 0.000  2.877 0.000  12.246 0.000   3.850 0.000   8.396 0.000 0.034 0.000  0.704 0.000
231.208333 232.208333  16.20 0.000   3.75 0.000 9.999 0.259000  0.31 0.000  0.017 0.000  0.773 0.000  1.392 0.000  14.163 0.000   1.812 0.000  12.350 0.000 0.024 0.000  2.002 0.000
234.208333 235.208333   9.53 0.000   1.15 0.000 9.999 0.259000 99.99 0.259  0.017 0.000  0.306 0.000  0.551 0.000   5.374 0.000   1.988 0.000   3.390 0.000 0.009 0.000  0.411 0.000
237.208333 238.208333  41.42 0.000   2.43 0.000 9.999 0.259000 99.99 0.259  0.030 0.000  1.500 0.000  2.700 0.000  18.594 0.000   5.907 0.000  12.687 0.000 0.031 0.000  1.480 0.000
240.208333 241.208333  18.87 0.000   3.01 0.000 0.025 0.000000  0.16 0.000  0.051 0.000  1.066 0.000  1.919 0.000  27.904 0.000   2.179 0.000  25.723 0.000 0.026 0.000  4.990 0.000
243.208333 244.208333  11.32 0.000   2.86 0.000 9.999 0.259000  0.20 0.000  0.034 0.000  0.868 0.000  1.563 0.000  10.378 0.000   3.051 0.000   7.327 0.000 0.015 0.000  1.001 0.000
246.208333 247.208333  10.19 0.000   5.13 0.000 0.012 0.000000 99.99 0.259  0.023 0.000  0.629 0.000  1.132 0.000   5.265 0.000   1.626 0.000   3.639 0.000 0.021 0.000  0.327 0.000
249.208333 250.208333  21.55 0.000   4.77 0.000 9.999 0.259000  0.50 0.000  0.038 0.000  1.214 0.000  2.185 0.000  14.163 0.000   3.041 0.000  11.121 0.000 0.024 0.000  1.445 0.000
252.208333 253.208333  16.33 0.000   3.11 0.000 9.999 0.259000  0.10 0.000  0.049 0.000  0.991 0.000  1.785 0.000   9.721 0.000   3.212 0.000   6.510 0.000 0.020 0.000  0.697 0.000
255.208333 256.208333  59.20 0.000   4.66 0.000 9.999 0.259000  0.38 0.000  0.039 0.000  1.976 0.000  3.557 0.000  35.298 0.000   3.154 0.000  32.182 0.000 0.046 0.000  6.046 0.000
258.208333 259.208333  35.96 0.394   4.71 0.394 9.999 0.394259  0.85 0.394  0.102 0.394  1.107 0.000  1.992 0.000  19.366 0.000   4.892 0.000  14.826 0.000 0.037 0.394  2.492 0.394
261.208333 262.208333  21.26 0.000   2.55 0.000 9.999 0.259000  0.33 0.000  0.051 0.000  1.373 0.000  2.471 0.000  15.739 0.000   5.389 0.000  10.228 0.000 0.026 0.000  1.484 0.000
