scripts/IMPROVE-2019_partial/data/US0043U.20060102050000.20191216000000.filterpack..pm25.52w.1w.US03L_filterpack_US0043.US03L_IMPROVE_Davis.lev2.nas
64 1001
MISSING INFORMATION
US03L, IMPROVE, , , , , , , 
MISSING INFORMATION
IMPROVE sel_HTAP
1 1
2006 01 01 2019 12 16
3.000000
days from file reference point
25
1 1 1 1 1 1 1 1 1 1 1 1 1 1 1 1 1 1 1 1 1 1 1 1 1
999.999999 9999.99 9.999 999.99 9.999 9.999 9.999999 999.99 9.999 99.999 9.999 99.999 9.999 999.999 9.999 999.999 9.999 999.999 9.999 999.999 9.999 9.999 9.999 99.999 9.999
end_time of measurement, days from the file reference point
iron, ng/m3, Revision date=20181210133000
numflag iron, no unit, Revision date=20181210133000
lead, ng/m3, Revision date=20181210133000
numflag lead, no unit, Revision date=20181210133000
magnesium, ug/m3, Revision date=20181210133000
numflag magnesium, no unit, Revision date=20181210133000
nickel, ng/m3, Revision date=20181210133000
numflag nickel, no unit, Revision date=20181210133000
nitrate, ug N/m3, Revision date=20181210133000
numflag nitrate, no unit, Revision date=20181210133000
organic_carbon, ug C/m3, Revision date=20181210133000
numflag organic_carbon, no unit, Revision date=20181210133000
organic_mass, ug/m3, Revision date=20181210133000
numflag organic_mass, no unit, Revision date=20181210133000
pm10_mass, ug/m3, Version=2, Version description=Data extracted from http://views.cira.colostate.edu/fed/DataWizard 2019-12-16, Sample duration=1d, Orig. time res.=3d, Matrix=pm10, Blank correction=Blank corrected, Volume std. temperature=ambient, Volume std. pressure=ambient
numflag pm10_mass, no unit, Version=2, Version description=Data extracted from http://views.cira.colostate.edu/fed/DataWizard 2019-12-16, Sample duration=1d, Orig. time res.=3d, Matrix=pm10, Blank correction=Blank corrected, Volume std. temperature=ambient, Volume std. pressure=ambient
pm10_pm25_mass, ug/m3, Revision date=20181210133000, Matrix=pm10_pm25
numflag pm10_pm25_mass, no unit, Revision date=20181210133000, Matrix=pm10_pm25
pm25_mass, ug/m3, Version=2, Version description=Data extracted from http://views.cira.colostate.edu/fed/DataWizard 2019-12-16, Sample duration=1d, Orig. time res.=3d, Blank correction=Blank corrected, Volume std. temperature=ambient, Volume std. pressure=ambient
numflag pm25_mass, no unit, Version=2, Version description=Data extracted from http://views.cira.colostate.edu/fed/DataWizard 2019-12-16, Sample duration=1d, Orig. time res.=3d, Blank correction=Blank corrected, Volume std. temperature=ambient, Volume std. pressure=ambient
potassium, ug/m3, Revision date=20181210133000
numflag potassium, no unit, Revision date=20181210133000
sulphate_total, ug S/m3, Revision date=20181210133000
numflag sulphate_total, no unit, Revision date=20181210133000
0
25
Data definition:              EBAS_1.1
Set type code:                TU
Timezone:                     UTC
File name:                    US0043U.20060102050000.20191216000000.filterpack..pm25.52w.1w.US03L_filterpack_US0043.US03L_IMPROVE_Davis.lev2.nas
File creation:                20191218115804
Startdate:                    20060102050000
Revision date:                20191216000000
Statistics:                   arithmetic mean
Data level:                   2
Period code:                  52w
Resolution code:              1w
Station code:                 US0043U
Platform code:                US0043S
Station name:                 Baltimore
Station latitude:             39.2547
Station longitude:            -76.7093
Station altitude:             78.0 m
Regime:                       IMG
Component:                    
Matrix:                       pm25
Laboratory code:              US03L
Instrument type:              filterpack
Instrument name:              filterpack_US0043
Method ref:                   US03L_IMPROVE_Davis
starttime endtime Fe flag_Fe Pb flag_Pb Mg++ flag_Mg++ Ni flag_Ni NO3- flag_NO3- OC flag_OC OM flag_OM PM10 flag_PM10 PM10-PM2.5 flag_PM10-PM2.5 PM2.5 flag_PM2.5 K+ flag_K+ SO4-- flag_SO4--
[from data line 87]
262.208333 263.208333 9999.99 0.999 999.99 0.999 9.999 0.999000 999.99 0.999 99.999 0.999 99.999 0.999 999.999 0.999 999.999 0.999 999.999 0.999 999.999 0.999 9.999 0.999 99.999 0.999
265.208333 266.208333   51.34 0.000   2.21 0.000 9.999 0.259000   0.63 0.000  0.079 0.000  2.743 0.000   4.938 0.000  23.371 0.000   6.130 0.000  17.241 0.000 0.043 0.000  2.583 0.000
268.208333 269.208333   55.48 0.000   2.08 0.000 9.999 0.259000 999.99 0.259  0.067 0.000  1.388 0.000   2.498 0.000  14.429 0.000   5.991 0.000   8.439 0.000 0.031 0.000  1.049 0.000
271.208333 272.208333   22.95 0.000   1.19 0.000 9.999 0.259000 999.99 0.259  0.083 0.000  0.674 0.000   1.214 0.000   9.043 0.000   4.128 0.000   4.915 0.000 0.019 0.000  0.735 0.000
274.208333 275.208333   57.63 0.000   2.69 0.000 9.999 0.259000   0.11 0.000  0.056 0.000  1.915 0.000   3.447 0.000  16.707 0.000   6.718 0.000   9.989 0.000 0.041 0.000  1.200 0.000
277.208333 278.208333   50.14 0.000   2.78 0.000 9.999 0.259000   0.27 0.000  0.115 0.000  0.961 0.000   1.729 0.000  15.925 0.000  10.184 0.000   5.741 0.000 0.025 0.000  0.720 0.000
280.208333 281.208333   77.10 0.000   6.08 0.000 0.023 0.000000   1.22 0.000  0.253 0.000  1.685 0.000   3.033 0.000  15.247 0.000   8.662 0.000   6.584 0.000 0.065 0.000  0.512 0.000
283.208333 284.208333 9999.99 0.999 999.99 0.999 9.999 0.999000 999.99 0.999 99.999 0.999 99.999 0.999 999.999 0.999 999.999 0.999 999.999 0.999 999.999 0.999 9.999 0.999 99.999 0.999
286.208333 287.208333   48.03 0.000   2.87 0.000 9.999 0.259000 999.99 0.259  0.080 0.000  1.491 0.000   2.684 0.000  11.858 0.000   6.853 0.000   5.005 0.000 0.043 0.000  0.361 0.000
289.208333 290.208333   58.01 0.000   1.93 0.000 9.999 0.259000   0.50 0.000  0.168 0.000  0.974 0.000   1.754 0.000  11.035 0.000   3.468 0.000   7.566 0.000 0.031 0.000  0.935 0.000
292.208333 293.208333   38.56 0.000   1.40 0.000 0.022 0.000000   0.49 0.000  0.165 0.000  1.143 0.000   2.058 0.000  11.543 0.000   2.870 0.000   8.673 0.000 0.017 0.000  1.305 0.000
295.208333 296.208333   17.99 0.000   1.48 0.000 0.016 0.000000 999.99 0.259  0.041 0.000  0.717 0.000   1.290 0.000   8.005 0.000   1.730 0.000   6.276 0.000 0.020 0.000  1.048 0.000
298.208333 299.208333   44.35 0.000   1.81 0.000 9.999 0.259000   0.25 0.000  0.119 0.000  1.393 0.000   2.507 0.000   9.376 0.000   3.348 0.000   6.028 0.000 0.040 0.000  0.638 0.000
301.208333 302.208333   20.71 0.000   1.27 0.000 9.999 0.259000 999.99 0.259  0.082 0.000  1.201 0.000   2.163 0.000   8.941 0.000   4.789 0.000   4.151 0.000 0.068 0.000  0.281 0.000
304.208333 305.208333   61.06 0.000   2.51 0.000 9.999 0.259000   0.17 0.000  0.114 0.000  2.363 0.000   4.254 0.000  17.434 0.000   6.254 0.000  11.181 0.000 0.039 0.000  1.181 0.000
307.208333 308.208333   42.88 0.000   3.12 0.000 9.999 0.259000   0.16 0.000  0.569 0.000  1.645 0.000   2.961 0.000  12.714 0.000   3.701 0.000   9.013 0.000 0.056 0.000  0.763 0.000
310.208333 311.208333  405.61 0.000  20.51 0.000 9.999 0.259000   4.10 0.000  1.292 0.000  2.989 0.000   5.380 0.000  30.690 0.000   9.673 0.000  21.017 0.000 0.200 0.000  0.948 0.000
313.208333 314.208333  153.56 0.000   4.89 0.000 9.999 0.259000   1.36 0.000  0.493 0.000  2.568 0.000   4.623 0.000  25.981 0.000   7.983 0.000  17.998 0.000 0.053 0.000  2.133 0.000
316.208333 317.208333   29.84 0.000   2.90 0.000 9.999 0.259000   0.26 0.000  0.186 0.000  0.715 0.000   1.287 0.000   8.429 0.000   2.354 0.000   6.075 0.000 0.022 0.000  0.879 0.000
319.208333 320.208333   54.45 0.000   2.04 0.000 9.999 0.259000   3.21 0.000  0.395 0.000  1.412 0.000   2.542 0.000  14.378 0.000   5.723 0.000   8.655 0.000 0.044 0.000  0.785 0.000
322.208333 323.208333   19.03 0.000   4.13 0.000 9.999 0.259000   0.21 0.000  0.233 0.000  1.641 0.000   2.955 0.000  11.430 0.000   1.786 0.000   9.644 0.000 0.038 0.000  1.405 0.000
325.208333 326.208333   46.75 0.000   3.22 0.000 9.999 0.259000   1.14 0.000  0.373 0.000  1.235 0.000   2.223 0.000   8.518 0.000   3.166 0.000   5.353 0.000 0.035 0.000  0.298 0.000
328.208333 329.208333  149.92 0.000  10.49 0.000 0.011 0.000000   6.56 0.000  0.520 0.000  2.940 0.000   5.292 0.000  20.380 0.000   9.305 0.000  11.075 0.000 0.111 0.000  0.706 0.000
331.208333 332.208333  430.14 0.000  14.87 0.000 9.999 0.259000   8.75 0.000  1.418 0.000  6.365 0.000  11.457 0.000  41.707 0.000  12.031 0.000  29.676 0.000 0.102 0.000  1.651 0.000
334.208333 335.208333   22.08 0.000   0.54 0.000 0.031 0.000000   0.36 0.000  0.098 0.000  1.048 0.000   1.886 0.000   9.922 0.000   5.090 0.000   4.832 0.000 0.028 0.000  0.563 0.000
337.208333 338.208333   37.26 0.000   2.52 0.000 9.999 0.259000   0.17 0.000  0.510 0.000  2.133 0.000   3.840 0.000  12.283 0.000   2.820 0.000   9.463 0.000 0.052 0.000  0.808 0.000
340.208333 341.208333   51.07 0.000   1.98 0.000 9.999 0.259000   0.29 0.000  0.262 0.000  1.792 0.000   3.226 0.000  12.875 0.000   5.412 0.000   7.464 0.000 0.047 0.000  0.654 0.000
343.208333 344.208333   81.06 0.000   3.24 0.000 9.999 0.259000   0.10 0.000  0.269 0.000  3.600 0.000   6.480 0.000  13.970 0.000   4.442 0.000   9.528 0.000 0.112 0.000  0.327 0.000
346.208333 347.208333  169.95 0.000   6.45 0.000 9.999 0.259000   2.19 0.000  1.039 0.000  3.472 0.000   6.249 0.000  27.805 0.000   7.422 0.000  20.383 0.000 0.082 0.000  1.469 0.000
349.208333 350.208333   38.36 0.000   3.02 0.000 9.999 0.259000   0.25 0.000  0.432 0.000  1.373 0.000   2.471 0.000   9.939 0.000   2.837 0.000   7.101 0.000 0.044 0.000  0.779 0.000
352.208333 353.208333   31.94 0.000   2.31 0.000 9.999 0.259000   0.48 0.000  0.365 0.000  1.377 0.000   2.479 0.000   9.032 0.000   2.934 0.000   6.097 0.000 0.037 0.000  0.509 0.000
355.208333 356.208333  316.19 0.000  14.61 0.000 9.999 0.259000  12.26 0.000  1.108 0.000  4.579 0.000   8.242 0.000  36.897 0.000  12.464 0.000  24.433 0.000 0.149 0.000  1.309 0.000
358.208333 359.208333   70.82 0.000   3.98 0.000 9.999 0.259000   1.88 0.000  0.491 0.000  2.717 0.000   4.891 0.000  14.142 0.000   1.607 0.000  12.536 0.000 0.082 0.000  0.843 0.000
361.208333 362.208333  127.50 0.000   3.28 0.000 9.999 0.259000   1.15 0.000  0.235 0.000  2.774 0.000   4.993 0.000  13.612 0.000   3.882 0.000   9.730 0.000 0.053 0.000  0.847 0.000
364.208333 365.208333  129.48 0.000  10.37 0.000 9.999 0.259000   1.68 0.000  0.865 0.000  2.496 0.000   4.492 0.000  18.597 0.000   3.320 0.000  15.277 0.000 0.160 0.000  1.174 0.000
