scripts/IMPROVE-2019_partial/data/US0045R.20040101050000.20191216000000.filterpack..pm25.52w.1w.US03L_filterpack_US0045.US03L_IMPROVE_Davis.lev2.nas
66 1001
MISSING INFORMATION
US03L, IMPROVE, , , , , , , 
MISSING INFORMATION
IMPROVE sel_HTAP
1 1
2004 01 01 2019 12 16
3.000000
days from file reference point
27
1 1 1 1 1 1 1 1 1 1 1 1 1 1 1 1 1 1 1 1 1 1 1 1 1 1 1
999.999999 999.99 9.999999 99.99 9.999999 9.999 9.999999999 9.99 9.999999999 99.999 9.999 99.999 9.999 99.999 9.999 99.99 9.999999999 999.999 9.999 999.999 9.999 999.999 9.999 9.999 9.999999 99.999 9.999
end_time of measurement, days from the file reference point
iron, ng/m3, Revision date=20181210133000
numflag iron, no unit, Revision date=20181210133000
lead, ng/m3, Revision date=20181210133000
numflag lead, no unit, Revision date=20181210133000
magnesium, ug/m3, Revision date=20181210133000
numflag magnesium, no unit, Revision date=20181210133000
nickel, ng/m3, Revision date=20181210133000
numflag nickel, no unit, Revision date=20181210133000
nitrate, ug N/m3, Revision date=20181210133000
numflag nitrate, no unit, Revision date=20181210133000
organic_carbon, ug C/m3, Revision date=20181210133000
numflag organic_carbon, no unit, Revision date=20181210133000
organic_mass, ug/m3, Revision date=20181210133000
numflag organic_mass, no unit, Revision date=20181210133000
phosphorus, ng/m3, Revision date=20181210133000
numflag phosphorus, no unit, Revision date=20181210133000
pm10_mass, ug/m3, Version=2, Version description=Data extracted from http://views.cira.colostate.edu/fed/DataWizard 2019-12-16, Sample duration=1d, Orig. time res.=3d, Matrix=pm10, Blank correction=Blank corrected, Volume std. temperature=ambient, Volume std. pressure=ambient
numflag pm10_mass, no unit, Version=2, Version description=Data extracted from http://views.cira.colostate.edu/fed/DataWizard 2019-12-16, Sample duration=1d, Orig. time res.=3d, Matrix=pm10, Blank correction=Blank corrected, Volume std. temperature=ambient, Volume std. pressure=ambient
pm10_pm25_mass, ug/m3, Revision date=20181210133000, Matrix=pm10_pm25
numflag pm10_pm25_mass, no unit, Revision date=20181210133000, Matrix=pm10_pm25
pm25_mass, ug/m3, Version=2, Version description=Data extracted from http://views.cira.colostate.edu/fed/DataWizard 2019-12-16, Sample duration=1d, Orig. time res.=3d, Blank correction=Blank corrected, Volume std. temperature=ambient, Volume std. pressure=ambient
numflag pm25_mass, no unit, Version=2, Version description=Data extracted from http://views.cira.colostate.edu/fed/DataWizard 2019-12-16, Sample duration=1d, Orig. time res.=3d, Blank correction=Blank corrected, Volume std. temperature=ambient, Volume std. pressure=ambient
potassium, ug/m3, Revision date=20181210133000
numflag potassium, no unit, Revision date=20181210133000
sulphate_total, ug S/m3, Revision date=20181210133000
numflag sulphate_total, no unit, Revision date=20181210133000
0
25
Data definition:              EBAS_1.1
Set type code:                TU
Timezone:                     UTC
File name:                    US0045R.20040101050000.20191216000000.filterpack..pm25.52w.1w.US03L_filterpack_US0045.US03L_IMPROVE_Davis.lev2.nas
File creation:                20191218115811
Startdate:                    20040101050000
Revision date:                20191216000000
Statistics:                   arithmetic mean
Data level:                   2
Period code:                  52w
Resolution code:              1w
Station code:                 US0045R
Platform code:                US0045S
Station name:                 Isle Royale NP
Station latitude:             47.4596
Station longitude:            -88.1491
Station altitude:             182.0 m
Regime:                       IMG
Component:                    
Matrix:                       pm25
Laboratory code:              US03L
Instrument type:              filterpack
Instrument name:              filterpack_US0045
Method ref:                   US03L_IMPROVE_Davis
starttime endtime Fe flag_Fe Pb flag_Pb Mg++ flag_Mg++ Ni flag_Ni NO3- flag_NO3- OC flag_OC OM flag_OM P flag_P PM10 flag_PM10 PM10-PM2.5 flag_PM10-PM2.5 PM2.5 flag_PM2.5 K+ flag_K+ SO4-- flag_SO4--
  0.208333   1.208333   7.08 0.000000  0.32 0.000000 0.026 0.000000000 9.99 0.259000000  0.031 0.000  0.444 0.000  0.621 0.000 99.99 0.259000000   2.862 0.000   1.133 0.000   1.729 0.000 0.014 0.000000  0.207 0.000
  3.208333   4.208333   2.94 0.000000  0.12 0.000000 9.999 0.259000000 0.14 0.000000000  0.021 0.000  0.298 0.000  0.417 0.000 99.99 0.259000000   2.329 0.000   0.467 0.000   1.862 0.000 0.011 0.000000  0.287 0.000
  6.208333   7.208333   4.01 0.559000  0.11 0.559000 9.999 0.559259000 0.16 0.559000000  0.037 0.000  0.358 0.000  0.501 0.000 99.99 0.559259000   2.778 0.000   1.463 0.000   1.315 0.559 0.011 0.559000  0.162 0.000
  9.208333  10.208333   7.81 0.000000  1.63 0.000000 0.030 0.000000000 0.08 0.000000000  0.341 0.000  0.713 0.000  0.998 0.000 99.99 0.259000000   6.103 0.000   1.365 0.000   4.737 0.000 0.030 0.000000  0.258 0.000
 12.208333  13.208333   2.34 0.000000  0.23 0.000000 9.999 0.259000000 0.08 0.000000000  0.033 0.000  0.075 0.000  0.105 0.000 99.99 0.259000000   2.386 0.000   0.925 0.000   1.460 0.000 0.011 0.000000  0.159 0.000
 15.208333  16.208333   6.10 0.000000  0.33 0.000000 0.027 0.000000000 0.08 0.000000000  0.033 0.000  0.169 0.000  0.237 0.000 99.99 0.259000000   4.082 0.000   2.915 0.000   1.167 0.000 0.011 0.000000  0.147 0.000
 18.208333  19.208333   1.43 0.000000  0.12 0.000000 9.999 0.259000000 0.05 0.000000000  0.010 0.000  0.003 0.000  0.004 0.000 99.99 0.259000000   0.804 0.000   0.095 0.000   0.709 0.000 0.003 0.000000  0.088 0.000
 21.208333  22.208333   2.58 0.000000  0.39 0.000000 9.999 0.259000000 9.99 0.259000000  0.022 0.000  0.116 0.000  0.162 0.000 99.99 0.259000000   1.482 0.000   0.169 0.000   1.313 0.000 0.013 0.000000  0.172 0.000
 24.208333  25.208333   3.90 0.000000  0.80 0.000000 9.999 0.259000000 0.23 0.000000000  0.009 0.000  0.118 0.000  0.165 0.000 99.99 0.259000000   2.471 0.000   0.301 0.000   2.170 0.000 0.011 0.000000  0.373 0.000
 27.208333  28.208333   4.32 0.000000  0.90 0.000000 9.999 0.259000000 0.13 0.000000000  0.010 0.000  0.194 0.000  0.271 0.000 99.99 0.259000000   3.830 0.000   2.453 0.000   1.377 0.000 0.010 0.000000  0.221 0.000
 30.208333  31.208333   4.79 0.000000  1.23 0.000000 9.999 0.259000000 0.09 0.000000000  0.020 0.000  0.242 0.000  0.339 0.000 99.99 0.259000000   2.498 0.000   0.319 0.000   2.179 0.000 0.017 0.000000  0.341 0.000
 33.208333  34.208333  10.69 0.000000  1.52 0.000000 9.999 0.259000000 0.10 0.000000000  0.186 0.000  0.968 0.000  1.355 0.000 99.99 0.259000000   5.491 0.000   0.596 0.000   4.895 0.000 0.024 0.000000  0.679 0.000
 36.208333  37.208333   8.56 0.000000  0.71 0.000000 9.999 0.259000000 0.11 0.000000000  0.012 0.000  0.352 0.000  0.492 0.000 99.99 0.259000000   3.662 0.000   1.259 0.000   2.403 0.000 0.014 0.000000  0.420 0.000
 39.208333  40.208333  13.43 0.000000  1.01 0.000000 0.033 0.000000000 9.99 0.259000000  0.485 0.000  1.169 0.000  1.636 0.000 99.99 0.259000000   9.933 0.000   1.701 0.000   8.232 0.000 0.027 0.000000  0.911 0.000
 42.208333  43.208333   4.35 0.000000  0.30 0.000000 9.999 0.259000000 0.09 0.000000000  0.017 0.000  0.227 0.000  0.318 0.000 99.99 0.259000000   3.199 0.000   1.931 0.000   1.268 0.000 0.007 0.000000  0.173 0.000
 45.208333  46.208333   2.36 0.000000  0.36 0.000000 9.999 0.259000000 0.08 0.000000000  0.014 0.000  0.188 0.000  0.263 0.000 99.99 0.259000000   2.456 0.000   0.968 0.000   1.488 0.000 0.009 0.000000  0.236 0.000
 48.208333  49.208333   9.97 0.000000  1.09 0.000000 9.999 0.259000000 9.99 0.259000000  1.315 0.000  0.903 0.000  1.264 0.000 99.99 0.259000000  15.646 0.000   4.111 0.000  11.535 0.000 0.020 0.000000  0.754 0.000
 51.208333  52.208333   2.78 0.000000  0.35 0.000000 9.999 0.259000000 9.99 0.259000000  0.008 0.000  0.514 0.000  0.720 0.000 99.99 0.259000000   5.146 0.000   0.576 0.000   4.569 0.000 0.017 0.000000  0.841 0.000
 54.208333  55.208333  19.14 0.000000  1.71 0.000000 9.999 0.259000000 0.26 0.000000000  0.020 0.000  0.624 0.000  0.874 0.000 99.99 0.259000000   6.553 0.000   0.357 0.000   6.196 0.000 0.020 0.000000  1.196 0.000
 57.208333  58.208333  16.09 0.000000  2.71 0.000000 9.999 0.259000000 0.15 0.000000000  0.117 0.000  0.798 0.000  1.117 0.000 99.99 0.259000000   7.028 0.000   1.552 0.000   5.476 0.000 0.026 0.000000  0.870 0.000
 60.208333  61.208333  63.40 0.000000  7.52 0.000000 9.999 0.259000000 0.20 0.000000000  1.837 0.000  2.733 0.000  3.826 0.000 99.99 0.259000000  25.631 0.000   3.906 0.000  21.725 0.000 0.066 0.000000  1.777 0.000
 63.208333  64.208333   2.90 0.000000  0.27 0.000000 0.035 0.000000000 0.19 0.000000000  0.011 0.000  0.270 0.000  0.378 0.000 99.99 0.259000000   3.472 0.000   0.313 0.000   3.159 0.000 0.011 0.000000  0.594 0.000
 66.208333  67.208333   7.81 0.000000  1.64 0.000000 0.035 0.000000000 9.99 0.259000000  0.016 0.559  0.430 0.000  0.602 0.000 99.99 0.259000000   4.167 0.000   0.315 0.000   3.851 0.000 0.025 0.000000  0.693 0.559
 69.208333  70.208333  12.04 0.000000  1.53 0.000000 9.999 0.259000000 9.99 0.259000000  0.316 0.000  0.686 0.000  0.960 0.000 99.99 0.259000000   8.880 0.000   4.066 0.000   4.815 0.000 0.019 0.000000  0.579 0.000
 72.208333  73.208333  10.26 0.000000  1.07 0.000000 9.999 0.259000000 9.99 0.259000000  0.079 0.000  0.274 0.000  0.383 0.000 99.99 0.259000000   4.954 0.000   2.265 0.000   2.689 0.000 0.016 0.000000  0.378 0.000
 75.208333  76.208333   6.97 0.000000  0.59 0.000000 0.024 0.000000000 9.99 0.259000000  0.020 0.000  0.102 0.000  0.143 0.000 99.99 0.259000000   3.275 0.000   1.632 0.000   1.642 0.000 0.010 0.000000  0.265 0.000
 78.208333  79.208333   8.77 0.000000  1.01 0.000000 9.999 0.259000000 9.99 0.259000000  0.254 0.000  0.646 0.000  0.905 0.000 99.99 0.259000000  22.138 0.000  17.233 0.000   4.905 0.000 0.016 0.000000  0.784 0.000
 81.208333  82.208333  11.04 0.000000  1.31 0.000000 9.999 0.259000000 9.99 0.259000000  0.056 0.000  0.245 0.000  0.343 0.000 99.99 0.259000000   4.699 0.000   2.404 0.000   2.295 0.000 0.014 0.000000  0.340 0.000
 84.208333  85.208333 999.99 0.699000 99.99 0.699000 9.999 0.699000000 9.99 0.699000000  0.948 0.000  2.449 0.000  3.428 0.000 99.99 0.699000000  26.857 0.000 999.999 0.999 999.999 0.699 9.999 0.699000  1.662 0.000
 87.208333  88.208333  12.26 0.000000  1.91 0.000000 9.999 0.259000000 0.06 0.000000000  0.038 0.000  0.787 0.000  1.102 0.000 99.99 0.259000000   7.955 0.000   1.329 0.000   6.626 0.000 0.019 0.000000  1.270 0.000
 90.208333  91.208333   6.00 0.000000  0.68 0.000000 9.999 0.259000000 9.99 0.259000000  0.050 0.000  0.223 0.000  0.313 0.000 99.99 0.259000000   3.619 0.000   1.715 0.000   1.905 0.000 0.021 0.000000  0.258 0.000
 93.208333  94.208333   6.73 0.000000  0.48 0.000000 9.999 0.259000000 0.10 0.000000000  0.009 0.000  0.151 0.000  0.212 0.000 99.99 0.259000000   1.347 0.000   0.359 0.000   0.988 0.000 0.009 0.000000  0.092 0.000
 96.208333  97.208333  29.11 0.559000  2.72 0.559000 9.999 0.559259000 0.11 0.559000000  0.600 0.000  1.085 0.000  1.519 0.000 99.99 0.559259000   7.271 0.000   1.664 0.000   5.607 0.559 0.032 0.559000  0.402 0.000
 99.208333 100.208333   9.34 0.000000  0.93 0.000000 9.999 0.259000000 0.27 0.000000000  0.024 0.000  0.256 0.000  0.358 0.000 99.99 0.259000000   2.837 0.000   1.033 0.000   1.804 0.000 0.013 0.000000  0.267 0.000
102.208333 103.208333   3.81 0.000000  0.44 0.000000 0.048 0.000000000 0.11 0.000000000  0.026 0.000  0.141 0.000  0.198 0.000 99.99 0.259000000   1.431 0.000   0.409 0.000   1.022 0.000 0.010 0.000000  0.148 0.000
105.208333 106.208333  34.45 0.000000  1.34 0.000000 9.999 0.259000000 0.12 0.000000000  0.086 0.000  0.568 0.000  0.795 0.000 99.99 0.259000000  11.546 0.000   8.074 0.000   3.472 0.000 0.029 0.000000  0.399 0.000
108.208333 109.208333  19.53 0.000000  1.04 0.000000 0.030 0.000000000 0.45 0.000000000  0.104 0.000  0.718 0.000  1.005 0.000 99.99 0.259000000   6.271 0.000   1.389 0.000   4.882 0.000 0.026 0.000000  0.602 0.000
111.208333 112.208333  10.52 0.000000  1.27 0.000000 9.999 0.259000000 0.14 0.000000000  0.027 0.000  0.331 0.000  0.463 0.000 99.99 0.259000000   4.630 0.000   0.959 0.000   3.671 0.000 0.014 0.000000  0.634 0.000
114.208333 115.208333  16.01 0.000000  0.74 0.000000 9.999 0.259000000 9.99 0.259000000  0.018 0.000  0.135 0.000  0.190 0.000 99.99 0.259000000   3.662 0.000   1.117 0.000   2.544 0.000 0.018 0.000000  0.396 0.000
117.208333 118.208333  10.52 0.000000  0.68 0.000000 9.999 0.259000000 9.99 0.259000000  0.013 0.000  0.205 0.000  0.287 0.000 99.99 0.259000000   2.663 0.000   0.719 0.000   1.944 0.000 0.012 0.000000  0.260 0.000
120.208333 121.208333   5.25 0.000000  0.43 0.000000 9.999 0.259000000 0.08 0.000000000  0.006 0.000  0.156 0.000  0.218 0.000 99.99 0.259000000   2.468 0.000   1.208 0.000   1.260 0.000 0.006 0.000000  0.133 0.000
123.208333 124.208333   8.03 0.000000  0.56 0.000000 0.032 0.000000000 0.14 0.000000000  0.016 0.000  0.183 0.000  0.256 0.000 99.99 0.259000000   3.160 0.000   1.718 0.000   1.442 0.000 0.009 0.000000  0.173 0.000
126.208333 127.208333  21.12 0.000000  0.89 0.000000 9.999 0.259000000 0.16 0.000000000  0.043 0.000  0.992 0.000  1.389 0.000 99.99 0.259000000   7.734 0.000   4.002 0.000   3.732 0.000 0.030 0.000000  0.421 0.000
129.208333 130.208333  22.48 0.000000  1.68 0.000000 9.999 0.259000000 0.12 0.000000000  0.025 0.000  0.978 0.000  1.369 0.000 99.99 0.259000000  11.560 0.000   4.646 0.000   6.914 0.000 0.024 0.000000  1.121 0.000
132.208333 133.208333  79.20 0.000000  1.86 0.000000 9.999 0.259000000 0.74 0.000000000  0.101 0.000  1.328 0.000  1.859 0.000 99.99 0.259000000  14.055 0.000   6.250 0.000   7.805 0.000 0.037 0.000000  1.308 0.000
135.208333 136.208333   7.07 0.000000  0.54 0.000000 9.999 0.259000000 0.40 0.000000000  0.011 0.000  0.431 0.000  0.603 0.000 99.99 0.259000000   2.845 0.000   0.540 0.000   2.305 0.000 0.013 0.000000  0.334 0.000
138.208333 139.208333  15.47 0.000000  1.19 0.000000 9.999 0.259000000 0.11 0.000000000  0.030 0.000  0.833 0.000  1.167 0.000 99.99 0.259000000   4.622 0.000   1.035 0.000   3.587 0.000 0.020 0.000000  0.406 0.000
141.208333 142.208333  10.52 0.000000  0.73 0.000000 9.999 0.259000000 0.36 0.000000000  0.013 0.000  0.412 0.000  0.577 0.000 99.99 0.259000000   3.472 0.000   1.600 0.000   1.872 0.000 0.018 0.000000  0.211 0.000
144.208333 145.208333  11.78 0.000000  0.77 0.000000 9.999 0.259000000 0.26 0.000000000  0.018 0.000  0.450 0.000  0.630 0.000 99.99 0.259000000   3.389 0.000   1.094 0.000   2.295 0.000 0.021 0.000000  0.294 0.000
147.208333 148.208333   5.37 0.000000  0.45 0.000000 9.999 0.259000000 0.11 0.000000000  0.010 0.000  0.455 0.000  0.637 0.000 99.99 0.259000000   3.036 0.000   1.537 0.000   1.499 0.000 0.007 0.000000  0.134 0.000
150.208333 151.208333  31.47 0.000000  1.79 0.000000 0.042 0.000000000 0.12 0.000000000  0.027 0.000  1.153 0.000  1.614 0.000 99.99 0.259000000   9.814 0.000   5.678 0.000   4.136 0.000 0.031 0.000000  0.373 0.000
153.208333 154.208333   9.94 0.000000  0.34 0.000000 9.999 0.259000000 0.15 0.000000000  0.014 0.000  0.356 0.000  0.499 0.000 99.99 0.259000000   3.535 0.000   1.915 0.000   1.619 0.000 0.012 0.000000  0.124 0.000
156.208333 157.208333  31.96 0.000000  1.99 0.000000 9.999 0.259000000 0.09 0.000000000  0.045 0.000  1.494 0.000  2.092 0.000 99.99 0.259000000  11.037 0.000   4.439 0.000   6.597 0.000 0.029 0.000000  0.633 0.000
159.208333 160.208333  72.16 0.559000  0.80 0.559000 0.051 0.559000000 0.09 0.559000000  0.037 0.000  1.619 0.000  2.266 0.000 99.99 0.559259000  15.998 0.000   9.213 0.000   6.786 0.559 0.046 0.559000  0.575 0.000
162.208333 163.208333  24.20 0.000000  1.23 0.000000 9.999 0.259000000 0.13 0.000000000  0.010 0.000  0.737 0.000  1.031 0.000 99.99 0.259000000  11.409 0.000   8.637 0.000   2.772 0.000 0.017 0.000000  0.162 0.000
165.208333 166.208333  14.69 0.000000  0.56 0.000000 9.999 0.259000000 0.37 0.000000000  0.012 0.000  0.918 0.000  1.285 0.000 99.99 0.259000000   5.406 0.000   2.132 0.000   3.273 0.000 0.011 0.000000  0.272 0.000
168.208333 169.208333  15.19 0.559000  0.22 0.559000 9.999 0.559259000 0.97 0.559000000  0.027 0.000  0.999 0.000  1.399 0.000 99.99 0.559259000  10.960 0.000   7.261 0.000   3.700 0.559 0.016 0.559000  0.306 0.000
171.208333 172.208333  33.25 0.000000  1.07 0.000000 9.999 0.259000000 9.99 0.259000000  0.017 0.000  0.707 0.000  0.989 0.000 99.99 0.259000000  10.665 0.000   7.513 0.000   3.151 0.000 0.024 0.000000  0.277 0.000
174.208333 175.208333   8.88 0.000000  0.68 0.000000 9.999 0.259000000 0.22 0.000000000  0.011 0.000  0.306 0.000  0.428 0.000 99.99 0.259000000   5.239 0.000   3.568 0.000   1.671 0.000 0.008 0.000000  0.157 0.000
177.208333 178.208333   5.44 0.559000  0.30 0.559000 0.083 0.559000000 0.13 0.559000000  0.007 0.000  0.282 0.000  0.395 0.000 99.99 0.559259000   3.410 0.000   2.295 0.000   1.115 0.559 0.006 0.559000  0.077 0.000
180.208333 181.208333   5.66 0.559000  0.47 0.559000 0.054 0.559000000 0.22 0.559000000  0.015 0.000  1.416 0.000  1.982 0.000 99.99 0.559259000   4.370 0.000   1.511 0.000   2.859 0.559 0.020 0.559000  0.136 0.000
183.208333 184.208333   5.86 0.000000  0.46 0.000000 9.999 0.259000000 0.19 0.000000000  0.013 0.000  0.761 0.000  1.065 0.000 99.99 0.259000000   5.946 0.000   3.995 0.000   1.951 0.000 0.010 0.000000  0.073 0.000
186.208333 187.208333   3.01 0.559000  0.25 0.559000 9.999 0.559259000 0.29 0.559000000  0.009 0.000  0.267 0.000  0.374 0.000 99.99 0.559259000   3.368 0.000   2.429 0.000   0.939 0.559 0.041 0.559000  0.054 0.000
189.208333 190.208333   5.77 0.000000  2.78 0.000000 9.999 0.259000000 0.27 0.000000000  0.014 0.000  1.608 0.000  2.252 0.000 99.99 0.259000000   5.239 0.000   2.571 0.000   2.669 0.000 0.045 0.000000  0.072 0.000
192.208333 193.208333  22.48 0.000000  2.03 0.000000 0.037 0.000000000 0.14 0.000000000  0.045 0.000  2.517 0.000  3.524 0.000 99.99 0.259000000  14.344 0.000   4.261 0.000  10.082 0.000 0.050 0.000000  1.042 0.000
195.208333 196.208333   6.44 0.000000  0.26 0.000000 9.999 0.259000000 0.40 0.000000000  0.014 0.000  2.521 0.000  3.529 0.000 99.99 0.259000000   9.564 0.000   3.758 0.000   5.806 0.000 0.028 0.000000  0.170 0.000
198.208333 199.208333   8.38 0.000000  0.28 0.000000 9.999 0.259000000 0.23 0.000000000  0.014 0.000  4.648 0.000  6.507 0.000 99.99 0.259000000  12.974 0.000   3.107 0.000   9.867 0.000 0.065 0.000000  0.189 0.000
201.208333 202.208333  13.05 0.000000  0.42 0.000000 0.030 0.000000000 0.19 0.000000000  0.019 0.000  3.457 0.000  4.839 0.000 99.99 0.259000000  13.909 0.000   5.400 0.000   8.509 0.000 0.054 0.000000  0.253 0.000
204.208333 205.208333  12.72 0.000000  0.44 0.000000 9.999 0.259000000 0.15 0.000000000  0.008 0.000  0.749 0.000  1.049 0.000 99.99 0.259000000   5.084 0.000   3.162 0.000   1.923 0.000 0.015 0.000000  0.072 0.000
207.208333 208.208333  75.02 0.000000  0.61 0.000000 0.026 0.000000000 0.14 0.000000000  0.022 0.000  4.742 0.000  6.639 0.000 99.99 0.259000000  21.701 0.000   9.549 0.000  12.153 0.000 0.080 0.000000  0.558 0.000
210.208333 211.208333  24.63 0.000000  1.06 0.000000 9.999 0.259000000 0.12 0.000000000  0.029 0.000  1.934 0.000  2.708 0.000 99.99 0.259000000  13.437 0.000   5.139 0.000   8.298 0.000 0.037 0.000000  0.838 0.000
213.208333 214.208333  20.94 0.000000  2.03 0.000000 9.999 0.259000000 9.99 0.259000000  0.017 0.000  1.413 0.000  1.979 0.000 99.99 0.259000000   9.772 0.000   4.996 0.000   4.776 0.000 0.028 0.000000  0.428 0.000
216.208333 217.208333  12.86 0.000000 99.99 0.259000 9.999 0.259000000 0.34 0.000000000  0.016 0.000  1.132 0.000  1.585 0.000 99.99 0.259000000   8.608 0.000   5.627 0.000   2.980 0.000 0.022 0.000000  0.161 0.000
219.208333 220.208333  32.63 0.000000  0.40 0.000000 9.999 0.259000000 9.99 0.259000000  0.006 0.000  1.475 0.000  2.065 0.000 99.99 0.259000000  12.101 0.000   8.366 0.000   3.735 0.000 0.019 0.000000  0.090 0.000
