scripts/IMPROVE-2019_partial/data/US0089R.20080101070000.20191216000000.filterpack...52w.3d.US03L_filterpack_US0089.US03L_IMPROVE_Davis.lev2.nas
52 1001
MISSING INFORMATION
US03L, IMPROVE, , , , , , , 
MISSING INFORMATION
IMPROVE sel_HTAP
1 1
2008 01 01 2019 12 16
3.000000
days from file reference point
5
1 1 1 1 1
999.999999 999.999 9.999 999.999 9.999
end_time of measurement, days from the file reference point
pm10_mass, ug/m3, Matrix=pm10
numflag pm10_mass, no unit, Matrix=pm10
pm25_mass, ug/m3, Matrix=pm25
numflag pm25_mass, no unit, Matrix=pm25
0
33
Data definition:              EBAS_1.1
Set type code:                TU
Timezone:                     UTC
File name:                    US0089R.20080101070000.20191216000000.filterpack...52w.3d.US03L_filterpack_US0089.US03L_IMPROVE_Davis.lev2.nas
File creation:                20191218120127
Startdate:                    20080101070000
Revision date:                20191216000000
Version:                      2
Version description:          "Data extracted from http://views.cira.colostate.edu/fed/DataWizard 2019-12-16"
Statistics:                   arithmetic mean
Data level:                   2
Period code:                  52w
Resolution code:              3d
Sample duration:              1d
Orig. time res.:              3d
Station code:                 US0089R
Platform code:                US0089S
Station name:                 Bridger Wilderness
Station latitude:             42.9749
Station longitude:            -109.7579
Station altitude:             2626.0 m
Regime:                       IMG
Component:                    
Unit:                         ug/m3
Matrix:                       
Laboratory code:              US03L
Instrument type:              filterpack
Instrument name:              filterpack_US0089
Method ref:                   US03L_IMPROVE_Davis
Blank correction:             Blank corrected
Volume std. temperature:      ambient
Volume std. pressure:         ambient
starttime endtime PM10 flag_PM10 PM2.5 flag_PM2.5
  0.291667   1.291667   0.895 0.000   0.387 0.000
  3.291667   4.291667   3.664 0.000   1.519 0.000
  6.291667   7.291667   0.767 0.000   0.506 0.000
  9.291667  10.291667   0.888 0.000   0.443 0.000
 12.291667  13.291667   1.015 0.000   0.532 0.000
 15.291667  16.291667   1.415 0.000   0.854 0.000
 18.291667  19.291667   1.091 0.000   0.877 0.000
 21.291667  22.291667   1.143 0.000   0.978 0.000
 24.291667  25.291667   2.349 0.000   1.504 0.000
 27.291667  28.291667   1.632 0.000   0.617 0.000
 30.291667  31.291667   1.404 0.000   0.570 0.000
 33.291667  34.291667   1.897 0.000   1.149 0.000
 36.291667  37.291667   1.182 0.000   0.843 0.000
 39.291667  40.291667   0.540 0.000   0.205 0.000
 42.291667  43.291667   0.487 0.000   0.375 0.659
 45.291667  46.291667   1.225 0.000   0.742 0.659
 48.291667  49.291667   1.429 0.000   0.514 0.659
 51.291667  52.291667   2.930 0.000   1.154 0.000
 54.291667  55.291667   1.527 0.000   1.270 0.000
 57.291667  58.291667   0.623 0.000   0.527 0.000
 60.291667  61.291667   2.193 0.000   1.284 0.000
 63.291667  64.291667   2.208 0.000   1.023 0.000
 66.291667  67.291667   2.112 0.000   1.176 0.000
 69.291667  70.291667   1.779 0.000   1.366 0.000
 72.291667  73.291667   2.068 0.000   1.313 0.000
 75.291667  76.291667   1.370 0.000   1.080 0.000
 78.291667  79.291667   6.374 0.000   3.827 0.000
 81.291667  82.291667   2.344 0.000   1.783 0.000
 84.291667  85.291667   2.780 0.000   1.653 0.000
 87.291667  88.291667   4.008 0.000   2.457 0.000
 90.291667  91.291667   2.616 0.000   1.930 0.000
 93.291667  94.291667   2.567 0.000   1.677 0.000
 96.291667  97.291667   1.539 0.000   1.046 0.000
 99.291667 100.291667   9.888 0.000   6.513 0.000
102.291667 103.291667   2.884 0.000   2.113 0.000
105.291667 106.291667  25.741 0.000   7.990 0.000
108.291667 109.291667   7.713 0.000   3.551 0.000
111.291667 112.291667 999.999 0.999 999.999 0.999
114.291667 115.291667   4.310 0.000   2.121 0.000
117.291667 118.291667   6.569 0.000   3.723 0.000
120.291667 121.291667  15.740 0.000   6.256 0.000
123.291667 124.291667   4.698 0.000   2.859 0.000
126.291667 127.291667   9.122 0.000   4.519 0.000
129.291667 130.291667   8.523 0.000   5.345 0.000
132.291667 133.291667   3.509 0.000   2.237 0.000
135.291667 136.291667   2.864 0.000   1.952 0.659
138.291667 139.291667   9.541 0.000   4.684 0.659
141.291667 142.291667   5.280 0.000   2.361 0.000
144.291667 145.291667   2.125 0.000   1.313 0.000
147.291667 148.291667 999.999 0.999 999.999 0.999
150.291667 151.291667   2.085 0.000   1.533 0.000
153.291667 154.291667   4.980 0.000   3.176 0.000
156.291667 157.291667   0.931 0.000   0.585 0.000
159.291667 160.291667   1.801 0.000   0.909 0.000
162.291667 163.291667   2.357 0.000   0.945 0.000
165.291667 166.291667   4.009 0.000   1.926 0.659
168.291667 169.291667   6.489 0.000   3.563 0.659
171.291667 172.291667   3.968 0.000   1.505 0.659
174.291667 175.291667   6.775 0.000   3.236 0.659
177.291667 178.291667  14.934 0.000  10.852 0.000
180.291667 181.291667   5.560 0.000   2.510 0.659
183.291667 184.291667   7.914 0.000   4.776 0.659
186.291667 187.291667 999.999 0.999 999.999 0.999
189.291667 190.291667 999.999 0.999 999.999 0.999
192.291667 193.291667   7.666 0.000   3.354 0.659
195.291667 196.291667   4.586 0.000   2.034 0.659
198.291667 199.291667  17.722 0.000  12.360 0.000
201.291667 202.291667  10.052 0.000   4.827 0.659
204.291667 205.291667   6.655 0.000   4.853 0.659
207.291667 208.291667   9.399 0.000   3.657 0.659
210.291667 211.291667   9.343 0.000   6.100 0.659
213.291667 214.291667  12.138 0.000   7.381 0.000
216.291667 217.291667  26.062 0.000  23.313 0.000
219.291667 220.291667   7.144 0.000   4.720 0.000
222.291667 223.291667   2.741 0.000   1.673 0.000
225.291667 226.291667   4.399 0.000   2.321 0.000
228.291667 229.291667   3.182 0.000   2.204 0.000
231.291667 232.291667   6.754 0.000   4.118 0.000
234.291667 235.291667   6.848 0.000   3.843 0.000
237.291667 238.291667   7.460 0.000   3.471 0.000
240.291667 241.291667  27.510 0.000  22.027 0.000
243.291667 244.291667   8.311 0.000   3.682 0.000
246.291667 247.291667   5.577 0.000   3.268 0.000
249.291667 250.291667   4.802 0.000   2.193 0.000
252.291667 253.291667   6.668 0.000   3.423 0.000
255.291667 256.291667 999.999 0.999 999.999 0.999
258.291667 259.291667 999.999 0.999 999.999 0.999
261.291667 262.291667  10.181 0.000 999.999 0.456
264.291667 265.291667   3.596 0.000   2.525 0.000
267.291667 268.291667   4.034 0.000   2.787 0.000
270.291667 271.291667   8.494 0.000   5.839 0.000
273.291667 274.291667   5.318 0.000   3.615 0.000
276.291667 277.291667   6.508 0.000   4.547 0.000
279.291667 280.291667   1.330 0.000   1.482 0.000
282.291667 283.291667   3.303 0.000   2.057 0.000
285.291667 286.291667   1.892 0.000   1.024 0.000
288.291667 289.291667   3.013 0.000   2.375 0.000
291.291667 292.291667   2.638 0.000   1.691 0.000
294.291667 295.291667   4.617 0.000   1.976 0.000
297.291667 298.291667   3.493 0.000   2.316 0.000
300.291667 301.291667   2.546 0.000   1.710 0.000
303.291667 304.291667 999.999 0.999 999.999 0.999
306.291667 307.291667 999.999 0.999 999.999 0.999
309.291667 310.291667   1.393 0.000   1.015 0.000
312.291667 313.291667   0.882 0.000   0.846 0.000
315.291667 316.291667   0.591 0.000   0.545 0.000
318.291667 319.291667   1.582 0.000   1.086 0.000
321.291667 322.291667   1.096 0.000   0.833 0.000
324.291667 325.291667   2.576 0.000   1.795 0.000
327.291667 328.291667   1.438 0.000   1.079 0.000
330.291667 331.291667   3.444 0.000   2.144 0.000
333.291667 334.291667   0.463 0.000   0.508 0.000
336.291667 337.291667   1.903 0.000   0.765 0.000
339.291667 340.291667   1.183 0.000   0.931 0.000
342.291667 343.291667   1.014 0.000   0.709 0.000
345.291667 346.291667   0.803 0.000   0.726 0.000
348.291667 349.291667   1.260 0.000   0.929 0.000
351.291667 352.291667   1.388 0.000   1.080 0.000
354.291667 355.291667   1.874 0.000   1.025 0.000
357.291667 358.291667   0.692 0.000   0.299 0.000
360.291667 361.291667   0.821 0.000   0.555 0.000
363.291667 364.291667   1.098 0.000   0.987 0.000
