scripts/IMPROVE-2019_partial/data/US0082R.19990102050000.20191216000000.filterpack...1y.3d.US03L_filterpack_US0082.US03L_IMPROVE_Davis.lev2.nas
51 1001
MISSING INFORMATION
US03L, IMPROVE, , , , , , , 
MISSING INFORMATION
IMPROVE sel_HTAP
1 1
1999 01 01 2019 12 16
0
days from file reference point
4
1 1 1 1
999.999999 999.999 999.999 9.999
end_time of measurement, days from the file reference point
pm10_mass, ug/m3, Matrix=pm10
pm25_mass, ug/m3, Matrix=pm25
numflag, no unit
0
33
Data definition:              EBAS_1.1
Set type code:                TI
Timezone:                     UTC
File name:                    US0082R.19990102050000.20191216000000.filterpack...1y.3d.US03L_filterpack_US0082.US03L_IMPROVE_Davis.lev2.nas
File creation:                20191218120055
Startdate:                    19990102050000
Revision date:                20191216000000
Version:                      2
Version description:          "Data extracted from http://views.cira.colostate.edu/fed/DataWizard 2019-12-16"
Statistics:                   arithmetic mean
Data level:                   2
Period code:                  1y
Resolution code:              3d
Sample duration:              1d
Orig. time res.:              3d
Station code:                 US0082R
Platform code:                US0082S
Station name:                 Lye Brook Wilderness
Station latitude:             43.1482
Station longitude:            -73.1268
Station altitude:             1015.0 m
Regime:                       IMG
Component:                    
Unit:                         ug/m3
Matrix:                       
Laboratory code:              US03L
Instrument type:              filterpack
Instrument name:              filterpack_US0082
Method ref:                   US03L_IMPROVE_Davis
Blank correction:             Blank corrected
Volume std. temperature:      ambient
Volume std. pressure:         ambient
starttime endtime PM10 PM2.5 flag
  1.208333   2.208333   2.444   2.734 0.000
  5.208333   6.208333   8.796   8.112 0.000
  8.208333   9.208333   2.701   2.304 0.000
 12.208333  13.208333  10.378   7.227 0.000
 15.208333  16.208333  10.167   8.107 0.000
 19.208333  20.208333   7.405   7.380 0.000
 22.208333  23.208333   2.877 999.999 0.000
 26.208333  27.208333   9.131   8.525 0.000
 29.208333  30.208333   3.338   2.511 0.000
 33.208333  34.208333 999.999 999.999 0.999
 36.208333  37.208333 999.999 999.999 0.999
 40.208333  41.208333 999.999 999.999 0.999
 43.208333  44.208333 999.999 999.999 0.999
 47.208333  48.208333 999.999 999.999 0.999
 50.208333  51.208333   9.662   9.381 0.000
 54.208333  55.208333  15.784   2.778 0.000
 57.208333  58.208333 999.999 999.999 0.999
 61.208333  62.208333 999.999 999.999 0.999
 64.208333  65.208333   5.168   4.008 0.000
 68.208333  69.208333 999.999 999.999 0.999
 71.208333  72.208333 999.999 999.999 0.999
 75.208333  76.208333 999.999 999.999 0.999
 78.208333  79.208333 999.999 999.999 0.999
 82.208333  83.208333 999.999 999.999 0.999
 85.208333  86.208333   5.397   4.956 0.000
 89.208333  90.208333  15.494   9.820 0.000
 92.208333  93.208333  16.988  12.665 0.000
 96.208333  97.208333   7.766   5.310 0.000
 99.208333 100.208333   9.035   3.807 0.000
103.208333 104.208333   4.831   3.426 0.000
106.208333 107.208333 999.999   2.906 0.000
110.208333 111.208333   7.502   5.853 0.000
113.208333 114.208333   2.934   1.971 0.000
117.208333 118.208333   4.436   3.875 0.000
120.208333 121.208333   7.625   4.262 0.000
124.208333 125.208333 999.999 999.999 0.999
127.208333 128.208333   4.195   3.812 0.000
131.208333 132.208333   5.191   3.354 0.000
134.208333 135.208333   8.453   5.186 0.000
138.208333 139.208333   1.611   0.898 0.000
141.208333 142.208333   7.804   5.335 0.000
145.208333 146.208333   3.264   2.403 0.000
148.208333 149.208333  15.868   9.142 0.000
152.208333 153.208333  26.273  26.782 0.000
155.208333 156.208333   8.279   8.029 0.000
159.208333 160.208333   4.516   4.282 0.000
162.208333 163.208333   6.911   5.890 0.000
166.208333 167.208333   2.871 999.999 0.000
169.208333 170.208333   5.976   5.417 0.000
173.208333 174.208333  14.593  10.735 0.000
176.208333 177.208333  10.218   9.288 0.000
180.208333 181.208333   8.192   4.307 0.000
183.208333 184.208333  18.271  11.741 0.000
187.208333 188.208333 999.999 999.999 0.999
190.208333 191.208333 999.999 999.999 0.999
194.208333 195.208333   9.113   7.970 0.000
197.208333 198.208333  42.702  42.190 0.000
201.208333 202.208333   9.959   7.293 0.000
204.208333 205.208333  17.061  15.027 0.000
208.208333 209.208333  12.636   6.095 0.000
211.208333 212.208333  24.763  21.884 0.000
215.208333 216.208333   8.292   6.147 0.000
218.208333 219.208333   3.351   3.384 0.000
222.208333 223.208333  16.914  15.448 0.000
225.208333 226.208333   9.935   9.092 0.000
229.208333 230.208333  13.786  12.465 0.000
232.208333 233.208333   2.928   2.276 0.000
236.208333 237.208333  18.346  16.068 0.000
239.208333 240.208333  14.995  12.523 0.000
243.208333 244.208333   5.454   2.789 0.000
246.208333 247.208333  14.724  10.925 0.000
250.208333 251.208333  16.306  14.772 0.000
253.208333 254.208333  12.357   9.269 0.000
257.208333 258.208333  18.859  16.433 0.000
260.208333 261.208333   4.019   2.790 0.000
264.208333 265.208333   1.063   0.561 0.000
267.208333 268.208333   5.863   4.590 0.000
271.208333 272.208333  21.090  18.165 0.000
274.208333 275.208333  10.923   6.944 0.000
278.208333 279.208333   3.454   2.183 0.000
281.208333 282.208333   8.304   6.488 0.000
285.208333 286.208333   9.905   7.126 0.000
288.208333 289.208333  10.015   6.092 0.000
292.208333 293.208333   5.593   4.247 0.000
295.208333 296.208333   0.938   1.116 0.000
299.208333 300.208333   6.907   4.548 0.000
302.208333 303.208333  27.852  18.447 0.000
306.208333 307.208333   5.435   3.861 0.000
309.208333 310.208333  10.435   5.792 0.000
313.208333 314.208333  16.954  12.575 0.000
316.208333 317.208333   4.655   3.457 0.000
320.208333 321.208333   2.322   1.213 0.000
323.208333 324.208333  12.401   9.752 0.000
327.208333 328.208333   5.013   4.203 0.000
330.208333 331.208333   4.048   3.824 0.000
334.208333 335.208333   5.171   1.506 0.000
337.208333 338.208333   5.850   4.344 0.000
341.208333 342.208333   3.243   3.131 0.000
344.208333 345.208333   1.488   1.451 0.000
348.208333 349.208333 999.999 999.999 0.999
351.208333 352.208333   4.489   3.549 0.000
355.208333 356.208333   8.115   6.276 0.000
358.208333 359.208333   3.511   2.759 0.000
362.208333 363.208333   6.076   4.455 0.000
