scripts/IMPROVE-2019_partial/data/US0061R.20120101050000.20191216000000.filterpack...52w.3d.US03L_filterpack_US0061.US03L_IMPROVE_Davis.lev2.nas
52 1001
MISSING INFORMATION
US03L, IMPROVE, , , , , , , 
MISSING INFORMATION
IMPROVE sel_HTAP
1 1
2012 01 01 2019 12 16
3.000000
days from file reference point
5
1 1 1 1 1
999.999999 999.999 9.999 999.999 9.999
end_time of measurement, days from the file reference point
pm10_mass, ug/m3, Matrix=pm10
numflag pm10_mass, no unit, Matrix=pm10
pm25_mass, ug/m3, Matrix=pm25
numflag pm25_mass, no unit, Matrix=pm25
0
33
Data definition:              EBAS_1.1
Set type code:                TU
Timezone:                     UTC
File name:                    US0061R.20120101050000.20191216000000.filterpack...52w.3d.US03L_filterpack_US0061.US03L_IMPROVE_Davis.lev2.nas
File creation:                20191218115920
Startdate:                    20120101050000
Revision date:                20191216000000
Version:                      2
Version description:          "Data extracted from http://views.cira.colostate.edu/fed/DataWizard 2019-12-16"
Statistics:                   arithmetic mean
Data level:                   2
Period code:                  52w
Resolution code:              3d
Sample duration:              1d
Orig. time res.:              3d
Station code:                 US0061R
Platform code:                US0061S
Station name:                 Brigantine NWR
Station latitude:             39.465
Station longitude:            -74.4492
Station altitude:             5.0 m
Regime:                       IMG
Component:                    
Unit:                         ug/m3
Matrix:                       
Laboratory code:              US03L
Instrument type:              filterpack
Instrument name:              filterpack_US0061
Method ref:                   US03L_IMPROVE_Davis
Blank correction:             Blank corrected
Volume std. temperature:      ambient
Volume std. pressure:         ambient
starttime endtime PM10 flag_PM10 PM2.5 flag_PM2.5
  0.208333   1.208333  18.032 0.000   6.239 0.000
  3.208333   4.208333  15.277 0.000   4.846 0.000
  6.208333   7.208333  35.334 0.000   8.007 0.000
  9.208333  10.208333  28.262 0.000   9.321 0.000
 12.208333  13.208333  12.020 0.000   4.322 0.000
 15.208333  16.208333   9.684 0.000   3.387 0.000
 18.208333  19.208333   7.384 0.000   2.772 0.000
 21.208333  22.208333  11.229 0.000   5.652 0.000
 24.208333  25.208333  18.991 0.000   8.972 0.000
 27.208333  28.208333  10.677 0.000   3.942 0.000
 30.208333  31.208333  29.558 0.000   6.137 0.000
 33.208333  34.208333  20.181 0.000   6.555 0.000
 36.208333  37.208333  21.946 0.000   6.057 0.000
 39.208333  40.208333  21.558 0.000   8.859 0.000
 42.208333  43.208333  13.077 0.000   3.511 0.000
 45.208333  46.208333  17.012 0.000   8.213 0.000
 48.208333  49.208333  23.683 0.000   7.724 0.000
 51.208333  52.208333  22.995 0.000   4.372 0.000
 54.208333  55.208333  27.993 0.000   7.768 0.000
 57.208333  58.208333  23.880 0.000   6.574 0.000
 60.208333  61.208333  12.039 0.000   3.815 0.000
 63.208333  64.208333   8.153 0.000   5.596 0.000
 66.208333  67.208333  15.620 0.000   6.152 0.000
 69.208333  70.208333   6.516 0.000   3.267 0.000
 72.208333  73.208333  22.188 0.000  11.449 0.000
 75.208333  76.208333   4.484 0.000   3.214 0.000
 78.208333  79.208333  10.109 0.000   4.479 0.000
 81.208333  82.208333   7.657 0.000   4.480 0.000
 84.208333  85.208333  15.616 0.000   8.145 0.000
 87.208333  88.208333  13.854 0.000   3.778 0.000
 90.208333  91.208333  16.295 0.000   3.691 0.000
 93.208333  94.208333  17.441 0.000   2.473 0.000
 96.208333  97.208333  31.957 0.000   1.937 0.000
 99.208333 100.208333  28.453 0.000   6.102 0.000
102.208333 103.208333  29.653 0.000   2.499 0.000
105.208333 106.208333  53.731 0.000  10.335 0.000
108.208333 109.208333  31.463 0.000   3.356 0.000
111.208333 112.208333  30.355 0.000   3.623 0.000
114.208333 115.208333  17.742 0.000   2.836 0.000
117.208333 118.208333  19.739 0.000   6.707 0.000
120.208333 121.208333  17.953 0.000   4.821 0.000
123.208333 124.208333   7.176 0.000   2.762 0.000
126.208333 127.208333   6.806 0.000   2.678 0.000
129.208333 130.208333  13.538 0.000   5.937 0.000
132.208333 133.208333  20.045 0.000   7.530 0.000
135.208333 136.208333  15.815 0.000   6.643 0.000
138.208333 139.208333  11.325 0.000   3.307 0.000
141.208333 142.208333   6.009 0.000   2.425 0.000
144.208333 145.208333  12.689 0.000   5.636 0.659
147.208333 148.208333  14.253 0.000   6.182 0.659
150.208333 151.208333  14.497 0.000   6.226 0.000
153.208333 154.208333  14.059 0.000   5.708 0.000
156.208333 157.208333  10.874 0.000   2.038 0.000
159.208333 160.208333  15.989 0.000   7.130 0.659
162.208333 163.208333  20.773 0.000   7.812 0.000
165.208333 166.208333  12.002 0.000   4.009 0.659
168.208333 169.208333  16.366 0.000   4.824 0.659
171.208333 172.208333 999.999 0.456  16.073 0.659
174.208333 175.208333  18.236 0.000   8.503 0.659
177.208333 178.208333  11.387 0.000   2.544 0.000
180.208333 181.208333  33.571 0.000  17.461 0.659
183.208333 184.208333  25.665 0.000  10.777 0.659
186.208333 187.208333  23.586 0.000  15.620 0.000
189.208333 190.208333  20.293 0.000  14.427 0.000
192.208333 193.208333  14.660 0.000   4.400 0.659
195.208333 196.208333  12.605 0.000   7.837 0.659
198.208333 199.208333  26.777 0.000  20.253 0.000
201.208333 202.208333  13.328 0.000   5.656 0.000
204.208333 205.208333  12.273 0.000   7.243 0.659
207.208333 208.208333  18.681 0.000   9.086 0.000
210.208333 211.208333   9.235 0.000   4.613 0.000
213.208333 214.208333   8.761 0.000   4.119 0.659
216.208333 217.208333  13.800 0.000   7.994 0.659
219.208333 220.208333  11.909 0.000   6.047 0.659
222.208333 223.208333  13.738 0.000   5.779 0.000
225.208333 226.208333  14.934 0.000   9.476 0.659
228.208333 229.208333  15.851 0.000   9.225 0.000
231.208333 232.208333  10.232 0.000   4.567 0.000
234.208333 235.208333  13.603 0.000   8.132 0.000
237.208333 238.208333  16.998 0.000   9.574 0.659
240.208333 241.208333  12.406 0.000   7.396 0.659
243.208333 244.208333  17.078 0.000  11.872 0.000
246.208333 247.208333  14.758 0.000   5.936 0.000
249.208333 250.208333  14.357 0.000   6.197 0.000
252.208333 253.208333   9.477 0.000   3.582 0.000
255.208333 256.208333  10.769 0.000   5.781 0.659
258.208333 259.208333   7.633 0.000   3.465 0.000
261.208333 262.208333  19.662 0.000   5.531 0.000
264.208333 265.208333  12.048 0.000   2.745 0.659
267.208333 268.208333   6.805 0.000   3.901 0.659
270.208333 271.208333  12.643 0.000   8.734 0.000
273.208333 274.208333   9.519 0.000   6.099 0.000
276.208333 277.208333  10.860 0.000   6.422 0.659
279.208333 280.208333  16.488 0.000  10.642 0.000
282.208333 283.208333   3.925 0.000   1.927 0.659
285.208333 286.208333   8.017 0.000   4.209 0.000
288.208333 289.208333  13.181 0.000   4.871 0.000
291.208333 292.208333   9.580 0.000   3.696 0.000
294.208333 295.208333   8.866 0.000   5.404 0.000
297.208333 298.208333  15.521 0.000   9.685 0.000
300.208333 301.208333  10.409 0.000   2.875 0.000
303.208333 304.208333 999.999 0.999 999.999 0.999
306.208333 307.208333   6.118 0.000   3.518 0.000
309.208333 310.208333   5.650 0.000   2.928 0.000
312.208333 313.208333   5.357 0.000   2.701 0.000
315.208333 316.208333  14.357 0.000   9.700 0.000
318.208333 319.208333   7.341 0.000   4.074 0.659
321.208333 322.208333  12.329 0.000   7.108 0.000
324.208333 325.208333  15.623 0.000   6.747 0.000
327.208333 328.208333  19.187 0.000   8.482 0.000
330.208333 331.208333  17.640 0.000  11.153 0.000
333.208333 334.208333  19.415 0.000  13.287 0.000
336.208333 337.208333  10.628 0.000   6.604 0.000
339.208333 340.208333   8.120 0.000   4.237 0.000
342.208333 343.208333   4.145 0.000   3.156 0.000
345.208333 346.208333   6.658 0.000   3.904 0.000
348.208333 349.208333  10.881 0.000   7.801 0.000
351.208333 352.208333   4.468 0.000   3.183 0.000
354.208333 355.208333   6.836 0.000   3.406 0.000
357.208333 358.208333   6.266 0.000   5.135 0.000
360.208333 361.208333 999.999 0.999 999.999 0.999
363.208333 364.208333   7.233 0.000   6.048 0.000
