scripts/IMPROVE-2019_partial/data/US0092U.20120101070000.20191216000000.filterpack...52w.3d.US03L_filterpack_US0092.US03L_IMPROVE_Davis.lev2.nas
52 1001
MISSING INFORMATION
US03L, IMPROVE, , , , , , , 
MISSING INFORMATION
IMPROVE sel_HTAP
1 1
2012 01 01 2019 12 16
3.000000
days from file reference point
5
1 1 1 1 1
999.999999 999.999 9.999 999.999 9.999
end_time of measurement, days from the file reference point
pm10_mass, ug/m3, Matrix=pm10
numflag pm10_mass, no unit, Matrix=pm10
pm25_mass, ug/m3, Matrix=pm25
numflag pm25_mass, no unit, Matrix=pm25
0
33
Data definition:              EBAS_1.1
Set type code:                TU
Timezone:                     UTC
File name:                    US0092U.20120101070000.20191216000000.filterpack...52w.3d.US03L_filterpack_US0092.US03L_IMPROVE_Davis.lev2.nas
File creation:                20191218120140
Startdate:                    20120101070000
Revision date:                20191216000000
Version:                      2
Version description:          "Data extracted from http://views.cira.colostate.edu/fed/DataWizard 2019-12-16"
Statistics:                   arithmetic mean
Data level:                   2
Period code:                  52w
Resolution code:              3d
Sample duration:              1d
Orig. time res.:              3d
Station code:                 US0092U
Platform code:                US0092S
Station name:                 Phoenix
Station latitude:             33.5038
Station longitude:            -112.0958
Station altitude:             342.0 m
Regime:                       IMG
Component:                    
Unit:                         ug/m3
Matrix:                       
Laboratory code:              US03L
Instrument type:              filterpack
Instrument name:              filterpack_US0092
Method ref:                   US03L_IMPROVE_Davis
Blank correction:             Blank corrected
Volume std. temperature:      ambient
Volume std. pressure:         ambient
starttime endtime PM10 flag_PM10 PM2.5 flag_PM2.5
  0.291667   1.291667  61.981 0.000 999.999 0.999
  3.291667   4.291667  31.834 0.000  10.457 0.659
  6.291667   7.291667  26.910 0.000  10.252 0.659
  9.291667  10.291667  27.117 0.000   9.678 0.659
 12.291667  13.291667  24.992 0.000  10.598 0.659
 15.291667  16.291667  12.688 0.000   4.161 0.659
 18.291667  19.291667  27.026 0.000  10.300 0.000
 21.291667  22.291667  55.241 0.000  17.820 0.000
 24.291667  25.291667  19.282 0.000   6.705 0.659
 27.291667  28.291667  15.481 0.000   4.683 0.659
 30.291667  31.291667  26.032 0.000   6.955 0.659
 33.291667  34.291667  22.442 0.000   6.047 0.659
 36.291667  37.291667  38.038 0.000  11.438 0.659
 39.291667  40.291667  38.016 0.000   9.894 0.659
 42.291667  43.291667  20.896 0.000   4.272 0.659
 45.291667  46.291667  20.110 0.000   4.943 0.659
 48.291667  49.291667  17.313 0.000   6.470 0.659
 51.291667  52.291667  31.810 0.000   9.025 0.659
 54.291667  55.291667  35.272 0.000   8.887 0.659
 57.291667  58.291667  59.552 0.000   7.799 0.659
 60.291667  61.291667  28.922 0.000   7.605 0.659
 63.291667  64.291667  28.872 0.000   9.942 0.659
 66.291667  67.291667  53.041 0.000  10.691 0.659
 69.291667  70.291667  18.982 0.000   5.774 0.659
 72.291667  73.291667  27.145 0.000   7.054 0.659
 75.291667  76.291667  36.051 0.000  10.142 0.659
 78.291667  79.291667  13.531 0.000   4.424 0.659
 81.291667  82.291667  16.611 0.000   5.663 0.659
 84.291667  85.291667  17.769 0.000   5.596 0.659
 87.291667  88.291667  36.418 0.000  12.106 0.659
 90.291667  91.291667  22.264 0.000   6.607 0.659
 93.291667  94.291667  16.470 0.000   4.085 0.659
 96.291667  97.291667  34.870 0.000  10.688 0.659
 99.291667 100.291667  27.890 0.000   9.470 0.659
102.291667 103.291667  19.818 0.000   5.356 0.659
105.291667 106.291667  19.002 0.000   5.463 0.659
108.291667 109.291667  24.780 0.000  10.455 0.659
111.291667 112.291667  24.510 0.000   8.717 0.659
114.291667 115.291667  18.008 0.000   8.666 0.659
117.291667 118.291667  32.754 0.000   8.149 0.659
120.291667 121.291667  25.595 0.000  10.301 0.659
123.291667 124.291667  18.846 0.000   7.915 0.659
126.291667 127.291667  19.215 0.000   8.966 0.659
129.291667 130.291667  40.807 0.000  11.740 0.659
132.291667 133.291667  20.647 0.000   9.075 0.659
135.291667 136.291667  27.572 0.000  12.868 0.000
138.291667 139.291667  26.514 0.000  10.908 0.659
141.291667 142.291667  30.017 0.000  11.947 0.659
144.291667 145.291667  57.715 0.000  20.343 0.659
147.291667 148.291667 999.999 0.999 999.999 0.999
150.291667 151.291667  30.642 0.000   8.964 0.659
153.291667 154.291667  33.481 0.000  10.713 0.659
156.291667 157.291667  18.442 0.000   6.722 0.659
159.291667 160.291667  29.954 0.000   8.051 0.659
162.291667 163.291667  18.966 0.000   7.383 0.659
165.291667 166.291667  33.318 0.000   6.915 0.659
168.291667 169.291667  33.109 0.000   9.949 0.659
171.291667 172.291667  35.166 0.000  27.738 0.659
174.291667 175.291667  31.855 0.000  11.583 0.659
177.291667 178.291667  42.157 0.000  11.017 0.659
180.291667 181.291667  34.450 0.000   8.680 0.659
183.291667 184.291667  30.058 0.000   8.273 0.659
186.291667 187.291667  33.594 0.000   9.064 0.659
189.291667 190.291667  13.669 0.000   4.332 0.659
192.291667 193.291667  43.069 0.000   7.405 0.659
195.291667 196.291667  13.280 0.000   4.726 0.659
198.291667 199.291667  15.075 0.000   5.376 0.659
201.291667 202.291667  22.463 0.000   6.236 0.659
204.291667 205.291667  18.469 0.000   4.734 0.659
207.291667 208.291667  17.730 0.000   5.021 0.659
210.291667 211.291667  18.639 0.000   5.734 0.659
213.291667 214.291667  12.953 0.000   4.960 0.659
216.291667 217.291667  18.229 0.000   6.302 0.659
219.291667 220.291667  24.138 0.000   6.856 0.659
222.291667 223.291667  24.414 0.000   7.112 0.659
225.291667 226.291667  48.680 0.000  11.252 0.659
228.291667 229.291667  22.311 0.000   6.912 0.659
231.291667 232.291667  18.626 0.000   4.725 0.659
234.291667 235.291667  13.114 0.000   5.245 0.659
237.291667 238.291667  11.970 0.000   3.900 0.659
240.291667 241.291667  20.671 0.000   6.460 0.659
243.291667 244.291667  39.246 0.000   9.159 0.659
246.291667 247.291667  28.186 0.000   7.446 0.659
249.291667 250.291667  31.788 0.000   6.807 0.659
252.291667 253.291667  34.091 0.000   7.699 0.659
255.291667 256.291667   9.720 0.000   4.269 0.659
258.291667 259.291667  18.597 0.000   7.368 0.659
261.291667 262.291667  21.069 0.000   6.421 0.659
264.291667 265.291667  24.444 0.000   7.791 0.659
267.291667 268.291667  24.820 0.000   7.965 0.659
270.291667 271.291667  31.414 0.000   8.820 0.659
273.291667 274.291667  19.441 0.000   6.644 0.659
276.291667 277.291667  30.822 0.000   8.832 0.659
279.291667 280.291667  27.711 0.000   7.904 0.659
282.291667 283.291667  24.371 0.000   7.345 0.659
285.291667 286.291667  17.150 0.000   3.478 0.659
288.291667 289.291667  22.862 0.000   6.973 0.659
291.291667 292.291667  35.164 0.000   8.887 0.000
294.291667 295.291667  21.966 0.000   4.706 0.000
297.291667 298.291667  34.127 0.000   7.609 0.000
300.291667 301.291667  30.604 0.000   8.874 0.000
303.291667 304.291667  42.191 0.000  11.773 0.000
306.291667 307.291667  38.715 0.000  10.440 0.000
309.291667 310.291667  33.093 0.000   9.491 0.000
312.291667 313.291667  34.177 0.000   8.292 0.000
315.291667 316.291667  20.563 0.000  10.227 0.000
318.291667 319.291667  32.629 0.000  11.387 0.000
321.291667 322.291667  46.375 0.000  16.475 0.000
324.291667 325.291667  29.854 0.000   8.628 0.000
327.291667 328.291667  36.009 0.000  15.122 0.000
330.291667 331.291667  42.471 0.000  12.833 0.000
333.291667 334.291667  39.972 0.000  11.430 0.000
336.291667 337.291667  31.052 0.000  13.104 0.000
339.291667 340.291667  32.817 0.000   9.864 0.000
342.291667 343.291667  37.941 0.000  14.671 0.000
345.291667 346.291667  34.697 0.000  10.703 0.000
348.291667 349.291667   8.587 0.000   2.761 0.000
351.291667 352.291667  24.847 0.000  17.051 0.000
354.291667 355.291667   9.561 0.000   4.179 0.000
357.291667 358.291667  39.004 0.000  25.717 0.000
360.291667 361.291667  25.190 0.000  14.286 0.000
363.291667 364.291667  26.321 0.000  14.045 0.000
