scripts/IMPROVE-2019_partial/data/US0072R.20060102070000.20191216000000.filterpack..pm25.52w.1w.US03L_filterpack_US0072.US03L_IMPROVE_Davis.lev2.nas
66 1001
MISSING INFORMATION
US03L, IMPROVE, , , , , , , 
MISSING INFORMATION
IMPROVE sel_HTAP
1 1
2006 01 01 2019 12 16
3.000000
days from file reference point
27
1 1 1 1 1 1 1 1 1 1 1 1 1 1 1 1 1 1 1 1 1 1 1 1 1 1 1
999.999999 9999.99 9.999 99.99 9.999 9.999 9.999 99.99 9.999 9.999 9.999 99.999 9.999 99.999 9.999 99.99 9.999 999.999 9.999 999.999 9.999 999.999 9.999 9.999 9.999 99.999 9.999
end_time of measurement, days from the file reference point
iron, ng/m3, Revision date=20181210133000
numflag iron, no unit, Revision date=20181210133000
lead, ng/m3, Revision date=20181210133000
numflag lead, no unit, Revision date=20181210133000
magnesium, ug/m3, Revision date=20181210133000
numflag magnesium, no unit, Revision date=20181210133000
nickel, ng/m3, Revision date=20181210133000
numflag nickel, no unit, Revision date=20181210133000
nitrate, ug N/m3, Revision date=20181210133000
numflag nitrate, no unit, Revision date=20181210133000
organic_carbon, ug C/m3, Revision date=20181210133000
numflag organic_carbon, no unit, Revision date=20181210133000
organic_mass, ug/m3, Revision date=20181210133000
numflag organic_mass, no unit, Revision date=20181210133000
phosphorus, ng/m3, Revision date=20181210133000
numflag phosphorus, no unit, Revision date=20181210133000
pm10_mass, ug/m3, Version=2, Version description=Data extracted from http://views.cira.colostate.edu/fed/DataWizard 2019-12-16, Sample duration=1d, Orig. time res.=3d, Matrix=pm10, Blank correction=Blank corrected, Volume std. temperature=ambient, Volume std. pressure=ambient
numflag pm10_mass, no unit, Version=2, Version description=Data extracted from http://views.cira.colostate.edu/fed/DataWizard 2019-12-16, Sample duration=1d, Orig. time res.=3d, Matrix=pm10, Blank correction=Blank corrected, Volume std. temperature=ambient, Volume std. pressure=ambient
pm10_pm25_mass, ug/m3, Revision date=20181210133000, Matrix=pm10_pm25
numflag pm10_pm25_mass, no unit, Revision date=20181210133000, Matrix=pm10_pm25
pm25_mass, ug/m3, Version=2, Version description=Data extracted from http://views.cira.colostate.edu/fed/DataWizard 2019-12-16, Sample duration=1d, Orig. time res.=3d, Blank correction=Blank corrected, Volume std. temperature=ambient, Volume std. pressure=ambient
numflag pm25_mass, no unit, Version=2, Version description=Data extracted from http://views.cira.colostate.edu/fed/DataWizard 2019-12-16, Sample duration=1d, Orig. time res.=3d, Blank correction=Blank corrected, Volume std. temperature=ambient, Volume std. pressure=ambient
potassium, ug/m3, Revision date=20181210133000
numflag potassium, no unit, Revision date=20181210133000
sulphate_total, ug S/m3, Revision date=20181210133000
numflag sulphate_total, no unit, Revision date=20181210133000
0
25
Data definition:              EBAS_1.1
Set type code:                TU
Timezone:                     UTC
File name:                    US0072R.20060102070000.20191216000000.filterpack..pm25.52w.1w.US03L_filterpack_US0072.US03L_IMPROVE_Davis.lev2.nas
File creation:                20191218120022
Startdate:                    20060102070000
Revision date:                20191216000000
Statistics:                   arithmetic mean
Data level:                   2
Period code:                  52w
Resolution code:              1w
Station code:                 US0072R
Platform code:                US0072S
Station name:                 Badlands NP
Station latitude:             43.7435
Station longitude:            -101.9412
Station altitude:             736.0 m
Regime:                       IMG
Component:                    
Matrix:                       pm25
Laboratory code:              US03L
Instrument type:              filterpack
Instrument name:              filterpack_US0072
Method ref:                   US03L_IMPROVE_Davis
starttime endtime Fe flag_Fe Pb flag_Pb Mg++ flag_Mg++ Ni flag_Ni NO3- flag_NO3- OC flag_OC OM flag_OM P flag_P PM10 flag_PM10 PM10-PM2.5 flag_PM10-PM2.5 PM2.5 flag_PM2.5 K+ flag_K+ SO4-- flag_SO4--
  1.291667   2.291667    2.68 0.000  0.50 0.000 9.999 0.259 99.99 0.259 0.096 0.000  0.421 0.000  0.590 0.000 99.99 0.259   1.510 0.000   0.391 0.000   1.119 0.000 0.004 0.000  0.111 0.000
  4.291667   5.291667    4.33 0.000  0.10 0.000 9.999 0.259 99.99 0.259 0.017 0.000  0.299 0.000  0.419 0.000 99.99 0.259   1.045 0.000   0.892 0.000   0.275 0.000 0.005 0.000  0.033 0.000
  7.291667   8.291667    5.96 0.000  0.35 0.000 0.009 0.000 99.99 0.259 0.074 0.000  0.296 0.000  0.414 0.000 99.99 0.259   3.306 0.000   0.550 0.000   2.756 0.000 0.009 0.000  0.555 0.000
 10.291667  11.291667   63.72 0.000  0.95 0.000 0.025 0.000  0.11 0.000 0.022 0.000  0.504 0.000  0.706 0.000 99.99 0.259   6.696 0.000   4.627 0.000   2.069 0.000 0.041 0.000  0.090 0.000
 13.291667  14.291667   20.08 0.000  0.34 0.000 9.999 0.259 99.99 0.259 0.020 0.000  0.323 0.000  0.452 0.000 99.99 0.259   2.630 0.000   1.885 0.000   0.745 0.000 0.013 0.000  0.047 0.000
 16.291667  17.291667   18.28 0.000  0.37 0.000 0.011 0.000 99.99 0.259 0.018 0.000  0.236 0.000  0.330 0.000 99.99 0.259   2.199 0.000   0.946 0.000   1.253 0.000 0.011 0.000  0.078 0.000
 19.291667  20.291667   12.45 0.000  0.53 0.000 9.999 0.259 99.99 0.259 0.025 0.000  0.243 0.000  0.341 0.000 99.99 0.259   1.344 0.000   0.504 0.000   0.839 0.000 0.009 0.000  0.057 0.000
 22.291667  23.291667   19.80 0.000  0.45 0.000 9.999 0.259 99.99 0.259 0.020 0.000  0.268 0.000  0.375 0.000 99.99 0.259   5.036 0.000   3.794 0.000   1.242 0.000 0.011 0.000  0.100 0.000
 25.291667  26.291667   54.40 0.000  0.59 0.000 0.017 0.000 99.99 0.259 0.036 0.000  0.482 0.000  0.675 0.000 99.99 0.259   8.291 0.000   6.013 0.000   2.278 0.000 0.035 0.000  0.125 0.000
 28.291667  29.291667   11.80 0.000  0.29 0.000 9.999 0.259 99.99 0.259 0.017 0.000  0.264 0.000  0.370 0.000 99.99 0.259   2.347 0.000   1.540 0.000   0.807 0.000 0.008 0.000  0.061 0.000
 31.291667  32.291667   17.75 0.000  0.14 0.000 9.999 0.259 99.99 0.259 0.020 0.000  0.332 0.000  0.464 0.000 99.99 0.259   2.468 0.000   1.308 0.000   1.160 0.000 0.020 0.000  0.064 0.000
 34.291667  35.291667    4.96 0.000  0.29 0.000 9.999 0.259  0.07 0.000 0.092 0.000  0.271 0.000  0.379 0.000 99.99 0.259   2.613 0.000   0.883 0.000   1.730 0.000 0.006 0.000  0.233 0.000
 37.291667  38.291667    5.87 0.000  0.22 0.000 9.999 0.259  0.06 0.000 0.155 0.000  0.513 0.000  0.718 0.000 99.99 0.259   3.702 0.000   0.865 0.000   2.837 0.000 0.016 0.000  0.344 0.000
 40.291667  41.291667   17.36 0.000  0.14 0.000 9.999 0.259 99.99 0.259 0.025 0.000  0.271 0.000  0.379 0.000 99.99 0.259   6.729 0.000   5.205 0.000   1.525 0.000 0.015 0.000  0.158 0.000
 43.291667  44.291667   32.30 0.000  0.62 0.000 9.999 0.259 99.99 0.259 0.033 0.000  0.336 0.000  0.470 0.000 99.99 0.259   3.941 0.000   2.121 0.000   1.820 0.000 0.022 0.000  0.119 0.000
 46.291667  47.291667   16.36 0.000  0.85 0.000 9.999 0.259 99.99 0.259 0.110 0.000  0.469 0.000  0.657 0.000 99.99 0.259   5.261 0.000   2.785 0.000   2.476 0.000 0.018 0.000  0.382 0.000
 49.291667  50.291667   14.73 0.000  0.94 0.000 9.999 0.259 99.99 0.259 0.160 0.000  0.863 0.000  1.209 0.000 99.99 0.259   4.912 0.000   1.306 0.000   3.606 0.000 0.024 0.000  0.378 0.000
 52.291667  53.291667   15.27 0.000  0.46 0.000 9.999 0.259 99.99 0.259 0.055 0.000  0.409 0.000  0.573 0.000 99.99 0.259   3.614 0.000   1.879 0.000   1.735 0.000 0.011 0.000  0.168 0.000
 55.291667  56.291667   11.90 0.000  1.00 0.000 9.999 0.259 99.99 0.259 0.128 0.000  0.297 0.000  0.416 0.000 99.99 0.259   3.610 0.000   1.214 0.000   2.397 0.000 0.016 0.000  0.389 0.000
 58.291667  59.291667   40.74 0.000  1.22 0.000 9.999 0.259 99.99 0.259 0.097 0.000  0.545 0.000  0.763 0.000 99.99 0.259   7.035 0.000   4.369 0.000   2.666 0.000 0.031 0.000  0.206 0.000
 61.291667  62.291667   58.90 0.000  1.07 0.000 9.999 0.259 99.99 0.259 0.203 0.000  0.590 0.000  0.826 0.000 99.99 0.259  14.515 0.000   8.964 0.000   5.552 0.000 0.052 0.000  0.612 0.000
 64.291667  65.291667   35.04 0.000  0.91 0.000 9.999 0.259 99.99 0.259 0.121 0.000  0.458 0.000  0.641 0.000 99.99 0.259   6.885 0.000   3.201 0.000   3.684 0.000 0.034 0.000  0.430 0.000
 67.291667  68.291667   31.02 0.000  0.35 0.000 9.999 0.259 99.99 0.259 0.041 0.000  0.237 0.000  0.333 0.000 99.99 0.259   4.882 0.000   3.323 0.000   1.558 0.000 0.016 0.000  0.104 0.000
 70.291667  71.291667   11.37 0.000  0.86 0.000 0.008 0.000 99.99 0.259 0.095 0.000  0.253 0.000  0.354 0.000 99.99 0.259   2.379 0.000   0.334 0.000   2.045 0.000 0.012 0.000  0.330 0.000
 73.291667  74.291667   26.17 0.000  1.63 0.000 9.999 0.259 99.99 0.259 0.253 0.000  0.693 0.000  0.970 0.000 99.99 0.259   6.398 0.000   2.307 0.000   4.091 0.000 0.031 0.000  0.541 0.000
 76.291667  77.291667   18.53 0.000  1.68 0.000 9.999 0.259 99.99 0.259 0.495 0.000  1.055 0.000  1.477 0.000 99.99 0.259  11.160 0.000   3.232 0.000   7.928 0.000 0.039 0.000  1.216 0.000
 79.291667  80.291667   28.94 0.000  0.87 0.000 9.999 0.259 99.99 0.259 0.242 0.000  0.312 0.000  0.437 0.000 99.99 0.259   3.755 0.000   0.813 0.000   2.942 0.000 0.021 0.000  0.456 0.000
 82.291667  83.291667   11.40 0.000  0.80 0.000 9.999 0.259 99.99 0.259 0.165 0.000  0.302 0.000  0.422 0.000 99.99 0.259   3.780 0.000   1.720 0.000   2.060 0.000 0.010 0.000  0.309 0.000
 85.291667  86.291667   15.03 0.000  0.58 0.000 9.999 0.259 99.99 0.259 0.094 0.000  0.362 0.000  0.507 0.000 99.99 0.259   3.010 0.000   0.667 0.000   2.343 0.000 0.013 0.000  0.386 0.000
 88.291667  89.291667   11.22 0.000  0.36 0.000 9.999 0.259 99.99 0.259 0.045 0.000  0.271 0.000  0.380 0.000 99.99 0.259   2.688 0.000   1.543 0.000   1.145 0.000 0.008 0.000  0.153 0.000
 91.291667  92.291667   17.70 0.000  0.80 0.000 9.999 0.259  0.13 0.000 0.087 0.000  0.375 0.000  0.525 0.000 99.99 0.259   4.121 0.000   1.818 0.000   2.302 0.000 0.014 0.000  0.342 0.000
 94.291667  95.291667   62.49 0.000  1.10 0.000 0.020 0.000  0.11 0.000 0.052 0.000  0.819 0.000  1.146 0.000 99.99 0.259  11.344 0.000   7.271 0.000   4.073 0.000 0.046 0.000  0.352 0.000
 97.291667  98.291667   31.20 0.000  1.23 0.000 0.015 0.000 99.99 0.259 0.047 0.000  0.250 0.000  0.350 0.000 99.99 0.259   4.845 0.000   2.181 0.000   2.664 0.000 0.023 0.000  0.348 0.000
100.291667 101.291667   21.40 0.000  0.87 0.000 0.008 0.000  0.09 0.000 0.014 0.000  0.305 0.000  0.427 0.000 99.99 0.259   3.447 0.000   2.183 0.000   1.264 0.000 0.017 0.000  0.114 0.000
103.291667 104.291667   59.01 0.000  1.20 0.000 0.029 0.000  0.13 0.000 0.029 0.000  0.452 0.000  0.632 0.000 99.99 0.259   9.000 0.000   6.058 0.000   2.942 0.000 0.042 0.000  0.219 0.000
106.291667 107.291667   44.70 0.000  1.54 0.000 0.016 0.000  0.07 0.000 0.167 0.000  0.851 0.000  1.191 0.000 99.99 0.259  10.767 0.000   5.625 0.000   5.141 0.000 0.038 0.000  0.621 0.000
109.291667 110.291667    8.67 0.000  0.42 0.000 0.011 0.000 99.99 0.259 0.023 0.000  0.534 0.000  0.748 0.000 99.99 0.259   2.402 0.000   0.879 0.000   1.522 0.000 0.007 0.000  0.208 0.000
112.291667 113.291667   58.78 0.000  0.94 0.000 0.015 0.000 99.99 0.259 0.069 0.000  1.001 0.000  1.401 0.000 99.99 0.259  10.917 0.000   5.716 0.000   5.201 0.000 0.051 0.000  0.480 0.000
115.291667 116.291667   66.68 0.000  1.29 0.000 0.031 0.000 99.99 0.259 0.098 0.000  0.607 0.000  0.850 0.000 99.99 0.259   6.686 0.000   3.164 0.000   3.522 0.000 0.040 0.000  0.298 0.000
118.291667 119.291667   72.30 0.000  1.23 0.000 0.031 0.000 99.99 0.259 0.169 0.000  0.830 0.000  1.161 0.000 99.99 0.259   8.660 0.000   2.895 0.000   5.766 0.000 0.053 0.000  0.681 0.000
121.291667 122.291667   55.56 0.000  0.82 0.000 9.999 0.259 99.99 0.259 0.032 0.000  0.352 0.000  0.493 0.000 99.99 0.259   8.351 0.000   5.392 0.000   2.959 0.000 0.035 0.000  0.224 0.000
124.291667 125.291667   11.26 0.000  0.34 0.000 9.999 0.259 99.99 0.259 0.030 0.559  0.215 0.000  0.300 0.000 99.99 0.259   2.831 0.000   1.334 0.000   1.496 0.000 0.007 0.000  0.164 0.559
127.291667 128.291667   35.84 0.000  0.86 0.000 0.010 0.000 99.99 0.259 0.018 0.000  0.467 0.000  0.654 0.000 99.99 0.259   5.110 0.000   2.466 0.000   2.644 0.000 0.025 0.000  0.212 0.000
130.291667 131.291667   21.66 0.000  0.23 0.000 9.999 0.259 99.99 0.259 0.012 0.559  0.201 0.000  0.281 0.000 99.99 0.259   3.495 0.000   1.502 0.000   1.992 0.000 0.014 0.000  0.221 0.559
133.291667 134.291667   41.40 0.000  0.37 0.000 9.999 0.259 99.99 0.259 0.036 0.559  0.508 0.000  0.711 0.000 99.99 0.259   9.933 0.000   6.089 0.000   3.845 0.000 0.031 0.000  0.394 0.559
136.291667 137.291667   72.02 0.000  0.94 0.000 9.999 0.259 99.99 0.259 0.024 0.559  0.829 0.000  1.161 0.000 99.99 0.259  12.271 0.000   7.622 0.000   4.649 0.000 0.041 0.000  0.428 0.559
139.291667 140.291667   66.09 0.000  0.70 0.000 0.010 0.000 99.99 0.259 0.039 0.559  1.856 0.000  2.598 0.000 99.99 0.259  16.707 0.000  10.431 0.000   6.276 0.000 0.055 0.000  0.334 0.559
142.291667 143.291667   44.53 0.000  0.31 0.000 9.999 0.259 99.99 0.259 0.016 0.559  0.984 0.000  1.377 0.000 99.99 0.259  21.621 0.000  18.385 0.000   3.237 0.000 0.040 0.000  0.165 0.559
145.291667 146.291667   73.08 0.000  1.29 0.000 9.999 0.259 99.99 0.259 0.027 0.559  1.132 0.000  1.585 0.000 99.99 0.259  19.894 0.000  14.200 0.000   5.694 0.000 0.061 0.000  0.396 0.559
148.291667 149.291667   36.28 0.000  0.82 0.000 9.999 0.259 99.99 0.259 0.021 0.559  0.627 0.000  0.877 0.000 99.99 0.259   6.158 0.000   3.339 0.000   2.819 0.000 0.028 0.000  0.193 0.559
151.291667 152.291667   32.63 0.000  0.30 0.000 0.016 0.000 99.99 0.259 0.016 0.559  0.584 0.000  0.818 0.000 99.99 0.259   6.848 0.000   4.358 0.000   2.489 0.000 0.022 0.000  0.148 0.559
154.291667 155.291667   32.70 0.000  0.47 0.000 9.999 0.259 99.99 0.259 0.011 0.559  0.392 0.000  0.548 0.000 99.99 0.259   6.344 0.000   4.055 0.000   2.288 0.000 0.019 0.000  0.118 0.559
157.291667 158.291667   62.25 0.000  0.96 0.000 0.031 0.000  0.09 0.000 0.030 0.559  0.930 0.000  1.302 0.000 99.99 0.259  12.696 0.000   8.247 0.000   4.449 0.000 0.040 0.000  0.227 0.559
160.291667 161.291667   33.52 0.000  1.30 0.000 0.012 0.000 99.99 0.259 0.275 0.000  1.333 0.000  1.866 0.000 99.99 0.259  12.992 0.000   7.179 0.000   5.813 0.000 0.028 0.000  0.428 0.000
163.291667 164.291667   52.60 0.000  1.88 0.000 0.024 0.000  0.13 0.000 0.055 0.559  1.697 0.000  2.376 0.000 99.99 0.259  21.192 0.000  11.313 0.000   9.879 0.000 0.049 0.000  1.192 0.559
166.291667 167.291667   46.26 0.000  0.43 0.000 0.015 0.000 99.99 0.259 0.021 0.559  0.848 0.000  1.187 0.000 99.99 0.259  10.252 0.000   5.820 0.000   4.432 0.000 0.044 0.000  0.317 0.559
169.291667 170.291667   17.84 0.000  0.53 0.000 0.008 0.000 99.99 0.259 0.011 0.559  0.522 0.000  0.731 0.000 99.99 0.259   9.913 0.000   7.554 0.000   2.359 0.000 0.015 0.000  0.147 0.559
172.291667 173.291667   27.34 0.000  0.61 0.000 9.999 0.259 99.99 0.259 0.011 0.559  0.785 0.000  1.099 0.000 99.99 0.259   8.706 0.000   5.374 0.000   3.332 0.000 0.025 0.000  0.225 0.559
175.291667 176.291667  204.96 0.000  0.38 0.000 0.058 0.000  0.58 0.000 0.014 0.559  1.872 0.000  2.621 0.000 99.99 0.259   9.539 0.000 999.999 0.259  11.002 0.000 0.121 0.000  0.477 0.559
178.291667 179.291667   74.58 0.000  0.48 0.000 9.999 0.259 99.99 0.259 0.034 0.559  2.370 0.000  3.319 0.000 99.99 0.259  24.391 0.000  14.766 0.000   9.625 0.000 0.079 0.000  0.527 0.559
181.291667 182.291667   57.73 0.000  0.89 0.000 0.010 0.000  0.22 0.000 0.021 0.559  3.096 0.000  5.572 0.000 99.99 0.259  16.114 0.000   6.691 0.000   9.422 0.000 0.066 0.000  0.351 0.559
184.291667 185.291667   54.38 0.000  0.86 0.000 0.010 0.000  0.20 0.000 0.027 0.559  3.268 0.000  5.883 0.000 99.99 0.259  18.050 0.000   8.558 0.000   9.492 0.000 0.084 0.000  0.252 0.559
187.291667 188.291667   43.70 0.000  0.85 0.000 9.999 0.259 99.99 0.259 0.024 0.559  2.010 0.000  3.618 0.000 99.99 0.259  19.585 0.000  11.389 0.000   8.196 0.000 0.089 0.000  0.458 0.559
190.291667 191.291667   37.80 0.000  0.65 0.000 9.999 0.259 99.99 0.259 0.011 0.559  0.824 0.000  1.483 0.000 99.99 0.259  10.461 0.000   6.827 0.000   3.634 0.000 0.025 0.000  0.160 0.559
193.291667 194.291667   93.01 0.000  0.57 0.000 9.999 0.259 99.99 0.259 0.058 0.559  4.364 0.000  7.854 0.000 99.99 0.259  34.757 0.000  22.776 0.000  11.981 0.000 0.326 0.000  0.215 0.559
196.291667 197.291667   66.35 0.000  0.50 0.000 9.999 0.259 99.99 0.259 0.027 0.559  2.378 0.000  4.280 0.000 99.99 0.259  24.618 0.000  15.945 0.000   8.673 0.000 0.120 0.000  0.349 0.559
199.291667 200.291667   93.10 0.000  0.33 0.000 9.999 0.259 99.99 0.259 0.048 0.559  2.061 0.000  3.710 0.000 99.99 0.259  36.277 0.000  27.027 0.000   9.250 0.000 0.095 0.000  0.412 0.559
202.291667 203.291667   32.17 0.000  1.04 0.000 9.999 0.259 99.99 0.259 0.058 0.559  1.001 0.000  1.802 0.000 99.99 0.259  10.285 0.000   5.340 0.000   4.945 0.000 0.027 0.000  0.338 0.559
205.291667 206.291667   47.53 0.000  0.49 0.000 9.999 0.259 99.99 0.259 0.018 0.559  1.593 0.000  2.868 0.000 99.99 0.259  16.973 0.000  10.910 0.000   6.064 0.000 0.045 0.000  0.290 0.559
208.291667 209.291667   52.33 0.000  0.25 0.000 9.999 0.259 99.99 0.259 0.029 0.559  2.963 0.000  5.334 0.000 99.99 0.259  24.389 0.000  15.431 0.000   8.957 0.000 0.081 0.000  0.258 0.559
211.291667 212.291667   72.39 0.000  0.92 0.000 0.013 0.000 99.99 0.259 0.025 0.559  3.511 0.000  6.319 0.000 99.99 0.259  31.703 0.000  21.240 0.000  10.463 0.000 0.107 0.000  0.357 0.559
214.291667 215.291667   78.24 0.000  0.52 0.000 0.016 0.000 99.99 0.259 0.023 0.559  1.988 0.000  3.579 0.000 99.99 0.259  26.584 0.000  19.390 0.000   7.195 0.000 0.071 0.000  0.229 0.559
217.291667 218.291667   50.70 0.000  0.51 0.000 0.009 0.000 99.99 0.259 0.024 0.559  3.198 0.000  5.756 0.000 99.99 0.259  24.562 0.000  15.413 0.000   9.150 0.000 0.065 0.000  0.251 0.559
220.291667 221.291667   67.19 0.000  1.54 0.000 0.016 0.000 99.99 0.259 0.215 0.559  1.196 0.000  2.153 0.000 99.99 0.259  20.733 0.000  12.324 0.000   8.408 0.000 0.056 0.000  0.749 0.559
223.291667 224.291667   47.68 0.000  0.56 0.000 0.012 0.000  0.16 0.000 0.023 0.559  0.886 0.000  1.595 0.000 99.99 0.259  13.359 0.000   8.444 0.000   4.915 0.000 0.061 0.000  0.362 0.559
226.291667 227.291667   23.49 0.000  0.45 0.000 0.009 0.000 99.99 0.259 0.018 0.559  1.158 0.000  2.084 0.000 99.99 0.259  12.639 0.000   7.753 0.000   4.886 0.000 0.051 0.000  0.319 0.559
229.291667 230.291667   18.51 0.000  0.78 0.000 9.999 0.259 99.99 0.259 0.049 0.559  0.585 0.000  1.052 0.000 99.99 0.259  10.067 0.000   6.680 0.000   3.387 0.000 0.039 0.000  0.259 0.559
232.291667 233.291667   16.95 0.000  0.54 0.000 0.006 0.000 99.99 0.259 0.017 0.559  1.192 0.000  2.146 0.000 99.99 0.259   9.424 0.000   5.227 0.000   4.197 0.000 0.044 0.000  0.241 0.559
235.291667 236.291667   55.78 0.000  0.84 0.000 0.011 0.000 99.99 0.259 0.051 0.559  4.343 0.000  7.817 0.000 99.99 0.259  28.908 0.000  17.722 0.000  11.186 0.000 0.129 0.000  0.392 0.559
238.291667 239.291667   25.86 0.000  0.84 0.000 0.010 0.000 99.99 0.259 0.051 0.559  1.427 0.000  2.568 0.000 99.99 0.259   8.957 0.000   2.780 0.000   6.177 0.000 0.040 0.000  0.358 0.559
241.291667 242.291667   23.32 0.000  0.79 0.000 0.016 0.000  0.12 0.000 0.025 0.559  1.126 0.000  2.027 0.000 99.99 0.259  18.762 0.000  13.219 0.000   5.543 0.000 0.030 0.000  0.434 0.559
244.291667 245.291667   15.40 0.000  0.48 0.000 9.999 0.259 99.99 0.259 0.033 0.559  1.190 0.000  2.141 0.000 99.99 0.259   7.338 0.000   3.122 0.000   4.216 0.000 0.030 0.000  0.212 0.559
247.291667 248.291667   11.31 0.000  0.38 0.000 9.999 0.259 99.99 0.259 0.009 0.559  0.802 0.000  1.444 0.000 99.99 0.259   7.113 0.000   3.892 0.000   3.221 0.000 0.018 0.000  0.228 0.559
250.291667 251.291667   34.87 0.000  0.35 0.000 0.014 0.000 99.99 0.259 0.028 0.559  2.367 0.000  4.260 0.000 99.99 0.259  17.396 0.000  10.266 0.000   7.131 0.000 0.050 0.000  0.216 0.559
