scripts/IMPROVE-2019_partial/data/US0048R.20000101060000.20191216000000.filterpack..pm25.52w.1w.US03L_filterpack_US0048.US03L_IMPROVE_Davis.lev2.nas
66 1001
MISSING INFORMATION
US03L, IMPROVE, , , , , , , 
MISSING INFORMATION
IMPROVE sel_HTAP
1 1
2000 01 01 2019 12 16
0
days from file reference point
27
1 1 1 1 1 1 1 1 1 1 1 1 1 1 1 1 1 1 1 1 1 1 1 1 1 1 1
999.99 9999.99 9.999 99.99 9.999999 9.999 9.999999 9.99 9.999999 99.999 9.999 99.999 9.999 99.999 9.999 99.99 9.999999 999.999 9.999 999.999 9.999 999.999 9.999 9.999 9.999 99.999 9.999
end_time of measurement, days from the file reference point
iron, ng/m3, Revision date=20181210133000
numflag iron, no unit, Revision date=20181210133000
lead, ng/m3, Revision date=20181210133000
numflag lead, no unit, Revision date=20181210133000
magnesium, ug/m3, Revision date=20181210133000
numflag magnesium, no unit, Revision date=20181210133000
nickel, ng/m3, Revision date=20181210133000
numflag nickel, no unit, Revision date=20181210133000
nitrate, ug N/m3, Revision date=20181210133000
numflag nitrate, no unit, Revision date=20181210133000
organic_carbon, ug C/m3, Revision date=20181210133000
numflag organic_carbon, no unit, Revision date=20181210133000
organic_mass, ug/m3, Revision date=20181210133000
numflag organic_mass, no unit, Revision date=20181210133000
phosphorus, ng/m3, Revision date=20181210133000
numflag phosphorus, no unit, Revision date=20181210133000
pm10_mass, ug/m3, Version=2, Version description=Data extracted from http://views.cira.colostate.edu/fed/DataWizard 2019-12-16, Sample duration=1d, Orig. time res.=3d, Matrix=pm10, Blank correction=Blank corrected, Volume std. temperature=ambient, Volume std. pressure=ambient
numflag pm10_mass, no unit, Version=2, Version description=Data extracted from http://views.cira.colostate.edu/fed/DataWizard 2019-12-16, Sample duration=1d, Orig. time res.=3d, Matrix=pm10, Blank correction=Blank corrected, Volume std. temperature=ambient, Volume std. pressure=ambient
pm10_pm25_mass, ug/m3, Revision date=20181210133000, Matrix=pm10_pm25
numflag pm10_pm25_mass, no unit, Revision date=20181210133000, Matrix=pm10_pm25
pm25_mass, ug/m3, Version=2, Version description=Data extracted from http://views.cira.colostate.edu/fed/DataWizard 2019-12-16, Sample duration=1d, Orig. time res.=3d, Blank correction=Blank corrected, Volume std. temperature=ambient, Volume std. pressure=ambient
numflag pm25_mass, no unit, Version=2, Version description=Data extracted from http://views.cira.colostate.edu/fed/DataWizard 2019-12-16, Sample duration=1d, Orig. time res.=3d, Blank correction=Blank corrected, Volume std. temperature=ambient, Volume std. pressure=ambient
potassium, ug/m3, Revision date=20181210133000
numflag potassium, no unit, Revision date=20181210133000
sulphate_total, ug S/m3, Revision date=20181210133000
numflag sulphate_total, no unit, Revision date=20181210133000
0
25
Data definition:              EBAS_1.1
Set type code:                TI
Timezone:                     UTC
File name:                    US0048R.20000101060000.20191216000000.filterpack..pm25.52w.1w.US03L_filterpack_US0048.US03L_IMPROVE_Davis.lev2.nas
File creation:                20191218115817
Startdate:                    20000101060000
Revision date:                20191216000000
Statistics:                   arithmetic mean
Data level:                   2
Period code:                  52w
Resolution code:              1w
Station code:                 US0048R
Platform code:                US0048S
Station name:                 Boundary Waters Canoe Area
Station latitude:             47.9466
Station longitude:            -91.4955
Station altitude:             526.0 m
Regime:                       IMG
Component:                    
Matrix:                       pm25
Laboratory code:              US03L
Instrument type:              filterpack
Instrument name:              filterpack_US0048
Method ref:                   US03L_IMPROVE_Davis
starttime endtime Fe flag_Fe Pb flag_Pb Mg++ flag_Mg++ Ni flag_Ni NO3- flag_NO3- OC flag_OC OM flag_OM P flag_P PM10 flag_PM10 PM10-PM2.5 flag_PM10-PM2.5 PM2.5 flag_PM2.5 K+ flag_K+ SO4-- flag_SO4--
  0.25   1.25   36.16 0.699  1.70 0.699000 9.999 0.699259 9.99 0.699259  0.048 0.559  0.873 0.000  1.222 0.000 99.99 0.699259   4.000 0.559   0.905 0.000   3.095 0.699 0.024 0.699  0.300 0.559
  4.25   5.25   17.23 0.699  0.83 0.699000 9.999 0.699259 9.99 0.699259  0.235 0.699  0.532 0.000  0.745 0.000 99.99 0.699259   5.511 0.559   1.645 0.000   3.867 0.699 0.016 0.699  0.267 0.699
  7.25   8.25  135.40 0.699  1.72 0.699000 9.999 0.699259 9.99 0.699259  0.892 0.699  1.160 0.000  1.624 0.000 99.99 0.699259  14.716 0.559   6.336 0.000   8.380 0.699 0.053 0.699  0.347 0.699
 11.25  12.25 9999.99 0.999 99.99 0.999000 9.999 0.999000 9.99 0.999000 99.999 0.999 99.999 0.999 99.999 0.999 99.99 0.999000 999.999 0.999 999.999 0.999 999.999 0.999 9.999 0.999 99.999 0.999
 14.25  15.25 9999.99 0.699 99.99 0.699000 9.999 0.699000 9.99 0.699000  1.361 0.699  1.393 0.000  1.950 0.000 99.99 0.699000  24.123 0.559 999.999 0.999 999.999 0.699 9.999 0.699  0.631 0.699
 18.25  19.25   10.60 0.699  9.08 0.699000 9.999 0.699259 9.99 0.699259  0.062 0.699  0.932 0.000  1.305 0.000 99.99 0.699259   5.294 0.559   0.903 0.000   4.391 0.699 0.042 0.699  0.500 0.699
 21.25  22.25   77.70 0.699  3.31 0.699000 9.999 0.699259 9.99 0.699259  0.434 0.699  1.180 0.000  1.652 0.000 99.99 0.699259  12.864 0.559   4.083 0.000   8.781 0.699 0.054 0.699  0.628 0.699
 25.25  26.25    4.92 0.699  0.31 0.699000 9.999 0.699259 9.99 0.699259  0.012 0.699  0.354 0.000  0.496 0.000 99.99 0.699259   1.750 0.559   0.240 0.000   1.510 0.699 0.017 0.699  0.164 0.699
 28.25  29.25  319.03 0.699  4.99 0.699000 9.999 0.699259 9.99 0.699259  0.904 0.699  1.919 0.000  2.687 0.000 99.99 0.699259  17.662 0.559   4.506 0.000  13.156 0.699 0.057 0.699  0.669 0.699
 32.25  33.25 9999.99 0.999 99.99 0.999000 9.999 0.999000 9.99 0.999000 99.999 0.999 99.999 0.999 99.999 0.999 99.99 0.999000 999.999 0.999 999.999 0.999 999.999 0.999 9.999 0.999 99.999 0.999
 35.25  36.25 9999.99 0.999 99.99 0.999000 9.999 0.999000 9.99 0.999000 99.999 0.999 99.999 0.999 99.999 0.999 99.99 0.999000 999.999 0.999 999.999 0.999 999.999 0.999 9.999 0.999 99.999 0.999
 39.25  40.25 9999.99 0.999 99.99 0.999000 9.999 0.999000 9.99 0.999000 99.999 0.999 99.999 0.999 99.999 0.999 99.99 0.999000 999.999 0.999 999.999 0.999 999.999 0.999 9.999 0.999 99.999 0.999
 42.25  43.25 9999.99 0.999 99.99 0.999000 9.999 0.999000 9.99 0.999000 99.999 0.999 99.999 0.999 99.999 0.999 99.99 0.999000 999.999 0.999 999.999 0.999 999.999 0.999 9.999 0.999 99.999 0.999
 46.25  47.25   10.65 0.559  1.33 0.559000 9.999 0.559259 9.99 0.559259  0.026 0.699  0.497 0.000  0.695 0.000 99.99 0.559259   3.004 0.559   0.472 0.000   2.532 0.559 0.018 0.559  0.272 0.699
 49.25  50.25  231.47 0.559  1.92 0.559000 0.029 0.559000 9.99 0.559259  0.107 0.699  1.342 0.000  1.879 0.000 99.99 0.559259  12.368 0.559   2.661 0.000   9.707 0.559 0.044 0.559  1.397 0.699
 53.25  54.25  136.55 0.559  2.15 0.559000 0.014 0.559000 9.99 0.559259  0.734 0.699  1.404 0.000  1.966 0.000 99.99 0.559259  12.374 0.000   2.458 0.000   9.916 0.559 0.048 0.559  0.658 0.699
 56.25  57.25   12.89 0.559  0.35 0.559000 9.999 0.559259 9.99 0.559259  0.095 0.699  0.335 0.000  0.469 0.000 99.99 0.559259   3.030 0.000   0.957 0.000   2.074 0.559 0.011 0.559  0.286 0.699
 60.25  61.25 9999.99 0.999 99.99 0.999000 9.999 0.999000 9.99 0.999000 99.999 0.999 99.999 0.999 99.999 0.999 99.99 0.999000 999.999 0.999 999.999 0.999 999.999 0.999 9.999 0.999 99.999 0.999
 63.25  64.25    9.85 0.559  0.79 0.559000 9.999 0.559259 9.99 0.559259  0.062 0.559  0.694 0.000  0.972 0.000 99.99 0.559259   2.615 0.000   0.546 0.000   2.069 0.559 0.021 0.559  0.166 0.559
 67.25  68.25  120.59 0.559  1.03 0.559000 9.999 0.559259 9.99 0.559259  0.089 0.000  1.408 0.000  1.971 0.000 99.99 0.559259   8.059 0.000   3.089 0.000   4.970 0.559 0.039 0.559  0.350 0.000
 70.25  71.25   51.02 0.559  0.89 0.559000 9.999 0.559259 9.99 0.559259  0.088 0.000  0.501 0.000  0.702 0.000 99.99 0.559259   4.115 0.000   1.384 0.000   2.732 0.559 0.022 0.559  0.222 0.000
 74.25  75.25    7.52 0.559  1.35 0.559000 9.999 0.559259 9.99 0.559259  0.019 0.559  0.290 0.000  0.406 0.000 99.99 0.559259   2.594 0.000   0.637 0.000   1.956 0.559 0.015 0.559  0.271 0.559
 77.25  78.25   42.10 0.559  2.48 0.559000 9.999 0.559259 9.99 0.559259  0.722 0.559  1.209 0.000  1.692 0.000 99.99 0.559259  12.425 0.000   3.066 0.000   9.358 0.559 0.037 0.559  0.768 0.559
 81.25  82.25 9999.99 0.999 99.99 0.999000 9.999 0.999000 9.99 0.999000 99.999 0.999 99.999 0.999 99.999 0.999 99.99 0.999000 999.999 0.999 999.999 0.999 999.999 0.999 9.999 0.999 99.999 0.999
 84.25  85.25 9999.99 0.999 99.99 0.999000 9.999 0.999000 9.99 0.999000 99.999 0.999 99.999 0.999 99.999 0.999 99.99 0.999000 999.999 0.999 999.999 0.999 999.999 0.999 9.999 0.999 99.999 0.999
 88.25  89.25  139.82 0.000  1.29 0.000000 9.999 0.259000 9.99 0.259000  0.396 0.000  1.336 0.000  1.871 0.000 99.99 0.259000  10.924 0.000   2.597 0.000   8.327 0.000 0.030 0.000  1.360 0.000
 91.25  92.25    7.50 0.000  1.17 0.000000 9.999 0.259000 9.99 0.259000  0.040 0.000  0.541 0.000  0.757 0.000 99.99 0.259000   2.883 0.000   0.819 0.000   2.065 0.000 0.017 0.000  0.329 0.000
 95.25  96.25    4.91 0.000  0.50 0.000000 9.999 0.259000 9.99 0.259000  0.008 0.000  0.347 0.000  0.486 0.000 99.99 0.259000   5.970 0.000   4.219 0.000   1.750 0.000 0.019 0.000  0.159 0.000
 98.25  99.25   10.70 0.000  1.37 0.000000 9.999 0.259000 9.99 0.259000  0.045 0.000  0.698 0.000  0.977 0.000 99.99 0.259000   8.000 0.000   4.149 0.000   3.852 0.000 0.027 0.000  0.343 0.000
102.25 103.25   21.19 0.000  2.07 0.000000 9.999 0.259000 9.99 0.259000  0.014 0.000  0.423 0.000  0.592 0.000 99.99 0.259000   3.876 0.000   0.572 0.000   3.304 0.000 0.021 0.000  0.575 0.000
105.25 106.25    9.24 0.000  0.52 0.000000 9.999 0.259000 9.99 0.259000  0.030 0.000  0.380 0.000  0.533 0.000 99.99 0.259000   2.180 0.000   0.226 0.000   1.954 0.000 0.013 0.000  0.316 0.000
109.25 110.25   10.47 0.000  0.66 0.000000 9.999 0.259000 9.99 0.259000  0.016 0.000  0.615 0.000  0.861 0.000 99.99 0.259000   2.867 0.000   0.510 0.000   2.356 0.000 0.017 0.000  0.407 0.000
112.25 113.25  154.11 0.000  2.73 0.000000 9.999 0.259000 9.99 0.259000  0.112 0.000  1.054 0.000  1.475 0.000 99.99 0.259000   8.923 0.000   3.529 0.000   5.394 0.000 0.090 0.000  0.457 0.000
116.25 117.25  146.50 0.559  1.99 0.559000 0.053 0.559000 9.99 0.559259  0.068 0.000  1.502 0.000  2.103 0.000 99.99 0.559259  14.752 0.000   6.755 0.000   7.997 0.559 0.079 0.559  0.823 0.000
119.25 120.25   19.56 0.559  0.40 0.559000 0.015 0.559000 9.99 0.559259  0.010 0.000  0.483 0.000  0.676 0.000 99.99 0.559259   5.999 0.000   2.632 0.000   3.367 0.559 0.021 0.559  0.144 0.000
123.25 124.25   91.00 0.559  1.54 0.559000 9.999 0.559259 9.99 0.559259 99.999 0.259  2.008 0.000  2.811 0.000 99.99 0.559259  17.998 0.000  11.428 0.000   6.570 0.559 0.057 0.559  0.448 0.000
126.25 127.25   98.21 0.559  1.44 0.559000 9.999 0.559259 9.99 0.559259  0.066 0.000  2.892 0.000  4.049 0.000 99.99 0.559259  20.094 0.000  11.107 0.000   8.987 0.559 0.063 0.559  0.795 0.000
130.25 131.25   30.27 0.559  0.84 0.559000 9.999 0.559259 9.99 0.559259  0.062 0.000  1.143 0.000  1.600 0.000 99.99 0.559259   6.903 0.000   2.580 0.000   4.323 0.559 0.034 0.559  0.450 0.000
133.25 134.25    7.55 0.559  0.20 0.559000 9.999 0.559259 0.16 0.559000  0.004 0.000  0.297 0.000  0.415 0.000  4.34 0.559000   2.014 0.000   1.367 0.000   0.647 0.559 0.007 0.559  0.054 0.000
137.25 138.25   74.65 0.559  1.22 0.559000 9.999 0.559259 9.99 0.559259  0.021 0.000  1.045 0.000  1.463 0.000 99.99 0.559259   6.944 0.000   2.519 0.000   4.425 0.559 0.038 0.559  0.472 0.000
140.25 141.25   86.70 0.559  1.77 0.559000 9.999 0.559259 9.99 0.559259  0.051 0.000  1.672 0.000  2.341 0.000 99.99 0.559259  11.300 0.000   5.254 0.000   6.046 0.559 0.064 0.559  0.451 0.000
144.25 145.25    7.01 0.000  0.19 0.000000 9.999 0.259000 9.99 0.259000  0.006 0.000  0.815 0.000  1.141 0.000 99.99 0.259000   4.578 0.000   2.295 0.000   2.283 0.000 0.010 0.000  0.172 0.000
147.25 148.25   25.82 0.000  0.56 0.000000 9.999 0.259000 9.99 0.259000  0.007 0.000  0.701 0.000  0.982 0.000 99.99 0.259000   5.975 0.000   3.323 0.000   2.651 0.000 0.021 0.000  0.173 0.000
151.25 152.25   95.30 0.000  0.56 0.000000 9.999 0.259000 9.99 0.259000  0.017 0.000  1.192 0.000  1.669 0.000 99.99 0.259000   8.962 0.000   6.184 0.000   2.778 0.000 0.020 0.000  0.114 0.000
154.25 155.25   66.77 0.000  0.44 0.000000 9.999 0.259000 9.99 0.259000  0.014 0.559  0.897 0.000  1.256 0.000 99.99 0.259000   5.431 0.000   2.812 0.000   2.620 0.000 0.031 0.000  0.116 0.559
158.25 159.25 9999.99 0.999 99.99 0.999000 9.999 0.999000 9.99 0.999000 99.999 0.999 99.999 0.999 99.999 0.999 99.99 0.999000 999.999 0.999 999.999 0.999 999.999 0.999 9.999 0.999 99.999 0.999
161.25 162.25 9999.99 0.999 99.99 0.999000 9.999 0.999000 9.99 0.999000 99.999 0.999 99.999 0.999 99.999 0.999 99.99 0.999000 999.999 0.999 999.999 0.999 999.999 0.999 9.999 0.999 99.999 0.999
165.25 166.25   14.12 0.559 99.99 0.559259 9.999 0.559259 9.99 0.559259  0.015 0.559  1.218 0.000  1.706 0.000 99.99 0.559259   7.479 0.000   3.272 0.000   4.207 0.559 0.025 0.559  0.411 0.559
168.25 169.25   11.86 0.559 99.99 0.559259 9.999 0.559259 9.99 0.559259  0.007 0.559  0.505 0.000  0.707 0.000 99.99 0.559259   3.287 0.000   1.444 0.000   1.843 0.559 0.015 0.559  0.148 0.559
172.25 173.25   31.11 0.559 99.99 0.559259 9.999 0.559259 9.99 0.559259  0.013 0.699  1.038 0.000  1.454 0.000 99.99 0.559259   7.232 0.000   4.327 0.000   2.905 0.559 0.017 0.559  0.148 0.699
175.25 176.25   15.95 0.559 99.99 0.559259 9.999 0.559259 9.99 0.559259  0.028 0.699  1.497 0.000  2.096 0.000 99.99 0.559259   8.383 0.000   4.143 0.000   4.240 0.559 0.022 0.559  0.311 0.699
179.25 180.25 9999.99 0.999 99.99 0.999000 9.999 0.999000 9.99 0.999000 99.999 0.999 99.999 0.999 99.999 0.999 99.99 0.999000 999.999 0.999 999.999 0.999 999.999 0.999 9.999 0.999 99.999 0.999
182.25 183.25 9999.99 0.999 99.99 0.999000 9.999 0.999000 9.99 0.999000 99.999 0.999 99.999 0.999 99.999 0.999 99.99 0.999000 999.999 0.999 999.999 0.999 999.999 0.999 9.999 0.999 99.999 0.999
186.25 187.25 9999.99 0.999 99.99 0.999000 9.999 0.999000 9.99 0.999000 99.999 0.999 99.999 0.999 99.999 0.999 99.99 0.999000 999.999 0.999 999.999 0.999 999.999 0.999 9.999 0.999 99.999 0.999
189.25 190.25 9999.99 0.999 99.99 0.999000 9.999 0.999000 9.99 0.999000 99.999 0.999 99.999 0.999 99.999 0.999 99.99 0.999000 999.999 0.999 999.999 0.999 999.999 0.999 9.999 0.999 99.999 0.999
193.25 194.25   28.15 0.559 99.99 0.559259 9.999 0.559259 9.99 0.559259  0.017 0.000  2.333 0.000  3.266 0.000 99.99 0.559259   9.094 0.000   3.122 0.000   5.972 0.559 0.030 0.559  0.274 0.000
196.25 197.25   12.16 0.559 99.99 0.559259 9.999 0.559259 9.99 0.559259  0.006 0.000  1.905 0.000  2.667 0.000 99.99 0.559259   6.531 0.000   2.438 0.000   4.093 0.559 0.017 0.559  0.086 0.000
200.25 201.25   52.38 0.559 99.99 0.559259 9.999 0.559259 9.99 0.559259  0.015 0.000  1.072 0.000  1.500 0.000 99.99 0.559259   4.820 0.000   2.009 0.000   2.812 0.559 0.023 0.559  0.088 0.000
203.25 204.25   28.31 0.559  0.31 0.559000 9.999 0.559259 9.99 0.559259  0.008 0.000  1.244 0.000  1.742 0.000 99.99 0.559259   3.595 0.000   0.749 0.000   2.845 0.559 0.018 0.559  0.066 0.000
207.25 208.25   11.73 0.559 99.99 0.559259 9.999 0.559259 9.99 0.559259  0.018 0.000  1.188 0.000  1.663 0.000 99.99 0.559259   7.147 0.000   2.529 0.000   4.618 0.559 0.021 0.559  0.383 0.000
210.25 211.25   21.32 0.559 99.99 0.559259 9.999 0.559259 9.99 0.559259  0.015 0.000  2.641 0.000  3.698 0.000 99.99 0.559259  17.666 0.000   0.810 0.000  16.855 0.559 0.024 0.559  1.708 0.000
214.25 215.25    4.44 0.559 99.99 0.559259 9.999 0.559259 9.99 0.559259  0.007 0.000  2.691 0.000  3.768 0.000  7.23 0.559000   6.541 0.000   1.462 0.000   5.079 0.559 0.029 0.559  0.100 0.000
217.25 218.25   39.61 0.559  1.61 0.559000 9.999 0.559259 9.99 0.559259  0.050 0.000  2.578 0.000  3.609 0.000 99.99 0.559259  14.495 0.000   3.059 0.000  11.436 0.559 0.042 0.559  0.989 0.000
221.25 222.25   36.90 0.559 99.99 0.559259 0.013 0.559000 9.99 0.559259  0.023 0.699  1.266 0.000  1.773 0.000 99.99 0.559259   7.026 0.000   3.157 0.000   3.869 0.559 0.027 0.559  0.304 0.699
224.25 225.25   45.74 0.559  0.61 0.559000 9.999 0.559259 9.99 0.559259  0.052 0.699  1.936 0.000  2.710 0.000 99.99 0.559259  11.452 0.000   4.045 0.000   7.407 0.559 0.043 0.559  0.641 0.699
228.25 229.25   32.42 0.559 99.99 0.559259 9.999 0.559259 9.99 0.559259  0.017 0.000  1.124 0.000  1.573 0.000 99.99 0.559259   9.838 0.000   5.321 0.000   4.517 0.559 0.024 0.559  0.273 0.000
231.25 232.25    3.24 0.559 99.99 0.559259 9.999 0.559259 9.99 0.559259  0.017 0.000  1.054 0.000  1.475 0.000 99.99 0.559259   5.208 0.000   2.404 0.000   2.804 0.559 0.015 0.559  0.087 0.000
235.25 236.25   46.81 0.559 99.99 0.559259 9.999 0.559259 9.99 0.559259  0.013 0.000  1.230 0.000  1.722 0.000 99.99 0.559259   6.985 0.000   2.771 0.000   4.214 0.559 0.029 0.559  0.179 0.000
238.25 239.25   26.69 0.559 99.99 0.559259 0.007 0.559000 9.99 0.559259  0.009 0.000  2.294 0.000  3.211 0.000 99.99 0.559259   8.853 0.000   3.072 0.000   5.781 0.559 0.029 0.559  0.246 0.000
243.25 244.25 9999.99 0.999 99.99 0.999000 9.999 0.999000 9.99 0.999000 99.999 0.999 99.999 0.999 99.999 0.999 99.99 0.999000 999.999 0.999 999.999 0.999 999.999 0.999 9.999 0.999 99.999 0.999
246.25 247.25 9999.99 0.999 99.99 0.999000 9.999 0.999000 9.99 0.999000 99.999 0.999 99.999 0.999 99.999 0.999 99.99 0.999000 999.999 0.999 999.999 0.999 999.999 0.999 9.999 0.999 99.999 0.999
249.25 250.25 9999.99 0.999 99.99 0.999000 9.999 0.999000 9.99 0.999000 99.999 0.999 99.999 0.999 99.999 0.999 99.99 0.999000 999.999 0.999 999.999 0.999 999.999 0.999 9.999 0.999 99.999 0.999
252.25 253.25 9999.99 0.999 99.99 0.999000 9.999 0.999000 9.99 0.999000 99.999 0.999 99.999 0.999 99.999 0.999 99.99 0.999000 999.999 0.999 999.999 0.999 999.999 0.999 9.999 0.999 99.999 0.999
255.25 256.25   16.79 0.000  0.19 0.000000 9.999 0.259000 9.99 0.259000  0.032 0.000  0.999 0.000  1.398 0.000 99.99 0.259000   7.692 0.000   4.887 0.000   2.804 0.000 0.075 0.000  0.183 0.000
258.25 259.25    2.80 0.000  0.23 0.000000 0.012 0.000000 9.99 0.259000  0.007 0.000  0.540 0.000  0.756 0.000 99.99 0.259000   3.411 0.000   1.698 0.000   1.713 0.000 0.009 0.000  0.248 0.000
261.25 262.25  169.35 0.000  1.43 0.000000 9.999 0.259000 9.99 0.259000  0.047 0.000  2.196 0.000  3.075 0.000 99.99 0.259000  24.819 0.000  16.581 0.000   8.239 0.000 0.106 0.000  0.568 0.000
264.25 265.25    6.70 0.000  0.25 0.000000 9.999 0.259000 9.99 0.259000  0.008 0.000  0.585 0.000  0.818 0.000 99.99 0.259000   1.931 0.000   0.671 0.000   1.260 0.000 0.011 0.000  0.147 0.000
267.25 268.25    4.93 0.000  0.16 0.000000 9.999 0.259000 9.99 0.259000  0.023 0.000  1.011 0.000  1.416 0.000 99.99 0.259000   4.479 0.000   1.599 0.000   2.880 0.000 0.035 0.000  0.243 0.000
270.25 271.25    2.49 0.000  0.23 0.000000 0.010 0.000000 9.99 0.259000  0.006 0.000  0.352 0.000  0.493 0.000 99.99 0.259000   2.232 0.000   1.249 0.000   0.983 0.000 0.017 0.000  0.113 0.000
273.25 274.25  120.57 0.559  1.01 0.559000 9.999 0.559259 9.99 0.559259  0.095 0.000  3.774 0.000  5.284 0.000 99.99 0.559259  23.851 0.000  12.277 0.000  11.574 0.559 0.187 0.559  0.637 0.000
276.25 277.25   39.74 0.000  0.29 0.000000 9.999 0.259000 9.99 0.259000  0.030 0.000  1.189 0.000  1.664 0.000 99.99 0.259000   5.017 0.000   2.540 0.000   2.477 0.000 0.045 0.000  0.140 0.000
279.25 280.25    5.40 0.000 99.99 0.259000 0.018 0.000000 9.99 0.259000  0.004 0.000  0.236 0.000  0.331 0.000 99.99 0.259000   0.902 0.000   0.483 0.000   0.419 0.000 9.999 0.259  0.066 0.000
