scripts/IMPROVE-2019_partial/data/US0098R.19900103080000.20191216000000.filterpack...1y.3d.US03L_filterpack_US0098.US03L_IMPROVE_Davis.lev2.nas
52 1001
MISSING INFORMATION
US03L, IMPROVE, , , , , , , 
MISSING INFORMATION
IMPROVE sel_HTAP
1 1
1990 01 01 2019 12 16
0
days from file reference point
5
1 1 1 1 1
999.999999 999.999 9.999 999.999 9.999999
end_time of measurement, days from the file reference point
pm10_mass, ug/m3, Matrix=pm10
numflag pm10_mass, no unit, Matrix=pm10
pm25_mass, ug/m3, Matrix=pm25
numflag pm25_mass, no unit, Matrix=pm25
0
33
Data definition:              EBAS_1.1
Set type code:                TI
Timezone:                     UTC
File name:                    US0098R.19900103080000.20191216000000.filterpack...1y.3d.US03L_filterpack_US0098.US03L_IMPROVE_Davis.lev2.nas
File creation:                20191218120206
Startdate:                    19900103080000
Revision date:                20191216000000
Version:                      2
Version description:          "Data extracted from http://views.cira.colostate.edu/fed/DataWizard 2019-12-16"
Statistics:                   arithmetic mean
Data level:                   2
Period code:                  1y
Resolution code:              3d
Sample duration:              1d
Orig. time res.:              3d
Station code:                 US0098R
Platform code:                US0098S
Station name:                 Point Reyes National Seashore
Station latitude:             38.1224
Station longitude:            -122.9085
Station altitude:             97.0 m
Regime:                       IMG
Component:                    
Unit:                         ug/m3
Matrix:                       
Laboratory code:              US03L
Instrument type:              filterpack
Instrument name:              filterpack_US0098
Method ref:                   US03L_IMPROVE_Davis
Blank correction:             Blank corrected
Volume std. temperature:      ambient
Volume std. pressure:         ambient
starttime endtime PM10 flag_PM10 PM2.5 flag_PM2.5
  2.333333   3.333333  13.670 0.000   6.262 0.000000
  5.333333   6.333333  26.561 0.000   6.862 0.000000
  9.333333  10.333333  25.708 0.000  12.484 0.000000
 12.333333  13.333333  11.188 0.000   2.508 0.000000
 16.333333  17.333333  32.545 0.000   4.465 0.000000
 19.333333  20.333333  27.443 0.000  11.070 0.000000
 23.333333  24.333333  19.450 0.000   9.908 0.000000
 26.333333  27.333333 999.999 0.999   3.761 0.000000
 30.333333  31.333333  19.862 0.000   6.177 0.000000
 33.333333  34.333333   9.252 0.000   3.853 0.000000
 37.333333  38.333333  15.903 0.000   3.578 0.000000
 40.333333  41.333333   9.427 0.000 999.999 0.999000
 44.333333  45.333333  12.512 0.000   4.164 0.000000
 47.333333  48.333333  33.929 0.000   3.150 0.000000
 51.333333  52.333333  38.708 0.000  17.788 0.000000
 54.333333  55.333333 999.999 0.999  10.216 0.000000
 58.333333  59.333333  22.153 0.000   6.667 0.000000
 61.333333  62.333333   7.103 0.000   4.246 0.000000
 65.333333  66.333333  27.415 0.000   4.068 0.000000
 68.333333  69.333333   9.000 0.000   2.755 0.000000
 72.333333  73.333333  15.859 0.000   9.444 0.000000
 75.333333  76.333333  12.424 0.000   8.951 0.000000
 79.333333  80.333333   7.701 0.000   4.465 0.000000
 82.333333  83.333333  15.699 0.000   9.908 0.000000
 86.333333  87.333333  25.608 0.000  11.296 0.000000
 89.333333  90.333333  24.728 0.000  14.557 0.000000
 93.333333  94.333333 999.999 0.999   8.746 0.000000
 96.333333  97.333333 999.999 0.999   4.878 0.000000
100.333333 101.333333  17.877 0.000   3.976 0.000000
103.333333 104.333333  18.830 0.000   9.268 0.000000
107.333333 108.333333  23.000 0.000   3.415 0.000000
110.333333 111.333333 999.999 0.999 999.999 0.999000
114.333333 115.333333  35.939 0.000  11.779 0.000000
117.333333 118.333333  25.668 0.000  10.185 0.000000
121.333333 122.333333  38.777 0.000  14.492 0.000000
124.333333 125.333333  12.124 0.000   4.708 0.000000
128.333333 129.333333  33.506 0.000  11.350 0.000000
131.333333 132.333333  24.770 0.000   8.936 0.000000
135.333333 136.333333  29.444 0.000   8.712 0.000000
138.333333 139.333333  11.779 0.000   4.146 0.000000
142.333333 143.333333  20.168 0.000   2.250 0.000000
145.333333 146.333333  10.595 0.000   3.323 0.000000
149.333333 150.333333  20.618 0.000   5.350 0.000000
152.333333 153.333333  19.503 0.000   5.619 0.000000
156.333333 157.333333  15.291 0.000   3.988 0.000000
159.333333 160.333333  17.460 0.000   7.818 0.000000
163.333333 164.333333  31.647 0.000   9.908 0.000000
166.333333 167.333333  19.519 0.000   6.369 0.000000
170.333333 171.333333  59.358 0.000 999.999 0.999000
173.333333 174.333333  14.602 0.000 999.999 0.999000
177.333333 178.333333  14.590 0.000   5.872 0.000000
180.333333 181.333333  16.780 0.000   6.220 0.000000
184.333333 185.333333  11.547 0.000   1.945 0.000000
187.333333 188.333333  33.202 0.000   9.358 0.000000
191.333333 192.333333  21.859 0.000   5.364 0.000000
194.333333 195.333333  15.753 0.000   6.386 0.000000
198.333333 199.333333  11.975 0.000   2.818 0.000000
201.333333 202.333333   7.959 0.000   6.242 0.000000
205.333333 206.333333  20.701 0.000 999.999 0.999000
208.333333 209.333333  44.025 0.000   8.735 0.000000
212.333333 213.333333  43.836 0.000 999.999 0.999000
215.333333 216.333333  26.577 0.000 999.999 0.999000
219.333333 220.333333  27.010 0.000   9.072 0.000000
222.333333 223.333333  54.593 0.000   5.552 0.000000
226.333333 227.333333  28.413 0.000   2.883 0.000000
229.333333 230.333333  18.832 0.000   4.315 0.000000
233.333333 234.333333  28.052 0.000   7.071 0.000000
236.333333 237.333333  10.534 0.000   4.451 0.000000
240.333333 241.333333   2.841 0.000 999.999 0.999000
243.333333 244.333333  21.780 0.000   9.371 0.559000
247.333333 248.333333   9.727 0.000   4.777 0.559000
250.333333 251.333333  26.538 0.000   8.368 0.559000
254.333333 255.333333  18.315 0.000   9.252 0.559000
257.333333 258.333333  12.248 0.000   6.557 0.559000
261.333333 262.333333  21.604 0.000   7.500 0.559000
264.333333 265.333333  21.338 0.000  12.628 0.559000
268.333333 269.333333  18.898 0.000   8.679 0.559000
271.333333 272.333333  12.646 0.000  10.390 0.559000
275.333333 276.333333  35.771 0.000  18.138 0.559000
278.333333 279.333333  24.838 0.000  10.150 0.559000
282.333333 283.333333  28.912 0.000  11.738 0.559000
285.333333 286.333333  22.092 0.000   8.502 0.559000
289.333333 290.333333  26.690 0.000 999.999 0.559259
292.333333 293.333333  19.539 0.000   8.288 0.559000
296.333333 297.333333  26.360 0.000   3.976 0.559000
299.333333 300.333333   4.846 0.000   2.831 0.559000
303.333333 304.333333  16.319 0.000   4.581 0.559000
306.333333 307.333333  15.286 0.000   7.372 0.559000
310.333333 311.333333  12.491 0.000   5.905 0.559000
313.333333 314.333333  24.437 0.000  10.979 0.559000
317.333333 318.333333  18.160 0.000   6.677 0.559000
320.333333 321.333333  17.906 0.000  11.057 0.559000
324.333333 325.333333  25.785 0.000 999.999 0.559259
327.333333 328.333333  15.204 0.000   6.727 0.559000
331.333333 332.333333  21.713 0.000  13.589 0.559000
334.333333 335.333333  24.214 0.000  11.277 0.559000
338.333333 339.333333  17.987 0.000   8.955 0.559000
341.333333 342.333333  25.993 0.000  18.285 0.559000
345.333333 346.333333  12.410 0.000   6.485 0.559000
348.333333 349.333333   9.564 0.000   3.697 0.559000
352.333333 353.333333  12.900 0.000   5.232 0.559000
355.333333 356.333333  12.156 0.000   8.505 0.559000
359.333333 360.333333 999.999 0.999 999.999 0.999000
362.333333 363.333333  20.959 0.000   4.773 0.559000
