scripts/IMPROVE-2019_partial/data/US0042R.20010404050000.20191216000000.filterpack..pm25.9mo.1w.US03L_filterpack_US0042.US03L_IMPROVE_Davis.lev2.nas
64 1001
MISSING INFORMATION
US03L, IMPROVE, , , , , , , 
MISSING INFORMATION
IMPROVE sel_HTAP
1 1
2001 01 01 2019 12 16
3.000000
days from file reference point
25
1 1 1 1 1 1 1 1 1 1 1 1 1 1 1 1 1 1 1 1 1 1 1 1 1
999.999999 9999.99 9.999 99.99 9.999 9.999 9.999999 99.99 9.999 9.999 9.999 99.999 9.999 99.999 9.999 999.999 9.999 999.999 9.999 999.999 9.999 9.999 9.999 99.999 9.999
end_time of measurement, days from the file reference point
iron, ng/m3, Revision date=20181210133000
numflag iron, no unit, Revision date=20181210133000
lead, ng/m3, Revision date=20181210133000
numflag lead, no unit, Revision date=20181210133000
magnesium, ug/m3, Revision date=20181210133000
numflag magnesium, no unit, Revision date=20181210133000
nickel, ng/m3, Revision date=20181210133000
numflag nickel, no unit, Revision date=20181210133000
nitrate, ug N/m3, Revision date=20181210133000
numflag nitrate, no unit, Revision date=20181210133000
organic_carbon, ug C/m3, Revision date=20181210133000
numflag organic_carbon, no unit, Revision date=20181210133000
organic_mass, ug/m3, Revision date=20181210133000
numflag organic_mass, no unit, Revision date=20181210133000
pm10_mass, ug/m3, Version=2, Version description=Data extracted from http://views.cira.colostate.edu/fed/DataWizard 2019-12-16, Sample duration=1d, Orig. time res.=3d, Matrix=pm10, Blank correction=Blank corrected, Volume std. temperature=ambient, Volume std. pressure=ambient
numflag pm10_mass, no unit, Version=2, Version description=Data extracted from http://views.cira.colostate.edu/fed/DataWizard 2019-12-16, Sample duration=1d, Orig. time res.=3d, Matrix=pm10, Blank correction=Blank corrected, Volume std. temperature=ambient, Volume std. pressure=ambient
pm10_pm25_mass, ug/m3, Revision date=20181210133000, Matrix=pm10_pm25
numflag pm10_pm25_mass, no unit, Revision date=20181210133000, Matrix=pm10_pm25
pm25_mass, ug/m3, Version=2, Version description=Data extracted from http://views.cira.colostate.edu/fed/DataWizard 2019-12-16, Sample duration=1d, Orig. time res.=3d, Blank correction=Blank corrected, Volume std. temperature=ambient, Volume std. pressure=ambient
numflag pm25_mass, no unit, Version=2, Version description=Data extracted from http://views.cira.colostate.edu/fed/DataWizard 2019-12-16, Sample duration=1d, Orig. time res.=3d, Blank correction=Blank corrected, Volume std. temperature=ambient, Volume std. pressure=ambient
potassium, ug/m3, Revision date=20181210133000
numflag potassium, no unit, Revision date=20181210133000
sulphate_total, ug S/m3, Revision date=20181210133000
numflag sulphate_total, no unit, Revision date=20181210133000
0
25
Data definition:              EBAS_1.1
Set type code:                TU
Timezone:                     UTC
File name:                    US0042R.20010404050000.20191216000000.filterpack..pm25.9mo.1w.US03L_filterpack_US0042.US03L_IMPROVE_Davis.lev2.nas
File creation:                20191218115801
Startdate:                    20010404050000
Revision date:                20191216000000
Statistics:                   arithmetic mean
Data level:                   2
Period code:                  9mo
Resolution code:              1w
Station code:                 US0042R
Platform code:                US0042S
Station name:                 Cape Cod
Station latitude:             41.9758
Station longitude:            -70.0242
Station altitude:             49.0 m
Regime:                       IMG
Component:                    
Matrix:                       pm25
Laboratory code:              US03L
Instrument type:              filterpack
Instrument name:              filterpack_US0042
Method ref:                   US03L_IMPROVE_Davis
starttime endtime Fe flag_Fe Pb flag_Pb Mg++ flag_Mg++ Ni flag_Ni NO3- flag_NO3- OC flag_OC OM flag_OM PM10 flag_PM10 PM10-PM2.5 flag_PM10-PM2.5 PM2.5 flag_PM2.5 K+ flag_K+ SO4-- flag_SO4--
 93.208333  94.208333   11.12 0.000  1.14 0.000 9.999 0.259000  1.23 0.000 0.083 0.559  0.538 0.000  0.753 0.000  11.367 0.000   7.637 0.000   3.731 0.000 0.030 0.000  0.332 0.559
 96.208333  97.208333   21.17 0.000  1.90 0.000 9.999 0.259000 99.99 0.259 0.077 0.559  0.490 0.000  0.687 0.000  14.385 0.000   8.478 0.000   5.907 0.000 0.041 0.000  0.597 0.559
 99.208333 100.208333    9.82 0.000  2.34 0.000 9.999 0.259000  1.01 0.000 0.069 0.559  0.811 0.000  1.136 0.000   9.354 0.000   3.971 0.000   5.382 0.000 0.035 0.000  0.678 0.559
102.208333 103.208333    8.82 0.000  0.50 0.000 9.999 0.259000  1.92 0.000 0.097 0.000  0.849 0.000  1.189 0.000   9.985 0.000   3.451 0.000   6.534 0.000 0.026 0.000  1.015 0.000
105.208333 106.208333    7.80 0.000  1.06 0.000 9.999 0.259000 99.99 0.259 0.034 0.559  0.441 0.000  0.618 0.000   5.663 0.000   3.183 0.000   2.480 0.000 0.021 0.000  0.234 0.559
108.208333 109.208333   37.75 0.000  2.63 0.000 9.999 0.259000  1.91 0.000 0.103 0.000  0.717 0.000  1.004 0.000  12.535 0.000   7.566 0.000   4.969 0.000 0.034 0.000  0.437 0.000
111.208333 112.208333  447.97 0.000  2.95 0.000 9.999 0.259000  0.50 0.000 0.538 0.000  2.018 0.000  2.825 0.000  44.172 0.000  20.899 0.000  23.273 0.000 0.295 0.000  1.775 0.000
114.208333 115.208333   55.56 0.000  1.84 0.000 9.999 0.259000  0.33 0.000 0.258 0.000  0.530 0.000  0.742 0.000  10.212 0.000   6.219 0.000   3.993 0.000 0.047 0.000  0.515 0.000
117.208333 118.208333   61.24 0.000  2.14 0.000 9.999 0.259000  1.07 0.000 0.112 0.000  0.891 0.000  1.247 0.000  13.194 0.000   7.048 0.000   6.147 0.000 0.059 0.000  0.595 0.000
120.208333 121.208333  112.06 0.000  6.13 0.000 9.999 0.259000  2.48 0.000 0.315 0.000  1.947 0.000  2.726 0.000  29.305 0.000  13.824 0.000  15.481 0.000 0.083 0.000  1.494 0.000
123.208333 124.208333 9999.99 0.456 99.99 0.456 9.999 0.456000 99.99 0.456 0.167 0.559  3.762 0.000  5.266 0.000  58.077 0.000 999.999 0.999 999.999 0.456 9.999 0.456  4.804 0.559
126.208333 127.208333   37.45 0.000  1.05 0.000 9.999 0.259000  2.35 0.000 0.095 0.000  0.469 0.000  0.657 0.000   9.518 0.000   6.001 0.000   3.517 0.000 0.033 0.000  0.295 0.000
129.208333 130.208333   72.65 0.000  2.67 0.000 9.999 0.259000  1.23 0.000 0.146 0.000  1.285 0.000  1.800 0.000  19.199 0.000  10.689 0.000   8.511 0.000 0.051 0.000  0.856 0.000
132.208333 133.208333   19.47 0.000  0.59 0.000 9.999 0.259000 99.99 0.259 0.127 0.559  0.564 0.000  0.789 0.000   7.026 0.000   3.746 0.000   3.280 0.000 0.022 0.000  0.270 0.559
135.208333 136.208333   16.27 0.000  0.99 0.000 9.999 0.259000  0.81 0.000 0.146 0.000  0.447 0.000  0.625 0.000  16.054 0.000   8.531 0.000   7.523 0.000 0.050 0.000  0.878 0.000
138.208333 139.208333   21.71 0.000  1.77 0.000 9.999 0.259000  1.23 0.000 0.070 0.000  0.664 0.000  0.929 0.000  11.601 0.000   4.252 0.000   7.349 0.000 0.027 0.000  1.237 0.000
141.208333 142.208333   27.77 0.000  0.76 0.000 9.999 0.259000 99.99 0.259 0.073 0.000  0.496 0.000  0.694 0.000  15.137 0.000   8.330 0.000   6.807 0.000 0.047 0.000  0.556 0.000
144.208333 145.208333   22.13 0.000  0.65 0.000 9.999 0.259000  0.81 0.000 0.102 0.000  0.948 0.000  1.327 0.000  13.889 0.000   8.536 0.000   5.353 0.000 0.038 0.000  0.519 0.000
147.208333 148.208333   14.54 0.000  0.83 0.000 9.999 0.259000  0.72 0.000 0.132 0.000  1.559 0.000  2.183 0.000  17.524 0.000   8.468 0.000   9.057 0.000 0.038 0.000  1.139 0.000
150.208333 151.208333   13.05 0.000  0.55 0.000 9.999 0.259000  0.60 0.000 0.036 0.000  0.377 0.000  0.528 0.000  10.539 0.000   8.195 0.000   2.344 0.000 0.013 0.000  0.182 0.000
153.208333 154.208333   17.43 0.000  0.73 0.000 9.999 0.259000  0.92 0.000 0.096 0.000  1.169 0.000  1.637 0.000  13.399 0.000   4.496 0.000   8.902 0.000 0.042 0.000  1.279 0.000
156.208333 157.208333   32.88 0.000  1.51 0.000 9.999 0.259000  0.94 0.000 0.034 0.000  0.783 0.000  1.097 0.000  15.523 0.000  11.121 0.000   4.402 0.000 0.027 0.000  0.390 0.000
159.208333 160.208333   44.08 0.000  1.61 0.000 9.999 0.259000  0.56 0.000 0.042 0.000  1.321 0.000  1.849 0.000  17.239 0.000  10.388 0.000   6.851 0.000 0.039 0.000  0.360 0.000
162.208333 163.208333 9999.99 0.999 99.99 0.999 9.999 0.999000 99.99 0.999 9.999 0.999 99.999 0.999 99.999 0.999 999.999 0.999 999.999 0.999 999.999 0.999 9.999 0.999 99.999 0.999
165.208333 166.208333   48.30 0.000  1.16 0.000 9.999 0.259000  0.84 0.000 0.056 0.000  1.049 0.000  1.469 0.000  30.387 0.000  13.492 0.000  16.895 0.000 0.083 0.000  3.193 0.000
168.208333 169.208333 9999.99 0.999 99.99 0.999 9.999 0.999000 99.99 0.999 9.999 0.999 99.999 0.999 99.999 0.999 999.999 0.999 999.999 0.999 999.999 0.999 9.999 0.999 99.999 0.999
171.208333 172.208333   24.15 0.000  0.81 0.000 9.999 0.259000  1.18 0.000 0.155 0.000  2.295 0.000  3.213 0.000  26.956 0.000  13.715 0.000  13.241 0.000 0.050 0.000  1.468 0.000
174.208333 175.208333   10.54 0.000  0.42 0.000 9.999 0.259000  0.46 0.000 0.076 0.000  0.393 0.000  0.550 0.000  11.806 0.000   6.775 0.000   5.031 0.000 0.035 0.000  0.425 0.000
177.208333 178.208333   45.55 0.000  2.60 0.000 9.999 0.259000  1.71 0.000 0.206 0.000  3.933 0.000  5.506 0.000  25.899 0.000   8.317 0.000  17.582 0.000 0.040 0.000  2.144 0.000
180.208333 181.208333   44.28 0.000  1.78 0.000 9.999 0.259000  2.00 0.000 0.078 0.000  1.619 0.000  2.267 0.000  35.090 0.000   6.997 0.000  28.093 0.000 0.052 0.000  4.755 0.000
183.208333 184.208333   18.75 0.000  1.36 0.000 9.999 0.259000  0.83 0.000 0.055 0.000  0.818 0.000  1.146 0.000  11.304 0.000   6.984 0.000   4.320 0.000 0.042 0.000  0.328 0.000
186.208333 187.208333   26.90 0.000  3.01 0.000 9.999 0.259000  0.57 0.000 0.066 0.000  1.314 0.000  1.840 0.000  19.976 0.000   9.272 0.000  10.703 0.000 0.075 0.000  1.614 0.000
189.208333 190.208333   12.47 0.000  1.17 0.000 9.999 0.259000  0.86 0.000 0.073 0.000  0.760 0.000  1.064 0.000  16.544 0.000   4.399 0.000  12.145 0.000 0.034 0.000  2.016 0.000
192.208333 193.208333   14.12 0.000  1.55 0.000 9.999 0.259000  0.71 0.000 0.043 0.000  1.146 0.000  1.604 0.000   9.722 0.000   4.905 0.000   4.817 0.000 0.027 0.000  0.417 0.000
195.208333 196.208333   10.68 0.000  2.16 0.000 9.999 0.259000  0.68 0.000 0.129 0.000  1.246 0.000  1.745 0.000   8.660 0.000   3.248 0.000   5.412 0.000 0.041 0.000  0.563 0.000
198.208333 199.208333   11.37 0.000  1.07 0.000 9.999 0.259000  0.76 0.000 0.048 0.000  0.876 0.000  1.227 0.000   8.196 0.000   2.325 0.000   5.871 0.000 0.016 0.000  0.694 0.000
201.208333 202.208333   16.42 0.000  1.49 0.000 9.999 0.259000  0.34 0.000 0.032 0.000  1.360 0.000  1.903 0.000   9.730 0.000   4.143 0.000   5.587 0.000 0.019 0.000  0.423 0.000
204.208333 205.208333   31.89 0.000  0.53 0.000 9.999 0.259000  1.45 0.000 0.103 0.000  0.465 0.000  0.650 0.000  16.021 0.000   4.522 0.000  11.499 0.000 0.035 0.000  1.959 0.000
207.208333 208.208333    8.56 0.000  0.32 0.000 9.999 0.259000  0.30 0.000 0.044 0.000  0.524 0.000  0.734 0.000   9.488 0.000   6.552 0.000   2.936 0.000 0.027 0.000  0.122 0.000
210.208333 211.208333   10.22 0.000  0.94 0.000 9.999 0.259000  1.18 0.000 0.031 0.000  0.549 0.000  0.768 0.000   7.913 0.000   3.463 0.000   4.451 0.000 0.020 0.000  0.512 0.000
213.208333 214.208333   63.14 0.000  3.27 0.000 9.999 0.259000  3.34 0.000 0.113 0.000  2.932 0.000  4.105 0.000  29.272 0.000   6.509 0.000  22.762 0.000 0.034 0.000  3.408 0.000
216.208333 217.208333   17.17 0.000  1.44 0.000 9.999 0.259000  1.81 0.000 0.046 0.000  1.025 0.000  1.435 0.000  28.585 0.000   1.418 0.000  27.167 0.000 0.028 0.000  4.510 0.000
219.208333 220.208333   73.36 0.559  2.80 0.559 9.999 0.559259  2.69 0.559 0.281 0.000  4.003 0.000  5.604 0.000  40.359 0.000   6.472 0.000  33.888 0.559 0.055 0.559  4.610 0.000
222.208333 223.208333   13.82 0.000  0.30 0.000 9.999 0.259000  0.77 0.000 0.084 0.000  1.146 0.000  1.605 0.000  13.929 0.000   5.892 0.000   8.038 0.000 0.046 0.000  1.000 0.000
225.208333 226.208333   13.40 0.000  0.72 0.000 9.999 0.259000  0.92 0.000 0.067 0.000  1.529 0.000  2.140 0.000  15.858 0.000   4.894 0.000  10.964 0.000 0.037 0.000  1.553 0.000
228.208333 229.208333   12.23 0.000  0.69 0.000 9.999 0.259000  0.71 0.000 0.058 0.000  0.837 0.000  1.172 0.000  11.709 0.000   4.888 0.000   6.821 0.000 0.031 0.000  0.954 0.000
231.208333 232.208333   15.61 0.000  0.56 0.000 9.999 0.259000  0.81 0.000 0.057 0.000  0.728 0.000  1.019 0.000  11.749 0.000   3.036 0.000   8.713 0.000 0.038 0.000  1.376 0.000
234.208333 235.208333   35.17 0.000  2.51 0.000 9.999 0.259000  2.03 0.000 0.051 0.000  2.398 0.000  3.357 0.000  22.246 0.000   5.674 0.000  16.572 0.000 0.034 0.000  2.274 0.000
237.208333 238.208333   13.57 0.000  1.03 0.000 9.999 0.259000  0.48 0.000 0.098 0.000  0.692 0.000  0.968 0.000   7.954 0.000   4.671 0.000   3.283 0.000 0.025 0.000  0.281 0.000
240.208333 241.208333   17.74 0.000  1.26 0.000 9.999 0.259000  0.89 0.000 0.039 0.000  0.872 0.000  1.221 0.000  11.397 0.000   4.170 0.000   7.227 0.000 0.024 0.000  1.183 0.000
243.208333 244.208333   11.82 0.000  0.77 0.000 9.999 0.259000  0.62 0.000 0.051 0.000  0.730 0.000  1.021 0.000  13.031 0.000   4.247 0.000   8.784 0.000 0.036 0.000  1.528 0.000
246.208333 247.208333    9.32 0.000  0.83 0.000 9.999 0.259000  0.48 0.000 0.060 0.000  0.465 0.000  0.651 0.000   7.715 0.000   4.237 0.000   3.478 0.000 0.017 0.000  0.517 0.000
249.208333 250.208333   38.17 0.000  2.19 0.000 9.999 0.259000  1.50 0.000 0.082 0.000  1.653 0.000  2.314 0.000  15.463 0.000   6.463 0.000   9.001 0.000 0.024 0.000  1.135 0.000
252.208333 253.208333    9.82 0.000  0.40 0.000 9.999 0.259000  0.72 0.000 0.037 0.000  0.294 0.000  0.411 0.000   7.308 0.000   4.178 0.000   3.130 0.000 0.024 0.000  0.475 0.000
255.208333 256.208333   28.24 0.000  5.62 0.000 9.999 0.259000  0.82 0.000 0.083 0.000  1.075 0.000  1.504 0.000  13.364 0.000   5.883 0.000   7.481 0.000 0.028 0.000  1.022 0.000
258.208333 259.208333   15.03 0.000  5.20 0.000 9.999 0.259000  0.59 0.000 0.049 0.000  0.916 0.000  1.283 0.000   7.267 0.000   3.840 0.000   3.428 0.000 0.047 0.000  0.294 0.000
261.208333 262.208333   28.30 0.000  1.38 0.000 9.999 0.259000  0.71 0.000 0.296 0.559  0.937 0.000  1.311 0.000  16.560 0.000   9.771 0.000   6.789 0.000 0.053 0.000  0.849 0.559
264.208333 265.208333    5.74 0.000  0.58 0.000 9.999 0.259000  0.57 0.000 0.091 0.000  0.498 0.000  0.698 0.000   9.273 0.000   3.445 0.000   5.828 0.000 0.024 0.000  0.912 0.000
267.208333 268.208333    9.47 0.000  0.33 0.000 9.999 0.259000  0.56 0.000 0.035 0.000  0.200 0.000  0.280 0.000   5.590 0.000   2.700 0.000   2.890 0.000 0.020 0.000  0.245 0.000
270.208333 271.208333   18.24 0.559  2.06 0.559 9.999 0.559259  0.41 0.559 0.096 0.000  0.803 0.000  1.125 0.000  15.286 0.000   7.175 0.000   8.111 0.559 0.031 0.559  1.332 0.000
273.208333 274.208333    1.78 0.000  0.26 0.000 9.999 0.259000  0.39 0.000 0.066 0.000  0.168 0.000  0.235 0.000  18.121 0.000  12.862 0.000   5.259 0.000 0.043 0.000  0.218 0.000
276.208333 277.208333   70.76 0.000  4.85 0.000 9.999 0.259000  1.22 0.000 0.160 0.000  4.329 0.000  6.061 0.000  35.832 0.000   4.951 0.000  30.881 0.000 0.119 0.000  4.092 0.000
279.208333 280.208333    9.67 0.000  1.07 0.000 9.999 0.259000  0.25 0.000 0.059 0.000  0.443 0.000  0.620 0.000   5.917 0.000   3.262 0.000   2.655 0.000 0.018 0.000  0.335 0.000
282.208333 283.208333 9999.99 0.999 99.99 0.999 9.999 0.999000 99.99 0.999 9.999 0.999 99.999 0.999 99.999 0.999 999.999 0.999 999.999 0.999 999.999 0.999 9.999 0.999 99.999 0.999
285.208333 286.208333    8.25 0.000  0.73 0.000 9.999 0.259000  1.38 0.000 0.086 0.000  0.690 0.000  0.966 0.000   7.554 0.000   0.997 0.000   6.557 0.000 0.025 0.000  0.941 0.000
288.208333 289.208333   15.83 0.000  1.27 0.000 9.999 0.259000  3.53 0.000 0.081 0.000  0.924 0.000  1.294 0.000   9.310 0.000   4.305 0.000   5.005 0.000 0.030 0.000  0.581 0.000
291.208333 292.208333   22.30 0.000  1.72 0.000 9.999 0.259000  0.66 0.000 0.055 0.000  0.839 0.000  1.174 0.000   7.026 0.000   3.211 0.000   3.815 0.000 0.021 0.000  0.357 0.000
294.208333 295.208333   23.07 0.000  1.59 0.000 9.999 0.259000  0.47 0.000 0.116 0.000  1.283 0.000  1.796 0.000  15.067 0.000   6.125 0.000   8.941 0.000 0.043 0.000  1.183 0.000
297.208333 298.208333   11.48 0.000  0.44 0.000 9.999 0.259000  0.64 0.000 0.147 0.000  1.298 0.000  1.817 0.000  11.290 0.000   4.405 0.000   6.885 0.000 0.036 0.000  0.691 0.000
300.208333 301.208333    2.92 0.000  0.78 0.000 9.999 0.259000  0.16 0.000 0.020 0.000  0.267 0.000  0.374 0.000   4.508 0.000   2.839 0.000   1.669 0.000 0.016 0.000  0.131 0.000
303.208333 304.208333    9.51 0.000  0.70 0.000 9.999 0.259000  0.26 0.000 0.064 0.000  0.478 0.000  0.670 0.000   8.366 0.000   5.722 0.000   2.644 0.000 0.018 0.000  0.240 0.000
306.208333 307.208333   16.11 0.559  1.47 0.559 9.999 0.559259  1.01 0.559 0.178 0.000  1.066 0.000  1.493 0.000  12.766 0.000   5.993 0.000   6.773 0.559 0.049 0.559  0.548 0.000
309.208333 310.208333    7.51 0.000  0.49 0.000 9.999 0.259000  0.16 0.000 0.035 0.000  0.455 0.000  0.636 0.000   7.635 0.000   4.421 0.000   3.214 0.000 0.026 0.000  0.272 0.000
312.208333 313.208333   13.43 0.559  0.66 0.559 9.999 0.559259  0.46 0.559 0.093 0.000  0.745 0.000  1.043 0.000   8.325 0.000   4.074 0.000   4.252 0.559 0.032 0.559  0.418 0.000
315.208333 316.208333    4.84 0.559  0.86 0.559 9.999 0.559259  0.49 0.559 0.034 0.000  0.365 0.000  0.511 0.000   3.858 0.000   1.789 0.000   2.069 0.559 0.021 0.559  0.231 0.000
318.208333 319.208333   97.34 0.559  5.16 0.559 9.999 0.559259  3.56 0.559 0.440 0.000  5.147 0.000  7.206 0.000  27.209 0.000   8.785 0.000  18.424 0.559 0.083 0.559  1.817 0.000
321.208333 322.208333   16.29 0.559  1.56 0.559 9.999 0.559259  0.85 0.559 0.217 0.000  0.952 0.000  1.332 0.000   9.828 0.000   5.519 0.000   4.308 0.559 0.030 0.559  0.303 0.000
324.208333 325.208333    5.43 0.000  1.00 0.000 9.999 0.259000  0.31 0.000 0.029 0.000  0.446 0.000  0.624 0.000   3.452 0.000   1.425 0.000   2.027 0.000 0.016 0.000  0.189 0.000
327.208333 328.208333   13.42 0.000  1.17 0.000 9.999 0.259000  0.71 0.000 0.171 0.000  0.609 0.000  0.853 0.000  13.158 0.000   5.766 0.000   7.391 0.000 0.039 0.000  1.110 0.000
330.208333 331.208333    8.35 0.000  2.23 0.000 9.999 0.259000  0.73 0.000 0.175 0.000  1.239 0.000  1.735 0.000 999.999 0.456 999.999 0.999   6.599 0.000 0.053 0.000  0.773 0.000
333.208333 334.208333    7.93 0.000  1.00 0.000 9.999 0.259000  0.81 0.000 0.077 0.000  1.033 0.000  1.446 0.000  10.478 0.000   1.761 0.000   8.717 0.000 0.034 0.000  1.435 0.000
336.208333 337.208333   13.86 0.000  2.37 0.000 9.999 0.259000  0.57 0.000 0.125 0.000  1.090 0.000  1.526 0.000   9.507 0.000   3.167 0.000   6.341 0.000 0.027 0.000  0.842 0.000
339.208333 340.208333   52.73 0.000  3.16 0.000 9.999 0.259000  2.32 0.000 0.484 0.000  3.260 0.000  4.564 0.000  21.371 0.000   8.116 0.000  13.255 0.000 0.074 0.000  1.167 0.000
342.208333 343.208333    1.38 0.000  0.67 0.000 9.999 0.259000 99.99 0.259 0.017 0.000  0.245 0.000  0.343 0.000   3.555 0.000   1.955 0.000   1.600 0.000 0.009 0.000  0.123 0.000
345.208333 346.208333   15.05 0.000  2.16 0.000 9.999 0.259000  0.45 0.000 0.217 0.000  1.219 0.000  1.707 0.000  18.436 0.000   9.831 0.000   8.605 0.000 0.046 0.000  0.943 0.000
348.208333 349.208333    3.65 0.000  0.87 0.000 9.999 0.259000  0.41 0.000 0.077 0.000  0.633 0.000  0.886 0.000   6.696 0.000   2.439 0.000   4.257 0.000 0.022 0.000  0.306 0.000
351.208333 352.208333    6.70 0.000  1.16 0.000 9.999 0.259000  0.59 0.000 0.054 0.000  0.648 0.000  0.907 0.000   4.820 0.000   1.299 0.000   3.521 0.000 0.021 0.000  0.312 0.000
354.208333 355.208333    6.23 0.000  0.67 0.000 9.999 0.259000  0.39 0.000 0.061 0.000  0.483 0.000  0.676 0.000   5.291 0.000   2.272 0.000   3.019 0.000 0.015 0.000  0.276 0.000
357.208333 358.208333    6.47 0.000  1.55 0.000 9.999 0.259000  0.56 0.000 0.093 0.000  0.855 0.000  1.197 0.000   7.606 0.000   2.775 0.000   4.831 0.000 0.023 0.000  0.426 0.000
360.208333 361.208333   22.95 0.000  2.28 0.000 0.084 0.000000  1.15 0.000 0.244 0.000  1.354 0.000  1.896 0.000   9.342 0.000   2.367 0.000   6.975 0.000 0.036 0.000  0.775 0.000
363.208333 364.208333   11.27 0.000  1.86 0.000 9.999 0.259000  0.43 0.000 0.138 0.000  0.774 0.000  1.084 0.000   6.490 0.000   2.082 0.000   4.408 0.000 0.026 0.000  0.524 0.000
