scripts/IMPROVE-2019_partial/data/US0027R.20050101070000.20191216000000.filterpack..pm25.52w.1w.US03L_filterpack_US0027.US03L_IMPROVE_Davis.lev2.nas
64 1001
MISSING INFORMATION
US03L, IMPROVE, , , , , , , 
MISSING INFORMATION
IMPROVE sel_HTAP
1 1
2005 01 01 2019 12 16
3.000000
days from file reference point
25
1 1 1 1 1 1 1 1 1 1 1 1 1 1 1 1 1 1 1 1 1 1 1 1 1
999.999999 9999.99 9.999 99.99 9.999 9.999 9.999999 9.99 9.999999 9.999 9.999 99.999 9.999 99.999 9.999 999.999 9.999 999.999 9.999 999.999 9.999 9.999 9.999 9.999 9.999
end_time of measurement, days from the file reference point
iron, ng/m3, Revision date=20181210133000
numflag iron, no unit, Revision date=20181210133000
lead, ng/m3, Revision date=20181210133000
numflag lead, no unit, Revision date=20181210133000
magnesium, ug/m3, Revision date=20181210133000
numflag magnesium, no unit, Revision date=20181210133000
nickel, ng/m3, Revision date=20181210133000
numflag nickel, no unit, Revision date=20181210133000
nitrate, ug N/m3, Revision date=20181210133000
numflag nitrate, no unit, Revision date=20181210133000
organic_carbon, ug C/m3, Revision date=20181210133000
numflag organic_carbon, no unit, Revision date=20181210133000
organic_mass, ug/m3, Revision date=20181210133000
numflag organic_mass, no unit, Revision date=20181210133000
pm10_mass, ug/m3, Version=2, Version description=Data extracted from http://views.cira.colostate.edu/fed/DataWizard 2019-12-16, Sample duration=1d, Orig. time res.=3d, Matrix=pm10, Blank correction=Blank corrected, Volume std. temperature=ambient, Volume std. pressure=ambient
numflag pm10_mass, no unit, Version=2, Version description=Data extracted from http://views.cira.colostate.edu/fed/DataWizard 2019-12-16, Sample duration=1d, Orig. time res.=3d, Matrix=pm10, Blank correction=Blank corrected, Volume std. temperature=ambient, Volume std. pressure=ambient
pm10_pm25_mass, ug/m3, Revision date=20181210133000, Matrix=pm10_pm25
numflag pm10_pm25_mass, no unit, Revision date=20181210133000, Matrix=pm10_pm25
pm25_mass, ug/m3, Version=2, Version description=Data extracted from http://views.cira.colostate.edu/fed/DataWizard 2019-12-16, Sample duration=1d, Orig. time res.=3d, Blank correction=Blank corrected, Volume std. temperature=ambient, Volume std. pressure=ambient
numflag pm25_mass, no unit, Version=2, Version description=Data extracted from http://views.cira.colostate.edu/fed/DataWizard 2019-12-16, Sample duration=1d, Orig. time res.=3d, Blank correction=Blank corrected, Volume std. temperature=ambient, Volume std. pressure=ambient
potassium, ug/m3, Revision date=20181210133000
numflag potassium, no unit, Revision date=20181210133000
sulphate_total, ug S/m3, Revision date=20181210133000
numflag sulphate_total, no unit, Revision date=20181210133000
0
25
Data definition:              EBAS_1.1
Set type code:                TU
Timezone:                     UTC
File name:                    US0027R.20050101070000.20191216000000.filterpack..pm25.52w.1w.US03L_filterpack_US0027.US03L_IMPROVE_Davis.lev2.nas
File creation:                20191218115717
Startdate:                    20050101070000
Revision date:                20191216000000
Statistics:                   arithmetic mean
Data level:                   2
Period code:                  52w
Resolution code:              1w
Station code:                 US0027R
Platform code:                US0027S
Station name:                 Great Sand Dunes NM
Station latitude:             37.7249
Station longitude:            -105.5185
Station altitude:             2498.0 m
Regime:                       IMG
Component:                    
Matrix:                       pm25
Laboratory code:              US03L
Instrument type:              filterpack
Instrument name:              filterpack_US0027
Method ref:                   US03L_IMPROVE_Davis
starttime endtime Fe flag_Fe Pb flag_Pb Mg++ flag_Mg++ Ni flag_Ni NO3- flag_NO3- OC flag_OC OM flag_OM PM10 flag_PM10 PM10-PM2.5 flag_PM10-PM2.5 PM2.5 flag_PM2.5 K+ flag_K+ SO4-- flag_SO4--
  0.291667   1.291667    8.22 0.000  0.53 0.000 9.999 0.259000 9.99 0.259000 0.014 0.000  0.197 0.000  0.355 0.000   1.870 0.000   0.846 0.000   1.025 0.000 0.010 0.000 0.113 0.000
  3.291667   4.291667    3.67 0.000  0.27 0.000 9.999 0.259000 0.14 0.000000 0.008 0.000  0.146 0.000  0.263 0.000 999.999 0.456 999.999 0.999   0.634 0.000 0.005 0.000 0.042 0.000
  6.291667   7.291667   12.41 0.000  0.28 0.000 9.999 0.259000 0.05 0.000000 0.031 0.000  0.491 0.000  0.884 0.000   2.903 0.000   1.540 0.000   1.363 0.000 0.011 0.000 0.106 0.000
  9.291667  10.291667    3.53 0.000  0.24 0.000 9.999 0.259000 9.99 0.259000 0.006 0.000  0.154 0.000  0.277 0.000   1.204 0.000   0.575 0.000   0.630 0.000 0.006 0.000 0.069 0.000
 12.291667  13.291667   11.69 0.000  0.25 0.000 0.012 0.000000 0.18 0.000000 0.036 0.000  0.332 0.000  0.597 0.000   2.739 0.000   1.086 0.000   1.653 0.000 0.011 0.000 0.083 0.000
 15.291667  16.291667    7.78 0.000  0.45 0.000 9.999 0.259000 9.99 0.259000 0.103 0.000  0.290 0.000  0.522 0.000   1.979 0.000   0.555 0.000   1.423 0.000 0.010 0.000 0.041 0.000
 18.291667  19.291667    4.62 0.000  0.26 0.000 9.999 0.259000 0.08 0.000000 0.011 0.000  0.344 0.000  0.620 0.000   1.048 0.000   0.366 0.000   0.681 0.000 0.014 0.000 0.035 0.000
 21.291667  22.291667   10.89 0.000  0.27 0.000 9.999 0.259000 0.07 0.000000 0.137 0.000  0.620 0.000  1.115 0.000   2.797 0.000   1.073 0.000   1.724 0.000 0.020 0.000 0.078 0.000
 24.291667  25.291667    9.72 0.000  0.42 0.000 0.008 0.000000 9.99 0.259000 0.060 0.000  0.721 0.000  1.298 0.000   3.634 0.000   1.702 0.000   1.955 0.000 0.016 0.000 0.090 0.000
 27.291667  28.291667    1.66 0.000  0.16 0.000 0.015 0.000000 9.99 0.259000 0.027 0.000  0.345 0.000  0.621 0.000   1.042 0.000   0.290 0.000   0.752 0.000 0.002 0.000 0.041 0.000
 30.291667  31.291667    1.16 0.000  0.26 0.000 0.007 0.000000 0.12 0.000000 0.051 0.000  0.370 0.000  0.666 0.000   2.392 0.000   1.160 0.000   1.232 0.000 0.003 0.000 0.150 0.000
 33.291667  34.291667    5.67 0.000  0.39 0.000 9.999 0.259000 0.10 0.000000 0.060 0.000  0.572 0.000  1.030 0.000   2.349 0.000   1.073 0.000   1.275 0.000 0.007 0.000 0.102 0.000
 36.291667  37.291667    9.19 0.000  0.64 0.000 9.999 0.259000 0.13 0.000000 0.122 0.000  0.574 0.000  1.033 0.000   3.475 0.000   1.174 0.000   2.300 0.000 0.013 0.000 0.211 0.000
 39.291667  40.291667   14.79 0.000  0.34 0.000 9.999 0.259000 9.99 0.259000 0.053 0.000  0.275 0.000  0.495 0.000   1.843 0.000   0.589 0.000   1.253 0.000 0.008 0.000 0.092 0.000
 42.291667  43.291667    4.35 0.000  0.27 0.000 9.999 0.259000 0.12 0.000000 0.093 0.000  0.619 0.000  1.113 0.000   1.499 0.000   0.230 0.000   1.268 0.000 0.004 0.000 0.036 0.000
 45.291667  46.291667   22.56 0.000  0.40 0.000 9.999 0.259000 9.99 0.259000 0.036 0.000  0.574 0.000  1.034 0.000   3.092 0.000   0.553 0.000   2.545 0.000 0.017 0.000 0.247 0.000
 48.291667  49.291667    5.41 0.000  0.44 0.000 9.999 0.259000 9.99 0.259000 0.055 0.000  0.506 0.000  0.912 0.000   1.587 0.000   0.081 0.000   1.505 0.000 0.007 0.000 0.084 0.000
 51.291667  52.291667    7.67 0.000  0.20 0.000 9.999 0.259000 9.99 0.259000 0.009 0.000  0.297 0.000  0.534 0.000   1.212 0.000   0.400 0.000   0.812 0.000 0.006 0.000 0.045 0.000
 54.291667  55.291667   12.53 0.000  0.30 0.000 9.999 0.259000 9.99 0.259000 0.085 0.000  0.489 0.000  0.881 0.000   3.010 0.000   0.879 0.000   2.130 0.000 0.010 0.000 0.225 0.000
 57.291667  58.291667   21.82 0.000  0.57 0.000 9.999 0.259000 9.99 0.259000 0.127 0.000  0.455 0.000  0.819 0.000   4.393 0.000   1.986 0.000   2.406 0.000 0.020 0.000 0.232 0.000
 60.291667  61.291667   11.17 0.000  0.24 0.000 9.999 0.259000 9.99 0.259000 9.999 0.999 99.999 0.999 99.999 0.999   1.094 0.000   0.490 0.000   0.606 0.000 0.008 0.000 9.999 0.999
 63.291667  64.291667   26.47 0.000  0.98 0.000 9.999 0.259000 9.99 0.259000 0.051 0.000  0.616 0.000  1.109 0.000   3.660 0.000   1.482 0.000   2.177 0.000 0.021 0.000 0.208 0.000
 66.291667  67.291667 9999.99 0.999 99.99 0.999 9.999 0.999000 9.99 0.999000 9.999 0.999 99.999 0.999 99.999 0.999 999.999 0.999 999.999 0.999 999.999 0.999 9.999 0.999 9.999 0.999
 69.291667  70.291667 9999.99 0.999 99.99 0.999 9.999 0.999000 9.99 0.999000 9.999 0.999 99.999 0.999 99.999 0.999 999.999 0.999 999.999 0.999 999.999 0.999 9.999 0.999 9.999 0.999
 72.291667  73.291667 9999.99 0.999 99.99 0.999 9.999 0.999000 9.99 0.999000 9.999 0.999 99.999 0.999 99.999 0.999 999.999 0.999 999.999 0.999 999.999 0.999 9.999 0.999 9.999 0.999
 75.291667  76.291667   79.04 0.000  1.36 0.000 9.999 0.259000 0.04 0.000000 0.072 0.000  0.558 0.000  1.004 0.000   8.814 0.000   5.351 0.000   3.520 0.000 0.057 0.000 0.244 0.000
 78.291667  79.291667    8.68 0.000  0.56 0.000 9.999 0.259000 9.99 0.259000 0.006 0.000  0.160 0.000  0.287 0.000   2.416 0.000   1.904 0.000   0.512 0.000 0.006 0.000 0.066 0.000
 81.291667  82.291667   26.81 0.000  0.46 0.000 9.999 0.259000 0.05 0.000000 0.016 0.000  0.172 0.000  0.310 0.000   5.520 0.000   4.005 0.000   1.515 0.000 0.018 0.000 0.113 0.000
 84.291667  85.291667    6.46 0.000  0.34 0.000 0.007 0.000000 9.99 0.259000 0.060 0.000  0.370 0.000  0.665 0.000   3.179 0.000   1.788 0.000   1.391 0.000 0.006 0.000 0.150 0.000
 87.291667  88.291667   41.04 0.000  0.65 0.000 9.999 0.259000 9.99 0.259000 0.047 0.559  0.244 0.000  0.440 0.000   4.772 0.000   2.556 0.000   2.216 0.000 0.028 0.000 0.180 0.559
 90.291667  91.291667   16.82 0.000  0.44 0.000 9.999 0.259000 0.09 0.000000 0.036 0.559  0.144 0.000  0.260 0.000   3.321 0.000   1.948 0.000   1.373 0.000 0.014 0.000 0.147 0.559
 93.291667  94.291667  119.44 0.000  1.03 0.000 0.037 0.000000 9.99 0.259000 0.045 0.000  0.503 0.000  0.906 0.000  21.127 0.000  17.070 0.000   4.057 0.000 0.073 0.000 0.185 0.000
 96.291667  97.291667   92.44 0.000  2.29 0.000 9.999 0.259000 9.99 0.259000 0.041 0.000  0.362 0.000  0.652 0.000   7.443 0.000   3.513 0.000   3.930 0.000 0.065 0.000 0.329 0.000
 99.291667 100.291667   46.13 0.000  0.92 0.000 9.999 0.259000 0.12 0.000000 0.025 0.000  0.342 0.000  0.616 0.000   5.681 0.000   3.334 0.000   2.347 0.000 0.035 0.000 0.197 0.000
102.291667 103.291667  215.56 0.000  2.64 0.000 0.116 0.000000 0.14 0.000000 0.060 0.000  0.584 0.000  1.051 0.000  11.998 0.000   5.267 0.000   6.729 0.000 0.133 0.000 0.411 0.000
105.291667 106.291667  120.94 0.000  1.49 0.000 0.026 0.000000 9.99 0.259000 0.051 0.000  0.754 0.000  1.357 0.000  10.707 0.000   5.200 0.000   5.505 0.000 0.089 0.000 0.448 0.000
108.291667 109.291667  165.80 0.000  2.21 0.000 0.067 0.000000 9.99 0.259000 0.063 0.000  0.608 0.000  1.095 0.000  14.193 0.000   8.645 0.000   5.669 0.000 0.106 0.000 0.362 0.000
111.291667 112.291667   81.43 0.000  1.04 0.000 9.999 0.259000 0.16 0.000000 0.055 0.000  0.415 0.000  0.746 0.000  13.143 0.000   9.587 0.000   3.555 0.000 0.060 0.000 0.271 0.000
114.291667 115.291667   18.55 0.394  0.55 0.394 9.999 0.394259 9.99 0.394259 0.066 0.394  0.511 0.000  0.919 0.000   2.736 0.000   0.918 0.000   1.829 0.000 0.015 0.394 0.174 0.394
117.291667 118.291667   56.66 0.000  0.64 0.000 9.999 0.259000 9.99 0.259000 0.038 0.000  0.459 0.000  0.826 0.000   7.651 0.000   4.519 0.000   3.131 0.000 0.035 0.000 0.310 0.000
120.291667 121.291667    8.19 0.000  0.38 0.000 9.999 0.259000 9.99 0.259000 0.006 0.000  0.352 0.000  0.634 0.000   2.380 0.000   1.265 0.000   1.114 0.000 0.006 0.000 0.091 0.000
123.291667 124.291667   17.36 0.000  0.44 0.000 9.999 0.259000 0.18 0.000000 0.019 0.000  0.451 0.000  0.812 0.000   2.340 0.000   0.661 0.000   1.678 0.000 0.011 0.000 0.164 0.000
126.291667 127.291667   33.34 0.000  0.83 0.000 9.999 0.259000 9.99 0.259000 0.020 0.000  0.107 0.000  0.192 0.000   3.572 0.000   1.488 0.000   2.083 0.000 0.021 0.000 0.236 0.000
129.291667 130.291667  125.19 0.000  1.97 0.000 0.031 0.000000 0.08 0.000000 0.039 0.000  0.496 0.000  0.894 0.000   9.715 0.000   5.975 0.000   3.830 0.000 0.079 0.000 0.262 0.000
132.291667 133.291667   18.46 0.000  0.24 0.000 0.009 0.000000 9.99 0.259000 0.015 0.000  0.329 0.000  0.592 0.000   2.817 0.000   1.613 0.000   1.204 0.000 0.012 0.000 0.093 0.000
135.291667 136.291667   87.73 0.000  0.93 0.000 9.999 0.259000 0.10 0.000000 0.045 0.000  0.768 0.000  1.382 0.000   7.391 0.000   3.274 0.000   4.115 0.000 0.056 0.000 0.270 0.000
138.291667 139.291667   51.43 0.000  0.66 0.000 0.009 0.000000 9.99 0.259000 0.010 0.000  0.921 0.000  1.658 0.000   7.008 0.000   4.221 0.000   2.787 0.000 0.035 0.000 0.108 0.000
141.291667 142.291667   57.90 0.000  0.38 0.000 9.999 0.259000 9.99 0.259000 0.017 0.000  0.900 0.000  1.620 0.000   8.766 0.000   5.589 0.000   3.177 0.000 0.044 0.000 0.148 0.000
144.291667 145.291667   86.33 0.000  0.51 0.000 9.999 0.259000 9.99 0.259000 0.074 0.000  0.855 0.000  1.540 0.000  20.055 0.000  16.116 0.000   3.950 0.000 0.053 0.000 0.244 0.000
147.291667 148.291667   36.51 0.000  0.93 0.000 9.999 0.259000 0.17 0.000000 0.019 0.000  0.877 0.000  1.579 0.000   9.581 0.000   5.887 0.000   3.698 0.000 0.026 0.000 0.341 0.000
150.291667 151.291667   41.75 0.000  0.64 0.000 9.999 0.259000 9.99 0.259000 0.026 0.000  0.695 0.000  1.251 0.000   8.165 0.000   5.371 0.000   2.812 0.000 0.032 0.000 0.239 0.000
153.291667 154.291667  457.48 0.000  0.80 0.000 0.210 0.000000 9.99 0.259000 0.048 0.000  1.088 0.000  1.959 0.000  69.480 0.000  56.041 0.000  13.441 0.000 0.309 0.000 0.323 0.000
156.291667 157.291667   61.76 0.000  1.29 0.000 0.017 0.000000 0.12 0.000000 0.031 0.000  0.721 0.000  1.297 0.000  14.759 0.000  10.984 0.000   3.774 0.000 0.048 0.000 0.329 0.000
159.291667 160.291667   76.77 0.000  0.51 0.000 0.021 0.000000 9.99 0.259000 0.072 0.000  0.799 0.000  1.437 0.000  13.108 0.000   8.611 0.000   4.496 0.000 0.114 0.000 0.256 0.000
162.291667 163.291667  237.46 0.000  0.29 0.000 9.999 0.259000 9.99 0.259000 0.013 0.000  0.275 0.000  0.494 0.000  14.695 0.000   6.982 0.000   7.712 0.000 0.199 0.000 0.175 0.000
165.291667 166.291667   55.87 0.000  0.74 0.000 9.999 0.259000 0.13 0.000000 0.033 0.000  0.720 0.000  1.295 0.000  14.055 0.000   7.996 0.000   6.063 0.000 0.058 0.000 0.610 0.000
168.291667 169.291667   40.21 0.000  0.68 0.000 0.013 0.000000 9.99 0.259000 0.016 0.000  1.162 0.000  2.091 0.000   6.798 0.000   3.706 0.000   3.091 0.000 0.047 0.000 0.256 0.000
171.291667 172.291667   42.86 0.000  0.21 0.000 9.999 0.259000 9.99 0.259000 0.019 0.000  1.173 0.000  2.111 0.000  12.244 0.000   7.448 0.000   4.832 0.000 0.042 0.000 0.402 0.000
174.291667 175.291667   35.20 0.000  0.35 0.000 9.999 0.259000 9.99 0.259000 0.014 0.000  1.330 0.000  2.394 0.000   9.491 0.000   4.615 0.000   4.875 0.000 0.072 0.000 0.357 0.000
177.291667 178.291667   28.74 0.000  0.41 0.000 9.999 0.259000 9.99 0.259000 0.041 0.000  2.315 0.000  4.167 0.000  10.447 0.000   4.039 0.000   6.407 0.000 0.095 0.000 0.378 0.000
180.291667 181.291667   60.42 0.000  0.40 0.000 0.010 0.000000 9.99 0.259000 0.096 0.000  3.547 0.000  6.385 0.000  16.927 0.000   5.637 0.000  11.287 0.000 0.250 0.000 0.394 0.000
183.291667 184.291667   70.79 0.000  0.56 0.000 9.999 0.259000 9.99 0.259000 0.088 0.000  2.478 0.000  4.461 0.000  14.024 0.000   5.415 0.000   8.607 0.000 0.179 0.000 0.411 0.000
186.291667 187.291667   72.57 0.000  0.52 0.000 9.999 0.259000 9.99 0.259000 0.017 0.000  1.492 0.000  2.685 0.000  11.530 0.000   5.940 0.000   5.590 0.000 0.081 0.000 0.205 0.000
189.291667 190.291667   64.95 0.000  0.57 0.000 9.999 0.259000 9.99 0.259000 0.025 0.000  1.137 0.000  2.047 0.000  10.720 0.000   5.719 0.000   5.001 0.000 0.070 0.000 0.303 0.000
192.291667 193.291667   79.68 0.000  0.54 0.000 9.999 0.259000 9.99 0.259000 0.028 0.000  1.968 0.000  3.542 0.000  15.229 0.000   8.070 0.000   7.159 0.000 0.092 0.000 0.424 0.000
195.291667 196.291667   44.92 0.000  0.13 0.000 0.011 0.000000 9.99 0.259000 0.011 0.000  0.925 0.000  1.665 0.000   9.495 0.000   5.818 0.000   3.677 0.000 0.037 0.000 0.242 0.000
198.291667 199.291667   39.50 0.000  0.47 0.000 0.007 0.000000 9.99 0.259000 0.020 0.000  1.717 0.000  3.091 0.000  12.401 0.000   7.055 0.000   5.345 0.000 0.051 0.000 0.326 0.000
201.291667 202.291667   59.94 0.000 99.99 0.259 9.999 0.259000 9.99 0.259000 0.012 0.000  1.484 0.000  2.672 0.000  11.443 0.000   6.100 0.000   5.343 0.000 0.084 0.000 0.239 0.000
204.291667 205.291667   43.74 0.000  0.33 0.000 9.999 0.259000 0.09 0.000000 0.010 0.000  1.008 0.000  1.814 0.000   5.721 0.000   2.391 0.000   3.329 0.000 0.039 0.000 0.146 0.000
207.291667 208.291667   48.56 0.000  0.11 0.000 9.999 0.259000 9.99 0.259000 0.019 0.000  0.689 0.000  1.240 0.000 999.999 0.456 999.999 0.999   3.101 0.000 0.032 0.000 0.125 0.000
210.291667 211.291667   18.04 0.000 99.99 0.259 9.999 0.259000 9.99 0.259000 0.007 0.000  0.899 0.000  1.619 0.000  13.893 0.000  11.376 0.000   2.517 0.000 0.014 0.000 0.136 0.000
213.291667 214.291667  148.07 0.000  0.32 0.000 9.999 0.259000 0.47 0.000000 0.033 0.000  0.908 0.000  1.634 0.000 999.999 0.456 999.999 0.999   5.963 0.000 0.070 0.000 0.365 0.000
216.291667 217.291667   11.92 0.000  0.24 0.000 0.006 0.000000 9.99 0.259000 0.007 0.000  0.638 0.000  1.148 0.000   3.106 0.000   1.351 0.000   1.754 0.000 0.008 0.000 0.107 0.000
219.291667 220.291667   16.62 0.000  0.23 0.000 0.006 0.000000 9.99 0.259000 0.008 0.000  0.995 0.000  1.791 0.000   6.569 0.000   3.378 0.000   3.190 0.000 0.014 0.000 0.210 0.000
222.291667 223.291667 9999.99 0.456 99.99 0.456 9.999 0.456000 9.99 0.456000 0.005 0.000  0.569 0.000  1.024 0.000   3.194 0.000 999.999 0.456 999.999 0.456 9.999 0.456 0.123 0.000
225.291667 226.291667 9999.99 0.456 99.99 0.456 9.999 0.456000 9.99 0.456000 0.008 0.000  0.752 0.000  1.353 0.000   4.934 0.000 999.999 0.456 999.999 0.456 9.999 0.456 0.160 0.000
228.291667 229.291667 9999.99 0.456 99.99 0.456 9.999 0.456000 9.99 0.456000 0.009 0.000  0.336 0.000  0.604 0.000   6.928 0.000 999.999 0.456 999.999 0.456 9.999 0.456 0.144 0.000
231.291667 232.291667 9999.99 0.456 99.99 0.456 9.999 0.456000 9.99 0.456000 0.010 0.000  0.380 0.000  0.684 0.000   4.031 0.000 999.999 0.456 999.999 0.456 9.999 0.456 0.193 0.000
234.291667 235.291667 9999.99 0.456 99.99 0.456 9.999 0.456000 9.99 0.456000 0.008 0.000  0.433 0.000  0.780 0.000   6.370 0.000 999.999 0.456 999.999 0.456 9.999 0.456 0.191 0.000
237.291667 238.291667   20.38 0.000 99.99 0.259 9.999 0.259000 9.99 0.259000 0.012 0.000  0.340 0.000  0.612 0.000   5.259 0.000   3.043 0.000   2.216 0.000 0.015 0.000 0.247 0.000
240.291667 241.291667   24.13 0.000  0.53 0.000 9.999 0.259000 9.99 0.259000 0.012 0.000  1.064 0.000  1.915 0.000   6.801 0.000   2.976 0.000   3.825 0.000 0.038 0.000 0.249 0.000
243.291667 244.291667   80.42 0.000  0.59 0.000 0.028 0.000000 9.99 0.259000 0.026 0.000  1.063 0.000  1.913 0.000  13.259 0.000   8.586 0.000   4.673 0.000 0.061 0.000 0.226 0.000
246.291667 247.291667   11.95 0.000  0.41 0.000 0.008 0.000000 9.99 0.259000 0.008 0.000  0.462 0.000  0.832 0.000   3.740 0.000   1.674 0.000   2.066 0.000 0.011 0.000 0.167 0.000
249.291667 250.291667   19.52 0.000  0.67 0.000 9.999 0.259000 9.99 0.259000 0.010 0.000  0.735 0.000  1.323 0.000   5.269 0.000   2.242 0.000   3.027 0.000 0.015 0.000 0.254 0.000
252.291667 253.291667   13.04 0.000  0.23 0.000 0.006 0.000000 9.99 0.259000 0.019 0.000  0.352 0.000  0.634 0.000   4.796 0.000   2.191 0.000   2.606 0.000 0.012 0.000 0.318 0.000
255.291667 256.291667   21.25 0.000  0.41 0.000 9.999 0.259000 0.11 0.000000 0.019 0.000  0.441 0.000  0.794 0.000   4.833 0.000   2.858 0.000   2.019 0.000 0.013 0.000 0.162 0.000
258.291667 259.291667   33.71 0.000  0.74 0.000 0.010 0.000000 9.99 0.259000 0.017 0.000  0.576 0.000  1.037 0.000   6.444 0.000   3.662 0.000   2.782 0.000 0.022 0.000 0.193 0.000
261.291667 262.291667   33.69 0.000  0.65 0.000 9.999 0.259000 9.99 0.259000 0.007 0.000  0.221 0.000  0.398 0.000   6.204 0.000   4.253 0.000   1.951 0.000 0.020 0.000 0.142 0.000
