scripts/IMPROVE-2019_partial/data/US0073R.19970101050000.20191216000000.filterpack...1y.3d.US03L_filterpack_US0073_GRSM1.US03L_IMPROVE_Davis.lev2.nas
51 1001
MISSING INFORMATION
US03L, IMPROVE, , , , , , , 
MISSING INFORMATION
IMPROVE sel_HTAP
1 1
1997 01 01 2019 12 16
0
days from file reference point
4
1 1 1 1
999.999999 999.999 999.999 9.999
end_time of measurement, days from the file reference point
pm10_mass, ug/m3, Matrix=pm10
pm25_mass, ug/m3, Matrix=pm25
numflag, no unit
0
33
Data definition:              EBAS_1.1
Set type code:                TI
Timezone:                     UTC
File name:                    US0073R.19970101050000.20191216000000.filterpack...1y.3d.US03L_filterpack_US0073_GRSM1.US03L_IMPROVE_Davis.lev2.nas
File creation:                20191218120025
Startdate:                    19970101050000
Revision date:                20191216000000
Version:                      2
Version description:          "Data extracted from http://views.cira.colostate.edu/fed/DataWizard 2019-12-16"
Statistics:                   arithmetic mean
Data level:                   2
Period code:                  1y
Resolution code:              3d
Sample duration:              1d
Orig. time res.:              3d
Station code:                 US0073R
Platform code:                US0073S
Station name:                 Great Smoky Mountains NP
Station latitude:             35.6334
Station longitude:            -83.9416
Station altitude:             810.0 m
Regime:                       IMG
Component:                    
Unit:                         ug/m3
Matrix:                       
Laboratory code:              US03L
Instrument type:              filterpack
Instrument name:              filterpack_US0073_GRSM1
Method ref:                   US03L_IMPROVE_Davis
Blank correction:             Blank corrected
Volume std. temperature:      ambient
Volume std. pressure:         ambient
starttime endtime PM10 PM2.5 flag
  0.208333   1.208333   9.296   6.176 0.000
  3.208333   4.208333  27.820   8.769 0.000
  7.208333   8.208333   5.170   4.192 0.000
 10.208333  11.208333   7.548   4.896 0.000
 14.208333  15.208333   7.496   6.850 0.000
 17.208333  18.208333   4.813   3.253 0.000
 21.208333  22.208333  15.369  11.260 0.000
 24.208333  25.208333   6.419   6.076 0.000
 28.208333  29.208333  19.353   7.359 0.000
 31.208333  32.208333  18.989  10.127 0.000
 35.208333  36.208333  11.206   9.808 0.000
 38.208333  39.208333  13.426   9.488 0.000
 42.208333  43.208333  17.261  10.715 0.000
 45.208333  46.208333   8.838   7.070 0.000
 49.208333  50.208333  18.056  12.328 0.000
 52.208333  53.208333  18.030   5.224 0.000
 56.208333  57.208333   6.907   5.383 0.000
 59.208333  60.208333  13.363   8.809 0.000
 63.208333  64.208333  11.280   8.784 0.000
 66.208333  67.208333  12.953  13.763 0.000
 70.208333  71.208333  20.349  12.583 0.000
 73.208333  74.208333 999.999  11.882 0.000
 77.208333  78.208333   5.040   4.464 0.000
 80.208333  81.208333  21.978  10.401 0.000
 84.208333  85.208333   8.982   5.934 0.000
 87.208333  88.208333  10.228   6.218 0.000
 91.208333  92.208333   9.348 999.999 0.000
 94.208333  95.208333  22.851   9.912 0.000
 98.208333  99.208333  17.712   9.238 0.000
101.208333 102.208333  12.423   6.944 0.000
105.208333 106.208333 999.999 999.999 0.999
108.208333 109.208333  20.712  14.685 0.000
112.208333 113.208333  11.061   9.420 0.000
115.208333 116.208333  15.081  12.281 0.000
119.208333 120.208333  18.078  14.077 0.000
122.208333 123.208333  11.752   4.722 0.000
126.208333 127.208333  13.565   7.462 0.000
129.208333 130.208333   7.761   4.913 0.000
133.208333 134.208333  13.703  10.462 0.000
136.208333 137.208333  19.314   9.440 0.000
140.208333 141.208333  14.807   8.916 0.000
143.208333 144.208333  32.566  26.510 0.000
147.208333 148.208333   8.887   5.817 0.000
150.208333 151.208333  14.576  13.155 0.000
154.208333 155.208333  11.360   8.296 0.000
157.208333 158.208333  12.688   6.053 0.000
161.208333 162.208333  13.815  12.610 0.000
164.208333 165.208333  12.956   3.564 0.000
168.208333 169.208333  11.610   8.303 0.000
171.208333 172.208333  23.848  17.511 0.000
175.208333 176.208333  26.418  21.679 0.000
178.208333 179.208333  20.332  13.255 0.000
182.208333 183.208333  36.997  24.940 0.000
185.208333 186.208333 999.999  14.010 0.000
189.208333 190.208333  25.874  16.883 0.000
192.208333 193.208333  30.093  29.345 0.000
196.208333 197.208333  26.222  21.327 0.000
199.208333 200.208333  40.490  36.821 0.000
203.208333 204.208333  20.637  21.204 0.000
206.208333 207.208333  54.545  47.926 0.000
210.208333 211.208333  26.748  20.648 0.000
213.208333 214.208333  25.641  20.525 0.000
217.208333 218.208333  18.460  13.951 0.000
220.208333 221.208333  30.717  19.321 0.000
224.208333 225.208333  26.969  21.790 0.000
227.208333 228.208333  16.975  13.148 0.000
231.208333 232.208333  13.614   9.667 0.000
234.208333 235.208333  12.069  12.543 0.000
238.208333 239.208333  30.454  25.236 0.000
241.208333 242.208333  29.139  26.476 0.000
245.208333 246.208333  28.328  27.149 0.000
248.208333 249.208333  28.760  21.996 0.000
252.208333 253.208333  16.384  14.295 0.000
255.208333 256.208333  35.036  31.343 0.000
259.208333 260.208333  35.270  30.340 0.000
262.208333 263.208333  35.490  25.988 0.000
266.208333 267.208333   5.318   3.457 0.000
269.208333 270.208333  13.267   9.885 0.000
273.208333 274.208333  18.970   7.875 0.000
276.208333 277.208333  26.762  27.654 0.000
280.208333 281.208333  23.137  21.569 0.000
283.208333 284.208333  35.353  26.210 0.000
287.208333 288.208333   6.978   5.562 0.000
290.208333 291.208333  16.282  11.187 0.000
294.208333 295.208333  10.598   6.496 0.000
297.208333 298.208333 999.999   6.560 0.000
301.208333 302.208333 999.999   8.463 0.000
304.208333 305.208333  17.269   6.527 0.000
308.208333 309.208333   8.198   5.792 0.000
311.208333 312.208333   7.495   5.408 0.000
315.208333 316.208333  13.387  11.052 0.000
318.208333 319.208333 999.999   6.621 0.000
322.208333 323.208333   9.641   7.845 0.000
325.208333 326.208333  11.345   9.967 0.000
329.208333 330.208333  13.444  13.409 0.000
332.208333 333.208333  18.242  12.833 0.000
336.208333 337.208333  16.020  15.368 0.000
339.208333 340.208333 999.999   7.491 0.000
343.208333 344.208333   7.632   4.684 0.000
346.208333 347.208333  15.158  11.111 0.000
350.208333 351.208333  17.395  10.351 0.000
353.208333 354.208333  15.938  13.037 0.000
357.208333 358.208333   7.015   3.881 0.000
360.208333 361.208333 999.999   4.663 0.000
364.208333 365.208333   4.527   3.973 0.000
