scripts/IMPROVE-2019_partial/data/US0094R.20040101070000.20191216000000.filterpack..pm25.52w.1w.US03L_filterpack_US0094.US03L_IMPROVE_Davis.lev2.nas
64 1001
MISSING INFORMATION
US03L, IMPROVE, , , , , , , 
MISSING INFORMATION
IMPROVE sel_HTAP
1 1
2004 01 01 2019 12 16
3.000000
days from file reference point
25
1 1 1 1 1 1 1 1 1 1 1 1 1 1 1 1 1 1 1 1 1 1 1 1 1
999.999999 9999.99 9.999 99.99 9.999 9.999 9.999999 99.99 9.999999 9.999 9.999 99.999 9.999 99.999 9.999 999.999 9.999 999.999 9.999 999.999 9.999 9.999 9.999 9.999 9.999
end_time of measurement, days from the file reference point
iron, ng/m3, Revision date=20181210133000
numflag iron, no unit, Revision date=20181210133000
lead, ng/m3, Revision date=20181210133000
numflag lead, no unit, Revision date=20181210133000
magnesium, ug/m3, Revision date=20181210133000
numflag magnesium, no unit, Revision date=20181210133000
nickel, ng/m3, Revision date=20181210133000
numflag nickel, no unit, Revision date=20181210133000
nitrate, ug N/m3, Revision date=20181210133000
numflag nitrate, no unit, Revision date=20181210133000
organic_carbon, ug C/m3, Revision date=20181210133000
numflag organic_carbon, no unit, Revision date=20181210133000
organic_mass, ug/m3, Revision date=20181210133000
numflag organic_mass, no unit, Revision date=20181210133000
pm10_mass, ug/m3, Version=2, Version description=Data extracted from http://views.cira.colostate.edu/fed/DataWizard 2019-12-16, Sample duration=1d, Orig. time res.=3d, Matrix=pm10, Blank correction=Blank corrected, Volume std. temperature=ambient, Volume std. pressure=ambient
numflag pm10_mass, no unit, Version=2, Version description=Data extracted from http://views.cira.colostate.edu/fed/DataWizard 2019-12-16, Sample duration=1d, Orig. time res.=3d, Matrix=pm10, Blank correction=Blank corrected, Volume std. temperature=ambient, Volume std. pressure=ambient
pm10_pm25_mass, ug/m3, Revision date=20181210133000, Matrix=pm10_pm25
numflag pm10_pm25_mass, no unit, Revision date=20181210133000, Matrix=pm10_pm25
pm25_mass, ug/m3, Version=2, Version description=Data extracted from http://views.cira.colostate.edu/fed/DataWizard 2019-12-16, Sample duration=1d, Orig. time res.=3d, Blank correction=Blank corrected, Volume std. temperature=ambient, Volume std. pressure=ambient
numflag pm25_mass, no unit, Version=2, Version description=Data extracted from http://views.cira.colostate.edu/fed/DataWizard 2019-12-16, Sample duration=1d, Orig. time res.=3d, Blank correction=Blank corrected, Volume std. temperature=ambient, Volume std. pressure=ambient
potassium, ug/m3, Revision date=20181210133000
numflag potassium, no unit, Revision date=20181210133000
sulphate_total, ug S/m3, Revision date=20181210133000
numflag sulphate_total, no unit, Revision date=20181210133000
0
25
Data definition:              EBAS_1.1
Set type code:                TU
Timezone:                     UTC
File name:                    US0094R.20040101070000.20191216000000.filterpack..pm25.52w.1w.US03L_filterpack_US0094.US03L_IMPROVE_Davis.lev2.nas
File creation:                20191218120144
Startdate:                    20040101070000
Revision date:                20191216000000
Statistics:                   arithmetic mean
Data level:                   2
Period code:                  52w
Resolution code:              1w
Station code:                 US0094R
Platform code:                US0094S
Station name:                 Meadview
Station latitude:             36.0193
Station longitude:            -114.0684
Station altitude:             902.0 m
Regime:                       IMG
Component:                    
Matrix:                       pm25
Laboratory code:              US03L
Instrument type:              filterpack
Instrument name:              filterpack_US0094
Method ref:                   US03L_IMPROVE_Davis
starttime endtime Fe flag_Fe Pb flag_Pb Mg++ flag_Mg++ Ni flag_Ni NO3- flag_NO3- OC flag_OC OM flag_OM PM10 flag_PM10 PM10-PM2.5 flag_PM10-PM2.5 PM2.5 flag_PM2.5 K+ flag_K+ SO4-- flag_SO4--
[from data line 88]
264.291667 265.291667   27.41 0.000  0.30 0.000 0.078 0.000000  0.14 0.000000 0.016 0.000  0.204 0.000  0.286 0.000   5.186 0.000   3.833 0.000   1.353 0.000 0.016 0.000 0.085 0.000
267.291667 268.291667   44.74 0.000  0.29 0.000 9.999 0.259000  0.10 0.000000 0.009 0.000  0.131 0.000  0.184 0.000   6.173 0.000   4.551 0.000   1.621 0.000 0.025 0.000 0.079 0.000
270.291667 271.291667   54.54 0.000  0.60 0.000 9.999 0.259000 99.99 0.259000 0.017 0.000  0.417 0.000  0.584 0.000   8.742 0.000   5.591 0.000   3.151 0.000 0.033 0.000 0.238 0.000
273.291667 274.291667 9999.99 0.999 99.99 0.999 9.999 0.999000 99.99 0.999000 9.999 0.999 99.999 0.999 99.999 0.999 999.999 0.999 999.999 0.999 999.999 0.999 9.999 0.999 9.999 0.999
276.291667 277.291667 9999.99 0.999 99.99 0.999 9.999 0.999000 99.99 0.999000 9.999 0.999 99.999 0.999 99.999 0.999 999.999 0.999 999.999 0.999 999.999 0.999 9.999 0.999 9.999 0.999
279.291667 280.291667   45.00 0.000  0.39 0.000 9.999 0.259000 99.99 0.259000 0.017 0.000  0.556 0.000  0.779 0.000   7.069 0.000   3.765 0.000   3.304 0.000 0.036 0.000 0.234 0.000
282.291667 283.291667   62.60 0.000  0.51 0.000 9.999 0.259000  0.10 0.000000 0.016 0.000  0.806 0.000  1.129 0.000  12.779 0.000   8.754 0.000   4.025 0.000 0.044 0.000 0.269 0.000
285.291667 286.291667   28.06 0.000  0.32 0.000 0.093 0.000000  0.18 0.000000 0.013 0.000  0.341 0.000  0.477 0.000   5.092 0.000   2.442 0.000   2.651 0.000 0.020 0.000 0.298 0.000
288.291667 289.291667   49.44 0.000  0.66 0.000 0.081 0.000000 99.99 0.259000 0.016 0.000  0.251 0.000  0.351 0.000   6.332 0.000   3.935 0.000   2.397 0.000 0.034 0.000 0.143 0.000
291.291667 292.291667   37.10 0.000  0.51 0.000 9.999 0.259000 99.99 0.259000 0.108 0.000  0.340 0.000  0.476 0.000  10.807 0.000   7.487 0.000   3.320 0.000 0.040 0.000 0.260 0.000
294.291667 295.291667   28.60 0.000  0.20 0.000 9.999 0.259000  0.39 0.000000 0.031 0.000  0.366 0.000  0.512 0.000   2.108 0.000   0.487 0.000   1.621 0.000 0.017 0.000 0.052 0.000
297.291667 298.291667   13.70 0.000  0.76 0.000 0.092 0.000000  0.26 0.000000 0.104 0.000  0.637 0.000  0.891 0.000   3.821 0.000   0.958 0.000   2.863 0.000 0.015 0.000 0.218 0.000
300.291667 301.291667   13.44 0.000  0.88 0.000 9.999 0.259000  0.25 0.000000 0.063 0.000  0.304 0.000  0.426 0.000   4.134 0.000   1.778 0.000   2.356 0.000 0.018 0.000 0.259 0.000
303.291667 304.291667    3.83 0.000  0.35 0.000 0.093 0.000000  0.22 0.000000 0.026 0.000  0.531 0.000  0.744 0.000   2.178 0.000   0.320 0.000   1.858 0.000 0.007 0.000 0.124 0.000
306.291667 307.291667    7.04 0.000  0.40 0.000 0.220 0.000000  0.15 0.000000 0.025 0.000  0.234 0.000  0.327 0.000   2.421 0.000   0.982 0.000   1.439 0.000 0.010 0.000 0.123 0.000
309.291667 310.291667   21.96 0.000  0.73 0.000 9.999 0.259000 99.99 0.259000 0.014 0.000  0.495 0.000  0.693 0.000   4.849 0.000   2.473 0.000   2.376 0.000 0.017 0.000 0.166 0.000
312.291667 313.291667    5.72 0.000  0.40 0.000 9.999 0.259000  0.15 0.000000 0.026 0.000  0.254 0.000  0.355 0.000   1.860 0.000   0.520 0.000   1.340 0.000 0.009 0.000 0.123 0.000
315.291667 316.291667   12.68 0.000  0.72 0.000 0.094 0.000000  0.14 0.000000 0.086 0.000  0.510 0.000  0.713 0.000   4.075 0.000   0.938 0.000   3.137 0.000 0.010 0.000 0.336 0.000
318.291667 319.291667    3.42 0.000  0.46 0.000 0.114 0.000000 99.99 0.259000 0.011 0.000  0.253 0.000  0.355 0.000   2.121 0.000   0.309 0.000   1.812 0.000 0.007 0.000 0.255 0.000
321.291667 322.291667    6.68 0.000  0.23 0.000 9.999 0.259000  0.19 0.000000 0.012 0.000  0.220 0.000  0.308 0.000   2.315 0.000   0.526 0.000   1.789 0.000 0.006 0.000 0.184 0.000
324.291667 325.291667    7.08 0.000  0.32 0.000 0.116 0.000000 99.99 0.259000 0.034 0.000  0.308 0.000  0.432 0.000   2.952 0.000   1.086 0.000   1.866 0.000 0.010 0.000 0.196 0.000
327.291667 328.291667    2.57 0.000  0.35 0.000 0.150 0.000000 99.99 0.259000 0.124 0.000  0.422 0.000  0.591 0.000   1.510 0.000   0.330 0.000   1.180 0.000 0.004 0.000 0.106 0.000
330.291667 331.291667   15.60 0.000  0.30 0.000 9.999 0.259000 99.99 0.259000 0.028 0.000  0.390 0.000  0.547 0.000   2.589 0.000   1.396 0.000   1.193 0.000 0.010 0.000 0.141 0.000
333.291667 334.291667    7.11 0.000  0.40 0.000 9.999 0.259000 99.99 0.259000 0.019 0.000  0.168 0.000  0.236 0.000   2.661 0.000   1.399 0.000   1.263 0.000 0.009 0.000 0.142 0.000
336.291667 337.291667    9.26 0.000  0.79 0.000 9.999 0.259000 99.99 0.259000 0.027 0.000  0.620 0.000  0.868 0.000   2.563 0.000   1.113 0.000   1.449 0.000 0.015 0.000 0.110 0.000
339.291667 340.291667   21.02 0.000  1.74 0.000 9.999 0.259000  0.11 0.000000 0.297 0.000  0.578 0.000  0.809 0.000   5.580 0.000   2.535 0.000   3.046 0.000 0.026 0.000 0.225 0.000
342.291667 343.291667    6.06 0.000  0.58 0.000 9.999 0.259000  0.20 0.000000 0.072 0.000  0.357 0.000  0.500 0.000   2.383 0.000   0.790 0.000   1.593 0.000 0.009 0.000 0.151 0.000
345.291667 346.291667    4.39 0.000  0.60 0.000 0.097 0.000000 99.99 0.259000 0.019 0.000  0.379 0.000  0.530 0.000   2.466 0.000   0.828 0.000   1.638 0.000 0.007 0.000 0.132 0.000
348.291667 349.291667   13.30 0.000  1.19 0.000 9.999 0.259000  0.09 0.000000 0.015 0.000  0.433 0.000  0.607 0.000   2.605 0.000   0.873 0.000   1.732 0.000 0.009 0.000 0.130 0.000
351.291667 352.291667    7.25 0.000  0.63 0.000 9.999 0.259000 99.99 0.259000 0.013 0.000  0.232 0.000  0.324 0.000   1.972 0.000   0.805 0.000   1.167 0.000 0.008 0.000 0.089 0.000
354.291667 355.291667   21.95 0.000  0.73 0.000 9.999 0.259000  0.16 0.000000 0.011 0.000  0.258 0.000  0.360 0.000   3.720 0.000   2.143 0.000   1.577 0.000 0.016 0.000 0.076 0.000
357.291667 358.291667   10.98 0.000  0.25 0.000 0.056 0.000000 99.99 0.259000 0.034 0.000  0.106 0.000  0.148 0.000   3.596 0.000   2.544 0.000   1.052 0.000 0.010 0.000 0.091 0.000
360.291667 361.291667   12.38 0.000  0.50 0.000 9.999 0.259000  0.27 0.000000 0.010 0.000  0.337 0.000  0.472 0.000   2.976 0.000   2.101 0.000   0.876 0.000 0.012 0.000 0.073 0.000
363.291667 364.291667    3.35 0.000  0.33 0.000 9.999 0.259000 99.99 0.259000 0.015 0.000  0.057 0.000  0.080 0.000   0.919 0.000   0.302 0.000   0.616 0.000 0.007 0.000 0.057 0.000
