scripts/IMPROVE-2019_partial/data/US0044R.20080101050000.20191216000000.filterpack...52w.3d.US03L_filterpack_US0044.US03L_IMPROVE_Davis.lev2.nas
52 1001
MISSING INFORMATION
US03L, IMPROVE, , , , , , , 
MISSING INFORMATION
IMPROVE sel_HTAP
1 1
2008 01 01 2019 12 16
3.000000
days from file reference point
5
1 1 1 1 1
999.999999 999.999 9.999 999.999 9.999
end_time of measurement, days from the file reference point
pm10_mass, ug/m3, Matrix=pm10
numflag pm10_mass, no unit, Matrix=pm10
pm25_mass, ug/m3, Matrix=pm25
numflag pm25_mass, no unit, Matrix=pm25
0
33
Data definition:              EBAS_1.1
Set type code:                TU
Timezone:                     UTC
File name:                    US0044R.20080101050000.20191216000000.filterpack...52w.3d.US03L_filterpack_US0044.US03L_IMPROVE_Davis.lev2.nas
File creation:                20191218115806
Startdate:                    20080101050000
Revision date:                20191216000000
Version:                      2
Version description:          "Data extracted from http://views.cira.colostate.edu/fed/DataWizard 2019-12-16"
Statistics:                   arithmetic mean
Data level:                   2
Period code:                  52w
Resolution code:              3d
Sample duration:              1d
Orig. time res.:              3d
Station code:                 US0044R
Platform code:                US0044S
Station name:                 Frostberg Reservoir (Big Piney Run)
Station latitude:             39.7058
Station longitude:            -79.0122
Station altitude:             767.0 m
Regime:                       IMG
Component:                    
Unit:                         ug/m3
Matrix:                       
Laboratory code:              US03L
Instrument type:              filterpack
Instrument name:              filterpack_US0044
Method ref:                   US03L_IMPROVE_Davis
Blank correction:             Blank corrected
Volume std. temperature:      ambient
Volume std. pressure:         ambient
starttime endtime PM10 flag_PM10 PM2.5 flag_PM2.5
  0.208333   1.208333   7.231 0.000   5.604 0.000
  3.208333   4.208333   5.650 0.000   3.459 0.000
  6.208333   7.208333   8.466 0.000   5.330 0.000
  9.208333  10.208333   6.488 0.000   4.414 0.000
 12.208333  13.208333  11.568 0.000   9.089 0.000
 15.208333  16.208333  10.671 0.000   8.542 0.000
 18.208333  19.208333   9.373 0.000   6.857 0.000
 21.208333  22.208333 999.999 0.456   4.761 0.000
 24.208333  25.208333   9.216 0.000   6.712 0.000
 27.208333  28.208333  14.698 0.000  10.523 0.000
 30.208333  31.208333  11.158 0.000   5.612 0.000
 33.208333  34.208333  11.428 0.000   8.504 0.000
 36.208333  37.208333   3.868 0.000   2.572 0.000
 39.208333  40.208333   9.090 0.000   7.267 0.000
 42.208333  43.208333  14.177 0.000  10.962 0.000
 45.208333  46.208333  10.770 0.000   7.865 0.000
 48.208333  49.208333   6.447 0.000   5.138 0.000
 51.208333  52.208333   8.812 0.000   5.901 0.000
 54.208333  55.208333  13.361 0.000  10.746 0.000
 57.208333  58.208333   5.134 0.000   4.201 0.000
 60.208333  61.208333   8.406 0.000   6.728 0.000
 63.208333  64.208333  10.886 0.000   8.730 0.000
 66.208333  67.208333  11.306 0.000   8.737 0.000
 69.208333  70.208333  12.964 0.000   9.144 0.000
 72.208333  73.208333  17.207 0.000  10.260 0.000
 75.208333  76.208333   8.548 0.000   7.104 0.000
 78.208333  79.208333   9.887 0.000   7.948 0.000
 81.208333  82.208333   6.109 0.000   4.532 0.000
 84.208333  85.208333  12.297 0.000   7.587 0.000
 87.208333  88.208333  11.111 0.000   8.538 0.000
 90.208333  91.208333   4.231 0.000   1.700 0.000
 93.208333  94.208333   8.001 0.000   4.029 0.000
 96.208333  97.208333  10.037 0.000   8.354 0.000
 99.208333 100.208333  11.356 0.000   8.048 0.000
102.208333 103.208333   9.317 0.000   5.447 0.000
105.208333 106.208333   8.434 0.000   4.987 0.000
108.208333 109.208333  21.045 0.000  15.125 0.000
111.208333 112.208333   9.333 0.000   6.993 0.000
114.208333 115.208333  14.774 0.000   8.614 0.000
117.208333 118.208333  10.411 0.000   7.337 0.000
120.208333 121.208333  13.815 0.000  11.032 0.000
123.208333 124.208333  19.213 0.000  11.489 0.000
126.208333 127.208333  18.720 0.000  12.604 0.000
129.208333 130.208333   8.841 0.000   6.880 0.000
132.208333 133.208333   2.359 0.000   1.569 0.000
135.208333 136.208333  11.187 0.000   8.109 0.000
138.208333 139.208333  10.029 0.000   5.615 0.000
141.208333 142.208333   9.250 0.000   5.479 0.000
144.208333 145.208333   6.952 0.000   4.253 0.000
147.208333 148.208333  16.034 0.000  11.946 0.000
150.208333 151.208333  15.027 0.000  10.607 0.000
153.208333 154.208333   8.617 0.000   5.499 0.000
156.208333 157.208333  13.020 0.000   8.783 0.000
159.208333 160.208333  17.185 0.000  11.912 0.000
162.208333 163.208333 999.999 0.999 999.999 0.999
165.208333 166.208333  17.636 0.000  14.240 0.000
168.208333 169.208333  11.262 0.000   6.363 0.000
171.208333 172.208333  19.802 0.000   9.962 0.000
174.208333 175.208333  12.572 0.000   7.544 0.000
177.208333 178.208333  18.333 0.000  14.261 0.000
180.208333 181.208333  10.949 0.000   6.263 0.000
183.208333 184.208333  11.460 0.000   8.479 0.000
186.208333 187.208333  10.182 0.000   8.052 0.000
189.208333 190.208333  18.496 0.000  13.431 0.000
192.208333 193.208333  19.167 0.000  14.572 0.000
195.208333 196.208333  14.828 0.000  10.351 0.000
198.208333 199.208333  26.715 0.000  21.834 0.000
201.208333 202.208333  22.276 0.000  18.016 0.000
204.208333 205.208333   8.172 0.000   5.798 0.000
207.208333 208.208333  15.475 0.000  11.836 0.000
210.208333 211.208333  21.258 0.000  19.067 0.000
213.208333 214.208333  22.649 0.000  18.168 0.000
216.208333 217.208333  18.250 0.000  15.450 0.000
219.208333 220.208333  13.968 0.000   9.579 0.000
222.208333 223.208333  11.562 0.000   9.066 0.000
225.208333 226.208333  14.945 0.000  11.403 0.000
228.208333 229.208333   9.245 0.000   6.786 0.000
231.208333 232.208333  19.262 0.000  13.280 0.000
234.208333 235.208333  16.022 0.000  11.274 0.000
237.208333 238.208333  17.278 0.000  11.886 0.000
240.208333 241.208333   2.753 0.000   1.989 0.000
243.208333 244.208333   8.572 0.000   5.596 0.000
246.208333 247.208333  18.461 0.000  14.513 0.000
249.208333 250.208333  10.870 0.000   7.800 0.000
252.208333 253.208333   9.871 0.000   7.295 0.000
255.208333 256.208333   7.907 0.000   5.560 0.000
258.208333 259.208333   6.162 0.000   3.422 0.000
261.208333 262.208333  14.889 0.000  10.948 0.000
264.208333 265.208333  17.787 0.000  14.546 0.000
267.208333 268.208333   8.242 0.000   6.069 0.000
270.208333 271.208333   3.551 0.000   2.093 0.000
273.208333 274.208333  11.159 0.000   9.207 0.000
276.208333 277.208333   9.706 0.000   5.531 0.000
279.208333 280.208333   9.667 0.000   6.828 0.000
282.208333 283.208333   8.446 0.000   5.963 0.000
285.208333 286.208333  10.200 0.000   6.521 0.000
288.208333 289.208333  16.537 0.000  11.905 0.000
291.208333 292.208333   5.817 0.000   3.178 0.000
294.208333 295.208333   8.594 0.000   4.565 0.000
297.208333 298.208333   9.831 0.000   4.716 0.000
300.208333 301.208333  11.312 0.000   3.729 0.000
303.208333 304.208333   5.624 0.000   3.562 0.000
306.208333 307.208333  22.548 0.000  15.240 0.000
309.208333 310.208333   8.796 0.000   7.507 0.000
312.208333 313.208333   8.709 0.000   5.062 0.000
315.208333 316.208333   9.990 0.000   7.844 0.000
318.208333 319.208333   7.213 0.000   5.821 0.000
321.208333 322.208333   4.913 0.000   4.059 0.000
324.208333 325.208333   8.931 0.000   5.125 0.000
327.208333 328.208333   8.200 0.000   4.287 0.000
330.208333 331.208333   5.405 0.000   4.460 0.000
333.208333 334.208333   9.979 0.000   6.059 0.000
336.208333 337.208333   5.719 0.000   4.619 0.000
339.208333 340.208333   7.871 0.000   5.358 0.000
342.208333 343.208333   9.931 0.000   4.874 0.000
345.208333 346.208333   1.009 0.000   0.859 0.000
348.208333 349.208333   6.897 0.000   4.739 0.000
351.208333 352.208333   4.393 0.000   4.074 0.000
354.208333 355.208333   5.206 0.000   4.561 0.000
357.208333 358.208333  11.849 0.000   5.520 0.000
360.208333 361.208333  11.822 0.000   8.186 0.000
363.208333 364.208333   5.684 0.000   3.143 0.000
