scripts/IMPROVE-2019_partial/data/US0097R.20040101080000.20191216000000.filterpack..pm25.52w.1w.US03L_filterpack_US0097.US03L_IMPROVE_Davis.lev2.nas
66 1001
MISSING INFORMATION
US03L, IMPROVE, , , , , , , 
MISSING INFORMATION
IMPROVE sel_HTAP
1 1
2004 01 01 2019 12 16
3.000000
days from file reference point
27
1 1 1 1 1 1 1 1 1 1 1 1 1 1 1 1 1 1 1 1 1 1 1 1 1 1 1
999.999999 999.99 9.999 99.99 9.999999 9.999 9.999999 9.99 9.999999 9.999 9.999999 99.999 9.999 99.999 9.999 999.99 9.999999 999.999 9.999 999.999 9.999 999.999 9.999 9.999 9.999 9.999 9.999999
end_time of measurement, days from the file reference point
iron, ng/m3, Revision date=20181210133000
numflag iron, no unit, Revision date=20181210133000
lead, ng/m3, Revision date=20181210133000
numflag lead, no unit, Revision date=20181210133000
magnesium, ug/m3, Revision date=20181210133000
numflag magnesium, no unit, Revision date=20181210133000
nickel, ng/m3, Revision date=20181210133000
numflag nickel, no unit, Revision date=20181210133000
nitrate, ug N/m3, Revision date=20181210133000
numflag nitrate, no unit, Revision date=20181210133000
organic_carbon, ug C/m3, Revision date=20181210133000
numflag organic_carbon, no unit, Revision date=20181210133000
organic_mass, ug/m3, Revision date=20181210133000
numflag organic_mass, no unit, Revision date=20181210133000
phosphorus, ng/m3, Revision date=20181210133000
numflag phosphorus, no unit, Revision date=20181210133000
pm10_mass, ug/m3, Version=2, Version description=Data extracted from http://views.cira.colostate.edu/fed/DataWizard 2019-12-16, Sample duration=1d, Orig. time res.=3d, Matrix=pm10, Blank correction=Blank corrected, Volume std. temperature=ambient, Volume std. pressure=ambient
numflag pm10_mass, no unit, Version=2, Version description=Data extracted from http://views.cira.colostate.edu/fed/DataWizard 2019-12-16, Sample duration=1d, Orig. time res.=3d, Matrix=pm10, Blank correction=Blank corrected, Volume std. temperature=ambient, Volume std. pressure=ambient
pm10_pm25_mass, ug/m3, Revision date=20181210133000, Matrix=pm10_pm25
numflag pm10_pm25_mass, no unit, Revision date=20181210133000, Matrix=pm10_pm25
pm25_mass, ug/m3, Version=2, Version description=Data extracted from http://views.cira.colostate.edu/fed/DataWizard 2019-12-16, Sample duration=1d, Orig. time res.=3d, Blank correction=Blank corrected, Volume std. temperature=ambient, Volume std. pressure=ambient
numflag pm25_mass, no unit, Version=2, Version description=Data extracted from http://views.cira.colostate.edu/fed/DataWizard 2019-12-16, Sample duration=1d, Orig. time res.=3d, Blank correction=Blank corrected, Volume std. temperature=ambient, Volume std. pressure=ambient
potassium, ug/m3, Revision date=20181210133000
numflag potassium, no unit, Revision date=20181210133000
sulphate_total, ug S/m3, Revision date=20181210133000
numflag sulphate_total, no unit, Revision date=20181210133000
0
25
Data definition:              EBAS_1.1
Set type code:                TU
Timezone:                     UTC
File name:                    US0097R.20040101080000.20191216000000.filterpack..pm25.52w.1w.US03L_filterpack_US0097.US03L_IMPROVE_Davis.lev2.nas
File creation:                20191218120201
Startdate:                    20040101080000
Revision date:                20191216000000
Statistics:                   arithmetic mean
Data level:                   2
Period code:                  52w
Resolution code:              1w
Station code:                 US0097R
Platform code:                US0097S
Station name:                 Redwood NP
Station latitude:             41.5608
Station longitude:            -124.0839
Station altitude:             243.0 m
Regime:                       IMG
Component:                    
Matrix:                       pm25
Laboratory code:              US03L
Instrument type:              filterpack
Instrument name:              filterpack_US0097
Method ref:                   US03L_IMPROVE_Davis
starttime endtime Fe flag_Fe Pb flag_Pb Mg++ flag_Mg++ Ni flag_Ni NO3- flag_NO3- OC flag_OC OM flag_OM P flag_P PM10 flag_PM10 PM10-PM2.5 flag_PM10-PM2.5 PM2.5 flag_PM2.5 K+ flag_K+ SO4-- flag_SO4--
  0.333333   1.333333 999.99 0.999 99.99 0.999000 9.999 0.999000 9.99 0.999000 9.999 0.999000 99.999 0.999 99.999 0.999 999.99 0.999000 999.999 0.999 999.999 0.999 999.999 0.999 9.999 0.999 9.999 0.999000
  3.333333   4.333333   0.54 0.000  0.55 0.000000 9.999 0.259000 0.25 0.000000 0.004 0.559000  0.247 0.000  0.345 0.000 999.99 0.259000   1.279 0.000   0.715 0.000   0.564 0.000 0.006 0.000 0.027 0.559000
  6.333333   7.333333   0.75 0.000 99.99 0.259000 9.999 0.259000 0.17 0.000000 0.005 0.559000  0.229 0.000  0.320 0.000 999.99 0.259000   1.085 0.000   0.479 0.000   0.607 0.000 0.005 0.000 0.031 0.559000
  9.333333  10.333333   0.54 0.000  0.24 0.000000 9.999 0.259000 0.23 0.000000 0.012 0.559000  0.338 0.000  0.474 0.000 999.99 0.259000   2.640 0.000   1.802 0.000   0.838 0.000 0.006 0.000 0.018 0.559000
 12.333333  13.333333   5.83 0.000  0.58 0.000000 9.999 0.259000 0.17 0.000000 0.033 0.559000  0.601 0.000  0.842 0.000 999.99 0.259000   4.629 0.000   2.646 0.000   1.983 0.000 0.018 0.000 0.079 0.559000
 15.333333  16.333333   1.58 0.000  0.31 0.000000 0.028 0.000000 9.99 0.259000 0.046 0.559000  0.981 0.000  1.374 0.000 999.99 0.259000   5.181 0.000   2.608 0.000   2.573 0.000 0.029 0.000 0.064 0.559000
 18.333333  19.333333   3.79 0.000  0.32 0.000000 0.021 0.000000 0.24 0.000000 0.006 0.559000  0.198 0.000  0.277 0.000 999.99 0.259000   2.109 0.000   1.414 0.000   0.694 0.000 0.006 0.000 0.045 0.559000
 21.333333  22.333333   3.39 0.000  0.54 0.000000 0.029 0.000000 0.32 0.000000 0.050 0.559000  0.821 0.000  1.149 0.000 999.99 0.259000   4.752 0.000   2.437 0.000   2.315 0.000 0.025 0.000 0.075 0.559000
 24.333333  25.333333   2.27 0.000  0.20 0.000000 0.088 0.000000 9.99 0.259000 0.016 0.559000  0.235 0.000  0.330 0.000 999.99 0.259000   5.989 0.000   3.927 0.000   2.062 0.000 0.021 0.000 0.058 0.559000
 27.333333  28.333333   0.31 0.000  0.37 0.000000 9.999 0.259000 9.99 0.259000 0.001 0.559000  0.136 0.000  0.191 0.000   1.46 0.000000   0.542 0.000   0.513 0.000   0.029 0.000 0.002 0.000 0.009 0.559000
 30.333333  31.333333   0.68 0.000  0.13 0.000000 9.999 0.259000 0.09 0.000000 0.017 0.559000  0.149 0.000  0.208 0.000 999.99 0.259000   4.825 0.000   3.424 0.000   1.401 0.000 0.016 0.000 0.064 0.559000
 33.333333  34.333333   0.97 0.000  0.11 0.000000 0.052 0.000000 9.99 0.259000 0.016 0.559000  0.127 0.000  0.178 0.000 999.99 0.259000 999.999 0.456 999.999 0.999   1.635 0.000 0.014 0.000 0.054 0.559000
 36.333333  37.333333   2.24 0.000  0.51 0.000000 0.022 0.000000 9.99 0.259000 0.014 0.559000  0.368 0.000  0.516 0.000   2.61 0.000000   2.719 0.000   1.611 0.000   1.107 0.000 0.013 0.000 0.049 0.559000
 39.333333  40.333333   6.63 0.000  1.01 0.000000 9.999 0.259000 0.07 0.000000 0.023 0.559000  0.490 0.000  0.686 0.000 999.99 0.259000   5.386 0.000   3.393 0.000   1.993 0.000 0.026 0.000 0.127 0.559000
 42.333333  43.333333  14.66 0.000  0.88 0.000000 9.999 0.259000 0.27 0.000000 0.297 0.559000  1.335 0.000  1.869 0.000 999.99 0.259000  10.541 0.000   5.163 0.000   5.378 0.000 0.049 0.000 0.218 0.559000
 45.333333  46.333333   0.79 0.000  0.43 0.000000 9.999 0.259000 9.99 0.259000 0.006 0.559000  0.220 0.000  0.308 0.000   1.33 0.000000   1.211 0.000   0.642 0.000   0.569 0.000 0.006 0.000 0.036 0.559000
 48.333333  49.333333   1.43 0.000  0.15 0.000000 9.999 0.259000 9.99 0.259000 0.020 0.000000  0.160 0.000  0.224 0.000 999.99 0.259000   9.028 0.000   5.857 0.000   3.170 0.000 0.029 0.000 0.095 0.000000
 51.333333  52.333333   4.55 0.000  1.99 0.000000 9.999 0.259000 9.99 0.259000 0.081 0.559000  0.727 0.000  1.018 0.000 999.99 0.259000   6.399 0.000   3.410 0.000   2.989 0.000 0.022 0.000 0.138 0.559000
 54.333333  55.333333   4.52 0.000  0.16 0.000000 0.272 0.000000 9.99 0.259000 0.026 0.559000  0.209 0.000  0.292 0.000 999.99 0.259000  16.953 0.000  10.677 0.000   6.276 0.000 0.053 0.000 0.161 0.559000
 57.333333  58.333333   1.33 0.000  0.25 0.000000 9.999 0.259000 9.99 0.259000 0.011 0.000000  0.181 0.000  0.253 0.000 999.99 0.259000   2.356 0.000   1.328 0.000   1.028 0.000 0.010 0.000 0.051 0.000000
 60.333333  61.333333   1.61 0.000  0.23 0.000000 9.999 0.259000 9.99 0.259000 0.012 0.000000  0.178 0.000  0.249 0.000 999.99 0.259000   2.857 0.000   1.761 0.000   1.097 0.000 0.011 0.000 0.038 0.000000
 63.333333  64.333333   5.81 0.000  0.58 0.000000 9.999 0.259000 9.99 0.259000 0.034 0.000000  0.262 0.000  0.367 0.000 999.99 0.259000   5.263 0.000   2.969 0.000   2.294 0.000 0.031 0.000 0.131 0.000000
 66.333333  67.333333  48.93 0.000  4.71 0.000000 0.021 0.000000 9.99 0.259000 0.042 0.559000  0.618 0.000  0.866 0.000 999.99 0.259000   9.941 0.000   5.575 0.000   4.367 0.000 0.068 0.000 0.383 0.559000
 69.333333  70.333333  23.00 0.559  0.89 0.559000 9.999 0.559259 9.99 0.559259 0.120 0.559000  0.926 0.000  1.296 0.000 999.99 0.559259  18.591 0.000  11.760 0.000   6.831 0.559 0.080 0.559 0.207 0.559000
 72.333333  73.333333  10.36 0.559  1.07 0.559000 9.999 0.559259 0.31 0.559000 0.122 0.559000  2.166 0.000  3.032 0.000 999.99 0.559259  11.868 0.000   4.609 0.000   7.259 0.559 0.056 0.559 0.315 0.559000
 75.333333  76.333333  16.05 0.559  0.57 0.559000 9.999 0.559259 0.16 0.559000 0.086 0.559000  1.564 0.000  2.190 0.000 999.99 0.559259  11.831 0.000   6.257 0.000   5.574 0.559 0.054 0.559 0.199 0.559000
 78.333333  79.333333  13.36 0.559  1.20 0.559000 0.065 0.559000 0.10 0.559000 0.055 0.559000  0.429 0.000  0.600 0.000  21.05 0.559000  13.925 0.000   8.781 0.000   5.144 0.559 0.058 0.559 0.287 0.559000
 81.333333  82.333333   5.62 0.000  1.13 0.000000 9.999 0.259000 0.21 0.000000 0.025 0.559000  0.670 0.000  0.938 0.000 999.99 0.259000   3.127 0.000   0.688 0.000   2.439 0.000 0.024 0.000 0.230 0.559000
 84.333333  85.333333   6.79 0.000  0.22 0.000000 9.999 0.259000 9.99 0.259000 0.016 0.559000  0.212 0.000  0.297 0.000 999.99 0.259000   4.508 0.000   2.319 0.000   2.190 0.000 0.018 0.000 0.093 0.559000
 87.333333  88.333333  24.84 0.559  1.37 0.559000 0.061 0.559000 9.99 0.559259 0.050 0.559000  0.947 0.000  1.326 0.000 999.99 0.559259  10.051 0.000   6.196 0.000   3.855 0.559 0.043 0.559 0.187 0.559000
 90.333333  91.333333   3.20 0.000  0.21 0.000000 9.999 0.259000 9.99 0.259000 0.036 0.559000  0.277 0.000  0.387 0.000 999.99 0.259000   6.261 0.000   4.071 0.000   2.190 0.000 0.020 0.000 0.102 0.559000
 93.333333  94.333333  14.68 0.000  0.89 0.000000 9.999 0.259000 0.47 0.000000 0.148 0.559000  1.445 0.000  2.023 0.000 999.99 0.259000  13.248 0.000   6.678 0.000   6.570 0.000 0.049 0.000 0.466 0.559000
 96.333333  97.333333   6.62 0.000  0.97 0.000000 9.999 0.259000 0.24 0.000000 0.054 0.559000  0.487 0.000  0.681 0.000 999.99 0.259000   8.995 0.000   5.428 0.000   3.567 0.000 0.032 0.000 0.346 0.559000
 99.333333 100.333333  21.34 0.000  0.95 0.000000 9.999 0.259000 0.14 0.000000 0.128 0.559000  2.056 0.000  2.878 0.000 999.99 0.259000  11.946 0.000   4.886 0.000   7.060 0.000 0.069 0.000 0.307 0.559000
102.333333 103.333333  21.07 0.000  1.10 0.000000 9.999 0.259000 0.37 0.000000 0.052 0.559000  0.906 0.000  1.269 0.000 999.99 0.259000   7.301 0.000   3.468 0.000   3.832 0.000 0.036 0.000 0.392 0.559000
105.333333 106.333333   1.89 0.559 99.99 0.559259 0.043 0.559000 9.99 0.559259 0.013 0.559000  0.166 0.000  0.232 0.000 999.99 0.559259   3.526 0.000   2.526 0.000   1.000 0.559 0.011 0.559 0.067 0.559000
108.333333 109.333333   2.60 0.559  0.60 0.559000 9.999 0.559259 9.99 0.559259 0.008 0.559000  0.341 0.000  0.478 0.000 999.99 0.559259   1.799 0.000   1.056 0.000   0.743 0.559 0.008 0.559 0.086 0.559000
111.333333 112.333333   2.68 0.559 99.99 0.559259 9.999 0.559259 0.10 0.559000 0.012 0.559000  0.141 0.000  0.198 0.000 999.99 0.559259   5.592 0.000   3.714 0.000   1.878 0.559 0.019 0.559 0.090 0.559000
114.333333 115.333333  18.74 0.559  1.31 0.559000 0.035 0.559000 9.99 0.559259 0.082 0.559000  0.783 0.000  1.097 0.000 999.99 0.559259  13.271 0.000   8.176 0.000   5.095 0.559 0.064 0.559 0.263 0.559000
117.333333 118.333333  34.27 0.000  2.21 0.000000 9.999 0.259000 0.31 0.000000 0.101 0.559000  1.223 0.000  1.713 0.000 999.99 0.259000  14.291 0.000   7.766 0.000   6.525 0.000 0.073 0.000 0.476 0.559000
120.333333 121.333333 999.99 0.999 99.99 0.999000 9.999 0.999000 9.99 0.999000 9.999 0.999000 99.999 0.999 99.999 0.999 999.99 0.999000 999.999 0.999 999.999 0.999 999.999 0.999 9.999 0.999 9.999 0.999000
123.333333 124.333333 999.99 0.999 99.99 0.999000 9.999 0.999000 9.99 0.999000 9.999 0.999000 99.999 0.999 99.999 0.999 999.99 0.999000 999.999 0.999 999.999 0.999 999.999 0.999 9.999 0.999 9.999 0.999000
126.333333 127.333333   6.24 0.559  0.94 0.559000 0.033 0.559000 0.28 0.559000 0.044 0.559000  0.245 0.000  0.343 0.000   4.57 0.559000   5.054 0.000   3.346 0.000   1.708 0.559 0.018 0.559 0.164 0.559000
129.333333 130.333333   3.55 0.559  0.51 0.559000 9.999 0.559259 0.37 0.559000 0.043 0.559000  0.223 0.000  0.312 0.000 999.99 0.559259   6.503 0.000   4.151 0.000   2.353 0.559 0.019 0.559 0.238 0.559000
132.333333 133.333333   3.48 0.559  0.46 0.559000 0.057 0.559000 0.14 0.559000 0.039 0.559000  0.421 0.000  0.589 0.000   7.70 0.559000   6.652 0.000   3.692 0.000   2.960 0.559 0.027 0.559 0.191 0.559000
135.333333 136.333333   6.96 0.559  0.50 0.559000 9.999 0.559259 0.28 0.559000 0.040 0.559000  0.439 0.000  0.614 0.000 999.99 0.559259   5.181 0.000   2.534 0.000   2.647 0.559 0.020 0.559 0.319 0.559000
138.333333 139.333333   9.79 0.559  0.90 0.559000 0.044 0.559000 0.38 0.559000 0.042 0.559000  0.396 0.000  0.554 0.000 999.99 0.559259   7.498 0.000   4.219 0.000   3.279 0.559 0.031 0.559 0.349 0.559000
141.333333 142.333333  15.91 0.559  0.74 0.559000 0.052 0.559000 0.34 0.559000 0.056 0.559000  0.439 0.000  0.614 0.000 999.99 0.559259   6.981 0.000   3.724 0.000   3.258 0.559 0.029 0.559 0.384 0.559000
144.333333 145.333333   9.37 0.000  0.65 0.000000 0.047 0.000000 0.38 0.000000 0.104 0.559000  0.798 0.000  1.118 0.000 999.99 0.259000  12.317 0.000   6.320 0.000   5.998 0.000 0.058 0.000 0.417 0.559000
147.333333 148.333333   1.42 0.559  0.27 0.559000 0.071 0.559000 0.15 0.559000 0.003 0.559000  0.068 0.000  0.095 0.000 999.99 0.559259   0.987 0.000   0.822 0.000   0.165 0.559 0.008 0.559 0.008 0.559000
150.333333 151.333333   5.65 0.559  0.47 0.559000 9.999 0.559259 9.99 0.559259 0.019 0.559000  0.155 0.000  0.217 0.000 999.99 0.559259   4.226 0.000   2.185 0.000   2.041 0.559 0.023 0.559 0.187 0.559000
153.333333 154.333333   5.49 0.559  0.61 0.559000 9.999 0.559259 0.24 0.559000 0.043 0.559000  0.346 0.000  0.484 0.000 999.99 0.559259   7.781 0.000   4.894 0.000   2.886 0.559 0.025 0.559 0.195 0.559000
156.333333 157.333333   8.37 0.559 99.99 0.559259 9.999 0.559259 0.13 0.559000 0.028 0.559000  0.384 0.000  0.537 0.000 999.99 0.559259   6.399 0.000   3.684 0.000   2.715 0.559 0.023 0.559 0.286 0.559000
159.333333 160.333333   1.95 0.559  0.27 0.559000 0.096 0.559000 0.18 0.559000 0.036 0.559000  0.337 0.000  0.472 0.000 999.99 0.559259   6.356 0.000   3.988 0.000   2.368 0.559 0.028 0.559 0.156 0.559000
162.333333 163.333333   6.49 0.559 99.99 0.559259 9.999 0.559259 0.19 0.559000 0.041 0.559000  0.321 0.000  0.450 0.000 999.99 0.559259   8.399 0.000   5.410 0.000   2.988 0.559 0.035 0.559 0.215 0.559000
165.333333 166.333333  13.44 0.559  0.26 0.559000 9.999 0.559259 0.20 0.559000 0.047 0.559000  0.532 0.000  0.745 0.000 999.99 0.559259  15.961 0.000  10.236 0.000   5.726 0.559 0.059 0.559 0.260 0.559000
168.333333 169.333333  12.19 0.000  1.10 0.000000 9.999 0.259000 0.65 0.000000 0.124 0.559000  0.652 0.000  0.912 0.000 999.99 0.259000  13.304 0.000   6.072 0.000   7.233 0.000 0.060 0.000 0.590 0.559000
171.333333 172.333333   2.97 0.559  0.51 0.559000 0.084 0.559000 0.28 0.559000 0.029 0.559000  0.509 0.000  0.712 0.000  10.85 0.559000   3.272 0.000   1.146 0.000   2.126 0.559 0.013 0.559 0.234 0.559000
174.333333 175.333333   6.42 0.000  0.63 0.000000 0.124 0.000000 0.25 0.000000 0.031 0.559000  0.732 0.000  1.025 0.000 999.99 0.259000   6.177 0.000   2.647 0.000   3.530 0.000 0.018 0.000 0.327 0.559000
177.333333 178.333333   5.87 0.000  0.63 0.000000 9.999 0.259000 0.30 0.000000 0.031 0.559000  0.491 0.000  0.687 0.000 999.99 0.259000   5.107 0.000   2.467 0.000   2.640 0.000 0.023 0.000 0.290 0.559000
180.333333 181.333333   7.28 0.000  0.44 0.000000 9.999 0.259000 0.44 0.000000 0.090 0.559000  0.415 0.000  0.581 0.000 999.99 0.259000  13.666 0.000   6.939 0.000   6.726 0.000 0.057 0.000 0.558 0.559000
183.333333 184.333333   4.06 0.000 99.99 0.259000 9.999 0.259000 0.32 0.000000 0.029 0.559000  0.704 0.000  0.985 0.000 999.99 0.259000   4.898 0.000   1.194 0.000   3.704 0.000 0.025 0.000 0.372 0.559000
186.333333 187.333333  16.47 0.000  1.12 0.000000 0.050 0.000000 0.12 0.000000 0.091 0.559000  0.791 0.000  1.108 0.000 999.99 0.259000 999.999 0.456 999.999 0.999   8.044 0.000 0.240 0.000 0.430 0.559000
189.333333 190.333333  18.31 0.000  0.51 0.000000 0.174 0.000000 9.99 0.259000 0.112 0.559000  0.639 0.000  0.894 0.000 999.99 0.259000  21.528 0.000  12.666 0.000   8.862 0.000 0.092 0.000 0.322 0.559000
192.333333 193.333333   3.59 0.000 99.99 0.259000 9.999 0.259000 0.38 0.000000 0.035 0.559000  0.710 0.000  0.994 0.000 999.99 0.259000   5.775 0.000   2.217 0.000   3.558 0.000 0.030 0.000 0.282 0.559000
195.333333 196.333333   1.74 0.000 99.99 0.259000 9.999 0.259000 0.21 0.000000 0.020 0.559000  0.605 0.000  0.847 0.000 999.99 0.259000   4.057 0.000   1.245 0.000   2.812 0.000 0.018 0.000 0.251 0.559000
198.333333 199.333333   2.15 0.000  0.23 0.000000 9.999 0.259000 0.45 0.000000 0.029 0.559000  0.645 0.000  0.903 0.000 999.99 0.259000   4.569 0.000   1.383 0.000   3.185 0.000 0.025 0.000 0.325 0.559000
201.333333 202.333333   2.09 0.559  0.24 0.559000 9.999 0.559259 0.37 0.559000 0.044 0.559000  0.349 0.000  0.489 0.000 999.99 0.559259   4.971 0.000   2.660 0.000   2.310 0.559 0.020 0.559 0.252 0.559000
204.333333 205.333333   3.73 0.000  0.47 0.000000 9.999 0.259000 0.41 0.000000 0.030 0.559000  0.529 0.000  0.741 0.000 999.99 0.259000   3.818 0.000   1.120 0.000   2.697 0.000 0.017 0.000 0.250 0.559000
207.333333 208.333333   4.90 0.559  0.33 0.559000 0.060 0.559000 0.36 0.559000 0.056 0.559000  0.310 0.000  0.434 0.000 999.99 0.559259   9.926 0.000   5.382 0.000   4.544 0.559 0.042 0.559 0.286 0.559000
210.333333 211.333333   1.95 0.559 99.99 0.559259 0.028 0.559000 9.99 0.559259 0.030 0.559000  0.284 0.000  0.398 0.000 999.99 0.559259   2.145 0.000   0.950 0.000   1.195 0.559 0.011 0.559 0.092 0.559000
213.333333 214.333333   3.51 0.000  0.34 0.000000 9.999 0.259000 0.28 0.000000 0.043 0.559000  0.826 0.000  1.157 0.000 999.99 0.259000   5.885 0.000   2.269 0.000   3.616 0.000 0.021 0.000 0.385 0.559000
216.333333 217.333333   1.14 0.000 99.99 0.259000 9.999 0.259000 0.39 0.000000 0.017 0.559000  0.298 0.000  0.418 0.000 999.99 0.259000   2.376 0.000   1.113 0.000   1.263 0.000 0.007 0.000 0.195 0.559000
219.333333 220.333333   2.28 0.000  0.12 0.000000 9.999 0.259000 9.99 0.259000 0.040 0.559000  0.594 0.000  0.831 0.000 999.99 0.259000   6.762 0.000   4.140 0.000   2.622 0.000 0.026 0.000 0.161 0.559000
222.333333 223.333333   4.26 0.000  0.41 0.000000 9.999 0.259000 0.43 0.000000 0.040 0.559000  0.695 0.000  0.974 0.000 999.99 0.259000   5.060 0.000   1.216 0.000   3.844 0.000 0.023 0.000 0.471 0.559000
225.333333 226.333333   2.21 0.000  0.19 0.000000 0.079 0.000000 0.18 0.000000 0.048 0.559000  0.390 0.000  0.545 0.000 999.99 0.259000   3.765 0.000   1.297 0.000   2.468 0.000 0.015 0.000 0.341 0.559000
228.333333 229.333333   4.77 0.000 99.99 0.259000 9.999 0.259000 0.40 0.000000 0.035 0.559000  0.512 0.000  0.717 0.000 999.99 0.259000   3.599 0.000   1.132 0.000   2.468 0.000 0.018 0.000 0.367 0.559000
231.333333 232.333333   2.64 0.000 99.99 0.259000 9.999 0.259000 9.99 0.259000 0.041 0.559000  0.114 0.000  0.159 0.000 999.99 0.259000   3.890 0.000   1.672 0.000   2.219 0.000 0.019 0.000 0.265 0.559000
