scripts/IMPROVE-2019_partial/data/US0064R.19880302080000.20191216000000.filterpack...10mo.3d.US03L_filterpack_US0064.US03L_IMPROVE_Davis.lev2.nas
52 1001
MISSING INFORMATION
US03L, IMPROVE, , , , , , , 
MISSING INFORMATION
IMPROVE sel_HTAP
1 1
1988 01 01 2019 12 16
0
days from file reference point
5
1 1 1 1 1
999.999999 999.999 9.999 99.999 9.999
end_time of measurement, days from the file reference point
pm10_mass, ug/m3, Matrix=pm10
numflag pm10_mass, no unit, Matrix=pm10
pm25_mass, ug/m3, Matrix=pm25
numflag pm25_mass, no unit, Matrix=pm25
0
33
Data definition:              EBAS_1.1
Set type code:                TI
Timezone:                     UTC
File name:                    US0064R.19880302080000.20191216000000.filterpack...10mo.3d.US03L_filterpack_US0064.US03L_IMPROVE_Davis.lev2.nas
File creation:                20191218115935
Startdate:                    19880302080000
Revision date:                20191216000000
Version:                      2
Version description:          "Data extracted from http://views.cira.colostate.edu/fed/DataWizard 2019-12-16"
Statistics:                   arithmetic mean
Data level:                   2
Period code:                  10mo
Resolution code:              3d
Sample duration:              1d
Orig. time res.:              3d
Station code:                 US0064R
Platform code:                US0064S
Station name:                 Jarbidge Wilderness
Station latitude:             41.8926
Station longitude:            -115.4261
Station altitude:             1869.0 m
Regime:                       IMG
Component:                    
Unit:                         ug/m3
Matrix:                       
Laboratory code:              US03L
Instrument type:              filterpack
Instrument name:              filterpack_US0064
Method ref:                   US03L_IMPROVE_Davis
Blank correction:             Blank corrected
Volume std. temperature:      ambient
Volume std. pressure:         ambient
starttime endtime PM10 flag_PM10 PM2.5 flag_PM2.5
 61.333333  62.333333 999.999 0.999  3.177 0.000
 64.333333  65.333333   2.587 0.000  1.821 0.000
 68.333333  69.333333 999.999 0.999  1.220 0.000
 71.333333  72.333333   2.756 0.000  1.507 0.000
 75.333333  76.333333 999.999 0.999  3.493 0.000
 78.333333  79.333333   3.268 0.000  1.781 0.000
 82.333333  83.333333 999.999 0.999  3.699 0.000
 85.333333  86.333333   6.708 0.000  2.466 0.000
 89.333333  90.333333 999.999 0.999  1.488 0.000
 92.333333  93.333333   4.328 0.000  1.972 0.000
 96.333333  97.333333 999.999 0.999  3.119 0.000
 99.333333 100.333333   2.387 0.000  1.438 0.000
103.333333 104.333333  34.086 0.000  6.301 0.000
106.333333 107.333333  13.457 0.000  4.897 0.000
110.333333 111.333333   2.881 0.000  1.952 0.000
113.333333 114.333333   2.963 0.000  1.370 0.000
117.333333 118.333333   6.220 0.000  3.630 0.000
120.333333 121.333333   7.205 0.000  1.644 0.000
124.333333 125.333333   8.222 0.000  4.271 0.000
127.333333 128.333333   3.258 0.000  2.203 0.000
131.333333 132.333333   6.742 0.000  3.010 0.000
134.333333 135.333333   5.720 0.000  2.407 0.000
138.333333 139.333333   4.519 0.000 99.999 0.999
141.333333 142.333333   8.598 0.000  3.527 0.000
145.333333 146.333333   9.923 0.000  5.685 0.000
148.333333 149.333333  29.252 0.000  6.130 0.000
152.333333 153.333333   3.465 0.000  1.843 0.000
155.333333 156.333333  12.638 0.000  3.910 0.000
159.333333 160.333333   6.094 0.000  1.787 0.000
162.333333 163.333333  12.072 0.000  2.915 0.000
166.333333 167.333333  10.789 0.000  3.833 0.000
169.333333 170.333333  12.744 0.000  4.059 0.000
173.333333 174.333333   6.558 0.000  2.843 0.000
176.333333 177.333333  15.609 0.000  6.026 0.000
180.333333 181.333333  11.822 0.000  4.444 0.000
183.333333 184.333333  24.106 0.000  6.233 0.000
187.333333 188.333333  22.129 0.000  6.379 0.000
190.333333 191.333333  14.791 0.000  5.238 0.000
194.333333 195.333333   9.343 0.000  4.478 0.000
197.333333 198.333333  15.247 0.000  4.916 0.000
201.333333 202.333333  11.413 0.000  4.801 0.000
204.333333 205.333333  18.856 0.000  6.087 0.000
208.333333 209.333333   9.819 0.000  4.901 0.000
211.333333 212.333333  15.852 0.000  5.563 0.000
215.333333 216.333333  12.799 0.000  4.628 0.000
218.333333 219.333333  12.852 0.000  4.913 0.000
222.333333 223.333333  11.429 0.000  4.296 0.000
225.333333 226.333333  18.988 0.000  7.423 0.000
229.333333 230.333333  10.833 0.000  3.680 0.000
232.333333 233.333333  20.595 0.000  7.280 0.000
236.333333 237.333333  13.436 0.000  5.035 0.000
239.333333 240.333333 999.999 0.999 99.999 0.999
243.333333 244.333333  15.833 0.000  7.000 0.000
246.333333 247.333333 999.999 0.999 99.999 0.999
250.333333 251.333333  13.211 0.000  6.298 0.000
253.333333 254.333333  26.417 0.000  6.122 0.000
257.333333 258.333333 999.999 0.999 99.999 0.999
260.333333 261.333333  23.390 0.000  9.928 0.000
264.333333 265.333333   8.917 0.000 99.999 0.999
267.333333 268.333333   9.316 0.000  4.642 0.000
271.333333 272.333333 999.999 0.999 99.999 0.999
274.333333 275.333333 999.999 0.999 99.999 0.999
278.333333 279.333333 999.999 0.999 99.999 0.999
281.333333 282.333333 999.999 0.999 99.999 0.999
285.333333 286.333333  11.235 0.000  7.119 0.000
288.333333 289.333333   9.879 0.000  2.910 0.000
292.333333 293.333333   7.984 0.000  3.023 0.000
295.333333 296.333333  10.873 0.000  2.637 0.000
299.333333 300.333333   8.755 0.000  2.492 0.000
302.333333 303.333333  10.610 0.000  3.498 0.000
306.333333 307.333333   8.333 0.000  3.520 0.000
309.333333 310.333333   4.008 0.000  1.577 0.000
313.333333 314.333333   2.607 0.000  1.096 0.000
316.333333 317.333333   2.532 0.000  1.329 0.000
320.333333 321.333333   3.820 0.000  0.769 0.000
323.333333 324.333333   2.575 0.000  0.831 0.000
327.333333 328.333333   0.805 0.000 99.999 0.259
330.333333 331.333333   1.212 0.000  0.331 0.000
334.333333 335.333333   1.157 0.000  0.944 0.000
337.333333 338.333333   0.879 0.000  0.588 0.000
341.333333 342.333333   1.667 0.000  1.079 0.000
344.333333 345.333333   1.815 0.000  0.927 0.000
348.333333 349.333333   4.211 0.000  1.942 0.000
351.333333 352.333333   2.116 0.000  1.780 0.000
355.333333 356.333333 999.999 0.999  0.574 0.000
358.333333 359.333333   2.069 0.000  0.671 0.000
362.333333 363.333333   3.489 0.000 99.999 0.999
365.333333 366.333333   1.021 0.000  0.695 0.000
