scripts/IMPROVE-2019_partial/data/US0083R.20120101080000.20191216000000.filterpack...52w.3d.US03L_filterpack_US0083.US03L_IMPROVE_Davis.lev2.nas
51 1001
MISSING INFORMATION
US03L, IMPROVE, , , , , , , 
MISSING INFORMATION
IMPROVE sel_HTAP
1 1
2012 01 01 2019 12 16
3.000000
days from file reference point
4
1 1 1 1
999.999999 999.999 999.999 9.999
end_time of measurement, days from the file reference point
pm10_mass, ug/m3, Matrix=pm10
pm25_mass, ug/m3, Matrix=pm25
numflag, no unit
0
33
Data definition:              EBAS_1.1
Set type code:                TU
Timezone:                     UTC
File name:                    US0083R.20120101080000.20191216000000.filterpack...52w.3d.US03L_filterpack_US0083.US03L_IMPROVE_Davis.lev2.nas
File creation:                20191218120103
Startdate:                    20120101080000
Revision date:                20191216000000
Version:                      2
Version description:          "Data extracted from http://views.cira.colostate.edu/fed/DataWizard 2019-12-16"
Statistics:                   arithmetic mean
Data level:                   2
Period code:                  52w
Resolution code:              3d
Sample duration:              1d
Orig. time res.:              3d
Station code:                 US0083R
Platform code:                US0083S
Station name:                 Columbia River Gorge
Station latitude:             45.6644
Station longitude:            -121.0008
Station altitude:             178.0 m
Regime:                       IMG
Component:                    
Unit:                         ug/m3
Matrix:                       
Laboratory code:              US03L
Instrument type:              filterpack
Instrument name:              filterpack_US0083
Method ref:                   US03L_IMPROVE_Davis
Blank correction:             Blank corrected
Volume std. temperature:      ambient
Volume std. pressure:         ambient
starttime endtime PM10 PM2.5 flag
  0.333333   1.333333   6.241   5.632 0.000
  3.333333   4.333333 999.999   5.062 0.000
  6.333333   7.333333 999.999   5.003 0.000
  9.333333  10.333333   3.352   2.585 0.000
 12.333333  13.333333 999.999   6.914 0.000
 15.333333  16.333333 999.999   5.484 0.000
 18.333333  19.333333 999.999   1.958 0.000
 21.333333  22.333333 999.999   4.134 0.000
 24.333333  25.333333 999.999   7.415 0.000
 27.333333  28.333333   9.116   8.454 0.000
 30.333333  31.333333 999.999   8.313 0.000
 33.333333  34.333333 999.999   4.786 0.000
 36.333333  37.333333   7.286   6.062 0.000
 39.333333  40.333333  14.958  11.652 0.000
 42.333333  43.333333 999.999   9.406 0.000
 45.333333  46.333333 999.999   5.775 0.000
 48.333333  49.333333   2.983   2.298 0.000
 51.333333  52.333333   3.997   2.000 0.000
 54.333333  55.333333 999.999   6.410 0.000
 57.333333  58.333333 999.999   4.911 0.000
 60.333333  61.333333 999.999   1.728 0.000
 63.333333  64.333333 999.999   6.878 0.000
 66.333333  67.333333 999.999   5.555 0.000
 69.333333  70.333333 999.999   6.827 0.000
 72.333333  73.333333   3.568   1.996 0.000
 75.333333  76.333333 999.999   4.401 0.000
 78.333333  79.333333 999.999   6.172 0.000
 81.333333  82.333333 999.999   5.998 0.000
 84.333333  85.333333 999.999   8.217 0.000
 87.333333  88.333333 999.999   6.225 0.000
 90.333333  91.333333 999.999   7.457 0.000
 93.333333  94.333333   6.336   4.425 0.000
 96.333333  97.333333 999.999   3.688 0.000
 99.333333 100.333333  17.175  10.110 0.000
102.333333 103.333333 999.999   6.310 0.000
105.333333 106.333333 999.999   5.557 0.000
108.333333 109.333333 999.999   6.603 0.000
111.333333 112.333333 999.999   9.235 0.000
114.333333 115.333333 999.999   5.166 0.000
117.333333 118.333333 999.999   1.124 0.000
120.333333 121.333333 999.999   1.127 0.000
123.333333 124.333333 999.999   1.988 0.000
126.333333 127.333333   6.824   3.118 0.000
129.333333 130.333333 999.999   2.314 0.000
132.333333 133.333333  14.030   2.700 0.000
135.333333 136.333333  25.523   4.678 0.000
138.333333 139.333333 999.999   2.851 0.000
141.333333 142.333333   6.466   2.661 0.000
144.333333 145.333333   2.889   1.822 0.000
147.333333 148.333333  12.052   2.368 0.000
150.333333 151.333333 999.999   1.925 0.000
153.333333 154.333333   5.698   1.451 0.000
156.333333 157.333333  11.201   0.998 0.000
159.333333 160.333333   4.055   1.359 0.000
162.333333 163.333333   7.164   2.197 0.000
165.333333 166.333333 999.999   2.049 0.000
168.333333 169.333333  12.373   1.300 0.000
171.333333 172.333333 999.999   2.930 0.000
174.333333 175.333333   2.167   2.760 0.000
177.333333 178.333333   4.748   0.668 0.000
180.333333 181.333333 999.999   2.045 0.000
183.333333 184.333333 999.999   2.057 0.000
186.333333 187.333333 999.999   2.793 0.000
189.333333 190.333333  17.717   6.661 0.000
192.333333 193.333333 999.999   6.179 0.000
195.333333 196.333333  15.215   3.730 0.000
198.333333 199.333333 999.999 999.999 0.456
201.333333 202.333333  29.323   5.640 0.000
204.333333 205.333333  17.263   2.268 0.000
207.333333 208.333333  36.196  11.033 0.000
210.333333 211.333333  22.031   4.751 0.000
213.333333 214.333333  21.633   5.114 0.000
216.333333 217.333333  18.108   3.764 0.000
219.333333 220.333333  37.094   9.147 0.000
222.333333 223.333333  21.126   7.255 0.000
225.333333 226.333333  28.619  10.517 0.000
228.333333 229.333333  21.429   5.201 0.000
231.333333 232.333333  25.923   6.295 0.000
234.333333 235.333333  13.335   4.071 0.000
237.333333 238.333333  16.623   6.188 0.000
240.333333 241.333333  31.792   4.236 0.000
243.333333 244.333333  19.824   6.057 0.000
246.333333 247.333333  13.684   4.157 0.000
249.333333 250.333333  26.926   6.413 0.000
252.333333 253.333333  28.772   5.671 0.000
255.333333 256.333333  26.030  10.857 0.000
258.333333 259.333333  29.066  14.416 0.000
261.333333 262.333333  35.396  12.485 0.000
264.333333 265.333333  31.756  10.677 0.000
267.333333 268.333333  25.887  10.439 0.000
270.333333 271.333333  42.323  22.182 0.000
273.333333 274.333333  17.325   6.543 0.000
276.333333 277.333333  64.815  15.605 0.000
279.333333 280.333333  29.702   7.980 0.000
282.333333 283.333333  39.418  12.977 0.000
285.333333 286.333333  20.169   6.675 0.000
288.333333 289.333333   9.170   1.897 0.000
291.333333 292.333333  11.000   4.466 0.000
294.333333 295.333333   4.059   1.757 0.000
297.333333 298.333333   7.354   5.862 0.000
300.333333 301.333333   7.763   6.438 0.000
303.333333 304.333333   8.868   6.331 0.000
306.333333 307.333333   7.634   4.600 0.000
309.333333 310.333333   5.539   2.733 0.000
312.333333 313.333333  10.598   7.780 0.000
315.333333 316.333333   7.434   6.097 0.000
318.333333 319.333333   6.359   3.661 0.000
321.333333 322.333333  10.258   8.947 0.000
324.333333 325.333333   1.447   0.617 0.000
327.333333 328.333333   6.044   3.678 0.000
330.333333 331.333333   4.553   3.636 0.000
333.333333 334.333333   9.232   8.454 0.000
336.333333 337.333333   1.506   0.700 0.000
339.333333 340.333333   5.730   2.723 0.000
342.333333 343.333333   3.890   1.883 0.000
345.333333 346.333333   2.488   1.379 0.000
348.333333 349.333333   1.821   1.304 0.000
351.333333 352.333333   1.283   0.697 0.000
354.333333 355.333333   4.565   0.906 0.000
357.333333 358.333333   2.614   2.078 0.000
360.333333 361.333333   1.410   1.329 0.000
363.333333 364.333333   3.500   3.004 0.000
