scripts/IMPROVE-2019_partial/data/US0025R.20030103080000.20191216000000.filterpack..pm25.1y.1w.US03L_filterpack_US0025.US03L_IMPROVE_Davis.lev2.nas
66 1001
MISSING INFORMATION
US03L, IMPROVE, , , , , , , 
MISSING INFORMATION
IMPROVE sel_HTAP
1 1
2003 01 01 2019 12 16
3.000000
days from file reference point
27
1 1 1 1 1 1 1 1 1 1 1 1 1 1 1 1 1 1 1 1 1 1 1 1 1 1 1
999.999999 9999.99 9.999 99.99 9.999 9.999 9.999999 99.99 9.999 99.999 9.999 999.999 9.999 999.999 9.999 999.99 9.999999 999.999 9.999 999.999 9.999 999.999 9.999 9.999 9.999 99.999 9.999
end_time of measurement, days from the file reference point
iron, ng/m3, Revision date=20181210133000
numflag iron, no unit, Revision date=20181210133000
lead, ng/m3, Revision date=20181210133000
numflag lead, no unit, Revision date=20181210133000
magnesium, ug/m3, Revision date=20181210133000
numflag magnesium, no unit, Revision date=20181210133000
nickel, ng/m3, Revision date=20181210133000
numflag nickel, no unit, Revision date=20181210133000
nitrate, ug N/m3, Revision date=20181210133000
numflag nitrate, no unit, Revision date=20181210133000
organic_carbon, ug C/m3, Revision date=20181210133000
numflag organic_carbon, no unit, Revision date=20181210133000
organic_mass, ug/m3, Revision date=20181210133000
numflag organic_mass, no unit, Revision date=20181210133000
phosphorus, ng/m3, Revision date=20181210133000
numflag phosphorus, no unit, Revision date=20181210133000
pm10_mass, ug/m3, Version=2, Version description=Data extracted from http://views.cira.colostate.edu/fed/DataWizard 2019-12-16, Sample duration=1d, Orig. time res.=3d, Matrix=pm10, Blank correction=Blank corrected, Volume std. temperature=ambient, Volume std. pressure=ambient
numflag pm10_mass, no unit, Version=2, Version description=Data extracted from http://views.cira.colostate.edu/fed/DataWizard 2019-12-16, Sample duration=1d, Orig. time res.=3d, Matrix=pm10, Blank correction=Blank corrected, Volume std. temperature=ambient, Volume std. pressure=ambient
pm10_pm25_mass, ug/m3, Revision date=20181210133000, Matrix=pm10_pm25
numflag pm10_pm25_mass, no unit, Revision date=20181210133000, Matrix=pm10_pm25
pm25_mass, ug/m3, Version=2, Version description=Data extracted from http://views.cira.colostate.edu/fed/DataWizard 2019-12-16, Sample duration=1d, Orig. time res.=3d, Blank correction=Blank corrected, Volume std. temperature=ambient, Volume std. pressure=ambient
numflag pm25_mass, no unit, Version=2, Version description=Data extracted from http://views.cira.colostate.edu/fed/DataWizard 2019-12-16, Sample duration=1d, Orig. time res.=3d, Blank correction=Blank corrected, Volume std. temperature=ambient, Volume std. pressure=ambient
potassium, ug/m3, Revision date=20181210133000
numflag potassium, no unit, Revision date=20181210133000
sulphate_total, ug S/m3, Revision date=20181210133000
numflag sulphate_total, no unit, Revision date=20181210133000
0
25
Data definition:              EBAS_1.1
Set type code:                TU
Timezone:                     UTC
File name:                    US0025R.20030103080000.20191216000000.filterpack..pm25.1y.1w.US03L_filterpack_US0025.US03L_IMPROVE_Davis.lev2.nas
File creation:                20191218115706
Startdate:                    20030103080000
Revision date:                20191216000000
Statistics:                   arithmetic mean
Data level:                   2
Period code:                  1y
Resolution code:              1w
Station code:                 US0025R
Platform code:                US0025S
Station name:                 Agua Tibia
Station latitude:             33.4636
Station longitude:            -116.9706
Station altitude:             507.0 m
Regime:                       IMG
Component:                    
Matrix:                       pm25
Laboratory code:              US03L
Instrument type:              filterpack
Instrument name:              filterpack_US0025
Method ref:                   US03L_IMPROVE_Davis
starttime endtime Fe flag_Fe Pb flag_Pb Mg++ flag_Mg++ Ni flag_Ni NO3- flag_NO3- OC flag_OC OM flag_OM P flag_P PM10 flag_PM10 PM10-PM2.5 flag_PM10-PM2.5 PM2.5 flag_PM2.5 K+ flag_K+ SO4-- flag_SO4--
[from data line 81]
245.333333 246.333333  106.66 0.000  1.94 0.000 9.999 0.259000  1.02 0.000  0.379 0.000   4.365 0.000   6.112 0.000 999.99 0.259000  28.805 0.000  13.978 0.000  14.827 0.000 0.268 0.000  1.211 0.000
248.333333 249.333333   73.68 0.000  1.92 0.000 9.999 0.259000  0.44 0.000  0.177 0.000   2.886 0.000   4.040 0.000 999.99 0.259000  19.919 0.000  10.586 0.000   9.333 0.000 0.193 0.000  0.636 0.000
251.333333 252.333333   36.78 0.000  0.98 0.000 0.047 0.000000  0.29 0.000  0.447 0.000   1.153 0.000   1.614 0.000 999.99 0.259000  18.796 0.000  11.999 0.000   6.796 0.000 0.039 0.000  0.634 0.000
254.333333 255.333333  132.38 0.000  1.94 0.000 0.029 0.000000  0.71 0.000  0.128 0.000   2.223 0.000   3.112 0.000 999.99 0.259000  24.082 0.000  12.340 0.000  11.742 0.000 0.068 0.000  1.089 0.000
257.333333 258.333333   78.19 0.000  1.53 0.000 0.060 0.000000  1.44 0.000  0.258 0.000   2.418 0.000   3.385 0.000 999.99 0.259000  27.128 0.000  10.619 0.000  16.509 0.000 0.052 0.000  2.244 0.000
260.333333 261.333333   91.87 0.000  0.92 0.000 0.069 0.000000  0.34 0.000  0.234 0.000   1.168 0.000   1.636 0.000 999.99 0.259000  17.756 0.000  10.621 0.000   7.135 0.000 0.057 0.000  0.528 0.000
263.333333 264.333333   90.62 0.000  2.00 0.000 9.999 0.259000  0.40 0.000  0.071 0.000   2.519 0.000   3.527 0.000 999.99 0.259000  18.407 0.000   7.290 0.000  11.117 0.000 0.058 0.000  0.674 0.000
266.333333 267.333333   60.93 0.000  1.64 0.000 0.052 0.000000  1.02 0.000  0.881 0.000   2.717 0.000   3.803 0.000 999.99 0.259000  26.668 0.000  12.240 0.000  14.428 0.000 0.059 0.000  1.620 0.000
269.333333 270.333333  145.92 0.000  3.29 0.000 9.999 0.259000  0.98 0.000  0.284 0.000   4.106 0.000   5.749 0.000 999.99 0.259000  30.522 0.000  14.049 0.000  16.474 0.000 0.081 0.000  1.519 0.000
272.333333 273.333333   71.08 0.000  1.81 0.000 9.999 0.259000  0.76 0.000  0.315 0.000   2.525 0.000   3.535 0.000 999.99 0.259000  21.349 0.000  10.759 0.000  10.589 0.000 0.035 0.000  1.151 0.000
275.333333 276.333333   70.94 0.000  2.59 0.000 9.999 0.259000  0.44 0.000  0.564 0.000   1.888 0.000   2.643 0.000 999.99 0.259000  19.461 0.000  10.233 0.000   9.228 0.000 0.045 0.000  0.848 0.000
278.333333 279.333333   88.88 0.000  1.94 0.000 9.999 0.259000  1.75 0.000  1.171 0.000   3.357 0.000   4.699 0.000 999.99 0.259000  30.258 0.000   8.572 0.000  21.686 0.000 0.043 0.000  2.647 0.000
281.333333 282.333333  103.15 0.000  2.85 0.000 9.999 0.259000  1.13 0.000  1.082 0.000   3.580 0.000   5.013 0.000 999.99 0.259000  32.245 0.000  12.654 0.000  19.591 0.000 0.042 0.000  1.871 0.000
284.333333 285.333333   91.43 0.000  2.11 0.000 0.039 0.000000  0.61 0.000  0.123 0.000   1.986 0.000   2.780 0.000 999.99 0.259000  19.250 0.000   9.959 0.000   9.291 0.000 0.054 0.000  0.787 0.000
287.333333 288.333333  127.64 0.000  1.67 0.000 0.070 0.000000  0.33 0.000  0.253 0.000   1.645 0.000   2.302 0.000 999.99 0.259000  18.890 0.000  10.242 0.000   8.649 0.000 0.072 0.000  0.528 0.000
290.333333 291.333333   67.12 0.000  1.58 0.000 0.026 0.000000  0.39 0.000  0.035 0.000   1.043 0.000   1.460 0.000 999.99 0.259000  12.849 0.000   7.041 0.000   5.808 0.000 0.052 0.000  0.500 0.000
293.333333 294.333333  105.72 0.000  1.07 0.000 9.999 0.259000  0.16 0.000  0.046 0.000   1.053 0.000   1.474 0.000 999.99 0.259000  12.188 0.000   6.773 0.000   5.415 0.000 0.054 0.000  0.252 0.000
296.333333 297.333333  163.78 0.000  1.83 0.000 9.999 0.259000  0.18 0.000  0.096 0.000   2.749 0.000   3.849 0.000  35.69 0.000000  18.628 0.000   8.734 0.000   9.893 0.000 0.128 0.000  0.334 0.000
299.333333 300.333333  123.43 0.559  4.82 0.559 9.999 0.559259  0.08 0.559  0.416 0.000  15.975 0.000  22.366 0.000  27.15 0.559000  46.980 0.000  14.681 0.000  32.298 0.559 0.606 0.559  0.186 0.000
302.333333 303.333333   39.37 0.000  0.77 0.000 0.048 0.000000  0.37 0.000  0.319 0.000   1.550 0.000   2.170 0.000 999.99 0.259000  18.270 0.000  10.785 0.000   7.486 0.000 0.066 0.000  0.490 0.000
305.333333 306.333333   10.77 0.000  0.92 0.000 0.049 0.000000  0.30 0.000  0.199 0.000   0.918 0.000   1.286 0.000 999.99 0.259000   5.704 0.000   2.200 0.000   3.504 0.000 0.017 0.000  0.231 0.000
308.333333 309.333333   40.20 0.000  1.20 0.000 9.999 0.259000  0.33 0.000  1.452 0.000   1.550 0.000   2.170 0.000 999.99 0.259000  19.097 0.000   8.463 0.000  10.634 0.000 0.023 0.000  0.423 0.000
311.333333 312.333333   26.94 0.000  1.15 0.000 0.026 0.000000  0.17 0.000  0.030 0.000   0.789 0.000   1.104 0.000 999.99 0.259000   6.283 0.000   4.175 0.000   2.108 0.000 0.031 0.000  0.121 0.000
314.333333 315.333333   47.34 0.000  1.80 0.000 9.999 0.259000  0.22 0.000  0.078 0.000   1.197 0.000   1.676 0.000 999.99 0.259000   8.923 0.000   5.310 0.000   3.612 0.000 0.054 0.000  0.212 0.000
317.333333 318.333333   33.45 0.000  1.75 0.000 9.999 0.259000  0.51 0.000  0.945 0.000   1.713 0.000   2.398 0.000 999.99 0.259000 999.999 0.456 999.999 0.999   8.457 0.000 0.025 0.000  0.418 0.000
320.333333 321.333333   16.69 0.000  1.01 0.000 0.032 0.000000  0.27 0.000  0.421 0.000   1.401 0.000   1.962 0.000 999.99 0.259000 999.999 0.456 999.999 0.999   5.146 0.000 0.015 0.000  0.265 0.000
323.333333 324.333333   40.50 0.000  1.24 0.000 9.999 0.259000  0.34 0.000  0.257 0.000   0.886 0.000   1.241 0.000 999.99 0.259000 999.999 0.456 999.999 0.999   3.565 0.000 0.014 0.000  0.167 0.000
326.333333 327.333333   10.69 0.000  0.40 0.000 9.999 0.259000 99.99 0.259  0.009 0.000   0.181 0.000   0.254 0.000 999.99 0.259000 999.999 0.456 999.999 0.999   0.979 0.000 0.012 0.000  0.053 0.000
329.333333 330.333333   39.14 0.000  1.66 0.000 0.059 0.000000  0.44 0.000  0.953 0.000   1.555 0.000   2.177 0.000 999.99 0.259000  20.126 0.000  10.126 0.000  10.000 0.000 0.041 0.000  0.458 0.000
332.333333 333.333333   35.67 0.000  1.08 0.000 0.057 0.000000  0.06 0.000  0.030 0.000   0.447 0.000   0.626 0.000 999.99 0.259000   5.291 0.000   3.609 0.000   1.682 0.000 0.017 0.000  0.075 0.000
335.333333 336.333333   71.41 0.000  2.29 0.000 9.999 0.259000  0.42 0.000  0.725 0.000   1.409 0.000   1.973 0.000 999.99 0.259000 999.999 0.456 999.999 0.999   5.946 0.000 0.041 0.000  0.180 0.000
338.333333 339.333333   64.65 0.000  1.55 0.000 9.999 0.259000  0.12 0.000  0.192 0.000   1.164 0.000   1.630 0.000 999.99 0.259000 999.999 0.456 999.999 0.999   4.142 0.000 0.036 0.000  0.130 0.000
341.333333 342.333333   14.74 0.000  0.36 0.000 9.999 0.259000 99.99 0.259  0.144 0.000   0.515 0.000   0.722 0.000 999.99 0.259000 999.999 0.456 999.999 0.999   1.550 0.000 0.012 0.000  0.115 0.000
344.333333 345.333333   17.48 0.000  0.53 0.000 0.034 0.000000  0.40 0.000  0.150 0.000   0.943 0.000   1.320 0.000 999.99 0.259000   9.356 0.000   5.401 0.000   3.955 0.000 0.030 0.000  0.222 0.000
347.333333 348.333333   18.92 0.000  1.04 0.000 9.999 0.259000  0.34 0.000  0.224 0.000   1.101 0.000   1.541 0.000 999.99 0.259000   4.895 0.000   1.236 0.000   3.658 0.000 0.022 0.000  0.182 0.000
350.333333 351.333333   13.06 0.000  0.35 0.000 9.999 0.259000  0.09 0.000  0.009 0.000   0.175 0.000   0.245 0.000 999.99 0.259000   3.205 0.000   2.430 0.000   0.775 0.000 0.008 0.000  0.027 0.000
353.333333 354.333333   90.13 0.000  4.04 0.000 9.999 0.259000  0.14 0.000  0.297 0.000   1.387 0.000   1.942 0.000 999.99 0.259000  13.136 0.000   8.631 0.000   4.505 0.000 0.076 0.000  0.107 0.000
356.333333 357.333333   32.82 0.000  1.21 0.000 9.999 0.259000  0.11 0.000  0.036 0.000   0.663 0.000   0.929 0.000   4.21 0.000000   4.910 0.000   2.936 0.000   1.974 0.000 0.020 0.000  0.062 0.000
359.333333 360.333333    7.01 0.000  0.43 0.000 9.999 0.259000  0.31 0.000  0.076 0.000   0.440 0.000   0.615 0.000 999.99 0.259000   8.013 0.000   5.117 0.000   2.896 0.000 0.022 0.000  0.111 0.000
362.333333 363.333333   54.44 0.000  1.96 0.000 9.999 0.259000  0.13 0.000  0.198 0.000   1.015 0.000   1.421 0.000 999.99 0.259000   5.787 0.000   3.794 0.000   1.993 0.000 0.032 0.000  0.086 0.000
