scripts/IMPROVE-2019_partial/data/US0056R.20080101070000.20191216000000.filterpack...52w.3d.US03L_filterpack_US0056.US03L_IMPROVE_Davis.lev2.nas
52 1001
MISSING INFORMATION
US03L, IMPROVE, , , , , , , 
MISSING INFORMATION
IMPROVE sel_HTAP
1 1
2008 01 01 2019 12 16
3.000000
days from file reference point
5
1 1 1 1 1
999.999999 999.999 9.999 999.999 9.999
end_time of measurement, days from the file reference point
pm10_mass, ug/m3, Matrix=pm10
numflag pm10_mass, no unit, Matrix=pm10
pm25_mass, ug/m3, Matrix=pm25
numflag pm25_mass, no unit, Matrix=pm25
0
33
Data definition:              EBAS_1.1
Set type code:                TU
Timezone:                     UTC
File name:                    US0056R.20080101070000.20191216000000.filterpack...52w.3d.US03L_filterpack_US0056.US03L_IMPROVE_Davis.lev2.nas
File creation:                20191218115854
Startdate:                    20080101070000
Revision date:                20191216000000
Version:                      2
Version description:          "Data extracted from http://views.cira.colostate.edu/fed/DataWizard 2019-12-16"
Statistics:                   arithmetic mean
Data level:                   2
Period code:                  52w
Resolution code:              3d
Sample duration:              1d
Orig. time res.:              3d
Station code:                 US0056R
Platform code:                US0056S
Station name:                 Fort Peck (IMPROVE)
Station latitude:             48.308
Station longitude:            -105.1022
Station altitude:             638.0 m
Regime:                       IMG
Component:                    
Unit:                         ug/m3
Matrix:                       
Laboratory code:              US03L
Instrument type:              filterpack
Instrument name:              filterpack_US0056
Method ref:                   US03L_IMPROVE_Davis
Blank correction:             Blank corrected
Volume std. temperature:      ambient
Volume std. pressure:         ambient
starttime endtime PM10 flag_PM10 PM2.5 flag_PM2.5
  0.291667   1.291667  10.377 0.000   8.221 0.000
  3.291667   4.291667  12.988 0.000   2.995 0.000
  6.291667   7.291667   6.441 0.000   1.731 0.000
  9.291667  10.291667  11.158 0.000   3.925 0.000
 12.291667  13.291667   8.514 0.000   6.869 0.000
 15.291667  16.291667   3.620 0.000   1.611 0.000
 18.291667  19.291667   4.057 0.000   1.299 0.000
 21.291667  22.291667   6.653 0.000   3.655 0.000
 24.291667  25.291667   9.498 0.000   6.789 0.000
 27.291667  28.291667  23.656 0.000   5.173 0.000
 30.291667  31.291667  12.654 0.000   4.146 0.000
 33.291667  34.291667   7.418 0.000   6.898 0.000
 36.291667  37.291667   5.098 0.000   2.014 0.000
 39.291667  40.291667   7.872 0.000   3.368 0.000
 42.291667  43.291667   6.109 0.000   5.634 0.000
 45.291667  46.291667   3.721 0.000   3.109 0.000
 48.291667  49.291667   4.717 0.000   4.042 0.000
 51.291667  52.291667   6.829 0.000   5.274 0.000
 54.291667  55.291667  17.005 0.000  13.755 0.000
 57.291667  58.291667  11.886 0.000   5.653 0.000
 60.291667  61.291667   3.215 0.000   2.180 0.000
 63.291667  64.291667   8.889 0.000   6.045 0.000
 66.291667  67.291667   4.953 0.000   2.648 0.000
 69.291667  70.291667   5.439 0.000   1.838 0.000
 72.291667  73.291667   3.196 0.000   1.364 0.000
 75.291667  76.291667   5.803 0.000   2.710 0.000
 78.291667  79.291667   7.097 0.000   4.898 0.000
 81.291667  82.291667   4.362 0.000   3.764 0.000
 84.291667  85.291667   3.824 0.000   1.457 0.000
 87.291667  88.291667   3.265 0.000   2.131 0.000
 90.291667  91.291667   6.659 0.000   7.767 0.000
 93.291667  94.291667   5.469 0.000   3.050 0.000
 96.291667  97.291667   5.267 0.000   2.847 0.000
 99.291667 100.291667   7.160 0.000   5.084 0.000
102.291667 103.291667   5.184 0.000   4.693 0.000
105.291667 106.291667   8.299 0.000   4.897 0.000
108.291667 109.291667  15.576 0.000   7.356 0.000
111.291667 112.291667   6.358 0.000   3.885 0.000
114.291667 115.291667   9.979 0.000   6.492 0.000
117.291667 118.291667   9.935 0.000   6.721 0.000
120.291667 121.291667  14.741 0.000   7.539 0.000
123.291667 124.291667   7.856 0.000   5.051 0.000
126.291667 127.291667  16.826 0.000   8.348 0.000
129.291667 130.291667  15.156 0.000   6.031 0.000
132.291667 133.291667   6.593 0.000   4.569 0.000
135.291667 136.291667  11.365 0.000   4.538 0.000
138.291667 139.291667  23.354 0.000   7.950 0.000
141.291667 142.291667  18.114 0.000   5.091 0.000
144.291667 145.291667  13.633 0.000   4.978 0.000
147.291667 148.291667   6.406 0.000   2.686 0.000
150.291667 151.291667   9.686 0.000   3.796 0.000
153.291667 154.291667   8.630 0.000   4.816 0.000
156.291667 157.291667   7.587 0.000   4.582 0.000
159.291667 160.291667   2.421 0.000   1.003 0.000
162.291667 163.291667   2.964 0.000   1.260 0.000
165.291667 166.291667   6.716 0.000   3.174 0.000
168.291667 169.291667   8.125 0.000   3.567 0.000
171.291667 172.291667   8.913 0.000   2.965 0.000
174.291667 175.291667   6.977 0.000   2.769 0.000
177.291667 178.291667   9.062 0.000   3.106 0.000
180.291667 181.291667  15.979 0.000  12.223 0.000
183.291667 184.291667  23.970 0.000  18.846 0.000
186.291667 187.291667  10.595 0.000   4.305 0.000
189.291667 190.291667   8.549 0.000   3.543 0.000
192.291667 193.291667   8.704 0.000   2.652 0.000
195.291667 196.291667   8.776 0.000   3.508 0.000
198.291667 199.291667   7.655 0.000   2.437 0.000
201.291667 202.291667 999.999 0.999 999.999 0.999
204.291667 205.291667 999.999 0.999 999.999 0.999
207.291667 208.291667  17.947 0.000  10.234 0.000
210.291667 211.291667   9.177 0.000   2.927 0.000
213.291667 214.291667  14.105 0.000   6.058 0.000
216.291667 217.291667   7.105 0.000   2.183 0.000
219.291667 220.291667  17.098 0.000   5.274 0.000
222.291667 223.291667  12.523 0.000   5.426 0.000
225.291667 226.291667  12.196 0.000   3.438 0.000
228.291667 229.291667   9.278 0.000   2.520 0.000
231.291667 232.291667  15.445 0.000   5.365 0.000
234.291667 235.291667   4.426 0.000   1.187 0.000
237.291667 238.291667  15.084 0.000   6.128 0.000
240.291667 241.291667   6.541 0.000   1.748 0.000
243.291667 244.291667  16.096 0.000   3.328 0.000
246.291667 247.291667   3.622 0.000 999.999 0.456
249.291667 250.291667   4.341 0.000   2.416 0.000
252.291667 253.291667   6.183 0.000   2.615 0.000
255.291667 256.291667   8.785 0.000   3.128 0.000
258.291667 259.291667   3.788 0.000   2.081 0.000
261.291667 262.291667  13.374 0.000   4.742 0.000
264.291667 265.291667  11.200 0.000   5.350 0.000
267.291667 268.291667   4.969 0.000   2.331 0.000
270.291667 271.291667  12.465 0.000   4.973 0.000
273.291667 274.291667   9.498 0.000   2.467 0.000
276.291667 277.291667  19.005 0.000   4.029 0.000
279.291667 280.291667   3.727 0.000   1.284 0.000
282.291667 283.291667   4.075 0.000   1.343 0.000
285.291667 286.291667   1.947 0.000   1.314 0.000
288.291667 289.291667   2.526 0.000   1.503 0.000
291.291667 292.291667   4.230 0.000   2.384 0.000
294.291667 295.291667   4.591 0.000   2.216 0.000
297.291667 298.291667   7.228 0.000   2.099 0.000
300.291667 301.291667   5.696 0.000   1.551 0.000
303.291667 304.291667  14.896 0.000   5.822 0.000
306.291667 307.291667  11.122 0.000   3.794 0.000
309.291667 310.291667   2.113 0.000   1.768 0.000
312.291667 313.291667   5.269 0.000   3.519 0.000
315.291667 316.291667   4.263 0.000   3.041 0.000
318.291667 319.291667   2.879 0.000   1.749 0.000
321.291667 322.291667   4.429 0.000 999.999 0.999
324.291667 325.291667   5.272 0.000   3.083 0.000
327.291667 328.291667   2.583 0.000   1.190 0.000
330.291667 331.291667   8.305 0.000   2.923 0.000
333.291667 334.291667   5.015 0.000   2.777 0.000
336.291667 337.291667   9.593 0.000   2.095 0.000
339.291667 340.291667   5.867 0.000   2.871 0.000
342.291667 343.291667   6.323 0.000   4.352 0.000
345.291667 346.291667   2.553 0.000   1.287 0.000
348.291667 349.291667   7.819 0.000  10.987 0.000
351.291667 352.291667   7.162 0.000   5.784 0.000
354.291667 355.291667  15.792 0.000   8.239 0.000
357.291667 358.291667   7.507 0.000   5.933 0.000
360.291667 361.291667  15.332 0.000   7.133 0.000
363.291667 364.291667   5.585 0.000   3.834 0.000
