scripts/IMPROVE-2019_partial/data/US0013R.20030103070000.20191216000000.filterpack..pm25.1y.1w.US03L_filterpack_US0013.US03L_IMPROVE_Davis.lev2.nas
66 1001
MISSING INFORMATION
US03L, IMPROVE, , , , , , , 
MISSING INFORMATION
IMPROVE sel_HTAP
1 1
2003 01 01 2019 12 16
3.000000
days from file reference point
27
1 1 1 1 1 1 1 1 1 1 1 1 1 1 1 1 1 1 1 1 1 1 1 1 1 1 1
999.999999 9999.99 9.999 99.99 9.999 9.999 9.999999 9.99 9.999999 9.999 9.999 999.999 9.999 999.999 9.999 999.99 9.999999 999.999 9.999 999.999 9.999 999.999 9.999 9.999 9.999 9.999 9.999
end_time of measurement, days from the file reference point
iron, ng/m3, Revision date=20181210133000
numflag iron, no unit, Revision date=20181210133000
lead, ng/m3, Revision date=20181210133000
numflag lead, no unit, Revision date=20181210133000
magnesium, ug/m3, Revision date=20181210133000
numflag magnesium, no unit, Revision date=20181210133000
nickel, ng/m3, Revision date=20181210133000
numflag nickel, no unit, Revision date=20181210133000
nitrate, ug N/m3, Revision date=20181210133000
numflag nitrate, no unit, Revision date=20181210133000
organic_carbon, ug C/m3, Revision date=20181210133000
numflag organic_carbon, no unit, Revision date=20181210133000
organic_mass, ug/m3, Revision date=20181210133000
numflag organic_mass, no unit, Revision date=20181210133000
phosphorus, ng/m3, Revision date=20181210133000
numflag phosphorus, no unit, Revision date=20181210133000
pm10_mass, ug/m3, Version=2, Version description=Data extracted from http://views.cira.colostate.edu/fed/DataWizard 2019-12-16, Sample duration=1d, Orig. time res.=3d, Matrix=pm10, Blank correction=Blank corrected, Volume std. temperature=ambient, Volume std. pressure=ambient
numflag pm10_mass, no unit, Version=2, Version description=Data extracted from http://views.cira.colostate.edu/fed/DataWizard 2019-12-16, Sample duration=1d, Orig. time res.=3d, Matrix=pm10, Blank correction=Blank corrected, Volume std. temperature=ambient, Volume std. pressure=ambient
pm10_pm25_mass, ug/m3, Revision date=20181210133000, Matrix=pm10_pm25
numflag pm10_pm25_mass, no unit, Revision date=20181210133000, Matrix=pm10_pm25
pm25_mass, ug/m3, Version=2, Version description=Data extracted from http://views.cira.colostate.edu/fed/DataWizard 2019-12-16, Sample duration=1d, Orig. time res.=3d, Blank correction=Blank corrected, Volume std. temperature=ambient, Volume std. pressure=ambient
numflag pm25_mass, no unit, Version=2, Version description=Data extracted from http://views.cira.colostate.edu/fed/DataWizard 2019-12-16, Sample duration=1d, Orig. time res.=3d, Blank correction=Blank corrected, Volume std. temperature=ambient, Volume std. pressure=ambient
potassium, ug/m3, Revision date=20181210133000
numflag potassium, no unit, Revision date=20181210133000
sulphate_total, ug S/m3, Revision date=20181210133000
numflag sulphate_total, no unit, Revision date=20181210133000
0
25
Data definition:              EBAS_1.1
Set type code:                TU
Timezone:                     UTC
File name:                    US0013R.20030103070000.20191216000000.filterpack..pm25.1y.1w.US03L_filterpack_US0013.US03L_IMPROVE_Davis.lev2.nas
File creation:                20191218115613
Startdate:                    20030103070000
Revision date:                20191216000000
Statistics:                   arithmetic mean
Data level:                   2
Period code:                  1y
Resolution code:              1w
Station code:                 US0013R
Platform code:                US0013S
Station name:                 Hance Camp at Grand Canyon NP
Station latitude:             35.9731
Station longitude:            -111.9841
Station altitude:             2267.0 m
Regime:                       IMG
Component:                    
Matrix:                       pm25
Laboratory code:              US03L
Instrument type:              filterpack
Instrument name:              filterpack_US0013
Method ref:                   US03L_IMPROVE_Davis
starttime endtime Fe flag_Fe Pb flag_Pb Mg++ flag_Mg++ Ni flag_Ni NO3- flag_NO3- OC flag_OC OM flag_OM P flag_P PM10 flag_PM10 PM10-PM2.5 flag_PM10-PM2.5 PM2.5 flag_PM2.5 K+ flag_K+ SO4-- flag_SO4--
  2.291667   3.291667    4.58 0.000  0.13 0.000 9.999 0.259000 9.99 0.259000 0.001 0.000 999.999 0.259 999.999 0.259 999.99 0.259000   0.740 0.000   0.412 0.000   0.328 0.000 0.002 0.000 0.031 0.000
  5.291667   6.291667    3.86 0.000  0.07 0.000 9.999 0.259000 9.99 0.259000 0.041 0.000   0.080 0.000   0.112 0.000 999.99 0.259000   1.644 0.000   0.673 0.000   0.971 0.000 0.002 0.000 0.113 0.000
  8.291667   9.291667    4.64 0.000  0.21 0.000 9.999 0.259000 9.99 0.259000 0.027 0.000   0.242 0.000   0.338 0.000 999.99 0.259000   1.240 0.000   0.124 0.000   1.116 0.000 0.006 0.000 0.140 0.000
 11.291667  12.291667    4.36 0.000  0.11 0.000 9.999 0.259000 9.99 0.259000 0.018 0.000   0.248 0.000   0.348 0.000 999.99 0.259000   1.199 0.000   0.233 0.000   0.966 0.000 0.003 0.000 0.093 0.000
 14.291667  15.291667    8.93 0.000  0.23 0.000 9.999 0.259000 9.99 0.259000 0.007 0.000   0.168 0.000   0.234 0.000 999.99 0.259000   1.653 0.000   0.813 0.000   0.841 0.000 0.003 0.000 0.067 0.000
 17.291667  18.291667    4.33 0.000  0.22 0.000 0.010 0.000000 9.99 0.259000 0.008 0.000   0.052 0.000   0.073 0.000 999.99 0.259000   0.909 0.000   0.401 0.000   0.509 0.000 0.002 0.000 0.039 0.000
 20.291667  21.291667    9.29 0.000  0.58 0.000 9.999 0.259000 0.11 0.000000 0.031 0.000   0.191 0.000   0.267 0.000 999.99 0.259000   1.885 0.000   0.802 0.000   1.083 0.000 0.008 0.000 0.085 0.000
 23.291667  24.291667    7.95 0.000  0.14 0.000 9.999 0.259000 9.99 0.259000 0.005 0.000   0.095 0.000   0.132 0.000 999.99 0.259000   1.405 0.000   0.809 0.000   0.596 0.000 0.004 0.000 0.037 0.000
 26.291667  27.291667   18.60 0.000  0.56 0.000 0.021 0.000000 0.16 0.000000 0.004 0.000   0.185 0.000   0.259 0.000 999.99 0.259000   1.240 0.000   0.418 0.000   0.822 0.000 0.008 0.000 0.068 0.000
 29.291667  30.291667    4.71 0.000  0.07 0.000 9.999 0.259000 9.99 0.259000 0.002 0.000   0.027 0.000   0.038 0.000 999.99 0.259000   0.868 0.000   0.573 0.000   0.295 0.000 0.006 0.000 0.028 0.000
 32.291667  33.291667   40.97 0.000  0.34 0.000 0.015 0.000000 9.99 0.259000 0.051 0.000   0.210 0.000   0.294 0.000 999.99 0.259000   7.027 0.000   5.487 0.000   1.540 0.000 0.031 0.000 0.052 0.000
 35.291667  36.291667    7.66 0.000  0.29 0.000 9.999 0.259000 9.99 0.259000 0.010 0.000   0.083 0.000   0.116 0.000 999.99 0.259000   1.788 0.000   1.228 0.000   0.560 0.000 0.005 0.000 0.053 0.000
 38.291667  39.291667   13.31 0.000  0.08 0.000 9.999 0.259000 9.99 0.259000 0.017 0.000   0.077 0.000   0.108 0.000 999.99 0.259000   2.315 0.000   1.242 0.000   1.073 0.000 0.010 0.000 0.121 0.000
 41.291667  42.291667    7.84 0.000  0.14 0.000 9.999 0.259000 9.99 0.259000 0.006 0.000   0.037 0.000   0.052 0.000 999.99 0.259000   1.298 0.000   0.907 0.000   0.391 0.000 0.005 0.000 0.044 0.000
 44.291667  45.291667    1.09 0.000  0.07 0.000 0.015 0.000000 9.99 0.259000 0.005 0.000   0.111 0.000   0.155 0.000 999.99 0.259000   0.370 0.000   0.310 0.000   0.060 0.000 9.999 0.259 0.011 0.000
 47.291667  48.291667    4.56 0.000  0.43 0.000 0.018 0.000000 9.99 0.259000 0.403 0.000   0.425 0.000   0.595 0.000 999.99 0.259000   2.852 0.000   0.387 0.000   2.465 0.000 0.004 0.000 0.178 0.000
 50.291667  51.291667   26.16 0.000  0.24 0.000 0.020 0.000000 9.99 0.259000 0.023 0.000   0.140 0.000   0.195 0.000 999.99 0.259000   1.984 0.000   0.795 0.000   1.189 0.000 0.006 0.000 0.125 0.000
 53.291667  54.291667   38.76 0.000  0.37 0.000 0.019 0.000000 9.99 0.259000 0.022 0.000   0.151 0.000   0.212 0.000 999.99 0.259000   5.794 0.000   4.173 0.000   1.621 0.000 0.028 0.000 0.080 0.000
 56.291667  57.291667    2.33 0.000 99.99 0.259 9.999 0.259000 9.99 0.259000 0.015 0.000   0.012 0.000   0.017 0.000 999.99 0.259000   0.370 0.000   0.065 0.000   0.305 0.000 0.002 0.000 0.031 0.000
 59.291667  60.291667    6.11 0.000  0.27 0.000 9.999 0.259000 9.99 0.259000 0.098 0.000   0.150 0.000   0.209 0.000 999.99 0.259000   1.860 0.000   0.902 0.000   0.958 0.000 0.006 0.000 0.150 0.000
 62.291667  63.291667   14.42 0.000  0.45 0.000 0.011 0.000000 0.08 0.000000 0.242 0.000   0.363 0.000   0.508 0.000 999.99 0.259000   3.390 0.000   1.105 0.000   2.285 0.000 0.010 0.000 0.180 0.000
 65.291667  66.291667   16.01 0.000  0.58 0.000 9.999 0.259000 9.99 0.259000 0.025 0.000   0.214 0.000   0.300 0.000 999.99 0.259000   2.315 0.000   1.117 0.000   1.197 0.000 0.013 0.000 0.101 0.000
 68.291667  69.291667   17.12 0.000  0.38 0.000 9.999 0.259000 9.99 0.259000 0.008 0.000   0.250 0.000   0.350 0.000 999.99 0.259000   1.726 0.000   0.579 0.000   1.147 0.000 0.014 0.000 0.081 0.000
 71.291667  72.291667   39.86 0.000  0.55 0.000 9.999 0.259000 9.99 0.259000 0.034 0.000   0.390 0.000   0.546 0.000 999.99 0.259000   5.383 0.000   2.939 0.000   2.444 0.000 0.030 0.000 0.144 0.000
 74.291667  75.291667    5.33 0.000  0.32 0.000 0.021 0.000000 9.99 0.259000 0.016 0.000   0.219 0.000   0.307 0.000 999.99 0.259000   0.699 0.000   0.067 0.000   0.631 0.000 0.007 0.000 0.038 0.000
 77.291667  78.291667   11.16 0.000  0.10 0.000 9.999 0.259000 9.99 0.259000 0.027 0.000   0.122 0.000   0.171 0.000 999.99 0.259000   1.943 0.000   0.867 0.000   1.075 0.000 0.009 0.000 0.106 0.000
 80.291667  81.291667   20.25 0.000  0.39 0.000 9.999 0.259000 9.99 0.259000 0.018 0.000   0.140 0.000   0.196 0.000 999.99 0.259000   1.943 0.000   0.942 0.000   1.000 0.000 0.016 0.000 0.073 0.000
 83.291667  84.291667   34.15 0.000  0.43 0.000 0.012 0.000000 9.99 0.259000 0.027 0.000   0.220 0.000   0.308 0.000 999.99 0.259000   2.604 0.000   0.986 0.000   1.618 0.000 0.022 0.000 0.109 0.000
 86.291667  87.291667    8.45 0.000  0.17 0.000 9.999 0.259000 9.99 0.259000 0.039 0.000   0.087 0.000   0.122 0.000 999.99 0.259000   2.439 0.000   1.464 0.000   0.975 0.000 0.007 0.000 0.106 0.000
 89.291667  90.291667   20.09 0.000  0.36 0.000 0.013 0.000000 9.99 0.259000 0.018 0.000   0.183 0.000   0.256 0.000 999.99 0.259000   2.328 0.000   1.106 0.000   1.222 0.000 0.014 0.000 0.108 0.000
 92.291667  93.291667   67.53 0.559  1.30 0.559 9.999 0.559259 9.99 0.559259 0.090 0.000   0.285 0.000   0.400 0.000 999.99 0.559259   8.929 0.000   5.031 0.000   3.898 0.559 0.053 0.559 0.346 0.000
 95.291667  96.291667   17.45 0.000  0.46 0.000 9.999 0.259000 9.99 0.259000 0.022 0.000 999.999 0.259 999.999 0.259 999.99 0.259000   1.943 0.000   0.893 0.000   1.049 0.000 0.017 0.000 0.096 0.000
 98.291667  99.291667   39.25 0.000  0.49 0.000 0.028 0.000000 9.99 0.259000 0.030 0.000   0.272 0.000   0.381 0.000 999.99 0.259000   4.602 0.000   2.382 0.000   2.220 0.000 0.028 0.000 0.198 0.000
101.291667 102.291667  102.64 0.000  1.29 0.000 9.999 0.259000 0.12 0.000000 0.077 0.000   0.444 0.000   0.622 0.000 999.99 0.259000   8.095 0.000   3.947 0.000   4.148 0.000 0.060 0.000 0.282 0.000
104.291667 105.291667   11.48 0.000 99.99 0.259 0.021 0.000000 9.99 0.259000 0.031 0.000   0.170 0.000   0.238 0.000 999.99 0.259000   1.860 0.000   1.136 0.000   0.725 0.000 0.010 0.000 0.059 0.000
107.291667 108.291667   39.69 0.000  0.37 0.000 9.999 0.259000 0.07 0.000000 0.144 0.000   0.318 0.000   0.446 0.000 999.99 0.259000   5.219 0.000   3.151 0.000   2.068 0.000 0.028 0.000 0.129 0.000
110.291667 111.291667   48.54 0.000  0.86 0.000 9.999 0.259000 9.99 0.259000 0.084 0.000   0.374 0.000   0.524 0.000 999.99 0.259000   6.164 0.000   3.007 0.000   3.157 0.000 0.035 0.000 0.248 0.000
113.291667 114.291667   48.17 0.000  1.06 0.000 9.999 0.259000 9.99 0.259000 0.071 0.000   0.394 0.000   0.552 0.000 999.99 0.259000   5.002 0.000   2.113 0.000   2.888 0.000 0.046 0.000 0.210 0.000
116.291667 117.291667   83.37 0.000  0.95 0.000 9.999 0.259000 0.07 0.000000 0.047 0.000   0.365 0.000   0.511 0.000 999.99 0.259000   5.835 0.000   2.253 0.000   3.582 0.000 0.063 0.000 0.224 0.000
119.291667 120.291667   51.59 0.000  0.40 0.000 9.999 0.259000 9.99 0.259000 0.096 0.000   0.281 0.000   0.394 0.000 999.99 0.259000   5.999 0.000   3.631 0.000   2.368 0.000 0.033 0.000 0.127 0.000
122.291667 123.291667   58.21 0.000  0.43 0.000 9.999 0.259000 9.99 0.259000 0.031 0.000   0.149 0.000   0.209 0.000 999.99 0.259000   5.999 0.000   3.614 0.000   2.385 0.000 0.037 0.000 0.111 0.000
125.291667 126.291667   45.58 0.000  1.00 0.000 9.999 0.259000 9.99 0.259000 0.047 0.000   0.653 0.000   0.914 0.000 999.99 0.259000   6.200 0.000   2.328 0.000   3.872 0.000 0.039 0.000 0.309 0.000
128.291667 129.291667   75.54 0.000  0.81 0.000 9.999 0.259000 0.06 0.000000 0.114 0.000   1.489 0.000   2.084 0.000 999.99 0.259000  12.442 0.000   5.783 0.000   6.659 0.000 0.063 0.000 0.290 0.000
131.291667 132.291667   71.93 0.000  0.74 0.000 9.999 0.259000 0.03 0.000000 0.040 0.000   0.540 0.000   0.756 0.000 999.99 0.259000   6.250 0.000   2.443 0.000   3.807 0.000 0.052 0.000 0.192 0.000
134.291667 135.291667  157.06 0.559  1.14 0.559 9.999 0.559259 0.06 0.559000 0.066 0.000   0.677 0.000   0.948 0.000 999.99 0.559259  15.564 0.000   7.950 0.000   7.614 0.559 0.117 0.559 0.321 0.000
137.291667 138.291667   97.12 0.559  1.28 0.559 9.999 0.559259 9.99 0.559259 0.091 0.000   2.441 0.000   3.418 0.000 999.99 0.559259  12.663 0.000   3.428 0.000   9.235 0.559 0.095 0.559 0.411 0.000
140.291667 141.291667   71.04 0.559  0.63 0.559 9.999 0.559259 9.99 0.559259 0.037 0.000   0.649 0.000   0.908 0.000 999.99 0.559259   7.149 0.000   3.180 0.000   3.968 0.559 0.060 0.559 0.193 0.000
143.291667 144.291667   74.87 0.559  0.64 0.559 9.999 0.559259 0.19 0.559000 0.095 0.000   1.495 0.000   2.094 0.000 999.99 0.559259 999.999 0.999 999.999 0.999   6.978 0.559 0.152 0.559 0.534 0.000
146.291667 147.291667   68.09 0.000  1.09 0.000 9.999 0.259000 9.99 0.259000 0.060 0.000   0.770 0.000   1.078 0.000 999.99 0.259000 999.999 0.999 999.999 0.999   5.930 0.000 0.064 0.000 0.507 0.000
149.291667 150.291667   90.23 0.559  0.69 0.559 9.999 0.559259 0.14 0.559000 0.056 0.000   0.994 0.000   1.391 0.000 999.99 0.559259  14.173 0.000   8.207 0.000   5.966 0.559 0.080 0.559 0.421 0.000
152.291667 153.291667   54.53 0.559  0.58 0.559 9.999 0.559259 0.14 0.559000 0.034 0.000   0.811 0.000   1.136 0.000 999.99 0.559259  10.559 0.000   4.583 0.000   5.976 0.559 0.065 0.559 0.578 0.000
155.291667 156.291667   67.20 0.559  0.88 0.559 9.999 0.559259 0.17 0.559000 0.053 0.000   1.244 0.000   1.741 0.000 999.99 0.559259  11.148 0.000   4.548 0.000   6.600 0.559 0.073 0.559 0.602 0.000
158.291667 159.291667   55.30 0.559  0.78 0.559 9.999 0.559259 0.25 0.559000 0.047 0.000   1.226 0.000   1.716 0.000 999.99 0.559259  11.300 0.000   4.421 0.000   6.879 0.559 0.087 0.559 0.707 0.000
161.291667 162.291667   37.54 0.000  0.33 0.000 9.999 0.259000 0.21 0.000000 0.052 0.000   0.595 0.000   0.833 0.000 999.99 0.259000   8.629 0.000   4.868 0.000   3.762 0.000 0.066 0.000 0.331 0.000
164.291667 165.291667   45.67 0.000  0.62 0.000 9.999 0.259000 0.11 0.000000 0.038 0.000   1.052 0.000   1.473 0.000 999.99 0.259000   7.647 0.000   3.499 0.000   4.148 0.000 0.104 0.000 0.278 0.000
167.291667 168.291667   89.87 0.000  0.34 0.000 9.999 0.259000 0.10 0.000000 0.052 0.000   1.851 0.000   2.592 0.000 999.99 0.259000  14.506 0.000   7.547 0.000   6.959 0.000 0.113 0.000 0.336 0.000
170.291667 171.291667   73.85 0.000  0.44 0.000 9.999 0.259000 0.16 0.000000 0.059 0.000   0.700 0.000   0.980 0.000 999.99 0.259000  11.588 0.000   6.755 0.000   4.832 0.000 0.067 0.000 0.319 0.000
173.291667 174.291667   44.65 0.000  0.32 0.000 9.999 0.259000 0.15 0.000000 0.046 0.000   0.772 0.000   1.081 0.000 999.99 0.259000   9.011 0.000   5.431 0.000   3.580 0.000 0.044 0.000 0.188 0.000
176.291667 177.291667   20.02 0.000  0.29 0.000 9.999 0.259000 9.99 0.259000 0.013 0.000   0.646 0.000   0.904 0.000 999.99 0.259000   8.465 0.000   6.076 0.000   2.389 0.000 0.014 0.000 0.145 0.000
179.291667 180.291667   37.85 0.559  0.36 0.559 9.999 0.559259 9.99 0.559259 0.060 0.000   2.141 0.000   2.997 0.000 999.99 0.559259   9.110 0.000   3.727 0.000   5.383 0.559 0.059 0.559 0.202 0.000
182.291667 183.291667   35.34 0.000  0.34 0.000 9.999 0.259000 9.99 0.259000 0.020 0.000   0.307 0.000   0.429 0.000 999.99 0.259000   9.056 0.000   6.784 0.000   2.272 0.000 0.026 0.000 0.194 0.000
185.291667 186.291667   37.88 0.000  0.35 0.000 9.999 0.259000 9.99 0.259000 0.029 0.000   0.895 0.000   1.253 0.000 999.99 0.259000   7.675 0.000   3.905 0.000   3.771 0.000 0.056 0.000 0.277 0.000
188.291667 189.291667   39.86 0.000  0.25 0.000 9.999 0.259000 0.14 0.000000 0.053 0.000   0.491 0.000   0.688 0.000 999.99 0.259000   7.838 0.000   4.322 0.000   3.516 0.000 0.048 0.000 0.296 0.000
191.291667 192.291667   59.09 0.559  0.31 0.559 9.999 0.559259 9.99 0.559259 0.049 0.000   2.098 0.000   2.937 0.000 999.99 0.559259  11.070 0.000   4.846 0.000   6.224 0.559 0.073 0.559 0.292 0.000
194.291667 195.291667   81.32 0.559  0.80 0.559 9.999 0.559259 0.09 0.559000 0.056 0.000   1.706 0.000   2.388 0.000 999.99 0.559259  12.949 0.000   5.938 0.000   7.011 0.559 0.098 0.559 0.473 0.000
197.291667 198.291667  110.68 0.000  0.32 0.000 9.999 0.259000 0.09 0.000000 0.028 0.000   1.803 0.000   2.524 0.000 999.99 0.259000  17.094 0.000   8.069 0.000   9.025 0.000 0.104 0.000 0.386 0.000
200.291667 201.291667   54.17 0.000  0.22 0.000 9.999 0.259000 0.06 0.000000 0.030 0.000   1.288 0.000   1.804 0.000 999.99 0.259000   8.465 0.000   3.135 0.000   5.330 0.000 0.048 0.000 0.339 0.000
203.291667 204.291667   44.34 0.000  0.27 0.000 9.999 0.259000 0.05 0.000000 0.019 0.000   1.158 0.000   1.622 0.000 999.99 0.259000   8.136 0.000   4.031 0.000   4.105 0.000 0.038 0.000 0.233 0.000
206.291667 207.291667   31.05 0.000  0.38 0.000 9.999 0.259000 0.07 0.000000 0.024 0.000   0.507 0.000   0.710 0.000 999.99 0.259000   4.849 0.000   1.965 0.000   2.884 0.000 0.034 0.000 0.288 0.000
209.291667 210.291667   38.68 0.000  0.20 0.000 9.999 0.259000 9.99 0.259000 0.023 0.000   0.919 0.000   1.287 0.000 999.99 0.259000   6.822 0.000   3.128 0.000   3.694 0.000 0.029 0.000 0.216 0.000
212.291667 213.291667   28.37 0.000  0.24 0.000 9.999 0.259000 0.08 0.000000 0.022 0.000   0.616 0.000   0.863 0.000 999.99 0.259000   4.167 0.000   1.263 0.000   2.904 0.000 0.024 0.000 0.206 0.000
215.291667 216.291667   22.66 0.000  0.40 0.000 9.999 0.259000 0.11 0.000000 0.018 0.000   0.369 0.000   0.517 0.000 999.99 0.259000   5.024 0.000   2.108 0.000   2.916 0.000 0.019 0.000 0.305 0.000
218.291667 219.291667   32.30 0.000  0.40 0.000 9.999 0.259000 0.12 0.000000 0.024 0.000   1.305 0.000   1.827 0.000 999.99 0.259000   6.534 0.000   2.488 0.000   4.046 0.000 0.024 0.000 0.276 0.000
221.291667 222.291667   26.08 0.000  0.35 0.000 0.043 0.000000 0.13 0.000000 0.019 0.000   0.479 0.000   0.671 0.000 999.99 0.259000   4.494 0.000   1.801 0.000   2.692 0.000 0.024 0.000 0.297 0.000
224.291667 225.291667   41.53 0.000  0.28 0.000 9.999 0.259000 0.11 0.000000 0.018 0.000   0.635 0.000   0.889 0.000 999.99 0.259000   6.985 0.000   3.653 0.000   3.332 0.000 0.040 0.000 0.323 0.000
227.291667 228.291667    5.26 0.000  0.16 0.000 9.999 0.259000 0.08 0.000000 0.006 0.000   0.563 0.000   0.788 0.000 999.99 0.259000   2.247 0.000   0.615 0.000   1.632 0.000 0.007 0.000 0.104 0.000
230.291667 231.291667   54.13 0.000  0.44 0.000 9.999 0.259000 9.99 0.259000 0.031 0.000   0.604 0.000   0.846 0.000 999.99 0.259000  11.388 0.000   6.820 0.000   4.568 0.000 0.045 0.000 0.424 0.000
233.291667 234.291667   20.72 0.000  0.28 0.000 0.055 0.000000 0.07 0.000000 0.011 0.000   0.368 0.000   0.515 0.000 999.99 0.259000   4.051 0.000   1.786 0.000   2.265 0.000 0.014 0.000 0.227 0.000
236.291667 237.291667   14.26 0.000  0.21 0.000 9.999 0.259000 9.99 0.259000 0.011 0.000   0.415 0.000   0.582 0.000 999.99 0.259000   3.762 0.000   1.687 0.000   2.074 0.000 0.010 0.000 0.194 0.000
239.291667 240.291667   16.61 0.000  0.25 0.000 9.999 0.259000 0.06 0.000000 0.012 0.000   0.686 0.000   0.960 0.000 999.99 0.259000   4.616 0.000   1.920 0.000   2.696 0.000 0.016 0.000 0.195 0.000
