scripts/IMPROVE-2019_partial/data/US0069R.20030103080000.20191216000000.filterpack..pm25.1y.1w.US03L_filterpack_US0069.US03L_IMPROVE_Davis.lev2.nas
66 1001
MISSING INFORMATION
US03L, IMPROVE, , , , , , , 
MISSING INFORMATION
IMPROVE sel_HTAP
1 1
2003 01 01 2019 12 16
3.000000
days from file reference point
27
1 1 1 1 1 1 1 1 1 1 1 1 1 1 1 1 1 1 1 1 1 1 1 1 1 1 1
999.999999 999.99 9.999 999.99 9.999 9.999 9.999999 9.99 9.999999 9.999 9.999 99.999 9.999 99.999 9.999 99.99 9.999999 999.999 9.999 99.999 9.999 999.999 9.999 9.999 9.999 9.999 9.999
end_time of measurement, days from the file reference point
iron, ng/m3, Revision date=20181210133000
numflag iron, no unit, Revision date=20181210133000
lead, ng/m3, Revision date=20181210133000
numflag lead, no unit, Revision date=20181210133000
magnesium, ug/m3, Revision date=20181210133000
numflag magnesium, no unit, Revision date=20181210133000
nickel, ng/m3, Revision date=20181210133000
numflag nickel, no unit, Revision date=20181210133000
nitrate, ug N/m3, Revision date=20181210133000
numflag nitrate, no unit, Revision date=20181210133000
organic_carbon, ug C/m3, Revision date=20181210133000
numflag organic_carbon, no unit, Revision date=20181210133000
organic_mass, ug/m3, Revision date=20181210133000
numflag organic_mass, no unit, Revision date=20181210133000
phosphorus, ng/m3, Revision date=20181210133000
numflag phosphorus, no unit, Revision date=20181210133000
pm10_mass, ug/m3, Version=2, Version description=Data extracted from http://views.cira.colostate.edu/fed/DataWizard 2019-12-16, Sample duration=1d, Orig. time res.=3d, Matrix=pm10, Blank correction=Blank corrected, Volume std. temperature=ambient, Volume std. pressure=ambient
numflag pm10_mass, no unit, Version=2, Version description=Data extracted from http://views.cira.colostate.edu/fed/DataWizard 2019-12-16, Sample duration=1d, Orig. time res.=3d, Matrix=pm10, Blank correction=Blank corrected, Volume std. temperature=ambient, Volume std. pressure=ambient
pm10_pm25_mass, ug/m3, Revision date=20181210133000, Matrix=pm10_pm25
numflag pm10_pm25_mass, no unit, Revision date=20181210133000, Matrix=pm10_pm25
pm25_mass, ug/m3, Version=2, Version description=Data extracted from http://views.cira.colostate.edu/fed/DataWizard 2019-12-16, Sample duration=1d, Orig. time res.=3d, Blank correction=Blank corrected, Volume std. temperature=ambient, Volume std. pressure=ambient
numflag pm25_mass, no unit, Version=2, Version description=Data extracted from http://views.cira.colostate.edu/fed/DataWizard 2019-12-16, Sample duration=1d, Orig. time res.=3d, Blank correction=Blank corrected, Volume std. temperature=ambient, Volume std. pressure=ambient
potassium, ug/m3, Revision date=20181210133000
numflag potassium, no unit, Revision date=20181210133000
sulphate_total, ug S/m3, Revision date=20181210133000
numflag sulphate_total, no unit, Revision date=20181210133000
0
25
Data definition:              EBAS_1.1
Set type code:                TU
Timezone:                     UTC
File name:                    US0069R.20030103080000.20191216000000.filterpack..pm25.1y.1w.US03L_filterpack_US0069.US03L_IMPROVE_Davis.lev2.nas
File creation:                20191218115956
Startdate:                    20030103080000
Revision date:                20191216000000
Statistics:                   arithmetic mean
Data level:                   2
Period code:                  1y
Resolution code:              1w
Station code:                 US0069R
Platform code:                US0069S
Station name:                 Kalmiopsis
Station latitude:             42.552
Station longitude:            -124.0589
Station altitude:             80.0 m
Regime:                       IMG
Component:                    
Matrix:                       pm25
Laboratory code:              US03L
Instrument type:              filterpack
Instrument name:              filterpack_US0069
Method ref:                   US03L_IMPROVE_Davis
starttime endtime Fe flag_Fe Pb flag_Pb Mg++ flag_Mg++ Ni flag_Ni NO3- flag_NO3- OC flag_OC OM flag_OM P flag_P PM10 flag_PM10 PM10-PM2.5 flag_PM10-PM2.5 PM2.5 flag_PM2.5 K+ flag_K+ SO4-- flag_SO4--
[from data line 83]
251.333333 252.333333   1.23 0.000   0.07 0.000 0.033 0.000000 9.99 0.259000 0.017 0.000 99.999 0.999 99.999 0.999 99.99 0.259000 999.999 0.456 99.999 0.999   1.924 0.000 0.015 0.000 0.124 0.000
254.333333 255.333333   6.19 0.000   0.24 0.000 9.999 0.259000 0.08 0.000000 0.038 0.000  0.527 0.000  0.738 0.000 99.99 0.259000   4.542 0.000  2.599 0.000   1.943 0.000 0.017 0.000 0.145 0.000
257.333333 258.333333  11.94 0.000   0.22 0.000 0.023 0.000000 0.11 0.000000 0.062 0.000  0.711 0.000  0.996 0.000 99.99 0.259000   5.952 0.000  3.252 0.000   2.701 0.000 0.023 0.000 0.178 0.000
260.333333 261.333333   8.13 0.559   0.18 0.559 9.999 0.559259 0.06 0.559000 0.029 0.000  0.920 0.000  1.288 0.000 99.99 0.559259   4.356 0.000  2.042 0.000   2.315 0.559 0.031 0.559 0.098 0.000
263.333333 264.333333  18.20 0.000   1.22 0.000 9.999 0.259000 0.09 0.000000 0.034 0.000  1.798 0.000  2.518 0.000 99.99 0.259000   5.780 0.000  2.453 0.000   3.327 0.000 0.042 0.000 0.216 0.000
266.333333 267.333333  25.61 0.000   1.03 0.000 9.999 0.259000 0.32 0.000000 0.086 0.000  3.669 0.000  5.137 0.000 99.99 0.259000  12.360 0.000  3.371 0.000   8.989 0.000 0.072 0.000 0.295 0.000
269.333333 270.333333   8.68 0.000   0.39 0.000 9.999 0.259000 0.13 0.000000 0.044 0.000  2.461 0.000  3.445 0.000 99.99 0.259000   8.023 0.000  2.455 0.000   5.568 0.000 0.032 0.000 0.158 0.000
272.333333 273.333333   8.77 0.000   0.26 0.000 9.999 0.259000 0.10 0.000000 0.035 0.000  1.112 0.000  1.556 0.000 99.99 0.259000   4.720 0.000  2.014 0.000   2.706 0.000 0.022 0.000 0.122 0.000
275.333333 276.333333  30.93 0.559   0.97 0.559 0.013 0.559000 0.11 0.559000 0.044 0.000  2.659 0.000  3.723 0.000 99.99 0.559259   8.808 0.000  2.157 0.000   6.651 0.559 0.039 0.559 0.455 0.000
278.333333 279.333333  13.49 0.000   0.44 0.000 9.999 0.259000 0.12 0.000000 0.035 0.000  0.995 0.000  1.393 0.000 99.99 0.259000   5.166 0.000  1.961 0.000   3.205 0.000 0.021 0.000 0.172 0.000
281.333333 282.333333   1.86 0.000   0.23 0.000 0.061 0.000000 9.99 0.259000 0.023 0.000  0.255 0.000  0.357 0.000 99.99 0.259000   6.944 0.000  3.918 0.000   3.026 0.000 0.026 0.000 0.124 0.000
284.333333 285.333333   1.27 0.000   0.13 0.000 0.075 0.000000 9.99 0.259000 0.016 0.000  0.401 0.000  0.561 0.000 99.99 0.259000   8.702 0.000  5.322 0.000   3.380 0.000 0.034 0.000 0.126 0.000
287.333333 288.333333   5.52 0.000   0.45 0.000 9.999 0.259000 0.11 0.000000 0.029 0.000  1.404 0.000  1.966 0.000 99.99 0.259000   5.003 0.000  1.627 0.000   3.377 0.000 0.048 0.000 0.089 0.000
290.333333 291.333333  10.33 0.000   0.39 0.000 0.058 0.000000 9.99 0.259000 0.034 0.000  0.667 0.000  0.934 0.000 99.99 0.259000   5.133 0.000  2.272 0.000   2.861 0.000 0.032 0.000 0.191 0.000
293.333333 294.333333   3.99 0.000   0.23 0.000 0.026 0.000000 0.06 0.000000 0.011 0.000  0.684 0.000  0.957 0.000  1.57 0.000000   4.348 0.000  2.526 0.000   1.823 0.000 0.012 0.000 0.042 0.000
296.333333 297.333333  14.76 0.000   0.66 0.000 9.999 0.259000 0.22 0.000000 0.031 0.000  1.087 0.000  1.522 0.000 99.99 0.259000   6.208 0.000  3.335 0.000   2.873 0.000 0.035 0.000 0.090 0.000
299.333333 300.333333  20.25 0.000   0.87 0.000 0.023 0.000000 0.54 0.000000 0.005 0.000  1.380 0.000  1.932 0.000  4.24 0.000000   7.232 0.000  3.883 0.000   3.349 0.000 0.030 0.000 0.052 0.000
302.333333 303.333333   1.10 0.000   0.18 0.000 0.020 0.000000 9.99 0.259000 0.003 0.000  0.329 0.000  0.461 0.000  0.62 0.000000   1.887 0.000  0.663 0.000   1.224 0.000 0.014 0.000 0.032 0.000
305.333333 306.333333  18.23 0.000   0.24 0.000 9.999 0.259000 9.99 0.259000 0.003 0.000  1.260 0.000  1.764 0.000 99.99 0.259000   4.142 0.000  1.352 0.000   2.790 0.000 0.024 0.000 0.062 0.000
308.333333 309.333333   0.98 0.000   1.02 0.000 0.028 0.000000 9.99 0.259000 0.006 0.000  0.893 0.000  1.250 0.000 99.99 0.259000   2.574 0.000  0.994 0.000   1.580 0.000 0.018 0.000 0.023 0.000
311.333333 312.333333   1.29 0.000   0.27 0.000 0.024 0.000000 0.05 0.000000 0.003 0.000  0.977 0.000  1.368 0.000  3.02 0.000000   2.860 0.000  1.293 0.000   1.566 0.000 0.015 0.000 0.025 0.000
314.333333 315.333333   1.34 0.000   0.54 0.000 9.999 0.259000 0.07 0.000000 9.999 0.259  2.244 0.000  3.141 0.000 99.99 0.259000   7.919 0.000  4.137 0.000   3.782 0.000 0.043 0.000 0.068 0.000
317.333333 318.333333  10.23 0.559   1.08 0.559 0.025 0.559000 0.13 0.559000 0.075 0.000  3.797 0.000  5.316 0.000 99.99 0.559259  12.214 0.000  3.649 0.000   8.565 0.559 0.070 0.559 0.279 0.000
320.333333 321.333333   1.88 0.000   0.08 0.000 9.999 0.259000 9.99 0.259000 9.999 0.259  1.146 0.000  1.604 0.000 99.99 0.259000  11.696 0.000  6.689 0.000   5.007 0.000 0.045 0.000 0.089 0.000
323.333333 324.333333   1.02 0.559   0.38 0.559 9.999 0.559259 9.99 0.559259 0.024 0.000  2.728 0.000  3.819 0.000 99.99 0.559259   7.192 0.000  2.251 0.000   4.941 0.559 0.046 0.559 0.041 0.000
326.333333 327.333333   3.05 0.000   1.29 0.000 9.999 0.259000 0.05 0.000000 0.020 0.000  2.658 0.000  3.721 0.000 99.99 0.259000   7.848 0.000  2.931 0.000   4.918 0.000 0.029 0.000 0.067 0.000
329.333333 330.333333   1.27 0.000   0.37 0.000 9.999 0.259000 9.99 0.259000 0.009 0.000  0.703 0.000  0.985 0.000 99.99 0.259000   6.534 0.000  4.465 0.000   2.069 0.000 0.015 0.000 0.078 0.000
332.333333 333.333333   3.24 0.000   0.24 0.000 9.999 0.259000 0.11 0.000000 0.008 0.000  0.643 0.000  0.901 0.000 99.99 0.259000   3.064 0.000  1.741 0.000   1.323 0.000 0.013 0.000 0.022 0.000
335.333333 336.333333   0.39 0.000   0.26 0.000 9.999 0.259000 9.99 0.259000 0.001 0.000  1.384 0.000  1.937 0.000  0.56 0.000000   4.470 0.000  2.426 0.000   2.043 0.000 0.014 0.000 0.012 0.000
338.333333 339.333333   0.80 0.000   0.06 0.000 0.014 0.000000 9.99 0.259000 0.012 0.000  0.908 0.000  1.271 0.000 99.99 0.259000   3.514 0.000  1.628 0.000   1.886 0.000 0.016 0.000 0.030 0.000
341.333333 342.333333   1.27 0.000   0.11 0.000 9.999 0.259000 0.06 0.000000 0.002 0.000  0.780 0.000  1.092 0.000 99.99 0.259000   2.630 0.000  1.754 0.000   0.875 0.000 0.007 0.000 0.009 0.000
344.333333 345.333333   1.32 0.000   0.68 0.000 9.999 0.259000 0.10 0.000000 0.004 0.000  0.470 0.000  0.659 0.000 99.99 0.259000   2.152 0.000  1.216 0.000   0.936 0.000 0.012 0.000 0.018 0.000
347.333333 348.333333   0.90 0.000   0.18 0.000 9.999 0.259000 9.99 0.259000 9.999 0.259  0.471 0.000  0.660 0.000 99.99 0.259000   0.781 0.000  0.251 0.000   0.530 0.000 0.011 0.000 0.003 0.000
350.333333 351.333333   3.17 0.000   0.18 0.000 0.021 0.000000 9.99 0.259000 0.005 0.000  1.094 0.000  1.532 0.000 99.99 0.259000   2.737 0.000  0.891 0.000   1.846 0.000 0.017 0.000 0.019 0.000
353.333333 354.333333   0.92 0.000   0.49 0.000 9.999 0.259000 0.08 0.000000 0.005 0.000  1.252 0.000  1.752 0.000 99.99 0.259000   2.369 0.000  0.611 0.000   1.758 0.000 0.020 0.000 0.015 0.000
356.333333 357.333333   7.06 0.000   0.20 0.000 9.999 0.259000 9.99 0.259000 0.006 0.000  0.943 0.000  1.320 0.000  2.11 0.000000   2.257 0.000  0.617 0.000   1.640 0.000 0.018 0.000 0.014 0.000
359.333333 360.333333   2.38 0.000   0.27 0.000 9.999 0.259000 0.11 0.000000 0.008 0.000  1.303 0.000  1.824 0.000 99.99 0.259000   3.493 0.000  0.962 0.000   2.531 0.000 0.018 0.000 0.051 0.000
362.333333 363.333333   0.79 0.000   0.53 0.000 0.025 0.000000 0.09 0.000000 0.001 0.000  0.981 0.000  1.374 0.000 99.99 0.259000   1.062 0.000  0.154 0.000   0.908 0.000 0.007 0.000 0.005 0.000
