scripts/IMPROVE-2019_partial/data/US0070R.19960103080000.20191216000000.filterpack...1y.3d.US03L_filterpack_US0070.US03L_IMPROVE_Davis.lev2.nas
52 1001
MISSING INFORMATION
US03L, IMPROVE, , , , , , , 
MISSING INFORMATION
IMPROVE sel_HTAP
1 1
1996 01 01 2019 12 16
0
days from file reference point
5
1 1 1 1 1
999.999999 999.999 9.999 999.999 9.999
end_time of measurement, days from the file reference point
pm10_mass, ug/m3, Matrix=pm10
numflag pm10_mass, no unit, Matrix=pm10
pm25_mass, ug/m3, Matrix=pm25
numflag pm25_mass, no unit, Matrix=pm25
0
33
Data definition:              EBAS_1.1
Set type code:                TI
Timezone:                     UTC
File name:                    US0070R.19960103080000.20191216000000.filterpack...1y.3d.US03L_filterpack_US0070.US03L_IMPROVE_Davis.lev2.nas
File creation:                20191218120008
Startdate:                    19960103080000
Revision date:                20191216000000
Version:                      2
Version description:          "Data extracted from http://views.cira.colostate.edu/fed/DataWizard 2019-12-16"
Statistics:                   arithmetic mean
Data level:                   2
Period code:                  1y
Resolution code:              3d
Sample duration:              1d
Orig. time res.:              3d
Station code:                 US0070R
Platform code:                US0070S
Station name:                 Crater Lake NP
Station latitude:             42.8958
Station longitude:            -122.1361
Station altitude:             1996.0 m
Regime:                       IMG
Component:                    
Unit:                         ug/m3
Matrix:                       
Laboratory code:              US03L
Instrument type:              filterpack
Instrument name:              filterpack_US0070
Method ref:                   US03L_IMPROVE_Davis
Blank correction:             Blank corrected
Volume std. temperature:      ambient
Volume std. pressure:         ambient
starttime endtime PM10 flag_PM10 PM2.5 flag_PM2.5
  2.333333   3.333333   0.419 0.000 999.999 0.259
  5.333333   6.333333   1.675 0.000   0.872 0.000
  9.333333  10.333333   2.005 0.000   1.224 0.000
 12.333333  13.333333   2.377 0.000   1.356 0.000
 16.333333  17.333333   1.097 0.000   0.432 0.000
 19.333333  20.333333 999.999 0.259 999.999 0.259
 23.333333  24.333333   1.077 0.000   0.367 0.000
 26.333333  27.333333   1.188 0.000   0.520 0.000
 30.333333  31.333333   1.662 0.000   1.395 0.000
 33.333333  34.333333   2.614 0.000   2.155 0.000
 37.333333  38.333333   2.827 0.000   1.722 0.000
 40.333333  41.333333   1.361 0.000   0.984 0.000
 44.333333  45.333333   3.720 0.000   1.271 0.000
 47.333333  48.333333   2.197 0.000   0.775 0.000
 51.333333  52.333333   2.800 0.000   0.418 0.000
 54.333333  55.333333   1.605 0.000   0.900 0.000
 58.333333  59.333333   2.824 0.000   0.840 0.000
 61.333333  62.333333   3.170 0.000   1.500 0.000
 65.333333  66.333333   1.597 0.000   0.956 0.000
 68.333333  69.333333   4.085 0.000   1.402 0.000
 72.333333  73.333333   3.814 0.000   1.484 0.000
 75.333333  76.333333   4.857 0.000   1.484 0.000
 79.333333  80.333333   4.510 0.000   2.099 0.000
 82.333333  83.333333   1.217 0.000   0.918 0.000
 86.333333  87.333333   1.097 0.000 999.999 0.259
 89.333333  90.333333   4.605 0.000   2.221 0.000
 93.333333  94.333333   9.320 0.000   2.378 0.000
 96.333333  97.333333   5.592 0.000   2.367 0.000
100.333333 101.333333   5.513 0.000   0.442 0.000
103.333333 104.333333   4.117 0.000   1.173 0.000
107.333333 108.333333   2.339 0.000   1.376 0.000
110.333333 111.333333   1.259 0.000   1.054 0.000
114.333333 115.333333   1.033 0.000   0.997 0.000
117.333333 118.333333   3.276 0.000   2.211 0.000
121.333333 122.333333  11.853 0.000   4.810 0.000
124.333333 125.333333   5.236 0.000   3.727 0.000
128.333333 129.333333 999.999 0.999 999.999 0.999
131.333333 132.333333   6.264 0.000   3.883 0.000
135.333333 136.333333   3.745 0.000   1.294 0.000
138.333333 139.333333   1.309 0.000   0.537 0.000
142.333333 143.333333 999.999 0.999 999.999 0.999
145.333333 146.333333  10.212 0.000   3.982 0.000
149.333333 150.333333 999.999 0.999 999.999 0.999
152.333333 153.333333   5.933 0.000 999.999 0.999
156.333333 157.333333   5.158 0.000   4.240 0.000
159.333333 160.333333   6.574 0.000   3.580 0.000
163.333333 164.333333   8.236 0.000   3.841 0.000
166.333333 167.333333   8.432 0.000   5.611 0.000
170.333333 171.333333   4.535 0.000   1.908 0.000
173.333333 174.333333   6.980 0.000   2.753 0.000
177.333333 178.333333   5.947 0.000   1.547 0.000
180.333333 181.333333   4.366 0.000   2.153 0.000
184.333333 185.333333   9.382 0.000   2.711 0.000
187.333333 188.333333   5.976 0.000   2.539 0.000
191.333333 192.333333   5.516 0.000   2.467 0.000
194.333333 195.333333  14.221 0.000   7.832 0.000
198.333333 199.333333 999.999 0.999   4.257 0.000
201.333333 202.333333   5.881 0.000   1.864 0.000
205.333333 206.333333  16.634 0.000   7.126 0.000
208.333333 209.333333  15.325 0.000   5.231 0.000
212.333333 213.333333  14.778 0.000   7.068 0.000
215.333333 216.333333   7.218 0.000   3.275 0.000
219.333333 220.333333  26.368 0.000   6.731 0.000
222.333333 223.333333  26.955 0.000  10.923 0.000
226.333333 227.333333  21.177 0.000   7.547 0.000
229.333333 230.333333  15.677 0.000   9.593 0.000
233.333333 234.333333  27.233 0.000   7.750 0.000
236.333333 237.333333  29.290 0.000  14.757 0.000
240.333333 241.333333  14.817 0.000  10.323 0.000
243.333333 244.333333  31.986 0.000  20.666 0.000
247.333333 248.333333   9.544 0.000   2.511 0.000
250.333333 251.333333   8.484 0.000   2.172 0.000
254.333333 255.333333   6.915 0.000   5.311 0.000
257.333333 258.333333  12.401 0.000   1.726 0.000
261.333333 262.333333   9.195 0.000   1.846 0.000
264.333333 265.333333   5.703 0.000   2.790 0.000
268.333333 269.333333  12.700 0.000   1.984 0.000
271.333333 272.333333   3.261 0.000   1.595 0.000
275.333333 276.333333  10.819 0.000   4.129 0.000
278.333333 279.333333   9.613 0.000   1.502 0.000
282.333333 283.333333   8.652 0.000   8.258 0.000
285.333333 286.333333   4.655 0.000   1.533 0.000
289.333333 290.333333   6.420 0.000   1.415 0.000
292.333333 293.333333   2.019 0.000 999.999 0.999
296.333333 297.333333   2.260 0.000   1.268 0.000
299.333333 300.333333  10.602 0.000   4.308 0.000
303.333333 304.333333   8.835 0.000   4.726 0.000
306.333333 307.333333   3.945 0.000   2.443 0.000
310.333333 311.333333   2.019 0.000   0.698 0.000
313.333333 314.333333   5.774 0.000   1.915 0.000
317.333333 318.333333   3.552 0.000   0.442 0.000
320.333333 321.333333   1.197 0.000   0.694 0.000
324.333333 325.333333 999.999 0.999 999.999 0.999
327.333333 328.333333   8.691 0.000   2.921 0.000
331.333333 332.333333   5.351 0.000   1.006 0.000
334.333333 335.333333   1.716 0.000   0.675 0.000
338.333333 339.333333 999.999 0.999 999.999 0.999
341.333333 342.333333   8.308 0.000   0.864 0.000
345.333333 346.333333   2.567 0.000   0.625 0.000
348.333333 349.333333   3.072 0.000   0.964 0.000
352.333333 353.333333  10.901 0.000   1.843 0.000
355.333333 356.333333   2.736 0.000   0.359 0.000
359.333333 360.333333 999.999 0.999 999.999 0.999
362.333333 363.333333   2.186 0.000 999.999 0.259
