scripts/IMPROVE-2019_partial/data/US0071R.20060102080000.20191216000000.filterpack..pm25.52w.1w.US03L_filterpack_US0071.US03L_IMPROVE_Davis.lev2.nas
66 1001
MISSING INFORMATION
US03L, IMPROVE, , , , , , , 
MISSING INFORMATION
IMPROVE sel_HTAP
1 1
2006 01 01 2019 12 16
3.000000
days from file reference point
27
1 1 1 1 1 1 1 1 1 1 1 1 1 1 1 1 1 1 1 1 1 1 1 1 1 1 1
999.999999 9999.99 9.999 999.99 9.999 9.999 9.999999 99.99 9.999999 9.999 9.999 999.999 9.999 999.999 9.999 999.99 9.999999 999.999 9.999 999.999 9.999 999.999 9.999 9.999 9.999 9.999 9.999
end_time of measurement, days from the file reference point
iron, ng/m3, Revision date=20181210133000
numflag iron, no unit, Revision date=20181210133000
lead, ng/m3, Revision date=20181210133000
numflag lead, no unit, Revision date=20181210133000
magnesium, ug/m3, Revision date=20181210133000
numflag magnesium, no unit, Revision date=20181210133000
nickel, ng/m3, Revision date=20181210133000
numflag nickel, no unit, Revision date=20181210133000
nitrate, ug N/m3, Revision date=20181210133000
numflag nitrate, no unit, Revision date=20181210133000
organic_carbon, ug C/m3, Revision date=20181210133000
numflag organic_carbon, no unit, Revision date=20181210133000
organic_mass, ug/m3, Revision date=20181210133000
numflag organic_mass, no unit, Revision date=20181210133000
phosphorus, ng/m3, Revision date=20181210133000
numflag phosphorus, no unit, Revision date=20181210133000
pm10_mass, ug/m3, Version=2, Version description=Data extracted from http://views.cira.colostate.edu/fed/DataWizard 2019-12-16, Sample duration=1d, Orig. time res.=3d, Matrix=pm10, Blank correction=Blank corrected, Volume std. temperature=ambient, Volume std. pressure=ambient
numflag pm10_mass, no unit, Version=2, Version description=Data extracted from http://views.cira.colostate.edu/fed/DataWizard 2019-12-16, Sample duration=1d, Orig. time res.=3d, Matrix=pm10, Blank correction=Blank corrected, Volume std. temperature=ambient, Volume std. pressure=ambient
pm10_pm25_mass, ug/m3, Revision date=20181210133000, Matrix=pm10_pm25
numflag pm10_pm25_mass, no unit, Revision date=20181210133000, Matrix=pm10_pm25
pm25_mass, ug/m3, Version=2, Version description=Data extracted from http://views.cira.colostate.edu/fed/DataWizard 2019-12-16, Sample duration=1d, Orig. time res.=3d, Blank correction=Blank corrected, Volume std. temperature=ambient, Volume std. pressure=ambient
numflag pm25_mass, no unit, Version=2, Version description=Data extracted from http://views.cira.colostate.edu/fed/DataWizard 2019-12-16, Sample duration=1d, Orig. time res.=3d, Blank correction=Blank corrected, Volume std. temperature=ambient, Volume std. pressure=ambient
potassium, ug/m3, Revision date=20181210133000
numflag potassium, no unit, Revision date=20181210133000
sulphate_total, ug S/m3, Revision date=20181210133000
numflag sulphate_total, no unit, Revision date=20181210133000
0
25
Data definition:              EBAS_1.1
Set type code:                TU
Timezone:                     UTC
File name:                    US0071R.20060102080000.20191216000000.filterpack..pm25.52w.1w.US03L_filterpack_US0071.US03L_IMPROVE_Davis.lev2.nas
File creation:                20191218120015
Startdate:                    20060102080000
Revision date:                20191216000000
Statistics:                   arithmetic mean
Data level:                   2
Period code:                  52w
Resolution code:              1w
Station code:                 US0071R
Platform code:                US0071S
Station name:                 Hells Canyon
Station latitude:             44.9702
Station longitude:            -116.8438
Station altitude:             655.0 m
Regime:                       IMG
Component:                    
Matrix:                       pm25
Laboratory code:              US03L
Instrument type:              filterpack
Instrument name:              filterpack_US0071
Method ref:                   US03L_IMPROVE_Davis
starttime endtime Fe flag_Fe Pb flag_Pb Mg++ flag_Mg++ Ni flag_Ni NO3- flag_NO3- OC flag_OC OM flag_OM P flag_P PM10 flag_PM10 PM10-PM2.5 flag_PM10-PM2.5 PM2.5 flag_PM2.5 K+ flag_K+ SO4-- flag_SO4--
[from data line 80]
241.333333 242.333333 9999.99 0.999 999.99 0.999 9.999 0.999000 99.99 0.999000 9.999 0.999 999.999 0.999 999.999 0.999 999.99 0.999000 999.999 0.999 999.999 0.999 999.999 0.999 9.999 0.999 9.999 0.999
244.333333 245.333333   91.58 0.000   0.23 0.000 9.999 0.259000 99.99 0.259000 0.016 0.000   6.447 0.000  11.604 0.000 999.99 0.259000  20.424 0.000   6.154 0.000  14.270 0.000 0.084 0.000 0.083 0.000
247.333333 248.333333   90.40 0.000   0.50 0.000 0.014 0.000000  0.06 0.000000 0.041 0.000  10.242 0.000  18.435 0.000 999.99 0.259000  30.832 0.000   9.095 0.000  21.737 0.000 0.155 0.000 0.174 0.000
250.333333 251.333333   82.31 0.000   0.38 0.000 9.999 0.259000 99.99 0.259000 0.062 0.000  23.268 0.000  41.883 0.000 999.99 0.259000  56.506 0.000  10.573 0.000  45.933 0.000 0.287 0.000 0.309 0.000
253.333333 254.333333   68.08 0.000   0.46 0.000 9.999 0.259000 99.99 0.259000 0.031 0.000   9.785 0.000  17.613 0.000 999.99 0.259000  23.828 0.000   5.754 0.000  18.074 0.000 0.088 0.000 0.101 0.000
256.333333 257.333333   87.55 0.000   0.32 0.000 0.020 0.000000  0.10 0.000000 0.071 0.000   1.277 0.000   2.298 0.000 999.99 0.259000  13.740 0.000   9.470 0.000   4.271 0.000 0.040 0.000 0.192 0.000
259.333333 260.333333    8.15 0.000   0.26 0.000 9.999 0.259000  0.10 0.000000 0.037 0.000   1.818 0.559   3.272 0.559 999.99 0.259000   5.237 0.000   1.833 0.000   3.404 0.000 0.024 0.000 0.122 0.000
262.333333 263.333333   13.78 0.000   0.24 0.000 9.999 0.259000  0.12 0.000000 0.027 0.000   0.844 0.559   1.520 0.559 999.99 0.259000   4.232 0.000   2.033 0.000   2.199 0.000 0.018 0.000 0.121 0.000
265.333333 266.333333    5.03 0.000   0.15 0.000 9.999 0.259000 99.99 0.259000 0.011 0.000   0.568 0.559   1.022 0.559 999.99 0.259000   3.168 0.000   1.786 0.000   1.382 0.000 0.008 0.000 0.094 0.000
268.333333 269.333333   21.03 0.000   0.36 0.000 9.999 0.259000 99.99 0.259000 0.012 0.000   1.318 0.000   2.372 0.000 999.99 0.259000   4.518 0.000   1.955 0.000   2.562 0.000 0.016 0.000 0.082 0.000
271.333333 272.333333   70.55 0.000   0.34 0.000 9.999 0.259000 99.99 0.259000 0.010 0.000   2.121 0.000   3.818 0.000 999.99 0.259000   8.803 0.000   3.302 0.000   5.501 0.000 0.038 0.000 0.086 0.000
274.333333 275.333333   58.08 0.000   0.66 0.000 0.009 0.000000 99.99 0.259000 0.013 0.000   1.934 0.559   3.482 0.559 999.99 0.259000   9.466 0.000   4.196 0.000   5.269 0.000 0.046 0.000 0.131 0.000
277.333333 278.333333   56.25 0.000   0.46 0.000 9.999 0.259000 99.99 0.259000 0.020 0.000   2.418 0.000   4.352 0.000 999.99 0.259000  46.031 0.000  40.229 0.000   5.803 0.000 0.044 0.000 0.152 0.000
280.333333 281.333333   31.48 0.000   0.59 0.000 9.999 0.259000 99.99 0.259000 0.013 0.000   1.236 0.559   2.225 0.559 999.99 0.259000   7.110 0.000   3.593 0.000   3.517 0.000 0.036 0.000 0.177 0.000
283.333333 284.333333 9999.99 0.999 999.99 0.999 9.999 0.999000 99.99 0.999000 9.999 0.999 999.999 0.999 999.999 0.999 999.99 0.999000 999.999 0.999 999.999 0.999 999.999 0.999 9.999 0.999 9.999 0.999
286.333333 287.333333  235.45 0.000   0.74 0.000 9.999 0.259000  0.40 0.000000 0.026 0.000   4.628 0.000   8.330 0.000 999.99 0.259000  15.595 0.000   3.645 0.000  11.949 0.000 0.094 0.000 0.106 0.000
289.333333 290.333333  336.33 0.000   0.48 0.000 9.999 0.259000  1.20 0.000000 0.013 0.000   0.946 0.000   1.702 0.000 999.99 0.259000   2.488 0.000 999.999 0.259   7.551 0.000 0.104 0.000 0.090 0.000
292.333333 293.333333   17.72 0.000   0.67 0.000 9.999 0.259000 99.99 0.259000 0.027 0.000   1.211 0.000   2.179 0.000 999.99 0.259000   4.326 0.000   1.279 0.000   3.046 0.000 0.033 0.000 0.095 0.000
295.333333 296.333333   28.18 0.000   1.34 0.000 9.999 0.259000 99.99 0.259000 0.020 0.000   1.184 0.559   2.131 0.559 999.99 0.259000   6.437 0.000   3.251 0.000   3.186 0.000 0.029 0.000 0.078 0.000
298.333333 299.333333  158.68 0.000   0.32 0.000 0.027 0.000000  0.49 0.000000 0.054 0.000   0.797 0.559   1.434 0.559 999.99 0.259000   4.511 0.000 999.999 0.259   5.104 0.000 0.060 0.000 0.108 0.000
301.333333 302.333333   71.80 0.000   1.36 0.000 0.020 0.000000 99.99 0.259000 0.098 0.000   1.056 0.559   1.901 0.559 999.99 0.259000   9.349 0.000   5.152 0.000   4.197 0.000 0.050 0.000 0.152 0.000
304.333333 305.333333 9999.99 0.999 999.99 0.999 9.999 0.999000 99.99 0.999000 9.999 0.999 999.999 0.999 999.999 0.999 999.99 0.999000 999.999 0.999 999.999 0.999 999.999 0.999 9.999 0.999 9.999 0.999
307.333333 308.333333   43.02 0.000   0.68 0.000 9.999 0.259000  0.33 0.000000 0.112 0.000   1.587 0.559   2.856 0.559 999.99 0.259000   5.103 0.000   0.498 0.000   4.605 0.000 0.032 0.000 0.096 0.000
310.333333 311.333333  208.41 0.000  10.70 0.000 0.033 0.000000  0.81 0.000000 0.048 0.000   2.977 0.000   5.359 0.000 999.99 0.259000   7.242 0.000 999.999 0.259   9.474 0.000 0.129 0.000 0.066 0.000
313.333333 314.333333  208.37 0.000   1.96 0.000 0.044 0.000000  0.62 0.000000 0.018 0.000   1.060 0.559   1.908 0.559 999.99 0.259000   3.533 0.000 999.999 0.259   6.226 0.000 0.073 0.000 0.036 0.000
316.333333 317.333333  180.93 0.000   0.50 0.000 0.032 0.000000  0.60 0.000000 0.004 0.000   0.295 0.559   0.531 0.559 999.99 0.259000   0.983 0.000 999.999 0.259   4.088 0.000 0.058 0.000 0.068 0.000
319.333333 320.333333  167.69 0.000   0.71 0.000 0.024 0.000000  0.53 0.000000 0.030 0.000   1.607 0.000   2.894 0.000 999.99 0.259000   4.086 0.000 999.999 0.259   5.714 0.000 0.067 0.000 0.109 0.000
322.333333 323.333333   83.14 0.000   0.73 0.000 0.014 0.000000  0.39 0.000000 0.078 0.000   2.119 0.000   3.814 0.000 999.99 0.259000   6.430 0.000   0.233 0.000   6.197 0.000 0.044 0.000 0.220 0.000
325.333333 326.333333 9999.99 0.999 999.99 0.999 9.999 0.999000 99.99 0.999000 9.999 0.999 999.999 0.999 999.999 0.999 999.99 0.999000 999.999 0.999 999.999 0.999 999.999 0.999 9.999 0.999 9.999 0.999
328.333333 329.333333 9999.99 0.999 999.99 0.999 9.999 0.999000 99.99 0.999000 9.999 0.999 999.999 0.999 999.999 0.999 999.99 0.999000 999.999 0.999 999.999 0.999 999.999 0.999 9.999 0.999 9.999 0.999
331.333333 332.333333 9999.99 0.999 999.99 0.999 9.999 0.999000 99.99 0.999000 9.999 0.999 999.999 0.999 999.999 0.999 999.99 0.999000 999.999 0.999 999.999 0.999 999.999 0.999 9.999 0.999 9.999 0.999
334.333333 335.333333   85.49 0.000   0.54 0.000 0.011 0.000000  0.32 0.000000 0.076 0.000   0.802 0.559   1.444 0.559 999.99 0.259000   2.729 0.000 999.999 0.259   3.670 0.000 0.032 0.000 0.083 0.000
337.333333 338.333333   14.28 0.000   0.52 0.000 9.999 0.259000 99.99 0.259000 0.484 0.000   1.209 0.559   2.176 0.559 999.99 0.259000   5.747 0.000   1.001 0.000   4.746 0.000 0.018 0.000 0.163 0.000
340.333333 341.333333   20.25 0.000   0.76 0.000 9.999 0.259000 99.99 0.259000 0.821 0.000   1.360 0.559   2.449 0.559 999.99 0.259000   7.560 0.000   1.515 0.000   6.045 0.000 0.028 0.000 0.166 0.000
343.333333 344.333333    9.29 0.000   0.41 0.000 9.999 0.259000 99.99 0.259000 0.285 0.000   0.856 0.000   1.541 0.000 999.99 0.259000   3.207 0.000   0.668 0.000   2.539 0.000 0.017 0.000 0.100 0.000
346.333333 347.333333 9999.99 0.999 999.99 0.999 9.999 0.999000 99.99 0.999000 9.999 0.999 999.999 0.999 999.999 0.999 999.99 0.999000 999.999 0.999 999.999 0.999 999.999 0.999 9.999 0.999 9.999 0.999
349.333333 350.333333    1.71 0.000   0.18 0.000 9.999 0.259000 99.99 0.259000 0.009 0.000   0.267 0.000   0.480 0.000 999.99 0.259000   1.234 0.000   0.462 0.000   0.772 0.000 0.004 0.000 0.024 0.000
352.333333 353.333333    6.00 0.000   0.59 0.000 9.999 0.259000 99.99 0.259000 0.147 0.000   0.900 0.559   1.621 0.559 999.99 0.259000   2.925 0.000   0.858 0.000   2.067 0.000 0.013 0.000 0.027 0.000
355.333333 356.333333    5.86 0.000   0.58 0.000 9.999 0.259000 99.99 0.259000 0.642 0.000   1.068 0.559   1.923 0.559 999.99 0.259000   6.157 0.000   0.703 0.000   5.454 0.000 0.038 0.000 0.186 0.000
358.333333 359.333333    0.67 0.000   0.19 0.000 0.009 0.000000  0.07 0.000000 0.070 0.000   0.257 0.000   0.463 0.000 999.99 0.259000   1.113 0.000   0.197 0.000   0.915 0.000 0.003 0.000 0.046 0.000
361.333333 362.333333    3.33 0.000   0.21 0.000 0.010 0.000000 99.99 0.259000 0.039 0.000   0.313 0.559   0.564 0.559 999.99 0.259000   1.109 0.000   0.521 0.000   0.588 0.000 0.007 0.000 0.040 0.000
364.333333 365.333333    7.28 0.000   0.67 0.000 0.007 0.000000  0.10 0.000000 0.388 0.000   1.193 0.559   2.147 0.559 999.99 0.259000   4.452 0.000   1.206 0.000   3.245 0.000 0.012 0.000 0.080 0.000
