scripts/IMPROVE-2019_partial/data/US0050R.20080101060000.20191216000000.filterpack...52w.3d.US03L_filterpack_US0050.US03L_IMPROVE_Davis.lev2.nas
52 1001
MISSING INFORMATION
US03L, IMPROVE, , , , , , , 
MISSING INFORMATION
IMPROVE sel_HTAP
1 1
2008 01 01 2019 12 16
3.00
days from file reference point
5
1 1 1 1 1
999.99 999.999 9.999 999.999 9.999
end_time of measurement, days from the file reference point
pm10_mass, ug/m3, Matrix=pm10
numflag pm10_mass, no unit, Matrix=pm10
pm25_mass, ug/m3, Matrix=pm25
numflag pm25_mass, no unit, Matrix=pm25
0
33
Data definition:              EBAS_1.1
Set type code:                TU
Timezone:                     UTC
File name:                    US0050R.20080101060000.20191216000000.filterpack...52w.3d.US03L_filterpack_US0050.US03L_IMPROVE_Davis.lev2.nas
File creation:                20191218115827
Startdate:                    20080101060000
Revision date:                20191216000000
Version:                      2
Version description:          "Data extracted from http://views.cira.colostate.edu/fed/DataWizard 2019-12-16"
Statistics:                   arithmetic mean
Data level:                   2
Period code:                  52w
Resolution code:              3d
Sample duration:              1d
Orig. time res.:              3d
Station code:                 US0050R
Platform code:                US0050S
Station name:                 Blue Mounds
Station latitude:             43.7158
Station longitude:            -96.1913
Station altitude:             473.0 m
Regime:                       IMG
Component:                    
Unit:                         ug/m3
Matrix:                       
Laboratory code:              US03L
Instrument type:              filterpack
Instrument name:              filterpack_US0050
Method ref:                   US03L_IMPROVE_Davis
Blank correction:             Blank corrected
Volume std. temperature:      ambient
Volume std. pressure:         ambient
starttime endtime PM10 flag_PM10 PM2.5 flag_PM2.5
  0.25   1.25   9.637 0.000   7.448 0.000
  3.25   4.25  18.645 0.000  12.041 0.659
  6.25   7.25  13.324 0.000  10.077 0.659
  9.25  10.25  19.680 0.000  17.545 0.000
 12.25  13.25  10.096 0.000   7.604 0.659
 15.25  16.25  14.931 0.000   8.338 0.659
 18.25  19.25   8.449 0.000   3.055 0.659
 21.25  22.25   8.355 0.000   5.429 0.659
 24.25  25.25  18.146 0.000  12.638 0.659
 27.25  28.25  14.486 0.000   9.884 0.000
 30.25  31.25  17.303 0.000  10.112 0.659
 33.25  34.25  34.649 0.000  27.719 0.000
 36.25  37.25   9.189 0.000   8.073 0.000
 39.25  40.25  21.935 0.000  12.098 0.000
 42.25  43.25 999.999 0.456   8.891 0.659
 45.25  46.25 999.999 0.456   8.476 0.659
 48.25  49.25 999.999 0.456   3.611 0.000
 51.25  52.25  15.158 0.000  11.553 0.659
 54.25  55.25 999.999 0.999 999.999 0.999
 57.25  58.25 999.999 0.999 999.999 0.999
 60.25  61.25 999.999 0.999 999.999 0.999
 63.25  64.25 999.999 0.999 999.999 0.999
 66.25  67.25   7.455 0.000   4.394 0.000
 69.25  70.25  24.229 0.000  17.040 0.659
 72.25  73.25   5.544 0.000   2.780 0.659
 75.25  76.25   9.737 0.000   8.490 0.659
 78.25  79.25   5.707 0.000   5.227 0.659
 81.25  82.25   8.008 0.000   8.331 0.659
 84.25  85.25  13.089 0.000   5.858 0.659
 87.25  88.25   8.155 0.000   6.735 0.659
 90.25  91.25   6.431 0.000   6.514 0.000
 93.25  94.25  14.938 0.000  12.634 0.000
 96.25  97.25   9.313 0.000   8.287 0.000
 99.25 100.25  14.638 0.000  10.099 0.659
102.25 103.25   4.427 0.000   2.876 0.659
105.25 106.25  42.187 0.000 999.999 0.456
108.25 109.25  12.560 0.000   4.788 0.659
111.25 112.25  14.579 0.000   5.536 0.659
114.25 115.25  12.800 0.000   7.870 0.659
117.25 118.25  10.267 0.000   8.113 0.659
120.25 121.25  31.916 0.000  10.664 0.659
123.25 124.25   9.526 0.000   4.512 0.659
126.25 127.25  16.223 0.000   7.390 0.659
129.25 130.25   9.153 0.000   5.434 0.659
132.25 133.25  16.242 0.000   4.622 0.659
135.25 136.25  26.503 0.000   8.327 0.659
138.25 139.25  37.773 0.000   4.958 0.659
141.25 142.25  17.884 0.000   4.596 0.659
144.25 145.25  10.676 0.000   8.239 0.659
147.25 148.25   8.949 0.000   1.745 0.659
150.25 151.25 999.999 0.999 999.999 0.999
153.25 154.25 999.999 0.999 999.999 0.999
156.25 157.25  12.253 0.000   8.901 0.000
159.25 160.25   5.863 0.000   2.790 0.659
162.25 163.25  11.014 0.000   4.736 0.659
165.25 166.25   8.972 0.000   3.504 0.659
168.25 169.25  15.922 0.000   7.064 0.659
171.25 172.25  17.065 0.000   4.701 0.659
174.25 175.25  14.842 0.000   4.581 0.659
177.25 178.25  13.311 0.000   4.592 0.659
180.25 181.25   7.905 0.000   3.753 0.659
183.25 184.25  30.429 0.000  16.084 0.000
186.25 187.25  28.097 0.000  12.718 0.659
189.25 190.25  16.176 0.000   3.873 0.000
192.25 193.25  27.778 0.000   7.691 0.000
195.25 196.25  20.701 0.000   5.756 0.000
198.25 199.25   8.526 0.000   4.881 0.000
201.25 202.25   6.701 0.000   2.839 0.000
204.25 205.25  13.805 0.000   6.303 0.000
207.25 208.25  14.511 0.000   8.205 0.000
210.25 211.25  11.782 0.000   5.205 0.000
213.25 214.25  10.643 0.000   4.774 0.000
216.25 217.25  19.439 0.000  10.454 0.000
219.25 220.25   9.970 0.000   4.351 0.000
222.25 223.25  10.443 0.000   6.183 0.000
225.25 226.25   9.864 0.000   4.477 0.000
228.25 229.25  11.839 0.000   7.063 0.000
231.25 232.25  20.720 0.000  10.944 0.000
234.25 235.25  20.579 0.000   7.040 0.000
237.25 238.25  14.847 0.000   3.819 0.000
240.25 241.25  10.157 0.000   5.224 0.000
243.25 244.25  19.883 0.000  10.604 0.000
246.25 247.25   3.975 0.000   1.972 0.000
249.25 250.25   4.820 0.000   2.437 0.000
252.25 253.25   7.148 0.000   3.125 0.000
255.25 256.25   7.068 0.000   3.089 0.000
258.25 259.25   7.250 0.000   2.122 0.000
261.25 262.25  24.569 0.000   5.955 0.000
264.25 265.25  25.531 0.000  13.653 0.000
267.25 268.25  14.081 0.000   3.158 0.000
270.25 271.25  19.518 0.000   7.522 0.000
273.25 274.25  10.746 0.000   3.401 0.000
276.25 277.25  23.127 0.000   6.002 0.000
279.25 280.25  23.178 0.000  13.686 0.000
282.25 283.25  10.829 0.000   2.165 0.000
285.25 286.25  22.593 0.000  12.828 0.000
288.25 289.25   8.037 0.000   3.259 0.000
291.25 292.25  13.836 0.000   9.424 0.000
294.25 295.25  13.074 0.000   4.116 0.000
297.25 298.25  10.585 0.000   8.489 0.000
300.25 301.25  10.475 0.000   3.334 0.000
303.25 304.25  43.395 0.000   8.674 0.000
306.25 307.25  40.953 0.000  10.129 0.000
309.25 310.25  32.592 0.000  12.195 0.000
312.25 313.25 999.999 0.999 999.999 0.999
315.25 316.25 999.999 0.999 999.999 0.999
318.25 319.25   4.128 0.000   3.050 0.000
321.25 322.25   6.116 0.000   3.742 0.000
324.25 325.25  10.154 0.000   2.228 0.000
327.25 328.25  15.105 0.000  10.041 0.000
330.25 331.25  21.065 0.000  10.881 0.000
333.25 334.25  16.922 0.000   8.735 0.000
336.25 337.25  13.680 0.000   4.928 0.000
339.25 340.25   9.911 0.000   4.282 0.000
342.25 343.25  25.018 0.000  12.402 0.000
345.25 346.25   9.662 0.000   6.619 0.000
348.25 349.25  24.157 0.000   9.272 0.000
351.25 352.25  22.083 0.000  14.172 0.000
354.25 355.25  15.958 0.000 999.999 0.456
357.25 358.25  12.150 0.000   9.856 0.000
360.25 361.25  12.675 0.000  10.367 0.000
363.25 364.25   7.640 0.000   3.774 0.000
