scripts/IMPROVE-2019_partial/data/US0028R.20040101050000.20191216000000.filterpack..pm25.52w.1w.US03L_filterpack_US0028.US03L_IMPROVE_Davis.lev2.nas
66 1001
MISSING INFORMATION
US03L, IMPROVE, , , , , , , 
MISSING INFORMATION
IMPROVE sel_HTAP
1 1
2004 01 01 2019 12 16
3.000000
days from file reference point
27
1 1 1 1 1 1 1 1 1 1 1 1 1 1 1 1 1 1 1 1 1 1 1 1 1 1 1
999.999999 99.999 9.999999 9999.99 9.999 999.99 9.999999 9.999 9.999999 99.99 9.999 9.999 9.999999 999.999 9.999 999.999 9.999 999.999 9.999 99.999 9.999 999.999 9.999 9.999 9.999 99.999 9.999999
end_time of measurement, days from the file reference point
ammonium, ug N/m3, Revision date=20181210133000
numflag ammonium, no unit, Revision date=20181210133000
iron, ng/m3, Revision date=20181210133000
numflag iron, no unit, Revision date=20181210133000
lead, ng/m3, Revision date=20181210133000
numflag lead, no unit, Revision date=20181210133000
magnesium, ug/m3, Revision date=20181210133000
numflag magnesium, no unit, Revision date=20181210133000
nickel, ng/m3, Revision date=20181210133000
numflag nickel, no unit, Revision date=20181210133000
nitrate, ug N/m3, Revision date=20181210133000
numflag nitrate, no unit, Revision date=20181210133000
organic_carbon, ug C/m3, Revision date=20181210133000
numflag organic_carbon, no unit, Revision date=20181210133000
organic_mass, ug/m3, Revision date=20181210133000
numflag organic_mass, no unit, Revision date=20181210133000
pm10_mass, ug/m3, Version=2, Version description=Data extracted from http://views.cira.colostate.edu/fed/DataWizard 2019-12-16, Sample duration=1d, Orig. time res.=3d, Matrix=pm10, Blank correction=Blank corrected, Volume std. temperature=ambient, Volume std. pressure=ambient
numflag pm10_mass, no unit, Version=2, Version description=Data extracted from http://views.cira.colostate.edu/fed/DataWizard 2019-12-16, Sample duration=1d, Orig. time res.=3d, Matrix=pm10, Blank correction=Blank corrected, Volume std. temperature=ambient, Volume std. pressure=ambient
pm10_pm25_mass, ug/m3, Revision date=20181210133000, Matrix=pm10_pm25
numflag pm10_pm25_mass, no unit, Revision date=20181210133000, Matrix=pm10_pm25
pm25_mass, ug/m3, Version=2, Version description=Data extracted from http://views.cira.colostate.edu/fed/DataWizard 2019-12-16, Sample duration=1d, Orig. time res.=3d, Blank correction=Blank corrected, Volume std. temperature=ambient, Volume std. pressure=ambient
numflag pm25_mass, no unit, Version=2, Version description=Data extracted from http://views.cira.colostate.edu/fed/DataWizard 2019-12-16, Sample duration=1d, Orig. time res.=3d, Blank correction=Blank corrected, Volume std. temperature=ambient, Volume std. pressure=ambient
potassium, ug/m3, Revision date=20181210133000
numflag potassium, no unit, Revision date=20181210133000
sulphate_total, ug S/m3, Revision date=20181210133000
numflag sulphate_total, no unit, Revision date=20181210133000
0
25
Data definition:              EBAS_1.1
Set type code:                TU
Timezone:                     UTC
File name:                    US0028R.20040101050000.20191216000000.filterpack..pm25.52w.1w.US03L_filterpack_US0028.US03L_IMPROVE_Davis.lev2.nas
File creation:                20191218115721
Startdate:                    20040101050000
Revision date:                20191216000000
Statistics:                   arithmetic mean
Data level:                   2
Period code:                  52w
Resolution code:              1w
Station code:                 US0028R
Platform code:                US0028S
Station name:                 Cohutta
Station latitude:             34.7852
Station longitude:            -84.6265
Station altitude:             735.0 m
Regime:                       IMG
Component:                    
Matrix:                       pm25
Laboratory code:              US03L
Instrument type:              filterpack
Instrument name:              filterpack_US0028
Method ref:                   US03L_IMPROVE_Davis
starttime endtime NH4+ flag_NH4+ Fe flag_Fe Pb flag_Pb Mg++ flag_Mg++ Ni flag_Ni NO3- flag_NO3- OC flag_OC OM flag_OM PM10 flag_PM10 PM10-PM2.5 flag_PM10-PM2.5 PM2.5 flag_PM2.5 K+ flag_K+ SO4-- flag_SO4--
  0.208333   1.208333  0.296 0.559000   14.39 0.000   1.27 0.000000 0.040 0.000000 99.99 0.259 0.051 0.559000   1.455 0.000   2.036 0.000   4.654 0.000  0.590 0.000   4.064 0.000 0.028 0.000  0.341 0.559000
  3.208333   4.208333  0.598 0.559000    5.98 0.000   0.71 0.000000 9.999 0.259000  0.42 0.000 0.068 0.559000   0.919 0.000   1.286 0.000   7.885 0.000  2.098 0.000   5.787 0.000 0.034 0.000  0.909 0.559000
  6.208333   7.208333  0.260 0.559000   14.78 0.000   0.94 0.000000 9.999 0.259000 99.99 0.259 0.163 0.559000   0.695 0.000   0.972 0.000   3.398 0.000  1.073 0.000   2.325 0.000 0.014 0.000  0.199 0.559000
  9.208333  10.208333  0.794 0.559000   22.13 0.000   3.92 0.000000 9.999 0.259000  0.21 0.000 0.065 0.559000   1.129 0.000   1.580 0.000  11.192 0.000  0.288 0.000  10.904 0.000 0.032 0.000  1.856 0.559000
 12.208333  13.208333  0.770 0.559000   31.85 0.000   2.86 0.000000 9.999 0.259000  0.17 0.000 0.333 0.559000   2.441 0.000   3.417 0.000  10.267 0.000  2.489 0.000   7.778 0.000 0.061 0.000  0.688 0.559000
 15.208333  16.208333  0.145 0.559000    8.96 0.000   0.84 0.000000 9.999 0.259000  0.10 0.000 0.076 0.559000   0.872 0.000   1.221 0.000   3.236 0.000  1.192 0.000   2.044 0.000 0.018 0.000  0.136 0.559000
 18.208333  19.208333  1.023 0.559000   21.38 0.000   1.83 0.000000 9.999 0.259000  0.11 0.000 0.266 0.559000   1.083 0.000   1.516 0.000   8.047 0.000  1.011 0.000   7.036 0.000 0.028 0.000  1.120 0.559000
 21.208333  22.208333  0.907 0.000000   20.91 0.000   2.11 0.000000 9.999 0.259000  0.18 0.000 0.482 0.000000   1.627 0.000   2.277 0.000   9.064 0.000  1.937 0.000   7.127 0.000 0.039 0.000  0.595 0.000000
 24.208333  25.208333  0.681 0.000000    6.82 0.000   1.08 0.000000 9.999 0.259000  0.16 0.000 0.367 0.000000   1.488 0.000   2.083 0.000   5.885 0.000  0.959 0.000   4.925 0.000 0.026 0.000  0.438 0.000000
 27.208333  28.208333  0.645 0.559000    9.91 0.000   1.84 0.000000 0.065 0.000000 99.99 0.259 0.192 0.559000   0.752 0.000   1.054 0.000   5.282 0.000  0.927 0.000   4.356 0.000 0.020 0.000  0.616 0.559000
 30.208333  31.208333  0.540 0.559000   10.33 0.000   1.05 0.000000 9.999 0.259000  0.17 0.000 0.305 0.559000   1.105 0.000   1.547 0.000   5.805 0.000  1.469 0.000   4.337 0.000 0.029 0.000  0.336 0.559000
 33.208333  34.208333  0.914 0.000000   10.13 0.000   1.24 0.000000 0.063 0.000000  0.24 0.000 0.197 0.000000   1.048 0.000   1.467 0.000   6.915 0.000  0.411 0.000   6.505 0.000 0.020 0.000  1.061 0.000000
 36.208333  37.208333  0.232 0.559000    5.34 0.000   0.66 0.000000 9.999 0.259000  0.12 0.000 0.061 0.559000   0.457 0.000   0.640 0.000   2.945 0.000  0.843 0.000   2.102 0.000 0.011 0.000  0.316 0.559000
 39.208333  40.208333  1.206 0.559000   11.28 0.000   0.94 0.000000 9.999 0.259000  0.14 0.000 0.210 0.559000   1.555 0.000   2.177 0.000  15.947 0.000  6.970 0.000   8.976 0.000 0.032 0.000  1.346 0.559000
 42.208333  43.208333  0.367 0.559000   16.06 0.000   1.03 0.000000 9.999 0.259000  0.29 0.000 0.122 0.559000   0.800 0.000   1.121 0.000   3.748 0.000  0.276 0.000   3.472 0.000 0.021 0.000  0.395 0.559000
 45.208333  46.208333  0.156 0.559000    4.27 0.000   0.78 0.000000 9.999 0.259000 99.99 0.259 0.022 0.559000   0.445 0.000   0.623 0.000   2.021 0.000  0.216 0.000   1.805 0.000 0.012 0.000  0.208 0.559000
 48.208333  49.208333  1.242 0.559000   27.64 0.000   2.48 0.000000 0.022 0.000000  0.16 0.000 0.402 0.559000   1.366 0.000   1.912 0.000  11.155 0.000  2.482 0.000   8.673 0.000 0.038 0.000  1.165 0.559000
 51.208333  52.208333  1.410 0.559000   15.56 0.000   2.16 0.000000 9.999 0.259000  0.18 0.000 0.457 0.559000   1.332 0.000   1.864 0.000   9.663 0.000  1.036 0.000   8.627 0.000 0.029 0.000  1.296 0.559000
 54.208333  55.208333  1.269 0.559000   17.52 0.000   2.26 0.000000 9.999 0.259000  0.25 0.000 0.229 0.559000   3.571 0.000   4.999 0.000  15.217 0.000  2.393 0.000  12.824 0.000 0.055 0.000  1.473 0.559000
 57.208333  58.208333  0.514 0.559000    7.67 0.000   1.11 0.000000 0.056 0.000000  0.17 0.000 0.121 0.559000   0.650 0.000   0.909 0.000   4.519 0.000  0.365 0.000   4.154 0.000 0.021 0.000  0.623 0.559000
 60.208333  61.208333  0.400 0.559000   21.21 0.000   1.27 0.000000 9.999 0.259000  0.35 0.000 0.240 0.559000   1.444 0.000   2.022 0.000  12.390 0.000  5.931 0.000   6.459 0.000 0.047 0.000  0.502 0.559000
 63.208333  64.208333  0.741 0.559000   23.95 0.000   1.32 0.000000 9.999 0.259000  0.17 0.000 0.221 0.559000   4.035 0.000   5.649 0.000  17.816 0.000  6.059 0.000  11.757 0.000 0.120 0.000  0.945 0.559000
 66.208333  67.208333  0.374 0.559000   25.40 0.000   1.32 0.000000 9.999 0.259000  0.09 0.000 0.049 0.559000   0.805 0.000   1.127 0.000   5.811 0.000  1.896 0.000   3.916 0.000 0.024 0.000  0.416 0.559000
 69.208333  70.208333  1.138 0.559000   26.15 0.000   1.82 0.000000 0.041 0.000000 99.99 0.259 0.091 0.559000   1.453 0.000   2.034 0.000   9.590 0.000  1.184 0.000   8.406 0.000 0.034 0.000  1.377 0.559000
 72.208333  73.208333  0.565 0.559000   32.34 0.000   1.62 0.000000 9.999 0.259000 99.99 0.259 0.240 0.559000   2.708 0.000   3.790 0.000  10.992 0.000  3.280 0.000   7.713 0.000 0.042 0.000  0.520 0.559000
 75.208333  76.208333  1.104 0.559000   22.87 0.000   1.72 0.000000 0.046 0.000000 99.99 0.259 0.257 0.559000   3.212 0.000   4.497 0.000  12.262 0.000  1.456 0.000  10.806 0.000 0.054 0.000  1.166 0.559000
 78.208333  79.208333  0.525 0.559000   36.83 0.000   2.35 0.000000 9.999 0.259000  0.11 0.000 0.093 0.559000   1.276 0.000   1.787 0.000   7.895 0.000  1.921 0.000   5.974 0.000 0.040 0.000  0.582 0.559000
 81.208333  82.208333  0.801 0.559000   25.94 0.000   3.11 0.000000 9.999 0.259000 99.99 0.259 0.124 0.559000   0.707 0.000   0.990 0.000   6.760 0.000  1.064 0.000   5.696 0.000 0.036 0.000  0.910 0.559000
 84.208333  85.208333  0.910 0.559000   52.27 0.000   3.15 0.000000 9.999 0.259000  0.18 0.000 0.155 0.559000   3.254 0.000   4.556 0.000  17.269 0.000  6.409 0.000  10.860 0.000 0.074 0.000  0.961 0.559000
 87.208333  88.208333  0.977 0.559000   29.32 0.000   1.29 0.000000 9.999 0.259000  0.11 0.000 0.129 0.559000   2.114 0.000   2.959 0.000  16.082 0.000  5.956 0.000  10.126 0.000 0.045 0.000  1.153 0.559000
 90.208333  91.208333  0.877 0.559000   18.49 0.000   0.93 0.000000 9.999 0.259000 99.99 0.259 0.232 0.559000   0.788 0.000   1.103 0.000   5.548 0.000  0.394 0.000   5.154 0.000 0.018 0.000  0.821 0.559000
 93.208333  94.208333  0.615 0.559000   33.70 0.000   3.12 0.000000 9.999 0.259000  0.16 0.000 0.156 0.559000   1.308 0.000   1.831 0.000   8.244 0.000  2.287 0.000   5.957 0.000 0.035 0.000  0.622 0.559000
 96.208333  97.208333  0.323 0.559000   26.78 0.000   1.31 0.000000 9.999 0.259000 99.99 0.259 0.065 0.559000   1.406 0.000   1.969 0.000   7.424 0.000  2.725 0.000   4.699 0.000 0.042 0.000  0.343 0.559000
 99.208333 100.208333  0.949 0.559000   62.80 0.000   2.71 0.000000 9.999 0.259000  0.14 0.000 0.126 0.559000   1.867 0.000   2.614 0.000  15.219 0.000  6.021 0.000   9.197 0.000 0.066 0.000  1.026 0.559000
102.208333 103.208333  1.294 0.000000   17.13 0.000   1.64 0.000000 0.057 0.000000  0.36 0.000 0.256 0.000000   2.395 0.000   3.353 0.000  11.574 0.000  1.064 0.000  10.510 0.000 0.041 0.000  1.344 0.000000
105.208333 106.208333  0.867 0.559000  181.36 0.000   1.67 0.000000 9.999 0.259000 99.99 0.259 0.173 0.559000   1.097 0.000   1.536 0.000  11.184 0.000  4.301 0.000   6.883 0.000 0.102 0.000  0.859 0.559000
108.208333 109.208333  1.171 0.559000  107.35 0.000   2.43 0.000000 9.999 0.259000  0.16 0.000 0.037 0.559000   2.913 0.000   4.077 0.000  14.624 0.000  2.806 0.000  11.818 0.000 0.090 0.000  1.327 0.559000
111.208333 112.208333  0.903 0.559000  215.38 0.000   1.83 0.000000 9.999 0.259000  0.26 0.000 0.125 0.559000   2.559 0.000   3.582 0.000  16.834 0.000  5.741 0.000  11.093 0.000 0.152 0.000  1.087 0.559000
114.208333 115.208333  1.475 0.559000  243.02 0.000   1.71 0.000000 0.163 0.000000 99.99 0.259 0.135 0.559000   3.316 0.000   4.643 0.000  23.721 0.000  7.730 0.000  15.991 0.000 0.235 0.000  1.980 0.559000
117.208333 118.208333  0.885 0.559000  322.73 0.000   2.12 0.000000 0.064 0.000000 99.99 0.259 0.089 0.559000   0.984 0.000   1.378 0.000  16.497 0.000  8.762 0.000   7.735 0.000 0.213 0.000  1.002 0.559000
120.208333 121.208333  1.787 0.559000  149.88 0.000   2.50 0.000000 0.078 0.000000  0.19 0.000 0.190 0.559000   2.387 0.000   3.342 0.000  19.997 0.000  5.125 0.000  14.872 0.000 0.143 0.000  2.167 0.559000
123.208333 124.208333  0.718 0.559000   25.26 0.000   1.10 0.000000 0.056 0.000000 99.99 0.259 0.030 0.559000   0.480 0.000   0.673 0.000   6.762 0.000  1.515 0.000   5.247 0.000 0.034 0.000  0.903 0.559000
126.208333 127.208333  0.892 0.559000   49.13 0.000   1.80 0.000000 9.999 0.259000  0.20 0.000 0.042 0.559000   2.506 0.000   3.509 0.000  13.780 0.000  3.851 0.000   9.929 0.000 0.047 0.000  1.050 0.559000
129.208333 130.208333  1.469 0.559000   65.38 0.000   1.73 0.000000 9.999 0.259000  0.24 0.000 0.052 0.559000   3.841 0.000   5.378 0.000  20.212 0.000  3.968 0.000  16.244 0.000 0.058 0.000  1.710 0.559000
132.208333 133.208333  1.506 0.559000   55.01 0.000   1.23 0.000000 9.999 0.259000  0.41 0.000 0.116 0.559000   1.668 0.000   2.335 0.000  16.240 0.000  3.483 0.000  12.757 0.000 0.055 0.000  1.950 0.559000
135.208333 136.208333  0.827 0.559000   56.64 0.000   1.19 0.000000 0.037 0.000000  0.25 0.000 0.164 0.559000   1.816 0.000   2.542 0.000  15.707 0.000  6.009 0.000   9.698 0.000 0.061 0.000  1.170 0.559000
138.208333 139.208333  1.148 0.559000   36.79 0.000   1.48 0.000000 9.999 0.259000  0.23 0.000 0.111 0.559000   2.062 0.000   2.886 0.000  16.034 0.000  4.103 0.000  11.931 0.000 0.045 0.000  1.684 0.559000
141.208333 142.208333  1.000 0.559000   36.02 0.000   0.98 0.000000 9.999 0.259000  0.31 0.000 0.088 0.559000   2.468 0.000   3.455 0.000  16.819 0.000  4.849 0.000  11.970 0.000 0.043 0.000  1.493 0.559000
144.208333 145.208333  1.434 0.559000   20.73 0.000   0.92 0.000000 0.169 0.000000  0.39 0.000 0.071 0.559000   2.418 0.000   3.385 0.000  17.144 0.000  3.440 0.000  13.704 0.000 0.032 0.000  2.059 0.559000
147.208333 148.208333  1.228 0.000000   34.44 0.000   0.96 0.000000 9.999 0.259000  0.44 0.000 0.071 0.000000   2.762 0.000   3.867 0.000  17.127 0.000  4.041 0.000  13.086 0.000 0.044 0.000  1.775 0.000000
150.208333 151.208333  1.449 0.000000   26.78 0.000   0.77 0.000000 9.999 0.259000  0.37 0.000 0.061 0.000000   2.476 0.000   3.466 0.000  18.880 0.000  3.854 0.000  15.026 0.000 0.103 0.000  2.491 0.000000
153.208333 154.208333  1.654 0.559000   56.36 0.000   2.59 0.000000 9.999 0.259000  0.18 0.000 0.062 0.559000   2.315 0.000   3.241 0.000  18.530 0.000  3.376 0.000  15.154 0.000 0.053 0.000  2.314 0.559000
156.208333 157.208333  1.365 0.559000   24.55 0.000   1.48 0.000000 9.999 0.259000  0.17 0.000 0.019 0.559000   1.345 0.000   1.883 0.000  14.287 0.000  2.126 0.000  12.161 0.000 0.023 0.000  2.277 0.559000
159.208333 160.208333  1.367 0.000000   30.24 0.000   1.51 0.000000 9.999 0.259000  0.16 0.000 0.060 0.000000   2.616 0.000   3.662 0.000  15.497 0.000  1.555 0.000  13.942 0.000 0.063 0.000  1.867 0.000000
162.208333 163.208333  2.758 0.000000   63.36 0.000   1.54 0.000000 9.999 0.259000  0.18 0.000 0.033 0.000000   3.206 0.000   4.488 0.000  27.922 0.000  2.737 0.000  25.185 0.000 0.066 0.000  3.907 0.000000
165.208333 166.208333  1.478 0.559000   28.40 0.000  13.69 0.000000 0.153 0.000000  0.27 0.000 0.066 0.559000   2.320 0.000   3.248 0.000  15.961 0.000  2.350 0.000  13.611 0.000 0.039 0.000  2.004 0.559000
168.208333 169.208333  0.853 0.000000  240.62 0.000   1.20 0.000000 9.999 0.259000  0.23 0.000 0.062 0.000000   1.439 0.000   2.014 0.000  17.651 0.000  5.352 0.000  12.298 0.000 0.089 0.000  1.520 0.000000
171.208333 172.208333  2.196 0.000000   28.23 0.000   2.10 0.000000 9.999 0.259000 99.99 0.259 0.019 0.000000   1.801 0.000   2.521 0.000  19.225 0.000  2.651 0.000  16.574 0.000 0.032 0.000  3.187 0.000000
174.208333 175.208333  0.535 0.559000   27.32 0.000   1.18 0.000000 9.999 0.259000  0.19 0.000 0.047 0.559000   0.880 0.000   1.233 0.000   8.030 0.000  2.376 0.000   5.654 0.000 0.028 0.000  0.897 0.559000
177.208333 178.208333  1.867 0.000000   30.77 0.000   1.51 0.000000 9.999 0.259000  0.10 0.000 0.034 0.000000   1.821 0.000   2.549 0.000  19.517 0.000  4.031 0.000  15.487 0.000 0.099 0.000  2.823 0.000000
180.208333 181.208333  1.470 0.000000   30.72 0.000   1.48 0.000000 9.999 0.259000  0.12 0.000 0.048 0.000000   2.513 0.000   3.518 0.000  16.901 0.000  3.238 0.000  13.662 0.000 0.065 0.000  1.908 0.000000
183.208333 184.208333  0.411 0.559000   23.85 0.000   0.31 0.000000 9.999 0.259000  0.13 0.000 0.039 0.559000   0.772 0.000   1.080 0.000   7.378 0.000  2.239 0.000   5.139 0.000 0.021 0.000  0.767 0.559000
186.208333 187.208333  0.723 0.559000  237.37 0.000   1.40 0.000000 9.999 0.259000  0.18 0.000 0.076 0.559000   1.608 0.000   2.251 0.000  22.651 0.000  9.680 0.000  12.971 0.000 0.161 0.000  1.224 0.559000
189.208333 190.208333  0.692 0.559000   41.30 0.000   0.98 0.000000 9.999 0.259000 99.99 0.259 0.034 0.559000   1.595 0.000   2.233 0.000  11.226 0.000  2.653 0.000   8.573 0.000 0.039 0.000  1.116 0.559000
192.208333 193.208333  0.674 0.559000   73.75 0.000   0.74 0.000000 9.999 0.259000  0.11 0.000 0.039 0.559000   1.613 0.000   2.258 0.000  12.623 0.000  3.242 0.000   9.381 0.000 0.058 0.000  1.146 0.559000
195.208333 196.208333 99.999 0.999000 9999.99 0.999 999.99 0.999000 9.999 0.999000 99.99 0.999 9.999 0.999000 999.999 0.999 999.999 0.999 999.999 0.999 99.999 0.999 999.999 0.999 9.999 0.999 99.999 0.999000
198.208333 199.208333  1.999 0.559000   53.06 0.000   2.24 0.000000 9.999 0.259000 99.99 0.259 0.042 0.559000   3.161 0.000   4.425 0.000  23.648 0.000  3.157 0.000  20.491 0.000 0.059 0.000  3.019 0.559000
201.208333 202.208333  1.800 0.559000   20.22 0.000   2.00 0.000000 9.999 0.259000  0.17 0.000 0.021 0.559000   2.555 0.000   3.577 0.000  22.228 0.000  1.921 0.000  20.307 0.000 0.054 0.000  3.487 0.559000
204.208333 205.208333  0.749 0.559000   32.45 0.000   0.70 0.000000 9.999 0.259000 99.99 0.259 0.018 0.559000   2.202 0.000   3.083 0.000  13.744 0.000  3.037 0.000  10.707 0.000 0.055 0.000  1.340 0.559000
207.208333 208.208333  1.186 0.559394   14.88 0.394 999.99 0.394259 9.999 0.394259  0.28 0.394 0.026 0.559394   1.694 0.000   2.371 0.000  18.020 0.000  1.365 0.000  16.655 0.000 0.021 0.394  2.931 0.559394
210.208333 211.208333 99.999 0.999000 9999.99 0.999 999.99 0.999000 9.999 0.999000 99.99 0.999 9.999 0.999000 999.999 0.999 999.999 0.999 999.999 0.999 99.999 0.999 999.999 0.999 9.999 0.999 99.999 0.999000
213.208333 214.208333  0.982 0.559000   19.05 0.000   0.42 0.000000 9.999 0.259000  0.19 0.000 0.036 0.559000   1.838 0.000   2.574 0.000  13.156 0.000  1.787 0.000  11.369 0.000 0.031 0.000  1.691 0.559000
216.208333 217.208333  2.016 0.559000   36.05 0.000   1.28 0.000000 9.999 0.259000 99.99 0.259 0.030 0.559000  10.049 0.000  14.069 0.000  23.171 0.000  2.707 0.000  20.465 0.000 0.053 0.000  3.233 0.559000
219.208333 220.208333  1.759 0.559000   23.05 0.000   1.85 0.000000 9.999 0.259000  0.23 0.000 0.040 0.559000   2.330 0.000   3.263 0.000  15.362 0.000  2.241 0.000  13.121 0.000 0.036 0.000  2.595 0.559000
222.208333 223.208333  1.516 0.559000   45.12 0.000   1.42 0.000000 9.999 0.259000  0.14 0.000 0.022 0.559000 999.999 0.999 999.999 0.999  22.693 0.000  2.450 0.000  20.243 0.000 0.041 0.000  2.188 0.559000
225.208333 226.208333  1.053 0.559000   15.82 0.000   1.84 0.000000 9.999 0.259000  0.14 0.000 0.021 0.559000   1.833 0.000   2.566 0.000  11.574 0.559  0.897 0.000  10.677 0.000 0.025 0.000  2.017 0.559000
228.208333 229.208333  1.967 0.559000   83.15 0.000   1.40 0.000000 9.999 0.259000 99.99 0.259 0.030 0.559000   2.484 0.000   3.478 0.000  21.084 0.000  2.248 0.000  18.836 0.000 0.054 0.000  3.213 0.559000
