scripts/IMPROVE-2019_partial/data/US0082R.20050101050000.20191216000000.filterpack..pm25.52w.1w.US03L_filterpack_US0082.US03L_IMPROVE_Davis.lev2.nas
66 1001
MISSING INFORMATION
US03L, IMPROVE, , , , , , , 
MISSING INFORMATION
IMPROVE sel_HTAP
1 1
2005 01 01 2019 12 16
3.000000
days from file reference point
27
1 1 1 1 1 1 1 1 1 1 1 1 1 1 1 1 1 1 1 1 1 1 1 1 1 1 1
999.999999 999.99 9.999 99.99 9.999 9.999 9.999999 99.99 9.999999 9.999 9.999 99.999 9.999 999.999 9.999 99.99 9.999999 999.999 9.999 999.999 9.999 999.999 9.999 9.999 9.999 99.999 9.999
end_time of measurement, days from the file reference point
iron, ng/m3, Revision date=20181210133000
numflag iron, no unit, Revision date=20181210133000
lead, ng/m3, Revision date=20181210133000
numflag lead, no unit, Revision date=20181210133000
magnesium, ug/m3, Revision date=20181210133000
numflag magnesium, no unit, Revision date=20181210133000
nickel, ng/m3, Revision date=20181210133000
numflag nickel, no unit, Revision date=20181210133000
nitrate, ug N/m3, Revision date=20181210133000
numflag nitrate, no unit, Revision date=20181210133000
organic_carbon, ug C/m3, Revision date=20181210133000
numflag organic_carbon, no unit, Revision date=20181210133000
organic_mass, ug/m3, Revision date=20181210133000
numflag organic_mass, no unit, Revision date=20181210133000
phosphorus, ng/m3, Revision date=20181210133000
numflag phosphorus, no unit, Revision date=20181210133000
pm10_mass, ug/m3, Version=2, Version description=Data extracted from http://views.cira.colostate.edu/fed/DataWizard 2019-12-16, Sample duration=1d, Orig. time res.=3d, Matrix=pm10, Blank correction=Blank corrected, Volume std. temperature=ambient, Volume std. pressure=ambient
numflag pm10_mass, no unit, Version=2, Version description=Data extracted from http://views.cira.colostate.edu/fed/DataWizard 2019-12-16, Sample duration=1d, Orig. time res.=3d, Matrix=pm10, Blank correction=Blank corrected, Volume std. temperature=ambient, Volume std. pressure=ambient
pm10_pm25_mass, ug/m3, Revision date=20181210133000, Matrix=pm10_pm25
numflag pm10_pm25_mass, no unit, Revision date=20181210133000, Matrix=pm10_pm25
pm25_mass, ug/m3, Version=2, Version description=Data extracted from http://views.cira.colostate.edu/fed/DataWizard 2019-12-16, Sample duration=1d, Orig. time res.=3d, Blank correction=Blank corrected, Volume std. temperature=ambient, Volume std. pressure=ambient
numflag pm25_mass, no unit, Version=2, Version description=Data extracted from http://views.cira.colostate.edu/fed/DataWizard 2019-12-16, Sample duration=1d, Orig. time res.=3d, Blank correction=Blank corrected, Volume std. temperature=ambient, Volume std. pressure=ambient
potassium, ug/m3, Revision date=20181210133000
numflag potassium, no unit, Revision date=20181210133000
sulphate_total, ug S/m3, Revision date=20181210133000
numflag sulphate_total, no unit, Revision date=20181210133000
0
25
Data definition:              EBAS_1.1
Set type code:                TU
Timezone:                     UTC
File name:                    US0082R.20050101050000.20191216000000.filterpack..pm25.52w.1w.US03L_filterpack_US0082.US03L_IMPROVE_Davis.lev2.nas
File creation:                20191218120057
Startdate:                    20050101050000
Revision date:                20191216000000
Statistics:                   arithmetic mean
Data level:                   2
Period code:                  52w
Resolution code:              1w
Station code:                 US0082R
Platform code:                US0082S
Station name:                 Lye Brook Wilderness
Station latitude:             43.1482
Station longitude:            -73.1268
Station altitude:             1015.0 m
Regime:                       IMG
Component:                    
Matrix:                       pm25
Laboratory code:              US03L
Instrument type:              filterpack
Instrument name:              filterpack_US0082
Method ref:                   US03L_IMPROVE_Davis
starttime endtime Fe flag_Fe Pb flag_Pb Mg++ flag_Mg++ Ni flag_Ni NO3- flag_NO3- OC flag_OC OM flag_OM P flag_P PM10 flag_PM10 PM10-PM2.5 flag_PM10-PM2.5 PM2.5 flag_PM2.5 K+ flag_K+ SO4-- flag_SO4--
  0.208333   1.208333 999.99 0.999 99.99 0.999 9.999 0.999000 99.99 0.999000 9.999 0.999 99.999 0.999 999.999 0.999 99.99 0.999000 999.999 0.999 999.999 0.999 999.999 0.999 9.999 0.999 99.999 0.999
  3.208333   4.208333   0.99 0.000  1.53 0.000 9.999 0.259000  0.15 0.000000 0.022 0.559  0.029 0.000   0.053 0.000 99.99 0.259000   0.887 0.000   0.361 0.000   0.530 0.000 0.004 0.000  0.070 0.559
  6.208333   7.208333   3.10 0.000  1.24 0.000 9.999 0.259000  0.27 0.000000 0.032 0.559  0.196 0.000   0.352 0.000 99.99 0.259000   2.486 0.000   1.134 0.000   1.352 0.000 0.009 0.000  0.169 0.559
  9.208333  10.208333   3.56 0.000  0.78 0.000 9.999 0.259000  0.32 0.000000 0.081 0.559  0.165 0.000   0.297 0.000 99.99 0.259000   4.481 0.000   2.092 0.000   2.388 0.000 0.009 0.000  0.482 0.559
 12.208333  13.208333   1.28 0.000  0.63 0.000 0.013 0.000000  0.22 0.000000 0.062 0.559  0.148 0.559   0.266 0.559 99.99 0.259000   4.197 0.659   2.562 0.000   1.635 0.000 0.007 0.000  0.212 0.559
 15.208333  16.208333  11.17 0.000  1.24 0.000 9.999 0.259000  0.36 0.000000 0.139 0.000  0.567 0.559   1.020 0.559 99.99 0.259000   5.820 0.000   2.553 0.000   3.266 0.000 0.025 0.000  0.345 0.000
 18.208333  19.208333  10.47 0.000  0.97 0.000 9.999 0.259000  1.49 0.000000 0.096 0.559  0.400 0.559   0.720 0.559 99.99 0.259000   7.099 0.000   4.620 0.000   2.478 0.000 0.016 0.000  0.244 0.559
 21.208333  22.208333   4.33 0.000  0.85 0.000 9.999 0.259000  0.30 0.000000 0.031 0.559  0.396 0.559   0.713 0.559 99.99 0.259000   5.254 0.000   3.266 0.000   1.987 0.000 0.012 0.000  0.200 0.559
 24.208333  25.208333  16.54 0.000  1.31 0.000 9.999 0.259000  0.38 0.000000 0.117 0.559  0.498 0.559   0.895 0.559 99.99 0.259000   3.656 0.000   1.059 0.000   2.610 0.000 0.022 0.000  0.294 0.559
 27.208333  28.208333   3.33 0.000  0.49 0.000 9.999 0.259000  0.34 0.000000 0.027 0.559  0.212 0.559   0.382 0.559 99.99 0.259000   2.904 0.000   1.800 0.000   1.103 0.000 0.010 0.000  0.111 0.559
 30.208333  31.208333  11.90 0.000  1.17 0.000 9.999 0.259000  0.33 0.000000 0.091 0.559  0.728 0.559   1.310 0.559 99.99 0.259000   5.159 0.000   2.200 0.000   2.958 0.000 0.021 0.000  0.214 0.559
 33.208333  34.208333   6.73 0.000  0.57 0.000 9.999 0.259000  0.21 0.000000 0.012 0.000  0.850 0.000   1.531 0.000 99.99 0.259000   2.907 0.000   1.687 0.000   1.220 0.000 0.010 0.000  0.115 0.000
 36.208333  37.208333  12.33 0.000  1.66 0.000 9.999 0.259000  0.39 0.000000 0.028 0.559  0.698 0.000   1.256 0.000 99.99 0.259000   5.443 0.000   1.623 0.000   3.819 0.000 0.024 0.000  0.457 0.559
 39.208333  40.208333   6.87 0.000  1.17 0.000 9.999 0.259000  0.35 0.000000 0.059 0.559  0.574 0.000   1.033 0.000 99.99 0.259000   4.528 0.000   2.200 0.000   2.327 0.000 0.013 0.000  0.398 0.559
 42.208333  43.208333   2.87 0.000  0.41 0.000 9.999 0.259000  0.15 0.000000 0.135 0.559  0.163 0.000   0.294 0.000 99.99 0.259000   2.662 0.000   1.041 0.000   1.620 0.000 0.007 0.000  0.267 0.559
 45.208333  46.208333   6.69 0.000  0.93 0.000 0.007 0.000000  0.19 0.000000 0.037 0.559  0.220 0.000   0.396 0.000 99.99 0.259000   2.931 0.000   1.002 0.000   1.942 0.000 0.007 0.000  0.361 0.559
 48.208333  49.208333   8.48 0.000  0.82 0.000 0.011 0.000000  0.30 0.000000 0.088 0.559  0.291 0.000   0.525 0.000 99.99 0.259000   3.336 0.000   1.096 0.000   2.240 0.000 0.017 0.000  0.299 0.559
 51.208333  52.208333   4.14 0.000  0.80 0.000 9.999 0.259000  0.51 0.000000 0.021 0.559  0.304 0.000   0.547 0.000 99.99 0.259000   1.980 0.000   0.625 0.000   1.355 0.000 0.012 0.000  0.153 0.559
 54.208333  55.208333   9.47 0.000  0.50 0.000 9.999 0.259000  0.36 0.000000 0.050 0.559  0.355 0.000   0.639 0.000 99.99 0.259000   3.409 0.000   1.407 0.000   2.002 0.000 0.017 0.000  0.172 0.559
 57.208333  58.208333  11.72 0.000  0.97 0.000 9.999 0.259000  0.60 0.000000 0.130 0.559  0.587 0.000   1.057 0.000 99.99 0.259000   4.962 0.000   1.921 0.000   3.041 0.000 0.030 0.000  0.304 0.559
 60.208333  61.208333   6.92 0.000  0.73 0.000 0.008 0.000000  0.14 0.000000 0.020 0.000  0.114 0.000   0.206 0.000 99.99 0.259000   2.994 0.000   1.157 0.000   1.836 0.000 0.013 0.000  0.213 0.000
 63.208333  64.208333  16.65 0.000  1.38 0.000 9.999 0.259000  0.19 0.000000 0.162 0.559  0.676 0.000   1.217 0.000 99.99 0.259000   5.383 0.000   1.409 0.000   3.973 0.000 0.023 0.000  0.411 0.559
 66.208333  67.208333  16.06 0.000 99.99 0.259 9.999 0.259000 99.99 0.259000 0.090 0.000  0.471 0.000   0.847 0.000 99.99 0.259000   4.919 0.000   2.015 0.000   2.930 0.000 0.022 0.000  0.321 0.000
 69.208333  70.208333  20.53 0.000  1.32 0.000 9.999 0.259000  0.95 0.000000 0.087 0.559  0.580 0.000   1.044 0.000 99.99 0.259000   6.625 0.000   1.582 0.000   5.042 0.000 0.021 0.000  0.691 0.559
 72.208333  73.208333  13.71 0.000  1.42 0.000 0.009 0.000000  0.41 0.000000 0.042 0.559  0.396 0.000   0.712 0.000 99.99 0.259000   5.809 0.000   1.405 0.000   4.403 0.000 0.023 0.000  0.695 0.559
 75.208333  76.208333 999.99 0.999 99.99 0.999 9.999 0.999000 99.99 0.999000 9.999 0.999 99.999 0.999 999.999 0.999 99.99 0.999000 999.999 0.999 999.999 0.999 999.999 0.999 9.999 0.999 99.999 0.999
 78.208333  79.208333 999.99 0.999 99.99 0.999 9.999 0.999000 99.99 0.999000 9.999 0.999 99.999 0.999 999.999 0.999 99.99 0.999000 999.999 0.999 999.999 0.999 999.999 0.999 9.999 0.999 99.999 0.999
 81.208333  82.208333  16.11 0.000  1.22 0.000 9.999 0.259000  0.16 0.000000 0.070 0.000  0.360 0.000   0.648 0.000 99.99 0.259000   4.415 0.000   2.499 0.000   1.915 0.000 0.024 0.000  0.247 0.000
 84.208333  85.208333  38.16 0.000  2.78 0.000 9.999 0.259000  0.15 0.000000 0.071 0.000  0.522 0.000   0.940 0.000 99.99 0.259000   7.041 0.000   2.703 0.000   4.337 0.000 0.050 0.000  0.593 0.000
 87.208333  88.208333   4.08 0.000  0.62 0.000 9.999 0.259000  0.03 0.000000 0.036 0.000  0.101 0.000   0.182 0.000 99.99 0.259000   1.689 0.659   0.594 0.000   1.102 0.000 0.010 0.000  0.183 0.000
 90.208333  91.208333  10.02 0.000  1.03 0.000 9.999 0.259000  0.58 0.000000 0.056 0.000  0.528 0.000   0.950 0.000 99.99 0.259000   6.795 0.000   2.024 0.000   4.770 0.000 0.012 0.000  0.857 0.000
 93.208333  94.208333   0.07 0.000  0.35 0.000 9.999 0.259000 99.99 0.259000 0.005 0.000  0.007 0.000   0.013 0.000 99.99 0.259000 999.999 0.259 999.999 0.259 999.999 0.259 0.001 0.000  0.015 0.000
 96.208333  97.208333 999.99 0.999 99.99 0.999 9.999 0.999000 99.99 0.999000 9.999 0.999 99.999 0.999 999.999 0.999 99.99 0.999000 999.999 0.999 999.999 0.999 999.999 0.999 9.999 0.999 99.999 0.999
 99.208333 100.208333  22.12 0.000  3.31 0.000 9.999 0.259000  0.46 0.000000 0.035 0.000  0.907 0.000   1.632 0.000 99.99 0.259000   6.086 0.000   2.497 0.000   3.588 0.000 0.032 0.000  0.373 0.000
102.208333 103.208333  11.50 0.000  0.82 0.000 9.999 0.259000  0.18 0.000000 0.030 0.000  0.297 0.000   0.534 0.000 99.99 0.259000   4.031 0.000   2.198 0.000   1.832 0.000 0.013 0.000  0.193 0.000
105.208333 106.208333  28.81 0.000  1.70 0.000 9.999 0.259000  0.23 0.000000 0.042 0.000  0.681 0.559   1.226 0.559 99.99 0.259000   6.601 0.659   3.559 0.000   3.041 0.000 0.032 0.000  0.276 0.000
108.208333 109.208333  35.58 0.394  1.20 0.394 9.999 0.394259 99.99 0.394259 0.034 0.394  0.730 0.000   1.313 0.000 99.99 0.394259   9.136 0.659   4.745 0.000   4.452 0.000 0.031 0.394  0.445 0.394
111.208333 112.208333 999.99 0.999 99.99 0.999 9.999 0.999000 99.99 0.999000 9.999 0.999 99.999 0.999 999.999 0.999 99.99 0.999000 999.999 0.999 999.999 0.999 999.999 0.999 9.999 0.999 99.999 0.999
114.208333 115.208333   4.98 0.000  0.90 0.000 9.999 0.259000  0.22 0.000000 0.024 0.000  0.384 0.000   0.691 0.000 99.99 0.259000   3.666 0.000   0.451 0.000   3.214 0.000 0.007 0.000  0.557 0.000
117.208333 118.208333 999.99 0.999 99.99 0.999 9.999 0.999000 99.99 0.999000 9.999 0.999 99.999 0.999 999.999 0.999 99.99 0.999000 999.999 0.999 999.999 0.999 999.999 0.999 9.999 0.999 99.999 0.999
120.208333 121.208333 999.99 0.999 99.99 0.999 9.999 0.999000 99.99 0.999000 9.999 0.999 99.999 0.999 999.999 0.999 99.99 0.999000 999.999 0.999 999.999 0.999 999.999 0.999 9.999 0.999 99.999 0.999
123.208333 124.208333 999.99 0.999 99.99 0.999 9.999 0.999000 99.99 0.999000 9.999 0.999 99.999 0.999 999.999 0.999 99.99 0.999000 999.999 0.999 999.999 0.999 999.999 0.999 9.999 0.999 99.999 0.999
126.208333 127.208333 999.99 0.999 99.99 0.999 9.999 0.999000 99.99 0.999000 9.999 0.999 99.999 0.999 999.999 0.999 99.99 0.999000 999.999 0.999 999.999 0.999 999.999 0.999 9.999 0.999 99.999 0.999
129.208333 130.208333 999.99 0.999 99.99 0.999 9.999 0.999000 99.99 0.999000 9.999 0.999 99.999 0.999 999.999 0.999 99.99 0.999000 999.999 0.999 999.999 0.999 999.999 0.999 9.999 0.999 99.999 0.999
132.208333 133.208333  30.15 0.000  1.14 0.000 0.011 0.000000 99.99 0.259000 0.020 0.000  0.312 0.559   0.562 0.559 99.99 0.259000 999.999 0.456   2.012 0.000   2.053 0.000 0.022 0.000  0.193 0.000
135.208333 136.208333  14.26 0.000  1.71 0.000 9.999 0.259000  0.31 0.000000 0.086 0.000  1.791 0.559   3.224 0.559 99.99 0.259000   6.139 0.000   1.607 0.000   4.531 0.000 0.015 0.000  0.750 0.000
138.208333 139.208333  12.47 0.000  1.09 0.000 0.020 0.000000 99.99 0.259000 0.037 0.000  0.285 0.000   0.514 0.000 99.99 0.259000  18.532 0.659  16.311 0.000   2.220 0.000 0.011 0.000  0.252 0.000
141.208333 142.208333   0.43 0.000 99.99 0.259 9.999 0.259000 99.99 0.259000 0.006 0.000 99.999 0.259 999.999 0.259 99.99 0.259000   3.300 0.659   2.666 0.000   0.635 0.000 0.002 0.000  0.010 0.000
144.208333 145.208333   1.54 0.000 99.99 0.259 9.999 0.259000 99.99 0.259000 0.009 0.000  0.191 0.000   0.343 0.000 99.99 0.259000   2.818 0.000   1.969 0.000   0.849 0.000 0.003 0.000  0.064 0.000
147.208333 148.208333  23.77 0.000  2.59 0.000 9.999 0.259000  0.30 0.000000 0.172 0.000  0.881 0.000   1.585 0.000 99.99 0.259000   8.311 0.659   2.902 0.000   5.408 0.000 0.026 0.000  0.655 0.000
150.208333 151.208333   7.23 0.000  1.14 0.000 0.015 0.000000  0.13 0.000000 0.009 0.000  0.674 0.000   1.212 0.000 99.99 0.259000   5.748 0.659   1.789 0.000   3.983 0.000 0.012 0.000  0.574 0.000
153.208333 154.208333  43.45 0.000  2.33 0.000 9.999 0.259000  0.99 0.000000 0.070 0.000  1.453 0.000   2.616 0.000 99.99 0.259000  16.745 0.659   5.233 0.000  11.509 0.000 0.026 0.000  1.800 0.000
156.208333 157.208333  18.27 0.000  1.84 0.000 9.999 0.259000  0.31 0.000000 0.025 0.000  1.436 0.000   2.585 0.000 99.99 0.259000  15.524 0.659   3.484 0.000  12.039 0.000 0.025 0.000  2.024 0.000
159.208333 160.208333  43.63 0.000  2.31 0.000 9.999 0.259000  1.62 0.000000 0.038 0.000  1.794 0.000   3.229 0.000 99.99 0.259000  23.152 0.659   4.183 0.000  18.967 0.000 0.031 0.000  3.117 0.000
162.208333 163.208333  36.42 0.000  2.33 0.000 9.999 0.259000  0.60 0.000000 0.030 0.000  1.772 0.000   3.190 0.000 99.99 0.259000  23.682 0.659   2.477 0.000  21.203 0.000 0.036 0.000  4.106 0.000
165.208333 166.208333  12.70 0.000  0.58 0.000 9.999 0.259000  0.41 0.000000 0.060 0.000  1.025 0.000   1.845 0.000 99.99 0.259000   8.613 0.659   1.663 0.000   6.949 0.000 0.016 0.000  1.098 0.000
168.208333 169.208333   0.80 0.000  0.47 0.000 9.999 0.259000 99.99 0.259000 0.019 0.000  0.195 0.000   0.351 0.000  7.11 0.000000   0.976 0.659   0.528 0.000   0.448 0.000 0.004 0.000  0.045 0.000
171.208333 172.208333  22.34 0.000  2.06 0.000 9.999 0.259000  0.52 0.000000 0.055 0.000  1.645 0.000   2.960 0.000 99.99 0.259000  14.356 0.659   3.487 0.000  10.907 0.000 0.023 0.000  1.681 0.000
174.208333 175.208333 999.99 0.999 99.99 0.999 9.999 0.999000 99.99 0.999000 9.999 0.999 99.999 0.999 999.999 0.999 99.99 0.999000 999.999 0.999 999.999 0.999 999.999 0.999 9.999 0.999 99.999 0.999
177.208333 178.208333  53.45 0.000  2.77 0.000 9.999 0.259000  1.88 0.000000 0.055 0.000  3.905 0.000   7.030 0.000 99.99 0.259000  42.546 0.659  10.660 0.000  31.890 0.000 0.065 0.000  4.723 0.000
180.208333 181.208333  13.47 0.000  1.12 0.000 0.014 0.000000  0.28 0.000000 0.020 0.000  1.410 0.000   2.539 0.000 99.99 0.259000  19.978 0.659   7.160 0.000  12.816 0.000 0.025 0.000  2.139 0.000
183.208333 184.208333   5.14 0.000  0.78 0.000 9.999 0.259000 99.99 0.259000 0.006 0.000  0.798 0.000   1.437 0.000 99.99 0.259000   4.330 0.659   1.341 0.000   2.988 0.000 0.018 0.000  0.144 0.000
186.208333 187.208333  15.32 0.000  1.52 0.000 9.999 0.259000  0.18 0.000000 0.026 0.000  0.782 0.000   1.407 0.000 99.99 0.259000  12.146 0.659   1.240 0.000  10.905 0.000 0.062 0.000  1.918 0.000
189.208333 190.208333   0.87 0.000  0.48 0.000 0.006 0.000000 99.99 0.259000 0.007 0.000  0.038 0.000   0.068 0.000 99.99 0.259000   0.794 0.659   0.134 0.000   0.660 0.000 0.004 0.000  0.039 0.000
192.208333 193.208333  25.20 0.000  1.22 0.000 9.999 0.259000  0.33 0.000000 0.027 0.000  5.863 0.000  10.554 0.000 99.99 0.259000  17.740 0.659   4.396 0.000  13.354 0.000 0.089 0.000  0.449 0.000
195.208333 196.208333  24.93 0.000  0.91 0.000 9.999 0.259000  2.31 0.000000 0.015 0.000  2.067 0.000   3.720 0.000 99.99 0.259000  12.959 0.659   2.321 0.000  10.637 0.000 0.042 0.000  1.140 0.000
198.208333 199.208333  15.42 0.000  0.76 0.000 9.999 0.259000  0.78 0.000000 0.033 0.000  0.682 0.000   1.228 0.000 99.99 0.259000  16.438 0.659   0.866 0.000  15.569 0.000 0.016 0.000  3.023 0.000
201.208333 202.208333  16.16 0.000  1.39 0.000 9.999 0.259000  0.20 0.000000 0.029 0.000  1.576 0.000   2.837 0.000 99.99 0.259000   9.808 0.659   4.197 0.000   5.610 0.000 0.018 0.000  0.422 0.000
204.208333 205.208333  10.29 0.000  1.57 0.000 9.999 0.259000  0.21 0.000000 0.013 0.000  2.013 0.000   3.623 0.000 99.99 0.259000   7.650 0.659   1.844 0.000   5.806 0.000 0.050 0.000  0.278 0.000
207.208333 208.208333  20.14 0.000  0.67 0.000 9.999 0.259000  0.22 0.000000 0.039 0.000  0.990 0.000   1.782 0.000 99.99 0.259000  10.359 0.659   2.122 0.000   8.236 0.000 0.017 0.000  1.263 0.000
210.208333 211.208333  15.50 0.000  1.73 0.000 9.999 0.259000  0.16 0.000000 0.022 0.000  1.316 0.000   2.368 0.000 99.99 0.259000   8.930 0.659   2.501 0.000   6.428 0.000 0.016 0.000  0.752 0.000
213.208333 214.208333  20.34 0.000  1.94 0.000 0.007 0.000000  0.26 0.000000 0.063 0.000  1.526 0.000   2.746 0.000 99.99 0.259000  13.567 0.659   1.517 0.000  12.065 0.000 0.025 0.000  1.723 0.000
216.208333 217.208333  43.09 0.000  1.78 0.000 9.999 0.259000  1.48 0.000000 0.028 0.000  2.022 0.000   3.639 0.000 99.99 0.259000  24.892 0.659   6.938 0.000  17.952 0.000 0.030 0.000  2.822 0.000
219.208333 220.208333  39.92 0.000  3.48 0.000 9.999 0.259000  2.09 0.000000 0.037 0.000  2.554 0.000   4.596 0.000 99.99 0.259000  22.634 0.659   1.981 0.000  20.650 0.000 0.037 0.000  3.094 0.000
222.208333 223.208333  24.93 0.000  1.62 0.000 9.999 0.259000  1.84 0.000000 0.031 0.000  1.534 0.000   2.761 0.000 99.99 0.259000  15.214 0.659   2.339 0.000  12.873 0.000 0.030 0.000  2.081 0.000
225.208333 226.208333  26.22 0.000  1.79 0.000 9.999 0.259000  0.15 0.000000 0.034 0.000  1.645 0.000   2.961 0.000 99.99 0.259000  10.998 0.659   1.559 0.000   9.437 0.000 0.036 0.000  1.222 0.000
228.208333 229.208333  18.27 0.000  1.16 0.000 9.999 0.259000  0.19 0.000000 0.037 0.000  1.199 0.000   2.157 0.000 99.99 0.259000   8.519 0.659   3.192 0.000   5.326 0.000 0.024 0.000  0.500 0.000
231.208333 232.208333  11.58 0.000  1.10 0.000 9.999 0.259000  0.93 0.000000 0.027 0.000  0.829 0.000   1.493 0.000 99.99 0.259000   9.570 0.659   0.928 0.000   8.641 0.000 0.013 0.000  1.500 0.000
234.208333 235.208333 999.99 0.456 99.99 0.456 9.999 0.456000 99.99 0.456000 0.017 0.000  0.317 0.000   0.570 0.000 99.99 0.456000   2.665 0.659 999.999 0.456 999.999 0.456 9.999 0.456  0.164 0.000
237.208333 238.208333  15.40 0.000  0.83 0.000 9.999 0.259000  0.21 0.000000 0.008 0.000  0.850 0.000   1.530 0.000 99.99 0.259000   5.898 0.659   2.451 0.000   3.447 0.000 0.018 0.000  0.154 0.000
