scripts/IMPROVE-2019_partial/data/US0086R.20050101050000.20191216000000.filterpack..pm25.52w.1w.US03L_filterpack_US0086.US03L_IMPROVE_Davis.lev2.nas
66 1001
MISSING INFORMATION
US03L, IMPROVE, , , , , , , 
MISSING INFORMATION
IMPROVE sel_HTAP
1 1
2005 01 01 2019 12 16
3.000000
days from file reference point
27
1 1 1 1 1 1 1 1 1 1 1 1 1 1 1 1 1 1 1 1 1 1 1 1 1 1 1
999.999999 99.999 9.999 9999.99 9.999 99.99 9.999 9.999 9.999999 99.99 9.999 9.999 9.999 99.999 9.999 99.999 9.999 999.999 9.999 99.999 9.999 999.999 9.999 9.999 9.999 99.999 9.999
end_time of measurement, days from the file reference point
ammonium, ug N/m3, Revision date=20181210133000
numflag ammonium, no unit, Revision date=20181210133000
iron, ng/m3, Revision date=20181210133000
numflag iron, no unit, Revision date=20181210133000
lead, ng/m3, Revision date=20181210133000
numflag lead, no unit, Revision date=20181210133000
magnesium, ug/m3, Revision date=20181210133000
numflag magnesium, no unit, Revision date=20181210133000
nickel, ng/m3, Revision date=20181210133000
numflag nickel, no unit, Revision date=20181210133000
nitrate, ug N/m3, Revision date=20181210133000
numflag nitrate, no unit, Revision date=20181210133000
organic_carbon, ug C/m3, Revision date=20181210133000
numflag organic_carbon, no unit, Revision date=20181210133000
organic_mass, ug/m3, Revision date=20181210133000
numflag organic_mass, no unit, Revision date=20181210133000
pm10_mass, ug/m3, Version=2, Version description=Data extracted from http://views.cira.colostate.edu/fed/DataWizard 2019-12-16, Sample duration=1d, Orig. time res.=3d, Matrix=pm10, Blank correction=Blank corrected, Volume std. temperature=ambient, Volume std. pressure=ambient
numflag pm10_mass, no unit, Version=2, Version description=Data extracted from http://views.cira.colostate.edu/fed/DataWizard 2019-12-16, Sample duration=1d, Orig. time res.=3d, Matrix=pm10, Blank correction=Blank corrected, Volume std. temperature=ambient, Volume std. pressure=ambient
pm10_pm25_mass, ug/m3, Revision date=20181210133000, Matrix=pm10_pm25
numflag pm10_pm25_mass, no unit, Revision date=20181210133000, Matrix=pm10_pm25
pm25_mass, ug/m3, Version=2, Version description=Data extracted from http://views.cira.colostate.edu/fed/DataWizard 2019-12-16, Sample duration=1d, Orig. time res.=3d, Blank correction=Blank corrected, Volume std. temperature=ambient, Volume std. pressure=ambient
numflag pm25_mass, no unit, Version=2, Version description=Data extracted from http://views.cira.colostate.edu/fed/DataWizard 2019-12-16, Sample duration=1d, Orig. time res.=3d, Blank correction=Blank corrected, Volume std. temperature=ambient, Volume std. pressure=ambient
potassium, ug/m3, Revision date=20181210133000
numflag potassium, no unit, Revision date=20181210133000
sulphate_total, ug S/m3, Revision date=20181210133000
numflag sulphate_total, no unit, Revision date=20181210133000
0
25
Data definition:              EBAS_1.1
Set type code:                TU
Timezone:                     UTC
File name:                    US0086R.20050101050000.20191216000000.filterpack..pm25.52w.1w.US03L_filterpack_US0086.US03L_IMPROVE_Davis.lev2.nas
File creation:                20191218120113
Startdate:                    20050101050000
Revision date:                20191216000000
Statistics:                   arithmetic mean
Data level:                   2
Period code:                  52w
Resolution code:              1w
Station code:                 US0086R
Platform code:                US0086S
Station name:                 Dolly Sods Wilderness
Station latitude:             39.1053
Station longitude:            -79.4261
Station altitude:             1182.0 m
Regime:                       IMG
Component:                    
Matrix:                       pm25
Laboratory code:              US03L
Instrument type:              filterpack
Instrument name:              filterpack_US0086
Method ref:                   US03L_IMPROVE_Davis
starttime endtime NH4+ flag_NH4+ Fe flag_Fe Pb flag_Pb Mg++ flag_Mg++ Ni flag_Ni NO3- flag_NO3- OC flag_OC OM flag_OM PM10 flag_PM10 PM10-PM2.5 flag_PM10-PM2.5 PM2.5 flag_PM2.5 K+ flag_K+ SO4-- flag_SO4--
[from data line 84]
252.208333 253.208333  2.402 0.000   46.45 0.000  2.90 0.000 9.999 0.259000  0.21 0.000 0.025 0.000  1.827 0.000  3.288 0.000  23.585 0.000  3.507 0.000  20.071 0.000 0.034 0.000  3.768 0.000
255.208333 256.208333  1.865 0.000   32.45 0.000  1.86 0.000 9.999 0.259000  0.26 0.000 0.016 0.000  1.643 0.000  2.957 0.000  19.197 0.000  3.870 0.000  15.344 0.000 0.033 0.000  2.601 0.000
258.208333 259.208333  1.328 0.000   40.61 0.000  2.18 0.000 9.999 0.259000  0.46 0.000 0.068 0.000  3.314 0.000  5.965 0.000  20.270 0.000  5.262 0.000  15.002 0.000 0.076 0.000  1.846 0.000
261.208333 262.208333  1.903 0.000   20.18 0.000  2.89 0.000 9.999 0.259000  0.15 0.000 0.017 0.000  2.790 0.000  5.021 0.000  23.046 0.000  5.252 0.000  17.787 0.000 0.037 0.000  2.950 0.000
264.208333 265.208333  1.853 0.000   30.74 0.000  2.76 0.000 9.999 0.259000  0.19 0.000 0.027 0.000  2.712 0.000  4.882 0.000  22.047 0.000  3.649 0.000  18.390 0.000 0.045 0.000  3.040 0.000
267.208333 268.208333  1.839 0.000   20.78 0.000  1.42 0.000 9.999 0.259000  0.46 0.000 0.024 0.000  0.922 0.000  1.660 0.000  22.918 0.000  2.623 0.000  20.288 0.000 0.028 0.000  4.079 0.000
270.208333 271.208333  1.089 0.000   24.16 0.000  1.60 0.000 9.999 0.259000  0.23 0.000 0.056 0.000 99.999 0.456 99.999 0.456 999.999 0.456 99.999 0.999  14.441 0.000 0.142 0.000  1.388 0.000
273.208333 274.208333  0.763 0.000   19.00 0.000  1.62 0.000 0.020 0.000000  0.13 0.000 0.020 0.000 99.999 0.456 99.999 0.456 999.999 0.456 99.999 0.999   7.387 0.000 0.025 0.000  1.105 0.000
276.208333 277.208333  1.231 0.000   21.98 0.000  1.14 0.000 0.019 0.000000  1.19 0.000 0.074 0.000 99.999 0.456 99.999 0.456 999.999 0.456 99.999 0.999   8.725 0.000 0.022 0.000  1.353 0.000
279.208333 280.208333  0.055 0.000    2.72 0.000  0.16 0.000 9.999 0.259000  0.24 0.000 0.015 0.000  0.364 0.000  0.656 0.000   2.292 0.000  0.809 0.000   1.482 0.000 0.009 0.000  0.216 0.000
282.208333 283.208333  0.201 0.000    3.72 0.000  1.56 0.000 0.016 0.000000 99.99 0.259 0.021 0.000  2.426 0.000  4.367 0.000   5.978 0.000  0.908 0.000   5.068 0.000 0.034 0.000  0.325 0.000
285.208333 286.208333  0.394 0.000    6.42 0.000  0.63 0.000 0.050 0.000000 99.99 0.259 0.026 0.000  0.640 0.000  1.152 0.000  10.260 0.000  0.574 0.000   9.683 0.000 0.009 0.000  1.674 0.000
288.208333 289.208333  0.394 0.000   15.19 0.000  1.35 0.000 9.999 0.259000 99.99 0.259 0.062 0.000  0.563 0.000  1.013 0.000   7.143 0.000  3.468 0.000   3.675 0.000 0.022 0.000  0.504 0.000
291.208333 292.208333  1.057 0.000   40.87 0.000  2.06 0.000 9.999 0.259000 99.99 0.259 0.067 0.000  1.688 0.000  3.038 0.000  15.884 0.000  6.245 0.000   9.636 0.000 0.057 0.000  1.195 0.000
294.208333 295.208333  0.364 0.000    6.04 0.000  1.13 0.000 9.999 0.259000 99.99 0.259 0.061 0.000  0.561 0.000  1.010 0.000   4.746 0.000  0.497 0.000   4.247 0.000 0.016 0.000  0.653 0.000
297.208333 298.208333  0.075 0.000    1.99 0.000  0.57 0.000 9.999 0.259000 99.99 0.259 0.008 0.000  1.561 0.000  2.809 0.000   3.328 0.000 99.999 0.259   3.491 0.000 0.010 0.000  0.179 0.000
300.208333 301.208333  0.524 0.000   11.10 0.000  1.55 0.000 0.010 0.000000  0.15 0.000 0.047 0.000  1.775 0.000  3.195 0.000   8.036 0.000  0.835 0.000   7.200 0.000 0.018 0.000  0.897 0.000
303.208333 304.208333  0.788 0.000   16.60 0.000  1.87 0.000 9.999 0.259000  0.18 0.000 0.014 0.000  1.123 0.000  2.021 0.000   8.262 0.000  1.773 0.000   6.487 0.000 0.036 0.000  0.924 0.000
306.208333 307.208333  0.499 0.000   19.00 0.000  1.75 0.000 9.999 0.259000 99.99 0.259 0.157 0.000  0.785 0.000  1.414 0.000   7.271 0.000  3.406 0.000   3.863 0.000 0.028 0.000  0.484 0.000
309.208333 310.208333  0.752 0.000   12.16 0.000  0.77 0.000 9.999 0.259000 99.99 0.259 0.042 0.000  1.028 0.000  1.850 0.000   9.365 0.000  2.863 0.000   6.500 0.000 0.029 0.000  1.068 0.000
312.208333 313.208333  0.620 0.000   13.47 0.000  0.87 0.000 9.999 0.259000  0.37 0.000 0.055 0.000  1.454 0.000  2.617 0.000  10.065 0.000  2.723 0.000   7.339 0.000 0.037 0.000  0.970 0.000
315.208333 316.208333  0.230 0.000   15.33 0.000  0.92 0.000 9.999 0.259000 99.99 0.259 0.026 0.000  0.548 0.000  0.986 0.000   4.776 0.000  2.101 0.000   2.674 0.000 0.023 0.000  0.267 0.000
318.208333 319.208333  0.742 0.000   14.84 0.000  0.97 0.000 0.009 0.000000  0.37 0.000 0.067 0.000  1.150 0.000  2.070 0.000   9.767 0.000  1.904 0.000   7.888 0.000 0.025 0.000  1.293 0.000
321.208333 322.208333  0.577 0.000   13.46 0.000  0.69 0.000 9.999 0.259000  0.16 0.000 0.210 0.000  0.581 0.000  1.045 0.000   5.764 0.000  1.716 0.000   4.047 0.000 0.026 0.000  0.523 0.000
324.208333 325.208333  0.552 0.000   19.94 0.000  1.94 0.000 9.999 0.259000 99.99 0.259 0.052 0.000  3.083 0.000  5.549 0.000  11.251 0.000  3.219 0.000   8.028 0.000 0.055 0.000  0.607 0.000
327.208333 328.208333  0.608 0.000    8.69 0.000  0.41 0.000 9.999 0.259000 99.99 0.259 0.231 0.000  1.419 0.000  2.554 0.000   6.793 0.000  1.582 0.000   5.210 0.000 0.014 0.000  0.585 0.000
330.208333 331.208333  0.256 0.000    9.89 0.000  0.56 0.000 9.999 0.259000 99.99 0.259 0.020 0.000  0.427 0.000  0.769 0.000   4.688 0.000  1.980 0.000   2.707 0.000 0.018 0.000  0.353 0.000
333.208333 334.208333  0.597 0.000   23.38 0.000  1.59 0.000 9.999 0.259000  0.26 0.000 0.101 0.000  1.521 0.000  2.737 0.000   9.491 0.000  2.570 0.000   6.920 0.000 0.035 0.000  0.925 0.000
336.208333 337.208333  0.427 0.000   15.10 0.000  1.52 0.000 9.999 0.259000 99.99 0.259 0.217 0.000  1.078 0.000  1.941 0.000   5.254 0.000  1.537 0.000   3.716 0.000 0.025 0.000  0.341 0.000
339.208333 340.208333  0.758 0.000   15.52 0.000  1.46 0.000 9.999 0.259000  0.14 0.000 0.123 0.000  1.404 0.000  2.527 0.000  11.175 0.000  0.813 0.000  10.372 0.000 0.027 0.000  1.680 0.000
342.208333 343.208333  0.770 0.000   13.54 0.000  2.52 0.000 9.999 0.259000 99.99 0.259 0.185 0.000  1.854 0.000  3.337 0.000   8.499 0.000  1.054 0.000   7.444 0.000 0.026 0.000  1.068 0.000
345.208333 346.208333  0.411 0.000   11.31 0.000  0.94 0.000 9.999 0.259000  0.13 0.000 0.084 0.000  1.674 0.000  3.014 0.000   6.142 0.000  0.494 0.000   5.646 0.000 0.019 0.000  0.664 0.000
348.208333 349.208333  0.235 0.000    5.04 0.000  0.32 0.000 9.999 0.259000  0.35 0.000 0.065 0.000  0.475 0.000  0.856 0.000   2.984 0.000  0.627 0.000   2.357 0.000 0.013 0.000  0.306 0.000
351.208333 352.208333  0.432 0.000   20.61 0.000  2.39 0.000 9.999 0.259000  0.17 0.000 0.056 0.000  1.359 0.000  2.446 0.000   7.042 0.000  1.698 0.000   5.342 0.000 0.031 0.000  0.620 0.000
354.208333 355.208333  0.612 0.000   18.90 0.000  2.65 0.000 9.999 0.259000  0.23 0.000 0.159 0.000  0.758 0.000  1.365 0.000   7.812 0.000  1.957 0.000   5.854 0.000 0.029 0.000  0.934 0.000
357.208333 358.208333  0.234 0.000 9999.99 0.456 99.99 0.456 9.999 0.456000 99.99 0.456 0.044 0.000  0.915 0.000  1.647 0.000   4.627 0.000 99.999 0.456 999.999 0.456 9.999 0.456  0.254 0.000
360.208333 361.208333  0.330 0.000   15.55 0.000  0.42 0.000 9.999 0.259000  0.19 0.000 0.044 0.000  1.000 0.000  1.800 0.000   6.906 0.000  0.583 0.000   6.323 0.000 0.021 0.000  0.907 0.000
363.208333 364.208333  0.203 0.000    3.12 0.000  0.48 0.000 9.999 0.259000 99.99 0.259 0.010 0.000  0.543 0.000  0.977 0.000   4.405 0.000  0.656 0.000   3.749 0.000 0.009 0.000  0.580 0.000
