scripts/IMPROVE-2019_partial/data/US0034R.20150103060000.20191216000000.filterpack...1y.3d.US03L_filterpack_US0034.US03L_IMPROVE_Davis.lev2.nas
51 1001
MISSING INFORMATION
US03L, IMPROVE, , , , , , , 
MISSING INFORMATION
IMPROVE sel_HTAP
1 1
2015 01 01 2019 12 16
3.00
days from file reference point
4
1 1 1 1
999.99 999.999 999.999 9.999
end_time of measurement, days from the file reference point
pm10_mass, ug/m3, Matrix=pm10
pm25_mass, ug/m3, Matrix=pm25
numflag, no unit
0
33
Data definition:              EBAS_1.1
Set type code:                TU
Timezone:                     UTC
File name:                    US0034R.20150103060000.20191216000000.filterpack...1y.3d.US03L_filterpack_US0034.US03L_IMPROVE_Davis.lev2.nas
File creation:                20191218115740
Startdate:                    20150103060000
Revision date:                20191216000000
Version:                      2
Version description:          "Data extracted from http://views.cira.colostate.edu/fed/DataWizard 2019-12-16"
Statistics:                   arithmetic mean
Data level:                   2
Period code:                  1y
Resolution code:              3d
Sample duration:              1d
Orig. time res.:              3d
Station code:                 US0034R
Platform code:                US0034S
Station name:                 Lake Sugema 2
Station latitude:             40.6932
Station longitude:            -92.0059
Station altitude:             229.0 m
Regime:                       IMG
Component:                    
Unit:                         ug/m3
Matrix:                       
Laboratory code:              US03L
Instrument type:              filterpack
Instrument name:              filterpack_US0034
Method ref:                   US03L_IMPROVE_Davis
Blank correction:             Blank corrected
Volume std. temperature:      ambient
Volume std. pressure:         ambient
starttime endtime PM10 PM2.5 flag
  2.25   3.25  11.251  10.633 0.000
  5.25   6.25   9.285   7.318 0.000
  8.25   9.25  14.080   3.994 0.000
 11.25  12.25  16.091  10.752 0.000
 14.25  15.25  19.178  12.455 0.000
 17.25  18.25   3.704   2.241 0.000
 20.25  21.25   1.523   5.929 0.000
 23.25  24.25  10.845   5.235 0.000
 26.25  27.25   7.470   6.100 0.000
 29.25  30.25   6.645   3.300 0.000
 32.25  33.25   5.023   4.122 0.000
 35.25  36.25  10.069   7.674 0.000
 38.25  39.25  26.786  24.111 0.000
 41.25  42.25  11.924   8.238 0.000
 44.25  45.25  11.561   5.619 0.000
 47.25  48.25  20.586   5.803 0.000
 50.25  51.25  18.003  11.691 0.000
 53.25  54.25  20.793   5.761 0.000
 56.25  57.25   9.856   6.321 0.000
 59.25  60.25  20.261  17.444 0.000
 62.25  63.25   8.101   3.155 0.000
 65.25  66.25   8.379   4.450 0.000
 68.25  69.25  24.155  17.070 0.000
 71.25  72.25  23.572  15.867 0.000
 74.25  75.25  16.500   7.238 0.000
 77.25  78.25  15.050   7.893 0.000
 80.25  81.25  15.234   9.163 0.000
 83.25  84.25  15.700   7.973 0.000
 86.25  87.25  11.001   5.214 0.000
 89.25  90.25  19.450   5.003 0.000
 92.25  93.25  15.503   3.806 0.000
 95.25  96.25  12.035   5.315 0.000
 98.25  99.25  11.737   7.514 0.000
101.25 102.25  11.377   5.658 0.000
104.25 105.25  24.819   4.950 0.000
107.25 108.25  21.476  10.780 0.000
110.25 111.25   9.127   2.041 0.000
113.25 114.25  17.367   4.854 0.000
116.25 117.25  11.651   4.614 0.000
119.25 120.25  28.524   5.388 0.000
122.25 123.25  20.565   9.761 0.000
125.25 126.25  15.639   8.667 0.000
128.25 129.25  10.095   3.924 0.000
131.25 132.25   9.734   2.904 0.000
134.25 135.25  11.730   5.645 0.000
137.25 138.25   8.623   1.798 0.000
140.25 141.25   9.359   3.611 0.000
143.25 144.25  10.579   6.839 0.000
146.25 147.25  10.720   4.409 0.000
149.25 150.25   6.526   1.652 0.000
152.25 153.25  10.173   4.661 0.000
155.25 156.25  28.587   6.969 0.000
158.25 159.25  17.189   8.242 0.000
161.25 162.25  12.010   7.268 0.000
164.25 165.25   8.245   4.740 0.000
167.25 168.25  10.158   6.006 0.000
170.25 171.25  12.528   6.297 0.000
173.25 174.25  11.710   4.664 0.000
176.25 177.25  13.292   8.729 0.000
179.25 180.25  17.116  12.648 0.000
182.25 183.25  14.731   6.247 0.000
185.25 186.25  27.117  21.710 0.000
188.25 189.25  14.096  11.309 0.000
191.25 192.25  13.184   8.476 0.000
194.25 195.25  19.133   5.901 0.000
197.25 198.25  18.704   8.178 0.000
200.25 201.25   8.107   3.851 0.000
203.25 204.25  15.811   8.438 0.000
206.25 207.25   5.694   2.970 0.000
209.25 210.25   9.127   2.833 0.000
212.25 213.25  14.975   4.924 0.000
215.25 216.25  18.914   6.162 0.000
218.25 219.25  21.949   9.727 0.000
221.25 222.25  10.003   5.383 0.000
224.25 225.25  17.507   5.556 0.000
227.25 228.25  23.009  13.212 0.000
230.25 231.25   6.023   2.547 0.000
233.25 234.25  12.741   8.306 0.000
236.25 237.25  12.500   2.671 0.000
239.25 240.25   9.241   7.799 0.000
242.25 243.25  16.618  15.826 0.000
245.25 246.25  11.914   8.896 0.000
248.25 249.25  18.124  15.660 0.000
251.25 252.25   5.128   4.173 0.000
254.25 255.25   2.650   1.710 0.000
257.25 258.25  11.127   6.572 0.000
260.25 261.25   3.692   3.650 0.000
263.25 264.25   7.059   4.372 0.000
266.25 267.25  12.789   9.234 0.000
269.25 270.25   7.786   6.699 0.000
272.25 273.25   4.550   2.170 0.000
275.25 276.25   6.983   2.555 0.000
278.25 279.25   6.649   4.420 0.000
281.25 282.25  10.591   4.824 0.000
284.25 285.25  28.806   7.851 0.000
287.25 288.25  20.301   5.947 0.000
290.25 291.25  10.683   3.809 0.000
293.25 294.25 999.999   9.510 0.000
296.25 297.25 999.999   2.970 0.000
299.25 300.25 999.999   2.725 0.000
302.25 303.25 999.999   3.205 0.000
305.25 306.25 999.999   2.963 0.000
308.25 309.25 999.999   4.945 0.000
311.25 312.25 999.999   4.155 0.000
314.25 315.25 999.999   7.011 0.000
317.25 318.25 999.999   3.863 0.000
320.25 321.25 999.999   3.326 0.000
323.25 324.25 999.999   1.337 0.000
326.25 327.25 999.999   3.764 0.000
329.25 330.25 999.999   4.748 0.000
332.25 333.25 999.999   5.511 0.000
335.25 336.25 999.999   6.430 0.000
338.25 339.25 999.999   5.417 0.000
341.25 342.25 999.999   5.380 0.000
344.25 345.25 999.999   5.598 0.000
347.25 348.25 999.999   0.373 0.000
350.25 351.25 999.999   3.125 0.000
353.25 354.25 999.999   4.280 0.000
356.25 357.25 999.999   3.731 0.000
359.25 360.25 999.999   8.162 0.000
362.25 363.25 999.999   3.412 0.000
