scripts/IMPROVE-2019_partial/data/US0027R.20000101070000.20191216000000.filterpack..pm25.52w.1w.US03L_filterpack_US0027.US03L_IMPROVE_Davis.lev2.nas
64 1001
MISSING INFORMATION
US03L, IMPROVE, , , , , , , 
MISSING INFORMATION
IMPROVE sel_HTAP
1 1
2000 01 01 2019 12 16
0
days from file reference point
25
1 1 1 1 1 1 1 1 1 1 1 1 1 1 1 1 1 1 1 1 1 1 1 1 1
999.999999 9999.99 9.999 99.99 9.999999 9.999 9.999999 99.99 9.999999 9.999 9.999 99.999 9.999 99.999 9.999 999.999 9.999 999.999 9.999 999.999 9.999 9.999 9.999 9.999 9.999
end_time of measurement, days from the file reference point
iron, ng/m3, Revision date=20181210133000
numflag iron, no unit, Revision date=20181210133000
lead, ng/m3, Revision date=20181210133000
numflag lead, no unit, Revision date=20181210133000
magnesium, ug/m3, Revision date=20181210133000
numflag magnesium, no unit, Revision date=20181210133000
nickel, ng/m3, Revision date=20181210133000
numflag nickel, no unit, Revision date=20181210133000
nitrate, ug N/m3, Revision date=20181210133000
numflag nitrate, no unit, Revision date=20181210133000
organic_carbon, ug C/m3, Revision date=20181210133000
numflag organic_carbon, no unit, Revision date=20181210133000
organic_mass, ug/m3, Revision date=20181210133000
numflag organic_mass, no unit, Revision date=20181210133000
pm10_mass, ug/m3, Version=2, Version description=Data extracted from http://views.cira.colostate.edu/fed/DataWizard 2019-12-16, Sample duration=1d, Orig. time res.=3d, Matrix=pm10, Blank correction=Blank corrected, Volume std. temperature=ambient, Volume std. pressure=ambient
numflag pm10_mass, no unit, Version=2, Version description=Data extracted from http://views.cira.colostate.edu/fed/DataWizard 2019-12-16, Sample duration=1d, Orig. time res.=3d, Matrix=pm10, Blank correction=Blank corrected, Volume std. temperature=ambient, Volume std. pressure=ambient
pm10_pm25_mass, ug/m3, Revision date=20181210133000, Matrix=pm10_pm25
numflag pm10_pm25_mass, no unit, Revision date=20181210133000, Matrix=pm10_pm25
pm25_mass, ug/m3, Version=2, Version description=Data extracted from http://views.cira.colostate.edu/fed/DataWizard 2019-12-16, Sample duration=1d, Orig. time res.=3d, Blank correction=Blank corrected, Volume std. temperature=ambient, Volume std. pressure=ambient
numflag pm25_mass, no unit, Version=2, Version description=Data extracted from http://views.cira.colostate.edu/fed/DataWizard 2019-12-16, Sample duration=1d, Orig. time res.=3d, Blank correction=Blank corrected, Volume std. temperature=ambient, Volume std. pressure=ambient
potassium, ug/m3, Revision date=20181210133000
numflag potassium, no unit, Revision date=20181210133000
sulphate_total, ug S/m3, Revision date=20181210133000
numflag sulphate_total, no unit, Revision date=20181210133000
0
25
Data definition:              EBAS_1.1
Set type code:                TI
Timezone:                     UTC
File name:                    US0027R.20000101070000.20191216000000.filterpack..pm25.52w.1w.US03L_filterpack_US0027.US03L_IMPROVE_Davis.lev2.nas
File creation:                20191218115716
Startdate:                    20000101070000
Revision date:                20191216000000
Statistics:                   arithmetic mean
Data level:                   2
Period code:                  52w
Resolution code:              1w
Station code:                 US0027R
Platform code:                US0027S
Station name:                 Great Sand Dunes NM
Station latitude:             37.7249
Station longitude:            -105.5185
Station altitude:             2498.0 m
Regime:                       IMG
Component:                    
Matrix:                       pm25
Laboratory code:              US03L
Instrument type:              filterpack
Instrument name:              filterpack_US0027
Method ref:                   US03L_IMPROVE_Davis
starttime endtime Fe flag_Fe Pb flag_Pb Mg++ flag_Mg++ Ni flag_Ni NO3- flag_NO3- OC flag_OC OM flag_OM PM10 flag_PM10 PM10-PM2.5 flag_PM10-PM2.5 PM2.5 flag_PM2.5 K+ flag_K+ SO4-- flag_SO4--
[from data line 87]
294.291667 295.291667   28.92 0.000  0.21 0.000000 9.999 0.259000 99.99 0.259000 0.027 0.000  0.561 0.000  0.785 0.000   6.492 0.000   3.578 0.000   2.914 0.000 0.022 0.000 0.332 0.000
297.291667 298.291667    6.26 0.000 99.99 0.259000 9.999 0.259000 99.99 0.259000 0.019 0.000  0.402 0.000  0.563 0.000   1.219 0.000   0.428 0.000   0.790 0.000 0.010 0.000 0.085 0.000
300.291667 301.291667   16.29 0.000  0.39 0.000000 9.999 0.259000 99.99 0.259000 0.065 0.000  0.580 0.000  0.812 0.000   2.687 0.000   1.005 0.000   1.682 0.000 0.011 0.000 0.194 0.000
303.291667 304.291667    8.65 0.000  0.21 0.000000 9.999 0.259000 99.99 0.259000 0.021 0.000  0.332 0.000  0.465 0.000   2.162 0.000   0.348 0.000   1.814 0.000 0.009 0.000 0.238 0.000
306.291667 307.291667   16.68 0.000  0.49 0.000000 9.999 0.259000 99.99 0.259000 0.041 0.000  0.233 0.000  0.326 0.000   3.681 0.000   2.072 0.000   1.610 0.000 0.014 0.000 0.180 0.000
309.291667 310.291667   33.68 0.000 99.99 0.259000 9.999 0.259000 99.99 0.259000 0.011 0.000  0.043 0.000  0.061 0.000   6.024 0.000   4.667 0.000   1.357 0.000 0.030 0.000 0.095 0.000
312.291667 313.291667   15.32 0.000  0.81 0.000000 9.999 0.259000 99.99 0.259000 0.041 0.000  0.913 0.000  1.278 0.000   5.351 0.000   2.599 0.000   2.752 0.000 0.024 0.000 0.139 0.000
315.291667 316.291667    9.59 0.000  0.22 0.000000 9.999 0.259000 99.99 0.259000 0.023 0.000  0.202 0.000  0.283 0.000   2.655 0.000   1.375 0.000   1.280 0.000 0.010 0.000 0.130 0.000
318.291667 319.291667    7.86 0.000  0.46 0.000000 9.999 0.259000 99.99 0.259000 0.045 0.000  0.455 0.000  0.636 0.000   2.973 0.000   1.261 0.000   1.713 0.000 0.015 0.000 0.155 0.000
321.291667 322.291667   14.93 0.000  0.58 0.000000 9.999 0.259000  0.12 0.000000 0.117 0.000  0.509 0.000  0.712 0.000  10.659 0.000   7.742 0.000   2.917 0.000 0.018 0.000 0.260 0.000
324.291667 325.291667   10.82 0.000  0.69 0.000000 9.999 0.259000 99.99 0.259000 0.009 0.000  0.202 0.000  0.283 0.000   1.898 0.000   0.799 0.000   1.098 0.000 0.009 0.000 0.100 0.000
327.291667 328.291667   17.70 0.559  0.56 0.559000 9.999 0.559259 99.99 0.559259 0.103 0.000  0.312 0.000  0.437 0.000   7.273 0.000   5.693 0.000   1.580 0.559 0.017 0.559 0.097 0.000
330.291667 331.291667   10.79 0.000  0.35 0.000000 9.999 0.259000 99.99 0.259000 0.024 0.000  0.211 0.000  0.296 0.000   3.328 0.000   1.778 0.000   1.550 0.000 0.011 0.000 0.154 0.000
333.291667 334.291667   13.97 0.000  0.23 0.000000 9.999 0.259000 99.99 0.259000 0.016 0.000  0.353 0.000  0.495 0.000   3.556 0.000   2.420 0.000   1.136 0.000 0.012 0.000 0.081 0.000
336.291667 337.291667   41.52 0.000  0.50 0.000000 9.999 0.259000 99.99 0.259000 0.067 0.000  0.583 0.000  0.816 0.000  11.463 0.000   8.831 0.000   2.632 0.000 0.031 0.000 0.133 0.000
339.291667 340.291667   28.18 0.000  0.46 0.000000 9.999 0.259000 99.99 0.259000 0.037 0.000  1.455 0.000  2.038 0.000  15.026 0.000  11.769 0.000   3.258 0.000 0.023 0.000 0.154 0.000
342.291667 343.291667   19.67 0.000  0.48 0.000000 9.999 0.259000 99.99 0.259000 0.051 0.000  0.492 0.000  0.688 0.000   5.229 0.000   3.588 0.000   1.641 0.000 0.021 0.000 0.157 0.000
345.291667 346.291667  253.88 0.000 99.99 0.259000 9.999 0.259000 99.99 0.259000 0.016 0.000  0.486 0.000  0.680 0.000  23.527 0.000  15.060 0.000   8.466 0.000 0.209 0.000 0.158 0.000
348.291667 349.291667   15.57 0.000  0.34 0.000000 9.999 0.259000 99.99 0.259000 0.025 0.559  1.001 0.000  1.402 0.000   9.891 0.000   7.766 0.000   2.125 0.000 0.014 0.000 0.141 0.559
351.291667 352.291667  114.85 0.000 99.99 0.259000 9.999 0.259000 99.99 0.259000 0.020 0.559  0.457 0.000  0.639 0.000  13.300 0.000   9.127 0.000   4.173 0.000 0.101 0.000 0.059 0.559
354.291667 355.291667   44.12 0.000  0.28 0.000000 9.999 0.259000 99.99 0.259000 0.019 0.000  2.142 0.000  2.999 0.000  14.015 0.000  10.495 0.000   3.520 0.000 0.038 0.000 0.112 0.000
357.291667 358.291667   15.01 0.000  0.22 0.000000 9.999 0.259000 99.99 0.259000 0.031 0.559  0.280 0.000  0.393 0.000   3.263 0.000   2.248 0.000   1.015 0.000 0.012 0.000 0.104 0.559
360.291667 361.291667   18.50 0.000  0.60 0.000000 9.999 0.259000 99.99 0.259000 0.029 0.000  0.442 0.000  0.619 0.000   7.826 0.000   5.743 0.000   2.083 0.000 0.016 0.000 0.269 0.000
363.291667 364.291667   10.37 0.000  0.15 0.000000 9.999 0.259000 99.99 0.259000 0.026 0.000  0.597 0.000  0.836 0.000  10.227 0.000   8.832 0.000   1.395 0.000 0.008 0.000 0.137 0.000
