scripts/IMPROVE-2019_partial/data/US0010U.20170101060000.20191216000000.filterpack...52w.3d.US03L_filterpack_US0010.US03L_IMPROVE_Davis.lev2.nas
52 1001
MISSING INFORMATION
US03L, IMPROVE, , , , , , , 
MISSING INFORMATION
IMPROVE sel_HTAP
1 1
2017 01 01 2019 12 16
3.00
days from file reference point
5
1 1 1 1 1
999.99 999.999 9.999 999.999 9.999
end_time of measurement, days from the file reference point
pm10_mass, ug/m3, Matrix=pm10
numflag pm10_mass, no unit, Matrix=pm10
pm25_mass, ug/m3, Matrix=pm25
numflag pm25_mass, no unit, Matrix=pm25
0
33
Data definition:              EBAS_1.1
Set type code:                TU
Timezone:                     UTC
File name:                    US0010U.20170101060000.20191216000000.filterpack...52w.3d.US03L_filterpack_US0010.US03L_IMPROVE_Davis.lev2.nas
File creation:                20191218115604
Startdate:                    20170101060000
Revision date:                20191216000000
Version:                      2
Version description:          "Data extracted from http://views.cira.colostate.edu/fed/DataWizard 2019-12-16"
Statistics:                   arithmetic mean
Data level:                   2
Period code:                  52w
Resolution code:              3d
Sample duration:              1d
Orig. time res.:              3d
Station code:                 US0010U
Platform code:                US0010S
Station name:                 Birmingham
Station latitude:             33.5531
Station longitude:            -86.8148
Station altitude:             175.0 m
Regime:                       IMG
Component:                    
Unit:                         ug/m3
Matrix:                       
Laboratory code:              US03L
Instrument type:              filterpack
Instrument name:              filterpack_US0010
Method ref:                   US03L_IMPROVE_Davis
Blank correction:             Blank corrected
Volume std. temperature:      ambient
Volume std. pressure:         ambient
starttime endtime PM10 flag_PM10 PM2.5 flag_PM2.5
  0.25   1.25   4.012 0.000   2.878 0.000
  3.25   4.25   7.383 0.000   4.858 0.000
  6.25   7.25  11.127 0.000   7.818 0.000
  9.25  10.25  14.602 0.000   5.693 0.000
 12.25  13.25  17.214 0.000   6.168 0.000
 15.25  16.25  24.798 0.000  12.310 0.000
 18.25  19.25  10.759 0.000   6.741 0.000
 21.25  22.25   6.195 0.000   4.102 0.000
 24.25  25.25  11.351 0.000   5.369 0.000
 27.25  28.25   8.504 0.000   3.320 0.000
 30.25  31.25  21.678 0.000  10.874 0.000
 33.25  34.25   9.071 0.000   4.751 0.000
 36.25  37.25  15.689 0.000 999.999 0.456
 39.25  40.25   5.566 0.000   3.918 0.000
 42.25  43.25  15.221 0.000   8.919 0.000
 45.25  46.25   6.878 0.000   3.926 0.000
 48.25  49.25  17.537 0.000  13.486 0.000
 51.25  52.25  15.618 0.000  11.676 0.000
 54.25  55.25  15.905 0.000   7.420 0.000
 57.25  58.25  14.841 0.000  10.908 0.000
 60.25  61.25   7.063 0.000   2.798 0.000
 63.25  64.25  24.060 0.000  16.045 0.000
 66.25  67.25  22.465 0.000   6.775 0.000
 69.25  70.25   5.775 0.000   3.367 0.000
 72.25  73.25   7.711 0.000   6.007 0.000
 75.25  76.25  19.678 0.000  10.033 0.000
 78.25  79.25  23.085 0.000  11.014 0.000
 81.25  82.25  30.725 0.000  16.035 0.000
 84.25  85.25  13.550 0.000   6.095 0.000
 87.25  88.25  18.418 0.000   9.642 0.000
 90.25  91.25  11.168 0.000   5.791 0.000
 93.25  94.25  16.319 0.000   6.272 0.000
 96.25  97.25   7.635 0.000   2.956 0.000
 99.25 100.25  21.323 0.000   9.361 0.000
102.25 103.25  36.719 0.000  15.774 0.000
105.25 106.25  17.630 0.000   6.337 0.000
108.25 109.25  26.450 0.000  13.203 0.000
111.25 112.25  13.229 0.000   6.087 0.000
114.25 115.25  14.925 0.000   5.788 0.000
117.25 118.25  23.534 0.000  12.160 0.000
120.25 121.25  11.210 0.000   3.597 0.000
123.25 124.25  10.138 0.000   3.206 0.000
126.25 127.25  11.699 0.000   6.198 0.000
129.25 130.25  33.507 0.000  16.217 0.000
132.25 133.25  11.219 0.000   6.415 0.000
135.25 136.25  23.244 0.000  16.584 0.000
138.25 139.25  12.452 0.000   7.978 0.000
141.25 142.25   9.185 0.000   7.806 0.000
144.25 145.25   7.094 0.000   3.831 0.000
147.25 148.25   6.105 0.000   4.182 0.000
150.25 151.25  19.899 0.000  12.480 0.000
153.25 154.25  14.357 0.000  10.437 0.000
156.25 157.25   8.100 0.000   4.874 0.000
159.25 160.25  16.792 0.000   7.820 0.000
162.25 163.25  10.918 0.000   5.108 0.000
165.25 166.25  14.486 0.000   7.287 0.000
168.25 169.25   9.029 0.000   5.673 0.000
171.25 172.25   8.997 0.000   3.940 0.000
174.25 175.25   8.123 0.000   4.010 0.000
177.25 178.25  23.651 0.000  10.720 0.000
180.25 181.25  10.926 0.000   5.486 0.000
183.25 184.25  32.079 0.000  15.274 0.000
186.25 187.25  52.714 0.000   5.567 0.000
189.25 190.25  19.858 0.000   8.756 0.000
192.25 193.25  12.072 0.000   6.401 0.000
195.25 196.25  16.199 0.000  11.034 0.000
198.25 199.25  16.224 0.000   9.037 0.000
201.25 202.25  25.414 0.000  16.347 0.000
204.25 205.25  17.193 0.000   9.830 0.000
207.25 208.25  43.753 0.000  20.100 0.000
210.25 211.25  13.653 0.000   8.837 0.000
213.25 214.25  29.810 0.000  15.350 0.000
216.25 217.25  16.671 0.000  11.015 0.000
219.25 220.25   8.070 0.000   3.892 0.000
222.25 223.25  11.350 0.000   5.375 0.000
225.25 226.25  18.472 0.000   9.350 0.000
228.25 229.25  29.881 0.000  10.512 0.000
231.25 232.25  26.486 0.000  15.849 0.000
234.25 235.25  16.361 0.000   8.669 0.000
237.25 238.25  17.953 0.000  10.762 0.000
240.25 241.25  21.342 0.000  11.130 0.000
243.25 244.25   9.950 0.000   4.122 0.000
246.25 247.25  27.965 0.000  16.111 0.000
249.25 250.25  25.208 0.000   8.671 0.000
252.25 253.25  13.042 0.000   6.817 0.000
255.25 256.25  14.157 0.000   6.603 0.000
258.25 259.25  25.587 0.000  15.729 0.000
261.25 262.25  31.803 0.000  12.948 0.000
264.25 265.25  40.544 0.000  16.589 0.000
267.25 268.25  31.474 0.000  14.255 0.000
270.25 271.25  26.367 0.000  11.066 0.000
273.25 274.25  14.146 0.000   4.893 0.000
276.25 277.25  27.363 0.000   8.782 0.000
279.25 280.25  14.909 0.000   6.396 0.000
282.25 283.25  16.274 0.000   8.636 0.000
285.25 286.25  37.309 0.000  14.557 0.000
288.25 289.25   6.874 0.000   2.660 0.000
291.25 292.25  31.305 0.000  13.945 0.000
294.25 295.25  13.355 0.000   4.754 0.000
297.25 298.25  15.701 0.000   4.662 0.000
300.25 301.25   5.118 0.000   2.353 0.000
303.25 304.25  21.446 0.000  10.084 0.000
306.25 307.25  20.601 0.000   9.029 0.000
309.25 310.25  17.862 0.000   9.312 0.000
312.25 313.25   9.392 0.000   4.959 0.000
315.25 316.25  16.762 0.000   8.541 0.000
318.25 319.25  26.390 0.000  17.379 0.000
321.25 322.25  15.270 0.000   7.162 0.000
324.25 325.25  28.803 0.000  11.996 0.000
327.25 328.25  29.178 0.000  17.035 0.000
330.25 331.25  31.608 0.000  13.642 0.000
333.25 334.25  24.033 0.000  13.207 0.000
336.25 337.25  33.368 0.000  20.098 0.000
339.25 340.25   8.124 0.000   3.047 0.000
342.25 343.25   8.669 0.000   4.691 0.000
345.25 346.25  11.779 0.000   5.064 0.000
348.25 349.25  18.077 0.000  10.590 0.000
351.25 352.25  21.002 0.000  12.454 0.000
354.25 355.25   8.799 0.000   3.486 0.000
357.25 358.25   3.464 0.000   2.312 0.000
360.25 361.25 999.999 0.999 999.999 0.999
363.25 364.25  15.255 0.000   9.343 0.000
