scripts/IMPROVE-2019_partial/data/US0017R.20100102070000.20191216000000.filterpack...52w.3d.US03L_filterpack_US0017.US03L_IMPROVE_Davis.lev2.nas
51 1001
MISSING INFORMATION
US03L, IMPROVE, , , , , , , 
MISSING INFORMATION
IMPROVE sel_HTAP
1 1
2010 01 01 2019 12 16
3.000000
days from file reference point
4
1 1 1 1
999.999999 999.999 999.999 9.999
end_time of measurement, days from the file reference point
pm10_mass, ug/m3, Matrix=pm10
pm25_mass, ug/m3, Matrix=pm25
numflag, no unit
0
33
Data definition:              EBAS_1.1
Set type code:                TU
Timezone:                     UTC
File name:                    US0017R.20100102070000.20191216000000.filterpack...52w.3d.US03L_filterpack_US0017.US03L_IMPROVE_Davis.lev2.nas
File creation:                20191218115631
Startdate:                    20100102070000
Revision date:                20191216000000
Version:                      2
Version description:          "Data extracted from http://views.cira.colostate.edu/fed/DataWizard 2019-12-16"
Statistics:                   arithmetic mean
Data level:                   2
Period code:                  52w
Resolution code:              3d
Sample duration:              1d
Orig. time res.:              3d
Station code:                 US0017R
Platform code:                US0017S
Station name:                 Douglas
Station latitude:             31.3492
Station longitude:            -109.5397
Station altitude:             1230.0 m
Regime:                       IMG
Component:                    
Unit:                         ug/m3
Matrix:                       
Laboratory code:              US03L
Instrument type:              filterpack
Instrument name:              filterpack_US0017
Method ref:                   US03L_IMPROVE_Davis
Blank correction:             Blank corrected
Volume std. temperature:      ambient
Volume std. pressure:         ambient
starttime endtime PM10 PM2.5 flag
  1.291667   2.291667  22.491   8.877 0.000
  4.291667   5.291667  26.824   6.938 0.000
  7.291667   8.291667  35.380  10.017 0.000
 10.291667  11.291667  29.468  10.200 0.000
 13.291667  14.291667  41.389  10.610 0.000
 16.291667  17.291667  51.334  13.901 0.000
 19.291667  20.291667  12.185   5.993 0.000
 22.291667  23.291667   3.732   1.315 0.000
 25.291667  26.291667  20.664   6.014 0.000
 28.291667  29.291667   8.000   3.131 0.000
 31.291667  32.291667  20.087   6.299 0.000
 34.291667  35.291667  24.833   5.514 0.000
 37.291667  38.291667  17.712   4.116 0.000
 40.291667  41.291667  14.590   3.564 0.000
 43.291667  44.291667  20.394   4.659 0.000
 46.291667  47.291667  19.268   4.526 0.000
 49.291667  50.291667  45.235   9.298 0.000
 52.291667  53.291667  10.333   1.946 0.000
 55.291667  56.291667  22.450   7.862 0.000
 58.291667  59.291667   7.630   1.848 0.000
 61.291667  62.291667  30.216  13.766 0.000
 64.291667  65.291667  39.456  11.622 0.000
 67.291667  68.291667  21.257   5.261 0.000
 70.291667  71.291667  31.438   6.590 0.000
 73.291667  74.291667   9.882   1.777 0.000
 76.291667  77.291667  23.896   7.468 0.000
 79.291667  80.291667  16.448   5.579 0.000
 82.291667  83.291667   9.462   4.238 0.000
 85.291667  86.291667  21.559   5.844 0.000
 88.291667  89.291667  51.116  10.789 0.000
 91.291667  92.291667  12.322   3.342 0.000
 94.291667  95.291667  24.845   6.992 0.000
 97.291667  98.291667  18.012   6.633 0.000
100.291667 101.291667  22.420   5.932 0.000
103.291667 104.291667  43.858   9.023 0.000
106.291667 107.291667  19.635   4.696 0.000
109.291667 110.291667  25.016   9.975 0.000
112.291667 113.291667   5.375   1.632 0.000
115.291667 116.291667  22.734   6.294 0.000
118.291667 119.291667  70.143  12.687 0.000
121.291667 122.291667  35.775   7.551 0.000
124.291667 125.291667  23.163   9.262 0.000
127.291667 128.291667  41.355   8.236 0.000
130.291667 131.291667  33.591  12.262 0.000
133.291667 134.291667  28.503  10.393 0.000
136.291667 137.291667  29.719  12.818 0.000
139.291667 140.291667  27.997   9.638 0.000
142.291667 143.291667  42.846   9.727 0.000
145.291667 146.291667  33.013   9.516 0.000
148.291667 149.291667  22.146   5.123 0.000
151.291667 152.291667  25.426   7.308 0.000
154.291667 155.291667  22.491   9.242 0.000
157.291667 158.291667  27.672   7.214 0.000
160.291667 161.291667  40.388  14.755 0.000
163.291667 164.291667  49.077  12.059 0.000
166.291667 167.291667  34.827  11.650 0.000
169.291667 170.291667  26.454   8.834 0.000
172.291667 173.291667  24.008   5.970 0.000
175.291667 176.291667  14.943   6.721 0.000
178.291667 179.291667  19.917   4.323 0.000
181.291667 182.291667  17.977   4.790 0.000
184.291667 185.291667  31.095   7.532 0.000
187.291667 188.291667  38.995   8.054 0.000
190.291667 191.291667  11.336   3.642 0.000
193.291667 194.291667  14.647   5.306 0.000
196.291667 197.291667  12.700   3.957 0.000
199.291667 200.291667  15.483   5.486 0.000
202.291667 203.291667   9.981   3.790 0.000
205.291667 206.291667  13.544   4.384 0.000
208.291667 209.291667   9.967   3.748 0.000
211.291667 212.291667   6.447   2.379 0.000
214.291667 215.291667  24.159   5.715 0.000
217.291667 218.291667  15.255   4.783 0.000
220.291667 221.291667  15.895   4.483 0.000
223.291667 224.291667  30.410  14.083 0.000
226.291667 227.291667  14.352   7.641 0.000
229.291667 230.291667   5.117   2.624 0.000
232.291667 233.291667   7.588   4.636 0.000
235.291667 236.291667   8.563   5.567 0.000
238.291667 239.291667  15.329   6.815 0.000
241.291667 242.291667   8.382   3.557 0.000
244.291667 245.291667   7.485   4.418 0.000
247.291667 248.291667  14.182   6.186 0.000
250.291667 251.291667  19.764   7.617 0.000
253.291667 254.291667  18.306   4.546 0.000
256.291667 257.291667  20.661   5.039 0.000
259.291667 260.291667  24.636   6.413 0.000
262.291667 263.291667  25.736   4.859 0.000
265.291667 266.291667  15.063   5.140 0.000
268.291667 269.291667  14.127  10.677 0.000
271.291667 272.291667  44.910   8.814 0.000
274.291667 275.291667  27.095   6.507 0.000
277.291667 278.291667  10.935  10.196 0.000
280.291667 281.291667  21.620   7.741 0.000
283.291667 284.291667  20.762   5.577 0.000
286.291667 287.291667  18.754   7.660 0.000
289.291667 290.291667  19.948   5.930 0.000
292.291667 293.291667  21.915   5.957 0.000
295.291667 296.291667  21.250   4.807 0.000
298.291667 299.291667  19.464   9.780 0.000
301.291667 302.291667  50.133  17.599 0.000
304.291667 305.291667  32.477   9.911 0.000
307.291667 308.291667  20.739  11.572 0.000
310.291667 311.291667  39.698  10.099 0.000
313.291667 314.291667  39.367  10.993 0.000
316.291667 317.291667  21.363   7.784 0.000
319.291667 320.291667  33.330   7.979 0.000
322.291667 323.291667  49.907  14.636 0.000
325.291667 326.291667  18.161   5.529 0.000
328.291667 329.291667  11.563  13.606 0.000
331.291667 332.291667  51.503  13.013 0.000
334.291667 335.291667  25.339  12.959 0.000
337.291667 338.291667  40.365  17.112 0.000
340.291667 341.291667  31.775  14.127 0.000
343.291667 344.291667  47.654  13.714 0.000
346.291667 347.291667  61.757  12.328 0.000
349.291667 350.291667  45.898  22.732 0.000
352.291667 353.291667  36.577   8.667 0.000
355.291667 356.291667  68.086  15.431 0.000
358.291667 359.291667  14.666   3.562 0.000
361.291667 362.291667  24.225  12.227 0.000
364.291667 365.291667  13.956   6.997 0.000
