scripts/IMPROVE-2019_partial/data/US0018U.20120101080000.20191216000000.filterpack...52w.3d.US03L_filterpack_US0018.US03L_IMPROVE_Davis.lev2.nas
52 1001
MISSING INFORMATION
US03L, IMPROVE, , , , , , , 
MISSING INFORMATION
IMPROVE sel_HTAP
1 1
2012 01 01 2019 12 16
3.000000
days from file reference point
5
1 1 1 1 1
999.999999 999.999 9.999 999.999 9.999
end_time of measurement, days from the file reference point
pm10_mass, ug/m3, Matrix=pm10
numflag pm10_mass, no unit, Matrix=pm10
pm25_mass, ug/m3, Matrix=pm25
numflag pm25_mass, no unit, Matrix=pm25
0
33
Data definition:              EBAS_1.1
Set type code:                TU
Timezone:                     UTC
File name:                    US0018U.20120101080000.20191216000000.filterpack...52w.3d.US03L_filterpack_US0018.US03L_IMPROVE_Davis.lev2.nas
File creation:                20191218115634
Startdate:                    20120101080000
Revision date:                20191216000000
Version:                      2
Version description:          "Data extracted from http://views.cira.colostate.edu/fed/DataWizard 2019-12-16"
Statistics:                   arithmetic mean
Data level:                   2
Period code:                  52w
Resolution code:              3d
Sample duration:              1d
Orig. time res.:              3d
Station code:                 US0018U
Platform code:                US0018S
Station name:                 Fresno
Station latitude:             36.7818
Station longitude:            -119.7732
Station altitude:             100.0 m
Regime:                       IMG
Component:                    
Unit:                         ug/m3
Matrix:                       
Laboratory code:              US03L
Instrument type:              filterpack
Instrument name:              filterpack_US0018
Method ref:                   US03L_IMPROVE_Davis
Blank correction:             Blank corrected
Volume std. temperature:      ambient
Volume std. pressure:         ambient
starttime endtime PM10 flag_PM10 PM2.5 flag_PM2.5
  0.333333   1.333333  84.870 0.659 999.999 0.456
  3.333333   4.333333  75.257 0.000  50.929 0.000
  6.333333   7.333333  54.729 0.000  36.836 0.000
  9.333333  10.333333  62.710 0.000  34.789 0.000
 12.333333  13.333333  76.745 0.000  44.017 0.000
 15.333333  16.333333  21.179 0.000   7.193 0.000
 18.333333  19.333333  81.100 0.000  39.377 0.000
 21.333333  22.333333 999.999 0.999 999.999 0.999
 24.333333  25.333333  39.373 0.000 999.999 0.456
 27.333333  28.333333  26.498 0.000  20.425 0.000
 30.333333  31.333333  44.057 0.000  34.553 0.000
 33.333333  34.333333  29.802 0.000  18.986 0.000
 36.333333  37.333333  24.108 0.000  11.973 0.000
 39.333333  40.333333  35.675 0.000  22.136 0.000
 42.333333  43.333333  17.155 0.000  11.829 0.000
 45.333333  46.333333 999.999 0.999 999.999 0.999
 48.333333  49.333333 999.999 0.999 999.999 0.999
 51.333333  52.333333 999.999 0.999 999.999 0.999
 54.333333  55.333333  45.608 0.000  24.585 0.000
 57.333333  58.333333  16.725 0.000   7.707 0.000
 60.333333  61.333333  10.311 0.000   5.263 0.000
 63.333333  64.333333  21.424 0.000  12.248 0.000
 66.333333  67.333333  19.476 0.000   6.510 0.000
 69.333333  70.333333  29.654 0.000  13.373 0.000
 72.333333  73.333333  15.942 0.000   3.704 0.000
 75.333333  76.333333   9.096 0.000   2.106 0.000
 78.333333  79.333333  11.206 0.000   5.764 0.000
 81.333333  82.333333  13.311 0.000   4.759 0.000
 84.333333  85.333333   4.975 0.000   3.009 0.000
 87.333333  88.333333   9.492 0.000   3.252 0.000
 90.333333  91.333333  19.138 0.000   5.552 0.000
 93.333333  94.333333  16.495 0.000   6.538 0.000
 96.333333  97.333333  11.111 0.000   3.475 0.000
 99.333333 100.333333  31.495 0.000  11.543 0.000
102.333333 103.333333  12.515 0.000   4.067 0.000
105.333333 106.333333   9.037 0.000   4.859 0.000
108.333333 109.333333  12.252 0.000   3.773 0.000
111.333333 112.333333  26.999 0.000  15.667 0.000
114.333333 115.333333  15.513 0.000   5.321 0.000
117.333333 118.333333  13.481 0.000   4.384 0.000
120.333333 121.333333  26.086 0.000  10.537 0.000
123.333333 124.333333  25.089 0.000   5.691 0.000
126.333333 127.333333  36.085 0.000  10.881 0.000
129.333333 130.333333  33.055 0.000   9.430 0.000
132.333333 133.333333  36.267 0.000  11.401 0.000
135.333333 136.333333  27.108 0.000   7.164 0.000
138.333333 139.333333  42.994 0.000  11.864 0.000
141.333333 142.333333  36.971 0.000   8.643 0.000
144.333333 145.333333  33.622 0.000   6.560 0.000
147.333333 148.333333  14.415 0.000   4.545 0.000
150.333333 151.333333  33.221 0.000   7.654 0.000
153.333333 154.333333  30.218 0.000   5.398 0.000
156.333333 157.333333  12.587 0.000   2.639 0.000
159.333333 160.333333  25.221 0.000   4.111 0.000
162.333333 163.333333  28.203 0.000   7.302 0.000
165.333333 166.333333  34.309 0.000   9.853 0.000
168.333333 169.333333  33.078 0.000  10.413 0.000
171.333333 172.333333  41.873 0.000  10.322 0.000
174.333333 175.333333  13.390 0.000   2.443 0.000
177.333333 178.333333  18.622 0.000   3.141 0.000
180.333333 181.333333  23.021 0.000   4.005 0.000
183.333333 184.333333  15.533 0.000   4.130 0.000
186.333333 187.333333  33.811 0.000   9.117 0.000
189.333333 190.333333  29.056 0.000   9.027 0.000
192.333333 193.333333  50.529 0.000  14.889 0.000
195.333333 196.333333  28.779 0.000   7.828 0.000
198.333333 199.333333  23.620 0.000   5.330 0.000
201.333333 202.333333  32.977 0.000   7.383 0.000
204.333333 205.333333  29.181 0.000   7.365 0.000
207.333333 208.333333  38.281 0.000  10.946 0.000
210.333333 211.333333  20.154 0.000   6.986 0.000
213.333333 214.333333  33.897 0.000   8.289 0.000
216.333333 217.333333  27.850 0.000   6.489 0.000
219.333333 220.333333  32.117 0.000   6.296 0.000
222.333333 223.333333  42.493 0.000  11.674 0.000
225.333333 226.333333  39.811 0.000  11.520 0.000
228.333333 229.333333  46.562 0.000  12.179 0.000
231.333333 232.333333  19.705 0.000   4.259 0.000
234.333333 235.333333  35.950 0.000   6.602 0.000
237.333333 238.333333  42.836 0.000   9.119 0.000
240.333333 241.333333  43.391 0.000   8.575 0.000
243.333333 244.333333  47.548 0.000   8.901 0.000
246.333333 247.333333  37.035 0.000   9.543 0.000
249.333333 250.333333  40.674 0.000  12.560 0.000
252.333333 253.333333  42.459 0.000   5.737 0.000
255.333333 256.333333  68.227 0.000  11.894 0.000
258.333333 259.333333  44.517 0.000   9.664 0.000
261.333333 262.333333  55.546 0.000   9.101 0.000
264.333333 265.333333  62.997 0.000  12.465 0.000
267.333333 268.333333  47.106 0.000   8.771 0.000
270.333333 271.333333  92.619 0.000  17.344 0.000
273.333333 274.333333  65.258 0.000  15.947 0.000
276.333333 277.333333 999.999 0.999 999.999 0.999
279.333333 280.333333 999.999 0.999 999.999 0.999
282.333333 283.333333 999.999 0.999 999.999 0.999
285.333333 286.333333  24.901 0.000   8.158 0.000
288.333333 289.333333  44.791 0.000  15.532 0.000
291.333333 292.333333  69.376 0.000  15.086 0.000
294.333333 295.333333  23.148 0.000   5.308 0.000
297.333333 298.333333 999.999 0.456 999.999 0.456
300.333333 301.333333 999.999 0.456 999.999 0.456
303.333333 304.333333  52.426 0.000  17.584 0.000
306.333333 307.333333 999.999 0.456 999.999 0.456
309.333333 310.333333 999.999 0.456 999.999 0.456
312.333333 313.333333  39.904 0.000   9.188 0.000
315.333333 316.333333  26.008 0.000  18.842 0.000
318.333333 319.333333  63.708 0.000  34.520 0.000
321.333333 322.333333   7.902 0.000   3.811 0.000
324.333333 325.333333  33.405 0.000  19.669 0.000
327.333333 328.333333  37.469 0.000  28.686 0.000
330.333333 331.333333  64.038 0.000  48.051 0.000
333.333333 334.333333   9.125 0.000   3.679 0.000
336.333333 337.333333   6.049 0.000   2.882 0.000
339.333333 340.333333  22.626 0.000  15.424 0.000
342.333333 343.333333  33.550 0.000  28.623 0.000
345.333333 346.333333  45.388 0.000  33.654 0.000
348.333333 349.333333  28.235 0.000  22.478 0.000
351.333333 352.333333  10.112 0.000   4.559 0.000
354.333333 355.333333  20.606 0.000  11.475 0.000
357.333333 358.333333   5.222 0.000   3.714 0.000
360.333333 361.333333 999.999 0.999 999.999 0.999
363.333333 364.333333  29.368 0.000  22.588 0.000
