scripts/IMPROVE-2019_partial/data/US0073R.19950104050000.20191216000000.filterpack...1y.3d.US03L_filterpack_US0073_GRSM1.US03L_IMPROVE_Davis.lev2.nas
51 1001
MISSING INFORMATION
US03L, IMPROVE, , , , , , , 
MISSING INFORMATION
IMPROVE sel_HTAP
1 1
1995 01 01 2019 12 16
0
days from file reference point
4
1 1 1 1
999.999999 999.999 999.999 9.999
end_time of measurement, days from the file reference point
pm10_mass, ug/m3, Matrix=pm10
pm25_mass, ug/m3, Matrix=pm25
numflag, no unit
0
33
Data definition:              EBAS_1.1
Set type code:                TI
Timezone:                     UTC
File name:                    US0073R.19950104050000.20191216000000.filterpack...1y.3d.US03L_filterpack_US0073_GRSM1.US03L_IMPROVE_Davis.lev2.nas
File creation:                20191218120025
Startdate:                    19950104050000
Revision date:                20191216000000
Version:                      2
Version description:          "Data extracted from http://views.cira.colostate.edu/fed/DataWizard 2019-12-16"
Statistics:                   arithmetic mean
Data level:                   2
Period code:                  1y
Resolution code:              3d
Sample duration:              1d
Orig. time res.:              3d
Station code:                 US0073R
Platform code:                US0073S
Station name:                 Great Smoky Mountains NP
Station latitude:             35.6334
Station longitude:            -83.9416
Station altitude:             810.0 m
Regime:                       IMG
Component:                    
Unit:                         ug/m3
Matrix:                       
Laboratory code:              US03L
Instrument type:              filterpack
Instrument name:              filterpack_US0073_GRSM1
Method ref:                   US03L_IMPROVE_Davis
Blank correction:             Blank corrected
Volume std. temperature:      ambient
Volume std. pressure:         ambient
starttime endtime PM10 PM2.5 flag
  3.208333   4.208333   7.759   6.216 0.000
  6.208333   7.208333   7.840   4.804 0.000
 10.208333  11.208333  16.607   9.543 0.000
 13.208333  14.208333   2.945   1.145 0.000
 17.208333  18.208333  10.386   5.424 0.000
 20.208333  21.208333   7.626   6.125 0.000
 24.208333  25.208333   7.321   5.331 0.000
 27.208333  28.208333   9.531   4.970 0.000
 31.208333  32.208333  11.741   7.006 0.000
 34.208333  35.208333  10.220   4.264 0.000
 38.208333  39.208333   9.291   6.319 0.000
 41.208333  42.208333   9.291   7.099 0.000
 45.208333  46.208333   7.537   4.303 0.000
 48.208333  49.208333   9.296   4.878 0.000
 52.208333  53.208333   7.148   4.472 0.000
 55.208333  56.208333   7.164   3.944 0.000
 59.208333  60.208333 999.999   3.305 0.000
 62.208333  63.208333   7.413   5.660 0.000
 66.208333  67.208333   7.790   5.757 0.000
 69.208333  70.208333  16.838  11.033 0.000
 73.208333  74.208333  17.052  15.514 0.000
 76.208333  77.208333  29.178  10.611 0.000
 80.208333  81.208333  21.201  14.846 0.000
 83.208333  84.208333   8.230   4.630 0.000
 87.208333  88.208333  16.447  10.638 0.000
 90.208333  91.208333  22.655   9.588 0.000
 94.208333  95.208333  12.559   5.761 0.000
 97.208333  98.208333  19.250  12.799 0.000
101.208333 102.208333  10.057   2.760 0.000
104.208333 105.208333  11.794   6.881 0.000
108.208333 109.208333  26.213  17.174 0.000
111.208333 112.208333  21.532  13.075 0.000
115.208333 116.208333  10.810   7.301 0.000
118.208333 119.208333  23.054  11.315 0.000
122.208333 123.208333  16.594  14.400 0.000
125.208333 126.208333  19.051  16.144 0.000
129.208333 130.208333  20.942  11.433 0.000
132.208333 133.208333  30.218  25.140 0.000
136.208333 137.208333  29.532  20.285 0.000
139.208333 140.208333  18.765   9.198 0.000
143.208333 144.208333  24.400  14.221 0.000
146.208333 147.208333  27.565  21.717 0.000
150.208333 151.208333  18.765  13.186 0.000
153.208333 154.208333  13.587   8.791 0.000
157.208333 158.208333  18.742  12.792 0.000
160.208333 161.208333  30.672  23.896 0.000
164.208333 165.208333 999.999  13.320 0.000
167.208333 168.208333 999.999  20.504 0.000
171.208333 172.208333  25.475  18.020 0.000
174.208333 175.208333  28.536  25.114 0.000
178.208333 179.208333  28.889  18.448 0.000
181.208333 182.208333  28.161  23.138 0.000
185.208333 186.208333  30.306  14.644 0.000
188.208333 189.208333  40.185  31.496 0.000
192.208333 193.208333  36.120  24.118 0.000
195.208333 196.208333  42.563  35.038 0.000
199.208333 200.208333  24.490  16.475 0.000
202.208333 203.208333  15.789  13.216 0.000
206.208333 207.208333  30.836  18.397 0.000
209.208333 210.208333   9.950   6.793 0.000
213.208333 214.208333  14.080  11.430 0.000
216.208333 217.208333  11.154   7.094 0.000
220.208333 221.208333  15.598  12.482 0.000
223.208333 224.208333  25.187  25.230 0.000
227.208333 228.208333  46.782  43.825 0.000
230.208333 231.208333 999.999  39.727 0.000
234.208333 235.208333  39.692  37.006 0.000
237.208333 238.208333   8.997   6.386 0.000
241.208333 242.208333  35.522  32.823 0.000
244.208333 245.208333  23.335  12.835 0.000
248.208333 249.208333  23.003  17.705 0.000
251.208333 252.208333  31.520  27.934 0.000
255.208333 256.208333  23.840  15.492 0.000
258.208333 259.208333  20.758  16.411 0.000
262.208333 263.208333  22.096  18.056 0.000
265.208333 266.208333  13.380   2.588 0.000
269.208333 270.208333  14.342  10.211 0.000
272.208333 273.208333  20.087  14.836 0.000
276.208333 277.208333   3.359   1.351 0.000
279.208333 280.208333  20.108   7.102 0.000
283.208333 284.208333  27.330  17.750 0.000
286.208333 287.208333  10.306   5.378 0.000
290.208333 291.208333  16.395  10.104 0.000
293.208333 294.208333  15.753   5.022 0.000
297.208333 298.208333  14.957   6.033 0.000
300.208333 301.208333   6.542   3.191 0.000
304.208333 305.208333   5.162   3.472 0.000
307.208333 308.208333   6.177   4.609 0.000
311.208333 312.208333  10.081   7.900 0.000
314.208333 315.208333   5.678   2.931 0.000
318.208333 319.208333   9.483   7.230 0.000
321.208333 322.208333  19.255  12.684 0.000
325.208333 326.208333   5.393   2.537 0.000
328.208333 329.208333  11.956   8.005 0.000
332.208333 333.208333  10.064   4.519 0.000
335.208333 336.208333  17.076  12.675 0.000
339.208333 340.208333  14.435   6.747 0.000
342.208333 343.208333   5.389   4.062 0.000
346.208333 347.208333  11.357   8.030 0.000
349.208333 350.208333   5.026   4.443 0.000
353.208333 354.208333   8.441   4.993 0.000
356.208333 357.208333   9.777   7.473 0.000
360.208333 361.208333   7.822   6.880 0.000
363.208333 364.208333  17.684   6.977 0.000
