scripts/IMPROVE-2019_partial/data/US0025R.20110103080000.20191216000000.filterpack...1y.3d.US03L_filterpack_US0025.US03L_IMPROVE_Davis.lev2.nas
52 1001
MISSING INFORMATION
US03L, IMPROVE, , , , , , , 
MISSING INFORMATION
IMPROVE sel_HTAP
1 1
2011 01 01 2019 12 16
3.000000
days from file reference point
5
1 1 1 1 1
999.999999 999.999 9.999 999.999 9.999
end_time of measurement, days from the file reference point
pm10_mass, ug/m3, Matrix=pm10
numflag pm10_mass, no unit, Matrix=pm10
pm25_mass, ug/m3, Matrix=pm25
numflag pm25_mass, no unit, Matrix=pm25
0
33
Data definition:              EBAS_1.1
Set type code:                TU
Timezone:                     UTC
File name:                    US0025R.20110103080000.20191216000000.filterpack...1y.3d.US03L_filterpack_US0025.US03L_IMPROVE_Davis.lev2.nas
File creation:                20191218115707
Startdate:                    20110103080000
Revision date:                20191216000000
Version:                      2
Version description:          "Data extracted from http://views.cira.colostate.edu/fed/DataWizard 2019-12-16"
Statistics:                   arithmetic mean
Data level:                   2
Period code:                  1y
Resolution code:              3d
Sample duration:              1d
Orig. time res.:              3d
Station code:                 US0025R
Platform code:                US0025S
Station name:                 Agua Tibia
Station latitude:             33.4636
Station longitude:            -116.9706
Station altitude:             507.0 m
Regime:                       IMG
Component:                    
Unit:                         ug/m3
Matrix:                       
Laboratory code:              US03L
Instrument type:              filterpack
Instrument name:              filterpack_US0025
Method ref:                   US03L_IMPROVE_Davis
Blank correction:             Blank corrected
Volume std. temperature:      ambient
Volume std. pressure:         ambient
starttime endtime PM10 flag_PM10 PM2.5 flag_PM2.5
  2.333333   3.333333   2.256 0.000   1.503 0.000
  5.333333   6.333333   3.029 0.000   1.161 0.000
  8.333333   9.333333  11.294 0.000   5.950 0.000
 11.333333  12.333333   5.020 0.000   1.405 0.000
 14.333333  15.333333   4.253 0.000   1.281 0.000
 17.333333  18.333333   4.326 0.000   1.591 0.000
 20.333333  21.333333   4.569 0.000   1.258 0.000
 23.333333  24.333333   3.450 0.000   1.413 0.000
 26.333333  27.333333   4.556 0.000   0.825 0.000
 29.333333  30.333333   8.299 0.000   4.284 0.000
 32.333333  33.333333 999.999 0.999 999.999 0.999
 35.333333  36.333333   8.761 0.000   3.274 0.000
 38.333333  39.333333  15.696 0.000   6.370 0.000
 41.333333  42.333333   2.928 0.000   0.581 0.000
 44.333333  45.333333   7.968 0.000   3.517 0.000
 47.333333  48.333333 999.999 0.999 999.999 0.999
 50.333333  51.333333   1.842 0.659   1.046 0.000
 53.333333  54.333333 999.999 0.999 999.999 0.999
 56.333333  57.333333   1.570 0.000   0.710 0.000
 59.333333  60.333333   6.107 0.000   3.041 0.000
 62.333333  63.333333   6.317 0.000   3.196 0.000
 65.333333  66.333333   4.758 0.000   2.210 0.000
 68.333333  69.333333 999.999 0.999 999.999 0.999
 71.333333  72.333333 999.999 0.999 999.999 0.999
 74.333333  75.333333 999.999 0.456 999.999 0.456
 77.333333  78.333333 999.999 0.456 999.999 0.456
 80.333333  81.333333 999.999 0.999 999.999 0.999
 83.333333  84.333333 999.999 0.999 999.999 0.999
 86.333333  87.333333 999.999 0.999 999.999 0.999
 89.333333  90.333333 999.999 0.999 999.999 0.999
 92.333333  93.333333  11.444 0.000   5.779 0.000
 95.333333  96.333333  16.144 0.000  10.796 0.000
 98.333333  99.333333   3.563 0.000   2.060 0.000
101.333333 102.333333  15.908 0.000   8.057 0.000
104.333333 105.333333  31.107 0.000  14.088 0.000
107.333333 108.333333   8.862 0.000   5.553 0.000
110.333333 111.333333   7.823 0.000   3.820 0.000
113.333333 114.333333   6.293 0.000   3.103 0.000
116.333333 117.333333  18.063 0.000   7.182 0.000
119.333333 120.333333  17.727 0.000   5.787 0.000
122.333333 123.333333 999.999 0.999 999.999 0.999
125.333333 126.333333  17.661 0.000  15.083 0.000
128.333333 129.333333  10.016 0.000   8.950 0.000
131.333333 132.333333  19.305 0.000   8.032 0.000
134.333333 135.333333   9.524 0.000   4.216 0.000
137.333333 138.333333   8.434 0.000   3.613 0.000
140.333333 141.333333  14.841 0.000   7.687 0.000
143.333333 144.333333  17.912 0.000   8.169 0.000
146.333333 147.333333  18.252 0.000   7.323 0.000
149.333333 150.333333  11.995 0.000   5.067 0.000
152.333333 153.333333  16.358 0.000   5.967 0.000
155.333333 156.333333  83.812 0.000   5.123 0.000
158.333333 159.333333 999.999 0.999 999.999 0.999
161.333333 162.333333  12.239 0.000   6.675 0.000
164.333333 165.333333  14.325 0.000   5.889 0.000
167.333333 168.333333  14.662 0.000   5.784 0.000
170.333333 171.333333  16.399 0.000   5.837 0.000
173.333333 174.333333  20.906 0.000   7.302 0.000
176.333333 177.333333  10.024 0.000   3.483 0.000
179.333333 180.333333  32.336 0.000   4.820 0.000
182.333333 183.333333  32.780 0.000   9.746 0.000
185.333333 186.333333  25.059 0.000   8.764 0.000
188.333333 189.333333  25.108 0.000   9.620 0.000
191.333333 192.333333  21.853 0.000  10.643 0.000
194.333333 195.333333  14.101 0.000   5.404 0.000
197.333333 198.333333  17.784 0.000   6.934 0.000
200.333333 201.333333  14.460 0.000   4.111 0.000
203.333333 204.333333  15.540 0.000   6.418 0.000
206.333333 207.333333  20.527 0.000   6.201 0.000
209.333333 210.333333  19.349 0.000   7.720 0.000
212.333333 213.333333  14.964 0.000   8.607 0.000
215.333333 216.333333  12.056 0.000   3.004 0.000
218.333333 219.333333  12.058 0.000   4.760 0.000
221.333333 222.333333  15.878 0.000   6.904 0.000
224.333333 225.333333  18.809 0.000   8.799 0.000
227.333333 228.333333  12.805 0.000   4.336 0.000
230.333333 231.333333  20.590 0.000   8.087 0.000
233.333333 234.333333  16.963 0.000   6.503 0.000
236.333333 237.333333 999.999 0.999 999.999 0.999
239.333333 240.333333 999.999 0.999 999.999 0.999
242.333333 243.333333 999.999 0.999 999.999 0.999
245.333333 246.333333  18.945 0.000   8.125 0.000
248.333333 249.333333   8.842 0.000   3.989 0.000
251.333333 252.333333  17.143 0.000   8.290 0.000
254.333333 255.333333  11.674 0.000   6.135 0.000
257.333333 258.333333  17.495 0.000   9.903 0.000
260.333333 261.333333  15.404 0.000   8.968 0.000
263.333333 264.333333  14.160 0.000   7.321 0.000
266.333333 267.333333  14.808 0.000   9.740 0.000
269.333333 270.333333  14.853 0.000   7.243 0.000
272.333333 273.333333  10.294 0.000   4.194 0.000
275.333333 276.333333  10.001 0.000   4.080 0.000
278.333333 279.333333   9.555 0.000   3.142 0.000
281.333333 282.333333   5.079 0.000   2.539 0.000
284.333333 285.333333   8.563 0.000   3.122 0.000
287.333333 288.333333  15.819 0.000   8.043 0.000
290.333333 291.333333   9.695 0.000   3.907 0.000
293.333333 294.333333  14.600 0.000   8.959 0.000
296.333333 297.333333  12.682 0.000   7.955 0.000
299.333333 300.333333  11.890 0.000   4.594 0.000
302.333333 303.333333   7.894 0.000   3.862 0.000
305.333333 306.333333 999.999 0.999 999.999 0.999
308.333333 309.333333   5.326 0.000   2.253 0.000
311.333333 312.333333   4.821 0.000   2.555 0.000
314.333333 315.333333   6.870 0.000   3.022 0.000
317.333333 318.333333   7.612 0.000   3.285 0.000
320.333333 321.333333 999.999 0.999 999.999 0.999
323.333333 324.333333   2.346 0.000   1.280 0.000
326.333333 327.333333   8.562 0.000   4.696 0.000
329.333333 330.333333   7.383 0.000   2.770 0.000
332.333333 333.333333   4.767 0.000   1.876 0.000
335.333333 336.333333  25.311 0.000   5.892 0.000
338.333333 339.333333   5.679 0.000   2.114 0.000
341.333333 342.333333   4.849 0.000   1.348 0.000
344.333333 345.333333  11.052 0.000   6.199 0.000
347.333333 348.333333 999.999 0.456   3.554 0.000
350.333333 351.333333 999.999 0.456   2.534 0.000
353.333333 354.333333 999.999 0.456   2.897 0.000
356.333333 357.333333 999.999 0.999 999.999 0.999
359.333333 360.333333 999.999 0.999 999.999 0.999
362.333333 363.333333 999.999 0.999 999.999 0.999
