scripts/IMPROVE-2019_partial/data/US0067R.20060102060000.20191216000000.filterpack..pm25.52w.1w.US03L_filterpack_US0067.US03L_IMPROVE_Davis.lev2.nas
64 1001
MISSING INFORMATION
US03L, IMPROVE, , , , , , , 
MISSING INFORMATION
IMPROVE sel_HTAP
1 1
2006 01 01 2019 12 16
3.00
days from file reference point
25
1 1 1 1 1 1 1 1 1 1 1 1 1 1 1 1 1 1 1 1 1 1 1 1 1
999.99 9999.99 9.999 99.99 9.999 9.999 9.999 9.99 9.999 99.999 9.999 99.999 9.999 99.999 9.999 999.999 9.999 999.999 9.999 999.999 9.999 9.999 9.999 99.999 9.999
end_time of measurement, days from the file reference point
iron, ng/m3, Revision date=20181210133000
numflag iron, no unit, Revision date=20181210133000
lead, ng/m3, Revision date=20181210133000
numflag lead, no unit, Revision date=20181210133000
magnesium, ug/m3, Revision date=20181210133000
numflag magnesium, no unit, Revision date=20181210133000
nickel, ng/m3, Revision date=20181210133000
numflag nickel, no unit, Revision date=20181210133000
nitrate, ug N/m3, Revision date=20181210133000
numflag nitrate, no unit, Revision date=20181210133000
organic_carbon, ug C/m3, Revision date=20181210133000
numflag organic_carbon, no unit, Revision date=20181210133000
organic_mass, ug/m3, Revision date=20181210133000
numflag organic_mass, no unit, Revision date=20181210133000
pm10_mass, ug/m3, Version=2, Version description=Data extracted from http://views.cira.colostate.edu/fed/DataWizard 2019-12-16, Sample duration=1d, Orig. time res.=3d, Matrix=pm10, Blank correction=Blank corrected, Volume std. temperature=ambient, Volume std. pressure=ambient
numflag pm10_mass, no unit, Version=2, Version description=Data extracted from http://views.cira.colostate.edu/fed/DataWizard 2019-12-16, Sample duration=1d, Orig. time res.=3d, Matrix=pm10, Blank correction=Blank corrected, Volume std. temperature=ambient, Volume std. pressure=ambient
pm10_pm25_mass, ug/m3, Revision date=20181210133000, Matrix=pm10_pm25
numflag pm10_pm25_mass, no unit, Revision date=20181210133000, Matrix=pm10_pm25
pm25_mass, ug/m3, Version=2, Version description=Data extracted from http://views.cira.colostate.edu/fed/DataWizard 2019-12-16, Sample duration=1d, Orig. time res.=3d, Blank correction=Blank corrected, Volume std. temperature=ambient, Volume std. pressure=ambient
numflag pm25_mass, no unit, Version=2, Version description=Data extracted from http://views.cira.colostate.edu/fed/DataWizard 2019-12-16, Sample duration=1d, Orig. time res.=3d, Blank correction=Blank corrected, Volume std. temperature=ambient, Volume std. pressure=ambient
potassium, ug/m3, Revision date=20181210133000
numflag potassium, no unit, Revision date=20181210133000
sulphate_total, ug S/m3, Revision date=20181210133000
numflag sulphate_total, no unit, Revision date=20181210133000
0
25
Data definition:              EBAS_1.1
Set type code:                TU
Timezone:                     UTC
File name:                    US0067R.20060102060000.20191216000000.filterpack..pm25.52w.1w.US03L_filterpack_US0067.US03L_IMPROVE_Davis.lev2.nas
File creation:                20191218115949
Startdate:                    20060102060000
Revision date:                20191216000000
Statistics:                   arithmetic mean
Data level:                   2
Period code:                  52w
Resolution code:              1w
Station code:                 US0067R
Platform code:                US0067S
Station name:                 Ellis
Station latitude:             36.0853
Station longitude:            -99.9354
Station altitude:             697.0 m
Regime:                       IMG
Component:                    
Matrix:                       pm25
Laboratory code:              US03L
Instrument type:              filterpack
Instrument name:              filterpack_US0067
Method ref:                   US03L_IMPROVE_Davis
starttime endtime Fe flag_Fe Pb flag_Pb Mg++ flag_Mg++ Ni flag_Ni NO3- flag_NO3- OC flag_OC OM flag_OM PM10 flag_PM10 PM10-PM2.5 flag_PM10-PM2.5 PM2.5 flag_PM2.5 K+ flag_K+ SO4-- flag_SO4--
[from data line 95]
286.25 287.25   21.49 0.000  1.93 0.000 9.999 0.259 0.18 0.000  0.104 0.000  1.109 0.000  1.997 0.000  11.120 0.000   4.564 0.000   6.556 0.000 0.031 0.000  0.740 0.000
289.25 290.25    8.10 0.000  0.37 0.000 0.008 0.000 9.99 0.259  0.155 0.000  1.109 0.000  1.997 0.000   6.754 0.000   1.980 0.000   4.774 0.000 0.007 0.000  0.409 0.000
292.25 293.25    9.35 0.000  0.36 0.000 9.999 0.259 9.99 0.259  0.189 0.000  0.693 0.000  1.248 0.000   6.407 0.000   3.434 0.000   2.973 0.000 0.010 0.000  0.303 0.000
295.25 296.25   14.28 0.000  0.60 0.000 0.013 0.000 9.99 0.259  0.045 0.000  0.504 0.000  0.907 0.000   7.048 0.000   4.074 0.000   2.974 0.000 0.014 0.000  0.354 0.000
298.25 299.25   24.59 0.000  0.41 0.000 0.013 0.000 0.09 0.000  0.015 0.000  0.447 0.000  0.804 0.000   9.060 0.000   6.851 0.000   2.209 0.000 0.015 0.000  0.157 0.000
301.25 302.25   27.22 0.000  0.67 0.000 9.999 0.259 9.99 0.259  0.025 0.000  0.574 0.000  1.032 0.000   9.832 0.000   7.136 0.000   2.696 0.000 0.028 0.000  0.202 0.000
304.25 305.25   33.13 0.000  0.58 0.000 9.999 0.259 9.99 0.259  0.147 0.000  0.300 0.000  0.540 0.000  10.025 0.000   7.809 0.000   2.216 0.000 0.021 0.000  0.130 0.000
307.25 308.25   33.95 0.000  1.76 0.000 9.999 0.259 0.17 0.000  0.064 0.000  1.222 0.000  2.199 0.000  15.018 0.000   8.537 0.000   6.481 0.000 0.052 0.000  0.633 0.000
310.25 311.25   21.94 0.000  0.45 0.000 9.999 0.259 9.99 0.259  0.013 0.000  0.425 0.000  0.764 0.000   6.229 0.000   4.645 0.000   1.583 0.000 0.010 0.000  0.092 0.000
313.25 314.25   56.87 0.000  0.38 0.000 0.012 0.000 9.99 0.259  0.268 0.000  0.796 0.000  1.434 0.000  22.696 0.000  18.554 0.000   4.143 0.000 0.050 0.000  0.226 0.000
316.25 317.25   10.34 0.000  0.38 0.000 9.999 0.259 9.99 0.259  0.087 0.000  0.350 0.000  0.629 0.000   4.606 0.000   3.057 0.000   1.550 0.000 0.007 0.000  0.157 0.000
319.25 320.25   34.37 0.000  0.89 0.000 9.999 0.259 9.99 0.259  0.040 0.000  0.588 0.000  1.058 0.000  13.327 0.000  10.148 0.000   3.180 0.000 0.035 0.000  0.270 0.000
322.25 323.25   51.96 0.000  0.69 0.000 9.999 0.259 0.26 0.000  0.225 0.000  0.563 0.000  1.014 0.000  14.178 0.000  10.898 0.000   3.280 0.000 0.023 0.000  0.185 0.000
325.25 326.25   57.27 0.000  1.17 0.000 0.016 0.000 0.17 0.000  0.047 0.000  0.923 0.000  1.662 0.000  26.418 0.000  19.630 0.000   6.789 0.000 0.054 0.000  0.634 0.000
328.25 329.25   49.09 0.000  0.85 0.000 9.999 0.259 0.20 0.000  0.079 0.000  0.758 0.000  1.364 0.000  13.621 0.000   9.848 0.000   3.774 0.000 0.032 0.000  0.349 0.000
331.25 332.25   51.42 0.000  1.11 0.000 9.999 0.259 0.17 0.000  0.055 0.000  0.646 0.000  1.164 0.000  17.903 0.000  12.960 0.000   4.943 0.000 0.043 0.000  0.496 0.000
334.25 335.25   10.18 0.000  1.34 0.000 9.999 0.259 9.99 0.259  0.496 0.000  2.211 0.000  3.981 0.000   9.841 0.000   2.972 0.000   6.870 0.000 0.033 0.000  0.177 0.000
337.25 338.25   14.80 0.000  0.69 0.000 9.999 0.259 9.99 0.259  0.582 0.000  0.692 0.000  1.245 0.000   9.857 0.000   4.021 0.000   5.836 0.000 0.015 0.000  0.321 0.000
340.25 341.25   44.20 0.000  0.49 0.000 9.999 0.259 9.99 0.259  0.107 0.000  0.263 0.000  0.474 0.000  15.658 0.000  12.698 0.000   2.960 0.000 0.026 0.000  0.246 0.000
343.25 344.25   13.15 0.000  0.40 0.000 9.999 0.259 9.99 0.259  0.175 0.000  1.017 0.000  1.830 0.000   8.249 0.000   3.391 0.000   4.858 0.000 0.020 0.000  0.573 0.000
346.25 347.25   28.28 0.000  0.33 0.000 0.014 0.000 9.99 0.259  0.057 0.000  0.558 0.000  1.004 0.000   9.524 0.000   7.251 0.000   2.273 0.000 0.019 0.000  0.158 0.000
349.25 350.25   36.08 0.000  0.43 0.000 9.999 0.259 9.99 0.259  0.059 0.000  0.546 0.000  0.983 0.000  12.016 0.000   9.574 0.000   2.442 0.000 0.025 0.000  0.131 0.000
352.25 353.25   13.92 0.000  0.69 0.000 9.999 0.259 9.99 0.259  0.166 0.000  0.415 0.000  0.747 0.000   4.601 0.000   2.575 0.000   2.027 0.000 0.013 0.000  0.083 0.000
355.25 356.25   12.23 0.000  0.38 0.000 0.008 0.000 9.99 0.259  0.230 0.000  0.312 0.000  0.561 0.000   2.731 0.000   0.759 0.000   1.972 0.000 0.007 0.000  0.091 0.000
358.25 359.25   10.81 0.000  0.31 0.000 9.999 0.259 9.99 0.259  0.070 0.000  0.363 0.000  0.653 0.000   3.099 0.000   2.136 0.000   0.963 0.000 0.006 0.000  0.045 0.000
361.25 362.25   15.02 0.000  0.98 0.000 9.999 0.259 0.32 0.000  0.156 0.000  0.885 0.000  1.594 0.000   9.777 0.000   4.549 0.000   5.228 0.000 0.026 0.000  0.587 0.000
364.25 365.25   11.11 0.000  0.59 0.000 9.999 0.259 0.18 0.000  0.343 0.000  0.437 0.000  0.786 0.000   5.935 0.000   1.546 0.000   4.390 0.000 0.010 0.000  0.404 0.000
