scripts/IMPROVE-2019_partial/data/US0084R.20080101080000.20191216000000.filterpack...52w.3d.US03L_filterpack_US0084.US03L_IMPROVE_Davis.lev2.nas
51 1001
MISSING INFORMATION
US03L, IMPROVE, , , , , , , 
MISSING INFORMATION
IMPROVE sel_HTAP
1 1
2008 01 01 2019 12 16
3.000000
days from file reference point
4
1 1 1 1
999.999999 999.999 999.999 9.999
end_time of measurement, days from the file reference point
pm10_mass, ug/m3, Matrix=pm10
pm25_mass, ug/m3, Matrix=pm25
numflag, no unit
0
33
Data definition:              EBAS_1.1
Set type code:                TU
Timezone:                     UTC
File name:                    US0084R.20080101080000.20191216000000.filterpack...52w.3d.US03L_filterpack_US0084.US03L_IMPROVE_Davis.lev2.nas
File creation:                20191218120108
Startdate:                    20080101080000
Revision date:                20191216000000
Version:                      2
Version description:          "Data extracted from http://views.cira.colostate.edu/fed/DataWizard 2019-12-16"
Statistics:                   arithmetic mean
Data level:                   2
Period code:                  52w
Resolution code:              3d
Sample duration:              1d
Orig. time res.:              3d
Station code:                 US0084R
Platform code:                US0084S
Station name:                 Columbia Gorge #1
Station latitude:             45.5693
Station longitude:            -122.2103
Station altitude:             230.0 m
Regime:                       IMG
Component:                    
Unit:                         ug/m3
Matrix:                       
Laboratory code:              US03L
Instrument type:              filterpack
Instrument name:              filterpack_US0084
Method ref:                   US03L_IMPROVE_Davis
Blank correction:             Blank corrected
Volume std. temperature:      ambient
Volume std. pressure:         ambient
starttime endtime PM10 PM2.5 flag
  0.333333   1.333333   4.009   2.182 0.000
  3.333333   4.333333   3.003   1.995 0.000
  6.333333   7.333333   1.786   1.301 0.000
  9.333333  10.333333   3.754   2.624 0.000
 12.333333  13.333333   5.008   3.042 0.000
 15.333333  16.333333  11.204   8.034 0.000
 18.333333  19.333333   6.797   6.051 0.000
 21.333333  22.333333   7.559   2.819 0.000
 24.333333  25.333333  15.412   8.575 0.000
 27.333333  28.333333   2.149   1.626 0.000
 30.333333  31.333333   2.382   1.529 0.000
 33.333333  34.333333   3.958   2.806 0.000
 36.333333  37.333333   4.793   2.797 0.000
 39.333333  40.333333   2.649   1.950 0.000
 42.333333  43.333333   5.741   3.866 0.000
 45.333333  46.333333  10.181   5.778 0.000
 48.333333  49.333333   6.045   2.708 0.000
 51.333333  52.333333  12.485   6.833 0.000
 54.333333  55.333333   3.854   2.127 0.000
 57.333333  58.333333  10.915   4.277 0.000
 60.333333  61.333333   4.309   3.079 0.000
 63.333333  64.333333   7.700   4.135 0.000
 66.333333  67.333333  10.236   6.142 0.000
 69.333333  70.333333   7.179   3.263 0.000
 72.333333  73.333333   2.700   1.923 0.000
 75.333333  76.333333   6.660   3.844 0.000
 78.333333  79.333333   6.819   4.572 0.000
 81.333333  82.333333   5.348   2.638 0.000
 84.333333  85.333333   7.442   4.186 0.000
 87.333333  88.333333   2.354   1.415 0.000
 90.333333  91.333333   5.367   2.726 0.000
 93.333333  94.333333  14.118   4.839 0.000
 96.333333  97.333333   1.778   0.989 0.000
 99.333333 100.333333   2.981   2.080 0.000
102.333333 103.333333  13.000   5.626 0.000
105.333333 106.333333   6.048   3.435 0.000
108.333333 109.333333   7.818   4.472 0.000
111.333333 112.333333   2.131   1.581 0.000
114.333333 115.333333   5.313   3.012 0.000
117.333333 118.333333  13.178   7.102 0.000
120.333333 121.333333   3.458   2.160 0.000
123.333333 124.333333   9.695   6.071 0.000
126.333333 127.333333   9.128   3.602 0.000
129.333333 130.333333  13.922   5.098 0.000
132.333333 133.333333   9.600   3.920 0.000
135.333333 136.333333   7.706   2.679 0.000
138.333333 139.333333  18.988   7.123 0.000
141.333333 142.333333   3.419   1.633 0.000
144.333333 145.333333   6.217   3.661 0.000
147.333333 148.333333   5.182   3.236 0.000
150.333333 151.333333  13.515   5.798 0.000
153.333333 154.333333   6.326   2.697 0.000
156.333333 157.333333   3.876   2.119 0.000
159.333333 160.333333   5.533   3.906 0.000
162.333333 163.333333   8.902   4.033 0.000
165.333333 166.333333   8.236   3.891 0.000
168.333333 169.333333   8.701   3.800 0.000
171.333333 172.333333  15.788   4.497 0.000
174.333333 175.333333  13.948   4.325 0.000
177.333333 178.333333   8.360   2.937 0.000
180.333333 181.333333  29.427  14.381 0.000
183.333333 184.333333  23.525  10.388 0.000
186.333333 187.333333   6.785   3.647 0.000
189.333333 190.333333  21.329   7.242 0.000
192.333333 193.333333  16.593   3.738 0.000
195.333333 196.333333  14.599   5.909 0.000
198.333333 199.333333  14.954   5.064 0.000
201.333333 202.333333  13.180   6.506 0.000
204.333333 205.333333  13.816   4.553 0.000
207.333333 208.333333   9.586   3.738 0.000
210.333333 211.333333  12.075   2.686 0.000
213.333333 214.333333   4.600   2.199 0.000
216.333333 217.333333  16.138   5.511 0.000
219.333333 220.333333  18.946  10.071 0.000
222.333333 223.333333   6.789   2.885 0.000
225.333333 226.333333  12.270   3.999 0.000
228.333333 229.333333  26.919  12.691 0.000
231.333333 232.333333   4.555   1.927 0.000
234.333333 235.333333   7.377   3.534 0.000
237.333333 238.333333   5.534   2.280 0.000
240.333333 241.333333   7.177   2.645 0.000
243.333333 244.333333   6.713   3.121 0.000
246.333333 247.333333  10.725   4.289 0.000
249.333333 250.333333  10.315 999.999 0.000
252.333333 253.333333  18.154 999.999 0.000
255.333333 256.333333  18.636 999.999 0.000
258.333333 259.333333  20.437   4.976 0.000
261.333333 262.333333  21.595   7.983 0.000
264.333333 265.333333   4.658   3.103 0.000
267.333333 268.333333   9.225   3.304 0.000
270.333333 271.333333   8.137   5.174 0.000
273.333333 274.333333  24.372   8.239 0.000
276.333333 277.333333   3.512   2.014 0.000
279.333333 280.333333   4.242   2.499 0.000
282.333333 283.333333   6.840   4.256 0.000
285.333333 286.333333  10.297   8.213 0.000
288.333333 289.333333  12.227   6.633 0.000
291.333333 292.333333   9.771   4.813 0.000
294.333333 295.333333   7.611   4.225 0.000
297.333333 298.333333  10.043   5.604 0.000
300.333333 301.333333  21.827   6.872 0.000
303.333333 304.333333  31.433  14.487 0.000
306.333333 307.333333   8.150   4.117 0.000
309.333333 310.333333   7.587   6.712 0.000
312.333333 313.333333   8.811   7.497 0.000
315.333333 316.333333   4.561   3.268 0.000
318.333333 319.333333   8.389   5.035 0.000
321.333333 322.333333  11.088   7.187 0.000
324.333333 325.333333   6.625   4.031 0.000
327.333333 328.333333   5.059   3.245 0.000
330.333333 331.333333   5.906   5.030 0.000
333.333333 334.333333   3.191   2.006 0.000
336.333333 337.333333   3.121   2.217 0.000
339.333333 340.333333  10.480   6.231 0.000
342.333333 343.333333   5.875   4.295 0.000
345.333333 346.333333   5.287   4.089 0.000
348.333333 349.333333  10.185   3.318 0.000
351.333333 352.333333   7.755   3.656 0.000
354.333333 355.333333  30.080   5.670 0.000
357.333333 358.333333 999.999 999.999 0.999
360.333333 361.333333 999.999 999.999 0.999
363.333333 364.333333 999.999 999.999 0.999
