scripts/IMPROVE-2019_partial/data/US0095R.19880302070000.20191216000000.filterpack...10mo.3d.US03L_filterpack_US0095.US03L_IMPROVE_Davis.lev2.nas
52 1001
MISSING INFORMATION
US03L, IMPROVE, , , , , , , 
MISSING INFORMATION
IMPROVE sel_HTAP
1 1
1988 01 01 2019 12 16
0
days from file reference point
5
1 1 1 1 1
999.999999 999.999 9.999 99.999 9.999
end_time of measurement, days from the file reference point
pm10_mass, ug/m3, Matrix=pm10
numflag pm10_mass, no unit, Matrix=pm10
pm25_mass, ug/m3, Matrix=pm25
numflag pm25_mass, no unit, Matrix=pm25
0
33
Data definition:              EBAS_1.1
Set type code:                TI
Timezone:                     UTC
File name:                    US0095R.19880302070000.20191216000000.filterpack...10mo.3d.US03L_filterpack_US0095.US03L_IMPROVE_Davis.lev2.nas
File creation:                20191218120148
Startdate:                    19880302070000
Revision date:                20191216000000
Version:                      2
Version description:          "Data extracted from http://views.cira.colostate.edu/fed/DataWizard 2019-12-16"
Statistics:                   arithmetic mean
Data level:                   2
Period code:                  10mo
Resolution code:              3d
Sample duration:              1d
Orig. time res.:              3d
Station code:                 US0095R
Platform code:                US0095S
Station name:                 Petrified Forest NP
Station latitude:             35.0777
Station longitude:            -109.7692
Station altitude:             1766.0 m
Regime:                       IMG
Component:                    
Unit:                         ug/m3
Matrix:                       
Laboratory code:              US03L
Instrument type:              filterpack
Instrument name:              filterpack_US0095
Method ref:                   US03L_IMPROVE_Davis
Blank correction:             Blank corrected
Volume std. temperature:      ambient
Volume std. pressure:         ambient
starttime endtime PM10 flag_PM10 PM2.5 flag_PM2.5
 61.291667  62.291667   5.368 0.000  2.557 0.000
 64.291667  65.291667   7.917 0.000  4.459 0.000
 68.291667  69.291667   9.896 0.000  2.019 0.000
 71.291667  72.291667   5.382 0.000  1.893 0.000
 75.291667  76.291667 999.999 0.999 99.999 0.999
 78.291667  79.291667   3.966 0.000  1.924 0.000
 82.291667  83.291667  11.791 0.000  5.340 0.000
 85.291667  86.291667   4.519 0.000  2.090 0.000
 89.291667  90.291667  18.957 0.000  4.766 0.000
 92.291667  93.291667   6.870 0.000  3.774 0.000
 96.291667  97.291667  10.552 0.000  3.793 0.000
 99.291667 100.291667  12.414 0.000  5.220 0.000
103.291667 104.291667  17.593 0.000  8.121 0.000
106.291667 107.291667   3.273 0.000  1.861 0.000
110.291667 111.291667   8.673 0.000  4.811 0.000
113.291667 114.291667   3.945 0.000  2.579 0.000
117.291667 118.291667   6.989 0.000  4.953 0.000
120.291667 121.291667  10.466 0.000  3.981 0.000
124.291667 125.291667   7.182 0.000  4.107 0.000
127.291667 128.291667   7.986 0.000  3.605 0.000
131.291667 132.291667  15.365 0.000  2.915 0.000
134.291667 135.291667  22.464 0.000  6.782 0.000
138.291667 139.291667   9.286 0.000  7.089 0.000
141.291667 142.291667 999.999 0.999  2.594 0.000
145.291667 146.291667  14.353 0.000 99.999 0.999
148.291667 149.291667 999.999 0.999 99.999 0.999
152.291667 153.291667   3.921 0.000  2.012 0.000
155.291667 156.291667  16.122 0.000  5.644 0.000
159.291667 160.291667 999.999 0.999 99.999 0.999
162.291667 163.291667 999.999 0.999 99.999 0.999
166.291667 167.291667  16.357 0.000  7.538 0.000
169.291667 170.291667  10.772 0.000  5.572 0.000
173.291667 174.291667  10.966 0.000  6.740 0.000
176.291667 177.291667   8.148 0.000  5.643 0.000
180.291667 181.291667   6.702 0.000  4.673 0.000
183.291667 184.291667   6.357 0.000  2.848 0.000
187.291667 188.291667   8.137 0.000  4.776 0.000
190.291667 191.291667   6.044 0.000  3.970 0.000
194.291667 195.291667   9.929 0.000  5.015 0.000
197.291667 198.291667  11.193 0.000  6.018 0.000
201.291667 202.291667   9.375 0.000  3.022 0.000
204.291667 205.291667  16.071 0.000  7.043 0.000
208.291667 209.291667  11.495 0.000  4.074 0.000
211.291667 212.291667   6.820 0.000  3.580 0.000
215.291667 216.291667   6.341 0.000  5.368 0.000
218.291667 219.291667   6.105 0.000  4.601 0.000
222.291667 223.291667   7.574 0.000  5.051 0.000
225.291667 226.291667   5.806 0.000  3.378 0.000
229.291667 230.291667   5.660 0.000  2.638 0.000
232.291667 233.291667   7.203 0.000  4.243 0.000
236.291667 237.291667  21.046 0.000  4.967 0.000
239.291667 240.291667   7.652 0.000  5.658 0.000
243.291667 244.291667 999.999 0.999  3.234 0.000
246.291667 247.291667  12.912 0.000  8.817 0.000
250.291667 251.291667  13.238 0.000  8.847 0.000
253.291667 254.291667  15.595 0.000  9.628 0.000
257.291667 258.291667  12.618 0.000  9.460 0.000
260.291667 261.291667   9.709 0.000  6.667 0.000
264.291667 265.291667  13.466 0.000  4.570 0.000
267.291667 268.291667   6.157 0.000  3.228 0.000
271.291667 272.291667   8.885 0.000  4.007 0.000
274.291667 275.291667   6.978 0.000  3.095 0.000
278.291667 279.291667   9.170 0.000  4.000 0.000
281.291667 282.291667   7.509 0.000  3.017 0.000
285.291667 286.291667   7.391 0.000  4.983 0.000
288.291667 289.291667   4.912 0.000  2.652 0.000
292.291667 293.291667   5.745 0.000  3.861 0.000
295.291667 296.291667 999.999 0.999  3.300 0.000
299.291667 300.291667   7.546 0.000  3.986 0.000
302.291667 303.291667  10.260 0.000  5.979 0.000
306.291667 307.291667  12.952 0.000  6.263 0.000
309.291667 310.291667   7.343 0.000  3.142 0.000
313.291667 314.291667   7.519 0.000  4.613 0.000
316.291667 317.291667 999.999 0.999 99.999 0.999
320.291667 321.291667   3.120 0.000  2.191 0.000
323.291667 324.291667   4.737 0.000  3.145 0.000
327.291667 328.291667   4.943 0.000  4.022 0.000
330.291667 331.291667   0.970 0.000 99.999 0.259
334.291667 335.291667   3.676 0.000  1.592 0.000
337.291667 338.291667   9.647 0.000  4.637 0.000
341.291667 342.291667 999.999 0.999 99.999 0.999
344.291667 345.291667   5.188 0.000  4.346 0.000
348.291667 349.291667   7.165 0.111 99.999 0.999
351.291667 352.291667   8.397 0.000  5.611 0.000
355.291667 356.291667   4.963 0.000  2.562 0.000
358.291667 359.291667   3.150 0.000  1.906 0.000
362.291667 363.291667 999.999 0.999  3.269 0.000
365.291667 366.291667 999.999 0.999  2.168 0.000
