scripts/IMPROVE-2019_partial/data/US0089R.20160101070000.20191216000000.filterpack...52w.3d.US03L_filterpack_US0089.US03L_IMPROVE_Davis.lev2.nas
52 1001
MISSING INFORMATION
US03L, IMPROVE, , , , , , , 
MISSING INFORMATION
IMPROVE sel_HTAP
1 1
2016 01 01 2019 12 16
3.000000
days from file reference point
5
1 1 1 1 1
999.999999 999.999 9.999 999.999 9.999
end_time of measurement, days from the file reference point
pm10_mass, ug/m3, Matrix=pm10
numflag pm10_mass, no unit, Matrix=pm10
pm25_mass, ug/m3, Matrix=pm25
numflag pm25_mass, no unit, Matrix=pm25
0
33
Data definition:              EBAS_1.1
Set type code:                TU
Timezone:                     UTC
File name:                    US0089R.20160101070000.20191216000000.filterpack...52w.3d.US03L_filterpack_US0089.US03L_IMPROVE_Davis.lev2.nas
File creation:                20191218120128
Startdate:                    20160101070000
Revision date:                20191216000000
Version:                      2
Version description:          "Data extracted from http://views.cira.colostate.edu/fed/DataWizard 2019-12-16"
Statistics:                   arithmetic mean
Data level:                   2
Period code:                  52w
Resolution code:              3d
Sample duration:              1d
Orig. time res.:              3d
Station code:                 US0089R
Platform code:                US0089S
Station name:                 Bridger Wilderness
Station latitude:             42.9749
Station longitude:            -109.7579
Station altitude:             2626.0 m
Regime:                       IMG
Component:                    
Unit:                         ug/m3
Matrix:                       
Laboratory code:              US03L
Instrument type:              filterpack
Instrument name:              filterpack_US0089
Method ref:                   US03L_IMPROVE_Davis
Blank correction:             Blank corrected
Volume std. temperature:      ambient
Volume std. pressure:         ambient
starttime endtime PM10 flag_PM10 PM2.5 flag_PM2.5
  0.291667   1.291667   0.519 0.000   0.282 0.000
  3.291667   4.291667   1.130 0.000   0.692 0.000
  6.291667   7.291667   2.034 0.000   1.816 0.000
  9.291667  10.291667   0.475 0.000   0.188 0.000
 12.291667  13.291667   0.382 0.000   0.279 0.000
 15.291667  16.291667   0.299 0.000   0.251 0.000
 18.291667  19.291667   0.307 0.000   0.225 0.000
 21.291667  22.291667   0.340 0.000   0.246 0.000
 24.291667  25.291667   0.257 0.000   0.094 0.000
 27.291667  28.291667   0.339 0.000   0.245 0.000
 30.291667  31.291667   0.644 0.000 999.999 0.456
 33.291667  34.291667   0.606 0.000   0.348 0.000
 36.291667  37.291667   1.543 0.000   0.768 0.000
 39.291667  40.291667   1.111 0.000   0.453 0.000
 42.291667  43.291667   1.643 0.000   0.518 0.000
 45.291667  46.291667   0.211 0.000   0.185 0.000
 48.291667  49.291667   1.055 0.000   0.620 0.000
 51.291667  52.291667   0.683 0.000   0.464 0.000
 54.291667  55.291667   1.022 0.000   0.617 0.000
 57.291667  58.291667   1.354 0.000   0.921 0.000
 60.291667  61.291667   1.222 0.000   0.602 0.000
 63.291667  64.291667   1.895 0.000   0.888 0.000
 66.291667  67.291667   0.550 0.000   0.218 0.000
 69.291667  70.291667   1.304 0.000   1.159 0.000
 72.291667  73.291667   2.782 0.000   1.583 0.000
 75.291667  76.291667   0.984 0.000   0.188 0.000
 78.291667  79.291667   1.200 0.000   0.681 0.000
 81.291667  82.291667   3.032 0.000   1.322 0.000
 84.291667  85.291667   0.681 0.000   0.311 0.000
 87.291667  88.291667   3.204 0.000   1.327 0.000
 90.291667  91.291667   1.057 0.000   0.679 0.000
 93.291667  94.291667   2.945 0.000   1.885 0.000
 96.291667  97.291667   2.753 0.000   1.549 0.000
 99.291667 100.291667   4.212 0.000   1.933 0.000
102.291667 103.291667   4.177 0.000   2.338 0.000
105.291667 106.291667   1.093 0.000   0.775 0.000
108.291667 109.291667   1.695 0.000   1.073 0.000
111.291667 112.291667   2.827 0.000   2.022 0.000
114.291667 115.291667   0.670 0.000   0.277 0.000
117.291667 118.291667   1.219 0.000   0.713 0.000
120.291667 121.291667   0.590 0.000   0.457 0.000
123.291667 124.291667   2.860 0.000   1.501 0.000
126.291667 127.291667   5.639 0.000   3.679 0.000
129.291667 130.291667   4.669 0.000   2.135 0.000
132.291667 133.291667 999.999 0.999 999.999 0.999
135.291667 136.291667   2.270 0.000   1.567 0.000
138.291667 139.291667 999.999 0.999 999.999 0.999
141.291667 142.291667   4.325 0.000   1.933 0.000
144.291667 145.291667   2.750 0.000   1.636 0.000
147.291667 148.291667   2.969 0.000   1.756 0.000
150.291667 151.291667   5.042 0.000   2.896 0.000
153.291667 154.291667   7.809 0.000   3.535 0.000
156.291667 157.291667   4.219 0.000   1.925 0.000
159.291667 160.291667   6.227 0.000   3.205 0.000
162.291667 163.291667   8.782 0.000   3.698 0.000
165.291667 166.291667   5.797 0.000   2.145 0.000
168.291667 169.291667   8.915 0.000   2.899 0.000
171.291667 172.291667   5.914 0.000   1.945 0.000
174.291667 175.291667  11.453 0.000   2.981 0.000
177.291667 178.291667   5.653 0.000   1.213 0.000
180.291667 181.291667   9.383 0.000   3.527 0.000
183.291667 184.291667   5.196 0.000   2.352 0.000
186.291667 187.291667   8.712 0.000   3.165 0.000
189.291667 190.291667   7.483 0.000   2.988 0.000
192.291667 193.291667   3.668 0.000   0.850 0.000
195.291667 196.291667   5.174 0.000   1.543 0.000
198.291667 199.291667   7.357 0.000   2.533 0.000
201.291667 202.291667   6.955 0.000   2.482 0.000
204.291667 205.291667   5.595 0.000   2.510 0.000
207.291667 208.291667  12.774 0.000   8.286 0.000
210.291667 211.291667  17.973 0.000  13.683 0.000
213.291667 214.291667   7.927 0.000   5.012 0.000
216.291667 217.291667  14.954 0.000  11.246 0.000
219.291667 220.291667   5.507 0.000   2.989 0.000
222.291667 223.291667   8.240 0.000   3.913 0.000
225.291667 226.291667   7.764 0.000   4.651 0.000
228.291667 229.291667   8.646 0.000   4.500 0.000
231.291667 232.291667   5.626 0.000   3.534 0.000
234.291667 235.291667   8.593 0.000   4.162 0.000
237.291667 238.291667  11.534 0.000   8.243 0.000
240.291667 241.291667  10.933 0.000   5.835 0.000
243.291667 244.291667   5.991 0.000   3.513 0.000
246.291667 247.291667   8.260 0.000   2.630 0.000
249.291667 250.291667   4.452 0.000   2.271 0.000
252.291667 253.291667   3.013 0.000   1.216 0.000
255.291667 256.291667   8.510 0.000   4.285 0.000
258.291667 259.291667   3.582 0.000   2.293 0.000
261.291667 262.291667   4.573 0.000   2.024 0.000
264.291667 265.291667   8.435 0.000   4.292 0.000
267.291667 268.291667   1.008 0.000   0.618 0.000
270.291667 271.291667   2.349 0.000   1.493 0.000
273.291667 274.291667   2.502 0.000   1.709 0.000
276.291667 277.291667   1.097 0.000   0.567 0.000
279.291667 280.291667 999.999 0.999 999.999 0.999
282.291667 283.291667   1.928 0.000   1.073 0.000
285.291667 286.291667  18.179 0.000  15.396 0.000
288.291667 289.291667   7.655 0.000   4.145 0.000
291.291667 292.291667   1.487 0.000   1.160 0.000
294.291667 295.291667   1.806 0.000   1.565 0.000
297.291667 298.291667   4.249 0.000   2.497 0.000
300.291667 301.291667   4.176 0.000   2.897 0.000
303.291667 304.291667   3.315 0.000   2.280 0.000
306.291667 307.291667   0.723 0.000   0.590 0.000
309.291667 310.291667   2.182 0.000   1.531 0.000
312.291667 313.291667   1.139 0.000   0.732 0.000
315.291667 316.291667   1.891 0.000   0.977 0.000
318.291667 319.291667   2.263 0.000   1.075 0.000
321.291667 322.291667   0.849 0.000   0.347 0.000
324.291667 325.291667   2.100 0.000   0.992 0.000
327.291667 328.291667   1.118 0.000   0.599 0.000
330.291667 331.291667   3.756 0.000   2.375 0.000
333.291667 334.291667   0.474 0.000   0.320 0.000
336.291667 337.291667   0.519 0.000   0.350 0.000
339.291667 340.291667   0.737 0.000 999.999 0.999
342.291667 343.291667   1.139 0.000 999.999 0.999
345.291667 346.291667   0.429 0.000 999.999 0.999
348.291667 349.291667   0.949 0.000 999.999 0.999
351.291667 352.291667   1.347 0.000 999.999 0.999
354.291667 355.291667   0.597 0.000 999.999 0.999
357.291667 358.291667 999.999 0.999 999.999 0.999
360.291667 361.291667 999.999 0.999 999.999 0.999
363.291667 364.291667 999.999 0.999 999.999 0.999
