scripts/IMPROVE-2019_partial/data/US0080R.20100102050000.20191216000000.filterpack...52w.3d.US03L_filterpack_US0080.US03L_IMPROVE_Davis.lev2.nas
51 1001
MISSING INFORMATION
US03L, IMPROVE, , , , , , , 
MISSING INFORMATION
IMPROVE sel_HTAP
1 1
2010 01 01 2019 12 16
3.000000
days from file reference point
4
1 1 1 1
999.999999 999.999 999.999 9.999
end_time of measurement, days from the file reference point
pm10_mass, ug/m3, Matrix=pm10
pm25_mass, ug/m3, Matrix=pm25
numflag, no unit
0
33
Data definition:              EBAS_1.1
Set type code:                TU
Timezone:                     UTC
File name:                    US0080R.20100102050000.20191216000000.filterpack...52w.3d.US03L_filterpack_US0080.US03L_IMPROVE_Davis.lev2.nas
File creation:                20191218120051
Startdate:                    20100102050000
Revision date:                20191216000000
Version:                      2
Version description:          "Data extracted from http://views.cira.colostate.edu/fed/DataWizard 2019-12-16"
Statistics:                   arithmetic mean
Data level:                   2
Period code:                  52w
Resolution code:              3d
Sample duration:              1d
Orig. time res.:              3d
Station code:                 US0080R
Platform code:                US0080S
Station name:                 James River Face Wilderness
Station latitude:             37.6266
Station longitude:            -79.5125
Station altitude:             289.0 m
Regime:                       IMG
Component:                    
Unit:                         ug/m3
Matrix:                       
Laboratory code:              US03L
Instrument type:              filterpack
Instrument name:              filterpack_US0080
Method ref:                   US03L_IMPROVE_Davis
Blank correction:             Blank corrected
Volume std. temperature:      ambient
Volume std. pressure:         ambient
starttime endtime PM10 PM2.5 flag
  1.208333   2.208333   4.912   3.596 0.000
  4.208333   5.208333   5.830   4.461 0.000
  7.208333   8.208333  13.270  10.259 0.000
 10.208333  11.208333   9.645   5.388 0.000
 13.208333  14.208333  17.770  12.515 0.000
 16.208333  17.208333  12.512  11.631 0.000
 19.208333  20.208333  12.166  10.098 0.000
 22.208333  23.208333   9.475   7.815 0.000
 25.208333  26.208333   4.421   3.013 0.000
 28.208333  29.208333   6.771   3.897 0.000
 31.208333  32.208333  14.217  10.769 0.000
 34.208333  35.208333  15.900  12.100 0.000
 37.208333  38.208333  15.347  11.688 0.000
 40.208333  41.208333 999.999 999.999 0.999
 43.208333  44.208333  10.917   9.050 0.000
 46.208333  47.208333   8.339   6.620 0.000
 49.208333  50.208333   7.533   5.085 0.000
 52.208333  53.208333  20.965  17.604 0.000
 55.208333  56.208333   9.698   7.385 0.000
 58.208333  59.208333   4.076   3.116 0.000
 61.208333  62.208333   6.571   5.804 0.000
 64.208333  65.208333   8.490   6.139 0.000
 67.208333  68.208333  19.545  15.191 0.000
 70.208333  71.208333   5.642   4.242 0.000
 73.208333  74.208333   3.818   3.037 0.000
 76.208333  77.208333  10.875   7.208 0.000
 79.208333  80.208333  16.167  12.416 0.000
 82.208333  83.208333  10.558   6.661 0.000
 85.208333  86.208333   5.941   4.192 0.000
 88.208333  89.208333   6.574   4.452 0.000
 91.208333  92.208333  16.514  10.092 0.000
 94.208333  95.208333  16.726  10.380 0.000
 97.208333  98.208333  15.930   8.313 0.000
100.208333 101.208333  11.131   6.989 0.000
103.208333 104.208333  12.773   8.368 0.000
106.208333 107.208333  10.274   5.460 0.000
109.208333 110.208333  13.275   7.951 0.000
112.208333 113.208333  23.627  14.428 0.000
115.208333 116.208333   5.429   2.946 0.000
118.208333 119.208333  16.115   8.428 0.000
121.208333 122.208333  22.714  13.257 0.000
124.208333 125.208333  12.058   7.108 0.000
127.208333 128.208333  18.556   8.598 0.000
130.208333 131.208333  11.625   7.319 0.000
133.208333 134.208333  16.765   8.520 0.000
136.208333 137.208333   8.055   5.256 0.000
139.208333 140.208333  11.995   6.325 0.000
142.208333 143.208333  11.643   8.311 0.000
145.208333 146.208333   9.881   5.416 0.000
148.208333 149.208333  11.469   5.966 0.000
151.208333 152.208333   9.105   5.483 0.000
154.208333 155.208333   9.022   9.677 0.000
157.208333 158.208333   6.988   5.526 0.000
160.208333 161.208333  12.771   9.355 0.000
163.208333 164.208333  14.114   9.218 0.000
166.208333 167.208333  17.839  13.778 0.000
169.208333 170.208333  18.130  14.320 0.000
172.208333 173.208333  20.022  14.313 0.000
175.208333 176.208333  18.538  13.902 0.000
178.208333 179.208333  12.177   8.540 0.000
181.208333 182.208333  10.046   5.773 0.000
184.208333 185.208333  13.444   9.639 0.000
187.208333 188.208333  27.108  21.531 0.000
190.208333 191.208333  12.539   8.027 0.000
193.208333 194.208333  12.748   7.273 0.000
196.208333 197.208333  20.070  14.338 0.000
199.208333 200.208333  11.890   7.502 0.000
202.208333 203.208333  18.050  11.783 0.000
205.208333 206.208333  24.278  13.167 0.000
208.208333 209.208333  12.793   8.425 0.000
211.208333 212.208333  14.024  11.030 0.000
214.208333 215.208333  20.994  11.478 0.000
217.208333 218.208333  22.930  14.148 0.000
220.208333 221.208333  23.746  19.510 0.000
223.208333 224.208333  14.100  10.457 0.000
226.208333 227.208333  12.629   7.211 0.000
229.208333 230.208333  18.136  10.793 0.000
232.208333 233.208333  21.064  15.696 0.000
235.208333 236.208333   9.923   4.522 0.000
238.208333 239.208333  16.965  10.570 0.000
241.208333 242.208333  15.692  10.691 0.000
244.208333 245.208333  17.383  11.593 0.000
247.208333 248.208333   8.010   4.761 0.000
250.208333 251.208333  19.503  10.183 0.000
253.208333 254.208333   9.874   6.179 0.000
256.208333 257.208333  28.037   6.341 0.000
259.208333 260.208333  17.135   8.446 0.000
262.208333 263.208333  11.850   7.785 0.000
265.208333 266.208333  18.649  13.998 0.000
268.208333 269.208333  10.762   7.554 0.000
271.208333 272.208333   8.659   5.955 0.000
274.208333 275.208333   8.742   6.411 0.000
277.208333 278.208333   5.845   4.064 0.000
280.208333 281.208333   9.256   5.805 0.000
283.208333 284.208333  14.527  10.391 0.000
286.208333 287.208333   9.646   6.798 0.000
289.208333 290.208333  10.145   6.229 0.000
292.208333 293.208333  11.009   8.158 0.000
295.208333 296.208333   9.900   5.682 0.000
298.208333 299.208333   9.569   4.801 0.000
301.208333 302.208333   6.135   3.572 0.000
304.208333 305.208333  12.018   8.383 0.000
307.208333 308.208333   6.071   4.755 0.000
310.208333 311.208333   7.160   5.650 0.000
313.208333 314.208333  10.483   5.987 0.000
316.208333 317.208333  10.897   7.166 0.000
319.208333 320.208333   9.526   7.596 0.000
322.208333 323.208333  10.867   8.807 0.000
325.208333 326.208333  16.217  13.385 0.000
328.208333 329.208333  11.032   7.163 0.000
331.208333 332.208333  10.361   9.464 0.000
334.208333 335.208333   4.122   2.995 0.000
337.208333 338.208333   7.725   7.251 0.000
340.208333 341.208333 999.999 999.999 0.999
343.208333 344.208333  15.416  12.274 0.000
346.208333 347.208333   4.332   3.310 0.000
349.208333 350.208333  12.367  10.011 0.000
352.208333 353.208333  15.491  14.288 0.000
355.208333 356.208333  11.040  10.579 0.000
358.208333 359.208333  13.097  12.366 0.000
361.208333 362.208333   5.785   3.800 0.000
364.208333 365.208333  21.672  17.997 0.000
