scripts/IMPROVE-2019_partial/data/US0035R.20070103060000.20191216000000.filterpack...1y.3d.US03L_filterpack_US0035.US03L_IMPROVE_Davis.lev2.nas
52 1001
MISSING INFORMATION
US03L, IMPROVE, , , , , , , 
MISSING INFORMATION
IMPROVE sel_HTAP
1 1
2007 01 01 2019 12 16
3.00
days from file reference point
5
1 1 1 1 1
999.99 999.999 9.999 999.999 9.999
end_time of measurement, days from the file reference point
pm10_mass, ug/m3, Matrix=pm10
numflag pm10_mass, no unit, Matrix=pm10
pm25_mass, ug/m3, Matrix=pm25
numflag pm25_mass, no unit, Matrix=pm25
0
33
Data definition:              EBAS_1.1
Set type code:                TU
Timezone:                     UTC
File name:                    US0035R.20070103060000.20191216000000.filterpack...1y.3d.US03L_filterpack_US0035.US03L_IMPROVE_Davis.lev2.nas
File creation:                20191218115742
Startdate:                    20070103060000
Revision date:                20191216000000
Version:                      2
Version description:          "Data extracted from http://views.cira.colostate.edu/fed/DataWizard 2019-12-16"
Statistics:                   arithmetic mean
Data level:                   2
Period code:                  1y
Resolution code:              3d
Sample duration:              1d
Orig. time res.:              3d
Station code:                 US0035R
Platform code:                US0035S
Station name:                 Bondville
Station latitude:             40.05
Station longitude:            -88.36667
Station altitude:             213.0 m
Regime:                       IMG
Component:                    
Unit:                         ug/m3
Matrix:                       
Laboratory code:              US03L
Instrument type:              filterpack
Instrument name:              filterpack_US0035
Method ref:                   US03L_IMPROVE_Davis
Blank correction:             Blank corrected
Volume std. temperature:      ambient
Volume std. pressure:         ambient
starttime endtime PM10 flag_PM10 PM2.5 flag_PM2.5
  2.25   3.25  12.571 0.000  10.049 0.000
  5.25   6.25  13.935 0.000  11.504 0.000
  8.25   9.25   7.679 0.000   4.563 0.000
 11.25  12.25   9.994 0.000   6.935 0.000
 14.25  15.25   4.920 0.000   4.158 0.000
 17.25  18.25  14.229 0.000  11.295 0.000
 20.25  21.25  11.447 0.000  10.062 0.000
 23.25  24.25  32.565 0.000 999.999 0.456
 26.25  27.25  10.451 0.000   9.382 0.000
 29.25  30.25  11.229 0.000   6.633 0.000
 32.25  33.25  12.652 0.000   7.027 0.000
 35.25  36.25  11.642 0.000   5.468 0.000
 38.25  39.25   9.822 0.000   7.901 0.000
 41.25  42.25  23.262 0.000  16.494 0.000
 44.25  45.25   7.847 0.000   6.466 0.000
 47.25  48.25  15.793 0.000  12.585 0.000
 50.25  51.25  25.556 0.000  20.365 0.000
 53.25  54.25  16.480 0.000  12.333 0.000
 56.25  57.25   7.761 0.000   6.184 0.000
 59.25  60.25  18.007 0.000  13.832 0.000
 62.25  63.25   9.194 0.000   6.844 0.000
 65.25  66.25  14.351 0.000  12.127 0.000
 68.25  69.25  23.848 0.000  20.942 0.000
 71.25  72.25  22.957 0.000  16.067 0.000
 74.25  75.25  16.004 0.000  12.511 0.000
 77.25  78.25  18.865 0.000  13.847 0.000
 80.25  81.25  12.655 0.000   7.149 0.000
 83.25  84.25  16.988 0.000   9.363 0.000
 86.25  87.25  21.873 0.000  14.742 0.000
 89.25  90.25  21.696 0.000  14.449 0.000
 92.25  93.25  13.082 0.000   8.141 0.000
 95.25  96.25   9.460 0.000   4.537 0.000
 98.25  99.25  17.581 0.000  10.769 0.000
101.25 102.25   7.079 0.000   6.291 0.000
104.25 105.25  11.065 0.000   8.380 0.000
107.25 108.25  15.217 0.000   6.765 0.000
110.25 111.25  30.514 0.000  15.086 0.000
113.25 114.25  29.365 0.000  10.882 0.000
116.25 117.25  11.604 0.000   6.594 0.000
119.25 120.25  24.432 0.000   8.851 0.000
122.25 123.25  23.328 0.000  10.389 0.000
125.25 126.25  19.244 0.000   5.287 0.000
128.25 129.25  26.778 0.000   7.522 0.000
131.25 132.25  23.341 0.000   6.839 0.000
134.25 135.25  38.549 0.000  12.340 0.000
137.25 138.25  15.849 0.000   5.494 0.000
140.25 141.25  25.225 0.000  11.559 0.000
143.25 144.25  59.900 0.000  32.749 0.000
146.25 147.25  16.096 0.000  12.863 0.000
149.25 150.25  42.494 0.000  28.828 0.000
152.25 153.25  11.533 0.000   7.426 0.000
155.25 156.25  10.565 0.000   5.415 0.000
158.25 159.25  26.495 0.000  10.779 0.000
161.25 162.25  24.491 0.000  13.364 0.000
164.25 165.25  31.658 0.000 999.999 0.999
167.25 168.25  39.393 0.000 999.999 0.999
170.25 171.25  21.911 0.000 999.999 0.999
173.25 174.25  13.823 0.000  12.336 0.000
176.25 177.25  21.414 0.000  13.414 0.000
179.25 180.25  13.108 0.000   7.783 0.000
182.25 183.25  13.545 0.000   8.083 0.000
185.25 186.25  15.562 0.000   9.387 0.000
188.25 189.25  20.698 0.000  14.638 0.000
191.25 192.25  11.041 0.000   3.768 0.000
194.25 195.25  13.549 0.000   6.393 0.000
197.25 198.25   7.864 0.000   5.043 0.000
200.25 201.25   9.441 0.000   5.005 0.000
203.25 204.25  17.973 0.000  11.081 0.000
206.25 207.25  35.078 0.000  29.905 0.000
209.25 210.25  19.964 0.000  14.740 0.000
212.25 213.25  30.070 0.000  23.323 0.000
215.25 216.25  22.787 0.000  12.140 0.000
218.25 219.25  22.944 0.000  14.716 0.000
221.25 222.25  16.603 0.000   8.695 0.000
224.25 225.25  25.773 0.000  11.999 0.000
227.25 228.25  24.572 0.000  18.968 0.000
230.25 231.25  18.609 0.000  13.492 0.000
233.25 234.25  21.538 0.000  13.644 0.000
236.25 237.25  10.507 0.000   6.181 0.000
239.25 240.25  25.276 0.000  18.313 0.000
242.25 243.25  11.931 0.000   5.404 0.000
245.25 246.25  22.655 0.000  15.515 0.000
248.25 249.25  24.282 0.000  18.248 0.000
251.25 252.25  16.281 0.000   6.787 0.000
254.25 255.25  10.230 0.000   3.386 0.000
257.25 258.25   6.651 0.000   2.523 0.000
260.25 261.25  37.209 0.000  20.734 0.000
263.25 264.25  47.022 0.000  29.235 0.000
266.25 267.25  25.833 0.000  13.090 0.000
269.25 270.25  13.503 0.000   4.829 0.000
272.25 273.25  31.642 0.000  13.643 0.000
275.25 276.25  16.784 0.000   6.618 0.000
278.25 279.25  22.206 0.000  11.410 0.000
281.25 282.25  15.164 0.000   3.028 0.000
284.25 285.25  19.462 0.000   6.005 0.000
287.25 288.25  21.076 0.000  12.985 0.000
290.25 291.25  12.417 0.000   5.856 0.000
293.25 294.25  15.977 0.000   6.426 0.000
296.25 297.25   7.084 0.000   3.412 0.000
299.25 300.25  19.808 0.000  13.613 0.000
302.25 303.25  15.368 0.000  11.030 0.000
305.25 306.25  19.403 0.000   8.720 0.000
308.25 309.25  23.190 0.000   6.106 0.000
311.25 312.25  29.044 0.000   9.055 0.000
314.25 315.25  22.152 0.000  15.634 0.000
317.25 318.25  24.032 0.000   8.776 0.000
320.25 321.25  25.293 0.000  11.228 0.000
323.25 324.25  19.014 0.000  15.053 0.000
326.25 327.25   6.527 0.000   5.514 0.000
329.25 330.25  18.022 0.000  16.017 0.000
332.25 333.25  13.458 0.000   5.685 0.000
335.25 336.25  14.451 0.000  10.329 0.000
338.25 339.25   9.308 0.000   7.729 0.000
341.25 342.25  19.942 0.000  17.712 0.000
344.25 345.25   9.064 0.000   8.916 0.000
347.25 348.25  23.482 0.000  15.806 0.000
350.25 351.25  19.307 0.000  16.497 0.000
353.25 354.25  29.299 0.000  25.683 0.000
356.25 357.25   7.443 0.000   5.134 0.000
359.25 360.25  11.849 0.000  10.587 0.000
362.25 363.25  12.427 0.000  11.756 0.000
