scripts/IMPROVE-2019_partial/data/US0088R.20130101070000.20191216000000.filterpack...52w.3d.US03L_filterpack_US0088.US03L_IMPROVE_Davis.lev2.nas
51 1001
MISSING INFORMATION
US03L, IMPROVE, , , , , , , 
MISSING INFORMATION
IMPROVE sel_HTAP
1 1
2013 01 01 2019 12 16
3.000000
days from file reference point
4
1 1 1 1
999.999999 999.999 999.999 9.999
end_time of measurement, days from the file reference point
pm10_mass, ug/m3, Matrix=pm10
pm25_mass, ug/m3, Matrix=pm25
numflag, no unit
0
33
Data definition:              EBAS_1.1
Set type code:                TU
Timezone:                     UTC
File name:                    US0088R.20130101070000.20191216000000.filterpack...52w.3d.US03L_filterpack_US0088.US03L_IMPROVE_Davis.lev2.nas
File creation:                20191218120121
Startdate:                    20130101070000
Revision date:                20191216000000
Version:                      2
Version description:          "Data extracted from http://views.cira.colostate.edu/fed/DataWizard 2019-12-16"
Statistics:                   arithmetic mean
Data level:                   2
Period code:                  52w
Resolution code:              3d
Sample duration:              1d
Orig. time res.:              3d
Station code:                 US0088R
Platform code:                US0088S
Station name:                 Cloud Peak
Station latitude:             44.3335
Station longitude:            -106.9565
Station altitude:             2470.0 m
Regime:                       IMG
Component:                    
Unit:                         ug/m3
Matrix:                       
Laboratory code:              US03L
Instrument type:              filterpack
Instrument name:              filterpack_US0088
Method ref:                   US03L_IMPROVE_Davis
Blank correction:             Blank corrected
Volume std. temperature:      ambient
Volume std. pressure:         ambient
starttime endtime PM10 PM2.5 flag
  0.291667   1.291667 999.999 999.999 0.999
  3.291667   4.291667   1.150   0.691 0.000
  6.291667   7.291667   0.984   0.474 0.000
  9.291667  10.291667   3.492   1.409 0.000
 12.291667  13.291667   0.839   0.576 0.000
 15.291667  16.291667   1.282   0.531 0.000
 18.291667  19.291667   1.747   0.877 0.000
 21.291667  22.291667   0.519   0.284 0.000
 24.291667  25.291667 999.999 999.999 0.999
 27.291667  28.291667 999.999 999.999 0.999
 30.291667  31.291667   1.034   0.315 0.000
 33.291667  34.291667   0.981   0.262 0.000
 36.291667  37.291667   1.022   0.595 0.000
 39.291667  40.291667   1.845   1.135 0.000
 42.291667  43.291667   1.824   0.730 0.000
 45.291667  46.291667   2.577   0.830 0.000
 48.291667  49.291667   0.820   0.566 0.000
 51.291667  52.291667   3.573   2.352 0.000
 54.291667  55.291667   0.817   0.535 0.000
 57.291667  58.291667   1.118   0.532 0.000
 60.291667  61.291667   1.726   0.953 0.000
 63.291667  64.291667   2.340   1.701 0.000
 66.291667  67.291667   8.140   3.042 0.000
 69.291667  70.291667   2.395   1.130 0.000
 72.291667  73.291667   4.194   2.029 0.000
 75.291667  76.291667 999.999 999.999 0.999
 78.291667  79.291667   2.883   1.500 0.000
 81.291667  82.291667   2.612   2.035 0.000
 84.291667  85.291667   3.510   2.600 0.000
 87.291667  88.291667   3.200   1.861 0.000
 90.291667  91.291667 999.999 999.999 0.999
 93.291667  94.291667   5.528   3.163 0.000
 96.291667  97.291667   2.607   1.594 0.000
 99.291667 100.291667 999.999 999.999 0.999
102.291667 103.291667 999.999 999.999 0.999
105.291667 106.291667 999.999 999.999 0.999
108.291667 109.291667 999.999 999.999 0.999
111.291667 112.291667 999.999 999.999 0.999
114.291667 115.291667   8.650   5.540 0.000
117.291667 118.291667   5.803   2.763 0.000
120.291667 121.291667   1.759   1.087 0.000
123.291667 124.291667   4.791   2.573 0.000
126.291667 127.291667   7.343   3.509 0.000
129.291667 130.291667  10.038   4.780 0.000
132.291667 133.291667   6.862   3.405 0.000
135.291667 136.291667   5.014   2.608 0.000
138.291667 139.291667 999.999 999.999 0.999
141.291667 142.291667 999.999 999.999 0.999
144.291667 145.291667 999.999 999.999 0.999
147.291667 148.291667 999.999 999.999 0.999
150.291667 151.291667   0.335   0.124 0.000
153.291667 154.291667   1.359   1.229 0.000
156.291667 157.291667   3.600   2.190 0.000
159.291667 160.291667   4.845   2.358 0.000
162.291667 163.291667   7.793   3.601 0.000
165.291667 166.291667   3.550   1.418 0.000
168.291667 169.291667   6.935   3.219 0.000
171.291667 172.291667   7.095   2.653 0.000
174.291667 175.291667   7.076   2.487 0.000
177.291667 178.291667   7.942   2.517 0.000
180.291667 181.291667  11.958   3.959 0.000
183.291667 184.291667  17.023   6.354 0.000
186.291667 187.291667 999.999 999.999 0.999
189.291667 190.291667  10.097   4.929 0.000
192.291667 193.291667  10.028   4.608 0.000
195.291667 196.291667   7.875   3.530 0.000
198.291667 199.291667   9.115   4.679 0.000
201.291667 202.291667  10.342   5.197 0.000
204.291667 205.291667  11.073   5.407 0.000
207.291667 208.291667   8.869   5.890 0.000
210.291667 211.291667   7.624   5.197 0.000
213.291667 214.291667   8.707   4.914 0.000
216.291667 217.291667  12.074   6.556 0.000
219.291667 220.291667   7.667   4.175 0.000
222.291667 223.291667   9.152   6.123 0.000
225.291667 226.291667   9.914   6.938 0.000
228.291667 229.291667  20.896  16.543 0.000
231.291667 232.291667  27.195  21.043 0.000
234.291667 235.291667   8.186   4.342 0.000
237.291667 238.291667   7.049   3.514 0.000
240.291667 241.291667   5.649   2.684 0.000
243.291667 244.291667  10.701   5.302 0.000
246.291667 247.291667   7.001   4.420 0.000
249.291667 250.291667   6.292   3.324 0.000
252.291667 253.291667   4.070   2.472 0.000
255.291667 256.291667   2.293   1.736 0.000
258.291667 259.291667   1.910   1.452 0.000
261.291667 262.291667   1.435   0.857 0.000
264.291667 265.291667   4.027   1.839 0.000
267.291667 268.291667   2.955   1.212 0.000
270.291667 271.291667 999.999 999.999 0.999
273.291667 274.291667   2.620   1.144 0.000
276.291667 277.291667 999.999 999.999 0.999
279.291667 280.291667   0.886   0.705 0.000
282.291667 283.291667   7.306   2.793 0.000
285.291667 286.291667   4.555   3.424 0.000
288.291667 289.291667   3.215   2.190 0.000
291.291667 292.291667   1.728   1.356 0.000
294.291667 295.291667   2.127   1.404 0.000
297.291667 298.291667   1.653   0.978 0.000
300.291667 301.291667   1.514   0.898 0.000
303.291667 304.291667   2.418   1.058 0.000
306.291667 307.291667   0.908   0.686 0.000
309.291667 310.291667   1.387   0.743 0.000
312.291667 313.291667   1.294   0.647 0.000
315.291667 316.291667   0.604   0.400 0.000
318.291667 319.291667   1.838   1.185 0.000
321.291667 322.291667   1.236   0.738 0.000
324.291667 325.291667   3.314   2.222 0.000
327.291667 328.291667   0.851   0.611 0.000
330.291667 331.291667   1.204   0.488 0.000
333.291667 334.291667   1.334   0.828 0.000
336.291667 337.291667   2.023   1.439 0.000
339.291667 340.291667   2.428   1.736 0.000
342.291667 343.291667   2.252   0.687 0.000
345.291667 346.291667   0.815   0.428 0.000
348.291667 349.291667   1.664   0.611 0.000
351.291667 352.291667   0.596   0.462 0.000
354.291667 355.291667   1.089   0.530 0.000
357.291667 358.291667   1.084   0.369 0.000
360.291667 361.291667 999.999 999.999 0.999
363.291667 364.291667 999.999 999.999 0.999
