scripts/IMPROVE-2019_partial/data/US0032R.19990102100000.20191216000000.filterpack.pm25_mass.pm25.1y.3d.US03L_filterpack_US0032.US03L_IMPROVE_Davis.lev2.nas
50 1001
MISSING INFORMATION
US03L, IMPROVE, , , , , , , 
MISSING INFORMATION
IMPROVE sel_HTAP
1 1
1999 01 01 2019 12 16
0
days from file reference point
3
1 1 1
999.999999 99.999 9.999
end_time of measurement, days from the file reference point
pm25_mass, ug/m3
numflag pm25_mass, no unit
0
33
Data definition:              EBAS_1.1
Set type code:                TI
Timezone:                     UTC
File name:                    US0032R.19990102100000.20191216000000.filterpack.pm25_mass.pm25.1y.3d.US03L_filterpack_US0032.US03L_IMPROVE_Davis.lev2.nas
File creation:                20191218115735
Startdate:                    19990102100000
Revision date:                20191216000000
Version:                      2
Version description:          "Data extracted from http://views.cira.colostate.edu/fed/DataWizard 2019-12-16"
Statistics:                   arithmetic mean
Data level:                   2
Period code:                  1y
Resolution code:              3d
Sample duration:              1d
Orig. time res.:              3d
Station code:                 US0032R
Platform code:                US0032S
Station name:                 Haleakala NP
Station latitude:             20.8086
Station longitude:            -156.2823
Station altitude:             1153.0 m
Regime:                       IMG
Component:                    pm25_mass
Unit:                         ug/m3
Matrix:                       pm25
Laboratory code:              US03L
Instrument type:              filterpack
Instrument name:              filterpack_US0032
Method ref:                   US03L_IMPROVE_Davis
Blank correction:             Blank corrected
Volume std. temperature:      ambient
Volume std. pressure:         ambient
starttime endtime PM2.5 flag_PM2.5
  1.416667   2.416667  2.335 0.000
  5.416667   6.416667  7.035 0.000
  8.416667   9.416667  0.975 0.000
 12.416667  13.416667 99.999 0.999
 15.416667  16.416667  3.308 0.000
 19.416667  20.416667 99.999 0.999
 22.416667  23.416667  1.639 0.000
 26.416667  27.416667 99.999 0.999
 29.416667  30.416667 99.999 0.999
 33.416667  34.416667  2.335 0.000
 36.416667  37.416667  2.760 0.000
 40.416667  41.416667  3.023 0.000
 43.416667  44.416667  3.093 0.000
 47.416667  48.416667  2.796 0.000
 50.416667  51.416667  0.509 0.000
 54.416667  55.416667  4.269 0.000
 57.416667  58.416667  4.299 0.000
 61.416667  62.416667  5.029 0.000
 64.416667  65.416667  2.578 0.000
 68.416667  69.416667  2.560 0.000
 71.416667  72.416667  1.009 0.000
 75.416667  76.416667  0.805 0.000
 78.416667  79.416667  0.536 0.000
 82.416667  83.416667  4.982 0.000
 85.416667  86.416667  0.650 0.000
 89.416667  90.416667  3.057 0.000
 92.416667  93.416667  3.546 0.000
 96.416667  97.416667  1.632 0.000
 99.416667 100.416667  1.365 0.000
103.416667 104.416667  3.338 0.000
106.416667 107.416667  1.586 0.000
110.416667 111.416667  5.792 0.000
113.416667 114.416667  1.460 0.000
117.416667 118.416667  4.492 0.000
120.416667 121.416667  6.678 0.000
124.416667 125.416667  3.351 0.000
127.416667 128.416667  4.167 0.000
131.416667 132.416667  3.981 0.000
134.416667 135.416667  4.630 0.000
138.416667 139.416667 99.999 0.999
141.416667 142.416667 99.999 0.999
145.416667 146.416667 99.999 0.999
148.416667 149.416667 99.999 0.999
152.416667 153.416667  3.861 0.000
155.416667 156.416667  2.155 0.000
159.416667 160.416667  2.525 0.000
162.416667 163.416667 99.999 0.999
166.416667 167.416667  2.315 0.000
169.416667 170.416667  4.149 0.000
173.416667 174.416667 99.999 0.999
176.416667 177.416667 99.999 0.999
180.416667 181.416667  2.157 0.000
183.416667 184.416667  2.325 0.000
187.416667 188.416667  2.737 0.000
190.416667 191.416667  1.265 0.000
194.416667 195.416667  1.773 0.000
197.416667 198.416667  1.883 0.000
201.416667 202.416667 99.999 0.999
204.416667 205.416667  1.488 0.000
208.416667 209.416667  4.414 0.000
211.416667 212.416667  2.972 0.000
215.416667 216.416667  5.362 0.000
218.416667 219.416667  2.315 0.000
222.416667 223.416667  1.236 0.000
225.416667 226.416667  1.153 0.000
229.416667 230.416667  3.338 0.000
232.416667 233.416667  2.772 0.000
236.416667 237.416667  1.543 0.000
239.416667 240.416667  1.157 0.000
243.416667 244.416667  2.207 0.000
246.416667 247.416667  2.384 0.000
250.416667 251.416667  0.984 0.000
253.416667 254.416667  2.807 0.000
257.416667 258.416667  1.389 0.000
260.416667 261.416667  1.507 0.000
264.416667 265.416667  1.729 0.000
267.416667 268.416667  3.006 0.000
271.416667 272.416667 99.999 0.999
274.416667 275.416667 99.999 0.999
278.416667 279.416667 99.999 0.999
281.416667 282.416667 99.999 0.999
285.416667 286.416667  2.365 0.000
288.416667 289.416667  1.197 0.000
292.416667 293.416667  2.285 0.000
295.416667 296.416667  1.699 0.000
299.416667 300.416667  2.825 0.000
302.416667 303.416667  1.840 0.000
306.416667 307.416667  4.119 0.000
309.416667 310.416667  1.187 0.000
313.416667 314.416667  1.142 0.000
316.416667 317.416667  1.699 0.000
320.416667 321.416667  0.920 0.000
323.416667 324.416667  2.742 0.000
327.416667 328.416667 99.999 0.999
330.416667 331.416667 99.999 0.999
334.416667 335.416667  1.371 0.000
337.416667 338.416667  1.201 0.000
341.416667 342.416667 99.999 0.999
344.416667 345.416667 99.999 0.999
348.416667 349.416667  2.671 0.000
351.416667 352.416667  1.662 0.000
355.416667 356.416667  0.601 0.000
358.416667 359.416667  4.359 0.000
362.416667 363.416667  1.271 0.000
