scripts/IMPROVE-2019_partial/data/US0061R.20030103050000.20191216000000.filterpack..pm25.1y.1w.US03L_filterpack_US0061.US03L_IMPROVE_Davis.lev2.nas
66 1001
MISSING INFORMATION
US03L, IMPROVE, , , , , , , 
MISSING INFORMATION
IMPROVE sel_HTAP
1 1
2003 01 01 2019 12 16
3.000000
days from file reference point
27
1 1 1 1 1 1 1 1 1 1 1 1 1 1 1 1 1 1 1 1 1 1 1 1 1 1 1
999.999999 9999.99 9.999 99.99 9.999999 9.999 9.999999 99.99 9.999 99.999 9.999 99.999 9.999 999.999 9.999 999.99 9.999999 999.999 9.999 999.999 9.999 999.999 9.999 9.999 9.999 99.999 9.999
end_time of measurement, days from the file reference point
iron, ng/m3, Revision date=20181210133000
numflag iron, no unit, Revision date=20181210133000
lead, ng/m3, Revision date=20181210133000
numflag lead, no unit, Revision date=20181210133000
magnesium, ug/m3, Revision date=20181210133000
numflag magnesium, no unit, Revision date=20181210133000
nickel, ng/m3, Revision date=20181210133000
numflag nickel, no unit, Revision date=20181210133000
nitrate, ug N/m3, Revision date=20181210133000
numflag nitrate, no unit, Revision date=20181210133000
organic_carbon, ug C/m3, Revision date=20181210133000
numflag organic_carbon, no unit, Revision date=20181210133000
organic_mass, ug/m3, Revision date=20181210133000
numflag organic_mass, no unit, Revision date=20181210133000
phosphorus, ng/m3, Revision date=20181210133000
numflag phosphorus, no unit, Revision date=20181210133000
pm10_mass, ug/m3, Version=2, Version description=Data extracted from http://views.cira.colostate.edu/fed/DataWizard 2019-12-16, Sample duration=1d, Orig. time res.=3d, Matrix=pm10, Blank correction=Blank corrected, Volume std. temperature=ambient, Volume std. pressure=ambient
numflag pm10_mass, no unit, Version=2, Version description=Data extracted from http://views.cira.colostate.edu/fed/DataWizard 2019-12-16, Sample duration=1d, Orig. time res.=3d, Matrix=pm10, Blank correction=Blank corrected, Volume std. temperature=ambient, Volume std. pressure=ambient
pm10_pm25_mass, ug/m3, Revision date=20181210133000, Matrix=pm10_pm25
numflag pm10_pm25_mass, no unit, Revision date=20181210133000, Matrix=pm10_pm25
pm25_mass, ug/m3, Version=2, Version description=Data extracted from http://views.cira.colostate.edu/fed/DataWizard 2019-12-16, Sample duration=1d, Orig. time res.=3d, Blank correction=Blank corrected, Volume std. temperature=ambient, Volume std. pressure=ambient
numflag pm25_mass, no unit, Version=2, Version description=Data extracted from http://views.cira.colostate.edu/fed/DataWizard 2019-12-16, Sample duration=1d, Orig. time res.=3d, Blank correction=Blank corrected, Volume std. temperature=ambient, Volume std. pressure=ambient
potassium, ug/m3, Revision date=20181210133000
numflag potassium, no unit, Revision date=20181210133000
sulphate_total, ug S/m3, Revision date=20181210133000
numflag sulphate_total, no unit, Revision date=20181210133000
0
25
Data definition:              EBAS_1.1
Set type code:                TU
Timezone:                     UTC
File name:                    US0061R.20030103050000.20191216000000.filterpack..pm25.1y.1w.US03L_filterpack_US0061.US03L_IMPROVE_Davis.lev2.nas
File creation:                20191218115918
Startdate:                    20030103050000
Revision date:                20191216000000
Statistics:                   arithmetic mean
Data level:                   2
Period code:                  1y
Resolution code:              1w
Station code:                 US0061R
Platform code:                US0061S
Station name:                 Brigantine NWR
Station latitude:             39.465
Station longitude:            -74.4492
Station altitude:             5.0 m
Regime:                       IMG
Component:                    
Matrix:                       pm25
Laboratory code:              US03L
Instrument type:              filterpack
Instrument name:              filterpack_US0061
Method ref:                   US03L_IMPROVE_Davis
starttime endtime Fe flag_Fe Pb flag_Pb Mg++ flag_Mg++ Ni flag_Ni NO3- flag_NO3- OC flag_OC OM flag_OM P flag_P PM10 flag_PM10 PM10-PM2.5 flag_PM10-PM2.5 PM2.5 flag_PM2.5 K+ flag_K+ SO4-- flag_SO4--
[from data line 80]
242.208333 243.208333   14.60 0.000  2.41 0.000000 9.999 0.259000  0.69 0.000  0.072 0.000  2.092 0.000   2.929 0.000 999.99 0.259000  11.438 0.000   5.075 0.000   6.363 0.000 0.032 0.000  0.659 0.000
245.208333 246.208333    6.11 0.000  0.53 0.000000 9.999 0.259000  1.11 0.000  0.106 0.000  0.714 0.000   0.999 0.000 999.99 0.259000  12.745 0.000   6.042 0.000   6.703 0.000 0.029 0.000  0.931 0.000
248.208333 249.208333   24.64 0.000  2.86 0.000000 0.031 0.000000  0.45 0.000  0.106 0.000  1.361 0.000   1.905 0.000 999.99 0.259000   8.946 0.000   4.478 0.000   4.469 0.000 0.030 0.000  0.343 0.000
251.208333 252.208333    8.06 0.000  0.50 0.000000 9.999 0.259000  0.66 0.000  0.059 0.000  0.834 0.000   1.167 0.000 999.99 0.259000  14.094 0.000  10.008 0.000   4.086 0.000 0.026 0.000  0.239 0.000
254.208333 255.208333    9.03 0.000  0.14 0.000000 9.999 0.259000  0.39 0.000  0.082 0.000  0.621 0.000   0.870 0.000 999.99 0.259000  18.628 0.000  11.928 0.000   6.700 0.000 0.047 0.000  0.322 0.000
257.208333 258.208333    2.15 0.000 99.99 0.259000 0.053 0.000000  0.74 0.000  0.060 0.000  0.565 0.000   0.791 0.000 999.99 0.259000  10.417 0.000   6.164 0.000   4.252 0.000 0.033 0.000  0.191 0.000
260.208333 261.208333   11.35 0.000  0.53 0.000000 0.075 0.000000  0.72 0.000  0.167 0.000  1.493 0.000   2.090 0.000 999.99 0.259000  24.020 0.000  12.309 0.000  11.711 0.000 0.090 0.000  0.843 0.000
263.208333 264.208333   30.98 0.000  3.12 0.000000 9.999 0.259000  0.53 0.000  0.108 0.000  2.020 0.000   2.828 0.000 999.99 0.259000  17.974 0.000   3.771 0.000  14.203 0.000 0.047 0.000  2.234 0.000
266.208333 267.208333   26.87 0.000  3.87 0.000000 0.057 0.000000  0.74 0.000  0.045 0.000  1.287 0.000   1.802 0.000 999.99 0.259000  11.330 0.000   3.303 0.000   8.027 0.000 0.027 0.000  1.117 0.000
269.208333 270.208333    3.99 0.000  0.56 0.000000 9.999 0.259000  0.91 0.000  0.096 0.000  0.284 0.000   0.397 0.000 999.99 0.259000   7.994 0.000   4.316 0.000   3.678 0.000 0.020 0.000  0.418 0.000
272.208333 273.208333   51.72 0.000  2.24 0.000000 9.999 0.259000  0.77 0.000  0.075 0.000  0.934 0.000   1.308 0.000 999.99 0.259000   8.823 0.000   2.098 0.000   6.725 0.000 0.026 0.000  0.927 0.000
275.208333 276.208333   22.48 0.559  1.50 0.559000 0.026 0.559000  0.74 0.559  0.053 0.559  0.569 0.000   0.797 0.000 999.99 0.559259   5.895 0.000   2.537 0.000   3.358 0.559 0.016 0.559  0.335 0.559
278.208333 279.208333   27.70 0.000  1.82 0.000000 0.039 0.000000  0.20 0.000  0.041 0.559  1.286 0.000   1.801 0.000 999.99 0.259000  10.153 0.000   2.821 0.000   7.332 0.000 0.034 0.000  0.895 0.559
281.208333 282.208333   82.48 0.000  3.21 0.000000 9.999 0.259000  1.55 0.000  0.360 0.000  4.590 0.000   6.427 0.000 999.99 0.259000  29.849 0.000   3.888 0.000  25.960 0.000 0.086 0.000  3.816 0.000
284.208333 285.208333   36.02 0.000  2.94 0.000000 0.052 0.000000  0.92 0.000  0.082 0.559  1.804 0.000   2.526 0.000 999.99 0.259000  11.696 0.000   1.831 0.000   9.865 0.000 0.044 0.000  1.270 0.559
287.208333 288.208333 9999.99 0.999 99.99 0.999000 9.999 0.999000 99.99 0.999 99.999 0.999 99.999 0.999 999.999 0.999 999.99 0.999000 999.999 0.999 999.999 0.999 999.999 0.999 9.999 0.999 99.999 0.999
290.208333 291.208333   30.48 0.000  7.92 0.000000 9.999 0.259000  0.69 0.000  0.142 0.559  1.395 0.000   1.953 0.000 999.99 0.259000   8.244 0.000   1.170 0.000   7.074 0.000 0.033 0.000  0.747 0.559
293.208333 294.208333   54.15 0.559  2.77 0.559000 0.059 0.559000  0.75 0.559  0.182 0.559  3.625 0.000   5.075 0.000 999.99 0.559259  27.825 0.000   9.123 0.000  18.702 0.559 0.087 0.559  2.279 0.559
296.208333 297.208333   43.39 0.000  2.26 0.000000 9.999 0.259000  0.80 0.000  0.159 0.559  1.750 0.000   2.450 0.000 999.99 0.259000   8.742 0.000   1.862 0.000   6.880 0.000 0.029 0.000  0.809 0.559
299.208333 300.208333    9.44 0.000  0.51 0.000000 9.999 0.259000  1.28 0.000  0.099 0.559  0.548 0.000   0.767 0.000 999.99 0.259000   8.975 0.000   4.162 0.000   4.813 0.000 0.028 0.000  0.502 0.559
302.208333 303.208333   41.58 0.000  1.99 0.000000 9.999 0.259000  0.67 0.000  0.143 0.000  1.581 0.000   2.213 0.000 999.99 0.259000  12.010 0.000   3.849 0.000   8.161 0.000 0.034 0.000  1.002 0.000
305.208333 306.208333   92.28 0.000  6.11 0.000000 0.050 0.000000  2.25 0.000  0.601 0.000  5.031 0.000   7.043 0.000 999.99 0.259000  28.717 0.000   6.952 0.000  21.766 0.000 0.102 0.000  2.441 0.000
308.208333 309.208333 9999.99 0.999 99.99 0.999000 9.999 0.999000 99.99 0.999 99.999 0.999 99.999 0.999 999.999 0.999 999.99 0.999000 999.999 0.999 999.999 0.999 999.999 0.999 9.999 0.999 99.999 0.999
311.208333 312.208333   39.49 0.000  2.44 0.000000 9.999 0.259000  0.47 0.000  0.153 0.000  1.348 0.000   1.887 0.000 999.99 0.259000   7.757 0.000   2.435 0.000   5.322 0.000 0.036 0.000  0.497 0.000
314.208333 315.208333   31.85 0.559  2.23 0.559000 9.999 0.559259  1.29 0.559  0.185 0.559  2.156 0.000   3.019 0.000 999.99 0.559259   9.759 0.000   2.836 0.000   6.924 0.559 0.047 0.559  0.463 0.559
317.208333 318.208333   31.58 0.559  1.04 0.559000 9.999 0.559259  0.28 0.559  0.073 0.559  0.504 0.000   0.705 0.000 999.99 0.559259   6.904 0.000   4.054 0.000   2.850 0.559 0.022 0.559  0.273 0.559
320.208333 321.208333   76.91 0.559  4.88 0.559000 9.999 0.559259  2.95 0.559  0.544 0.559  4.683 0.000   6.556 0.000 999.99 0.559259  18.330 0.000   2.322 0.000  16.008 0.559 0.084 0.559  1.222 0.559
323.208333 324.208333   22.10 0.559  1.76 0.559000 0.020 0.559000  0.83 0.559  0.042 0.559  0.888 0.000   1.243 0.000 999.99 0.559259   4.845 0.000   1.096 0.000   3.749 0.559 0.019 0.559  0.410 0.559
326.208333 327.208333   38.27 0.000  3.19 0.000000 9.999 0.259000  1.54 0.000  0.261 0.559  2.333 0.000   3.266 0.000 999.99 0.259000  12.516 0.000   3.828 0.000   8.689 0.000 0.050 0.000  0.672 0.559
329.208333 330.208333   55.60 0.559  3.58 0.559000 0.056 0.559000  0.83 0.559  0.644 0.559  2.261 0.000   3.165 0.000 999.99 0.559259  12.949 0.000   2.810 0.000  10.139 0.559 0.037 0.559  0.978 0.559
332.208333 333.208333   10.69 0.559  1.23 0.559000 0.039 0.559000  0.11 0.559  0.044 0.559  0.614 0.000   0.860 0.000 999.99 0.559259   4.873 0.000   0.798 0.000   4.075 0.559 0.014 0.559  0.599 0.559
335.208333 336.208333   20.59 0.000  1.15 0.000000 9.999 0.259000  0.37 0.000  0.086 0.559  0.501 0.000   0.701 0.000 999.99 0.259000   5.745 0.000   3.089 0.000   2.656 0.000 0.023 0.000  0.257 0.559
338.208333 339.208333   20.48 0.559  1.17 0.559000 9.999 0.559259  0.83 0.559  0.191 0.559  0.981 0.000   1.373 0.000 999.99 0.559259   8.041 0.000   3.216 0.000   4.825 0.559 0.038 0.559  0.263 0.559
341.208333 342.208333   40.68 0.559  4.57 0.559000 9.999 0.559259  1.16 0.559  0.321 0.559  1.339 0.000   1.875 0.000 999.99 0.559259   8.660 0.000   2.792 0.000   5.869 0.559 0.037 0.559  0.374 0.559
344.208333 345.208333   15.19 0.559  0.70 0.559000 9.999 0.559259  0.54 0.559  0.077 0.559  0.483 0.000   0.676 0.000 999.99 0.559259  18.114 0.000  10.511 0.000   7.603 0.559 0.049 0.559  0.682 0.559
347.208333 348.208333    9.75 0.000  0.67 0.000000 0.052 0.000000  0.89 0.000  0.109 0.559  0.428 0.000   0.599 0.000 999.99 0.259000  11.964 0.000   6.821 0.000   5.144 0.000 0.039 0.000  0.354 0.559
350.208333 351.208333   12.58 0.559  1.24 0.559000 0.063 0.559000  0.95 0.559  0.158 0.559  0.647 0.000   0.906 0.000 999.99 0.559259   9.706 0.000   2.989 0.000   6.716 0.559 0.034 0.559  0.753 0.559
353.208333 354.208333   46.03 0.559  4.24 0.559000 9.999 0.559259  1.49 0.559  1.004 0.559  1.936 0.000   2.710 0.000 999.99 0.559259  14.851 0.000   1.978 0.000  12.873 0.559 0.045 0.559  1.097 0.559
356.208333 357.208333   23.84 0.000  1.26 0.000000 0.048 0.000000  1.60 0.000  0.299 0.000  2.454 0.000   3.436 0.000 999.99 0.259000  36.019 0.000  26.922 0.000   9.097 0.000 0.067 0.000  0.702 0.000
359.208333 360.208333   17.54 0.000  1.18 0.000000 0.136 0.000000  0.32 0.000  0.105 0.000  0.978 0.000   1.369 0.000 999.99 0.259000   9.413 0.000   2.050 0.000   7.362 0.000 0.025 0.000  1.130 0.000
362.208333 363.208333   30.24 0.000  2.14 0.000000 9.999 0.259000  2.39 0.000  0.771 0.000  2.005 0.000   2.808 0.000 999.99 0.259000  15.939 0.000   6.475 0.000   9.464 0.000 0.048 0.000  0.659 0.000
