scripts/IMPROVE-2019_partial/data/US0031R.20070103100000.20191216000000.filterpack...1y.3d.US03L_filterpack_US0031.US03L_IMPROVE_Davis.lev2.nas
52 1001
MISSING INFORMATION
US03L, IMPROVE, , , , , , , 
MISSING INFORMATION
IMPROVE sel_HTAP
1 1
2007 01 01 2019 12 16
3.000000
days from file reference point
5
1 1 1 1 1
999.999999 999.999 9.999 999.999 9.999
end_time of measurement, days from the file reference point
pm10_mass, ug/m3, Matrix=pm10
numflag pm10_mass, no unit, Matrix=pm10
pm25_mass, ug/m3, Matrix=pm25
numflag pm25_mass, no unit, Matrix=pm25
0
33
Data definition:              EBAS_1.1
Set type code:                TU
Timezone:                     UTC
File name:                    US0031R.20070103100000.20191216000000.filterpack...1y.3d.US03L_filterpack_US0031.US03L_IMPROVE_Davis.lev2.nas
File creation:                20191218115730
Startdate:                    20070103100000
Revision date:                20191216000000
Version:                      2
Version description:          "Data extracted from http://views.cira.colostate.edu/fed/DataWizard 2019-12-16"
Statistics:                   arithmetic mean
Data level:                   2
Period code:                  1y
Resolution code:              3d
Sample duration:              1d
Orig. time res.:              3d
Station code:                 US0031R
Platform code:                US0031S
Station name:                 Hawaii Volcanoes NP
Station latitude:             19.4309
Station longitude:            -155.2579
Station altitude:             1258.0 m
Regime:                       IMG
Component:                    
Unit:                         ug/m3
Matrix:                       
Laboratory code:              US03L
Instrument type:              filterpack
Instrument name:              filterpack_US0031
Method ref:                   US03L_IMPROVE_Davis
Blank correction:             Blank corrected
Volume std. temperature:      ambient
Volume std. pressure:         ambient
starttime endtime PM10 flag_PM10 PM2.5 flag_PM2.5
  2.416667   3.416667   0.852 0.000   0.203 0.000
  5.416667   6.416667   1.942 0.000   0.892 0.659
  8.416667   9.416667   2.435 0.000   3.117 0.000
 11.416667  12.416667   1.420 0.000   1.072 0.000
 14.416667  15.416667   2.436 0.000   1.361 0.000
 17.416667  18.416667   3.855 0.000   1.785 0.659
 20.416667  21.416667   2.151 0.000   1.831 0.659
 23.416667  24.416667   4.618 0.000   1.698 0.000
 26.416667  27.416667   5.449 0.000   2.688 0.000
 29.416667  30.416667   9.728 0.000   3.914 0.000
 32.416667  33.416667   9.286 0.000  10.380 0.000
 35.416667  36.416667  16.770 0.000  17.145 0.000
 38.416667  39.416667  16.244 0.000  16.406 0.000
 41.416667  42.416667   2.672 0.000   1.626 0.000
 44.416667  45.416667   5.380 0.000   3.278 0.000
 47.416667  48.416667   2.864 0.000   1.648 0.000
 50.416667  51.416667   4.302 0.000   2.093 0.659
 53.416667  54.416667   5.782 0.000   5.041 0.000
 56.416667  57.416667   1.743 0.000   0.836 0.000
 59.416667  60.416667   1.159 0.000   0.730 0.000
 62.416667  63.416667  12.577 0.000  13.637 0.000
 65.416667  66.416667  10.673 0.000   9.312 0.000
 68.416667  69.416667   2.073 0.000   1.300 0.000
 71.416667  72.416667  21.027 0.000  21.184 0.000
 74.416667  75.416667   9.653 0.000  10.173 0.000
 77.416667  78.416667   3.408 0.000   1.603 0.000
 80.416667  81.416667   0.708 0.000   0.382 0.000
 83.416667  84.416667   2.705 0.000   1.479 0.000
 86.416667  87.416667  13.957 0.000  15.370 0.000
 89.416667  90.416667   8.668 0.000   8.075 0.000
 92.416667  93.416667   6.524 0.000   2.819 0.000
 95.416667  96.416667  30.952 0.000  30.925 0.000
 98.416667  99.416667   4.892 0.000   2.146 0.000
101.416667 102.416667  12.236 0.000  12.454 0.000
104.416667 105.416667   1.828 0.000   1.062 0.659
107.416667 108.416667   0.626 0.000   0.345 0.659
110.416667 111.416667   1.989 0.000   1.220 0.000
113.416667 114.416667   3.199 0.000   1.916 0.000
116.416667 117.416667   3.379 0.000   1.632 0.000
119.416667 120.416667   4.359 0.000   2.067 0.000
122.416667 123.416667   8.209 0.000   3.954 0.000
125.416667 126.416667   6.701 0.000   3.318 0.000
128.416667 129.416667   4.527 0.000   2.204 0.000
131.416667 132.416667   6.197 0.000   6.738 0.000
134.416667 135.416667   8.339 0.000   6.163 0.000
137.416667 138.416667   8.614 0.000   6.632 0.000
140.416667 141.416667  16.304 0.000  17.151 0.000
143.416667 144.416667   3.346 0.000   1.492 0.000
146.416667 147.416667   2.853 0.000   1.484 0.659
149.416667 150.416667   2.830 0.000   1.876 0.000
152.416667 153.416667   4.345 0.000   2.480 0.000
155.416667 156.416667   1.990 0.000   0.973 0.000
158.416667 159.416667   2.241 0.000   0.983 0.000
161.416667 162.416667   2.314 0.000   1.363 0.000
164.416667 165.416667   0.994 0.000   0.559 0.000
167.416667 168.416667   2.958 0.000   1.523 0.000
170.416667 171.416667   2.693 0.000   1.356 0.000
173.416667 174.416667   2.076 0.000   1.104 0.000
176.416667 177.416667   4.660 0.000   2.321 0.000
179.416667 180.416667   1.534 0.000   0.641 0.000
182.416667 183.416667   1.200 0.000   0.316 0.659
185.416667 186.416667   5.380 0.000   2.569 0.000
188.416667 189.416667   3.269 0.000   1.579 0.659
191.416667 192.416667   2.621 0.000   1.258 0.000
194.416667 195.416667   1.198 0.000   0.633 0.000
197.416667 198.416667   2.153 0.000   1.206 0.000
200.416667 201.416667   2.042 0.000   0.717 0.000
203.416667 204.416667   3.071 0.000   1.572 0.000
206.416667 207.416667   3.168 0.000   1.234 0.000
209.416667 210.416667   5.506 0.000   2.318 0.000
212.416667 213.416667   4.767 0.000   2.164 0.000
215.416667 216.416667   2.693 0.000   1.226 0.000
218.416667 219.416667   3.570 0.000   1.718 0.000
221.416667 222.416667   2.647 0.000   1.101 0.000
224.416667 225.416667   2.863 0.000   1.469 0.000
227.416667 228.416667   1.743 0.000   0.847 0.000
230.416667 231.416667   3.612 0.000   1.290 0.659
233.416667 234.416667   3.282 0.000   1.236 0.000
236.416667 237.416667  30.826 0.000  29.892 0.000
239.416667 240.416667   1.633 0.000   1.029 0.000
242.416667 243.416667   2.582 0.000   1.085 0.000
245.416667 246.416667   2.667 0.000   1.148 0.000
248.416667 249.416667  21.126 0.000  15.613 0.000
251.416667 252.416667   4.084 0.000   1.856 0.000
254.416667 255.416667   2.649 0.000   0.941 0.000
257.416667 258.416667  16.575 0.000  16.290 0.000
260.416667 261.416667   2.818 0.000   1.555 0.659
263.416667 264.416667   1.825 0.000   0.818 0.000
266.416667 267.416667   2.990 0.000   1.472 0.000
269.416667 270.416667   3.409 0.000   1.412 0.000
272.416667 273.416667   1.615 0.000   0.867 0.000
275.416667 276.416667   2.458 0.000   1.288 0.000
278.416667 279.416667   2.829 0.000   1.278 0.000
281.416667 282.416667   2.031 0.000   1.081 0.000
284.416667 285.416667   1.950 0.000   0.980 0.000
287.416667 288.416667   2.778 0.000   1.484 0.000
290.416667 291.416667   3.570 0.000   1.612 0.000
293.416667 294.416667  15.546 0.000  13.813 0.000
296.416667 297.416667   3.473 0.000   1.149 0.659
299.416667 300.416667  11.011 0.000   4.853 0.659
302.416667 303.416667   5.647 0.000   3.155 0.659
305.416667 306.416667   6.201 0.000   3.674 0.659
308.416667 309.416667  18.124 0.000  14.701 0.659
311.416667 312.416667   2.637 0.000   1.503 0.659
314.416667 315.416667  32.757 0.000  26.398 0.659
317.416667 318.416667   2.511 0.000   1.268 0.659
320.416667 321.416667   8.113 0.000   6.816 0.659
323.416667 324.416667   2.253 0.000   1.717 0.659
326.416667 327.416667   2.757 0.000   1.213 0.659
329.416667 330.416667   1.490 0.000   0.942 0.659
332.416667 333.416667  32.179 0.000  28.242 0.659
335.416667 336.416667  15.077 0.000  12.911 0.659
338.416667 339.416667   1.435 0.000   0.920 0.659
341.416667 342.416667   1.535 0.000   1.175 0.659
344.416667 345.416667   1.579 0.000   0.794 0.659
347.416667 348.416667   1.911 0.000   1.118 0.659
350.416667 351.416667   3.251 0.000   1.585 0.659
353.416667 354.416667   4.753 0.000   2.035 0.659
356.416667 357.416667   1.620 0.000   1.178 0.659
359.416667 360.416667 999.999 0.999 999.999 0.999
362.416667 363.416667   3.697 0.000   2.024 0.659
