scripts/IMPROVE-2019_partial/data/US0074R.20050101060000.20191216000000.filterpack..pm25.52w.1w.US03L_filterpack_US0074.US03L_IMPROVE_Davis.lev2.nas
64 1001
MISSING INFORMATION
US03L, IMPROVE, , , , , , , 
MISSING INFORMATION
IMPROVE sel_HTAP
1 1
2005 01 01 2019 12 16
3.00
days from file reference point
25
1 1 1 1 1 1 1 1 1 1 1 1 1 1 1 1 1 1 1 1 1 1 1 1 1
999.99 99999.99 9.999 99.99 9.999 9.999 9.999 99.99 9.999 9.999 9.999 99.999 9.999 99.999 9.999 999.999 9.999 999.999 9.999 999.999 9.999 9.999 9.999 99.999 9.999
end_time of measurement, days from the file reference point
iron, ng/m3, Revision date=20181210133000
numflag iron, no unit, Revision date=20181210133000
lead, ng/m3, Revision date=20181210133000
numflag lead, no unit, Revision date=20181210133000
magnesium, ug/m3, Revision date=20181210133000
numflag magnesium, no unit, Revision date=20181210133000
nickel, ng/m3, Revision date=20181210133000
numflag nickel, no unit, Revision date=20181210133000
nitrate, ug N/m3, Revision date=20181210133000
numflag nitrate, no unit, Revision date=20181210133000
organic_carbon, ug C/m3, Revision date=20181210133000
numflag organic_carbon, no unit, Revision date=20181210133000
organic_mass, ug/m3, Revision date=20181210133000
numflag organic_mass, no unit, Revision date=20181210133000
pm10_mass, ug/m3, Version=2, Version description=Data extracted from http://views.cira.colostate.edu/fed/DataWizard 2019-12-16, Sample duration=1d, Orig. time res.=3d, Matrix=pm10, Blank correction=Blank corrected, Volume std. temperature=ambient, Volume std. pressure=ambient
numflag pm10_mass, no unit, Version=2, Version description=Data extracted from http://views.cira.colostate.edu/fed/DataWizard 2019-12-16, Sample duration=1d, Orig. time res.=3d, Matrix=pm10, Blank correction=Blank corrected, Volume std. temperature=ambient, Volume std. pressure=ambient
pm10_pm25_mass, ug/m3, Revision date=20181210133000, Matrix=pm10_pm25
numflag pm10_pm25_mass, no unit, Revision date=20181210133000, Matrix=pm10_pm25
pm25_mass, ug/m3, Version=2, Version description=Data extracted from http://views.cira.colostate.edu/fed/DataWizard 2019-12-16, Sample duration=1d, Orig. time res.=3d, Blank correction=Blank corrected, Volume std. temperature=ambient, Volume std. pressure=ambient
numflag pm25_mass, no unit, Version=2, Version description=Data extracted from http://views.cira.colostate.edu/fed/DataWizard 2019-12-16, Sample duration=1d, Orig. time res.=3d, Blank correction=Blank corrected, Volume std. temperature=ambient, Volume std. pressure=ambient
potassium, ug/m3, Revision date=20181210133000
numflag potassium, no unit, Revision date=20181210133000
sulphate_total, ug S/m3, Revision date=20181210133000
numflag sulphate_total, no unit, Revision date=20181210133000
0
25
Data definition:              EBAS_1.1
Set type code:                TU
Timezone:                     UTC
File name:                    US0074R.20050101060000.20191216000000.filterpack..pm25.52w.1w.US03L_filterpack_US0074.US03L_IMPROVE_Davis.lev2.nas
File creation:                20191218120031
Startdate:                    20050101060000
Revision date:                20191216000000
Statistics:                   arithmetic mean
Data level:                   2
Period code:                  52w
Resolution code:              1w
Station code:                 US0074R
Platform code:                US0074S
Station name:                 Guadalupe Mountains NP
Station latitude:             31.833
Station longitude:            -104.8094
Station altitude:             1672.0 m
Regime:                       IMG
Component:                    
Matrix:                       pm25
Laboratory code:              US03L
Instrument type:              filterpack
Instrument name:              filterpack_US0074
Method ref:                   US03L_IMPROVE_Davis
starttime endtime Fe flag_Fe Pb flag_Pb Mg++ flag_Mg++ Ni flag_Ni NO3- flag_NO3- OC flag_OC OM flag_OM PM10 flag_PM10 PM10-PM2.5 flag_PM10-PM2.5 PM2.5 flag_PM2.5 K+ flag_K+ SO4-- flag_SO4--
[from data line 95]
285.25 286.25    10.09 0.000  0.33 0.000 9.999 0.259  0.37 0.000 0.044 0.000  0.644 0.000  1.158 0.000   4.380 0.000   1.508 0.000   2.839 0.000 0.012 0.000  0.368 0.000
288.25 289.25    10.51 0.000  0.52 0.000 0.013 0.000 99.99 0.259 0.027 0.000  1.362 0.000  2.451 0.000   8.349 0.000   1.747 0.000   6.543 0.000 0.020 0.000  0.881 0.000
291.25 292.25    15.39 0.000  0.64 0.000 9.999 0.259  0.34 0.000 0.018 0.000  0.598 0.559  1.076 0.559   6.646 0.000   4.085 0.000   2.564 0.000 0.014 0.000  0.300 0.000
294.25 295.25    12.56 0.000  0.33 0.000 9.999 0.259 99.99 0.259 0.014 0.000  0.847 0.559  1.524 0.559   8.121 0.000   5.218 0.000   2.903 0.000 0.015 0.000  0.315 0.000
297.25 298.25    16.03 0.000  0.42 0.000 0.010 0.000 99.99 0.259 0.020 0.000  0.711 0.559  1.279 0.559   8.964 0.000   5.225 0.000   3.761 0.000 0.019 0.000  0.535 0.000
300.25 301.25    12.33 0.000  0.42 0.000 0.014 0.000  0.37 0.000 0.040 0.000  0.800 0.000  1.439 0.000   9.368 0.000   3.620 0.000   5.674 0.000 0.020 0.000  0.925 0.000
303.25 304.25    21.35 0.000  0.63 0.000 0.009 0.000  0.24 0.000 0.020 0.000  0.556 0.000  1.000 0.000   7.115 0.000   4.758 0.000   2.291 0.000 0.019 0.000  0.271 0.000
306.25 307.25    43.32 0.000  1.10 0.000 9.999 0.259  0.34 0.000 0.012 0.000  0.636 0.000  1.146 0.000  11.762 0.000   7.803 0.000   3.933 0.000 0.036 0.000  0.426 0.000
309.25 310.25    26.88 0.000  0.62 0.000 9.999 0.259  0.35 0.000 0.014 0.000  0.379 0.000  0.682 0.000   6.601 0.000   4.053 0.000   2.489 0.000 0.028 0.000  0.307 0.000
312.25 313.25    75.84 0.000  1.36 0.000 9.999 0.259  0.80 0.000 0.029 0.000  1.450 0.000  2.609 0.000  21.878 0.000  14.420 0.000   7.444 0.000 0.061 0.000  0.712 0.000
315.25 316.25    27.22 0.000  0.42 0.000 0.009 0.000  0.34 0.000 0.016 0.000  0.510 0.000  0.918 0.000   9.097 0.000   7.251 0.000   1.756 0.000 0.018 0.000  0.128 0.000
318.25 319.25    47.45 0.000  0.58 0.000 9.999 0.259  0.20 0.000 0.023 0.000  0.841 0.000  1.513 0.000  25.415 0.000  22.746 0.000   2.723 0.659 0.034 0.000  0.128 0.000
321.25 322.25    41.57 0.000  0.33 0.000 9.999 0.259  0.38 0.000 0.186 0.000  0.811 0.559  1.460 0.559  18.744 0.000  15.263 0.000   3.296 0.000 0.031 0.000  0.240 0.000
324.25 325.25    16.57 0.000  0.53 0.000 9.999 0.259 99.99 0.259 0.025 0.000  0.428 0.559  0.770 0.559   5.257 0.000   3.896 0.000   1.310 0.000 0.015 0.000  0.106 0.000
327.25 328.25    74.92 0.000  1.16 0.000 9.999 0.259  0.67 0.000 0.076 0.000  0.739 0.000  1.331 0.000  13.176 0.000   8.963 0.000   4.090 0.000 0.055 0.000  0.176 0.000
330.25 331.25   257.94 0.000  0.46 0.000 0.143 0.000  0.87 0.000 0.044 0.000  1.183 0.000  2.129 0.000  81.224 0.000  69.064 0.000  11.337 0.000 0.172 0.000  0.451 0.000
333.25 334.25    68.27 0.000  0.56 0.000 9.999 0.259  0.68 0.000 0.050 0.000  0.636 0.000  1.146 0.000  14.334 0.000  11.143 0.000   3.242 0.000 0.053 0.000  0.119 0.000
336.25 337.25    84.37 0.000  1.40 0.000 9.999 0.259  0.28 0.000 0.014 0.000  0.484 0.000  0.871 0.000  17.060 0.000  13.555 0.000   3.337 0.000 0.063 0.000  0.087 0.000
339.25 340.25    30.61 0.000  0.98 0.000 0.014 0.000  0.15 0.000 0.130 0.000  0.400 0.000  0.721 0.000  14.204 0.000  12.103 0.000   2.194 0.000 0.026 0.000  0.081 0.000
342.25 343.25    40.45 0.000  0.66 0.000 9.999 0.259  1.12 0.000 0.332 0.000  0.864 0.000  1.555 0.000  23.005 0.000  17.460 0.000   5.322 0.659 0.045 0.000  0.512 0.000
345.25 346.25    33.27 0.000  0.69 0.000 9.999 0.259  0.16 0.000 0.106 0.000  0.491 0.000  0.884 0.000   9.872 0.000   7.383 0.000   2.394 0.000 0.033 0.000  0.146 0.000
348.25 349.25    23.64 0.000  0.69 0.000 9.999 0.259  0.57 0.000 0.085 0.000  0.415 0.000  0.747 0.000  11.216 0.000   8.984 0.000   2.232 0.000 0.018 0.000  0.155 0.000
351.25 352.25    14.88 0.000  0.32 0.000 9.999 0.259  0.45 0.000 0.221 0.000  0.977 0.000  1.759 0.000   9.239 0.000   3.470 0.000   5.698 0.000 0.026 0.000  0.819 0.000
354.25 355.25    10.83 0.000  0.34 0.000 9.999 0.259  0.35 0.000 0.034 0.000  0.451 0.000  0.812 0.000   4.153 0.000   2.502 0.000   1.653 0.000 0.011 0.000  0.139 0.000
357.25 358.25    26.44 0.000  0.21 0.000 9.999 0.259  0.43 0.000 0.014 0.000  0.383 0.000  0.689 0.000   6.244 0.000   4.833 0.000   1.350 0.000 0.021 0.000  0.057 0.000
360.25 361.25    32.53 0.000  0.56 0.000 9.999 0.259  0.22 0.000 0.017 0.000  0.346 0.000  0.623 0.000  10.294 0.000   8.470 0.000   1.721 0.000 0.035 0.000  0.094 0.000
363.25 364.25    36.08 0.000  1.28 0.000 9.999 0.259  0.40 0.000 0.035 0.000  0.458 0.000  0.824 0.000   9.461 0.000   7.287 0.000   2.082 0.000 0.035 0.000  0.068 0.000
