scripts/IMPROVE-2019_partial/data/US0011R.20010101060000.20191216000000.filterpack..pm25.52w.1w.US03L_filterpack_US0011.US03L_IMPROVE_Davis.lev2.nas
62 1001
MISSING INFORMATION
US03L, IMPROVE, , , , , , , 
MISSING INFORMATION
IMPROVE sel_HTAP
1 1
2001 01 01 2019 12 16
3.00
days from file reference point
23
1 1 1 1 1 1 1 1 1 1 1 1 1 1 1 1 1 1 1 1 1 1 1
999.99 9999.99 9.999 99.99 9.999999 99.99 9.999999 9.999 9.999999 99.999 9.999 99.999 9.999 999.999 9.999 999.999 9.999 999.999 9.999 9.999 9.999 99.999 9.999999
end_time of measurement, days from the file reference point
iron, ng/m3, Revision date=20181210133000
numflag iron, no unit, Revision date=20181210133000
lead, ng/m3, Revision date=20181210133000
numflag lead, no unit, Revision date=20181210133000
nickel, ng/m3, Revision date=20181210133000
numflag nickel, no unit, Revision date=20181210133000
nitrate, ug N/m3, Revision date=20181210133000
numflag nitrate, no unit, Revision date=20181210133000
organic_carbon, ug C/m3, Revision date=20181210133000
numflag organic_carbon, no unit, Revision date=20181210133000
organic_mass, ug/m3, Revision date=20181210133000
numflag organic_mass, no unit, Revision date=20181210133000
pm10_mass, ug/m3, Version=2, Version description=Data extracted from http://views.cira.colostate.edu/fed/DataWizard 2019-12-16, Sample duration=1d, Orig. time res.=3d, Matrix=pm10, Blank correction=Blank corrected, Volume std. temperature=ambient, Volume std. pressure=ambient
numflag pm10_mass, no unit, Version=2, Version description=Data extracted from http://views.cira.colostate.edu/fed/DataWizard 2019-12-16, Sample duration=1d, Orig. time res.=3d, Matrix=pm10, Blank correction=Blank corrected, Volume std. temperature=ambient, Volume std. pressure=ambient
pm10_pm25_mass, ug/m3, Revision date=20181210133000, Matrix=pm10_pm25
numflag pm10_pm25_mass, no unit, Revision date=20181210133000, Matrix=pm10_pm25
pm25_mass, ug/m3, Version=2, Version description=Data extracted from http://views.cira.colostate.edu/fed/DataWizard 2019-12-16, Sample duration=1d, Orig. time res.=3d, Blank correction=Blank corrected, Volume std. temperature=ambient, Volume std. pressure=ambient
numflag pm25_mass, no unit, Version=2, Version description=Data extracted from http://views.cira.colostate.edu/fed/DataWizard 2019-12-16, Sample duration=1d, Orig. time res.=3d, Blank correction=Blank corrected, Volume std. temperature=ambient, Volume std. pressure=ambient
potassium, ug/m3, Revision date=20181210133000
numflag potassium, no unit, Revision date=20181210133000
sulphate_total, ug S/m3, Revision date=20181210133000
numflag sulphate_total, no unit, Revision date=20181210133000
0
25
Data definition:              EBAS_1.1
Set type code:                TU
Timezone:                     UTC
File name:                    US0011R.20010101060000.20191216000000.filterpack..pm25.52w.1w.US03L_filterpack_US0011.US03L_IMPROVE_Davis.lev2.nas
File creation:                20191218115607
Startdate:                    20010101060000
Revision date:                20191216000000
Statistics:                   arithmetic mean
Data level:                   2
Period code:                  52w
Resolution code:              1w
Station code:                 US0011R
Platform code:                US0011S
Station name:                 Caney Creek
Station latitude:             34.4544
Station longitude:            -94.1429
Station altitude:             683.0 m
Regime:                       IMG
Component:                    
Matrix:                       pm25
Laboratory code:              US03L
Instrument type:              filterpack
Instrument name:              filterpack_US0011
Method ref:                   US03L_IMPROVE_Davis
starttime endtime Fe flag_Fe Pb flag_Pb Ni flag_Ni NO3- flag_NO3- OC flag_OC OM flag_OM PM10 flag_PM10 PM10-PM2.5 flag_PM10-PM2.5 PM2.5 flag_PM2.5 K+ flag_K+ SO4-- flag_SO4--
[from data line 95]
285.25 286.25 9999.99 0.999 99.99 0.999000 99.99 0.999000 9.999 0.999000 99.999 0.999 99.999 0.999 999.999 0.999 999.999 0.999 999.999 0.999 9.999 0.999 99.999 0.999000
288.25 289.25 9999.99 0.999 99.99 0.999000 99.99 0.999000 9.999 0.999000 99.999 0.999 99.999 0.999 999.999 0.999 999.999 0.999 999.999 0.999 9.999 0.999 99.999 0.999000
291.25 292.25   20.38 0.559  0.96 0.559000  0.44 0.559000 0.110 0.000000  2.944 0.000  4.122 0.000  17.012 0.000   2.723 0.000  14.289 0.559 0.068 0.559  1.666 0.000000
294.25 295.25   30.49 0.000  1.67 0.000000  0.26 0.000000 0.116 0.000000  1.772 0.000  2.480 0.000  13.971 0.000   2.791 0.000  11.180 0.000 0.090 0.000  1.132 0.000000
297.25 298.25   25.10 0.559  0.37 0.559000 99.99 0.559259 0.024 0.000000  1.001 0.000  1.401 0.000  11.560 0.000   9.084 0.000   2.476 0.559 0.028 0.559  0.081 0.000000
300.25 301.25   25.62 0.559  1.72 0.559000 99.99 0.559259 0.108 0.699000  1.551 0.000  2.172 0.000  13.149 0.000   8.378 0.000   4.771 0.559 0.060 0.559  0.358 0.699000
303.25 304.25   39.69 0.559  1.65 0.559000  0.29 0.559000 0.147 0.000000  4.742 0.000  6.639 0.000  23.011 0.000   7.493 0.000  15.518 0.559 0.123 0.559  1.380 0.000000
306.25 307.25   10.81 0.559  1.02 0.559000  0.25 0.559000 0.113 0.559000  2.021 0.000  2.829 0.000  11.136 0.000   3.764 0.000   7.371 0.559 0.048 0.559  0.715 0.559000
309.25 310.25   39.76 0.559  2.28 0.559000 99.99 0.559259 0.161 0.559000  2.693 0.000  3.770 0.000  18.188 0.000   8.138 0.000  10.050 0.559 0.086 0.559  0.918 0.559000
312.25 313.25   25.74 0.559  2.17 0.559000 99.99 0.559259 0.357 0.559000  3.296 0.000  4.614 0.000  18.080 0.000   5.552 0.000  12.528 0.559 0.198 0.559  1.137 0.559000
315.25 316.25   43.30 0.559  3.03 0.559000 99.99 0.559259 0.379 0.000000  2.690 0.000  3.766 0.000  21.326 0.000   9.572 0.000  11.754 0.559 0.108 0.559  1.219 0.000000
318.25 319.25   27.04 0.559  1.38 0.559000  0.18 0.559000 0.136 0.000000  3.371 0.000  4.719 0.000  18.573 0.000   7.657 0.000  10.917 0.559 0.081 0.559  1.233 0.000000
321.25 322.25   45.07 0.000  2.13 0.000000  0.16 0.000000 0.107 0.000000  5.516 0.000  7.722 0.000  26.052 0.000   7.256 0.000  18.796 0.000 0.113 0.000  1.936 0.000000
324.25 325.25   17.86 0.559  0.73 0.559000 99.99 0.559259 0.281 0.000000  1.440 0.000  2.016 0.000   7.848 0.000   3.864 0.000   3.985 0.559 0.062 0.559  0.188 0.000000
327.25 328.25 9999.99 0.999 99.99 0.999000 99.99 0.999000 9.999 0.999000 99.999 0.999 99.999 0.999 999.999 0.999 999.999 0.999 999.999 0.999 9.999 0.999 99.999 0.999000
330.25 331.25 9999.99 0.999 99.99 0.999000 99.99 0.999000 9.999 0.999000 99.999 0.999 99.999 0.999 999.999 0.999 999.999 0.999 999.999 0.999 9.999 0.999 99.999 0.999000
333.25 334.25   12.75 0.559  1.48 0.559000 99.99 0.559259 0.248 0.000000  0.825 0.000  1.155 0.000   4.902 0.000   1.388 0.000   3.514 0.559 0.022 0.559  0.364 0.000000
336.25 337.25   23.83 0.000  1.69 0.000000  0.25 0.000000 0.247 0.000000  2.530 0.000  3.542 0.000  14.140 0.000   3.104 0.000  11.036 0.000 0.075 0.000  0.952 0.000000
339.25 340.25 9999.99 0.999 99.99 0.999000 99.99 0.999000 9.999 0.999000 99.999 0.999 99.999 0.999 999.999 0.999 999.999 0.999 999.999 0.999 9.999 0.999 99.999 0.999000
342.25 343.25 9999.99 0.999 99.99 0.999000 99.99 0.999000 9.999 0.999000 99.999 0.999 99.999 0.999 999.999 0.999 999.999 0.999 999.999 0.999 9.999 0.999 99.999 0.999000
345.25 346.25 9999.99 0.999 99.99 0.999000 99.99 0.999000 9.999 0.999000 99.999 0.999 99.999 0.999 999.999 0.999 999.999 0.999 999.999 0.999 9.999 0.999 99.999 0.999000
348.25 349.25 9999.99 0.999 99.99 0.999000 99.99 0.999000 9.999 0.999000 99.999 0.999 99.999 0.999 999.999 0.999 999.999 0.999 999.999 0.999 9.999 0.999 99.999 0.999000
351.25 352.25 9999.99 0.999 99.99 0.999000 99.99 0.999000 9.999 0.999000 99.999 0.999 99.999 0.999 999.999 0.999 999.999 0.999 999.999 0.999 9.999 0.999 99.999 0.999000
354.25 355.25   24.13 0.000  2.06 0.000000 99.99 0.259000 0.146 0.000000  1.582 0.000  2.215 0.000   7.363 0.000   2.522 0.000   4.841 0.000 0.049 0.000  0.295 0.000000
357.25 358.25   10.58 0.559 99.99 0.559259 99.99 0.559259 0.076 0.559000  0.315 0.000  0.440 0.000   3.493 0.000   2.388 0.000   1.105 0.559 0.012 0.559  0.066 0.559000
360.25 361.25   24.08 0.559  1.12 0.559000 99.99 0.559259 0.257 0.000000  1.139 0.000  1.594 0.000  11.781 0.000   8.923 0.000   2.858 0.559 0.029 0.559  0.133 0.000000
363.25 364.25   14.87 0.559  1.77 0.559000 99.99 0.559259 0.510 0.559000  1.299 0.000  1.819 0.000  11.161 0.000   5.091 0.000   6.069 0.559 0.028 0.559  0.316 0.559000
