scripts/IMPROVE-2019_partial/data/US0074R.19990102060000.20191216000000.filterpack...1y.3d.US03L_filterpack_US0074.US03L_IMPROVE_Davis.lev2.nas
51 1001
MISSING INFORMATION
US03L, IMPROVE, , , , , , , 
MISSING INFORMATION
IMPROVE sel_HTAP
1 1
1999 01 01 2019 12 16
0
days from file reference point
4
1 1 1 1
999.99 9999.999 999.999 9.999
end_time of measurement, days from the file reference point
pm10_mass, ug/m3, Matrix=pm10
pm25_mass, ug/m3, Matrix=pm25
numflag, no unit
0
33
Data definition:              EBAS_1.1
Set type code:                TI
Timezone:                     UTC
File name:                    US0074R.19990102060000.20191216000000.filterpack...1y.3d.US03L_filterpack_US0074.US03L_IMPROVE_Davis.lev2.nas
File creation:                20191218120030
Startdate:                    19990102060000
Revision date:                20191216000000
Version:                      2
Version description:          "Data extracted from http://views.cira.colostate.edu/fed/DataWizard 2019-12-16"
Statistics:                   arithmetic mean
Data level:                   2
Period code:                  1y
Resolution code:              3d
Sample duration:              1d
Orig. time res.:              3d
Station code:                 US0074R
Platform code:                US0074S
Station name:                 Guadalupe Mountains NP
Station latitude:             31.833
Station longitude:            -104.8094
Station altitude:             1672.0 m
Regime:                       IMG
Component:                    
Unit:                         ug/m3
Matrix:                       
Laboratory code:              US03L
Instrument type:              filterpack
Instrument name:              filterpack_US0074
Method ref:                   US03L_IMPROVE_Davis
Blank correction:             Blank corrected
Volume std. temperature:      ambient
Volume std. pressure:         ambient
starttime endtime PM10 PM2.5 flag
  1.25   2.25    4.312   2.020 0.000
  5.25   6.25   11.173   2.569 0.000
  8.25   9.25   15.518   5.408 0.000
 12.25  13.25   12.853   3.347 0.000
 15.25  16.25   22.967   7.008 0.000
 19.25  20.25   15.053   4.027 0.000
 22.25  23.25    5.315   2.734 0.000
 26.25  27.25   11.018 999.999 0.000
 29.25  30.25    6.130   2.083 0.000
 33.25  34.25   11.767   2.569 0.000
 36.25  37.25   10.108   2.702 0.000
 40.25  41.25   43.878  10.849 0.000
 43.25  44.25    7.565   2.240 0.000
 47.25  48.25   12.919   4.756 0.000
 50.25  51.25   13.656   3.914 0.000
 54.25  55.25    7.627   2.709 0.000
 57.25  58.25    8.518   3.765 0.000
 61.25  62.25   11.625   3.457 0.000
 64.25  65.25   27.663   8.175 0.000
 68.25  69.25    9.539   3.756 0.000
 71.25  72.25    7.936   3.937 0.000
 75.25  76.25   29.762   5.292 0.000
 78.25  79.25    5.495   2.356 0.000
 82.25  83.25   14.898   6.475 0.000
 85.25  86.25    7.720   3.865 0.000
 89.25  90.25   36.292  12.646 0.000
 92.25  93.25   13.697   3.819 0.000
 96.25  97.25  181.502  38.408 0.000
 99.25 100.25   23.997   7.103 0.000
103.25 104.25   19.885   5.580 0.000
106.25 107.25   14.534   4.836 0.000
110.25 111.25  234.762  51.463 0.000
113.25 114.25    4.591   3.982 0.000
117.25 118.25   10.746   6.025 0.000
120.25 121.25   30.183  11.937 0.000
124.25 125.25   40.477  12.658 0.000
127.25 128.25   13.313   5.613 0.000
131.25 132.25   18.367   6.446 0.000
134.25 135.25   16.849   5.599 0.000
138.25 139.25   28.651   9.124 0.000
141.25 142.25   16.925   8.266 0.000
145.25 146.25   12.409   5.316 0.000
148.25 149.25    8.500   4.148 0.000
152.25 153.25   16.540   8.149 0.000
155.25 156.25   23.223   8.233 0.000
159.25 160.25   12.818   8.020 0.000
162.25 163.25   14.517   7.713 0.000
166.25 167.25 9999.999 999.999 0.999
169.25 170.25 9999.999 999.999 0.999
173.25 174.25   10.709   4.411 0.000
176.25 177.25    9.151   4.232 0.000
180.25 181.25   19.379   5.418 0.000
183.25 184.25   24.942   8.142 0.000
187.25 188.25   18.325  10.131 0.000
190.25 191.25    4.363   2.474 0.000
194.25 195.25    9.657   5.042 0.000
197.25 198.25   13.158   6.371 0.000
201.25 202.25    6.217   3.895 0.000
204.25 205.25   11.707   4.943 0.000
208.25 209.25    9.847   7.554 0.000
211.25 212.25   10.536   4.118 0.000
215.25 216.25   18.261   9.783 0.000
218.25 219.25    6.217   4.142 0.000
222.25 223.25    6.587   4.002 0.000
225.25 226.25   11.834   5.973 0.000
229.25 230.25   14.175   9.357 0.000
232.25 233.25   13.674   8.504 0.000
236.25 237.25    7.451   4.590 0.000
239.25 240.25    7.704   4.058 0.000
243.25 244.25   12.616   8.764 0.000
246.25 247.25    4.981   3.895 0.000
250.25 251.25   15.046   5.777 0.000
253.25 254.25 9999.999  20.038 0.000
257.25 258.25   11.623   9.107 0.000
260.25 261.25   10.307   8.071 0.000
264.25 265.25 9999.999   3.893 0.000
267.25 268.25   13.142   3.286 0.000
271.25 272.25    6.510   3.548 0.000
274.25 275.25   18.765   5.762 0.000
278.25 279.25   11.598   7.497 0.000
281.25 282.25    8.326   4.025 0.000
285.25 286.25   10.858   6.752 0.000
288.25 289.25   16.152   6.097 0.000
292.25 293.25    7.132   4.526 0.000
295.25 296.25    7.282   3.331 0.000
299.25 300.25   12.382   5.394 0.000
302.25 303.25 9999.999 999.999 0.999
306.25 307.25   19.437   5.271 0.000
309.25 310.25   14.795   5.287 0.000
313.25 314.25   14.455   6.408 0.000
316.25 317.25   11.561   8.049 0.000
320.25 321.25   17.052   8.346 0.000
323.25 324.25   16.255   4.598 0.000
327.25 328.25    7.099   3.213 0.000
330.25 331.25   10.532   3.752 0.000
334.25 335.25   13.771   6.040 0.000
337.25 338.25    3.589   1.212 0.000
341.25 342.25   50.181   9.413 0.000
344.25 345.25   24.364   7.238 0.000
348.25 349.25    5.208   1.984 0.000
351.25 352.25    9.649   2.745 0.000
355.25 356.25    6.985   4.706 0.000
358.25 359.25    1.266   0.954 0.000
362.25 363.25    9.286   3.537 0.000
