scripts/IMPROVE-2019_partial/data/US0059R.20080101070000.20191216000000.filterpack...52w.3d.US03L_filterpack_US0059.US03L_IMPROVE_Davis.lev2.nas
51 1001
MISSING INFORMATION
US03L, IMPROVE, , , , , , , 
MISSING INFORMATION
IMPROVE sel_HTAP
1 1
2008 01 01 2019 12 16
3.000000
days from file reference point
4
1 1 1 1
999.999999 999.999 999.999 9.999
end_time of measurement, days from the file reference point
pm10_mass, ug/m3, Matrix=pm10
pm25_mass, ug/m3, Matrix=pm25
numflag, no unit
0
33
Data definition:              EBAS_1.1
Set type code:                TU
Timezone:                     UTC
File name:                    US0059R.20080101070000.20191216000000.filterpack...52w.3d.US03L_filterpack_US0059.US03L_IMPROVE_Davis.lev2.nas
File creation:                20191218115908
Startdate:                    20080101070000
Revision date:                20191216000000
Version:                      2
Version description:          "Data extracted from http://views.cira.colostate.edu/fed/DataWizard 2019-12-16"
Statistics:                   arithmetic mean
Data level:                   2
Period code:                  52w
Resolution code:              3d
Sample duration:              1d
Orig. time res.:              3d
Station code:                 US0059R
Platform code:                US0059S
Station name:                 Crescent Lake
Station latitude:             41.7627
Station longitude:            -102.4336
Station altitude:             1207.0 m
Regime:                       IMG
Component:                    
Unit:                         ug/m3
Matrix:                       
Laboratory code:              US03L
Instrument type:              filterpack
Instrument name:              filterpack_US0059
Method ref:                   US03L_IMPROVE_Davis
Blank correction:             Blank corrected
Volume std. temperature:      ambient
Volume std. pressure:         ambient
starttime endtime PM10 PM2.5 flag
  0.291667   1.291667   2.030   0.810 0.000
  3.291667   4.291667   3.937   2.310 0.000
  6.291667   7.291667   2.586   1.585 0.000
  9.291667  10.291667   6.202   1.873 0.000
 12.291667  13.291667   1.324   0.915 0.000
 15.291667  16.291667   6.159   1.097 0.000
 18.291667  19.291667   5.454   3.664 0.000
 21.291667  22.291667   8.441   5.700 0.000
 24.291667  25.291667   9.866   3.912 0.000
 27.291667  28.291667   6.895   2.617 0.000
 30.291667  31.291667   6.058   2.388 0.000
 33.291667  34.291667  12.363   7.893 0.000
 36.291667  37.291667   6.291   3.643 0.000
 39.291667  40.291667   6.575   3.447 0.000
 42.291667  43.291667   3.107   1.332 0.000
 45.291667  46.291667   9.640   7.114 0.000
 48.291667  49.291667   4.054   1.332 0.000
 51.291667  52.291667  11.760   6.950 0.000
 54.291667  55.291667   4.494   2.610 0.000
 57.291667  58.291667   3.970   2.297 0.000
 60.291667  61.291667   4.644   1.989 0.000
 63.291667  64.291667   6.971   2.532 0.000
 66.291667  67.291667   5.436   3.765 0.000
 69.291667  70.291667   4.971   1.768 0.000
 72.291667  73.291667   5.726   1.959 0.000
 75.291667  76.291667   7.133   4.653 0.000
 78.291667  79.291667   5.918   3.647 0.000
 81.291667  82.291667   5.903   4.616 0.000
 84.291667  85.291667  19.208   4.524 0.000
 87.291667  88.291667   5.488   2.092 0.000
 90.291667  91.291667   2.347   1.938 0.000
 93.291667  94.291667   7.826   5.807 0.000
 96.291667  97.291667   5.494   1.701 0.000
 99.291667 100.291667  11.578   8.310 0.000
102.291667 103.291667   5.955   3.998 0.000
105.291667 106.291667  14.143   5.639 0.000
108.291667 109.291667   8.437   3.815 0.000
111.291667 112.291667  13.403   4.260 0.000
114.291667 115.291667  10.622   4.902 0.000
117.291667 118.291667   8.179   4.414 0.000
120.291667 121.291667  22.186   7.532 0.000
123.291667 124.291667   7.804   4.375 0.000
126.291667 127.291667  12.570   6.146 0.000
129.291667 130.291667   4.720   2.667 0.000
132.291667 133.291667   9.375   3.398 0.000
135.291667 136.291667   7.292   2.798 0.000
138.291667 139.291667  14.364   6.196 0.000
141.291667 142.291667  48.378   6.405 0.000
144.291667 145.291667   4.889   1.814 0.000
147.291667 148.291667   0.850   0.424 0.000
150.291667 151.291667   6.373   2.869 0.000
153.291667 154.291667   6.881   5.138 0.000
156.291667 157.291667   2.294   1.069 0.000
159.291667 160.291667   7.335   2.229 0.000
162.291667 163.291667  12.489   2.829 0.000
165.291667 166.291667   6.959   2.402 0.000
168.291667 169.291667  12.041   6.216 0.000
171.291667 172.291667   7.562   2.337 0.000
174.291667 175.291667  10.047   5.934 0.000
177.291667 178.291667  14.759   4.716 0.000
180.291667 181.291667  11.351   7.235 0.000
183.291667 184.291667  23.454  14.950 0.000
186.291667 187.291667  17.174   6.832 0.000
189.291667 190.291667  11.219   4.413 0.000
192.291667 193.291667  36.470   4.886 0.000
195.291667 196.291667  20.133   4.869 0.000
198.291667 199.291667  12.599   5.145 0.000
201.291667 202.291667  13.391   6.925 0.000
204.291667 205.291667  24.028   9.293 0.000
207.291667 208.291667  10.111   4.415 0.000
210.291667 211.291667  10.800   6.016 0.000
213.291667 214.291667  21.686   7.582 0.000
216.291667 217.291667  13.269   7.525 0.000
219.291667 220.291667  11.396   8.186 0.000
222.291667 223.291667   7.148   4.112 0.000
225.291667 226.291667  14.555   3.710 0.000
228.291667 229.291667   8.301   4.409 0.000
231.291667 232.291667  11.207   7.098 0.000
234.291667 235.291667  16.061   4.531 0.000
237.291667 238.291667  13.843   6.068 0.000
240.291667 241.291667  15.806   6.798 0.000
243.291667 244.291667  16.573   3.507 0.000
246.291667 247.291667   8.845   1.715 0.000
249.291667 250.291667   3.593   2.110 0.000
252.291667 253.291667   4.481   2.454 0.000
255.291667 256.291667   4.926   3.307 0.000
258.291667 259.291667   4.239   1.915 0.000
261.291667 262.291667  15.837   4.944 0.000
264.291667 265.291667  16.655   7.854 0.000
267.291667 268.291667  14.689   5.511 0.000
270.291667 271.291667  13.270   6.925 0.000
273.291667 274.291667  11.604   3.304 0.000
276.291667 277.291667  29.694   6.972 0.000
279.291667 280.291667   4.831   1.329 0.000
282.291667 283.291667   3.696   2.541 0.000
285.291667 286.291667  11.440   1.567 0.000
288.291667 289.291667 999.999 999.999 0.999
291.291667 292.291667 999.999 999.999 0.999
294.291667 295.291667 999.999 999.999 0.999
297.291667 298.291667   5.530   2.259 0.000
300.291667 301.291667   6.545   2.323 0.000
303.291667 304.291667  10.104   2.865 0.000
306.291667 307.291667  17.975   5.927 0.000
309.291667 310.291667   6.278   1.503 0.000
312.291667 313.291667   2.798   2.147 0.000
315.291667 316.291667  10.928   9.443 0.000
318.291667 319.291667   4.874   1.128 0.000
321.291667 322.291667   4.344   1.658 0.000
324.291667 325.291667 999.999   3.108 0.000
327.291667 328.291667 999.999   1.800 0.000
330.291667 331.291667   9.531   3.042 0.000
333.291667 334.291667   4.758   1.513 0.000
336.291667 337.291667   5.736   1.052 0.000
339.291667 340.291667   9.309   2.691 0.000
342.291667 343.291667   3.979   1.533 0.000
345.291667 346.291667   3.646   1.007 0.000
348.291667 349.291667  37.697   7.335 0.000
351.291667 352.291667  12.594   6.262 0.000
354.291667 355.291667   6.565   4.267 0.000
357.291667 358.291667  10.426   5.007 0.000
360.291667 361.291667   8.307   2.496 0.000
363.291667 364.291667   5.017   0.793 0.000
