scripts/IMPROVE-2019_partial/data/US0093R.20050101070000.20191216000000.filterpack...52w.3d.US03L_filterpack_US0093.US03L_IMPROVE_Davis.lev2.nas
52 1001
MISSING INFORMATION
US03L, IMPROVE, , , , , , , 
MISSING INFORMATION
IMPROVE sel_HTAP
1 1
2005 01 01 2019 12 16
3.000000
days from file reference point
5
1 1 1 1 1
999.999999 999.999 9.999 999.999 9.999
end_time of measurement, days from the file reference point
pm10_mass, ug/m3, Matrix=pm10
numflag pm10_mass, no unit, Matrix=pm10
pm25_mass, ug/m3, Matrix=pm25
numflag pm25_mass, no unit, Matrix=pm25
0
33
Data definition:              EBAS_1.1
Set type code:                TU
Timezone:                     UTC
File name:                    US0093R.20050101070000.20191216000000.filterpack...52w.3d.US03L_filterpack_US0093.US03L_IMPROVE_Davis.lev2.nas
File creation:                20191218120141
Startdate:                    20050101070000
Revision date:                20191216000000
Version:                      2
Version description:          "Data extracted from http://views.cira.colostate.edu/fed/DataWizard 2019-12-16"
Statistics:                   arithmetic mean
Data level:                   2
Period code:                  52w
Resolution code:              3d
Sample duration:              1d
Orig. time res.:              3d
Station code:                 US0093R
Platform code:                US0093S
Station name:                 Phoenix Colocated Sampler
Station latitude:             33.5038
Station longitude:            -112.0958
Station altitude:             342.0 m
Regime:                       IMG
Component:                    
Unit:                         ug/m3
Matrix:                       
Laboratory code:              US03L
Instrument type:              filterpack
Instrument name:              filterpack_US0093
Method ref:                   US03L_IMPROVE_Davis
Blank correction:             Blank corrected
Volume std. temperature:      ambient
Volume std. pressure:         ambient
starttime endtime PM10 flag_PM10 PM2.5 flag_PM2.5
  0.291667   1.291667  38.096 0.000  29.283 0.000
  3.291667   4.291667   5.905 0.000   4.522 0.000
  6.291667   7.291667  23.016 0.000  12.490 0.000
  9.291667  10.291667  32.074 0.000  18.748 0.000
 12.291667  13.291667 999.999 0.456  12.978 0.000
 15.291667  16.291667 999.999 0.456  20.939 0.000
 18.291667  19.291667  29.814 0.000  11.229 0.000
 21.291667  22.291667  22.116 0.000  11.782 0.000
 24.291667  25.291667  20.048 0.000   8.575 0.000
 27.291667  28.291667  21.386 0.000  11.622 0.000
 30.291667  31.291667  20.716 0.000  15.499 0.000
 33.291667  34.291667  11.720 0.000   2.928 0.000
 36.291667  37.291667  13.956 0.000   6.795 0.000
 39.291667  40.291667  21.731 0.000   9.610 0.000
 42.291667  43.291667   5.381 0.000   3.514 0.000
 45.291667  46.291667  35.517 0.000  18.381 0.000
 48.291667  49.291667  11.533 0.000   8.195 0.000
 51.291667  52.291667   8.800 0.000   4.743 0.000
 54.291667  55.291667   8.007 0.000   2.922 0.000
 57.291667  58.291667  13.648 0.000   6.074 0.000
 60.291667  61.291667  25.035 0.000   8.829 0.000
 63.291667  64.291667   5.108 0.000   2.050 0.000
 66.291667  67.291667  19.753 0.000   7.293 0.000
 69.291667  70.291667  31.780 0.000  10.153 0.000
 72.291667  73.291667  14.104 0.000   4.145 0.000
 75.291667  76.291667  29.948 0.000   7.215 0.000
 78.291667  79.291667  11.269 0.000   4.487 0.000
 81.291667  82.291667  41.601 0.000   6.771 0.000
 84.291667  85.291667  10.075 0.000   4.057 0.000
 87.291667  88.291667  28.114 0.000   5.271 0.000
 90.291667  91.291667  18.821 0.000   3.893 0.000
 93.291667  94.291667  32.487 0.000   6.705 0.000
 96.291667  97.291667  37.546 0.000  10.998 0.000
 99.291667 100.291667  11.920 0.000   3.824 0.000
102.291667 103.291667  40.461 0.000  12.228 0.000
105.291667 106.291667  44.998 0.000  18.259 0.000
108.291667 109.291667  31.716 0.000  10.697 0.000
111.291667 112.291667  50.426 0.000  15.101 0.000
114.291667 115.291667  15.728 0.000   5.149 0.000
117.291667 118.291667  23.171 0.000   7.802 0.000
120.291667 121.291667  18.080 0.000   7.098 0.000
123.291667 124.291667  29.291 0.000  10.353 0.000
126.291667 127.291667  18.890 0.000   5.931 0.000
129.291667 130.291667  22.460 0.000   7.497 0.000
132.291667 133.291667  35.012 0.000  10.474 0.000
135.291667 136.291667  36.723 0.000  11.079 0.000
138.291667 139.291667  43.434 0.000  15.419 0.000
141.291667 142.291667  26.856 0.000  10.258 0.000
144.291667 145.291667  44.983 0.000  16.487 0.000
147.291667 148.291667  19.449 0.000   7.050 0.000
150.291667 151.291667  33.971 0.000  11.990 0.000
153.291667 154.291667  26.785 0.000   8.992 0.000
156.291667 157.291667  24.555 0.000   9.000 0.000
159.291667 160.291667  37.971 0.000  10.893 0.000
162.291667 163.291667  19.414 0.000   5.972 0.000
165.291667 166.291667 999.999 0.999  10.093 0.000
168.291667 169.291667  33.755 0.659  13.124 0.000
171.291667 172.291667  47.008 0.000  17.100 0.000
174.291667 175.291667  31.085 0.000  13.934 0.000
177.291667 178.291667  24.331 0.000   8.665 0.000
180.291667 181.291667  41.562 0.000  16.393 0.000
183.291667 184.291667  23.715 0.000  12.753 0.000
186.291667 187.291667  40.325 0.000  11.925 0.000
189.291667 190.291667  26.839 0.000   9.854 0.000
192.291667 193.291667  32.492 0.000  10.142 0.000
195.291667 196.291667  41.891 0.000  13.045 0.000
198.291667 199.291667  58.102 0.000  15.033 0.000
201.291667 202.291667  63.235 0.000  16.110 0.000
204.291667 205.291667  13.623 0.000   6.330 0.000
207.291667 208.291667  32.531 0.000   7.332 0.000
210.291667 211.291667  17.674 0.000   5.681 0.000
213.291667 214.291667  42.432 0.000   7.340 0.000
216.291667 217.291667  25.881 0.000   7.763 0.000
219.291667 220.291667  13.855 0.000   7.076 0.000
222.291667 223.291667  16.723 0.000   7.827 0.000
225.291667 226.291667  14.425 0.000   4.966 0.000
228.291667 229.291667  22.658 0.000   6.342 0.000
231.291667 232.291667  16.248 0.000   4.622 0.000
234.291667 235.291667  15.822 0.000   4.824 0.000
237.291667 238.291667  29.320 0.000   7.322 0.000
240.291667 241.291667  28.544 0.000   7.667 0.000
243.291667 244.291667  46.669 0.000  10.221 0.000
246.291667 247.291667  15.443 0.000   6.856 0.000
249.291667 250.291667  25.532 0.000   6.889 0.000
252.291667 253.291667  22.743 0.000   5.884 0.000
255.291667 256.291667  25.306 0.000   5.892 0.000
258.291667 259.291667  34.298 0.000   8.385 0.000
261.291667 262.291667  30.890 0.000   8.571 0.000
264.291667 265.291667  35.186 0.000   9.358 0.000
267.291667 268.291667  24.171 0.000   7.111 0.000
270.291667 271.291667  35.014 0.000   6.383 0.000
273.291667 274.291667  31.493 0.000   9.229 0.000
276.291667 277.291667  27.034 0.000   7.519 0.000
279.291667 280.291667  34.178 0.000   8.054 0.000
282.291667 283.291667  27.097 0.000   5.810 0.000
285.291667 286.291667  48.773 0.000  12.189 0.000
288.291667 289.291667  28.283 0.000   8.037 0.000
291.291667 292.291667  16.927 0.000   6.062 0.000
294.291667 295.291667  26.864 0.000  10.387 0.000
297.291667 298.291667  26.815 0.000   7.954 0.000
300.291667 301.291667  35.337 0.000   9.675 0.000
303.291667 304.291667  30.270 0.000  10.419 0.000
306.291667 307.291667 999.999 0.999 999.999 0.999
309.291667 310.291667 999.999 0.999 999.999 0.999
312.291667 313.291667 999.999 0.456  13.366 0.000
315.291667 316.291667 999.999 0.456  11.096 0.000
318.291667 319.291667 999.999 0.456   5.905 0.000
321.291667 322.291667  23.500 0.000   6.211 0.000
324.291667 325.291667  41.824 0.000  13.991 0.000
327.291667 328.291667  52.170 0.000  16.380 0.000
330.291667 331.291667  14.665 0.000   2.104 0.000
333.291667 334.291667  61.960 0.000  21.308 0.000
336.291667 337.291667  40.603 0.000  11.303 0.000
339.291667 340.291667  53.725 0.000  20.632 0.000
342.291667 343.291667  58.492 0.000  23.856 0.000
345.291667 346.291667  89.727 0.659  34.047 0.659
348.291667 349.291667  45.488 0.000  11.997 0.000
351.291667 352.291667  46.316 0.000  23.931 0.000
354.291667 355.291667  79.154 0.000  31.183 0.000
357.291667 358.291667  52.840 0.000  25.168 0.000
360.291667 361.291667  36.745 0.000   9.428 0.000
363.291667 364.291667  57.471 0.000  23.296 0.000
