scripts/IMPROVE-2019_partial/data/US0038R.20030103060000.20191216000000.filterpack..pm25.1y.1w.US03L_filterpack_US0038.US03L_IMPROVE_Davis.lev2.nas
66 1001
MISSING INFORMATION
US03L, IMPROVE, , , , , , , 
MISSING INFORMATION
IMPROVE sel_HTAP
1 1
2003 01 01 2019 12 16
3.00
days from file reference point
27
1 1 1 1 1 1 1 1 1 1 1 1 1 1 1 1 1 1 1 1 1 1 1 1 1 1 1
999.99 9999.99 9.999 99.99 9.999999 9.999 9.999999 9.99 9.999999 99.999 9.999 99.999 9.999 99.999 9.999 999.99 9.999999 999.999 9.999 999.999 9.999 999.999 9.999 9.999 9.999 99.999 9.999
end_time of measurement, days from the file reference point
iron, ng/m3, Revision date=20181210133000
numflag iron, no unit, Revision date=20181210133000
lead, ng/m3, Revision date=20181210133000
numflag lead, no unit, Revision date=20181210133000
magnesium, ug/m3, Revision date=20181210133000
numflag magnesium, no unit, Revision date=20181210133000
nickel, ng/m3, Revision date=20181210133000
numflag nickel, no unit, Revision date=20181210133000
nitrate, ug N/m3, Revision date=20181210133000
numflag nitrate, no unit, Revision date=20181210133000
organic_carbon, ug C/m3, Revision date=20181210133000
numflag organic_carbon, no unit, Revision date=20181210133000
organic_mass, ug/m3, Revision date=20181210133000
numflag organic_mass, no unit, Revision date=20181210133000
phosphorus, ng/m3, Revision date=20181210133000
numflag phosphorus, no unit, Revision date=20181210133000
pm10_mass, ug/m3, Version=2, Version description=Data extracted from http://views.cira.colostate.edu/fed/DataWizard 2019-12-16, Sample duration=1d, Orig. time res.=3d, Matrix=pm10, Blank correction=Blank corrected, Volume std. temperature=ambient, Volume std. pressure=ambient
numflag pm10_mass, no unit, Version=2, Version description=Data extracted from http://views.cira.colostate.edu/fed/DataWizard 2019-12-16, Sample duration=1d, Orig. time res.=3d, Matrix=pm10, Blank correction=Blank corrected, Volume std. temperature=ambient, Volume std. pressure=ambient
pm10_pm25_mass, ug/m3, Revision date=20181210133000, Matrix=pm10_pm25
numflag pm10_pm25_mass, no unit, Revision date=20181210133000, Matrix=pm10_pm25
pm25_mass, ug/m3, Version=2, Version description=Data extracted from http://views.cira.colostate.edu/fed/DataWizard 2019-12-16, Sample duration=1d, Orig. time res.=3d, Blank correction=Blank corrected, Volume std. temperature=ambient, Volume std. pressure=ambient
numflag pm25_mass, no unit, Version=2, Version description=Data extracted from http://views.cira.colostate.edu/fed/DataWizard 2019-12-16, Sample duration=1d, Orig. time res.=3d, Blank correction=Blank corrected, Volume std. temperature=ambient, Volume std. pressure=ambient
potassium, ug/m3, Revision date=20181210133000
numflag potassium, no unit, Revision date=20181210133000
sulphate_total, ug S/m3, Revision date=20181210133000
numflag sulphate_total, no unit, Revision date=20181210133000
0
25
Data definition:              EBAS_1.1
Set type code:                TU
Timezone:                     UTC
File name:                    US0038R.20030103060000.20191216000000.filterpack..pm25.1y.1w.US03L_filterpack_US0038.US03L_IMPROVE_Davis.lev2.nas
File creation:                20191218115750
Startdate:                    20030103060000
Revision date:                20191216000000
Statistics:                   arithmetic mean
Data level:                   2
Period code:                  1y
Resolution code:              1w
Station code:                 US0038R
Platform code:                US0038S
Station name:                 Cedar Bluff
Station latitude:             38.7701
Station longitude:            -99.7634
Station altitude:             665.0 m
Regime:                       IMG
Component:                    
Matrix:                       pm25
Laboratory code:              US03L
Instrument type:              filterpack
Instrument name:              filterpack_US0038
Method ref:                   US03L_IMPROVE_Davis
starttime endtime Fe flag_Fe Pb flag_Pb Mg++ flag_Mg++ Ni flag_Ni NO3- flag_NO3- OC flag_OC OM flag_OM P flag_P PM10 flag_PM10 PM10-PM2.5 flag_PM10-PM2.5 PM2.5 flag_PM2.5 K+ flag_K+ SO4-- flag_SO4--
  2.25   3.25   11.53 0.559  0.70 0.559000 0.067 0.559000 9.99 0.559259  0.193 0.000  0.203 0.000  0.284 0.000 999.99 0.559259   5.020 0.000   3.768 0.000   1.252 0.559 0.009 0.559  0.099 0.000
  5.25   6.25    6.73 0.559  0.09 0.559000 9.999 0.559259 0.03 0.559000  0.535 0.000  0.302 0.000  0.423 0.000 999.99 0.559259   8.418 0.000   3.497 0.000   4.920 0.559 0.008 0.559  0.488 0.000
  8.25   9.25   21.77 0.559 99.99 0.559259 9.999 0.559259 9.99 0.559259  0.032 0.000  0.240 0.000  0.335 0.000   8.04 0.559000  13.763 0.000  12.261 0.000   1.502 0.559 0.020 0.559  0.065 0.000
 11.25  12.25   22.79 0.559  0.37 0.559000 9.999 0.559259 0.12 0.559000  0.679 0.000  0.382 0.000  0.534 0.000 999.99 0.559259  14.941 0.000  10.017 0.000   4.924 0.559 0.020 0.559  0.163 0.000
 14.25  15.25   38.79 0.559  1.37 0.559000 0.013 0.559000 9.99 0.559259  0.826 0.000  0.623 0.000  0.872 0.000 999.99 0.559259  19.045 0.000  11.279 0.000   7.766 0.559 0.039 0.559  0.298 0.000
 17.25  18.25    9.78 0.559  0.13 0.559000 9.999 0.559259 9.99 0.559259  0.048 0.000  0.162 0.000  0.227 0.000 999.99 0.559259   5.994 0.000   5.062 0.000   0.932 0.559 0.012 0.559  0.051 0.000
 20.25  21.25   15.02 0.559  1.09 0.559000 9.999 0.559259 9.99 0.559259  1.125 0.000  0.828 0.000  1.160 0.000 999.99 0.559259  18.897 0.000   8.240 0.000  10.656 0.559 0.042 0.559  0.734 0.000
 23.25  24.25   20.22 0.559  1.25 0.559000 9.999 0.559259 0.19 0.559000  1.099 0.000  0.610 0.000  0.854 0.000 999.99 0.559259  18.338 0.000   9.268 0.000   9.070 0.559 0.029 0.559  0.530 0.000
 26.25  27.25   31.93 0.559  1.27 0.559000 9.999 0.559259 9.99 0.559259  0.667 0.000  0.577 0.000  0.807 0.000 999.99 0.559259  17.609 0.000  11.408 0.000   6.201 0.559 0.040 0.559  0.591 0.000
 29.25  30.25   29.05 0.000  0.66 0.000000 9.999 0.259000 0.07 0.000000  0.836 0.000  0.377 0.000  0.528 0.000 999.99 0.259000  21.409 0.000  14.722 0.000   6.686 0.000 0.024 0.000  0.353 0.000
 32.25  33.25   21.78 0.000  1.02 0.000000 9.999 0.259000 0.03 0.000000  0.464 0.000  0.563 0.000  0.788 0.000 999.99 0.259000  14.259 0.000   8.261 0.000   5.998 0.000 0.034 0.000  0.397 0.000
 35.25  36.25   19.58 0.000  1.39 0.000000 9.999 0.259000 9.99 0.259000  1.436 0.000  1.233 0.000  1.726 0.000 999.99 0.259000  17.468 0.000   3.091 0.000  14.377 0.000 0.046 0.000  0.699 0.000
 38.25  39.25    8.41 0.559  0.10 0.559000 9.999 0.559259 9.99 0.559259  0.327 0.000  0.397 0.000  0.556 0.000 999.99 0.559259   5.682 0.000   2.024 0.000   3.658 0.559 0.011 0.559  0.274 0.000
 41.25  42.25   12.59 0.559  0.19 0.559000 9.999 0.559259 9.99 0.559259  0.169 0.000  0.377 0.000  0.527 0.000 999.99 0.559259   6.764 0.000   5.038 0.000   1.726 0.559 0.011 0.559  0.194 0.000
 44.25  45.25    5.74 0.000  0.99 0.000000 9.999 0.259000 9.99 0.259000  0.571 0.000  1.132 0.000  1.585 0.000 999.99 0.259000   7.407 0.000   1.620 0.000   5.787 0.000 0.022 0.000  0.278 0.000
 47.25  48.25   26.12 0.000  0.49 0.000000 9.999 0.259000 9.99 0.259000  0.477 0.000  0.226 0.000  0.317 0.000 999.99 0.259000  19.035 0.000  16.194 0.000   2.841 0.000 0.022 0.000  0.170 0.000
 50.25  51.25   20.54 0.559  0.65 0.559000 9.999 0.559259 9.99 0.559259  1.083 0.000  0.437 0.000  0.611 0.000 999.99 0.559259  10.207 0.000   2.749 0.000   7.459 0.559 0.019 0.559  0.353 0.000
 53.25  54.25   14.13 0.559  1.37 0.559000 9.999 0.559259 0.10 0.559000  0.399 0.000  0.398 0.000  0.557 0.000 999.99 0.559259  19.605 0.000  13.681 0.000   5.924 0.559 0.020 0.559  0.603 0.000
 56.25  57.25   11.93 0.000  1.44 0.000000 9.999 0.259000 0.15 0.000000  1.702 0.000  0.946 0.000  1.324 0.000 999.99 0.259000  20.370 0.000   5.041 0.000  15.330 0.000 0.031 0.000  1.050 0.000
 59.25  60.25    4.62 0.000  1.21 0.000000 9.999 0.259000 9.99 0.259000  1.977 0.000  1.013 0.000  1.419 0.000 999.99 0.259000  18.255 0.000   1.444 0.000  16.811 0.000 0.019 0.000  0.895 0.000
 62.25  63.25   21.80 0.000  0.83 0.000000 9.999 0.259000 9.99 0.259000  0.737 0.000  0.771 0.000  1.079 0.000 999.99 0.259000  18.262 0.000   8.896 0.000   9.366 0.000 0.035 0.000  0.933 0.000
 65.25  66.25   29.15 0.000  0.81 0.000000 9.999 0.259000 9.99 0.259000  1.308 0.000  0.926 0.000  1.297 0.000 999.99 0.259000  17.881 0.000   4.741 0.000  13.140 0.000 0.029 0.000  1.245 0.000
 68.25  69.25   26.78 0.000  3.49 0.000000 0.017 0.000000 0.10 0.000000  1.158 0.000  0.828 0.000  1.159 0.000 999.99 0.259000  16.883 0.000   6.365 0.000  10.518 0.000 0.035 0.000  0.702 0.000
 71.25  72.25   38.95 0.000  1.77 0.000000 9.999 0.259000 9.99 0.259000  1.512 0.000  0.953 0.000  1.335 0.000 999.99 0.259000  21.285 0.000   7.190 0.000  14.095 0.000 0.045 0.000  1.368 0.000
 74.25  75.25   44.21 0.000  0.93 0.000000 9.999 0.259000 9.99 0.259000  0.253 0.000  1.153 0.000  1.615 0.000 999.99 0.259000  14.904 0.000   8.817 0.000   6.088 0.000 0.055 0.000  0.690 0.000
 77.25  78.25   15.11 0.000  2.15 0.000000 0.051 0.000000 0.19 0.000000  1.185 0.000  0.829 0.000  1.161 0.000 999.99 0.259000  17.851 0.000   1.618 0.000  16.233 0.000 0.026 0.000  1.903 0.000
 80.25  81.25   13.11 0.000  0.99 0.000000 9.999 0.259000 9.99 0.259000  0.392 0.000  0.421 0.000  0.589 0.000 999.99 0.259000   5.239 0.000   2.309 0.000   2.930 0.000 0.014 0.000  0.403 0.000
 83.25  84.25   20.73 0.000  0.63 0.000000 9.999 0.259000 9.99 0.259000  0.116 0.000  0.201 0.000  0.281 0.000 999.99 0.259000   5.421 0.000   3.542 0.000   1.879 0.000 0.018 0.000  0.265 0.000
 86.25  87.25   13.44 0.000  0.41 0.000000 9.999 0.259000 0.24 0.000000  0.096 0.000  0.199 0.000  0.279 0.000 999.99 0.259000   6.359 0.000   4.160 0.000   2.199 0.000 0.015 0.000  0.358 0.000
 89.25  90.25   27.79 0.000  0.31 0.000000 9.999 0.259000 9.99 0.259000  0.065 0.000  0.291 0.000  0.408 0.000 999.99 0.259000   8.515 0.000   6.376 0.000   2.139 0.000 0.023 0.000  0.196 0.000
 92.25  93.25   97.04 0.000  0.55 0.000000 9.999 0.259000 0.19 0.000000  0.172 0.000  0.711 0.000  0.995 0.000 999.99 0.259000  29.691 0.000  23.193 0.000   6.497 0.000 0.074 0.000  0.347 0.000
 95.25  96.25   19.42 0.000  1.69 0.000000 9.999 0.259000 0.08 0.000000  0.778 0.000  1.257 0.000  1.759 0.000 999.99 0.259000  11.253 0.000   2.270 0.000   8.983 0.000 0.037 0.000  0.439 0.000
 98.25  99.25   30.12 0.000  1.19 0.000000 9.999 0.259000 0.25 0.000000  0.196 0.000  0.609 0.000  0.852 0.000 999.99 0.259000   9.590 0.000   6.190 0.000   3.400 0.000 0.030 0.000  0.266 0.000
101.25 102.25   58.67 0.000  0.89 0.000000 9.999 0.259000 0.10 0.000000  0.094 0.000  1.329 0.000  1.860 0.000 999.99 0.259000  17.012 0.000  11.700 0.000   5.312 0.000 0.062 0.000  0.341 0.000
104.25 105.25   74.24 0.000  0.92 0.000000 0.014 0.000000 0.23 0.000000  0.062 0.000  1.092 0.000  1.529 0.000 999.99 0.259000  56.262 0.000  49.245 0.000   7.018 0.000 0.071 0.000  0.845 0.000
107.25 108.25   61.01 0.000  1.62 0.000000 9.999 0.259000 0.20 0.000000  0.677 0.000  1.985 0.000  2.779 0.000 999.99 0.259000  17.116 0.000   8.592 0.000   8.524 0.000 0.087 0.000  0.641 0.000
110.25 111.25   32.52 0.000  1.02 0.000000 9.999 0.259000 9.99 0.259000  0.067 0.000  0.461 0.000  0.645 0.000 999.99 0.259000   6.291 0.000   2.702 0.000   3.589 0.000 0.032 0.000  0.381 0.000
113.25 114.25   47.56 0.000  0.50 0.000000 9.999 0.259000 0.16 0.000000  0.356 0.000  0.684 0.000  0.957 0.000 999.99 0.259000  10.026 0.000   4.244 0.000   5.782 0.000 0.042 0.000  0.539 0.000
116.25 117.25   32.21 0.000  2.51 0.000000 9.999 0.259000 9.99 0.259000  0.759 0.000  2.163 0.000  3.029 0.000 999.99 0.259000  18.890 0.000   5.711 0.000  13.180 0.000 0.061 0.000  1.476 0.000
119.25 120.25   23.20 0.000  1.05 0.000000 0.017 0.000000 0.14 0.000000  0.745 0.000  1.040 0.000  1.456 0.000 999.99 0.259000  11.532 0.000   4.439 0.000   7.093 0.000 0.032 0.000  0.806 0.000
122.25 123.25   32.64 0.000  2.17 0.000000 9.999 0.259000 0.14 0.000000  0.636 0.000  1.576 0.000  2.207 0.000 999.99 0.259000  14.180 0.000   5.722 0.000   8.458 0.000 0.043 0.000  1.073 0.000
125.25 126.25   11.21 0.000  0.31 0.000000 0.041 0.000000 9.99 0.259000  0.063 0.000  0.234 0.000  0.328 0.000 999.99 0.259000   3.824 0.000   2.307 0.000   1.516 0.000 0.009 0.000  0.165 0.000
128.25 129.25   23.25 0.000  0.30 0.000000 9.999 0.259000 9.99 0.259000  0.034 0.000  0.160 0.000  0.224 0.000 999.99 0.259000   5.655 0.000   4.132 0.000   1.524 0.000 0.013 0.000  0.114 0.000
131.25 132.25   38.36 0.000  0.78 0.000000 9.999 0.259000 9.99 0.259000  0.043 0.000  0.980 0.000  1.372 0.000 999.99 0.259000  16.642 0.000  12.703 0.000   3.939 0.000 0.039 0.000  0.267 0.000
134.25 135.25   26.74 0.000  1.18 0.000000 0.033 0.000000 9.99 0.259000  0.187 0.000  1.083 0.000  1.516 0.000 999.99 0.259000  10.396 0.000   5.786 0.000   4.610 0.000 0.024 0.000  0.407 0.000
137.25 138.25   36.55 0.000  1.79 0.000000 9.999 0.259000 9.99 0.259000  0.302 0.000  1.461 0.000  2.045 0.000 999.99 0.259000  24.678 0.000   9.216 0.000  15.462 0.000 0.040 0.000  2.758 0.000
140.25 141.25   21.61 0.000  1.19 0.000000 9.999 0.259000 9.99 0.259000  0.162 0.000  1.004 0.000  1.406 0.000 999.99 0.259000  10.621 0.000   6.030 0.000   4.591 0.000 0.022 0.000  0.518 0.000
143.25 144.25   19.10 0.000  0.99 0.000000 9.999 0.259000 9.99 0.259000 99.999 0.999  0.957 0.000  1.340 0.000 999.99 0.259000   8.578 0.000   4.459 0.000   4.120 0.000 0.018 0.000 99.999 0.999
146.25 147.25   23.93 0.000  1.48 0.000000 9.999 0.259000 9.99 0.259000 99.999 0.999  1.617 0.000  2.263 0.000 999.99 0.259000  17.482 0.000   9.543 0.000   7.939 0.000 0.025 0.000 99.999 0.999
149.25 150.25   72.61 0.000  0.68 0.000000 9.999 0.259000 0.13 0.000000 99.999 0.999  1.832 0.000  2.565 0.000 999.99 0.259000  32.582 0.000  25.461 0.000   7.121 0.000 0.053 0.000 99.999 0.999
152.25 153.25   14.63 0.000  1.03 0.000000 0.056 0.000000 0.09 0.000000 99.999 0.999  1.029 0.000  1.441 0.000 999.99 0.259000  10.315 0.000   6.623 0.000   3.692 0.000 0.020 0.000 99.999 0.999
155.25 156.25    9.13 0.000  0.30 0.000000 9.999 0.259000 9.99 0.259000  0.121 0.000  0.904 0.000  1.266 0.000 999.99 0.259000   7.189 0.000   4.218 0.000   2.972 0.000 0.016 0.000  0.230 0.000
158.25 159.25   83.01 0.000 99.99 0.259000 9.999 0.259000 9.99 0.259000  0.017 0.000  0.465 0.000  0.651 0.000 999.99 0.259000   7.271 0.000   5.725 0.000   1.546 0.000 0.008 0.000  0.131 0.000
161.25 162.25   32.90 0.000  1.20 0.000000 0.024 0.000000 9.99 0.259000  0.098 0.000  1.463 0.000  2.048 0.000 999.99 0.259000  18.380 0.000  12.854 0.000   5.526 0.000 0.031 0.000  0.481 0.000
164.25 165.25   22.90 0.000  0.45 0.000000 9.999 0.259000 9.99 0.259000  0.115 0.000  1.084 0.000  1.517 0.000 999.99 0.259000  14.788 0.000  10.030 0.000   4.758 0.000 0.022 0.000  0.522 0.000
167.25 168.25   29.88 0.000  1.67 0.000000 9.999 0.259000 9.99 0.259000  0.118 0.000  1.770 0.000  2.477 0.000 999.99 0.259000  23.669 0.000  12.595 0.000  11.074 0.000 0.033 0.000  1.545 0.000
170.25 171.25   36.17 0.000  1.75 0.000000 9.999 0.259000 0.16 0.000000  0.240 0.000  2.539 0.000  3.555 0.000 999.99 0.259000  29.483 0.000  13.792 0.000  15.690 0.000 0.088 0.000  2.329 0.000
173.25 174.25   41.34 0.000  0.97 0.000000 9.999 0.259000 0.19 0.000000  0.060 0.000  1.868 0.000  2.615 0.000 999.99 0.259000 999.999 0.999 999.999 0.999   8.681 0.000 0.045 0.000  1.058 0.000
176.25 177.25   23.31 0.559 99.99 0.559259 9.999 0.559259 9.99 0.559259  0.054 0.000  0.494 0.000  0.691 0.000 999.99 0.559259 999.999 0.999 999.999 0.999   2.829 0.559 0.017 0.559  0.184 0.000
179.25 180.25   10.20 0.000 99.99 0.259000 9.999 0.259000 9.99 0.259000  0.026 0.000  0.748 0.000  1.047 0.000 999.99 0.259000   5.952 0.000   3.510 0.000   2.442 0.000 0.027 0.000  0.169 0.000
182.25 183.25   61.85 0.000  1.18 0.000000 0.079 0.000000 0.10 0.000000  0.067 0.000  2.309 0.000  3.232 0.000 999.99 0.259000 999.999 0.999 999.999 0.999  11.713 0.000 0.156 0.000  1.202 0.000
185.25 186.25   70.29 0.000  0.77 0.000000 9.999 0.259000 0.10 0.000000  0.036 0.000  1.395 0.000  1.953 0.000 999.99 0.259000  25.016 0.000  15.727 0.000   9.289 0.000 0.086 0.000  1.012 0.000
188.25 189.25  102.10 0.000  0.46 0.000000 9.999 0.259000 0.11 0.000000  0.068 0.000  0.780 0.000  1.092 0.000 999.99 0.259000  21.746 0.000  16.476 0.000   5.271 0.000 0.068 0.000  0.541 0.000
191.25 192.25   52.58 0.000  0.44 0.000000 9.999 0.259000 0.11 0.000000  0.058 0.000  1.857 0.000  2.600 0.000 999.99 0.259000  28.828 0.000  22.060 0.000   6.767 0.000 0.136 0.000  0.342 0.000
194.25 195.25  124.26 0.000  0.50 0.000000 9.999 0.259000 0.10 0.000000  0.106 0.000  2.270 0.000  3.178 0.000 999.99 0.259000  30.079 0.000  20.171 0.000   9.908 0.000 0.130 0.000  0.717 0.000
197.25 198.25  115.47 0.000  0.37 0.000000 9.999 0.259000 0.13 0.000000  0.073 0.000  0.541 0.000  0.757 0.000 999.99 0.259000  31.533 0.000  25.661 0.000   5.872 0.000 0.069 0.000  0.478 0.000
200.25 201.25  143.50 0.000  0.69 0.000000 9.999 0.259000 0.08 0.000000  0.083 0.000  1.502 0.000  2.102 0.000 999.99 0.259000  27.616 0.000  18.157 0.000   9.459 0.000 0.105 0.000  0.740 0.000
203.25 204.25   57.16 0.000  0.39 0.000000 9.999 0.259000 0.11 0.000000  0.045 0.000  1.464 0.000  2.049 0.000 999.99 0.259000  13.973 0.000   8.275 0.000   5.698 0.000 0.064 0.000  0.303 0.000
206.25 207.25  280.04 0.000  0.63 0.000000 9.999 0.259000 0.21 0.000000  0.097 0.000  1.439 0.000  2.015 0.000 999.99 0.259000  33.777 0.000  21.468 0.000  12.309 0.000 0.144 0.000  1.012 0.000
209.25 210.25   46.35 0.000  1.14 0.000000 9.999 0.259000 0.08 0.000000  0.065 0.000  2.333 0.000  3.267 0.000 999.99 0.259000  23.016 0.000  14.426 0.000   8.590 0.000 0.065 0.000  0.516 0.000
212.25 213.25   99.19 0.000  0.89 0.000000 9.999 0.259000 0.20 0.000000  0.077 0.000  2.832 0.000  3.964 0.000 999.99 0.259000  19.149 0.000   8.598 0.000  10.551 0.000 0.134 0.000  0.540 0.000
215.25 216.25  394.17 0.000  1.49 0.000000 9.999 0.259000 0.36 0.000000  0.207 0.000  1.520 0.000  2.128 0.000 999.99 0.259000  31.863 0.000  17.673 0.000  14.190 0.000 0.182 0.000  0.925 0.000
218.25 219.25   61.60 0.000  1.53 0.000000 9.999 0.259000 9.99 0.259000  0.076 0.000  2.214 0.000  3.100 0.000 999.99 0.259000  25.723 0.000  14.179 0.000  11.544 0.000 0.072 0.000  1.305 0.000
221.25 222.25   24.40 0.000  1.00 0.000000 9.999 0.259000 9.99 0.259000  0.032 0.000  1.144 0.000  1.602 0.000 999.99 0.259000  13.399 0.000   7.843 0.000   5.556 0.000 0.038 0.000  0.479 0.000
224.25 225.25   54.10 0.000  0.96 0.000000 0.085 0.000000 9.99 0.259000  0.051 0.000  1.927 0.000  2.697 0.000 999.99 0.259000  22.529 0.000  12.098 0.000  10.431 0.000 0.074 0.000  1.211 0.000
227.25 228.25  210.39 0.000  0.59 0.000000 9.999 0.259000 0.15 0.000000  0.096 0.000  0.632 0.000  0.885 0.000 999.99 0.259000  32.380 0.000  23.151 0.000   9.230 0.000 0.103 0.000  0.805 0.000
230.25 231.25   54.49 0.000  0.49 0.000000 9.999 0.259000 9.99 0.259000  0.065 0.000  1.391 0.000  1.948 0.000 999.99 0.259000  18.878 0.000  11.860 0.000   7.018 0.000 0.067 0.000  0.709 0.000
233.25 234.25   72.15 0.000  1.46 0.000000 9.999 0.259000 0.16 0.000000  0.179 0.000  4.873 0.000  6.823 0.000 999.99 0.259000  33.860 0.559  20.925 0.000  12.935 0.000 0.102 0.000  0.570 0.000
236.25 237.25   44.04 0.000  0.42 0.000000 9.999 0.259000 0.11 0.000000  0.026 0.000  2.548 0.000  3.568 0.000 999.99 0.259000  23.538 0.000  11.074 0.000  12.464 0.000 0.072 0.000  1.445 0.000
239.25 240.25   39.66 0.000  0.38 0.000000 9.999 0.259000 0.17 0.000000  0.066 0.000  1.629 0.000  2.280 0.000 999.99 0.259000  14.333 0.000   7.299 0.000   7.034 0.000 0.042 0.000  0.689 0.000
242.25 243.25   32.85 0.000  1.16 0.000000 9.999 0.259000 0.05 0.000000  0.123 0.559  2.394 0.000  3.351 0.000 999.99 0.259000  12.704 0.000   4.607 0.000   8.097 0.000 0.049 0.000  0.618 0.559
245.25 246.25   21.87 0.000  1.60 0.000000 9.999 0.259000 0.10 0.000000  0.153 0.000  1.893 0.000  2.650 0.000 999.99 0.259000  13.407 0.000   6.992 0.000   6.415 0.000 0.039 0.000  0.512 0.000
