scripts/IMPROVE-2019_partial/data/US0010U.20070103060000.20191216000000.filterpack...1y.3d.US03L_filterpack_US0010.US03L_IMPROVE_Davis.lev2.nas
52 1001
MISSING INFORMATION
US03L, IMPROVE, , , , , , , 
MISSING INFORMATION
IMPROVE sel_HTAP
1 1
2007 01 01 2019 12 16
3.00
days from file reference point
5
1 1 1 1 1
999.99 999.999 9.999 999.999 9.999
end_time of measurement, days from the file reference point
pm10_mass, ug/m3, Matrix=pm10
numflag pm10_mass, no unit, Matrix=pm10
pm25_mass, ug/m3, Matrix=pm25
numflag pm25_mass, no unit, Matrix=pm25
0
33
Data definition:              EBAS_1.1
Set type code:                TU
Timezone:                     UTC
File name:                    US0010U.20070103060000.20191216000000.filterpack...1y.3d.US03L_filterpack_US0010.US03L_IMPROVE_Davis.lev2.nas
File creation:                20191218115603
Startdate:                    20070103060000
Revision date:                20191216000000
Version:                      2
Version description:          "Data extracted from http://views.cira.colostate.edu/fed/DataWizard 2019-12-16"
Statistics:                   arithmetic mean
Data level:                   2
Period code:                  1y
Resolution code:              3d
Sample duration:              1d
Orig. time res.:              3d
Station code:                 US0010U
Platform code:                US0010S
Station name:                 Birmingham
Station latitude:             33.5531
Station longitude:            -86.8148
Station altitude:             175.0 m
Regime:                       IMG
Component:                    
Unit:                         ug/m3
Matrix:                       
Laboratory code:              US03L
Instrument type:              filterpack
Instrument name:              filterpack_US0010
Method ref:                   US03L_IMPROVE_Davis
Blank correction:             Blank corrected
Volume std. temperature:      ambient
Volume std. pressure:         ambient
starttime endtime PM10 flag_PM10 PM2.5 flag_PM2.5
  2.25   3.25  43.700 0.000  20.216 0.000
  5.25   6.25  19.548 0.000  12.256 0.000
  8.25   9.25 999.999 0.456   4.305 0.000
 11.25  12.25  19.783 0.000   7.978 0.000
 14.25  15.25  11.940 0.000   6.234 0.000
 17.25  18.25  20.588 0.000  14.175 0.000
 20.25  21.25  14.539 0.000   9.345 0.000
 23.25  24.25  15.267 0.000  10.152 0.000
 26.25  27.25  18.832 0.000  12.415 0.000
 29.25  30.25  14.670 0.000   7.020 0.000
 32.25  33.25  18.229 0.000  14.797 0.000
 35.25  36.25  19.900 0.000   7.834 0.000
 38.25  39.25  25.701 0.000  16.457 0.000
 41.25  42.25  26.225 0.000  14.644 0.000
 44.25  45.25  13.953 0.000   9.985 0.000
 47.25  48.25  18.563 0.000  11.731 0.000
 50.25  51.25  19.590 0.000   8.070 0.000
 53.25  54.25  24.423 0.000   9.350 0.000
 56.25  57.25  48.913 0.000  15.950 0.000
 59.25  60.25  29.597 0.000  17.703 0.000
 62.25  63.25   5.660 0.000   3.525 0.000
 65.25  66.25  67.597 0.000  28.110 0.000
 68.25  69.25  41.277 0.000  28.865 0.000
 71.25  72.25  92.022 0.000  34.060 0.000
 74.25  75.25  12.732 0.000   7.467 0.000
 77.25  78.25  24.068 0.000  11.799 0.000
 80.25  81.25  32.598 0.000  11.299 0.000
 83.25  84.25  74.514 0.000  34.191 0.000
 86.25  87.25  39.768 0.000  16.594 0.000
 89.25  90.25  33.076 0.000  16.352 0.000
 92.25  93.25  43.958 0.000  22.200 0.000
 95.25  96.25  18.084 0.000   6.933 0.000
 98.25  99.25  23.607 0.000   9.144 0.000
101.25 102.25  18.613 0.000   7.615 0.000
104.25 105.25   9.311 0.000   5.908 0.000
107.25 108.25  64.171 0.000  26.005 0.000
110.25 111.25  61.617 0.000  34.574 0.000
113.25 114.25  29.611 0.000   9.772 0.000
116.25 117.25  20.438 0.000   8.744 0.000
119.25 120.25  69.019 0.000  27.995 0.000
122.25 123.25  41.701 0.000  23.989 0.000
125.25 126.25  38.882 0.000  28.780 0.000
128.25 129.25  67.034 0.000  26.249 0.000
131.25 132.25  23.301 0.000  15.413 0.000
134.25 135.25  51.330 0.000  35.338 0.000
137.25 138.25  22.868 0.000  17.066 0.000
140.25 141.25  94.717 0.000  53.572 0.000
143.25 144.25  49.767 0.000  20.432 0.000
146.25 147.25  68.990 0.000  49.063 0.000
149.25 150.25  89.127 0.659 999.999 0.699
152.25 153.25  64.854 0.000  46.118 0.659
155.25 156.25  28.671 0.000  12.041 0.000
158.25 159.25  30.772 0.000   9.450 0.000
161.25 162.25  49.996 0.000  26.143 0.000
164.25 165.25  45.936 0.000  21.028 0.000
167.25 168.25  32.875 0.000  22.907 0.000
170.25 171.25  24.986 0.000   9.913 0.000
173.25 174.25  54.585 0.000  30.857 0.000
176.25 177.25  37.814 0.000  19.803 0.000
179.25 180.25  35.676 0.000  22.559 0.000
182.25 183.25  19.254 0.000  11.363 0.000
185.25 186.25  31.509 0.000  16.301 0.000
188.25 189.25  26.936 0.000  18.037 0.000
191.25 192.25  17.409 0.000   9.473 0.000
194.25 195.25  23.193 0.000  14.906 0.000
197.25 198.25  24.544 0.000  13.495 0.000
200.25 201.25  32.305 0.000  14.505 0.000
203.25 204.25  37.294 0.000  19.712 0.000
206.25 207.25  33.401 0.000  17.173 0.000
209.25 210.25  16.762 0.000  10.533 0.000
212.25 213.25  38.942 0.000  21.196 0.000
215.25 216.25  55.407 0.000  42.001 0.000
218.25 219.25  38.002 0.000  21.417 0.000
221.25 222.25  48.237 0.000  21.436 0.000
224.25 225.25  49.874 0.000  31.543 0.000
227.25 228.25  52.034 0.000  31.194 0.000
230.25 231.25  27.481 0.000  22.272 0.000
233.25 234.25  61.795 0.000  24.291 0.000
236.25 237.25  23.296 0.000  17.927 0.000
239.25 240.25  23.700 0.000  15.144 0.000
242.25 243.25  28.551 0.000  21.081 0.000
245.25 246.25  28.159 0.000  21.881 0.000
248.25 249.25  35.914 0.000  21.542 0.000
251.25 252.25  30.335 0.000  18.518 0.000
254.25 255.25 999.999 0.999 999.999 0.999
257.25 258.25  17.162 0.000   7.177 0.000
260.25 261.25  38.291 0.000  21.824 0.000
263.25 264.25  43.460 0.000  17.394 0.000
266.25 267.25  41.512 0.000  14.446 0.000
269.25 270.25  47.831 0.000  27.206 0.000
272.25 273.25  22.020 0.000  11.665 0.000
275.25 276.25  55.199 0.000  19.578 0.000
278.25 279.25  19.341 0.000  11.357 0.000
281.25 282.25  30.291 0.000  14.119 0.000
284.25 285.25  28.455 0.000  11.328 0.000
287.25 288.25  31.788 0.000  14.562 0.000
290.25 291.25  14.856 0.000   6.542 0.000
293.25 294.25  36.712 0.000  18.906 0.000
296.25 297.25   7.585 0.000   4.463 0.000
299.25 300.25  10.990 0.000   7.415 0.000
302.25 303.25  44.690 0.000  19.790 0.000
305.25 306.25  32.150 0.000  18.429 0.000
308.25 309.25  67.682 0.000  32.885 0.000
311.25 312.25  73.988 0.000  32.642 0.000
314.25 315.25  32.326 0.000  16.047 0.000
317.25 318.25  30.918 0.000  18.626 0.000
320.25 321.25  22.410 0.000  10.585 0.000
323.25 324.25  57.409 0.000  24.457 0.000
326.25 327.25   7.293 0.000   5.242 0.000
329.25 330.25   6.329 0.000   4.115 0.000
332.25 333.25  51.929 0.000  19.673 0.000
335.25 336.25  20.560 0.000  13.998 0.000
338.25 339.25  22.598 0.000  10.917 0.000
341.25 342.25  20.318 0.000  15.655 0.000
344.25 345.25  26.104 0.000  11.765 0.000
347.25 348.25  16.853 0.000   9.467 0.000
350.25 351.25  30.701 0.000  14.088 0.000
353.25 354.25  34.490 0.000  20.249 0.000
356.25 357.25   5.609 0.000   3.863 0.000
359.25 360.25  13.857 0.000   8.498 0.000
362.25 363.25  10.398 0.000   6.705 0.000
