scripts/IMPROVE-2019_partial/data/US0074R.20130101060000.20191216000000.filterpack...52w.3d.US03L_filterpack_US0074.US03L_IMPROVE_Davis.lev2.nas
52 1001
MISSING INFORMATION
US03L, IMPROVE, , , , , , , 
MISSING INFORMATION
IMPROVE sel_HTAP
1 1
2013 01 01 2019 12 16
3.00
days from file reference point
5
1 1 1 1 1
999.99 9999.999 9.999 999.999 9.999
end_time of measurement, days from the file reference point
pm10_mass, ug/m3, Matrix=pm10
numflag pm10_mass, no unit, Matrix=pm10
pm25_mass, ug/m3, Matrix=pm25
numflag pm25_mass, no unit, Matrix=pm25
0
33
Data definition:              EBAS_1.1
Set type code:                TU
Timezone:                     UTC
File name:                    US0074R.20130101060000.20191216000000.filterpack...52w.3d.US03L_filterpack_US0074.US03L_IMPROVE_Davis.lev2.nas
File creation:                20191218120032
Startdate:                    20130101060000
Revision date:                20191216000000
Version:                      2
Version description:          "Data extracted from http://views.cira.colostate.edu/fed/DataWizard 2019-12-16"
Statistics:                   arithmetic mean
Data level:                   2
Period code:                  52w
Resolution code:              3d
Sample duration:              1d
Orig. time res.:              3d
Station code:                 US0074R
Platform code:                US0074S
Station name:                 Guadalupe Mountains NP
Station latitude:             31.833
Station longitude:            -104.8094
Station altitude:             1672.0 m
Regime:                       IMG
Component:                    
Unit:                         ug/m3
Matrix:                       
Laboratory code:              US03L
Instrument type:              filterpack
Instrument name:              filterpack_US0074
Method ref:                   US03L_IMPROVE_Davis
Blank correction:             Blank corrected
Volume std. temperature:      ambient
Volume std. pressure:         ambient
starttime endtime PM10 flag_PM10 PM2.5 flag_PM2.5
  0.25   1.25 9999.999 0.999 999.999 0.999
  3.25   4.25    0.899 0.000   0.773 0.000
  6.25   7.25    6.689 0.000   4.929 0.000
  9.25  10.25    4.049 0.000   1.856 0.000
 12.25  13.25    4.566 0.000   1.448 0.000
 15.25  16.25 9999.999 0.999 999.999 0.999
 18.25  19.25 9999.999 0.999 999.999 0.999
 21.25  22.25 9999.999 0.999 999.999 0.999
 24.25  25.25 9999.999 0.999 999.999 0.999
 27.25  28.25 9999.999 0.999 999.999 0.999
 30.25  31.25    5.279 0.000   1.363 0.000
 33.25  34.25   14.617 0.000   3.019 0.000
 36.25  37.25    7.871 0.000   4.659 0.000
 39.25  40.25  202.905 0.000  36.880 0.000
 42.25  43.25    7.804 0.000   2.512 0.000
 45.25  46.25   10.009 0.000   4.269 0.000
 48.25  49.25    9.486 0.000   2.992 0.000
 51.25  52.25    9.989 0.000   3.240 0.000
 54.25  55.25   87.293 0.000  14.260 0.000
 57.25  58.25   14.567 0.000   5.042 0.000
 60.25  61.25    6.351 0.000   2.122 0.000
 63.25  64.25   56.850 0.000  11.191 0.000
 66.25  67.25   28.716 0.000   7.805 0.000
 69.25  70.25   13.694 0.000   2.931 0.000
 72.25  73.25   18.789 0.000   5.681 0.000
 75.25  76.25   49.286 0.000  12.743 0.000
 78.25  79.25   50.709 0.000   9.723 0.000
 81.25  82.25  101.995 0.000  43.304 0.000
 84.25  85.25   25.605 0.000   5.968 0.000
 87.25  88.25   23.379 0.000   5.072 0.000
 90.25  91.25   31.844 0.000   6.637 0.000
 93.25  94.25   21.265 0.000   4.278 0.000
 96.25  97.25   21.679 0.000   6.564 0.000
 99.25 100.25   64.654 0.000  18.159 0.000
102.25 103.25   28.440 0.000   8.678 0.000
105.25 106.25   39.746 0.000  10.210 0.000
108.25 109.25   23.989 0.000   5.803 0.000
111.25 112.25   16.256 0.000   5.252 0.000
114.25 115.25   43.427 0.000   7.419 0.000
117.25 118.25   20.113 0.000   7.865 0.000
120.25 121.25   41.779 0.000   9.718 0.000
123.25 124.25   21.615 0.000   5.291 0.000
126.25 127.25   25.928 0.000   5.637 0.000
129.25 130.25   29.649 0.000   5.391 0.000
132.25 133.25   13.219 0.000   4.539 0.000
135.25 136.25   24.678 0.000   8.235 0.000
138.25 139.25   28.360 0.000   8.362 0.000
141.25 142.25   19.123 0.000   7.207 0.000
144.25 145.25   14.163 0.000   6.951 0.000
147.25 148.25   20.116 0.000   5.942 0.000
150.25 151.25   24.517 0.000   8.688 0.000
153.25 154.25 9999.999 0.999 999.999 0.999
156.25 157.25  103.247 0.000  18.559 0.000
159.25 160.25   32.926 0.000   8.427 0.000
162.25 163.25   25.273 0.000   7.610 0.000
165.25 166.25   12.015 0.000   5.039 0.000
168.25 169.25   21.250 0.000   6.823 0.000
171.25 172.25   20.982 0.000   8.091 0.000
174.25 175.25   26.502 0.000  10.539 0.000
177.25 178.25   20.362 0.000   9.643 0.000
180.25 181.25   25.268 0.000   6.351 0.000
183.25 184.25   12.239 0.000   7.568 0.000
186.25 187.25   31.254 0.000  10.807 0.000
189.25 190.25   15.421 0.000   8.619 0.000
192.25 193.25   10.056 0.000   4.733 0.000
195.25 196.25   91.136 0.000  14.751 0.000
198.25 199.25    4.764 0.000   3.308 0.000
201.25 202.25    3.106 0.000   2.104 0.000
204.25 205.25   12.830 0.000   4.541 0.000
207.25 208.25   10.926 0.000   3.899 0.000
210.25 211.25   10.522 0.000   3.955 0.000
213.25 214.25   11.497 0.000   5.343 0.000
216.25 217.25   12.417 0.000   5.391 0.000
219.25 220.25    9.144 0.000   3.440 0.000
222.25 223.25   19.280 0.000  10.230 0.000
225.25 226.25   18.091 0.000   6.396 0.000
228.25 229.25   14.720 0.000   6.473 0.000
231.25 232.25   18.545 0.000  11.643 0.000
234.25 235.25   10.866 0.000   3.901 0.000
237.25 238.25   11.427 0.000   5.861 0.000
240.25 241.25    7.496 0.000   3.866 0.000
243.25 244.25   14.289 0.000   7.084 0.000
246.25 247.25   10.354 0.000   4.916 0.000
249.25 250.25    9.250 0.000   5.678 0.000
252.25 253.25    5.160 0.000   3.142 0.000
255.25 256.25    9.012 0.000   4.460 0.000
258.25 259.25    8.295 0.000   3.828 0.000
261.25 262.25    1.684 0.000   0.869 0.000
264.25 265.25    3.208 0.000   2.075 0.000
267.25 268.25    9.792 0.000   2.886 0.000
270.25 271.25    8.738 0.000   2.352 0.000
273.25 274.25    6.668 0.000   2.015 0.000
276.25 277.25   12.116 0.000   2.674 0.000
279.25 280.25    7.688 0.000   1.584 0.000
282.25 283.25   26.134 0.000   6.770 0.000
285.25 286.25   15.607 0.000   4.959 0.000
288.25 289.25 9999.999 0.999 999.999 0.999
291.25 292.25 9999.999 0.999 999.999 0.999
294.25 295.25 9999.999 0.999 999.999 0.999
297.25 298.25    9.274 0.000   4.250 0.000
300.25 301.25    9.162 0.000   2.833 0.000
303.25 304.25 9999.999 0.999 999.999 0.999
306.25 307.25 9999.999 0.999 999.999 0.999
309.25 310.25    4.681 0.000 999.999 0.456
312.25 313.25    3.650 0.000   1.415 0.000
315.25 316.25    4.957 0.000   1.821 0.000
318.25 319.25    7.837 0.000   3.174 0.000
321.25 322.25    8.561 0.000   3.134 0.000
324.25 325.25   17.481 0.000   4.311 0.000
327.25 328.25 9999.999 0.999 999.999 0.999
330.25 331.25 9999.999 0.999 999.999 0.999
333.25 334.25 9999.999 0.999 999.999 0.999
336.25 337.25 9999.999 0.999 999.999 0.999
339.25 340.25 9999.999 0.999 999.999 0.999
342.25 343.25 9999.999 0.999 999.999 0.999
345.25 346.25 9999.999 0.999 999.999 0.999
348.25 349.25 9999.999 0.999 999.999 0.999
351.25 352.25    7.385 0.000   2.574 0.000
354.25 355.25    3.876 0.000   1.559 0.000
357.25 358.25    2.635 0.000   1.291 0.000
360.25 361.25   15.020 0.000   2.580 0.000
363.25 364.25   11.930 0.000   2.086 0.000
