scripts/IMPROVE-2019_partial/data/US0015R.20070103070000.20191216000000.filterpack...1y.3d.US03L_filterpack_US0015.US03L_IMPROVE_Davis.lev2.nas
51 1001
MISSING INFORMATION
US03L, IMPROVE, , , , , , , 
MISSING INFORMATION
IMPROVE sel_HTAP
1 1
2007 01 01 2019 12 16
3.000000
days from file reference point
4
1 1 1 1
999.999999 999.999 999.999 9.999
end_time of measurement, days from the file reference point
pm10_mass, ug/m3, Matrix=pm10
pm25_mass, ug/m3, Matrix=pm25
numflag, no unit
0
33
Data definition:              EBAS_1.1
Set type code:                TU
Timezone:                     UTC
File name:                    US0015R.20070103070000.20191216000000.filterpack...1y.3d.US03L_filterpack_US0015.US03L_IMPROVE_Davis.lev2.nas
File creation:                20191218115625
Startdate:                    20070103070000
Revision date:                20191216000000
Version:                      2
Version description:          "Data extracted from http://views.cira.colostate.edu/fed/DataWizard 2019-12-16"
Statistics:                   arithmetic mean
Data level:                   2
Period code:                  1y
Resolution code:              3d
Sample duration:              1d
Orig. time res.:              3d
Station code:                 US0015R
Platform code:                US0015S
Station name:                 Ike's Backbone
Station latitude:             34.3405
Station longitude:            -111.6832
Station altitude:             1297.0 m
Regime:                       IMG
Component:                    
Unit:                         ug/m3
Matrix:                       
Laboratory code:              US03L
Instrument type:              filterpack
Instrument name:              filterpack_US0015
Method ref:                   US03L_IMPROVE_Davis
Blank correction:             Blank corrected
Volume std. temperature:      ambient
Volume std. pressure:         ambient
starttime endtime PM10 PM2.5 flag
  2.291667   3.291667   3.389   2.120 0.000
  5.291667   6.291667   1.907   0.985 0.000
  8.291667   9.291667   4.581   1.428 0.000
 11.291667  12.291667  10.992   3.443 0.000
 14.291667  15.291667   4.124   2.337 0.000
 17.291667  18.291667   6.152   3.393 0.000
 20.291667  21.291667   3.886   2.410 0.000
 23.291667  24.291667   1.750   1.165 0.000
 26.291667  27.291667   5.145   2.063 0.000
 29.291667  30.291667   4.136   2.150 0.000
 32.291667  33.291667   3.021   1.862 0.000
 35.291667  36.291667   2.100   1.264 0.000
 38.291667  39.291667   6.875   2.891 0.000
 41.291667  42.291667   3.958   2.083 0.000
 44.291667  45.291667   4.979   2.817 0.000
 47.291667  48.291667   2.004   1.134 0.000
 50.291667  51.291667   2.264   1.285 0.000
 53.291667  54.291667 999.999 999.999 0.999
 56.291667  57.291667 999.999 999.999 0.999
 59.291667  60.291667   3.210   1.207 0.000
 62.291667  63.291667   2.386   1.232 0.000
 65.291667  66.291667   5.698   2.100 0.000
 68.291667  69.291667   9.384   3.822 0.000
 71.291667  72.291667  10.451   3.039 0.000
 74.291667  75.291667   7.984   2.672 0.000
 77.291667  78.291667   8.067   2.419 0.000
 80.291667  81.291667   4.661   1.302 0.000
 83.291667  84.291667   2.341   1.668 0.000
 86.291667  87.291667  20.108   5.205 0.000
 89.291667  90.291667   4.173   2.007 0.000
 92.291667  93.291667   7.952   3.296 0.000
 95.291667  96.291667   8.004   3.249 0.000
 98.291667  99.291667  26.337   8.494 0.000
101.291667 102.291667  45.899  11.473 0.000
104.291667 105.291667  14.483   4.550 0.000
107.291667 108.291667  23.355   7.602 0.000
110.291667 111.291667  11.937   5.627 0.000
113.291667 114.291667   2.923   1.567 0.000
116.291667 117.291667   7.034   3.991 0.000
119.291667 120.291667  10.358   5.144 0.000
122.291667 123.291667  20.772   7.633 0.000
125.291667 126.291667   3.865   1.644 0.000
128.291667 129.291667   8.170   4.031 0.000
131.291667 132.291667  11.240   4.869 0.000
134.291667 135.291667   8.907   4.902 0.000
137.291667 138.291667  12.749   9.424 0.000
140.291667 141.291667  19.266   9.679 0.000
143.291667 144.291667   9.002   4.322 0.000
146.291667 147.291667   7.974   3.413 0.000
149.291667 150.291667   9.923   4.022 0.000
152.291667 153.291667  15.730   5.903 0.000
155.291667 156.291667  19.625   6.449 0.000
158.291667 159.291667  31.940   9.034 0.000
161.291667 162.291667   7.540   3.427 0.000
164.291667 165.291667  14.904   5.756 0.000
167.291667 168.291667   9.277   3.348 0.000
170.291667 171.291667  10.136   4.916 0.000
173.291667 174.291667   8.886   3.995 0.000
176.291667 177.291667  10.283   4.528 0.000
179.291667 180.291667   8.009   3.272 0.000
182.291667 183.291667  10.579   4.696 0.000
185.291667 186.291667  23.610   8.325 0.000
188.291667 189.291667  25.614   9.354 0.000
191.291667 192.291667  16.279   7.401 0.000
194.291667 195.291667  15.282   5.692 0.000
197.291667 198.291667  14.954   5.727 0.000
200.291667 201.291667  99.792  25.800 0.000
203.291667 204.291667   5.043   3.189 0.000
206.291667 207.291667   5.263   3.254 0.000
209.291667 210.291667   5.883   3.404 0.000
212.291667 213.291667   4.939   2.717 0.000
215.291667 216.291667   6.316   3.586 0.000
218.291667 219.291667  10.471   4.276 0.000
221.291667 222.291667  11.096   4.742 0.000
224.291667 225.291667   8.300   4.428 0.000
227.291667 228.291667   7.142   4.189 0.000
230.291667 231.291667  12.224   6.102 0.000
233.291667 234.291667  16.458   7.875 0.000
236.291667 237.291667  37.709   7.114 0.000
239.291667 240.291667   6.313   4.265 0.000
242.291667 243.291667   5.302   3.154 0.000
245.291667 246.291667   5.873   3.934 0.000
248.291667 249.291667  36.059   9.421 0.000
251.291667 252.291667   9.279   4.797 0.000
254.291667 255.291667   6.578   3.362 0.000
257.291667 258.291667  15.402   5.762 0.000
260.291667 261.291667   9.924   2.952 0.000
263.291667 264.291667   9.118   3.461 0.000
266.291667 267.291667   8.949   2.698 0.000
269.291667 270.291667   4.937   2.658 0.000
272.291667 273.291667   9.523   4.415 0.000
275.291667 276.291667   9.921   5.083 0.000
278.291667 279.291667  23.504   5.437 0.000
281.291667 282.291667  10.649   3.823 0.000
284.291667 285.291667  10.928   3.296 0.000
287.291667 288.291667   6.827   2.864 0.000
290.291667 291.291667  13.437   4.658 0.000
293.291667 294.291667   9.778   1.894 0.000
296.291667 297.291667   6.527   3.200 0.000
299.291667 300.291667  10.100   3.465 0.000
302.291667 303.291667  11.644   3.987 0.000
305.291667 306.291667  10.894   5.411 0.000
308.291667 309.291667  15.565   9.181 0.000
311.291667 312.291667  16.204   7.159 0.000
314.291667 315.291667  13.112   6.155 0.000
317.291667 318.291667   7.333   4.054 0.000
320.291667 321.291667  17.859   5.979 0.000
323.291667 324.291667  10.487   4.149 0.000
326.291667 327.291667  10.050   3.862 0.000
329.291667 330.291667   7.103   3.177 0.000
332.291667 333.291667  12.104   7.018 0.000
335.291667 336.291667  11.737   3.450 0.000
338.291667 339.291667   3.710   2.530 0.000
341.291667 342.291667   4.906   2.298 0.000
344.291667 345.291667   1.527   1.218 0.000
347.291667 348.291667   3.024   2.499 0.000
350.291667 351.291667   3.470   1.982 0.000
353.291667 354.291667   6.021   2.926 0.000
356.291667 357.291667   1.937   1.184 0.000
359.291667 360.291667   2.664   0.911 0.000
362.291667 363.291667   4.611   1.629 0.000
