scripts/IMPROVE-2019_partial/data/US0031R.19880323100000.20191216000000.filterpack...9mo.3d.US03L_filterpack_US0031.US03L_IMPROVE_Davis.lev2.nas
51 1001
MISSING INFORMATION
US03L, IMPROVE, , , , , , , 
MISSING INFORMATION
IMPROVE sel_HTAP
1 1
1988 01 01 2019 12 16
0
days from file reference point
4
1 1 1 1
999.999999 999.999 999.999 9.999
end_time of measurement, days from the file reference point
pm10_mass, ug/m3, Matrix=pm10
pm25_mass, ug/m3, Matrix=pm25
numflag, no unit
0
33
Data definition:              EBAS_1.1
Set type code:                TI
Timezone:                     UTC
File name:                    US0031R.19880323100000.20191216000000.filterpack...9mo.3d.US03L_filterpack_US0031.US03L_IMPROVE_Davis.lev2.nas
File creation:                20191218115728
Startdate:                    19880323100000
Revision date:                20191216000000
Version:                      2
Version description:          "Data extracted from http://views.cira.colostate.edu/fed/DataWizard 2019-12-16"
Statistics:                   arithmetic mean
Data level:                   2
Period code:                  9mo
Resolution code:              3d
Sample duration:              1d
Orig. time res.:              3d
Station code:                 US0031R
Platform code:                US0031S
Station name:                 Hawaii Volcanoes NP
Station latitude:             19.4309
Station longitude:            -155.2579
Station altitude:             1258.0 m
Regime:                       IMG
Component:                    
Unit:                         ug/m3
Matrix:                       
Laboratory code:              US03L
Instrument type:              filterpack
Instrument name:              filterpack_US0031
Method ref:                   US03L_IMPROVE_Davis
Blank correction:             Blank corrected
Volume std. temperature:      ambient
Volume std. pressure:         ambient
starttime endtime PM10 PM2.5 flag
 82.416667  83.416667   7.220   2.171 0.000
 85.416667  86.416667  29.031  16.513 0.000
 89.416667  90.416667   7.032   4.638 0.000
 92.416667  93.416667   9.273   3.487 0.000
 96.416667  97.416667   6.072   1.561 0.000
 99.416667 100.416667   3.772   2.326 0.000
103.416667 104.416667   9.220   6.599 0.000
106.416667 107.416667   8.444   2.558 0.000
110.416667 111.416667   5.146   2.288 0.000
113.416667 114.416667   6.384   3.758 0.000
117.416667 118.416667   2.454   0.861 0.000
120.416667 121.416667   2.413   0.397 0.000
124.416667 125.416667   5.833   0.749 0.000
127.416667 128.416667  16.667  16.601 0.000
131.416667 132.416667 999.999 999.999 0.999
134.416667 135.416667   4.134 999.999 0.000
138.416667 139.416667  15.526 999.999 0.000
141.416667 142.416667 999.999 999.999 0.999
145.416667 146.416667   6.364   2.945 0.000
148.416667 149.416667   2.403   0.932 0.000
152.416667 153.416667   2.288   1.238 0.000
155.416667 156.416667   1.822   0.419 0.000
159.416667 160.416667   3.776   1.839 0.000
162.416667 163.416667   3.651   1.419 0.000
166.416667 167.416667   8.471   2.727 0.000
169.416667 170.416667   3.468   1.429 0.000
173.416667 174.416667 999.999 999.999 0.999
176.416667 177.416667 999.999 999.999 0.999
180.416667 181.416667 999.999 999.999 0.999
183.416667 184.416667 999.999 999.999 0.999
187.416667 188.416667 999.999 999.999 0.999
190.416667 191.416667 999.999 999.999 0.999
194.416667 195.416667 999.999 999.999 0.999
197.416667 198.416667 999.999 999.999 0.999
201.416667 202.416667   4.479   1.853 0.000
204.416667 205.416667   8.583   2.524 0.000
208.416667 209.416667   6.285   2.875 0.000
211.416667 212.416667   9.587   4.058 0.000
215.416667 216.416667  13.798   3.182 0.000
218.416667 219.416667  18.118   1.623 0.000
222.416667 223.416667   3.636   2.724 0.000
225.416667 226.416667   4.532   1.561 0.000
229.416667 230.416667 999.999   1.358 0.000
232.416667 233.416667 999.999 999.999 0.999
236.416667 237.416667   2.980   1.463 0.000
239.416667 240.416667   4.776   1.429 0.000
243.416667 244.416667  18.110   1.367 0.000
246.416667 247.416667 999.999  16.088 0.000
250.416667 251.416667   5.081   1.561 0.000
253.416667 254.416667  20.664  14.321 0.000
257.416667 258.416667   8.642   6.655 0.000
260.416667 261.416667   5.226   1.858 0.000
264.416667 265.416667   4.982   1.906 0.000
267.416667 268.416667   1.969   0.831 0.000
271.416667 272.416667   1.911 999.999 0.000
274.416667 275.416667   4.299 999.999 0.000
278.416667 279.416667   2.160   0.764 0.000
281.416667 282.416667   6.115   1.395 0.000
285.416667 286.416667   4.803   1.405 0.000
288.416667 289.416667   8.281   4.354 0.000
292.416667 293.416667 999.999  11.586 0.000
295.416667 296.416667 999.999  11.827 0.000
299.416667 300.416667   4.053   1.389 0.000
302.416667 303.416667   3.333   1.235 0.000
306.416667 307.416667   2.235   0.370 0.000
309.416667 310.416667  16.976  15.123 0.000
313.416667 314.416667   3.262   0.815 0.000
316.416667 317.416667   3.482   0.878 0.000
320.416667 321.416667  13.677  10.485 0.000
323.416667 324.416667   6.150   4.452 0.000
327.416667 328.416667   2.162   0.464 0.000
330.416667 331.416667   4.880   2.724 0.000
334.416667 335.416667   2.338   0.712 0.000
337.416667 338.416667  14.152  10.764 0.000
341.416667 342.416667   9.020   5.580 0.000
344.416667 345.416667   4.025 999.999 0.000
348.416667 349.416667  15.775  12.442 0.000
351.416667 352.416667   6.000   3.948 0.000
355.416667 356.416667 999.999   1.034 0.000
358.416667 359.416667   2.237   0.562 0.000
362.416667 363.416667   3.136   1.090 0.000
365.416667 366.416667   5.775   1.724 0.000
