scripts/IMPROVE-2019_partial/data/US0074R.20140102060000.20191216000000.filterpack...52w.3d.US03L_filterpack_US0074.US03L_IMPROVE_Davis.lev2.nas
51 1001
MISSING INFORMATION
US03L, IMPROVE, , , , , , , 
MISSING INFORMATION
IMPROVE sel_HTAP
1 1
2014 01 01 2019 12 16
3.00
days from file reference point
4
1 1 1 1
999.99 999.999 999.999 9.999
end_time of measurement, days from the file reference point
pm10_mass, ug/m3, Matrix=pm10
pm25_mass, ug/m3, Matrix=pm25
numflag, no unit
0
33
Data definition:              EBAS_1.1
Set type code:                TU
Timezone:                     UTC
File name:                    US0074R.20140102060000.20191216000000.filterpack...52w.3d.US03L_filterpack_US0074.US03L_IMPROVE_Davis.lev2.nas
File creation:                20191218120032
Startdate:                    20140102060000
Revision date:                20191216000000
Version:                      2
Version description:          "Data extracted from http://views.cira.colostate.edu/fed/DataWizard 2019-12-16"
Statistics:                   arithmetic mean
Data level:                   2
Period code:                  52w
Resolution code:              3d
Sample duration:              1d
Orig. time res.:              3d
Station code:                 US0074R
Platform code:                US0074S
Station name:                 Guadalupe Mountains NP
Station latitude:             31.833
Station longitude:            -104.8094
Station altitude:             1672.0 m
Regime:                       IMG
Component:                    
Unit:                         ug/m3
Matrix:                       
Laboratory code:              US03L
Instrument type:              filterpack
Instrument name:              filterpack_US0074
Method ref:                   US03L_IMPROVE_Davis
Blank correction:             Blank corrected
Volume std. temperature:      ambient
Volume std. pressure:         ambient
starttime endtime PM10 PM2.5 flag
  1.25   2.25   7.379   1.261 0.000
  4.25   5.25   6.801   1.676 0.000
  7.25   8.25  11.719   3.724 0.000
 10.25  11.25   5.604   2.183 0.000
 13.25  14.25   8.589   2.017 0.000
 16.25  17.25  14.345   3.655 0.000
 19.25  20.25  19.331   3.863 0.000
 22.25  23.25  35.511   8.840 0.000
 25.25  26.25  15.868   4.131 0.000
 28.25  29.25  18.402   4.808 0.000
 31.25  32.25   9.679   3.472 0.000
 34.25  35.25 999.999 999.999 0.999
 37.25  38.25   7.516   4.871 0.000
 40.25  41.25   5.782   3.333 0.000
 43.25  44.25   6.545   2.225 0.000
 46.25  47.25   5.250   1.527 0.000
 49.25  50.25  12.736   3.841 0.000
 52.25  53.25  13.372   5.508 0.000
 55.25  56.25  45.982   8.909 0.000
 58.25  59.25  12.427   3.055 0.000
 61.25  62.25  10.829   4.683 0.000
 64.25  65.25  27.585   5.982 0.000
 67.25  68.25   5.368   1.506 0.000
 70.25  71.25  66.972  11.906 0.000
 73.25  74.25  30.138   4.548 0.000
 76.25  77.25  26.128   6.566 0.000
 79.25  80.25  53.500   9.492 0.000
 82.25  83.25  33.587   6.970 0.000
 85.25  86.25  47.786  11.145 0.000
 88.25  89.25  17.776   5.515 0.000
 91.25  92.25  43.942  11.281 0.000
 94.25  95.25  18.509   4.159 0.000
 97.25  98.25  22.703   4.152 0.000
100.25 101.25  12.775   3.563 0.000
103.25 104.25  38.637   5.314 0.000
106.25 107.25  25.518   6.000 0.000
109.25 110.25   6.472   2.840 0.000
112.25 113.25  20.041   7.368 0.000
115.25 116.25  84.983  20.566 0.000
118.25 119.25  15.357   6.283 0.000
121.25 122.25  44.159   9.252 0.000
124.25 125.25  26.627   6.145 0.000
127.25 128.25  30.460   7.980 0.000
130.25 131.25  33.742  11.040 0.000
133.25 134.25  29.447   4.507 0.000
136.25 137.25  73.111  13.750 0.000
139.25 140.25  17.535   4.784 0.000
142.25 143.25  19.598   7.274 0.000
145.25 146.25  13.665   4.624 0.000
148.25 149.25  16.867   4.375 0.000
151.25 152.25  14.272   4.564 0.000
154.25 155.25  17.259   5.219 0.000
157.25 158.25  28.226   8.408 0.000
160.25 161.25  34.679   6.103 0.000
163.25 164.25  27.834   7.969 0.000
166.25 167.25  19.577   4.842 0.000
169.25 170.25  18.326   5.385 0.000
172.25 173.25  12.863   4.888 0.000
175.25 176.25  17.488   6.653 0.000
178.25 179.25  19.704   5.105 0.000
181.25 182.25  31.068  10.354 0.000
184.25 185.25  25.973  11.617 0.000
187.25 188.25  13.015   5.495 0.000
190.25 191.25  24.661  12.088 0.000
193.25 194.25  18.167  10.143 0.000
196.25 197.25 999.999 999.999 0.999
199.25 200.25 999.999 999.999 0.999
202.25 203.25 999.999 999.999 0.999
205.25 206.25  17.435   9.869 0.000
208.25 209.25  24.238  14.465 0.000
211.25 212.25   7.351   2.875 0.000
214.25 215.25  11.715   5.688 0.000
217.25 218.25  10.142   5.581 0.000
220.25 221.25   7.674   4.530 0.000
223.25 224.25  10.610   5.425 0.000
226.25 227.25   6.690   2.845 0.000
229.25 230.25  10.521   4.415 0.000
232.25 233.25   9.004   2.791 0.000
235.25 236.25   8.040   3.966 0.000
238.25 239.25   9.245   5.869 0.000
241.25 242.25  12.667   5.287 0.000
244.25 245.25  12.119   3.761 0.000
247.25 248.25   9.029   3.824 0.000
250.25 251.25   8.546   7.356 0.000
253.25 254.25  13.611   8.234 0.000
256.25 257.25   1.458   0.967 0.000
259.25 260.25   7.553   5.319 0.000
262.25 263.25   2.990   2.282 0.000
265.25 266.25   9.658   7.282 0.000
268.25 269.25  11.698   6.648 0.000
271.25 272.25   7.681   4.962 0.000
274.25 275.25   7.937   2.256 0.000
277.25 278.25   7.728   1.912 0.000
280.25 281.25  12.706   3.526 0.000
283.25 284.25   2.279   0.992 0.000
286.25 287.25   6.658   1.366 0.000
289.25 290.25  23.106   6.384 0.000
292.25 293.25   8.416   4.883 0.000
295.25 296.25   5.250   2.966 0.000
298.25 299.25   7.391   3.381 0.000
301.25 302.25  21.556   4.701 0.000
304.25 305.25  12.332   4.167 0.000
307.25 308.25   1.494   0.641 0.000
310.25 311.25   4.301   1.689 0.000
313.25 314.25  13.746   3.067 0.000
316.25 317.25  16.648   3.821 0.000
319.25 320.25   9.292   2.478 0.000
322.25 323.25 999.999 999.999 0.999
325.25 326.25 999.999 999.999 0.999
328.25 329.25 999.999 999.999 0.999
331.25 332.25 999.999 999.999 0.999
334.25 335.25 999.999 999.999 0.999
337.25 338.25 999.999 999.999 0.999
340.25 341.25 999.999 999.999 0.999
343.25 344.25 999.999 999.999 0.999
346.25 347.25 999.999 999.999 0.999
349.25 350.25 999.999 999.999 0.999
352.25 353.25   1.727   0.861 0.000
355.25 356.25   7.467   2.078 0.000
358.25 359.25   8.493   1.779 0.000
361.25 362.25   2.500   1.023 0.000
364.25 365.25 999.999 999.999 0.999
