scripts/IMPROVE-2019_partial/data/US0060R.20000603050000.20191216000000.filterpack..pm25.30w.1w.US03L_filterpack_US0060.US03L_IMPROVE_Davis.lev2.nas
66 1001
MISSING INFORMATION
US03L, IMPROVE, , , , , , , 
MISSING INFORMATION
IMPROVE sel_HTAP
1 1
2000 01 01 2019 12 16
0
days from file reference point
27
1 1 1 1 1 1 1 1 1 1 1 1 1 1 1 1 1 1 1 1 1 1 1 1 1 1 1
999.999999 999.99 9.999 99.99 9.999 9.999 9.999999 999.99 9.999999 9.999 9.999 99.999 9.999 99.999 9.999 999.99 9.999999 999.999 9.999 99.999 9.999 999.999 9.999 9.999 9.999 99.999 9.999
end_time of measurement, days from the file reference point
iron, ng/m3, Revision date=20181210133000
numflag iron, no unit, Revision date=20181210133000
lead, ng/m3, Revision date=20181210133000
numflag lead, no unit, Revision date=20181210133000
magnesium, ug/m3, Revision date=20181210133000
numflag magnesium, no unit, Revision date=20181210133000
nickel, ng/m3, Revision date=20181210133000
numflag nickel, no unit, Revision date=20181210133000
nitrate, ug N/m3, Revision date=20181210133000
numflag nitrate, no unit, Revision date=20181210133000
organic_carbon, ug C/m3, Revision date=20181210133000
numflag organic_carbon, no unit, Revision date=20181210133000
organic_mass, ug/m3, Revision date=20181210133000
numflag organic_mass, no unit, Revision date=20181210133000
phosphorus, ng/m3, Revision date=20181210133000
numflag phosphorus, no unit, Revision date=20181210133000
pm10_mass, ug/m3, Version=2, Version description=Data extracted from http://views.cira.colostate.edu/fed/DataWizard 2019-12-16, Sample duration=1d, Orig. time res.=3d, Matrix=pm10, Blank correction=Blank corrected, Volume std. temperature=ambient, Volume std. pressure=ambient
numflag pm10_mass, no unit, Version=2, Version description=Data extracted from http://views.cira.colostate.edu/fed/DataWizard 2019-12-16, Sample duration=1d, Orig. time res.=3d, Matrix=pm10, Blank correction=Blank corrected, Volume std. temperature=ambient, Volume std. pressure=ambient
pm10_pm25_mass, ug/m3, Revision date=20181210133000, Matrix=pm10_pm25
numflag pm10_pm25_mass, no unit, Revision date=20181210133000, Matrix=pm10_pm25
pm25_mass, ug/m3, Version=2, Version description=Data extracted from http://views.cira.colostate.edu/fed/DataWizard 2019-12-16, Sample duration=1d, Orig. time res.=3d, Blank correction=Blank corrected, Volume std. temperature=ambient, Volume std. pressure=ambient
numflag pm25_mass, no unit, Version=2, Version description=Data extracted from http://views.cira.colostate.edu/fed/DataWizard 2019-12-16, Sample duration=1d, Orig. time res.=3d, Blank correction=Blank corrected, Volume std. temperature=ambient, Volume std. pressure=ambient
potassium, ug/m3, Revision date=20181210133000
numflag potassium, no unit, Revision date=20181210133000
sulphate_total, ug S/m3, Revision date=20181210133000
numflag sulphate_total, no unit, Revision date=20181210133000
0
25
Data definition:              EBAS_1.1
Set type code:                TI
Timezone:                     UTC
File name:                    US0060R.20000603050000.20191216000000.filterpack..pm25.30w.1w.US03L_filterpack_US0060.US03L_IMPROVE_Davis.lev2.nas
File creation:                20191218115912
Startdate:                    20000603050000
Revision date:                20191216000000
Statistics:                   arithmetic mean
Data level:                   2
Period code:                  30w
Resolution code:              1w
Station code:                 US0060R
Platform code:                US0060S
Station name:                 Great Gulf Wilderness
Station latitude:             44.3082
Station longitude:            -71.2177
Station altitude:             453.0 m
Regime:                       IMG
Component:                    
Matrix:                       pm25
Laboratory code:              US03L
Instrument type:              filterpack
Instrument name:              filterpack_US0060
Method ref:                   US03L_IMPROVE_Davis
starttime endtime Fe flag_Fe Pb flag_Pb Mg++ flag_Mg++ Ni flag_Ni NO3- flag_NO3- OC flag_OC OM flag_OM P flag_P PM10 flag_PM10 PM10-PM2.5 flag_PM10-PM2.5 PM2.5 flag_PM2.5 K+ flag_K+ SO4-- flag_SO4--
154.208333 155.208333  11.03 0.000 99.99 0.259 9.999 0.259000 999.99 0.259000 9.999 0.456  0.927 0.000  1.298 0.000 999.99 0.259000   7.028 0.000  3.717 0.000   3.311 0.000 0.017 0.000 99.999 0.456
158.208333 159.208333  20.17 0.000  1.23 0.000 9.999 0.259000   1.45 0.000000 0.030 0.559  1.117 0.000  1.564 0.000 999.99 0.259000   8.019 0.000  2.398 0.000   5.622 0.000 0.025 0.000  0.665 0.559
161.208333 162.208333  22.04 0.000  2.06 0.000 9.999 0.259000   7.76 0.000000 0.047 0.559  1.208 0.000  1.692 0.000 999.99 0.259000  11.698 0.000  4.907 0.000   6.791 0.000 0.038 0.000  0.890 0.559
165.208333 166.208333 999.99 0.456 99.99 0.456 9.999 0.456000 999.99 0.456000 0.017 0.559  0.718 0.000  1.006 0.000 999.99 0.456000   5.712 0.000 99.999 0.999 999.999 0.456 9.999 0.456  0.549 0.559
168.208333 169.208333  39.38 0.000 99.99 0.259 9.999 0.259000 999.99 0.259000 0.035 0.559  1.362 0.000  1.907 0.000 999.99 0.259000  14.916 0.000  3.643 0.000  11.273 0.000 0.029 0.000  1.926 0.559
172.208333 173.208333  98.10 0.000  0.83 0.000 9.999 0.259000 999.99 0.259000 0.032 0.000  1.795 0.000  2.513 0.000 999.99 0.259000  14.338 0.000  5.821 0.000   8.517 0.000 0.017 0.000  0.946 0.000
175.208333 176.208333   9.24 0.000 99.99 0.259 9.999 0.259000 999.99 0.259000 0.024 0.559  1.308 0.000  1.831 0.000 999.99 0.259000   7.230 0.000  4.233 0.000   2.997 0.000 0.016 0.000  0.129 0.559
179.208333 180.208333   9.56 0.000 99.99 0.259 9.999 0.259000 999.99 0.259000 0.011 0.000  1.106 0.000  1.548 0.000 999.99 0.259000  11.209 0.000  7.914 0.000   3.294 0.000 0.018 0.000  0.201 0.000
182.208333 183.208333  19.50 0.000 99.99 0.259 9.999 0.259000 999.99 0.259000 0.011 0.000  1.228 0.000  1.719 0.000 999.99 0.259000   9.990 0.000  5.212 0.000   4.778 0.000 0.032 0.000  0.390 0.000
186.208333 187.208333   9.07 0.000 99.99 0.259 9.999 0.259000 999.99 0.259000 0.082 0.000  0.902 0.000  1.263 0.000 999.99 0.259000 999.999 0.456 99.999 0.999   3.442 0.000 0.027 0.000  0.263 0.000
189.208333 190.208333   7.61 0.000 99.99 0.259 9.999 0.259000   0.22 0.000000 0.055 0.000  0.791 0.000  1.107 0.000 999.99 0.259000 999.999 0.456 99.999 0.999   2.808 0.000 0.018 0.000  0.141 0.000
193.208333 194.208333  10.83 0.000  0.32 0.000 9.999 0.259000 999.99 0.259000 0.013 0.000  1.344 0.000  1.882 0.000 999.99 0.259000   5.515 0.000  1.246 0.000   4.269 0.000 0.017 0.000  0.116 0.000
196.208333 197.208333  14.40 0.000 99.99 0.259 9.999 0.259000 999.99 0.259000 0.052 0.000  1.907 0.000  2.670 0.000 999.99 0.259000  11.724 0.000  2.645 0.000   9.079 0.000 0.021 0.000  0.872 0.000
200.208333 201.208333 999.99 0.999 99.99 0.999 9.999 0.999000 999.99 0.999000 9.999 0.999 99.999 0.999 99.999 0.999 999.99 0.999000 999.999 0.999 99.999 0.999 999.999 0.999 9.999 0.999 99.999 0.999
203.208333 204.208333 999.99 0.999 99.99 0.999 9.999 0.999000 999.99 0.999000 9.999 0.999 99.999 0.999 99.999 0.999 999.99 0.999000 999.999 0.999 99.999 0.999 999.999 0.999 9.999 0.999 99.999 0.999
207.208333 208.208333   7.36 0.000  0.40 0.000 9.999 0.259000 999.99 0.259000 0.016 0.559  0.973 0.000  1.362 0.000 999.99 0.259000   6.740 0.000  2.121 0.000   4.619 0.000 0.009 0.000  0.374 0.559
210.208333 211.208333   3.90 0.000 99.99 0.259 9.999 0.259000 999.99 0.259000 0.008 0.000  0.996 0.000  1.395 0.000 999.99 0.259000   9.845 0.000  6.895 0.000   2.950 0.000 0.020 0.000  0.134 0.000
214.208333 215.208333  10.17 0.000 99.99 0.259 9.999 0.259000 999.99 0.259000 0.021 0.559  0.754 0.000  1.055 0.000 999.99 0.259000  12.173 0.000  1.636 0.000  10.537 0.000 0.018 0.000  1.648 0.559
217.208333 218.208333   5.26 0.000 99.99 0.259 0.004 0.000000 999.99 0.259000 0.014 0.000  0.709 0.000  0.993 0.000  11.44 0.000000   5.515 0.000  2.828 0.000   2.687 0.000 0.019 0.000  0.153 0.000
221.208333 222.208333  15.69 0.000 99.99 0.259 9.999 0.259000 999.99 0.259000 0.025 0.559  1.641 0.000  2.298 0.000 999.99 0.259000  13.889 0.000  5.635 0.000   8.254 0.000 0.031 0.000  0.979 0.559
224.208333 225.208333   4.50 0.000 99.99 0.259 9.999 0.259000   0.81 0.000000 0.019 0.559  1.732 0.000  2.424 0.000 999.99 0.259000  10.090 0.000  4.576 0.000   5.514 0.000 0.032 0.000  0.317 0.559
228.208333 229.208333   6.45 0.000  0.70 0.000 0.008 0.000000 999.99 0.259000 0.018 0.559  0.900 0.000  1.261 0.000 999.99 0.259000   9.122 0.000  2.929 0.000   6.193 0.000 0.016 0.000  0.684 0.559
231.208333 232.208333   7.21 0.000 99.99 0.259 9.999 0.259000 999.99 0.259000 0.019 0.559  0.703 0.000  0.984 0.000 999.99 0.259000   6.739 0.000  2.645 0.000   4.094 0.000 0.023 0.000  0.242 0.559
235.208333 236.208333  15.98 0.000  1.45 0.000 9.999 0.259000   0.30 0.000000 9.999 0.456  0.822 0.000  1.151 0.000 999.99 0.259000  13.889 0.000  1.668 0.000  12.221 0.000 0.010 0.000 99.999 0.456
238.208333 239.208333  12.56 0.000  0.94 0.000 9.999 0.259000 999.99 0.259000 9.999 0.456  1.694 0.000  2.372 0.000 999.99 0.259000  12.985 0.000  4.843 0.000   8.142 0.000 0.022 0.000 99.999 0.456
243.208333 244.208333 999.99 0.999 99.99 0.999 9.999 0.999000 999.99 0.999000 9.999 0.999 99.999 0.999 99.999 0.999 999.99 0.999000 999.999 0.999 99.999 0.999 999.999 0.999 9.999 0.999 99.999 0.999
246.208333 247.208333 999.99 0.999 99.99 0.999 9.999 0.999000 999.99 0.999000 9.999 0.999 99.999 0.999 99.999 0.999 999.99 0.999000 999.999 0.999 99.999 0.999 999.999 0.999 9.999 0.999 99.999 0.999
249.208333 250.208333   9.21 0.000 99.99 0.259 9.999 0.259000   0.09 0.000000 0.020 0.559  0.343 0.000  0.480 0.000 999.99 0.259000   3.881 0.000  2.114 0.000   1.767 0.000 0.018 0.000  0.131 0.559
252.208333 253.208333  20.58 0.000  1.71 0.000 9.999 0.259000 999.99 0.259000 0.038 0.559  0.910 0.000  1.274 0.000 999.99 0.259000  11.969 0.000  3.076 0.000   8.893 0.000 0.031 0.000  1.395 0.559
255.208333 256.208333 999.99 0.999 99.99 0.999 9.999 0.999000 999.99 0.999000 9.999 0.999 99.999 0.999 99.999 0.999 999.99 0.999000 999.999 0.999 99.999 0.999 999.999 0.999 9.999 0.999 99.999 0.999
258.208333 259.208333 999.99 0.999 99.99 0.999 9.999 0.999000 999.99 0.999000 9.999 0.999 99.999 0.999 99.999 0.999 999.99 0.999000 999.999 0.999 99.999 0.999 999.999 0.999 9.999 0.999 99.999 0.999
261.208333 262.208333 999.99 0.999 99.99 0.999 9.999 0.999000 999.99 0.999000 9.999 0.999 99.999 0.999 99.999 0.999 999.99 0.999000 999.999 0.999 99.999 0.999 999.999 0.999 9.999 0.999 99.999 0.999
264.208333 265.208333 999.99 0.999 99.99 0.999 9.999 0.999000 999.99 0.999000 9.999 0.999 99.999 0.999 99.999 0.999 999.99 0.999000 999.999 0.999 99.999 0.999 999.999 0.999 9.999 0.999 99.999 0.999
267.208333 268.208333   4.68 0.000  1.33 0.000 9.999 0.259000 999.99 0.259000 0.022 0.000  0.575 0.000  0.805 0.000 999.99 0.259000   5.260 0.000  1.582 0.000   3.678 0.000 0.015 0.000  0.542 0.000
270.208333 271.208333   9.62 0.000  0.79 0.000 0.019 0.000000 999.99 0.259000 0.022 0.559  0.738 0.000  1.033 0.000 999.99 0.259000   5.787 0.000  1.626 0.000   4.161 0.000 0.042 0.000  0.392 0.559
273.208333 274.208333  12.00 0.000  0.60 0.000 9.999 0.259000 999.99 0.259000 0.016 0.559  0.506 0.000  0.708 0.000 999.99 0.259000   3.844 0.000  1.003 0.000   2.841 0.000 0.035 0.000  0.286 0.559
276.208333 277.208333  19.75 0.000  1.64 0.000 9.999 0.259000 999.99 0.259000 0.089 0.000  0.971 0.000  1.359 0.000 999.99 0.259000  13.482 0.000  3.690 0.000   9.792 0.000 0.035 0.000  1.607 0.000
279.208333 280.208333   1.09 0.000  0.58 0.000 0.018 0.000000 999.99 0.259000 0.016 0.559  0.344 0.000  0.482 0.000 999.99 0.259000   1.612 0.000  0.488 0.000   1.124 0.000 0.019 0.000  0.078 0.559
282.208333 283.208333   4.21 0.000 99.99 0.259 9.999 0.259000 999.99 0.259000 0.015 0.000  0.286 0.000  0.401 0.000 999.99 0.259000   2.869 0.000  0.844 0.000   2.026 0.000 0.031 0.000  0.284 0.000
285.208333 286.208333  18.97 0.000  0.86 0.000 9.999 0.259000 999.99 0.259000 0.023 0.000  1.017 0.000  1.424 0.000 999.99 0.259000   5.178 0.000  1.763 0.000   3.415 0.000 0.054 0.000  0.307 0.000
288.208333 289.208333  15.23 0.559  1.00 0.559 9.999 0.559259 999.99 0.559259 0.033 0.000  1.246 0.000  1.744 0.000 999.99 0.559259   8.177 0.000  2.147 0.000   6.030 0.559 0.049 0.559  0.827 0.000
291.208333 292.208333   1.56 0.000  2.06 0.000 0.017 0.000000 999.99 0.259000 0.015 0.000  0.428 0.000  0.599 0.000  13.15 0.000000   2.067 0.000  0.530 0.000   1.537 0.000 0.016 0.000  0.195 0.000
294.208333 295.208333  29.89 0.000  2.08 0.000 9.999 0.259000 999.99 0.259000 0.056 0.000  1.547 0.000  2.166 0.000 999.99 0.259000  15.081 0.000  5.341 0.000   9.740 0.000 0.054 0.000  1.445 0.000
297.208333 298.208333  13.32 0.000  1.64 0.000 9.999 0.259000 999.99 0.259000 0.030 0.000  0.935 0.000  1.309 0.000 999.99 0.259000   9.135 0.000  1.315 0.000   7.820 0.000 0.042 0.000  1.244 0.000
300.208333 301.208333  22.12 0.000  2.04 0.000 9.999 0.259000   1.11 0.000000 0.028 0.000  1.754 0.000  2.455 0.000 999.99 0.259000  14.341 0.000  2.600 0.000  11.741 0.000 0.052 0.000  2.055 0.000
303.208333 304.208333   1.42 0.000 99.99 0.259 9.999 0.259000   0.66 0.000000 0.006 0.559  0.057 0.000  0.079 0.000 999.99 0.259000   1.331 0.000  0.376 0.000   0.955 0.000 9.999 0.259  0.159 0.559
306.208333 307.208333   7.44 0.000  0.46 0.000 9.999 0.259000 999.99 0.259000 0.016 0.000  0.568 0.000  0.795 0.000 999.99 0.259000   2.191 0.000  0.654 0.000   1.537 0.000 0.019 0.000  0.102 0.000
309.208333 310.208333   5.20 0.000  1.32 0.000 0.016 0.000000   0.59 0.000000 0.040 0.000  0.736 0.000  1.031 0.000 999.99 0.259000   3.348 0.000  0.559 0.000   2.790 0.000 0.024 0.000  0.279 0.000
312.208333 313.208333   2.06 0.000 99.99 0.259 9.999 0.259000   0.55 0.000000 0.010 0.559  0.414 0.000  0.580 0.000 999.99 0.259000   2.356 0.000  0.944 0.000   1.412 0.000 0.034 0.000  0.160 0.559
315.208333 316.208333   1.36 0.000  0.32 0.000 9.999 0.259000   0.84 0.000000 0.006 0.559  0.213 0.000  0.298 0.000   4.48 0.000000   1.571 0.000  0.448 0.000   1.123 0.000 0.017 0.000  0.135 0.559
318.208333 319.208333   3.06 0.000  0.89 0.000 0.041 0.000000 999.99 0.259000 0.012 0.559  0.339 0.000  0.475 0.000 999.99 0.259000   2.506 0.000  0.352 0.000   2.155 0.000 0.009 0.000  0.322 0.559
321.208333 322.208333   9.76 0.000  1.19 0.000 9.999 0.259000 999.99 0.259000 0.089 0.000  0.547 0.000  0.766 0.000 999.99 0.259000   5.739 0.000  1.020 0.000   4.719 0.000 0.018 0.000  0.731 0.000
324.208333 325.208333   8.39 0.000  1.25 0.000 9.999 0.259000   1.50 0.000000 0.054 0.000  0.769 0.000  1.076 0.000 999.99 0.259000   6.487 0.000  1.033 0.000   5.454 0.000 0.028 0.000  0.839 0.000
327.208333 328.208333   6.98 0.000  0.93 0.000 9.999 0.259000 999.99 0.259000 0.048 0.000  0.280 0.000  0.392 0.000 999.99 0.259000   2.719 0.000  0.385 0.000   2.334 0.000 0.022 0.000  0.326 0.000
330.208333 331.208333   6.97 0.000  0.71 0.000 9.999 0.259000 999.99 0.259000 0.025 0.000  0.370 0.000  0.519 0.000 999.99 0.259000   3.202 0.000  1.197 0.000   2.005 0.000 0.022 0.000  0.226 0.000
333.208333 334.208333   5.33 0.000  0.84 0.000 9.999 0.259000 999.99 0.259000 0.293 0.000  0.301 0.000  0.421 0.000 999.99 0.259000   3.535 0.000  0.757 0.000   2.778 0.000 0.017 0.000  0.615 0.000
336.208333 337.208333   6.16 0.559  1.18 0.559 0.043 0.559000   0.23 0.559000 0.044 0.000  0.223 0.000  0.313 0.000 999.99 0.559259   2.552 0.000  0.987 0.000   1.565 0.559 0.011 0.559  0.216 0.000
339.208333 340.208333  17.96 0.000  3.06 0.000 9.999 0.259000   4.95 0.000000 0.055 0.000  0.628 0.000  0.880 0.000 999.99 0.259000   7.178 0.000  3.320 0.000   3.858 0.000 0.109 0.000  0.541 0.000
342.208333 343.208333   9.09 0.000  1.42 0.000 9.999 0.259000   0.83 0.000000 0.069 0.559  0.333 0.000  0.466 0.000 999.99 0.259000   6.436 0.000  4.465 0.000   1.972 0.000 0.034 0.000  0.197 0.559
345.208333 346.208333  28.00 0.000  3.71 0.000 9.999 0.259000  15.36 0.000000 0.075 0.000  1.547 0.000  2.166 0.000 999.99 0.259000  12.184 0.000  2.479 0.000   9.705 0.000 0.118 0.000  1.523 0.000
348.208333 349.208333   6.38 0.000  1.41 0.000 9.999 0.259000   1.03 0.000000 0.040 0.000  0.544 0.000  0.762 0.000 999.99 0.259000   3.263 0.000  0.871 0.000   2.393 0.000 0.029 0.000  0.253 0.000
351.208333 352.208333   0.91 0.000  0.17 0.000 9.999 0.259000   0.12 0.000000 0.012 0.000  0.210 0.000  0.294 0.000 999.99 0.259000   1.033 0.000  0.324 0.000   0.709 0.000 0.011 0.000  0.071 0.000
354.208333 355.208333  12.95 0.000  2.37 0.000 9.999 0.259000   3.16 0.000000 0.085 0.000  0.962 0.000  1.346 0.000 999.99 0.259000   7.697 0.000  2.190 0.000   5.508 0.000 0.055 0.000  0.819 0.000
357.208333 358.208333  15.14 0.000  1.79 0.000 9.999 0.259000 999.99 0.259000 0.145 0.559  0.571 0.000  0.799 0.000 999.99 0.259000   4.840 0.000  1.002 0.000   3.838 0.000 0.026 0.000  0.498 0.559
360.208333 361.208333   3.97 0.000  0.62 0.000 9.999 0.259000 999.99 0.259000 0.027 0.559  0.240 0.000  0.336 0.000 999.99 0.259000   4.433 0.000  3.151 0.000   1.281 0.000 0.015 0.000  0.172 0.559
363.208333 364.208333   6.05 0.000  0.69 0.000 9.999 0.259000   0.49 0.000000 0.061 0.000  0.620 0.000  0.868 0.000 999.99 0.259000   3.998 0.000  1.654 0.000   2.344 0.000 0.030 0.000  0.251 0.000
