scripts/IMPROVE-2019_partial/data/US0042R.20090101050000.20191216000000.filterpack...52w.3d.US03L_filterpack_US0042.US03L_IMPROVE_Davis.lev2.nas
52 1001
MISSING INFORMATION
US03L, IMPROVE, , , , , , , 
MISSING INFORMATION
IMPROVE sel_HTAP
1 1
2009 01 01 2019 12 16
3.000000
days from file reference point
5
1 1 1 1 1
999.999999 999.999 9.999 999.999 9.999
end_time of measurement, days from the file reference point
pm10_mass, ug/m3, Matrix=pm10
numflag pm10_mass, no unit, Matrix=pm10
pm25_mass, ug/m3, Matrix=pm25
numflag pm25_mass, no unit, Matrix=pm25
0
33
Data definition:              EBAS_1.1
Set type code:                TU
Timezone:                     UTC
File name:                    US0042R.20090101050000.20191216000000.filterpack...52w.3d.US03L_filterpack_US0042.US03L_IMPROVE_Davis.lev2.nas
File creation:                20191218115802
Startdate:                    20090101050000
Revision date:                20191216000000
Version:                      2
Version description:          "Data extracted from http://views.cira.colostate.edu/fed/DataWizard 2019-12-16"
Statistics:                   arithmetic mean
Data level:                   2
Period code:                  52w
Resolution code:              3d
Sample duration:              1d
Orig. time res.:              3d
Station code:                 US0042R
Platform code:                US0042S
Station name:                 Cape Cod
Station latitude:             41.9758
Station longitude:            -70.0242
Station altitude:             49.0 m
Regime:                       IMG
Component:                    
Unit:                         ug/m3
Matrix:                       
Laboratory code:              US03L
Instrument type:              filterpack
Instrument name:              filterpack_US0042
Method ref:                   US03L_IMPROVE_Davis
Blank correction:             Blank corrected
Volume std. temperature:      ambient
Volume std. pressure:         ambient
starttime endtime PM10 flag_PM10 PM2.5 flag_PM2.5
  0.208333   1.208333   9.881 0.000   3.983 0.000
  3.208333   4.208333   6.199 0.000   2.961 0.000
  6.208333   7.208333   4.665 0.000   2.159 0.000
  9.208333  10.208333   5.071 0.000   3.104 0.000
 12.208333  13.208333   7.679 0.000   4.778 0.000
 15.208333  16.208333   6.426 0.000   3.365 0.000
 18.208333  19.208333   9.035 0.000   8.201 0.000
 21.208333  22.208333  14.709 0.000  10.447 0.000
 24.208333  25.208333   5.854 0.000   3.257 0.000
 27.208333  28.208333 999.999 0.999 999.999 0.999
 30.208333  31.208333  10.643 0.000   7.520 0.000
 33.208333  34.208333   8.291 0.000   4.723 0.000
 36.208333  37.208333   8.195 0.000   4.250 0.000
 39.208333  40.208333   6.639 0.000   3.023 0.000
 42.208333  43.208333  11.625 0.000   5.182 0.000
 45.208333  46.208333   5.630 0.000   2.501 0.000
 48.208333  49.208333   6.292 0.000   3.283 0.000
 51.208333  52.208333   7.467 0.000   4.121 0.000
 54.208333  55.208333   7.076 0.000   2.885 0.000
 57.208333  58.208333  10.465 0.000   5.238 0.000
 60.208333  61.208333   7.445 0.000   3.827 0.000
 63.208333  64.208333  11.256 0.000   6.040 0.000
 66.208333  67.208333  14.066 0.000  10.203 0.000
 69.208333  70.208333   9.582 0.000   4.665 0.000
 72.208333  73.208333  12.459 0.000   7.131 0.000
 75.208333  76.208333   7.196 0.000   2.777 0.000
 78.208333  79.208333  13.482 0.000   4.797 0.000
 81.208333  82.208333  12.537 0.000   3.857 0.000
 84.208333  85.208333   9.929 0.000   4.524 0.000
 87.208333  88.208333   1.831 0.000   1.388 0.000
 90.208333  91.208333  16.186 0.000   7.189 0.000
 93.208333  94.208333   8.200 0.000   4.515 0.000
 96.208333  97.208333   6.732 0.000   3.707 0.000
 99.208333 100.208333  14.471 0.000   9.768 0.000
102.208333 103.208333   5.815 0.000   2.753 0.000
105.208333 106.208333  13.875 0.000   4.793 0.000
108.208333 109.208333   8.615 0.000   5.008 0.000
111.208333 112.208333   7.317 0.000   5.122 0.000
114.208333 115.208333  15.520 0.000  11.808 0.000
117.208333 118.208333  21.799 0.000  12.155 0.000
120.208333 121.208333  14.148 0.000   8.891 0.000
123.208333 124.208333   5.309 0.000   3.993 0.000
126.208333 127.208333 999.999 0.999   2.028 0.000
129.208333 130.208333 999.999 0.999   3.671 0.000
132.208333 133.208333   8.027 0.000   5.463 0.000
135.208333 136.208333   3.538 0.000   1.829 0.000
138.208333 139.208333   7.289 0.000   3.660 0.000
141.208333 142.208333  21.918 0.000   8.851 0.000
144.208333 145.208333  26.782 0.000   7.366 0.000
147.208333 148.208333  16.469 0.000   4.402 0.000
150.208333 151.208333  21.707 0.000   7.966 0.000
153.208333 154.208333  18.832 0.000   7.523 0.000
156.208333 157.208333   6.877 0.000   3.871 0.000
159.208333 160.208333   9.687 0.000   3.627 0.000
162.208333 163.208333  10.905 0.000   5.479 0.000
165.208333 166.208333   5.286 0.000   3.505 0.000
168.208333 169.208333  11.963 0.000   3.889 0.000
171.208333 172.208333   7.282 0.000   3.460 0.000
174.208333 175.208333   5.126 0.000   3.090 0.000
177.208333 178.208333  12.267 0.000   7.425 0.000
180.208333 181.208333  14.315 0.000  13.803 0.000
183.208333 184.208333  18.160 0.000  15.168 0.000
186.208333 187.208333   9.718 0.000   7.221 0.000
189.208333 190.208333  11.451 0.000   3.478 0.000
192.208333 193.208333  12.650 0.000   6.650 0.000
195.208333 196.208333   8.569 0.000   3.333 0.000
198.208333 199.208333  17.607 0.000  11.197 0.000
201.208333 202.208333   9.143 0.000   6.351 0.000
204.208333 205.208333   3.790 0.000   3.233 0.000
207.208333 208.208333  15.351 0.000   9.058 0.000
210.208333 211.208333  12.896 0.000  10.485 0.000
213.208333 214.208333   8.467 0.000   7.049 0.000
216.208333 217.208333  17.359 0.000  16.281 0.000
219.208333 220.208333   5.734 0.000   2.845 0.000
222.208333 223.208333  10.928 0.000   9.016 0.000
225.208333 226.208333   7.202 0.000   5.191 0.000
228.208333 229.208333  12.226 0.000   9.981 0.000
231.208333 232.208333  18.431 0.000  15.230 0.000
234.208333 235.208333  10.896 0.000   7.030 0.000
237.208333 238.208333  18.032 0.000  14.776 0.000
240.208333 241.208333   6.892 0.000   3.458 0.000
243.208333 244.208333   5.709 0.000   2.808 0.000
246.208333 247.208333   4.970 0.000   3.202 0.000
249.208333 250.208333   8.700 0.000   3.402 0.000
252.208333 253.208333  16.230 0.000   4.387 0.000
255.208333 256.208333   4.699 0.000   2.828 0.000
258.208333 259.208333   9.368 0.000   3.683 0.000
261.208333 262.208333   5.075 0.000   1.755 0.000
264.208333 265.208333   4.535 0.000   2.301 0.000
267.208333 268.208333   9.959 0.000   2.888 0.000
270.208333 271.208333  10.450 0.000   6.329 0.000
273.208333 274.208333   2.773 0.000   1.292 0.000
276.208333 277.208333   5.983 0.000   4.299 0.000
279.208333 280.208333   8.208 0.000   3.611 0.000
282.208333 283.208333   9.657 0.000   5.627 0.000
285.208333 286.208333   4.761 0.000   2.544 0.000
288.208333 289.208333  11.037 0.000   4.101 0.000
291.208333 292.208333   9.846 0.000   3.859 0.000
294.208333 295.208333  18.138 0.000  13.156 0.000
297.208333 298.208333   7.395 0.000   4.008 0.000
300.208333 301.208333  12.875 0.000   6.547 0.000
303.208333 304.208333  10.105 0.000   4.832 0.000
306.208333 307.208333  11.091 0.000   4.327 0.000
309.208333 310.208333   6.745 0.000   3.263 0.000
312.208333 313.208333  14.775 0.000  11.327 0.000
315.208333 316.208333  13.121 0.000   4.123 0.000
318.208333 319.208333   3.454 0.000   2.087 0.000
321.208333 322.208333   4.006 0.000   1.949 0.000
324.208333 325.208333   7.370 0.000   5.580 0.000
327.208333 328.208333  10.321 0.000 999.999 0.456
330.208333 331.208333   3.143 0.000   1.707 0.000
333.208333 334.208333  13.035 0.000   7.371 0.000
336.208333 337.208333   9.872 0.000   5.674 0.000
339.208333 340.208333   7.233 0.000   4.577 0.000
342.208333 343.208333   9.886 0.000   5.508 0.000
345.208333 346.208333   4.909 0.000   3.078 0.000
348.208333 349.208333   9.542 0.000   5.850 0.000
351.208333 352.208333   4.896 0.000   2.435 0.000
354.208333 355.208333   6.495 0.000   2.549 0.000
357.208333 358.208333 999.999 0.999 999.999 0.999
360.208333 361.208333 999.999 0.999 999.999 0.999
363.208333 364.208333   5.854 0.000   2.335 0.000
