scripts/IMPROVE-2019_partial/data/US0098R.19890104080000.20191216000000.filterpack...1y.3d.US03L_filterpack_US0098.US03L_IMPROVE_Davis.lev2.nas
51 1001
MISSING INFORMATION
US03L, IMPROVE, , , , , , , 
MISSING INFORMATION
IMPROVE sel_HTAP
1 1
1989 01 01 2019 12 16
0
days from file reference point
4
1 1 1 1
999.999999 999.999 999.999 9.999
end_time of measurement, days from the file reference point
pm10_mass, ug/m3, Matrix=pm10
pm25_mass, ug/m3, Matrix=pm25
numflag, no unit
0
33
Data definition:              EBAS_1.1
Set type code:                TI
Timezone:                     UTC
File name:                    US0098R.19890104080000.20191216000000.filterpack...1y.3d.US03L_filterpack_US0098.US03L_IMPROVE_Davis.lev2.nas
File creation:                20191218120206
Startdate:                    19890104080000
Revision date:                20191216000000
Version:                      2
Version description:          "Data extracted from http://views.cira.colostate.edu/fed/DataWizard 2019-12-16"
Statistics:                   arithmetic mean
Data level:                   2
Period code:                  1y
Resolution code:              3d
Sample duration:              1d
Orig. time res.:              3d
Station code:                 US0098R
Platform code:                US0098S
Station name:                 Point Reyes National Seashore
Station latitude:             38.1224
Station longitude:            -122.9085
Station altitude:             97.0 m
Regime:                       IMG
Component:                    
Unit:                         ug/m3
Matrix:                       
Laboratory code:              US03L
Instrument type:              filterpack
Instrument name:              filterpack_US0098
Method ref:                   US03L_IMPROVE_Davis
Blank correction:             Blank corrected
Volume std. temperature:      ambient
Volume std. pressure:         ambient
starttime endtime PM10 PM2.5 flag
  3.333333   4.333333  20.947  13.366 0.000
  6.333333   7.333333   7.257   2.244 0.000
 10.333333  11.333333  13.277   2.692 0.000
 13.333333  14.333333  15.912   4.377 0.000
 17.333333  18.333333  38.077  14.671 0.000
 20.333333  21.333333  26.532  14.014 0.000
 24.333333  25.333333  30.513   4.658 0.000
 27.333333  28.333333  24.915   6.474 0.000
 31.333333  32.333333  17.455   4.254 0.000
 34.333333  35.333333   4.681   1.270 0.000
 38.333333  39.333333  18.453  13.058 0.000
 41.333333  42.333333   9.245   4.590 0.000
 45.333333  46.333333  20.446   9.851 0.000
 48.333333  49.333333   5.394   1.923 0.000
 52.333333  53.333333   8.736   2.982 0.000
 55.333333  56.333333  20.000   8.085 0.000
 59.333333  60.333333   9.240   1.610 0.000
 62.333333  63.333333  17.050   9.333 0.000
 66.333333  67.333333   6.626   2.752 0.000
 69.333333  70.333333   3.231   1.118 0.000
 73.333333  74.333333   7.520   1.467 0.000
 76.333333  77.333333   5.273   1.582 0.000
 80.333333  81.333333  18.839   5.576 0.000
 83.333333  84.333333  29.588   6.018 0.000
 87.333333  88.333333  18.065   4.970 0.000
 90.333333  91.333333  15.282   5.119 0.000
 94.333333  95.333333  21.697   6.098 0.000
 97.333333  98.333333  22.963 999.999 0.000
101.333333 102.333333  26.654 999.999 0.000
104.333333 105.333333  16.423 999.999 0.000
108.333333 109.333333  21.692   1.772 0.000
111.333333 112.333333  28.289   4.097 0.000
115.333333 116.333333  11.679   3.514 0.000
118.333333 119.333333  13.088   5.833 0.000
122.333333 123.333333  17.821   5.061 0.000
125.333333 126.333333  15.798   4.695 0.000
129.333333 130.333333 999.999 999.999 0.999
132.333333 133.333333  28.934  10.120 0.000
136.333333 137.333333  18.095   6.687 0.000
139.333333 140.333333  25.196   8.258 0.000
143.333333 144.333333  13.091   3.393 0.000
146.333333 147.333333  22.259   6.587 0.000
150.333333 151.333333  24.324   9.167 0.000
153.333333 154.333333  24.756  12.171 0.000
157.333333 158.333333  19.734   8.804 0.000
160.333333 161.333333  23.137   9.721 0.000
164.333333 165.333333   7.762   2.249 0.000
167.333333 168.333333  22.527   8.237 0.000
171.333333 172.333333  61.760  15.413 0.000
174.333333 175.333333  29.815   9.231 0.000
178.333333 179.333333  14.719   3.823 0.000
181.333333 182.333333 999.999 999.999 0.999
185.333333 186.333333  28.921  10.000 0.000
188.333333 189.333333  38.175  13.200 0.000
192.333333 193.333333  15.993   4.599 0.000
195.333333 196.333333  21.040   7.160 0.000
199.333333 200.333333  28.175   9.811 0.000
202.333333 203.333333  18.118   8.523 0.000
206.333333 207.333333  20.703   8.221 0.000
209.333333 210.333333  18.972   6.963 0.000
213.333333 214.333333  20.444   6.453 0.000
216.333333 217.333333   7.160   2.691 0.000
220.333333 221.333333  21.667   9.063 0.000
223.333333 224.333333  18.279   6.879 0.000
227.333333 228.333333  28.560  10.552 0.000
230.333333 231.333333   9.661   5.552 0.000
234.333333 235.333333  12.088   3.739 0.000
237.333333 238.333333  18.708   7.239 0.000
241.333333 242.333333  11.217   3.272 0.000
244.333333 245.333333  20.586   7.462 0.000
248.333333 249.333333  25.188 999.999 0.000
251.333333 252.333333  16.008   9.195 0.000
255.333333 256.333333 999.999   5.556 0.000
258.333333 259.333333 999.999 999.999 0.999
262.333333 263.333333  25.964  10.549 0.000
265.333333 266.333333   9.686   7.825 0.000
269.333333 270.333333  13.795   4.799 0.000
272.333333 273.333333   9.874   4.198 0.000
276.333333 277.333333  13.937   7.222 0.000
279.333333 280.333333   7.227   4.427 0.000
283.333333 284.333333  12.707   8.154 0.000
286.333333 287.333333  12.152   5.566 0.000
290.333333 291.333333  40.423  19.279 0.000
293.333333 294.333333  19.009   5.859 0.000
297.333333 298.333333  13.937   2.539 0.000
300.333333 301.333333  10.302   3.684 0.000
304.333333 305.333333  24.958  15.031 0.000
307.333333 308.333333  20.372  12.305 0.000
311.333333 312.333333  24.615   8.447 0.000
314.333333 315.333333  34.484  19.594 0.000
318.333333 319.333333  18.202  10.533 0.000
321.333333 322.333333  29.592  22.364 0.000
325.333333 326.333333  14.593  10.247 0.000
328.333333 329.333333  12.915   3.272 0.000
332.333333 333.333333  15.482   8.954 0.000
335.333333 336.333333 999.999 999.999 0.999
339.333333 340.333333  27.848   6.006 0.000
342.333333 343.333333  48.386  27.831 0.000
346.333333 347.333333 999.999 999.999 0.999
349.333333 350.333333 999.999 999.999 0.999
353.333333 354.333333  56.329  18.536 0.000
356.333333 357.333333  32.025  20.324 0.000
360.333333 361.333333  24.402 999.999 0.000
363.333333 364.333333  26.883  12.759 0.000
