scripts/IMPROVE-2019_partial/data/US0049R.20050101060000.20191216000000.filterpack..pm25.52w.1w.US03L_filterpack_US0049.US03L_IMPROVE_Davis.lev2.nas
66 1001
MISSING INFORMATION
US03L, IMPROVE, , , , , , , 
MISSING INFORMATION
IMPROVE sel_HTAP
1 1
2005 01 01 2019 12 16
3.00
days from file reference point
27
1 1 1 1 1 1 1 1 1 1 1 1 1 1 1 1 1 1 1 1 1 1 1 1 1 1 1
999.99 9999.99 9.999 999.99 9.999 9.999 9.999999 9.99 9.999999 99.999 9.999 999.999 9.999 999.999 9.999 9999.99 9.999999 999.999 9.999 999.999 9.999 999.999 9.999 9.999 9.999 99.999 9.999
end_time of measurement, days from the file reference point
iron, ng/m3, Revision date=20181210133000
numflag iron, no unit, Revision date=20181210133000
lead, ng/m3, Revision date=20181210133000
numflag lead, no unit, Revision date=20181210133000
magnesium, ug/m3, Revision date=20181210133000
numflag magnesium, no unit, Revision date=20181210133000
nickel, ng/m3, Revision date=20181210133000
numflag nickel, no unit, Revision date=20181210133000
nitrate, ug N/m3, Revision date=20181210133000
numflag nitrate, no unit, Revision date=20181210133000
organic_carbon, ug C/m3, Revision date=20181210133000
numflag organic_carbon, no unit, Revision date=20181210133000
organic_mass, ug/m3, Revision date=20181210133000
numflag organic_mass, no unit, Revision date=20181210133000
phosphorus, ng/m3, Revision date=20181210133000
numflag phosphorus, no unit, Revision date=20181210133000
pm10_mass, ug/m3, Version=2, Version description=Data extracted from http://views.cira.colostate.edu/fed/DataWizard 2019-12-16, Sample duration=1d, Orig. time res.=3d, Matrix=pm10, Blank correction=Blank corrected, Volume std. temperature=ambient, Volume std. pressure=ambient
numflag pm10_mass, no unit, Version=2, Version description=Data extracted from http://views.cira.colostate.edu/fed/DataWizard 2019-12-16, Sample duration=1d, Orig. time res.=3d, Matrix=pm10, Blank correction=Blank corrected, Volume std. temperature=ambient, Volume std. pressure=ambient
pm10_pm25_mass, ug/m3, Revision date=20181210133000, Matrix=pm10_pm25
numflag pm10_pm25_mass, no unit, Revision date=20181210133000, Matrix=pm10_pm25
pm25_mass, ug/m3, Version=2, Version description=Data extracted from http://views.cira.colostate.edu/fed/DataWizard 2019-12-16, Sample duration=1d, Orig. time res.=3d, Blank correction=Blank corrected, Volume std. temperature=ambient, Volume std. pressure=ambient
numflag pm25_mass, no unit, Version=2, Version description=Data extracted from http://views.cira.colostate.edu/fed/DataWizard 2019-12-16, Sample duration=1d, Orig. time res.=3d, Blank correction=Blank corrected, Volume std. temperature=ambient, Volume std. pressure=ambient
potassium, ug/m3, Revision date=20181210133000
numflag potassium, no unit, Revision date=20181210133000
sulphate_total, ug S/m3, Revision date=20181210133000
numflag sulphate_total, no unit, Revision date=20181210133000
0
25
Data definition:              EBAS_1.1
Set type code:                TU
Timezone:                     UTC
File name:                    US0049R.20050101060000.20191216000000.filterpack..pm25.52w.1w.US03L_filterpack_US0049.US03L_IMPROVE_Davis.lev2.nas
File creation:                20191218115822
Startdate:                    20050101060000
Revision date:                20191216000000
Statistics:                   arithmetic mean
Data level:                   2
Period code:                  52w
Resolution code:              1w
Station code:                 US0049R
Platform code:                US0049S
Station name:                 Great River Bluffs
Station latitude:             43.9373
Station longitude:            -91.4052
Station altitude:             370.0 m
Regime:                       IMG
Component:                    
Matrix:                       pm25
Laboratory code:              US03L
Instrument type:              filterpack
Instrument name:              filterpack_US0049
Method ref:                   US03L_IMPROVE_Davis
starttime endtime Fe flag_Fe Pb flag_Pb Mg++ flag_Mg++ Ni flag_Ni NO3- flag_NO3- OC flag_OC OM flag_OM P flag_P PM10 flag_PM10 PM10-PM2.5 flag_PM10-PM2.5 PM2.5 flag_PM2.5 K+ flag_K+ SO4-- flag_SO4--
[from data line 83]
249.25 250.25   38.79 0.000   3.28 0.000 0.009 0.000000 9.99 0.259000  0.156 0.559   1.820 0.000   3.277 0.000 9999.99 0.259000  17.703 0.000   7.594 0.000  10.115 0.000 0.045 0.000  1.154 0.559
252.25 253.25   61.53 0.000   4.39 0.000 9.999 0.259000 0.11 0.000000  0.125 0.000   4.033 0.000   7.260 0.000 9999.99 0.259000  40.833 0.000  11.613 0.000  28.923 0.000 0.079 0.000  3.873 0.000
255.25 256.25 9999.99 0.999 999.99 0.999 9.999 0.999000 9.99 0.999000 99.999 0.999 999.999 0.999 999.999 0.999 9999.99 0.999000  21.366 0.000 999.999 0.999  14.396 0.000 9.999 0.999 99.999 0.999
258.25 259.25 9999.99 0.999 999.99 0.999 9.999 0.999000 9.99 0.999000 99.999 0.999 999.999 0.999 999.999 0.999 9999.99 0.999000   9.074 0.000 999.999 0.999   5.275 0.000 9.999 0.999 99.999 0.999
261.25 262.25 9999.99 0.999 999.99 0.999 9.999 0.999000 9.99 0.999000 99.999 0.999 999.999 0.999 999.999 0.999 9999.99 0.999000 999.999 0.999 999.999 0.999 999.999 0.999 9.999 0.999 99.999 0.999
264.25 265.25   26.81 0.000   1.93 0.000 9.999 0.259000 9.99 0.259000  0.097 0.000   1.276 0.000   2.297 0.000 9999.99 0.259000  12.612 0.000   5.446 0.000   7.065 0.000 0.043 0.000  0.850 0.000
267.25 268.25    5.47 0.000   1.53 0.000 9.999 0.259000 9.99 0.259000  0.083 0.000   0.414 0.000   0.746 0.000 9999.99 0.259000   3.298 0.000   1.434 0.000   1.837 0.000 0.017 0.000  0.175 0.000
270.25 271.25   13.38 0.000   0.86 0.000 9.999 0.259000 9.99 0.259000  0.058 0.000   0.705 0.000   1.269 0.000 9999.99 0.259000   8.305 0.000   5.165 0.000   3.124 0.000 0.021 0.000  0.303 0.000
273.25 274.25   43.64 0.000   2.10 0.000 0.017 0.000000 9.99 0.259000  0.085 0.000   1.727 0.000   3.108 0.000 9999.99 0.259000  22.447 0.000  14.666 0.000   7.577 0.000 0.049 0.000  0.693 0.000
276.25 277.25   17.47 0.000   1.08 0.000 0.019 0.000000 0.50 0.000000  0.086 0.000   2.197 0.000   3.955 0.000 9999.99 0.259000  21.434 0.000   9.836 0.000  11.572 0.000 0.036 0.000  1.514 0.000
279.25 280.25    5.85 0.000   0.48 0.000 9.999 0.259000 9.99 0.259000  0.018 0.000   0.199 0.000   0.359 0.000 9999.99 0.259000   2.009 0.000   1.023 0.000   0.970 0.000 0.008 0.000  0.087 0.000
282.25 283.25   15.61 0.000   2.28 0.000 9.999 0.259000 0.30 0.000000  0.160 0.000   0.904 0.000   1.628 0.000 9999.99 0.259000   7.622 0.000   1.957 0.000   5.611 0.000 0.024 0.000  0.755 0.000
285.25 286.25   24.98 0.000   2.17 0.000 0.037 0.000000 0.21 0.000000  0.647 0.000   1.099 0.559   1.978 0.559 9999.99 0.259000  12.117 0.000   3.883 0.000   8.235 0.000 0.021 0.000  1.330 0.000
288.25 289.25 9999.99 0.999 999.99 0.999 9.999 0.999000 9.99 0.999000 99.999 0.999 999.999 0.999 999.999 0.999 9999.99 0.999000 999.999 0.999 999.999 0.999 999.999 0.999 9.999 0.999 99.999 0.999
291.25 292.25    8.79 0.000   0.40 0.000 9.999 0.259000 0.17 0.000000  0.036 0.000   0.328 0.000   0.590 0.000 9999.99 0.259000   4.566 0.000   3.110 0.000   1.464 0.000 0.010 0.000  0.163 0.000
294.25 295.25   12.36 0.000   0.52 0.000 9.999 0.259000 9.99 0.259000  0.093 0.000   0.494 0.000   0.889 0.000 9999.99 0.259000   5.530 0.000   3.191 0.000   2.291 0.000 0.021 0.000  0.286 0.000
297.25 298.25    9.10 0.394   0.55 0.394 9.999 0.394259 9.99 0.394259  0.068 0.394   0.601 0.000   1.081 0.000 9999.99 0.394259   3.405 0.000   1.153 0.000   2.252 0.000 0.018 0.394  0.161 0.394
300.25 301.25   21.21 0.000   1.49 0.000 0.030 0.000000 9.99 0.259000  0.903 0.000   1.176 0.559   2.117 0.559 9999.99 0.259000  23.793 0.000  16.700 0.000   7.092 0.000 0.031 0.000  0.649 0.000
303.25 304.25   17.05 0.000   1.36 0.000 0.009 0.000000 9.99 0.259000  0.967 0.000   1.215 0.559   2.187 0.559 9999.99 0.259000  14.326 0.000   2.688 0.000  11.636 0.000 0.072 0.000  1.112 0.000
306.25 307.25   59.87 0.000   1.17 0.000 0.016 0.000000 9.99 0.259000  0.115 0.559   1.603 0.000   2.885 0.000 9999.99 0.259000  21.900 0.000  16.330 0.000   5.570 0.000 0.110 0.000  0.224 0.559
309.25 310.25    9.37 0.000   1.16 0.000 9.999 0.259000 9.99 0.259000  0.369 0.000   0.770 0.000   1.387 0.000 9999.99 0.259000   7.162 0.000   1.689 0.000   5.472 0.000 0.026 0.000  0.789 0.000
312.25 313.25   17.51 0.000   0.67 0.000 9.999 0.259000 9.99 0.259000  0.230 0.559   0.497 0.559   0.894 0.559 9999.99 0.259000  14.027 0.000  11.008 0.000   3.020 0.000 0.017 0.000  0.308 0.559
315.25 316.25   46.26 0.000   2.41 0.000 9.999 0.259000 0.25 0.000000  0.546 0.000   3.213 0.000   5.784 0.000 9999.99 0.259000  27.450 0.000  14.926 0.000  12.522 0.000 0.097 0.000  1.006 0.000
318.25 319.25    4.98 0.000   0.92 0.000 0.008 0.000000 9.99 0.259000  0.334 0.559   0.343 0.000   0.617 0.000 9999.99 0.259000   3.623 0.000   0.560 0.000   3.069 0.000 0.012 0.000  0.329 0.559
321.25 322.25   14.26 0.000   2.73 0.000 9.999 0.259000 9.99 0.259000  1.037 0.559   0.876 0.000   1.576 0.000 9999.99 0.259000  11.027 0.000   2.588 0.000   8.436 0.000 0.033 0.000  0.273 0.559
324.25 325.25    6.94 0.000   1.11 0.000 9.999 0.259000 9.99 0.259000  0.208 0.559   0.363 0.000   0.654 0.000 9999.99 0.259000   3.252 0.000   0.988 0.000   2.263 0.000 0.015 0.000  0.270 0.559
327.25 328.25   16.52 0.000   0.37 0.000 0.018 0.000000 9.99 0.259000  0.029 0.000   0.203 0.000   0.366 0.000 9999.99 0.259000   5.337 0.000   4.196 0.000   1.141 0.000 0.010 0.000  0.082 0.000
330.25 331.25   17.31 0.000   4.79 0.000 9.999 0.259000 0.22 0.000000  0.845 0.000   1.976 0.000   3.556 0.000 9999.99 0.259000  13.953 0.000   2.360 0.000  11.589 0.000 0.079 0.000  0.703 0.000
333.25 334.25    8.55 0.000   0.58 0.000 9.999 0.259000 0.33 0.000000  0.127 0.000   0.376 0.000   0.676 0.000 9999.99 0.259000   4.055 0.000   1.063 0.000   2.991 0.000 0.013 0.000  0.464 0.000
336.25 337.25    8.47 0.000   0.85 0.000 9.999 0.259000 0.10 0.000000  0.480 0.000   1.085 0.000   1.952 0.000 9999.99 0.259000   6.778 0.000   1.090 0.000   5.687 0.000 0.035 0.000  0.298 0.000
339.25 340.25   12.25 0.000   2.78 0.000 9.999 0.259000 0.21 0.000000  0.894 0.000   0.908 0.000   1.634 0.000 9999.99 0.259000  11.172 0.000   2.192 0.000   8.980 0.000 0.042 0.000  0.416 0.000
342.25 343.25   12.75 0.000   2.12 0.000 9.999 0.259000 0.18 0.000000  1.868 0.000   1.329 0.000   2.391 0.000 9999.99 0.259000  19.167 0.000   2.632 0.000  16.535 0.000 0.040 0.000  0.748 0.000
345.25 346.25   19.28 0.000   1.94 0.000 9.999 0.259000 0.17 0.000000  0.952 0.000   1.774 0.000   3.193 0.000 9999.99 0.259000  15.423 0.000   2.697 0.000  12.726 0.000 0.057 0.000  0.929 0.000
348.25 349.25    8.47 0.000   1.09 0.000 0.009 0.000000 0.12 0.000000  0.424 0.559   0.440 0.000   0.792 0.000 9999.99 0.259000   6.746 0.000   1.583 0.000   5.163 0.000 0.017 0.000  0.523 0.559
351.25 352.25    9.68 0.000   1.02 0.000 9.999 0.259000 0.29 0.000000  0.540 0.559   0.608 0.000   1.094 0.000 9999.99 0.259000   8.268 0.000   1.821 0.000   6.447 0.000 0.026 0.000  0.305 0.559
354.25 355.25   17.94 0.000   1.71 0.000 0.012 0.000000 9.99 0.259000  1.792 0.000   0.775 0.000   1.396 0.000 9999.99 0.259000  20.397 0.000   3.011 0.000  17.388 0.000 0.026 0.000  1.219 0.000
357.25 358.25   13.54 0.000   3.82 0.000 9.999 0.259000 0.10 0.000000  2.138 0.000   1.734 0.000   3.122 0.000 9999.99 0.259000  19.910 0.000   1.327 0.000  18.585 0.000 0.053 0.000  0.544 0.000
360.25 361.25    5.57 0.000   1.18 0.000 9.999 0.259000 9.99 0.259000  0.632 0.559   0.521 0.000   0.937 0.000 9999.99 0.259000   9.642 0.000   0.989 0.000   8.654 0.000 0.015 0.000  1.035 0.559
363.25 364.25    6.14 0.000   0.86 0.000 9.999 0.259000 9.99 0.259000  0.750 0.000   0.506 0.000   0.911 0.000 9999.99 0.259000   9.894 0.000   0.677 0.000   9.218 0.000 0.013 0.000  0.953 0.000
