scripts/IMPROVE-2019_partial/data/US0069R.20010101080000.20191216000000.filterpack..pm25.52w.1w.US03L_filterpack_US0069.US03L_IMPROVE_Davis.lev2.nas
66 1001
MISSING INFORMATION
US03L, IMPROVE, , , , , , , 
MISSING INFORMATION
IMPROVE sel_HTAP
1 1
2001 01 01 2019 12 16
3.000000
days from file reference point
27
1 1 1 1 1 1 1 1 1 1 1 1 1 1 1 1 1 1 1 1 1 1 1 1 1 1 1
999.999999 9999.99 9.999 99.99 9.999 9.999 9.999999 99.99 9.999999 9.999 9.999999 99.999 9.999 99.999 9.999 99.99 9.999999 999.999 9.999 99.999 9.999 999.999 9.999 9.999 9.999 9.999 9.999
end_time of measurement, days from the file reference point
iron, ng/m3, Revision date=20181210133000
numflag iron, no unit, Revision date=20181210133000
lead, ng/m3, Revision date=20181210133000
numflag lead, no unit, Revision date=20181210133000
magnesium, ug/m3, Revision date=20181210133000
numflag magnesium, no unit, Revision date=20181210133000
nickel, ng/m3, Revision date=20181210133000
numflag nickel, no unit, Revision date=20181210133000
nitrate, ug N/m3, Revision date=20181210133000
numflag nitrate, no unit, Revision date=20181210133000
organic_carbon, ug C/m3, Revision date=20181210133000
numflag organic_carbon, no unit, Revision date=20181210133000
organic_mass, ug/m3, Revision date=20181210133000
numflag organic_mass, no unit, Revision date=20181210133000
phosphorus, ng/m3, Revision date=20181210133000
numflag phosphorus, no unit, Revision date=20181210133000
pm10_mass, ug/m3, Version=2, Version description=Data extracted from http://views.cira.colostate.edu/fed/DataWizard 2019-12-16, Sample duration=1d, Orig. time res.=3d, Matrix=pm10, Blank correction=Blank corrected, Volume std. temperature=ambient, Volume std. pressure=ambient
numflag pm10_mass, no unit, Version=2, Version description=Data extracted from http://views.cira.colostate.edu/fed/DataWizard 2019-12-16, Sample duration=1d, Orig. time res.=3d, Matrix=pm10, Blank correction=Blank corrected, Volume std. temperature=ambient, Volume std. pressure=ambient
pm10_pm25_mass, ug/m3, Revision date=20181210133000, Matrix=pm10_pm25
numflag pm10_pm25_mass, no unit, Revision date=20181210133000, Matrix=pm10_pm25
pm25_mass, ug/m3, Version=2, Version description=Data extracted from http://views.cira.colostate.edu/fed/DataWizard 2019-12-16, Sample duration=1d, Orig. time res.=3d, Blank correction=Blank corrected, Volume std. temperature=ambient, Volume std. pressure=ambient
numflag pm25_mass, no unit, Version=2, Version description=Data extracted from http://views.cira.colostate.edu/fed/DataWizard 2019-12-16, Sample duration=1d, Orig. time res.=3d, Blank correction=Blank corrected, Volume std. temperature=ambient, Volume std. pressure=ambient
potassium, ug/m3, Revision date=20181210133000
numflag potassium, no unit, Revision date=20181210133000
sulphate_total, ug S/m3, Revision date=20181210133000
numflag sulphate_total, no unit, Revision date=20181210133000
0
25
Data definition:              EBAS_1.1
Set type code:                TU
Timezone:                     UTC
File name:                    US0069R.20010101080000.20191216000000.filterpack..pm25.52w.1w.US03L_filterpack_US0069.US03L_IMPROVE_Davis.lev2.nas
File creation:                20191218115956
Startdate:                    20010101080000
Revision date:                20191216000000
Statistics:                   arithmetic mean
Data level:                   2
Period code:                  52w
Resolution code:              1w
Station code:                 US0069R
Platform code:                US0069S
Station name:                 Kalmiopsis
Station latitude:             42.552
Station longitude:            -124.0589
Station altitude:             80.0 m
Regime:                       IMG
Component:                    
Matrix:                       pm25
Laboratory code:              US03L
Instrument type:              filterpack
Instrument name:              filterpack_US0069
Method ref:                   US03L_IMPROVE_Davis
starttime endtime Fe flag_Fe Pb flag_Pb Mg++ flag_Mg++ Ni flag_Ni NO3- flag_NO3- OC flag_OC OM flag_OM P flag_P PM10 flag_PM10 PM10-PM2.5 flag_PM10-PM2.5 PM2.5 flag_PM2.5 K+ flag_K+ SO4-- flag_SO4--
  0.333333   1.333333    2.35 0.000  0.68 0.000 9.999 0.259000 99.99 0.259000 0.011 0.000000  1.091 0.000  1.527 0.000 99.99 0.259000   3.534 0.000  1.229 0.000   2.305 0.000 0.042 0.000 0.118 0.000
  3.333333   4.333333    7.24 0.000  0.84 0.000 9.999 0.259000 99.99 0.259000 0.023 0.000000  1.328 0.000  1.859 0.000 99.99 0.259000   4.356 0.000  1.343 0.000   3.012 0.000 0.024 0.000 0.114 0.000
  6.333333   7.333333    5.81 0.000  1.49 0.000 9.999 0.259000  0.10 0.000000 0.046 0.000000  1.802 0.000  2.523 0.000 99.99 0.259000   5.301 0.000  1.875 0.000   3.426 0.000 0.033 0.000 0.135 0.000
  9.333333  10.333333    0.80 0.000  0.12 0.000 9.999 0.259000 99.99 0.259000 0.009 0.000000  0.690 0.000  0.966 0.000 99.99 0.259000   1.778 0.000  0.575 0.000   1.204 0.000 0.011 0.000 0.044 0.000
 12.333333  13.333333    0.47 0.000 99.99 0.259 9.999 0.259000 99.99 0.259000 0.007 0.000000  0.409 0.000  0.572 0.000 99.99 0.259000   1.431 0.000  0.536 0.000   0.895 0.000 0.007 0.000 0.041 0.000
 15.333333  16.333333    1.62 0.000  0.21 0.000 9.999 0.259000 99.99 0.259000 0.011 0.000000  0.655 0.000  0.917 0.000 99.99 0.259000   2.867 0.000  1.206 0.000   1.660 0.000 0.023 0.000 0.143 0.000
 18.333333  19.333333    4.14 0.000  0.86 0.000 9.999 0.259000  0.07 0.000000 0.026 0.000000  2.314 0.000  3.240 0.000 99.99 0.259000   5.598 0.000  0.936 0.000   4.661 0.000 0.042 0.000 0.125 0.000
 21.333333  22.333333    3.81 0.000  0.77 0.000 9.999 0.259000 99.99 0.259000 0.013 0.000000  1.136 0.000  1.591 0.000 99.99 0.259000   3.704 0.000  1.305 0.000   2.399 0.000 0.023 0.000 0.131 0.000
 24.333333  25.333333    0.53 0.000  0.27 0.000 9.999 0.259000 99.99 0.259000 0.008 0.000000  0.650 0.000  0.910 0.000 99.99 0.259000   2.055 0.000  0.697 0.000   1.358 0.000 0.008 0.000 0.048 0.000
 27.333333  28.333333    2.05 0.000  0.50 0.000 9.999 0.259000 99.99 0.259000 0.013 0.000000  0.540 0.000  0.756 0.000 99.99 0.259000   2.414 0.000  0.932 0.000   1.482 0.000 0.010 0.000 0.089 0.000
 30.333333  31.333333    3.17 0.000  0.33 0.000 9.999 0.259000 99.99 0.259000 0.014 0.000000  0.612 0.000  0.857 0.000 99.99 0.259000   2.928 0.000  0.996 0.000   1.932 0.000 0.014 0.000 0.122 0.000
 33.333333  34.333333    4.36 0.000  0.64 0.000 0.036 0.000000 99.99 0.259000 0.015 0.000000  0.581 0.000  0.813 0.000 99.99 0.259000   3.200 0.000  1.182 0.000   2.018 0.000 0.014 0.000 0.169 0.000
 36.333333  37.333333    1.98 0.000 99.99 0.259 9.999 0.259000  0.12 0.000000 0.028 0.000000  0.478 0.000  0.669 0.000 99.99 0.259000   3.766 0.000  1.662 0.000   2.104 0.000 0.017 0.000 0.124 0.000
 39.333333  40.333333    3.18 0.000  0.58 0.000 9.999 0.259000 99.99 0.259000 0.019 0.000000  1.272 0.000  1.781 0.000 99.99 0.259000   3.681 0.000  0.447 0.000   3.234 0.000 0.030 0.000 0.158 0.000
 42.333333  43.333333    0.94 0.000 99.99 0.259 9.999 0.259000 99.99 0.259000 0.011 0.000000  0.206 0.000  0.288 0.000 99.99 0.259000   1.004 0.000  0.185 0.000   0.819 0.000 0.011 0.000 0.057 0.000
 45.333333  46.333333    3.38 0.000  0.33 0.000 9.999 0.259000 99.99 0.259000 0.033 0.000000  1.638 0.000  2.293 0.000 99.99 0.259000   4.476 0.000  0.957 0.000   3.519 0.000 0.017 0.000 0.128 0.000
 48.333333  49.333333    1.00 0.000 99.99 0.259 9.999 0.259000 99.99 0.259000 0.015 0.000000  0.522 0.000  0.730 0.000 99.99 0.259000   1.539 0.000  0.421 0.000   1.117 0.000 0.006 0.000 0.047 0.000
 51.333333  52.333333    2.35 0.000 99.99 0.259 9.999 0.259000 99.99 0.259000 0.002 0.000000  0.350 0.000  0.490 0.000 99.99 0.259000   1.830 0.000  0.912 0.000   0.918 0.000 0.006 0.000 0.036 0.000
 54.333333  55.333333    2.75 0.000  0.48 0.000 9.999 0.259000 99.99 0.259000 0.007 0.000000  0.736 0.000  1.030 0.000 99.99 0.259000   3.202 0.000  1.218 0.000   1.984 0.000 0.012 0.000 0.112 0.000
 57.333333  58.333333   15.07 0.000  1.18 0.000 9.999 0.259000 99.99 0.259000 0.008 0.000000  0.950 0.000  1.331 0.000 99.99 0.259000   4.370 0.000  1.514 0.000   2.857 0.000 0.028 0.000 0.151 0.000
 60.333333  61.333333    2.71 0.000  0.39 0.000 9.999 0.259000 99.99 0.259000 0.009 0.000000  0.469 0.000  0.656 0.000 99.99 0.259000   3.410 0.000  1.247 0.000   2.163 0.000 0.014 0.000 0.064 0.000
 63.333333  64.333333    2.37 0.000  0.75 0.000 9.999 0.259000 99.99 0.259000 0.005 0.000000  0.693 0.000  0.970 0.000 99.99 0.259000   1.996 0.000  0.783 0.000   1.213 0.000 0.006 0.000 0.022 0.000
 66.333333  67.333333    5.39 0.000  0.41 0.000 9.999 0.259000 99.99 0.259000 0.023 0.000000  0.630 0.000  0.882 0.000 99.99 0.259000   4.408 0.000  1.815 0.000   2.593 0.000 0.018 0.000 0.168 0.000
 69.333333  70.333333   16.03 0.000  0.94 0.000 9.999 0.259000 99.99 0.259000 0.039 0.000000  0.452 0.000  0.633 0.000 99.99 0.259000   4.727 0.000  2.016 0.000   2.711 0.000 0.025 0.000 0.246 0.000
 72.333333  73.333333   12.56 0.699  0.41 0.699 9.999 0.699259  0.44 0.699000 0.095 0.000000  6.358 0.000  8.901 0.000 99.99 0.699259  18.030 0.000  4.628 0.000  13.402 0.699 0.078 0.699 0.257 0.000
 75.333333  76.333333    2.42 0.000  0.62 0.000 9.999 0.259000  0.56 0.000000 0.005 0.000000  0.485 0.000  0.679 0.000 99.99 0.259000   1.673 0.000  0.642 0.000   1.031 0.000 0.010 0.000 0.025 0.000
 78.333333  79.333333   12.21 0.000  0.72 0.000 9.999 0.259000 99.99 0.259000 0.014 0.559000  0.467 0.000  0.654 0.000 99.99 0.259000   3.216 0.000  1.454 0.000   1.762 0.000 0.034 0.000 0.096 0.559
 81.333333  82.333333    6.82 0.000  0.66 0.000 9.999 0.259000  0.91 0.000000 0.032 0.559000  0.684 0.000  0.957 0.000 99.99 0.259000   4.533 0.000  1.671 0.000   2.861 0.000 0.018 0.000 0.245 0.559
 84.333333  85.333333    7.15 0.000  0.90 0.000 9.999 0.259000 99.99 0.259000 0.022 0.559000  0.353 0.000  0.495 0.000 99.99 0.259000   5.073 0.000  2.646 0.000   2.428 0.000 0.019 0.000 0.170 0.559
 87.333333  88.333333   16.63 0.000  0.41 0.000 9.999 0.259000 99.99 0.259000 0.012 0.000000  0.450 0.000  0.631 0.000 99.99 0.259000   3.720 0.000  2.048 0.000   1.672 0.000 0.021 0.000 0.090 0.000
 90.333333  91.333333   26.37 0.000  1.03 0.000 9.999 0.259000 99.99 0.259000 0.017 0.000000  0.284 0.000  0.397 0.000 99.99 0.259000   3.992 0.000  2.126 0.000   1.866 0.000 0.025 0.000 0.111 0.000
 93.333333  94.333333   14.49 0.000  0.58 0.000 9.999 0.259000 99.99 0.259000 0.019 0.000000  0.231 0.000  0.324 0.000 99.99 0.259000   2.661 0.000  1.198 0.000   1.464 0.000 0.023 0.000 0.120 0.000
 96.333333  97.333333    3.63 0.000  0.36 0.000 9.999 0.259000 99.99 0.259000 0.009 0.000000  0.312 0.000  0.437 0.000 99.99 0.259000   2.134 0.000  1.058 0.000   1.075 0.000 0.009 0.000 0.062 0.000
 99.333333 100.333333    5.18 0.000 99.99 0.259 9.999 0.259000  0.61 0.000000 0.018 0.000000  0.255 0.000  0.357 0.000 99.99 0.259000   3.044 0.000  1.553 0.000   1.490 0.000 0.014 0.000 0.135 0.000
102.333333 103.333333    6.01 0.000  0.86 0.000 9.999 0.259000  0.71 0.000000 0.023 0.000000  0.353 0.000  0.495 0.000 99.99 0.259000   4.644 0.000  2.360 0.000   2.284 0.000 0.019 0.000 0.125 0.000
105.333333 106.333333  192.98 0.000  0.74 0.000 9.999 0.259000 99.99 0.259000 0.031 0.000000  0.857 0.000  1.199 0.000 99.99 0.259000  13.265 0.000  7.722 0.000   5.543 0.000 0.106 0.000 0.174 0.000
108.333333 109.333333  146.16 0.000  0.73 0.000 9.999 0.259000 99.99 0.259000 0.022 0.000000  0.489 0.000  0.684 0.000 99.99 0.259000   9.814 0.000  5.868 0.000   3.946 0.000 0.076 0.000 0.115 0.000
111.333333 112.333333  176.48 0.000  0.69 0.000 9.999 0.259000 99.99 0.259000 0.067 0.000000  0.602 0.000  0.843 0.000 99.99 0.259000  14.928 0.000  9.021 0.000   5.907 0.000 0.104 0.000 0.274 0.000
114.333333 115.333333   81.22 0.000  1.83 0.000 9.999 0.259000 99.99 0.259000 0.036 0.559000  0.975 0.000  1.365 0.000 99.99 0.259000   9.647 0.000  5.724 0.000   3.924 0.000 0.071 0.000 0.180 0.559
117.333333 118.333333    9.95 0.000  0.47 0.000 9.999 0.259000  0.62 0.000000 0.018 0.000000  0.376 0.000  0.526 0.000 99.99 0.259000   4.574 0.000  2.669 0.000   1.905 0.000 0.019 0.000 0.125 0.000
120.333333 121.333333   13.14 0.000  0.66 0.000 9.999 0.259000 99.99 0.259000 0.024 0.559000  0.372 0.000  0.521 0.000 99.99 0.259000   8.867 0.000  4.944 0.000   3.922 0.000 0.034 0.000 0.241 0.559
123.333333 124.333333   64.75 0.559  1.45 0.559 9.999 0.559259  0.16 0.559000 0.061 0.000000  1.515 0.000  2.121 0.000 99.99 0.559259   8.774 0.000  3.073 0.000   5.701 0.559 0.075 0.559 0.309 0.000
126.333333 127.333333   87.88 0.559  1.52 0.559 9.999 0.559259 99.99 0.559259 0.061 0.559000  2.628 0.000  3.680 0.000 99.99 0.559259  10.747 0.000  3.172 0.000   7.576 0.559 0.098 0.559 0.268 0.559
129.333333 130.333333  131.16 0.699  1.40 0.699 9.999 0.699259 99.99 0.699259 0.136 0.000000  4.398 0.000  6.157 0.000 99.99 0.699259  17.881 0.000  5.124 0.000  12.757 0.699 0.137 0.699 0.368 0.000
132.333333 133.333333   40.79 0.000  0.69 0.000 9.999 0.259000 99.99 0.259000 0.033 0.000000  0.723 0.000  1.013 0.000 99.99 0.259000   5.239 0.000  2.364 0.000   2.876 0.000 0.033 0.000 0.270 0.000
135.333333 136.333333   27.22 0.000  0.36 0.000 9.999 0.259000 99.99 0.259000 0.040 0.000000  0.636 0.000  0.890 0.000 99.99 0.259000   6.778 0.000  3.227 0.000   3.551 0.000 0.035 0.000 0.266 0.000
138.333333 139.333333   52.63 0.559  2.76 0.559 9.999 0.559259 99.99 0.559259 0.048 0.000000  2.262 0.000  3.167 0.000 99.99 0.559259  10.995 0.000  3.785 0.000   7.210 0.559 0.074 0.559 0.443 0.000
141.333333 142.333333   25.57 0.000  0.47 0.000 9.999 0.259000 99.99 0.259000 0.074 0.000000  1.417 0.000  1.984 0.000 99.99 0.259000   7.853 0.000  3.532 0.000   4.321 0.000 0.042 0.000 0.206 0.000
144.333333 145.333333   57.38 0.559  1.07 0.559 9.999 0.559259 99.99 0.559259 0.157 0.000000  1.654 0.000  2.316 0.000 99.99 0.559259  13.145 0.000  5.608 0.000   7.537 0.559 0.055 0.559 0.431 0.000
147.333333 148.333333   14.17 0.000  0.93 0.000 9.999 0.259000 99.99 0.259000 0.024 0.000000  0.376 0.000  0.526 0.000 99.99 0.259000   4.657 0.000  2.646 0.000   2.011 0.000 0.021 0.000 0.266 0.000
150.333333 151.333333   35.42 0.559  0.79 0.559 9.999 0.559259 99.99 0.559259 0.085 0.000000  1.300 0.000  1.819 0.000 99.99 0.559259   8.300 0.000  3.899 0.000   4.401 0.559 0.036 0.559 0.218 0.000
153.333333 154.333333    5.63 0.000  0.24 0.000 9.999 0.259000  0.19 0.000000 0.016 0.000000  0.259 0.000  0.362 0.000 99.99 0.259000   4.075 0.000  2.113 0.000   1.962 0.000 0.015 0.000 0.220 0.000
156.333333 157.333333    6.82 0.000  0.50 0.000 9.999 0.259000 99.99 0.259000 0.024 0.000000  0.284 0.000  0.397 0.000 99.99 0.259000   3.555 0.000  1.811 0.000   1.744 0.000 0.015 0.000 0.173 0.000
159.333333 160.333333    5.54 0.000  0.29 0.000 9.999 0.259000 99.99 0.259000 0.012 0.000000  0.169 0.000  0.237 0.000 99.99 0.259000   2.329 0.000  1.468 0.000   0.860 0.000 0.007 0.000 0.055 0.000
162.333333 163.333333    2.40 0.000  0.21 0.000 9.999 0.259000  0.11 0.000000 0.021 0.000000  0.195 0.000  0.273 0.000 99.99 0.259000   2.899 0.000  1.638 0.000   1.262 0.000 0.011 0.000 0.073 0.000
165.333333 166.333333   17.46 0.000  0.73 0.000 9.999 0.259000  0.12 0.000000 0.029 0.000000  0.407 0.000  0.571 0.000 99.99 0.259000   5.704 0.000  3.602 0.000   2.102 0.000 0.027 0.000 0.137 0.000
168.333333 169.333333   20.56 0.000  0.61 0.000 9.999 0.259000  0.12 0.000000 0.047 0.000000  0.646 0.000  0.905 0.000 99.99 0.259000   6.159 0.000  3.014 0.000   3.145 0.000 0.029 0.000 0.222 0.000
171.333333 172.333333   27.88 0.559  0.59 0.559 9.999 0.559259  0.20 0.559000 0.041 0.000000  1.307 0.000  1.830 0.000 99.99 0.559259   8.711 0.000  3.929 0.000   4.782 0.559 0.030 0.559 0.328 0.000
174.333333 175.333333    4.02 0.000  0.21 0.000 9.999 0.259000  0.20 0.000000 0.024 0.000000  0.160 0.000  0.224 0.000 99.99 0.259000   3.596 0.000  1.564 0.000   2.032 0.000 0.009 0.000 0.241 0.000
177.333333 178.333333    0.76 0.000  0.12 0.000 9.999 0.259000 99.99 0.259000 0.003 0.000000  0.275 0.000  0.385 0.000 99.99 0.259000   3.100 0.000  2.193 0.000   0.907 0.000 0.015 0.000 0.022 0.000
180.333333 181.333333    5.68 0.000  0.24 0.000 9.999 0.259000  0.10 0.000000 0.048 0.000000  0.779 0.000  1.090 0.000 99.99 0.259000   6.490 0.000  2.986 0.000   3.504 0.000 0.023 0.000 0.209 0.000
183.333333 184.333333   32.97 0.000  1.11 0.000 9.999 0.259000  0.23 0.000000 0.050 0.000000  1.404 0.000  1.965 0.000 99.99 0.259000  10.944 0.000  4.154 0.000   6.790 0.000 0.037 0.000 0.486 0.000
186.333333 187.333333   24.03 0.000  0.74 0.000 9.999 0.259000  0.20 0.000000 0.083 0.000000  0.752 0.000  1.053 0.000 99.99 0.259000   8.515 0.000  4.026 0.000   4.490 0.000 0.052 0.000 0.286 0.000
189.333333 190.333333   21.01 0.000  0.57 0.000 9.999 0.259000  0.27 0.000000 0.082 0.000000  1.395 0.000  1.953 0.000 99.99 0.259000  10.045 0.000  4.000 0.000   6.044 0.000 0.034 0.000 0.355 0.000
192.333333 193.333333 9999.99 0.999 99.99 0.999 9.999 0.999000 99.99 0.999000 9.999 0.999000 99.999 0.999 99.999 0.999 99.99 0.999000 999.999 0.999 99.999 0.999 999.999 0.999 9.999 0.999 9.999 0.999
195.333333 196.333333 9999.99 0.999 99.99 0.999 9.999 0.999000 99.99 0.999000 9.999 0.999000 99.999 0.999 99.999 0.999 99.99 0.999000 999.999 0.999 99.999 0.999 999.999 0.999 9.999 0.999 9.999 0.999
198.333333 199.333333   11.11 0.000  0.18 0.000 9.999 0.259000  0.15 0.000000 0.021 0.000000  0.358 0.000  0.501 0.000 99.99 0.259000   4.382 0.000  2.398 0.000   1.984 0.000 0.014 0.000 0.153 0.000
201.333333 202.333333    7.50 0.000  0.26 0.000 9.999 0.259000  0.12 0.000000 0.028 0.000000  0.557 0.000  0.780 0.000 99.99 0.259000   4.382 0.000  2.108 0.000   2.274 0.000 0.019 0.000 0.173 0.000
204.333333 205.333333   31.67 0.000  0.29 0.000 9.999 0.259000  0.15 0.000000 0.039 0.000000  1.158 0.000  1.621 0.000 99.99 0.259000   9.592 0.000  4.734 0.000   4.858 0.000 0.034 0.000 0.254 0.000
207.333333 208.333333   22.81 0.559  0.31 0.559 9.999 0.559259  0.15 0.559000 0.064 0.000000  0.627 0.000  0.878 0.000 99.99 0.559259   7.314 0.000  3.793 0.000   3.522 0.559 0.022 0.559 0.232 0.000
210.333333 211.333333    1.20 0.000  0.32 0.000 9.999 0.259000  0.13 0.000000 0.018 0.000000  0.229 0.000  0.321 0.000 99.99 0.259000   3.183 0.000  1.744 0.000   1.439 0.000 0.017 0.000 0.119 0.000
213.333333 214.333333    3.68 0.000  0.16 0.000 9.999 0.259000  0.17 0.000000 0.014 0.000000  0.180 0.000  0.251 0.000 99.99 0.259000   3.059 0.000  1.315 0.000   1.744 0.000 0.010 0.000 0.151 0.000
216.333333 217.333333    1.81 0.000  0.19 0.000 9.999 0.259000  0.12 0.000000 0.028 0.000000  0.326 0.000  0.456 0.000 99.99 0.259000   3.844 0.000  1.970 0.000   1.874 0.000 0.014 0.000 0.204 0.000
219.333333 220.333333   40.50 0.000  0.61 0.000 9.999 0.259000  0.17 0.000000 0.098 0.559000  1.410 0.000  1.974 0.000 99.99 0.259000  11.533 0.000  4.782 0.000   6.751 0.000 0.041 0.000 0.523 0.559
222.333333 223.333333    8.79 0.000  0.30 0.000 9.999 0.259000  0.27 0.000000 0.028 0.000000  0.930 0.000  1.302 0.000 99.99 0.259000   5.539 0.000  2.002 0.000   3.537 0.000 0.019 0.000 0.301 0.000
225.333333 226.333333   13.38 0.000  0.27 0.000 9.999 0.259000  0.19 0.000000 0.048 0.000000  0.897 0.000  1.257 0.000 99.99 0.259000   7.164 0.000  3.018 0.000   4.146 0.000 0.022 0.000 0.356 0.000
228.333333 229.333333   12.51 0.000  0.31 0.000 9.999 0.259000  0.17 0.000000 0.034 0.000000  0.710 0.000  0.993 0.000 99.99 0.259000   5.208 0.000  2.218 0.000   2.990 0.000 0.017 0.000 0.220 0.000
231.333333 232.333333   14.50 0.000  0.40 0.000 9.999 0.259000  0.18 0.000000 0.037 0.559000  0.405 0.000  0.566 0.000 99.99 0.259000   5.415 0.000  2.516 0.000   2.899 0.000 0.018 0.000 0.296 0.559
234.333333 235.333333    1.27 0.000  0.19 0.000 9.999 0.259000 99.99 0.259000 0.024 0.000000  0.263 0.000  0.368 0.000 99.99 0.259000   6.820 0.000  4.196 0.000   2.624 0.000 0.018 0.000 0.225 0.000
237.333333 238.333333    6.00 0.000  0.68 0.000 9.999 0.259000  0.35 0.000000 0.088 0.000000  1.046 0.000  1.465 0.000 99.99 0.259000  10.086 0.000  4.330 0.000   5.756 0.000 0.029 0.000 0.514 0.000
