scripts/IMPROVE-2019_partial/data/US0034R.20060102060000.20191216000000.filterpack..pm25.52w.1w.US03L_filterpack_US0034.US03L_IMPROVE_Davis.lev2.nas
66 1001
MISSING INFORMATION
US03L, IMPROVE, , , , , , , 
MISSING INFORMATION
IMPROVE sel_HTAP
1 1
2006 01 01 2019 12 16
3.00
days from file reference point
27
1 1 1 1 1 1 1 1 1 1 1 1 1 1 1 1 1 1 1 1 1 1 1 1 1 1 1
999.99 999.99 9.999 99.99 9.999 9.999 9.999999 9.99 9.999999 99.999 9.999 99.999 9.999 999.999 9.999 999.99 9.999999 999.999 9.999 999.999 9.999 999.999 9.999 9.999 9.999 99.999 9.999
end_time of measurement, days from the file reference point
iron, ng/m3, Revision date=20181210133000
numflag iron, no unit, Revision date=20181210133000
lead, ng/m3, Revision date=20181210133000
numflag lead, no unit, Revision date=20181210133000
magnesium, ug/m3, Revision date=20181210133000
numflag magnesium, no unit, Revision date=20181210133000
nickel, ng/m3, Revision date=20181210133000
numflag nickel, no unit, Revision date=20181210133000
nitrate, ug N/m3, Revision date=20181210133000
numflag nitrate, no unit, Revision date=20181210133000
organic_carbon, ug C/m3, Revision date=20181210133000
numflag organic_carbon, no unit, Revision date=20181210133000
organic_mass, ug/m3, Revision date=20181210133000
numflag organic_mass, no unit, Revision date=20181210133000
phosphorus, ng/m3, Revision date=20181210133000
numflag phosphorus, no unit, Revision date=20181210133000
pm10_mass, ug/m3, Version=2, Version description=Data extracted from http://views.cira.colostate.edu/fed/DataWizard 2019-12-16, Sample duration=1d, Orig. time res.=3d, Matrix=pm10, Blank correction=Blank corrected, Volume std. temperature=ambient, Volume std. pressure=ambient
numflag pm10_mass, no unit, Version=2, Version description=Data extracted from http://views.cira.colostate.edu/fed/DataWizard 2019-12-16, Sample duration=1d, Orig. time res.=3d, Matrix=pm10, Blank correction=Blank corrected, Volume std. temperature=ambient, Volume std. pressure=ambient
pm10_pm25_mass, ug/m3, Revision date=20181210133000, Matrix=pm10_pm25
numflag pm10_pm25_mass, no unit, Revision date=20181210133000, Matrix=pm10_pm25
pm25_mass, ug/m3, Version=2, Version description=Data extracted from http://views.cira.colostate.edu/fed/DataWizard 2019-12-16, Sample duration=1d, Orig. time res.=3d, Blank correction=Blank corrected, Volume std. temperature=ambient, Volume std. pressure=ambient
numflag pm25_mass, no unit, Version=2, Version description=Data extracted from http://views.cira.colostate.edu/fed/DataWizard 2019-12-16, Sample duration=1d, Orig. time res.=3d, Blank correction=Blank corrected, Volume std. temperature=ambient, Volume std. pressure=ambient
potassium, ug/m3, Revision date=20181210133000
numflag potassium, no unit, Revision date=20181210133000
sulphate_total, ug S/m3, Revision date=20181210133000
numflag sulphate_total, no unit, Revision date=20181210133000
0
25
Data definition:              EBAS_1.1
Set type code:                TU
Timezone:                     UTC
File name:                    US0034R.20060102060000.20191216000000.filterpack..pm25.52w.1w.US03L_filterpack_US0034.US03L_IMPROVE_Davis.lev2.nas
File creation:                20191218115739
Startdate:                    20060102060000
Revision date:                20191216000000
Statistics:                   arithmetic mean
Data level:                   2
Period code:                  52w
Resolution code:              1w
Station code:                 US0034R
Platform code:                US0034S
Station name:                 Lake Sugema 2
Station latitude:             40.6932
Station longitude:            -92.0059
Station altitude:             229.0 m
Regime:                       IMG
Component:                    
Matrix:                       pm25
Laboratory code:              US03L
Instrument type:              filterpack
Instrument name:              filterpack_US0034
Method ref:                   US03L_IMPROVE_Davis
starttime endtime Fe flag_Fe Pb flag_Pb Mg++ flag_Mg++ Ni flag_Ni NO3- flag_NO3- OC flag_OC OM flag_OM P flag_P PM10 flag_PM10 PM10-PM2.5 flag_PM10-PM2.5 PM2.5 flag_PM2.5 K+ flag_K+ SO4-- flag_SO4--
[from data line 84]
253.25 254.25  28.27 0.000  2.99 0.000 9.999 0.259000 0.20 0.000000  0.428 0.000  1.855 0.000   3.338 0.000 999.99 0.259000  19.344 0.000   4.329 0.000  15.015 0.000 0.048 0.000  2.555 0.000
256.25 257.25  18.51 0.000  2.23 0.000 9.999 0.259000 9.99 0.259000  0.091 0.000  1.196 0.000   2.153 0.000 999.99 0.259000  12.416 0.000   7.299 0.000   5.117 0.000 0.024 0.000  0.512 0.000
259.25 260.25  13.29 0.000  1.15 0.000 9.999 0.259000 9.99 0.259000  0.028 0.000  1.009 0.000   1.817 0.000 999.99 0.259000  10.638 0.000   6.072 0.000   4.566 0.000 0.025 0.000  0.426 0.000
262.25 263.25  10.58 0.000  3.34 0.000 0.012 0.000000 9.99 0.259000  0.060 0.000  0.564 0.000   1.014 0.000 999.99 0.259000   8.925 0.000   6.912 0.000   2.013 0.000 0.011 0.000  0.126 0.000
265.25 266.25  14.09 0.000  5.87 0.000 9.999 0.259000 9.99 0.259000  0.046 0.000  0.751 0.000   1.352 0.000 999.99 0.259000   7.644 0.000   4.559 0.000   3.085 0.000 0.015 0.000  0.247 0.000
268.25 269.25  21.97 0.000  1.47 0.000 0.010 0.000000 0.15 0.000000  0.069 0.000  1.029 0.000   1.852 0.000 999.99 0.259000  16.502 0.000  12.201 0.000   4.301 0.000 0.025 0.000  0.349 0.000
271.25 272.25  31.02 0.000  1.10 0.000 9.999 0.259000 9.99 0.259000  0.055 0.000  0.654 0.000   1.177 0.000 999.99 0.259000  16.966 0.000  13.638 0.000   3.328 0.000 0.023 0.000  0.257 0.000
274.25 275.25  40.82 0.000  1.33 0.000 9.999 0.259000 0.20 0.000000  0.030 0.000  1.242 0.000   2.235 0.000 999.99 0.259000  22.664 0.000  14.896 0.000   7.767 0.000 0.039 0.000  0.849 0.000
277.25 278.25  19.59 0.000  1.44 0.000 9.999 0.259000 0.16 0.000000  0.032 0.000  0.722 0.000   1.300 0.000 999.99 0.259000  16.627 0.000  13.603 0.000   3.024 0.000 0.017 0.000  0.212 0.000
280.25 281.25  46.30 0.000  3.41 0.000 0.038 0.000000 9.99 0.259000  0.075 0.000  1.555 0.000   2.799 0.000 999.99 0.259000  27.216 0.000  18.116 0.000   9.099 0.000 0.048 0.000  0.998 0.000
283.25 284.25  11.15 0.000  1.76 0.000 9.999 0.259000 9.99 0.259000  0.321 0.000  0.456 0.000   0.821 0.000 999.99 0.259000   9.000 0.000   5.519 0.000   3.482 0.000 0.014 0.000  0.310 0.000
286.25 287.25  25.44 0.000  0.64 0.000 0.030 0.000000 9.99 0.259000  0.047 0.000  0.571 0.000   1.028 0.000 999.99 0.259000  21.448 0.000  18.839 0.000   2.608 0.000 0.043 0.000  0.099 0.000
289.25 290.25   5.27 0.000  1.13 0.000 9.999 0.259000 9.99 0.259000  0.320 0.000  0.662 0.000   1.192 0.000 999.99 0.259000   7.501 0.000   2.963 0.000   4.538 0.000 0.011 0.000  0.495 0.000
292.25 293.25  17.19 0.000  1.64 0.000 0.008 0.000000 9.99 0.259000  0.233 0.000  0.706 0.000   1.270 0.000 999.99 0.259000  12.364 0.000   8.774 0.000   3.590 0.000 0.025 0.000  0.396 0.000
295.25 296.25  14.79 0.000  0.54 0.000 9.999 0.259000 9.99 0.259000  0.138 0.000  0.323 0.000   0.582 0.000 999.99 0.259000   8.162 0.000   5.048 0.000   3.115 0.000 0.023 0.000  0.390 0.000
298.25 299.25  13.24 0.000  2.04 0.000 0.012 0.000000 9.99 0.259000  0.336 0.000  0.545 0.000   0.981 0.000 999.99 0.259000   6.241 0.000   0.387 0.000   5.854 0.000 0.018 0.000  0.490 0.000
301.25 302.25  22.53 0.654  1.75 0.654 9.999 0.654259 9.99 0.654259  0.086 0.654  0.971 0.654   1.748 0.654 999.99 0.654259   9.800 0.000   6.131 0.654   3.668 0.000 0.039 0.654  0.165 0.654
304.25 305.25  45.94 0.000  1.69 0.000 0.018 0.000000 9.99 0.259000  0.199 0.000  0.679 0.000   1.223 0.000 999.99 0.259000  23.203 0.000  19.133 0.000   4.070 0.000 0.030 0.000  0.190 0.000
307.25 308.25  22.60 0.000  1.88 0.000 9.999 0.259000 9.99 0.259000  0.205 0.000  1.371 0.000   2.468 0.000 999.99 0.259000  14.036 0.000   8.911 0.000   5.125 0.000 0.046 0.000  0.283 0.000
310.25 311.25  26.59 0.000  3.55 0.000 9.999 0.259000 9.99 0.259000  0.911 0.000  1.708 0.000   3.074 0.000 999.99 0.259000  23.612 0.000  10.468 0.000  13.144 0.000 0.049 0.000  1.125 0.000
313.25 314.25  49.31 0.000  3.91 0.000 9.999 0.259000 0.14 0.000000  0.406 0.000  1.156 0.000   2.080 0.000 999.99 0.259000  12.429 0.000   5.301 0.000   7.129 0.000 0.057 0.000  0.460 0.000
316.25 317.25  20.65 0.000  3.76 0.000 9.999 0.259000 9.99 0.259000  0.619 0.000  1.353 0.000   2.436 0.000 999.99 0.259000  10.052 0.000   0.926 0.000   9.126 0.000 0.042 0.000  0.683 0.000
319.25 320.25  14.86 0.000  1.83 0.000 9.999 0.259000 9.99 0.259000  1.383 0.000  0.897 0.000   1.615 0.000 999.99 0.259000  21.385 0.000   1.986 0.000  19.399 0.000 0.033 0.000  2.102 0.000
322.25 323.25  11.66 0.000  2.44 0.000 9.999 0.259000 9.99 0.259000  0.435 0.000  0.855 0.000   1.539 0.000 999.99 0.259000  11.447 0.000   4.095 0.000   7.352 0.000 0.029 0.000  0.749 0.000
325.25 326.25  33.49 0.000  5.34 0.000 9.999 0.259000 0.13 0.000000  0.414 0.000  2.121 0.000   3.818 0.000 999.99 0.259000  18.624 0.000   9.973 0.000   8.651 0.000 0.062 0.000  0.458 0.000
328.25 329.25  41.63 0.000  6.45 0.000 9.999 0.259000 0.38 0.000000  1.386 0.000  2.800 0.000   5.040 0.000 999.99 0.259000  34.281 0.000  11.181 0.000  23.099 0.000 0.084 0.000  1.590 0.000
331.25 332.25  12.86 0.000  1.45 0.000 9.999 0.259000 0.25 0.000000  0.133 0.000  1.867 0.000   3.360 0.000 999.99 0.259000  11.413 0.000   3.127 0.000   8.287 0.000 0.060 0.000  0.819 0.000
334.25 335.25 999.99 0.999 99.99 0.999 9.999 0.999000 9.99 0.999000 99.999 0.999 99.999 0.999 999.999 0.999 999.99 0.999000 999.999 0.999 999.999 0.999 999.999 0.999 9.999 0.999 99.999 0.999
337.25 338.25 999.99 0.999 99.99 0.999 9.999 0.999000 9.99 0.999000 99.999 0.999 99.999 0.999 999.999 0.999 999.99 0.999000 999.999 0.999 999.999 0.999 999.999 0.999 9.999 0.999 99.999 0.999
340.25 341.25  17.39 0.000  8.87 0.000 9.999 0.259000 9.99 0.259000  0.141 0.000  0.464 0.000   0.835 0.000 999.99 0.259000  14.976 0.000  11.165 0.000   3.811 0.000 0.028 0.000  0.210 0.000
343.25 344.25  21.92 0.000  1.87 0.000 9.999 0.259000 9.99 0.259000  0.350 0.000  1.926 0.000   3.467 0.000 999.99 0.259000  10.790 0.000   2.901 0.000   7.889 0.000 0.074 0.000  0.246 0.000
346.25 347.25  34.50 0.000  3.82 0.000 9.999 0.259000 9.99 0.259000  0.813 0.000  1.188 0.000   2.138 0.000 999.99 0.259000  13.391 0.000   3.881 0.000   9.510 0.000 0.040 0.000  0.579 0.000
349.25 350.25  38.34 0.000  4.99 0.000 9.999 0.259000 0.37 0.000000  0.599 0.000  2.072 0.000   3.730 0.000 999.99 0.259000  18.794 0.000   6.359 0.000  12.435 0.000 0.057 0.000  1.240 0.000
352.25 353.25  22.22 0.000  1.39 0.000 9.999 0.259000 9.99 0.259000  0.805 0.000  1.305 0.000   2.348 0.000  23.70 0.000000  20.336 0.000  11.945 0.000   8.390 0.000 0.042 0.000  0.211 0.000
355.25 356.25   7.68 0.000  1.45 0.000 9.999 0.259000 9.99 0.259000  0.564 0.000  0.605 0.000   1.090 0.000 999.99 0.259000   7.221 0.000   1.291 0.000   5.930 0.000 0.017 0.000  0.429 0.000
358.25 359.25  12.22 0.000  0.96 0.000 9.999 0.259000 9.99 0.259000  0.850 0.000  0.666 0.000   1.199 0.000 999.99 0.259000  11.812 0.000   3.797 0.000   8.015 0.000 0.026 0.000  0.451 0.000
361.25 362.25  15.52 0.000  3.06 0.000 9.999 0.259000 0.16 0.000000  0.210 0.000  1.461 0.000   2.630 0.000 999.99 0.259000   8.670 0.000   3.667 0.000   5.003 0.000 0.043 0.000  0.290 0.000
364.25 365.25   5.46 0.000  1.68 0.000 9.999 0.259000 0.19 0.000000  0.203 0.000  0.653 0.000   1.176 0.000 999.99 0.259000   4.660 0.000   0.801 0.000   3.859 0.000 0.015 0.000  0.447 0.000
