scripts/IMPROVE-2019_partial/data/US0040R.20070103060000.20191216000000.filterpack...1y.3d.US03L_filterpack_US0040.US03L_IMPROVE_Davis.lev2.nas
52 1001
MISSING INFORMATION
US03L, IMPROVE, , , , , , , 
MISSING INFORMATION
IMPROVE sel_HTAP
1 1
2007 01 01 2019 12 16
3.00
days from file reference point
5
1 1 1 1 1
999.99 999.999 9.999 999.999 9.999
end_time of measurement, days from the file reference point
pm10_mass, ug/m3, Matrix=pm10
numflag pm10_mass, no unit, Matrix=pm10
pm25_mass, ug/m3, Matrix=pm25
numflag pm25_mass, no unit, Matrix=pm25
0
33
Data definition:              EBAS_1.1
Set type code:                TU
Timezone:                     UTC
File name:                    US0040R.20070103060000.20191216000000.filterpack...1y.3d.US03L_filterpack_US0040.US03L_IMPROVE_Davis.lev2.nas
File creation:                20191218115755
Startdate:                    20070103060000
Revision date:                20191216000000
Version:                      2
Version description:          "Data extracted from http://views.cira.colostate.edu/fed/DataWizard 2019-12-16"
Statistics:                   arithmetic mean
Data level:                   2
Period code:                  1y
Resolution code:              3d
Sample duration:              1d
Orig. time res.:              3d
Station code:                 US0040R
Platform code:                US0040S
Station name:                 Cadiz
Station latitude:             36.7842
Station longitude:            -87.8501
Station altitude:             191.0 m
Regime:                       IMG
Component:                    
Unit:                         ug/m3
Matrix:                       
Laboratory code:              US03L
Instrument type:              filterpack
Instrument name:              filterpack_US0040
Method ref:                   US03L_IMPROVE_Davis
Blank correction:             Blank corrected
Volume std. temperature:      ambient
Volume std. pressure:         ambient
starttime endtime PM10 flag_PM10 PM2.5 flag_PM2.5
  2.25   3.25  10.445 0.000   7.372 0.000
  5.25   6.25  13.053 0.000  10.107 0.000
  8.25   9.25   6.436 0.000 999.999 0.999
 11.25  12.25  14.393 0.000 999.999 0.999
 14.25  15.25   4.054 0.000   2.368 0.000
 17.25  18.25 999.999 0.999 999.999 0.999
 20.25  21.25 999.999 0.999 999.999 0.999
 23.25  24.25  12.054 0.000  10.227 0.000
 26.25  27.25   8.156 0.000   5.699 0.000
 29.25  30.25  10.752 0.000   4.961 0.000
 32.25  33.25  15.809 0.000  10.792 0.000
 35.25  36.25  10.479 0.000   5.049 0.000
 38.25  39.25  16.412 0.000   9.568 0.000
 41.25  42.25  14.684 0.000   9.122 0.000
 44.25  45.25   7.861 0.000   4.729 0.000
 47.25  48.25  13.590 0.000  10.427 0.000
 50.25  51.25  14.246 0.000   7.439 0.000
 53.25  54.25  13.101 0.000   9.429 0.000
 56.25  57.25   6.973 0.000   4.788 0.000
 59.25  60.25  20.174 0.000  13.893 0.000
 62.25  63.25   7.601 0.000   3.587 0.000
 65.25  66.25  23.585 0.000  13.232 0.000
 68.25  69.25  28.105 0.000  23.419 0.000
 71.25  72.25  22.824 0.000  18.333 0.000
 74.25  75.25  15.398 0.000  10.511 0.000
 77.25  78.25  13.872 0.000   7.463 0.000
 80.25  81.25 999.999 0.999 999.999 0.999
 83.25  84.25 999.999 0.999 999.999 0.999
 86.25  87.25  15.524 0.000   8.559 0.000
 89.25  90.25  25.749 0.000  17.775 0.000
 92.25  93.25  15.373 0.000   7.927 0.000
 95.25  96.25  12.062 0.000   4.736 0.000
 98.25  99.25  11.651 0.000   5.954 0.000
101.25 102.25  15.111 0.000   7.398 0.000
104.25 105.25  12.585 0.000   7.496 0.000
107.25 108.25 999.999 0.456   8.542 0.000
110.25 111.25  22.691 0.000  16.659 0.000
113.25 114.25  22.176 0.000  12.830 0.000
116.25 117.25   9.050 0.000   5.083 0.000
119.25 120.25  14.294 0.000   7.416 0.000
122.25 123.25 999.999 0.999 999.999 0.999
125.25 126.25 999.999 0.999 999.999 0.999
128.25 129.25  29.438 0.000  16.030 0.000
131.25 132.25  27.426 0.000  14.416 0.000
134.25 135.25  45.150 0.000  28.857 0.000
137.25 138.25  15.799 0.000   5.966 0.000
140.25 141.25  19.171 0.000  12.572 0.000
143.25 144.25  43.248 0.000  25.305 0.000
146.25 147.25  39.814 0.000  28.358 0.000
149.25 150.25  40.420 0.000  27.902 0.000
152.25 153.25  34.385 0.000  25.360 0.000
155.25 156.25  18.610 0.000   7.859 0.000
158.25 159.25  14.917 0.000   7.364 0.000
161.25 162.25  28.685 0.000  22.271 0.000
164.25 165.25 999.999 0.999 999.999 0.999
167.25 168.25 999.999 0.999 999.999 0.999
170.25 171.25  16.217 0.000   8.367 0.000
173.25 174.25  24.683 0.000  16.753 0.000
176.25 177.25 999.999 0.999 999.999 0.999
179.25 180.25  16.072 0.000   9.815 0.000
182.25 183.25  26.213 0.000  18.005 0.000
185.25 186.25  16.821 0.000  11.920 0.000
188.25 189.25  29.201 0.000  24.410 0.000
191.25 192.25  15.036 0.000   6.367 0.000
194.25 195.25  14.220 0.000   9.083 0.000
197.25 198.25  12.373 0.000   7.905 0.000
200.25 201.25  16.515 0.000   9.332 0.000
203.25 204.25  28.474 0.000  23.130 0.000
206.25 207.25 999.999 0.999 999.999 0.999
209.25 210.25 999.999 0.999 999.999 0.999
212.25 213.25  51.235 0.000  42.639 0.000
215.25 216.25  47.124 0.000  34.369 0.000
218.25 219.25  21.620 0.000  13.613 0.000
221.25 222.25  19.941 0.000  10.959 0.000
224.25 225.25 999.999 0.456  24.354 0.000
227.25 228.25  37.160 0.000  21.350 0.000
230.25 231.25  29.991 0.000  21.677 0.000
233.25 234.25  22.331 0.000   9.330 0.000
236.25 237.25  17.351 0.000  10.198 0.000
239.25 240.25  30.532 0.000  23.658 0.000
242.25 243.25  44.889 0.000  12.040 0.000
245.25 246.25  40.147 0.000  32.403 0.000
248.25 249.25  39.545 0.000  30.701 0.000
251.25 252.25  10.242 0.000   5.669 0.000
254.25 255.25  17.098 0.000   6.970 0.000
257.25 258.25  15.285 0.000   4.949 0.000
260.25 261.25 999.999 0.456  21.985 0.000
263.25 264.25  29.426 0.000  23.608 0.000
266.25 267.25  12.685 0.000   7.807 0.000
269.25 270.25  15.980 0.000   6.319 0.000
272.25 273.25  20.358 0.000  11.795 0.000
275.25 276.25  23.315 0.000  12.309 0.000
278.25 279.25  15.816 0.000   9.463 0.000
281.25 282.25  12.204 0.000   4.696 0.000
284.25 285.25  27.003 0.000   5.209 0.000
287.25 288.25  25.309 0.000  14.412 0.000
290.25 291.25  11.705 0.000   5.440 0.000
293.25 294.25  11.455 0.000   6.545 0.000
296.25 297.25   5.130 0.000   3.282 0.000
299.25 300.25  10.861 0.000   7.904 0.000
302.25 303.25  14.227 0.000  11.555 0.000
305.25 306.25  16.694 0.000   8.578 0.000
308.25 309.25  25.390 0.000  11.614 0.000
311.25 312.25  16.681 0.000   6.511 0.000
314.25 315.25  17.372 0.000  10.785 0.000
317.25 318.25  13.838 0.000   9.064 0.000
320.25 321.25  16.041 0.000   9.489 0.000
323.25 324.25  17.374 0.000  13.566 0.000
326.25 327.25   8.330 0.000   6.087 0.000
329.25 330.25   6.588 0.000   4.970 0.000
332.25 333.25  11.490 0.000   4.611 0.000
335.25 336.25  16.182 0.000  13.573 0.000
338.25 339.25   9.924 0.000   6.871 0.000
341.25 342.25   9.929 0.000   9.244 0.000
344.25 345.25  12.812 0.000   9.240 0.000
347.25 348.25  13.796 0.000  11.731 0.000
350.25 351.25   5.888 0.000   4.963 0.000
353.25 354.25  17.331 0.000  14.911 0.000
356.25 357.25   3.447 0.000   2.245 0.000
359.25 360.25   6.013 0.000   4.610 0.000
362.25 363.25   8.561 0.000   7.520 0.000
