scripts/IMPROVE-2019_partial/data/US0095R.19950104070000.20191216000000.filterpack...1y.3d.US03L_filterpack_US0095.US03L_IMPROVE_Davis.lev2.nas
51 1001
MISSING INFORMATION
US03L, IMPROVE, , , , , , , 
MISSING INFORMATION
IMPROVE sel_HTAP
1 1
1995 01 01 2019 12 16
0
days from file reference point
4
1 1 1 1
999.999999 999.999 999.999 9.999
end_time of measurement, days from the file reference point
pm10_mass, ug/m3, Matrix=pm10
pm25_mass, ug/m3, Matrix=pm25
numflag, no unit
0
33
Data definition:              EBAS_1.1
Set type code:                TI
Timezone:                     UTC
File name:                    US0095R.19950104070000.20191216000000.filterpack...1y.3d.US03L_filterpack_US0095.US03L_IMPROVE_Davis.lev2.nas
File creation:                20191218120149
Startdate:                    19950104070000
Revision date:                20191216000000
Version:                      2
Version description:          "Data extracted from http://views.cira.colostate.edu/fed/DataWizard 2019-12-16"
Statistics:                   arithmetic mean
Data level:                   2
Period code:                  1y
Resolution code:              3d
Sample duration:              1d
Orig. time res.:              3d
Station code:                 US0095R
Platform code:                US0095S
Station name:                 Petrified Forest NP
Station latitude:             35.0777
Station longitude:            -109.7692
Station altitude:             1766.0 m
Regime:                       IMG
Component:                    
Unit:                         ug/m3
Matrix:                       
Laboratory code:              US03L
Instrument type:              filterpack
Instrument name:              filterpack_US0095
Method ref:                   US03L_IMPROVE_Davis
Blank correction:             Blank corrected
Volume std. temperature:      ambient
Volume std. pressure:         ambient
starttime endtime PM10 PM2.5 flag
  3.291667   4.291667   2.632   2.325 0.000
  6.291667   7.291667   3.182   1.943 0.000
 10.291667  11.291667   2.548   1.368 0.000
 13.291667  14.291667   2.918   1.783 0.000
 17.291667  18.291667   1.749   1.392 0.000
 20.291667  21.291667   3.115   2.563 0.000
 24.291667  25.291667   3.712   2.492 0.000
 27.291667  28.291667   2.424   1.350 0.000
 31.291667  32.291667   2.481   1.804 0.000
 34.291667  35.291667   8.485   1.709 0.000
 38.291667  39.291667   8.614   3.460 0.000
 41.291667  42.291667   5.517   2.984 0.000
 45.291667  46.291667   1.218   1.188 0.000
 48.291667  49.291667   6.388   2.114 0.000
 52.291667  53.291667   3.197   2.219 0.000
 55.291667  56.291667   6.241   3.719 0.000
 59.291667  60.291667   5.487   2.517 0.000
 62.291667  63.291667   3.376   1.911 0.000
 66.291667  67.291667   5.328   1.862 0.000
 69.291667  70.291667   9.760   2.052 0.000
 73.291667  74.291667   5.105   2.701 0.000
 76.291667  77.291667  10.091   3.392 0.000
 80.291667  81.291667   6.982   2.293 0.000
 83.291667  84.291667   4.402   1.292 0.000
 87.291667  88.291667   4.167   2.784 0.000
 90.291667  91.291667   5.152   3.382 0.000
 94.291667  95.291667   6.451   3.350 0.000
 97.291667  98.291667  13.620   5.939 0.000
101.291667 102.291667   5.363   2.685 0.000
104.291667 105.291667  13.928   4.394 0.000
108.291667 109.291667   3.771   1.826 0.000
111.291667 112.291667   3.548   1.781 0.000
115.291667 116.291667   8.348   4.700 0.000
118.291667 119.291667   9.371   4.083 0.000
122.291667 123.291667   4.690   2.501 0.000
125.291667 126.291667  16.351   7.417 0.000
129.291667 130.291667   9.370   3.986 0.000
132.291667 133.291667  15.954   5.586 0.000
136.291667 137.291667   4.950   2.807 0.000
139.291667 140.291667   8.288   4.143 0.000
143.291667 144.291667   9.853   4.885 0.000
146.291667 147.291667   6.387   3.708 0.000
150.291667 151.291667   6.193   4.149 0.000
153.291667 154.291667 999.999 999.999 0.999
157.291667 158.291667  17.049   6.568 0.000
160.291667 161.291667   5.208   2.604 0.000
164.291667 165.291667  17.127  10.463 0.000
167.291667 168.291667  10.653   3.443 0.000
171.291667 172.291667   6.165   2.964 0.000
174.291667 175.291667   5.353   2.295 0.000
178.291667 179.291667  10.363   7.028 0.000
181.291667 182.291667 999.999 999.999 0.999
185.291667 186.291667 999.999 999.999 0.999
188.291667 189.291667 999.999 999.999 0.999
192.291667 193.291667  14.934   7.932 0.000
195.291667 196.291667   5.454   3.165 0.000
199.291667 200.291667   5.149   4.289 0.000
202.291667 203.291667   4.242   2.830 0.000
206.291667 207.291667   5.821   3.619 0.000
209.291667 210.291667  16.169  10.045 0.000
213.291667 214.291667   8.537   5.898 0.000
216.291667 217.291667  10.227   5.986 0.000
220.291667 221.291667   5.713   4.466 0.000
223.291667 224.291667   5.252   3.429 0.000
227.291667 228.291667   5.174   4.027 0.000
230.291667 231.291667   3.649   2.597 0.000
234.291667 235.291667   8.238   7.953 0.000
237.291667 238.291667   5.104   4.236 0.000
241.291667 242.291667   6.085   5.944 0.000
244.291667 245.291667   5.471   5.061 0.000
248.291667 249.291667  12.118   7.003 0.000
251.291667 252.291667 999.999 999.999 0.999
255.291667 256.291667 999.999 999.999 0.999
258.291667 259.291667   4.019   2.742 0.000
262.291667 263.291667   8.801   4.302 0.000
265.291667 266.291667   7.265   4.363 0.000
269.291667 270.291667   4.541   3.596 0.000
272.291667 273.291667   1.572   0.953 0.000
276.291667 277.291667  10.409   3.952 0.000
279.291667 280.291667 999.999 999.999 0.999
283.291667 284.291667 999.999 999.999 0.999
286.291667 287.291667   4.606   2.020 0.000
290.291667 291.291667  10.359   5.600 0.000
293.291667 294.291667  12.317   5.676 0.000
297.291667 298.291667  11.173 999.999 0.000
300.291667 301.291667   5.570   2.752 0.000
304.291667 305.291667   5.022   3.180 0.000
307.291667 308.291667   4.070   3.232 0.000
311.291667 312.291667   4.642   3.424 0.000
314.291667 315.291667   1.773   1.068 0.000
318.291667 319.291667   5.414   2.122 0.000
321.291667 322.291667   5.152   2.888 0.000
325.291667 326.291667   8.175   5.431 0.000
328.291667 329.291667   6.416   3.964 0.000
332.291667 333.291667   3.214   1.500 0.000
335.291667 336.291667   5.227   3.902 0.000
339.291667 340.291667   4.881   3.307 0.000
342.291667 343.291667   3.284   2.967 0.000
346.291667 347.291667   5.907   3.655 0.000
349.291667 350.291667   4.992   3.225 0.000
353.291667 354.291667   6.081 999.999 0.000
356.291667 357.291667   4.454 999.999 0.000
360.291667 361.291667  14.117   6.534 0.000
363.291667 364.291667   2.956   2.033 0.000
