scripts/IMPROVE-2019_partial/data/US0058R.20080101060000.20191216000000.filterpack...52w.3d.US03L_filterpack_US0058.US03L_IMPROVE_Davis.lev2.nas
52 1001
MISSING INFORMATION
US03L, IMPROVE, , , , , , , 
MISSING INFORMATION
IMPROVE sel_HTAP
1 1
2008 01 01 2019 12 16
3.00
days from file reference point
5
1 1 1 1 1
999.99 999.999 9.999 999.999 9.999
end_time of measurement, days from the file reference point
pm10_mass, ug/m3, Matrix=pm10
numflag pm10_mass, no unit, Matrix=pm10
pm25_mass, ug/m3, Matrix=pm25
numflag pm25_mass, no unit, Matrix=pm25
0
33
Data definition:              EBAS_1.1
Set type code:                TU
Timezone:                     UTC
File name:                    US0058R.20080101060000.20191216000000.filterpack...52w.3d.US03L_filterpack_US0058.US03L_IMPROVE_Davis.lev2.nas
File creation:                20191218115904
Startdate:                    20080101060000
Revision date:                20191216000000
Version:                      2
Version description:          "Data extracted from http://views.cira.colostate.edu/fed/DataWizard 2019-12-16"
Statistics:                   arithmetic mean
Data level:                   2
Period code:                  52w
Resolution code:              3d
Sample duration:              1d
Orig. time res.:              3d
Station code:                 US0058R
Platform code:                US0058S
Station name:                 Lostwood
Station latitude:             48.6419
Station longitude:            -102.4022
Station altitude:             696.0 m
Regime:                       IMG
Component:                    
Unit:                         ug/m3
Matrix:                       
Laboratory code:              US03L
Instrument type:              filterpack
Instrument name:              filterpack_US0058
Method ref:                   US03L_IMPROVE_Davis
Blank correction:             Blank corrected
Volume std. temperature:      ambient
Volume std. pressure:         ambient
starttime endtime PM10 flag_PM10 PM2.5 flag_PM2.5
  0.25   1.25   8.146 0.000   6.509 0.000
  3.25   4.25  11.395 0.000   1.956 0.000
  6.25   7.25   7.141 0.000   1.152 0.000
  9.25  10.25  14.030 0.000   9.207 0.000
 12.25  13.25   9.364 0.000   6.766 0.000
 15.25  16.25 999.999 0.999 999.999 0.999
 18.25  19.25   4.934 0.000   2.530 0.000
 21.25  22.25   6.140 0.000   3.574 0.000
 24.25  25.25   8.353 0.000   5.459 0.000
 27.25  28.25  12.855 0.000   5.955 0.000
 30.25  31.25  11.872 0.000   3.641 0.000
 33.25  34.25  10.067 0.000   8.997 0.000
 36.25  37.25   7.104 0.000   3.951 0.000
 39.25  40.25  15.843 0.000   4.324 0.000
 42.25  43.25   6.487 0.000   4.808 0.000
 45.25  46.25   8.615 0.000   8.526 0.000
 48.25  49.25   4.675 0.000   2.757 0.000
 51.25  52.25  11.402 0.000   5.468 0.000
 54.25  55.25  18.278 0.000  14.339 0.000
 57.25  58.25 999.999 0.456 999.999 0.456
 60.25  61.25 999.999 0.456 999.999 0.456
 63.25  64.25   8.307 0.000   5.660 0.000
 66.25  67.25 999.999 0.456 999.999 0.456
 69.25  70.25 999.999 0.456 999.999 0.456
 72.25  73.25   3.551 0.000   2.118 0.000
 75.25  76.25   8.307 0.000   3.987 0.000
 78.25  79.25   5.571 0.000   2.929 0.000
 81.25  82.25   6.399 0.000   5.600 0.000
 84.25  85.25   5.933 0.000   4.100 0.000
 87.25  88.25   8.935 0.000   4.305 0.000
 90.25  91.25   7.507 0.000   5.763 0.000
 93.25  94.25  11.515 0.000   3.181 0.000
 96.25  97.25   7.364 0.000   3.458 0.000
 99.25 100.25  14.839 0.000   4.898 0.000
102.25 103.25   6.884 0.000   4.112 0.000
105.25 106.25  14.811 0.000   5.602 0.000
108.25 109.25  18.249 0.000   5.417 0.000
111.25 112.25   9.725 0.000   3.557 0.000
114.25 115.25   5.016 0.000   3.994 0.000
117.25 118.25   8.425 0.000 999.999 0.456
120.25 121.25  34.065 0.000  12.092 0.000
123.25 124.25  18.601 0.000   7.218 0.000
126.25 127.25  21.520 0.000   9.001 0.000
129.25 130.25  15.772 0.000   4.867 0.000
132.25 133.25   7.743 0.000   5.047 0.000
135.25 136.25 999.999 0.999 999.999 0.999
138.25 139.25 999.999 0.999 999.999 0.999
141.25 142.25 999.999 0.999 999.999 0.999
144.25 145.25 999.999 0.999 999.999 0.999
147.25 148.25 999.999 0.999 999.999 0.999
150.25 151.25  12.291 0.000   5.776 0.000
153.25 154.25  11.170 0.000   4.057 0.000
156.25 157.25   6.578 0.000   3.291 0.000
159.25 160.25   3.174 0.000   0.816 0.000
162.25 163.25   1.935 0.000   0.666 0.000
165.25 166.25   8.277 0.000   5.066 0.000
168.25 169.25  15.921 0.000   5.517 0.000
171.25 172.25  13.869 0.000   3.518 0.000
174.25 175.25  17.506 0.000   5.362 0.000
177.25 178.25   8.475 0.000   2.648 0.000
180.25 181.25  12.217 0.000   8.470 0.000
183.25 184.25  29.388 0.000  20.186 0.000
186.25 187.25  13.886 0.000   8.169 0.000
189.25 190.25  11.763 0.000   2.046 0.000
192.25 193.25  16.103 0.000   5.296 0.000
195.25 196.25  11.887 0.000   3.607 0.000
198.25 199.25   9.545 0.000   2.858 0.000
201.25 202.25   9.660 0.000   4.051 0.000
204.25 205.25  14.660 0.000   6.825 0.000
207.25 208.25  20.783 0.000  10.060 0.000
210.25 211.25  12.792 0.000   3.859 0.000
213.25 214.25  21.971 0.000   5.021 0.000
216.25 217.25   7.478 0.000   2.565 0.000
219.25 220.25  22.192 0.000   5.461 0.000
222.25 223.25  14.193 0.000   5.064 0.000
225.25 226.25  11.932 0.000   2.803 0.000
228.25 229.25  11.533 0.000   3.820 0.000
231.25 232.25  29.159 0.000   8.047 0.000
234.25 235.25 999.999 0.999 999.999 0.999
237.25 238.25 999.999 0.999 999.999 0.999
240.25 241.25 999.999 0.999 999.999 0.999
243.25 244.25 999.999 0.999 999.999 0.999
246.25 247.25   5.056 0.000   2.049 0.000
249.25 250.25   4.205 0.000   2.166 0.000
252.25 253.25  11.404 0.000   2.595 0.000
255.25 256.25  15.210 0.000   3.607 0.000
258.25 259.25   8.972 0.000   2.907 0.000
261.25 262.25  16.629 0.000   4.419 0.000
264.25 265.25  20.842 0.000   7.623 0.000
267.25 268.25 999.999 0.999 999.999 0.999
270.25 271.25  11.602 0.000   2.580 0.000
273.25 274.25  18.917 0.000   3.744 0.000
276.25 277.25  26.885 0.000   6.373 0.000
279.25 280.25   5.151 0.000   1.658 0.000
282.25 283.25   7.639 0.000   1.795 0.000
285.25 286.25   1.393 0.000   1.083 0.000
288.25 289.25 999.999 0.999 999.999 0.999
291.25 292.25  11.139 0.000   2.408 0.000
294.25 295.25 999.999 0.456   2.998 0.000
297.25 298.25 999.999 0.456 999.999 0.456
300.25 301.25 999.999 0.456 999.999 0.456
303.25 304.25  19.835 0.000   5.695 0.000
306.25 307.25  24.536 0.000   7.841 0.000
309.25 310.25   5.500 0.000   3.854 0.000
312.25 313.25   6.996 0.000   2.839 0.000
315.25 316.25  10.945 0.000   6.907 0.000
318.25 319.25   3.856 0.000   2.296 0.000
321.25 322.25   6.758 0.000   3.656 0.000
324.25 325.25   7.737 0.000   4.646 0.000
327.25 328.25   4.490 0.000   1.323 0.000
330.25 331.25 999.999 0.999 999.999 0.999
333.25 334.25  11.259 0.000   7.840 0.000
336.25 337.25   9.064 0.000   1.665 0.000
339.25 340.25   6.967 0.000   3.520 0.000
342.25 343.25   7.889 0.000   5.120 0.000
345.25 346.25   6.320 0.000   5.203 0.000
348.25 349.25   4.870 0.000   7.358 0.000
351.25 352.25   7.237 0.000   8.785 0.000
354.25 355.25   5.003 0.000   5.632 0.000
357.25 358.25   4.259 0.000   5.623 0.000
360.25 361.25 999.999 0.999 999.999 0.999
363.25 364.25 999.999 0.999 999.999 0.999
