scripts/IMPROVE-2019_partial/data/US0050R.20100102060000.20191216000000.filterpack...52w.3d.US03L_filterpack_US0050.US03L_IMPROVE_Davis.lev2.nas
52 1001
MISSING INFORMATION
US03L, IMPROVE, , , , , , , 
MISSING INFORMATION
IMPROVE sel_HTAP
1 1
2010 01 01 2019 12 16
3.00
days from file reference point
5
1 1 1 1 1
999.99 999.999 9.999 999.999 9.999
end_time of measurement, days from the file reference point
pm10_mass, ug/m3, Matrix=pm10
numflag pm10_mass, no unit, Matrix=pm10
pm25_mass, ug/m3, Matrix=pm25
numflag pm25_mass, no unit, Matrix=pm25
0
33
Data definition:              EBAS_1.1
Set type code:                TU
Timezone:                     UTC
File name:                    US0050R.20100102060000.20191216000000.filterpack...52w.3d.US03L_filterpack_US0050.US03L_IMPROVE_Davis.lev2.nas
File creation:                20191218115827
Startdate:                    20100102060000
Revision date:                20191216000000
Version:                      2
Version description:          "Data extracted from http://views.cira.colostate.edu/fed/DataWizard 2019-12-16"
Statistics:                   arithmetic mean
Data level:                   2
Period code:                  52w
Resolution code:              3d
Sample duration:              1d
Orig. time res.:              3d
Station code:                 US0050R
Platform code:                US0050S
Station name:                 Blue Mounds
Station latitude:             43.7158
Station longitude:            -96.1913
Station altitude:             473.0 m
Regime:                       IMG
Component:                    
Unit:                         ug/m3
Matrix:                       
Laboratory code:              US03L
Instrument type:              filterpack
Instrument name:              filterpack_US0050
Method ref:                   US03L_IMPROVE_Davis
Blank correction:             Blank corrected
Volume std. temperature:      ambient
Volume std. pressure:         ambient
starttime endtime PM10 flag_PM10 PM2.5 flag_PM2.5
  1.25   2.25 999.999 0.999 999.999 0.999
  4.25   5.25  20.938 0.000  10.138 0.000
  7.25   8.25  23.155 0.000   6.434 0.000
 10.25  11.25  13.563 0.000  10.182 0.000
 13.25  14.25  12.632 0.000  10.032 0.000
 16.25  17.25  21.056 0.000  17.692 0.000
 19.25  20.25  18.296 0.000  15.045 0.000
 22.25  23.25   5.658 0.000   5.260 0.000
 25.25  26.25   6.756 0.000   4.816 0.000
 28.25  29.25  24.180 0.000  14.392 0.000
 31.25  32.25  27.994 0.000  20.516 0.000
 34.25  35.25  29.761 0.000  21.081 0.000
 37.25  38.25  20.310 0.000  19.044 0.000
 40.25  41.25  15.877 0.000  12.490 0.000
 43.25  44.25  28.604 0.000  25.174 0.000
 46.25  47.25   4.918 0.000   3.414 0.000
 49.25  50.25   8.167 0.000   3.934 0.000
 52.25  53.25  10.364 0.000   8.389 0.000
 55.25  56.25  18.684 0.000  11.871 0.000
 58.25  59.25  13.667 0.000  10.287 0.000
 61.25  62.25  29.430 0.000  20.910 0.000
 64.25  65.25  26.649 0.000  22.493 0.000
 67.25  68.25  11.202 0.000  10.135 0.000
 70.25  71.25   5.399 0.000   4.933 0.000
 73.25  74.25   7.987 0.000   7.417 0.000
 76.25  77.25   9.262 0.000   5.256 0.000
 79.25  80.25   6.856 0.000   3.053 0.000
 82.25  83.25   8.777 0.000   3.502 0.000
 85.25  86.25  12.670 0.000   7.154 0.000
 88.25  89.25  26.760 0.000   7.909 0.000
 91.25  92.25  28.227 0.000   6.005 0.000
 94.25  95.25  12.878 0.000   2.814 0.000
 97.25  98.25  11.833 0.000   4.117 0.000
100.25 101.25  25.600 0.000   9.122 0.000
103.25 104.25  21.059 0.000  10.818 0.000
106.25 107.25  13.115 0.000   3.380 0.000
109.25 110.25  77.750 0.659 999.999 0.699
112.25 113.25 999.999 0.999 999.999 0.999
115.25 116.25 999.999 0.999 999.999 0.999
118.25 119.25  18.531 0.000   6.331 0.000
121.25 122.25   5.400 0.000   2.092 0.000
124.25 125.25 999.999 0.999 999.999 0.999
127.25 128.25   4.466 0.000   2.309 0.000
130.25 131.25   5.218 0.000   3.852 0.000
133.25 134.25   9.151 0.000   3.360 0.000
136.25 137.25  14.536 0.000   4.474 0.000
139.25 140.25  25.092 0.000   6.472 0.000
142.25 143.25  15.223 0.000   6.152 0.000
145.25 146.25  11.763 0.000   2.966 0.000
148.25 149.25  23.870 0.000   7.973 0.000
151.25 152.25  14.139 0.000   4.138 0.000
154.25 155.25  10.069 0.000   2.913 0.000
157.25 158.25  10.629 0.000   3.772 0.000
160.25 161.25   7.444 0.000   3.708 0.000
163.25 164.25   3.796 0.000   1.929 0.000
166.25 167.25  12.905 0.000   4.240 0.000
169.25 170.25  10.337 0.000   2.919 0.000
172.25 173.25  11.504 0.000   4.444 0.000
175.25 176.25  22.890 0.000   8.277 0.000
178.25 179.25 999.999 0.999 999.999 0.999
181.25 182.25  27.810 0.000   9.433 0.000
184.25 185.25   7.321 0.000   3.525 0.000
187.25 188.25   6.471 0.000   2.812 0.000
190.25 191.25  18.812 0.000   5.658 0.000
193.25 194.25  13.450 0.000   7.089 0.000
196.25 197.25  18.174 0.000   5.457 0.000
199.25 200.25   8.867 0.000   4.193 0.000
202.25 203.25 999.999 0.999 999.999 0.999
205.25 206.25 999.999 0.999 999.999 0.999
208.25 209.25  11.732 0.000   3.301 0.000
211.25 212.25   9.833 0.000   5.626 0.000
214.25 215.25 999.999 0.999 999.999 0.999
217.25 218.25  18.250 0.000   8.171 0.000
220.25 221.25   9.324 0.000   4.804 0.000
223.25 224.25  14.623 0.000   6.085 0.000
226.25 227.25   8.290 0.000   2.942 0.000
229.25 230.25  13.454 0.000   5.915 0.000
232.25 233.25 999.999 0.999 999.999 0.999
235.25 236.25 999.999 0.999 999.999 0.999
238.25 239.25  30.088 0.000   7.911 0.000
241.25 242.25  22.467 0.000   8.312 0.000
244.25 245.25 999.999 0.999 999.999 0.999
247.25 248.25 999.999 0.999 999.999 0.999
250.25 251.25   7.034 0.000   2.232 0.000
253.25 254.25   6.607 0.000   2.348 0.000
256.25 257.25  17.937 0.000   4.381 0.000
259.25 260.25   7.765 0.000   3.114 0.000
262.25 263.25  23.538 0.000   7.055 0.000
265.25 266.25   3.738 0.000   1.553 0.000
268.25 269.25   4.567 0.000   2.001 0.000
271.25 272.25  19.465 0.000   4.650 0.000
274.25 275.25  39.990 0.000   7.075 0.000
277.25 278.25  43.946 0.000   7.543 0.000
280.25 281.25  67.266 0.000  13.779 0.000
283.25 284.25  49.014 0.000  11.019 0.000
286.25 287.25  41.611 0.000   8.207 0.000
289.25 290.25  27.776 0.000   5.563 0.000
292.25 293.25  37.605 0.000   6.379 0.000
295.25 296.25  29.566 0.000  11.588 0.000
298.25 299.25   6.621 0.000   1.659 0.000
301.25 302.25  18.686 0.000   4.964 0.000
304.25 305.25  22.072 0.000   7.409 0.000
307.25 308.25  12.876 0.000   3.796 0.000
310.25 311.25  33.269 0.000   8.043 0.000
313.25 314.25  19.984 0.000   8.677 0.000
316.25 317.25   7.198 0.000   5.147 0.000
319.25 320.25  14.961 0.000  13.756 0.000
322.25 323.25  10.753 0.000   6.431 0.000
325.25 326.25  12.248 0.000  11.148 0.000
328.25 329.25   7.614 0.000   3.838 0.000
331.25 332.25  17.645 0.000   6.185 0.000
334.25 335.25 999.999 0.999 999.999 0.999
337.25 338.25  10.924 0.000   9.500 0.000
340.25 341.25  21.276 0.000  12.720 0.000
343.25 344.25   9.895 0.000   6.629 0.000
346.25 347.25   5.135 0.000   3.917 0.000
349.25 350.25  24.291 0.000  21.456 0.000
352.25 353.25  13.063 0.000  10.063 0.000
355.25 356.25   8.928 0.000   7.799 0.000
358.25 359.25   5.840 0.000   4.630 0.000
361.25 362.25  22.691 0.000  18.476 0.000
364.25 365.25  15.299 0.000   3.341 0.000
