scripts/IMPROVE-2019_partial/data/US0097R.19880302080000.20191216000000.filterpack...10mo.3d.US03L_filterpack_US0097.US03L_IMPROVE_Davis.lev2.nas
51 1001
MISSING INFORMATION
US03L, IMPROVE, , , , , , , 
MISSING INFORMATION
IMPROVE sel_HTAP
1 1
1988 01 01 2019 12 16
0
days from file reference point
4
1 1 1 1
999.999999 999.999 999.999 9.999
end_time of measurement, days from the file reference point
pm10_mass, ug/m3, Matrix=pm10
pm25_mass, ug/m3, Matrix=pm25
numflag, no unit
0
33
Data definition:              EBAS_1.1
Set type code:                TI
Timezone:                     UTC
File name:                    US0097R.19880302080000.20191216000000.filterpack...10mo.3d.US03L_filterpack_US0097.US03L_IMPROVE_Davis.lev2.nas
File creation:                20191218120159
Startdate:                    19880302080000
Revision date:                20191216000000
Version:                      2
Version description:          "Data extracted from http://views.cira.colostate.edu/fed/DataWizard 2019-12-16"
Statistics:                   arithmetic mean
Data level:                   2
Period code:                  10mo
Resolution code:              3d
Sample duration:              1d
Orig. time res.:              3d
Station code:                 US0097R
Platform code:                US0097S
Station name:                 Redwood NP
Station latitude:             41.5608
Station longitude:            -124.0839
Station altitude:             243.0 m
Regime:                       IMG
Component:                    
Unit:                         ug/m3
Matrix:                       
Laboratory code:              US03L
Instrument type:              filterpack
Instrument name:              filterpack_US0097
Method ref:                   US03L_IMPROVE_Davis
Blank correction:             Blank corrected
Volume std. temperature:      ambient
Volume std. pressure:         ambient
starttime endtime PM10 PM2.5 flag
 61.333333  62.333333   9.778   3.993 0.000
 64.333333  65.333333  25.896 999.999 0.000
 68.333333  69.333333  13.991   4.636 0.000
 71.333333  72.333333  18.166   6.797 0.000
 75.333333  76.333333  16.174   9.336 0.000
 78.333333  79.333333  19.565  15.816 0.000
 82.333333  83.333333  21.239   5.347 0.000
 85.333333  86.333333   5.179   1.275 0.000
 89.333333  90.333333  11.849   5.934 0.000
 92.333333  93.333333   7.386   4.177 0.000
 96.333333  97.333333  10.458   4.338 0.000
 99.333333 100.333333  11.562   5.585 0.000
103.333333 104.333333  15.000   7.291 0.000
106.333333 107.333333   8.773   3.433 0.000
110.333333 111.333333  10.118   4.033 0.000
113.333333 114.333333   7.792   3.003 0.000
117.333333 118.333333   9.157   3.445 0.000
120.333333 121.333333   9.041   1.722 0.000
124.333333 125.333333  11.322   3.204 0.000
127.333333 128.333333   5.223   1.748 0.000
131.333333 132.333333  13.644   6.139 0.000
134.333333 135.333333   8.169   3.168 0.000
138.333333 139.333333 999.999 999.999 0.999
141.333333 142.333333 999.999  10.000 0.000
145.333333 146.333333   7.778 999.999 0.000
148.333333 149.333333   6.484   4.377 0.000
152.333333 153.333333   8.650   1.315 0.000
155.333333 156.333333   9.182   2.961 0.000
159.333333 160.333333   9.302   2.596 0.000
162.333333 163.333333  13.125   4.903 0.000
166.333333 167.333333   8.750   4.104 0.000
169.333333 170.333333  11.749   4.441 0.000
173.333333 174.333333   6.471   3.453 0.000
176.333333 177.333333  12.478   6.547 0.000
180.333333 181.333333 999.999   4.937 0.000
183.333333 184.333333 999.999   1.218 0.000
187.333333 188.333333 999.999   6.708 0.000
190.333333 191.333333 999.999   3.707 0.000
194.333333 195.333333 999.999 999.999 0.999
197.333333 198.333333  15.000   5.325 0.000
201.333333 202.333333  15.864  11.246 0.000
204.333333 205.333333  35.709 999.999 0.000
208.333333 209.333333   8.797   4.330 0.000
211.333333 212.333333  17.412   8.069 0.000
215.333333 216.333333   3.321   1.933 0.000
218.333333 219.333333   8.171   3.282 0.000
222.333333 223.333333   7.519   2.919 0.000
225.333333 226.333333   8.053 999.999 0.000
229.333333 230.333333  10.464   2.346 0.000
232.333333 233.333333  30.920   8.486 0.000
236.333333 237.333333   8.913   4.984 0.000
239.333333 240.333333  13.360   9.862 0.000
243.333333 244.333333  33.529  15.405 0.000
246.333333 247.333333   7.529   2.959 0.000
250.333333 251.333333  14.261   5.064 0.000
253.333333 254.333333 999.999 999.999 0.999
257.333333 258.333333 999.999 999.999 0.999
260.333333 261.333333  15.869   6.370 0.000
264.333333 265.333333 999.999 999.999 0.999
267.333333 268.333333 999.999 999.999 0.999
271.333333 272.333333  28.099  12.516 0.000
274.333333 275.333333  13.160   8.709 0.000
278.333333 279.333333   7.126   4.600 0.000
281.333333 282.333333  24.553   8.500 0.000
285.333333 286.333333  12.075   8.849 0.000
288.333333 289.333333  17.080  12.297 0.000
292.333333 293.333333  11.475   6.624 0.000
295.333333 296.333333  10.000   7.293 0.000
299.333333 300.333333   4.400   2.671 0.000
302.333333 303.333333 999.999 999.999 0.999
306.333333 307.333333   5.752   2.909 0.000
309.333333 310.333333  11.311   7.264 0.000
313.333333 314.333333   8.100   6.187 0.000
316.333333 317.333333   5.941   2.150 0.000
320.333333 321.333333   9.614   4.053 0.000
323.333333 324.333333   2.459   1.184 0.000
327.333333 328.333333  15.290   5.354 0.000
330.333333 331.333333   5.940   1.782 0.000
334.333333 335.333333   9.073   2.616 0.000
337.333333 338.333333  10.342   5.788 0.000
341.333333 342.333333   9.920   4.689 0.000
344.333333 345.333333 999.999 999.999 0.999
348.333333 349.333333   9.923   5.345 0.000
351.333333 352.333333 999.999 999.999 0.999
355.333333 356.333333  15.344 999.999 0.000
358.333333 359.333333 999.999 999.999 0.999
362.333333 363.333333 999.999 999.999 0.999
365.333333 366.333333 999.999 999.999 0.999
