scripts/IMPROVE-2019_partial/data/US0074R.19880302060000.20191216000000.filterpack...10mo.3d.US03L_filterpack_US0074.US03L_IMPROVE_Davis.lev2.nas
51 1001
MISSING INFORMATION
US03L, IMPROVE, , , , , , , 
MISSING INFORMATION
IMPROVE sel_HTAP
1 1
1988 01 01 2019 12 16
0
days from file reference point
4
1 1 1 1
999.99 999.999 999.999 9.999
end_time of measurement, days from the file reference point
pm10_mass, ug/m3, Matrix=pm10
pm25_mass, ug/m3, Matrix=pm25
numflag, no unit
0
33
Data definition:              EBAS_1.1
Set type code:                TI
Timezone:                     UTC
File name:                    US0074R.19880302060000.20191216000000.filterpack...10mo.3d.US03L_filterpack_US0074.US03L_IMPROVE_Davis.lev2.nas
File creation:                20191218120029
Startdate:                    19880302060000
Revision date:                20191216000000
Version:                      2
Version description:          "Data extracted from http://views.cira.colostate.edu/fed/DataWizard 2019-12-16"
Statistics:                   arithmetic mean
Data level:                   2
Period code:                  10mo
Resolution code:              3d
Sample duration:              1d
Orig. time res.:              3d
Station code:                 US0074R
Platform code:                US0074S
Station name:                 Guadalupe Mountains NP
Station latitude:             31.833
Station longitude:            -104.8094
Station altitude:             1672.0 m
Regime:                       IMG
Component:                    
Unit:                         ug/m3
Matrix:                       
Laboratory code:              US03L
Instrument type:              filterpack
Instrument name:              filterpack_US0074
Method ref:                   US03L_IMPROVE_Davis
Blank correction:             Blank corrected
Volume std. temperature:      ambient
Volume std. pressure:         ambient
starttime endtime PM10 PM2.5 flag
 61.25  62.25  12.100   4.281 0.000
 64.25  65.25  11.755   5.719 0.000
 68.25  69.25  10.650   2.645 0.000
 71.25  72.25  18.520   3.173 0.000
 75.25  76.25  40.000   6.935 0.000
 78.25  79.25   8.203   3.734 0.000
 82.25  83.25  24.192   5.812 0.000
 85.25  86.25  46.038   8.929 0.000
 89.25  90.25  23.850   6.688 0.000
 92.25  93.25  13.167   4.968 0.000
 96.25  97.25 999.999   6.190 0.000
 99.25 100.25  32.857   6.358 0.000
103.25 104.25  20.986   5.559 0.000
106.25 107.25  39.461  10.675 0.000
110.25 111.25  14.341   6.343 0.000
113.25 114.25  12.396   4.630 0.000
117.25 118.25 999.999 999.999 0.999
120.25 121.25 999.999 999.999 0.999
124.25 125.25  19.031   6.698 0.000
127.25 128.25  46.875 999.999 0.000
131.25 132.25  51.860  10.421 0.000
134.25 135.25  12.365   5.879 0.000
138.25 139.25  11.562   7.066 0.000
141.25 142.25   4.271   1.651 0.000
145.25 146.25  19.261  11.051 0.000
148.25 149.25  23.821  15.205 0.000
152.25 153.25  22.902   5.974 0.000
155.25 156.25   7.803   7.192 0.000
159.25 160.25  16.081   7.587 0.000
162.25 163.25  23.187  13.429 0.000
166.25 167.25   7.684   7.022 0.000
169.25 170.25 999.999   7.053 0.000
173.25 174.25   7.819   6.361 0.000
176.25 177.25   4.859   4.525 0.000
180.25 181.25 999.999   4.193 0.000
183.25 184.25 999.999   5.062 0.000
187.25 188.25 999.999   6.844 0.000
190.25 191.25   8.639   7.019 0.000
194.25 195.25 999.999   5.247 0.000
197.25 198.25   5.912   4.817 0.000
201.25 202.25   2.956   2.298 0.000
204.25 205.25   5.478   5.157 0.000
208.25 209.25 999.999   7.196 0.000
211.25 212.25  13.946 999.999 0.000
215.25 216.25   8.097   3.438 0.000
218.25 219.25 999.999   2.969 0.000
222.25 223.25 999.999   7.458 0.000
225.25 226.25   9.855   8.237 0.000
229.25 230.25 999.999   4.901 0.000
232.25 233.25   5.331   4.770 0.000
236.25 237.25   7.063   4.915 0.000
239.25 240.25  11.764   8.699 0.000
243.25 244.25   8.590 999.999 0.000
246.25 247.25   5.736   5.118 0.000
250.25 251.25   9.875   4.631 0.000
253.25 254.25 999.999 999.999 0.999
257.25 258.25  13.244   8.084 0.000
260.25 261.25   7.930   3.301 0.000
264.25 265.25   5.785   3.132 0.000
267.25 268.25   6.163   3.135 0.000
271.25 272.25   8.093   4.216 0.000
274.25 275.25   9.922   3.987 0.000
278.25 279.25   8.872   5.183 0.000
281.25 282.25  14.449   8.505 0.000
285.25 286.25  13.591   7.119 0.000
288.25 289.25   6.289   3.506 0.000
292.25 293.25  17.640   6.678 0.000
295.25 296.25  16.437   7.534 0.000
299.25 300.25  19.341   8.679 0.000
302.25 303.25  15.104   5.926 0.000
306.25 307.25  14.724 999.999 0.000
309.25 310.25  14.215   4.238 0.000
313.25 314.25  14.506   4.914 0.000
316.25 317.25   9.844   3.889 0.000
320.25 321.25   5.307   2.329 0.000
323.25 324.25   5.556   3.103 0.000
327.25 328.25  12.593   8.556 0.000
330.25 331.25   4.979   2.034 0.000
334.25 335.25  17.875   3.776 0.000
337.25 338.25   7.410   3.236 0.000
341.25 342.25  12.540   4.686 0.000
344.25 345.25   3.817   2.254 0.000
348.25 349.25  10.591   7.079 0.000
351.25 352.25   8.583   3.873 0.000
355.25 356.25   7.066   3.234 0.000
358.25 359.25   7.043   1.805 0.000
362.25 363.25   5.538   1.911 0.000
365.25 366.25   7.451   3.948 0.000
