scripts/IMPROVE-2019_partial/data/US0068R.20030103060000.20191216000000.filterpack..pm25.1y.1w.US03L_filterpack_US0068.US03L_IMPROVE_Davis.lev2.nas
66 1001
MISSING INFORMATION
US03L, IMPROVE, , , , , , , 
MISSING INFORMATION
IMPROVE sel_HTAP
1 1
2003 01 01 2019 12 16
3.00
days from file reference point
27
1 1 1 1 1 1 1 1 1 1 1 1 1 1 1 1 1 1 1 1 1 1 1 1 1 1 1
999.99 9999.99 9.999 99.99 9.999999 9.999 9.999999 9.99 9.999999 99.999 9.999 999.999 9.999 999.999 9.999 999.99 9.999999 999.999 9.999 999.999 9.999 999.999 9.999 9.999 9.999 99.999 9.999
end_time of measurement, days from the file reference point
iron, ng/m3, Revision date=20181210133000
numflag iron, no unit, Revision date=20181210133000
lead, ng/m3, Revision date=20181210133000
numflag lead, no unit, Revision date=20181210133000
magnesium, ug/m3, Revision date=20181210133000
numflag magnesium, no unit, Revision date=20181210133000
nickel, ng/m3, Revision date=20181210133000
numflag nickel, no unit, Revision date=20181210133000
nitrate, ug N/m3, Revision date=20181210133000
numflag nitrate, no unit, Revision date=20181210133000
organic_carbon, ug C/m3, Revision date=20181210133000
numflag organic_carbon, no unit, Revision date=20181210133000
organic_mass, ug/m3, Revision date=20181210133000
numflag organic_mass, no unit, Revision date=20181210133000
phosphorus, ng/m3, Revision date=20181210133000
numflag phosphorus, no unit, Revision date=20181210133000
pm10_mass, ug/m3, Version=2, Version description=Data extracted from http://views.cira.colostate.edu/fed/DataWizard 2019-12-16, Sample duration=1d, Orig. time res.=3d, Matrix=pm10, Blank correction=Blank corrected, Volume std. temperature=ambient, Volume std. pressure=ambient
numflag pm10_mass, no unit, Version=2, Version description=Data extracted from http://views.cira.colostate.edu/fed/DataWizard 2019-12-16, Sample duration=1d, Orig. time res.=3d, Matrix=pm10, Blank correction=Blank corrected, Volume std. temperature=ambient, Volume std. pressure=ambient
pm10_pm25_mass, ug/m3, Revision date=20181210133000, Matrix=pm10_pm25
numflag pm10_pm25_mass, no unit, Revision date=20181210133000, Matrix=pm10_pm25
pm25_mass, ug/m3, Version=2, Version description=Data extracted from http://views.cira.colostate.edu/fed/DataWizard 2019-12-16, Sample duration=1d, Orig. time res.=3d, Blank correction=Blank corrected, Volume std. temperature=ambient, Volume std. pressure=ambient
numflag pm25_mass, no unit, Version=2, Version description=Data extracted from http://views.cira.colostate.edu/fed/DataWizard 2019-12-16, Sample duration=1d, Orig. time res.=3d, Blank correction=Blank corrected, Volume std. temperature=ambient, Volume std. pressure=ambient
potassium, ug/m3, Revision date=20181210133000
numflag potassium, no unit, Revision date=20181210133000
sulphate_total, ug S/m3, Revision date=20181210133000
numflag sulphate_total, no unit, Revision date=20181210133000
0
25
Data definition:              EBAS_1.1
Set type code:                TU
Timezone:                     UTC
File name:                    US0068R.20030103060000.20191216000000.filterpack..pm25.1y.1w.US03L_filterpack_US0068.US03L_IMPROVE_Davis.lev2.nas
File creation:                20191218115952
Startdate:                    20030103060000
Revision date:                20191216000000
Statistics:                   arithmetic mean
Data level:                   2
Period code:                  1y
Resolution code:              1w
Station code:                 US0068R
Platform code:                US0068S
Station name:                 Cherokee Nation
Station latitude:             36.9562
Station longitude:            -97.0313
Station altitude:             342.0 m
Regime:                       IMG
Component:                    
Matrix:                       pm25
Laboratory code:              US03L
Instrument type:              filterpack
Instrument name:              filterpack_US0068
Method ref:                   US03L_IMPROVE_Davis
starttime endtime Fe flag_Fe Pb flag_Pb Mg++ flag_Mg++ Ni flag_Ni NO3- flag_NO3- OC flag_OC OM flag_OM P flag_P PM10 flag_PM10 PM10-PM2.5 flag_PM10-PM2.5 PM2.5 flag_PM2.5 K+ flag_K+ SO4-- flag_SO4--
  2.25   3.25   23.88 0.559  1.20 0.559000 9.999 0.559259 9.99 0.559259  0.832 0.000   1.304 0.000   1.825 0.000 999.99 0.559259  15.395 0.000   7.657 0.000   7.738 0.559 0.033 0.559  0.303 0.000
  5.25   6.25    6.52 0.559  1.01 0.559000 9.999 0.559259 9.99 0.559259  0.816 0.000   0.540 0.000   0.756 0.000 999.99 0.559259  13.680 0.000   3.305 0.000  10.374 0.559 0.016 0.559  1.299 0.000
  8.25   9.25   34.37 0.559  0.62 0.559000 9.999 0.559259 9.99 0.559259  0.161 0.000   0.741 0.000   1.037 0.000 999.99 0.559259  25.241 0.000  21.613 0.000   3.628 0.559 0.038 0.559  0.226 0.000
 11.25  12.25   37.16 0.559  1.51 0.559000 9.999 0.559259 9.99 0.559259  0.845 0.000   2.003 0.000   2.804 0.000 999.99 0.559259  25.770 0.000  15.282 0.000  10.488 0.559 0.049 0.559  0.391 0.000
 14.25  15.25   38.16 0.559  1.62 0.559000 9.999 0.559259 9.99 0.559259  1.042 0.559   1.763 0.000   2.469 0.000 999.99 0.559259  30.657 0.000  18.846 0.000  11.811 0.559 0.052 0.559  0.505 0.559
 17.25  18.25   10.83 0.559  0.69 0.559000 9.999 0.559259 9.99 0.559259  0.395 0.559   0.646 0.000   0.904 0.000 999.99 0.559259   8.003 0.000   3.994 0.000   4.009 0.559 0.018 0.559  0.201 0.559
 20.25  21.25   20.45 0.559  1.59 0.559000 9.999 0.559259 9.99 0.559259  0.561 0.559   0.794 0.000   1.112 0.000  23.75 0.559000  16.800 0.000  10.752 0.000   6.048 0.559 0.030 0.559  0.302 0.559
 23.25  24.25   40.76 0.559  1.74 0.559000 9.999 0.559259 9.99 0.559259  0.806 0.559   1.438 0.000   2.013 0.000 999.99 0.559259  27.394 0.000  18.486 0.000   8.908 0.559 0.051 0.559  0.325 0.559
 26.25  27.25   33.49 0.559  1.52 0.559000 9.999 0.559259 0.11 0.559000  0.994 0.000   1.593 0.000   2.230 0.000 999.99 0.559259  31.462 0.000  20.124 0.000  11.338 0.559 0.046 0.559  0.732 0.000
 29.25  30.25   61.94 0.559  1.50 0.559000 9.999 0.559259 0.21 0.559000  1.575 0.000   1.297 0.000   1.815 0.000 999.99 0.559259  27.820 0.000  11.740 0.000  16.080 0.559 0.042 0.559  1.127 0.000
 32.25  33.25   55.42 0.000  1.75 0.000000 0.032 0.000000 0.17 0.000000  0.159 0.000   1.771 0.000   2.480 0.000 999.99 0.259000  34.140 0.000  25.216 0.000   8.925 0.000 0.066 0.000  0.923 0.000
 35.25  36.25   57.94 0.559  0.95 0.559000 9.999 0.559259 9.99 0.559259  0.502 0.000   2.864 0.000   4.010 0.000 999.99 0.559259  37.902 0.000  28.851 0.000   9.050 0.559 0.056 0.559  0.299 0.000
 38.25  39.25   10.47 0.559  2.19 0.559000 9.999 0.559259 0.14 0.559000  1.101 0.000   1.323 0.000   1.852 0.000 999.99 0.559259  13.680 0.000   3.263 0.000  10.417 0.559 0.028 0.559  0.481 0.000
 41.25  42.25   22.12 0.559  0.81 0.559000 9.999 0.559259 0.12 0.559000  0.514 0.000   0.778 0.000   1.089 0.000 999.99 0.559259   6.765 0.000   2.164 0.000   4.602 0.559 0.012 0.559  0.277 0.000
 44.25  45.25   13.95 0.559  1.13 0.559000 9.999 0.559259 0.35 0.559000  0.521 0.000   1.196 0.000   1.674 0.000 999.99 0.559259  10.602 0.000   2.943 0.000   7.659 0.559 0.036 0.559  1.021 0.000
 47.25  48.25   19.81 0.559  2.07 0.559000 9.999 0.559259 9.99 0.559259  0.936 0.000   1.173 0.000   1.642 0.000 999.99 0.559259  16.232 0.000   8.035 0.000   8.197 0.559 0.027 0.559  0.342 0.000
 50.25  51.25   15.30 0.559  0.66 0.559000 9.999 0.559259 9.99 0.559259  0.409 0.000   0.703 0.000   0.984 0.000 999.99 0.559259   9.440 0.000   4.923 0.000   4.517 0.559 0.015 0.559  0.431 0.000
 53.25  54.25   12.56 0.559  1.19 0.559000 9.999 0.559259 0.08 0.559000  0.891 0.000   0.645 0.000   0.904 0.000 999.99 0.559259  13.089 0.000   2.132 0.000  10.957 0.559 0.022 0.559  1.115 0.000
 56.25  57.25   10.09 0.559  1.52 0.559000 0.026 0.559000 9.99 0.559259  0.855 0.559   1.165 0.000   1.631 0.000 999.99 0.559259  13.042 0.000   2.398 0.000  10.644 0.559 0.038 0.559  0.907 0.559
 59.25  60.25   31.40 0.559  2.52 0.559000 9.999 0.559259 0.17 0.559000  1.436 0.559   1.490 0.000   2.086 0.000 999.99 0.559259  20.454 0.000   2.650 0.000  17.804 0.559 0.035 0.559  1.926 0.559
 62.25  63.25   13.84 0.000  1.26 0.000000 9.999 0.259000 0.18 0.000000  0.863 0.559   0.913 0.000   1.278 0.000 999.99 0.259000  13.099 0.000   3.733 0.000   9.366 0.000 0.019 0.000  0.903 0.559
 65.25  66.25   42.61 0.000  6.06 0.000000 9.999 0.259000 0.17 0.000000  0.890 0.000   3.350 0.000   4.690 0.000 999.99 0.259000  26.641 0.000  13.040 0.000  13.602 0.000 0.073 0.000  1.173 0.000
 68.25  69.25   28.38 0.559  4.73 0.559000 9.999 0.559259 9.99 0.559259  0.603 0.559   1.555 0.000   2.177 0.000 999.99 0.559259  19.097 0.000  11.132 0.000   7.965 0.559 0.051 0.559  0.621 0.559
 71.25  72.25   30.04 0.000  2.15 0.000000 9.999 0.259000 9.99 0.259000  2.813 0.000   2.399 0.000   3.358 0.000 999.99 0.259000  40.194 0.000  12.043 0.000  28.151 0.000 0.051 0.000  2.258 0.000
 74.25  75.25   52.59 0.000  2.12 0.000000 9.999 0.259000 0.20 0.000000  0.474 0.000   6.421 0.000   8.990 0.000 999.99 0.259000 999.999 0.999 999.999 0.999  20.459 0.000 0.117 0.000  1.979 0.000
 77.25  78.25    9.49 0.000  0.48 0.000000 9.999 0.259000 9.99 0.259000  0.063 0.000   0.420 0.000   0.588 0.000 999.99 0.259000 999.999 0.999 999.999 0.999   1.550 0.000 0.011 0.000  0.245 0.000
 80.25  81.25   23.71 0.559  1.43 0.559000 9.999 0.559259 9.99 0.559259  0.586 0.000   1.245 0.000   1.743 0.000 999.99 0.559259  12.018 0.000   5.920 0.000   6.098 0.559 0.039 0.559  0.658 0.000
 83.25  84.25   40.07 0.559  1.21 0.559000 9.999 0.559259 9.99 0.559259  0.121 0.000   1.633 0.000   2.286 0.000 999.99 0.559259  13.409 0.000   9.284 0.000   4.125 0.559 0.054 0.559  0.145 0.000
 86.25  87.25   22.44 0.559  0.55 0.559000 9.999 0.559259 9.99 0.559259  0.354 0.000   0.615 0.000   0.861 0.000 999.99 0.559259  10.604 0.000   6.295 0.000   4.308 0.559 0.025 0.559  0.411 0.000
 89.25  90.25   49.12 0.559  1.64 0.559000 0.017 0.559000 9.99 0.559259  0.233 0.000   3.058 0.000   4.281 0.000 999.99 0.559259  26.951 0.000  19.723 0.000   7.228 0.559 0.089 0.559  0.352 0.000
 92.25  93.25   29.71 0.559  0.77 0.559000 9.999 0.559259 0.25 0.559000  0.204 0.000   1.141 0.000   1.598 0.000 999.99 0.559259  19.781 0.000  12.917 0.000   6.864 0.559 0.047 0.559  0.934 0.000
 95.25  96.25   16.76 0.000  1.84 0.000000 9.999 0.259000 0.09 0.000000  0.440 0.000   2.373 0.000   3.322 0.000 999.99 0.259000  14.137 0.000   5.377 0.000   8.760 0.000 0.044 0.000  0.836 0.000
 98.25  99.25   58.43 0.559  1.62 0.559000 9.999 0.559259 9.99 0.559259  1.671 0.000  16.560 0.000  23.184 0.000 999.99 0.559259  58.234 0.559  21.876 0.000  36.358 0.559 0.343 0.559  0.673 0.000
101.25 102.25  192.69 0.000  2.23 0.000000 9.999 0.259000 9.99 0.259000  0.401 0.000   4.744 0.000   6.642 0.000 999.99 0.259000  57.207 0.000  42.913 0.000  14.294 0.000 0.147 0.000  0.465 0.000
104.25 105.25   57.35 0.000  1.36 0.000000 9.999 0.259000 0.27 0.000000  0.131 0.000   1.332 0.000   1.864 0.000 999.99 0.259000  25.703 0.000  17.206 0.000   8.496 0.000 0.065 0.000  1.175 0.000
107.25 108.25  101.05 0.000  1.43 0.000000 9.999 0.259000 0.15 0.000000  0.584 0.000   2.747 0.000   3.846 0.000 999.99 0.259000  41.374 0.000  27.340 0.000  14.034 0.000 0.158 0.000  1.482 0.000
110.25 111.25   37.70 0.559  1.23 0.559000 9.999 0.559259 0.10 0.559000  0.119 0.000   0.895 0.000   1.253 0.000 999.99 0.559259   9.680 0.000   6.407 0.000   3.273 0.559 0.030 0.559  0.269 0.000
113.25 114.25   61.90 0.000  1.26 0.000000 9.999 0.259000 0.26 0.000000  0.217 0.000   0.977 0.000   1.368 0.000 999.99 0.259000  12.059 0.000   6.938 0.000   5.122 0.000 0.054 0.000  0.475 0.000
116.25 117.25   49.87 0.000  3.19 0.000000 9.999 0.259000 0.13 0.000000  0.133 0.000   2.524 0.000   3.533 0.000 999.99 0.259000  21.377 0.000  10.514 0.000  10.863 0.000 0.072 0.000  1.199 0.000
119.25 120.25   69.90 0.000  1.38 0.000000 9.999 0.259000 0.26 0.000000  0.112 0.000   2.023 0.000   2.832 0.000 999.99 0.259000  35.092 0.000  24.027 0.000  11.065 0.000 0.110 0.000  1.566 0.000
122.25 123.25   37.94 0.000  2.09 0.000000 9.999 0.259000 0.06 0.000000  0.385 0.000   1.733 0.000   2.426 0.000 999.99 0.259000  20.544 0.000  10.701 0.000   9.843 0.000 0.050 0.000  1.353 0.000
125.25 126.25   62.98 0.559  1.86 0.559000 9.999 0.559259 9.99 0.559259  0.211 0.000   2.133 0.000   2.986 0.000 999.99 0.559259  29.274 0.000  20.120 0.000   9.155 0.559 0.104 0.559  0.887 0.000
128.25 129.25  168.55 0.000  1.12 0.000000 9.999 0.259000 0.13 0.000000  0.314 0.000   6.225 0.000   8.715 0.000 999.99 0.259000  55.556 0.000  35.504 0.000  20.052 0.000 0.300 0.000  1.282 0.000
131.25 132.25   75.81 0.559  0.83 0.559000 9.999 0.559259 9.99 0.559259  0.034 0.000   1.317 0.000   1.845 0.000 999.99 0.559259  31.787 0.000  27.158 0.000   4.630 0.559 0.052 0.559  0.296 0.000
134.25 135.25   53.71 0.000  1.24 0.000000 9.999 0.259000 0.13 0.000000  0.333 0.000   1.910 0.000   2.674 0.000 999.99 0.259000  24.430 0.000  13.439 0.000  10.991 0.000 0.057 0.000  1.465 0.000
137.25 138.25   37.67 0.000  2.49 0.000000 9.999 0.259000 0.09 0.000000  0.154 0.000   1.622 0.000   2.271 0.000 999.99 0.259000  20.669 0.000   6.178 0.000  14.492 0.000 0.044 0.000  2.646 0.000
140.25 141.25   35.57 0.559  0.80 0.559000 9.999 0.559259 9.99 0.559259  0.130 0.000   1.120 0.000   1.568 0.000 999.99 0.559259  21.831 0.000  16.049 0.000   5.782 0.559 0.031 0.559  0.604 0.000
143.25 144.25   20.00 0.559  3.43 0.559000 9.999 0.559259 9.99 0.559259  0.130 0.000   1.127 0.000   1.577 0.000 999.99 0.559259  11.726 0.000   5.839 0.000   5.887 0.559 0.020 0.559  0.700 0.000
146.25 147.25   56.64 0.000  2.07 0.000000 9.999 0.259000 9.99 0.259000  0.086 0.000   2.143 0.000   3.001 0.000 999.99 0.259000  22.465 0.000  14.143 0.000   8.322 0.000 0.043 0.000  0.746 0.000
149.25 150.25   99.54 0.000  0.97 0.000000 9.999 0.259000 9.99 0.259000  0.057 0.000   2.546 0.000   3.564 0.000 999.99 0.259000  44.619 0.000  33.900 0.000  10.719 0.000 0.066 0.000  0.779 0.000
152.25 153.25   19.69 0.559  1.34 0.559000 9.999 0.559259 9.99 0.559259  0.078 0.000   1.496 0.000   2.094 0.000 999.99 0.559259  13.470 0.000   6.412 0.000   7.059 0.559 0.027 0.559  0.790 0.000
155.25 156.25   25.20 0.000  1.77 0.000000 9.999 0.259000 0.09 0.000000  0.155 0.000   1.574 0.000   2.204 0.000 999.99 0.259000  18.240 0.000   7.261 0.000  10.979 0.000 0.043 0.000  1.438 0.000
158.25 159.25   23.02 0.559 99.99 0.559259 9.999 0.559259 9.99 0.559259  0.019 0.000   0.799 0.000   1.118 0.000 999.99 0.559259  12.843 0.000  10.871 0.000   1.972 0.559 0.020 0.559  0.100 0.000
161.25 162.25   35.20 0.000  1.46 0.000000 9.999 0.259000 0.12 0.000000  0.137 0.000   1.155 0.000   1.616 0.000 999.99 0.259000  16.544 0.000  11.838 0.000   4.706 0.000 0.034 0.000  0.413 0.000
164.25 165.25   69.38 0.559  1.61 0.559000 9.999 0.559259 9.99 0.559259  0.123 0.000   1.775 0.000   2.485 0.000 999.99 0.559259  25.041 0.000  16.610 0.000   8.431 0.559 0.045 0.559  1.017 0.000
167.25 168.25  179.27 0.559  1.78 0.559000 9.999 0.559259 9.99 0.559259  0.090 0.000   3.325 0.000   4.655 0.000 999.99 0.559259  67.601 0.000  51.458 0.000  16.143 0.559 0.224 0.559  1.598 0.000
170.25 171.25 9999.99 0.999 99.99 0.999000 9.999 0.999000 9.99 0.999000  0.097 0.000   3.003 0.000   4.205 0.000 999.99 0.999000  43.146 0.000 999.999 0.999 999.999 0.999 9.999 0.999  3.510 0.000
173.25 174.25 9999.99 0.999 99.99 0.999000 9.999 0.999000 9.99 0.999000  0.068 0.000   2.493 0.000   3.491 0.000 999.99 0.999000  30.174 0.000 999.999 0.999 999.999 0.999 9.999 0.999  1.625 0.000
176.25 177.25 9999.99 0.999 99.99 0.999000 9.999 0.999000 9.99 0.999000  0.052 0.000   0.718 0.000   1.005 0.000 999.99 0.999000  12.459 0.000 999.999 0.999 999.999 0.999 9.999 0.999  0.320 0.000
179.25 180.25 9999.99 0.999 99.99 0.999000 9.999 0.999000 9.99 0.999000  0.057 0.000   2.425 0.000   3.394 0.000 999.99 0.999000  18.341 0.000 999.999 0.999 999.999 0.999 9.999 0.999  0.879 0.000
182.25 183.25 9999.99 0.999 99.99 0.999000 9.999 0.999000 9.99 0.999000  0.080 0.000   2.724 0.000   3.814 0.000 999.99 0.999000  39.407 0.000 999.999 0.999 999.999 0.999 9.999 0.999  1.860 0.000
185.25 186.25 9999.99 0.999 99.99 0.999000 9.999 0.999000 9.99 0.999000  0.117 0.000   2.322 0.000   3.251 0.000 999.99 0.999000  42.080 0.000 999.999 0.999 999.999 0.999 9.999 0.999  1.532 0.000
188.25 189.25 9999.99 0.999 99.99 0.999000 9.999 0.999000 9.99 0.999000  0.102 0.000   1.041 0.000   1.457 0.000 999.99 0.999000  48.580 0.000 999.999 0.999 999.999 0.999 9.999 0.999  0.918 0.000
191.25 192.25  126.99 0.559  1.31 0.559000 9.999 0.559259 0.11 0.559000  0.067 0.000   2.249 0.000   3.148 0.000 999.99 0.559259  39.724 0.000  30.379 0.000   9.345 0.559 0.113 0.559  0.503 0.000
194.25 195.25  233.76 0.000  0.89 0.000000 9.999 0.259000 0.21 0.000000  0.078 0.000   2.069 0.000   2.896 0.000 999.99 0.259000  48.109 0.000  35.885 0.000  12.225 0.000 0.137 0.000  1.062 0.000
197.25 198.25  213.40 0.000  1.01 0.000000 9.999 0.259000 0.18 0.000000  0.124 0.000   1.141 0.000   1.597 0.000 999.99 0.259000  54.770 0.000  45.071 0.000   9.699 0.000 0.107 0.000  0.726 0.000
200.25 201.25  317.77 0.000  1.78 0.000000 0.062 0.000000 0.22 0.000000  0.113 0.000   2.540 0.000   3.557 0.000 999.99 0.259000  58.586 0.000  43.861 0.000  14.725 0.000 0.296 0.000  0.826 0.000
203.25 204.25   82.91 0.000  0.75 0.000000 0.033 0.000000 9.99 0.259000  0.051 0.000   1.301 0.000   1.822 0.000 999.99 0.259000  26.756 0.000  21.247 0.000   5.510 0.000 0.041 0.000  0.350 0.000
206.25 207.25  316.69 0.000  1.20 0.000000 9.999 0.259000 0.16 0.000000  0.099 0.559   2.609 0.000   3.653 0.000 999.99 0.259000  52.533 0.000  35.705 0.000  16.828 0.000 0.156 0.000  1.452 0.559
209.25 210.25  110.18 0.000  1.15 0.000000 9.999 0.259000 0.09 0.000000  0.060 0.000   1.708 0.000   2.392 0.000 999.99 0.259000  27.327 0.000  16.801 0.000  10.526 0.000 0.067 0.000  1.075 0.000
212.25 213.25  204.13 0.000  0.63 0.000000 9.999 0.259000 0.15 0.000000  0.069 0.000   2.345 0.000   3.283 0.000 999.99 0.259000  47.917 0.000  36.247 0.000  11.670 0.000 0.113 0.000  0.673 0.000
215.25 216.25  297.28 0.000  1.09 0.000000 9.999 0.259000 0.20 0.000000  0.121 0.559   1.730 0.000   2.422 0.000 999.99 0.259000  27.655 0.000  14.808 0.000  12.847 0.000 0.145 0.000  0.994 0.559
218.25 219.25   44.41 0.000  2.10 0.000000 9.999 0.259000 0.04 0.000000  0.080 0.000   2.212 0.000   3.097 0.000 999.99 0.259000  26.463 0.000  12.717 0.000  13.745 0.000 0.047 0.000  1.736 0.000
221.25 222.25   80.68 0.000  1.46 0.000000 9.999 0.259000 9.99 0.259000  0.066 0.559   2.329 0.000   3.261 0.000 999.99 0.259000  42.688 0.000  31.496 0.000  11.191 0.000 0.057 0.000  0.958 0.559
224.25 225.25   83.92 0.559  1.63 0.559000 9.999 0.559259 9.99 0.559259  0.049 0.559   2.204 0.000   3.085 0.000 999.99 0.559259  32.614 0.000  17.701 0.000  14.913 0.559 0.076 0.559  2.038 0.559
227.25 228.25  294.81 0.559  0.93 0.559000 9.999 0.559259 0.15 0.559000  0.084 0.559   1.249 0.000   1.749 0.000 999.99 0.559259  53.406 0.000  43.060 0.000  10.346 0.559 0.140 0.559  0.642 0.559
230.25 231.25  115.74 0.000  0.92 0.000000 9.999 0.259000 9.99 0.259000  0.047 0.559   2.555 0.000   3.577 0.000 999.99 0.259000  47.628 0.000  32.230 0.000  15.398 0.000 0.078 0.000  1.740 0.559
233.25 234.25  165.92 0.559  0.94 0.559000 0.039 0.559000 0.16 0.559000  0.042 0.559   1.698 0.000   2.377 0.000 999.99 0.559259  46.351 0.000  35.006 0.000  11.345 0.559 0.089 0.559  0.965 0.559
236.25 237.25  233.50 0.559  1.58 0.559000 9.999 0.559259 0.17 0.559000  0.055 0.559   4.063 0.000   5.688 0.000 999.99 0.559259  73.042 0.000  50.523 0.000  22.519 0.559 0.143 0.559  2.081 0.559
239.25 240.25   73.88 0.000  0.64 0.000000 9.999 0.259000 0.17 0.000000  0.051 0.000   1.625 0.000   2.275 0.000 999.99 0.259000  36.243 0.000  26.231 0.000  10.012 0.000 0.054 0.000  1.119 0.000
242.25 243.25    5.56 0.000  0.86 0.000000 0.040 0.000000 9.99 0.259000  0.137 0.559   1.033 0.000   1.446 0.000 999.99 0.259000   6.738 0.000   3.007 0.000   3.731 0.000 0.007 0.000  0.398 0.559
