scripts/IMPROVE-2019_partial/data/US0092U.20080101070000.20191216000000.filterpack...52w.3d.US03L_filterpack_US0092.US03L_IMPROVE_Davis.lev2.nas
51 1001
MISSING INFORMATION
US03L, IMPROVE, , , , , , , 
MISSING INFORMATION
IMPROVE sel_HTAP
1 1
2008 01 01 2019 12 16
3.000000
days from file reference point
4
1 1 1 1
999.999999 999.999 999.999 9.999
end_time of measurement, days from the file reference point
pm10_mass, ug/m3, Matrix=pm10
pm25_mass, ug/m3, Matrix=pm25
numflag, no unit
0
33
Data definition:              EBAS_1.1
Set type code:                TU
Timezone:                     UTC
File name:                    US0092U.20080101070000.20191216000000.filterpack...52w.3d.US03L_filterpack_US0092.US03L_IMPROVE_Davis.lev2.nas
File creation:                20191218120139
Startdate:                    20080101070000
Revision date:                20191216000000
Version:                      2
Version description:          "Data extracted from http://views.cira.colostate.edu/fed/DataWizard 2019-12-16"
Statistics:                   arithmetic mean
Data level:                   2
Period code:                  52w
Resolution code:              3d
Sample duration:              1d
Orig. time res.:              3d
Station code:                 US0092U
Platform code:                US0092S
Station name:                 Phoenix
Station latitude:             33.5038
Station longitude:            -112.0958
Station altitude:             342.0 m
Regime:                       IMG
Component:                    
Unit:                         ug/m3
Matrix:                       
Laboratory code:              US03L
Instrument type:              filterpack
Instrument name:              filterpack_US0092
Method ref:                   US03L_IMPROVE_Davis
Blank correction:             Blank corrected
Volume std. temperature:      ambient
Volume std. pressure:         ambient
starttime endtime PM10 PM2.5 flag
  0.291667   1.291667  11.570   3.640 0.000
  3.291667   4.291667  32.771  10.980 0.000
  6.291667   7.291667   8.777   4.327 0.000
  9.291667  10.291667  34.968  20.037 0.000
 12.291667  13.291667  25.254  15.666 0.000
 15.291667  16.291667  26.527   9.586 0.000
 18.291667  19.291667  30.636  13.910 0.000
 21.291667  22.291667 999.999 999.999 0.999
 24.291667  25.291667 999.999 999.999 0.999
 27.291667  28.291667 999.999 999.999 0.999
 30.291667  31.291667   9.286   3.542 0.000
 33.291667  34.291667  23.820   9.499 0.000
 36.291667  37.291667  22.587  11.229 0.000
 39.291667  40.291667  33.139  15.336 0.000
 42.291667  43.291667  32.379  11.393 0.000
 45.291667  46.291667  16.948   7.144 0.000
 48.291667  49.291667  28.951  16.096 0.000
 51.291667  52.291667  16.146   4.900 0.000
 54.291667  55.291667  18.756   8.907 0.000
 57.291667  58.291667  21.904   6.248 0.000
 60.291667  61.291667  25.253   8.852 0.000
 63.291667  64.291667  24.419   6.767 0.000
 66.291667  67.291667  31.534   7.806 0.000
 69.291667  70.291667  30.213   8.852 0.000
 72.291667  73.291667  33.028   8.866 0.000
 75.291667  76.291667  18.541   4.659 0.000
 78.291667  79.291667  35.348   8.315 0.000
 81.291667  82.291667  27.680   9.623 0.000
 84.291667  85.291667  32.491  11.303 0.000
 87.291667  88.291667  27.176   9.593 0.000
 90.291667  91.291667  32.552   9.076 0.000
 93.291667  94.291667  19.818   7.288 0.000
 96.291667  97.291667  21.759   6.981 0.000
 99.291667 100.291667  52.507  12.453 0.000
102.291667 103.291667  17.909   6.245 0.000
105.291667 106.291667  23.026   6.603 0.000
108.291667 109.291667  40.892  13.194 0.000
111.291667 112.291667  31.034  12.507 0.000
114.291667 115.291667  37.955  13.221 0.000
117.291667 118.291667  28.063  11.619 0.000
120.291667 121.291667  51.952  13.579 0.000
123.291667 124.291667  23.759   7.832 0.000
126.291667 127.291667  19.555   6.601 0.000
129.291667 130.291667  34.696  15.089 0.000
132.291667 133.291667  37.562  14.107 0.000
135.291667 136.291667  28.112   7.346 0.000
138.291667 139.291667  17.660   6.997 0.000
141.291667 142.291667  60.607  13.600 0.000
144.291667 145.291667  22.463   8.419 0.000
147.291667 148.291667  25.050   6.627 0.000
150.291667 151.291667  18.412   8.379 0.000
153.291667 154.291667  23.515   7.320 0.000
156.291667 157.291667  40.949  18.276 0.000
159.291667 160.291667  24.497   9.849 0.000
162.291667 163.291667  26.870  10.319 0.000
165.291667 166.291667  27.141 999.999 0.000
168.291667 169.291667  26.423 999.999 0.000
171.291667 172.291667  25.445 999.999 0.000
174.291667 175.291667  23.634 999.999 0.000
177.291667 178.291667  31.452  11.312 0.000
180.291667 181.291667  24.664  10.044 0.000
183.291667 184.291667  31.357   9.239 0.000
186.291667 187.291667  16.738   6.323 0.000
189.291667 190.291667  26.706   6.909 0.000
192.291667 193.291667  17.058 999.999 0.000
195.291667 196.291667  11.680 999.999 0.000
198.291667 199.291667  17.468   6.373 0.000
201.291667 202.291667   8.966   4.041 0.000
204.291667 205.291667  17.731   5.391 0.000
207.291667 208.291667  16.235   5.842 0.000
210.291667 211.291667  17.322   4.648 0.000
213.291667 214.291667  23.344   7.724 0.000
216.291667 217.291667  18.866   5.838 0.000
219.291667 220.291667  27.526   7.610 0.000
222.291667 223.291667  27.744   7.815 0.000
225.291667 226.291667  23.708   7.533 0.000
228.291667 229.291667  13.414   5.037 0.000
231.291667 232.291667  14.537   4.737 0.000
234.291667 235.291667  24.209   9.607 0.000
237.291667 238.291667  24.369   6.675 0.000
240.291667 241.291667  16.050   4.710 0.000
243.291667 244.291667   7.718   2.343 0.000
246.291667 247.291667  17.672   5.809 0.000
249.291667 250.291667  21.408   8.032 0.000
252.291667 253.291667  18.305   6.010 0.000
255.291667 256.291667  36.597   8.642 0.000
258.291667 259.291667  16.532   4.545 0.000
261.291667 262.291667  28.247   8.687 0.000
264.291667 265.291667  12.656   4.204 0.000
267.291667 268.291667  24.727   8.428 0.000
270.291667 271.291667  17.299   6.579 0.000
273.291667 274.291667  24.891  12.217 0.000
276.291667 277.291667  32.153   9.376 0.000
279.291667 280.291667  24.173   8.137 0.000
282.291667 283.291667  40.518   9.087 0.000
285.291667 286.291667  17.133   4.649 0.000
288.291667 289.291667 999.999 999.999 0.999
291.291667 292.291667  22.921   8.711 0.000
294.291667 295.291667  26.637   7.337 0.000
297.291667 298.291667  34.904  12.188 0.000
300.291667 301.291667  46.207  12.800 0.000
303.291667 304.291667  44.368  14.796 0.000
306.291667 307.291667  25.927   8.902 0.000
309.291667 310.291667  46.158   9.058 0.000
312.291667 313.291667  40.929  13.214 0.000
315.291667 316.291667  31.000   7.752 0.000
318.291667 319.291667  33.188   9.694 0.000
321.291667 322.291667  33.039  10.327 0.000
324.291667 325.291667  40.436  12.096 0.000
327.291667 328.291667  45.792  18.865 0.000
330.291667 331.291667  28.067   9.744 0.000
333.291667 334.291667  24.416  17.073 0.000
336.291667 337.291667  25.640  11.200 0.000
339.291667 340.291667  32.745  13.988 0.000
342.291667 343.291667  28.547  13.979 0.000
345.291667 346.291667  31.573  12.145 0.000
348.291667 349.291667  24.609   8.307 0.000
351.291667 352.291667   5.387   2.198 0.000
354.291667 355.291667  33.936  23.028 0.659
357.291667 358.291667  18.073  11.894 0.000
360.291667 361.291667   7.086   2.750 0.000
363.291667 364.291667  28.032  16.070 0.000
