scripts/IMPROVE-2019_partial/data/US0069R.20030103080000.20191216000000.filterpack..pm25.1y.1w.US03L_filterpack_US0069.US03L_IMPROVE_Davis.lev2.nas
66 1001
MISSING INFORMATION
US03L, IMPROVE, , , , , , , 
MISSING INFORMATION
IMPROVE sel_HTAP
1 1
2003 01 01 2019 12 16
3.000000
days from file reference point
27
1 1 1 1 1 1 1 1 1 1 1 1 1 1 1 1 1 1 1 1 1 1 1 1 1 1 1
999.999999 999.99 9.999 999.99 9.999 9.999 9.999999 9.99 9.999999 9.999 9.999 99.999 9.999 99.999 9.999 99.99 9.999999 999.999 9.999 99.999 9.999 999.999 9.999 9.999 9.999 9.999 9.999
end_time of measurement, days from the file reference point
iron, ng/m3, Revision date=20181210133000
numflag iron, no unit, Revision date=20181210133000
lead, ng/m3, Revision date=20181210133000
numflag lead, no unit, Revision date=20181210133000
magnesium, ug/m3, Revision date=20181210133000
numflag magnesium, no unit, Revision date=20181210133000
nickel, ng/m3, Revision date=20181210133000
numflag nickel, no unit, Revision date=20181210133000
nitrate, ug N/m3, Revision date=20181210133000
numflag nitrate, no unit, Revision date=20181210133000
organic_carbon, ug C/m3, Revision date=20181210133000
numflag organic_carbon, no unit, Revision date=20181210133000
organic_mass, ug/m3, Revision date=20181210133000
numflag organic_mass, no unit, Revision date=20181210133000
phosphorus, ng/m3, Revision date=20181210133000
numflag phosphorus, no unit, Revision date=20181210133000
pm10_mass, ug/m3, Version=2, Version description=Data extracted from http://views.cira.colostate.edu/fed/DataWizard 2019-12-16, Sample duration=1d, Orig. time res.=3d, Matrix=pm10, Blank correction=Blank corrected, Volume std. temperature=ambient, Volume std. pressure=ambient
numflag pm10_mass, no unit, Version=2, Version description=Data extracted from http://views.cira.colostate.edu/fed/DataWizard 2019-12-16, Sample duration=1d, Orig. time res.=3d, Matrix=pm10, Blank correction=Blank corrected, Volume std. temperature=ambient, Volume std. pressure=ambient
pm10_pm25_mass, ug/m3, Revision date=20181210133000, Matrix=pm10_pm25
numflag pm10_pm25_mass, no unit, Revision date=20181210133000, Matrix=pm10_pm25
pm25_mass, ug/m3, Version=2, Version description=Data extracted from http://views.cira.colostate.edu/fed/DataWizard 2019-12-16, Sample duration=1d, Orig. time res.=3d, Blank correction=Blank corrected, Volume std. temperature=ambient, Volume std. pressure=ambient
numflag pm25_mass, no unit, Version=2, Version description=Data extracted from http://views.cira.colostate.edu/fed/DataWizard 2019-12-16, Sample duration=1d, Orig. time res.=3d, Blank correction=Blank corrected, Volume std. temperature=ambient, Volume std. pressure=ambient
potassium, ug/m3, Revision date=20181210133000
numflag potassium, no unit, Revision date=20181210133000
sulphate_total, ug S/m3, Revision date=20181210133000
numflag sulphate_total, no unit, Revision date=20181210133000
0
25
Data definition:              EBAS_1.1
Set type code:                TU
Timezone:                     UTC
File name:                    US0069R.20030103080000.20191216000000.filterpack..pm25.1y.1w.US03L_filterpack_US0069.US03L_IMPROVE_Davis.lev2.nas
File creation:                20191218115956
Startdate:                    20030103080000
Revision date:                20191216000000
Statistics:                   arithmetic mean
Data level:                   2
Period code:                  1y
Resolution code:              1w
Station code:                 US0069R
Platform code:                US0069S
Station name:                 Kalmiopsis
Station latitude:             42.552
Station longitude:            -124.0589
Station altitude:             80.0 m
Regime:                       IMG
Component:                    
Matrix:                       pm25
Laboratory code:              US03L
Instrument type:              filterpack
Instrument name:              filterpack_US0069
Method ref:                   US03L_IMPROVE_Davis
starttime endtime Fe flag_Fe Pb flag_Pb Mg++ flag_Mg++ Ni flag_Ni NO3- flag_NO3- OC flag_OC OM flag_OM P flag_P PM10 flag_PM10 PM10-PM2.5 flag_PM10-PM2.5 PM2.5 flag_PM2.5 K+ flag_K+ SO4-- flag_SO4--
  2.333333   3.333333   1.33 0.559  19.80 0.559 9.999 0.559259 9.99 0.559259 0.014 0.000  4.480 0.000  6.272 0.000 99.99 0.559259   7.845 0.000  1.357 0.000   6.488 0.559 0.033 0.559 0.035 0.000
  5.333333   6.333333   1.45 0.000   0.14 0.000 9.999 0.259000 9.99 0.259000 0.011 0.000  1.065 0.000  1.492 0.000 99.99 0.259000   2.572 0.000  0.805 0.000   1.767 0.000 0.012 0.000 0.017 0.000
  8.333333   9.333333   3.45 0.000   1.11 0.000 9.999 0.259000 9.99 0.259000 0.012 0.000  2.202 0.000  3.083 0.000 99.99 0.259000   4.745 0.000  0.508 0.000   4.237 0.000 0.028 0.000 0.038 0.000
 11.333333  12.333333   0.42 0.000   0.17 0.000 0.021 0.000000 0.06 0.000000 0.005 0.000  1.464 0.000  2.049 0.000 99.99 0.259000   2.572 0.000  0.774 0.000   1.798 0.000 0.014 0.000 0.006 0.000
 14.333333  15.333333   1.30 0.000   0.31 0.000 0.018 0.000000 9.99 0.259000 0.003 0.000  1.028 0.000  1.440 0.000  2.89 0.000000   2.872 0.000  1.345 0.000   1.527 0.000 0.015 0.000 0.019 0.000
 17.333333  18.333333   1.90 0.000   1.26 0.000 0.010 0.000000 9.99 0.259000 0.008 0.000  2.080 0.000  2.912 0.000 99.99 0.259000   4.287 0.000  0.619 0.000   3.668 0.000 0.026 0.000 0.023 0.000
 20.333333  21.333333   3.99 0.000   0.68 0.000 0.014 0.000000 9.99 0.259000 0.014 0.000  1.422 0.000  1.990 0.000 99.99 0.259000   3.682 0.000  0.936 0.000   2.746 0.000 0.020 0.000 0.046 0.000
 23.333333  24.333333   0.71 0.000   0.24 0.000 9.999 0.259000 9.99 0.259000 0.008 0.000  1.080 0.000  1.512 0.000  3.51 0.000000   2.556 0.000  0.937 0.000   1.619 0.000 0.016 0.000 0.015 0.000
 26.333333  27.333333   1.77 0.000   0.19 0.000 9.999 0.259000 0.08 0.000000 0.021 0.000  1.187 0.000  1.662 0.000 99.99 0.259000   3.920 0.000  1.725 0.000   2.195 0.000 0.016 0.000 0.064 0.000
 29.333333  30.333333   0.69 0.000   2.92 0.000 0.012 0.000000 9.99 0.259000 0.005 0.000  1.083 0.000  1.517 0.000  1.04 0.000000   1.629 0.000  0.420 0.000   1.209 0.000 0.007 0.000 0.004 0.000
 32.333333  33.333333   0.35 0.000   0.10 0.000 9.999 0.259000 0.06 0.000000 0.008 0.000  0.862 0.000  1.207 0.000 99.99 0.259000   2.015 0.000  0.655 0.000   1.359 0.000 0.006 0.000 0.018 0.000
 35.333333  36.333333   2.93 0.000   0.13 0.000 9.999 0.259000 9.99 0.259000 0.014 0.000  0.999 0.000  1.398 0.000 99.99 0.259000   2.200 0.000  0.548 0.000   1.652 0.000 0.025 0.000 0.045 0.000
 38.333333  39.333333   4.98 0.000   1.19 0.000 9.999 0.259000 9.99 0.259000 0.012 0.000  2.080 0.000  2.912 0.000 99.99 0.259000   4.313 0.000  0.934 0.000   3.379 0.000 0.029 0.000 0.054 0.000
 41.333333  42.333333   7.01 0.000   0.91 0.000 9.999 0.259000 9.99 0.259000 0.012 0.000  2.479 0.000  3.470 0.000 99.99 0.259000   5.056 0.000  0.745 0.000   4.311 0.000 0.052 0.000 0.070 0.000
 44.333333  45.333333   2.21 0.000   0.34 0.000 9.999 0.259000 0.15 0.000000 0.016 0.000  0.947 0.000  1.326 0.000 99.99 0.259000   3.086 0.000  0.792 0.000   2.294 0.000 0.016 0.000 0.168 0.000
 47.333333  48.333333   2.41 0.000   0.30 0.000 0.011 0.000000 9.99 0.259000 0.010 0.000  0.798 0.000  1.118 0.000 99.99 0.259000   2.915 0.000  1.294 0.000   1.621 0.000 0.015 0.000 0.047 0.000
 50.333333  51.333333   1.13 0.000   0.07 0.000 0.012 0.000000 0.07 0.000000 0.007 0.000  0.189 0.000  0.265 0.000 99.99 0.259000   1.843 0.000  1.115 0.000   0.728 0.000 0.008 0.000 0.037 0.000
 53.333333  54.333333  11.63 0.000   0.65 0.000 9.999 0.259000 0.03 0.000000 0.015 0.000  0.755 0.000  1.057 0.000 99.99 0.259000   2.529 0.000  0.908 0.000   1.621 0.000 0.032 0.000 0.053 0.000
 56.333333  57.333333   9.54 0.000   0.53 0.000 9.999 0.259000 0.13 0.000000 0.032 0.000  0.964 0.000  1.350 0.000 99.99 0.259000   4.673 0.000  2.095 0.000   2.578 0.000 0.028 0.000 0.160 0.000
 59.333333  60.333333   2.88 0.000   0.25 0.000 9.999 0.259000 9.99 0.259000 0.005 0.000  0.780 0.000  1.092 0.000 99.99 0.259000   2.272 0.000  0.829 0.000   1.443 0.000 0.016 0.000 0.055 0.000
 62.333333  63.333333   1.88 0.000   0.26 0.000 0.017 0.000000 0.03 0.000000 0.008 0.000  0.410 0.000  0.575 0.000 99.99 0.259000   1.993 0.000  0.838 0.000   1.154 0.000 0.012 0.000 0.059 0.000
 65.333333  66.333333   1.97 0.000 999.99 0.259 0.009 0.000000 9.99 0.259000 0.004 0.000  0.576 0.000  0.807 0.000  2.06 0.000000   2.100 0.000  1.037 0.000   1.064 0.000 0.009 0.000 0.046 0.000
 68.333333  69.333333   0.70 0.000   0.15 0.000 9.999 0.259000 9.99 0.259000 0.004 0.000  0.557 0.000  0.779 0.000 99.99 0.259000   1.757 0.000  0.765 0.000   0.992 0.000 0.011 0.000 0.025 0.000
 71.333333  72.333333   4.08 0.000   0.16 0.000 9.999 0.259000 0.08 0.000000 0.008 0.000  0.256 0.000  0.359 0.000  2.09 0.000000   2.556 0.000  1.425 0.000   1.131 0.000 0.012 0.000 0.053 0.000
 74.333333  75.333333   1.86 0.000 999.99 0.259 9.999 0.259000 9.99 0.259000 0.009 0.000  0.275 0.000  0.385 0.000 99.99 0.259000   2.015 0.000  1.018 0.000   0.996 0.000 0.009 0.000 0.032 0.000
 77.333333  78.333333  22.94 0.000   0.60 0.000 0.007 0.000000 9.99 0.259000 0.026 0.000  1.000 0.000  1.400 0.000 99.99 0.259000   4.167 0.000  1.482 0.000   2.685 0.000 0.027 0.000 0.135 0.000
 80.333333  81.333333   5.93 0.000   0.13 0.000 9.999 0.259000 9.99 0.259000 0.016 0.000  0.523 0.000  0.732 0.000 99.99 0.259000   2.588 0.000  1.217 0.000   1.371 0.000 0.011 0.000 0.046 0.000
 83.333333  84.333333   5.54 0.000   0.31 0.000 9.999 0.259000 9.99 0.259000 0.017 0.000  0.681 0.000  0.953 0.000 99.99 0.259000   2.428 0.000  0.926 0.000   1.502 0.000 0.020 0.000 0.051 0.000
 86.333333  87.333333   6.03 0.000   0.54 0.000 9.999 0.259000 9.99 0.259000 0.059 0.000  1.422 0.000  1.990 0.000 99.99 0.259000   5.362 0.000  1.859 0.000   3.503 0.000 0.030 0.000 0.083 0.000
 89.333333  90.333333   8.14 0.000   0.64 0.000 0.018 0.000000 0.22 0.000000 0.072 0.000  1.163 0.000  1.629 0.000 99.99 0.259000   6.076 0.000  2.573 0.000   3.504 0.000 0.025 0.000 0.190 0.000
 92.333333  93.333333   1.65 0.000   0.18 0.000 0.011 0.000000 0.04 0.000000 0.014 0.000  0.283 0.000  0.397 0.000 99.99 0.259000   1.259 0.000  0.494 0.000   0.765 0.000 0.007 0.000 0.037 0.000
 95.333333  96.333333   2.00 0.000 999.99 0.259 9.999 0.259000 0.07 0.000000 0.009 0.000  0.210 0.000  0.295 0.000  1.02 0.000000   0.863 0.000  0.317 0.000   0.546 0.000 0.008 0.000 0.011 0.000
 98.333333  99.333333  10.32 0.000   0.38 0.000 9.999 0.259000 9.99 0.259000 0.018 0.000  0.346 0.000  0.484 0.000 99.99 0.259000   3.168 0.000  1.663 0.000   1.506 0.000 0.015 0.000 0.114 0.000
101.333333 102.333333   8.34 0.000   0.74 0.000 9.999 0.259000 0.05 0.000000 0.013 0.000  0.765 0.000  1.070 0.000 99.99 0.259000   3.925 0.000  1.610 0.000   2.315 0.000 0.025 0.000 0.181 0.000
104.333333 105.333333   1.52 0.000 999.99 0.259 0.012 0.000000 9.99 0.259000 0.006 0.000  0.260 0.000  0.363 0.000 99.99 0.259000   1.838 0.000  1.069 0.000   0.769 0.000 0.007 0.000 0.041 0.000
107.333333 108.333333  15.78 0.000   0.79 0.000 9.999 0.259000 9.99 0.259000 0.035 0.000  1.117 0.000  1.563 0.000 99.99 0.259000   7.465 0.000  2.890 0.000   4.575 0.000 0.034 0.000 0.396 0.000
110.333333 111.333333  31.06 0.000   1.61 0.000 9.999 0.259000 9.99 0.259000 0.033 0.000  0.504 0.000  0.705 0.000 99.99 0.259000   5.773 0.000  2.162 0.000   3.611 0.000 0.045 0.000 0.411 0.000
113.333333 114.333333   2.36 0.000   0.15 0.000 9.999 0.259000 9.99 0.259000 0.004 0.000  0.295 0.000  0.413 0.000 99.99 0.259000   1.085 0.000  0.578 0.000   0.507 0.000 0.008 0.000 0.035 0.000
116.333333 117.333333  12.46 0.000   0.77 0.000 9.999 0.259000 9.99 0.259000 0.016 0.000  0.549 0.000  0.769 0.000 99.99 0.259000   3.450 0.000  1.562 0.000   1.888 0.000 0.020 0.000 0.165 0.000
119.333333 120.333333   2.76 0.000   0.19 0.000 0.006 0.000000 9.99 0.259000 0.009 0.000  0.690 0.000  0.966 0.000 99.99 0.259000   2.545 0.000  1.299 0.000   1.246 0.000 0.012 0.000 0.058 0.000
122.333333 123.333333  13.76 0.000   0.47 0.000 9.999 0.259000 0.08 0.000000 0.052 0.559  0.939 0.000  1.314 0.000 99.99 0.259000   7.509 0.000  3.444 0.000   4.064 0.000 0.031 0.000 0.390 0.559
125.333333 126.333333  19.71 0.000   0.68 0.000 9.999 0.259000 0.09 0.000000 0.056 0.000  1.483 0.000  2.077 0.000 99.99 0.259000   7.861 0.000  2.904 0.000   4.957 0.000 0.037 0.000 0.381 0.000
128.333333 129.333333   5.60 0.000   0.52 0.000 9.999 0.259000 9.99 0.259000 0.017 0.000  0.696 0.000  0.974 0.000 99.99 0.259000   3.538 0.000  1.348 0.000   2.190 0.000 0.016 0.000 0.187 0.000
131.333333 132.333333  19.26 0.000   1.03 0.000 9.999 0.259000 9.99 0.259000 0.026 0.000  1.046 0.000  1.465 0.000 99.99 0.259000   6.033 0.000  2.097 0.000   3.936 0.000 0.032 0.000 0.338 0.000
134.333333 135.333333   9.79 0.000   0.35 0.000 9.999 0.259000 0.09 0.000000 0.037 0.000  1.352 0.000  1.893 0.000 99.99 0.259000   7.505 0.000  2.812 0.000   4.693 0.000 0.026 0.000 0.367 0.000
137.333333 138.333333   5.75 0.000   0.32 0.000 9.999 0.259000 9.99 0.259000 0.021 0.000  0.865 0.000  1.210 0.000 99.99 0.259000   4.471 0.000  1.835 0.000   2.635 0.000 0.014 0.000 0.178 0.000
140.333333 141.333333  15.56 0.000   0.92 0.000 9.999 0.259000 0.13 0.000000 0.046 0.000  2.785 0.000  3.900 0.000 99.99 0.259000   9.375 0.000  2.016 0.000   7.359 0.000 0.047 0.000 0.332 0.000
143.333333 144.333333   7.29 0.000   1.96 0.000 9.999 0.259000 9.99 0.259000 0.013 0.000  0.599 0.000  0.839 0.000 99.99 0.259000   3.019 0.000  1.407 0.000   1.612 0.000 0.016 0.000 0.096 0.000
146.333333 147.333333  15.44 0.000   0.49 0.000 9.999 0.259000 9.99 0.259000 0.036 0.000  1.119 0.000  1.567 0.000 99.99 0.259000   4.982 0.000  2.225 0.000   2.757 0.000 0.021 0.000 0.184 0.000
149.333333 150.333333   6.26 0.559   0.24 0.559 9.999 0.559259 0.17 0.559000 0.057 0.000  0.783 0.000  1.096 0.000 99.99 0.559259   6.424 0.000  2.551 0.000   3.873 0.559 0.027 0.559 0.288 0.000
152.333333 153.333333  25.55 0.000   0.70 0.000 0.053 0.000000 0.11 0.000000 0.070 0.000  1.811 0.000  2.535 0.000 99.99 0.259000   9.619 0.000  3.191 0.000   6.428 0.000 0.051 0.000 0.392 0.000
155.333333 156.333333  40.26 0.559   1.00 0.559 0.031 0.559000 0.19 0.559000 0.042 0.559  2.750 0.000  3.851 0.000 99.99 0.559259  10.568 0.000  2.929 0.000   7.639 0.559 0.046 0.559 0.358 0.559
158.333333 159.333333  12.68 0.000   0.55 0.000 9.999 0.259000 0.13 0.000000 0.041 0.000  1.268 0.000  1.775 0.000 99.99 0.259000   6.725 0.000  2.337 0.000   4.388 0.000 0.032 0.000 0.280 0.000
161.333333 162.333333  15.48 0.000 999.99 0.259 9.999 0.259000 0.10 0.000000 0.083 0.000  1.333 0.000  1.867 0.000 99.99 0.259000   8.445 0.000  3.350 0.000   5.095 0.000 0.037 0.000 0.268 0.000
164.333333 165.333333   3.15 0.000 999.99 0.259 0.028 0.000000 0.09 0.000000 0.035 0.000  0.562 0.000  0.786 0.000 99.99 0.259000   5.946 0.000  2.920 0.000   3.026 0.000 0.023 0.000 0.309 0.000
167.333333 168.333333  11.07 0.000   0.40 0.000 9.999 0.259000 0.30 0.000000 0.100 0.000  1.342 0.000  1.879 0.000 99.99 0.259000   8.350 0.000  3.683 0.000   4.668 0.000 0.032 0.000 0.369 0.000
170.333333 171.333333   5.50 0.000   0.19 0.000 9.999 0.259000 9.99 0.259000 0.018 0.000  0.454 0.000  0.635 0.000 99.99 0.259000   3.299 0.000  1.859 0.000   1.440 0.000 0.008 0.000 0.141 0.000
173.333333 174.333333   5.60 0.000 999.99 0.259 9.999 0.259000 9.99 0.259000 0.025 0.000  0.239 0.000  0.334 0.000 99.99 0.259000   3.819 0.000  2.210 0.000   1.610 0.000 0.012 0.000 0.178 0.000
176.333333 177.333333  37.89 0.559   0.75 0.559 9.999 0.559259 0.10 0.559000 0.034 0.000  1.898 0.000  2.658 0.000 99.99 0.559259   8.916 0.000  3.791 0.000   5.126 0.559 0.033 0.559 0.294 0.000
179.333333 180.333333  12.17 0.000   0.45 0.000 9.999 0.259000 0.44 0.000000 0.129 0.000  1.278 0.000  1.789 0.000 99.99 0.259000   8.124 0.000  3.345 0.000   4.778 0.000 0.035 0.000 0.389 0.000
182.333333 183.333333  15.85 0.000   0.32 0.000 9.999 0.259000 0.13 0.000000 0.060 0.000  0.691 0.000  0.968 0.000 99.99 0.259000   6.858 0.000  3.998 0.000   2.860 0.000 0.021 0.000 0.215 0.000
185.333333 186.333333  14.03 0.000   1.19 0.000 9.999 0.259000 0.06 0.000000 0.051 0.000  1.019 0.000  1.427 0.000 99.99 0.259000   6.341 0.000  3.121 0.000   3.220 0.000 0.111 0.000 0.224 0.000
188.333333 189.333333   4.09 0.000   0.17 0.000 9.999 0.259000 0.15 0.000000 0.026 0.000  0.399 0.000  0.559 0.000 99.99 0.259000   4.010 0.000  1.819 0.000   2.191 0.000 0.007 0.000 0.301 0.000
191.333333 192.333333   9.16 0.559   0.17 0.559 9.999 0.559259 0.07 0.559000 0.018 0.000  0.509 0.000  0.712 0.000 99.99 0.559259   2.708 0.000  1.037 0.000   1.671 0.559 0.009 0.559 0.194 0.000
194.333333 195.333333   5.63 0.000   0.17 0.000 9.999 0.259000 0.21 0.000000 0.046 0.000  0.697 0.000  0.976 0.000 99.99 0.259000   5.358 0.000  2.727 0.000   2.632 0.000 0.014 0.000 0.251 0.000
197.333333 198.333333  23.51 0.559   0.17 0.559 9.999 0.559259 0.18 0.559000 0.050 0.000  1.359 0.000  1.902 0.000 99.99 0.559259   7.505 0.000  3.345 0.000   4.160 0.559 0.048 0.559 0.238 0.000
200.333333 201.333333  17.82 0.000   0.28 0.000 0.016 0.000000 0.14 0.000000 0.014 0.000  0.935 0.000  1.309 0.000 99.99 0.259000   5.441 0.000  3.115 0.000   2.325 0.000 0.016 0.000 0.126 0.000
203.333333 204.333333  51.01 0.559   0.29 0.559 9.999 0.559259 0.15 0.559000 0.126 0.000  1.651 0.000  2.311 0.000 99.99 0.559259  13.676 0.000  7.459 0.000   6.217 0.559 0.057 0.559 0.342 0.000
206.333333 207.333333  14.53 0.000   0.13 0.000 9.999 0.259000 0.13 0.000000 0.088 0.000  1.277 0.000  1.788 0.000 99.99 0.259000   8.702 0.000  4.083 0.000   4.619 0.000 0.029 0.000 0.403 0.000
209.333333 210.333333  51.45 0.000   0.55 0.000 9.999 0.259000 0.28 0.000000 0.027 0.000  2.456 0.000  3.439 0.000 99.99 0.259000  10.284 0.000  4.931 0.000   5.353 0.000 0.024 0.000 0.258 0.000
212.333333 213.333333  36.98 0.000   0.37 0.000 9.999 0.259000 0.36 0.000000 0.074 0.000  1.735 0.000  2.428 0.000 99.99 0.259000   9.403 0.000  3.854 0.000   5.549 0.000 0.029 0.000 0.334 0.000
215.333333 216.333333   5.77 0.000   0.07 0.000 0.025 0.000000 0.24 0.000000 0.028 0.000  1.161 0.000  1.626 0.000 99.99 0.259000   5.047 0.000  1.893 0.000   3.154 0.000 0.015 0.000 0.229 0.000
218.333333 219.333333   6.15 0.000   0.13 0.000 9.999 0.259000 0.06 0.000000 0.015 0.000  1.220 0.000  1.708 0.000 99.99 0.259000   4.372 0.000  1.332 0.000   3.040 0.000 0.014 0.000 0.184 0.000
221.333333 222.333333   2.75 0.000   0.23 0.000 9.999 0.259000 0.14 0.000000 0.030 0.000  0.579 0.000  0.810 0.000 99.99 0.259000   4.082 0.000  1.859 0.000   2.223 0.000 0.013 0.000 0.233 0.000
224.333333 225.333333  16.54 0.000   0.26 0.000 9.999 0.259000 0.14 0.000000 0.049 0.000  0.905 0.000  1.267 0.000 99.99 0.259000   7.203 0.000  3.998 0.000   3.205 0.000 0.027 0.000 0.218 0.000
227.333333 228.333333  10.82 0.000   0.16 0.000 9.999 0.259000 0.15 0.000000 0.041 0.000  1.371 0.000  1.919 0.000 99.99 0.259000   7.416 0.000  3.523 0.000   3.893 0.000 0.028 0.000 0.243 0.000
230.333333 231.333333  24.03 0.000   0.24 0.000 9.999 0.259000 0.14 0.000000 0.046 0.000  0.775 0.000  1.085 0.000 99.99 0.259000 999.999 0.456 99.999 0.999   3.399 0.000 0.032 0.000 0.164 0.000
233.333333 234.333333   6.09 0.000   0.28 0.000 9.999 0.259000 0.13 0.000000 0.019 0.000  0.417 0.000  0.583 0.000 99.99 0.259000 999.999 0.456 99.999 0.999   1.712 0.000 0.008 0.000 0.152 0.000
236.333333 237.333333  22.64 0.000   0.93 0.000 9.999 0.259000 0.17 0.000000 0.072 0.000  1.630 0.000  2.283 0.000 99.99 0.259000 999.999 0.456 99.999 0.999   5.161 0.000 0.032 0.000 0.310 0.000
239.333333 240.333333  26.81 0.559   0.38 0.559 9.999 0.559259 0.17 0.559000 0.076 0.000  1.183 0.000  1.656 0.000 99.99 0.559259   8.713 0.000  4.422 0.000   4.291 0.559 0.045 0.559 0.272 0.000
242.333333 243.333333  38.20 0.000   1.11 0.000 9.999 0.259000 0.24 0.000000 0.044 0.000  2.936 0.000  4.111 0.000 99.99 0.259000  13.399 0.000  5.563 0.000   7.836 0.000 0.040 0.000 0.345 0.000
245.333333 246.333333  44.31 0.699   0.63 0.699 9.999 0.699259 0.28 0.699000 0.175 0.000 99.999 0.999 99.999 0.999 99.99 0.699259 999.999 0.456 99.999 0.999  10.932 0.699 0.078 0.699 0.366 0.000
