scripts/IMPROVE-2019_partial/data/US0083R.20090101080000.20191216000000.filterpack...52w.3d.US03L_filterpack_US0083.US03L_IMPROVE_Davis.lev2.nas
52 1001
MISSING INFORMATION
US03L, IMPROVE, , , , , , , 
MISSING INFORMATION
IMPROVE sel_HTAP
1 1
2009 01 01 2019 12 16
3.000000
days from file reference point
5
1 1 1 1 1
999.999999 999.999 9.999 999.999 9.999
end_time of measurement, days from the file reference point
pm10_mass, ug/m3, Matrix=pm10
numflag pm10_mass, no unit, Matrix=pm10
pm25_mass, ug/m3, Matrix=pm25
numflag pm25_mass, no unit, Matrix=pm25
0
33
Data definition:              EBAS_1.1
Set type code:                TU
Timezone:                     UTC
File name:                    US0083R.20090101080000.20191216000000.filterpack...52w.3d.US03L_filterpack_US0083.US03L_IMPROVE_Davis.lev2.nas
File creation:                20191218120103
Startdate:                    20090101080000
Revision date:                20191216000000
Version:                      2
Version description:          "Data extracted from http://views.cira.colostate.edu/fed/DataWizard 2019-12-16"
Statistics:                   arithmetic mean
Data level:                   2
Period code:                  52w
Resolution code:              3d
Sample duration:              1d
Orig. time res.:              3d
Station code:                 US0083R
Platform code:                US0083S
Station name:                 Columbia River Gorge
Station latitude:             45.6644
Station longitude:            -121.0008
Station altitude:             178.0 m
Regime:                       IMG
Component:                    
Unit:                         ug/m3
Matrix:                       
Laboratory code:              US03L
Instrument type:              filterpack
Instrument name:              filterpack_US0083
Method ref:                   US03L_IMPROVE_Davis
Blank correction:             Blank corrected
Volume std. temperature:      ambient
Volume std. pressure:         ambient
starttime endtime PM10 flag_PM10 PM2.5 flag_PM2.5
  0.333333   1.333333   3.573 0.000   1.030 0.000
  3.333333   4.333333   5.399 0.000   7.161 0.000
  6.333333   7.333333   1.817 0.000   0.357 0.000
  9.333333  10.333333   5.004 0.000   2.608 0.000
 12.333333  13.333333   5.401 0.000   1.721 0.000
 15.333333  16.333333   5.482 0.000   3.832 0.000
 18.333333  19.333333   4.440 0.000   3.107 0.000
 21.333333  22.333333  10.144 0.000   5.140 0.000
 24.333333  25.333333   5.465 0.000   3.611 0.000
 27.333333  28.333333   4.403 0.000   1.843 0.000
 30.333333  31.333333  10.262 0.000   3.699 0.000
 33.333333  34.333333   7.931 0.000   5.373 0.000
 36.333333  37.333333  10.007 0.000  13.264 0.000
 39.333333  40.333333  12.605 0.000   3.127 0.000
 42.333333  43.333333   5.939 0.000   5.363 0.000
 45.333333  46.333333   5.941 0.000   4.407 0.000
 48.333333  49.333333   6.569 0.000   3.904 0.000
 51.333333  52.333333   9.565 0.000  11.282 0.000
 54.333333  55.333333   2.514 0.000   0.877 0.000
 57.333333  58.333333   4.305 0.000   2.308 0.000
 60.333333  61.333333   5.202 0.000   3.589 0.000
 63.333333  64.333333   1.852 0.000   0.753 0.000
 66.333333  67.333333   3.576 0.000   1.959 0.000
 69.333333  70.333333   4.624 0.000   2.579 0.000
 72.333333  73.333333   5.231 0.000   2.973 0.000
 75.333333  76.333333   2.916 0.000   1.493 0.000
 78.333333  79.333333   6.733 0.000   2.878 0.000
 81.333333  82.333333   3.680 0.000   1.637 0.000
 84.333333  85.333333   6.125 0.000   1.797 0.000
 87.333333  88.333333  18.501 0.000   3.748 0.000
 90.333333  91.333333   6.529 0.000   4.012 0.000
 93.333333  94.333333   8.325 0.000   4.920 0.000
 96.333333  97.333333  14.742 0.000   5.452 0.000
 99.333333 100.333333   5.684 0.000   1.514 0.000
102.333333 103.333333   4.666 0.000   0.871 0.000
105.333333 106.333333   6.547 0.000   4.487 0.000
108.333333 109.333333   6.188 0.000 999.999 0.456
111.333333 112.333333  16.765 0.000   4.517 0.000
114.333333 115.333333  18.459 0.000   4.949 0.000
117.333333 118.333333   5.293 0.000   2.959 0.000
120.333333 121.333333  10.197 0.000   3.569 0.000
123.333333 124.333333   4.382 0.000   2.316 0.000
126.333333 127.333333   6.751 0.000   1.511 0.000
129.333333 130.333333   4.959 0.000   3.582 0.000
132.333333 133.333333   5.605 0.000   3.205 0.000
135.333333 136.333333   7.688 0.000   4.691 0.000
138.333333 139.333333   8.959 0.000   2.619 0.000
141.333333 142.333333   9.965 0.000   5.069 0.000
144.333333 145.333333  22.107 0.000   7.774 0.000
147.333333 148.333333   7.709 0.000   4.589 0.000
150.333333 151.333333   6.757 0.000   5.302 0.000
153.333333 154.333333  14.753 0.000   6.019 0.000
156.333333 157.333333  22.854 0.000   5.279 0.000
159.333333 160.333333  12.098 0.000   9.291 0.000
162.333333 163.333333  10.865 0.000   7.260 0.000
165.333333 166.333333  15.309 0.000   7.407 0.000
168.333333 169.333333   7.052 0.000   3.298 0.000
171.333333 172.333333  20.689 0.000   5.143 0.000
174.333333 175.333333  11.552 0.000   4.910 0.000
177.333333 178.333333  12.819 0.000   6.450 0.000
180.333333 181.333333  11.064 0.000   5.119 0.000
183.333333 184.333333  13.285 0.000   8.679 0.000
186.333333 187.333333  11.646 0.000   3.577 0.000
189.333333 190.333333   9.401 0.000   4.784 0.000
192.333333 193.333333  59.369 0.000   9.743 0.000
195.333333 196.333333  12.002 0.000   8.271 0.000
198.333333 199.333333  13.826 0.000   5.801 0.000
201.333333 202.333333  19.991 0.000   9.677 0.000
204.333333 205.333333   8.117 0.000   4.356 0.000
207.333333 208.333333  13.839 0.000   7.335 0.000
210.333333 211.333333  18.361 0.000   9.042 0.000
213.333333 214.333333  21.008 0.000   8.886 0.000
216.333333 217.333333  35.019 0.000  11.888 0.000
219.333333 220.333333  50.203 0.000  16.587 0.000
222.333333 223.333333   8.256 0.000   2.981 0.000
225.333333 226.333333  31.968 0.000   6.598 0.000
228.333333 229.333333  10.861 0.000   5.111 0.000
231.333333 232.333333  24.702 0.000  10.937 0.000
234.333333 235.333333  25.442 0.000   7.625 0.000
237.333333 238.333333  10.121 0.000   3.407 0.000
240.333333 241.333333  12.601 0.000   7.409 0.000
243.333333 244.333333  24.339 0.000   8.128 0.000
246.333333 247.333333  12.271 0.000   4.246 0.000
249.333333 250.333333   7.414 0.000   2.539 0.000
252.333333 253.333333  10.364 0.000   4.213 0.000
255.333333 256.333333  39.823 0.000  11.399 0.000
258.333333 259.333333  13.456 0.000   4.431 0.000
261.333333 262.333333  11.943 0.000   3.744 0.000
264.333333 265.333333  18.671 0.000   6.689 0.000
267.333333 268.333333   9.957 0.000  11.271 0.000
270.333333 271.333333  16.773 0.000   5.687 0.000
273.333333 274.333333   6.799 0.000   3.577 0.000
276.333333 277.333333  34.949 0.000   7.066 0.000
279.333333 280.333333   8.573 0.000   4.932 0.000
282.333333 283.333333  12.023 0.000   4.091 0.000
285.333333 286.333333  12.571 0.000   5.494 0.000
288.333333 289.333333  11.166 0.000   7.342 0.000
291.333333 292.333333  11.678 0.000   3.840 0.000
294.333333 295.333333   7.414 0.000   5.101 0.000
297.333333 298.333333   8.001 0.000   6.285 0.000
300.333333 301.333333   9.778 0.000   5.480 0.000
303.333333 304.333333   5.336 0.000   2.290 0.000
306.333333 307.333333  14.582 0.000   4.790 0.000
309.333333 310.333333  39.534 0.000   1.297 0.000
312.333333 313.333333  14.287 0.000   3.212 0.000
315.333333 316.333333   5.993 0.000   2.870 0.000
318.333333 319.333333   9.188 0.000   5.993 0.000
321.333333 322.333333   5.978 0.000   1.836 0.000
324.333333 325.333333   2.908 0.000   1.776 0.000
327.333333 328.333333   8.809 0.000   4.732 0.000
330.333333 331.333333   9.499 0.000   4.629 0.000
333.333333 334.333333   4.275 0.000   2.681 0.000
336.333333 337.333333  10.557 0.000   6.154 0.000
339.333333 340.333333  84.450 0.000   8.513 0.000
342.333333 343.333333  12.981 0.000   3.481 0.000
345.333333 346.333333  21.773 0.000  12.734 0.000
348.333333 349.333333   5.570 0.000   5.116 0.000
351.333333 352.333333   9.829 0.000   5.955 0.000
354.333333 355.333333   4.366 0.000   2.025 0.000
357.333333 358.333333  10.191 0.000   6.906 0.000
360.333333 361.333333   7.356 0.000   5.904 0.000
363.333333 364.333333   6.048 0.000   5.647 0.000
