scripts/IMPROVE-2019_partial/data/US0035R.20050101060000.20191216000000.filterpack...52w.3d.US03L_filterpack_US0035.US03L_IMPROVE_Davis.lev2.nas
52 1001
MISSING INFORMATION
US03L, IMPROVE, , , , , , , 
MISSING INFORMATION
IMPROVE sel_HTAP
1 1
2005 01 01 2019 12 16
3.00
days from file reference point
5
1 1 1 1 1
999.99 999.999 9.999 999.999 9.999
end_time of measurement, days from the file reference point
pm10_mass, ug/m3, Matrix=pm10
numflag pm10_mass, no unit, Matrix=pm10
pm25_mass, ug/m3, Matrix=pm25
numflag pm25_mass, no unit, Matrix=pm25
0
33
Data definition:              EBAS_1.1
Set type code:                TU
Timezone:                     UTC
File name:                    US0035R.20050101060000.20191216000000.filterpack...52w.3d.US03L_filterpack_US0035.US03L_IMPROVE_Davis.lev2.nas
File creation:                20191218115741
Startdate:                    20050101060000
Revision date:                20191216000000
Version:                      2
Version description:          "Data extracted from http://views.cira.colostate.edu/fed/DataWizard 2019-12-16"
Statistics:                   arithmetic mean
Data level:                   2
Period code:                  52w
Resolution code:              3d
Sample duration:              1d
Orig. time res.:              3d
Station code:                 US0035R
Platform code:                US0035S
Station name:                 Bondville
Station latitude:             40.05
Station longitude:            -88.36667
Station altitude:             213.0 m
Regime:                       IMG
Component:                    
Unit:                         ug/m3
Matrix:                       
Laboratory code:              US03L
Instrument type:              filterpack
Instrument name:              filterpack_US0035
Method ref:                   US03L_IMPROVE_Davis
Blank correction:             Blank corrected
Volume std. temperature:      ambient
Volume std. pressure:         ambient
starttime endtime PM10 flag_PM10 PM2.5 flag_PM2.5
  0.25   1.25  12.848 0.000  10.069 0.000
  3.25   4.25  10.532 0.000   9.614 0.000
  6.25   7.25  10.194 0.000   8.326 0.000
  9.25  10.25  11.989 0.000  10.727 0.000
 12.25  13.25  11.192 0.000   9.058 0.000
 15.25  16.25   9.411 0.000   5.436 0.000
 18.25  19.25  14.523 0.000  10.672 0.000
 21.25  22.25  18.791 0.000   8.248 0.000
 24.25  25.25  22.595 0.000  15.584 0.000
 27.25  28.25  20.774 0.000  13.371 0.000
 30.25  31.25  40.477 0.000  34.535 0.000
 33.25  34.25  40.339 0.000  32.377 0.000
 36.25  37.25  19.339 0.000  17.050 0.000
 39.25  40.25   9.486 0.000 999.999 0.999
 42.25  43.25  11.671 0.000   8.884 0.000
 45.25  46.25   8.308 0.000 999.999 0.456
 48.25  49.25   7.381 0.000   4.905 0.000
 51.25  52.25  13.692 0.000  12.619 0.000
 54.25  55.25  15.130 0.000  11.790 0.000
 57.25  58.25  17.377 0.000  15.098 0.000
 60.25  61.25   9.400 0.000   5.267 0.000
 63.25  64.25  28.495 0.000  25.635 0.000
 66.25  67.25   7.477 0.000   4.611 0.000
 69.25  70.25  10.044 0.000   7.739 0.000
 72.25  73.25  15.261 0.000  10.111 0.000
 75.25  76.25  36.984 0.000  24.547 0.000
 78.25  79.25  21.095 0.000  17.209 0.000
 81.25  82.25  19.998 0.000  17.963 0.000
 84.25  85.25  18.033 0.000  17.820 0.000
 87.25  88.25  15.398 0.000  12.306 0.000
 90.25  91.25   8.765 0.000   4.750 0.000
 93.25  94.25  19.676 0.000  12.153 0.000
 96.25  97.25  24.135 0.000  17.597 0.000
 99.25 100.25  23.353 0.000  16.012 0.000
102.25 103.25  12.055 0.000   6.004 0.000
105.25 106.25  28.394 0.000  13.566 0.000
108.25 109.25  42.437 0.000  14.247 0.000
111.25 112.25  21.884 0.000  18.500 0.000
114.25 115.25  11.490 0.000   4.535 0.000
117.25 118.25  13.972 0.000   7.771 0.000
120.25 121.25  11.771 0.000   4.022 0.000
123.25 124.25  26.680 0.000   6.444 0.000
126.25 127.25  30.578 0.000  12.791 0.000
129.25 130.25  21.826 0.000   7.910 0.000
132.25 133.25  21.711 0.000  10.165 0.000
135.25 136.25  10.624 0.000   3.914 0.000
138.25 139.25  26.622 0.000  16.099 0.000
141.25 142.25  20.207 0.000  11.968 0.000
144.25 145.25  14.462 0.000   4.949 0.000
147.25 148.25  10.926 0.000   2.822 0.000
150.25 151.25  15.794 0.000   6.873 0.000
153.25 154.25  26.190 0.000  20.110 0.000
156.25 157.25   9.805 0.000   4.105 0.000
159.25 160.25  15.180 0.000   8.407 0.000
162.25 163.25  12.889 0.000  10.053 0.000
165.25 166.25  10.234 0.000   4.003 0.000
168.25 169.25   9.462 0.000   4.432 0.000
171.25 172.25  20.340 0.000  15.452 0.000
174.25 175.25  39.929 0.000  31.840 0.000
177.25 178.25  47.776 0.000  44.727 0.000
180.25 181.25  26.951 0.000  19.404 0.000
183.25 184.25  17.644 0.000  13.262 0.000
186.25 187.25  16.485 0.000  10.494 0.000
189.25 190.25  14.585 0.000  10.251 0.000
192.25 193.25  14.504 0.000  12.733 0.000
195.25 196.25  26.648 0.000  22.412 0.000
198.25 199.25  15.145 0.000  10.771 0.000
201.25 202.25  23.278 0.000  11.814 0.000
204.25 205.25  37.365 0.000  28.858 0.000
207.25 208.25  10.148 0.000   6.054 0.000
210.25 211.25  19.011 0.000  12.291 0.000
213.25 214.25  44.300 0.000  39.434 0.000
216.25 217.25  15.165 0.000   7.404 0.000
219.25 220.25  33.367 0.000  30.304 0.000
222.25 223.25  28.837 0.000  23.077 0.000
225.25 226.25   9.023 0.000   7.188 0.000
228.25 229.25  26.006 0.000  17.461 0.000
231.25 232.25  12.106 0.000   6.760 0.000
234.25 235.25   9.949 0.000   4.990 0.000
237.25 238.25  30.997 0.000  26.467 0.000
240.25 241.25  21.254 0.000  13.822 0.000
243.25 244.25  20.971 0.000   5.807 0.000
246.25 247.25  15.784 0.000   7.620 0.000
249.25 250.25  40.957 0.000  30.184 0.000
252.25 253.25  41.513 0.000  32.197 0.000
255.25 256.25  39.796 0.000  24.160 0.000
258.25 259.25  17.096 0.000   7.804 0.000
261.25 262.25  26.046 0.000  13.022 0.000
264.25 265.25  38.342 0.000  19.216 0.000
267.25 268.25  19.992 0.000  14.437 0.000
270.25 271.25  19.560 0.000   8.957 0.000
273.25 274.25  24.547 0.000  10.976 0.000
276.25 277.25 999.999 0.456  19.204 0.000
279.25 280.25   3.938 0.000   3.250 0.000
282.25 283.25   8.397 0.000   5.741 0.000
285.25 286.25  31.587 0.000  18.386 0.000
288.25 289.25  15.510 0.000   4.039 0.000
291.25 292.25  28.863 0.000   5.847 0.000
294.25 295.25  13.775 0.000   7.164 0.000
297.25 298.25   7.872 0.000   3.538 0.000
300.25 301.25 999.999 0.456  11.304 0.000
303.25 304.25  26.581 0.000  23.589 0.000
306.25 307.25  23.143 0.000  11.338 0.000
309.25 310.25   9.207 0.000   6.583 0.000
312.25 313.25  18.365 0.000   6.943 0.000
315.25 316.25  19.768 0.000   8.977 0.000
318.25 319.25  11.182 0.000   8.646 0.000
321.25 322.25   9.795 0.000   6.564 0.000
324.25 325.25  13.847 0.000   9.820 0.000
327.25 328.25   9.248 0.000   2.542 0.000
330.25 331.25  17.692 0.000  15.424 0.000
333.25 334.25  10.562 0.000   6.752 0.000
336.25 337.25  16.251 0.000  13.943 0.000
339.25 340.25  19.166 0.000  16.326 0.000
342.25 343.25  24.966 0.000  20.976 0.000
345.25 346.25  15.190 0.000  12.608 0.000
348.25 349.25   9.584 0.000   7.199 0.000
351.25 352.25  12.137 0.000   8.553 0.000
354.25 355.25  23.547 0.000  17.983 0.000
357.25 358.25  19.716 0.000  17.315 0.000
360.25 361.25  14.051 0.000  12.165 0.000
363.25 364.25  13.428 0.000  11.592 0.000
