scripts/IMPROVE-2019_partial/data/US0084R.20010215080000.20191216000000.filterpack..pm25.10mo.1w.US03L_filterpack_US0084.US03L_IMPROVE_Davis.lev2.nas
64 1001
MISSING INFORMATION
US03L, IMPROVE, , , , , , , 
MISSING INFORMATION
IMPROVE sel_HTAP
1 1
2001 01 01 2019 12 16
3.000000
days from file reference point
25
1 1 1 1 1 1 1 1 1 1 1 1 1 1 1 1 1 1 1 1 1 1 1 1 1
999.999999 9999.99 9.999999 99.99 9.999999 9.999 9.999999999 99.99 9.999999999 9.999 9.999999 99.999 9.999 99.999 9.999 999.999 9.999 999.999 9.999 999.999 9.999 9.999 9.999999 99.999 9.999999
end_time of measurement, days from the file reference point
iron, ng/m3, Revision date=20181210133000
numflag iron, no unit, Revision date=20181210133000
lead, ng/m3, Revision date=20181210133000
numflag lead, no unit, Revision date=20181210133000
magnesium, ug/m3, Revision date=20181210133000
numflag magnesium, no unit, Revision date=20181210133000
nickel, ng/m3, Revision date=20181210133000
numflag nickel, no unit, Revision date=20181210133000
nitrate, ug N/m3, Revision date=20181210133000
numflag nitrate, no unit, Revision date=20181210133000
organic_carbon, ug C/m3, Revision date=20181210133000
numflag organic_carbon, no unit, Revision date=20181210133000
organic_mass, ug/m3, Revision date=20181210133000
numflag organic_mass, no unit, Revision date=20181210133000
pm10_mass, ug/m3, Version=2, Version description=Data extracted from http://views.cira.colostate.edu/fed/DataWizard 2019-12-16, Sample duration=1d, Orig. time res.=3d, Matrix=pm10, Blank correction=Blank corrected, Volume std. temperature=ambient, Volume std. pressure=ambient
numflag pm10_mass, no unit, Version=2, Version description=Data extracted from http://views.cira.colostate.edu/fed/DataWizard 2019-12-16, Sample duration=1d, Orig. time res.=3d, Matrix=pm10, Blank correction=Blank corrected, Volume std. temperature=ambient, Volume std. pressure=ambient
pm10_pm25_mass, ug/m3, Revision date=20181210133000, Matrix=pm10_pm25
numflag pm10_pm25_mass, no unit, Revision date=20181210133000, Matrix=pm10_pm25
pm25_mass, ug/m3, Version=2, Version description=Data extracted from http://views.cira.colostate.edu/fed/DataWizard 2019-12-16, Sample duration=1d, Orig. time res.=3d, Blank correction=Blank corrected, Volume std. temperature=ambient, Volume std. pressure=ambient
numflag pm25_mass, no unit, Version=2, Version description=Data extracted from http://views.cira.colostate.edu/fed/DataWizard 2019-12-16, Sample duration=1d, Orig. time res.=3d, Blank correction=Blank corrected, Volume std. temperature=ambient, Volume std. pressure=ambient
potassium, ug/m3, Revision date=20181210133000
numflag potassium, no unit, Revision date=20181210133000
sulphate_total, ug S/m3, Revision date=20181210133000
numflag sulphate_total, no unit, Revision date=20181210133000
0
25
Data definition:              EBAS_1.1
Set type code:                TU
Timezone:                     UTC
File name:                    US0084R.20010215080000.20191216000000.filterpack..pm25.10mo.1w.US03L_filterpack_US0084.US03L_IMPROVE_Davis.lev2.nas
File creation:                20191218120106
Startdate:                    20010215080000
Revision date:                20191216000000
Statistics:                   arithmetic mean
Data level:                   2
Period code:                  10mo
Resolution code:              1w
Station code:                 US0084R
Platform code:                US0084S
Station name:                 Columbia Gorge #1
Station latitude:             45.5693
Station longitude:            -122.2103
Station altitude:             230.0 m
Regime:                       IMG
Component:                    
Matrix:                       pm25
Laboratory code:              US03L
Instrument type:              filterpack
Instrument name:              filterpack_US0084
Method ref:                   US03L_IMPROVE_Davis
starttime endtime Fe flag_Fe Pb flag_Pb Mg++ flag_Mg++ Ni flag_Ni NO3- flag_NO3- OC flag_OC OM flag_OM PM10 flag_PM10 PM10-PM2.5 flag_PM10-PM2.5 PM2.5 flag_PM2.5 K+ flag_K+ SO4-- flag_SO4--
 45.333333  46.333333 9999.99 0.999000 99.99 0.999000 9.999 0.999000000 99.99 0.999000000 9.999 0.999000 99.999 0.999 99.999 0.999 999.999 0.999 999.999 0.999 999.999 0.999 9.999 0.999000 99.999 0.999000
 48.333333  49.333333 9999.99 0.999000 99.99 0.999000 9.999 0.999000000 99.99 0.999000000 9.999 0.999000 99.999 0.999 99.999 0.999 999.999 0.999 999.999 0.999 999.999 0.999 9.999 0.999000 99.999 0.999000
 51.333333  52.333333 9999.99 0.999000 99.99 0.999000 9.999 0.999000000 99.99 0.999000000 9.999 0.999000 99.999 0.999 99.999 0.999 999.999 0.999 999.999 0.999 999.999 0.999 9.999 0.999000 99.999 0.999000
 54.333333  55.333333 9999.99 0.559999 99.99 0.559999 9.999 0.559999000 99.99 0.559999000 0.160 0.000000  1.171 0.000  1.640 0.000   6.195 0.000   0.176 0.000   6.019 0.559 9.999 0.559999  0.448 0.000000
 57.333333  58.333333 9999.99 0.999000 99.99 0.999000 9.999 0.999000000 99.99 0.999000000 0.131 0.000000  1.013 0.000  1.418 0.000  10.027 0.000   6.494 0.000   3.533 0.000 9.999 0.999000  0.252 0.000000
 60.333333  61.333333   16.04 0.000000  0.67 0.000000 9.999 0.259000000 99.99 0.259000000 0.062 0.000000  0.429 0.000  0.600 0.000   3.492 0.000   1.010 0.000   2.482 0.000 0.019 0.000000  0.115 0.000000
 63.333333  64.333333   24.75 0.000000  1.17 0.000000 9.999 0.259000000 99.99 0.259000000 0.167 0.000000  0.881 0.000  1.234 0.000   5.278 0.000   1.000 0.000   4.278 0.000 0.025 0.000000  0.473 0.000000
 66.333333  67.333333   15.25 0.559000  0.71 0.559000 9.999 0.559259000 99.99 0.559259000 0.122 0.000000  0.658 0.000  0.921 0.000   5.047 0.000   1.896 0.000   3.150 0.559 0.020 0.559000  0.239 0.000000
 69.333333  70.333333   32.79 0.699000  2.68 0.699000 9.999 0.699259000  1.27 0.699000000 0.304 0.000000  1.973 0.000  2.763 0.000  10.762 0.000   3.603 0.000   7.159 0.699 0.061 0.699000  0.398 0.000000
 72.333333  73.333333   25.79 0.000000  1.12 0.000000 9.999 0.259000000  0.79 0.000000000 0.168 0.000000  0.721 0.000  1.010 0.000   6.904 0.000   1.680 0.000   5.224 0.000 0.043 0.000000  0.376 0.000000
 75.333333  76.333333    6.51 0.000000  1.74 0.000000 9.999 0.259000000  0.54 0.000000000 0.035 0.000000  0.677 0.000  0.948 0.000   1.776 0.000   0.261 0.000   1.515 0.000 0.017 0.000000  0.109 0.000000
 78.333333  79.333333 9999.99 0.999000 99.99 0.999000 9.999 0.999000000 99.99 0.999000000 9.999 0.999000 99.999 0.999 99.999 0.999 999.999 0.999 999.999 0.999 999.999 0.999 9.999 0.999000 99.999 0.999000
 81.333333  82.333333 9999.99 0.999000 99.99 0.999000 9.999 0.999000000 99.99 0.999000000 9.999 0.999000 99.999 0.999 99.999 0.999 999.999 0.999 999.999 0.999 999.999 0.999 9.999 0.999000 99.999 0.999000
 84.333333  85.333333 9999.99 0.999000 99.99 0.999000 9.999 0.999000000 99.99 0.999000000 9.999 0.999000 99.999 0.999 99.999 0.999 999.999 0.999 999.999 0.999 999.999 0.999 9.999 0.999000 99.999 0.999000
 87.333333  88.333333   40.00 0.559000  2.56 0.559000 9.999 0.559259000  1.47 0.559000000 0.276 0.000000  1.220 0.000  1.708 0.000   7.066 0.000   1.246 0.000   5.820 0.559 0.069 0.559000  0.621 0.000000
 90.333333  91.333333   37.75 0.559000  1.50 0.559000 9.999 0.559259000  0.79 0.559000000 0.141 0.000000  0.683 0.000  0.957 0.000   6.339 0.000   2.045 0.000   4.294 0.559 0.055 0.559000  0.333 0.000000
 93.333333  94.333333   30.51 0.559000  1.80 0.559000 9.999 0.559259000 99.99 0.559259000 0.055 0.000000  0.934 0.000  1.308 0.000   4.966 0.000   0.779 0.000   4.187 0.559 0.032 0.559000  0.498 0.000000
 96.333333  97.333333   16.13 0.559000  2.28 0.559000 9.999 0.559259000  1.00 0.559000000 0.201 0.000000  0.913 0.000  1.278 0.000   3.858 0.000   0.061 0.000   3.797 0.559 0.047 0.559000  0.294 0.000000
 99.333333 100.333333   10.19 0.559000  0.86 0.559000 9.999 0.559259000 99.99 0.559259000 0.053 0.000000  0.473 0.000  0.662 0.000   3.488 0.000   0.528 0.000   2.960 0.559 0.019 0.559000  0.126 0.000000
102.333333 103.333333   23.00 0.559000  8.35 0.559000 9.999 0.559259000  0.50 0.559000000 0.155 0.000000  0.702 0.000  0.983 0.000   6.132 0.000   1.685 0.000   4.447 0.559 0.030 0.559000  0.239 0.000000
105.333333 106.333333  311.85 0.559000  2.62 0.559000 9.999 0.559259000 99.99 0.559259000 0.101 0.000000  1.192 0.000  1.669 0.000  19.870 0.000  10.656 0.000   9.214 0.559 0.158 0.559000  0.307 0.000000
108.333333 109.333333  237.57 0.699000  1.82 0.699000 9.999 0.699259000  0.13 0.699000000 0.211 0.000000  0.952 0.000  1.333 0.000  13.889 0.000   5.978 0.000   7.911 0.699 0.154 0.699000  0.314 0.000000
111.333333 112.333333  284.24 0.699000  1.73 0.699000 9.999 0.699259000 99.99 0.699259000 0.157 0.000000  1.163 0.000  1.628 0.000  15.665 0.000   5.676 0.000   9.990 0.699 0.185 0.699000  0.363 0.000000
114.333333 115.333333  205.72 0.559000  6.04 0.559000 9.999 0.559259000 99.99 0.559259000 0.063 0.000000  1.562 0.000  2.187 0.000  16.699 0.000   8.366 0.000   8.333 0.559 0.163 0.559000  0.473 0.000000
117.333333 118.333333   26.14 0.000000  1.62 0.000000 9.999 0.259000000 99.99 0.259000000 0.033 0.000000  0.475 0.000  0.665 0.000   3.553 0.000   1.291 0.000   2.262 0.000 0.029 0.000000  0.165 0.000000
120.333333 121.333333   16.22 0.000000  0.93 0.000000 9.999 0.259000000  0.46 0.000000000 0.062 0.000000  0.416 0.000  0.583 0.000   6.120 0.000   1.613 0.000   4.507 0.000 0.033 0.000000  0.228 0.000000
123.333333 124.333333  110.65 0.699000  4.02 0.699000 9.999 0.699259000  0.35 0.699000000 0.100 0.000000  1.620 0.000  2.268 0.000  12.364 0.000   6.135 0.000   6.229 0.699 0.067 0.699000  0.321 0.000000
126.333333 127.333333  205.38 0.699000  2.90 0.699000 9.999 0.699259000  0.57 0.699000000 0.101 0.000000  1.596 0.000  2.234 0.000  16.016 0.000   6.966 0.000   9.050 0.699 0.130 0.699000  0.468 0.000000
129.333333 130.333333  114.97 0.559000  0.93 0.559000 9.999 0.559259000  0.91 0.559000000 0.194 0.559000  0.870 0.000  1.217 0.000  13.648 0.000   7.438 0.000   6.210 0.559 0.119 0.559000  0.426 0.559000
132.333333 133.333333  115.13 0.559000  1.45 0.559000 9.999 0.559259000  0.27 0.559000000 0.109 0.000000  0.942 0.000  1.319 0.000  10.878 0.000   6.047 0.000   4.831 0.559 0.068 0.559000  0.364 0.000000
135.333333 136.333333   48.06 0.000000  1.76 0.000000 9.999 0.259000000  0.31 0.000000000 0.149 0.000000  0.775 0.000  1.085 0.000   7.469 0.000   3.238 0.000   4.231 0.000 0.049 0.000000  0.271 0.000000
138.333333 139.333333   27.91 0.559000  2.52 0.559000 9.999 0.559259000  1.47 0.559000000 0.172 0.559000  1.087 0.000  1.522 0.000   7.227 0.000   2.239 0.000   4.988 0.559 0.058 0.559000  0.498 0.559000
141.333333 142.333333  125.80 0.000000  2.03 0.000000 9.999 0.259000000 99.99 0.259000000 0.052 0.000000  1.816 0.000  2.542 0.000  24.924 0.000  19.055 0.000   5.870 0.000 0.043 0.000000  0.210 0.000000
144.333333 145.333333  122.86 0.559000  2.85 0.559000 9.999 0.559259000  0.97 0.559000000 0.447 0.000000  1.670 0.000  2.337 0.000  23.844 0.000  13.832 0.000  10.012 0.559 0.137 0.559000  0.633 0.000000
147.333333 148.333333   26.35 0.000000  1.04 0.000000 9.999 0.259000000 99.99 0.259000000 0.062 0.000000  0.610 0.000  0.855 0.000   6.457 0.000   3.503 0.000   2.954 0.000 0.032 0.000000  0.272 0.000000
150.333333 151.333333 9999.99 0.999000 99.99 0.999000 9.999 0.999000000 99.99 0.999000000 9.999 0.999000 99.999 0.999 99.999 0.999 999.999 0.999 999.999 0.999 999.999 0.999 9.999 0.999000 99.999 0.999000
153.333333 154.333333    7.55 0.000000  0.66 0.000000 9.999 0.259000000  0.19 0.000000000 9.999 0.456000 99.999 0.999 99.999 0.999   3.755 0.000   1.259 0.000   2.496 0.000 0.023 0.000000 99.999 0.456000
156.333333 157.333333   21.84 0.000000  0.88 0.000000 9.999 0.259000000  0.25 0.000000000 0.068 0.000000  0.704 0.000  0.985 0.000   5.612 0.000   2.778 0.000   2.834 0.000 0.020 0.000000  0.241 0.000000
159.333333 160.333333    8.63 0.000000  1.45 0.000000 9.999 0.259000000 99.99 0.259000000 0.057 0.000000  0.672 0.000  0.941 0.000   4.805 0.000   2.531 0.000   2.274 0.000 0.027 0.000000  0.157 0.000000
162.333333 163.333333    9.58 0.000000  0.73 0.000000 9.999 0.259000000  0.14 0.000000000 0.062 0.000000  0.647 0.000  0.906 0.000   5.719 0.000   3.263 0.000   2.456 0.000 0.015 0.000000  0.152 0.000000
165.333333 166.333333   14.18 0.000000  0.80 0.000000 9.999 0.259000000  0.17 0.000000000 0.065 0.000000  0.500 0.000  0.699 0.000   6.662 0.000   4.420 0.000   2.242 0.000 0.033 0.000000  0.209 0.000000
168.333333 169.333333   32.85 0.559000  0.51 0.559000 9.999 0.559259000 99.99 0.559259000 0.136 0.559000  0.804 0.000  1.126 0.000  12.314 0.000   7.106 0.000   5.208 0.559 0.065 0.559000  0.557 0.559000
171.333333 172.333333 9999.99 0.999000 99.99 0.999000 9.999 0.999000000 99.99 0.999000000 9.999 0.999000 99.999 0.999 99.999 0.999 999.999 0.999 999.999 0.999 999.999 0.999 9.999 0.999000 99.999 0.999000
174.333333 175.333333    9.12 0.000000  0.74 0.000000 9.999 0.259000000 99.99 0.259000000 0.044 0.000000  0.520 0.000  0.728 0.000   4.792 0.000   2.232 0.000   2.560 0.000 0.020 0.000000  0.222 0.000000
177.333333 178.333333   19.68 0.000000  0.67 0.000000 9.999 0.259000000 99.99 0.259000000 0.093 0.000000  0.856 0.000  1.198 0.000   4.361 0.000   0.936 0.000   3.424 0.000 0.019 0.000000  0.234 0.000000
180.333333 181.333333   32.22 0.559000  2.97 0.559000 9.999 0.559259000  0.34 0.559000000 0.186 0.000000  1.772 0.000  2.480 0.000  11.466 0.000   4.294 0.000   7.173 0.559 0.073 0.559000  0.585 0.000000
183.333333 184.333333   75.53 0.559000  3.38 0.559000 9.999 0.559259000  0.29 0.559000000 0.118 0.000000  2.651 0.000  3.712 0.000  19.674 0.000   7.700 0.000  11.973 0.559 0.167 0.559000  0.933 0.000000
186.333333 187.333333   35.24 0.000000  1.76 0.000000 9.999 0.259000000  0.30 0.000000000 0.191 0.000000  0.849 0.000  1.189 0.000  14.010 0.000   8.021 0.000   5.989 0.000 0.072 0.000000  0.600 0.000000
189.333333 190.333333   51.27 0.000000  2.33 0.000000 9.999 0.259000000  0.41 0.000000000 0.147 0.000000  1.966 0.000  2.752 0.000  17.542 0.000   8.115 0.000   9.427 0.000 0.070 0.000000  0.868 0.000000
192.333333 193.333333   68.29 0.000000  1.53 0.000000 9.999 0.259000000  0.24 0.000000000 0.243 0.559000  1.167 0.000  1.634 0.000  18.678 0.000  11.541 0.000   7.137 0.000 0.064 0.000000  0.471 0.559000
195.333333 196.333333   28.40 0.000000  0.56 0.000000 9.999 0.259000000 99.99 0.259000000 0.061 0.559000  0.538 0.000  0.753 0.000  10.656 0.000   6.566 0.000   4.091 0.000 0.020 0.000000  0.451 0.559000
198.333333 199.333333   31.39 0.000000  1.16 0.000000 9.999 0.259000000  0.24 0.000000000 0.103 0.559000  0.921 0.000  1.289 0.000   6.500 0.000   2.244 0.000   4.256 0.000 0.022 0.000000  0.324 0.559000
201.333333 202.333333   17.23 0.559000  1.61 0.559000 9.999 0.559259000  0.27 0.559000000 0.114 0.000000  0.893 0.000  1.251 0.000   8.721 0.000   2.316 0.000   6.405 0.559 0.037 0.559000  0.814 0.000000
204.333333 205.333333   31.44 0.000000  0.91 0.000000 9.999 0.259000000  0.87 0.000000000 0.115 0.000000  1.026 0.000  1.436 0.000  10.066 0.000   4.488 0.000   5.579 0.000 0.070 0.000000  0.643 0.000000
207.333333 208.333333   52.01 0.559000  0.59 0.559000 9.999 0.559259000  0.19 0.559000000 0.156 0.559000  0.688 0.000  0.963 0.000  15.100 0.000   9.049 0.000   6.052 0.559 0.044 0.559000  0.606 0.559000
210.333333 211.333333   18.34 0.000000  1.62 0.000000 9.999 0.259000000  0.30 0.000000000 0.205 0.559000  1.206 0.000  1.688 0.000   7.712 0.000   1.446 0.000   6.266 0.000 0.025 0.000000  0.657 0.559000
213.333333 214.333333   61.06 0.000000  1.30 0.000000 9.999 0.259000000  0.23 0.000000000 0.058 0.559000  1.067 0.000  1.493 0.000  14.892 0.000  11.151 0.000   3.742 0.000 0.087 0.000000  0.171 0.559000
216.333333 217.333333   30.81 0.000000  1.27 0.000000 9.999 0.259000000 99.99 0.259000000 0.039 0.559000  0.807 0.000  1.129 0.000  10.999 0.000   7.586 0.000   3.412 0.000 0.028 0.000000  0.246 0.559000
219.333333 220.333333  188.70 0.000000  1.87 0.000000 9.999 0.259000000  0.43 0.000000000 0.115 0.559000  2.205 0.000  3.087 0.000  43.915 0.000  34.866 0.000   9.049 0.000 0.067 0.000000  0.526 0.559000
222.333333 223.333333   62.37 0.000000  1.97 0.000000 9.999 0.259000000  0.64 0.000000000 0.271 0.559000  3.320 0.000  4.647 0.000  20.432 0.000   8.053 0.000  12.379 0.000 0.090 0.000000  1.066 0.559000
225.333333 226.333333   54.37 0.000000  2.18 0.000000 9.999 0.259000000  0.91 0.000000000 0.230 0.559000  2.694 0.000  3.771 0.000  20.262 0.000   5.385 0.000  14.878 0.000 0.052 0.000000  1.861 0.559000
228.333333 229.333333   60.76 0.000000  1.54 0.000000 9.999 0.259000000  0.33 0.000000000 0.211 0.559000  0.970 0.000  1.358 0.000  15.414 0.000   9.398 0.000   6.016 0.000 0.058 0.000000  0.629 0.559000
231.333333 232.333333   46.03 0.000000  1.16 0.000000 9.999 0.259000000  0.41 0.000000000 0.130 0.559000  0.645 0.000  0.903 0.000  13.970 0.000   8.348 0.000   5.622 0.000 0.039 0.000000  0.659 0.559000
234.333333 235.333333   22.98 0.000000  0.36 0.000000 9.999 0.259000000  0.19 0.000000000 0.051 0.559000  0.515 0.000  0.720 0.000   4.966 0.000   1.793 0.000   3.173 0.000 0.019 0.000000  0.263 0.559000
237.333333 238.333333   33.62 0.000000  2.47 0.000000 9.999 0.259000000  0.35 0.000000000 0.163 0.559000  3.045 0.000  4.263 0.000  14.812 0.000   4.033 0.000  10.779 0.000 0.051 0.000000  1.006 0.559000
240.333333 241.333333   48.69 0.000000  1.88 0.000000 9.999 0.259000000  0.30 0.000000000 0.149 0.559000  1.717 0.000  2.404 0.000  15.655 0.000   5.708 0.000   9.947 0.000 0.046 0.000000  1.056 0.559000
243.333333 244.333333   33.19 0.000000  0.99 0.000000 9.999 0.259000000 99.99 0.259000000 0.095 0.559000  0.823 0.000  1.152 0.000  10.718 0.000   7.128 0.000   3.590 0.000 0.028 0.000000  0.285 0.559000
246.333333 247.333333   27.55 0.000000  1.92 0.000000 9.999 0.259000000  0.20 0.000000000 0.234 0.559000  1.109 0.000  1.552 0.000  12.117 0.000   6.344 0.000   5.774 0.000 0.057 0.000000  0.630 0.559000
249.333333 250.333333   39.35 0.000000  1.19 0.000000 9.999 0.259000000  0.19 0.000000000 0.066 0.559000  0.800 0.000  1.120 0.000  10.999 0.000   7.614 0.000   3.385 0.000 0.035 0.000000  0.389 0.559000
252.333333 253.333333   75.46 0.000000  3.55 0.000000 9.999 0.259000000  0.30 0.000000000 0.211 0.559000  1.987 0.000  2.781 0.000  19.790 0.000  12.018 0.000   7.772 0.000 0.068 0.000000  0.628 0.559000
255.333333 256.333333  122.20 0.000000  2.29 0.000000 9.999 0.259000000  0.85 0.000000000 0.148 0.559000  3.442 0.000  4.819 0.000  21.395 0.000  12.832 0.000   8.563 0.000 0.071 0.000000  0.475 0.559000
258.333333 259.333333   43.88 0.000000  2.82 0.000000 9.999 0.259000000  0.69 0.000000000 0.304 0.559000  1.481 0.000  2.074 0.000  12.920 0.000   6.270 0.000   6.650 0.000 0.082 0.000000  0.874 0.559000
261.333333 262.333333   67.98 0.000000  1.43 0.000000 9.999 0.259000000  1.52 0.000000000 0.166 0.559000  0.753 0.000  1.054 0.000  12.476 0.000   7.081 0.000   5.395 0.000 0.052 0.000000  0.713 0.559000
264.333333 265.333333 9999.99 0.999000 99.99 0.999000 9.999 0.999000000 99.99 0.999000000 9.999 0.999000 99.999 0.999 99.999 0.999 999.999 0.999 999.999 0.999 999.999 0.999 9.999 0.999000 99.999 0.999000
267.333333 268.333333    3.23 0.559394  0.47 0.559394 9.999 0.559394259 99.99 0.559394259 0.013 0.559394  0.331 0.000  0.464 0.000  11.364 0.000  10.685 0.000   0.679 0.559 0.010 0.559394  0.050 0.559394
270.333333 271.333333   27.46 0.559000  1.49 0.559000 9.999 0.559259000  0.23 0.559000000 0.110 0.559000 99.999 0.999 99.999 0.999  13.149 0.000   9.431 0.000   3.718 0.559 0.030 0.559000  0.285 0.559000
273.333333 274.333333   78.02 0.559000  1.90 0.559000 9.999 0.559259000  0.14 0.559000000 0.104 0.559000 99.999 0.999 99.999 0.999  18.015 0.000  11.262 0.000   6.753 0.559 0.065 0.559000  0.514 0.559000
276.333333 277.333333  137.63 0.559000  0.56 0.559000 9.999 0.559259000 99.99 0.559259000 0.032 0.559000  1.149 0.000  1.609 0.000  40.639 0.000  35.918 0.000   4.721 0.559 0.063 0.559000  0.149 0.559000
