scripts/IMPROVE-2019_partial/data/US0020R.20000101080000.20191216000000.filterpack..pm25.52w.1w.US03L_filterpack_US0020.US03L_IMPROVE_Davis.lev2.nas
64 1001
MISSING INFORMATION
US03L, IMPROVE, , , , , , , 
MISSING INFORMATION
IMPROVE sel_HTAP
1 1
2000 01 01 2019 12 16
0
days from file reference point
25
1 1 1 1 1 1 1 1 1 1 1 1 1 1 1 1 1 1 1 1 1 1 1 1 1
999.999999 9999.99 9.999999 99.99 9.999999999 9.999 9.999999999 99.99 9.999999999 9.999 9.999999 99.999 9.999 99.999 9.999 999.999 9.999 999.999 9.999 999.999 9.999 9.999 9.999999 9.999 9.999999
end_time of measurement, days from the file reference point
iron, ng/m3, Revision date=20181210133000
numflag iron, no unit, Revision date=20181210133000
lead, ng/m3, Revision date=20181210133000
numflag lead, no unit, Revision date=20181210133000
magnesium, ug/m3, Revision date=20181210133000
numflag magnesium, no unit, Revision date=20181210133000
nickel, ng/m3, Revision date=20181210133000
numflag nickel, no unit, Revision date=20181210133000
nitrate, ug N/m3, Revision date=20181210133000
numflag nitrate, no unit, Revision date=20181210133000
organic_carbon, ug C/m3, Revision date=20181210133000
numflag organic_carbon, no unit, Revision date=20181210133000
organic_mass, ug/m3, Revision date=20181210133000
numflag organic_mass, no unit, Revision date=20181210133000
pm10_mass, ug/m3, Version=2, Version description=Data extracted from http://views.cira.colostate.edu/fed/DataWizard 2019-12-16, Sample duration=1d, Orig. time res.=3d, Matrix=pm10, Blank correction=Blank corrected, Volume std. temperature=ambient, Volume std. pressure=ambient
numflag pm10_mass, no unit, Version=2, Version description=Data extracted from http://views.cira.colostate.edu/fed/DataWizard 2019-12-16, Sample duration=1d, Orig. time res.=3d, Matrix=pm10, Blank correction=Blank corrected, Volume std. temperature=ambient, Volume std. pressure=ambient
pm10_pm25_mass, ug/m3, Revision date=20181210133000, Matrix=pm10_pm25
numflag pm10_pm25_mass, no unit, Revision date=20181210133000, Matrix=pm10_pm25
pm25_mass, ug/m3, Version=2, Version description=Data extracted from http://views.cira.colostate.edu/fed/DataWizard 2019-12-16, Sample duration=1d, Orig. time res.=3d, Blank correction=Blank corrected, Volume std. temperature=ambient, Volume std. pressure=ambient
numflag pm25_mass, no unit, Version=2, Version description=Data extracted from http://views.cira.colostate.edu/fed/DataWizard 2019-12-16, Sample duration=1d, Orig. time res.=3d, Blank correction=Blank corrected, Volume std. temperature=ambient, Volume std. pressure=ambient
potassium, ug/m3, Revision date=20181210133000
numflag potassium, no unit, Revision date=20181210133000
sulphate_total, ug S/m3, Revision date=20181210133000
numflag sulphate_total, no unit, Revision date=20181210133000
0
25
Data definition:              EBAS_1.1
Set type code:                TI
Timezone:                     UTC
File name:                    US0020R.20000101080000.20191216000000.filterpack..pm25.52w.1w.US03L_filterpack_US0020.US03L_IMPROVE_Davis.lev2.nas
File creation:                20191218115644
Startdate:                    20000101080000
Revision date:                20191216000000
Statistics:                   arithmetic mean
Data level:                   2
Period code:                  52w
Resolution code:              1w
Station code:                 US0020R
Platform code:                US0020S
Station name:                 Death Valley NP
Station latitude:             36.5089
Station longitude:            -116.8478
Station altitude:             130.0 m
Regime:                       IMG
Component:                    
Matrix:                       pm25
Laboratory code:              US03L
Instrument type:              filterpack
Instrument name:              filterpack_US0020
Method ref:                   US03L_IMPROVE_Davis
starttime endtime Fe flag_Fe Pb flag_Pb Mg++ flag_Mg++ Ni flag_Ni NO3- flag_NO3- OC flag_OC OM flag_OM PM10 flag_PM10 PM10-PM2.5 flag_PM10-PM2.5 PM2.5 flag_PM2.5 K+ flag_K+ SO4-- flag_SO4--
  0.333333   1.333333   48.06 0.000000  1.33 0.000000000 9.999 0.259000000 99.99 0.259000000 9.999 0.999000 99.999 0.999 99.999 0.999  16.715 0.559   8.185 0.000   8.530 0.000 0.076 0.000000 9.999 0.999000
  4.333333   5.333333  127.40 0.000000  0.23 0.000000000 9.999 0.259000000 99.99 0.259000000 9.999 0.999000 99.999 0.999 99.999 0.999  27.542 0.559  23.483 0.000   4.059 0.000 0.113 0.000000 9.999 0.999000
  7.333333   8.333333   23.73 0.000000  0.22 0.000000000 9.999 0.259000000 99.99 0.259000000 9.999 0.999000 99.999 0.999 99.999 0.999   4.371 0.559   3.203 0.000   1.168 0.000 0.021 0.000000 9.999 0.999000
 11.333333  12.333333   42.07 0.000000  0.65 0.000000000 9.999 0.259000000 99.99 0.259000000 9.999 0.999000 99.999 0.999 99.999 0.999   6.897 0.559   4.081 0.000   2.815 0.000 0.037 0.000000 9.999 0.999000
 14.333333  15.333333   62.07 0.000000  0.43 0.000000000 9.999 0.259000000 99.99 0.259000000 9.999 0.999000 99.999 0.999 99.999 0.999  10.684 0.559   7.102 0.000   3.582 0.000 0.053 0.000000 9.999 0.999000
 18.333333  19.333333   23.51 0.000000  0.45 0.000000000 9.999 0.259000000 99.99 0.259000000 9.999 0.999000 99.999 0.999 99.999 0.999   6.053 0.559   2.223 0.000   3.830 0.000 0.032 0.000000 9.999 0.999000
 21.333333  22.333333   19.71 0.000000  0.28 0.000000000 9.999 0.259000000 99.99 0.259000000 9.999 0.999000 99.999 0.999 99.999 0.999   9.085 0.559   6.438 0.000   2.647 0.000 0.022 0.000000 9.999 0.999000
 25.333333  26.333333    9.83 0.000000  0.20 0.000000000 9.999 0.259000000 99.99 0.259000000 9.999 0.999000 99.999 0.999 99.999 0.999   5.678 0.559   4.035 0.000   1.643 0.000 0.011 0.000000 9.999 0.999000
 28.333333  29.333333   15.93 0.000000  0.20 0.000000000 9.999 0.259000000 99.99 0.259000000 9.999 0.999000 99.999 0.999 99.999 0.999   4.899 0.559   3.742 0.000   1.157 0.000 0.014 0.000000 9.999 0.999000
 32.333333  33.333333 9999.99 0.999000 99.99 0.999000000 9.999 0.999000000 99.99 0.999000000 9.999 0.999000 99.999 0.999 99.999 0.999 999.999 0.999 999.999 0.999 999.999 0.999 9.999 0.999000 9.999 0.999000
 35.333333  36.333333   27.80 0.000000  0.76 0.000000000 9.999 0.259000000  1.73 0.000000000 0.032 0.000000  0.718 0.000  1.005 0.000 999.999 0.999 999.999 0.999   2.648 0.000 0.024 0.000000 0.149 0.000000
 39.333333  40.333333   18.94 0.000000  1.30 0.000000000 9.999 0.259000000  0.17 0.000000000 0.013 0.559000  0.525 0.000  0.734 0.000   4.072 0.000   2.373 0.000   1.700 0.000 0.026 0.000000 0.135 0.559000
 42.333333  43.333333    6.65 0.000000  0.20 0.000000000 9.999 0.259000000 99.99 0.259000000 0.027 0.559000  0.271 0.000  0.380 0.000   3.044 0.000   2.077 0.000   0.967 0.000 0.007 0.000000 0.084 0.559000
 46.333333  47.333333    9.93 0.000000  0.30 0.000000000 9.999 0.259000000 99.99 0.259000000 0.036 0.000000  0.455 0.000  0.637 0.000   2.976 0.000   1.853 0.000   1.123 0.000 0.011 0.000000 0.085 0.000000
 49.333333  50.333333    3.95 0.000000 99.99 0.259000000 9.999 0.259000000 99.99 0.259000000 0.004 0.559000  0.310 0.000  0.434 0.000   1.121 0.000   0.330 0.000   0.791 0.000 0.005 0.000000 0.071 0.559000
 53.333333  54.333333   13.87 0.000000  0.38 0.000000000 9.999 0.259000000  0.91 0.000000000 0.086 0.000000  0.512 0.000  0.717 0.000   3.215 0.000   0.997 0.000   2.218 0.000 0.010 0.000000 0.172 0.000000
 56.333333  57.333333    5.61 0.000000  0.63 0.000000000 9.999 0.259000000 99.99 0.259000000 0.021 0.000000  0.353 0.000  0.494 0.000   2.143 0.000   0.801 0.000   1.342 0.000 0.007 0.000000 0.098 0.000000
 60.333333  61.333333    7.71 0.000000  0.26 0.000000000 0.007 0.000000000 99.99 0.259000000 0.008 0.000000  0.229 0.000  0.320 0.000   2.545 0.000   1.886 0.000   0.658 0.000 0.006 0.000000 0.064 0.000000
 63.333333  64.333333   12.45 0.000000  0.40 0.000000000 9.999 0.259000000 99.99 0.259000000 0.030 0.000000  0.376 0.000  0.526 0.000   4.615 0.000   2.576 0.000   2.039 0.000 0.013 0.000000 0.242 0.000000
 67.333333  68.333333    6.91 0.000000  0.42 0.000000000 9.999 0.259000000 99.99 0.259000000 0.053 0.000000  0.319 0.000  0.446 0.000   3.280 0.000   1.909 0.000   1.371 0.000 0.007 0.000000 0.198 0.000000
 70.333333  71.333333    3.68 0.000000 99.99 0.259000000 9.999 0.259000000 99.99 0.259000000 0.016 0.000000  0.238 0.000  0.333 0.000   2.130 0.000   1.459 0.000   0.671 0.000 0.005 0.000000 0.083 0.000000
 74.333333  75.333333   34.22 0.000000  0.47 0.000000000 9.999 0.259000000  0.11 0.000000000 0.019 0.000000  0.296 0.000  0.414 0.000  13.589 0.000  11.066 0.000   2.523 0.000 0.036 0.000000 0.110 0.000000
 77.333333  78.333333   17.95 0.000000  1.76 0.000000000 9.999 0.259000000 99.99 0.259000000 0.014 0.000000  0.105 0.000  0.147 0.000   3.515 0.000   2.061 0.000   1.454 0.000 0.019 0.000000 0.162 0.000000
 81.333333  82.333333   14.86 0.000000  0.39 0.000000000 0.012 0.000000000 99.99 0.259000000 9.999 0.456000  0.117 0.000  0.164 0.000   3.792 0.000   2.505 0.000   1.287 0.000 0.014 0.000000 9.999 0.456000
 84.333333  85.333333   54.39 0.000000  1.17 0.000000000 9.999 0.259000000 99.99 0.259000000 9.999 0.456000  0.725 0.000  1.014 0.000  12.100 0.000   7.970 0.000   4.130 0.000 0.053 0.000000 9.999 0.456000
 88.333333  89.333333  108.07 0.000000  0.92 0.000000000 9.999 0.259000000 99.99 0.259000000 0.088 0.000000  0.828 0.000  1.159 0.000  16.793 0.000  11.136 0.000   5.657 0.000 0.067 0.000000 0.492 0.000000
 91.333333  92.333333  139.38 0.000000  3.05 0.000000000 9.999 0.259000000 99.99 0.259000000 0.039 0.000000  0.552 0.000  0.773 0.000  11.616 0.000   6.770 0.000   4.846 0.000 0.106 0.000000 0.327 0.000000
 95.333333  96.333333   62.22 0.000000  1.20 0.000000000 9.999 0.259000000 99.99 0.259000000 0.040 0.000000  0.902 0.000  1.264 0.000   9.273 0.000   5.335 0.000   3.938 0.000 0.044 0.000000 0.260 0.000000
 98.333333  99.333333   94.08 0.000000  1.74 0.000000000 9.999 0.259000000 99.99 0.259000000 0.059 0.000000  0.924 0.000  1.293 0.000  13.423 0.000   8.974 0.000   4.449 0.000 0.069 0.000000 0.294 0.000000
102.333333 103.333333   78.63 0.000000  1.24 0.000000000 0.048 0.000000000 99.99 0.259000000 0.056 0.000000  1.028 0.000  1.439 0.000  10.245 0.000   5.809 0.000   4.436 0.000 0.056 0.000000 0.268 0.000000
105.333333 106.333333   30.22 0.000000  0.45 0.000000000 9.999 0.259000000 99.99 0.259000000 0.037 0.000000  0.694 0.000  0.972 0.000   6.301 0.000   4.176 0.000   2.125 0.000 0.020 0.000000 0.179 0.000000
109.333333 110.333333   12.69 0.000000  0.28 0.000000000 9.999 0.259000000  0.14 0.000000000 0.029 0.559000  0.688 0.000  0.964 0.000   4.489 0.000   2.738 0.000   1.751 0.000 0.012 0.000000 0.135 0.559000
112.333333 113.333333   94.16 0.000000  0.76 0.000000000 9.999 0.259000000 99.99 0.259000000 0.066 0.000000  0.966 0.000  1.352 0.000  13.847 0.000   7.864 0.000   5.982 0.000 0.067 0.000000 0.479 0.000000
116.333333 117.333333  208.46 0.000000  1.77 0.000000000 9.999 0.259000000 99.99 0.259000000 0.082 0.000000  0.969 0.000  1.357 0.000  17.638 0.000   9.110 0.000   8.528 0.000 0.138 0.000000 0.500 0.000000
119.333333 120.333333  361.27 0.000000  0.63 0.000000000 9.999 0.259000000 99.99 0.259000000 0.044 0.000000  0.689 0.000  0.964 0.000  43.030 0.000  30.120 0.000  12.910 0.000 0.312 0.000000 0.279 0.000000
123.333333 124.333333  136.75 0.000000  1.22 0.000000000 0.081 0.000000000 99.99 0.259000000 0.055 0.000000  1.177 0.000  1.647 0.000  13.931 0.000   7.624 0.000   6.307 0.000 0.084 0.000000 0.373 0.000000
126.333333 127.333333  183.79 0.000000  2.03 0.000000000 9.999 0.259000000 99.99 0.259000000 0.088 0.000000  1.619 0.000  2.267 0.000  22.993 0.000  14.377 0.000   8.616 0.000 0.135 0.000000 0.463 0.000000
130.333333 131.333333  303.96 0.000000  1.18 0.000000000 9.999 0.259000000 99.99 0.259000000 0.072 0.000000  1.358 0.000  1.901 0.000  45.647 0.000  33.720 0.000  11.927 0.000 0.237 0.000000 0.420 0.000000
133.333333 134.333333  109.59 0.000000  1.10 0.000000000 9.999 0.259000000 99.99 0.259000000 0.069 0.000000  0.562 0.000  0.786 0.000   9.443 0.000   4.619 0.000   4.824 0.000 0.079 0.000000 0.214 0.000000
137.333333 138.333333 9999.99 0.999000 99.99 0.999000000 9.999 0.999000000 99.99 0.999000000 9.999 0.999000 99.999 0.999 99.999 0.999 999.999 0.999 999.999 0.999 999.999 0.999 9.999 0.999000 9.999 0.999000
140.333333 141.333333 9999.99 0.999000 99.99 0.999000000 9.999 0.999000000 99.99 0.999000000 9.999 0.999000 99.999 0.999 99.999 0.999 999.999 0.999 999.999 0.999 999.999 0.999 9.999 0.999000 9.999 0.999000
144.333333 145.333333 9999.99 0.999000 99.99 0.999000000 9.999 0.999000000 99.99 0.999000000 9.999 0.999000 99.999 0.999 99.999 0.999 999.999 0.999 999.999 0.999 999.999 0.999 9.999 0.999000 9.999 0.999000
147.333333 148.333333 9999.99 0.999000 99.99 0.999000000 9.999 0.999000000 99.99 0.999000000 9.999 0.999000 99.999 0.999 99.999 0.999 999.999 0.999 999.999 0.999 999.999 0.999 9.999 0.999000 9.999 0.999000
151.333333 152.333333   85.45 0.000000  1.39 0.000000000 9.999 0.259000000 99.99 0.259000000 0.080 0.000000  0.913 0.000  1.278 0.000  14.820 0.000   9.830 0.000   4.990 0.000 0.074 0.000000 0.351 0.000000
154.333333 155.333333  106.58 0.000000  0.81 0.000000000 9.999 0.259000000 99.99 0.259000000 0.112 0.000000  1.020 0.000  1.428 0.000  14.778 0.000   8.345 0.000   6.433 0.000 0.077 0.000000 0.450 0.000000
158.333333 159.333333 9999.99 0.999000 99.99 0.999000000 9.999 0.999000000 99.99 0.999000000 9.999 0.999000 99.999 0.999 99.999 0.999 999.999 0.999 999.999 0.999 999.999 0.999 9.999 0.999000 9.999 0.999000
161.333333 162.333333 9999.99 0.999000 99.99 0.999000000 9.999 0.999000000 99.99 0.999000000 9.999 0.999000 99.999 0.999 99.999 0.999 999.999 0.999 999.999 0.999 999.999 0.999 9.999 0.999000 9.999 0.999000
165.333333 166.333333   70.23 0.559000 99.99 0.559259000 9.999 0.559259000 99.99 0.559259000 0.017 0.000000  0.528 0.000  0.739 0.000   9.470 0.000   5.766 0.000   3.704 0.559 0.052 0.559000 0.081 0.000000
168.333333 169.333333  179.06 0.559000 99.99 0.559259000 9.999 0.559259000 99.99 0.559259000 0.061 0.000000  1.180 0.000  1.651 0.000  17.316 0.000   8.828 0.000   8.488 0.559 0.132 0.559000 0.312 0.000000
172.333333 173.333333   95.26 0.000000  0.35 0.000000000 9.999 0.259000000 99.99 0.259000000 0.039 0.559000  0.784 0.000  1.098 0.000  13.216 0.000   8.294 0.000   4.921 0.000 0.063 0.000000 0.297 0.559000
175.333333 176.333333   61.39 0.000000  0.35 0.000000000 0.040 0.000000000 99.99 0.259000000 0.072 0.559000  0.871 0.000  1.220 0.000  14.352 0.000   9.129 0.000   5.223 0.000 0.056 0.000000 0.484 0.559000
179.333333 180.333333   48.47 0.000000  0.18 0.000000000 9.999 0.259000000 99.99 0.259000000 0.045 0.000000  0.954 0.000  1.336 0.000  12.830 0.000   8.069 0.000   4.761 0.000 0.041 0.000000 0.416 0.000000
182.333333 183.333333   62.63 0.000000  0.77 0.000000000 9.999 0.259000000 99.99 0.259000000 0.075 0.559000  1.492 0.000  2.089 0.000  17.065 0.000  10.969 0.000   6.095 0.000 0.069 0.000000 0.430 0.559000
186.333333 187.333333   43.97 0.000000  0.97 0.000000000 9.999 0.259000000 99.99 0.259000000 0.136 0.000000  0.789 0.000  1.104 0.000  14.520 0.000   9.780 0.000   4.740 0.000 0.080 0.000000 0.257 0.000000
189.333333 190.333333   36.88 0.000000  0.28 0.000000000 9.999 0.259000000 99.99 0.259000000 0.069 0.000000  0.502 0.000  0.704 0.000   9.806 0.000   5.700 0.000   4.106 0.000 0.041 0.000000 0.218 0.000000
193.333333 194.333333   56.86 0.000000  0.35 0.000000000 9.999 0.259000000 99.99 0.259000000 0.090 0.559000  0.685 0.000  0.959 0.000  14.141 0.000   9.085 0.000   5.056 0.000 0.093 0.000000 0.401 0.559000
196.333333 197.333333   33.27 0.000000  0.20 0.000000000 9.999 0.259000000 99.99 0.259000000 0.059 0.559000  0.766 0.000  1.072 0.000   9.428 0.000   5.610 0.000   3.818 0.000 0.060 0.000000 0.332 0.559000
200.333333 201.333333   28.04 0.000000 99.99 0.259000000 9.999 0.259000000 99.99 0.259000000 0.025 0.000000  0.490 0.000  0.686 0.000   5.051 0.000   3.125 0.000   1.925 0.000 0.022 0.000000 0.131 0.000000
203.333333 204.333333   54.86 0.000000  0.52 0.000000000 9.999 0.259000000 99.99 0.259000000 0.070 0.000000  1.826 0.000  2.556 0.000  14.604 0.000   8.694 0.000   5.911 0.000 0.072 0.000000 0.402 0.000000
207.333333 208.333333   58.09 0.000000 99.99 0.259000000 9.999 0.259000000 99.99 0.259000000 0.051 0.000000  1.446 0.000  2.025 0.000  12.676 0.000   7.821 0.000   4.855 0.000 0.051 0.000000 0.257 0.000000
210.333333 211.333333   67.95 0.559394 99.99 0.559394259 9.999 0.559394259 99.99 0.559394259 0.072 0.559394  2.673 0.000  3.742 0.000  14.584 0.000   6.669 0.000   7.915 0.559 0.071 0.559394 0.376 0.559394
214.333333 215.333333  154.31 0.000000 99.99 0.259000000 9.999 0.259000000 99.99 0.259000000 0.096 0.559000  2.951 0.000  4.132 0.000  30.064 0.000  18.246 0.000  11.818 0.000 0.167 0.000000 0.583 0.559000
217.333333 218.333333   39.33 0.000000  0.15 0.000000000 9.999 0.259000000 99.99 0.259000000 0.052 0.559000  1.859 0.000  2.602 0.000  10.755 0.000   4.474 0.000   6.282 0.000 0.069 0.000000 0.459 0.559000
221.333333 222.333333   55.99 0.000000 99.99 0.259000000 9.999 0.259000000 99.99 0.259000000 0.053 0.000000  0.967 0.000  1.354 0.000  11.797 0.000   6.885 0.000   4.913 0.000 0.052 0.000000 0.356 0.000000
224.333333 225.333333   25.48 0.000000  0.22 0.000000000 9.999 0.259000000 99.99 0.259000000 0.039 0.559000  0.671 0.000  0.939 0.000   5.982 0.000   3.558 0.000   2.425 0.000 0.030 0.000000 0.169 0.559000
228.333333 229.333333 9999.99 0.999000 99.99 0.999000000 9.999 0.999000000 99.99 0.999000000 9.999 0.999000 99.999 0.999 99.999 0.999 999.999 0.999 999.999 0.999 999.999 0.999 9.999 0.999000 9.999 0.999000
231.333333 232.333333   28.78 0.000000 99.99 0.259000000 9.999 0.259000000 99.99 0.259000000 0.047 0.000000  0.366 0.000  0.513 0.000   6.944 0.000   5.002 0.000   1.942 0.000 0.022 0.000000 0.108 0.000000
234.333333 235.333333  167.34 0.000000 99.99 0.259000000 9.999 0.259000000 99.99 0.259000000 0.151 0.000000  0.760 0.000  1.064 0.000  31.984 0.000  24.797 0.000   7.187 0.000 0.103 0.000000 0.408 0.000000
237.333333 238.333333  156.13 0.000000  0.19 0.000000000 9.999 0.259000000 99.99 0.259000000 0.081 0.559000  0.773 0.000  1.083 0.000  20.675 0.000  13.142 0.000   7.533 0.000 0.099 0.000000 0.617 0.559000
240.333333 241.333333  194.81 0.000000  0.37 0.000000000 9.999 0.259000000 99.99 0.259000000 0.083 0.000000  0.867 0.000  1.213 0.000  27.165 0.000  18.424 0.000   8.742 0.000 0.146 0.000000 0.599 0.000000
243.333333 244.333333   55.28 0.000000  0.25 0.000000000 9.999 0.259000000 99.99 0.259000000 0.093 0.000000  0.851 0.000  1.191 0.000  15.565 0.000   8.709 0.000   6.856 0.000 0.047 0.000000 0.811 0.000000
246.333333 247.333333   15.39 0.559000  0.22 0.559000000 9.999 0.559259000 99.99 0.559259000 0.041 0.000000  0.511 0.000  0.715 0.000   6.266 0.000   3.865 0.000   2.401 0.559 0.017 0.559000 0.268 0.000000
249.333333 250.333333   51.49 0.000000  0.09 0.000000000 9.999 0.259000000 99.99 0.259000000 0.030 0.000000  0.632 0.000  0.885 0.000  14.951 0.000  12.114 0.000   2.837 0.000 0.047 0.000000 0.131 0.000000
252.333333 253.333333   53.02 0.000000  0.41 0.000000000 9.999 0.259000000 99.99 0.259000000 0.090 0.000000  1.160 0.000  1.624 0.000  10.989 0.000   6.854 0.000   4.135 0.000 0.043 0.000000 0.265 0.000000
255.333333 256.333333   50.80 0.000000  0.41 0.000000000 9.999 0.259000000 99.99 0.259000000 0.057 0.000000  0.688 0.000  0.963 0.000   9.833 0.000   5.477 0.000   4.356 0.000 0.048 0.000000 0.421 0.000000
258.333333 259.333333   45.25 0.000000  0.53 0.000000000 9.999 0.259000000 99.99 0.259000000 0.056 0.000000  0.602 0.000  0.843 0.000   9.747 0.000   6.416 0.000   3.331 0.000 0.040 0.000000 0.305 0.000000
261.333333 262.333333   30.03 0.000000  0.24 0.000000000 9.999 0.259000000 99.99 0.259000000 0.024 0.000000  0.769 0.000  1.076 0.000   6.741 0.000   4.133 0.000   2.608 0.000 0.039 0.000000 0.199 0.000000
