scripts/IMPROVE-2019_partial/data/US0058R.20150103060000.20191216000000.filterpack...1y.3d.US03L_filterpack_US0058.US03L_IMPROVE_Davis.lev2.nas
52 1001
MISSING INFORMATION
US03L, IMPROVE, , , , , , , 
MISSING INFORMATION
IMPROVE sel_HTAP
1 1
2015 01 01 2019 12 16
3.00
days from file reference point
5
1 1 1 1 1
999.99 999.999 9.999 999.999 9.999
end_time of measurement, days from the file reference point
pm10_mass, ug/m3, Matrix=pm10
numflag pm10_mass, no unit, Matrix=pm10
pm25_mass, ug/m3, Matrix=pm25
numflag pm25_mass, no unit, Matrix=pm25
0
33
Data definition:              EBAS_1.1
Set type code:                TU
Timezone:                     UTC
File name:                    US0058R.20150103060000.20191216000000.filterpack...1y.3d.US03L_filterpack_US0058.US03L_IMPROVE_Davis.lev2.nas
File creation:                20191218115905
Startdate:                    20150103060000
Revision date:                20191216000000
Version:                      2
Version description:          "Data extracted from http://views.cira.colostate.edu/fed/DataWizard 2019-12-16"
Statistics:                   arithmetic mean
Data level:                   2
Period code:                  1y
Resolution code:              3d
Sample duration:              1d
Orig. time res.:              3d
Station code:                 US0058R
Platform code:                US0058S
Station name:                 Lostwood
Station latitude:             48.6419
Station longitude:            -102.4022
Station altitude:             696.0 m
Regime:                       IMG
Component:                    
Unit:                         ug/m3
Matrix:                       
Laboratory code:              US03L
Instrument type:              filterpack
Instrument name:              filterpack_US0058
Method ref:                   US03L_IMPROVE_Davis
Blank correction:             Blank corrected
Volume std. temperature:      ambient
Volume std. pressure:         ambient
starttime endtime PM10 flag_PM10 PM2.5 flag_PM2.5
  2.25   3.25   3.014 0.000   1.617 0.000
  5.25   6.25   5.862 0.000   3.964 0.000
  8.25   9.25   8.738 0.000   2.498 0.000
 11.25  12.25   9.465 0.000   5.386 0.000
 14.25  15.25   5.801 0.000   3.846 0.000
 17.25  18.25   4.661 0.000   2.160 0.000
 20.25  21.25   3.913 0.000   3.781 0.000
 23.25  24.25   1.851 0.000   1.372 0.000
 26.25  27.25   3.254 0.000   2.543 0.000
 29.25  30.25  11.728 0.000   9.916 0.000
 32.25  33.25   5.557 0.000   3.535 0.000
 35.25  36.25   6.752 0.000   4.840 0.000
 38.25  39.25  10.177 0.000   8.556 0.000
 41.25  42.25   4.840 0.000   3.572 0.000
 44.25  45.25   6.940 0.000   3.198 0.000
 47.25  48.25   6.436 0.000   3.805 0.000
 50.25  51.25   4.822 0.000   4.028 0.000
 53.25  54.25   5.597 0.000   2.334 0.000
 56.25  57.25   5.912 0.000   4.195 0.000
 59.25  60.25   5.852 0.000   3.883 0.000
 62.25  63.25   6.511 0.000   3.807 0.000
 65.25  66.25   2.699 0.000   1.901 0.000
 68.25  69.25   2.573 0.000   1.462 0.000
 71.25  72.25   4.170 0.000   2.762 0.000
 74.25  75.25   2.816 0.000   1.366 0.000
 77.25  78.25   7.021 0.000   4.634 0.000
 80.25  81.25   6.566 0.000   3.372 0.000
 83.25  84.25   3.816 0.000   2.751 0.000
 86.25  87.25   5.486 0.000   3.113 0.000
 89.25  90.25   3.552 0.000   1.858 0.000
 92.25  93.25   4.308 0.000   2.422 0.000
 95.25  96.25   4.148 0.000   3.074 0.000
 98.25  99.25   6.938 0.000   3.479 0.000
101.25 102.25   5.276 0.000   1.068 0.000
104.25 105.25  23.945 0.000   4.965 0.000
107.25 108.25  17.639 0.000   3.273 0.000
110.25 111.25   6.151 0.000   2.352 0.000
113.25 114.25  22.482 0.000   7.327 0.000
116.25 117.25   4.194 0.000   2.614 0.000
119.25 120.25  12.506 0.000   3.685 0.000
122.25 123.25   9.133 0.000   2.921 0.000
125.25 126.25  12.909 0.000   7.348 0.000
128.25 129.25   5.588 0.000   2.429 0.000
131.25 132.25  14.719 0.000   5.901 0.000
134.25 135.25  11.596 0.000   5.534 0.000
137.25 138.25   4.450 0.000   2.596 0.000
140.25 141.25  22.416 0.000   6.591 0.000
143.25 144.25  18.911 0.000   5.664 0.000
146.25 147.25  19.317 0.000   7.824 0.000
149.25 150.25   8.393 0.000   2.062 0.000
152.25 153.25   9.939 0.000   5.552 0.000
155.25 156.25  12.863 0.000   4.184 0.000
158.25 159.25  16.301 0.000   5.754 0.000
161.25 162.25  19.653 0.000  10.695 0.000
164.25 165.25  13.288 0.000   4.259 0.000
167.25 168.25  12.641 0.000   3.332 0.000
170.25 171.25   7.148 0.000   2.568 0.000
173.25 174.25  10.593 0.000   4.629 0.000
176.25 177.25  12.516 0.000   5.453 0.000
179.25 180.25  43.903 0.000  24.380 0.000
182.25 183.25  60.426 0.000  52.494 0.000
185.25 186.25  49.825 0.000  44.042 0.000
188.25 189.25  52.450 0.000  47.056 0.659
191.25 192.25  15.491 0.000   8.099 0.000
194.25 195.25  12.884 0.000   6.922 0.000
197.25 198.25   7.371 0.000   2.610 0.000
200.25 201.25  11.691 0.000   3.878 0.000
203.25 204.25  13.889 0.000   6.217 0.000
206.25 207.25   9.260 0.000   3.924 0.000
209.25 210.25   6.996 0.000   2.518 0.000
212.25 213.25  15.411 0.000   4.612 0.000
215.25 216.25  15.772 0.000   4.897 0.000
218.25 219.25   9.178 0.000   3.553 0.000
221.25 222.25  10.877 0.000   3.793 0.000
224.25 225.25  22.612 0.000  10.307 0.000
227.25 228.25   5.165 0.000   1.724 0.000
230.25 231.25  10.817 0.000   5.381 0.000
233.25 234.25   8.222 0.000   4.679 0.000
236.25 237.25  10.709 0.000   2.790 0.000
239.25 240.25  44.112 0.000  26.216 0.000
242.25 243.25  15.130 0.000   8.381 0.000
245.25 246.25  24.622 0.000  13.071 0.000
248.25 249.25   3.331 0.000   1.118 0.000
251.25 252.25   9.677 0.000   3.546 0.000
254.25 255.25  42.709 0.000   4.273 0.000
257.25 258.25  22.853 0.000   6.912 0.000
260.25 261.25   5.740 0.000   2.765 0.000
263.25 264.25 999.999 0.999 999.999 0.999
266.25 267.25   8.259 0.000   4.244 0.000
269.25 270.25  18.898 0.000   5.703 0.000
272.25 273.25  15.613 0.000   4.883 0.000
275.25 276.25  15.462 0.000   3.485 0.000
278.25 279.25   5.862 0.000   3.408 0.000
281.25 282.25  15.188 0.000   6.391 0.000
284.25 285.25   4.254 0.000   1.692 0.000
287.25 288.25  12.282 0.000   3.438 0.000
290.25 291.25  38.368 0.000   7.247 0.000
293.25 294.25   4.949 0.000   1.902 0.000
296.25 297.25   5.296 0.000   2.401 0.000
299.25 300.25   2.386 0.000   1.698 0.000
302.25 303.25   5.196 0.000   2.746 0.000
305.25 306.25   2.454 0.000   1.936 0.000
308.25 309.25   1.529 0.000   1.385 0.000
311.25 312.25   3.595 0.000   2.006 0.000
314.25 315.25   3.770 0.000   2.989 0.000
317.25 318.25   5.820 0.000   2.160 0.000
320.25 321.25   4.413 0.000   1.656 0.000
323.25 324.25   5.882 0.000   2.343 0.000
326.25 327.25   5.946 0.000   2.523 0.000
329.25 330.25   8.908 0.000   4.693 0.000
332.25 333.25  15.413 0.000   7.278 0.000
335.25 336.25  12.475 0.000   3.560 0.000
338.25 339.25   4.713 0.000   1.584 0.000
341.25 342.25   7.231 0.000   1.784 0.000
344.25 345.25   1.892 0.000   2.049 0.000
347.25 348.25   3.645 0.000   2.862 0.000
350.25 351.25   4.710 0.000   2.469 0.000
353.25 354.25   8.986 0.000   6.582 0.000
356.25 357.25   5.853 0.000   4.790 0.000
359.25 360.25   4.073 0.000   3.507 0.000
362.25 363.25  12.613 0.000   9.335 0.000
