scripts/IMPROVE-2019_partial/data/US0014R.20050101070000.20191216000000.filterpack..pm25.52w.1w.US03L_filterpack_US0014.US03L_IMPROVE_Davis.lev2.nas
66 1001
MISSING INFORMATION
US03L, IMPROVE, , , , , , , 
MISSING INFORMATION
IMPROVE sel_HTAP
1 1
2005 01 01 2019 12 16
3.000000
days from file reference point
27
1 1 1 1 1 1 1 1 1 1 1 1 1 1 1 1 1 1 1 1 1 1 1 1 1 1 1
999.999999 9999.99 9.999 99.99 9.999 9.999 9.999999 9.99 9.999999 9.999 9.999 999.999 9.999 999.999 9.999 999.99 9.999999 999.999 9.999 999.999 9.999999 999.999 9.999 9.999 9.999 9.999 9.999
end_time of measurement, days from the file reference point
iron, ng/m3, Revision date=20181210133000
numflag iron, no unit, Revision date=20181210133000
lead, ng/m3, Revision date=20181210133000
numflag lead, no unit, Revision date=20181210133000
magnesium, ug/m3, Revision date=20181210133000
numflag magnesium, no unit, Revision date=20181210133000
nickel, ng/m3, Revision date=20181210133000
numflag nickel, no unit, Revision date=20181210133000
nitrate, ug N/m3, Revision date=20181210133000
numflag nitrate, no unit, Revision date=20181210133000
organic_carbon, ug C/m3, Revision date=20181210133000
numflag organic_carbon, no unit, Revision date=20181210133000
organic_mass, ug/m3, Revision date=20181210133000
numflag organic_mass, no unit, Revision date=20181210133000
phosphorus, ng/m3, Revision date=20181210133000
numflag phosphorus, no unit, Revision date=20181210133000
pm10_mass, ug/m3, Version=2, Version description=Data extracted from http://views.cira.colostate.edu/fed/DataWizard 2019-12-16, Sample duration=1d, Orig. time res.=3d, Matrix=pm10, Blank correction=Blank corrected, Volume std. temperature=ambient, Volume std. pressure=ambient
numflag pm10_mass, no unit, Version=2, Version description=Data extracted from http://views.cira.colostate.edu/fed/DataWizard 2019-12-16, Sample duration=1d, Orig. time res.=3d, Matrix=pm10, Blank correction=Blank corrected, Volume std. temperature=ambient, Volume std. pressure=ambient
pm10_pm25_mass, ug/m3, Revision date=20181210133000, Matrix=pm10_pm25
numflag pm10_pm25_mass, no unit, Revision date=20181210133000, Matrix=pm10_pm25
pm25_mass, ug/m3, Version=2, Version description=Data extracted from http://views.cira.colostate.edu/fed/DataWizard 2019-12-16, Sample duration=1d, Orig. time res.=3d, Blank correction=Blank corrected, Volume std. temperature=ambient, Volume std. pressure=ambient
numflag pm25_mass, no unit, Version=2, Version description=Data extracted from http://views.cira.colostate.edu/fed/DataWizard 2019-12-16, Sample duration=1d, Orig. time res.=3d, Blank correction=Blank corrected, Volume std. temperature=ambient, Volume std. pressure=ambient
potassium, ug/m3, Revision date=20181210133000
numflag potassium, no unit, Revision date=20181210133000
sulphate_total, ug S/m3, Revision date=20181210133000
numflag sulphate_total, no unit, Revision date=20181210133000
0
25
Data definition:              EBAS_1.1
Set type code:                TU
Timezone:                     UTC
File name:                    US0014R.20050101070000.20191216000000.filterpack..pm25.52w.1w.US03L_filterpack_US0014.US03L_IMPROVE_Davis.lev2.nas
File creation:                20191218115619
Startdate:                    20050101070000
Revision date:                20191216000000
Statistics:                   arithmetic mean
Data level:                   2
Period code:                  52w
Resolution code:              1w
Station code:                 US0014R
Platform code:                US0014S
Station name:                 Indian Gardens
Station latitude:             36.0778
Station longitude:            -112.1288
Station altitude:             1166.0 m
Regime:                       IMG
Component:                    
Matrix:                       pm25
Laboratory code:              US03L
Instrument type:              filterpack
Instrument name:              filterpack_US0014
Method ref:                   US03L_IMPROVE_Davis
starttime endtime Fe flag_Fe Pb flag_Pb Mg++ flag_Mg++ Ni flag_Ni NO3- flag_NO3- OC flag_OC OM flag_OM P flag_P PM10 flag_PM10 PM10-PM2.5 flag_PM10-PM2.5 PM2.5 flag_PM2.5 K+ flag_K+ SO4-- flag_SO4--
  0.291667   1.291667    2.92 0.559  0.43 0.559 0.010 0.559000 0.22 0.559000 0.019 0.559   0.200 0.000   0.360 0.000 999.99 0.559259 999.999 0.999 999.999 0.559999   0.597 0.659 0.005 0.559 0.064 0.559
  3.291667   4.291667 9999.99 0.999 99.99 0.999 9.999 0.999000 9.99 0.999000 9.999 0.999 999.999 0.999 999.999 0.999 999.99 0.999000 999.999 0.999 999.999 0.999000 999.999 0.999 9.999 0.999 9.999 0.999
  6.291667   7.291667    3.10 0.559  0.37 0.559 9.999 0.559259 0.09 0.559000 0.031 0.559   0.163 0.000   0.293 0.000 999.99 0.559259 999.999 0.999 999.999 0.559999   1.287 0.659 0.003 0.559 0.173 0.559
  9.291667  10.291667 9999.99 0.999 99.99 0.999 9.999 0.999000 9.99 0.999000 9.999 0.999 999.999 0.999 999.999 0.999 999.99 0.999000 999.999 0.999 999.999 0.999000 999.999 0.999 9.999 0.999 9.999 0.999
 12.291667  13.291667 9999.99 0.999 99.99 0.999 9.999 0.999000 9.99 0.999000 9.999 0.999 999.999 0.999 999.999 0.999 999.99 0.999000 999.999 0.999 999.999 0.999000 999.999 0.999 9.999 0.999 9.999 0.999
 15.291667  16.291667 9999.99 0.999 99.99 0.999 9.999 0.999000 9.99 0.999000 9.999 0.999 999.999 0.999 999.999 0.999 999.99 0.999000 999.999 0.999 999.999 0.999000 999.999 0.999 9.999 0.999 9.999 0.999
 18.291667  19.291667 9999.99 0.999 99.99 0.999 9.999 0.999000 9.99 0.999000 9.999 0.999 999.999 0.999 999.999 0.999 999.99 0.999000 999.999 0.999 999.999 0.999000 999.999 0.999 9.999 0.999 9.999 0.999
 21.291667  22.291667 9999.99 0.999 99.99 0.999 9.999 0.999000 9.99 0.999000 9.999 0.999 999.999 0.999 999.999 0.999 999.99 0.999000 999.999 0.999 999.999 0.999000 999.999 0.999 9.999 0.999 9.999 0.999
 24.291667  25.291667 9999.99 0.999 99.99 0.999 9.999 0.999000 9.99 0.999000 9.999 0.999 999.999 0.999 999.999 0.999 999.99 0.999000 999.999 0.999 999.999 0.999000 999.999 0.999 9.999 0.999 9.999 0.999
 27.291667  28.291667 9999.99 0.999 99.99 0.999 9.999 0.999000 9.99 0.999000 9.999 0.999 999.999 0.999 999.999 0.999 999.99 0.999000 999.999 0.999 999.999 0.999000 999.999 0.999 9.999 0.999 9.999 0.999
 30.291667  31.291667 9999.99 0.999 99.99 0.999 9.999 0.999000 9.99 0.999000 9.999 0.999 999.999 0.999 999.999 0.999 999.99 0.999000 999.999 0.999 999.999 0.999000 999.999 0.999 9.999 0.999 9.999 0.999
 33.291667  34.291667 9999.99 0.999 99.99 0.999 9.999 0.999000 9.99 0.999000 0.007 0.559   0.216 0.000   0.389 0.000 999.99 0.999000   1.754 0.000 999.999 0.999000 999.999 0.999 9.999 0.999 0.199 0.559
 36.291667  37.291667 9999.99 0.999 99.99 0.999 9.999 0.999000 9.99 0.999000 0.044 0.559   0.485 0.000   0.873 0.000 999.99 0.999000   3.473 0.000 999.999 0.999000 999.999 0.999 9.999 0.999 0.228 0.559
 39.291667  40.291667   13.42 0.559  0.20 0.559 9.999 0.559259 9.99 0.559259 0.005 0.559   0.393 0.000   0.707 0.000 999.99 0.559259   1.021 0.000   0.487 0.559000   0.534 0.659 0.005 0.559 0.037 0.559
 42.291667  43.291667    1.64 0.559  0.25 0.559 9.999 0.559259 9.99 0.559259 0.095 0.559   0.189 0.000   0.340 0.000 999.99 0.559259   0.977 0.000   0.357 0.559000   0.620 0.659 0.002 0.559 0.066 0.559
 45.291667  46.291667    5.84 0.559  0.39 0.559 9.999 0.559259 0.15 0.559000 0.040 0.559   0.397 0.000   0.715 0.000 999.99 0.559259   2.150 0.000   0.265 0.559000   1.885 0.659 0.006 0.559 0.213 0.559
 48.291667  49.291667    9.58 0.559  0.42 0.559 0.008 0.559000 9.99 0.559259 0.035 0.559   0.268 0.000   0.482 0.000 999.99 0.559259   2.126 0.000   0.613 0.559000   1.513 0.659 0.007 0.559 0.174 0.559
 51.291667  52.291667    4.07 0.559  0.29 0.559 0.014 0.559000 0.32 0.559000 0.015 0.559   0.280 0.000   0.504 0.000 999.99 0.559259   1.787 0.000   0.745 0.559000   1.042 0.659 0.006 0.559 0.075 0.559
 54.291667  55.291667    4.43 0.559  0.39 0.559 0.011 0.559000 9.99 0.559259 0.007 0.559   0.276 0.000   0.496 0.000 999.99 0.559259   1.306 0.000   0.456 0.559000   0.850 0.659 0.005 0.559 0.101 0.559
 57.291667  58.291667    7.78 0.559  0.20 0.559 9.999 0.559259 0.14 0.559000 0.008 0.559   0.373 0.000   0.671 0.000 999.99 0.559259   2.047 0.000   0.920 0.559000   1.127 0.659 0.008 0.559 0.124 0.559
 60.291667  61.291667   10.82 0.559  0.60 0.559 9.999 0.559259 9.99 0.559259 0.009 0.000   0.290 0.000   0.522 0.000 999.99 0.559259   2.565 0.000   0.854 0.559000   1.711 0.659 0.007 0.559 0.174 0.000
 63.291667  64.291667    5.91 0.559  0.55 0.559 9.999 0.559259 9.99 0.559259 0.006 0.000   0.213 0.000   0.384 0.000 999.99 0.559259   1.468 0.000   0.392 0.559000   1.075 0.659 0.005 0.559 0.111 0.000
 66.291667  67.291667   20.59 0.559  0.91 0.559 0.017 0.559000 9.99 0.559259 0.010 0.000   0.297 0.000   0.534 0.000 999.99 0.559259   3.140 0.000   1.520 0.559000   1.619 0.659 0.021 0.559 0.128 0.000
 69.291667  70.291667   27.88 0.559  0.78 0.559 9.999 0.559259 9.99 0.559259 0.014 0.000   0.551 0.000   0.991 0.000 999.99 0.559259   4.096 0.000   1.912 0.559000   2.183 0.659 0.029 0.559 0.140 0.000
 72.291667  73.291667   35.32 0.559  0.88 0.559 9.999 0.559259 9.99 0.559259 0.021 0.559   0.214 0.000   0.385 0.000 999.99 0.559259   5.756 0.000   3.802 0.559000   1.954 0.659 0.026 0.559 0.152 0.559
 75.291667  76.291667   62.89 0.559  1.60 0.559 9.999 0.559259 9.99 0.559259 0.073 0.000   1.202 0.000   2.164 0.000 999.99 0.559259   8.532 0.000   5.398 0.559000   3.134 0.659 0.040 0.559 0.255 0.000
 78.291667  79.291667   15.52 0.559  0.94 0.559 9.999 0.559259 9.99 0.559259 0.053 0.000   0.324 0.000   0.582 0.000 999.99 0.559259   3.257 0.000   1.239 0.559000   2.018 0.659 0.015 0.559 0.258 0.000
 81.291667  82.291667   11.61 0.000  0.48 0.000 9.999 0.259000 9.99 0.259000 0.041 0.000   0.206 0.000   0.372 0.000 999.99 0.259000   4.635 0.000   3.477 0.000000   1.158 0.000 0.011 0.000 0.090 0.000
 84.291667  85.291667    5.39 0.000  0.42 0.000 9.999 0.259000 9.99 0.259000 0.010 0.000   0.223 0.000   0.402 0.000 999.99 0.259000   2.323 0.000   1.407 0.000000   0.916 0.000 0.006 0.000 0.112 0.000
 87.291667  88.291667   36.05 0.000  0.42 0.000 9.999 0.259000 9.99 0.259000 0.013 0.000   0.189 0.000   0.340 0.000 999.99 0.259000   5.908 0.000   4.207 0.000000   1.700 0.000 0.021 0.000 0.151 0.000
 90.291667  91.291667 9999.99 0.999 99.99 0.999 9.999 0.999000 9.99 0.999000 9.999 0.999 999.999 0.999 999.999 0.999 999.99 0.999000 999.999 0.999 999.999 0.999000 999.999 0.999 9.999 0.999 9.999 0.999
 93.291667  94.291667 9999.99 0.999 99.99 0.999 9.999 0.999000 9.99 0.999000 9.999 0.999 999.999 0.999 999.999 0.999 999.99 0.999000 999.999 0.999 999.999 0.999000 999.999 0.999 9.999 0.999 9.999 0.999
 96.291667  97.291667   81.03 0.000  1.73 0.000 0.026 0.000000 9.99 0.259000 0.029 0.000   0.552 0.000   0.994 0.000 999.99 0.259000  10.652 0.000   7.000 0.000000   3.651 0.000 0.054 0.000 0.298 0.000
 99.291667 100.291667   40.35 0.000  0.52 0.000 9.999 0.259000 0.41 0.000000 0.018 0.000   0.271 0.000   0.487 0.000 999.99 0.259000   3.438 0.000   1.588 0.000000   1.850 0.000 0.026 0.000 0.140 0.000
102.291667 103.291667  149.69 0.000  3.12 0.000 0.063 0.000000 0.47 0.000000 0.032 0.000   0.568 0.000   1.022 0.000 999.99 0.259000  10.569 0.000   5.630 0.000000   4.938 0.000 0.093 0.000 0.275 0.000
105.291667 106.291667  185.09 0.000  4.28 0.000 0.077 0.000000 0.09 0.000000 0.054 0.000   0.826 0.000   1.486 0.000 999.99 0.259000  19.295 0.000  10.996 0.000000   8.297 0.000 0.135 0.000 0.657 0.000
108.291667 109.291667  139.04 0.000  2.24 0.000 0.038 0.000000 9.99 0.259000 0.149 0.000   0.556 0.000   1.001 0.000 999.99 0.259000  20.126 0.000  13.653 0.000000   6.473 0.000 0.109 0.000 0.479 0.000
111.291667 112.291667   75.83 0.000  0.75 0.000 0.033 0.000000 9.99 0.259000 0.032 0.000   0.588 0.000   1.058 0.000 999.99 0.259000   9.748 0.000   6.182 0.000000   3.565 0.000 0.051 0.000 0.179 0.000
114.291667 115.291667   34.25 0.000  0.83 0.000 9.999 0.259000 9.99 0.259000 0.025 0.000   0.550 0.000   0.990 0.000 999.99 0.259000   5.330 0.000   3.119 0.000000   2.210 0.000 0.025 0.000 0.198 0.000
117.291667 118.291667   42.66 0.000  0.74 0.000 9.999 0.259000 0.13 0.000000 0.034 0.000   0.400 0.000   0.720 0.000 999.99 0.259000   6.770 0.000   4.249 0.000000   2.521 0.000 0.031 0.000 0.236 0.000
120.291667 121.291667   30.89 0.000  0.91 0.000 9.999 0.259000 0.12 0.000000 0.033 0.000   0.374 0.000   0.674 0.000 999.99 0.259000   5.682 0.000   2.502 0.000000   3.179 0.000 0.020 0.000 0.238 0.000
123.291667 124.291667   32.74 0.000  0.97 0.000 9.999 0.259000 9.99 0.259000 0.013 0.000   0.446 0.000   0.803 0.000 999.99 0.259000   4.615 0.000   2.265 0.000000   2.350 0.000 0.023 0.000 0.230 0.000
126.291667 127.291667   20.53 0.000  0.89 0.000 9.999 0.259000 0.16 0.000000 0.022 0.000   0.288 0.000   0.518 0.000 999.99 0.259000   3.485 0.000   1.542 0.000000   1.942 0.000 0.015 0.000 0.207 0.000
129.291667 130.291667  110.26 0.000  1.69 0.000 9.999 0.259000 0.12 0.000000 0.040 0.000   0.351 0.000   0.633 0.000 999.99 0.259000   1.503 0.000 999.999 0.259000   3.785 0.000 0.073 0.000 0.310 0.000
132.291667 133.291667   27.19 0.000  0.39 0.000 9.999 0.259000 9.99 0.259000 0.007 0.000   0.418 0.000   0.752 0.000 999.99 0.259000   5.464 0.000   3.535 0.000000   1.928 0.000 0.021 0.000 0.108 0.000
135.291667 136.291667  112.42 0.000  2.12 0.000 0.043 0.000000 0.20 0.000000 0.063 0.000   0.770 0.000   1.386 0.000 999.99 0.259000  16.536 0.000  10.453 0.000000   6.081 0.000 0.092 0.000 0.445 0.000
138.291667 139.291667   75.69 0.000  1.36 0.000 0.030 0.000000 9.99 0.259000 0.074 0.000   0.645 0.000   1.161 0.000 999.99 0.259000  15.737 0.000  11.023 0.000000   4.714 0.000 0.065 0.000 0.336 0.000
141.291667 142.291667   61.92 0.000  1.02 0.000 0.018 0.000000 0.26 0.000000 0.017 0.000   0.720 0.000   1.295 0.000 999.99 0.259000  10.470 0.000   6.925 0.000000   3.544 0.000 0.042 0.000 0.226 0.000
144.291667 145.291667   75.41 0.000  0.87 0.000 0.044 0.000000 0.24 0.000000 0.083 0.000   0.950 0.000   1.709 0.000 999.99 0.259000  14.014 0.000   8.336 0.000000   5.678 0.000 0.181 0.000 0.299 0.000
147.291667 148.291667  128.40 0.000  1.09 0.000 0.041 0.000000 0.18 0.000000 0.113 0.000   1.251 0.000   2.251 0.000 999.99 0.259000  23.380 0.000  15.526 0.000000   7.853 0.000 0.124 0.000 0.666 0.000
150.291667 151.291667   24.69 0.000  0.62 0.000 0.011 0.000000 9.99 0.259000 0.011 0.000   0.607 0.000   1.093 0.000 999.99 0.259000   6.883 0.000   4.387 0.000000   2.496 0.000 0.020 0.000 0.178 0.000
153.291667 154.291667   80.71 0.000  0.60 0.000 0.033 0.000000 0.16 0.000000 0.046 0.000   0.520 0.000   0.936 0.000 999.99 0.259000  15.568 0.000  10.714 0.000000   4.855 0.000 0.074 0.000 0.272 0.000
156.291667 157.291667   63.46 0.000  0.93 0.000 9.999 0.259000 0.11 0.000000 0.100 0.000   0.489 0.000   0.881 0.000 999.99 0.259000  17.093 0.000  11.744 0.000000   5.348 0.000 0.061 0.000 0.463 0.000
159.291667 160.291667   54.41 0.000  0.81 0.000 0.023 0.000000 9.99 0.259000 0.090 0.000   1.051 0.000   1.891 0.000 999.99 0.259000  15.704 0.000  11.057 0.000000   4.647 0.000 0.076 0.000 0.303 0.000
162.291667 163.291667   28.52 0.000  1.08 0.000 9.999 0.259000 9.99 0.259000 0.057 0.000   1.822 0.000   3.280 0.000 999.99 0.259000   9.614 0.000   3.512 0.000000   6.100 0.000 0.125 0.000 0.434 0.000
165.291667 166.291667   42.60 0.000  0.93 0.000 0.019 0.000000 0.10 0.000000 0.048 0.000   0.499 0.000   0.898 0.000 999.99 0.259000  10.939 0.000   6.760 0.000000   4.178 0.000 0.081 0.000 0.438 0.000
168.291667 169.291667   46.01 0.000  0.84 0.000 0.013 0.000000 0.09 0.000000 0.033 0.000   0.487 0.000   0.877 0.000 999.99 0.259000  11.762 0.000   8.379 0.000000   3.383 0.000 0.101 0.000 0.283 0.000
171.291667 172.291667   44.19 0.000  1.04 0.000 9.999 0.259000 0.20 0.000000 0.026 0.000   1.863 0.000   3.353 0.000 999.99 0.259000  16.467 0.000   8.112 0.000000   8.354 0.000 0.094 0.000 0.906 0.000
174.291667 175.291667   30.76 0.000  0.55 0.000 9.999 0.259000 0.22 0.000000 0.030 0.000   1.532 0.000   2.758 0.000 999.99 0.259000  11.707 0.000   5.391 0.000000   6.315 0.000 0.097 0.000 0.581 0.000
177.291667 178.291667   26.26 0.000  0.44 0.000 9.999 0.259000 9.99 0.259000 0.014 0.000   0.448 0.000   0.807 0.000 999.99 0.259000   7.019 0.000   4.552 0.000000   2.466 0.000 0.032 0.000 0.254 0.000
180.291667 181.291667   40.60 0.000  1.02 0.000 9.999 0.259000 9.99 0.259000 0.191 0.000   8.991 0.000  16.184 0.000 999.99 0.259000  30.397 0.000   7.812 0.000000  22.583 0.659 0.519 0.000 0.615 0.000
183.291667 184.291667   51.19 0.000  1.12 0.000 0.014 0.000000 0.11 0.000000 0.066 0.000   1.944 0.000   3.498 0.000 999.99 0.259000  16.521 0.000   9.867 0.000000   6.654 0.000 0.128 0.000 0.464 0.000
186.291667 187.291667   64.94 0.699  0.99 0.699 0.024 0.699000 9.99 0.699259 0.042 0.559   5.903 0.000  10.626 0.000 999.99 0.699259  22.575 0.000  10.334 0.699000  12.238 0.659 0.117 0.699 0.336 0.559
189.291667 190.291667   51.08 0.000  1.16 0.000 0.023 0.000000 9.99 0.259000 0.095 0.000   1.468 0.000   2.642 0.000 999.99 0.259000  14.262 0.000   8.208 0.000000   6.053 0.000 0.114 0.000 0.515 0.000
192.291667 193.291667   53.02 0.699  0.46 0.699 0.023 0.699000 9.99 0.699259 0.046 0.000  13.989 0.000  25.181 0.000 999.99 0.699259  35.199 0.000   9.718 0.699000  25.486 0.659 0.110 0.699 0.276 0.000
195.291667 196.291667  117.84 0.394  0.68 0.394 0.052 0.394000 9.99 0.394259 0.026 0.394   3.256 0.000   5.860 0.000 999.99 0.394259  22.501 0.000  12.425 0.000000  10.233 0.000 0.125 0.394 0.371 0.394
198.291667 199.291667   54.56 0.699  0.79 0.699 9.999 0.699259 9.99 0.699259 0.092 0.559   8.992 0.000  16.186 0.000 999.99 0.699259  28.167 0.000   9.405 0.699000  18.755 0.659 0.286 0.699 0.464 0.559
201.291667 202.291667   58.39 0.000  0.41 0.000 0.018 0.000000 9.99 0.259000 0.023 0.000   2.285 0.000   4.113 0.000 999.99 0.259000  16.729 0.000   8.893 0.000000   7.836 0.000 0.153 0.000 0.398 0.000
204.291667 205.291667   31.90 0.000  0.60 0.000 9.999 0.259000 9.99 0.259000 0.020 0.000   2.059 0.000   3.706 0.000 999.99 0.259000  11.190 0.000   5.492 0.000000   5.697 0.000 0.081 0.000 0.239 0.000
207.291667 208.291667 9999.99 0.999 99.99 0.999 9.999 0.999000 9.99 0.999000 9.999 0.999 999.999 0.999 999.999 0.999 999.99 0.999000 999.999 0.999 999.999 0.999000 999.999 0.999 9.999 0.999 9.999 0.999
210.291667 211.291667 9999.99 0.999 99.99 0.999 9.999 0.999000 9.99 0.999000 9.999 0.999 999.999 0.999 999.999 0.999 999.99 0.999000 999.999 0.999 999.999 0.999000 999.999 0.999 9.999 0.999 9.999 0.999
213.291667 214.291667   61.06 0.000  0.48 0.000 9.999 0.259000 9.99 0.259000 0.013 0.000   0.618 0.000   1.112 0.000 999.99 0.259000   5.694 0.000   2.065 0.000000   3.628 0.000 0.037 0.000 0.221 0.000
216.291667 217.291667   34.93 0.000  0.45 0.000 9.999 0.259000 9.99 0.259000 0.011 0.000   0.830 0.000   1.493 0.000 999.99 0.259000   8.064 0.000   3.702 0.000000   4.364 0.000 0.024 0.000 0.374 0.000
219.291667 220.291667   19.83 0.000  0.42 0.000 9.999 0.259000 9.99 0.259000 0.010 0.000   0.880 0.000   1.583 0.000 999.99 0.259000   5.519 0.000 999.999 0.259000   5.565 0.000 0.016 0.000 0.269 0.000
222.291667 223.291667   11.47 0.000  0.28 0.000 9.999 0.259000 9.99 0.259000 0.007 0.000   0.859 0.000   1.545 0.000 999.99 0.259000   5.407 0.000   2.721 0.000000   2.686 0.000 0.014 0.000 0.191 0.000
225.291667 226.291667   19.38 0.000  0.28 0.000 9.999 0.259000 9.99 0.259000 0.010 0.000   0.719 0.000   1.295 0.000 999.99 0.259000   7.521 0.000   4.353 0.000000   3.168 0.000 0.028 0.000 0.333 0.000
228.291667 229.291667   29.64 0.000  0.55 0.000 9.999 0.259000 0.15 0.000000 0.023 0.000   0.436 0.000   0.785 0.000 999.99 0.259000   8.983 0.000   5.356 0.000000   3.626 0.000 0.024 0.000 0.477 0.000
231.291667 232.291667   10.49 0.000  0.50 0.000 9.999 0.259000 9.99 0.259000 0.008 0.000   0.479 0.000   0.861 0.000 999.99 0.259000   4.315 0.000   2.257 0.000000   2.057 0.000 0.010 0.000 0.254 0.000
234.291667 235.291667   21.14 0.000  0.42 0.000 9.999 0.259000 0.09 0.000000 0.017 0.000   0.489 0.000   0.880 0.000 999.99 0.259000   9.031 0.000   4.852 0.000000   4.179 0.000 0.025 0.000 0.598 0.000
