scripts/IMPROVE-2019_partial/data/US0074R.19970101060000.20191216000000.filterpack...1y.3d.US03L_filterpack_US0074.US03L_IMPROVE_Davis.lev2.nas
51 1001
MISSING INFORMATION
US03L, IMPROVE, , , , , , , 
MISSING INFORMATION
IMPROVE sel_HTAP
1 1
1997 01 01 2019 12 16
0
days from file reference point
4
1 1 1 1
999.99 999.999 999.999 9.999
end_time of measurement, days from the file reference point
pm10_mass, ug/m3, Matrix=pm10
pm25_mass, ug/m3, Matrix=pm25
numflag, no unit
0
33
Data definition:              EBAS_1.1
Set type code:                TI
Timezone:                     UTC
File name:                    US0074R.19970101060000.20191216000000.filterpack...1y.3d.US03L_filterpack_US0074.US03L_IMPROVE_Davis.lev2.nas
File creation:                20191218120030
Startdate:                    19970101060000
Revision date:                20191216000000
Version:                      2
Version description:          "Data extracted from http://views.cira.colostate.edu/fed/DataWizard 2019-12-16"
Statistics:                   arithmetic mean
Data level:                   2
Period code:                  1y
Resolution code:              3d
Sample duration:              1d
Orig. time res.:              3d
Station code:                 US0074R
Platform code:                US0074S
Station name:                 Guadalupe Mountains NP
Station latitude:             31.833
Station longitude:            -104.8094
Station altitude:             1672.0 m
Regime:                       IMG
Component:                    
Unit:                         ug/m3
Matrix:                       
Laboratory code:              US03L
Instrument type:              filterpack
Instrument name:              filterpack_US0074
Method ref:                   US03L_IMPROVE_Davis
Blank correction:             Blank corrected
Volume std. temperature:      ambient
Volume std. pressure:         ambient
starttime endtime PM10 PM2.5 flag
  0.25   1.25  10.586   4.993 0.000
  3.25   4.25   9.146   2.480 0.000
  7.25   8.25   7.281   2.666 0.000
 10.25  11.25   5.219   2.403 0.000
 14.25  15.25   2.578 999.999 0.000
 17.25  18.25   8.774 999.999 0.000
 21.25  22.25   5.251   2.571 0.000
 24.25  25.25   6.817   2.871 0.000
 28.25  29.25   7.828   3.390 0.000
 31.25  32.25   8.947   3.968 0.000
 35.25  36.25  10.017   4.960 0.000
 38.25  39.25  11.784   6.195 0.000
 42.25  43.25   5.178 999.999 0.000
 45.25  46.25   4.853   2.943 0.000
 49.25  50.25   6.944   4.001 0.000
 52.25  53.25   4.714   1.852 0.000
 56.25  57.25   6.113   3.619 0.000
 59.25  60.25   1.685   1.630 0.000
 63.25  64.25   9.410   3.358 0.000
 66.25  67.25  13.930   5.721 0.000
 70.25  71.25   9.178   3.840 0.000
 73.25  74.25  12.671   4.554 0.000
 77.25  78.25  21.441   6.436 0.000
 80.25  81.25  27.995   7.012 0.000
 84.25  85.25  15.929  11.698 0.000
 87.25  88.25  23.958   6.192 0.000
 91.25  92.25  14.145   4.286 0.000
 94.25  95.25  40.261   9.079 0.000
 98.25  99.25   9.016   5.366 0.000
101.25 102.25  13.158   7.978 0.000
105.25 106.25  17.464   7.936 0.000
108.25 109.25   9.990   4.672 0.000
112.25 113.25  12.386   6.176 0.000
115.25 116.25   6.051   2.315 0.000
119.25 120.25  27.051   9.722 0.000
122.25 123.25  36.378  14.176 0.000
126.25 127.25  12.671   8.070 0.000
129.25 130.25   6.620   3.601 0.000
133.25 134.25  21.162   6.125 0.000
136.25 137.25   9.944   6.036 0.000
140.25 141.25   3.431   2.727 0.000
143.25 144.25  14.093   5.030 0.000
147.25 148.25  18.219   5.425 0.000
150.25 151.25   5.033   3.079 0.000
154.25 155.25  16.493  10.073 0.000
157.25 158.25   6.471   4.285 0.000
161.25 162.25  11.719   7.355 0.000
164.25 165.25   7.812   5.605 0.000
168.25 169.25  12.027   5.349 0.000
171.25 172.25  16.449   4.867 0.000
175.25 176.25  10.651   5.735 0.000
178.25 179.25  11.704   5.605 0.000
182.25 183.25  13.810   6.543 0.000
185.25 186.25  29.622  14.209 0.000
189.25 190.25  14.396   4.148 0.000
192.25 193.25   7.865   4.116 0.000
196.25 197.25  17.891  10.813 0.000
199.25 200.25  20.756  10.926 0.000
203.25 204.25  16.493   9.943 0.000
206.25 207.25  14.047   7.978 0.000
210.25 211.25  15.132   8.959 0.000
213.25 214.25  15.936  13.197 0.000
217.25 218.25  14.361   8.890 0.000
220.25 221.25   9.162   4.053 0.000
224.25 225.25   9.199 999.999 0.000
227.25 228.25  12.507  11.394 0.000
231.25 232.25  11.060   4.071 0.000
234.25 235.25  10.508   6.525 0.000
238.25 239.25  10.472   7.992 0.000
241.25 242.25  12.970   7.568 0.000
245.25 246.25  16.277  10.447 0.000
248.25 249.25  18.078  13.652 0.000
252.25 253.25   9.936   5.464 0.000
255.25 256.25   6.540   3.861 0.000
259.25 260.25   9.395   6.133 0.000
262.25 263.25  14.109   7.095 0.000
266.25 267.25   4.122 999.999 0.000
269.25 270.25   7.539   3.200 0.000
273.25 274.25   9.395   4.660 0.000
276.25 277.25   8.377   5.922 0.000
280.25 281.25  13.480   4.539 0.000
283.25 284.25   2.637   1.233 0.000
287.25 288.25   3.996   2.262 0.000
290.25 291.25   9.195   2.985 0.000
294.25 295.25   9.233   8.554 0.000
297.25 298.25   4.758   2.108 0.000
301.25 302.25 999.999 999.999 0.999
304.25 305.25   9.553   2.678 0.000
308.25 309.25   9.978   5.144 0.000
311.25 312.25  14.807   4.760 0.000
315.25 316.25   4.739   1.222 0.000
318.25 319.25 999.999   1.848 0.000
322.25 323.25  10.377   6.137 0.000
325.25 326.25   7.423   2.198 0.000
329.25 330.25  16.437   5.419 0.000
332.25 333.25   9.828   2.944 0.000
336.25 337.25  10.830   7.523 0.000
339.25 340.25   9.355   4.405 0.000
343.25 344.25  11.193   1.934 0.000
346.25 347.25   4.248   3.344 0.000
350.25 351.25   7.191   7.561 0.000
353.25 354.25   9.574   2.499 0.000
357.25 358.25   9.656   2.693 0.000
360.25 361.25   3.780   2.576 0.000
364.25 365.25   5.620   2.588 0.000
