scripts/IMPROVE-2019_partial/data/US0072R.20060102070000.20191216000000.filterpack..pm25.52w.1w.US03L_filterpack_US0072.US03L_IMPROVE_Davis.lev2.nas
66 1001
MISSING INFORMATION
US03L, IMPROVE, , , , , , , 
MISSING INFORMATION
IMPROVE sel_HTAP
1 1
2006 01 01 2019 12 16
3.000000
days from file reference point
27
1 1 1 1 1 1 1 1 1 1 1 1 1 1 1 1 1 1 1 1 1 1 1 1 1 1 1
999.999999 9999.99 9.999 99.99 9.999 9.999 9.999 99.99 9.999 9.999 9.999 99.999 9.999 99.999 9.999 99.99 9.999 999.999 9.999 999.999 9.999 999.999 9.999 9.999 9.999 99.999 9.999
end_time of measurement, days from the file reference point
iron, ng/m3, Revision date=20181210133000
numflag iron, no unit, Revision date=20181210133000
lead, ng/m3, Revision date=20181210133000
numflag lead, no unit, Revision date=20181210133000
magnesium, ug/m3, Revision date=20181210133000
numflag magnesium, no unit, Revision date=20181210133000
nickel, ng/m3, Revision date=20181210133000
numflag nickel, no unit, Revision date=20181210133000
nitrate, ug N/m3, Revision date=20181210133000
numflag nitrate, no unit, Revision date=20181210133000
organic_carbon, ug C/m3, Revision date=20181210133000
numflag organic_carbon, no unit, Revision date=20181210133000
organic_mass, ug/m3, Revision date=20181210133000
numflag organic_mass, no unit, Revision date=20181210133000
phosphorus, ng/m3, Revision date=20181210133000
numflag phosphorus, no unit, Revision date=20181210133000
pm10_mass, ug/m3, Version=2, Version description=Data extracted from http://views.cira.colostate.edu/fed/DataWizard 2019-12-16, Sample duration=1d, Orig. time res.=3d, Matrix=pm10, Blank correction=Blank corrected, Volume std. temperature=ambient, Volume std. pressure=ambient
numflag pm10_mass, no unit, Version=2, Version description=Data extracted from http://views.cira.colostate.edu/fed/DataWizard 2019-12-16, Sample duration=1d, Orig. time res.=3d, Matrix=pm10, Blank correction=Blank corrected, Volume std. temperature=ambient, Volume std. pressure=ambient
pm10_pm25_mass, ug/m3, Revision date=20181210133000, Matrix=pm10_pm25
numflag pm10_pm25_mass, no unit, Revision date=20181210133000, Matrix=pm10_pm25
pm25_mass, ug/m3, Version=2, Version description=Data extracted from http://views.cira.colostate.edu/fed/DataWizard 2019-12-16, Sample duration=1d, Orig. time res.=3d, Blank correction=Blank corrected, Volume std. temperature=ambient, Volume std. pressure=ambient
numflag pm25_mass, no unit, Version=2, Version description=Data extracted from http://views.cira.colostate.edu/fed/DataWizard 2019-12-16, Sample duration=1d, Orig. time res.=3d, Blank correction=Blank corrected, Volume std. temperature=ambient, Volume std. pressure=ambient
potassium, ug/m3, Revision date=20181210133000
numflag potassium, no unit, Revision date=20181210133000
sulphate_total, ug S/m3, Revision date=20181210133000
numflag sulphate_total, no unit, Revision date=20181210133000
0
25
Data definition:              EBAS_1.1
Set type code:                TU
Timezone:                     UTC
File name:                    US0072R.20060102070000.20191216000000.filterpack..pm25.52w.1w.US03L_filterpack_US0072.US03L_IMPROVE_Davis.lev2.nas
File creation:                20191218120022
Startdate:                    20060102070000
Revision date:                20191216000000
Statistics:                   arithmetic mean
Data level:                   2
Period code:                  52w
Resolution code:              1w
Station code:                 US0072R
Platform code:                US0072S
Station name:                 Badlands NP
Station latitude:             43.7435
Station longitude:            -101.9412
Station altitude:             736.0 m
Regime:                       IMG
Component:                    
Matrix:                       pm25
Laboratory code:              US03L
Instrument type:              filterpack
Instrument name:              filterpack_US0072
Method ref:                   US03L_IMPROVE_Davis
starttime endtime Fe flag_Fe Pb flag_Pb Mg++ flag_Mg++ Ni flag_Ni NO3- flag_NO3- OC flag_OC OM flag_OM P flag_P PM10 flag_PM10 PM10-PM2.5 flag_PM10-PM2.5 PM2.5 flag_PM2.5 K+ flag_K+ SO4-- flag_SO4--
[from data line 85]
256.291667 257.291667   46.19 0.000  0.78 0.000 9.999 0.259 99.99 0.259 0.015 0.559  1.770 0.000  3.187 0.000 99.99 0.259  22.828 0.000  16.665 0.000   6.163 0.000 0.052 0.000  0.334 0.559
259.291667 260.291667    4.03 0.000  0.20 0.000 9.999 0.259 99.99 0.259 0.006 0.000  0.117 0.000  0.211 0.000 99.99 0.259   4.180 0.000   3.503 0.000   0.676 0.000 0.003 0.000  0.049 0.000
262.291667 263.291667   27.76 0.000  0.99 0.000 9.999 0.259 99.99 0.259 0.044 0.000  0.740 0.000  1.331 0.000 99.99 0.259  11.660 0.000   7.763 0.000   3.897 0.000 0.029 0.000  0.374 0.000
265.291667 266.291667    6.28 0.000  0.59 0.000 9.999 0.259 99.99 0.259 0.013 0.000  0.494 0.000  0.889 0.000 99.99 0.259   3.512 0.000   1.485 0.000   2.027 0.000 0.021 0.000  0.187 0.000
268.291667 269.291667   13.54 0.000  0.26 0.000 9.999 0.259 99.99 0.259 0.012 0.000  0.548 0.000  0.987 0.000 99.99 0.259   5.268 0.000   2.969 0.000   2.299 0.000 0.012 0.000  0.139 0.000
271.291667 272.291667   24.14 0.000  0.25 0.000 0.010 0.000 99.99 0.259 0.010 0.000  0.927 0.000  1.669 0.000 99.99 0.259   7.257 0.000   4.079 0.000   3.178 0.000 0.023 0.000  0.126 0.000
274.291667 275.291667   44.99 0.000  0.80 0.000 9.999 0.259 99.99 0.259 0.016 0.000  1.710 0.000  3.078 0.000 99.99 0.259  11.583 0.000   6.506 0.000   5.077 0.000 0.050 0.000  0.149 0.000
277.291667 278.291667   29.04 0.000  0.50 0.000 9.999 0.259 99.99 0.259 0.052 0.559  0.848 0.000  1.527 0.000 99.99 0.259   9.678 0.000   5.784 0.000   3.894 0.000 0.035 0.000  0.272 0.559
280.291667 281.291667   11.80 0.000  0.28 0.000 0.006 0.000 99.99 0.259 0.012 0.559  0.504 0.000  0.908 0.000 99.99 0.259   4.677 0.000   2.334 0.000   2.342 0.000 0.013 0.000  0.247 0.559
283.291667 284.291667   35.65 0.000  0.54 0.000 9.999 0.259  1.40 0.000 0.010 0.000  0.243 0.000  0.438 0.000 99.99 0.259   5.108 0.000   3.447 0.000   1.660 0.000 0.021 0.000  0.086 0.000
286.291667 287.291667   43.31 0.000  0.41 0.000 0.013 0.000  0.58 0.000 0.012 0.000  0.342 0.000  0.616 0.000 99.99 0.259   4.855 0.000   3.124 0.000   1.731 0.000 0.023 0.000  0.089 0.000
289.291667 290.291667   25.36 0.000  0.50 0.000 9.999 0.259  0.94 0.000 0.005 0.000  0.093 0.000  0.168 0.000 99.99 0.259   3.069 0.000   1.502 0.000   1.567 0.000 0.014 0.000  0.154 0.000
292.291667 293.291667   25.44 0.000  0.34 0.000 9.999 0.259  0.61 0.000 0.061 0.000  0.469 0.000  0.844 0.000 99.99 0.259   4.192 0.000   1.457 0.000   2.735 0.000 0.023 0.000  0.268 0.000
295.291667 296.291667   14.09 0.000  0.85 0.000 9.999 0.259 99.99 0.259 0.036 0.000  0.322 0.000  0.580 0.000 99.99 0.259   3.415 0.000   0.455 0.000   2.960 0.000 0.019 0.000  0.394 0.000
298.291667 299.291667   24.06 0.000  0.92 0.000 9.999 0.259  0.29 0.000 0.045 0.000  0.853 0.000  1.535 0.000 99.99 0.259   5.296 0.000   1.762 0.000   3.534 0.000 0.030 0.000  0.225 0.000
301.291667 302.291667   28.30 0.000  1.14 0.000 9.999 0.259 99.99 0.259 0.017 0.000  0.530 0.000  0.954 0.000 99.99 0.259   6.083 0.000   2.814 0.000   3.269 0.000 0.022 0.000  0.297 0.000
304.291667 305.291667   15.66 0.000  0.51 0.000 9.999 0.259 99.99 0.259 0.015 0.000  0.553 0.000  0.995 0.000 99.99 0.259   4.726 0.000   2.215 0.000   2.511 0.000 0.021 0.000  0.197 0.000
307.291667 308.291667   34.88 0.000  0.33 0.000 9.999 0.259 99.99 0.259 0.039 0.000  0.685 0.000  1.232 0.000 99.99 0.259   6.605 0.000   3.956 0.000   2.649 0.000 0.024 0.000  0.132 0.000
310.291667 311.291667   25.40 0.000  0.26 0.000 9.999 0.259 99.99 0.259 0.008 0.000  0.311 0.000  0.560 0.000 99.99 0.259   5.619 0.000   4.361 0.000   1.258 0.000 0.010 0.000  0.029 0.000
313.291667 314.291667   11.19 0.000  0.46 0.000 9.999 0.259 99.99 0.259 0.087 0.000  0.611 0.000  1.100 0.000 99.99 0.259   3.622 0.000   0.735 0.000   2.886 0.000 0.100 0.000  0.212 0.000
316.291667 317.291667   18.12 0.000  0.57 0.000 9.999 0.259 99.99 0.259 0.023 0.000  0.289 0.000  0.521 0.000 99.99 0.259   5.949 0.000   3.976 0.000   1.974 0.000 0.015 0.000  0.201 0.000
319.291667 320.291667   28.86 0.000  2.63 0.000 0.011 0.000  0.17 0.000 0.025 0.000  0.464 0.000  0.836 0.000 99.99 0.259   4.888 0.000   1.776 0.000   3.112 0.000 0.043 0.000  0.335 0.000
322.291667 323.291667   12.17 0.000  0.64 0.000 9.999 0.259 99.99 0.259 0.023 0.000  0.636 0.000  1.144 0.000 99.99 0.259   3.153 0.000   1.234 0.000   1.919 0.000 0.016 0.000  0.120 0.000
325.291667 326.291667   69.01 0.000  0.87 0.000 0.017 0.000 99.99 0.259 0.017 0.000  0.516 0.000  0.928 0.000 99.99 0.259   8.733 0.000   5.947 0.000   2.786 0.000 0.035 0.000  0.133 0.000
328.291667 329.291667   35.60 0.000  0.62 0.000 9.999 0.259 99.99 0.259 0.138 0.000  0.396 0.000  0.714 0.000 99.99 0.259   6.021 0.000   3.587 0.000   2.433 0.000 0.034 0.000  0.169 0.000
331.291667 332.291667   38.78 0.000  0.54 0.000 9.999 0.259  0.24 0.000 0.276 0.000  0.585 0.000  1.054 0.000 99.99 0.259   6.784 0.000   1.845 0.000   4.939 0.000 0.059 0.000  0.426 0.000
334.291667 335.291667   21.84 0.000  0.43 0.000 9.999 0.259  0.08 0.000 0.021 0.000  0.268 0.000  0.483 0.000 99.99 0.259   3.896 0.000   2.178 0.000   1.718 0.000 0.016 0.000  0.113 0.000
337.291667 338.291667   31.88 0.000  0.55 0.000 9.999 0.259 99.99 0.259 0.023 0.000  0.269 0.000  0.484 0.000 99.99 0.259   2.711 0.000   0.675 0.000   2.036 0.000 0.018 0.000  0.151 0.000
340.291667 341.291667   32.90 0.000  0.36 0.000 9.999 0.259  0.21 0.000 0.130 0.000  0.464 0.000  0.835 0.000 99.99 0.259   5.845 0.000   2.905 0.000   2.940 0.000 0.019 0.000  0.378 0.000
343.291667 344.291667   55.99 0.000  0.94 0.000 9.999 0.259  0.13 0.000 0.187 0.000  0.657 0.000  1.183 0.000 99.99 0.259   5.949 0.000   3.337 0.000   2.612 0.000 0.027 0.000  0.152 0.000
346.291667 347.291667   28.23 0.000  0.19 0.000 0.007 0.000 99.99 0.259 0.023 0.000  0.260 0.000  0.469 0.000 99.99 0.259   6.093 0.000   4.757 0.000   1.336 0.000 0.014 0.000  0.079 0.000
349.291667 350.291667   13.82 0.000 99.99 0.259 9.999 0.259 99.99 0.259 0.015 0.000  0.171 0.000  0.308 0.000  3.39 0.000   2.700 0.000   2.072 0.000   0.629 0.000 0.006 0.000  0.024 0.000
352.291667 353.291667   25.71 0.000  0.78 0.000 9.999 0.259  0.11 0.000 0.166 0.000  0.436 0.000  0.785 0.000 99.99 0.259   5.941 0.000   3.631 0.000   2.310 0.000 0.019 0.000  0.194 0.000
355.291667 356.291667   41.69 0.000  0.40 0.000 9.999 0.259  0.14 0.000 0.020 0.000  0.328 0.000  0.590 0.000 99.99 0.259   4.076 0.000   2.757 0.000   1.319 0.000 0.017 0.000  0.039 0.000
358.291667 359.291667   23.84 0.000  0.20 0.000 9.999 0.259 99.99 0.259 0.024 0.000  0.297 0.000  0.535 0.000 99.99 0.259   5.049 0.000   3.851 0.000   1.198 0.000 0.013 0.000  0.053 0.000
361.291667 362.291667   41.49 0.000  3.71 0.000 9.999 0.259 99.99 0.259 0.393 0.000  1.131 0.000  2.035 0.000 99.99 0.259   8.727 0.000   3.684 0.000   5.043 0.000 0.057 0.000  0.405 0.000
364.291667 365.291667   11.87 0.000  0.37 0.000 9.999 0.259 99.99 0.259 0.114 0.000  0.284 0.000  0.512 0.000 99.99 0.259   3.658 0.000   2.067 0.000   1.591 0.000 0.014 0.000  0.146 0.000
