scripts/IMPROVE-2019_partial/data/US0038R.20020601060000.20191216000000.filterpack..pm25.7mo.1w.US03L_filterpack_US0038.US03L_IMPROVE_Davis.lev2.nas
64 1001
MISSING INFORMATION
US03L, IMPROVE, , , , , , , 
MISSING INFORMATION
IMPROVE sel_HTAP
1 1
2002 01 01 2019 12 16
3.00
days from file reference point
25
1 1 1 1 1 1 1 1 1 1 1 1 1 1 1 1 1 1 1 1 1 1 1 1 1
999.99 9999.99 9.999 99.99 9.999999 9.999 9.999999 9.99 9.999999 99.999 9.999 99.999 9.999 99.999 9.999 999.999 9.999 999.999 9.999 999.999 9.999 9.999 9.999 99.999 9.999
end_time of measurement, days from the file reference point
iron, ng/m3, Revision date=20181210133000
numflag iron, no unit, Revision date=20181210133000
lead, ng/m3, Revision date=20181210133000
numflag lead, no unit, Revision date=20181210133000
magnesium, ug/m3, Revision date=20181210133000
numflag magnesium, no unit, Revision date=20181210133000
nickel, ng/m3, Revision date=20181210133000
numflag nickel, no unit, Revision date=20181210133000
nitrate, ug N/m3, Revision date=20181210133000
numflag nitrate, no unit, Revision date=20181210133000
organic_carbon, ug C/m3, Revision date=20181210133000
numflag organic_carbon, no unit, Revision date=20181210133000
organic_mass, ug/m3, Revision date=20181210133000
numflag organic_mass, no unit, Revision date=20181210133000
pm10_mass, ug/m3, Version=2, Version description=Data extracted from http://views.cira.colostate.edu/fed/DataWizard 2019-12-16, Sample duration=1d, Orig. time res.=3d, Matrix=pm10, Blank correction=Blank corrected, Volume std. temperature=ambient, Volume std. pressure=ambient
numflag pm10_mass, no unit, Version=2, Version description=Data extracted from http://views.cira.colostate.edu/fed/DataWizard 2019-12-16, Sample duration=1d, Orig. time res.=3d, Matrix=pm10, Blank correction=Blank corrected, Volume std. temperature=ambient, Volume std. pressure=ambient
pm10_pm25_mass, ug/m3, Revision date=20181210133000, Matrix=pm10_pm25
numflag pm10_pm25_mass, no unit, Revision date=20181210133000, Matrix=pm10_pm25
pm25_mass, ug/m3, Version=2, Version description=Data extracted from http://views.cira.colostate.edu/fed/DataWizard 2019-12-16, Sample duration=1d, Orig. time res.=3d, Blank correction=Blank corrected, Volume std. temperature=ambient, Volume std. pressure=ambient
numflag pm25_mass, no unit, Version=2, Version description=Data extracted from http://views.cira.colostate.edu/fed/DataWizard 2019-12-16, Sample duration=1d, Orig. time res.=3d, Blank correction=Blank corrected, Volume std. temperature=ambient, Volume std. pressure=ambient
potassium, ug/m3, Revision date=20181210133000
numflag potassium, no unit, Revision date=20181210133000
sulphate_total, ug S/m3, Revision date=20181210133000
numflag sulphate_total, no unit, Revision date=20181210133000
0
25
Data definition:              EBAS_1.1
Set type code:                TU
Timezone:                     UTC
File name:                    US0038R.20020601060000.20191216000000.filterpack..pm25.7mo.1w.US03L_filterpack_US0038.US03L_IMPROVE_Davis.lev2.nas
File creation:                20191218115749
Startdate:                    20020601060000
Revision date:                20191216000000
Statistics:                   arithmetic mean
Data level:                   2
Period code:                  7mo
Resolution code:              1w
Station code:                 US0038R
Platform code:                US0038S
Station name:                 Cedar Bluff
Station latitude:             38.7701
Station longitude:            -99.7634
Station altitude:             665.0 m
Regime:                       IMG
Component:                    
Matrix:                       pm25
Laboratory code:              US03L
Instrument type:              filterpack
Instrument name:              filterpack_US0038
Method ref:                   US03L_IMPROVE_Davis
starttime endtime Fe flag_Fe Pb flag_Pb Mg++ flag_Mg++ Ni flag_Ni NO3- flag_NO3- OC flag_OC OM flag_OM PM10 flag_PM10 PM10-PM2.5 flag_PM10-PM2.5 PM2.5 flag_PM2.5 K+ flag_K+ SO4-- flag_SO4--
151.25 152.25   76.66 0.559  0.94 0.559000 9.999 0.559259 0.50 0.559000  0.072 0.000  1.057 0.000  1.480 0.000  30.661 0.000  24.002 0.000   6.659 0.559 0.056 0.559  0.660 0.000
154.25 155.25   15.86 0.559  0.90 0.559000 0.039 0.559000 9.99 0.559259  0.512 0.000  1.175 0.000  1.644 0.000  11.984 0.000   6.124 0.000   5.860 0.559 0.028 0.559  0.515 0.000
157.25 158.25   32.70 0.559  0.67 0.559000 9.999 0.559259 0.50 0.559000  0.197 0.000  0.984 0.000  1.378 0.000  20.669 0.000  15.375 0.000   5.294 0.559 0.035 0.559  0.570 0.000
160.25 161.25   66.03 0.559  0.47 0.559000 9.999 0.559259 0.35 0.559000  0.083 0.000 99.999 0.999 99.999 0.999  29.443 0.000  22.241 0.000   7.202 0.559 0.062 0.559  0.666 0.000
163.25 164.25   29.49 0.000  1.13 0.000000 0.038 0.000000 0.23 0.000000  0.158 0.000 99.999 0.999 99.999 0.999  12.142 0.000   7.503 0.000   4.639 0.000 0.024 0.000  0.415 0.000
166.25 167.25   17.06 0.000  0.83 0.000000 9.999 0.259000 9.99 0.259000  0.196 0.000 99.999 0.999 99.999 0.999 999.999 0.999 999.999 0.999   3.804 0.000 0.021 0.000  0.429 0.000
169.25 170.25   82.39 0.000  1.19 0.000000 9.999 0.259000 0.39 0.000000  0.047 0.000 99.999 0.259 99.999 0.259 999.999 0.999 999.999 0.999  13.133 0.000 0.083 0.000  1.496 0.000
172.25 173.25  135.54 0.000  1.06 0.000000 0.051 0.000000 0.28 0.000000  0.128 0.000  1.180 0.000  1.652 0.000 999.999 0.999 999.999 0.999   9.317 0.000 0.076 0.000  1.070 0.000
175.25 176.25   76.84 0.000  1.61 0.000000 9.999 0.259000 0.79 0.000000  0.087 0.000  3.938 0.000  5.513 0.000 999.999 0.999 999.999 0.999  24.813 0.000 0.146 0.000  3.343 0.000
178.25 179.25   84.66 0.000  0.74 0.000000 9.999 0.259000 0.22 0.000000  0.071 0.000  1.833 0.000  2.566 0.000 999.999 0.999 999.999 0.999   9.734 0.000 0.110 0.000  1.013 0.000
181.25 182.25  218.90 0.000 99.99 0.259000 0.067 0.000000 9.99 0.259000  0.052 0.000  0.435 0.000  0.609 0.000 999.999 0.999 999.999 0.999   5.056 0.000 0.077 0.000  0.236 0.000
184.25 185.25 9999.99 0.999 99.99 0.999000 9.999 0.999000 9.99 0.999000 99.999 0.999 99.999 0.999 99.999 0.999 999.999 0.999 999.999 0.999 999.999 0.999 9.999 0.999 99.999 0.999
187.25 188.25 9999.99 0.999 99.99 0.999000 9.999 0.999000 9.99 0.999000 99.999 0.999 99.999 0.999 99.999 0.999 999.999 0.999 999.999 0.999 999.999 0.999 9.999 0.999 99.999 0.999
190.25 191.25 9999.99 0.456 99.99 0.456000 9.999 0.456000 9.99 0.456000 99.999 0.456 99.999 0.999 99.999 0.999 999.999 0.456 999.999 0.999 999.999 0.456 9.999 0.456 99.999 0.456
193.25 194.25 9999.99 0.456 99.99 0.456000 9.999 0.456000 9.99 0.456000 99.999 0.456 99.999 0.999 99.999 0.999 999.999 0.456 999.999 0.999 999.999 0.456 9.999 0.456 99.999 0.456
196.25 197.25 9999.99 0.456 99.99 0.456000 9.999 0.456000 9.99 0.456000 99.999 0.456 99.999 0.999 99.999 0.999 999.999 0.456 999.999 0.999 999.999 0.456 9.999 0.456 99.999 0.456
199.25 200.25  107.11 0.000  0.36 0.000000 9.999 0.259000 0.31 0.000000  0.075 0.000  0.603 0.000  0.844 0.000 999.999 0.999 999.999 0.999   7.268 0.000 0.060 0.000  0.771 0.000
202.25 203.25   24.25 0.000  0.85 0.000000 9.999 0.259000 0.21 0.000000  0.137 0.000  1.332 0.000  1.864 0.000 999.999 0.999 999.999 0.999   4.630 0.000 0.025 0.000  0.342 0.000
205.25 206.25   51.85 0.000  0.31 0.000000 9.999 0.259000 9.99 0.259000  0.048 0.559  0.928 0.000  1.299 0.000 999.999 0.999 999.999 0.999   5.179 0.000 0.044 0.000  0.488 0.559
208.25 209.25   47.32 0.000 99.99 0.259000 9.999 0.259000 0.20 0.000000  0.048 0.000  0.890 0.000  1.246 0.000 999.999 0.999 999.999 0.999   4.935 0.000 0.041 0.000  0.473 0.000
211.25 212.25   74.35 0.000  0.24 0.000000 9.999 0.259000 0.20 0.000000  0.057 0.000  0.679 0.000  0.950 0.000 999.999 0.999 999.999 0.999   5.479 0.000 0.037 0.000  0.517 0.000
214.25 215.25  169.69 0.000  0.54 0.000000 0.052 0.000000 0.38 0.000000  0.115 0.000  0.930 0.000  1.302 0.000 999.999 0.999 999.999 0.999   8.497 0.000 0.083 0.000  0.767 0.000
217.25 218.25   39.46 0.559  0.95 0.559000 9.999 0.559259 0.16 0.559000  0.042 0.000  2.896 0.000  4.055 0.000 999.999 0.999 999.999 0.999  17.833 0.559 0.040 0.559  2.460 0.000
220.25 221.25   38.40 0.000  1.42 0.000000 9.999 0.259000 0.23 0.000000  0.048 0.000  1.525 0.000  2.135 0.000 999.999 0.999 999.999 0.999   9.963 0.000 0.035 0.000  1.270 0.000
223.25 224.25   25.78 0.000  0.26 0.000000 9.999 0.259000 9.99 0.259000  0.036 0.000  0.914 0.000  1.280 0.000 999.999 0.999 999.999 0.999   5.479 0.000 0.024 0.000  0.656 0.000
226.25 227.25   26.95 0.000  0.84 0.000000 9.999 0.259000 9.99 0.259000  0.070 0.000  1.036 0.000  1.450 0.000  19.589 0.000  14.520 0.000   5.069 0.000 0.024 0.000  0.421 0.000
229.25 230.25   66.96 0.000  0.79 0.000000 9.999 0.259000 9.99 0.259000  0.114 0.000  1.127 0.000  1.577 0.000  29.183 0.000  22.883 0.000   6.300 0.000 0.064 0.000  0.543 0.000
232.25 233.25  104.89 0.000  0.45 0.000000 9.999 0.259000 0.25 0.000000  0.146 0.000  0.813 0.000  1.138 0.000  17.774 0.000  11.661 0.000   6.114 0.000 0.061 0.000  0.627 0.000
235.25 236.25   19.55 0.000  0.19 0.000000 9.999 0.259000 9.99 0.259000  0.091 0.000  0.637 0.000  0.892 0.000   8.252 0.000   5.761 0.000   2.491 0.000 0.023 0.000  0.243 0.000
238.25 239.25   35.47 0.000  1.17 0.000000 9.999 0.259000 0.57 0.000000  0.091 0.000  1.273 0.000  1.783 0.000   9.924 0.000   4.002 0.000   5.922 0.000 0.048 0.000  0.597 0.000
241.25 242.25   38.09 0.000  1.77 0.000000 9.999 0.259000 0.18 0.000000  0.132 0.000  2.213 0.000  3.098 0.000  27.487 0.000   7.303 0.000  20.183 0.000 0.048 0.000  3.461 0.000
244.25 245.25   59.83 0.000  1.33 0.000000 9.999 0.259000 9.99 0.259000  0.054 0.000  1.461 0.000  2.045 0.000  31.536 0.000  21.653 0.000   9.883 0.000 0.058 0.000  1.281 0.000
247.25 248.25   42.02 0.000  1.12 0.000000 9.999 0.259000 9.99 0.259000  0.036 0.000  1.799 0.000  2.519 0.000  25.752 0.000  14.659 0.000  11.094 0.000 0.045 0.000  1.365 0.000
250.25 251.25   29.45 0.000  0.80 0.000000 0.029 0.000000 9.99 0.259000  0.042 0.000  1.135 0.000  1.588 0.000  18.913 0.000  11.298 0.000   7.615 0.000 0.038 0.000  0.928 0.000
253.25 254.25   27.47 0.559  1.55 0.559000 9.999 0.559259 9.99 0.559259  0.085 0.000  0.944 0.000  1.321 0.000  16.056 0.000  11.913 0.000   4.144 0.559 0.040 0.559  0.378 0.000
256.25 257.25   16.42 0.559  1.60 0.559000 9.999 0.559259 9.99 0.559259  0.295 0.000  1.149 0.000  1.609 0.000  12.645 0.000   6.729 0.000   5.916 0.559 0.023 0.559  0.790 0.000
259.25 260.25   30.30 0.559  0.98 0.559000 0.026 0.559000 9.99 0.559259  0.038 0.000  1.092 0.000  1.529 0.000  23.200 0.000  16.680 0.000   6.520 0.559 0.033 0.559  0.897 0.000
262.25 263.25   27.87 0.559  0.48 0.559000 9.999 0.559259 9.99 0.559259  0.021 0.000  0.392 0.000  0.548 0.000  20.352 0.000  17.265 0.000   3.086 0.559 0.025 0.559  0.239 0.000
265.25 266.25   21.98 0.559  1.21 0.559000 9.999 0.559259 9.99 0.559259  0.036 0.000  0.614 0.000  0.860 0.000  20.673 0.000  17.558 0.000   3.115 0.559 0.021 0.559  0.215 0.000
268.25 269.25   31.19 0.000  1.37 0.000000 9.999 0.259000 9.99 0.259000  0.314 0.000  1.025 0.000  1.435 0.000  21.235 0.000  15.081 0.000   6.153 0.000 0.035 0.000  0.712 0.000
271.25 272.25   42.77 0.000  1.21 0.000000 9.999 0.259000 9.99 0.259000  0.030 0.000  0.964 0.000  1.350 0.000  32.916 0.000  26.177 0.000   6.739 0.000 0.042 0.000  0.795 0.000
274.25 275.25   14.18 0.000  0.46 0.000000 9.999 0.259000 9.99 0.259000  0.120 0.000  0.388 0.000  0.543 0.000   5.801 0.000   4.228 0.000   1.573 0.000 0.021 0.000  0.094 0.000
277.25 278.25   13.17 0.000  0.76 0.000000 9.999 0.259000 9.99 0.259000  0.092 0.000  0.646 0.000  0.905 0.000   8.047 0.000   5.347 0.000   2.701 0.000 0.018 0.000  0.208 0.000
280.25 281.25 9999.99 0.456 99.99 0.456000 9.999 0.456000 9.99 0.456000 99.999 0.456 99.999 0.999 99.999 0.999 999.999 0.456 999.999 0.999 999.999 0.456 9.999 0.456 99.999 0.456
283.25 284.25   26.51 0.000  0.60 0.000000 9.999 0.259000 0.15 0.000000  0.507 0.000  1.359 0.000  1.902 0.000  57.516 0.000  21.933 0.000  35.583 0.000 0.026 0.000  0.855 0.000
286.25 287.25    8.62 0.000  0.66 0.000000 9.999 0.259000 0.10 0.000000  0.112 0.000  0.535 0.000  0.749 0.000  12.132 0.000   5.218 0.000   6.915 0.000 0.014 0.000  0.232 0.000
289.25 290.25   24.33 0.000  0.59 0.000000 9.999 0.259000 9.99 0.259000  0.062 0.000  0.531 0.000  0.743 0.000  14.665 0.000  11.485 0.000   3.180 0.000 0.032 0.000  0.301 0.000
292.25 293.25   14.95 0.000  0.50 0.000000 0.015 0.000000 0.11 0.000000  0.134 0.000  0.332 0.000  0.465 0.000   9.028 0.000   6.606 0.000   2.422 0.000 0.022 0.000  0.239 0.000
295.25 296.25 9999.99 0.456 99.99 0.456000 9.999 0.456000 9.99 0.456000 99.999 0.456 99.999 0.999 99.999 0.999 999.999 0.456 999.999 0.999 999.999 0.456 9.999 0.456 99.999 0.456
298.25 299.25 9999.99 0.456 99.99 0.456000 9.999 0.456000 9.99 0.456000 99.999 0.456 99.999 0.999 99.999 0.999 999.999 0.456 999.999 0.999 999.999 0.456 9.999 0.456 99.999 0.456
301.25 302.25 9999.99 0.456 99.99 0.456000 9.999 0.456000 9.99 0.456000 99.999 0.456 99.999 0.999 99.999 0.999 999.999 0.456 999.999 0.999 999.999 0.456 9.999 0.456 99.999 0.456
304.25 305.25    5.41 0.559  0.80 0.559000 9.999 0.559259 0.09 0.559000  0.485 0.000  0.401 0.000  0.562 0.000   7.194 0.000   1.359 0.000   5.835 0.559 0.015 0.559  0.814 0.000
307.25 308.25   10.80 0.559  0.77 0.559000 9.999 0.559259 9.99 0.559259  0.689 0.000  0.664 0.000  0.930 0.000   6.903 0.000   2.045 0.000   4.858 0.559 0.027 0.559  0.343 0.000
310.25 311.25   18.46 0.000  0.86 0.000000 9.999 0.259000 9.99 0.259000  0.126 0.000  0.545 0.000  0.762 0.000   8.095 0.000   6.029 0.000   2.066 0.000 0.025 0.000  0.137 0.000
313.25 314.25    5.80 0.000  0.24 0.000000 9.999 0.259000 9.99 0.259000  0.024 0.000  0.269 0.000  0.377 0.000   3.821 0.000   2.903 0.000   0.918 0.000 0.013 0.000  0.075 0.000
316.25 317.25   17.10 0.559  0.38 0.559000 9.999 0.559259 9.99 0.559259  0.151 0.000  0.485 0.000  0.679 0.000   8.116 0.000   6.209 0.000   1.907 0.559 0.022 0.559  0.120 0.000
319.25 320.25    7.08 0.559  0.80 0.559000 9.999 0.559259 0.15 0.559000  0.229 0.000  0.688 0.000  0.964 0.000   4.824 0.000   2.358 0.000   2.466 0.559 0.017 0.559  0.223 0.000
322.25 323.25   17.68 0.559  0.50 0.559000 9.999 0.559259 9.99 0.559259  0.067 0.000  0.228 0.000  0.319 0.000   8.068 0.000   6.385 0.000   1.683 0.559 0.016 0.559  0.104 0.000
325.25 326.25   26.99 0.559  0.78 0.559000 0.010 0.559000 0.10 0.559000  0.080 0.000  0.469 0.000  0.657 0.000  12.226 0.000  10.290 0.000   1.935 0.559 0.037 0.559  0.084 0.000
328.25 329.25   10.26 0.559  0.41 0.559000 9.999 0.559259 9.99 0.559259  0.279 0.000  0.293 0.000  0.411 0.000   8.660 0.000   4.493 0.000   4.167 0.559 0.014 0.559  0.585 0.000
331.25 332.25   14.89 0.559  0.39 0.559000 9.999 0.559259 9.99 0.559259  0.189 0.000  0.361 0.000  0.505 0.000   5.773 0.000   4.016 0.000   1.757 0.559 0.017 0.559  0.155 0.000
334.25 335.25   31.65 0.000  0.29 0.000000 9.999 0.259000 9.99 0.259000  0.288 0.000  0.290 0.000  0.406 0.000  13.470 0.000  10.888 0.000   2.583 0.000 0.067 0.000  0.090 0.000
337.25 338.25   31.95 0.559  1.08 0.559000 0.014 0.559000 9.99 0.559259  0.998 0.000  0.518 0.000  0.725 0.000  17.277 0.000   9.461 0.000   7.816 0.559 0.040 0.559  0.260 0.000
340.25 341.25    7.17 0.559  0.67 0.559000 9.999 0.559259 9.99 0.559259  0.440 0.000  0.447 0.000  0.626 0.000   6.655 0.000   3.912 0.000   2.744 0.559 0.009 0.559  0.151 0.000
343.25 344.25   11.68 0.000  0.45 0.000000 9.999 0.259000 9.99 0.259000  1.213 0.000  0.571 0.000  0.799 0.000  13.558 0.000   5.115 0.000   8.443 0.000 0.010 0.000  0.508 0.000
346.25 347.25   19.10 0.559  0.55 0.559000 9.999 0.559259 0.06 0.559000  0.167 0.000  0.315 0.000  0.442 0.000   7.358 0.000   5.679 0.000   1.679 0.559 0.016 0.559  0.110 0.000
349.25 350.25  116.19 0.559  0.41 0.559000 9.999 0.559259 9.99 0.559259  0.044 0.000  0.395 0.000  0.553 0.000  72.007 0.000  67.635 0.000   4.372 0.559 0.082 0.559  0.057 0.000
352.25 353.25   16.88 0.559 99.99 0.559259 9.999 0.559259 9.99 0.559259  0.029 0.000  0.199 0.000  0.279 0.000  14.426 0.000  13.174 0.000   1.252 0.559 0.015 0.559  0.044 0.000
355.25 356.25   13.15 0.559  0.90 0.559000 9.999 0.559259 9.99 0.559259  0.552 0.000  0.300 0.000  0.420 0.000  10.188 0.000   5.987 0.000   4.201 0.559 0.017 0.559  0.156 0.000
358.25 359.25   15.43 0.559  0.42 0.559000 0.012 0.559000 9.99 0.559259  1.134 0.000  0.359 0.000  0.503 0.000  12.957 0.000   4.533 0.000   8.424 0.559 0.015 0.559  0.396 0.000
361.25 362.25   11.41 0.559  0.91 0.559000 9.999 0.559259 9.99 0.559259  0.222 0.000  0.279 0.000  0.391 0.000   6.030 0.000   4.094 0.000   1.935 0.559 0.012 0.559  0.088 0.000
364.25 365.25   15.54 0.559  0.74 0.559000 0.027 0.559000 9.99 0.559259  0.066 0.000  0.159 0.000  0.222 0.000   9.047 0.000   7.580 0.000   1.467 0.559 0.014 0.559  0.129 0.000
