scripts/IMPROVE-2019_partial/data/US0011R.20020102060000.20191216000000.filterpack..pm25.52w.1w.US03L_filterpack_US0011.US03L_IMPROVE_Davis.lev2.nas
64 1001
MISSING INFORMATION
US03L, IMPROVE, , , , , , , 
MISSING INFORMATION
IMPROVE sel_HTAP
1 1
2002 01 01 2019 12 16
3.00
days from file reference point
25
1 1 1 1 1 1 1 1 1 1 1 1 1 1 1 1 1 1 1 1 1 1 1 1 1
999.99 99999.99 9.999999 99.99 9.999999 9.999 9.999999999 99.99 9.999999 99.999 9.999999 99.999 9.999 99.999 9.999 999.999 9.999 999.999 9.999 999.999 9.999 9.999 9.999999 99.999 9.999999
end_time of measurement, days from the file reference point
iron, ng/m3, Revision date=20181210133000
numflag iron, no unit, Revision date=20181210133000
lead, ng/m3, Revision date=20181210133000
numflag lead, no unit, Revision date=20181210133000
magnesium, ug/m3, Revision date=20181210133000
numflag magnesium, no unit, Revision date=20181210133000
nickel, ng/m3, Revision date=20181210133000
numflag nickel, no unit, Revision date=20181210133000
nitrate, ug N/m3, Revision date=20181210133000
numflag nitrate, no unit, Revision date=20181210133000
organic_carbon, ug C/m3, Revision date=20181210133000
numflag organic_carbon, no unit, Revision date=20181210133000
organic_mass, ug/m3, Revision date=20181210133000
numflag organic_mass, no unit, Revision date=20181210133000
pm10_mass, ug/m3, Version=2, Version description=Data extracted from http://views.cira.colostate.edu/fed/DataWizard 2019-12-16, Sample duration=1d, Orig. time res.=3d, Matrix=pm10, Blank correction=Blank corrected, Volume std. temperature=ambient, Volume std. pressure=ambient
numflag pm10_mass, no unit, Version=2, Version description=Data extracted from http://views.cira.colostate.edu/fed/DataWizard 2019-12-16, Sample duration=1d, Orig. time res.=3d, Matrix=pm10, Blank correction=Blank corrected, Volume std. temperature=ambient, Volume std. pressure=ambient
pm10_pm25_mass, ug/m3, Revision date=20181210133000, Matrix=pm10_pm25
numflag pm10_pm25_mass, no unit, Revision date=20181210133000, Matrix=pm10_pm25
pm25_mass, ug/m3, Version=2, Version description=Data extracted from http://views.cira.colostate.edu/fed/DataWizard 2019-12-16, Sample duration=1d, Orig. time res.=3d, Blank correction=Blank corrected, Volume std. temperature=ambient, Volume std. pressure=ambient
numflag pm25_mass, no unit, Version=2, Version description=Data extracted from http://views.cira.colostate.edu/fed/DataWizard 2019-12-16, Sample duration=1d, Orig. time res.=3d, Blank correction=Blank corrected, Volume std. temperature=ambient, Volume std. pressure=ambient
potassium, ug/m3, Revision date=20181210133000
numflag potassium, no unit, Revision date=20181210133000
sulphate_total, ug S/m3, Revision date=20181210133000
numflag sulphate_total, no unit, Revision date=20181210133000
0
25
Data definition:              EBAS_1.1
Set type code:                TU
Timezone:                     UTC
File name:                    US0011R.20020102060000.20191216000000.filterpack..pm25.52w.1w.US03L_filterpack_US0011.US03L_IMPROVE_Davis.lev2.nas
File creation:                20191218115607
Startdate:                    20020102060000
Revision date:                20191216000000
Statistics:                   arithmetic mean
Data level:                   2
Period code:                  52w
Resolution code:              1w
Station code:                 US0011R
Platform code:                US0011S
Station name:                 Caney Creek
Station latitude:             34.4544
Station longitude:            -94.1429
Station altitude:             683.0 m
Regime:                       IMG
Component:                    
Matrix:                       pm25
Laboratory code:              US03L
Instrument type:              filterpack
Instrument name:              filterpack_US0011
Method ref:                   US03L_IMPROVE_Davis
starttime endtime Fe flag_Fe Pb flag_Pb Mg++ flag_Mg++ Ni flag_Ni NO3- flag_NO3- OC flag_OC OM flag_OM PM10 flag_PM10 PM10-PM2.5 flag_PM10-PM2.5 PM2.5 flag_PM2.5 K+ flag_K+ SO4-- flag_SO4--
[from data line 83]
250.25 251.25    18.67 0.000000  1.15 0.000000 9.999 0.259000000  0.35 0.000000  0.058 0.000000  2.270 0.000  3.178 0.000  18.587 0.000   4.342 0.000  14.245 0.000 0.039 0.000000  2.350 0.000000
253.25 254.25    50.86 0.000000  1.69 0.000000 9.999 0.259000000 99.99 0.259000  0.042 0.000000  3.441 0.000  4.817 0.000  31.332 0.000   9.073 0.000  22.259 0.000 0.051 0.000000  3.359 0.000000
256.25 257.25    66.38 0.000000  1.90 0.000000 9.999 0.259000000 99.99 0.259000  0.073 0.000000  6.137 0.000  8.592 0.000  30.702 0.000   5.714 0.000  24.988 0.000 0.227 0.000000  3.006 0.000000
259.25 260.25    34.10 0.000000  2.62 0.000000 9.999 0.259000000 99.99 0.259000  0.124 0.000000  2.331 0.000  3.263 0.000  16.538 0.000   0.275 0.000  16.264 0.000 0.049 0.000000  2.842 0.000000
262.25 263.25    10.96 0.000000  1.40 0.000000 9.999 0.259000000 99.99 0.259000  0.067 0.000000  1.025 0.000  1.435 0.000   6.213 0.000   1.614 0.000   4.600 0.000 0.015 0.000000  0.575 0.000000
265.25 266.25    23.03 0.000000  1.39 0.000000 9.999 0.259000000 99.99 0.259000  0.020 0.000000  0.808 0.000  1.131 0.000   7.108 0.000   3.769 0.000   3.339 0.000 0.025 0.000000  0.321 0.000000
268.25 269.25    24.95 0.000000  1.00 0.000000 9.999 0.259000000 99.99 0.259000  0.040 0.000000  1.176 0.000  1.646 0.000  11.111 0.000   2.724 0.000   8.387 0.000 0.035 0.000000  1.414 0.000000
271.25 272.25    19.26 0.000000  1.64 0.000000 9.999 0.259000000 99.99 0.259000  0.034 0.000000  1.714 0.000  2.400 0.000  12.143 0.000   3.342 0.000   8.800 0.000 0.032 0.000000  1.113 0.000000
274.25 275.25    22.66 0.000000  0.93 0.000000 9.999 0.259000000  0.51 0.000000  0.081 0.000000  2.555 0.000  3.576 0.000  15.351 0.000   3.718 0.000  11.633 0.000 0.067 0.000000  1.612 0.000000
277.25 278.25    24.14 0.000000  0.88 0.000000 0.016 0.000000000 99.99 0.259000  0.024 0.000000  1.036 0.000  1.450 0.000   7.675 0.000   4.484 0.000   3.192 0.000 0.021 0.000000  0.233 0.000000
280.25 281.25    19.21 0.000000  1.50 0.000000 9.999 0.259000000  0.08 0.000000  0.102 0.000000  1.711 0.000  2.396 0.000   8.886 0.000   3.236 0.000   5.651 0.000 0.044 0.000000  0.417 0.000000
283.25 284.25     2.59 0.000000  1.05 0.000000 9.999 0.259000000  0.11 0.000000  0.079 0.000000  1.567 0.000  2.194 0.000   5.311 0.000   1.085 0.000   4.226 0.000 0.020 0.000000  0.293 0.000000
286.25 287.25    14.58 0.000000  1.21 0.000000 9.999 0.259000000  0.14 0.000000  0.064 0.000000  0.975 0.000  1.364 0.000   6.076 0.000   2.722 0.000   3.354 0.000 0.034 0.000000  0.298 0.000000
289.25 290.25    32.10 0.000000  1.10 0.000000 9.999 0.259000000 99.99 0.259000  0.117 0.000000  2.861 0.000  4.006 0.000  15.902 0.000   8.090 0.000   7.812 0.000 0.074 0.000000  0.411 0.000000
292.25 293.25     0.09 0.000000  0.76 0.000000 0.027 0.000000000  0.12 0.000000  0.015 0.000000  0.333 0.000  0.467 0.000   1.430 0.000   0.425 0.000   1.005 0.000 0.008 0.000000  0.056 0.000000
295.25 296.25    35.43 0.000000  3.95 0.000000 9.999 0.259000000 99.99 0.259000  0.288 0.559000  2.412 0.000  3.377 0.000  16.038 0.000   4.019 0.000  12.019 0.000 0.042 0.000000  1.571 0.559000
298.25 299.25     2.32 0.000000  1.17 0.000000 0.022 0.000000000 99.99 0.259000  0.173 0.000000  0.704 0.000  0.985 0.000   4.150 0.000   1.208 0.000   2.943 0.000 0.012 0.000000  0.282 0.000000
301.25 302.25     1.82 0.000000  0.60 0.000000 9.999 0.259000000 99.99 0.259000  0.051 0.000000  0.671 0.000  0.939 0.000   4.747 0.000   2.798 0.000   1.949 0.000 0.010 0.000000  0.152 0.000000
304.25 305.25     9.03 0.000000  1.72 0.000000 9.999 0.259000000 99.99 0.259000  0.471 0.000000  1.609 0.000  2.253 0.000  11.285 0.000   2.852 0.000   8.432 0.000 0.027 0.000000  0.920 0.000000
307.25 308.25     4.69 0.000000  1.32 0.000000 9.999 0.259000000 99.99 0.259000  0.366 0.000000  1.441 0.000  2.017 0.000   8.019 0.000   3.143 0.000   4.876 0.000 0.016 0.000000  0.490 0.000000
310.25 311.25    19.50 0.000000  1.50 0.000000 9.999 0.259000000  0.11 0.000000  0.061 0.000000  1.623 0.000  2.273 0.000   7.848 0.000   3.545 0.000   4.303 0.000 0.041 0.000000  0.240 0.000000
313.25 314.25    33.43 0.000000  0.79 0.000000 9.999 0.259000000  0.31 0.000000  0.069 0.000000  1.178 0.000  1.649 0.000   9.787 0.000   5.007 0.000   4.780 0.000 0.031 0.000000  0.459 0.000000
316.25 317.25    18.66 0.000000  1.34 0.000000 9.999 0.259000000 99.99 0.259000  0.106 0.559000  1.535 0.000  2.148 0.000   8.876 0.000   4.246 0.000   4.630 0.000 0.035 0.000000  0.346 0.559000
319.25 320.25    18.21 0.000000  1.47 0.000000 9.999 0.259000000 99.99 0.259000  1.183 0.000000  1.188 0.000  1.663 0.000  11.202 0.000   2.110 0.000   9.092 0.000 0.035 0.000000  0.786 0.000000
322.25 323.25    17.90 0.000000  0.58 0.000000 9.999 0.259000000 99.99 0.259000  0.139 0.000000  0.990 0.000  1.386 0.000   7.384 0.000   4.706 0.000   2.678 0.000 0.022 0.000000  0.145 0.000000
325.25 326.25    21.31 0.000000  0.61 0.000000 9.999 0.259000000 99.99 0.259000  0.450 0.000000  1.059 0.000  1.482 0.000  10.721 0.000   5.425 0.000   5.297 0.000 0.029 0.000000  0.526 0.000000
328.25 329.25     9.82 0.000000  1.03 0.000000 9.999 0.259000000  0.11 0.000000  0.214 0.000000  0.992 0.000  1.388 0.000   4.948 0.000   1.908 0.000   3.040 0.000 0.026 0.000000  0.161 0.000000
331.25 332.25    28.32 0.000000  1.38 0.000000 9.999 0.259000000 99.99 0.259000  0.567 0.000000  1.067 0.000  1.494 0.000  14.180 0.000   7.353 0.000   6.827 0.000 0.037 0.000000  0.693 0.000000
334.25 335.25    22.82 0.000000  0.48 0.000000 9.999 0.259000000 99.99 0.259000  0.113 0.000000  1.073 0.000  1.503 0.000  10.789 0.000   7.272 0.000   3.516 0.000 0.034 0.000000  0.235 0.000000
337.25 338.25     0.76 0.000000  0.12 0.000000 9.999 0.259000000 99.99 0.259000  0.019 0.000000  0.120 0.000  0.168 0.000   2.008 0.000   1.649 0.000   0.359 0.000 0.004 0.000000  0.029 0.000000
340.25 341.25    26.28 0.000000  2.15 0.000000 9.999 0.259000000  0.12 0.000000  0.689 0.000000  2.126 0.000  2.976 0.000  13.057 0.000   3.700 0.000   9.357 0.000 0.057 0.000000  0.759 0.000000
343.25 344.25     9.18 0.000000  1.04 0.000000 9.999 0.259000000 99.99 0.259000  0.644 0.000000  1.237 0.000  1.731 0.000  10.442 0.000   1.595 0.000   8.847 0.000 0.034 0.000000  0.835 0.000000
346.25 347.25     8.42 0.000000  1.04 0.000000 9.999 0.259000000  0.05 0.000000  0.397 0.000000  0.573 0.000  0.802 0.000   6.529 0.000   1.015 0.000   5.514 0.000 0.018 0.000000  0.532 0.000000
349.25 350.25    19.93 0.000000  0.94 0.000000 9.999 0.259000000  0.40 0.000000  0.156 0.000000  1.022 0.000  1.431 0.000   9.492 0.000   1.717 0.000   7.775 0.000 0.036 0.000000  1.069 0.000000
352.25 353.25    24.38 0.000000  0.91 0.000000 9.999 0.259000000  0.09 0.000000  0.168 0.559000  0.731 0.000  1.024 0.000   7.109 0.000   4.171 0.000   2.938 0.000 0.026 0.000000  0.227 0.559000
355.25 356.25    18.61 0.000000  1.13 0.000000 9.999 0.259000000  0.18 0.000000  0.175 0.000000  0.631 0.000  0.883 0.000   6.534 0.000   4.150 0.000   2.384 0.000 0.024 0.000000  0.132 0.000000
358.25 359.25    11.46 0.000000  0.51 0.000000 0.036 0.000000000 99.99 0.259000  0.333 0.000000  0.176 0.000  0.246 0.000   3.950 0.000   1.802 0.000   2.148 0.000 0.015 0.000000  0.165 0.000000
361.25 362.25    14.40 0.000000  1.28 0.000000 9.999 0.259000000 99.99 0.259000  0.346 0.000000  1.189 0.000  1.664 0.000   7.273 0.000   2.271 0.000   5.002 0.000 0.033 0.000000  0.474 0.000000
364.25 365.25    13.95 0.000000  0.84 0.000000 0.022 0.000000000 99.99 0.259000  0.276 0.000000  0.553 0.000  0.775 0.000   6.307 0.000   3.428 0.000   2.879 0.000 0.022 0.000000  0.257 0.000000
