scripts/IMPROVE-2019_partial/data/US0017R.20090101070000.20191216000000.filterpack...52w.3d.US03L_filterpack_US0017.US03L_IMPROVE_Davis.lev2.nas
51 1001
MISSING INFORMATION
US03L, IMPROVE, , , , , , , 
MISSING INFORMATION
IMPROVE sel_HTAP
1 1
2009 01 01 2019 12 16
3.000000
days from file reference point
4
1 1 1 1
999.999999 999.999 999.999 9.999
end_time of measurement, days from the file reference point
pm10_mass, ug/m3, Matrix=pm10
pm25_mass, ug/m3, Matrix=pm25
numflag, no unit
0
33
Data definition:              EBAS_1.1
Set type code:                TU
Timezone:                     UTC
File name:                    US0017R.20090101070000.20191216000000.filterpack...52w.3d.US03L_filterpack_US0017.US03L_IMPROVE_Davis.lev2.nas
File creation:                20191218115631
Startdate:                    20090101070000
Revision date:                20191216000000
Version:                      2
Version description:          "Data extracted from http://views.cira.colostate.edu/fed/DataWizard 2019-12-16"
Statistics:                   arithmetic mean
Data level:                   2
Period code:                  52w
Resolution code:              3d
Sample duration:              1d
Orig. time res.:              3d
Station code:                 US0017R
Platform code:                US0017S
Station name:                 Douglas
Station latitude:             31.3492
Station longitude:            -109.5397
Station altitude:             1230.0 m
Regime:                       IMG
Component:                    
Unit:                         ug/m3
Matrix:                       
Laboratory code:              US03L
Instrument type:              filterpack
Instrument name:              filterpack_US0017
Method ref:                   US03L_IMPROVE_Davis
Blank correction:             Blank corrected
Volume std. temperature:      ambient
Volume std. pressure:         ambient
starttime endtime PM10 PM2.5 flag
  0.291667   1.291667  27.682   9.066 0.000
  3.291667   4.291667  12.588   4.660 0.000
  6.291667   7.291667  32.873   8.892 0.000
  9.291667  10.291667  11.891   3.438 0.000
 12.291667  13.291667  26.349   6.009 0.000
 15.291667  16.291667  21.474   8.027 0.000
 18.291667  19.291667  21.755   5.291 0.000
 21.291667  22.291667  25.381  10.143 0.000
 24.291667  25.291667  17.236   5.445 0.000
 27.291667  28.291667  30.057   7.547 0.000
 30.291667  31.291667  55.475   7.221 0.000
 33.291667  34.291667  28.130   5.434 0.000
 36.291667  37.291667  47.793   9.351 0.000
 39.291667  40.291667   8.572   1.988 0.000
 42.291667  43.291667  23.446   6.734 0.000
 45.291667  46.291667  16.842   5.142 0.000
 48.291667  49.291667  17.634   5.734 0.000
 51.291667  52.291667  24.277   7.965 0.000
 54.291667  55.291667  28.009   5.339 0.000
 57.291667  58.291667  23.114   6.240 0.000
 60.291667  61.291667  38.852   9.669 0.000
 63.291667  64.291667  36.759  12.024 0.000
 66.291667  67.291667  25.397   6.548 0.000
 69.291667  70.291667  15.202   6.030 0.000
 72.291667  73.291667  17.440   7.047 0.000
 75.291667  76.291667  19.629   6.425 0.000
 78.291667  79.291667  52.259  11.454 0.000
 81.291667  82.291667  24.634   6.681 0.000
 84.291667  85.291667  79.225  17.923 0.000
 87.291667  88.291667  31.968   8.533 0.000
 90.291667  91.291667  59.531  15.641 0.000
 93.291667  94.291667  20.130   8.248 0.000
 96.291667  97.291667  28.912   6.839 0.000
 99.291667 100.291667  52.766  12.196 0.000
102.291667 103.291667  16.293   4.694 0.000
105.291667 106.291667  35.721  16.272 0.000
108.291667 109.291667  14.467   4.634 0.000
111.291667 112.291667  45.067  14.220 0.000
114.291667 115.291667  36.551   8.421 0.000
117.291667 118.291667  38.142  10.939 0.000
120.291667 121.291667  58.882  17.734 0.000
123.291667 124.291667  30.833  11.787 0.000
126.291667 127.291667  42.566  11.927 0.000
129.291667 130.291667  26.145   6.766 0.000
132.291667 133.291667  50.615  15.109 0.000
135.291667 136.291667  50.171  17.336 0.000
138.291667 139.291667  34.660  12.138 0.000
141.291667 142.291667  20.543   9.631 0.000
144.291667 145.291667  21.320   6.456 0.000
147.291667 148.291667  16.669   6.527 0.000
150.291667 151.291667  25.801   5.367 0.000
153.291667 154.291667  24.572   6.146 0.000
156.291667 157.291667  32.134   7.907 0.000
159.291667 160.291667  13.598   3.791 0.000
162.291667 163.291667  17.632   6.849 0.000
165.291667 166.291667  19.175   5.609 0.000
168.291667 169.291667  31.789  11.124 0.000
171.291667 172.291667  24.130   8.229 0.000
174.291667 175.291667  31.990   7.771 0.000
177.291667 178.291667  16.282   5.026 0.000
180.291667 181.291667  13.501   4.367 0.000
183.291667 184.291667  10.381   4.581 0.000
186.291667 187.291667  13.474   3.907 0.000
189.291667 190.291667  22.252   6.796 0.000
192.291667 193.291667  39.848  10.348 0.000
195.291667 196.291667  15.584   4.430 0.000
198.291667 199.291667  19.475   6.435 0.000
201.291667 202.291667  22.925   6.015 0.000
204.291667 205.291667  14.883   4.683 0.000
207.291667 208.291667  17.630   5.084 0.000
210.291667 211.291667  22.049   8.285 0.000
213.291667 214.291667  19.458   5.440 0.000
216.291667 217.291667  20.051   6.502 0.000
219.291667 220.291667  24.064   6.472 0.000
222.291667 223.291667  22.651   7.976 0.000
225.291667 226.291667  21.210   6.371 0.000
228.291667 229.291667  23.743   6.785 0.000
231.291667 232.291667  46.202   8.675 0.000
234.291667 235.291667   7.671   2.703 0.000
237.291667 238.291667  13.185   4.141 0.000
240.291667 241.291667  18.310   6.521 0.000
243.291667 244.291667  23.164   6.728 0.000
246.291667 247.291667  27.595  10.275 0.000
249.291667 250.291667  10.845   5.145 0.000
252.291667 253.291667  21.926   9.724 0.000
255.291667 256.291667  16.890   5.024 0.000
258.291667 259.291667  31.831   8.760 0.000
261.291667 262.291667  15.652   6.926 0.000
264.291667 265.291667  21.701  10.002 0.000
267.291667 268.291667  23.860  11.437 0.000
270.291667 271.291667  55.120  17.129 0.000
273.291667 274.291667  43.335  14.290 0.000
276.291667 277.291667   8.511   4.157 0.000
279.291667 280.291667  14.537   4.906 0.000
282.291667 283.291667  30.346   6.592 0.000
285.291667 286.291667   6.247   1.423 0.000
288.291667 289.291667  19.197   4.438 0.000
291.291667 292.291667  19.064   4.312 0.000
294.291667 295.291667  36.798  10.040 0.000
297.291667 298.291667  24.026   6.908 0.000
300.291667 301.291667  53.004  13.614 0.000
303.291667 304.291667  13.852   5.327 0.000
306.291667 307.291667  26.294   6.600 0.000
309.291667 310.291667  50.592  17.016 0.000
312.291667 313.291667  28.946   8.741 0.000
315.291667 316.291667  47.574  13.437 0.000
318.291667 319.291667  10.238   4.844 0.000
321.291667 322.291667  46.495  13.167 0.000
324.291667 325.291667  36.929  10.306 0.000
327.291667 328.291667  30.882   6.072 0.000
330.291667 331.291667  56.378  12.227 0.000
333.291667 334.291667   1.614   2.792 0.000
336.291667 337.291667  20.759   9.091 0.000
339.291667 340.291667  19.264   4.612 0.000
342.291667 343.291667  23.176   5.361 0.000
345.291667 346.291667  26.129   7.048 0.000
348.291667 349.291667  11.445   2.201 0.000
351.291667 352.291667  52.378  12.649 0.000
354.291667 355.291667  71.565  20.005 0.000
357.291667 358.291667  21.130   9.717 0.000
360.291667 361.291667  18.038   7.232 0.000
363.291667 364.291667  12.884   5.916 0.000
