scripts/IMPROVE-2019_partial/data/US0061R.19960103050000.20191216000000.filterpack...1y.3d.US03L_filterpack_US0061.US03L_IMPROVE_Davis.lev2.nas
51 1001
MISSING INFORMATION
US03L, IMPROVE, , , , , , , 
MISSING INFORMATION
IMPROVE sel_HTAP
1 1
1996 01 01 2019 12 16
0
days from file reference point
4
1 1 1 1
999.999999 999.999 999.999 9.999
end_time of measurement, days from the file reference point
pm10_mass, ug/m3, Matrix=pm10
pm25_mass, ug/m3, Matrix=pm25
numflag, no unit
0
33
Data definition:              EBAS_1.1
Set type code:                TI
Timezone:                     UTC
File name:                    US0061R.19960103050000.20191216000000.filterpack...1y.3d.US03L_filterpack_US0061.US03L_IMPROVE_Davis.lev2.nas
File creation:                20191218115917
Startdate:                    19960103050000
Revision date:                20191216000000
Version:                      2
Version description:          "Data extracted from http://views.cira.colostate.edu/fed/DataWizard 2019-12-16"
Statistics:                   arithmetic mean
Data level:                   2
Period code:                  1y
Resolution code:              3d
Sample duration:              1d
Orig. time res.:              3d
Station code:                 US0061R
Platform code:                US0061S
Station name:                 Brigantine NWR
Station latitude:             39.465
Station longitude:            -74.4492
Station altitude:             5.0 m
Regime:                       IMG
Component:                    
Unit:                         ug/m3
Matrix:                       
Laboratory code:              US03L
Instrument type:              filterpack
Instrument name:              filterpack_US0061
Method ref:                   US03L_IMPROVE_Davis
Blank correction:             Blank corrected
Volume std. temperature:      ambient
Volume std. pressure:         ambient
starttime endtime PM10 PM2.5 flag
  2.208333   3.208333  24.255   8.146 0.000
  5.208333   6.208333  20.280   9.048 0.000
  9.208333  10.208333 999.999 999.999 0.999
 12.208333  13.208333 999.999 999.999 0.999
 16.208333  17.208333 999.999 999.999 0.999
 19.208333  20.208333 999.999 999.999 0.999
 23.208333  24.208333  22.222   7.853 0.000
 26.208333  27.208333  34.521   9.962 0.000
 30.208333  31.208333  19.772   9.601 0.000
 33.208333  34.208333  22.692   8.512 0.000
 37.208333  38.208333  53.807  23.913 0.000
 40.208333  41.208333  29.776  10.368 0.000
 44.208333  45.208333  47.154  13.365 0.000
 47.208333  48.208333  22.082   8.249 0.000
 51.208333  52.208333  13.464   4.000 0.000
 54.208333  55.208333  10.584   5.152 0.000
 58.208333  59.208333  30.623  10.642 0.000
 61.208333  62.208333  19.611  12.088 0.000
 65.208333  66.208333  21.537  10.385 0.000
 68.208333  69.208333  15.316  11.447 0.000
 72.208333  73.208333  45.280  13.092 0.000
 75.208333  76.208333  27.350   8.049 0.000
 79.208333  80.208333  40.864  10.559 0.000
 82.208333  83.208333  17.054   7.261 0.000
 86.208333  87.208333  26.219   8.189 0.000
 89.208333  90.208333 999.999 999.999 0.999
 93.208333  94.208333  43.919   9.011 0.000
 96.208333  97.208333  23.039   9.473 0.000
100.208333 101.208333  44.949  11.293 0.000
103.208333 104.208333  52.083  12.849 0.000
107.208333 108.208333  25.230   7.655 0.000
110.208333 111.208333  57.480  11.521 0.000
114.208333 115.208333  11.746   6.462 0.000
117.208333 118.208333  12.277   6.336 0.000
121.208333 122.208333  20.457  11.036 0.000
124.208333 125.208333  26.126  15.436 0.000
128.208333 129.208333  10.740   3.929 0.000
131.208333 132.208333  50.678  13.279 0.000
135.208333 136.208333  23.266   7.675 0.000
138.208333 139.208333  44.531  34.623 0.000
142.208333 143.208333  30.146   9.832 0.000
145.208333 146.208333  25.776   6.434 0.000
149.208333 150.208333  28.571   5.703 0.000
152.208333 153.208333  27.288   6.711 0.000
156.208333 157.208333  30.299  13.154 0.000
159.208333 160.208333  19.747   4.918 0.000
163.208333 164.208333  20.681   8.249 0.000
166.208333 167.208333  49.592  32.790 0.000
170.208333 171.208333  28.453  12.985 0.000
173.208333 174.208333  34.084  15.536 0.000
177.208333 178.208333  22.167   9.750 0.000
180.208333 181.208333  17.920   9.722 0.000
184.208333 185.208333  19.491  12.513 0.000
187.208333 188.208333  33.499  19.978 0.000
191.208333 192.208333  21.754  13.859 0.000
194.208333 195.208333  20.642   9.279 0.000
198.208333 199.208333  40.589  29.469 0.000
201.208333 202.208333  11.494   4.729 0.000
205.208333 206.208333  43.008  35.620 0.000
208.208333 209.208333  25.128  14.907 0.000
212.208333 213.208333 999.999 999.999 0.999
215.208333 216.208333 999.999 999.999 0.999
219.208333 220.208333 999.999 999.999 0.999
222.208333 223.208333 999.999 999.999 0.999
226.208333 227.208333  22.124  11.791 0.000
229.208333 230.208333  26.934  18.972 0.000
233.208333 234.208333 999.999 999.999 0.999
236.208333 237.208333 999.999 999.999 0.999
240.208333 241.208333 999.999 999.999 0.999
243.208333 244.208333 999.999 999.999 0.999
247.208333 248.208333 999.999 999.999 0.999
250.208333 251.208333 999.999 999.999 0.999
254.208333 255.208333 999.999 999.999 0.999
257.208333 258.208333 999.999 999.999 0.999
261.208333 262.208333 999.999 999.999 0.999
264.208333 265.208333 999.999 999.999 0.999
268.208333 269.208333 999.999 999.999 0.999
271.208333 272.208333 999.999 999.999 0.999
275.208333 276.208333  36.013 999.999 0.000
278.208333 279.208333   2.269 999.999 0.000
282.208333 283.208333  12.681   4.321 0.000
285.208333 286.208333  16.471   8.143 0.000
289.208333 290.208333 999.999 999.999 0.999
292.208333 293.208333  18.580   5.512 0.000
296.208333 297.208333  26.898  10.750 0.000
299.208333 300.208333  86.782 999.999 0.000
303.208333 304.208333  27.402  10.953 0.000
306.208333 307.208333  17.288   9.186 0.000
310.208333 311.208333  19.185   8.770 0.000
313.208333 314.208333  14.638   5.814 0.000
317.208333 318.208333  15.109  11.607 0.000
320.208333 321.208333  13.292   6.557 0.000
324.208333 325.208333  17.534  11.432 0.000
327.208333 328.208333  10.941   6.331 0.000
331.208333 332.208333  15.317   4.858 0.000
334.208333 335.208333  19.777  13.566 0.000
338.208333 339.208333  17.857  11.210 0.000
341.208333 342.208333  21.045   9.590 0.000
345.208333 346.208333  29.409  16.204 0.000
348.208333 349.208333  12.927   2.885 0.000
352.208333 353.208333  34.414  13.221 0.000
355.208333 356.208333  49.979  13.689 0.000
359.208333 360.208333  17.167   9.906 0.000
362.208333 363.208333  20.255  12.037 0.000
