scripts/IMPROVE-2019_partial/data/US0054R.20040101070000.20191216000000.filterpack..pm25.52w.1w.US03L_filterpack_US0054.US03L_IMPROVE_Davis.lev2.nas
66 1001
MISSING INFORMATION
US03L, IMPROVE, , , , , , , 
MISSING INFORMATION
IMPROVE sel_HTAP
1 1
2004 01 01 2019 12 16
3.000000
days from file reference point
27
1 1 1 1 1 1 1 1 1 1 1 1 1 1 1 1 1 1 1 1 1 1 1 1 1 1 1
999.999999 9999.99 9.999999 99.99 9.999999 9.999 9.999999999 9.99 9.999999999 9.999 9.999 99.999 9.999 99.999 9.999 99.99 9.999999999 999.999 9.999 99.999 9.999 99.999 9.999 9.999 9.999999 9.999 9.999
end_time of measurement, days from the file reference point
iron, ng/m3, Revision date=20181210133000
numflag iron, no unit, Revision date=20181210133000
lead, ng/m3, Revision date=20181210133000
numflag lead, no unit, Revision date=20181210133000
magnesium, ug/m3, Revision date=20181210133000
numflag magnesium, no unit, Revision date=20181210133000
nickel, ng/m3, Revision date=20181210133000
numflag nickel, no unit, Revision date=20181210133000
nitrate, ug N/m3, Revision date=20181210133000
numflag nitrate, no unit, Revision date=20181210133000
organic_carbon, ug C/m3, Revision date=20181210133000
numflag organic_carbon, no unit, Revision date=20181210133000
organic_mass, ug/m3, Revision date=20181210133000
numflag organic_mass, no unit, Revision date=20181210133000
phosphorus, ng/m3, Revision date=20181210133000
numflag phosphorus, no unit, Revision date=20181210133000
pm10_mass, ug/m3, Version=2, Version description=Data extracted from http://views.cira.colostate.edu/fed/DataWizard 2019-12-16, Sample duration=1d, Orig. time res.=3d, Matrix=pm10, Blank correction=Blank corrected, Volume std. temperature=ambient, Volume std. pressure=ambient
numflag pm10_mass, no unit, Version=2, Version description=Data extracted from http://views.cira.colostate.edu/fed/DataWizard 2019-12-16, Sample duration=1d, Orig. time res.=3d, Matrix=pm10, Blank correction=Blank corrected, Volume std. temperature=ambient, Volume std. pressure=ambient
pm10_pm25_mass, ug/m3, Revision date=20181210133000, Matrix=pm10_pm25
numflag pm10_pm25_mass, no unit, Revision date=20181210133000, Matrix=pm10_pm25
pm25_mass, ug/m3, Version=2, Version description=Data extracted from http://views.cira.colostate.edu/fed/DataWizard 2019-12-16, Sample duration=1d, Orig. time res.=3d, Blank correction=Blank corrected, Volume std. temperature=ambient, Volume std. pressure=ambient
numflag pm25_mass, no unit, Version=2, Version description=Data extracted from http://views.cira.colostate.edu/fed/DataWizard 2019-12-16, Sample duration=1d, Orig. time res.=3d, Blank correction=Blank corrected, Volume std. temperature=ambient, Volume std. pressure=ambient
potassium, ug/m3, Revision date=20181210133000
numflag potassium, no unit, Revision date=20181210133000
sulphate_total, ug S/m3, Revision date=20181210133000
numflag sulphate_total, no unit, Revision date=20181210133000
0
25
Data definition:              EBAS_1.1
Set type code:                TU
Timezone:                     UTC
File name:                    US0054R.20040101070000.20191216000000.filterpack..pm25.52w.1w.US03L_filterpack_US0054.US03L_IMPROVE_Davis.lev2.nas
File creation:                20191218115844
Startdate:                    20040101070000
Revision date:                20191216000000
Statistics:                   arithmetic mean
Data level:                   2
Period code:                  52w
Resolution code:              1w
Station code:                 US0054R
Platform code:                US0054S
Station name:                 Gates of the Mountains
Station latitude:             46.8262
Station longitude:            -111.7107
Station altitude:             2387.0 m
Regime:                       IMG
Component:                    
Matrix:                       pm25
Laboratory code:              US03L
Instrument type:              filterpack
Instrument name:              filterpack_US0054
Method ref:                   US03L_IMPROVE_Davis
starttime endtime Fe flag_Fe Pb flag_Pb Mg++ flag_Mg++ Ni flag_Ni NO3- flag_NO3- OC flag_OC OM flag_OM P flag_P PM10 flag_PM10 PM10-PM2.5 flag_PM10-PM2.5 PM2.5 flag_PM2.5 K+ flag_K+ SO4-- flag_SO4--
  0.291667   1.291667    3.49 0.000000  0.27 0.000000 9.999 0.259000000 0.14 0.000000000 0.032 0.000  0.618 0.000  0.866 0.000 99.99 0.259000000   1.132 0.000  0.303 0.000  0.830 0.000 0.006 0.000000 0.065 0.000
  3.291667   4.291667    2.50 0.000000  0.14 0.000000 9.999 0.259000000 9.99 0.259000000 0.030 0.000  0.202 0.000  0.283 0.000 99.99 0.259000000   2.328 0.000  1.525 0.000  0.802 0.000 0.006 0.000000 0.087 0.000
  6.291667   7.291667    2.41 0.000000  0.26 0.000000 0.030 0.000000000 0.09 0.000000000 0.003 0.000 99.999 0.999 99.999 0.999 99.99 0.259000000 999.999 0.456 99.999 0.999  0.448 0.000 0.003 0.000000 0.040 0.000
  9.291667  10.291667    6.02 0.000000  0.28 0.000000 9.999 0.259000000 0.15 0.000000000 0.013 0.000 99.999 0.999 99.999 0.999 99.99 0.259000000 999.999 0.456 99.999 0.999  0.879 0.000 0.007 0.000000 0.046 0.000
 12.291667  13.291667    3.66 0.000000  0.27 0.000000 9.999 0.259000000 9.99 0.259000000 0.011 0.000 99.999 0.999 99.999 0.999 99.99 0.259000000 999.999 0.456 99.999 0.999  0.763 0.000 0.006 0.000000 0.044 0.000
 15.291667  16.291667    3.72 0.000000  0.13 0.000000 9.999 0.259000000 0.18 0.000000000 0.025 0.000  0.205 0.000  0.287 0.000  1.24 0.000000000   0.557 0.000  0.039 0.000  0.518 0.000 0.004 0.000000 0.010 0.000
 18.291667  19.291667    3.35 0.000000  0.12 0.000000 9.999 0.259000000 0.14 0.000000000 0.014 0.000  0.152 0.000  0.213 0.000 99.99 0.259000000   0.896 0.000  0.560 0.000  0.337 0.000 0.004 0.000000 0.009 0.000
 21.291667  22.291667    2.79 0.000000  0.17 0.000000 9.999 0.259000000 0.12 0.000000000 0.015 0.000  0.080 0.000  0.113 0.000 99.99 0.259000000   1.145 0.000  0.843 0.000  0.302 0.000 0.004 0.000000 0.023 0.000
 24.291667  25.291667    1.95 0.000000  0.23 0.000000 0.018 0.000000000 0.10 0.000000000 0.045 0.000  0.104 0.000  0.145 0.000 99.99 0.259000000   2.365 0.000  1.651 0.000  0.714 0.000 0.009 0.000000 0.088 0.000
 27.291667  28.291667    0.63 0.000000  0.15 0.000000 9.999 0.259000000 0.07 0.000000000 0.009 0.000  0.047 0.000  0.065 0.000  1.08 0.000000000   1.614 0.000  1.489 0.000  0.125 0.000 0.002 0.000000 0.010 0.000
 30.291667  31.291667    2.35 0.000000  0.20 0.000000 9.999 0.259000000 0.17 0.000000000 0.006 0.000  0.053 0.000  0.074 0.000 99.99 0.259000000   1.269 0.000  1.116 0.000  0.153 0.000 0.003 0.000000 0.016 0.000
 33.291667  34.291667    2.59 0.000000  0.25 0.000000 9.999 0.259000000 9.99 0.259000000 0.043 0.000  0.135 0.000  0.189 0.000 99.99 0.259000000   1.216 0.000  0.525 0.000  0.691 0.000 0.004 0.000000 0.074 0.000
 36.291667  37.291667    4.43 0.000000  0.34 0.000000 9.999 0.259000000 0.09 0.000000000 0.028 0.000  0.256 0.000  0.358 0.000 99.99 0.259000000   1.359 0.000  0.801 0.000  0.558 0.000 0.006 0.000000 0.044 0.000
 39.291667  40.291667    2.28 0.000000  0.21 0.000000 9.999 0.259000000 0.17 0.000000000 0.010 0.000  0.119 0.000  0.166 0.000 99.99 0.259000000   0.976 0.000  0.495 0.000  0.481 0.000 0.005 0.000000 0.040 0.000
 42.291667  43.291667    3.37 0.000000  0.25 0.000000 0.016 0.000000000 9.99 0.259000000 0.015 0.000  0.326 0.000  0.456 0.000 99.99 0.259000000   1.389 0.000  0.475 0.000  0.914 0.000 0.007 0.000000 0.096 0.000
 45.291667  46.291667    3.85 0.000000  0.22 0.000000 9.999 0.259000000 0.10 0.000000000 0.052 0.000  0.285 0.000  0.399 0.000 99.99 0.259000000   1.344 0.000  0.662 0.000  0.682 0.000 0.007 0.000000 0.047 0.000
 48.291667  49.291667   29.11 0.000000  0.25 0.000000 9.999 0.259000000 9.99 0.259000000 0.034 0.000  0.178 0.000  0.250 0.000 99.99 0.259000000   2.005 0.000  0.987 0.000  1.018 0.000 0.020 0.000000 0.051 0.000
 51.291667  52.291667    2.22 0.000000  0.44 0.000000 9.999 0.259000000 9.99 0.259000000 0.018 0.000  0.287 0.000  0.403 0.000 99.99 0.259000000   0.891 0.000  0.318 0.000  0.574 0.000 0.005 0.000000 0.067 0.000
 54.291667  55.291667    2.99 0.000000  0.29 0.000000 9.999 0.259000000 9.99 0.259000000 0.064 0.000  0.606 0.000  0.849 0.000 99.99 0.259000000   2.026 0.000  1.138 0.000  0.889 0.000 0.004 0.000000 0.120 0.000
 57.291667  58.291667    4.67 0.000000  0.52 0.000000 9.999 0.259000000 9.99 0.259000000 0.034 0.000  0.258 0.000  0.361 0.000 99.99 0.259000000   1.551 0.000  1.001 0.000  0.551 0.000 0.007 0.000000 0.055 0.000
 60.291667  61.291667    1.48 0.000000 99.99 0.259000 9.999 0.259000000 0.06 0.000000000 0.031 0.000  0.059 0.000  0.082 0.000 99.99 0.259000000   2.005 0.000  1.698 0.000  0.307 0.000 0.002 0.000000 0.046 0.000
 63.291667  64.291667    3.41 0.000000  0.29 0.000000 9.999 0.259000000 9.99 0.259000000 0.029 0.000  0.058 0.000  0.081 0.000 99.99 0.259000000   1.381 0.000  0.920 0.000  0.461 0.000 0.005 0.000000 0.035 0.000
 66.291667  67.291667   30.49 0.000000  1.57 0.000000 9.999 0.259000000 9.99 0.259000000 0.027 0.000  0.162 0.000  0.227 0.000 99.99 0.259000000   5.273 0.000  3.010 0.000  2.263 0.000 0.029 0.000000 0.248 0.000
 69.291667  70.291667   12.23 0.000000  0.50 0.000000 0.033 0.000000000 9.99 0.259000000 0.027 0.000  0.185 0.000  0.259 0.000 99.99 0.259000000   1.755 0.000  0.618 0.000  1.137 0.000 0.010 0.000000 0.089 0.000
 72.291667  73.291667    7.73 0.000000  0.23 0.000000 9.999 0.259000000 9.99 0.259000000 0.023 0.559  0.073 0.000  0.102 0.000 99.99 0.259000000   1.434 0.000  0.344 0.000  1.090 0.000 0.009 0.000000 0.133 0.559
 75.291667  76.291667   28.00 0.000000  0.63 0.000000 9.999 0.259000000 0.10 0.000000000 0.042 0.559  0.338 0.000  0.473 0.000 99.99 0.259000000   3.415 0.000  1.762 0.000  1.653 0.000 0.024 0.000000 0.126 0.559
 78.291667  79.291667   27.76 0.000000  0.53 0.000000 9.999 0.259000000 9.99 0.259000000 0.023 0.559  0.116 0.000  0.162 0.000 99.99 0.259000000   3.454 0.000  1.990 0.000  1.464 0.000 0.020 0.000000 0.111 0.559
 81.291667  82.291667   35.34 0.000000  1.17 0.000000 9.999 0.259000000 9.99 0.259000000 0.045 0.559  0.848 0.000  1.187 0.000 99.99 0.259000000   5.236 0.000  2.353 0.000  2.883 0.000 0.035 0.000000 0.139 0.559
 84.291667  85.291667   42.37 0.000000  0.62 0.000000 9.999 0.259000000 9.99 0.259000000 0.038 0.000  0.671 0.000  0.939 0.000 99.99 0.259000000   4.793 0.000  2.747 0.000  2.046 0.000 0.029 0.000000 0.129 0.000
 87.291667  88.291667   19.54 0.000000  0.53 0.000000 0.019 0.000000000 9.99 0.259000000 0.019 0.000  0.324 0.000  0.453 0.000 99.99 0.259000000   2.140 0.000  1.130 0.000  1.010 0.000 0.015 0.000000 0.062 0.000
 90.291667  91.291667  111.79 0.559394  1.16 0.559394 9.999 0.559394259 9.99 0.559394259 0.059 0.394  0.941 0.000  1.318 0.000 99.99 0.559394259   9.833 0.000  4.985 0.000  4.849 0.559 0.068 0.559394 0.182 0.394
 93.291667  94.291667 9999.99 0.999000 99.99 0.999000 9.999 0.999000000 9.99 0.999000000 9.999 0.999 99.999 0.999 99.999 0.999 99.99 0.999000000 999.999 0.999 99.999 0.999 99.999 0.999 9.999 0.999000 9.999 0.999
 96.291667  97.291667 9999.99 0.999000 99.99 0.999000 9.999 0.999000000 9.99 0.999000000 9.999 0.999 99.999 0.999 99.999 0.999 99.99 0.999000000 999.999 0.999 99.999 0.999 99.999 0.999 9.999 0.999000 9.999 0.999
 99.291667 100.291667   46.34 0.000000  0.95 0.000000 9.999 0.259000000 9.99 0.259000000 0.170 0.000  0.492 0.000  0.689 0.000 99.99 0.259000000   5.291 0.000  1.865 0.000  3.425 0.000 0.036 0.000000 0.395 0.000
102.291667 103.291667   80.27 0.559000  1.45 0.559000 9.999 0.559259000 9.99 0.559259000 0.033 0.000  1.380 0.000  1.932 0.000 99.99 0.559259000   7.170 0.000  1.877 0.000  5.293 0.559 0.056 0.559000 0.355 0.000
105.291667 106.291667   31.09 0.000000  1.21 0.000000 9.999 0.259000000 0.07 0.000000000 0.019 0.000  0.295 0.000  0.412 0.000 99.99 0.259000000   2.881 0.000  1.092 0.000  1.789 0.000 0.024 0.000000 0.140 0.000
108.291667 109.291667   32.96 0.000000  1.36 0.000000 9.999 0.259000000 9.99 0.259000000 0.063 0.000  0.447 0.000  0.626 0.000 99.99 0.259000000   2.829 0.000  0.354 0.000  2.476 0.000 0.028 0.000000 0.230 0.000
111.291667 112.291667   17.29 0.000000 99.99 0.259000 9.999 0.259000000 0.10 0.000000000 0.015 0.000  0.167 0.000  0.234 0.000 99.99 0.259000000   1.060 0.000  0.095 0.000  0.965 0.000 0.015 0.000000 0.058 0.000
114.291667 115.291667   35.42 0.000000  1.51 0.000000 9.999 0.259000000 0.05 0.000000000 0.025 0.000  0.346 0.000  0.484 0.000 99.99 0.259000000   3.564 0.000  1.106 0.000  2.458 0.000 0.032 0.000000 0.235 0.000
117.291667 118.291667   99.65 0.000000  2.36 0.000000 9.999 0.259000000 9.99 0.259000000 0.032 0.000  0.905 0.000  1.267 0.000 99.99 0.259000000   8.884 0.000  3.974 0.000  4.910 0.000 0.066 0.000000 0.305 0.000
120.291667 121.291667   45.27 0.000000  0.72 0.000000 9.999 0.259000000 9.99 0.259000000 0.168 0.000  0.569 0.000  0.796 0.000 99.99 0.259000000   6.944 0.000  2.661 0.000  4.284 0.000 0.031 0.000000 0.457 0.000
123.291667 124.291667   41.55 0.000000  0.80 0.000000 9.999 0.259000000 0.10 0.000000000 0.027 0.000  0.864 0.000  1.209 0.000 99.99 0.259000000   4.950 0.000  2.160 0.000  2.790 0.000 0.025 0.000000 0.123 0.000
126.291667 127.291667   62.69 0.000000  0.76 0.000000 9.999 0.259000000 0.12 0.000000000 0.036 0.000  1.434 0.000  2.008 0.000 99.99 0.259000000   7.627 0.000  3.467 0.000  4.160 0.000 0.041 0.000000 0.127 0.000
129.291667 130.291667   22.60 0.000000  0.37 0.000000 0.048 0.000000000 0.14 0.000000000 0.016 0.000  0.287 0.000  0.402 0.000 99.99 0.259000000   2.674 0.000  1.188 0.000  1.486 0.000 0.014 0.000000 0.066 0.000
132.291667 133.291667    5.03 0.000000  0.30 0.000000 0.038 0.000000000 9.99 0.259000000 0.039 0.000  0.216 0.000  0.302 0.000 99.99 0.259000000   1.367 0.000  0.286 0.000  1.080 0.000 0.007 0.000000 0.105 0.000
135.291667 136.291667   31.08 0.000000  1.53 0.000000 9.999 0.259000000 0.08 0.000000000 0.032 0.000  0.866 0.000  1.213 0.000 99.99 0.259000000   4.887 0.000  1.322 0.000  3.564 0.000 0.034 0.000000 0.329 0.000
138.291667 139.291667   11.21 0.000000  0.47 0.000000 9.999 0.259000000 9.99 0.259000000 0.042 0.000  0.262 0.000  0.367 0.000 99.99 0.259000000   2.188 0.000  0.821 0.000  1.367 0.000 0.009 0.000000 0.127 0.000
141.291667 142.291667    3.78 0.000000  0.29 0.000000 9.999 0.259000000 9.99 0.259000000 0.010 0.000  0.256 0.000  0.358 0.000 99.99 0.259000000   1.077 0.000  0.624 0.000  0.453 0.000 0.003 0.000000 0.026 0.000
144.291667 145.291667    5.26 0.000000  0.43 0.000000 9.999 0.259000000 0.09 0.000000000 0.030 0.000  0.332 0.000  0.465 0.000 99.99 0.259000000   2.102 0.000  0.806 0.000  1.296 0.000 0.006 0.000000 0.143 0.000
147.291667 148.291667   13.30 0.000000  0.61 0.000000 9.999 0.259000000 0.05 0.000000000 0.011 0.000  0.247 0.000  0.345 0.000 99.99 0.259000000   1.727 0.000  0.524 0.000  1.203 0.000 0.011 0.000000 0.082 0.000
150.291667 151.291667    6.14 0.000000  0.27 0.000000 9.999 0.259000000 0.10 0.000000000 0.023 0.000  0.244 0.000  0.341 0.000 99.99 0.259000000   1.263 0.000  0.335 0.000  0.928 0.000 0.006 0.000000 0.075 0.000
153.291667 154.291667   31.25 0.000000  1.19 0.000000 9.999 0.259000000 0.06 0.000000000 0.018 0.559  0.718 0.000  1.006 0.000 99.99 0.259000000   4.313 0.000  1.560 0.000  2.753 0.000 0.029 0.000000 0.210 0.559
156.291667 157.291667 9999.99 0.999000 99.99 0.999000 9.999 0.999000000 9.99 0.999000000 9.999 0.999 99.999 0.999 99.999 0.999 99.99 0.999000000 999.999 0.999 99.999 0.999 99.999 0.999 9.999 0.999000 9.999 0.999
159.291667 160.291667 9999.99 0.999000 99.99 0.999000 9.999 0.999000000 9.99 0.999000000 9.999 0.999 99.999 0.999 99.999 0.999 99.99 0.999000000 999.999 0.999 99.999 0.999 99.999 0.999 9.999 0.999000 9.999 0.999
162.291667 163.291667    5.09 0.000000  0.23 0.000000 0.058 0.000000000 0.07 0.000000000 0.031 0.000  0.208 0.000  0.292 0.000 99.99 0.259000000   1.485 0.000  0.648 0.000  0.837 0.000 0.006 0.000000 0.066 0.000
165.291667 166.291667   10.06 0.000000  0.34 0.000000 9.999 0.259000000 0.07 0.000000000 0.013 0.000  0.195 0.000  0.273 0.000 99.99 0.259000000   2.401 0.000  1.274 0.000  1.127 0.000 0.011 0.000000 0.087 0.000
168.291667 169.291667    7.39 0.559000  0.24 0.559000 9.999 0.559259000 0.13 0.559000000 0.015 0.000  0.277 0.000  0.388 0.000 99.99 0.559259000   1.478 0.000  0.320 0.000  1.157 0.559 0.006 0.559000 0.109 0.000
171.291667 172.291667   12.06 0.559000  0.73 0.559000 9.999 0.559259000 9.99 0.559259000 0.039 0.000  0.712 0.000  0.997 0.000 99.99 0.559259000   3.197 0.000  0.854 0.000  2.343 0.559 0.015 0.559000 0.188 0.000
174.291667 175.291667 9999.99 0.999000 99.99 0.999000 9.999 0.999000000 9.99 0.999000000 9.999 0.999 99.999 0.999 99.999 0.999 99.99 0.999000000   7.067 0.000 99.999 0.999 99.999 0.999 9.999 0.999000 9.999 0.999
177.291667 178.291667 9999.99 0.999000 99.99 0.999000 9.999 0.999000000 9.99 0.999000000 9.999 0.999 99.999 0.999 99.999 0.999 99.99 0.999000000   5.095 0.000 99.999 0.999 99.999 0.999 9.999 0.999000 9.999 0.999
180.291667 181.291667 9999.99 0.999000 99.99 0.999000 9.999 0.999000000 9.99 0.999000000 9.999 0.999  1.189 0.000  1.665 0.000 99.99 0.999000000  10.335 0.000 99.999 0.999 99.999 0.999 9.999 0.999000 9.999 0.999
183.291667 184.291667   28.38 0.000000  0.58 0.000000 9.999 0.259000000 9.99 0.259000000 0.020 0.000  1.003 0.000  1.404 0.000 99.99 0.259000000   4.698 0.000  2.162 0.000  2.536 0.000 0.021 0.000000 0.134 0.000
186.291667 187.291667    2.68 0.000000  0.61 0.000000 9.999 0.259000000 9.99 0.259000000 0.006 0.000  0.291 0.000  0.408 0.000 99.99 0.259000000   0.940 0.000  0.398 0.000  0.541 0.000 0.007 0.000000 0.021 0.000
189.291667 190.291667   38.78 0.000000  0.17 0.000000 9.999 0.259000000 9.99 0.259000000 0.025 0.000  0.829 0.000  1.160 0.000 99.99 0.259000000   7.271 0.000  4.598 0.000  2.673 0.000 0.026 0.000000 0.106 0.000
192.291667 193.291667   19.50 0.000000  0.33 0.000000 9.999 0.259000000 9.99 0.259000000 0.017 0.000  1.120 0.000  1.568 0.000 99.99 0.259000000   5.024 0.000  2.204 0.000  2.820 0.000 0.022 0.000000 0.121 0.000
195.291667 196.291667   32.59 0.000000  0.83 0.000000 9.999 0.259000000 9.99 0.259000000 0.016 0.000  1.981 0.000  2.773 0.000 99.99 0.259000000   7.229 0.000  3.438 0.000  3.791 0.000 0.032 0.000000 0.152 0.000
198.291667 199.291667   30.49 0.000000 99.99 0.259000 9.999 0.259000000 0.15 0.000000000 0.014 0.000  1.974 0.000  2.764 0.000 99.99 0.259000000   7.106 0.000  3.042 0.000  4.064 0.000 0.039 0.000000 0.157 0.000
201.291667 202.291667    7.63 0.000000  0.41 0.000000 9.999 0.259000000 9.99 0.259000000 0.012 0.000  0.520 0.000  0.729 0.000 99.99 0.259000000   1.952 0.000  0.792 0.000  1.159 0.000 0.010 0.000000 0.057 0.000
204.291667 205.291667   15.04 0.000000 99.99 0.259000 9.999 0.259000000 9.99 0.259000000 0.016 0.000  1.842 0.000  2.579 0.000 99.99 0.259000000   5.794 0.000  1.476 0.000  4.318 0.000 0.025 0.000000 0.207 0.000
207.291667 208.291667   24.35 0.000000  0.19 0.000000 9.999 0.259000000 9.99 0.259000000 0.014 0.000  1.637 0.000  2.292 0.000 99.99 0.259000000   5.964 0.000  2.552 0.000  3.412 0.000 0.030 0.000000 0.098 0.000
210.291667 211.291667   31.18 0.000000  0.58 0.000000 9.999 0.259000000 9.99 0.259000000 0.014 0.000  3.502 0.000  4.903 0.000 99.99 0.259000000  10.232 0.000  3.226 0.000  7.006 0.000 0.066 0.000000 0.136 0.000
213.291667 214.291667   56.53 0.000000  0.52 0.000000 9.999 0.259000000 9.99 0.259000000 0.030 0.000  3.948 0.000  5.527 0.000 99.99 0.259000000  13.437 0.000  4.795 0.000  8.642 0.000 0.077 0.000000 0.162 0.000
216.291667 217.291667   31.57 0.000000  0.31 0.000000 0.032 0.000000000 9.99 0.259000000 0.020 0.000  0.989 0.000  1.384 0.000 99.99 0.259000000   4.534 0.000  2.159 0.000  2.376 0.000 0.028 0.000000 0.114 0.000
219.291667 220.291667   11.68 0.000000 99.99 0.259000 9.999 0.259000000 9.99 0.259000000 0.011 0.000  0.451 0.000  0.632 0.000 99.99 0.259000000   2.705 0.000  1.648 0.000  1.057 0.000 0.014 0.000000 0.074 0.000
222.291667 223.291667   18.93 0.000000  0.16 0.000000 9.999 0.259000000 9.99 0.259000000 0.015 0.000  0.661 0.000  0.925 0.000 99.99 0.259000000   4.665 0.000  2.438 0.000  2.227 0.000 0.015 0.000000 0.226 0.000
