scripts/IMPROVE-2019_partial/data/US0071R.20020102080000.20191216000000.filterpack..pm25.52w.1w.US03L_filterpack_US0071.US03L_IMPROVE_Davis.lev2.nas
66 1001
MISSING INFORMATION
US03L, IMPROVE, , , , , , , 
MISSING INFORMATION
IMPROVE sel_HTAP
1 1
2002 01 01 2019 12 16
3.000000
days from file reference point
27
1 1 1 1 1 1 1 1 1 1 1 1 1 1 1 1 1 1 1 1 1 1 1 1 1 1 1
999.999999 9999.99 9.999 99.99 9.999999 9.999 9.999999 9.99 9.999999 99.999 9.999999 99.999 9.999 999.999 9.999 999.99 9.999999 999.999 9.999 999.999 9.999 999.999 9.999 9.999 9.999 9.999 9.999999
end_time of measurement, days from the file reference point
iron, ng/m3, Revision date=20181210133000
numflag iron, no unit, Revision date=20181210133000
lead, ng/m3, Revision date=20181210133000
numflag lead, no unit, Revision date=20181210133000
magnesium, ug/m3, Revision date=20181210133000
numflag magnesium, no unit, Revision date=20181210133000
nickel, ng/m3, Revision date=20181210133000
numflag nickel, no unit, Revision date=20181210133000
nitrate, ug N/m3, Revision date=20181210133000
numflag nitrate, no unit, Revision date=20181210133000
organic_carbon, ug C/m3, Revision date=20181210133000
numflag organic_carbon, no unit, Revision date=20181210133000
organic_mass, ug/m3, Revision date=20181210133000
numflag organic_mass, no unit, Revision date=20181210133000
phosphorus, ng/m3, Revision date=20181210133000
numflag phosphorus, no unit, Revision date=20181210133000
pm10_mass, ug/m3, Version=2, Version description=Data extracted from http://views.cira.colostate.edu/fed/DataWizard 2019-12-16, Sample duration=1d, Orig. time res.=3d, Matrix=pm10, Blank correction=Blank corrected, Volume std. temperature=ambient, Volume std. pressure=ambient
numflag pm10_mass, no unit, Version=2, Version description=Data extracted from http://views.cira.colostate.edu/fed/DataWizard 2019-12-16, Sample duration=1d, Orig. time res.=3d, Matrix=pm10, Blank correction=Blank corrected, Volume std. temperature=ambient, Volume std. pressure=ambient
pm10_pm25_mass, ug/m3, Revision date=20181210133000, Matrix=pm10_pm25
numflag pm10_pm25_mass, no unit, Revision date=20181210133000, Matrix=pm10_pm25
pm25_mass, ug/m3, Version=2, Version description=Data extracted from http://views.cira.colostate.edu/fed/DataWizard 2019-12-16, Sample duration=1d, Orig. time res.=3d, Blank correction=Blank corrected, Volume std. temperature=ambient, Volume std. pressure=ambient
numflag pm25_mass, no unit, Version=2, Version description=Data extracted from http://views.cira.colostate.edu/fed/DataWizard 2019-12-16, Sample duration=1d, Orig. time res.=3d, Blank correction=Blank corrected, Volume std. temperature=ambient, Volume std. pressure=ambient
potassium, ug/m3, Revision date=20181210133000
numflag potassium, no unit, Revision date=20181210133000
sulphate_total, ug S/m3, Revision date=20181210133000
numflag sulphate_total, no unit, Revision date=20181210133000
0
25
Data definition:              EBAS_1.1
Set type code:                TU
Timezone:                     UTC
File name:                    US0071R.20020102080000.20191216000000.filterpack..pm25.52w.1w.US03L_filterpack_US0071.US03L_IMPROVE_Davis.lev2.nas
File creation:                20191218120014
Startdate:                    20020102080000
Revision date:                20191216000000
Statistics:                   arithmetic mean
Data level:                   2
Period code:                  52w
Resolution code:              1w
Station code:                 US0071R
Platform code:                US0071S
Station name:                 Hells Canyon
Station latitude:             44.9702
Station longitude:            -116.8438
Station altitude:             655.0 m
Regime:                       IMG
Component:                    
Matrix:                       pm25
Laboratory code:              US03L
Instrument type:              filterpack
Instrument name:              filterpack_US0071
Method ref:                   US03L_IMPROVE_Davis
starttime endtime Fe flag_Fe Pb flag_Pb Mg++ flag_Mg++ Ni flag_Ni NO3- flag_NO3- OC flag_OC OM flag_OM P flag_P PM10 flag_PM10 PM10-PM2.5 flag_PM10-PM2.5 PM2.5 flag_PM2.5 K+ flag_K+ SO4-- flag_SO4--
[from data line 77]
232.333333 233.333333   41.52 0.559  0.13 0.559000 9.999 0.559259 9.99 0.559259  0.014 0.000000  1.112 0.000   1.556 0.000 999.99 0.559259   9.730 0.000   5.960 0.000   3.770 0.559 0.038 0.559 0.101 0.000000
235.333333 236.333333   33.96 0.000  0.35 0.000000 9.999 0.259000 9.99 0.259000  0.016 0.559000  1.244 0.000   1.741 0.000 999.99 0.259000   7.025 0.000   3.505 0.000   3.520 0.000 0.031 0.000 0.097 0.559000
238.333333 239.333333   76.71 0.000  0.35 0.000000 9.999 0.259000 0.11 0.000000  0.018 0.000000  1.448 0.000   2.027 0.000 999.99 0.259000  24.338 0.000  18.933 0.000   5.405 0.000 0.041 0.000 0.234 0.000000
241.333333 242.333333   49.03 0.000  0.35 0.000000 9.999 0.259000 9.99 0.259000  0.016 0.000000  1.677 0.000   2.348 0.000 999.99 0.259000   9.730 0.000   4.403 0.000   5.327 0.000 0.035 0.000 0.166 0.000000
244.333333 245.333333   57.20 0.000  0.42 0.000000 0.021 0.000000 9.99 0.259000  0.017 0.559000  0.472 0.000   0.661 0.000 999.99 0.259000   6.904 0.000   4.834 0.000   2.071 0.000 0.024 0.000 0.089 0.559000
247.333333 248.333333  114.18 0.559  0.57 0.559000 9.999 0.559259 9.99 0.559259  0.066 0.559000  1.509 0.000   2.112 0.000 999.99 0.559259  17.846 0.000  12.629 0.000   5.216 0.559 0.114 0.559 0.212 0.559000
250.333333 251.333333   45.63 0.000  0.43 0.000000 9.999 0.259000 9.99 0.259000  0.021 0.000000  0.727 0.000   1.018 0.000 999.99 0.259000   5.198 0.000   2.122 0.000   3.076 0.000 0.031 0.000 0.190 0.000000
253.333333 254.333333   67.91 0.000  0.58 0.000000 9.999 0.259000 0.15 0.000000  0.021 0.000000  1.006 0.000   1.408 0.000  10.62 0.000000   7.712 0.000   4.460 0.000   3.251 0.000 0.029 0.000 0.132 0.000000
256.333333 257.333333   84.23 0.559  0.69 0.559000 9.999 0.559259 9.99 0.559259  0.021 0.559000  1.648 0.000   2.307 0.000 999.99 0.559259   9.353 0.000   4.426 0.000   4.927 0.559 0.051 0.559 0.186 0.559000
259.333333 260.333333   47.15 0.000  0.61 0.000000 9.999 0.259000 9.99 0.259000  0.015 0.559000  0.924 0.000   1.293 0.000 999.99 0.259000   3.735 0.000   1.438 0.000   2.297 0.000 0.025 0.000 0.066 0.559000
262.333333 263.333333   27.50 0.000  0.43 0.000000 9.999 0.259000 9.99 0.259000  0.015 0.559000  0.538 0.000   0.754 0.000 999.99 0.259000   5.128 0.000   3.126 0.000   2.002 0.000 0.018 0.000 0.120 0.559000
265.333333 266.333333   45.00 0.559  0.46 0.559000 9.999 0.559259 9.99 0.559259  0.013 0.000000  1.621 0.000   2.270 0.000 999.99 0.559259   6.662 0.000   2.892 0.000   3.770 0.559 0.029 0.559 0.104 0.000000
268.333333 269.333333  130.81 0.699  1.06 0.699000 0.045 0.699000 9.99 0.699259  0.031 0.000000  2.733 0.000   3.827 0.000  15.51 0.699000  13.930 0.000   5.674 0.000   8.255 0.699 0.072 0.699 0.284 0.000000
271.333333 272.333333   54.96 0.559  0.92 0.559000 9.999 0.559259 9.99 0.559259  0.021 0.000000  2.757 0.000   3.860 0.000 999.99 0.559259   9.927 0.000   3.542 0.000   6.385 0.559 0.053 0.559 0.156 0.000000
274.333333 275.333333   68.13 0.559  0.49 0.559000 9.999 0.559259 9.99 0.559259  0.028 0.000000  0.927 0.000   1.298 0.000 999.99 0.559259   6.579 0.000   2.702 0.000   3.877 0.559 0.039 0.559 0.109 0.000000
277.333333 278.333333    8.47 0.000  0.34 0.000000 9.999 0.259000 9.99 0.259000  0.013 0.000000  1.266 0.000   1.773 0.000 999.99 0.259000   4.427 0.000   1.293 0.000   3.133 0.000 0.022 0.000 0.151 0.000000
280.333333 281.333333   48.19 0.559  0.69 0.559000 9.999 0.559259 0.07 0.559000  0.031 0.000000  3.030 0.000   4.242 0.000 999.99 0.559259 999.999 0.456 999.999 0.999   6.391 0.559 0.095 0.559 0.145 0.000000
283.333333 284.333333   49.92 0.559  0.58 0.559000 9.999 0.559259 0.06 0.559000  0.074 0.000000  1.539 0.000   2.154 0.000 999.99 0.559259  10.294 0.000   5.643 0.000   4.652 0.559 0.037 0.559 0.175 0.000000
286.333333 287.333333  115.48 0.699  0.92 0.699000 9.999 0.699259 9.99 0.699259  0.045 0.000000  2.995 0.000   4.192 0.000 999.99 0.699259  12.346 0.000   4.829 0.000   7.517 0.699 0.068 0.699 0.121 0.000000
289.333333 290.333333  117.79 0.559  1.36 0.559000 9.999 0.559259 9.99 0.559259  0.021 0.000000  1.900 0.000   2.660 0.000 999.99 0.559259   9.422 0.000   3.743 0.000   5.679 0.559 0.067 0.559 0.098 0.000000
292.333333 293.333333   68.99 0.559  0.94 0.559000 9.999 0.559259 0.06 0.559000  0.017 0.000000  1.598 0.000   2.237 0.000 999.99 0.559259   8.691 0.000   4.083 0.000   4.607 0.559 0.035 0.559 0.102 0.000000
295.333333 296.333333   91.39 0.000  0.69 0.000000 9.999 0.259000 9.99 0.259000  0.026 0.000000  1.615 0.000   2.262 0.000 999.99 0.259000   9.355 0.000   3.696 0.000   5.658 0.000 0.053 0.000 0.228 0.000000
298.333333 299.333333  123.25 0.699  1.45 0.699000 0.024 0.699000 0.07 0.699000  0.038 0.000000  5.117 0.000   7.164 0.000 999.99 0.699259  14.875 0.000   3.073 0.000  11.802 0.699 0.065 0.699 0.276 0.000000
301.333333 302.333333   11.87 0.000  0.36 0.000000 0.012 0.000000 0.08 0.000000  0.021 0.559000  0.965 0.000   1.351 0.000 999.99 0.259000   3.096 0.000   0.244 0.000   2.852 0.000 0.018 0.000 0.119 0.559000
304.333333 305.333333   56.79 0.559  0.73 0.559000 9.999 0.559259 0.09 0.559000  0.064 0.000000  2.715 0.000   3.800 0.000 999.99 0.559259   6.324 0.000   0.030 0.000   6.295 0.559 0.053 0.559 0.220 0.000000
307.333333 308.333333   33.32 0.699  1.08 0.699000 9.999 0.699259 9.99 0.699259  0.560 0.000000  2.238 0.000   3.133 0.000 999.99 0.699259   9.053 0.000   1.281 0.000   7.772 0.699 0.050 0.699 0.346 0.000000
310.333333 311.333333  140.53 0.559  0.90 0.559000 0.015 0.559000 9.99 0.559259  0.148 0.559000  1.528 0.000   2.140 0.000 999.99 0.559259  19.976 0.000  13.454 0.000   6.521 0.559 0.099 0.559 0.121 0.559000
313.333333 314.333333    5.79 0.000  0.70 0.000000 9.999 0.259000 9.99 0.259000  0.016 0.000000  0.778 0.000   1.089 0.000 999.99 0.259000   2.152 0.000   0.602 0.000   1.550 0.000 0.012 0.000 0.011 0.000000
316.333333 317.333333   17.48 0.000  0.35 0.000000 9.999 0.259000 9.99 0.259000  0.086 0.559000  1.783 0.000   2.496 0.000 999.99 0.259000   4.984 0.000   0.740 0.000   4.244 0.000 0.027 0.000 0.092 0.559000
319.333333 320.333333   16.34 0.559  1.04 0.559000 9.999 0.559259 9.99 0.559259  0.095 0.000000  3.663 0.000   5.128 0.000 999.99 0.559259   8.415 0.000 999.999 0.259   8.457 0.559 0.061 0.559 0.285 0.000000
322.333333 323.333333 9999.99 0.456 99.99 0.456000 9.999 0.456000 9.99 0.456000  0.057 0.000000  1.712 0.000   2.398 0.000 999.99 0.456000   4.788 0.000 999.999 0.999 999.999 0.456 9.999 0.456 0.060 0.000000
325.333333 326.333333   17.30 0.000  0.57 0.000000 9.999 0.259000 9.99 0.259000  0.113 0.000000  2.002 0.000   2.802 0.000 999.99 0.259000   5.882 0.000   1.396 0.000   4.486 0.000 0.038 0.000 0.082 0.000000
328.333333 329.333333    4.44 0.000  0.67 0.000000 9.999 0.259000 9.99 0.259000  0.023 0.559000  1.144 0.000   1.601 0.000 999.99 0.259000   3.041 0.000   0.464 0.000   2.577 0.000 0.015 0.000 0.112 0.559000
331.333333 332.333333   15.00 0.000  0.70 0.000000 9.999 0.259000 9.99 0.259000  0.209 0.000000  1.693 0.000   2.370 0.000 999.99 0.259000   4.412 0.000   0.200 0.000   4.212 0.000 0.038 0.000 0.109 0.000000
334.333333 335.333333   29.83 0.559  1.97 0.559000 9.999 0.559259 9.99 0.559259  0.358 0.000000  7.645 0.000  10.703 0.000 999.99 0.559259  14.629 0.000   0.814 0.000  13.815 0.559 0.066 0.559 0.129 0.000000
337.333333 338.333333   14.62 0.000  0.79 0.000000 9.999 0.259000 9.99 0.259000  0.514 0.000000 99.999 0.999 999.999 0.999 999.99 0.259000   6.614 0.000   0.556 0.000   6.057 0.000 0.037 0.000 0.151 0.000000
340.333333 341.333333    4.23 0.000  0.41 0.000000 9.999 0.259000 9.99 0.259000  0.554 0.559000 99.999 0.999 999.999 0.999 999.99 0.259000   6.534 0.000   1.420 0.000   5.114 0.000 0.020 0.000 0.107 0.559000
343.333333 344.333333   12.17 0.000  0.65 0.000000 9.999 0.259000 0.13 0.000000  1.093 0.559000  1.192 0.000   1.668 0.000 999.99 0.259000   9.105 0.000   0.174 0.000   8.931 0.000 0.025 0.000 0.320 0.559000
346.333333 347.333333   26.07 0.000  0.57 0.000000 9.999 0.259000 0.04 0.000000  0.120 0.000000 99.999 0.999 999.999 0.999 999.99 0.259000   4.085 0.000   1.064 0.000   3.021 0.000 0.029 0.000 0.101 0.000000
349.333333 350.333333   22.89 0.000  0.14 0.000000 0.026 0.000000 9.99 0.259000  0.010 0.000000 99.999 0.999 999.999 0.999 999.99 0.259000   4.085 0.000   3.066 0.000   1.019 0.000 0.018 0.000 0.026 0.000000
352.333333 353.333333    3.57 0.000  0.52 0.000000 9.999 0.259000 9.99 0.259000  0.044 0.000000  0.973 0.000   1.362 0.000 999.99 0.259000   2.191 0.000   0.253 0.000   1.938 0.000 0.015 0.000 0.032 0.000000
355.333333 356.333333    2.54 0.000  0.17 0.000000 9.999 0.259000 9.99 0.259000  0.111 0.000000  0.421 0.000   0.590 0.000 999.99 0.259000   1.603 0.000   0.257 0.000   1.346 0.000 0.007 0.000 0.120 0.000000
358.333333 359.333333 9999.99 0.999 99.99 0.999000 9.999 0.999000 9.99 0.999000 99.999 0.999000 99.999 0.999 999.999 0.999 999.99 0.999000 999.999 0.999 999.999 0.999 999.999 0.999 9.999 0.999 9.999 0.999000
361.333333 362.333333    1.39 0.000  0.63 0.000000 9.999 0.259000 9.99 0.259000  0.020 0.000000  0.923 0.000   1.292 0.000 999.99 0.259000   1.603 0.000 999.999 0.259   1.854 0.000 0.008 0.000 0.016 0.000000
364.333333 365.333333    2.47 0.000  0.28 0.000000 9.999 0.259000 0.09 0.000000  0.014 0.000000  0.147 0.000   0.205 0.000   2.05 0.000000   0.495 0.000   0.088 0.000   0.407 0.000 0.004 0.000 0.022 0.000000
