scripts/IMPROVE-2019_partial/data/US0038R.20040101060000.20191216000000.filterpack..pm25.52w.1w.US03L_filterpack_US0038.US03L_IMPROVE_Davis.lev2.nas
66 1001
MISSING INFORMATION
US03L, IMPROVE, , , , , , , 
MISSING INFORMATION
IMPROVE sel_HTAP
1 1
2004 01 01 2019 12 16
3.00
days from file reference point
27
1 1 1 1 1 1 1 1 1 1 1 1 1 1 1 1 1 1 1 1 1 1 1 1 1 1 1
999.99 9999.99 9.999 99.99 9.999 9.999 9.999 9.99 9.999 99.999 9.999 99.999 9.999 99.999 9.999 999.99 9.999999 999.999 9.999 999.999 9.999 999.999 9.999 9.999 9.999 99.999 9.999
end_time of measurement, days from the file reference point
iron, ng/m3, Revision date=20181210133000
numflag iron, no unit, Revision date=20181210133000
lead, ng/m3, Revision date=20181210133000
numflag lead, no unit, Revision date=20181210133000
magnesium, ug/m3, Revision date=20181210133000
numflag magnesium, no unit, Revision date=20181210133000
nickel, ng/m3, Revision date=20181210133000
numflag nickel, no unit, Revision date=20181210133000
nitrate, ug N/m3, Revision date=20181210133000
numflag nitrate, no unit, Revision date=20181210133000
organic_carbon, ug C/m3, Revision date=20181210133000
numflag organic_carbon, no unit, Revision date=20181210133000
organic_mass, ug/m3, Revision date=20181210133000
numflag organic_mass, no unit, Revision date=20181210133000
phosphorus, ng/m3, Revision date=20181210133000
numflag phosphorus, no unit, Revision date=20181210133000
pm10_mass, ug/m3, Version=2, Version description=Data extracted from http://views.cira.colostate.edu/fed/DataWizard 2019-12-16, Sample duration=1d, Orig. time res.=3d, Matrix=pm10, Blank correction=Blank corrected, Volume std. temperature=ambient, Volume std. pressure=ambient
numflag pm10_mass, no unit, Version=2, Version description=Data extracted from http://views.cira.colostate.edu/fed/DataWizard 2019-12-16, Sample duration=1d, Orig. time res.=3d, Matrix=pm10, Blank correction=Blank corrected, Volume std. temperature=ambient, Volume std. pressure=ambient
pm10_pm25_mass, ug/m3, Revision date=20181210133000, Matrix=pm10_pm25
numflag pm10_pm25_mass, no unit, Revision date=20181210133000, Matrix=pm10_pm25
pm25_mass, ug/m3, Version=2, Version description=Data extracted from http://views.cira.colostate.edu/fed/DataWizard 2019-12-16, Sample duration=1d, Orig. time res.=3d, Blank correction=Blank corrected, Volume std. temperature=ambient, Volume std. pressure=ambient
numflag pm25_mass, no unit, Version=2, Version description=Data extracted from http://views.cira.colostate.edu/fed/DataWizard 2019-12-16, Sample duration=1d, Orig. time res.=3d, Blank correction=Blank corrected, Volume std. temperature=ambient, Volume std. pressure=ambient
potassium, ug/m3, Revision date=20181210133000
numflag potassium, no unit, Revision date=20181210133000
sulphate_total, ug S/m3, Revision date=20181210133000
numflag sulphate_total, no unit, Revision date=20181210133000
0
25
Data definition:              EBAS_1.1
Set type code:                TU
Timezone:                     UTC
File name:                    US0038R.20040101060000.20191216000000.filterpack..pm25.52w.1w.US03L_filterpack_US0038.US03L_IMPROVE_Davis.lev2.nas
File creation:                20191218115750
Startdate:                    20040101060000
Revision date:                20191216000000
Statistics:                   arithmetic mean
Data level:                   2
Period code:                  52w
Resolution code:              1w
Station code:                 US0038R
Platform code:                US0038S
Station name:                 Cedar Bluff
Station latitude:             38.7701
Station longitude:            -99.7634
Station altitude:             665.0 m
Regime:                       IMG
Component:                    
Matrix:                       pm25
Laboratory code:              US03L
Instrument type:              filterpack
Instrument name:              filterpack_US0038
Method ref:                   US03L_IMPROVE_Davis
starttime endtime Fe flag_Fe Pb flag_Pb Mg++ flag_Mg++ Ni flag_Ni NO3- flag_NO3- OC flag_OC OM flag_OM P flag_P PM10 flag_PM10 PM10-PM2.5 flag_PM10-PM2.5 PM2.5 flag_PM2.5 K+ flag_K+ SO4-- flag_SO4--
  0.25   1.25   40.10 0.000  0.64 0.000 9.999 0.259 0.13 0.000  0.225 0.000  0.454 0.000  0.635 0.000 999.99 0.259000  11.103 0.000   7.856 0.000   3.247 0.000 0.036 0.000  0.155 0.000
  3.25   4.25   11.71 0.000  1.40 0.000 9.999 0.259 9.99 0.259  0.276 0.000  0.623 0.000  0.872 0.000 999.99 0.259000  10.671 0.000   5.091 0.000   5.579 0.000 0.029 0.000  0.489 0.000
  6.25   7.25   38.02 0.000  0.86 0.000 9.999 0.259 0.08 0.000  0.493 0.559  0.814 0.000  1.139 0.000 999.99 0.259000  23.218 0.000  15.889 0.000   7.329 0.000 0.039 0.000  0.568 0.559
  9.25  10.25   23.42 0.000  0.62 0.000 9.999 0.259 9.99 0.259  0.243 0.000  0.276 0.000  0.387 0.000 999.99 0.259000   8.701 0.000   6.495 0.000   2.207 0.000 0.020 0.000  0.126 0.000
 12.25  13.25   47.10 0.000  1.02 0.000 9.999 0.259 9.99 0.259  0.600 0.559  0.528 0.000  0.740 0.000 999.99 0.259000  13.253 0.000   7.585 0.000   5.668 0.000 0.036 0.000  0.131 0.559
 15.25  16.25   24.44 0.000  0.77 0.000 9.999 0.259 0.16 0.000  1.217 0.559  1.281 0.000  1.793 0.000 999.99 0.259000  14.922 0.000   2.919 0.000  12.003 0.000 0.035 0.000  0.744 0.559
 18.25  19.25   23.33 0.000  1.03 0.000 9.999 0.259 9.99 0.259  0.401 0.559  0.641 0.000  0.898 0.000 999.99 0.259000   9.428 0.000   2.779 0.000   6.649 0.000 0.034 0.000  0.417 0.559
 21.25  22.25   30.78 0.000  0.40 0.000 9.999 0.259 0.16 0.000  0.394 0.000  0.644 0.000  0.902 0.000 999.99 0.259000   9.104 0.000   4.268 0.000   4.836 0.000 0.023 0.000  0.277 0.000
 24.25  25.25    9.39 0.000  1.19 0.000 9.999 0.259 9.99 0.259  0.772 0.000  0.915 0.000  1.281 0.000 999.99 0.259000   8.873 0.000   0.382 0.000   8.491 0.000 0.019 0.000  0.440 0.000
 27.25  28.25   17.59 0.000  1.82 0.000 9.999 0.259 0.09 0.000  0.638 0.000  0.592 0.000  0.829 0.000 999.99 0.259000  12.046 0.000   4.209 0.000   7.836 0.000 0.040 0.000  0.549 0.000
 30.25  31.25   23.49 0.000  1.92 0.000 0.086 0.000 0.14 0.000  1.570 0.000  1.170 0.000  1.638 0.000 999.99 0.259000  17.704 0.000   2.265 0.000  15.439 0.000 0.033 0.000  0.802 0.000
 33.25  34.25   13.82 0.000  1.43 0.000 9.999 0.259 0.28 0.000  1.509 0.000  0.923 0.000  1.292 0.000 999.99 0.259000  15.421 0.000   1.483 0.000  13.938 0.000 0.024 0.000  0.737 0.000
 36.25  37.25   11.96 0.000  0.71 0.000 9.999 0.259 9.99 0.259  0.424 0.000  0.870 0.000  1.219 0.000 999.99 0.259000   9.045 0.000   1.623 0.000   7.422 0.000 0.022 0.000  0.706 0.000
 39.25  40.25    7.51 0.000  0.29 0.000 9.999 0.259 9.99 0.259  0.148 0.000  0.318 0.000  0.446 0.000 999.99 0.259000   2.202 0.000   0.122 0.000   2.080 0.000 0.012 0.000  0.135 0.000
 42.25  43.25   13.42 0.000  0.63 0.000 9.999 0.259 9.99 0.259  0.078 0.000  0.303 0.000  0.424 0.000 999.99 0.259000   4.303 0.000   1.391 0.000   2.912 0.000 0.018 0.000  0.342 0.000
 45.25  46.25   14.32 0.000  1.19 0.000 9.999 0.259 9.99 0.259  0.869 0.000  0.709 0.000  0.992 0.000 999.99 0.259000  10.438 0.000   1.547 0.000   8.892 0.000 0.024 0.000  0.489 0.000
 48.25  49.25   33.69 0.000  0.64 0.000 9.999 0.259 9.99 0.259  0.592 0.000  1.069 0.000  1.496 0.000 999.99 0.259000  12.500 0.000   7.053 0.000   5.447 0.000 0.030 0.000  0.382 0.000
 51.25  52.25   16.84 0.000  0.52 0.000 9.999 0.259 9.99 0.259  0.175 0.000  0.473 0.000  0.662 0.000 999.99 0.259000   7.113 0.000   4.921 0.000   2.191 0.000 0.016 0.000  0.130 0.000
 54.25  55.25   14.59 0.000  1.91 0.000 9.999 0.259 9.99 0.259  1.455 0.000  0.752 0.000  1.053 0.000 999.99 0.259000  20.596 0.000   3.241 0.000  17.356 0.000 0.023 0.000  1.688 0.000
 57.25  58.25   23.80 0.000  1.56 0.000 9.999 0.259 9.99 0.259  0.537 0.000  1.172 0.000  1.641 0.000 999.99 0.259000  15.278 0.000   7.051 0.000   8.227 0.000 0.028 0.000  0.932 0.000
 60.25  61.25    9.36 0.000  0.64 0.000 9.999 0.259 9.99 0.259  0.063 0.000  0.519 0.000  0.727 0.000 999.99 0.259000   5.198 0.000   1.913 0.000   3.284 0.000 0.015 0.000  0.490 0.000
 63.25  64.25    6.02 0.000  0.69 0.000 9.999 0.259 9.99 0.259  0.574 0.000  0.499 0.000  0.699 0.000 999.99 0.259000   6.352 0.000   0.475 0.000   5.876 0.000 0.011 0.000  0.425 0.000
 66.25  67.25   16.26 0.000  0.78 0.000 9.999 0.259 9.99 0.259  0.090 0.000  0.116 0.000  0.163 0.000 999.99 0.259000   4.882 0.000   3.146 0.000   1.736 0.000 0.015 0.000  0.135 0.000
 69.25  70.25   20.57 0.000  0.62 0.000 9.999 0.259 9.99 0.259  0.075 0.000  0.468 0.000  0.655 0.000 999.99 0.259000   8.923 0.000   6.833 0.000   2.090 0.000 0.021 0.000  0.121 0.000
 72.25  73.25   12.47 0.000  1.14 0.000 9.999 0.259 9.99 0.259  0.378 0.000  1.872 0.000  2.621 0.000 999.99 0.259000  10.290 0.000   4.030 0.000   6.259 0.000 0.029 0.000  0.505 0.000
 75.25  76.25   17.90 0.000  0.87 0.000 0.051 0.000 0.08 0.000  0.260 0.000  0.272 0.000  0.380 0.000 999.99 0.259000   5.827 0.000   3.978 0.000   1.848 0.000 0.018 0.000  0.219 0.000
 78.25  79.25   49.42 0.000  1.69 0.000 0.047 0.000 0.16 0.000  0.459 0.000  2.630 0.000  3.682 0.000 999.99 0.259000  19.997 0.000  10.820 0.000   9.177 0.000 0.072 0.000  0.667 0.000
 81.25  82.25   47.44 0.000  2.75 0.000 9.999 0.259 9.99 0.259  0.503 0.000  4.372 0.000  6.120 0.000  22.17 0.000000  21.387 0.000   9.834 0.000  11.553 0.000 0.092 0.000  0.407 0.000
 84.25  85.25   56.86 0.000  1.50 0.000 9.999 0.259 0.19 0.000  0.238 0.000  1.223 0.000  1.713 0.000 999.99 0.259000  21.000 0.000  11.253 0.000   9.747 0.000 0.067 0.000  1.302 0.000
 87.25  88.25   10.14 0.000 99.99 0.259 0.054 0.000 9.99 0.259  0.020 0.000  0.141 0.000  0.197 0.000 999.99 0.259000   3.807 0.000   2.455 0.000   1.352 0.000 0.009 0.000  0.086 0.000
 90.25  91.25   29.90 0.000  2.40 0.000 9.999 0.259 0.08 0.000  0.356 0.000  1.328 0.000  1.859 0.000 999.99 0.259000   9.884 0.000   5.162 0.000   4.722 0.000 0.054 0.000  0.371 0.000
 93.25  94.25   39.58 0.000  3.12 0.000 9.999 0.259 9.99 0.259  0.738 0.000  1.643 0.000  2.300 0.000 999.99 0.259000  17.894 0.000  10.081 0.000   7.812 0.000 0.055 0.000  0.553 0.000
 96.25  97.25   47.48 0.000  2.16 0.000 9.999 0.259 0.21 0.000  0.352 0.000  3.402 0.000  4.762 0.000 999.99 0.259000  19.649 0.000   5.930 0.000  13.719 0.000 0.069 0.000  1.387 0.000
 99.25 100.25   43.73 0.000  2.59 0.000 9.999 0.259 0.10 0.000  0.578 0.000  3.446 0.000  4.825 0.000 999.99 0.259000  15.891 0.000   5.085 0.000  10.806 0.000 0.108 0.000  0.472 0.000
102.25 103.25   15.20 0.000  0.96 0.000 9.999 0.259 0.09 0.000  0.407 0.000  0.521 0.000  0.729 0.000 999.99 0.259000   7.545 0.000   2.236 0.000   5.309 0.000 0.021 0.000  0.554 0.000
105.25 106.25  141.07 0.000  1.87 0.000 9.999 0.259 0.15 0.000  0.069 0.000  0.888 0.000  1.243 0.000 999.99 0.259000  13.345 0.000   6.557 0.000   6.788 0.000 0.100 0.000  0.439 0.000
108.25 109.25  239.76 0.000  1.56 0.000 9.999 0.259 0.28 0.000  0.079 0.000  1.292 0.000  1.808 0.000 999.99 0.259000  78.157 0.000  62.979 0.000  15.177 0.000 0.183 0.000  1.579 0.000
111.25 112.25   83.50 0.000  1.93 0.000 9.999 0.259 0.12 0.000  0.047 0.000  0.936 0.000  1.310 0.000 999.99 0.259000  15.437 0.000  10.166 0.000   5.270 0.000 0.068 0.000  0.341 0.000
114.25 115.25   11.65 0.000  1.66 0.000 9.999 0.259 9.99 0.259  0.488 0.000  0.519 0.000  0.727 0.000 999.99 0.259000   5.724 0.000   1.756 0.000   3.968 0.000 0.016 0.000  0.316 0.000
117.25 118.25   54.18 0.000  2.32 0.000 9.999 0.259 9.99 0.259  0.091 0.000  0.653 0.000  0.915 0.000 999.99 0.259000  14.500 0.000   9.995 0.000   4.505 0.000 0.045 0.000  0.380 0.000
120.25 121.25   31.98 0.000  0.82 0.000 0.049 0.000 0.09 0.000  0.243 0.000  0.339 0.000  0.475 0.000 999.99 0.259000   7.828 0.000   3.018 0.000   4.810 0.000 0.025 0.000  0.483 0.000
123.25 124.25   48.73 0.000  1.64 0.000 9.999 0.259 0.21 0.000  0.129 0.000  0.755 0.000  1.056 0.000 999.99 0.259000  11.881 0.000   6.553 0.000   5.328 0.000 0.048 0.000  0.459 0.000
126.25 127.25  122.44 0.000  1.43 0.000 0.064 0.000 9.99 0.259  0.065 0.000  1.206 0.000  1.689 0.000 999.99 0.259000  31.085 0.000  23.352 0.000   7.733 0.000 0.086 0.000  0.453 0.000
129.25 130.25   40.08 0.000  0.81 0.000 9.999 0.259 0.22 0.000  0.060 0.000  0.943 0.000  1.320 0.000 999.99 0.259000  16.369 0.000   9.877 0.000   6.492 0.000 0.045 0.000  0.744 0.000
132.25 133.25   65.88 0.000  1.03 0.000 9.999 0.259 0.17 0.000  0.171 0.000  0.862 0.000  1.206 0.000 999.99 0.259000  21.416 0.000  16.192 0.000   5.223 0.000 0.054 0.000  0.509 0.000
135.25 136.25   28.94 0.000  1.50 0.000 9.999 0.259 0.15 0.000  0.227 0.000  0.759 0.000  1.062 0.000 999.99 0.259000  10.124 0.000   6.396 0.000   3.728 0.000 0.023 0.000  0.443 0.000
138.25 139.25   16.21 0.000  1.93 0.000 0.041 0.000 9.99 0.259  0.617 0.559  0.773 0.000  1.083 0.000 999.99 0.259000   6.765 0.000   3.013 0.000   3.753 0.000 0.015 0.000  0.488 0.559
141.25 142.25   45.43 0.000  0.94 0.000 9.999 0.259 0.33 0.000  0.127 0.000  1.236 0.000  1.731 0.000 999.99 0.259000 999.999 0.999 999.999 0.999   8.552 0.000 0.067 0.000  1.077 0.000
144.25 145.25   63.07 0.000  1.81 0.000 0.052 0.000 0.18 0.000  0.094 0.000  1.024 0.000  1.433 0.000 999.99 0.259000  19.913 0.000  13.813 0.000   6.100 0.000 0.056 0.000  0.607 0.000
147.25 148.25   53.63 0.000  1.36 0.000 9.999 0.259 0.13 0.000  0.167 0.000  0.870 0.000  1.217 0.000 999.99 0.259000  16.452 0.000  10.821 0.000   5.631 0.000 0.044 0.000  0.553 0.000
150.25 151.25   70.23 0.000  0.75 0.000 9.999 0.259 0.18 0.000  0.015 0.000  0.346 0.000  0.484 0.000 999.99 0.259000  17.174 0.000  13.702 0.000   3.472 0.000 0.051 0.000  0.102 0.000
153.25 154.25   57.53 0.000  1.29 0.000 9.999 0.259 0.10 0.000  0.025 0.000  0.567 0.000  0.794 0.000 999.99 0.259000  18.156 0.000  14.452 0.000   3.704 0.000 0.039 0.000  0.242 0.000
156.25 157.25   59.04 0.000  1.53 0.000 9.999 0.259 0.26 0.000  0.141 0.000  1.964 0.000  2.750 0.000 999.99 0.259000  16.930 0.000   9.892 0.000   7.037 0.000 0.060 0.000  0.497 0.000
159.25 160.25   63.42 0.000  0.47 0.000 9.999 0.259 0.18 0.000  0.054 0.000  0.823 0.000  1.152 0.000 999.99 0.259000  20.764 0.000  14.288 0.000   6.475 0.000 0.050 0.000  0.494 0.000
162.25 163.25  105.62 0.000  0.66 0.000 9.999 0.259 0.19 0.000  0.051 0.000  0.797 0.000  1.116 0.000  44.64 0.000000  32.966 0.000  26.520 0.000   6.446 0.000 0.073 0.000  0.276 0.000
165.25 166.25   96.93 0.000  0.79 0.000 9.999 0.259 0.15 0.000  0.078 0.000  1.734 0.000  2.428 0.000 999.99 0.259000  23.611 0.000  12.712 0.000  10.899 0.000 0.091 0.000  0.556 0.000
168.25 169.25   30.43 0.000  1.30 0.000 9.999 0.259 0.15 0.000  0.144 0.000  0.790 0.000  1.106 0.000 999.99 0.259000   8.556 0.000   4.464 0.000   4.092 0.000 0.026 0.000  0.450 0.000
171.25 172.25   24.62 0.000  0.75 0.000 0.086 0.000 0.15 0.000  0.069 0.000  0.695 0.000  0.972 0.000 999.99 0.259000   6.082 0.000   2.919 0.000   3.162 0.000 0.018 0.000  0.345 0.000
174.25 175.25   23.75 0.000  1.08 0.000 9.999 0.259 0.13 0.000  0.040 0.000  0.672 0.000  0.940 0.000 999.99 0.259000  11.560 0.000   7.525 0.000   4.035 0.000 0.024 0.000  0.397 0.000
177.25 178.25   34.49 0.000  1.24 0.000 9.999 0.259 9.99 0.259  0.090 0.000  1.106 0.000  1.548 0.000 999.99 0.259000  11.670 0.000   7.082 0.000   4.588 0.000 0.079 0.000  0.286 0.000
180.25 181.25   30.38 0.000  1.66 0.000 0.128 0.000 0.13 0.000  0.179 0.000  1.396 0.000  1.954 0.000 999.99 0.259000  15.334 0.000   5.453 0.000   9.881 0.000 0.080 0.000  1.322 0.000
183.25 184.25   14.28 0.000  0.63 0.000 9.999 0.259 9.99 0.259  0.060 0.000  0.581 0.000  0.814 0.000 999.99 0.259000   7.476 0.000   4.530 0.000   2.945 0.000 0.017 0.000  0.356 0.000
186.25 187.25   21.17 0.000  0.15 0.000 9.999 0.259 9.99 0.259  0.024 0.000  0.746 0.000  1.045 0.000 999.99 0.259000   5.917 0.000   3.133 0.000   2.784 0.000 0.037 0.000  0.163 0.000
189.25 190.25   55.11 0.000  0.31 0.000 0.065 0.000 0.17 0.000  0.058 0.000  1.152 0.000  1.613 0.000 999.99 0.259000  15.026 0.000   9.083 0.000   5.943 0.000 0.052 0.000  0.520 0.000
192.25 193.25  133.73 0.000  0.63 0.000 9.999 0.259 0.21 0.000  0.094 0.000  1.106 0.000  1.548 0.000 999.99 0.259000  25.082 0.000  16.260 0.000   8.821 0.000 0.077 0.000  0.782 0.000
195.25 196.25  248.37 0.000  1.18 0.000 9.999 0.259 0.17 0.000  0.120 0.000  1.269 0.000  1.777 0.000 999.99 0.259000  27.406 0.000  18.618 0.000   8.788 0.000 0.134 0.000  0.618 0.000
198.25 199.25   49.21 0.000  0.55 0.000 9.999 0.259 9.99 0.259  0.042 0.000  1.307 0.000  1.829 0.000 999.99 0.259000  19.818 0.000  13.857 0.000   5.961 0.000 0.045 0.000  0.460 0.000
201.25 202.25   98.46 0.000  0.65 0.000 9.999 0.259 0.11 0.000  0.035 0.000  1.892 0.000  2.649 0.000 999.99 0.259000  27.615 0.000  18.687 0.000   8.929 0.000 0.077 0.000  0.787 0.000
204.25 205.25   23.38 0.000  1.37 0.000 9.999 0.259 0.08 0.000  0.142 0.000  1.783 0.000  2.495 0.000 999.99 0.259000  10.313 0.000   4.505 0.000   5.808 0.000 0.036 0.000  0.317 0.000
207.25 208.25   16.35 0.000  1.87 0.000 9.999 0.259 9.99 0.259  0.120 0.000  1.402 0.000  1.962 0.000 999.99 0.259000   9.821 0.000   3.519 0.000   6.302 0.000 0.026 0.000  0.677 0.000
210.25 211.25   29.99 0.000  1.06 0.000 9.999 0.259 9.99 0.259  0.173 0.000  1.085 0.000  1.519 0.000 999.99 0.259000   8.456 0.000   3.240 0.000   5.216 0.000 0.029 0.000  0.572 0.000
213.25 214.25   41.03 0.000  0.80 0.000 9.999 0.259 9.99 0.259  0.029 0.000  2.302 0.000  3.223 0.000 999.99 0.259000  17.752 0.000  10.300 0.000   7.451 0.000 0.054 0.000  0.588 0.000
216.25 217.25   37.20 0.000  0.48 0.000 9.999 0.259 9.99 0.259  0.115 0.000  1.838 0.000  2.573 0.000 999.99 0.259000  14.376 0.000   7.881 0.000   6.495 0.000 0.047 0.000  0.590 0.000
219.25 220.25   37.84 0.000  1.75 0.000 9.999 0.259 9.99 0.259  0.110 0.000  2.664 0.000  3.729 0.000 999.99 0.259000  20.057 0.000   7.311 0.000  12.746 0.000 0.045 0.000  1.393 0.000
222.25 223.25   18.32 0.000  0.59 0.000 9.999 0.259 9.99 0.259  0.049 0.000  0.948 0.000  1.327 0.000 999.99 0.259000   7.435 0.000   4.305 0.000   3.130 0.000 0.023 0.000  0.183 0.000
225.25 226.25   21.94 0.000  0.97 0.000 9.999 0.259 9.99 0.259  0.103 0.000  1.131 0.000  1.583 0.000 999.99 0.259000  10.313 0.000   4.769 0.000   5.543 0.000 0.025 0.000  0.446 0.000
228.25 229.25   30.07 0.000  0.64 0.000 9.999 0.259 9.99 0.259  0.097 0.000  1.369 0.000  1.917 0.000 999.99 0.259000  10.417 0.000   2.485 0.000   7.932 0.000 0.044 0.000  0.704 0.000
231.25 232.25   28.73 0.000  0.32 0.000 9.999 0.259 9.99 0.259  0.074 0.000  2.239 0.000  3.135 0.000 999.99 0.259000  13.639 0.000   7.648 0.000   5.992 0.000 0.040 0.000  0.170 0.000
234.25 235.25   21.99 0.000  0.38 0.000 9.999 0.259 0.09 0.000  0.057 0.000  1.529 0.000  2.141 0.000 999.99 0.259000  10.499 0.000   4.769 0.000   5.730 0.000 0.026 0.000  0.450 0.000
237.25 238.25   40.33 0.000  0.47 0.000 0.028 0.000 0.20 0.000  0.071 0.000  0.994 0.000  1.391 0.000 999.99 0.259000  15.749 0.000   9.977 0.000   5.772 0.000 0.038 0.000  0.605 0.000
240.25 241.25   10.35 0.000 99.99 0.259 9.999 0.259 9.99 0.259  0.013 0.000  0.559 0.000  0.783 0.000 999.99 0.259000   5.531 0.000   3.603 0.000   1.927 0.000 0.011 0.000  0.155 0.000
243.25 244.25   28.45 0.000  0.42 0.000 9.999 0.259 9.99 0.259  0.044 0.559  1.180 0.000  1.653 0.000 999.99 0.259000  13.685 0.000   8.800 0.000   4.886 0.000 0.023 0.000  0.353 0.559
246.25 247.25   38.97 0.000  0.73 0.000 9.999 0.259 9.99 0.259  0.038 0.000  2.023 0.000  2.832 0.000 999.99 0.259000  22.611 0.000  11.853 0.000  10.758 0.000 0.060 0.000  1.258 0.000
249.25 250.25   28.10 0.000  0.55 0.000 9.999 0.259 0.14 0.000  0.025 0.000  0.867 0.000  1.214 0.000 999.99 0.259000   8.556 0.000   5.422 0.000   3.134 0.000 0.021 0.000  0.153 0.000
252.25 253.25   49.47 0.000  0.81 0.000 9.999 0.259 9.99 0.259  0.037 0.000  1.117 0.000  1.564 0.000 999.99 0.259000  19.929 0.000  14.938 0.000   4.991 0.000 0.035 0.000  0.308 0.000
255.25 256.25   62.81 0.000  0.70 0.000 9.999 0.259 9.99 0.259  0.080 0.000  2.052 0.000  2.872 0.000 999.99 0.259000  26.000 0.000  14.747 0.000  11.254 0.000 0.068 0.000  1.169 0.000
