scripts/IMPROVE-2019_partial/data/US0010U.20140102060000.20191216000000.filterpack...52w.3d.US03L_filterpack_US0010.US03L_IMPROVE_Davis.lev2.nas
52 1001
MISSING INFORMATION
US03L, IMPROVE, , , , , , , 
MISSING INFORMATION
IMPROVE sel_HTAP
1 1
2014 01 01 2019 12 16
3.00
days from file reference point
5
1 1 1 1 1
999.99 9999.999 9.999 999.999 9.999
end_time of measurement, days from the file reference point
pm10_mass, ug/m3, Matrix=pm10
numflag pm10_mass, no unit, Matrix=pm10
pm25_mass, ug/m3, Matrix=pm25
numflag pm25_mass, no unit, Matrix=pm25
0
33
Data definition:              EBAS_1.1
Set type code:                TU
Timezone:                     UTC
File name:                    US0010U.20140102060000.20191216000000.filterpack...52w.3d.US03L_filterpack_US0010.US03L_IMPROVE_Davis.lev2.nas
File creation:                20191218115604
Startdate:                    20140102060000
Revision date:                20191216000000
Version:                      2
Version description:          "Data extracted from http://views.cira.colostate.edu/fed/DataWizard 2019-12-16"
Statistics:                   arithmetic mean
Data level:                   2
Period code:                  52w
Resolution code:              3d
Sample duration:              1d
Orig. time res.:              3d
Station code:                 US0010U
Platform code:                US0010S
Station name:                 Birmingham
Station latitude:             33.5531
Station longitude:            -86.8148
Station altitude:             175.0 m
Regime:                       IMG
Component:                    
Unit:                         ug/m3
Matrix:                       
Laboratory code:              US03L
Instrument type:              filterpack
Instrument name:              filterpack_US0010
Method ref:                   US03L_IMPROVE_Davis
Blank correction:             Blank corrected
Volume std. temperature:      ambient
Volume std. pressure:         ambient
starttime endtime PM10 flag_PM10 PM2.5 flag_PM2.5
  1.25   2.25    8.233 0.000   5.601 0.000
  4.25   5.25   11.297 0.000   6.659 0.000
  7.25   8.25   28.024 0.000  13.733 0.000
 10.25  11.25    5.174 0.000   2.395 0.000
 13.25  14.25    9.521 0.000   3.922 0.000
 16.25  17.25   16.658 0.000   4.614 0.000
 19.25  20.25   36.266 0.000  13.597 0.000
 22.25  23.25   17.520 0.000   8.476 0.000
 25.25  26.25   25.247 0.000  12.301 0.000
 28.25  29.25   12.959 0.000   7.776 0.000
 31.25  32.25   12.674 0.000   5.888 0.000
 34.25  35.25   14.028 0.000   9.539 0.000
 37.25  38.25   18.900 0.000  14.744 0.000
 40.25  41.25   17.620 0.000  12.608 0.000
 43.25  44.25   15.047 0.000   8.941 0.000
 46.25  47.25   29.560 0.000  12.472 0.000
 49.25  50.25   21.124 0.000  10.539 0.000
 52.25  53.25   24.616 0.000  10.355 0.000
 55.25  56.25 9999.999 0.456   9.628 0.000
 58.25  59.25   20.918 0.000  12.297 0.000
 61.25  62.25    7.522 0.000   5.498 0.000
 64.25  65.25   13.324 0.000   8.433 0.000
 67.25  68.25   19.122 0.000  12.757 0.000
 70.25  71.25   10.048 0.000   5.432 0.000
 73.25  74.25   22.366 0.000  13.315 0.000
 76.25  77.25   10.606 0.000   6.209 0.000
 79.25  80.25   44.814 0.000  17.998 0.000
 82.25  83.25   12.437 0.000 999.999 0.456
 85.25  86.25   26.572 0.000  15.529 0.000
 88.25  89.25   12.501 0.000   7.351 0.000
 91.25  92.25   21.668 0.000  11.953 0.000
 94.25  95.25    7.560 0.000   4.147 0.000
 97.25  98.25   10.660 0.000   7.292 0.000
100.25 101.25   26.408 0.000   9.183 0.000
103.25 104.25   11.255 0.000   6.379 0.000
106.25 107.25   16.781 0.000   7.476 0.000
109.25 110.25   20.833 0.000  10.614 0.000
112.25 113.25   22.548 0.000   8.988 0.000
115.25 116.25   25.491 0.000  10.885 0.000
118.25 119.25   10.999 0.000   4.775 0.000
121.25 122.25   19.967 0.000   7.067 0.000
124.25 125.25   26.804 0.000  10.528 0.000
127.25 128.25   25.011 0.000  10.008 0.000
130.25 131.25   17.083 0.000   9.413 0.000
133.25 134.25   18.575 0.000   8.653 0.000
136.25 137.25   28.306 0.000  13.432 0.000
139.25 140.25   22.171 0.000  11.357 0.000
142.25 143.25   27.272 0.000  11.482 0.000
145.25 146.25   29.829 0.000  19.256 0.000
148.25 149.25   14.206 0.000   5.599 0.000
151.25 152.25   12.409 0.000   7.103 0.000
154.25 155.25   16.951 0.000   9.624 0.000
157.25 158.25   14.749 0.000   8.803 0.000
160.25 161.25    9.340 0.000   4.575 0.000
163.25 164.25   15.539 0.000   9.158 0.000
166.25 167.25   41.919 0.000  21.780 0.000
169.25 170.25   37.944 0.000  20.993 0.000
172.25 173.25   19.888 0.000  11.809 0.000
175.25 176.25   20.132 0.000  10.539 0.000
178.25 179.25   13.799 0.000   6.737 0.000
181.25 182.25  114.072 0.000  33.362 0.000
184.25 185.25   14.608 0.000   8.337 0.000
187.25 188.25   28.822 0.000  14.864 0.000
190.25 191.25   20.305 0.000  10.936 0.000
193.25 194.25   23.064 0.000  14.578 0.000
196.25 197.25   15.568 0.000   7.054 0.000
199.25 200.25   10.970 0.000   6.220 0.000
202.25 203.25   14.668 0.000   6.809 0.000
205.25 206.25   28.279 0.000  11.253 0.000
208.25 209.25   23.088 0.000   9.520 0.000
211.25 212.25   28.023 0.000  15.005 0.000
214.25 215.25   17.942 0.000  11.011 0.000
217.25 218.25   48.149 0.000  20.727 0.000
220.25 221.25   13.781 0.000   7.924 0.000
223.25 224.25   15.963 0.000   9.800 0.000
226.25 227.25   34.568 0.000  17.020 0.000
229.25 230.25   23.665 0.000   9.805 0.000
232.25 233.25   36.529 0.000  16.011 0.000
235.25 236.25   17.611 0.000   9.613 0.000
238.25 239.25   31.388 0.000  15.139 0.000
241.25 242.25   15.655 0.000   7.966 0.000
244.25 245.25   23.800 0.000   9.180 0.000
247.25 248.25   21.927 0.000  10.900 0.000
250.25 251.25   20.375 0.000  10.824 0.000
253.25 254.25   12.519 0.000   5.468 0.000
256.25 257.25   17.036 0.000  11.441 0.000
259.25 260.25   27.281 0.659  12.002 0.659
262.25 263.25   28.378 0.659  12.853 0.659
265.25 266.25   14.616 0.659   4.389 0.659
268.25 269.25   22.988 0.659   8.290 0.659
271.25 272.25   12.084 0.659   6.828 0.659
274.25 275.25 9999.999 0.456 999.999 0.456
277.25 278.25   15.818 0.000   6.423 0.000
280.25 281.25   16.380 0.000   7.542 0.000
283.25 284.25   21.764 0.000  11.024 0.000
286.25 287.25    8.545 0.000   3.413 0.000
289.25 290.25   28.720 0.000  11.957 0.000
292.25 293.25   29.540 0.000  11.898 0.000
295.25 296.25   14.791 0.000   6.100 0.000
298.25 299.25   45.384 0.000  24.552 0.000
301.25 302.25   13.949 0.000   6.072 0.000
304.25 305.25    9.052 0.000   3.569 0.000
307.25 308.25   23.040 0.000  11.212 0.000
310.25 311.25   12.706 0.000   5.287 0.000
313.25 314.25   28.779 0.000  12.980 0.000
316.25 317.25   19.167 0.000  10.660 0.000
319.25 320.25   14.545 0.000  10.201 0.000
322.25 323.25   21.407 0.000  11.908 0.000
325.25 326.25   17.140 0.000   8.527 0.000
328.25 329.25    8.726 0.000   3.938 0.000
331.25 332.25    9.797 0.000   6.021 0.000
334.25 335.25   22.590 0.000   7.719 0.000
337.25 338.25   30.399 0.000  12.713 0.000
340.25 341.25    7.915 0.000   5.494 0.000
343.25 344.25   11.085 0.000   6.679 0.000
346.25 347.25   16.400 0.000  10.700 0.000
349.25 350.25    9.735 0.000   4.487 0.000
352.25 353.25   24.834 0.000  15.502 0.000
355.25 356.25    9.957 0.000   5.577 0.000
358.25 359.25 9999.999 0.999 999.999 0.999
361.25 362.25 9999.999 0.999 999.999 0.999
364.25 365.25   13.117 0.000   9.122 0.000
