scripts/IMPROVE-2019_partial/data/US0034R.20120101060000.20191216000000.filterpack...52w.3d.US03L_filterpack_US0034.US03L_IMPROVE_Davis.lev2.nas
51 1001
MISSING INFORMATION
US03L, IMPROVE, , , , , , , 
MISSING INFORMATION
IMPROVE sel_HTAP
1 1
2012 01 01 2019 12 16
3.00
days from file reference point
4
1 1 1 1
999.99 999.999 999.999 9.999
end_time of measurement, days from the file reference point
pm10_mass, ug/m3, Matrix=pm10
pm25_mass, ug/m3, Matrix=pm25
numflag, no unit
0
33
Data definition:              EBAS_1.1
Set type code:                TU
Timezone:                     UTC
File name:                    US0034R.20120101060000.20191216000000.filterpack...52w.3d.US03L_filterpack_US0034.US03L_IMPROVE_Davis.lev2.nas
File creation:                20191218115740
Startdate:                    20120101060000
Revision date:                20191216000000
Version:                      2
Version description:          "Data extracted from http://views.cira.colostate.edu/fed/DataWizard 2019-12-16"
Statistics:                   arithmetic mean
Data level:                   2
Period code:                  52w
Resolution code:              3d
Sample duration:              1d
Orig. time res.:              3d
Station code:                 US0034R
Platform code:                US0034S
Station name:                 Lake Sugema 2
Station latitude:             40.6932
Station longitude:            -92.0059
Station altitude:             229.0 m
Regime:                       IMG
Component:                    
Unit:                         ug/m3
Matrix:                       
Laboratory code:              US03L
Instrument type:              filterpack
Instrument name:              filterpack_US0034
Method ref:                   US03L_IMPROVE_Davis
Blank correction:             Blank corrected
Volume std. temperature:      ambient
Volume std. pressure:         ambient
starttime endtime PM10 PM2.5 flag
  0.25   1.25   5.893   3.150 0.000
  3.25   4.25  13.899   4.017 0.000
  6.25   7.25   9.664   3.212 0.000
  9.25  10.25  20.023   6.215 0.000
 12.25  13.25   9.072   3.574 0.000
 15.25  16.25  14.570   8.817 0.000
 18.25  19.25  14.572   4.414 0.000
 21.25  22.25  13.423  12.073 0.000
 24.25  25.25  15.133  12.733 0.000
 27.25  28.25   4.124   1.824 0.000
 30.25  31.25  13.393   7.632 0.000
 33.25  34.25  21.779  19.023 0.000
 36.25  37.25  11.117   9.783 0.000
 39.25  40.25  13.884  10.938 0.000
 42.25  43.25   7.565   2.775 0.000
 45.25  46.25  12.214  10.773 0.000
 48.25  49.25   7.316   5.958 0.000
 51.25  52.25   4.821   2.796 0.000
 54.25  55.25   7.609   6.764 0.000
 57.25  58.25   8.307   4.260 0.000
 60.25  61.25   9.617   7.570 0.000
 63.25  64.25   8.150   6.639 0.000
 66.25  67.25  17.102   7.288 0.000
 69.25  70.25  11.306   5.609 0.000
 72.25  73.25  15.759   5.947 0.000
 75.25  76.25  16.748   7.905 0.000
 78.25  79.25  14.171   8.143 0.000
 81.25  82.25   7.539   4.541 0.000
 84.25  85.25   8.890   5.892 0.000
 87.25  88.25  21.153   7.792 0.000
 90.25  91.25  22.960  16.109 0.000
 93.25  94.25  36.807  13.029 0.000
 96.25  97.25  14.769   3.439 0.000
 99.25 100.25  16.777   3.716 0.000
102.25 103.25  21.837   4.853 0.000
105.25 106.25  17.482   8.195 0.000
108.25 109.25  12.866   4.687 0.000
111.25 112.25   8.992   3.300 0.000
114.25 115.25  20.177   5.621 0.000
117.25 118.25  15.248   4.028 0.000
120.25 121.25   8.545   4.876 0.000
123.25 124.25  10.348   7.491 0.000
126.25 127.25  22.647  17.174 0.000
129.25 130.25   7.473   2.433 0.000
132.25 133.25  18.403   4.806 0.000
135.25 136.25  16.956   5.805 0.000
138.25 139.25  16.218  10.085 0.000
141.25 142.25  16.811   4.612 0.000
144.25 145.25  15.822  10.220 0.000
147.25 148.25  15.245  10.334 0.000
150.25 151.25   7.159   2.450 0.000
153.25 154.25   5.372   3.275 0.000
156.25 157.25  13.594   5.919 0.000
159.25 160.25  12.153   9.028 0.000
162.25 163.25   6.990   3.698 0.000
165.25 166.25  10.934   7.265 0.000
168.25 169.25   7.322   4.584 0.000
171.25 172.25   6.885   4.986 0.000
174.25 175.25   9.300   6.158 0.000
177.25 178.25   8.197   4.570 0.000
180.25 181.25  20.196  15.850 0.000
183.25 184.25  13.362   9.690 0.000
186.25 187.25  18.587  12.065 0.000
189.25 190.25  14.366   7.475 0.000
192.25 193.25  10.087   6.501 0.000
195.25 196.25  13.142   8.890 0.000
198.25 199.25  16.790   9.940 0.000
201.25 202.25  12.130  10.054 0.000
204.25 205.25 999.999 999.999 0.999
207.25 208.25  10.519   6.782 0.000
210.25 211.25 999.999 999.999 0.999
213.25 214.25  23.137   7.244 0.000
216.25 217.25  16.056   9.130 0.000
219.25 220.25  19.564   5.175 0.000
222.25 223.25  13.312   4.746 0.000
225.25 226.25 999.999 999.999 0.999
228.25 229.25 999.999 999.999 0.999
231.25 232.25 999.999 999.999 0.999
234.25 235.25  24.037   6.552 0.000
237.25 238.25 999.999 999.999 0.999
240.25 241.25  24.326   9.409 0.000
243.25 244.25  18.680   8.756 0.000
246.25 247.25  15.491   8.227 0.000
249.25 250.25  20.019   5.516 0.000
252.25 253.25 999.999 999.999 0.999
255.25 256.25 999.999 999.999 0.999
258.25 259.25 999.999 999.999 0.999
261.25 262.25 999.999 999.999 0.999
264.25 265.25  25.531   4.430 0.000
267.25 268.25  19.881   3.627 0.000
270.25 271.25  29.374   4.995 0.000
273.25 274.25  47.311  10.153 0.000
276.25 277.25  35.319   8.796 0.000
279.25 280.25  17.620   2.712 0.000
282.25 283.25   8.696   3.604 0.000
285.25 286.25   9.730   2.223 0.000
288.25 289.25   7.490   3.607 0.000
291.25 292.25  21.770   3.049 0.000
294.25 295.25  11.713   7.491 0.000
297.25 298.25  12.507   8.372 0.000
300.25 301.25   6.636   3.689 0.000
303.25 304.25  14.200   5.448 0.000
306.25 307.25  15.089   4.060 0.000
309.25 310.25  16.868  16.139 0.000
312.25 313.25   7.168   5.733 0.000
315.25 316.25   4.191   2.899 0.000
318.25 319.25  12.154   5.903 0.000
321.25 322.25  20.978  13.617 0.000
324.25 325.25  16.377  13.232 0.000
327.25 328.25  11.371   2.324 0.000
330.25 331.25  18.313   5.987 0.000
333.25 334.25  25.352  11.116 0.000
336.25 337.25  15.019  13.059 0.000
339.25 340.25  10.128   3.532 0.000
342.25 343.25  11.267   9.720 0.000
345.25 346.25   9.924   4.116 0.000
348.25 349.25  14.957   6.172 0.000
351.25 352.25  19.309  16.819 0.000
354.25 355.25   6.657   5.005 0.000
357.25 358.25  22.935  19.260 0.000
360.25 361.25   9.589   6.114 0.000
363.25 364.25  18.428  15.448 0.000
