scripts/IMPROVE-2019_partial/data/US0027R.19890104070000.20191216000000.filterpack...1y.3d.US03L_filterpack_US0027.US03L_IMPROVE_Davis.lev2.nas
52 1001
MISSING INFORMATION
US03L, IMPROVE, , , , , , , 
MISSING INFORMATION
IMPROVE sel_HTAP
1 1
1989 01 01 2019 12 16
0
days from file reference point
5
1 1 1 1 1
999.999999 999.999 9.999 999.999 9.999
end_time of measurement, days from the file reference point
pm10_mass, ug/m3, Matrix=pm10
numflag pm10_mass, no unit, Matrix=pm10
pm25_mass, ug/m3, Matrix=pm25
numflag pm25_mass, no unit, Matrix=pm25
0
33
Data definition:              EBAS_1.1
Set type code:                TI
Timezone:                     UTC
File name:                    US0027R.19890104070000.20191216000000.filterpack...1y.3d.US03L_filterpack_US0027.US03L_IMPROVE_Davis.lev2.nas
File creation:                20191218115715
Startdate:                    19890104070000
Revision date:                20191216000000
Version:                      2
Version description:          "Data extracted from http://views.cira.colostate.edu/fed/DataWizard 2019-12-16"
Statistics:                   arithmetic mean
Data level:                   2
Period code:                  1y
Resolution code:              3d
Sample duration:              1d
Orig. time res.:              3d
Station code:                 US0027R
Platform code:                US0027S
Station name:                 Great Sand Dunes NM
Station latitude:             37.7249
Station longitude:            -105.5185
Station altitude:             2498.0 m
Regime:                       IMG
Component:                    
Unit:                         ug/m3
Matrix:                       
Laboratory code:              US03L
Instrument type:              filterpack
Instrument name:              filterpack_US0027
Method ref:                   US03L_IMPROVE_Davis
Blank correction:             Blank corrected
Volume std. temperature:      ambient
Volume std. pressure:         ambient
starttime endtime PM10 flag_PM10 PM2.5 flag_PM2.5
  3.291667   4.291667   7.082 0.000   1.729 0.000
  6.291667   7.291667   6.055 0.000   2.467 0.000
 10.291667  11.291667   8.127 0.000   1.582 0.000
 13.291667  14.291667  11.044 0.000   2.718 0.000
 17.291667  18.291667   4.781 0.000   2.657 0.000
 20.291667  21.291667   7.393 0.000   2.818 0.000
 24.291667  25.291667  20.714 0.000   1.385 0.000
 27.291667  28.291667   6.189 0.000   1.175 0.000
 31.291667  32.291667   5.437 0.000   2.550 0.000
 34.291667  35.291667   5.820 0.000   1.386 0.000
 38.291667  39.291667   7.059 0.000   3.593 0.000
 41.291667  42.291667   6.653 0.000 999.999 0.999
 45.291667  46.291667   5.600 0.000   3.436 0.000
 48.291667  49.291667   7.810 0.000   5.106 0.000
 52.291667  53.291667   4.023 0.000   2.077 0.000
 55.291667  56.291667   7.746 0.000   2.730 0.000
 59.291667  60.291667  12.460 0.000   2.268 0.000
 62.291667  63.291667   9.556 0.000 999.999 0.999
 66.291667  67.291667   9.963 0.000   1.473 0.000
 69.291667  70.291667   5.806 0.000   2.399 0.000
 73.291667  74.291667   4.087 0.000   1.355 0.000
 76.291667  77.291667   7.745 0.000   2.692 0.000
 80.291667  81.291667   3.716 0.000   2.025 0.000
 83.291667  84.291667  13.202 0.000   2.817 0.000
 87.291667  88.291667  15.458 0.000   5.674 0.000
 90.291667  91.291667  25.587 0.000   7.716 0.000
 94.291667  95.291667  10.075 0.000   5.111 0.000
 97.291667  98.291667  20.080 0.000 999.999 0.999
101.291667 102.291667  11.185 0.000   4.908 0.000
104.291667 105.291667 999.999 0.999   6.378 0.000
108.291667 109.291667  10.618 0.000   3.517 0.000
111.291667 112.291667  26.667 0.000   9.391 0.000
115.291667 116.291667  20.806 0.000   6.769 0.000
118.291667 119.291667  10.078 0.000   3.769 0.000
122.291667 123.291667  13.820 0.000   7.553 0.000
125.291667 126.291667  10.310 0.000   5.136 0.000
129.291667 130.291667  10.909 0.000   6.790 0.000
132.291667 133.291667   8.884 0.000   3.497 0.000
136.291667 137.291667   7.986 0.000   3.623 0.000
139.291667 140.291667  16.767 0.000   5.090 0.000
143.291667 144.291667  21.357 0.000   5.939 0.000
146.291667 147.291667  23.713 0.000   7.143 0.000
150.291667 151.291667  12.647 0.000   4.802 0.000
153.291667 154.291667  17.130 0.000   5.439 0.000
157.291667 158.291667  10.857 0.000   4.714 0.000
160.291667 161.291667   9.957 0.000   5.070 0.000
164.291667 165.291667   9.526 0.000   4.576 0.000
167.291667 168.291667  16.838 0.000   5.254 0.000
171.291667 172.291667 999.999 0.999  10.069 0.000
174.291667 175.291667  28.288 0.000   8.258 0.000
178.291667 179.291667  17.460 0.000   9.048 0.000
181.291667 182.291667  21.393 0.000   7.534 0.000
185.291667 186.291667  19.256 0.000   6.944 0.000
188.291667 189.291667  27.857 0.000   7.168 0.000
192.291667 193.291667   5.244 0.000   1.575 0.000
195.291667 196.291667   2.850 0.000 999.999 0.259
199.291667 200.291667  19.519 0.000   4.826 0.000
202.291667 203.291667  15.176 0.000   7.483 0.000
206.291667 207.291667   3.692 0.000   0.816 0.000
209.291667 210.291667 999.999 0.999 999.999 0.999
213.291667 214.291667 999.999 0.999 999.999 0.999
216.291667 217.291667 999.999 0.999 999.999 0.999
220.291667 221.291667  14.038 0.000   5.340 0.000
223.291667 224.291667  10.688 0.000   4.422 0.000
227.291667 228.291667   9.663 0.000   3.540 0.000
230.291667 231.291667  13.073 0.000   3.311 0.000
234.291667 235.291667   8.093 0.000   3.007 0.000
237.291667 238.291667  14.822 0.000   4.155 0.000
241.291667 242.291667   7.704 0.000   3.617 0.000
244.291667 245.291667  10.607 0.000   4.109 0.000
248.291667 249.291667   6.620 0.000   3.404 0.000
251.291667 252.291667  15.512 0.000   4.424 0.000
255.291667 256.291667 999.999 0.999   1.399 0.000
258.291667 259.291667   5.648 0.000   2.798 0.000
262.291667 263.291667   6.157 0.000   3.142 0.000
265.291667 266.291667  10.673 0.000   4.650 0.000
269.291667 270.291667  13.305 0.000   5.427 0.000
272.291667 273.291667  13.962 0.000   5.366 0.000
276.291667 277.291667   2.740 0.000   1.205 0.000
279.291667 280.291667   9.375 0.000   4.667 0.000
283.291667 284.291667   8.205 0.000   2.654 0.000
286.291667 287.291667  11.727 0.000   4.105 0.000
290.291667 291.291667   5.194 0.000   3.028 0.000
293.291667 294.291667  14.417 0.000   5.486 0.000
297.291667 298.291667  15.268 0.000   4.763 0.000
300.291667 301.291667  11.034 0.000   3.625 0.000
304.291667 305.291667  13.014 0.000   2.879 0.000
307.291667 308.291667  10.000 0.000   2.941 0.000
311.291667 312.291667  10.425 0.000 999.999 0.999
314.291667 315.291667   4.292 0.000   1.555 0.000
318.291667 319.291667   7.150 0.000   2.625 0.000
321.291667 322.291667   8.750 0.000   3.188 0.000
325.291667 326.291667   7.346 0.000 999.999 0.999
328.291667 329.291667  11.162 0.000   3.599 0.000
332.291667 333.291667   5.962 0.000   1.235 0.000
335.291667 336.291667  10.644 0.000   2.414 0.000
339.291667 340.291667   6.571 0.000   2.051 0.000
342.291667 343.291667   8.238 0.000   2.516 0.000
346.291667 347.291667   8.738 0.000   1.424 0.000
349.291667 350.291667 999.999 0.999   2.057 0.000
353.291667 354.291667   7.077 0.000 999.999 0.999
356.291667 357.291667   3.515 0.000 999.999 0.999
360.291667 361.291667   4.888 0.000   1.845 0.000
363.291667 364.291667   7.167 0.000   3.537 0.000
