scripts/IMPROVE-2019_partial/data/US0052R.20060102060000.20191216000000.filterpack..pm25.52w.1w.US03L_filterpack_US0052.US03L_IMPROVE_Davis.lev2.nas
64 1001
MISSING INFORMATION
US03L, IMPROVE, , , , , , , 
MISSING INFORMATION
IMPROVE sel_HTAP
1 1
2006 01 01 2019 12 16
3.00
days from file reference point
25
1 1 1 1 1 1 1 1 1 1 1 1 1 1 1 1 1 1 1 1 1 1 1 1 1
999.99 9999.99 9.999 99.99 9.999 9.999 9.999999 99.99 9.999999 99.999 9.999 99.999 9.999 999.999 9.999 999.999 9.999 999.999 9.999 999.999 9.999 9.999 9.999 99.999 9.999
end_time of measurement, days from the file reference point
iron, ng/m3, Revision date=20181210133000
numflag iron, no unit, Revision date=20181210133000
lead, ng/m3, Revision date=20181210133000
numflag lead, no unit, Revision date=20181210133000
magnesium, ug/m3, Revision date=20181210133000
numflag magnesium, no unit, Revision date=20181210133000
nickel, ng/m3, Revision date=20181210133000
numflag nickel, no unit, Revision date=20181210133000
nitrate, ug N/m3, Revision date=20181210133000
numflag nitrate, no unit, Revision date=20181210133000
organic_carbon, ug C/m3, Revision date=20181210133000
numflag organic_carbon, no unit, Revision date=20181210133000
organic_mass, ug/m3, Revision date=20181210133000
numflag organic_mass, no unit, Revision date=20181210133000
pm10_mass, ug/m3, Version=2, Version description=Data extracted from http://views.cira.colostate.edu/fed/DataWizard 2019-12-16, Sample duration=1d, Orig. time res.=3d, Matrix=pm10, Blank correction=Blank corrected, Volume std. temperature=ambient, Volume std. pressure=ambient
numflag pm10_mass, no unit, Version=2, Version description=Data extracted from http://views.cira.colostate.edu/fed/DataWizard 2019-12-16, Sample duration=1d, Orig. time res.=3d, Matrix=pm10, Blank correction=Blank corrected, Volume std. temperature=ambient, Volume std. pressure=ambient
pm10_pm25_mass, ug/m3, Revision date=20181210133000, Matrix=pm10_pm25
numflag pm10_pm25_mass, no unit, Revision date=20181210133000, Matrix=pm10_pm25
pm25_mass, ug/m3, Version=2, Version description=Data extracted from http://views.cira.colostate.edu/fed/DataWizard 2019-12-16, Sample duration=1d, Orig. time res.=3d, Blank correction=Blank corrected, Volume std. temperature=ambient, Volume std. pressure=ambient
numflag pm25_mass, no unit, Version=2, Version description=Data extracted from http://views.cira.colostate.edu/fed/DataWizard 2019-12-16, Sample duration=1d, Orig. time res.=3d, Blank correction=Blank corrected, Volume std. temperature=ambient, Volume std. pressure=ambient
potassium, ug/m3, Revision date=20181210133000
numflag potassium, no unit, Revision date=20181210133000
sulphate_total, ug S/m3, Revision date=20181210133000
numflag sulphate_total, no unit, Revision date=20181210133000
0
25
Data definition:              EBAS_1.1
Set type code:                TU
Timezone:                     UTC
File name:                    US0052R.20060102060000.20191216000000.filterpack..pm25.52w.1w.US03L_filterpack_US0052.US03L_IMPROVE_Davis.lev2.nas
File creation:                20191218115835
Startdate:                    20060102060000
Revision date:                20191216000000
Statistics:                   arithmetic mean
Data level:                   2
Period code:                  52w
Resolution code:              1w
Station code:                 US0052R
Platform code:                US0052S
Station name:                 Hercules-Glades
Station latitude:             36.6138
Station longitude:            -92.9221
Station altitude:             404.0 m
Regime:                       IMG
Component:                    
Matrix:                       pm25
Laboratory code:              US03L
Instrument type:              filterpack
Instrument name:              filterpack_US0052
Method ref:                   US03L_IMPROVE_Davis
starttime endtime Fe flag_Fe Pb flag_Pb Mg++ flag_Mg++ Ni flag_Ni NO3- flag_NO3- OC flag_OC OM flag_OM PM10 flag_PM10 PM10-PM2.5 flag_PM10-PM2.5 PM2.5 flag_PM2.5 K+ flag_K+ SO4-- flag_SO4--
[from data line 91]
274.25 275.25   33.50 0.559  1.58 0.559 9.999 0.559259  0.32 0.559000  0.035 0.559  1.795 0.559   3.231 0.559  12.607 0.000   3.669 0.559   8.938 0.659 0.047 0.559  0.995 0.559
277.25 278.25   20.88 0.559  1.06 0.559 0.014 0.559000  0.15 0.559000  0.089 0.559  0.922 0.559   1.659 0.559  12.041 0.000   6.894 0.559   5.147 0.659 0.022 0.559  0.652 0.559
280.25 281.25   33.80 0.000  2.02 0.000 9.999 0.259000  0.13 0.000000  0.036 0.000  1.579 0.000   2.843 0.000  13.057 0.000   4.895 0.000   8.162 0.000 0.053 0.000  0.936 0.000
283.25 284.25   13.09 0.000  0.87 0.000 9.999 0.259000 99.99 0.259000  0.117 0.000  0.757 0.000   1.363 0.000   7.587 0.000   2.917 0.000   4.670 0.000 0.027 0.000  0.506 0.000
286.25 287.25   21.49 0.000  1.29 0.000 0.006 0.000000 99.99 0.259000  0.024 0.000  0.696 0.000   1.252 0.000   7.268 0.000   4.704 0.000   2.564 0.000 0.031 0.000  0.138 0.000
289.25 290.25    6.42 0.000  1.01 0.000 9.999 0.259000 99.99 0.259000  0.247 0.000  1.201 0.000   2.162 0.000   6.699 0.000   2.311 0.000   4.388 0.000 0.018 0.000  0.435 0.000
292.25 293.25   13.70 0.000  1.66 0.000 9.999 0.259000 99.99 0.259000  0.236 0.000  0.855 0.000   1.539 0.000   7.473 0.000   2.976 0.000   4.497 0.000 0.036 0.000  0.573 0.000
295.25 296.25   11.83 0.000  1.42 0.000 9.999 0.259000 99.99 0.259000  0.138 0.000  0.808 0.000   1.454 0.000   6.428 0.000   2.515 0.000   3.912 0.000 0.031 0.000  0.433 0.000
298.25 299.25    3.81 0.000  0.71 0.000 0.008 0.000000 99.99 0.259000  0.055 0.000  1.132 0.000   2.038 0.000   5.457 0.000   0.812 0.000   4.645 0.000 0.024 0.000  0.374 0.000
301.25 302.25   21.79 0.000  2.45 0.000 9.999 0.259000 99.99 0.259000  0.027 0.000  1.080 0.000   1.944 0.000   8.450 0.000   4.358 0.000   4.093 0.000 0.042 0.000  0.252 0.000
304.25 305.25   21.12 0.000  0.72 0.000 9.999 0.259000 99.99 0.259000  0.198 0.000  0.598 0.000   1.076 0.000  10.081 0.000   7.431 0.000   2.650 0.000 0.026 0.000  0.157 0.000
307.25 308.25   20.94 0.000  1.58 0.000 9.999 0.259000 99.99 0.259000  0.062 0.000  1.697 0.000   3.054 0.000   8.946 0.000   3.652 0.000   5.294 0.000 0.048 0.000  0.297 0.000
310.25 311.25   21.65 0.000  2.24 0.000 9.999 0.259000  0.16 0.000000  0.401 0.000  2.296 0.000   4.133 0.000  13.863 0.000   3.515 0.000  10.348 0.000 0.062 0.000  1.111 0.000
313.25 314.25   21.14 0.000  1.69 0.000 9.999 0.259000  0.55 0.000000  0.191 0.000  1.885 0.000   3.392 0.000  15.556 0.000   4.157 0.000  11.398 0.000 0.048 0.000  1.544 0.000
316.25 317.25   26.62 0.000  1.62 0.000 9.999 0.259000  0.08 0.000000  0.368 0.000  1.712 0.000   3.082 0.000  12.505 0.000   4.122 0.000   8.383 0.000 0.047 0.000  0.896 0.000
319.25 320.25   18.72 0.000  2.29 0.000 9.999 0.259000 99.99 0.259000  1.059 0.000  1.148 0.000   2.066 0.000  16.791 0.000   3.856 0.000  12.935 0.000 0.040 0.000  1.449 0.000
322.25 323.25   19.27 0.000  2.64 0.000 9.999 0.259000 99.99 0.259000  0.689 0.000  1.835 0.000   3.302 0.000  12.632 0.000   3.941 0.000   8.691 0.000 0.055 0.000  0.579 0.000
325.25 326.25   37.91 0.000  2.78 0.000 9.999 0.259000  0.14 0.000000  0.155 0.000  3.321 0.000   5.978 0.000  15.124 0.000   5.414 0.000   9.710 0.000 0.093 0.000  0.496 0.000
328.25 329.25   15.04 0.000  1.29 0.000 9.999 0.259000  0.43 0.000000  0.100 0.000  2.018 0.000   3.633 0.000  11.801 0.000   2.922 0.000   8.879 0.000 0.046 0.000  1.002 0.000
331.25 332.25   10.33 0.000  1.42 0.000 9.999 0.259000  0.24 0.000000  0.072 0.000  1.579 0.000   2.841 0.000   8.739 0.000   2.048 0.000   6.691 0.000 0.049 0.000  0.650 0.000
334.25 335.25   14.12 0.000  1.15 0.000 9.999 0.259000 99.99 0.259000  0.349 0.000  0.733 0.000   1.319 0.000   4.953 0.000   1.951 0.000   3.002 0.000 0.027 0.000  0.185 0.000
337.25 338.25   20.09 0.000  1.67 0.000 9.999 0.259000  0.05 0.000000  0.336 0.000  0.894 0.000   1.609 0.000   7.820 0.000   3.308 0.000   4.512 0.000 0.042 0.000  0.356 0.000
340.25 341.25   11.77 0.000  0.72 0.000 9.999 0.259000 99.99 0.259000  0.147 0.000  0.518 0.000   0.933 0.000   5.135 0.000   3.165 0.000   1.971 0.000 0.020 0.000  0.188 0.000
343.25 344.25   19.46 0.000  1.84 0.000 0.008 0.000000 99.99 0.259000  0.139 0.000  3.186 0.000   5.736 0.000  10.357 0.000   2.846 0.000   7.511 0.000 0.089 0.000  0.251 0.000
346.25 347.25   28.70 0.000  1.57 0.000 9.999 0.259000 99.99 0.259000  0.256 0.000  1.066 0.000   1.919 0.000  10.562 0.000   6.014 0.000   4.548 0.000 0.044 0.000  0.325 0.000
349.25 350.25   19.29 0.000  1.57 0.000 9.999 0.259000  0.54 0.000000  0.120 0.000  1.423 0.000   2.562 0.000  12.277 0.000   2.401 0.000   9.876 0.000 0.041 0.000  1.568 0.000
352.25 353.25   17.57 0.000  5.12 0.000 9.999 0.259000 99.99 0.259000  0.047 0.000  0.905 0.000   1.630 0.000   5.306 0.000   2.490 0.000   2.817 0.000 0.034 0.000  0.134 0.000
355.25 356.25    9.41 0.000  1.49 0.000 0.007 0.000000 99.99 0.259000  0.454 0.000  0.739 0.000   1.331 0.000   4.819 0.000   1.573 0.000   3.246 0.000 0.020 0.000  0.246 0.000
358.25 359.25   19.56 0.000  2.07 0.000 9.999 0.259000 99.99 0.259000  0.593 0.000  1.036 0.000   1.865 0.000   8.765 0.000   3.074 0.000   5.692 0.000 0.035 0.000  0.486 0.000
361.25 362.25   13.69 0.000  1.68 0.000 9.999 0.259000  0.43 0.000000  0.097 0.000  1.752 0.000   3.154 0.000   8.235 0.000   1.712 0.000   6.523 0.000 0.063 0.000  0.548 0.000
364.25 365.25    4.59 0.000  0.88 0.000 0.008 0.000000  0.10 0.000000  0.152 0.000  0.607 0.000   1.092 0.000   4.494 0.000   1.364 0.000   3.130 0.000 0.018 0.000  0.388 0.000
