scripts/IMPROVE-2019_partial/data/US0094R.20130101070000.20191216000000.filterpack...52w.3d.US03L_filterpack_US0094.US03L_IMPROVE_Davis.lev2.nas
52 1001
MISSING INFORMATION
US03L, IMPROVE, , , , , , , 
MISSING INFORMATION
IMPROVE sel_HTAP
1 1
2013 01 01 2019 12 16
3.000000
days from file reference point
5
1 1 1 1 1
999.999999 999.999 9.999 999.999 9.999
end_time of measurement, days from the file reference point
pm10_mass, ug/m3, Matrix=pm10
numflag pm10_mass, no unit, Matrix=pm10
pm25_mass, ug/m3, Matrix=pm25
numflag pm25_mass, no unit, Matrix=pm25
0
33
Data definition:              EBAS_1.1
Set type code:                TU
Timezone:                     UTC
File name:                    US0094R.20130101070000.20191216000000.filterpack...52w.3d.US03L_filterpack_US0094.US03L_IMPROVE_Davis.lev2.nas
File creation:                20191218120145
Startdate:                    20130101070000
Revision date:                20191216000000
Version:                      2
Version description:          "Data extracted from http://views.cira.colostate.edu/fed/DataWizard 2019-12-16"
Statistics:                   arithmetic mean
Data level:                   2
Period code:                  52w
Resolution code:              3d
Sample duration:              1d
Orig. time res.:              3d
Station code:                 US0094R
Platform code:                US0094S
Station name:                 Meadview
Station latitude:             36.0193
Station longitude:            -114.0684
Station altitude:             902.0 m
Regime:                       IMG
Component:                    
Unit:                         ug/m3
Matrix:                       
Laboratory code:              US03L
Instrument type:              filterpack
Instrument name:              filterpack_US0094
Method ref:                   US03L_IMPROVE_Davis
Blank correction:             Blank corrected
Volume std. temperature:      ambient
Volume std. pressure:         ambient
starttime endtime PM10 flag_PM10 PM2.5 flag_PM2.5
  0.291667   1.291667 999.999 0.456   1.349 0.000
  3.291667   4.291667 999.999 0.999 999.999 0.999
  6.291667   7.291667 999.999 0.999 999.999 0.999
  9.291667  10.291667 999.999 0.456 999.999 0.456
 12.291667  13.291667 999.999 0.456 999.999 0.456
 15.291667  16.291667   3.221 0.000   0.917 0.000
 18.291667  19.291667   3.078 0.000   1.342 0.000
 21.291667  22.291667   2.363 0.000   1.110 0.000
 24.291667  25.291667   3.797 0.000   1.843 0.000
 27.291667  28.291667   1.474 0.000   0.671 0.000
 30.291667  31.291667   1.208 0.000   0.516 0.000
 33.291667  34.291667   1.912 0.000   0.910 0.000
 36.291667  37.291667   2.933 0.000   1.340 0.000
 39.291667  40.291667   2.400 0.000   0.798 0.000
 42.291667  43.291667   1.663 0.000   1.173 0.000
 45.291667  46.291667   4.135 0.000   1.124 0.000
 48.291667  49.291667   4.833 0.000   1.536 0.000
 51.291667  52.291667   1.800 0.000   0.885 0.000
 54.291667  55.291667   1.709 0.000   0.519 0.000
 57.291667  58.291667   1.375 0.000   0.542 0.000
 60.291667  61.291667   2.909 0.000   0.952 0.000
 63.291667  64.291667 999.999 0.456   2.296 0.000
 66.291667  67.291667 999.999 0.999 999.999 0.999
 69.291667  70.291667 999.999 0.999 999.999 0.999
 72.291667  73.291667   4.296 0.000   2.047 0.000
 75.291667  76.291667   9.205 0.000   4.192 0.000
 78.291667  79.291667  11.813 0.000   4.013 0.000
 81.291667  82.291667   8.440 0.000   3.123 0.000
 84.291667  85.291667  10.791 0.000   4.537 0.000
 87.291667  88.291667   6.746 0.000   2.785 0.000
 90.291667  91.291667   7.932 0.000   2.339 0.000
 93.291667  94.291667   6.634 0.000   2.771 0.000
 96.291667  97.291667  10.807 0.000   4.481 0.000
 99.291667 100.291667   7.977 0.000   2.910 0.000
102.291667 103.291667  13.482 0.000   4.005 0.000
105.291667 106.291667  22.351 0.000   4.339 0.000
108.291667 109.291667   6.282 0.000   2.733 0.000
111.291667 112.291667  13.796 0.000   5.491 0.000
114.291667 115.291667  12.369 0.000   4.375 0.000
117.291667 118.291667  10.961 0.000   5.375 0.000
120.291667 121.291667  20.372 0.000   5.646 0.000
123.291667 124.291667  17.530 0.000   5.781 0.000
126.291667 127.291667   9.866 0.000   2.899 0.000
129.291667 130.291667   3.889 0.000   1.724 0.000
132.291667 133.291667   8.069 0.000   3.382 0.000
135.291667 136.291667  19.638 0.000   8.876 0.000
138.291667 139.291667   8.654 0.000   3.595 0.000
141.291667 142.291667  27.684 0.000   8.033 0.000
144.291667 145.291667  18.550 0.000   6.553 0.000
147.291667 148.291667  15.575 0.000   4.745 0.000
150.291667 151.291667  16.423 0.000   5.393 0.000
153.291667 154.291667 999.999 0.999 999.999 0.999
156.291667 157.291667 999.999 0.999 999.999 0.999
159.291667 160.291667 999.999 0.999 999.999 0.999
162.291667 163.291667  18.717 0.000   7.681 0.000
165.291667 166.291667  16.747 0.000   6.878 0.000
168.291667 169.291667  16.993 0.000   5.874 0.000
171.291667 172.291667  20.871 0.000   7.143 0.000
174.291667 175.291667  20.608 0.000   5.542 0.000
177.291667 178.291667  15.767 0.000   5.000 0.000
180.291667 181.291667  26.162 0.000   7.544 0.000
183.291667 184.291667  43.503 0.000  13.144 0.000
186.291667 187.291667  17.953 0.000   6.989 0.000
189.291667 190.291667  13.744 0.000   4.573 0.000
192.291667 193.291667   8.011 0.000   3.823 0.000
195.291667 196.291667  10.319 0.000   3.852 0.000
198.291667 199.291667  12.190 0.000   5.629 0.000
201.291667 202.291667   7.251 0.000   4.426 0.000
204.291667 205.291667   9.437 0.000   4.694 0.000
207.291667 208.291667   6.009 0.000   3.428 0.000
210.291667 211.291667   9.457 0.000   4.370 0.000
213.291667 214.291667  15.743 0.000   5.993 0.000
216.291667 217.291667 999.999 0.999 999.999 0.999
219.291667 220.291667 999.999 0.999 999.999 0.999
222.291667 223.291667 999.999 0.999 999.999 0.999
225.291667 226.291667   8.597 0.000   3.438 0.000
228.291667 229.291667  11.954 0.000   6.148 0.000
231.291667 232.291667  10.072 0.000   5.181 0.000
234.291667 235.291667   5.501 0.000   3.167 0.000
237.291667 238.291667   3.724 0.000   3.035 0.000
240.291667 241.291667  11.483 0.000   4.153 0.000
243.291667 244.291667   4.853 0.000   2.138 0.000
246.291667 247.291667  18.405 0.000   3.532 0.000
249.291667 250.291667   6.717 0.000   2.827 0.000
252.291667 253.291667   3.049 0.000   1.545 0.000
255.291667 256.291667   8.621 0.000   3.845 0.000
258.291667 259.291667 999.999 0.456 999.999 0.456
261.291667 262.291667 999.999 0.456 999.999 0.456
264.291667 265.291667 999.999 0.456 999.999 0.456
267.291667 268.291667  26.401 0.000   5.954 0.000
270.291667 271.291667   3.050 0.000   0.964 0.000
273.291667 274.291667   7.999 0.000   2.685 0.000
276.291667 277.291667   5.102 0.000   1.353 0.000
279.291667 280.291667   6.340 0.000   2.294 0.000
282.291667 283.291667 999.999 0.999 999.999 0.999
285.291667 286.291667 999.999 0.999 999.999 0.999
288.291667 289.291667 999.999 0.999 999.999 0.999
291.291667 292.291667 999.999 0.456   2.235 0.000
294.291667 295.291667   5.157 0.000   1.941 0.000
297.291667 298.291667   7.143 0.000   3.025 0.000
300.291667 301.291667  23.111 0.000   4.146 0.000
303.291667 304.291667   2.556 0.000   1.125 0.000
306.291667 307.291667   7.591 0.000   2.693 0.000
309.291667 310.291667   3.042 0.000   1.273 0.000
312.291667 313.291667   7.931 0.000   2.557 0.000
315.291667 316.291667   4.487 0.000   1.858 0.000
318.291667 319.291667  11.813 0.000   3.241 0.000
321.291667 322.291667  13.512 0.000   4.977 0.000
324.291667 325.291667   5.911 0.000   2.695 0.000
327.291667 328.291667   1.827 0.000   1.512 0.000
330.291667 331.291667   2.485 0.000   1.783 0.000
333.291667 334.291667   4.492 0.000   2.739 0.000
336.291667 337.291667   5.304 0.000   1.771 0.000
339.291667 340.291667   2.512 0.000   1.280 0.000
342.291667 343.291667 999.999 0.999 999.999 0.999
345.291667 346.291667   2.699 0.000   1.118 0.000
348.291667 349.291667   4.306 0.000   1.644 0.000
351.291667 352.291667   2.562 0.000   1.009 0.000
354.291667 355.291667   0.498 0.000   0.921 0.000
357.291667 358.291667   1.633 0.000   1.728 0.000
360.291667 361.291667   4.247 0.000   1.236 0.000
363.291667 364.291667   3.189 0.000   1.298 0.000
