scripts/IMPROVE-2019_partial/data/US0078R.19980103070000.20191216000000.filterpack...1y.3d.US03L_filterpack_US0078.US03L_IMPROVE_Davis.lev2.nas
51 1001
MISSING INFORMATION
US03L, IMPROVE, , , , , , , 
MISSING INFORMATION
IMPROVE sel_HTAP
1 1
1998 01 01 2019 12 16
0
days from file reference point
4
1 1 1 1
999.999999 999.999 999.999 9.999
end_time of measurement, days from the file reference point
pm10_mass, ug/m3, Matrix=pm10
pm25_mass, ug/m3, Matrix=pm25
numflag, no unit
0
33
Data definition:              EBAS_1.1
Set type code:                TI
Timezone:                     UTC
File name:                    US0078R.19980103070000.20191216000000.filterpack...1y.3d.US03L_filterpack_US0078.US03L_IMPROVE_Davis.lev2.nas
File creation:                20191218120041
Startdate:                    19980103070000
Revision date:                20191216000000
Version:                      2
Version description:          "Data extracted from http://views.cira.colostate.edu/fed/DataWizard 2019-12-16"
Statistics:                   arithmetic mean
Data level:                   2
Period code:                  1y
Resolution code:              3d
Sample duration:              1d
Orig. time res.:              3d
Station code:                 US0078R
Platform code:                US0078S
Station name:                 Lone Peak Wilderness
Station latitude:             40.4449
Station longitude:            -111.7081
Station altitude:             1768.0 m
Regime:                       IMG
Component:                    
Unit:                         ug/m3
Matrix:                       
Laboratory code:              US03L
Instrument type:              filterpack
Instrument name:              filterpack_US0078
Method ref:                   US03L_IMPROVE_Davis
Blank correction:             Blank corrected
Volume std. temperature:      ambient
Volume std. pressure:         ambient
starttime endtime PM10 PM2.5 flag
  2.291667   3.291667 999.999 999.999 0.999
  6.291667   7.291667  11.274   4.641 0.000
  9.291667  10.291667   3.717   0.823 0.000
 13.291667  14.291667   2.965   1.598 0.000
 16.291667  17.291667   3.696   1.043 0.000
 20.291667  21.291667  11.640   3.587 0.000
 23.291667  24.291667  10.323   1.826 0.000
 27.291667  28.291667   8.232   2.543 0.000
 30.291667  31.291667  14.201   3.456 0.000
 34.291667  35.291667   4.210   2.504 0.000
 37.291667  38.291667   2.130   1.436 0.000
 41.291667  42.291667   1.381   1.269 0.000
 44.291667  45.291667   5.731   1.669 0.000
 48.291667  49.291667   4.895   2.103 0.000
 51.291667  52.291667  11.259   2.905 0.000
 55.291667  56.291667   2.168   1.441 0.000
 58.291667  59.291667   6.824   4.193 0.000
 62.291667  63.291667   6.062   1.605 0.000
 65.291667  66.291667  16.833   7.507 0.000
 69.291667  70.291667  12.379   3.667 0.000
 72.291667  73.291667 999.999 999.999 0.999
 76.291667  77.291667   9.181   4.193 0.000
 79.291667  80.291667   9.379   3.538 0.000
 83.291667  84.291667  21.772   5.307 0.000
 86.291667  87.291667   1.990   1.343 0.000
 90.291667  91.291667 999.999 999.999 0.999
 93.291667  94.291667 999.999 999.999 0.999
 97.291667  98.291667   3.181   2.490 0.000
100.291667 101.291667   9.272   5.661 0.000
104.291667 105.291667   6.683   1.879 0.000
107.291667 108.291667   8.048   4.398 0.000
111.291667 112.291667  13.431   8.884 0.000
114.291667 115.291667   7.743   2.870 0.000
118.291667 119.291667  11.053   6.717 0.000
121.291667 122.291667  14.517   8.542 0.000
125.291667 126.291667   3.529   2.990 0.000
128.291667 129.291667   4.368   4.186 0.000
132.291667 133.291667   5.180   2.778 0.000
135.291667 136.291667   6.730   4.956 0.000
139.291667 140.291667   5.369   4.237 0.000
142.291667 143.291667   4.474   3.865 0.000
146.291667 147.291667   7.047   3.783 0.000
149.291667 150.291667  11.873   4.102 0.000
153.291667 154.291667  13.964   5.749 0.000
156.291667 157.291667   8.567   3.456 0.000
160.291667 161.291667  16.963   2.649 0.000
163.291667 164.291667   6.683   2.584 0.000
167.291667 168.291667   1.411   0.813 0.000
170.291667 171.291667  10.746   5.682 0.000
174.291667 175.291667  10.287   4.205 0.000
177.291667 178.291667  19.462   5.569 0.000
181.291667 182.291667 999.999 999.999 0.999
184.291667 185.291667  15.328   9.334 0.000
188.291667 189.291667 999.999 999.999 0.999
191.291667 192.291667  16.534   5.808 0.000
195.291667 196.291667  12.326   6.671 0.000
198.291667 199.291667  19.409   8.097 0.000
202.291667 203.291667 999.999 999.999 0.999
205.291667 206.291667   7.050   4.911 0.000
209.291667 210.291667  11.634   6.107 0.000
212.291667 213.291667  11.526   4.786 0.000
216.291667 217.291667   9.899   4.290 0.000
219.291667 220.291667 999.999 999.999 0.999
223.291667 224.291667 999.999 999.999 0.999
226.291667 227.291667 999.999 999.999 0.999
230.291667 231.291667   6.737   2.778 0.000
233.291667 234.291667  18.961   4.227 0.000
237.291667 238.291667   9.213   8.478 0.000
240.291667 241.291667  14.061   8.628 0.000
244.291667 245.291667   9.357   3.964 0.000
247.291667 248.291667  11.330   5.131 0.000
251.291667 252.291667   7.579   4.405 0.000
254.291667 255.291667   5.166   2.418 0.000
258.291667 259.291667   5.645   3.377 0.000
261.291667 262.291667  12.255   3.504 0.000
265.291667 266.291667   7.056   3.791 0.000
268.291667 269.291667   6.503   4.124 0.000
272.291667 273.291667   4.100   2.784 0.000
275.291667 276.291667   4.908   2.772 0.000
279.291667 280.291667   4.491   3.056 0.000
282.291667 283.291667  10.039   4.681 0.000
286.291667 287.291667  10.138   4.701 0.000
289.291667 290.291667   8.133   4.240 0.000
293.291667 294.291667   5.422   2.570 0.000
296.291667 297.291667   8.589   5.673 0.000
300.291667 301.291667   5.297   2.356 0.000
303.291667 304.291667  10.603   6.881 0.000
307.291667 308.291667   4.550   3.234 0.000
310.291667 311.291667   1.996   1.408 0.000
314.291667 315.291667   3.296   1.288 0.000
317.291667 318.291667   2.354   0.754 0.000
321.291667 322.291667   3.248   2.596 0.000
324.291667 325.291667   8.053   2.190 0.000
328.291667 329.291667   5.459   2.409 0.000
331.291667 332.291667   3.858   1.752 0.000
335.291667 336.291667   2.964   1.643 0.000
338.291667 339.291667   3.176   2.139 0.000
342.291667 343.291667   6.863   3.665 0.000
345.291667 346.291667  10.780   7.041 0.000
349.291667 350.291667  19.541  13.954 0.000
352.291667 353.291667  13.889  10.211 0.000
356.291667 357.291667  20.833  12.226 0.000
359.291667 360.291667  14.288   2.636 0.000
363.291667 364.291667  11.158   7.674 0.000
