scripts/IMPROVE-2019_partial/data/US0082R.20000101050000.20191216000000.filterpack..pm25.52w.1w.US03L_filterpack_US0082.US03L_IMPROVE_Davis.lev2.nas
66 1001
MISSING INFORMATION
US03L, IMPROVE, , , , , , , 
MISSING INFORMATION
IMPROVE sel_HTAP
1 1
2000 01 01 2019 12 16
0
days from file reference point
27
1 1 1 1 1 1 1 1 1 1 1 1 1 1 1 1 1 1 1 1 1 1 1 1 1 1 1
999.999999 999.99 9.999 99.99 9.999 9.999 9.999999 99.99 9.999999 9.999 9.999999 99.999 9.999 99.999 9.999 999.99 9.999999 999.999 9.999 99.999 9.999 999.999 9.999 9.999 9.999 99.999 9.999999
end_time of measurement, days from the file reference point
iron, ng/m3, Revision date=20181210133000
numflag iron, no unit, Revision date=20181210133000
lead, ng/m3, Revision date=20181210133000
numflag lead, no unit, Revision date=20181210133000
magnesium, ug/m3, Revision date=20181210133000
numflag magnesium, no unit, Revision date=20181210133000
nickel, ng/m3, Revision date=20181210133000
numflag nickel, no unit, Revision date=20181210133000
nitrate, ug N/m3, Revision date=20181210133000
numflag nitrate, no unit, Revision date=20181210133000
organic_carbon, ug C/m3, Revision date=20181210133000
numflag organic_carbon, no unit, Revision date=20181210133000
organic_mass, ug/m3, Revision date=20181210133000
numflag organic_mass, no unit, Revision date=20181210133000
phosphorus, ng/m3, Revision date=20181210133000
numflag phosphorus, no unit, Revision date=20181210133000
pm10_mass, ug/m3, Version=2, Version description=Data extracted from http://views.cira.colostate.edu/fed/DataWizard 2019-12-16, Sample duration=1d, Orig. time res.=3d, Matrix=pm10, Blank correction=Blank corrected, Volume std. temperature=ambient, Volume std. pressure=ambient
numflag pm10_mass, no unit, Version=2, Version description=Data extracted from http://views.cira.colostate.edu/fed/DataWizard 2019-12-16, Sample duration=1d, Orig. time res.=3d, Matrix=pm10, Blank correction=Blank corrected, Volume std. temperature=ambient, Volume std. pressure=ambient
pm10_pm25_mass, ug/m3, Revision date=20181210133000, Matrix=pm10_pm25
numflag pm10_pm25_mass, no unit, Revision date=20181210133000, Matrix=pm10_pm25
pm25_mass, ug/m3, Version=2, Version description=Data extracted from http://views.cira.colostate.edu/fed/DataWizard 2019-12-16, Sample duration=1d, Orig. time res.=3d, Blank correction=Blank corrected, Volume std. temperature=ambient, Volume std. pressure=ambient
numflag pm25_mass, no unit, Version=2, Version description=Data extracted from http://views.cira.colostate.edu/fed/DataWizard 2019-12-16, Sample duration=1d, Orig. time res.=3d, Blank correction=Blank corrected, Volume std. temperature=ambient, Volume std. pressure=ambient
potassium, ug/m3, Revision date=20181210133000
numflag potassium, no unit, Revision date=20181210133000
sulphate_total, ug S/m3, Revision date=20181210133000
numflag sulphate_total, no unit, Revision date=20181210133000
0
25
Data definition:              EBAS_1.1
Set type code:                TI
Timezone:                     UTC
File name:                    US0082R.20000101050000.20191216000000.filterpack..pm25.52w.1w.US03L_filterpack_US0082.US03L_IMPROVE_Davis.lev2.nas
File creation:                20191218120055
Startdate:                    20000101050000
Revision date:                20191216000000
Statistics:                   arithmetic mean
Data level:                   2
Period code:                  52w
Resolution code:              1w
Station code:                 US0082R
Platform code:                US0082S
Station name:                 Lye Brook Wilderness
Station latitude:             43.1482
Station longitude:            -73.1268
Station altitude:             1015.0 m
Regime:                       IMG
Component:                    
Matrix:                       pm25
Laboratory code:              US03L
Instrument type:              filterpack
Instrument name:              filterpack_US0082
Method ref:                   US03L_IMPROVE_Davis
starttime endtime Fe flag_Fe Pb flag_Pb Mg++ flag_Mg++ Ni flag_Ni NO3- flag_NO3- OC flag_OC OM flag_OM P flag_P PM10 flag_PM10 PM10-PM2.5 flag_PM10-PM2.5 PM2.5 flag_PM2.5 K+ flag_K+ SO4-- flag_SO4--
[from data line 79]
273.208333 274.208333  25.36 0.000  2.58 0.000 9.999 0.259000  0.48 0.000000 0.089 0.000000  0.812 0.000  1.136 0.000 999.99 0.259000   5.311 0.000  1.838 0.000   3.472 0.000 0.021 0.000  0.323 0.000000
276.208333 277.208333  31.79 0.000  1.97 0.000 9.999 0.259000 99.99 0.259000 0.117 0.559000  1.504 0.000  2.105 0.000 999.99 0.259000  16.984 0.000  1.348 0.000  15.636 0.000 0.028 0.000  2.363 0.559000
279.208333 280.208333   1.74 0.000  0.63 0.000 0.018 0.000000 99.99 0.259000 0.058 0.559000  0.230 0.000  0.322 0.000 999.99 0.259000   1.597 0.000  0.251 0.000   1.346 0.000 9.999 0.259  0.171 0.559000
282.208333 283.208333   2.71 0.000  0.52 0.000 9.999 0.259000 99.99 0.259000 0.039 0.559000  0.352 0.000  0.493 0.000 999.99 0.259000   2.166 0.000  0.429 0.000   1.736 0.000 0.014 0.000  0.203 0.559000
285.208333 286.208333  33.68 0.000  1.04 0.000 9.999 0.259000 99.99 0.259000 0.174 0.000000  1.610 0.000  2.253 0.000 999.99 0.259000   8.913 0.000  2.917 0.000   5.996 0.000 0.060 0.000  0.589 0.000000
288.208333 289.208333  37.48 0.000  2.54 0.000 9.999 0.259000 99.99 0.259000 0.181 0.000000  2.346 0.000  3.284 0.000 999.99 0.259000  14.919 0.000  3.689 0.000  11.230 0.000 0.060 0.000  1.445 0.000000
291.208333 292.208333   3.67 0.000  0.25 0.000 9.999 0.259000 99.99 0.259000 0.024 0.000000  0.084 0.000  0.118 0.000 999.99 0.259000   1.968 0.000  0.714 0.000   1.254 0.000 0.012 0.000  0.169 0.000000
294.208333 295.208333  42.62 0.000  3.86 0.000 9.999 0.259000 99.99 0.259000 0.302 0.000000  1.926 0.000  2.696 0.000 999.99 0.259000  17.819 0.000  3.144 0.000  14.675 0.000 0.051 0.000  2.103 0.000000
297.208333 298.208333  38.85 0.000  3.13 0.000 0.082 0.000000  0.75 0.000000 0.124 0.000000  1.390 0.000  1.945 0.000 999.99 0.259000  10.095 0.000  0.676 0.000   9.418 0.000 0.043 0.000  0.903 0.000000
300.208333 301.208333  32.36 0.000  2.26 0.000 9.999 0.259000  1.00 0.000000 0.051 0.000000  0.988 0.000  1.384 0.000 999.99 0.259000  10.084 0.000  1.373 0.000   8.711 0.000 0.027 0.000  1.532 0.000000
303.208333 304.208333   1.28 0.000  0.31 0.000 9.999 0.259000 99.99 0.259000 0.015 0.559000 99.999 0.259 99.999 0.259 999.99 0.259000   0.225 0.000  0.195 0.000   0.030 0.000 9.999 0.259  0.067 0.559000
306.208333 307.208333  17.65 0.000  1.37 0.000 9.999 0.259000 99.99 0.259000 0.105 0.559000  0.485 0.000  0.679 0.000 999.99 0.259000   2.785 0.000  0.797 0.000   1.989 0.000 0.018 0.000  0.140 0.559000
309.208333 310.208333   0.68 0.000  0.24 0.000 9.999 0.259000 99.99 0.259000 0.027 0.559000  0.069 0.000  0.096 0.000   9.82 0.000000   0.336 0.000 99.999 0.259   0.369 0.000 9.999 0.259  0.066 0.559000
312.208333 313.208333   3.15 0.000  0.66 0.000 0.012 0.000000 99.99 0.259000 0.009 0.559000  0.136 0.000  0.190 0.000 999.99 0.259000   1.077 0.000  0.216 0.000   0.861 0.000 0.006 0.000  0.125 0.559000
315.208333 316.208333 999.99 0.259 99.99 0.259 9.999 0.259000 99.99 0.259000 0.005 0.559000 99.999 0.259 99.999 0.259 999.99 0.259000   0.037 0.000  0.007 0.000   0.030 0.000 9.999 0.259  0.024 0.559000
318.208333 319.208333  19.88 0.000  0.97 0.000 9.999 0.259000 99.99 0.259000 0.163 0.559000  0.446 0.000  0.625 0.000 999.99 0.259000   4.448 0.000  0.136 0.000   4.312 0.000 0.020 0.000  0.560 0.559000
321.208333 322.208333  18.47 0.000  1.61 0.000 9.999 0.259000 99.99 0.259000 0.209 0.559000  0.816 0.000  1.142 0.000 999.99 0.259000   6.272 0.000  0.926 0.000   5.347 0.000 0.029 0.000  0.586 0.559000
324.208333 325.208333  16.71 0.000  2.51 0.000 0.030 0.000000  1.24 0.000000 0.257 0.559000  0.957 0.000  1.340 0.000 999.99 0.259000   8.483 0.000  1.323 0.000   7.160 0.000 0.029 0.000  1.098 0.559000
327.208333 328.208333   6.78 0.000  1.15 0.000 9.999 0.259000 99.99 0.259000 0.116 0.559000  0.355 0.000  0.497 0.000 999.99 0.259000   2.000 0.000  0.007 0.000   1.993 0.000 0.020 0.000  0.168 0.559000
330.208333 331.208333   3.94 0.000  0.47 0.000 9.999 0.259000 99.99 0.259000 0.031 0.000000  0.192 0.000  0.269 0.000 999.99 0.259000   2.763 0.000  0.796 0.000   1.967 0.000 0.014 0.000  0.215 0.000000
333.208333 334.208333   4.03 0.000  0.46 0.000 0.015 0.000000 99.99 0.259000 0.130 0.559000  0.081 0.000  0.114 0.000 999.99 0.259000   2.950 0.000  1.690 0.000   1.260 0.000 0.006 0.000  0.226 0.559000
336.208333 337.208333   2.25 0.000  1.02 0.000 9.999 0.259000  0.36 0.000000 0.040 0.559000  0.328 0.000  0.459 0.000 999.99 0.259000   1.661 0.000  0.241 0.000   1.419 0.000 0.014 0.000  0.153 0.559000
339.208333 340.208333  13.88 0.000  1.73 0.000 9.999 0.259000  0.78 0.000000 0.109 0.559000  0.498 0.000  0.697 0.000 999.99 0.259000   5.121 0.000  2.478 0.000   2.643 0.000 0.023 0.000  0.313 0.559000
342.208333 343.208333   4.44 0.000  0.91 0.000 9.999 0.259000 99.99 0.259000 0.038 0.559000  0.189 0.000  0.264 0.000 999.99 0.259000   2.656 0.000  1.170 0.000   1.486 0.000 0.015 0.000  0.200 0.559000
345.208333 346.208333   5.47 0.000  1.24 0.000 9.999 0.259000  1.14 0.000000 0.094 0.559000  0.556 0.000  0.778 0.000 999.99 0.259000   5.405 0.000  1.245 0.000   4.161 0.000 0.020 0.000  0.689 0.559000
348.208333 349.208333   6.89 0.000  1.00 0.000 9.999 0.259000  1.50 0.000000 0.070 0.559000  0.372 0.000  0.521 0.000 999.99 0.259000   2.703 0.000  0.959 0.000   1.744 0.000 0.017 0.000  0.200 0.559000
351.208333 352.208333   0.93 0.000  0.15 0.000 9.999 0.259000 99.99 0.259000 0.017 0.000000  0.128 0.000  0.180 0.000 999.99 0.259000   0.780 0.000  0.505 0.000   0.275 0.000 0.008 0.000  0.072 0.000000
354.208333 355.208333  15.01 0.000  2.66 0.000 9.999 0.259000  0.94 0.000000 0.160 0.000000  0.804 0.000  1.126 0.000 999.99 0.259000   5.587 0.000  0.254 0.000   5.332 0.000 0.031 0.000  0.736 0.000000
357.208333 358.208333  24.73 0.000  2.33 0.000 9.999 0.259000  0.57 0.000000 0.356 0.559000  0.855 0.000  1.197 0.000 999.99 0.259000   6.242 0.000  0.844 0.000   5.398 0.000 0.032 0.000  0.519 0.559000
360.208333 361.208333   4.19 0.000  0.76 0.000 0.043 0.000000 99.99 0.259000 0.029 0.559000  0.147 0.000  0.206 0.000 999.99 0.259000   1.687 0.000  0.087 0.000   1.601 0.000 0.016 0.000  0.214 0.559000
363.208333 364.208333   1.74 0.000  0.30 0.000 9.999 0.259000 99.99 0.259000 0.046 0.559000  0.206 0.000  0.289 0.000 999.99 0.259000   1.170 0.000  0.264 0.000   0.906 0.000 0.019 0.000  0.105 0.559000
