scripts/IMPROVE-2019_partial/data/US0087R.20020102070000.20191216000000.filterpack..pm25.52w.1w.US03L_filterpack_US0087.US03L_IMPROVE_Davis.lev2.nas
66 1001
MISSING INFORMATION
US03L, IMPROVE, , , , , , , 
MISSING INFORMATION
IMPROVE sel_HTAP
1 1
2002 01 01 2019 12 16
3.000000
days from file reference point
27
1 1 1 1 1 1 1 1 1 1 1 1 1 1 1 1 1 1 1 1 1 1 1 1 1 1 1
999.999999 9999.99 9.999 99.99 9.999 9.999 9.999999 99.99 9.999999 9.999 9.999999 99.999 9.999 99.999 9.999 999.99 9.999999 999.999 9.999 999.999 9.999 999.999 9.999 9.999 9.999 9.999 9.999
end_time of measurement, days from the file reference point
iron, ng/m3, Revision date=20181210133000
numflag iron, no unit, Revision date=20181210133000
lead, ng/m3, Revision date=20181210133000
numflag lead, no unit, Revision date=20181210133000
magnesium, ug/m3, Revision date=20181210133000
numflag magnesium, no unit, Revision date=20181210133000
nickel, ng/m3, Revision date=20181210133000
numflag nickel, no unit, Revision date=20181210133000
nitrate, ug N/m3, Revision date=20181210133000
numflag nitrate, no unit, Revision date=20181210133000
organic_carbon, ug C/m3, Revision date=20181210133000
numflag organic_carbon, no unit, Revision date=20181210133000
organic_mass, ug/m3, Revision date=20181210133000
numflag organic_mass, no unit, Revision date=20181210133000
phosphorus, ng/m3, Revision date=20181210133000
numflag phosphorus, no unit, Revision date=20181210133000
pm10_mass, ug/m3, Version=2, Version description=Data extracted from http://views.cira.colostate.edu/fed/DataWizard 2019-12-16, Sample duration=1d, Orig. time res.=3d, Matrix=pm10, Blank correction=Blank corrected, Volume std. temperature=ambient, Volume std. pressure=ambient
numflag pm10_mass, no unit, Version=2, Version description=Data extracted from http://views.cira.colostate.edu/fed/DataWizard 2019-12-16, Sample duration=1d, Orig. time res.=3d, Matrix=pm10, Blank correction=Blank corrected, Volume std. temperature=ambient, Volume std. pressure=ambient
pm10_pm25_mass, ug/m3, Revision date=20181210133000, Matrix=pm10_pm25
numflag pm10_pm25_mass, no unit, Revision date=20181210133000, Matrix=pm10_pm25
pm25_mass, ug/m3, Version=2, Version description=Data extracted from http://views.cira.colostate.edu/fed/DataWizard 2019-12-16, Sample duration=1d, Orig. time res.=3d, Blank correction=Blank corrected, Volume std. temperature=ambient, Volume std. pressure=ambient
numflag pm25_mass, no unit, Version=2, Version description=Data extracted from http://views.cira.colostate.edu/fed/DataWizard 2019-12-16, Sample duration=1d, Orig. time res.=3d, Blank correction=Blank corrected, Volume std. temperature=ambient, Volume std. pressure=ambient
potassium, ug/m3, Revision date=20181210133000
numflag potassium, no unit, Revision date=20181210133000
sulphate_total, ug S/m3, Revision date=20181210133000
numflag sulphate_total, no unit, Revision date=20181210133000
0
25
Data definition:              EBAS_1.1
Set type code:                TU
Timezone:                     UTC
File name:                    US0087R.20020102070000.20191216000000.filterpack..pm25.52w.1w.US03L_filterpack_US0087.US03L_IMPROVE_Davis.lev2.nas
File creation:                20191218120116
Startdate:                    20020102070000
Revision date:                20191216000000
Statistics:                   arithmetic mean
Data level:                   2
Period code:                  52w
Resolution code:              1w
Station code:                 US0087R
Platform code:                US0087S
Station name:                 Brooklyn Lake
Station latitude:             41.3662
Station longitude:            -106.2418
Station altitude:             3196.0 m
Regime:                       IMG
Component:                    
Matrix:                       pm25
Laboratory code:              US03L
Instrument type:              filterpack
Instrument name:              filterpack_US0087
Method ref:                   US03L_IMPROVE_Davis
starttime endtime Fe flag_Fe Pb flag_Pb Mg++ flag_Mg++ Ni flag_Ni NO3- flag_NO3- OC flag_OC OM flag_OM P flag_P PM10 flag_PM10 PM10-PM2.5 flag_PM10-PM2.5 PM2.5 flag_PM2.5 K+ flag_K+ SO4-- flag_SO4--
[from data line 80]
241.291667 242.291667   34.65 0.000  0.35 0.000 9.999 0.259000 99.99 0.259000 0.042 0.000000  0.533 0.000  0.747 0.000 999.99 0.259000   6.363 0.000   3.553 0.000   2.809 0.000 0.029 0.000 0.169 0.000
244.291667 245.291667   47.83 0.559  0.55 0.559 9.999 0.559259 99.99 0.559259 0.041 0.000000  1.045 0.000  1.462 0.000 999.99 0.559259   7.562 0.000   4.056 0.000   3.506 0.559 0.043 0.559 0.128 0.000
247.291667 248.291667   51.82 0.699  0.58 0.699 0.036 0.699000 99.99 0.699259 0.043 0.000000  1.886 0.000  2.640 0.000 999.99 0.699259   8.762 0.000   2.406 0.000   6.357 0.699 0.066 0.699 0.319 0.000
250.291667 251.291667    5.36 0.000  0.29 0.000 9.999 0.259000 99.99 0.259000 0.025 0.000000  0.289 0.000  0.405 0.000 999.99 0.259000   1.772 0.000   0.590 0.000   1.183 0.000 0.005 0.000 0.108 0.000
253.291667 254.291667    5.90 0.000  0.43 0.000 0.011 0.000000  0.14 0.000000 0.036 0.000000  0.629 0.000  0.881 0.000 999.99 0.259000   2.327 0.000   0.441 0.000   1.886 0.000 0.005 0.000 0.168 0.000
256.291667 257.291667   51.08 0.000  0.71 0.000 9.999 0.259000 99.99 0.259000 0.020 0.000000  1.149 0.000  1.609 0.000 999.99 0.259000   8.553 0.000   4.603 0.000   3.950 0.000 0.036 0.000 0.193 0.000
259.291667 260.291667   24.44 0.000  0.47 0.000 9.999 0.259000 99.99 0.259000 0.026 0.559000  0.286 0.000  0.400 0.000 999.99 0.259000   4.251 0.000   2.204 0.000   2.047 0.000 0.018 0.000 0.161 0.559
262.291667 263.291667    9.87 0.559  0.44 0.559 9.999 0.559259 99.99 0.559259 0.023 0.000000  0.359 0.000  0.503 0.000   4.60 0.559000   2.800 0.000   1.133 0.000   1.667 0.559 0.010 0.559 0.087 0.000
265.291667 266.291667   17.47 0.000  0.59 0.000 9.999 0.259000 99.99 0.259000 0.014 0.000000  0.438 0.000  0.613 0.000 999.99 0.259000   2.945 0.000   1.169 0.000   1.776 0.000 0.018 0.000 0.113 0.000
268.291667 269.291667   31.21 0.559  0.83 0.559 9.999 0.559259 99.99 0.559259 0.045 0.000000  0.923 0.000  1.292 0.000 999.99 0.559259  15.234 0.000  11.910 0.000   3.324 0.559 0.034 0.559 0.191 0.000
271.291667 272.291667    9.36 0.000  0.34 0.000 9.999 0.259000 99.99 0.259000 0.012 0.000000  0.182 0.000  0.255 0.000 999.99 0.259000   9.978 0.000   8.753 0.000   1.226 0.000 0.007 0.000 0.152 0.000
274.291667 275.291667    6.10 0.000  0.29 0.000 0.011 0.000000  0.10 0.000000 0.015 0.000000  0.135 0.000  0.188 0.000 999.99 0.259000   1.498 0.000   0.856 0.000   0.642 0.000 0.005 0.000 0.056 0.000
277.291667 278.291667    9.58 0.000  0.61 0.000 0.010 0.000000  0.06 0.000000 0.042 0.000000  0.428 0.000  0.599 0.000 999.99 0.259000   2.866 0.000   1.099 0.000   1.767 0.000 0.012 0.000 0.196 0.000
280.291667 281.291667    7.04 0.000  0.36 0.000 9.999 0.259000 99.99 0.259000 0.014 0.000000  0.422 0.000  0.591 0.000  11.72 0.000000   1.910 0.000   0.685 0.000   1.226 0.000 0.009 0.000 0.062 0.000
283.291667 284.291667   24.14 0.000  0.51 0.000 0.011 0.000000 99.99 0.259000 0.050 0.000000  0.694 0.000  0.972 0.000 999.99 0.259000   4.703 0.000   2.284 0.000   2.420 0.000 0.021 0.000 0.123 0.000
286.291667 287.291667   20.13 0.559  0.46 0.559 9.999 0.559259 99.99 0.559259 0.019 0.000000  0.288 0.000  0.403 0.000 999.99 0.559259   2.741 0.000   1.485 0.000   1.257 0.559 0.017 0.559 0.056 0.000
289.291667 290.291667   22.64 0.559  0.48 0.559 9.999 0.559259  0.06 0.559000 0.028 0.000000  0.275 0.000  0.385 0.000 999.99 0.559259   3.472 0.000   1.605 0.000   1.867 0.559 0.019 0.559 0.090 0.000
292.291667 293.291667   26.03 0.000  0.62 0.000 9.999 0.259000 99.99 0.259000 0.040 0.000000  0.588 0.000  0.823 0.000 999.99 0.259000   4.057 0.000   1.983 0.000   2.074 0.000 0.026 0.000 0.070 0.000
295.291667 296.291667   14.18 0.000  0.68 0.000 0.011 0.000000  0.11 0.000000 0.046 0.000000  0.605 0.000  0.847 0.000 999.99 0.259000   2.866 0.000   0.499 0.000   2.367 0.000 0.014 0.000 0.234 0.000
298.291667 299.291667   25.60 0.000  1.13 0.000 0.011 0.000000  0.09 0.000000 0.286 0.000000  0.639 0.000  0.895 0.000 999.99 0.259000   5.769 0.000   1.525 0.000   4.244 0.000 0.025 0.000 0.356 0.000
301.291667 302.291667    1.77 0.000 99.99 0.259 9.999 0.259000 99.99 0.259000 0.005 0.000000  0.091 0.000  0.127 0.000 999.99 0.259000   1.114 0.000   0.241 0.000   0.873 0.000 0.002 0.000 0.091 0.000
304.291667 305.291667   18.69 0.559  0.56 0.559 9.999 0.559259 99.99 0.559259 0.108 0.000000  0.438 0.000  0.613 0.000 999.99 0.559259   3.417 0.000   0.524 0.000   2.893 0.559 0.017 0.559 0.321 0.000
307.291667 308.291667    9.26 0.000  0.31 0.000 9.999 0.259000  0.06 0.000000 0.031 0.000000  0.293 0.000  0.410 0.000 999.99 0.259000   2.021 0.000   0.752 0.000   1.268 0.000 0.010 0.000 0.128 0.000
310.291667 311.291667    9.55 0.000  0.12 0.000 9.999 0.259000  0.05 0.000000 0.012 0.000000  0.383 0.000  0.537 0.000 999.99 0.259000   2.887 0.000   1.673 0.000   1.214 0.000 0.007 0.000 0.066 0.000
313.291667 314.291667    2.49 0.000  0.11 0.000 9.999 0.259000  0.07 0.000000 0.018 0.000000  0.112 0.000  0.157 0.000 999.99 0.259000   1.145 0.000   0.408 0.000   0.738 0.000 0.004 0.000 0.073 0.000
316.291667 317.291667    2.11 0.000 99.99 0.259 9.999 0.259000 99.99 0.259000 0.005 0.000000  0.085 0.000  0.119 0.000 999.99 0.259000   0.661 0.000   0.204 0.000   0.457 0.000 0.003 0.000 0.060 0.000
319.291667 320.291667    8.43 0.000  0.47 0.000 0.015 0.000000 99.99 0.259000 0.006 0.559000  0.135 0.000  0.189 0.000 999.99 0.259000   2.094 0.000   1.164 0.000   0.930 0.000 0.009 0.000 0.140 0.559
322.291667 323.291667    6.38 0.000  0.16 0.000 9.999 0.259000  0.09 0.000000 0.038 0.000000  0.345 0.000  0.483 0.000 999.99 0.259000   1.671 0.000   0.729 0.000   0.942 0.000 0.013 0.000 0.072 0.000
325.291667 326.291667    1.92 0.000  0.26 0.000 9.999 0.259000  0.08 0.000000 0.004 0.000000  0.246 0.000  0.344 0.000 999.99 0.259000   0.512 0.000   0.210 0.000   0.302 0.000 0.002 0.000 0.024 0.000
328.291667 329.291667    4.61 0.000  0.24 0.000 9.999 0.259000  0.08 0.000000 0.007 0.000000  0.190 0.000  0.266 0.000 999.99 0.259000   2.021 0.000   1.392 0.000   0.628 0.000 0.005 0.000 0.084 0.000
331.291667 332.291667    1.32 0.000 99.99 0.259 9.999 0.259000 99.99 0.259000 0.002 0.000000 99.999 0.259 99.999 0.259 999.99 0.259000   0.073 0.000   0.013 0.000   0.060 0.000 0.002 0.000 0.009 0.000
334.291667 335.291667    4.19 0.000  0.19 0.000 9.999 0.259000 99.99 0.259000 0.007 0.559000  0.138 0.000  0.194 0.000 999.99 0.259000   1.236 0.000   0.189 0.000   1.048 0.000 0.004 0.000 0.167 0.559
337.291667 338.291667    4.95 0.000  0.13 0.000 9.999 0.259000 99.99 0.259000 0.014 0.000000  0.163 0.000  0.228 0.000 999.99 0.259000   1.984 0.000   0.112 0.000   1.872 0.000 0.005 0.000 0.308 0.000
340.291667 341.291667    3.64 0.000  0.17 0.000 0.013 0.000000 99.99 0.259000 0.008 0.000000  0.077 0.000  0.107 0.000 999.99 0.259000   0.400 0.000 999.999 0.259   0.401 0.000 0.003 0.000 0.034 0.000
343.291667 344.291667    4.42 0.000 99.99 0.259 9.999 0.259000 99.99 0.259000 0.012 0.559000  0.115 0.000  0.161 0.000 999.99 0.259000   0.480 0.000 999.999 0.259   0.484 0.000 0.004 0.000 0.043 0.559
346.291667 347.291667   85.79 0.559  0.19 0.559 9.999 0.559259  0.06 0.559000 0.016 0.000000  0.089 0.000  0.124 0.000 999.99 0.559259   5.805 0.000   3.034 0.000   2.771 0.559 0.061 0.559 0.125 0.000
349.291667 350.291667   35.16 0.000  0.32 0.000 9.999 0.259000 99.99 0.259000 0.036 0.000000  0.192 0.000  0.269 0.000 999.99 0.259000   4.496 0.000   2.853 0.000   1.643 0.000 0.028 0.000 0.096 0.000
352.291667 353.291667    2.43 0.000  0.16 0.000 9.999 0.259000 99.99 0.259000 0.048 0.000000  0.087 0.000  0.122 0.000 999.99 0.259000   1.219 0.000   0.506 0.000   0.713 0.000 0.003 0.000 0.083 0.000
355.291667 356.291667    1.63 0.000  0.22 0.000 0.014 0.000000 99.99 0.259000 0.007 0.000000  0.074 0.000  0.104 0.000 999.99 0.259000   0.772 0.000   0.208 0.000   0.564 0.000 0.003 0.000 0.092 0.000
358.291667 359.291667    5.02 0.000  0.33 0.000 9.999 0.259000  0.07 0.000000 0.067 0.000000  0.143 0.000  0.201 0.000 999.99 0.259000   1.478 0.000   0.027 0.000   1.451 0.000 0.005 0.000 0.169 0.000
361.291667 362.291667    2.23 0.000  0.25 0.000 9.999 0.259000 99.99 0.259000 0.002 0.000000  0.107 0.000  0.150 0.000   1.85 0.000000   0.509 0.000   0.142 0.000   0.367 0.000 0.003 0.000 0.033 0.000
364.291667 365.291667    2.91 0.000  0.14 0.000 9.999 0.259000 99.99 0.259000 0.003 0.000000  0.012 0.000  0.017 0.000 999.99 0.259000   0.776 0.000   0.384 0.000   0.392 0.000 0.003 0.000 0.053 0.000
