scripts/IMPROVE-2019_partial/data/US0067R.20070103060000.20191216000000.filterpack...1y.3d.US03L_filterpack_US0067.US03L_IMPROVE_Davis.lev2.nas
51 1001
MISSING INFORMATION
US03L, IMPROVE, , , , , , , 
MISSING INFORMATION
IMPROVE sel_HTAP
1 1
2007 01 01 2019 12 16
3.00
days from file reference point
4
1 1 1 1
999.99 999.999 999.999 9.999
end_time of measurement, days from the file reference point
pm10_mass, ug/m3, Matrix=pm10
pm25_mass, ug/m3, Matrix=pm25
numflag, no unit
0
33
Data definition:              EBAS_1.1
Set type code:                TU
Timezone:                     UTC
File name:                    US0067R.20070103060000.20191216000000.filterpack...1y.3d.US03L_filterpack_US0067.US03L_IMPROVE_Davis.lev2.nas
File creation:                20191218115949
Startdate:                    20070103060000
Revision date:                20191216000000
Version:                      2
Version description:          "Data extracted from http://views.cira.colostate.edu/fed/DataWizard 2019-12-16"
Statistics:                   arithmetic mean
Data level:                   2
Period code:                  1y
Resolution code:              3d
Sample duration:              1d
Orig. time res.:              3d
Station code:                 US0067R
Platform code:                US0067S
Station name:                 Ellis
Station latitude:             36.0853
Station longitude:            -99.9354
Station altitude:             697.0 m
Regime:                       IMG
Component:                    
Unit:                         ug/m3
Matrix:                       
Laboratory code:              US03L
Instrument type:              filterpack
Instrument name:              filterpack_US0067
Method ref:                   US03L_IMPROVE_Davis
Blank correction:             Blank corrected
Volume std. temperature:      ambient
Volume std. pressure:         ambient
starttime endtime PM10 PM2.5 flag
  2.25   3.25   4.266   2.423 0.000
  5.25   6.25   3.028   1.726 0.000
  8.25   9.25   7.728   1.775 0.000
 11.25  12.25  13.979   6.742 0.000
 14.25  15.25 999.999 999.999 0.999
 17.25  18.25   7.944   4.947 0.000
 20.25  21.25   9.803   9.221 0.000
 23.25  24.25  10.360   9.005 0.000
 26.25  27.25   4.861   3.365 0.000
 29.25  30.25   7.286   3.971 0.000
 32.25  33.25   8.493   5.291 0.000
 35.25  36.25  12.025   8.985 0.000
 38.25  39.25  29.060  24.096 0.000
 41.25  42.25  19.438  15.780 0.000
 44.25  45.25  13.610   5.248 0.000
 47.25  48.25   2.470   1.215 0.000
 50.25  51.25   7.548   4.202 0.000
 53.25  54.25  15.854   6.972 0.000
 56.25  57.25   7.045   2.813 0.000
 59.25  60.25   7.857   3.116 0.000
 62.25  63.25  10.232   1.785 0.000
 65.25  66.25  25.166  13.396 0.000
 68.25  69.25  14.196   5.058 0.000
 71.25  72.25   8.803   8.108 0.000
 74.25  75.25   8.945   3.777 0.000
 77.25  78.25  21.593  14.536 0.000
 80.25  81.25   9.867   4.987 0.000
 83.25  84.25   9.178   5.074 0.000
 86.25  87.25  10.639   6.181 0.000
 89.25  90.25   3.664   1.933 0.000
 92.25  93.25   9.110   3.080 0.000
 95.25  96.25   7.543   5.746 0.000
 98.25  99.25  11.577   8.280 0.000
101.25 102.25   8.972   4.174 0.000
104.25 105.25   3.139   2.597 0.000
107.25 108.25  10.359   7.614 0.000
110.25 111.25  17.453  11.652 0.000
113.25 114.25  14.693   6.011 0.000
116.25 117.25   8.487   3.626 0.000
119.25 120.25   8.041   3.334 0.000
122.25 123.25   5.168   2.474 0.000
125.25 126.25  10.063   6.971 0.000
128.25 129.25   4.209   2.614 0.000
131.25 132.25  12.153   6.692 0.000
134.25 135.25  12.585   4.662 0.000
137.25 138.25  14.504   8.140 0.000
140.25 141.25  17.791  10.457 0.000
143.25 144.25   6.529   2.533 0.000
146.25 147.25   6.087   4.496 0.000
149.25 150.25   5.529   3.491 0.000
152.25 153.25   5.455   3.423 0.000
155.25 156.25  12.607   5.961 0.000
158.25 159.25  16.614   5.046 0.000
161.25 162.25  17.120   9.380 0.000
164.25 165.25  10.588   2.635 0.000
167.25 168.25   5.862   4.933 0.000
170.25 171.25 999.999 999.999 0.999
173.25 174.25  12.337   4.841 0.000
176.25 177.25   8.109 999.999 0.000
179.25 180.25   9.394 999.999 0.000
182.25 183.25   7.087 999.999 0.000
185.25 186.25   9.502   4.345 0.000
188.25 189.25  12.336   6.836 0.000
191.25 192.25  18.627   6.387 0.000
194.25 195.25   7.596   4.244 0.000
197.25 198.25  13.122   7.323 0.000
200.25 201.25  10.425   4.758 0.000
203.25 204.25  24.510  10.556 0.000
206.25 207.25  12.926   6.653 0.000
209.25 210.25  10.467   6.072 0.000
212.25 213.25  16.292   8.896 0.000
215.25 216.25  19.259  12.418 0.000
218.25 219.25  19.825   9.803 0.000
221.25 222.25  21.559   9.178 0.000
224.25 225.25  19.055  10.636 0.000
227.25 228.25  28.120  19.072 0.000
230.25 231.25  12.563   7.968 0.000
233.25 234.25  15.848   6.319 0.000
236.25 237.25  10.751   6.761 0.000
239.25 240.25  12.961   7.082 0.000
242.25 243.25  14.304   7.298 0.000
245.25 246.25  20.261  13.850 0.000
248.25 249.25  16.111   6.834 0.000
251.25 252.25  17.285   8.692 0.000
254.25 255.25   7.907   3.301 0.000
257.25 258.25  20.534   7.183 0.000
260.25 261.25  13.099   8.415 0.000
263.25 264.25  13.146   7.343 0.000
266.25 267.25  20.131  13.901 0.000
269.25 270.25  12.447   7.295 0.000
272.25 273.25  19.652   6.710 0.000
275.25 276.25  19.686   4.000 0.000
278.25 279.25  14.477   8.725 0.000
281.25 282.25   7.720   2.573 0.000
284.25 285.25  19.885   9.444 0.000
287.25 288.25   7.897   1.295 0.000
290.25 291.25 999.999 999.999 0.999
293.25 294.25 999.999 999.999 0.999
296.25 297.25 999.999 999.999 0.999
299.25 300.25  21.803   4.527 0.000
302.25 303.25  20.298   8.139 0.000
305.25 306.25  27.901   5.719 0.000
308.25 309.25  26.109   4.693 0.000
311.25 312.25  26.114   7.586 0.000
314.25 315.25 999.999 999.999 0.999
317.25 318.25 999.999 999.999 0.999
320.25 321.25  27.980   6.181 0.000
323.25 324.25  23.687   8.773 0.000
326.25 327.25 999.999 999.999 0.999
329.25 330.25 999.999 999.999 0.999
332.25 333.25   9.137   2.465 0.000
335.25 336.25 999.999 999.999 0.999
338.25 339.25  14.561   5.394 0.000
341.25 342.25   4.936   4.450 0.000
344.25 345.25   1.497   1.260 0.000
347.25 348.25 999.999 999.999 0.999
350.25 351.25   7.450   4.250 0.000
353.25 354.25   0.475   0.391 0.000
356.25 357.25   0.351   0.394 0.000
359.25 360.25 999.999 999.999 0.999
362.25 363.25 999.999 999.999 0.999
