scripts/IMPROVE-2019_partial/data/US0032R.20060102100000.20191216000000.filterpack..pm25.52w.1w.US03L_filterpack_US0032.US03L_IMPROVE_Davis.lev2.nas
66 1001
MISSING INFORMATION
US03L, IMPROVE, , , , , , , 
MISSING INFORMATION
IMPROVE sel_HTAP
1 1
2006 01 01 2019 12 16
3.000000
days from file reference point
27
1 1 1 1 1 1 1 1 1 1 1 1 1 1 1 1 1 1 1 1 1 1 1 1 1 1 1
999.999999 9999.99 9.999 99.99 9.999 9.999 9.999 99.99 9.999 9.999 9.999 9.999 9.999999 99.999 9.999999 999.99 9.999999 999.999 9.999 999.999 9.999 99.999 9.999 9.999 9.999 99.999 9.999
end_time of measurement, days from the file reference point
iron, ng/m3, Revision date=20181210133000
numflag iron, no unit, Revision date=20181210133000
lead, ng/m3, Revision date=20181210133000
numflag lead, no unit, Revision date=20181210133000
magnesium, ug/m3, Revision date=20181210133000
numflag magnesium, no unit, Revision date=20181210133000
nickel, ng/m3, Revision date=20181210133000
numflag nickel, no unit, Revision date=20181210133000
nitrate, ug N/m3, Revision date=20181210133000
numflag nitrate, no unit, Revision date=20181210133000
organic_carbon, ug C/m3, Revision date=20181210133000
numflag organic_carbon, no unit, Revision date=20181210133000
organic_mass, ug/m3, Revision date=20181210133000
numflag organic_mass, no unit, Revision date=20181210133000
phosphorus, ng/m3, Revision date=20181210133000
numflag phosphorus, no unit, Revision date=20181210133000
pm10_mass, ug/m3, Version=2, Version description=Data extracted from http://views.cira.colostate.edu/fed/DataWizard 2019-12-16, Sample duration=1d, Orig. time res.=3d, Matrix=pm10, Blank correction=Blank corrected, Volume std. temperature=ambient, Volume std. pressure=ambient
numflag pm10_mass, no unit, Version=2, Version description=Data extracted from http://views.cira.colostate.edu/fed/DataWizard 2019-12-16, Sample duration=1d, Orig. time res.=3d, Matrix=pm10, Blank correction=Blank corrected, Volume std. temperature=ambient, Volume std. pressure=ambient
pm10_pm25_mass, ug/m3, Revision date=20181210133000, Matrix=pm10_pm25
numflag pm10_pm25_mass, no unit, Revision date=20181210133000, Matrix=pm10_pm25
pm25_mass, ug/m3, Version=2, Version description=Data extracted from http://views.cira.colostate.edu/fed/DataWizard 2019-12-16, Sample duration=1d, Orig. time res.=3d, Blank correction=Blank corrected, Volume std. temperature=ambient, Volume std. pressure=ambient
numflag pm25_mass, no unit, Version=2, Version description=Data extracted from http://views.cira.colostate.edu/fed/DataWizard 2019-12-16, Sample duration=1d, Orig. time res.=3d, Blank correction=Blank corrected, Volume std. temperature=ambient, Volume std. pressure=ambient
potassium, ug/m3, Revision date=20181210133000
numflag potassium, no unit, Revision date=20181210133000
sulphate_total, ug S/m3, Revision date=20181210133000
numflag sulphate_total, no unit, Revision date=20181210133000
0
25
Data definition:              EBAS_1.1
Set type code:                TU
Timezone:                     UTC
File name:                    US0032R.20060102100000.20191216000000.filterpack..pm25.52w.1w.US03L_filterpack_US0032.US03L_IMPROVE_Davis.lev2.nas
File creation:                20191218115734
Startdate:                    20060102100000
Revision date:                20191216000000
Statistics:                   arithmetic mean
Data level:                   2
Period code:                  52w
Resolution code:              1w
Station code:                 US0032R
Platform code:                US0032S
Station name:                 Haleakala NP
Station latitude:             20.8086
Station longitude:            -156.2823
Station altitude:             1153.0 m
Regime:                       IMG
Component:                    
Matrix:                       pm25
Laboratory code:              US03L
Instrument type:              filterpack
Instrument name:              filterpack_US0032
Method ref:                   US03L_IMPROVE_Davis
starttime endtime Fe flag_Fe Pb flag_Pb Mg++ flag_Mg++ Ni flag_Ni NO3- flag_NO3- OC flag_OC OM flag_OM P flag_P PM10 flag_PM10 PM10-PM2.5 flag_PM10-PM2.5 PM2.5 flag_PM2.5 K+ flag_K+ SO4-- flag_SO4--
[from data line 82]
247.416667 248.416667   21.50 0.000  0.16 0.000 9.999 0.259  0.17 0.000 9.999 0.999 0.254 0.000000  0.458 0.000000 999.99 0.259000   3.503 0.000   2.083 0.000  1.420 0.000 0.043 0.000 99.999 0.999
250.416667 251.416667   15.86 0.000  0.15 0.000 9.999 0.259  0.23 0.000 0.043 0.000 0.040 0.000000  0.073 0.000000 999.99 0.259000   4.455 0.000   2.470 0.000  1.985 0.000 0.021 0.000  0.245 0.000
253.416667 254.416667   27.23 0.000  0.08 0.000 0.008 0.000  0.54 0.000 0.067 0.559 0.181 0.000000  0.325 0.000000 999.99 0.259000   7.196 0.000   4.783 0.000  2.413 0.000 0.046 0.000  0.199 0.559
256.416667 257.416667    9.48 0.000  0.09 0.000 9.999 0.259  0.17 0.000 0.018 0.000 0.049 0.000000  0.088 0.000000 999.99 0.259000   2.858 0.000   1.885 0.000  0.973 0.000 0.009 0.000  0.107 0.000
259.416667 260.416667    6.29 0.000  0.09 0.000 0.010 0.000  0.22 0.000 0.017 0.000 0.052 0.000000  0.093 0.000000 999.99 0.259000   2.567 0.000   1.580 0.000  0.986 0.000 0.009 0.000  0.115 0.000
262.416667 263.416667   12.19 0.000  0.15 0.000 0.016 0.000  0.16 0.000 0.029 0.000 9.999 0.259000 99.999 0.259000 999.99 0.259000   4.430 0.000   2.655 0.000  1.776 0.000 0.016 0.000  0.104 0.000
265.416667 266.416667    2.77 0.000  0.08 0.000 0.020 0.000 99.99 0.259 0.017 0.000 9.999 0.999000 99.999 0.999000 999.99 0.259000   3.178 0.000   1.641 0.000  1.537 0.000 0.017 0.000  0.088 0.000
268.416667 269.416667   11.23 0.000  0.07 0.000 0.008 0.000  0.71 0.000 0.039 0.000 9.999 0.999000 99.999 0.999000 999.99 0.259000   5.376 0.000   1.918 0.000  3.458 0.000 0.019 0.000  0.509 0.000
271.416667 272.416667   20.28 0.000  0.13 0.000 9.999 0.259 99.99 0.259 0.019 0.000 9.999 0.999000 99.999 0.999000 999.99 0.259000   4.135 0.000   3.063 0.000  1.072 0.000 0.066 0.000  0.078 0.000
274.416667 275.416667   12.84 0.000  0.12 0.000 0.008 0.000  0.67 0.000 0.051 0.000 9.999 0.999000 99.999 0.999000 999.99 0.259000 999.999 0.456 999.999 0.999  2.691 0.000 0.016 0.000  0.412 0.000
277.416667 278.416667   17.82 0.000  0.15 0.000 0.009 0.000  0.30 0.000 0.035 0.000 9.999 0.999000 99.999 0.999000 999.99 0.259000   7.043 0.000   2.831 0.000  4.212 0.000 0.059 0.000  0.445 0.000
280.416667 281.416667   21.20 0.000  0.40 0.000 0.019 0.000  0.86 0.000 0.067 0.559 9.999 0.999000 99.999 0.999000 999.99 0.259000   7.828 0.000   3.360 0.000  4.468 0.000 0.036 0.000  0.705 0.559
283.416667 284.416667   17.75 0.000  0.08 0.000 9.999 0.259  0.87 0.000 0.032 0.000 0.316 0.000000  0.568 0.000000 999.99 0.259000   8.392 0.000   2.489 0.000  5.903 0.000 0.017 0.000  1.233 0.000
286.416667 287.416667   14.39 0.000  0.11 0.000 9.999 0.259  0.62 0.000 0.046 0.559 0.740 0.000000  1.333 0.000000 999.99 0.259000   5.675 0.000   2.276 0.000  3.399 0.000 0.168 0.000  0.354 0.559
289.416667 290.416667    5.42 0.000  0.21 0.000 9.999 0.259  0.19 0.000 0.015 0.559 0.377 0.000000  0.678 0.000000 999.99 0.259000   3.957 0.000   2.018 0.000  1.939 0.000 0.014 0.000  0.301 0.559
292.416667 293.416667    1.96 0.000 99.99 0.259 9.999 0.259  0.24 0.000 0.008 0.559 0.334 0.000000  0.602 0.000000 999.99 0.259000   7.515 0.000   2.845 0.000  4.670 0.000 0.013 0.000  0.916 0.559
295.416667 296.416667   10.95 0.000  0.18 0.000 0.012 0.000  0.55 0.000 0.065 0.000 0.574 0.000000  1.032 0.000000 999.99 0.259000   7.646 0.000   4.546 0.000  3.100 0.000 0.075 0.000  0.287 0.000
298.416667 299.416667   19.36 0.000  0.22 0.000 0.012 0.000  0.91 0.000 0.094 0.000 0.354 0.000000  0.638 0.000000 999.99 0.259000   7.484 0.000   4.700 0.000  2.784 0.000 0.029 0.000  0.248 0.000
301.416667 302.416667    8.26 0.000  0.13 0.000 0.011 0.000  0.14 0.000 0.028 0.000 0.131 0.000000  0.237 0.000000 999.99 0.259000   4.537 0.000   2.418 0.000  2.120 0.000 0.011 0.000  0.320 0.000
304.416667 305.416667    7.97 0.000  0.29 0.000 9.999 0.259  0.57 0.000 0.021 0.000 0.318 0.000000  0.573 0.000000 999.99 0.259000   5.662 0.000   2.017 0.000  3.644 0.000 0.009 0.000  0.754 0.000
307.416667 308.416667    2.55 0.000  0.15 0.000 9.999 0.259  0.08 0.000 0.006 0.000 0.183 0.000000  0.329 0.000000 999.99 0.259000   2.766 0.000   1.894 0.000  0.872 0.000 0.010 0.000  0.084 0.000
310.416667 311.416667    4.31 0.000  0.27 0.000 0.016 0.000  0.18 0.000 0.024 0.000 0.207 0.000000  0.374 0.000000 999.99 0.259000   4.237 0.000   2.393 0.000  1.843 0.000 0.014 0.000  0.198 0.000
313.416667 314.416667   11.31 0.000 99.99 0.259 0.008 0.000  0.96 0.000 0.056 0.000 0.442 0.000000  0.795 0.000000 999.99 0.259000   5.832 0.000   2.476 0.000  3.356 0.000 0.031 0.000  0.387 0.000
316.416667 317.416667   21.85 0.000  0.24 0.000 9.999 0.259  0.44 0.000 0.044 0.000 0.324 0.000000  0.583 0.000000 999.99 0.259000   7.177 0.000   2.875 0.000  4.301 0.000 0.017 0.000  0.709 0.000
319.416667 320.416667    9.73 0.000  0.22 0.000 9.999 0.259  0.45 0.000 0.025 0.000 0.202 0.000000  0.363 0.000000 999.99 0.259000   5.835 0.000   1.835 0.000  4.000 0.000 0.013 0.000  0.742 0.000
322.416667 323.416667   14.85 0.000  0.25 0.000 9.999 0.259  0.22 0.000 0.029 0.559 0.317 0.000000  0.571 0.000000 999.99 0.259000   4.551 0.000   2.516 0.000  2.035 0.000 0.014 0.000  0.216 0.559
325.416667 326.416667    2.79 0.000  0.11 0.000 9.999 0.259 99.99 0.259 0.010 0.000 0.396 0.000000  0.713 0.000000 999.99 0.259000   2.611 0.000   1.518 0.000  1.093 0.000 0.017 0.000  0.060 0.000
328.416667 329.416667   10.87 0.000  0.04 0.000 9.999 0.259  0.20 0.000 0.026 0.559 0.610 0.000000  1.097 0.000000 999.99 0.259000   5.766 0.000   1.595 0.000  4.171 0.000 0.043 0.000  0.644 0.559
331.416667 332.416667   12.64 0.000 99.99 0.259 0.022 0.000  0.72 0.000 0.088 0.559 0.506 0.000000  0.912 0.000000 999.99 0.259000   6.140 0.000   3.117 0.000  3.024 0.000 0.037 0.000  0.236 0.559
334.416667 335.416667    2.60 0.000  0.16 0.000 9.999 0.259 99.99 0.259 0.007 0.000 0.421 0.000000  0.758 0.000000 999.99 0.259000   3.132 0.000   1.858 0.000  1.275 0.000 0.010 0.000  0.117 0.000
337.416667 338.416667   10.52 0.000  0.39 0.000 0.051 0.000  0.19 0.000 0.057 0.000 0.437 0.000000  0.786 0.000000 999.99 0.259000   6.573 0.000   3.644 0.000  2.929 0.000 0.024 0.000  0.184 0.000
340.416667 341.416667    7.63 0.000  0.16 0.000 9.999 0.259  0.10 0.000 0.031 0.559 0.394 0.000000  0.708 0.000000 999.99 0.259000   3.846 0.000   1.920 0.000  1.926 0.000 0.014 0.000  0.085 0.559
343.416667 344.416667   27.94 0.000  0.29 0.000 0.026 0.000  0.34 0.000 0.128 0.559 0.516 0.000000  0.929 0.000000 999.99 0.259000  10.435 0.000   6.235 0.000  4.200 0.000 0.037 0.000  0.238 0.559
346.416667 347.416667   17.64 0.000  0.18 0.000 0.017 0.000  0.44 0.000 0.097 0.000 0.945 0.000000  1.702 0.000000 999.99 0.259000   6.516 0.000   3.033 0.000  3.483 0.000 0.056 0.000  0.250 0.000
349.416667 350.416667    5.49 0.394  0.19 0.394 0.014 0.394  0.13 0.394 0.032 0.394 0.694 0.394000  1.249 0.394000 999.99 0.394259   4.512 0.000   2.076 0.394  2.436 0.000 0.059 0.394  0.115 0.394
352.416667 353.416667   11.33 0.000  0.18 0.000 0.009 0.000  0.30 0.000 0.045 0.000 0.407 0.000000  0.733 0.000000 999.99 0.259000   5.167 0.000   2.950 0.000  2.216 0.000 0.020 0.000  0.157 0.000
355.416667 356.416667    9.60 0.000  0.37 0.000 0.010 0.000  0.65 0.000 0.052 0.000 0.670 0.000000  1.206 0.000000 999.99 0.259000   5.243 0.000   2.392 0.000  2.852 0.000 0.050 0.000  0.305 0.000
358.416667 359.416667    2.67 0.000  0.10 0.000 9.999 0.259 99.99 0.259 0.006 0.000 0.251 0.000000  0.452 0.000000 999.99 0.259000   1.756 0.000   0.743 0.000  1.013 0.000 0.004 0.000  0.151 0.000
361.416667 362.416667    1.51 0.000  0.13 0.000 9.999 0.259  0.13 0.000 0.012 0.000 0.206 0.000000  0.371 0.000000 999.99 0.259000   2.046 0.000   1.011 0.000  1.035 0.000 0.007 0.000  0.158 0.000
364.416667 365.416667   11.25 0.000  0.40 0.000 0.018 0.000  0.32 0.000 0.068 0.000 0.344 0.000000  0.619 0.000000 999.99 0.259000   5.005 0.000   2.654 0.000  2.351 0.000 0.038 0.000  0.230 0.000
