scripts/IMPROVE-2019_partial/data/US0086R.19980103050000.20191216000000.filterpack...1y.3d.US03L_filterpack_US0086.US03L_IMPROVE_Davis.lev2.nas
51 1001
MISSING INFORMATION
US03L, IMPROVE, , , , , , , 
MISSING INFORMATION
IMPROVE sel_HTAP
1 1
1998 01 01 2019 12 16
0
days from file reference point
4
1 1 1 1
999.999999 999.999 999.999 9.999
end_time of measurement, days from the file reference point
pm10_mass, ug/m3, Matrix=pm10
pm25_mass, ug/m3, Matrix=pm25
numflag, no unit
0
33
Data definition:              EBAS_1.1
Set type code:                TI
Timezone:                     UTC
File name:                    US0086R.19980103050000.20191216000000.filterpack...1y.3d.US03L_filterpack_US0086.US03L_IMPROVE_Davis.lev2.nas
File creation:                20191218120111
Startdate:                    19980103050000
Revision date:                20191216000000
Version:                      2
Version description:          "Data extracted from http://views.cira.colostate.edu/fed/DataWizard 2019-12-16"
Statistics:                   arithmetic mean
Data level:                   2
Period code:                  1y
Resolution code:              3d
Sample duration:              1d
Orig. time res.:              3d
Station code:                 US0086R
Platform code:                US0086S
Station name:                 Dolly Sods Wilderness
Station latitude:             39.1053
Station longitude:            -79.4261
Station altitude:             1182.0 m
Regime:                       IMG
Component:                    
Unit:                         ug/m3
Matrix:                       
Laboratory code:              US03L
Instrument type:              filterpack
Instrument name:              filterpack_US0086
Method ref:                   US03L_IMPROVE_Davis
Blank correction:             Blank corrected
Volume std. temperature:      ambient
Volume std. pressure:         ambient
starttime endtime PM10 PM2.5 flag
  2.208333   3.208333 999.999   7.095 0.000
  6.208333   7.208333   9.690   2.918 0.000
  9.208333  10.208333  12.476   8.954 0.000
 13.208333  14.208333   8.982   9.625 0.000
 16.208333  17.208333 999.999   7.797 0.000
 20.208333  21.208333   8.876 999.999 0.000
 23.208333  24.208333  17.340  10.930 0.000
 27.208333  28.208333  17.933  10.431 0.000
 30.208333  31.208333  15.931  10.845 0.000
 34.208333  35.208333  11.600   4.314 0.000
 37.208333  38.208333   9.698   6.415 0.000
 41.208333  42.208333  12.718   7.149 0.000
 44.208333  45.208333  21.923  18.811 0.000
 48.208333  49.208333   2.537   1.798 0.000
 51.208333  52.208333   7.069   6.975 0.000
 55.208333  56.208333  11.899  10.310 0.000
 58.208333  59.208333   8.427   7.249 0.000
 62.208333  63.208333 999.999  16.338 0.000
 65.208333  66.208333  14.145  11.117 0.000
 69.208333  70.208333  11.170   9.199 0.000
 72.208333  73.208333  15.646  11.664 0.000
 76.208333  77.208333 999.999   5.454 0.000
 79.208333  80.208333   9.040   9.001 0.000
 83.208333  84.208333  12.455  12.853 0.000
 86.208333  87.208333  20.909   9.353 0.000
 90.208333  91.208333  14.295   5.994 0.000
 93.208333  94.208333  13.925  10.246 0.000
 97.208333  98.208333  22.579  16.242 0.000
100.208333 101.208333  18.738  11.909 0.000
104.208333 105.208333 999.999  13.976 0.000
107.208333 108.208333   8.748   7.119 0.000
111.208333 112.208333  14.004   9.259 0.000
114.208333 115.208333  22.541  14.180 0.000
118.208333 119.208333  14.162   8.155 0.000
121.208333 122.208333   5.838   5.504 0.000
125.208333 126.208333  16.831  12.996 0.000
128.208333 129.208333   7.022   6.402 0.000
132.208333 133.208333   7.675   3.905 0.000
135.208333 136.208333  42.471  37.176 0.000
139.208333 140.208333  23.355  13.363 0.000
142.208333 143.208333  16.045   9.932 0.000
146.208333 147.208333  22.990  15.367 0.000
149.208333 150.208333  37.988  23.656 0.000
153.208333 154.208333  22.748   9.986 0.000
156.208333 157.208333   9.655   7.402 0.000
160.208333 161.208333  16.387  16.128 0.000
163.208333 164.208333  12.849 999.999 0.000
167.208333 168.208333  22.057  19.708 0.000
170.208333 171.208333  22.906  15.947 0.000
174.208333 175.208333  34.137  31.166 0.000
177.208333 178.208333  23.221  15.813 0.000
181.208333 182.208333  20.470  12.840 0.000
184.208333 185.208333  30.342  28.973 0.000
188.208333 189.208333  21.932 999.999 0.000
191.208333 192.208333  15.802   8.264 0.000
195.208333 196.208333  40.669  37.263 0.000
198.208333 199.208333  25.784  18.575 0.000
202.208333 203.208333  35.367  31.566 0.000
205.208333 206.208333  21.084  18.764 0.000
209.208333 210.208333  44.749  43.226 0.000
212.208333 213.208333  10.594   6.776 0.000
216.208333 217.208333  25.965  21.343 0.000
219.208333 220.208333  17.361  11.878 0.000
223.208333 224.208333  30.579  26.498 0.000
226.208333 227.208333  23.837  22.926 0.000
230.208333 231.208333   9.714   7.801 0.000
233.208333 234.208333  36.400  30.836 0.000
237.208333 238.208333  30.067  25.771 0.000
240.208333 241.208333  30.610  31.250 0.000
244.208333 245.208333  27.064  26.910 0.000
247.208333 248.208333  24.486  17.246 0.000
251.208333 252.208333  11.328   8.049 0.000
254.208333 255.208333  27.467  23.011 0.000
258.208333 259.208333  31.034  26.524 0.000
261.208333 262.208333  26.718  26.781 0.000
265.208333 266.208333   7.686   4.855 0.000
268.208333 269.208333  30.587  29.122 0.000
272.208333 273.208333  16.518  15.771 0.000
275.208333 276.208333   9.966   6.388 0.000
279.208333 280.208333   6.106   4.997 0.000
282.208333 283.208333   4.630   4.900 0.000
286.208333 287.208333   9.921   6.122 0.000
289.208333 290.208333  13.930  11.421 0.000
293.208333 294.208333   7.227   4.179 0.000
296.208333 297.208333   7.583   5.594 0.000
300.208333 301.208333  17.590  14.363 0.000
303.208333 304.208333  11.768  11.507 0.000
307.208333 308.208333  11.170   9.193 0.000
310.208333 311.208333   8.846   7.846 0.000
314.208333 315.208333   5.505   3.828 0.000
317.208333 318.208333  14.016   9.055 0.000
321.208333 322.208333   9.696   7.249 0.000
324.208333 325.208333  15.112   9.911 0.000
328.208333 329.208333   6.861   5.093 0.000
331.208333 332.208333   6.484   4.476 0.000
335.208333 336.208333   5.177   3.042 0.000
338.208333 339.208333  10.101   9.292 0.000
342.208333 343.208333  10.459   8.588 0.000
345.208333 346.208333   9.655   4.951 0.000
349.208333 350.208333  11.647   7.084 0.000
352.208333 353.208333   6.241   5.793 0.000
356.208333 357.208333   8.191   7.014 0.000
359.208333 360.208333   7.260   5.000 0.000
363.208333 364.208333   8.031   6.944 0.000
