scripts/IMPROVE-2019_partial/data/US0072R.20010101070000.20191216000000.filterpack..pm25.52w.1w.US03L_filterpack_US0072.US03L_IMPROVE_Davis.lev2.nas
64 1001
MISSING INFORMATION
US03L, IMPROVE, , , , , , , 
MISSING INFORMATION
IMPROVE sel_HTAP
1 1
2001 01 01 2019 12 16
3.000000
days from file reference point
25
1 1 1 1 1 1 1 1 1 1 1 1 1 1 1 1 1 1 1 1 1 1 1 1 1
999.999999 9999.99 9.999 99.99 9.999999 9.999 9.999999 9.99 9.999999 9.999 9.999 99.999 9.999 99.999 9.999 999.999 9.999 999.999 9.999 999.999 9.999 9.999 9.999 99.999 9.999
end_time of measurement, days from the file reference point
iron, ng/m3, Revision date=20181210133000
numflag iron, no unit, Revision date=20181210133000
lead, ng/m3, Revision date=20181210133000
numflag lead, no unit, Revision date=20181210133000
magnesium, ug/m3, Revision date=20181210133000
numflag magnesium, no unit, Revision date=20181210133000
nickel, ng/m3, Revision date=20181210133000
numflag nickel, no unit, Revision date=20181210133000
nitrate, ug N/m3, Revision date=20181210133000
numflag nitrate, no unit, Revision date=20181210133000
organic_carbon, ug C/m3, Revision date=20181210133000
numflag organic_carbon, no unit, Revision date=20181210133000
organic_mass, ug/m3, Revision date=20181210133000
numflag organic_mass, no unit, Revision date=20181210133000
pm10_mass, ug/m3, Version=2, Version description=Data extracted from http://views.cira.colostate.edu/fed/DataWizard 2019-12-16, Sample duration=1d, Orig. time res.=3d, Matrix=pm10, Blank correction=Blank corrected, Volume std. temperature=ambient, Volume std. pressure=ambient
numflag pm10_mass, no unit, Version=2, Version description=Data extracted from http://views.cira.colostate.edu/fed/DataWizard 2019-12-16, Sample duration=1d, Orig. time res.=3d, Matrix=pm10, Blank correction=Blank corrected, Volume std. temperature=ambient, Volume std. pressure=ambient
pm10_pm25_mass, ug/m3, Revision date=20181210133000, Matrix=pm10_pm25
numflag pm10_pm25_mass, no unit, Revision date=20181210133000, Matrix=pm10_pm25
pm25_mass, ug/m3, Version=2, Version description=Data extracted from http://views.cira.colostate.edu/fed/DataWizard 2019-12-16, Sample duration=1d, Orig. time res.=3d, Blank correction=Blank corrected, Volume std. temperature=ambient, Volume std. pressure=ambient
numflag pm25_mass, no unit, Version=2, Version description=Data extracted from http://views.cira.colostate.edu/fed/DataWizard 2019-12-16, Sample duration=1d, Orig. time res.=3d, Blank correction=Blank corrected, Volume std. temperature=ambient, Volume std. pressure=ambient
potassium, ug/m3, Revision date=20181210133000
numflag potassium, no unit, Revision date=20181210133000
sulphate_total, ug S/m3, Revision date=20181210133000
numflag sulphate_total, no unit, Revision date=20181210133000
0
25
Data definition:              EBAS_1.1
Set type code:                TU
Timezone:                     UTC
File name:                    US0072R.20010101070000.20191216000000.filterpack..pm25.52w.1w.US03L_filterpack_US0072.US03L_IMPROVE_Davis.lev2.nas
File creation:                20191218120021
Startdate:                    20010101070000
Revision date:                20191216000000
Statistics:                   arithmetic mean
Data level:                   2
Period code:                  52w
Resolution code:              1w
Station code:                 US0072R
Platform code:                US0072S
Station name:                 Badlands NP
Station latitude:             43.7435
Station longitude:            -101.9412
Station altitude:             736.0 m
Regime:                       IMG
Component:                    
Matrix:                       pm25
Laboratory code:              US03L
Instrument type:              filterpack
Instrument name:              filterpack_US0072
Method ref:                   US03L_IMPROVE_Davis
starttime endtime Fe flag_Fe Pb flag_Pb Mg++ flag_Mg++ Ni flag_Ni NO3- flag_NO3- OC flag_OC OM flag_OM PM10 flag_PM10 PM10-PM2.5 flag_PM10-PM2.5 PM2.5 flag_PM2.5 K+ flag_K+ SO4-- flag_SO4--
  0.291667   1.291667   12.19 0.559  0.46 0.559000 9.999 0.559259 9.99 0.559259 0.308 0.000  0.368 0.000  0.515 0.000   4.356 0.000   1.130 0.000   3.225 0.559 0.015 0.559  0.403 0.000
  3.291667   4.291667   20.48 0.000  0.34 0.000000 9.999 0.259000 9.99 0.259000 0.028 0.000  0.287 0.000  0.402 0.000   5.006 0.000   3.687 0.000   1.320 0.000 0.023 0.000  0.118 0.000
  6.291667   7.291667    4.82 0.559  0.17 0.559000 9.999 0.559259 9.99 0.559259 0.039 0.000  0.218 0.000  0.305 0.000   1.300 0.000   0.586 0.000   0.714 0.559 0.014 0.559  0.101 0.000
  9.291667  10.291667   36.93 0.000  1.02 0.000000 9.999 0.259000 9.99 0.259000 0.124 0.000  0.424 0.000  0.594 0.000   6.173 0.000   3.804 0.000   2.369 0.000 0.024 0.000  0.205 0.000
 12.291667  13.291667   30.48 0.559  1.64 0.559000 9.999 0.559259 9.99 0.559259 0.494 0.000  0.513 0.000  0.718 0.000   5.392 0.000   0.040 0.000   5.352 0.559 0.025 0.559  0.749 0.000
 15.291667  16.291667    9.50 0.559  0.60 0.559000 9.999 0.559259 9.99 0.559259 0.270 0.000  0.842 0.000  1.178 0.000   6.109 0.000   0.393 0.000   5.717 0.559 0.026 0.559  0.846 0.000
 18.291667  19.291667   12.44 0.559  0.26 0.559000 9.999 0.559259 9.99 0.559259 0.078 0.000  0.403 0.000  0.565 0.000   3.390 0.000   1.097 0.000   2.293 0.559 0.017 0.559  0.362 0.000
 21.291667  22.291667   11.10 0.559  0.41 0.559000 9.999 0.559259 9.99 0.559259 0.070 0.000  0.296 0.000  0.415 0.000   2.477 0.000   1.264 0.000   1.214 0.559 0.010 0.559  0.159 0.000
 24.291667  25.291667   18.03 0.559  0.45 0.559000 9.999 0.559259 9.99 0.559259 0.272 0.000  0.518 0.000  0.725 0.000   5.999 0.000   3.378 0.000   2.621 0.559 0.015 0.559  0.342 0.000
 27.291667  28.291667   12.06 0.559  0.36 0.559000 9.999 0.559259 9.99 0.559259 0.119 0.000  0.332 0.000  0.464 0.000   2.630 0.000   0.902 0.000   1.728 0.559 0.012 0.559  0.300 0.000
 30.291667  31.291667    9.98 0.559  0.33 0.559000 9.999 0.559259 9.99 0.559259 0.051 0.000  0.235 0.000  0.329 0.000   3.657 0.000   2.856 0.000   0.801 0.559 0.009 0.559  0.115 0.000
 33.291667  34.291667   26.16 0.559 99.99 0.559259 9.999 0.559259 9.99 0.559259 0.026 0.000  0.244 0.000  0.342 0.000   4.167 0.000   2.598 0.000   1.569 0.559 0.021 0.559  0.158 0.000
 36.291667  37.291667   12.28 0.000  0.51 0.000000 9.999 0.259000 9.99 0.259000 0.215 0.000  0.327 0.000  0.458 0.000   2.159 0.000   0.086 0.000   2.073 0.000 0.013 0.000  0.343 0.000
 39.291667  40.291667    7.27 0.699  1.87 0.699000 9.999 0.699259 9.99 0.699259 0.161 0.000  0.589 0.000  0.824 0.000   3.221 0.000 999.999 0.259   3.310 0.699 0.013 0.699  0.475 0.000
 42.291667  43.291667   15.54 0.699  1.26 0.699000 9.999 0.699259 9.99 0.699259 0.409 0.000  0.744 0.000  1.042 0.000   7.527 0.000   1.005 0.000   6.521 0.699 0.019 0.699  0.769 0.000
 45.291667  46.291667   26.34 0.559  0.53 0.559000 9.999 0.559259 9.99 0.559259 0.175 0.000  0.797 0.000  1.117 0.000   5.739 0.000   1.347 0.000   4.391 0.559 0.034 0.559  0.529 0.000
 48.291667  49.291667   18.50 0.699  0.53 0.699000 9.999 0.699259 9.99 0.699259 0.247 0.000  0.774 0.000  1.084 0.000   5.539 0.000   1.520 0.000   4.019 0.699 0.020 0.699  0.513 0.000
 51.291667  52.291667   26.82 0.559  0.45 0.559000 9.999 0.559259 9.99 0.559259 0.275 0.000  0.529 0.000  0.741 0.000   6.242 0.000   1.612 0.000   4.630 0.559 0.027 0.559  0.625 0.000
 54.291667  55.291667   14.26 0.559 99.99 0.559259 9.999 0.559259 9.99 0.559259 0.387 0.000  0.709 0.000  0.992 0.000   7.564 0.000   0.901 0.000   6.664 0.559 0.022 0.559  1.022 0.000
 57.291667  58.291667   18.01 0.559  4.07 0.559000 9.999 0.559259 0.14 0.559000 0.186 0.000  0.388 0.000  0.544 0.000  10.925 0.000   1.922 0.000   9.003 0.559 0.022 0.559  1.661 0.000
 60.291667  61.291667   26.70 0.559  1.26 0.559000 9.999 0.559259 9.99 0.559259 0.238 0.000  0.582 0.000  0.815 0.000   6.205 0.000   2.976 0.000   3.229 0.559 0.022 0.559  0.371 0.000
 63.291667  64.291667   10.26 0.699  0.97 0.699000 9.999 0.699259 9.99 0.699259 0.337 0.000  0.500 0.000  0.700 0.000   7.396 0.000   0.769 0.000   6.627 0.699 0.010 0.699  1.259 0.000
 66.291667  67.291667   49.33 0.559  1.26 0.559000 9.999 0.559259 9.99 0.559259 0.181 0.000  0.576 0.000  0.806 0.000   5.964 0.000   2.256 0.000   3.708 0.559 0.031 0.559  0.328 0.000
 69.291667  70.291667   24.60 0.559  0.61 0.559000 9.999 0.559259 9.99 0.559259 0.079 0.000  0.239 0.000  0.335 0.000   4.191 0.000   0.651 0.000   3.540 0.559 0.018 0.559  0.561 0.000
 72.291667  73.291667   34.45 0.559  0.96 0.559000 9.999 0.559259 9.99 0.559259 0.116 0.000  0.479 0.000  0.671 0.000   5.515 0.000   2.831 0.000   2.684 0.559 0.023 0.559  0.251 0.000
 75.291667  76.291667   20.33 0.000  0.75 0.000000 9.999 0.259000 9.99 0.259000 0.117 0.000  0.301 0.000  0.421 0.000   6.372 0.000   3.659 0.000   2.713 0.000 0.014 0.000  0.324 0.000
 78.291667  79.291667   49.85 0.000  1.16 0.000000 9.999 0.259000 9.99 0.259000 0.047 0.000  0.329 0.000  0.461 0.000   9.808 0.000   7.077 0.000   2.731 0.000 0.027 0.000  0.207 0.000
 81.291667  82.291667   22.21 0.699  1.10 0.699000 9.999 0.699259 9.99 0.699259 0.183 0.000  0.279 0.000  0.391 0.000   6.575 0.000   1.877 0.000   4.698 0.699 0.016 0.699  0.820 0.000
 84.291667  85.291667   41.60 0.559  1.05 0.559000 9.999 0.559259 9.99 0.559259 0.169 0.000  0.246 0.000  0.345 0.000  13.273 0.000   9.106 0.000   4.167 0.559 0.028 0.559  0.512 0.000
 87.291667  88.291667   32.45 0.000  1.06 0.000000 9.999 0.259000 9.99 0.259000 0.092 0.000  0.420 0.000  0.588 0.000   4.711 0.000   1.965 0.000   2.745 0.000 0.025 0.000  0.319 0.000
 90.291667  91.291667   17.06 0.559  0.88 0.559000 9.999 0.559259 9.99 0.559259 0.035 0.000  0.154 0.000  0.216 0.000   2.680 0.000   1.218 0.000   1.462 0.559 0.014 0.559  0.185 0.000
 93.291667  94.291667   10.26 0.000  2.03 0.000000 9.999 0.259000 9.99 0.259000 0.305 0.000  0.528 0.000  0.739 0.000   4.467 0.000   1.027 0.000   3.440 0.000 0.011 0.000  0.488 0.000
 96.291667  97.291667    6.08 0.000  0.99 0.000000 9.999 0.259000 0.14 0.000000 0.039 0.000  0.184 0.000  0.258 0.000   1.838 0.000   0.366 0.000   1.472 0.000 0.007 0.000  0.245 0.000
 99.291667 100.291667   10.58 0.000  0.97 0.000000 9.999 0.259000 9.99 0.259000 0.026 0.000  0.123 0.000  0.172 0.000   3.570 0.000   2.669 0.000   0.901 0.000 0.009 0.000  0.129 0.000
102.291667 103.291667   17.69 0.559  0.58 0.559000 9.999 0.559259 9.99 0.559259 0.038 0.000  0.280 0.000  0.392 0.000   3.939 0.000   2.105 0.000   1.834 0.559 0.015 0.559  0.236 0.000
105.291667 106.291667   21.70 0.559  2.50 0.559000 9.999 0.559259 9.99 0.559259 0.022 0.000  0.200 0.000  0.281 0.000   4.643 0.000   1.238 0.000   3.405 0.559 0.018 0.559  0.536 0.000
108.291667 109.291667  234.93 0.699  1.79 0.699000 9.999 0.699259 9.99 0.699259 0.116 0.000  1.113 0.000  1.558 0.000  22.336 0.000  13.888 0.000   8.448 0.699 0.131 0.699  0.512 0.000
111.291667 112.291667   10.63 0.559  1.07 0.559000 9.999 0.559259 9.99 0.559259 0.067 0.000  0.363 0.000  0.508 0.000   2.819 0.000   0.745 0.000   2.074 0.559 0.011 0.559  0.364 0.000
114.291667 115.291667  148.33 0.559  2.64 0.559000 9.999 0.559259 9.99 0.559259 0.058 0.000  0.823 0.000  1.153 0.000  11.143 0.000   5.886 0.000   5.258 0.559 0.093 0.559  0.306 0.000
117.291667 118.291667  225.63 0.699  2.32 0.699000 9.999 0.699259 9.99 0.699259 0.105 0.000  1.601 0.000  2.241 0.000  27.657 0.000  18.081 0.000   9.576 0.699 0.149 0.699  0.582 0.000
120.291667 121.291667   83.40 0.000  0.97 0.000000 9.999 0.259000 9.99 0.259000 0.028 0.000  0.747 0.000  1.046 0.000   7.630 0.000   4.881 0.000   2.749 0.000 0.048 0.000  0.118 0.000
123.291667 124.291667   69.85 0.699  1.51 0.699000 9.999 0.699259 9.99 0.699259 0.124 0.000  0.956 0.000  1.338 0.000  13.402 0.000   8.354 0.000   5.047 0.699 0.049 0.699  0.360 0.000
126.291667 127.291667   69.81 0.559  1.13 0.559000 9.999 0.559259 9.99 0.559259 0.029 0.000  0.528 0.000  0.739 0.000   7.107 0.000   4.191 0.000   2.915 0.559 0.043 0.559  0.158 0.000
129.291667 130.291667  247.03 0.559  1.87 0.559000 9.999 0.559259 9.99 0.559259 0.076 0.000  1.075 0.000  1.506 0.000  13.605 0.000   6.149 0.000   7.455 0.559 0.144 0.559  0.283 0.000
132.291667 133.291667  214.82 0.559  2.34 0.559000 9.999 0.559259 9.99 0.559259 0.113 0.000  1.240 0.000  1.737 0.000  17.381 0.000   8.710 0.000   8.672 0.559 0.128 0.559  0.592 0.000
135.291667 136.291667   32.64 0.000  0.50 0.000000 9.999 0.259000 9.99 0.259000 0.017 0.000  0.604 0.000  0.846 0.000   6.051 0.000   4.134 0.000   1.917 0.000 0.022 0.000  0.061 0.000
138.291667 139.291667   94.25 0.000  1.65 0.000000 9.999 0.259000 9.99 0.259000 0.033 0.000  0.973 0.000  1.362 0.000   9.436 0.000   5.140 0.000   4.296 0.000 0.064 0.000  0.277 0.000
141.291667 142.291667   43.72 0.000  0.61 0.000000 9.999 0.259000 9.99 0.259000 0.017 0.000  0.759 0.000  1.062 0.000   8.627 0.000   6.049 0.000   2.579 0.000 0.025 0.000  0.230 0.000
144.291667 145.291667   17.17 0.559  0.92 0.559000 9.999 0.559259 9.99 0.559259 0.057 0.000  0.477 0.000  0.668 0.000   6.209 0.000   3.101 0.000   3.108 0.559 0.010 0.559  0.441 0.000
147.291667 148.291667   51.78 0.559  1.65 0.559000 9.999 0.559259 9.99 0.559259 0.047 0.000  1.092 0.000  1.529 0.000  11.940 0.000   6.705 0.000   5.234 0.559 0.034 0.559  0.470 0.000
150.291667 151.291667   37.11 0.559  1.33 0.559000 9.999 0.559259 9.99 0.559259 0.125 0.000  0.551 0.000  0.771 0.000   9.028 0.000   5.148 0.000   3.880 0.559 0.023 0.559  0.428 0.000
153.291667 154.291667   18.21 0.559  1.18 0.559000 9.999 0.559259 9.99 0.559259 0.096 0.000  0.750 0.000  1.050 0.000   5.719 0.000   2.077 0.000   3.642 0.559 0.026 0.559  0.290 0.000
156.291667 157.291667   15.99 0.000  0.57 0.000000 9.999 0.259000 9.99 0.259000 0.037 0.000  0.376 0.000  0.526 0.000   6.659 0.000   4.450 0.000   2.208 0.000 0.015 0.000  0.195 0.000
159.291667 160.291667   38.20 0.559  0.22 0.559000 0.038 0.559000 9.99 0.559259 0.019 0.000  0.761 0.000  1.066 0.000 999.999 0.456 999.999 0.999   3.749 0.559 0.030 0.559  0.233 0.000
162.291667 163.291667   33.73 0.000  1.24 0.000000 9.999 0.259000 9.99 0.259000 0.123 0.000  0.683 0.000  0.956 0.000  12.711 0.000   8.555 0.000   4.156 0.000 0.028 0.000  0.397 0.000
165.291667 166.291667   13.48 0.559  0.43 0.559000 9.999 0.559259 9.99 0.559259 0.010 0.000  0.530 0.000  0.742 0.000   6.295 0.000   3.544 0.000   2.751 0.559 0.018 0.559  0.195 0.000
168.291667 169.291667   20.59 0.559  0.61 0.559000 9.999 0.559259 9.99 0.559259 0.023 0.000  0.834 0.000  1.167 0.000  11.315 0.000   7.498 0.000   3.818 0.559 0.023 0.559  0.284 0.000
171.291667 172.291667   22.01 0.000  0.60 0.000000 9.999 0.259000 9.99 0.259000 0.023 0.000  0.500 0.000  0.701 0.000  11.479 0.000   8.295 0.000   3.184 0.000 0.018 0.000  0.285 0.000
174.291667 175.291667   67.81 0.000  0.52 0.000000 9.999 0.259000 9.99 0.259000 0.036 0.000  1.069 0.000  1.496 0.000  18.734 0.000  12.915 0.000   5.819 0.000 0.057 0.000  0.396 0.000
177.291667 178.291667  107.22 0.000  0.95 0.000000 9.999 0.259000 9.99 0.259000 0.073 0.000  1.880 0.000  2.632 0.000  31.936 0.000  19.104 0.000  12.833 0.000 0.114 0.000  1.390 0.000
180.291667 181.291667   52.73 0.000  0.85 0.000000 9.999 0.259000 9.99 0.259000 0.046 0.000  0.988 0.000  1.383 0.000  10.843 0.000   5.619 0.000   5.224 0.000 0.036 0.000  0.483 0.000
183.291667 184.291667   32.37 0.000  1.14 0.000000 9.999 0.259000 9.99 0.259000 0.139 0.000  0.959 0.000  1.342 0.000  10.383 0.000   5.520 0.000   4.863 0.000 0.033 0.000  0.425 0.000
186.291667 187.291667   62.62 0.000  1.19 0.000000 9.999 0.259000 9.99 0.259000 0.030 0.000  1.787 0.000  2.502 0.000  19.574 0.000  13.299 0.000   6.276 0.000 0.079 0.000  0.354 0.000
189.291667 190.291667   19.07 0.000  0.31 0.000000 9.999 0.259000 9.99 0.259000 0.017 0.000  0.925 0.000  1.295 0.000   7.590 0.000   4.578 0.000   3.012 0.000 0.022 0.000  0.161 0.000
192.291667 193.291667   38.15 0.000  0.47 0.000000 9.999 0.259000 9.99 0.259000 0.037 0.000  0.854 0.000  1.195 0.000   9.771 0.000   5.798 0.000   3.973 0.000 0.026 0.000  0.305 0.000
195.291667 196.291667   27.03 0.000  0.68 0.000000 9.999 0.259000 9.99 0.259000 0.031 0.000  0.972 0.000  1.361 0.000  11.305 0.000   5.685 0.000   5.620 0.000 0.030 0.000  0.641 0.000
198.291667 199.291667   69.91 0.000  0.83 0.000000 9.999 0.259000 9.99 0.259000 0.041 0.000  1.204 0.000  1.686 0.000  20.062 0.000  13.371 0.000   6.691 0.000 0.056 0.000  0.566 0.000
201.291667 202.291667   70.72 0.000  1.43 0.000000 9.999 0.259000 0.17 0.000000 0.069 0.000  1.541 0.000  2.158 0.000  19.138 0.000   9.396 0.000   9.742 0.000 0.069 0.000  1.065 0.000
204.291667 205.291667   19.04 0.000  0.98 0.000000 9.999 0.259000 9.99 0.259000 0.021 0.000  0.713 0.000  0.999 0.000   9.851 0.000   6.193 0.000   3.657 0.000 0.019 0.000  0.404 0.000
207.291667 208.291667   13.96 0.000  0.29 0.000000 9.999 0.259000 0.09 0.000000 0.016 0.000  0.589 0.000  0.825 0.000   7.348 0.000   4.697 0.000   2.651 0.000 0.019 0.000  0.224 0.000
210.291667 211.291667   40.83 0.000  0.42 0.000000 9.999 0.259000 9.99 0.259000 0.033 0.000  1.383 0.000  1.936 0.000  18.694 0.000  12.220 0.000   6.473 0.000 0.044 0.000  0.557 0.000
213.291667 214.291667   34.10 0.000  0.36 0.000000 9.999 0.259000 9.99 0.259000 0.029 0.000  0.698 0.000  0.977 0.000  14.898 0.000  11.261 0.000   3.638 0.000 0.028 0.000  0.332 0.000
216.291667 217.291667   61.03 0.000  0.26 0.000000 9.999 0.259000 9.99 0.259000 0.032 0.000  1.338 0.000  1.874 0.000  19.703 0.000  13.484 0.000   6.218 0.000 0.040 0.000  0.611 0.000
219.291667 220.291667   76.39 0.000  0.58 0.000000 9.999 0.259000 9.99 0.259000 0.030 0.000  1.413 0.000  1.978 0.000  26.445 0.000  17.481 0.000   8.965 0.000 0.055 0.000  0.919 0.000
222.291667 223.291667   36.74 0.000  0.44 0.000000 9.999 0.259000 9.99 0.259000 0.026 0.000  1.380 0.000  1.932 0.000  12.671 0.000   7.679 0.000   4.991 0.000 0.031 0.000  0.318 0.000
225.291667 226.291667   35.13 0.000  0.59 0.000000 9.999 0.259000 9.99 0.259000 0.039 0.000  1.614 0.000  2.259 0.000  12.575 0.000   6.319 0.000   6.255 0.000 0.048 0.000  0.552 0.000
228.291667 229.291667   59.24 0.000  0.30 0.000000 9.999 0.259000 9.99 0.259000 0.016 0.000  1.881 0.000  2.633 0.000  15.861 0.000   9.646 0.000   6.215 0.000 0.041 0.000  0.282 0.000
231.291667 232.291667   56.45 0.559  0.69 0.559000 9.999 0.559259 9.99 0.559259 0.024 0.000  2.358 0.000  3.301 0.000  18.913 0.000  11.490 0.000   7.423 0.559 0.073 0.559  0.317 0.000
234.291667 235.291667   54.19 0.000  1.24 0.000000 9.999 0.259000 9.99 0.259000 0.101 0.000  1.602 0.000  2.243 0.000  18.121 0.000   9.782 0.000   8.340 0.000 0.056 0.000  0.964 0.000
237.291667 238.291667   52.88 0.559  0.52 0.559000 9.999 0.559259 9.99 0.559259 0.022 0.000  1.182 0.000  1.655 0.000  13.889 0.000   9.034 0.000   4.854 0.559 0.041 0.559  0.390 0.000
240.291667 241.291667   78.92 0.559  0.56 0.559000 9.999 0.559259 9.99 0.559259 0.080 0.000  3.807 0.000  5.330 0.000  22.304 0.000  13.446 0.000   8.858 0.559 0.155 0.559  0.413 0.000
243.291667 244.291667   48.69 0.000  0.27 0.000000 9.999 0.259000 9.99 0.259000 0.025 0.000  1.647 0.000  2.305 0.000  14.218 0.000   8.371 0.000   5.846 0.000 0.057 0.000  0.452 0.000
246.291667 247.291667   56.22 0.000  0.35 0.000000 9.999 0.259000 9.99 0.259000 0.028 0.000  2.062 0.000  2.887 0.000  23.103 0.000  15.922 0.000   7.182 0.000 0.065 0.000  0.444 0.000
249.291667 250.291667   23.93 0.000  0.39 0.000000 9.999 0.259000 0.04 0.000000 0.030 0.000  1.215 0.000  1.700 0.000   7.110 0.000   3.606 0.000   3.504 0.000 0.026 0.000  0.208 0.000
252.291667 253.291667   27.79 0.000  0.20 0.000000 9.999 0.259000 9.99 0.259000 0.015 0.000  0.653 0.000  0.915 0.000  13.766 0.000  10.690 0.000   3.076 0.000 0.022 0.000  0.268 0.000
255.291667 256.291667   43.57 0.000  0.82 0.000000 9.999 0.259000 9.99 0.259000 0.095 0.000  1.060 0.000  1.484 0.000  12.574 0.000   8.354 0.000   4.221 0.000 0.052 0.000  0.336 0.000
