scripts/IMPROVE-2019_partial/data/US0058R.20000101060000.20191216000000.filterpack..pm25.52w.1w.US03L_filterpack_US0058.US03L_IMPROVE_Davis.lev2.nas
64 1001
MISSING INFORMATION
US03L, IMPROVE, , , , , , , 
MISSING INFORMATION
IMPROVE sel_HTAP
1 1
2000 01 01 2019 12 16
0
days from file reference point
25
1 1 1 1 1 1 1 1 1 1 1 1 1 1 1 1 1 1 1 1 1 1 1 1 1
999.99 9999.99 9.999 99.99 9.999999 9.999 9.999999 9.99 9.999999 9.999 9.999999 999.999 9.999 999.999 9.999 999.999 9.999 999.999 9.999 999.999 9.999 99.999 9.999 99.999 9.999999
end_time of measurement, days from the file reference point
iron, ng/m3, Revision date=20181210133000
numflag iron, no unit, Revision date=20181210133000
lead, ng/m3, Revision date=20181210133000
numflag lead, no unit, Revision date=20181210133000
magnesium, ug/m3, Revision date=20181210133000
numflag magnesium, no unit, Revision date=20181210133000
nickel, ng/m3, Revision date=20181210133000
numflag nickel, no unit, Revision date=20181210133000
nitrate, ug N/m3, Revision date=20181210133000
numflag nitrate, no unit, Revision date=20181210133000
organic_carbon, ug C/m3, Revision date=20181210133000
numflag organic_carbon, no unit, Revision date=20181210133000
organic_mass, ug/m3, Revision date=20181210133000
numflag organic_mass, no unit, Revision date=20181210133000
pm10_mass, ug/m3, Version=2, Version description=Data extracted from http://views.cira.colostate.edu/fed/DataWizard 2019-12-16, Sample duration=1d, Orig. time res.=3d, Matrix=pm10, Blank correction=Blank corrected, Volume std. temperature=ambient, Volume std. pressure=ambient
numflag pm10_mass, no unit, Version=2, Version description=Data extracted from http://views.cira.colostate.edu/fed/DataWizard 2019-12-16, Sample duration=1d, Orig. time res.=3d, Matrix=pm10, Blank correction=Blank corrected, Volume std. temperature=ambient, Volume std. pressure=ambient
pm10_pm25_mass, ug/m3, Revision date=20181210133000, Matrix=pm10_pm25
numflag pm10_pm25_mass, no unit, Revision date=20181210133000, Matrix=pm10_pm25
pm25_mass, ug/m3, Version=2, Version description=Data extracted from http://views.cira.colostate.edu/fed/DataWizard 2019-12-16, Sample duration=1d, Orig. time res.=3d, Blank correction=Blank corrected, Volume std. temperature=ambient, Volume std. pressure=ambient
numflag pm25_mass, no unit, Version=2, Version description=Data extracted from http://views.cira.colostate.edu/fed/DataWizard 2019-12-16, Sample duration=1d, Orig. time res.=3d, Blank correction=Blank corrected, Volume std. temperature=ambient, Volume std. pressure=ambient
potassium, ug/m3, Revision date=20181210133000
numflag potassium, no unit, Revision date=20181210133000
sulphate_total, ug S/m3, Revision date=20181210133000
numflag sulphate_total, no unit, Revision date=20181210133000
0
25
Data definition:              EBAS_1.1
Set type code:                TI
Timezone:                     UTC
File name:                    US0058R.20000101060000.20191216000000.filterpack..pm25.52w.1w.US03L_filterpack_US0058.US03L_IMPROVE_Davis.lev2.nas
File creation:                20191218115902
Startdate:                    20000101060000
Revision date:                20191216000000
Statistics:                   arithmetic mean
Data level:                   2
Period code:                  52w
Resolution code:              1w
Station code:                 US0058R
Platform code:                US0058S
Station name:                 Lostwood
Station latitude:             48.6419
Station longitude:            -102.4022
Station altitude:             696.0 m
Regime:                       IMG
Component:                    
Matrix:                       pm25
Laboratory code:              US03L
Instrument type:              filterpack
Instrument name:              filterpack_US0058
Method ref:                   US03L_IMPROVE_Davis
starttime endtime Fe flag_Fe Pb flag_Pb Mg++ flag_Mg++ Ni flag_Ni NO3- flag_NO3- OC flag_OC OM flag_OM PM10 flag_PM10 PM10-PM2.5 flag_PM10-PM2.5 PM2.5 flag_PM2.5 K+ flag_K+ SO4-- flag_SO4--
  0.25   1.25   13.76 0.000  0.93 0.000000 9.999 0.259000 9.99 0.259000 0.322 0.559000   0.506 0.000   0.708 0.000   8.460 0.000   3.973 0.000   4.486 0.000  0.034 0.000  0.443 0.559000
  4.25   5.25   18.25 0.000  1.09 0.000000 9.999 0.259000 9.99 0.259000 0.248 0.000000   0.525 0.000   0.735 0.000   7.273 0.000   3.100 0.000   4.173 0.000  0.049 0.000  0.284 0.000000
  7.25   8.25   25.73 0.000  0.51 0.000000 9.999 0.259000 9.99 0.259000 0.013 0.000000   0.278 0.000   0.390 0.000   4.602 0.000   3.666 0.000   0.936 0.000  0.012 0.000  0.036 0.000000
 11.25  12.25    9.49 0.000  1.14 0.000000 9.999 0.259000 9.99 0.259000 0.113 0.000000   0.539 0.000   0.755 0.000   8.123 0.000   2.636 0.000   5.487 0.000  0.051 0.000  0.308 0.000000
 14.25  15.25   36.83 0.000  3.10 0.000000 9.999 0.259000 9.99 0.259000 0.539 0.559000   0.998 0.000   1.398 0.000  15.488 0.000   5.904 0.000   9.584 0.000  0.069 0.000  0.869 0.559000
 18.25  19.25   21.59 0.000  1.85 0.000000 9.999 0.259000 0.12 0.000000 0.150 0.559000   1.112 0.000   1.557 0.000  10.185 0.000   3.985 0.000   6.200 0.000  0.055 0.000  0.706 0.559000
 21.25  22.25   87.35 0.000  1.06 0.000000 9.999 0.259000 9.99 0.259000 0.063 0.559000   1.064 0.000   1.490 0.000  17.046 0.000  11.075 0.000   5.970 0.000  0.088 0.000  0.487 0.559000
 25.25  26.25   11.88 0.000  0.81 0.000000 9.999 0.259000 9.99 0.259000 9.999 0.456000   0.417 0.000   0.584 0.000  12.440 0.000   7.555 0.000   4.886 0.000  0.010 0.000 99.999 0.456000
 28.25  29.25    5.86 0.000  0.63 0.000000 0.018 0.000000 9.99 0.259000 9.999 0.456000   0.758 0.000   1.062 0.000   8.223 0.000   2.999 0.000   5.224 0.000  0.015 0.000 99.999 0.456000
 32.25  33.25   12.38 0.000  0.33 0.000000 9.999 0.259000 9.99 0.259000 0.088 0.000000   0.399 0.000   0.559 0.000   5.965 0.000   4.152 0.000   1.813 0.000  0.014 0.000  0.088 0.000000
 35.25  36.25   16.05 0.000  0.83 0.000000 9.999 0.259000 9.99 0.259000 0.150 0.000000   0.460 0.000   0.644 0.000   7.711 0.000   5.366 0.000   2.345 0.000  0.020 0.000  0.152 0.000000
 39.25  40.25   14.67 0.000  0.63 0.000000 9.999 0.259000 9.99 0.259000 0.098 0.559000   0.439 0.000   0.614 0.000   6.516 0.000   3.943 0.000   2.573 0.000  0.021 0.000  0.265 0.559000
 42.25  43.25   37.20 0.000  9.10 0.000000 9.999 0.259000 9.99 0.259000 0.529 0.559000   0.603 0.000   0.844 0.000  17.233 0.000   6.388 0.000  10.845 0.000  0.043 0.000  1.017 0.559000
 46.25  47.25 9999.99 0.999 99.99 0.999000 9.999 0.999000 9.99 0.999000 9.999 0.999000 999.999 0.999 999.999 0.999 999.999 0.999 999.999 0.999 999.999 0.999 99.999 0.999 99.999 0.999000
 49.25  50.25   11.25 0.000  0.56 0.000000 0.016 0.000000 9.99 0.259000 0.135 0.000000   0.745 0.000   1.043 0.000   4.464 0.000   1.285 0.000   3.179 0.000  0.025 0.000  0.239 0.000000
 53.25  54.25   22.86 0.000  2.23 0.000000 9.999 0.259000 9.99 0.259000 0.258 0.000000   0.810 0.000   1.134 0.000   9.259 0.000   5.335 0.000   3.924 0.000  0.015 0.000  0.325 0.000000
 56.25  57.25   26.26 0.000  0.70 0.000000 9.999 0.259000 9.99 0.259000 0.125 0.000000   0.600 0.000   0.840 0.000   7.610 0.000   4.625 0.000   2.985 0.000  0.041 0.000  0.197 0.000000
 60.25  61.25   24.27 0.000  0.36 0.000000 9.999 0.259000 9.99 0.259000 0.245 0.559000   0.534 0.000   0.748 0.000  10.291 0.000   3.720 0.000   6.571 0.000  0.025 0.000  0.848 0.559000
 63.25  64.25   17.00 0.000  0.35 0.000000 9.999 0.259000 9.99 0.259000 0.097 0.559000   0.305 0.000   0.427 0.000   4.309 0.000   2.365 0.000   1.944 0.000  0.013 0.000  0.181 0.559000
 67.25  68.25    6.49 0.000  0.47 0.000000 9.999 0.259000 0.20 0.000000 0.047 0.000000   0.092 0.000   0.129 0.000   4.899 0.000   2.363 0.000   2.537 0.000  0.011 0.000  0.401 0.000000
 70.25  71.25   12.63 0.000  0.46 0.000000 9.999 0.259000 9.99 0.259000 0.101 0.559000   0.455 0.000   0.637 0.000   6.050 0.000   2.815 0.000   3.234 0.000  0.024 0.000  0.370 0.559000
 74.25  75.25   18.03 0.000  0.93 0.000000 9.999 0.259000 9.99 0.259000 0.051 0.559000   0.322 0.000   0.450 0.000   5.480 0.000   2.132 0.000   3.348 0.000  0.027 0.000  0.381 0.559000
 77.25  78.25    6.47 0.000  0.65 0.000000 9.999 0.259000 9.99 0.259000 0.089 0.559000   0.218 0.000   0.306 0.000   2.563 0.000   0.819 0.000   1.744 0.000  0.008 0.000  0.182 0.559000
 81.25  82.25   29.28 0.000  0.91 0.000000 0.020 0.000000 9.99 0.259000 0.050 0.559000   0.317 0.000   0.444 0.000   7.576 0.000   4.842 0.000   2.734 0.000  0.025 0.000  0.268 0.559000
 84.25  85.25   13.82 0.000  0.43 0.000000 0.012 0.000000 9.99 0.259000 0.035 0.699000   0.252 0.000   0.353 0.000   4.167 0.000   2.200 0.000   1.967 0.000  0.024 0.000  0.225 0.699000
 88.25  89.25 9999.99 0.999 99.99 0.999000 9.999 0.999000 9.99 0.999000 9.999 0.999000 999.999 0.999 999.999 0.999 999.999 0.999 999.999 0.999 999.999 0.999 99.999 0.999 99.999 0.999000
 91.25  92.25 9999.99 0.999 99.99 0.999000 9.999 0.999000 9.99 0.999000 9.999 0.999000 999.999 0.999 999.999 0.999 999.999 0.999 999.999 0.999 999.999 0.999 99.999 0.999 99.999 0.999000
 95.25  96.25   26.22 0.000  0.78 0.000000 9.999 0.259000 9.99 0.259000 9.999 0.999000   2.051 0.000   2.871 0.000   8.783 0.000   5.156 0.000   3.627 0.000  0.039 0.000 99.999 0.999000
 98.25  99.25   24.92 0.000  3.46 0.000000 9.999 0.259000 9.99 0.259000 9.999 0.999000   1.620 0.000   2.268 0.000   4.003 0.000   1.616 0.000   2.387 0.000  0.027 0.000 99.999 0.999000
102.25 103.25   85.72 0.000  1.80 0.000000 9.999 0.259000 9.99 0.259000 9.999 0.999000   2.708 0.000   3.791 0.000  22.410 0.000  14.446 0.000   7.964 0.000  0.073 0.000 99.999 0.999000
105.25 106.25   30.49 0.000  2.81 0.000000 9.999 0.259000 9.99 0.259000 9.999 0.999000   1.990 0.000   2.787 0.000   8.606 0.000   4.146 0.000   4.460 0.000  0.040 0.000 99.999 0.999000
109.25 110.25  138.61 0.000  2.74 0.000000 9.999 0.259000 9.99 0.259000 9.999 0.999000   2.740 0.000   3.835 0.000  25.589 0.000  11.246 0.000  14.343 0.000  2.274 0.000 99.999 0.999000
112.25 113.25  104.15 0.000  2.36 0.000000 9.999 0.259000 9.99 0.259000 9.999 0.999000   4.390 0.000   6.146 0.000  17.196 0.000   9.649 0.000   7.547 0.000  0.160 0.000 99.999 0.999000
116.25 117.25   63.43 0.000  0.75 0.000000 0.030 0.000000 9.99 0.259000 0.049 0.000000   2.370 0.000   3.318 0.000   9.369 0.000   5.818 0.000   3.551 0.000  0.039 0.000  0.269 0.000000
119.25 120.25   31.60 0.000  1.36 0.000000 9.999 0.259000 9.99 0.259000 0.131 0.000000   2.833 0.000   3.966 0.000  11.629 0.000   7.320 0.000   4.309 0.000  0.034 0.000  0.383 0.000000
123.25 124.25  129.44 0.559  1.76 0.559000 9.999 0.559259 9.99 0.559259 0.145 0.000000  11.004 0.000  15.405 0.000  40.947 0.000  19.874 0.000  21.073 0.559  0.476 0.559  0.409 0.000000
126.25 127.25  109.34 0.559  1.47 0.559000 9.999 0.559259 9.99 0.559259 0.092 0.000000   2.316 0.000   3.242 0.000  13.094 0.000   7.318 0.000   5.776 0.559  0.094 0.559  0.250 0.000000
130.25 131.25   44.33 0.000  0.70 0.000000 9.999 0.259000 9.99 0.259000 0.213 0.000000   2.080 0.000   2.912 0.000   9.806 0.000   4.063 0.000   5.744 0.000  0.056 0.000  0.405 0.000000
133.25 134.25   39.19 0.000  1.98 0.000000 9.999 0.259000 0.06 0.000000 0.053 0.000000   1.498 0.000   2.097 0.000  12.205 0.000   7.954 0.000   4.251 0.000  0.042 0.000  0.330 0.000000
137.25 138.25   19.70 0.000  0.88 0.000000 9.999 0.259000 9.99 0.259000 0.073 0.000000   2.298 0.000   3.217 0.000   8.982 0.000   5.526 0.000   3.456 0.000  0.031 0.000  0.257 0.000000
140.25 141.25   58.04 0.000  1.03 0.000000 9.999 0.259000 9.99 0.259000 0.055 0.000000   2.806 0.000   3.929 0.000  12.932 0.000   7.059 0.000   5.874 0.000  0.048 0.000  0.469 0.000000
144.25 145.25   67.57 0.000  0.33 0.000000 9.999 0.259000 9.99 0.259000 0.022 0.000000   2.015 0.000   2.820 0.000  28.646 0.000  24.549 0.000   4.096 0.000  0.044 0.000  0.147 0.000000
147.25 148.25   32.69 0.000  0.99 0.000000 9.999 0.259000 9.99 0.259000 0.089 0.000000   2.429 0.000   3.400 0.000  10.417 0.000   5.936 0.000   4.480 0.000  0.030 0.000  0.382 0.000000
151.25 152.25   36.54 0.000  0.46 0.000000 9.999 0.259000 9.99 0.259000 0.035 0.000000   1.802 0.000   2.523 0.000  13.723 0.000  10.940 0.000   2.784 0.000  0.036 0.000  0.091 0.000000
154.25 155.25   17.93 0.000  0.20 0.000000 9.999 0.259000 9.99 0.259000 0.081 0.000000   1.326 0.000   1.857 0.000   6.366 0.000   2.925 0.000   3.441 0.000  0.020 0.000  0.324 0.000000
158.25 159.25   86.16 0.000 99.99 0.259000 9.999 0.259000 9.99 0.259000 0.072 0.000000   2.310 0.000   3.234 0.000  21.759 0.000  16.037 0.000   5.723 0.000  0.047 0.000  0.326 0.000000
161.25 162.25   13.87 0.000 99.99 0.259000 9.999 0.259000 9.99 0.259000 0.025 0.000000   1.298 0.000   1.817 0.000   4.545 0.000   2.104 0.000   2.442 0.000  0.010 0.000  0.279 0.000000
165.25 166.25   14.15 0.000  0.83 0.000000 9.999 0.259000 9.99 0.259000 0.022 0.000000   1.685 0.000   2.359 0.000   9.273 0.000   5.347 0.000   3.926 0.000  0.016 0.000  0.414 0.000000
168.25 169.25   22.47 0.000  0.21 0.000000 9.999 0.259000 9.99 0.259000 0.028 0.000000   1.248 0.000   1.747 0.000   7.028 0.000   4.140 0.000   2.888 0.000  0.014 0.000  0.292 0.000000
172.25 173.25   27.57 0.000 99.99 0.259000 9.999 0.259000 9.99 0.259000 0.012 0.000000   2.006 0.000   2.808 0.000  14.633 0.000  11.241 0.000   3.392 0.000  0.019 0.000  0.121 0.000000
175.25 176.25   26.56 0.000 99.99 0.259000 9.999 0.259000 9.99 0.259000 0.037 0.000000   1.709 0.000   2.392 0.000  11.202 0.000   7.458 0.000   3.744 0.000 99.999 0.259  0.361 0.000000
179.25 180.25   32.53 0.559 99.99 0.559259 9.999 0.559259 9.99 0.559259 0.018 0.000000   1.910 0.000   2.674 0.000  10.623 0.000   7.053 0.000   3.571 0.559  0.018 0.559  0.192 0.000000
182.25 183.25   63.20 0.559  0.43 0.559000 9.999 0.559259 9.99 0.559259 0.027 0.000000   3.052 0.000   4.272 0.000  16.080 0.000   9.532 0.000   6.548 0.559  0.042 0.559  0.259 0.000000
186.25 187.25   40.79 0.559  1.49 0.559000 9.999 0.559259 9.99 0.559259 0.057 0.699000   1.365 0.000   1.910 0.000   7.557 0.000   0.940 0.000   6.617 0.559  0.077 0.559  0.317 0.699000
189.25 190.25   15.24 0.000 99.99 0.259000 9.999 0.259000 9.99 0.259000 0.016 0.699000   0.722 0.000   1.011 0.000   7.149 0.000   4.617 0.000   2.531 0.000  0.023 0.000  0.117 0.699000
193.25 194.25   35.58 0.000  0.01 0.000000 9.999 0.259000 9.99 0.259000 0.021 0.699000   0.749 0.000   1.048 0.000  12.697 0.000   9.052 0.000   3.645 0.000  0.017 0.000  0.222 0.699000
196.25 197.25   51.72 0.000  0.07 0.000000 0.032 0.000000 9.99 0.259000 0.047 0.699000   1.579 0.000   2.211 0.000  24.696 0.000  18.254 0.000   6.442 0.000  0.040 0.000  0.441 0.699000
200.25 201.25   27.70 0.000 99.99 0.259000 9.999 0.259000 9.99 0.259000 0.040 0.699000   0.294 0.000   0.411 0.000   8.102 0.000   4.614 0.000   3.488 0.000  0.016 0.000  0.412 0.699000
203.25 204.25   13.81 0.000  0.05 0.000000 9.999 0.259000 9.99 0.259000 0.073 0.699000   0.566 0.000   0.792 0.000   6.820 0.000   3.410 0.000   3.411 0.000  0.009 0.000  0.357 0.699000
207.25 208.25   34.44 0.000  0.20 0.000000 9.999 0.259000 9.99 0.259000 0.045 0.699000   1.186 0.000   1.660 0.000  13.194 0.000   8.257 0.000   4.938 0.000  0.021 0.000  0.331 0.699000
210.25 211.25   64.19 0.000 99.99 0.259000 9.999 0.259000 9.99 0.259000 0.046 0.699000   1.844 0.000   2.581 0.000  17.892 0.000  10.534 0.000   7.359 0.000  0.037 0.000  0.540 0.699000
214.25 215.25   56.00 0.559  0.21 0.559000 9.999 0.559259 9.99 0.559259 0.021 0.699000   1.854 0.000   2.595 0.000  15.574 0.000   9.477 0.000   6.097 0.559  0.033 0.559  0.278 0.699000
217.25 218.25   32.22 0.000  0.05 0.000000 9.999 0.259000 9.99 0.259000 0.078 0.699000   2.349 0.000   3.289 0.000  13.355 0.000   5.799 0.000   7.555 0.000  0.052 0.000  0.411 0.699000
221.25 222.25   44.79 0.000 99.99 0.259000 9.999 0.259000 9.99 0.259000 0.028 0.699000   0.990 0.000   1.385 0.000  19.883 0.000  14.133 0.000   5.749 0.000  0.022 0.000  0.480 0.699000
224.25 225.25   29.96 0.000 99.99 0.259000 9.999 0.259000 9.99 0.259000 0.028 0.699000   1.561 0.000   2.185 0.000  13.723 0.000   7.877 0.000   5.846 0.000  0.039 0.000  0.332 0.699000
228.25 229.25   45.95 0.000 99.99 0.259000 9.999 0.259000 9.99 0.259000 0.048 0.699000   1.650 0.000   2.310 0.000  18.023 0.000  12.454 0.000   5.568 0.000  0.037 0.000  0.390 0.699000
231.25 232.25   31.58 0.000  0.48 0.000000 9.999 0.259000 9.99 0.259000 0.182 0.699000   2.053 0.000   2.874 0.000  16.286 0.000   7.227 0.000   9.059 0.000  0.052 0.000  0.950 0.699000
235.25 236.25 9999.99 0.999 99.99 0.999000 9.999 0.999000 9.99 0.999000 9.999 0.999000 999.999 0.999 999.999 0.999 999.999 0.999 999.999 0.999 999.999 0.999 99.999 0.999 99.999 0.999000
238.25 239.25   95.31 0.559  0.45 0.559000 9.999 0.559259 9.99 0.559259 0.100 0.699000   4.733 0.000   6.626 0.000  36.160 0.000  21.895 0.000  14.265 0.559  0.084 0.559  0.748 0.699000
243.25 244.25 9999.99 0.999 99.99 0.999000 9.999 0.999000 9.99 0.999000 9.999 0.999000 999.999 0.999 999.999 0.999 999.999 0.999 999.999 0.999 999.999 0.999 99.999 0.999 99.999 0.999000
246.25 247.25 9999.99 0.999 99.99 0.999000 9.999 0.999000 9.99 0.999000 9.999 0.999000 999.999 0.999 999.999 0.999 999.999 0.999 999.999 0.999 999.999 0.999 99.999 0.999 99.999 0.999000
249.25 250.25 9999.99 0.999 99.99 0.999000 9.999 0.999000 9.99 0.999000 9.999 0.999000 999.999 0.999 999.999 0.999 999.999 0.999 999.999 0.999 999.999 0.999 99.999 0.999 99.999 0.999000
252.25 253.25 9999.99 0.999 99.99 0.999000 9.999 0.999000 9.99 0.999000 9.999 0.999000 999.999 0.999 999.999 0.999 999.999 0.999 999.999 0.999 999.999 0.999 99.999 0.999 99.999 0.999000
255.25 256.25 9999.99 0.999 99.99 0.999000 9.999 0.999000 9.99 0.999000 9.999 0.999000 999.999 0.999 999.999 0.999 999.999 0.999 999.999 0.999 999.999 0.999 99.999 0.999 99.999 0.999000
258.25 259.25   64.87 0.000 99.99 0.259000 9.999 0.259000 9.99 0.259000 0.035 0.000000   0.766 0.000   1.073 0.000  27.944 0.000  23.888 0.000   4.056 0.000  0.036 0.000  0.316 0.000000
261.25 262.25  101.91 0.000  0.26 0.000000 9.999 0.259000 9.99 0.259000 0.070 0.000000   1.586 0.000   2.221 0.000  21.124 0.000  14.678 0.000   6.446 0.000  0.127 0.000  0.329 0.000000
264.25 265.25    9.52 0.000  0.24 0.000000 9.999 0.259000 9.99 0.259000 0.032 0.000000   0.573 0.000   0.801 0.000   3.807 0.000   2.387 0.000   1.420 0.000  0.040 0.000  0.117 0.000000
267.25 268.25    9.41 0.000 99.99 0.259000 9.999 0.259000 9.99 0.259000 0.032 0.000000   0.486 0.000   0.681 0.000   3.932 0.000   2.410 0.000   1.522 0.000  0.012 0.000  0.194 0.000000
270.25 271.25   52.55 0.559 99.99 0.559259 9.999 0.559259 9.99 0.559259 0.199 0.000000   2.149 0.000   3.009 0.000  19.247 0.000  11.618 0.000   7.629 0.559  0.180 0.559  0.621 0.000000
273.25 274.25   63.77 0.000  0.32 0.000000 9.999 0.259000 9.99 0.259000 0.026 0.000000   1.155 0.000   1.617 0.000  16.576 0.000  12.260 0.000   4.316 0.000  0.069 0.000  0.266 0.000000
276.25 277.25   16.09 0.000 99.99 0.259000 9.999 0.259000 9.99 0.259000 0.014 0.000000   0.403 0.000   0.564 0.000   8.982 0.000   7.654 0.000   1.327 0.000  0.020 0.000  0.111 0.000000
279.25 280.25   13.77 0.000  1.13 0.000000 9.999 0.259000 9.99 0.259000 0.054 0.000000   0.546 0.000   0.765 0.000   5.093 0.000   2.981 0.000   2.112 0.000  0.065 0.000  0.196 0.000000
282.25 283.25   44.85 0.559  0.43 0.559000 9.999 0.559259 9.99 0.559259 0.079 0.000000   1.181 0.000   1.654 0.000  12.018 0.000   7.333 0.000   4.684 0.559  0.073 0.559  0.428 0.000000
285.25 286.25  106.72 0.559  0.71 0.559000 9.999 0.559259 9.99 0.559259 0.499 0.000000   5.010 0.000   7.014 0.000  34.208 0.000  19.471 0.000  14.737 0.559  0.535 0.559  0.586 0.000000
288.25 289.25   19.80 0.000  1.56 0.000000 9.999 0.259000 9.99 0.259000 0.306 0.000000   1.024 0.000   1.433 0.000   6.568 0.000   1.748 0.000   4.820 0.000  0.095 0.000  0.696 0.000000
291.25 292.25   99.50 0.559 99.99 0.559259 9.999 0.559259 9.99 0.559259 0.065 0.000000   3.553 0.000   4.975 0.000  20.748 0.000  13.099 0.000   7.649 0.559  0.349 0.559  0.209 0.000000
