scripts/IMPROVE-2019_partial/data/US0041R.20010101060000.20191216000000.filterpack..pm25.52w.1w.US03L_filterpack_US0041.US03L_IMPROVE_Davis.lev2.nas
64 1001
MISSING INFORMATION
US03L, IMPROVE, , , , , , , 
MISSING INFORMATION
IMPROVE sel_HTAP
1 1
2001 01 01 2019 12 16
3.00
days from file reference point
25
1 1 1 1 1 1 1 1 1 1 1 1 1 1 1 1 1 1 1 1 1 1 1 1 1
999.99 9999.99 9.999 99.99 9.999 9.999 9.999999 99.99 9.999 9.999 9.999 99.999 9.999 99.999 9.999 999.999 9.999 999.999 9.999 999.999 9.999 9.999 9.999 99.999 9.999
end_time of measurement, days from the file reference point
iron, ng/m3, Revision date=20181210133000
numflag iron, no unit, Revision date=20181210133000
lead, ng/m3, Revision date=20181210133000
numflag lead, no unit, Revision date=20181210133000
magnesium, ug/m3, Revision date=20181210133000
numflag magnesium, no unit, Revision date=20181210133000
nickel, ng/m3, Revision date=20181210133000
numflag nickel, no unit, Revision date=20181210133000
nitrate, ug N/m3, Revision date=20181210133000
numflag nitrate, no unit, Revision date=20181210133000
organic_carbon, ug C/m3, Revision date=20181210133000
numflag organic_carbon, no unit, Revision date=20181210133000
organic_mass, ug/m3, Revision date=20181210133000
numflag organic_mass, no unit, Revision date=20181210133000
pm10_mass, ug/m3, Version=2, Version description=Data extracted from http://views.cira.colostate.edu/fed/DataWizard 2019-12-16, Sample duration=1d, Orig. time res.=3d, Matrix=pm10, Blank correction=Blank corrected, Volume std. temperature=ambient, Volume std. pressure=ambient
numflag pm10_mass, no unit, Version=2, Version description=Data extracted from http://views.cira.colostate.edu/fed/DataWizard 2019-12-16, Sample duration=1d, Orig. time res.=3d, Matrix=pm10, Blank correction=Blank corrected, Volume std. temperature=ambient, Volume std. pressure=ambient
pm10_pm25_mass, ug/m3, Revision date=20181210133000, Matrix=pm10_pm25
numflag pm10_pm25_mass, no unit, Revision date=20181210133000, Matrix=pm10_pm25
pm25_mass, ug/m3, Version=2, Version description=Data extracted from http://views.cira.colostate.edu/fed/DataWizard 2019-12-16, Sample duration=1d, Orig. time res.=3d, Blank correction=Blank corrected, Volume std. temperature=ambient, Volume std. pressure=ambient
numflag pm25_mass, no unit, Version=2, Version description=Data extracted from http://views.cira.colostate.edu/fed/DataWizard 2019-12-16, Sample duration=1d, Orig. time res.=3d, Blank correction=Blank corrected, Volume std. temperature=ambient, Volume std. pressure=ambient
potassium, ug/m3, Revision date=20181210133000
numflag potassium, no unit, Revision date=20181210133000
sulphate_total, ug S/m3, Revision date=20181210133000
numflag sulphate_total, no unit, Revision date=20181210133000
0
25
Data definition:              EBAS_1.1
Set type code:                TU
Timezone:                     UTC
File name:                    US0041R.20010101060000.20191216000000.filterpack..pm25.52w.1w.US03L_filterpack_US0041.US03L_IMPROVE_Davis.lev2.nas
File creation:                20191218115757
Startdate:                    20010101060000
Revision date:                20191216000000
Statistics:                   arithmetic mean
Data level:                   2
Period code:                  52w
Resolution code:              1w
Station code:                 US0041R
Platform code:                US0041S
Station name:                 Breton
Station latitude:             29.1189
Station longitude:            -89.2066
Station altitude:             11.0 m
Regime:                       IMG
Component:                    
Matrix:                       pm25
Laboratory code:              US03L
Instrument type:              filterpack
Instrument name:              filterpack_US0041
Method ref:                   US03L_IMPROVE_Davis
starttime endtime Fe flag_Fe Pb flag_Pb Mg++ flag_Mg++ Ni flag_Ni NO3- flag_NO3- OC flag_OC OM flag_OM PM10 flag_PM10 PM10-PM2.5 flag_PM10-PM2.5 PM2.5 flag_PM2.5 K+ flag_K+ SO4-- flag_SO4--
[from data line 94]
282.25 283.25    3.76 0.000  0.97 0.000 9.999 0.259000  0.46 0.000 0.056 0.000  0.413 0.000  0.578 0.000  34.549 0.559  29.606 0.000   4.943 0.000 0.039 0.000  0.883 0.000
285.25 286.25    5.10 0.000  1.06 0.000 9.999 0.259000  0.86 0.000 0.036 0.000  0.294 0.000  0.412 0.000  23.326 0.559  19.718 0.000   3.608 0.000 0.037 0.000  0.597 0.000
288.25 289.25    5.40 0.000  0.33 0.000 9.999 0.259000  0.12 0.000 0.033 0.000  0.745 0.000  1.043 0.000 999.999 0.456 999.999 0.999   3.215 0.000 0.019 0.000  0.344 0.000
291.25 292.25    8.68 0.000  0.78 0.000 9.999 0.259000  0.28 0.000 0.051 0.000  1.320 0.000  1.848 0.000 999.999 0.456 999.999 0.999   8.696 0.000 0.038 0.000  1.317 0.000
294.25 295.25    3.93 0.000  0.37 0.000 9.999 0.259000  0.34 0.000 0.043 0.000  0.843 0.000  1.180 0.000 999.999 0.456 999.999 0.999   4.185 0.000 0.012 0.000  0.577 0.000
297.25 298.25    9.80 0.000  0.10 0.000 9.999 0.259000  0.97 0.000 0.046 0.000  1.165 0.000  1.631 0.000  14.698 0.559  10.954 0.000   3.744 0.000 0.021 0.000  0.378 0.000
300.25 301.25    6.77 0.000  0.89 0.000 9.999 0.259000 99.99 0.259 0.042 0.000  1.045 0.000  1.463 0.000  13.717 0.559   8.412 0.000   5.305 0.000 0.022 0.000  0.786 0.000
303.25 304.25    5.42 0.000  0.53 0.000 9.999 0.259000  0.20 0.000 0.037 0.000  0.945 0.000  1.322 0.000  14.485 0.559   9.705 0.000   4.780 0.000 0.026 0.000  0.653 0.000
306.25 307.25    5.03 0.000  0.67 0.000 9.999 0.259000  0.33 0.000 0.062 0.000  0.875 0.000  1.225 0.000  21.172 0.559  16.512 0.000   4.660 0.000 0.022 0.000  0.641 0.000
309.25 310.25   19.16 0.000  2.69 0.000 9.999 0.259000  0.16 0.000 0.161 0.000  3.184 0.000  4.457 0.000  26.004 0.559  11.002 0.000  15.002 0.000 0.056 0.000  1.678 0.000
312.25 313.25   15.18 0.000  1.67 0.000 0.051 0.000000  0.92 0.000 0.212 0.000  3.287 0.000  4.601 0.000  23.943 0.559  10.354 0.000  13.590 0.000 0.075 0.000  1.698 0.000
315.25 316.25   15.00 0.000  3.09 0.000 9.999 0.259000  1.64 0.000 0.313 0.000  3.748 0.000  5.248 0.000  29.235 0.559  12.397 0.000  16.839 0.000 0.093 0.000  2.312 0.000
318.25 319.25    8.39 0.000  0.79 0.000 9.999 0.259000  0.29 0.000 0.047 0.000  0.862 0.000  1.207 0.000  16.317 0.559  11.917 0.000   4.400 0.000 0.021 0.000  0.524 0.000
321.25 322.25   11.87 0.000  1.89 0.000 9.999 0.259000  0.35 0.000 0.430 0.000  4.466 0.000  6.253 0.000  28.703 0.559  14.867 0.000  13.836 0.000 0.050 0.000  1.780 0.000
324.25 325.25    6.64 0.000  0.99 0.000 9.999 0.259000 99.99 0.259 0.043 0.000  0.809 0.000  1.133 0.000   9.281 0.559   5.340 0.000   3.942 0.000 0.025 0.000  0.420 0.000
327.25 328.25    1.84 0.000  0.61 0.000 0.035 0.000000  0.94 0.000 0.044 0.000  0.358 0.000  0.501 0.000  23.963 0.559  19.675 0.000   4.287 0.000 0.028 0.000  0.766 0.000
330.25 331.25    0.76 0.000  0.13 0.000 9.999 0.259000  0.57 0.000 0.043 0.000  0.263 0.000  0.368 0.000  19.526 0.559  17.035 0.000   2.491 0.000 0.026 0.000  0.394 0.000
333.25 334.25    3.85 0.000  1.18 0.000 9.999 0.259000  0.78 0.000 0.093 0.000  0.427 0.000  0.598 0.000   7.202 0.559   3.580 0.000   3.622 0.000 0.022 0.000  0.645 0.000
336.25 337.25   11.63 0.000  2.29 0.000 9.999 0.259000  0.75 0.000 0.223 0.000  1.914 0.000  2.679 0.000  16.530 0.559   6.452 0.000  10.079 0.000 0.042 0.000  1.212 0.000
339.25 340.25    4.20 0.000  0.72 0.000 9.999 0.259000  0.50 0.000 0.105 0.000  0.844 0.000  1.181 0.000  20.152 0.559  14.859 0.000   5.293 0.000 0.022 0.000  0.646 0.000
342.25 343.25    7.93 0.000  1.62 0.000 9.999 0.259000 99.99 0.259 0.061 0.000  1.009 0.000  1.412 0.000  15.891 0.559   8.394 0.000   7.497 0.000 0.026 0.000  1.343 0.000
345.25 346.25    1.68 0.000  1.52 0.000 9.999 0.259000  0.47 0.000 0.044 0.000  1.125 0.000  1.576 0.000  14.059 0.559  10.327 0.000   3.732 0.000 0.011 0.000  0.667 0.000
348.25 349.25    4.34 0.000  0.93 0.000 0.089 0.000000 99.99 0.259 0.117 0.000  0.842 0.000  1.179 0.000  14.145 0.559   9.894 0.000   4.250 0.000 0.012 0.000  0.534 0.000
351.25 352.25    2.33 0.000  0.67 0.000 9.999 0.259000 99.99 0.259 0.047 0.000  0.728 0.000  1.019 0.000   5.769 0.559   3.137 0.000   2.632 0.000 0.013 0.000  0.309 0.000
354.25 355.25    6.27 0.000  1.09 0.000 9.999 0.259000 99.99 0.259 0.033 0.000  0.720 0.000  1.008 0.000   8.745 0.559   5.675 0.000   3.070 0.000 0.018 0.000  0.307 0.000
357.25 358.25    3.72 0.000  0.85 0.000 9.999 0.259000 99.99 0.259 0.049 0.000  0.789 0.000  1.105 0.000   6.643 0.559   4.258 0.000   2.384 0.000 0.017 0.000  0.224 0.000
360.25 361.25    5.85 0.000  0.50 0.000 9.999 0.259000  1.16 0.000 0.048 0.000  0.894 0.000  1.251 0.000   3.831 0.559   1.018 0.000   2.813 0.000 0.018 0.000  0.252 0.000
363.25 364.25    5.41 0.000  1.11 0.000 0.067 0.000000  0.15 0.000 0.061 0.000  1.248 0.000  1.747 0.000  10.117 0.559   5.705 0.000   4.411 0.000 0.025 0.000  0.518 0.000
