scripts/IMPROVE-2019_partial/data/US0095R.19960103070000.20191216000000.filterpack...1y.3d.US03L_filterpack_US0095.US03L_IMPROVE_Davis.lev2.nas
51 1001
MISSING INFORMATION
US03L, IMPROVE, , , , , , , 
MISSING INFORMATION
IMPROVE sel_HTAP
1 1
1996 01 01 2019 12 16
0
days from file reference point
4
1 1 1 1
999.999999 999.999 999.999 9.999
end_time of measurement, days from the file reference point
pm10_mass, ug/m3, Matrix=pm10
pm25_mass, ug/m3, Matrix=pm25
numflag, no unit
0
33
Data definition:              EBAS_1.1
Set type code:                TI
Timezone:                     UTC
File name:                    US0095R.19960103070000.20191216000000.filterpack...1y.3d.US03L_filterpack_US0095.US03L_IMPROVE_Davis.lev2.nas
File creation:                20191218120149
Startdate:                    19960103070000
Revision date:                20191216000000
Version:                      2
Version description:          "Data extracted from http://views.cira.colostate.edu/fed/DataWizard 2019-12-16"
Statistics:                   arithmetic mean
Data level:                   2
Period code:                  1y
Resolution code:              3d
Sample duration:              1d
Orig. time res.:              3d
Station code:                 US0095R
Platform code:                US0095S
Station name:                 Petrified Forest NP
Station latitude:             35.0777
Station longitude:            -109.7692
Station altitude:             1766.0 m
Regime:                       IMG
Component:                    
Unit:                         ug/m3
Matrix:                       
Laboratory code:              US03L
Instrument type:              filterpack
Instrument name:              filterpack_US0095
Method ref:                   US03L_IMPROVE_Davis
Blank correction:             Blank corrected
Volume std. temperature:      ambient
Volume std. pressure:         ambient
starttime endtime PM10 PM2.5 flag
  2.291667   3.291667   2.433   1.086 0.000
  5.291667   6.291667   6.059   1.900 0.000
  9.291667  10.291667   3.925   1.619 0.000
 12.291667  13.291667   4.403   2.190 0.000
 16.291667  17.291667  14.632   2.418 0.000
 19.291667  20.291667   1.709   0.938 0.000
 23.291667  24.291667   2.012   1.157 0.000
 26.291667  27.291667   2.922   1.251 0.000
 30.291667  31.291667   4.747   1.482 0.000
 33.291667  34.291667   2.451   1.614 0.000
 37.291667  38.291667   4.733   2.125 0.000
 40.291667  41.291667   5.836   2.185 0.000
 44.291667  45.291667   8.108   4.538 0.000
 47.291667  48.291667   5.899   2.132 0.000
 51.291667  52.291667   3.099   1.249 0.000
 54.291667  55.291667   5.013   2.132 0.000
 58.291667  59.291667   2.689   1.922 0.000
 61.291667  62.291667   3.941   1.426 0.000
 65.291667  66.291667   4.944   1.540 0.000
 68.291667  69.291667   3.417   1.203 0.000
 72.291667  73.291667   3.589   1.268 0.000
 75.291667  76.291667   3.915   2.195 0.000
 79.291667  80.291667 999.999 999.999 0.999
 82.291667  83.291667 999.999 999.999 0.999
 86.291667  87.291667   7.959   3.916 0.000
 89.291667  90.291667   5.652   1.993 0.000
 93.291667  94.291667   4.526   1.728 0.000
 96.291667  97.291667   4.913   2.608 0.000
100.291667 101.291667  14.872   5.059 0.000
103.291667 104.291667  10.157   2.346 0.000
107.291667 108.291667  14.583   4.896 0.000
110.291667 111.291667  10.743   4.431 0.000
114.291667 115.291667 999.999 999.999 0.999
117.291667 118.291667   9.706   4.710 0.000
121.291667 122.291667   9.079   4.269 0.000
124.291667 125.291667  10.444   4.930 0.000
128.291667 129.291667   9.887   5.698 0.000
131.291667 132.291667   7.380   3.561 0.000
135.291667 136.291667  12.889   5.471 0.000
138.291667 139.291667  11.106   4.232 0.000
142.291667 143.291667  18.811  10.295 0.000
145.291667 146.291667   9.066   6.731 0.000
149.291667 150.291667  11.111   5.361 0.000
152.291667 153.291667  14.160   5.751 0.000
156.291667 157.291667 999.999 999.999 0.999
159.291667 160.291667 999.999 999.999 0.999
163.291667 164.291667 999.999 999.999 0.999
166.291667 167.291667   8.013   4.782 0.000
170.291667 171.291667   7.985   5.445 0.000
173.291667 174.291667   7.495   3.714 0.000
177.291667 178.291667 999.999 999.999 0.999
180.291667 181.291667   5.856   3.801 0.000
184.291667 185.291667   8.666   5.298 0.000
187.291667 188.291667   7.178   4.759 0.000
191.291667 192.291667   7.213   4.438 0.000
194.291667 195.291667   6.621   3.774 0.000
198.291667 199.291667   8.738   5.223 0.000
201.291667 202.291667   6.800   3.502 0.000
205.291667 206.291667  16.291   6.974 0.000
208.291667 209.291667  10.866   4.999 0.000
212.291667 213.291667   7.282   4.191 0.000
215.291667 216.291667  10.399   5.657 0.000
219.291667 220.291667  10.548   3.170 0.000
222.291667 223.291667   7.484   3.200 0.000
226.291667 227.291667  11.975   5.586 0.000
229.291667 230.291667  15.148   6.518 0.000
233.291667 234.291667   8.995   2.597 0.000
236.291667 237.291667   6.081   3.622 0.000
240.291667 241.291667 999.999 999.999 0.999
243.291667 244.291667 999.999 999.999 0.999
247.291667 248.291667  10.773   5.216 0.000
250.291667 251.291667   5.208   2.465 0.000
254.291667 255.291667 999.999 999.999 0.999
257.291667 258.291667   4.472   1.659 0.000
261.291667 262.291667   9.706   3.564 0.000
264.291667 265.291667  10.491   3.488 0.000
268.291667 269.291667   5.484   2.963 0.000
271.291667 272.291667   4.159   2.068 0.000
275.291667 276.291667  11.104   4.256 0.000
278.291667 279.291667   7.364   5.216 0.000
282.291667 283.291667   9.501   4.682 0.000
285.291667 286.291667  10.678   6.881 0.000
289.291667 290.291667  21.468   5.569 0.000
292.291667 293.291667  21.319   4.455 0.000
296.291667 297.291667   4.340   2.778 0.000
299.291667 300.291667  11.833   3.083 0.000
303.291667 304.291667   6.082   2.805 0.000
306.291667 307.291667  17.747   1.999 0.000
310.291667 311.291667   6.151   3.575 0.000
313.291667 314.291667   6.627   2.235 0.000
317.291667 318.291667 999.999 999.999 0.999
320.291667 321.291667 999.999 999.999 0.999
324.291667 325.291667   3.294   2.200 0.000
327.291667 328.291667   1.908   1.055 0.000
331.291667 332.291667   3.929 999.999 0.000
334.291667 335.291667   2.677   1.321 0.000
338.291667 339.291667 999.999 999.999 0.999
341.291667 342.291667 999.999 999.999 0.999
345.291667 346.291667   5.047   1.676 0.000
348.291667 349.291667   8.884   4.447 0.000
352.291667 353.291667 999.999 999.999 0.999
355.291667 356.291667   7.992   2.186 0.000
359.291667 360.291667 999.999   1.900 0.000
362.291667 363.291667 999.999   1.797 0.000
