scripts/IMPROVE-2019_partial/data/US0010U.20110103060000.20191216000000.filterpack...1y.3d.US03L_filterpack_US0010.US03L_IMPROVE_Davis.lev2.nas
52 1001
MISSING INFORMATION
US03L, IMPROVE, , , , , , , 
MISSING INFORMATION
IMPROVE sel_HTAP
1 1
2011 01 01 2019 12 16
3.00
days from file reference point
5
1 1 1 1 1
999.99 999.999 9.999 999.999 9.999
end_time of measurement, days from the file reference point
pm10_mass, ug/m3, Matrix=pm10
numflag pm10_mass, no unit, Matrix=pm10
pm25_mass, ug/m3, Matrix=pm25
numflag pm25_mass, no unit, Matrix=pm25
0
33
Data definition:              EBAS_1.1
Set type code:                TU
Timezone:                     UTC
File name:                    US0010U.20110103060000.20191216000000.filterpack...1y.3d.US03L_filterpack_US0010.US03L_IMPROVE_Davis.lev2.nas
File creation:                20191218115604
Startdate:                    20110103060000
Revision date:                20191216000000
Version:                      2
Version description:          "Data extracted from http://views.cira.colostate.edu/fed/DataWizard 2019-12-16"
Statistics:                   arithmetic mean
Data level:                   2
Period code:                  1y
Resolution code:              3d
Sample duration:              1d
Orig. time res.:              3d
Station code:                 US0010U
Platform code:                US0010S
Station name:                 Birmingham
Station latitude:             33.5531
Station longitude:            -86.8148
Station altitude:             175.0 m
Regime:                       IMG
Component:                    
Unit:                         ug/m3
Matrix:                       
Laboratory code:              US03L
Instrument type:              filterpack
Instrument name:              filterpack_US0010
Method ref:                   US03L_IMPROVE_Davis
Blank correction:             Blank corrected
Volume std. temperature:      ambient
Volume std. pressure:         ambient
starttime endtime PM10 flag_PM10 PM2.5 flag_PM2.5
  2.25   3.25  33.043 0.000  17.858 0.000
  5.25   6.25 999.999 0.999 999.999 0.999
  8.25   9.25 999.999 0.999 999.999 0.999
 11.25  12.25 999.999 0.999 999.999 0.999
 14.25  15.25  39.855 0.000  20.649 0.000
 17.25  18.25  19.603 0.000  15.227 0.000
 20.25  21.25   8.396 0.000   5.579 0.000
 23.25  24.25  17.743 0.000   8.328 0.000
 26.25  27.25  25.954 0.000  13.514 0.000
 29.25  30.25  23.188 0.000  14.635 0.000
 32.25  33.25   7.452 0.000   5.267 0.000
 35.25  36.25   7.370 0.000   4.878 0.000
 38.25  39.25   8.961 0.000   6.206 0.000
 41.25  42.25  14.603 0.000   8.831 0.000
 44.25  45.25  24.796 0.000  11.377 0.000
 47.25  48.25  68.903 0.000  30.919 0.000
 50.25  51.25  21.927 0.000  13.306 0.000
 53.25  54.25  29.750 0.000  14.303 0.000
 56.25  57.25  17.611 0.000   9.938 0.000
 59.25  60.25  21.163 0.000  12.831 0.000
 62.25  63.25  25.207 0.000  11.641 0.000
 65.25  66.25  14.848 0.000  10.193 0.000
 68.25  69.25   8.232 0.000   6.280 0.000
 71.25  72.25  19.654 0.000  10.370 0.000
 74.25  75.25  16.465 0.000   8.318 0.000
 77.25  78.25  37.489 0.000  19.838 0.000
 80.25  81.25  28.845 0.000  16.845 0.000
 83.25  84.25  22.857 0.000  10.643 0.000
 86.25  87.25   9.751 0.000   6.796 0.000
 89.25  90.25  21.328 0.000  17.227 0.000
 92.25  93.25  23.314 0.000  11.734 0.000
 95.25  96.25  26.369 0.000  10.329 0.000
 98.25  99.25  20.815 0.000  12.317 0.000
101.25 102.25   9.427 0.000   5.531 0.000
104.25 105.25  19.025 0.000  11.560 0.000
107.25 108.25  21.333 0.000   9.610 0.000
110.25 111.25  15.623 0.000   8.656 0.000
113.25 114.25  15.783 0.000   8.149 0.000
116.25 117.25 999.999 0.999 999.999 0.999
119.25 120.25  19.653 0.000  10.064 0.000
122.25 123.25   8.715 0.000   4.625 0.000
125.25 126.25  30.507 0.000  13.833 0.000
128.25 129.25  31.737 0.000  19.181 0.000
131.25 132.25  34.545 0.000  18.153 0.000
134.25 135.25   5.971 0.000   3.116 0.000
137.25 138.25  23.454 0.000  12.968 0.000
140.25 141.25  35.558 0.000  21.780 0.000
143.25 144.25  26.380 0.000  14.745 0.000
146.25 147.25  20.529 0.000  11.319 0.000
149.25 150.25  29.881 0.000  20.011 0.000
152.25 153.25  50.891 0.000  33.838 0.000
155.25 156.25  42.287 0.000  29.056 0.000
158.25 159.25 999.999 0.999 999.999 0.999
161.25 162.25 999.999 0.999 999.999 0.999
164.25 165.25  36.032 0.000  21.482 0.000
167.25 168.25  17.703 0.000   9.361 0.000
170.25 171.25  15.252 0.000   8.438 0.000
173.25 174.25  16.099 0.000   7.972 0.000
176.25 177.25  17.169 0.000   9.843 0.000
179.25 180.25  25.782 0.000  14.862 0.000
182.25 183.25  41.786 0.000  22.571 0.000
185.25 186.25 999.999 0.999 999.999 0.999
188.25 189.25  34.074 0.000  19.200 0.000
191.25 192.25  25.607 0.000  16.115 0.000
194.25 195.25  23.613 0.000  13.316 0.000
197.25 198.25  16.503 0.000   6.695 0.000
200.25 201.25  27.578 0.000  16.965 0.000
203.25 204.25  14.275 0.000   8.774 0.000
206.25 207.25  24.812 0.000  14.247 0.000
209.25 210.25  19.740 0.000   9.217 0.000
212.25 213.25  25.894 0.000  15.383 0.000
215.25 216.25  20.785 0.000   8.045 0.000
218.25 219.25  19.379 0.000  13.022 0.000
221.25 222.25  17.884 0.000   8.470 0.000
224.25 225.25  27.347 0.000  15.498 0.000
227.25 228.25  26.943 0.000  13.893 0.000
230.25 231.25  46.899 0.000  25.635 0.000
233.25 234.25  31.321 0.000  16.442 0.000
236.25 237.25  36.684 0.000  19.021 0.000
239.25 240.25  23.501 0.000  12.761 0.000
242.25 243.25 999.999 0.456  22.524 0.000
245.25 246.25  31.809 0.000  16.856 0.000
248.25 249.25   4.927 0.000   3.006 0.000
251.25 252.25  24.041 0.000  11.230 0.000
254.25 255.25  39.619 0.000  21.082 0.000
257.25 258.25  14.641 0.000   9.317 0.000
260.25 261.25  17.685 0.000  11.371 0.000
263.25 264.25  15.924 0.000   8.777 0.000
266.25 267.25 999.999 0.999 999.999 0.999
269.25 270.25  15.241 0.000   8.216 0.000
272.25 273.25  25.752 0.000   8.791 0.000
275.25 276.25 999.999 0.999 999.999 0.999
278.25 279.25 999.999 0.999 999.999 0.999
281.25 282.25 999.999 0.999 999.999 0.999
284.25 285.25  11.673 0.000   5.178 0.000
287.25 288.25  33.112 0.000  12.901 0.000
290.25 291.25  36.379 0.000  16.022 0.000
293.25 294.25  23.546 0.000   8.400 0.000
296.25 297.25  30.541 0.000  12.330 0.000
299.25 300.25  33.921 0.000  15.297 0.000
302.25 303.25  22.126 0.000  12.244 0.000
305.25 306.25  31.185 0.000  16.670 0.000
308.25 309.25  19.768 0.000  14.374 0.000
311.25 312.25  16.500 0.000   7.036 0.000
314.25 315.25  24.965 0.000  10.258 0.000
317.25 318.25  12.242 0.000   4.744 0.000
320.25 321.25  10.275 0.000   4.374 0.000
323.25 324.25  14.971 0.000   9.672 0.000
326.25 327.25   7.965 0.000   4.639 0.000
329.25 330.25  11.524 0.000   4.146 0.000
332.25 333.25   4.266 0.000   2.622 0.000
335.25 336.25  47.933 0.000  23.929 0.000
338.25 339.25  13.397 0.000   5.822 0.000
341.25 342.25  15.704 0.000  10.115 0.000
344.25 345.25  15.464 0.000   9.585 0.000
347.25 348.25  23.611 0.000  11.432 0.000
350.25 351.25  10.608 0.000   7.358 0.000
353.25 354.25  14.241 0.000   7.720 0.000
356.25 357.25   7.144 0.000   5.549 0.000
359.25 360.25   8.458 0.000   6.454 0.000
362.25 363.25  32.307 0.000  17.891 0.000
