scripts/IMPROVE-2019_partial/data/US0066R.20020102050000.20191216000000.filterpack..pm25.52w.1w.US03L_filterpack_US0066.US03L_IMPROVE_Davis.lev2.nas
66 1001
MISSING INFORMATION
US03L, IMPROVE, , , , , , , 
MISSING INFORMATION
IMPROVE sel_HTAP
1 1
2002 01 01 2019 12 16
3.000000
days from file reference point
27
1 1 1 1 1 1 1 1 1 1 1 1 1 1 1 1 1 1 1 1 1 1 1 1 1 1 1
999.999999 9999.99 9.999 99.99 9.999 9.999 9.999999 99.99 9.999999 99.999 9.999 999.999 9.999 999.999 9.999 999.99 9.999999 999.999 9.999 999.999 9.999 999.999 9.999 9.999 9.999 99.999 9.999
end_time of measurement, days from the file reference point
iron, ng/m3, Revision date=20181210133000
numflag iron, no unit, Revision date=20181210133000
lead, ng/m3, Revision date=20181210133000
numflag lead, no unit, Revision date=20181210133000
magnesium, ug/m3, Revision date=20181210133000
numflag magnesium, no unit, Revision date=20181210133000
nickel, ng/m3, Revision date=20181210133000
numflag nickel, no unit, Revision date=20181210133000
nitrate, ug N/m3, Revision date=20181210133000
numflag nitrate, no unit, Revision date=20181210133000
organic_carbon, ug C/m3, Revision date=20181210133000
numflag organic_carbon, no unit, Revision date=20181210133000
organic_mass, ug/m3, Revision date=20181210133000
numflag organic_mass, no unit, Revision date=20181210133000
phosphorus, ng/m3, Revision date=20181210133000
numflag phosphorus, no unit, Revision date=20181210133000
pm10_mass, ug/m3, Version=2, Version description=Data extracted from http://views.cira.colostate.edu/fed/DataWizard 2019-12-16, Sample duration=1d, Orig. time res.=3d, Matrix=pm10, Blank correction=Blank corrected, Volume std. temperature=ambient, Volume std. pressure=ambient
numflag pm10_mass, no unit, Version=2, Version description=Data extracted from http://views.cira.colostate.edu/fed/DataWizard 2019-12-16, Sample duration=1d, Orig. time res.=3d, Matrix=pm10, Blank correction=Blank corrected, Volume std. temperature=ambient, Volume std. pressure=ambient
pm10_pm25_mass, ug/m3, Revision date=20181210133000, Matrix=pm10_pm25
numflag pm10_pm25_mass, no unit, Revision date=20181210133000, Matrix=pm10_pm25
pm25_mass, ug/m3, Version=2, Version description=Data extracted from http://views.cira.colostate.edu/fed/DataWizard 2019-12-16, Sample duration=1d, Orig. time res.=3d, Blank correction=Blank corrected, Volume std. temperature=ambient, Volume std. pressure=ambient
numflag pm25_mass, no unit, Version=2, Version description=Data extracted from http://views.cira.colostate.edu/fed/DataWizard 2019-12-16, Sample duration=1d, Orig. time res.=3d, Blank correction=Blank corrected, Volume std. temperature=ambient, Volume std. pressure=ambient
potassium, ug/m3, Revision date=20181210133000
numflag potassium, no unit, Revision date=20181210133000
sulphate_total, ug S/m3, Revision date=20181210133000
numflag sulphate_total, no unit, Revision date=20181210133000
0
25
Data definition:              EBAS_1.1
Set type code:                TU
Timezone:                     UTC
File name:                    US0066R.20020102050000.20191216000000.filterpack..pm25.52w.1w.US03L_filterpack_US0066.US03L_IMPROVE_Davis.lev2.nas
File creation:                20191218115944
Startdate:                    20020102050000
Revision date:                20191216000000
Statistics:                   arithmetic mean
Data level:                   2
Period code:                  52w
Resolution code:              1w
Station code:                 US0066R
Platform code:                US0066S
Station name:                 Connecticut Hill
Station latitude:             42.4009
Station longitude:            -76.6534
Station altitude:             519.0 m
Regime:                       IMG
Component:                    
Matrix:                       pm25
Laboratory code:              US03L
Instrument type:              filterpack
Instrument name:              filterpack_US0066
Method ref:                   US03L_IMPROVE_Davis
starttime endtime Fe flag_Fe Pb flag_Pb Mg++ flag_Mg++ Ni flag_Ni NO3- flag_NO3- OC flag_OC OM flag_OM P flag_P PM10 flag_PM10 PM10-PM2.5 flag_PM10-PM2.5 PM2.5 flag_PM2.5 K+ flag_K+ SO4-- flag_SO4--
[from data line 80]
241.208333 242.208333   12.11 0.000  2.35 0.000 9.999 0.259000 99.99 0.259000  0.138 0.000   1.500 0.000   2.100 0.000 999.99 0.259000   7.925 0.000   2.614 0.000   5.311 0.000 0.027 0.000  0.565 0.000
244.208333 245.208333    7.78 0.000  4.62 0.000 0.021 0.000000 99.99 0.259000  0.058 0.000   0.888 0.000   1.243 0.000 999.99 0.259000   5.239 0.000   2.045 0.000   3.194 0.000 0.021 0.000  0.331 0.000
247.208333 248.208333   11.25 0.000  2.41 0.000 9.999 0.259000 99.99 0.259000  0.029 0.559   0.670 0.000   0.939 0.000  16.57 0.000000   5.767 0.000   3.228 0.000   2.538 0.000 0.012 0.000  0.300 0.559
250.208333 251.208333   33.96 0.000  3.12 0.000 9.999 0.259000  0.38 0.000000  0.035 0.559   1.990 0.000   2.787 0.000 999.99 0.259000  15.148 0.000   4.702 0.000  10.446 0.000 0.034 0.000  1.439 0.559
253.208333 254.208333   12.51 0.000  1.04 0.000 0.037 0.000000 99.99 0.259000  0.019 0.000   0.616 0.000   0.862 0.000 999.99 0.259000  11.070 0.000   4.808 0.000   6.262 0.000 0.014 0.000  1.030 0.000
256.208333 257.208333   49.42 0.000  3.18 0.000 9.999 0.259000  0.19 0.000000  0.048 0.000   2.291 0.000   3.207 0.000 999.99 0.259000  22.222 0.000   6.206 0.000  16.017 0.000 0.044 0.000  2.380 0.000
259.208333 260.208333   26.48 0.000  2.60 0.000 9.999 0.259000  0.29 0.000000  0.213 0.000   1.147 0.000   1.606 0.000 999.99 0.259000  12.879 0.000   4.405 0.000   8.475 0.000 0.027 0.000  1.438 0.000
262.208333 263.208333   56.90 0.000  5.06 0.000 9.999 0.259000  1.10 0.000000  0.137 0.000   2.802 0.000   3.923 0.000 999.99 0.259000  36.520 0.000   5.300 0.000  31.219 0.000 0.047 0.000  5.767 0.000
265.208333 266.208333   12.44 0.000  0.95 0.000 9.999 0.259000 99.99 0.259000  0.040 0.000   0.728 0.000   1.019 0.000 999.99 0.259000   6.457 0.000   3.030 0.000   3.427 0.000 0.017 0.000  0.462 0.000
268.208333 269.208333   32.50 0.000  2.76 0.000 9.999 0.259000  0.44 0.000000  0.069 0.000   1.286 0.000   1.801 0.000 999.99 0.259000  10.417 0.000   3.623 0.000   6.793 0.000 0.029 0.000  0.756 0.000
271.208333 272.208333   13.64 0.000  3.36 0.000 9.999 0.259000  0.16 0.000000  0.024 0.000   1.353 0.000   1.894 0.000 999.99 0.259000  10.457 0.000   2.421 0.000   8.036 0.000 0.033 0.000  1.159 0.000
274.208333 275.208333 9999.99 0.456 99.99 0.456 9.999 0.456000 99.99 0.456000  0.051 0.000   2.658 0.000   3.721 0.000 999.99 0.456000  30.556 0.000 999.999 0.999 999.999 0.456 9.999 0.456  4.887 0.000
277.208333 278.208333   12.15 0.000  1.39 0.000 0.021 0.000000  0.23 0.000000  0.030 0.000   0.809 0.000   1.133 0.000 999.99 0.259000   8.975 0.000   4.123 0.000   4.852 0.000 0.022 0.000  0.799 0.000
280.208333 281.208333    9.18 0.000  1.08 0.000 0.023 0.000000  0.13 0.000000  0.050 0.000   0.617 0.000   0.864 0.000 999.99 0.259000   4.573 0.000   1.623 0.000   2.950 0.000 0.019 0.000  0.391 0.000
283.208333 284.208333    3.05 0.000  1.03 0.000 9.999 0.259000 99.99 0.259000  0.058 0.000   0.353 0.000   0.495 0.000 999.99 0.259000   2.369 0.000   1.112 0.000   1.257 0.000 0.005 0.000  0.193 0.000
286.208333 287.208333    6.07 0.000  0.78 0.000 9.999 0.259000 99.99 0.259000  0.037 0.000   0.437 0.000   0.612 0.000 999.99 0.259000   3.164 0.000   1.420 0.000   1.744 0.000 0.016 0.000  0.214 0.000
289.208333 290.208333    7.86 0.000  1.36 0.000 9.999 0.259000  0.25 0.000000  0.084 0.000   0.646 0.000   0.904 0.000 999.99 0.259000   5.229 0.000   1.438 0.000   3.791 0.000 0.011 0.000  0.648 0.000
292.208333 293.208333    7.91 0.000  1.89 0.000 9.999 0.259000  0.13 0.000000  0.035 0.000   0.885 0.000   1.240 0.000 999.99 0.259000   5.260 0.000   1.335 0.000   3.925 0.000 0.035 0.000  0.555 0.000
295.208333 296.208333    8.52 0.000  2.16 0.000 9.999 0.259000 99.99 0.259000  0.234 0.000   0.742 0.000   1.039 0.000 999.99 0.259000   4.684 0.000   0.954 0.000   3.730 0.000 0.019 0.000  0.432 0.000
298.208333 299.208333    9.47 0.000  1.73 0.000 0.020 0.000000  0.60 0.000000  0.184 0.000   0.574 0.000   0.803 0.000 999.99 0.259000   4.643 0.000   0.809 0.000   3.835 0.000 0.011 0.000  0.525 0.000
301.208333 302.208333    9.18 0.000  2.97 0.000 9.999 0.259000  0.21 0.000000  0.216 0.000   1.156 0.000   1.618 0.000 999.99 0.259000   5.430 0.000   1.006 0.000   4.424 0.000 0.022 0.000  0.507 0.000
304.208333 305.208333   16.13 0.000  1.68 0.000 9.999 0.259000  0.17 0.000000  0.252 0.000   0.821 0.000   1.149 0.000 999.99 0.259000   5.580 0.000   1.183 0.000   4.397 0.000 0.023 0.000  0.506 0.000
307.208333 308.208333   20.18 0.000  3.35 0.000 9.999 0.259000  0.13 0.000000  0.705 0.000   1.446 0.000   2.024 0.000 999.99 0.259000  12.649 0.000   1.532 0.000  11.117 0.000 0.039 0.000  1.103 0.000
310.208333 311.208333   10.62 0.000  1.31 0.000 9.999 0.259000 99.99 0.259000  0.135 0.000   0.518 0.000   0.725 0.000 999.99 0.259000   5.043 0.000   2.067 0.000   2.976 0.000 0.022 0.000  0.403 0.000
313.208333 314.208333   18.45 0.000  2.33 0.000 9.999 0.259000  0.24 0.000000  0.135 0.000   2.150 0.000   3.011 0.000 999.99 0.259000  14.297 0.000   2.538 0.000  11.759 0.000 0.041 0.000  1.623 0.000
316.208333 317.208333   30.27 0.000  2.72 0.000 9.999 0.259000  0.26 0.000000  0.555 0.000   1.001 0.000   1.402 0.000 999.99 0.259000  10.314 0.000   1.136 0.000   9.178 0.000 0.027 0.000  1.143 0.000
319.208333 320.208333   15.34 0.000  2.56 0.000 0.016 0.000000 99.99 0.259000  0.399 0.000   0.698 0.000   0.977 0.000 999.99 0.259000   5.208 0.000   0.353 0.000   4.855 0.000 0.027 0.000  0.412 0.000
322.208333 323.208333   25.41 0.000  2.95 0.000 9.999 0.259000  0.30 0.000000  0.274 0.000   1.218 0.000   1.704 0.000 999.99 0.259000   7.905 0.000   0.354 0.000   7.550 0.000 0.036 0.000  0.886 0.000
325.208333 326.208333   11.96 0.000  2.03 0.000 9.999 0.259000  0.64 0.000000  0.352 0.000   1.055 0.000   1.477 0.000 999.99 0.259000   6.738 0.000   0.513 0.000   6.225 0.000 0.023 0.000  0.762 0.000
328.208333 329.208333   25.26 0.000  4.34 0.000 9.999 0.259000  0.12 0.000000  1.261 0.000   1.616 0.000   2.263 0.000 999.99 0.259000  15.873 0.000   1.550 0.000  14.323 0.000 0.051 0.000  0.947 0.000
331.208333 332.208333   21.83 0.000  2.80 0.000 9.999 0.259000  0.12 0.000000  0.443 0.000   0.840 0.000   1.176 0.000 999.99 0.259000   7.441 0.000   1.103 0.000   6.338 0.000 0.027 0.000  0.581 0.000
334.208333 335.208333    6.96 0.000  0.98 0.000 0.018 0.000000  0.11 0.000000  0.073 0.000   0.263 0.000   0.368 0.000 999.99 0.259000   3.368 0.000   1.196 0.000   2.172 0.000 0.013 0.000  0.306 0.000
337.208333 338.208333    9.72 0.000  1.65 0.000 9.999 0.259000  0.21 0.000000  0.165 0.000   0.715 0.000   1.001 0.000 999.99 0.259000   4.699 0.000   0.971 0.000   3.728 0.000 0.018 0.000  0.490 0.000
340.208333 341.208333   31.03 0.000  6.20 0.000 9.999 0.259000 99.99 0.259000  0.488 0.000   1.433 0.000   2.006 0.000 999.99 0.259000  11.450 0.000   1.886 0.000   9.564 0.000 0.042 0.000  1.098 0.000
343.208333 344.208333   24.69 0.000  2.43 0.000 9.999 0.259000  0.17 0.000000  0.345 0.000   1.228 0.000   1.720 0.000 999.99 0.259000   9.685 0.000   2.995 0.000   6.690 0.000 0.042 0.000  0.604 0.000
346.208333 347.208333    4.96 0.000  1.43 0.000 9.999 0.259000  0.25 0.000000  0.173 0.000   0.703 0.000   0.984 0.000 999.99 0.259000   5.250 0.000   0.041 0.000   5.208 0.000 0.015 0.000  0.905 0.000
349.208333 350.208333    5.70 0.000  0.51 0.000 9.999 0.259000 99.99 0.259000  0.148 0.000   0.587 0.000   0.822 0.000 999.99 0.259000   3.390 0.000   0.427 0.000   2.963 0.000 0.016 0.000  0.352 0.000
352.208333 353.208333   57.54 0.000  4.26 0.000 9.999 0.259000  2.07 0.000000  1.065 0.000   2.385 0.000   3.339 0.000 999.99 0.259000  17.715 0.000   3.457 0.000  14.258 0.000 0.066 0.000  0.987 0.000
355.208333 356.208333   19.58 0.000  1.74 0.000 9.999 0.259000 99.99 0.259000  0.155 0.000   0.649 0.000   0.909 0.000 999.99 0.259000   6.490 0.000   2.323 0.000   4.167 0.000 0.022 0.000  0.609 0.000
358.208333 359.208333    5.52 0.000  0.72 0.000 9.999 0.259000  0.29 0.000000  0.148 0.000   0.716 0.000   1.002 0.000 999.99 0.259000   4.200 0.000   0.294 0.000   3.906 0.000 0.024 0.000  0.346 0.000
361.208333 362.208333   27.96 0.000  3.07 0.000 9.999 0.259000 99.99 0.259000  0.287 0.000   1.395 0.000   1.953 0.000 999.99 0.259000  12.558 0.000   0.872 0.000  11.686 0.000 0.056 0.000  1.948 0.000
364.208333 365.208333   38.61 0.000  2.99 0.000 0.050 0.000000  0.38 0.000000  0.652 0.000   1.748 0.000   2.448 0.000 999.99 0.259000  14.243 0.000   1.543 0.000  12.700 0.000 0.062 0.000  1.454 0.000
