scripts/IMPROVE-2019_partial/data/US0011R.20030103060000.20191216000000.filterpack..pm25.1y.1w.US03L_filterpack_US0011.US03L_IMPROVE_Davis.lev2.nas
64 1001
MISSING INFORMATION
US03L, IMPROVE, , , , , , , 
MISSING INFORMATION
IMPROVE sel_HTAP
1 1
2003 01 01 2019 12 16
3.00
days from file reference point
25
1 1 1 1 1 1 1 1 1 1 1 1 1 1 1 1 1 1 1 1 1 1 1 1 1
999.99 9999.99 9.999 99.99 9.999 9.999 9.999999 99.99 9.999999 99.999 9.999 99.999 9.999 999.999 9.999 999.999 9.999 999.999 9.999 999.999 9.999 9.999 9.999 99.999 9.999
end_time of measurement, days from the file reference point
iron, ng/m3, Revision date=20181210133000
numflag iron, no unit, Revision date=20181210133000
lead, ng/m3, Revision date=20181210133000
numflag lead, no unit, Revision date=20181210133000
magnesium, ug/m3, Revision date=20181210133000
numflag magnesium, no unit, Revision date=20181210133000
nickel, ng/m3, Revision date=20181210133000
numflag nickel, no unit, Revision date=20181210133000
nitrate, ug N/m3, Revision date=20181210133000
numflag nitrate, no unit, Revision date=20181210133000
organic_carbon, ug C/m3, Revision date=20181210133000
numflag organic_carbon, no unit, Revision date=20181210133000
organic_mass, ug/m3, Revision date=20181210133000
numflag organic_mass, no unit, Revision date=20181210133000
pm10_mass, ug/m3, Version=2, Version description=Data extracted from http://views.cira.colostate.edu/fed/DataWizard 2019-12-16, Sample duration=1d, Orig. time res.=3d, Matrix=pm10, Blank correction=Blank corrected, Volume std. temperature=ambient, Volume std. pressure=ambient
numflag pm10_mass, no unit, Version=2, Version description=Data extracted from http://views.cira.colostate.edu/fed/DataWizard 2019-12-16, Sample duration=1d, Orig. time res.=3d, Matrix=pm10, Blank correction=Blank corrected, Volume std. temperature=ambient, Volume std. pressure=ambient
pm10_pm25_mass, ug/m3, Revision date=20181210133000, Matrix=pm10_pm25
numflag pm10_pm25_mass, no unit, Revision date=20181210133000, Matrix=pm10_pm25
pm25_mass, ug/m3, Version=2, Version description=Data extracted from http://views.cira.colostate.edu/fed/DataWizard 2019-12-16, Sample duration=1d, Orig. time res.=3d, Blank correction=Blank corrected, Volume std. temperature=ambient, Volume std. pressure=ambient
numflag pm25_mass, no unit, Version=2, Version description=Data extracted from http://views.cira.colostate.edu/fed/DataWizard 2019-12-16, Sample duration=1d, Orig. time res.=3d, Blank correction=Blank corrected, Volume std. temperature=ambient, Volume std. pressure=ambient
potassium, ug/m3, Revision date=20181210133000
numflag potassium, no unit, Revision date=20181210133000
sulphate_total, ug S/m3, Revision date=20181210133000
numflag sulphate_total, no unit, Revision date=20181210133000
0
25
Data definition:              EBAS_1.1
Set type code:                TU
Timezone:                     UTC
File name:                    US0011R.20030103060000.20191216000000.filterpack..pm25.1y.1w.US03L_filterpack_US0011.US03L_IMPROVE_Davis.lev2.nas
File creation:                20191218115607
Startdate:                    20030103060000
Revision date:                20191216000000
Statistics:                   arithmetic mean
Data level:                   2
Period code:                  1y
Resolution code:              1w
Station code:                 US0011R
Platform code:                US0011S
Station name:                 Caney Creek
Station latitude:             34.4544
Station longitude:            -94.1429
Station altitude:             683.0 m
Regime:                       IMG
Component:                    
Matrix:                       pm25
Laboratory code:              US03L
Instrument type:              filterpack
Instrument name:              filterpack_US0011
Method ref:                   US03L_IMPROVE_Davis
starttime endtime Fe flag_Fe Pb flag_Pb Mg++ flag_Mg++ Ni flag_Ni NO3- flag_NO3- OC flag_OC OM flag_OM PM10 flag_PM10 PM10-PM2.5 flag_PM10-PM2.5 PM2.5 flag_PM2.5 K+ flag_K+ SO4-- flag_SO4--
  2.25   3.25   12.05 0.000  1.22 0.000 0.014 0.000000 99.99 0.259000  0.614 0.000  0.624 0.000   0.873 0.000   7.110 0.000   3.137 0.000   3.973 0.000 0.019 0.000  0.353 0.000
  5.25   6.25   23.73 0.000  1.30 0.000 9.999 0.259000 99.99 0.259000  0.554 0.000  0.965 0.000   1.351 0.000  10.334 0.000   4.444 0.000   5.890 0.000 0.038 0.000  0.450 0.000
  8.25   9.25   28.26 0.000  1.38 0.000 9.999 0.259000  0.10 0.000000  0.244 0.000  1.675 0.000   2.345 0.000  12.862 0.000   5.738 0.000   7.124 0.000 0.054 0.000  0.839 0.000
 11.25  12.25   18.36 0.000  0.99 0.000 9.999 0.259000 99.99 0.259000  0.293 0.000  1.407 0.000   1.970 0.000   8.608 0.000   4.027 0.000   4.580 0.000 0.046 0.000  0.154 0.000
 14.25  15.25   24.94 0.000  2.34 0.000 9.999 0.259000 99.99 0.259000  1.274 0.000  2.344 0.000   3.282 0.000  22.256 0.000   6.328 0.000  15.928 0.000 0.060 0.000  1.082 0.000
 17.25  18.25   10.67 0.000  0.82 0.000 0.021 0.000000 99.99 0.259000  0.342 0.559  0.568 0.000   0.795 0.000   7.277 0.000   4.054 0.000   3.223 0.000 0.021 0.000  0.220 0.559
 20.25  21.25   10.84 0.000  1.61 0.000 9.999 0.259000  0.22 0.000000  0.525 0.000  1.077 0.000   1.508 0.000  12.623 0.000   4.736 0.000   7.887 0.000 0.036 0.000  0.977 0.000
 23.25  24.25   23.89 0.000  0.97 0.000 9.999 0.259000 99.99 0.259000  0.405 0.559  1.332 0.000   1.864 0.000  10.816 0.000   4.729 0.000   6.088 0.000 0.046 0.000  0.243 0.559
 26.25  27.25   36.93 0.000  2.73 0.000 9.999 0.259000 99.99 0.259000  1.004 0.000  2.153 0.000   3.014 0.000  20.959 0.000   7.218 0.000  13.741 0.000 0.079 0.000  0.921 0.000
 29.25  30.25    7.41 0.000  1.02 0.000 9.999 0.259000 99.99 0.259000  0.282 0.000  0.859 0.000   1.202 0.000   5.115 0.000   0.741 0.000   4.373 0.000 0.019 0.000  0.641 0.000
 32.25  33.25   18.90 0.000  1.47 0.000 9.999 0.259000  0.32 0.000000  0.439 0.000  2.824 0.000   3.953 0.000  14.752 0.000   2.705 0.000  12.047 0.000 0.049 0.000  1.531 0.000
 35.25  36.25   12.08 0.000  0.95 0.000 9.999 0.259000  0.10 0.000000  0.201 0.000  1.748 0.000   2.448 0.000   7.111 0.000   3.057 0.000   4.053 0.000 0.031 0.000  0.272 0.000
 38.25  39.25    9.92 0.000  0.92 0.000 0.018 0.000000 99.99 0.259000  0.576 0.000  1.177 0.000   1.647 0.000   8.150 0.000   2.152 0.000   5.999 0.000 0.044 0.000  0.370 0.000
 41.25  42.25   19.15 0.000  1.98 0.000 0.016 0.000000 99.99 0.259000  0.370 0.000  1.474 0.000   2.064 0.000   9.260 0.000   3.039 0.000   6.221 0.000 0.028 0.000  0.790 0.000
 44.25  45.25    2.99 0.000  0.44 0.000 9.999 0.259000 99.99 0.259000  0.067 0.000  0.418 0.000   0.586 0.000   2.507 0.000   1.171 0.000   1.336 0.000 0.011 0.000  0.201 0.000
 47.25  48.25   10.61 0.000  1.38 0.000 0.038 0.000000 99.99 0.259000  0.727 0.000  0.944 0.000   1.322 0.000   8.109 0.000   0.987 0.000   7.122 0.000 0.028 0.000  0.901 0.000
 50.25  51.25    1.75 0.000  0.43 0.000 9.999 0.259000 99.99 0.259000  0.068 0.000  0.275 0.000   0.385 0.000   3.119 0.000   0.636 0.000   2.482 0.000 0.009 0.000  0.395 0.000
 53.25  54.25   10.24 0.000  1.19 0.000 9.999 0.259000 99.99 0.259000  1.089 0.000  0.750 0.000   1.049 0.000  12.932 0.000   2.308 0.000  10.624 0.000 0.023 0.000  1.174 0.000
 56.25  57.25    0.70 0.000  0.22 0.000 0.023 0.000000 99.99 0.259000  0.052 0.000  0.247 0.000   0.346 0.000   1.281 0.000   0.234 0.000   1.048 0.000 0.008 0.000  0.178 0.000
 59.25  60.25    1.83 0.000  0.46 0.000 0.030 0.000000  0.10 0.000000  0.151 0.000  0.392 0.000   0.549 0.000   3.596 0.000   0.996 0.000   2.601 0.000 0.010 0.000  0.429 0.000
 62.25  63.25   14.14 0.000  1.25 0.000 9.999 0.259000 99.99 0.259000  0.358 0.000  1.202 0.000   1.683 0.000   9.264 0.000   1.097 0.000   8.167 0.000 0.049 0.000  1.275 0.000
 65.25  66.25   32.45 0.000  1.99 0.000 9.999 0.259000  0.11 0.000000  0.401 0.000  1.458 0.000   2.041 0.000  13.104 0.000   4.782 0.000   8.321 0.000 0.059 0.000  1.191 0.000
 68.25  69.25   33.75 0.000  3.44 0.000 0.054 0.000000 99.99 0.259000  0.666 0.000  4.037 0.000   5.651 0.000  16.741 0.000   5.248 0.000  11.493 0.000 0.054 0.000  0.778 0.000
 71.25  72.25   38.68 0.000  0.97 0.000 9.999 0.259000  0.12 0.000000  0.194 0.000  1.168 0.000   1.635 0.000   8.742 0.000   3.347 0.000   5.395 0.000 0.053 0.000  0.655 0.000
 74.25  75.25   35.95 0.000  2.33 0.000 9.999 0.259000 99.99 0.259000  0.288 0.000  2.348 0.000   3.288 0.000  17.299 0.000   3.020 0.000  14.280 0.000 0.059 0.000  2.124 0.000
 77.25  78.25  125.11 0.000  0.59 0.000 9.999 0.259000 99.99 0.259000  0.096 0.000  0.587 0.000   0.822 0.000  25.189 0.000  20.064 0.000   5.125 0.000 0.093 0.000  0.311 0.000
 80.25  81.25   27.24 0.000  1.09 0.000 9.999 0.259000 99.99 0.259000  0.319 0.000  0.945 0.000   1.323 0.000   8.432 0.000   3.506 0.000   4.926 0.000 0.033 0.000  0.637 0.000
 83.25  84.25   24.92 0.000  1.39 0.000 9.999 0.259000  0.34 0.000000  0.360 0.000  2.773 0.000   3.883 0.000  13.537 0.000   2.054 0.000  11.483 0.000 0.045 0.000  1.398 0.000
 86.25  87.25   13.27 0.000  0.70 0.000 0.048 0.000000 99.99 0.259000  0.314 0.000  1.039 0.000   1.454 0.000   7.069 0.000   1.786 0.000   5.282 0.000 0.023 0.000  0.693 0.000
 89.25  90.25   30.55 0.000  1.55 0.000 0.021 0.000000 99.99 0.259000  0.196 0.000  1.833 0.000   2.566 0.000  11.810 0.000   5.464 0.000   6.346 0.000 0.057 0.000  0.529 0.000
 92.25  93.25   21.56 0.000  0.81 0.000 9.999 0.259000  0.28 0.000000  0.181 0.000  8.471 0.000  11.860 0.000  24.942 0.000   5.084 0.000  19.859 0.000 0.055 0.000  1.320 0.000
 95.25  96.25   16.06 0.000  1.64 0.000 0.016 0.000000  0.15 0.000000  0.108 0.000  1.002 0.000   1.403 0.000   7.150 0.000   2.370 0.000   4.780 0.000 0.038 0.000  0.554 0.000
 98.25  99.25   15.07 0.000  1.26 0.000 0.024 0.000000  0.10 0.000000  0.486 0.000  2.764 0.000   3.870 0.000  12.204 0.000   2.411 0.000   9.793 0.000 0.034 0.000  1.159 0.000
101.25 102.25   59.67 0.000  1.73 0.000 9.999 0.259000 99.99 0.259000  0.165 0.000  4.795 0.000   6.714 0.000  21.080 0.000   8.724 0.000  12.356 0.000 0.099 0.000  0.658 0.000
104.25 105.25   69.80 0.000  1.21 0.000 9.999 0.259000  0.50 0.000000  0.078 0.000  2.486 0.000   3.480 0.000  19.749 0.000   8.999 0.000  10.749 0.000 0.073 0.000  1.329 0.000
107.25 108.25  137.34 0.000  1.20 0.000 9.999 0.259000  0.11 0.000000  0.080 0.000  2.855 0.000   3.997 0.000  30.449 0.000  19.697 0.000  10.752 0.000 0.112 0.000  0.696 0.000
110.25 111.25   35.91 0.000  1.09 0.000 9.999 0.259000 99.99 0.259000  0.042 0.000  0.834 0.000   1.168 0.000   7.438 0.000   3.661 0.000   3.777 0.000 0.032 0.000  0.348 0.000
113.25 114.25   90.80 0.000  0.79 0.000 9.999 0.259000  0.15 0.000000  0.106 0.000  1.646 0.000   2.304 0.000  25.189 0.000  16.976 0.000   8.213 0.000 0.104 0.000  0.756 0.000
116.25 117.25   36.68 0.000  2.42 0.000 9.999 0.259000 99.99 0.259000  0.059 0.000  1.732 0.000   2.424 0.000  23.340 0.000  11.165 0.000  12.175 0.000 0.046 0.000  2.001 0.000
119.25 120.25   47.66 0.000  0.95 0.000 9.999 0.259000  0.24 0.000000  0.112 0.000  2.915 0.000   4.081 0.000  25.286 0.000  11.908 0.000  13.378 0.000 0.084 0.000  1.662 0.000
122.25 123.25   27.87 0.000  2.17 0.000 9.999 0.259000  0.08 0.000000  0.078 0.000  1.841 0.000   2.577 0.000  18.096 0.000   7.171 0.000  10.925 0.000 0.052 0.000  1.656 0.000
125.25 126.25  167.04 0.559  0.86 0.559 9.999 0.559259  0.46 0.559000  0.282 0.000  4.636 0.000   6.491 0.000  39.684 0.000  17.771 0.000  21.913 0.559 0.266 0.559  2.014 0.000
128.25 129.25  138.48 0.000  0.85 0.000 9.999 0.259000  0.46 0.000000  0.265 0.000  4.893 0.000   6.851 0.000  37.229 0.000  17.979 0.000  19.250 0.000 0.277 0.000  1.741 0.000
131.25 132.25   23.86 0.000  0.66 0.000 0.021 0.000000 99.99 0.259000  0.018 0.000  1.271 0.000   1.780 0.000  12.337 0.000   8.381 0.000   3.955 0.000 0.023 0.000  0.290 0.000
134.25 135.25   70.07 0.000  0.66 0.000 9.999 0.259000 99.99 0.259000  0.088 0.000  1.890 0.000   2.647 0.000  15.890 0.000   7.142 0.000   8.748 0.000 0.085 0.000  0.906 0.000
137.25 138.25   29.71 0.000  1.33 0.000 9.999 0.259000  0.14 0.000000  0.079 0.000  1.250 0.000   1.751 0.000  14.457 0.000   4.460 0.000   9.998 0.000 0.041 0.000  1.664 0.000
140.25 141.25   14.03 0.000  1.10 0.000 0.011 0.000000 99.99 0.259000  0.114 0.000  1.442 0.000   2.018 0.000  11.243 0.000   5.545 0.000   5.698 0.000 0.032 0.000  0.532 0.000
143.25 144.25   39.28 0.000  2.74 0.000 9.999 0.259000 99.99 0.259000  0.144 0.000  3.988 0.000   5.583 0.000  23.897 0.000   5.962 0.000  17.935 0.000 0.057 0.000  2.090 0.000
146.25 147.25   25.89 0.000  2.03 0.000 0.011 0.000000 99.99 0.259000  0.026 0.000  2.408 0.000   3.372 0.000  17.915 0.000   9.452 0.000   8.463 0.000 0.029 0.000  0.760 0.000
149.25 150.25   60.62 0.000  1.36 0.000 9.999 0.259000 99.99 0.259000  0.040 0.000  3.458 0.000   4.842 0.000  23.229 0.000  11.394 0.000  11.836 0.000 0.052 0.000  1.048 0.000
152.25 153.25   45.97 0.000  1.29 0.000 9.999 0.259000 99.99 0.259000  0.180 0.000  2.852 0.000   3.993 0.000  19.331 0.000   5.653 0.000  13.678 0.000 0.193 0.000  1.412 0.000
155.25 156.25   12.36 0.000  1.03 0.000 9.999 0.259000  0.08 0.000000  0.197 0.000  1.809 0.000   2.532 0.000  11.520 0.000   3.403 0.000   8.117 0.000 0.142 0.000  0.953 0.000
158.25 159.25   11.02 0.000  0.45 0.000 9.999 0.259000 99.99 0.259000  0.022 0.000  0.793 0.000   1.110 0.000   6.863 0.000   3.540 0.000   3.323 0.000 0.015 0.000  0.322 0.000
161.25 162.25   29.03 0.000 99.99 0.259 9.999 0.259000  0.15 0.000000  0.095 0.000  1.111 0.000   1.556 0.000  10.478 0.000   4.167 0.000   6.310 0.000 0.042 0.000  0.838 0.000
164.25 165.25   17.50 0.000 99.99 0.259 9.999 0.259000  0.09 0.000000  0.068 0.000  1.352 0.000   1.893 0.000  13.072 0.000   4.769 0.000   8.303 0.000 0.054 0.000  1.185 0.000
167.25 168.25   16.51 0.000  0.37 0.000 9.999 0.259000  0.08 0.000000  0.027 0.000  0.699 0.000   0.978 0.000   9.193 0.000   5.989 0.000   3.204 0.000 0.022 0.000  0.335 0.000
170.25 171.25   34.62 0.000  2.87 0.000 9.999 0.259000  0.10 0.000000  0.075 0.000  2.744 0.000   3.841 0.000  34.477 0.000   7.735 0.000  26.742 0.000 0.107 0.000  4.713 0.000
173.25 174.25   24.93 0.000  1.18 0.000 9.999 0.259000  0.22 0.000000  0.057 0.000  2.967 0.000   4.154 0.000  20.302 0.000   4.008 0.000  16.294 0.000 0.048 0.000  2.204 0.000
176.25 177.25   22.84 0.000  0.67 0.000 0.072 0.000000  0.15 0.000000  0.071 0.000  1.141 0.000   1.597 0.000  11.560 0.000   6.119 0.000   5.441 0.000 0.056 0.000  0.605 0.000
179.25 180.25   24.86 0.000  0.87 0.000 9.999 0.259000  0.12 0.000000  0.039 0.000  2.037 0.000   2.852 0.000  15.676 0.000   4.263 0.000  11.413 0.000 0.051 0.000  1.497 0.000
182.25 183.25  136.30 0.000  0.88 0.000 9.999 0.259000  0.15 0.000000  0.053 0.000  1.767 0.000   2.474 0.000  14.457 0.000   4.386 0.000  10.071 0.000 0.087 0.000  0.959 0.000
185.25 186.25   87.81 0.000  1.43 0.000 9.999 0.259000  0.11 0.000000  0.083 0.000  1.242 0.000   1.739 0.000  12.282 0.000   3.855 0.000   8.428 0.000 0.106 0.000  1.055 0.000
188.25 189.25  100.19 0.000  0.58 0.000 9.999 0.259000  0.44 0.000000  0.106 0.000  1.505 0.000   2.107 0.000 999.999 0.456 999.999 0.999   8.780 0.000 0.068 0.000  1.004 0.000
191.25 192.25   55.06 0.000  0.41 0.000 9.999 0.259000  0.15 0.000000  0.062 0.000  2.029 0.000   2.840 0.000  13.930 0.000   5.378 0.000   8.552 0.000 0.054 0.000  0.782 0.000
194.25 195.25  140.76 0.000  0.77 0.000 0.032 0.000000  0.30 0.000000  0.084 0.000  2.291 0.000   3.208 0.000  18.015 0.000   5.581 0.000  12.433 0.000 0.087 0.000  1.299 0.000
197.25 198.25  209.26 0.000  0.66 0.000 9.999 0.259000  0.32 0.000000  0.122 0.559  1.672 0.000   2.340 0.000  14.443 0.000   4.132 0.000  10.310 0.000 0.094 0.000  0.830 0.559
200.25 201.25  336.57 0.000  2.14 0.000 9.999 0.259000  0.18 0.000000  0.130 0.559  2.242 0.000   3.139 0.000  25.264 0.000   7.720 0.000  17.544 0.000 0.142 0.000  1.546 0.559
203.25 204.25   31.05 0.000  0.89 0.000 9.999 0.259000 99.99 0.259000  0.033 0.559  1.637 0.000   2.291 0.000  11.834 0.000   5.641 0.000   6.193 0.000 0.030 0.000  0.530 0.559
206.25 207.25  400.24 0.000  1.09 0.000 9.999 0.259000  0.23 0.000000  0.111 0.559  2.922 0.000   4.090 0.000  34.599 0.000  13.735 0.000  20.864 0.000 0.166 0.000  2.032 0.559
209.25 210.25  338.44 0.000  0.78 0.000 9.999 0.259000  0.48 0.000000  0.110 0.559  2.282 0.000   3.195 0.000  23.860 0.000  11.556 0.000  12.304 0.000 0.139 0.000  0.768 0.559
212.25 213.25  408.04 0.000  1.25 0.000 9.999 0.259000  0.22 0.000000  0.140 0.000  2.198 0.000   3.077 0.000  30.161 0.000  13.318 0.000  16.843 0.000 0.165 0.000  1.225 0.000
215.25 216.25  463.87 0.000  2.11 0.000 9.999 0.259000  0.22 0.000000  0.147 0.559  2.059 0.000   2.882 0.000  31.065 0.000  14.477 0.000  16.588 0.000 0.218 0.000  0.994 0.559
218.25 219.25  101.45 0.000  1.02 0.000 0.043 0.000000 99.99 0.259000  0.047 0.559  2.728 0.000   3.820 0.000  19.689 0.000   5.862 0.000  13.828 0.000 0.081 0.000  1.462 0.559
221.25 222.25   29.80 0.000  1.41 0.000 9.999 0.259000  0.08 0.000000  0.029 0.559  3.011 0.000   4.216 0.000  22.957 0.000   6.855 0.000  16.103 0.000 0.043 0.000  1.955 0.559
224.25 225.25   30.83 0.000  1.66 0.000 9.999 0.259000 99.99 0.259000  0.050 0.559  2.478 0.000   3.469 0.000  21.743 0.000   4.670 0.000  17.073 0.000 0.042 0.000  2.888 0.559
227.25 228.25   74.58 0.000  0.62 0.000 9.999 0.259000 99.99 0.259000  0.035 0.559  1.985 0.000   2.779 0.000  14.461 0.000   5.030 0.000   9.431 0.000 0.048 0.000  0.973 0.559
230.25 231.25   76.29 0.456  1.14 0.456 9.999 0.456259 99.99 0.456259  0.040 0.559  3.706 0.000   5.189 0.000  23.736 0.000 999.999 0.999 999.999 0.456 0.072 0.456  2.016 0.559
233.25 234.25   86.63 0.000  1.48 0.000 9.999 0.259000  0.14 0.000000  0.037 0.000  3.568 0.000   4.996 0.000  23.148 0.000   5.147 0.000  18.001 0.000 0.085 0.000  2.208 0.000
236.25 237.25   45.76 0.000  0.94 0.000 9.999 0.259000  0.17 0.000000  0.031 0.000  5.302 0.000   7.423 0.000  26.716 0.000   5.456 0.000  21.260 0.000 0.091 0.000  2.262 0.000
239.25 240.25 9999.99 0.999 99.99 0.999 9.999 0.999000 99.99 0.999000 99.999 0.999 99.999 0.999 999.999 0.999 999.999 0.999 999.999 0.999 999.999 0.999 9.999 0.999 99.999 0.999
242.25 243.25 9999.99 0.999 99.99 0.999 9.999 0.999000 99.99 0.999000 99.999 0.999 99.999 0.999 999.999 0.999 999.999 0.999 999.999 0.999 999.999 0.999 9.999 0.999 99.999 0.999
245.25 246.25 9999.99 0.999 99.99 0.999 9.999 0.999000 99.99 0.999000 99.999 0.999 99.999 0.999 999.999 0.999 999.999 0.999 999.999 0.999 999.999 0.999 9.999 0.999 99.999 0.999
248.25 249.25   18.19 0.000  1.31 0.000 9.999 0.259000 99.99 0.259000  0.028 0.559  1.464 0.000   2.050 0.000  11.438 0.000   4.584 0.000   6.854 0.000 0.023 0.000  0.700 0.559
251.25 252.25   22.86 0.000  1.22 0.000 0.043 0.000000  0.11 0.000000  0.022 0.559  4.877 0.000   6.827 0.000  26.347 0.000   4.497 0.000  21.849 0.000 0.066 0.000  2.998 0.559
254.25 255.25    1.85 0.000  0.24 0.000 9.999 0.259000 99.99 0.259000  0.030 0.000  0.363 0.000   0.508 0.000   2.696 0.000   1.217 0.000   1.480 0.000 0.009 0.000  0.156 0.000
257.25 258.25   12.21 0.000  1.04 0.000 9.999 0.259000 99.99 0.259000  0.024 0.559  0.964 0.000   1.349 0.000   7.189 0.000   2.759 0.000   4.430 0.000 0.015 0.000  0.422 0.559
260.25 261.25   32.19 0.000  1.61 0.000 9.999 0.259000  0.14 0.000000  0.033 0.559  5.173 0.000   7.242 0.000  21.201 0.000   5.341 0.000  15.860 0.000 0.096 0.000  1.307 0.559
263.25 264.25   39.15 0.000  1.66 0.000 0.067 0.000000  0.09 0.000000  0.099 0.559  6.350 0.000   8.890 0.000  29.380 0.000   6.689 0.000  22.691 0.000 0.164 0.000  2.228 0.559
266.25 267.25   39.89 0.000  1.35 0.000 9.999 0.259000  1.43 0.000000  0.092 0.559  4.277 0.000   5.988 0.000  21.902 0.000   5.089 0.000  16.813 0.000 0.071 0.000  1.666 0.559
269.25 270.25   30.41 0.000  1.45 0.000 9.999 0.259000 99.99 0.259000  0.067 0.559  2.088 0.000   2.923 0.000  16.994 0.000   6.881 0.000  10.112 0.000 0.050 0.000  1.056 0.559
