scripts/IMPROVE-2019_partial/data/US0025R.20100102080000.20191216000000.filterpack...52w.3d.US03L_filterpack_US0025.US03L_IMPROVE_Davis.lev2.nas
52 1001
MISSING INFORMATION
US03L, IMPROVE, , , , , , , 
MISSING INFORMATION
IMPROVE sel_HTAP
1 1
2010 01 01 2019 12 16
3.000000
days from file reference point
5
1 1 1 1 1
999.999999 999.999 9.999 999.999 9.999
end_time of measurement, days from the file reference point
pm10_mass, ug/m3, Matrix=pm10
numflag pm10_mass, no unit, Matrix=pm10
pm25_mass, ug/m3, Matrix=pm25
numflag pm25_mass, no unit, Matrix=pm25
0
33
Data definition:              EBAS_1.1
Set type code:                TU
Timezone:                     UTC
File name:                    US0025R.20100102080000.20191216000000.filterpack...52w.3d.US03L_filterpack_US0025.US03L_IMPROVE_Davis.lev2.nas
File creation:                20191218115707
Startdate:                    20100102080000
Revision date:                20191216000000
Version:                      2
Version description:          "Data extracted from http://views.cira.colostate.edu/fed/DataWizard 2019-12-16"
Statistics:                   arithmetic mean
Data level:                   2
Period code:                  52w
Resolution code:              3d
Sample duration:              1d
Orig. time res.:              3d
Station code:                 US0025R
Platform code:                US0025S
Station name:                 Agua Tibia
Station latitude:             33.4636
Station longitude:            -116.9706
Station altitude:             507.0 m
Regime:                       IMG
Component:                    
Unit:                         ug/m3
Matrix:                       
Laboratory code:              US03L
Instrument type:              filterpack
Instrument name:              filterpack_US0025
Method ref:                   US03L_IMPROVE_Davis
Blank correction:             Blank corrected
Volume std. temperature:      ambient
Volume std. pressure:         ambient
starttime endtime PM10 flag_PM10 PM2.5 flag_PM2.5
  1.333333   2.333333   2.914 0.000   0.956 0.000
  4.333333   5.333333   4.061 0.000   1.023 0.000
  7.333333   8.333333   6.050 0.000   1.348 0.000
 10.333333  11.333333   3.271 0.000   1.040 0.000
 13.333333  14.333333   8.650 0.000   2.361 0.000
 16.333333  17.333333   9.357 0.000   4.569 0.000
 19.333333  20.333333   5.203 0.000   1.836 0.000
 22.333333  23.333333   5.426 0.000   1.943 0.000
 25.333333  26.333333  14.567 0.000   9.575 0.000
 28.333333  29.333333   5.345 0.000   2.311 0.000
 31.333333  32.333333   8.976 0.000   5.056 0.000
 34.333333  35.333333  11.418 0.000   6.777 0.000
 37.333333  38.333333   7.318 0.000   2.433 0.000
 40.333333  41.333333   3.155 0.000   1.211 0.000
 43.333333  44.333333   6.898 0.000   2.676 0.000
 46.333333  47.333333   7.287 0.000   2.547 0.000
 49.333333  50.333333  12.298 0.000   5.341 0.000
 52.333333  53.333333   7.430 0.000   2.444 0.000
 55.333333  56.333333   4.796 0.000   2.272 0.000
 58.333333  59.333333   4.469 0.000   1.854 0.000
 61.333333  62.333333   5.812 0.000   2.313 0.000
 64.333333  65.333333   7.747 0.000   3.017 0.000
 67.333333  68.333333  10.132 0.000   3.213 0.000
 70.333333  71.333333  11.446 0.000   4.322 0.000
 73.333333  74.333333   5.644 0.000   2.232 0.000
 76.333333  77.333333  17.507 0.000   6.029 0.000
 79.333333  80.333333  15.017 0.000   5.245 0.000
 82.333333  83.333333 999.999 0.999 999.999 0.999
 85.333333  86.333333 999.999 0.999 999.999 0.999
 88.333333  89.333333 999.999 0.999 999.999 0.999
 91.333333  92.333333  22.148 0.000   2.995 0.000
 94.333333  95.333333   7.791 0.000   2.959 0.000
 97.333333  98.333333   7.775 0.000   2.392 0.000
100.333333 101.333333  18.659 0.000   8.313 0.000
103.333333 104.333333  13.070 0.000   5.303 0.000
106.333333 107.333333  14.852 0.000   7.539 0.000
109.333333 110.333333   8.665 0.000   3.804 0.000
112.333333 113.333333   7.622 0.000   2.760 0.000
115.333333 116.333333  14.883 0.000   7.826 0.000
118.333333 119.333333  12.355 0.000   4.031 0.000
121.333333 122.333333  17.258 0.000   7.344 0.000
124.333333 125.333333 999.999 0.999 999.999 0.999
127.333333 128.333333  20.200 0.000   8.264 0.000
130.333333 131.333333  11.553 0.000   3.918 0.000
133.333333 134.333333  21.929 0.000   8.503 0.000
136.333333 137.333333   8.725 0.000   4.909 0.000
139.333333 140.333333  28.281 0.000   5.717 0.000
142.333333 143.333333  16.144 0.000   4.165 0.000
145.333333 146.333333  12.918 0.000   4.552 0.000
148.333333 149.333333  15.989 0.000   4.726 0.000
151.333333 152.333333  20.477 0.000   8.536 0.000
154.333333 155.333333  20.565 0.000   8.987 0.000
157.333333 158.333333  14.171 0.000   6.064 0.000
160.333333 161.333333  16.494 0.000   5.253 0.000
163.333333 164.333333  20.419 0.000   8.010 0.000
166.333333 167.333333 999.999 0.999 999.999 0.999
169.333333 170.333333 999.999 0.999 999.999 0.999
172.333333 173.333333 999.999 0.999 999.999 0.999
175.333333 176.333333  18.764 0.000   7.101 0.000
178.333333 179.333333  15.685 0.000   9.468 0.000
181.333333 182.333333  14.675 0.000   5.387 0.000
184.333333 185.333333  18.819 0.000   8.409 0.000
187.333333 188.333333 999.999 0.999 999.999 0.999
190.333333 191.333333  24.133 0.000  10.232 0.000
193.333333 194.333333  17.464 0.000   7.213 0.000
196.333333 197.333333  27.504 0.000  14.449 0.000
199.333333 200.333333  24.130 0.000  10.373 0.000
202.333333 203.333333 999.999 0.999 999.999 0.999
205.333333 206.333333  18.282 0.000   7.493 0.000
208.333333 209.333333 999.999 0.999 999.999 0.999
211.333333 212.333333  19.615 0.000   8.273 0.000
214.333333 215.333333  17.165 0.000   5.389 0.000
217.333333 218.333333  21.921 0.000   7.290 0.000
220.333333 221.333333  13.240 0.000   4.321 0.000
223.333333 224.333333  16.114 0.000   4.612 0.000
226.333333 227.333333  13.806 0.000   4.189 0.000
229.333333 230.333333 999.999 0.999 999.999 0.999
232.333333 233.333333  12.139 0.000   4.017 0.000
235.333333 236.333333  18.996 0.000   6.127 0.000
238.333333 239.333333  35.866 0.000   9.606 0.000
241.333333 242.333333  16.137 0.000   6.206 0.000
244.333333 245.333333  17.718 0.000   7.540 0.000
247.333333 248.333333  12.399 0.000   5.026 0.000
250.333333 251.333333 999.999 0.999 999.999 0.999
253.333333 254.333333  16.252 0.000   5.888 0.000
256.333333 257.333333  11.289 0.000   3.665 0.000
259.333333 260.333333 999.999 0.999 999.999 0.999
262.333333 263.333333  15.553 0.000   5.747 0.000
265.333333 266.333333  19.114 0.000   6.757 0.000
268.333333 269.333333   8.281 0.000   3.101 0.000
271.333333 272.333333  17.636 0.000   6.005 0.000
274.333333 275.333333  12.018 0.000   6.513 0.000
277.333333 278.333333   9.564 0.000   3.475 0.000
280.333333 281.333333  12.278 0.000   5.394 0.000
283.333333 284.333333  10.378 0.000   5.228 0.000
286.333333 287.333333  13.821 0.000   7.306 0.000
289.333333 290.333333   2.430 0.000   1.591 0.000
292.333333 293.333333 999.999 0.999 999.999 0.999
295.333333 296.333333   7.370 0.000   4.046 0.000
298.333333 299.333333  12.227 0.000   5.113 0.000
301.333333 302.333333   9.862 0.000   3.968 0.000
304.333333 305.333333   4.587 0.000   1.894 0.000
307.333333 308.333333   6.456 0.000   2.075 0.000
310.333333 311.333333   6.080 0.000   2.852 0.000
313.333333 314.333333  13.387 0.000   3.268 0.000
316.333333 317.333333   8.191 0.000   1.988 0.000
319.333333 320.333333  12.113 0.000   4.815 0.000
322.333333 323.333333  11.356 0.000   6.562 0.000
325.333333 326.333333   7.210 0.000   2.576 0.000
328.333333 329.333333   5.951 0.000   2.432 0.000
331.333333 332.333333   4.734 0.000   2.336 0.000
334.333333 335.333333 999.999 0.999 999.999 0.999
337.333333 338.333333   8.272 0.000   3.696 0.000
340.333333 341.333333   2.535 0.000   1.313 0.000
343.333333 344.333333 999.999 0.999 999.999 0.999
346.333333 347.333333   4.628 0.000   1.737 0.000
349.333333 350.333333 999.999 0.999 999.999 0.999
352.333333 353.333333   1.458 0.000   0.428 0.000
355.333333 356.333333 999.999 0.999 999.999 0.999
358.333333 359.333333 999.999 0.456   6.286 0.000
361.333333 362.333333 999.999 0.456 999.999 0.456
364.333333 365.333333 999.999 0.999 999.999 0.999
