scripts/IMPROVE-2019_partial/data/US0017R.20150103070000.20191216000000.filterpack...43w.3d.US03L_filterpack_US0017.US03L_IMPROVE_Davis.lev2.nas
52 1001
MISSING INFORMATION
US03L, IMPROVE, , , , , , , 
MISSING INFORMATION
IMPROVE sel_HTAP
1 1
2015 01 01 2019 12 16
3.000000
days from file reference point
5
1 1 1 1 1
999.999999 999.999 9.999 999.999 9.999
end_time of measurement, days from the file reference point
pm10_mass, ug/m3, Matrix=pm10
numflag pm10_mass, no unit, Matrix=pm10
pm25_mass, ug/m3, Matrix=pm25
numflag pm25_mass, no unit, Matrix=pm25
0
33
Data definition:              EBAS_1.1
Set type code:                TU
Timezone:                     UTC
File name:                    US0017R.20150103070000.20191216000000.filterpack...43w.3d.US03L_filterpack_US0017.US03L_IMPROVE_Davis.lev2.nas
File creation:                20191218115631
Startdate:                    20150103070000
Revision date:                20191216000000
Version:                      2
Version description:          "Data extracted from http://views.cira.colostate.edu/fed/DataWizard 2019-12-16"
Statistics:                   arithmetic mean
Data level:                   2
Period code:                  43w
Resolution code:              3d
Sample duration:              1d
Orig. time res.:              3d
Station code:                 US0017R
Platform code:                US0017S
Station name:                 Douglas
Station latitude:             31.3492
Station longitude:            -109.5397
Station altitude:             1230.0 m
Regime:                       IMG
Component:                    
Unit:                         ug/m3
Matrix:                       
Laboratory code:              US03L
Instrument type:              filterpack
Instrument name:              filterpack_US0017
Method ref:                   US03L_IMPROVE_Davis
Blank correction:             Blank corrected
Volume std. temperature:      ambient
Volume std. pressure:         ambient
starttime endtime PM10 flag_PM10 PM2.5 flag_PM2.5
  2.291667   3.291667  14.054 0.000   7.471 0.000
  5.291667   6.291667  26.263 0.000   5.619 0.000
  8.291667   9.291667  10.135 0.000   5.243 0.000
 11.291667  12.291667  20.456 0.000   5.233 0.000
 14.291667  15.291667  16.883 0.000   3.293 0.000
 17.291667  18.291667  22.290 0.000   4.917 0.000
 20.291667  21.291667  32.908 0.000   7.627 0.000
 23.291667  24.291667  11.661 0.000   3.056 0.000
 26.291667  27.291667  27.698 0.000   4.986 0.000
 29.291667  30.291667 999.999 0.999 999.999 0.999
 32.291667  33.291667  15.489 0.000   2.933 0.000
 35.291667  36.291667  30.672 0.000   6.757 0.000
 38.291667  39.291667  18.650 0.000   4.417 0.000
 41.291667  42.291667  35.919 0.000   5.415 0.000
 44.291667  45.291667  11.517 0.000   4.198 0.000
 47.291667  48.291667  12.527 0.000   4.277 0.000
 50.291667  51.291667  24.494 0.000   6.170 0.000
 53.291667  54.291667  16.541 0.000   3.471 0.000
 56.291667  57.291667  18.197 0.000   3.167 0.000
 59.291667  60.291667  17.113 0.000   4.255 0.000
 62.291667  63.291667  10.689 0.000   3.933 0.000
 65.291667  66.291667  17.358 0.000   4.625 0.000
 68.291667  69.291667  18.675 0.000   5.156 0.000
 71.291667  72.291667  21.775 0.000   6.456 0.000
 74.291667  75.291667  16.130 0.000   3.985 0.000
 77.291667  78.291667   8.764 0.000   4.066 0.000
 80.291667  81.291667  33.386 0.000   7.785 0.000
 83.291667  84.291667  61.255 0.000  14.014 0.000
 86.291667  87.291667  41.625 0.000   7.558 0.000
 89.291667  90.291667  25.479 0.000   6.730 0.000
 92.291667  93.291667  33.935 0.000   7.252 0.000
 95.291667  96.291667  24.753 0.000   6.057 0.000
 98.291667  99.291667  29.326 0.000   6.904 0.000
101.291667 102.291667   7.068 0.000   4.048 0.000
104.291667 105.291667  27.601 0.000   7.952 0.000
107.291667 108.291667  45.856 0.000   7.618 0.000
110.291667 111.291667  49.735 0.000  10.007 0.000
113.291667 114.291667  27.566 0.000 999.999 0.456
116.291667 117.291667  13.072 0.000   3.114 0.000
119.291667 120.291667  31.509 0.000   8.123 0.000
122.291667 123.291667  21.144 0.000   4.987 0.000
125.291667 126.291667  28.882 0.000   7.368 0.000
128.291667 129.291667  18.982 0.000   5.038 0.000
131.291667 132.291667  45.123 0.000   9.123 0.000
134.291667 135.291667  32.524 0.000  10.078 0.000
137.291667 138.291667  27.003 0.000   5.522 0.000
140.291667 141.291667  39.251 0.000   8.594 0.000
143.291667 144.291667  26.856 0.000 999.999 0.456
146.291667 147.291667  32.816 0.000  10.884 0.000
149.291667 150.291667  28.280 0.000   6.651 0.000
152.291667 153.291667  25.782 0.000   5.654 0.000
155.291667 156.291667  36.010 0.000   8.836 0.000
158.291667 159.291667  33.346 0.000  11.446 0.000
161.291667 162.291667  18.456 0.000   5.276 0.000
164.291667 165.291667  31.351 0.000   8.323 0.000
167.291667 168.291667  17.355 0.000  10.050 0.000
170.291667 171.291667  20.827 0.000   7.306 0.000
173.291667 174.291667  24.532 0.000   7.064 0.000
176.291667 177.291667  19.139 0.000   7.565 0.000
179.291667 180.291667  17.105 0.000   5.174 0.000
182.291667 183.291667  17.885 0.000   4.942 0.000
185.291667 186.291667   6.444 0.000   3.455 0.000
188.291667 189.291667  17.591 0.000   5.435 0.000
191.291667 192.291667  16.176 0.000   5.621 0.000
194.291667 195.291667  10.148 0.000   3.384 0.000
197.291667 198.291667  17.615 0.000   4.763 0.000
200.291667 201.291667  12.373 0.000   4.533 0.000
203.291667 204.291667  10.184 0.000   3.775 0.000
206.291667 207.291667  10.860 0.000   3.331 0.000
209.291667 210.291667   9.999 0.000   2.937 0.000
212.291667 213.291667  11.758 0.000   4.069 0.000
215.291667 216.291667  21.700 0.000   5.750 0.000
218.291667 219.291667  17.486 0.000   5.313 0.000
221.291667 222.291667  12.641 0.000   4.103 0.000
224.291667 225.291667  18.449 0.000   5.451 0.000
227.291667 228.291667  14.395 0.000   6.151 0.000
230.291667 231.291667  18.109 0.000   5.566 0.000
233.291667 234.291667  23.788 0.000   5.893 0.000
236.291667 237.291667  14.600 0.000   5.667 0.000
239.291667 240.291667  19.691 0.000   5.566 0.000
242.291667 243.291667  17.694 0.000   4.879 0.000
245.291667 246.291667  17.203 0.000   6.765 0.000
248.291667 249.291667  10.878 0.000   3.384 0.000
251.291667 252.291667  21.744 0.000   6.858 0.000
254.291667 255.291667  13.672 0.000   4.471 0.000
257.291667 258.291667  15.106 0.000   5.109 0.000
260.291667 261.291667  24.837 0.000   4.425 0.000
263.291667 264.291667   3.854 0.000   1.570 0.000
266.291667 267.291667  11.417 0.000   3.364 0.000
269.291667 270.291667  27.407 0.000   7.534 0.000
272.291667 273.291667  32.711 0.000   7.296 0.000
275.291667 276.291667  34.084 0.000   9.188 0.000
278.291667 279.291667  14.627 0.000   4.841 0.000
281.291667 282.291667   8.269 0.000   2.459 0.000
284.291667 285.291667  22.770 0.000   6.808 0.000
287.291667 288.291667  24.379 0.000   5.177 0.000
290.291667 291.291667  15.838 0.000   4.854 0.000
293.291667 294.291667  23.835 0.000  12.167 0.000
296.291667 297.291667  47.258 0.000  12.636 0.000
299.291667 300.291667 999.999 0.999 999.999 0.999
302.291667 303.291667 999.999 0.999 999.999 0.999
