scripts/IMPROVE-2019_partial/data/US0025R.20140102080000.20191216000000.filterpack...52w.3d.US03L_filterpack_US0025.US03L_IMPROVE_Davis.lev2.nas
51 1001
MISSING INFORMATION
US03L, IMPROVE, , , , , , , 
MISSING INFORMATION
IMPROVE sel_HTAP
1 1
2014 01 01 2019 12 16
3.000000
days from file reference point
4
1 1 1 1
999.999999 999.999 999.999 9.999
end_time of measurement, days from the file reference point
pm10_mass, ug/m3, Matrix=pm10
pm25_mass, ug/m3, Matrix=pm25
numflag, no unit
0
33
Data definition:              EBAS_1.1
Set type code:                TU
Timezone:                     UTC
File name:                    US0025R.20140102080000.20191216000000.filterpack...52w.3d.US03L_filterpack_US0025.US03L_IMPROVE_Davis.lev2.nas
File creation:                20191218115707
Startdate:                    20140102080000
Revision date:                20191216000000
Version:                      2
Version description:          "Data extracted from http://views.cira.colostate.edu/fed/DataWizard 2019-12-16"
Statistics:                   arithmetic mean
Data level:                   2
Period code:                  52w
Resolution code:              3d
Sample duration:              1d
Orig. time res.:              3d
Station code:                 US0025R
Platform code:                US0025S
Station name:                 Agua Tibia
Station latitude:             33.4636
Station longitude:            -116.9706
Station altitude:             507.0 m
Regime:                       IMG
Component:                    
Unit:                         ug/m3
Matrix:                       
Laboratory code:              US03L
Instrument type:              filterpack
Instrument name:              filterpack_US0025
Method ref:                   US03L_IMPROVE_Davis
Blank correction:             Blank corrected
Volume std. temperature:      ambient
Volume std. pressure:         ambient
starttime endtime PM10 PM2.5 flag
  1.333333   2.333333   6.294   1.727 0.000
  4.333333   5.333333   9.136   2.335 0.000
  7.333333   8.333333  17.372   5.097 0.000
 10.333333  11.333333  11.071   3.514 0.000
 13.333333  14.333333   8.061   1.899 0.000
 16.333333  17.333333   5.046   1.818 0.000
 19.333333  20.333333   7.103   1.822 0.000
 22.333333  23.333333  16.531   2.636 0.000
 25.333333  26.333333  16.513   4.035 0.000
 28.333333  29.333333  11.483   3.341 0.000
 31.333333  32.333333   6.268   1.767 0.000
 34.333333  35.333333   7.758   2.354 0.000
 37.333333  38.333333   3.154   1.731 0.000
 40.333333  41.333333   7.291   3.391 0.000
 43.333333  44.333333   9.789   3.194 0.000
 46.333333  47.333333   5.932   2.194 0.000
 49.333333  50.333333  16.477   5.817 0.000
 52.333333  53.333333  15.684   5.382 0.000
 55.333333  56.333333  17.431   6.964 0.000
 58.333333  59.333333   2.860   1.070 0.000
 61.333333  62.333333   6.294   2.058 0.000
 64.333333  65.333333  14.416   4.075 0.000
 67.333333  68.333333   4.052   0.910 0.000
 70.333333  71.333333 999.999 999.999 0.999
 73.333333  74.333333  17.012   6.372 0.000
 76.333333  77.333333  25.956   9.097 0.000
 79.333333  80.333333  20.654   7.561 0.000
 82.333333  83.333333  17.020   7.758 0.000
 85.333333  86.333333  17.164   4.375 0.000
 88.333333  89.333333  10.876   3.348 0.000
 91.333333  92.333333 999.999 999.999 0.999
 94.333333  95.333333   9.156   3.502 0.000
 97.333333  98.333333  11.218   5.133 0.000
100.333333 101.333333  12.509   3.855 0.000
103.333333 104.333333  19.863   5.911 0.000
106.333333 107.333333  32.681  10.461 0.000
109.333333 110.333333  18.252   7.593 0.000
112.333333 113.333333 999.999 999.999 0.999
115.333333 116.333333   9.426   2.837 0.000
118.333333 119.333333  18.903   4.225 0.000
121.333333 122.333333  10.399   3.371 0.000
124.333333 125.333333  16.944   6.462 0.000
127.333333 128.333333  24.337   7.997 0.000
130.333333 131.333333  31.111   8.321 0.000
133.333333 134.333333  12.208   3.628 0.000
136.333333 137.333333  22.658   9.790 0.000
139.333333 140.333333  13.269   4.119 0.000
142.333333 143.333333  16.164   4.757 0.000
145.333333 146.333333  17.185   6.848 0.000
148.333333 149.333333  17.744   7.483 0.000
151.333333 152.333333  14.816   7.604 0.000
154.333333 155.333333  15.099   5.821 0.000
157.333333 158.333333  26.791  11.525 0.000
160.333333 161.333333  16.938   6.532 0.000
163.333333 164.333333  18.611   7.478 0.000
166.333333 167.333333  20.303   8.253 0.000
169.333333 170.333333  23.503   8.182 0.000
172.333333 173.333333  21.724   9.189 0.000
175.333333 176.333333  24.359   9.676 0.000
178.333333 179.333333  21.455   7.206 0.000
181.333333 182.333333  21.142   7.586 0.000
184.333333 185.333333  28.163   7.611 0.000
187.333333 188.333333  17.994   5.756 0.000
190.333333 191.333333  16.460   4.606 0.000
193.333333 194.333333  20.841   6.549 0.000
196.333333 197.333333  14.161   4.654 0.000
199.333333 200.333333  13.947   4.165 0.000
202.333333 203.333333 999.999 999.999 0.456
205.333333 206.333333 999.999 999.999 0.456
208.333333 209.333333 999.999 999.999 0.456
211.333333 212.333333  25.095   8.807 0.000
214.333333 215.333333  14.540   6.807 0.000
217.333333 218.333333 999.999 999.999 0.999
220.333333 221.333333 999.999 999.999 0.999
223.333333 224.333333 999.999 999.999 0.999
226.333333 227.333333   8.470   3.138 0.000
229.333333 230.333333  57.254   8.280 0.000
232.333333 233.333333  15.461   5.963 0.000
235.333333 236.333333   8.303   2.823 0.000
238.333333 239.333333  12.149   3.219 0.000
241.333333 242.333333  12.419   3.757 0.000
244.333333 245.333333 999.999 999.999 0.456
247.333333 248.333333 999.999 999.999 0.456
250.333333 251.333333 999.999 999.999 0.456
253.333333 254.333333  13.239   6.008 0.000
256.333333 257.333333  12.655   4.959 0.000
259.333333 260.333333  14.121   3.991 0.000
262.333333 263.333333   8.691   3.923 0.000
265.333333 266.333333   7.730   2.621 0.000
268.333333 269.333333   9.683   3.996 0.000
271.333333 272.333333  12.992   5.913 0.000
274.333333 275.333333  11.194   3.300 0.000
277.333333 278.333333   9.181   3.604 0.000
280.333333 281.333333 999.999 999.999 0.999
283.333333 284.333333  13.683   5.768 0.000
286.333333 287.333333  13.075   4.646 0.000
289.333333 290.333333  15.465   5.696 0.000
292.333333 293.333333  13.884   6.486 0.000
295.333333 296.333333  10.108   3.340 0.000
298.333333 299.333333  11.124   4.436 0.000
301.333333 302.333333  11.691   3.648 0.000
304.333333 305.333333   3.581   1.428 0.000
307.333333 308.333333   4.300   1.171 0.000
310.333333 311.333333   6.120   2.311 0.000
313.333333 314.333333  11.452   7.074 0.000
316.333333 317.333333  10.798   3.916 0.000
319.333333 320.333333  20.434   4.163 0.000
322.333333 323.333333   8.566   2.369 0.000
325.333333 326.333333   5.265   2.579 0.000
328.333333 329.333333   5.118   1.040 0.000
331.333333 332.333333   4.898   2.044 0.000
334.333333 335.333333   5.908   1.976 0.000
337.333333 338.333333   4.831   1.329 0.000
340.333333 341.333333   5.388   2.179 0.000
343.333333 344.333333   6.055   2.796 0.000
346.333333 347.333333   3.632   1.335 0.000
349.333333 350.333333   5.202   2.312 0.000
352.333333 353.333333 999.999 999.999 0.999
355.333333 356.333333 999.999 999.999 0.999
358.333333 359.333333 999.999 999.999 0.999
361.333333 362.333333 999.999 999.999 0.999
364.333333 365.333333 999.999 999.999 0.999
