scripts/IMPROVE-2019_partial/data/US0057R.20040101050000.20191216000000.filterpack..pm25.52w.1w.US03L_filterpack_US0057.US03L_IMPROVE_Davis.lev2.nas
66 1001
MISSING INFORMATION
US03L, IMPROVE, , , , , , , 
MISSING INFORMATION
IMPROVE sel_HTAP
1 1
2004 01 01 2019 12 16
3.000000
days from file reference point
27
1 1 1 1 1 1 1 1 1 1 1 1 1 1 1 1 1 1 1 1 1 1 1 1 1 1 1
999.999999 99.999 9.999 9999.99 9.999 99.99 9.999 9.999 9.999999 9.99 9.999 9.999 9.999 99.999 9.999 99.999 9.999 999.999 9.999 99.999 9.999 999.999 9.999 9.999 9.999 99.999 9.999
end_time of measurement, days from the file reference point
ammonium, ug N/m3, Revision date=20181210133000
numflag ammonium, no unit, Revision date=20181210133000
iron, ng/m3, Revision date=20181210133000
numflag iron, no unit, Revision date=20181210133000
lead, ng/m3, Revision date=20181210133000
numflag lead, no unit, Revision date=20181210133000
magnesium, ug/m3, Revision date=20181210133000
numflag magnesium, no unit, Revision date=20181210133000
nickel, ng/m3, Revision date=20181210133000
numflag nickel, no unit, Revision date=20181210133000
nitrate, ug N/m3, Revision date=20181210133000
numflag nitrate, no unit, Revision date=20181210133000
organic_carbon, ug C/m3, Revision date=20181210133000
numflag organic_carbon, no unit, Revision date=20181210133000
organic_mass, ug/m3, Revision date=20181210133000
numflag organic_mass, no unit, Revision date=20181210133000
pm10_mass, ug/m3, Version=2, Version description=Data extracted from http://views.cira.colostate.edu/fed/DataWizard 2019-12-16, Sample duration=1d, Orig. time res.=3d, Matrix=pm10, Blank correction=Blank corrected, Volume std. temperature=ambient, Volume std. pressure=ambient
numflag pm10_mass, no unit, Version=2, Version description=Data extracted from http://views.cira.colostate.edu/fed/DataWizard 2019-12-16, Sample duration=1d, Orig. time res.=3d, Matrix=pm10, Blank correction=Blank corrected, Volume std. temperature=ambient, Volume std. pressure=ambient
pm10_pm25_mass, ug/m3, Revision date=20181210133000, Matrix=pm10_pm25
numflag pm10_pm25_mass, no unit, Revision date=20181210133000, Matrix=pm10_pm25
pm25_mass, ug/m3, Version=2, Version description=Data extracted from http://views.cira.colostate.edu/fed/DataWizard 2019-12-16, Sample duration=1d, Orig. time res.=3d, Blank correction=Blank corrected, Volume std. temperature=ambient, Volume std. pressure=ambient
numflag pm25_mass, no unit, Version=2, Version description=Data extracted from http://views.cira.colostate.edu/fed/DataWizard 2019-12-16, Sample duration=1d, Orig. time res.=3d, Blank correction=Blank corrected, Volume std. temperature=ambient, Volume std. pressure=ambient
potassium, ug/m3, Revision date=20181210133000
numflag potassium, no unit, Revision date=20181210133000
sulphate_total, ug S/m3, Revision date=20181210133000
numflag sulphate_total, no unit, Revision date=20181210133000
0
25
Data definition:              EBAS_1.1
Set type code:                TU
Timezone:                     UTC
File name:                    US0057R.20040101050000.20191216000000.filterpack..pm25.52w.1w.US03L_filterpack_US0057.US03L_IMPROVE_Davis.lev2.nas
File creation:                20191218115858
Startdate:                    20040101050000
Revision date:                20191216000000
Statistics:                   arithmetic mean
Data level:                   2
Period code:                  52w
Resolution code:              1w
Station code:                 US0057R
Platform code:                US0057S
Station name:                 Linville Gorge
Station latitude:             35.9723
Station longitude:            -81.9331
Station altitude:             968.0 m
Regime:                       IMG
Component:                    
Matrix:                       pm25
Laboratory code:              US03L
Instrument type:              filterpack
Instrument name:              filterpack_US0057
Method ref:                   US03L_IMPROVE_Davis
starttime endtime NH4+ flag_NH4+ Fe flag_Fe Pb flag_Pb Mg++ flag_Mg++ Ni flag_Ni NO3- flag_NO3- OC flag_OC OM flag_OM PM10 flag_PM10 PM10-PM2.5 flag_PM10-PM2.5 PM2.5 flag_PM2.5 K+ flag_K+ SO4-- flag_SO4--
[from data line 84]
252.208333 253.208333  0.176 0.559    5.95 0.000  0.61 0.000 9.999 0.259000 9.99 0.259 0.006 0.559  0.430 0.000  0.602 0.000   5.332 0.000  2.313 0.000   3.019 0.000 0.011 0.000  0.423 0.559
255.208333 256.208333  1.313 0.559   15.71 0.000  1.44 0.000 9.999 0.259000 0.38 0.000 0.014 0.559  2.123 0.000  2.972 0.000  16.924 0.000  1.300 0.000  15.625 0.000 0.027 0.000  2.582 0.559
258.208333 259.208333  1.181 0.559   12.25 0.000  0.82 0.000 0.168 0.000000 0.38 0.000 0.031 0.559  1.178 0.000  1.649 0.000  14.055 0.000  1.415 0.000  12.640 0.000 0.026 0.000  2.167 0.559
261.208333 262.208333 99.999 0.999 9999.99 0.999 99.99 0.999 9.999 0.999000 9.99 0.999 9.999 0.999 99.999 0.999 99.999 0.999 999.999 0.999 99.999 0.999 999.999 0.999 9.999 0.999 99.999 0.999
264.208333 265.208333  0.080 0.559   14.92 0.000  1.01 0.000 9.999 0.259000 0.20 0.000 0.012 0.559  0.895 0.000  1.253 0.000   4.366 0.000  1.553 0.000   2.814 0.000 0.017 0.000  0.206 0.559
267.208333 268.208333  1.905 0.559   41.95 0.000  2.29 0.000 9.999 0.259000 0.18 0.000 0.029 0.559  2.063 0.000  2.889 0.000  21.784 0.000  2.687 0.000  19.097 0.000 0.051 0.000  3.074 0.559
270.208333 271.208333  0.386 0.559    8.63 0.000  0.51 0.000 0.135 0.000000 0.26 0.000 0.016 0.559  0.632 0.000  0.885 0.000   6.150 0.000  0.796 0.000   5.354 0.000 0.013 0.000  0.901 0.559
273.208333 274.208333  2.316 0.559   43.07 0.000  3.10 0.000 9.999 0.259000 0.26 0.000 0.027 0.559  1.789 0.000  2.505 0.000  25.324 0.000  1.921 0.000  23.403 0.000 0.053 0.000  4.234 0.559
276.208333 277.208333  2.089 0.559   30.54 0.000  1.90 0.000 9.999 0.259000 0.19 0.000 0.021 0.559  2.608 0.000  3.651 0.000  21.544 0.000  0.620 0.000  20.925 0.000 0.077 0.000  3.587 0.559
279.208333 280.208333  1.654 0.559   38.94 0.000  2.09 0.000 9.999 0.259000 0.25 0.000 0.077 0.559  1.726 0.000  2.417 0.000  20.958 0.000  5.892 0.000  15.066 0.000 0.056 0.000  2.352 0.559
282.208333 283.208333  0.789 0.559   31.14 0.000  1.48 0.000 9.999 0.259000 0.31 0.000 0.076 0.559  3.373 0.000  4.722 0.000  14.642 0.000  2.977 0.000  11.665 0.000 0.080 0.000  1.100 0.559
285.208333 286.208333  0.676 0.559   26.38 0.000  2.83 0.000 9.999 0.259000 0.24 0.000 0.048 0.559  2.006 0.000  2.809 0.000  12.808 0.000  1.825 0.000  10.983 0.000 0.068 0.000  1.455 0.559
288.208333 289.208333 99.999 0.999 9999.99 0.999 99.99 0.999 9.999 0.999000 9.99 0.999 9.999 0.999 99.999 0.999 99.999 0.999 999.999 0.999 99.999 0.999 999.999 0.999 9.999 0.999 99.999 0.999
291.208333 292.208333 99.999 0.999 9999.99 0.999 99.99 0.999 9.999 0.999000 9.99 0.999 9.999 0.999 99.999 0.999 99.999 0.999 999.999 0.999 99.999 0.999 999.999 0.999 9.999 0.999 99.999 0.999
294.208333 295.208333  0.665 0.559    7.71 0.000  0.76 0.000 9.999 0.259000 0.25 0.000 0.128 0.559  1.544 0.000  2.162 0.000   8.150 0.000  1.389 0.000   6.762 0.000 0.059 0.000  0.973 0.559
297.208333 298.208333  0.540 0.000    5.62 0.000  0.91 0.000 9.999 0.259000 9.99 0.259 0.026 0.000  1.205 0.000  1.687 0.000 999.999 0.456 99.999 0.999   5.757 0.000 0.025 0.000  0.830 0.000
300.208333 301.208333  0.962 0.559   15.50 0.000  1.49 0.000 9.999 0.259000 0.17 0.000 0.042 0.559  2.192 0.000  3.069 0.000  13.889 0.000  2.153 0.000  11.736 0.000 0.065 0.000  1.467 0.559
303.208333 304.208333  1.126 0.559   16.24 0.000  1.19 0.000 9.999 0.259000 0.32 0.000 0.018 0.559  1.975 0.000  2.765 0.000  16.717 0.000  3.498 0.000  13.219 0.000 0.046 0.000  1.970 0.559
306.208333 307.208333  0.702 0.559   13.77 0.000  0.77 0.000 0.161 0.000000 0.51 0.000 0.041 0.559  1.261 0.000  1.765 0.000  10.871 0.000  2.006 0.000   8.864 0.000 0.050 0.000  1.306 0.559
309.208333 310.208333  0.491 0.559   13.18 0.000  1.12 0.000 9.999 0.259000 0.13 0.000 0.073 0.559  0.604 0.000  0.845 0.000   2.537 0.000 99.999 0.259   3.804 0.000 0.018 0.000  0.567 0.559
312.208333 313.208333  0.537 0.394   31.89 0.394  2.75 0.394 9.999 0.394259 0.20 0.394 0.100 0.394  1.638 0.000  2.293 0.000   9.633 0.000  3.214 0.000   6.419 0.000 0.048 0.394  0.568 0.394
315.208333 316.208333  0.413 0.000   27.54 0.000  1.57 0.000 9.999 0.259000 0.30 0.000 0.056 0.000  1.349 0.000  1.888 0.000  13.889 0.000  6.634 0.000   7.255 0.000 0.063 0.000  0.766 0.000
318.208333 319.208333  0.186 0.000   10.86 0.000  3.04 0.000 0.072 0.000000 0.21 0.000 0.019 0.000  0.896 0.000  1.255 0.000   4.476 0.000  0.666 0.000   3.810 0.000 0.032 0.000  0.298 0.000
321.208333 322.208333  0.227 0.000   15.59 0.000  1.05 0.000 0.077 0.000000 9.99 0.259 0.015 0.000  1.197 0.000  1.675 0.000   5.655 0.000  1.149 0.000   4.506 0.000 0.033 0.000  0.335 0.000
324.208333 325.208333  0.612 0.000   19.16 0.000  0.98 0.000 9.999 0.259000 0.25 0.000 0.056 0.000  1.877 0.000  2.628 0.000   9.915 0.000  0.739 0.000   9.175 0.000 0.061 0.000  1.015 0.000
327.208333 328.208333  0.130 0.000    4.40 0.000  0.85 0.000 0.091 0.000000 0.30 0.000 0.026 0.000  0.712 0.000  0.997 0.000   3.290 0.000  0.323 0.000   2.967 0.000 0.021 0.000  0.329 0.000
330.208333 331.208333  0.172 0.000    6.96 0.000  0.66 0.000 9.999 0.259000 0.23 0.000 0.031 0.000  0.574 0.000  0.803 0.000   3.054 0.000  0.924 0.000   2.130 0.000 0.018 0.000  0.215 0.000
333.208333 334.208333  0.481 0.000    9.76 0.000  0.97 0.000 9.999 0.259000 0.34 0.000 0.021 0.000  0.822 0.000  1.150 0.000   4.824 0.000  0.318 0.000   4.506 0.000 0.047 0.000  0.597 0.000
336.208333 337.208333  0.187 0.000   11.94 0.000  0.62 0.000 9.999 0.259000 0.17 0.000 0.023 0.000  0.999 0.000  1.399 0.000   3.723 0.000  0.654 0.000   3.069 0.000 0.039 0.000  0.264 0.000
339.208333 340.208333  0.165 0.000   12.93 0.000  1.05 0.000 9.999 0.259000 0.17 0.000 0.026 0.000  1.033 0.000  1.446 0.000   3.762 0.000  0.583 0.000   3.179 0.000 0.024 0.000  0.214 0.000
342.208333 343.208333  0.230 0.000   18.38 0.000  1.00 0.000 0.054 0.000000 9.99 0.259 0.021 0.000  1.112 0.000  1.556 0.000   6.035 0.000  2.208 0.000   3.827 0.000 0.029 0.000  0.333 0.000
345.208333 346.208333  0.141 0.000    1.71 0.000  0.21 0.000 9.999 0.259000 0.22 0.000 0.006 0.000  0.209 0.000  0.293 0.000   1.913 0.000  0.169 0.000   1.744 0.000 0.004 0.000  0.284 0.000
348.208333 349.208333  0.546 0.000   19.79 0.000  1.39 0.000 9.999 0.259000 0.43 0.000 0.068 0.000  0.562 0.000  0.786 0.000   6.466 0.000  1.539 0.000   4.927 0.000 0.025 0.000  0.805 0.000
351.208333 352.208333  0.515 0.000   30.54 0.000  1.45 0.000 0.069 0.000000 0.25 0.000 0.161 0.000  1.977 0.000  2.767 0.000  10.288 0.000  3.215 0.000   7.073 0.000 0.057 0.000  0.505 0.000
354.208333 355.208333  0.142 0.000   13.28 0.000  1.35 0.000 9.999 0.259000 9.99 0.259 0.074 0.000  0.742 0.000  1.038 0.000   4.948 0.000  2.247 0.000   2.701 0.000 0.036 0.000  0.153 0.000
357.208333 358.208333  0.216 0.559    5.03 0.000  0.77 0.000 0.124 0.000000 9.99 0.259 0.011 0.559  0.370 0.000  0.518 0.000   3.025 0.000  0.465 0.000   2.560 0.000 0.011 0.000  0.451 0.559
360.208333 361.208333  0.453 0.000    8.49 0.000  1.11 0.000 9.999 0.259000 9.99 0.259 0.083 0.000  0.804 0.000  1.125 0.000   4.658 0.000  0.318 0.000   4.340 0.000 0.029 0.000  0.500 0.000
363.208333 364.208333  0.547 0.000   12.51 0.000  1.14 0.000 9.999 0.259000 0.21 0.000 0.052 0.000  1.121 0.000  1.570 0.000  10.225 0.000  3.988 0.000   6.237 0.000 0.040 0.000  0.791 0.000
