scripts/IMPROVE-2019_partial/data/US0016R.20040101070000.20191216000000.filterpack..pm25.52w.1w.US03L_filterpack_US0016.US03L_IMPROVE_Davis.lev2.nas
66 1001
MISSING INFORMATION
US03L, IMPROVE, , , , , , , 
MISSING INFORMATION
IMPROVE sel_HTAP
1 1
2004 01 01 2019 12 16
3.000000
days from file reference point
27
1 1 1 1 1 1 1 1 1 1 1 1 1 1 1 1 1 1 1 1 1 1 1 1 1 1 1
999.999999 9999.99 9.999 99.99 9.999 9.999 9.999999 99.99 9.999999 9.999 9.999 99.999 9.999 99.999 9.999 999.99 9.999999 999.999 9.999 999.999 9.999 999.999 9.999 9.999 9.999 9.999 9.999
end_time of measurement, days from the file reference point
iron, ng/m3, Revision date=20181210133000
numflag iron, no unit, Revision date=20181210133000
lead, ng/m3, Revision date=20181210133000
numflag lead, no unit, Revision date=20181210133000
magnesium, ug/m3, Revision date=20181210133000
numflag magnesium, no unit, Revision date=20181210133000
nickel, ng/m3, Revision date=20181210133000
numflag nickel, no unit, Revision date=20181210133000
nitrate, ug N/m3, Revision date=20181210133000
numflag nitrate, no unit, Revision date=20181210133000
organic_carbon, ug C/m3, Revision date=20181210133000
numflag organic_carbon, no unit, Revision date=20181210133000
organic_mass, ug/m3, Revision date=20181210133000
numflag organic_mass, no unit, Revision date=20181210133000
phosphorus, ng/m3, Revision date=20181210133000
numflag phosphorus, no unit, Revision date=20181210133000
pm10_mass, ug/m3, Version=2, Version description=Data extracted from http://views.cira.colostate.edu/fed/DataWizard 2019-12-16, Sample duration=1d, Orig. time res.=3d, Matrix=pm10, Blank correction=Blank corrected, Volume std. temperature=ambient, Volume std. pressure=ambient
numflag pm10_mass, no unit, Version=2, Version description=Data extracted from http://views.cira.colostate.edu/fed/DataWizard 2019-12-16, Sample duration=1d, Orig. time res.=3d, Matrix=pm10, Blank correction=Blank corrected, Volume std. temperature=ambient, Volume std. pressure=ambient
pm10_pm25_mass, ug/m3, Revision date=20181210133000, Matrix=pm10_pm25
numflag pm10_pm25_mass, no unit, Revision date=20181210133000, Matrix=pm10_pm25
pm25_mass, ug/m3, Version=2, Version description=Data extracted from http://views.cira.colostate.edu/fed/DataWizard 2019-12-16, Sample duration=1d, Orig. time res.=3d, Blank correction=Blank corrected, Volume std. temperature=ambient, Volume std. pressure=ambient
numflag pm25_mass, no unit, Version=2, Version description=Data extracted from http://views.cira.colostate.edu/fed/DataWizard 2019-12-16, Sample duration=1d, Orig. time res.=3d, Blank correction=Blank corrected, Volume std. temperature=ambient, Volume std. pressure=ambient
potassium, ug/m3, Revision date=20181210133000
numflag potassium, no unit, Revision date=20181210133000
sulphate_total, ug S/m3, Revision date=20181210133000
numflag sulphate_total, no unit, Revision date=20181210133000
0
25
Data definition:              EBAS_1.1
Set type code:                TU
Timezone:                     UTC
File name:                    US0016R.20040101070000.20191216000000.filterpack..pm25.52w.1w.US03L_filterpack_US0016.US03L_IMPROVE_Davis.lev2.nas
File creation:                20191218115628
Startdate:                    20040101070000
Revision date:                20191216000000
Statistics:                   arithmetic mean
Data level:                   2
Period code:                  52w
Resolution code:              1w
Station code:                 US0016R
Platform code:                US0016S
Station name:                 Hillside
Station latitude:             34.4289
Station longitude:            -112.9628
Station altitude:             1510.0 m
Regime:                       IMG
Component:                    
Matrix:                       pm25
Laboratory code:              US03L
Instrument type:              filterpack
Instrument name:              filterpack_US0016
Method ref:                   US03L_IMPROVE_Davis
starttime endtime Fe flag_Fe Pb flag_Pb Mg++ flag_Mg++ Ni flag_Ni NO3- flag_NO3- OC flag_OC OM flag_OM P flag_P PM10 flag_PM10 PM10-PM2.5 flag_PM10-PM2.5 PM2.5 flag_PM2.5 K+ flag_K+ SO4-- flag_SO4--
[from data line 81]
243.291667 244.291667   31.06 0.000  0.70 0.000 9.999 0.259000 99.99 0.259000 0.057 0.000  0.303 0.000  0.424 0.000 999.99 0.259000   7.838 0.000   4.594 0.000   3.244 0.000 0.031 0.000 0.351 0.000
246.291667 247.291667  360.32 0.000  0.86 0.000 9.999 0.259000  0.20 0.000000 0.100 0.000  0.642 0.000  0.899 0.000 999.99 0.259000  47.502 0.000  36.483 0.000  11.018 0.000 0.219 0.000 0.425 0.000
249.291667 250.291667   42.18 0.000 99.99 0.259 9.999 0.259000 99.99 0.259000 0.016 0.000  0.479 0.000  0.671 0.000 999.99 0.259000   5.719 0.000   3.465 0.000   2.254 0.000 0.031 0.000 0.102 0.000
252.291667 253.291667   99.74 0.000  0.89 0.000 9.999 0.259000  0.10 0.000000 0.019 0.000  0.562 0.000  0.787 0.000 999.99 0.259000  10.766 0.000   6.136 0.000   4.630 0.000 0.063 0.000 0.287 0.000
255.291667 256.291667   38.27 0.000  0.66 0.000 9.999 0.259000 99.99 0.259000 0.023 0.000  0.483 0.000  0.676 0.000 999.99 0.259000   7.725 0.000   4.376 0.000   3.349 0.000 0.042 0.000 0.402 0.000
258.291667 259.291667   49.39 0.000  0.72 0.000 0.090 0.000000  0.46 0.000000 0.078 0.000  0.262 0.000  0.367 0.000 999.99 0.259000   9.011 0.000   5.554 0.000   3.457 0.000 0.041 0.000 0.367 0.000
261.291667 262.291667   88.69 0.000  0.66 0.000 0.087 0.000000  0.36 0.000000 0.043 0.000  0.442 0.000  0.619 0.000 999.99 0.259000  15.450 0.000  10.953 0.000   4.497 0.000 0.056 0.000 0.477 0.000
264.291667 265.291667   23.21 0.000  0.44 0.000 9.999 0.259000 99.99 0.259000 0.019 0.000  0.222 0.000  0.311 0.000 999.99 0.259000   2.837 0.000   1.664 0.000   1.173 0.000 0.015 0.000 0.083 0.000
267.291667 268.291667   21.25 0.000  0.62 0.000 9.999 0.259000  0.11 0.000000 0.009 0.000  0.296 0.000  0.414 0.000   6.00 0.000000   3.123 0.000   1.661 0.000   1.462 0.000 0.012 0.000 0.118 0.000
270.291667 271.291667   28.82 0.000  1.20 0.000 9.999 0.259000  0.09 0.000000 0.013 0.000  0.551 0.000  0.772 0.000 999.99 0.259000   5.342 0.000   3.088 0.000   2.254 0.000 0.016 0.000 0.205 0.000
273.291667 274.291667   52.86 0.000  1.67 0.000 9.999 0.259000  0.22 0.000000 0.090 0.000  0.403 0.000  0.564 0.000 999.99 0.259000  12.814 0.000   8.987 0.000   3.827 0.000 0.047 0.000 0.313 0.000
276.291667 277.291667   18.83 0.000  1.14 0.000 0.080 0.000000 99.99 0.259000 0.027 0.000  0.398 0.000  0.557 0.000 999.99 0.259000   5.342 0.000   2.466 0.000   2.876 0.000 0.014 0.000 0.357 0.000
279.291667 280.291667   26.74 0.000  0.54 0.000 0.078 0.000000 99.99 0.259000 0.014 0.000  0.567 0.000  0.794 0.000 999.99 0.259000   5.301 0.000   2.578 0.000   2.723 0.000 0.017 0.000 0.243 0.000
282.291667 283.291667   60.96 0.000  1.06 0.000 9.999 0.259000  0.10 0.000000 0.020 0.000  0.901 0.000  1.262 0.000 999.99 0.259000  14.757 0.000  10.455 0.000   4.302 0.000 0.036 0.000 0.322 0.000
285.291667 286.291667   39.41 0.000  0.71 0.000 9.999 0.259000  0.15 0.000000 0.029 0.000  0.528 0.000  0.740 0.000 999.99 0.259000   6.713 0.000   3.150 0.000   3.563 0.000 0.028 0.000 0.380 0.000
288.291667 289.291667   43.59 0.000  0.54 0.000 0.088 0.000000  0.15 0.000000 0.015 0.000  0.366 0.000  0.513 0.000 999.99 0.259000   5.383 0.000   2.874 0.000   2.509 0.000 0.029 0.000 0.153 0.000
291.291667 292.291667   35.22 0.000  0.92 0.000 9.999 0.259000 99.99 0.259000 0.153 0.000  0.545 0.000  0.763 0.000 999.99 0.259000   9.383 0.000   5.192 0.000   4.191 0.000 0.049 0.000 0.356 0.000
294.291667 295.291667    2.06 0.000  0.34 0.000 9.999 0.259000 99.99 0.259000 0.009 0.000  0.324 0.000  0.453 0.000   1.71 0.000000   0.208 0.000   0.177 0.000   0.031 0.000 0.003 0.000 0.015 0.000
297.291667 298.291667   26.88 0.000  0.97 0.000 0.150 0.000000 99.99 0.259000 0.249 0.000  0.124 0.000  0.173 0.000 999.99 0.259000   3.390 0.000 999.999 0.259   3.549 0.000 0.012 0.000 0.140 0.000
300.291667 301.291667  116.26 0.000  0.72 0.000 9.999 0.259000 99.99 0.259000 0.057 0.000  0.329 0.000  0.460 0.000 999.99 0.259000  21.928 0.000  16.972 0.000   4.956 0.000 0.077 0.000 0.282 0.000
303.291667 304.291667    8.33 0.000  0.47 0.000 9.999 0.259000 99.99 0.259000 0.016 0.000  0.556 0.000  0.779 0.000 999.99 0.259000   1.913 0.000 999.999 0.259   2.376 0.000 0.005 0.000 0.102 0.000
306.291667 307.291667   11.77 0.000  0.46 0.000 0.182 0.000000  0.18 0.000000 0.011 0.000  0.222 0.000  0.311 0.000 999.99 0.259000   1.913 0.000   0.882 0.000   1.031 0.000 0.012 0.000 0.100 0.000
309.291667 310.291667   20.66 0.000  1.25 0.000 9.999 0.259000 99.99 0.259000 0.008 0.000  0.274 0.000  0.384 0.000 999.99 0.259000   5.291 0.000   3.433 0.000   1.858 0.000 0.019 0.000 0.152 0.000
312.291667 313.291667    2.12 0.000 99.99 0.259 9.999 0.259000 99.99 0.259000 9.999 0.999  0.150 0.000  0.211 0.000 999.99 0.259000   1.405 0.000   0.671 0.000   0.734 0.000 0.006 0.000 9.999 0.999
315.291667 316.291667   11.16 0.000  0.83 0.000 0.146 0.000000 99.99 0.259000 0.098 0.000  0.524 0.000  0.733 0.000 999.99 0.259000   2.852 0.000   0.802 0.000   2.050 0.000 0.008 0.000 0.157 0.000
318.291667 319.291667    6.95 0.000  0.48 0.000 0.121 0.000000 99.99 0.259000 0.019 0.000  1.981 0.000  2.773 0.000 999.99 0.259000   2.370 0.000   0.726 0.000   1.645 0.000 0.008 0.000 0.227 0.000
321.291667 322.291667    7.61 0.000  0.46 0.000 9.999 0.259000  0.12 0.000000 0.012 0.000  0.701 0.000  0.981 0.000 999.99 0.259000   2.150 0.000   0.664 0.000   1.486 0.000 0.004 0.000 0.134 0.000
324.291667 325.291667   18.67 0.000  0.73 0.000 9.999 0.259000 99.99 0.259000 0.286 0.000  0.498 0.000  0.697 0.000 999.99 0.259000   5.447 0.000   1.746 0.000   3.702 0.000 0.010 0.000 0.277 0.000
327.291667 328.291667    4.81 0.000  0.55 0.000 0.156 0.000000  0.15 0.000000 0.065 0.000  0.361 0.000  0.506 0.000 999.99 0.259000   1.788 0.000   0.265 0.000   1.523 0.000 0.004 0.000 0.165 0.000
330.291667 331.291667   14.61 0.000  0.78 0.000 0.089 0.000000 99.99 0.259000 0.146 0.000  0.459 0.000  0.642 0.000 999.99 0.259000   3.743 0.000   1.397 0.000   2.345 0.000 0.019 0.000 0.173 0.000
333.291667 334.291667    8.02 0.000  0.32 0.000 9.999 0.259000  0.14 0.000000 0.022 0.000  0.339 0.000  0.475 0.000 999.99 0.259000   2.468 0.000   0.982 0.000   1.486 0.000 0.009 0.000 0.151 0.000
336.291667 337.291667    9.91 0.000  1.50 0.000 0.052 0.000000 99.99 0.259000 0.017 0.000  0.610 0.000  0.854 0.000 999.99 0.259000   2.412 0.000   0.812 0.000   1.600 0.000 0.009 0.000 0.125 0.000
339.291667 340.291667    5.77 0.000  0.59 0.000 9.999 0.259000  0.19 0.000000 0.188 0.000  0.107 0.000  0.149 0.000 999.99 0.259000   2.370 0.000   0.549 0.000   1.821 0.000 0.013 0.000 0.131 0.000
342.291667 343.291667 9999.99 0.999 99.99 0.999 9.999 0.999000 99.99 0.999000 9.999 0.999 99.999 0.999 99.999 0.999 999.99 0.999000 999.999 0.999 999.999 0.999 999.999 0.999 9.999 0.999 9.999 0.999
345.291667 346.291667   12.64 0.000  1.28 0.000 9.999 0.259000  0.12 0.000000 0.008 0.000  0.145 0.000  0.203 0.000 999.99 0.259000   1.634 0.000   0.607 0.000   1.027 0.000 0.011 0.000 0.078 0.000
348.291667 349.291667   13.36 0.000  1.31 0.000 0.044 0.000000 99.99 0.259000 0.011 0.000  0.399 0.000  0.559 0.000 999.99 0.259000   2.918 0.000   1.114 0.000   1.804 0.000 0.012 0.000 0.082 0.000
351.291667 352.291667    6.38 0.000  0.39 0.000 9.999 0.259000  0.15 0.000000 0.013 0.000  0.189 0.000  0.264 0.000 999.99 0.259000   1.838 0.000   0.487 0.000   1.351 0.000 0.006 0.000 0.147 0.000
354.291667 355.291667   16.68 0.000  2.07 0.000 0.065 0.000000  0.19 0.000000 0.012 0.000  0.237 0.000  0.331 0.000 999.99 0.259000   2.483 0.000   0.802 0.000   1.682 0.000 0.017 0.000 0.135 0.000
357.291667 358.291667   10.67 0.000  0.43 0.000 9.999 0.259000  0.16 0.000000 0.035 0.000  0.176 0.000  0.246 0.000 999.99 0.259000   5.048 0.000   4.254 0.000   0.795 0.000 0.006 0.000 0.086 0.000
360.291667 361.291667    9.29 0.000  1.38 0.000 9.999 0.259000  0.24 0.000000 0.011 0.000  0.246 0.000  0.345 0.000   4.88 0.000000   1.972 0.000   1.154 0.000   0.819 0.000 0.009 0.000 0.074 0.000
363.291667 364.291667    1.03 0.000  0.46 0.000 9.999 0.259000 99.99 0.259000 0.012 0.000  0.161 0.000  0.225 0.000 999.99 0.259000   0.822 0.000   0.580 0.000   0.241 0.000 0.003 0.000 0.014 0.000
