scripts/IMPROVE-2019_partial/data/US0022R.20060102080000.20191216000000.filterpack..pm25.52w.1w.US03L_filterpack_US0022.US03L_IMPROVE_Davis.lev2.nas
64 1001
MISSING INFORMATION
US03L, IMPROVE, , , , , , , 
MISSING INFORMATION
IMPROVE sel_HTAP
1 1
2006 01 01 2019 12 16
3.000000
days from file reference point
25
1 1 1 1 1 1 1 1 1 1 1 1 1 1 1 1 1 1 1 1 1 1 1 1 1
999.999999 9999.99 9.999 99.99 9.999 9.999 9.999 9.99 9.999 99.999 9.999 99.999 9.999 99.999 9.999 999.999 9.999 999.999 9.999 999.999 9.999 9.999 9.999 9.999 9.999
end_time of measurement, days from the file reference point
iron, ng/m3, Revision date=20181210133000
numflag iron, no unit, Revision date=20181210133000
lead, ng/m3, Revision date=20181210133000
numflag lead, no unit, Revision date=20181210133000
magnesium, ug/m3, Revision date=20181210133000
numflag magnesium, no unit, Revision date=20181210133000
nickel, ng/m3, Revision date=20181210133000
numflag nickel, no unit, Revision date=20181210133000
nitrate, ug N/m3, Revision date=20181210133000
numflag nitrate, no unit, Revision date=20181210133000
organic_carbon, ug C/m3, Revision date=20181210133000
numflag organic_carbon, no unit, Revision date=20181210133000
organic_mass, ug/m3, Revision date=20181210133000
numflag organic_mass, no unit, Revision date=20181210133000
pm10_mass, ug/m3, Version=2, Version description=Data extracted from http://views.cira.colostate.edu/fed/DataWizard 2019-12-16, Sample duration=1d, Orig. time res.=3d, Matrix=pm10, Blank correction=Blank corrected, Volume std. temperature=ambient, Volume std. pressure=ambient
numflag pm10_mass, no unit, Version=2, Version description=Data extracted from http://views.cira.colostate.edu/fed/DataWizard 2019-12-16, Sample duration=1d, Orig. time res.=3d, Matrix=pm10, Blank correction=Blank corrected, Volume std. temperature=ambient, Volume std. pressure=ambient
pm10_pm25_mass, ug/m3, Revision date=20181210133000, Matrix=pm10_pm25
numflag pm10_pm25_mass, no unit, Revision date=20181210133000, Matrix=pm10_pm25
pm25_mass, ug/m3, Version=2, Version description=Data extracted from http://views.cira.colostate.edu/fed/DataWizard 2019-12-16, Sample duration=1d, Orig. time res.=3d, Blank correction=Blank corrected, Volume std. temperature=ambient, Volume std. pressure=ambient
numflag pm25_mass, no unit, Version=2, Version description=Data extracted from http://views.cira.colostate.edu/fed/DataWizard 2019-12-16, Sample duration=1d, Orig. time res.=3d, Blank correction=Blank corrected, Volume std. temperature=ambient, Volume std. pressure=ambient
potassium, ug/m3, Revision date=20181210133000
numflag potassium, no unit, Revision date=20181210133000
sulphate_total, ug S/m3, Revision date=20181210133000
numflag sulphate_total, no unit, Revision date=20181210133000
0
25
Data definition:              EBAS_1.1
Set type code:                TU
Timezone:                     UTC
File name:                    US0022R.20060102080000.20191216000000.filterpack..pm25.52w.1w.US03L_filterpack_US0022.US03L_IMPROVE_Davis.lev2.nas
File creation:                20191218115651
Startdate:                    20060102080000
Revision date:                20191216000000
Statistics:                   arithmetic mean
Data level:                   2
Period code:                  52w
Resolution code:              1w
Station code:                 US0022R
Platform code:                US0022S
Station name:                 Dome Lands Wilderness
Station latitude:             35.7278
Station longitude:            -118.1377
Station altitude:             927.0 m
Regime:                       IMG
Component:                    
Matrix:                       pm25
Laboratory code:              US03L
Instrument type:              filterpack
Instrument name:              filterpack_US0022
Method ref:                   US03L_IMPROVE_Davis
starttime endtime Fe flag_Fe Pb flag_Pb Mg++ flag_Mg++ Ni flag_Ni NO3- flag_NO3- OC flag_OC OM flag_OM PM10 flag_PM10 PM10-PM2.5 flag_PM10-PM2.5 PM2.5 flag_PM2.5 K+ flag_K+ SO4-- flag_SO4--
[from data line 91]
274.333333 275.333333   48.29 0.000  0.86 0.000 9.999 0.259 9.99 0.259  0.060 0.000  0.848 0.000  1.526 0.000  11.009 0.000   7.393 0.000   3.616 0.000 0.052 0.000 0.243 0.000
277.333333 278.333333   52.77 0.000  0.73 0.000 9.999 0.259 0.15 0.000  0.118 0.000  0.792 0.000  1.425 0.000  10.565 0.000   6.231 0.000   4.334 0.000 0.111 0.000 0.251 0.000
280.333333 281.333333   47.94 0.000  0.90 0.000 0.010 0.000 9.99 0.259  0.306 0.000  1.432 0.000  2.578 0.000  14.655 0.000   8.483 0.000   6.171 0.000 0.043 0.000 0.329 0.000
283.333333 284.333333   48.00 0.000  0.63 0.000 0.017 0.000 0.33 0.000  0.056 0.000  0.646 0.000  1.164 0.000  12.217 0.000   8.019 0.000   4.198 0.000 0.034 0.000 0.308 0.000
286.333333 287.333333 9999.99 0.999 99.99 0.999 9.999 0.999 9.99 0.999 99.999 0.999 99.999 0.999 99.999 0.999 999.999 0.999 999.999 0.999 999.999 0.999 9.999 0.999 9.999 0.999
289.333333 290.333333 9999.99 0.999 99.99 0.999 9.999 0.999 9.99 0.999 99.999 0.999 99.999 0.999 99.999 0.999 999.999 0.999 999.999 0.999 999.999 0.999 9.999 0.999 9.999 0.999
292.333333 293.333333   45.44 0.000  0.88 0.000 9.999 0.259 9.99 0.259  0.019 0.000  0.647 0.000  1.165 0.000 999.999 0.456 999.999 0.999   3.173 0.000 0.033 0.000 0.184 0.000
295.333333 296.333333   23.86 0.000  0.47 0.000 9.999 0.259 9.99 0.259  0.005 0.000  0.228 0.000  0.411 0.000   7.098 0.000   4.870 0.000   2.228 0.000 0.019 0.000 0.102 0.000
298.333333 299.333333  102.53 0.000  0.95 0.000 0.034 0.000 0.11 0.000  0.047 0.000  0.451 0.000  0.812 0.000  18.101 0.000  13.905 0.000   4.196 0.000 0.064 0.000 0.189 0.000
301.333333 302.333333   87.15 0.000  1.52 0.000 9.999 0.259 0.08 0.000  0.584 0.000  0.885 0.000  1.592 0.000  21.684 0.000  14.218 0.000   7.466 0.000 0.062 0.000 0.263 0.000
304.333333 305.333333   80.70 0.000  4.17 0.000 9.999 0.259 0.11 0.000  0.639 0.000  1.210 0.000  2.178 0.000  19.952 0.000  12.078 0.000   7.874 0.000 0.055 0.000 0.373 0.000
307.333333 308.333333   39.00 0.000  1.44 0.000 9.999 0.259 9.99 0.259  0.116 0.000  0.966 0.000  1.739 0.000   9.250 0.000   5.402 0.000   3.848 0.000 0.025 0.000 0.216 0.000
310.333333 311.333333   36.34 0.000  0.79 0.000 9.999 0.259 9.99 0.259  0.042 0.000  1.097 0.000  1.974 0.000  10.826 0.000   6.704 0.000   4.122 0.000 0.030 0.000 0.189 0.000
313.333333 314.333333   35.93 0.000  0.68 0.000 9.999 0.259 9.99 0.259  0.242 0.000  0.735 0.000  1.323 0.000  12.944 0.000   9.053 0.000   3.892 0.000 0.036 0.000 0.234 0.000
316.333333 317.333333   35.43 0.000  0.81 0.000 9.999 0.259 9.99 0.259  0.027 0.000  0.648 0.000  1.166 0.000  11.125 0.000   8.434 0.000   2.691 0.000 0.032 0.000 0.205 0.000
319.333333 320.333333   36.33 0.000  0.41 0.000 9.999 0.259 9.99 0.259  0.123 0.000  0.700 0.000  1.259 0.000   9.514 0.000   6.855 0.000   2.659 0.000 0.030 0.000 0.132 0.000
322.333333 323.333333   20.75 0.000  0.47 0.000 0.014 0.000 9.99 0.259  0.006 0.000  0.300 0.000  0.541 0.000   5.455 0.000   4.404 0.000   1.050 0.000 0.016 0.000 0.061 0.000
325.333333 326.333333   45.16 0.000  1.39 0.000 9.999 0.259 0.15 0.000  0.293 0.000  1.107 0.000  1.994 0.000  11.722 0.000   7.459 0.000   4.264 0.000 0.034 0.000 0.252 0.000
328.333333 329.333333   29.89 0.000  0.77 0.000 9.999 0.259 9.99 0.259  1.105 0.000  1.850 0.000  3.329 0.000  19.731 0.000   8.592 0.000  11.139 0.000 0.059 0.000 0.294 0.000
331.333333 332.333333   13.08 0.000  0.49 0.000 9.999 0.259 0.11 0.000  0.292 0.000  0.759 0.000  1.367 0.000   9.591 0.000   6.381 0.000   3.211 0.000 0.022 0.000 0.158 0.000
334.333333 335.333333   26.93 0.000  0.58 0.000 9.999 0.259 9.99 0.259  0.029 0.000  0.709 0.000  1.277 0.000   7.005 0.000   5.098 0.000   1.907 0.000 0.051 0.000 0.064 0.000
337.333333 338.333333   13.23 0.000  0.52 0.000 9.999 0.259 9.99 0.259  0.005 0.000  0.364 0.000  0.654 0.000   3.807 0.000   2.854 0.000   0.953 0.000 0.012 0.000 0.053 0.000
340.333333 341.333333   22.76 0.000  0.31 0.000 9.999 0.259 9.99 0.259  0.004 0.000  0.252 0.000  0.453 0.000   5.578 0.000   4.620 0.000   0.958 0.000 0.015 0.000 0.026 0.000
343.333333 344.333333    1.13 0.000  0.22 0.000 9.999 0.259 9.99 0.259  0.011 0.000  0.630 0.000  1.134 0.000   1.268 0.000   0.759 0.000   0.509 0.000 0.007 0.000 0.014 0.000
346.333333 347.333333    3.67 0.000  0.44 0.000 9.999 0.259 9.99 0.259  0.029 0.000  0.888 0.000  1.598 0.000   2.454 0.000   0.936 0.000   1.518 0.000 0.009 0.000 0.062 0.000
349.333333 350.333333    7.49 0.000  0.51 0.000 9.999 0.259 9.99 0.259  1.050 0.000  1.056 0.000  1.901 0.000   8.899 0.000   0.581 0.000   8.318 0.000 0.028 0.000 0.149 0.000
352.333333 353.333333    9.56 0.000  0.63 0.000 9.999 0.259 0.38 0.000  0.381 0.000  0.819 0.000  1.474 0.000   3.965 0.000   0.452 0.000   3.513 0.000 0.020 0.000 0.109 0.000
355.333333 356.333333    3.21 0.000  0.51 0.000 9.999 0.259 9.99 0.259  0.189 0.000  0.659 0.000  1.187 0.000   2.176 0.000   0.335 0.000   1.841 0.000 0.010 0.000 0.062 0.000
358.333333 359.333333    4.82 0.000  0.46 0.000 9.999 0.259 9.99 0.259  0.006 0.000  0.928 0.000  1.670 0.000   2.663 0.000   1.000 0.000   1.663 0.000 0.015 0.000 0.105 0.000
361.333333 362.333333    7.85 0.000  0.38 0.000 9.999 0.259 9.99 0.259  0.229 0.000  0.923 0.000  1.661 0.000   4.277 0.000   1.463 0.000   2.813 0.000 0.016 0.000 0.062 0.000
364.333333 365.333333    7.19 0.000  0.93 0.000 9.999 0.259 0.14 0.000  0.191 0.000  0.642 0.000  1.156 0.000   3.527 0.000   0.821 0.000   2.706 0.000 0.021 0.000 0.077 0.000
