scripts/IMPROVE-2019_partial/data/US0073R.20040101050000.20191216000000.filterpack...52w.3d.US03L_filterpack_US0073_GRSM1.US03L_IMPROVE_Davis.lev2.nas
51 1001
MISSING INFORMATION
US03L, IMPROVE, , , , , , , 
MISSING INFORMATION
IMPROVE sel_HTAP
1 1
2004 01 01 2019 12 16
3.000000
days from file reference point
4
1 1 1 1
999.999999 999.999 999.999 9.999
end_time of measurement, days from the file reference point
pm10_mass, ug/m3, Matrix=pm10
pm25_mass, ug/m3, Matrix=pm25
numflag, no unit
0
33
Data definition:              EBAS_1.1
Set type code:                TU
Timezone:                     UTC
File name:                    US0073R.20040101050000.20191216000000.filterpack...52w.3d.US03L_filterpack_US0073_GRSM1.US03L_IMPROVE_Davis.lev2.nas
File creation:                20191218120025
Startdate:                    20040101050000
Revision date:                20191216000000
Version:                      2
Version description:          "Data extracted from http://views.cira.colostate.edu/fed/DataWizard 2019-12-16"
Statistics:                   arithmetic mean
Data level:                   2
Period code:                  52w
Resolution code:              3d
Sample duration:              1d
Orig. time res.:              3d
Station code:                 US0073R
Platform code:                US0073S
Station name:                 Great Smoky Mountains NP
Station latitude:             35.6334
Station longitude:            -83.9416
Station altitude:             810.0 m
Regime:                       IMG
Component:                    
Unit:                         ug/m3
Matrix:                       
Laboratory code:              US03L
Instrument type:              filterpack
Instrument name:              filterpack_US0073_GRSM1
Method ref:                   US03L_IMPROVE_Davis
Blank correction:             Blank corrected
Volume std. temperature:      ambient
Volume std. pressure:         ambient
starttime endtime PM10 PM2.5 flag
  0.208333   1.208333   4.782   3.441 0.000
  3.208333   4.208333   9.065   5.787 0.000
  6.208333   7.208333   6.172   4.086 0.000
  9.208333  10.208333  12.661  10.227 0.000
 12.208333  13.208333  11.203   8.605 0.000
 15.208333  16.208333   4.907   3.299 0.000
 18.208333  19.208333   8.785   7.639 0.000
 21.208333  22.208333  10.097   7.977 0.000
 24.208333  25.208333   5.283   3.756 0.000
 27.208333  28.208333   5.462   4.609 0.000
 30.208333  31.208333   4.700   3.519 0.000
 33.208333  34.208333   7.522   6.795 0.000
 36.208333  37.208333   2.786   1.908 0.000
 39.208333  40.208333   9.789   7.848 0.000
 42.208333  43.208333   3.849   3.159 0.000
 45.208333  46.208333   4.644   3.964 0.000
 48.208333  49.208333  12.801  10.463 0.000
 51.208333  52.208333  13.468  12.915 0.000
 54.208333  55.208333  15.566  13.812 0.000
 57.208333  58.208333   5.892   4.192 0.000
 60.208333  61.208333  12.332   6.571 0.000
 63.208333  64.208333  16.189  10.764 0.000
 66.208333  67.208333   5.999   4.713 0.000
 69.208333  70.208333  10.146   8.727 0.000
 72.208333  73.208333   9.831   7.196 0.000
 75.208333  76.208333   9.733   9.004 0.000
 78.208333  79.208333   8.598   6.726 0.000
 81.208333  82.208333   6.738   5.876 0.000
 84.208333  85.208333  22.104  15.078 0.000
 87.208333  88.208333  18.047  11.837 0.000
 90.208333  91.208333   5.438   4.122 0.000
 93.208333  94.208333   9.689   6.594 0.000
 96.208333  97.208333   7.189   4.806 0.000
 99.208333 100.208333  16.483   8.974 0.000
102.208333 103.208333  10.967  10.512 0.000
105.208333 106.208333  11.909   7.094 0.000
108.208333 109.208333  16.865  12.919 0.000
111.208333 112.208333  20.668  10.747 0.000
114.208333 115.208333  17.548  12.652 0.000
117.208333 118.208333  19.078   7.726 0.000
120.208333 121.208333  19.835  10.764 0.000
123.208333 124.208333   7.482   5.524 0.000
126.208333 127.208333  19.412 999.999 0.000
129.208333 130.208333  19.461  14.972 0.000
132.208333 133.208333  23.587  15.390 0.000
135.208333 136.208333  20.916  12.286 0.000
138.208333 139.208333  16.236  11.749 0.000
141.208333 142.208333  17.505  10.985 0.000
144.208333 145.208333  20.255  13.477 0.000
147.208333 148.208333  23.203  12.539 0.000
150.208333 151.208333  18.709  14.403 0.000
153.208333 154.208333  18.286  12.353 0.000
156.208333 157.208333  12.418  10.337 0.000
159.208333 160.208333  24.622  23.205 0.000
162.208333 163.208333  27.818  24.852 0.000
165.208333 166.208333  14.009  12.153 0.000
168.208333 169.208333  18.327  12.041 0.000
171.208333 172.208333  18.382  15.947 0.000
174.208333 175.208333   7.564   4.619 0.000
177.208333 178.208333  18.614  17.488 0.000
180.208333 181.208333  20.889  18.799 0.000
183.208333 184.208333  11.330   8.251 0.000
186.208333 187.208333  21.318  12.705 0.000
189.208333 190.208333  18.861  15.950 0.000
192.208333 193.208333  13.807  11.447 0.000
195.208333 196.208333 999.999   7.692 0.000
198.208333 199.208333 999.999  19.373 0.000
201.208333 202.208333 999.999  21.085 0.000
204.208333 205.208333  15.605  14.845 0.000
207.208333 208.208333  10.989   9.761 0.000
210.208333 211.208333  20.066  17.991 0.000
213.208333 214.208333  12.274  11.201 0.000
216.208333 217.208333  27.374  25.634 0.000
219.208333 220.208333  13.001  11.983 0.000
222.208333 223.208333  24.691  24.055 0.000
225.208333 226.208333  13.399  10.562 0.000
228.208333 229.208333  25.204  24.949 0.000
231.208333 232.208333  26.838  22.804 0.000
234.208333 235.208333  10.662   8.559 0.000
237.208333 238.208333  17.341  15.777 0.000
240.208333 241.208333  21.861  20.736 0.000
243.208333 244.208333  22.081  19.601 0.000
246.208333 247.208333  30.079  28.357 0.000
249.208333 250.208333   9.040   7.777 0.000
252.208333 253.208333   7.931   4.523 0.000
255.208333 256.208333  21.902  20.865 0.000
258.208333 259.208333  20.587  15.259 0.000
261.208333 262.208333   7.150   4.014 0.000
264.208333 265.208333  14.834   8.633 0.000
267.208333 268.208333  18.353  13.601 0.000
270.208333 271.208333  11.834   8.970 0.000
273.208333 274.208333  26.750  22.955 0.000
276.208333 277.208333  19.518  19.001 0.000
279.208333 280.208333  18.409  13.313 0.000
282.208333 283.208333  15.699  11.018 0.000
285.208333 286.208333  11.642  10.082 0.000
288.208333 289.208333   6.087   3.342 0.000
291.208333 292.208333  13.725  11.886 0.000
294.208333 295.208333  17.898  13.025 0.000
297.208333 298.208333  11.657   9.774 0.000
300.208333 301.208333  18.962  15.201 0.000
303.208333 304.208333  19.759  17.797 0.000
306.208333 307.208333   9.328   7.273 0.000
309.208333 310.208333   9.356   5.594 0.000
312.208333 313.208333  19.758   5.654 0.000
315.208333 316.208333  11.875   4.234 0.000
318.208333 319.208333  11.177   4.700 0.000
321.208333 322.208333  11.958   5.935 0.000
324.208333 325.208333   9.328   7.066 0.000
327.208333 328.208333   3.774   2.268 0.000
330.208333 331.208333   3.390   2.325 0.000
333.208333 334.208333   5.250   4.367 0.000
336.208333 337.208333   7.833   3.684 0.000
339.208333 340.208333   9.488   6.582 0.000
342.208333 343.208333   8.019   3.925 0.000
345.208333 346.208333   1.984   0.975 0.000
348.208333 349.208333   9.140   5.880 0.000
351.208333 352.208333  11.887   8.011 0.000
354.208333 355.208333 999.999 999.999 0.999
357.208333 358.208333  11.224   3.614 0.000
360.208333 361.208333   7.358   5.254 0.000
363.208333 364.208333  10.766   7.004 0.000
