scripts/IMPROVE-2019_partial/data/US0084R.20030103080000.20191216000000.filterpack..pm25.1y.1w.US03L_filterpack_US0084.US03L_IMPROVE_Davis.lev2.nas
66 1001
MISSING INFORMATION
US03L, IMPROVE, , , , , , , 
MISSING INFORMATION
IMPROVE sel_HTAP
1 1
2003 01 01 2019 12 16
3.000000
days from file reference point
27
1 1 1 1 1 1 1 1 1 1 1 1 1 1 1 1 1 1 1 1 1 1 1 1 1 1 1
999.999999 9999.99 9.999 99.99 9.999 9.999 9.999999 99.99 9.999 99.999 9.999 999.999 9.999 999.999 9.999 999.99 9.999999 999.999 9.999 999.999 9.999 999.999 9.999 9.999 9.999 99.999 9.999
end_time of measurement, days from the file reference point
iron, ng/m3, Revision date=20181210133000
numflag iron, no unit, Revision date=20181210133000
lead, ng/m3, Revision date=20181210133000
numflag lead, no unit, Revision date=20181210133000
magnesium, ug/m3, Revision date=20181210133000
numflag magnesium, no unit, Revision date=20181210133000
nickel, ng/m3, Revision date=20181210133000
numflag nickel, no unit, Revision date=20181210133000
nitrate, ug N/m3, Revision date=20181210133000
numflag nitrate, no unit, Revision date=20181210133000
organic_carbon, ug C/m3, Revision date=20181210133000
numflag organic_carbon, no unit, Revision date=20181210133000
organic_mass, ug/m3, Revision date=20181210133000
numflag organic_mass, no unit, Revision date=20181210133000
phosphorus, ng/m3, Revision date=20181210133000
numflag phosphorus, no unit, Revision date=20181210133000
pm10_mass, ug/m3, Version=2, Version description=Data extracted from http://views.cira.colostate.edu/fed/DataWizard 2019-12-16, Sample duration=1d, Orig. time res.=3d, Matrix=pm10, Blank correction=Blank corrected, Volume std. temperature=ambient, Volume std. pressure=ambient
numflag pm10_mass, no unit, Version=2, Version description=Data extracted from http://views.cira.colostate.edu/fed/DataWizard 2019-12-16, Sample duration=1d, Orig. time res.=3d, Matrix=pm10, Blank correction=Blank corrected, Volume std. temperature=ambient, Volume std. pressure=ambient
pm10_pm25_mass, ug/m3, Revision date=20181210133000, Matrix=pm10_pm25
numflag pm10_pm25_mass, no unit, Revision date=20181210133000, Matrix=pm10_pm25
pm25_mass, ug/m3, Version=2, Version description=Data extracted from http://views.cira.colostate.edu/fed/DataWizard 2019-12-16, Sample duration=1d, Orig. time res.=3d, Blank correction=Blank corrected, Volume std. temperature=ambient, Volume std. pressure=ambient
numflag pm25_mass, no unit, Version=2, Version description=Data extracted from http://views.cira.colostate.edu/fed/DataWizard 2019-12-16, Sample duration=1d, Orig. time res.=3d, Blank correction=Blank corrected, Volume std. temperature=ambient, Volume std. pressure=ambient
potassium, ug/m3, Revision date=20181210133000
numflag potassium, no unit, Revision date=20181210133000
sulphate_total, ug S/m3, Revision date=20181210133000
numflag sulphate_total, no unit, Revision date=20181210133000
0
25
Data definition:              EBAS_1.1
Set type code:                TU
Timezone:                     UTC
File name:                    US0084R.20030103080000.20191216000000.filterpack..pm25.1y.1w.US03L_filterpack_US0084.US03L_IMPROVE_Davis.lev2.nas
File creation:                20191218120107
Startdate:                    20030103080000
Revision date:                20191216000000
Statistics:                   arithmetic mean
Data level:                   2
Period code:                  1y
Resolution code:              1w
Station code:                 US0084R
Platform code:                US0084S
Station name:                 Columbia Gorge #1
Station latitude:             45.5693
Station longitude:            -122.2103
Station altitude:             230.0 m
Regime:                       IMG
Component:                    
Matrix:                       pm25
Laboratory code:              US03L
Instrument type:              filterpack
Instrument name:              filterpack_US0084
Method ref:                   US03L_IMPROVE_Davis
starttime endtime Fe flag_Fe Pb flag_Pb Mg++ flag_Mg++ Ni flag_Ni NO3- flag_NO3- OC flag_OC OM flag_OM P flag_P PM10 flag_PM10 PM10-PM2.5 flag_PM10-PM2.5 PM2.5 flag_PM2.5 K+ flag_K+ SO4-- flag_SO4--
[from data line 81]
245.333333 246.333333  218.81 0.559  2.34 0.559 9.999 0.559259  0.24 0.559  0.090 0.000  10.237 0.000  14.332 0.000 999.99 0.559259  44.010 0.000  20.294 0.000  23.716 0.559 0.147 0.559  0.394 0.000
248.333333 249.333333   94.83 0.000  0.95 0.000 9.999 0.259000  0.13 0.000  0.065 0.000   1.666 0.000   2.333 0.000 999.99 0.259000  23.833 0.000  18.334 0.000   5.499 0.000 0.156 0.000  0.227 0.000
251.333333 252.333333   31.54 0.000  0.55 0.000 9.999 0.259000 99.99 0.259  0.057 0.000   0.986 0.000   1.380 0.000 999.99 0.259000   5.054 0.000   1.914 0.000   3.140 0.000 0.028 0.000  0.148 0.000
254.333333 255.333333   16.74 0.000  0.92 0.000 9.999 0.259000  0.16 0.000  0.144 0.000   0.702 0.000   0.983 0.000 999.99 0.259000  10.169 0.000   5.311 0.000   4.858 0.000 0.035 0.000  0.375 0.000
257.333333 258.333333   22.52 0.000  1.82 0.000 9.999 0.259000  0.22 0.000  0.198 0.000   0.830 0.000   1.162 0.000 999.99 0.259000  11.161 0.000   5.599 0.000   5.562 0.000 0.065 0.000  0.482 0.000
260.333333 261.333333   39.91 0.000  1.22 0.000 9.999 0.259000 99.99 0.259  0.041 0.000   1.166 0.000   1.633 0.000 999.99 0.259000   7.150 0.000   3.351 0.000   3.799 0.000 0.027 0.000  0.154 0.000
263.333333 264.333333   26.30 0.000  2.34 0.000 9.999 0.259000  0.15 0.000  0.097 0.000   1.508 0.000   2.111 0.000 999.99 0.259000   8.994 0.000   4.167 0.000   4.827 0.000 0.051 0.000  0.309 0.000
266.333333 267.333333   95.74 0.000  2.45 0.000 9.999 0.259000  0.45 0.000  0.056 0.000   2.181 0.000   3.053 0.000 999.99 0.259000  17.278 0.000  10.587 0.000   6.692 0.000 0.054 0.000  0.292 0.000
269.333333 270.333333  102.65 0.000  0.35 0.000 9.999 0.259000 99.99 0.259  0.018 0.000   1.916 0.000   2.682 0.000 999.99 0.259000  19.559 0.000  14.701 0.000   4.858 0.000 0.038 0.000  0.104 0.000
272.333333 273.333333   67.29 0.000  2.28 0.000 9.999 0.259000  0.26 0.000  0.318 0.000   2.940 0.000   4.116 0.000 999.99 0.259000  21.094 0.000  11.632 0.000   9.463 0.000 0.066 0.000  0.656 0.000
275.333333 276.333333   84.65 0.000  2.17 0.000 9.999 0.259000  0.34 0.000  0.344 0.000   3.390 0.000   4.746 0.000 999.99 0.259000  23.287 0.000  10.781 0.000  12.506 0.000 0.069 0.000  0.926 0.000
278.333333 279.333333   40.17 0.000  2.96 0.000 9.999 0.259000  0.28 0.000  0.512 0.000   2.999 0.000   4.199 0.000 999.99 0.259000  15.885 0.000   5.847 0.000  10.038 0.000 0.058 0.000  0.689 0.000
281.333333 282.333333   16.84 0.000  1.20 0.000 0.026 0.000000 99.99 0.259  0.101 0.000   1.023 0.000   1.432 0.000 999.99 0.259000   8.109 0.000   3.584 0.000   4.525 0.000 0.044 0.000  0.166 0.000
284.333333 285.333333    4.66 0.000  1.63 0.000 0.104 0.000000 99.99 0.259  0.065 0.000   0.843 0.000   1.180 0.000 999.99 0.259000  10.105 0.000   4.952 0.000   5.153 0.000 0.045 0.000  0.147 0.000
287.333333 288.333333   15.53 0.000  1.40 0.000 0.037 0.000000  0.15 0.000  0.103 0.000   2.880 0.000   4.032 0.000 999.99 0.259000  10.207 0.000   2.661 0.000   7.547 0.000 0.097 0.000  0.260 0.000
290.333333 291.333333   25.53 0.000  4.90 0.000 0.024 0.000000  0.13 0.000  0.109 0.000   4.743 0.000   6.640 0.000  20.42 0.000000  14.520 0.000   3.928 0.000  10.593 0.000 0.101 0.000  0.209 0.000
293.333333 294.333333   14.47 0.000  1.26 0.000 9.999 0.259000 99.99 0.259  0.015 0.000   2.866 0.000   4.012 0.000 999.99 0.259000   9.357 0.000   3.951 0.000   5.405 0.000 0.053 0.000  0.061 0.000
296.333333 297.333333   30.22 0.000  0.77 0.000 0.044 0.000000  0.79 0.000  0.074 0.000   1.768 0.000   2.475 0.000 999.99 0.259000  11.044 0.000   5.227 0.000   5.817 0.000 0.045 0.000  0.130 0.000
299.333333 300.333333   51.75 0.000  4.50 0.000 9.999 0.259000  0.38 0.000  0.113 0.000   3.845 0.000   5.383 0.000 999.99 0.259000  15.790 0.000   7.002 0.000   8.788 0.000 0.089 0.000  0.268 0.000
302.333333 303.333333   37.99 0.000  0.53 0.000 9.999 0.259000  0.15 0.000  0.016 0.000   0.888 0.000   1.244 0.000 999.99 0.259000  13.213 0.000  10.166 0.000   3.047 0.000 0.029 0.000  0.159 0.000
305.333333 306.333333   53.43 0.000  1.33 0.000 9.999 0.259000  0.07 0.000  0.126 0.000   2.000 0.000   2.800 0.000 999.99 0.259000  10.544 0.000   5.118 0.000   5.425 0.000 0.062 0.000  0.240 0.000
308.333333 309.333333   41.85 0.000  0.89 0.000 9.999 0.259000 99.99 0.259  0.238 0.000   3.630 0.000   5.081 0.000 999.99 0.259000 999.999 0.456 999.999 0.999   9.992 0.000 0.087 0.000  0.464 0.000
311.333333 312.333333   61.00 0.000  1.73 0.000 0.027 0.000000 99.99 0.259  0.579 0.000   7.307 0.000  10.230 0.000 999.99 0.259000 999.999 0.456 999.999 0.999  16.565 0.000 0.139 0.000  0.371 0.000
314.333333 315.333333   19.03 0.000  1.32 0.000 0.045 0.000000  0.43 0.000  0.134 0.000   1.599 0.000   2.238 0.000 999.99 0.259000 999.999 0.456 999.999 0.999   4.513 0.000 0.043 0.000  0.178 0.000
317.333333 318.333333   53.59 0.000  2.06 0.000 9.999 0.259000 99.99 0.259  0.347 0.000   6.181 0.000   8.653 0.000 999.99 0.259000  19.986 0.000   6.035 0.000  13.952 0.000 0.107 0.000  0.311 0.000
320.333333 321.333333    6.38 0.000  3.15 0.000 0.094 0.000000 99.99 0.259  0.045 0.000   1.377 0.000   1.928 0.000 999.99 0.259000   9.606 0.000   3.773 0.000   5.833 0.000 0.065 0.000  0.120 0.000
323.333333 324.333333    4.49 0.000  0.65 0.000 9.999 0.259000 99.99 0.259  0.160 0.000   2.095 0.000   2.933 0.000 999.99 0.259000   5.364 0.000   0.817 0.000   4.548 0.000 0.047 0.000  0.082 0.000
326.333333 327.333333    6.75 0.000  0.86 0.000 0.041 0.000000  0.13 0.000  0.063 0.000   1.657 0.000   2.319 0.000 999.99 0.259000   3.679 0.000   0.404 0.000   3.275 0.000 0.027 0.000  0.102 0.000
329.333333 330.333333    5.95 0.000  1.57 0.000 0.044 0.000000  0.15 0.000  0.067 0.000   1.015 0.000   1.421 0.000 999.99 0.259000   4.740 0.000   1.786 0.000   2.954 0.000 0.019 0.000  0.125 0.000
332.333333 333.333333    6.41 0.000  1.65 0.000 0.056 0.000000  0.12 0.000  0.089 0.000   0.856 0.000   1.199 0.000   4.76 0.000000   2.315 0.000   0.555 0.000   1.759 0.000 0.017 0.000  0.047 0.000
335.333333 336.333333   11.95 0.000  0.74 0.000 0.085 0.000000  0.14 0.000  0.063 0.000   1.560 0.000   2.183 0.000 999.99 0.259000   4.600 0.000   0.608 0.000   3.991 0.000 0.019 0.000  0.278 0.000
338.333333 339.333333    9.05 0.000  0.55 0.000 9.999 0.259000 99.99 0.259  0.186 0.000   1.526 0.000   2.136 0.000 999.99 0.259000   3.535 0.000   0.140 0.000   3.395 0.000 0.025 0.000  0.097 0.000
341.333333 342.333333   21.71 0.000  5.98 0.000 0.076 0.000000  0.15 0.000  0.152 0.000   1.071 0.000   1.500 0.000 999.99 0.259000   3.743 0.000   1.050 0.000   2.692 0.000 0.018 0.000  0.111 0.000
344.333333 345.333333    8.33 0.000  0.60 0.000 9.999 0.259000 99.99 0.259  0.117 0.000   1.147 0.000   1.606 0.000 999.99 0.259000   2.852 0.000   0.333 0.000   2.520 0.000 0.021 0.000  0.166 0.000
347.333333 348.333333    1.95 0.000  0.74 0.000 9.999 0.259000 99.99 0.259  0.025 0.000   0.567 0.000   0.794 0.000 999.99 0.259000   2.020 0.000   0.674 0.000   1.346 0.000 0.013 0.000  0.028 0.000
350.333333 351.333333    8.49 0.000  0.63 0.000 9.999 0.259000  0.11 0.000  0.087 0.000   0.818 0.000   1.145 0.000 999.99 0.259000   2.578 0.000   0.651 0.000   1.927 0.000 0.014 0.000  0.064 0.000
353.333333 354.333333    8.90 0.000  1.26 0.000 9.999 0.259000  0.07 0.000  0.438 0.000   2.552 0.000   3.573 0.000 999.99 0.259000   8.649 0.000   1.242 0.000   7.407 0.000 0.026 0.000  0.358 0.000
356.333333 357.333333    7.35 0.000  0.48 0.000 9.999 0.259000 99.99 0.259  0.500 0.000   1.053 0.000   1.474 0.000 999.99 0.259000   6.177 0.000   0.827 0.000   5.350 0.000 0.015 0.000  0.411 0.000
359.333333 360.333333    5.15 0.000  0.91 0.000 9.999 0.259000  0.22 0.000  0.146 0.000   1.273 0.000   1.782 0.000 999.99 0.259000   5.773 0.000   1.836 0.000   3.937 0.000 0.029 0.000  0.153 0.000
362.333333 363.333333    3.29 0.000  0.42 0.000 9.999 0.259000  0.10 0.000  0.035 0.000   0.534 0.000   0.748 0.000 999.99 0.259000   1.663 0.000   0.516 0.000   1.147 0.000 0.009 0.000  0.038 0.000
