scripts/IMPROVE-2019_partial/data/US0097R.19910102080000.20191216000000.filterpack...1y.3d.US03L_filterpack_US0097.US03L_IMPROVE_Davis.lev2.nas
52 1001
MISSING INFORMATION
US03L, IMPROVE, , , , , , , 
MISSING INFORMATION
IMPROVE sel_HTAP
1 1
1991 01 01 2019 12 16
0
days from file reference point
5
1 1 1 1 1
999.999999 999.999 9.999 999.999 9.999999
end_time of measurement, days from the file reference point
pm10_mass, ug/m3, Matrix=pm10
numflag pm10_mass, no unit, Matrix=pm10
pm25_mass, ug/m3, Matrix=pm25
numflag pm25_mass, no unit, Matrix=pm25
0
33
Data definition:              EBAS_1.1
Set type code:                TI
Timezone:                     UTC
File name:                    US0097R.19910102080000.20191216000000.filterpack...1y.3d.US03L_filterpack_US0097.US03L_IMPROVE_Davis.lev2.nas
File creation:                20191218120159
Startdate:                    19910102080000
Revision date:                20191216000000
Version:                      2
Version description:          "Data extracted from http://views.cira.colostate.edu/fed/DataWizard 2019-12-16"
Statistics:                   arithmetic mean
Data level:                   2
Period code:                  1y
Resolution code:              3d
Sample duration:              1d
Orig. time res.:              3d
Station code:                 US0097R
Platform code:                US0097S
Station name:                 Redwood NP
Station latitude:             41.5608
Station longitude:            -124.0839
Station altitude:             243.0 m
Regime:                       IMG
Component:                    
Unit:                         ug/m3
Matrix:                       
Laboratory code:              US03L
Instrument type:              filterpack
Instrument name:              filterpack_US0097
Method ref:                   US03L_IMPROVE_Davis
Blank correction:             Blank corrected
Volume std. temperature:      ambient
Volume std. pressure:         ambient
starttime endtime PM10 flag_PM10 PM2.5 flag_PM2.5
  1.333333   2.333333   3.151 0.000   2.683 0.559000
  4.333333   5.333333   8.611 0.000   8.528 0.559000
  8.333333   9.333333   4.625 0.000 999.999 0.559259
 11.333333  12.333333  11.754 0.000   1.429 0.559000
 15.333333  16.333333   5.777 0.000   2.620 0.559000
 18.333333  19.333333   5.724 0.000   2.275 0.559000
 22.333333  23.333333  16.654 0.000   6.350 0.559000
 25.333333  26.333333  22.374 0.000  12.062 0.559000
 29.333333  30.333333  16.448 0.000   8.384 0.559000
 32.333333  33.333333   4.336 0.000   2.085 0.559000
 36.333333  37.333333   3.993 0.000   2.165 0.559000
 39.333333  40.333333   7.817 0.000   5.890 0.559000
 43.333333  44.333333   9.612 0.000   4.835 0.559000
 46.333333  47.333333   3.523 0.000 999.999 0.559259
 50.333333  51.333333   7.007 0.000   3.174 0.559000
 53.333333  54.333333  12.007 0.000   6.024 0.559000
 57.333333  58.333333  20.609 0.000   9.547 0.559000
 60.333333  61.333333  14.982 0.000   7.591 0.559000
 64.333333  65.333333   5.559 0.000   2.012 0.559000
 67.333333  68.333333  13.633 0.000   4.742 0.559000
 71.333333  72.333333 999.999 0.999   2.719 0.559000
 74.333333  75.333333   5.517 0.000   1.793 0.559000
 78.333333  79.333333   6.655 0.000   3.252 0.559000
 81.333333  82.333333   1.672 0.000   0.486 0.559000
 85.333333  86.333333  10.252 0.000   4.212 0.559000
 88.333333  89.333333  13.924 0.000   6.960 0.559000
 92.333333  93.333333  16.014 0.000   3.313 0.559000
 95.333333  96.333333   8.817 0.000   2.683 0.559000
 99.333333 100.333333   9.732 0.000   3.119 0.559000
102.333333 103.333333  11.964 0.000   8.091 0.559000
106.333333 107.333333  10.429 0.000   6.778 0.559000
109.333333 110.333333  12.151 0.000   8.135 0.559000
113.333333 114.333333  10.324 0.000   3.131 0.559000
116.333333 117.333333  11.365 0.000   5.410 0.559000
120.333333 121.333333  11.189 0.000   4.260 0.559000
123.333333 124.333333  14.215 0.000   7.795 0.559000
127.333333 128.333333   6.870 0.000   2.175 0.559000
130.333333 131.333333  14.338 0.000   7.500 0.559000
134.333333 135.333333  10.687 0.000   4.622 0.559000
137.333333 138.333333   8.923 0.000   3.958 0.559000
141.333333 142.333333  18.215 0.000  10.364 0.559000
144.333333 145.333333  14.896 0.000   5.636 0.559000
148.333333 149.333333   5.227 0.000   2.372 0.559000
151.333333 152.333333  23.794 0.000  10.755 0.559000
155.333333 156.333333  20.582 0.000  10.939 0.559000
158.333333 159.333333  10.318 0.000   5.783 0.559000
162.333333 163.333333  12.441 0.000   5.796 0.559000
165.333333 166.333333   5.053 0.000   2.913 0.559000
169.333333 170.333333   3.669 0.000   1.627 0.559000
172.333333 173.333333   4.307 0.000   2.831 0.559000
176.333333 177.333333   5.655 0.000   4.125 0.559000
179.333333 180.333333   6.944 0.000   3.750 0.559000
183.333333 184.333333  22.640 0.000  12.620 0.559000
186.333333 187.333333  32.133 0.000  16.626 0.559000
190.333333 191.333333   8.402 0.000   5.958 0.559000
193.333333 194.333333   3.000 0.000   0.906 0.559000
197.333333 198.333333   6.113 0.000   2.697 0.559000
200.333333 201.333333  13.287 0.000   8.689 0.559000
204.333333 205.333333   3.730 0.000   1.780 0.559000
207.333333 208.333333  15.033 0.000   8.136 0.559000
211.333333 212.333333  10.203 0.000  10.060 0.559000
214.333333 215.333333   5.473 0.000 999.999 0.559259
218.333333 219.333333   9.597 0.000   4.048 0.559000
221.333333 222.333333  19.967 0.000   9.426 0.559000
225.333333 226.333333   6.176 0.000   1.982 0.559000
228.333333 229.333333   2.761 0.000   1.091 0.559000
232.333333 233.333333   7.674 0.000   2.149 0.559000
235.333333 236.333333  12.819 0.000   6.084 0.559000
239.333333 240.333333   4.557 0.000   1.254 0.559000
242.333333 243.333333   5.306 0.000   1.602 0.559000
246.333333 247.333333  21.768 0.000  19.694 0.559000
249.333333 250.333333   7.774 0.000 999.999 0.559259
253.333333 254.333333   5.430 0.000   3.914 0.559000
256.333333 257.333333  11.745 0.000   5.106 0.559000
260.333333 261.333333  13.571 0.000   9.475 0.559000
263.333333 264.333333  24.159 0.000  10.467 0.559000
267.333333 268.333333  13.473 0.000   6.338 0.559000
270.333333 271.333333   6.357 0.000   4.969 0.559000
274.333333 275.333333  18.453 0.000   7.798 0.559000
277.333333 278.333333  10.706 0.000   5.596 0.559000
281.333333 282.333333  11.673 0.000   5.927 0.559000
284.333333 285.333333   9.151 0.000 999.999 0.559259
288.333333 289.333333  13.236 0.000   5.675 0.559000
291.333333 292.333333  22.344 0.000  11.207 0.559000
295.333333 296.333333   7.143 0.000   2.853 0.559000
298.333333 299.333333  12.332 0.000   5.346 0.559000
302.333333 303.333333   8.390 0.000   5.654 0.559000
305.333333 306.333333 999.999 0.999 999.999 0.999000
309.333333 310.333333 999.999 0.999 999.999 0.999000
312.333333 313.333333   5.328 0.000   2.761 0.559000
316.333333 317.333333  10.526 0.000   3.446 0.559000
319.333333 320.333333  11.009 0.000   6.584 0.559000
323.333333 324.333333  12.840 0.000   2.260 0.559000
326.333333 327.333333  12.683 0.000   6.938 0.559000
330.333333 331.333333   4.850 0.000   1.768 0.559000
333.333333 334.333333   9.219 0.000   3.022 0.559000
337.333333 338.333333  11.053 0.000   5.732 0.559000
340.333333 341.333333  10.708 0.000   4.704 0.559000
344.333333 345.333333  12.105 0.000   4.876 0.559000
347.333333 348.333333   8.642 0.000   4.907 0.559000
351.333333 352.333333   8.929 0.000   2.781 0.559000
354.333333 355.333333   5.615 0.000   3.719 0.559000
358.333333 359.333333  11.395 0.000   4.180 0.559000
361.333333 362.333333   3.000 0.000   1.015 0.559000
