scripts/IMPROVE-2019_partial/data/US0091R.20140102070000.20191216000000.filterpack...52w.3d.US03L_filterpack_US0091.US03L_IMPROVE_Davis.lev2.nas
52 1001
MISSING INFORMATION
US03L, IMPROVE, , , , , , , 
MISSING INFORMATION
IMPROVE sel_HTAP
1 1
2014 01 01 2019 12 16
3.000000
days from file reference point
5
1 1 1 1 1
999.999999 999.999 9.999 999.999 9.999
end_time of measurement, days from the file reference point
pm10_mass, ug/m3, Matrix=pm10
numflag pm10_mass, no unit, Matrix=pm10
pm25_mass, ug/m3, Matrix=pm25
numflag pm25_mass, no unit, Matrix=pm25
0
33
Data definition:              EBAS_1.1
Set type code:                TU
Timezone:                     UTC
File name:                    US0091R.20140102070000.20191216000000.filterpack...52w.3d.US03L_filterpack_US0091.US03L_IMPROVE_Davis.lev2.nas
File creation:                20191218120135
Startdate:                    20140102070000
Revision date:                20191216000000
Version:                      2
Version description:          "Data extracted from http://views.cira.colostate.edu/fed/DataWizard 2019-12-16"
Statistics:                   arithmetic mean
Data level:                   2
Period code:                  52w
Resolution code:              3d
Sample duration:              1d
Orig. time res.:              3d
Station code:                 US0091R
Platform code:                US0091S
Station name:                 Mount Baldy
Station latitude:             34.0584
Station longitude:            -109.4406
Station altitude:             2508.0 m
Regime:                       IMG
Component:                    
Unit:                         ug/m3
Matrix:                       
Laboratory code:              US03L
Instrument type:              filterpack
Instrument name:              filterpack_US0091
Method ref:                   US03L_IMPROVE_Davis
Blank correction:             Blank corrected
Volume std. temperature:      ambient
Volume std. pressure:         ambient
starttime endtime PM10 flag_PM10 PM2.5 flag_PM2.5
  1.291667   2.291667   1.242 0.000   0.761 0.000
  4.291667   5.291667   1.393 0.000   0.617 0.000
  7.291667   8.291667   1.487 0.000   2.640 0.000
 10.291667  11.291667   0.781 0.000   1.430 0.000
 13.291667  14.291667   6.133 0.000   5.862 0.000
 16.291667  17.291667   1.912 0.000   1.407 0.000
 19.291667  20.291667   0.998 0.000   0.701 0.000
 22.291667  23.291667   3.062 0.000   1.677 0.000
 25.291667  26.291667   2.433 0.000   1.401 0.000
 28.291667  29.291667 999.999 0.999 999.999 0.999
 31.291667  32.291667   2.902 0.000   0.987 0.000
 34.291667  35.291667   3.470 0.000   1.633 0.000
 37.291667  38.291667   2.519 0.000   2.689 0.000
 40.291667  41.291667   2.088 0.000   1.403 0.000
 43.291667  44.291667   1.519 0.000   1.297 0.000
 46.291667  47.291667   0.905 0.000   0.669 0.000
 49.291667  50.291667   3.516 0.000   1.643 0.000
 52.291667  53.291667   5.504 0.000   2.603 0.000
 55.291667  56.291667   4.867 0.000   2.558 0.000
 58.291667  59.291667 999.999 0.999 999.999 0.999
 61.291667  62.291667 999.999 0.999 999.999 0.999
 64.291667  65.291667   3.523 0.000   1.946 0.000
 67.291667  68.291667   0.824 0.000   0.518 0.000
 70.291667  71.291667  20.015 0.000   5.229 0.000
 73.291667  74.291667  21.175 0.000   3.542 0.000
 76.291667  77.291667  26.256 0.000  10.170 0.000
 79.291667  80.291667   7.234 0.000   3.784 0.000
 82.291667  83.291667 999.999 0.999 999.999 0.999
 85.291667  86.291667 999.999 0.999 999.999 0.999
 88.291667  89.291667 999.999 0.999 999.999 0.999
 91.291667  92.291667   6.959 0.000   4.361 0.000
 94.291667  95.291667   5.355 0.000   3.927 0.000
 97.291667  98.291667   4.154 0.000   4.280 0.000
100.291667 101.291667   3.984 0.000   3.560 0.000
103.291667 104.291667   5.015 0.000   3.342 0.000
106.291667 107.291667   6.775 0.000   4.643 0.000
109.291667 110.291667   3.432 0.000   2.514 0.000
112.291667 113.291667   9.684 0.000   5.408 0.000
115.291667 116.291667  17.814 0.000   4.626 0.000
118.291667 119.291667   7.278 0.000   4.569 0.000
121.291667 122.291667   3.872 0.000   3.038 0.000
124.291667 125.291667  13.979 0.000   5.891 0.000
127.291667 128.291667   8.766 0.000   5.022 0.000
130.291667 131.291667  28.674 0.000   9.690 0.000
133.291667 134.291667   6.322 0.000   3.962 0.000
136.291667 137.291667  10.126 0.000   5.351 0.000
139.291667 140.291667  15.061 0.000  10.404 0.000
142.291667 143.291667   4.952 0.000   2.358 0.000
145.291667 146.291667   7.053 0.000   4.159 0.000
148.291667 149.291667   9.551 0.000   4.320 0.000
151.291667 152.291667   5.400 0.000   2.209 0.000
154.291667 155.291667   5.363 0.000   1.756 0.000
157.291667 158.291667   8.006 0.000   3.445 0.000
160.291667 161.291667  11.732 0.000   5.941 0.000
163.291667 164.291667  13.405 0.000   4.373 0.000
166.291667 167.291667  12.462 0.000   3.608 0.000
169.291667 170.291667   6.276 0.000   2.113 0.000
172.291667 173.291667 999.999 0.999 999.999 0.999
175.291667 176.291667   7.565 0.000   2.282 0.000
178.291667 179.291667 999.999 0.999 999.999 0.999
181.291667 182.291667 999.999 0.999 999.999 0.999
184.291667 185.291667 999.999 0.999 999.999 0.999
187.291667 188.291667 999.999 0.999 999.999 0.999
190.291667 191.291667 999.999 0.999 999.999 0.999
193.291667 194.291667 999.999 0.999 999.999 0.999
196.291667 197.291667   3.010 0.000   2.125 0.000
199.291667 200.291667 999.999 0.999 999.999 0.999
202.291667 203.291667 999.999 0.999 999.999 0.999
205.291667 206.291667 999.999 0.999 999.999 0.999
208.291667 209.291667 999.999 0.999 999.999 0.999
211.291667 212.291667 999.999 0.999 999.999 0.999
214.291667 215.291667 999.999 0.999 999.999 0.999
217.291667 218.291667 999.999 0.999 999.999 0.999
220.291667 221.291667   6.077 0.000   3.667 0.000
223.291667 224.291667   6.159 0.000   4.043 0.000
226.291667 227.291667   4.015 0.000   2.341 0.000
229.291667 230.291667   3.505 0.000   2.001 0.000
232.291667 233.291667   6.407 0.000   2.743 0.000
235.291667 236.291667   3.752 0.000   2.161 0.000
238.291667 239.291667   2.904 0.000   1.441 0.000
241.291667 242.291667   4.655 0.000   2.397 0.000
244.291667 245.291667   4.887 0.000   2.055 0.000
247.291667 248.291667   3.589 0.000   2.502 0.000
250.291667 251.291667   1.885 0.000   1.151 0.000
253.291667 254.291667   3.178 0.000   1.894 0.000
256.291667 257.291667   1.961 0.000   0.970 0.000
259.291667 260.291667   1.103 0.000   0.760 0.000
262.291667 263.291667   3.752 0.000   2.208 0.000
265.291667 266.291667   3.149 0.000   2.039 0.000
268.291667 269.291667   4.331 0.000   2.647 0.000
271.291667 272.291667   2.376 0.000   1.385 0.000
274.291667 275.291667   2.767 0.000   1.390 0.000
277.291667 278.291667   3.102 0.000   1.211 0.000
280.291667 281.291667   2.057 0.000   1.487 0.000
283.291667 284.291667   3.838 0.000   2.038 0.000
286.291667 287.291667   2.140 0.000   0.974 0.000
289.291667 290.291667   2.546 0.000   1.240 0.000
292.291667 293.291667   1.893 0.000   1.151 0.000
295.291667 296.291667   2.830 0.000   2.097 0.000
298.291667 299.291667   5.473 0.000   3.945 0.000
301.291667 302.291667  22.642 0.000  19.866 0.000
304.291667 305.291667   9.052 0.000   3.983 0.000
307.291667 308.291667   2.165 0.000   0.970 0.000
310.291667 311.291667   1.565 0.000   0.932 0.000
313.291667 314.291667   3.536 0.000   1.403 0.000
316.291667 317.291667   2.023 0.000   0.945 0.000
319.291667 320.291667   1.726 0.000   0.764 0.000
322.291667 323.291667   1.163 0.000   0.602 0.000
325.291667 326.291667   4.273 0.000   3.112 0.000
328.291667 329.291667 999.999 0.456 999.999 0.456
331.291667 332.291667 999.999 0.456   0.758 0.000
334.291667 335.291667 999.999 0.456   1.151 0.000
337.291667 338.291667   0.536 0.000   0.272 0.000
340.291667 341.291667   1.119 0.000   0.670 0.000
343.291667 344.291667   4.364 0.000   3.227 0.000
346.291667 347.291667   2.216 0.000   1.195 0.000
349.291667 350.291667   2.506 0.000   1.170 0.000
352.291667 353.291667   1.389 0.000   0.854 0.000
355.291667 356.291667   0.744 0.000 999.999 0.456
358.291667 359.291667   2.993 0.000   0.823 0.000
361.291667 362.291667   0.714 0.000   0.580 0.000
364.291667 365.291667 999.999 0.999 999.999 0.999
