scripts/IMPROVE-2019_partial/data/US0072R.20000101070000.20191216000000.filterpack..pm25.52w.1w.US03L_filterpack_US0072.US03L_IMPROVE_Davis.lev2.nas
64 1001
MISSING INFORMATION
US03L, IMPROVE, , , , , , , 
MISSING INFORMATION
IMPROVE sel_HTAP
1 1
2000 01 01 2019 12 16
0
days from file reference point
25
1 1 1 1 1 1 1 1 1 1 1 1 1 1 1 1 1 1 1 1 1 1 1 1 1
999.999999 9999.99 9.999 99.99 9.999999 9.999 9.999999 9.99 9.999999 9.999 9.999 99.999 9.999 999.999 9.999 999.999 9.999 999.999 9.999 999.999 9.999 9.999 9.999 99.999 9.999
end_time of measurement, days from the file reference point
iron, ng/m3, Revision date=20181210133000
numflag iron, no unit, Revision date=20181210133000
lead, ng/m3, Revision date=20181210133000
numflag lead, no unit, Revision date=20181210133000
magnesium, ug/m3, Revision date=20181210133000
numflag magnesium, no unit, Revision date=20181210133000
nickel, ng/m3, Revision date=20181210133000
numflag nickel, no unit, Revision date=20181210133000
nitrate, ug N/m3, Revision date=20181210133000
numflag nitrate, no unit, Revision date=20181210133000
organic_carbon, ug C/m3, Revision date=20181210133000
numflag organic_carbon, no unit, Revision date=20181210133000
organic_mass, ug/m3, Revision date=20181210133000
numflag organic_mass, no unit, Revision date=20181210133000
pm10_mass, ug/m3, Version=2, Version description=Data extracted from http://views.cira.colostate.edu/fed/DataWizard 2019-12-16, Sample duration=1d, Orig. time res.=3d, Matrix=pm10, Blank correction=Blank corrected, Volume std. temperature=ambient, Volume std. pressure=ambient
numflag pm10_mass, no unit, Version=2, Version description=Data extracted from http://views.cira.colostate.edu/fed/DataWizard 2019-12-16, Sample duration=1d, Orig. time res.=3d, Matrix=pm10, Blank correction=Blank corrected, Volume std. temperature=ambient, Volume std. pressure=ambient
pm10_pm25_mass, ug/m3, Revision date=20181210133000, Matrix=pm10_pm25
numflag pm10_pm25_mass, no unit, Revision date=20181210133000, Matrix=pm10_pm25
pm25_mass, ug/m3, Version=2, Version description=Data extracted from http://views.cira.colostate.edu/fed/DataWizard 2019-12-16, Sample duration=1d, Orig. time res.=3d, Blank correction=Blank corrected, Volume std. temperature=ambient, Volume std. pressure=ambient
numflag pm25_mass, no unit, Version=2, Version description=Data extracted from http://views.cira.colostate.edu/fed/DataWizard 2019-12-16, Sample duration=1d, Orig. time res.=3d, Blank correction=Blank corrected, Volume std. temperature=ambient, Volume std. pressure=ambient
potassium, ug/m3, Revision date=20181210133000
numflag potassium, no unit, Revision date=20181210133000
sulphate_total, ug S/m3, Revision date=20181210133000
numflag sulphate_total, no unit, Revision date=20181210133000
0
25
Data definition:              EBAS_1.1
Set type code:                TI
Timezone:                     UTC
File name:                    US0072R.20000101070000.20191216000000.filterpack..pm25.52w.1w.US03L_filterpack_US0072.US03L_IMPROVE_Davis.lev2.nas
File creation:                20191218120020
Startdate:                    20000101070000
Revision date:                20191216000000
Statistics:                   arithmetic mean
Data level:                   2
Period code:                  52w
Resolution code:              1w
Station code:                 US0072R
Platform code:                US0072S
Station name:                 Badlands NP
Station latitude:             43.7435
Station longitude:            -101.9412
Station altitude:             736.0 m
Regime:                       IMG
Component:                    
Matrix:                       pm25
Laboratory code:              US03L
Instrument type:              filterpack
Instrument name:              filterpack_US0072
Method ref:                   US03L_IMPROVE_Davis
starttime endtime Fe flag_Fe Pb flag_Pb Mg++ flag_Mg++ Ni flag_Ni NO3- flag_NO3- OC flag_OC OM flag_OM PM10 flag_PM10 PM10-PM2.5 flag_PM10-PM2.5 PM2.5 flag_PM2.5 K+ flag_K+ SO4-- flag_SO4--
  0.291667   1.291667   22.07 0.000  0.59 0.000000 9.999 0.259000 9.99 0.259000 0.058 0.559  0.418 0.000   0.585 0.000   4.431 0.000   2.390 0.000   2.041 0.000 0.025 0.000  0.124 0.559
  4.291667   5.291667    7.59 0.000 99.99 0.259000 0.004 0.000000 9.99 0.259000 0.007 0.000  0.237 0.000   0.331 0.000   2.385 0.000   0.396 0.000   1.989 0.000 0.006 0.000  0.053 0.000
  7.291667   8.291667   17.93 0.000  0.40 0.000000 9.999 0.259000 9.99 0.259000 0.012 0.000  0.286 0.000   0.401 0.000   3.054 0.000   1.494 0.000   1.560 0.000 0.012 0.000  0.083 0.000
 11.291667  12.291667   21.11 0.000  1.80 0.000000 9.999 0.259000 9.99 0.259000 0.089 0.000  0.577 0.000   0.807 0.000   7.154 0.000   3.742 0.000   3.412 0.000 0.024 0.000  0.344 0.000
 14.291667  15.291667   20.80 0.000  1.19 0.000000 9.999 0.259000 9.99 0.259000 0.056 0.000  0.493 0.000   0.690 0.000   5.146 0.000   2.881 0.000   2.264 0.000 0.017 0.000  0.176 0.000
 18.291667  19.291667   19.39 0.000  1.94 0.000000 9.999 0.259000 9.99 0.259000 0.125 0.000  0.666 0.000   0.933 0.000   5.971 0.000   1.475 0.000   4.495 0.000 0.030 0.000  0.530 0.000
 21.291667  22.291667   12.53 0.000  0.64 0.000000 9.999 0.259000 9.99 0.259000 0.034 0.000  0.455 0.000   0.636 0.000   2.710 0.000   1.080 0.000   1.630 0.000 0.014 0.000  0.130 0.000
 25.291667  26.291667   13.63 0.000  0.24 0.000000 0.010 0.000000 9.99 0.259000 0.059 0.559  0.417 0.000   0.584 0.000   3.430 0.000   1.594 0.000   1.836 0.000 0.012 0.000  0.199 0.559
 28.291667  29.291667   28.78 0.000  6.32 0.000000 9.999 0.259000 9.99 0.259000 0.264 0.559  1.442 0.000   2.019 0.000 999.999 0.456 999.999 0.999  10.774 0.000 0.055 0.000  1.058 0.559
 32.291667  33.291667    9.59 0.000  0.23 0.000000 9.999 0.259000 9.99 0.259000 0.036 0.000  0.324 0.000   0.454 0.000   2.786 0.000   1.523 0.000   1.263 0.000 0.011 0.000  0.101 0.000
 35.291667  36.291667   10.61 0.000  0.57 0.000000 9.999 0.259000 0.13 0.000000 0.011 0.000  0.346 0.000   0.484 0.000   2.661 0.000   1.489 0.000   1.172 0.000 0.007 0.000  0.065 0.000
 39.291667  40.291667   39.96 0.000  0.26 0.000000 9.999 0.259000 9.99 0.259000 0.069 0.559  0.720 0.000   1.008 0.000   6.173 0.000   2.982 0.000   3.191 0.000 0.032 0.000  0.221 0.559
 42.291667  43.291667   14.65 0.000  1.33 0.000000 0.009 0.000000 9.99 0.259000 0.104 0.000  0.470 0.000   0.658 0.000   5.058 0.000   0.679 0.000   4.379 0.000 0.016 0.000  0.444 0.000
 46.291667  47.291667   11.76 0.000  0.29 0.000000 9.999 0.259000 9.99 0.259000 0.037 0.000  0.829 0.000   1.161 0.000   8.556 0.000   6.660 0.000   1.897 0.000 0.012 0.000  0.179 0.000
 49.291667  50.291667   17.37 0.000  1.65 0.000000 9.999 0.259000 9.99 0.259000 0.106 0.000  0.406 0.000   0.568 0.000   7.441 0.000   0.921 0.000   6.520 0.000 0.020 0.000  0.903 0.000
 53.291667  54.291667   43.49 0.000  0.74 0.000000 0.022 0.000000 9.99 0.259000 0.072 0.000  0.977 0.000   1.368 0.000   8.226 0.000   5.297 0.000   2.929 0.000 0.040 0.000  0.228 0.000
 56.291667  57.291667    6.28 0.000  0.17 0.000000 9.999 0.259000 0.08 0.000000 0.032 0.559  0.495 0.000   0.693 0.000   3.968 0.000   2.519 0.000   1.449 0.000 0.014 0.000  0.148 0.559
 60.291667  61.291667   10.47 0.000  0.14 0.000000 9.999 0.259000 9.99 0.259000 0.047 0.559  0.301 0.000   0.421 0.000   3.596 0.000   1.585 0.000   2.011 0.000 0.013 0.000  0.270 0.559
 63.291667  64.291667   24.87 0.000  0.56 0.000000 9.999 0.259000 9.99 0.259000 0.025 0.559  0.741 0.000   1.037 0.000   5.704 0.000   3.534 0.000   2.170 0.000 0.021 0.000  0.232 0.559
 67.291667  68.291667    7.53 0.000  0.40 0.000000 9.999 0.259000 9.99 0.259000 0.036 0.559  0.263 0.000   0.368 0.000   2.245 0.000   0.699 0.000   1.547 0.000 0.009 0.000  0.235 0.559
 70.291667  71.291667    8.49 0.559  0.38 0.559000 0.012 0.559000 9.99 0.559259 0.042 0.559  0.522 0.000   0.731 0.000   4.574 0.000   0.694 0.000   3.881 0.559 0.011 0.559  0.615 0.559
 74.291667  75.291667    9.17 0.000  0.54 0.000000 9.999 0.259000 9.99 0.259000 0.040 0.000  0.456 0.000   0.638 0.000   4.158 0.000   1.025 0.000   3.133 0.000 0.015 0.000  0.510 0.000
 77.291667  78.291667    7.33 0.000  0.24 0.000000 9.999 0.259000 9.99 0.259000 0.017 0.000  0.175 0.000   0.245 0.000   1.996 0.000   1.175 0.000   0.821 0.000 0.006 0.000  0.099 0.000
 81.291667  82.291667   14.32 0.000  0.25 0.000000 9.999 0.259000 0.15 0.000000 0.033 0.559  0.429 0.000   0.601 0.000   3.535 0.000   1.417 0.000   2.118 0.000 0.014 0.000  0.260 0.559
 84.291667  85.291667   43.93 0.000  1.22 0.000000 0.028 0.000000 9.99 0.259000 0.018 0.559  0.480 0.000   0.672 0.000   5.489 0.000   2.686 0.000   2.803 0.000 0.041 0.000  0.275 0.559
 88.291667  89.291667   13.44 0.000  0.48 0.000000 9.999 0.259000 9.99 0.259000 0.038 0.559  0.695 0.000   0.972 0.000   4.948 0.000   3.074 0.000   1.874 0.000 0.024 0.000  0.136 0.559
 91.291667  92.291667   39.07 0.000  0.72 0.000000 9.999 0.259000 9.99 0.259000 0.028 0.000  0.586 0.000   0.821 0.000   5.572 0.000   2.271 0.000   3.301 0.000 0.029 0.000  0.331 0.000
 95.291667  96.291667 9999.99 0.999 99.99 0.999000 9.999 0.999000 9.99 0.999000 9.999 0.999 99.999 0.999 999.999 0.999 999.999 0.999 999.999 0.999 999.999 0.999 9.999 0.999 99.999 0.999
 98.291667  99.291667 9999.99 0.999 99.99 0.999000 9.999 0.999000 9.99 0.999000 9.999 0.999 99.999 0.999 999.999 0.999 999.999 0.999 999.999 0.999 999.999 0.999 9.999 0.999 99.999 0.999
102.291667 103.291667 9999.99 0.999 99.99 0.999000 9.999 0.999000 9.99 0.999000 9.999 0.999 99.999 0.999 999.999 0.999 999.999 0.999 999.999 0.999 999.999 0.999 9.999 0.999 99.999 0.999
105.291667 106.291667   19.89 0.000  0.76 0.000000 9.999 0.259000 9.99 0.259000 9.999 0.456  0.398 0.000   0.557 0.000   5.301 0.000   2.560 0.000   2.741 0.000 0.018 0.000 99.999 0.456
109.291667 110.291667 9999.99 0.999 99.99 0.999000 9.999 0.999000 9.99 0.999000 9.999 0.999 99.999 0.999 999.999 0.999 999.999 0.999 999.999 0.999 999.999 0.999 9.999 0.999 99.999 0.999
112.291667 113.291667  104.56 0.000  1.62 0.000000 9.999 0.259000 9.99 0.259000 0.076 0.699  1.348 0.000   1.887 0.000   9.328 0.000   4.136 0.000   5.192 0.000 0.074 0.000  0.356 0.699
116.291667 117.291667   37.24 0.559  0.97 0.559000 9.999 0.559259 9.99 0.559259 0.045 0.699  0.783 0.000   1.097 0.000   6.448 0.000   3.190 0.000   3.258 0.559 0.032 0.559  0.335 0.699
119.291667 120.291667   40.36 0.559  0.89 0.559000 9.999 0.559259 9.99 0.559259 0.066 0.699  1.294 0.000   1.811 0.000  11.588 0.000   7.610 0.000   3.978 0.559 0.040 0.559  0.310 0.699
123.291667 124.291667   88.24 0.000  1.28 0.000000 9.999 0.259000 9.99 0.259000 0.050 0.699  1.464 0.000   2.049 0.000  10.396 0.000   6.680 0.000   3.716 0.000 0.059 0.000  0.248 0.699
126.291667 127.291667   93.67 0.000  0.61 0.000000 9.999 0.259000 9.99 0.259000 0.083 0.699  1.761 0.000   2.466 0.000  13.930 0.000   9.270 0.000   4.660 0.000 0.079 0.000  0.298 0.699
130.291667 131.291667 9999.99 0.999 99.99 0.999000 9.999 0.999000 9.99 0.999000 9.999 0.999 99.999 0.999 999.999 0.999 999.999 0.999 999.999 0.999 999.999 0.999 9.999 0.999 99.999 0.999
133.291667 134.291667 9999.99 0.999 99.99 0.999000 9.999 0.999000 9.99 0.999000 9.999 0.999 99.999 0.999 999.999 0.999 999.999 0.999 999.999 0.999 999.999 0.999 9.999 0.999 99.999 0.999
137.291667 138.291667   37.83 0.000  1.51 0.000000 9.999 0.259000 9.99 0.259000 0.108 0.699  1.744 0.000   2.441 0.000  12.541 0.000   6.820 0.000   5.721 0.000 0.040 0.000  0.606 0.699
140.291667 141.291667   40.20 0.000  0.85 0.000000 9.999 0.259000 9.99 0.259000 0.030 0.699  1.533 0.000   2.147 0.000   6.577 0.000   3.548 0.000   3.029 0.000 0.036 0.000  0.246 0.699
144.291667 145.291667   64.23 0.000  0.58 0.000000 9.999 0.259000 9.99 0.259000 0.033 0.699  1.398 0.000   1.958 0.000  15.033 0.000  10.940 0.000   4.092 0.000 0.046 0.000  0.250 0.699
147.291667 148.291667   29.93 0.000  0.82 0.000000 9.999 0.259000 9.99 0.259000 0.029 0.699  1.617 0.000   2.264 0.000   7.884 0.000   4.719 0.000   3.165 0.000 0.032 0.000  0.238 0.699
151.291667 152.291667   17.59 0.000  1.10 0.000000 9.999 0.259000 9.99 0.259000 0.084 0.699  1.430 0.000   2.002 0.000   6.904 0.000   3.865 0.000   3.038 0.000 0.024 0.000  0.256 0.699
154.291667 155.291667   46.39 0.000  0.36 0.000000 9.999 0.259000 9.99 0.259000 0.074 0.699  1.963 0.000   2.748 0.000  16.177 0.000  11.526 0.000   4.651 0.000 0.046 0.000  0.360 0.699
158.291667 159.291667   79.29 0.000  0.35 0.000000 9.999 0.259000 9.99 0.259000 0.050 0.699  2.484 0.000   3.478 0.000  17.422 0.000  12.292 0.000   5.130 0.000 0.058 0.000  0.347 0.699
161.291667 162.291667   33.13 0.000 99.99 0.259000 9.999 0.259000 9.99 0.259000 0.023 0.699  1.752 0.000   2.453 0.000   6.417 0.000   4.227 0.000   2.190 0.000 0.029 0.000  0.140 0.699
165.291667 166.291667 9999.99 0.999 99.99 0.999000 9.999 0.999000 9.99 0.999000 9.999 0.999 99.999 0.999 999.999 0.999 999.999 0.999 999.999 0.999 999.999 0.999 9.999 0.999 99.999 0.999
168.291667 169.291667 9999.99 0.999 99.99 0.999000 9.999 0.999000 9.99 0.999000 9.999 0.999 99.999 0.999 999.999 0.999 999.999 0.999 999.999 0.999 999.999 0.999 9.999 0.999 99.999 0.999
172.291667 173.291667 9999.99 0.999 99.99 0.999000 9.999 0.999000 9.99 0.999000 9.999 0.999 99.999 0.999 999.999 0.999 999.999 0.999 999.999 0.999 999.999 0.999 9.999 0.999 99.999 0.999
175.291667 176.291667 9999.99 0.999 99.99 0.999000 9.999 0.999000 9.99 0.999000 9.999 0.999 99.999 0.999 999.999 0.999 999.999 0.999 999.999 0.999 999.999 0.999 9.999 0.999 99.999 0.999
179.291667 180.291667 9999.99 0.999 99.99 0.999000 9.999 0.999000 9.99 0.999000 9.999 0.999 99.999 0.999 999.999 0.999 999.999 0.999 999.999 0.999 999.999 0.999 9.999 0.999 99.999 0.999
182.291667 183.291667 9999.99 0.456 99.99 0.456000 9.999 0.456000 9.99 0.456000 0.031 0.559  2.295 0.000   3.212 0.000  15.879 0.000 999.999 0.999 999.999 0.456 9.999 0.456  0.334 0.559
186.291667 187.291667 9999.99 0.456 99.99 0.456000 9.999 0.456000 9.99 0.456000 0.053 0.559  1.777 0.000   2.489 0.000  11.046 0.000 999.999 0.999 999.999 0.456 9.999 0.456  0.605 0.559
189.291667 190.291667 9999.99 0.456 99.99 0.456000 9.999 0.456000 9.99 0.456000 0.121 0.559  3.033 0.000   4.245 0.000  24.732 0.000 999.999 0.999 999.999 0.456 9.999 0.456  0.926 0.559
193.291667 194.291667   48.04 0.000  0.08 0.000000 9.999 0.259000 9.99 0.259000 0.016 0.559  1.094 0.000   1.531 0.000  10.825 0.000   7.415 0.000   3.410 0.000 0.046 0.000  0.162 0.559
196.291667 197.291667   87.10 0.559  0.17 0.559000 9.999 0.559259 9.99 0.559259 0.067 0.559  2.300 0.000   3.220 0.000  22.115 0.000  12.956 0.000   9.159 0.559 0.086 0.559  0.604 0.559
200.291667 201.291667   11.51 0.000 99.99 0.259000 9.999 0.259000 9.99 0.259000 0.038 0.699  0.990 0.000   1.386 0.000   6.328 0.000   4.321 0.000   2.007 0.000 0.023 0.000  0.160 0.699
203.291667 204.291667   13.31 0.000  0.60 0.000000 9.999 0.259000 9.99 0.259000 0.068 0.699  1.069 0.000   1.496 0.000   7.479 0.000   4.087 0.000   3.392 0.000 0.021 0.000  0.276 0.699
207.291667 208.291667   42.74 0.000 99.99 0.259000 9.999 0.259000 9.99 0.259000 0.021 0.699  1.550 0.000   2.170 0.000  14.957 0.000   9.710 0.000   5.248 0.000 0.030 0.000  0.483 0.699
210.291667 211.291667   33.58 0.559  0.08 0.559000 9.999 0.559259 9.99 0.559259 0.049 0.699  1.785 0.000   2.499 0.000  14.218 0.000   5.587 0.000   8.631 0.559 0.033 0.559  0.650 0.699
214.291667 215.291667   49.07 0.000 99.99 0.259000 9.999 0.259000 9.99 0.259000 0.037 0.699  2.193 0.000   3.070 0.000  17.505 0.000  11.410 0.000   6.095 0.000 0.048 0.000  0.339 0.699
217.291667 218.291667   42.94 0.559 99.99 0.559259 9.999 0.559259 9.99 0.559259 0.035 0.699  8.504 0.000  11.905 0.000  26.863 0.000   7.948 0.000  18.915 0.559 0.192 0.559  0.326 0.699
221.291667 222.291667   32.82 0.000  0.11 0.000000 9.999 0.259000 9.99 0.259000 0.036 0.699  3.595 0.000   5.033 0.000  22.641 0.000  13.059 0.000   9.583 0.000 0.074 0.000  0.425 0.699
224.291667 225.291667   61.48 0.000 99.99 0.259000 9.999 0.259000 9.99 0.259000 0.030 0.559  3.368 0.000   4.716 0.000  25.189 0.000  15.909 0.000   9.280 0.000 0.125 0.000  0.303 0.559
228.291667 229.291667   84.37 0.000  0.39 0.000000 9.999 0.259000 9.99 0.259000 0.078 0.699  2.408 0.000   3.372 0.000  26.874 0.000  18.270 0.000   8.604 0.000 0.068 0.000  0.492 0.699
231.291667 232.291667   52.90 0.000  0.26 0.000000 9.999 0.259000 9.99 0.259000 0.065 0.699  2.915 0.000   4.081 0.000  23.217 0.000  13.292 0.000   9.925 0.000 0.088 0.000  0.654 0.699
235.291667 236.291667   44.20 0.559  0.65 0.559000 9.999 0.559259 9.99 0.559259 0.052 0.559  4.260 0.000   5.964 0.000  25.312 0.000  10.960 0.000  14.352 0.559 0.075 0.559  1.048 0.559
238.291667 239.291667   60.30 0.559  0.32 0.559000 9.999 0.559259 9.99 0.559259 0.040 0.559  4.520 0.000   6.329 0.000  24.825 0.000  11.995 0.000  12.831 0.559 0.100 0.559  0.485 0.559
243.291667 244.291667 9999.99 0.999 99.99 0.999000 9.999 0.999000 9.99 0.999000 9.999 0.999 99.999 0.999 999.999 0.999 999.999 0.999 999.999 0.999 999.999 0.999 9.999 0.999 99.999 0.999
246.291667 247.291667   17.71 0.000  0.31 0.000000 9.999 0.259000 9.99 0.259000 0.030 0.000  1.948 0.000   2.728 0.000   9.313 0.000   5.257 0.000   4.056 0.000 0.027 0.000  0.249 0.000
249.291667 250.291667   24.17 0.000  0.62 0.000000 9.999 0.259000 9.99 0.259000 0.029 0.000  1.043 0.000   1.460 0.000  12.524 0.000   7.140 0.000   5.384 0.000 0.038 0.000  0.642 0.000
252.291667 253.291667   25.93 0.000  0.24 0.000000 9.999 0.259000 9.99 0.259000 0.015 0.000  0.458 0.000   0.642 0.000  10.156 0.000   8.657 0.000   1.499 0.000 0.025 0.000  0.154 0.000
255.291667 256.291667   33.08 0.000  0.22 0.000000 9.999 0.259000 9.99 0.259000 0.017 0.000  0.541 0.000   0.757 0.000   8.204 0.000   5.668 0.000   2.536 0.000 0.030 0.000  0.166 0.000
258.291667 259.291667  115.17 0.000  0.59 0.000000 9.999 0.259000 9.99 0.259000 0.034 0.000  0.893 0.000   1.250 0.000  34.124 0.000  28.153 0.000   5.970 0.000 0.093 0.000  0.332 0.000
261.291667 262.291667  100.98 0.000  0.37 0.000000 9.999 0.259000 9.99 0.259000 0.034 0.000  1.954 0.000   2.736 0.000  19.277 0.000  12.620 0.000   6.656 0.000 0.089 0.000  0.427 0.000
264.291667 265.291667   37.98 0.000  0.39 0.000000 9.999 0.259000 9.99 0.259000 0.039 0.000  0.687 0.000   0.962 0.000  14.620 0.000  12.072 0.000   2.548 0.000 0.046 0.000  0.148 0.000
267.291667 268.291667    3.79 0.559  0.26 0.559000 9.999 0.559259 9.99 0.559259 0.069 0.000  0.671 0.000   0.940 0.000   3.249 0.000   1.340 0.000   1.909 0.559 0.026 0.559  0.192 0.000
270.291667 271.291667   32.94 0.000  0.22 0.000000 9.999 0.259000 9.99 0.259000 0.023 0.000  0.824 0.000   1.154 0.000   6.944 0.000   3.693 0.000   3.251 0.000 0.024 0.000  0.255 0.000
273.291667 274.291667   60.94 0.000  0.48 0.000000 9.999 0.259000 9.99 0.259000 0.022 0.000  1.363 0.000   1.908 0.000  10.616 0.000   6.744 0.000   3.872 0.000 0.046 0.000  0.241 0.000
276.291667 277.291667   20.18 0.000  0.59 0.000000 9.999 0.259000 9.99 0.259000 0.045 0.000  0.655 0.000   0.917 0.000   4.125 0.000   2.206 0.000   1.919 0.000 0.025 0.000  0.191 0.000
279.291667 280.291667   15.67 0.559 99.99 0.559259 9.999 0.559259 9.99 0.559259 0.051 0.000  0.353 0.000   0.494 0.000   4.094 0.000   1.536 0.000   2.558 0.559 0.021 0.559  0.435 0.000
282.291667 283.291667   32.20 0.559  0.18 0.559000 9.999 0.559259 9.99 0.559259 0.128 0.559  0.752 0.000   1.053 0.000  11.842 0.000   8.042 0.000   3.800 0.559 0.040 0.559  0.424 0.559
285.291667 286.291667   88.14 0.000  0.56 0.000000 9.999 0.259000 9.99 0.259000 0.060 0.559  1.498 0.000   2.097 0.000  14.656 0.000   9.843 0.000   4.813 0.000 0.070 0.000  0.402 0.559
288.291667 289.291667   25.73 0.559  0.17 0.559000 9.999 0.559259 9.99 0.559259 0.168 0.000  2.022 0.000   2.831 0.000   9.004 0.000   1.276 0.000   7.727 0.559 0.160 0.559  0.892 0.000
291.291667 292.291667   74.53 0.000  0.49 0.000000 9.999 0.259000 9.99 0.259000 0.027 0.000  1.403 0.000   1.964 0.000  10.576 0.000   6.626 0.000   3.950 0.000 0.047 0.000  0.269 0.000
