scripts/IMPROVE-2019_partial/data/US0029U.20040301050000.20191216000000.filterpack..pm25.10mo.1w.US03L_filterpack_US0029.US03L_IMPROVE_Davis.lev2.nas
64 1001
MISSING INFORMATION
US03L, IMPROVE, , , , , , , 
MISSING INFORMATION
IMPROVE sel_HTAP
1 1
2004 01 01 2019 12 16
3.000000
days from file reference point
25
1 1 1 1 1 1 1 1 1 1 1 1 1 1 1 1 1 1 1 1 1 1 1 1 1
999.999999 9999.99 9.999 999.99 9.999 9.999 9.999999 9.99 9.999 9.999 9.999 999.999 9.999 999.999 9.999 999.999 9.999 99.999 9.999 999.999 9.999 9.999 9.999 99.999 9.999
end_time of measurement, days from the file reference point
iron, ng/m3, Revision date=20181210133000
numflag iron, no unit, Revision date=20181210133000
lead, ng/m3, Revision date=20181210133000
numflag lead, no unit, Revision date=20181210133000
magnesium, ug/m3, Revision date=20181210133000
numflag magnesium, no unit, Revision date=20181210133000
nickel, ng/m3, Revision date=20181210133000
numflag nickel, no unit, Revision date=20181210133000
nitrate, ug N/m3, Revision date=20181210133000
numflag nitrate, no unit, Revision date=20181210133000
organic_carbon, ug C/m3, Revision date=20181210133000
numflag organic_carbon, no unit, Revision date=20181210133000
organic_mass, ug/m3, Revision date=20181210133000
numflag organic_mass, no unit, Revision date=20181210133000
pm10_mass, ug/m3, Version=2, Version description=Data extracted from http://views.cira.colostate.edu/fed/DataWizard 2019-12-16, Sample duration=1d, Orig. time res.=3d, Matrix=pm10, Blank correction=Blank corrected, Volume std. temperature=ambient, Volume std. pressure=ambient
numflag pm10_mass, no unit, Version=2, Version description=Data extracted from http://views.cira.colostate.edu/fed/DataWizard 2019-12-16, Sample duration=1d, Orig. time res.=3d, Matrix=pm10, Blank correction=Blank corrected, Volume std. temperature=ambient, Volume std. pressure=ambient
pm10_pm25_mass, ug/m3, Revision date=20181210133000, Matrix=pm10_pm25
numflag pm10_pm25_mass, no unit, Revision date=20181210133000, Matrix=pm10_pm25
pm25_mass, ug/m3, Version=2, Version description=Data extracted from http://views.cira.colostate.edu/fed/DataWizard 2019-12-16, Sample duration=1d, Orig. time res.=3d, Blank correction=Blank corrected, Volume std. temperature=ambient, Volume std. pressure=ambient
numflag pm25_mass, no unit, Version=2, Version description=Data extracted from http://views.cira.colostate.edu/fed/DataWizard 2019-12-16, Sample duration=1d, Orig. time res.=3d, Blank correction=Blank corrected, Volume std. temperature=ambient, Volume std. pressure=ambient
potassium, ug/m3, Revision date=20181210133000
numflag potassium, no unit, Revision date=20181210133000
sulphate_total, ug S/m3, Revision date=20181210133000
numflag sulphate_total, no unit, Revision date=20181210133000
0
25
Data definition:              EBAS_1.1
Set type code:                TU
Timezone:                     UTC
File name:                    US0029U.20040301050000.20191216000000.filterpack..pm25.10mo.1w.US03L_filterpack_US0029.US03L_IMPROVE_Davis.lev2.nas
File creation:                20191218115723
Startdate:                    20040301050000
Revision date:                20191216000000
Statistics:                   arithmetic mean
Data level:                   2
Period code:                  10mo
Resolution code:              1w
Station code:                 US0029U
Platform code:                US0029S
Station name:                 Atlanta
Station latitude:             33.688
Station longitude:            -84.2903
Station altitude:             243.0 m
Regime:                       IMG
Component:                    
Matrix:                       pm25
Laboratory code:              US03L
Instrument type:              filterpack
Instrument name:              filterpack_US0029
Method ref:                   US03L_IMPROVE_Davis
starttime endtime Fe flag_Fe Pb flag_Pb Mg++ flag_Mg++ Ni flag_Ni NO3- flag_NO3- OC flag_OC OM flag_OM PM10 flag_PM10 PM10-PM2.5 flag_PM10-PM2.5 PM2.5 flag_PM2.5 K+ flag_K+ SO4-- flag_SO4--
[from data line 89]
327.208333 328.208333   28.04 0.000   0.62 0.000 9.999 0.259000 9.99 0.259 0.229 0.000   1.867 0.000   2.614 0.000   8.580 0.000  2.860 0.000   5.719 0.000 0.029 0.000  0.469 0.000
330.208333 331.208333   67.63 0.000   1.80 0.000 9.999 0.259000 9.99 0.259 0.115 0.000   2.986 0.000   4.180 0.000   8.965 0.000  1.539 0.000   7.425 0.000 0.041 0.000  0.308 0.000
333.208333 334.208333   52.24 0.000   1.40 0.000 9.999 0.259000 9.99 0.259 0.071 0.000   2.609 0.000   3.652 0.000   9.933 0.000  1.641 0.000   8.291 0.000 0.051 0.000  0.646 0.000
336.208333 337.208333  123.90 0.000   3.71 0.000 9.999 0.259000 0.11 0.000 0.193 0.000   4.519 0.000   6.326 0.000  14.983 0.000  3.572 0.000  11.411 0.000 0.058 0.000  0.652 0.000
339.208333 340.208333 9999.99 0.999 999.99 0.999 9.999 0.999000 9.99 0.999 9.999 0.999   8.274 0.000  11.584 0.000  24.540 0.000 99.999 0.999 999.999 0.999 9.999 0.999 99.999 0.999
342.208333 343.208333  155.12 0.000   2.72 0.000 9.999 0.259000 0.09 0.000 0.092 0.000   3.312 0.000   4.637 0.000  17.196 0.000  6.066 0.000  11.129 0.000 0.044 0.000  0.494 0.000
345.208333 346.208333   12.17 0.000   1.23 0.000 0.163 0.000000 9.99 0.259 0.144 0.000   0.682 0.000   0.955 0.000   4.216 0.000  0.909 0.000   3.307 0.000 0.014 0.000  0.500 0.000
348.208333 349.208333   18.31 0.000   0.78 0.000 9.999 0.259000 0.07 0.000 0.238 0.000   1.090 0.000   1.527 0.000   7.991 0.000  1.887 0.000   6.104 0.000 0.023 0.000  0.901 0.000
351.208333 352.208333  309.80 0.000   5.57 0.000 9.999 0.259000 0.10 0.000 0.319 0.000  12.218 0.000  17.105 0.000  31.357 0.000  6.163 0.000  25.193 0.000 0.141 0.000  0.571 0.000
354.208333 355.208333   51.97 0.000   1.62 0.000 9.999 0.259000 0.15 0.000 0.367 0.000   2.585 0.000   3.620 0.000  12.979 0.000  4.147 0.000   8.833 0.000 0.070 0.000  0.391 0.000
357.208333 358.208333   32.27 0.000   0.99 0.000 9.999 0.259000 0.19 0.000 0.189 0.000   1.217 0.000   1.703 0.000   7.771 0.000  1.810 0.000   5.961 0.000 0.032 0.000  0.689 0.000
360.208333 361.208333   31.44 0.000   1.73 0.000 0.158 0.000000 0.12 0.000 0.337 0.000   2.259 0.000   3.162 0.000  10.665 0.000  1.187 0.000   9.478 0.000 0.052 0.000  0.786 0.000
363.208333 364.208333  194.02 0.000   2.79 0.000 9.999 0.259000 0.14 0.000 0.238 0.000   7.074 0.000   9.903 0.000  25.087 0.000  5.513 0.000  19.573 0.000 0.143 0.000  0.807 0.000
