scripts/IMPROVE-2019_partial/data/US0072R.19890104070000.20191216000000.filterpack...1y.3d.US03L_filterpack_US0072.US03L_IMPROVE_Davis.lev2.nas
51 1001
MISSING INFORMATION
US03L, IMPROVE, , , , , , , 
MISSING INFORMATION
IMPROVE sel_HTAP
1 1
1989 01 01 2019 12 16
0
days from file reference point
4
1 1 1 1
999.999999 999.999 999.999 9.999
end_time of measurement, days from the file reference point
pm10_mass, ug/m3, Matrix=pm10
pm25_mass, ug/m3, Matrix=pm25
numflag, no unit
0
33
Data definition:              EBAS_1.1
Set type code:                TI
Timezone:                     UTC
File name:                    US0072R.19890104070000.20191216000000.filterpack...1y.3d.US03L_filterpack_US0072.US03L_IMPROVE_Davis.lev2.nas
File creation:                20191218120020
Startdate:                    19890104070000
Revision date:                20191216000000
Version:                      2
Version description:          "Data extracted from http://views.cira.colostate.edu/fed/DataWizard 2019-12-16"
Statistics:                   arithmetic mean
Data level:                   2
Period code:                  1y
Resolution code:              3d
Sample duration:              1d
Orig. time res.:              3d
Station code:                 US0072R
Platform code:                US0072S
Station name:                 Badlands NP
Station latitude:             43.7435
Station longitude:            -101.9412
Station altitude:             736.0 m
Regime:                       IMG
Component:                    
Unit:                         ug/m3
Matrix:                       
Laboratory code:              US03L
Instrument type:              filterpack
Instrument name:              filterpack_US0072
Method ref:                   US03L_IMPROVE_Davis
Blank correction:             Blank corrected
Volume std. temperature:      ambient
Volume std. pressure:         ambient
starttime endtime PM10 PM2.5 flag
  3.291667   4.291667   6.255   1.806 0.000
  6.291667   7.291667 999.999 999.999 0.999
 10.291667  11.291667   4.143   2.483 0.000
 13.291667  14.291667   8.871   2.349 0.000
 17.291667  18.291667   7.760   2.199 0.000
 20.291667  21.291667  20.121   1.910 0.000
 24.291667  25.291667   4.131   3.066 0.000
 27.291667  28.291667 999.999 999.999 0.999
 31.291667  32.291667   9.347   5.090 0.000
 34.291667  35.291667 999.999   5.818 0.000
 38.291667  39.291667   6.775   4.161 0.000
 41.291667  42.291667   5.150   2.966 0.000
 45.291667  46.291667   4.321 999.999 0.000
 48.291667  49.291667   5.844   4.455 0.000
 52.291667  53.291667 999.999 999.999 0.999
 55.291667  56.291667   5.679   2.667 0.000
 59.291667  60.291667 999.999 999.999 0.999
 62.291667  63.291667   8.333   7.829 0.000
 66.291667  67.291667   8.065   5.469 0.000
 69.291667  70.291667   7.197   4.595 0.000
 73.291667  74.291667  10.811   4.679 0.000
 76.291667  77.291667  18.040   5.032 0.000
 80.291667  81.291667 999.999 999.999 0.999
 83.291667  84.291667   7.269   3.924 0.000
 87.291667  88.291667  21.264   2.170 0.000
 90.291667  91.291667   3.566   1.730 0.000
 94.291667  95.291667   4.559   2.184 0.000
 97.291667  98.291667 999.999 999.999 0.999
101.291667 102.291667   8.516   5.631 0.000
104.291667 105.291667  15.195   6.278 0.000
108.291667 109.291667   7.765   4.828 0.000
111.291667 112.291667  15.308   5.651 0.000
115.291667 116.291667  19.234 999.999 0.000
118.291667 119.291667   9.608   5.669 0.000
122.291667 123.291667  12.644   5.701 0.000
125.291667 126.291667   9.157   4.112 0.000
129.291667 130.291667  25.056 999.999 0.000
132.291667 133.291667   2.955   1.920 0.000
136.291667 137.291667   7.860   5.294 0.000
139.291667 140.291667   6.553   2.384 0.000
143.291667 144.291667  11.597   3.793 0.000
146.291667 147.291667  23.307   5.489 0.000
150.291667 151.291667   8.192   4.290 0.000
153.291667 154.291667   8.300   4.677 0.000
157.291667 158.291667  13.680   7.836 0.000
160.291667 161.291667  10.876   5.229 0.000
164.291667 165.291667   7.710   4.345 0.000
167.291667 168.291667   6.531   4.258 0.000
171.291667 172.291667   4.785   2.062 0.000
174.291667 175.291667   8.513   2.219 0.000
178.291667 179.291667 999.999   6.840 0.000
181.291667 182.291667 999.999   7.411 0.000
185.291667 186.291667 999.999   7.816 0.000
188.291667 189.291667  20.452   9.492 0.000
192.291667 193.291667  13.282   5.981 0.000
195.291667 196.291667   8.156   4.462 0.000
199.291667 200.291667  18.313  11.937 0.000
202.291667 203.291667 999.999 999.999 0.999
206.291667 207.291667  24.199  10.508 0.000
209.291667 210.291667  16.306   6.465 0.000
213.291667 214.291667  16.119   9.678 0.000
216.291667 217.291667  23.929 999.999 0.000
220.291667 221.291667  18.013   7.827 0.000
223.291667 224.291667  13.631   7.572 0.000
227.291667 228.291667  10.215   5.171 0.000
230.291667 231.291667   8.795   4.455 0.000
234.291667 235.291667  10.033   3.312 0.000
237.291667 238.291667   5.872   2.166 0.000
241.291667 242.291667  16.284   5.443 0.000
244.291667 245.291667  21.767   7.568 0.000
248.291667 249.291667  22.425   6.583 0.000
251.291667 252.291667   4.618 999.999 0.000
255.291667 256.291667   3.515   2.092 0.000
258.291667 259.291667  10.217   4.706 0.000
262.291667 263.291667   9.436   7.195 0.000
265.291667 266.291667   6.958   2.303 0.000
269.291667 270.291667  17.941   7.484 0.000
272.291667 273.291667  17.346   7.437 0.000
276.291667 277.291667  18.280   7.539 0.000
279.291667 280.291667   5.745   3.614 0.000
283.291667 284.291667  14.123   4.810 0.000
286.291667 287.291667  16.898   6.656 0.000
290.291667 291.291667   8.386   5.110 0.000
293.291667 294.291667  11.190   5.047 0.000
297.291667 298.291667  14.821   6.773 0.000
300.291667 301.291667   7.767   4.381 0.000
304.291667 305.291667   8.333   3.449 0.000
307.291667 308.291667   4.808   2.428 0.000
311.291667 312.291667   3.235   2.071 0.000
314.291667 315.291667   4.735   1.667 0.000
318.291667 319.291667   6.906   3.610 0.000
321.291667 322.291667   6.128   2.894 0.000
325.291667 326.291667   9.204   3.280 0.000
328.291667 329.291667   2.450   1.383 0.000
332.291667 333.291667   2.604   1.672 0.000
335.291667 336.291667   2.776   2.303 0.000
339.291667 340.291667  14.046   3.121 0.000
342.291667 343.291667  16.330   3.730 0.000
346.291667 347.291667 999.999   9.897 0.000
349.291667 350.291667   7.083   4.680 0.000
353.291667 354.291667   4.713   3.513 0.000
356.291667 357.291667   3.550   2.834 0.000
360.291667 361.291667   6.707   1.406 0.000
363.291667 364.291667   4.605   2.524 0.000
