scripts/IMPROVE-2019_partial/data/US0016R.20020102070000.20191216000000.filterpack..pm25.52w.1w.US03L_filterpack_US0016.US03L_IMPROVE_Davis.lev2.nas
64 1001
MISSING INFORMATION
US03L, IMPROVE, , , , , , , 
MISSING INFORMATION
IMPROVE sel_HTAP
1 1
2002 01 01 2019 12 16
3.000000
days from file reference point
25
1 1 1 1 1 1 1 1 1 1 1 1 1 1 1 1 1 1 1 1 1 1 1 1 1
999.999999 9999.99 9.999 99.99 9.999999 9.999 9.999999 9.99 9.999999 9.999 9.999 99.999 9.999 99.999 9.999 999.999 9.999 999.999 9.999 999.999 9.999 9.999 9.999 9.999 9.999
end_time of measurement, days from the file reference point
iron, ng/m3, Revision date=20181210133000
numflag iron, no unit, Revision date=20181210133000
lead, ng/m3, Revision date=20181210133000
numflag lead, no unit, Revision date=20181210133000
magnesium, ug/m3, Revision date=20181210133000
numflag magnesium, no unit, Revision date=20181210133000
nickel, ng/m3, Revision date=20181210133000
numflag nickel, no unit, Revision date=20181210133000
nitrate, ug N/m3, Revision date=20181210133000
numflag nitrate, no unit, Revision date=20181210133000
organic_carbon, ug C/m3, Revision date=20181210133000
numflag organic_carbon, no unit, Revision date=20181210133000
organic_mass, ug/m3, Revision date=20181210133000
numflag organic_mass, no unit, Revision date=20181210133000
pm10_mass, ug/m3, Version=2, Version description=Data extracted from http://views.cira.colostate.edu/fed/DataWizard 2019-12-16, Sample duration=1d, Orig. time res.=3d, Matrix=pm10, Blank correction=Blank corrected, Volume std. temperature=ambient, Volume std. pressure=ambient
numflag pm10_mass, no unit, Version=2, Version description=Data extracted from http://views.cira.colostate.edu/fed/DataWizard 2019-12-16, Sample duration=1d, Orig. time res.=3d, Matrix=pm10, Blank correction=Blank corrected, Volume std. temperature=ambient, Volume std. pressure=ambient
pm10_pm25_mass, ug/m3, Revision date=20181210133000, Matrix=pm10_pm25
numflag pm10_pm25_mass, no unit, Revision date=20181210133000, Matrix=pm10_pm25
pm25_mass, ug/m3, Version=2, Version description=Data extracted from http://views.cira.colostate.edu/fed/DataWizard 2019-12-16, Sample duration=1d, Orig. time res.=3d, Blank correction=Blank corrected, Volume std. temperature=ambient, Volume std. pressure=ambient
numflag pm25_mass, no unit, Version=2, Version description=Data extracted from http://views.cira.colostate.edu/fed/DataWizard 2019-12-16, Sample duration=1d, Orig. time res.=3d, Blank correction=Blank corrected, Volume std. temperature=ambient, Volume std. pressure=ambient
potassium, ug/m3, Revision date=20181210133000
numflag potassium, no unit, Revision date=20181210133000
sulphate_total, ug S/m3, Revision date=20181210133000
numflag sulphate_total, no unit, Revision date=20181210133000
0
25
Data definition:              EBAS_1.1
Set type code:                TU
Timezone:                     UTC
File name:                    US0016R.20020102070000.20191216000000.filterpack..pm25.52w.1w.US03L_filterpack_US0016.US03L_IMPROVE_Davis.lev2.nas
File creation:                20191218115627
Startdate:                    20020102070000
Revision date:                20191216000000
Statistics:                   arithmetic mean
Data level:                   2
Period code:                  52w
Resolution code:              1w
Station code:                 US0016R
Platform code:                US0016S
Station name:                 Hillside
Station latitude:             34.4289
Station longitude:            -112.9628
Station altitude:             1510.0 m
Regime:                       IMG
Component:                    
Matrix:                       pm25
Laboratory code:              US03L
Instrument type:              filterpack
Instrument name:              filterpack_US0016
Method ref:                   US03L_IMPROVE_Davis
starttime endtime Fe flag_Fe Pb flag_Pb Mg++ flag_Mg++ Ni flag_Ni NO3- flag_NO3- OC flag_OC OM flag_OM PM10 flag_PM10 PM10-PM2.5 flag_PM10-PM2.5 PM2.5 flag_PM2.5 K+ flag_K+ SO4-- flag_SO4--
[from data line 87]
262.291667 263.291667   16.49 0.559  0.43 0.559000 0.023 0.559000 9.99 0.559259 0.013 0.000  0.244 0.000  0.341 0.000   3.886 0.000   1.995 0.000   1.891 0.559 0.015 0.559 0.130 0.000
265.291667 266.291667   35.98 0.559  1.37 0.559000 9.999 0.559259 9.99 0.559259 0.016 0.000  0.379 0.000  0.531 0.000   8.391 0.000   5.396 0.000   2.995 0.559 0.025 0.559 0.182 0.000
268.291667 269.291667   52.01 0.699  1.54 0.699000 9.999 0.699259 0.20 0.699000 0.057 0.000  1.408 0.000  1.971 0.000  10.978 0.000   5.459 0.000   5.519 0.699 0.076 0.699 0.296 0.000
271.291667 272.291667   36.28 0.559  0.77 0.559000 9.999 0.559259 0.16 0.559000 0.044 0.000  0.237 0.000  0.331 0.000   8.857 0.000   5.947 0.000   2.910 0.559 0.027 0.559 0.291 0.000
274.291667 275.291667  152.28 0.559  1.16 0.559000 0.042 0.559000 0.10 0.559000 0.136 0.000  1.364 0.000  1.910 0.000  28.872 0.000  20.148 0.000   8.724 0.559 0.108 0.559 0.364 0.000
277.291667 278.291667   46.76 0.559  1.38 0.559000 0.015 0.559000 0.09 0.559000 0.026 0.000  0.667 0.000  0.933 0.000   6.570 0.000   2.876 0.000   3.695 0.559 0.038 0.559 0.181 0.000
280.291667 281.291667   47.59 0.559  1.88 0.559000 0.017 0.559000 0.06 0.559000 0.055 0.000  0.895 0.000  1.253 0.000  10.138 0.000   6.491 0.000   3.647 0.559 0.032 0.559 0.283 0.000
283.291667 284.291667   44.68 0.559  0.81 0.559000 0.017 0.559000 0.11 0.559000 0.021 0.559  0.481 0.000  0.674 0.000   7.859 0.000   4.336 0.000   3.523 0.559 0.037 0.559 0.262 0.559
286.291667 287.291667  235.92 0.699  2.71 0.699000 0.040 0.699000 0.09 0.699000 0.048 0.000  1.109 0.000  1.553 0.000  40.586 0.000  30.425 0.000  10.161 0.699 0.178 0.699 0.424 0.000
289.291667 290.291667   82.68 0.559  0.69 0.559000 0.022 0.559000 0.23 0.559000 0.102 0.000  0.468 0.000  0.655 0.000  10.333 0.000   5.333 0.000   5.000 0.559 0.061 0.559 0.337 0.000
292.291667 293.291667   32.32 0.559  0.96 0.559000 0.015 0.559000 0.11 0.559000 0.036 0.000  0.531 0.000  0.743 0.000   5.982 0.000   2.904 0.000   3.079 0.559 0.035 0.559 0.281 0.000
295.291667 296.291667   41.39 0.559  0.48 0.559000 0.021 0.559000 0.32 0.559000 0.088 0.000  0.287 0.000  0.403 0.000   7.656 0.000   3.450 0.000   4.206 0.559 0.039 0.559 0.504 0.000
298.291667 299.291667   28.98 0.559  1.26 0.559000 9.999 0.559259 0.14 0.559000 0.106 0.000  0.470 0.000  0.658 0.000   6.108 0.000   3.198 0.000   2.910 0.559 0.028 0.559 0.426 0.000
301.291667 302.291667   40.85 0.559  1.27 0.559000 0.019 0.559000 0.14 0.559000 0.234 0.000  0.668 0.000  0.935 0.000   5.834 0.000   1.886 0.000   3.947 0.559 0.032 0.559 0.339 0.000
304.291667 305.291667   38.42 0.559  0.78 0.559000 9.999 0.559259 0.19 0.559000 0.084 0.000  0.422 0.000  0.590 0.000   7.405 0.000   3.949 0.000   3.455 0.559 0.045 0.559 0.364 0.000
307.291667 308.291667   27.25 0.559  0.67 0.559000 9.999 0.559259 0.05 0.559000 0.026 0.559  0.507 0.000  0.710 0.000   4.685 0.000   2.468 0.000   2.217 0.559 0.021 0.559 0.149 0.559
310.291667 311.291667   49.42 0.559  2.63 0.559000 9.999 0.559259 0.08 0.559000 0.045 0.000  0.923 0.000  1.292 0.000   9.329 0.000   5.670 0.000   3.659 0.559 0.033 0.559 0.191 0.000
313.291667 314.291667   37.83 0.000  0.26 0.000000 9.999 0.259000 9.99 0.259000 0.036 0.000  0.291 0.000  0.408 0.000   3.618 0.000   1.849 0.000   1.768 0.000 0.022 0.000 0.117 0.000
316.291667 317.291667   16.01 0.000  0.53 0.000000 9.999 0.259000 9.99 0.259000 0.018 0.559  0.264 0.000  0.370 0.000   3.493 0.000   2.325 0.000   1.168 0.000 0.014 0.000 0.088 0.559
319.291667 320.291667    9.44 0.000  0.47 0.000000 0.012 0.000000 9.99 0.259000 0.013 0.000  0.476 0.000  0.667 0.000   1.882 0.000   0.422 0.000   1.460 0.000 0.010 0.000 0.148 0.000
322.291667 323.291667   20.22 0.559  0.58 0.559000 9.999 0.559259 9.99 0.559259 0.020 0.559  0.270 0.000  0.377 0.000   3.488 0.000   2.044 0.000   1.444 0.559 0.010 0.559 0.096 0.559
325.291667 326.291667   32.04 0.559  1.40 0.559000 9.999 0.559259 0.06 0.559000 0.018 0.559  0.971 0.000  1.360 0.000   6.529 0.000   3.442 0.000   3.086 0.559 0.023 0.559 0.125 0.559
328.291667 329.291667   52.80 0.559  0.92 0.559000 9.999 0.559259 9.99 0.559259 0.052 0.000  0.428 0.000  0.599 0.000   8.032 0.000   5.268 0.000   2.765 0.559 0.032 0.559 0.163 0.000
331.291667 332.291667 9999.99 0.456 99.99 0.456000 9.999 0.456000 9.99 0.456000 9.999 0.456 99.999 0.999 99.999 0.999 999.999 0.456 999.999 0.999 999.999 0.456 9.999 0.456 9.999 0.456
334.291667 335.291667 9999.99 0.456 99.99 0.456000 9.999 0.456000 9.99 0.456000 9.999 0.456 99.999 0.999 99.999 0.999 999.999 0.456 999.999 0.999 999.999 0.456 9.999 0.456 9.999 0.456
337.291667 338.291667    7.54 0.000  0.31 0.000000 9.999 0.259000 9.99 0.259000 0.045 0.000  0.421 0.000  0.589 0.000   2.050 0.000   0.337 0.000   1.713 0.000 0.006 0.000 0.178 0.000
340.291667 341.291667    9.97 0.000  1.66 0.000000 9.999 0.259000 9.99 0.259000 0.100 0.000  0.534 0.000  0.747 0.000   3.891 0.000   1.597 0.000   2.294 0.000 0.009 0.000 0.234 0.000
343.291667 344.291667   10.85 0.559  0.50 0.559000 9.999 0.559259 9.99 0.559259 0.028 0.000  0.330 0.000  0.462 0.000   3.096 0.000   1.107 0.000   1.989 0.559 0.010 0.559 0.204 0.000
346.291667 347.291667   26.43 0.000  0.74 0.000000 9.999 0.259000 0.03 0.000000 0.037 0.000  0.240 0.000  0.336 0.000   3.305 0.000   1.891 0.000   1.414 0.000 0.020 0.000 0.096 0.000
349.291667 350.291667   77.69 0.000  2.05 0.000000 9.999 0.259000 0.05 0.000000 0.753 0.000  0.769 0.000  1.077 0.000  17.403 0.000  10.876 0.000   6.527 0.000 0.115 0.000 0.208 0.000
352.291667 353.291667    2.89 0.000 99.99 0.259000 9.999 0.259000 9.99 0.259000 0.011 0.000  0.160 0.000  0.224 0.000   0.842 0.000   0.461 0.000   0.381 0.000 0.002 0.000 0.031 0.000
355.291667 356.291667    6.14 0.000  0.81 0.000000 9.999 0.259000 9.99 0.259000 0.035 0.000  0.311 0.000  0.436 0.000   1.473 0.000   0.541 0.000   0.932 0.000 0.009 0.000 0.090 0.000
358.291667 359.291667    6.91 0.000  0.32 0.000000 9.999 0.259000 9.99 0.259000 0.087 0.000  0.240 0.000  0.336 0.000   1.852 0.000   0.508 0.000   1.344 0.000 0.007 0.000 0.162 0.000
361.291667 362.291667   20.80 0.559  1.31 0.559000 9.999 0.559259 9.99 0.559259 0.072 0.000  0.246 0.000  0.344 0.000   2.803 0.000   1.684 0.000   1.119 0.559 0.014 0.559 0.089 0.000
364.291667 365.291667   18.20 0.000  0.25 0.000000 0.031 0.000000 9.99 0.259000 0.072 0.000  0.204 0.000  0.285 0.000   2.807 0.000   1.735 0.000   1.072 0.000 0.012 0.000 0.051 0.000
