scripts/IMPROVE-2019_partial/data/US0011R.20110103060000.20191216000000.filterpack...1y.3d.US03L_filterpack_US0011.US03L_IMPROVE_Davis.lev2.nas
51 1001
MISSING INFORMATION
US03L, IMPROVE, , , , , , , 
MISSING INFORMATION
IMPROVE sel_HTAP
1 1
2011 01 01 2019 12 16
3.00
days from file reference point
4
1 1 1 1
999.99 999.999 999.999 9.999
end_time of measurement, days from the file reference point
pm10_mass, ug/m3, Matrix=pm10
pm25_mass, ug/m3, Matrix=pm25
numflag, no unit
0
33
Data definition:              EBAS_1.1
Set type code:                TU
Timezone:                     UTC
File name:                    US0011R.20110103060000.20191216000000.filterpack...1y.3d.US03L_filterpack_US0011.US03L_IMPROVE_Davis.lev2.nas
File creation:                20191218115608
Startdate:                    20110103060000
Revision date:                20191216000000
Version:                      2
Version description:          "Data extracted from http://views.cira.colostate.edu/fed/DataWizard 2019-12-16"
Statistics:                   arithmetic mean
Data level:                   2
Period code:                  1y
Resolution code:              3d
Sample duration:              1d
Orig. time res.:              3d
Station code:                 US0011R
Platform code:                US0011S
Station name:                 Caney Creek
Station latitude:             34.4544
Station longitude:            -94.1429
Station altitude:             683.0 m
Regime:                       IMG
Component:                    
Unit:                         ug/m3
Matrix:                       
Laboratory code:              US03L
Instrument type:              filterpack
Instrument name:              filterpack_US0011
Method ref:                   US03L_IMPROVE_Davis
Blank correction:             Blank corrected
Volume std. temperature:      ambient
Volume std. pressure:         ambient
starttime endtime PM10 PM2.5 flag
  2.25   3.25   7.003   4.329 0.000
  5.25   6.25   8.129   2.840 0.000
  8.25   9.25  10.161   3.295 0.000
 11.25  12.25  12.271   7.719 0.000
 14.25  15.25  18.508  14.263 0.000
 17.25  18.25   8.541   6.429 0.000
 20.25  21.25   4.373   2.547 0.000
 23.25  24.25   9.269   8.428 0.000
 26.25  27.25   8.621   4.274 0.000
 29.25  30.25  12.786   9.516 0.000
 32.25  33.25   6.828   4.750 0.000
 35.25  36.25   7.868   6.124 0.000
 38.25  39.25   9.036   5.566 0.000
 41.25  42.25   5.039   2.596 0.000
 44.25  45.25  13.041   7.240 0.000
 47.25  48.25   9.510   6.780 0.000
 50.25  51.25  11.443   8.155 0.000
 53.25  54.25  14.810   8.801 0.000
 56.25  57.25  10.997   8.460 0.000
 59.25  60.25  10.354   4.526 0.000
 62.25  63.25  18.268  11.935 0.000
 65.25  66.25   9.191   7.606 0.000
 68.25  69.25   7.671   4.256 0.000
 71.25  72.25  16.634   9.471 0.000
 74.25  75.25  11.878   7.545 0.000
 77.25  78.25  22.337  14.445 0.000
 80.25  81.25  19.748  10.219 0.000
 83.25  84.25  26.970  13.281 0.000
 86.25  87.25   9.505   7.247 0.000
 89.25  90.25  12.835  10.557 0.000
 92.25  93.25  26.601  14.085 0.000
 95.25  96.25  17.755   6.178 0.000
 98.25  99.25  18.503  11.114 0.000
101.25 102.25  19.779  10.534 0.000
104.25 105.25  20.167   4.422 0.000
107.25 108.25  22.268  15.021 0.000
110.25 111.25   3.800   2.001 0.000
113.25 114.25  19.269   9.957 0.000
116.25 117.25  12.974   3.847 0.000
119.25 120.25  10.190   4.365 0.000
122.25 123.25  13.045   3.254 0.000
125.25 126.25  15.824   7.752 0.000
128.25 129.25  26.201  16.139 0.000
131.25 132.25  15.889   7.558 0.000
134.25 135.25   7.301   1.620 0.000
137.25 138.25  19.780   9.536 0.000
140.25 141.25  10.149   6.247 0.000
143.25 144.25  21.275   9.638 0.000
146.25 147.25  12.176   5.843 0.000
149.25 150.25  14.023   8.012 0.000
152.25 153.25  21.120  12.803 0.000
155.25 156.25  19.946  13.812 0.000
158.25 159.25  26.630  19.494 0.000
161.25 162.25  16.949  10.557 0.000
164.25 165.25  22.817  11.964 0.000
167.25 168.25  21.324  11.260 0.000
170.25 171.25  14.757   6.425 0.000
173.25 174.25  11.435   6.638 0.000
176.25 177.25  15.137   8.008 0.000
179.25 180.25  12.101   7.210 0.000
182.25 183.25  17.541  10.966 0.000
185.25 186.25  17.387  10.353 0.000
188.25 189.25  18.814  11.361 0.000
191.25 192.25  14.441   7.616 0.000
194.25 195.25  11.165   7.813 0.000
197.25 198.25  12.698   8.788 0.000
200.25 201.25  12.791   7.842 0.000
203.25 204.25  13.554   7.280 0.000
206.25 207.25  15.794   8.882 0.000
209.25 210.25  12.547   8.048 0.000
212.25 213.25  15.000  10.251 0.000
215.25 216.25  24.094  14.612 0.000
218.25 219.25  12.321 999.999 0.000
221.25 222.25  14.154 999.999 0.000
224.25 225.25   8.567   4.979 0.000
227.25 228.25  18.327   9.145 0.000
230.25 231.25  22.391  13.901 0.000
233.25 234.25  18.828  15.241 0.000
236.25 237.25  14.261   8.745 0.000
239.25 240.25  13.759   6.568 0.000
242.25 243.25  23.522  16.219 0.000
245.25 246.25  24.482  13.504 0.000
248.25 249.25   7.123   2.170 0.000
251.25 252.25  20.325   6.255 0.000
254.25 255.25  13.114   7.962 0.000
257.25 258.25  14.252   6.958 0.000
260.25 261.25  13.530  10.280 0.000
263.25 264.25   9.920   6.732 0.000
266.25 267.25  10.348   6.296 0.000
269.25 270.25  12.839   5.807 0.000
272.25 273.25  18.765   3.566 0.000
275.25 276.25  13.231   7.039 0.000
278.25 279.25  20.748   9.155 0.000
281.25 282.25  22.143   6.542 0.000
284.25 285.25   9.515   6.034 0.000
287.25 288.25  14.213   5.163 0.000
290.25 291.25 999.999 999.999 0.999
293.25 294.25 999.999 999.999 0.999
296.25 297.25 999.999 999.999 0.999
299.25 300.25   4.611   2.554 0.000
302.25 303.25  10.812   5.775 0.000
305.25 306.25  13.343   8.361 0.000
308.25 309.25   8.537   7.329 0.000
311.25 312.25   5.741   4.173 0.000
314.25 315.25   6.410   2.986 0.000
317.25 318.25  14.316   9.486 0.000
320.25 321.25   5.832   2.109 0.000
323.25 324.25   7.913   5.423 0.000
326.25 327.25   8.636   6.338 0.000
329.25 330.25   4.395   3.868 0.000
332.25 333.25   7.181   3.392 0.000
335.25 336.25  13.842  11.208 0.000
338.25 339.25   3.158   4.802 0.000
341.25 342.25   6.092   4.659 0.000
344.25 345.25   5.632   4.063 0.000
347.25 348.25   1.175   0.818 0.000
350.25 351.25   4.446   2.950 0.000
353.25 354.25   3.048   2.140 0.000
356.25 357.25  14.964  13.817 0.000
359.25 360.25   2.283   1.643 0.000
362.25 363.25  10.287   7.708 0.000
