scripts/IMPROVE-2019_partial/data/US0073R.20120101050000.20191216000000.filterpack...52w.3d.US03L_filterpack_US0073_GRSM1.US03L_IMPROVE_Davis.lev2.nas
51 1001
MISSING INFORMATION
US03L, IMPROVE, , , , , , , 
MISSING INFORMATION
IMPROVE sel_HTAP
1 1
2012 01 01 2019 12 16
3.000000
days from file reference point
4
1 1 1 1
999.999999 999.999 999.999 9.999
end_time of measurement, days from the file reference point
pm10_mass, ug/m3, Matrix=pm10
pm25_mass, ug/m3, Matrix=pm25
numflag, no unit
0
33
Data definition:              EBAS_1.1
Set type code:                TU
Timezone:                     UTC
File name:                    US0073R.20120101050000.20191216000000.filterpack...52w.3d.US03L_filterpack_US0073_GRSM1.US03L_IMPROVE_Davis.lev2.nas
File creation:                20191218120026
Startdate:                    20120101050000
Revision date:                20191216000000
Version:                      2
Version description:          "Data extracted from http://views.cira.colostate.edu/fed/DataWizard 2019-12-16"
Statistics:                   arithmetic mean
Data level:                   2
Period code:                  52w
Resolution code:              3d
Sample duration:              1d
Orig. time res.:              3d
Station code:                 US0073R
Platform code:                US0073S
Station name:                 Great Smoky Mountains NP
Station latitude:             35.6334
Station longitude:            -83.9416
Station altitude:             810.0 m
Regime:                       IMG
Component:                    
Unit:                         ug/m3
Matrix:                       
Laboratory code:              US03L
Instrument type:              filterpack
Instrument name:              filterpack_US0073_GRSM1
Method ref:                   US03L_IMPROVE_Davis
Blank correction:             Blank corrected
Volume std. temperature:      ambient
Volume std. pressure:         ambient
starttime endtime PM10 PM2.5 flag
  0.208333   1.208333  12.449   5.240 0.000
  3.208333   4.208333   5.330   3.250 0.000
  6.208333   7.208333   7.866   6.548 0.000
  9.208333  10.208333   4.585   3.528 0.000
 12.208333  13.208333   4.557   2.754 0.000
 15.208333  16.208333   3.688   2.702 0.000
 18.208333  19.208333   4.785   3.739 0.000
 21.208333  22.208333   6.045   3.933 0.000
 24.208333  25.208333   5.077   3.193 0.000
 27.208333  28.208333   4.893   3.133 0.000
 30.208333  31.208333   6.444   4.545 0.000
 33.208333  34.208333   4.841   3.569 0.000
 36.208333  37.208333   5.926   5.368 0.000
 39.208333  40.208333   9.735   8.759 0.000
 42.208333  43.208333   5.814   3.608 0.000
 45.208333  46.208333 999.999 999.999 0.999
 48.208333  49.208333   7.142   5.711 0.000
 51.208333  52.208333   8.174   4.867 0.000
 54.208333  55.208333  10.247   6.679 0.000
 57.208333  58.208333   6.693   5.137 0.000
 60.208333  61.208333  13.553   5.459 0.000
 63.208333  64.208333   5.386   3.637 0.000
 66.208333  67.208333  36.696   9.981 0.000
 69.208333  70.208333   6.490   4.511 0.000
 72.208333  73.208333 999.999 999.999 0.456
 75.208333  76.208333 999.999 999.999 0.456
 78.208333  79.208333 999.999 999.999 0.456
 81.208333  82.208333  12.349   5.070 0.000
 84.208333  85.208333   6.648   4.850 0.000
 87.208333  88.208333  22.031  15.174 0.000
 90.208333  91.208333  10.591   6.448 0.000
 93.208333  94.208333  21.351  11.138 0.000
 96.208333  97.208333  11.826   4.207 0.000
 99.208333 100.208333  14.230   5.481 0.000
102.208333 103.208333  11.085   3.884 0.000
105.208333 106.208333  21.965   9.073 0.000
108.208333 109.208333   7.150   2.969 0.000
111.208333 112.208333  12.845   6.068 0.000
114.208333 115.208333   9.968   4.891 0.000
117.208333 118.208333  20.623   8.921 0.000
120.208333 121.208333  16.207   9.077 0.000
123.208333 124.208333  21.870   9.264 0.000
126.208333 127.208333  12.921   6.306 0.000
129.208333 130.208333  15.129   8.319 0.000
132.208333 133.208333  15.952   9.343 0.000
135.208333 136.208333   9.300   2.737 0.000
138.208333 139.208333  20.204  12.646 0.000
141.208333 142.208333  16.752  11.578 0.000
144.208333 145.208333  14.670   8.040 0.000
147.208333 148.208333  22.962  15.873 0.000
150.208333 151.208333  13.280   7.127 0.000
153.208333 154.208333   9.627   5.956 0.000
156.208333 157.208333  10.597   5.806 0.000
159.208333 160.208333  10.657   6.887 0.000
162.208333 163.208333   4.234   2.395 0.000
165.208333 166.208333  15.925  11.058 0.000
168.208333 169.208333  10.900   7.644 0.000
171.208333 172.208333  15.163  10.910 0.000
174.208333 175.208333  15.109  11.869 0.000
177.208333 178.208333  14.223   7.309 0.000
180.208333 181.208333  19.180  11.807 0.000
183.208333 184.208333  13.909  10.309 0.000
186.208333 187.208333  26.441  15.385 0.000
189.208333 190.208333  21.907  17.552 0.000
192.208333 193.208333   4.104   2.324 0.000
195.208333 196.208333   8.032   4.171 0.000
198.208333 199.208333  10.792   6.646 0.000
201.208333 202.208333   4.973   2.746 0.000
204.208333 205.208333  17.980   8.462 0.000
207.208333 208.208333  23.187  10.951 0.000
210.208333 211.208333  12.334   8.647 0.000
213.208333 214.208333  13.945  10.639 0.000
216.208333 217.208333  13.319   9.280 0.000
219.208333 220.208333   7.865   4.974 0.000
222.208333 223.208333  11.272   6.877 0.000
225.208333 226.208333   8.600   6.241 0.000
228.208333 229.208333  13.037  10.261 0.000
231.208333 232.208333   9.734   6.980 0.000
234.208333 235.208333  13.047   9.010 0.000
237.208333 238.208333  13.454  10.071 0.000
240.208333 241.208333  11.655   8.561 0.000
243.208333 244.208333   6.879   4.057 0.000
246.208333 247.208333   7.983   4.950 0.000
249.208333 250.208333   9.076   5.813 0.000
252.208333 253.208333   6.493   3.543 0.000
255.208333 256.208333  13.254   8.942 0.000
258.208333 259.208333  14.139   9.641 0.000
261.208333 262.208333   4.932   2.530 0.000
264.208333 265.208333  13.998  10.268 0.000
267.208333 268.208333   5.096   2.632 0.000
270.208333 271.208333  14.418   9.041 0.000
273.208333 274.208333   9.873   7.426 0.000
276.208333 277.208333   6.027   3.246 0.000
279.208333 280.208333   8.953   6.165 0.000
282.208333 283.208333   4.369   2.714 0.000
285.208333 286.208333  12.001   7.254 0.000
288.208333 289.208333  10.515   5.635 0.000
291.208333 292.208333  11.775   5.481 0.000
294.208333 295.208333   5.597   3.195 0.000
297.208333 298.208333  13.687   8.177 0.000
300.208333 301.208333   4.705   2.712 0.000
303.208333 304.208333   8.214   3.502 0.000
306.208333 307.208333  13.903   6.059 0.000
309.208333 310.208333   6.890   4.645 0.000
312.208333 313.208333  12.946  10.021 0.000
315.208333 316.208333   7.547   5.496 0.000
318.208333 319.208333   7.448   5.315 0.000
321.208333 322.208333   9.585   6.878 0.000
324.208333 325.208333   9.277   5.892 0.000
327.208333 328.208333  11.642   8.244 0.000
330.208333 331.208333   8.083   4.746 0.000
333.208333 334.208333   6.856   4.930 0.000
336.208333 337.208333  10.458   6.349 0.000
339.208333 340.208333   2.988   1.712 0.000
342.208333 343.208333   7.174   4.816 0.000
345.208333 346.208333   5.678   2.337 0.000
348.208333 349.208333   8.592   6.318 0.000
351.208333 352.208333   2.512   1.296 0.000
354.208333 355.208333   7.154   3.349 0.000
357.208333 358.208333   5.216   3.116 0.000
360.208333 361.208333   1.310   0.870 0.000
363.208333 364.208333   2.854   1.962 0.000
