scripts/IMPROVE-2019_partial/data/US0014R.20070103070000.20191216000000.filterpack...1y.3d.US03L_filterpack_US0014.US03L_IMPROVE_Davis.lev2.nas
52 1001
MISSING INFORMATION
US03L, IMPROVE, , , , , , , 
MISSING INFORMATION
IMPROVE sel_HTAP
1 1
2007 01 01 2019 12 16
3.000000
days from file reference point
5
1 1 1 1 1
999.999999 9999.999 9.999 999.999 9.999
end_time of measurement, days from the file reference point
pm10_mass, ug/m3, Matrix=pm10
numflag pm10_mass, no unit, Matrix=pm10
pm25_mass, ug/m3, Matrix=pm25
numflag pm25_mass, no unit, Matrix=pm25
0
33
Data definition:              EBAS_1.1
Set type code:                TU
Timezone:                     UTC
File name:                    US0014R.20070103070000.20191216000000.filterpack...1y.3d.US03L_filterpack_US0014.US03L_IMPROVE_Davis.lev2.nas
File creation:                20191218115620
Startdate:                    20070103070000
Revision date:                20191216000000
Version:                      2
Version description:          "Data extracted from http://views.cira.colostate.edu/fed/DataWizard 2019-12-16"
Statistics:                   arithmetic mean
Data level:                   2
Period code:                  1y
Resolution code:              3d
Sample duration:              1d
Orig. time res.:              3d
Station code:                 US0014R
Platform code:                US0014S
Station name:                 Indian Gardens
Station latitude:             36.0778
Station longitude:            -112.1288
Station altitude:             1166.0 m
Regime:                       IMG
Component:                    
Unit:                         ug/m3
Matrix:                       
Laboratory code:              US03L
Instrument type:              filterpack
Instrument name:              filterpack_US0014
Method ref:                   US03L_IMPROVE_Davis
Blank correction:             Blank corrected
Volume std. temperature:      ambient
Volume std. pressure:         ambient
starttime endtime PM10 flag_PM10 PM2.5 flag_PM2.5
  2.291667   3.291667 9999.999 0.999 999.999 0.999
  5.291667   6.291667    1.872 0.000   0.720 0.659
  8.291667   9.291667 9999.999 0.456   1.217 0.000
 11.291667  12.291667    9.212 0.000   3.009 0.000
 14.291667  15.291667    3.921 0.000   2.132 0.659
 17.291667  18.291667    5.286 0.000   2.499 0.000
 20.291667  21.291667    2.490 0.000   1.141 0.000
 23.291667  24.291667    2.450 0.000   1.504 0.000
 26.291667  27.291667    4.596 0.000   1.657 0.000
 29.291667  30.291667    3.467 0.000   2.003 0.000
 32.291667  33.291667    2.047 0.000   1.162 0.000
 35.291667  36.291667    2.070 0.000   0.635 0.000
 38.291667  39.291667    4.429 0.000   1.777 0.000
 41.291667  42.291667    3.826 0.000   1.953 0.000
 44.291667  45.291667    1.699 0.000   1.339 0.000
 47.291667  48.291667    1.209 0.000   0.664 0.000
 50.291667  51.291667    1.576 0.000   0.932 0.000
 53.291667  54.291667    3.436 0.000   1.267 0.000
 56.291667  57.291667    9.279 0.000   2.373 0.000
 59.291667  60.291667    2.614 0.000   1.148 0.000
 62.291667  63.291667    2.082 0.000   1.567 0.000
 65.291667  66.291667    5.201 0.000   1.523 0.000
 68.291667  69.291667   10.428 0.000   2.918 0.000
 71.291667  72.291667    4.935 0.000   1.294 0.000
 74.291667  75.291667   10.592 0.000   3.146 0.000
 77.291667  78.291667    9.401 0.000   2.917 0.000
 80.291667  81.291667    8.465 0.000   1.950 0.000
 83.291667  84.291667    3.760 0.000   2.288 0.000
 86.291667  87.291667    8.405 0.000   1.688 0.000
 89.291667  90.291667   12.592 0.000   2.222 0.000
 92.291667  93.291667    9.858 0.000   3.447 0.000
 95.291667  96.291667   12.837 0.000   3.647 0.000
 98.291667  99.291667   13.425 0.000   5.667 0.000
101.291667 102.291667   25.665 0.000   6.743 0.000
104.291667 105.291667   10.184 0.000   3.849 0.000
107.291667 108.291667   21.800 0.000   5.308 0.000
110.291667 111.291667   21.403 0.000   8.913 0.000
113.291667 114.291667    2.409 0.000   2.105 0.000
116.291667 117.291667   12.174 0.000   6.090 0.000
119.291667 120.291667   16.319 0.000   5.976 0.000
122.291667 123.291667   19.778 0.000   7.233 0.000
125.291667 126.291667    5.328 0.000   1.638 0.000
128.291667 129.291667   11.490 0.000   4.891 0.000
131.291667 132.291667   20.544 0.000   6.121 0.000
134.291667 135.291667   13.027 0.000   6.670 0.000
137.291667 138.291667   24.723 0.000   9.089 0.000
140.291667 141.291667 9999.999 0.999 999.999 0.999
143.291667 144.291667    5.968 0.000   3.605 0.000
146.291667 147.291667   10.535 0.000   5.193 0.000
149.291667 150.291667   14.041 0.000   6.337 0.000
152.291667 153.291667   14.038 0.000   5.918 0.000
155.291667 156.291667   11.743 0.000   5.541 0.000
158.291667 159.291667   16.701 0.000   7.194 0.000
161.291667 162.291667   13.931 0.000   4.800 0.000
164.291667 165.291667   18.275 0.000   7.986 0.000
167.291667 168.291667   15.649 0.000   4.696 0.000
170.291667 171.291667   21.784 0.000   7.092 0.000
173.291667 174.291667   19.349 0.000   5.702 0.000
176.291667 177.291667   13.369 0.000   4.490 0.000
179.291667 180.291667 9999.999 0.999 999.999 0.999
182.291667 183.291667 9999.999 0.999 999.999 0.999
185.291667 186.291667 9999.999 0.999 999.999 0.999
188.291667 189.291667   32.580 0.000  11.178 0.000
191.291667 192.291667   24.771 0.000   9.913 0.000
194.291667 195.291667   17.069 0.000   5.583 0.000
197.291667 198.291667    7.088 0.000   3.845 0.000
200.291667 201.291667  107.082 0.000  32.387 0.000
203.291667 204.291667    9.079 0.000   5.417 0.000
206.291667 207.291667    4.973 0.000   3.148 0.000
209.291667 210.291667 9999.999 0.999 999.999 0.999
212.291667 213.291667    4.898 0.000   3.260 0.000
215.291667 216.291667   14.548 0.000   6.628 0.000
218.291667 219.291667   15.638 0.000   5.807 0.000
221.291667 222.291667   12.005 0.000   4.483 0.000
224.291667 225.291667   11.173 0.000   4.519 0.000
227.291667 228.291667   20.723 0.000   4.749 0.000
230.291667 231.291667    7.237 0.000   5.796 0.000
233.291667 234.291667   15.445 0.000   5.726 0.000
236.291667 237.291667   12.576 0.000   5.269 0.000
239.291667 240.291667    5.961 0.000   4.148 0.000
242.291667 243.291667    6.336 0.000   2.898 0.000
245.291667 246.291667    9.358 0.000   3.709 0.000
248.291667 249.291667   19.202 0.000   7.441 0.000
251.291667 252.291667   12.535 0.000   4.865 0.000
254.291667 255.291667   12.879 0.000   4.898 0.000
257.291667 258.291667   14.944 0.000   6.143 0.000
260.291667 261.291667   17.062 0.000   6.542 0.000
263.291667 264.291667   13.675 0.000   5.675 0.000
266.291667 267.291667    3.316 0.000   1.313 0.000
269.291667 270.291667    7.814 0.000   3.577 0.000
272.291667 273.291667    8.331 0.000   2.574 0.000
275.291667 276.291667    7.691 0.000   6.388 0.000
278.291667 279.291667    9.148 0.000 999.999 0.456
281.291667 282.291667    6.321 0.000   2.645 0.000
284.291667 285.291667   14.484 0.000   9.376 0.000
287.291667 288.291667    6.709 0.000   3.310 0.000
290.291667 291.291667 9999.999 0.999 999.999 0.999
293.291667 294.291667 9999.999 0.999 999.999 0.999
296.291667 297.291667   10.655 0.000   4.354 0.000
299.291667 300.291667   29.049 0.000  15.938 0.000
302.291667 303.291667   12.158 0.000   4.799 0.000
305.291667 306.291667   25.989 0.000  21.762 0.000
308.291667 309.291667   20.544 0.000  10.691 0.000
311.291667 312.291667 9999.999 0.999 999.999 0.999
314.291667 315.291667   20.574 0.000   6.855 0.000
317.291667 318.291667 9999.999 0.999 999.999 0.999
320.291667 321.291667   11.956 0.000   6.105 0.000
323.291667 324.291667   11.867 0.000   3.699 0.000
326.291667 327.291667   12.296 0.000   6.232 0.000
329.291667 330.291667    8.891 0.000   4.356 0.000
332.291667 333.291667   10.734 0.000   6.500 0.000
335.291667 336.291667    6.519 0.000   5.117 0.000
338.291667 339.291667    5.669 0.000   4.695 0.000
341.291667 342.291667    4.734 0.000   2.657 0.000
344.291667 345.291667    2.429 0.000   1.932 0.000
347.291667 348.291667    3.667 0.000   2.888 0.000
350.291667 351.291667    2.942 0.000   2.400 0.000
353.291667 354.291667    3.095 0.000   1.904 0.000
356.291667 357.291667    1.726 0.000   0.951 0.000
359.291667 360.291667 9999.999 0.999 999.999 0.999
362.291667 363.291667    2.104 0.000   0.871 0.000
