scripts/IMPROVE-2019_partial/data/US0062R.20010101070000.20191216000000.filterpack..pm25.52w.1w.US03L_filterpack_US0062.US03L_IMPROVE_Davis.lev2.nas
64 1001
MISSING INFORMATION
US03L, IMPROVE, , , , , , , 
MISSING INFORMATION
IMPROVE sel_HTAP
1 1
2001 01 01 2019 12 16
3.000000
days from file reference point
25
1 1 1 1 1 1 1 1 1 1 1 1 1 1 1 1 1 1 1 1 1 1 1 1 1
999.999999 9999.99 9.999 99.99 9.999 9.999 9.999999 9.99 9.999999 9.999 9.999 99.999 9.999 99.999 9.999 999.999 9.999 999.999 9.999 999.999 9.999 9.999 9.999 9.999 9.999
end_time of measurement, days from the file reference point
iron, ng/m3, Revision date=20181210133000
numflag iron, no unit, Revision date=20181210133000
lead, ng/m3, Revision date=20181210133000
numflag lead, no unit, Revision date=20181210133000
magnesium, ug/m3, Revision date=20181210133000
numflag magnesium, no unit, Revision date=20181210133000
nickel, ng/m3, Revision date=20181210133000
numflag nickel, no unit, Revision date=20181210133000
nitrate, ug N/m3, Revision date=20181210133000
numflag nitrate, no unit, Revision date=20181210133000
organic_carbon, ug C/m3, Revision date=20181210133000
numflag organic_carbon, no unit, Revision date=20181210133000
organic_mass, ug/m3, Revision date=20181210133000
numflag organic_mass, no unit, Revision date=20181210133000
pm10_mass, ug/m3, Version=2, Version description=Data extracted from http://views.cira.colostate.edu/fed/DataWizard 2019-12-16, Sample duration=1d, Orig. time res.=3d, Matrix=pm10, Blank correction=Blank corrected, Volume std. temperature=ambient, Volume std. pressure=ambient
numflag pm10_mass, no unit, Version=2, Version description=Data extracted from http://views.cira.colostate.edu/fed/DataWizard 2019-12-16, Sample duration=1d, Orig. time res.=3d, Matrix=pm10, Blank correction=Blank corrected, Volume std. temperature=ambient, Volume std. pressure=ambient
pm10_pm25_mass, ug/m3, Revision date=20181210133000, Matrix=pm10_pm25
numflag pm10_pm25_mass, no unit, Revision date=20181210133000, Matrix=pm10_pm25
pm25_mass, ug/m3, Version=2, Version description=Data extracted from http://views.cira.colostate.edu/fed/DataWizard 2019-12-16, Sample duration=1d, Orig. time res.=3d, Blank correction=Blank corrected, Volume std. temperature=ambient, Volume std. pressure=ambient
numflag pm25_mass, no unit, Version=2, Version description=Data extracted from http://views.cira.colostate.edu/fed/DataWizard 2019-12-16, Sample duration=1d, Orig. time res.=3d, Blank correction=Blank corrected, Volume std. temperature=ambient, Volume std. pressure=ambient
potassium, ug/m3, Revision date=20181210133000
numflag potassium, no unit, Revision date=20181210133000
sulphate_total, ug S/m3, Revision date=20181210133000
numflag sulphate_total, no unit, Revision date=20181210133000
0
25
Data definition:              EBAS_1.1
Set type code:                TU
Timezone:                     UTC
File name:                    US0062R.20010101070000.20191216000000.filterpack..pm25.52w.1w.US03L_filterpack_US0062.US03L_IMPROVE_Davis.lev2.nas
File creation:                20191218115924
Startdate:                    20010101070000
Revision date:                20191216000000
Statistics:                   arithmetic mean
Data level:                   2
Period code:                  52w
Resolution code:              1w
Station code:                 US0062R
Platform code:                US0062S
Station name:                 Bandelier NM
Station latitude:             35.7797
Station longitude:            -106.2664
Station altitude:             1988.0 m
Regime:                       IMG
Component:                    
Matrix:                       pm25
Laboratory code:              US03L
Instrument type:              filterpack
Instrument name:              filterpack_US0062
Method ref:                   US03L_IMPROVE_Davis
starttime endtime Fe flag_Fe Pb flag_Pb Mg++ flag_Mg++ Ni flag_Ni NO3- flag_NO3- OC flag_OC OM flag_OM PM10 flag_PM10 PM10-PM2.5 flag_PM10-PM2.5 PM2.5 flag_PM2.5 K+ flag_K+ SO4-- flag_SO4--
[from data line 89]
267.291667 268.291667   36.68 0.000  0.45 0.000 9.999 0.259000 9.99 0.259000 0.022 0.000  0.975 0.000  1.364 0.000  10.177 0.000   5.131 0.000   5.046 0.000 0.035 0.000 0.403 0.000
270.291667 271.291667   33.73 0.000  0.29 0.000 9.999 0.259000 9.99 0.259000 0.024 0.559  1.595 0.000  2.233 0.000   9.873 0.000   4.657 0.000   5.216 0.000 0.032 0.000 0.306 0.559
273.291667 274.291667   31.17 0.000  0.63 0.000 9.999 0.259000 9.99 0.259000 0.034 0.559  1.357 0.000  1.900 0.000  10.374 0.000   4.158 0.000   6.217 0.000 0.039 0.000 0.573 0.559
276.291667 277.291667   38.43 0.000  0.34 0.000 9.999 0.259000 9.99 0.259000 0.028 0.559  0.763 0.000  1.068 0.000   8.241 0.000   4.229 0.000   4.012 0.000 0.032 0.000 0.307 0.559
279.291667 280.291667   36.52 0.000  0.45 0.000 9.999 0.259000 9.99 0.259000 0.024 0.000  0.605 0.000  0.847 0.000   7.997 0.000   4.305 0.000   3.691 0.000 0.036 0.000 0.339 0.000
282.291667 283.291667   24.46 0.000  0.41 0.000 9.999 0.259000 9.99 0.259000 0.026 0.000  0.423 0.000  0.592 0.000   4.882 0.000   2.286 0.000   2.597 0.000 0.023 0.000 0.243 0.000
285.291667 286.291667   14.64 0.000  0.36 0.000 9.999 0.259000 9.99 0.259000 0.013 0.000  0.319 0.000  0.446 0.000   3.515 0.000   2.196 0.000   1.318 0.000 0.016 0.000 0.092 0.000
288.291667 289.291667   80.14 0.000  0.32 0.000 9.999 0.259000 0.17 0.000000 0.038 0.000  0.601 0.000  0.841 0.000  16.374 0.000  12.688 0.000   3.687 0.000 0.059 0.000 0.133 0.000
291.291667 292.291667   26.97 0.559  0.36 0.559 9.999 0.559259 9.99 0.559259 0.017 0.000  0.341 0.000  0.477 0.000   5.219 0.000   3.409 0.000   1.810 0.559 0.025 0.559 0.091 0.000
294.291667 295.291667   28.13 0.000  0.43 0.000 9.999 0.259000 9.99 0.259000 0.019 0.000  0.503 0.000  0.704 0.000   5.303 0.000   2.881 0.000   2.422 0.000 0.035 0.000 0.180 0.000
297.291667 298.291667   38.97 0.000  0.39 0.000 9.999 0.259000 9.99 0.259000 0.013 0.000  0.171 0.000  0.240 0.000   4.393 0.000   2.672 0.000   1.720 0.000 0.031 0.000 0.060 0.000
300.291667 301.291667   43.07 0.000  0.79 0.000 9.999 0.259000 0.17 0.000000 0.041 0.000  0.899 0.000  1.259 0.000  11.237 0.000   5.213 0.000   6.025 0.000 0.047 0.000 0.708 0.000
303.291667 304.291667 9999.99 0.999 99.99 0.999 9.999 0.999000 9.99 0.999000 9.999 0.999 99.999 0.999 99.999 0.999 999.999 0.999 999.999 0.999 999.999 0.999 9.999 0.999 9.999 0.999
306.291667 307.291667   30.13 0.000  0.50 0.000 9.999 0.259000 9.99 0.259000 0.038 0.000  0.680 0.000  0.951 0.000   8.116 0.000   4.486 0.000   3.630 0.000 0.042 0.000 0.310 0.000
309.291667 310.291667   26.88 0.000  0.38 0.000 9.999 0.259000 0.15 0.000000 0.053 0.559  0.553 0.000  0.774 0.000   9.602 0.000   3.470 0.000   6.131 0.000 0.038 0.000 0.892 0.559
312.291667 313.291667   14.98 0.000  0.45 0.000 9.999 0.259000 9.99 0.259000 0.025 0.000  0.518 0.000  0.726 0.000   3.830 0.000   1.325 0.000   2.505 0.000 0.016 0.000 0.224 0.000
315.291667 316.291667   42.46 0.000  0.71 0.000 9.999 0.259000 9.99 0.259000 0.030 0.000  0.661 0.000  0.925 0.000   8.723 0.000   4.472 0.000   4.251 0.000 0.047 0.000 0.345 0.000
318.291667 319.291667   57.46 0.000  0.07 0.000 9.999 0.259000 9.99 0.259000 0.020 0.000  0.440 0.000  0.616 0.000   1.641 0.000 999.999 0.259   1.934 0.000 0.023 0.000 0.062 0.000
321.291667 322.291667   13.61 0.000  0.59 0.000 9.999 0.259000 0.04 0.000000 0.051 0.000  0.594 0.000  0.832 0.000   4.125 0.000   1.702 0.000   2.422 0.000 0.013 0.000 0.158 0.000
324.291667 325.291667   34.15 0.000  0.51 0.000 9.999 0.259000 0.22 0.000000 0.031 0.000  0.619 0.000  0.866 0.000   5.420 0.000   2.720 0.000   2.701 0.000 0.031 0.000 0.136 0.000
327.291667 328.291667   18.60 0.000 99.99 0.259 9.999 0.259000 0.08 0.000000 0.015 0.000  0.270 0.000  0.377 0.000   1.313 0.000   0.609 0.000   0.704 0.000 0.010 0.000 0.061 0.000
330.291667 331.291667    9.66 0.000  0.16 0.000 9.999 0.259000 0.19 0.000000 0.057 0.000  0.331 0.000  0.464 0.000   2.540 0.000   1.064 0.000   1.476 0.000 0.013 0.000 0.165 0.000
333.291667 334.291667   10.36 0.559  0.52 0.559 0.015 0.559000 0.09 0.559000 0.020 0.000  0.312 0.000  0.436 0.000   2.498 0.000   0.959 0.000   1.540 0.559 0.017 0.559 0.147 0.000
336.291667 337.291667   24.66 0.559  1.30 0.559 9.999 0.559259 9.99 0.559259 0.090 0.000  0.979 0.000  1.371 0.000   6.013 0.000   2.919 0.000   3.094 0.559 0.027 0.559 0.160 0.000
339.291667 340.291667   28.88 0.000 99.99 0.259 9.999 0.259000 9.99 0.259000 0.027 0.000  0.467 0.000  0.654 0.000   3.642 0.000   1.833 0.000   1.809 0.000 0.023 0.000 0.103 0.000
342.291667 343.291667   21.01 0.000  0.58 0.000 9.999 0.259000 0.19 0.000000 0.061 0.000  0.625 0.000  0.874 0.000   3.408 0.000   1.461 0.000   1.947 0.000 0.023 0.000 0.059 0.000
345.291667 346.291667   19.52 0.559  0.58 0.559 9.999 0.559259 0.47 0.559000 0.159 0.000  0.639 0.000  0.895 0.000   3.301 0.000   0.240 0.000   3.061 0.559 0.019 0.559 0.300 0.000
348.291667 349.291667   16.30 0.000  1.79 0.000 9.999 0.259000 0.20 0.000000 0.161 0.559  0.676 0.000  0.947 0.000   3.962 0.000   1.498 0.000   2.464 0.000 0.019 0.000 0.144 0.559
351.291667 352.291667   18.41 0.000  0.79 0.000 9.999 0.259000 9.99 0.259000 0.192 0.000  0.711 0.000  0.995 0.000   4.988 0.000   2.361 0.000   2.627 0.000 0.017 0.000 0.099 0.000
354.291667 355.291667   25.85 0.559  0.44 0.559 9.999 0.559259 0.13 0.559000 0.075 0.000  0.367 0.000  0.514 0.000   7.156 0.000   5.004 0.000   2.152 0.559 0.026 0.559 0.119 0.000
357.291667 358.291667   11.19 0.000  0.35 0.000 9.999 0.259000 9.99 0.259000 0.098 0.000  0.561 0.000  0.785 0.000   3.366 0.000   1.460 0.000   1.906 0.000 0.012 0.000 0.109 0.000
360.291667 361.291667   13.12 0.000  0.49 0.000 9.999 0.259000 9.99 0.259000 0.050 0.000  0.517 0.000  0.725 0.000   3.176 0.000   1.521 0.000   1.655 0.000 0.012 0.000 0.076 0.000
363.291667 364.291667   20.19 0.000  0.44 0.000 9.999 0.259000 0.77 0.000000 0.165 0.000  0.420 0.000  0.588 0.000   3.280 0.000   0.328 0.000   2.953 0.000 0.016 0.000 0.207 0.000
