scripts/IMPROVE-2019_partial/data/US0072R.20050101070000.20191216000000.filterpack..pm25.52w.1w.US03L_filterpack_US0072.US03L_IMPROVE_Davis.lev2.nas
66 1001
MISSING INFORMATION
US03L, IMPROVE, , , , , , , 
MISSING INFORMATION
IMPROVE sel_HTAP
1 1
2005 01 01 2019 12 16
3.000000
days from file reference point
27
1 1 1 1 1 1 1 1 1 1 1 1 1 1 1 1 1 1 1 1 1 1 1 1 1 1 1
999.999999 999.99 9.999 99.99 9.999 9.999 9.999999 99.99 9.999999 9.999 9.999 99.999 9.999 99.999 9.999 99.99 9.999999 999.999 9.999 999.999 9.999 99.999 9.999 9.999 9.999 9.999 9.999
end_time of measurement, days from the file reference point
iron, ng/m3, Revision date=20181210133000
numflag iron, no unit, Revision date=20181210133000
lead, ng/m3, Revision date=20181210133000
numflag lead, no unit, Revision date=20181210133000
magnesium, ug/m3, Revision date=20181210133000
numflag magnesium, no unit, Revision date=20181210133000
nickel, ng/m3, Revision date=20181210133000
numflag nickel, no unit, Revision date=20181210133000
nitrate, ug N/m3, Revision date=20181210133000
numflag nitrate, no unit, Revision date=20181210133000
organic_carbon, ug C/m3, Revision date=20181210133000
numflag organic_carbon, no unit, Revision date=20181210133000
organic_mass, ug/m3, Revision date=20181210133000
numflag organic_mass, no unit, Revision date=20181210133000
phosphorus, ng/m3, Revision date=20181210133000
numflag phosphorus, no unit, Revision date=20181210133000
pm10_mass, ug/m3, Version=2, Version description=Data extracted from http://views.cira.colostate.edu/fed/DataWizard 2019-12-16, Sample duration=1d, Orig. time res.=3d, Matrix=pm10, Blank correction=Blank corrected, Volume std. temperature=ambient, Volume std. pressure=ambient
numflag pm10_mass, no unit, Version=2, Version description=Data extracted from http://views.cira.colostate.edu/fed/DataWizard 2019-12-16, Sample duration=1d, Orig. time res.=3d, Matrix=pm10, Blank correction=Blank corrected, Volume std. temperature=ambient, Volume std. pressure=ambient
pm10_pm25_mass, ug/m3, Revision date=20181210133000, Matrix=pm10_pm25
numflag pm10_pm25_mass, no unit, Revision date=20181210133000, Matrix=pm10_pm25
pm25_mass, ug/m3, Version=2, Version description=Data extracted from http://views.cira.colostate.edu/fed/DataWizard 2019-12-16, Sample duration=1d, Orig. time res.=3d, Blank correction=Blank corrected, Volume std. temperature=ambient, Volume std. pressure=ambient
numflag pm25_mass, no unit, Version=2, Version description=Data extracted from http://views.cira.colostate.edu/fed/DataWizard 2019-12-16, Sample duration=1d, Orig. time res.=3d, Blank correction=Blank corrected, Volume std. temperature=ambient, Volume std. pressure=ambient
potassium, ug/m3, Revision date=20181210133000
numflag potassium, no unit, Revision date=20181210133000
sulphate_total, ug S/m3, Revision date=20181210133000
numflag sulphate_total, no unit, Revision date=20181210133000
0
25
Data definition:              EBAS_1.1
Set type code:                TU
Timezone:                     UTC
File name:                    US0072R.20050101070000.20191216000000.filterpack..pm25.52w.1w.US03L_filterpack_US0072.US03L_IMPROVE_Davis.lev2.nas
File creation:                20191218120022
Startdate:                    20050101070000
Revision date:                20191216000000
Statistics:                   arithmetic mean
Data level:                   2
Period code:                  52w
Resolution code:              1w
Station code:                 US0072R
Platform code:                US0072S
Station name:                 Badlands NP
Station latitude:             43.7435
Station longitude:            -101.9412
Station altitude:             736.0 m
Regime:                       IMG
Component:                    
Matrix:                       pm25
Laboratory code:              US03L
Instrument type:              filterpack
Instrument name:              filterpack_US0072
Method ref:                   US03L_IMPROVE_Davis
starttime endtime Fe flag_Fe Pb flag_Pb Mg++ flag_Mg++ Ni flag_Ni NO3- flag_NO3- OC flag_OC OM flag_OM P flag_P PM10 flag_PM10 PM10-PM2.5 flag_PM10-PM2.5 PM2.5 flag_PM2.5 K+ flag_K+ SO4-- flag_SO4--
[from data line 83]
249.291667 250.291667  41.96 0.000  0.92 0.000 9.999 0.259000 99.99 0.259000 0.028 0.559  1.154 0.000  2.078 0.000 99.99 0.259000  18.655 0.000  11.632 0.000  7.022 0.000 0.036 0.000 0.695 0.559
252.291667 253.291667  52.76 0.000  0.72 0.000 9.999 0.259000  0.35 0.000000 0.019 0.559  1.015 0.000  1.827 0.000 99.99 0.259000  22.579 0.000  14.454 0.000  8.125 0.000 0.040 0.000 0.990 0.559
255.291667 256.291667  13.62 0.000  0.38 0.000 9.999 0.259000 99.99 0.259000 0.017 0.559  0.645 0.000  1.162 0.000 99.99 0.259000   5.450 0.000   3.342 0.000  2.122 0.000 0.012 0.000 0.108 0.559
258.291667 259.291667  52.54 0.000  0.89 0.000 9.999 0.259000  0.06 0.000000 0.021 0.559  0.895 0.000  1.611 0.000 99.99 0.259000  16.548 0.000  12.125 0.000  4.422 0.000 0.046 0.000 0.251 0.559
261.291667 262.291667  33.86 0.000  1.26 0.000 9.999 0.259000 99.99 0.259000 0.075 0.559  1.242 0.000  2.236 0.000 99.99 0.259000  11.346 0.000   5.531 0.000  5.814 0.000 0.033 0.000 0.564 0.559
264.291667 265.291667 999.99 0.699 99.99 0.699 9.999 0.699000 99.99 0.699000 9.999 0.699 99.999 0.699 99.999 0.699 99.99 0.699000  22.824 0.000 999.999 0.699  3.946 0.000 9.999 0.699 9.999 0.699
267.291667 268.291667  11.17 0.000  0.82 0.000 0.009 0.000000 99.99 0.259000 0.066 0.000  0.760 0.000  1.368 0.000 99.99 0.259000   7.274 0.000   5.010 0.000  2.196 0.000 0.013 0.000 0.139 0.000
270.291667 271.291667  18.14 0.000  0.25 0.000 9.999 0.259000 99.99 0.259000 0.015 0.000  0.637 0.000  1.146 0.000 99.99 0.259000   5.726 0.000   4.025 0.000  1.702 0.000 0.014 0.000 0.173 0.000
273.291667 274.291667  50.18 0.000  0.19 0.000 0.014 0.000000 99.99 0.259000 0.012 0.000  0.600 0.000  1.081 0.000 99.99 0.259000   9.360 0.000   6.555 0.000  2.717 0.000 0.032 0.000 0.152 0.000
276.291667 277.291667  29.78 0.000  0.29 0.000 9.999 0.259000 99.99 0.259000 0.053 0.000  0.585 0.000  1.053 0.000 99.99 0.259000   6.124 0.000   4.162 0.000  1.959 0.000 0.072 0.000 0.103 0.000
279.291667 280.291667  36.18 0.000  0.32 0.000 9.999 0.259000 99.99 0.259000 0.026 0.000  0.644 0.000  1.160 0.000 99.99 0.259000   8.058 0.000   5.377 0.000  2.605 0.000 0.046 0.000 0.159 0.000
282.291667 283.291667  10.42 0.000  0.89 0.000 9.999 0.259000 99.99 0.259000 0.106 0.000  0.592 0.000  1.065 0.000 99.99 0.259000   5.100 0.000   0.899 0.000  4.164 0.000 0.017 0.000 0.653 0.000
285.291667 286.291667  30.69 0.000  0.22 0.000 9.999 0.259000 99.99 0.259000 0.031 0.000  0.757 0.000  1.363 0.000 99.99 0.259000   6.182 0.000   3.802 0.000  2.325 0.000 0.025 0.000 0.175 0.000
288.291667 289.291667  32.25 0.000  0.49 0.000 9.999 0.259000 99.99 0.259000 0.038 0.000  1.328 0.000  2.391 0.000 99.99 0.259000   9.160 0.000   4.364 0.000  4.718 0.000 0.026 0.000 0.537 0.000
291.291667 292.291667  34.23 0.000  0.10 0.000 9.999 0.259000 99.99 0.259000 0.025 0.000  0.564 0.000  1.015 0.000 99.99 0.259000   7.366 0.000   5.036 0.000  2.261 0.000 0.037 0.000 0.243 0.000
294.291667 295.291667  16.78 0.000  0.42 0.000 9.999 0.259000 99.99 0.259000 0.029 0.000  0.401 0.000  0.723 0.000 99.99 0.259000   4.279 0.000   2.189 0.000  2.054 0.000 0.018 0.000 0.300 0.000
297.291667 298.291667  43.27 0.000  0.74 0.000 9.999 0.259000 99.99 0.259000 0.054 0.000  1.324 0.000  2.384 0.000 99.99 0.259000   9.369 0.000   5.123 0.000  4.164 0.000 0.030 0.000 0.252 0.000
300.291667 301.291667  73.41 0.000  1.22 0.000 9.999 0.259000 99.99 0.259000 0.086 0.000  1.474 0.000  2.654 0.000 99.99 0.259000  15.921 0.000   8.520 0.000  7.261 0.000 0.064 0.000 0.654 0.000
303.291667 304.291667  24.66 0.000  0.54 0.000 9.999 0.259000 99.99 0.259000 0.019 0.000  0.498 0.000  0.896 0.000 99.99 0.259000   3.880 0.000   2.001 0.000  1.845 0.000 0.021 0.000 0.148 0.000
306.291667 307.291667  50.07 0.000  0.34 0.000 9.999 0.259000 99.99 0.259000 0.018 0.000  0.501 0.000  0.902 0.000 99.99 0.259000   6.185 0.000   4.066 0.000  2.062 0.000 0.023 0.000 0.145 0.000
309.291667 310.291667  18.63 0.000  0.50 0.000 9.999 0.259000 99.99 0.259000 0.016 0.000  0.348 0.000  0.626 0.000 99.99 0.259000   4.029 0.000   2.587 0.000  1.405 0.000 0.012 0.000 0.106 0.000
312.291667 313.291667  30.59 0.000  0.76 0.000 0.010 0.000000 99.99 0.259000 0.013 0.000  0.545 0.000  0.980 0.000 99.99 0.259000   4.974 0.000   2.871 0.000  2.109 0.000 0.029 0.000 0.161 0.000
315.291667 316.291667  42.70 0.000  0.55 0.000 9.999 0.259000 99.99 0.259000 0.099 0.000  1.283 0.000  2.310 0.000 99.99 0.259000   8.108 0.000   3.762 0.000  4.278 0.000 0.166 0.000 0.154 0.000
318.291667 319.291667   8.14 0.000  0.17 0.000 9.999 0.259000  0.39 0.000000 0.017 0.000  0.259 0.000  0.466 0.000 99.99 0.259000   6.504 0.000   4.421 0.000  2.133 0.000 0.015 0.000 0.324 0.000
321.291667 322.291667  20.47 0.000  0.27 0.000 9.999 0.259000 99.99 0.259000 0.013 0.000  0.553 0.000  0.996 0.000 99.99 0.259000   6.076 0.000   4.601 0.000  1.416 0.000 0.012 0.000 0.112 0.000
324.291667 325.291667  14.23 0.000  0.32 0.000 9.999 0.259000 99.99 0.259000 0.029 0.000  0.501 0.000  0.903 0.000 99.99 0.259000   2.592 0.000   0.997 0.000  1.574 0.000 0.015 0.000 0.121 0.000
327.291667 328.291667   9.78 0.000  0.40 0.000 9.999 0.259000  0.45 0.000000 0.057 0.000  0.324 0.000  0.583 0.000 99.99 0.259000   5.435 0.000   3.324 0.000  2.062 0.000 0.010 0.000 0.287 0.000
330.291667 331.291667  14.26 0.000  0.35 0.000 0.007 0.000000 99.99 0.259000 0.148 0.000  0.449 0.000  0.808 0.000 99.99 0.259000   6.259 0.000   3.092 0.000  3.115 0.000 0.023 0.000 0.442 0.000
333.291667 334.291667  12.07 0.000  8.91 0.000 9.999 0.259000 99.99 0.259000 0.056 0.000  0.350 0.000  0.630 0.000 99.99 0.259000   8.552 0.000   5.872 0.000  2.688 0.000 0.021 0.000 0.379 0.000
336.291667 337.291667  13.11 0.000  2.01 0.000 0.010 0.000000  1.09 0.000000 0.258 0.000  0.921 0.000  1.657 0.000 99.99 0.259000   6.893 0.000   1.576 0.000  5.266 0.000 0.028 0.000 0.636 0.000
339.291667 340.291667  13.81 0.000  0.47 0.000 9.999 0.259000 99.99 0.259000 0.177 0.000  0.778 0.000  1.401 0.000 99.99 0.259000   6.873 0.000   2.838 0.000  4.024 0.000 0.028 0.000 0.412 0.000
342.291667 343.291667  33.30 0.000  0.39 0.000 0.009 0.000000 99.99 0.259000 0.038 0.000  0.509 0.000  0.917 0.000 99.99 0.259000   9.696 0.000   7.114 0.000  2.490 0.000 0.022 0.000 0.139 0.000
345.291667 346.291667  15.17 0.000  0.72 0.000 9.999 0.259000 99.99 0.259000 0.030 0.000  0.563 0.000  1.013 0.000 99.99 0.259000   3.018 0.000   1.173 0.000  1.821 0.000 0.013 0.000 0.134 0.000
348.291667 349.291667  18.37 0.000 99.99 0.259 9.999 0.259000  0.11 0.000000 0.060 0.000  0.437 0.000  0.786 0.000 99.99 0.259000   4.262 0.000   2.728 0.000  1.495 0.000 0.013 0.000 0.156 0.000
351.291667 352.291667  11.78 0.000  0.42 0.000 0.008 0.000000 99.99 0.259000 0.067 0.000 99.999 0.999 99.999 0.999 99.99 0.259000   3.393 0.000   1.280 0.000  2.086 0.000 0.012 0.000 0.283 0.000
354.291667 355.291667  25.10 0.000  0.37 0.000 9.999 0.259000  0.11 0.000000 0.020 0.000 99.999 0.699 99.999 0.699  9.55 0.000000   3.621 0.000   2.270 0.000  1.351 0.000 0.011 0.000 0.062 0.000
357.291667 358.291667   7.74 0.000  0.19 0.000 9.999 0.259000 99.99 0.259000 0.015 0.000  0.285 0.000  0.513 0.000 99.99 0.259000   1.500 0.000   0.902 0.000  0.584 0.000 0.006 0.000 0.022 0.000
360.291667 361.291667   7.04 0.000  0.58 0.000 9.999 0.259000 99.99 0.259000 0.021 0.000  0.348 0.000  0.626 0.000 99.99 0.259000   1.731 0.000   0.819 0.000  0.913 0.000 0.006 0.000 0.038 0.000
363.291667 364.291667   6.73 0.000  0.11 0.000 9.999 0.259000 99.99 0.259000 0.082 0.000  0.127 0.000  0.229 0.000 99.99 0.259000   3.567 0.000   2.389 0.000  1.145 0.000 0.005 0.000 0.132 0.000
