scripts/IMPROVE-2019_partial/data/US0083R.20010101080000.20191216000000.filterpack..pm25.52w.1w.US03L_filterpack_US0083.US03L_IMPROVE_Davis.lev2.nas
64 1001
MISSING INFORMATION
US03L, IMPROVE, , , , , , , 
MISSING INFORMATION
IMPROVE sel_HTAP
1 1
2001 01 01 2019 12 16
3.000000
days from file reference point
25
1 1 1 1 1 1 1 1 1 1 1 1 1 1 1 1 1 1 1 1 1 1 1 1 1
999.999999 9999.99 9.999 99.99 9.999 9.999 9.999999 9.99 9.999999 99.999 9.999 99.999 9.999 99.999 9.999 999.999 9.999 999.999 9.999 999.999 9.999 9.999 9.999 99.999 9.999
end_time of measurement, days from the file reference point
iron, ng/m3, Revision date=20181210133000
numflag iron, no unit, Revision date=20181210133000
lead, ng/m3, Revision date=20181210133000
numflag lead, no unit, Revision date=20181210133000
magnesium, ug/m3, Revision date=20181210133000
numflag magnesium, no unit, Revision date=20181210133000
nickel, ng/m3, Revision date=20181210133000
numflag nickel, no unit, Revision date=20181210133000
nitrate, ug N/m3, Revision date=20181210133000
numflag nitrate, no unit, Revision date=20181210133000
organic_carbon, ug C/m3, Revision date=20181210133000
numflag organic_carbon, no unit, Revision date=20181210133000
organic_mass, ug/m3, Revision date=20181210133000
numflag organic_mass, no unit, Revision date=20181210133000
pm10_mass, ug/m3, Version=2, Version description=Data extracted from http://views.cira.colostate.edu/fed/DataWizard 2019-12-16, Sample duration=1d, Orig. time res.=3d, Matrix=pm10, Blank correction=Blank corrected, Volume std. temperature=ambient, Volume std. pressure=ambient
numflag pm10_mass, no unit, Version=2, Version description=Data extracted from http://views.cira.colostate.edu/fed/DataWizard 2019-12-16, Sample duration=1d, Orig. time res.=3d, Matrix=pm10, Blank correction=Blank corrected, Volume std. temperature=ambient, Volume std. pressure=ambient
pm10_pm25_mass, ug/m3, Revision date=20181210133000, Matrix=pm10_pm25
numflag pm10_pm25_mass, no unit, Revision date=20181210133000, Matrix=pm10_pm25
pm25_mass, ug/m3, Version=2, Version description=Data extracted from http://views.cira.colostate.edu/fed/DataWizard 2019-12-16, Sample duration=1d, Orig. time res.=3d, Blank correction=Blank corrected, Volume std. temperature=ambient, Volume std. pressure=ambient
numflag pm25_mass, no unit, Version=2, Version description=Data extracted from http://views.cira.colostate.edu/fed/DataWizard 2019-12-16, Sample duration=1d, Orig. time res.=3d, Blank correction=Blank corrected, Volume std. temperature=ambient, Volume std. pressure=ambient
potassium, ug/m3, Revision date=20181210133000
numflag potassium, no unit, Revision date=20181210133000
sulphate_total, ug S/m3, Revision date=20181210133000
numflag sulphate_total, no unit, Revision date=20181210133000
0
25
Data definition:              EBAS_1.1
Set type code:                TU
Timezone:                     UTC
File name:                    US0083R.20010101080000.20191216000000.filterpack..pm25.52w.1w.US03L_filterpack_US0083.US03L_IMPROVE_Davis.lev2.nas
File creation:                20191218120101
Startdate:                    20010101080000
Revision date:                20191216000000
Statistics:                   arithmetic mean
Data level:                   2
Period code:                  52w
Resolution code:              1w
Station code:                 US0083R
Platform code:                US0083S
Station name:                 Columbia River Gorge
Station latitude:             45.6644
Station longitude:            -121.0008
Station altitude:             178.0 m
Regime:                       IMG
Component:                    
Matrix:                       pm25
Laboratory code:              US03L
Instrument type:              filterpack
Instrument name:              filterpack_US0083
Method ref:                   US03L_IMPROVE_Davis
starttime endtime Fe flag_Fe Pb flag_Pb Mg++ flag_Mg++ Ni flag_Ni NO3- flag_NO3- OC flag_OC OM flag_OM PM10 flag_PM10 PM10-PM2.5 flag_PM10-PM2.5 PM2.5 flag_PM2.5 K+ flag_K+ SO4-- flag_SO4--
  0.333333   1.333333 9999.99 0.999 99.99 0.999 9.999 0.999000 9.99 0.999000  0.556 0.000  0.971 0.000  1.360 0.000   6.757 0.000 999.999 0.999 999.999 0.999 9.999 0.999  0.571 0.000
  3.333333   4.333333 9999.99 0.999 99.99 0.999 9.999 0.999000 9.99 0.999000  1.852 0.000  1.696 0.000  2.374 0.000  22.898 0.000 999.999 0.999 999.999 0.999 9.999 0.999  1.497 0.000
  6.333333   7.333333 9999.99 0.999 99.99 0.999 9.999 0.999000 9.99 0.999000  1.114 0.000  1.298 0.000  1.817 0.000  11.149 0.000 999.999 0.999 999.999 0.999 9.999 0.999  0.406 0.000
  9.333333  10.333333   19.89 0.000  4.94 0.000 9.999 0.259000 9.99 0.259000  1.787 0.000  1.592 0.000  2.229 0.000  19.524 0.000   1.590 0.000  17.935 0.000 0.027 0.000  1.110 0.000
 12.333333  13.333333   24.21 0.000  1.49 0.000 9.999 0.259000 0.17 0.000000  0.204 0.000  1.123 0.000  1.573 0.000   3.745 0.000   0.556 0.000   3.189 0.000 0.019 0.000  0.168 0.000
 15.333333  16.333333   23.51 0.559  3.63 0.559 9.999 0.559259 9.99 0.559259  1.055 0.000  1.250 0.000  1.750 0.000  11.755 0.000   1.193 0.000  10.563 0.559 0.028 0.559  0.595 0.000
 18.333333  19.333333   27.34 0.000  1.57 0.000 9.999 0.259000 9.99 0.259000  1.412 0.000  1.293 0.000  1.809 0.000  15.270 0.000   2.082 0.000  13.188 0.000 0.032 0.000  0.748 0.000
 21.333333  22.333333   12.63 0.699  1.48 0.699 9.999 0.699259 0.05 0.699000  1.268 0.000  1.195 0.000  1.672 0.000  18.892 0.000   6.051 0.000  12.841 0.699 0.023 0.699  0.828 0.000
 24.333333  25.333333   19.50 0.000  0.83 0.000 0.026 0.000000 9.99 0.259000 99.999 0.259  1.225 0.000  1.715 0.000   7.910 0.000   0.583 0.000   7.327 0.000 0.021 0.000  0.450 0.000
 27.333333  28.333333   11.88 0.000  0.45 0.000 9.999 0.259000 0.08 0.000000  0.782 0.000  0.732 0.000  1.024 0.000   8.737 0.000   0.773 0.000   7.964 0.000 0.014 0.000  0.765 0.000
 30.333333  31.333333   24.68 0.000  0.40 0.000 9.999 0.259000 9.99 0.259000  0.081 0.000  0.970 0.000  1.357 0.000   5.135 0.000   2.949 0.000   2.185 0.000 0.018 0.000  0.100 0.000
 33.333333  34.333333   24.11 0.000  0.68 0.000 9.999 0.259000 9.99 0.259000  0.185 0.000  0.743 0.000  1.040 0.000   6.536 0.000   3.049 0.000   3.487 0.000 0.027 0.000  0.162 0.000
 36.333333  37.333333   18.29 0.000  0.54 0.000 9.999 0.259000 9.99 0.259000  0.193 0.000  0.837 0.000  1.172 0.000   6.511 0.000   2.832 0.000   3.679 0.000 0.024 0.000  0.239 0.000
 39.333333  40.333333   41.00 0.000  0.64 0.000 9.999 0.259000 9.99 0.259000  0.705 0.000  0.803 0.000  1.125 0.000   6.575 0.000   1.080 0.000   5.495 0.000 0.021 0.000  0.381 0.000
 42.333333  43.333333   44.73 0.000  0.99 0.000 9.999 0.259000 0.10 0.000000  1.193 0.000  1.945 0.000  2.723 0.000  13.815 0.000   1.387 0.000  12.429 0.000 0.053 0.000  0.667 0.000
 45.333333  46.333333   23.56 0.000  1.35 0.000 9.999 0.259000 0.24 0.000000  0.204 0.000  0.940 0.000  1.317 0.000   6.761 0.000   3.208 0.000   3.552 0.000 0.030 0.000  0.315 0.000
 48.333333  49.333333   24.55 0.000  1.07 0.000 9.999 0.259000 9.99 0.259000  1.089 0.000  1.220 0.000  1.709 0.000  11.243 0.000   2.234 0.000   9.009 0.000 0.028 0.000  0.529 0.000
 51.333333  52.333333   39.00 0.000  1.31 0.000 9.999 0.259000 9.99 0.259000  1.655 0.000  1.761 0.000  2.466 0.000  17.915 0.000   2.504 0.000  15.411 0.000 0.038 0.000  0.510 0.000
 54.333333  55.333333   39.74 0.000  1.16 0.000 9.999 0.259000 9.99 0.259000  0.165 0.000  1.345 0.000  1.883 0.000   7.164 0.000   2.169 0.000   4.995 0.000 0.029 0.000  0.429 0.000
 57.333333  58.333333 9999.99 0.456 99.99 0.456 9.999 0.456000 9.99 0.456000  0.266 0.000  0.976 0.000  1.367 0.000   8.361 0.000 999.999 0.999 999.999 0.456 9.999 0.456  0.226 0.000
 60.333333  61.333333   18.15 0.000  0.70 0.000 9.999 0.259000 9.99 0.259000  0.078 0.000  0.526 0.000  0.737 0.000   5.695 0.000   3.151 0.000   2.544 0.000 0.020 0.000  0.129 0.000
 63.333333  64.333333   59.43 0.000  1.61 0.000 9.999 0.259000 9.99 0.259000  0.711 0.000  1.663 0.000  2.329 0.000  10.124 0.000   2.744 0.000   7.380 0.000 0.041 0.000  0.524 0.000
 66.333333  67.333333   27.56 0.000  0.32 0.000 9.999 0.259000 9.99 0.259000  0.066 0.000  0.702 0.000  0.983 0.000   6.508 0.000   3.877 0.000   2.631 0.000 0.015 0.000  0.220 0.000
 69.333333  70.333333   65.97 0.000  0.94 0.000 9.999 0.259000 9.99 0.259000  0.112 0.000  0.766 0.000  1.073 0.000  19.481 0.000  14.801 0.000   4.680 0.000 0.042 0.000  0.491 0.000
 72.333333  73.333333   28.55 0.000  0.78 0.000 9.999 0.259000 9.99 0.259000  0.091 0.000  0.427 0.000  0.598 0.000   7.979 0.000   5.117 0.000   2.861 0.000 0.018 0.000  0.287 0.000
 75.333333  76.333333   29.95 0.000  0.88 0.000 9.999 0.259000 9.99 0.259000  0.111 0.000  0.857 0.000  1.200 0.000   4.144 0.000   1.246 0.000   2.899 0.000 0.023 0.000  0.204 0.000
 78.333333  79.333333   66.51 0.559  5.60 0.559 9.999 0.559259 0.33 0.559000  0.165 0.000  0.947 0.000  1.326 0.000   9.439 0.000   4.652 0.000   4.787 0.559 0.048 0.559  0.311 0.000
 81.333333  82.333333  144.38 0.000  2.80 0.000 9.999 0.259000 0.19 0.000000  0.412 0.559  2.291 0.000  3.208 0.000  20.870 0.000  11.845 0.000   9.025 0.000 0.119 0.000  0.467 0.559
 84.333333  85.333333   18.11 0.000  1.18 0.000 9.999 0.259000 9.99 0.259000  0.052 0.000  0.464 0.000  0.650 0.000   4.898 0.000   2.820 0.000   2.077 0.000 0.016 0.000  0.132 0.000
 87.333333  88.333333   42.85 0.000  1.37 0.000 9.999 0.259000 0.80 0.000000  0.035 0.000  0.456 0.000  0.638 0.000   7.385 0.000   4.458 0.000   2.927 0.000 0.028 0.000  0.313 0.000
 90.333333  91.333333   42.94 0.000  1.29 0.000 9.999 0.259000 0.26 0.000000  0.054 0.000  0.304 0.000  0.425 0.000   6.725 0.000   3.947 0.000   2.778 0.000 0.033 0.000  0.271 0.000
 93.333333  94.333333   50.31 0.000  1.45 0.000 9.999 0.259000 9.99 0.259000  0.090 0.000  0.879 0.000  1.231 0.000   8.524 0.000   4.691 0.000   3.834 0.000 0.025 0.000  0.382 0.000
 96.333333  97.333333   31.35 0.000  1.03 0.000 9.999 0.259000 9.99 0.259000  0.033 0.000  0.340 0.000  0.476 0.000   7.716 0.000   6.176 0.000   1.540 0.000 0.017 0.000  0.156 0.000
 99.333333 100.333333   20.83 0.000  0.40 0.000 9.999 0.259000 9.99 0.259000  0.024 0.000  0.212 0.000  0.297 0.000   6.284 0.000   5.119 0.000   1.165 0.000 0.014 0.000  0.074 0.000
102.333333 103.333333   25.42 0.000  1.15 0.000 9.999 0.259000 9.99 0.259000  0.094 0.000  0.551 0.000  0.772 0.000   7.936 0.000   5.038 0.000   2.899 0.000 0.021 0.000  0.218 0.000
105.333333 106.333333  358.72 0.559  2.83 0.559 9.999 0.559259 9.99 0.559259  0.120 0.000  1.352 0.000  1.892 0.000  27.160 0.000  17.281 0.000   9.879 0.559 0.187 0.559  0.352 0.000
108.333333 109.333333  211.96 0.559  1.10 0.559 9.999 0.559259 9.99 0.559259  0.106 0.000  0.726 0.000  1.016 0.000  21.274 0.000  15.341 0.000   5.934 0.559 0.106 0.559  0.227 0.000
111.333333 112.333333  166.49 0.000  1.42 0.000 9.999 0.259000 9.99 0.259000  0.115 0.000  0.672 0.000  0.941 0.000  12.573 0.000   6.845 0.000   5.728 0.000 0.104 0.000  0.260 0.000
114.333333 115.333333  287.67 0.000  6.58 0.000 9.999 0.259000 9.99 0.259000  0.092 0.000  1.545 0.000  2.163 0.000  28.780 0.000  18.107 0.000  10.674 0.000 0.209 0.000  0.629 0.000
117.333333 118.333333   30.16 0.000  1.23 0.000 9.999 0.259000 9.99 0.259000  0.025 0.000  0.371 0.000  0.520 0.000   4.667 0.000   2.817 0.000   1.850 0.000 0.027 0.000  0.148 0.000
120.333333 121.333333 9999.99 0.456 99.99 0.456 9.999 0.456000 9.99 0.456000  0.037 0.000  0.266 0.000  0.372 0.000   8.109 0.000 999.999 0.999 999.999 0.456 9.999 0.456  0.176 0.000
123.333333 124.333333 9999.99 0.456 99.99 0.456 9.999 0.456000 9.99 0.456000  0.064 0.000  1.411 0.000  1.976 0.000  13.998 0.000 999.999 0.999 999.999 0.456 9.999 0.456  0.258 0.000
126.333333 127.333333 9999.99 0.456 99.99 0.456 9.999 0.456000 9.99 0.456000  0.092 0.000  1.373 0.000  1.922 0.000  15.707 0.000 999.999 0.999 999.999 0.456 9.999 0.456  0.350 0.000
129.333333 130.333333  136.08 0.559  1.78 0.559 9.999 0.559259 9.99 0.559259  0.128 0.000  0.791 0.000  1.108 0.000  13.779 0.000   7.682 0.000   6.097 0.559 0.087 0.559  0.325 0.000
132.333333 133.333333   89.53 0.000  1.99 0.000 9.999 0.259000 9.99 0.259000  0.050 0.000  0.696 0.000  0.974 0.000   9.489 0.000   5.099 0.000   4.391 0.000 0.055 0.000  0.351 0.000
135.333333 136.333333   44.28 0.000  1.27 0.000 9.999 0.259000 0.35 0.000000  0.097 0.000  0.428 0.000  0.599 0.000   8.370 0.000   4.535 0.000   3.835 0.000 0.034 0.000  0.239 0.000
138.333333 139.333333   36.30 0.000  2.05 0.000 9.999 0.259000 0.47 0.000000  0.037 0.000  0.749 0.000  1.048 0.000   9.199 0.000   4.700 0.000   4.499 0.000 0.040 0.000  0.474 0.000
141.333333 142.333333  156.94 0.000  1.07 0.000 9.999 0.259000 9.99 0.259000  0.048 0.000 99.999 0.999 99.999 0.999  17.267 0.000  12.038 0.000   5.230 0.000 0.047 0.000  0.175 0.000
144.333333 145.333333  129.83 0.000  1.90 0.000 9.999 0.259000 0.32 0.000000  0.246 0.000  1.417 0.000  1.984 0.000  23.124 0.000  14.141 0.000   8.983 0.000 0.091 0.000  0.623 0.000
147.333333 148.333333   30.23 0.000  0.71 0.000 9.999 0.259000 9.99 0.259000  0.061 0.000  0.423 0.000  0.592 0.000 999.999 0.456 999.999 0.999   2.604 0.000 0.026 0.000  0.240 0.000
150.333333 151.333333  122.85 0.000  1.08 0.000 9.999 0.259000 9.99 0.259000  0.033 0.000  1.090 0.000  1.526 0.000  11.406 0.000   7.162 0.000   4.244 0.000 0.050 0.000  0.181 0.000
153.333333 154.333333   79.86 0.000  0.33 0.000 9.999 0.259000 9.99 0.259000  0.013 0.000  0.145 0.000  0.203 0.000  15.743 0.000  13.595 0.000   2.149 0.000 0.026 0.000  0.122 0.000
156.333333 157.333333   44.87 0.000  0.72 0.000 9.999 0.259000 0.21 0.000000  0.025 0.000  0.315 0.000  0.441 0.000   7.459 0.000   5.124 0.000   2.335 0.000 0.020 0.000  0.178 0.000
159.333333 160.333333   18.30 0.000  0.84 0.000 9.999 0.259000 9.99 0.259000  0.028 0.000  0.329 0.000  0.461 0.000   6.011 0.000   4.192 0.000   1.820 0.000 0.015 0.000  0.140 0.000
162.333333 163.333333   67.06 0.000  0.32 0.000 9.999 0.259000 9.99 0.259000  0.030 0.000  0.106 0.000  0.149 0.000  23.842 0.000  21.256 0.000   2.586 0.000 0.027 0.000  0.148 0.000
165.333333 166.333333  159.03 0.000  0.48 0.000 9.999 0.259000 9.99 0.259000  0.028 0.000  0.270 0.000  0.377 0.000  25.694 0.000  21.853 0.000   3.842 0.000 0.049 0.000  0.172 0.000
168.333333 169.333333   37.98 0.000  0.45 0.000 9.999 0.259000 0.14 0.000000  0.066 0.000  0.484 0.000  0.677 0.000   9.489 0.000   5.471 0.000   4.019 0.000 0.025 0.000  0.426 0.000
171.333333 172.333333  390.57 0.559  1.22 0.559 9.999 0.559259 0.21 0.559000  0.042 0.000  1.587 0.000  2.222 0.000  67.580 0.000  56.815 0.000  10.766 0.559 0.131 0.559  0.385 0.000
174.333333 175.333333   23.31 0.000  0.78 0.000 9.999 0.259000 9.99 0.259000  0.033 0.000  0.436 0.000  0.610 0.000   5.199 0.000   2.719 0.000   2.480 0.000 0.018 0.000  0.237 0.000
177.333333 178.333333   73.77 0.000  0.54 0.000 9.999 0.259000 0.25 0.000000  0.077 0.000  1.192 0.000  1.669 0.000   9.017 0.000   4.439 0.000   4.578 0.000 0.025 0.000  0.197 0.000
180.333333 181.333333  167.19 0.000  2.00 0.000 9.999 0.259000 0.15 0.000000  0.066 0.000  1.930 0.000  2.702 0.000  37.958 0.000  28.199 0.000   9.759 0.000 0.084 0.000  0.757 0.000
183.333333 184.333333  104.45 0.559  1.08 0.559 9.999 0.559259 9.99 0.559259  0.042 0.559  2.168 0.000  3.035 0.000  16.128 0.000   7.790 0.000   8.338 0.559 0.062 0.559  0.575 0.559
186.333333 187.333333  311.88 0.000  2.70 0.000 9.999 0.259000 9.99 0.259000  0.107 0.000  1.098 0.000  1.537 0.000  74.280 0.000  63.723 0.000  10.557 0.000 0.161 0.000  0.704 0.000
189.333333 190.333333  139.67 0.000  1.18 0.000 9.999 0.259000 9.99 0.259000  0.046 0.000  1.289 0.000  1.804 0.000  25.619 0.000  17.802 0.000   7.816 0.000 0.064 0.000  0.666 0.000
192.333333 193.333333  127.39 0.000  0.94 0.000 9.999 0.259000 0.20 0.000000  0.134 0.000  1.377 0.000  1.928 0.000  22.135 0.000  15.476 0.000   6.659 0.000 0.100 0.000  0.348 0.000
195.333333 196.333333  108.45 0.000  0.70 0.000 9.999 0.259000 9.99 0.259000  0.020 0.000  0.309 0.000  0.432 0.000  25.705 0.000  21.940 0.000   3.765 0.000 0.033 0.000  0.392 0.000
198.333333 199.333333   75.39 0.000  0.40 0.000 9.999 0.259000 0.25 0.000000  0.014 0.000  0.247 0.000  0.346 0.000   8.370 0.000   5.466 0.000   2.904 0.000 0.022 0.000  0.146 0.000
201.333333 202.333333   81.69 0.000  1.94 0.000 9.999 0.259000 9.99 0.259000  0.033 0.000  1.155 0.000  1.617 0.000  28.904 0.000  21.509 0.000   7.395 0.000 0.072 0.000  0.858 0.000
204.333333 205.333333  337.42 0.559  0.92 0.559 9.999 0.559259 9.99 0.559259  0.025 0.000  1.420 0.000  1.988 0.000  85.091 0.000  74.939 0.000  10.151 0.559 0.114 0.559  0.473 0.000
207.333333 208.333333  115.86 0.000  0.59 0.000 9.999 0.259000 0.28 0.000000  0.084 0.000  1.872 0.000  2.621 0.000  27.087 0.000  21.803 0.000   5.284 0.000 0.044 0.000  0.402 0.000
210.333333 211.333333   72.48 0.000  0.62 0.000 9.999 0.259000 9.99 0.259000  0.025 0.000  0.953 0.000  1.334 0.000  21.197 0.000  16.759 0.000   4.438 0.000 0.029 0.000  0.387 0.000
213.333333 214.333333   73.13 0.000  1.21 0.000 9.999 0.259000 9.99 0.259000  0.060 0.000  1.670 0.000  2.338 0.000  11.344 0.000   5.775 0.000   5.568 0.000 0.113 0.000  0.224 0.000
216.333333 217.333333   62.44 0.000  0.69 0.000 9.999 0.259000 9.99 0.259000  0.027 0.000  1.043 0.000  1.460 0.000   7.849 0.000   4.269 0.000   3.579 0.000 0.023 0.000  0.234 0.000
219.333333 220.333333  158.91 0.000  0.69 0.000 9.999 0.259000 9.99 0.259000  0.048 0.000  1.797 0.000  2.515 0.000  22.606 0.000  16.324 0.000   6.282 0.000 0.052 0.000  0.295 0.000
222.333333 223.333333   88.06 0.000  1.27 0.000 9.999 0.259000 0.42 0.000000  0.091 0.000  3.155 0.000  4.416 0.000  18.591 0.000   8.758 0.000   9.833 0.000 0.056 0.000  0.678 0.000
225.333333 226.333333   95.09 0.699  1.36 0.699 9.999 0.699259 0.32 0.699000  0.051 0.559  4.920 0.000  6.887 0.000  20.998 0.000   6.192 0.000  14.805 0.699 0.058 0.699  1.086 0.559
228.333333 229.333333  316.28 0.000  1.04 0.000 9.999 0.259000 9.99 0.259000  0.046 0.000  1.516 0.000  2.122 0.000  61.404 0.000  52.239 0.000   9.164 0.000 0.101 0.000  0.491 0.000
231.333333 232.333333   90.30 0.000  0.95 0.000 9.999 0.259000 9.99 0.259000  0.056 0.559  1.059 0.000  1.483 0.000  23.960 0.000  17.393 0.000   6.567 0.000 0.042 0.000  0.827 0.559
234.333333 235.333333   60.49 0.000  0.33 0.000 9.999 0.259000 0.13 0.000000  0.039 0.559  0.469 0.000  0.656 0.000   8.789 0.000   6.130 0.000   2.659 0.000 0.022 0.000  0.205 0.559
237.333333 238.333333   93.49 0.000  0.92 0.000 9.999 0.259000 9.99 0.259000  0.055 0.000  1.927 0.000  2.697 0.000  16.529 0.000   9.929 0.000   6.600 0.000 0.036 0.000  0.475 0.000
240.333333 241.333333   84.76 0.000  0.89 0.000 9.999 0.259000 0.21 0.000000  0.035 0.000  1.464 0.000  2.050 0.000  13.085 0.000   5.618 0.000   7.467 0.000 0.034 0.000  0.752 0.000
243.333333 244.333333   35.39 0.000  0.64 0.000 9.999 0.259000 9.99 0.259000  0.030 0.000  0.747 0.000  1.046 0.000   6.276 0.000   3.800 0.000   2.476 0.000 0.018 0.000  0.182 0.000
246.333333 247.333333   62.86 0.000  0.73 0.000 9.999 0.259000 9.99 0.259000  0.069 0.000  0.818 0.000  1.145 0.000  16.339 0.000  12.242 0.000   4.097 0.000 0.031 0.000  0.414 0.000
249.333333 250.333333   93.61 0.000  0.23 0.000 9.999 0.259000 0.28 0.000000  0.029 0.000  0.617 0.000  0.864 0.000   9.090 0.000   5.350 0.000   3.739 0.000 0.038 0.000  0.348 0.000
252.333333 253.333333   81.72 0.000  1.41 0.000 9.999 0.259000 0.13 0.000000  0.063 0.000  1.971 0.000  2.759 0.000  16.204 0.000   9.945 0.000   6.259 0.000 0.039 0.000  0.457 0.000
255.333333 256.333333  128.50 0.000  1.30 0.000 9.999 0.259000 0.33 0.000000  0.053 0.000  2.404 0.000  3.365 0.000  20.255 0.000  12.673 0.000   7.581 0.000 0.053 0.000  0.316 0.000
258.333333 259.333333  143.65 0.000  1.17 0.000 9.999 0.259000 0.24 0.000000  0.039 0.000  2.118 0.000  2.965 0.000  30.382 0.000  21.851 0.000   8.531 0.000 0.062 0.000  0.664 0.000
