scripts/IMPROVE-2019_partial/data/US0098R.20130101080000.20191216000000.filterpack...52w.3d.US03L_filterpack_US0098.US03L_IMPROVE_Davis.lev2.nas
52 1001
MISSING INFORMATION
US03L, IMPROVE, , , , , , , 
MISSING INFORMATION
IMPROVE sel_HTAP
1 1
2013 01 01 2019 12 16
3.000000
days from file reference point
5
1 1 1 1 1
999.999999 999.999 9.999 999.999 9.999
end_time of measurement, days from the file reference point
pm10_mass, ug/m3, Matrix=pm10
numflag pm10_mass, no unit, Matrix=pm10
pm25_mass, ug/m3, Matrix=pm25
numflag pm25_mass, no unit, Matrix=pm25
0
33
Data definition:              EBAS_1.1
Set type code:                TU
Timezone:                     UTC
File name:                    US0098R.20130101080000.20191216000000.filterpack...52w.3d.US03L_filterpack_US0098.US03L_IMPROVE_Davis.lev2.nas
File creation:                20191218120209
Startdate:                    20130101080000
Revision date:                20191216000000
Version:                      2
Version description:          "Data extracted from http://views.cira.colostate.edu/fed/DataWizard 2019-12-16"
Statistics:                   arithmetic mean
Data level:                   2
Period code:                  52w
Resolution code:              3d
Sample duration:              1d
Orig. time res.:              3d
Station code:                 US0098R
Platform code:                US0098S
Station name:                 Point Reyes National Seashore
Station latitude:             38.1224
Station longitude:            -122.9085
Station altitude:             97.0 m
Regime:                       IMG
Component:                    
Unit:                         ug/m3
Matrix:                       
Laboratory code:              US03L
Instrument type:              filterpack
Instrument name:              filterpack_US0098
Method ref:                   US03L_IMPROVE_Davis
Blank correction:             Blank corrected
Volume std. temperature:      ambient
Volume std. pressure:         ambient
starttime endtime PM10 flag_PM10 PM2.5 flag_PM2.5
  0.333333   1.333333   5.545 0.000   3.023 0.000
  3.333333   4.333333   5.648 0.000   4.364 0.000
  6.333333   7.333333  18.167 0.000   5.868 0.000
  9.333333  10.333333  10.107 0.000   2.656 0.000
 12.333333  13.333333   7.111 0.000   2.535 0.000
 15.333333  16.333333  15.994 0.000  11.810 0.000
 18.333333  19.333333   5.756 0.000   3.117 0.000
 21.333333  22.333333  12.600 0.000   8.705 0.000
 24.333333  25.333333 999.999 0.999 999.999 0.456
 27.333333  28.333333  10.247 0.000   3.955 0.000
 30.333333  31.333333 999.999 0.999 999.999 0.999
 33.333333  34.333333  18.351 0.000   7.590 0.000
 36.333333  37.333333  15.082 0.000   5.841 0.000
 39.333333  40.333333  16.103 0.000   4.465 0.000
 42.333333  43.333333  12.510 0.000   6.332 0.000
 45.333333  46.333333  10.142 0.000   3.356 0.000
 48.333333  49.333333  12.089 0.000   4.583 0.000
 51.333333  52.333333  14.613 0.000   5.815 0.000
 54.333333  55.333333  18.265 0.000   7.493 0.000
 57.333333  58.333333  18.231 0.000   6.710 0.000
 60.333333  61.333333  13.376 0.000   6.308 0.000
 63.333333  64.333333   7.912 0.000   3.415 0.000
 66.333333  67.333333  12.153 0.000   5.051 0.000
 69.333333  70.333333   9.720 0.000   5.053 0.000
 72.333333  73.333333   5.404 0.000   2.321 0.000
 75.333333  76.333333  17.057 0.000   7.080 0.000
 78.333333  79.333333   3.599 0.000   1.960 0.000
 81.333333  82.333333  19.263 0.000   7.829 0.000
 84.333333  85.333333   5.230 0.000   2.456 0.000
 87.333333  88.333333   3.665 0.000   2.118 0.000
 90.333333  91.333333   4.402 0.000   2.147 0.000
 93.333333  94.333333   1.304 0.000   0.765 0.000
 96.333333  97.333333  13.832 0.000   6.478 0.000
 99.333333 100.333333  22.133 0.000   9.375 0.000
102.333333 103.333333  24.097 0.000  11.416 0.000
105.333333 106.333333  19.507 0.000   7.564 0.000
108.333333 109.333333  20.584 0.000   9.381 0.000
111.333333 112.333333  23.171 0.000  10.161 0.000
114.333333 115.333333   8.589 0.000   3.828 0.000
117.333333 118.333333  22.187 0.000   8.802 0.000
120.333333 121.333333 999.999 0.999 999.999 0.999
123.333333 124.333333  25.039 0.000  13.942 0.000
126.333333 127.333333  17.243 0.000   7.305 0.000
129.333333 130.333333   7.172 0.000   4.133 0.000
132.333333 133.333333   7.942 0.000   3.625 0.000
135.333333 136.333333   3.427 0.000   2.185 0.000
138.333333 139.333333  23.102 0.000   9.819 0.000
141.333333 142.333333 999.999 0.999 999.999 0.999
144.333333 145.333333  14.278 0.000   6.892 0.000
147.333333 148.333333   2.939 0.000   1.758 0.000
150.333333 151.333333  32.869 0.000  12.714 0.000
153.333333 154.333333   7.028 0.000   3.716 0.000
156.333333 157.333333   3.598 0.000   1.894 0.000
159.333333 160.333333   2.194 0.000   1.411 0.000
162.333333 163.333333  30.442 0.000  14.975 0.000
165.333333 166.333333  23.402 0.000  12.291 0.000
168.333333 169.333333  11.338 0.000   5.958 0.000
171.333333 172.333333  24.607 0.000  12.496 0.000
174.333333 175.333333   1.365 0.000   0.766 0.000
177.333333 178.333333   5.732 0.000   1.952 0.000
180.333333 181.333333  21.130 0.000   9.509 0.000
183.333333 184.333333  20.050 0.000   8.414 0.000
186.333333 187.333333  36.873 0.000  18.726 0.000
189.333333 190.333333 999.999 0.456   1.425 0.000
192.333333 193.333333 999.999 0.456  14.400 0.000
195.333333 196.333333 999.999 0.456   2.334 0.000
198.333333 199.333333  15.783 0.000   7.536 0.000
201.333333 202.333333  13.680 0.000   7.105 0.000
204.333333 205.333333 999.999 0.456   1.021 0.000
207.333333 208.333333 999.999 0.456   2.173 0.000
210.333333 211.333333 999.999 0.456  14.691 0.000
213.333333 214.333333  13.182 0.000   5.870 0.000
216.333333 217.333333   2.462 0.000   1.760 0.000
219.333333 220.333333   1.566 0.000   0.863 0.000
222.333333 223.333333   1.245 0.000   0.894 0.000
225.333333 226.333333   7.725 0.000   3.542 0.000
228.333333 229.333333  11.824 0.000   5.174 0.000
231.333333 232.333333   4.729 0.000   3.290 0.000
234.333333 235.333333   7.435 0.000   3.717 0.000
237.333333 238.333333   3.340 0.000   2.323 0.000
240.333333 241.333333   0.739 0.000   0.274 0.000
243.333333 244.333333   2.391 0.000   1.803 0.000
246.333333 247.333333   8.697 0.000   3.659 0.000
249.333333 250.333333  22.213 0.000   8.638 0.000
252.333333 253.333333   3.410 0.000   1.986 0.000
255.333333 256.333333   2.933 0.000   1.347 0.000
258.333333 259.333333   8.068 0.000   3.467 0.000
261.333333 262.333333  15.959 0.000   5.552 0.000
264.333333 265.333333   8.313 0.000   2.502 0.000
267.333333 268.333333 999.999 0.999 999.999 0.999
270.333333 271.333333  11.818 0.000   3.487 0.000
273.333333 274.333333  28.185 0.000  10.357 0.000
276.333333 277.333333 999.999 0.999 999.999 0.999
279.333333 280.333333 999.999 0.999 999.999 0.999
282.333333 283.333333 999.999 0.999 999.999 0.999
285.333333 286.333333 999.999 0.999 999.999 0.999
288.333333 289.333333 999.999 0.999 999.999 0.999
291.333333 292.333333   3.083 0.000   2.087 0.000
294.333333 295.333333   2.194 0.000   1.607 0.000
297.333333 298.333333   8.412 0.000   4.121 0.000
300.333333 301.333333  21.839 0.000   9.746 0.000
303.333333 304.333333  14.333 0.000   5.553 0.000
306.333333 307.333333  23.220 0.000   6.946 0.000
309.333333 310.333333  27.147 0.000   6.855 0.000
312.333333 313.333333  14.307 0.000   5.842 0.000
315.333333 316.333333  13.711 0.000   3.953 0.000
318.333333 319.333333  19.707 0.000   7.889 0.000
321.333333 322.333333   8.440 0.000   2.905 0.000
324.333333 325.333333  14.873 0.000   4.275 0.000
327.333333 328.333333   8.942 0.000   3.550 0.000
330.333333 331.333333 999.999 0.999 999.999 0.999
333.333333 334.333333  10.317 0.000   6.003 0.000
336.333333 337.333333  14.299 0.000   4.025 0.000
339.333333 340.333333   7.871 0.000   3.027 0.000
342.333333 343.333333   7.095 0.000   3.249 0.000
345.333333 346.333333  13.112 0.000   8.588 0.000
348.333333 349.333333  20.335 0.000  13.454 0.000
351.333333 352.333333 999.999 0.999 999.999 0.999
354.333333 355.333333  10.849 0.000   4.508 0.000
357.333333 358.333333  19.416 0.000   9.893 0.000
360.333333 361.333333  17.586 0.000   9.854 0.000
363.333333 364.333333  27.370 0.000  18.655 0.000
