scripts/IMPROVE-2019_partial/data/US0083R.20050101080000.20191216000000.filterpack..pm25.52w.1w.US03L_filterpack_US0083.US03L_IMPROVE_Davis.lev2.nas
64 1001
MISSING INFORMATION
US03L, IMPROVE, , , , , , , 
MISSING INFORMATION
IMPROVE sel_HTAP
1 1
2005 01 01 2019 12 16
3.000000
days from file reference point
25
1 1 1 1 1 1 1 1 1 1 1 1 1 1 1 1 1 1 1 1 1 1 1 1 1
999.999999 9999.99 9.999 99.99 9.999 9.999 9.999 99.99 9.999 99.999 9.999 99.999 9.999 99.999 9.999 999.999 9.999 999.999 9.999 999.999 9.999 9.999 9.999 99.999 9.999
end_time of measurement, days from the file reference point
iron, ng/m3, Revision date=20181210133000
numflag iron, no unit, Revision date=20181210133000
lead, ng/m3, Revision date=20181210133000
numflag lead, no unit, Revision date=20181210133000
magnesium, ug/m3, Revision date=20181210133000
numflag magnesium, no unit, Revision date=20181210133000
nickel, ng/m3, Revision date=20181210133000
numflag nickel, no unit, Revision date=20181210133000
nitrate, ug N/m3, Revision date=20181210133000
numflag nitrate, no unit, Revision date=20181210133000
organic_carbon, ug C/m3, Revision date=20181210133000
numflag organic_carbon, no unit, Revision date=20181210133000
organic_mass, ug/m3, Revision date=20181210133000
numflag organic_mass, no unit, Revision date=20181210133000
pm10_mass, ug/m3, Version=2, Version description=Data extracted from http://views.cira.colostate.edu/fed/DataWizard 2019-12-16, Sample duration=1d, Orig. time res.=3d, Matrix=pm10, Blank correction=Blank corrected, Volume std. temperature=ambient, Volume std. pressure=ambient
numflag pm10_mass, no unit, Version=2, Version description=Data extracted from http://views.cira.colostate.edu/fed/DataWizard 2019-12-16, Sample duration=1d, Orig. time res.=3d, Matrix=pm10, Blank correction=Blank corrected, Volume std. temperature=ambient, Volume std. pressure=ambient
pm10_pm25_mass, ug/m3, Revision date=20181210133000, Matrix=pm10_pm25
numflag pm10_pm25_mass, no unit, Revision date=20181210133000, Matrix=pm10_pm25
pm25_mass, ug/m3, Version=2, Version description=Data extracted from http://views.cira.colostate.edu/fed/DataWizard 2019-12-16, Sample duration=1d, Orig. time res.=3d, Blank correction=Blank corrected, Volume std. temperature=ambient, Volume std. pressure=ambient
numflag pm25_mass, no unit, Version=2, Version description=Data extracted from http://views.cira.colostate.edu/fed/DataWizard 2019-12-16, Sample duration=1d, Orig. time res.=3d, Blank correction=Blank corrected, Volume std. temperature=ambient, Volume std. pressure=ambient
potassium, ug/m3, Revision date=20181210133000
numflag potassium, no unit, Revision date=20181210133000
sulphate_total, ug S/m3, Revision date=20181210133000
numflag sulphate_total, no unit, Revision date=20181210133000
0
25
Data definition:              EBAS_1.1
Set type code:                TU
Timezone:                     UTC
File name:                    US0083R.20050101080000.20191216000000.filterpack..pm25.52w.1w.US03L_filterpack_US0083.US03L_IMPROVE_Davis.lev2.nas
File creation:                20191218120103
Startdate:                    20050101080000
Revision date:                20191216000000
Statistics:                   arithmetic mean
Data level:                   2
Period code:                  52w
Resolution code:              1w
Station code:                 US0083R
Platform code:                US0083S
Station name:                 Columbia River Gorge
Station latitude:             45.6644
Station longitude:            -121.0008
Station altitude:             178.0 m
Regime:                       IMG
Component:                    
Matrix:                       pm25
Laboratory code:              US03L
Instrument type:              filterpack
Instrument name:              filterpack_US0083
Method ref:                   US03L_IMPROVE_Davis
starttime endtime Fe flag_Fe Pb flag_Pb Mg++ flag_Mg++ Ni flag_Ni NO3- flag_NO3- OC flag_OC OM flag_OM PM10 flag_PM10 PM10-PM2.5 flag_PM10-PM2.5 PM2.5 flag_PM2.5 K+ flag_K+ SO4-- flag_SO4--
[from data line 90]
270.333333 271.333333  307.68 0.000  1.05 0.000 9.999 0.259  0.65 0.000  0.036 0.000  0.810 0.000  1.458 0.000  38.692 0.000  32.353 0.000   5.995 0.000 0.075 0.000  0.172 0.000
273.333333 274.333333   75.13 0.000  0.47 0.000 0.013 0.000  0.50 0.000  0.063 0.000  0.452 0.000  0.813 0.000   9.117 0.000   5.516 0.000   3.542 0.000 0.032 0.000  0.190 0.000
276.333333 277.333333  107.45 0.000  0.74 0.000 9.999 0.259  0.49 0.000  0.043 0.000  0.741 0.000  1.335 0.000   5.438 0.000   2.429 0.000   3.021 0.000 0.041 0.000  0.073 0.000
279.333333 280.333333   86.90 0.000  0.52 0.000 0.018 0.000  0.39 0.000  0.105 0.000  0.784 0.000  1.412 0.000  28.462 0.000  23.915 0.000   4.293 0.000 0.040 0.000  0.215 0.000
282.333333 283.333333  119.35 0.000  0.91 0.000 0.019 0.000  0.28 0.000  0.137 0.000  1.559 0.000  2.806 0.000  10.609 0.000   5.959 0.000   4.586 0.000 0.035 0.000  0.137 0.000
285.333333 286.333333 9999.99 0.999 99.99 0.999 9.999 0.999 99.99 0.999 99.999 0.999 99.999 0.999 99.999 0.999 999.999 0.999 999.999 0.999 999.999 0.999 9.999 0.999 99.999 0.999
288.333333 289.333333 9999.99 0.999 99.99 0.999 9.999 0.999 99.99 0.999 99.999 0.999 99.999 0.999 99.999 0.999 999.999 0.999 999.999 0.999 999.999 0.999 9.999 0.999 99.999 0.999
291.333333 292.333333  115.70 0.000  1.12 0.000 9.999 0.259  0.23 0.000  0.037 0.000  1.288 0.000  2.318 0.000  20.298 0.000  15.999 0.000   4.300 0.000 0.061 0.000  0.146 0.000
294.333333 295.333333  146.56 0.000  1.01 0.000 9.999 0.259  0.20 0.000  0.260 0.000  2.011 0.000  3.621 0.000  13.585 0.000   7.369 0.000   6.216 0.000 0.043 0.000  0.230 0.000
297.333333 298.333333  151.50 0.000  1.08 0.000 9.999 0.259 99.99 0.259  0.482 0.000  4.191 0.000  7.544 0.000  19.554 0.000   8.235 0.000  11.423 0.000 0.080 0.000  0.357 0.000
300.333333 301.333333   73.53 0.000  0.84 0.000 9.999 0.259 99.99 0.259  0.164 0.000  2.853 0.000  5.135 0.000  16.273 0.000   9.788 0.000   6.485 0.000 0.069 0.000  0.103 0.000
303.333333 304.333333   45.54 0.000  1.35 0.000 9.999 0.259 99.99 0.259  0.093 0.000  1.562 0.000  2.811 0.000   5.635 0.000   1.936 0.000   3.699 0.000 0.034 0.000  0.110 0.000
306.333333 307.333333   52.35 0.000  0.56 0.000 9.999 0.259  0.15 0.000  0.069 0.000  2.281 0.000  4.105 0.000   8.889 0.000   3.122 0.000   5.767 0.000 0.081 0.000  0.134 0.000
309.333333 310.333333   34.27 0.000  0.44 0.000 9.999 0.259 99.99 0.259  0.032 0.000  0.583 0.000  1.049 0.000   3.127 0.000   1.203 0.000   1.924 0.000 0.016 0.000  0.093 0.000
312.333333 313.333333  114.62 0.000  1.73 0.000 9.999 0.259  0.18 0.000  0.243 0.000  2.203 0.000  3.966 0.000  25.534 0.000  19.830 0.000   5.703 0.000 0.035 0.000  0.136 0.000
315.333333 316.333333   71.01 0.000  0.36 0.000 0.020 0.000 99.99 0.259  0.055 0.000  0.757 0.000  1.363 0.000   3.222 0.000   0.913 0.000   2.309 0.000 0.022 0.000  0.043 0.000
318.333333 319.333333  148.16 0.000  1.09 0.000 9.999 0.259 99.99 0.259  0.187 0.000  5.320 0.000  9.576 0.000   8.427 0.000   3.020 0.000   5.444 0.000 0.060 0.000  0.109 0.000
321.333333 322.333333  129.32 0.000  1.92 0.000 9.999 0.259  0.26 0.000  1.383 0.000  3.464 0.000  6.236 0.000  28.999 0.000  14.718 0.000  14.281 0.000 0.079 0.000  0.449 0.000
324.333333 325.333333   47.71 0.000  1.56 0.000 9.999 0.259  0.39 0.000  0.280 0.000  0.752 0.000  1.353 0.000   2.647 0.000   0.613 0.000   2.034 0.000 0.019 0.000  0.079 0.000
327.333333 328.333333   74.94 0.000  0.47 0.000 9.999 0.259 99.99 0.259  0.412 0.000  0.408 0.000  0.734 0.000   5.085 0.000   2.923 0.000   2.162 0.000 0.017 0.000  0.089 0.000
330.333333 331.333333   61.69 0.000  1.07 0.000 9.999 0.259  0.24 0.000  0.095 0.000  1.033 0.000  1.859 0.000   6.450 0.000   3.018 0.000   3.432 0.000 0.030 0.000  0.128 0.000
333.333333 334.333333   77.95 0.000  0.43 0.000 9.999 0.259 99.99 0.259  0.068 0.000  0.973 0.000  1.752 0.000   6.847 0.000   3.881 0.000   2.966 0.000 0.027 0.000  0.071 0.000
336.333333 337.333333   22.33 0.000  0.37 0.000 9.999 0.259 99.99 0.259  0.039 0.000  0.393 0.000  0.708 0.000   2.313 0.000   0.962 0.000   1.351 0.000 0.013 0.000  0.060 0.000
339.333333 340.333333   52.37 0.000  1.63 0.000 9.999 0.259  0.20 0.000  0.686 0.000  0.947 0.000  1.705 0.000   5.927 0.000   0.715 0.000   5.213 0.000 0.025 0.000  0.193 0.000
342.333333 343.333333  100.80 0.000  1.33 0.000 9.999 0.259  0.26 0.000  1.315 0.000  2.231 0.000  4.016 0.000  18.607 0.000   4.901 0.000  13.705 0.000 0.063 0.000  0.324 0.000
345.333333 346.333333   95.32 0.000  2.67 0.000 9.999 0.259  0.15 0.000  2.143 0.000  3.143 0.000  5.657 0.000  23.000 0.000   2.636 0.000  20.360 0.000 0.072 0.000  0.546 0.000
348.333333 349.333333   90.16 0.000  1.01 0.000 9.999 0.259  0.36 0.000  0.636 0.000  0.865 0.000  1.556 0.000   9.640 0.000   3.491 0.000   6.149 0.000 0.034 0.000  0.225 0.000
351.333333 352.333333   60.21 0.000  1.38 0.000 9.999 0.259  0.39 0.000  0.600 0.000  1.496 0.000  2.692 0.000  10.218 0.000   3.167 0.000   7.051 0.000 0.043 0.000  0.288 0.000
354.333333 355.333333   64.78 0.000  0.86 0.000 9.999 0.259 99.99 0.259  0.479 0.000  1.464 0.000  2.635 0.000   6.017 0.000   0.714 0.000   5.303 0.000 0.033 0.000  0.298 0.000
357.333333 358.333333   49.99 0.000  0.42 0.000 9.999 0.259 99.99 0.259  0.301 0.000  1.814 0.000  3.266 0.000 999.999 0.456 999.999 0.999   4.818 0.000 0.034 0.000  0.140 0.000
360.333333 361.333333   49.49 0.000  0.29 0.000 9.999 0.259 99.99 0.259  0.165 0.000  1.218 0.000  2.193 0.000   3.236 0.000   0.519 0.000   2.717 0.000 0.014 0.000  0.096 0.000
363.333333 364.333333   23.05 0.000  0.30 0.000 9.999 0.259 99.99 0.259  0.093 0.000  0.579 0.000  1.042 0.000   2.188 0.000   0.859 0.000   1.329 0.000 0.010 0.000  0.037 0.000
