scripts/IMPROVE-2019_partial/data/US0055R.20040101070000.20191216000000.filterpack..pm25.52w.1w.US03L_filterpack_US0055.US03L_IMPROVE_Davis.lev2.nas
64 1001
MISSING INFORMATION
US03L, IMPROVE, , , , , , , 
MISSING INFORMATION
IMPROVE sel_HTAP
1 1
2004 01 01 2019 12 16
3.000000
days from file reference point
25
1 1 1 1 1 1 1 1 1 1 1 1 1 1 1 1 1 1 1 1 1 1 1 1 1
999.999999 9999.99 9.999 99.99 9.999999 9.999 9.999999 9.99 9.999999 9.999 9.999 99.999 9.999 99.999 9.999 999.999 9.999 999.999 9.999 999.999 9.999 9.999 9.999 9.999 9.999
end_time of measurement, days from the file reference point
iron, ng/m3, Revision date=20181210133000
numflag iron, no unit, Revision date=20181210133000
lead, ng/m3, Revision date=20181210133000
numflag lead, no unit, Revision date=20181210133000
magnesium, ug/m3, Revision date=20181210133000
numflag magnesium, no unit, Revision date=20181210133000
nickel, ng/m3, Revision date=20181210133000
numflag nickel, no unit, Revision date=20181210133000
nitrate, ug N/m3, Revision date=20181210133000
numflag nitrate, no unit, Revision date=20181210133000
organic_carbon, ug C/m3, Revision date=20181210133000
numflag organic_carbon, no unit, Revision date=20181210133000
organic_mass, ug/m3, Revision date=20181210133000
numflag organic_mass, no unit, Revision date=20181210133000
pm10_mass, ug/m3, Version=2, Version description=Data extracted from http://views.cira.colostate.edu/fed/DataWizard 2019-12-16, Sample duration=1d, Orig. time res.=3d, Matrix=pm10, Blank correction=Blank corrected, Volume std. temperature=ambient, Volume std. pressure=ambient
numflag pm10_mass, no unit, Version=2, Version description=Data extracted from http://views.cira.colostate.edu/fed/DataWizard 2019-12-16, Sample duration=1d, Orig. time res.=3d, Matrix=pm10, Blank correction=Blank corrected, Volume std. temperature=ambient, Volume std. pressure=ambient
pm10_pm25_mass, ug/m3, Revision date=20181210133000, Matrix=pm10_pm25
numflag pm10_pm25_mass, no unit, Revision date=20181210133000, Matrix=pm10_pm25
pm25_mass, ug/m3, Version=2, Version description=Data extracted from http://views.cira.colostate.edu/fed/DataWizard 2019-12-16, Sample duration=1d, Orig. time res.=3d, Blank correction=Blank corrected, Volume std. temperature=ambient, Volume std. pressure=ambient
numflag pm25_mass, no unit, Version=2, Version description=Data extracted from http://views.cira.colostate.edu/fed/DataWizard 2019-12-16, Sample duration=1d, Orig. time res.=3d, Blank correction=Blank corrected, Volume std. temperature=ambient, Volume std. pressure=ambient
potassium, ug/m3, Revision date=20181210133000
numflag potassium, no unit, Revision date=20181210133000
sulphate_total, ug S/m3, Revision date=20181210133000
numflag sulphate_total, no unit, Revision date=20181210133000
0
25
Data definition:              EBAS_1.1
Set type code:                TU
Timezone:                     UTC
File name:                    US0055R.20040101070000.20191216000000.filterpack..pm25.52w.1w.US03L_filterpack_US0055.US03L_IMPROVE_Davis.lev2.nas
File creation:                20191218115849
Startdate:                    20040101070000
Revision date:                20191216000000
Statistics:                   arithmetic mean
Data level:                   2
Period code:                  52w
Resolution code:              1w
Station code:                 US0055R
Platform code:                US0055S
Station name:                 Cabinet Mountains
Station latitude:             47.9549
Station longitude:            -115.6709
Station altitude:             1441.0 m
Regime:                       IMG
Component:                    
Matrix:                       pm25
Laboratory code:              US03L
Instrument type:              filterpack
Instrument name:              filterpack_US0055
Method ref:                   US03L_IMPROVE_Davis
starttime endtime Fe flag_Fe Pb flag_Pb Mg++ flag_Mg++ Ni flag_Ni NO3- flag_NO3- OC flag_OC OM flag_OM PM10 flag_PM10 PM10-PM2.5 flag_PM10-PM2.5 PM2.5 flag_PM2.5 K+ flag_K+ SO4-- flag_SO4--
  0.291667   1.291667    2.33 0.559  0.42 0.559000 9.999 0.559259 9.99 0.559259 0.008 0.000  0.252 0.000  0.352 0.000   2.522 0.000   0.549 0.000   1.973 0.559 0.009 0.559 0.072 0.000
  3.291667   4.291667    3.06 0.559  0.24 0.559000 9.999 0.559259 0.06 0.559000 0.045 0.559  0.694 0.000  0.972 0.000   3.620 0.000   0.633 0.000   2.987 0.559 0.017 0.559 0.160 0.559
  6.291667   7.291667    1.42 0.559  0.40 0.559000 9.999 0.559259 9.99 0.559259 0.015 0.000  0.337 0.000  0.471 0.000   1.230 0.000   0.139 0.000   1.091 0.559 0.010 0.559 0.106 0.000
  9.291667  10.291667    1.82 0.559  0.24 0.559000 0.029 0.559000 9.99 0.559259 0.021 0.000  0.317 0.000  0.444 0.000   0.972 0.000   0.130 0.000   0.842 0.559 0.008 0.559 0.045 0.000
 12.291667  13.291667    4.93 0.559  0.30 0.559000 9.999 0.559259 9.99 0.559259 0.022 0.559  0.560 0.000  0.784 0.000   1.809 0.000   0.416 0.000   1.393 0.559 0.011 0.559 0.091 0.559
 15.291667  16.291667    0.20 0.559  0.19 0.559000 9.999 0.559259 0.10 0.559000 0.002 0.559  0.042 0.000  0.059 0.000   0.434 0.000   0.038 0.000   0.396 0.559 0.002 0.559 0.024 0.559
 18.291667  19.291667    0.55 0.559 99.99 0.559259 9.999 0.559259 0.09 0.559000 0.002 0.559  0.091 0.000  0.128 0.000   0.398 0.000   0.003 0.000   0.395 0.559 0.003 0.559 0.012 0.559
 21.291667  22.291667    0.92 0.559  0.22 0.559000 9.999 0.559259 0.10 0.559000 0.006 0.559  0.178 0.000  0.249 0.000   0.904 0.000   0.103 0.000   0.801 0.559 0.003 0.559 0.029 0.559
 24.291667  25.291667    0.76 0.559  0.18 0.559000 9.999 0.559259 9.99 0.559259 0.025 0.559  0.116 0.000  0.162 0.000   0.804 0.000   0.091 0.000   0.713 0.559 0.005 0.559 0.049 0.559
 27.291667  28.291667    0.63 0.559  0.11 0.559000 9.999 0.559259 0.14 0.559000 0.021 0.559 99.999 0.259 99.999 0.259   0.151 0.000   0.042 0.000   0.109 0.559 0.003 0.559 0.028 0.559
 30.291667  31.291667    1.15 0.559  0.19 0.559000 9.999 0.559259 9.99 0.559259 0.035 0.559  0.071 0.000  0.099 0.000   0.776 0.000   0.400 0.000   0.375 0.559 0.025 0.559 0.042 0.559
 33.291667  34.291667    4.02 0.559  0.34 0.559000 9.999 0.559259 0.15 0.559000 0.021 0.559  0.591 0.000  0.827 0.000   2.072 0.000   0.849 0.000   1.224 0.559 0.012 0.559 0.063 0.559
 36.291667  37.291667    1.46 0.559  0.31 0.559000 9.999 0.559259 9.99 0.559259 0.005 0.559  0.256 0.000  0.359 0.000   1.757 0.559   0.988 0.000   0.769 0.559 0.004 0.559 0.063 0.559
 39.291667  40.291667    1.79 0.559  0.75 0.559000 9.999 0.559259 9.99 0.559259 0.050 0.559  0.475 0.000  0.665 0.000   1.068 0.000   0.303 0.000   0.766 0.559 0.007 0.559 0.084 0.559
 42.291667  43.291667    3.39 0.559  0.39 0.559000 9.999 0.559259 9.99 0.559259 0.008 0.559  0.665 0.000  0.930 0.000   1.797 0.000   0.319 0.000   1.479 0.559 0.008 0.559 0.126 0.559
 45.291667  46.291667    1.90 0.559  0.38 0.559000 9.999 0.559259 9.99 0.559259 0.055 0.559  0.353 0.000  0.495 0.000   1.199 0.000   0.233 0.000   0.965 0.559 0.006 0.559 0.096 0.559
 48.291667  49.291667    0.63 0.559  0.18 0.559000 9.999 0.559259 9.99 0.559259 0.003 0.000  0.139 0.000  0.194 0.000   0.123 0.000   0.019 0.000   0.104 0.559 0.003 0.559 0.009 0.000
 51.291667  52.291667    3.25 0.559  1.27 0.559000 9.999 0.559259 9.99 0.559259 0.014 0.000  0.323 0.000  0.452 0.000   1.315 0.000   0.048 0.000   1.267 0.559 0.008 0.559 0.132 0.000
 54.291667  55.291667    2.42 0.559  0.55 0.559000 9.999 0.559259 9.99 0.559259 0.011 0.000  0.541 0.000  0.758 0.000   1.536 0.000   0.256 0.000   1.281 0.559 0.009 0.559 0.096 0.000
 57.291667  58.291667   10.26 0.559  0.62 0.559000 9.999 0.559259 0.37 0.559000 0.009 0.000  0.093 0.000  0.131 0.000   0.624 0.000   0.021 0.000   0.603 0.559 0.009 0.559 0.038 0.000
 60.291667  61.291667    2.63 0.559  0.40 0.559000 9.999 0.559259 9.99 0.559259 0.018 0.559  0.541 0.000  0.757 0.000   1.405 0.000   0.186 0.000   1.219 0.559 0.005 0.559 0.077 0.559
 63.291667  64.291667    3.20 0.559 99.99 0.559259 9.999 0.559259 9.99 0.559259 0.036 0.559  0.167 0.000  0.234 0.000   0.699 0.000   0.160 0.000   0.538 0.559 0.004 0.559 0.049 0.559
 66.291667  67.291667   22.01 0.559  2.60 0.559000 9.999 0.559259 9.99 0.559259 0.042 0.559  0.210 0.000  0.293 0.000   4.506 0.000   1.869 0.000   2.637 0.559 0.029 0.559 0.356 0.559
 69.291667  70.291667   12.56 0.559  1.31 0.559000 9.999 0.559259 9.99 0.559259 0.014 0.559  0.516 0.000  0.723 0.000   2.687 0.000   1.016 0.000   1.671 0.559 0.015 0.559 0.131 0.559
 72.291667  73.291667    3.76 0.559  0.23 0.559000 9.999 0.559259 9.99 0.559259 0.006 0.559  0.232 0.000  0.325 0.000   0.868 0.000   0.268 0.000   0.601 0.559 0.005 0.559 0.029 0.559
 75.291667  76.291667   31.34 0.559  0.98 0.559000 9.999 0.559259 9.99 0.559259 0.060 0.559  0.733 0.000  1.026 0.000   7.225 0.000   5.072 0.000   2.153 0.559 0.028 0.559 0.132 0.559
 78.291667  79.291667    9.45 0.559  0.75 0.559000 9.999 0.559259 9.99 0.559259 0.034 0.559  0.120 0.000  0.168 0.000   3.390 0.000   2.074 0.000   1.315 0.559 0.011 0.559 0.089 0.559
 81.291667  82.291667   27.54 0.559  1.48 0.559000 0.044 0.559000 9.99 0.559259 0.029 0.559  2.105 0.000  2.947 0.000   7.966 0.000   3.336 0.000   4.630 0.559 0.039 0.559 0.129 0.559
 84.291667  85.291667   31.49 0.559  0.60 0.559000 0.057 0.559000 9.99 0.559259 0.041 0.559  0.343 0.000  0.480 0.000   7.230 0.000   5.375 0.000   1.855 0.559 0.018 0.559 0.094 0.559
 87.291667  88.291667    5.43 0.559  0.43 0.559000 9.999 0.559259 9.99 0.559259 0.033 0.559  0.224 0.000  0.313 0.000   1.520 0.000   0.642 0.000   0.878 0.559 0.005 0.559 0.066 0.559
 90.291667  91.291667    5.16 0.559  0.36 0.559000 9.999 0.559259 9.99 0.559259 0.031 0.559  0.266 0.000  0.372 0.000   1.593 0.000   0.628 0.000   0.965 0.559 0.007 0.559 0.069 0.559
 93.291667  94.291667   20.46 0.559  0.83 0.559000 9.999 0.559259 0.11 0.559000 0.018 0.000  0.734 0.000  1.027 0.000   4.616 0.000   1.785 0.000   2.831 0.559 0.022 0.559 0.267 0.000
 96.291667  97.291667   46.45 0.559  1.95 0.559000 9.999 0.559259 9.99 0.559259 0.077 0.000  2.539 0.000  3.554 0.000  12.661 0.000   5.567 0.000   7.093 0.559 0.051 0.559 0.339 0.000
 99.291667 100.291667   36.46 0.559  1.11 0.559000 9.999 0.559259 0.08 0.559000 0.119 0.000  0.916 0.000  1.282 0.000   8.060 0.000   2.606 0.000   5.454 0.559 0.031 0.559 0.748 0.000
102.291667 103.291667   41.61 0.559  1.21 0.559000 9.999 0.559259 9.99 0.559259 0.020 0.559  1.404 0.000  1.966 0.000   7.651 0.000   2.798 0.000   4.853 0.559 0.037 0.559 0.413 0.559
105.291667 106.291667    6.91 0.559  0.47 0.559000 9.999 0.559259 9.99 0.559259 0.006 0.000  0.244 0.000  0.341 0.000   1.233 0.000   0.560 0.000   0.673 0.559 0.006 0.559 0.030 0.000
108.291667 109.291667    7.88 0.559  1.01 0.559000 9.999 0.559259 9.99 0.559259 0.064 0.559  0.734 0.000  1.028 0.000   2.976 0.000   0.806 0.000   2.170 0.559 0.013 0.559 0.157 0.559
111.291667 112.291667    9.90 0.559  0.51 0.559000 0.034 0.559000 9.99 0.559259 0.014 0.559  0.221 0.000  0.309 0.000   2.206 0.000   0.960 0.000   1.246 0.559 0.010 0.559 0.107 0.559
114.291667 115.291667   25.11 0.559  1.53 0.559000 9.999 0.559259 9.99 0.559259 0.037 0.559  0.621 0.000  0.869 0.000   5.547 0.000   2.950 0.000   2.598 0.559 0.027 0.559 0.226 0.559
117.291667 118.291667   83.69 0.559  3.06 0.559000 0.061 0.559000 9.99 0.559259 0.034 0.559  0.825 0.000  1.154 0.000  15.871 0.000  10.953 0.000   4.918 0.559 0.063 0.559 0.424 0.559
120.291667 121.291667   29.77 0.559  1.08 0.559000 9.999 0.559259 9.99 0.559259 0.011 0.559  0.815 0.000  1.141 0.000   5.392 0.000   2.132 0.000   3.260 0.559 0.026 0.559 0.254 0.559
123.291667 124.291667   24.28 0.559  0.78 0.559000 9.999 0.559259 0.13 0.559000 0.017 0.559  0.554 0.000  0.775 0.000   8.177 0.000   6.038 0.000   2.139 0.559 0.016 0.559 0.130 0.559
126.291667 127.291667   65.13 0.559  0.69 0.559000 9.999 0.559259 0.24 0.559000 0.024 0.559  0.598 0.000  0.837 0.000  11.858 0.000   8.943 0.000   2.916 0.559 0.031 0.559 0.114 0.559
129.291667 130.291667   12.18 0.559  0.53 0.559000 9.999 0.559259 0.16 0.559000 0.017 0.559  0.284 0.000  0.398 0.000   3.867 0.000   2.567 0.000   1.300 0.559 0.009 0.559 0.079 0.559
132.291667 133.291667   17.82 0.559  0.72 0.559000 9.999 0.559259 0.22 0.559000 0.018 0.559  0.374 0.000  0.524 0.000   3.052 0.000   1.376 0.000   1.676 0.559 0.016 0.559 0.159 0.559
135.291667 136.291667   23.41 0.559  1.51 0.559000 9.999 0.559259 9.99 0.559259 0.033 0.559  0.931 0.000  1.304 0.000   8.124 0.000   4.279 0.000   3.845 0.559 0.030 0.559 0.375 0.559
138.291667 139.291667   42.49 0.559  1.62 0.559000 9.999 0.559259 0.07 0.559000 0.022 0.559  0.787 0.000  1.102 0.000   8.430 0.000   4.361 0.000   4.069 0.559 0.039 0.559 0.411 0.559
141.291667 142.291667   11.33 0.559  0.55 0.559000 9.999 0.559259 0.08 0.559000 0.013 0.559  0.519 0.000  0.727 0.000   2.945 0.000   1.391 0.000   1.554 0.559 0.010 0.559 0.110 0.559
144.291667 145.291667    5.11 0.559  0.35 0.559000 9.999 0.559259 0.08 0.559000 0.006 0.559  0.323 0.000  0.452 0.000   2.593 0.000   1.396 0.000   1.197 0.559 0.006 0.559 0.138 0.559
147.291667 148.291667   20.19 0.559  0.72 0.559000 9.999 0.559259 0.14 0.559000 0.011 0.559  0.193 0.000  0.270 0.000   3.340 0.000   1.738 0.000   1.603 0.559 0.017 0.559 0.117 0.559
150.291667 151.291667    9.45 0.559  0.53 0.559000 9.999 0.559259 9.99 0.559259 0.012 0.559  0.148 0.000  0.208 0.000   2.769 0.000   1.726 0.000   1.043 0.559 0.007 0.559 0.067 0.559
153.291667 154.291667   24.75 0.559  0.75 0.559000 9.999 0.559259 9.99 0.559259 0.016 0.559  0.640 0.000  0.896 0.000   6.076 0.000   3.658 0.000   2.419 0.559 0.022 0.559 0.214 0.559
156.291667 157.291667   40.94 0.559  1.00 0.559000 9.999 0.559259 0.08 0.559000 0.019 0.559  1.408 0.000  1.971 0.000   9.101 0.000   4.998 0.000   4.104 0.559 0.033 0.559 0.231 0.559
159.291667 160.291667   10.60 0.559  0.29 0.559000 9.999 0.559259 0.11 0.559000 0.012 0.559  0.432 0.000  0.605 0.000   5.623 0.000   2.994 0.000   2.629 0.559 0.010 0.559 0.342 0.559
162.291667 163.291667   10.46 0.559  0.41 0.559000 9.999 0.559259 0.11 0.559000 0.037 0.559  0.479 0.000  0.671 0.000   4.062 0.000   2.433 0.000   1.628 0.559 0.010 0.559 0.137 0.559
165.291667 166.291667   20.66 0.559  0.49 0.559000 9.999 0.559259 0.15 0.559000 0.023 0.559  0.760 0.000  1.064 0.000   6.551 0.000   4.982 0.000   1.570 0.559 0.021 0.559 0.113 0.559
168.291667 169.291667   13.78 0.559 99.99 0.559259 9.999 0.559259 0.17 0.559000 0.006 0.559  0.527 0.000  0.738 0.000   5.090 0.000   3.186 0.000   1.904 0.559 0.011 0.559 0.107 0.559
171.291667 172.291667   35.47 0.000  0.34 0.000000 0.046 0.000000 0.98 0.000000 0.010 0.000  1.344 0.000  1.881 0.000   7.232 0.000   3.224 0.000   4.008 0.000 0.023 0.000 0.166 0.000
174.291667 175.291667   30.99 0.000  0.63 0.000000 9.999 0.259000 9.99 0.259000 0.012 0.559  3.127 0.000  4.377 0.000  11.452 0.000   4.055 0.000   7.397 0.000 0.036 0.000 0.177 0.559
177.291667 178.291667   19.86 0.000  0.43 0.000000 9.999 0.259000 0.12 0.000000 0.013 0.000  3.144 0.000  4.402 0.000   8.366 0.000   1.266 0.000   7.100 0.000 0.061 0.000 0.201 0.000
180.291667 181.291667   15.35 0.000  0.34 0.000000 9.999 0.259000 9.99 0.259000 0.011 0.559  1.155 0.000  1.618 0.000   4.589 0.000   1.683 0.000   2.906 0.000 0.020 0.000 0.104 0.559
183.291667 184.291667   48.35 0.000  0.60 0.000000 9.999 0.259000 0.11 0.000000 0.027 0.559  1.464 0.000  2.050 0.000  10.153 0.000   5.441 0.000   4.711 0.000 0.032 0.000 0.209 0.559
186.291667 187.291667    5.69 0.000  0.51 0.000000 0.046 0.000000 9.99 0.259000 0.011 0.000  0.703 0.000  0.985 0.000   2.640 0.000   0.988 0.000   1.652 0.000 0.031 0.000 0.049 0.000
189.291667 190.291667   22.28 0.000 99.99 0.259000 9.999 0.259000 9.99 0.259000 0.022 0.559  2.036 0.000  2.851 0.000   7.919 0.000   3.330 0.000   4.589 0.000 0.036 0.000 0.098 0.559
192.291667 193.291667   26.35 0.000  0.27 0.000000 9.999 0.259000 9.99 0.259000 0.013 0.000  1.356 0.000  1.899 0.000   7.351 0.000   3.527 0.000   3.824 0.000 0.026 0.000 0.127 0.000
195.291667 196.291667   42.49 0.000  0.32 0.000000 9.999 0.259000 0.11 0.000000 0.013 0.000  2.227 0.000  3.118 0.000   9.549 0.000   4.287 0.000   5.262 0.000 0.035 0.000 0.105 0.000
198.291667 199.291667  106.36 0.000  0.56 0.000000 0.116 0.000000 0.49 0.000000 0.018 0.000  3.090 0.000  4.326 0.000  12.401 0.000   4.154 0.000   8.246 0.000 0.087 0.000 0.190 0.000
201.291667 202.291667   34.58 0.000  0.37 0.000000 9.999 0.259000 0.22 0.000000 0.031 0.000  1.597 0.000  2.236 0.000   8.062 0.000   3.808 0.000   4.254 0.000 0.083 0.000 0.157 0.000
204.291667 205.291667   28.75 0.000  0.26 0.000000 9.999 0.259000 9.99 0.259000 0.011 0.000 99.999 0.999 99.999 0.999   7.275 0.000   1.936 0.000   5.340 0.000 0.031 0.000 0.262 0.000
207.291667 208.291667   73.87 0.000  0.73 0.000000 0.067 0.000000 0.12 0.000000 0.051 0.000 99.999 0.999 99.999 0.999  13.807 0.000   7.734 0.000   6.072 0.000 0.050 0.000 0.178 0.000
210.291667 211.291667   61.85 0.000  0.31 0.000000 0.080 0.000000 9.99 0.259000 0.013 0.000  2.790 0.000  3.906 0.000 999.999 0.456 999.999 0.999   8.284 0.000 0.086 0.000 0.084 0.000
213.291667 214.291667   72.09 0.000  0.92 0.000000 9.999 0.259000 9.99 0.259000 0.022 0.000  1.964 0.000  2.749 0.000 999.999 0.456 999.999 0.999   6.228 0.000 0.055 0.000 0.228 0.000
216.291667 217.291667   46.72 0.000 99.99 0.259000 9.999 0.259000 0.12 0.000000 0.019 0.000  1.028 0.000  1.439 0.000   5.456 0.000   1.984 0.000   3.472 0.000 0.059 0.000 0.162 0.000
219.291667 220.291667    3.66 0.000  0.19 0.000000 0.048 0.000000 9.99 0.259000 0.015 0.559  0.435 0.000  0.609 0.000   1.819 0.000   1.044 0.000   0.775 0.000 0.010 0.000 0.064 0.559
222.291667 223.291667   13.12 0.000 99.99 0.259000 9.999 0.259000 9.99 0.259000 0.010 0.559  0.999 0.000  1.398 0.000   4.402 0.000   1.421 0.000   2.981 0.000 0.014 0.000 0.242 0.559
225.291667 226.291667   47.31 0.000 99.99 0.259000 0.036 0.000000 0.17 0.000000 0.009 0.559  1.917 0.000  2.684 0.000   6.739 0.000   2.492 0.000   4.247 0.000 0.034 0.000 0.115 0.559
228.291667 229.291667   76.81 0.000  0.29 0.000000 9.999 0.259000 9.99 0.259000 0.015 0.000  3.795 0.000  5.312 0.000  13.273 0.000   4.127 0.000   9.146 0.000 0.071 0.000 0.251 0.000
231.291667 232.291667   23.81 0.000  0.25 0.000000 0.096 0.000000 9.99 0.259000 0.009 0.559  3.619 0.000  5.067 0.000   8.102 0.000   1.343 0.000   6.759 0.000 0.050 0.000 0.147 0.559
234.291667 235.291667   29.35 0.000  0.22 0.000000 9.999 0.259000 0.22 0.000000 0.022 0.000  0.942 0.000  1.318 0.000   6.035 0.000   3.604 0.000   2.431 0.000 0.138 0.000 0.091 0.000
237.291667 238.291667   21.98 0.000 99.99 0.259000 9.999 0.259000 9.99 0.259000 0.005 0.000  0.131 0.000  0.183 0.000   0.832 0.000   0.006 0.000   0.826 0.000 0.014 0.000 0.033 0.000
240.291667 241.291667    7.98 0.000  0.66 0.000000 9.999 0.259000 9.99 0.259000 0.017 0.000  0.378 0.000  0.529 0.000   4.016 0.000   2.364 0.000   1.652 0.000 0.012 0.000 0.111 0.000
243.291667 244.291667   28.91 0.000  0.42 0.000000 0.047 0.000000 9.99 0.259000 0.010 0.000  0.813 0.000  1.138 0.000   4.987 0.000   2.472 0.000   2.515 0.000 0.025 0.000 0.111 0.000
246.291667 247.291667   30.40 0.000  0.43 0.000000 9.999 0.259000 9.99 0.259000 0.012 0.559  0.745 0.000  1.042 0.000   4.616 0.000   2.688 0.000   1.927 0.000 0.017 0.000 0.056 0.559
249.291667 250.291667   36.86 0.000  0.44 0.000000 9.999 0.259000 0.18 0.000000 0.020 0.559  0.680 0.000  0.952 0.000   7.151 0.000   4.379 0.000   2.772 0.000 0.021 0.000 0.137 0.559
252.291667 253.291667   66.79 0.000 99.99 0.259000 9.999 0.259000 0.14 0.000000 0.019 0.000  0.694 0.000  0.972 0.000   9.921 0.000   6.725 0.000   3.196 0.000 0.048 0.000 0.133 0.000
255.291667 256.291667   23.23 0.000 99.99 0.259000 9.999 0.259000 0.15 0.000000 0.042 0.000  0.384 0.000  0.538 0.000   4.309 0.000   2.580 0.000   1.728 0.000 0.018 0.000 0.091 0.000
