scripts/IMPROVE-2019_partial/data/US0094R.20060102070000.20191216000000.filterpack..pm25.52w.1w.US03L_filterpack_US0094.US03L_IMPROVE_Davis.lev2.nas
64 1001
MISSING INFORMATION
US03L, IMPROVE, , , , , , , 
MISSING INFORMATION
IMPROVE sel_HTAP
1 1
2006 01 01 2019 12 16
3.000000
days from file reference point
25
1 1 1 1 1 1 1 1 1 1 1 1 1 1 1 1 1 1 1 1 1 1 1 1 1
999.999999 9999.99 9.999 99.99 9.999 9.999 9.999 9.99 9.999999 9.999 9.999999 99.999 9.999 99.999 9.999 999.999 9.999 999.999 9.999 99.999 9.999 9.999 9.999 9.999 9.999999
end_time of measurement, days from the file reference point
iron, ng/m3, Revision date=20181210133000
numflag iron, no unit, Revision date=20181210133000
lead, ng/m3, Revision date=20181210133000
numflag lead, no unit, Revision date=20181210133000
magnesium, ug/m3, Revision date=20181210133000
numflag magnesium, no unit, Revision date=20181210133000
nickel, ng/m3, Revision date=20181210133000
numflag nickel, no unit, Revision date=20181210133000
nitrate, ug N/m3, Revision date=20181210133000
numflag nitrate, no unit, Revision date=20181210133000
organic_carbon, ug C/m3, Revision date=20181210133000
numflag organic_carbon, no unit, Revision date=20181210133000
organic_mass, ug/m3, Revision date=20181210133000
numflag organic_mass, no unit, Revision date=20181210133000
pm10_mass, ug/m3, Version=2, Version description=Data extracted from http://views.cira.colostate.edu/fed/DataWizard 2019-12-16, Sample duration=1d, Orig. time res.=3d, Matrix=pm10, Blank correction=Blank corrected, Volume std. temperature=ambient, Volume std. pressure=ambient
numflag pm10_mass, no unit, Version=2, Version description=Data extracted from http://views.cira.colostate.edu/fed/DataWizard 2019-12-16, Sample duration=1d, Orig. time res.=3d, Matrix=pm10, Blank correction=Blank corrected, Volume std. temperature=ambient, Volume std. pressure=ambient
pm10_pm25_mass, ug/m3, Revision date=20181210133000, Matrix=pm10_pm25
numflag pm10_pm25_mass, no unit, Revision date=20181210133000, Matrix=pm10_pm25
pm25_mass, ug/m3, Version=2, Version description=Data extracted from http://views.cira.colostate.edu/fed/DataWizard 2019-12-16, Sample duration=1d, Orig. time res.=3d, Blank correction=Blank corrected, Volume std. temperature=ambient, Volume std. pressure=ambient
numflag pm25_mass, no unit, Version=2, Version description=Data extracted from http://views.cira.colostate.edu/fed/DataWizard 2019-12-16, Sample duration=1d, Orig. time res.=3d, Blank correction=Blank corrected, Volume std. temperature=ambient, Volume std. pressure=ambient
potassium, ug/m3, Revision date=20181210133000
numflag potassium, no unit, Revision date=20181210133000
sulphate_total, ug S/m3, Revision date=20181210133000
numflag sulphate_total, no unit, Revision date=20181210133000
0
25
Data definition:              EBAS_1.1
Set type code:                TU
Timezone:                     UTC
File name:                    US0094R.20060102070000.20191216000000.filterpack..pm25.52w.1w.US03L_filterpack_US0094.US03L_IMPROVE_Davis.lev2.nas
File creation:                20191218120144
Startdate:                    20060102070000
Revision date:                20191216000000
Statistics:                   arithmetic mean
Data level:                   2
Period code:                  52w
Resolution code:              1w
Station code:                 US0094R
Platform code:                US0094S
Station name:                 Meadview
Station latitude:             36.0193
Station longitude:            -114.0684
Station altitude:             902.0 m
Regime:                       IMG
Component:                    
Matrix:                       pm25
Laboratory code:              US03L
Instrument type:              filterpack
Instrument name:              filterpack_US0094
Method ref:                   US03L_IMPROVE_Davis
starttime endtime Fe flag_Fe Pb flag_Pb Mg++ flag_Mg++ Ni flag_Ni NO3- flag_NO3- OC flag_OC OM flag_OM PM10 flag_PM10 PM10-PM2.5 flag_PM10-PM2.5 PM2.5 flag_PM2.5 K+ flag_K+ SO4-- flag_SO4--
[from data line 88]
265.291667 266.291667   15.51 0.000  0.34 0.000 9.999 0.259 9.99 0.259000 0.007 0.559000  0.123 0.000  0.222 0.000 999.999 0.456 999.999 0.999  1.585 0.000 0.012 0.000 0.143 0.559000
268.291667 269.291667   35.60 0.000  0.68 0.000 0.017 0.000 9.99 0.259000 0.026 0.559000  0.710 0.000  1.279 0.000   7.884 0.000   4.635 0.000  3.249 0.000 0.031 0.000 0.195 0.559000
271.291667 272.291667   52.16 0.000  0.38 0.000 0.018 0.000 0.10 0.000000 0.021 0.559000  0.913 0.000  1.644 0.000 999.999 0.456 999.999 0.999  3.420 0.000 0.046 0.000 0.133 0.559000
274.291667 275.291667   44.12 0.000  0.88 0.000 0.015 0.000 0.42 0.000000 0.026 0.559000  0.478 0.000  0.861 0.000 999.999 0.456 999.999 0.999  3.497 0.000 0.033 0.000 0.353 0.559000
277.291667 278.291667   47.57 0.000  0.60 0.000 9.999 0.259 0.18 0.000000 0.024 0.559000  0.318 0.000  0.573 0.000  12.656 0.000   9.658 0.000  2.998 0.000 0.038 0.000 0.223 0.559000
280.291667 281.291667   49.62 0.000  0.65 0.000 0.021 0.000 9.99 0.259000 0.024 0.559000  0.304 0.000  0.548 0.000   7.482 0.000   4.909 0.000  2.574 0.000 0.032 0.000 0.151 0.559000
283.291667 284.291667   43.20 0.000  0.89 0.000 9.999 0.259 0.18 0.000000 0.026 0.559000  0.456 0.000  0.820 0.000  10.254 0.000   7.241 0.000  3.013 0.000 0.029 0.000 0.205 0.559000
286.291667 287.291667   13.53 0.000  0.29 0.000 9.999 0.259 9.99 0.259000 0.027 0.559000  0.394 0.000  0.709 0.000   2.664 0.000   1.057 0.000  1.607 0.000 0.015 0.000 0.107 0.559000
289.291667 290.291667   18.66 0.000  0.81 0.000 0.009 0.000 0.16 0.000000 0.022 0.559000  0.525 0.000  0.945 0.000   4.745 0.000   2.524 0.000  2.221 0.000 0.018 0.000 0.192 0.559000
292.291667 293.291667   12.74 0.000  0.46 0.000 9.999 0.259 9.99 0.259000 0.005 0.559000  0.328 0.000  0.590 0.000   4.089 0.000   2.419 0.000  1.670 0.000 0.014 0.000 0.140 0.559000
295.291667 296.291667   18.72 0.000  0.53 0.000 0.009 0.000 9.99 0.259000 0.004 0.559000  0.298 0.000  0.536 0.000   3.824 0.000   2.220 0.000  1.604 0.000 0.012 0.000 0.094 0.559000
298.291667 299.291667 9999.99 0.999 99.99 0.999 9.999 0.999 9.99 0.999000 9.999 0.999000 99.999 0.999 99.999 0.999 999.999 0.999 999.999 0.999 99.999 0.999 9.999 0.999 9.999 0.999000
301.291667 302.291667 9999.99 0.999 99.99 0.999 9.999 0.999 9.99 0.999000 9.999 0.999000 99.999 0.999 99.999 0.999 999.999 0.999 999.999 0.999 99.999 0.999 9.999 0.999 9.999 0.999000
304.291667 305.291667   70.52 0.000  2.29 0.000 9.999 0.259 0.33 0.000000 0.062 0.559000  1.384 0.000  2.491 0.000  14.457 0.000   7.696 0.000  6.761 0.000 0.101 0.000 0.435 0.559000
307.291667 308.291667   48.42 0.000  1.70 0.000 9.999 0.259 0.18 0.000000 0.031 0.559000  0.570 0.000  1.026 0.000   8.266 0.000   4.650 0.000  3.616 0.000 0.043 0.000 0.255 0.559000
310.291667 311.291667   32.95 0.000  0.40 0.000 9.999 0.259 0.16 0.000000 0.006 0.559000 99.999 0.456 99.999 0.456 999.999 0.456 999.999 0.999  1.271 0.000 0.019 0.000 0.053 0.559000
313.291667 314.291667   44.58 0.000  0.22 0.000 9.999 0.259 9.99 0.259000 0.013 0.559000 99.999 0.456 99.999 0.456 999.999 0.456 999.999 0.999  2.343 0.000 0.032 0.000 0.114 0.559000
316.291667 317.291667   29.30 0.000  0.73 0.000 9.999 0.259 9.99 0.259000 0.008 0.559000 99.999 0.456 99.999 0.456 999.999 0.456 999.999 0.999  1.809 0.000 0.022 0.000 0.154 0.559000
319.291667 320.291667   39.06 0.000  1.82 0.000 9.999 0.259 9.99 0.259000 0.007 0.559000  0.223 0.000  0.402 0.000   6.583 0.000   3.854 0.000  2.728 0.000 0.038 0.000 0.276 0.559000
322.291667 323.291667   29.86 0.000  0.84 0.000 0.011 0.000 9.99 0.259000 0.010 0.559000  0.315 0.000  0.566 0.000   4.877 0.000   2.672 0.000  2.205 0.000 0.027 0.000 0.162 0.559000
325.291667 326.291667   75.06 0.000  1.68 0.000 9.999 0.259 0.24 0.000000 0.017 0.559000  0.581 0.000  1.046 0.000  13.370 0.000   9.046 0.000  4.324 0.000 0.056 0.000 0.318 0.559000
328.291667 329.291667   65.24 0.000  1.81 0.000 9.999 0.259 0.24 0.000000 0.037 0.559000  0.424 0.000  0.764 0.000  16.209 0.000  12.356 0.000  3.852 0.000 0.046 0.000 0.267 0.559000
331.291667 332.291667   24.36 0.000  0.49 0.000 0.010 0.000 9.99 0.259000 0.128 0.559000  0.299 0.000  0.538 0.000   6.997 0.000   5.168 0.000  1.829 0.000 0.017 0.000 0.137 0.559000
334.291667 335.291667   12.59 0.000  0.39 0.000 0.017 0.000 9.99 0.259000 0.023 0.559000  0.251 0.000  0.453 0.000   3.579 0.000   2.309 0.000  1.270 0.000 0.013 0.000 0.071 0.559000
337.291667 338.291667   16.11 0.000  0.17 0.000 9.999 0.259 9.99 0.259000 0.022 0.559000  0.287 0.000  0.517 0.000   4.278 0.000   2.655 0.000  1.622 0.000 0.011 0.000 0.124 0.559000
340.291667 341.291667   40.04 0.000  0.49 0.000 9.999 0.259 0.16 0.000000 0.012 0.559000  0.181 0.000  0.327 0.000   5.173 0.000   3.115 0.000  2.058 0.000 0.025 0.000 0.096 0.559000
343.291667 344.291667   38.63 0.000  0.60 0.000 9.999 0.259 0.15 0.000000 0.044 0.559000  0.251 0.000  0.452 0.000   9.271 0.000   6.643 0.000  2.627 0.000 0.037 0.000 0.115 0.559000
346.291667 347.291667   19.25 0.000  0.28 0.000 0.014 0.000 9.99 0.259000 0.012 0.559000  0.123 0.000  0.221 0.000   4.909 0.000   3.471 0.000  1.438 0.000 0.015 0.000 0.033 0.559000
349.291667 350.291667   50.00 0.000  1.31 0.000 9.999 0.259 0.18 0.000000 0.085 0.559000  0.630 0.000  1.134 0.000   8.947 0.000   5.565 0.000  3.382 0.000 0.111 0.000 0.116 0.559000
352.291667 353.291667    6.87 0.000  0.59 0.000 9.999 0.259 0.20 0.000000 0.194 0.559000  0.426 0.000  0.767 0.000   4.534 0.000   2.260 0.000  2.274 0.000 0.009 0.000 0.232 0.559000
355.291667 356.291667    9.41 0.000  0.54 0.000 0.009 0.000 9.99 0.259000 0.024 0.559000  0.188 0.000  0.339 0.000   2.483 0.000   1.480 0.000  1.003 0.000 0.010 0.000 0.067 0.559000
358.291667 359.291667    6.10 0.000  0.29 0.000 9.999 0.259 9.99 0.259000 0.007 0.000000  0.224 0.000  0.404 0.000   2.111 0.000   1.174 0.000  0.938 0.000 0.007 0.000 0.094 0.000000
361.291667 362.291667   10.98 0.000  0.13 0.000 9.999 0.259 9.99 0.259000 0.021 0.000000  0.427 0.000  0.768 0.000   4.691 0.000   3.376 0.000  1.315 0.000 0.010 0.000 0.061 0.000000
364.291667 365.291667   12.52 0.000  0.53 0.000 9.999 0.259 9.99 0.259000 0.011 0.559000  0.319 0.000  0.573 0.000   4.157 0.000   2.191 0.000  1.966 0.000 0.012 0.000 0.209 0.559000
