scripts/IMPROVE-2019_partial/data/US0034R.20100102060000.20191216000000.filterpack...52w.3d.US03L_filterpack_US0034.US03L_IMPROVE_Davis.lev2.nas
52 1001
MISSING INFORMATION
US03L, IMPROVE, , , , , , , 
MISSING INFORMATION
IMPROVE sel_HTAP
1 1
2010 01 01 2019 12 16
3.00
days from file reference point
5
1 1 1 1 1
999.99 999.999 9.999 999.999 9.999
end_time of measurement, days from the file reference point
pm10_mass, ug/m3, Matrix=pm10
numflag pm10_mass, no unit, Matrix=pm10
pm25_mass, ug/m3, Matrix=pm25
numflag pm25_mass, no unit, Matrix=pm25
0
33
Data definition:              EBAS_1.1
Set type code:                TU
Timezone:                     UTC
File name:                    US0034R.20100102060000.20191216000000.filterpack...52w.3d.US03L_filterpack_US0034.US03L_IMPROVE_Davis.lev2.nas
File creation:                20191218115740
Startdate:                    20100102060000
Revision date:                20191216000000
Version:                      2
Version description:          "Data extracted from http://views.cira.colostate.edu/fed/DataWizard 2019-12-16"
Statistics:                   arithmetic mean
Data level:                   2
Period code:                  52w
Resolution code:              3d
Sample duration:              1d
Orig. time res.:              3d
Station code:                 US0034R
Platform code:                US0034S
Station name:                 Lake Sugema 2
Station latitude:             40.6932
Station longitude:            -92.0059
Station altitude:             229.0 m
Regime:                       IMG
Component:                    
Unit:                         ug/m3
Matrix:                       
Laboratory code:              US03L
Instrument type:              filterpack
Instrument name:              filterpack_US0034
Method ref:                   US03L_IMPROVE_Davis
Blank correction:             Blank corrected
Volume std. temperature:      ambient
Volume std. pressure:         ambient
starttime endtime PM10 flag_PM10 PM2.5 flag_PM2.5
  1.25   2.25   9.928 0.000   8.709 0.000
  4.25   5.25  16.610 0.000  12.621 0.000
  7.25   8.25   7.204 0.000   5.890 0.000
 10.25  11.25  15.383 0.000  14.155 0.000
 13.25  14.25  16.001 0.000  15.034 0.000
 16.25  17.25  11.810 0.000  12.910 0.000
 19.25  20.25  10.351 0.000  10.605 0.000
 22.25  23.25   7.197 0.000   7.773 0.000
 25.25  26.25   6.613 0.000   4.709 0.000
 28.25  29.25  19.974 0.000   9.265 0.000
 31.25  32.25  22.597 0.000  18.490 0.000
 34.25  35.25  31.948 0.000  30.757 0.000
 37.25  38.25   9.790 0.000   9.809 0.000
 40.25  41.25   7.763 0.000   7.229 0.000
 43.25  44.25  23.002 0.000  22.251 0.000
 46.25  47.25   6.265 0.000   2.896 0.000
 49.25  50.25  19.615 0.000  17.674 0.000
 52.25  53.25  18.395 0.000  17.491 0.000
 55.25  56.25  19.276 0.000  17.152 0.000
 58.25  59.25  15.560 0.000  13.181 0.000
 61.25  62.25  27.315 0.000  24.561 0.000
 64.25  65.25  15.433 0.000  12.924 0.000
 67.25  68.25 999.999 0.456  25.382 0.000
 70.25  71.25   6.351 0.000   5.732 0.000
 73.25  74.25   9.932 0.000   9.324 0.000
 76.25  77.25   7.898 0.000   7.290 0.000
 79.25  80.25   3.889 0.000   3.013 0.000
 82.25  83.25  15.210 0.000  10.536 0.000
 85.25  86.25   6.504 0.000   4.859 0.000
 88.25  89.25  12.671 0.000   6.068 0.000
 91.25  92.25  14.226 0.000   8.258 0.000
 94.25  95.25  11.083 0.000   8.376 0.000
 97.25  98.25   4.950 0.000   2.882 0.000
100.25 101.25  28.565 0.000  14.855 0.000
103.25 104.25  24.168 0.000  13.190 0.000
106.25 107.25  18.378 0.000   3.869 0.000
109.25 110.25  23.282 0.000   7.489 0.000
112.25 113.25  14.397 0.000  13.786 0.000
115.25 116.25   6.980 0.000   5.218 0.000
118.25 119.25  12.985 0.000   6.999 0.000
121.25 122.25   4.159 0.000   2.913 0.000
124.25 125.25  13.902 0.000   5.101 0.000
127.25 128.25   2.866 0.000   1.602 0.000
130.25 131.25   2.245 0.000   2.151 0.000
133.25 134.25   4.015 0.000   2.241 0.000
136.25 137.25   6.152 0.000   5.059 0.000
139.25 140.25   7.575 0.000   6.780 0.000
142.25 143.25  11.453 0.000   9.780 0.000
145.25 146.25  10.405 0.000   5.705 0.000
148.25 149.25  17.510 0.000   8.637 0.000
151.25 152.25  12.910 0.000   6.454 0.000
154.25 155.25   9.915 0.000   7.115 0.000
157.25 158.25   7.053 0.000   3.432 0.000
160.25 161.25  10.079 0.000   5.950 0.000
163.25 164.25   6.511 0.000   3.502 0.000
166.25 167.25   7.619 0.000   3.966 0.000
169.25 170.25   8.364 0.000   3.661 0.000
172.25 173.25  12.005 0.000   9.124 0.000
175.25 176.25   9.742 0.000   5.813 0.000
178.25 179.25   8.596 0.000   3.507 0.000
181.25 182.25  13.367 0.000   7.512 0.000
184.25 185.25  13.092 0.000   9.104 0.000
187.25 188.25   6.657 0.000   3.852 0.000
190.25 191.25  10.100 0.000   4.998 0.000
193.25 194.25   8.082 0.000   5.480 0.000
196.25 197.25  13.519 0.000   5.291 0.000
199.25 200.25   7.034 0.000   4.487 0.000
202.25 203.25  17.602 0.000  10.085 0.000
205.25 206.25   8.097 0.000   3.852 0.000
208.25 209.25  16.851 0.000   7.808 0.000
211.25 212.25   8.325 0.000   4.827 0.000
214.25 215.25  14.124 0.000   8.713 0.000
217.25 218.25  23.804 0.000   9.873 0.000
220.25 221.25   9.498 0.000   6.128 0.000
223.25 224.25  10.100 0.000   5.785 0.000
226.25 227.25  10.593 0.000   4.346 0.000
229.25 230.25  14.547 0.000   9.634 0.000
232.25 233.25  11.865 0.000   6.675 0.000
235.25 236.25  18.774 0.000   8.778 0.000
238.25 239.25  16.276 0.000   7.050 0.000
241.25 242.25   9.544 0.000   5.603 0.000
244.25 245.25   8.326 0.000   3.232 0.000
247.25 248.25  10.548 0.000   3.875 0.000
250.25 251.25  13.524 0.000   3.481 0.000
253.25 254.25   7.728 0.000   3.227 0.000
256.25 257.25  10.530 0.000   4.419 0.000
259.25 260.25  10.789 0.000   3.111 0.000
262.25 263.25  21.198 0.000  14.298 0.000
265.25 266.25  15.403 0.000   7.199 0.000
268.25 269.25   6.258 0.000   3.229 0.000
271.25 272.25  12.986 0.000   4.963 0.000
274.25 275.25  10.144 0.000   2.372 0.000
277.25 278.25  13.366 0.000   4.083 0.000
280.25 281.25  35.944 0.000   8.197 0.000
283.25 284.25  23.201 0.000   6.028 0.000
286.25 287.25  33.100 0.000   6.110 0.000
289.25 290.25  31.817 0.000   5.832 0.000
292.25 293.25  36.233 0.000   6.487 0.000
295.25 296.25  19.627 0.000  12.571 0.000
298.25 299.25   8.077 0.000   2.750 0.000
301.25 302.25  13.691 0.000   4.201 0.000
304.25 305.25  12.352 0.000   3.523 0.000
307.25 308.25  15.954 0.000   3.668 0.000
310.25 311.25  19.017 0.000   5.299 0.000
313.25 314.25  24.531 0.000  10.843 0.000
316.25 317.25   4.948 0.000   3.829 0.000
319.25 320.25   9.136 0.000   6.867 0.000
322.25 323.25  15.077 0.000  10.672 0.000
325.25 326.25  11.489 0.000   9.058 0.000
328.25 329.25   9.775 0.000   7.237 0.000
331.25 332.25   8.717 0.000   6.859 0.000
334.25 335.25   8.031 0.000   4.018 0.000
337.25 338.25  13.251 0.000  10.697 0.000
340.25 341.25  25.843 0.000  12.711 0.000
343.25 344.25  16.507 0.000   8.574 0.000
346.25 347.25   6.753 0.000   4.558 0.000
349.25 350.25  23.070 0.000  19.813 0.000
352.25 353.25  11.572 0.000   7.563 0.000
355.25 356.25  14.821 0.000  11.799 0.000
358.25 359.25  13.107 0.000  12.674 0.000
361.25 362.25  20.102 0.000  18.429 0.000
364.25 365.25   8.048 0.000   6.276 0.000
