scripts/IMPROVE-2019_partial/data/US0086R.20020102050000.20191216000000.filterpack..pm25.52w.1w.US03L_filterpack_US0086.US03L_IMPROVE_Davis.lev2.nas
66 1001
MISSING INFORMATION
US03L, IMPROVE, , , , , , , 
MISSING INFORMATION
IMPROVE sel_HTAP
1 1
2002 01 01 2019 12 16
3.000000
days from file reference point
27
1 1 1 1 1 1 1 1 1 1 1 1 1 1 1 1 1 1 1 1 1 1 1 1 1 1 1
999.999999 99.999 9.999999 999.99 9.999 99.99 9.999 9.999 9.999999 9.99 9.999 9.999 9.999999 99.999 9.999 99.999 9.999 999.999 9.999 999.999 9.999 999.999 9.999 9.999 9.999 99.999 9.999999
end_time of measurement, days from the file reference point
ammonium, ug N/m3, Revision date=20181210133000
numflag ammonium, no unit, Revision date=20181210133000
iron, ng/m3, Revision date=20181210133000
numflag iron, no unit, Revision date=20181210133000
lead, ng/m3, Revision date=20181210133000
numflag lead, no unit, Revision date=20181210133000
magnesium, ug/m3, Revision date=20181210133000
numflag magnesium, no unit, Revision date=20181210133000
nickel, ng/m3, Revision date=20181210133000
numflag nickel, no unit, Revision date=20181210133000
nitrate, ug N/m3, Revision date=20181210133000
numflag nitrate, no unit, Revision date=20181210133000
organic_carbon, ug C/m3, Revision date=20181210133000
numflag organic_carbon, no unit, Revision date=20181210133000
organic_mass, ug/m3, Revision date=20181210133000
numflag organic_mass, no unit, Revision date=20181210133000
pm10_mass, ug/m3, Version=2, Version description=Data extracted from http://views.cira.colostate.edu/fed/DataWizard 2019-12-16, Sample duration=1d, Orig. time res.=3d, Matrix=pm10, Blank correction=Blank corrected, Volume std. temperature=ambient, Volume std. pressure=ambient
numflag pm10_mass, no unit, Version=2, Version description=Data extracted from http://views.cira.colostate.edu/fed/DataWizard 2019-12-16, Sample duration=1d, Orig. time res.=3d, Matrix=pm10, Blank correction=Blank corrected, Volume std. temperature=ambient, Volume std. pressure=ambient
pm10_pm25_mass, ug/m3, Revision date=20181210133000, Matrix=pm10_pm25
numflag pm10_pm25_mass, no unit, Revision date=20181210133000, Matrix=pm10_pm25
pm25_mass, ug/m3, Version=2, Version description=Data extracted from http://views.cira.colostate.edu/fed/DataWizard 2019-12-16, Sample duration=1d, Orig. time res.=3d, Blank correction=Blank corrected, Volume std. temperature=ambient, Volume std. pressure=ambient
numflag pm25_mass, no unit, Version=2, Version description=Data extracted from http://views.cira.colostate.edu/fed/DataWizard 2019-12-16, Sample duration=1d, Orig. time res.=3d, Blank correction=Blank corrected, Volume std. temperature=ambient, Volume std. pressure=ambient
potassium, ug/m3, Revision date=20181210133000
numflag potassium, no unit, Revision date=20181210133000
sulphate_total, ug S/m3, Revision date=20181210133000
numflag sulphate_total, no unit, Revision date=20181210133000
0
25
Data definition:              EBAS_1.1
Set type code:                TU
Timezone:                     UTC
File name:                    US0086R.20020102050000.20191216000000.filterpack..pm25.52w.1w.US03L_filterpack_US0086.US03L_IMPROVE_Davis.lev2.nas
File creation:                20191218120112
Startdate:                    20020102050000
Revision date:                20191216000000
Statistics:                   arithmetic mean
Data level:                   2
Period code:                  52w
Resolution code:              1w
Station code:                 US0086R
Platform code:                US0086S
Station name:                 Dolly Sods Wilderness
Station latitude:             39.1053
Station longitude:            -79.4261
Station altitude:             1182.0 m
Regime:                       IMG
Component:                    
Matrix:                       pm25
Laboratory code:              US03L
Instrument type:              filterpack
Instrument name:              filterpack_US0086
Method ref:                   US03L_IMPROVE_Davis
starttime endtime NH4+ flag_NH4+ Fe flag_Fe Pb flag_Pb Mg++ flag_Mg++ Ni flag_Ni NO3- flag_NO3- OC flag_OC OM flag_OM PM10 flag_PM10 PM10-PM2.5 flag_PM10-PM2.5 PM2.5 flag_PM2.5 K+ flag_K+ SO4-- flag_SO4--
[from data line 81]
244.208333 245.208333  0.404 0.000000   6.24 0.000  1.07 0.000 9.999 0.259000 9.99 0.259 0.020 0.000000  0.668 0.000  0.935 0.000   8.424 0.000   1.271 0.000   7.153 0.000 0.013 0.000  1.225 0.000000
247.208333 248.208333  0.649 0.559000  20.01 0.000  1.98 0.000 9.999 0.259000 9.99 0.259 0.041 0.559000  0.870 0.000  1.218 0.000  10.930 0.000   3.208 0.000   7.723 0.000 0.017 0.000  1.238 0.559000
250.208333 251.208333  0.944 0.559000  25.77 0.000  2.31 0.000 9.999 0.259000 0.46 0.000 0.050 0.559000  1.774 0.000  2.484 0.000  16.894 0.000   7.031 0.000   9.864 0.000 0.032 0.000  1.244 0.559000
253.208333 254.208333  1.402 0.000000  41.31 0.000  2.48 0.000 9.999 0.259000 0.27 0.000 0.045 0.000000  0.965 0.000  1.350 0.000  19.253 0.000   7.275 0.000  11.978 0.000 0.028 0.000  2.115 0.000000
256.208333 257.208333  1.768 0.000000  29.13 0.000  1.35 0.000 9.999 0.259000 0.30 0.000 0.044 0.000000  1.727 0.000  2.418 0.000  20.346 0.000   3.404 0.000  16.942 0.000 0.038 0.000  3.086 0.000000
259.208333 260.208333  2.121 0.000000  33.28 0.000  2.01 0.000 9.999 0.259000 0.45 0.000 0.063 0.000000  1.280 0.000  1.791 0.000  19.822 0.000   2.748 0.000  17.073 0.000 0.045 0.000  3.409 0.000000
262.208333 263.208333  1.599 0.000000  19.44 0.000  1.14 0.000 9.999 0.259000 0.34 0.000 0.025 0.000000  1.214 0.000  1.700 0.000  21.560 0.000   1.710 0.000  19.850 0.000 0.032 0.000  3.761 0.000000
265.208333 266.208333  0.689 0.000000  17.44 0.000  1.19 0.000 0.038 0.000000 9.99 0.259 0.062 0.000000  0.760 0.000  1.064 0.000   8.934 0.000   1.841 0.000   7.093 0.000 0.019 0.000  1.288 0.000000
268.208333 269.208333  0.299 0.559394  15.63 0.394  1.82 0.394 9.999 0.394259 0.53 0.394 0.171 0.559394  0.722 0.000  1.010 0.000   6.152 0.000   1.886 0.000   4.266 0.000 0.013 0.394  0.506 0.559394
271.208333 272.208333  1.708 0.000000  22.05 0.000  3.11 0.000 9.999 0.259000 0.15 0.000 0.038 0.000000  1.179 0.000  1.651 0.000  20.955 0.000   1.582 0.000  19.373 0.000 0.035 0.000  3.558 0.000000
274.208333 275.208333  1.297 0.000000  13.69 0.000  1.26 0.000 9.999 0.259000 0.22 0.000 0.058 0.000000  1.311 0.000  1.835 0.000  20.752 0.000   0.575 0.000  20.178 0.000 0.044 0.000  3.259 0.000000
277.208333 278.208333  0.514 0.000000  14.51 0.000  1.52 0.000 9.999 0.259000 0.20 0.000 0.047 0.000000  0.867 0.000  1.213 0.000  10.437 0.000   3.493 0.000   6.944 0.000 0.029 0.000  1.073 0.000000
280.208333 281.208333  0.571 0.000000  26.00 0.000  1.46 0.000 9.999 0.259000 0.14 0.000 0.098 0.000000  1.181 0.000  1.653 0.000   8.849 0.000   2.810 0.000   6.038 0.000 0.030 0.000  0.715 0.000000
283.208333 284.208333 99.999 0.259000   1.01 0.000  0.32 0.000 0.030 0.000000 0.17 0.000 0.009 0.000000  0.207 0.000  0.289 0.000   1.898 0.000   0.503 0.000   1.395 0.000 0.010 0.000  0.172 0.000000
286.208333 287.208333  0.489 0.000000  19.32 0.000  1.97 0.000 9.999 0.259000 0.19 0.000 0.254 0.000000  0.952 0.000  1.332 0.000   6.332 0.000   2.047 0.000   4.285 0.000 0.030 0.000  0.466 0.000000
289.208333 290.208333  0.753 0.000000  11.80 0.000  2.24 0.000 9.999 0.259000 0.19 0.000 0.121 0.000000  1.354 0.000  1.896 0.000   8.465 0.000   0.563 0.000   7.902 0.000 0.027 0.000  1.305 0.000000
292.208333 293.208333  0.302 0.000000   5.49 0.000  1.90 0.000 9.999 0.259000 0.14 0.000 0.062 0.000000  1.186 0.000  1.661 0.000   4.820 0.000   0.230 0.000   4.590 0.000 0.043 0.000  0.537 0.000000
295.208333 296.208333  1.117 0.559000  38.28 0.000  5.55 0.000 9.999 0.259000 0.27 0.000 0.152 0.559000  1.547 0.000  2.166 0.000  12.663 0.000   2.606 0.000  10.057 0.000 0.042 0.000  1.500 0.559000
298.208333 299.208333  0.139 0.000000   0.90 0.000  0.53 0.000 9.999 0.259000 9.99 0.259 0.024 0.000000  1.538 0.000  2.153 0.000   4.345 0.000   0.035 0.000   4.310 0.000 0.012 0.000  0.354 0.000000
301.208333 302.208333  0.319 0.000000   2.99 0.000  1.29 0.000 9.999 0.259000 0.08 0.000 0.167 0.000000  0.285 0.000  0.399 0.000   2.807 0.000   0.266 0.000   2.541 0.000 0.009 0.000  0.311 0.000000
304.208333 305.208333  0.932 0.000000  14.67 0.000  1.68 0.000 9.999 0.259000 9.99 0.259 0.389 0.000000  2.853 0.000  3.994 0.000  10.848 0.000   1.281 0.000   9.567 0.000 0.030 0.000  0.894 0.000000
307.208333 308.208333  0.330 0.000000   8.57 0.000  0.81 0.000 9.999 0.259000 9.99 0.259 0.069 0.000000  1.884 0.000  2.637 0.000   7.232 0.000   0.645 0.000   6.587 0.000 0.022 0.000  0.695 0.000000
310.208333 311.208333  0.693 0.000000   6.69 0.000  1.21 0.000 0.025 0.000000 9.99 0.259 0.223 0.000000  1.562 0.000  2.187 0.000   7.716 0.000   1.717 0.000   5.999 0.000 0.023 0.000  0.763 0.000000
313.208333 314.208333  0.553 0.000000   7.42 0.000  0.93 0.000 0.019 0.000000 0.18 0.000 0.032 0.000000  0.974 0.000  1.364 0.000   8.163 0.000   1.928 0.000   6.235 0.000 0.027 0.000  1.043 0.000000
316.208333 317.208333  0.986 0.000000  27.76 0.000  2.67 0.000 9.999 0.259000 0.20 0.000 0.246 0.000000  3.134 0.000  4.388 0.000  11.507 0.000   0.611 0.000  10.896 0.000 0.037 0.000  1.304 0.000000
319.208333 320.208333  0.221 0.000000  10.56 0.000  0.98 0.000 9.999 0.259000 0.12 0.000 0.049 0.000000  0.961 0.000  1.345 0.000   3.957 0.000   0.322 0.000   3.635 0.000 0.024 0.000  0.376 0.000000
322.208333 323.208333  0.543 0.000000  10.19 0.000  1.85 0.000 9.999 0.259000 9.99 0.259 0.150 0.000000  1.290 0.000  1.806 0.000   6.056 0.000   0.826 0.000   5.231 0.000 0.032 0.000  0.646 0.000000
325.208333 326.208333  0.206 0.559000   3.06 0.000  0.74 0.000 0.016 0.000000 9.99 0.259 0.034 0.559000  0.787 0.000  1.101 0.000   2.826 0.000   0.019 0.000   2.807 0.000 0.013 0.000  0.359 0.559000
328.208333 329.208333  0.938 0.559000  42.43 0.000  4.36 0.000 9.999 0.259000 0.11 0.000 0.401 0.559000  3.278 0.000  4.589 0.000  13.848 0.000   3.358 0.000  10.491 0.000 0.092 0.000  0.807 0.559000
331.208333 332.208333  0.561 0.000000  13.36 0.000  2.05 0.000 9.999 0.259000 0.17 0.000 0.155 0.000000  1.458 0.000  2.041 0.000   6.531 0.000   0.302 0.000   6.229 0.000 0.020 0.000  0.878 0.000000
334.208333 335.208333  0.427 0.000000   8.11 0.000  0.77 0.000 0.047 0.000000 9.99 0.259 0.180 0.000000  0.975 0.000  1.365 0.000   5.828 0.000   1.388 0.000   4.441 0.000 0.026 0.000  0.493 0.000000
337.208333 338.208333  0.146 0.000000   7.04 0.000  0.54 0.000 9.999 0.259000 9.99 0.259 0.052 0.000000  0.805 0.000  1.127 0.000   5.002 0.000   2.431 0.000   2.571 0.000 0.016 0.000  0.202 0.000000
340.208333 341.208333  0.270 0.000000   6.03 0.000  0.89 0.000 9.999 0.259000 0.06 0.000 0.120 0.000000  0.456 0.000  0.639 0.000   3.780 0.000   1.456 0.000   2.325 0.000 0.015 0.000  0.245 0.000000
343.208333 344.208333  0.329 0.000000  13.64 0.000  1.31 0.000 9.999 0.259000 9.99 0.259 0.144 0.000000  1.525 0.000  2.134 0.000   7.306 0.000   2.708 0.000   4.599 0.000 0.043 0.000  0.348 0.000000
346.208333 347.208333  0.157 0.000000   2.35 0.000  0.47 0.000 0.035 0.000000 0.05 0.000 0.023 0.000000  0.353 0.000  0.495 0.000   2.288 0.000   0.455 0.000   1.832 0.000 0.006 0.000  0.284 0.000000
349.208333 350.208333  0.617 0.000000  32.76 0.000  2.04 0.000 9.999 0.259000 0.11 0.000 0.267 0.000000  2.874 0.000  4.023 0.000   9.821 0.000   1.482 0.000   8.339 0.000 0.045 0.000  0.825 0.000000
352.208333 353.208333  0.478 0.000000  23.45 0.000  0.83 0.000 9.999 0.259000 0.22 0.000 0.041 0.000000  0.740 0.000  1.036 0.000   8.000 0.000   1.946 0.000   6.054 0.000 0.033 0.000  0.972 0.000000
355.208333 356.208333  0.381 0.000000   9.32 0.000  1.08 0.000 9.999 0.259000 9.99 0.259 0.094 0.000000  1.012 0.000  1.417 0.000   5.841 0.000   1.941 0.000   3.901 0.000 0.031 0.000  0.442 0.000000
358.208333 359.208333  0.173 0.000000   2.43 0.000  0.28 0.000 9.999 0.259000 9.99 0.259 0.019 0.000000  1.123 0.000  1.572 0.000   3.246 0.000   0.057 0.000   3.189 0.000 0.020 0.000  0.320 0.000000
361.208333 362.208333  0.696 0.000000  14.71 0.000  2.80 0.000 9.999 0.259000 0.15 0.000 0.154 0.000000  1.383 0.000  1.936 0.000   9.533 0.000   1.995 0.000   7.538 0.000 0.034 0.000  1.178 0.000000
364.208333 365.208333  0.314 0.000000  11.19 0.000  1.46 0.000 9.999 0.259000 0.08 0.000 0.047 0.000000  1.482 0.000  2.075 0.000   6.985 0.000   2.148 0.000   4.837 0.000 0.040 0.000  0.423 0.000000
