scripts/IMPROVE-2019_partial/data/US0066R.20050101050000.20191216000000.filterpack..pm25.52w.1w.US03L_filterpack_US0066.US03L_IMPROVE_Davis.lev2.nas
64 1001
MISSING INFORMATION
US03L, IMPROVE, , , , , , , 
MISSING INFORMATION
IMPROVE sel_HTAP
1 1
2005 01 01 2019 12 16
3.000000
days from file reference point
25
1 1 1 1 1 1 1 1 1 1 1 1 1 1 1 1 1 1 1 1 1 1 1 1 1
999.999999 999.99 9.999 99.99 9.999 9.999 9.999999 99.99 9.999999 99.999 9.999 99.999 9.999 99.999 9.999 999.999 9.999 999.999 9.999 999.999 9.999 9.999 9.999 99.999 9.999
end_time of measurement, days from the file reference point
iron, ng/m3, Revision date=20181210133000
numflag iron, no unit, Revision date=20181210133000
lead, ng/m3, Revision date=20181210133000
numflag lead, no unit, Revision date=20181210133000
magnesium, ug/m3, Revision date=20181210133000
numflag magnesium, no unit, Revision date=20181210133000
nickel, ng/m3, Revision date=20181210133000
numflag nickel, no unit, Revision date=20181210133000
nitrate, ug N/m3, Revision date=20181210133000
numflag nitrate, no unit, Revision date=20181210133000
organic_carbon, ug C/m3, Revision date=20181210133000
numflag organic_carbon, no unit, Revision date=20181210133000
organic_mass, ug/m3, Revision date=20181210133000
numflag organic_mass, no unit, Revision date=20181210133000
pm10_mass, ug/m3, Version=2, Version description=Data extracted from http://views.cira.colostate.edu/fed/DataWizard 2019-12-16, Sample duration=1d, Orig. time res.=3d, Matrix=pm10, Blank correction=Blank corrected, Volume std. temperature=ambient, Volume std. pressure=ambient
numflag pm10_mass, no unit, Version=2, Version description=Data extracted from http://views.cira.colostate.edu/fed/DataWizard 2019-12-16, Sample duration=1d, Orig. time res.=3d, Matrix=pm10, Blank correction=Blank corrected, Volume std. temperature=ambient, Volume std. pressure=ambient
pm10_pm25_mass, ug/m3, Revision date=20181210133000, Matrix=pm10_pm25
numflag pm10_pm25_mass, no unit, Revision date=20181210133000, Matrix=pm10_pm25
pm25_mass, ug/m3, Version=2, Version description=Data extracted from http://views.cira.colostate.edu/fed/DataWizard 2019-12-16, Sample duration=1d, Orig. time res.=3d, Blank correction=Blank corrected, Volume std. temperature=ambient, Volume std. pressure=ambient
numflag pm25_mass, no unit, Version=2, Version description=Data extracted from http://views.cira.colostate.edu/fed/DataWizard 2019-12-16, Sample duration=1d, Orig. time res.=3d, Blank correction=Blank corrected, Volume std. temperature=ambient, Volume std. pressure=ambient
potassium, ug/m3, Revision date=20181210133000
numflag potassium, no unit, Revision date=20181210133000
sulphate_total, ug S/m3, Revision date=20181210133000
numflag sulphate_total, no unit, Revision date=20181210133000
0
25
Data definition:              EBAS_1.1
Set type code:                TU
Timezone:                     UTC
File name:                    US0066R.20050101050000.20191216000000.filterpack..pm25.52w.1w.US03L_filterpack_US0066.US03L_IMPROVE_Davis.lev2.nas
File creation:                20191218115945
Startdate:                    20050101050000
Revision date:                20191216000000
Statistics:                   arithmetic mean
Data level:                   2
Period code:                  52w
Resolution code:              1w
Station code:                 US0066R
Platform code:                US0066S
Station name:                 Connecticut Hill
Station latitude:             42.4009
Station longitude:            -76.6534
Station altitude:             519.0 m
Regime:                       IMG
Component:                    
Matrix:                       pm25
Laboratory code:              US03L
Instrument type:              filterpack
Instrument name:              filterpack_US0066
Method ref:                   US03L_IMPROVE_Davis
starttime endtime Fe flag_Fe Pb flag_Pb Mg++ flag_Mg++ Ni flag_Ni NO3- flag_NO3- OC flag_OC OM flag_OM PM10 flag_PM10 PM10-PM2.5 flag_PM10-PM2.5 PM2.5 flag_PM2.5 K+ flag_K+ SO4-- flag_SO4--
  0.208333   1.208333  11.03 0.000  1.13 0.000 9.999 0.259000  0.21 0.000000  0.361 0.000  0.735 0.000  1.323 0.000   6.394 0.000   1.242 0.000   5.151 0.000 0.024 0.000  0.614 0.000
  3.208333   4.208333   3.74 0.000  1.29 0.000 9.999 0.259000  0.43 0.000000  0.124 0.000  0.567 0.000  1.021 0.000   3.248 0.000   0.327 0.000   2.921 0.000 0.012 0.000  0.472 0.000
  6.208333   7.208333  12.93 0.000  1.56 0.000 9.999 0.259000  0.30 0.000000  0.036 0.000  0.446 0.000  0.803 0.000   5.528 0.000   1.544 0.000   3.984 0.000 0.016 0.000  0.720 0.000
  9.208333  10.208333  14.39 0.000  1.86 0.000 9.999 0.259000  0.23 0.000000  0.376 0.000  0.739 0.000  1.330 0.000   8.366 0.000   0.624 0.000   7.741 0.000 0.022 0.000  1.242 0.000
 12.208333  13.208333  18.73 0.000  3.02 0.000 9.999 0.259000  0.94 0.000000  0.258 0.000  1.352 0.000  2.433 0.000  11.298 0.000   0.937 0.000  10.358 0.000 0.052 0.000  1.478 0.000
 15.208333  16.208333  17.56 0.000  2.70 0.000 9.999 0.259000  0.38 0.000000  0.476 0.000  1.169 0.000  2.104 0.000  10.350 0.000   2.610 0.000   7.738 0.000 0.046 0.000  0.610 0.000
 18.208333  19.208333  20.65 0.000  3.09 0.000 0.011 0.000000  0.55 0.000000  0.566 0.000  1.112 0.000  2.001 0.000  11.178 0.000   2.795 0.000   8.379 0.000 0.047 0.000  0.580 0.000
 21.208333  22.208333  16.81 0.000  2.35 0.000 9.999 0.259000  2.93 0.000000  0.165 0.000  1.051 0.000  1.893 0.000   7.509 0.000   2.404 0.000   5.104 0.000 0.042 0.000  0.504 0.000
 24.208333  25.208333  15.10 0.000  2.51 0.000 9.999 0.259000  0.20 0.000000  0.255 0.000  0.728 0.000  1.310 0.000   5.609 0.000   0.573 0.000   5.043 0.000 0.033 0.000  0.599 0.000
 27.208333  28.208333   9.36 0.000  1.74 0.000 9.999 0.259000  0.18 0.000000  0.213 0.000  0.879 0.000  1.583 0.000   6.018 0.000   1.856 0.000   4.161 0.000 0.040 0.000  0.389 0.000
 30.208333  31.208333  21.69 0.000  2.40 0.000 9.999 0.259000  0.38 0.000000  0.275 0.000  1.256 0.000  2.261 0.000  11.204 0.000   4.069 0.000   7.134 0.000 0.040 0.000  0.709 0.000
 33.208333  34.208333  70.10 0.000  6.41 0.000 9.999 0.259000  3.75 0.000000  0.643 0.000  1.937 0.000  3.487 0.000  19.777 0.000   8.666 0.000  11.109 0.000 0.068 0.000  0.742 0.000
 36.208333  37.208333  23.71 0.000  5.18 0.000 9.999 0.259000  0.49 0.000000  0.146 0.000  1.276 0.000  2.297 0.000  11.286 0.000   3.272 0.000   8.012 0.000 0.039 0.000  1.026 0.000
 39.208333  40.208333  14.90 0.000  2.06 0.000 9.999 0.259000  0.23 0.000000  0.188 0.000  1.022 0.000  1.839 0.000   5.258 0.000   0.808 0.000   4.451 0.000 0.025 0.000  0.486 0.000
 42.208333  43.208333  16.22 0.000  1.57 0.000 9.999 0.259000  0.23 0.000000  0.461 0.000  0.657 0.000  1.182 0.000   7.803 0.000   0.393 0.000   7.409 0.000 0.024 0.000  0.806 0.000
 45.208333  46.208333  16.55 0.000  1.81 0.000 9.999 0.259000  0.24 0.000000  0.064 0.000  0.575 0.000  1.036 0.000   6.223 0.000   1.117 0.000   5.109 0.000 0.017 0.000  0.890 0.000
 48.208333  49.208333  12.75 0.000  1.18 0.000 9.999 0.259000  0.27 0.000000  0.144 0.000  0.371 0.000  0.668 0.000   4.807 0.000   2.191 0.000   2.615 0.000 0.018 0.000  0.345 0.000
 51.208333  52.208333  13.64 0.000  2.84 0.000 9.999 0.259000  0.79 0.000000  0.179 0.000  0.934 0.000  1.681 0.000   7.875 0.000   0.651 0.000   7.224 0.000 0.026 0.000  1.293 0.000
 54.208333  55.208333  22.36 0.000  3.64 0.000 9.999 0.259000  0.30 0.000000  0.540 0.000  0.947 0.000  1.704 0.000   9.672 0.000   3.163 0.000   6.507 0.000 0.034 0.000  0.362 0.000
 57.208333  58.208333  12.47 0.000  2.58 0.000 9.999 0.259000  0.21 0.000000  0.078 0.000  0.850 0.000  1.530 0.000   6.697 0.000   1.994 0.000   4.702 0.000 0.025 0.000  0.647 0.000
 60.208333  61.208333  10.69 0.000  1.42 0.000 9.999 0.259000 99.99 0.259000  0.071 0.000  0.419 0.000  0.755 0.000   5.205 0.000   2.274 0.000   2.930 0.000 0.016 0.000  0.491 0.000
 63.208333  64.208333  32.97 0.000  2.03 0.000 9.999 0.259000 99.99 0.259000  0.715 0.000  1.041 0.000  1.873 0.000  11.059 0.000   2.720 0.000   8.337 0.000 0.033 0.000  0.661 0.000
 66.208333  67.208333  14.18 0.000  1.45 0.000 9.999 0.259000  0.06 0.000000  0.124 0.000  0.470 0.000  0.847 0.000   8.622 0.000   5.642 0.000   3.050 0.000 0.019 0.000  0.457 0.000
 69.208333  70.208333  36.96 0.000  3.42 0.000 9.999 0.259000  0.51 0.000000  0.528 0.000  1.362 0.000  2.451 0.000  14.818 0.000   3.546 0.000  11.269 0.000 0.044 0.000  1.598 0.000
 72.208333  73.208333  19.22 0.000  1.89 0.000 9.999 0.259000  0.05 0.000000  0.339 0.000  0.662 0.000  1.191 0.000   6.484 0.000   1.372 0.000   5.111 0.000 0.022 0.000  0.688 0.000
 75.208333  76.208333  46.14 0.000  2.78 0.000 9.999 0.259000 99.99 0.259000  1.073 0.000  0.987 0.000  1.776 0.000  19.202 0.000   5.686 0.000  13.512 0.000 0.042 0.000  1.299 0.000
 78.208333  79.208333  27.28 0.000  5.38 0.000 9.999 0.259000  0.54 0.000000  1.334 0.000  1.974 0.000  3.553 0.000  21.513 0.000   1.766 0.000  19.744 0.000 0.058 0.000  1.771 0.000
 81.208333  82.208333  29.26 0.000  2.30 0.000 9.999 0.259000 99.99 0.259000  0.494 0.000  0.704 0.000  1.268 0.000  10.178 0.000   4.269 0.000   5.909 0.000 0.037 0.000  0.422 0.000
 84.208333  85.208333  27.71 0.000  3.32 0.000 9.999 0.259000 99.99 0.259000  0.128 0.000  0.726 0.000  1.307 0.000   9.766 0.000   3.019 0.000   6.746 0.000 0.037 0.000  1.036 0.000
 87.208333  88.208333   6.05 0.000  1.14 0.000 9.999 0.259000  0.16 0.000000  0.152 0.000  0.448 0.000  0.806 0.000   4.138 0.000   0.813 0.000   3.335 0.000 0.021 0.000  0.452 0.000
 90.208333  91.208333  13.73 0.000  1.75 0.000 9.999 0.259000  0.29 0.000000  0.128 0.000  0.496 0.000  0.892 0.000   7.198 0.000   2.045 0.000   5.152 0.000 0.016 0.000  0.903 0.000
 93.208333  94.208333  14.99 0.000  1.38 0.000 9.999 0.259000  0.31 0.000000  0.070 0.000  0.359 0.000  0.647 0.000   3.557 0.000   1.512 0.000   2.045 0.000 0.013 0.000  0.275 0.000
 96.208333  97.208333  41.18 0.000  3.51 0.000 9.999 0.259000  0.34 0.000000  0.159 0.000  2.150 0.000  3.869 0.000  18.395 0.000   4.957 0.000  13.435 0.000 0.060 0.000  1.679 0.000
 99.208333 100.208333  21.75 0.000  4.43 0.000 9.999 0.259000  0.10 0.000000  0.080 0.000  1.036 0.000  1.864 0.000   7.532 0.000   2.805 0.000   4.726 0.000 0.041 0.000  0.476 0.000
102.208333 103.208333  27.84 0.000  1.73 0.000 9.999 0.259000 99.99 0.259000  0.111 0.000  0.513 0.000  0.923 0.000  47.108 0.000  44.411 0.000   2.698 0.000 0.028 0.000  0.256 0.000
105.208333 106.208333  48.30 0.000  2.20 0.000 9.999 0.259000  0.37 0.000000  0.046 0.000  0.770 0.000  1.387 0.000  11.380 0.000   7.437 0.000   3.942 0.000 0.044 0.000  0.395 0.000
108.208333 109.208333  70.66 0.000  3.39 0.000 0.009 0.000000  0.14 0.000000  0.070 0.000  1.430 0.000  2.574 0.000  19.921 0.000  10.193 0.000   9.874 0.000 0.064 0.000  1.286 0.000
111.208333 112.208333  40.15 0.000  3.23 0.000 9.999 0.259000  0.59 0.000000  0.246 0.000  0.694 0.000  1.249 0.000  12.979 0.000   8.626 0.000   4.352 0.000 0.029 0.000  0.437 0.000
114.208333 115.208333   9.81 0.000  1.29 0.000 9.999 0.259000 99.99 0.259000  0.013 0.000  0.308 0.000  0.554 0.000   3.221 0.000   0.695 0.000   2.525 0.000 0.014 0.000  0.401 0.000
117.208333 118.208333  17.51 0.000  1.05 0.000 9.999 0.259000  0.19 0.000000  0.216 0.000  0.529 0.000  0.953 0.000   5.984 0.000   1.839 0.000   4.144 0.000 0.018 0.000  0.674 0.000
120.208333 121.208333  15.75 0.000  4.04 0.000 9.999 0.259000 99.99 0.259000  0.334 0.000  1.218 0.000  2.193 0.000   8.130 0.000   1.636 0.000   6.494 0.000 0.026 0.000  0.966 0.000
123.208333 124.208333  21.16 0.000  2.37 0.000 9.999 0.259000 99.99 0.259000  0.437 0.000  0.468 0.000  0.842 0.000   9.166 0.000   1.953 0.000   7.213 0.000 0.021 0.000  1.043 0.000
126.208333 127.208333  40.46 0.000  2.47 0.000 9.999 0.259000  0.52 0.000000  0.120 0.000  0.860 0.000  1.548 0.000  13.159 0.000   4.415 0.000   8.742 0.000 0.034 0.000  1.341 0.000
129.208333 130.208333  71.23 0.000  3.11 0.000 9.999 0.259000  0.28 0.000000  0.054 0.000  1.233 0.000  2.220 0.000  20.828 0.000  12.272 0.000   8.729 0.000 0.050 0.000  1.032 0.000
132.208333 133.208333  52.95 0.000  4.77 0.000 9.999 0.259000  0.11 0.000000  0.084 0.000  0.551 0.000  0.992 0.000  13.309 0.000   9.526 0.000   3.783 0.000 0.039 0.000  0.383 0.000
135.208333 136.208333  14.34 0.000  1.09 0.000 9.999 0.259000  0.22 0.000000  0.167 0.000  0.284 0.000  0.512 0.000   6.356 0.000   2.485 0.000   3.870 0.000 0.011 0.000  0.598 0.000
138.208333 139.208333  28.51 0.000  2.12 0.000 9.999 0.259000  0.11 0.000000  0.043 0.000  0.544 0.000  0.979 0.000   8.936 0.000   4.084 0.000   4.851 0.000 0.023 0.000  0.684 0.000
141.208333 142.208333   8.91 0.000  1.43 0.000 9.999 0.259000 99.99 0.259000  0.232 0.000  0.467 0.000  0.841 0.000   5.469 0.000   1.643 0.000   3.825 0.000 0.013 0.000  0.528 0.000
144.208333 145.208333  19.02 0.000  1.20 0.000 9.999 0.259000 99.99 0.259000  0.259 0.000  0.965 0.000  1.737 0.000   7.082 0.000   3.777 0.000   3.304 0.000 0.025 0.000  0.331 0.000
147.208333 148.208333  15.41 0.000  2.06 0.000 9.999 0.259000 99.99 0.259000  0.059 0.000  1.087 0.000  1.956 0.000   8.235 0.000   3.415 0.000   4.819 0.000 0.020 0.000  0.617 0.000
150.208333 151.208333  22.82 0.000  2.20 0.000 9.999 0.259000  0.28 0.000000  0.107 0.000  1.348 0.000  2.427 0.000  11.117 0.000   4.318 0.000   6.906 0.000 0.022 0.000  0.924 0.000
153.208333 154.208333  35.78 0.000  3.11 0.000 9.999 0.259000  0.38 0.000000  0.128 0.000  0.887 0.000  1.597 0.000  13.775 0.000   6.016 0.000   7.758 0.000 0.022 0.000  0.983 0.000
156.208333 157.208333  21.70 0.000  2.04 0.000 9.999 0.259000  0.16 0.000000  0.024 0.000  1.999 0.000  3.597 0.000  30.905 0.000   7.535 0.000  23.372 0.000 0.039 0.000  4.414 0.000
159.208333 160.208333  43.34 0.000  2.63 0.000 9.999 0.259000  0.27 0.000000  0.038 0.000  2.374 0.000  4.274 0.000  25.325 0.000   4.360 0.000  20.961 0.000 0.039 0.000  3.066 0.000
162.208333 163.208333  34.55 0.000  2.75 0.000 0.013 0.000000  0.10 0.000000  0.031 0.000  2.216 0.000  3.988 0.000  30.991 0.000   5.569 0.000  25.418 0.000 0.049 0.000  4.425 0.000
165.208333 166.208333  19.88 0.000  1.73 0.000 9.999 0.259000 99.99 0.259000  0.035 0.000  0.412 0.000  0.743 0.000  12.461 0.000   4.370 0.000   8.091 0.000 0.026 0.000  1.267 0.000
168.208333 169.208333 999.99 0.999 99.99 0.999 9.999 0.999000 99.99 0.999000 99.999 0.999 99.999 0.999 99.999 0.999 999.999 0.999 999.999 0.999 999.999 0.999 9.999 0.999 99.999 0.999
171.208333 172.208333 999.99 0.999 99.99 0.999 9.999 0.999000 99.99 0.999000 99.999 0.999 99.999 0.999 99.999 0.999 999.999 0.999 999.999 0.999 999.999 0.999 9.999 0.999 99.999 0.999
174.208333 175.208333  37.16 0.000  2.53 0.000 9.999 0.259000  0.14 0.000000  0.018 0.000  2.863 0.000  5.154 0.000  21.608 0.000   4.292 0.000  17.312 0.000 0.033 0.000  2.622 0.000
177.208333 178.208333  42.55 0.000  8.95 0.000 9.999 0.259000  0.22 0.000000  0.028 0.000  3.773 0.000  6.791 0.000  34.101 0.000   4.609 0.000  29.485 0.000 0.062 0.000  4.485 0.000
180.208333 181.208333  35.10 0.000  2.65 0.000 9.999 0.259000  0.20 0.000000  0.162 0.000  2.780 0.000  5.003 0.000  29.154 0.000   4.967 0.000  24.183 0.000 0.059 0.000  4.088 0.000
183.208333 184.208333  13.60 0.000  2.21 0.000 9.999 0.259000  0.28 0.000000  0.020 0.000  1.231 0.000  2.215 0.000   7.306 0.000   3.118 0.000   4.188 0.000 0.064 0.000  0.272 0.000
186.208333 187.208333  17.66 0.000  1.24 0.000 9.999 0.259000  0.12 0.000000  0.138 0.000  1.139 0.000  2.051 0.000  11.131 0.000   3.157 0.000   7.973 0.000 0.040 0.000  1.032 0.000
189.208333 190.208333  10.64 0.000  1.34 0.000 9.999 0.259000  0.15 0.000000  0.116 0.000  1.125 0.000  2.026 0.000  10.041 0.000   3.656 0.000   6.384 0.000 0.021 0.000  0.740 0.000
192.208333 193.208333  48.12 0.000  3.78 0.000 9.999 0.259000  0.11 0.000000  0.032 0.000  4.024 0.000  7.242 0.000  23.343 0.000   4.723 0.000  18.676 0.000 0.066 0.000  1.714 0.000
195.208333 196.208333  89.09 0.000  1.95 0.000 9.999 0.259000  0.68 0.000000  0.039 0.000  1.496 0.000  2.693 0.000  30.549 0.000   4.865 0.000  25.679 0.000 0.055 0.000  4.679 0.000
198.208333 199.208333  26.76 0.000  2.32 0.000 9.999 0.259000  0.07 0.000000  0.017 0.000  1.437 0.000  2.586 0.000  26.890 0.000   3.955 0.000  22.932 0.000 0.037 0.000  4.466 0.000
201.208333 202.208333  36.21 0.000  2.31 0.000 0.017 0.000000 99.99 0.259000  0.029 0.000  2.175 0.000  3.914 0.000  17.500 0.000   4.826 0.000  12.672 0.000 0.039 0.000  1.584 0.000
204.208333 205.208333  19.78 0.000  2.07 0.000 9.999 0.259000 99.99 0.259000  0.017 0.000  2.293 0.000  4.127 0.000  12.329 0.000   3.039 0.000   9.288 0.000 0.031 0.000  0.873 0.000
207.208333 208.208333  18.65 0.000  0.77 0.000 0.009 0.000000 99.99 0.259000  0.026 0.000  1.000 0.000  1.801 0.000 999.999 0.456   3.184 0.000   6.655 0.000 0.021 0.000  0.839 0.000
210.208333 211.208333  30.79 0.000  2.65 0.000 9.999 0.259000  0.15 0.000000  0.049 0.000  1.629 0.000  2.932 0.000  17.430 0.000   3.507 0.000  13.921 0.000 0.027 0.000  2.095 0.000
213.208333 214.208333  38.37 0.000  2.49 0.000 9.999 0.259000  0.12 0.000000  0.065 0.000  2.136 0.000  3.844 0.000  20.002 0.000   5.245 0.000  14.824 0.000 0.038 0.000  2.051 0.000
216.208333 217.208333  40.36 0.000  3.09 0.000 9.999 0.259000  0.09 0.000000  0.016 0.000  1.429 0.000  2.572 0.000  19.927 0.000   5.159 0.000  14.766 0.000 0.030 0.000  2.299 0.000
219.208333 220.208333  33.95 0.000  2.47 0.000 9.999 0.259000  0.18 0.000000  0.022 0.000  2.273 0.000  4.091 0.000  21.657 0.000   3.352 0.000  18.302 0.000 0.040 0.000  2.897 0.000
222.208333 223.208333  40.27 0.000  1.55 0.000 9.999 0.259000  0.10 0.000000  0.036 0.000  2.072 0.000  3.730 0.000  18.442 0.000   3.118 0.000  15.322 0.000 0.053 0.000  2.242 0.000
225.208333 226.208333  30.21 0.000  3.07 0.000 9.999 0.259000 99.99 0.259000  0.115 0.000  1.829 0.000  3.293 0.000  13.101 0.000   3.625 0.000   9.475 0.000 0.044 0.000  1.120 0.000
228.208333 229.208333  24.98 0.000  1.50 0.000 9.999 0.259000 99.99 0.259000  0.026 0.000  1.503 0.000  2.706 0.000  11.740 0.000   4.325 0.000   7.413 0.000 0.033 0.000  0.661 0.000
231.208333 232.208333  16.06 0.000  1.53 0.000 9.999 0.259000  0.30 0.000000  0.014 0.000  0.939 0.000  1.690 0.000  14.973 0.000   2.922 0.000  12.049 0.000 0.023 0.000  2.165 0.000
234.208333 235.208333  16.78 0.000  2.02 0.000 9.999 0.259000 99.99 0.259000  0.030 0.000  0.575 0.000  1.034 0.000   5.977 0.000   2.643 0.000   3.369 0.000 0.016 0.000  0.395 0.000
237.208333 238.208333  36.25 0.000  1.51 0.000 9.999 0.259000  0.15 0.000000  0.022 0.000  1.442 0.000  2.595 0.000  15.423 0.000   4.591 0.000  10.830 0.000 0.025 0.000  1.379 0.000
240.208333 241.208333  22.88 0.000  2.92 0.000 9.999 0.259000 99.99 0.259000  0.016 0.000  1.366 0.000  2.459 0.000  27.563 0.000   1.697 0.000  25.862 0.000 0.031 0.000  5.181 0.000
243.208333 244.208333  16.22 0.000  3.55 0.000 9.999 0.259000  0.16 0.000000  0.052 0.000  1.019 0.000  1.834 0.000  11.475 0.000   4.233 0.000   7.241 0.000 0.020 0.000  0.975 0.000
246.208333 247.208333   4.48 0.000  2.66 0.000 9.999 0.259000 99.99 0.259000  0.032 0.000  0.692 0.000  1.245 0.000   5.043 0.000   2.028 0.000   3.015 0.000 0.025 0.000  0.292 0.000
249.208333 250.208333 999.99 0.999 99.99 0.999 9.999 0.999000 99.99 0.999000 99.999 0.999 99.999 0.999 99.999 0.999 999.999 0.999 999.999 0.999 999.999 0.999 9.999 0.999 99.999 0.999
252.208333 253.208333  18.47 0.000  3.23 0.000 9.999 0.259000 99.99 0.259000  0.031 0.000  1.076 0.000  1.936 0.000   8.961 0.000   3.840 0.000   5.121 0.000 0.018 0.000  0.566 0.000
255.208333 256.208333  56.88 0.000  5.23 0.000 9.999 0.259000  0.28 0.000000  0.022 0.000  1.946 0.000  3.503 0.000  35.507 0.000   4.946 0.000  30.616 0.000 0.045 0.000  6.178 0.000
258.208333 259.208333  39.74 0.394  2.63 0.394 9.999 0.394259  0.86 0.394000  0.118 0.394  1.338 0.000  2.408 0.000  24.657 0.000   7.185 0.000  17.598 0.000 0.040 0.394  3.102 0.394
