scripts/IMPROVE-2019_partial/data/US0065R.20080101050000.20191216000000.filterpack...52w.3d.US03L_filterpack_US0065.US03L_IMPROVE_Davis.lev2.nas
51 1001
MISSING INFORMATION
US03L, IMPROVE, , , , , , , 
MISSING INFORMATION
IMPROVE sel_HTAP
1 1
2008 01 01 2019 12 16
3.000000
days from file reference point
4
1 1 1 1
999.999999 999.999 999.999 9.999
end_time of measurement, days from the file reference point
pm10_mass, ug/m3, Matrix=pm10
pm25_mass, ug/m3, Matrix=pm25
numflag, no unit
0
33
Data definition:              EBAS_1.1
Set type code:                TU
Timezone:                     UTC
File name:                    US0065R.20080101050000.20191216000000.filterpack...52w.3d.US03L_filterpack_US0065.US03L_IMPROVE_Davis.lev2.nas
File creation:                20191218115942
Startdate:                    20080101050000
Revision date:                20191216000000
Version:                      2
Version description:          "Data extracted from http://views.cira.colostate.edu/fed/DataWizard 2019-12-16"
Statistics:                   arithmetic mean
Data level:                   2
Period code:                  52w
Resolution code:              3d
Sample duration:              1d
Orig. time res.:              3d
Station code:                 US0065R
Platform code:                US0065S
Station name:                 Addison Pinnacle
Station latitude:             42.0912
Station longitude:            -77.2099
Station altitude:             512.0 m
Regime:                       IMG
Component:                    
Unit:                         ug/m3
Matrix:                       
Laboratory code:              US03L
Instrument type:              filterpack
Instrument name:              filterpack_US0065
Method ref:                   US03L_IMPROVE_Davis
Blank correction:             Blank corrected
Volume std. temperature:      ambient
Volume std. pressure:         ambient
starttime endtime PM10 PM2.5 flag
  0.208333   1.208333   7.726   6.923 0.000
  3.208333   4.208333  10.107   7.327 0.000
  6.208333   7.208333  10.641   9.298 0.000
  9.208333  10.208333   9.538   8.261 0.000
 12.208333  13.208333  11.927  10.583 0.000
 15.208333  16.208333   4.329   3.756 0.000
 18.208333  19.208333   8.188   6.521 0.000
 21.208333  22.208333   9.661   6.281 0.000
 24.208333  25.208333  10.148   4.777 0.000
 27.208333  28.208333  15.449  14.419 0.000
 30.208333  31.208333  11.607   6.091 0.000
 33.208333  34.208333  17.171  15.675 0.000
 36.208333  37.208333   1.508   1.183 0.000
 39.208333  40.208333   7.996   7.654 0.000
 42.208333  43.208333   9.261   7.803 0.000
 45.208333  46.208333   8.135   6.941 0.000
 48.208333  49.208333   6.287   5.656 0.000
 51.208333  52.208333   5.699   3.178 0.000
 54.208333  55.208333  12.163   9.807 0.000
 57.208333  58.208333   4.318   3.332 0.000
 60.208333  61.208333   7.713   7.051 0.000
 63.208333  64.208333   4.500   3.753 0.000
 66.208333  67.208333  14.381  12.886 0.000
 69.208333  70.208333  12.543  10.692 0.000
 72.208333  73.208333  13.404  10.684 0.000
 75.208333  76.208333   6.971   6.215 0.000
 78.208333  79.208333   6.398   6.090 0.000
 81.208333  82.208333   4.658   2.815 0.000
 84.208333  85.208333  10.159   6.950 0.000
 87.208333  88.208333   3.809   3.031 0.000
 90.208333  91.208333   6.607   5.857 0.000
 93.208333  94.208333  10.773   6.745 0.000
 96.208333  97.208333   7.367   5.780 0.000
 99.208333 100.208333  14.194  11.162 0.000
102.208333 103.208333   6.901   5.069 0.000
105.208333 106.208333   6.041   3.073 0.000
108.208333 109.208333  31.811  17.238 0.000
111.208333 112.208333  19.375  10.236 0.000
114.208333 115.208333   8.912   4.074 0.000
117.208333 118.208333  10.624   6.712 0.000
120.208333 121.208333   7.908   5.103 0.000
123.208333 124.208333  23.950  20.102 0.000
126.208333 127.208333  14.864   8.370 0.000
129.208333 130.208333   7.615   3.785 0.000
132.208333 133.208333   6.445   2.582 0.000
135.208333 136.208333  13.827   5.346 0.000
138.208333 139.208333   4.567   3.169 0.000
141.208333 142.208333   8.090   4.382 0.000
144.208333 145.208333   6.909   3.757 0.000
147.208333 148.208333  16.029   9.770 0.000
150.208333 151.208333  18.902   7.109 0.000
153.208333 154.208333   8.846   5.408 0.000
156.208333 157.208333  23.051  17.416 0.000
159.208333 160.208333  21.236  15.730 0.000
162.208333 163.208333  14.267   6.496 0.000
165.208333 166.208333  20.877  16.997 0.000
168.208333 169.208333   6.154   3.223 0.000
171.208333 172.208333  12.524   8.385 0.000
174.208333 175.208333  10.279   7.123 0.000
177.208333 178.208333  19.710  12.929 0.000
180.208333 181.208333  15.112  10.647 0.000
183.208333 184.208333  13.538   8.367 0.000
186.208333 187.208333   9.202   6.258 0.000
189.208333 190.208333  30.433  25.318 0.000
192.208333 193.208333  18.752  11.334 0.000
195.208333 196.208333  11.581   6.292 0.000
198.208333 199.208333  18.152  13.059 0.000
201.208333 202.208333  28.646  23.110 0.000
204.208333 205.208333   9.817   7.224 0.000
207.208333 208.208333  24.153  19.359 0.000
210.208333 211.208333  16.357  12.105 0.000
213.208333 214.208333   9.621   6.490 0.000
216.208333 217.208333   8.867   6.158 0.000
219.208333 220.208333   6.195   3.773 0.000
222.208333 223.208333   6.127   4.638 0.000
225.208333 226.208333   9.876   6.822 0.000
228.208333 229.208333   6.620   4.067 0.000
231.208333 232.208333   7.316   4.656 0.000
234.208333 235.208333  21.567  14.556 0.000
237.208333 238.208333   7.940   4.742 0.000
240.208333 241.208333   7.200   3.788 0.000
243.208333 244.208333   8.303   5.307 0.000
246.208333 247.208333  12.713   8.392 0.000
249.208333 250.208333  10.948   8.476 0.000
252.208333 253.208333   9.953   6.624 0.000
255.208333 256.208333   8.850   6.035 0.000
258.208333 259.208333 999.999 999.999 0.999
261.208333 262.208333   8.793   3.651 0.000
264.208333 265.208333  21.309  16.492 0.000
267.208333 268.208333  11.333   6.014 0.000
270.208333 271.208333   2.236   1.125 0.000
273.208333 274.208333  15.191  12.244 0.000
276.208333 277.208333   3.033   2.028 0.000
279.208333 280.208333   4.915   3.429 0.000
282.208333 283.208333   7.401   5.541 0.000
285.208333 286.208333  10.448   5.867 0.000
288.208333 289.208333   9.130   4.939 0.000
291.208333 292.208333   3.019   1.904 0.000
294.208333 295.208333   5.157   3.507 0.000
297.208333 298.208333  11.158   7.492 0.000
300.208333 301.208333   6.893   3.042 0.000
303.208333 304.208333   2.463   1.473 0.000
306.208333 307.208333   5.422   3.346 0.000
309.208333 310.208333  18.668  14.618 0.000
312.208333 313.208333  10.877   6.079 0.000
315.208333 316.208333   5.195   3.894 0.000
318.208333 319.208333   6.495   5.421 0.000
321.208333 322.208333   2.956   2.476 0.000
324.208333 325.208333   6.311   5.598 0.000
327.208333 328.208333   8.413   6.593 0.000
330.208333 331.208333   4.210   3.557 0.000
333.208333 334.208333   4.482   3.718 0.000
336.208333 337.208333   3.750   3.005 0.000
339.208333 340.208333   5.399   4.141 0.000
342.208333 343.208333   5.064   2.483 0.000
345.208333 346.208333   9.658   8.679 0.000
348.208333 349.208333  11.165   9.603 0.000
351.208333 352.208333   4.496   3.922 0.000
354.208333 355.208333   6.536   5.661 0.000
357.208333 358.208333  10.947   8.633 0.000
360.208333 361.208333  14.206  11.481 0.000
363.208333 364.208333   5.834   3.820 0.000
