scripts/IMPROVE-2019_partial/data/US0010U.20100102060000.20191216000000.filterpack...52w.3d.US03L_filterpack_US0010.US03L_IMPROVE_Davis.lev2.nas
52 1001
MISSING INFORMATION
US03L, IMPROVE, , , , , , , 
MISSING INFORMATION
IMPROVE sel_HTAP
1 1
2010 01 01 2019 12 16
3.00
days from file reference point
5
1 1 1 1 1
999.99 999.999 9.999 999.999 9.999
end_time of measurement, days from the file reference point
pm10_mass, ug/m3, Matrix=pm10
numflag pm10_mass, no unit, Matrix=pm10
pm25_mass, ug/m3, Matrix=pm25
numflag pm25_mass, no unit, Matrix=pm25
0
33
Data definition:              EBAS_1.1
Set type code:                TU
Timezone:                     UTC
File name:                    US0010U.20100102060000.20191216000000.filterpack...52w.3d.US03L_filterpack_US0010.US03L_IMPROVE_Davis.lev2.nas
File creation:                20191218115604
Startdate:                    20100102060000
Revision date:                20191216000000
Version:                      2
Version description:          "Data extracted from http://views.cira.colostate.edu/fed/DataWizard 2019-12-16"
Statistics:                   arithmetic mean
Data level:                   2
Period code:                  52w
Resolution code:              3d
Sample duration:              1d
Orig. time res.:              3d
Station code:                 US0010U
Platform code:                US0010S
Station name:                 Birmingham
Station latitude:             33.5531
Station longitude:            -86.8148
Station altitude:             175.0 m
Regime:                       IMG
Component:                    
Unit:                         ug/m3
Matrix:                       
Laboratory code:              US03L
Instrument type:              filterpack
Instrument name:              filterpack_US0010
Method ref:                   US03L_IMPROVE_Davis
Blank correction:             Blank corrected
Volume std. temperature:      ambient
Volume std. pressure:         ambient
starttime endtime PM10 flag_PM10 PM2.5 flag_PM2.5
  1.25   2.25   5.819 0.000   5.363 0.000
  4.25   5.25  12.239 0.000   7.422 0.000
  7.25   8.25  12.480 0.000   7.958 0.000
 10.25  11.25  26.755 0.000  12.790 0.000
 13.25  14.25 999.999 0.999 999.999 0.999
 16.25  17.25 999.999 0.999 999.999 0.999
 19.25  20.25  11.591 0.000   6.543 0.000
 22.25  23.25  15.495 0.000   9.488 0.000
 25.25  26.25  11.872 0.000   3.874 0.000
 28.25  29.25  15.351 0.000   9.457 0.000
 31.25  32.25   4.529 0.000  10.129 0.000
 34.25  35.25  24.462 0.000 999.999 0.456
 37.25  38.25  14.268 0.000  12.192 0.000
 40.25  41.25  11.624 0.000   8.422 0.000
 43.25  44.25  15.801 0.000  10.641 0.000
 46.25  47.25   8.051 0.000   5.024 0.000
 49.25  50.25  32.772 0.000  12.040 0.000
 52.25  53.25  11.442 0.000   8.063 0.000
 55.25  56.25  12.604 0.000   7.355 0.000
 58.25  59.25  14.692 0.000  10.046 0.000
 61.25  62.25  16.701 0.000  10.586 0.000
 64.25  65.25  24.084 0.000  12.416 0.000
 67.25  68.25 999.999 0.456  12.653 0.000
 70.25  71.25   9.411 0.000   4.551 0.000
 73.25  74.25   7.267 0.000   4.992 0.000
 76.25  77.25  20.368 0.000  12.327 0.000
 79.25  80.25   8.989 0.000   6.525 0.000
 82.25  83.25  46.283 0.000  21.573 0.000
 85.25  86.25  15.448 0.000   8.492 0.000
 88.25  89.25  45.292 0.000  13.095 0.000
 91.25  92.25  26.402 0.000  11.767 0.000
 94.25  95.25  26.803 0.000  13.043 0.000
 97.25  98.25  20.905 0.000   7.445 0.000
100.25 101.25  58.978 0.000  25.894 0.000
103.25 104.25  97.339 0.000  30.002 0.000
106.25 107.25  43.198 0.000  19.423 0.000
109.25 110.25  28.094 0.000  11.049 0.000
112.25 113.25  35.306 0.000  14.541 0.000
115.25 116.25   9.841 0.000   4.792 0.000
118.25 119.25  38.227 0.000  15.677 0.000
121.25 122.25  40.301 0.000  16.040 0.000
124.25 125.25  43.465 0.000  15.997 0.000
127.25 128.25  16.813 0.000   7.655 0.000
130.25 131.25  21.282 0.000  11.734 0.000
133.25 134.25  37.301 0.000  17.513 0.000
136.25 137.25  13.572 0.000   6.545 0.000
139.25 140.25  23.194 0.000  10.542 0.000
142.25 143.25  29.964 0.000  20.565 0.000
145.25 146.25 999.999 0.999 999.999 0.999
148.25 149.25 999.999 0.999 999.999 0.999
151.25 152.25  21.288 0.000  13.613 0.000
154.25 155.25  17.616 0.000  10.134 0.000
157.25 158.25  19.141 0.000   9.420 0.000
160.25 161.25 999.999 0.999 999.999 0.999
163.25 164.25 999.999 0.999 999.999 0.999
166.25 167.25  26.271 0.000  15.072 0.000
169.25 170.25  32.481 0.000  16.719 0.000
172.25 173.25  18.781 0.000  10.450 0.000
175.25 176.25  23.923 0.000  11.287 0.000
178.25 179.25  20.499 0.000  10.092 0.000
181.25 182.25  28.419 0.000  17.596 0.000
184.25 185.25  24.159 0.000  16.246 0.000
187.25 188.25  26.398 0.000  13.011 0.000
190.25 191.25  16.656 0.000  10.020 0.000
193.25 194.25  34.433 0.000  15.299 0.000
196.25 197.25  29.117 0.000  14.471 0.000
199.25 200.25  17.304 0.000   8.377 0.000
202.25 203.25  43.885 0.000  21.197 0.000
205.25 206.25  16.650 0.000   9.992 0.000
208.25 209.25  14.816 0.000   5.503 0.000
211.25 212.25  24.654 0.000  13.305 0.000
214.25 215.25  31.111 0.000  17.084 0.000
217.25 218.25  25.932 0.000  15.992 0.000
220.25 221.25  28.564 0.000  16.999 0.000
223.25 224.25  25.812 0.000  11.629 0.000
226.25 227.25  19.579 0.000  12.588 0.000
229.25 230.25  14.930 0.000   7.139 0.000
232.25 233.25  21.391 0.000  10.605 0.000
235.25 236.25  27.838 0.000  15.177 0.000
238.25 239.25  25.652 0.000  16.133 0.000
241.25 242.25  24.336 0.000  14.335 0.000
244.25 245.25  46.984 0.000  25.726 0.000
247.25 248.25  28.283 0.000  13.717 0.000
250.25 251.25  37.811 0.000  17.255 0.000
253.25 254.25  27.753 0.000  12.254 0.000
256.25 257.25  72.581 0.000  22.806 0.000
259.25 260.25  36.446 0.000  16.486 0.000
262.25 263.25  77.680 0.000  31.350 0.000
265.25 266.25  48.787 0.000  17.430 0.000
268.25 269.25  15.207 0.000   6.585 0.000
271.25 272.25  27.588 0.000  12.293 0.000
274.25 275.25  19.160 0.000   8.940 0.000
277.25 278.25  27.389 0.000   9.170 0.000
280.25 281.25  91.902 0.000  29.827 0.000
283.25 284.25  80.408 0.000  28.803 0.000
286.25 287.25  20.722 0.000  11.883 0.000
289.25 290.25  74.337 0.000  24.938 0.000
292.25 293.25  30.314 0.000  14.619 0.000
295.25 296.25  30.124 0.000  11.162 0.000
298.25 299.25  11.902 0.000   5.691 0.000
301.25 302.25  16.067 0.000   7.975 0.000
304.25 305.25  52.932 0.000  24.387 0.000
307.25 308.25  14.995 0.000   7.666 0.000
310.25 311.25  18.777 0.000  12.567 0.000
313.25 314.25  53.233 0.000  23.390 0.000
316.25 317.25  23.859 0.000  13.977 0.000
319.25 320.25   8.099 0.000   4.421 0.000
322.25 323.25  30.905 0.000  14.665 0.000
325.25 326.25  16.536 0.000   7.182 0.000
328.25 329.25  10.509 0.000   5.263 0.000
331.25 332.25  23.738 0.000  13.850 0.000
334.25 335.25  11.225 0.000   6.015 0.000
337.25 338.25  30.604 0.000  16.384 0.000
340.25 341.25  15.331 0.000   9.107 0.000
343.25 344.25  38.391 0.000  18.919 0.000
346.25 347.25   7.370 0.000   3.245 0.000
349.25 350.25  14.452 0.000   7.686 0.000
352.25 353.25  20.816 0.000  14.712 0.000
355.25 356.25  17.765 0.000  10.813 0.000
358.25 359.25  23.521 0.000  15.509 0.000
361.25 362.25  42.222 0.000  23.269 0.000
364.25 365.25  14.579 0.000   8.474 0.000
