scripts/IMPROVE-2019_partial/data/US0070R.19990102080000.20191216000000.filterpack...1y.3d.US03L_filterpack_US0070.US03L_IMPROVE_Davis.lev2.nas
52 1001
MISSING INFORMATION
US03L, IMPROVE, , , , , , , 
MISSING INFORMATION
IMPROVE sel_HTAP
1 1
1999 01 01 2019 12 16
0
days from file reference point
5
1 1 1 1 1
999.999999 999.999 9.999 999.999 9.999
end_time of measurement, days from the file reference point
pm10_mass, ug/m3, Matrix=pm10
numflag pm10_mass, no unit, Matrix=pm10
pm25_mass, ug/m3, Matrix=pm25
numflag pm25_mass, no unit, Matrix=pm25
0
33
Data definition:              EBAS_1.1
Set type code:                TI
Timezone:                     UTC
File name:                    US0070R.19990102080000.20191216000000.filterpack...1y.3d.US03L_filterpack_US0070.US03L_IMPROVE_Davis.lev2.nas
File creation:                20191218120009
Startdate:                    19990102080000
Revision date:                20191216000000
Version:                      2
Version description:          "Data extracted from http://views.cira.colostate.edu/fed/DataWizard 2019-12-16"
Statistics:                   arithmetic mean
Data level:                   2
Period code:                  1y
Resolution code:              3d
Sample duration:              1d
Orig. time res.:              3d
Station code:                 US0070R
Platform code:                US0070S
Station name:                 Crater Lake NP
Station latitude:             42.8958
Station longitude:            -122.1361
Station altitude:             1996.0 m
Regime:                       IMG
Component:                    
Unit:                         ug/m3
Matrix:                       
Laboratory code:              US03L
Instrument type:              filterpack
Instrument name:              filterpack_US0070
Method ref:                   US03L_IMPROVE_Davis
Blank correction:             Blank corrected
Volume std. temperature:      ambient
Volume std. pressure:         ambient
starttime endtime PM10 flag_PM10 PM2.5 flag_PM2.5
  1.333333   2.333333   2.507 0.000   1.047 0.000
  5.333333   6.333333   7.734 0.000   0.915 0.000
  8.333333   9.333333   0.654 0.000   0.415 0.000
 12.333333  13.333333   4.234 0.000   0.983 0.000
 15.333333  16.333333   3.726 0.000   1.861 0.000
 19.333333  20.333333   5.634 0.000   0.544 0.000
 22.333333  23.333333   6.333 0.000   0.402 0.000
 26.333333  27.333333   1.115 0.000   1.173 0.000
 29.333333  30.333333   7.159 0.000   3.034 0.000
 33.333333  34.333333   1.060 0.000   0.509 0.000
 36.333333  37.333333   0.487 0.000 999.999 0.259
 40.333333  41.333333   3.116 0.000   0.782 0.000
 43.333333  44.333333   1.965 0.000   1.293 0.000
 47.333333  48.333333   5.405 0.000   0.805 0.000
 50.333333  51.333333   1.197 0.000   0.745 0.000
 54.333333  55.333333   5.259 0.000   2.166 0.000
 57.333333  58.333333   4.941 0.000   0.613 0.000
 61.333333  62.333333   1.444 0.000 999.999 0.999
 64.333333  65.333333   1.728 0.000   1.506 0.000
 68.333333  69.333333   1.660 0.000   1.249 0.000
 71.333333  72.333333   5.149 0.000   3.848 0.000
 75.333333  76.333333  11.890 0.000   3.002 0.000
 78.333333  79.333333   9.482 0.000   3.273 0.000
 82.333333  83.333333   5.832 0.000   2.612 0.000
 85.333333  86.333333 999.999 0.999   3.060 0.000
 89.333333  90.333333   1.055 0.000   1.300 0.000
 92.333333  93.333333   0.944 0.000   0.798 0.000
 96.333333  97.333333   3.157 0.000   2.442 0.000
 99.333333 100.333333   1.296 0.000   1.383 0.000
103.333333 104.333333   7.590 0.000   2.615 0.000
106.333333 107.333333   8.786 0.000   5.637 0.000
110.333333 111.333333   2.745 0.000 999.999 0.999
113.333333 114.333333   5.782 0.000   2.812 0.000
117.333333 118.333333   3.806 0.000   1.788 0.000
120.333333 121.333333   2.170 0.000   1.774 0.000
124.333333 125.333333   5.334 0.000   2.107 0.000
127.333333 128.333333   2.684 0.000   1.354 0.000
131.333333 132.333333   3.537 0.000   1.815 0.000
134.333333 135.333333 999.999 0.999   1.470 0.000
138.333333 139.333333   3.241 0.000   2.733 0.000
141.333333 142.333333   7.870 0.000   3.571 0.000
145.333333 146.333333   8.853 0.000   3.642 0.000
148.333333 149.333333   6.138 0.000   3.162 0.000
152.333333 153.333333 999.999 0.999   3.819 0.000
155.333333 156.333333   2.726 0.000 999.999 0.999
159.333333 160.333333   3.003 0.000   1.260 0.000
162.333333 163.333333   6.231 0.000   3.008 0.000
166.333333 167.333333   9.298 0.000   3.165 0.000
169.333333 170.333333   2.068 0.000 999.999 0.999
173.333333 174.333333   3.568 0.000 999.999 0.999
176.333333 177.333333   5.352 0.000 999.999 0.999
180.333333 181.333333   4.808 0.000   2.058 0.000
183.333333 184.333333   2.325 0.000 999.999 0.999
187.333333 188.333333   5.332 0.000 999.999 0.999
190.333333 191.333333  10.014 0.000   6.606 0.000
194.333333 195.333333 999.999 0.999   8.178 0.000
197.333333 198.333333   2.627 0.000   1.647 0.000
201.333333 202.333333  18.328 0.000   4.110 0.000
204.333333 205.333333   5.568 0.000   2.968 0.000
208.333333 209.333333  12.773 0.000   7.528 0.000
211.333333 212.333333   6.547 0.000   3.746 0.000
215.333333 216.333333  12.825 0.000   7.426 0.000
218.333333 219.333333   1.643 0.000   1.701 0.000
222.333333 223.333333   6.384 0.000   5.208 0.000
225.333333 226.333333   2.118 0.000   1.729 0.000
229.333333 230.333333   6.731 0.000   6.419 0.000
232.333333 233.333333 999.999 0.999   3.292 0.000
236.333333 237.333333 999.999 0.999   9.819 0.000
239.333333 240.333333  10.575 0.000  10.101 0.000
243.333333 244.333333   5.787 0.000   2.576 0.000
246.333333 247.333333   4.692 0.000   4.013 0.000
250.333333 251.333333  21.054 0.000  14.828 0.000
253.333333 254.333333   8.658 0.000   4.145 0.000
257.333333 258.333333  12.706 0.000   8.688 0.000
260.333333 261.333333  14.449 0.000   8.752 0.000
264.333333 265.333333  15.489 0.000   9.326 0.000
267.333333 268.333333   2.936 0.000   1.452 0.000
271.333333 272.333333   5.347 0.000   2.315 0.000
274.333333 275.333333   8.092 0.000   3.412 0.000
278.333333 279.333333   4.695 0.000   3.884 0.000
281.333333 282.333333   1.324 0.000   1.537 0.000
285.333333 286.333333   3.004 0.000   2.618 0.000
288.333333 289.333333   3.599 0.000   1.562 0.000
292.333333 293.333333   5.858 0.000   3.762 0.000
295.333333 296.333333  14.514 0.000   7.726 0.000
299.333333 300.333333   2.877 0.000   2.344 0.000
302.333333 303.333333  12.480 0.000   5.479 0.000
306.333333 307.333333   1.488 0.000   1.804 0.000
309.333333 310.333333   1.900 0.000   1.477 0.000
313.333333 314.333333 999.999 0.999 999.999 0.999
316.333333 317.333333 999.999 0.999 999.999 0.999
320.333333 321.333333   2.349 0.000   1.908 0.000
323.333333 324.333333   1.430 0.000   1.282 0.000
327.333333 328.333333 999.999 0.999   1.107 0.000
330.333333 331.333333   1.341 0.000   1.279 0.000
334.333333 335.333333   2.080 0.000   1.293 0.000
337.333333 338.333333   0.977 0.000   1.001 0.000
341.333333 342.333333   1.824 0.000   1.751 0.000
344.333333 345.333333   0.772 0.000   0.479 0.000
348.333333 349.333333 999.999 0.999 999.999 0.999
351.333333 352.333333 999.999 0.259   0.449 0.000
355.333333 356.333333 999.999 0.999 999.999 0.999
358.333333 359.333333   7.763 0.000   1.246 0.000
362.333333 363.333333   2.315 0.000   1.959 0.000
