scripts/IMPROVE-2019_partial/data/US0094R.20050101070000.20191216000000.filterpack..pm25.52w.1w.US03L_filterpack_US0094.US03L_IMPROVE_Davis.lev2.nas
64 1001
MISSING INFORMATION
US03L, IMPROVE, , , , , , , 
MISSING INFORMATION
IMPROVE sel_HTAP
1 1
2005 01 01 2019 12 16
3.000000
days from file reference point
25
1 1 1 1 1 1 1 1 1 1 1 1 1 1 1 1 1 1 1 1 1 1 1 1 1
999.999999 9999.99 9.999 99.99 9.999 9.999 9.999 99.99 9.999 9.999 9.999 99.999 9.999 999.999 9.999 999.999 9.999 999.999 9.999 999.999 9.999 9.999 9.999 9.999 9.999
end_time of measurement, days from the file reference point
iron, ng/m3, Revision date=20181210133000
numflag iron, no unit, Revision date=20181210133000
lead, ng/m3, Revision date=20181210133000
numflag lead, no unit, Revision date=20181210133000
magnesium, ug/m3, Revision date=20181210133000
numflag magnesium, no unit, Revision date=20181210133000
nickel, ng/m3, Revision date=20181210133000
numflag nickel, no unit, Revision date=20181210133000
nitrate, ug N/m3, Revision date=20181210133000
numflag nitrate, no unit, Revision date=20181210133000
organic_carbon, ug C/m3, Revision date=20181210133000
numflag organic_carbon, no unit, Revision date=20181210133000
organic_mass, ug/m3, Revision date=20181210133000
numflag organic_mass, no unit, Revision date=20181210133000
pm10_mass, ug/m3, Version=2, Version description=Data extracted from http://views.cira.colostate.edu/fed/DataWizard 2019-12-16, Sample duration=1d, Orig. time res.=3d, Matrix=pm10, Blank correction=Blank corrected, Volume std. temperature=ambient, Volume std. pressure=ambient
numflag pm10_mass, no unit, Version=2, Version description=Data extracted from http://views.cira.colostate.edu/fed/DataWizard 2019-12-16, Sample duration=1d, Orig. time res.=3d, Matrix=pm10, Blank correction=Blank corrected, Volume std. temperature=ambient, Volume std. pressure=ambient
pm10_pm25_mass, ug/m3, Revision date=20181210133000, Matrix=pm10_pm25
numflag pm10_pm25_mass, no unit, Revision date=20181210133000, Matrix=pm10_pm25
pm25_mass, ug/m3, Version=2, Version description=Data extracted from http://views.cira.colostate.edu/fed/DataWizard 2019-12-16, Sample duration=1d, Orig. time res.=3d, Blank correction=Blank corrected, Volume std. temperature=ambient, Volume std. pressure=ambient
numflag pm25_mass, no unit, Version=2, Version description=Data extracted from http://views.cira.colostate.edu/fed/DataWizard 2019-12-16, Sample duration=1d, Orig. time res.=3d, Blank correction=Blank corrected, Volume std. temperature=ambient, Volume std. pressure=ambient
potassium, ug/m3, Revision date=20181210133000
numflag potassium, no unit, Revision date=20181210133000
sulphate_total, ug S/m3, Revision date=20181210133000
numflag sulphate_total, no unit, Revision date=20181210133000
0
25
Data definition:              EBAS_1.1
Set type code:                TU
Timezone:                     UTC
File name:                    US0094R.20050101070000.20191216000000.filterpack..pm25.52w.1w.US03L_filterpack_US0094.US03L_IMPROVE_Davis.lev2.nas
File creation:                20191218120144
Startdate:                    20050101070000
Revision date:                20191216000000
Statistics:                   arithmetic mean
Data level:                   2
Period code:                  52w
Resolution code:              1w
Station code:                 US0094R
Platform code:                US0094S
Station name:                 Meadview
Station latitude:             36.0193
Station longitude:            -114.0684
Station altitude:             902.0 m
Regime:                       IMG
Component:                    
Matrix:                       pm25
Laboratory code:              US03L
Instrument type:              filterpack
Instrument name:              filterpack_US0094
Method ref:                   US03L_IMPROVE_Davis
starttime endtime Fe flag_Fe Pb flag_Pb Mg++ flag_Mg++ Ni flag_Ni NO3- flag_NO3- OC flag_OC OM flag_OM PM10 flag_PM10 PM10-PM2.5 flag_PM10-PM2.5 PM2.5 flag_PM2.5 K+ flag_K+ SO4-- flag_SO4--
  0.291667   1.291667    4.78 0.000  0.69 0.000 9.999 0.259  0.09 0.000 0.063 0.000  0.131 0.000   0.235 0.000   2.230 0.000   0.841 0.000   1.389 0.000 0.009 0.000 0.110 0.000
  3.291667   4.291667    1.57 0.000  0.54 0.000 9.999 0.259  0.11 0.000 0.008 0.000  0.044 0.000   0.080 0.000   0.331 0.000   0.058 0.000   0.274 0.000 0.003 0.000 0.023 0.000
  6.291667   7.291667    6.41 0.000  0.39 0.000 9.999 0.259 99.99 0.259 0.091 0.000  0.396 0.000   0.712 0.000   1.989 0.000   0.374 0.000   1.615 0.000 0.006 0.000 0.152 0.000
  9.291667  10.291667    2.51 0.000 99.99 0.259 9.999 0.259  0.20 0.000 0.005 0.000  0.089 0.000   0.161 0.000   0.535 0.000   0.142 0.000   0.393 0.000 0.003 0.000 0.028 0.000
 12.291667  13.291667   11.05 0.000  0.44 0.000 9.999 0.259  0.25 0.000 0.010 0.000  0.237 0.000   0.426 0.000   1.774 0.000   0.960 0.000   0.814 0.000 0.010 0.000 0.073 0.000
 15.291667  16.291667   13.29 0.000  0.32 0.000 9.999 0.259  0.19 0.000 0.011 0.000  0.265 0.000   0.477 0.000   1.562 0.000   0.930 0.000   0.631 0.000 0.012 0.000 0.044 0.000
 18.291667  19.291667    9.57 0.000  0.83 0.000 0.005 0.000 99.99 0.259 0.011 0.000  0.226 0.000   0.407 0.000   2.870 0.000   2.150 0.000   0.719 0.000 0.010 0.000 0.073 0.000
 21.291667  22.291667   12.46 0.000  0.49 0.000 9.999 0.259  0.29 0.000 0.015 0.000  0.362 0.000   0.652 0.000   3.029 0.000   1.669 0.000   1.359 0.000 0.015 0.000 0.108 0.000
 24.291667  25.291667   16.34 0.000  1.36 0.000 9.999 0.259  0.31 0.000 0.033 0.000  0.460 0.000   0.828 0.000   4.181 0.000   1.873 0.000   2.332 0.000 0.020 0.000 0.286 0.000
 27.291667  28.291667   10.94 0.000  0.30 0.000 9.999 0.259  0.25 0.000 0.094 0.000  0.280 0.000   0.504 0.000   3.534 0.000   1.716 0.000   1.818 0.000 0.012 0.000 0.212 0.000
 30.291667  31.291667    4.59 0.000  0.43 0.000 9.999 0.259  0.12 0.000 0.010 0.000  0.252 0.000   0.454 0.000   1.525 0.000   0.803 0.000   0.722 0.000 0.009 0.000 0.132 0.000
 33.291667  34.291667   10.32 0.000  0.79 0.000 9.999 0.259 99.99 0.259 0.024 0.000  0.222 0.000   0.399 0.000   3.043 0.000   1.302 0.000   1.741 0.000 0.009 0.000 0.191 0.000
 36.291667  37.291667   15.05 0.000  0.56 0.000 0.009 0.000  0.21 0.000 0.034 0.000  0.464 0.000   0.834 0.000   4.563 0.000   2.096 0.000   2.467 0.000 0.015 0.000 0.231 0.000
 39.291667  40.291667   11.48 0.000  0.40 0.000 9.999 0.259 99.99 0.259 0.006 0.000  0.128 0.000   0.231 0.000   1.808 0.000   0.782 0.000   1.025 0.000 0.007 0.000 0.056 0.000
 42.291667  43.291667    2.21 0.000  0.27 0.000 9.999 0.259  0.26 0.000 0.014 0.000  0.286 0.000   0.516 0.000   1.070 0.000   0.250 0.000   0.819 0.000 0.004 0.000 0.063 0.000
 45.291667  46.291667    7.94 0.000  0.71 0.000 9.999 0.259  0.23 0.000 0.061 0.000  0.392 0.000   0.705 0.000   3.571 0.000   0.790 0.000   2.788 0.000 0.007 0.000 0.303 0.000
 48.291667  49.291667    6.28 0.000  0.53 0.000 9.999 0.259  0.17 0.000 0.037 0.000  0.283 0.000   0.509 0.000   1.846 0.000   0.448 0.000   1.398 0.000 0.006 0.000 0.139 0.000
 51.291667  52.291667    4.97 0.000  0.38 0.000 9.999 0.259  0.19 0.000 0.026 0.000  0.189 0.000   0.340 0.000   1.807 0.000   0.689 0.000   1.118 0.000 0.006 0.000 0.078 0.000
 54.291667  55.291667    3.95 0.000 99.99 0.259 0.010 0.000 99.99 0.259 0.013 0.000  0.218 0.000   0.393 0.000   1.231 0.000   0.292 0.000   0.939 0.000 0.005 0.000 0.081 0.000
 57.291667  58.291667   10.49 0.000  0.61 0.000 9.999 0.259 99.99 0.259 0.017 0.000  2.837 0.000   5.107 0.000   2.176 0.000   0.037 0.000   2.139 0.000 0.008 0.000 0.132 0.000
 60.291667  61.291667   15.50 0.000  0.60 0.000 9.999 0.259 99.99 0.259 0.017 0.000  0.342 0.000   0.615 0.000   3.212 0.000   1.330 0.000   1.882 0.000 0.008 0.000 0.211 0.000
 63.291667  64.291667   12.27 0.000  0.67 0.000 9.999 0.259 99.99 0.259 0.016 0.000  0.379 0.000   0.682 0.000   1.931 0.000   0.291 0.000   1.640 0.000 0.010 0.000 0.164 0.000
 66.291667  67.291667   18.85 0.000  0.83 0.000 9.999 0.259 99.99 0.259 0.008 0.000  0.292 0.000   0.525 0.000   3.593 0.000   2.013 0.000   1.608 0.000 0.018 0.000 0.123 0.000
 69.291667  70.291667   39.32 0.000  0.86 0.000 9.999 0.259 99.99 0.259 0.021 0.000  0.402 0.000   0.723 0.000   6.234 0.000   3.723 0.000   2.510 0.000 0.041 0.000 0.118 0.000
 72.291667  73.291667   40.86 0.000  0.46 0.000 0.025 0.000 99.99 0.259 0.021 0.000  0.150 0.000   0.270 0.000   7.329 0.000   5.385 0.000   1.943 0.000 0.028 0.000 0.121 0.000
 75.291667  76.291667   72.81 0.000  2.04 0.000 9.999 0.259 99.99 0.259 0.087 0.000  0.409 0.000   0.736 0.000   8.141 0.000   4.435 0.000   3.705 0.000 0.050 0.000 0.301 0.000
 78.291667  79.291667   18.85 0.000  0.93 0.000 0.014 0.000 99.99 0.259 0.081 0.000  0.205 0.000   0.370 0.000   3.730 0.000   1.552 0.000   2.178 0.000 0.019 0.000 0.234 0.000
 81.291667  82.291667   28.08 0.000  0.33 0.000 9.999 0.259 99.99 0.259 0.025 0.000  0.148 0.000   0.267 0.000   7.256 0.000   5.580 0.000   1.676 0.000 0.016 0.000 0.086 0.000
 84.291667  85.291667    9.03 0.000  0.49 0.000 9.999 0.259 99.99 0.259 0.007 0.000  0.050 0.000   0.091 0.000   2.311 0.000   1.123 0.000   1.200 0.000 0.008 0.000 0.114 0.000
 87.291667  88.291667   51.99 0.000  0.91 0.000 9.999 0.259  2.56 0.000 0.019 0.000  0.208 0.000   0.375 0.000   8.211 0.000   5.990 0.000   2.320 0.000 0.032 0.000 0.175 0.000
 90.291667  91.291667   13.92 0.000  1.17 0.000 9.999 0.259 99.99 0.259 0.016 0.000  0.115 0.000   0.207 0.000   3.558 0.000   1.782 0.000   1.775 0.000 0.013 0.000 0.216 0.000
 93.291667  94.291667   41.43 0.000  1.35 0.000 9.999 0.259  0.18 0.000 0.060 0.000  0.262 0.000   0.471 0.000   7.937 0.000   5.023 0.000   2.914 0.000 0.028 0.000 0.268 0.000
 96.291667  97.291667  112.67 0.000  1.98 0.000 0.041 0.000  0.32 0.000 0.056 0.000  0.636 0.000   1.144 0.000  13.368 0.000   8.947 0.000   4.420 0.000 0.068 0.000 0.307 0.000
 99.291667 100.291667   29.84 0.000  0.63 0.000 9.999 0.259 99.99 0.259 0.009 0.000  0.264 0.000   0.476 0.000   3.080 0.000   1.659 0.000   1.421 0.000 0.019 0.000 0.115 0.000
102.291667 103.291667  167.69 0.000  2.40 0.000 0.085 0.000  0.10 0.000 0.055 0.000  0.682 0.000   1.227 0.000  13.839 0.000   7.939 0.000   5.898 0.000 0.104 0.000 0.389 0.000
105.291667 106.291667  145.20 0.000  3.15 0.000 0.049 0.000 99.99 0.259 0.045 0.000  0.468 0.000   0.843 0.000  15.172 0.000   8.925 0.000   6.246 0.000 0.105 0.000 0.470 0.000
108.291667 109.291667   95.57 0.000  1.28 0.000 0.045 0.000  0.17 0.000 0.120 0.000  0.492 0.000   0.885 0.000  13.493 0.000   9.160 0.000   4.442 0.000 0.060 0.000 0.311 0.000
111.291667 112.291667   67.14 0.000  0.66 0.000 9.999 0.259  0.15 0.000 0.023 0.000  0.523 0.000   0.941 0.000   7.109 0.000   4.277 0.000   2.830 0.000 0.039 0.000 0.152 0.000
114.291667 115.291667   71.51 0.000  1.14 0.000 0.018 0.000 99.99 0.259 0.041 0.000  0.345 0.000   0.621 0.000   8.998 0.000   5.509 0.000   3.488 0.000 0.046 0.000 0.273 0.000
117.291667 118.291667   73.71 0.000  1.72 0.000 9.999 0.259  0.16 0.000 0.049 0.000  0.552 0.000   0.994 0.000   8.733 0.000   4.946 0.000   3.788 0.000 0.046 0.000 0.343 0.000
120.291667 121.291667   41.17 0.000  1.34 0.000 0.012 0.000 99.99 0.259 0.046 0.000  0.603 0.000   1.086 0.000   8.457 0.000   5.165 0.000   3.291 0.000 0.025 0.000 0.314 0.000
123.291667 124.291667   61.38 0.000  1.37 0.000 0.008 0.000 99.99 0.259 0.019 0.000  0.356 0.000   0.640 0.000   5.544 0.000   2.349 0.000   3.195 0.000 0.037 0.000 0.293 0.000
126.291667 127.291667   41.27 0.000  1.29 0.000 0.011 0.000  0.13 0.000 0.028 0.000  0.292 0.000   0.526 0.000   6.298 0.000   3.576 0.000   2.721 0.000 0.027 0.000 0.315 0.000
129.291667 130.291667   45.25 0.000  1.00 0.000 0.016 0.000 99.99 0.259 0.051 0.000  0.193 0.000   0.347 0.000   7.090 0.000   4.800 0.000   2.309 0.000 0.032 0.000 0.220 0.000
132.291667 133.291667   34.01 0.000  0.73 0.000 9.999 0.259 99.99 0.259 0.008 0.000  0.178 0.000   0.320 0.000   4.223 0.000   2.594 0.000   1.628 0.000 0.024 0.000 0.121 0.000
135.291667 136.291667  136.68 0.000  2.17 0.000 0.034 0.000  0.15 0.000 0.064 0.000  0.765 0.000   1.376 0.000  19.833 0.000  13.428 0.000   6.405 0.000 0.091 0.000 0.479 0.000
138.291667 139.291667   93.72 0.000  1.30 0.000 0.030 0.000  0.25 0.000 0.100 0.000  0.528 0.000   0.950 0.000  13.942 0.000   8.877 0.000   5.064 0.000 0.073 0.000 0.362 0.000
141.291667 142.291667   91.78 0.000  1.53 0.000 0.031 0.000 99.99 0.259 0.027 0.000  0.629 0.000   1.132 0.000   9.437 0.000   5.461 0.000   3.975 0.000 0.055 0.000 0.311 0.000
144.291667 145.291667   75.12 0.000  1.48 0.000 0.029 0.000  0.22 0.000 0.101 0.000  0.883 0.000   1.590 0.000  13.007 0.000   7.357 0.000   5.649 0.000 0.122 0.000 0.429 0.000
147.291667 148.291667  107.78 0.000  1.00 0.000 0.044 0.000  0.37 0.000 0.126 0.000  0.758 0.000   1.365 0.000  13.217 0.000   5.975 0.000   7.240 0.000 0.099 0.000 0.661 0.000
150.291667 151.291667   38.00 0.000  0.49 0.000 9.999 0.259 99.99 0.259 0.021 0.000  0.551 0.000   0.992 0.000   7.708 0.000   4.931 0.000   2.848 0.000 0.027 0.000 0.224 0.000
153.291667 154.291667   48.06 0.000  1.05 0.000 0.015 0.000  0.15 0.000 0.030 0.000  0.650 0.000   1.169 0.000   9.391 0.000   5.702 0.000   3.692 0.000 0.071 0.000 0.222 0.000
156.291667 157.291667   72.58 0.000  1.50 0.000 0.025 0.000 99.99 0.259 0.110 0.000  0.676 0.000   1.216 0.000  11.385 0.000   5.538 0.000   5.847 0.000 0.093 0.000 0.482 0.000
159.291667 160.291667   85.29 0.000  0.62 0.000 0.014 0.000  0.12 0.000 0.043 0.000  0.298 0.000   0.536 0.000  11.556 0.000   7.655 0.000   3.901 0.000 0.050 0.000 0.270 0.000
162.291667 163.291667   45.65 0.000  0.75 0.000 9.999 0.259 99.99 0.259 0.035 0.000  0.788 0.000   1.419 0.000   9.604 0.000   5.240 0.000   4.364 0.000 0.054 0.000 0.404 0.000
165.291667 166.291667   84.77 0.000  1.04 0.000 0.030 0.000  0.26 0.000 0.114 0.000  0.845 0.000   1.521 0.000  18.303 0.000  11.195 0.000   7.108 0.000 0.226 0.000 0.621 0.000
168.291667 169.291667   41.19 0.000  0.61 0.000 9.999 0.259 99.99 0.259 0.019 0.000  0.218 0.000   0.392 0.000   7.589 0.000   4.984 0.000   2.605 0.000 0.031 0.000 0.200 0.000
171.291667 172.291667   71.72 0.000  0.91 0.000 9.999 0.259  0.41 0.000 0.042 0.000  1.159 0.000   2.087 0.000  15.823 0.000   7.548 0.000   8.355 0.000 0.108 0.000 0.962 0.000
174.291667 175.291667   66.27 0.000  1.02 0.000 9.999 0.259  0.35 0.000 0.071 0.000  1.566 0.000   2.819 0.000  18.161 0.000   9.434 0.000   8.726 0.000 0.176 0.000 0.771 0.000
177.291667 178.291667   35.79 0.000  1.19 0.000 9.999 0.259 99.99 0.259 0.023 0.000  0.452 0.000   0.813 0.000   6.923 0.000   3.505 0.000   3.455 0.000 0.079 0.000 0.334 0.000
180.291667 181.291667  114.59 0.000  1.18 0.000 0.017 0.000  0.19 0.000 0.158 0.000  6.588 0.000  11.859 0.000  27.239 0.659   6.863 0.000  20.373 0.659 0.514 0.000 0.919 0.000
183.291667 184.291667   83.69 0.000  1.35 0.000 9.999 0.259 99.99 0.259 0.046 0.000  1.059 0.000   1.906 0.000  13.016 0.000   6.928 0.000   6.087 0.000 0.107 0.000 0.496 0.000
186.291667 187.291667  104.34 0.000  1.13 0.000 0.025 0.000  0.17 0.000 0.051 0.000  0.980 0.000   1.763 0.000  14.714 0.000   8.562 0.000   6.151 0.000 0.155 0.000 0.422 0.000
189.291667 190.291667   68.31 0.000  0.87 0.000 0.025 0.000 99.99 0.259 0.081 0.000  1.248 0.000   2.245 0.000  14.132 0.000   7.408 0.000   6.722 0.000 0.143 0.000 0.571 0.000
192.291667 193.291667   57.09 0.000  0.73 0.000 0.020 0.000 99.99 0.259 0.029 0.000  0.367 0.000   0.660 0.000   9.546 0.000   5.534 0.000   4.083 0.000 0.052 0.000 0.495 0.000
195.291667 196.291667   96.16 0.000  0.65 0.000 0.022 0.000 99.99 0.259 0.045 0.000  1.095 0.000   1.970 0.000  19.089 0.000  12.274 0.000   6.815 0.000 0.122 0.000 0.549 0.000
198.291667 199.291667   53.97 0.000  0.58 0.000 9.999 0.259 99.99 0.259 0.034 0.000  1.540 0.000   2.772 0.000  13.339 0.000   7.259 0.000   6.079 0.000 0.121 0.000 0.420 0.000
201.291667 202.291667   61.51 0.000  0.70 0.000 0.015 0.000  0.13 0.000 0.045 0.000  2.599 0.000   4.679 0.000  20.041 0.000  12.673 0.000   7.375 0.000 0.143 0.000 0.393 0.000
204.291667 205.291667   22.87 0.000  0.72 0.000 9.999 0.259 99.99 0.259 0.043 0.000  1.915 0.000   3.448 0.000  12.431 0.000   6.402 0.000   6.099 0.000 0.079 0.000 0.346 0.000
207.291667 208.291667   29.27 0.000  0.45 0.000 9.999 0.259 99.99 0.259 0.013 0.000  0.488 0.000   0.878 0.000   6.594 0.000   3.281 0.000   3.313 0.000 0.028 0.000 0.256 0.000
210.291667 211.291667   25.78 0.000  0.33 0.000 9.999 0.259 99.99 0.259 0.019 0.000  0.614 0.000   1.105 0.000   5.901 0.000   2.508 0.000   3.394 0.000 0.031 0.000 0.361 0.000
213.291667 214.291667   62.42 0.000  0.61 0.000 9.999 0.259  0.09 0.000 0.020 0.000  0.676 0.000   1.217 0.000   7.863 0.000   3.547 0.000   4.352 0.000 0.039 0.000 0.330 0.000
216.291667 217.291667 9999.99 0.999 99.99 0.999 9.999 0.999 99.99 0.999 9.999 0.999 99.999 0.999 999.999 0.999 999.999 0.999 999.999 0.999 999.999 0.999 9.999 0.999 9.999 0.999
219.291667 220.291667   38.89 0.000  0.42 0.000 9.999 0.259 99.99 0.259 0.012 0.000  0.687 0.000   1.236 0.000   6.415 0.000   2.607 0.000   3.808 0.000 0.033 0.000 0.403 0.000
222.291667 223.291667   26.23 0.000  0.41 0.000 9.999 0.259  0.14 0.000 0.015 0.000  0.615 0.000   1.107 0.000   6.213 0.000   2.146 0.000   4.066 0.000 0.022 0.000 0.566 0.000
225.291667 226.291667   38.37 0.000  0.33 0.000 0.007 0.000  0.18 0.000 0.052 0.000  0.533 0.000   0.960 0.000   8.013 0.000   4.072 0.000   3.947 0.000 0.115 0.000 0.509 0.000
228.291667 229.291667   40.92 0.000  0.46 0.000 9.999 0.259  0.21 0.000 0.034 0.000  0.175 0.000   0.315 0.000   6.959 0.000   3.665 0.000   3.293 0.000 0.028 0.000 0.434 0.000
231.291667 232.291667   18.49 0.000  0.39 0.000 9.999 0.259  0.12 0.000 0.012 0.000  0.292 0.000   0.525 0.000   4.779 0.000   2.324 0.000   2.454 0.000 0.016 0.000 0.407 0.000
234.291667 235.291667   36.26 0.000  0.65 0.000 9.999 0.259  0.17 0.000 0.039 0.000  0.430 0.000   0.774 0.000  10.837 0.000   6.459 0.000   4.375 0.000 0.034 0.000 0.636 0.000
237.291667 238.291667   57.53 0.000  0.57 0.000 9.999 0.259 99.99 0.259 0.050 0.000  0.498 0.000   0.897 0.000  10.218 0.000   5.673 0.000   4.544 0.000 0.038 0.000 0.601 0.000
240.291667 241.291667   37.53 0.000  0.64 0.000 9.999 0.259 99.99 0.259 0.016 0.000  0.699 0.000   1.259 0.000   8.716 0.000   5.488 0.000   3.228 0.000 0.035 0.000 0.281 0.000
243.291667 244.291667   54.31 0.000  0.73 0.000 9.999 0.259  0.13 0.000 0.071 0.000  0.617 0.000   1.111 0.000  10.288 0.000   5.853 0.000   4.434 0.000 0.042 0.000 0.445 0.000
246.291667 247.291667   46.95 0.000  0.62 0.000 9.999 0.259  0.17 0.000 0.044 0.000  0.433 0.000   0.779 0.000  14.659 0.000  10.273 0.000   4.386 0.000 0.040 0.000 0.484 0.000
249.291667 250.291667   52.02 0.000  0.77 0.000 9.999 0.259  0.13 0.000 0.019 0.000  0.432 0.000   0.778 0.000   7.657 0.000   4.242 0.000   3.414 0.000 0.042 0.000 0.348 0.000
252.291667 253.291667   73.66 0.000  0.77 0.000 0.013 0.000  0.14 0.000 0.043 0.000  0.577 0.000   1.039 0.000  16.023 0.000  11.825 0.000   4.198 0.000 0.045 0.000 0.339 0.000
255.291667 256.291667   38.19 0.000  0.64 0.000 0.014 0.000 99.99 0.259 0.069 0.000  0.422 0.000   0.760 0.000   9.540 0.000   6.199 0.000   3.416 0.000 0.033 0.000 0.292 0.000
258.291667 259.291667   63.99 0.000  1.04 0.000 9.999 0.259  0.18 0.000 0.064 0.000  0.373 0.000   0.671 0.000  15.688 0.000  11.086 0.000   4.601 0.000 0.053 0.000 0.393 0.000
261.291667 262.291667   43.40 0.000  1.48 0.000 9.999 0.259  0.10 0.000 0.027 0.000  0.475 0.000   0.856 0.000   8.031 0.000   4.477 0.000   3.554 0.000 0.034 0.000 0.393 0.000
264.291667 265.291667   36.81 0.000  0.86 0.000 0.012 0.000  0.09 0.000 0.018 0.000  0.552 0.000   0.993 0.000   7.918 0.000   4.556 0.000   3.361 0.000 0.020 0.000 0.299 0.000
267.291667 268.291667   38.01 0.000  1.04 0.000 9.999 0.259  0.09 0.000 0.023 0.000  0.369 0.000   0.665 0.000   6.514 0.000   4.240 0.000   2.274 0.000 0.025 0.000 0.225 0.000
