scripts/IMPROVE-2019_partial/data/US0077R.20030103070000.20191216000000.filterpack..pm25.1y.1w.US03L_filterpack_US0077.US03L_IMPROVE_Davis.lev2.nas
64 1001
MISSING INFORMATION
US03L, IMPROVE, , , , , , , 
MISSING INFORMATION
IMPROVE sel_HTAP
1 1
2003 01 01 2019 12 16
3.000000
days from file reference point
25
1 1 1 1 1 1 1 1 1 1 1 1 1 1 1 1 1 1 1 1 1 1 1 1 1
999.999999 9999.99 9.999 99.99 9.999 9.999 9.999999 99.99 9.999999 9.999 9.999 999.999 9.999 999.999 9.999 999.999 9.999 999.999 9.999 999.999 9.999 9.999 9.999 9.999 9.999
end_time of measurement, days from the file reference point
iron, ng/m3, Revision date=20181210133000
numflag iron, no unit, Revision date=20181210133000
lead, ng/m3, Revision date=20181210133000
numflag lead, no unit, Revision date=20181210133000
magnesium, ug/m3, Revision date=20181210133000
numflag magnesium, no unit, Revision date=20181210133000
nickel, ng/m3, Revision date=20181210133000
numflag nickel, no unit, Revision date=20181210133000
nitrate, ug N/m3, Revision date=20181210133000
numflag nitrate, no unit, Revision date=20181210133000
organic_carbon, ug C/m3, Revision date=20181210133000
numflag organic_carbon, no unit, Revision date=20181210133000
organic_mass, ug/m3, Revision date=20181210133000
numflag organic_mass, no unit, Revision date=20181210133000
pm10_mass, ug/m3, Version=2, Version description=Data extracted from http://views.cira.colostate.edu/fed/DataWizard 2019-12-16, Sample duration=1d, Orig. time res.=3d, Matrix=pm10, Blank correction=Blank corrected, Volume std. temperature=ambient, Volume std. pressure=ambient
numflag pm10_mass, no unit, Version=2, Version description=Data extracted from http://views.cira.colostate.edu/fed/DataWizard 2019-12-16, Sample duration=1d, Orig. time res.=3d, Matrix=pm10, Blank correction=Blank corrected, Volume std. temperature=ambient, Volume std. pressure=ambient
pm10_pm25_mass, ug/m3, Revision date=20181210133000, Matrix=pm10_pm25
numflag pm10_pm25_mass, no unit, Revision date=20181210133000, Matrix=pm10_pm25
pm25_mass, ug/m3, Version=2, Version description=Data extracted from http://views.cira.colostate.edu/fed/DataWizard 2019-12-16, Sample duration=1d, Orig. time res.=3d, Blank correction=Blank corrected, Volume std. temperature=ambient, Volume std. pressure=ambient
numflag pm25_mass, no unit, Version=2, Version description=Data extracted from http://views.cira.colostate.edu/fed/DataWizard 2019-12-16, Sample duration=1d, Orig. time res.=3d, Blank correction=Blank corrected, Volume std. temperature=ambient, Volume std. pressure=ambient
potassium, ug/m3, Revision date=20181210133000
numflag potassium, no unit, Revision date=20181210133000
sulphate_total, ug S/m3, Revision date=20181210133000
numflag sulphate_total, no unit, Revision date=20181210133000
0
25
Data definition:              EBAS_1.1
Set type code:                TU
Timezone:                     UTC
File name:                    US0077R.20030103070000.20191216000000.filterpack..pm25.1y.1w.US03L_filterpack_US0077.US03L_IMPROVE_Davis.lev2.nas
File creation:                20191218120038
Startdate:                    20030103070000
Revision date:                20191216000000
Statistics:                   arithmetic mean
Data level:                   2
Period code:                  1y
Resolution code:              1w
Station code:                 US0077R
Platform code:                US0077S
Station name:                 Canyonlands NP
Station latitude:             38.4587
Station longitude:            -109.821
Station altitude:             1798.0 m
Regime:                       IMG
Component:                    
Matrix:                       pm25
Laboratory code:              US03L
Instrument type:              filterpack
Instrument name:              filterpack_US0077
Method ref:                   US03L_IMPROVE_Davis
starttime endtime Fe flag_Fe Pb flag_Pb Mg++ flag_Mg++ Ni flag_Ni NO3- flag_NO3- OC flag_OC OM flag_OM PM10 flag_PM10 PM10-PM2.5 flag_PM10-PM2.5 PM2.5 flag_PM2.5 K+ flag_K+ SO4-- flag_SO4--
  2.291667   3.291667    5.43 0.000  0.22 0.000 0.019 0.000000 99.99 0.259000 0.345 0.000   0.456 0.000   0.639 0.000   4.082 0.000   1.397 0.000   2.685 0.000 0.047 0.000 0.169 0.000
  5.291667   6.291667    3.17 0.000  0.20 0.000 9.999 0.259000 99.99 0.259000 0.091 0.000   0.384 0.000   0.537 0.000   2.357 0.000   0.644 0.000   1.713 0.000 0.015 0.000 0.216 0.000
  8.291667   9.291667    9.11 0.000  0.22 0.000 0.010 0.000000 99.99 0.259000 0.219 0.559   0.624 0.000   0.873 0.000   4.924 0.000   1.848 0.000   3.076 0.000 0.121 0.000 0.206 0.559
 11.291667  12.291667    4.45 0.000  0.22 0.000 9.999 0.259000 99.99 0.259000 0.149 0.000   0.409 0.000   0.573 0.000   3.367 0.000   0.663 0.000   2.704 0.000 0.017 0.000 0.425 0.000
 14.291667  15.291667    5.14 0.000  0.21 0.000 9.999 0.259000 99.99 0.259000 0.119 0.559   0.356 0.000   0.499 0.000   3.896 0.000   0.756 0.000   3.140 0.000 0.005 0.000 0.497 0.559
 17.291667  18.291667    7.08 0.000  0.33 0.000 9.999 0.259000 99.99 0.259000 0.138 0.000   0.324 0.000   0.453 0.000   3.030 0.000   1.659 0.000   1.371 0.000 0.051 0.000 0.075 0.000
 20.291667  21.291667   11.87 0.000  0.54 0.000 9.999 0.259000 99.99 0.259000 0.050 0.000   0.426 0.000   0.596 0.000   4.390 0.000   2.708 0.000   1.682 0.000 0.076 0.000 0.102 0.000
 23.291667  24.291667    8.96 0.000  0.23 0.000 9.999 0.259000 99.99 0.259000 0.040 0.000   0.266 0.000   0.373 0.000   3.599 0.000   2.192 0.000   1.407 0.000 0.064 0.000 0.092 0.000
 26.291667  27.291667    9.48 0.000  0.56 0.000 9.999 0.259000 99.99 0.259000 0.038 0.000   0.207 0.000   0.290 0.000   3.853 0.000   2.300 0.000   1.553 0.000 0.064 0.000 0.112 0.000
 29.291667  30.291667    5.44 0.000  0.58 0.000 9.999 0.259000 99.99 0.259000 0.037 0.000   0.142 0.000   0.199 0.000   2.315 0.000   1.177 0.000   1.138 0.000 0.016 0.000 0.115 0.000
 32.291667  33.291667   28.17 0.000  0.61 0.000 0.017 0.000000 99.99 0.259000 0.025 0.000   0.195 0.000   0.273 0.000   8.681 0.000   6.952 0.000   1.729 0.000 0.024 0.000 0.104 0.000
 35.291667  36.291667    5.28 0.000  0.09 0.000 0.011 0.000000  0.04 0.000000 0.056 0.000   0.151 0.000   0.212 0.000   1.228 0.000   0.659 0.000   0.569 0.000 0.004 0.000 0.083 0.000
 38.291667  39.291667    6.26 0.000  0.24 0.000 0.006 0.000000 99.99 0.259000 0.109 0.000   0.291 0.000   0.407 0.000   2.583 0.000   1.030 0.000   1.553 0.000 0.015 0.000 0.141 0.000
 41.291667  42.291667    7.95 0.000  0.28 0.000 9.999 0.259000 99.99 0.259000 0.038 0.000   0.386 0.000   0.540 0.000   4.010 0.000   2.504 0.000   1.506 0.000 0.077 0.000 0.110 0.000
 44.291667  45.291667    1.52 0.000  0.08 0.000 9.999 0.259000 99.99 0.259000 0.052 0.000   0.295 0.000   0.413 0.000   1.515 0.000   0.238 0.000   1.277 0.000 0.004 0.000 0.230 0.000
 47.291667  48.291667    5.21 0.000  0.24 0.000 9.999 0.259000  0.02 0.000000 0.010 0.000   0.117 0.000   0.164 0.000   1.473 0.000   0.794 0.000   0.679 0.000 0.012 0.000 0.072 0.000
 50.291667  51.291667    6.05 0.000  0.29 0.000 9.999 0.259000 99.99 0.259000 0.034 0.000   0.180 0.000   0.252 0.000   2.160 0.000   1.163 0.000   0.996 0.000 0.020 0.000 0.109 0.000
 53.291667  54.291667   40.92 0.000  0.17 0.000 0.023 0.000000 99.99 0.259000 0.019 0.000   0.012 0.000   0.017 0.000   9.570 0.000   7.471 0.000   2.099 0.000 0.036 0.000 0.079 0.000
 56.291667  57.291667    2.54 0.000  0.20 0.000 9.999 0.259000  0.03 0.000000 0.017 0.000   0.133 0.000   0.186 0.000   0.758 0.000   0.240 0.000   0.518 0.000 0.005 0.000 0.110 0.000
 59.291667  60.291667    6.92 0.000  0.40 0.000 0.013 0.000000 99.99 0.259000 0.129 0.000   0.284 0.000   0.398 0.000   2.710 0.000   0.587 0.000   2.123 0.000 0.010 0.000 0.315 0.000
 62.291667  63.291667   12.10 0.000  0.22 0.000 9.999 0.259000 99.99 0.259000 0.084 0.000   0.279 0.000   0.390 0.000   2.084 0.000   0.909 0.000   1.175 0.000 0.009 0.000 0.117 0.000
 65.291667  66.291667   18.05 0.000  0.58 0.000 9.999 0.259000 99.99 0.259000 0.015 0.000   0.259 0.000   0.362 0.000   2.583 0.000   1.243 0.000   1.340 0.000 0.018 0.000 0.127 0.000
 68.291667  69.291667   26.17 0.000  0.44 0.000 9.999 0.259000  0.04 0.000000 0.013 0.000   0.414 0.000   0.580 0.000   4.150 0.000   2.617 0.000   1.533 0.000 0.025 0.000 0.114 0.000
 71.291667  72.291667   54.49 0.000  0.48 0.000 9.999 0.259000  0.04 0.000000 0.032 0.000   0.305 0.000   0.426 0.000   7.834 0.000   5.439 0.000   2.395 0.000 0.060 0.000 0.147 0.000
 74.291667  75.291667   14.80 0.000  0.44 0.000 9.999 0.259000 99.99 0.259000 0.014 0.000   0.287 0.000   0.403 0.000   2.583 0.000   1.587 0.000   0.996 0.000 0.014 0.000 0.161 0.000
 77.291667  78.291667    2.64 0.000  0.15 0.000 0.011 0.000000 99.99 0.259000 0.002 0.000   0.113 0.000   0.158 0.000   1.414 0.000   0.708 0.000   0.706 0.000 0.003 0.000 0.081 0.000
 80.291667  81.291667   16.77 0.000  0.32 0.000 9.999 0.259000 99.99 0.259000 0.025 0.000   0.260 0.000   0.363 0.000   3.410 0.000   1.896 0.000   1.514 0.000 0.016 0.000 0.122 0.000
 83.291667  84.291667   25.20 0.000  0.61 0.000 9.999 0.259000 99.99 0.259000 0.023 0.000   0.111 0.000   0.155 0.000   3.391 0.000   1.818 0.000   1.573 0.000 0.017 0.000 0.173 0.000
 86.291667  87.291667   26.47 0.000  0.30 0.000 9.999 0.259000 99.99 0.259000 0.015 0.000   0.182 0.000   0.254 0.000   8.774 0.000   6.439 0.000   2.335 0.000 0.022 0.000 0.230 0.000
 89.291667  90.291667   17.58 0.000  0.35 0.000 9.999 0.259000  0.03 0.000000 0.017 0.559   0.386 0.000   0.541 0.000   3.513 0.000   1.915 0.000   1.598 0.000 0.044 0.000 0.130 0.559
 92.291667  93.291667 9999.99 0.999 99.99 0.999 9.999 0.999000 99.99 0.999000 9.999 0.999 999.999 0.999 999.999 0.999 999.999 0.999 999.999 0.999 999.999 0.999 9.999 0.999 9.999 0.999
 95.291667  96.291667 9999.99 0.999 99.99 0.999 9.999 0.999000 99.99 0.999000 9.999 0.999 999.999 0.999 999.999 0.999 999.999 0.999 999.999 0.999 999.999 0.999 9.999 0.999 9.999 0.999
 98.291667  99.291667 9999.99 0.999 99.99 0.999 9.999 0.999000 99.99 0.999000 9.999 0.999 999.999 0.999 999.999 0.999 999.999 0.999 999.999 0.999 999.999 0.999 9.999 0.999 9.999 0.999
101.291667 102.291667 9999.99 0.999 99.99 0.999 9.999 0.999000 99.99 0.999000 9.999 0.999 999.999 0.999 999.999 0.999 999.999 0.999 999.999 0.999 999.999 0.999 9.999 0.999 9.999 0.999
104.291667 105.291667 9999.99 0.999 99.99 0.999 9.999 0.999000 99.99 0.999000 9.999 0.999 999.999 0.999 999.999 0.999 999.999 0.999 999.999 0.999 999.999 0.999 9.999 0.999 9.999 0.999
107.291667 108.291667   41.18 0.000  0.29 0.000 9.999 0.259000 99.99 0.259000 0.034 0.000   0.189 0.000   0.264 0.000   4.865 0.000   2.530 0.000   2.335 0.000 0.028 0.000 0.172 0.000
110.291667 111.291667   85.05 0.000  0.48 0.000 9.999 0.259000 99.99 0.259000 0.037 0.000   0.328 0.000   0.459 0.000  12.974 0.000   8.921 0.000   4.053 0.000 0.061 0.000 0.210 0.000
113.291667 114.291667   36.09 0.000  0.54 0.000 9.999 0.259000 99.99 0.259000 0.014 0.000   0.225 0.000   0.315 0.000   4.366 0.000   2.348 0.000   2.018 0.000 0.026 0.000 0.134 0.000
116.291667 117.291667   76.99 0.000  0.85 0.000 9.999 0.259000  0.07 0.000000 0.045 0.000   0.216 0.000   0.302 0.000   6.653 0.000   3.467 0.000   3.187 0.000 0.055 0.000 0.195 0.000
119.291667 120.291667   81.67 0.000  0.55 0.000 9.999 0.259000  0.05 0.000000 0.060 0.000   0.331 0.000   0.463 0.000  11.479 0.000   7.927 0.000   3.551 0.000 0.054 0.000 0.148 0.000
122.291667 123.291667  119.87 0.000  0.49 0.000 9.999 0.259000 99.99 0.259000 0.054 0.000   0.338 0.000   0.474 0.000  17.875 0.000  13.181 0.000   4.694 0.000 0.084 0.000 0.156 0.000
125.291667 126.291667   27.80 0.000  1.08 0.000 9.999 0.259000 99.99 0.259000 0.017 0.000   0.944 0.000   1.322 0.000   5.813 0.000   2.066 0.000   3.747 0.000 0.030 0.000 0.319 0.000
128.291667 129.291667   53.02 0.000  0.95 0.000 9.999 0.259000 99.99 0.259000 0.052 0.000   0.732 0.000   1.024 0.000   9.342 0.000   4.940 0.000   4.402 0.000 0.045 0.000 0.271 0.000
131.291667 132.291667   55.96 0.000  0.55 0.000 9.999 0.259000 99.99 0.259000 0.021 0.559   0.500 0.000   0.700 0.000   5.547 0.000   2.296 0.000   3.251 0.000 0.052 0.000 0.179 0.559
134.291667 135.291667   49.09 0.000  0.53 0.000 9.999 0.259000 99.99 0.259000 0.028 0.000   0.457 0.000   0.639 0.000   6.740 0.000   3.221 0.000   3.519 0.000 0.054 0.000 0.267 0.000
137.291667 138.291667   51.83 0.000  0.64 0.000 9.999 0.259000 99.99 0.259000 0.028 0.000   0.827 0.000   1.158 0.000   7.843 0.000   3.300 0.000   4.543 0.000 0.048 0.000 0.282 0.000
140.291667 141.291667   76.87 0.000  0.66 0.000 0.011 0.000000  0.02 0.000000 0.032 0.000   0.607 0.000   0.850 0.000   6.944 0.000   3.765 0.000   3.179 0.000 0.061 0.000 0.148 0.000
143.291667 144.291667  121.27 0.000  0.69 0.000 9.999 0.259000 99.99 0.259000 0.054 0.000   0.904 0.000   1.266 0.000  20.874 0.000  13.420 0.000   7.454 0.000 0.114 0.000 0.497 0.000
146.291667 147.291667   71.94 0.000  0.61 0.000 9.999 0.259000  0.08 0.000000 0.051 0.000   0.965 0.000   1.351 0.000  12.886 0.000   7.075 0.000   5.811 0.000 0.075 0.000 0.499 0.000
149.291667 150.291667   51.24 0.000  0.44 0.000 9.999 0.259000 99.99 0.259000 0.015 0.000   0.684 0.000   0.957 0.000  10.478 0.000   6.523 0.000   3.955 0.000 0.045 0.000 0.356 0.000
152.291667 153.291667   45.78 0.000  0.98 0.000 9.999 0.259000 99.99 0.259000 0.027 0.559   1.484 0.000   2.077 0.000   9.219 0.000   4.322 0.000   4.896 0.000 0.051 0.000 0.288 0.559
155.291667 156.291667   55.89 0.000  0.73 0.000 9.999 0.259000  0.05 0.000000 0.024 0.000   1.532 0.000   2.145 0.000  10.457 0.000   5.309 0.000   5.149 0.000 0.056 0.000 0.281 0.000
158.291667 159.291667   27.96 0.000  0.47 0.000 0.017 0.000000 99.99 0.259000 0.015 0.000   1.477 0.000   2.068 0.000   7.716 0.000   3.961 0.000   3.755 0.000 0.045 0.000 0.194 0.000
161.291667 162.291667   30.51 0.000 99.99 0.259 9.999 0.259000  0.07 0.000000 0.016 0.000   0.271 0.000   0.380 0.000   6.173 0.000   4.273 0.000   1.900 0.000 0.028 0.000 0.138 0.000
164.291667 165.291667   49.70 0.559  0.53 0.559 9.999 0.559259 99.99 0.559259 0.028 0.000   0.788 0.000   1.104 0.000  10.253 0.000   4.830 0.000   5.423 0.559 0.055 0.559 0.625 0.000
167.291667 168.291667  115.84 0.559  0.38 0.559 9.999 0.559259  0.04 0.559000 0.025 0.000   1.546 0.000   2.165 0.000  24.014 0.000  15.844 0.000   8.169 0.559 0.127 0.559 0.413 0.000
170.291667 171.291667  118.06 0.000  0.48 0.000 9.999 0.259000  0.09 0.000000 0.043 0.000   1.517 0.000   2.124 0.000  16.871 0.000   8.930 0.000   7.941 0.000 0.106 0.000 0.334 0.000
173.291667 174.291667   61.53 0.000 99.99 0.259 9.999 0.259000  0.03 0.000000 0.040 0.000   0.942 0.000   1.319 0.000  15.400 0.000  10.771 0.000   4.630 0.000 0.074 0.000 0.201 0.000
176.291667 177.291667   26.25 0.000  0.19 0.000 0.023 0.000000 99.99 0.259000 0.009 0.559   0.543 0.000   0.761 0.000   5.848 0.000   3.014 0.000   2.834 0.000 0.023 0.000 0.160 0.559
179.291667 180.291667   28.18 0.000  0.67 0.000 9.999 0.259000 99.99 0.259000 0.014 0.000   1.069 0.000   1.497 0.000   7.631 0.000   4.159 0.000   3.472 0.000 0.020 0.000 0.153 0.000
182.291667 183.291667   33.92 0.559  0.25 0.559 9.999 0.559259 99.99 0.559259 0.024 0.000   1.303 0.000   1.824 0.000   9.787 0.000   5.918 0.000   3.869 0.559 0.062 0.559 0.159 0.000
185.291667 186.291667   34.91 0.000  0.42 0.000 9.999 0.259000 99.99 0.259000 0.019 0.000   0.780 0.000   1.092 0.000   9.125 0.000   6.087 0.000   3.038 0.000 0.040 0.000 0.180 0.000
188.291667 189.291667   35.65 0.000  0.48 0.000 0.022 0.000000  0.12 0.000000 9.999 0.456   1.137 0.000   1.592 0.000   9.180 0.000   4.782 0.000   4.398 0.000 0.080 0.000 9.999 0.456
191.291667 192.291667   38.61 0.000  0.40 0.000 9.999 0.259000 99.99 0.259000 9.999 0.456   2.474 0.000   3.464 0.000  10.599 0.000   4.706 0.000   5.893 0.000 0.091 0.000 9.999 0.456
194.291667 195.291667   64.57 0.699  0.35 0.699 9.999 0.699259  0.09 0.699000 9.999 0.456   3.784 0.000   5.298 0.000  17.666 0.000   7.506 0.000  10.160 0.699 0.121 0.699 9.999 0.456
197.291667 198.291667   74.17 0.000  0.34 0.000 9.999 0.259000  0.06 0.000000 0.067 0.000   3.548 0.000   4.967 0.000  17.625 0.000   6.601 0.000  11.024 0.000 0.100 0.000 0.422 0.000
200.291667 201.291667   40.20 0.000  0.16 0.000 9.999 0.259000 99.99 0.259000 0.045 0.000   1.483 0.000   2.077 0.000  11.345 0.000   5.760 0.000   5.586 0.000 0.047 0.000 0.341 0.000
203.291667 204.291667 9999.99 0.999 99.99 0.999 9.999 0.999000 99.99 0.999000 9.999 0.999 999.999 0.999 999.999 0.999 999.999 0.999 999.999 0.999 999.999 0.999 9.999 0.999 9.999 0.999
206.291667 207.291667   67.64 0.000  0.29 0.000 9.999 0.259000  0.06 0.000000 0.029 0.559   0.779 0.000   1.090 0.000  15.019 0.000  10.326 0.000   4.694 0.000 0.059 0.000 0.334 0.559
209.291667 210.291667   45.10 0.000  0.07 0.000 9.999 0.259000  0.11 0.000000 0.021 0.559   0.799 0.000   1.118 0.000   6.564 0.000   1.969 0.000   4.594 0.000 0.038 0.000 0.306 0.559
212.291667 213.291667   30.32 0.000  0.08 0.000 9.999 0.259000  0.04 0.000000 0.013 0.559   0.579 0.000   0.811 0.000   5.807 0.000   2.612 0.000   3.196 0.000 0.020 0.000 0.215 0.559
215.291667 216.291667   25.16 0.000  0.18 0.000 9.999 0.259000  0.06 0.000000 0.019 0.559   0.399 0.000   0.558 0.000   6.985 0.000   4.423 0.000   2.562 0.000 0.021 0.000 0.203 0.559
218.291667 219.291667   43.39 0.000  0.31 0.000 9.999 0.259000 99.99 0.259000 0.016 0.559   0.531 0.000   0.744 0.000  12.718 0.000   8.881 0.000   3.837 0.000 0.034 0.000 0.300 0.559
221.291667 222.291667   28.04 0.000  0.35 0.000 9.999 0.259000  0.09 0.000000 0.020 0.559   0.502 0.000   0.703 0.000   7.550 0.000   4.237 0.000   3.313 0.000 0.028 0.000 0.287 0.559
224.291667 225.291667  101.79 0.000  0.20 0.000 9.999 0.259000  0.09 0.000000 0.019 0.000   0.812 0.000   1.137 0.000  24.737 0.000  18.568 0.000   6.169 0.000 0.087 0.000 0.288 0.000
227.291667 228.291667   20.21 0.000  0.17 0.000 9.999 0.259000 99.99 0.259000 0.085 0.000   0.607 0.000   0.850 0.000  10.022 0.000   6.091 0.000   3.930 0.000 0.018 0.000 0.431 0.000
230.291667 231.291667   62.22 0.559  0.72 0.559 9.999 0.559259  1.71 0.559000 0.039 0.000   4.201 0.000   5.882 0.000  23.371 0.000   9.440 0.000  13.931 0.559 0.100 0.559 0.234 0.000
233.291667 234.291667   25.82 0.000  0.19 0.000 9.999 0.259000  0.08 0.000000 0.013 0.000   0.375 0.000   0.525 0.000   6.529 0.000   3.853 0.000   2.676 0.000 0.020 0.000 0.202 0.000
236.291667 237.291667   16.54 0.000  0.20 0.000 9.999 0.259000 99.99 0.259000 0.010 0.000   0.491 0.000   0.687 0.000   4.134 0.000   1.880 0.000   2.254 0.000 0.013 0.000 0.186 0.000
239.291667 240.291667   13.32 0.000  0.26 0.000 9.999 0.259000  0.09 0.000000 0.011 0.000   0.298 0.000   0.417 0.000   4.712 0.000   2.504 0.000   2.208 0.000 0.016 0.000 0.189 0.000
242.291667 243.291667   14.75 0.000  0.45 0.000 0.015 0.000000 99.99 0.259000 0.013 0.000   0.963 0.000   1.348 0.000   5.531 0.000   1.985 0.000   3.546 0.000 0.023 0.000 0.175 0.000
245.291667 246.291667   20.48 0.000 99.99 0.259 9.999 0.259000 99.99 0.259000 0.018 0.000   0.471 0.000   0.660 0.000   5.952 0.000   3.441 0.000   2.511 0.000 0.021 0.000 0.225 0.000
248.291667 249.291667   15.51 0.000  0.19 0.000 9.999 0.259000  0.07 0.000000 0.009 0.000   0.401 0.000   0.561 0.000   2.970 0.000   1.386 0.000   1.584 0.000 0.015 0.000 0.105 0.000
251.291667 252.291667   24.87 0.000  0.22 0.000 9.999 0.259000  0.07 0.000000 0.021 0.000   0.296 0.000   0.415 0.000   4.423 0.000   2.645 0.000   1.778 0.000 0.027 0.000 0.158 0.000
254.291667 255.291667    5.41 0.000  0.13 0.000 0.011 0.000000 99.99 0.259000 0.014 0.000   0.244 0.000   0.342 0.000   2.594 0.000   1.331 0.000   1.263 0.000 0.054 0.000 0.084 0.000
257.291667 258.291667   27.53 0.000  0.26 0.000 9.999 0.259000 99.99 0.259000 0.013 0.000   0.629 0.000   0.880 0.000   6.568 0.000   3.883 0.000   2.685 0.000 0.062 0.000 0.115 0.000
