scripts/IMPROVE-2019_partial/data/US0035R.20080101060000.20191216000000.filterpack...52w.3d.US03L_filterpack_US0035.US03L_IMPROVE_Davis.lev2.nas
52 1001
MISSING INFORMATION
US03L, IMPROVE, , , , , , , 
MISSING INFORMATION
IMPROVE sel_HTAP
1 1
2008 01 01 2019 12 16
3.00
days from file reference point
5
1 1 1 1 1
999.99 999.999 9.999 999.999 9.999
end_time of measurement, days from the file reference point
pm10_mass, ug/m3, Matrix=pm10
numflag pm10_mass, no unit, Matrix=pm10
pm25_mass, ug/m3, Matrix=pm25
numflag pm25_mass, no unit, Matrix=pm25
0
33
Data definition:              EBAS_1.1
Set type code:                TU
Timezone:                     UTC
File name:                    US0035R.20080101060000.20191216000000.filterpack...52w.3d.US03L_filterpack_US0035.US03L_IMPROVE_Davis.lev2.nas
File creation:                20191218115742
Startdate:                    20080101060000
Revision date:                20191216000000
Version:                      2
Version description:          "Data extracted from http://views.cira.colostate.edu/fed/DataWizard 2019-12-16"
Statistics:                   arithmetic mean
Data level:                   2
Period code:                  52w
Resolution code:              3d
Sample duration:              1d
Orig. time res.:              3d
Station code:                 US0035R
Platform code:                US0035S
Station name:                 Bondville
Station latitude:             40.05
Station longitude:            -88.36667
Station altitude:             213.0 m
Regime:                       IMG
Component:                    
Unit:                         ug/m3
Matrix:                       
Laboratory code:              US03L
Instrument type:              filterpack
Instrument name:              filterpack_US0035
Method ref:                   US03L_IMPROVE_Davis
Blank correction:             Blank corrected
Volume std. temperature:      ambient
Volume std. pressure:         ambient
starttime endtime PM10 flag_PM10 PM2.5 flag_PM2.5
  0.25   1.25  26.123 0.000  17.535 0.000
  3.25   4.25  12.548 0.000   7.675 0.000
  6.25   7.25   9.928 0.000   5.664 0.000
  9.25  10.25  13.292 0.000  11.346 0.000
 12.25  13.25  23.034 0.000  21.379 0.000
 15.25  16.25  15.019 0.000  10.629 0.000
 18.25  19.25  11.779 0.000   6.019 0.000
 21.25  22.25  14.390 0.000   9.393 0.000
 24.25  25.25  17.457 0.000  10.147 0.000
 27.25  28.25  14.319 0.000  11.242 0.000
 30.25  31.25  22.085 0.000   9.099 0.000
 33.25  34.25  16.387 0.000  13.749 0.000
 36.25  37.25   4.287 0.000   4.230 0.000
 39.25  40.25  14.063 0.000  10.408 0.000
 42.25  43.25  18.803 0.000  15.041 0.000
 45.25  46.25  16.454 0.000  12.296 0.000
 48.25  49.25   8.251 0.000   5.489 0.000
 51.25  52.25  17.451 0.000 999.999 0.456
 54.25  55.25  23.899 0.000  20.017 0.000
 57.25  58.25   9.294 0.000   7.936 0.000
 60.25  61.25   9.632 0.000   7.810 0.000
 63.25  64.25  12.019 0.000   7.991 0.000
 66.25  67.25  14.788 0.000  10.517 0.000
 69.25  70.25  20.040 0.000  17.297 0.000
 72.25  73.25   9.939 0.000   6.311 0.000
 75.25  76.25   8.685 0.000   7.213 0.000
 78.25  79.25  14.536 0.000  13.490 0.000
 81.25  82.25   7.579 0.000   6.064 0.000
 84.25  85.25  13.822 0.000   8.352 0.000
 87.25  88.25   9.155 0.000   7.035 0.000
 90.25  91.25  18.431 0.000  15.640 0.000
 93.25  94.25  15.865 0.000   9.948 0.000
 96.25  97.25  17.423 0.000  15.036 0.000
 99.25 100.25  29.782 0.000   7.026 0.000
102.25 103.25   7.185 0.000   1.835 0.000
105.25 106.25   9.702 0.000   6.594 0.000
108.25 109.25  22.054 0.000  13.011 0.000
111.25 112.25  31.548 0.000  24.448 0.000
114.25 115.25  37.364 0.000  23.369 0.000
117.25 118.25  13.338 0.000   9.655 0.000
120.25 121.25  28.682 0.000  15.821 0.000
123.25 124.25  10.757 0.000   3.669 0.000
126.25 127.25  30.282 0.000  11.659 0.000
129.25 130.25  19.096 0.000  11.870 0.000
132.25 133.25   6.315 0.000   3.730 0.000
135.25 136.25  13.053 0.000   8.879 0.000
138.25 139.25  13.650 0.000   3.970 0.000
141.25 142.25  18.307 0.000   4.633 0.000
144.25 145.25  13.884 0.000   7.884 0.000
147.25 148.25  12.106 0.000   5.301 0.000
150.25 151.25  33.805 0.000  13.708 0.000
153.25 154.25  17.143 0.000   8.252 0.000
156.25 157.25  18.494 0.000   8.679 0.000
159.25 160.25  17.571 0.000   7.889 0.000
162.25 163.25  18.767 0.000   9.467 0.000
165.25 166.25  18.869 0.000   5.702 0.000
168.25 169.25  14.060 0.000   4.518 0.000
171.25 172.25  22.685 0.000   8.404 0.000
174.25 175.25  11.283 0.000   4.586 0.000
177.25 178.25  13.621 0.000   7.979 0.000
180.25 181.25   8.306 0.000   3.917 0.000
183.25 184.25  27.418 0.000  11.976 0.000
186.25 187.25  18.610 0.000  13.412 0.000
189.25 190.25  16.632 0.000   9.329 0.000
192.25 193.25  11.822 0.000   8.750 0.000
195.25 196.25  10.719 0.000   4.821 0.000
198.25 199.25  32.048 0.000  24.029 0.000
201.25 202.25  22.577 0.000  14.550 0.000
204.25 205.25  11.399 0.000   6.412 0.000
207.25 208.25  19.462 0.000  11.004 0.000
210.25 211.25  12.856 0.000   9.343 0.000
213.25 214.25  22.551 0.000  17.468 0.000
216.25 217.25  26.809 0.000  21.028 0.000
219.25 220.25  15.390 0.000   5.865 0.000
222.25 223.25   7.736 0.000   4.048 0.000
225.25 226.25  22.268 0.000  15.221 0.000
228.25 229.25   9.958 0.000   5.514 0.000
231.25 232.25  22.346 0.000  14.189 0.000
234.25 235.25  16.704 0.000  12.933 0.000
237.25 238.25  14.153 0.000   7.061 0.000
240.25 241.25  29.898 0.000  23.966 0.000
243.25 244.25  18.014 0.000  12.037 0.000
246.25 247.25  21.504 0.000  12.678 0.000
249.25 250.25   7.966 0.000   4.216 0.000
252.25 253.25   8.002 0.000   3.904 0.000
255.25 256.25  10.114 0.000   5.556 0.000
258.25 259.25   7.701 0.000   4.105 0.000
261.25 262.25  16.037 0.000   8.566 0.000
264.25 265.25  18.897 0.000  12.465 0.000
267.25 268.25  30.886 0.000  19.034 0.000
270.25 271.25  25.364 0.000  12.221 0.000
273.25 274.25  13.771 0.000   5.772 0.000
276.25 277.25  19.797 0.000   5.248 0.000
279.25 280.25  29.058 0.000  17.077 0.000
282.25 283.25  14.623 0.000   3.482 0.000
285.25 286.25  20.046 0.000   9.097 0.000
288.25 289.25  14.832 0.000   6.685 0.000
291.25 292.25  10.316 0.000   5.896 0.000
294.25 295.25   9.822 0.000   4.287 0.000
297.25 298.25   5.239 0.000   3.419 0.000
300.25 301.25   8.679 0.000   2.171 0.000
303.25 304.25  25.413 0.000   8.167 0.000
306.25 307.25  32.202 0.000  19.336 0.000
309.25 310.25  24.537 0.000  10.880 0.000
312.25 313.25   5.757 0.000   3.292 0.000
315.25 316.25  18.845 0.000  15.078 0.000
318.25 319.25  13.635 0.000  11.300 0.000
321.25 322.25   5.690 0.000   3.633 0.000
324.25 325.25  12.605 0.000   5.241 0.000
327.25 328.25 999.999 0.456  14.824 0.000
330.25 331.25  16.939 0.000  12.697 0.000
333.25 334.25  13.263 0.000   8.567 0.000
336.25 337.25   9.599 0.000   7.799 0.000
339.25 340.25  10.229 0.000   6.398 0.000
342.25 343.25  10.061 0.000   7.277 0.000
345.25 346.25  14.249 0.000  11.590 0.000
348.25 349.25   7.016 0.000   4.421 0.000
351.25 352.25  12.282 0.000   9.472 0.000
354.25 355.25  16.537 0.000  14.891 0.000
357.25 358.25  12.911 0.000   8.928 0.000
360.25 361.25  10.293 0.000   7.671 0.000
363.25 364.25   6.390 0.000   4.199 0.000
