scripts/IMPROVE-2019_partial/data/US0092U.20110103070000.20191216000000.filterpack...1y.3d.US03L_filterpack_US0092.US03L_IMPROVE_Davis.lev2.nas
52 1001
MISSING INFORMATION
US03L, IMPROVE, , , , , , , 
MISSING INFORMATION
IMPROVE sel_HTAP
1 1
2011 01 01 2019 12 16
3.000000
days from file reference point
5
1 1 1 1 1
999.999999 9999.999 9.999 999.999 9.999
end_time of measurement, days from the file reference point
pm10_mass, ug/m3, Matrix=pm10
numflag pm10_mass, no unit, Matrix=pm10
pm25_mass, ug/m3, Matrix=pm25
numflag pm25_mass, no unit, Matrix=pm25
0
33
Data definition:              EBAS_1.1
Set type code:                TU
Timezone:                     UTC
File name:                    US0092U.20110103070000.20191216000000.filterpack...1y.3d.US03L_filterpack_US0092.US03L_IMPROVE_Davis.lev2.nas
File creation:                20191218120140
Startdate:                    20110103070000
Revision date:                20191216000000
Version:                      2
Version description:          "Data extracted from http://views.cira.colostate.edu/fed/DataWizard 2019-12-16"
Statistics:                   arithmetic mean
Data level:                   2
Period code:                  1y
Resolution code:              3d
Sample duration:              1d
Orig. time res.:              3d
Station code:                 US0092U
Platform code:                US0092S
Station name:                 Phoenix
Station latitude:             33.5038
Station longitude:            -112.0958
Station altitude:             342.0 m
Regime:                       IMG
Component:                    
Unit:                         ug/m3
Matrix:                       
Laboratory code:              US03L
Instrument type:              filterpack
Instrument name:              filterpack_US0092
Method ref:                   US03L_IMPROVE_Davis
Blank correction:             Blank corrected
Volume std. temperature:      ambient
Volume std. pressure:         ambient
starttime endtime PM10 flag_PM10 PM2.5 flag_PM2.5
  2.291667   3.291667   29.914 0.000  20.424 0.000
  5.291667   6.291667   30.966 0.000  17.807 0.000
  8.291667   9.291667 9999.999 0.999  15.488 0.000
 11.291667  12.291667 9999.999 0.999   9.392 0.000
 14.291667  15.291667   19.266 0.000   8.411 0.000
 17.291667  18.291667   31.911 0.000  12.779 0.000
 20.291667  21.291667   25.325 0.000   8.656 0.000
 23.291667  24.291667 9999.999 0.999   6.875 0.000
 26.291667  27.291667   13.597 0.000   5.073 0.000
 29.291667  30.291667   20.991 0.000   8.158 0.000
 32.291667  33.291667   12.457 0.000   2.532 0.000
 35.291667  36.291667   35.031 0.000  18.780 0.000
 38.291667  39.291667   29.029 0.000   5.031 0.000
 41.291667  42.291667   24.141 0.000   7.696 0.000
 44.291667  45.291667   30.933 0.000  10.920 0.000
 47.291667  48.291667   23.764 0.000   4.929 0.000
 50.291667  51.291667    7.863 0.000   5.229 0.000
 53.291667  54.291667 9999.999 0.999 999.999 0.999
 56.291667  57.291667 9999.999 0.999 999.999 0.999
 59.291667  60.291667 9999.999 0.999 999.999 0.999
 62.291667  63.291667 9999.999 0.999 999.999 0.999
 65.291667  66.291667 9999.999 0.999 999.999 0.999
 68.291667  69.291667   25.319 0.000   7.752 0.000
 71.291667  72.291667   21.917 0.000   7.163 0.000
 74.291667  75.291667   23.193 0.000   6.564 0.000
 77.291667  78.291667   44.021 0.000  16.332 0.000
 80.291667  81.291667 9999.999 0.999 999.999 0.999
 83.291667  84.291667 9999.999 0.999 999.999 0.999
 86.291667  87.291667 9999.999 0.999 999.999 0.999
 89.291667  90.291667 9999.999 0.999 999.999 0.999
 92.291667  93.291667   16.932 0.000   4.460 0.000
 95.291667  96.291667   21.656 0.000   4.879 0.000
 98.291667  99.291667    4.902 0.000   1.973 0.000
101.291667 102.291667   14.021 0.000   4.946 0.000
104.291667 105.291667 9999.999 0.999 999.999 0.999
107.291667 108.291667 9999.999 0.999 999.999 0.999
110.291667 111.291667 9999.999 0.999 999.999 0.999
113.291667 114.291667 9999.999 0.999 999.999 0.999
116.291667 117.291667 9999.999 0.999 999.999 0.999
119.291667 120.291667 9999.999 0.999 999.999 0.999
122.291667 123.291667 9999.999 0.999 999.999 0.999
125.291667 126.291667 9999.999 0.999 999.999 0.999
128.291667 129.291667 9999.999 0.999 999.999 0.999
131.291667 132.291667   20.267 0.000   5.408 0.000
134.291667 135.291667   18.957 0.000   6.391 0.000
137.291667 138.291667   31.209 0.000 999.999 0.456
140.291667 141.291667   19.838 0.000   2.591 0.000
143.291667 144.291667   31.018 0.000  10.932 0.000
146.291667 147.291667   23.890 0.000   6.941 0.000
149.291667 150.291667   26.598 0.000 999.999 0.999
152.291667 153.291667   26.146 0.000   8.247 0.000
155.291667 156.291667   18.113 0.000   6.390 0.000
158.291667 159.291667   28.122 0.000   6.247 0.000
161.291667 162.291667   23.109 0.000   8.660 0.000
164.291667 165.291667   28.482 0.000   7.596 0.000
167.291667 168.291667   30.574 0.000   8.339 0.000
170.291667 171.291667   19.391 0.000   4.381 0.000
173.291667 174.291667   28.109 0.000   9.000 0.000
176.291667 177.291667   25.045 0.000   8.355 0.000
179.291667 180.291667   48.988 0.000  11.821 0.000
182.291667 183.291667   36.421 0.000   9.244 0.000
185.291667 186.291667  229.567 0.000  43.711 0.000
188.291667 189.291667  104.842 0.000  18.666 0.000
191.291667 192.291667   22.430 0.000   7.835 0.000
194.291667 195.291667   17.574 0.000   5.276 0.000
197.291667 198.291667   29.111 0.000   6.615 0.000
200.291667 201.291667   67.463 0.000  15.779 0.000
203.291667 204.291667   27.778 0.000   7.381 0.000
206.291667 207.291667   19.174 0.000   4.923 0.000
209.291667 210.291667   16.094 0.000   4.183 0.000
212.291667 213.291667   15.360 0.000   5.288 0.000
215.291667 216.291667   22.569 0.000   9.432 0.000
218.291667 219.291667   49.459 0.000  14.530 0.000
221.291667 222.291667   29.635 0.000   6.858 0.000
224.291667 225.291667   17.543 0.000   6.693 0.000
227.291667 228.291667   28.381 0.000   7.412 0.000
230.291667 231.291667   39.291 0.000   8.908 0.000
233.291667 234.291667   26.095 0.000   7.307 0.000
236.291667 237.291667  106.900 0.000  29.426 0.000
239.291667 240.291667   53.063 0.000  17.241 0.000
242.291667 243.291667   45.121 0.000  10.914 0.000
245.291667 246.291667   47.568 0.000  11.436 0.000
248.291667 249.291667   37.962 0.000   9.612 0.000
251.291667 252.291667   50.533 0.000  14.796 0.000
254.291667 255.291667   97.122 0.000  19.652 0.000
257.291667 258.291667   21.021 0.000   7.136 0.000
260.291667 261.291667   21.630 0.000   8.359 0.000
263.291667 264.291667   27.395 0.000   8.524 0.000
266.291667 267.291667   35.571 0.000   8.947 0.000
269.291667 270.291667   52.748 0.000  11.782 0.000
272.291667 273.291667   43.976 0.000  10.707 0.000
275.291667 276.291667   27.262 0.000   6.501 0.000
278.291667 279.291667   18.075 0.000   4.117 0.000
281.291667 282.291667   16.709 0.000   6.647 0.000
284.291667 285.291667   27.744 0.000   8.173 0.000
287.291667 288.291667   32.734 0.000  12.470 0.000
290.291667 291.291667   25.533 0.000   7.886 0.000
293.291667 294.291667   37.042 0.000  10.829 0.000
296.291667 297.291667   37.676 0.000  11.785 0.000
299.291667 300.291667   33.928 0.000  30.081 0.000
302.291667 303.291667   27.680 0.000  13.830 0.000
305.291667 306.291667   21.511 0.000   5.033 0.000
308.291667 309.291667   10.149 0.000   6.190 0.000
311.291667 312.291667   14.434 0.000   7.031 0.000
314.291667 315.291667   21.450 0.000   8.358 0.000
317.291667 318.291667   11.829 0.000   6.745 0.000
320.291667 321.291667   22.209 0.000  10.636 0.000
323.291667 324.291667   21.160 0.000  11.437 0.000
326.291667 327.291667   25.236 0.000  10.840 0.000
329.291667 330.291667   18.653 0.000   8.362 0.000
332.291667 333.291667   35.094 0.000  14.055 0.000
335.291667 336.291667   18.443 0.000   6.516 0.000
338.291667 339.291667   12.386 0.000   7.247 0.000
341.291667 342.291667 9999.999 0.456 999.999 0.456
344.291667 345.291667   33.402 0.000  20.842 0.000
347.291667 348.291667    9.494 0.000   5.485 0.659
350.291667 351.291667    9.294 0.000   3.828 0.659
353.291667 354.291667   19.738 0.000  13.072 0.659
356.291667 357.291667   12.496 0.000   5.438 0.659
359.291667 360.291667   21.040 0.000  13.766 0.659
362.291667 363.291667   39.243 0.000  18.478 0.659
