scripts/IMPROVE-2019_partial/data/US0061R.20020102050000.20191216000000.filterpack..pm25.52w.1w.US03L_filterpack_US0061.US03L_IMPROVE_Davis.lev2.nas
64 1001
MISSING INFORMATION
US03L, IMPROVE, , , , , , , 
MISSING INFORMATION
IMPROVE sel_HTAP
1 1
2002 01 01 2019 12 16
3.000000
days from file reference point
25
1 1 1 1 1 1 1 1 1 1 1 1 1 1 1 1 1 1 1 1 1 1 1 1 1
999.999999 9999.99 9.999 999.99 9.999 9.999 9.999999 99.99 9.999 99.999 9.999 999.999 9.999 999.999 9.999 9999.999 9.999 999.999 9.999 9999.999 9.999 9.999 9.999 99.999 9.999
end_time of measurement, days from the file reference point
iron, ng/m3, Revision date=20181210133000
numflag iron, no unit, Revision date=20181210133000
lead, ng/m3, Revision date=20181210133000
numflag lead, no unit, Revision date=20181210133000
magnesium, ug/m3, Revision date=20181210133000
numflag magnesium, no unit, Revision date=20181210133000
nickel, ng/m3, Revision date=20181210133000
numflag nickel, no unit, Revision date=20181210133000
nitrate, ug N/m3, Revision date=20181210133000
numflag nitrate, no unit, Revision date=20181210133000
organic_carbon, ug C/m3, Revision date=20181210133000
numflag organic_carbon, no unit, Revision date=20181210133000
organic_mass, ug/m3, Revision date=20181210133000
numflag organic_mass, no unit, Revision date=20181210133000
pm10_mass, ug/m3, Version=2, Version description=Data extracted from http://views.cira.colostate.edu/fed/DataWizard 2019-12-16, Sample duration=1d, Orig. time res.=3d, Matrix=pm10, Blank correction=Blank corrected, Volume std. temperature=ambient, Volume std. pressure=ambient
numflag pm10_mass, no unit, Version=2, Version description=Data extracted from http://views.cira.colostate.edu/fed/DataWizard 2019-12-16, Sample duration=1d, Orig. time res.=3d, Matrix=pm10, Blank correction=Blank corrected, Volume std. temperature=ambient, Volume std. pressure=ambient
pm10_pm25_mass, ug/m3, Revision date=20181210133000, Matrix=pm10_pm25
numflag pm10_pm25_mass, no unit, Revision date=20181210133000, Matrix=pm10_pm25
pm25_mass, ug/m3, Version=2, Version description=Data extracted from http://views.cira.colostate.edu/fed/DataWizard 2019-12-16, Sample duration=1d, Orig. time res.=3d, Blank correction=Blank corrected, Volume std. temperature=ambient, Volume std. pressure=ambient
numflag pm25_mass, no unit, Version=2, Version description=Data extracted from http://views.cira.colostate.edu/fed/DataWizard 2019-12-16, Sample duration=1d, Orig. time res.=3d, Blank correction=Blank corrected, Volume std. temperature=ambient, Volume std. pressure=ambient
potassium, ug/m3, Revision date=20181210133000
numflag potassium, no unit, Revision date=20181210133000
sulphate_total, ug S/m3, Revision date=20181210133000
numflag sulphate_total, no unit, Revision date=20181210133000
0
25
Data definition:              EBAS_1.1
Set type code:                TU
Timezone:                     UTC
File name:                    US0061R.20020102050000.20191216000000.filterpack..pm25.52w.1w.US03L_filterpack_US0061.US03L_IMPROVE_Davis.lev2.nas
File creation:                20191218115918
Startdate:                    20020102050000
Revision date:                20191216000000
Statistics:                   arithmetic mean
Data level:                   2
Period code:                  52w
Resolution code:              1w
Station code:                 US0061R
Platform code:                US0061S
Station name:                 Brigantine NWR
Station latitude:             39.465
Station longitude:            -74.4492
Station altitude:             5.0 m
Regime:                       IMG
Component:                    
Matrix:                       pm25
Laboratory code:              US03L
Instrument type:              filterpack
Instrument name:              filterpack_US0061
Method ref:                   US03L_IMPROVE_Davis
starttime endtime Fe flag_Fe Pb flag_Pb Mg++ flag_Mg++ Ni flag_Ni NO3- flag_NO3- OC flag_OC OM flag_OM PM10 flag_PM10 PM10-PM2.5 flag_PM10-PM2.5 PM2.5 flag_PM2.5 K+ flag_K+ SO4-- flag_SO4--
  1.208333   2.208333   49.57 0.000   4.81 0.000 9.999 0.259000  1.85 0.000  0.931 0.000   2.264 0.000   3.169 0.000   23.068 0.000   9.276 0.000   13.792 0.000 0.057 0.000  0.919 0.000
  4.208333   5.208333   64.90 0.559   3.95 0.559 9.999 0.559259  0.95 0.559  0.708 0.559   2.552 0.000   3.573 0.000   21.110 0.000   9.275 0.000   11.835 0.559 0.070 0.559  0.753 0.559
  7.208333   8.208333   25.49 0.000   2.40 0.000 9.999 0.259000  1.21 0.000  0.347 0.559   1.212 0.000   1.697 0.000    8.849 0.000   1.530 0.000    7.319 0.000 0.026 0.000  0.952 0.559
 10.208333  11.208333   46.28 0.000   3.80 0.000 9.999 0.259000  1.13 0.000  0.426 0.559   2.095 0.000   2.933 0.000   12.476 0.000   3.700 0.000    8.777 0.000 0.055 0.000  0.819 0.559
 13.208333  14.208333   18.21 0.000   2.74 0.000 9.999 0.259000  1.12 0.000  0.280 0.559   1.591 0.000   2.228 0.000    8.043 0.000   2.843 0.000    5.200 0.000 0.035 0.000  0.428 0.559
 16.208333  17.208333   41.44 0.000   3.24 0.000 9.999 0.259000  0.59 0.000  0.541 0.559   2.466 0.000   3.453 0.000   15.862 0.000   4.202 0.000   11.660 0.000 0.049 0.000  1.226 0.559
 19.208333  20.208333   26.10 0.000   4.38 0.000 9.999 0.259000  3.64 0.000  0.652 0.559   2.744 0.000   3.841 0.000   12.863 0.000 999.999 0.259   13.310 0.000 0.059 0.000  1.319 0.559
 22.208333  23.208333   17.37 0.000   0.93 0.000 9.999 0.259000  1.33 0.000  0.342 0.000   0.904 0.000   1.266 0.000   10.535 0.000   4.474 0.000    6.061 0.000 0.032 0.000  0.584 0.000
 25.208333  26.208333   32.78 0.000   2.77 0.000 9.999 0.259000  0.76 0.000  0.321 0.559   1.469 0.000   2.056 0.000    7.970 0.000   1.759 0.000    6.212 0.000 0.045 0.000  0.618 0.559
 28.208333  29.208333   43.44 0.000   2.77 0.000 9.999 0.259000  1.16 0.000  0.417 0.000   2.652 0.000   3.713 0.000   19.982 0.000   6.777 0.000   13.206 0.000 0.075 0.000  1.622 0.000
 31.208333  32.208333   10.60 0.000   0.96 0.000 9.999 0.259000  0.78 0.000  0.123 0.000   0.709 0.000   0.993 0.000    7.572 0.000   2.740 0.000    4.832 0.000 0.020 0.000  0.625 0.000
 34.208333  35.208333   27.39 0.559   2.80 0.559 9.999 0.559259  0.99 0.559  0.523 0.000   1.630 0.000   2.282 0.000    9.391 0.000   1.398 0.000    7.993 0.559 0.049 0.559  0.748 0.000
 37.208333  38.208333   46.34 0.559   3.01 0.559 9.999 0.559259  2.52 0.559  0.697 0.000   1.940 0.000   2.716 0.000   25.213 0.000  12.765 0.000   12.448 0.559 0.073 0.559  1.023 0.000
 40.208333  41.208333   10.82 0.000   1.37 0.000 9.999 0.259000  0.64 0.000  0.160 0.000   0.555 0.000   0.777 0.000   18.754 0.000  10.605 0.000    8.149 0.000 0.057 0.000  0.739 0.000
 43.208333  44.208333 9999.99 0.999 999.99 0.999 9.999 0.999000 99.99 0.999 99.999 0.999 999.999 0.999 999.999 0.999 9999.999 0.999 999.999 0.999 9999.999 0.999 9.999 0.999 99.999 0.999
 46.208333  47.208333 9999.99 0.999 999.99 0.999 9.999 0.999000 99.99 0.999 99.999 0.999 999.999 0.999 999.999 0.999 9999.999 0.999 999.999 0.999 9999.999 0.999 9.999 0.999 99.999 0.999
 49.208333  50.208333 9999.99 0.999 999.99 0.999 9.999 0.999000 99.99 0.999 99.999 0.999 999.999 0.999 999.999 0.999 9999.999 0.999 999.999 0.999 9999.999 0.999 9.999 0.999 99.999 0.999
 52.208333  53.208333 9999.99 0.999 999.99 0.999 9.999 0.999000 99.99 0.999 99.999 0.999 999.999 0.999 999.999 0.999 9999.999 0.999 999.999 0.999 9999.999 0.999 9.999 0.999 99.999 0.999
 55.208333  56.208333 9999.99 0.999 999.99 0.999 9.999 0.999000 99.99 0.999 99.999 0.999 999.999 0.999 999.999 0.999 9999.999 0.999 999.999 0.999 9999.999 0.999 9.999 0.999 99.999 0.999
 58.208333  59.208333 9999.99 0.999 999.99 0.999 9.999 0.999000 99.99 0.999 99.999 0.999 999.999 0.999 999.999 0.999 9999.999 0.999 999.999 0.999 9999.999 0.999 9.999 0.999 99.999 0.999
 61.208333  62.208333 9999.99 0.999 999.99 0.999 9.999 0.999000 99.99 0.999 99.999 0.999 999.999 0.999 999.999 0.999 9999.999 0.999 999.999 0.999 9999.999 0.999 9.999 0.999 99.999 0.999
 64.208333  65.208333 9999.99 0.999 999.99 0.999 9.999 0.999000 99.99 0.999 99.999 0.999 999.999 0.999 999.999 0.999 9999.999 0.999 999.999 0.999 9999.999 0.999 9.999 0.999 99.999 0.999
 67.208333  68.208333    9.81 0.000   0.64 0.000 9.999 0.259000  1.03 0.000  0.127 0.559   0.320 0.000   0.448 0.000   12.016 0.000   7.668 0.000    4.348 0.000 0.030 0.000  0.304 0.559
 70.208333  71.208333   32.36 0.000   1.99 0.000 9.999 0.259000  1.00 0.000  0.400 0.000   0.987 0.000   1.382 0.000   15.548 0.000   7.738 0.000    7.810 0.000 0.060 0.000  0.974 0.000
 73.208333  74.208333   26.34 0.000   2.74 0.000 0.143 0.000000  2.43 0.000  0.468 0.559   1.411 0.000   1.976 0.000   23.082 0.000   5.705 0.000   17.377 0.000 0.039 0.000  3.070 0.559
 76.208333  77.208333    8.29 0.000   0.44 0.000 9.999 0.259000  0.24 0.000  0.034 0.000   0.270 0.000   0.377 0.000    6.550 0.000   3.502 0.000    3.048 0.000 0.022 0.000  0.154 0.000
 79.208333  80.208333   26.44 0.000   2.79 0.000 9.999 0.259000  0.81 0.000  0.105 0.000   0.944 0.000   1.322 0.000   11.905 0.000   2.572 0.000    9.333 0.000 0.026 0.000  1.478 0.000
 82.208333  83.208333   48.85 0.000   4.30 0.000 9.999 0.259000  0.90 0.000  0.253 0.000   1.638 0.000   2.294 0.000   16.557 0.000   7.637 0.000    8.919 0.000 0.060 0.000  1.114 0.000
 85.208333  86.208333   21.82 0.000   2.36 0.000 9.999 0.259000  0.96 0.000  0.058 0.000   0.707 0.000   0.990 0.000    8.082 0.000   1.169 0.000    6.913 0.000 0.022 0.000  1.183 0.000
 88.208333  89.208333   34.32 0.000   2.01 0.000 0.179 0.000000  0.96 0.000  0.176 0.000   2.386 0.000   3.340 0.000   21.544 0.000   7.274 0.000   14.269 0.000 0.064 0.000  2.174 0.000
 91.208333  92.208333   45.96 0.000   2.13 0.000 9.999 0.259000  1.44 0.000  0.210 0.000   0.955 0.000   1.337 0.000   34.840 0.000  25.284 0.000    9.556 0.000 0.035 0.000  1.514 0.000
 94.208333  95.208333   40.12 0.000   4.78 0.000 9.999 0.259000  0.64 0.000  0.116 0.000   0.887 0.000   1.242 0.000   21.309 0.000  14.552 0.000    6.758 0.000 0.023 0.000  1.020 0.000
 97.208333  98.208333   33.70 0.000   1.64 0.000 9.999 0.259000  0.85 0.000  0.159 0.000   0.616 0.000   0.862 0.000   22.648 0.000  14.458 0.000    8.190 0.000 0.056 0.000  1.203 0.000
100.208333 101.208333   30.77 0.000   2.66 0.000 9.999 0.259000  1.66 0.000  0.191 0.000   1.072 0.000   1.501 0.000   29.141 0.000  20.492 0.000    8.649 0.000 0.040 0.000  1.229 0.000
103.208333 104.208333   19.03 0.000   0.64 0.000 9.999 0.259000  1.18 0.000  0.273 0.000   0.783 0.000   1.096 0.000   18.466 0.000  11.341 0.000    7.125 0.000 0.046 0.000  0.603 0.000
106.208333 107.208333   71.16 0.000   4.26 0.000 0.062 0.000000  2.87 0.000  0.230 0.559   4.745 0.000   6.643 0.000   32.631 0.000   7.552 0.000   25.079 0.000 0.074 0.000  3.331 0.559
109.208333 110.208333   69.43 0.000   3.12 0.000 9.999 0.259000  3.35 0.000  0.174 0.000   2.092 0.000   2.930 0.000   16.674 0.000   6.153 0.000   10.522 0.000 0.054 0.000  1.275 0.000
112.208333 113.208333   25.39 0.000   2.05 0.000 9.999 0.259000  0.61 0.000  0.064 0.000   0.496 0.000   0.694 0.000   18.544 0.000  14.350 0.000    4.194 0.000 0.020 0.000  0.647 0.000
115.208333 116.208333   62.16 0.000   1.81 0.000 9.999 0.259000  0.61 0.000  0.327 0.000   1.054 0.000   1.475 0.000   23.413 0.000  16.651 0.000    6.762 0.000 0.040 0.000  0.855 0.000
118.208333 119.208333   19.00 0.000   1.01 0.000 9.999 0.259000  0.44 0.000  0.028 0.000   0.688 0.000   0.964 0.000    9.588 0.000   4.326 0.000    5.262 0.000 0.017 0.000  0.878 0.000
121.208333 122.208333   39.73 0.000   1.33 0.000 9.999 0.259000  1.19 0.000  0.270 0.000   1.590 0.000   2.226 0.000   47.659 0.000  34.418 0.000   13.241 0.000 0.088 0.000  1.867 0.000
124.208333 125.208333   35.88 0.000   1.73 0.000 9.999 0.259000  0.93 0.000  0.061 0.000   0.661 0.000   0.925 0.000   15.913 0.000  11.455 0.000    4.458 0.000 0.031 0.000  0.526 0.000
127.208333 128.208333   42.82 0.000   2.24 0.000 9.999 0.259000  0.72 0.000  0.158 0.000   2.083 0.000   2.917 0.000   26.160 0.000  15.408 0.000   10.752 0.000 0.045 0.000  1.243 0.000
130.208333 131.208333   55.62 0.000   2.95 0.000 9.999 0.259000  0.64 0.000  0.064 0.000   1.276 0.000   1.787 0.000   21.191 0.000  14.580 0.000    6.611 0.000 0.043 0.000  0.642 0.000
133.208333 134.208333   31.95 0.000   1.56 0.000 9.999 0.259000  0.50 0.000  0.027 0.000   0.885 0.000   1.240 0.000   13.827 0.000   6.720 0.000    7.108 0.000 0.032 0.000  1.051 0.000
136.208333 137.208333   62.74 0.000   1.97 0.000 9.999 0.259000  0.51 0.000  0.115 0.000   3.563 0.000   4.988 0.000 9999.999 0.456 999.999 0.999   18.854 0.000 0.059 0.000  2.238 0.000
139.208333 140.208333   29.64 0.000   1.79 0.000 9.999 0.259000  1.32 0.000  0.044 0.000   0.891 0.000   1.247 0.000   14.444 0.000   8.606 0.000    5.838 0.000 0.026 0.000  0.788 0.000
142.208333 143.208333   35.17 0.000   2.64 0.000 9.999 0.259000  1.05 0.000  0.190 0.559   1.256 0.000   1.758 0.000   33.651 0.000  24.014 0.000    9.637 0.000 0.023 0.000  1.331 0.559
145.208333 146.208333   31.01 0.000   1.76 0.000 9.999 0.259000  1.49 0.000  0.206 0.559   1.586 0.000   2.221 0.000   34.286 0.000  20.305 0.000   13.980 0.000 0.068 0.000  1.708 0.559
148.208333 149.208333   41.91 0.000   1.32 0.000 0.076 0.000000  1.26 0.000  0.089 0.559   0.534 0.000   0.747 0.000   20.675 0.000   8.059 0.000   12.615 0.000 0.046 0.000  2.284 0.559
151.208333 152.208333   59.39 0.000   2.02 0.000 9.999 0.259000  0.85 0.000  0.101 0.000   3.139 0.000   4.395 0.000   26.673 0.000   9.496 0.000   17.177 0.000 0.082 0.000  2.012 0.000
154.208333 155.208333   29.79 0.000   1.50 0.000 9.999 0.259000  1.11 0.000  0.057 0.559   0.951 0.000   1.331 0.000   20.378 0.000  13.533 0.000    6.845 0.000 0.028 0.000  0.653 0.559
157.208333 158.208333   10.92 0.000   0.80 0.000 0.034 0.000000  0.62 0.000  0.072 0.000   0.519 0.000   0.727 0.000   13.139 0.000   9.070 0.000    4.069 0.000 0.024 0.000  0.346 0.000
160.208333 161.208333   38.80 0.000   2.34 0.000 9.999 0.259000  1.14 0.000  0.103 0.000   2.050 0.000   2.869 0.000   21.465 0.000   8.316 0.000   13.148 0.000 0.034 0.000  1.414 0.000
163.208333 164.208333    9.11 0.000   0.44 0.000 9.999 0.259000  0.51 0.000  0.151 0.000   0.570 0.000   0.798 0.000   13.297 0.000   4.908 0.000    8.389 0.000 0.024 0.000  1.389 0.000
166.208333 167.208333   21.25 0.000   1.87 0.000 9.999 0.259000  0.56 0.000  0.101 0.000   1.806 0.000   2.529 0.000   17.243 0.000   5.771 0.000   11.472 0.000 0.029 0.000  1.851 0.000
169.208333 170.208333   27.11 0.000   1.79 0.000 9.999 0.259000  2.04 0.000  0.061 0.000   1.991 0.000   2.788 0.000   20.202 0.000   4.516 0.000   15.686 0.000 0.027 0.000  2.740 0.000
172.208333 173.208333   27.55 0.000   1.89 0.000 9.999 0.259000  1.29 0.000  0.058 0.000   1.496 0.000   2.095 0.000   15.733 0.000   4.189 0.000   11.544 0.000 0.027 0.000  1.877 0.000
175.208333 176.208333   80.88 0.000   3.40 0.000 9.999 0.259000  3.28 0.000  0.115 0.000   5.301 0.000   7.422 0.000   44.365 0.000   8.695 0.000   35.670 0.000 0.059 0.000  5.582 0.000
178.208333 179.208333   42.73 0.000   2.17 0.000 9.999 0.259000  1.34 0.000  0.098 0.000   2.171 0.000   3.039 0.000   18.636 0.000   1.719 0.000   16.918 0.000 0.039 0.000  2.785 0.000
181.208333 182.208333   27.17 0.000   1.09 0.000 9.999 0.259000  1.72 0.000  0.055 0.000   3.177 0.000   4.448 0.000   14.864 0.000   3.034 0.000   11.830 0.000 0.042 0.000  1.004 0.000
184.208333 185.208333  410.64 0.000   4.51 0.000 0.149 0.000000  1.81 0.000  0.096 0.000   5.251 0.000   7.351 0.000   46.336 0.000   6.566 0.000   39.770 0.000 0.330 0.000  5.329 0.000
187.208333 188.208333   69.82 0.699  10.62 0.699 0.074 0.699000  0.44 0.699  0.276 0.559  55.983 0.000  78.376 0.000  102.400 0.000 999.999 0.259  106.793 0.699 0.915 0.699  1.254 0.559
190.208333 191.208333   54.03 0.000   3.39 0.000 9.999 0.259000  1.22 0.000  0.110 0.000   7.988 0.000  11.183 0.000   33.571 0.000   3.386 0.000   30.185 0.000 0.132 0.000  3.367 0.000
193.208333 194.208333   18.81 0.000   0.83 0.000 9.999 0.259000  0.57 0.000  0.043 0.000   1.344 0.000   1.882 0.000    9.365 0.000   4.470 0.000    4.895 0.000 0.019 0.000  0.350 0.000
196.208333 197.208333   51.96 0.000   2.72 0.000 9.999 0.259000  1.26 0.000  0.071 0.000   5.206 0.000   7.288 0.000   27.079 0.000   4.617 0.000   22.462 0.000 0.049 0.000  2.649 0.000
199.208333 200.208333 9999.99 0.699 999.99 0.699 9.999 0.699000 99.99 0.699  0.077 0.000   5.087 0.000   7.122 0.000   52.912 0.000 999.999 0.999 9999.999 0.699 9.999 0.699  8.970 0.000
202.208333 203.208333   16.92 0.000   0.85 0.000 0.120 0.000000  0.96 0.000  0.090 0.000   2.461 0.000   3.445 0.000   15.851 0.000   3.369 0.000   12.481 0.000 0.046 0.000  1.546 0.000
205.208333 206.208333    5.94 0.000   0.57 0.000 0.041 0.000000  0.28 0.000  0.074 0.559   0.729 0.000   1.021 0.000   10.496 0.000   6.903 0.000    3.593 0.000 0.020 0.000  0.201 0.559
208.208333 209.208333   30.62 0.000   1.30 0.000 9.999 0.259000  1.17 0.000  0.058 0.559   2.077 0.000   2.908 0.000   21.978 0.000   2.322 0.000   19.656 0.000 0.033 0.000  3.461 0.559
211.208333 212.208333   37.70 0.000   1.72 0.000 9.999 0.259000  0.94 0.000  0.040 0.559   2.587 0.000   3.622 0.000   19.965 0.000   7.350 0.000   12.615 0.000 0.030 0.000  1.468 0.559
214.208333 215.208333   17.26 0.000   0.99 0.000 9.999 0.259000  1.56 0.000  0.088 0.559   1.485 0.000   2.080 0.000   14.556 0.000   4.019 0.000   10.537 0.000 0.031 0.000  1.455 0.559
217.208333 218.208333   42.70 0.000   1.08 0.000 9.999 0.259000  0.47 0.000  0.044 0.559   1.409 0.000   1.972 0.000   16.323 0.000   4.961 0.000   11.362 0.000 0.028 0.000  1.712 0.559
220.208333 221.208333   33.34 0.000   1.40 0.000 9.999 0.259000  0.90 0.000  0.051 0.559   1.420 0.000   1.988 0.000   11.587 0.000   5.971 0.000    5.616 0.000 0.019 0.000  0.379 0.559
223.208333 224.208333   43.39 0.000   0.85 0.000 9.999 0.259000  1.50 0.000  0.076 0.559   2.173 0.000   3.042 0.000   22.183 0.000   8.507 0.000   13.676 0.000 0.039 0.000  1.581 0.559
226.208333 227.208333   19.07 0.000   0.49 0.000 9.999 0.259000  1.11 0.000  0.117 0.000   0.657 0.000   0.920 0.000   14.325 0.000   8.142 0.000    6.183 0.000 0.039 0.000  0.738 0.000
229.208333 230.208333   41.45 0.000   1.52 0.000 9.999 0.259000  1.94 0.000  0.081 0.559   1.864 0.000   2.610 0.000   23.359 0.000   2.464 0.000   20.894 0.000 0.044 0.000  3.277 0.559
232.208333 233.208333   30.51 0.000   1.42 0.000 0.024 0.000000  1.03 0.000  0.120 0.000   2.476 0.000   3.466 0.000   17.677 0.000   7.093 0.000   10.584 0.000 0.028 0.000  1.033 0.000
235.208333 236.208333   11.28 0.000   0.72 0.000 0.066 0.000000  0.96 0.000  0.090 0.000   0.622 0.000   0.871 0.000   12.784 0.000   4.337 0.000    8.448 0.000 0.023 0.000  1.338 0.000
238.208333 239.208333   48.47 0.000   3.83 0.000 0.031 0.000000  2.65 0.000  0.182 0.000   3.353 0.000   4.694 0.000   19.571 0.000   5.081 0.000   14.490 0.000 0.027 0.000  1.478 0.000
241.208333 242.208333 9999.99 0.999 999.99 0.999 9.999 0.999000 99.99 0.999 99.999 0.999 999.999 0.999 999.999 0.999 9999.999 0.999 999.999 0.999 9999.999 0.999 9.999 0.999 99.999 0.999
244.208333 245.208333 9999.99 0.999 999.99 0.999 9.999 0.999000 99.99 0.999 99.999 0.999 999.999 0.999 999.999 0.999 9999.999 0.999 999.999 0.999 9999.999 0.999 9.999 0.999 99.999 0.999
247.208333 248.208333   37.79 0.000   2.06 0.000 9.999 0.259000  0.76 0.000  0.045 0.559   2.038 0.000   2.854 0.000   13.808 0.000   5.038 0.000    8.770 0.000 0.022 0.000  1.036 0.559
250.208333 251.208333   21.67 0.000   1.23 0.000 0.036 0.000000  0.66 0.000  0.077 0.559   1.175 0.000   1.645 0.000    8.398 0.000   4.596 0.000    3.801 0.000 0.032 0.000  0.303 0.559
253.208333 254.208333   49.19 0.000   1.68 0.000 9.999 0.259000  0.63 0.000  0.047 0.000   1.008 0.000   1.411 0.000   20.792 0.000  13.848 0.000    6.944 0.000 0.021 0.000  1.017 0.000
256.208333 257.208333   17.09 0.000   1.24 0.000 9.999 0.259000  0.68 0.000  0.114 0.559   1.375 0.000   1.924 0.000   18.820 0.000  10.103 0.000    8.717 0.000 0.034 0.000  1.234 0.559
