scripts/IMPROVE-2019_partial/data/US0063R.20130101070000.20191216000000.filterpack...52w.3d.US03L_filterpack_US0063.US03L_IMPROVE_Davis.lev2.nas
51 1001
MISSING INFORMATION
US03L, IMPROVE, , , , , , , 
MISSING INFORMATION
IMPROVE sel_HTAP
1 1
2013 01 01 2019 12 16
3.000000
days from file reference point
4
1 1 1 1
999.999999 999.999 999.999 9.999
end_time of measurement, days from the file reference point
pm10_mass, ug/m3, Matrix=pm10
pm25_mass, ug/m3, Matrix=pm25
numflag, no unit
0
33
Data definition:              EBAS_1.1
Set type code:                TU
Timezone:                     UTC
File name:                    US0063R.20130101070000.20191216000000.filterpack...52w.3d.US03L_filterpack_US0063.US03L_IMPROVE_Davis.lev2.nas
File creation:                20191218115931
Startdate:                    20130101070000
Revision date:                20191216000000
Version:                      2
Version description:          "Data extracted from http://views.cira.colostate.edu/fed/DataWizard 2019-12-16"
Statistics:                   arithmetic mean
Data level:                   2
Period code:                  52w
Resolution code:              3d
Sample duration:              1d
Orig. time res.:              3d
Station code:                 US0063R
Platform code:                US0063S
Station name:                 Bosque del Apache
Station latitude:             33.8695
Station longitude:            -106.852
Station altitude:             1389.0 m
Regime:                       IMG
Component:                    
Unit:                         ug/m3
Matrix:                       
Laboratory code:              US03L
Instrument type:              filterpack
Instrument name:              filterpack_US0063
Method ref:                   US03L_IMPROVE_Davis
Blank correction:             Blank corrected
Volume std. temperature:      ambient
Volume std. pressure:         ambient
starttime endtime PM10 PM2.5 flag
  0.291667   1.291667 999.999 999.999 0.999
  3.291667   4.291667   6.006   4.852 0.000
  6.291667   7.291667   8.452   4.621 0.000
  9.291667  10.291667  10.075   3.837 0.000
 12.291667  13.291667   2.627   1.111 0.000
 15.291667  16.291667   9.226   3.217 0.000
 18.291667  19.291667   8.475   3.395 0.000
 21.291667  22.291667   8.672   3.307 0.000
 24.291667  25.291667   7.496   2.872 0.000
 27.291667  28.291667   5.497   1.322 0.000
 30.291667  31.291667   4.839   2.590 0.000
 33.291667  34.291667  10.045   6.089 0.000
 36.291667  37.291667   5.476   2.759 0.000
 39.291667  40.291667   9.330   2.220 0.000
 42.291667  43.291667   5.133   1.840 0.000
 45.291667  46.291667   9.055   2.576 0.000
 48.291667  49.291667   4.192   2.012 0.000
 51.291667  52.291667 999.999 999.999 0.999
 54.291667  55.291667 999.999 999.999 0.999
 57.291667  58.291667   7.851   2.521 0.000
 60.291667  61.291667   7.473   2.161 0.000
 63.291667  64.291667  23.406   4.827 0.000
 66.291667  67.291667  12.435   1.970 0.000
 69.291667  70.291667   5.010   1.911 0.000
 72.291667  73.291667   9.818   2.827 0.000
 75.291667  76.291667  24.125   5.568 0.000
 78.291667  79.291667  18.707   5.267 0.000
 81.291667  82.291667 999.999 999.999 0.999
 84.291667  85.291667  29.183   8.218 0.000
 87.291667  88.291667   9.844   4.026 0.000
 90.291667  91.291667 999.999 999.999 0.999
 93.291667  94.291667  12.587   2.886 0.000
 96.291667  97.291667  16.577   5.767 0.000
 99.291667 100.291667 999.999 999.999 0.999
102.291667 103.291667   7.762   3.209 0.000
105.291667 106.291667  21.812   6.302 0.000
108.291667 109.291667  25.424   7.318 0.000
111.291667 112.291667  13.133   4.763 0.000
114.291667 115.291667  48.170  15.523 0.000
117.291667 118.291667  13.626   6.367 0.000
120.291667 121.291667 999.999 999.999 0.999
123.291667 124.291667  25.977   7.385 0.000
126.291667 127.291667  13.993   3.748 0.000
129.291667 130.291667   8.639   2.797 0.000
132.291667 133.291667  13.730   3.899 0.000
135.291667 136.291667  10.214   7.102 0.000
138.291667 139.291667  13.991   6.670 0.000
141.291667 142.291667  18.064   4.549 0.000
144.291667 145.291667  20.093   6.361 0.000
147.291667 148.291667  17.752   5.525 0.000
150.291667 151.291667  29.568   9.116 0.000
153.291667 154.291667  40.915  10.750 0.000
156.291667 157.291667  29.123   8.571 0.000
159.291667 160.291667  32.674   8.702 0.000
162.291667 163.291667  25.531   8.463 0.000
165.291667 166.291667  24.633   6.742 0.000
168.291667 169.291667  35.662  12.148 0.000
171.291667 172.291667  46.934  15.269 0.000
174.291667 175.291667  32.070  20.175 0.000
177.291667 178.291667  18.845   9.179 0.000
180.291667 181.291667  52.002  13.633 0.000
183.291667 184.291667  14.499   3.777 0.000
186.291667 187.291667  13.131   7.318 0.000
189.291667 190.291667 999.999 999.999 0.999
192.291667 193.291667   9.680   3.639 0.000
195.291667 196.291667  10.228   3.514 0.000
198.291667 199.291667   3.797   2.128 0.000
201.291667 202.291667   6.256   2.500 0.000
204.291667 205.291667   9.943   4.246 0.000
207.291667 208.291667   4.304   3.164 0.000
210.291667 211.291667  10.263   3.876 0.000
213.291667 214.291667   6.866   3.435 0.000
216.291667 217.291667   5.920   3.094 0.000
219.291667 220.291667   7.849   4.016 0.000
222.291667 223.291667   6.478   3.904 0.000
225.291667 226.291667  12.690   4.294 0.000
228.291667 229.291667  13.006   3.712 0.000
231.291667 232.291667   9.008   3.562 0.000
234.291667 235.291667  11.723   6.008 0.000
237.291667 238.291667  11.448   6.298 0.000
240.291667 241.291667   3.398   2.091 0.000
243.291667 244.291667   7.269   2.970 0.000
246.291667 247.291667  14.527   4.703 0.000
249.291667 250.291667  10.832   5.510 0.000
252.291667 253.291667 999.999 999.999 0.999
255.291667 256.291667   3.329   1.449 0.000
258.291667 259.291667   4.189   1.191 0.000
261.291667 262.291667   5.600   2.142 0.000
264.291667 265.291667   5.964   2.662 0.000
267.291667 268.291667   7.289   2.305 0.000
270.291667 271.291667   4.683   1.490 0.000
273.291667 274.291667   3.874   1.575 0.000
276.291667 277.291667  11.744   2.347 0.000
279.291667 280.291667 999.999 999.999 0.999
282.291667 283.291667 999.999 999.999 0.999
285.291667 286.291667 999.999 999.999 0.999
288.291667 289.291667 999.999 999.999 0.999
291.291667 292.291667   7.048   3.174 0.000
294.291667 295.291667 999.999 999.999 0.999
297.291667 298.291667   5.461   2.815 0.000
300.291667 301.291667   6.819   2.740 0.000
303.291667 304.291667   3.164   1.599 0.000
306.291667 307.291667   3.807   1.598 0.000
309.291667 310.291667   3.817   1.317 0.000
312.291667 313.291667   6.288   2.634 0.000
315.291667 316.291667   5.127   2.340 0.000
318.291667 319.291667   4.702   2.843 0.000
321.291667 322.291667   8.064   3.630 0.000
324.291667 325.291667   4.243   2.357 0.000
327.291667 328.291667   2.273   1.791 0.000
330.291667 331.291667   3.304   2.374 0.000
333.291667 334.291667   7.506   5.413 0.000
336.291667 337.291667   5.783   2.974 0.000
339.291667 340.291667   6.544   4.552 0.000
342.291667 343.291667   5.050   2.228 0.000
345.291667 346.291667   8.660   5.125 0.000
348.291667 349.291667   3.028   1.904 0.000
351.291667 352.291667   4.255   1.484 0.000
354.291667 355.291667   1.017   0.718 0.000
357.291667 358.291667   3.842   2.499 0.000
360.291667 361.291667   4.665   1.470 0.000
363.291667 364.291667   5.998   2.652 0.000
