scripts/IMPROVE-2019_partial/data/US0060R.20050101050000.20191216000000.filterpack..pm25.52w.1w.US03L_filterpack_US0060.US03L_IMPROVE_Davis.lev2.nas
66 1001
MISSING INFORMATION
US03L, IMPROVE, , , , , , , 
MISSING INFORMATION
IMPROVE sel_HTAP
1 1
2005 01 01 2019 12 16
3.000000
days from file reference point
27
1 1 1 1 1 1 1 1 1 1 1 1 1 1 1 1 1 1 1 1 1 1 1 1 1 1 1
999.999999 999.99 9.999 99.99 9.999 9.999 9.999999 99.99 9.999 9.999 9.999 99.999 9.999 999.999 9.999 99.99 9.999999 999.999 9.999 99.999 9.999 999.999 9.999 9.999 9.999 99.999 9.999
end_time of measurement, days from the file reference point
iron, ng/m3, Revision date=20181210133000
numflag iron, no unit, Revision date=20181210133000
lead, ng/m3, Revision date=20181210133000
numflag lead, no unit, Revision date=20181210133000
magnesium, ug/m3, Revision date=20181210133000
numflag magnesium, no unit, Revision date=20181210133000
nickel, ng/m3, Revision date=20181210133000
numflag nickel, no unit, Revision date=20181210133000
nitrate, ug N/m3, Revision date=20181210133000
numflag nitrate, no unit, Revision date=20181210133000
organic_carbon, ug C/m3, Revision date=20181210133000
numflag organic_carbon, no unit, Revision date=20181210133000
organic_mass, ug/m3, Revision date=20181210133000
numflag organic_mass, no unit, Revision date=20181210133000
phosphorus, ng/m3, Revision date=20181210133000
numflag phosphorus, no unit, Revision date=20181210133000
pm10_mass, ug/m3, Version=2, Version description=Data extracted from http://views.cira.colostate.edu/fed/DataWizard 2019-12-16, Sample duration=1d, Orig. time res.=3d, Matrix=pm10, Blank correction=Blank corrected, Volume std. temperature=ambient, Volume std. pressure=ambient
numflag pm10_mass, no unit, Version=2, Version description=Data extracted from http://views.cira.colostate.edu/fed/DataWizard 2019-12-16, Sample duration=1d, Orig. time res.=3d, Matrix=pm10, Blank correction=Blank corrected, Volume std. temperature=ambient, Volume std. pressure=ambient
pm10_pm25_mass, ug/m3, Revision date=20181210133000, Matrix=pm10_pm25
numflag pm10_pm25_mass, no unit, Revision date=20181210133000, Matrix=pm10_pm25
pm25_mass, ug/m3, Version=2, Version description=Data extracted from http://views.cira.colostate.edu/fed/DataWizard 2019-12-16, Sample duration=1d, Orig. time res.=3d, Blank correction=Blank corrected, Volume std. temperature=ambient, Volume std. pressure=ambient
numflag pm25_mass, no unit, Version=2, Version description=Data extracted from http://views.cira.colostate.edu/fed/DataWizard 2019-12-16, Sample duration=1d, Orig. time res.=3d, Blank correction=Blank corrected, Volume std. temperature=ambient, Volume std. pressure=ambient
potassium, ug/m3, Revision date=20181210133000
numflag potassium, no unit, Revision date=20181210133000
sulphate_total, ug S/m3, Revision date=20181210133000
numflag sulphate_total, no unit, Revision date=20181210133000
0
25
Data definition:              EBAS_1.1
Set type code:                TU
Timezone:                     UTC
File name:                    US0060R.20050101050000.20191216000000.filterpack..pm25.52w.1w.US03L_filterpack_US0060.US03L_IMPROVE_Davis.lev2.nas
File creation:                20191218115913
Startdate:                    20050101050000
Revision date:                20191216000000
Statistics:                   arithmetic mean
Data level:                   2
Period code:                  52w
Resolution code:              1w
Station code:                 US0060R
Platform code:                US0060S
Station name:                 Great Gulf Wilderness
Station latitude:             44.3082
Station longitude:            -71.2177
Station altitude:             453.0 m
Regime:                       IMG
Component:                    
Matrix:                       pm25
Laboratory code:              US03L
Instrument type:              filterpack
Instrument name:              filterpack_US0060
Method ref:                   US03L_IMPROVE_Davis
starttime endtime Fe flag_Fe Pb flag_Pb Mg++ flag_Mg++ Ni flag_Ni NO3- flag_NO3- OC flag_OC OM flag_OM P flag_P PM10 flag_PM10 PM10-PM2.5 flag_PM10-PM2.5 PM2.5 flag_PM2.5 K+ flag_K+ SO4-- flag_SO4--
  0.208333   1.208333   6.08 0.000  1.09 0.000 9.999 0.259000  0.28 0.000 0.069 0.000  0.461 0.000   0.829 0.000 99.99 0.259000   4.138 0.000  0.650 0.000   3.487 0.000 0.016 0.000  0.540 0.000
  3.208333   4.208333   8.35 0.000  1.72 0.000 9.999 0.259000  3.37 0.000 0.064 0.000  0.688 0.000   1.238 0.000 99.99 0.259000   5.867 0.000  0.656 0.000   5.219 0.000 0.096 0.000  0.870 0.000
  6.208333   7.208333   3.60 0.000  0.98 0.000 9.999 0.259000  0.27 0.000 0.021 0.000  0.220 0.000   0.395 0.000 99.99 0.259000   1.918 0.000  0.566 0.000   1.351 0.000 0.014 0.000  0.185 0.000
  9.208333  10.208333   6.68 0.000  0.88 0.000 9.999 0.259000  0.43 0.000 0.018 0.000  0.630 0.000   1.134 0.000 99.99 0.259000   7.498 0.000  0.907 0.000   6.590 0.000 0.018 0.000  1.249 0.000
 12.208333  13.208333   2.32 0.000  0.39 0.000 9.999 0.259000  0.79 0.000 0.021 0.000  0.591 0.000   1.065 0.000 99.99 0.259000   3.393 0.000  0.463 0.000   2.929 0.000 0.025 0.000  0.517 0.000
 15.208333  16.208333  11.90 0.000  1.56 0.000 9.999 0.259000  0.54 0.000 0.107 0.000  0.643 0.000   1.158 0.000 99.99 0.259000   5.191 0.000  2.000 0.000   3.190 0.000 0.047 0.000  0.430 0.000
 18.208333  19.208333   9.82 0.000  1.25 0.000 0.024 0.000000  1.03 0.000 0.160 0.000  0.737 0.000   1.327 0.000 99.99 0.259000   6.086 0.000  2.399 0.000   3.686 0.000 0.098 0.000  0.346 0.000
 21.208333  22.208333  12.02 0.000  2.12 0.000 0.031 0.000000  0.83 0.000 0.136 0.000  0.800 0.000   1.441 0.000 99.99 0.259000   5.939 0.000  2.118 0.000   3.820 0.000 0.068 0.000  0.444 0.000
 24.208333  25.208333 999.99 0.456 99.99 0.456 9.999 0.456000 99.99 0.456 9.999 0.456 99.999 0.456 999.999 0.456 99.99 0.456000 999.999 0.456 99.999 0.456 999.999 0.456 9.999 0.456 99.999 0.456
 27.208333  28.208333  11.49 0.000  1.34 0.000 9.999 0.259000  1.14 0.000 0.098 0.000  0.530 0.000   0.954 0.000 99.99 0.259000   4.473 0.000  2.560 0.000   1.913 0.000 0.049 0.000  0.251 0.000
 30.208333  31.208333  10.33 0.000  1.18 0.000 9.999 0.259000  1.23 0.000 0.079 0.000  0.418 0.000   0.753 0.000 99.99 0.259000   4.543 0.000  2.168 0.000   2.375 0.000 0.043 0.000  0.253 0.000
 33.208333  34.208333  17.01 0.000  1.38 0.000 9.999 0.259000  1.06 0.000 0.042 0.000  0.773 0.000   1.391 0.000 99.99 0.259000   5.750 0.000  2.435 0.000   3.314 0.000 0.071 0.000  0.274 0.000
 36.208333  37.208333  15.93 0.000  2.09 0.000 9.999 0.259000  1.14 0.000 0.042 0.000  1.173 0.000   2.112 0.000 99.99 0.259000   6.793 0.000  1.066 0.000   5.725 0.000 0.039 0.000  0.799 0.000
 39.208333  40.208333   9.40 0.000  1.74 0.000 0.013 0.000000  0.83 0.000 0.020 0.000  0.583 0.000   1.049 0.000 99.99 0.259000   7.578 0.000  0.252 0.000   7.325 0.000 0.038 0.000  1.109 0.000
 42.208333  43.208333   5.57 0.000  1.13 0.000 9.999 0.259000  0.27 0.000 0.011 0.000  0.365 0.000   0.657 0.000 99.99 0.259000   3.402 0.000  0.626 0.000   2.776 0.000 0.014 0.000  0.445 0.000
 45.208333  46.208333   4.22 0.000  0.38 0.000 9.999 0.259000  0.15 0.000 0.005 0.000  0.223 0.000   0.402 0.000 99.99 0.259000   2.187 0.000  0.412 0.000   1.776 0.000 0.006 0.000  0.270 0.000
 48.208333  49.208333  15.72 0.000  1.20 0.000 9.999 0.259000  0.32 0.000 0.085 0.000  0.590 0.000   1.061 0.000 99.99 0.259000   4.495 0.000  0.797 0.000   3.697 0.000 0.033 0.000  0.481 0.000
 51.208333  52.208333   7.62 0.000  0.74 0.000 0.013 0.000000  0.89 0.000 0.066 0.000  0.459 0.000   0.827 0.000 99.99 0.259000   4.133 0.000  1.584 0.000   2.549 0.000 0.113 0.000  0.295 0.000
 54.208333  55.208333 999.99 0.999 99.99 0.999 9.999 0.999000 99.99 0.999 9.999 0.999 99.999 0.999 999.999 0.999 99.99 0.999000 999.999 0.999 99.999 0.999 999.999 0.999 9.999 0.999 99.999 0.999
 57.208333  58.208333   8.17 0.000  0.60 0.000 0.007 0.000000  0.13 0.000 0.053 0.000  0.355 0.000   0.639 0.000 99.99 0.259000   2.131 0.000  0.982 0.000   1.149 0.000 0.015 0.000  0.114 0.000
 60.208333  61.208333   7.05 0.000  0.80 0.000 9.999 0.259000 99.99 0.259 0.023 0.000  0.419 0.000   0.755 0.000 99.99 0.259000   3.030 0.000  0.917 0.000   2.113 0.000 0.017 0.000  0.344 0.000
 63.208333  64.208333   7.52 0.000  1.29 0.000 9.999 0.259000 99.99 0.259 0.030 0.000  0.440 0.000   0.792 0.000 99.99 0.259000   2.548 0.000  0.711 0.000   1.837 0.000 0.016 0.000  0.249 0.000
 66.208333  67.208333   9.13 0.000  0.98 0.000 9.999 0.259000  0.19 0.000 0.098 0.000  0.766 0.000   1.378 0.000 99.99 0.259000   5.449 0.000  1.049 0.000   4.416 0.000 0.029 0.000  0.662 0.000
 69.208333  70.208333  10.94 0.000  0.99 0.000 9.999 0.259000  0.20 0.000 0.034 0.000  0.380 0.000   0.685 0.000 99.99 0.259000   3.118 0.000  0.466 0.000   2.651 0.000 0.015 0.000  0.431 0.000
 72.208333  73.208333  99.60 0.000  1.34 0.000 9.999 0.259000  0.14 0.000 0.027 0.000  0.470 0.000   0.845 0.000 99.99 0.259000   5.801 0.000  1.011 0.000   4.789 0.000 0.023 0.000  0.910 0.000
 75.208333  76.208333   4.78 0.000  1.17 0.000 9.999 0.259000 99.99 0.259 0.017 0.000  0.236 0.000   0.425 0.000 99.99 0.259000   2.200 0.000  0.369 0.000   1.831 0.000 0.015 0.000  0.379 0.000
 78.208333  79.208333   5.76 0.000  0.53 0.000 0.010 0.000000  0.08 0.000 0.039 0.000  0.364 0.000   0.654 0.000 99.99 0.259000   1.936 0.000  0.551 0.000   1.385 0.000 0.022 0.000  0.174 0.000
 81.208333  82.208333   8.88 0.000  1.23 0.000 9.999 0.259000  0.07 0.000 0.038 0.000  0.319 0.000   0.575 0.000 99.99 0.259000   2.988 0.000  1.193 0.000   1.795 0.000 0.031 0.000  0.288 0.000
 84.208333  85.208333  19.23 0.000  1.64 0.000 9.999 0.259000  0.07 0.000 0.022 0.000  0.535 0.000   0.964 0.000 99.99 0.259000   3.894 0.000  1.125 0.000   2.768 0.000 0.038 0.000  0.467 0.000
 87.208333  88.208333   3.41 0.000  0.49 0.000 9.999 0.259000  0.18 0.000 0.029 0.000  0.380 0.000   0.685 0.000 99.99 0.259000   1.594 0.000  0.077 0.000   1.518 0.000 0.027 0.000  0.247 0.000
 90.208333  91.208333  17.26 0.000  2.43 0.000 9.999 0.259000  0.45 0.000 0.039 0.000  0.671 0.000   1.209 0.000 99.99 0.259000   6.913 0.000  1.853 0.000   5.060 0.000 0.025 0.000  0.873 0.000
 93.208333  94.208333   2.56 0.000  0.78 0.000 9.999 0.259000  0.35 0.000 0.048 0.000  0.413 0.000   0.744 0.000 99.99 0.259000   4.614 0.000  0.423 0.000   4.191 0.000 0.010 0.000  0.750 0.000
 96.208333  97.208333  20.73 0.000  2.29 0.000 9.999 0.259000  0.57 0.000 0.036 0.000  0.973 0.000   1.752 0.000 99.99 0.259000   7.368 0.000  1.838 0.000   5.529 0.000 0.034 0.000  0.741 0.000
 99.208333 100.208333  11.90 0.000  1.77 0.000 9.999 0.259000  0.25 0.000 0.011 0.000  0.444 0.000   0.798 0.000 99.99 0.259000   3.167 0.000  1.123 0.000   2.043 0.000 0.021 0.000  0.278 0.000
102.208333 103.208333   7.30 0.000  0.46 0.000 9.999 0.259000  0.08 0.000 0.020 0.000  0.255 0.000   0.460 0.000 99.99 0.259000   1.837 0.000  0.363 0.000   1.473 0.000 0.012 0.000  0.188 0.000
105.208333 106.208333  17.05 0.000  1.24 0.000 9.999 0.259000  0.21 0.000 0.013 0.000  0.499 0.000   0.898 0.000 99.99 0.259000   3.274 0.000  1.191 0.000   2.082 0.000 0.028 0.000  0.222 0.000
108.208333 109.208333  23.81 0.000  1.32 0.000 0.010 0.000000  0.16 0.000 0.019 0.000  0.798 0.000   1.436 0.000 99.99 0.259000   6.294 0.000  2.767 0.000   3.532 0.000 0.027 0.000  0.383 0.000
111.208333 112.208333  22.39 0.000  1.51 0.000 9.999 0.259000  0.25 0.000 0.041 0.000  0.584 0.000   1.052 0.000 99.99 0.259000   4.765 0.000  1.970 0.000   2.793 0.000 0.023 0.000  0.314 0.000
114.208333 115.208333   6.24 0.000  0.94 0.000 9.999 0.259000  0.33 0.000 0.021 0.000  0.479 0.000   0.861 0.000 99.99 0.259000   5.258 0.000  0.964 0.000   4.293 0.000 0.011 0.000  0.806 0.000
117.208333 118.208333   1.54 0.000  0.52 0.000 9.999 0.259000  0.22 0.000 0.004 0.000  0.280 0.000   0.505 0.000 99.99 0.259000   1.540 0.000  0.566 0.000   0.975 0.000 0.008 0.000  0.123 0.000
120.208333 121.208333   7.76 0.000  1.40 0.000 9.999 0.259000  0.19 0.000 0.026 0.000  0.768 0.000   1.383 0.000 99.99 0.259000   5.285 0.000  1.205 0.000   4.080 0.000 0.022 0.000  0.606 0.000
123.208333 124.208333   8.67 0.000  0.93 0.000 9.999 0.259000  0.27 0.000 0.019 0.000  0.319 0.000   0.575 0.000 99.99 0.259000   3.847 0.000  0.916 0.000   2.931 0.000 0.012 0.000  0.456 0.000
126.208333 127.208333  10.37 0.000  0.92 0.000 9.999 0.259000  0.56 0.000 0.013 0.000  0.299 0.000   0.539 0.000 99.99 0.259000   4.877 0.000  0.792 0.000   4.084 0.000 0.057 0.000  0.648 0.000
129.208333 130.208333   9.05 0.000  0.75 0.000 0.009 0.000000  0.25 0.000 0.015 0.000  0.530 0.000   0.955 0.000 99.99 0.259000   4.516 0.000  2.224 0.000   2.325 0.000 0.013 0.000  0.192 0.000
132.208333 133.208333  31.85 0.000  1.29 0.000 9.999 0.259000  0.24 0.000 0.122 0.000  0.294 0.000   0.530 0.000 99.99 0.259000   6.295 0.000  3.573 0.000   2.721 0.000 0.023 0.000  0.262 0.000
135.208333 136.208333   5.11 0.000  1.01 0.000 0.009 0.000000  0.45 0.000 0.032 0.000  0.554 0.000   0.997 0.000 99.99 0.259000   4.193 0.000  1.074 0.000   3.119 0.000 0.019 0.000  0.353 0.000
138.208333 139.208333  10.74 0.000  1.51 0.000 0.008 0.000000  0.20 0.000 0.063 0.000  0.569 0.000   1.025 0.000 99.99 0.259000   5.021 0.000  1.588 0.000   3.433 0.000 0.016 0.000  0.531 0.000
141.208333 142.208333   0.56 0.000  0.40 0.000 9.999 0.259000  0.45 0.000 0.002 0.000  0.128 0.000   0.230 0.000 99.99 0.259000   0.707 0.000  0.323 0.000   0.384 0.000 0.009 0.000  0.032 0.000
144.208333 145.208333   4.93 0.000  0.53 0.000 0.010 0.000000 99.99 0.259 0.024 0.000  0.205 0.000   0.369 0.000 99.99 0.259000   3.248 0.000  1.276 0.000   1.971 0.000 0.010 0.000  0.273 0.000
147.208333 148.208333   8.65 0.000  0.75 0.000 9.999 0.259000  0.35 0.000 0.014 0.000  0.827 0.000   1.488 0.000 99.99 0.259000   6.697 0.000  2.940 0.000   3.756 0.000 0.019 0.000  0.449 0.000
150.208333 151.208333   2.24 0.000  1.21 0.000 9.999 0.259000  0.44 0.000 0.004 0.000  0.404 0.000   0.727 0.000 99.99 0.259000   4.780 0.000  2.709 0.000   2.111 0.000 0.014 0.000  0.253 0.000
153.208333 154.208333  22.73 0.000  1.58 0.000 9.999 0.259000  0.48 0.000 0.014 0.000  1.812 0.000   3.262 0.000 99.99 0.259000  13.186 0.000  4.885 0.000   8.299 0.000 0.027 0.000  1.047 0.000
156.208333 157.208333  10.89 0.000  1.39 0.000 9.999 0.259000  0.26 0.000 0.036 0.000  5.918 0.000  10.652 0.000 99.99 0.259000  17.538 0.000  2.865 0.000  14.673 0.000 0.109 0.000  0.744 0.000
159.208333 160.208333  19.29 0.000  1.62 0.000 9.999 0.259000  0.44 0.000 0.014 0.000  5.011 0.000   9.019 0.000 99.99 0.259000  17.375 0.000  4.241 0.000  13.132 0.000 0.115 0.000  0.707 0.000
162.208333 163.208333  26.71 0.000  1.49 0.000 9.999 0.259000  0.32 0.000 0.011 0.000  2.597 0.000   4.675 0.000 99.99 0.259000  26.396 0.000  6.915 0.000  19.478 0.000 0.051 0.000  3.372 0.000
165.208333 166.208333   5.56 0.000  0.13 0.000 9.999 0.259000 99.99 0.259 0.001 0.000  0.064 0.000   0.115 0.000  6.24 0.000000   1.245 0.000  0.800 0.000   0.445 0.000 0.008 0.000  0.044 0.000
168.208333 169.208333   1.14 0.000  0.34 0.000 9.999 0.259000 99.99 0.259 0.003 0.000  0.361 0.000   0.650 0.000 99.99 0.259000   1.982 0.000  1.307 0.000   0.675 0.000 0.011 0.000  0.031 0.000
171.208333 172.208333  12.60 0.000  0.95 0.000 9.999 0.259000  0.20 0.000 0.010 0.000  1.450 0.000   2.609 0.000 99.99 0.259000   9.113 0.000  3.742 0.000   5.426 0.000 0.024 0.000  0.588 0.000
174.208333 175.208333  18.85 0.000  0.78 0.000 9.999 0.259000  0.17 0.000 0.012 0.000  2.122 0.000   3.820 0.000 99.99 0.259000  10.807 0.000  4.194 0.000   6.611 0.000 0.039 0.000  0.395 0.000
177.208333 178.208333  30.06 0.000  1.64 0.000 9.999 0.259000  0.47 0.000 0.021 0.000  3.860 0.000   6.948 0.000 99.99 0.259000  24.432 0.000  4.795 0.000  19.634 0.000 0.057 0.000  2.327 0.000
180.208333 181.208333  12.75 0.000  0.78 0.000 9.999 0.259000  0.43 0.000 0.022 0.000  1.521 0.000   2.737 0.000 99.99 0.259000  13.871 0.000  4.654 0.000   9.216 0.000 0.058 0.000  1.388 0.000
183.208333 184.208333   7.83 0.000  0.87 0.000 9.999 0.259000 99.99 0.259 0.005 0.000  1.027 0.000   1.849 0.000 99.99 0.259000   6.045 0.000  3.069 0.000   2.976 0.000 0.022 0.000  0.144 0.000
186.208333 187.208333   5.41 0.000  0.77 0.000 9.999 0.259000  0.26 0.000 0.014 0.000  0.833 0.000   1.499 0.000 99.99 0.259000   8.377 0.000  2.471 0.000   5.906 0.000 0.068 0.000  0.902 0.000
189.208333 190.208333   2.51 0.000  0.43 0.000 0.006 0.000000  0.15 0.000 0.006 0.000  0.512 0.000   0.922 0.000 99.99 0.259000   4.673 0.000  2.855 0.000   1.817 0.000 0.022 0.000  0.171 0.000
192.208333 193.208333  16.39 0.000  0.89 0.000 9.999 0.259000  0.33 0.000 0.014 0.000  4.037 0.000   7.268 0.000 99.99 0.259000  13.404 0.000  3.289 0.000  10.159 0.000 0.076 0.000  0.368 0.000
195.208333 196.208333   8.10 0.000  0.76 0.000 9.999 0.259000  0.21 0.000 0.008 0.000  1.682 0.000   3.027 0.000 99.99 0.259000   9.861 0.000  5.264 0.000   4.597 0.000 0.049 0.000  0.195 0.000
198.208333 199.208333  19.83 0.000  0.82 0.000 9.999 0.259000  0.47 0.000 0.013 0.000  1.162 0.000   2.092 0.000 99.99 0.259000  16.439 0.000  3.720 0.000  12.718 0.000 0.021 0.000  2.411 0.000
201.208333 202.208333 999.99 0.999 99.99 0.999 9.999 0.999000 99.99 0.999 9.999 0.999 99.999 0.999 999.999 0.999 99.99 0.999000 999.999 0.999 99.999 0.999 999.999 0.999 9.999 0.999 99.999 0.999
204.208333 205.208333 999.99 0.999 99.99 0.999 9.999 0.999000 99.99 0.999 9.999 0.999 99.999 0.999 999.999 0.999 99.99 0.999000 999.999 0.999 99.999 0.999 999.999 0.999 9.999 0.999 99.999 0.999
207.208333 208.208333  11.74 0.000  1.04 0.000 0.007 0.000000  0.09 0.000 0.010 0.000  1.137 0.000   2.047 0.000 99.99 0.259000   9.879 0.000  2.685 0.000   7.193 0.000 0.026 0.000  0.979 0.000
210.208333 211.208333   9.28 0.000  1.10 0.000 9.999 0.259000  0.20 0.000 0.006 0.000  0.959 0.000   1.727 0.000 99.99 0.259000   8.191 0.000  3.933 0.000   4.258 0.000 0.015 0.000  0.345 0.000
213.208333 214.208333  17.42 0.000  1.25 0.000 0.009 0.000000  0.12 0.000 0.007 0.000  1.363 0.000   2.454 0.000 99.99 0.259000  12.393 0.000  4.234 0.000   8.224 0.000 0.020 0.000  0.984 0.000
216.208333 217.208333  21.43 0.000  1.09 0.000 9.999 0.259000  0.30 0.000 0.013 0.000  2.155 0.000   3.879 0.000 99.99 0.259000  16.014 0.000  4.402 0.000  11.610 0.000 0.026 0.000  1.484 0.000
219.208333 220.208333  19.67 0.000  1.61 0.000 9.999 0.259000  0.26 0.000 0.011 0.000  2.552 0.000   4.594 0.000 99.99 0.259000  15.277 0.000  5.170 0.000  10.105 0.000 0.033 0.000  0.908 0.000
222.208333 223.208333  20.25 0.000  1.56 0.000 9.999 0.259000  0.32 0.000 0.011 0.000  1.425 0.000   2.565 0.000 99.99 0.259000  18.613 0.000  5.899 0.000  12.713 0.000 0.024 0.000  1.950 0.000
225.208333 226.208333  16.99 0.000  2.30 0.000 9.999 0.259000  0.64 0.000 0.029 0.000  1.237 0.000   2.227 0.000 99.99 0.259000   9.600 0.000  2.775 0.000   6.824 0.000 0.103 0.000  0.734 0.000
228.208333 229.208333  12.87 0.000  1.38 0.000 9.999 0.259000 99.99 0.259 0.012 0.000  1.100 0.000   1.979 0.000 99.99 0.259000   8.582 0.000  4.058 0.000   4.524 0.000 0.017 0.000  0.379 0.000
231.208333 232.208333   8.87 0.000  1.07 0.000 9.999 0.259000  0.32 0.000 0.013 0.000  0.543 0.000   0.977 0.000 99.99 0.259000   6.980 0.000  1.905 0.000   5.074 0.000 0.012 0.000  0.760 0.000
234.208333 235.208333   3.21 0.000  0.68 0.000 9.999 0.259000 99.99 0.259 0.006 0.000  0.664 0.000   1.196 0.000 99.99 0.259000   4.694 0.000  2.679 0.000   2.024 0.000 0.014 0.000  0.114 0.000
237.208333 238.208333  28.47 0.000  1.03 0.000 0.005 0.000000 99.99 0.259 0.009 0.000  1.923 0.000   3.462 0.000 99.99 0.259000  11.286 0.000  6.317 0.000   4.969 0.000 0.029 0.000  0.099 0.000
240.208333 241.208333   4.06 0.000  0.59 0.000 9.999 0.259000  0.23 0.000 0.014 0.000  0.820 0.000   1.477 0.000 99.99 0.259000   7.822 0.000  3.959 0.000   3.862 0.000 0.015 0.000  0.472 0.000
243.208333 244.208333   5.66 0.000  1.20 0.000 9.999 0.259000 99.99 0.259 0.004 0.000  0.895 0.000   1.611 0.000 99.99 0.259000   8.178 0.000  3.886 0.000   4.292 0.000 0.017 0.000  0.567 0.000
