scripts/IMPROVE-2019_partial/data/US0040R.20090101060000.20191216000000.filterpack...52w.3d.US03L_filterpack_US0040.US03L_IMPROVE_Davis.lev2.nas
52 1001
MISSING INFORMATION
US03L, IMPROVE, , , , , , , 
MISSING INFORMATION
IMPROVE sel_HTAP
1 1
2009 01 01 2019 12 16
3.00
days from file reference point
5
1 1 1 1 1
999.99 999.999 9.999 999.999 9.999
end_time of measurement, days from the file reference point
pm10_mass, ug/m3, Matrix=pm10
numflag pm10_mass, no unit, Matrix=pm10
pm25_mass, ug/m3, Matrix=pm25
numflag pm25_mass, no unit, Matrix=pm25
0
33
Data definition:              EBAS_1.1
Set type code:                TU
Timezone:                     UTC
File name:                    US0040R.20090101060000.20191216000000.filterpack...52w.3d.US03L_filterpack_US0040.US03L_IMPROVE_Davis.lev2.nas
File creation:                20191218115755
Startdate:                    20090101060000
Revision date:                20191216000000
Version:                      2
Version description:          "Data extracted from http://views.cira.colostate.edu/fed/DataWizard 2019-12-16"
Statistics:                   arithmetic mean
Data level:                   2
Period code:                  52w
Resolution code:              3d
Sample duration:              1d
Orig. time res.:              3d
Station code:                 US0040R
Platform code:                US0040S
Station name:                 Cadiz
Station latitude:             36.7842
Station longitude:            -87.8501
Station altitude:             191.0 m
Regime:                       IMG
Component:                    
Unit:                         ug/m3
Matrix:                       
Laboratory code:              US03L
Instrument type:              filterpack
Instrument name:              filterpack_US0040
Method ref:                   US03L_IMPROVE_Davis
Blank correction:             Blank corrected
Volume std. temperature:      ambient
Volume std. pressure:         ambient
starttime endtime PM10 flag_PM10 PM2.5 flag_PM2.5
  0.25   1.25   6.639 0.000   5.582 0.000
  3.25   4.25   8.194 0.000   7.435 0.000
  6.25   7.25   6.364 0.000   4.357 0.000
  9.25  10.25  13.998 0.000  13.188 0.000
 12.25  13.25   9.333 0.000   8.207 0.000
 15.25  16.25   8.273 0.000   6.241 0.000
 18.25  19.25   9.259 0.000   8.580 0.000
 21.25  22.25  14.533 0.000  12.036 0.000
 24.25  25.25  16.100 0.000  14.967 0.000
 27.25  28.25 999.999 0.999 999.999 0.999
 30.25  31.25 999.999 0.999 999.999 0.999
 33.25  34.25 999.999 0.999 999.999 0.999
 36.25  37.25 999.999 0.999 999.999 0.999
 39.25  40.25  12.972 0.000  10.090 0.000
 42.25  43.25   5.905 0.000   5.165 0.000
 45.25  46.25  12.130 0.000  12.446 0.000
 48.25  49.25  12.520 0.000   9.758 0.000
 51.25  52.25   7.232 0.000   6.579 0.000
 54.25  55.25  14.250 0.000  12.443 0.000
 57.25  58.25  13.307 0.000  12.508 0.000
 60.25  61.25   8.846 0.000   6.246 0.000
 63.25  64.25  14.300 0.000  11.564 0.000
 66.25  67.25  16.058 0.000   9.269 0.000
 69.25  70.25   5.842 0.000   4.435 0.000
 72.25  73.25  15.513 0.000  15.027 0.000
 75.25  76.25  15.653 0.000  14.757 0.000
 78.25  79.25   9.877 0.000   6.840 0.000
 81.25  82.25  17.762 0.000  13.223 0.000
 84.25  85.25  14.055 0.000   8.176 0.000
 87.25  88.25   4.380 0.000   2.622 0.000
 90.25  91.25   7.985 0.000   4.761 0.000
 93.25  94.25   9.377 0.000   7.372 0.000
 96.25  97.25   6.410 0.000   3.930 0.000
 99.25 100.25  21.583 0.000  16.663 0.000
102.25 103.25  13.945 0.000   6.067 0.000
105.25 106.25  18.569 0.000  15.697 0.000
108.25 109.25   8.123 0.000   5.711 0.000
111.25 112.25  10.419 0.000 999.999 0.456
114.25 115.25  14.298 0.000 999.999 0.456
117.25 118.25 999.999 0.999   7.122 0.000
120.25 121.25 999.999 0.999 999.999 0.456
123.25 124.25 999.999 0.999 999.999 0.456
126.25 127.25   5.069 0.000   5.859 0.000
129.25 130.25  16.056 0.000   5.269 0.000
132.25 133.25  20.691 0.000  13.835 0.000
135.25 136.25  16.078 0.000   7.625 0.000
138.25 139.25  13.678 0.000   6.478 0.000
141.25 142.25  16.076 0.000   7.012 0.000
144.25 145.25  14.486 0.000   8.504 0.000
147.25 148.25  13.078 0.000   5.682 0.000
150.25 151.25  18.355 0.000   6.844 0.000
153.25 154.25  16.864 0.000   9.917 0.000
156.25 157.25  17.475 0.000  11.078 0.000
159.25 160.25  16.392 0.000  11.732 0.000
162.25 163.25  15.948 0.000   9.155 0.000
165.25 166.25  13.657 0.000   6.106 0.000
168.25 169.25  14.479 0.000  12.476 0.000
171.25 172.25  13.582 0.000  13.025 0.000
174.25 175.25  28.177 0.000  21.419 0.000
177.25 178.25  25.431 0.000  17.276 0.000
180.25 181.25  10.655 0.000   7.931 0.000
183.25 184.25 999.999 0.456  10.815 0.000
186.25 187.25  21.689 0.000  14.650 0.000
189.25 190.25  21.030 0.000  16.037 0.000
192.25 193.25 999.999 0.456  13.826 0.000
195.25 196.25  13.108 0.000   8.790 0.000
198.25 199.25  11.239 0.000   4.540 0.000
201.25 202.25  14.029 0.000   9.910 0.000
204.25 205.25  16.308 0.000   9.426 0.000
207.25 208.25  18.431 0.000   9.894 0.000
210.25 211.25  11.169 0.000   7.056 0.000
213.25 214.25  13.513 0.000   8.227 0.000
216.25 217.25  10.351 0.000   5.883 0.000
219.25 220.25  28.860 0.000  24.900 0.000
222.25 223.25  13.454 0.000   8.183 0.000
225.25 226.25  24.352 0.000  19.144 0.000
228.25 229.25  14.723 0.000   7.885 0.000
231.25 232.25   7.863 0.000   3.756 0.000
234.25 235.25   8.154 0.000   4.897 0.000
237.25 238.25  20.189 0.000  15.637 0.000
240.25 241.25  15.309 0.000  10.667 0.000
243.25 244.25  15.787 0.000  10.842 0.000
246.25 247.25  18.997 0.000  14.015 0.000
249.25 250.25  14.217 0.000   9.624 0.000
252.25 253.25 999.999 0.999 999.999 0.999
255.25 256.25 999.999 0.999 999.999 0.999
258.25 259.25  17.894 0.000  11.668 0.000
261.25 262.25  17.239 0.000  12.599 0.000
264.25 265.25  13.538 0.000   6.298 0.000
267.25 268.25  14.809 0.000   6.517 0.000
270.25 271.25 999.999 0.999   5.107 0.000
273.25 274.25 999.999 0.999   8.658 0.000
276.25 277.25 999.999 0.999   7.376 0.000
279.25 280.25   6.438 0.000   2.573 0.000
282.25 283.25   8.477 0.000   5.484 0.000
285.25 286.25  15.965 0.000  10.866 0.000
288.25 289.25   6.934 0.000   4.898 0.000
291.25 292.25   9.024 0.000   5.742 0.000
294.25 295.25  17.787 0.000  10.603 0.000
297.25 298.25   8.692 0.000   4.438 0.000
300.25 301.25  10.521 0.000   6.004 0.000
303.25 304.25   6.273 0.000   3.621 0.000
306.25 307.25  11.058 0.000   5.524 0.000
309.25 310.25  14.612 0.000   8.393 0.000
312.25 313.25  25.680 0.000  17.289 0.000
315.25 316.25  17.687 0.000   6.178 0.000
318.25 319.25  21.015 0.000  17.431 0.000
321.25 322.25   6.970 0.000   4.819 0.000
324.25 325.25  19.655 0.000  14.786 0.000
327.25 328.25   9.973 0.000   7.645 0.000
330.25 331.25   7.740 0.000   4.946 0.000
333.25 334.25  12.295 0.000  10.811 0.000
336.25 337.25  17.949 0.000  14.758 0.000
339.25 340.25  14.187 0.000  11.572 0.000
342.25 343.25  11.104 0.000   5.676 0.000
345.25 346.25   7.581 0.000   4.980 0.000
348.25 349.25  13.272 0.000  10.989 0.000
351.25 352.25  12.745 0.000  10.307 0.000
354.25 355.25  27.413 0.000  26.600 0.000
357.25 358.25  11.143 0.000   8.400 0.000
360.25 361.25  10.922 0.000   3.970 0.000
363.25 364.25  10.234 0.000   8.580 0.000
