scripts/IMPROVE-2019_partial/data/US0049R.20090101060000.20191216000000.filterpack...52w.3d.US03L_filterpack_US0049.US03L_IMPROVE_Davis.lev2.nas
51 1001
MISSING INFORMATION
US03L, IMPROVE, , , , , , , 
MISSING INFORMATION
IMPROVE sel_HTAP
1 1
2009 01 01 2019 12 16
3.00
days from file reference point
4
1 1 1 1
999.99 999.999 999.999 9.999
end_time of measurement, days from the file reference point
pm10_mass, ug/m3, Matrix=pm10
pm25_mass, ug/m3, Matrix=pm25
numflag, no unit
0
33
Data definition:              EBAS_1.1
Set type code:                TU
Timezone:                     UTC
File name:                    US0049R.20090101060000.20191216000000.filterpack...52w.3d.US03L_filterpack_US0049.US03L_IMPROVE_Davis.lev2.nas
File creation:                20191218115823
Startdate:                    20090101060000
Revision date:                20191216000000
Version:                      2
Version description:          "Data extracted from http://views.cira.colostate.edu/fed/DataWizard 2019-12-16"
Statistics:                   arithmetic mean
Data level:                   2
Period code:                  52w
Resolution code:              3d
Sample duration:              1d
Orig. time res.:              3d
Station code:                 US0049R
Platform code:                US0049S
Station name:                 Great River Bluffs
Station latitude:             43.9373
Station longitude:            -91.4052
Station altitude:             370.0 m
Regime:                       IMG
Component:                    
Unit:                         ug/m3
Matrix:                       
Laboratory code:              US03L
Instrument type:              filterpack
Instrument name:              filterpack_US0049
Method ref:                   US03L_IMPROVE_Davis
Blank correction:             Blank corrected
Volume std. temperature:      ambient
Volume std. pressure:         ambient
starttime endtime PM10 PM2.5 flag
  0.25   1.25  13.978   6.913 0.000
  3.25   4.25   9.237   7.495 0.000
  6.25   7.25  24.657  18.409 0.000
  9.25  10.25   7.166   5.373 0.000
 12.25  13.25   6.833   4.474 0.000
 15.25  16.25  11.445   8.228 0.000
 18.25  19.25   8.338   6.892 0.000
 21.25  22.25  35.951  30.831 0.000
 24.25  25.25  10.123   6.634 0.000
 27.25  28.25  21.008  16.463 0.000
 30.25  31.25  15.103  11.535 0.000
 33.25  34.25 999.999 999.999 0.999
 36.25  37.25 999.999 999.999 0.999
 39.25  40.25 999.999 999.999 0.999
 42.25  43.25   7.990   6.739 0.000
 45.25  46.25 999.999 999.999 0.456
 48.25  49.25 999.999 999.999 0.456
 51.25  52.25 999.999 999.999 0.456
 54.25  55.25 999.999 999.999 0.456
 57.25  58.25   3.696   2.485 0.000
 60.25  61.25   6.778   5.106 0.000
 63.25  64.25  28.229  21.236 0.000
 66.25  67.25  10.580   8.785 0.000
 69.25  70.25  10.619   4.416 0.000
 72.25  73.25  17.289  10.693 0.000
 75.25  76.25  15.409   9.263 0.000
 78.25  79.25  12.464   9.132 0.000
 81.25  82.25  23.918  19.248 0.000
 84.25  85.25   7.122   5.600 0.000
 87.25  88.25   4.521   2.868 0.000
 90.25  91.25   3.723   2.725 0.000
 93.25  94.25   3.865   2.840 0.000
 96.25  97.25   6.543   2.764 0.000
 99.25 100.25   6.444   4.441 0.000
102.25 103.25   9.951   5.750 0.000
105.25 106.25   9.788   4.336 0.000
108.25 109.25   6.491   4.692 0.000
111.25 112.25   5.963   3.032 0.000
114.25 115.25   3.473   2.456 0.000
117.25 118.25   3.261   2.188 0.000
120.25 121.25   6.151   3.515 0.000
123.25 124.25  18.870   7.719 0.000
126.25 127.25   6.762   2.718 0.000
129.25 130.25   4.721   2.917 0.000
132.25 133.25  14.351   9.411 0.000
135.25 136.25   8.032   3.097 0.000
138.25 139.25  26.190   6.137 0.000
141.25 142.25  10.976   4.847 0.000
144.25 145.25  13.735   4.977 0.000
147.25 148.25   9.574   4.328 0.000
150.25 151.25  10.547   3.680 0.000
153.25 154.25   5.229   2.171 0.000
156.25 157.25   5.919   1.949 0.000
159.25 160.25   6.540   3.415 0.000
162.25 163.25   7.296   2.929 0.000
165.25 166.25  12.009   7.019 0.000
168.25 169.25  10.696   5.853 0.000
171.25 172.25  12.190   7.758 0.000
174.25 175.25  10.512   5.139 0.000
177.25 178.25  12.887   5.673 0.000
180.25 181.25   3.828   1.496 0.000
183.25 184.25   7.341   3.666 0.000
186.25 187.25  11.460   5.231 0.000
189.25 190.25  10.092   6.412 0.000
192.25 193.25   8.842   2.829 0.000
195.25 196.25  17.226   5.805 0.000
198.25 199.25   4.564   1.949 0.000
201.25 202.25  12.810   6.930 0.000
204.25 205.25  13.586   6.458 0.000
207.25 208.25  13.076   5.059 0.000
210.25 211.25   8.211   4.782 0.000
213.25 214.25  11.013   3.980 0.000
216.25 217.25   7.543   2.524 0.000
219.25 220.25  14.578   8.534 0.000
222.25 223.25  12.194   8.053 0.000
225.25 226.25  22.038  11.838 0.000
228.25 229.25   8.250   3.721 0.000
231.25 232.25   5.835   2.614 0.000
234.25 235.25   6.555   2.815 0.000
237.25 238.25   6.649   3.241 0.000
240.25 241.25   3.405   1.234 0.000
243.25 244.25  12.005   5.655 0.000
246.25 247.25  15.360  10.818 0.000
249.25 250.25  21.655  17.699 0.000
252.25 253.25  17.684  14.278 0.000
255.25 256.25  19.126  12.602 0.000
258.25 259.25  11.619   6.638 0.000
261.25 262.25  12.935   6.353 0.000
264.25 265.25  12.652  10.089 0.000
267.25 268.25  11.834   8.143 0.000
270.25 271.25   6.799   1.820 0.000
273.25 274.25   6.606   4.298 0.000
276.25 277.25   3.283   1.897 0.000
279.25 280.25   5.795   2.141 0.000
282.25 283.25 999.999 999.999 0.999
285.25 286.25 999.999 999.999 0.999
288.25 289.25   2.676   2.162 0.000
291.25 292.25   9.963   5.196 0.000
294.25 295.25   1.593   0.474 0.000
297.25 298.25   4.614   3.333 0.000
300.25 301.25  14.075  11.029 0.000
303.25 304.25   2.168   1.075 0.000
306.25 307.25   6.128   2.014 0.000
309.25 310.25  25.107   8.440 0.000
312.25 313.25  11.508   4.778 0.000
315.25 316.25  17.069   5.653 0.000
318.25 319.25   6.805   4.104 0.000
321.25 322.25   9.607   6.618 0.000
324.25 325.25  24.965  19.410 0.000
327.25 328.25  32.565  26.343 0.000
330.25 331.25   7.478   5.809 0.000
333.25 334.25   8.691   5.384 0.000
336.25 337.25   3.184   2.014 0.000
339.25 340.25   8.183   5.359 0.000
342.25 343.25   3.385   2.935 0.000
345.25 346.25  23.377  18.039 0.000
348.25 349.25  11.200   6.745 0.000
351.25 352.25  31.493  26.593 0.000
354.25 355.25  19.734  17.442 0.000
357.25 358.25   3.090   2.636 0.000
360.25 361.25  10.645   9.233 0.000
363.25 364.25  24.514  21.581 0.000
