scripts/IMPROVE-2019_partial/data/US0091R.20020102070000.20191216000000.filterpack..pm25.52w.1w.US03L_filterpack_US0091.US03L_IMPROVE_Davis.lev2.nas
66 1001
MISSING INFORMATION
US03L, IMPROVE, , , , , , , 
MISSING INFORMATION
IMPROVE sel_HTAP
1 1
2002 01 01 2019 12 16
3.000000
days from file reference point
27
1 1 1 1 1 1 1 1 1 1 1 1 1 1 1 1 1 1 1 1 1 1 1 1 1 1 1
999.999999 9999.99 9.999999 99.99 9.999999 9.999 9.999999999 99.99 9.999999999 9.999 9.999999 999.999 9.999 999.999 9.999 999.99 9.999999999 999.999 9.999 999.999 9.999 999.999 9.999 9.999 9.999999 9.999 9.999999
end_time of measurement, days from the file reference point
iron, ng/m3, Revision date=20181210133000
numflag iron, no unit, Revision date=20181210133000
lead, ng/m3, Revision date=20181210133000
numflag lead, no unit, Revision date=20181210133000
magnesium, ug/m3, Revision date=20181210133000
numflag magnesium, no unit, Revision date=20181210133000
nickel, ng/m3, Revision date=20181210133000
numflag nickel, no unit, Revision date=20181210133000
nitrate, ug N/m3, Revision date=20181210133000
numflag nitrate, no unit, Revision date=20181210133000
organic_carbon, ug C/m3, Revision date=20181210133000
numflag organic_carbon, no unit, Revision date=20181210133000
organic_mass, ug/m3, Revision date=20181210133000
numflag organic_mass, no unit, Revision date=20181210133000
phosphorus, ng/m3, Revision date=20181210133000
numflag phosphorus, no unit, Revision date=20181210133000
pm10_mass, ug/m3, Version=2, Version description=Data extracted from http://views.cira.colostate.edu/fed/DataWizard 2019-12-16, Sample duration=1d, Orig. time res.=3d, Matrix=pm10, Blank correction=Blank corrected, Volume std. temperature=ambient, Volume std. pressure=ambient
numflag pm10_mass, no unit, Version=2, Version description=Data extracted from http://views.cira.colostate.edu/fed/DataWizard 2019-12-16, Sample duration=1d, Orig. time res.=3d, Matrix=pm10, Blank correction=Blank corrected, Volume std. temperature=ambient, Volume std. pressure=ambient
pm10_pm25_mass, ug/m3, Revision date=20181210133000, Matrix=pm10_pm25
numflag pm10_pm25_mass, no unit, Revision date=20181210133000, Matrix=pm10_pm25
pm25_mass, ug/m3, Version=2, Version description=Data extracted from http://views.cira.colostate.edu/fed/DataWizard 2019-12-16, Sample duration=1d, Orig. time res.=3d, Blank correction=Blank corrected, Volume std. temperature=ambient, Volume std. pressure=ambient
numflag pm25_mass, no unit, Version=2, Version description=Data extracted from http://views.cira.colostate.edu/fed/DataWizard 2019-12-16, Sample duration=1d, Orig. time res.=3d, Blank correction=Blank corrected, Volume std. temperature=ambient, Volume std. pressure=ambient
potassium, ug/m3, Revision date=20181210133000
numflag potassium, no unit, Revision date=20181210133000
sulphate_total, ug S/m3, Revision date=20181210133000
numflag sulphate_total, no unit, Revision date=20181210133000
0
25
Data definition:              EBAS_1.1
Set type code:                TU
Timezone:                     UTC
File name:                    US0091R.20020102070000.20191216000000.filterpack..pm25.52w.1w.US03L_filterpack_US0091.US03L_IMPROVE_Davis.lev2.nas
File creation:                20191218120133
Startdate:                    20020102070000
Revision date:                20191216000000
Statistics:                   arithmetic mean
Data level:                   2
Period code:                  52w
Resolution code:              1w
Station code:                 US0091R
Platform code:                US0091S
Station name:                 Mount Baldy
Station latitude:             34.0584
Station longitude:            -109.4406
Station altitude:             2508.0 m
Regime:                       IMG
Component:                    
Matrix:                       pm25
Laboratory code:              US03L
Instrument type:              filterpack
Instrument name:              filterpack_US0091
Method ref:                   US03L_IMPROVE_Davis
starttime endtime Fe flag_Fe Pb flag_Pb Mg++ flag_Mg++ Ni flag_Ni NO3- flag_NO3- OC flag_OC OM flag_OM P flag_P PM10 flag_PM10 PM10-PM2.5 flag_PM10-PM2.5 PM2.5 flag_PM2.5 K+ flag_K+ SO4-- flag_SO4--
[from data line 72]
217.291667 218.291667   44.36 0.659000  0.37 0.659000 9.999 0.659259000 99.99 0.659259000 0.022 0.659000 999.999 0.999 999.999 0.999 999.99 0.659259000   5.499 0.659 999.999 0.999   3.719 0.659 0.034 0.659000 0.333 0.659000
220.291667 221.291667   29.64 0.659000  0.61 0.659000 9.999 0.659259000  0.11 0.659000000 0.016 0.659000 999.999 0.999 999.999 0.999 999.99 0.659259000   6.173 0.659 999.999 0.999   3.782 0.659 0.026 0.659000 0.412 0.659000
223.291667 224.291667   97.85 0.659000  0.96 0.659000 9.999 0.659259000  0.13 0.659000000 0.043 0.659000 999.999 0.999 999.999 0.999 999.99 0.659259000  13.808 0.659 999.999 0.999   7.052 0.659 0.099 0.659000 0.456 0.659000
226.291667 227.291667   62.17 0.659000  0.54 0.659000 9.999 0.659259000  0.10 0.659000000 0.051 0.659000 999.999 0.999 999.999 0.999 999.99 0.659259000  13.725 0.659 999.999 0.999   5.911 0.659 0.060 0.659000 0.360 0.659000
229.291667 230.291667   58.92 0.659394  1.29 0.659394 9.999 0.659394259 99.99 0.659394259 0.047 0.659394 999.999 0.999 999.999 0.999 999.99 0.659394259  11.010 0.659 999.999 0.999   6.305 0.659 0.056 0.659394 0.468 0.659394
232.291667 233.291667   47.05 0.659394  0.68 0.659394 9.999 0.659394259  0.22 0.659394000 0.057 0.659394 999.999 0.999 999.999 0.999 999.99 0.659394259  10.208 0.659 999.999 0.999   5.710 0.659 0.054 0.659394 0.419 0.659394
235.291667 236.291667   27.90 0.659000  2.80 0.659000 9.999 0.659259000 99.99 0.659259000 0.025 0.659000 999.999 0.999 999.999 0.999 999.99 0.659259000   5.424 0.659 999.999 0.999   2.315 0.659 0.024 0.659000 0.182 0.659000
238.291667 239.291667   24.72 0.659654  0.46 0.659654 9.999 0.659654259 99.99 0.659654259 0.017 0.659654 999.999 0.999 999.999 0.999 999.99 0.659654259   4.596 0.659 999.999 0.999   2.258 0.659 0.024 0.659654 0.214 0.659654
241.291667 242.291667   40.39 0.559000  0.39 0.559000 0.017 0.559000000  0.09 0.559000000 0.030 0.000000   0.539 0.000   0.754 0.000 999.99 0.559259000   5.841 0.000   2.697 0.000   3.145 0.559 0.033 0.559000 0.278 0.000000
244.291667 245.291667   38.33 0.559000  0.77 0.559000 9.999 0.559259000  0.14 0.559000000 0.024 0.000000   1.068 0.000   1.496 0.000 999.99 0.559259000   7.709 0.000   2.810 0.000   4.899 0.559 0.032 0.559000 0.437 0.000000
247.291667 248.291667   36.70 0.699000  1.19 0.699000 9.999 0.699259000 99.99 0.699259000 0.024 0.000000   0.954 0.000   1.335 0.000 999.99 0.699259000   8.007 0.000   2.465 0.000   5.541 0.699 0.041 0.699000 0.611 0.000000
250.291667 251.291667    5.83 0.000000  0.31 0.000000 9.999 0.259000000 99.99 0.259000000 0.019 0.559000   0.293 0.000   0.411 0.000 999.99 0.259000000   2.726 0.000   0.742 0.000   1.984 0.000 0.007 0.000000 0.278 0.559000
253.291667 254.291667    6.66 0.000000  0.31 0.000000 9.999 0.259000000 99.99 0.259000000 0.012 0.000000   0.430 0.000   0.602 0.000 999.99 0.259000000   2.451 0.000   0.963 0.000   1.488 0.000 0.007 0.000000 0.170 0.000000
256.291667 257.291667    8.27 0.000000  0.49 0.000000 9.999 0.259000000 99.99 0.259000000 0.014 0.000000   0.710 0.000   0.994 0.000 999.99 0.259000000   3.369 0.000   1.035 0.000   2.335 0.000 0.005 0.000000 0.184 0.000000
259.291667 260.291667   28.51 0.000000  1.24 0.000000 0.020 0.000000000 99.99 0.259000000 0.026 0.000000   0.339 0.000   0.474 0.000 999.99 0.259000000   8.593 0.000   4.985 0.000   3.608 0.000 0.024 0.000000 0.463 0.000000
262.291667 263.291667   36.59 0.000000  0.28 0.000000 9.999 0.259000000 99.99 0.259000000 0.013 0.000000   0.610 0.000   0.854 0.000 999.99 0.259000000   5.433 0.000   2.764 0.000   2.669 0.000 0.022 0.000000 0.124 0.000000
265.291667 266.291667   37.72 0.559000  0.50 0.559000 9.999 0.559259000 99.99 0.559259000 0.012 0.000000   0.517 0.000   0.724 0.000 999.99 0.559259000   6.005 0.000   3.306 0.000   2.699 0.559 0.025 0.559000 0.180 0.000000
268.291667 269.291667   58.75 0.000000  1.27 0.000000 9.999 0.259000000 99.99 0.259000000 0.033 0.000000   1.187 0.000   1.662 0.000 999.99 0.259000000  10.907 0.000   6.192 0.000   4.715 0.000 0.065 0.000000 0.283 0.000000
271.291667 272.291667   32.90 0.559000  1.04 0.559000 0.018 0.559000000  0.23 0.559000000 0.043 0.000000   1.673 0.000   2.342 0.000 999.99 0.559259000   8.864 0.000   3.471 0.000   5.394 0.559 0.032 0.559000 0.411 0.000000
274.291667 275.291667   35.86 0.000000  0.79 0.000000 9.999 0.259000000  0.10 0.000000000 0.045 0.000000   0.602 0.000   0.843 0.000 999.99 0.259000000   7.435 0.000   4.178 0.000   3.257 0.000 0.033 0.000000 0.297 0.000000
277.291667 278.291667   29.93 0.000000  1.04 0.000000 9.999 0.259000000 99.99 0.259000000 0.027 0.000000   1.814 0.000   2.540 0.000 999.99 0.259000000   7.438 0.000   3.077 0.000   4.361 0.000 0.025 0.000000 0.152 0.000000
280.291667 281.291667   15.92 0.559000  0.38 0.559000 0.009 0.559000000 99.99 0.559259000 0.015 0.000000   1.950 0.000   2.730 0.000 999.99 0.559259000   5.966 0.000   1.385 0.000   4.580 0.559 0.016 0.559000 0.215 0.000000
283.291667 284.291667   43.57 0.699000  1.67 0.699000 9.999 0.699259000  0.11 0.699000000 0.024 0.559000   2.402 0.000   3.363 0.000 999.99 0.699259000   8.465 0.000   2.992 0.000   5.473 0.699 0.036 0.699000 0.215 0.559000
286.291667 287.291667   52.55 0.559000  0.98 0.559000 9.999 0.559259000  0.08 0.559000000 0.032 0.000000   1.772 0.000   2.481 0.000 999.99 0.559259000  11.491 0.000   5.602 0.000   5.889 0.559 0.039 0.559000 0.346 0.000000
289.291667 290.291667   18.48 0.699000  1.03 0.699000 9.999 0.699259000  0.21 0.699000000 0.042 0.000000   0.914 0.000   1.280 0.000 999.99 0.699259000   6.410 0.000   2.832 0.000   3.579 0.699 0.031 0.699000 0.313 0.000000
292.291667 293.291667   16.37 0.000000  0.63 0.000000 9.999 0.259000000  0.06 0.000000000 0.037 0.000000   0.962 0.000   1.347 0.000 999.99 0.259000000   4.808 0.000   1.627 0.000   3.180 0.000 0.016 0.000000 0.248 0.000000
295.291667 296.291667   11.85 0.559000  0.66 0.559000 0.019 0.559000000  0.12 0.559000000 0.041 0.000000   1.383 0.000   1.936 0.000 999.99 0.559259000   5.301 0.000   1.258 0.000   4.043 0.559 0.018 0.559000 0.395 0.000000
298.291667 299.291667   67.06 0.000000  1.81 0.000000 9.999 0.259000000  1.73 0.000000000 0.030 0.000000   0.657 0.000   0.920 0.000 999.99 0.259000000   4.547 0.000 999.999 0.259   4.589 0.000 0.054 0.000000 0.375 0.000000
301.291667 302.291667   20.24 0.000000  2.70 0.000000 9.999 0.259000000 99.99 0.259000000 0.067 0.000000   0.500 0.000   0.700 0.000 999.99 0.259000000   4.511 0.000   1.307 0.000   3.204 0.000 0.021 0.000000 0.366 0.000000
304.291667 305.291667   19.47 0.000000  0.93 0.000000 9.999 0.259000000  0.16 0.000000000 0.024 0.000000   0.402 0.000   0.562 0.000 999.99 0.259000000   4.588 0.000   2.086 0.000   2.502 0.000 0.021 0.000000 0.275 0.000000
307.291667 308.291667   24.96 0.559000  1.49 0.559000 9.999 0.559259000  0.09 0.559000000 0.040 0.000000   0.432 0.000   0.604 0.000 999.99 0.559259000   6.407 0.000   3.492 0.000   2.915 0.559 0.022 0.559000 0.315 0.000000
310.291667 311.291667   15.88 0.000000  0.55 0.000000 9.999 0.259000000 99.99 0.259000000 0.021 0.000000   0.962 0.000   1.347 0.000 999.99 0.259000000   4.506 0.000   1.901 0.000   2.604 0.000 0.018 0.000000 0.110 0.000000
313.291667 314.291667   28.52 0.000000  0.16 0.000000 9.999 0.259000000  0.07 0.000000000 0.015 0.000000   0.190 0.000   0.266 0.000 999.99 0.259000000   1.901 0.000   0.949 0.000   0.953 0.000 0.012 0.000000 0.063 0.000000
316.291667 317.291667    9.86 0.000000  0.43 0.000000 9.999 0.259000000  0.10 0.000000000 0.007 0.000000   0.176 0.000   0.246 0.000 999.99 0.259000000   1.634 0.000   0.967 0.000   0.667 0.000 0.009 0.000000 0.056 0.000000
319.291667 320.291667   15.36 0.000000  0.34 0.000000 9.999 0.259000000  0.05 0.000000000 0.009 0.000000   0.259 0.000   0.362 0.000 999.99 0.259000000   2.661 0.000   1.061 0.000   1.600 0.000 0.012 0.000000 0.144 0.000000
322.291667 323.291667   13.71 0.000000  0.33 0.000000 9.999 0.259000000  0.09 0.000000000 0.009 0.000000   0.494 0.000   0.691 0.000 999.99 0.259000000   2.632 0.000   0.854 0.000   1.778 0.000 0.010 0.000000 0.110 0.000000
325.291667 326.291667   11.73 0.699000  0.14 0.699000 0.010 0.699000000 99.99 0.699259000 0.010 0.000000   1.998 0.000   2.797 0.000 999.99 0.699259000   4.602 0.000   0.963 0.000   3.639 0.699 0.010 0.699000 0.059 0.000000
328.291667 329.291667   26.99 0.699000  1.32 0.699000 9.999 0.699259000 99.99 0.699259000 0.074 0.000000   2.168 0.000   3.035 0.000 999.99 0.699259000   6.778 0.000   2.090 0.000   4.688 0.699 0.029 0.699000 0.163 0.000000
331.291667 332.291667   15.99 0.559000  0.73 0.559000 9.999 0.559259000  0.10 0.559000000 0.019 0.559000   0.564 0.000   0.789 0.000 999.99 0.559259000   3.555 0.000   1.196 0.000   2.358 0.559 0.017 0.559000 0.226 0.559000
334.291667 335.291667   49.98 0.000000  0.30 0.000000 9.999 0.259000000  1.17 0.000000000 0.021 0.000000   0.350 0.000   0.491 0.000 999.99 0.259000000   1.736 0.000 999.999 0.259   2.509 0.000 0.037 0.000000 0.157 0.000000
337.291667 338.291667    6.84 0.000000  0.26 0.000000 9.999 0.259000000  0.17 0.000000000 0.014 0.000000   0.349 0.000   0.488 0.000 999.99 0.259000000   1.777 0.000   0.087 0.000   1.690 0.000 0.007 0.000000 0.243 0.000000
340.291667 341.291667    2.27 0.000000  0.16 0.000000 9.999 0.259000000 99.99 0.259000000 0.007 0.000000   0.259 0.000   0.362 0.000 999.99 0.259000000   1.033 0.000   0.381 0.000   0.653 0.000 0.004 0.000000 0.076 0.000000
343.291667 344.291667    6.32 0.000000  0.16 0.000000 9.999 0.259000000 99.99 0.259000000 0.011 0.559000   0.379 0.000   0.531 0.000 999.99 0.259000000   1.412 0.000   0.310 0.000   1.101 0.000 0.006 0.000000 0.078 0.559000
346.291667 347.291667    8.78 0.000000  0.34 0.000000 9.999 0.259000000 99.99 0.259000000 0.005 0.000000   0.319 0.000   0.447 0.000 999.99 0.259000000   1.281 0.000   0.557 0.000   0.725 0.000 0.007 0.000000 0.043 0.000000
349.291667 350.291667   49.09 0.000000  0.49 0.000000 9.999 0.259000000 99.99 0.259000000 0.009 0.000000   0.110 0.000   0.154 0.000 999.99 0.259000000   3.720 0.000   2.110 0.000   1.610 0.000 0.036 0.000000 0.075 0.000000
352.291667 353.291667   10.01 0.000000  0.23 0.000000 9.999 0.259000000  0.35 0.000000000 0.011 0.000000   0.218 0.000   0.305 0.000 999.99 0.259000000   0.998 0.000   0.240 0.000   0.758 0.000 0.009 0.000000 0.048 0.000000
355.291667 356.291667    8.92 0.000000  0.31 0.000000 9.999 0.259000000  0.10 0.000000000 0.032 0.000000   0.293 0.000   0.410 0.000 999.99 0.259000000   2.067 0.000   0.867 0.000   1.200 0.000 0.016 0.000000 0.106 0.000000
358.291667 359.291667    6.97 0.000000  0.25 0.000000 0.012 0.000000000  0.25 0.000000000 0.013 0.000000   0.589 0.000   0.825 0.000 999.99 0.259000000   1.539 0.000 999.999 0.259   1.553 0.000 0.008 0.000000 0.104 0.000000
361.291667 362.291667    7.45 0.000000  0.20 0.000000 9.999 0.259000000  0.12 0.000000000 0.003 0.000000   0.181 0.000   0.254 0.000 999.99 0.259000000   1.075 0.000   0.344 0.000   0.731 0.000 0.008 0.000000 0.033 0.000000
364.291667 365.291667    4.82 0.000000  0.35 0.000000 9.999 0.259000000  0.09 0.000000000 0.004 0.000000   0.225 0.000   0.315 0.000 999.99 0.259000000   0.863 0.000   0.319 0.000   0.543 0.000 0.005 0.000000 0.023 0.000000
