scripts/IMPROVE-2019_partial/data/US0061R.20010101050000.20191216000000.filterpack..pm25.52w.1w.US03L_filterpack_US0061.US03L_IMPROVE_Davis.lev2.nas
64 1001
MISSING INFORMATION
US03L, IMPROVE, , , , , , , 
MISSING INFORMATION
IMPROVE sel_HTAP
1 1
2001 01 01 2019 12 16
3.000000
days from file reference point
25
1 1 1 1 1 1 1 1 1 1 1 1 1 1 1 1 1 1 1 1 1 1 1 1 1
999.999999 9999.99 9.999 99.99 9.999 9.999 9.999999 99.99 9.999 99.999 9.999 999.999 9.999 999.999 9.999 9999.999 9.999 999.999 9.999 999.999 9.999 9.999 9.999 999.999 9.999
end_time of measurement, days from the file reference point
iron, ng/m3, Revision date=20181210133000
numflag iron, no unit, Revision date=20181210133000
lead, ng/m3, Revision date=20181210133000
numflag lead, no unit, Revision date=20181210133000
magnesium, ug/m3, Revision date=20181210133000
numflag magnesium, no unit, Revision date=20181210133000
nickel, ng/m3, Revision date=20181210133000
numflag nickel, no unit, Revision date=20181210133000
nitrate, ug N/m3, Revision date=20181210133000
numflag nitrate, no unit, Revision date=20181210133000
organic_carbon, ug C/m3, Revision date=20181210133000
numflag organic_carbon, no unit, Revision date=20181210133000
organic_mass, ug/m3, Revision date=20181210133000
numflag organic_mass, no unit, Revision date=20181210133000
pm10_mass, ug/m3, Version=2, Version description=Data extracted from http://views.cira.colostate.edu/fed/DataWizard 2019-12-16, Sample duration=1d, Orig. time res.=3d, Matrix=pm10, Blank correction=Blank corrected, Volume std. temperature=ambient, Volume std. pressure=ambient
numflag pm10_mass, no unit, Version=2, Version description=Data extracted from http://views.cira.colostate.edu/fed/DataWizard 2019-12-16, Sample duration=1d, Orig. time res.=3d, Matrix=pm10, Blank correction=Blank corrected, Volume std. temperature=ambient, Volume std. pressure=ambient
pm10_pm25_mass, ug/m3, Revision date=20181210133000, Matrix=pm10_pm25
numflag pm10_pm25_mass, no unit, Revision date=20181210133000, Matrix=pm10_pm25
pm25_mass, ug/m3, Version=2, Version description=Data extracted from http://views.cira.colostate.edu/fed/DataWizard 2019-12-16, Sample duration=1d, Orig. time res.=3d, Blank correction=Blank corrected, Volume std. temperature=ambient, Volume std. pressure=ambient
numflag pm25_mass, no unit, Version=2, Version description=Data extracted from http://views.cira.colostate.edu/fed/DataWizard 2019-12-16, Sample duration=1d, Orig. time res.=3d, Blank correction=Blank corrected, Volume std. temperature=ambient, Volume std. pressure=ambient
potassium, ug/m3, Revision date=20181210133000
numflag potassium, no unit, Revision date=20181210133000
sulphate_total, ug S/m3, Revision date=20181210133000
numflag sulphate_total, no unit, Revision date=20181210133000
0
25
Data definition:              EBAS_1.1
Set type code:                TU
Timezone:                     UTC
File name:                    US0061R.20010101050000.20191216000000.filterpack..pm25.52w.1w.US03L_filterpack_US0061.US03L_IMPROVE_Davis.lev2.nas
File creation:                20191218115918
Startdate:                    20010101050000
Revision date:                20191216000000
Statistics:                   arithmetic mean
Data level:                   2
Period code:                  52w
Resolution code:              1w
Station code:                 US0061R
Platform code:                US0061S
Station name:                 Brigantine NWR
Station latitude:             39.465
Station longitude:            -74.4492
Station altitude:             5.0 m
Regime:                       IMG
Component:                    
Matrix:                       pm25
Laboratory code:              US03L
Instrument type:              filterpack
Instrument name:              filterpack_US0061
Method ref:                   US03L_IMPROVE_Davis
starttime endtime Fe flag_Fe Pb flag_Pb Mg++ flag_Mg++ Ni flag_Ni NO3- flag_NO3- OC flag_OC OM flag_OM PM10 flag_PM10 PM10-PM2.5 flag_PM10-PM2.5 PM2.5 flag_PM2.5 K+ flag_K+ SO4-- flag_SO4--
[from data line 87]
261.208333 262.208333   43.32 0.000  6.30 0.000 9.999 0.259000  1.56 0.000  0.211 0.000   1.996 0.000   2.795 0.000   22.610 0.000   5.088 0.000  17.522 0.000 0.052 0.000   2.893 0.000
264.208333 265.208333   20.95 0.000  2.00 0.000 9.999 0.259000  1.33 0.000  0.173 0.000   1.619 0.000   2.266 0.000   29.865 0.000   5.414 0.000  24.451 0.000 0.027 0.000   4.146 0.000
267.208333 268.208333   17.98 0.000  1.24 0.000 9.999 0.259000  0.73 0.000  0.050 0.000   0.790 0.000   1.106 0.000   13.313 0.000   7.331 0.000   5.983 0.000 0.030 0.000   0.767 0.000
270.208333 271.208333   32.36 0.000  2.82 0.000 9.999 0.259000  0.34 0.000  0.116 0.000   1.175 0.000   1.644 0.000    8.381 0.000   2.134 0.000   6.247 0.000 0.021 0.000   0.822 0.000
273.208333 274.208333   17.94 0.000  1.87 0.000 9.999 0.259000  0.55 0.000  0.034 0.000   0.909 0.000   1.272 0.000    4.071 0.000   1.217 0.000   2.854 0.000 0.022 0.000   0.186 0.000
276.208333 277.208333   89.13 0.394  4.86 0.394 9.999 0.394259  2.28 0.394 99.999 0.699   6.768 0.000   9.476 0.000   86.042 0.000  55.140 0.000  30.902 0.000 0.113 0.394 999.999 0.699
279.208333 280.208333   21.72 0.559  2.21 0.559 9.999 0.559259  0.43 0.559  0.042 0.000   0.981 0.000   1.373 0.000   12.949 0.000   8.527 0.000   4.422 0.559 0.028 0.559   0.458 0.000
282.208333 283.208333   17.71 0.000  0.94 0.000 9.999 0.259000  1.00 0.000  0.091 0.000   0.672 0.000   0.941 0.000   13.407 0.000   9.777 0.000   3.631 0.000 0.024 0.000   0.300 0.000
285.208333 286.208333   19.53 0.000  0.68 0.000 9.999 0.259000  1.36 0.000  0.159 0.000   1.058 0.000   1.481 0.000   20.873 0.000  14.417 0.000   6.457 0.000 0.033 0.000   0.754 0.000
288.208333 289.208333   22.90 0.000  1.54 0.000 9.999 0.259000  0.52 0.000  0.079 0.000   1.265 0.000   1.771 0.000   14.597 0.000   7.398 0.000   7.198 0.000 0.023 0.000   0.901 0.000
291.208333 292.208333   37.80 0.000  2.19 0.000 9.999 0.259000  0.52 0.000  0.139 0.559   1.178 0.000   1.649 0.000   13.095 0.000   6.545 0.000   6.550 0.000 0.040 0.000   0.679 0.559
294.208333 295.208333   34.89 0.000  1.72 0.000 9.999 0.259000  1.48 0.000  0.229 0.000   2.971 0.000   4.160 0.000   21.938 0.000   6.751 0.000  15.187 0.000 0.049 0.000   1.787 0.000
297.208333 298.208333   36.46 0.000  0.87 0.000 9.999 0.259000  0.57 0.000  0.107 0.000   2.075 0.000   2.905 0.000   27.622 0.000  20.218 0.000   7.404 0.000 0.052 0.000   0.650 0.000
300.208333 301.208333   19.70 0.000  2.48 0.000 9.999 0.259000  0.21 0.000  0.027 0.000   0.750 0.000   1.049 0.000    6.550 0.000   4.008 0.000   2.542 0.000 0.023 0.000   0.163 0.000
303.208333 304.208333   40.14 0.000  2.21 0.000 9.999 0.259000  0.66 0.000  0.115 0.000   1.415 0.000   1.980 0.000   21.871 0.000  16.238 0.000   5.633 0.000 0.037 0.000   0.480 0.000
306.208333 307.208333   32.46 0.559  2.38 0.559 9.999 0.559259  1.83 0.559  0.246 0.000   2.118 0.000   2.965 0.000   16.723 0.000   7.835 0.000   8.888 0.559 0.055 0.559   0.832 0.000
309.208333 310.208333   23.66 0.000  1.16 0.000 9.999 0.259000  0.44 0.000  0.020 0.000   0.537 0.000   0.752 0.000    7.425 0.000   4.672 0.000   2.754 0.000 0.017 0.000   0.294 0.000
312.208333 313.208333   55.10 0.000  1.51 0.000 9.999 0.259000  0.66 0.000  0.161 0.000   1.499 0.000   2.098 0.000   16.859 0.000  10.538 0.000   6.321 0.000 0.038 0.000   0.629 0.000
315.208333 316.208333   38.06 0.000  2.80 0.000 9.999 0.259000  0.53 0.000  0.134 0.000   1.686 0.000   2.361 0.000    9.881 0.000   4.433 0.000   5.448 0.000 0.043 0.000   0.453 0.000
318.208333 319.208333   56.34 0.000  1.94 0.000 9.999 0.259000  3.13 0.000  0.392 0.000   3.934 0.000   5.507 0.000   30.509 0.000  14.742 0.000  15.767 0.000 0.061 0.000   1.701 0.000
321.208333 322.208333   27.03 0.000  1.18 0.000 9.999 0.259000  0.47 0.000  0.153 0.000   1.127 0.000   1.578 0.000   13.928 0.000   9.116 0.000   4.812 0.000 0.038 0.000   0.286 0.000
324.208333 325.208333   31.74 0.000  1.68 0.000 9.999 0.259000  1.02 0.000  0.182 0.000   1.157 0.000   1.620 0.000    6.199 0.000   1.896 0.000   4.303 0.000 0.026 0.000   0.374 0.000
327.208333 328.208333   10.24 0.000  0.68 0.000 9.999 0.259000  1.66 0.000  0.152 0.000   0.514 0.000   0.719 0.000    9.272 0.000   4.211 0.000   5.061 0.000 0.026 0.000   0.691 0.000
330.208333 331.208333   30.99 0.000  2.16 0.000 9.999 0.259000  1.19 0.000  0.210 0.559   1.121 0.000   1.570 0.000   12.734 0.000   4.854 0.000   7.880 0.000 0.028 0.000   1.100 0.559
333.208333 334.208333   10.97 0.000  0.82 0.000 9.999 0.259000  1.52 0.000  0.178 0.000   0.696 0.000   0.974 0.000   17.691 0.000   7.528 0.000  10.163 0.000 0.046 0.000   1.718 0.000
336.208333 337.208333   40.28 0.000  4.74 0.000 9.999 0.259000  0.88 0.000  0.426 0.000   1.985 0.000   2.779 0.000   13.575 0.000   3.286 0.000  10.289 0.000 0.052 0.000   1.223 0.000
339.208333 340.208333   52.60 0.000  3.00 0.000 9.999 0.259000  1.24 0.000  0.196 0.000   3.485 0.000   4.879 0.000   19.496 0.000   6.098 0.000  13.398 0.000 0.074 0.000   1.274 0.000
342.208333 343.208333    7.21 0.000  1.71 0.000 9.999 0.259000  0.72 0.000  0.053 0.000   0.912 0.000   1.277 0.000    4.994 0.000   0.386 0.000   4.608 0.000 0.017 0.000   0.591 0.000
345.208333 346.208333 9999.99 0.999 99.99 0.999 9.999 0.999000 99.99 0.999 99.999 0.999 999.999 0.999 999.999 0.999 9999.999 0.999 999.999 0.999 999.999 0.999 9.999 0.999 999.999 0.999
348.208333 349.208333    8.94 0.000  1.15 0.000 9.999 0.259000  0.22 0.000  0.032 0.000   0.541 0.000   0.757 0.000    4.253 0.000   0.990 0.000   3.262 0.000 0.016 0.000   0.401 0.000
351.208333 352.208333   10.32 0.559  1.08 0.559 9.999 0.559259  0.65 0.559  0.072 0.000   0.612 0.000   0.857 0.000    4.694 0.000   1.255 0.000   3.439 0.559 0.017 0.559   0.324 0.000
354.208333 355.208333 9999.99 0.999 99.99 0.999 9.999 0.999000 99.99 0.999 99.999 0.999 999.999 0.999 999.999 0.999 9999.999 0.999 999.999 0.999 999.999 0.999 9.999 0.999 999.999 0.999
357.208333 358.208333 9999.99 0.999 99.99 0.999 9.999 0.999000 99.99 0.999 99.999 0.999 999.999 0.999 999.999 0.999 9999.999 0.999 999.999 0.999 999.999 0.999 9.999 0.999 999.999 0.999
360.208333 361.208333   40.60 0.559  2.83 0.559 9.999 0.559259  0.83 0.559  0.619 0.559   2.399 0.000   3.358 0.000   21.504 0.000   9.719 0.000  11.786 0.559 0.050 0.559   0.980 0.559
363.208333 364.208333   22.04 0.559  2.19 0.559 0.074 0.559000  0.59 0.559  0.737 0.559   1.408 0.000   1.971 0.000   12.705 0.000   3.202 0.000   9.503 0.559 0.033 0.559   0.832 0.559
