scripts/IMPROVE-2019_partial/data/US0097R.19950104080000.20191216000000.filterpack...1y.3d.US03L_filterpack_US0097.US03L_IMPROVE_Davis.lev2.nas
51 1001
MISSING INFORMATION
US03L, IMPROVE, , , , , , , 
MISSING INFORMATION
IMPROVE sel_HTAP
1 1
1995 01 01 2019 12 16
0
days from file reference point
4
1 1 1 1
999.999999 999.999 999.999 9.999
end_time of measurement, days from the file reference point
pm10_mass, ug/m3, Matrix=pm10
pm25_mass, ug/m3, Matrix=pm25
numflag, no unit
0
33
Data definition:              EBAS_1.1
Set type code:                TI
Timezone:                     UTC
File name:                    US0097R.19950104080000.20191216000000.filterpack...1y.3d.US03L_filterpack_US0097.US03L_IMPROVE_Davis.lev2.nas
File creation:                20191218120200
Startdate:                    19950104080000
Revision date:                20191216000000
Version:                      2
Version description:          "Data extracted from http://views.cira.colostate.edu/fed/DataWizard 2019-12-16"
Statistics:                   arithmetic mean
Data level:                   2
Period code:                  1y
Resolution code:              3d
Sample duration:              1d
Orig. time res.:              3d
Station code:                 US0097R
Platform code:                US0097S
Station name:                 Redwood NP
Station latitude:             41.5608
Station longitude:            -124.0839
Station altitude:             243.0 m
Regime:                       IMG
Component:                    
Unit:                         ug/m3
Matrix:                       
Laboratory code:              US03L
Instrument type:              filterpack
Instrument name:              filterpack_US0097
Method ref:                   US03L_IMPROVE_Davis
Blank correction:             Blank corrected
Volume std. temperature:      ambient
Volume std. pressure:         ambient
starttime endtime PM10 PM2.5 flag
  3.333333   4.333333   9.479   1.384 0.000
  6.333333   7.333333 999.999 999.999 0.999
 10.333333  11.333333   6.978   1.401 0.000
 13.333333  14.333333  21.949   4.665 0.000
 17.333333  18.333333   2.406   0.781 0.000
 20.333333  21.333333  19.143   1.855 0.000
 24.333333  25.333333   8.141   1.392 0.000
 27.333333  28.333333   8.866   4.335 0.000
 31.333333  32.333333   3.413   1.415 0.000
 34.333333  35.333333  20.404   8.235 0.000
 38.333333  39.333333  10.000   3.679 0.000
 41.333333  42.333333  14.604   4.654 0.000
 45.333333  46.333333   7.192   1.512 0.000
 48.333333  49.333333  14.750   2.901 0.000
 52.333333  53.333333  10.833   2.260 0.000
 55.333333  56.333333   9.458   4.579 0.000
 59.333333  60.333333  13.700   6.353 0.000
 62.333333  63.333333  21.162   2.273 0.000
 66.333333  67.333333   3.134   1.105 0.000
 69.333333  70.333333   7.825   3.457 0.000
 73.333333  74.333333   9.518   3.058 0.000
 76.333333  77.333333   6.994   2.071 0.000
 80.333333  81.333333   4.092   1.106 0.000
 83.333333  84.333333  11.422   3.964 0.000
 87.333333  88.333333   9.259   3.995 0.000
 90.333333  91.333333  10.913   3.841 0.000
 94.333333  95.333333   3.836   0.734 0.000
 97.333333  98.333333  10.736   4.025 0.000
101.333333 102.333333   6.747   2.460 0.000
104.333333 105.333333   8.301   1.495 0.000
108.333333 109.333333   5.275   2.059 0.000
111.333333 112.333333   9.272   3.885 0.000
115.333333 116.333333  12.401   5.507 0.000
118.333333 119.333333   7.970   1.407 0.000
122.333333 123.333333  13.964   3.643 0.000
125.333333 126.333333  20.032   5.294 0.000
129.333333 130.333333  15.568   4.069 0.000
132.333333 133.333333  21.754   6.146 0.000
136.333333 137.333333  20.464   6.319 0.000
139.333333 140.333333  14.002   7.007 0.000
143.333333 144.333333  19.106   9.065 0.000
146.333333 147.333333  10.289   5.022 0.000
150.333333 151.333333   5.737   3.007 0.000
153.333333 154.333333   4.006   2.151 0.000
157.333333 158.333333  16.068   7.954 0.000
160.333333 161.333333   7.488   2.376 0.000
164.333333 165.333333   3.989   0.617 0.000
167.333333 168.333333   7.476   2.170 0.000
171.333333 172.333333  10.988   4.921 0.000
174.333333 175.333333  14.517   4.710 0.000
178.333333 179.333333   5.832   1.101 0.000
181.333333 182.333333   4.745   2.595 0.000
185.333333 186.333333   4.273   1.689 0.000
188.333333 189.333333  12.254   3.564 0.000
192.333333 193.333333   6.604   3.114 0.000
195.333333 196.333333  22.979  10.729 0.000
199.333333 200.333333   3.590   2.151 0.000
202.333333 203.333333   4.769   2.858 0.000
206.333333 207.333333   5.070   3.123 0.000
209.333333 210.333333  21.626   7.399 0.000
213.333333 214.333333   9.498   4.386 0.000
216.333333 217.333333   7.037   4.378 0.000
220.333333 221.333333  18.036   9.146 0.000
223.333333 224.333333  16.750   5.169 0.000
227.333333 228.333333   7.913   3.596 0.000
230.333333 231.333333  14.428   6.758 0.000
234.333333 235.333333   6.492   4.855 0.000
237.333333 238.333333   7.836   5.746 0.000
241.333333 242.333333   3.837   2.981 0.000
244.333333 245.333333   7.968   6.422 0.000
248.333333 249.333333   6.608   2.924 0.000
251.333333 252.333333   7.562   4.700 0.000
255.333333 256.333333   2.156   0.806 0.000
258.333333 259.333333   5.445   3.286 0.000
262.333333 263.333333  18.168  10.090 0.000
265.333333 266.333333  25.788  11.762 0.000
269.333333 270.333333   5.826   1.967 0.000
272.333333 273.333333  14.738   7.099 0.000
276.333333 277.333333  10.853   4.877 0.000
279.333333 280.333333  23.224  15.711 0.000
283.333333 284.333333   4.992   2.346 0.000
286.333333 287.333333  13.514   9.775 0.000
290.333333 291.333333  10.530   4.827 0.000
293.333333 294.333333  13.398   7.070 0.000
297.333333 298.333333 999.999   4.755 0.000
300.333333 301.333333  13.928   6.976 0.000
304.333333 305.333333  17.381  13.418 0.000
307.333333 308.333333  19.359  13.292 0.000
311.333333 312.333333   6.053   1.900 0.000
314.333333 315.333333   4.317   1.931 0.000
318.333333 319.333333   8.356   1.984 0.000
321.333333 322.333333  12.973   4.173 0.000
325.333333 326.333333   8.457   2.105 0.000
328.333333 329.333333 999.999 999.999 0.999
332.333333 333.333333   6.479   2.107 0.000
335.333333 336.333333   5.587   3.523 0.000
339.333333 340.333333   5.393   2.290 0.000
342.333333 343.333333   6.246   2.590 0.000
346.333333 347.333333 999.999 999.999 0.999
349.333333 350.333333 999.999 999.999 0.999
353.333333 354.333333 999.999 999.999 0.999
356.333333 357.333333   7.174   2.585 0.000
360.333333 361.333333 999.999 999.999 0.999
363.333333 364.333333 999.999 999.999 0.999
