scripts/IMPROVE-2019_partial/data/US0066R.20040101050000.20191216000000.filterpack..pm25.52w.1w.US03L_filterpack_US0066.US03L_IMPROVE_Davis.lev2.nas
64 1001
MISSING INFORMATION
US03L, IMPROVE, , , , , , , 
MISSING INFORMATION
IMPROVE sel_HTAP
1 1
2004 01 01 2019 12 16
3.000000
days from file reference point
25
1 1 1 1 1 1 1 1 1 1 1 1 1 1 1 1 1 1 1 1 1 1 1 1 1
999.999999 999.99 9.999 99.99 9.999 9.999 9.999 99.99 9.999 99.999 9.999 99.999 9.999 99.999 9.999 999.999 9.999 99.999 9.999 999.999 9.999 9.999 9.999 99.999 9.999
end_time of measurement, days from the file reference point
iron, ng/m3, Revision date=20181210133000
numflag iron, no unit, Revision date=20181210133000
lead, ng/m3, Revision date=20181210133000
numflag lead, no unit, Revision date=20181210133000
magnesium, ug/m3, Revision date=20181210133000
numflag magnesium, no unit, Revision date=20181210133000
nickel, ng/m3, Revision date=20181210133000
numflag nickel, no unit, Revision date=20181210133000
nitrate, ug N/m3, Revision date=20181210133000
numflag nitrate, no unit, Revision date=20181210133000
organic_carbon, ug C/m3, Revision date=20181210133000
numflag organic_carbon, no unit, Revision date=20181210133000
organic_mass, ug/m3, Revision date=20181210133000
numflag organic_mass, no unit, Revision date=20181210133000
pm10_mass, ug/m3, Version=2, Version description=Data extracted from http://views.cira.colostate.edu/fed/DataWizard 2019-12-16, Sample duration=1d, Orig. time res.=3d, Matrix=pm10, Blank correction=Blank corrected, Volume std. temperature=ambient, Volume std. pressure=ambient
numflag pm10_mass, no unit, Version=2, Version description=Data extracted from http://views.cira.colostate.edu/fed/DataWizard 2019-12-16, Sample duration=1d, Orig. time res.=3d, Matrix=pm10, Blank correction=Blank corrected, Volume std. temperature=ambient, Volume std. pressure=ambient
pm10_pm25_mass, ug/m3, Revision date=20181210133000, Matrix=pm10_pm25
numflag pm10_pm25_mass, no unit, Revision date=20181210133000, Matrix=pm10_pm25
pm25_mass, ug/m3, Version=2, Version description=Data extracted from http://views.cira.colostate.edu/fed/DataWizard 2019-12-16, Sample duration=1d, Orig. time res.=3d, Blank correction=Blank corrected, Volume std. temperature=ambient, Volume std. pressure=ambient
numflag pm25_mass, no unit, Version=2, Version description=Data extracted from http://views.cira.colostate.edu/fed/DataWizard 2019-12-16, Sample duration=1d, Orig. time res.=3d, Blank correction=Blank corrected, Volume std. temperature=ambient, Volume std. pressure=ambient
potassium, ug/m3, Revision date=20181210133000
numflag potassium, no unit, Revision date=20181210133000
sulphate_total, ug S/m3, Revision date=20181210133000
numflag sulphate_total, no unit, Revision date=20181210133000
0
25
Data definition:              EBAS_1.1
Set type code:                TU
Timezone:                     UTC
File name:                    US0066R.20040101050000.20191216000000.filterpack..pm25.52w.1w.US03L_filterpack_US0066.US03L_IMPROVE_Davis.lev2.nas
File creation:                20191218115945
Startdate:                    20040101050000
Revision date:                20191216000000
Statistics:                   arithmetic mean
Data level:                   2
Period code:                  52w
Resolution code:              1w
Station code:                 US0066R
Platform code:                US0066S
Station name:                 Connecticut Hill
Station latitude:             42.4009
Station longitude:            -76.6534
Station altitude:             519.0 m
Regime:                       IMG
Component:                    
Matrix:                       pm25
Laboratory code:              US03L
Instrument type:              filterpack
Instrument name:              filterpack_US0066
Method ref:                   US03L_IMPROVE_Davis
starttime endtime Fe flag_Fe Pb flag_Pb Mg++ flag_Mg++ Ni flag_Ni NO3- flag_NO3- OC flag_OC OM flag_OM PM10 flag_PM10 PM10-PM2.5 flag_PM10-PM2.5 PM2.5 flag_PM2.5 K+ flag_K+ SO4-- flag_SO4--
  0.208333   1.208333  15.31 0.000  1.22 0.000 0.038 0.000  0.17 0.000  0.261 0.559  0.680 0.000  0.952 0.000   6.625 0.000  2.074 0.000   4.551 0.000 0.023 0.000  0.444 0.559
  3.208333   4.208333   9.72 0.000  1.44 0.000 9.999 0.259  0.10 0.000  0.254 0.559  0.692 0.000  0.968 0.000   5.595 0.000  0.946 0.000   4.649 0.000 0.021 0.000  0.405 0.559
  6.208333   7.208333  11.74 0.000  1.42 0.000 9.999 0.259  0.15 0.000  0.215 0.559  0.495 0.000  0.693 0.000   5.098 0.000  1.890 0.000   3.207 0.000 0.017 0.000  0.257 0.559
  9.208333  10.208333   4.51 0.000  0.88 0.000 9.999 0.259  0.12 0.000  0.209 0.559  0.971 0.000  1.359 0.000   5.036 0.000  1.034 0.000   4.002 0.000 0.027 0.000  0.329 0.559
 12.208333  13.208333   7.33 0.000  1.38 0.000 9.999 0.259  0.22 0.000  0.160 0.559  0.577 0.000  0.807 0.000   5.243 0.000  1.404 0.000   3.839 0.000 0.017 0.000  0.502 0.559
 15.208333  16.208333   7.92 0.000  1.08 0.000 9.999 0.259  0.25 0.000  0.149 0.559  0.437 0.000  0.611 0.000   4.415 0.000  1.603 0.000   2.813 0.000 0.018 0.000  0.260 0.559
 18.208333  19.208333   9.45 0.000  1.35 0.000 9.999 0.259  0.20 0.000  0.159 0.559  0.459 0.000  0.643 0.000   3.854 0.000  0.963 0.000   2.891 0.000 0.013 0.000  0.345 0.559
 21.208333  22.208333  24.68 0.000  1.75 0.000 0.028 0.000  0.19 0.000  0.236 0.559  0.907 0.000  1.271 0.000   8.108 0.000  2.601 0.000   5.508 0.000 0.032 0.000  0.600 0.559
 24.208333  25.208333   4.48 0.000  1.40 0.000 9.999 0.259  0.28 0.000  0.070 0.559  0.669 0.000  0.936 0.000   3.653 0.000  0.905 0.000   2.748 0.000 0.017 0.000  0.344 0.559
 27.208333  28.208333  13.51 0.000  2.06 0.000 9.999 0.259  0.34 0.000  0.132 0.559  0.918 0.000  1.285 0.000   5.451 0.000  0.392 0.000   5.059 0.000 0.023 0.000  0.763 0.559
 30.208333  31.208333  19.63 0.000  1.54 0.000 9.999 0.259  0.23 0.000  0.239 0.559  0.926 0.000  1.296 0.000   6.339 0.000  0.997 0.000   5.342 0.000 0.026 0.000  0.603 0.559
 33.208333  34.208333  13.61 0.000  2.68 0.000 0.043 0.000  2.50 0.000  0.301 0.559  1.055 0.000  1.477 0.000   6.248 0.000  0.635 0.000   5.613 0.000 0.022 0.000  0.581 0.559
 36.208333  37.208333   6.25 0.000  1.44 0.000 9.999 0.259  0.42 0.000  0.094 0.559  0.810 0.000  1.134 0.000   5.178 0.000  0.222 0.000   4.956 0.000 0.016 0.000  0.825 0.559
 39.208333  40.208333  22.34 0.000  3.42 0.000 9.999 0.259  0.15 0.000  0.082 0.559  1.289 0.000  1.805 0.000   8.541 0.000  1.508 0.000   7.033 0.000 0.030 0.000  1.061 0.559
 42.208333  43.208333  35.78 0.000  4.06 0.000 9.999 0.259  0.33 0.000  0.321 0.559  1.393 0.000  1.950 0.000  10.578 0.000  2.009 0.000   8.570 0.000 0.038 0.000  1.101 0.559
 45.208333  46.208333   5.85 0.000  1.44 0.000 0.045 0.000  0.21 0.000  0.150 0.559  0.682 0.000  0.954 0.000   4.159 0.000  0.981 0.000   3.178 0.000 0.022 0.000  0.291 0.559
 48.208333  49.208333  61.99 0.000  5.77 0.000 9.999 0.259  0.80 0.000  1.144 0.559  2.224 0.000  3.114 0.000  21.399 0.000  5.055 0.000  16.343 0.000 0.060 0.000  1.196 0.559
 51.208333  52.208333  19.25 0.000  2.80 0.000 9.999 0.259  0.59 0.000  0.438 0.000  1.021 0.000  1.429 0.000   7.383 0.000 99.999 0.259   8.243 0.000 0.023 0.000  1.073 0.000
 54.208333  55.208333  15.75 0.000  3.10 0.000 0.031 0.000  0.25 0.000  0.472 0.559  1.023 0.000  1.432 0.000   8.397 0.000  2.219 0.000   6.178 0.000 0.035 0.000  0.384 0.559
 57.208333  58.208333  14.72 0.000  1.80 0.000 0.049 0.000 99.99 0.259  0.264 0.559  0.643 0.000  0.901 0.000   6.463 0.000  2.902 0.000   3.561 0.000 0.027 0.000  0.190 0.559
 60.208333  61.208333  69.10 0.000  7.78 0.000 9.999 0.259  0.33 0.000  0.552 0.559  2.318 0.000  3.245 0.000  17.038 0.000  4.893 0.000  12.145 0.000 0.089 0.000  1.361 0.559
 63.208333  64.208333  37.71 0.000  5.26 0.000 9.999 0.259  0.18 0.000  0.917 0.559  1.953 0.000  2.734 0.000  18.598 0.000  1.326 0.000  17.272 0.000 0.047 0.000  2.078 0.559
 66.208333  67.208333  15.60 0.000  1.84 0.000 9.999 0.259 99.99 0.259  0.088 0.000  0.717 0.000  1.004 0.000   6.426 0.000  0.798 0.000   5.627 0.000 0.021 0.000  0.996 0.000
 69.208333  70.208333  11.71 0.000  2.13 0.000 9.999 0.259  0.73 0.000  0.582 0.559  1.557 0.000  2.180 0.000  10.659 0.000  0.823 0.000   9.835 0.000 0.028 0.000  1.201 0.559
 72.208333  73.208333  11.17 0.000  1.71 0.000 9.999 0.259  0.25 0.000  0.188 0.559  0.382 0.000  0.535 0.000   4.966 0.000  1.582 0.000   3.384 0.000 0.023 0.000  0.405 0.559
 75.208333  76.208333  11.85 0.000  2.74 0.000 9.999 0.259 99.99 0.259  0.149 0.559  0.676 0.000  0.947 0.000 999.999 0.456 99.999 0.999   4.518 0.000 0.034 0.000  0.612 0.559
 78.208333  79.208333  25.02 0.000  2.58 0.000 9.999 0.259  0.35 0.000  0.310 0.559  1.542 0.000  2.158 0.000  11.063 0.000  1.725 0.000   9.338 0.000 0.041 0.000  1.309 0.559
 81.208333  82.208333  19.21 0.000  2.55 0.000 9.999 0.259 99.99 0.259  0.087 0.559  0.447 0.000  0.626 0.000   4.885 0.000  2.119 0.000   2.766 0.000 0.025 0.000  0.427 0.559
 84.208333  85.208333  61.80 0.000  4.83 0.000 9.999 0.259  0.27 0.000  0.577 0.559  3.311 0.000  4.636 0.000  17.542 0.000  3.742 0.000  13.800 0.000 0.097 0.000  1.332 0.559
 87.208333  88.208333  11.21 0.000  2.01 0.000 9.999 0.259  0.09 0.000  0.121 0.559  0.882 0.000  1.235 0.000   4.960 0.000  1.577 0.000   3.383 0.000 0.027 0.000  0.400 0.559
 90.208333  91.208333  14.61 0.000  2.22 0.000 9.999 0.259  1.44 0.000  0.283 0.559  0.597 0.000  0.836 0.000   7.460 0.000  1.718 0.000   5.742 0.000 0.020 0.000  0.791 0.559
 93.208333  94.208333   5.29 0.000  3.00 0.000 9.999 0.259 99.99 0.259  0.114 0.559  0.409 0.000  0.573 0.000   3.073 0.000  0.295 0.000   2.778 0.000 0.013 0.000  0.438 0.559
 96.208333  97.208333  28.35 0.000  1.74 0.000 9.999 0.259 99.99 0.259  0.155 0.559  0.455 0.000  0.637 0.000   5.203 0.000  2.414 0.000   2.789 0.000 0.031 0.000  0.278 0.559
 99.208333 100.208333  23.80 0.000  3.80 0.000 9.999 0.259 99.99 0.259  0.245 0.559  0.764 0.000  1.070 0.000   7.463 0.000  2.045 0.000   5.418 0.000 0.030 0.000  0.640 0.559
102.208333 103.208333  33.34 0.000  3.22 0.000 9.999 0.259 99.99 0.259  0.139 0.559  0.903 0.000  1.264 0.000  11.454 0.000  5.797 0.000   5.657 0.000 0.043 0.000  0.677 0.559
105.208333 106.208333  20.06 0.000  2.02 0.000 9.999 0.259  0.12 0.000  0.073 0.559  0.476 0.000  0.666 0.000   4.949 0.000  1.684 0.000   3.264 0.000 0.031 0.000  0.863 0.559
108.208333 109.208333  80.37 0.000  7.07 0.000 9.999 0.259 99.99 0.259  0.841 0.559  3.877 0.000  5.427 0.000  24.881 0.000  3.436 0.000  21.445 0.000 0.094 0.000  2.585 0.559
111.208333 112.208333  53.94 0.000  3.00 0.000 9.999 0.259  0.72 0.000  0.163 0.559  1.432 0.000  2.005 0.000  17.637 0.000  7.550 0.000  10.087 0.000 0.041 0.000  1.393 0.559
114.208333 115.208333  19.69 0.000  3.94 0.000 9.999 0.259 99.99 0.259  0.253 0.559  0.880 0.000  1.232 0.000   6.905 0.000  2.579 0.000   4.326 0.000 0.027 0.000  0.532 0.559
117.208333 118.208333  22.68 0.000  2.19 0.000 9.999 0.259  0.11 0.000  0.189 0.559  0.621 0.000  0.869 0.000   7.298 0.000  2.186 0.000   5.112 0.000 0.022 0.000  0.804 0.559
120.208333 121.208333  61.87 0.000  3.21 0.000 0.072 0.000  0.09 0.000  0.058 0.559  2.260 0.000  3.164 0.000  22.897 0.000  7.625 0.000  15.272 0.000 0.065 0.000  2.227 0.559
123.208333 124.208333  10.10 0.000  1.34 0.000 0.103 0.000  0.09 0.000  0.134 0.559  0.440 0.000  0.616 0.000   6.668 0.000  1.363 0.000   5.305 0.000 0.008 0.000  1.076 0.559
126.208333 127.208333  21.39 0.000  2.51 0.000 9.999 0.259  0.12 0.000  0.244 0.559  0.777 0.000  1.087 0.000   7.063 0.000  3.278 0.000   3.785 0.000 0.019 0.000  0.437 0.559
129.208333 130.208333  22.65 0.000  7.72 0.000 9.999 0.259  2.21 0.000  0.200 0.559  1.580 0.000  2.211 0.000  11.798 0.000  1.112 0.000  10.686 0.000 0.037 0.000  1.491 0.559
132.208333 133.208333  50.91 0.000  3.66 0.000 9.999 0.259  0.20 0.000  0.039 0.000  2.010 0.000  2.814 0.000  24.247 0.000  2.964 0.000  21.282 0.000 0.046 0.000  3.593 0.000
135.208333 136.208333  24.18 0.000  2.06 0.000 0.061 0.000  0.26 0.000  0.100 0.000  1.173 0.000  1.643 0.000  12.163 0.000  3.362 0.000   8.800 0.000 0.031 0.000  1.298 0.000
138.208333 139.208333  31.06 0.000  2.09 0.000 9.999 0.259  0.41 0.000  0.078 0.000  1.208 0.000  1.691 0.000  18.522 0.000  5.265 0.000  13.257 0.000 0.033 0.000  2.315 0.000
141.208333 142.208333  21.50 0.000  4.59 0.000 9.999 0.259  0.24 0.000  0.357 0.559  1.514 0.000  2.119 0.000  15.873 0.000  3.152 0.000  12.722 0.000 0.021 0.000  2.082 0.559
144.208333 145.208333  28.52 0.000  1.39 0.000 9.999 0.259  0.15 0.000  0.035 0.000  1.275 0.000  1.785 0.000  14.791 0.000  4.771 0.000  10.021 0.000 0.032 0.000  1.594 0.000
147.208333 148.208333  29.19 0.000  2.28 0.000 9.999 0.259  0.17 0.000  0.179 0.000  1.215 0.000  1.701 0.000  14.047 0.000  3.539 0.000  10.507 0.000 0.021 0.000  1.700 0.000
150.208333 151.208333  32.29 0.000  2.81 0.000 9.999 0.259  0.14 0.000  0.091 0.559  1.337 0.000  1.871 0.000   9.154 0.000  3.780 0.000   5.374 0.000 0.034 0.000  0.555 0.559
153.208333 154.208333  33.80 0.000  2.63 0.000 0.093 0.000  0.14 0.000  0.167 0.559  0.960 0.000  1.344 0.000   9.048 0.000  2.798 0.000   6.250 0.000 0.023 0.000  0.771 0.559
156.208333 157.208333  25.52 0.000  3.57 0.000 9.999 0.259  0.37 0.000  0.057 0.559  1.315 0.000  1.842 0.000   7.500 0.000  2.690 0.000   4.810 0.000 0.035 0.000  0.356 0.559
159.208333 160.208333  48.27 0.000  4.37 0.000 9.999 0.259  0.23 0.000  0.009 0.559  2.036 0.000  2.851 0.000  38.357 0.000  4.008 0.000  34.349 0.000 0.039 0.000  7.049 0.559
162.208333 163.208333  23.78 0.000  4.44 0.000 9.999 0.259  0.10 0.000  0.090 0.559  0.799 0.000  1.119 0.000   7.181 0.000  4.338 0.000   2.844 0.000 0.023 0.000  0.175 0.559
165.208333 166.208333  34.21 0.000  3.02 0.000 9.999 0.259  0.28 0.000  0.046 0.559  2.015 0.000  2.820 0.000  14.357 0.000  2.894 0.000  11.463 0.000 0.037 0.000  1.658 0.559
168.208333 169.208333  26.30 0.000  2.16 0.000 0.098 0.000  0.16 0.000  0.104 0.559  1.841 0.000  2.578 0.000  15.743 0.000  1.824 0.000  13.919 0.000 0.034 0.000  2.001 0.559
171.208333 172.208333  14.69 0.000  1.14 0.000 9.999 0.259  0.15 0.000  0.014 0.559  0.725 0.000  1.015 0.000   4.590 0.000  2.185 0.000   2.405 0.000 0.014 0.000  0.197 0.559
174.208333 175.208333  26.85 0.000  1.89 0.000 9.999 0.259  0.18 0.000  0.133 0.559  1.364 0.000  1.910 0.000  13.021 0.000  4.462 0.000   8.559 0.000 0.024 0.000  1.191 0.559
177.208333 178.208333  21.11 0.000  2.62 0.000 9.999 0.259 99.99 0.259  0.192 0.559  1.059 0.000  1.482 0.000   8.906 0.000  2.811 0.000   6.095 0.000 0.022 0.000  0.729 0.559
180.208333 181.208333  16.53 0.000  1.95 0.000 9.999 0.259  0.22 0.000  0.127 0.559  1.241 0.000  1.738 0.000   9.784 0.000  2.248 0.000   7.536 0.000 0.020 0.000  1.019 0.559
183.208333 184.208333  18.73 0.000  1.16 0.000 9.999 0.259 99.99 0.259  0.028 0.559  1.505 0.000  2.107 0.000  10.675 0.000  3.247 0.000   7.428 0.000 0.029 0.000  0.818 0.559
186.208333 187.208333  20.29 0.000  2.58 0.000 9.999 0.259  0.28 0.000  0.033 0.559  1.380 0.000  1.931 0.000  16.256 0.000  2.367 0.000  13.889 0.000 0.106 0.000  2.420 0.559
189.208333 190.208333  19.12 0.000  1.65 0.000 9.999 0.259  0.10 0.000  0.046 0.559  1.165 0.000  1.631 0.000 999.999 0.456 99.999 0.999   9.564 0.000 0.028 0.000  1.561 0.559
192.208333 193.208333  23.57 0.000  2.83 0.000 9.999 0.259 99.99 0.259  0.079 0.559  2.513 0.000  3.519 0.000 999.999 0.456 99.999 0.999  11.533 0.000 0.052 0.000  1.311 0.559
195.208333 196.208333   8.19 0.000  2.64 0.000 9.999 0.259  0.11 0.000  0.027 0.559  0.813 0.000  1.138 0.000 999.999 0.456 99.999 0.999   8.107 0.000 0.020 0.000  1.334 0.559
198.208333 199.208333  13.06 0.000  2.11 0.000 0.066 0.000  0.13 0.000  0.027 0.559  4.981 0.000  6.974 0.000 999.999 0.456 99.999 0.999  11.148 0.000 0.063 0.000  0.498 0.559
201.208333 202.208333  24.16 0.000  1.91 0.000 9.999 0.259 99.99 0.259  0.113 0.000  5.063 0.000  7.088 0.000 999.999 0.456 99.999 0.999  18.025 0.000 0.071 0.000  1.943 0.000
204.208333 205.208333  24.37 0.000  3.35 0.000 9.999 0.259  0.17 0.000  0.074 0.000  2.336 0.000  3.270 0.000  24.984 0.000  2.669 0.000  22.315 0.000 0.043 0.000  3.500 0.000
207.208333 208.208333  13.77 0.000  2.79 0.000 9.999 0.259  0.51 0.000  0.045 0.000  2.317 0.000  3.244 0.000  10.294 0.000  1.752 0.000   8.542 0.000 0.028 0.000  0.643 0.000
210.208333 211.208333  18.76 0.000  2.51 0.000 9.999 0.259  0.18 0.000  0.055 0.000  1.540 0.000  2.156 0.000  13.317 0.000  4.515 0.000   8.802 0.000 0.032 0.000  1.137 0.000
213.208333 214.208333  23.20 0.000  1.95 0.000 9.999 0.259 99.99 0.259  0.023 0.000  1.929 0.000  2.701 0.000  18.995 0.000  2.812 0.000  16.183 0.000 0.035 0.000  2.759 0.000
216.208333 217.208333  30.58 0.000  2.27 0.000 9.999 0.259  0.20 0.000  0.240 0.000  2.625 0.000  3.675 0.000  20.098 0.000  4.673 0.000  15.425 0.000 0.050 0.000  2.225 0.000
219.208333 220.208333   9.09 0.000  1.56 0.000 9.999 0.259  0.12 0.000  0.034 0.000  0.738 0.000  1.033 0.000   4.118 0.000  1.612 0.000   2.506 0.000 0.019 0.000  0.244 0.000
222.208333 223.208333  34.01 0.000  2.33 0.000 9.999 0.259 99.99 0.259  0.021 0.000  1.970 0.000  2.759 0.000  30.528 0.000  2.809 0.000  27.719 0.000 0.040 0.000  5.026 0.000
225.208333 226.208333   6.81 0.000  0.64 0.000 9.999 0.259 99.99 0.259  0.095 0.000  0.577 0.000  0.808 0.000   4.995 0.000  1.066 0.000   3.929 0.000 0.011 0.000  0.574 0.000
228.208333 229.208333  25.78 0.000  4.63 0.000 9.999 0.259  0.14 0.000  0.132 0.000  1.315 0.000  1.841 0.000  13.685 0.000  2.886 0.000  10.799 0.000 0.032 0.000  1.663 0.000
231.208333 232.208333  37.43 0.000  2.46 0.000 9.999 0.259  0.12 0.000  0.095 0.000  2.037 0.000  2.852 0.000  23.011 0.000  1.465 0.000  21.546 0.000 0.050 0.000  3.576 0.000
234.208333 235.208333   9.30 0.000  2.19 0.000 9.999 0.259 99.99 0.259  0.021 0.000  0.901 0.000  1.262 0.000   5.719 0.000  2.813 0.000   2.906 0.000 0.020 0.000  0.190 0.000
237.208333 238.208333  46.35 0.000  3.67 0.000 9.999 0.259  0.70 0.000  0.038 0.000  1.615 0.000  2.262 0.000  33.701 0.000  2.082 0.000  31.619 0.000 0.048 0.000  6.274 0.000
240.208333 241.208333  37.32 0.000  1.31 0.000 9.999 0.259  0.19 0.000  0.023 0.000  1.571 0.000  2.200 0.000  16.691 0.000  4.062 0.000  12.629 0.000 0.045 0.000  2.173 0.000
243.208333 244.208333  10.46 0.000  0.77 0.000 9.999 0.259  0.19 0.000  0.048 0.000  1.027 0.000  1.438 0.000   9.492 0.000  2.679 0.000   6.813 0.000 0.017 0.000  1.036 0.000
246.208333 247.208333  28.63 0.000  3.19 0.000 0.170 0.000  0.29 0.000  0.060 0.000  2.060 0.000  2.883 0.000  16.244 0.000  4.000 0.000  12.244 0.000 0.024 0.000  1.600 0.000
249.208333 250.208333  17.88 0.000  1.89 0.000 9.999 0.259  0.77 0.000  0.079 0.000  1.248 0.000  1.747 0.000  13.402 0.000  4.304 0.000   9.098 0.000 0.028 0.000  1.433 0.000
252.208333 253.208333   5.01 0.000  0.49 0.000 9.999 0.259  0.16 0.000  0.018 0.000  0.343 0.000  0.480 0.000   4.223 0.000  1.525 0.000   2.699 0.000 0.008 0.000  0.440 0.000
255.208333 256.208333  22.86 0.000  5.10 0.000 9.999 0.259  0.39 0.000  0.063 0.000  1.790 0.000  2.506 0.000  18.709 0.000  1.119 0.000  17.591 0.000 0.026 0.000  2.855 0.000
258.208333 259.208333  27.19 0.000  2.34 0.000 9.999 0.259  0.48 0.000  0.065 0.000  1.156 0.000  1.619 0.000  16.989 0.000  4.326 0.000  12.663 0.000 0.026 0.000  2.217 0.000
261.208333 262.208333   5.16 0.000  1.84 0.000 0.098 0.000 99.99 0.259  0.040 0.000  0.646 0.000  0.905 0.000   3.886 0.000  2.032 0.000   1.854 0.000 0.011 0.000  0.155 0.000
264.208333 265.208333  26.02 0.000  2.47 0.000 9.999 0.259  0.18 0.000  0.020 0.000  0.963 0.000  1.348 0.000   7.151 0.000  2.752 0.000   4.399 0.000 0.019 0.000  0.406 0.000
267.208333 268.208333  45.86 0.000  4.30 0.000 9.999 0.259  0.35 0.000  0.145 0.000  3.007 0.000  4.210 0.000  20.420 0.000  3.012 0.000  17.408 0.000 0.066 0.000  2.463 0.000
