scripts/IMPROVE-2019_partial/data/US0083R.20050101080000.20191216000000.filterpack..pm25.52w.1w.US03L_filterpack_US0083.US03L_IMPROVE_Davis.lev2.nas
64 1001
MISSING INFORMATION
US03L, IMPROVE, , , , , , , 
MISSING INFORMATION
IMPROVE sel_HTAP
1 1
2005 01 01 2019 12 16
3.000000
days from file reference point
25
1 1 1 1 1 1 1 1 1 1 1 1 1 1 1 1 1 1 1 1 1 1 1 1 1
999.999999 9999.99 9.999 99.99 9.999 9.999 9.999 99.99 9.999 99.999 9.999 99.999 9.999 99.999 9.999 999.999 9.999 999.999 9.999 999.999 9.999 9.999 9.999 99.999 9.999
end_time of measurement, days from the file reference point
iron, ng/m3, Revision date=20181210133000
numflag iron, no unit, Revision date=20181210133000
lead, ng/m3, Revision date=20181210133000
numflag lead, no unit, Revision date=20181210133000
magnesium, ug/m3, Revision date=20181210133000
numflag magnesium, no unit, Revision date=20181210133000
nickel, ng/m3, Revision date=20181210133000
numflag nickel, no unit, Revision date=20181210133000
nitrate, ug N/m3, Revision date=20181210133000
numflag nitrate, no unit, Revision date=20181210133000
organic_carbon, ug C/m3, Revision date=20181210133000
numflag organic_carbon, no unit, Revision date=20181210133000
organic_mass, ug/m3, Revision date=20181210133000
numflag organic_mass, no unit, Revision date=20181210133000
pm10_mass, ug/m3, Version=2, Version description=Data extracted from http://views.cira.colostate.edu/fed/DataWizard 2019-12-16, Sample duration=1d, Orig. time res.=3d, Matrix=pm10, Blank correction=Blank corrected, Volume std. temperature=ambient, Volume std. pressure=ambient
numflag pm10_mass, no unit, Version=2, Version description=Data extracted from http://views.cira.colostate.edu/fed/DataWizard 2019-12-16, Sample duration=1d, Orig. time res.=3d, Matrix=pm10, Blank correction=Blank corrected, Volume std. temperature=ambient, Volume std. pressure=ambient
pm10_pm25_mass, ug/m3, Revision date=20181210133000, Matrix=pm10_pm25
numflag pm10_pm25_mass, no unit, Revision date=20181210133000, Matrix=pm10_pm25
pm25_mass, ug/m3, Version=2, Version description=Data extracted from http://views.cira.colostate.edu/fed/DataWizard 2019-12-16, Sample duration=1d, Orig. time res.=3d, Blank correction=Blank corrected, Volume std. temperature=ambient, Volume std. pressure=ambient
numflag pm25_mass, no unit, Version=2, Version description=Data extracted from http://views.cira.colostate.edu/fed/DataWizard 2019-12-16, Sample duration=1d, Orig. time res.=3d, Blank correction=Blank corrected, Volume std. temperature=ambient, Volume std. pressure=ambient
potassium, ug/m3, Revision date=20181210133000
numflag potassium, no unit, Revision date=20181210133000
sulphate_total, ug S/m3, Revision date=20181210133000
numflag sulphate_total, no unit, Revision date=20181210133000
0
25
Data definition:              EBAS_1.1
Set type code:                TU
Timezone:                     UTC
File name:                    US0083R.20050101080000.20191216000000.filterpack..pm25.52w.1w.US03L_filterpack_US0083.US03L_IMPROVE_Davis.lev2.nas
File creation:                20191218120103
Startdate:                    20050101080000
Revision date:                20191216000000
Statistics:                   arithmetic mean
Data level:                   2
Period code:                  52w
Resolution code:              1w
Station code:                 US0083R
Platform code:                US0083S
Station name:                 Columbia River Gorge
Station latitude:             45.6644
Station longitude:            -121.0008
Station altitude:             178.0 m
Regime:                       IMG
Component:                    
Matrix:                       pm25
Laboratory code:              US03L
Instrument type:              filterpack
Instrument name:              filterpack_US0083
Method ref:                   US03L_IMPROVE_Davis
starttime endtime Fe flag_Fe Pb flag_Pb Mg++ flag_Mg++ Ni flag_Ni NO3- flag_NO3- OC flag_OC OM flag_OM PM10 flag_PM10 PM10-PM2.5 flag_PM10-PM2.5 PM2.5 flag_PM2.5 K+ flag_K+ SO4-- flag_SO4--
  0.333333   1.333333   12.03 0.000  0.63 0.000 9.999 0.259  0.17 0.000  0.687 0.000  1.248 0.000  2.247 0.000   5.737 0.000   0.426 0.000   5.313 0.000 0.025 0.000  0.451 0.000
  3.333333   4.333333   17.08 0.000  0.68 0.000 9.999 0.259  0.23 0.000  0.329 0.000  1.318 0.000  2.373 0.000   6.228 0.000   2.438 0.000   3.818 0.000 0.027 0.000  0.240 0.000
  6.333333   7.333333   26.82 0.000  1.38 0.000 9.999 0.259 99.99 0.259  0.981 0.000  1.200 0.000  2.161 0.000  11.394 0.000   3.867 0.000   7.528 0.000 0.031 0.000  0.317 0.000
  9.333333  10.333333   14.10 0.000  0.68 0.000 9.999 0.259 99.99 0.259  0.459 0.000  0.916 0.000  1.649 0.000   6.248 0.000   1.907 0.000   4.343 0.000 0.020 0.000  0.330 0.000
 12.333333  13.333333   20.83 0.000  0.69 0.000 9.999 0.259 99.99 0.259  0.092 0.000  0.476 0.000  0.858 0.000   4.505 0.000   2.712 0.000   1.793 0.000 0.018 0.000  0.163 0.000
 15.333333  16.333333   15.73 0.000  1.43 0.000 0.005 0.000 99.99 0.259  0.599 0.000  1.005 0.000  1.809 0.000   7.089 0.000   1.392 0.000   5.701 0.000 0.033 0.000  0.327 0.000
 18.333333  19.333333 9999.99 0.999 99.99 0.999 9.999 0.999 99.99 0.999 99.999 0.999 99.999 0.999 99.999 0.999 999.999 0.999 999.999 0.999 999.999 0.999 9.999 0.999 99.999 0.999
 21.333333  22.333333   69.51 0.000  0.91 0.000 9.999 0.259  0.10 0.000  1.028 0.000  2.496 0.000  4.493 0.000  11.160 0.000   1.610 0.000   9.550 0.000 0.026 0.000  0.467 0.000
 24.333333  25.333333   18.31 0.000  1.31 0.000 9.999 0.259 99.99 0.259  0.470 0.000  0.861 0.000  1.549 0.000   7.261 0.000   1.521 0.000   5.759 0.000 0.018 0.000  1.001 0.000
 27.333333  28.333333   41.20 0.000  0.96 0.000 9.999 0.259 99.99 0.259  0.901 0.000  1.504 0.000  2.708 0.000  12.333 0.000   3.508 0.000   8.828 0.000 0.028 0.000  0.941 0.000
 30.333333  31.333333   45.69 0.000  3.12 0.000 9.999 0.259  0.10 0.000  0.121 0.000  1.342 0.000  2.415 0.000   8.237 0.000   3.875 0.000   4.363 0.000 0.044 0.000  0.286 0.000
 33.333333  34.333333  131.83 0.000  3.28 0.000 9.999 0.259 99.99 0.259  0.180 0.000  0.951 0.000  1.711 0.000  16.574 0.000   8.538 0.000   8.037 0.000 0.077 0.000  0.191 0.000
 36.333333  37.333333   39.03 0.000  1.78 0.000 0.024 0.000  0.29 0.000  0.144 0.000  3.535 0.000  6.364 0.000   4.214 0.000   1.691 0.000   2.523 0.000 0.042 0.000  0.107 0.000
 39.333333  40.333333   94.94 0.000  1.24 0.000 9.999 0.259  0.11 0.000  0.524 0.000  2.694 0.000  4.850 0.000  12.429 0.000   5.391 0.000   7.040 0.000 0.065 0.000  0.296 0.000
 42.333333  43.333333   60.39 0.000  1.82 0.000 9.999 0.259  0.11 0.000  0.416 0.000  2.240 0.000  4.032 0.000   7.573 0.000   2.621 0.000   4.953 0.000 0.051 0.000  0.173 0.000
 45.333333  46.333333   66.21 0.000  1.28 0.000 9.999 0.259  0.16 0.000  0.131 0.000  0.805 0.000  1.449 0.000   6.854 0.000   4.135 0.000   2.774 0.000 0.032 0.000  0.209 0.000
 48.333333  49.333333  114.56 0.000  1.97 0.000 9.999 0.259  0.13 0.000  0.363 0.000  1.700 0.000  3.060 0.000  15.142 0.000  10.069 0.000   5.074 0.000 0.057 0.000  0.200 0.000
 51.333333  52.333333   95.55 0.000  1.15 0.000 9.999 0.259 99.99 0.259  0.285 0.000  1.844 0.000  3.320 0.000  15.149 0.000   9.382 0.000   5.770 0.000 0.071 0.000  0.283 0.000
 54.333333  55.333333  209.08 0.000  2.16 0.000 9.999 0.259 99.99 0.259  0.458 0.000  3.256 0.000  5.861 0.000  23.827 0.000  13.424 0.000  10.406 0.000 0.180 0.000  0.317 0.000
 57.333333  58.333333  183.10 0.000  2.18 0.000 0.011 0.000  0.06 0.000  1.176 0.000  3.377 0.000  6.079 0.000  29.537 0.000  16.047 0.000  13.493 0.000 0.104 0.000  0.279 0.000
 60.333333  61.333333  101.95 0.000  1.30 0.000 9.999 0.259  0.06 0.000  0.093 0.000  1.372 0.000  2.469 0.000   8.357 0.000   4.863 0.000   3.494 0.000 0.035 0.000  0.104 0.000
 63.333333  64.333333   56.65 0.000  1.66 0.000 9.999 0.259  0.12 0.000  0.184 0.000  1.375 0.000  2.475 0.000   7.781 0.000   3.382 0.000   4.399 0.000 0.036 0.000  0.236 0.000
 66.333333  67.333333   78.94 0.000  1.40 0.000 0.012 0.000 99.99 0.259  0.092 0.000  1.003 0.000  1.805 0.000   9.023 0.000   5.479 0.000   3.614 0.000 0.035 0.000  0.183 0.000
 69.333333  70.333333  154.09 0.000  1.30 0.000 9.999 0.259 99.99 0.259  0.095 0.000  1.147 0.000  2.065 0.000  18.982 0.000  14.177 0.000   4.805 0.000 0.055 0.000  0.174 0.000
 72.333333  73.333333  151.37 0.000  2.38 0.000 0.033 0.000 99.99 0.259  0.089 0.000  1.070 0.000  1.925 0.000  17.121 0.000  12.598 0.000   4.524 0.000 0.055 0.000  0.189 0.000
 75.333333  76.333333   57.41 0.000  0.72 0.000 0.010 0.000 99.99 0.259  0.078 0.000  0.277 0.000  0.499 0.000  16.370 0.000  13.499 0.000   2.872 0.000 0.030 0.000  0.191 0.000
 78.333333  79.333333   25.10 0.000  0.47 0.000 0.006 0.000 99.99 0.259  0.105 0.000  0.367 0.000  0.660 0.000   5.092 0.000   3.439 0.000   1.654 0.000 0.019 0.000  0.104 0.000
 81.333333  82.333333  102.97 0.000  0.77 0.000 9.999 0.259 99.99 0.259  0.423 0.000 99.999 0.456 99.999 0.456 999.999 0.456 999.999 0.999   5.393 0.000 0.051 0.000  0.539 0.000
 84.333333  85.333333   55.47 0.000  2.02 0.000 9.999 0.259 99.99 0.259  0.152 0.000 99.999 0.456 99.999 0.456 999.999 0.456 999.999 0.999   3.952 0.000 0.028 0.000  0.209 0.000
 87.333333  88.333333   22.34 0.000  0.43 0.000 9.999 0.259  0.05 0.000  0.082 0.000 99.999 0.456 99.999 0.456 999.999 0.456 999.999 0.999   2.008 0.000 0.018 0.000  0.142 0.000
 90.333333  91.333333   38.67 0.000  1.62 0.000 9.999 0.259 99.99 0.259  0.070 0.000  0.672 0.000  1.210 0.000   7.366 0.000   4.445 0.000   2.922 0.000 0.023 0.000  0.243 0.000
 93.333333  94.333333   38.14 0.000  0.66 0.000 0.013 0.000 99.99 0.259  0.052 0.000  0.199 0.000  0.357 0.000  11.821 0.000   9.999 0.000   1.823 0.000 0.018 0.000  0.152 0.000
 96.333333  97.333333   63.82 0.000  1.68 0.000 9.999 0.259  0.18 0.000  0.079 0.000  0.871 0.000  1.568 0.000  15.466 0.000  12.005 0.000   3.463 0.000 0.038 0.000  0.208 0.000
 99.333333 100.333333   29.94 0.000  1.63 0.000 9.999 0.259 99.99 0.259  0.072 0.000  0.635 0.000  1.144 0.000   9.640 0.000   7.295 0.000   2.346 0.000 0.027 0.000  0.222 0.000
102.333333 103.333333   36.18 0.000  1.18 0.000 9.999 0.259 99.99 0.259  0.063 0.000  3.830 0.000  6.894 0.000   8.721 0.000   6.606 0.000   2.117 0.000 0.023 0.000  0.088 0.000
105.333333 106.333333   63.10 0.000  1.24 0.000 9.999 0.259 99.99 0.259  0.105 0.000  2.047 0.000  3.684 0.000   6.742 0.000   2.832 0.000   3.911 0.000 0.030 0.000  0.192 0.000
108.333333 109.333333   96.78 0.000  1.07 0.000 9.999 0.259  0.18 0.000  0.056 0.000  1.584 0.000  2.851 0.000  11.600 0.000   7.552 0.000   4.212 0.000 0.032 0.000  0.296 0.000
111.333333 112.333333  106.91 0.000  0.92 0.000 9.999 0.259  0.11 0.000  0.052 0.000  1.914 0.000  3.445 0.000  20.341 0.000  16.598 0.000   3.745 0.000 0.030 0.000  0.293 0.000
114.333333 115.333333   23.32 0.000  1.11 0.000 9.999 0.259  0.18 0.000  0.021 0.000  0.592 0.000  1.066 0.000   4.381 0.000   2.593 0.000   1.790 0.000 0.011 0.000  0.116 0.000
117.333333 118.333333  122.00 0.000  1.11 0.000 9.999 0.259  0.15 0.000  0.032 0.000  1.416 0.000  2.550 0.000  14.159 0.000  10.188 0.000   3.974 0.000 0.040 0.000  0.353 0.000
120.333333 121.333333   62.17 0.000  1.53 0.000 0.007 0.000 99.99 0.259  0.043 0.000  1.689 0.000  3.040 0.000   9.181 0.000   4.600 0.000   4.583 0.000 0.036 0.000  0.351 0.000
123.333333 124.333333   59.23 0.000  1.66 0.000 9.999 0.259  0.08 0.000  0.041 0.000  1.236 0.000  2.224 0.000  10.762 0.000   7.670 0.000   3.093 0.000 0.032 0.000  0.288 0.000
126.333333 127.333333   28.70 0.000  1.15 0.000 9.999 0.259 99.99 0.259  0.021 0.000  0.913 0.000  1.644 0.000   5.028 0.000   3.495 0.000   1.534 0.000 0.015 0.000  0.140 0.000
129.333333 130.333333   26.68 0.000  0.31 0.000 9.999 0.259 99.99 0.259  0.011 0.000  0.453 0.000  0.816 0.000   5.637 0.000   4.647 0.000   1.059 0.000 0.008 0.000  0.042 0.000
132.333333 133.333333   98.31 0.000  2.04 0.000 9.999 0.259 99.99 0.259  0.046 0.000  1.485 0.000  2.673 0.000  18.952 0.000  14.124 0.000   4.828 0.000 0.049 0.000  0.344 0.000
135.333333 136.333333   35.53 0.000  1.11 0.000 9.999 0.259 99.99 0.259  0.054 0.000  0.676 0.000  1.218 0.000   9.935 0.000   7.341 0.000   2.595 0.000 0.022 0.000  0.297 0.000
138.333333 139.333333   58.59 0.000  0.62 0.000 9.999 0.259 99.99 0.259  0.035 0.000  0.631 0.000  1.135 0.000  11.875 0.000   9.672 0.000   2.203 0.000 0.021 0.000  0.102 0.000
141.333333 142.333333   24.87 0.000  0.48 0.000 0.034 0.000 99.99 0.259  0.056 0.000  0.270 0.000  0.486 0.000   9.873 0.000   6.664 0.000   3.210 0.000 0.030 0.000  0.184 0.000
144.333333 145.333333  119.57 0.000  0.58 0.000 0.016 0.000 99.99 0.259  0.044 0.000  1.052 0.000  1.894 0.000  18.959 0.000  15.552 0.000   3.407 0.000 0.027 0.000  0.160 0.000
147.333333 148.333333  277.70 0.000  2.03 0.000 0.033 0.000  0.05 0.000  0.084 0.000  2.555 0.000  4.599 0.000  47.734 0.000  38.392 0.000   9.343 0.000 0.077 0.000  0.316 0.000
150.333333 151.333333   53.60 0.000  0.97 0.000 9.999 0.259 99.99 0.259  0.036 0.000  0.635 0.000  1.142 0.000  11.407 0.000   8.858 0.000   2.561 0.000 0.021 0.000  0.230 0.000
153.333333 154.333333  281.02 0.000  0.88 0.000 0.048 0.000  0.16 0.000  0.103 0.000  0.894 0.000  1.608 0.000  57.277 0.000  50.003 0.000   7.277 0.000 0.085 0.000  0.386 0.000
156.333333 157.333333  167.34 0.000  0.90 0.000 0.026 0.000 99.99 0.259  0.030 0.000  0.404 0.000  0.728 0.000   8.713 0.000   5.722 0.000   2.991 0.000 0.036 0.000  0.095 0.000
159.333333 160.333333  114.39 0.000  1.33 0.000 9.999 0.259  0.09 0.000  0.036 0.000  1.091 0.000  1.964 0.000  28.925 0.000  24.435 0.000   4.490 0.000 0.033 0.000  0.240 0.000
162.333333 163.333333  396.10 0.000  1.07 0.000 0.046 0.000  0.15 0.000  0.041 0.000  0.244 0.000  0.439 0.000  13.739 0.000   7.470 0.000   6.269 0.000 0.083 0.000  0.181 0.000
165.333333 166.333333  244.16 0.000  0.54 0.000 9.999 0.259  0.24 0.000  0.050 0.000  0.258 0.000  0.464 0.000  31.544 0.000  28.047 0.000   3.497 0.000 0.034 0.000  0.182 0.000
168.333333 169.333333   85.07 0.000  0.69 0.000 9.999 0.259 99.99 0.259  0.032 0.000  0.354 0.000  0.637 0.000   6.143 0.000   4.035 0.000   2.108 0.000 0.024 0.000  0.060 0.000
171.333333 172.333333 9999.99 0.999 99.99 0.999 9.999 0.999 99.99 0.999 99.999 0.999 99.999 0.999 99.999 0.999 999.999 0.999 999.999 0.999 999.999 0.999 9.999 0.999 99.999 0.999
174.333333 175.333333  654.52 0.000  1.96 0.000 0.114 0.000  0.99 0.000  0.129 0.000 99.999 0.456 99.999 0.456  45.894 0.000  32.799 0.000  13.094 0.000 0.170 0.000  0.354 0.000
177.333333 178.333333  254.59 0.000  0.72 0.000 0.037 0.000  0.76 0.000  0.014 0.000 99.999 0.456 99.999 0.456   8.384 0.000   4.263 0.000   4.121 0.000 0.061 0.000  0.085 0.000
180.333333 181.333333  306.50 0.000  1.21 0.000 0.043 0.000  2.17 0.000  0.037 0.000  1.076 0.000  1.938 0.000  38.653 0.000  31.233 0.000   7.089 0.000 0.103 0.000  0.211 0.000
183.333333 184.333333  100.43 0.000  1.10 0.000 9.999 0.259  0.55 0.000  0.032 0.000  0.596 0.000  1.073 0.000  16.006 0.000  11.810 0.000   4.070 0.000 0.072 0.000  0.244 0.000
186.333333 187.333333  237.21 0.000  0.46 0.000 0.049 0.000  0.59 0.000  0.014 0.000  0.397 0.000  0.714 0.000  26.371 0.000  21.354 0.000   4.790 0.000 0.064 0.000  0.140 0.000
189.333333 190.333333   43.77 0.000 99.99 0.259 0.012 0.000  0.12 0.000  0.028 0.000  0.421 0.000  0.758 0.000  10.048 0.000   8.015 0.000   1.947 0.000 0.016 0.000  0.110 0.000
192.333333 193.333333  809.75 0.000  1.41 0.000 0.220 0.000  0.65 0.000  0.030 0.000  0.605 0.000  1.089 0.000  59.699 0.000  46.554 0.000  13.451 0.000 0.220 0.000  0.180 0.000
195.333333 196.333333  653.07 0.000  2.05 0.000 0.132 0.000  0.51 0.000  0.058 0.000  1.872 0.000  3.370 0.000  52.997 0.000  37.875 0.000  14.719 0.000 0.185 0.000  0.296 0.000
198.333333 199.333333  357.43 0.000  0.63 0.000 9.999 0.259  0.42 0.000  0.032 0.000  1.326 0.000  2.387 0.000  32.138 0.000  23.724 0.000   8.162 0.000 0.089 0.000  0.138 0.000
201.333333 202.333333  305.58 0.000  0.47 0.000 0.049 0.000  0.61 0.000  0.094 0.000  1.270 0.000  2.286 0.000  39.505 0.000  30.781 0.000   8.398 0.000 0.082 0.000  0.243 0.000
204.333333 205.333333  516.08 0.000  0.96 0.000 0.099 0.000  0.66 0.000  0.121 0.000  1.089 0.000  1.961 0.000  64.220 0.000  51.879 0.000  11.789 0.000 0.162 0.000  0.443 0.000
207.333333 208.333333 9999.99 0.999 99.99 0.999 9.999 0.999 99.99 0.999 99.999 0.999 99.999 0.999 99.999 0.999 999.999 0.999 999.999 0.999 999.999 0.999 9.999 0.999 99.999 0.999
210.333333 211.333333 9999.99 0.999 99.99 0.999 9.999 0.999 99.99 0.999 99.999 0.999 99.999 0.999 99.999 0.999 999.999 0.999 999.999 0.999 999.999 0.999 9.999 0.999 99.999 0.999
213.333333 214.333333  293.93 0.000  0.58 0.000 9.999 0.259  0.60 0.000  0.036 0.000  0.594 0.000  1.070 0.000  22.204 0.000  16.135 0.000   6.191 0.000 0.078 0.000  0.189 0.000
216.333333 217.333333  691.61 0.000  1.81 0.000 0.096 0.000  0.81 0.000  0.065 0.000  2.756 0.000  4.961 0.000  89.633 0.000  72.015 0.000  16.855 0.000 0.228 0.000  0.345 0.000
219.333333 220.333333  914.43 0.000  1.93 0.000 0.198 0.000  0.58 0.000  0.073 0.000  1.506 0.000  2.710 0.000  79.060 0.000  60.635 0.000  17.780 0.000 0.246 0.000  0.442 0.000
222.333333 223.333333  478.24 0.000  0.84 0.000 9.999 0.259  0.51 0.000  0.069 0.000  1.702 0.000  3.064 0.000  58.334 0.000  46.785 0.000  11.054 0.000 0.129 0.000  0.270 0.000
225.333333 226.333333  350.63 0.000  0.67 0.000 0.039 0.000  0.69 0.000  0.015 0.000  1.487 0.000  2.677 0.000  19.969 0.000  13.295 0.000   6.532 0.000 0.073 0.000  0.136 0.000
228.333333 229.333333  449.22 0.000  0.63 0.000 9.999 0.259  0.48 0.000  0.014 0.000  0.441 0.000  0.793 0.000  46.802 0.000  39.379 0.000   7.005 0.000 0.109 0.000  0.112 0.000
231.333333 232.333333  361.33 0.000  1.49 0.000 0.028 0.000  0.62 0.000  0.042 0.000  2.881 0.000  5.186 0.000  24.843 0.000  13.724 0.000  10.971 0.000 0.141 0.000  0.311 0.000
234.333333 235.333333  628.07 0.000  0.44 0.000 9.999 0.259  0.48 0.000  0.088 0.000  1.080 0.000  1.944 0.000  64.518 0.000  52.200 0.000  11.764 0.000 0.164 0.000  0.330 0.000
237.333333 238.333333  605.11 0.000  0.48 0.000 9.999 0.259  0.51 0.000  0.037 0.000  1.777 0.000  3.198 0.000  52.194 0.000  39.510 0.000  12.264 0.000 0.151 0.000  0.182 0.000
240.333333 241.333333  335.33 0.000 99.99 0.259 0.041 0.000  0.45 0.000  0.059 0.000  0.455 0.000  0.820 0.000  25.453 0.000  18.593 0.000   6.662 0.000 0.087 0.000  0.223 0.000
243.333333 244.333333  326.59 0.000  2.26 0.000 0.025 0.000  0.63 0.000  0.044 0.000  1.196 0.000  2.152 0.000  22.777 0.000  15.184 0.000   7.431 0.000 0.073 0.000  0.310 0.000
246.333333 247.333333  231.63 0.000  0.66 0.000 9.999 0.259  0.74 0.000  0.052 0.000  0.437 0.000  0.787 0.000  13.982 0.000   8.856 0.000   5.031 0.000 0.061 0.000  0.216 0.000
249.333333 250.333333 9999.99 0.999 99.99 0.999 9.999 0.999 99.99 0.999 99.999 0.999 99.999 0.999 99.999 0.999 999.999 0.999 999.999 0.999 999.999 0.999 9.999 0.999 99.999 0.999
252.333333 253.333333 9999.99 0.999 99.99 0.999 9.999 0.999 99.99 0.999 99.999 0.999 99.999 0.999 99.999 0.999 999.999 0.999 999.999 0.999 999.999 0.999 9.999 0.999 99.999 0.999
255.333333 256.333333  139.15 0.000  0.67 0.000 9.999 0.259  0.36 0.000  0.029 0.000  0.875 0.000  1.575 0.000   5.613 0.000   1.706 0.000   3.907 0.000 0.049 0.000  0.114 0.000
258.333333 259.333333  172.00 0.000  0.96 0.000 9.999 0.259  0.63 0.000  0.108 0.000  0.581 0.000  1.046 0.000  33.192 0.000  27.463 0.000   5.437 0.000 0.052 0.000  0.312 0.000
261.333333 262.333333  184.32 0.000  1.31 0.000 0.016 0.000  0.59 0.000  0.055 0.000  0.631 0.000  1.136 0.000  10.903 0.000   6.087 0.000   4.750 0.000 0.053 0.000  0.247 0.000
264.333333 265.333333  274.60 0.000  1.15 0.000 9.999 0.259  0.84 0.000  0.128 0.000  0.656 0.000  1.181 0.000  27.665 0.000  20.671 0.000   6.773 0.000 0.077 0.000  0.220 0.000
