scripts/IMPROVE-2019_partial/data/US0027R.20020102070000.20191216000000.filterpack..pm25.52w.1w.US03L_filterpack_US0027.US03L_IMPROVE_Davis.lev2.nas
66 1001
MISSING INFORMATION
US03L, IMPROVE, , , , , , , 
MISSING INFORMATION
IMPROVE sel_HTAP
1 1
2002 01 01 2019 12 16
3.000000
days from file reference point
27
1 1 1 1 1 1 1 1 1 1 1 1 1 1 1 1 1 1 1 1 1 1 1 1 1 1 1
999.999999 9999.99 9.999 99.99 9.999 9.999 9.999999 999.99 9.999999 9.999 9.999999 99.999 9.999 999.999 9.999 999.99 9.999999 999.999 9.999 999.999 9.999 999.999 9.999 9.999 9.999 9.999 9.999999
end_time of measurement, days from the file reference point
iron, ng/m3, Revision date=20181210133000
numflag iron, no unit, Revision date=20181210133000
lead, ng/m3, Revision date=20181210133000
numflag lead, no unit, Revision date=20181210133000
magnesium, ug/m3, Revision date=20181210133000
numflag magnesium, no unit, Revision date=20181210133000
nickel, ng/m3, Revision date=20181210133000
numflag nickel, no unit, Revision date=20181210133000
nitrate, ug N/m3, Revision date=20181210133000
numflag nitrate, no unit, Revision date=20181210133000
organic_carbon, ug C/m3, Revision date=20181210133000
numflag organic_carbon, no unit, Revision date=20181210133000
organic_mass, ug/m3, Revision date=20181210133000
numflag organic_mass, no unit, Revision date=20181210133000
phosphorus, ng/m3, Revision date=20181210133000
numflag phosphorus, no unit, Revision date=20181210133000
pm10_mass, ug/m3, Version=2, Version description=Data extracted from http://views.cira.colostate.edu/fed/DataWizard 2019-12-16, Sample duration=1d, Orig. time res.=3d, Matrix=pm10, Blank correction=Blank corrected, Volume std. temperature=ambient, Volume std. pressure=ambient
numflag pm10_mass, no unit, Version=2, Version description=Data extracted from http://views.cira.colostate.edu/fed/DataWizard 2019-12-16, Sample duration=1d, Orig. time res.=3d, Matrix=pm10, Blank correction=Blank corrected, Volume std. temperature=ambient, Volume std. pressure=ambient
pm10_pm25_mass, ug/m3, Revision date=20181210133000, Matrix=pm10_pm25
numflag pm10_pm25_mass, no unit, Revision date=20181210133000, Matrix=pm10_pm25
pm25_mass, ug/m3, Version=2, Version description=Data extracted from http://views.cira.colostate.edu/fed/DataWizard 2019-12-16, Sample duration=1d, Orig. time res.=3d, Blank correction=Blank corrected, Volume std. temperature=ambient, Volume std. pressure=ambient
numflag pm25_mass, no unit, Version=2, Version description=Data extracted from http://views.cira.colostate.edu/fed/DataWizard 2019-12-16, Sample duration=1d, Orig. time res.=3d, Blank correction=Blank corrected, Volume std. temperature=ambient, Volume std. pressure=ambient
potassium, ug/m3, Revision date=20181210133000
numflag potassium, no unit, Revision date=20181210133000
sulphate_total, ug S/m3, Revision date=20181210133000
numflag sulphate_total, no unit, Revision date=20181210133000
0
25
Data definition:              EBAS_1.1
Set type code:                TU
Timezone:                     UTC
File name:                    US0027R.20020102070000.20191216000000.filterpack..pm25.52w.1w.US03L_filterpack_US0027.US03L_IMPROVE_Davis.lev2.nas
File creation:                20191218115716
Startdate:                    20020102070000
Revision date:                20191216000000
Statistics:                   arithmetic mean
Data level:                   2
Period code:                  52w
Resolution code:              1w
Station code:                 US0027R
Platform code:                US0027S
Station name:                 Great Sand Dunes NM
Station latitude:             37.7249
Station longitude:            -105.5185
Station altitude:             2498.0 m
Regime:                       IMG
Component:                    
Matrix:                       pm25
Laboratory code:              US03L
Instrument type:              filterpack
Instrument name:              filterpack_US0027
Method ref:                   US03L_IMPROVE_Davis
starttime endtime Fe flag_Fe Pb flag_Pb Mg++ flag_Mg++ Ni flag_Ni NO3- flag_NO3- OC flag_OC OM flag_OM P flag_P PM10 flag_PM10 PM10-PM2.5 flag_PM10-PM2.5 PM2.5 flag_PM2.5 K+ flag_K+ SO4-- flag_SO4--
[from data line 78]
235.291667 236.291667   27.19 0.000  0.69 0.000 9.999 0.259000   0.89 0.000000 0.024 0.000000  0.824 0.000   1.154 0.000 999.99 0.259000   7.757 0.000   4.684 0.000   3.072 0.000 0.027 0.000 0.234 0.000000
238.291667 239.291667  252.34 0.559  0.58 0.559 9.999 0.559259   5.37 0.559000 0.057 0.000000  1.230 0.000   1.723 0.000 999.99 0.559259  49.205 0.000  38.926 0.000  10.279 0.559 0.169 0.559 0.355 0.000000
241.291667 242.291667   50.82 0.000  0.31 0.000 9.999 0.259000   5.72 0.000000 0.032 0.000000  0.890 0.000   1.246 0.000 999.99 0.259000   8.406 0.000   4.323 0.000   4.083 0.000 0.051 0.000 0.160 0.000000
244.291667 245.291667   39.16 0.000  0.59 0.000 9.999 0.259000   0.15 0.000000 0.021 0.000000  0.918 0.000   1.285 0.000 999.99 0.259000  12.173 0.000   7.968 0.000   4.205 0.000 0.034 0.000 0.360 0.000000
247.291667 248.291667   51.48 0.559  0.68 0.559 0.018 0.559000   0.86 0.559000 0.021 0.000000  1.124 0.000   1.574 0.000 999.99 0.559259   9.543 0.000   4.859 0.000   4.685 0.559 0.046 0.559 0.295 0.000000
250.291667 251.291667   43.94 0.000  0.58 0.000 9.999 0.259000   4.45 0.000000 0.021 0.000000  0.594 0.000   0.832 0.000 999.99 0.259000   4.914 0.000   0.747 0.000   4.167 0.000 0.031 0.000 0.414 0.000000
253.291667 254.291667   15.36 0.000  0.37 0.000 9.999 0.259000   2.21 0.000000 0.007 0.000000  0.292 0.000   0.409 0.000 999.99 0.259000   2.234 0.000   0.775 0.000   1.459 0.000 0.010 0.000 0.075 0.000000
256.291667 257.291667   20.76 0.000  0.77 0.000 9.999 0.259000 999.99 0.259000 0.025 0.000000  0.814 0.000   1.140 0.000 999.99 0.259000   5.841 0.000   3.151 0.000   2.690 0.000 0.019 0.000 0.242 0.000000
259.291667 260.291667   53.62 0.559  0.87 0.559 0.029 0.559000   0.18 0.559000 0.033 0.000000  0.567 0.000   0.794 0.000 999.99 0.559259  15.348 0.000  10.901 0.000   4.448 0.559 0.043 0.559 0.346 0.000000
262.291667 263.291667   40.38 0.000  0.48 0.000 9.999 0.259000   2.60 0.000000 0.015 0.000000  0.542 0.000   0.758 0.000 999.99 0.259000   4.575 0.000   1.718 0.000   2.858 0.000 0.028 0.000 0.147 0.000000
265.291667 266.291667   62.52 0.559  1.10 0.559 9.999 0.559259   2.12 0.559000 0.026 0.000000  0.665 0.000   0.931 0.000 999.99 0.559259   9.640 0.000   5.351 0.000   4.289 0.559 0.045 0.559 0.223 0.000000
268.291667 269.291667   37.92 0.000  1.08 0.000 9.999 0.259000   0.87 0.000000 0.021 0.000000  1.042 0.000   1.458 0.000 999.99 0.259000   7.110 0.000   2.989 0.000   4.121 0.000 0.058 0.000 0.232 0.000000
271.291667 272.291667   60.32 0.000  0.59 0.000 9.999 0.259000   2.70 0.000000 0.017 0.000000  0.399 0.000   0.559 0.000 999.99 0.259000   5.219 0.000   1.730 0.000   3.488 0.000 0.041 0.000 0.215 0.000000
274.291667 275.291667   17.73 0.559  0.52 0.559 9.999 0.559259   0.63 0.559000 0.016 0.000000  0.333 0.000   0.467 0.000 999.99 0.559259   2.941 0.000   1.140 0.000   1.802 0.559 0.014 0.559 0.180 0.000000
277.291667 278.291667   29.01 0.000  0.54 0.000 9.999 0.259000   1.11 0.000000 0.017 0.000000  0.695 0.000   0.972 0.000 999.99 0.259000   5.188 0.000   2.680 0.000   2.508 0.000 0.022 0.000 0.146 0.000000
280.291667 281.291667   58.06 0.000  0.59 0.000 9.999 0.259000   1.61 0.000000 0.016 0.000000  0.708 0.000   0.991 0.000 999.99 0.259000   4.665 0.000   1.521 0.000   3.144 0.000 0.041 0.000 0.131 0.000000
283.291667 284.291667   34.96 0.559  0.73 0.559 0.015 0.559000   0.09 0.559000 0.023 0.000000  0.996 0.000   1.395 0.000 999.99 0.559259   7.312 0.000   4.189 0.000   3.123 0.559 0.030 0.559 0.136 0.000000
286.291667 287.291667   49.48 0.000  0.54 0.000 0.022 0.000000   0.33 0.000000 0.022 0.000000  0.624 0.000   0.873 0.000 999.99 0.259000  12.533 0.000   9.611 0.000   2.922 0.000 0.036 0.000 0.169 0.000000
289.291667 290.291667   80.32 0.559  0.64 0.559 9.999 0.559259   1.08 0.559000 0.030 0.000000  0.503 0.000   0.704 0.000 999.99 0.559259   8.783 0.000   4.899 0.000   3.884 0.559 0.055 0.559 0.195 0.000000
292.291667 293.291667   54.33 0.000  0.64 0.000 9.999 0.259000   1.09 0.000000 0.027 0.000000  0.575 0.000   0.805 0.000 999.99 0.259000   4.861 0.000   1.685 0.000   3.176 0.000 0.036 0.000 0.175 0.000000
295.291667 296.291667   28.76 0.000  0.64 0.000 0.010 0.000000   1.31 0.000000 0.018 0.000000  0.260 0.000   0.364 0.000 999.99 0.259000   3.493 0.000   1.103 0.000   2.390 0.000 0.024 0.000 0.283 0.000000
298.291667 299.291667   20.02 0.000  1.00 0.000 9.999 0.259000   0.32 0.000000 0.020 0.000000  0.586 0.000   0.821 0.000 999.99 0.259000   4.561 0.000   2.004 0.000   2.557 0.000 0.021 0.000 0.268 0.000000
301.291667 302.291667   17.60 0.000  0.49 0.000 9.999 0.259000   0.82 0.000000 0.035 0.000000  0.337 0.000   0.472 0.000 999.99 0.259000   4.968 0.000   2.969 0.000   1.999 0.000 0.014 0.000 0.199 0.000000
304.291667 305.291667 9999.99 0.456 99.99 0.456 9.999 0.456000 999.99 0.456000 9.999 0.456000 99.999 0.999 999.999 0.999 999.99 0.456000 999.999 0.456 999.999 0.999 999.999 0.456 9.999 0.456 9.999 0.456000
307.291667 308.291667 9999.99 0.456 99.99 0.456 9.999 0.456000 999.99 0.456000 9.999 0.456000 99.999 0.999 999.999 0.999 999.99 0.456000 999.999 0.456 999.999 0.999 999.999 0.456 9.999 0.456 9.999 0.456000
310.291667 311.291667   18.75 0.559  0.34 0.559 9.999 0.559259   0.36 0.559000 0.013 0.000000  0.545 0.000   0.763 0.000 999.99 0.559259   3.119 0.000   1.341 0.000   1.777 0.559 0.018 0.559 0.061 0.000000
313.291667 314.291667   13.03 0.000  0.21 0.000 9.999 0.259000 999.99 0.259000 0.010 0.000000  0.273 0.000   0.383 0.000 999.99 0.259000   2.162 0.000   1.000 0.000   1.163 0.000 0.012 0.000 0.088 0.000000
316.291667 317.291667 9999.99 0.999 99.99 0.999 9.999 0.999000 999.99 0.999000 9.999 0.999000 99.999 0.999 999.999 0.999 999.99 0.999000 999.999 0.999 999.999 0.999 999.999 0.999 9.999 0.999 9.999 0.999000
319.291667 320.291667 9999.99 0.999 99.99 0.999 9.999 0.999000 999.99 0.999000 9.999 0.999000 99.999 0.999 999.999 0.999 999.99 0.999000 999.999 0.999 999.999 0.999 999.999 0.999 9.999 0.999 9.999 0.999000
322.291667 323.291667 9999.99 0.999 99.99 0.999 9.999 0.999000 999.99 0.999000 9.999 0.999000 99.999 0.999 999.999 0.999 999.99 0.999000 999.999 0.999 999.999 0.999 999.999 0.999 9.999 0.999 9.999 0.999000
325.291667 326.291667   27.79 0.000  0.32 0.000 9.999 0.259000   0.07 0.000000 0.011 0.000000  0.597 0.000   0.835 0.000 999.99 0.259000   4.382 0.000   2.710 0.000   1.672 0.000 0.023 0.000 0.037 0.000000
328.291667 329.291667   40.52 0.000  0.58 0.000 9.999 0.259000   0.61 0.000000 0.241 0.000000  3.151 0.000   4.411 0.000 999.99 0.259000   9.232 0.000   2.918 0.000   6.313 0.000 0.033 0.000 0.240 0.000000
331.291667 332.291667   15.80 0.000  0.18 0.000 9.999 0.259000   0.18 0.000000 0.014 0.559000  0.482 0.000   0.675 0.000 999.99 0.259000   1.736 0.000   0.799 0.000   0.937 0.000 0.011 0.000 0.045 0.559000
334.291667 335.291667   24.34 0.000  0.32 0.000 9.999 0.259000   0.77 0.000000 0.038 0.000000  0.436 0.000   0.610 0.000 999.99 0.259000   3.596 0.000   1.554 0.000   2.042 0.000 0.022 0.000 0.148 0.000000
337.291667 338.291667   24.20 0.000  0.22 0.000 9.999 0.259000   1.78 0.000000 0.086 0.000000  0.765 0.000   1.071 0.000 999.99 0.259000   1.943 0.000 999.999 0.259   2.231 0.000 0.017 0.000 0.116 0.000000
340.291667 341.291667    8.48 0.000 99.99 0.259 9.999 0.259000   1.13 0.000000 0.122 0.000000  0.756 0.000   1.058 0.000 999.99 0.259000   2.038 0.000   0.013 0.000   2.024 0.000 0.009 0.000 0.104 0.000000
343.291667 344.291667   24.21 0.000  0.37 0.000 0.011 0.000000   1.64 0.000000 0.162 0.000000  1.551 0.000   2.172 0.000 999.99 0.259000   4.496 0.000   1.068 0.000   3.428 0.000 0.020 0.000 0.069 0.000000
346.291667 347.291667   43.81 0.000  0.27 0.000 9.999 0.259000   2.70 0.000000 0.027 0.000000  1.199 0.000   1.678 0.000 999.99 0.259000   4.258 0.000   1.591 0.000   2.666 0.000 0.035 0.000 0.067 0.000000
349.291667 350.291667   68.24 0.559  0.46 0.559 9.999 0.559259 999.99 0.559259 0.041 0.000000  0.571 0.000   0.799 0.000 999.99 0.559259   6.040 0.000   3.615 0.000   2.426 0.559 0.051 0.559 0.094 0.000000
352.291667 353.291667   69.60 0.559  0.12 0.559 9.999 0.559259   0.24 0.559000 0.038 0.000000  0.370 0.000   0.519 0.000 999.99 0.559259   5.892 0.000   2.879 0.000   3.014 0.559 0.062 0.559 0.084 0.000000
355.291667 356.291667   14.49 0.000  0.40 0.000 9.999 0.259000   0.38 0.000000 0.019 0.000000  0.290 0.000   0.406 0.000 999.99 0.259000   7.734 0.000   6.513 0.000   1.222 0.000 0.012 0.000 0.097 0.000000
358.291667 359.291667   10.52 0.559  0.35 0.559 0.011 0.559000   0.14 0.559000 0.109 0.000000  0.719 0.000   1.007 0.000 999.99 0.559259   4.242 0.000   1.464 0.000   2.778 0.559 0.013 0.559 0.277 0.000000
361.291667 362.291667   33.06 0.000  0.45 0.000 9.999 0.259000   1.11 0.000000 0.033 0.000000  0.804 0.000   1.126 0.000 999.99 0.259000   3.142 0.000   0.964 0.000   2.178 0.000 0.029 0.000 0.068 0.000000
364.291667 365.291667   11.04 0.000  0.17 0.000 0.018 0.000000   0.20 0.000000 0.020 0.000000  0.407 0.000   0.570 0.000 999.99 0.259000   5.514 0.000   4.429 0.000   1.085 0.000 0.010 0.000 0.073 0.000000
