scripts/IMPROVE-2019_partial/data/US0078R.19940101070000.20191216000000.filterpack...1y.3d.US03L_filterpack_US0078.US03L_IMPROVE_Davis.lev2.nas
51 1001
MISSING INFORMATION
US03L, IMPROVE, , , , , , , 
MISSING INFORMATION
IMPROVE sel_HTAP
1 1
1994 01 01 2019 12 16
0
days from file reference point
4
1 1 1 1
999.999999 999.999 999.999 9.999
end_time of measurement, days from the file reference point
pm10_mass, ug/m3, Matrix=pm10
pm25_mass, ug/m3, Matrix=pm25
numflag, no unit
0
33
Data definition:              EBAS_1.1
Set type code:                TI
Timezone:                     UTC
File name:                    US0078R.19940101070000.20191216000000.filterpack...1y.3d.US03L_filterpack_US0078.US03L_IMPROVE_Davis.lev2.nas
File creation:                20191218120041
Startdate:                    19940101070000
Revision date:                20191216000000
Version:                      2
Version description:          "Data extracted from http://views.cira.colostate.edu/fed/DataWizard 2019-12-16"
Statistics:                   arithmetic mean
Data level:                   2
Period code:                  1y
Resolution code:              3d
Sample duration:              1d
Orig. time res.:              3d
Station code:                 US0078R
Platform code:                US0078S
Station name:                 Lone Peak Wilderness
Station latitude:             40.4449
Station longitude:            -111.7081
Station altitude:             1768.0 m
Regime:                       IMG
Component:                    
Unit:                         ug/m3
Matrix:                       
Laboratory code:              US03L
Instrument type:              filterpack
Instrument name:              filterpack_US0078
Method ref:                   US03L_IMPROVE_Davis
Blank correction:             Blank corrected
Volume std. temperature:      ambient
Volume std. pressure:         ambient
starttime endtime PM10 PM2.5 flag
  0.291667   1.291667   6.236   1.581 0.000
  4.291667   5.291667   4.120   1.138 0.000
  7.291667   8.291667   7.294   4.966 0.000
 11.291667  12.291667  23.955  14.118 0.000
 14.291667  15.291667   7.873   3.514 0.000
 18.291667  19.291667   3.605   1.755 0.000
 21.291667  22.291667   3.650   1.987 0.000
 25.291667  26.291667  12.346   6.634 0.000
 28.291667  29.291667  16.089   7.184 0.000
 32.291667  33.291667 999.999   4.488 0.000
 35.291667  36.291667  10.187   3.886 0.000
 39.291667  40.291667   9.689   2.894 0.000
 42.291667  43.291667  11.374   6.518 0.000
 46.291667  47.291667   6.735   2.707 0.000
 49.291667  50.291667   1.560   1.297 0.000
 53.291667  54.291667   7.804 999.999 0.000
 56.291667  57.291667  20.308   4.304 0.000
 60.291667  61.291667 999.999 999.999 0.999
 63.291667  64.291667 999.999 999.999 0.999
 67.291667  68.291667 999.999 999.999 0.999
 70.291667  71.291667 999.999 999.999 0.999
 74.291667  75.291667  19.228   6.161 0.000
 77.291667  78.291667   5.379   3.375 0.000
 81.291667  82.291667   8.791   3.231 0.000
 84.291667  85.291667  11.756   3.354 0.000
 88.291667  89.291667 999.999 999.999 0.999
 91.291667  92.291667 999.999 999.999 0.999
 95.291667  96.291667 999.999 999.999 0.999
 98.291667  99.291667 999.999 999.999 0.999
102.291667 103.291667 999.999 999.999 0.999
105.291667 106.291667  17.298   9.656 0.000
109.291667 110.291667  21.971  11.340 0.000
112.291667 113.291667  27.445  15.327 0.000
116.291667 117.291667   9.643   2.270 0.000
119.291667 120.291667  16.571  11.770 0.000
123.291667 124.291667   8.681   6.273 0.000
126.291667 127.291667  12.615   6.185 0.000
130.291667 131.291667  24.869  11.206 0.000
133.291667 134.291667  19.466   8.516 0.000
137.291667 138.291667  10.515   5.364 0.000
140.291667 141.291667  11.115 999.999 0.000
144.291667 145.291667   8.496   6.862 0.000
147.291667 148.291667 999.999   7.584 0.000
151.291667 152.291667   8.935   5.701 0.000
154.291667 155.291667  12.955   6.890 0.000
158.291667 159.291667  11.544   4.471 0.000
161.291667 162.291667  19.966   5.982 0.000
165.291667 166.291667 999.999 999.999 0.999
168.291667 169.291667 999.999 999.999 0.999
172.291667 173.291667 999.999 999.999 0.999
175.291667 176.291667 999.999 999.999 0.999
179.291667 180.291667  13.859   7.096 0.000
182.291667 183.291667  16.745  10.185 0.000
186.291667 187.291667  14.756   6.168 0.000
189.291667 190.291667  13.029   5.959 0.000
193.291667 194.291667  16.046   6.060 0.000
196.291667 197.291667  18.333   7.620 0.000
200.291667 201.291667  14.756   4.294 0.000
203.291667 204.291667  12.248   6.765 0.000
207.291667 208.291667  10.932   5.601 0.000
210.291667 211.291667  11.608   6.746 0.000
214.291667 215.291667   6.837   4.790 0.000
217.291667 218.291667  18.152   9.146 0.000
221.291667 222.291667   7.626   4.268 0.000
224.291667 225.291667   9.604   4.329 0.000
228.291667 229.291667  13.949   5.976 0.000
231.291667 232.291667  13.623   9.264 0.000
235.291667 236.291667   7.537   4.091 0.000
238.291667 239.291667  10.588   4.970 0.000
242.291667 243.291667 999.999 999.999 0.999
245.291667 246.291667  18.073   5.511 0.000
249.291667 250.291667 999.999 999.999 0.999
252.291667 253.291667 999.999 999.999 0.999
256.291667 257.291667  11.654   5.048 0.000
259.291667 260.291667  12.346   5.160 0.000
263.291667 264.291667 999.999 999.999 0.999
266.291667 267.291667 999.999 999.999 0.999
270.291667 271.291667 999.999 999.999 0.999
273.291667 274.291667 999.999 999.999 0.999
277.291667 278.291667 999.999 999.999 0.999
280.291667 281.291667 999.999 999.999 0.999
284.291667 285.291667 999.999 999.999 0.999
287.291667 288.291667 999.999 999.999 0.999
291.291667 292.291667 999.999 999.999 0.999
294.291667 295.291667 999.999 999.999 0.999
298.291667 299.291667 999.999 999.999 0.999
301.291667 302.291667 999.999 999.999 0.999
305.291667 306.291667 999.999 999.999 0.999
308.291667 309.291667 999.999 999.999 0.999
312.291667 313.291667  14.835   3.344 0.000
315.291667 316.291667 999.999 999.999 0.999
319.291667 320.291667   3.167   2.085 0.000
322.291667 323.291667  12.353   8.127 0.000
326.291667 327.291667 999.999 999.999 0.999
329.291667 330.291667   4.000   1.895 0.000
333.291667 334.291667 999.999 999.999 0.999
336.291667 337.291667   7.215   1.979 0.000
340.291667 341.291667   2.512   1.193 0.000
343.291667 344.291667   5.297   2.404 0.000
347.291667 348.291667   5.540   2.035 0.000
350.291667 351.291667   2.582   1.158 0.000
354.291667 355.291667 999.999 999.999 0.999
357.291667 358.291667   6.261   3.028 0.000
361.291667 362.291667 999.999 999.999 0.999
364.291667 365.291667  12.318   6.162 0.000
