scripts/IMPROVE-2019_partial/data/US0063R.20080101070000.20191216000000.filterpack...52w.3d.US03L_filterpack_US0063.US03L_IMPROVE_Davis.lev2.nas
52 1001
MISSING INFORMATION
US03L, IMPROVE, , , , , , , 
MISSING INFORMATION
IMPROVE sel_HTAP
1 1
2008 01 01 2019 12 16
3.000000
days from file reference point
5
1 1 1 1 1
999.999999 999.999 9.999 999.999 9.999
end_time of measurement, days from the file reference point
pm10_mass, ug/m3, Matrix=pm10
numflag pm10_mass, no unit, Matrix=pm10
pm25_mass, ug/m3, Matrix=pm25
numflag pm25_mass, no unit, Matrix=pm25
0
33
Data definition:              EBAS_1.1
Set type code:                TU
Timezone:                     UTC
File name:                    US0063R.20080101070000.20191216000000.filterpack...52w.3d.US03L_filterpack_US0063.US03L_IMPROVE_Davis.lev2.nas
File creation:                20191218115931
Startdate:                    20080101070000
Revision date:                20191216000000
Version:                      2
Version description:          "Data extracted from http://views.cira.colostate.edu/fed/DataWizard 2019-12-16"
Statistics:                   arithmetic mean
Data level:                   2
Period code:                  52w
Resolution code:              3d
Sample duration:              1d
Orig. time res.:              3d
Station code:                 US0063R
Platform code:                US0063S
Station name:                 Bosque del Apache
Station latitude:             33.8695
Station longitude:            -106.852
Station altitude:             1389.0 m
Regime:                       IMG
Component:                    
Unit:                         ug/m3
Matrix:                       
Laboratory code:              US03L
Instrument type:              filterpack
Instrument name:              filterpack_US0063
Method ref:                   US03L_IMPROVE_Davis
Blank correction:             Blank corrected
Volume std. temperature:      ambient
Volume std. pressure:         ambient
starttime endtime PM10 flag_PM10 PM2.5 flag_PM2.5
  0.291667   1.291667 999.999 0.999 999.999 0.999
  3.291667   4.291667  12.106 0.000   3.776 0.000
  6.291667   7.291667   2.659 0.000   0.921 0.000
  9.291667  10.291667   2.643 0.000   1.548 0.000
 12.291667  13.291667   4.926 0.000   3.295 0.000
 15.291667  16.291667   8.061 0.000   2.524 0.000
 18.291667  19.291667   4.941 0.000   2.170 0.000
 21.291667  22.291667   8.344 0.000 999.999 0.999
 24.291667  25.291667   5.470 0.000   3.851 0.000
 27.291667  28.291667   2.237 0.000   0.766 0.000
 30.291667  31.291667   2.834 0.000   0.919 0.000
 33.291667  34.291667   4.276 0.000   1.630 0.000
 36.291667  37.291667   3.320 0.000   1.443 0.000
 39.291667  40.291667   5.579 0.000   1.615 0.000
 42.291667  43.291667   3.353 0.000   1.489 0.000
 45.291667  46.291667  13.106 0.000   3.010 0.000
 48.291667  49.291667 999.999 0.999   1.382 0.000
 51.291667  52.291667 999.999 0.999   1.421 0.000
 54.291667  55.291667   2.823 0.000   1.365 0.000
 57.291667  58.291667   5.640 0.000   2.259 0.000
 60.291667  61.291667  11.666 0.000   3.757 0.000
 63.291667  64.291667   7.030 0.000   2.378 0.000
 66.291667  67.291667 999.999 0.456   1.711 0.000
 69.291667  70.291667  12.607 0.000   3.195 0.000
 72.291667  73.291667   8.067 0.000   2.709 0.000
 75.291667  76.291667  34.296 0.000   6.864 0.000
 78.291667  79.291667  14.407 0.000   6.002 0.000
 81.291667  82.291667  11.941 0.000   4.350 0.000
 84.291667  85.291667  13.184 0.000   6.298 0.000
 87.291667  88.291667  10.579 0.000   4.432 0.000
 90.291667  91.291667   5.796 0.000   2.708 0.000
 93.291667  94.291667   9.869 0.000   3.668 0.000
 96.291667  97.291667  10.771 0.000   4.682 0.000
 99.291667 100.291667  14.058 0.000   5.641 0.000
102.291667 103.291667   5.829 0.000   2.606 0.000
105.291667 106.291667   9.397 0.000   3.062 0.000
108.291667 109.291667  11.622 0.000   5.113 0.000
111.291667 112.291667   7.489 0.000   4.415 0.000
114.291667 115.291667  15.384 0.000   8.812 0.000
117.291667 118.291667  17.198 0.000   4.838 0.000
120.291667 121.291667  18.867 0.000   6.463 0.000
123.291667 124.291667  24.867 0.000   6.315 0.000
126.291667 127.291667  14.394 0.000   4.449 0.000
129.291667 130.291667  15.205 0.000   7.558 0.000
132.291667 133.291667  21.321 0.000 999.999 0.999
135.291667 136.291667   6.475 0.000 999.999 0.999
138.291667 139.291667   6.508 0.000   3.815 0.000
141.291667 142.291667  35.389 0.000   7.733 0.000
144.291667 145.291667   9.583 0.000   5.026 0.000
147.291667 148.291667   4.968 0.000   2.179 0.000
150.291667 151.291667  11.716 0.000   5.451 0.000
153.291667 154.291667   8.717 0.000   5.130 0.000
156.291667 157.291667 999.999 0.456 999.999 0.456
159.291667 160.291667 999.999 0.456 999.999 0.456
162.291667 163.291667 999.999 0.999 999.999 0.999
165.291667 166.291667 999.999 0.999 999.999 0.999
168.291667 169.291667 999.999 0.999 999.999 0.999
171.291667 172.291667  44.421 0.000  11.610 0.000
174.291667 175.291667  17.486 0.000   5.284 0.000
177.291667 178.291667  19.184 0.000   6.694 0.000
180.291667 181.291667   6.159 0.000   2.985 0.000
183.291667 184.291667 999.999 0.999 999.999 0.999
186.291667 187.291667   9.222 0.000   4.235 0.000
189.291667 190.291667   5.531 0.000   1.892 0.000
192.291667 193.291667   5.048 0.000   1.734 0.000
195.291667 196.291667   3.953 0.000   1.754 0.000
198.291667 199.291667   7.216 0.000   4.015 0.000
201.291667 202.291667   8.570 0.000   5.624 0.000
204.291667 205.291667   4.709 0.000   2.744 0.000
207.291667 208.291667   6.617 0.000   3.309 0.000
210.291667 211.291667   7.776 0.000   4.537 0.000
213.291667 214.291667 999.999 0.999 999.999 0.999
216.291667 217.291667 999.999 0.999 999.999 0.999
219.291667 220.291667 999.999 0.999 999.999 0.999
222.291667 223.291667 999.999 0.999 999.999 0.999
225.291667 226.291667 999.999 0.999 999.999 0.999
228.291667 229.291667 999.999 0.999 999.999 0.999
231.291667 232.291667 999.999 0.999 999.999 0.999
234.291667 235.291667 999.999 0.999 999.999 0.999
237.291667 238.291667 999.999 0.999 999.999 0.999
240.291667 241.291667   5.302 0.000   3.055 0.000
243.291667 244.291667   3.166 0.000   1.214 0.000
246.291667 247.291667   8.603 0.000   3.414 0.000
249.291667 250.291667   6.085 0.000   3.448 0.000
252.291667 253.291667   4.785 0.000   2.562 0.000
255.291667 256.291667   2.454 0.000   1.022 0.000
258.291667 259.291667   4.560 0.000   2.170 0.000
261.291667 262.291667   4.455 0.000   2.429 0.000
264.291667 265.291667   5.679 0.000   2.858 0.000
267.291667 268.291667   6.675 0.000   3.885 0.000
270.291667 271.291667   8.771 0.000   4.844 0.000
273.291667 274.291667  12.490 0.000   6.512 0.000
276.291667 277.291667   9.985 0.000   4.957 0.000
279.291667 280.291667   2.559 0.000   1.671 0.000
282.291667 283.291667   6.058 0.000 999.999 0.456
285.291667 286.291667   7.027 0.000 999.999 0.456
288.291667 289.291667   2.215 0.000   1.527 0.000
291.291667 292.291667   4.302 0.000   2.305 0.000
294.291667 295.291667   4.784 0.000   2.991 0.000
297.291667 298.291667   5.502 0.000   2.334 0.000
300.291667 301.291667  11.824 0.000   4.688 0.000
303.291667 304.291667   8.947 0.000   4.494 0.000
306.291667 307.291667   7.473 0.000   3.464 0.000
309.291667 310.291667   9.697 0.000   2.395 0.000
312.291667 313.291667   5.700 0.000   2.023 0.000
315.291667 316.291667   7.340 0.000   3.048 0.000
318.291667 319.291667   9.988 0.000   1.895 0.000
321.291667 322.291667  10.236 0.000   3.093 0.000
324.291667 325.291667  16.875 0.000   5.505 0.000
327.291667 328.291667  17.360 0.000   6.523 0.000
330.291667 331.291667 999.999 0.999 999.999 0.999
333.291667 334.291667   3.342 0.000   2.335 0.000
336.291667 337.291667   3.878 0.000   1.226 0.000
339.291667 340.291667   9.876 0.000   2.858 0.000
342.291667 343.291667   3.608 0.000   1.547 0.000
345.291667 346.291667   4.431 0.000   2.494 0.000
348.291667 349.291667   6.343 0.000   2.071 0.000
351.291667 352.291667   3.325 0.000   1.189 0.000
354.291667 355.291667   3.579 0.000   1.761 0.000
357.291667 358.291667   4.304 0.000   1.424 0.000
360.291667 361.291667 999.999 0.999 999.999 0.999
363.291667 364.291667 999.999 0.999 999.999 0.999
