scripts/IMPROVE-2019_partial/data/US0082R.20010101050000.20191216000000.filterpack..pm25.52w.1w.US03L_filterpack_US0082.US03L_IMPROVE_Davis.lev2.nas
66 1001
MISSING INFORMATION
US03L, IMPROVE, , , , , , , 
MISSING INFORMATION
IMPROVE sel_HTAP
1 1
2001 01 01 2019 12 16
3.000000
days from file reference point
27
1 1 1 1 1 1 1 1 1 1 1 1 1 1 1 1 1 1 1 1 1 1 1 1 1 1 1
999.999999 9999.99 9.999 99.99 9.999 9.999 9.999999 99.99 9.999999 9.999 9.999999 99.999 9.999 99.999 9.999 999.99 9.999999 999.999 9.999 999.999 9.999 999.999 9.999 9.999 9.999 99.999 9.999999
end_time of measurement, days from the file reference point
iron, ng/m3, Revision date=20181210133000
numflag iron, no unit, Revision date=20181210133000
lead, ng/m3, Revision date=20181210133000
numflag lead, no unit, Revision date=20181210133000
magnesium, ug/m3, Revision date=20181210133000
numflag magnesium, no unit, Revision date=20181210133000
nickel, ng/m3, Revision date=20181210133000
numflag nickel, no unit, Revision date=20181210133000
nitrate, ug N/m3, Revision date=20181210133000
numflag nitrate, no unit, Revision date=20181210133000
organic_carbon, ug C/m3, Revision date=20181210133000
numflag organic_carbon, no unit, Revision date=20181210133000
organic_mass, ug/m3, Revision date=20181210133000
numflag organic_mass, no unit, Revision date=20181210133000
phosphorus, ng/m3, Revision date=20181210133000
numflag phosphorus, no unit, Revision date=20181210133000
pm10_mass, ug/m3, Version=2, Version description=Data extracted from http://views.cira.colostate.edu/fed/DataWizard 2019-12-16, Sample duration=1d, Orig. time res.=3d, Matrix=pm10, Blank correction=Blank corrected, Volume std. temperature=ambient, Volume std. pressure=ambient
numflag pm10_mass, no unit, Version=2, Version description=Data extracted from http://views.cira.colostate.edu/fed/DataWizard 2019-12-16, Sample duration=1d, Orig. time res.=3d, Matrix=pm10, Blank correction=Blank corrected, Volume std. temperature=ambient, Volume std. pressure=ambient
pm10_pm25_mass, ug/m3, Revision date=20181210133000, Matrix=pm10_pm25
numflag pm10_pm25_mass, no unit, Revision date=20181210133000, Matrix=pm10_pm25
pm25_mass, ug/m3, Version=2, Version description=Data extracted from http://views.cira.colostate.edu/fed/DataWizard 2019-12-16, Sample duration=1d, Orig. time res.=3d, Blank correction=Blank corrected, Volume std. temperature=ambient, Volume std. pressure=ambient
numflag pm25_mass, no unit, Version=2, Version description=Data extracted from http://views.cira.colostate.edu/fed/DataWizard 2019-12-16, Sample duration=1d, Orig. time res.=3d, Blank correction=Blank corrected, Volume std. temperature=ambient, Volume std. pressure=ambient
potassium, ug/m3, Revision date=20181210133000
numflag potassium, no unit, Revision date=20181210133000
sulphate_total, ug S/m3, Revision date=20181210133000
numflag sulphate_total, no unit, Revision date=20181210133000
0
25
Data definition:              EBAS_1.1
Set type code:                TU
Timezone:                     UTC
File name:                    US0082R.20010101050000.20191216000000.filterpack..pm25.52w.1w.US03L_filterpack_US0082.US03L_IMPROVE_Davis.lev2.nas
File creation:                20191218120056
Startdate:                    20010101050000
Revision date:                20191216000000
Statistics:                   arithmetic mean
Data level:                   2
Period code:                  52w
Resolution code:              1w
Station code:                 US0082R
Platform code:                US0082S
Station name:                 Lye Brook Wilderness
Station latitude:             43.1482
Station longitude:            -73.1268
Station altitude:             1015.0 m
Regime:                       IMG
Component:                    
Matrix:                       pm25
Laboratory code:              US03L
Instrument type:              filterpack
Instrument name:              filterpack_US0082
Method ref:                   US03L_IMPROVE_Davis
starttime endtime Fe flag_Fe Pb flag_Pb Mg++ flag_Mg++ Ni flag_Ni NO3- flag_NO3- OC flag_OC OM flag_OM P flag_P PM10 flag_PM10 PM10-PM2.5 flag_PM10-PM2.5 PM2.5 flag_PM2.5 K+ flag_K+ SO4-- flag_SO4--
[from data line 79]
237.208333 238.208333   24.08 0.000  2.48 0.000 9.999 0.259000  1.35 0.000000 0.060 0.559000  2.133 0.000  2.987 0.000 999.99 0.259000  15.625 0.000   3.786 0.000  11.839 0.000 0.024 0.000  1.418 0.559000
240.208333 241.208333    4.44 0.000  0.63 0.000 9.999 0.259000  0.29 0.000000 0.015 0.559000  0.609 0.000  0.853 0.000 999.99 0.259000   4.326 0.000   1.332 0.000   2.994 0.000 0.025 0.000  0.269 0.559000
243.208333 244.208333    3.64 0.000  0.43 0.000 0.048 0.000000 99.99 0.259000 0.010 0.559000  0.366 0.000  0.513 0.000 999.99 0.259000   3.850 0.000   0.838 0.000   3.011 0.000 0.014 0.000  0.464 0.559000
246.208333 247.208333   18.38 0.000  2.59 0.000 9.999 0.259000  0.55 0.000000 0.083 0.559000  1.338 0.000  1.873 0.000 999.99 0.259000  14.338 0.000   1.918 0.000  12.420 0.000 0.033 0.000  2.167 0.559000
249.208333 250.208333 9999.99 0.999 99.99 0.999 9.999 0.999000 99.99 0.999000 9.999 0.999000 99.999 0.999 99.999 0.999 999.99 0.999000 999.999 0.999 999.999 0.999 999.999 0.999 9.999 0.999 99.999 0.999000
252.208333 253.208333    5.58 0.394  0.64 0.394 9.999 0.394259  0.53 0.394000 9.999 0.699000  0.422 0.000  0.591 0.000 999.99 0.394259   3.878 0.000   0.566 0.000   3.312 0.000 0.013 0.394 99.999 0.699000
255.208333 256.208333   20.72 0.000  1.61 0.000 9.999 0.259000  0.20 0.000000 0.048 0.000000  0.953 0.000  1.335 0.000 999.99 0.259000   9.283 0.559   2.430 0.000   6.853 0.000 0.027 0.000  0.970 0.000000
258.208333 259.208333   11.13 0.000  1.72 0.000 9.999 0.259000  0.33 0.000000 0.025 0.000000  0.578 0.000  0.809 0.000 999.99 0.259000   3.598 0.559   1.365 0.000   2.233 0.000 0.026 0.000  0.192 0.000000
261.208333 262.208333   24.90 0.000  1.72 0.000 9.999 0.259000  0.43 0.000000 0.035 0.000000  1.055 0.000  1.478 0.000 999.99 0.259000  11.538 0.559   3.064 0.000   8.475 0.000 0.026 0.000  1.304 0.000000
264.208333 265.208333   18.24 0.000  2.08 0.000 9.999 0.259000  0.44 0.000000 0.094 0.559000  0.840 0.000  1.177 0.000 999.99 0.259000  13.212 0.559   1.295 0.000  11.917 0.000 0.019 0.000  2.137 0.559000
267.208333 268.208333    4.08 0.000  0.53 0.000 9.999 0.259000  0.17 0.000000 0.020 0.000000  0.229 0.000  0.321 0.000  18.99 0.000000   2.913 0.559   0.773 0.000   2.139 0.000 0.007 0.000  0.317 0.000000
270.208333 271.208333   15.44 0.000  1.97 0.000 9.999 0.259000  0.24 0.000000 0.034 0.000000  0.577 0.000  0.808 0.000 999.99 0.259000   6.232 0.559   0.965 0.000   5.267 0.000 0.023 0.000  0.809 0.000000
273.208333 274.208333   20.48 0.559  1.16 0.559 9.999 0.559259  0.26 0.559000 0.042 0.000000  0.693 0.000  0.970 0.000 999.99 0.559259   4.879 0.000   1.887 0.000   2.992 0.559 0.028 0.559  0.168 0.000000
276.208333 277.208333   69.65 0.559  3.60 0.559 9.999 0.559259 99.99 0.559259 0.147 0.559000  2.988 0.000  4.183 0.000 999.99 0.559259 999.999 0.456 999.999 0.999  17.516 0.559 0.108 0.559  2.316 0.559000
279.208333 280.208333    3.97 0.000  0.43 0.000 9.999 0.259000  0.09 0.000000 0.025 0.000000  0.138 0.000  0.193 0.000 999.99 0.259000   4.232 0.000   2.883 0.000   1.349 0.000 0.016 0.000  0.181 0.000000
282.208333 283.208333   32.63 0.559  2.44 0.559 9.999 0.559259  0.27 0.559000 0.122 0.559000  0.874 0.000  1.223 0.000 999.99 0.559259 999.999 0.456 999.999 0.999   6.062 0.559 0.038 0.559  0.765 0.559000
285.208333 286.208333   38.63 0.559  3.91 0.559 9.999 0.559259  0.78 0.559000 0.178 0.559000  1.748 0.000  2.447 0.000 999.99 0.559259  16.338 0.000   5.517 0.000  10.821 0.559 0.038 0.559  1.561 0.559000
288.208333 289.208333   14.44 0.000  1.22 0.000 9.999 0.259000  0.33 0.000000 0.042 0.000000  0.553 0.000  0.775 0.000 999.99 0.259000   6.607 0.000   2.508 0.000   4.098 0.000 0.024 0.000  0.527 0.000000
291.208333 292.208333   30.88 0.000  2.00 0.000 9.999 0.259000  0.69 0.000000 0.112 0.000000  0.913 0.000  1.278 0.000 999.99 0.259000 999.999 0.456 999.999 0.999   4.893 0.000 0.023 0.000  0.528 0.000000
294.208333 295.208333   15.00 0.000  1.52 0.000 9.999 0.259000  0.15 0.000000 0.191 0.000000  0.848 0.000  1.187 0.000 999.99 0.259000   5.505 0.000   1.491 0.000   4.014 0.000 0.037 0.000  0.400 0.000000
297.208333 298.208333   25.16 0.000  1.15 0.000 9.999 0.259000  0.97 0.000000 0.142 0.559000  1.817 0.000  2.543 0.000 999.99 0.259000 999.999 0.999 999.999 0.999   8.121 0.000 0.033 0.000  0.975 0.559000
300.208333 301.208333    2.48 0.000  0.83 0.000 9.999 0.259000  0.13 0.000000 0.013 0.000000  0.113 0.000  0.158 0.000 999.99 0.259000   1.418 0.000   0.601 0.000   0.817 0.000 0.016 0.000  0.065 0.000000
303.208333 304.208333    7.39 0.000  0.87 0.000 9.999 0.259000  0.61 0.000000 0.062 0.000000  0.387 0.000  0.541 0.000 999.99 0.259000 999.999 0.999 999.999 0.999   1.823 0.000 0.015 0.000  0.144 0.000000
306.208333 307.208333   11.40 0.000  0.87 0.000 9.999 0.259000 99.99 0.259000 0.178 0.000000  0.702 0.000  0.983 0.000 999.99 0.259000   5.433 0.000   2.107 0.000   3.326 0.000 0.025 0.000  0.362 0.000000
309.208333 310.208333    2.18 0.000 99.99 0.259 0.015 0.000000 99.99 0.259000 0.011 0.000000  0.130 0.000  0.182 0.000 999.99 0.259000   1.545 0.000   0.553 0.000   0.993 0.000 0.006 0.000  0.080 0.000000
312.208333 313.208333    4.15 0.000  0.73 0.000 9.999 0.259000  0.20 0.000000 0.054 0.000000  0.222 0.000  0.311 0.000 999.99 0.259000 999.999 0.999 999.999 0.999   1.431 0.000 0.014 0.000  0.180 0.000000
315.208333 316.208333    3.78 0.000  1.23 0.000 0.016 0.000000  0.22 0.000000 0.034 0.000000  0.173 0.000  0.242 0.000 999.99 0.259000   1.727 0.000   0.145 0.000   1.582 0.000 0.014 0.000  0.189 0.000000
318.208333 319.208333   43.04 0.000  3.62 0.000 9.999 0.259000  0.23 0.000000 0.611 0.000000  4.136 0.000  5.790 0.000 999.99 0.259000 999.999 0.999 999.999 0.999  17.044 0.000 0.076 0.000  2.035 0.000000
321.208333 322.208333   14.92 0.000  2.60 0.000 9.999 0.259000  0.28 0.000000 0.148 0.000000  0.934 0.000  1.308 0.000 999.99 0.259000   6.014 0.000   2.033 0.000   3.981 0.000 0.038 0.000  0.382 0.000000
324.208333 325.208333    5.30 0.000  0.94 0.000 0.028 0.000000  0.26 0.000000 0.060 0.559000  0.224 0.000  0.314 0.000 999.99 0.259000   1.745 0.000   0.209 0.000   1.537 0.000 0.011 0.000  0.226 0.559000
327.208333 328.208333 9999.99 0.999 99.99 0.999 9.999 0.999000 99.99 0.999000 9.999 0.999000 99.999 0.999 99.999 0.999 999.99 0.999000 999.999 0.999 999.999 0.999 999.999 0.999 9.999 0.999 99.999 0.999000
330.208333 331.208333 9999.99 0.999 99.99 0.999 9.999 0.999000 99.99 0.999000 9.999 0.999000 99.999 0.999 99.999 0.999 999.99 0.999000 999.999 0.999 999.999 0.999 999.999 0.999 9.999 0.999 99.999 0.999000
333.208333 334.208333 9999.99 0.999 99.99 0.999 9.999 0.999000 99.99 0.999000 9.999 0.999000 99.999 0.999 99.999 0.999 999.99 0.999000 999.999 0.999 999.999 0.999 999.999 0.999 9.999 0.999 99.999 0.999000
336.208333 337.208333 9999.99 0.999 99.99 0.999 9.999 0.999000 99.99 0.999000 9.999 0.999000 99.999 0.999 99.999 0.999 999.99 0.999000 999.999 0.999 999.999 0.999 999.999 0.999 9.999 0.999 99.999 0.999000
339.208333 340.208333   19.26 0.000  1.26 0.000 9.999 0.259000  0.26 0.000000 0.044 0.000000  0.813 0.000  1.138 0.000 999.99 0.259000   5.805 0.000   1.803 0.000   4.002 0.000 0.024 0.000  0.422 0.000000
342.208333 343.208333   15.13 0.000  1.29 0.000 9.999 0.259000  0.14 0.000000 0.024 0.000000  0.371 0.000  0.520 0.000 999.99 0.259000   1.583 0.000   0.188 0.000   1.395 0.000 0.010 0.000  0.136 0.000000
345.208333 346.208333   15.04 0.000  2.40 0.000 9.999 0.259000  0.56 0.000000 0.229 0.000000  1.125 0.000  1.575 0.000 999.99 0.259000   6.729 0.000   1.015 0.000   5.714 0.000 0.025 0.000  0.686 0.000000
348.208333 349.208333    1.55 0.000  1.64 0.000 9.999 0.259000  0.15 0.000000 0.029 0.000000  0.238 0.000  0.333 0.000 999.99 0.259000   1.367 0.000   0.131 0.000   1.236 0.000 0.009 0.000  0.161 0.000000
351.208333 352.208333    1.41 0.000  0.96 0.000 9.999 0.259000  0.68 0.000000 0.025 0.000000  0.282 0.000  0.394 0.000 999.99 0.259000   1.273 0.000   0.179 0.000   1.094 0.000 0.005 0.000  0.102 0.000000
354.208333 355.208333    1.22 0.000  0.32 0.000 9.999 0.259000 99.99 0.259000 0.024 0.000000  0.149 0.000  0.208 0.000 999.99 0.259000   0.904 0.000   0.162 0.000   0.742 0.000 0.005 0.000  0.079 0.000000
357.208333 358.208333    1.95 0.000  0.55 0.000 9.999 0.259000  0.48 0.000000 0.146 0.000000  0.512 0.000  0.718 0.000 999.99 0.259000   3.166 0.000   0.751 0.000   2.415 0.000 0.009 0.000  0.307 0.000000
360.208333 361.208333   10.85 0.000  2.63 0.000 9.999 0.259000 99.99 0.259000 0.301 0.000000  0.954 0.000  1.335 0.000 999.99 0.259000   8.233 0.000   2.353 0.000   5.881 0.000 0.025 0.000  0.587 0.000000
363.208333 364.208333    8.19 0.000  1.03 0.000 9.999 0.259000 99.99 0.259000 0.202 0.000000  0.535 0.000  0.749 0.000 999.99 0.259000   4.224 0.000   0.678 0.000   3.546 0.000 0.017 0.000  0.378 0.000000
