scripts/IMPROVE-2019_partial/data/US0090R.20060102090000.20191216000000.filterpack..pm25.52w.1w.US03L_filterpack_US0090.US03L_IMPROVE_Davis.lev2.nas
66 1001
MISSING INFORMATION
US03L, IMPROVE, , , , , , , 
MISSING INFORMATION
IMPROVE sel_HTAP
1 1
2006 01 01 2019 12 16
3.000
days from file reference point
27
1 1 1 1 1 1 1 1 1 1 1 1 1 1 1 1 1 1 1 1 1 1 1 1 1 1 1
999.999 999.99 9.999 99.99 9.999 9.999 9.999999 9.99 9.999999 9.999 9.999 99.999 9.999 99.999 9.999 999.99 9.999999 999.999 9.999 99.999 9.999 99.999 9.999 9.999 9.999 9.999 9.999
end_time of measurement, days from the file reference point
iron, ng/m3, Revision date=20181210133000
numflag iron, no unit, Revision date=20181210133000
lead, ng/m3, Revision date=20181210133000
numflag lead, no unit, Revision date=20181210133000
magnesium, ug/m3, Revision date=20181210133000
numflag magnesium, no unit, Revision date=20181210133000
nickel, ng/m3, Revision date=20181210133000
numflag nickel, no unit, Revision date=20181210133000
nitrate, ug N/m3, Revision date=20181210133000
numflag nitrate, no unit, Revision date=20181210133000
organic_carbon, ug C/m3, Revision date=20181210133000
numflag organic_carbon, no unit, Revision date=20181210133000
organic_mass, ug/m3, Revision date=20181210133000
numflag organic_mass, no unit, Revision date=20181210133000
phosphorus, ng/m3, Revision date=20181210133000
numflag phosphorus, no unit, Revision date=20181210133000
pm10_mass, ug/m3, Version=2, Version description=Data extracted from http://views.cira.colostate.edu/fed/DataWizard 2019-12-16, Sample duration=1d, Orig. time res.=3d, Matrix=pm10, Blank correction=Blank corrected, Volume std. temperature=ambient, Volume std. pressure=ambient
numflag pm10_mass, no unit, Version=2, Version description=Data extracted from http://views.cira.colostate.edu/fed/DataWizard 2019-12-16, Sample duration=1d, Orig. time res.=3d, Matrix=pm10, Blank correction=Blank corrected, Volume std. temperature=ambient, Volume std. pressure=ambient
pm10_pm25_mass, ug/m3, Revision date=20181210133000, Matrix=pm10_pm25
numflag pm10_pm25_mass, no unit, Revision date=20181210133000, Matrix=pm10_pm25
pm25_mass, ug/m3, Version=2, Version description=Data extracted from http://views.cira.colostate.edu/fed/DataWizard 2019-12-16, Sample duration=1d, Orig. time res.=3d, Blank correction=Blank corrected, Volume std. temperature=ambient, Volume std. pressure=ambient
numflag pm25_mass, no unit, Version=2, Version description=Data extracted from http://views.cira.colostate.edu/fed/DataWizard 2019-12-16, Sample duration=1d, Orig. time res.=3d, Blank correction=Blank corrected, Volume std. temperature=ambient, Volume std. pressure=ambient
potassium, ug/m3, Revision date=20181210133000
numflag potassium, no unit, Revision date=20181210133000
sulphate_total, ug S/m3, Revision date=20181210133000
numflag sulphate_total, no unit, Revision date=20181210133000
0
25
Data definition:              EBAS_1.1
Set type code:                TU
Timezone:                     UTC
File name:                    US0090R.20060102090000.20191216000000.filterpack..pm25.52w.1w.US03L_filterpack_US0090.US03L_IMPROVE_Davis.lev2.nas
File creation:                20191218120129
Startdate:                    20060102090000
Revision date:                20191216000000
Statistics:                   arithmetic mean
Data level:                   2
Period code:                  52w
Resolution code:              1w
Station code:                 US0090R
Platform code:                US0090S
Station name:                 Petersburg
Station latitude:             56.61076
Station longitude:            -132.81234
Station altitude:             0.0 m
Regime:                       IMG
Component:                    
Matrix:                       pm25
Laboratory code:              US03L
Instrument type:              filterpack
Instrument name:              filterpack_US0090
Method ref:                   US03L_IMPROVE_Davis
starttime endtime Fe flag_Fe Pb flag_Pb Mg++ flag_Mg++ Ni flag_Ni NO3- flag_NO3- OC flag_OC OM flag_OM P flag_P PM10 flag_PM10 PM10-PM2.5 flag_PM10-PM2.5 PM2.5 flag_PM2.5 K+ flag_K+ SO4-- flag_SO4--
[from data line 86]
259.375 260.375   6.78 0.000  0.16 0.000 0.004 0.000000 9.99 0.259000 0.002 0.000  0.571 0.000  1.027 0.000 999.99 0.259000   3.510 0.000  1.797 0.000  1.714 0.000 0.008 0.000 0.084 0.000
262.375 263.375   0.42 0.000  0.11 0.000 9.999 0.259000 9.99 0.259000 9.999 0.456  0.057 0.000  0.102 0.000 999.99 0.259000   1.324 0.000  0.716 0.000  0.608 0.000 0.004 0.000 9.999 0.456
265.375 266.375   0.33 0.000  0.07 0.000 9.999 0.259000 0.05 0.000000 9.999 0.456 99.999 0.259 99.999 0.259 999.99 0.259000   0.784 0.000  0.471 0.000  0.314 0.000 0.002 0.000 9.999 0.456
268.375 269.375   0.53 0.000  0.18 0.000 0.005 0.000000 9.99 0.259000 9.999 0.456  0.034 0.000  0.060 0.000 999.99 0.259000   1.526 0.000  0.876 0.000  0.650 0.000 0.003 0.000 9.999 0.456
271.375 272.375   0.55 0.000  0.07 0.000 0.011 0.000000 9.99 0.259000 0.003 0.000  0.273 0.000  0.492 0.000 999.99 0.259000   1.861 0.000  0.909 0.000  0.951 0.000 0.006 0.000 0.045 0.000
274.375 275.375   0.71 0.000  0.12 0.000 0.008 0.000000 9.99 0.259000 0.003 0.000  0.042 0.000  0.075 0.000 999.99 0.259000   1.568 0.000  0.668 0.000  0.901 0.000 0.003 0.000 0.108 0.000
277.375 278.375   0.58 0.000  0.14 0.000 0.011 0.000000 9.99 0.259000 0.006 0.000  0.044 0.000  0.079 0.000 999.99 0.259000   1.779 0.000  0.823 0.000  0.956 0.000 0.007 0.000 0.050 0.000
280.375 281.375   3.17 0.000  0.45 0.000 9.999 0.259000 9.99 0.259000 0.000 0.000  0.244 0.000  0.439 0.000 999.99 0.259000   1.816 0.000  1.130 0.000  0.686 0.000 0.004 0.000 0.016 0.000
283.375 284.375   2.24 0.000  0.30 0.000 9.999 0.259000 0.06 0.000000 0.002 0.000  0.447 0.000  0.804 0.000 999.99 0.259000   2.009 0.000  0.966 0.000  1.044 0.000 0.005 0.000 0.040 0.000
286.375 287.375   0.97 0.000  0.16 0.000 9.999 0.259000 9.99 0.259000 0.002 0.000  0.073 0.000  0.131 0.000 999.99 0.259000   0.903 0.000  0.748 0.000  0.217 0.000 0.004 0.000 0.005 0.000
289.375 290.375   0.83 0.000  0.19 0.000 9.999 0.259000 9.99 0.259000 0.001 0.000  0.172 0.000  0.311 0.000 999.99 0.259000   1.572 0.000  0.777 0.000  0.795 0.000 0.003 0.000 0.053 0.000
292.375 293.375   0.31 0.000  0.08 0.000 9.999 0.259000 9.99 0.259000 0.005 0.000  0.131 0.000  0.235 0.000 999.99 0.259000   2.099 0.000  1.328 0.000  0.771 0.000 0.005 0.000 0.024 0.000
295.375 296.375   1.05 0.000  0.11 0.000 9.999 0.259000 9.99 0.259000 0.000 0.000  0.030 0.000  0.054 0.000 999.99 0.259000   0.782 0.000  0.281 0.000  0.501 0.000 0.003 0.000 0.018 0.000
298.375 299.375   0.65 0.000  0.13 0.000 0.006 0.000000 9.99 0.259000 0.001 0.000 99.999 0.259 99.999 0.259 999.99 0.259000   0.991 0.000  0.622 0.000  0.369 0.000 0.003 0.000 0.022 0.000
301.375 302.375   1.14 0.000  0.36 0.000 9.999 0.259000 9.99 0.259000 0.002 0.000  0.106 0.000  0.191 0.000 999.99 0.259000   0.705 0.000  0.139 0.000  0.566 0.000 0.003 0.000 0.038 0.000
304.375 305.375   0.36 0.000  0.11 0.000 0.005 0.000000 0.05 0.000000 9.999 0.259 99.999 0.259 99.999 0.259 999.99 0.259000   0.413 0.000  0.257 0.000  0.280 0.000 0.002 0.000 0.014 0.000
307.375 308.375   5.85 0.000  0.48 0.000 9.999 0.259000 9.99 0.259000 0.002 0.000  0.868 0.000  1.563 0.000 999.99 0.259000   3.256 0.000  0.539 0.000  2.718 0.000 0.039 0.000 0.130 0.000
310.375 311.375   2.80 0.000  0.08 0.000 9.999 0.259000 9.99 0.259000 0.002 0.000  0.211 0.000  0.380 0.000 999.99 0.259000   1.533 0.000  0.522 0.000  1.011 0.000 0.009 0.000 0.047 0.000
313.375 314.375   4.16 0.000  0.19 0.000 9.999 0.259000 9.99 0.259000 0.005 0.000  0.937 0.000  1.687 0.000 999.99 0.259000   2.779 0.000  0.464 0.000  2.316 0.000 0.039 0.000 0.087 0.000
316.375 317.375  10.68 0.000  0.23 0.000 0.004 0.000000 9.99 0.259000 0.002 0.000  0.163 0.000  0.293 0.000 999.99 0.259000   1.826 0.000  0.802 0.000  1.025 0.000 0.014 0.000 0.059 0.000
319.375 320.375   0.61 0.000 99.99 0.259 9.999 0.259000 9.99 0.259000 0.002 0.000  0.109 0.000  0.196 0.000 999.99 0.259000   0.250 0.000 99.999 0.259  0.380 0.000 0.003 0.000 0.021 0.000
322.375 323.375   0.44 0.000  0.17 0.000 9.999 0.259000 9.99 0.259000 9.999 0.259 99.999 0.259 99.999 0.259 999.99 0.259000   0.498 0.000  0.341 0.000 99.999 0.259 0.001 0.000 0.006 0.000
325.375 326.375   0.97 0.000  0.15 0.000 0.008 0.000000 9.99 0.259000 0.003 0.000  0.083 0.000  0.149 0.000 999.99 0.259000   0.628 0.000  0.066 0.000  0.562 0.000 0.006 0.000 0.052 0.000
328.375 329.375   2.06 0.000  0.23 0.000 0.008 0.000000 9.99 0.259000 0.009 0.000  0.201 0.000  0.361 0.000 999.99 0.259000   1.441 0.000  0.440 0.000  1.002 0.000 0.010 0.000 0.127 0.000
331.375 332.375  10.00 0.000  0.15 0.000 0.005 0.000000 9.99 0.259000 0.006 0.000  0.127 0.000  0.229 0.000 999.99 0.259000   1.777 0.000  0.748 0.000  1.029 0.000 0.010 0.000 0.103 0.000
334.375 335.375  11.08 0.000  0.24 0.000 9.999 0.259000 9.99 0.259000 0.007 0.000  0.345 0.000  0.622 0.000 999.99 0.259000   2.283 0.000  1.135 0.000  1.148 0.000 0.013 0.000 0.074 0.000
337.375 338.375   0.40 0.000 99.99 0.259 9.999 0.259000 0.09 0.000000 0.002 0.000  0.050 0.000  0.090 0.000 999.99 0.259000   0.042 0.000  0.053 0.000 99.999 0.259 0.001 0.000 0.005 0.000
340.375 341.375   0.38 0.000 99.99 0.259 9.999 0.259000 9.99 0.259000 0.001 0.000  0.009 0.000  0.016 0.000 999.99 0.259000   0.460 0.000  0.149 0.000  0.311 0.000 0.002 0.000 0.014 0.000
343.375 344.375   1.79 0.000  0.09 0.000 9.999 0.259000 9.99 0.259000 9.999 0.259  0.045 0.000  0.081 0.000 999.99 0.259000   0.459 0.000  0.045 0.000  0.413 0.000 0.001 0.000 0.006 0.000
346.375 347.375   0.48 0.000  0.15 0.000 9.999 0.259000 9.99 0.259000 0.000 0.000  0.026 0.000  0.047 0.000 999.99 0.259000   0.167 0.000  0.051 0.000  0.127 0.000 0.002 0.000 0.014 0.000
349.375 350.375   0.34 0.000  0.16 0.000 9.999 0.259000 9.99 0.259000 0.003 0.000 99.999 0.259 99.999 0.259 999.99 0.259000   0.293 0.000  0.056 0.000  0.215 0.000 0.002 0.000 0.052 0.000
352.375 353.375   0.19 0.000  0.19 0.000 9.999 0.259000 9.99 0.259000 0.001 0.000 99.999 0.259 99.999 0.259 999.99 0.259000   0.250 0.000  0.052 0.000  0.188 0.000 0.003 0.000 0.022 0.000
355.375 356.375   0.38 0.000  0.09 0.000 0.034 0.000000 9.99 0.259000 0.003 0.000 99.999 0.259 99.999 0.259 999.99 0.259000   0.924 0.000  0.323 0.000  0.601 0.000 0.006 0.000 0.032 0.000
358.375 359.375   0.31 0.000  0.12 0.000 9.999 0.259000 9.99 0.259000 9.999 0.259 99.999 0.259 99.999 0.259   0.80 0.000000   0.417 0.000  0.262 0.000  0.155 0.000 0.004 0.000 0.008 0.000
361.375 362.375 999.99 0.999 99.99 0.999 9.999 0.999000 9.99 0.999000 9.999 0.999 99.999 0.999 99.999 0.999 999.99 0.999000 999.999 0.999 99.999 0.999 99.999 0.999 9.999 0.999 9.999 0.999
364.375 365.375 999.99 0.999 99.99 0.999 9.999 0.999000 9.99 0.999000 9.999 0.999 99.999 0.999 99.999 0.999 999.99 0.999000 999.999 0.999 99.999 0.999 99.999 0.999 9.999 0.999 9.999 0.999
