scripts/IMPROVE-2019_partial/data/US0040R.20100102060000.20191216000000.filterpack...52w.3d.US03L_filterpack_US0040.US03L_IMPROVE_Davis.lev2.nas
52 1001
MISSING INFORMATION
US03L, IMPROVE, , , , , , , 
MISSING INFORMATION
IMPROVE sel_HTAP
1 1
2010 01 01 2019 12 16
3.00
days from file reference point
5
1 1 1 1 1
999.99 999.999 9.999 999.999 9.999
end_time of measurement, days from the file reference point
pm10_mass, ug/m3, Matrix=pm10
numflag pm10_mass, no unit, Matrix=pm10
pm25_mass, ug/m3, Matrix=pm25
numflag pm25_mass, no unit, Matrix=pm25
0
33
Data definition:              EBAS_1.1
Set type code:                TU
Timezone:                     UTC
File name:                    US0040R.20100102060000.20191216000000.filterpack...52w.3d.US03L_filterpack_US0040.US03L_IMPROVE_Davis.lev2.nas
File creation:                20191218115755
Startdate:                    20100102060000
Revision date:                20191216000000
Version:                      2
Version description:          "Data extracted from http://views.cira.colostate.edu/fed/DataWizard 2019-12-16"
Statistics:                   arithmetic mean
Data level:                   2
Period code:                  52w
Resolution code:              3d
Sample duration:              1d
Orig. time res.:              3d
Station code:                 US0040R
Platform code:                US0040S
Station name:                 Cadiz
Station latitude:             36.7842
Station longitude:            -87.8501
Station altitude:             191.0 m
Regime:                       IMG
Component:                    
Unit:                         ug/m3
Matrix:                       
Laboratory code:              US03L
Instrument type:              filterpack
Instrument name:              filterpack_US0040
Method ref:                   US03L_IMPROVE_Davis
Blank correction:             Blank corrected
Volume std. temperature:      ambient
Volume std. pressure:         ambient
starttime endtime PM10 flag_PM10 PM2.5 flag_PM2.5
  1.25   2.25   7.259 0.000   5.200 0.000
  4.25   5.25 999.999 0.456  11.455 0.000
  7.25   8.25  12.671 0.000   7.797 0.000
 10.25  11.25  17.329 0.000  12.301 0.000
 13.25  14.25  11.339 0.000   8.821 0.000
 16.25  17.25  15.351 0.000  15.640 0.000
 19.25  20.25  10.550 0.000   8.206 0.000
 22.25  23.25  10.462 0.000   8.622 0.000
 25.25  26.25   8.515 0.000   5.167 0.000
 28.25  29.25  14.889 0.000  11.861 0.000
 31.25  32.25  26.525 0.000  24.599 0.659
 34.25  35.25  27.081 0.000  23.688 0.000
 37.25  38.25   9.739 0.000   7.949 0.000
 40.25  41.25   5.898 0.000   5.164 0.000
 43.25  44.25  11.755 0.000  11.570 0.000
 46.25  47.25   6.808 0.000   5.022 0.000
 49.25  50.25  11.826 0.000   9.020 0.000
 52.25  53.25  12.112 0.000  11.457 0.000
 55.25  56.25   8.383 0.000   6.546 0.000
 58.25  59.25   6.163 0.000   4.790 0.000
 61.25  62.25  10.553 0.000   8.217 0.000
 64.25  65.25  16.381 0.000  13.658 0.000
 67.25  68.25  13.757 0.000  11.322 0.000
 70.25  71.25   7.134 0.000   3.620 0.000
 73.25  74.25   6.481 0.000   5.108 0.000
 76.25  77.25  11.328 0.000   8.102 0.000
 79.25  80.25  12.530 0.000  11.556 0.000
 82.25  83.25  14.799 0.000  12.174 0.000
 85.25  86.25   8.269 0.000   6.769 0.000
 88.25  89.25  10.845 0.000   7.301 0.000
 91.25  92.25  28.035 0.000  21.872 0.000
 94.25  95.25  18.927 0.000  12.622 0.000
 97.25  98.25  12.361 0.000   4.421 0.000
100.25 101.25  15.400 0.000  10.700 0.000
103.25 104.25  28.707 0.000  16.162 0.000
106.25 107.25  12.951 0.000   5.424 0.000
109.25 110.25  19.564 0.000  10.018 0.000
112.25 113.25  30.771 0.000  13.261 0.000
115.25 116.25  14.248 0.000   6.128 0.000
118.25 119.25  23.614 0.000   8.952 0.000
121.25 122.25  11.033 0.000   5.886 0.000
124.25 125.25  31.501 0.000   9.855 0.000
127.25 128.25  13.183 0.000   3.661 0.000
130.25 131.25  23.801 0.000  13.615 0.000
133.25 134.25  24.714 0.000  14.824 0.000
136.25 137.25  14.972 0.000   7.814 0.000
139.25 140.25  16.344 0.000  10.753 0.000
142.25 143.25  15.469 0.000  10.802 0.000
145.25 146.25  18.742 0.000  12.354 0.000
148.25 149.25  18.230 0.000  12.291 0.000
151.25 152.25  16.495 0.000  10.395 0.000
154.25 155.25  17.071 0.000  11.023 0.000
157.25 158.25  12.220 0.000   6.338 0.000
160.25 161.25  16.517 0.000   9.528 0.000
163.25 164.25  16.201 0.000  11.301 0.000
166.25 167.25  18.265 0.000  12.579 0.000
169.25 170.25  12.012 0.000   7.464 0.000
172.25 173.25  21.611 0.000  17.884 0.000
175.25 176.25  22.968 0.000  15.037 0.000
178.25 179.25  16.732 0.000   7.887 0.000
181.25 182.25  16.536 0.000  10.817 0.000
184.25 185.25  25.559 0.000  21.661 0.000
187.25 188.25  18.721 0.000  11.024 0.000
190.25 191.25  15.098 0.000  10.853 0.000
193.25 194.25   9.283 0.000   5.376 0.000
196.25 197.25  21.334 0.000  13.570 0.000
199.25 200.25  12.806 0.000   6.982 0.000
202.25 203.25  21.304 0.000  10.158 0.000
205.25 206.25  19.133 0.000   9.811 0.000
208.25 209.25  11.817 0.000   6.496 0.000
211.25 212.25  21.174 0.000  11.628 0.000
214.25 215.25  19.079 0.000  13.372 0.000
217.25 218.25  25.589 0.000  15.667 0.000
220.25 221.25  37.230 0.000  17.205 0.000
223.25 224.25  18.626 0.000  11.933 0.000
226.25 227.25  17.873 0.000  12.730 0.000
229.25 230.25  10.770 0.000   6.618 0.000
232.25 233.25  12.915 0.000   8.304 0.000
235.25 236.25  23.608 0.000  17.000 0.000
238.25 239.25  16.659 0.000   8.462 0.000
241.25 242.25  15.252 0.000  10.404 0.000
244.25 245.25  17.209 0.000   8.827 0.000
247.25 248.25  11.232 0.000   4.664 0.000
250.25 251.25 999.999 0.999 999.999 0.999
253.25 254.25 999.999 0.999 999.999 0.999
256.25 257.25 999.999 0.999 999.999 0.999
259.25 260.25 999.999 0.999   9.464 0.000
262.25 263.25 999.999 0.999  13.904 0.000
265.25 266.25 999.999 0.999 999.999 0.999
268.25 269.25 999.999 0.999 999.999 0.999
271.25 272.25 999.999 0.999  13.237 0.000
274.25 275.25  16.890 0.000   5.450 0.000
277.25 278.25  17.017 0.000   5.979 0.000
280.25 281.25  31.140 0.000 999.999 0.456
283.25 284.25  25.400 0.000  15.255 0.000
286.25 287.25  17.693 0.000   5.263 0.000
289.25 290.25  19.535 0.000   8.640 0.000
292.25 293.25  21.135 0.000   7.345 0.000
295.25 296.25  18.541 0.000   9.973 0.000
298.25 299.25   7.769 0.000   3.804 0.000
301.25 302.25  10.561 0.000   6.420 0.000
304.25 305.25  16.624 0.000   9.923 0.000
307.25 308.25  11.872 0.000   4.157 0.000
310.25 311.25  11.397 0.000   7.829 0.000
313.25 314.25  20.668 0.000  17.355 0.000
316.25 317.25  14.944 0.000  11.819 0.000
319.25 320.25  11.964 0.000  11.829 0.000
322.25 323.25  20.178 0.000  18.888 0.000
325.25 326.25  10.699 0.000   6.524 0.000
328.25 329.25   6.441 0.000   3.673 0.000
331.25 332.25   8.793 0.000   7.150 0.000
334.25 335.25  11.677 0.000   6.013 0.000
337.25 338.25  15.864 0.000  11.203 0.000
340.25 341.25  13.329 0.000   9.883 0.000
343.25 344.25  15.977 0.000  11.325 0.000
346.25 347.25  10.379 0.000   5.364 0.000
349.25 350.25   9.508 0.000   8.112 0.000
352.25 353.25  16.356 0.000  15.734 0.000
355.25 356.25  18.072 0.000  14.903 0.000
358.25 359.25  10.756 0.000  10.546 0.000
361.25 362.25   6.454 0.000   5.549 0.000
364.25 365.25  13.725 0.000  10.495 0.000
