scripts/IMPROVE-2019_partial/data/US0040R.20030103060000.20191216000000.filterpack..pm25.1y.1w.US03L_filterpack_US0040.US03L_IMPROVE_Davis.lev2.nas
64 1001
MISSING INFORMATION
US03L, IMPROVE, , , , , , , 
MISSING INFORMATION
IMPROVE sel_HTAP
1 1
2003 01 01 2019 12 16
3.00
days from file reference point
25
1 1 1 1 1 1 1 1 1 1 1 1 1 1 1 1 1 1 1 1 1 1 1 1 1
999.99 9999.99 9.999 999.99 9.999 9.999 9.999 99.99 9.999 99.999 9.999 99.999 9.999 99.999 9.999 999.999 9.999 999.999 9.999 999.999 9.999 9.999 9.999 99.999 9.999
end_time of measurement, days from the file reference point
iron, ng/m3, Revision date=20181210133000
numflag iron, no unit, Revision date=20181210133000
lead, ng/m3, Revision date=20181210133000
numflag lead, no unit, Revision date=20181210133000
magnesium, ug/m3, Revision date=20181210133000
numflag magnesium, no unit, Revision date=20181210133000
nickel, ng/m3, Revision date=20181210133000
numflag nickel, no unit, Revision date=20181210133000
nitrate, ug N/m3, Revision date=20181210133000
numflag nitrate, no unit, Revision date=20181210133000
organic_carbon, ug C/m3, Revision date=20181210133000
numflag organic_carbon, no unit, Revision date=20181210133000
organic_mass, ug/m3, Revision date=20181210133000
numflag organic_mass, no unit, Revision date=20181210133000
pm10_mass, ug/m3, Version=2, Version description=Data extracted from http://views.cira.colostate.edu/fed/DataWizard 2019-12-16, Sample duration=1d, Orig. time res.=3d, Matrix=pm10, Blank correction=Blank corrected, Volume std. temperature=ambient, Volume std. pressure=ambient
numflag pm10_mass, no unit, Version=2, Version description=Data extracted from http://views.cira.colostate.edu/fed/DataWizard 2019-12-16, Sample duration=1d, Orig. time res.=3d, Matrix=pm10, Blank correction=Blank corrected, Volume std. temperature=ambient, Volume std. pressure=ambient
pm10_pm25_mass, ug/m3, Revision date=20181210133000, Matrix=pm10_pm25
numflag pm10_pm25_mass, no unit, Revision date=20181210133000, Matrix=pm10_pm25
pm25_mass, ug/m3, Version=2, Version description=Data extracted from http://views.cira.colostate.edu/fed/DataWizard 2019-12-16, Sample duration=1d, Orig. time res.=3d, Blank correction=Blank corrected, Volume std. temperature=ambient, Volume std. pressure=ambient
numflag pm25_mass, no unit, Version=2, Version description=Data extracted from http://views.cira.colostate.edu/fed/DataWizard 2019-12-16, Sample duration=1d, Orig. time res.=3d, Blank correction=Blank corrected, Volume std. temperature=ambient, Volume std. pressure=ambient
potassium, ug/m3, Revision date=20181210133000
numflag potassium, no unit, Revision date=20181210133000
sulphate_total, ug S/m3, Revision date=20181210133000
numflag sulphate_total, no unit, Revision date=20181210133000
0
25
Data definition:              EBAS_1.1
Set type code:                TU
Timezone:                     UTC
File name:                    US0040R.20030103060000.20191216000000.filterpack..pm25.1y.1w.US03L_filterpack_US0040.US03L_IMPROVE_Davis.lev2.nas
File creation:                20191218115754
Startdate:                    20030103060000
Revision date:                20191216000000
Statistics:                   arithmetic mean
Data level:                   2
Period code:                  1y
Resolution code:              1w
Station code:                 US0040R
Platform code:                US0040S
Station name:                 Cadiz
Station latitude:             36.7842
Station longitude:            -87.8501
Station altitude:             191.0 m
Regime:                       IMG
Component:                    
Matrix:                       pm25
Laboratory code:              US03L
Instrument type:              filterpack
Instrument name:              filterpack_US0040
Method ref:                   US03L_IMPROVE_Davis
starttime endtime Fe flag_Fe Pb flag_Pb Mg++ flag_Mg++ Ni flag_Ni NO3- flag_NO3- OC flag_OC OM flag_OM PM10 flag_PM10 PM10-PM2.5 flag_PM10-PM2.5 PM2.5 flag_PM2.5 K+ flag_K+ SO4-- flag_SO4--
[from data line 94]
284.25 285.25 9999.99 0.999 999.99 0.999 9.999 0.999 99.99 0.999 99.999 0.999 99.999 0.999 99.999 0.999 999.999 0.999 999.999 0.999 999.999 0.999 9.999 0.999 99.999 0.999
287.25 288.25   16.16 0.000   1.37 0.000 9.999 0.259  0.09 0.000  0.037 0.000  1.206 0.000  1.689 0.000 999.999 0.999 999.999 0.999   4.740 0.000 0.045 0.000  0.309 0.000
290.25 291.25   16.75 0.000   2.24 0.000 9.999 0.259 99.99 0.259  0.182 0.000  1.899 0.000  2.658 0.000 999.999 0.999 999.999 0.999   9.137 0.000 0.030 0.000  0.985 0.000
293.25 294.25   52.86 0.000   2.53 0.000 9.999 0.259 99.99 0.259  0.052 0.000  3.455 0.000  4.836 0.000 999.999 0.999 999.999 0.999  11.871 0.000 0.105 0.000  0.804 0.000
296.25 297.25   36.25 0.000   2.66 0.000 9.999 0.259  0.09 0.000  0.266 0.000  2.571 0.000  3.599 0.000 999.999 0.999 999.999 0.999  12.298 0.000 0.069 0.000  1.245 0.000
299.25 300.25   10.24 0.000   1.39 0.000 9.999 0.259 99.99 0.259  0.219 0.000  1.374 0.000  1.924 0.000 999.999 0.999 999.999 0.999   5.665 0.000 0.020 0.000  0.524 0.000
302.25 303.25   22.63 0.000   0.89 0.000 0.044 0.000  0.20 0.000  0.049 0.000  3.184 0.000  4.458 0.000  16.544 0.000   6.602 0.000   9.943 0.000 0.089 0.000  0.797 0.000
305.25 306.25   15.63 0.000   1.53 0.000 9.999 0.259  0.12 0.000  0.093 0.000  3.494 0.000  4.892 0.000  20.588 0.000   8.701 0.000  11.887 0.000 0.118 0.000  1.106 0.000
308.25 309.25   17.40 0.000   1.22 0.000 9.999 0.259  0.23 0.000  0.182 0.000  2.143 0.000  3.000 0.000  16.478 0.000   7.523 0.000   8.955 0.000 0.043 0.000  1.017 0.000
311.25 312.25   35.57 0.000   4.77 0.000 9.999 0.259  0.05 0.000  0.642 0.000  2.151 0.000  3.012 0.000  13.806 0.000   3.789 0.000  10.017 0.000 0.053 0.000  0.728 0.000
314.25 315.25   21.63 0.000   1.85 0.000 0.038 0.000  0.30 0.000  0.063 0.000  3.521 0.000  4.930 0.000  17.585 0.000   3.146 0.000  14.439 0.000 0.062 0.000  1.533 0.000
317.25 318.25    8.27 0.000   1.01 0.000 0.072 0.000  0.15 0.000  0.269 0.000  1.692 0.000  2.369 0.000 999.999 0.456 999.999 0.999   4.943 0.000 0.030 0.000  0.310 0.000
320.25 321.25   14.46 0.000   1.47 0.000 0.061 0.000  0.24 0.000  0.185 0.000  2.196 0.000  3.074 0.000  11.683 0.000   2.150 0.000   9.533 0.000 0.044 0.000  1.121 0.000
323.25 324.25   23.70 0.000   1.35 0.000 9.999 0.259  0.17 0.000  0.024 0.000  1.280 0.000  1.792 0.000   6.780 0.000   3.670 0.000   3.110 0.000 0.026 0.000  0.114 0.000
326.25 327.25   22.04 0.000   0.46 0.000 9.999 0.259 99.99 0.259  0.031 0.000  1.344 0.000  1.882 0.000   8.670 0.000   2.822 0.000   5.848 0.000 0.041 0.000  0.715 0.000
329.25 330.25   23.67 0.000   1.71 0.000 0.031 0.000  0.10 0.000  0.063 0.000  1.868 0.000  2.615 0.000   9.011 0.000   2.704 0.000   6.308 0.000 0.052 0.000  0.482 0.000
332.25 333.25    9.31 0.000   0.69 0.000 0.066 0.000 99.99 0.259  0.333 0.000  0.838 0.000  1.172 0.000   7.234 0.000   2.123 0.000   5.111 0.000 0.028 0.000  0.534 0.000
335.25 336.25   43.56 0.000   1.01 0.000 9.999 0.259  0.44 0.000  0.119 0.000  1.242 0.000  1.738 0.000   8.138 0.000   4.447 0.000   3.691 0.000 0.034 0.000  0.215 0.000
338.25 339.25   20.48 0.000   2.66 0.000 9.999 0.259  0.09 0.000  0.436 0.000  1.157 0.000  1.620 0.000  10.146 0.000   1.595 0.000   8.552 0.000 0.030 0.000  0.893 0.000
341.25 342.25   24.76 0.000   2.24 0.000 9.999 0.259 99.99 0.259  0.097 0.000  1.470 0.000  2.058 0.000   9.944 0.000   1.544 0.000   8.400 0.000 0.059 0.000  1.177 0.000
344.25 345.25   21.34 0.000   2.29 0.000 9.999 0.259 99.99 0.259  0.283 0.000  1.257 0.000  1.760 0.000   8.067 0.000   2.330 0.000   5.737 0.000 0.028 0.000  0.547 0.000
347.25 348.25   23.98 0.000   6.74 0.000 9.999 0.259  0.21 0.000  0.379 0.000  2.031 0.000  2.843 0.000  11.394 0.000   0.490 0.000  10.904 0.000 0.053 0.000  1.517 0.000
350.25 351.25   11.45 0.000   1.35 0.000 9.999 0.259 99.99 0.259  0.326 0.000  0.741 0.000  1.037 0.000   5.332 0.000   1.394 0.000   3.938 0.000 0.022 0.000  0.385 0.000
353.25 354.25   14.40 0.000   1.45 0.000 9.999 0.259 99.99 0.259  0.295 0.000  0.898 0.000  1.257 0.000   5.572 0.000   1.694 0.000   3.878 0.000 0.022 0.000  0.310 0.000
356.25 357.25    7.78 0.000   0.83 0.000 0.034 0.000  0.10 0.000  0.239 0.000  0.746 0.000  1.044 0.000   5.973 0.000   0.856 0.000   5.118 0.000 0.021 0.000  0.607 0.000
359.25 360.25   17.91 0.000   1.58 0.000 0.030 0.000 99.99 0.259  0.286 0.000  1.292 0.000  1.809 0.000   6.118 0.000   1.458 0.000   4.660 0.000 0.043 0.000  0.307 0.000
362.25 363.25   16.38 0.000   1.35 0.000 9.999 0.259  0.18 0.000  0.115 0.000  1.442 0.000  2.018 0.000   8.515 0.000   2.850 0.000   5.665 0.000 0.045 0.000  0.552 0.000
