scripts/IMPROVE-2019_partial/data/US0083R.20160101080000.20191216000000.filterpack...52w.3d.US03L_filterpack_US0083.US03L_IMPROVE_Davis.lev2.nas
51 1001
MISSING INFORMATION
US03L, IMPROVE, , , , , , , 
MISSING INFORMATION
IMPROVE sel_HTAP
1 1
2016 01 01 2019 12 16
3.000000
days from file reference point
4
1 1 1 1
999.999999 9999.999 999.999 9.999
end_time of measurement, days from the file reference point
pm10_mass, ug/m3, Matrix=pm10
pm25_mass, ug/m3, Matrix=pm25
numflag, no unit
0
33
Data definition:              EBAS_1.1
Set type code:                TU
Timezone:                     UTC
File name:                    US0083R.20160101080000.20191216000000.filterpack...52w.3d.US03L_filterpack_US0083.US03L_IMPROVE_Davis.lev2.nas
File creation:                20191218120104
Startdate:                    20160101080000
Revision date:                20191216000000
Version:                      2
Version description:          "Data extracted from http://views.cira.colostate.edu/fed/DataWizard 2019-12-16"
Statistics:                   arithmetic mean
Data level:                   2
Period code:                  52w
Resolution code:              3d
Sample duration:              1d
Orig. time res.:              3d
Station code:                 US0083R
Platform code:                US0083S
Station name:                 Columbia River Gorge
Station latitude:             45.6644
Station longitude:            -121.0008
Station altitude:             178.0 m
Regime:                       IMG
Component:                    
Unit:                         ug/m3
Matrix:                       
Laboratory code:              US03L
Instrument type:              filterpack
Instrument name:              filterpack_US0083
Method ref:                   US03L_IMPROVE_Davis
Blank correction:             Blank corrected
Volume std. temperature:      ambient
Volume std. pressure:         ambient
starttime endtime PM10 PM2.5 flag
  0.333333   1.333333    4.513   3.510 0.000
  3.333333   4.333333    7.763   7.145 0.000
  6.333333   7.333333    4.879   4.137 0.000
  9.333333  10.333333    3.688   2.949 0.000
 12.333333  13.333333    5.707   3.998 0.000
 15.333333  16.333333    4.206   3.357 0.000
 18.333333  19.333333    2.433   2.079 0.000
 21.333333  22.333333    4.607   2.589 0.000
 24.333333  25.333333    4.624   2.326 0.000
 27.333333  28.333333    8.979   7.076 0.000
 30.333333  31.333333    2.623   1.302 0.000
 33.333333  34.333333    5.183   3.895 0.000
 36.333333  37.333333    8.070   3.508 0.000
 39.333333  40.333333    9.950   4.548 0.000
 42.333333  43.333333   13.270   9.558 0.000
 45.333333  46.333333    2.021   0.931 0.000
 48.333333  49.333333    2.067   1.105 0.000
 51.333333  52.333333    4.839   3.088 0.000
 54.333333  55.333333    7.894   2.989 0.000
 57.333333  58.333333    5.473   3.943 0.000
 60.333333  61.333333    5.579   2.686 0.000
 63.333333  64.333333   10.432   4.003 0.000
 66.333333  67.333333    2.605   1.035 0.000
 69.333333  70.333333    4.244   2.100 0.000
 72.333333  73.333333    1.530   0.676 0.000
 75.333333  76.333333    4.279   1.747 0.000
 78.333333  79.333333    8.749   2.667 0.000
 81.333333  82.333333    9.332   1.148 0.000
 84.333333  85.333333    8.135   2.410 0.000
 87.333333  88.333333    6.745   1.661 0.000
 90.333333  91.333333   14.630   4.556 0.000
 93.333333  94.333333   15.103   5.089 0.000
 96.333333  97.333333   21.257   3.577 0.000
 99.333333 100.333333   42.111   8.070 0.000
102.333333 103.333333   17.741   2.645 0.000
105.333333 106.333333   33.309   3.544 0.000
108.333333 109.333333   14.210   4.762 0.000
111.333333 112.333333   28.644   4.694 0.000
114.333333 115.333333   30.002   3.140 0.000
117.333333 118.333333   41.389   6.082 0.000
120.333333 121.333333   14.160   2.724 0.000
123.333333 124.333333   23.771   4.967 0.000
126.333333 127.333333   39.643   5.109 0.000
129.333333 130.333333   34.765   5.804 0.000
132.333333 133.333333   28.340   5.068 0.000
135.333333 136.333333    8.057   0.822 0.000
138.333333 139.333333   59.748   7.694 0.000
141.333333 142.333333    9.463   2.103 0.000
144.333333 145.333333   30.640   4.895 0.000
147.333333 148.333333   28.868   3.856 0.000
150.333333 151.333333   12.050   3.092 0.000
153.333333 154.333333   28.608   2.630 0.000
156.333333 157.333333   24.799   5.629 0.000
159.333333 160.333333   64.394   9.587 0.000
162.333333 163.333333   20.510   3.739 0.000
165.333333 166.333333   18.322   1.577 0.000
168.333333 169.333333   38.422   3.330 0.000
171.333333 172.333333   22.423   3.320 0.000
174.333333 175.333333   21.267   1.635 0.000
177.333333 178.333333   24.777   3.284 0.000
180.333333 181.333333  125.315  15.399 0.000
183.333333 184.333333   28.187   4.892 0.000
186.333333 187.333333   27.512   3.326 0.000
189.333333 190.333333   34.491   2.659 0.000
192.333333 193.333333   16.522   2.139 0.000
195.333333 196.333333   42.379   5.934 0.000
198.333333 199.333333   18.526   3.712 0.000
201.333333 202.333333   34.752   4.448 0.000
204.333333 205.333333   18.051   3.153 0.000
207.333333 208.333333   47.499   7.370 0.000
210.333333 211.333333   50.331   9.370 0.000
213.333333 214.333333   36.093   5.447 0.000
216.333333 217.333333   52.463   4.752 0.000
219.333333 220.333333   29.070   3.272 0.000
222.333333 223.333333   18.590   2.761 0.000
225.333333 226.333333   28.767  13.480 0.000
228.333333 229.333333   29.491   5.658 0.000
231.333333 232.333333   64.326   8.486 0.000
234.333333 235.333333   30.684   4.647 0.000
237.333333 238.333333   31.691   4.964 0.000
240.333333 241.333333   13.044   1.697 0.000
243.333333 244.333333   46.846   5.687 0.000
246.333333 247.333333   17.428   2.806 0.000
249.333333 250.333333   21.544   2.061 0.000
252.333333 253.333333   28.809   3.687 0.000
255.333333 256.333333   30.489   3.422 0.000
258.333333 259.333333   34.536   5.693 0.000
261.333333 262.333333   13.181   1.652 0.000
264.333333 265.333333   21.730   2.844 0.000
267.333333 268.333333   12.414   2.536 0.000
270.333333 271.333333   22.090   3.239 0.000
273.333333 274.333333   34.493   7.580 0.000
276.333333 277.333333    9.791   1.894 0.000
279.333333 280.333333   16.489   2.206 0.000
282.333333 283.333333    3.047   0.711 0.000
285.333333 286.333333   14.659   3.545 0.000
288.333333 289.333333    4.962   0.929 0.000
291.333333 292.333333    7.266   2.641 0.000
294.333333 295.333333   16.716   8.981 0.000
297.333333 298.333333    9.553   5.687 0.000
300.333333 301.333333    4.558   1.930 0.000
303.333333 304.333333    7.619   5.441 0.000
306.333333 307.333333   12.563   7.372 0.000
309.333333 310.333333   13.842  10.389 0.000
312.333333 313.333333    8.544   4.008 0.000
315.333333 316.333333   15.638  11.925 0.000
318.333333 319.333333    5.425   3.466 0.000
321.333333 322.333333    3.277   1.610 0.000
324.333333 325.333333    7.678   5.615 0.000
327.333333 328.333333    3.083   1.064 0.000
330.333333 331.333333    4.656   2.816 0.000
333.333333 334.333333    3.908   1.581 0.000
336.333333 337.333333    4.817   1.979 0.000
339.333333 340.333333    2.885   1.384 0.000
342.333333 343.333333    5.411   3.567 0.000
345.333333 346.333333    4.247   3.311 0.000
348.333333 349.333333    5.627   3.733 0.000
351.333333 352.333333   18.172  10.707 0.000
354.333333 355.333333    9.444   4.760 0.000
357.333333 358.333333   11.506   9.709 0.000
360.333333 361.333333    7.114   4.630 0.000
363.333333 364.333333    6.744   2.839 0.000
