scripts/IMPROVE-2019_partial/data/US0049R.20100102060000.20191216000000.filterpack...52w.3d.US03L_filterpack_US0049.US03L_IMPROVE_Davis.lev2.nas
51 1001
MISSING INFORMATION
US03L, IMPROVE, , , , , , , 
MISSING INFORMATION
IMPROVE sel_HTAP
1 1
2010 01 01 2019 12 16
3.00
days from file reference point
4
1 1 1 1
999.99 999.999 999.999 9.999
end_time of measurement, days from the file reference point
pm10_mass, ug/m3, Matrix=pm10
pm25_mass, ug/m3, Matrix=pm25
numflag, no unit
0
33
Data definition:              EBAS_1.1
Set type code:                TU
Timezone:                     UTC
File name:                    US0049R.20100102060000.20191216000000.filterpack...52w.3d.US03L_filterpack_US0049.US03L_IMPROVE_Davis.lev2.nas
File creation:                20191218115823
Startdate:                    20100102060000
Revision date:                20191216000000
Version:                      2
Version description:          "Data extracted from http://views.cira.colostate.edu/fed/DataWizard 2019-12-16"
Statistics:                   arithmetic mean
Data level:                   2
Period code:                  52w
Resolution code:              3d
Sample duration:              1d
Orig. time res.:              3d
Station code:                 US0049R
Platform code:                US0049S
Station name:                 Great River Bluffs
Station latitude:             43.9373
Station longitude:            -91.4052
Station altitude:             370.0 m
Regime:                       IMG
Component:                    
Unit:                         ug/m3
Matrix:                       
Laboratory code:              US03L
Instrument type:              filterpack
Instrument name:              filterpack_US0049
Method ref:                   US03L_IMPROVE_Davis
Blank correction:             Blank corrected
Volume std. temperature:      ambient
Volume std. pressure:         ambient
starttime endtime PM10 PM2.5 flag
  1.25   2.25   6.211   4.522 0.000
  4.25   5.25  11.910   8.892 0.000
  7.25   8.25   3.992   3.088 0.000
 10.25  11.25  12.907  10.721 0.000
 13.25  14.25  24.532  21.323 0.000
 16.25  17.25  16.033  12.954 0.000
 19.25  20.25   8.116   6.685 0.000
 22.25  23.25  10.238   8.652 0.000
 25.25  26.25   5.498   4.413 0.000
 28.25  29.25  16.217  11.241 0.000
 31.25  32.25  15.304  12.274 0.000
 34.25  35.25  36.900  32.105 0.000
 37.25  38.25   6.735   5.323 0.000
 40.25  41.25   4.100   3.371 0.000
 43.25  44.25  20.086  16.595 0.000
 46.25  47.25   1.855   0.835 0.000
 49.25  50.25  23.640  18.877 0.000
 52.25  53.25  13.324  11.220 0.000
 55.25  56.25   4.290   3.769 0.000
 58.25  59.25   1.953   1.215 0.000
 61.25  62.25   8.970   6.646 0.000
 64.25  65.25  18.647  14.178 0.000
 67.25  68.25  20.539  18.893 0.000
 70.25  71.25   5.025   3.630 0.000
 73.25  74.25   9.768   7.694 0.000
 76.25  77.25   8.046   4.645 0.000
 79.25  80.25   5.455   3.269 0.000
 82.25  83.25  10.701   5.742 0.000
 85.25  86.25   8.992   7.301 0.000
 88.25  89.25  25.920   5.661 0.000
 91.25  92.25  22.510   9.485 0.000
 94.25  95.25   6.532   2.723 0.000
 97.25  98.25   2.756   1.405 0.000
100.25 101.25  11.305   4.776 0.000
103.25 104.25  25.184  11.087 0.000
106.25 107.25   7.082   2.277 0.000
109.25 110.25  21.207   6.662 0.000
112.25 113.25  23.531   8.183 0.000
115.25 116.25   6.606   3.487 0.000
118.25 119.25  20.741   8.595 0.000
121.25 122.25   7.633   2.656 0.000
124.25 125.25  14.171   1.876 0.000
127.25 128.25   3.525   1.861 0.000
130.25 131.25   4.064   2.395 0.000
133.25 134.25   8.529   3.209 0.000
136.25 137.25   7.105   3.417 0.000
139.25 140.25  13.289   6.494 0.000
142.25 143.25  15.752   9.711 0.000
145.25 146.25   7.851   2.949 0.000
148.25 149.25  11.956   7.310 0.000
151.25 152.25   8.088   2.534 0.000
154.25 155.25   9.384   4.571 0.000
157.25 158.25   5.275   2.124 0.000
160.25 161.25 999.999 999.999 0.999
163.25 164.25 999.999 999.999 0.999
166.25 167.25   7.040   3.601 0.000
169.25 170.25 999.999 999.999 0.999
172.25 173.25 999.999 999.999 0.999
175.25 176.25  20.216  10.945 0.000
178.25 179.25   6.838   2.870 0.000
181.25 182.25  19.332   6.802 0.000
184.25 185.25  11.552   6.229 0.000
187.25 188.25   6.014   3.613 0.000
190.25 191.25  15.404  10.640 0.000
193.25 194.25   8.999   5.530 0.000
196.25 197.25  15.610   6.144 0.000
199.25 200.25  10.738   6.017 0.000
202.25 203.25   7.631   3.873 0.000
205.25 206.25   6.274   3.315 0.000
208.25 209.25   9.918   4.383 0.000
211.25 212.25  12.790   9.480 0.000
214.25 215.25  15.433  10.509 0.000
217.25 218.25  24.786  10.073 0.000
220.25 221.25   9.862   4.537 0.000
223.25 224.25  12.024   6.820 0.000
226.25 227.25   9.844   2.801 0.000
229.25 230.25  14.850   6.528 0.000
232.25 233.25  13.698   8.420 0.000
235.25 236.25  16.614   7.839 0.000
238.25 239.25  29.642   7.356 0.000
241.25 242.25  14.885   7.960 0.000
244.25 245.25   9.802   2.839 0.000
247.25 248.25   9.862   3.678 0.000
250.25 251.25   4.006   1.803 0.000
253.25 254.25   8.437   3.556 0.000
256.25 257.25   5.260   1.969 0.000
259.25 260.25  11.628   3.869 0.000
262.25 263.25  13.008   6.942 0.000
265.25 266.25   8.702   4.677 0.000
268.25 269.25   4.735   2.281 0.000
271.25 272.25  12.092   3.289 0.000
274.25 275.25   3.344   0.989 0.000
277.25 278.25  27.772   4.847 0.000
280.25 281.25  58.827   9.712 0.000
283.25 284.25  37.828   9.889 0.000
286.25 287.25  25.870   4.048 0.000
289.25 290.25  11.360   3.208 0.000
292.25 293.25  38.898   5.719 0.000
295.25 296.25  25.573   9.611 0.000
298.25 299.25   8.000   3.859 0.000
301.25 302.25  10.422   2.809 0.000
304.25 305.25   5.215   3.655 0.000
307.25 308.25   4.094   2.054 0.000
310.25 311.25  30.411   5.997 0.000
313.25 314.25  20.454  11.698 0.000
316.25 317.25   3.796   2.833 0.000
319.25 320.25  15.001  12.757 0.000
322.25 323.25  14.039  10.296 0.000
325.25 326.25   5.501   4.471 0.000
328.25 329.25   8.690   6.681 0.000
331.25 332.25  10.296   6.755 0.000
334.25 335.25  10.540   5.167 0.000
337.25 338.25   6.571   5.501 0.000
340.25 341.25   7.179   4.777 0.000
343.25 344.25  15.936  12.697 0.000
346.25 347.25   5.208   4.114 0.000
349.25 350.25  14.424  11.339 0.000
352.25 353.25  12.644  10.160 0.000
355.25 356.25   6.916   5.942 0.000
358.25 359.25   3.996   3.314 0.000
361.25 362.25  19.685  15.695 0.000
364.25 365.25   6.995   5.354 0.000
