scripts/IMPROVE-2019_partial/data/US0052R.20030103060000.20191216000000.filterpack..pm25.1y.1w.US03L_filterpack_US0052.US03L_IMPROVE_Davis.lev2.nas
64 1001
MISSING INFORMATION
US03L, IMPROVE, , , , , , , 
MISSING INFORMATION
IMPROVE sel_HTAP
1 1
2003 01 01 2019 12 16
3.00
days from file reference point
25
1 1 1 1 1 1 1 1 1 1 1 1 1 1 1 1 1 1 1 1 1 1 1 1 1
999.99 9999.99 9.999 99.99 9.999 9.999 9.999999 9.99 9.999999 99.999 9.999 999.999 9.999 999.999 9.999 999.999 9.999 999.999 9.999 999.999 9.999 9.999 9.999 99.999 9.999
end_time of measurement, days from the file reference point
iron, ng/m3, Revision date=20181210133000
numflag iron, no unit, Revision date=20181210133000
lead, ng/m3, Revision date=20181210133000
numflag lead, no unit, Revision date=20181210133000
magnesium, ug/m3, Revision date=20181210133000
numflag magnesium, no unit, Revision date=20181210133000
nickel, ng/m3, Revision date=20181210133000
numflag nickel, no unit, Revision date=20181210133000
nitrate, ug N/m3, Revision date=20181210133000
numflag nitrate, no unit, Revision date=20181210133000
organic_carbon, ug C/m3, Revision date=20181210133000
numflag organic_carbon, no unit, Revision date=20181210133000
organic_mass, ug/m3, Revision date=20181210133000
numflag organic_mass, no unit, Revision date=20181210133000
pm10_mass, ug/m3, Version=2, Version description=Data extracted from http://views.cira.colostate.edu/fed/DataWizard 2019-12-16, Sample duration=1d, Orig. time res.=3d, Matrix=pm10, Blank correction=Blank corrected, Volume std. temperature=ambient, Volume std. pressure=ambient
numflag pm10_mass, no unit, Version=2, Version description=Data extracted from http://views.cira.colostate.edu/fed/DataWizard 2019-12-16, Sample duration=1d, Orig. time res.=3d, Matrix=pm10, Blank correction=Blank corrected, Volume std. temperature=ambient, Volume std. pressure=ambient
pm10_pm25_mass, ug/m3, Revision date=20181210133000, Matrix=pm10_pm25
numflag pm10_pm25_mass, no unit, Revision date=20181210133000, Matrix=pm10_pm25
pm25_mass, ug/m3, Version=2, Version description=Data extracted from http://views.cira.colostate.edu/fed/DataWizard 2019-12-16, Sample duration=1d, Orig. time res.=3d, Blank correction=Blank corrected, Volume std. temperature=ambient, Volume std. pressure=ambient
numflag pm25_mass, no unit, Version=2, Version description=Data extracted from http://views.cira.colostate.edu/fed/DataWizard 2019-12-16, Sample duration=1d, Orig. time res.=3d, Blank correction=Blank corrected, Volume std. temperature=ambient, Volume std. pressure=ambient
potassium, ug/m3, Revision date=20181210133000
numflag potassium, no unit, Revision date=20181210133000
sulphate_total, ug S/m3, Revision date=20181210133000
numflag sulphate_total, no unit, Revision date=20181210133000
0
25
Data definition:              EBAS_1.1
Set type code:                TU
Timezone:                     UTC
File name:                    US0052R.20030103060000.20191216000000.filterpack..pm25.1y.1w.US03L_filterpack_US0052.US03L_IMPROVE_Davis.lev2.nas
File creation:                20191218115834
Startdate:                    20030103060000
Revision date:                20191216000000
Statistics:                   arithmetic mean
Data level:                   2
Period code:                  1y
Resolution code:              1w
Station code:                 US0052R
Platform code:                US0052S
Station name:                 Hercules-Glades
Station latitude:             36.6138
Station longitude:            -92.9221
Station altitude:             404.0 m
Regime:                       IMG
Component:                    
Matrix:                       pm25
Laboratory code:              US03L
Instrument type:              filterpack
Instrument name:              filterpack_US0052
Method ref:                   US03L_IMPROVE_Davis
starttime endtime Fe flag_Fe Pb flag_Pb Mg++ flag_Mg++ Ni flag_Ni NO3- flag_NO3- OC flag_OC OM flag_OM PM10 flag_PM10 PM10-PM2.5 flag_PM10-PM2.5 PM2.5 flag_PM2.5 K+ flag_K+ SO4-- flag_SO4--
[from data line 91]
275.25 276.25   30.58 0.000  2.02 0.000 9.999 0.259000 9.99 0.259000  0.178 0.000   4.503 0.000   6.304 0.000  17.793 0.000   5.424 0.000  12.369 0.000 0.147 0.000  0.627 0.000
278.25 279.25   37.37 0.000  2.27 0.000 9.999 0.259000 0.08 0.000000  0.200 0.000   3.813 0.000   5.338 0.000  19.894 0.000   5.322 0.000  14.572 0.000 0.127 0.000  1.460 0.000
281.25 282.25   18.47 0.000  1.70 0.000 9.999 0.259000 0.18 0.000000  0.071 0.000   2.920 0.000   4.088 0.000  16.667 0.000   1.650 0.000  15.017 0.000 0.072 0.000  1.829 0.000
284.25 285.25   11.61 0.000  0.39 0.000 9.999 0.259000 9.99 0.259000  0.022 0.000   0.716 0.000   1.003 0.000   6.781 0.000   4.062 0.000   2.719 0.000 0.038 0.000  0.161 0.000
287.25 288.25   15.54 0.000  1.38 0.000 0.024 0.000000 9.99 0.259000  0.018 0.000   0.652 0.000   0.913 0.000   8.244 0.000   6.125 0.000   2.119 0.000 0.020 0.000  0.062 0.000
290.25 291.25   14.16 0.000  1.40 0.000 9.999 0.259000 0.08 0.000000  0.034 0.000   0.918 0.000   1.285 0.000   7.269 0.000   3.871 0.000   3.398 0.000 0.034 0.000  0.224 0.000
293.25 294.25   44.88 0.000  1.52 0.000 0.031 0.000000 9.99 0.259000  0.043 0.000   1.889 0.000   2.644 0.000  17.277 0.000  10.080 0.000   7.197 0.000 0.053 0.000  0.506 0.000
296.25 297.25   70.77 0.000  2.43 0.000 9.999 0.259000 9.99 0.259000  0.080 0.000   3.772 0.000   5.281 0.000  25.422 0.000  13.173 0.000  12.250 0.000 0.119 0.000  0.754 0.000
299.25 300.25   13.47 0.000  0.81 0.000 9.999 0.259000 9.99 0.259000  0.091 0.000   0.786 0.000   1.100 0.000   7.843 0.000   4.681 0.000   3.162 0.000 0.023 0.000  0.295 0.000
302.25 303.25   21.44 0.000  1.07 0.000 9.999 0.259000 0.30 0.000000  0.051 0.000   1.593 0.000   2.230 0.000  13.077 0.000   5.453 0.000   7.624 0.000 0.037 0.000  0.829 0.000
305.25 306.25   18.48 0.000  0.79 0.000 0.032 0.000000 0.35 0.000000  0.088 0.000   2.184 0.000   3.057 0.000  17.341 0.000   4.982 0.000  12.359 0.000 0.059 0.000  1.556 0.000
308.25 309.25    4.65 0.000  0.30 0.000 9.999 0.259000 9.99 0.259000  0.255 0.000   0.621 0.000   0.870 0.000   3.717 0.000   1.315 0.000   2.403 0.000 0.013 0.000  0.276 0.000
311.25 312.25   24.50 0.000  8.82 0.000 9.999 0.259000 0.11 0.000000  0.371 0.000   1.676 0.000   2.346 0.000   8.711 0.000   2.441 0.000   6.271 0.000 0.042 0.000  0.577 0.000
314.25 315.25   26.00 0.000  2.49 0.000 9.999 0.259000 0.17 0.000000  0.127 0.000   3.150 0.000   4.410 0.000  17.049 0.000   2.793 0.000  14.255 0.000 0.073 0.000  1.689 0.000
317.25 318.25   10.80 0.000  0.95 0.000 9.999 0.259000 9.99 0.259000  0.139 0.000   1.709 0.000   2.392 0.000   5.753 0.000   1.604 0.000   4.149 0.000 0.059 0.000  0.146 0.000
320.25 321.25    4.22 0.000  0.75 0.000 0.039 0.000000 0.18 0.000000  0.091 0.000   0.916 0.000   1.282 0.000   5.188 0.000   1.199 0.000   3.989 0.000 0.029 0.000  0.384 0.000
323.25 324.25   21.59 0.000  1.13 0.000 9.999 0.259000 0.09 0.000000  0.030 0.000   0.923 0.000   1.292 0.000   7.310 0.000   4.237 0.000   3.073 0.000 0.037 0.000  0.135 0.000
326.25 327.25    7.93 0.000  0.63 0.000 0.040 0.000000 0.24 0.000000  0.230 0.000   0.946 0.000   1.324 0.000   7.921 0.000   3.543 0.000   4.379 0.000 0.023 0.000  0.471 0.000
329.25 330.25   20.78 0.000  1.36 0.000 0.041 0.000000 0.16 0.000000  0.137 0.000   3.296 0.000   4.615 0.000  15.855 0.000   5.377 0.000  10.478 0.000 0.082 0.000  0.808 0.000
332.25 333.25   12.83 0.000  0.81 0.000 9.999 0.259000 9.99 0.259000  0.066 0.000   0.854 0.000   1.195 0.000   6.695 0.000   4.309 0.000   2.386 0.000 0.033 0.000  0.116 0.000
335.25 336.25   20.43 0.000  2.12 0.000 9.999 0.259000 0.21 0.000000  0.097 0.000   1.255 0.000   1.757 0.000   9.019 0.000   5.545 0.000   3.474 0.000 0.038 0.000  0.115 0.000
338.25 339.25   14.91 0.000  1.37 0.000 9.999 0.259000 9.99 0.259000  0.575 0.000   0.726 0.000   1.016 0.000  10.960 0.000   2.416 0.000   8.545 0.000 0.024 0.000  1.119 0.000
341.25 342.25   21.59 0.000  1.66 0.000 9.999 0.259000 0.34 0.000000  0.285 0.000   3.183 0.000   4.456 0.000  16.106 0.000   2.094 0.000  14.012 0.000 0.089 0.000  1.803 0.000
344.25 345.25   13.09 0.000  0.97 0.000 9.999 0.259000 9.99 0.259000  0.318 0.000   1.165 0.000   1.631 0.000   5.303 0.000   1.496 0.000   3.807 0.000 0.030 0.000  0.210 0.000
347.25 348.25    8.98 0.000  1.21 0.000 9.999 0.259000 9.99 0.259000  0.644 0.000   1.689 0.000   2.365 0.000  12.508 0.000   1.587 0.000  10.921 0.000 0.031 0.000  1.320 0.000
350.25 351.25   13.80 0.000  1.08 0.000 9.999 0.259000 0.08 0.000000  0.237 0.000   0.840 0.000   1.176 0.000   5.397 0.000   2.758 0.000   2.638 0.000 0.024 0.000  0.161 0.000
353.25 354.25   26.01 0.000  1.38 0.000 9.999 0.259000 9.99 0.259000  0.260 0.000   1.351 0.000   1.891 0.000   6.903 0.000   3.082 0.000   3.821 0.000 0.047 0.000  0.105 0.000
356.25 357.25   14.03 0.000  0.92 0.000 0.032 0.000000 0.10 0.000000  0.315 0.000   0.624 0.000   0.874 0.000   5.169 0.000   1.982 0.000   3.187 0.000 0.016 0.000  0.321 0.000
359.25 360.25    9.62 0.000  1.52 0.000 9.999 0.259000 9.99 0.259000  0.181 0.000   1.502 0.000   2.103 0.000   5.773 0.000   1.042 0.000   4.731 0.000 0.042 0.000  0.336 0.000
362.25 363.25   21.36 0.000  1.30 0.000 9.999 0.259000 9.99 0.259000  0.105 0.000   0.908 0.000   1.271 0.000   5.780 0.000   2.843 0.000   2.937 0.000 0.032 0.000  0.183 0.000
