scripts/IMPROVE-2019_partial/data/US0018U.20150103080000.20191216000000.filterpack...1y.3d.US03L_filterpack_US0018.US03L_IMPROVE_Davis.lev2.nas
51 1001
MISSING INFORMATION
US03L, IMPROVE, , , , , , , 
MISSING INFORMATION
IMPROVE sel_HTAP
1 1
2015 01 01 2019 12 16
3.000000
days from file reference point
4
1 1 1 1
999.999999 9999.999 999.999 9.999
end_time of measurement, days from the file reference point
pm10_mass, ug/m3, Matrix=pm10
pm25_mass, ug/m3, Matrix=pm25
numflag, no unit
0
33
Data definition:              EBAS_1.1
Set type code:                TU
Timezone:                     UTC
File name:                    US0018U.20150103080000.20191216000000.filterpack...1y.3d.US03L_filterpack_US0018.US03L_IMPROVE_Davis.lev2.nas
File creation:                20191218115634
Startdate:                    20150103080000
Revision date:                20191216000000
Version:                      2
Version description:          "Data extracted from http://views.cira.colostate.edu/fed/DataWizard 2019-12-16"
Statistics:                   arithmetic mean
Data level:                   2
Period code:                  1y
Resolution code:              3d
Sample duration:              1d
Orig. time res.:              3d
Station code:                 US0018U
Platform code:                US0018S
Station name:                 Fresno
Station latitude:             36.7818
Station longitude:            -119.7732
Station altitude:             100.0 m
Regime:                       IMG
Component:                    
Unit:                         ug/m3
Matrix:                       
Laboratory code:              US03L
Instrument type:              filterpack
Instrument name:              filterpack_US0018
Method ref:                   US03L_IMPROVE_Davis
Blank correction:             Blank corrected
Volume std. temperature:      ambient
Volume std. pressure:         ambient
starttime endtime PM10 PM2.5 flag
  2.333333   3.333333   47.248  32.947 0.000
  5.333333   6.333333   69.444  49.322 0.000
  8.333333   9.333333   88.892  69.611 0.000
 11.333333  12.333333   71.034  63.071 0.000
 14.333333  15.333333   30.085  26.901 0.000
 17.333333  18.333333   37.525  34.408 0.000
 20.333333  21.333333   15.686  12.301 0.000
 23.333333  24.333333   38.442  33.747 0.000
 26.333333  27.333333   23.091  16.981 0.000
 29.333333  30.333333   48.447  38.630 0.000
 32.333333  33.333333   46.618  34.478 0.000
 35.333333  36.333333   22.426   7.822 0.000
 38.333333  39.333333    8.059   3.834 0.000
 41.333333  42.333333   31.289  19.765 0.000
 44.333333  45.333333   31.124  20.416 0.000
 47.333333  48.333333   29.900  18.930 0.000
 50.333333  51.333333   20.352  15.816 0.000
 53.333333  54.333333    8.232   4.635 0.000
 56.333333  57.333333   33.730  19.030 0.000
 59.333333  60.333333   10.379   6.179 0.000
 62.333333  63.333333   23.229  10.932 0.000
 65.333333  66.333333   32.024  14.876 0.000
 68.333333  69.333333   34.838  10.059 0.000
 71.333333  72.333333   38.460  13.670 0.000
 74.333333  75.333333   21.867   4.864 0.000
 77.333333  78.333333   31.073   7.937 0.000
 80.333333  81.333333   23.896   4.528 0.000
 83.333333  84.333333   29.177   5.681 0.000
 86.333333  87.333333   26.149   5.393 0.000
 89.333333  90.333333   37.947   5.810 0.000
 92.333333  93.333333   38.374   7.045 0.000
 95.333333  96.333333   14.418   3.175 0.000
 98.333333  99.333333   19.376   8.535 0.000
101.333333 102.333333   15.679   5.683 0.000
104.333333 105.333333   23.354   5.054 0.000
107.333333 108.333333   30.409   9.176 0.000
110.333333 111.333333   27.829   7.363 0.000
113.333333 114.333333   29.362   6.785 0.000
116.333333 117.333333   22.506   9.869 0.000
119.333333 120.333333   30.939  10.418 0.000
122.333333 123.333333   26.564   7.143 0.000
125.333333 126.333333   31.555   8.435 0.000
128.333333 129.333333 9999.999 999.999 0.999
131.333333 132.333333 9999.999 999.999 0.999
134.333333 135.333333   13.217   4.402 0.000
137.333333 138.333333   18.951   4.602 0.000
140.333333 141.333333   19.965   5.801 0.000
143.333333 144.333333   21.042   7.343 0.000
146.333333 147.333333   27.334   5.591 0.000
149.333333 150.333333   28.074   8.072 0.000
152.333333 153.333333   18.291   3.191 0.000
155.333333 156.333333   37.193   7.925 0.000
158.333333 159.333333   30.534   8.658 0.000
161.333333 162.333333   24.796   8.331 0.000
164.333333 165.333333   29.868  11.665 0.000
167.333333 168.333333   40.015  10.948 0.000
170.333333 171.333333   26.986   6.448 0.000
173.333333 174.333333   28.312   6.143 0.000
176.333333 177.333333   56.313  13.955 0.000
179.333333 180.333333   32.599   6.464 0.000
182.333333 183.333333 9999.999 999.999 0.999
185.333333 186.333333   24.510   7.042 0.000
188.333333 189.333333   35.385   6.354 0.000
191.333333 192.333333   20.342   4.950 0.000
194.333333 195.333333   28.202   5.111 0.000
197.333333 198.333333   38.333   8.881 0.000
200.333333 201.333333   24.265   8.073 0.000
203.333333 204.333333   32.183   7.335 0.000
206.333333 207.333333   20.957   4.677 0.000
209.333333 210.333333 9999.999 999.999 0.999
212.333333 213.333333   33.309   7.666 0.000
215.333333 216.333333   42.394   6.891 0.000
218.333333 219.333333   53.542  12.005 0.000
221.333333 222.333333   38.175   5.020 0.000
224.333333 225.333333   56.370   7.798 0.000
227.333333 228.333333   49.355  18.858 0.000
230.333333 231.333333   66.599  16.494 0.000
233.333333 234.333333   46.402  11.288 0.000
236.333333 237.333333   42.101   9.639 0.000
239.333333 240.333333   66.169  10.027 0.000
242.333333 243.333333   47.145   7.056 0.000
245.333333 246.333333   44.700   6.728 0.000
248.333333 249.333333   48.252   9.380 0.000
251.333333 252.333333  104.832  27.794 0.000
254.333333 255.333333   94.632  16.979 0.000
257.333333 258.333333   46.597   8.495 0.000
260.333333 261.333333   56.734   8.488 0.000
263.333333 264.333333   56.968  12.336 0.000
266.333333 267.333333   72.484  15.640 0.000
269.333333 270.333333   48.636   9.383 0.000
272.333333 273.333333   77.004  10.747 0.000
275.333333 276.333333   45.044   9.197 0.000
278.333333 279.333333   37.003   7.466 0.000
281.333333 282.333333   73.164  16.719 0.000
284.333333 285.333333   50.738  11.545 0.000
287.333333 288.333333   38.479  11.399 0.000
290.333333 291.333333   11.000   2.467 0.000
293.333333 294.333333   30.936   8.630 0.000
296.333333 297.333333   44.288  13.521 0.000
299.333333 300.333333   64.350  17.311 0.000
302.333333 303.333333   37.403  13.748 0.000
305.333333 306.333333    9.648   3.468 0.000
308.333333 309.333333   26.944  16.768 0.000
311.333333 312.333333   24.056  16.272 0.000
314.333333 315.333333   26.754  17.087 0.000
317.333333 318.333333   54.026  40.706 0.000
320.333333 321.333333 9999.999 999.999 0.999
323.333333 324.333333   49.226  31.781 0.000
326.333333 327.333333   39.319  27.051 0.000
329.333333 330.333333   22.758  19.090 0.000
332.333333 333.333333   38.893  29.926 0.000
335.333333 336.333333   58.350  37.531 0.000
338.333333 339.333333   37.781  23.103 0.000
341.333333 342.333333   56.457  33.598 0.000
344.333333 345.333333   17.005  12.965 0.000
347.333333 348.333333   11.343   6.968 0.000
350.333333 351.333333   54.839  39.358 0.000
353.333333 354.333333   17.030  13.645 0.000
356.333333 357.333333   13.874   6.193 0.000
359.333333 360.333333   28.719  22.443 0.000
362.333333 363.333333   30.240  89.671 0.000
