scripts/IMPROVE-2019_partial/data/US0048R.20010101060000.20191216000000.filterpack..pm25.52w.1w.US03L_filterpack_US0048.US03L_IMPROVE_Davis.lev2.nas
64 1001
MISSING INFORMATION
US03L, IMPROVE, , , , , , , 
MISSING INFORMATION
IMPROVE sel_HTAP
1 1
2001 01 01 2019 12 16
3.00
days from file reference point
25
1 1 1 1 1 1 1 1 1 1 1 1 1 1 1 1 1 1 1 1 1 1 1 1 1
999.99 999.99 9.999 99.99 9.999999 9.999 9.999999 9.99 9.999999 99.999 9.999 99.999 9.999 99.999 9.999 999.999 9.999 99.999 9.999 999.999 9.999 9.999 9.999 99.999 9.999
end_time of measurement, days from the file reference point
iron, ng/m3, Revision date=20181210133000
numflag iron, no unit, Revision date=20181210133000
lead, ng/m3, Revision date=20181210133000
numflag lead, no unit, Revision date=20181210133000
magnesium, ug/m3, Revision date=20181210133000
numflag magnesium, no unit, Revision date=20181210133000
nickel, ng/m3, Revision date=20181210133000
numflag nickel, no unit, Revision date=20181210133000
nitrate, ug N/m3, Revision date=20181210133000
numflag nitrate, no unit, Revision date=20181210133000
organic_carbon, ug C/m3, Revision date=20181210133000
numflag organic_carbon, no unit, Revision date=20181210133000
organic_mass, ug/m3, Revision date=20181210133000
numflag organic_mass, no unit, Revision date=20181210133000
pm10_mass, ug/m3, Version=2, Version description=Data extracted from http://views.cira.colostate.edu/fed/DataWizard 2019-12-16, Sample duration=1d, Orig. time res.=3d, Matrix=pm10, Blank correction=Blank corrected, Volume std. temperature=ambient, Volume std. pressure=ambient
numflag pm10_mass, no unit, Version=2, Version description=Data extracted from http://views.cira.colostate.edu/fed/DataWizard 2019-12-16, Sample duration=1d, Orig. time res.=3d, Matrix=pm10, Blank correction=Blank corrected, Volume std. temperature=ambient, Volume std. pressure=ambient
pm10_pm25_mass, ug/m3, Revision date=20181210133000, Matrix=pm10_pm25
numflag pm10_pm25_mass, no unit, Revision date=20181210133000, Matrix=pm10_pm25
pm25_mass, ug/m3, Version=2, Version description=Data extracted from http://views.cira.colostate.edu/fed/DataWizard 2019-12-16, Sample duration=1d, Orig. time res.=3d, Blank correction=Blank corrected, Volume std. temperature=ambient, Volume std. pressure=ambient
numflag pm25_mass, no unit, Version=2, Version description=Data extracted from http://views.cira.colostate.edu/fed/DataWizard 2019-12-16, Sample duration=1d, Orig. time res.=3d, Blank correction=Blank corrected, Volume std. temperature=ambient, Volume std. pressure=ambient
potassium, ug/m3, Revision date=20181210133000
numflag potassium, no unit, Revision date=20181210133000
sulphate_total, ug S/m3, Revision date=20181210133000
numflag sulphate_total, no unit, Revision date=20181210133000
0
25
Data definition:              EBAS_1.1
Set type code:                TU
Timezone:                     UTC
File name:                    US0048R.20010101060000.20191216000000.filterpack..pm25.52w.1w.US03L_filterpack_US0048.US03L_IMPROVE_Davis.lev2.nas
File creation:                20191218115817
Startdate:                    20010101060000
Revision date:                20191216000000
Statistics:                   arithmetic mean
Data level:                   2
Period code:                  52w
Resolution code:              1w
Station code:                 US0048R
Platform code:                US0048S
Station name:                 Boundary Waters Canoe Area
Station latitude:             47.9466
Station longitude:            -91.4955
Station altitude:             526.0 m
Regime:                       IMG
Component:                    
Matrix:                       pm25
Laboratory code:              US03L
Instrument type:              filterpack
Instrument name:              filterpack_US0048
Method ref:                   US03L_IMPROVE_Davis
starttime endtime Fe flag_Fe Pb flag_Pb Mg++ flag_Mg++ Ni flag_Ni NO3- flag_NO3- OC flag_OC OM flag_OM PM10 flag_PM10 PM10-PM2.5 flag_PM10-PM2.5 PM2.5 flag_PM2.5 K+ flag_K+ SO4-- flag_SO4--
  0.25   1.25 999.99 0.999 99.99 0.999000 9.999 0.999000 9.99 0.999000 99.999 0.999 99.999 0.999 99.999 0.999 999.999 0.999 99.999 0.999 999.999 0.999 9.999 0.999 99.999 0.999
  3.25   4.25  15.71 0.000  0.62 0.000000 9.999 0.259000 9.99 0.259000  0.317 0.000  0.784 0.000  1.098 0.000   4.167 0.000 99.999 0.259   4.495 0.000 0.014 0.000  0.620 0.000
  6.25   7.25   1.27 0.000  0.28 0.000000 9.999 0.259000 9.99 0.259000  0.044 0.559  0.352 0.000  0.493 0.000   1.576 0.000  0.230 0.000   1.346 0.000 0.013 0.000  0.222 0.559
  9.25  10.25  44.61 0.559  1.06 0.559000 9.999 0.559259 9.99 0.559259  1.688 0.000  0.815 0.000  1.141 0.000  15.498 0.000  3.253 0.000  12.245 0.559 0.029 0.559  0.428 0.000
 12.25  13.25  16.61 0.000  0.87 0.000000 9.999 0.259000 9.99 0.259000  0.589 0.000  0.790 0.000  1.106 0.000   8.223 0.000  1.635 0.000   6.588 0.000 0.019 0.000  0.841 0.000
 15.25  16.25   1.31 0.000 99.99 0.259000 0.040 0.000000 9.99 0.259000  0.030 0.000  0.342 0.000  0.478 0.000   3.700 0.000  1.704 0.000   1.996 0.000 0.013 0.000  0.370 0.000
 18.25  19.25  11.91 0.000  0.40 0.000000 9.999 0.259000 9.99 0.259000  0.031 0.000  0.252 0.000  0.353 0.000   1.534 0.000  0.039 0.000   1.495 0.000 0.013 0.000  0.237 0.000
 21.25  22.25  28.73 0.000  1.05 0.000000 9.999 0.259000 9.99 0.259000  0.471 0.000  0.845 0.000  1.183 0.000   6.055 0.000 99.999 0.259   6.173 0.000 0.026 0.000  0.613 0.000
 24.25  25.25  52.12 0.000  0.46 0.000000 9.999 0.259000 9.99 0.259000  0.273 0.000  0.462 0.000  0.646 0.000   4.644 0.000  1.557 0.000   3.086 0.000 0.022 0.000  0.194 0.000
 27.25  28.25  10.90 0.000  1.33 0.000000 9.999 0.259000 9.99 0.259000  0.083 0.000  0.871 0.000  1.220 0.000   4.985 0.000  0.831 0.000   4.154 0.000 0.025 0.000  0.630 0.000
 30.25  31.25   6.06 0.000  0.79 0.000000 9.999 0.259000 9.99 0.259000  0.242 0.000  0.799 0.000  1.119 0.000   4.997 0.000  1.135 0.000   3.862 0.000 0.024 0.000  0.445 0.000
 33.25  34.25  12.98 0.559  1.54 0.559000 0.083 0.559000 9.99 0.559259  0.641 0.000  0.882 0.000  1.235 0.000   9.345 0.000  2.204 0.000   7.141 0.559 0.025 0.559  0.642 0.000
 36.25  37.25   5.12 0.000  0.98 0.000000 9.999 0.259000 0.08 0.000000  0.216 0.000  0.650 0.000  0.911 0.000   5.411 0.000  1.857 0.000   3.554 0.000 0.021 0.000  0.620 0.000
 39.25  40.25   2.99 0.000  0.65 0.000000 9.999 0.259000 9.99 0.259000  0.032 0.000  0.364 0.000  0.510 0.000   2.727 0.000  0.796 0.000   1.931 0.000 0.017 0.000  0.298 0.000
 42.25  43.25  20.20 0.000  2.16 0.000000 9.999 0.259000 9.99 0.259000  0.134 0.000  0.877 0.000  1.227 0.000   7.545 0.000  1.793 0.000   5.751 0.000 0.038 0.000  0.741 0.000
 45.25  46.25  20.00 0.000  0.77 0.000000 0.037 0.000000 9.99 0.259000  0.143 0.000  0.874 0.000  1.224 0.000   4.865 0.000  0.742 0.000   4.123 0.000 0.027 0.000  0.456 0.000
 48.25  49.25  36.79 0.000  0.62 0.000000 9.999 0.259000 9.99 0.259000  0.432 0.000  0.819 0.000  1.146 0.000   7.818 0.000  1.586 0.000   6.231 0.000 0.025 0.000  0.557 0.000
 51.25  52.25  16.59 0.000  1.78 0.000000 9.999 0.259000 9.99 0.259000  0.055 0.559  0.379 0.000  0.530 0.000   4.630 0.000  1.919 0.000   2.711 0.000 0.026 0.000  0.211 0.559
 54.25  55.25   8.11 0.000  0.61 0.000000 9.999 0.259000 9.99 0.259000  0.043 0.000  0.515 0.000  0.722 0.000   4.150 0.000  1.672 0.000   2.478 0.000 0.017 0.000  0.406 0.000
 57.25  58.25   5.84 0.000  1.11 0.000000 9.999 0.259000 9.99 0.259000  0.090 0.000  0.462 0.000  0.647 0.000   2.920 0.000  0.550 0.000   2.370 0.000 0.025 0.000  0.252 0.000
 60.25  61.25  13.27 0.000  1.06 0.000000 9.999 0.259000 9.99 0.259000  0.243 0.000  0.634 0.000  0.888 0.000   4.924 0.000  1.388 0.000   3.536 0.000 0.023 0.000  0.359 0.000
 63.25  64.25   2.69 0.000  0.40 0.000000 0.077 0.000000 0.12 0.000000  0.049 0.559  0.294 0.000  0.412 0.000   2.658 0.000  0.660 0.000   1.997 0.000 0.021 0.000  0.139 0.559
 66.25  67.25   2.72 0.000  0.33 0.000000 9.999 0.259000 0.13 0.000000  0.008 0.000  0.203 0.000  0.283 0.000   1.305 0.000  0.183 0.000   1.122 0.000 0.005 0.000  0.125 0.000
 69.25  70.25   5.48 0.000  0.58 0.000000 9.999 0.259000 9.99 0.259000  0.022 0.000  0.221 0.000  0.309 0.000   2.088 0.000  0.400 0.000   1.687 0.000 0.009 0.000  0.226 0.000
 72.25  73.25   6.26 0.000  1.02 0.000000 9.999 0.259000 9.99 0.259000  0.144 0.000  0.512 0.000  0.716 0.000   4.419 0.000  1.763 0.000   2.656 0.000 0.014 0.000  0.423 0.000
 75.25  76.25  45.59 0.000  0.87 0.000000 9.999 0.259000 0.15 0.000000  0.028 0.000  0.404 0.000  0.565 0.000   5.008 0.000  2.231 0.000   2.778 0.000 0.020 0.000  0.428 0.000
 78.25  79.25  27.73 0.559  2.48 0.559000 9.999 0.559259 9.99 0.559259  1.356 0.559  0.933 0.000  1.306 0.000  18.785 0.000  3.998 0.000  14.787 0.559 0.020 0.559  1.353 0.559
 81.25  82.25  10.11 0.000  1.10 0.000000 9.999 0.259000 9.99 0.259000  0.031 0.000  0.405 0.000  0.568 0.000   4.218 0.000  1.820 0.000   2.398 0.000 0.017 0.000  0.365 0.000
 84.25  85.25   7.37 0.000  0.71 0.000000 9.999 0.259000 0.12 0.000000  0.016 0.000  0.177 0.000  0.247 0.000   3.176 0.000  0.963 0.000   2.212 0.000 0.011 0.000  0.348 0.000
 87.25  88.25  30.63 0.000  2.60 0.000000 9.999 0.259000 9.99 0.259000  0.373 0.000  1.226 0.000  1.716 0.000   9.866 0.000  2.573 0.000   7.293 0.000 0.028 0.000  0.804 0.000
 90.25  91.25   7.76 0.000  0.93 0.000000 9.999 0.259000 9.99 0.259000  0.018 0.000  0.369 0.000  0.516 0.000   3.853 0.000  0.443 0.000   3.410 0.000 0.009 0.000  0.537 0.000
 93.25  94.25  65.88 0.000  1.07 0.000000 9.999 0.259000 0.11 0.000000  0.026 0.559  0.476 0.000  0.667 0.000   5.271 0.000  1.420 0.000   3.851 0.000 0.026 0.000  0.632 0.559
 96.25  97.25   5.08 0.000  0.73 0.000000 0.005 0.000000 9.99 0.259000  0.008 0.000  0.367 0.000  0.514 0.000   2.651 0.000  0.276 0.000   2.376 0.000 0.010 0.000  0.314 0.000
 99.25 100.25  13.14 0.000  1.15 0.000000 9.999 0.259000 9.99 0.259000  0.032 0.000  0.474 0.000  0.663 0.000   4.840 0.000  1.143 0.000   3.697 0.000 0.018 0.000  0.517 0.000
102.25 103.25 999.99 0.999 99.99 0.999000 9.999 0.999000 9.99 0.999000 99.999 0.999 99.999 0.999 99.999 0.999 999.999 0.999 99.999 0.999 999.999 0.999 9.999 0.999 99.999 0.999
105.25 106.25 999.99 0.999 99.99 0.999000 9.999 0.999000 9.99 0.999000 99.999 0.999 99.999 0.999 99.999 0.999 999.999 0.999 99.999 0.999 999.999 0.999 9.999 0.999 99.999 0.999
108.25 109.25  81.32 0.559  2.60 0.559000 9.999 0.559259 9.99 0.559259  0.220 0.000  1.885 0.000  2.639 0.000  17.143 0.000  7.906 0.000   9.237 0.559 0.089 0.559  0.687 0.000
111.25 112.25  12.72 0.000  0.76 0.000000 9.999 0.259000 9.99 0.259000  0.022 0.559  0.323 0.000  0.452 0.000   3.135 0.000  0.519 0.000   2.616 0.000 0.017 0.000  0.318 0.559
114.25 115.25  94.41 0.559  1.60 0.559000 9.999 0.559259 9.99 0.559259  0.035 0.000  0.845 0.000  1.183 0.000  10.595 0.000  4.994 0.000   5.601 0.559 0.062 0.559  0.527 0.000
117.25 118.25  59.62 0.559  1.66 0.559000 9.999 0.559259 9.99 0.559259  0.015 0.000  0.640 0.000  0.896 0.000   6.587 0.000  2.689 0.000   3.898 0.559 0.042 0.559  0.388 0.000
120.25 121.25  65.07 0.000  1.70 0.000000 9.999 0.259000 9.99 0.259000  0.113 0.000  1.241 0.000  1.737 0.000  10.413 0.000  4.186 0.000   6.227 0.000 0.048 0.000  0.583 0.000
123.25 124.25  17.77 0.000  0.63 0.000000 9.999 0.259000 9.99 0.259000  0.006 0.000  0.470 0.000  0.658 0.000   2.864 0.000  1.158 0.000   1.706 0.000 0.017 0.000  0.138 0.000
126.25 127.25  44.29 0.000  2.01 0.000000 9.999 0.259000 9.99 0.259000  0.055 0.000  0.843 0.000  1.180 0.000  10.122 0.000  5.431 0.000   4.691 0.000 0.028 0.000  0.504 0.000
129.25 130.25  71.50 0.000  1.47 0.000000 9.999 0.259000 9.99 0.259000  0.036 0.000  0.977 0.000  1.368 0.000   5.686 0.000  2.011 0.000   3.675 0.000 0.046 0.000  0.260 0.000
132.25 133.25  68.22 0.000  1.74 0.000000 9.999 0.259000 9.99 0.259000  0.052 0.000  1.225 0.000  1.715 0.000   8.812 0.000  3.923 0.000   4.889 0.000 0.050 0.000  0.428 0.000
135.25 136.25 999.99 0.999 99.99 0.999000 9.999 0.999000 9.99 0.999000  0.046 0.000  1.583 0.000  2.216 0.000  17.463 0.000 99.999 0.999 999.999 0.999 9.999 0.999  0.603 0.000
138.25 139.25 999.99 0.999 99.99 0.999000 9.999 0.999000 9.99 0.999000 99.999 0.999 99.999 0.999 99.999 0.999 999.999 0.999 99.999 0.999 999.999 0.999 9.999 0.999 99.999 0.999
141.25 142.25 999.99 0.999 99.99 0.999000 9.999 0.999000 9.99 0.999000 99.999 0.999 99.999 0.999 99.999 0.999 999.999 0.999 99.999 0.999 999.999 0.999 9.999 0.999 99.999 0.999
144.25 145.25 999.99 0.999 99.99 0.999000 9.999 0.999000 9.99 0.999000 99.999 0.999 99.999 0.999 99.999 0.999 999.999 0.999 99.999 0.999 999.999 0.999 9.999 0.999 99.999 0.999
147.25 148.25 999.99 0.999 99.99 0.999000 9.999 0.999000 9.99 0.999000 99.999 0.999 99.999 0.999 99.999 0.999 999.999 0.999 99.999 0.999 999.999 0.999 9.999 0.999 99.999 0.999
150.25 151.25  48.28 0.000  1.50 0.000000 9.999 0.259000 9.99 0.259000  0.014 0.000  0.983 0.000  1.377 0.000   8.075 0.000  4.867 0.000   3.207 0.000 0.034 0.000  0.203 0.000
153.25 154.25  17.69 0.000  0.39 0.000000 9.999 0.259000 9.99 0.259000  0.011 0.000  0.551 0.000  0.771 0.000   5.087 0.000  3.004 0.000   2.083 0.000 0.020 0.000  0.182 0.000
156.25 157.25  12.91 0.000  0.26 0.000000 9.999 0.259000 9.99 0.259000  0.010 0.000  0.794 0.000  1.112 0.000   5.854 0.000  3.560 0.000   2.294 0.000 0.015 0.000  0.115 0.000
159.25 160.25 999.99 0.999 99.99 0.999000 9.999 0.999000 9.99 0.999000 99.999 0.999 99.999 0.999 99.999 0.999 999.999 0.999 99.999 0.999 999.999 0.999 9.999 0.999 99.999 0.999
162.25 163.25  16.72 0.000  0.64 0.000000 9.999 0.259000 9.99 0.259000  0.023 0.000  1.219 0.000  1.706 0.000  10.270 0.000  6.385 0.000   3.886 0.000 0.026 0.000  0.318 0.000
165.25 166.25  13.79 0.000  0.33 0.000000 9.999 0.259000 9.99 0.259000  0.012 0.559  1.210 0.000  1.695 0.000   7.547 0.000  3.566 0.000   3.981 0.000 0.025 0.000  0.323 0.559
168.25 169.25  12.39 0.000  0.61 0.000000 9.999 0.259000 9.99 0.259000  0.016 0.000  2.438 0.000  3.413 0.000  10.397 0.000  2.469 0.000   7.928 0.000 0.037 0.000  0.557 0.000
171.25 172.25   8.16 0.000  0.31 0.000000 9.999 0.259000 9.99 0.259000  0.012 0.000  1.183 0.000  1.656 0.000   4.845 0.000  1.745 0.000   3.100 0.000 0.015 0.000  0.167 0.000
174.25 175.25  39.76 0.000  2.73 0.000000 9.999 0.259000 9.99 0.259000  0.037 0.000  1.783 0.000  2.496 0.000  16.029 0.000  9.502 0.000   6.527 0.000 0.042 0.000  0.556 0.000
177.25 178.25  25.70 0.000  0.24 0.000000 9.999 0.259000 9.99 0.259000  0.012 0.000  1.947 0.000  2.726 0.000   8.963 0.000  4.499 0.000   4.464 0.000 0.024 0.000  0.234 0.000
180.25 181.25   9.21 0.000  0.32 0.000000 9.999 0.259000 9.99 0.259000  0.010 0.000  0.949 0.000  1.329 0.000   5.491 0.000  3.166 0.000   2.325 0.000 0.016 0.000  0.147 0.000
183.25 184.25  31.20 0.000  0.83 0.000000 9.999 0.259000 9.99 0.259000  0.157 0.000  1.156 0.000  1.618 0.000   8.971 0.000  2.831 0.000   6.141 0.000 0.029 0.000  0.756 0.000
186.25 187.25 999.99 0.999 99.99 0.999000 9.999 0.999000 9.99 0.999000 99.999 0.999 99.999 0.999 99.999 0.999 999.999 0.999 99.999 0.999 999.999 0.999 9.999 0.999 99.999 0.999
189.25 190.25 999.99 0.999 99.99 0.999000 9.999 0.999000 9.99 0.999000 99.999 0.999 99.999 0.999 99.999 0.999 999.999 0.999 99.999 0.999 999.999 0.999 9.999 0.999 99.999 0.999
192.25 193.25   9.41 0.000  0.15 0.000000 9.999 0.259000 9.99 0.259000  0.008 0.000  1.339 0.000  1.874 0.000   3.957 0.000  1.692 0.000   2.265 0.000 0.015 0.000  0.063 0.000
195.25 196.25  51.97 0.394  1.29 0.394000 9.999 0.394259 9.99 0.394259  0.029 0.394  1.755 0.000  2.456 0.000  14.135 0.000  4.972 0.000   9.163 0.000 0.041 0.394  0.920 0.394
198.25 199.25  27.06 0.699  2.21 0.699000 9.999 0.699259 0.15 0.699000  0.037 0.000  1.786 0.000  2.501 0.000  16.594 0.000  2.874 0.000  13.720 0.699 0.031 0.699  1.965 0.000
201.25 202.25  35.95 0.000  0.58 0.000000 9.999 0.259000 9.99 0.259000  0.034 0.000  1.471 0.000  2.059 0.000  10.619 0.000  4.133 0.000   6.486 0.000 0.032 0.000  0.682 0.000
204.25 205.25   9.91 0.000  0.20 0.000000 9.999 0.259000 0.16 0.000000  0.007 0.000  0.403 0.000  0.564 0.000   3.329 0.000  1.932 0.000   1.397 0.000 0.013 0.000  0.050 0.000
207.25 208.25  15.24 0.000  0.49 0.000000 9.999 0.259000 0.18 0.000000  0.025 0.559  0.697 0.000  0.976 0.000   5.410 0.000  2.639 0.000   2.771 0.000 0.015 0.000  0.157 0.559
210.25 211.25  11.52 0.000  0.97 0.000000 9.999 0.259000 9.99 0.259000  0.022 0.000  1.114 0.000  1.560 0.000  10.578 0.000  3.169 0.000   7.409 0.000 0.022 0.000  0.934 0.000
213.25 214.25   5.26 0.000  0.49 0.000000 9.999 0.259000 9.99 0.259000  0.012 0.000  1.111 0.000  1.555 0.000   7.308 0.000  3.353 0.000   3.955 0.000 0.017 0.000  0.322 0.000
216.25 217.25  57.72 0.000  1.10 0.000000 9.999 0.259000 9.99 0.259000  0.042 0.000  2.497 0.000  3.495 0.000  22.771 0.000  8.568 0.000  14.203 0.000 0.044 0.000  1.561 0.000
219.25 220.25  15.99 0.000  0.32 0.000000 9.999 0.259000 9.99 0.259000  0.012 0.000  0.828 0.000  1.159 0.000   5.895 0.000  2.652 0.000   3.243 0.000 0.026 0.000  0.281 0.000
222.25 223.25  50.85 0.000  0.70 0.000000 9.999 0.259000 9.99 0.259000  0.020 0.000  1.474 0.000  2.063 0.000   9.730 0.000  4.828 0.000   4.902 0.000 0.027 0.000  0.277 0.000
225.25 226.25  49.78 0.000  0.55 0.000000 9.999 0.259000 9.99 0.259000  0.022 0.000  1.360 0.000  1.904 0.000   9.662 0.000  5.616 0.000   4.045 0.000 0.029 0.000  0.182 0.000
228.25 229.25   9.12 0.000  0.31 0.000000 9.999 0.259000 9.99 0.259000  0.010 0.000  1.495 0.000  2.093 0.000   7.631 0.000  3.766 0.000   3.865 0.000 0.023 0.000  0.228 0.000
231.25 232.25  12.01 0.000  0.44 0.000000 9.999 0.259000 9.99 0.259000  0.007 0.559  1.472 0.000  2.061 0.000   5.733 0.000  2.365 0.000   3.368 0.000 0.018 0.000  0.056 0.559
234.25 235.25 999.99 0.999 99.99 0.999000 9.999 0.999000 9.99 0.999000 99.999 0.999 99.999 0.999 99.999 0.999 999.999 0.999 99.999 0.999 999.999 0.999 9.999 0.999 99.999 0.999
237.25 238.25 999.99 0.999 99.99 0.999000 9.999 0.999000 9.99 0.999000 99.999 0.999 99.999 0.999 99.999 0.999 999.999 0.999 99.999 0.999 999.999 0.999 9.999 0.999 99.999 0.999
240.25 241.25  29.39 0.000  0.61 0.000000 9.999 0.259000 9.99 0.259000  0.020 0.000  1.066 0.000  1.492 0.000   9.932 0.000  5.710 0.000   4.222 0.000 0.031 0.000  0.336 0.000
243.25 244.25  16.44 0.000  0.76 0.000000 9.999 0.259000 9.99 0.259000  0.017 0.000  0.678 0.000  0.949 0.000   4.724 0.000  2.308 0.000   2.415 0.000 0.022 0.000  0.129 0.000
246.25 247.25   9.06 0.000  0.52 0.000000 9.999 0.259000 0.06 0.000000  0.006 0.000  0.528 0.000  0.739 0.000   3.775 0.000  2.367 0.000   1.408 0.000 0.011 0.000  0.080 0.000
249.25 250.25  26.78 0.000  1.28 0.000000 9.999 0.259000 0.06 0.000000  0.032 0.000  1.046 0.000  1.465 0.000  11.184 0.000  3.107 0.000   8.076 0.000 0.029 0.000  1.130 0.000
252.25 253.25   7.39 0.000  0.08 0.000000 0.012 0.000000 9.99 0.259000  0.007 0.000  0.639 0.000  0.895 0.000   5.047 0.000  2.601 0.000   2.446 0.000 0.017 0.000  0.241 0.000
255.25 256.25   0.77 0.000  0.13 0.000000 9.999 0.259000 9.99 0.259000  0.002 0.000  0.292 0.000  0.409 0.000   2.624 0.000  1.969 0.000   0.656 0.000 0.009 0.000  0.030 0.000
258.25 259.25  42.50 0.000  1.80 0.000000 9.999 0.259000 9.99 0.259000  0.041 0.000  1.034 0.000  1.448 0.000  11.143 0.000  5.540 0.000   5.603 0.000 0.027 0.000  0.695 0.000
261.25 262.25  11.55 0.000  0.46 0.000000 9.999 0.259000 9.99 0.259000  0.016 0.000  1.166 0.000  1.632 0.000   8.121 0.000  3.288 0.000   4.834 0.000 0.034 0.000  0.478 0.000
264.25 265.25   2.85 0.000 99.99 0.259000 9.999 0.259000 9.99 0.259000  0.007 0.559  0.663 0.000  0.928 0.000   4.277 0.000  2.257 0.000   2.019 0.000 0.017 0.000  0.184 0.559
267.25 268.25   4.27 0.000 99.99 0.259000 0.009 0.000000 9.99 0.259000  0.014 0.559  0.220 0.000  0.308 0.000   1.252 0.000  0.708 0.000   0.543 0.000 0.007 0.000  0.058 0.559
