scripts/IMPROVE-2019_partial/data/US0033R.20020508060000.20191216000000.filterpack..pm25.34w.1w.US03L_filterpack_US0033.US03L_IMPROVE_Davis.lev2.nas
66 1001
MISSING INFORMATION
US03L, IMPROVE, , , , , , , 
MISSING INFORMATION
IMPROVE sel_HTAP
1 1
2002 01 01 2019 12 16
3.00
days from file reference point
27
1 1 1 1 1 1 1 1 1 1 1 1 1 1 1 1 1 1 1 1 1 1 1 1 1 1 1
999.99 9999.99 9.999 999.99 9.999 9.999 9.999999 9.99 9.999999 99.999 9.999 99.999 9.999 99.999 9.999 999.99 9.999999 999.999 9.999 999.999 9.999 999.999 9.999 9.999 9.999 99.999 9.999
end_time of measurement, days from the file reference point
iron, ng/m3, Revision date=20181210133000
numflag iron, no unit, Revision date=20181210133000
lead, ng/m3, Revision date=20181210133000
numflag lead, no unit, Revision date=20181210133000
magnesium, ug/m3, Revision date=20181210133000
numflag magnesium, no unit, Revision date=20181210133000
nickel, ng/m3, Revision date=20181210133000
numflag nickel, no unit, Revision date=20181210133000
nitrate, ug N/m3, Revision date=20181210133000
numflag nitrate, no unit, Revision date=20181210133000
organic_carbon, ug C/m3, Revision date=20181210133000
numflag organic_carbon, no unit, Revision date=20181210133000
organic_mass, ug/m3, Revision date=20181210133000
numflag organic_mass, no unit, Revision date=20181210133000
phosphorus, ng/m3, Revision date=20181210133000
numflag phosphorus, no unit, Revision date=20181210133000
pm10_mass, ug/m3, Version=2, Version description=Data extracted from http://views.cira.colostate.edu/fed/DataWizard 2019-12-16, Sample duration=1d, Orig. time res.=3d, Matrix=pm10, Blank correction=Blank corrected, Volume std. temperature=ambient, Volume std. pressure=ambient
numflag pm10_mass, no unit, Version=2, Version description=Data extracted from http://views.cira.colostate.edu/fed/DataWizard 2019-12-16, Sample duration=1d, Orig. time res.=3d, Matrix=pm10, Blank correction=Blank corrected, Volume std. temperature=ambient, Volume std. pressure=ambient
pm10_pm25_mass, ug/m3, Revision date=20181210133000, Matrix=pm10_pm25
numflag pm10_pm25_mass, no unit, Revision date=20181210133000, Matrix=pm10_pm25
pm25_mass, ug/m3, Version=2, Version description=Data extracted from http://views.cira.colostate.edu/fed/DataWizard 2019-12-16, Sample duration=1d, Orig. time res.=3d, Blank correction=Blank corrected, Volume std. temperature=ambient, Volume std. pressure=ambient
numflag pm25_mass, no unit, Version=2, Version description=Data extracted from http://views.cira.colostate.edu/fed/DataWizard 2019-12-16, Sample duration=1d, Orig. time res.=3d, Blank correction=Blank corrected, Volume std. temperature=ambient, Volume std. pressure=ambient
potassium, ug/m3, Revision date=20181210133000
numflag potassium, no unit, Revision date=20181210133000
sulphate_total, ug S/m3, Revision date=20181210133000
numflag sulphate_total, no unit, Revision date=20181210133000
0
25
Data definition:              EBAS_1.1
Set type code:                TU
Timezone:                     UTC
File name:                    US0033R.20020508060000.20191216000000.filterpack..pm25.34w.1w.US03L_filterpack_US0033.US03L_IMPROVE_Davis.lev2.nas
File creation:                20191218115736
Startdate:                    20020508060000
Revision date:                20191216000000
Statistics:                   arithmetic mean
Data level:                   2
Period code:                  34w
Resolution code:              1w
Station code:                 US0033R
Platform code:                US0033S
Station name:                 Lake Sugema 1
Station latitude:             40.6883
Station longitude:            -91.9883
Station altitude:             210.0 m
Regime:                       IMG
Component:                    
Matrix:                       pm25
Laboratory code:              US03L
Instrument type:              filterpack
Instrument name:              filterpack_US0033
Method ref:                   US03L_IMPROVE_Davis
starttime endtime Fe flag_Fe Pb flag_Pb Mg++ flag_Mg++ Ni flag_Ni NO3- flag_NO3- OC flag_OC OM flag_OM P flag_P PM10 flag_PM10 PM10-PM2.5 flag_PM10-PM2.5 PM2.5 flag_PM2.5 K+ flag_K+ SO4-- flag_SO4--
127.25 128.25 9999.99 0.999 999.99 0.999 9.999 0.999000 9.99 0.999000 99.999 0.999 99.999 0.999 99.999 0.999 999.99 0.999000 999.999 0.999 999.999 0.999 999.999 0.999 9.999 0.999 99.999 0.999
130.25 131.25 9999.99 0.999 999.99 0.999 9.999 0.999000 9.99 0.999000 99.999 0.999 99.999 0.999 99.999 0.999 999.99 0.999000 999.999 0.999 999.999 0.999 999.999 0.999 9.999 0.999 99.999 0.999
133.25 134.25 9999.99 0.999 999.99 0.999 9.999 0.999000 9.99 0.999000 99.999 0.999 99.999 0.999 99.999 0.999 999.99 0.999000 999.999 0.999 999.999 0.999 999.999 0.999 9.999 0.999 99.999 0.999
136.25 137.25 9999.99 0.999 999.99 0.999 9.999 0.999000 9.99 0.999000 99.999 0.999 99.999 0.999 99.999 0.999 999.99 0.999000 999.999 0.999 999.999 0.999 999.999 0.999 9.999 0.999 99.999 0.999
139.25 140.25 9999.99 0.999 999.99 0.999 9.999 0.999000 9.99 0.999000 99.999 0.999 99.999 0.999 99.999 0.999 999.99 0.999000 999.999 0.999 999.999 0.999 999.999 0.999 9.999 0.999 99.999 0.999
142.25 143.25 9999.99 0.999 999.99 0.999 9.999 0.999000 9.99 0.999000 99.999 0.999 99.999 0.999 99.999 0.999 999.99 0.999000 999.999 0.999 999.999 0.999 999.999 0.999 9.999 0.999 99.999 0.999
145.25 146.25 9999.99 0.999 999.99 0.999 9.999 0.999000 9.99 0.999000  0.081 0.000  0.876 0.000  1.227 0.000 999.99 0.999000   9.162 0.000 999.999 0.999 999.999 0.999 9.999 0.999  0.417 0.000
148.25 149.25 9999.99 0.999 999.99 0.999 9.999 0.999000 9.99 0.999000  0.094 0.000  1.046 0.000  1.465 0.000 999.99 0.999000  11.934 0.000 999.999 0.999 999.999 0.999 9.999 0.999  0.764 0.000
151.25 152.25   61.32 0.559   3.30 0.559 9.999 0.559259 9.99 0.559259  0.095 0.000  2.448 0.000  3.428 0.000 999.99 0.559259  28.274 0.000  17.478 0.000  10.796 0.559 0.055 0.559  1.080 0.000
154.25 155.25   38.55 0.559   1.41 0.559 0.108 0.559000 0.41 0.559000  0.189 0.000  1.282 0.000  1.795 0.000 999.99 0.559259  20.799 0.000  10.907 0.000   9.892 0.559 0.054 0.559  1.360 0.000
157.25 158.25   33.98 0.559   2.63 0.559 9.999 0.559259 9.99 0.559259  0.479 0.000  1.195 0.000  1.673 0.000 999.99 0.559259  21.044 0.000   9.627 0.000  11.417 0.559 0.032 0.559  1.692 0.000
160.25 161.25   21.66 0.559   1.17 0.559 9.999 0.559259 0.22 0.559000  0.096 0.000  1.462 0.000  2.047 0.000 999.99 0.559259  17.110 0.000   7.193 0.000   9.917 0.559 0.118 0.559  1.288 0.000
163.25 164.25   22.21 0.559   1.60 0.559 9.999 0.559259 0.13 0.559000  0.489 0.000  0.900 0.000  1.261 0.000 999.99 0.559259  10.687 0.000   6.223 0.000   4.464 0.559 0.024 0.559  0.590 0.000
166.25 167.25   19.63 0.559   2.83 0.559 9.999 0.559259 9.99 0.559259  0.033 0.000  1.507 0.000  2.110 0.000 999.99 0.559259  15.428 0.000  11.008 0.000   4.419 0.559 0.030 0.559  0.230 0.000
169.25 170.25   34.29 0.559   2.69 0.559 9.999 0.559259 9.99 0.559259  0.062 0.559  2.797 0.000  3.917 0.000 999.99 0.559259  28.770 0.000  12.668 0.000  16.102 0.559 0.173 0.559  1.532 0.559
172.25 173.25   50.38 0.559   1.59 0.559 0.078 0.559000 9.99 0.559259  0.062 0.000  2.994 0.000  4.192 0.000 999.99 0.559259  33.844 0.000  11.682 0.000  22.161 0.559 0.074 0.559  2.854 0.000
175.25 176.25   29.73 0.559   0.95 0.559 9.999 0.559259 9.99 0.559259  0.087 0.000  2.192 0.000  3.070 0.000 999.99 0.559259  23.845 0.000  10.370 0.000  13.476 0.559 0.078 0.559  1.619 0.000
178.25 179.25   27.75 0.559   1.69 0.559 9.999 0.559259 9.99 0.559259  0.066 0.000  3.734 0.000  5.227 0.000 999.99 0.559259  27.112 0.000  17.137 0.000   9.976 0.559 0.055 0.559  0.327 0.000
181.25 182.25  723.04 0.559   0.79 0.559 9.999 0.559259 0.31 0.559000  0.134 0.559  0.969 0.000  1.356 0.000 999.99 0.559259  48.316 0.000  30.570 0.000  17.747 0.559 0.246 0.559  1.030 0.559
184.25 185.25  123.35 0.559   1.92 0.559 9.999 0.559259 9.99 0.559259  0.065 0.000  1.325 0.000  1.854 0.000 999.99 0.559259  26.239 0.000  15.279 0.000  10.960 0.559 0.109 0.559  1.204 0.000
187.25 188.25  118.14 0.559  17.53 0.559 9.999 0.559259 9.99 0.559259  0.135 0.000  1.559 0.000  2.183 0.000 999.99 0.559259  25.686 0.000   7.547 0.000  18.139 0.559 0.179 0.559  2.932 0.000
190.25 191.25   44.63 0.559   2.25 0.559 9.999 0.559259 9.99 0.559259  0.448 0.000  1.259 0.000  1.762 0.000 999.99 0.559259  20.918 0.000   6.634 0.000  14.284 0.559 0.044 0.559  2.294 0.000
193.25 194.25   48.24 0.559   4.57 0.559 9.999 0.559259 0.19 0.559000  0.224 0.000  2.156 0.000  3.018 0.000 999.99 0.559259  22.769 0.000  10.673 0.000  12.097 0.559 0.042 0.559  1.552 0.000
196.25 197.25   50.40 0.559   3.53 0.559 9.999 0.559259 9.99 0.559259  0.087 0.000  2.108 0.000  2.952 0.000 999.99 0.559259  35.261 0.000  10.101 0.000  25.160 0.559 0.040 0.559  4.499 0.000
199.25 200.25   35.55 0.559   0.86 0.559 9.999 0.559259 9.99 0.559259  0.061 0.000  1.030 0.000  1.441 0.000 999.99 0.559259  15.371 0.000   8.116 0.000   7.255 0.559 0.032 0.559  0.875 0.000
202.25 203.25   76.75 0.559   0.85 0.559 9.999 0.559259 0.27 0.559000  0.058 0.000  1.263 0.000  1.768 0.000 999.99 0.559259  17.110 0.000   9.769 0.000   7.341 0.559 0.043 0.559  0.726 0.000
205.25 206.25   30.88 0.559   2.36 0.559 0.075 0.559000 9.99 0.559259  0.096 0.000  1.503 0.000  2.104 0.000 999.99 0.559259  21.465 0.000   8.225 0.000  13.240 0.559 0.023 0.559  1.726 0.000
208.25 209.25   55.24 0.559   0.75 0.559 0.067 0.559000 0.44 0.559000  0.057 0.000  0.998 0.000  1.397 0.000 999.99 0.559259  15.311 0.000   7.718 0.000   7.594 0.559 0.043 0.559  0.966 0.000
211.25 212.25   37.24 0.559   1.34 0.559 9.999 0.559259 9.99 0.559259  0.070 0.000  1.513 0.000  2.118 0.000 999.99 0.559259  20.376 0.000   8.602 0.000  11.774 0.559 0.028 0.559  1.490 0.000
214.25 215.25  121.67 0.559   2.71 0.559 9.999 0.559259 0.15 0.559000  0.108 0.000  1.741 0.000  2.437 0.000 999.99 0.559259  30.556 0.000  13.024 0.000  17.532 0.559 0.065 0.559  2.421 0.000
217.25 218.25   64.91 0.559   2.86 0.559 9.999 0.559259 0.13 0.559000  0.139 0.000  1.253 0.000  1.754 0.000  83.85 0.559000  14.886 0.000  10.415 0.000   4.471 0.559 0.083 0.559  0.573 0.000
220.25 221.25   39.78 0.559   2.89 0.559 0.051 0.559000 0.26 0.559000  0.165 0.000  1.622 0.000  2.271 0.000 999.99 0.559259  25.310 0.000  11.648 0.000  13.661 0.559 0.030 0.559  2.129 0.000
223.25 224.25   34.74 0.000   1.39 0.000 0.035 0.000000 0.29 0.000000  0.057 0.000  3.445 0.000  4.823 0.000 999.99 0.259000  31.313 0.000   8.059 0.000  23.254 0.000 0.053 0.000  2.855 0.000
226.25 227.25   20.33 0.559   1.30 0.559 9.999 0.559259 9.99 0.559259  0.072 0.000  0.947 0.000  1.326 0.000 999.99 0.559259  15.144 0.000   7.514 0.000   7.630 0.559 0.022 0.559  0.927 0.000
229.25 230.25   16.40 0.559   2.59 0.559 0.019 0.559000 0.07 0.559000  0.039 0.000  0.923 0.000  1.292 0.000 999.99 0.559259  13.473 0.000   8.928 0.000   4.545 0.559 0.023 0.559  0.466 0.000
232.25 233.25   41.76 0.000   1.50 0.000 0.032 0.000000 0.24 0.000000  0.164 0.000  1.945 0.000  2.722 0.000 999.99 0.259000  22.012 0.000   8.152 0.000  13.860 0.000 0.046 0.000  1.782 0.000
235.25 236.25   10.43 0.559   2.39 0.559 9.999 0.559259 9.99 0.559259  0.167 0.000  1.052 0.000  1.473 0.000 999.99 0.559259  14.098 0.000   6.755 0.000   7.343 0.559 0.028 0.559  1.105 0.000
238.25 239.25   41.44 0.559   5.57 0.559 9.999 0.559259 9.99 0.559259  0.223 0.000  2.249 0.000  3.149 0.000 999.99 0.559259  27.129 0.000  10.264 0.000  16.865 0.559 0.050 0.559  2.507 0.000
241.25 242.25   42.30 0.559   4.31 0.559 9.999 0.559259 0.29 0.559000  0.248 0.000  1.987 0.000  2.782 0.000 999.99 0.559259  31.927 0.000  14.438 0.000  17.490 0.559 0.038 0.559  2.708 0.000
244.25 245.25   32.72 0.000   1.91 0.000 9.999 0.259000 9.99 0.259000  0.045 0.000  2.772 0.000  3.880 0.000 999.99 0.259000  36.027 0.000  15.309 0.000  20.718 0.000 0.051 0.000  3.161 0.000
247.25 248.25   47.41 0.000   6.49 0.000 9.999 0.259000 0.09 0.000000  0.119 0.000  1.512 0.000  2.117 0.000 999.99 0.259000  26.431 0.000  16.519 0.000   9.912 0.000 0.031 0.000  1.422 0.000
250.25 251.25   38.01 0.000   2.68 0.000 9.999 0.259000 9.99 0.259000  0.072 0.000  2.817 0.000  3.943 0.000 999.99 0.259000  29.419 0.000  11.467 0.000  17.952 0.000 0.073 0.000  2.401 0.000
253.25 254.25   24.01 0.000   1.31 0.000 9.999 0.259000 9.99 0.259000  0.081 0.000  1.007 0.000  1.410 0.000 999.99 0.259000  19.453 0.000  15.349 0.000   4.104 0.000 0.031 0.000  0.338 0.000
256.25 257.25   30.93 0.000   3.97 0.000 9.999 0.259000 9.99 0.259000  0.190 0.000  2.309 0.000  3.232 0.000 999.99 0.259000  25.449 0.000   9.024 0.000  16.425 0.000 0.050 0.000  2.604 0.000
259.25 260.25   44.53 0.000   2.94 0.000 9.999 0.259000 9.99 0.259000  0.306 0.000  1.493 0.000  2.090 0.000 999.99 0.259000  25.689 0.000   9.204 0.000  16.485 0.000 0.033 0.000  3.086 0.000
262.25 263.25   11.20 0.000   1.23 0.000 9.999 0.259000 9.99 0.259000  0.246 0.000  1.352 0.000  1.893 0.000 999.99 0.259000  10.729 0.000   4.747 0.000   5.982 0.000 0.028 0.000  0.748 0.000
265.25 266.25   14.77 0.559   1.13 0.559 9.999 0.559259 9.99 0.559259  0.032 0.000  0.613 0.000  0.859 0.000  19.83 0.559000  15.236 0.000  12.760 0.000   2.476 0.559 0.015 0.559  0.244 0.000
268.25 269.25   53.63 0.000   3.69 0.000 0.057 0.000000 9.99 0.259000  0.111 0.000  1.719 0.000  2.407 0.000 999.99 0.259000  29.865 0.000  17.266 0.000  12.600 0.000 0.051 0.000  1.945 0.000
271.25 272.25   36.79 0.000   2.84 0.000 0.035 0.000000 9.99 0.259000  0.068 0.000  2.802 0.000  3.923 0.000 999.99 0.259000  28.577 0.000  11.625 0.000  16.953 0.000 0.054 0.000  2.354 0.000
274.25 275.25   21.46 0.000   4.69 0.000 9.999 0.259000 9.99 0.259000  0.150 0.000  1.449 0.000  2.029 0.000 999.99 0.259000  11.574 0.000   4.138 0.000   7.436 0.000 0.039 0.000  0.826 0.000
277.25 278.25    7.33 0.559   2.07 0.559 9.999 0.559259 9.99 0.559259  0.067 0.000  0.887 0.000  1.242 0.000 999.99 0.559259   7.744 0.000   4.428 0.000   3.316 0.559 0.036 0.559  0.283 0.000
280.25 281.25   12.99 0.559   7.02 0.559 9.999 0.559259 0.05 0.559000  0.063 0.000  1.252 0.000  1.753 0.000 999.99 0.559259  12.751 0.000   8.044 0.000   4.707 0.559 0.035 0.559  0.405 0.000
283.25 284.25   39.47 0.559   3.53 0.559 0.021 0.559000 0.19 0.559000  0.307 0.000  1.765 0.000  2.471 0.000 999.99 0.559259  18.861 0.000   8.802 0.000  10.059 0.559 0.036 0.559  1.331 0.000
286.25 287.25   13.26 0.559   1.32 0.559 9.999 0.559259 9.99 0.559259  0.124 0.000  0.641 0.000  0.897 0.000 999.99 0.559259  13.169 0.000   9.923 0.000   3.246 0.559 0.023 0.559  0.335 0.000
289.25 290.25   15.69 0.559   0.98 0.559 9.999 0.559259 0.15 0.559000  0.763 0.000  0.673 0.000  0.943 0.000 999.99 0.559259  11.814 0.000   3.877 0.000   7.936 0.559 0.021 0.559  0.610 0.000
292.25 293.25   16.48 0.559   2.40 0.559 9.999 0.559259 0.09 0.559000  0.654 0.000  1.207 0.000  1.690 0.000 999.99 0.559259  22.623 0.000  15.481 0.000   7.141 0.559 0.042 0.559  0.456 0.000
295.25 296.25    8.72 0.559   1.51 0.559 9.999 0.559259 9.99 0.559259  0.546 0.559  0.529 0.000  0.741 0.000 999.99 0.559259  14.270 0.000   6.651 0.000   7.619 0.559 0.015 0.559  0.944 0.559
298.25 299.25    4.50 0.559   4.39 0.559 9.999 0.559259 9.99 0.559259  1.004 0.000  0.673 0.000  0.943 0.000 999.99 0.559259  13.165 0.000   1.353 0.000  11.811 0.559 0.015 0.559  1.172 0.000
301.25 302.25   37.51 0.000   3.40 0.000 9.999 0.259000 0.19 0.000000  1.065 0.000  0.926 0.000  1.296 0.000 999.99 0.259000  12.458 0.000   1.697 0.000  10.761 0.000 0.030 0.000  0.735 0.000
304.25 305.25   11.87 0.559   1.09 0.559 9.999 0.559259 0.24 0.559000  0.781 0.000  0.479 0.000  0.671 0.000 999.99 0.559259  10.310 0.000   3.840 0.000   6.470 0.559 0.019 0.559  0.379 0.000
307.25 308.25   13.64 0.559   2.00 0.559 9.999 0.559259 9.99 0.559259  1.294 0.000  1.398 0.000  1.957 0.000 999.99 0.559259  18.763 0.000   3.343 0.000  15.419 0.559 0.053 0.559  1.212 0.000
310.25 311.25   17.96 0.559   2.84 0.559 9.999 0.559259 9.99 0.559259  0.306 0.000  1.516 0.000  2.123 0.000 999.99 0.559259   8.994 0.000   4.346 0.000   4.649 0.559 0.040 0.559  0.295 0.000
313.25 314.25   16.35 0.000   2.36 0.000 9.999 0.259000 0.13 0.000000  0.552 0.000  1.727 0.000  2.418 0.000 999.99 0.259000  16.162 0.000   7.323 0.000   8.838 0.000 0.056 0.000  0.740 0.000
316.25 317.25   17.09 0.559   0.96 0.559 9.999 0.559259 9.99 0.559259  0.149 0.000  0.838 0.000  1.173 0.000 999.99 0.559259  13.047 0.000  10.071 0.000   2.976 0.559 0.030 0.559  0.180 0.000
319.25 320.25   13.80 0.559   2.17 0.559 9.999 0.559259 9.99 0.559259  1.063 0.000  1.208 0.000  1.691 0.000 999.99 0.559259  24.497 0.000  12.661 0.000  11.837 0.559 0.042 0.559  0.820 0.000
322.25 323.25   19.10 0.559   1.24 0.559 9.999 0.559259 9.99 0.559259  0.339 0.000  0.775 0.000  1.085 0.000 999.99 0.559259  12.653 0.000   8.817 0.000   3.836 0.559 0.025 0.559  0.140 0.000
325.25 326.25   12.95 0.559   0.57 0.559 9.999 0.559259 9.99 0.559259  0.376 0.000  0.449 0.000  0.629 0.000  43.52 0.559000  16.914 0.000  11.825 0.000   5.089 0.559 0.021 0.559  0.436 0.000
328.25 329.25    7.59 0.559   3.21 0.559 9.999 0.559259 0.05 0.559000  0.435 0.000  0.428 0.000  0.599 0.000 999.99 0.559259  13.589 0.000   7.007 0.000   6.582 0.559 0.021 0.559  0.758 0.000
331.25 332.25   18.46 0.559   2.30 0.559 0.027 0.559000 9.99 0.559259  1.486 0.000  1.052 0.000  1.473 0.000 999.99 0.559259  24.888 0.000  10.632 0.000  14.256 0.559 0.036 0.559  0.862 0.000
334.25 335.25   18.05 0.559   0.99 0.559 9.999 0.559259 9.99 0.559259  0.185 0.000  0.568 0.000  0.795 0.000 999.99 0.559259  19.427 0.000  15.660 0.000   3.767 0.559 0.032 0.559  0.216 0.000
337.25 338.25   37.78 0.559   2.69 0.559 9.999 0.559259 0.14 0.559000  1.026 0.000  0.874 0.000  1.223 0.000 999.99 0.559259  25.264 0.000  15.940 0.000   9.325 0.559 0.041 0.559  0.359 0.000
340.25 341.25   26.68 0.559   1.76 0.559 9.999 0.559259 9.99 0.559259  2.007 0.000  1.371 0.000  1.920 0.000  53.22 0.559000  42.774 0.000  22.990 0.000  19.785 0.559 0.064 0.559  0.437 0.000
343.25 344.25   31.77 0.559   2.95 0.559 9.999 0.559259 9.99 0.559259  1.150 0.000  2.115 0.000  2.962 0.000 999.99 0.559259  27.989 0.000  15.399 0.000  12.590 0.559 0.077 0.559  0.474 0.000
346.25 347.25   18.87 0.000   5.01 0.000 0.025 0.000000 9.99 0.259000  1.728 0.000  1.841 0.000  2.577 0.000 999.99 0.259000  36.308 0.000  15.188 0.000  21.120 0.000 0.056 0.000  1.436 0.000
349.25 350.25   25.47 0.559   3.09 0.559 9.999 0.559259 0.06 0.559000  0.917 0.000  1.071 0.000  1.500 0.000 999.99 0.559259  17.894 0.000   9.042 0.000   8.851 0.559 0.053 0.559  0.354 0.000
352.25 353.25   14.80 0.559   0.63 0.559 0.030 0.559000 9.99 0.559259  0.589 0.000  0.739 0.000  1.035 0.000 999.99 0.559259  11.009 0.000   4.037 0.000   6.973 0.559 0.024 0.559  0.658 0.000
355.25 356.25    8.44 0.559   0.65 0.559 0.030 0.559000 9.99 0.559259  0.430 0.000  0.377 0.000  0.527 0.000 999.99 0.559259  11.814 0.000   6.332 0.000   5.482 0.559 0.015 0.559  0.591 0.000
358.25 359.25   26.31 0.559   0.69 0.559 0.054 0.559000 9.99 0.559259  0.882 0.000  0.442 0.000  0.618 0.000 999.99 0.559259  14.018 0.000   4.571 0.000   9.447 0.559 0.020 0.559  0.762 0.000
361.25 362.25   18.76 0.559   1.60 0.559 9.999 0.559259 9.99 0.559259  1.857 0.000  1.307 0.000  1.830 0.000 999.99 0.559259  25.435 0.000   9.703 0.000  15.731 0.559 0.039 0.559  0.586 0.000
364.25 365.25    8.77 0.559   0.57 0.559 0.035 0.559000 9.99 0.559259  0.303 0.000  0.346 0.000  0.484 0.000  15.92 0.559000  15.346 0.000  11.860 0.000   3.486 0.559 0.014 0.559  0.193 0.000
