scripts/IMPROVE-2019_partial/data/US0078R.20000101070000.20191216000000.filterpack..pm25.52w.1w.US03L_filterpack_US0078.US03L_IMPROVE_Davis.lev2.nas
64 1001
MISSING INFORMATION
US03L, IMPROVE, , , , , , , 
MISSING INFORMATION
IMPROVE sel_HTAP
1 1
2000 01 01 2019 12 16
0
days from file reference point
25
1 1 1 1 1 1 1 1 1 1 1 1 1 1 1 1 1 1 1 1 1 1 1 1 1
999.999999 9999.99 9.999 999.99 9.999 9.999 9.999999 99.99 9.999999 99.999 9.999999 99.999 9.999 99.999 9.999 999.999 9.999 999.999 9.999 999.999 9.999 9.999 9.999 9.999 9.999999
end_time of measurement, days from the file reference point
iron, ng/m3, Revision date=20181210133000
numflag iron, no unit, Revision date=20181210133000
lead, ng/m3, Revision date=20181210133000
numflag lead, no unit, Revision date=20181210133000
magnesium, ug/m3, Revision date=20181210133000
numflag magnesium, no unit, Revision date=20181210133000
nickel, ng/m3, Revision date=20181210133000
numflag nickel, no unit, Revision date=20181210133000
nitrate, ug N/m3, Revision date=20181210133000
numflag nitrate, no unit, Revision date=20181210133000
organic_carbon, ug C/m3, Revision date=20181210133000
numflag organic_carbon, no unit, Revision date=20181210133000
organic_mass, ug/m3, Revision date=20181210133000
numflag organic_mass, no unit, Revision date=20181210133000
pm10_mass, ug/m3, Version=2, Version description=Data extracted from http://views.cira.colostate.edu/fed/DataWizard 2019-12-16, Sample duration=1d, Orig. time res.=3d, Matrix=pm10, Blank correction=Blank corrected, Volume std. temperature=ambient, Volume std. pressure=ambient
numflag pm10_mass, no unit, Version=2, Version description=Data extracted from http://views.cira.colostate.edu/fed/DataWizard 2019-12-16, Sample duration=1d, Orig. time res.=3d, Matrix=pm10, Blank correction=Blank corrected, Volume std. temperature=ambient, Volume std. pressure=ambient
pm10_pm25_mass, ug/m3, Revision date=20181210133000, Matrix=pm10_pm25
numflag pm10_pm25_mass, no unit, Revision date=20181210133000, Matrix=pm10_pm25
pm25_mass, ug/m3, Version=2, Version description=Data extracted from http://views.cira.colostate.edu/fed/DataWizard 2019-12-16, Sample duration=1d, Orig. time res.=3d, Blank correction=Blank corrected, Volume std. temperature=ambient, Volume std. pressure=ambient
numflag pm25_mass, no unit, Version=2, Version description=Data extracted from http://views.cira.colostate.edu/fed/DataWizard 2019-12-16, Sample duration=1d, Orig. time res.=3d, Blank correction=Blank corrected, Volume std. temperature=ambient, Volume std. pressure=ambient
potassium, ug/m3, Revision date=20181210133000
numflag potassium, no unit, Revision date=20181210133000
sulphate_total, ug S/m3, Revision date=20181210133000
numflag sulphate_total, no unit, Revision date=20181210133000
0
25
Data definition:              EBAS_1.1
Set type code:                TI
Timezone:                     UTC
File name:                    US0078R.20000101070000.20191216000000.filterpack..pm25.52w.1w.US03L_filterpack_US0078.US03L_IMPROVE_Davis.lev2.nas
File creation:                20191218120041
Startdate:                    20000101070000
Revision date:                20191216000000
Statistics:                   arithmetic mean
Data level:                   2
Period code:                  52w
Resolution code:              1w
Station code:                 US0078R
Platform code:                US0078S
Station name:                 Lone Peak Wilderness
Station latitude:             40.4449
Station longitude:            -111.7081
Station altitude:             1768.0 m
Regime:                       IMG
Component:                    
Matrix:                       pm25
Laboratory code:              US03L
Instrument type:              filterpack
Instrument name:              filterpack_US0078
Method ref:                   US03L_IMPROVE_Davis
starttime endtime Fe flag_Fe Pb flag_Pb Mg++ flag_Mg++ Ni flag_Ni NO3- flag_NO3- OC flag_OC OM flag_OM PM10 flag_PM10 PM10-PM2.5 flag_PM10-PM2.5 PM2.5 flag_PM2.5 K+ flag_K+ SO4-- flag_SO4--
  0.291667   1.291667  140.50 0.000  22.42 0.000 0.077 0.000000 99.99 0.259000  0.701 0.559000  1.295 0.000  1.813 0.000  13.220 0.000   3.548 0.000   9.673 0.000 0.251 0.000 0.340 0.559000
  4.291667   5.291667   11.03 0.000   3.62 0.000 9.999 0.259000 99.99 0.259000  0.034 0.559000  0.225 0.000  0.315 0.000   1.560 0.000   0.554 0.000   1.006 0.000 0.008 0.000 0.083 0.559000
  7.291667   8.291667   36.08 0.000   1.22 0.000 0.009 0.000000 99.99 0.259000  0.139 0.559000  0.422 0.000  0.590 0.000   3.146 0.000   1.281 0.000   1.865 0.000 0.010 0.000 0.134 0.559000
 11.291667  12.291667  176.64 0.000   1.92 0.000 9.999 0.259000 99.99 0.259000  0.076 0.559000  0.574 0.000  0.803 0.000  10.436 0.000   6.607 0.000   3.829 0.000 0.054 0.000 0.138 0.559000
 14.291667  15.291667   20.90 0.000   0.41 0.000 9.999 0.259000 99.99 0.259000  0.018 0.559000  0.469 0.000  0.657 0.000   2.571 0.000   1.305 0.000   1.266 0.000 0.016 0.000 0.066 0.559000
 18.291667  19.291667   31.32 0.000   1.20 0.000 9.999 0.259000 99.99 0.259000  0.051 0.559000  1.026 0.000  1.436 0.000   3.923 0.000   1.824 0.000   2.099 0.000 0.013 0.000 0.113 0.559000
 21.291667  22.291667   47.65 0.559   2.21 0.559 9.999 0.559259 99.99 0.559259  0.110 0.559000  0.672 0.000  0.941 0.000   3.241 0.000   1.242 0.000   1.998 0.559 0.012 0.559 0.117 0.559000
 25.291667  26.291667   32.04 0.559   2.18 0.559 9.999 0.559259 99.99 0.559259  0.189 0.559000  0.711 0.000  0.995 0.000   4.857 0.000   1.434 0.000   3.423 0.559 0.015 0.559 0.286 0.559000
 28.291667  29.291667  181.17 0.559   5.60 0.559 9.999 0.559259 99.99 0.559259  0.468 0.559000  1.334 0.000  1.868 0.000   9.194 0.000   2.778 0.000   6.415 0.559 0.022 0.559 0.366 0.559000
 32.291667  33.291667   57.09 0.000   0.79 0.000 9.999 0.259000 99.99 0.259000  0.033 0.559000  0.322 0.000  0.451 0.000   2.434 0.000   1.033 0.000   1.402 0.000 0.010 0.000 0.074 0.559000
 35.291667  36.291667  172.80 0.000   1.42 0.000 9.999 0.259000 99.99 0.259000  0.059 0.559000  0.720 0.000  1.007 0.000   6.867 0.000   3.777 0.000   3.090 0.000 0.029 0.000 0.175 0.559000
 39.291667  40.291667   72.56 0.000   2.20 0.000 9.999 0.259000 99.99 0.259000  0.081 0.559000  0.685 0.000  0.959 0.000   3.184 0.000   0.592 0.000   2.592 0.000 0.027 0.000 0.141 0.559000
 42.291667  43.291667   27.13 0.394   0.81 0.394 9.999 0.394259 99.99 0.394259  0.023 0.559394  0.286 0.000  0.400 0.000   1.409 0.000   0.250 0.000   1.159 0.000 0.009 0.394 0.067 0.559394
 46.291667  47.291667   66.40 0.000   0.84 0.000 0.012 0.000000 99.99 0.259000  0.038 0.559000  0.344 0.000  0.482 0.000   1.929 0.000   0.393 0.000   1.536 0.000 0.017 0.000 0.082 0.559000
 49.291667  50.291667   55.24 0.000   0.95 0.000 0.018 0.000000 99.99 0.259000  0.055 0.699000  0.606 0.000  0.849 0.000   2.201 0.000   0.217 0.000   1.984 0.000 0.024 0.000 0.100 0.699000
 53.291667  54.291667   11.25 0.456   0.26 0.456 9.999 0.456259 99.99 0.456259  0.018 0.559000  0.265 0.000  0.370 0.000   1.765 0.000 999.999 0.999 999.999 0.456 0.010 0.456 0.142 0.559000
 56.291667  57.291667   35.79 0.000   1.72 0.000 9.999 0.259000 99.99 0.259000  0.019 0.699000  0.369 0.000  0.517 0.000   2.668 0.000   1.634 0.000   1.034 0.000 0.014 0.000 0.057 0.699000
 60.291667  61.291667   25.23 0.559   0.59 0.559 0.021 0.559000 99.99 0.559259  0.167 0.699000  1.127 0.000  1.578 0.000   5.036 0.000   1.613 0.000   3.423 0.559 0.014 0.559 0.316 0.699000
 63.291667  64.291667   71.34 0.559   1.79 0.559 9.999 0.559259 99.99 0.559259  0.077 0.699000  0.765 0.000  1.071 0.000   7.104 0.000   3.150 0.000   3.954 0.559 0.022 0.559 0.372 0.699000
 67.291667  68.291667   43.99 0.000   0.86 0.000 9.999 0.259000 99.99 0.259000  0.058 0.699000  0.436 0.000  0.610 0.000   2.489 0.000   0.896 0.000   1.593 0.000 0.009 0.000 0.164 0.699000
 70.291667  71.291667  124.29 0.000   2.69 0.000 0.031 0.000000 99.99 0.259000  0.135 0.559000  0.682 0.000  0.955 0.000   5.315 0.000   2.719 0.000   2.596 0.000 0.032 0.000 0.146 0.559000
 74.291667  75.291667   80.06 0.000   2.19 0.000 9.999 0.259000 99.99 0.259000  0.073 0.559000  0.481 0.000  0.674 0.000   4.849 0.000   2.321 0.000   2.528 0.000 0.017 0.000 0.180 0.559000
 77.291667  78.291667   13.33 0.000   4.25 0.000 9.999 0.259000 99.99 0.259000  0.051 0.559000  0.366 0.000  0.513 0.000   3.739 0.000   2.267 0.000   1.472 0.000 0.012 0.000 0.090 0.559000
 81.291667  82.291667   87.58 0.000   2.64 0.000 0.021 0.000000 99.99 0.259000  0.160 0.699000  0.750 0.000  1.049 0.000   7.834 0.559   3.767 0.000   4.067 0.000 0.022 0.000 0.294 0.699000
 84.291667  85.291667   92.91 0.000   1.94 0.000 9.999 0.259000 99.99 0.259000  0.066 0.559000  0.661 0.000  0.925 0.000   6.980 0.559   3.366 0.000   3.614 0.000 0.039 0.000 0.218 0.559000
 88.291667  89.291667 9999.99 0.999 999.99 0.999 9.999 0.999000 99.99 0.999000 99.999 0.999000 99.999 0.999 99.999 0.999 999.999 0.999 999.999 0.999 999.999 0.999 9.999 0.999 9.999 0.999000
 91.291667  92.291667  163.59 0.000   2.88 0.000 9.999 0.259000 99.99 0.259000  0.091 0.000000  1.433 0.000  2.006 0.000   7.550 0.000   2.973 0.000   4.577 0.000 0.070 0.000 0.214 0.000000
 95.291667  96.291667  139.02 0.000   2.31 0.000 9.999 0.259000 99.99 0.259000  0.062 0.000000  1.456 0.000  2.039 0.000  18.234 0.000  11.915 0.000   6.319 0.000 0.079 0.000 0.211 0.000000
 98.291667  99.291667  148.20 0.000   3.01 0.000 0.046 0.000000 99.99 0.259000  0.106 0.559000  1.761 0.000  2.465 0.000  10.478 0.000   5.160 0.000   5.318 0.000 0.066 0.000 0.209 0.559000
102.291667 103.291667  152.48 0.000   2.60 0.000 9.999 0.259000 99.99 0.259000  0.079 0.000000  1.270 0.000  1.778 0.000  10.982 0.000   5.242 0.000   5.739 0.000 0.078 0.000 0.341 0.000000
105.291667 106.291667   29.52 0.000   1.14 0.000 9.999 0.259000 99.99 0.259000  0.085 0.000000  1.033 0.000  1.446 0.000   4.118 0.000   1.486 0.000   2.632 0.000 0.019 0.000 0.190 0.000000
109.291667 110.291667  104.21 0.000   1.50 0.000 0.021 0.000000 99.99 0.259000  0.080 0.559000  0.589 0.000  0.824 0.000   4.722 0.000   1.724 0.000   2.999 0.000 0.016 0.000 0.283 0.559000
112.291667 113.291667  120.71 0.000   1.88 0.000 9.999 0.259000 99.99 0.259000  0.089 0.559000  1.186 0.000  1.660 0.000   7.579 0.000   2.561 0.000   5.019 0.000 0.061 0.000 0.347 0.559000
116.291667 117.291667  254.09 0.559   3.93 0.559 9.999 0.559259 99.99 0.559259  0.147 0.000000  1.380 0.000  1.932 0.000  13.729 0.000   6.518 0.000   7.212 0.559 0.107 0.559 0.307 0.000000
119.291667 120.291667   79.74 0.000   0.91 0.000 0.035 0.000000 99.99 0.259000  0.056 0.000000  0.969 0.000  1.357 0.000   8.207 0.000   4.396 0.000   3.811 0.000 0.056 0.000 0.205 0.000000
123.291667 124.291667  198.70 0.559   1.62 0.559 9.999 0.559259 99.99 0.559259  0.059 0.000000  1.214 0.000  1.699 0.000  11.315 0.000   5.562 0.000   5.753 0.559 0.085 0.559 0.233 0.000000
126.291667 127.291667  253.57 0.559   2.64 0.559 9.999 0.559259 99.99 0.559259  0.151 0.000000  1.787 0.000  2.502 0.000  15.114 0.000   7.542 0.000   7.573 0.559 0.080 0.559 0.480 0.000000
130.291667 131.291667  126.33 0.000   1.68 0.000 9.999 0.259000 99.99 0.259000  0.065 0.559000  0.970 0.000  1.358 0.000   9.619 0.000   4.707 0.000   4.911 0.000 0.056 0.000 0.243 0.559000
133.291667 134.291667   58.18 0.000   0.99 0.000 9.999 0.259000  3.01 0.000000  0.044 0.559000  1.043 0.000  1.460 0.000   6.254 0.000   3.939 0.000   2.315 0.000 0.024 0.000 0.176 0.559000
137.291667 138.291667 9999.99 0.999 999.99 0.999 9.999 0.999000 99.99 0.999000  0.084 0.000000  0.647 0.000  0.906 0.000   6.177 0.000 999.999 0.999 999.999 0.999 9.999 0.999 0.337 0.000000
140.291667 141.291667 9999.99 0.999 999.99 0.999 9.999 0.999000 99.99 0.999000  0.052 0.559000  2.083 0.000  2.917 0.000   9.436 0.000 999.999 0.999 999.999 0.999 9.999 0.999 0.224 0.559000
144.291667 145.291667 9999.99 0.999 999.99 0.999 9.999 0.999000 99.99 0.999000  0.050 0.559000  1.369 0.000  1.916 0.000  10.750 0.000 999.999 0.999 999.999 0.999 9.999 0.999 0.160 0.559000
147.291667 148.291667 9999.99 0.999 999.99 0.999 9.999 0.999000 99.99 0.999000  0.028 0.000000  2.022 0.000  2.831 0.000   7.965 0.000 999.999 0.999 999.999 0.999 9.999 0.999 0.197 0.000000
151.291667 152.291667 9999.99 0.999 999.99 0.999 9.999 0.999000 99.99 0.999000  0.055 0.000000  1.636 0.000  2.290 0.000  14.411 0.000 999.999 0.999 999.999 0.999 9.999 0.999 0.176 0.000000
154.291667 155.291667 9999.99 0.999 999.99 0.999 9.999 0.999000 99.99 0.999000  0.060 0.000000  1.723 0.000  2.412 0.000  16.217 0.000 999.999 0.999 999.999 0.999 9.999 0.999 0.281 0.000000
158.291667 159.291667 9999.99 0.999 999.99 0.999 9.999 0.999000 99.99 0.999000  0.035 0.000000  1.225 0.000  1.715 0.000  11.103 0.000 999.999 0.999 999.999 0.999 9.999 0.999 0.261 0.000000
161.291667 162.291667 9999.99 0.999 999.99 0.999 9.999 0.999000 99.99 0.999000  0.029 0.000000  1.368 0.000  1.916 0.000   9.960 0.000 999.999 0.999 999.999 0.999 9.999 0.999 0.140 0.000000
165.291667 166.291667 9999.99 0.999 999.99 0.999 9.999 0.999000 99.99 0.999000  0.045 0.000000  1.293 0.000  1.811 0.000   8.254 0.000 999.999 0.999 999.999 0.999 9.999 0.999 0.109 0.000000
168.291667 169.291667 9999.99 0.999 999.99 0.999 9.999 0.999000 99.99 0.999000  0.018 0.559000  1.338 0.000  1.874 0.000   8.770 0.000 999.999 0.999 999.999 0.999 9.999 0.999 0.189 0.559000
172.291667 173.291667 9999.99 0.999 999.99 0.999 9.999 0.999000 99.99 0.999000  0.046 0.559000  1.045 0.000  1.462 0.000   7.304 0.000 999.999 0.999 999.999 0.999 9.999 0.999 0.140 0.559000
175.291667 176.291667 9999.99 0.999 999.99 0.999 9.999 0.999000 99.99 0.999000  0.031 0.559000  1.275 0.000  1.785 0.000   8.285 0.000 999.999 0.999 999.999 0.999 9.999 0.999 0.209 0.559000
179.291667 180.291667   78.50 0.000   1.01 0.000 9.999 0.259000 99.99 0.259000  0.039 0.559000  1.509 0.000  2.112 0.000   9.738 0.000   4.952 0.000   4.786 0.000 0.053 0.000 0.185 0.559000
182.291667 183.291667  112.26 0.000   0.85 0.000 9.999 0.259000 99.99 0.259000  0.042 0.699000  1.099 0.000  1.538 0.000  10.072 0.000   4.419 0.000   5.652 0.000 0.080 0.000 0.288 0.699000
186.291667 187.291667   64.72 0.559   0.49 0.559 9.999 0.559259 99.99 0.559259  0.101 0.000000  0.885 0.000  1.239 0.000   8.929 0.000   3.274 0.000   5.655 0.559 0.085 0.559 0.384 0.000000
189.291667 190.291667   82.46 0.000   0.43 0.000 9.999 0.259000 99.99 0.259000  0.031 0.000000  1.117 0.000  1.564 0.000  10.159 0.000   6.135 0.000   4.024 0.000 0.076 0.000 0.108 0.000000
193.291667 194.291667   93.65 0.000   0.53 0.000 9.999 0.259000 99.99 0.259000  0.035 0.559000  1.057 0.000  1.479 0.000   8.871 0.000   4.263 0.000   4.608 0.000 0.054 0.000 0.207 0.559000
196.291667 197.291667  103.70 0.559   0.68 0.559 9.999 0.559259 99.99 0.559259  0.045 0.559000  1.330 0.000  1.862 0.000  11.601 0.000   5.748 0.000   5.853 0.559 0.056 0.559 0.302 0.559000
200.291667 201.291667  107.55 0.559   1.21 0.559 9.999 0.559259 99.99 0.559259  0.059 0.699000  1.884 0.000  2.638 0.000  14.727 0.000   8.155 0.000   6.572 0.559 0.121 0.559 0.320 0.699000
203.291667 204.291667  135.82 0.559   1.02 0.559 9.999 0.559259 99.99 0.559259  0.040 0.559000  1.727 0.000  2.418 0.000  10.969 0.000   5.007 0.000   5.962 0.559 0.092 0.559 0.168 0.559000
207.291667 208.291667  108.65 0.000   0.60 0.000 9.999 0.259000 99.99 0.259000  0.050 0.559000  1.161 0.000  1.626 0.000   9.898 0.000   3.798 0.000   6.100 0.000 0.067 0.000 0.414 0.559000
210.291667 211.291667  140.68 0.559   1.15 0.559 9.999 0.559259 99.99 0.559259  0.120 0.699000  5.740 0.000  8.036 0.000  24.366 0.000   8.335 0.000  16.031 0.559 0.239 0.559 0.365 0.699000
214.291667 215.291667 9999.99 0.999 999.99 0.999 9.999 0.999000 99.99 0.999000 99.999 0.999000 99.999 0.999 99.999 0.999 999.999 0.999 999.999 0.999 999.999 0.999 9.999 0.999 9.999 0.999000
217.291667 218.291667 9999.99 0.999 999.99 0.999 9.999 0.999000 99.99 0.999000 99.999 0.999000 99.999 0.999 99.999 0.999 999.999 0.999 999.999 0.999 999.999 0.999 9.999 0.999 9.999 0.999000
221.291667 222.291667  186.36 0.559   0.88 0.559 9.999 0.559259 99.99 0.559259  0.063 0.699000  1.599 0.000  2.239 0.000  13.611 0.000   6.869 0.000   6.742 0.559 0.076 0.559 0.435 0.699000
224.291667 225.291667 9999.99 0.456 999.99 0.456 9.999 0.456000 99.99 0.456000  0.074 0.559000  2.775 0.000  3.885 0.000  17.778 0.000 999.999 0.999 999.999 0.456 9.999 0.456 0.311 0.559000
228.291667 229.291667  129.81 0.559   1.52 0.559 9.999 0.559259 99.99 0.559259  0.056 0.559000  1.242 0.000  1.739 0.000  11.951 0.000   6.726 0.000   5.225 0.559 0.053 0.559 0.340 0.559000
231.291667 232.291667   72.98 0.559   0.26 0.559 9.999 0.559259 99.99 0.559259  0.103 0.699000  0.892 0.000  1.249 0.000  11.382 0.000   5.887 0.000   5.495 0.559 0.056 0.559 0.444 0.699000
235.291667 236.291667   68.25 0.000   0.61 0.000 9.999 0.259000 99.99 0.259000  0.031 0.699000  0.775 0.000  1.084 0.000   7.500 0.000   3.610 0.000   3.890 0.000 0.037 0.000 0.342 0.699000
238.291667 239.291667   39.80 0.559   0.58 0.559 9.999 0.559259 99.99 0.559259  0.022 0.559000  0.857 0.000  1.200 0.000   5.179 0.000   2.421 0.000   2.758 0.559 0.024 0.559 0.209 0.559000
249.291667 250.291667 9999.99 0.999 999.99 0.999 9.999 0.999000 99.99 0.999000 99.999 0.999000 99.999 0.999 99.999 0.999 999.999 0.999 999.999 0.999 999.999 0.999 9.999 0.999 9.999 0.999000
252.291667 253.291667 9999.99 0.999 999.99 0.999 9.999 0.999000 99.99 0.999000 99.999 0.999000 99.999 0.999 99.999 0.999 999.999 0.999 999.999 0.999 999.999 0.999 9.999 0.999 9.999 0.999000
255.291667 256.291667 9999.99 0.999 999.99 0.999 9.999 0.999000 99.99 0.999000 99.999 0.999000 99.999 0.999 99.999 0.999 999.999 0.999 999.999 0.999 999.999 0.999 9.999 0.999 9.999 0.999000
258.291667 259.291667 9999.99 0.999 999.99 0.999 9.999 0.999000 99.99 0.999000 99.999 0.999000 99.999 0.999 99.999 0.999 999.999 0.999 999.999 0.999 999.999 0.999 9.999 0.999 9.999 0.999000
261.291667 262.291667 9999.99 0.999 999.99 0.999 9.999 0.999000 99.99 0.999000 99.999 0.999000 99.999 0.999 99.999 0.999 999.999 0.999 999.999 0.999 999.999 0.999 9.999 0.999 9.999 0.999000
264.291667 265.291667 9999.99 0.999 999.99 0.999 9.999 0.999000 99.99 0.999000 99.999 0.999000 99.999 0.999 99.999 0.999 999.999 0.999 999.999 0.999 999.999 0.999 9.999 0.999 9.999 0.999000
267.291667 268.291667 9999.99 0.999 999.99 0.999 9.999 0.999000 99.99 0.999000 99.999 0.999000 99.999 0.999 99.999 0.999 999.999 0.999 999.999 0.999 999.999 0.999 9.999 0.999 9.999 0.999000
270.291667 271.291667 9999.99 0.999 999.99 0.999 9.999 0.999000 99.99 0.999000 99.999 0.999000 99.999 0.999 99.999 0.999 999.999 0.999 999.999 0.999 999.999 0.999 9.999 0.999 9.999 0.999000
273.291667 274.291667 9999.99 0.999 999.99 0.999 9.999 0.999000 99.99 0.999000 99.999 0.999000 99.999 0.999 99.999 0.999 999.999 0.999 999.999 0.999 999.999 0.999 9.999 0.999 9.999 0.999000
276.291667 277.291667   73.05 0.000   2.34 0.000 9.999 0.259000 99.99 0.259000  0.067 0.000000  1.140 0.000  1.595 0.000   7.652 0.000   3.933 0.000   3.719 0.000 0.039 0.000 0.241 0.000000
279.291667 280.291667   89.16 0.000   2.54 0.000 9.999 0.259000 99.99 0.259000  0.089 0.000000  0.979 0.000  1.370 0.000   8.754 0.000   4.928 0.000   3.826 0.000 0.054 0.000 0.220 0.000000
282.291667 283.291667   67.45 0.559   1.13 0.559 9.999 0.559259 99.99 0.559259  0.036 0.000000  0.824 0.000  1.154 0.000   7.195 0.000   3.203 0.000   3.992 0.559 0.038 0.559 0.440 0.000000
285.291667 286.291667   64.65 0.000   1.15 0.000 9.999 0.259000  0.40 0.000000  0.074 0.000000  0.503 0.000  0.705 0.000   2.964 0.000   0.368 0.000   2.596 0.000 0.036 0.000 0.137 0.000000
288.291667 289.291667   65.63 0.559   1.62 0.559 9.999 0.559259 99.99 0.559259  0.098 0.000000  0.952 0.000  1.332 0.000   5.008 0.000   0.693 0.000   4.315 0.559 0.030 0.559 0.436 0.000000
291.291667 292.291667   53.45 0.000   0.95 0.000 9.999 0.259000 99.99 0.259000  0.044 0.000000  0.757 0.000  1.060 0.000 999.999 0.456 999.999 0.999   2.945 0.000 0.019 0.000 0.264 0.000000
