scripts/IMPROVE-2019_partial/data/US0051R.20020303060000.20191216000000.filterpack..pm25.10mo.1w.US03L_filterpack_US0051.US03L_IMPROVE_Davis.lev2.nas
66 1001
MISSING INFORMATION
US03L, IMPROVE, , , , , , , 
MISSING INFORMATION
IMPROVE sel_HTAP
1 1
2002 01 01 2019 12 16
3.00
days from file reference point
27
1 1 1 1 1 1 1 1 1 1 1 1 1 1 1 1 1 1 1 1 1 1 1 1 1 1 1
999.99 99999.99 9.999 99.99 9.999 9.999 9.999999 9.99 9.999999 99.999 9.999 99.999 9.999 99.999 9.999 9999.99 9.999999 9999.999 9.999 999.999 9.999 999.999 9.999 9.999 9.999 99.999 9.999
end_time of measurement, days from the file reference point
iron, ng/m3, Revision date=20181210133000
numflag iron, no unit, Revision date=20181210133000
lead, ng/m3, Revision date=20181210133000
numflag lead, no unit, Revision date=20181210133000
magnesium, ug/m3, Revision date=20181210133000
numflag magnesium, no unit, Revision date=20181210133000
nickel, ng/m3, Revision date=20181210133000
numflag nickel, no unit, Revision date=20181210133000
nitrate, ug N/m3, Revision date=20181210133000
numflag nitrate, no unit, Revision date=20181210133000
organic_carbon, ug C/m3, Revision date=20181210133000
numflag organic_carbon, no unit, Revision date=20181210133000
organic_mass, ug/m3, Revision date=20181210133000
numflag organic_mass, no unit, Revision date=20181210133000
phosphorus, ng/m3, Revision date=20181210133000
numflag phosphorus, no unit, Revision date=20181210133000
pm10_mass, ug/m3, Version=2, Version description=Data extracted from http://views.cira.colostate.edu/fed/DataWizard 2019-12-16, Sample duration=1d, Orig. time res.=3d, Matrix=pm10, Blank correction=Blank corrected, Volume std. temperature=ambient, Volume std. pressure=ambient
numflag pm10_mass, no unit, Version=2, Version description=Data extracted from http://views.cira.colostate.edu/fed/DataWizard 2019-12-16, Sample duration=1d, Orig. time res.=3d, Matrix=pm10, Blank correction=Blank corrected, Volume std. temperature=ambient, Volume std. pressure=ambient
pm10_pm25_mass, ug/m3, Revision date=20181210133000, Matrix=pm10_pm25
numflag pm10_pm25_mass, no unit, Revision date=20181210133000, Matrix=pm10_pm25
pm25_mass, ug/m3, Version=2, Version description=Data extracted from http://views.cira.colostate.edu/fed/DataWizard 2019-12-16, Sample duration=1d, Orig. time res.=3d, Blank correction=Blank corrected, Volume std. temperature=ambient, Volume std. pressure=ambient
numflag pm25_mass, no unit, Version=2, Version description=Data extracted from http://views.cira.colostate.edu/fed/DataWizard 2019-12-16, Sample duration=1d, Orig. time res.=3d, Blank correction=Blank corrected, Volume std. temperature=ambient, Volume std. pressure=ambient
potassium, ug/m3, Revision date=20181210133000
numflag potassium, no unit, Revision date=20181210133000
sulphate_total, ug S/m3, Revision date=20181210133000
numflag sulphate_total, no unit, Revision date=20181210133000
0
25
Data definition:              EBAS_1.1
Set type code:                TU
Timezone:                     UTC
File name:                    US0051R.20020303060000.20191216000000.filterpack..pm25.10mo.1w.US03L_filterpack_US0051.US03L_IMPROVE_Davis.lev2.nas
File creation:                20191218115829
Startdate:                    20020303060000
Revision date:                20191216000000
Statistics:                   arithmetic mean
Data level:                   2
Period code:                  10mo
Resolution code:              1w
Station code:                 US0051R
Platform code:                US0051S
Station name:                 El Dorado Springs
Station latitude:             37.7009
Station longitude:            -94.0348
Station altitude:             297.0 m
Regime:                       IMG
Component:                    
Matrix:                       pm25
Laboratory code:              US03L
Instrument type:              filterpack
Instrument name:              filterpack_US0051
Method ref:                   US03L_IMPROVE_Davis
starttime endtime Fe flag_Fe Pb flag_Pb Mg++ flag_Mg++ Ni flag_Ni NO3- flag_NO3- OC flag_OC OM flag_OM P flag_P PM10 flag_PM10 PM10-PM2.5 flag_PM10-PM2.5 PM2.5 flag_PM2.5 K+ flag_K+ SO4-- flag_SO4--
[from data line 83]
310.25 311.25    19.67 0.000  3.21 0.000 9.999 0.259000 0.11 0.000000  0.147 0.000  1.645 0.000  2.303 0.000 9999.99 0.259000   10.185 0.000   5.782 0.000   4.403 0.000 0.031 0.000  0.268 0.000
313.25 314.25    30.63 0.000  2.14 0.000 0.022 0.000000 0.12 0.000000  0.085 0.000  1.014 0.000  1.420 0.000 9999.99 0.259000   12.174 0.000   8.628 0.000   3.546 0.000 0.031 0.000  0.232 0.000
316.25 317.25    26.51 0.000  2.21 0.000 9.999 0.259000 9.99 0.259000  0.258 0.000  1.383 0.000  1.936 0.000   35.46 0.000000   13.641 0.000   9.230 0.000   4.411 0.000 0.040 0.000  0.252 0.000
319.25 320.25    34.48 0.000  2.88 0.000 0.017 0.000000 0.09 0.000000  1.802 0.000  2.004 0.000  2.806 0.000 9999.99 0.259000   22.539 0.000   6.775 0.000  15.764 0.000 0.055 0.000  0.816 0.000
322.25 323.25    19.68 0.000  1.02 0.000 0.011 0.000000 9.99 0.259000  0.318 0.000  2.598 0.000  3.637 0.000 9999.99 0.259000   16.654 0.000  10.755 0.000   5.898 0.000 0.051 0.000  0.140 0.000
325.25 326.25    35.50 0.000  1.36 0.000 9.999 0.259000 0.10 0.000000  1.004 0.000  1.851 0.000  2.591 0.000 9999.99 0.259000   23.026 0.000  12.581 0.000  10.445 0.000 0.058 0.000  0.605 0.000
328.25 329.25    19.58 0.000  1.85 0.000 9.999 0.259000 0.13 0.000000  0.408 0.000  1.210 0.000  1.694 0.000 9999.99 0.259000   15.253 0.000   8.924 0.000   6.329 0.000 0.081 0.000  0.477 0.000
331.25 332.25    49.05 0.000  1.99 0.000 0.023 0.000000 0.07 0.000000  1.065 0.000  1.908 0.000  2.671 0.000 9999.99 0.259000   41.749 0.000  30.117 0.000  11.633 0.000 0.056 0.000  0.647 0.000
334.25 335.25    36.85 0.000  1.55 0.000 0.014 0.000000 9.99 0.259000  0.263 0.000  1.742 0.000  2.439 0.000 9999.99 0.259000   24.935 0.000  19.454 0.000   5.481 0.000 0.059 0.000  0.215 0.000
337.25 338.25    38.18 0.000  2.59 0.000 9.999 0.259000 0.14 0.000000  1.013 0.000  1.200 0.000  1.679 0.000 9999.99 0.259000   16.736 0.000   6.056 0.000  10.679 0.000 0.053 0.000  0.512 0.000
340.25 341.25    15.34 0.000  2.69 0.000 9.999 0.259000 9.99 0.259000  2.050 0.000  2.435 0.000  3.409 0.000 9999.99 0.259000   22.273 0.000   5.000 0.000  17.273 0.000 0.046 0.000  0.696 0.000
343.25 344.25    31.34 0.000  3.88 0.000 0.020 0.000000 0.09 0.000000  2.925 0.000  3.766 0.000  5.273 0.000 9999.99 0.259000   33.702 0.000   5.601 0.000  28.100 0.000 0.096 0.000  1.209 0.000
346.25 347.25    31.85 0.000  3.17 0.000 9.999 0.259000 9.99 0.259000  1.888 0.000  2.395 0.000  3.353 0.000 9999.99 0.259000   27.571 0.000   6.440 0.000  21.131 0.000 0.059 0.000  1.598 0.000
349.25 350.25    28.46 0.000  1.66 0.000 9.999 0.259000 0.34 0.000000  0.642 0.000  2.407 0.000  3.370 0.000 9999.99 0.259000   15.501 0.000   4.572 0.000  10.929 0.000 0.056 0.000  1.206 0.000
352.25 353.25    17.82 0.000  0.93 0.000 9.999 0.259000 9.99 0.259000  0.279 0.000  0.701 0.000  0.981 0.000 9999.99 0.259000   10.396 0.000   7.687 0.000   2.709 0.000 0.025 0.000  0.201 0.000
355.25 356.25    20.49 0.000  1.82 0.000 0.021 0.000000 9.99 0.259000  0.683 0.000  1.499 0.000  2.099 0.000 9999.99 0.259000   16.550 0.000   9.721 0.000   6.829 0.000 0.057 0.000  0.277 0.000
358.25 359.25    25.45 0.000  1.47 0.000 9.999 0.259000 9.99 0.259000  1.242 0.000  1.166 0.000  1.633 0.000 9999.99 0.259000   19.192 0.000   7.383 0.000  11.809 0.000 0.039 0.000  0.574 0.000
361.25 362.25    13.72 0.000  1.66 0.000 9.999 0.259000 0.10 0.000000  1.251 0.000  1.685 0.000  2.359 0.000 9999.99 0.259000   14.809 0.000   3.352 0.000  11.457 0.000 0.033 0.000  0.562 0.000
364.25 365.25    11.01 0.000  3.57 0.000 0.029 0.000000 9.99 0.259000  0.175 0.000  0.440 0.000  0.617 0.000 9999.99 0.259000    8.572 0.000   6.096 0.000   2.477 0.000 0.019 0.000  0.201 0.000
