scripts/IMPROVE-2019_partial/data/US0083R.20030103080000.20191216000000.filterpack..pm25.1y.1w.US03L_filterpack_US0083.US03L_IMPROVE_Davis.lev2.nas
66 1001
MISSING INFORMATION
US03L, IMPROVE, , , , , , , 
MISSING INFORMATION
IMPROVE sel_HTAP
1 1
2003 01 01 2019 12 16
3.000000
days from file reference point
27
1 1 1 1 1 1 1 1 1 1 1 1 1 1 1 1 1 1 1 1 1 1 1 1 1 1 1
999.999999 9999.99 9.999 99.99 9.999 9.999 9.999 99.99 9.999 99.999 9.999 99.999 9.999 999.999 9.999 999.99 9.999 999.999 9.999 999.999 9.999 999.999 9.999 9.999 9.999 99.999 9.999
end_time of measurement, days from the file reference point
iron, ng/m3, Revision date=20181210133000
numflag iron, no unit, Revision date=20181210133000
lead, ng/m3, Revision date=20181210133000
numflag lead, no unit, Revision date=20181210133000
magnesium, ug/m3, Revision date=20181210133000
numflag magnesium, no unit, Revision date=20181210133000
nickel, ng/m3, Revision date=20181210133000
numflag nickel, no unit, Revision date=20181210133000
nitrate, ug N/m3, Revision date=20181210133000
numflag nitrate, no unit, Revision date=20181210133000
organic_carbon, ug C/m3, Revision date=20181210133000
numflag organic_carbon, no unit, Revision date=20181210133000
organic_mass, ug/m3, Revision date=20181210133000
numflag organic_mass, no unit, Revision date=20181210133000
phosphorus, ng/m3, Revision date=20181210133000
numflag phosphorus, no unit, Revision date=20181210133000
pm10_mass, ug/m3, Version=2, Version description=Data extracted from http://views.cira.colostate.edu/fed/DataWizard 2019-12-16, Sample duration=1d, Orig. time res.=3d, Matrix=pm10, Blank correction=Blank corrected, Volume std. temperature=ambient, Volume std. pressure=ambient
numflag pm10_mass, no unit, Version=2, Version description=Data extracted from http://views.cira.colostate.edu/fed/DataWizard 2019-12-16, Sample duration=1d, Orig. time res.=3d, Matrix=pm10, Blank correction=Blank corrected, Volume std. temperature=ambient, Volume std. pressure=ambient
pm10_pm25_mass, ug/m3, Revision date=20181210133000, Matrix=pm10_pm25
numflag pm10_pm25_mass, no unit, Revision date=20181210133000, Matrix=pm10_pm25
pm25_mass, ug/m3, Version=2, Version description=Data extracted from http://views.cira.colostate.edu/fed/DataWizard 2019-12-16, Sample duration=1d, Orig. time res.=3d, Blank correction=Blank corrected, Volume std. temperature=ambient, Volume std. pressure=ambient
numflag pm25_mass, no unit, Version=2, Version description=Data extracted from http://views.cira.colostate.edu/fed/DataWizard 2019-12-16, Sample duration=1d, Orig. time res.=3d, Blank correction=Blank corrected, Volume std. temperature=ambient, Volume std. pressure=ambient
potassium, ug/m3, Revision date=20181210133000
numflag potassium, no unit, Revision date=20181210133000
sulphate_total, ug S/m3, Revision date=20181210133000
numflag sulphate_total, no unit, Revision date=20181210133000
0
25
Data definition:              EBAS_1.1
Set type code:                TU
Timezone:                     UTC
File name:                    US0083R.20030103080000.20191216000000.filterpack..pm25.1y.1w.US03L_filterpack_US0083.US03L_IMPROVE_Davis.lev2.nas
File creation:                20191218120102
Startdate:                    20030103080000
Revision date:                20191216000000
Statistics:                   arithmetic mean
Data level:                   2
Period code:                  1y
Resolution code:              1w
Station code:                 US0083R
Platform code:                US0083S
Station name:                 Columbia River Gorge
Station latitude:             45.6644
Station longitude:            -121.0008
Station altitude:             178.0 m
Regime:                       IMG
Component:                    
Matrix:                       pm25
Laboratory code:              US03L
Instrument type:              filterpack
Instrument name:              filterpack_US0083
Method ref:                   US03L_IMPROVE_Davis
starttime endtime Fe flag_Fe Pb flag_Pb Mg++ flag_Mg++ Ni flag_Ni NO3- flag_NO3- OC flag_OC OM flag_OM P flag_P PM10 flag_PM10 PM10-PM2.5 flag_PM10-PM2.5 PM2.5 flag_PM2.5 K+ flag_K+ SO4-- flag_SO4--
[from data line 84]
254.333333 255.333333   94.88 0.000  0.44 0.000 9.999 0.259  0.07 0.000  0.110 0.559  0.687 0.000   0.962 0.000 999.99 0.259   8.384 0.000   3.526 0.000   4.858 0.000 0.040 0.000  0.329 0.559
257.333333 258.333333   94.43 0.000  1.07 0.000 9.999 0.259  0.13 0.000  0.108 0.559  0.811 0.000   1.135 0.000 999.99 0.259  11.010 0.000   6.231 0.000   4.780 0.000 0.048 0.000  0.282 0.559
260.333333 261.333333  126.04 0.000  0.59 0.000 9.999 0.259  0.12 0.000  0.061 0.559  1.406 0.000   1.968 0.000 999.99 0.259   6.691 0.000   2.032 0.000   4.660 0.000 0.036 0.000  0.176 0.559
263.333333 264.333333  101.87 0.000  1.21 0.000 9.999 0.259  0.12 0.000  0.062 0.559  1.375 0.000   1.925 0.000 999.99 0.259   6.617 0.000   0.865 0.000   5.752 0.000 0.047 0.000  0.287 0.559
266.333333 267.333333  183.14 0.000  1.21 0.000 9.999 0.259  0.26 0.000  0.050 0.559  2.481 0.000   3.473 0.000 999.99 0.259  14.491 0.000   7.096 0.000   7.395 0.000 0.057 0.000  0.240 0.559
269.333333 270.333333  187.47 0.000  0.53 0.000 9.999 0.259 99.99 0.259  0.036 0.559  2.358 0.000   3.301 0.000 999.99 0.259  14.456 0.000   8.353 0.000   6.103 0.000 0.047 0.000  0.140 0.559
272.333333 273.333333  111.70 0.000  0.54 0.000 9.999 0.259 99.99 0.259  0.052 0.559  2.204 0.000   3.085 0.000 999.99 0.259  13.683 0.000   6.580 0.000   7.103 0.000 0.045 0.000  0.393 0.559
275.333333 276.333333  297.79 0.000  1.62 0.000 9.999 0.259  0.22 0.000  0.139 0.559  3.769 0.000   5.277 0.000 999.99 0.259  17.631 0.000   4.316 0.000  13.315 0.000 0.099 0.000  0.667 0.559
278.333333 279.333333   94.62 0.000  1.77 0.000 0.038 0.000  0.16 0.000  0.077 0.559  2.790 0.000   3.906 0.000 999.99 0.259  12.421 0.000   4.244 0.000   8.177 0.000 0.052 0.000  0.495 0.559
281.333333 282.333333   57.28 0.000  0.56 0.000 9.999 0.259  0.05 0.000  0.054 0.559  0.465 0.000   0.651 0.000 999.99 0.259   4.991 0.000   1.519 0.000   3.472 0.000 0.034 0.000  0.132 0.559
284.333333 285.333333   20.71 0.000  0.47 0.000 0.042 0.000  0.07 0.000  0.043 0.559  0.356 0.000   0.499 0.000  12.43 0.000   5.289 0.000   1.772 0.000   3.517 0.000 0.029 0.000  0.104 0.559
287.333333 288.333333   46.45 0.000  0.98 0.000 9.999 0.259  0.11 0.000  0.228 0.559  1.742 0.000   2.439 0.000 999.99 0.259 999.999 0.999 999.999 0.999   5.231 0.000 0.034 0.000  0.259 0.559
290.333333 291.333333   56.17 0.000  2.53 0.000 9.999 0.259 99.99 0.259  0.067 0.559  4.036 0.000   5.651 0.000 999.99 0.259 999.999 0.999 999.999 0.999   8.512 0.000 0.062 0.000  0.177 0.559
293.333333 294.333333   53.26 0.000  0.87 0.000 0.053 0.000 99.99 0.259  0.022 0.559  1.404 0.000   1.965 0.000 999.99 0.259   3.027 0.000   0.255 0.000   2.772 0.000 0.023 0.000  0.060 0.559
296.333333 297.333333   70.45 0.000  0.43 0.000 0.032 0.000  1.48 0.000  0.099 0.000  1.377 0.000   1.928 0.000 999.99 0.259 999.999 0.999 999.999 0.999   4.428 0.000 0.043 0.000  0.125 0.000
299.333333 300.333333   75.08 0.000  1.91 0.000 0.022 0.000 99.99 0.259  0.051 0.000  2.595 0.000   3.633 0.000 999.99 0.259  22.817 0.000  16.918 0.000   5.900 0.000 0.054 0.000  0.125 0.000
302.333333 303.333333  123.48 0.000  0.41 0.000 9.999 0.259  0.11 0.000  0.032 0.000  0.875 0.000   1.225 0.000 999.99 0.259  30.733 0.000  26.266 0.000   4.466 0.000 0.055 0.000  0.169 0.000
305.333333 306.333333   57.61 0.000  2.37 0.000 9.999 0.259 99.99 0.259  0.346 0.000  1.881 0.000   2.633 0.000 999.99 0.259  12.582 0.000   6.372 0.000   6.210 0.000 0.078 0.000  0.278 0.000
308.333333 309.333333   71.93 0.000  1.05 0.000 9.999 0.259  0.15 0.000  0.433 0.000  3.738 0.000   5.233 0.000 999.99 0.259  33.394 0.000  22.684 0.000  10.710 0.000 0.087 0.000  0.508 0.000
311.333333 312.333333  327.59 0.000  2.97 0.000 0.031 0.000  0.40 0.000  0.984 0.000  8.538 0.000  11.953 0.000 999.99 0.259  29.903 0.000   9.664 0.000  20.239 0.000 0.174 0.000  0.427 0.000
314.333333 315.333333   39.15 0.000  0.40 0.000 0.044 0.000  0.14 0.000  0.059 0.000  0.974 0.000   1.363 0.000 999.99 0.259  20.759 0.000  16.727 0.000   4.032 0.000 0.041 0.000  0.135 0.000
317.333333 318.333333  120.31 0.000  1.23 0.000 0.034 0.000  0.16 0.000  1.009 0.000  4.371 0.000   6.120 0.000 999.99 0.259  31.826 0.000  16.517 0.000  15.309 0.000 0.138 0.000  0.396 0.000
320.333333 321.333333   17.05 0.000  0.29 0.000 9.999 0.259  0.12 0.000  0.039 0.000  0.760 0.000   1.064 0.000 999.99 0.259  11.696 0.000   8.967 0.000   2.729 0.000 0.029 0.000  0.067 0.000
323.333333 324.333333   22.60 0.000  0.53 0.000 9.999 0.259  0.16 0.000  0.053 0.000  1.398 0.000   1.957 0.000 999.99 0.259   8.644 0.000   5.860 0.000   2.784 0.000 0.033 0.000  0.061 0.000
326.333333 327.333333   25.12 0.000  2.94 0.000 9.999 0.259 99.99 0.259  0.149 0.000  3.062 0.000   4.287 0.000 999.99 0.259   7.055 0.000   1.493 0.000   5.562 0.000 0.046 0.000  0.131 0.000
329.333333 330.333333   20.24 0.000  0.71 0.000 0.035 0.000  0.15 0.000  0.060 0.000  0.679 0.000   0.950 0.000 999.99 0.259   5.013 0.000   2.893 0.000   2.120 0.000 0.015 0.000  0.086 0.000
332.333333 333.333333   17.53 0.000  1.49 0.000 9.999 0.259  0.13 0.000  0.101 0.000  2.367 0.000   3.314 0.000 999.99 0.259   4.765 0.000   0.863 0.000   3.902 0.000 0.051 0.000  0.070 0.000
335.333333 336.333333   32.50 0.000  3.51 0.000 0.038 0.000 99.99 0.259  0.542 0.000  2.232 0.000   3.124 0.000 999.99 0.259  10.900 0.000   1.636 0.000   9.263 0.000 0.067 0.000  1.082 0.000
338.333333 339.333333   47.34 0.000  0.77 0.000 9.999 0.259  0.07 0.000  0.663 0.000  2.351 0.000   3.291 0.000 999.99 0.259   7.646 0.000   1.508 0.000   6.138 0.000 0.037 0.000  0.194 0.000
341.333333 342.333333   35.37 0.000  0.65 0.000 9.999 0.259  0.09 0.000  0.144 0.000  1.526 0.000   2.137 0.000 999.99 0.259   4.021 0.000   1.009 0.000   3.011 0.000 0.018 0.000  0.082 0.000
344.333333 345.333333   31.40 0.000  0.29 0.000 9.999 0.259  0.16 0.000  0.519 0.000  0.978 0.000   1.369 0.000 999.99 0.259   4.913 0.000   1.379 0.000   3.534 0.000 0.020 0.000  0.187 0.000
347.333333 348.333333    6.96 0.000  0.31 0.000 0.053 0.000  0.13 0.000  0.012 0.000  0.194 0.000   0.272 0.000 999.99 0.259   1.588 0.000   0.824 0.000   0.765 0.000 0.007 0.000  0.020 0.000
350.333333 351.333333   28.66 0.000  0.69 0.000 9.999 0.259  0.09 0.000  0.264 0.000  1.675 0.000   2.344 0.000 999.99 0.259   4.227 0.000   0.972 0.000   3.255 0.000 0.023 0.000  0.107 0.000
353.333333 354.333333   77.06 0.000  2.24 0.000 9.999 0.259  0.20 0.000  0.978 0.000  3.287 0.000   4.602 0.000 999.99 0.259  12.264 0.000   1.320 0.000  10.944 0.000 0.048 0.000  0.858 0.000
356.333333 357.333333   11.96 0.000  0.67 0.000 9.999 0.259  0.08 0.000  0.872 0.000  1.312 0.000   1.837 0.000 999.99 0.259   6.131 0.000   1.232 0.000   4.900 0.000 0.022 0.000  0.344 0.000
359.333333 360.333333   12.92 0.000  0.27 0.000 0.052 0.000  0.14 0.000  0.055 0.000  0.712 0.000   0.996 0.000 999.99 0.259   3.140 0.000   1.296 0.000   1.844 0.000 0.015 0.000  0.074 0.000
362.333333 363.333333    5.34 0.000  0.77 0.000 9.999 0.259 99.99 0.259  0.142 0.000  0.604 0.000   0.845 0.000 999.99 0.259   3.472 0.000   2.284 0.000   1.189 0.000 0.011 0.000  0.077 0.000
