scripts/IMPROVE-2019_partial/data/US0011R.20060102060000.20191216000000.filterpack..pm25.52w.1w.US03L_filterpack_US0011.US03L_IMPROVE_Davis.lev2.nas
64 1001
MISSING INFORMATION
US03L, IMPROVE, , , , , , , 
MISSING INFORMATION
IMPROVE sel_HTAP
1 1
2006 01 01 2019 12 16
3.00
days from file reference point
25
1 1 1 1 1 1 1 1 1 1 1 1 1 1 1 1 1 1 1 1 1 1 1 1 1
999.99 9999.99 9.999 99.99 9.999 9.999 9.999 9.99 9.999 9.999 9.999 99.999 9.999 999.999 9.999 999.999 9.999 999.999 9.999 999.999 9.999 9.999 9.999 99.999 9.999
end_time of measurement, days from the file reference point
iron, ng/m3, Revision date=20181210133000
numflag iron, no unit, Revision date=20181210133000
lead, ng/m3, Revision date=20181210133000
numflag lead, no unit, Revision date=20181210133000
magnesium, ug/m3, Revision date=20181210133000
numflag magnesium, no unit, Revision date=20181210133000
nickel, ng/m3, Revision date=20181210133000
numflag nickel, no unit, Revision date=20181210133000
nitrate, ug N/m3, Revision date=20181210133000
numflag nitrate, no unit, Revision date=20181210133000
organic_carbon, ug C/m3, Revision date=20181210133000
numflag organic_carbon, no unit, Revision date=20181210133000
organic_mass, ug/m3, Revision date=20181210133000
numflag organic_mass, no unit, Revision date=20181210133000
pm10_mass, ug/m3, Version=2, Version description=Data extracted from http://views.cira.colostate.edu/fed/DataWizard 2019-12-16, Sample duration=1d, Orig. time res.=3d, Matrix=pm10, Blank correction=Blank corrected, Volume std. temperature=ambient, Volume std. pressure=ambient
numflag pm10_mass, no unit, Version=2, Version description=Data extracted from http://views.cira.colostate.edu/fed/DataWizard 2019-12-16, Sample duration=1d, Orig. time res.=3d, Matrix=pm10, Blank correction=Blank corrected, Volume std. temperature=ambient, Volume std. pressure=ambient
pm10_pm25_mass, ug/m3, Revision date=20181210133000, Matrix=pm10_pm25
numflag pm10_pm25_mass, no unit, Revision date=20181210133000, Matrix=pm10_pm25
pm25_mass, ug/m3, Version=2, Version description=Data extracted from http://views.cira.colostate.edu/fed/DataWizard 2019-12-16, Sample duration=1d, Orig. time res.=3d, Blank correction=Blank corrected, Volume std. temperature=ambient, Volume std. pressure=ambient
numflag pm25_mass, no unit, Version=2, Version description=Data extracted from http://views.cira.colostate.edu/fed/DataWizard 2019-12-16, Sample duration=1d, Orig. time res.=3d, Blank correction=Blank corrected, Volume std. temperature=ambient, Volume std. pressure=ambient
potassium, ug/m3, Revision date=20181210133000
numflag potassium, no unit, Revision date=20181210133000
sulphate_total, ug S/m3, Revision date=20181210133000
numflag sulphate_total, no unit, Revision date=20181210133000
0
25
Data definition:              EBAS_1.1
Set type code:                TU
Timezone:                     UTC
File name:                    US0011R.20060102060000.20191216000000.filterpack..pm25.52w.1w.US03L_filterpack_US0011.US03L_IMPROVE_Davis.lev2.nas
File creation:                20191218115608
Startdate:                    20060102060000
Revision date:                20191216000000
Statistics:                   arithmetic mean
Data level:                   2
Period code:                  52w
Resolution code:              1w
Station code:                 US0011R
Platform code:                US0011S
Station name:                 Caney Creek
Station latitude:             34.4544
Station longitude:            -94.1429
Station altitude:             683.0 m
Regime:                       IMG
Component:                    
Matrix:                       pm25
Laboratory code:              US03L
Instrument type:              filterpack
Instrument name:              filterpack_US0011
Method ref:                   US03L_IMPROVE_Davis
starttime endtime Fe flag_Fe Pb flag_Pb Mg++ flag_Mg++ Ni flag_Ni NO3- flag_NO3- OC flag_OC OM flag_OM PM10 flag_PM10 PM10-PM2.5 flag_PM10-PM2.5 PM2.5 flag_PM2.5 K+ flag_K+ SO4-- flag_SO4--
  1.25   2.25 9999.99 0.999 99.99 0.999 9.999 0.999 9.99 0.999 9.999 0.999 99.999 0.999 999.999 0.999 999.999 0.999 999.999 0.999 999.999 0.999 9.999 0.999 99.999 0.999
  4.25   5.25   15.04 0.000  0.38 0.000 9.999 0.259 9.99 0.259 0.029 0.000  0.227 0.000   0.317 0.000   6.010 0.000   4.728 0.000   1.282 0.000 0.008 0.000  0.067 0.000
  7.25   8.25   40.10 0.000  1.06 0.000 9.999 0.259 9.99 0.259 0.051 0.000  1.010 0.000   1.414 0.000  17.466 0.000  13.539 0.000   3.928 0.000 0.059 0.000  0.242 0.000
 10.25  11.25   20.52 0.000  0.93 0.000 9.999 0.259 9.99 0.259 0.125 0.000  0.592 0.000   0.829 0.000   8.562 0.000   5.567 0.000   2.994 0.000 0.020 0.000  0.333 0.000
 13.25  14.25    7.44 0.000  0.35 0.000 9.999 0.259 9.99 0.259 0.064 0.000  0.293 0.000   0.410 0.000   2.817 0.000   1.444 0.000   1.373 0.000 0.008 0.000  0.105 0.000
 16.25  17.25   12.25 0.000  0.49 0.000 9.999 0.259 9.99 0.259 0.309 0.000  0.436 0.559   0.610 0.559   8.556 0.000   4.255 0.000   4.301 0.000 0.016 0.000  0.686 0.000
 19.25  20.25   21.80 0.000  0.96 0.000 0.030 0.000 0.38 0.000 0.280 0.000  0.748 0.000   1.048 0.000  12.854 0.000   7.134 0.000   5.720 0.000 0.035 0.000  0.638 0.000
 22.25  23.25    5.86 0.000  0.98 0.000 9.999 0.259 9.99 0.259 0.170 0.000  0.564 0.000   0.790 0.000   3.877 0.000   1.166 0.000   2.711 0.000 0.015 0.000  0.327 0.000
 25.25  26.25   11.89 0.000  1.48 0.000 9.999 0.259 9.99 0.259 0.048 0.000  0.896 0.559   1.255 0.559   5.010 0.000   2.572 0.000   2.438 0.000 0.033 0.000  0.105 0.000
 28.25  29.25   44.85 0.000  1.08 0.000 0.010 0.000 0.08 0.000 0.056 0.000  0.674 0.559   0.944 0.559  12.465 0.000   9.002 0.000   3.463 0.000 0.035 0.000  0.284 0.000
 31.25  32.25   22.78 0.000  0.95 0.000 0.015 0.000 0.34 0.000 0.228 0.000  1.960 0.000   2.743 0.000  14.241 0.000   7.424 0.000   6.817 0.000 0.088 0.000  0.403 0.000
 34.25  35.25   16.64 0.000  0.55 0.000 9.999 0.259 9.99 0.259 0.230 0.000  0.257 0.559   0.360 0.559   4.978 0.000   2.656 0.000   2.323 0.000 0.012 0.000  0.340 0.000
 37.25  38.25   32.43 0.000  1.08 0.000 9.999 0.259 9.99 0.259 0.318 0.000  0.598 0.000   0.837 0.000   9.026 0.000   5.902 0.000   3.124 0.000 0.022 0.000  0.303 0.000
 40.25  41.25   14.26 0.000  2.53 0.000 9.999 0.259 0.13 0.000 0.363 0.000  2.567 0.000   3.594 0.000  10.960 0.000   2.713 0.000   8.247 0.000 0.051 0.000  0.476 0.000
 43.25  44.25   21.35 0.000  0.88 0.000 9.999 0.259 9.99 0.259 0.335 0.000  0.501 0.000   0.701 0.000   8.433 0.000   5.095 0.000   3.338 0.000 0.023 0.000  0.397 0.000
 46.25  47.25   24.16 0.000  1.18 0.000 0.033 0.000 0.45 0.000 0.290 0.000  1.258 0.000   1.762 0.000  15.126 0.000   7.670 0.000   7.456 0.000 0.065 0.000  1.022 0.000
 49.25  50.25   18.50 0.000  2.74 0.000 0.016 0.000 9.99 0.259 0.242 0.000  0.899 0.559   1.259 0.559   6.809 0.000   2.233 0.000   4.576 0.000 0.051 0.000  0.395 0.000
 52.25  53.25 9999.99 0.999 99.99 0.999 9.999 0.999 9.99 0.999 9.999 0.999 99.999 0.999 999.999 0.999 999.999 0.999 999.999 0.999 999.999 0.999 9.999 0.999 99.999 0.999
 55.25  56.25   20.96 0.000  1.98 0.000 9.999 0.259 0.13 0.000 0.242 0.000  1.657 0.559   2.320 0.559   8.449 0.000   2.776 0.000   5.673 0.000 0.049 0.000  0.490 0.000
 58.25  59.25   39.53 0.000  1.77 0.000 9.999 0.259 0.44 0.000 0.261 0.000  1.772 0.000   2.481 0.000  15.887 0.000   6.336 0.000   9.551 0.000 0.058 0.000  1.145 0.000
 61.25  62.25   36.95 0.000  1.29 0.000 9.999 0.259 9.99 0.259 0.250 0.000  2.051 0.000   2.871 0.000  16.595 0.000   9.863 0.000   6.731 0.000 0.046 0.000  0.537 0.000
 64.25  65.25   47.11 0.000  2.62 0.000 9.999 0.259 0.18 0.000 0.375 0.000  2.428 0.000   3.400 0.000  20.124 0.000   8.713 0.000  11.411 0.000 0.077 0.000  1.171 0.000
 67.25  68.25   28.18 0.000  0.44 0.000 9.999 0.259 0.17 0.000 0.059 0.000  0.663 0.559   0.928 0.559   9.341 0.000   5.939 0.000   3.402 0.000 0.031 0.000  0.394 0.000
 70.25  71.25   20.43 0.000  0.62 0.000 0.044 0.000 0.98 0.000 0.225 0.000  2.036 0.559   2.851 0.559  18.682 0.000   6.568 0.000  12.114 0.000 0.168 0.000  1.644 0.000
 73.25  74.25   23.59 0.000  1.15 0.000 9.999 0.259 9.99 0.259 0.097 0.000  2.224 0.000   3.113 0.000  10.955 0.000   4.807 0.000   6.148 0.000 0.042 0.000  0.378 0.000
 76.25  77.25   20.97 0.000  2.66 0.000 9.999 0.259 9.99 0.259 0.754 0.000  7.986 0.000  11.181 0.000  24.731 0.000   0.083 0.000  24.648 0.000 0.056 0.000  1.697 0.000
 79.25  80.25    4.28 0.000  0.81 0.000 9.999 0.259 9.99 0.259 0.166 0.000  0.546 0.000   0.764 0.000 999.999 0.456 999.999 0.999   4.014 0.000 0.014 0.000  0.716 0.000
 82.25  83.25   10.85 0.000  2.17 0.000 9.999 0.259 9.99 0.259 0.397 0.000  0.941 0.559   1.317 0.559   5.408 0.000   1.714 0.000   3.695 0.000 0.029 0.000  0.343 0.000
 85.25  86.25   14.42 0.000  2.00 0.000 9.999 0.259 0.28 0.000 0.236 0.000  2.319 0.559   3.247 0.559  11.162 0.000   2.595 0.000   8.567 0.000 0.053 0.000  0.733 0.000
 88.25  89.25   25.25 0.000  0.97 0.000 9.999 0.259 0.56 0.000 0.137 0.000  1.035 0.000   1.448 0.000  12.101 0.000   4.361 0.000   7.741 0.000 0.054 0.000  1.291 0.000
 91.25  92.25   30.46 0.000  0.96 0.000 9.999 0.259 0.49 0.000 0.113 0.000  1.160 0.000   1.623 0.000  12.302 0.000   5.279 0.000   7.023 0.000 0.085 0.000  0.988 0.000
 94.25  95.25   45.67 0.000  2.28 0.000 9.999 0.259 0.55 0.000 0.151 0.000  3.042 0.000   4.259 0.000  21.192 0.000   6.191 0.000  15.000 0.000 0.099 0.000  1.757 0.000
 97.25  98.25   51.86 0.000  1.77 0.000 0.020 0.000 9.99 0.259 0.285 0.000  1.049 0.000   1.469 0.000  12.989 0.000   5.978 0.000   7.011 0.000 0.051 0.000  0.958 0.000
100.25 101.25   66.96 0.000  3.16 0.000 0.026 0.000 0.58 0.000 0.112 0.000  2.464 0.000   3.449 0.000  20.899 0.000   7.375 0.000  13.524 0.000 0.074 0.000  1.749 0.000
103.25 104.25   54.32 0.000  1.30 0.000 0.040 0.000 0.68 0.000 0.205 0.000  2.112 0.000   2.957 0.000  20.379 0.000   9.986 0.000  10.393 0.000 0.060 0.000  1.211 0.000
106.25 107.25   66.78 0.000  1.35 0.000 0.089 0.000 0.41 0.000 0.239 0.000  2.256 0.000   3.158 0.000  27.239 0.000  11.683 0.000  15.556 0.000 0.120 0.000  2.085 0.000
109.25 110.25   59.70 0.000  0.89 0.000 9.999 0.259 0.29 0.000 0.068 0.000  2.180 0.000   3.051 0.000  19.557 0.000  11.692 0.000   7.865 0.000 0.074 0.000  0.558 0.000
112.25 113.25   95.66 0.000  1.98 0.000 0.035 0.000 0.29 0.000 0.062 0.000  2.487 0.000   3.482 0.000  21.689 0.000  10.665 0.000  11.024 0.000 0.093 0.000  0.842 0.000
115.25 116.25    9.54 0.000  0.83 0.000 9.999 0.259 9.99 0.259 0.156 0.000  0.671 0.000   0.940 0.000   9.128 0.000   5.888 0.000   3.240 0.000 0.013 0.000  0.502 0.000
118.25 119.25   22.74 0.000  1.37 0.000 9.999 0.259 0.14 0.000 0.066 0.000  1.079 0.000   1.511 0.000  11.453 0.000   7.016 0.000   4.436 0.000 0.029 0.000  0.440 0.000
121.25 122.25   79.85 0.000  1.08 0.000 9.999 0.259 0.35 0.000 0.128 0.000  1.671 0.000   2.339 0.000  31.285 0.000  20.792 0.000  10.493 0.000 0.107 0.000  1.305 0.000
124.25 125.25   24.01 0.000  1.33 0.000 9.999 0.259 9.99 0.259 0.176 0.000  0.834 0.000   1.167 0.000  16.910 0.000  12.088 0.000   4.822 0.000 0.032 0.000  0.713 0.000
127.25 128.25   22.81 0.000  1.41 0.000 9.999 0.259 0.12 0.000 0.141 0.000  1.109 0.000   1.553 0.000  14.446 0.000   5.018 0.000   9.428 0.000 0.042 0.000  1.450 0.000
130.25 131.25   25.89 0.000  0.66 0.000 9.999 0.259 9.99 0.259 0.030 0.000  0.476 0.000   0.666 0.000   8.395 0.000   5.553 0.000   2.842 0.000 0.022 0.000  0.299 0.000
133.25 134.25   55.37 0.000  1.00 0.000 9.999 0.259 9.99 0.259 0.032 0.000  0.824 0.000   1.154 0.000  12.108 0.000   7.734 0.000   4.374 0.000 0.042 0.000  0.401 0.000
136.25 137.25   33.01 0.000  1.00 0.000 9.999 0.259 9.99 0.259 0.045 0.000  0.898 0.000   1.257 0.000  12.618 0.000   7.890 0.000   4.727 0.000 0.031 0.000  0.496 0.000
139.25 140.25   66.92 0.000  1.11 0.000 9.999 0.259 0.22 0.000 0.103 0.000  2.574 0.000   3.603 0.000  23.216 0.000  11.715 0.000  11.501 0.000 0.084 0.000  1.166 0.000
142.25 143.25   60.10 0.000  1.19 0.000 9.999 0.259 0.80 0.000 0.082 0.000  2.829 0.000   3.960 0.000  22.734 0.000   7.153 0.000  15.581 0.000 0.189 0.000  1.828 0.000
145.25 146.25   83.78 0.000  0.63 0.000 9.999 0.259 0.36 0.000 0.101 0.000  1.500 0.000   2.100 0.000  16.207 0.000   7.453 0.000   8.754 0.000 0.065 0.000  0.912 0.000
148.25 149.25   86.85 0.000  0.59 0.000 9.999 0.259 0.58 0.000 0.088 0.000  1.244 0.000   1.741 0.000  13.307 0.000   4.803 0.000   8.504 0.000 0.072 0.000  1.052 0.000
151.25 152.25   44.60 0.000  1.48 0.000 0.024 0.000 0.21 0.000 0.045 0.000  2.371 0.000   3.319 0.000  14.058 0.000   3.287 0.000  10.772 0.000 0.050 0.000  1.376 0.000
154.25 155.25   38.65 0.000  1.79 0.000 9.999 0.259 9.99 0.259 0.032 0.000  1.769 0.000   2.477 0.000  19.520 0.000   7.549 0.000  11.972 0.000 0.048 0.000  1.206 0.000
157.25 158.25   31.30 0.000  0.97 0.000 9.999 0.259 0.13 0.000 0.056 0.000  2.062 0.000   2.887 0.000  18.340 0.000   8.067 0.000  10.273 0.000 0.066 0.000  1.151 0.000
160.25 161.25   73.24 0.000  2.12 0.000 9.999 0.259 0.21 0.000 0.051 0.000  4.031 0.000   5.644 0.000  29.206 0.000   9.991 0.000  19.215 0.000 0.152 0.000  2.101 0.000
163.25 164.25   43.42 0.000  3.13 0.000 9.999 0.259 9.99 0.259 0.040 0.000  1.505 0.000   2.107 0.000  18.665 0.000   5.184 0.000  13.481 0.000 0.071 0.000  2.065 0.000
166.25 167.25   87.81 0.000  1.19 0.000 0.046 0.000 0.52 0.000 0.067 0.000  1.897 0.000   2.656 0.000  20.335 0.000   5.523 0.000  14.812 0.000 0.083 0.000  2.062 0.000
169.25 170.25   71.35 0.000  0.32 0.000 0.033 0.000 9.99 0.259 0.072 0.000  1.055 0.000   1.478 0.000   9.783 0.000   3.459 0.000   6.324 0.000 0.050 0.000  0.597 0.000
172.25 173.25  111.04 0.000  0.66 0.000 0.039 0.000 0.54 0.000 0.069 0.000  1.167 0.000   1.634 0.000  15.670 0.000   7.290 0.000   8.380 0.000 0.058 0.000  0.973 0.000
175.25 176.25   25.04 0.000  2.00 0.000 0.032 0.000 9.99 0.259 0.028 0.000  1.927 0.000   2.697 0.000  15.977 0.000   5.085 0.000  10.892 0.000 0.048 0.000  1.322 0.000
178.25 179.25   33.24 0.000  0.94 0.000 9.999 0.259 9.99 0.259 0.024 0.000  2.302 0.000   3.223 0.000  15.669 0.000   7.588 0.000   8.081 0.000 0.047 0.000  0.587 0.000
181.25 182.25   36.96 0.000  1.61 0.000 9.999 0.259 0.20 0.000 0.029 0.000  5.419 0.000   9.755 0.000  25.942 0.000   5.699 0.000  20.243 0.000 0.064 0.000  1.821 0.000
184.25 185.25   25.35 0.000  1.19 0.000 9.999 0.259 9.99 0.259 0.048 0.000  1.252 0.000   2.254 0.000  11.366 0.000   3.323 0.000   8.043 0.000 0.050 0.000  1.188 0.000
187.25 188.25   33.03 0.000  1.10 0.000 9.999 0.259 0.10 0.000 0.024 0.000  2.023 0.000   3.641 0.000  17.069 0.000   7.727 0.000   9.341 0.000 0.048 0.000  0.818 0.000
190.25 191.25  123.93 0.000  1.10 0.000 9.999 0.259 0.28 0.000 0.076 0.000  1.525 0.000   2.745 0.000  15.535 0.000   4.261 0.000  11.274 0.000 0.059 0.000  1.284 0.000
193.25 194.25  643.29 0.000  2.03 0.000 9.999 0.259 0.46 0.000 0.128 0.000  1.470 0.000   2.645 0.000  36.924 0.000  19.613 0.000  17.311 0.000 0.209 0.000  0.708 0.000
196.25 197.25   83.10 0.000  1.15 0.000 9.999 0.259 0.29 0.000 0.024 0.000  4.223 0.000   7.602 0.000  20.475 0.000   5.095 0.000  15.380 0.000 0.074 0.000  1.416 0.000
199.25 200.25   58.89 0.000  1.23 0.000 9.999 0.259 0.10 0.000 0.019 0.000  3.896 0.000   7.013 0.000  25.367 0.000   6.273 0.000  19.094 0.000 0.057 0.000  1.989 0.000
202.25 203.25   51.94 0.000  1.34 0.000 9.999 0.259 0.05 0.000 0.037 0.000  2.343 0.000   4.218 0.000  30.816 0.000  21.505 0.000   9.311 0.000 0.060 0.000  0.811 0.000
205.25 206.25   59.22 0.000  1.43 0.000 9.999 0.259 0.34 0.000 0.060 0.000  1.653 0.000   2.975 0.000  15.249 0.000   6.783 0.000   8.466 0.000 0.044 0.000  0.963 0.000
208.25 209.25  310.84 0.000  1.00 0.000 9.999 0.259 0.63 0.000 0.172 0.000  1.168 0.000   2.103 0.000  22.212 0.000  10.201 0.000  12.011 0.000 0.123 0.000  1.200 0.000
211.25 212.25   39.11 0.000  0.66 0.000 0.016 0.000 0.50 0.000 0.054 0.000  1.343 0.000   2.417 0.000  11.229 0.000   3.735 0.000   7.495 0.000 0.034 0.000  0.942 0.000
214.25 215.25  939.08 0.000  2.73 0.000 0.481 0.000 0.74 0.000 0.210 0.000  1.396 0.000   2.512 0.000  51.388 0.000  28.874 0.000  22.514 0.000 0.395 0.000  1.144 0.000
217.25 218.25  411.61 0.000  1.21 0.000 0.159 0.000 0.30 0.000 0.069 0.000  1.579 0.000   2.842 0.000  26.277 0.000  11.253 0.000  15.024 0.000 0.181 0.000  1.165 0.000
220.25 221.25   96.23 0.000  1.15 0.000 0.029 0.000 0.47 0.000 0.060 0.000  1.095 0.000   1.971 0.000  13.394 0.000   5.417 0.000   7.977 0.000 0.057 0.000  0.907 0.000
223.25 224.25   46.48 0.000  0.62 0.000 9.999 0.259 0.24 0.000 0.039 0.000  1.573 0.000   2.831 0.000 999.999 0.456 999.999 0.999   8.552 0.000 0.047 0.000  0.982 0.000
226.25 227.25  137.66 0.000  1.11 0.000 0.036 0.000 9.99 0.259 0.070 0.000  1.410 0.000   2.538 0.000  16.964 0.000   7.989 0.000   8.975 0.000 0.070 0.000  0.865 0.000
229.25 230.25   71.78 0.000  1.31 0.000 9.999 0.259 0.12 0.000 0.028 0.000  2.461 0.000   4.430 0.000  20.559 0.000   7.886 0.000  12.672 0.000 0.074 0.000  1.272 0.000
232.25 233.25   32.01 0.000  1.58 0.000 9.999 0.259 0.17 0.000 0.026 0.000  2.797 0.000   5.035 0.000  19.669 0.000   3.466 0.000  16.202 0.000 0.048 0.000  1.905 0.000
235.25 236.25   25.52 0.000  0.75 0.000 0.022 0.000 0.17 0.000 0.024 0.000  1.583 0.000   2.849 0.000  14.848 0.000   2.902 0.000  11.945 0.000 0.035 0.000  1.793 0.000
238.25 239.25   41.09 0.000  1.05 0.000 9.999 0.259 0.28 0.000 0.047 0.000  0.978 0.000   1.760 0.000  11.425 0.000   2.722 0.000   8.703 0.000 0.033 0.000  1.308 0.000
241.25 242.25   20.16 0.000  0.99 0.000 0.014 0.000 9.99 0.259 0.052 0.000  1.030 0.000   1.854 0.000  10.633 0.000   4.627 0.000   6.005 0.000 0.039 0.000  0.685 0.000
244.25 245.25   33.23 0.000  2.44 0.000 9.999 0.259 0.15 0.000 0.011 0.000  1.291 0.000   2.324 0.000  20.105 0.000   3.820 0.000  16.285 0.000 0.028 0.000  3.301 0.000
247.25 248.25   29.46 0.000  1.81 0.000 9.999 0.259 9.99 0.259 0.080 0.000  1.437 0.000   2.586 0.000  15.106 0.000   4.829 0.000  10.277 0.000 0.031 0.000  1.511 0.000
250.25 251.25   42.27 0.000  1.74 0.000 0.015 0.000 0.16 0.000 0.037 0.000  2.876 0.000   5.177 0.000  24.067 0.000   5.646 0.000  18.421 0.000 0.114 0.000  2.864 0.000
253.25 254.25   21.11 0.000  0.82 0.000 0.009 0.000 0.24 0.000 0.031 0.000  1.447 0.000   2.604 0.000  11.050 0.000   2.334 0.000   8.716 0.000 0.084 0.000  1.155 0.000
256.25 257.25   26.99 0.000  1.06 0.000 9.999 0.259 9.99 0.259 0.041 0.000  2.077 0.000   3.739 0.000  12.171 0.000   4.762 0.000   7.409 0.000 0.104 0.000  0.574 0.000
259.25 260.25   33.15 0.000  0.71 0.000 9.999 0.259 0.40 0.000 0.043 0.000  0.615 0.000   1.107 0.000   7.502 0.000   2.164 0.000   5.338 0.000 0.031 0.000  0.731 0.000
262.25 263.25   13.07 0.000  0.69 0.000 0.006 0.000 9.99 0.259 0.021 0.000  1.397 0.000   2.514 0.000   8.120 0.000   3.908 0.000   4.212 0.000 0.036 0.000  0.221 0.000
265.25 266.25  112.05 0.000  0.65 0.000 0.029 0.000 0.27 0.000 0.059 0.000  0.984 0.000   1.771 0.000  12.970 0.000   6.285 0.000   6.685 0.000 0.065 0.000  0.581 0.000
268.25 269.25   21.87 0.000  0.94 0.000 9.999 0.259 0.12 0.000 0.021 0.000  0.944 0.000   1.698 0.000  10.326 0.000   6.028 0.000   4.298 0.000 0.044 0.000  0.344 0.000
271.25 272.25   29.61 0.000  0.99 0.000 9.999 0.259 9.99 0.259 0.024 0.000  0.749 0.000   1.349 0.000  10.618 0.000   6.418 0.000   4.200 0.000 0.026 0.000  0.369 0.000
274.25 275.25   32.60 0.000  1.04 0.000 9.999 0.259 0.48 0.000 0.042 0.000  1.657 0.000   2.983 0.000  16.176 0.000   6.019 0.000  10.157 0.000 0.042 0.000  1.268 0.000
277.25 278.25   81.84 0.000  2.09 0.000 9.999 0.259 0.22 0.000 0.102 0.000  2.296 0.000   4.132 0.000  23.667 0.000  11.108 0.000  12.559 0.000 0.082 0.000  1.467 0.000
280.25 281.25   38.93 0.000  1.58 0.000 0.013 0.000 0.13 0.000 0.056 0.000  4.775 0.000   8.596 0.000  19.785 0.000   7.366 0.000  12.418 0.000 0.065 0.000  0.909 0.000
