scripts/IMPROVE-2019_partial/data/US0014R.19990102070000.20191216000000.filterpack...1y.3d.US03L_filterpack_US0014.US03L_IMPROVE_Davis.lev2.nas
51 1001
MISSING INFORMATION
US03L, IMPROVE, , , , , , , 
MISSING INFORMATION
IMPROVE sel_HTAP
1 1
1999 01 01 2019 12 16
0
days from file reference point
4
1 1 1 1
999.999999 999.999 999.999 9.999
end_time of measurement, days from the file reference point
pm10_mass, ug/m3, Matrix=pm10
pm25_mass, ug/m3, Matrix=pm25
numflag, no unit
0
33
Data definition:              EBAS_1.1
Set type code:                TI
Timezone:                     UTC
File name:                    US0014R.19990102070000.20191216000000.filterpack...1y.3d.US03L_filterpack_US0014.US03L_IMPROVE_Davis.lev2.nas
File creation:                20191218115618
Startdate:                    19990102070000
Revision date:                20191216000000
Version:                      2
Version description:          "Data extracted from http://views.cira.colostate.edu/fed/DataWizard 2019-12-16"
Statistics:                   arithmetic mean
Data level:                   2
Period code:                  1y
Resolution code:              3d
Sample duration:              1d
Orig. time res.:              3d
Station code:                 US0014R
Platform code:                US0014S
Station name:                 Indian Gardens
Station latitude:             36.0778
Station longitude:            -112.1288
Station altitude:             1166.0 m
Regime:                       IMG
Component:                    
Unit:                         ug/m3
Matrix:                       
Laboratory code:              US03L
Instrument type:              filterpack
Instrument name:              filterpack_US0014
Method ref:                   US03L_IMPROVE_Davis
Blank correction:             Blank corrected
Volume std. temperature:      ambient
Volume std. pressure:         ambient
starttime endtime PM10 PM2.5 flag
  1.291667   2.291667 999.999 999.999 0.999
  5.291667   6.291667 999.999 999.999 0.999
  8.291667   9.291667 999.999 999.999 0.999
 12.291667  13.291667 999.999 999.999 0.999
 15.291667  16.291667 999.999 999.999 0.999
 19.291667  20.291667 999.999 999.999 0.999
 22.291667  23.291667 999.999 999.999 0.999
 26.291667  27.291667   2.368   1.210 0.000
 29.291667  30.291667   2.077   1.848 0.000
 33.291667  34.291667   5.167   1.370 0.000
 36.291667  37.291667   9.350   2.411 0.000
 40.291667  41.291667   1.586   0.918 0.000
 43.291667  44.291667   1.840   1.346 0.000
 47.291667  48.291667   3.734   1.908 0.000
 50.291667  51.291667   2.031   0.876 0.000
 54.291667  55.291667 999.999 999.999 0.999
 57.291667  58.291667 999.999 999.999 0.999
 61.291667  62.291667  10.310   4.991 0.000
 64.291667  65.291667   8.157   3.955 0.000
 68.291667  69.291667   4.831   2.985 0.000
 71.291667  72.291667   7.318   3.640 0.000
 75.291667  76.291667  11.447   3.865 0.000
 78.291667  79.291667  16.601   3.959 0.000
 82.291667  83.291667 999.999 999.999 0.999
 85.291667  86.291667   7.521   3.861 0.000
 89.291667  90.291667  17.064   7.720 0.000
 92.291667  93.291667   4.474   2.816 0.000
 96.291667  97.291667   5.793   3.079 0.000
 99.291667 100.291667   8.065   2.061 0.000
103.291667 104.291667 999.999 999.999 0.999
106.291667 107.291667   6.007   3.283 0.000
110.291667 111.291667  10.193   4.043 0.000
113.291667 114.291667   9.002   2.487 0.000
117.291667 118.291667 999.999 999.999 0.999
120.291667 121.291667   6.548   2.294 0.000
124.291667 125.291667   5.971   3.879 0.000
127.291667 128.291667  11.585   5.975 0.000
131.291667 132.291667 999.999 999.999 0.999
134.291667 135.291667  14.235   8.403 0.000
138.291667 139.291667  22.436   7.099 0.000
141.291667 142.291667  15.009   5.808 0.000
145.291667 146.291667  12.214   9.006 0.000
148.291667 149.291667   8.727   5.664 0.000
152.291667 153.291667   6.565   3.625 0.000
155.291667 156.291667   7.855   2.740 0.000
159.291667 160.291667 999.999 999.999 0.999
162.291667 163.291667  10.732   5.549 0.000
166.291667 167.291667  15.545   6.944 0.000
169.291667 170.291667  11.628   5.133 0.000
173.291667 174.291667  16.493  12.858 0.000
176.291667 177.291667  13.350   3.151 0.000
180.291667 181.291667  11.574   6.431 0.000
183.291667 184.291667  11.839   5.103 0.000
187.291667 188.291667   7.431   3.148 0.000
190.291667 191.291667   6.085   3.272 0.000
194.291667 195.291667   6.795   6.185 0.000
197.291667 198.291667   5.435   4.438 0.000
201.291667 202.291667   5.865   4.987 0.000
204.291667 205.291667   8.540   5.034 0.000
208.291667 209.291667   3.597   2.608 0.000
211.291667 212.291667  10.553   4.173 0.000
215.291667 216.291667 999.999   4.348 0.000
218.291667 219.291667   6.358 999.999 0.000
222.291667 223.291667   9.298   3.990 0.000
225.291667 226.291667  13.712   4.934 0.000
229.291667 230.291667   9.650   5.525 0.000
232.291667 233.291667 999.999 999.999 0.999
236.291667 237.291667 999.999 999.999 0.999
239.291667 240.291667   6.199   3.107 0.000
243.291667 244.291667 999.999 999.999 0.999
246.291667 247.291667 999.999 999.999 0.999
250.291667 251.291667  10.328   4.619 0.000
253.291667 254.291667 999.999   4.486 0.000
257.291667 258.291667   3.428   3.411 0.000
260.291667 261.291667   6.767   3.442 0.000
264.291667 265.291667   7.367   3.255 0.000
267.291667 268.291667   6.316   3.007 0.000
271.291667 272.291667   4.661   3.191 0.000
274.291667 275.291667  11.068   7.301 0.000
278.291667 279.291667 999.999 999.999 0.999
281.291667 282.291667 999.999 999.999 0.999
285.291667 286.291667  14.950   9.397 0.000
288.291667 289.291667  13.889   5.607 0.000
292.291667 293.291667   9.359   6.096 0.000
295.291667 296.291667  10.613   5.656 0.000
299.291667 300.291667  14.948   6.723 0.000
302.291667 303.291667   7.065   1.944 0.000
306.291667 307.291667  15.614   8.809 0.000
309.291667 310.291667  14.916   7.108 0.000
313.291667 314.291667   9.177   6.492 0.000
316.291667 317.291667 999.999 999.999 0.999
320.291667 321.291667 999.999 999.999 0.999
323.291667 324.291667 999.999 999.999 0.999
327.291667 328.291667 999.999 999.999 0.999
330.291667 331.291667 999.999 999.999 0.999
334.291667 335.291667  11.696   5.731 0.000
337.291667 338.291667   5.798   2.797 0.000
341.291667 342.291667   4.505   1.819 0.000
344.291667 345.291667   3.079   2.150 0.000
348.291667 349.291667 999.999 999.999 0.999
351.291667 352.291667 999.999 999.999 0.999
355.291667 356.291667   1.675   0.625 0.000
358.291667 359.291667   6.014   1.638 0.000
362.291667 363.291667 999.999 999.999 0.999
