scripts/IMPROVE-2019_partial/data/US0097R.19930102080000.20191216000000.filterpack...1y.3d.US03L_filterpack_US0097.US03L_IMPROVE_Davis.lev2.nas
51 1001
MISSING INFORMATION
US03L, IMPROVE, , , , , , , 
MISSING INFORMATION
IMPROVE sel_HTAP
1 1
1993 01 01 2019 12 16
0
days from file reference point
4
1 1 1 1
999.999999 999.999 999.999 9.999
end_time of measurement, days from the file reference point
pm10_mass, ug/m3, Matrix=pm10
pm25_mass, ug/m3, Matrix=pm25
numflag, no unit
0
33
Data definition:              EBAS_1.1
Set type code:                TI
Timezone:                     UTC
File name:                    US0097R.19930102080000.20191216000000.filterpack...1y.3d.US03L_filterpack_US0097.US03L_IMPROVE_Davis.lev2.nas
File creation:                20191218120159
Startdate:                    19930102080000
Revision date:                20191216000000
Version:                      2
Version description:          "Data extracted from http://views.cira.colostate.edu/fed/DataWizard 2019-12-16"
Statistics:                   arithmetic mean
Data level:                   2
Period code:                  1y
Resolution code:              3d
Sample duration:              1d
Orig. time res.:              3d
Station code:                 US0097R
Platform code:                US0097S
Station name:                 Redwood NP
Station latitude:             41.5608
Station longitude:            -124.0839
Station altitude:             243.0 m
Regime:                       IMG
Component:                    
Unit:                         ug/m3
Matrix:                       
Laboratory code:              US03L
Instrument type:              filterpack
Instrument name:              filterpack_US0097
Method ref:                   US03L_IMPROVE_Davis
Blank correction:             Blank corrected
Volume std. temperature:      ambient
Volume std. pressure:         ambient
starttime endtime PM10 PM2.5 flag
  1.333333   2.333333   3.630   1.804 0.000
  5.333333   6.333333   5.000   2.786 0.000
  8.333333   9.333333 999.999   3.209 0.000
 12.333333  13.333333   2.711   0.831 0.000
 15.333333  16.333333   4.181   0.862 0.000
 19.333333  20.333333 999.999 999.999 0.999
 22.333333  23.333333   5.432   2.991 0.000
 26.333333  27.333333  16.608   3.772 0.000
 29.333333  30.333333   5.298   1.807 0.000
 33.333333  34.333333   6.448   4.204 0.000
 36.333333  37.333333   6.972   4.650 0.000
 40.333333  41.333333   4.021   1.152 0.000
 43.333333  44.333333   8.630   2.796 0.000
 47.333333  48.333333   4.750   3.065 0.000
 50.333333  51.333333   6.148 999.999 0.000
 54.333333  55.333333  10.102   3.670 0.000
 57.333333  58.333333   7.568   2.752 0.000
 61.333333  62.333333  20.278   8.780 0.000
 64.333333  65.333333   9.118   5.762 0.000
 68.333333  69.333333   3.772   2.006 0.000
 71.333333  72.333333   7.727   3.343 0.000
 75.333333  76.333333   3.092   0.802 0.000
 78.333333  79.333333   5.229   2.553 0.000
 82.333333  83.333333  17.269   8.369 0.000
 85.333333  86.333333  19.890   8.606 0.000
 89.333333  90.333333  13.099   5.221 0.000
 92.333333  93.333333   4.862   2.655 0.000
 96.333333  97.333333   9.749   3.404 0.000
 99.333333 100.333333  12.967   4.461 0.000
103.333333 104.333333   5.953   2.665 0.000
106.333333 107.333333   9.691 999.999 0.000
110.333333 111.333333  18.826   7.152 0.000
113.333333 114.333333  10.635   5.091 0.000
117.333333 118.333333  11.920   3.970 0.000
120.333333 121.333333  15.091   6.227 0.000
124.333333 125.333333  15.699   3.505 0.000
127.333333 128.333333  12.800   4.804 0.000
131.333333 132.333333   7.308   1.916 0.000
134.333333 135.333333  14.407 999.999 0.000
138.333333 139.333333   7.818   4.234 0.000
141.333333 142.333333   9.537   4.234 0.000
145.333333 146.333333   6.770   1.198 0.000
148.333333 149.333333   8.327   2.635 0.000
152.333333 153.333333   4.922   1.577 0.000
155.333333 156.333333   7.483   1.557 0.000
159.333333 160.333333   5.129   2.090 0.000
162.333333 163.333333 999.999 999.999 0.999
166.333333 167.333333  15.258   7.229 0.000
169.333333 170.333333   7.011   2.801 0.000
173.333333 174.333333  13.037   3.988 0.000
176.333333 177.333333   3.308   2.530 0.000
180.333333 181.333333  10.072   6.386 0.000
183.333333 184.333333  10.769   5.602 0.000
187.333333 188.333333  28.857  16.140 0.000
190.333333 191.333333  21.857  12.922 0.000
194.333333 195.333333   5.891   3.253 0.000
197.333333 198.333333   6.204   2.725 0.000
201.333333 202.333333   6.827   2.296 0.000
204.333333 205.333333  15.431   6.958 0.000
208.333333 209.333333   2.172   1.343 0.000
211.333333 212.333333  13.710   7.054 0.000
215.333333 216.333333   2.096   0.879 0.000
218.333333 219.333333   9.412   6.850 0.000
222.333333 223.333333   9.814   4.970 0.000
225.333333 226.333333   9.554   4.896 0.000
229.333333 230.333333   6.343   3.940 0.000
232.333333 233.333333   8.302   2.819 0.000
236.333333 237.333333  22.750   9.637 0.000
239.333333 240.333333  30.037  12.508 0.000
243.333333 244.333333   6.213   3.720 0.000
246.333333 247.333333   4.529   1.905 0.000
250.333333 251.333333   4.838   3.333 0.000
253.333333 254.333333   3.032   1.731 0.000
257.333333 258.333333   7.280   5.579 0.000
260.333333 261.333333   9.923   4.896 0.000
264.333333 265.333333  23.443  10.634 0.000
267.333333 268.333333  10.549   7.417 0.000
271.333333 272.333333   7.061   4.492 0.000
274.333333 275.333333   2.823   2.273 0.000
278.333333 279.333333   4.532   2.530 0.000
281.333333 282.333333   7.336   4.217 0.000
285.333333 286.333333   4.382   1.824 0.000
288.333333 289.333333  10.763   2.857 0.000
292.333333 293.333333  14.701  11.205 0.000
295.333333 296.333333  21.102  17.229 0.000
299.333333 300.333333   9.609   6.556 0.000
302.333333 303.333333  10.562   7.892 0.000
306.333333 307.333333   8.015   4.394 0.000
309.333333 310.333333  12.400   6.182 0.000
313.333333 314.333333  15.515   8.663 0.000
316.333333 317.333333  10.441   5.572 0.000
320.333333 321.333333  17.436  14.421 0.000
323.333333 324.333333  13.383   9.573 0.000
327.333333 328.333333   6.236   3.639 0.000
330.333333 331.333333 999.999   5.758 0.000
334.333333 335.333333   5.434   1.758 0.000
337.333333 338.333333  11.094   4.529 0.000
341.333333 342.333333 999.999 999.999 0.999
344.333333 345.333333   7.778   1.394 0.000
348.333333 349.333333  16.794   4.743 0.000
351.333333 352.333333   7.863   3.667 0.000
355.333333 356.333333  10.345   4.061 0.000
358.333333 359.333333   5.479 999.999 0.000
362.333333 363.333333  13.550   5.848 0.000
