scripts/IMPROVE-2019_partial/data/US0074R.20030103060000.20191216000000.filterpack..pm25.1y.1w.US03L_filterpack_US0074.US03L_IMPROVE_Davis.lev2.nas
64 1001
MISSING INFORMATION
US03L, IMPROVE, , , , , , , 
MISSING INFORMATION
IMPROVE sel_HTAP
1 1
2003 01 01 2019 12 16
3.00
days from file reference point
25
1 1 1 1 1 1 1 1 1 1 1 1 1 1 1 1 1 1 1 1 1 1 1 1 1
999.99 99999.99 9.999999 99.99 9.999999 9.999 9.999999999 9.99 9.999999 9.999 9.999 99.999 9.999 99.999 9.999 9999.999 9.999 9999.999 9.999 999.999 9.999 99.999 9.999999 99.999 9.999
end_time of measurement, days from the file reference point
iron, ng/m3, Revision date=20181210133000
numflag iron, no unit, Revision date=20181210133000
lead, ng/m3, Revision date=20181210133000
numflag lead, no unit, Revision date=20181210133000
magnesium, ug/m3, Revision date=20181210133000
numflag magnesium, no unit, Revision date=20181210133000
nickel, ng/m3, Revision date=20181210133000
numflag nickel, no unit, Revision date=20181210133000
nitrate, ug N/m3, Revision date=20181210133000
numflag nitrate, no unit, Revision date=20181210133000
organic_carbon, ug C/m3, Revision date=20181210133000
numflag organic_carbon, no unit, Revision date=20181210133000
organic_mass, ug/m3, Revision date=20181210133000
numflag organic_mass, no unit, Revision date=20181210133000
pm10_mass, ug/m3, Version=2, Version description=Data extracted from http://views.cira.colostate.edu/fed/DataWizard 2019-12-16, Sample duration=1d, Orig. time res.=3d, Matrix=pm10, Blank correction=Blank corrected, Volume std. temperature=ambient, Volume std. pressure=ambient
numflag pm10_mass, no unit, Version=2, Version description=Data extracted from http://views.cira.colostate.edu/fed/DataWizard 2019-12-16, Sample duration=1d, Orig. time res.=3d, Matrix=pm10, Blank correction=Blank corrected, Volume std. temperature=ambient, Volume std. pressure=ambient
pm10_pm25_mass, ug/m3, Revision date=20181210133000, Matrix=pm10_pm25
numflag pm10_pm25_mass, no unit, Revision date=20181210133000, Matrix=pm10_pm25
pm25_mass, ug/m3, Version=2, Version description=Data extracted from http://views.cira.colostate.edu/fed/DataWizard 2019-12-16, Sample duration=1d, Orig. time res.=3d, Blank correction=Blank corrected, Volume std. temperature=ambient, Volume std. pressure=ambient
numflag pm25_mass, no unit, Version=2, Version description=Data extracted from http://views.cira.colostate.edu/fed/DataWizard 2019-12-16, Sample duration=1d, Orig. time res.=3d, Blank correction=Blank corrected, Volume std. temperature=ambient, Volume std. pressure=ambient
potassium, ug/m3, Revision date=20181210133000
numflag potassium, no unit, Revision date=20181210133000
sulphate_total, ug S/m3, Revision date=20181210133000
numflag sulphate_total, no unit, Revision date=20181210133000
0
25
Data definition:              EBAS_1.1
Set type code:                TU
Timezone:                     UTC
File name:                    US0074R.20030103060000.20191216000000.filterpack..pm25.1y.1w.US03L_filterpack_US0074.US03L_IMPROVE_Davis.lev2.nas
File creation:                20191218120031
Startdate:                    20030103060000
Revision date:                20191216000000
Statistics:                   arithmetic mean
Data level:                   2
Period code:                  1y
Resolution code:              1w
Station code:                 US0074R
Platform code:                US0074S
Station name:                 Guadalupe Mountains NP
Station latitude:             31.833
Station longitude:            -104.8094
Station altitude:             1672.0 m
Regime:                       IMG
Component:                    
Matrix:                       pm25
Laboratory code:              US03L
Instrument type:              filterpack
Instrument name:              filterpack_US0074
Method ref:                   US03L_IMPROVE_Davis
starttime endtime Fe flag_Fe Pb flag_Pb Mg++ flag_Mg++ Ni flag_Ni NO3- flag_NO3- OC flag_OC OM flag_OM PM10 flag_PM10 PM10-PM2.5 flag_PM10-PM2.5 PM2.5 flag_PM2.5 K+ flag_K+ SO4-- flag_SO4--
[from data line 85]
257.25 258.25    18.19 0.000000  0.66 0.000000 0.042 0.000000000 0.16 0.000000 0.056 0.000  0.729 0.000  1.020 0.000    8.095 0.000    3.364 0.000   4.731 0.000  0.017 0.000000  0.619 0.000
260.25 261.25    77.48 0.000000  0.49 0.000000 9.999 0.259000000 0.10 0.000000 0.024 0.000  0.621 0.000  0.869 0.000   30.983 0.000   25.888 0.000   5.095 0.000  0.062 0.000000  0.393 0.000
263.25 264.25    21.82 0.000000  0.37 0.000000 9.999 0.259000000 0.10 0.000000 0.014 0.000  0.587 0.000  0.822 0.000    9.656 0.000    4.592 0.000   5.064 0.000  0.021 0.000000  0.712 0.000
266.25 267.25    21.55 0.000000  0.46 0.000000 0.026 0.000000000 0.17 0.000000 0.016 0.000  0.331 0.000  0.463 0.000    7.602 0.000    4.933 0.000   2.669 0.000  0.016 0.000000  0.204 0.000
269.25 270.25    12.92 0.000000  0.36 0.000000 9.999 0.259000000 9.99 0.259000 0.019 0.000  0.622 0.000  0.871 0.000    8.383 0.000    3.652 0.000   4.731 0.000  0.016 0.000000  0.499 0.000
272.25 273.25 99999.99 0.699000 99.99 0.699000 9.999 0.699000000 9.99 0.699000 9.999 0.699 99.999 0.999 99.999 0.999   13.003 0.000 9999.999 0.999 999.999 0.699 99.999 0.699000 99.999 0.699
275.25 276.25    54.63 0.000000  0.77 0.000000 0.043 0.000000000 0.16 0.000000 0.021 0.000  1.045 0.000  1.463 0.000   19.221 0.000   11.726 0.000   7.495 0.000  0.051 0.000000  0.605 0.000
278.25 279.25    24.87 0.000000  0.83 0.000000 9.999 0.259000000 0.13 0.000000 0.035 0.000  0.697 0.000  0.976 0.000    9.903 0.000    3.968 0.000   5.935 0.000  0.023 0.000000  0.676 0.000
281.25 282.25     4.96 0.000000  0.28 0.000000 9.999 0.259000000 0.12 0.000000 0.051 0.000  0.235 0.000  0.330 0.000    3.596 0.000    1.413 0.000   2.183 0.000  0.012 0.000000  0.217 0.000
284.25 285.25    28.57 0.000000  0.43 0.000000 9.999 0.259000000 0.15 0.000000 0.070 0.000  0.566 0.000  0.792 0.000    9.356 0.000    5.884 0.000   3.472 0.000  0.034 0.000000  0.180 0.000
287.25 288.25    23.38 0.000000  0.37 0.000000 9.999 0.259000000 0.13 0.000000 0.015 0.000  0.403 0.000  0.564 0.000   11.574 0.000    8.536 0.000   3.038 0.000  0.021 0.000000  0.197 0.000
290.25 291.25    34.69 0.000000  0.80 0.000000 9.999 0.259000000 9.99 0.259000 0.019 0.000  0.643 0.000  0.900 0.000   10.789 0.000    6.555 0.000   4.234 0.000  0.039 0.000000  0.355 0.000
293.25 294.25    18.36 0.000000  0.46 0.000000 0.031 0.000000000 9.99 0.259000 0.011 0.000  0.545 0.000  0.764 0.000    6.767 0.000    3.580 0.000   3.187 0.000  0.024 0.000000  0.290 0.000
296.25 297.25    63.32 0.000000  0.55 0.000000 0.056 0.000000000 0.13 0.000000 0.018 0.000  0.743 0.000  1.041 0.000   19.304 0.000   15.070 0.000   4.234 0.000  0.055 0.000000  0.207 0.000
299.25 300.25    22.91 0.000000  0.66 0.000000 9.999 0.259000000 0.06 0.000000 0.074 0.000  0.454 0.000  0.636 0.000    9.938 0.000    7.075 0.000   2.863 0.000  0.021 0.000000  0.171 0.000
302.25 303.25 99999.99 0.699000 99.99 0.699000 9.999 0.699000000 9.99 0.699000 9.999 0.699 99.999 0.999 99.999 0.999  101.006 0.000 9999.999 0.999 999.999 0.699 99.999 0.699000 99.999 0.699
305.25 306.25    23.16 0.000000  1.29 0.000000 0.039 0.000000000 0.46 0.000000 0.037 0.000  1.066 0.000  1.492 0.000   12.690 0.000    4.461 0.000   8.229 0.000  0.032 0.000000  1.208 0.000
308.25 309.25    64.06 0.000000  1.07 0.000000 9.999 0.259000000 0.17 0.000000 0.017 0.000  0.279 0.000  0.390 0.000   11.560 0.000    8.593 0.000   2.967 0.000  0.053 0.000000  0.098 0.000
311.25 312.25    13.57 0.000000  0.17 0.000000 0.100 0.000000000 0.33 0.000000 0.016 0.000 99.999 0.259 99.999 0.259    0.711 0.000    0.038 0.000   0.673 0.000  0.009 0.000000  0.024 0.000
314.25 315.25    42.39 0.000000  1.35 0.000000 9.999 0.259000000 0.26 0.000000 0.016 0.000  0.485 0.000  0.679 0.000   11.571 0.000    6.215 0.000   5.356 0.000  0.034 0.000000  0.713 0.000
317.25 318.25    10.33 0.000000  0.36 0.000000 9.999 0.259000000 9.99 0.259000 0.082 0.559  0.381 0.000  0.533 0.000    3.526 0.000    1.820 0.000   1.706 0.000  0.010 0.000000  0.145 0.559
320.25 321.25    93.48 0.000000  1.28 0.000000 9.999 0.259000000 0.09 0.000000 0.034 0.000  0.464 0.000  0.649 0.000   28.859 0.000   24.534 0.000   4.325 0.000  0.062 0.000000  0.192 0.000
323.25 324.25    31.88 0.000000  1.26 0.000000 0.022 0.000000000 0.37 0.000000 0.020 0.000  0.393 0.000  0.550 0.000   12.434 0.000    9.906 0.000   2.528 0.000  0.028 0.000000  0.142 0.000
326.25 327.25    53.61 0.000000  0.32 0.000000 9.999 0.259000000 9.99 0.259000 0.033 0.000  0.333 0.000  0.466 0.000   17.319 0.000   14.639 0.000   2.680 0.000  0.038 0.000000  0.119 0.000
329.25 330.25    81.60 0.000000  1.52 0.000000 0.044 0.000000000 0.12 0.000000 0.031 0.000  0.387 0.000  0.542 0.000   23.370 0.000   19.371 0.000   3.999 0.000  0.060 0.000000  0.136 0.000
332.25 333.25    30.95 0.000000  0.56 0.000000 0.062 0.000000000 9.99 0.259000 0.030 0.000  0.344 0.000  0.482 0.000    9.706 0.000    7.330 0.000   2.376 0.000  0.028 0.000000  0.167 0.000
335.25 336.25    48.84 0.000000  1.50 0.000000 9.999 0.259000000 0.30 0.000000 0.075 0.000  0.931 0.000  1.304 0.000   15.254 0.000    9.646 0.000   5.608 0.000  0.067 0.000000  0.529 0.000
338.25 339.25    38.78 0.000000  0.58 0.000000 0.033 0.000000000 0.14 0.000000 0.134 0.000  0.460 0.000  0.645 0.000   20.665 0.000   17.936 0.000   2.729 0.000  0.035 0.000000  0.188 0.000
341.25 342.25   484.62 0.000000  1.88 0.000000 0.357 0.000000000 9.99 0.259000 0.044 0.000  0.816 0.000  1.143 0.000  103.252 0.000   88.165 0.000  15.087 0.000  0.372 0.000000  0.485 0.000
344.25 345.25    84.29 0.000000  2.06 0.000000 9.999 0.259000000 0.34 0.000000 0.049 0.000  0.594 0.000  0.832 0.000   21.544 0.000   16.212 0.000   5.332 0.000  0.101 0.000000  0.340 0.000
347.25 348.25    14.35 0.000000  0.55 0.000000 9.999 0.259000000 0.29 0.000000 0.016 0.000  0.386 0.000  0.540 0.000    9.329 0.000    7.700 0.000   1.629 0.000  0.019 0.000000  0.077 0.000
350.25 351.25    24.39 0.000000  0.21 0.000000 9.999 0.259000000 9.99 0.259000 0.014 0.000  0.203 0.000  0.284 0.000   13.384 0.000   12.138 0.000   1.246 0.000  0.019 0.000000  0.034 0.000
353.25 354.25   103.83 0.000000  0.50 0.000000 9.999 0.259000000 0.11 0.000000 0.030 0.000  0.542 0.000  0.758 0.000   18.658 0.000   14.406 0.000   4.252 0.000  0.095 0.000000  0.161 0.000
356.25 357.25    11.66 0.000000  0.22 0.000000 9.999 0.259000000 0.14 0.000000 0.024 0.000  0.166 0.000  0.233 0.000    4.806 0.000    3.968 0.000   0.838 0.000  0.009 0.000000  0.087 0.000
359.25 360.25  1481.53 0.000000  2.75 0.000000 9.999 0.259000000 9.99 0.259000 0.036 0.000  0.954 0.000  1.336 0.000   96.002 0.000   58.207 0.000  37.795 0.000  1.011 0.000000  0.100 0.000
362.25 363.25     7.68 0.000000  0.19 0.000000 9.999 0.259000000 9.99 0.259000 0.010 0.000  0.161 0.000  0.225 0.000    3.345 0.000    2.731 0.000   0.615 0.000  0.008 0.000000  0.040 0.000
