scripts/IMPROVE-2019_partial/data/US0054R.20060102070000.20191216000000.filterpack..pm25.52w.1w.US03L_filterpack_US0054.US03L_IMPROVE_Davis.lev2.nas
66 1001
MISSING INFORMATION
US03L, IMPROVE, , , , , , , 
MISSING INFORMATION
IMPROVE sel_HTAP
1 1
2006 01 01 2019 12 16
3.000000
days from file reference point
27
1 1 1 1 1 1 1 1 1 1 1 1 1 1 1 1 1 1 1 1 1 1 1 1 1 1 1
999.999999 9999.99 9.999 99.99 9.999 9.999 9.999 9.99 9.999 9.999 9.999 999.999 9.999 999.999 9.999 99.99 9.999 999.999 9.999 99.999 9.999 999.999 9.999 9.999 9.999 9.999 9.999
end_time of measurement, days from the file reference point
iron, ng/m3, Revision date=20181210133000
numflag iron, no unit, Revision date=20181210133000
lead, ng/m3, Revision date=20181210133000
numflag lead, no unit, Revision date=20181210133000
magnesium, ug/m3, Revision date=20181210133000
numflag magnesium, no unit, Revision date=20181210133000
nickel, ng/m3, Revision date=20181210133000
numflag nickel, no unit, Revision date=20181210133000
nitrate, ug N/m3, Revision date=20181210133000
numflag nitrate, no unit, Revision date=20181210133000
organic_carbon, ug C/m3, Revision date=20181210133000
numflag organic_carbon, no unit, Revision date=20181210133000
organic_mass, ug/m3, Revision date=20181210133000
numflag organic_mass, no unit, Revision date=20181210133000
phosphorus, ng/m3, Revision date=20181210133000
numflag phosphorus, no unit, Revision date=20181210133000
pm10_mass, ug/m3, Version=2, Version description=Data extracted from http://views.cira.colostate.edu/fed/DataWizard 2019-12-16, Sample duration=1d, Orig. time res.=3d, Matrix=pm10, Blank correction=Blank corrected, Volume std. temperature=ambient, Volume std. pressure=ambient
numflag pm10_mass, no unit, Version=2, Version description=Data extracted from http://views.cira.colostate.edu/fed/DataWizard 2019-12-16, Sample duration=1d, Orig. time res.=3d, Matrix=pm10, Blank correction=Blank corrected, Volume std. temperature=ambient, Volume std. pressure=ambient
pm10_pm25_mass, ug/m3, Revision date=20181210133000, Matrix=pm10_pm25
numflag pm10_pm25_mass, no unit, Revision date=20181210133000, Matrix=pm10_pm25
pm25_mass, ug/m3, Version=2, Version description=Data extracted from http://views.cira.colostate.edu/fed/DataWizard 2019-12-16, Sample duration=1d, Orig. time res.=3d, Blank correction=Blank corrected, Volume std. temperature=ambient, Volume std. pressure=ambient
numflag pm25_mass, no unit, Version=2, Version description=Data extracted from http://views.cira.colostate.edu/fed/DataWizard 2019-12-16, Sample duration=1d, Orig. time res.=3d, Blank correction=Blank corrected, Volume std. temperature=ambient, Volume std. pressure=ambient
potassium, ug/m3, Revision date=20181210133000
numflag potassium, no unit, Revision date=20181210133000
sulphate_total, ug S/m3, Revision date=20181210133000
numflag sulphate_total, no unit, Revision date=20181210133000
0
25
Data definition:              EBAS_1.1
Set type code:                TU
Timezone:                     UTC
File name:                    US0054R.20060102070000.20191216000000.filterpack..pm25.52w.1w.US03L_filterpack_US0054.US03L_IMPROVE_Davis.lev2.nas
File creation:                20191218115844
Startdate:                    20060102070000
Revision date:                20191216000000
Statistics:                   arithmetic mean
Data level:                   2
Period code:                  52w
Resolution code:              1w
Station code:                 US0054R
Platform code:                US0054S
Station name:                 Gates of the Mountains
Station latitude:             46.8262
Station longitude:            -111.7107
Station altitude:             2387.0 m
Regime:                       IMG
Component:                    
Matrix:                       pm25
Laboratory code:              US03L
Instrument type:              filterpack
Instrument name:              filterpack_US0054
Method ref:                   US03L_IMPROVE_Davis
starttime endtime Fe flag_Fe Pb flag_Pb Mg++ flag_Mg++ Ni flag_Ni NO3- flag_NO3- OC flag_OC OM flag_OM P flag_P PM10 flag_PM10 PM10-PM2.5 flag_PM10-PM2.5 PM2.5 flag_PM2.5 K+ flag_K+ SO4-- flag_SO4--
[from data line 86]
259.291667 260.291667    3.16 0.000  0.24 0.000 9.999 0.259 9.99 0.259 0.026 0.000   0.503 0.000   0.905 0.000 99.99 0.259   1.960 0.000  0.578 0.000   1.382 0.000 0.014 0.000 0.071 0.000
262.291667 263.291667    9.68 0.000  0.21 0.000 0.010 0.000 9.99 0.259 0.027 0.000   0.257 0.000   0.462 0.000 99.99 0.259   0.956 0.000 99.999 0.259   1.142 0.000 0.011 0.000 0.045 0.000
265.291667 266.291667    2.82 0.000  0.35 0.000 0.008 0.000 9.99 0.259 0.023 0.000   0.413 0.000   0.744 0.000 99.99 0.259   1.752 0.000  0.183 0.000   1.570 0.000 0.006 0.000 0.162 0.000
268.291667 269.291667   10.30 0.000  0.39 0.000 9.999 0.259 9.99 0.259 0.020 0.000   2.123 0.000   3.821 0.000 99.99 0.259   5.099 0.000  0.644 0.000   4.455 0.000 0.037 0.000 0.067 0.000
271.291667 272.291667   44.34 0.000  0.55 0.000 9.999 0.259 9.99 0.259 0.033 0.000   2.786 0.000   5.016 0.000 99.99 0.259   9.926 0.000  2.674 0.000   7.252 0.000 0.076 0.000 0.113 0.000
274.291667 275.291667   28.40 0.000  0.51 0.000 9.999 0.259 0.17 0.000 0.069 0.000   2.525 0.000   4.544 0.000 99.99 0.259   8.074 0.000  1.812 0.000   6.261 0.000 0.045 0.000 0.149 0.000
277.291667 278.291667   11.27 0.000  0.51 0.000 9.999 0.259 9.99 0.259 0.025 0.000   0.690 0.000   1.243 0.000 99.99 0.259   2.984 0.000  0.783 0.000   2.201 0.000 0.017 0.000 0.144 0.000
280.291667 281.291667    9.03 0.000  0.19 0.000 9.999 0.259 0.34 0.000 0.014 0.000   0.330 0.000   0.595 0.000 99.99 0.259   0.673 0.000 99.999 0.259   0.900 0.000 0.008 0.000 0.067 0.000
283.291667 284.291667   12.39 0.000  0.57 0.000 9.999 0.259 0.15 0.000 0.016 0.000   0.688 0.000   1.239 0.000 99.99 0.259   2.598 0.000  0.433 0.000   2.165 0.000 0.017 0.000 0.131 0.000
286.291667 287.291667   18.26 0.000  0.38 0.000 9.999 0.259 0.20 0.000 0.011 0.000   1.368 0.000   2.462 0.000 99.99 0.259   4.001 0.000  0.861 0.000   3.140 0.000 0.025 0.000 0.069 0.000
289.291667 290.291667    2.94 0.000  0.34 0.000 9.999 0.259 0.19 0.000 0.002 0.000 999.999 0.259 999.999 0.259 99.99 0.259   0.357 0.000 99.999 0.259   0.408 0.000 0.004 0.000 0.043 0.000
292.291667 293.291667    0.97 0.000  0.15 0.000 9.999 0.259 0.21 0.000 0.003 0.000 999.999 0.259 999.999 0.259 99.99 0.259   0.199 0.000  0.045 0.000   0.062 0.000 0.002 0.000 0.019 0.000
295.291667 296.291667   13.03 0.000  0.55 0.000 9.999 0.259 0.17 0.000 0.012 0.000   1.007 0.000   1.813 0.000 99.99 0.259   2.893 0.000  0.263 0.000   2.630 0.000 0.022 0.000 0.093 0.000
298.291667 299.291667    6.76 0.000  0.51 0.000 9.999 0.259 9.99 0.259 0.050 0.000   0.950 0.000   1.710 0.000 99.99 0.259   2.843 0.000  0.146 0.000   2.697 0.000 0.024 0.000 0.097 0.000
301.291667 302.291667   12.03 0.000  0.69 0.000 0.010 0.000 0.26 0.000 0.022 0.000   0.819 0.000   1.473 0.000 99.99 0.259   2.923 0.000  0.329 0.000   2.595 0.000 0.017 0.000 0.147 0.000
304.291667 305.291667    2.79 0.000  1.29 0.000 9.999 0.259 0.06 0.000 0.071 0.000   2.615 0.000   4.706 0.000 99.99 0.259   4.867 0.000 99.999 0.259   5.606 0.000 0.044 0.000 0.118 0.000
307.291667 308.291667    1.40 0.000  0.25 0.000 9.999 0.259 9.99 0.259 0.002 0.000   0.203 0.000   0.365 0.000 99.99 0.259   0.673 0.000  0.212 0.000   0.461 0.000 0.004 0.000 0.008 0.000
310.291667 311.291667 9999.99 0.999 99.99 0.999 9.999 0.999 9.99 0.999 9.999 0.999 999.999 0.999 999.999 0.999 99.99 0.999 999.999 0.999 99.999 0.999 999.999 0.999 9.999 0.999 9.999 0.999
313.291667 314.291667    4.22 0.000 99.99 0.259 9.999 0.259 9.99 0.259 0.008 0.000   0.298 0.000   0.536 0.000 99.99 0.259   1.352 0.000  0.486 0.000   0.865 0.000 0.007 0.000 0.037 0.000
316.291667 317.291667    6.42 0.000  0.82 0.000 9.999 0.259 9.99 0.259 0.011 0.000   0.140 0.000   0.251 0.000 99.99 0.259   3.501 0.000  1.958 0.000   1.543 0.000 0.012 0.000 0.156 0.000
319.291667 320.291667    3.87 0.000  0.46 0.000 0.009 0.000 9.99 0.259 0.010 0.000   0.433 0.000   0.779 0.000 99.99 0.259   2.305 0.000  1.034 0.000   1.271 0.000 0.017 0.000 0.085 0.000
322.291667 323.291667    5.00 0.000  0.38 0.000 9.999 0.259 9.99 0.259 0.014 0.000   0.451 0.000   0.813 0.000 99.99 0.259   3.010 0.000  1.437 0.000   1.574 0.000 0.009 0.000 0.135 0.000
325.291667 326.291667   44.85 0.000  0.13 0.000 9.999 0.259 9.99 0.259 0.010 0.000   0.077 0.000   0.138 0.000  3.19 0.000   4.128 0.000  2.632 0.000   1.496 0.000 0.031 0.000 0.022 0.000
328.291667 329.291667    2.68 0.000  0.24 0.000 9.999 0.259 9.99 0.259 0.018 0.000   0.139 0.000   0.251 0.000 99.99 0.259   0.838 0.000  0.208 0.000   0.630 0.000 0.006 0.000 0.059 0.000
331.291667 332.291667    1.64 0.000  0.27 0.000 9.999 0.259 9.99 0.259 0.022 0.000   0.286 0.000   0.516 0.000 99.99 0.259   1.319 0.000  0.238 0.000   1.081 0.000 0.010 0.000 0.058 0.000
334.291667 335.291667    4.37 0.000  0.87 0.000 0.008 0.000 9.99 0.259 0.013 0.000   0.148 0.000   0.267 0.000 99.99 0.259   1.450 0.000 99.999 0.259   1.502 0.000 0.014 0.000 0.172 0.000
337.291667 338.291667    7.02 0.000  0.53 0.000 9.999 0.259 9.99 0.259 0.009 0.000   0.062 0.000   0.111 0.000 99.99 0.259   2.971 0.000  2.197 0.000   0.775 0.000 0.008 0.000 0.063 0.000
340.291667 341.291667    7.82 0.000  0.56 0.000 9.999 0.259 9.99 0.259 0.006 0.000   0.299 0.000   0.538 0.000 99.99 0.259   2.725 0.000  1.899 0.000   0.825 0.000 0.007 0.000 0.088 0.000
343.291667 344.291667   21.31 0.000  0.76 0.000 9.999 0.259 9.99 0.259 0.219 0.000   0.599 0.000   1.079 0.000 99.99 0.259   3.522 0.000  1.769 0.000   1.752 0.000 0.016 0.000 0.082 0.000
346.291667 347.291667    1.86 0.000  0.21 0.000 9.999 0.259 9.99 0.259 0.007 0.000   0.184 0.000   0.330 0.000 99.99 0.259   1.108 0.000  0.671 0.000   0.437 0.000 0.004 0.000 0.032 0.000
349.291667 350.291667    1.07 0.000  0.22 0.000 9.999 0.259 9.99 0.259 0.012 0.000   0.154 0.000   0.278 0.000 99.99 0.259   0.356 0.000  0.042 0.000   0.280 0.000 0.003 0.000 0.023 0.000
352.291667 353.291667    2.38 0.000  0.23 0.000 9.999 0.259 9.99 0.259 0.005 0.000   0.149 0.000   0.269 0.000 99.99 0.259   0.594 0.000  0.190 0.000   0.404 0.000 0.004 0.000 0.024 0.000
355.291667 356.291667    1.32 0.000  0.26 0.000 0.012 0.000 9.99 0.259 0.023 0.000   0.185 0.000   0.333 0.000 99.99 0.259   1.702 0.000  0.791 0.000   0.911 0.000 0.006 0.000 0.075 0.000
358.291667 359.291667    2.45 0.000  0.32 0.000 9.999 0.259 9.99 0.259 0.006 0.000   0.175 0.000   0.315 0.000 99.99 0.259   0.984 0.000  0.484 0.000   0.500 0.000 0.003 0.000 0.042 0.000
361.291667 362.291667    0.54 0.000  0.17 0.000 9.999 0.259 9.99 0.259 0.007 0.000   0.068 0.000   0.123 0.000 99.99 0.259   1.230 0.000  0.249 0.000   0.980 0.000 0.002 0.000 0.120 0.000
364.291667 365.291667    1.85 0.000  0.42 0.000 0.005 0.000 0.25 0.000 0.008 0.000   0.194 0.000   0.349 0.000 99.99 0.259   0.790 0.000  0.064 0.000   0.727 0.000 0.003 0.000 0.034 0.000
