scripts/IMPROVE-2019_partial/data/US0098R.19920101080000.20191216000000.filterpack...1y.3d.US03L_filterpack_US0098.US03L_IMPROVE_Davis.lev2.nas
52 1001
MISSING INFORMATION
US03L, IMPROVE, , , , , , , 
MISSING INFORMATION
IMPROVE sel_HTAP
1 1
1992 01 01 2019 12 16
0
days from file reference point
5
1 1 1 1 1
999.999999 999.999 9.999 999.999 9.999999
end_time of measurement, days from the file reference point
pm10_mass, ug/m3, Matrix=pm10
numflag pm10_mass, no unit, Matrix=pm10
pm25_mass, ug/m3, Matrix=pm25
numflag pm25_mass, no unit, Matrix=pm25
0
33
Data definition:              EBAS_1.1
Set type code:                TI
Timezone:                     UTC
File name:                    US0098R.19920101080000.20191216000000.filterpack...1y.3d.US03L_filterpack_US0098.US03L_IMPROVE_Davis.lev2.nas
File creation:                20191218120206
Startdate:                    19920101080000
Revision date:                20191216000000
Version:                      2
Version description:          "Data extracted from http://views.cira.colostate.edu/fed/DataWizard 2019-12-16"
Statistics:                   arithmetic mean
Data level:                   2
Period code:                  1y
Resolution code:              3d
Sample duration:              1d
Orig. time res.:              3d
Station code:                 US0098R
Platform code:                US0098S
Station name:                 Point Reyes National Seashore
Station latitude:             38.1224
Station longitude:            -122.9085
Station altitude:             97.0 m
Regime:                       IMG
Component:                    
Unit:                         ug/m3
Matrix:                       
Laboratory code:              US03L
Instrument type:              filterpack
Instrument name:              filterpack_US0098
Method ref:                   US03L_IMPROVE_Davis
Blank correction:             Blank corrected
Volume std. temperature:      ambient
Volume std. pressure:         ambient
starttime endtime PM10 flag_PM10 PM2.5 flag_PM2.5
  0.333333   1.333333  10.795 0.000   5.505 0.559000
  3.333333   4.333333  14.286 0.000   5.321 0.559000
  7.333333   8.333333  30.291 0.000   7.994 0.559000
 10.333333  11.333333  26.105 0.000   5.150 0.559000
 14.333333  15.333333  40.904 0.000 999.999 0.559259
 17.333333  18.333333  37.750 0.000  24.458 0.559000
 21.333333  22.333333  40.606 0.000  15.061 0.559000
 24.333333  25.333333  45.569 0.000  12.470 0.559000
 28.333333  29.333333  19.119 0.000   7.270 0.559000
 31.333333  32.333333  12.283 0.000   2.997 0.559000
 35.333333  36.333333  30.745 0.000 999.999 0.559259
 38.333333  39.333333  12.268 0.000   6.111 0.559000
 42.333333  43.333333  14.982 0.000   5.234 0.559000
 45.333333  46.333333  15.709 0.000   2.453 0.559000
 49.333333  50.333333   5.269 0.000   2.139 0.559000
 52.333333  53.333333  14.799 0.000   6.879 0.559000
 56.333333  57.333333  17.800 0.000  11.756 0.559000
 59.333333  60.333333  16.000 0.000   8.988 0.000000
 63.333333  64.333333  11.374 0.000   3.724 0.000000
 66.333333  67.333333  15.181 0.000   4.532 0.000000
 70.333333  71.333333  16.554 0.000   8.221 0.000000
 73.333333  74.333333   9.375 0.000   3.374 0.000000
 77.333333  78.333333  10.664 0.000   3.533 0.000000
 80.333333  81.333333  16.486 0.000   6.909 0.000000
 84.333333  85.333333  10.106 0.000   7.365 0.000000
 87.333333  88.333333  12.500 0.000   9.911 0.000000
 91.333333  92.333333  21.154 0.000  10.753 0.000000
 94.333333  95.333333  15.699 0.000   5.345 0.000000
 98.333333  99.333333  14.853 0.000   4.713 0.000000
101.333333 102.333333  10.255 0.000   3.963 0.000000
105.333333 106.333333   7.044 0.000   3.495 0.000000
108.333333 109.333333  23.656 0.000   8.364 0.000000
112.333333 113.333333  21.884 0.000   5.939 0.000000
115.333333 116.333333  12.688 0.000   4.573 0.000000
119.333333 120.333333   9.101 0.000   3.780 0.000000
122.333333 123.333333  25.618 0.000   9.820 0.000000
126.333333 127.333333   9.491 0.000   6.284 0.000000
129.333333 130.333333  40.912 0.000  15.818 0.000000
133.333333 134.333333  21.424 0.000   8.567 0.000000
136.333333 137.333333  17.793 0.000   9.396 0.000000
140.333333 141.333333  21.607 0.000   8.006 0.000000
143.333333 144.333333  23.822 0.000  12.477 0.000000
147.333333 148.333333  33.708 0.000  12.546 0.000000
150.333333 151.333333  30.686 0.000  13.086 0.000000
154.333333 155.333333  29.573 0.000  12.400 0.000000
157.333333 158.333333  14.924 0.000   6.667 0.000000
161.333333 162.333333  13.923 0.000   4.716 0.000000
164.333333 165.333333  16.268 0.000   5.463 0.000000
168.333333 169.333333  12.717 0.000   9.758 0.000000
171.333333 172.333333  19.855 0.000  12.394 0.000000
175.333333 176.333333   3.058 0.000   2.395 0.000000
178.333333 179.333333   4.222 0.000   2.096 0.000000
182.333333 183.333333  17.873 0.000   4.239 0.000000
185.333333 186.333333  11.392 0.000   2.575 0.000000
189.333333 190.333333   7.386 0.000   3.952 0.000000
192.333333 193.333333  15.720 0.000   8.174 0.000000
196.333333 197.333333   9.743 0.000   4.665 0.000000
199.333333 200.333333  13.919 0.000   5.732 0.000000
203.333333 204.333333  15.775 0.000   7.914 0.000000
206.333333 207.333333  10.859 0.000   7.994 0.000000
210.333333 211.333333 999.999 0.999 999.999 0.999000
213.333333 214.333333  12.179 0.000   5.292 0.000000
217.333333 218.333333  14.038 0.000   7.109 0.000000
220.333333 221.333333   9.377 0.000   4.940 0.000000
224.333333 225.333333   8.523 0.000   4.866 0.000000
227.333333 228.333333   5.034 0.000   4.243 0.000000
231.333333 232.333333   5.939 0.000   2.827 0.000000
234.333333 235.333333  20.391 0.000   9.072 0.000000
238.333333 239.333333  11.215 0.000   5.906 0.000000
241.333333 242.333333  14.606 0.000   6.969 0.000000
245.333333 246.333333   4.490 0.000   1.716 0.000000
248.333333 249.333333  16.250 0.000   6.460 0.000000
252.333333 253.333333   6.056 0.000   2.493 0.000000
255.333333 256.333333  17.529 0.000   7.302 0.000000
259.333333 260.333333   4.382 0.000   1.799 0.000000
262.333333 263.333333  21.888 0.000  12.875 0.000000
266.333333 267.333333 999.999 0.999 999.999 0.999000
269.333333 270.333333  37.004 0.000  12.174 0.000000
273.333333 274.333333   3.068 0.000   1.261 0.000000
276.333333 277.333333   9.414 0.000   4.234 0.000000
280.333333 281.333333 999.999 0.999   6.320 0.000000
283.333333 284.333333 999.999 0.999   9.018 0.000000
287.333333 288.333333  18.376 0.000  14.699 0.000000
290.333333 291.333333  17.007 0.000   6.737 0.000000
294.333333 295.333333   9.839 0.000   2.202 0.000000
297.333333 298.333333  23.992 0.000   9.075 0.000000
301.333333 302.333333  18.554 0.000   6.776 0.000000
304.333333 305.333333  11.038 0.000   5.371 0.000000
308.333333 309.333333  28.797 0.000   7.929 0.000000
311.333333 312.333333  23.188 0.000   6.578 0.000000
315.333333 316.333333  13.362 0.000   6.257 0.000000
318.333333 319.333333  24.508 0.000  14.024 0.000000
322.333333 323.333333  13.478 0.000   4.043 0.000000
325.333333 326.333333  21.278 0.000   5.502 0.000000
329.333333 330.333333  16.071 0.000   9.818 0.000000
332.333333 333.333333  17.373 0.000   4.685 0.000000
336.333333 337.333333  16.516 0.000   3.444 0.000000
339.333333 340.333333  10.372 0.000   4.281 0.000000
343.333333 344.333333   6.700 0.000   2.796 0.000000
346.333333 347.333333  14.174 0.000   3.515 0.000000
350.333333 351.333333 999.999 0.999 999.999 0.999000
353.333333 354.333333 999.999 0.999 999.999 0.999000
357.333333 358.333333 999.999 0.999 999.999 0.999000
360.333333 361.333333 999.999 0.999 999.999 0.999000
364.333333 365.333333  12.879 0.000   3.488 0.000000
