scripts/IMPROVE-2019_partial/data/US0095R.19910102070000.20191216000000.filterpack...1y.3d.US03L_filterpack_US0095.US03L_IMPROVE_Davis.lev2.nas
52 1001
MISSING INFORMATION
US03L, IMPROVE, , , , , , , 
MISSING INFORMATION
IMPROVE sel_HTAP
1 1
1991 01 01 2019 12 16
0
days from file reference point
5
1 1 1 1 1
999.999999 999.999 9.999 999.999 9.999999
end_time of measurement, days from the file reference point
pm10_mass, ug/m3, Matrix=pm10
numflag pm10_mass, no unit, Matrix=pm10
pm25_mass, ug/m3, Matrix=pm25
numflag pm25_mass, no unit, Matrix=pm25
0
33
Data definition:              EBAS_1.1
Set type code:                TI
Timezone:                     UTC
File name:                    US0095R.19910102070000.20191216000000.filterpack...1y.3d.US03L_filterpack_US0095.US03L_IMPROVE_Davis.lev2.nas
File creation:                20191218120148
Startdate:                    19910102070000
Revision date:                20191216000000
Version:                      2
Version description:          "Data extracted from http://views.cira.colostate.edu/fed/DataWizard 2019-12-16"
Statistics:                   arithmetic mean
Data level:                   2
Period code:                  1y
Resolution code:              3d
Sample duration:              1d
Orig. time res.:              3d
Station code:                 US0095R
Platform code:                US0095S
Station name:                 Petrified Forest NP
Station latitude:             35.0777
Station longitude:            -109.7692
Station altitude:             1766.0 m
Regime:                       IMG
Component:                    
Unit:                         ug/m3
Matrix:                       
Laboratory code:              US03L
Instrument type:              filterpack
Instrument name:              filterpack_US0095
Method ref:                   US03L_IMPROVE_Davis
Blank correction:             Blank corrected
Volume std. temperature:      ambient
Volume std. pressure:         ambient
starttime endtime PM10 flag_PM10 PM2.5 flag_PM2.5
  1.291667   2.291667   6.769 0.000 999.999 0.559259
  4.291667   5.291667   6.336 0.000   1.924 0.559000
  8.291667   9.291667   5.400 0.000   5.270 0.559000
 11.291667  12.291667   5.730 0.000   4.763 0.559000
 15.291667  16.291667   1.985 0.000   1.961 0.559000
 18.291667  19.291667   4.068 0.000   2.637 0.559000
 22.291667  23.291667   6.008 0.000   4.984 0.559000
 25.291667  26.291667  18.926 0.000 999.999 0.559259
 29.291667  30.291667   5.748 0.000   3.917 0.559000
 32.291667  33.291667   5.263 0.000 999.999 0.559259
 36.291667  37.291667 999.999 0.999   6.774 0.559000
 39.291667  40.291667   7.461 0.000   4.618 0.559000
 43.291667  44.291667   6.808 0.000   4.135 0.559000
 46.291667  47.291667   8.339 0.000   4.776 0.559000
 50.291667  51.291667   2.638 0.000   1.728 0.559000
 53.291667  54.291667   5.630 0.000   3.500 0.559000
 57.291667  58.291667   9.774 0.000   5.331 0.559000
 60.291667  61.291667   2.388 0.000 999.999 0.559259
 64.291667  65.291667   6.667 0.000   3.168 0.559000
 67.291667  68.291667   6.493 0.000   3.302 0.559000
 71.291667  72.291667   4.798 0.000 999.999 0.559259
 74.291667  75.291667 999.999 0.999   3.988 0.559000
 78.291667  79.291667  11.417 0.000   3.679 0.559000
 81.291667  82.291667   8.598 0.000   3.145 0.559000
 85.291667  86.291667   6.437 0.000   2.753 0.559000
 88.291667  89.291667   6.654 0.000   3.208 0.559000
 92.291667  93.291667   9.280 0.000   5.380 0.559000
 95.291667  96.291667   8.664 0.000   5.918 0.559000
 99.291667 100.291667  37.860 0.000  11.086 0.559000
102.291667 103.291667   5.521 0.000   2.991 0.559000
106.291667 107.291667   8.471 0.000 999.999 0.559259
109.291667 110.291667  11.245 0.000   8.190 0.559000
113.291667 114.291667  10.080 0.000   4.519 0.559000
116.291667 117.291667  28.685 0.000   5.298 0.559000
120.291667 121.291667  11.818 0.000   5.580 0.559000
123.291667 124.291667   8.643 0.000   5.542 0.559000
127.291667 128.291667  15.892 0.000   6.925 0.559000
130.291667 131.291667  32.599 0.000   6.242 0.559000
134.291667 135.291667   9.261 0.000   3.197 0.559000
137.291667 138.291667  16.062 0.000   5.552 0.559000
141.291667 142.291667 999.999 0.999 999.999 0.999000
144.291667 145.291667   8.939 0.000   5.559 0.559000
148.291667 149.291667  17.843 0.000  12.444 0.559000
151.291667 152.291667  14.324 0.000   4.969 0.559000
155.291667 156.291667  21.200 0.000   7.310 0.559000
158.291667 159.291667   9.102 0.000   5.812 0.559000
162.291667 163.291667   7.088 0.000   6.677 0.559000
165.291667 166.291667  14.280 0.000   7.829 0.559000
169.291667 170.291667  13.132 0.000 999.999 0.559259
172.291667 173.291667  10.760 0.000   4.554 0.559000
176.291667 177.291667   8.431 0.000   3.545 0.559000
179.291667 180.291667   8.907 0.000   6.172 0.559000
183.291667 184.291667   8.142 0.000   3.343 0.559000
186.291667 187.291667  14.535 0.000   4.789 0.559000
190.291667 191.291667   7.562 0.000   3.946 0.559000
193.291667 194.291667   5.144 0.000   4.311 0.559000
197.291667 198.291667   9.740 0.000   5.877 0.559000
200.291667 201.291667  10.489 0.000   5.512 0.559000
204.291667 205.291667   8.205 0.000   4.771 0.559000
207.291667 208.291667   8.705 0.000   3.879 0.559000
211.291667 212.291667   5.358 0.000   3.982 0.559000
214.291667 215.291667   6.228 0.000   4.955 0.559000
218.291667 219.291667  11.123 0.000   4.127 0.559000
221.291667 222.291667   9.418 0.000   3.582 0.559000
225.291667 226.291667   7.196 0.000   3.293 0.559000
228.291667 229.291667   8.889 0.000   3.902 0.559000
232.291667 233.291667   8.007 0.000   4.469 0.559000
235.291667 236.291667   9.709 0.000   5.594 0.559000
239.291667 240.291667   7.380 0.000   4.924 0.559000
242.291667 243.291667   8.388 0.000   4.590 0.559000
246.291667 247.291667   6.374 0.000   3.302 0.559000
249.291667 250.291667   7.091 0.000   5.399 0.559000
253.291667 254.291667  13.674 0.000   4.783 0.559000
256.291667 257.291667   8.645 0.000   4.410 0.559000
260.291667 261.291667   8.237 0.000   4.708 0.559000
263.291667 264.291667   6.594 0.000   3.578 0.559000
267.291667 268.291667   8.168 0.000   4.923 0.559000
270.291667 271.291667   9.712 0.000   4.706 0.559000
274.291667 275.291667   5.647 0.000   3.140 0.559000
277.291667 278.291667   8.561 0.000   3.537 0.559000
281.291667 282.291667  10.446 0.000   5.370 0.559000
284.291667 285.291667   8.327 0.000   5.327 0.559000
288.291667 289.291667  14.531 0.000   2.844 0.559000
291.291667 292.291667  10.372 0.000   3.812 0.559000
295.291667 296.291667   6.759 0.000   4.437 0.559000
298.291667 299.291667   8.240 0.000   3.633 0.559000
302.291667 303.291667   4.538 0.000   2.713 0.559000
305.291667 306.291667   5.885 0.000   3.438 0.559000
309.291667 310.291667   5.039 0.000   3.091 0.559000
312.291667 313.291667  10.194 0.000   5.125 0.559000
316.291667 317.291667   5.885 0.000   4.921 0.559000
319.291667 320.291667 999.999 0.999   2.681 0.559000
323.291667 324.291667   4.621 0.000   1.073 0.559000
326.291667 327.291667   2.121 0.000   1.277 0.559000
330.291667 331.291667   4.517 0.000   2.412 0.559000
333.291667 334.291667   8.706 0.000   2.889 0.559000
337.291667 338.291667 999.999 0.999   4.367 0.559000
340.291667 341.291667   7.452 0.000   5.987 0.559000
344.291667 345.291667   4.137 0.000   3.492 0.559000
347.291667 348.291667  14.336 0.000   4.571 0.559000
351.291667 352.291667   3.855 0.000   3.173 0.559000
354.291667 355.291667   2.731 0.000   2.484 0.559000
358.291667 359.291667   7.344 0.000   5.524 0.559000
361.291667 362.291667 999.999 0.999   4.932 0.559000
