scripts/IMPROVE-2019_partial/data/US0087R.20030103070000.20191216000000.filterpack..pm25.1y.1w.US03L_filterpack_US0087.US03L_IMPROVE_Davis.lev2.nas
66 1001
MISSING INFORMATION
US03L, IMPROVE, , , , , , , 
MISSING INFORMATION
IMPROVE sel_HTAP
1 1
2003 01 01 2019 12 16
3.000000
days from file reference point
27
1 1 1 1 1 1 1 1 1 1 1 1 1 1 1 1 1 1 1 1 1 1 1 1 1 1 1
999.999999 9999.99 9.999 99.99 9.999 9.999 9.999999 99.99 9.999999 9.999 9.999 99.999 9.999 999.999 9.999 99.99 9.999999 999.999 9.999 99.999 9.999 999.999 9.999 9.999 9.999 99.999 9.999
end_time of measurement, days from the file reference point
iron, ng/m3, Revision date=20181210133000
numflag iron, no unit, Revision date=20181210133000
lead, ng/m3, Revision date=20181210133000
numflag lead, no unit, Revision date=20181210133000
magnesium, ug/m3, Revision date=20181210133000
numflag magnesium, no unit, Revision date=20181210133000
nickel, ng/m3, Revision date=20181210133000
numflag nickel, no unit, Revision date=20181210133000
nitrate, ug N/m3, Revision date=20181210133000
numflag nitrate, no unit, Revision date=20181210133000
organic_carbon, ug C/m3, Revision date=20181210133000
numflag organic_carbon, no unit, Revision date=20181210133000
organic_mass, ug/m3, Revision date=20181210133000
numflag organic_mass, no unit, Revision date=20181210133000
phosphorus, ng/m3, Revision date=20181210133000
numflag phosphorus, no unit, Revision date=20181210133000
pm10_mass, ug/m3, Version=2, Version description=Data extracted from http://views.cira.colostate.edu/fed/DataWizard 2019-12-16, Sample duration=1d, Orig. time res.=3d, Matrix=pm10, Blank correction=Blank corrected, Volume std. temperature=ambient, Volume std. pressure=ambient
numflag pm10_mass, no unit, Version=2, Version description=Data extracted from http://views.cira.colostate.edu/fed/DataWizard 2019-12-16, Sample duration=1d, Orig. time res.=3d, Matrix=pm10, Blank correction=Blank corrected, Volume std. temperature=ambient, Volume std. pressure=ambient
pm10_pm25_mass, ug/m3, Revision date=20181210133000, Matrix=pm10_pm25
numflag pm10_pm25_mass, no unit, Revision date=20181210133000, Matrix=pm10_pm25
pm25_mass, ug/m3, Version=2, Version description=Data extracted from http://views.cira.colostate.edu/fed/DataWizard 2019-12-16, Sample duration=1d, Orig. time res.=3d, Blank correction=Blank corrected, Volume std. temperature=ambient, Volume std. pressure=ambient
numflag pm25_mass, no unit, Version=2, Version description=Data extracted from http://views.cira.colostate.edu/fed/DataWizard 2019-12-16, Sample duration=1d, Orig. time res.=3d, Blank correction=Blank corrected, Volume std. temperature=ambient, Volume std. pressure=ambient
potassium, ug/m3, Revision date=20181210133000
numflag potassium, no unit, Revision date=20181210133000
sulphate_total, ug S/m3, Revision date=20181210133000
numflag sulphate_total, no unit, Revision date=20181210133000
0
25
Data definition:              EBAS_1.1
Set type code:                TU
Timezone:                     UTC
File name:                    US0087R.20030103070000.20191216000000.filterpack..pm25.1y.1w.US03L_filterpack_US0087.US03L_IMPROVE_Davis.lev2.nas
File creation:                20191218120116
Startdate:                    20030103070000
Revision date:                20191216000000
Statistics:                   arithmetic mean
Data level:                   2
Period code:                  1y
Resolution code:              1w
Station code:                 US0087R
Platform code:                US0087S
Station name:                 Brooklyn Lake
Station latitude:             41.3662
Station longitude:            -106.2418
Station altitude:             3196.0 m
Regime:                       IMG
Component:                    
Matrix:                       pm25
Laboratory code:              US03L
Instrument type:              filterpack
Instrument name:              filterpack_US0087
Method ref:                   US03L_IMPROVE_Davis
starttime endtime Fe flag_Fe Pb flag_Pb Mg++ flag_Mg++ Ni flag_Ni NO3- flag_NO3- OC flag_OC OM flag_OM P flag_P PM10 flag_PM10 PM10-PM2.5 flag_PM10-PM2.5 PM2.5 flag_PM2.5 K+ flag_K+ SO4-- flag_SO4--
  2.291667   3.291667    1.51 0.000  0.11 0.000 9.999 0.259000 99.99 0.259000 0.006 0.000  0.091 0.000   0.128 0.000 99.99 0.259000   0.545 0.000  0.130 0.000   0.415 0.000 0.002 0.000  0.057 0.000
  5.291667   6.291667    0.81 0.000  0.11 0.000 9.999 0.259000 99.99 0.259000 0.001 0.000  0.027 0.000   0.038 0.000 99.99 0.259000   0.182 0.000 99.999 0.259   0.187 0.000 0.001 0.000  0.021 0.000
  8.291667   9.291667    3.64 0.000  0.08 0.000 9.999 0.259000 99.99 0.259000 0.014 0.000  0.213 0.000   0.298 0.000 99.99 0.259000   0.654 0.000  0.063 0.000   0.592 0.000 0.003 0.000  0.056 0.000
 11.291667  12.291667    5.17 0.000  0.09 0.000 9.999 0.259000 99.99 0.259000 0.005 0.000  0.113 0.000   0.158 0.000 99.99 0.259000   0.767 0.000  0.043 0.000   0.725 0.000 0.004 0.000  0.115 0.000
 14.291667  15.291667    2.03 0.000  0.14 0.000 0.014 0.000000 99.99 0.259000 0.020 0.000  0.184 0.000   0.258 0.000 99.99 0.259000   0.731 0.000  0.250 0.000   0.481 0.000 0.003 0.000  0.061 0.000
 17.291667  18.291667    1.76 0.000  0.10 0.000 9.999 0.259000 99.99 0.259000 0.019 0.000  0.092 0.000   0.129 0.000  5.47 0.000000   0.882 0.000  0.521 0.000   0.361 0.000 0.002 0.000  0.026 0.000
 20.291667  21.291667    2.53 0.000  0.14 0.000 0.010 0.000000 99.99 0.259000 0.047 0.000  0.139 0.000   0.194 0.000 99.99 0.259000   1.625 0.000  0.722 0.000   0.903 0.000 0.002 0.000  0.112 0.000
 23.291667  24.291667   11.02 0.000  0.19 0.000 9.999 0.259000  0.11 0.000000 0.009 0.000  0.027 0.000   0.038 0.000 99.99 0.259000   1.279 0.000 99.999 0.259   1.306 0.000 0.008 0.000  0.200 0.000
 26.291667  27.291667    4.09 0.000  1.17 0.000 9.999 0.259000 99.99 0.259000 0.004 0.000  0.145 0.000   0.203 0.000 99.99 0.259000   1.418 0.000  0.322 0.000   1.097 0.000 0.011 0.000  0.160 0.000
 29.291667  30.291667    3.90 0.000  0.16 0.000 0.014 0.000000 99.99 0.259000 0.025 0.000  0.124 0.000   0.174 0.000 99.99 0.259000   1.163 0.000  0.699 0.000   0.465 0.000 0.004 0.000  0.088 0.000
 32.291667  33.291667    6.50 0.000  0.26 0.000 9.999 0.259000 99.99 0.259000 0.018 0.000  0.158 0.000   0.221 0.000 99.99 0.259000   1.664 0.000  0.969 0.000   0.694 0.000 0.006 0.000  0.088 0.000
 35.291667  36.291667    3.48 0.000  0.09 0.000 9.999 0.259000 99.99 0.259000 0.014 0.559  0.043 0.000   0.061 0.000 99.99 0.259000   0.772 0.000  0.007 0.000   0.765 0.000 0.003 0.000  0.132 0.559
 38.291667  39.291667    3.65 0.000  0.19 0.000 0.012 0.000000 99.99 0.259000 0.010 0.000  0.059 0.000   0.082 0.000 99.99 0.259000   0.588 0.000  0.156 0.000   0.432 0.000 0.004 0.000  0.074 0.000
 41.291667  42.291667    6.41 0.000  0.18 0.000 9.999 0.259000  0.07 0.000000 0.039 0.000  0.055 0.000   0.077 0.000 99.99 0.259000   0.665 0.000  0.339 0.000   0.326 0.000 0.006 0.000  0.044 0.000
 44.291667  45.291667    1.08 0.000  0.12 0.000 9.999 0.259000 99.99 0.259000 0.001 0.559  0.009 0.000   0.013 0.000 99.99 0.259000   0.255 0.000  0.135 0.000   0.120 0.000 9.999 0.259  0.074 0.559
 47.291667  48.291667    5.80 0.000  0.18 0.000 0.018 0.000000 99.99 0.259000 0.026 0.000  0.050 0.000   0.069 0.000 99.99 0.259000   0.621 0.000  0.071 0.000   0.551 0.000 0.006 0.000  0.083 0.000
 50.291667  51.291667    8.74 0.000  0.23 0.000 9.999 0.259000  0.10 0.000000 0.129 0.000  0.141 0.000   0.198 0.000 99.99 0.259000   1.572 0.000  0.352 0.000   1.220 0.000 0.008 0.000  0.140 0.000
 53.291667  54.291667    4.49 0.000  0.23 0.000 9.999 0.259000 99.99 0.259000 0.026 0.000  0.183 0.000   0.256 0.000 99.99 0.259000   0.919 0.000  0.103 0.000   0.815 0.000 0.004 0.000  0.144 0.000
 56.291667  57.291667   10.19 0.000  0.22 0.000 9.999 0.259000 99.99 0.259000 0.035 0.000  0.211 0.000   0.295 0.000 99.99 0.259000   1.309 0.000  0.121 0.000   1.188 0.000 0.008 0.000  0.188 0.000
 59.291667  60.291667    9.38 0.000  0.44 0.000 9.999 0.259000 99.99 0.259000 0.151 0.000  0.403 0.000   0.564 0.000 99.99 0.259000   2.388 0.000  0.000 0.000   2.388 0.000 0.011 0.000  0.322 0.000
 62.291667  63.291667   10.85 0.000  0.25 0.000 9.999 0.259000  0.12 0.000000 0.041 0.000  0.170 0.000   0.238 0.000 99.99 0.259000   1.182 0.000  0.105 0.000   1.077 0.000 0.008 0.000  0.165 0.000
 65.291667  66.291667   16.20 0.000  0.26 0.000 9.999 0.259000 99.99 0.259000 0.044 0.000  0.186 0.000   0.260 0.000 99.99 0.259000   2.036 0.000  0.486 0.000   1.550 0.000 0.013 0.000  0.142 0.000
 68.291667  69.291667   25.36 0.000  0.32 0.000 9.999 0.259000 99.99 0.259000 0.041 0.000  0.246 0.000   0.344 0.000 99.99 0.259000   2.966 0.000  1.645 0.000   1.321 0.000 0.019 0.000  0.103 0.000
 71.291667  72.291667   64.73 0.000  0.45 0.000 9.999 0.259000 99.99 0.259000 0.053 0.000  0.284 0.000   0.397 0.000 99.99 0.259000   4.545 0.000  1.849 0.000   2.695 0.000 0.044 0.000  0.104 0.000
 74.291667  75.291667   13.05 0.000  0.36 0.000 9.999 0.259000 99.99 0.259000 0.025 0.000  0.316 0.000   0.442 0.000 99.99 0.259000   2.072 0.000  0.305 0.000   1.767 0.000 0.014 0.000  0.200 0.000
 77.291667  78.291667 9999.99 0.999 99.99 0.999 9.999 0.999000 99.99 0.999000 9.999 0.999 99.999 0.999 999.999 0.999 99.99 0.999000 999.999 0.999 99.999 0.999 999.999 0.999 9.999 0.999 99.999 0.999
 80.291667  81.291667 9999.99 0.999 99.99 0.999 9.999 0.999000 99.99 0.999000 9.999 0.999 99.999 0.999 999.999 0.999 99.99 0.999000 999.999 0.999 99.999 0.999 999.999 0.999 9.999 0.999 99.999 0.999
 83.291667  84.291667 9999.99 0.999 99.99 0.999 9.999 0.999000 99.99 0.999000 9.999 0.999 99.999 0.999 999.999 0.999 99.99 0.999000 999.999 0.999 99.999 0.999 999.999 0.999 9.999 0.999 99.999 0.999
 86.291667  87.291667    8.63 0.000  0.20 0.000 9.999 0.259000 99.99 0.259000 0.059 0.000  0.180 0.000   0.252 0.000 99.99 0.259000   2.278 0.000  0.236 0.000   2.042 0.000 0.009 0.000  0.320 0.000
 89.291667  90.291667   11.27 0.000  0.25 0.000 9.999 0.259000 99.99 0.259000 0.095 0.000  0.157 0.000   0.219 0.000 99.99 0.259000   1.338 0.000  0.328 0.000   1.010 0.000 0.010 0.000  0.090 0.000
 92.291667  93.291667   66.81 0.559  0.81 0.559 9.999 0.559259 99.99 0.559259 0.035 0.000  0.327 0.000   0.458 0.000 99.99 0.559259   5.446 0.000  2.105 0.000   3.341 0.559 0.053 0.559  0.331 0.000
 95.291667  96.291667   19.05 0.000  0.39 0.000 9.999 0.259000 99.99 0.259000 0.094 0.000  0.225 0.000   0.315 0.000 99.99 0.259000   2.449 0.000  0.781 0.000   1.668 0.000 0.015 0.000  0.496 0.000
 98.291667  99.291667   35.09 0.000  0.33 0.000 9.999 0.259000 99.99 0.259000 0.017 0.000  0.244 0.000   0.342 0.000 99.99 0.259000   2.279 0.000  0.786 0.000   1.492 0.000 0.019 0.000  0.096 0.000
101.291667 102.291667   90.26 0.559  1.43 0.559 9.999 0.559259  0.07 0.559000 0.057 0.000  0.714 0.000   0.999 0.000 99.99 0.559259   6.655 0.000  1.714 0.000   4.941 0.559 0.069 0.559  0.287 0.000
104.291667 105.291667   31.74 0.000  0.35 0.000 9.999 0.259000  0.07 0.000000 0.019 0.000  0.318 0.000   0.445 0.000 99.99 0.259000   3.270 0.000  1.190 0.000   2.080 0.000 0.026 0.000  0.206 0.000
107.291667 108.291667   35.92 0.559  0.35 0.559 9.999 0.559259 99.99 0.559259 0.051 0.000  0.313 0.000   0.438 0.000 99.99 0.559259   2.814 0.000  0.731 0.000   2.083 0.559 0.023 0.559  0.207 0.000
110.291667 111.291667   22.11 0.000  0.31 0.000 9.999 0.259000 99.99 0.259000 0.072 0.000  0.422 0.000   0.590 0.000 99.99 0.259000   2.243 0.000  0.428 0.000   1.814 0.000 0.019 0.000  0.173 0.000
113.291667 114.291667   17.84 0.000  0.40 0.000 9.999 0.259000 99.99 0.259000 0.031 0.000  0.371 0.000   0.520 0.000 99.99 0.259000   1.374 0.000  0.016 0.000   1.358 0.000 0.013 0.000  0.159 0.000
116.291667 117.291667   54.96 0.000  0.71 0.000 9.999 0.259000 99.99 0.259000 0.074 0.000  0.388 0.000   0.543 0.000 99.99 0.259000   4.750 0.000  2.191 0.000   2.558 0.000 0.037 0.000  0.153 0.000
119.291667 120.291667   48.02 0.000  0.44 0.000 9.999 0.259000  0.03 0.000000 0.052 0.000  0.259 0.000   0.362 0.000 99.99 0.259000   4.386 0.000  1.897 0.000   2.489 0.000 0.033 0.000  0.159 0.000
122.291667 123.291667  110.71 0.559  0.43 0.559 0.018 0.559000 99.99 0.559259 0.064 0.000  0.335 0.000   0.469 0.000 99.99 0.559259   8.399 0.000  4.421 0.000   3.978 0.559 0.077 0.559  0.159 0.000
125.291667 126.291667   23.68 0.000  0.85 0.000 0.007 0.000000 99.99 0.259000 0.062 0.000  0.484 0.000   0.677 0.000 99.99 0.259000   3.270 0.000  0.263 0.000   3.007 0.000 0.025 0.000  0.356 0.000
128.291667 129.291667   22.80 0.000  0.47 0.000 9.999 0.259000 99.99 0.259000 0.025 0.000  0.320 0.000   0.448 0.000 99.99 0.259000   1.927 0.000  0.159 0.000   1.768 0.000 0.016 0.000  0.153 0.000
131.291667 132.291667   33.71 0.000  0.56 0.000 9.999 0.259000  0.04 0.000000 0.041 0.559  0.378 0.000   0.530 0.000 99.99 0.259000   2.640 0.000  0.400 0.000   2.240 0.000 0.023 0.000  0.174 0.559
134.291667 135.291667  244.52 0.000  1.95 0.000 9.999 0.259000 99.99 0.259000 0.272 0.000  3.789 0.000   5.304 0.000 99.99 0.259000  22.355 0.000  6.086 0.000  16.269 0.000 0.196 0.000  1.348 0.000
137.291667 138.291667 9999.99 0.999 99.99 0.999 9.999 0.999000 99.99 0.999000 9.999 0.999 99.999 0.999 999.999 0.999 99.99 0.999000 999.999 0.999 99.999 0.999 999.999 0.999 9.999 0.999 99.999 0.999
140.291667 141.291667   35.81 0.000  0.44 0.000 9.999 0.259000 99.99 0.259000 0.034 0.000  0.426 0.000   0.596 0.000 99.99 0.259000   3.814 0.000  1.458 0.000   2.356 0.000 0.027 0.000  0.147 0.000
143.291667 144.291667   43.70 0.000  0.39 0.000 9.999 0.259000  0.08 0.000000 0.039 0.000  0.699 0.000   0.978 0.000 99.99 0.259000   4.145 0.000  1.311 0.000   2.834 0.000 0.028 0.000  0.175 0.000
146.291667 147.291667   55.56 0.000  0.77 0.000 9.999 0.259000  0.07 0.000000 0.054 0.559  0.961 0.000   1.345 0.000 99.99 0.259000   6.694 0.000  1.877 0.000   4.817 0.000 0.051 0.000  0.433 0.559
149.291667 150.291667   42.69 0.559  0.49 0.559 9.999 0.559259 99.99 0.559259 0.033 0.000  0.947 0.000   1.326 0.000 99.99 0.559259   5.505 0.000  1.353 0.000   4.152 0.559 0.036 0.559  0.353 0.000
152.291667 153.291667   30.30 0.559  0.53 0.559 0.032 0.559000  0.05 0.559000 0.037 0.000  2.143 0.000   3.000 0.000 99.99 0.559259   6.508 0.000  0.609 0.000   5.899 0.559 0.039 0.559  0.219 0.000
155.291667 156.291667    8.14 0.000  0.18 0.000 9.999 0.259000 99.99 0.259000 0.015 0.000  0.706 0.000   0.989 0.000 99.99 0.259000   1.878 0.000 99.999 0.259   1.927 0.000 0.009 0.000  0.131 0.000
158.291667 159.291667   17.00 0.000  0.67 0.000 0.016 0.000000 99.99 0.259000 0.013 0.000  0.621 0.000   0.869 0.000 99.99 0.259000   2.976 0.000  0.468 0.000   2.509 0.000 0.018 0.000  0.183 0.000
161.291667 162.291667 9999.99 0.699 99.99 0.699 9.999 0.699000 99.99 0.699000 0.169 0.000  7.864 0.000  11.010 0.000 99.99 0.699000  30.129 0.000 99.999 0.999 999.999 0.699 9.999 0.699  2.025 0.000
164.291667 165.291667 9999.99 0.999 99.99 0.999 9.999 0.999000 99.99 0.999000 9.999 0.999 99.999 0.999 999.999 0.999 99.99 0.999000 999.999 0.999 99.999 0.999 999.999 0.999 9.999 0.999 99.999 0.999
167.291667 168.291667 9999.99 0.999 99.99 0.999 9.999 0.999000 99.99 0.999000 9.999 0.999 99.999 0.999 999.999 0.999 99.99 0.999000 999.999 0.999 99.999 0.999 999.999 0.999 9.999 0.999 99.999 0.999
170.291667 171.291667   34.99 0.000  0.50 0.000 9.999 0.259000  0.08 0.000000 0.029 0.000  1.467 0.000   2.054 0.000 99.99 0.259000   5.917 0.000  1.085 0.000   4.832 0.000 0.048 0.000  0.280 0.000
173.291667 174.291667   26.28 0.000  0.34 0.000 9.999 0.259000 99.99 0.259000 0.223 0.000  1.241 0.000   1.738 0.000 99.99 0.259000   5.492 0.000  0.787 0.000   4.704 0.000 0.026 0.000  0.377 0.000
176.291667 177.291667    8.07 0.000  0.24 0.000 9.999 0.259000 99.99 0.259000 0.025 0.559  0.718 0.000   1.005 0.000 99.99 0.259000   2.676 0.000  0.276 0.000   2.400 0.000 0.007 0.000  0.196 0.559
179.291667 180.291667   19.14 0.000 99.99 0.259 9.999 0.259000 99.99 0.259000 0.103 0.000  1.109 0.000   1.553 0.000 99.99 0.259000   4.868 0.000  1.457 0.000   3.412 0.000 0.015 0.000  0.267 0.000
182.291667 183.291667   69.80 0.000  0.29 0.000 9.999 0.259000  0.04 0.000000 0.035 0.000  1.005 0.000   1.407 0.000 99.99 0.259000   9.056 0.000  4.640 0.000   4.416 0.000 0.060 0.000  0.147 0.000
185.291667 186.291667   57.07 0.000  0.23 0.000 9.999 0.259000 99.99 0.259000 0.010 0.000  0.448 0.000   0.627 0.000 99.99 0.259000   6.336 0.000  4.000 0.000   2.336 0.000 0.029 0.000  0.106 0.000
188.291667 189.291667   57.41 0.000  0.46 0.000 0.025 0.000000 99.99 0.259000 0.034 0.559  0.813 0.000   1.138 0.000 99.99 0.259000   9.188 0.000  4.946 0.000   4.242 0.000 0.059 0.000  0.207 0.559
191.291667 192.291667   64.43 0.559  0.35 0.559 9.999 0.559259 99.99 0.559259 0.023 0.559  1.078 0.000   1.510 0.000 99.99 0.559259   7.585 0.000  3.652 0.000   3.934 0.559 0.036 0.559  0.123 0.559
194.291667 195.291667  113.22 0.000  0.59 0.000 9.999 0.259000 99.99 0.259000 0.019 0.000  1.096 0.000   1.534 0.000 99.99 0.259000  10.095 0.000  5.389 0.000   4.705 0.000 0.057 0.000  0.134 0.000
197.291667 198.291667   66.66 0.559  0.29 0.559 9.999 0.559259  0.09 0.559000 0.030 0.559  3.107 0.000   4.350 0.000 99.99 0.559259  10.238 0.000  1.757 0.000   8.480 0.559 0.073 0.559  0.373 0.559
200.291667 201.291667   84.78 0.000  0.16 0.000 9.999 0.259000  0.18 0.000000 0.017 0.559  1.796 0.000   2.515 0.000 99.99 0.259000   7.159 0.000  0.464 0.000   6.695 0.000 0.068 0.000  0.269 0.559
203.291667 204.291667  114.29 0.559  0.36 0.559 9.999 0.559259  0.05 0.559000 0.023 0.559  3.210 0.000   4.494 0.000 99.99 0.559259  12.594 0.000  4.390 0.000   8.204 0.559 0.078 0.559  0.222 0.559
206.291667 207.291667  170.39 0.559  0.34 0.559 9.999 0.559259  0.22 0.559000 0.017 0.000  1.389 0.000   1.944 0.000 99.99 0.559259   5.369 0.000 99.999 0.259   7.434 0.559 0.106 0.559  0.211 0.000
209.291667 210.291667   31.92 0.000  0.15 0.000 9.999 0.259000  0.06 0.000000 0.043 0.559  2.028 0.000   2.839 0.000 99.99 0.259000   6.511 0.000  0.866 0.000   5.645 0.000 0.031 0.000  0.295 0.559
212.291667 213.291667   65.35 0.559  0.31 0.559 9.999 0.559259 99.99 0.559259 0.038 0.559  2.639 0.000   3.695 0.000 99.99 0.559259  10.095 0.000  3.085 0.000   7.010 0.559 0.064 0.559  0.216 0.559
215.291667 216.291667   18.46 0.000  0.19 0.000 9.999 0.259000 99.99 0.259000 0.021 0.559  0.521 0.000   0.729 0.000 99.99 0.259000   5.656 0.000  3.645 0.000   2.011 0.000 0.013 0.000  0.143 0.559
218.291667 219.291667   35.30 0.000  0.24 0.000 9.999 0.259000  0.50 0.000000 0.013 0.000  0.887 0.000   1.242 0.000 99.99 0.259000   5.073 0.000  2.180 0.000   2.893 0.000 0.027 0.000  0.184 0.000
221.291667 222.291667   44.39 0.000  0.32 0.000 9.999 0.259000  3.44 0.000000 0.018 0.000  1.004 0.000   1.406 0.000 99.99 0.259000   7.736 0.000  4.619 0.000   3.117 0.000 0.031 0.000  0.220 0.000
224.291667 225.291667   48.67 0.000  0.21 0.000 9.999 0.259000  0.17 0.000000 0.016 0.000  1.404 0.000   1.966 0.000 99.99 0.259000   7.302 0.000  3.601 0.000   3.702 0.000 0.029 0.000  0.246 0.000
227.291667 228.291667   39.50 0.000  0.28 0.000 9.999 0.259000  0.05 0.000000 0.021 0.000  1.072 0.000   1.501 0.000 99.99 0.259000   6.570 0.000  2.502 0.000   4.068 0.000 0.027 0.000  0.300 0.000
230.291667 231.291667   24.08 0.000  0.32 0.000 9.999 0.259000 99.99 0.259000 0.047 0.000  5.580 0.000   7.812 0.000 99.99 0.259000  13.006 0.000  1.191 0.000  11.816 0.000 0.078 0.000  0.262 0.000
233.291667 234.291667   18.66 0.559  0.19 0.559 9.999 0.559259  0.07 0.559000 0.009 0.000  1.045 0.000   1.463 0.000 99.99 0.559259   3.706 0.000  1.102 0.000   2.604 0.559 0.018 0.559  0.143 0.000
236.291667 237.291667   13.14 0.000  0.12 0.000 9.999 0.259000  0.08 0.000000 0.016 0.000  0.673 0.000   0.943 0.000 99.99 0.259000   3.508 0.000  1.204 0.000   2.304 0.000 0.011 0.000  0.210 0.000
239.291667 240.291667   24.89 0.000  0.21 0.000 9.999 0.259000  0.05 0.000000 0.014 0.000  0.864 0.000   1.209 0.000 99.99 0.259000   4.702 0.000  2.024 0.000   2.678 0.000 0.028 0.000  0.121 0.000
