scripts/IMPROVE-2019_partial/data/US0077R.20030103070000.20191216000000.filterpack..pm25.1y.1w.US03L_filterpack_US0077.US03L_IMPROVE_Davis.lev2.nas
64 1001
MISSING INFORMATION
US03L, IMPROVE, , , , , , , 
MISSING INFORMATION
IMPROVE sel_HTAP
1 1
2003 01 01 2019 12 16
3.000000
days from file reference point
25
1 1 1 1 1 1 1 1 1 1 1 1 1 1 1 1 1 1 1 1 1 1 1 1 1
999.999999 9999.99 9.999 99.99 9.999 9.999 9.999999 99.99 9.999999 9.999 9.999 999.999 9.999 999.999 9.999 999.999 9.999 999.999 9.999 999.999 9.999 9.999 9.999 9.999 9.999
end_time of measurement, days from the file reference point
iron, ng/m3, Revision date=20181210133000
numflag iron, no unit, Revision date=20181210133000
lead, ng/m3, Revision date=20181210133000
numflag lead, no unit, Revision date=20181210133000
magnesium, ug/m3, Revision date=20181210133000
numflag magnesium, no unit, Revision date=20181210133000
nickel, ng/m3, Revision date=20181210133000
numflag nickel, no unit, Revision date=20181210133000
nitrate, ug N/m3, Revision date=20181210133000
numflag nitrate, no unit, Revision date=20181210133000
organic_carbon, ug C/m3, Revision date=20181210133000
numflag organic_carbon, no unit, Revision date=20181210133000
organic_mass, ug/m3, Revision date=20181210133000
numflag organic_mass, no unit, Revision date=20181210133000
pm10_mass, ug/m3, Version=2, Version description=Data extracted from http://views.cira.colostate.edu/fed/DataWizard 2019-12-16, Sample duration=1d, Orig. time res.=3d, Matrix=pm10, Blank correction=Blank corrected, Volume std. temperature=ambient, Volume std. pressure=ambient
numflag pm10_mass, no unit, Version=2, Version description=Data extracted from http://views.cira.colostate.edu/fed/DataWizard 2019-12-16, Sample duration=1d, Orig. time res.=3d, Matrix=pm10, Blank correction=Blank corrected, Volume std. temperature=ambient, Volume std. pressure=ambient
pm10_pm25_mass, ug/m3, Revision date=20181210133000, Matrix=pm10_pm25
numflag pm10_pm25_mass, no unit, Revision date=20181210133000, Matrix=pm10_pm25
pm25_mass, ug/m3, Version=2, Version description=Data extracted from http://views.cira.colostate.edu/fed/DataWizard 2019-12-16, Sample duration=1d, Orig. time res.=3d, Blank correction=Blank corrected, Volume std. temperature=ambient, Volume std. pressure=ambient
numflag pm25_mass, no unit, Version=2, Version description=Data extracted from http://views.cira.colostate.edu/fed/DataWizard 2019-12-16, Sample duration=1d, Orig. time res.=3d, Blank correction=Blank corrected, Volume std. temperature=ambient, Volume std. pressure=ambient
potassium, ug/m3, Revision date=20181210133000
numflag potassium, no unit, Revision date=20181210133000
sulphate_total, ug S/m3, Revision date=20181210133000
numflag sulphate_total, no unit, Revision date=20181210133000
0
25
Data definition:              EBAS_1.1
Set type code:                TU
Timezone:                     UTC
File name:                    US0077R.20030103070000.20191216000000.filterpack..pm25.1y.1w.US03L_filterpack_US0077.US03L_IMPROVE_Davis.lev2.nas
File creation:                20191218120038
Startdate:                    20030103070000
Revision date:                20191216000000
Statistics:                   arithmetic mean
Data level:                   2
Period code:                  1y
Resolution code:              1w
Station code:                 US0077R
Platform code:                US0077S
Station name:                 Canyonlands NP
Station latitude:             38.4587
Station longitude:            -109.821
Station altitude:             1798.0 m
Regime:                       IMG
Component:                    
Matrix:                       pm25
Laboratory code:              US03L
Instrument type:              filterpack
Instrument name:              filterpack_US0077
Method ref:                   US03L_IMPROVE_Davis
starttime endtime Fe flag_Fe Pb flag_Pb Mg++ flag_Mg++ Ni flag_Ni NO3- flag_NO3- OC flag_OC OM flag_OM PM10 flag_PM10 PM10-PM2.5 flag_PM10-PM2.5 PM2.5 flag_PM2.5 K+ flag_K+ SO4-- flag_SO4--
[from data line 87]
263.291667 264.291667   38.83 0.000  1.45 0.000 9.999 0.259000 99.99 0.259000 0.022 0.000   0.283 0.000   0.397 0.000   6.233 0.000   3.714 0.000   2.519 0.000 0.040 0.000 0.133 0.000
266.291667 267.291667   36.06 0.000  0.84 0.000 9.999 0.259000 99.99 0.259000 0.032 0.000   2.030 0.000   2.842 0.000  11.020 0.000   5.173 0.000   5.846 0.000 0.098 0.000 0.152 0.000
269.291667 270.291667   42.98 0.559  0.52 0.559 9.999 0.559259 99.99 0.559259 0.033 0.000   2.156 0.000   3.018 0.000  11.352 0.000   5.489 0.000   5.864 0.559 0.083 0.559 0.098 0.000
272.291667 273.291667   26.05 0.000  0.40 0.000 9.999 0.259000  0.07 0.000000 0.012 0.000   0.266 0.000   0.373 0.000   6.135 0.000   3.465 0.000   2.670 0.000 0.020 0.000 0.185 0.000
275.291667 276.291667   12.50 0.000  0.27 0.000 9.999 0.259000  0.06 0.000000 0.029 0.000   0.444 0.000   0.621 0.000   3.409 0.000   1.763 0.000   1.646 0.000 0.013 0.000 0.086 0.000
278.291667 279.291667    5.63 0.000  0.29 0.000 9.999 0.259000  0.05 0.000000 0.014 0.000   0.328 0.000   0.459 0.000   3.327 0.000   0.972 0.000   2.355 0.000 0.029 0.000 0.198 0.000
281.291667 282.291667   16.44 0.000  0.34 0.000 9.999 0.259000 99.99 0.259000 0.013 0.559   0.481 0.000   0.673 0.000   4.990 0.000   2.201 0.000   2.789 0.000 0.026 0.000 0.224 0.559
284.291667 285.291667   37.43 0.000  0.32 0.000 0.041 0.000000 99.99 0.259000 0.024 0.559   0.118 0.000   0.165 0.000   7.614 0.000   5.270 0.000   2.344 0.000 0.048 0.000 0.123 0.559
287.291667 288.291667   30.21 0.000  0.59 0.000 9.999 0.259000 99.99 0.259000 0.018 0.000   0.292 0.000   0.409 0.000   7.447 0.000   4.800 0.000   2.647 0.000 0.037 0.000 0.166 0.000
290.291667 291.291667   51.13 0.000  0.58 0.000 0.025 0.000000  0.06 0.000000 0.019 0.000   0.425 0.000   0.594 0.000   9.287 0.000   5.558 0.000   3.729 0.000 0.079 0.000 0.182 0.000
293.291667 294.291667   43.52 0.000  0.53 0.000 0.028 0.000000 99.99 0.259000 0.017 0.000   0.573 0.000   0.802 0.000   9.144 0.000   5.387 0.000   3.757 0.000 0.066 0.000 0.225 0.000
296.291667 297.291667   58.55 0.000  0.90 0.000 0.052 0.000000  0.07 0.000000 0.025 0.000   0.337 0.000   0.472 0.000  12.048 0.000   8.744 0.000   3.304 0.000 0.055 0.000 0.114 0.000
299.291667 300.291667   17.68 0.000  0.42 0.000 9.999 0.259000  0.05 0.000000 0.014 0.000   0.265 0.000   0.371 0.000   5.556 0.000   3.414 0.000   2.142 0.000 0.038 0.000 0.077 0.000
302.291667 303.291667 9999.99 0.699 99.99 0.699 9.999 0.699000 99.99 0.699000 0.370 0.559  10.653 0.000  14.915 0.000  77.718 0.000 999.999 0.999 999.999 0.699 9.999 0.699 0.260 0.559
305.291667 306.291667   18.33 0.000  0.75 0.000 0.020 0.000000 99.99 0.259000 0.061 0.000   0.854 0.000   1.195 0.000   6.481 0.000   2.948 0.000   3.533 0.000 0.075 0.000 0.150 0.000
308.291667 309.291667   17.66 0.000  0.13 0.000 9.999 0.259000  0.08 0.000000 0.020 0.000   0.347 0.000   0.486 0.000   5.674 0.000   3.961 0.000   1.714 0.000 0.018 0.000 0.090 0.000
311.291667 312.291667   14.66 0.000  0.53 0.000 9.999 0.259000  0.05 0.000000 0.034 0.000   0.401 0.000   0.562 0.000   4.125 0.000   2.241 0.000   1.883 0.000 0.025 0.000 0.118 0.000
314.291667 315.291667   12.75 0.000  0.77 0.000 0.019 0.000000  0.11 0.000000 0.018 0.000   0.166 0.000   0.232 0.000   1.883 0.000   0.402 0.000   1.480 0.000 0.013 0.000 0.148 0.000
317.291667 318.291667    4.89 0.000  0.29 0.000 9.999 0.259000  0.05 0.000000 0.013 0.000   0.293 0.000   0.411 0.000   1.482 0.000   0.330 0.000   1.153 0.000 0.005 0.000 0.099 0.000
320.291667 321.291667    4.97 0.000  0.41 0.000 9.999 0.259000 99.99 0.259000 0.019 0.000   0.163 0.000   0.228 0.000   2.033 0.000   1.209 0.000   0.824 0.000 0.005 0.000 0.053 0.000
323.291667 324.291667    9.77 0.000  0.29 0.000 9.999 0.259000 99.99 0.259000 0.032 0.000   0.365 0.000   0.512 0.000   3.241 0.000   1.720 0.000   1.521 0.000 0.046 0.000 0.070 0.000
326.291667 327.291667    5.68 0.559  0.37 0.559 0.041 0.559000 99.99 0.559259 0.108 0.000   0.494 0.000   0.691 0.000   3.129 0.000   1.117 0.000   2.013 0.559 0.025 0.559 0.122 0.000
329.291667 330.291667    7.83 0.000  0.28 0.000 9.999 0.259000 99.99 0.259000 0.022 0.000   0.159 0.000   0.223 0.000   3.664 0.000   2.287 0.000   1.377 0.000 0.021 0.000 0.070 0.000
332.291667 333.291667    8.37 0.000  0.36 0.000 0.018 0.000000  0.06 0.000000 0.039 0.000   0.223 0.000   0.312 0.000   3.664 0.000   2.184 0.000   1.480 0.000 0.048 0.000 0.057 0.000
335.291667 336.291667   19.95 0.000  0.71 0.000 9.999 0.259000 99.99 0.259000 0.051 0.000   0.453 0.000   0.633 0.000   4.090 0.000   1.710 0.000   2.380 0.000 0.034 0.000 0.111 0.000
338.291667 339.291667   18.07 0.000  0.64 0.000 0.022 0.000000 99.99 0.259000 0.079 0.000   0.526 0.000   0.736 0.000   4.742 0.000   2.567 0.000   2.176 0.000 0.059 0.000 0.091 0.000
341.291667 342.291667    3.69 0.000  0.30 0.000 9.999 0.259000  0.05 0.000000 0.012 0.000   0.111 0.000   0.155 0.000   1.236 0.000   0.642 0.000   0.594 0.000 0.004 0.000 0.030 0.000
344.291667 345.291667    6.82 0.000  0.21 0.000 9.999 0.259000 99.99 0.259000 0.127 0.000   0.504 0.000   0.706 0.000   3.049 0.000   1.111 0.000   1.937 0.000 0.047 0.000 0.079 0.000
347.291667 348.291667    6.84 0.000  0.44 0.000 9.999 0.259000  0.05 0.000000 0.019 0.000   0.267 0.000   0.374 0.000   2.371 0.000   0.838 0.000   1.533 0.000 0.015 0.000 0.058 0.000
350.291667 351.291667    5.57 0.000  0.28 0.000 9.999 0.259000 99.99 0.259000 0.061 0.000   0.455 0.000   0.637 0.000   2.541 0.000   1.320 0.000   1.220 0.000 0.055 0.000 0.052 0.000
353.291667 354.291667   10.05 0.000  0.37 0.000 9.999 0.259000  0.03 0.000000 0.124 0.000   0.654 0.000   0.915 0.000   3.515 0.000   1.539 0.000   1.976 0.000 0.113 0.000 0.080 0.000
356.291667 357.291667   10.27 0.559  0.29 0.559 9.999 0.559259  0.08 0.559000 0.033 0.559   0.321 0.000   0.450 0.000   2.350 0.000   1.197 0.000   1.154 0.559 0.033 0.559 0.100 0.559
359.291667 360.291667   10.76 0.559  0.31 0.559 9.999 0.559259 99.99 0.559259 0.006 0.000   0.187 0.000   0.261 0.000   4.277 0.000   3.677 0.000   0.600 0.559 0.009 0.559 0.046 0.000
362.291667 363.291667    4.10 0.559  0.23 0.559 9.999 0.559259 99.99 0.559259 0.009 0.000   0.102 0.000   0.143 0.000   1.355 0.000   0.783 0.000   0.572 0.559 0.005 0.559 0.049 0.000
