scripts/IMPROVE-2019_partial/data/US0098R.19970101080000.20191216000000.filterpack...1y.3d.US03L_filterpack_US0098.US03L_IMPROVE_Davis.lev2.nas
51 1001
MISSING INFORMATION
US03L, IMPROVE, , , , , , , 
MISSING INFORMATION
IMPROVE sel_HTAP
1 1
1997 01 01 2019 12 16
0
days from file reference point
4
1 1 1 1
999.999999 999.999 999.999 9.999
end_time of measurement, days from the file reference point
pm10_mass, ug/m3, Matrix=pm10
pm25_mass, ug/m3, Matrix=pm25
numflag, no unit
0
33
Data definition:              EBAS_1.1
Set type code:                TI
Timezone:                     UTC
File name:                    US0098R.19970101080000.20191216000000.filterpack...1y.3d.US03L_filterpack_US0098.US03L_IMPROVE_Davis.lev2.nas
File creation:                20191218120207
Startdate:                    19970101080000
Revision date:                20191216000000
Version:                      2
Version description:          "Data extracted from http://views.cira.colostate.edu/fed/DataWizard 2019-12-16"
Statistics:                   arithmetic mean
Data level:                   2
Period code:                  1y
Resolution code:              3d
Sample duration:              1d
Orig. time res.:              3d
Station code:                 US0098R
Platform code:                US0098S
Station name:                 Point Reyes National Seashore
Station latitude:             38.1224
Station longitude:            -122.9085
Station altitude:             97.0 m
Regime:                       IMG
Component:                    
Unit:                         ug/m3
Matrix:                       
Laboratory code:              US03L
Instrument type:              filterpack
Instrument name:              filterpack_US0098
Method ref:                   US03L_IMPROVE_Davis
Blank correction:             Blank corrected
Volume std. temperature:      ambient
Volume std. pressure:         ambient
starttime endtime PM10 PM2.5 flag
  0.333333   1.333333   3.530   3.176 0.000
  3.333333   4.333333  13.320   4.889 0.000
  7.333333   8.333333 999.999 999.999 0.999
 10.333333  11.333333   9.221   4.830 0.000
 14.333333  15.333333 999.999 999.999 0.999
 17.333333  18.333333  19.117  16.825 0.000
 21.333333  22.333333 999.999 999.999 0.999
 24.333333  25.333333  14.275   6.820 0.000
 28.333333  29.333333 999.999 999.999 0.999
 31.333333  32.333333  16.052   3.916 0.000
 35.333333  36.333333  14.762  11.378 0.000
 38.333333  39.333333  14.886   4.259 0.000
 42.333333  43.333333  19.303   7.316 0.000
 45.333333  46.333333  12.485   8.681 0.000
 49.333333  50.333333  16.475   6.794 0.000
 52.333333  53.333333  11.271   4.167 0.000
 56.333333  57.333333  26.427  10.964 0.000
 59.333333  60.333333  17.343   5.347 0.000
 63.333333  64.333333   8.505   3.855 0.000
 66.333333  67.333333  30.411   9.859 0.000
 70.333333  71.333333  18.505   5.660 0.000
 73.333333  74.333333  12.461   6.053 0.000
 77.333333  78.333333  15.293  11.398 0.000
 80.333333  81.333333  20.154  10.308 0.000
 84.333333  85.333333   8.784   4.609 0.000
 87.333333  88.333333  19.658   7.805 0.000
 91.333333  92.333333  19.173   6.338 0.000
 94.333333  95.333333  26.152  10.724 0.000
 98.333333  99.333333  23.249   7.281 0.000
101.333333 102.333333  13.630   5.254 0.000
105.333333 106.333333 999.999 999.999 0.999
108.333333 109.333333 999.999 999.999 0.999
112.333333 113.333333 999.999 999.999 0.999
115.333333 116.333333 999.999 999.999 0.999
119.333333 120.333333 999.999 999.999 0.999
122.333333 123.333333 999.999 999.999 0.999
126.333333 127.333333  25.476  11.606 0.000
129.333333 130.333333  11.180   6.754 0.000
133.333333 134.333333   3.510   1.172 0.000
136.333333 137.333333  12.876   5.817 0.000
140.333333 141.333333  18.506   7.950 0.000
143.333333 144.333333   9.687   4.344 0.000
147.333333 148.333333   3.583   1.061 0.000
150.333333 151.333333   8.547   2.963 0.000
154.333333 155.333333 999.999 999.999 0.999
157.333333 158.333333 999.999 999.999 0.999
161.333333 162.333333 999.999 999.999 0.999
164.333333 165.333333 999.999 999.999 0.999
168.333333 169.333333 999.999 999.999 0.999
171.333333 172.333333 999.999 999.999 0.999
175.333333 176.333333 999.999 999.999 0.999
178.333333 179.333333 999.999 999.999 0.999
182.333333 183.333333  21.930   8.266 0.000
185.333333 186.333333  11.370   6.670 0.000
189.333333 190.333333  10.084   5.125 0.000
192.333333 193.333333  17.917   9.575 0.000
196.333333 197.333333  16.870   8.589 0.000
199.333333 200.333333  24.598  14.075 0.000
203.333333 204.333333   9.360   6.606 0.000
206.333333 207.333333  15.838   8.719 0.000
210.333333 211.333333 999.999 999.999 0.999
213.333333 214.333333 999.999 999.999 0.999
217.333333 218.333333 999.999 999.999 0.999
220.333333 221.333333 999.999 999.999 0.999
224.333333 225.333333  15.161   5.742 0.000
227.333333 228.333333  13.640   7.548 0.000
231.333333 232.333333   4.836   2.676 0.000
234.333333 235.333333   4.547   1.767 0.000
238.333333 239.333333   6.037   3.006 0.000
241.333333 242.333333  11.062   4.780 0.000
245.333333 246.333333 999.999   7.901 0.000
248.333333 249.333333  17.433   8.955 0.000
252.333333 253.333333  33.400   5.439 0.000
255.333333 256.333333  17.727   8.794 0.000
259.333333 260.333333  12.210   3.364 0.000
262.333333 263.333333  12.782   7.474 0.000
266.333333 267.333333  29.514  10.544 0.000
269.333333 270.333333  49.045  18.579 0.000
273.333333 274.333333   5.512   2.948 0.000
276.333333 277.333333 999.999 999.999 0.999
280.333333 281.333333   8.521   3.247 0.000
283.333333 284.333333  14.949 999.999 0.000
287.333333 288.333333  21.550   5.731 0.000
290.333333 291.333333  13.411 999.999 0.000
294.333333 295.333333  20.032  14.346 0.000
297.333333 298.333333  12.983 999.999 0.000
301.333333 302.333333   9.343   2.393 0.000
304.333333 305.333333  14.310   6.265 0.000
308.333333 309.333333  17.432   7.794 0.000
311.333333 312.333333  12.535   6.415 0.000
315.333333 316.333333 999.999 999.999 0.999
318.333333 319.333333 999.999 999.999 0.999
322.333333 323.333333 999.999 999.999 0.999
325.333333 326.333333 999.999 999.999 0.999
329.333333 330.333333  11.716   3.518 0.000
332.333333 333.333333  10.246   5.361 0.000
336.333333 337.333333  24.960  19.545 0.000
339.333333 340.333333   8.556   7.403 0.000
343.333333 344.333333   6.317   2.114 0.000
346.333333 347.333333  20.220  12.681 0.000
350.333333 351.333333 999.999 999.999 0.999
353.333333 354.333333  14.041   4.750 0.000
357.333333 358.333333   6.435   1.601 0.000
360.333333 361.333333  26.359  17.707 0.000
364.333333 365.333333 999.999 999.999 0.999
