scripts/IMPROVE-2019_partial/data/US0048R.19940101060000.20191216000000.filterpack...1y.3d.US03L_filterpack_US0048.US03L_IMPROVE_Davis.lev2.nas
51 1001
MISSING INFORMATION
US03L, IMPROVE, , , , , , , 
MISSING INFORMATION
IMPROVE sel_HTAP
1 1
1994 01 01 2019 12 16
0
days from file reference point
4
1 1 1 1
999.99 999.999 999.999 9.999
end_time of measurement, days from the file reference point
pm10_mass, ug/m3, Matrix=pm10
pm25_mass, ug/m3, Matrix=pm25
numflag, no unit
0
33
Data definition:              EBAS_1.1
Set type code:                TI
Timezone:                     UTC
File name:                    US0048R.19940101060000.20191216000000.filterpack...1y.3d.US03L_filterpack_US0048.US03L_IMPROVE_Davis.lev2.nas
File creation:                20191218115817
Startdate:                    19940101060000
Revision date:                20191216000000
Version:                      2
Version description:          "Data extracted from http://views.cira.colostate.edu/fed/DataWizard 2019-12-16"
Statistics:                   arithmetic mean
Data level:                   2
Period code:                  1y
Resolution code:              3d
Sample duration:              1d
Orig. time res.:              3d
Station code:                 US0048R
Platform code:                US0048S
Station name:                 Boundary Waters Canoe Area
Station latitude:             47.9466
Station longitude:            -91.4955
Station altitude:             526.0 m
Regime:                       IMG
Component:                    
Unit:                         ug/m3
Matrix:                       
Laboratory code:              US03L
Instrument type:              filterpack
Instrument name:              filterpack_US0048
Method ref:                   US03L_IMPROVE_Davis
Blank correction:             Blank corrected
Volume std. temperature:      ambient
Volume std. pressure:         ambient
starttime endtime PM10 PM2.5 flag
  0.25   1.25 999.999   3.481 0.000
  4.25   5.25   6.411   3.388 0.000
  7.25   8.25   3.105   2.508 0.000
 11.25  12.25 999.999 999.999 0.999
 14.25  15.25   3.000   2.890 0.000
 18.25  19.25 999.999 999.999 0.999
 21.25  22.25   2.960   2.792 0.000
 25.25  26.25   3.770   2.810 0.000
 28.25  29.25   2.791   2.452 0.000
 32.25  33.25   7.049   3.961 0.000
 35.25  36.25   4.960   3.625 0.000
 39.25  40.25   4.720   2.436 0.000
 42.25  43.25  14.308  11.981 0.000
 46.25  47.25  11.850   9.613 0.000
 49.25  50.25  20.906  15.871 0.000
 53.25  54.25   7.176   2.681 0.000
 56.25  57.25   7.849   4.385 0.000
 60.25  61.25  23.176  21.003 0.000
 63.25  64.25   5.097   3.916 0.000
 67.25  68.25   7.954   4.795 0.000
 70.25  71.25  10.916   8.806 0.000
 74.25  75.25   7.582   3.988 0.000
 77.25  78.25   4.689 999.999 0.000
 81.25  82.25   9.618 999.999 0.000
 84.25  85.25   7.366   5.791 0.000
 88.25  89.25   7.841   5.781 0.000
 91.25  92.25   4.007   3.375 0.000
 95.25  96.25   7.712   4.985 0.000
 98.25  99.25   5.657   4.862 0.000
102.25 103.25  14.333   5.617 0.000
105.25 106.25   4.667 999.999 0.000
109.25 110.25 999.999   4.174 0.000
112.25 113.25  21.333  13.354 0.000
116.25 117.25 999.999   1.468 0.000
119.25 120.25   2.591   1.933 0.000
123.25 124.25   9.596   6.779 0.000
126.25 127.25  11.176   3.957 0.000
130.25 131.25  11.439   3.385 0.000
133.25 134.25  15.498  10.776 0.000
137.25 138.25   4.161 999.999 0.000
140.25 141.25  22.299  12.570 0.000
144.25 145.25   4.635   2.324 0.000
147.25 148.25  12.847   5.500 0.000
151.25 152.25   3.613   1.682 0.000
154.25 155.25  17.518   7.685 0.000
158.25 159.25   5.745   2.141 0.000
161.25 162.25   5.745   4.404 0.000
165.25 166.25  15.464   4.639 0.000
168.25 169.25   9.893   5.301 0.000
172.25 173.25   8.165   5.030 0.000
175.25 176.25  10.939   6.719 0.000
179.25 180.25  10.612   7.212 0.000
182.25 183.25  14.065  10.424 0.000
186.25 187.25   8.116   4.788 0.000
189.25 190.25   3.551   1.667 0.000
193.25 194.25   3.540   1.385 0.000
196.25 197.25   6.403   4.576 0.000
200.25 201.25  11.875   4.006 0.000
203.25 204.25  11.636   5.833 0.000
207.25 208.25  10.833   7.879 0.000
210.25 211.25  29.104  19.608 0.000
214.25 215.25  15.511  11.250 0.000
217.25 218.25  10.766   5.749 0.000
221.25 222.25   6.993   4.212 0.000
224.25 225.25   8.986   3.664 0.000
228.25 229.25  14.182   8.006 0.000
231.25 232.25   8.800   6.951 0.000
235.25 236.25  15.889  10.920 0.000
238.25 239.25   6.741   4.018 0.000
242.25 243.25   3.173   1.626 0.000
245.25 246.25   8.413   5.614 0.000
249.25 250.25   8.828   4.018 0.000
252.25 253.25  10.952   7.423 0.000
256.25 257.25  10.364   6.807 0.000
259.25 260.25   7.818   4.217 0.000
263.25 264.25  12.901   7.616 0.000
266.25 267.25  13.451   7.477 0.000
270.25 271.25   3.895   1.698 0.000
273.25 274.25   3.232   2.222 0.000
277.25 278.25   7.254   5.429 0.000
280.25 281.25   1.434   0.533 0.000
284.25 285.25  14.330   5.528 0.000
287.25 288.25  21.562  16.894 0.000
291.25 292.25 999.999 999.999 0.999
294.25 295.25   9.754   4.304 0.000
298.25 299.25   6.780   2.303 0.000
301.25 302.25   8.488   2.089 0.000
305.25 306.25  10.306   4.231 0.000
308.25 309.25   6.531   3.622 0.000
312.25 313.25   7.879   5.032 0.000
315.25 316.25  22.841  18.839 0.000
319.25 320.25   5.172   3.864 0.000
322.25 323.25 999.999   3.831 0.000
326.25 327.25   2.759   2.126 0.000
329.25 330.25   2.414   1.362 0.000
333.25 334.25   8.221   6.246 0.000
336.25 337.25   3.557   2.890 0.000
340.25 341.25   2.062   1.144 0.000
343.25 344.25  10.584   9.314 0.000
347.25 348.25 999.999   5.260 0.000
350.25 351.25  17.063  14.256 0.000
354.25 355.25  17.358  14.923 0.000
357.25 358.25  12.113   8.969 0.000
361.25 362.25   4.677   3.322 0.000
364.25 365.25   4.795   3.423 0.000
