scripts/IMPROVE-2019_partial/data/US0083R.19980103080000.20191216000000.filterpack...1y.3d.US03L_filterpack_US0083.US03L_IMPROVE_Davis.lev2.nas
51 1001
MISSING INFORMATION
US03L, IMPROVE, , , , , , , 
MISSING INFORMATION
IMPROVE sel_HTAP
1 1
1998 01 01 2019 12 16
0
days from file reference point
4
1 1 1 1
999.999999 999.999 999.999 9.999
end_time of measurement, days from the file reference point
pm10_mass, ug/m3, Matrix=pm10
pm25_mass, ug/m3, Matrix=pm25
numflag, no unit
0
33
Data definition:              EBAS_1.1
Set type code:                TI
Timezone:                     UTC
File name:                    US0083R.19980103080000.20191216000000.filterpack...1y.3d.US03L_filterpack_US0083.US03L_IMPROVE_Davis.lev2.nas
File creation:                20191218120101
Startdate:                    19980103080000
Revision date:                20191216000000
Version:                      2
Version description:          "Data extracted from http://views.cira.colostate.edu/fed/DataWizard 2019-12-16"
Statistics:                   arithmetic mean
Data level:                   2
Period code:                  1y
Resolution code:              3d
Sample duration:              1d
Orig. time res.:              3d
Station code:                 US0083R
Platform code:                US0083S
Station name:                 Columbia River Gorge
Station latitude:             45.6644
Station longitude:            -121.0008
Station altitude:             178.0 m
Regime:                       IMG
Component:                    
Unit:                         ug/m3
Matrix:                       
Laboratory code:              US03L
Instrument type:              filterpack
Instrument name:              filterpack_US0083
Method ref:                   US03L_IMPROVE_Davis
Blank correction:             Blank corrected
Volume std. temperature:      ambient
Volume std. pressure:         ambient
starttime endtime PM10 PM2.5 flag
  2.333333   3.333333  10.417   2.986 0.000
  6.333333   7.333333   9.410   2.679 0.000
  9.333333  10.333333  12.782   4.975 0.000
 13.333333  14.333333  14.239  11.183 0.000
 16.333333  17.333333  11.315   3.858 0.000
 20.333333  21.333333  10.955   5.369 0.000
 23.333333  24.333333  13.498   5.879 0.000
 27.333333  28.333333  15.845   7.466 0.000
 30.333333  31.333333  19.122   5.874 0.000
 34.333333  35.333333  10.635   4.910 0.000
 37.333333  38.333333   9.810   4.782 0.000
 41.333333  42.333333   7.036   5.352 0.000
 44.333333  45.333333   4.553   2.442 0.000
 48.333333  49.333333   5.979   3.249 0.000
 51.333333  52.333333   2.070   1.083 0.000
 55.333333  56.333333   5.708   4.965 0.000
 58.333333  59.333333   6.183   3.699 0.000
 62.333333  63.333333   6.707   2.176 0.000
 65.333333  66.333333   8.134   4.997 0.000
 69.333333  70.333333   9.275   5.600 0.000
 72.333333  73.333333   8.576   5.632 0.000
 76.333333  77.333333  10.394   4.693 0.000
 79.333333  80.333333  19.408  10.820 0.000
 83.333333  84.333333  20.509   2.848 0.000
 86.333333  87.333333  12.685   1.903 0.000
 90.333333  91.333333  11.543   4.096 0.000
 93.333333  94.333333   9.014   5.024 0.000
 97.333333  98.333333   8.611   4.320 0.000
100.333333 101.333333   6.759   2.251 0.000
104.333333 105.333333  17.635   4.808 0.000
107.333333 108.333333  16.950   5.607 0.000
111.333333 112.333333  27.822  11.208 0.000
114.333333 115.333333   5.965   2.666 0.000
118.333333 119.333333  78.689  26.402 0.000
121.333333 122.333333  14.105   3.813 0.000
125.333333 126.333333  44.534  13.667 0.000
128.333333 129.333333  20.116   5.808 0.000
132.333333 133.333333  17.062   1.200 0.000
135.333333 136.333333  12.095   2.525 0.000
139.333333 140.333333   4.967   3.362 0.000
142.333333 143.333333   5.933   2.346 0.000
146.333333 147.333333   7.818   2.336 0.000
149.333333 150.333333   4.237   2.170 0.000
153.333333 154.333333  17.808   6.976 0.000
156.333333 157.333333  17.979   7.866 0.000
160.333333 161.333333   9.317   2.409 0.000
163.333333 164.333333  22.069   6.029 0.000
167.333333 168.333333  17.212   5.316 0.000
170.333333 171.333333  11.972   5.131 0.000
174.333333 175.333333   4.133   1.683 0.000
177.333333 178.333333   6.135   2.478 0.000
181.333333 182.333333  11.869   5.482 0.000
184.333333 185.333333  11.322   2.657 0.000
188.333333 189.333333  22.612   9.475 0.000
191.333333 192.333333  20.585   8.068 0.000
195.333333 196.333333  16.330   6.915 0.000
198.333333 199.333333  10.560   4.184 0.000
202.333333 203.333333  24.774  13.859 0.000
205.333333 206.333333  14.214   8.261 0.000
209.333333 210.333333  26.348  13.077 0.000
212.333333 213.333333  14.788   4.808 0.000
216.333333 217.333333  29.421   8.570 0.000
219.333333 220.333333   9.794   5.083 0.000
223.333333 224.333333  20.331   7.669 0.000
226.333333 227.333333  24.933   3.638 0.000
230.333333 231.333333  15.175   5.629 0.000
233.333333 234.333333  15.689   9.025 0.000
237.333333 238.333333  14.752   6.235 0.000
240.333333 241.333333  25.355  12.049 0.000
244.333333 245.333333  18.409   7.958 0.000
247.333333 248.333333  15.140   6.736 0.000
251.333333 252.333333  17.404   7.221 0.000
254.333333 255.333333  20.542   7.556 0.000
258.333333 259.333333  23.120  11.013 0.000
261.333333 262.333333   5.489   2.989 0.000
265.333333 266.333333  15.646   8.880 0.000
268.333333 269.333333   6.317   3.151 0.000
272.333333 273.333333  23.105  11.742 0.000
275.333333 276.333333   3.030   2.356 0.000
279.333333 280.333333  23.620   9.165 0.000
282.333333 283.333333   7.990   3.241 0.000
286.333333 287.333333   8.618   5.154 0.000
289.333333 290.333333  10.040   6.913 0.000
293.333333 294.333333  30.432  15.728 0.000
296.333333 297.333333  42.098  29.720 0.000
300.333333 301.333333   4.923   2.284 0.000
303.333333 304.333333  17.361  10.872 0.000
307.333333 308.333333  19.275  15.825 0.000
310.333333 311.333333   9.635   7.006 0.000
314.333333 315.333333  17.188  10.634 0.000
317.333333 318.333333  18.663   7.955 0.000
321.333333 322.333333   7.560   4.870 0.000
324.333333 325.333333   3.666   1.240 0.000
328.333333 329.333333   5.639   3.392 0.000
331.333333 332.333333   4.184   2.218 0.000
335.333333 336.333333  11.037   1.032 0.000
338.333333 339.333333  24.697   2.149 0.000
342.333333 343.333333 999.999   3.193 0.000
345.333333 346.333333 999.999  10.591 0.000
349.333333 350.333333   7.801   6.912 0.000
352.333333 353.333333  11.745   2.071 0.000
356.333333 357.333333 999.999   6.697 0.000
359.333333 360.333333  17.361   1.721 0.000
363.333333 364.333333   4.391   1.752 0.000
