scripts/IMPROVE-2019_partial/data/US0080R.20120101050000.20191216000000.filterpack...52w.3d.US03L_filterpack_US0080.US03L_IMPROVE_Davis.lev2.nas
52 1001
MISSING INFORMATION
US03L, IMPROVE, , , , , , , 
MISSING INFORMATION
IMPROVE sel_HTAP
1 1
2012 01 01 2019 12 16
3.000000
days from file reference point
5
1 1 1 1 1
999.999999 999.999 9.999 999.999 9.999
end_time of measurement, days from the file reference point
pm10_mass, ug/m3, Matrix=pm10
numflag pm10_mass, no unit, Matrix=pm10
pm25_mass, ug/m3, Matrix=pm25
numflag pm25_mass, no unit, Matrix=pm25
0
33
Data definition:              EBAS_1.1
Set type code:                TU
Timezone:                     UTC
File name:                    US0080R.20120101050000.20191216000000.filterpack...52w.3d.US03L_filterpack_US0080.US03L_IMPROVE_Davis.lev2.nas
File creation:                20191218120051
Startdate:                    20120101050000
Revision date:                20191216000000
Version:                      2
Version description:          "Data extracted from http://views.cira.colostate.edu/fed/DataWizard 2019-12-16"
Statistics:                   arithmetic mean
Data level:                   2
Period code:                  52w
Resolution code:              3d
Sample duration:              1d
Orig. time res.:              3d
Station code:                 US0080R
Platform code:                US0080S
Station name:                 James River Face Wilderness
Station latitude:             37.6266
Station longitude:            -79.5125
Station altitude:             289.0 m
Regime:                       IMG
Component:                    
Unit:                         ug/m3
Matrix:                       
Laboratory code:              US03L
Instrument type:              filterpack
Instrument name:              filterpack_US0080
Method ref:                   US03L_IMPROVE_Davis
Blank correction:             Blank corrected
Volume std. temperature:      ambient
Volume std. pressure:         ambient
starttime endtime PM10 flag_PM10 PM2.5 flag_PM2.5
  0.208333   1.208333   8.204 0.000   7.028 0.000
  3.208333   4.208333   6.160 0.000   4.433 0.000
  6.208333   7.208333  11.711 0.000   8.880 0.000
  9.208333  10.208333   9.758 0.000   8.005 0.000
 12.208333  13.208333   4.153 0.000   2.600 0.000
 15.208333  16.208333  10.545 0.000  10.309 0.000
 18.208333  19.208333   7.687 0.000   6.960 0.659
 21.208333  22.208333   6.893 0.000   6.772 0.000
 24.208333  25.208333   9.617 0.000   7.709 0.000
 27.208333  28.208333   7.562 0.000   5.981 0.000
 30.208333  31.208333  11.014 0.000   5.435 0.000
 33.208333  34.208333   8.220 0.000   6.103 0.000
 36.208333  37.208333   9.397 0.000   6.426 0.000
 39.208333  40.208333   7.853 0.000   6.029 0.000
 42.208333  43.208333   4.984 0.000   3.022 0.000
 45.208333  46.208333   7.161 0.000   5.976 0.000
 48.208333  49.208333   8.845 0.000   7.659 0.000
 51.208333  52.208333  15.019 0.000  10.700 0.000
 54.208333  55.208333  12.698 0.000   8.290 0.000
 57.208333  58.208333  10.832 0.000   8.177 0.000
 60.208333  61.208333  13.014 0.000   5.465 0.000
 63.208333  64.208333 999.999 0.999 999.999 0.999
 66.208333  67.208333  13.613 0.000   8.667 0.000
 69.208333  70.208333   6.780 0.000   4.345 0.659
 72.208333  73.208333  15.604 0.000   6.784 0.000
 75.208333  76.208333   9.555 0.000   5.858 0.659
 78.208333  79.208333   8.410 0.000   7.385 0.659
 81.208333  82.208333   9.888 0.000   8.487 0.000
 84.208333  85.208333   4.944 0.000   3.459 0.659
 87.208333  88.208333  12.997 0.000  10.665 0.659
 90.208333  91.208333  10.491 0.000   8.811 0.659
 93.208333  94.208333  15.617 0.000   9.449 0.659
 96.208333  97.208333  12.759 0.000   6.878 0.659
 99.208333 100.208333  15.335 0.000   8.898 0.659
102.208333 103.208333 999.999 0.999 999.999 0.999
105.208333 106.208333 999.999 0.999 999.999 0.999
108.208333 109.208333 999.999 0.999 999.999 0.999
111.208333 112.208333 999.999 0.999 999.999 0.999
114.208333 115.208333 999.999 0.999 999.999 0.999
117.208333 118.208333  11.806 0.000   6.978 0.000
120.208333 121.208333   9.051 0.000   6.172 0.000
123.208333 124.208333 999.999 0.999 999.999 0.999
126.208333 127.208333 999.999 0.999 999.999 0.999
129.208333 130.208333  14.620 0.000   6.903 0.000
132.208333 133.208333  10.619 0.000   6.011 0.000
135.208333 136.208333 999.999 0.999 999.999 0.999
138.208333 139.208333  11.310 0.000   5.850 0.000
141.208333 142.208333   8.519 0.000   4.640 0.000
144.208333 145.208333  15.218 0.000  10.099 0.000
147.208333 148.208333  11.655 0.000   7.951 0.659
150.208333 151.208333  10.481 0.000   4.990 0.659
153.208333 154.208333   7.502 0.000   4.379 0.000
156.208333 157.208333   7.770 0.000   4.909 0.000
159.208333 160.208333   8.537 0.000   6.176 0.000
162.208333 163.208333  12.305 0.000  10.318 0.000
165.208333 166.208333   9.319 0.000   5.632 0.000
168.208333 169.208333   9.150 0.000   6.210 0.659
171.208333 172.208333  15.380 0.000  12.038 0.659
174.208333 175.208333  12.518 0.000   9.926 0.000
177.208333 178.208333   9.019 0.000   4.108 0.000
180.208333 181.208333  27.174 0.000  16.004 0.000
183.208333 184.208333 999.999 0.999 999.999 0.999
186.208333 187.208333 999.999 0.999 999.999 0.999
189.208333 190.208333  24.514 0.000  18.707 0.000
192.208333 193.208333  15.321 0.000  10.127 0.000
195.208333 196.208333  10.232 0.000   5.716 0.000
198.208333 199.208333  19.813 0.000  14.104 0.000
201.208333 202.208333  11.935 0.000   6.095 0.000
204.208333 205.208333  13.654 0.000   7.562 0.000
207.208333 208.208333  24.236 0.000  14.111 0.000
210.208333 211.208333 999.999 0.999 999.999 0.999
213.208333 214.208333  11.303 0.000   6.396 0.000
216.208333 217.208333  16.620 0.000  11.949 0.000
219.208333 220.208333  12.932 0.000   7.589 0.000
222.208333 223.208333  10.964 0.000   5.491 0.000
225.208333 226.208333  10.951 0.000   7.589 0.000
228.208333 229.208333  13.870 0.000  11.211 0.000
231.208333 232.208333  11.405 0.000   7.870 0.000
234.208333 235.208333  15.043 0.000  11.232 0.000
237.208333 238.208333  14.509 0.000  10.918 0.000
240.208333 241.208333  13.439 0.000   8.855 0.000
243.208333 244.208333  13.342 0.000   9.297 0.000
246.208333 247.208333  10.146 0.000   5.520 0.000
249.208333 250.208333  11.442 0.000   5.868 0.000
252.208333 253.208333   7.168 0.000   3.851 0.000
255.208333 256.208333   9.226 0.000   6.745 0.000
258.208333 259.208333   8.403 0.000   5.546 0.000
261.208333 262.208333   6.930 0.000   2.852 0.000
264.208333 265.208333  10.230 0.000   7.780 0.000
267.208333 268.208333   4.581 0.000   3.087 0.000
270.208333 271.208333  14.281 0.000  11.184 0.000
273.208333 274.208333  10.979 0.000   7.549 0.000
276.208333 277.208333   7.998 0.000   4.571 0.000
279.208333 280.208333  11.356 0.000   7.140 0.000
282.208333 283.208333   5.997 0.000   3.610 0.000
285.208333 286.208333  11.281 0.000   6.186 0.000
288.208333 289.208333  10.907 0.000   5.899 0.000
291.208333 292.208333   9.633 0.000   7.839 0.000
294.208333 295.208333   5.864 0.000   5.250 0.000
297.208333 298.208333  12.208 0.000   9.625 0.000
300.208333 301.208333   9.502 0.000   8.190 0.000
303.208333 304.208333   0.677 0.000   0.306 0.000
306.208333 307.208333   5.668 0.000   3.934 0.000
309.208333 310.208333   9.126 0.000   8.971 0.000
312.208333 313.208333   7.809 0.000   7.320 0.000
315.208333 316.208333  12.000 0.000  11.132 0.000
318.208333 319.208333   9.106 0.000   8.963 0.000
321.208333 322.208333  11.198 0.000  10.294 0.000
324.208333 325.208333  15.774 0.000  13.959 0.000
327.208333 328.208333  10.174 0.000   8.960 0.000
330.208333 331.208333  10.092 0.000   7.283 0.000
333.208333 334.208333 999.999 0.456 999.999 0.456
336.208333 337.208333 999.999 0.456 999.999 0.456
339.208333 340.208333 999.999 0.456 999.999 0.456
342.208333 343.208333 999.999 0.456 999.999 0.456
345.208333 346.208333 999.999 0.456 999.999 0.456
348.208333 349.208333  53.149 0.000  11.045 0.000
351.208333 352.208333   6.823 0.000   6.658 0.000
354.208333 355.208333   6.279 0.000   6.074 0.000
357.208333 358.208333 999.999 0.999 999.999 0.999
360.208333 361.208333 999.999 0.999 999.999 0.999
363.208333 364.208333   5.278 0.000   5.677 0.000
