scripts/IMPROVE-2019_partial/data/US0058R.20040101060000.20191216000000.filterpack..pm25.52w.1w.US03L_filterpack_US0058.US03L_IMPROVE_Davis.lev2.nas
66 1001
MISSING INFORMATION
US03L, IMPROVE, , , , , , , 
MISSING INFORMATION
IMPROVE sel_HTAP
1 1
2004 01 01 2019 12 16
3.00
days from file reference point
27
1 1 1 1 1 1 1 1 1 1 1 1 1 1 1 1 1 1 1 1 1 1 1 1 1 1 1
999.99 9999.99 9.999 99.99 9.999 9.999 9.999999 9.99 9.999999 99.999 9.999 99.999 9.999 999.999 9.999 99.99 9.999999 999.999 9.999 999.999 9.999 999.999 9.999 9.999 9.999 99.999 9.999
end_time of measurement, days from the file reference point
iron, ng/m3, Revision date=20181210133000
numflag iron, no unit, Revision date=20181210133000
lead, ng/m3, Revision date=20181210133000
numflag lead, no unit, Revision date=20181210133000
magnesium, ug/m3, Revision date=20181210133000
numflag magnesium, no unit, Revision date=20181210133000
nickel, ng/m3, Revision date=20181210133000
numflag nickel, no unit, Revision date=20181210133000
nitrate, ug N/m3, Revision date=20181210133000
numflag nitrate, no unit, Revision date=20181210133000
organic_carbon, ug C/m3, Revision date=20181210133000
numflag organic_carbon, no unit, Revision date=20181210133000
organic_mass, ug/m3, Revision date=20181210133000
numflag organic_mass, no unit, Revision date=20181210133000
phosphorus, ng/m3, Revision date=20181210133000
numflag phosphorus, no unit, Revision date=20181210133000
pm10_mass, ug/m3, Version=2, Version description=Data extracted from http://views.cira.colostate.edu/fed/DataWizard 2019-12-16, Sample duration=1d, Orig. time res.=3d, Matrix=pm10, Blank correction=Blank corrected, Volume std. temperature=ambient, Volume std. pressure=ambient
numflag pm10_mass, no unit, Version=2, Version description=Data extracted from http://views.cira.colostate.edu/fed/DataWizard 2019-12-16, Sample duration=1d, Orig. time res.=3d, Matrix=pm10, Blank correction=Blank corrected, Volume std. temperature=ambient, Volume std. pressure=ambient
pm10_pm25_mass, ug/m3, Revision date=20181210133000, Matrix=pm10_pm25
numflag pm10_pm25_mass, no unit, Revision date=20181210133000, Matrix=pm10_pm25
pm25_mass, ug/m3, Version=2, Version description=Data extracted from http://views.cira.colostate.edu/fed/DataWizard 2019-12-16, Sample duration=1d, Orig. time res.=3d, Blank correction=Blank corrected, Volume std. temperature=ambient, Volume std. pressure=ambient
numflag pm25_mass, no unit, Version=2, Version description=Data extracted from http://views.cira.colostate.edu/fed/DataWizard 2019-12-16, Sample duration=1d, Orig. time res.=3d, Blank correction=Blank corrected, Volume std. temperature=ambient, Volume std. pressure=ambient
potassium, ug/m3, Revision date=20181210133000
numflag potassium, no unit, Revision date=20181210133000
sulphate_total, ug S/m3, Revision date=20181210133000
numflag sulphate_total, no unit, Revision date=20181210133000
0
25
Data definition:              EBAS_1.1
Set type code:                TU
Timezone:                     UTC
File name:                    US0058R.20040101060000.20191216000000.filterpack..pm25.52w.1w.US03L_filterpack_US0058.US03L_IMPROVE_Davis.lev2.nas
File creation:                20191218115903
Startdate:                    20040101060000
Revision date:                20191216000000
Statistics:                   arithmetic mean
Data level:                   2
Period code:                  52w
Resolution code:              1w
Station code:                 US0058R
Platform code:                US0058S
Station name:                 Lostwood
Station latitude:             48.6419
Station longitude:            -102.4022
Station altitude:             696.0 m
Regime:                       IMG
Component:                    
Matrix:                       pm25
Laboratory code:              US03L
Instrument type:              filterpack
Instrument name:              filterpack_US0058
Method ref:                   US03L_IMPROVE_Davis
starttime endtime Fe flag_Fe Pb flag_Pb Mg++ flag_Mg++ Ni flag_Ni NO3- flag_NO3- OC flag_OC OM flag_OM P flag_P PM10 flag_PM10 PM10-PM2.5 flag_PM10-PM2.5 PM2.5 flag_PM2.5 K+ flag_K+ SO4-- flag_SO4--
[from data line 84]
252.25 253.25   27.22 0.000  1.02 0.000 0.088 0.000000 0.10 0.000000  0.151 0.000  2.834 0.000   3.968 0.000 99.99 0.259000  17.487 0.000  12.001 0.000   5.486 0.000 0.018 0.000  0.529 0.000
255.25 256.25   37.51 0.000  0.81 0.000 9.999 0.259000 9.99 0.259000  0.074 0.000  0.812 0.000   1.137 0.000 99.99 0.259000  11.934 0.000   8.551 0.000   3.384 0.000 0.022 0.000  0.297 0.000
258.25 259.25    4.65 0.000  0.54 0.000 0.135 0.000000 9.99 0.259000  0.030 0.000  0.478 0.000   0.669 0.000 99.99 0.259000   5.115 0.000   3.023 0.000   2.092 0.000 0.007 0.000  0.222 0.000
261.25 262.25   41.29 0.000  0.58 0.000 9.999 0.259000 9.99 0.259000  0.127 0.000  1.474 0.000   2.063 0.000 99.99 0.259000  21.921 0.000  14.332 0.000   7.589 0.000 0.026 0.000  0.838 0.000
264.25 265.25    7.82 0.000  0.32 0.000 0.083 0.000000 0.35 0.000000  0.018 0.000  0.410 0.000   0.575 0.000 99.99 0.259000   4.487 0.000   3.335 0.000   1.152 0.000 0.008 0.000  0.105 0.000
267.25 268.25   49.81 0.000  0.27 0.000 9.999 0.259000 9.99 0.259000  0.021 0.000  0.653 0.000   0.914 0.000 99.99 0.259000  16.796 0.000  13.895 0.000   2.901 0.000 0.024 0.000  0.183 0.000
270.25 271.25   59.56 0.000  0.26 0.000 9.999 0.259000 9.99 0.259000  0.015 0.000  0.674 0.000   0.943 0.000 99.99 0.259000  12.938 0.000  10.372 0.000   2.566 0.000 0.044 0.000  0.057 0.000
273.25 274.25   46.18 0.000  0.47 0.000 0.064 0.000000 9.99 0.259000  0.061 0.000  1.027 0.000   1.437 0.000 99.99 0.259000  14.385 0.000  10.641 0.000   3.744 0.000 0.028 0.000  0.164 0.000
276.25 277.25   43.06 0.000  0.67 0.000 0.089 0.000000 0.13 0.000000  0.014 0.000  0.574 0.000   0.803 0.000 99.99 0.259000  13.182 0.000  10.967 0.000   2.215 0.000 0.027 0.000  0.079 0.000
279.25 280.25  106.60 0.000  0.73 0.000 0.071 0.000000 0.11 0.000000  0.051 0.000  1.671 0.000   2.339 0.000 99.99 0.259000  22.025 0.000  16.349 0.000   5.676 0.000 0.048 0.000  0.212 0.000
282.25 283.25  126.40 0.000  0.61 0.000 9.999 0.259000 9.99 0.259000  0.036 0.000  0.985 0.000   1.379 0.000 99.99 0.259000  18.162 0.000  13.573 0.000   4.589 0.000 0.061 0.000  0.192 0.000
285.25 286.25   87.79 0.000  1.34 0.000 9.999 0.259000 9.99 0.259000  0.059 0.000  0.782 0.000   1.095 0.000 99.99 0.259000  14.070 0.000  10.680 0.000   3.391 0.000 0.083 0.000  0.154 0.000
288.25 289.25   37.55 0.000  0.84 0.000 9.999 0.259000 9.99 0.259000  0.027 0.000  0.267 0.000   0.374 0.000 99.99 0.259000   5.531 0.000   3.516 0.000   2.014 0.000 0.032 0.000  0.147 0.000
291.25 292.25   10.21 0.000  1.00 0.000 9.999 0.259000 0.20 0.000000  0.154 0.000  0.411 0.000   0.575 0.000  4.72 0.000000   2.928 0.000   1.123 0.000   1.805 0.000 0.023 0.000  0.140 0.000
294.25 295.25    2.74 0.000  0.40 0.000 9.999 0.259000 0.14 0.000000  0.156 0.000  0.391 0.000   0.547 0.000 99.99 0.259000   2.594 0.000   0.137 0.000   2.456 0.000 0.008 0.000  0.365 0.000
297.25 298.25    8.19 0.000  1.08 0.000 9.999 0.259000 9.99 0.259000  0.288 0.000  0.664 0.000   0.930 0.000 99.99 0.259000   5.429 0.000   0.525 0.000   4.904 0.000 0.024 0.000  0.668 0.000
300.25 301.25   20.85 0.000  1.90 0.000 0.149 0.000000 0.12 0.000000  1.195 0.559  1.225 0.000   1.715 0.000 99.99 0.259000  20.002 0.000   5.509 0.000  14.493 0.000 0.024 0.000  1.423 0.559
303.25 304.25    7.97 0.000  0.89 0.000 0.107 0.000000 9.99 0.259000  0.432 0.000  0.968 0.000   1.355 0.000 99.99 0.259000   7.865 0.000   1.011 0.000   6.854 0.000 0.034 0.000  0.832 0.000
306.25 307.25    7.89 0.000  0.41 0.000 9.999 0.259000 9.99 0.259000  0.052 0.000  0.338 0.000   0.473 0.000 99.99 0.259000   3.522 0.000   2.098 0.000   1.425 0.000 0.010 0.000  0.103 0.000
309.25 310.25   32.50 0.000  1.69 0.000 0.109 0.000000 9.99 0.259000  0.019 0.559  0.905 0.000   1.267 0.000 99.99 0.259000  12.226 0.000   8.617 0.000   3.609 0.000 0.038 0.000  0.254 0.559
312.25 313.25   33.13 0.000  0.54 0.000 9.999 0.259000 9.99 0.259000  0.177 0.000  0.826 0.000   1.156 0.000 99.99 0.259000  13.140 0.000   9.366 0.000   3.774 0.000 0.076 0.000  0.180 0.000
315.25 316.25   28.64 0.000  0.47 0.000 9.999 0.259000 9.99 0.259000  0.087 0.000  0.551 0.000   0.771 0.000 99.99 0.259000   8.200 0.000   5.825 0.000   2.374 0.000 0.034 0.000  0.147 0.000
318.25 319.25   22.13 0.000  0.59 0.000 9.999 0.259000 0.24 0.000000  0.383 0.000  0.544 0.000   0.762 0.000 99.99 0.259000   7.990 0.000   3.470 0.000   4.520 0.000 0.021 0.000  0.443 0.000
321.25 322.25   52.82 0.000  1.99 0.000 9.999 0.259000 9.99 0.259000  0.124 0.000  0.864 0.000   1.210 0.000 99.99 0.259000  14.014 0.000  10.150 0.000   3.865 0.000 0.126 0.000  0.151 0.000
324.25 325.25   16.29 0.000  0.33 0.000 9.999 0.259000 9.99 0.259000  0.223 0.000  0.479 0.000   0.671 0.000 99.99 0.259000   6.610 0.000   3.946 0.000   2.664 0.000 0.039 0.000  0.160 0.000
327.25 328.25    8.50 0.000  0.50 0.000 9.999 0.259000 9.99 0.259000  0.083 0.000  0.117 0.000   0.163 0.000  6.61 0.000000   3.378 0.000   2.134 0.000   1.244 0.000 0.009 0.000  0.118 0.000
330.25 331.25   10.27 0.000  1.77 0.000 0.120 0.000000 0.10 0.000000  0.366 0.000  0.984 0.000   1.378 0.000 99.99 0.259000   5.556 0.000   0.416 0.000   5.139 0.000 0.244 0.000  0.357 0.000
333.25 334.25    4.15 0.000  0.26 0.000 9.999 0.259000 0.16 0.000000  0.309 0.000  0.531 0.000   0.744 0.000 99.99 0.259000   3.998 0.000   0.648 0.000   3.350 0.000 0.012 0.000  0.166 0.000
336.25 337.25    6.99 0.000  0.37 0.000 0.049 0.000000 0.20 0.000000  0.236 0.000  0.473 0.000   0.662 0.000 99.99 0.259000   3.826 0.000   1.581 0.000   2.245 0.000 0.022 0.000  0.164 0.000
339.25 340.25   14.27 0.000  0.86 0.000 0.053 0.000000 0.22 0.000000  0.092 0.000  0.394 0.000   0.551 0.000 99.99 0.259000   9.612 0.000   7.705 0.000   1.907 0.000 0.014 0.000  0.166 0.000
342.25 343.25   19.42 0.000  2.50 0.000 0.222 0.000000 0.13 0.000000  1.370 0.000  0.900 0.000   1.260 0.000 99.99 0.259000  22.088 0.000   3.089 0.000  19.000 0.000 0.069 0.000  2.435 0.000
345.25 346.25   11.12 0.000  0.41 0.000 9.999 0.259000 0.19 0.000000  0.182 0.000  0.288 0.000   0.403 0.000 99.99 0.259000   3.992 0.000   1.927 0.000   2.065 0.000 0.010 0.000  0.163 0.000
348.25 349.25   30.37 0.000  0.62 0.000 0.079 0.000000 9.99 0.259000  0.026 0.000  0.207 0.000   0.290 0.000 99.99 0.259000   5.824 0.000   4.388 0.000   1.435 0.000 0.013 0.000  0.069 0.000
351.25 352.25    7.61 0.000  0.27 0.000 9.999 0.259000 9.99 0.259000  0.100 0.000  0.323 0.000   0.453 0.000 99.99 0.259000   3.927 0.000   2.710 0.000   1.217 0.000 0.016 0.000  0.049 0.000
354.25 355.25   29.49 0.000  0.70 0.000 0.044 0.000000 0.10 0.000000  0.031 0.000  0.299 0.000   0.418 0.000 99.99 0.259000  38.049 0.000  35.935 0.000   2.114 0.000 0.025 0.000  0.141 0.000
357.25 358.25   11.36 0.000  0.50 0.000 0.064 0.000000 9.99 0.259000  0.093 0.000  0.396 0.000   0.554 0.000 99.99 0.259000   5.624 0.000   3.602 0.000   2.022 0.000 0.042 0.000  0.173 0.000
360.25 361.25   17.55 0.000  1.63 0.000 9.999 0.259000 9.99 0.259000  1.107 0.000  0.804 0.000   1.126 0.000 99.99 0.259000  19.140 0.000   5.577 0.000  13.562 0.000 0.044 0.000  1.173 0.000
363.25 364.25   12.25 0.000  1.05 0.000 9.999 0.259000 9.99 0.259000  0.461 0.000  0.587 0.000   0.822 0.000 99.99 0.259000   6.526 0.000   0.989 0.000   5.538 0.000 0.020 0.000  0.422 0.000
