scripts/IMPROVE-2019_partial/data/US0038R.20070103060000.20191216000000.filterpack...1y.3d.US03L_filterpack_US0038.US03L_IMPROVE_Davis.lev2.nas
51 1001
MISSING INFORMATION
US03L, IMPROVE, , , , , , , 
MISSING INFORMATION
IMPROVE sel_HTAP
1 1
2007 01 01 2019 12 16
3.00
days from file reference point
4
1 1 1 1
999.99 999.999 999.999 9.999
end_time of measurement, days from the file reference point
pm10_mass, ug/m3, Matrix=pm10
pm25_mass, ug/m3, Matrix=pm25
numflag, no unit
0
33
Data definition:              EBAS_1.1
Set type code:                TU
Timezone:                     UTC
File name:                    US0038R.20070103060000.20191216000000.filterpack...1y.3d.US03L_filterpack_US0038.US03L_IMPROVE_Davis.lev2.nas
File creation:                20191218115751
Startdate:                    20070103060000
Revision date:                20191216000000
Version:                      2
Version description:          "Data extracted from http://views.cira.colostate.edu/fed/DataWizard 2019-12-16"
Statistics:                   arithmetic mean
Data level:                   2
Period code:                  1y
Resolution code:              3d
Sample duration:              1d
Orig. time res.:              3d
Station code:                 US0038R
Platform code:                US0038S
Station name:                 Cedar Bluff
Station latitude:             38.7701
Station longitude:            -99.7634
Station altitude:             665.0 m
Regime:                       IMG
Component:                    
Unit:                         ug/m3
Matrix:                       
Laboratory code:              US03L
Instrument type:              filterpack
Instrument name:              filterpack_US0038
Method ref:                   US03L_IMPROVE_Davis
Blank correction:             Blank corrected
Volume std. temperature:      ambient
Volume std. pressure:         ambient
starttime endtime PM10 PM2.5 flag
  2.25   3.25 999.999 999.999 0.999
  5.25   6.25 999.999 999.999 0.999
  8.25   9.25 999.999 999.999 0.999
 11.25  12.25   6.758   3.415 0.000
 14.25  15.25   6.536   5.231 0.000
 17.25  18.25   5.618   3.962 0.000
 20.25  21.25   6.115   5.903 0.000
 23.25  24.25  10.674  10.847 0.000
 26.25  27.25   4.787   3.102 0.000
 29.25  30.25   3.996   1.827 0.000
 32.25  33.25   6.576   2.236 0.000
 35.25  36.25  12.494  10.129 0.000
 38.25  39.25  19.558  15.283 0.000
 41.25  42.25  16.267  14.777 0.000
 44.25  45.25   7.943   5.691 0.000
 47.25  48.25   3.125   1.862 0.000
 50.25  51.25   3.839   2.491 0.000
 53.25  54.25  15.779   7.146 0.000
 56.25  57.25   3.962   2.810 0.000
 59.25  60.25   4.638   2.439 0.000
 62.25  63.25   4.667   1.806 0.000
 65.25  66.25  17.904  14.667 0.000
 68.25  69.25   8.195   3.770 0.000
 71.25  72.25   8.854   6.212 0.000
 74.25  75.25   8.933   2.705 0.000
 77.25  78.25  11.104   3.975 0.000
 80.25  81.25   9.752   3.565 0.000
 83.25  84.25   2.753   1.444 0.000
 86.25  87.25  10.106   5.662 0.000
 89.25  90.25   4.471   1.989 0.000
 92.25  93.25   6.202   2.845 0.000
 95.25  96.25   5.250   4.402 0.000
 98.25  99.25   9.602   7.658 0.000
101.25 102.25   4.521   3.531 0.000
104.25 105.25   4.604   2.823 0.000
107.25 108.25  10.650   6.357 0.000
110.25 111.25  19.770  11.707 0.000
113.25 114.25  11.776   7.467 0.000
116.25 117.25   5.280   2.469 0.000
119.25 120.25  10.737   4.947 0.000
122.25 123.25   8.903   5.868 0.000
125.25 126.25   8.716   3.783 0.000
128.25 129.25   5.680   2.612 0.000
131.25 132.25  17.331   7.197 0.000
134.25 135.25   7.263   2.815 0.000
137.25 138.25  20.507   8.993 0.000
140.25 141.25  22.801  11.936 0.000
143.25 144.25 999.999 999.999 0.999
146.25 147.25 999.999 999.999 0.999
149.25 150.25  10.063   3.155 0.000
152.25 153.25  13.032   2.713 0.000
155.25 156.25  21.888   8.343 0.000
158.25 159.25  13.302   4.933 0.000
161.25 162.25  15.030   6.433 0.000
164.25 165.25   7.542   2.541 0.000
167.25 168.25  13.062   5.775 0.000
170.25 171.25  13.226   3.747 0.000
173.25 174.25  22.681   6.908 0.000
176.25 177.25  12.733   6.496 0.000
179.25 180.25  16.724   5.909 0.000
182.25 183.25   8.141   4.091 0.000
185.25 186.25  14.078   5.297 0.000
188.25 189.25  13.363   7.370 0.000
191.25 192.25  11.919   5.113 0.000
194.25 195.25  12.832   5.439 0.000
197.25 198.25  13.484   6.757 0.000
200.25 201.25  15.770   8.076 0.000
203.25 204.25  19.479   9.268 0.000
206.25 207.25  18.756   9.250 0.000
209.25 210.25   8.349   5.285 0.000
212.25 213.25  13.417   8.338 0.000
215.25 216.25  20.485   9.523 0.000
218.25 219.25  14.987   5.753 0.000
221.25 222.25  24.303  10.177 0.000
224.25 225.25  21.593   8.239 0.000
227.25 228.25  30.178  13.339 0.000
230.25 231.25   8.581   4.835 0.000
233.25 234.25  21.806   7.582 0.000
236.25 237.25   6.627   4.125 0.000
239.25 240.25  15.475   6.301 0.000
242.25 243.25  15.552   8.934 0.000
245.25 246.25  18.190   9.254 0.000
248.25 249.25  15.461   6.274 0.000
251.25 252.25  11.231   3.248 0.000
254.25 255.25   9.546   3.044 0.000
257.25 258.25  17.069   4.598 0.000
260.25 261.25 999.999 999.999 0.999
263.25 264.25  14.530   6.607 0.000
266.25 267.25  19.317  10.494 0.000
269.25 270.25  18.199   4.422 0.000
272.25 273.25  18.937   6.038 0.000
275.25 276.25  16.197   4.083 0.000
278.25 279.25  17.466   8.902 0.000
281.25 282.25  11.290   3.842 0.000
284.25 285.25  17.224   8.292 0.000
287.25 288.25   3.321   1.702 0.000
290.25 291.25  20.917   3.345 0.000
293.25 294.25   8.679   2.351 0.000
296.25 297.25 999.999 999.999 0.999
299.25 300.25  19.931   3.857 0.000
302.25 303.25  30.672   7.430 0.000
305.25 306.25  21.513   6.179 0.000
308.25 309.25  18.628   3.375 0.000
311.25 312.25  29.374   7.519 0.000
314.25 315.25  22.245  10.870 0.000
317.25 318.25  20.378   2.778 0.000
320.25 321.25  18.639   4.346 0.000
323.25 324.25  26.778  10.201 0.000
326.25 327.25  10.419   5.204 0.000
329.25 330.25  10.584   3.335 0.000
332.25 333.25  12.512   2.785 0.000
335.25 336.25   8.222   5.463 0.000
338.25 339.25  14.365   9.307 0.000
341.25 342.25   9.579   8.455 0.000
344.25 345.25   4.282   3.672 0.000
347.25 348.25  11.178  10.394 0.000
350.25 351.25  11.120   9.341 0.000
353.25 354.25   9.019   5.173 0.000
356.25 357.25   3.834   2.406 0.000
359.25 360.25   3.186   2.451 0.000
362.25 363.25  10.254   9.260 0.000
