scripts/IMPROVE-2019_partial/data/US0023R.20030103080000.20191216000000.filterpack..pm25.1y.1w.US03L_filterpack_US0023.US03L_IMPROVE_Davis.lev2.nas
66 1001
MISSING INFORMATION
US03L, IMPROVE, , , , , , , 
MISSING INFORMATION
IMPROVE sel_HTAP
1 1
2003 01 01 2019 12 16
3.000000
days from file reference point
27
1 1 1 1 1 1 1 1 1 1 1 1 1 1 1 1 1 1 1 1 1 1 1 1 1 1 1
999.999999 9999.99 9.999 99.99 9.999 9.999 9.999999 99.99 9.999999 9.999 9.999 99.999 9.999 99.999 9.999 99.99 9.999999 999.999 9.999 999.999 9.999 999.999 9.999 9.999 9.999 9.999 9.999
end_time of measurement, days from the file reference point
iron, ng/m3, Revision date=20181210133000
numflag iron, no unit, Revision date=20181210133000
lead, ng/m3, Revision date=20181210133000
numflag lead, no unit, Revision date=20181210133000
magnesium, ug/m3, Revision date=20181210133000
numflag magnesium, no unit, Revision date=20181210133000
nickel, ng/m3, Revision date=20181210133000
numflag nickel, no unit, Revision date=20181210133000
nitrate, ug N/m3, Revision date=20181210133000
numflag nitrate, no unit, Revision date=20181210133000
organic_carbon, ug C/m3, Revision date=20181210133000
numflag organic_carbon, no unit, Revision date=20181210133000
organic_mass, ug/m3, Revision date=20181210133000
numflag organic_mass, no unit, Revision date=20181210133000
phosphorus, ng/m3, Revision date=20181210133000
numflag phosphorus, no unit, Revision date=20181210133000
pm10_mass, ug/m3, Version=2, Version description=Data extracted from http://views.cira.colostate.edu/fed/DataWizard 2019-12-16, Sample duration=1d, Orig. time res.=3d, Matrix=pm10, Blank correction=Blank corrected, Volume std. temperature=ambient, Volume std. pressure=ambient
numflag pm10_mass, no unit, Version=2, Version description=Data extracted from http://views.cira.colostate.edu/fed/DataWizard 2019-12-16, Sample duration=1d, Orig. time res.=3d, Matrix=pm10, Blank correction=Blank corrected, Volume std. temperature=ambient, Volume std. pressure=ambient
pm10_pm25_mass, ug/m3, Revision date=20181210133000, Matrix=pm10_pm25
numflag pm10_pm25_mass, no unit, Revision date=20181210133000, Matrix=pm10_pm25
pm25_mass, ug/m3, Version=2, Version description=Data extracted from http://views.cira.colostate.edu/fed/DataWizard 2019-12-16, Sample duration=1d, Orig. time res.=3d, Blank correction=Blank corrected, Volume std. temperature=ambient, Volume std. pressure=ambient
numflag pm25_mass, no unit, Version=2, Version description=Data extracted from http://views.cira.colostate.edu/fed/DataWizard 2019-12-16, Sample duration=1d, Orig. time res.=3d, Blank correction=Blank corrected, Volume std. temperature=ambient, Volume std. pressure=ambient
potassium, ug/m3, Revision date=20181210133000
numflag potassium, no unit, Revision date=20181210133000
sulphate_total, ug S/m3, Revision date=20181210133000
numflag sulphate_total, no unit, Revision date=20181210133000
0
25
Data definition:              EBAS_1.1
Set type code:                TU
Timezone:                     UTC
File name:                    US0023R.20030103080000.20191216000000.filterpack..pm25.1y.1w.US03L_filterpack_US0023.US03L_IMPROVE_Davis.lev2.nas
File creation:                20191218115655
Startdate:                    20030103080000
Revision date:                20191216000000
Statistics:                   arithmetic mean
Data level:                   2
Period code:                  1y
Resolution code:              1w
Station code:                 US0023R
Platform code:                US0023S
Station name:                 Hoover
Station latitude:             38.0881
Station longitude:            -119.1771
Station altitude:             2560.0 m
Regime:                       IMG
Component:                    
Matrix:                       pm25
Laboratory code:              US03L
Instrument type:              filterpack
Instrument name:              filterpack_US0023
Method ref:                   US03L_IMPROVE_Davis
starttime endtime Fe flag_Fe Pb flag_Pb Mg++ flag_Mg++ Ni flag_Ni NO3- flag_NO3- OC flag_OC OM flag_OM P flag_P PM10 flag_PM10 PM10-PM2.5 flag_PM10-PM2.5 PM2.5 flag_PM2.5 K+ flag_K+ SO4-- flag_SO4--
  2.333333   3.333333    4.08 0.000  0.09 0.000 9.999 0.259000  0.08 0.000000 0.001 0.000  0.067 0.000  0.094 0.000 99.99 0.259000   1.464 0.000   1.019 0.000   0.445 0.000 0.005 0.000 0.030 0.000
  5.333333   6.333333    2.60 0.000  0.05 0.000 9.999 0.259000 99.99 0.259000 0.004 0.000  0.040 0.000  0.055 0.000 99.99 0.259000   1.464 0.000   1.134 0.000   0.331 0.000 0.002 0.000 0.030 0.000
  8.333333   9.333333    4.56 0.000  0.15 0.000 0.012 0.000000 99.99 0.259000 0.044 0.000  0.469 0.000  0.657 0.000 99.99 0.259000   2.189 0.000   0.841 0.000   1.348 0.000 0.007 0.000 0.146 0.000
 11.333333  12.333333    2.36 0.000 99.99 0.259 9.999 0.259000 99.99 0.259000 0.004 0.000  0.152 0.000  0.213 0.000 99.99 0.259000   0.920 0.000   0.428 0.000   0.492 0.000 0.002 0.000 0.040 0.000
 14.333333  15.333333    1.99 0.000  0.11 0.000 9.999 0.259000 99.99 0.259000 0.005 0.000  0.009 0.000  0.013 0.000 99.99 0.259000   1.213 0.000   0.860 0.000   0.353 0.000 0.002 0.000 0.024 0.000
 17.333333  18.333333    2.49 0.000  0.09 0.000 9.999 0.259000 99.99 0.259000 0.002 0.000  0.025 0.000  0.034 0.000 99.99 0.259000   0.293 0.000 999.999 0.259   0.298 0.000 0.001 0.000 0.013 0.000
 20.333333  21.333333    5.14 0.000  0.13 0.000 0.015 0.000000 99.99 0.259000 0.010 0.000  0.143 0.000  0.201 0.000 99.99 0.259000   0.972 0.000   0.367 0.000   0.605 0.000 0.004 0.000 0.041 0.000
 23.333333  24.333333    7.06 0.000  0.20 0.000 9.999 0.259000 99.99 0.259000 0.010 0.000  0.130 0.000  0.182 0.000 99.99 0.259000   1.339 0.000   0.718 0.000   0.621 0.000 0.008 0.000 0.056 0.000
 26.333333  27.333333    4.80 0.000  0.82 0.000 9.999 0.259000  0.02 0.000000 0.002 0.000  0.197 0.000  0.275 0.000 99.99 0.259000   1.694 0.000   0.639 0.000   1.055 0.000 0.012 0.000 0.124 0.000
 29.333333  30.333333    5.21 0.000  0.14 0.000 9.999 0.259000 99.99 0.259000 0.003 0.000  0.145 0.000  0.203 0.000 99.99 0.259000   0.707 0.000   0.474 0.000   0.233 0.000 0.005 0.000 0.029 0.000
 32.333333  33.333333    3.72 0.000  0.13 0.000 0.009 0.000000  0.03 0.000000 0.004 0.000  0.149 0.000  0.209 0.000 99.99 0.259000   0.673 0.000   0.467 0.000   0.207 0.000 0.005 0.000 0.022 0.000
 35.333333  36.333333    3.59 0.000  0.11 0.000 9.999 0.259000 99.99 0.259000 0.026 0.000  0.059 0.000  0.083 0.000 99.99 0.259000   1.143 0.000   0.735 0.000   0.408 0.000 0.003 0.000 0.026 0.000
 38.333333  39.333333    4.83 0.000  0.21 0.000 9.999 0.259000  0.03 0.000000 0.044 0.000  0.112 0.000  0.156 0.000 99.99 0.259000   1.179 0.000   0.507 0.000   0.671 0.000 0.005 0.000 0.060 0.000
 41.333333  42.333333    4.82 0.000  0.17 0.000 9.999 0.259000  0.03 0.000000 0.014 0.000  0.155 0.000  0.217 0.000 99.99 0.259000   1.956 0.000   1.600 0.000   0.357 0.000 0.006 0.000 0.023 0.000
 44.333333  45.333333    2.00 0.000  0.12 0.000 9.999 0.259000 99.99 0.259000 0.025 0.000  0.295 0.000  0.413 0.000 99.99 0.259000   0.711 0.000   0.418 0.000   0.293 0.000 0.002 0.000 0.020 0.000
 47.333333  48.333333    5.55 0.000  0.32 0.000 9.999 0.259000  0.05 0.000000 0.005 0.000  0.087 0.000  0.122 0.000 99.99 0.259000   0.884 0.000   0.298 0.000   0.586 0.000 0.007 0.000 0.069 0.000
 50.333333  51.333333    2.56 0.000  0.12 0.000 9.999 0.259000 99.99 0.259000 0.006 0.000  0.109 0.000  0.152 0.000 99.99 0.259000   0.460 0.000   0.112 0.000   0.349 0.000 0.003 0.000 0.039 0.000
 53.333333  54.333333   30.79 0.000  0.30 0.000 9.999 0.259000  0.05 0.000000 0.013 0.000  0.253 0.000  0.353 0.000 99.99 0.259000   2.928 0.000   1.610 0.000   1.319 0.000 0.025 0.000 0.073 0.000
 56.333333  57.333333    9.06 0.000  0.19 0.000 9.999 0.259000 99.99 0.259000 0.057 0.000  0.196 0.000  0.274 0.000 99.99 0.259000 999.999 0.456 999.999 0.999   0.938 0.000 0.009 0.000 0.079 0.000
 59.333333  60.333333   18.82 0.000  0.23 0.000 9.999 0.259000 99.99 0.259000 0.017 0.000  0.154 0.000  0.215 0.000 99.99 0.259000   0.711 0.000   0.301 0.000   0.410 0.000 0.007 0.000 0.034 0.000
 62.333333  63.333333   13.45 0.000  0.32 0.000 9.999 0.259000 99.99 0.259000 0.141 0.000  0.352 0.000  0.493 0.000 99.99 0.259000   1.616 0.000   0.261 0.000   1.355 0.000 0.010 0.000 0.109 0.000
 65.333333  66.333333   33.25 0.000  0.69 0.000 9.999 0.259000  0.05 0.000000 0.017 0.000  0.360 0.000  0.504 0.000 99.99 0.259000   2.510 0.000   0.766 0.000   1.744 0.000 0.031 0.000 0.112 0.000
 68.333333  69.333333   53.77 0.000  0.34 0.000 9.999 0.259000  0.17 0.000000 0.008 0.000  0.259 0.000  0.362 0.000 99.99 0.259000   1.631 0.000 999.999 0.259   1.707 0.000 0.033 0.000 0.055 0.000
 71.333333  72.333333 9999.99 0.999 99.99 0.999 9.999 0.999000 99.99 0.999000 9.999 0.999 99.999 0.999 99.999 0.999 99.99 0.999000 999.999 0.999 999.999 0.999 999.999 0.999 9.999 0.999 9.999 0.999
 74.333333  75.333333   11.64 0.000  0.17 0.000 9.999 0.259000  0.06 0.000000 0.021 0.000  0.246 0.000  0.345 0.000 99.99 0.259000   1.004 0.000   0.316 0.000   0.689 0.000 0.008 0.000 0.038 0.000
 77.333333  78.333333  129.52 0.000  0.39 0.000 9.999 0.259000  0.33 0.000000 0.030 0.000  0.151 0.000  0.212 0.000 99.99 0.259000   2.273 0.000 999.999 0.259   3.457 0.000 0.069 0.000 0.060 0.000
 80.333333  81.333333  101.95 0.000  0.45 0.000 9.999 0.259000  0.21 0.000000 0.034 0.000  0.264 0.000  0.369 0.000 99.99 0.259000   2.904 0.000   0.050 0.000   2.854 0.000 0.061 0.000 0.094 0.000
 83.333333  84.333333   79.80 0.000  0.49 0.000 0.019 0.000000  0.32 0.000000 0.023 0.000  0.205 0.000  0.288 0.000 99.99 0.259000   1.860 0.000 999.999 0.259   2.771 0.000 0.042 0.000 0.092 0.000
 86.333333  87.333333   21.69 0.000  0.31 0.000 9.999 0.259000 99.99 0.259000 0.026 0.000  0.048 0.000  0.067 0.000 99.99 0.259000   2.147 0.000   1.053 0.000   1.093 0.000 0.013 0.000 0.069 0.000
 89.333333  90.333333   12.55 0.000  0.23 0.000 9.999 0.259000 99.99 0.259000 0.027 0.000  0.241 0.000  0.337 0.000 99.99 0.259000   1.830 0.000   0.868 0.000   0.962 0.000 0.010 0.000 0.060 0.000
 92.333333  93.333333   43.07 0.000  0.64 0.000 9.999 0.259000  0.14 0.000000 0.014 0.000  0.078 0.000  0.109 0.000 99.99 0.259000   2.609 0.000   0.600 0.000   2.010 0.000 0.029 0.000 0.170 0.000
 95.333333  96.333333   35.02 0.000  0.62 0.000 9.999 0.259000 99.99 0.259000 0.010 0.000  0.246 0.000  0.345 0.000 99.99 0.259000   1.882 0.000   0.307 0.000   1.576 0.000 0.024 0.000 0.146 0.000
 98.333333  99.333333   47.07 0.000  0.48 0.000 9.999 0.259000 99.99 0.259000 0.028 0.000  0.271 0.000  0.380 0.000 99.99 0.259000   3.096 0.000   1.064 0.000   2.032 0.000 0.027 0.000 0.101 0.000
101.333333 102.333333   77.22 0.000  1.59 0.000 9.999 0.259000  0.07 0.000000 0.043 0.000  0.324 0.000  0.454 0.000 99.99 0.259000   6.013 0.000   2.165 0.000   3.848 0.000 0.055 0.000 0.416 0.000
104.333333 105.333333   31.10 0.000  0.24 0.000 9.999 0.259000  0.10 0.000000 0.045 0.000  0.172 0.000  0.241 0.000 99.99 0.259000   1.914 0.000   0.486 0.000   1.428 0.000 0.021 0.000 0.077 0.000
107.333333 108.333333   71.88 0.000  0.84 0.000 9.999 0.259000  0.02 0.000000 0.046 0.000  0.337 0.000  0.471 0.000 99.99 0.259000   5.471 0.000   2.044 0.000   3.428 0.000 0.052 0.000 0.244 0.000
110.333333 111.333333   52.21 0.000  0.55 0.000 9.999 0.259000  0.17 0.000000 0.047 0.000  0.244 0.000  0.342 0.000 99.99 0.259000   2.736 0.000   0.655 0.000   2.080 0.000 0.035 0.000 0.128 0.000
113.333333 114.333333   70.11 0.394  0.98 0.394 9.999 0.394259 99.99 0.394259 0.027 0.394  0.249 0.000  0.349 0.000 99.99 0.394259   6.518 0.000   3.708 0.000   2.811 0.000 0.050 0.394 0.158 0.394
116.333333 117.333333   67.39 0.000  0.43 0.000 9.999 0.259000 99.99 0.259000 0.029 0.000  0.392 0.000  0.549 0.000 99.99 0.259000   4.225 0.000   1.360 0.000   2.865 0.000 0.043 0.000 0.122 0.000
119.333333 120.333333   11.41 0.000  0.24 0.000 9.999 0.259000 99.99 0.259000 0.045 0.000  0.240 0.000  0.336 0.000 99.99 0.259000   1.431 0.000   0.477 0.000   0.954 0.000 0.010 0.000 0.067 0.000
122.333333 123.333333   11.66 0.000 99.99 0.259 0.015 0.000000 99.99 0.259000 0.007 0.000  0.103 0.000  0.145 0.000 99.99 0.259000   0.800 0.000   0.268 0.000   0.532 0.000 0.006 0.000 0.030 0.000
125.333333 126.333333   22.64 0.000  0.60 0.000 9.999 0.259000 99.99 0.259000 0.031 0.000  0.663 0.000  0.928 0.000 99.99 0.259000   3.658 0.000   1.131 0.000   2.526 0.000 0.018 0.000 0.203 0.000
128.333333 129.333333   11.35 0.000  0.40 0.000 9.999 0.259000 99.99 0.259000 0.021 0.000  0.530 0.000  0.742 0.000 99.99 0.259000   2.287 0.000   0.535 0.000   1.751 0.000 0.010 0.000 0.133 0.000
131.333333 132.333333   21.92 0.000  0.51 0.000 0.029 0.000000 99.99 0.259000 0.016 0.000  0.210 0.000  0.293 0.000 99.99 0.259000   2.259 0.000   0.753 0.000   1.506 0.000 0.015 0.000 0.130 0.000
134.333333 135.333333   70.36 0.000  1.12 0.000 9.999 0.259000 99.99 0.259000 0.055 0.000  1.132 0.000  1.584 0.000 99.99 0.259000   6.309 0.000   1.541 0.000   4.769 0.000 0.060 0.000 0.329 0.000
137.333333 138.333333   29.23 0.000  0.52 0.000 0.008 0.000000 99.99 0.259000 0.021 0.000  0.644 0.000  0.902 0.000 99.99 0.259000   4.100 0.000   1.558 0.000   2.541 0.000 0.024 0.000 0.152 0.000
140.333333 141.333333   86.21 0.000  0.71 0.000 9.999 0.259000 99.99 0.259000 0.034 0.000  0.814 0.000  1.139 0.000 99.99 0.259000   6.944 0.000   2.914 0.000   4.030 0.000 0.064 0.000 0.150 0.000
143.333333 144.333333   99.15 0.000  0.92 0.000 9.999 0.259000 99.99 0.259000 0.093 0.000  1.196 0.000  1.674 0.000 99.99 0.259000  11.934 0.000   5.878 0.000   6.057 0.000 0.079 0.000 0.415 0.000
146.333333 147.333333   35.91 0.000  0.45 0.000 9.999 0.259000 99.99 0.259000 0.013 0.000  0.651 0.000  0.911 0.000 99.99 0.259000   5.715 0.000   3.083 0.000   2.632 0.000 0.024 0.000 0.139 0.000
149.333333 150.333333   44.13 0.000  0.44 0.000 9.999 0.259000 99.99 0.259000 0.048 0.000  1.104 0.000  1.546 0.000 99.99 0.259000   8.732 0.000   4.103 0.000   4.630 0.000 0.033 0.000 0.306 0.000
152.333333 153.333333   38.22 0.000  0.78 0.000 9.999 0.259000  0.04 0.000000 0.019 0.000  1.885 0.000  2.638 0.000 99.99 0.259000   7.614 0.000   2.192 0.000   5.421 0.000 0.036 0.000 0.220 0.000
155.333333 156.333333   67.14 0.000  0.92 0.000 0.016 0.000000  0.04 0.000000 0.027 0.000  1.701 0.000  2.381 0.000 99.99 0.259000  10.210 0.000   4.460 0.000   5.750 0.000 0.052 0.000 0.311 0.000
158.333333 159.333333   37.22 0.000  0.64 0.000 0.020 0.000000  0.07 0.000000 0.020 0.000  1.343 0.000  1.880 0.000 99.99 0.259000   7.027 0.000   2.524 0.000   4.503 0.000 0.029 0.000 0.323 0.000
161.333333 162.333333   63.63 0.000  0.54 0.000 9.999 0.259000  0.09 0.000000 0.044 0.000  1.423 0.000  1.992 0.000 99.99 0.259000   7.407 0.000   2.385 0.000   5.022 0.000 0.043 0.000 0.254 0.000
164.333333 165.333333   36.33 0.000  0.54 0.000 9.999 0.259000  0.08 0.000000 0.038 0.000  1.833 0.000  2.567 0.000 99.99 0.259000   8.670 0.000   2.966 0.000   5.704 0.000 0.040 0.000 0.314 0.000
167.333333 168.333333   59.64 0.000  0.55 0.000 9.999 0.259000 99.99 0.259000 0.043 0.000  1.809 0.000  2.533 0.000 99.99 0.259000  10.673 0.000   4.570 0.000   6.104 0.000 0.066 0.000 0.388 0.000
170.333333 171.333333   34.98 0.000  0.51 0.000 9.999 0.259000 99.99 0.259000 0.060 0.000  0.898 0.000  1.257 0.000 99.99 0.259000   5.773 0.000   2.611 0.000   3.162 0.000 0.026 0.000 0.148 0.000
173.333333 174.333333   25.41 0.000  0.33 0.000 9.999 0.259000 99.99 0.259000 0.032 0.000  0.676 0.000  0.946 0.000 99.99 0.259000   5.808 0.000   3.337 0.000   2.471 0.000 0.017 0.000 0.151 0.000
176.333333 177.333333   28.83 0.000  0.29 0.000 0.021 0.000000 99.99 0.259000 0.012 0.000  0.740 0.000  1.036 0.000 99.99 0.259000   5.020 0.000   2.606 0.000   2.414 0.000 0.019 0.000 0.087 0.000
179.333333 180.333333   29.74 0.000  0.36 0.000 9.999 0.259000 99.99 0.259000 0.018 0.000  1.498 0.000  2.098 0.000 99.99 0.259000   7.447 0.000   4.155 0.000   3.291 0.000 0.021 0.000 0.138 0.000
182.333333 183.333333 9999.99 0.999 99.99 0.999 9.999 0.999000 99.99 0.999000 9.999 0.999 99.999 0.999 99.999 0.999 99.99 0.999000 999.999 0.999 999.999 0.999 999.999 0.999 9.999 0.999 9.999 0.999
185.333333 186.333333   24.39 0.000  0.49 0.000 0.012 0.000000  0.06 0.000000 0.014 0.000  1.157 0.000  1.620 0.000 99.99 0.259000   6.242 0.000   3.519 0.000   2.723 0.000 0.034 0.000 0.131 0.000
188.333333 189.333333   26.52 0.000  0.17 0.000 9.999 0.259000 99.99 0.259000 0.007 0.000  0.383 0.000  0.536 0.000 99.99 0.259000   6.387 0.000   4.859 0.000   1.528 0.000 0.019 0.000 0.071 0.000
191.333333 192.333333   61.83 0.000  0.37 0.000 9.999 0.259000  0.04 0.000000 0.014 0.000  1.048 0.000  1.467 0.000 99.99 0.259000  12.299 0.000   8.492 0.000   3.807 0.000 0.044 0.000 0.147 0.000
194.333333 195.333333   69.82 0.000  0.25 0.000 9.999 0.259000 99.99 0.259000 0.009 0.000  0.660 0.000  0.924 0.000 99.99 0.259000  16.566 0.000  13.753 0.000   2.813 0.000 0.043 0.000 0.092 0.000
197.333333 198.333333  261.85 0.559  0.83 0.559 0.075 0.559000  0.05 0.559000 0.048 0.000  1.648 0.000  2.307 0.000 99.99 0.559259  44.218 0.000  33.785 0.000  10.433 0.559 0.176 0.559 0.392 0.000
200.333333 201.333333   44.83 0.000  0.29 0.000 9.999 0.259000  0.07 0.000000 0.032 0.000  1.404 0.000  1.966 0.000 99.99 0.259000   7.399 0.000   2.641 0.000   4.758 0.000 0.043 0.000 0.257 0.000
203.333333 204.333333  177.66 0.000  0.32 0.000 9.999 0.259000  0.08 0.000000 0.027 0.000  1.541 0.000  2.157 0.000 99.99 0.259000  26.389 0.000  19.258 0.000   7.131 0.000 0.121 0.000 0.240 0.000
206.333333 207.333333  167.77 0.000  0.42 0.000 9.999 0.259000  0.12 0.000000 0.053 0.000  1.359 0.000  1.902 0.000 99.99 0.259000   7.155 0.000   0.210 0.000   6.944 0.000 0.100 0.000 0.288 0.000
209.333333 210.333333  125.00 0.000  0.25 0.000 9.999 0.259000  0.04 0.000000 0.019 0.000  0.907 0.000  1.270 0.000 99.99 0.259000  19.700 0.000  14.856 0.000   4.844 0.000 0.077 0.000 0.164 0.000
212.333333 213.333333  114.80 0.000  0.28 0.000 9.999 0.259000  0.09 0.000000 0.028 0.000  0.983 0.000  1.375 0.000 99.99 0.259000   5.940 0.000   1.761 0.000   4.179 0.000 0.066 0.000 0.120 0.000
215.333333 216.333333   52.93 0.000  0.15 0.000 9.999 0.259000  0.07 0.000000 0.035 0.000  0.898 0.000  1.257 0.000 99.99 0.259000   6.735 0.000   3.295 0.000   3.441 0.000 0.032 0.000 0.156 0.000
218.333333 219.333333  227.65 0.000  0.40 0.000 9.999 0.259000  0.10 0.000000 0.011 0.000  0.664 0.000  0.929 0.000 99.99 0.259000   6.287 0.000 999.999 0.259   6.973 0.000 0.126 0.000 0.086 0.000
221.333333 222.333333  103.21 0.000  0.35 0.000 0.030 0.000000  0.12 0.000000 0.020 0.000  0.413 0.000  0.578 0.000 99.99 0.259000   5.219 0.000   0.947 0.000   4.271 0.000 0.057 0.000 0.251 0.000
224.333333 225.333333   54.37 0.394  0.21 0.394 9.999 0.394259  0.41 0.394000 0.019 0.394  0.733 0.000  1.026 0.000 99.99 0.394259   9.795 0.000   6.403 0.000   3.392 0.000 0.031 0.394 0.096 0.394
227.333333 228.333333   41.67 0.000  0.35 0.000 9.999 0.259000  0.33 0.000000 0.038 0.000  1.314 0.000  1.839 0.000 99.99 0.259000   9.056 0.000   4.609 0.000   4.447 0.000 0.030 0.000 0.234 0.000
230.333333 231.333333   60.91 0.000  0.66 0.000 9.999 0.259000  1.40 0.000000 0.057 0.000  1.755 0.000  2.457 0.000 99.99 0.259000  14.466 0.000   7.921 0.000   6.545 0.000 0.044 0.000 0.314 0.000
233.333333 234.333333   16.75 0.000  0.24 0.000 9.999 0.259000 99.99 0.259000 0.066 0.000  0.825 0.000  1.155 0.000 99.99 0.259000  31.168 0.000  28.654 0.000   2.514 0.000 0.012 0.000 0.141 0.000
236.333333 237.333333   10.59 0.559  0.26 0.559 9.999 0.559259  0.10 0.559000 0.007 0.000  0.692 0.000  0.968 0.000 99.99 0.559259   3.574 0.000   1.986 0.000   1.587 0.559 0.011 0.559 0.113 0.000
239.333333 240.333333   29.62 0.000  0.28 0.000 9.999 0.259000  0.08 0.000000 0.039 0.000  1.090 0.000  1.525 0.000 99.99 0.259000   8.610 0.000   3.054 0.000   5.556 0.000 0.025 0.000 0.278 0.000
242.333333 243.333333   19.98 0.000  0.29 0.000 9.999 0.259000  0.05 0.000000 0.027 0.000  1.129 0.000  1.580 0.000 99.99 0.259000   5.442 0.000   2.114 0.000   3.328 0.000 0.026 0.000 0.153 0.000
