scripts/IMPROVE-2019_partial/data/US0092U.20050101070000.20191216000000.filterpack..pm25.52w.1w.US03L_filterpack_US0092.US03L_IMPROVE_Davis.lev2.nas
66 1001
MISSING INFORMATION
US03L, IMPROVE, , , , , , , 
MISSING INFORMATION
IMPROVE sel_HTAP
1 1
2005 01 01 2019 12 16
3.000000
days from file reference point
27
1 1 1 1 1 1 1 1 1 1 1 1 1 1 1 1 1 1 1 1 1 1 1 1 1 1 1
999.999999 9999.99 9.999 999.99 9.999 9.999 9.999999 99.99 9.999 99.999 9.999 999.999 9.999 999.999 9.999 999.99 9.999999 999.999 9.999 999.999 9.999 999.999 9.999 99.999 9.999 9.999 9.999
end_time of measurement, days from the file reference point
iron, ng/m3, Revision date=20181210133000
numflag iron, no unit, Revision date=20181210133000
lead, ng/m3, Revision date=20181210133000
numflag lead, no unit, Revision date=20181210133000
magnesium, ug/m3, Revision date=20181210133000
numflag magnesium, no unit, Revision date=20181210133000
nickel, ng/m3, Revision date=20181210133000
numflag nickel, no unit, Revision date=20181210133000
nitrate, ug N/m3, Revision date=20181210133000
numflag nitrate, no unit, Revision date=20181210133000
organic_carbon, ug C/m3, Revision date=20181210133000
numflag organic_carbon, no unit, Revision date=20181210133000
organic_mass, ug/m3, Revision date=20181210133000
numflag organic_mass, no unit, Revision date=20181210133000
phosphorus, ng/m3, Revision date=20181210133000
numflag phosphorus, no unit, Revision date=20181210133000
pm10_mass, ug/m3, Version=2, Version description=Data extracted from http://views.cira.colostate.edu/fed/DataWizard 2019-12-16, Sample duration=1d, Orig. time res.=3d, Matrix=pm10, Blank correction=Blank corrected, Volume std. temperature=ambient, Volume std. pressure=ambient
numflag pm10_mass, no unit, Version=2, Version description=Data extracted from http://views.cira.colostate.edu/fed/DataWizard 2019-12-16, Sample duration=1d, Orig. time res.=3d, Matrix=pm10, Blank correction=Blank corrected, Volume std. temperature=ambient, Volume std. pressure=ambient
pm10_pm25_mass, ug/m3, Revision date=20181210133000, Matrix=pm10_pm25
numflag pm10_pm25_mass, no unit, Revision date=20181210133000, Matrix=pm10_pm25
pm25_mass, ug/m3, Version=2, Version description=Data extracted from http://views.cira.colostate.edu/fed/DataWizard 2019-12-16, Sample duration=1d, Orig. time res.=3d, Blank correction=Blank corrected, Volume std. temperature=ambient, Volume std. pressure=ambient
numflag pm25_mass, no unit, Version=2, Version description=Data extracted from http://views.cira.colostate.edu/fed/DataWizard 2019-12-16, Sample duration=1d, Orig. time res.=3d, Blank correction=Blank corrected, Volume std. temperature=ambient, Volume std. pressure=ambient
potassium, ug/m3, Revision date=20181210133000
numflag potassium, no unit, Revision date=20181210133000
sulphate_total, ug S/m3, Revision date=20181210133000
numflag sulphate_total, no unit, Revision date=20181210133000
0
25
Data definition:              EBAS_1.1
Set type code:                TU
Timezone:                     UTC
File name:                    US0092U.20050101070000.20191216000000.filterpack..pm25.52w.1w.US03L_filterpack_US0092.US03L_IMPROVE_Davis.lev2.nas
File creation:                20191218120139
Startdate:                    20050101070000
Revision date:                20191216000000
Statistics:                   arithmetic mean
Data level:                   2
Period code:                  52w
Resolution code:              1w
Station code:                 US0092U
Platform code:                US0092S
Station name:                 Phoenix
Station latitude:             33.5038
Station longitude:            -112.0958
Station altitude:             342.0 m
Regime:                       IMG
Component:                    
Matrix:                       pm25
Laboratory code:              US03L
Instrument type:              filterpack
Instrument name:              filterpack_US0092
Method ref:                   US03L_IMPROVE_Davis
starttime endtime Fe flag_Fe Pb flag_Pb Mg++ flag_Mg++ Ni flag_Ni NO3- flag_NO3- OC flag_OC OM flag_OM P flag_P PM10 flag_PM10 PM10-PM2.5 flag_PM10-PM2.5 PM2.5 flag_PM2.5 K+ flag_K+ SO4-- flag_SO4--
[from data line 81]
243.291667 244.291667  317.17 0.000   2.10 0.000 9.999 0.259000  0.56 0.000  0.130 0.000   1.585 0.000   2.853 0.000 999.99 0.259000  45.177 0.000  34.225 0.000  10.954 0.000  0.159 0.000 0.559 0.000
246.291667 247.291667   68.20 0.000   1.99 0.000 9.999 0.259000 99.99 0.259  0.056 0.000   1.735 0.000   3.122 0.000 999.99 0.259000  14.734 0.000   7.971 0.000   6.762 0.000  0.045 0.000 0.610 0.000
249.291667 250.291667  208.03 0.000   2.97 0.000 9.999 0.259000  0.24 0.000  0.048 0.000   1.610 0.000   2.898 0.000 999.99 0.259000  24.918 0.000  17.081 0.000   7.837 0.000  0.076 0.000 0.522 0.000
252.291667 253.291667  117.84 0.000   1.58 0.000 9.999 0.259000  0.46 0.000  0.117 0.000   1.084 0.000   1.950 0.000 999.99 0.259000  23.234 0.000  16.365 0.000   6.868 0.000  0.078 0.000 0.466 0.000
255.291667 256.291667  154.28 0.000   1.71 0.000 0.019 0.000000  0.38 0.000  0.083 0.000   1.232 0.000   2.217 0.000 999.99 0.259000  23.918 0.000  17.750 0.000   6.522 0.000  0.074 0.000 0.355 0.000
258.291667 259.291667  276.95 0.000   2.60 0.000 9.999 0.259000  0.19 0.000  0.074 0.000   1.819 0.000   3.275 0.000 999.99 0.259000  31.460 0.000  22.647 0.000   8.813 0.000  0.097 0.000 0.367 0.000
261.291667 262.291667  247.05 0.000   2.20 0.000 0.026 0.000000  0.37 0.000  0.079 0.000   2.343 0.000   4.217 0.000 999.99 0.259000  28.580 0.000  19.304 0.000   9.276 0.000  0.092 0.000 0.375 0.000
264.291667 265.291667  296.99 0.000   1.73 0.000 9.999 0.259000  0.25 0.000  0.086 0.000   1.463 0.000   2.633 0.000 999.99 0.259000  31.600 0.000  21.557 0.000  10.043 0.000  0.113 0.000 0.763 0.000
267.291667 268.291667  230.85 0.000   7.10 0.000 9.999 0.259000  0.16 0.000  0.054 0.000   1.988 0.000   3.578 0.000 999.99 0.259000  23.464 0.000  15.742 0.000   7.722 0.000  0.105 0.000 0.321 0.000
270.291667 271.291667  287.44 0.000   2.85 0.000 9.999 0.259000  0.22 0.000  0.047 0.000   1.287 0.000   2.316 0.000 999.99 0.259000  34.288 0.000  25.709 0.000   8.580 0.000  0.104 0.000 0.412 0.000
273.291667 274.291667  273.20 0.000   4.40 0.000 0.061 0.000000  0.15 0.000  0.068 0.000   2.592 0.000   4.666 0.000 999.99 0.259000  29.892 0.000  19.688 0.000  10.203 0.000  0.122 0.000 0.364 0.000
276.291667 277.291667  137.43 0.000   1.45 0.000 0.043 0.000000  0.81 0.000  0.112 0.000   1.246 0.000   2.243 0.000 999.99 0.259000  26.282 0.000  18.034 0.000   8.481 0.000  0.076 0.000 0.887 0.000
279.291667 280.291667  349.19 0.000   2.50 0.000 0.074 0.000000  0.28 0.000  0.059 0.000   2.183 0.000   3.929 0.000 999.99 0.259000  31.311 0.000  21.300 0.000  10.009 0.000  0.127 0.000 0.437 0.000
282.291667 283.291667  322.77 0.000   2.51 0.000 0.083 0.000000  0.25 0.000  0.042 0.000   1.701 0.000   3.062 0.000  37.59 0.000000  25.097 0.000  16.629 0.000   8.469 0.000  0.109 0.000 0.177 0.000
285.291667 286.291667  407.65 0.000   3.77 0.000 0.090 0.000000  1.49 0.000  0.100 0.000   3.049 0.000   5.489 0.000  64.93 0.000000  42.818 0.000  30.482 0.000  12.200 0.000  0.135 0.000 0.384 0.000
288.291667 289.291667  197.87 0.000   3.36 0.000 0.049 0.000000  0.35 0.000  0.049 0.000   2.000 0.000   3.601 0.000  55.41 0.000000  26.664 0.000  18.131 0.000   8.532 0.000  0.104 0.000 0.575 0.000
291.291667 292.291667  159.62 0.000   2.79 0.000 0.016 0.000000  1.06 0.000  0.322 0.000   1.921 0.000   3.457 0.000 999.99 0.259000  16.348 0.000  10.149 0.000   6.198 0.000  0.064 0.000 0.206 0.000
294.291667 295.291667  265.38 0.000   4.23 0.000 9.999 0.259000  0.27 0.000  0.185 0.000   3.614 0.000   6.505 0.000 999.99 0.259000  26.101 0.000  15.507 0.000  10.593 0.000  0.084 0.000 0.335 0.000
297.291667 298.291667  150.61 0.000   4.42 0.000 0.024 0.000000  0.61 0.000  0.062 0.000   1.325 0.000   2.385 0.000 999.99 0.259000  25.565 0.000  17.390 0.000   8.446 0.000  0.095 0.000 0.785 0.000
300.291667 301.291667  285.45 0.000   2.85 0.000 0.054 0.000000  0.43 0.000  0.125 0.000   2.327 0.000   4.188 0.000 999.99 0.259000  33.504 0.000  23.414 0.000  10.089 0.000  0.107 0.000 0.570 0.000
303.291667 304.291667  312.68 0.000   4.57 0.000 0.073 0.000000  0.29 0.000  0.105 0.000   2.540 0.000   4.572 0.000 999.99 0.259000  29.308 0.000  18.174 0.000  11.134 0.000  0.107 0.000 0.622 0.000
306.291667 307.291667  547.46 0.000   5.24 0.000 9.999 0.259000  0.50 0.000  0.105 0.000   3.145 0.000   5.661 0.000 999.99 0.259000  46.861 0.000  32.159 0.000  14.702 0.000  0.164 0.000 0.797 0.000
309.291667 310.291667  324.53 0.000   4.43 0.000 9.999 0.259000  0.21 0.000  0.164 0.000   4.795 0.000   8.632 0.000 999.99 0.259000  31.924 0.000  18.100 0.000  13.822 0.000  0.177 0.000 0.540 0.000
312.291667 313.291667  540.26 0.000   8.03 0.000 0.027 0.000000  0.94 0.000  0.122 0.000   3.570 0.000   6.425 0.000 999.99 0.259000  47.547 0.000  32.052 0.000  15.496 0.000  0.185 0.000 0.784 0.000
315.291667 316.291667  270.75 0.000   3.83 0.000 9.999 0.259000  0.16 0.000  0.301 0.000   4.059 0.000   7.305 0.000 999.99 0.259000  31.135 0.000  19.404 0.000  11.729 0.000  0.146 0.000 0.328 0.000
318.291667 319.291667  236.11 0.000   2.06 0.000 9.999 0.259000 99.99 0.259  0.106 0.000   2.120 0.000   3.816 0.000 999.99 0.259000  23.152 0.000  16.266 0.000   7.117 0.000  0.090 0.000 0.183 0.000
321.291667 322.291667  377.29 0.000   2.16 0.000 9.999 0.259000 99.99 0.259  0.023 0.000   2.566 0.000   4.618 0.000 999.99 0.259000  25.809 0.000  17.242 0.000   8.565 0.000  0.106 0.000 0.140 0.000
324.291667 325.291667  570.47 0.000   3.91 0.000 9.999 0.259000  0.82 0.000  0.154 0.000   5.289 0.000   9.520 0.000 999.99 0.259000  42.507 0.000  26.491 0.000  16.017 0.000  0.193 0.000 0.220 0.000
327.291667 328.291667  653.13 0.000   6.09 0.000 0.079 0.000000  0.43 0.000  0.361 0.000   5.773 0.000  10.391 0.000 999.99 0.259000  50.505 0.000  30.924 0.000  19.584 0.000  0.311 0.000 0.257 0.000
330.291667 331.291667  245.86 0.000   0.62 0.000 9.999 0.259000 99.99 0.259  0.011 0.000   0.912 0.000   1.642 0.000 999.99 0.259000  16.092 0.000  11.020 0.000   5.072 0.000  0.085 0.000 0.056 0.000
333.291667 334.291667  828.91 0.000   8.50 0.000 9.999 0.259000  2.07 0.000  0.769 0.000   7.026 0.000  12.647 0.000 999.99 0.259000  62.752 0.000  37.710 0.000  25.046 0.000  0.285 0.000 0.204 0.000
336.291667 337.291667  402.83 0.000   5.55 0.000 0.096 0.000000  0.59 0.000  0.443 0.000   3.620 0.000   6.516 0.000  49.93 0.000000  39.407 0.000  26.317 0.000  13.092 0.000  0.211 0.000 0.206 0.000
339.291667 340.291667  555.15 0.000   5.13 0.000 0.071 0.000000  0.42 0.000  0.498 0.000   7.362 0.000  13.253 0.000 999.99 0.259000  54.022 0.000  32.404 0.000  21.986 0.000  0.257 0.000 0.148 0.000
342.291667 343.291667  690.00 0.000   6.57 0.000 9.999 0.259000  0.31 0.000  0.345 0.000   7.914 0.000  14.245 0.000 999.99 0.259000  61.834 0.000  39.962 0.000  21.876 0.000  0.260 0.000 0.315 0.000
345.291667 346.291667  918.89 0.699  12.81 0.699 9.999 0.699259  0.85 0.699  1.282 0.000   9.175 0.000  16.516 0.000 999.99 0.699259  90.208 0.659  53.680 0.699  36.531 0.659  0.403 0.699 0.356 0.000
348.291667 349.291667  644.30 0.000   3.84 0.000 0.171 0.000000  0.27 0.000  0.300 0.000   3.343 0.000   6.018 0.000  52.20 0.000000  48.147 0.000  32.790 0.000  15.356 0.000  0.200 0.000 0.134 0.000
351.291667 352.291667  575.53 0.000  13.45 0.000 0.096 0.000000  0.25 0.000  0.901 0.000  10.026 0.000  18.046 0.000 999.99 0.259000  53.268 0.000  26.166 0.000  27.099 0.000  0.355 0.000 0.276 0.000
354.291667 355.291667  964.96 0.000   9.22 0.000 0.151 0.000000  2.30 0.000  1.461 0.000   7.927 0.000  14.269 0.000 999.99 0.259000  77.320 0.000  44.179 0.000  33.136 0.000  0.288 0.000 0.245 0.000
357.291667 358.291667  521.89 0.000   6.78 0.000 0.056 0.000000  0.56 0.000  0.952 0.000   8.968 0.000  16.142 0.000 999.99 0.259000  53.169 0.000  27.573 0.000  25.594 0.000  0.293 0.000 0.215 0.000
360.291667 361.291667  274.15 0.000   2.25 0.000 0.047 0.000000 99.99 0.259  0.381 0.000   2.861 0.000   5.150 0.000  27.29 0.000000  36.943 0.000  27.777 0.000   9.642 0.000  0.114 0.000 0.159 0.000
363.291667 364.291667  608.29 0.000   6.21 0.000 0.127 0.000000  0.23 0.000  1.131 0.000   6.254 0.000  11.257 0.000  46.73 0.000000  57.774 0.000  34.081 0.000  23.689 0.000  0.270 0.000 0.188 0.000
