scripts/IMPROVE-2019_partial/data/US0031R.19900103100000.20191216000000.filterpack...1y.3d.US03L_filterpack_US0031.US03L_IMPROVE_Davis.lev2.nas
52 1001
MISSING INFORMATION
US03L, IMPROVE, , , , , , , 
MISSING INFORMATION
IMPROVE sel_HTAP
1 1
1990 01 01 2019 12 16
0
days from file reference point
5
1 1 1 1 1
999.999999 9999.999 9.999 999.999 9.999999
end_time of measurement, days from the file reference point
pm10_mass, ug/m3, Matrix=pm10
numflag pm10_mass, no unit, Matrix=pm10
pm25_mass, ug/m3, Matrix=pm25
numflag pm25_mass, no unit, Matrix=pm25
0
33
Data definition:              EBAS_1.1
Set type code:                TI
Timezone:                     UTC
File name:                    US0031R.19900103100000.20191216000000.filterpack...1y.3d.US03L_filterpack_US0031.US03L_IMPROVE_Davis.lev2.nas
File creation:                20191218115728
Startdate:                    19900103100000
Revision date:                20191216000000
Version:                      2
Version description:          "Data extracted from http://views.cira.colostate.edu/fed/DataWizard 2019-12-16"
Statistics:                   arithmetic mean
Data level:                   2
Period code:                  1y
Resolution code:              3d
Sample duration:              1d
Orig. time res.:              3d
Station code:                 US0031R
Platform code:                US0031S
Station name:                 Hawaii Volcanoes NP
Station latitude:             19.4309
Station longitude:            -155.2579
Station altitude:             1258.0 m
Regime:                       IMG
Component:                    
Unit:                         ug/m3
Matrix:                       
Laboratory code:              US03L
Instrument type:              filterpack
Instrument name:              filterpack_US0031
Method ref:                   US03L_IMPROVE_Davis
Blank correction:             Blank corrected
Volume std. temperature:      ambient
Volume std. pressure:         ambient
starttime endtime PM10 flag_PM10 PM2.5 flag_PM2.5
  2.416667   3.416667 9999.999 0.999   1.548 0.000000
  5.416667   6.416667 9999.999 0.999   2.917 0.000000
  9.416667  10.416667 9999.999 0.999   1.500 0.000000
 12.416667  13.416667 9999.999 0.999   7.798 0.000000
 16.416667  17.416667 9999.999 0.999 999.999 0.259000
 19.416667  20.416667 9999.999 0.999   2.913 0.000000
 23.416667  24.416667 9999.999 0.999   1.522 0.000000
 26.416667  27.416667 9999.999 0.999   0.507 0.000000
 30.416667  31.416667 9999.999 0.999   1.009 0.000000
 33.416667  34.416667 9999.999 0.999   0.571 0.000000
 37.416667  38.416667 9999.999 0.999   2.871 0.000000
 40.416667  41.416667 9999.999 0.999   2.374 0.000000
 44.416667  45.416667   31.294 0.000 999.999 0.999000
 47.416667  48.416667    9.509 0.000   1.582 0.000000
 51.416667  52.416667   12.515 0.000   8.731 0.000000
 54.416667  55.416667   11.700 0.000   5.710 0.000000
 58.416667  59.416667 9999.999 0.999 999.999 0.999000
 61.416667  62.416667    6.707 0.000   0.682 0.000000
 65.416667  66.416667    9.882 0.000   0.904 0.000000
 68.416667  69.416667   13.333 0.000   0.994 0.000000
 72.416667  73.416667   46.023 0.000 999.999 0.999000
 75.416667  76.416667    6.575 0.000   3.561 0.000000
 79.416667  80.416667   43.514 0.000 999.999 0.999000
 82.416667  83.416667   14.857 0.000   6.391 0.000000
 86.416667  87.416667    5.170 0.000   2.119 0.000000
 89.416667  90.416667    4.252 0.000   1.886 0.000000
 93.416667  94.416667    3.102 0.000   2.071 0.000000
 96.416667  97.416667    9.301 0.000   4.349 0.000000
100.416667 101.416667   25.930 0.000   6.598 0.000000
103.416667 104.416667    8.114 0.000   3.284 0.000000
107.416667 108.416667    8.896 0.000   2.523 0.000000
110.416667 111.416667    5.610 0.000   1.231 0.000000
114.416667 115.416667   20.393 0.000 999.999 0.999000
117.416667 118.416667   49.613 0.000 999.999 0.999000
121.416667 122.416667    5.103 0.000   2.099 0.000000
124.416667 125.416667   11.973 0.000   1.548 0.000000
128.416667 129.416667    4.398 0.000   2.574 0.000000
131.416667 132.416667    6.409 0.000   2.101 0.000000
135.416667 136.416667    9.679 0.000   1.873 0.000000
138.416667 139.416667   17.500 0.000   2.115 0.000000
142.416667 143.416667    5.000 0.000   0.595 0.000000
145.416667 146.416667   29.845 0.000   3.065 0.000000
149.416667 150.416667    5.034 0.000   1.970 0.000000
152.416667 153.416667    9.176 0.000   2.275 0.000000
156.416667 157.416667    7.622 0.000   2.360 0.000000
159.416667 160.416667   37.113 0.000   2.773 0.000000
163.416667 164.416667    6.612 0.000   2.305 0.000000
166.416667 167.416667    2.539 0.000   0.689 0.000000
170.416667 171.416667    6.335 0.000 999.999 0.999000
173.416667 174.416667   20.074 0.000 999.999 0.999000
177.416667 178.416667    3.547 0.000   0.828 0.000000
180.416667 181.416667   13.935 0.000   3.757 0.000000
184.416667 185.416667   18.000 0.000   3.940 0.000000
187.416667 188.416667   43.121 0.000   1.536 0.000000
191.416667 192.416667    5.000 0.000   1.672 0.000000
194.416667 195.416667   21.429 0.000 999.999 0.999000
198.416667 199.416667    1.463 0.000 999.999 0.999000
201.416667 202.416667   27.680 0.000  10.804 0.000000
205.416667 206.416667    8.764 0.000 999.999 0.999000
208.416667 209.416667   23.989 0.000   4.320 0.000000
212.416667 213.416667   30.000 0.000   1.306 0.000000
215.416667 216.416667   16.798 0.000 999.999 0.999000
219.416667 220.416667    9.468 0.000   4.661 0.000000
222.416667 223.416667   12.635 0.000   1.475 0.000000
226.416667 227.416667    4.857 0.000   2.811 0.000000
229.416667 230.416667   14.366 0.000   4.556 0.000000
233.416667 234.416667    3.824 0.000   2.035 0.000000
236.416667 237.416667    6.471 0.000   1.858 0.000000
240.416667 241.416667 9999.999 0.999  13.314 0.000000
243.416667 244.416667   25.504 0.000  18.283 0.559000
247.416667 248.416667   18.027 0.000 999.999 0.559259
250.416667 251.416667 9999.999 0.999 999.999 0.559259
254.416667 255.416667   15.873 0.000   2.360 0.559000
257.416667 258.416667   27.535 0.000   2.625 0.559000
261.416667 262.416667    4.545 0.000   1.834 0.559000
264.416667 265.416667   18.667 0.000 999.999 0.559259
268.416667 269.416667   11.279 0.000   4.702 0.559000
271.416667 272.416667    5.521 0.000   1.012 0.559000
275.416667 276.416667    8.375 0.000 999.999 0.559259
278.416667 279.416667   14.648 0.000   2.239 0.559000
282.416667 283.416667  105.761 0.000 999.999 0.559259
285.416667 286.416667   12.121 0.000   3.303 0.559000
289.416667 290.416667 9999.999 0.999   2.321 0.559000
292.416667 293.416667   54.157 0.000  22.326 0.559000
296.416667 297.416667    3.871 0.000   0.979 0.559000
299.416667 300.416667   12.453 0.000 999.999 0.559259
303.416667 304.416667    6.783 0.000   1.726 0.559000
306.416667 307.416667    8.795 0.000   1.796 0.559000
310.416667 311.416667   23.118 0.000  11.802 0.559000
313.416667 314.416667   21.084 0.000   5.135 0.559000
317.416667 318.416667    8.721 0.000 999.999 0.559259
320.416667 321.416667   19.000 0.000 999.999 0.559259
324.416667 325.416667 9999.999 0.999 999.999 0.999000
327.416667 328.416667 9999.999 0.999 999.999 0.999000
331.416667 332.416667 9999.999 0.999 999.999 0.999000
334.416667 335.416667 9999.999 0.999 999.999 0.999000
338.416667 339.416667 9999.999 0.999 999.999 0.999000
341.416667 342.416667 9999.999 0.999 999.999 0.999000
345.416667 346.416667 9999.999 0.999 999.999 0.999000
348.416667 349.416667 9999.999 0.999 999.999 0.999000
352.416667 353.416667 9999.999 0.999 999.999 0.999000
355.416667 356.416667 9999.999 0.999 999.999 0.999000
359.416667 360.416667 9999.999 0.999 999.999 0.999000
362.416667 363.416667 9999.999 0.999 999.999 0.999000
