scripts/IMPROVE-2019_partial/data/US0056R.20110103070000.20191216000000.filterpack...1y.3d.US03L_filterpack_US0056.US03L_IMPROVE_Davis.lev2.nas
52 1001
MISSING INFORMATION
US03L, IMPROVE, , , , , , , 
MISSING INFORMATION
IMPROVE sel_HTAP
1 1
2011 01 01 2019 12 16
3.000000
days from file reference point
5
1 1 1 1 1
999.999999 999.999 9.999 999.999 9.999
end_time of measurement, days from the file reference point
pm10_mass, ug/m3, Matrix=pm10
numflag pm10_mass, no unit, Matrix=pm10
pm25_mass, ug/m3, Matrix=pm25
numflag pm25_mass, no unit, Matrix=pm25
0
33
Data definition:              EBAS_1.1
Set type code:                TU
Timezone:                     UTC
File name:                    US0056R.20110103070000.20191216000000.filterpack...1y.3d.US03L_filterpack_US0056.US03L_IMPROVE_Davis.lev2.nas
File creation:                20191218115854
Startdate:                    20110103070000
Revision date:                20191216000000
Version:                      2
Version description:          "Data extracted from http://views.cira.colostate.edu/fed/DataWizard 2019-12-16"
Statistics:                   arithmetic mean
Data level:                   2
Period code:                  1y
Resolution code:              3d
Sample duration:              1d
Orig. time res.:              3d
Station code:                 US0056R
Platform code:                US0056S
Station name:                 Fort Peck (IMPROVE)
Station latitude:             48.308
Station longitude:            -105.1022
Station altitude:             638.0 m
Regime:                       IMG
Component:                    
Unit:                         ug/m3
Matrix:                       
Laboratory code:              US03L
Instrument type:              filterpack
Instrument name:              filterpack_US0056
Method ref:                   US03L_IMPROVE_Davis
Blank correction:             Blank corrected
Volume std. temperature:      ambient
Volume std. pressure:         ambient
starttime endtime PM10 flag_PM10 PM2.5 flag_PM2.5
  2.291667   3.291667 999.999 0.999 999.999 0.999
  5.291667   6.291667   2.176 0.000   1.052 0.000
  8.291667   9.291667   3.073 0.000   2.333 0.000
 11.291667  12.291667   7.622 0.000   3.528 0.000
 14.291667  15.291667 999.999 0.999 999.999 0.999
 17.291667  18.291667 999.999 0.999 999.999 0.999
 20.291667  21.291667 999.999 0.999 999.999 0.999
 23.291667  24.291667 999.999 0.999 999.999 0.999
 26.291667  27.291667 999.999 0.999 999.999 0.999
 29.291667  30.291667 999.999 0.999 999.999 0.999
 32.291667  33.291667 999.999 0.999 999.999 0.999
 35.291667  36.291667 999.999 0.999 999.999 0.999
 38.291667  39.291667 999.999 0.999 999.999 0.999
 41.291667  42.291667 999.999 0.999 999.999 0.999
 44.291667  45.291667 999.999 0.999 999.999 0.999
 47.291667  48.291667  38.355 0.000   4.770 0.000
 50.291667  51.291667  25.896 0.000   4.484 0.000
 53.291667  54.291667   5.281 0.000   3.018 0.000
 56.291667  57.291667   4.773 0.000   3.047 0.000
 59.291667  60.291667  17.654 0.000   4.805 0.000
 62.291667  63.291667  13.211 0.000   7.597 0.000
 65.291667  66.291667   6.043 0.000   4.260 0.000
 68.291667  69.291667   6.312 0.000   2.849 0.000
 71.291667  72.291667   8.776 0.000   7.059 0.000
 74.291667  75.291667 999.999 0.999 999.999 0.999
 77.291667  78.291667   7.178 0.000   6.713 0.000
 80.291667  81.291667   2.829 0.000   2.272 0.000
 83.291667  84.291667  12.589 0.000  12.216 0.000
 86.291667  87.291667  15.962 0.000  15.904 0.000
 89.291667  90.291667   2.113 0.000   0.796 0.000
 92.291667  93.291667   2.778 0.000   1.974 0.000
 95.291667  96.291667 999.999 0.999 999.999 0.999
 98.291667  99.291667 999.999 0.999 999.999 0.999
101.291667 102.291667   2.403 0.000   1.182 0.000
104.291667 105.291667   3.691 0.000   2.557 0.000
107.291667 108.291667   2.644 0.000   2.523 0.000
110.291667 111.291667   6.018 0.000   3.341 0.000
113.291667 114.291667   6.330 0.000   4.235 0.000
116.291667 117.291667   4.266 0.000   3.012 0.000
119.291667 120.291667 999.999 0.999 999.999 0.999
122.291667 123.291667   4.181 0.000   1.403 0.000
125.291667 126.291667   8.252 0.000   2.783 0.000
128.291667 129.291667   3.383 0.000   1.906 0.000
131.291667 132.291667   3.180 0.000   2.382 0.000
134.291667 135.291667   7.665 0.000   3.407 0.000
137.291667 138.291667  11.441 0.000   4.637 0.000
140.291667 141.291667   4.337 0.000   2.524 0.000
143.291667 144.291667   5.962 0.000   3.901 0.000
146.291667 147.291667   3.413 0.000   1.317 0.000
149.291667 150.291667   2.496 0.000   1.552 0.000
152.291667 153.291667  11.423 0.000   4.869 0.000
155.291667 156.291667   9.090 0.000   6.912 0.000
158.291667 159.291667  10.853 0.000   8.111 0.000
161.291667 162.291667   6.508 0.000   2.535 0.000
164.291667 165.291667   4.305 0.000   1.792 0.000
167.291667 168.291667   3.897 0.000   1.837 0.000
170.291667 171.291667   4.962 0.000   2.462 0.000
173.291667 174.291667  11.440 0.000   5.196 0.000
176.291667 177.291667   5.371 0.000   2.293 0.000
179.291667 180.291667 999.999 0.999 999.999 0.999
182.291667 183.291667   8.631 0.000   3.180 0.000
185.291667 186.291667  12.956 0.000   4.328 0.000
188.291667 189.291667   9.891 0.000   5.393 0.000
191.291667 192.291667   7.117 0.000   2.925 0.000
194.291667 195.291667   9.174 0.000   3.991 0.000
197.291667 198.291667   9.815 0.000   4.824 0.000
200.291667 201.291667  11.207 0.000   2.689 0.000
203.291667 204.291667   6.825 0.000   2.814 0.000
206.291667 207.291667 999.999 0.456   3.741 0.000
209.291667 210.291667  16.183 0.000   4.375 0.000
212.291667 213.291667  19.135 0.000   6.271 0.000
215.291667 216.291667  15.665 0.000   5.095 0.000
218.291667 219.291667   9.853 0.000   5.133 0.000
221.291667 222.291667   8.261 0.000   3.936 0.000
224.291667 225.291667   7.250 0.000   4.668 0.000
227.291667 228.291667 999.999 0.999 999.999 0.999
230.291667 231.291667   7.172 0.000   2.883 0.000
233.291667 234.291667  11.203 0.000   4.610 0.000
236.291667 237.291667  19.077 0.000   5.657 0.000
239.291667 240.291667   9.448 0.000   4.245 0.000
242.291667 243.291667  21.241 0.000   7.932 0.000
245.291667 246.291667   5.182 0.000   2.446 0.000
248.291667 249.291667  10.739 0.000   3.831 0.000
251.291667 252.291667  19.681 0.000   6.970 0.000
254.291667 255.291667  12.837 0.000   5.220 0.000
257.291667 258.291667  12.388 0.000   3.507 0.000
260.291667 261.291667   6.065 0.000   2.287 0.000
263.291667 264.291667   4.677 0.000   3.159 0.000
266.291667 267.291667   7.246 0.000   2.702 0.000
269.291667 270.291667   7.004 0.000   2.372 0.000
272.291667 273.291667  16.826 0.000   4.398 0.000
275.291667 276.291667  36.788 0.000  10.836 0.000
278.291667 279.291667  26.211 0.000   8.366 0.000
281.291667 282.291667   4.546 0.000   2.185 0.000
284.291667 285.291667   2.701 0.000   1.197 0.000
287.291667 288.291667   3.711 0.000   1.934 0.000
290.291667 291.291667   7.889 0.000   3.102 0.000
293.291667 294.291667  11.282 0.000   5.372 0.000
296.291667 297.291667   6.814 0.000   2.590 0.000
299.291667 300.291667   3.492 0.000   2.083 0.000
302.291667 303.291667   5.351 0.000   1.834 0.000
305.291667 306.291667   5.385 0.000   2.143 0.000
308.291667 309.291667  17.787 0.000   9.755 0.000
311.291667 312.291667   3.913 0.000   2.775 0.000
314.291667 315.291667   5.553 0.000   3.311 0.000
317.291667 318.291667   1.746 0.000   0.747 0.000
320.291667 321.291667   6.559 0.000   2.010 0.000
323.291667 324.291667   3.448 0.000   2.617 0.000
326.291667 327.291667   1.266 0.000   1.025 0.000
329.291667 330.291667   2.223 0.000   1.085 0.000
332.291667 333.291667   4.409 0.000   1.774 0.000
335.291667 336.291667   2.220 0.000   1.375 0.000
338.291667 339.291667   3.306 0.000   2.642 0.000
341.291667 342.291667   3.371 0.000   2.712 0.000
344.291667 345.291667   5.357 0.000   4.856 0.000
347.291667 348.291667   5.906 0.000   5.635 0.000
350.291667 351.291667   2.026 0.000   1.602 0.000
353.291667 354.291667   1.661 0.000   0.930 0.000
356.291667 357.291667   2.342 0.000   1.050 0.000
359.291667 360.291667   2.525 0.000   0.926 0.000
362.291667 363.291667   2.155 0.000   1.679 0.000
