scripts/IMPROVE-2019_partial/data/US0037R.20030103050000.20191216000000.filterpack..pm25.1y.1w.US03L_filterpack_US0037.US03L_IMPROVE_Davis.lev2.nas
66 1001
MISSING INFORMATION
US03L, IMPROVE, , , , , , , 
MISSING INFORMATION
IMPROVE sel_HTAP
1 1
2003 01 01 2019 12 16
3.000000
days from file reference point
27
1 1 1 1 1 1 1 1 1 1 1 1 1 1 1 1 1 1 1 1 1 1 1 1 1 1 1
999.999999 9999.99 9.999 99.99 9.999 9.999 9.999999 9.99 9.999999 99.999 9.999 99.999 9.999 99.999 9.999 99.99 9.999999 999.999 9.999 999.999 9.999 999.999 9.999 9.999 9.999 99.999 9.999
end_time of measurement, days from the file reference point
iron, ng/m3, Revision date=20181210133000
numflag iron, no unit, Revision date=20181210133000
lead, ng/m3, Revision date=20181210133000
numflag lead, no unit, Revision date=20181210133000
magnesium, ug/m3, Revision date=20181210133000
numflag magnesium, no unit, Revision date=20181210133000
nickel, ng/m3, Revision date=20181210133000
numflag nickel, no unit, Revision date=20181210133000
nitrate, ug N/m3, Revision date=20181210133000
numflag nitrate, no unit, Revision date=20181210133000
organic_carbon, ug C/m3, Revision date=20181210133000
numflag organic_carbon, no unit, Revision date=20181210133000
organic_mass, ug/m3, Revision date=20181210133000
numflag organic_mass, no unit, Revision date=20181210133000
phosphorus, ng/m3, Revision date=20181210133000
numflag phosphorus, no unit, Revision date=20181210133000
pm10_mass, ug/m3, Version=2, Version description=Data extracted from http://views.cira.colostate.edu/fed/DataWizard 2019-12-16, Sample duration=1d, Orig. time res.=3d, Matrix=pm10, Blank correction=Blank corrected, Volume std. temperature=ambient, Volume std. pressure=ambient
numflag pm10_mass, no unit, Version=2, Version description=Data extracted from http://views.cira.colostate.edu/fed/DataWizard 2019-12-16, Sample duration=1d, Orig. time res.=3d, Matrix=pm10, Blank correction=Blank corrected, Volume std. temperature=ambient, Volume std. pressure=ambient
pm10_pm25_mass, ug/m3, Revision date=20181210133000, Matrix=pm10_pm25
numflag pm10_pm25_mass, no unit, Revision date=20181210133000, Matrix=pm10_pm25
pm25_mass, ug/m3, Version=2, Version description=Data extracted from http://views.cira.colostate.edu/fed/DataWizard 2019-12-16, Sample duration=1d, Orig. time res.=3d, Blank correction=Blank corrected, Volume std. temperature=ambient, Volume std. pressure=ambient
numflag pm25_mass, no unit, Version=2, Version description=Data extracted from http://views.cira.colostate.edu/fed/DataWizard 2019-12-16, Sample duration=1d, Orig. time res.=3d, Blank correction=Blank corrected, Volume std. temperature=ambient, Volume std. pressure=ambient
potassium, ug/m3, Revision date=20181210133000
numflag potassium, no unit, Revision date=20181210133000
sulphate_total, ug S/m3, Revision date=20181210133000
numflag sulphate_total, no unit, Revision date=20181210133000
0
25
Data definition:              EBAS_1.1
Set type code:                TU
Timezone:                     UTC
File name:                    US0037R.20030103050000.20191216000000.filterpack..pm25.1y.1w.US03L_filterpack_US0037.US03L_IMPROVE_Davis.lev2.nas
File creation:                20191218115746
Startdate:                    20030103050000
Revision date:                20191216000000
Statistics:                   arithmetic mean
Data level:                   2
Period code:                  1y
Resolution code:              1w
Station code:                 US0037R
Platform code:                US0037S
Station name:                 Livonia
Station latitude:             38.5346
Station longitude:            -86.2604
Station altitude:             281.0 m
Regime:                       IMG
Component:                    
Matrix:                       pm25
Laboratory code:              US03L
Instrument type:              filterpack
Instrument name:              filterpack_US0037
Method ref:                   US03L_IMPROVE_Davis
starttime endtime Fe flag_Fe Pb flag_Pb Mg++ flag_Mg++ Ni flag_Ni NO3- flag_NO3- OC flag_OC OM flag_OM P flag_P PM10 flag_PM10 PM10-PM2.5 flag_PM10-PM2.5 PM2.5 flag_PM2.5 K+ flag_K+ SO4-- flag_SO4--
  2.208333   3.208333   22.80 0.000  2.77 0.000 9.999 0.259000 0.19 0.000000  0.528 0.559  0.765 0.000  1.072 0.000 99.99 0.259000  10.210 0.000   1.771 0.000   8.439 0.000 0.030 0.000  0.966 0.559
  5.208333   6.208333   12.15 0.000  2.36 0.000 9.999 0.259000 9.99 0.259000  0.840 0.559  1.081 0.000  1.514 0.000 99.99 0.259000  11.793 0.000   1.740 0.000  10.053 0.000 0.038 0.000  0.780 0.559
  8.208333   9.208333   18.16 0.000  1.08 0.000 0.016 0.000000 9.99 0.259000  0.125 0.559  0.793 0.000  1.110 0.000 99.99 0.259000   9.028 0.000   5.424 0.000   3.604 0.000 0.029 0.000  0.280 0.559
 11.208333  12.208333   14.68 0.000  1.62 0.000 9.999 0.259000 9.99 0.259000  0.342 0.559  0.685 0.000  0.959 0.000 99.99 0.259000  10.375 0.000   5.357 0.000   5.019 0.000 0.031 0.000  0.369 0.559
 14.208333  15.208333   26.21 0.000  1.11 0.000 9.999 0.259000 9.99 0.259000  0.484 0.559  0.822 0.000  1.151 0.000 99.99 0.259000  15.760 0.000  10.269 0.000   5.492 0.000 0.038 0.000  0.203 0.559
 17.208333  18.208333   20.36 0.000  2.35 0.000 0.053 0.000000 0.20 0.000000  1.049 0.559  1.389 0.000  1.944 0.000 99.99 0.259000  15.511 0.000   4.270 0.000  11.241 0.000 0.052 0.000  0.535 0.559
 20.208333  21.208333   30.96 0.000  3.13 0.000 9.999 0.259000 0.10 0.000000  1.156 0.000  1.360 0.000  1.904 0.000 99.99 0.259000  16.082 0.000   4.593 0.000  11.489 0.000 0.046 0.000  0.465 0.000
 23.208333  24.208333   27.53 0.000  2.36 0.000 0.020 0.000000 0.22 0.000000  0.773 0.000  1.260 0.000  1.764 0.000 99.99 0.259000  18.282 0.000   8.083 0.000  10.199 0.000 0.060 0.000  0.648 0.000
 26.208333  27.208333   21.45 0.000  2.13 0.000 9.999 0.259000 0.19 0.000000  0.578 0.559  1.629 0.000  2.281 0.000 99.99 0.259000  13.639 0.000   5.133 0.000   8.507 0.000 0.062 0.000  0.510 0.559
 29.208333  30.208333   50.75 0.000  7.22 0.000 9.999 0.259000 0.33 0.000000  1.328 0.000  2.172 0.000  3.041 0.000 99.99 0.259000  27.079 0.000   3.398 0.000  23.681 0.000 0.080 0.000  2.820 0.000
 32.208333  33.208333   29.02 0.000  3.91 0.000 9.999 0.259000 9.99 0.259000  0.715 0.000  2.400 0.000  3.359 0.000 99.99 0.259000  13.930 0.000   1.954 0.000  11.976 0.000 0.053 0.000  1.167 0.000
 35.208333  36.208333   14.68 0.000  1.07 0.000 0.018 0.000000 9.99 0.259000  0.710 0.000  1.022 0.000  1.430 0.000 99.99 0.259000  11.382 0.000   4.467 0.000   6.915 0.000 0.036 0.000  0.434 0.000
 38.208333  39.208333   17.14 0.000  1.27 0.000 9.999 0.259000 9.99 0.259000  0.760 0.000  1.100 0.000  1.540 0.000 99.99 0.259000  10.354 0.000   2.384 0.000   7.970 0.000 0.041 0.000  0.583 0.000
 41.208333  42.208333   12.93 0.000  2.01 0.000 0.041 0.000000 9.99 0.259000  0.686 0.559  0.692 0.000  0.968 0.000 99.99 0.259000   9.829 0.000   2.527 0.000   7.302 0.000 0.028 0.000  0.635 0.559
 44.208333  45.208333   34.37 0.000  2.59 0.000 9.999 0.259000 0.20 0.000000  0.704 0.000  2.034 0.000  2.847 0.000 99.99 0.259000  13.930 0.000   4.514 0.000   9.416 0.000 0.060 0.000  0.566 0.000
 47.208333  48.208333   23.70 0.000  2.21 0.000 0.018 0.000000 0.17 0.000000  0.661 0.000  1.373 0.000  1.923 0.000 99.99 0.259000  10.623 0.000   1.012 0.000   9.611 0.000 0.049 0.000  0.870 0.000
 50.208333  51.208333   30.06 0.000  3.68 0.000 0.024 0.000000 0.18 0.000000  0.762 0.559  1.484 0.000  2.077 0.000 99.99 0.259000  13.113 0.000   0.139 0.000  12.973 0.000 0.068 0.000  1.583 0.559
 53.208333  54.208333   21.85 0.000  2.08 0.000 0.019 0.000000 9.99 0.259000  0.349 0.000  0.920 0.000  1.288 0.000 99.99 0.259000   9.780 0.000   1.052 0.000   8.728 0.000 0.039 0.000  1.186 0.000
 56.208333  57.208333   52.08 0.000  6.18 0.000 9.999 0.259000 0.22 0.000000  1.054 0.559  2.194 0.000  3.072 0.000 99.99 0.259000  21.949 0.000   5.289 0.000  16.661 0.000 0.072 0.000  1.678 0.559
 59.208333  60.208333   57.14 0.000  6.63 0.000 9.999 0.259000 0.35 0.000000  1.257 0.000  4.139 0.000  5.794 0.000 99.99 0.259000  33.276 0.000   3.902 0.000  29.373 0.000 0.111 0.000  4.022 0.000
 62.208333  63.208333   23.50 0.000  1.65 0.000 9.999 0.259000 9.99 0.259000  0.339 0.559  1.263 0.000  1.768 0.000 99.99 0.259000  10.650 0.000   3.515 0.000   7.136 0.000 0.037 0.000  1.005 0.559
 65.208333  66.208333   23.95 0.000  2.78 0.000 9.999 0.259000 0.40 0.000000  0.242 0.000  1.174 0.000  1.643 0.000 99.99 0.259000  15.409 0.000   3.980 0.000  11.429 0.000 0.031 0.000  2.296 0.000
 68.208333  69.208333   15.68 0.000  3.03 0.000 9.999 0.259000 9.99 0.259000  0.520 0.559  0.836 0.000  1.170 0.000 99.99 0.259000  10.293 0.000   3.813 0.000   6.479 0.000 0.034 0.000  0.539 0.559
 71.208333  72.208333   37.96 0.000  3.08 0.000 9.999 0.259000 0.26 0.000000  1.055 0.000  2.808 0.000  3.931 0.000 99.99 0.259000  26.175 0.000   4.018 0.000  22.157 0.000 0.089 0.000  2.323 0.000
 74.208333  75.208333   28.27 0.000  3.97 0.000 9.999 0.259000 0.20 0.000000  0.497 0.000  2.690 0.000  3.766 0.000 99.99 0.259000  18.803 0.000   2.306 0.000  16.497 0.000 0.072 0.000  2.448 0.000
 77.208333  78.208333   31.92 0.000  2.53 0.000 9.999 0.259000 0.19 0.000000  0.895 0.000  1.031 0.000  1.443 0.000 99.99 0.259000  13.767 0.000   3.863 0.000   9.904 0.000 0.044 0.000  1.095 0.000
 80.208333  81.208333   25.08 0.000  2.03 0.000 9.999 0.259000 9.99 0.259000  0.248 0.559  0.783 0.000  1.096 0.000 99.99 0.259000   7.513 0.000   3.358 0.000   4.155 0.000 0.039 0.000  0.560 0.559
 83.208333  84.208333   40.70 0.000  2.43 0.000 9.999 0.259000 0.12 0.000000  0.269 0.559  2.465 0.000  3.452 0.000 99.99 0.259000  14.569 0.000   4.573 0.000   9.996 0.000 0.079 0.000  0.867 0.559
 86.208333  87.208333   20.23 0.000  0.98 0.000 9.999 0.259000 0.24 0.000000  0.106 0.000  1.667 0.000  2.334 0.000 99.99 0.259000  14.498 0.000   3.493 0.000  11.005 0.000 0.041 0.000  1.577 0.000
 89.208333  90.208333   17.20 0.000  1.71 0.000 9.999 0.259000 0.10 0.000000  0.391 0.000  1.695 0.000  2.373 0.000 99.99 0.259000   9.640 0.000   3.280 0.000   6.361 0.000 0.047 0.000  0.665 0.000
 92.208333  93.208333   27.10 0.000  0.52 0.000 9.999 0.259000 0.21 0.000000  0.107 0.000  1.701 0.000  2.382 0.000 99.99 0.259000  16.894 0.000   8.147 0.000   8.747 0.000 0.036 0.000  1.198 0.000
 95.208333  96.208333   28.96 0.000  3.35 0.000 9.999 0.259000 0.36 0.000000  0.669 0.000  0.696 0.000  0.974 0.000 99.99 0.259000  11.547 0.000   1.189 0.000  10.358 0.000 0.037 0.000  1.338 0.000
 98.208333  99.208333   35.26 0.000  2.18 0.000 9.999 0.259000 0.31 0.000000  0.677 0.000  1.010 0.000  1.413 0.000 99.99 0.259000  16.108 0.000   1.311 0.000  14.797 0.000 0.031 0.000  2.505 0.000
101.208333 102.208333   35.10 0.000  4.61 0.000 9.999 0.259000 0.14 0.000000  0.655 0.000  2.057 0.000  2.880 0.000 99.99 0.259000  14.788 0.000   6.911 0.000   7.876 0.000 0.064 0.000  0.654 0.000
104.208333 105.208333   58.48 0.000  2.26 0.000 9.999 0.259000 0.12 0.000000  0.103 0.000  4.498 0.000  6.298 0.000 99.99 0.259000  23.323 0.000   6.898 0.000  16.425 0.000 0.088 0.000  1.454 0.000
107.208333 108.208333   54.54 0.000  3.54 0.000 9.999 0.259000 9.99 0.259000 99.999 0.456  1.464 0.000  2.050 0.000 99.99 0.259000  32.353 0.000   9.067 0.000  23.286 0.000 0.066 0.000 99.999 0.456
110.208333 111.208333   10.60 0.000  0.77 0.000 9.999 0.259000 0.21 0.000000  0.157 0.559  0.512 0.000  0.718 0.000 99.99 0.259000   8.129 0.000   3.384 0.000   4.745 0.000 0.015 0.000  0.814 0.559
113.208333 114.208333   77.91 0.000  3.93 0.000 9.999 0.259000 0.10 0.000000  0.303 0.000  1.826 0.000  2.556 0.000 99.99 0.259000  15.809 0.000   7.717 0.000   8.092 0.000 0.077 0.000  0.862 0.000
116.208333 117.208333   72.92 0.000  4.57 0.000 9.999 0.259000 0.24 0.000000  0.613 0.000  1.880 0.000  2.632 0.000 99.99 0.259000  16.013 0.000   6.285 0.000   9.728 0.000 0.079 0.000  1.089 0.000
119.208333 120.208333   58.60 0.000  2.37 0.000 9.999 0.259000 0.12 0.000000  0.140 0.000  2.171 0.000  3.039 0.000 99.99 0.259000  23.067 0.000   7.169 0.000  15.898 0.000 0.056 0.000  2.296 0.000
122.208333 123.208333   33.70 0.000  4.15 0.000 9.999 0.259000 9.99 0.259000  0.662 0.000  1.058 0.000  1.482 0.000 99.99 0.259000  12.752 0.000   2.911 0.000   9.840 0.000 0.029 0.000  1.564 0.000
125.208333 126.208333   65.77 0.000  0.94 0.000 9.999 0.259000 0.17 0.000000  0.124 0.559  1.182 0.000  1.654 0.000 99.99 0.259000  18.016 0.000   5.384 0.000  12.632 0.000 0.090 0.000  1.956 0.559
128.208333 129.208333   85.40 0.000  1.27 0.000 9.999 0.259000 0.26 0.000000  0.300 0.000  2.548 0.000  3.567 0.000 99.99 0.259000  29.686 0.000  14.188 0.000  15.498 0.000 0.129 0.000  1.747 0.000
131.208333 132.208333   16.98 0.000  0.53 0.000 9.999 0.259000 9.99 0.259000  0.024 0.559  0.939 0.000  1.314 0.000 99.99 0.259000   9.327 0.000   5.325 0.000   4.002 0.000 0.018 0.000  0.386 0.559
134.208333 135.208333   24.66 0.000  1.15 0.000 9.999 0.259000 9.99 0.259000  0.174 0.000  1.149 0.000  1.608 0.000 99.99 0.259000  16.975 0.000  10.120 0.000   6.855 0.000 0.032 0.000  0.905 0.000
137.208333 138.208333   18.59 0.394  1.17 0.394 9.999 0.394259 9.99 0.394259  0.225 0.394  1.345 0.000  1.882 0.000 99.99 0.394259  13.687 0.000   5.632 0.000   8.055 0.000 0.042 0.394  0.985 0.394
140.208333 141.208333   19.73 0.000  1.70 0.000 9.999 0.259000 0.12 0.000000  0.146 0.000  1.215 0.000  1.700 0.000 99.99 0.259000  11.177 0.000   4.984 0.000   6.193 0.000 0.028 0.000  0.856 0.000
143.208333 144.208333   42.40 0.000  3.52 0.000 0.025 0.000000 0.15 0.000000  0.357 0.000  2.070 0.000  2.898 0.000 99.99 0.259000  19.518 0.000   7.535 0.000  11.984 0.000 0.038 0.000  1.608 0.000
146.208333 147.208333   23.22 0.000  3.51 0.000 9.999 0.259000 0.14 0.000000  0.190 0.000  2.119 0.000  2.966 0.000 99.99 0.259000  18.287 0.000   7.684 0.000  10.603 0.000 0.043 0.000  1.448 0.000
149.208333 150.208333   35.50 0.000  2.07 0.000 9.999 0.259000 0.07 0.000000  0.539 0.000  2.115 0.000  2.961 0.000 99.99 0.259000  19.149 0.000   7.718 0.000  11.431 0.000 0.040 0.000  1.548 0.000
152.208333 153.208333   32.55 0.000  3.04 0.000 9.999 0.259000 0.21 0.000000  0.263 0.000  2.256 0.000  3.159 0.000 99.99 0.259000  14.218 0.000   5.332 0.000   8.885 0.000 0.049 0.000  0.624 0.000
155.208333 156.208333   29.77 0.000  2.54 0.000 9.999 0.259000 9.99 0.259000  0.412 0.000  2.778 0.000  3.889 0.000 99.99 0.259000  17.258 0.000   5.563 0.000  11.696 0.000 0.051 0.000  1.065 0.000
158.208333 159.208333   23.53 0.000  2.13 0.000 9.999 0.259000 9.99 0.259000  0.296 0.000  1.890 0.000  2.645 0.000 99.99 0.259000  18.121 0.000   3.121 0.000  15.000 0.000 0.035 0.000  2.272 0.000
161.208333 162.208333   20.16 0.000  0.98 0.000 0.069 0.000000 0.11 0.000000  0.191 0.000  0.724 0.000  1.014 0.000 99.99 0.259000  10.335 0.000   5.149 0.000   5.186 0.000 0.035 0.000  0.719 0.000
164.208333 165.208333   20.30 0.000  1.89 0.000 9.999 0.259000 0.20 0.000000  0.231 0.000  1.109 0.000  1.552 0.000 99.99 0.259000  17.279 0.000   3.698 0.000  13.582 0.000 0.038 0.000  2.340 0.000
167.208333 168.208333   32.74 0.000  3.66 0.000 9.999 0.259000 0.17 0.000000  0.260 0.000  2.622 0.000  3.671 0.000 99.99 0.259000  25.841 0.000   4.108 0.000  21.733 0.000 0.041 0.000  3.598 0.000
170.208333 171.208333   17.95 0.000  1.34 0.000 9.999 0.259000 0.11 0.000000  0.165 0.000  1.198 0.000  1.677 0.000 99.99 0.259000  11.438 0.000   6.696 0.000   4.742 0.000 0.021 0.000  0.414 0.000
173.208333 174.208333   28.09 0.000  2.11 0.000 9.999 0.259000 0.25 0.000000  0.078 0.000  3.101 0.000  4.341 0.000 99.99 0.259000  23.407 0.000   3.349 0.000  20.058 0.000 0.039 0.000  2.848 0.000
176.208333 177.208333   22.24 0.000  1.34 0.000 9.999 0.259000 0.18 0.000000  0.123 0.000  2.505 0.000  3.508 0.000 99.99 0.259000  24.959 0.000   8.663 0.000  16.296 0.000 0.042 0.000  2.030 0.000
179.208333 180.208333   19.10 0.000  2.49 0.000 9.999 0.259000 0.15 0.000000  0.055 0.000  2.802 0.000  3.922 0.000 99.99 0.259000  21.524 0.000   3.978 0.000  17.546 0.000 0.062 0.000  2.396 0.000
182.208333 183.208333  269.36 0.000  1.45 0.000 9.999 0.259000 0.20 0.000000  0.217 0.000  1.145 0.000  1.604 0.000 99.99 0.259000  26.803 0.000   8.809 0.000  17.994 0.000 0.103 0.000  2.521 0.000
185.208333 186.208333   65.47 0.000  7.29 0.000 9.999 0.259000 9.99 0.259000  0.093 0.000  2.650 0.000  3.709 0.000 99.99 0.259000  28.468 0.000   4.442 0.000  24.026 0.000 0.310 0.000  3.793 0.000
188.208333 189.208333  230.87 0.000  1.97 0.000 9.999 0.259000 0.23 0.000000  0.113 0.000  1.580 0.000  2.212 0.000 99.99 0.259000  25.731 0.000  11.448 0.000  14.284 0.000 0.102 0.000  1.491 0.000
191.208333 192.208333   10.58 0.000  1.11 0.000 0.040 0.000000 0.05 0.000000  0.031 0.000  0.742 0.000  1.039 0.000 99.99 0.259000  10.825 0.000   6.370 0.000   4.455 0.000 0.014 0.000  0.493 0.000
194.208333 195.208333   27.93 0.000  2.03 0.000 9.999 0.259000 0.07 0.000000  0.089 0.000  1.803 0.000  2.524 0.000 99.99 0.259000  25.327 0.000   3.382 0.000  21.944 0.000 0.036 0.000  3.979 0.000
197.208333 198.208333   18.74 0.000  1.91 0.000 9.999 0.259000 0.11 0.000000  0.065 0.000  2.173 0.000  3.042 0.000 99.99 0.259000  16.285 0.000   5.608 0.000  10.677 0.000 0.034 0.000  1.273 0.000
200.208333 201.208333   40.26 0.000  3.51 0.000 9.999 0.259000 0.10 0.000000  0.057 0.000  2.295 0.000  3.213 0.000 99.99 0.259000  41.708 0.000   6.767 0.000  34.940 0.000 0.042 0.000  7.136 0.000
203.208333 204.208333   14.54 0.000  2.36 0.000 9.999 0.259000 9.99 0.259000  0.196 0.000  1.278 0.000  1.789 0.000 99.99 0.259000  15.073 0.000   7.049 0.000   8.025 0.000 0.028 0.000  0.947 0.000
206.208333 207.208333   36.71 0.000  1.84 0.000 0.268 0.000000 0.08 0.000000  0.044 0.559  2.451 0.000  3.432 0.000 99.99 0.259000  29.575 0.000   4.216 0.000  25.360 0.000 0.030 0.000  4.496 0.559
209.208333 210.208333   23.82 0.000  2.16 0.000 0.061 0.000000 0.17 0.000000  0.270 0.559  1.931 0.000  2.703 0.000 99.99 0.259000  14.445 0.000   3.842 0.000  10.604 0.000 0.032 0.000  1.105 0.559
212.208333 213.208333   38.41 0.000  1.70 0.000 9.999 0.259000 0.13 0.000000  0.042 0.000  2.277 0.000  3.188 0.000 99.99 0.259000  32.108 0.000   5.046 0.000  27.061 0.000 0.041 0.000  4.687 0.000
215.208333 216.208333   22.32 0.000  1.15 0.000 9.999 0.259000 9.99 0.259000  0.071 0.000  1.596 0.000  2.235 0.000 99.99 0.259000  17.747 0.000   4.321 0.000  13.426 0.000 0.030 0.000  1.954 0.000
218.208333 219.208333   19.66 0.000  2.62 0.000 9.999 0.259000 0.11 0.000000  0.309 0.559  1.642 0.000  2.299 0.000 99.99 0.259000  18.275 0.000   4.942 0.000  13.333 0.000 0.028 0.000  1.892 0.559
221.208333 222.208333   16.99 0.000  2.92 0.000 9.999 0.259000 0.16 0.000000  0.383 0.000  1.472 0.000  2.061 0.000 99.99 0.259000  19.322 0.000   3.387 0.000  15.935 0.000 0.037 0.000  2.420 0.000
224.208333 225.208333   37.41 0.000  7.53 0.000 0.249 0.000000 0.30 0.000000  0.301 0.559  2.056 0.000  2.879 0.000 99.99 0.259000  40.523 0.000   3.662 0.000  36.861 0.000 0.044 0.000  7.024 0.559
227.208333 228.208333   24.84 0.000  2.55 0.000 9.999 0.259000 0.11 0.000000  0.168 0.559  1.649 0.000  2.309 0.000 99.99 0.259000  31.473 0.000   4.723 0.000  26.750 0.000 0.035 0.000  4.581 0.559
230.208333 231.208333   28.33 0.000  2.75 0.000 9.999 0.259000 0.30 0.000000  0.095 0.559  2.464 0.000  3.449 0.000 99.99 0.259000  27.410 0.000   3.190 0.000  24.220 0.000 0.043 0.000  3.812 0.559
233.208333 234.208333   68.66 0.000  1.76 0.000 0.120 0.000000 0.11 0.000000  0.066 0.559  2.571 0.000  3.600 0.000 99.99 0.259000  29.930 0.000   7.976 0.000  21.954 0.000 0.073 0.000  2.767 0.559
236.208333 237.208333   85.50 0.000  2.62 0.000 9.999 0.259000 9.99 0.259000  0.042 0.559  3.101 0.000  4.342 0.000 99.99 0.259000  34.559 0.000   3.247 0.000  31.312 0.000 0.055 0.000  5.576 0.559
239.208333 240.208333   39.18 0.000  1.09 0.000 9.999 0.259000 0.16 0.000000  0.063 0.000  2.119 0.000  2.967 0.000 99.99 0.259000  26.600 0.000   6.508 0.000  20.093 0.000 0.056 0.000  3.016 0.000
