scripts/IMPROVE-2019_partial/data/US0080R.20160101050000.20191216000000.filterpack...52w.3d.US03L_filterpack_US0080.US03L_IMPROVE_Davis.lev2.nas
51 1001
MISSING INFORMATION
US03L, IMPROVE, , , , , , , 
MISSING INFORMATION
IMPROVE sel_HTAP
1 1
2016 01 01 2019 12 16
3.000000
days from file reference point
4
1 1 1 1
999.999999 999.999 999.999 9.999
end_time of measurement, days from the file reference point
pm10_mass, ug/m3, Matrix=pm10
pm25_mass, ug/m3, Matrix=pm25
numflag, no unit
0
33
Data definition:              EBAS_1.1
Set type code:                TU
Timezone:                     UTC
File name:                    US0080R.20160101050000.20191216000000.filterpack...52w.3d.US03L_filterpack_US0080.US03L_IMPROVE_Davis.lev2.nas
File creation:                20191218120051
Startdate:                    20160101050000
Revision date:                20191216000000
Version:                      2
Version description:          "Data extracted from http://views.cira.colostate.edu/fed/DataWizard 2019-12-16"
Statistics:                   arithmetic mean
Data level:                   2
Period code:                  52w
Resolution code:              3d
Sample duration:              1d
Orig. time res.:              3d
Station code:                 US0080R
Platform code:                US0080S
Station name:                 James River Face Wilderness
Station latitude:             37.6266
Station longitude:            -79.5125
Station altitude:             289.0 m
Regime:                       IMG
Component:                    
Unit:                         ug/m3
Matrix:                       
Laboratory code:              US03L
Instrument type:              filterpack
Instrument name:              filterpack_US0080
Method ref:                   US03L_IMPROVE_Davis
Blank correction:             Blank corrected
Volume std. temperature:      ambient
Volume std. pressure:         ambient
starttime endtime PM10 PM2.5 flag
  0.208333   1.208333   4.234   3.507 0.000
  3.208333   4.208333   2.986   2.498 0.000
  6.208333   7.208333  10.664   8.462 0.000
  9.208333  10.208333   1.559   1.223 0.000
 12.208333  13.208333   5.050   2.889 0.000
 15.208333  16.208333   3.742   3.430 0.000
 18.208333  19.208333   5.105   3.533 0.000
 21.208333  22.208333  14.927  13.126 0.000
 24.208333  25.208333  14.924  12.873 0.000
 27.208333  28.208333  10.827   8.661 0.000
 30.208333  31.208333   9.668   7.883 0.000
 33.208333  34.208333   3.671   1.797 0.000
 36.208333  37.208333   6.613   5.364 0.000
 39.208333  40.208333   3.500   1.202 0.000
 42.208333  43.208333   8.491   6.282 0.000
 45.208333  46.208333   4.546   4.024 0.000
 48.208333  49.208333   8.157   6.472 0.000
 51.208333  52.208333  13.853  11.905 0.000
 54.208333  55.208333   2.942   1.743 0.000
 57.208333  58.208333   5.226   4.103 0.000
 60.208333  61.208333   8.654   6.192 0.000
 63.208333  64.208333   4.834   4.028 0.000
 66.208333  67.208333   7.350   5.403 0.000
 69.208333  70.208333  16.166   8.927 0.000
 72.208333  73.208333  11.145   8.362 0.000
 75.208333  76.208333   7.865   4.939 0.000
 78.208333  79.208333   5.531   3.994 0.000
 81.208333  82.208333   6.439   4.781 0.000
 84.208333  85.208333  13.581   7.611 0.000
 87.208333  88.208333   4.007   2.928 0.000
 90.208333  91.208333  19.843  11.250 0.000
 93.208333  94.208333   3.579   2.373 0.000
 96.208333  97.208333   9.030   4.807 0.000
 99.208333 100.208333   3.552   2.469 0.000
102.208333 103.208333   8.133   3.867 0.000
105.208333 106.208333  11.450   4.750 0.000
108.208333 109.208333  12.836   6.984 0.000
111.208333 112.208333  18.160   8.172 0.000
114.208333 115.208333  10.389   6.943 0.000
117.208333 118.208333   9.538   4.267 0.000
120.208333 121.208333   6.406   1.638 0.000
123.208333 124.208333   9.718   3.931 0.000
126.208333 127.208333   5.880   2.996 0.000
129.208333 130.208333  20.003  16.942 0.000
132.208333 133.208333  13.230   8.002 0.000
135.208333 136.208333   6.530   3.070 0.000
138.208333 139.208333   7.674   3.994 0.000
141.208333 142.208333   5.227   2.837 0.000
144.208333 145.208333   9.999   6.238 0.000
147.208333 148.208333  16.067  11.512 0.000
150.208333 151.208333   8.587   5.136 0.000
153.208333 154.208333  10.507   6.671 0.000
156.208333 157.208333   7.865   3.600 0.000
159.208333 160.208333   5.812   2.510 0.000
162.208333 163.208333  12.655   7.802 0.000
165.208333 166.208333   8.965   5.019 0.000
168.208333 169.208333   9.623   5.443 0.000
171.208333 172.208333  10.882   7.063 0.000
174.208333 175.208333   8.342   4.525 0.000
177.208333 178.208333  11.868   7.631 0.000
180.208333 181.208333  12.122   7.069 0.000
183.208333 184.208333  14.248  10.307 0.000
186.208333 187.208333   9.958   4.736 0.000
189.208333 190.208333  13.049   6.026 0.000
192.208333 193.208333  10.406   6.786 0.000
195.208333 196.208333  11.909   7.701 0.000
198.208333 199.208333   9.087   6.080 0.000
201.208333 202.208333  13.895   9.117 0.000
204.208333 205.208333  12.920   8.605 0.000
207.208333 208.208333  15.022   9.030 0.000
210.208333 211.208333  10.983   5.634 0.000
213.208333 214.208333  12.470   7.825 0.000
216.208333 217.208333  10.956   5.369 0.000
219.208333 220.208333  14.232   8.863 0.000
222.208333 223.208333  12.075   6.018 0.000
225.208333 226.208333   9.978   6.573 0.000
228.208333 229.208333   8.676   5.191 0.000
231.208333 232.208333  11.407   7.785 0.000
234.208333 235.208333   8.169   4.680 0.000
237.208333 238.208333  13.505   9.662 0.000
240.208333 241.208333  12.423   8.356 0.000
243.208333 244.208333  12.742   8.541 0.000
246.208333 247.208333   8.102   4.242 0.000
249.208333 250.208333   9.511   7.057 0.000
252.208333 253.208333  14.014   9.815 0.000
255.208333 256.208333   6.943   4.174 0.000
258.208333 259.208333  10.198   6.318 0.000
261.208333 262.208333   9.900   6.891 0.000
264.208333 265.208333  10.186   6.918 0.000
267.208333 268.208333  11.987   9.247 0.000
270.208333 271.208333   6.251   4.017 0.000
273.208333 274.208333   1.743   0.709 0.000
276.208333 277.208333   7.056   5.226 0.000
279.208333 280.208333   7.359   4.254 0.000
282.208333 283.208333   6.047   3.149 0.000
285.208333 286.208333   5.750   3.991 0.000
288.208333 289.208333  10.938   7.708 0.000
291.208333 292.208333  12.051   7.854 0.000
294.208333 295.208333   9.080   6.034 0.000
297.208333 298.208333  12.735   6.530 0.000
300.208333 301.208333  12.106   8.278 0.000
303.208333 304.208333  12.885   8.700 0.000
306.208333 307.208333  14.835  10.699 0.000
309.208333 310.208333  12.035   5.563 0.000
312.208333 313.208333  12.517   9.492 0.000
315.208333 316.208333   6.524   3.677 0.000
318.208333 319.208333   9.689   7.560 0.000
321.208333 322.208333  16.729  10.828 0.000
324.208333 325.208333   3.560   2.102 0.000
327.208333 328.208333  14.152  10.008 0.000
330.208333 331.208333   4.772   3.704 0.000
333.208333 334.208333   4.358   3.176 0.000
336.208333 337.208333   5.101   3.868 0.000
339.208333 340.208333   3.325   2.649 0.000
342.208333 343.208333   6.334   4.832 0.000
345.208333 346.208333   8.734   7.408 0.000
348.208333 349.208333   4.754   3.724 0.000
351.208333 352.208333   9.091   6.719 0.000
354.208333 355.208333   9.981   8.430 0.000
357.208333 358.208333   9.455   7.591 0.000
360.208333 361.208333   5.322   4.491 0.000
363.208333 364.208333   4.091   2.395 0.000
