scripts/IMPROVE-2019_partial/data/US0024R.20100102080000.20191216000000.filterpack...52w.3d.US03L_filterpack_US0024.US03L_IMPROVE_Davis.lev2.nas
52 1001
MISSING INFORMATION
US03L, IMPROVE, , , , , , , 
MISSING INFORMATION
IMPROVE sel_HTAP
1 1
2010 01 01 2019 12 16
3.000000
days from file reference point
5
1 1 1 1 1
999.999999 999.999 9.999 999.999 9.999
end_time of measurement, days from the file reference point
pm10_mass, ug/m3, Matrix=pm10
numflag pm10_mass, no unit, Matrix=pm10
pm25_mass, ug/m3, Matrix=pm25
numflag pm25_mass, no unit, Matrix=pm25
0
33
Data definition:              EBAS_1.1
Set type code:                TU
Timezone:                     UTC
File name:                    US0024R.20100102080000.20191216000000.filterpack...52w.3d.US03L_filterpack_US0024.US03L_IMPROVE_Davis.lev2.nas
File creation:                20191218115702
Startdate:                    20100102080000
Revision date:                20191216000000
Version:                      2
Version description:          "Data extracted from http://views.cira.colostate.edu/fed/DataWizard 2019-12-16"
Statistics:                   arithmetic mean
Data level:                   2
Period code:                  52w
Resolution code:              3d
Sample duration:              1d
Orig. time res.:              3d
Station code:                 US0024R
Platform code:                US0024S
Station name:                 Kaiser
Station latitude:             37.2207
Station longitude:            -119.1546
Station altitude:             2597.0 m
Regime:                       IMG
Component:                    
Unit:                         ug/m3
Matrix:                       
Laboratory code:              US03L
Instrument type:              filterpack
Instrument name:              filterpack_US0024
Method ref:                   US03L_IMPROVE_Davis
Blank correction:             Blank corrected
Volume std. temperature:      ambient
Volume std. pressure:         ambient
starttime endtime PM10 flag_PM10 PM2.5 flag_PM2.5
  1.333333   2.333333   0.859 0.000   0.389 0.000
  4.333333   5.333333   1.560 0.000   0.391 0.000
  7.333333   8.333333   2.253 0.000   0.358 0.000
 10.333333  11.333333   0.735 0.000   0.393 0.000
 13.333333  14.333333   1.056 0.000   0.386 0.000
 16.333333  17.333333   1.505 0.000   0.590 0.000
 19.333333  20.333333   0.449 0.000   0.708 0.000
 22.333333  23.333333 999.999 0.999 999.999 0.999
 25.333333  26.333333   1.738 0.000   0.607 0.000
 28.333333  29.333333   1.556 0.000   0.863 0.000
 31.333333  32.333333   1.026 0.000   0.676 0.000
 34.333333  35.333333   2.723 0.000   0.719 0.000
 37.333333  38.333333   1.472 0.000   0.492 0.000
 40.333333  41.333333   0.610 0.000   0.389 0.000
 43.333333  44.333333   5.195 0.000   2.807 0.000
 46.333333  47.333333   5.252 0.000   2.723 0.000
 49.333333  50.333333   8.207 0.000   3.324 0.000
 52.333333  53.333333   1.590 0.000   1.006 0.000
 55.333333  56.333333 999.999 0.999 999.999 0.999
 58.333333  59.333333 999.999 0.999 999.999 0.999
 61.333333  62.333333   6.758 0.000   1.220 0.000
 64.333333  65.333333   2.314 0.000   0.993 0.000
 67.333333  68.333333   1.773 0.000   1.203 0.000
 70.333333  71.333333   5.726 0.000   1.970 0.000
 73.333333  74.333333   2.166 0.000   1.133 0.000
 76.333333  77.333333   9.247 0.000   3.540 0.000
 79.333333  80.333333   9.889 0.000   5.328 0.000
 82.333333  83.333333  27.642 0.000  15.303 0.000
 85.333333  86.333333   6.196 0.000   2.982 0.000
 88.333333  89.333333   3.513 0.000   1.764 0.000
 91.333333  92.333333   3.018 0.000   1.627 0.000
 94.333333  95.333333   2.292 0.000   0.444 0.000
 97.333333  98.333333   3.715 0.000   2.051 0.000
100.333333 101.333333   8.747 0.000   5.343 0.000
103.333333 104.333333   3.474 0.000   1.782 0.000
106.333333 107.333333   7.098 0.000   4.096 0.000
109.333333 110.333333   3.224 0.000   1.856 0.000
112.333333 113.333333   3.941 0.000   2.129 0.000
115.333333 116.333333  10.799 0.000   6.938 0.000
118.333333 119.333333 999.999 0.999 999.999 0.999
121.333333 122.333333 999.999 0.999 999.999 0.999
124.333333 125.333333   5.158 0.000   2.532 0.000
127.333333 128.333333   7.884 0.000   4.051 0.000
130.333333 131.333333 999.999 0.999 999.999 0.999
133.333333 134.333333   6.875 0.000   3.899 0.000
136.333333 137.333333   6.669 0.000   3.909 0.659
139.333333 140.333333   1.835 0.000   1.389 0.000
142.333333 143.333333   1.603 0.000   1.363 0.659
145.333333 146.333333   3.575 0.000   2.529 0.000
148.333333 149.333333   2.266 0.000   1.558 0.000
151.333333 152.333333   4.049 0.000   3.083 0.000
154.333333 155.333333   1.525 0.000   0.874 0.000
157.333333 158.333333   3.202 0.000   2.051 0.000
160.333333 161.333333   6.947 0.000   4.991 0.000
163.333333 164.333333   7.101 0.000   3.059 0.000
166.333333 167.333333  10.253 0.000   5.125 0.000
169.333333 170.333333  13.425 0.000   6.302 0.000
172.333333 173.333333   7.503 0.000   4.425 0.000
175.333333 176.333333  12.292 0.000   6.736 0.000
178.333333 179.333333   8.609 0.000   4.370 0.000
181.333333 182.333333  10.815 0.000   4.878 0.000
184.333333 185.333333   6.617 0.000   3.583 0.000
187.333333 188.333333  15.147 0.000   5.404 0.000
190.333333 191.333333  10.334 0.000   5.270 0.000
193.333333 194.333333  21.338 0.000  10.810 0.000
196.333333 197.333333  15.539 0.000   6.010 0.000
199.333333 200.333333   6.326 0.000   3.112 0.000
202.333333 203.333333  21.222 0.000   8.148 0.000
205.333333 206.333333  13.739 0.000   7.571 0.000
208.333333 209.333333 999.999 0.999 999.999 0.999
211.333333 212.333333   8.732 0.000   4.509 0.000
214.333333 215.333333  10.661 0.000   5.582 0.000
217.333333 218.333333 999.999 0.999 999.999 0.999
220.333333 221.333333 999.999 0.999 999.999 0.999
223.333333 224.333333 999.999 0.999 999.999 0.999
226.333333 227.333333 999.999 0.999 999.999 0.999
229.333333 230.333333  10.248 0.000   5.272 0.000
232.333333 233.333333   7.499 0.000   3.621 0.000
235.333333 236.333333   6.394 0.000   3.321 0.000
238.333333 239.333333  13.504 0.000   5.172 0.000
241.333333 242.333333   8.704 0.000   4.705 0.000
244.333333 245.333333  10.895 0.000   5.503 0.000
247.333333 248.333333  14.782 0.000   7.049 0.000
250.333333 251.333333  18.005 0.000   5.046 0.000
253.333333 254.333333   8.277 0.000   3.240 0.000
256.333333 257.333333  12.569 0.000   6.277 0.000
259.333333 260.333333  15.088 0.000   9.257 0.000
262.333333 263.333333   5.265 0.000   2.721 0.000
265.333333 266.333333   8.565 0.000   4.068 0.000
268.333333 269.333333  13.425 0.000   6.939 0.000
271.333333 272.333333   7.810 0.000   4.562 0.000
274.333333 275.333333 999.999 0.999 999.999 0.999
277.333333 278.333333 999.999 0.999 999.999 0.999
280.333333 281.333333   3.369 0.000   2.575 0.000
283.333333 284.333333   2.458 0.000   1.782 0.000
286.333333 287.333333   4.851 0.000   3.064 0.000
289.333333 290.333333   3.853 0.000   2.926 0.000
292.333333 293.333333   4.731 0.000   3.740 0.000
295.333333 296.333333   1.065 0.000   0.811 0.000
298.333333 299.333333   2.818 0.000   1.969 0.000
301.333333 302.333333   3.776 0.000   2.114 0.000
304.333333 305.333333   1.646 0.000   1.518 0.659
307.333333 308.333333   1.162 0.000   1.022 0.659
310.333333 311.333333   2.137 0.000   1.632 0.659
313.333333 314.333333 999.999 0.999 999.999 0.999
316.333333 317.333333   1.215 0.000   0.661 0.659
319.333333 320.333333   1.029 0.000   0.904 0.659
322.333333 323.333333   2.155 0.000   1.616 0.659
325.333333 326.333333   0.371 0.000   0.394 0.659
328.333333 329.333333 999.999 0.999 999.999 0.999
331.333333 332.333333 999.999 0.999 999.999 0.999
334.333333 335.333333   0.863 0.000   0.209 0.000
337.333333 338.333333   0.910 0.000   0.107 0.659
340.333333 341.333333   0.455 0.000   0.104 0.000
343.333333 344.333333   0.866 0.000   0.170 0.000
346.333333 347.333333   0.326 0.000   0.102 0.000
349.333333 350.333333   0.913 0.000   0.314 0.000
352.333333 353.333333   0.042 0.000 999.999 0.259
355.333333 356.333333   0.874 0.000   0.560 0.000
358.333333 359.333333   1.240 0.000   0.833 0.000
361.333333 362.333333   0.744 0.000   0.487 0.000
364.333333 365.333333   4.188 0.000   0.810 0.000
