scripts/IMPROVE-2019_partial/data/US0040R.20030103060000.20191216000000.filterpack..pm25.1y.1w.US03L_filterpack_US0040.US03L_IMPROVE_Davis.lev2.nas
64 1001
MISSING INFORMATION
US03L, IMPROVE, , , , , , , 
MISSING INFORMATION
IMPROVE sel_HTAP
1 1
2003 01 01 2019 12 16
3.00
days from file reference point
25
1 1 1 1 1 1 1 1 1 1 1 1 1 1 1 1 1 1 1 1 1 1 1 1 1
999.99 9999.99 9.999 999.99 9.999 9.999 9.999 99.99 9.999 99.999 9.999 99.999 9.999 99.999 9.999 999.999 9.999 999.999 9.999 999.999 9.999 9.999 9.999 99.999 9.999
end_time of measurement, days from the file reference point
iron, ng/m3, Revision date=20181210133000
numflag iron, no unit, Revision date=20181210133000
lead, ng/m3, Revision date=20181210133000
numflag lead, no unit, Revision date=20181210133000
magnesium, ug/m3, Revision date=20181210133000
numflag magnesium, no unit, Revision date=20181210133000
nickel, ng/m3, Revision date=20181210133000
numflag nickel, no unit, Revision date=20181210133000
nitrate, ug N/m3, Revision date=20181210133000
numflag nitrate, no unit, Revision date=20181210133000
organic_carbon, ug C/m3, Revision date=20181210133000
numflag organic_carbon, no unit, Revision date=20181210133000
organic_mass, ug/m3, Revision date=20181210133000
numflag organic_mass, no unit, Revision date=20181210133000
pm10_mass, ug/m3, Version=2, Version description=Data extracted from http://views.cira.colostate.edu/fed/DataWizard 2019-12-16, Sample duration=1d, Orig. time res.=3d, Matrix=pm10, Blank correction=Blank corrected, Volume std. temperature=ambient, Volume std. pressure=ambient
numflag pm10_mass, no unit, Version=2, Version description=Data extracted from http://views.cira.colostate.edu/fed/DataWizard 2019-12-16, Sample duration=1d, Orig. time res.=3d, Matrix=pm10, Blank correction=Blank corrected, Volume std. temperature=ambient, Volume std. pressure=ambient
pm10_pm25_mass, ug/m3, Revision date=20181210133000, Matrix=pm10_pm25
numflag pm10_pm25_mass, no unit, Revision date=20181210133000, Matrix=pm10_pm25
pm25_mass, ug/m3, Version=2, Version description=Data extracted from http://views.cira.colostate.edu/fed/DataWizard 2019-12-16, Sample duration=1d, Orig. time res.=3d, Blank correction=Blank corrected, Volume std. temperature=ambient, Volume std. pressure=ambient
numflag pm25_mass, no unit, Version=2, Version description=Data extracted from http://views.cira.colostate.edu/fed/DataWizard 2019-12-16, Sample duration=1d, Orig. time res.=3d, Blank correction=Blank corrected, Volume std. temperature=ambient, Volume std. pressure=ambient
potassium, ug/m3, Revision date=20181210133000
numflag potassium, no unit, Revision date=20181210133000
sulphate_total, ug S/m3, Revision date=20181210133000
numflag sulphate_total, no unit, Revision date=20181210133000
0
25
Data definition:              EBAS_1.1
Set type code:                TU
Timezone:                     UTC
File name:                    US0040R.20030103060000.20191216000000.filterpack..pm25.1y.1w.US03L_filterpack_US0040.US03L_IMPROVE_Davis.lev2.nas
File creation:                20191218115754
Startdate:                    20030103060000
Revision date:                20191216000000
Statistics:                   arithmetic mean
Data level:                   2
Period code:                  1y
Resolution code:              1w
Station code:                 US0040R
Platform code:                US0040S
Station name:                 Cadiz
Station latitude:             36.7842
Station longitude:            -87.8501
Station altitude:             191.0 m
Regime:                       IMG
Component:                    
Matrix:                       pm25
Laboratory code:              US03L
Instrument type:              filterpack
Instrument name:              filterpack_US0040
Method ref:                   US03L_IMPROVE_Davis
starttime endtime Fe flag_Fe Pb flag_Pb Mg++ flag_Mg++ Ni flag_Ni NO3- flag_NO3- OC flag_OC OM flag_OM PM10 flag_PM10 PM10-PM2.5 flag_PM10-PM2.5 PM2.5 flag_PM2.5 K+ flag_K+ SO4-- flag_SO4--
  2.25   3.25   13.27 0.000   2.25 0.000 9.999 0.259  0.15 0.000  0.291 0.000  0.679 0.000  0.951 0.000   8.483 0.000   1.626 0.000   6.857 0.000 0.022 0.000  1.065 0.000
  5.25   6.25   11.92 0.000   2.22 0.000 9.999 0.259  0.07 0.000  0.823 0.000  1.113 0.000  1.558 0.000  13.515 0.000   2.793 0.000  10.722 0.000 0.033 0.000  1.120 0.000
  8.25   9.25   28.25 0.000   1.75 0.000 9.999 0.259  0.11 0.000  0.152 0.000  1.732 0.000  2.424 0.000  11.394 0.000   5.701 0.000   5.693 0.000 0.047 0.000  0.395 0.000
 11.25  12.25   16.33 0.000   0.78 0.000 9.999 0.259  0.30 0.000  0.275 0.000  0.755 0.000  1.056 0.000   7.194 0.000   3.432 0.000   3.762 0.000 0.025 0.000  0.284 0.000
 14.25  15.25   14.15 0.000   0.84 0.000 9.999 0.259 99.99 0.259  0.366 0.559  0.719 0.000  1.006 0.000  11.186 0.000   7.164 0.000   4.022 0.000 0.029 0.000  0.148 0.559
 17.25  18.25   16.99 0.000   3.49 0.000 9.999 0.259 99.99 0.259  0.934 0.000  1.404 0.000  1.966 0.000  14.596 0.000   4.804 0.000   9.792 0.000 0.047 0.000  0.392 0.000
 20.25  21.25   34.82 0.000   2.51 0.000 9.999 0.259  0.13 0.000  1.327 0.000  1.288 0.000  1.804 0.000  19.627 0.000   6.739 0.000  12.888 0.000 0.054 0.000  0.716 0.000
 23.25  24.25   34.19 0.000   4.77 0.000 9.999 0.259  0.16 0.000  0.509 0.559  1.036 0.000  1.450 0.000  12.932 0.000   6.017 0.000   6.916 0.000 0.049 0.000  0.491 0.559
 26.25  27.25   26.89 0.000  11.82 0.000 9.999 0.259  0.17 0.000  0.560 0.559  0.927 0.000  1.298 0.000  11.768 0.000   4.766 0.000   7.002 0.000 0.049 0.000  0.529 0.559
 29.25  30.25   38.55 0.000   2.72 0.000 9.999 0.259  0.20 0.000  1.191 0.000  1.910 0.000  2.674 0.000  22.372 0.000   2.035 0.000  20.337 0.000 0.053 0.000  2.246 0.000
 32.25  33.25   12.11 0.000   1.71 0.000 9.999 0.259  0.18 0.000  0.084 0.000  2.105 0.000  2.947 0.000  11.781 0.000   2.482 0.000   9.299 0.000 0.041 0.000  1.196 0.000
 35.25  36.25   12.99 0.000   1.45 0.000 9.999 0.259 99.99 0.259  0.378 0.000  0.765 0.000  1.071 0.000   6.076 0.000   1.892 0.000   4.184 0.000 0.037 0.000  0.227 0.000
 38.25  39.25    6.40 0.000   1.22 0.000 0.019 0.000 99.99 0.259  0.428 0.000  0.697 0.000  0.976 0.000   8.246 0.000   2.633 0.000   5.613 0.000 0.023 0.000  0.411 0.000
 41.25  42.25   14.35 0.000   1.79 0.000 0.021 0.000 99.99 0.259  0.660 0.559  0.896 0.000  1.255 0.000  12.866 0.000   3.953 0.000   8.913 0.000 0.033 0.000  0.773 0.559
 44.25  45.25   10.08 0.000   1.54 0.000 9.999 0.259  0.30 0.000  0.138 0.000  1.975 0.000  2.765 0.000   7.651 0.000   1.303 0.000   6.348 0.000 0.040 0.000  0.444 0.000
 47.25  48.25   30.89 0.000   4.43 0.000 9.999 0.259  0.20 0.000  0.304 0.000  1.277 0.000  1.788 0.000  12.683 0.000   3.879 0.000   8.804 0.000 0.042 0.000  1.367 0.000
 50.25  51.25   37.62 0.000   1.63 0.000 9.999 0.259  0.18 0.000  0.770 0.000  1.004 0.000  1.405 0.000 999.999 0.999 999.999 0.999  11.340 0.000 0.038 0.000  2.020 0.000
 53.25  54.25   14.73 0.000   1.78 0.000 9.999 0.259 99.99 0.259  1.058 0.000  0.734 0.000  1.027 0.000  16.218 0.000   1.623 0.000  14.595 0.000 0.028 0.000  1.782 0.000
 56.25  57.25   86.40 0.000   3.20 0.000 9.999 0.259  0.24 0.000  1.507 0.559  1.510 0.000  2.113 0.000 999.999 0.999 999.999 0.999  18.313 0.000 0.065 0.000  1.629 0.559
 59.25  60.25   58.93 0.000   5.77 0.000 0.038 0.000  0.44 0.000  1.024 0.000  2.093 0.000  2.930 0.000  30.724 0.000   5.261 0.000  25.463 0.000 0.060 0.000  3.923 0.000
 62.25  63.25   24.11 0.000   1.75 0.000 9.999 0.259 99.99 0.259  0.141 0.000  1.207 0.000  1.690 0.000   9.497 0.000   2.449 0.000   7.048 0.000 0.052 0.000  1.058 0.000
 65.25  66.25   17.85 0.000   1.37 0.000 9.999 0.259 99.99 0.259  0.753 0.000  1.645 0.000  2.303 0.000  15.552 0.000   1.010 0.000  14.542 0.000 0.043 0.000  2.087 0.000
 68.25  69.25   25.35 0.000   2.34 0.000 9.999 0.259 99.99 0.259  0.532 0.000  0.839 0.000  1.175 0.000  11.311 0.000   4.862 0.000   6.448 0.000 0.035 0.000  0.593 0.000
 71.25  72.25   45.79 0.000   3.01 0.000 9.999 0.259  0.28 0.000  1.491 0.000  2.392 0.000  3.349 0.000  28.112 0.000   4.585 0.000  23.527 0.000 0.079 0.000  2.179 0.000
 74.25  75.25   17.19 0.000   2.27 0.000 9.999 0.259  0.34 0.000  0.898 0.000  2.287 0.000  3.202 0.000  19.461 0.000   2.325 0.000  17.136 0.000 0.049 0.000  2.082 0.000
 77.25  78.25   37.82 0.000   0.62 0.000 9.999 0.259 99.99 0.259  0.487 0.000  0.605 0.000  0.846 0.000  14.721 0.000   9.580 0.000   5.141 0.000 0.039 0.000  0.586 0.000
 80.25  81.25   22.33 0.000   3.48 0.000 0.031 0.000 99.99 0.259  0.366 0.000  0.861 0.000  1.205 0.000   8.150 0.000   3.105 0.000   5.045 0.000 0.029 0.000  0.672 0.000
 83.25  84.25   30.19 0.000   1.47 0.000 0.024 0.000  0.21 0.000  0.191 0.000  2.763 0.000  3.869 0.000  14.749 0.000   4.298 0.000  10.451 0.000 0.061 0.000  0.843 0.000
 86.25  87.25   23.37 0.000   1.40 0.000 9.999 0.259  0.20 0.000  0.087 0.000  2.370 0.000  3.319 0.000  15.136 0.000   3.723 0.000  11.413 0.000 0.062 0.000  1.413 0.000
 89.25  90.25   15.27 0.000   1.83 0.000 9.999 0.259 99.99 0.259  0.270 0.000  2.095 0.000  2.934 0.000  10.063 0.000   3.000 0.000   7.063 0.000 0.050 0.000  0.651 0.000
 92.25  93.25   24.15 0.000   0.77 0.000 9.999 0.259  0.18 0.000  0.101 0.000  1.140 0.000  1.595 0.000  14.137 0.000   6.474 0.000   7.663 0.000 0.035 0.000  1.067 0.000
 95.25  96.25   13.94 0.000   4.01 0.000 0.020 0.000  0.12 0.000  0.918 0.000  0.723 0.000  1.012 0.000  15.344 0.000   1.544 0.000  13.800 0.000 0.030 0.000  1.715 0.000
 98.25  99.25   39.69 0.000   2.87 0.000 9.999 0.259  0.15 0.000  0.340 0.000  0.684 0.000  0.957 0.000  12.153 0.000   1.386 0.000  10.767 0.000 0.023 0.000  1.864 0.000
101.25 102.25   57.92 0.000   4.77 0.000 9.999 0.259  0.07 0.000  0.653 0.000  4.376 0.000  6.127 0.000  23.929 0.000   9.130 0.000  14.799 0.000 0.132 0.000  1.192 0.000
104.25 105.25   52.41 0.000   2.36 0.000 9.999 0.259 99.99 0.259  0.053 0.000  3.488 0.000  4.884 0.000  21.306 0.000   7.670 0.000  13.637 0.000 0.075 0.000  1.344 0.000
107.25 108.25   37.16 0.000   2.17 0.000 9.999 0.259  0.28 0.000  0.628 0.000  1.551 0.000  2.171 0.000  21.701 0.000   6.382 0.000  15.319 0.000 0.029 0.000  2.516 0.000
110.25 111.25   13.23 0.000   1.53 0.000 9.999 0.259 99.99 0.259  0.061 0.000  0.787 0.000  1.103 0.000   9.921 0.000   5.850 0.000   4.071 0.000 0.022 0.000  0.580 0.000
113.25 114.25   58.57 0.000   3.02 0.000 9.999 0.259  0.07 0.000  0.174 0.000  2.088 0.000  2.923 0.000  16.041 0.000   7.412 0.000   8.629 0.000 0.073 0.000  0.917 0.000
116.25 117.25   72.41 0.000   4.04 0.000 9.999 0.259  0.34 0.000  0.418 0.000  2.085 0.000  2.919 0.000  22.559 0.000   6.665 0.000  15.894 0.000 0.077 0.000  2.510 0.000
119.25 120.25   46.62 0.000   1.30 0.000 9.999 0.259  0.11 0.000  0.059 0.000  3.295 0.000  4.613 0.000  22.181 0.000   7.667 0.000  14.515 0.000 0.060 0.000  1.754 0.000
122.25 123.25   34.78 0.000   2.24 0.000 9.999 0.259  0.13 0.000  0.466 0.000  1.394 0.000  1.951 0.000  17.157 0.000   6.503 0.000  10.654 0.000 0.030 0.000  1.767 0.000
125.25 126.25   42.00 0.000   0.46 0.000 9.999 0.259  0.10 0.000  0.064 0.000  2.044 0.000  2.862 0.000  15.184 0.000   6.678 0.000   8.506 0.000 0.075 0.000  1.029 0.000
128.25 129.25   58.76 0.000   0.94 0.000 9.999 0.259  0.47 0.000  0.163 0.000  2.153 0.000  3.014 0.000  20.057 0.000  10.107 0.000   9.951 0.000 0.077 0.000  1.235 0.000
131.25 132.25   15.68 0.000   1.83 0.000 9.999 0.259  0.06 0.000  0.024 0.000  1.289 0.000  1.805 0.000   9.804 0.000   5.738 0.000   4.066 0.000 0.021 0.000  0.402 0.000
134.25 135.25   23.02 0.000   1.24 0.000 9.999 0.259  0.10 0.000  0.167 0.000  2.107 0.000  2.950 0.000  16.095 0.000   6.433 0.000   9.662 0.000 0.039 0.000  1.086 0.000
137.25 138.25   19.25 0.000   0.59 0.000 9.999 0.259 99.99 0.259  0.073 0.000  1.498 0.000  2.097 0.000  10.314 0.000   4.819 0.000   5.495 0.000 0.044 0.000  0.598 0.000
140.25 141.25   28.30 0.000   2.28 0.000 9.999 0.259 99.99 0.259  0.281 0.000  1.264 0.000  1.770 0.000  15.245 0.000   5.916 0.000   9.329 0.000 0.021 0.000  1.474 0.000
143.25 144.25 9999.99 0.456 999.99 0.456 9.999 0.456 99.99 0.456  0.255 0.000  2.319 0.000  3.247 0.000  18.395 0.000 999.999 0.999 999.999 0.456 9.999 0.456  1.591 0.000
146.25 147.25   18.77 0.000   2.18 0.000 9.999 0.259  1.04 0.000  0.075 0.000  2.257 0.000  3.160 0.000  15.779 0.000   7.081 0.000   8.698 0.000 0.028 0.000  0.946 0.000
149.25 150.25   36.65 0.000   1.98 0.000 9.999 0.259 99.99 0.259  0.054 0.000  2.901 0.000  4.061 0.000  19.750 0.000  10.579 0.000   9.170 0.000 0.054 0.000  0.584 0.000
152.25 153.25   29.21 0.000   3.14 0.000 9.999 0.259 99.99 0.259  0.184 0.000  2.475 0.000  3.465 0.000  16.323 0.000   5.289 0.000  11.035 0.000 0.051 0.000  1.042 0.000
155.25 156.25   38.91 0.000   3.30 0.000 9.999 0.259  0.13 0.000  0.173 0.000  3.168 0.000  4.435 0.000  24.408 0.000   7.349 0.000  17.059 0.000 0.055 0.000  2.192 0.000
158.25 159.25   16.41 0.000   2.06 0.000 9.999 0.259 99.99 0.259  0.089 0.000  1.764 0.000  2.469 0.000  18.234 0.000   8.704 0.000   9.530 0.000 0.034 0.000  1.160 0.000
161.25 162.25   23.36 0.000   0.98 0.000 9.999 0.259  0.17 0.000  0.054 0.000  0.987 0.000  1.382 0.000   8.999 0.000   4.289 0.000   4.710 0.000 0.044 0.000  0.483 0.000
164.25 165.25   25.29 0.000   1.39 0.000 9.999 0.259  0.05 0.000  0.048 0.000  1.787 0.000  2.501 0.000  15.615 0.000   5.168 0.000  10.447 0.000 0.058 0.000  1.339 0.000
167.25 168.25   18.10 0.000   1.90 0.000 0.167 0.000  0.12 0.000  0.077 0.000  1.482 0.000  2.074 0.000  29.804 0.000   2.970 0.000  26.834 0.000 0.027 0.000  5.621 0.000
170.25 171.25   33.97 0.000   1.65 0.000 9.999 0.259  0.09 0.000  0.367 0.000  1.905 0.000  2.666 0.000  18.954 0.000   7.722 0.000  11.232 0.000 0.090 0.000  1.398 0.000
173.25 174.25   21.43 0.000   1.84 0.000 9.999 0.259  0.15 0.000  0.089 0.000  3.113 0.000  4.358 0.000  19.006 0.000   4.844 0.000  14.162 0.000 0.043 0.000  1.439 0.000
176.25 177.25   21.04 0.000   1.95 0.000 9.999 0.259  0.13 0.000  0.046 0.000  3.043 0.000  4.260 0.000  19.649 0.000   5.699 0.000  13.950 0.000 0.039 0.000  1.454 0.000
179.25 180.25   20.49 0.000   1.60 0.000 0.061 0.000  0.08 0.000  0.028 0.559  2.435 0.000  3.409 0.000  15.310 0.000   2.998 0.000  12.312 0.000 0.037 0.000  1.363 0.559
182.25 183.25  167.12 0.000   1.85 0.000 9.999 0.259  0.07 0.000  0.057 0.000  1.033 0.000  1.446 0.000  18.668 0.000   4.810 0.000  13.859 0.000 0.067 0.000  2.313 0.000
185.25 186.25   31.49 0.000   1.33 0.000 0.133 0.000 99.99 0.259  0.050 0.000  2.316 0.000  3.242 0.000  17.606 0.000   3.960 0.000  13.646 0.000 0.179 0.000  1.950 0.000
188.25 189.25  377.18 0.000   1.08 0.000 9.999 0.259  0.21 0.000  0.087 0.000  1.934 0.000  2.707 0.000  26.839 0.000  13.353 0.000  13.486 0.000 0.149 0.000  0.844 0.000
191.25 192.25   20.25 0.000   0.84 0.000 9.999 0.259  0.10 0.000  0.031 0.000  1.254 0.000  1.756 0.000  13.767 0.000   7.672 0.000   6.095 0.000 0.030 0.000  0.657 0.000
194.25 195.25   35.99 0.000   1.13 0.000 9.999 0.259 99.99 0.259  0.041 0.000  2.225 0.000  3.114 0.000  22.092 0.000   2.965 0.000  19.128 0.000 0.043 0.000  3.092 0.000
197.25 198.25   37.10 0.000   1.60 0.000 9.999 0.259  0.10 0.000  0.081 0.000  3.490 0.000  4.886 0.000  26.113 0.000   7.168 0.000  18.945 0.000 0.043 0.000  2.493 0.000
200.25 201.25   36.84 0.000   2.22 0.000 9.999 0.259  0.21 0.000  0.120 0.000  2.568 0.000  3.595 0.000  36.265 0.000   2.889 0.000  33.376 0.000 0.031 0.000  6.238 0.000
203.25 204.25   15.86 0.000   1.97 0.000 0.076 0.000 99.99 0.259  0.057 0.559  2.004 0.000  2.806 0.000  14.788 0.000   6.122 0.000   8.665 0.000 0.021 0.000  1.037 0.559
206.25 207.25   21.72 0.000   1.39 0.000 9.999 0.259  0.11 0.000  0.034 0.559  2.746 0.000  3.844 0.000  21.321 0.000   5.127 0.000  16.194 0.000 0.026 0.000  1.963 0.559
209.25 210.25   32.55 0.000   1.10 0.000 9.999 0.259 99.99 0.259  0.117 0.559  1.719 0.000  2.406 0.000  21.342 0.000   5.100 0.000  16.241 0.000 0.032 0.000  2.431 0.559
212.25 213.25   39.18 0.000   2.97 0.000 9.999 0.259 99.99 0.259  0.042 0.559  2.227 0.000  3.118 0.000  20.468 0.000   6.427 0.000  14.040 0.000 0.041 0.000  1.804 0.559
215.25 216.25   42.93 0.000   0.57 0.000 9.999 0.259 99.99 0.259  0.023 0.559  2.060 0.000  2.884 0.000  15.270 0.000   6.779 0.000   8.491 0.000 0.046 0.000  0.722 0.559
218.25 219.25   21.94 0.000   2.76 0.000 9.999 0.259  0.08 0.000  0.124 0.000  1.786 0.000  2.500 0.000  22.590 0.000   3.938 0.000  18.652 0.000 0.028 0.000  3.023 0.000
221.25 222.25   19.81 0.000   2.32 0.000 0.241 0.000  0.10 0.000  0.109 0.559  2.009 0.000  2.813 0.000  25.436 0.000   5.815 0.000  19.620 0.000 0.038 0.000  3.272 0.559
224.25 225.25   21.04 0.000   1.50 0.000 9.999 0.259  0.24 0.000  0.142 0.559  1.518 0.000  2.126 0.000  19.322 0.000   4.769 0.000  14.553 0.000 0.025 0.000  2.352 0.559
227.25 228.25   30.90 0.000   2.58 0.000 9.999 0.259  0.09 0.000  0.047 0.559  2.257 0.000  3.160 0.000  21.283 0.000   4.284 0.000  16.999 0.000 0.030 0.000  2.430 0.559
230.25 231.25   52.29 0.000   2.19 0.000 9.999 0.259  0.55 0.000  0.107 0.000  3.336 0.000  4.671 0.000  33.437 0.000   4.751 0.000  28.686 0.000 0.044 0.000  4.487 0.000
233.25 234.25   59.71 0.000   1.10 0.000 9.999 0.259  0.15 0.000  0.033 0.559  2.689 0.000  3.765 0.000  22.092 0.000   6.154 0.000  15.939 0.000 0.072 0.000  1.680 0.559
236.25 237.25   25.90 0.000   2.09 0.000 0.213 0.000  0.81 0.000  0.050 0.559  4.222 0.000  5.911 0.000  29.402 0.000   3.154 0.000  26.248 0.000 0.041 0.000  3.527 0.559
239.25 240.25   11.86 0.000   0.83 0.000 9.999 0.259  0.12 0.000  0.054 0.559  1.992 0.000  2.789 0.000  13.727 0.000   2.992 0.000  10.735 0.000 0.045 0.000  1.352 0.559
242.25 243.25   77.36 0.000   0.74 0.000 9.999 0.259  0.27 0.000  0.047 0.000  1.228 0.000  1.719 0.000  14.333 0.000   6.664 0.000   7.669 0.000 0.053 0.000  0.733 0.000
245.25 246.25   14.11 0.000   0.52 0.000 0.079 0.000 99.99 0.259  0.027 0.559  0.796 0.000  1.115 0.000  11.315 0.000   4.371 0.000   6.944 0.000 0.015 0.000  1.062 0.559
248.25 249.25   27.24 0.000   2.03 0.000 9.999 0.259  0.11 0.000  0.211 0.000  2.486 0.000  3.481 0.000  21.610 0.000   3.778 0.000  17.831 0.000 0.032 0.000  2.553 0.000
251.25 252.25   39.95 0.000   3.39 0.000 0.071 0.000  1.02 0.000  0.115 0.559  3.276 0.000  4.587 0.000  41.610 0.000   1.978 0.000  39.632 0.000 0.024 0.000  6.968 0.559
254.25 255.25   36.37 0.000   2.42 0.000 9.999 0.259  0.23 0.000  0.062 0.559  4.363 0.000  6.108 0.000  42.276 0.000   7.615 0.000  34.661 0.000 0.058 0.000  5.582 0.559
257.25 258.25    9.71 0.000   1.58 0.000 9.999 0.259 99.99 0.259  0.043 0.000  1.133 0.000  1.586 0.000  11.234 0.000   5.927 0.000   5.307 0.000 0.014 0.000  0.577 0.000
260.25 261.25   26.96 0.000   1.49 0.000 0.043 0.000  0.25 0.000  0.252 0.000  3.915 0.000  5.481 0.000  30.515 0.000   4.519 0.000  25.996 0.000 0.042 0.000  3.568 0.000
263.25 264.25   28.70 0.000   2.53 0.000 9.999 0.259  0.77 0.000  0.180 0.559  4.865 0.000  6.812 0.000  23.175 0.000   3.474 0.000  19.701 0.000 0.054 0.000  1.980 0.559
266.25 267.25   13.96 0.000   5.32 0.000 0.028 0.000 99.99 0.259  0.027 0.559  1.748 0.000  2.447 0.000  11.601 0.000   3.808 0.000   7.793 0.000 0.057 0.000  0.797 0.559
269.25 270.25   18.02 0.000   0.93 0.000 9.999 0.259  0.11 0.000  0.046 0.000  1.355 0.000  1.897 0.000  11.054 0.000   4.537 0.000   6.516 0.000 0.032 0.000  0.627 0.000
272.25 273.25   12.28 0.000  11.33 0.000 9.999 0.259 99.99 0.259  0.059 0.559  1.085 0.000  1.519 0.000 999.999 0.999 999.999 0.999   4.842 0.000 0.036 0.000  0.380 0.559
275.25 276.25   22.31 0.000   1.02 0.000 9.999 0.259  0.25 0.000  0.079 0.000  1.492 0.000  2.088 0.000 999.999 0.999 999.999 0.999   5.500 0.000 0.050 0.000  0.385 0.000
278.25 279.25   19.86 0.000   2.04 0.000 9.999 0.259 99.99 0.259  0.113 0.000  2.305 0.000  3.227 0.000 999.999 0.999 999.999 0.999   8.780 0.000 0.046 0.000  0.671 0.000
