scripts/IMPROVE-2019_partial/data/US0022R.20090101080000.20191216000000.filterpack...52w.3d.US03L_filterpack_US0022.US03L_IMPROVE_Davis.lev2.nas
52 1001
MISSING INFORMATION
US03L, IMPROVE, , , , , , , 
MISSING INFORMATION
IMPROVE sel_HTAP
1 1
2009 01 01 2019 12 16
3.000000
days from file reference point
5
1 1 1 1 1
999.999999 999.999 9.999 999.999 9.999
end_time of measurement, days from the file reference point
pm10_mass, ug/m3, Matrix=pm10
numflag pm10_mass, no unit, Matrix=pm10
pm25_mass, ug/m3, Matrix=pm25
numflag pm25_mass, no unit, Matrix=pm25
0
33
Data definition:              EBAS_1.1
Set type code:                TU
Timezone:                     UTC
File name:                    US0022R.20090101080000.20191216000000.filterpack...52w.3d.US03L_filterpack_US0022.US03L_IMPROVE_Davis.lev2.nas
File creation:                20191218115651
Startdate:                    20090101080000
Revision date:                20191216000000
Version:                      2
Version description:          "Data extracted from http://views.cira.colostate.edu/fed/DataWizard 2019-12-16"
Statistics:                   arithmetic mean
Data level:                   2
Period code:                  52w
Resolution code:              3d
Sample duration:              1d
Orig. time res.:              3d
Station code:                 US0022R
Platform code:                US0022S
Station name:                 Dome Lands Wilderness
Station latitude:             35.7278
Station longitude:            -118.1377
Station altitude:             927.0 m
Regime:                       IMG
Component:                    
Unit:                         ug/m3
Matrix:                       
Laboratory code:              US03L
Instrument type:              filterpack
Instrument name:              filterpack_US0022
Method ref:                   US03L_IMPROVE_Davis
Blank correction:             Blank corrected
Volume std. temperature:      ambient
Volume std. pressure:         ambient
starttime endtime PM10 flag_PM10 PM2.5 flag_PM2.5
  0.333333   1.333333   1.631 0.000   1.173 0.000
  3.333333   4.333333   2.623 0.000   2.033 0.000
  6.333333   7.333333   2.255 0.000   1.492 0.000
  9.333333  10.333333   1.925 0.000   0.785 0.000
 12.333333  13.333333   2.879 0.000   0.674 0.000
 15.333333  16.333333   2.442 0.000   0.437 0.000
 18.333333  19.333333   2.215 0.000   0.651 0.000
 21.333333  22.333333   4.967 0.000   2.706 0.000
 24.333333  25.333333   2.044 0.000   1.070 0.000
 27.333333  28.333333   2.901 0.000   1.786 0.000
 30.333333  31.333333   3.247 0.000   1.557 0.000
 33.333333  34.333333   2.240 0.000   1.001 0.000
 36.333333  37.333333   2.293 0.000   1.668 0.000
 39.333333  40.333333   1.678 0.000   0.860 0.000
 42.333333  43.333333   1.677 0.000   1.000 0.000
 45.333333  46.333333   3.009 0.000   1.838 0.000
 48.333333  49.333333   1.680 0.000   0.911 0.000
 51.333333  52.333333   6.869 0.000   3.669 0.000
 54.333333  55.333333   2.191 0.000   1.298 0.000
 57.333333  58.333333   3.490 0.000   2.048 0.000
 60.333333  61.333333   6.919 0.000   3.234 0.000
 63.333333  64.333333 999.999 0.999   1.272 0.000
 66.333333  67.333333 999.999 0.999   3.485 0.000
 69.333333  70.333333 999.999 0.999   3.666 0.000
 72.333333  73.333333 999.999 0.999   7.591 0.000
 75.333333  76.333333 999.999 0.999   5.004 0.000
 78.333333  79.333333  19.205 0.000   9.529 0.000
 81.333333  82.333333   4.810 0.000   2.471 0.000
 84.333333  85.333333  15.750 0.000   7.421 0.000
 87.333333  88.333333  27.009 0.000   6.508 0.000
 90.333333  91.333333  21.394 0.000   6.000 0.000
 93.333333  94.333333  16.536 0.000   6.639 0.000
 96.333333  97.333333  12.850 0.000   2.428 0.000
 99.333333 100.333333   6.579 0.000   3.136 0.000
102.333333 103.333333  11.496 0.000   6.374 0.000
105.333333 106.333333 999.999 0.999 999.999 0.999
108.333333 109.333333   7.195 0.000   3.192 0.000
111.333333 112.333333  13.431 0.000   4.801 0.000
114.333333 115.333333  17.561 0.000   5.441 0.000
117.333333 118.333333  27.655 0.000   9.879 0.000
120.333333 121.333333  15.863 0.000   4.958 0.000
123.333333 124.333333   9.513 0.000   4.790 0.000
126.333333 127.333333  16.102 0.000   6.054 0.000
129.333333 130.333333  19.445 0.000   8.033 0.000
132.333333 133.333333  25.730 0.000   7.582 0.000
135.333333 136.333333  17.358 0.000   7.285 0.000
138.333333 139.333333  14.563 0.000   5.640 0.000
141.333333 142.333333 999.999 0.999 999.999 0.999
144.333333 145.333333  25.367 0.000   8.622 0.000
147.333333 148.333333  13.940 0.000   4.646 0.000
150.333333 151.333333  18.346 0.000   8.011 0.000
153.333333 154.333333 999.999 0.999 999.999 0.999
156.333333 157.333333   6.037 0.000   3.087 0.000
159.333333 160.333333  16.329 0.000   7.765 0.000
162.333333 163.333333  20.724 0.000   8.643 0.000
165.333333 166.333333  16.012 0.000   6.537 0.000
168.333333 169.333333  21.171 0.000   8.310 0.000
171.333333 172.333333  24.862 0.000   6.271 0.000
174.333333 175.333333 999.999 0.999 999.999 0.999
177.333333 178.333333  15.029 0.000   5.464 0.000
180.333333 181.333333  23.832 0.000   7.321 0.000
183.333333 184.333333 999.999 0.456   7.491 0.000
186.333333 187.333333 999.999 0.456   6.642 0.000
189.333333 190.333333  26.668 0.000   7.595 0.000
192.333333 193.333333  17.506 0.000   6.066 0.000
195.333333 196.333333  22.241 0.000   7.065 0.000
198.333333 199.333333  20.142 0.000   7.382 0.000
201.333333 202.333333  16.142 0.000   5.526 0.000
204.333333 205.333333 999.999 0.999 999.999 0.999
207.333333 208.333333 999.999 0.999 999.999 0.999
210.333333 211.333333  23.862 0.000   8.236 0.000
213.333333 214.333333  15.402 0.000   5.918 0.000
216.333333 217.333333  23.020 0.000   5.553 0.000
219.333333 220.333333  18.426 0.000   5.311 0.000
222.333333 223.333333  21.189 0.000   9.885 0.000
225.333333 226.333333  24.803 0.000   6.656 0.000
228.333333 229.333333  24.545 0.000  10.736 0.000
231.333333 232.333333 999.999 0.999 999.999 0.999
234.333333 235.333333  12.063 0.000   3.695 0.000
237.333333 238.333333 999.999 0.999 999.999 0.999
240.333333 241.333333  24.157 0.000   8.616 0.000
243.333333 244.333333   9.896 0.000   2.891 0.000
246.333333 247.333333  30.735 0.000   9.615 0.000
249.333333 250.333333  20.268 0.000   4.545 0.000
252.333333 253.333333  22.383 0.000   5.764 0.000
255.333333 256.333333  21.337 0.000   5.134 0.000
258.333333 259.333333  22.152 0.000   6.738 0.000
261.333333 262.333333  20.658 0.000   5.566 0.000
264.333333 265.333333   8.352 0.000   2.986 0.000
267.333333 268.333333  13.059 0.000   4.830 0.000
270.333333 271.333333  22.419 0.000   6.613 0.000
273.333333 274.333333  17.413 0.000   3.199 0.000
276.333333 277.333333  90.783 0.000   6.993 0.000
279.333333 280.333333  29.547 0.000   5.330 0.000
282.333333 283.333333  23.227 0.000   6.314 0.000
285.333333 286.333333 999.999 0.456 999.999 0.456
288.333333 289.333333 999.999 0.456 999.999 0.456
291.333333 292.333333 999.999 0.456 999.999 0.456
294.333333 295.333333  10.718 0.000   5.013 0.000
297.333333 298.333333   8.901 0.000   4.258 0.000
300.333333 301.333333  40.393 0.000   5.726 0.000
303.333333 304.333333   6.182 0.000   1.498 0.000
306.333333 307.333333   5.360 0.000   1.122 0.000
309.333333 310.333333  15.827 0.000   5.667 0.000
312.333333 313.333333   9.161 0.000   2.750 0.000
315.333333 316.333333 999.999 0.999 999.999 0.999
318.333333 319.333333   8.145 0.000   4.077 0.000
321.333333 322.333333 999.999 0.999 999.999 0.999
324.333333 325.333333   9.102 0.000   1.964 0.000
327.333333 328.333333   7.358 0.000   1.505 0.000
330.333333 331.333333 999.999 0.999 999.999 0.999
333.333333 334.333333 999.999 0.999 999.999 0.999
336.333333 337.333333   5.045 0.000   1.872 0.000
339.333333 340.333333  24.687 0.000  18.581 0.000
342.333333 343.333333   3.135 0.000   2.012 0.000
345.333333 346.333333   4.253 0.000   3.139 0.000
348.333333 349.333333 999.999 0.456   0.868 0.000
351.333333 352.333333   7.317 0.000   1.590 0.000
354.333333 355.333333   4.240 0.000   0.282 0.000
357.333333 358.333333 999.999 0.999 999.999 0.999
360.333333 361.333333 999.999 0.999 999.999 0.999
363.333333 364.333333   1.963 0.000   0.531 0.000
