scripts/IMPROVE-2019_partial/data/US0081R.19950104050000.20191216000000.filterpack...1y.3d.US03L_filterpack_US0081.US03L_IMPROVE_Davis.lev2.nas
51 1001
MISSING INFORMATION
US03L, IMPROVE, , , , , , , 
MISSING INFORMATION
IMPROVE sel_HTAP
1 1
1995 01 01 2019 12 16
0
days from file reference point
4
1 1 1 1
999.999999 999.999 999.999 9.999
end_time of measurement, days from the file reference point
pm10_mass, ug/m3, Matrix=pm10
pm25_mass, ug/m3, Matrix=pm25
numflag, no unit
0
33
Data definition:              EBAS_1.1
Set type code:                TI
Timezone:                     UTC
File name:                    US0081R.19950104050000.20191216000000.filterpack...1y.3d.US03L_filterpack_US0081.US03L_IMPROVE_Davis.lev2.nas
File creation:                20191218120052
Startdate:                    19950104050000
Revision date:                20191216000000
Version:                      2
Version description:          "Data extracted from http://views.cira.colostate.edu/fed/DataWizard 2019-12-16"
Statistics:                   arithmetic mean
Data level:                   2
Period code:                  1y
Resolution code:              3d
Sample duration:              1d
Orig. time res.:              3d
Station code:                 US0081R
Platform code:                US0081S
Station name:                 Jefferson NF
Station latitude:             37.6167
Station longitude:            -79.4833
Station altitude:             219.0 m
Regime:                       IMG
Component:                    
Unit:                         ug/m3
Matrix:                       
Laboratory code:              US03L
Instrument type:              filterpack
Instrument name:              filterpack_US0081
Method ref:                   US03L_IMPROVE_Davis
Blank correction:             Blank corrected
Volume std. temperature:      ambient
Volume std. pressure:         ambient
starttime endtime PM10 PM2.5 flag
  3.208333   4.208333   9.481   7.685 0.000
  6.208333   7.208333  11.043  10.841 0.000
 10.208333  11.208333  26.801  23.355 0.000
 13.208333  14.208333  10.141   5.290 0.000
 17.208333  18.208333  14.061  11.617 0.000
 20.208333  21.208333   5.197   5.000 0.000
 24.208333  25.208333  13.156  10.525 0.000
 27.208333  28.208333  22.179  18.158 0.000
 31.208333  32.208333  15.890  12.890 0.000
 34.208333  35.208333   8.755   7.928 0.000
 38.208333  39.208333  12.699   9.737 0.000
 41.208333  42.208333  20.769  17.409 0.000
 45.208333  46.208333  19.251  16.013 0.000
 48.208333  49.208333  20.256  17.756 0.000
 52.208333  53.208333  11.000   8.091 0.000
 55.208333  56.208333   9.585   7.411 0.000
 59.208333  60.208333  20.156  16.129 0.000
 62.208333  63.208333  19.178  17.491 0.000
 66.208333  67.208333   7.711   4.096 0.000
 69.208333  70.208333  19.765  14.970 0.000
 73.208333  74.208333  33.993  25.798 0.000
 76.208333  77.208333  16.069  11.060 0.000
 80.208333  81.208333  13.429   6.977 0.000
 83.208333  84.208333   5.733   3.837 0.000
 87.208333  88.208333  17.568  14.017 0.000
 90.208333  91.208333  26.526  15.924 0.000
 94.208333  95.208333  12.122   6.231 0.000
 97.208333  98.208333  26.468  18.529 0.000
101.208333 102.208333  15.129   9.943 0.000
104.208333 105.208333  10.217   6.435 0.000
108.208333 109.208333  26.983  16.543 0.000
111.208333 112.208333  19.237  11.512 0.000
115.208333 116.208333  13.169  10.169 0.000
118.208333 119.208333  21.762  15.160 0.000
122.208333 123.208333  29.269   7.290 0.000
125.208333 126.208333  14.904  13.297 0.000
129.208333 130.208333 999.999   9.568 0.000
132.208333 133.208333 999.999 999.999 0.999
136.208333 137.208333  25.425  20.886 0.000
139.208333 140.208333  15.452  14.311 0.000
143.208333 144.208333  29.022  23.179 0.000
146.208333 147.208333  18.416  16.979 0.000
150.208333 151.208333  16.296  15.375 0.000
153.208333 154.208333  11.825  11.556 0.000
157.208333 158.208333  25.450  23.209 0.000
160.208333 161.208333  23.941  20.590 0.000
164.208333 165.208333  19.322  15.062 0.000
167.208333 168.208333  26.217  24.383 0.000
171.208333 172.208333  25.088  21.442 0.000
174.208333 175.208333  13.927  10.417 0.000
178.208333 179.208333   7.066   5.064 0.000
181.208333 182.208333  19.087  15.496 0.000
185.208333 186.208333  29.464  27.105 0.000
188.208333 189.208333  23.859  21.904 0.000
192.208333 193.208333  31.968  27.987 0.000
195.208333 196.208333  41.743  35.736 0.000
199.208333 200.208333  20.793  17.603 0.000
202.208333 203.208333  29.735  27.869 0.000
206.208333 207.208333  21.508  16.541 0.000
209.208333 210.208333  16.204  13.352 0.000
213.208333 214.208333  32.251  30.664 0.000
216.208333 217.208333  15.384  11.382 0.000
220.208333 221.208333  18.064  11.965 0.000
223.208333 224.208333  25.126  24.140 0.000
227.208333 228.208333  59.237  50.986 0.000
230.208333 231.208333  28.405  21.282 0.000
234.208333 235.208333  27.178  21.470 0.000
237.208333 238.208333  17.026  11.694 0.000
241.208333 242.208333  37.561  33.169 0.000
244.208333 245.208333  16.786  13.036 0.000
248.208333 249.208333  31.207  25.646 0.000
251.208333 252.208333  31.250  26.208 0.000
255.208333 256.208333  20.833  16.345 0.000
258.208333 259.208333  13.234   8.612 0.000
262.208333 263.208333  24.099  18.809 0.000
265.208333 266.208333   7.523   5.287 0.000
269.208333 270.208333  15.242  13.764 0.000
272.208333 273.208333  19.320  11.398 0.000
276.208333 277.208333  12.977   8.830 0.000
279.208333 280.208333  22.162  13.979 0.000
283.208333 284.208333  28.139  20.488 0.000
286.208333 287.208333  20.032  15.083 0.000
290.208333 291.208333  17.243  10.232 0.000
293.208333 294.208333   6.708   4.419 0.000
297.208333 298.208333  15.346   7.160 0.000
300.208333 301.208333   8.787   5.254 0.000
304.208333 305.208333  14.831  11.647 0.000
307.208333 308.208333   9.243   9.301 0.000
311.208333 312.208333   8.732   5.263 0.000
314.208333 315.208333 999.999 999.999 0.999
318.208333 319.208333   6.677   5.881 0.000
321.208333 322.208333  23.682  21.404 0.000
325.208333 326.208333  11.770   8.744 0.000
328.208333 329.208333  25.876  21.279 0.000
332.208333 333.208333  13.186  10.339 0.000
335.208333 336.208333  11.647   7.476 0.000
339.208333 340.208333  17.136   9.691 0.000
342.208333 343.208333  12.482   9.407 0.000
346.208333 347.208333  25.478  18.487 0.000
349.208333 350.208333  13.620  14.454 0.000
353.208333 354.208333 999.999 999.999 0.999
356.208333 357.208333 999.999 999.999 0.999
360.208333 361.208333 999.999 999.999 0.999
363.208333 364.208333 999.999 999.999 0.999
