scripts/IMPROVE-2019_partial/data/US0098R.20170101080000.20191216000000.filterpack...52w.3d.US03L_filterpack_US0098.US03L_IMPROVE_Davis.lev2.nas
52 1001
MISSING INFORMATION
US03L, IMPROVE, , , , , , , 
MISSING INFORMATION
IMPROVE sel_HTAP
1 1
2017 01 01 2019 12 16
3.000000
days from file reference point
5
1 1 1 1 1
999.999999 999.999 9.999 999.999 9.999
end_time of measurement, days from the file reference point
pm10_mass, ug/m3, Matrix=pm10
numflag pm10_mass, no unit, Matrix=pm10
pm25_mass, ug/m3, Matrix=pm25
numflag pm25_mass, no unit, Matrix=pm25
0
33
Data definition:              EBAS_1.1
Set type code:                TU
Timezone:                     UTC
File name:                    US0098R.20170101080000.20191216000000.filterpack...52w.3d.US03L_filterpack_US0098.US03L_IMPROVE_Davis.lev2.nas
File creation:                20191218120209
Startdate:                    20170101080000
Revision date:                20191216000000
Version:                      2
Version description:          "Data extracted from http://views.cira.colostate.edu/fed/DataWizard 2019-12-16"
Statistics:                   arithmetic mean
Data level:                   2
Period code:                  52w
Resolution code:              3d
Sample duration:              1d
Orig. time res.:              3d
Station code:                 US0098R
Platform code:                US0098S
Station name:                 Point Reyes National Seashore
Station latitude:             38.1224
Station longitude:            -122.9085
Station altitude:             97.0 m
Regime:                       IMG
Component:                    
Unit:                         ug/m3
Matrix:                       
Laboratory code:              US03L
Instrument type:              filterpack
Instrument name:              filterpack_US0098
Method ref:                   US03L_IMPROVE_Davis
Blank correction:             Blank corrected
Volume std. temperature:      ambient
Volume std. pressure:         ambient
starttime endtime PM10 flag_PM10 PM2.5 flag_PM2.5
  0.333333   1.333333  17.062 0.000   4.769 0.000
  3.333333   4.333333   6.395 0.000   1.489 0.000
  6.333333   7.333333   3.463 0.000   2.508 0.000
  9.333333  10.333333 999.999 0.999 999.999 0.999
 12.333333  13.333333   6.423 0.000   1.604 0.000
 15.333333  16.333333  18.709 0.000  12.616 0.000
 18.333333  19.333333  22.476 0.000   7.268 0.000
 21.333333  22.333333  18.540 0.000   5.358 0.000
 24.333333  25.333333  11.508 0.000   2.628 0.000
 27.333333  28.333333   4.987 0.000   2.558 0.000
 30.333333  31.333333  13.642 0.000  11.528 0.000
 33.333333  34.333333   9.908 0.000   3.519 0.000
 36.333333  37.333333   8.214 0.000   3.435 0.000
 39.333333  40.333333   6.944 0.000   2.939 0.000
 42.333333  43.333333   9.967 0.000   3.109 0.000
 45.333333  46.333333 999.999 0.999 999.999 0.999
 48.333333  49.333333 999.999 0.999 999.999 0.999
 51.333333  52.333333 999.999 0.999 999.999 0.999
 54.333333  55.333333   6.615 0.000   1.757 0.000
 57.333333  58.333333   6.387 0.000   1.679 0.000
 60.333333  61.333333  10.638 0.000   3.253 0.000
 63.333333  64.333333  10.250 0.000   2.435 0.000
 66.333333  67.333333 999.999 0.999 999.999 0.999
 69.333333  70.333333   6.114 0.000   2.625 0.000
 72.333333  73.333333   6.455 0.000   2.191 0.000
 75.333333  76.333333   6.860 0.000   2.624 0.000
 78.333333  79.333333   4.149 0.000   1.944 0.000
 81.333333  82.333333  11.343 0.000   3.465 0.000
 84.333333  85.333333   6.740 0.000   2.235 0.000
 87.333333  88.333333  25.003 0.000   8.938 0.000
 90.333333  91.333333  33.661 0.000  12.682 0.000
 93.333333  94.333333  20.371 0.000   7.670 0.000
 96.333333  97.333333  15.177 0.000   5.720 0.000
 99.333333 100.333333  12.216 0.000   3.727 0.000
102.333333 103.333333   9.314 0.000   2.614 0.000
105.333333 106.333333   5.666 0.000   2.785 0.000
108.333333 109.333333   7.612 0.000   3.153 0.000
111.333333 112.333333  10.861 0.000   4.613 0.000
114.333333 115.333333   9.495 0.000   3.221 0.000
117.333333 118.333333  28.158 0.000   9.055 0.000
120.333333 121.333333  34.416 0.000  12.311 0.000
123.333333 124.333333   0.782 0.000   0.374 0.000
126.333333 127.333333  41.377 0.000  16.228 0.000
129.333333 130.333333  13.353 0.000   5.679 0.000
132.333333 133.333333  15.573 0.000   5.156 0.000
135.333333 136.333333   8.102 0.000   3.289 0.000
138.333333 139.333333 999.999 0.999 999.999 0.999
141.333333 142.333333 999.999 0.999 999.999 0.999
144.333333 145.333333  15.711 0.000   7.499 0.000
147.333333 148.333333  10.314 0.000   4.326 0.000
150.333333 151.333333 999.999 0.999 999.999 0.999
153.333333 154.333333  20.045 0.000   8.436 0.000
156.333333 157.333333  22.708 0.000  11.017 0.000
159.333333 160.333333   9.935 0.000   3.553 0.000
162.333333 163.333333  21.894 0.000   8.413 0.000
165.333333 166.333333  15.787 0.000   6.872 0.000
168.333333 169.333333  38.207 0.000  16.418 0.000
171.333333 172.333333  23.471 0.000  10.529 0.000
174.333333 175.333333   3.241 0.000   1.467 0.000
177.333333 178.333333 999.999 0.456 999.999 0.456
180.333333 181.333333  11.451 0.000   5.132 0.000
183.333333 184.333333   3.942 0.000   2.116 0.000
186.333333 187.333333   9.038 0.000   4.282 0.000
189.333333 190.333333  12.863 0.000   6.876 0.000
192.333333 193.333333  24.722 0.000  13.074 0.000
195.333333 196.333333  30.014 0.000  13.306 0.000
198.333333 199.333333  31.143 0.000  12.831 0.000
201.333333 202.333333  31.373 0.000  13.411 0.000
204.333333 205.333333   6.236 0.000   3.232 0.000
207.333333 208.333333  16.060 0.000   6.523 0.000
210.333333 211.333333   8.742 0.000   4.249 0.000
213.333333 214.333333   3.149 0.000   1.117 0.000
216.333333 217.333333   1.310 0.000   0.807 0.000
219.333333 220.333333   4.473 0.000   3.407 0.000
222.333333 223.333333  11.761 0.000   7.266 0.000
225.333333 226.333333  24.229 0.000  10.281 0.000
228.333333 229.333333  16.241 0.000   6.815 0.000
231.333333 232.333333  18.155 0.000  11.795 0.000
234.333333 235.333333   2.994 0.000   2.425 0.000
237.333333 238.333333  14.572 0.000   7.083 0.000
240.333333 241.333333  11.907 0.000   6.826 0.000
243.333333 244.333333  47.411 0.000  34.543 0.000
246.333333 247.333333  56.009 0.000  48.795 0.000
249.333333 250.333333  12.979 0.000   9.119 0.000
252.333333 253.333333  18.914 0.000   8.258 0.000
255.333333 256.333333 999.999 0.999 999.999 0.999
258.333333 259.333333  17.547 0.000  10.618 0.000
261.333333 262.333333  14.485 0.000   5.126 0.000
264.333333 265.333333  14.112 0.000   4.148 0.000
267.333333 268.333333  20.293 0.000   9.423 0.000
270.333333 271.333333   5.508 0.000   2.564 0.000
273.333333 274.333333  25.561 0.000   8.735 0.000
276.333333 277.333333   9.854 0.000   4.820 0.000
279.333333 280.333333  28.183 0.000  10.862 0.000
282.333333 283.333333  66.748 0.000 999.999 0.699
285.333333 286.333333  22.971 0.000   7.657 0.000
288.333333 289.333333  40.467 0.000  18.850 0.000
291.333333 292.333333   4.061 0.000   1.856 0.000
294.333333 295.333333  14.028 0.000   4.905 0.000
297.333333 298.333333  28.065 0.000  12.155 0.000
300.333333 301.333333   3.061 0.000   2.373 0.000
303.333333 304.333333  13.260 0.000   6.759 0.000
306.333333 307.333333  10.356 0.000   6.000 0.000
309.333333 310.333333   5.987 0.000   2.028 0.000
312.333333 313.333333  10.057 0.000   3.837 0.000
315.333333 316.333333   4.820 0.000   1.831 0.000
318.333333 319.333333 999.999 0.999 999.999 0.999
321.333333 322.333333   4.568 0.000   1.463 0.000
324.333333 325.333333   9.190 0.000   5.572 0.000
327.333333 328.333333   6.988 0.000   2.396 0.000
330.333333 331.333333  12.813 0.000   3.712 0.000
333.333333 334.333333  15.794 0.000   5.858 0.000
336.333333 337.333333  10.490 0.000   2.771 0.000
339.333333 340.333333   9.685 0.000   3.674 0.000
342.333333 343.333333  15.278 0.000  11.088 0.000
345.333333 346.333333  18.935 0.000   5.856 0.000
348.333333 349.333333  50.701 0.000  31.398 0.000
351.333333 352.333333  36.997 0.000  10.814 0.000
354.333333 355.333333   9.213 0.000   2.331 0.000
357.333333 358.333333  12.919 0.000   6.314 0.000
360.333333 361.333333 999.999 0.999 999.999 0.999
363.333333 364.333333  11.497 0.000   7.905 0.000
