scripts/IMPROVE-2019_partial/data/US0038R.20110103060000.20191216000000.filterpack...1y.3d.US03L_filterpack_US0038.US03L_IMPROVE_Davis.lev2.nas
51 1001
MISSING INFORMATION
US03L, IMPROVE, , , , , , , 
MISSING INFORMATION
IMPROVE sel_HTAP
1 1
2011 01 01 2019 12 16
3.00
days from file reference point
4
1 1 1 1
999.99 999.999 999.999 9.999
end_time of measurement, days from the file reference point
pm10_mass, ug/m3, Matrix=pm10
pm25_mass, ug/m3, Matrix=pm25
numflag, no unit
0
33
Data definition:              EBAS_1.1
Set type code:                TU
Timezone:                     UTC
File name:                    US0038R.20110103060000.20191216000000.filterpack...1y.3d.US03L_filterpack_US0038.US03L_IMPROVE_Davis.lev2.nas
File creation:                20191218115751
Startdate:                    20110103060000
Revision date:                20191216000000
Version:                      2
Version description:          "Data extracted from http://views.cira.colostate.edu/fed/DataWizard 2019-12-16"
Statistics:                   arithmetic mean
Data level:                   2
Period code:                  1y
Resolution code:              3d
Sample duration:              1d
Orig. time res.:              3d
Station code:                 US0038R
Platform code:                US0038S
Station name:                 Cedar Bluff
Station latitude:             38.7701
Station longitude:            -99.7634
Station altitude:             665.0 m
Regime:                       IMG
Component:                    
Unit:                         ug/m3
Matrix:                       
Laboratory code:              US03L
Instrument type:              filterpack
Instrument name:              filterpack_US0038
Method ref:                   US03L_IMPROVE_Davis
Blank correction:             Blank corrected
Volume std. temperature:      ambient
Volume std. pressure:         ambient
starttime endtime PM10 PM2.5 flag
  2.25   3.25   7.230   3.408 0.000
  5.25   6.25   6.292   1.767 0.000
  8.25   9.25  10.153   5.643 0.000
 11.25  12.25 999.999 999.999 0.999
 14.25  15.25 999.999 999.999 0.999
 17.25  18.25 999.999 999.999 0.999
 20.25  21.25   3.293   1.948 0.000
 23.25  24.25   3.309   1.418 0.000
 26.25  27.25   4.176   1.207 0.000
 29.25  30.25   7.291   4.470 0.000
 32.25  33.25   3.696   1.179 0.000
 35.25  36.25   3.153   1.577 0.000
 38.25  39.25  11.780   3.928 0.000
 41.25  42.25   5.118   3.605 0.000
 44.25  45.25   4.897   1.464 0.000
 47.25  48.25  31.218   2.720 0.000
 50.25  51.25  11.261   7.124 0.000
 53.25  54.25  16.306   5.277 0.000
 56.25  57.25  12.072  10.524 0.000
 59.25  60.25   8.522   2.116 0.000
 62.25  63.25  17.769  10.926 0.000
 65.25  66.25  16.940  12.253 0.000
 68.25  69.25   4.537   2.320 0.000
 71.25  72.25  10.081   7.093 0.000
 74.25  75.25  23.023   7.210 0.000
 77.25  78.25  15.821   7.661 0.000
 80.25  81.25  22.177   7.628 0.000
 83.25  84.25 999.999 999.999 0.999
 86.25  87.25 999.999 999.999 0.999
 89.25  90.25   3.317   1.609 0.000
 92.25  93.25  14.579   3.801 0.000
 95.25  96.25  14.571   3.211 0.000
 98.25  99.25  29.280  11.867 0.000
101.25 102.25  17.094   4.514 0.000
104.25 105.25  17.467   2.792 0.000
107.25 108.25  23.466  13.770 0.000
110.25 111.25  23.095  10.590 0.000
113.25 114.25   7.658   3.000 0.000
116.25 117.25   5.338   3.480 0.000
119.25 120.25  10.360   1.751 0.000
122.25 123.25   8.123   2.692 0.000
125.25 126.25  19.017   4.072 0.000
128.25 129.25  30.517   8.328 0.000
131.25 132.25   6.459   1.660 0.000
134.25 135.25   3.490   0.915 0.000
137.25 138.25  10.376   5.230 0.000
140.25 141.25   8.189   2.130 0.000
143.25 144.25  11.400   3.855 0.000
146.25 147.25  18.657   6.007 0.000
149.25 150.25  60.225  17.821 0.000
152.25 153.25  40.275   8.050 0.000
155.25 156.25  29.733   6.864 0.000
158.25 159.25  34.572  11.395 0.000
161.25 162.25  14.550   5.292 0.000
164.25 165.25  20.519   9.294 0.000
167.25 168.25  16.143   5.829 0.000
170.25 171.25  22.436   6.372 0.000
173.25 174.25  15.785   3.852 0.000
176.25 177.25  22.933   9.315 0.000
179.25 180.25  28.884   7.320 0.000
182.25 183.25  30.802   9.579 0.000
185.25 186.25  22.854   7.886 0.000
188.25 189.25  11.527   4.094 0.000
191.25 192.25  13.963   5.098 0.000
194.25 195.25  17.446   6.710 0.000
197.25 198.25  20.865   9.762 0.000
200.25 201.25  26.144   8.861 0.000
203.25 204.25  19.986   7.763 0.000
206.25 207.25  17.422   7.432 0.000
209.25 210.25  10.626   4.779 0.000
212.25 213.25  18.515   4.364 0.000
215.25 216.25   8.587   5.081 0.000
218.25 219.25  13.388   5.298 0.000
221.25 222.25   6.498   2.756 0.000
224.25 225.25  10.406   4.636 0.000
227.25 228.25  19.736   6.966 0.000
230.25 231.25  24.529   5.976 0.000
233.25 234.25  22.910  10.599 0.000
236.25 237.25  23.519   5.446 0.000
239.25 240.25  28.481  11.827 0.000
242.25 243.25  24.910   9.589 0.000
245.25 246.25  23.702  11.485 0.000
248.25 249.25  15.066   3.273 0.000
251.25 252.25  17.795   5.241 0.000
254.25 255.25  22.120   5.704 0.000
257.25 258.25  11.530   2.089 0.000
260.25 261.25   7.748   3.697 0.000
263.25 264.25   9.286   2.465 0.000
266.25 267.25  20.452   4.675 0.000
269.25 270.25  30.521   5.826 0.000
272.25 273.25  21.745   3.497 0.000
275.25 276.25  31.162   6.765 0.000
278.25 279.25  49.948   8.179 0.000
281.25 282.25   3.277   1.343 0.000
284.25 285.25   8.430   2.545 0.000
287.25 288.25  18.277   4.120 0.000
290.25 291.25   7.029   2.689 0.000
293.25 294.25  18.343   4.548 0.000
296.25 297.25  30.958   4.580 0.000
299.25 300.25   4.746   2.138 0.000
302.25 303.25   9.532   2.846 0.000
305.25 306.25  13.218   2.084 0.000
308.25 309.25  25.963   3.796 0.000
311.25 312.25   4.620   2.827 0.000
314.25 315.25   6.503   1.870 0.000
317.25 318.25  10.423   1.847 0.000
320.25 321.25  16.714   2.334 0.000
323.25 324.25   6.579   3.382 0.000
326.25 327.25  10.999   2.409 0.000
329.25 330.25  19.676   1.667 0.000
332.25 333.25   9.827   2.143 0.000
335.25 336.25  10.698   2.792 0.000
338.25 339.25   6.619   3.779 0.000
341.25 342.25   9.916   8.713 0.000
344.25 345.25  12.845  12.690 0.000
347.25 348.25   3.539   3.652 0.000
350.25 351.25   4.487   3.516 0.000
353.25 354.25   3.510   3.069 0.000
356.25 357.25   3.965   3.656 0.000
359.25 360.25   4.699   4.176 0.000
362.25 363.25   5.874   1.441 0.000
