scripts/IMPROVE-2019_partial/data/US0063R.20100102070000.20191216000000.filterpack...52w.3d.US03L_filterpack_US0063.US03L_IMPROVE_Davis.lev2.nas
51 1001
MISSING INFORMATION
US03L, IMPROVE, , , , , , , 
MISSING INFORMATION
IMPROVE sel_HTAP
1 1
2010 01 01 2019 12 16
3.000000
days from file reference point
4
1 1 1 1
999.999999 999.999 99.999 9.999
end_time of measurement, days from the file reference point
pm10_mass, ug/m3, Matrix=pm10
pm25_mass, ug/m3, Matrix=pm25
numflag, no unit
0
33
Data definition:              EBAS_1.1
Set type code:                TU
Timezone:                     UTC
File name:                    US0063R.20100102070000.20191216000000.filterpack...52w.3d.US03L_filterpack_US0063.US03L_IMPROVE_Davis.lev2.nas
File creation:                20191218115931
Startdate:                    20100102070000
Revision date:                20191216000000
Version:                      2
Version description:          "Data extracted from http://views.cira.colostate.edu/fed/DataWizard 2019-12-16"
Statistics:                   arithmetic mean
Data level:                   2
Period code:                  52w
Resolution code:              3d
Sample duration:              1d
Orig. time res.:              3d
Station code:                 US0063R
Platform code:                US0063S
Station name:                 Bosque del Apache
Station latitude:             33.8695
Station longitude:            -106.852
Station altitude:             1389.0 m
Regime:                       IMG
Component:                    
Unit:                         ug/m3
Matrix:                       
Laboratory code:              US03L
Instrument type:              filterpack
Instrument name:              filterpack_US0063
Method ref:                   US03L_IMPROVE_Davis
Blank correction:             Blank corrected
Volume std. temperature:      ambient
Volume std. pressure:         ambient
starttime endtime PM10 PM2.5 flag
  1.291667   2.291667 999.999 99.999 0.999
  4.291667   5.291667 999.999 99.999 0.999
  7.291667   8.291667   4.643  2.028 0.000
 10.291667  11.291667  10.418  3.999 0.000
 13.291667  14.291667   7.976  2.975 0.000
 16.291667  17.291667   8.373  3.448 0.000
 19.291667  20.291667   2.090  0.766 0.000
 22.291667  23.291667   1.090  0.586 0.000
 25.291667  26.291667   3.241  1.477 0.000
 28.291667  29.291667   2.594  2.112 0.000
 31.291667  32.291667   4.661  3.510 0.000
 34.291667  35.291667   1.769  1.486 0.000
 37.291667  38.291667   1.636  1.072 0.000
 40.291667  41.291667 999.999 99.999 0.999
 43.291667  44.291667   3.276  1.575 0.000
 46.291667  47.291667   5.200  2.644 0.000
 49.291667  50.291667   6.870  2.921 0.000
 52.291667  53.291667   1.382  0.581 0.000
 55.291667  56.291667   3.473  1.089 0.000
 58.291667  59.291667   3.434  1.409 0.000
 61.291667  62.291667   3.892  2.392 0.000
 64.291667  65.291667   4.996  1.977 0.000
 67.291667  68.291667   2.919  1.377 0.000
 70.291667  71.291667   5.651  2.454 0.000
 73.291667  74.291667   1.678  0.942 0.000
 76.291667  77.291667   5.964  2.598 0.000
 79.291667  80.291667   6.461  3.385 0.000
 82.291667  83.291667   4.137  1.738 0.000
 85.291667  86.291667   4.755  1.518 0.000
 88.291667  89.291667   7.380  3.160 0.000
 91.291667  92.291667   8.692  1.860 0.000
 94.291667  95.291667  13.018  5.374 0.000
 97.291667  98.291667   9.432  2.741 0.000
100.291667 101.291667   7.786  2.788 0.000
103.291667 104.291667  10.118  2.748 0.000
106.291667 107.291667   1.853  0.875 0.000
109.291667 110.291667   5.546  3.317 0.000
112.291667 113.291667   6.102  1.890 0.000
115.291667 116.291667   6.985  3.280 0.000
118.291667 119.291667  24.051  5.182 0.000
121.291667 122.291667   3.941  1.440 0.000
124.291667 125.291667   4.712  1.503 0.000
127.291667 128.291667  20.275  4.741 0.000
130.291667 131.291667  14.168  4.838 0.000
133.291667 134.291667  12.292  3.821 0.000
136.291667 137.291667  11.109  4.728 0.000
139.291667 140.291667   7.367  3.013 0.000
142.291667 143.291667  13.483  4.802 0.000
145.291667 146.291667  12.906  4.776 0.000
148.291667 149.291667   8.250  3.967 0.000
151.291667 152.291667   8.952  3.746 0.000
154.291667 155.291667   9.901  5.162 0.000
157.291667 158.291667  14.182  3.744 0.000
160.291667 161.291667 999.999 99.999 0.999
163.291667 164.291667 999.999 99.999 0.999
166.291667 167.291667 999.999 99.999 0.999
169.291667 170.291667  17.182  5.022 0.000
172.291667 173.291667  13.223  4.419 0.000
175.291667 176.291667   9.424  3.541 0.000
178.291667 179.291667   5.852  2.901 0.000
181.291667 182.291667   5.050  2.687 0.000
184.291667 185.291667   7.584  3.322 0.000
187.291667 188.291667 999.999 99.999 0.999
190.291667 191.291667   5.785  2.908 0.000
193.291667 194.291667   7.284  3.553 0.000
196.291667 197.291667 999.999 99.999 0.999
199.291667 200.291667 999.999 99.999 0.999
202.291667 203.291667 999.999 99.999 0.999
205.291667 206.291667 999.999 99.999 0.999
208.291667 209.291667  11.044  4.900 0.000
211.291667 212.291667   6.133  2.684 0.000
214.291667 215.291667   5.126  2.036 0.000
217.291667 218.291667   5.896  2.305 0.000
220.291667 221.291667   5.961 99.999 0.000
223.291667 224.291667 999.999 99.999 0.999
226.291667 227.291667   8.982  4.267 0.000
229.291667 230.291667   6.040  2.755 0.000
232.291667 233.291667   9.321  3.030 0.000
235.291667 236.291667   7.571  2.654 0.000
238.291667 239.291667   7.583  3.592 0.000
241.291667 242.291667   3.543  1.887 0.000
244.291667 245.291667   8.232  3.181 0.000
247.291667 248.291667   9.635  3.407 0.000
250.291667 251.291667   9.857  4.085 0.000
253.291667 254.291667   8.838  2.337 0.000
256.291667 257.291667   5.149  3.126 0.000
259.291667 260.291667   3.552  1.651 0.000
262.291667 263.291667   2.618  1.115 0.000
265.291667 266.291667   5.450  2.230 0.000
268.291667 269.291667   9.375  3.938 0.000
271.291667 272.291667   7.268  2.739 0.000
274.291667 275.291667   9.500  3.248 0.000
277.291667 278.291667   4.412  2.753 0.000
280.291667 281.291667   6.074  3.425 0.000
283.291667 284.291667   5.268  2.558 0.000
286.291667 287.291667   9.379  4.476 0.000
289.291667 290.291667   5.943  2.774 0.000
292.291667 293.291667  14.105  5.614 0.000
295.291667 296.291667   3.099  2.423 0.000
298.291667 299.291667   3.023  1.336 0.000
301.291667 302.291667  10.192  3.418 0.000
304.291667 305.291667   5.250  1.955 0.000
307.291667 308.291667   6.530  2.253 0.000
310.291667 311.291667  11.154  3.172 0.000
313.291667 314.291667 999.999 99.999 0.999
316.291667 317.291667   7.527  3.553 0.000
319.291667 320.291667   2.710  0.947 0.000
322.291667 323.291667  11.327  4.065 0.000
325.291667 326.291667   6.414  1.257 0.000
328.291667 329.291667   3.975  1.166 0.000
331.291667 332.291667   7.938  3.247 0.000
334.291667 335.291667  12.048  3.109 0.000
337.291667 338.291667  11.236  3.733 0.000
340.291667 341.291667  14.191  3.164 0.000
343.291667 344.291667  10.152  3.494 0.000
346.291667 347.291667   6.342  1.644 0.000
349.291667 350.291667  10.137  2.344 0.000
352.291667 353.291667   2.455  1.532 0.000
355.291667 356.291667   5.046  2.421 0.000
358.291667 359.291667   4.109  2.641 0.000
361.291667 362.291667   6.146  3.680 0.000
364.291667 365.291667 999.999 99.999 0.999
