scripts/IMPROVE-2019_partial/data/US0072R.19960103070000.20191216000000.filterpack...1y.3d.US03L_filterpack_US0072.US03L_IMPROVE_Davis.lev2.nas
51 1001
MISSING INFORMATION
US03L, IMPROVE, , , , , , , 
MISSING INFORMATION
IMPROVE sel_HTAP
1 1
1996 01 01 2019 12 16
0
days from file reference point
4
1 1 1 1
999.999999 999.999 999.999 9.999
end_time of measurement, days from the file reference point
pm10_mass, ug/m3, Matrix=pm10
pm25_mass, ug/m3, Matrix=pm25
numflag, no unit
0
33
Data definition:              EBAS_1.1
Set type code:                TI
Timezone:                     UTC
File name:                    US0072R.19960103070000.20191216000000.filterpack...1y.3d.US03L_filterpack_US0072.US03L_IMPROVE_Davis.lev2.nas
File creation:                20191218120020
Startdate:                    19960103070000
Revision date:                20191216000000
Version:                      2
Version description:          "Data extracted from http://views.cira.colostate.edu/fed/DataWizard 2019-12-16"
Statistics:                   arithmetic mean
Data level:                   2
Period code:                  1y
Resolution code:              3d
Sample duration:              1d
Orig. time res.:              3d
Station code:                 US0072R
Platform code:                US0072S
Station name:                 Badlands NP
Station latitude:             43.7435
Station longitude:            -101.9412
Station altitude:             736.0 m
Regime:                       IMG
Component:                    
Unit:                         ug/m3
Matrix:                       
Laboratory code:              US03L
Instrument type:              filterpack
Instrument name:              filterpack_US0072
Method ref:                   US03L_IMPROVE_Davis
Blank correction:             Blank corrected
Volume std. temperature:      ambient
Volume std. pressure:         ambient
starttime endtime PM10 PM2.5 flag
  2.291667   3.291667   6.776   5.970 0.000
  5.291667   6.291667   6.910   6.313 0.000
  9.291667  10.291667   2.290   1.106 0.000
 12.291667  13.291667   6.220   0.899 0.000
 16.291667  17.291667  17.341   7.009 0.000
 19.291667  20.291667   7.627   4.372 0.000
 23.291667  24.291667  10.631   6.420 0.000
 26.291667  27.291667   7.587   5.069 0.000
 30.291667  31.291667  10.908   3.425 0.000
 33.291667  34.291667   6.981   3.816 0.000
 37.291667  38.291667   2.841   1.327 0.000
 40.291667  41.291667  24.444   2.024 0.000
 44.291667  45.291667   9.180   1.690 0.000
 47.291667  48.291667   4.133   3.317 0.000
 51.291667  52.291667  12.508   5.408 0.000
 54.291667  55.291667   9.873   2.315 0.000
 58.291667  59.291667   7.498   3.791 0.000
 61.291667  62.291667   5.406   2.251 0.000
 65.291667  66.291667   6.670   4.383 0.000
 68.291667  69.291667   5.414   3.301 0.000
 72.291667  73.291667   5.445   3.220 0.000
 75.291667  76.291667   5.228   1.446 0.000
 79.291667  80.291667   6.823   5.146 0.000
 82.291667  83.291667  19.138   6.342 0.000
 86.291667  87.291667  12.032   6.442 0.000
 89.291667  90.291667   9.780   8.054 0.000
 93.291667  94.291667   8.842   6.975 0.000
 96.291667  97.291667  11.802   2.998 0.000
100.291667 101.291667  21.664   5.853 0.000
103.291667 104.291667   3.132   2.285 0.000
107.291667 108.291667  10.379   4.210 0.000
110.291667 111.291667   5.571   2.172 0.000
114.291667 115.291667  28.802   3.946 0.000
117.291667 118.291667  11.992   4.222 0.000
121.291667 122.291667   4.182   2.868 0.000
124.291667 125.291667   5.824   2.573 0.000
128.291667 129.291667  19.790   8.454 0.000
131.291667 132.291667   4.750   3.050 0.000
135.291667 136.291667   7.804   3.737 0.000
138.291667 139.291667  13.889   2.582 0.000
142.291667 143.291667  15.852   6.612 0.000
145.291667 146.291667   4.570   3.170 0.000
149.291667 150.291667  11.813   6.915 0.000
152.291667 153.291667   6.515   3.060 0.000
156.291667 157.291667   9.634   4.542 0.000
159.291667 160.291667   9.770   3.956 0.000
163.291667 164.291667   8.981   4.311 0.000
166.291667 167.291667   8.580   2.737 0.000
170.291667 171.291667  14.590   3.631 0.000
173.291667 174.291667  11.251   4.300 0.000
177.291667 178.291667  15.807   5.932 0.000
180.291667 181.291667   8.862   2.637 0.000
184.291667 185.291667  25.385   8.608 0.000
187.291667 188.291667  10.134   5.978 0.000
191.291667 192.291667  12.887   3.661 0.000
194.291667 195.291667  11.786   5.216 0.000
198.291667 199.291667  14.895   5.952 0.000
201.291667 202.291667  15.130   4.844 0.000
205.291667 206.291667   7.976   3.678 0.000
208.291667 209.291667  10.073   5.388 0.000
212.291667 213.291667  11.200   4.864 0.000
215.291667 216.291667  11.994   5.034 0.000
219.291667 220.291667   6.912   2.754 0.000
222.291667 223.291667   6.032   3.165 0.000
226.291667 227.291667  14.385   5.346 0.000
229.291667 230.291667   7.738   4.823 0.000
233.291667 234.291667  20.302   6.772 0.000
236.291667 237.291667  12.925   6.250 0.000
240.291667 241.291667  12.095   4.989 0.000
243.291667 244.291667  11.829   6.476 0.000
247.291667 248.291667  20.128  11.995 0.000
250.291667 251.291667  10.361   4.056 0.000
254.291667 255.291667  12.568   3.518 0.000
257.291667 258.291667  13.361   6.944 0.000
261.291667 262.291667   5.800   3.331 0.000
264.291667 265.291667   8.590   2.604 0.000
268.291667 269.291667   6.667   2.149 0.000
271.291667 272.291667   6.702   3.768 0.000
275.291667 276.291667   3.153   2.388 0.000
278.291667 279.291667  19.357   7.040 0.000
282.291667 283.291667   9.967   3.058 0.000
285.291667 286.291667  22.467   5.491 0.000
289.291667 290.291667   6.774   1.858 0.000
292.291667 293.291667  10.547   3.423 0.000
296.291667 297.291667   4.210   1.752 0.000
299.291667 300.291667   7.472   4.673 0.000
303.291667 304.291667   3.811   1.479 0.000
306.291667 307.291667  14.789   3.489 0.000
310.291667 311.291667  13.167   2.468 0.000
313.291667 314.291667   6.255   3.505 0.000
317.291667 318.291667  24.537  13.099 0.000
320.291667 321.291667  11.846   4.673 0.000
324.291667 325.291667   9.947   6.510 0.000
327.291667 328.291667   7.085   4.274 0.000
331.291667 332.291667   5.966   4.213 0.000
334.291667 335.291667   4.567   2.337 0.000
338.291667 339.291667   5.253   2.434 0.000
341.291667 342.291667   2.092   0.941 0.000
345.291667 346.291667 999.999 999.999 0.999
348.291667 349.291667   7.615   2.893 0.000
352.291667 353.291667 999.999 999.999 0.999
355.291667 356.291667  11.795   4.735 0.000
359.291667 360.291667   5.981   3.954 0.000
362.291667 363.291667  10.797   5.113 0.000
