scripts/IMPROVE-2019_partial/data/US0080R.20070103050000.20191216000000.filterpack...1y.3d.US03L_filterpack_US0080.US03L_IMPROVE_Davis.lev2.nas
52 1001
MISSING INFORMATION
US03L, IMPROVE, , , , , , , 
MISSING INFORMATION
IMPROVE sel_HTAP
1 1
2007 01 01 2019 12 16
3.000000
days from file reference point
5
1 1 1 1 1
999.999999 999.999 9.999 999.999 9.999
end_time of measurement, days from the file reference point
pm10_mass, ug/m3, Matrix=pm10
numflag pm10_mass, no unit, Matrix=pm10
pm25_mass, ug/m3, Matrix=pm25
numflag pm25_mass, no unit, Matrix=pm25
0
33
Data definition:              EBAS_1.1
Set type code:                TU
Timezone:                     UTC
File name:                    US0080R.20070103050000.20191216000000.filterpack...1y.3d.US03L_filterpack_US0080.US03L_IMPROVE_Davis.lev2.nas
File creation:                20191218120051
Startdate:                    20070103050000
Revision date:                20191216000000
Version:                      2
Version description:          "Data extracted from http://views.cira.colostate.edu/fed/DataWizard 2019-12-16"
Statistics:                   arithmetic mean
Data level:                   2
Period code:                  1y
Resolution code:              3d
Sample duration:              1d
Orig. time res.:              3d
Station code:                 US0080R
Platform code:                US0080S
Station name:                 James River Face Wilderness
Station latitude:             37.6266
Station longitude:            -79.5125
Station altitude:             289.0 m
Regime:                       IMG
Component:                    
Unit:                         ug/m3
Matrix:                       
Laboratory code:              US03L
Instrument type:              filterpack
Instrument name:              filterpack_US0080
Method ref:                   US03L_IMPROVE_Davis
Blank correction:             Blank corrected
Volume std. temperature:      ambient
Volume std. pressure:         ambient
starttime endtime PM10 flag_PM10 PM2.5 flag_PM2.5
  2.208333   3.208333   9.783 0.000   8.033 0.000
  5.208333   6.208333   7.284 0.000   4.229 0.000
  8.208333   9.208333   5.183 0.000   2.993 0.000
 11.208333  12.208333  13.985 0.000  10.258 0.000
 14.208333  15.208333  12.168 0.000   6.937 0.000
 17.208333  18.208333  11.531 0.000   8.235 0.000
 20.208333  21.208333  10.346 0.000   8.339 0.000
 23.208333  24.208333  10.029 0.000   8.624 0.000
 26.208333  27.208333   6.215 0.000   4.132 0.000
 29.208333  30.208333  11.743 0.000   7.105 0.000
 32.208333  33.208333  24.535 0.000  21.230 0.000
 35.208333  36.208333   7.104 0.000   4.762 0.000
 38.208333  39.208333   6.374 0.000   4.189 0.000
 41.208333  42.208333  11.311 0.000   8.710 0.000
 44.208333  45.208333   5.740 0.000   4.580 0.000
 47.208333  48.208333  12.288 0.000   8.039 0.000
 50.208333  51.208333  15.493 0.000  10.601 0.000
 53.208333  54.208333   6.361 0.000   4.766 0.000
 56.208333  57.208333  11.318 0.000   9.936 0.000
 59.208333  60.208333  17.381 0.000  14.820 0.000
 62.208333  63.208333   6.293 0.000   5.297 0.000
 65.208333  66.208333  15.386 0.000   8.789 0.000
 68.208333  69.208333  23.499 0.000  18.095 0.000
 71.208333  72.208333  22.036 0.000  15.250 0.000
 74.208333  75.208333   1.692 0.000   1.494 0.000
 77.208333  78.208333  11.735 0.000   9.485 0.000
 80.208333  81.208333  18.595 0.000  12.264 0.000
 83.208333  84.208333  16.241 0.000  12.495 0.000
 86.208333  87.208333  22.019 0.000  16.039 0.000
 89.208333  90.208333  14.698 0.000  11.454 0.000
 92.208333  93.208333  12.904 0.000   8.991 0.000
 95.208333  96.208333   9.242 0.000   6.873 0.000
 98.208333  99.208333  13.710 0.000  10.841 0.000
101.208333 102.208333   7.946 0.000   5.937 0.000
104.208333 105.208333   5.476 0.000   4.743 0.000
107.208333 108.208333 999.999 0.999 999.999 0.999
110.208333 111.208333   9.977 0.000   7.074 0.000
113.208333 114.208333  21.739 0.000  14.733 0.000
116.208333 117.208333  13.221 0.000   9.774 0.000
119.208333 120.208333  14.680 0.000   7.402 0.000
122.208333 123.208333  11.285 0.000   7.316 0.000
125.208333 126.208333  14.541 0.000   4.872 0.000
128.208333 129.208333  10.500 0.000   5.304 0.000
131.208333 132.208333  16.819 0.000  13.291 0.000
134.208333 135.208333  25.669 0.000  17.522 0.000
137.208333 138.208333   9.999 0.000   4.745 0.000
140.208333 141.208333  20.011 0.000  14.351 0.000
143.208333 144.208333  23.811 0.000  13.561 0.000
146.208333 147.208333  30.411 0.000  24.414 0.000
149.208333 150.208333  33.600 0.000  25.924 0.000
152.208333 153.208333  20.558 0.000  16.349 0.000
155.208333 156.208333  10.877 0.000   5.853 0.000
158.208333 159.208333  22.975 0.000  17.422 0.000
161.208333 162.208333  24.740 0.000  18.997 0.000
164.208333 165.208333   8.328 0.000   4.186 0.000
167.208333 168.208333 999.999 0.456  20.104 0.000
170.208333 171.208333  16.427 0.000  10.006 0.000
173.208333 174.208333  14.725 0.000  10.747 0.000
176.208333 177.208333  24.210 0.000  15.228 0.000
179.208333 180.208333  22.734 0.000  15.013 0.000
182.208333 183.208333  15.579 0.000  11.727 0.000
185.208333 186.208333  19.321 0.000  15.714 0.000
188.208333 189.208333  20.279 0.000  16.843 0.000
191.208333 192.208333  12.808 0.000   8.716 0.000
194.208333 195.208333  19.709 0.000  15.903 0.000
197.208333 198.208333  21.231 0.000  15.945 0.000
200.208333 201.208333  12.849 0.000   8.635 0.000
203.208333 204.208333  12.129 0.000   9.274 0.000
206.208333 207.208333  23.460 0.000  18.644 0.000
209.208333 210.208333  19.388 0.000  16.098 0.000
212.208333 213.208333  20.656 0.000  16.197 0.000
215.208333 216.208333  41.163 0.000  37.254 0.000
218.208333 219.208333  30.663 0.000  26.607 0.000
221.208333 222.208333  20.731 0.000  17.031 0.000
224.208333 225.208333  21.506 0.000  18.392 0.000
227.208333 228.208333  23.132 0.000  16.979 0.000
230.208333 231.208333  22.258 0.000  17.685 0.000
233.208333 234.208333  18.451 0.000  12.377 0.000
236.208333 237.208333  22.370 0.000  17.938 0.000
239.208333 240.208333 999.999 0.999 999.999 0.999
242.208333 243.208333  30.414 0.000  25.733 0.000
245.208333 246.208333  25.111 0.000  20.212 0.000
248.208333 249.208333  35.770 0.000  26.251 0.000
251.208333 252.208333  20.439 0.000  16.115 0.000
254.208333 255.208333  17.729 0.000  10.328 0.000
257.208333 258.208333  10.195 0.000   6.061 0.000
260.208333 261.208333  12.145 0.000   8.827 0.000
263.208333 264.208333  11.183 0.000   7.175 0.000
266.208333 267.208333  19.372 0.000  14.378 0.000
269.208333 270.208333  24.610 0.000  20.258 0.000
272.208333 273.208333   8.173 0.000   5.573 0.000
275.208333 276.208333  10.751 0.000   4.708 0.000
278.208333 279.208333  10.352 0.000   7.394 0.000
281.208333 282.208333  19.292 0.000  15.039 0.000
284.208333 285.208333   5.790 0.000   3.992 0.000
287.208333 288.208333  13.761 0.000   8.725 0.000
290.208333 291.208333  15.331 0.000  11.283 0.000
293.208333 294.208333   7.038 0.000   4.755 0.000
296.208333 297.208333   6.556 0.000   4.574 0.000
299.208333 300.208333   5.281 0.000   3.675 0.000
302.208333 303.208333   8.885 0.000   6.565 0.000
305.208333 306.208333   9.372 0.000   5.603 0.000
308.208333 309.208333  11.899 0.000   6.630 0.000
311.208333 312.208333   9.801 0.000   6.163 0.000
314.208333 315.208333  16.417 0.000  13.550 0.000
317.208333 318.208333  16.466 0.000  12.697 0.000
320.208333 321.208333  10.141 0.000   7.069 0.000
323.208333 324.208333  15.124 0.000  11.717 0.000
326.208333 327.208333   3.654 0.000   2.787 0.000
329.208333 330.208333   9.432 0.000   7.518 0.000
332.208333 333.208333   9.797 0.000   5.979 0.000
335.208333 336.208333  10.444 0.000   7.176 0.000
338.208333 339.208333  14.435 0.000  11.321 0.000
341.208333 342.208333  15.335 0.000  11.569 0.000
344.208333 345.208333  16.829 0.000  13.267 0.000
347.208333 348.208333   7.311 0.000   5.114 0.000
350.208333 351.208333   4.500 0.000   3.362 0.000
353.208333 354.208333  15.924 0.000  11.534 0.000
356.208333 357.208333   2.912 0.000   2.204 0.000
359.208333 360.208333  11.160 0.000   9.044 0.000
362.208333 363.208333   8.351 0.000   6.275 0.000
