scripts/IMPROVE-2019_partial/data/US0014R.20110103070000.20191216000000.filterpack...1y.3d.US03L_filterpack_US0014.US03L_IMPROVE_Davis.lev2.nas
52 1001
MISSING INFORMATION
US03L, IMPROVE, , , , , , , 
MISSING INFORMATION
IMPROVE sel_HTAP
1 1
2011 01 01 2019 12 16
3.000000
days from file reference point
5
1 1 1 1 1
999.999999 999.999 9.999 999.999 9.999
end_time of measurement, days from the file reference point
pm10_mass, ug/m3, Matrix=pm10
numflag pm10_mass, no unit, Matrix=pm10
pm25_mass, ug/m3, Matrix=pm25
numflag pm25_mass, no unit, Matrix=pm25
0
33
Data definition:              EBAS_1.1
Set type code:                TU
Timezone:                     UTC
File name:                    US0014R.20110103070000.20191216000000.filterpack...1y.3d.US03L_filterpack_US0014.US03L_IMPROVE_Davis.lev2.nas
File creation:                20191218115620
Startdate:                    20110103070000
Revision date:                20191216000000
Version:                      2
Version description:          "Data extracted from http://views.cira.colostate.edu/fed/DataWizard 2019-12-16"
Statistics:                   arithmetic mean
Data level:                   2
Period code:                  1y
Resolution code:              3d
Sample duration:              1d
Orig. time res.:              3d
Station code:                 US0014R
Platform code:                US0014S
Station name:                 Indian Gardens
Station latitude:             36.0778
Station longitude:            -112.1288
Station altitude:             1166.0 m
Regime:                       IMG
Component:                    
Unit:                         ug/m3
Matrix:                       
Laboratory code:              US03L
Instrument type:              filterpack
Instrument name:              filterpack_US0014
Method ref:                   US03L_IMPROVE_Davis
Blank correction:             Blank corrected
Volume std. temperature:      ambient
Volume std. pressure:         ambient
starttime endtime PM10 flag_PM10 PM2.5 flag_PM2.5
  2.291667   3.291667   2.150 0.000   1.510 0.000
  5.291667   6.291667   2.906 0.000   2.325 0.000
  8.291667   9.291667   4.707 0.000   2.401 0.000
 11.291667  12.291667   2.436 0.000   0.929 0.000
 14.291667  15.291667   1.630 0.000   0.981 0.000
 17.291667  18.291667   2.730 0.000   0.997 0.000
 20.291667  21.291667   1.759 0.000   0.694 0.000
 23.291667  24.291667   2.169 0.000   0.841 0.000
 26.291667  27.291667   2.089 0.000   0.957 0.000
 29.291667  30.291667   6.305 0.000   1.930 0.000
 32.291667  33.291667   3.362 0.000   1.424 0.000
 35.291667  36.291667   2.533 0.000   0.876 0.000
 38.291667  39.291667   3.215 0.000   1.250 0.000
 41.291667  42.291667   2.014 0.000   1.145 0.000
 44.291667  45.291667   5.268 0.000   1.690 0.000
 47.291667  48.291667   6.735 0.000   1.663 0.000
 50.291667  51.291667   1.340 0.000   0.849 0.000
 53.291667  54.291667   2.123 0.000   1.006 0.000
 56.291667  57.291667   3.790 0.000   1.928 0.000
 59.291667  60.291667   1.828 0.000   1.182 0.000
 62.291667  63.291667   3.650 0.000   1.842 0.000
 65.291667  66.291667   5.536 0.000   1.682 0.000
 68.291667  69.291667   3.589 0.000   3.206 0.000
 71.291667  72.291667   7.567 0.000   2.886 0.000
 74.291667  75.291667   9.198 0.000   2.587 0.000
 77.291667  78.291667  30.840 0.000  13.183 0.000
 80.291667  81.291667   1.461 0.000   0.927 0.000
 83.291667  84.291667  12.353 0.000   4.979 0.000
 86.291667  87.291667   7.665 0.000   2.502 0.000
 89.291667  90.291667   3.349 0.000   1.071 0.000
 92.291667  93.291667   9.228 0.000   2.333 0.659
 95.291667  96.291667   8.386 0.000   2.851 0.000
 98.291667  99.291667   1.793 0.000   1.035 0.000
101.291667 102.291667  10.344 0.000   3.139 0.000
104.291667 105.291667  33.116 0.000   9.133 0.000
107.291667 108.291667  21.750 0.000   5.615 0.000
110.291667 111.291667  20.387 0.000   4.330 0.000
113.291667 114.291667  14.787 0.000   4.083 0.000
116.291667 117.291667  10.552 0.000   2.438 0.000
119.291667 120.291667   6.479 0.000   1.565 0.000
122.291667 123.291667  12.371 0.000   4.202 0.000
125.291667 126.291667  18.858 0.000   5.567 0.000
128.291667 129.291667  10.450 0.000   3.840 0.000
131.291667 132.291667   9.105 0.000   5.840 0.000
134.291667 135.291667  17.886 0.000   6.384 0.000
137.291667 138.291667   7.799 0.000   3.190 0.000
140.291667 141.291667   6.878 0.000   3.073 0.000
143.291667 144.291667  12.965 0.000   5.223 0.000
146.291667 147.291667  10.752 0.000   3.390 0.000
149.291667 150.291667   9.718 0.000   3.098 0.000
152.291667 153.291667  10.564 0.000   4.686 0.000
155.291667 156.291667  11.379 0.000   3.851 0.000
158.291667 159.291667  17.708 0.000   4.635 0.000
161.291667 162.291667  14.813 0.000   5.071 0.000
164.291667 165.291667  11.759 0.000   4.283 0.000
167.291667 168.291667  13.398 0.000   5.586 0.000
170.291667 171.291667   8.261 0.000   2.217 0.000
173.291667 174.291667  16.131 0.000   7.153 0.000
176.291667 177.291667  13.519 0.000   3.993 0.000
179.291667 180.291667  29.615 0.000   9.826 0.000
182.291667 183.291667  15.061 0.000   4.784 0.000
185.291667 186.291667  16.639 0.000   7.557 0.000
188.291667 189.291667   8.400 0.000   5.778 0.000
191.291667 192.291667   5.834 0.000   3.610 0.000
194.291667 195.291667   6.395 0.000   3.861 0.000
197.291667 198.291667   8.128 0.000   3.762 0.000
200.291667 201.291667  12.066 0.000   5.650 0.000
203.291667 204.291667  12.666 0.000   5.570 0.000
206.291667 207.291667   7.250 0.000   4.238 0.000
209.291667 210.291667   6.776 0.000   4.115 0.000
212.291667 213.291667   6.001 0.000 999.999 0.999
215.291667 216.291667   7.174 0.000 999.999 0.999
218.291667 219.291667   5.202 0.000 999.999 0.999
221.291667 222.291667  11.501 0.000 999.999 0.999
224.291667 225.291667  13.886 0.000 999.999 0.999
227.291667 228.291667 999.999 0.456 999.999 0.456
230.291667 231.291667 999.999 0.456 999.999 0.456
233.291667 234.291667 999.999 0.456 999.999 0.456
236.291667 237.291667   9.153 0.000   3.877 0.000
239.291667 240.291667  10.022 0.000   5.173 0.000
242.291667 243.291667  15.430 0.000   7.737 0.000
245.291667 246.291667  12.948 0.000   7.125 0.000
248.291667 249.291667   8.546 0.000   6.549 0.000
251.291667 252.291667   7.580 0.000   4.697 0.000
254.291667 255.291667   5.388 0.000   3.114 0.000
257.291667 258.291667   4.899 0.000   2.519 0.000
260.291667 261.291667   6.909 0.000   4.199 0.000
263.291667 264.291667   6.440 0.000   2.878 0.000
266.291667 267.291667   7.472 0.000   2.324 0.000
269.291667 270.291667   5.974 0.000   1.975 0.000
272.291667 273.291667  11.154 0.000   3.924 0.000
275.291667 276.291667   7.085 0.000   3.232 0.000
278.291667 279.291667   2.987 0.000   1.533 0.000
281.291667 282.291667   2.079 0.000   1.182 0.000
284.291667 285.291667   5.452 0.000   2.154 0.000
287.291667 288.291667  24.125 0.000  18.954 0.000
290.291667 291.291667   6.913 0.000   1.958 0.000
293.291667 294.291667  14.731 0.000   4.789 0.000
296.291667 297.291667  31.513 0.000   5.625 0.000
299.291667 300.291667   7.094 0.000   4.180 0.000
302.291667 303.291667   8.459 0.000   3.587 0.000
305.291667 306.291667   6.335 0.000   2.375 0.000
308.291667 309.291667   1.261 0.000   1.010 0.000
311.291667 312.291667   3.252 0.000   2.466 0.000
314.291667 315.291667   3.568 0.000   2.790 0.000
317.291667 318.291667   5.514 0.000   2.620 0.000
320.291667 321.291667   6.025 0.000   2.317 0.000
323.291667 324.291667   6.803 0.000   2.930 0.000
326.291667 327.291667   5.060 0.000   2.136 0.000
329.291667 330.291667   7.213 0.000   1.905 0.000
332.291667 333.291667   4.103 0.000   1.864 0.000
335.291667 336.291667   2.964 0.000   1.545 0.000
338.291667 339.291667   1.579 0.000   1.348 0.000
341.291667 342.291667   1.873 0.000   1.606 0.000
344.291667 345.291667   3.106 0.000   2.462 0.000
347.291667 348.291667   1.141 0.000   0.893 0.000
350.291667 351.291667   2.573 0.000   2.064 0.000
353.291667 354.291667   3.255 0.000   2.037 0.000
356.291667 357.291667   1.702 0.000   0.858 0.000
359.291667 360.291667   2.676 0.000   1.163 0.000
362.291667 363.291667   3.146 0.000   1.537 0.000
