scripts/IMPROVE-2019_partial/data/US0092U.20040101070000.20191216000000.filterpack..pm25.52w.1w.US03L_filterpack_US0092.US03L_IMPROVE_Davis.lev2.nas
66 1001
MISSING INFORMATION
US03L, IMPROVE, , , , , , , 
MISSING INFORMATION
IMPROVE sel_HTAP
1 1
2004 01 01 2019 12 16
3.000000
days from file reference point
27
1 1 1 1 1 1 1 1 1 1 1 1 1 1 1 1 1 1 1 1 1 1 1 1 1 1 1
999.999999 9999.99 9.999 999.99 9.999 9.999 9.999999 99.99 9.999999 99.999 9.999 999.999 9.999 999.999 9.999 999.99 9.999999 999.999 9.999 999.999 9.999 999.999 9.999 9.999 9.999 9.999 9.999
end_time of measurement, days from the file reference point
iron, ng/m3, Revision date=20181210133000
numflag iron, no unit, Revision date=20181210133000
lead, ng/m3, Revision date=20181210133000
numflag lead, no unit, Revision date=20181210133000
magnesium, ug/m3, Revision date=20181210133000
numflag magnesium, no unit, Revision date=20181210133000
nickel, ng/m3, Revision date=20181210133000
numflag nickel, no unit, Revision date=20181210133000
nitrate, ug N/m3, Revision date=20181210133000
numflag nitrate, no unit, Revision date=20181210133000
organic_carbon, ug C/m3, Revision date=20181210133000
numflag organic_carbon, no unit, Revision date=20181210133000
organic_mass, ug/m3, Revision date=20181210133000
numflag organic_mass, no unit, Revision date=20181210133000
phosphorus, ng/m3, Revision date=20181210133000
numflag phosphorus, no unit, Revision date=20181210133000
pm10_mass, ug/m3, Version=2, Version description=Data extracted from http://views.cira.colostate.edu/fed/DataWizard 2019-12-16, Sample duration=1d, Orig. time res.=3d, Matrix=pm10, Blank correction=Blank corrected, Volume std. temperature=ambient, Volume std. pressure=ambient
numflag pm10_mass, no unit, Version=2, Version description=Data extracted from http://views.cira.colostate.edu/fed/DataWizard 2019-12-16, Sample duration=1d, Orig. time res.=3d, Matrix=pm10, Blank correction=Blank corrected, Volume std. temperature=ambient, Volume std. pressure=ambient
pm10_pm25_mass, ug/m3, Revision date=20181210133000, Matrix=pm10_pm25
numflag pm10_pm25_mass, no unit, Revision date=20181210133000, Matrix=pm10_pm25
pm25_mass, ug/m3, Version=2, Version description=Data extracted from http://views.cira.colostate.edu/fed/DataWizard 2019-12-16, Sample duration=1d, Orig. time res.=3d, Blank correction=Blank corrected, Volume std. temperature=ambient, Volume std. pressure=ambient
numflag pm25_mass, no unit, Version=2, Version description=Data extracted from http://views.cira.colostate.edu/fed/DataWizard 2019-12-16, Sample duration=1d, Orig. time res.=3d, Blank correction=Blank corrected, Volume std. temperature=ambient, Volume std. pressure=ambient
potassium, ug/m3, Revision date=20181210133000
numflag potassium, no unit, Revision date=20181210133000
sulphate_total, ug S/m3, Revision date=20181210133000
numflag sulphate_total, no unit, Revision date=20181210133000
0
25
Data definition:              EBAS_1.1
Set type code:                TU
Timezone:                     UTC
File name:                    US0092U.20040101070000.20191216000000.filterpack..pm25.52w.1w.US03L_filterpack_US0092.US03L_IMPROVE_Davis.lev2.nas
File creation:                20191218120138
Startdate:                    20040101070000
Revision date:                20191216000000
Statistics:                   arithmetic mean
Data level:                   2
Period code:                  52w
Resolution code:              1w
Station code:                 US0092U
Platform code:                US0092S
Station name:                 Phoenix
Station latitude:             33.5038
Station longitude:            -112.0958
Station altitude:             342.0 m
Regime:                       IMG
Component:                    
Matrix:                       pm25
Laboratory code:              US03L
Instrument type:              filterpack
Instrument name:              filterpack_US0092
Method ref:                   US03L_IMPROVE_Davis
starttime endtime Fe flag_Fe Pb flag_Pb Mg++ flag_Mg++ Ni flag_Ni NO3- flag_NO3- OC flag_OC OM flag_OM P flag_P PM10 flag_PM10 PM10-PM2.5 flag_PM10-PM2.5 PM2.5 flag_PM2.5 K+ flag_K+ SO4-- flag_SO4--
  0.291667   1.291667 9999.99 0.699 999.99 0.699 9.999 0.699000 99.99 0.699000  0.440 0.559  13.602 0.000  19.044 0.000 999.99 0.699000  34.976 0.000 999.999 0.999 999.999 0.699 9.999 0.699 0.310 0.559
  3.291667   4.291667  161.66 0.559   5.30 0.559 9.999 0.559259 99.99 0.559259  0.336 0.000   9.265 0.000  12.971 0.000 999.99 0.559259  23.619 0.000   6.357 0.000  17.263 0.559 0.198 0.559 0.137 0.000
  6.291667   7.291667  613.59 0.559  12.06 0.559 9.999 0.559259  0.37 0.559000  1.217 0.000  11.855 0.000  16.597 0.000  39.73 0.559000  62.458 0.000  33.346 0.000  29.112 0.559 0.210 0.559 0.314 0.000
  9.291667  10.291667  268.24 0.000   3.41 0.000 9.999 0.259000 99.99 0.259000  0.059 0.000   4.137 0.000   5.792 0.000 999.99 0.259000  19.428 0.000  10.439 0.000   8.989 0.000 0.208 0.000 0.194 0.000
 12.291667  13.291667  360.72 0.559   4.33 0.559 9.999 0.559259  0.25 0.559000  0.150 0.000   4.952 0.000   6.933 0.000  39.23 0.559000  27.323 0.000  16.035 0.000  11.288 0.559 0.118 0.559 0.360 0.000
 15.291667  16.291667  305.47 0.559   5.33 0.559 9.999 0.559259  0.08 0.559000  0.475 0.000   4.760 0.000   6.664 0.000 999.99 0.559259  33.523 0.000  20.814 0.000  12.710 0.559 0.121 0.559 0.311 0.000
 18.291667  19.291667  209.28 0.559   7.25 0.559 9.999 0.559259 99.99 0.559259  0.632 0.559   5.160 0.000   7.224 0.000 999.99 0.559259  29.316 0.000  15.197 0.000  14.119 0.559 0.132 0.559 0.661 0.559
 21.291667  22.291667   85.32 0.000   1.40 0.000 9.999 0.259000  0.25 0.000000  0.088 0.000   1.237 0.000   1.731 0.000 999.99 0.259000   8.259 0.000   3.619 0.000   4.640 0.000 0.031 0.000 0.401 0.000
 24.291667  25.291667   54.11 0.559   1.99 0.559 9.999 0.559259 99.99 0.559259  0.415 0.000   1.999 0.000   2.799 0.000 999.99 0.559259  10.026 0.000   3.343 0.000   6.684 0.559 0.039 0.559 0.254 0.000
 27.291667  28.291667  212.99 0.000   5.39 0.000 0.069 0.000000  0.15 0.000000  0.593 0.000   4.832 0.000   6.765 0.000 999.99 0.259000  21.784 0.000  10.491 0.000  11.293 0.000 0.103 0.000 0.101 0.000
 30.291667  31.291667  118.83 0.000   3.84 0.000 9.999 0.259000  0.22 0.000000  0.859 0.000   2.695 0.000   3.772 0.000 999.99 0.259000  27.240 0.000  16.567 0.000  10.674 0.000 0.082 0.000 0.267 0.000
 33.291667  34.291667  140.56 0.559   3.87 0.559 0.049 0.559000  0.20 0.559000  0.358 0.000   2.058 0.000   2.881 0.000 999.99 0.559259  16.319 0.000   9.136 0.000   7.183 0.559 0.076 0.559 0.151 0.000
 36.291667  37.291667  250.28 0.559   4.67 0.559 9.999 0.559259  0.12 0.559000  0.551 0.000   5.532 0.000   7.745 0.000 999.99 0.559259  25.587 0.000  12.629 0.000  12.959 0.559 0.100 0.559 0.263 0.000
 39.291667  40.291667  284.11 0.559   5.90 0.559 9.999 0.559259 99.99 0.559259  0.466 0.000   7.618 0.000  10.665 0.000 999.99 0.559259  33.689 0.000  18.154 0.000  15.534 0.559 0.142 0.559 0.092 0.000
 42.291667  43.291667  179.34 0.559   1.84 0.559 0.076 0.559000  0.12 0.559000  0.086 0.000   1.374 0.000   1.924 0.000 999.99 0.559259  19.806 0.000  14.589 0.000   5.216 0.559 0.057 0.559 0.170 0.000
 45.291667  46.291667  278.84 0.559   5.12 0.559 0.070 0.559000  0.18 0.559000  0.585 0.000   7.149 0.000  10.009 0.000 999.99 0.559259  30.341 0.000  13.542 0.000  16.799 0.559 0.170 0.559 0.224 0.000
 48.291667  49.291667  672.95 0.559   5.14 0.559 0.199 0.559000  0.14 0.559000  0.241 0.000   4.511 0.000   6.315 0.000 999.99 0.559259  89.368 0.000  71.252 0.000  18.116 0.559 0.228 0.559 0.312 0.000
 51.291667  52.291667  226.28 0.559   3.97 0.559 0.054 0.559000 99.99 0.559259  0.481 0.000   2.291 0.000   3.207 0.000 999.99 0.559259  26.874 0.000  16.457 0.000  10.417 0.559 0.121 0.559 0.323 0.000
 54.291667  55.291667  140.33 0.559   3.07 0.559 9.999 0.559259 99.99 0.559259  0.981 0.000   4.808 0.000   6.731 0.000 999.99 0.559259  18.769 0.000   5.594 0.000  13.174 0.559 0.059 0.559 0.205 0.000
 57.291667  58.291667  138.94 0.559   3.11 0.559 9.999 0.559259  0.09 0.559000  0.464 0.000   1.614 0.000   2.260 0.000 999.99 0.559259  20.670 0.000  12.837 0.000   7.833 0.559 0.057 0.559 0.260 0.000
 60.291667  61.291667  141.68 0.559   3.09 0.559 9.999 0.559259  0.16 0.559000  0.352 0.000   3.955 0.000   5.537 0.000 999.99 0.559259  17.546 0.000   9.258 0.000   8.287 0.559 0.072 0.559 0.200 0.000
 63.291667  64.291667   68.48 0.559   1.32 0.559 9.999 0.559259 99.99 0.559259  0.370 0.000   1.376 0.000   1.926 0.000 999.99 0.559259   7.557 0.000   2.644 0.000   4.913 0.559 0.026 0.559 0.207 0.000
 66.291667  67.291667  164.32 0.000   4.05 0.000 9.999 0.259000 99.99 0.259000  0.677 0.000   5.123 0.000   7.173 0.000  21.63 0.000000  18.546 0.000   7.370 0.000  11.176 0.000 0.089 0.000 0.365 0.000
 69.291667  70.291667  447.06 0.559   3.62 0.559 9.999 0.559259  0.10 0.559000  0.086 0.000   3.430 0.000   4.802 0.000 999.99 0.559259  32.680 0.000  21.051 0.000  11.629 0.559 0.177 0.559 0.274 0.000
 72.291667  73.291667   94.59 0.000   1.97 0.000 0.063 0.000000  0.20 0.000000  0.123 0.000   1.943 0.000   2.720 0.000 999.99 0.259000  11.752 0.000   5.938 0.000   5.814 0.000 0.055 0.000 0.395 0.000
 75.291667  76.291667  375.46 0.559   4.63 0.559 9.999 0.559259  0.32 0.559000  0.138 0.000   4.603 0.000   6.445 0.000  34.29 0.559000  29.619 0.000  17.887 0.000  11.732 0.559 0.110 0.559 0.331 0.000
 78.291667  79.291667  423.88 0.559   5.57 0.559 9.999 0.559259  0.09 0.559000  0.125 0.000   3.888 0.000   5.443 0.000 999.99 0.559259  32.655 0.000  19.957 0.000  12.698 0.559 0.148 0.559 0.518 0.000
 81.291667  82.291667  140.29 0.000   2.16 0.000 9.999 0.259000  0.07 0.000000  0.053 0.000   1.631 0.000   2.283 0.000 999.99 0.259000  22.417 0.000  14.986 0.000   7.431 0.000 0.079 0.000 0.586 0.000
 84.291667  85.291667  322.81 0.000   2.85 0.000 9.999 0.259000  0.23 0.000000  0.118 0.000   2.054 0.000   2.875 0.000  33.12 0.000000  29.003 0.000  18.424 0.000  10.579 0.000 0.123 0.000 0.441 0.000
 87.291667  88.291667  257.82 0.559   2.87 0.559 9.999 0.559259  0.11 0.559000  0.065 0.000   2.077 0.000   2.908 0.000 999.99 0.559259  20.057 0.000  12.233 0.000   7.825 0.559 0.109 0.559 0.227 0.000
 90.291667  91.291667  257.02 0.000   2.81 0.000 0.138 0.000000  0.84 0.000000  0.087 0.000   2.812 0.000   3.936 0.000 999.99 0.259000  35.177 0.000  24.493 0.000  10.684 0.000 0.172 0.000 0.492 0.000
 93.291667  94.291667   47.68 0.000   1.08 0.000 0.060 0.000000  0.15 0.000000  0.198 0.000   1.167 0.000   1.633 0.000 999.99 0.259000   7.689 0.000   3.660 0.000   4.028 0.000 0.036 0.000 0.263 0.000
 96.291667  97.291667  117.33 0.000   2.06 0.000 9.999 0.259000 99.99 0.259000  0.189 0.000   1.707 0.000   2.390 0.000 999.99 0.259000  12.706 0.000   7.245 0.000   5.462 0.000 0.032 0.000 0.454 0.000
 99.291667 100.291667  155.37 0.000   2.72 0.000 0.095 0.000000  0.20 0.000000  0.197 0.000   1.715 0.000   2.401 0.000 999.99 0.259000  18.450 0.000  11.749 0.000   6.701 0.000 0.068 0.000 0.431 0.000
102.291667 103.291667  155.36 0.000   4.15 0.000 0.076 0.000000 99.99 0.259000  0.083 0.000   2.159 0.000   3.022 0.000 999.99 0.259000  16.272 0.000   9.901 0.000   6.371 0.000 0.068 0.000 0.425 0.000
105.291667 106.291667  253.50 0.000   2.93 0.000 9.999 0.259000  0.41 0.000000  0.051 0.000   1.279 0.000   1.791 0.000 999.99 0.259000  22.066 0.000  15.182 0.000   6.884 0.000 0.121 0.000 0.409 0.000
108.291667 109.291667  232.62 0.000   1.97 0.000 9.999 0.259000 99.99 0.259000  0.104 0.000   1.523 0.000   2.132 0.000 999.99 0.259000  35.384 0.000  28.045 0.000   7.339 0.000 0.130 0.000 0.258 0.000
111.291667 112.291667  268.46 0.000   5.38 0.000 0.106 0.000000  0.21 0.000000  0.154 0.000   2.018 0.000   2.825 0.000 999.99 0.259000  29.627 0.000  19.317 0.000  10.310 0.000 0.149 0.000 0.637 0.000
114.291667 115.291667  154.08 0.000   1.64 0.000 9.999 0.259000 99.99 0.259000  0.057 0.000   2.510 0.000   3.514 0.000 999.99 0.259000  19.272 0.000  13.019 0.000   6.253 0.000 0.062 0.000 0.193 0.000
117.291667 118.291667  242.69 0.000   5.18 0.000 0.092 0.000000 99.99 0.259000  0.062 0.000   2.534 0.000   3.548 0.000 999.99 0.259000  27.613 0.000  18.206 0.000   9.408 0.000 0.115 0.000 0.558 0.000
120.291667 121.291667  147.62 0.000   1.03 0.000 9.999 0.259000 99.99 0.259000  0.027 0.000   1.265 0.000   1.771 0.000 999.99 0.259000  17.444 0.000  13.027 0.000   4.416 0.000 0.053 0.000 0.105 0.000
123.291667 124.291667  206.09 0.000   3.98 0.000 0.065 0.000000  0.08 0.000000  0.056 0.000   2.526 0.000   3.536 0.000 999.99 0.259000  24.387 0.000  15.692 0.000   8.696 0.000 0.095 0.000 0.384 0.000
126.291667 127.291667  278.84 0.000   2.00 0.000 9.999 0.259000  0.20 0.000000  0.089 0.000   2.102 0.000   2.942 0.000 999.99 0.259000  29.504 0.000  19.696 0.000   9.807 0.000 0.144 0.000 0.445 0.000
129.291667 130.291667  312.01 0.000   1.88 0.000 9.999 0.259000  0.30 0.000000  0.105 0.000   2.047 0.000   2.866 0.000  35.22 0.000000  21.162 0.000  10.745 0.000  10.417 0.000 0.168 0.000 0.544 0.000
132.291667 133.291667  142.47 0.000   1.40 0.000 9.999 0.259000  0.24 0.000000  0.127 0.000   1.323 0.000   1.852 0.000 999.99 0.259000  28.271 0.000  19.598 0.000   8.673 0.000 0.086 0.000 0.381 0.000
135.291667 136.291667  265.99 0.000   2.93 0.000 9.999 0.259000 99.99 0.259000  0.103 0.000   3.134 0.000   4.388 0.000 999.99 0.259000  26.389 0.000  16.977 0.000   9.412 0.000 0.124 0.000 0.399 0.000
138.291667 139.291667  153.46 0.000   1.48 0.000 9.999 0.259000  0.15 0.000000  0.082 0.000   1.571 0.000   2.199 0.000 999.99 0.259000  18.810 0.000  13.166 0.000   5.644 0.000 0.078 0.000 0.254 0.000
141.291667 142.291667  257.53 0.000   2.18 0.000 0.063 0.000000  0.20 0.000000  0.094 0.000   1.536 0.000   2.151 0.000  23.19 0.000000  27.038 0.000  19.399 0.000   7.639 0.000 0.128 0.000 0.270 0.000
144.291667 145.291667  173.34 0.000   2.47 0.000 9.999 0.259000  0.27 0.000000  0.075 0.000   1.274 0.000   1.783 0.000 999.99 0.259000  19.190 0.000  12.730 0.000   6.459 0.000 0.097 0.000 0.387 0.000
147.291667 148.291667  210.67 0.000   2.34 0.000 9.999 0.259000  0.23 0.000000  0.167 0.000   1.989 0.000   2.785 0.000 999.99 0.259000  30.919 0.000  22.043 0.000   8.877 0.000 0.118 0.000 0.445 0.000
150.291667 151.291667  139.60 0.000   2.15 0.000 9.999 0.259000  0.18 0.000000  0.090 0.000   1.468 0.000   2.055 0.000 999.99 0.259000  23.258 0.000  16.253 0.000   7.005 0.000 0.093 0.000 0.402 0.000
153.291667 154.291667  363.41 0.000   2.50 0.000 9.999 0.259000  0.33 0.000000  0.093 0.000   2.232 0.000   3.125 0.000 999.99 0.259000  32.353 0.000  21.936 0.000  10.417 0.000 0.167 0.000 0.451 0.000
156.291667 157.291667  227.39 0.000   1.53 0.000 0.079 0.000000  0.23 0.000000  0.085 0.000   2.080 0.000   2.913 0.000 999.99 0.259000  21.402 0.000  13.200 0.000   8.202 0.000 0.138 0.000 0.447 0.000
159.291667 160.291667  161.48 0.000   1.43 0.000 0.074 0.000000  0.15 0.000000  0.094 0.000   1.224 0.000   1.714 0.000 999.99 0.259000  24.746 0.000  18.245 0.000   6.501 0.000 0.104 0.000 0.339 0.000
162.291667 163.291667 9999.99 0.999 999.99 0.999 9.999 0.999000 99.99 0.999000 99.999 0.999 999.999 0.999 999.999 0.999 999.99 0.999000 999.999 0.999 999.999 0.999 999.999 0.999 9.999 0.999 9.999 0.999
165.291667 166.291667 9999.99 0.999 999.99 0.999 9.999 0.999000 99.99 0.999000 99.999 0.999 999.999 0.999 999.999 0.999 999.99 0.999000 999.999 0.999 999.999 0.999 999.999 0.999 9.999 0.999 9.999 0.999
168.291667 169.291667 9999.99 0.999 999.99 0.999 9.999 0.999000 99.99 0.999000 99.999 0.999 999.999 0.999 999.999 0.999 999.99 0.999000 999.999 0.999 999.999 0.999 999.999 0.999 9.999 0.999 9.999 0.999
171.291667 172.291667 9999.99 0.999 999.99 0.999 9.999 0.999000 99.99 0.999000 99.999 0.999 999.999 0.999 999.999 0.999 999.99 0.999000 999.999 0.999 999.999 0.999 999.999 0.999 9.999 0.999 9.999 0.999
174.291667 175.291667 9999.99 0.999 999.99 0.999 9.999 0.999000 99.99 0.999000 99.999 0.999 999.999 0.999 999.999 0.999 999.99 0.999000 999.999 0.999 999.999 0.999 999.999 0.999 9.999 0.999 9.999 0.999
177.291667 178.291667  276.35 0.000   2.05 0.000 9.999 0.259000  0.26 0.000000  0.067 0.000   1.802 0.000   2.523 0.000 999.99 0.259000  16.001 0.000   7.983 0.000   8.017 0.000 0.140 0.000 0.379 0.000
180.291667 181.291667  145.45 0.000   1.17 0.000 9.999 0.259000  0.19 0.000000  0.047 0.000   1.178 0.000   1.649 0.000 999.99 0.259000  22.580 0.000  17.602 0.000   4.978 0.000 0.075 0.000 0.239 0.000
183.291667 184.291667  202.28 0.000   0.92 0.000 9.999 0.259000 99.99 0.259000  0.039 0.000   1.683 0.000   2.356 0.000 999.99 0.259000  22.998 0.000  17.395 0.000   5.603 0.000 0.106 0.000 0.158 0.000
186.291667 187.291667  197.64 0.000   3.42 0.000 0.068 0.000000  0.07 0.000000  0.103 0.000   2.077 0.000   2.908 0.000 999.99 0.259000  25.107 0.000  16.336 0.000   8.770 0.000 0.843 0.000 0.430 0.000
189.291667 190.291667  215.77 0.000   1.12 0.000 0.038 0.000000  0.24 0.000000  0.062 0.000   1.359 0.000   1.903 0.000 999.99 0.259000  27.169 0.000  20.521 0.000   6.648 0.000 0.104 0.000 0.323 0.000
192.291667 193.291667   81.23 0.000   1.87 0.000 0.032 0.000000  0.14 0.000000  0.061 0.000   1.726 0.000   2.416 0.000 999.99 0.259000  16.610 0.000  11.222 0.000   5.388 0.000 0.064 0.000 0.460 0.000
195.291667 196.291667  190.27 0.000   1.45 0.000 9.999 0.259000  0.31 0.000000  0.151 0.000   1.459 0.000   2.042 0.000  33.20 0.000000  19.453 0.000  11.831 0.000   7.621 0.000 0.126 0.000 0.400 0.000
198.291667 199.291667  101.78 0.000   1.06 0.000 9.999 0.259000  0.14 0.000000  0.078 0.000   1.486 0.000   2.081 0.000 999.99 0.259000  15.473 0.000  10.390 0.000   5.083 0.000 0.057 0.000 0.363 0.000
201.291667 202.291667  225.44 0.000   1.27 0.000 9.999 0.259000  0.44 0.000000  0.085 0.000   1.566 0.000   2.193 0.000 999.99 0.259000  41.192 0.000  32.893 0.000   8.299 0.000 0.129 0.000 0.486 0.000
204.291667 205.291667  129.55 0.000   1.42 0.000 0.064 0.000000  0.50 0.000000  0.176 0.000   1.165 0.000   1.631 0.000 999.99 0.259000  27.614 0.000  20.791 0.000   6.823 0.000 0.091 0.000 0.608 0.000
207.291667 208.291667   68.20 0.000   1.14 0.000 9.999 0.259000 99.99 0.259000  0.176 0.000   1.657 0.000   2.319 0.000 999.99 0.259000  12.995 0.000   8.326 0.000   4.669 0.000 0.038 0.000 0.321 0.000
210.291667 211.291667  391.62 0.000   2.00 0.000 0.104 0.000000  1.15 0.000000  0.130 0.000   1.395 0.000   1.953 0.000 999.99 0.259000 999.999 0.456 999.999 0.999  10.402 0.000 0.176 0.000 0.579 0.000
213.291667 214.291667  305.55 0.000   1.24 0.000 9.999 0.259000  0.27 0.000000  0.078 0.000   1.657 0.000   2.320 0.000 999.99 0.259000 999.999 0.456 999.999 0.999   9.467 0.000 0.158 0.000 0.471 0.000
216.291667 217.291667  148.94 0.000   0.84 0.000 9.999 0.259000  0.49 0.000000  0.056 0.000   0.975 0.000   1.364 0.000 999.99 0.259000  21.732 0.000  16.080 0.000   5.652 0.000 0.069 0.000 0.399 0.000
219.291667 220.291667   92.29 0.000   1.36 0.000 9.999 0.259000  0.10 0.000000  0.059 0.000   1.891 0.000   2.648 0.000 999.99 0.259000  14.656 0.000   9.514 0.000   5.142 0.000 0.048 0.000 0.389 0.000
222.291667 223.291667  112.89 0.000   2.37 0.000 9.999 0.259000  0.12 0.000000  0.047 0.000   1.469 0.000   2.056 0.000 999.99 0.259000  19.534 0.000  14.113 0.000   5.421 0.000 0.053 0.000 0.399 0.000
225.291667 226.291667  277.66 0.000   1.25 0.000 9.999 0.259000  0.20 0.000000  0.064 0.000   1.486 0.000   2.080 0.000 999.99 0.259000  35.172 0.000  27.218 0.000   7.954 0.000 0.139 0.000 0.380 0.000
228.291667 229.291667  109.32 0.000   1.04 0.000 9.999 0.259000  0.13 0.000000  0.081 0.000   1.671 0.000   2.340 0.000 999.99 0.259000  19.087 0.000  13.063 0.000   6.024 0.000 0.068 0.000 0.402 0.000
231.291667 232.291667  138.62 0.000   0.95 0.000 9.999 0.259000  0.14 0.000000  0.066 0.000   2.236 0.000   3.130 0.000 999.99 0.259000  17.565 0.000  12.246 0.000   5.319 0.000 0.051 0.000 0.332 0.000
234.291667 235.291667   82.96 0.000   1.08 0.000 9.999 0.259000 99.99 0.259000  0.034 0.000   0.912 0.000   1.277 0.000 999.99 0.259000  13.645 0.000   9.651 0.000   3.994 0.000 0.046 0.000 0.341 0.000
