scripts/IMPROVE-2019_partial/data/US0048R.20130101060000.20191216000000.filterpack...52w.3d.US03L_filterpack_US0048.US03L_IMPROVE_Davis.lev2.nas
52 1001
MISSING INFORMATION
US03L, IMPROVE, , , , , , , 
MISSING INFORMATION
IMPROVE sel_HTAP
1 1
2013 01 01 2019 12 16
3.00
days from file reference point
5
1 1 1 1 1
999.99 999.999 9.999 999.999 9.999
end_time of measurement, days from the file reference point
pm10_mass, ug/m3, Matrix=pm10
numflag pm10_mass, no unit, Matrix=pm10
pm25_mass, ug/m3, Matrix=pm25
numflag pm25_mass, no unit, Matrix=pm25
0
33
Data definition:              EBAS_1.1
Set type code:                TU
Timezone:                     UTC
File name:                    US0048R.20130101060000.20191216000000.filterpack...52w.3d.US03L_filterpack_US0048.US03L_IMPROVE_Davis.lev2.nas
File creation:                20191218115819
Startdate:                    20130101060000
Revision date:                20191216000000
Version:                      2
Version description:          "Data extracted from http://views.cira.colostate.edu/fed/DataWizard 2019-12-16"
Statistics:                   arithmetic mean
Data level:                   2
Period code:                  52w
Resolution code:              3d
Sample duration:              1d
Orig. time res.:              3d
Station code:                 US0048R
Platform code:                US0048S
Station name:                 Boundary Waters Canoe Area
Station latitude:             47.9466
Station longitude:            -91.4955
Station altitude:             526.0 m
Regime:                       IMG
Component:                    
Unit:                         ug/m3
Matrix:                       
Laboratory code:              US03L
Instrument type:              filterpack
Instrument name:              filterpack_US0048
Method ref:                   US03L_IMPROVE_Davis
Blank correction:             Blank corrected
Volume std. temperature:      ambient
Volume std. pressure:         ambient
starttime endtime PM10 flag_PM10 PM2.5 flag_PM2.5
  0.25   1.25   3.940 0.000   3.366 0.000
  3.25   4.25   2.666 0.000   1.843 0.000
  6.25   7.25   4.418 0.000   3.089 0.000
  9.25  10.25 999.999 0.999 999.999 0.999
 12.25  13.25 999.999 0.999 999.999 0.999
 15.25  16.25   4.025 0.000   2.046 0.000
 18.25  19.25   2.361 0.000   1.411 0.000
 21.25  22.25   3.421 0.000   2.295 0.000
 24.25  25.25   5.023 0.000   2.873 0.000
 27.25  28.25   6.082 0.000   4.619 0.000
 30.25  31.25   2.332 0.000   1.575 0.000
 33.25  34.25   3.260 0.000   2.348 0.000
 36.25  37.25   2.772 0.000   2.127 0.000
 39.25  40.25   7.793 0.000   6.664 0.000
 42.25  43.25   3.627 0.000   3.120 0.000
 45.25  46.25   4.686 0.000   3.755 0.000
 48.25  49.25 999.999 0.999 999.999 0.999
 51.25  52.25   1.181 0.000   0.782 0.000
 54.25  55.25   1.601 0.000   1.189 0.000
 57.25  58.25   3.671 0.000   3.049 0.000
 60.25  61.25   1.769 0.000   1.506 0.000
 63.25  64.25   2.267 0.000   1.453 0.000
 66.25  67.25  12.130 0.000   8.751 0.000
 69.25  70.25   1.603 0.000   0.915 0.000
 72.25  73.25   4.284 0.000   2.944 0.000
 75.25  76.25 999.999 0.999 999.999 0.999
 78.25  79.25 999.999 0.999 999.999 0.999
 81.25  82.25   1.716 0.000   1.378 0.000
 84.25  85.25   0.681 0.000   0.387 0.000
 87.25  88.25   7.550 0.000   4.056 0.000
 90.25  91.25   1.896 0.000   1.179 0.000
 93.25  94.25   5.471 0.000   3.353 0.000
 96.25  97.25 999.999 0.999 999.999 0.999
 99.25 100.25   2.738 0.000   2.021 0.000
102.25 103.25   1.539 0.000   1.222 0.000
105.25 106.25   0.428 0.000   0.361 0.000
108.25 109.25 999.999 0.999 999.999 0.999
111.25 112.25 999.999 0.999 999.999 0.999
114.25 115.25   5.436 0.000   3.782 0.000
117.25 118.25  15.899 0.000   8.846 0.000
120.25 121.25   2.251 0.000   1.578 0.000
123.25 124.25   0.176 0.000   0.275 0.000
126.25 127.25   7.620 0.000   4.581 0.000
129.25 130.25   2.528 0.000   1.827 0.000
132.25 133.25   3.855 0.000   2.228 0.000
135.25 136.25   3.714 0.000   2.267 0.000
138.25 139.25   4.689 0.000   3.477 0.000
141.25 142.25   3.609 0.000   1.845 0.000
144.25 145.25   4.479 0.000   2.046 0.000
147.25 148.25  10.910 0.000   5.447 0.000
150.25 151.25   8.981 0.000   3.303 0.000
153.25 154.25   3.475 0.000   1.819 0.000
156.25 157.25   6.979 0.000   3.690 0.000
159.25 160.25   8.807 0.000   4.802 0.000
162.25 163.25  10.035 0.000   3.035 0.000
165.25 166.25  11.242 0.000   4.204 0.000
168.25 169.25   6.128 0.000   1.787 0.000
171.25 172.25  12.036 0.000   6.056 0.000
174.25 175.25   8.565 0.000   2.924 0.000
177.25 178.25   8.289 0.000   3.020 0.000
180.25 181.25  25.825 0.000  22.559 0.000
183.25 184.25   7.213 0.000   4.282 0.000
186.25 187.25  20.692 0.000  12.635 0.000
189.25 190.25   9.770 0.000   5.942 0.000
192.25 193.25  21.931 0.000  14.395 0.000
195.25 196.25  11.552 0.000   8.662 0.000
198.25 199.25   7.320 0.000   3.423 0.000
201.25 202.25   3.090 0.000   1.604 0.000
204.25 205.25   4.894 0.000   2.154 0.000
207.25 208.25   1.949 0.000   0.883 0.000
210.25 211.25   8.314 0.000   4.546 0.000
213.25 214.25   4.883 0.000   2.604 0.000
216.25 217.25   7.269 0.000   4.638 0.000
219.25 220.25 999.999 0.456   1.834 0.000
222.25 223.25 999.999 0.456   2.696 0.000
225.25 226.25   3.729 0.000   1.889 0.000
228.25 229.25  14.581 0.000   7.077 0.000
231.25 232.25  22.652 0.000  13.445 0.000
234.25 235.25   7.546 0.000   2.984 0.000
237.25 238.25  16.010 0.000   9.494 0.000
240.25 241.25   8.208 0.000   5.128 0.000
243.25 244.25   3.522 0.000   1.550 0.000
246.25 247.25   2.928 0.000   1.184 0.000
249.25 250.25   9.342 0.000   5.586 0.000
252.25 253.25   3.083 0.000   1.395 0.000
255.25 256.25   2.536 0.000   1.008 0.000
258.25 259.25   2.296 0.000   1.032 0.000
261.25 262.25   9.351 0.000   5.809 0.000
264.25 265.25   1.818 0.000   0.564 0.000
267.25 268.25  10.343 0.000   6.051 0.000
270.25 271.25  12.972 0.000   7.160 0.000
273.25 274.25  11.816 0.000   2.637 0.000
276.25 277.25   6.017 0.000   2.105 0.000
279.25 280.25   4.372 0.000   1.877 0.000
282.25 283.25 999.999 0.999 999.999 0.999
285.25 286.25 999.999 0.999 999.999 0.999
288.25 289.25 999.999 0.999 999.999 0.999
291.25 292.25 999.999 0.999 999.999 0.999
294.25 295.25   0.874 0.000   0.567 0.000
297.25 298.25   2.872 0.000   1.610 0.000
300.25 301.25   0.708 0.000   0.447 0.000
303.25 304.25   1.821 0.000   1.061 0.000
306.25 307.25   2.746 0.000   1.792 0.000
309.25 310.25   4.438 0.000   1.888 0.000
312.25 313.25   1.504 0.000   1.081 0.000
315.25 316.25   4.084 0.000   1.461 0.000
318.25 319.25   6.888 0.000   4.624 0.000
321.25 322.25   1.349 0.000   0.777 0.000
324.25 325.25   5.524 0.000   3.602 0.000
327.25 328.25 999.999 0.999 999.999 0.999
330.25 331.25   1.710 0.000   0.780 0.000
333.25 334.25  24.251 0.000  11.713 0.000
336.25 337.25   2.455 0.000   1.159 0.000
339.25 340.25   3.275 0.000   2.016 0.000
342.25 343.25   6.682 0.000   5.906 0.000
345.25 346.25   4.280 0.000   3.005 0.000
348.25 349.25   1.865 0.000   1.402 0.000
351.25 352.25   3.760 0.000   2.893 0.000
354.25 355.25   1.778 0.000   1.485 0.000
357.25 358.25   3.028 0.000   2.903 0.000
360.25 361.25   4.978 0.000   4.400 0.000
363.25 364.25   7.100 0.000   5.218 0.000
