scripts/IMPROVE-2019_partial/data/US0086R.20000101050000.20191216000000.filterpack..pm25.52w.1w.US03L_filterpack_US0086.US03L_IMPROVE_Davis.lev2.nas
68 1001
MISSING INFORMATION
US03L, IMPROVE, , , , , , , 
MISSING INFORMATION
IMPROVE sel_HTAP
1 1
2000 01 01 2019 12 16
0
days from file reference point
29
1 1 1 1 1 1 1 1 1 1 1 1 1 1 1 1 1 1 1 1 1 1 1 1 1 1 1 1 1
999.999999 99.999 9.999 9999.99 9.999 999.99 9.999 9.999 9.999999 99.99 9.999999 9.999 9.999 99.999 9.999 99.999 9.999 99.99 9.999999 999.999 9.999 999.999 9.999 999.999 9.999 9.999 9.999 99.999 9.999
end_time of measurement, days from the file reference point
ammonium, ug N/m3, Revision date=20181210133000
numflag ammonium, no unit, Revision date=20181210133000
iron, ng/m3, Revision date=20181210133000
numflag iron, no unit, Revision date=20181210133000
lead, ng/m3, Revision date=20181210133000
numflag lead, no unit, Revision date=20181210133000
magnesium, ug/m3, Revision date=20181210133000
numflag magnesium, no unit, Revision date=20181210133000
nickel, ng/m3, Revision date=20181210133000
numflag nickel, no unit, Revision date=20181210133000
nitrate, ug N/m3, Revision date=20181210133000
numflag nitrate, no unit, Revision date=20181210133000
organic_carbon, ug C/m3, Revision date=20181210133000
numflag organic_carbon, no unit, Revision date=20181210133000
organic_mass, ug/m3, Revision date=20181210133000
numflag organic_mass, no unit, Revision date=20181210133000
phosphorus, ng/m3, Revision date=20181210133000
numflag phosphorus, no unit, Revision date=20181210133000
pm10_mass, ug/m3, Version=2, Version description=Data extracted from http://views.cira.colostate.edu/fed/DataWizard 2019-12-16, Sample duration=1d, Orig. time res.=3d, Matrix=pm10, Blank correction=Blank corrected, Volume std. temperature=ambient, Volume std. pressure=ambient
numflag pm10_mass, no unit, Version=2, Version description=Data extracted from http://views.cira.colostate.edu/fed/DataWizard 2019-12-16, Sample duration=1d, Orig. time res.=3d, Matrix=pm10, Blank correction=Blank corrected, Volume std. temperature=ambient, Volume std. pressure=ambient
pm10_pm25_mass, ug/m3, Revision date=20181210133000, Matrix=pm10_pm25
numflag pm10_pm25_mass, no unit, Revision date=20181210133000, Matrix=pm10_pm25
pm25_mass, ug/m3, Version=2, Version description=Data extracted from http://views.cira.colostate.edu/fed/DataWizard 2019-12-16, Sample duration=1d, Orig. time res.=3d, Blank correction=Blank corrected, Volume std. temperature=ambient, Volume std. pressure=ambient
numflag pm25_mass, no unit, Version=2, Version description=Data extracted from http://views.cira.colostate.edu/fed/DataWizard 2019-12-16, Sample duration=1d, Orig. time res.=3d, Blank correction=Blank corrected, Volume std. temperature=ambient, Volume std. pressure=ambient
potassium, ug/m3, Revision date=20181210133000
numflag potassium, no unit, Revision date=20181210133000
sulphate_total, ug S/m3, Revision date=20181210133000
numflag sulphate_total, no unit, Revision date=20181210133000
0
25
Data definition:              EBAS_1.1
Set type code:                TI
Timezone:                     UTC
File name:                    US0086R.20000101050000.20191216000000.filterpack..pm25.52w.1w.US03L_filterpack_US0086.US03L_IMPROVE_Davis.lev2.nas
File creation:                20191218120111
Startdate:                    20000101050000
Revision date:                20191216000000
Statistics:                   arithmetic mean
Data level:                   2
Period code:                  52w
Resolution code:              1w
Station code:                 US0086R
Platform code:                US0086S
Station name:                 Dolly Sods Wilderness
Station latitude:             39.1053
Station longitude:            -79.4261
Station altitude:             1182.0 m
Regime:                       IMG
Component:                    
Matrix:                       pm25
Laboratory code:              US03L
Instrument type:              filterpack
Instrument name:              filterpack_US0086
Method ref:                   US03L_IMPROVE_Davis
starttime endtime NH4+ flag_NH4+ Fe flag_Fe Pb flag_Pb Mg++ flag_Mg++ Ni flag_Ni NO3- flag_NO3- OC flag_OC OM flag_OM P flag_P PM10 flag_PM10 PM10-PM2.5 flag_PM10-PM2.5 PM2.5 flag_PM2.5 K+ flag_K+ SO4-- flag_SO4--
  0.208333   1.208333  0.950 0.699   22.06 0.000   1.37 0.000 9.999 0.259000 99.99 0.259000 0.084 0.699  2.456 0.000  3.439 0.000 99.99 0.259000  13.591 0.000   3.367 0.000  10.224 0.000 0.070 0.000  1.024 0.699
  4.208333   5.208333  0.729 0.699   12.56 0.559   1.98 0.559 9.999 0.559259 99.99 0.559259 0.097 0.699  2.542 0.000  3.559 0.000 99.99 0.559259   9.062 0.000   1.954 0.000   7.107 0.559 0.035 0.559  0.783 0.699
  7.208333   8.208333  0.340 0.559   14.28 0.000   1.68 0.000 0.011 0.000000 99.99 0.259000 0.173 0.559  1.762 0.000  2.467 0.000 99.99 0.259000   5.823 0.000   2.190 0.000   3.633 0.000 0.027 0.000  0.250 0.559
 11.208333  12.208333 99.999 0.999 9999.99 0.999 999.99 0.999 9.999 0.999000 99.99 0.999000 9.999 0.999 99.999 0.999 99.999 0.999 99.99 0.999000 999.999 0.999 999.999 0.999 999.999 0.999 9.999 0.999 99.999 0.999
 14.208333  15.208333 99.999 0.999 9999.99 0.999 999.99 0.999 9.999 0.999000 99.99 0.999000 9.999 0.999 99.999 0.999 99.999 0.999 99.99 0.999000 999.999 0.999 999.999 0.999 999.999 0.999 9.999 0.999 99.999 0.999
 18.208333  19.208333  1.310 0.559   19.90 0.000   3.47 0.000 9.999 0.259000 99.99 0.259000 0.214 0.559  2.567 0.000  3.595 0.000 99.99 0.259000  10.136 0.000   0.719 0.000   9.418 0.000 0.038 0.000  1.215 0.559
 21.208333  22.208333 99.999 0.999 9999.99 0.999 999.99 0.999 9.999 0.999000 99.99 0.999000 9.999 0.999 99.999 0.999 99.999 0.999 99.99 0.999000 999.999 0.999 999.999 0.999 999.999 0.999 9.999 0.999 99.999 0.999
 25.208333  26.208333  1.846 0.559   55.83 0.000   7.66 0.000 9.999 0.259000 99.99 0.259000 0.545 0.559  5.461 0.000  7.645 0.000 99.99 0.259000  19.683 0.000   1.049 0.000  18.634 0.000 0.100 0.000  1.537 0.559
 28.208333  29.208333  0.319 0.559   12.17 0.000   0.98 0.000 9.999 0.259000 99.99 0.259000 0.121 0.559  0.713 0.000  0.999 0.000 99.99 0.259000   4.303 0.000   1.444 0.000   2.860 0.000 0.016 0.000  0.279 0.559
 32.208333  33.208333  0.441 0.559   12.16 0.000   1.17 0.000 9.999 0.259000 99.99 0.259000 0.110 0.559  2.130 0.000  2.982 0.000 99.99 0.259000   7.029 0.000   1.107 0.000   5.921 0.000 0.027 0.000  0.492 0.559
 35.208333  36.208333  0.983 0.559   27.68 0.000   3.22 0.000 9.999 0.259000 99.99 0.259000 0.133 0.559  2.956 0.000  4.138 0.000 99.99 0.259000  12.037 0.000   0.566 0.000  11.471 0.000 0.040 0.000  1.363 0.559
 39.208333  40.208333  0.875 0.559   50.57 0.000   2.57 0.000 9.999 0.259000 99.99 0.259000 0.103 0.559  1.970 0.000  2.758 0.000 99.99 0.259000  14.315 0.000   0.489 0.000  13.825 0.000 0.090 0.000  1.718 0.559
 42.208333  43.208333  1.305 0.559 9999.99 0.456 999.99 0.456 9.999 0.456000 99.99 0.456000 0.336 0.559  2.074 0.000  2.903 0.000 99.99 0.456000  14.059 0.000 999.999 0.999 999.999 0.456 9.999 0.456  1.191 0.559
 46.208333  47.208333 99.999 0.456   50.75 0.000   5.36 0.000 9.999 0.259000 99.99 0.259000 9.999 0.456  2.210 0.000  3.094 0.000 99.99 0.259000  15.927 0.000   0.906 0.000  15.020 0.000 0.061 0.000 99.999 0.456
 49.208333  50.208333  0.348 0.559 9999.99 0.456 999.99 0.456 9.999 0.456000 99.99 0.456000 0.041 0.559  2.827 0.000  3.958 0.000 99.99 0.456000   8.150 0.000 999.999 0.999 999.999 0.456 9.999 0.456  0.700 0.559
 53.208333  54.208333  0.900 0.559   26.61 0.000   1.48 0.000 9.999 0.259000 99.99 0.259000 0.088 0.559  2.099 0.000  2.938 0.000 99.99 0.259000  13.099 0.000   4.272 0.000   8.827 0.000 0.066 0.000  1.063 0.559
 56.208333  57.208333  1.442 0.699   26.91 0.000   7.36 0.000 9.999 0.259000 99.99 0.259000 0.184 0.699  2.493 0.000  3.490 0.000 99.99 0.259000  17.756 0.000   4.337 0.000  13.420 0.000 0.065 0.000  1.754 0.699
 60.208333  61.208333  0.855 0.699   32.58 0.000   2.35 0.000 0.011 0.000000 99.99 0.259000 0.099 0.699  2.750 0.000  3.850 0.000 99.99 0.259000  12.738 0.000   3.283 0.000   9.456 0.000 0.060 0.000  0.940 0.699
 63.208333  64.208333  0.325 0.699   31.61 0.000   1.09 0.000 9.999 0.259000  0.27 0.000000 0.064 0.699  2.737 0.000  3.832 0.000 99.99 0.259000   8.711 0.000   2.501 0.000   6.210 0.000 0.033 0.000  0.412 0.699
 67.208333  68.208333  1.729 0.699   61.12 0.000   3.06 0.000 9.999 0.259000  0.17 0.000000 0.065 0.699  2.556 0.000  3.578 0.000 99.99 0.259000  24.525 0.000   7.934 0.000  16.591 0.000 0.100 0.000  1.859 0.699
 70.208333  71.208333  0.694 0.699   25.91 0.000   2.03 0.000 9.999 0.259000 99.99 0.259000 0.117 0.699  0.753 0.000  1.054 0.000 99.99 0.259000   7.648 0.000   2.526 0.000   5.122 0.000 0.028 0.000  0.716 0.699
 74.208333  75.208333  0.977 0.699   24.49 0.000   2.18 0.000 9.999 0.259000 99.99 0.259000 0.072 0.699  2.304 0.000  3.226 0.000 99.99 0.259000  11.881 0.000   2.064 0.000   9.817 0.000 0.043 0.000  1.048 0.699
 77.208333  78.208333  0.364 0.559   13.75 0.000   1.39 0.000 0.024 0.000000 99.99 0.259000 0.123 0.559  0.619 0.000  0.867 0.000 99.99 0.259000   4.769 0.000   1.297 0.000   3.472 0.000 0.025 0.000  0.351 0.559
 81.208333  82.208333  0.147 0.699    5.35 0.000   0.81 0.000 9.999 0.259000 99.99 0.259000 0.028 0.699  1.667 0.000  2.333 0.000 99.99 0.259000   4.518 0.000   0.045 0.000   4.473 0.000 0.012 0.000  0.404 0.699
 84.208333  85.208333  1.542 0.699   51.11 0.000   1.47 0.000 9.999 0.259000 99.99 0.259000 0.086 0.699  2.219 0.000  3.107 0.000 99.99 0.259000  15.981 0.000   3.922 0.000  12.058 0.000 0.067 0.000  1.687 0.699
 88.208333  89.208333  0.676 0.699   17.34 0.000   1.91 0.000 9.999 0.259000 99.99 0.259000 0.061 0.699  0.570 0.000  0.798 0.000 99.99 0.259000   5.480 0.000   0.682 0.000   4.798 0.000 0.032 0.000  0.947 0.699
 91.208333  92.208333  0.698 0.699   45.18 0.000   2.13 0.000 9.999 0.259000 99.99 0.259000 0.066 0.699  0.984 0.000  1.378 0.000 99.99 0.259000   9.454 0.000   3.331 0.000   6.124 0.000 0.046 0.000  0.860 0.699
 95.208333  96.208333  0.789 0.000   34.13 0.000   1.98 0.000 0.016 0.000000 99.99 0.259000 0.215 0.000  1.040 0.000  1.456 0.000 99.99 0.259000   8.267 0.000   3.289 0.000   4.978 0.000 0.034 0.000  0.653 0.000
 98.208333  99.208333  0.793 0.000   33.80 0.000 999.99 0.259 9.999 0.259000 99.99 0.259000 0.044 0.000  1.779 0.000  2.490 0.000 99.99 0.259000   9.053 0.000   2.108 0.000   6.944 0.000 0.036 0.000  0.842 0.000
102.208333 103.208333  0.486 0.000   20.74 0.000   1.93 0.000 0.032 0.000000 99.99 0.259000 0.037 0.000  1.154 0.000  1.616 0.000 99.99 0.259000   9.689 0.000   1.708 0.000   7.981 0.000 0.016 0.000  1.364 0.000
105.208333 106.208333  0.067 0.000    8.69 0.000   0.51 0.000 9.999 0.259000 99.99 0.259000 0.018 0.000  0.340 0.000  0.475 0.000 99.99 0.259000   1.539 0.000   0.617 0.000   0.922 0.000 0.014 0.000  0.116 0.000
109.208333 110.208333  0.378 0.000   14.24 0.000   1.45 0.000 9.999 0.259000 99.99 0.259000 0.015 0.000  1.007 0.000  1.409 0.000 99.99 0.259000  15.719 0.000   1.513 0.000  14.206 0.000 0.014 0.000  2.295 0.000
112.208333 113.208333  0.030 0.000    2.41 0.000   0.70 0.000 0.010 0.000000  0.22 0.000000 0.002 0.000  0.754 0.000  1.056 0.000  6.26 0.000000   2.370 0.000   0.650 0.000   1.720 0.000 0.012 0.000  0.081 0.000
116.208333 117.208333  0.748 0.000   74.42 0.000   4.39 0.000 9.999 0.259000 99.99 0.259000 0.084 0.000  2.699 0.000  3.778 0.000 99.99 0.259000  14.592 0.000   5.498 0.000   9.093 0.000 0.064 0.000  0.857 0.000
119.208333 120.208333  1.758 0.000   61.47 0.000   3.50 0.000 9.999 0.259000 99.99 0.259000 0.077 0.000  2.589 0.000  3.624 0.000 99.99 0.259000  18.270 0.000   4.382 0.000  13.889 0.000 0.058 0.000  1.952 0.000
123.208333 124.208333  1.434 0.000   42.71 0.000   2.52 0.000 9.999 0.259000 99.99 0.259000 0.058 0.000  1.755 0.000  2.457 0.000 99.99 0.259000  12.377 0.000   3.253 0.000   9.124 0.000 0.032 0.000  1.414 0.000
126.208333 127.208333  2.638 0.000   74.70 0.000   1.48 0.000 9.999 0.259000 99.99 0.259000 0.060 0.000  2.267 0.000  3.173 0.000 99.99 0.259000  25.163 0.000   5.202 0.000  19.961 0.000 0.082 0.000  3.543 0.000
130.208333 131.208333  1.287 0.000   63.15 0.000   1.28 0.000 9.999 0.259000 99.99 0.259000 0.062 0.000  1.809 0.000  2.533 0.000 99.99 0.259000  20.340 0.000   8.809 0.000  11.532 0.000 0.062 0.000  1.652 0.000
133.208333 134.208333  1.547 0.000   38.83 0.000   0.60 0.000 0.030 0.000000 99.99 0.259000 0.159 0.000  3.131 0.000  4.384 0.000 99.99 0.259000  25.025 0.000  10.308 0.000  14.717 0.000 0.181 0.000  1.621 0.000
137.208333 138.208333  1.658 0.000   54.75 0.000   1.57 0.000 9.999 0.259000 99.99 0.259000 0.042 0.000  1.768 0.000  2.476 0.000 99.99 0.259000  20.739 0.559   7.646 0.000  13.092 0.000 0.053 0.000  1.761 0.000
140.208333 141.208333  2.120 0.000   48.56 0.000   2.80 0.000 9.999 0.259000  0.27 0.000000 0.034 0.000  1.745 0.000  2.443 0.000 99.99 0.259000  27.462 0.000   9.814 0.000  17.648 0.000 0.054 0.000  3.276 0.000
144.208333 145.208333  1.359 0.000   42.63 0.000   1.67 0.000 9.999 0.259000 99.99 0.259000 0.055 0.000  1.512 0.000  2.117 0.000 99.99 0.259000  16.806 0.000   5.816 0.000  10.990 0.000 0.046 0.000  1.672 0.000
147.208333 148.208333  1.119 0.000   27.36 0.000   1.34 0.000 0.024 0.000000 99.99 0.259000 0.039 0.000  1.398 0.000  1.958 0.000 99.99 0.259000  14.875 0.000   4.713 0.000  10.162 0.000 0.034 0.000  1.394 0.000
151.208333 152.208333  1.077 0.000   24.25 0.000   2.02 0.000 9.999 0.259000 99.99 0.259000 0.039 0.000  2.016 0.000  2.822 0.000 99.99 0.259000  18.064 0.000   7.616 0.000  10.448 0.000 0.041 0.000  1.374 0.000
154.208333 155.208333  1.030 0.000   20.15 0.000   1.24 0.000 9.999 0.259000  0.49 0.000000 0.070 0.000  1.162 0.000  1.626 0.000 99.99 0.259000  13.145 0.000   3.928 0.000   9.217 0.000 0.018 0.000  1.387 0.000
158.208333 159.208333  0.938 0.000   25.34 0.000   0.77 0.000 9.999 0.259000 99.99 0.259000 0.063 0.000  1.529 0.000  2.140 0.000 99.99 0.259000  13.525 0.000   4.767 0.000   8.759 0.000 0.034 0.000  1.246 0.000
161.208333 162.208333  2.224 0.000  158.95 0.000   0.83 0.000 9.999 0.259000 99.99 0.259000 0.038 0.000  4.002 0.000  5.603 0.000 99.99 0.259000  36.822 0.000  10.952 0.000  25.870 0.000 0.082 0.000  3.237 0.000
165.208333 166.208333  2.058 0.000   77.29 0.000   0.84 0.000 9.999 0.259000 99.99 0.259000 0.038 0.000  3.369 0.000  4.716 0.000 99.99 0.259000  32.895 0.000   7.222 0.000  25.672 0.000 0.068 0.000  3.463 0.000
168.208333 169.208333  0.892 0.000   32.87 0.000   0.08 0.000 9.999 0.259000 99.99 0.259000 0.033 0.000  0.870 0.000  1.217 0.000 99.99 0.259000  13.442 0.000   1.630 0.000  11.812 0.000 0.029 0.000  1.848 0.000
172.208333 173.208333  0.737 0.000   28.32 0.000 999.99 0.259 9.999 0.259000 99.99 0.259000 0.042 0.000  1.641 0.000  2.297 0.000 99.99 0.259000  12.854 0.000   3.068 0.000   9.785 0.000 0.034 0.000  1.325 0.000
175.208333 176.208333  1.830 0.000   30.57 0.000 999.99 0.259 9.999 0.259000 99.99 0.259000 0.032 0.000  2.162 0.000  3.026 0.000 99.99 0.259000  28.166 0.000   8.280 0.000  19.886 0.000 0.031 0.000  2.919 0.000
179.208333 180.208333  0.836 0.699   24.98 0.000   0.82 0.000 9.999 0.259000 99.99 0.259000 0.032 0.699  0.784 0.000  1.097 0.000 99.99 0.259000  15.155 0.000   1.266 0.000  13.889 0.000 0.024 0.000  2.245 0.699
182.208333 183.208333  1.203 0.559   29.49 0.000   3.63 0.000 9.999 0.259000 99.99 0.259000 0.040 0.559  0.988 0.000  1.383 0.000 99.99 0.259000  17.524 0.000   1.844 0.000  15.681 0.000 0.029 0.000  2.460 0.559
186.208333 187.208333  2.380 0.559   29.42 0.000   3.20 0.000 9.999 0.259000 99.99 0.259000 0.041 0.559  1.067 0.000  1.494 0.000 99.99 0.259000  23.203 0.000   0.833 0.000  22.369 0.000 0.087 0.000  4.011 0.559
189.208333 190.208333  0.854 0.559   26.01 0.000   1.76 0.000 9.999 0.259000 99.99 0.259000 0.035 0.559  1.329 0.000  1.860 0.000 99.99 0.259000  14.543 0.000   3.905 0.000  10.638 0.000 0.022 0.000  1.489 0.559
193.208333 194.208333  2.397 0.559   21.25 0.000   0.98 0.000 9.999 0.259000 99.99 0.259000 0.045 0.559  1.797 0.000  2.515 0.000 99.99 0.259000  19.363 0.000   3.643 0.000  15.720 0.000 0.026 0.000  2.543 0.559
196.208333 197.208333  0.659 0.559   10.69 0.000 999.99 0.259 9.999 0.259000 99.99 0.259000 0.018 0.559  0.669 0.000  0.936 0.000 99.99 0.259000  10.049 0.000   0.544 0.000   9.505 0.000 0.021 0.000  1.489 0.559
200.208333 201.208333  2.107 0.559   21.91 0.000   0.38 0.000 9.999 0.259000 99.99 0.259000 0.030 0.559  1.226 0.000  1.717 0.000 99.99 0.259000  21.532 0.000   0.382 0.000  21.150 0.000 0.023 0.000  3.429 0.559
203.208333 204.208333  2.647 0.559   58.99 0.000   1.89 0.000 9.999 0.259000 99.99 0.259000 0.045 0.559  1.198 0.000  1.677 0.000 99.99 0.259000  18.162 0.000   1.927 0.000  16.235 0.000 0.028 0.000  2.832 0.559
207.208333 208.208333  0.926 0.559   14.79 0.000 999.99 0.259 9.999 0.259000 99.99 0.259000 0.028 0.559  0.629 0.000  0.880 0.000 99.99 0.259000  11.397 0.000   2.732 0.000   8.665 0.000 0.015 0.000  1.541 0.559
210.208333 211.208333  1.473 0.559   18.45 0.000 999.99 0.259 9.999 0.259000 99.99 0.259000 0.024 0.559  1.649 0.000  2.308 0.000 99.99 0.259000  17.770 0.000   2.230 0.000  15.539 0.000 0.031 0.000  2.292 0.559
214.208333 215.208333  1.333 0.559   25.06 0.000   0.44 0.000 9.999 0.259000 99.99 0.259000 0.022 0.559  1.084 0.000  1.518 0.000 99.99 0.259000  18.007 0.000   1.032 0.000  16.975 0.000 0.029 0.000  2.742 0.559
217.208333 218.208333  1.345 0.559   33.53 0.000  23.16 0.000 9.999 0.259000 99.99 0.259000 0.059 0.559  1.160 0.000  1.623 0.000 99.99 0.259000  16.433 0.000   2.050 0.000  14.383 0.000 0.029 0.000  2.408 0.559
221.208333 222.208333  1.077 0.559   90.50 0.000 999.99 0.259 9.999 0.259000 99.99 0.259000 0.041 0.559  1.461 0.000  2.045 0.000 99.99 0.259000  19.696 0.000   3.451 0.000  16.246 0.000 0.076 0.000  2.349 0.559
224.208333 225.208333  0.938 0.559   17.39 0.000   1.71 0.000 9.999 0.259000 99.99 0.259000 0.039 0.559  1.383 0.000  1.936 0.000 99.99 0.259000  12.549 0.000   1.771 0.000  10.778 0.000 0.021 0.000  1.648 0.559
228.208333 229.208333  2.207 0.559   43.40 0.000   1.44 0.000 9.999 0.259000 99.99 0.259000 0.043 0.559  1.910 0.000  2.673 0.000 99.99 0.259000  28.435 0.000   4.271 0.000  24.164 0.000 0.041 0.000  3.867 0.559
231.208333 232.208333  1.054 0.559   26.80 0.000   1.65 0.000 0.012 0.000000 99.99 0.259000 0.042 0.559  0.660 0.000  0.924 0.000 99.99 0.259000  14.587 0.000   1.578 0.000  13.009 0.000 0.022 0.000  2.344 0.559
235.208333 236.208333  1.799 0.559   19.35 0.000 999.99 0.259 9.999 0.259000 99.99 0.259000 0.017 0.559  1.214 0.000  1.700 0.000 99.99 0.259000  23.611 0.000   2.027 0.000  21.584 0.000 0.045 0.000  3.750 0.559
238.208333 239.208333  2.546 0.559   30.50 0.000   1.68 0.000 9.999 0.259000 99.99 0.259000 0.004 0.559  1.050 0.000  1.469 0.000 99.99 0.259000  38.971 0.000   1.934 0.000  37.037 0.000 0.037 0.000  7.291 0.559
243.208333 244.208333 99.999 0.999 9999.99 0.999 999.99 0.999 9.999 0.999000 99.99 0.999000 9.999 0.999 99.999 0.999 99.999 0.999 99.99 0.999000 999.999 0.999 999.999 0.999 999.999 0.999 9.999 0.999 99.999 0.999
246.208333 247.208333 99.999 0.999 9999.99 0.999 999.99 0.999 9.999 0.999000 99.99 0.999000 9.999 0.999 99.999 0.999 99.999 0.999 99.99 0.999000 999.999 0.999 999.999 0.999 999.999 0.999 9.999 0.999 99.999 0.999
249.208333 250.208333 99.999 0.999 9999.99 0.999 999.99 0.999 9.999 0.999000 99.99 0.999000 9.999 0.999 99.999 0.999 99.999 0.999 99.99 0.999000 999.999 0.999 999.999 0.999 999.999 0.999 9.999 0.999 99.999 0.999
252.208333 253.208333 99.999 0.999 9999.99 0.999 999.99 0.999 9.999 0.999000 99.99 0.999000 9.999 0.999 99.999 0.999 99.999 0.999 99.99 0.999000 999.999 0.999 999.999 0.999 999.999 0.999 9.999 0.999 99.999 0.999
255.208333 256.208333  2.071 0.000   17.25 0.000   0.75 0.000 9.999 0.259000 99.99 0.259000 0.057 0.000  2.097 0.000  2.936 0.000 99.99 0.259000  24.983 0.000   3.825 0.000  21.158 0.000 0.042 0.000  3.704 0.000
258.208333 259.208333 99.999 0.456   17.02 0.000   0.90 0.000 9.999 0.259000 99.99 0.259000 9.999 0.456  2.301 0.000  3.221 0.000 99.99 0.259000  10.479 0.000   1.409 0.000   9.070 0.000 0.018 0.000 99.999 0.456
