scripts/IMPROVE-2019_partial/data/US0083R.20150103080000.20191216000000.filterpack...1y.3d.US03L_filterpack_US0083.US03L_IMPROVE_Davis.lev2.nas
52 1001
MISSING INFORMATION
US03L, IMPROVE, , , , , , , 
MISSING INFORMATION
IMPROVE sel_HTAP
1 1
2015 01 01 2019 12 16
3.000000
days from file reference point
5
1 1 1 1 1
999.999999 9999.999 9.999 999.999 9.999
end_time of measurement, days from the file reference point
pm10_mass, ug/m3, Matrix=pm10
numflag pm10_mass, no unit, Matrix=pm10
pm25_mass, ug/m3, Matrix=pm25
numflag pm25_mass, no unit, Matrix=pm25
0
33
Data definition:              EBAS_1.1
Set type code:                TU
Timezone:                     UTC
File name:                    US0083R.20150103080000.20191216000000.filterpack...1y.3d.US03L_filterpack_US0083.US03L_IMPROVE_Davis.lev2.nas
File creation:                20191218120104
Startdate:                    20150103080000
Revision date:                20191216000000
Version:                      2
Version description:          "Data extracted from http://views.cira.colostate.edu/fed/DataWizard 2019-12-16"
Statistics:                   arithmetic mean
Data level:                   2
Period code:                  1y
Resolution code:              3d
Sample duration:              1d
Orig. time res.:              3d
Station code:                 US0083R
Platform code:                US0083S
Station name:                 Columbia River Gorge
Station latitude:             45.6644
Station longitude:            -121.0008
Station altitude:             178.0 m
Regime:                       IMG
Component:                    
Unit:                         ug/m3
Matrix:                       
Laboratory code:              US03L
Instrument type:              filterpack
Instrument name:              filterpack_US0083
Method ref:                   US03L_IMPROVE_Davis
Blank correction:             Blank corrected
Volume std. temperature:      ambient
Volume std. pressure:         ambient
starttime endtime PM10 flag_PM10 PM2.5 flag_PM2.5
  2.333333   3.333333   19.902 0.000  15.041 0.000
  5.333333   6.333333    6.700 0.000   3.465 0.000
  8.333333   9.333333    2.997 0.000   1.915 0.000
 11.333333  12.333333    4.540 0.000   3.941 0.000
 14.333333  15.333333    3.903 0.000   2.657 0.000
 17.333333  18.333333    2.975 0.000   1.608 0.000
 20.333333  21.333333    4.601 0.000   3.256 0.000
 23.333333  24.333333    6.280 0.000   4.186 0.000
 26.333333  27.333333    2.418 0.000   1.543 0.000
 29.333333  30.333333    3.670 0.000   1.895 0.000
 32.333333  33.333333    3.198 0.000   1.816 0.000
 35.333333  36.333333    4.054 0.000   2.857 0.000
 38.333333  39.333333    4.370 0.000   2.252 0.000
 41.333333  42.333333    4.554 0.000   2.021 0.000
 44.333333  45.333333    8.948 0.000   3.820 0.000
 47.333333  48.333333    8.626 0.000   3.253 0.000
 50.333333  51.333333    7.421 0.000   1.511 0.000
 53.333333  54.333333    4.863 0.000   1.836 0.000
 56.333333  57.333333    4.688 0.000   0.923 0.000
 59.333333  60.333333    7.796 0.000   3.116 0.000
 62.333333  63.333333    8.417 0.000   2.589 0.000
 65.333333  66.333333   10.608 0.000   4.850 0.000
 68.333333  69.333333   16.208 0.000   5.559 0.000
 71.333333  72.333333   10.992 0.000   2.781 0.000
 74.333333  75.333333    4.041 0.000   1.450 0.000
 77.333333  78.333333    8.476 0.000   2.927 0.000
 80.333333  81.333333    4.989 0.000   2.681 0.000
 83.333333  84.333333    4.185 0.000   2.516 0.000
 86.333333  87.333333    4.835 0.000   1.617 0.000
 89.333333  90.333333    7.652 0.000   1.456 0.000
 92.333333  93.333333   12.373 0.000   4.183 0.000
 95.333333  96.333333    2.896 0.000   1.315 0.000
 98.333333  99.333333   16.923 0.000   2.339 0.000
101.333333 102.333333    8.194 0.000   2.397 0.000
104.333333 105.333333   21.800 0.000   2.118 0.000
107.333333 108.333333   13.229 0.000   4.359 0.000
110.333333 111.333333  102.028 0.000  12.373 0.000
113.333333 114.333333   25.902 0.000   2.327 0.000
116.333333 117.333333   14.035 0.000   2.029 0.000
119.333333 120.333333   27.608 0.000   3.796 0.000
122.333333 123.333333   14.709 0.000   4.727 0.000
125.333333 126.333333   10.419 0.000   1.400 0.000
128.333333 129.333333   14.116 0.000   4.611 0.000
131.333333 132.333333   20.419 0.000   1.508 0.000
134.333333 135.333333   48.279 0.000   5.578 0.000
137.333333 138.333333   15.481 0.000   4.277 0.000
140.333333 141.333333   69.432 0.000   7.659 0.000
143.333333 144.333333   45.967 0.000   5.905 0.000
146.333333 147.333333   33.367 0.000   3.628 0.000
149.333333 150.333333   20.810 0.000   5.084 0.000
152.333333 153.333333   18.489 0.000   1.838 0.000
155.333333 156.333333   26.301 0.000   3.901 0.000
158.333333 159.333333   27.096 0.000   7.987 0.000
161.333333 162.333333   86.837 0.000  13.311 0.000
164.333333 165.333333   23.949 0.000   4.086 0.000
167.333333 168.333333   41.498 0.000   5.457 0.000
170.333333 171.333333   14.582 0.000   3.313 0.000
173.333333 174.333333   43.416 0.000   7.213 0.000
176.333333 177.333333   60.397 0.000   5.647 0.000
179.333333 180.333333   61.143 0.000  10.880 0.000
182.333333 183.333333   70.752 0.000  13.193 0.000
185.333333 186.333333   31.256 0.000  17.356 0.000
188.333333 189.333333   50.062 0.000   9.214 0.000
191.333333 192.333333   31.608 0.000   5.536 0.000
194.333333 195.333333   49.085 0.000   5.672 0.000
197.333333 198.333333   45.657 0.000   4.717 0.000
200.333333 201.333333   50.769 0.000   6.229 0.000
203.333333 204.333333   43.993 0.000   4.781 0.000
206.333333 207.333333   23.193 0.000   2.129 0.000
209.333333 210.333333   26.885 0.000   3.680 0.000
212.333333 213.333333   18.594 0.000   5.628 0.000
215.333333 216.333333   49.513 0.000   7.052 0.000
218.333333 219.333333   39.744 0.000 999.999 0.456
221.333333 222.333333   16.984 0.000   6.174 0.000
224.333333 225.333333   81.780 0.000  24.154 0.000
227.333333 228.333333   31.189 0.000  16.866 0.000
230.333333 231.333333   82.600 0.000  29.658 0.000
233.333333 234.333333   54.319 0.000  38.506 0.000
236.333333 237.333333   34.839 0.000   7.057 0.000
239.333333 240.333333   43.671 0.000   5.825 0.000
242.333333 243.333333   29.864 0.000   4.216 0.000
245.333333 246.333333   37.298 0.000   3.184 0.000
248.333333 249.333333   15.751 0.000   1.705 0.000
251.333333 252.333333   27.222 0.000   3.102 0.000
254.333333 255.333333   30.215 0.000   8.115 0.000
257.333333 258.333333   21.486 0.000   2.661 0.000
260.333333 261.333333   17.690 0.000   2.277 0.000
263.333333 264.333333   10.650 0.000   1.413 0.000
266.333333 267.333333   17.526 0.000   4.067 0.000
269.333333 270.333333   11.027 0.000   2.433 0.000
272.333333 273.333333   36.729 0.000   7.719 0.000
275.333333 276.333333   26.601 0.000   4.781 0.000
278.333333 279.333333   31.844 0.000   7.326 0.000
281.333333 282.333333   45.831 0.000   9.069 0.000
284.333333 285.333333   16.687 0.000   3.106 0.000
287.333333 288.333333   29.702 0.000   5.159 0.000
290.333333 291.333333   10.643 0.000   4.139 0.000
293.333333 294.333333   16.009 0.000   3.394 0.000
296.333333 297.333333   21.035 0.000   6.294 0.000
299.333333 300.333333   11.916 0.000   3.747 0.000
302.333333 303.333333   17.091 0.000   2.449 0.000
305.333333 306.333333    9.034 0.000   1.755 0.000
308.333333 309.333333   21.942 0.000   6.546 0.000
311.333333 312.333333   10.009 0.000   7.223 0.000
314.333333 315.333333   15.504 0.000   3.695 0.000
317.333333 318.333333    4.945 0.000   3.172 0.000
320.333333 321.333333   18.222 0.000   3.128 0.000
323.333333 324.333333   10.732 0.000   3.940 0.000
326.333333 327.333333   11.135 0.000   8.985 0.000
329.333333 330.333333   10.206 0.000   4.335 0.000
332.333333 333.333333   11.051 0.000   9.655 0.000
335.333333 336.333333   39.912 0.000   9.964 0.000
338.333333 339.333333    5.098 0.000   3.377 0.000
341.333333 342.333333    1.903 0.000   0.846 0.000
344.333333 345.333333    2.284 0.000   1.430 0.000
347.333333 348.333333    5.491 0.000   1.961 0.000
350.333333 351.333333    1.130 0.000   0.791 0.000
353.333333 354.333333    1.754 0.000   1.349 0.000
356.333333 357.333333    1.708 0.000   1.162 0.000
359.333333 360.333333    4.856 0.000   3.819 0.000
362.333333 363.333333    7.671 0.000   6.855 0.000
