scripts/IMPROVE-2019_partial/data/US0062R.20020102070000.20191216000000.filterpack..pm25.52w.1w.US03L_filterpack_US0062.US03L_IMPROVE_Davis.lev2.nas
66 1001
MISSING INFORMATION
US03L, IMPROVE, , , , , , , 
MISSING INFORMATION
IMPROVE sel_HTAP
1 1
2002 01 01 2019 12 16
3.000000
days from file reference point
27
1 1 1 1 1 1 1 1 1 1 1 1 1 1 1 1 1 1 1 1 1 1 1 1 1 1 1
999.999999 9999.99 9.999 99.99 9.999 9.999 9.999999 99.99 9.999999 9.999 9.999999 99.999 9.999 999.999 9.999 999.99 9.999999 999.999 9.999 999.999 9.999 999.999 9.999 9.999 9.999 9.999 9.999999
end_time of measurement, days from the file reference point
iron, ng/m3, Revision date=20181210133000
numflag iron, no unit, Revision date=20181210133000
lead, ng/m3, Revision date=20181210133000
numflag lead, no unit, Revision date=20181210133000
magnesium, ug/m3, Revision date=20181210133000
numflag magnesium, no unit, Revision date=20181210133000
nickel, ng/m3, Revision date=20181210133000
numflag nickel, no unit, Revision date=20181210133000
nitrate, ug N/m3, Revision date=20181210133000
numflag nitrate, no unit, Revision date=20181210133000
organic_carbon, ug C/m3, Revision date=20181210133000
numflag organic_carbon, no unit, Revision date=20181210133000
organic_mass, ug/m3, Revision date=20181210133000
numflag organic_mass, no unit, Revision date=20181210133000
phosphorus, ng/m3, Revision date=20181210133000
numflag phosphorus, no unit, Revision date=20181210133000
pm10_mass, ug/m3, Version=2, Version description=Data extracted from http://views.cira.colostate.edu/fed/DataWizard 2019-12-16, Sample duration=1d, Orig. time res.=3d, Matrix=pm10, Blank correction=Blank corrected, Volume std. temperature=ambient, Volume std. pressure=ambient
numflag pm10_mass, no unit, Version=2, Version description=Data extracted from http://views.cira.colostate.edu/fed/DataWizard 2019-12-16, Sample duration=1d, Orig. time res.=3d, Matrix=pm10, Blank correction=Blank corrected, Volume std. temperature=ambient, Volume std. pressure=ambient
pm10_pm25_mass, ug/m3, Revision date=20181210133000, Matrix=pm10_pm25
numflag pm10_pm25_mass, no unit, Revision date=20181210133000, Matrix=pm10_pm25
pm25_mass, ug/m3, Version=2, Version description=Data extracted from http://views.cira.colostate.edu/fed/DataWizard 2019-12-16, Sample duration=1d, Orig. time res.=3d, Blank correction=Blank corrected, Volume std. temperature=ambient, Volume std. pressure=ambient
numflag pm25_mass, no unit, Version=2, Version description=Data extracted from http://views.cira.colostate.edu/fed/DataWizard 2019-12-16, Sample duration=1d, Orig. time res.=3d, Blank correction=Blank corrected, Volume std. temperature=ambient, Volume std. pressure=ambient
potassium, ug/m3, Revision date=20181210133000
numflag potassium, no unit, Revision date=20181210133000
sulphate_total, ug S/m3, Revision date=20181210133000
numflag sulphate_total, no unit, Revision date=20181210133000
0
25
Data definition:              EBAS_1.1
Set type code:                TU
Timezone:                     UTC
File name:                    US0062R.20020102070000.20191216000000.filterpack..pm25.52w.1w.US03L_filterpack_US0062.US03L_IMPROVE_Davis.lev2.nas
File creation:                20191218115924
Startdate:                    20020102070000
Revision date:                20191216000000
Statistics:                   arithmetic mean
Data level:                   2
Period code:                  52w
Resolution code:              1w
Station code:                 US0062R
Platform code:                US0062S
Station name:                 Bandelier NM
Station latitude:             35.7797
Station longitude:            -106.2664
Station altitude:             1988.0 m
Regime:                       IMG
Component:                    
Matrix:                       pm25
Laboratory code:              US03L
Instrument type:              filterpack
Instrument name:              filterpack_US0062
Method ref:                   US03L_IMPROVE_Davis
starttime endtime Fe flag_Fe Pb flag_Pb Mg++ flag_Mg++ Ni flag_Ni NO3- flag_NO3- OC flag_OC OM flag_OM P flag_P PM10 flag_PM10 PM10-PM2.5 flag_PM10-PM2.5 PM2.5 flag_PM2.5 K+ flag_K+ SO4-- flag_SO4--
[from data line 79]
238.291667 239.291667   72.62 0.699  0.41 0.699 9.999 0.699259 99.99 0.699259 0.063 0.000000  7.595 0.000  10.633 0.000 999.99 0.699259  17.487 0.000   2.379 0.000  15.108 0.699 0.102 0.699 0.252 0.000000
241.291667 242.291667   32.19 0.000  0.31 0.000 9.999 0.259000 99.99 0.259000 0.022 0.559000  0.978 0.000   1.370 0.000 999.99 0.259000   5.138 0.000   1.857 0.000   3.281 0.000 0.030 0.000 0.199 0.559000
244.291667 245.291667   23.55 0.000  0.69 0.000 9.999 0.259000 99.99 0.259000 0.018 0.000000  0.981 0.000   1.373 0.000 999.99 0.259000   6.218 0.000   1.935 0.000   4.283 0.000 0.022 0.000 0.457 0.000000
247.291667 248.291667   32.20 0.559  0.65 0.559 9.999 0.559259 99.99 0.559259 0.022 0.000000  1.323 0.000   1.853 0.000 999.99 0.559259   8.277 0.000   2.408 0.000   5.869 0.559 0.041 0.559 0.553 0.000000
250.291667 251.291667   13.17 0.559  0.33 0.559 9.999 0.559259 99.99 0.559259 0.033 0.000000  1.070 0.000   1.498 0.000 999.99 0.559259   6.339 0.000   0.585 0.000   5.754 0.559 0.018 0.559 0.715 0.000000
253.291667 254.291667    1.07 0.000  0.22 0.000 9.999 0.259000 99.99 0.259000 0.007 0.559000  0.385 0.000   0.539 0.000 999.99 0.259000   1.171 0.000   0.366 0.000   0.805 0.000 0.003 0.000 0.033 0.559000
256.291667 257.291667   59.19 0.000  0.60 0.000 9.999 0.259000 99.99 0.259000 0.013 0.559000  0.692 0.000   0.968 0.000 999.99 0.259000   3.105 0.000   0.654 0.000   2.451 0.000 0.021 0.000 0.207 0.559000
259.291667 260.291667   32.18 0.000  0.81 0.000 9.999 0.259000  0.12 0.000000 0.023 0.559000  0.498 0.000   0.698 0.000 999.99 0.259000   8.405 0.000   4.463 0.000   3.941 0.000 0.022 0.000 0.456 0.559000
262.291667 263.291667    8.23 0.000  0.80 0.000 9.999 0.259000 99.99 0.259000 0.020 0.559000  0.945 0.000   1.324 0.000 999.99 0.259000   3.614 0.000   0.888 0.000   2.726 0.000 0.021 0.000 0.187 0.559000
265.291667 266.291667   29.65 0.559  0.77 0.559 0.021 0.559000 99.99 0.559259 0.022 0.559000  0.912 0.000   1.277 0.000 999.99 0.559259   7.675 0.000   3.678 0.000   3.997 0.559 0.026 0.559 0.283 0.559000
268.291667 269.291667   23.87 0.000  0.90 0.000 0.022 0.000000  0.12 0.000000 0.020 0.559000  1.134 0.000   1.587 0.000 999.99 0.259000   7.757 0.000   3.444 0.000   4.312 0.000 0.037 0.000 0.330 0.559000
271.291667 272.291667   13.49 0.000  0.77 0.000 0.025 0.000000 99.99 0.259000 0.017 0.000000  0.561 0.000   0.785 0.000 999.99 0.259000   4.805 0.000   2.166 0.000   2.638 0.000 0.013 0.000 0.271 0.000000
274.291667 275.291667   14.04 0.000  0.59 0.000 0.008 0.000000  0.13 0.000000 0.038 0.559000  0.460 0.000   0.644 0.000 999.99 0.259000   5.006 0.000   2.192 0.000   2.814 0.000 0.014 0.000 0.355 0.559000
277.291667 278.291667   21.13 0.000  1.01 0.000 0.015 0.000000 99.99 0.259000 0.022 0.000000  0.845 0.000   1.183 0.000 999.99 0.259000   4.792 0.000   1.958 0.000   2.834 0.000 0.020 0.000 0.194 0.000000
280.291667 281.291667   21.06 0.000  0.59 0.000 9.999 0.259000 99.99 0.259000 0.023 0.000000  1.062 0.000   1.487 0.000 999.99 0.259000   6.470 0.000   2.591 0.000   3.880 0.000 0.024 0.000 0.275 0.000000
283.291667 284.291667   25.48 0.559  0.68 0.559 9.999 0.559259  0.06 0.559000 0.015 0.559000  0.744 0.000   1.041 0.000 999.99 0.559259   5.807 0.000   2.850 0.000   2.957 0.559 0.022 0.559 0.147 0.559000
286.291667 287.291667   23.66 0.000  0.62 0.000 0.014 0.000000 99.99 0.259000 0.023 0.000000  0.839 0.000   1.175 0.000 999.99 0.259000   6.413 0.000   3.215 0.000   3.198 0.000 0.023 0.000 0.212 0.000000
289.291667 290.291667   36.52 0.000  0.68 0.000 9.999 0.259000 99.99 0.259000 0.036 0.000000  0.586 0.000   0.820 0.000 999.99 0.259000   7.757 0.000   4.620 0.000   3.137 0.000 0.038 0.000 0.230 0.000000
292.291667 293.291667   16.51 0.000  0.53 0.000 9.999 0.259000  0.05 0.000000 0.028 0.000000  0.644 0.000   0.902 0.000 999.99 0.259000   3.840 0.000   1.236 0.000   2.604 0.000 0.017 0.000 0.241 0.000000
295.291667 296.291667    6.17 0.000  0.43 0.000 9.999 0.259000  0.14 0.000000 0.023 0.000000  0.456 0.000   0.639 0.000 999.99 0.259000   2.826 0.000   0.551 0.000   2.275 0.000 0.008 0.000 0.265 0.000000
298.291667 299.291667    8.56 0.000  0.85 0.000 0.010 0.000000  0.07 0.000000 0.024 0.000000  0.736 0.000   1.030 0.000 999.99 0.259000   3.205 0.000   0.433 0.000   2.772 0.000 0.014 0.000 0.292 0.000000
301.291667 302.291667   11.11 0.000  0.70 0.000 9.999 0.259000 99.99 0.259000 0.044 0.000000  0.519 0.000   0.726 0.000 999.99 0.259000   2.807 0.000   0.509 0.000   2.298 0.000 0.011 0.000 0.227 0.000000
304.291667 305.291667    5.36 0.000  0.36 0.000 9.999 0.259000  0.10 0.000000 0.028 0.000000  0.353 0.000   0.494 0.000 999.99 0.259000   2.819 0.000   0.742 0.000   2.077 0.000 0.005 0.000 0.261 0.000000
307.291667 308.291667   10.97 0.000  0.54 0.000 9.999 0.259000  0.05 0.000000 0.154 0.000000  0.523 0.000   0.732 0.000 999.99 0.259000   3.534 0.000   0.341 0.000   3.193 0.000 0.008 0.000 0.362 0.000000
310.291667 311.291667   11.10 0.000  0.61 0.000 9.999 0.259000 99.99 0.259000 0.043 0.000000  1.147 0.000   1.605 0.000 999.99 0.259000   2.965 0.000   0.284 0.000   2.680 0.000 0.020 0.000 0.091 0.000000
313.291667 314.291667    2.79 0.000  0.12 0.000 9.999 0.259000 99.99 0.259000 0.011 0.000000  0.195 0.000   0.274 0.000 999.99 0.259000   1.511 0.000   0.511 0.000   1.000 0.000 0.003 0.000 0.223 0.000000
316.291667 317.291667    4.73 0.000  0.33 0.000 9.999 0.259000 99.99 0.259000 0.060 0.000000  0.727 0.000   1.017 0.000 999.99 0.259000   2.328 0.000   0.854 0.000   1.475 0.000 0.012 0.000 0.050 0.000000
319.291667 320.291667    5.09 0.000  0.53 0.000 9.999 0.259000 99.99 0.259000 0.040 0.559000  1.014 0.000   1.419 0.000 999.99 0.259000   2.959 0.000   0.347 0.000   2.612 0.000 0.011 0.000 0.163 0.559000
322.291667 323.291667   14.69 0.000  0.68 0.000 0.017 0.000000 99.99 0.259000 0.039 0.559000  0.849 0.000   1.189 0.000 999.99 0.259000   3.820 0.000   1.332 0.000   2.488 0.000 0.023 0.000 0.152 0.559000
325.291667 326.291667   14.84 0.000  0.65 0.000 9.999 0.259000 99.99 0.259000 0.033 0.559000  1.168 0.000   1.635 0.000 999.99 0.259000   4.330 0.000   1.469 0.000   2.861 0.000 0.018 0.000 0.085 0.559000
328.291667 329.291667   17.37 0.000  0.59 0.000 9.999 0.259000  0.05 0.000000 0.572 0.559000  0.718 0.000   1.006 0.000 999.99 0.259000   8.391 0.000   2.361 0.000   6.031 0.000 0.026 0.000 0.488 0.559000
331.291667 332.291667   21.04 0.000  0.57 0.000 9.999 0.259000 99.99 0.259000 0.055 0.000000  0.949 0.000   1.328 0.000 999.99 0.259000   5.229 0.000   2.432 0.000   2.797 0.000 0.025 0.000 0.142 0.000000
334.291667 335.291667   10.80 0.000  0.38 0.000 9.999 0.259000 99.99 0.259000 0.059 0.000000  0.783 0.000   1.096 0.000 999.99 0.259000   4.616 0.000   2.051 0.000   2.565 0.000 0.016 0.000 0.204 0.000000
337.291667 338.291667    1.49 0.000  0.23 0.000 9.999 0.259000 99.99 0.259000 0.046 0.000000  0.842 0.000   1.179 0.000 999.99 0.259000   1.593 0.000   0.057 0.000   1.537 0.000 0.005 0.000 0.114 0.000000
340.291667 341.291667    4.12 0.000  0.58 0.000 9.999 0.259000 99.99 0.259000 0.099 0.000000  1.419 0.000   1.987 0.000 999.99 0.259000   3.082 0.000   0.009 0.000   3.073 0.000 0.013 0.000 0.131 0.000000
343.291667 344.291667    8.87 0.000  0.28 0.000 9.999 0.259000 99.99 0.259000 0.049 0.559000  0.979 0.000   1.370 0.000 999.99 0.259000   3.342 0.000   0.804 0.000   2.538 0.000 0.017 0.000 0.125 0.559000
346.291667 347.291667   12.36 0.000  0.46 0.000 9.999 0.259000 99.99 0.259000 0.029 0.000000  0.653 0.000   0.914 0.000 999.99 0.259000   3.064 0.000   1.256 0.000   1.808 0.000 0.017 0.000 0.100 0.000000
349.291667 350.291667   69.16 0.559  0.63 0.559 9.999 0.559259 99.99 0.559259 0.045 0.559000  0.554 0.000   0.775 0.000 999.99 0.559259   6.739 0.000   3.582 0.000   3.157 0.559 0.053 0.559 0.098 0.559000
352.291667 353.291667    6.92 0.000 99.99 0.259 0.013 0.000000 99.99 0.259000 0.059 0.000000  0.465 0.000   0.651 0.000 999.99 0.259000   2.055 0.000   0.635 0.000   1.419 0.000 0.006 0.000 0.106 0.000000
355.291667 356.291667    6.54 0.000  0.40 0.000 9.999 0.259000 99.99 0.259000 0.076 0.000000  1.319 0.000   1.847 0.000 999.99 0.259000   3.886 0.000   0.796 0.000   3.090 0.000 0.017 0.000 0.156 0.000000
358.291667 359.291667    3.98 0.000  0.16 0.000 0.015 0.000000 99.99 0.259000 0.029 0.000000  0.539 0.000   0.755 0.000 999.99 0.259000   3.164 0.000   0.051 0.000   3.113 0.000 0.010 0.000 0.452 0.000000
361.291667 362.291667    6.27 0.000  0.48 0.000 9.999 0.259000 99.99 0.259000 0.028 0.000000  0.795 0.000   1.114 0.000 999.99 0.259000   2.492 0.000   0.786 0.000   1.706 0.000 0.017 0.000 0.083 0.000000
364.291667 365.291667    7.18 0.000  0.35 0.000 9.999 0.259000 99.99 0.259000 0.059 0.000000  0.572 0.000   0.801 0.000 999.99 0.259000   3.446 0.000   1.332 0.000   2.115 0.000 0.012 0.000 0.215 0.000000
