scripts/IMPROVE-2019_partial/data/US0022R.20100102080000.20191216000000.filterpack...52w.3d.US03L_filterpack_US0022.US03L_IMPROVE_Davis.lev2.nas
52 1001
MISSING INFORMATION
US03L, IMPROVE, , , , , , , 
MISSING INFORMATION
IMPROVE sel_HTAP
1 1
2010 01 01 2019 12 16
3.000000
days from file reference point
5
1 1 1 1 1
999.999999 999.999 9.999 999.999 9.999
end_time of measurement, days from the file reference point
pm10_mass, ug/m3, Matrix=pm10
numflag pm10_mass, no unit, Matrix=pm10
pm25_mass, ug/m3, Matrix=pm25
numflag pm25_mass, no unit, Matrix=pm25
0
33
Data definition:              EBAS_1.1
Set type code:                TU
Timezone:                     UTC
File name:                    US0022R.20100102080000.20191216000000.filterpack...52w.3d.US03L_filterpack_US0022.US03L_IMPROVE_Davis.lev2.nas
File creation:                20191218115651
Startdate:                    20100102080000
Revision date:                20191216000000
Version:                      2
Version description:          "Data extracted from http://views.cira.colostate.edu/fed/DataWizard 2019-12-16"
Statistics:                   arithmetic mean
Data level:                   2
Period code:                  52w
Resolution code:              3d
Sample duration:              1d
Orig. time res.:              3d
Station code:                 US0022R
Platform code:                US0022S
Station name:                 Dome Lands Wilderness
Station latitude:             35.7278
Station longitude:            -118.1377
Station altitude:             927.0 m
Regime:                       IMG
Component:                    
Unit:                         ug/m3
Matrix:                       
Laboratory code:              US03L
Instrument type:              filterpack
Instrument name:              filterpack_US0022
Method ref:                   US03L_IMPROVE_Davis
Blank correction:             Blank corrected
Volume std. temperature:      ambient
Volume std. pressure:         ambient
starttime endtime PM10 flag_PM10 PM2.5 flag_PM2.5
  1.333333   2.333333   1.764 0.000   0.403 0.000
  4.333333   5.333333   2.172 0.000   0.311 0.000
  7.333333   8.333333   2.701 0.000   1.183 0.000
 10.333333  11.333333   2.002 0.000   0.155 0.000
 13.333333  14.333333   3.738 0.000   2.114 0.000
 16.333333  17.333333   2.556 0.000   1.854 0.000
 19.333333  20.333333   2.160 0.000   1.141 0.000
 22.333333  23.333333   1.142 0.000   0.626 0.000
 25.333333  26.333333   1.943 0.000   1.225 0.000
 28.333333  29.333333   2.394 0.000   1.564 0.000
 31.333333  32.333333   3.237 0.000   2.038 0.000
 34.333333  35.333333   5.813 0.000   4.890 0.000
 37.333333  38.333333   1.220 0.000   1.194 0.000
 40.333333  41.333333   1.681 0.000   1.184 0.000
 43.333333  44.333333   4.947 0.000   3.049 0.000
 46.333333  47.333333   7.149 0.000   3.074 0.000
 49.333333  50.333333  11.077 0.000   5.069 0.000
 52.333333  53.333333   4.475 0.000   1.532 0.000
 55.333333  56.333333   2.409 0.000   1.153 0.000
 58.333333  59.333333   1.621 0.000 999.999 0.456
 61.333333  62.333333   3.174 0.000   1.442 0.000
 64.333333  65.333333   3.106 0.000   1.073 0.000
 67.333333  68.333333   3.266 0.000   1.852 0.000
 70.333333  71.333333   5.060 0.000   2.408 0.000
 73.333333  74.333333   4.534 0.000   1.644 0.000
 76.333333  77.333333  11.423 0.000   5.692 0.000
 79.333333  80.333333  13.947 0.000   5.270 0.000
 82.333333  83.333333  19.298 0.000   8.201 0.000
 85.333333  86.333333   7.392 0.000   2.756 0.000
 88.333333  89.333333  11.519 0.000   3.325 0.000
 91.333333  92.333333   8.204 0.000   3.691 0.000
 94.333333  95.333333   2.247 0.000   1.147 0.000
 97.333333  98.333333   6.226 0.000   2.768 0.000
100.333333 101.333333  13.867 0.000   6.882 0.000
103.333333 104.333333   9.337 0.000   5.207 0.000
106.333333 107.333333  14.892 0.000   9.184 0.000
109.333333 110.333333   5.744 0.000 999.999 0.456
112.333333 113.333333   3.855 0.000   2.323 0.000
115.333333 116.333333  14.658 0.000 999.999 0.456
118.333333 119.333333   5.077 0.000   2.117 0.000
121.333333 122.333333  12.363 0.000   5.517 0.000
124.333333 125.333333 999.999 0.999 999.999 0.999
127.333333 128.333333  20.554 0.000   5.954 0.000
130.333333 131.333333   5.273 0.000   2.071 0.000
133.333333 134.333333  12.718 0.000   5.017 0.000
136.333333 137.333333  13.742 0.000   4.531 0.000
139.333333 140.333333  14.449 0.000   4.611 0.000
142.333333 143.333333  10.463 0.000   2.859 0.000
145.333333 146.333333  11.071 0.000   2.446 0.000
148.333333 149.333333  10.247 0.000   3.245 0.000
151.333333 152.333333  20.509 0.000   6.028 0.000
154.333333 155.333333  17.038 0.000   5.760 0.000
157.333333 158.333333  20.125 0.000   6.272 0.000
160.333333 161.333333 999.999 0.999 999.999 0.999
163.333333 164.333333  16.973 0.000   4.931 0.000
166.333333 167.333333  35.367 0.000   7.010 0.000
169.333333 170.333333  23.621 0.000   4.960 0.000
172.333333 173.333333  16.713 0.000   6.952 0.000
175.333333 176.333333  10.147 0.000   6.924 0.000
178.333333 179.333333  14.363 0.000  10.329 0.000
181.333333 182.333333  24.760 0.000   6.126 0.000
184.333333 185.333333  21.083 0.000   7.524 0.000
187.333333 188.333333 999.999 0.999 999.999 0.999
190.333333 191.333333  12.237 0.000  10.564 0.000
193.333333 194.333333  12.325 0.000   6.998 0.000
196.333333 197.333333  23.970 0.000  11.695 0.000
199.333333 200.333333  15.811 0.000   6.366 0.000
202.333333 203.333333  22.527 0.000   7.322 0.000
205.333333 206.333333  21.680 0.000   8.651 0.000
208.333333 209.333333 999.999 0.999 999.999 0.999
211.333333 212.333333 999.999 0.999 999.999 0.999
214.333333 215.333333 999.999 0.999 999.999 0.999
217.333333 218.333333 999.999 0.999 999.999 0.999
220.333333 221.333333 999.999 0.999 999.999 0.999
223.333333 224.333333 999.999 0.999 999.999 0.999
226.333333 227.333333 999.999 0.999 999.999 0.999
229.333333 230.333333 999.999 0.999 999.999 0.999
232.333333 233.333333   0.041 0.000   0.120 0.000
235.333333 236.333333   0.203 0.000   0.059 0.000
238.333333 239.333333  19.553 0.000   5.821 0.000
241.333333 242.333333  16.128 0.000   4.869 0.000
244.333333 245.333333  18.558 0.000   6.131 0.000
247.333333 248.333333  19.909 0.000   4.899 0.000
250.333333 251.333333 999.999 0.999 999.999 0.999
253.333333 254.333333  21.998 0.000  10.254 0.000
256.333333 257.333333  30.413 0.000  14.872 0.000
259.333333 260.333333  58.558 0.000  34.897 0.000
262.333333 263.333333  20.291 0.000   7.422 0.000
265.333333 266.333333  22.843 0.000   6.042 0.000
268.333333 269.333333  13.366 0.000   4.637 0.000
271.333333 272.333333  19.441 0.000   6.743 0.000
274.333333 275.333333  10.653 0.000   3.746 0.000
277.333333 278.333333  12.620 0.000   5.861 0.000
280.333333 281.333333   7.744 0.000   4.048 0.000
283.333333 284.333333   9.515 0.000   4.188 0.000
286.333333 287.333333 999.999 0.999 999.999 0.999
289.333333 290.333333  29.780 0.000   6.795 0.000
292.333333 293.333333   4.111 0.000   1.993 0.000
295.333333 296.333333  10.736 0.000  12.604 0.000
298.333333 299.333333  11.187 0.000   4.472 0.000
301.333333 302.333333   5.167 0.000   2.044 0.000
304.333333 305.333333   3.353 0.000   1.613 0.000
307.333333 308.333333   3.309 0.000   1.173 0.000
310.333333 311.333333  17.577 0.000   4.674 0.000
313.333333 314.333333   7.270 0.000   3.950 0.000
316.333333 317.333333   3.795 0.000   1.627 0.000
319.333333 320.333333   6.532 0.000   3.323 0.000
322.333333 323.333333  12.017 0.000   6.847 0.000
325.333333 326.333333   2.353 0.000   1.303 0.000
328.333333 329.333333 999.999 0.999 999.999 0.999
331.333333 332.333333 999.999 0.999 999.999 0.999
334.333333 335.333333 999.999 0.999 999.999 0.999
337.333333 338.333333   2.621 0.000   3.612 0.000
340.333333 341.333333   1.503 0.000   0.914 0.000
343.333333 344.333333 999.999 0.999 999.999 0.999
346.333333 347.333333   1.790 0.000   1.152 0.000
349.333333 350.333333   1.501 0.000   0.860 0.000
352.333333 353.333333   0.749 0.000   0.652 0.000
355.333333 356.333333 999.999 0.999 999.999 0.999
358.333333 359.333333   2.520 0.000   1.984 0.000
361.333333 362.333333   2.892 0.000   2.137 0.000
364.333333 365.333333   2.870 0.000   1.655 0.000
