scripts/IMPROVE-2019_partial/data/US0023R.20040101080000.20191216000000.filterpack..pm25.52w.1w.US03L_filterpack_US0023.US03L_IMPROVE_Davis.lev2.nas
66 1001
MISSING INFORMATION
US03L, IMPROVE, , , , , , , 
MISSING INFORMATION
IMPROVE sel_HTAP
1 1
2004 01 01 2019 12 16
3.000000
days from file reference point
27
1 1 1 1 1 1 1 1 1 1 1 1 1 1 1 1 1 1 1 1 1 1 1 1 1 1 1
999.999999 9999.99 9.999 99.99 9.999999 9.999 9.999999 9.99 9.999999 9.999 9.999 999.999 9.999 999.999 9.999 99.99 9.999999 999.999 9.999 999.999 9.999 999.999 9.999 9.999 9.999 9.999 9.999
end_time of measurement, days from the file reference point
iron, ng/m3, Revision date=20181210133000
numflag iron, no unit, Revision date=20181210133000
lead, ng/m3, Revision date=20181210133000
numflag lead, no unit, Revision date=20181210133000
magnesium, ug/m3, Revision date=20181210133000
numflag magnesium, no unit, Revision date=20181210133000
nickel, ng/m3, Revision date=20181210133000
numflag nickel, no unit, Revision date=20181210133000
nitrate, ug N/m3, Revision date=20181210133000
numflag nitrate, no unit, Revision date=20181210133000
organic_carbon, ug C/m3, Revision date=20181210133000
numflag organic_carbon, no unit, Revision date=20181210133000
organic_mass, ug/m3, Revision date=20181210133000
numflag organic_mass, no unit, Revision date=20181210133000
phosphorus, ng/m3, Revision date=20181210133000
numflag phosphorus, no unit, Revision date=20181210133000
pm10_mass, ug/m3, Version=2, Version description=Data extracted from http://views.cira.colostate.edu/fed/DataWizard 2019-12-16, Sample duration=1d, Orig. time res.=3d, Matrix=pm10, Blank correction=Blank corrected, Volume std. temperature=ambient, Volume std. pressure=ambient
numflag pm10_mass, no unit, Version=2, Version description=Data extracted from http://views.cira.colostate.edu/fed/DataWizard 2019-12-16, Sample duration=1d, Orig. time res.=3d, Matrix=pm10, Blank correction=Blank corrected, Volume std. temperature=ambient, Volume std. pressure=ambient
pm10_pm25_mass, ug/m3, Revision date=20181210133000, Matrix=pm10_pm25
numflag pm10_pm25_mass, no unit, Revision date=20181210133000, Matrix=pm10_pm25
pm25_mass, ug/m3, Version=2, Version description=Data extracted from http://views.cira.colostate.edu/fed/DataWizard 2019-12-16, Sample duration=1d, Orig. time res.=3d, Blank correction=Blank corrected, Volume std. temperature=ambient, Volume std. pressure=ambient
numflag pm25_mass, no unit, Version=2, Version description=Data extracted from http://views.cira.colostate.edu/fed/DataWizard 2019-12-16, Sample duration=1d, Orig. time res.=3d, Blank correction=Blank corrected, Volume std. temperature=ambient, Volume std. pressure=ambient
potassium, ug/m3, Revision date=20181210133000
numflag potassium, no unit, Revision date=20181210133000
sulphate_total, ug S/m3, Revision date=20181210133000
numflag sulphate_total, no unit, Revision date=20181210133000
0
25
Data definition:              EBAS_1.1
Set type code:                TU
Timezone:                     UTC
File name:                    US0023R.20040101080000.20191216000000.filterpack..pm25.52w.1w.US03L_filterpack_US0023.US03L_IMPROVE_Davis.lev2.nas
File creation:                20191218115655
Startdate:                    20040101080000
Revision date:                20191216000000
Statistics:                   arithmetic mean
Data level:                   2
Period code:                  52w
Resolution code:              1w
Station code:                 US0023R
Platform code:                US0023S
Station name:                 Hoover
Station latitude:             38.0881
Station longitude:            -119.1771
Station altitude:             2560.0 m
Regime:                       IMG
Component:                    
Matrix:                       pm25
Laboratory code:              US03L
Instrument type:              filterpack
Instrument name:              filterpack_US0023
Method ref:                   US03L_IMPROVE_Davis
starttime endtime Fe flag_Fe Pb flag_Pb Mg++ flag_Mg++ Ni flag_Ni NO3- flag_NO3- OC flag_OC OM flag_OM P flag_P PM10 flag_PM10 PM10-PM2.5 flag_PM10-PM2.5 PM2.5 flag_PM2.5 K+ flag_K+ SO4-- flag_SO4--
[from data line 80]
240.333333 241.333333   28.34 0.559 99.99 0.559259 9.999 0.559259 9.99 0.559259 0.018 0.559   0.436 0.000   0.611 0.000 99.99 0.559259   4.984 0.000   3.028 0.000   1.956 0.559 0.020 0.559 0.079 0.559
243.333333 244.333333   88.33 0.559  0.68 0.559000 0.060 0.559000 9.99 0.559259 0.032 0.000   0.812 0.000   1.137 0.000 99.99 0.559259   9.290 0.000   4.342 0.000   4.947 0.559 0.045 0.559 0.372 0.000
246.333333 247.333333   76.85 0.559  0.42 0.559000 9.999 0.559259 9.99 0.559259 0.022 0.559   0.595 0.000   0.833 0.000 99.99 0.559259  10.954 0.000   7.652 0.000   3.301 0.559 0.047 0.559 0.062 0.559
249.333333 250.333333   84.23 0.559  0.47 0.559000 9.999 0.559259 0.14 0.559000 0.012 0.559   0.819 0.000   1.147 0.000 99.99 0.559259   5.556 0.000   2.394 0.000   3.162 0.559 0.050 0.559 0.057 0.559
252.333333 253.333333   39.04 0.559  0.65 0.559000 9.999 0.559259 9.99 0.559259 0.035 0.559   0.703 0.000   0.985 0.000 99.99 0.559259   7.557 0.000   4.593 0.000   2.964 0.559 0.023 0.559 0.105 0.559
255.333333 256.333333   29.17 0.559  0.80 0.559000 9.999 0.559259 9.99 0.559259 0.037 0.559   0.913 0.000   1.278 0.000 99.99 0.559259   6.495 0.000   3.503 0.000   2.992 0.559 0.038 0.559 0.136 0.559
258.333333 259.333333   70.74 0.394  0.51 0.394000 9.999 0.394259 9.99 0.394259 9.999 0.999   0.749 0.000   1.048 0.000 99.99 0.394259  13.543 0.000   9.209 0.000   4.334 0.000 0.037 0.394 9.999 0.999
261.333333 262.333333   38.50 0.000  0.49 0.000000 9.999 0.259000 0.19 0.000000 9.999 0.999   0.381 0.000   0.534 0.000 99.99 0.259000  11.119 0.000   8.608 0.000   2.511 0.000 0.027 0.000 9.999 0.999
264.333333 265.333333   21.09 0.000  0.44 0.000000 9.999 0.259000 0.45 0.000000 9.999 0.999   0.330 0.000   0.462 0.000 99.99 0.259000   4.018 0.000   2.334 0.000   1.684 0.000 0.011 0.000 9.999 0.999
267.333333 268.333333   23.89 0.000 99.99 0.259000 9.999 0.259000 9.99 0.259000 9.999 0.999   0.569 0.000   0.797 0.000 99.99 0.259000 999.999 0.456 999.999 0.999   1.567 0.000 0.013 0.000 9.999 0.999
270.333333 271.333333   25.86 0.000  0.48 0.000000 0.098 0.000000 9.99 0.259000 9.999 0.999   0.526 0.000   0.737 0.000 99.99 0.259000 999.999 0.456 999.999 0.999   1.567 0.000 0.014 0.000 9.999 0.999
273.333333 274.333333   48.28 0.000  0.60 0.000000 9.999 0.259000 9.99 0.259000 9.999 0.999   1.202 0.000   1.683 0.000 99.99 0.259000   7.534 0.000   4.247 0.000   3.286 0.000 0.035 0.000 9.999 0.999
276.333333 277.333333   39.68 0.000  0.74 0.000000 9.999 0.259000 0.11 0.000000 0.040 0.000   0.531 0.000   0.743 0.000 99.99 0.259000   7.028 0.000   4.091 0.000   2.937 0.000 0.029 0.000 0.273 0.000
279.333333 280.333333   37.34 0.000  1.04 0.000000 9.999 0.259000 9.99 0.259000 0.025 0.000   0.983 0.000   1.376 0.000 99.99 0.259000  11.905 0.000   8.263 0.000   3.642 0.000 0.029 0.000 0.213 0.000
282.333333 283.333333   30.40 0.000  0.55 0.000000 9.999 0.259000 9.99 0.259000 0.065 0.000   0.315 0.000   0.441 0.000 99.99 0.259000   5.156 0.000   3.048 0.000   2.108 0.000 0.019 0.000 0.142 0.000
285.333333 286.333333   23.74 0.000  0.65 0.000000 9.999 0.259000 9.99 0.259000 0.022 0.000   0.437 0.000   0.611 0.000 99.99 0.259000   5.279 0.000   2.763 0.000   2.516 0.000 0.019 0.000 0.228 0.000
288.333333 289.333333   43.66 0.000  0.45 0.000000 9.999 0.259000 9.99 0.259000 0.191 0.000  11.632 0.000  16.285 0.000 99.99 0.259000  22.663 0.000   2.612 0.000  20.051 0.000 0.136 0.000 0.098 0.000
291.333333 292.333333    5.47 0.000  0.56 0.000000 9.999 0.259000 0.27 0.000000 0.022 0.000   0.339 0.000   0.475 0.000 99.99 0.259000   1.768 0.000   0.931 0.000   0.837 0.000 0.006 0.000 0.050 0.000
294.333333 295.333333    3.29 0.000  0.38 0.000000 9.999 0.259000 9.99 0.259000 0.014 0.000   0.293 0.000   0.410 0.000 99.99 0.259000   1.948 0.000   1.169 0.000   0.778 0.000 0.004 0.000 0.032 0.000
297.333333 298.333333    5.39 0.000  0.48 0.000000 0.082 0.000000 0.15 0.000000 0.023 0.000   0.405 0.000   0.568 0.000 99.99 0.259000   1.557 0.000   0.844 0.000   0.713 0.000 0.008 0.000 0.068 0.000
300.333333 301.333333    1.55 0.000  0.52 0.000000 9.999 0.259000 9.99 0.259000 0.012 0.000   0.189 0.000   0.265 0.000 99.99 0.259000   0.597 0.000   0.060 0.000   0.537 0.000 0.005 0.000 0.039 0.000
303.333333 304.333333   17.87 0.000  1.13 0.000000 9.999 0.259000 9.99 0.259000 0.030 0.000   0.305 0.000   0.428 0.000 99.99 0.259000   2.651 0.000   0.923 0.000   1.728 0.000 0.018 0.000 0.151 0.000
306.333333 307.333333    5.89 0.000  0.44 0.000000 9.999 0.259000 9.99 0.259000 0.010 0.000   0.235 0.000   0.329 0.000 99.99 0.259000   0.968 0.000   0.414 0.000   0.554 0.000 0.006 0.000 0.033 0.000
309.333333 310.333333   13.52 0.000  0.94 0.000000 9.999 0.259000 0.20 0.000000 0.137 0.000   0.301 0.000   0.422 0.000 99.99 0.259000   3.430 0.000   1.771 0.000   1.659 0.000 0.011 0.000 0.152 0.000
312.333333 313.333333    1.29 0.000 99.99 0.259000 9.999 0.259000 9.99 0.259000 0.011 0.000   0.226 0.000   0.317 0.000 99.99 0.259000   0.168 0.000 999.999 0.259   0.279 0.000 0.003 0.000 0.022 0.000
315.333333 316.333333    2.71 0.000  0.43 0.000000 9.999 0.259000 9.99 0.259000 0.017 0.000   0.028 0.000   0.040 0.000 99.99 0.259000   0.889 0.000   0.148 0.000   0.741 0.000 0.006 0.000 0.116 0.000
318.333333 319.333333    1.71 0.000  0.46 0.000000 0.153 0.000000 9.99 0.259000 0.090 0.000   0.541 0.000   0.758 0.000 99.99 0.259000   2.189 0.000   0.191 0.000   1.997 0.000 0.004 0.000 0.209 0.000
321.333333 322.333333    2.68 0.000  0.56 0.000000 9.999 0.259000 0.06 0.000000 0.010 0.000   0.205 0.000   0.286 0.000 99.99 0.259000   1.129 0.000   0.120 0.000   1.010 0.000 0.005 0.000 0.090 0.000
324.333333 325.333333    8.56 0.000  0.53 0.000000 9.999 0.259000 9.99 0.259000 0.064 0.000   0.317 0.000   0.444 0.000 99.99 0.259000   5.039 0.000   3.427 0.000   1.612 0.000 0.012 0.000 0.140 0.000
327.333333 328.333333    5.36 0.000  0.46 0.000000 9.999 0.259000 9.99 0.259000 0.015 0.000   0.171 0.000   0.239 0.000 99.99 0.259000   1.736 0.000   0.809 0.000   0.928 0.000 0.006 0.000 0.073 0.000
330.333333 331.333333    4.90 0.000 99.99 0.259000 9.999 0.259000 0.22 0.000000 0.009 0.000   0.028 0.000   0.039 0.000  3.64 0.000000   0.962 0.000   0.466 0.000   0.496 0.000 0.005 0.000 0.031 0.000
333.333333 334.333333    3.48 0.000  0.59 0.000000 0.082 0.000000 9.99 0.259000 0.008 0.000   0.092 0.000   0.129 0.000 99.99 0.259000   0.762 0.000   0.052 0.000   0.710 0.000 0.006 0.000 0.056 0.000
336.333333 337.333333    2.39 0.000  0.26 0.000000 0.056 0.000000 9.99 0.259000 0.066 0.000   0.561 0.000   0.786 0.000 99.99 0.259000   1.270 0.000   0.410 0.000   0.860 0.000 0.006 0.000 0.088 0.000
339.333333 340.333333   11.06 0.000  0.95 0.000000 9.999 0.259000 9.99 0.259000 0.197 0.000   0.449 0.000   0.629 0.000 99.99 0.259000   2.357 0.000   0.621 0.000   1.736 0.000 0.013 0.000 0.121 0.000
342.333333 343.333333    3.67 0.000  0.61 0.000000 0.072 0.000000 9.99 0.259000 0.004 0.000   0.117 0.000   0.164 0.000 99.99 0.259000   2.845 0.000   2.325 0.000   0.520 0.000 0.004 0.000 0.048 0.000
345.333333 346.333333    1.39 0.000 99.99 0.259000 9.999 0.259000 9.99 0.259000 0.002 0.000   0.091 0.000   0.128 0.000 99.99 0.259000   1.040 0.000   0.703 0.000   0.337 0.000 0.001 0.000 0.022 0.000
348.333333 349.333333   11.11 0.000  0.49 0.000000 9.999 0.259000 9.99 0.259000 0.005 0.000   0.113 0.000   0.159 0.000 99.99 0.259000   1.589 0.000   0.943 0.000   0.646 0.000 0.011 0.000 0.033 0.000
351.333333 352.333333    3.43 0.000  0.17 0.000000 9.999 0.259000 0.22 0.000000 0.005 0.000   0.012 0.000   0.017 0.000 99.99 0.259000   1.331 0.000   0.815 0.000   0.515 0.000 0.003 0.000 0.019 0.000
354.333333 355.333333    2.89 0.000  0.24 0.000000 9.999 0.259000 0.33 0.000000 0.014 0.000   0.144 0.000   0.202 0.000 99.99 0.259000   0.624 0.000 999.999 0.259   0.679 0.000 0.004 0.000 0.023 0.000
357.333333 358.333333    4.25 0.000  1.08 0.000000 9.999 0.259000 9.99 0.259000 0.053 0.559   0.073 0.000   0.102 0.000 99.99 0.259000   1.491 0.000   0.787 0.000   0.704 0.000 0.007 0.000 0.094 0.559
360.333333 361.333333    5.20 0.000  0.26 0.000000 9.999 0.259000 0.21 0.000000 0.005 0.000   0.074 0.000   0.103 0.000 99.99 0.259000   2.886 0.000   2.364 0.000   0.522 0.000 0.004 0.000 0.054 0.000
363.333333 364.333333    0.89 0.000  0.18 0.000000 9.999 0.259000 0.13 0.000000 0.009 0.000   0.009 0.000   0.013 0.000 99.99 0.259000   0.847 0.000   0.568 0.000   0.279 0.000 0.002 0.000 0.013 0.000
