scripts/IMPROVE-2019_partial/data/US0020R.20050101080000.20191216000000.filterpack..pm25.52w.1w.US03L_filterpack_US0020.US03L_IMPROVE_Davis.lev2.nas
64 1001
MISSING INFORMATION
US03L, IMPROVE, , , , , , , 
MISSING INFORMATION
IMPROVE sel_HTAP
1 1
2005 01 01 2019 12 16
3.000000
days from file reference point
25
1 1 1 1 1 1 1 1 1 1 1 1 1 1 1 1 1 1 1 1 1 1 1 1 1
999.999999 9999.99 9.999 99.99 9.999 9.999 9.999 99.99 9.999999 9.999 9.999 99.999 9.999 99.999 9.999 999.999 9.999 999.999 9.999 999.999 9.999 9.999 9.999 9.999 9.999
end_time of measurement, days from the file reference point
iron, ng/m3, Revision date=20181210133000
numflag iron, no unit, Revision date=20181210133000
lead, ng/m3, Revision date=20181210133000
numflag lead, no unit, Revision date=20181210133000
magnesium, ug/m3, Revision date=20181210133000
numflag magnesium, no unit, Revision date=20181210133000
nickel, ng/m3, Revision date=20181210133000
numflag nickel, no unit, Revision date=20181210133000
nitrate, ug N/m3, Revision date=20181210133000
numflag nitrate, no unit, Revision date=20181210133000
organic_carbon, ug C/m3, Revision date=20181210133000
numflag organic_carbon, no unit, Revision date=20181210133000
organic_mass, ug/m3, Revision date=20181210133000
numflag organic_mass, no unit, Revision date=20181210133000
pm10_mass, ug/m3, Version=2, Version description=Data extracted from http://views.cira.colostate.edu/fed/DataWizard 2019-12-16, Sample duration=1d, Orig. time res.=3d, Matrix=pm10, Blank correction=Blank corrected, Volume std. temperature=ambient, Volume std. pressure=ambient
numflag pm10_mass, no unit, Version=2, Version description=Data extracted from http://views.cira.colostate.edu/fed/DataWizard 2019-12-16, Sample duration=1d, Orig. time res.=3d, Matrix=pm10, Blank correction=Blank corrected, Volume std. temperature=ambient, Volume std. pressure=ambient
pm10_pm25_mass, ug/m3, Revision date=20181210133000, Matrix=pm10_pm25
numflag pm10_pm25_mass, no unit, Revision date=20181210133000, Matrix=pm10_pm25
pm25_mass, ug/m3, Version=2, Version description=Data extracted from http://views.cira.colostate.edu/fed/DataWizard 2019-12-16, Sample duration=1d, Orig. time res.=3d, Blank correction=Blank corrected, Volume std. temperature=ambient, Volume std. pressure=ambient
numflag pm25_mass, no unit, Version=2, Version description=Data extracted from http://views.cira.colostate.edu/fed/DataWizard 2019-12-16, Sample duration=1d, Orig. time res.=3d, Blank correction=Blank corrected, Volume std. temperature=ambient, Volume std. pressure=ambient
potassium, ug/m3, Revision date=20181210133000
numflag potassium, no unit, Revision date=20181210133000
sulphate_total, ug S/m3, Revision date=20181210133000
numflag sulphate_total, no unit, Revision date=20181210133000
0
25
Data definition:              EBAS_1.1
Set type code:                TU
Timezone:                     UTC
File name:                    US0020R.20050101080000.20191216000000.filterpack..pm25.52w.1w.US03L_filterpack_US0020.US03L_IMPROVE_Davis.lev2.nas
File creation:                20191218115646
Startdate:                    20050101080000
Revision date:                20191216000000
Statistics:                   arithmetic mean
Data level:                   2
Period code:                  52w
Resolution code:              1w
Station code:                 US0020R
Platform code:                US0020S
Station name:                 Death Valley NP
Station latitude:             36.5089
Station longitude:            -116.8478
Station altitude:             130.0 m
Regime:                       IMG
Component:                    
Matrix:                       pm25
Laboratory code:              US03L
Instrument type:              filterpack
Instrument name:              filterpack_US0020
Method ref:                   US03L_IMPROVE_Davis
starttime endtime Fe flag_Fe Pb flag_Pb Mg++ flag_Mg++ Ni flag_Ni NO3- flag_NO3- OC flag_OC OM flag_OM PM10 flag_PM10 PM10-PM2.5 flag_PM10-PM2.5 PM2.5 flag_PM2.5 K+ flag_K+ SO4-- flag_SO4--
  0.333333   1.333333    7.13 0.000  0.43 0.000 9.999 0.259  0.25 0.000000 0.086 0.000  0.252 0.000  0.454 0.000   3.065 0.000   1.628 0.000   1.437 0.000 0.014 0.000 0.115 0.000
  3.333333   4.333333    4.90 0.000  0.51 0.000 9.999 0.259 99.99 0.259000 0.052 0.000  0.190 0.000  0.342 0.000   1.221 0.000   0.690 0.000   0.539 0.000 0.006 0.000 0.062 0.000
  6.333333   7.333333    4.62 0.000  0.40 0.000 9.999 0.259  0.08 0.000000 0.083 0.000  0.254 0.000  0.456 0.000   1.466 0.000   0.654 0.000   0.812 0.000 0.004 0.000 0.102 0.000
  9.333333  10.333333    2.26 0.000 99.99 0.259 9.999 0.259  0.13 0.000000 0.007 0.000  0.100 0.000  0.180 0.000   0.606 0.000   0.396 0.000   0.210 0.000 0.003 0.000 0.026 0.000
 12.333333  13.333333  123.68 0.000  0.33 0.000 0.050 0.000  0.38 0.000000 0.009 0.000  0.072 0.000  0.129 0.000   5.412 0.000   1.755 0.000   3.656 0.000 0.074 0.000 0.047 0.000
 15.333333  16.333333   24.42 0.000  0.87 0.000 9.999 0.259  0.14 0.000000 0.014 0.000  0.186 0.000  0.334 0.000   2.438 0.000   1.250 0.000   1.187 0.000 0.017 0.000 0.046 0.000
 18.333333  19.333333   21.28 0.000  0.35 0.000 0.016 0.000 99.99 0.259000 0.008 0.000  0.155 0.000  0.279 0.000   3.006 0.000   1.630 0.000   1.376 0.000 0.022 0.000 0.065 0.000
 21.333333  22.333333    9.81 0.000  0.41 0.000 9.999 0.259 99.99 0.259000 0.010 0.000  0.118 0.000  0.213 0.000   2.191 0.000   1.169 0.000   1.022 0.000 0.015 0.000 0.059 0.000
 24.333333  25.333333   20.51 0.000  0.70 0.000 9.999 0.259  0.14 0.000000 0.019 0.000  0.324 0.000  0.583 0.000   4.415 0.000   2.079 0.000   2.335 0.000 0.023 0.000 0.226 0.000
 27.333333  28.333333   14.46 0.000  0.57 0.000 0.018 0.000 99.99 0.259000 0.132 0.000  0.270 0.000  0.486 0.000   6.471 0.000   4.319 0.000   2.151 0.000 0.013 0.000 0.175 0.000
 30.333333  31.333333   50.54 0.000  0.38 0.000 0.018 0.000 99.99 0.259000 0.010 0.000  0.069 0.000  0.125 0.000   2.469 0.000   0.444 0.000   2.025 0.000 0.032 0.000 0.091 0.000
 33.333333  34.333333   19.51 0.000  1.07 0.000 9.999 0.259 99.99 0.259000 0.012 0.000  0.721 0.000  1.298 0.000   3.842 0.000   2.502 0.000   1.340 0.000 0.017 0.000 0.127 0.000
 36.333333  37.333333   21.12 0.000  1.29 0.000 0.008 0.000  0.26 0.000000 0.451 0.000  0.070 0.000  0.126 0.000   7.637 0.000   2.619 0.000   5.018 0.000 0.016 0.000 0.327 0.000
 39.333333  40.333333   10.99 0.000  0.26 0.000 0.010 0.000 99.99 0.259000 0.006 0.000  0.118 0.000  0.212 0.000   4.347 0.000   3.454 0.000   0.892 0.000 0.007 0.000 0.067 0.000
 42.333333  43.333333    8.33 0.000  0.42 0.000 9.999 0.259  0.27 0.000000 0.060 0.000  0.267 0.000  0.480 0.000   1.626 0.000   0.601 0.000   1.025 0.000 0.006 0.000 0.098 0.000
 45.333333  46.333333   20.39 0.000  1.31 0.000 9.999 0.259  0.19 0.000000 0.233 0.000  0.369 0.000  0.664 0.000   6.109 0.000   1.888 0.000   4.243 0.000 0.012 0.000 0.420 0.000
 48.333333  49.333333   10.42 0.000  0.78 0.000 0.009 0.000 99.99 0.259000 0.073 0.000  0.350 0.000  0.630 0.000   2.673 0.000   0.925 0.000   1.750 0.000 0.008 0.000 0.184 0.000
 51.333333  52.333333    6.86 0.000  0.36 0.000 0.015 0.000 99.99 0.259000 0.047 0.000  0.185 0.000  0.333 0.000   1.752 0.000   0.672 0.000   1.079 0.000 0.008 0.000 0.099 0.000
 54.333333  55.333333    6.10 0.000  0.64 0.000 9.999 0.259  0.41 0.000000 0.006 0.000  0.164 0.000  0.295 0.000   1.740 0.000   0.877 0.000   0.862 0.000 0.005 0.000 0.117 0.000
 57.333333  58.333333    9.28 0.000  0.57 0.000 9.999 0.259 99.99 0.259000 0.022 0.000  0.395 0.000  0.710 0.000   3.337 0.000   1.191 0.000   2.145 0.000 0.009 0.000 0.223 0.000
 60.333333  61.333333   21.55 0.000  0.84 0.000 9.999 0.259 99.99 0.259000 0.048 0.000  0.567 0.000  1.020 0.000   5.717 0.000   2.877 0.000   2.840 0.000 0.015 0.000 0.271 0.000
 63.333333  64.333333   41.58 0.000  0.56 0.000 9.999 0.259 99.99 0.259000 0.018 0.000  0.283 0.000  0.509 0.000   5.917 0.000   4.484 0.000   1.433 0.000 0.011 0.000 0.152 0.000
 66.333333  67.333333   22.02 0.000  0.66 0.000 9.999 0.259 99.99 0.259000 0.009 0.000  0.222 0.000  0.399 0.000   4.216 0.000   2.555 0.000   1.634 0.000 0.022 0.000 0.118 0.000
 69.333333  70.333333   36.55 0.000  0.95 0.000 9.999 0.259 99.99 0.259000 0.015 0.000  0.376 0.000  0.677 0.000   6.499 0.000   4.437 0.000   2.062 0.000 0.034 0.000 0.119 0.000
 72.333333  73.333333   66.79 0.000  1.03 0.000 0.018 0.000 99.99 0.259000 0.038 0.000  0.381 0.000  0.687 0.000  12.637 0.000   9.822 0.000   2.816 0.000 0.047 0.000 0.183 0.000
 75.333333  76.333333   93.32 0.000  3.25 0.000 0.028 0.000  0.05 0.000000 0.067 0.000  0.953 0.000  1.715 0.000  15.862 0.000  10.771 0.000   5.091 0.000 0.073 0.000 0.397 0.000
 78.333333  79.333333   22.18 0.000  0.74 0.000 9.999 0.259 99.99 0.259000 0.043 0.000  0.216 0.000  0.389 0.000   5.694 0.000   3.832 0.000   1.864 0.000 0.021 0.000 0.132 0.000
 81.333333  82.333333   73.17 0.000  0.29 0.000 9.999 0.259 99.99 0.259000 0.013 0.000  0.218 0.000  0.393 0.000  18.226 0.000  15.894 0.000   2.332 0.000 0.057 0.000 0.067 0.000
 84.333333  85.333333   13.20 0.000  0.81 0.000 9.999 0.259 99.99 0.259000 0.013 0.000  0.112 0.000  0.202 0.000   2.548 0.000   1.379 0.000   1.169 0.000 0.013 0.000 0.137 0.000
 87.333333  88.333333   83.87 0.000  0.83 0.000 0.023 0.000  0.66 0.000000 0.027 0.000  0.227 0.000  0.408 0.000  16.111 0.000  12.491 0.000   3.759 0.000 0.066 0.000 0.238 0.000
 90.333333  91.333333   14.36 0.000  1.01 0.000 9.999 0.259 99.99 0.259000 0.012 0.000  0.177 0.000  0.318 0.000   3.263 0.000   1.592 0.000   1.671 0.000 0.015 0.000 0.252 0.000
 93.333333  94.333333   68.57 0.000  1.33 0.000 0.030 0.000 99.99 0.259000 0.045 0.000  0.236 0.000  0.425 0.000  10.631 0.000   7.147 0.000   3.485 0.000 0.061 0.000 0.344 0.000
 96.333333  97.333333  117.02 0.000  2.85 0.000 0.038 0.000 99.99 0.259000 0.048 0.000  0.477 0.000  0.858 0.000  16.493 0.000  10.877 0.000   5.623 0.000 0.088 0.000 0.510 0.000
 99.333333 100.333333  109.23 0.000  1.35 0.000 9.999 0.259  0.10 0.000000 0.025 0.000  0.058 0.000  0.104 0.000  10.706 0.000   7.314 0.000   3.392 0.000 0.072 0.000 0.211 0.000
102.333333 103.333333  232.32 0.000  3.66 0.000 0.094 0.000  0.17 0.000000 0.157 0.000  0.890 0.000  1.601 0.000  30.205 0.000  20.977 0.000   9.229 0.000 0.160 0.000 0.699 0.000
105.333333 106.333333  128.88 0.000  2.38 0.000 0.051 0.000 99.99 0.259000 0.037 0.000  0.867 0.000  1.560 0.000  11.251 0.000   6.475 0.000   4.776 0.000 0.090 0.000 0.342 0.000
108.333333 109.333333   64.64 0.394  0.97 0.394 0.043 0.394 99.99 0.394259 0.021 0.394 99.999 0.999 99.999 0.999  10.917 0.000   8.664 0.000   2.354 0.000 0.050 0.394 0.150 0.394
111.333333 112.333333   90.76 0.000  1.00 0.000 0.034 0.000  0.28 0.000000 0.044 0.000  0.548 0.000  0.986 0.000  10.950 0.000   7.472 0.000   3.478 0.000 0.055 0.000 0.198 0.000
114.333333 115.333333   53.89 0.000  0.92 0.000 0.017 0.000  0.11 0.000000 0.043 0.000  0.519 0.000  0.934 0.000   7.524 0.000   3.941 0.000   3.583 0.000 0.037 0.000 0.347 0.000
117.333333 118.333333   73.52 0.000  0.84 0.000 9.999 0.259  0.30 0.000000 0.032 0.000  0.402 0.000  0.723 0.000   9.746 0.000   6.207 0.000   3.539 0.000 0.049 0.000 0.270 0.000
120.333333 121.333333   60.32 0.000  0.93 0.000 0.016 0.000 99.99 0.259000 0.032 0.000  0.755 0.000  1.359 0.000   7.427 0.000   2.824 0.000   4.602 0.000 0.040 0.000 0.387 0.000
123.333333 124.333333   74.59 0.000  1.86 0.000 9.999 0.259 99.99 0.259000 0.055 0.000  0.992 0.000  1.785 0.000  13.082 0.000   7.235 0.000   5.846 0.000 0.052 0.000 0.581 0.000
126.333333 127.333333   61.54 0.000  0.69 0.000 0.017 0.000  0.18 0.000000 0.024 0.000  0.389 0.000  0.700 0.000   4.174 0.000   1.119 0.000   3.055 0.000 0.042 0.000 0.247 0.000
129.333333 130.333333   34.45 0.000  0.98 0.000 0.019 0.000 99.99 0.259000 0.015 0.000 99.999 0.259 99.999 0.259   5.276 0.000   3.814 0.000   1.508 0.000 0.026 0.000 0.133 0.000
132.333333 133.333333   76.08 0.000  0.91 0.000 9.999 0.259  0.18 0.000000 0.011 0.000  0.488 0.000  0.879 0.000   5.057 0.000   2.380 0.000   2.676 0.000 0.046 0.000 0.158 0.000
135.333333 136.333333  156.36 0.000  1.62 0.000 0.061 0.000 99.99 0.259000 0.033 0.000  0.749 0.000  1.348 0.000  26.064 0.000  19.013 0.000   7.091 0.000 0.110 0.000 0.596 0.000
138.333333 139.333333   36.08 0.000 99.99 0.259 0.012 0.000 99.99 0.259000 0.021 0.000  0.681 0.000  1.226 0.000   6.448 0.000   4.007 0.000   2.442 0.000 0.027 0.000 0.153 0.000
141.333333 142.333333  179.49 0.000  1.33 0.000 0.100 0.000 99.99 0.259000 0.071 0.000  1.006 0.000  1.810 0.000  18.878 0.000  11.481 0.000   7.397 0.000 0.133 0.000 0.436 0.000
144.333333 145.333333   80.59 0.000  1.34 0.000 0.019 0.000 99.99 0.259000 0.063 0.000  1.511 0.000  2.721 0.000  12.821 0.000   6.747 0.000   6.075 0.000 0.052 0.000 0.400 0.000
147.333333 148.333333  179.47 0.000  1.41 0.000 0.038 0.000  0.15 0.000000 0.079 0.000  1.803 0.000  3.245 0.000  19.932 0.000   9.864 0.000  10.068 0.000 0.116 0.000 0.663 0.000
150.333333 151.333333  153.89 0.000  0.96 0.000 0.036 0.000  0.18 0.000000 0.049 0.000  0.917 0.000  1.650 0.000  11.053 0.000   4.130 0.000   6.977 0.000 0.098 0.000 0.369 0.000
153.333333 154.333333  116.83 0.000  0.76 0.000 0.046 0.000  0.13 0.000000 0.012 0.000  0.567 0.000  1.020 0.000  11.034 0.000   6.493 0.000   4.541 0.000 0.080 0.000 0.176 0.000
156.333333 157.333333   59.82 0.000  1.45 0.000 0.015 0.000 99.99 0.259000 0.108 0.000  0.890 0.000  1.602 0.000  20.354 0.000  15.182 0.000   5.173 0.000 0.036 0.000 0.404 0.000
159.333333 160.333333   79.03 0.000  0.61 0.000 0.027 0.000 99.99 0.259000 0.026 0.000  0.486 0.000  0.874 0.000  16.383 0.000  12.742 0.000   3.642 0.000 0.076 0.000 0.340 0.000
162.333333 163.333333   44.89 0.000  0.66 0.000 0.010 0.000 99.99 0.259000 0.024 0.000  0.895 0.000  1.612 0.000   9.931 0.000   5.729 0.000   4.202 0.000 0.030 0.000 0.382 0.000
165.333333 166.333333   87.18 0.000  1.43 0.000 0.008 0.000  0.17 0.000000 9.999 0.456  2.084 0.000  3.752 0.000  29.101 0.000  19.900 0.000   9.203 0.000 0.066 0.000 9.999 0.456
168.333333 169.333333   36.88 0.000  0.64 0.000 0.019 0.000  0.10 0.000000 0.083 0.000  0.638 0.000  1.149 0.000  13.246 0.000   9.734 0.000   3.513 0.000 0.029 0.000 0.321 0.000
171.333333 172.333333   43.81 0.000  1.00 0.000 9.999 0.259  0.17 0.000000 0.063 0.000  1.166 0.000  2.098 0.000  12.683 0.000   7.074 0.000   5.711 0.000 0.053 0.000 0.688 0.000
174.333333 175.333333   69.54 0.000  0.78 0.000 0.018 0.000 99.99 0.259000 0.068 0.000  0.877 0.000  1.578 0.000  16.934 0.000  12.421 0.000   4.514 0.000 0.050 0.000 0.397 0.000
177.333333 178.333333   44.67 0.000  1.00 0.000 9.999 0.259  0.16 0.000000 0.058 0.000  1.360 0.000  2.448 0.000  13.558 0.000   8.602 0.000   4.956 0.000 0.057 0.000 0.494 0.000
180.333333 181.333333   68.76 0.000  0.94 0.000 0.012 0.000  0.11 0.000000 0.037 0.000  1.278 0.000  2.300 0.000  16.661 0.000  10.797 0.000   5.864 0.000 0.051 0.000 0.688 0.000
183.333333 184.333333   64.14 0.000  0.91 0.000 9.999 0.259  0.19 0.000000 0.046 0.000  2.240 0.000  4.032 0.000  21.164 0.000  13.239 0.000   7.925 0.000 0.058 0.000 0.740 0.000
186.333333 187.333333   67.41 0.000  2.09 0.000 0.026 0.000 99.99 0.259000 0.181 0.000  2.256 0.000  4.061 0.000  25.606 0.000  16.826 0.000   8.781 0.000 0.332 0.000 0.803 0.000
189.333333 190.333333 9999.99 0.999 99.99 0.999 9.999 0.999 99.99 0.999000 9.999 0.999 99.999 0.999 99.999 0.999 999.999 0.999 999.999 0.999 999.999 0.999 9.999 0.999 9.999 0.999
192.333333 193.333333 9999.99 0.999 99.99 0.999 9.999 0.999 99.99 0.999000 9.999 0.999 99.999 0.999 99.999 0.999 999.999 0.999 999.999 0.999 999.999 0.999 9.999 0.999 9.999 0.999
195.333333 196.333333   70.95 0.000  0.39 0.000 9.999 0.259 99.99 0.259000 0.036 0.000  1.818 0.000  3.272 0.000  16.899 0.000  11.424 0.000   5.476 0.000 0.061 0.000 0.436 0.000
198.333333 199.333333   49.40 0.000  0.61 0.000 0.008 0.000  0.11 0.000000 0.041 0.000  2.627 0.000  4.729 0.000  14.371 0.000   7.528 0.000   6.843 0.000 0.081 0.000 0.614 0.000
201.333333 202.333333  129.34 0.000  1.20 0.000 0.027 0.000  0.19 0.000000 0.085 0.000  2.198 0.000  3.956 0.000  30.810 0.000  21.398 0.000   9.415 0.000 0.132 0.000 0.822 0.000
204.333333 205.333333 9999.99 0.999 99.99 0.999 9.999 0.999 99.99 0.999000 9.999 0.999 99.999 0.999 99.999 0.999 999.999 0.999 999.999 0.999 999.999 0.999 9.999 0.999 9.999 0.999
207.333333 208.333333   53.28 0.000  0.55 0.000 9.999 0.259  0.10 0.000000 0.032 0.000  1.764 0.000  3.175 0.000  15.278 0.000   9.481 0.000   5.798 0.000 0.051 0.000 0.451 0.000
210.333333 211.333333 9999.99 0.999 99.99 0.999 9.999 0.999 99.99 0.999000 9.999 0.999 99.999 0.999 99.999 0.999 999.999 0.999 999.999 0.999 999.999 0.999 9.999 0.999 9.999 0.999
213.333333 214.333333   58.36 0.000  0.57 0.000 9.999 0.259 99.99 0.259000 0.040 0.000  1.399 0.000  2.518 0.000  12.775 0.000   8.425 0.000   4.448 0.000 0.041 0.000 0.635 0.000
216.333333 217.333333   57.37 0.000  0.38 0.000 9.999 0.259 99.99 0.259000 0.043 0.000  1.085 0.000  1.953 0.000  13.017 0.000   8.557 0.000   4.471 0.000 0.041 0.000 0.486 0.000
219.333333 220.333333   94.89 0.000  0.86 0.000 9.999 0.259  0.13 0.000000 0.069 0.000  1.904 0.000  3.427 0.000  16.749 0.000   8.474 0.000   8.274 0.000 0.100 0.000 0.837 0.000
222.333333 223.333333  272.87 0.000  0.92 0.000 0.055 0.000  0.31 0.000000 0.049 0.000  2.106 0.000  3.791 0.000  21.350 0.000  10.126 0.000  11.221 0.000 0.179 0.000 0.686 0.000
225.333333 226.333333  191.86 0.000  0.76 0.000 9.999 0.259  0.25 0.000000 0.059 0.000  1.676 0.000  3.018 0.000  25.162 0.000  15.313 0.000   9.884 0.000 0.114 0.000 0.801 0.000
228.333333 229.333333   45.34 0.000  0.39 0.000 9.999 0.259  0.12 0.000000 0.044 0.000  0.913 0.000  1.644 0.000  10.663 0.000   6.470 0.000   4.192 0.000 0.035 0.000 0.460 0.000
231.333333 232.333333   43.72 0.000  0.74 0.000 9.999 0.259  0.14 0.000000 0.024 0.000  0.871 0.000  1.568 0.000   9.776 0.000   5.313 0.000   4.462 0.000 0.034 0.000 0.603 0.000
234.333333 235.333333   50.58 0.000  0.39 0.000 9.999 0.259  0.09 0.000000 0.019 0.000  0.741 0.000  1.333 0.000   5.843 0.000   2.947 0.000   2.943 0.000 0.025 0.000 0.342 0.000
237.333333 238.333333  106.84 0.000  0.45 0.000 9.999 0.259  0.17 0.000000 0.037 0.000  1.109 0.000  1.996 0.000   8.866 0.000   4.524 0.000   4.341 0.000 0.061 0.000 0.297 0.000
240.333333 241.333333   44.43 0.000  0.31 0.000 9.999 0.259  0.08 0.000000 0.018 0.000  1.244 0.000  2.240 0.000   8.927 0.000   5.638 0.000   3.288 0.000 0.026 0.000 0.240 0.000
243.333333 244.333333   96.18 0.000  1.16 0.000 9.999 0.259  0.13 0.000000 0.101 0.000  1.218 0.000  2.192 0.000  17.876 0.000  12.549 0.000   5.327 0.000 0.064 0.000 0.354 0.000
246.333333 247.333333   23.50 0.000  0.73 0.000 9.999 0.259 99.99 0.259000 0.025 0.000  0.718 0.000  1.292 0.000   6.031 0.000   3.528 0.000   2.502 0.000 0.019 0.000 0.357 0.000
249.333333 250.333333   54.20 0.000  0.83 0.000 9.999 0.259 99.99 0.259000 0.039 0.000  1.005 0.000  1.808 0.000   8.131 0.000   4.803 0.000   3.328 0.000 0.032 0.000 0.225 0.000
252.333333 253.333333   50.13 0.000  0.76 0.000 9.999 0.259  0.15 0.000000 0.053 0.000  1.037 0.000  1.866 0.000  13.558 0.000   9.591 0.000   3.967 0.000 0.030 0.000 0.293 0.000
255.333333 256.333333   53.97 0.000  0.96 0.000 9.999 0.259  0.12 0.000000 0.158 0.000  1.218 0.000  2.193 0.000  16.439 0.000  11.328 0.000   5.171 0.000 0.059 0.000 0.328 0.000
258.333333 259.333333   84.45 0.000  1.34 0.000 0.011 0.000  0.15 0.000000 0.145 0.000  1.513 0.000  2.723 0.000  24.781 0.000  17.555 0.000   7.229 0.000 0.054 0.000 0.553 0.000
261.333333 262.333333   50.86 0.000  1.30 0.000 9.999 0.259  0.11 0.000000 0.047 0.000  1.042 0.000  1.876 0.000  10.981 0.000   6.915 0.000   4.066 0.000 0.040 0.000 0.390 0.000
264.333333 265.333333   35.58 0.000  0.62 0.000 9.999 0.259 99.99 0.259000 0.026 0.000  1.278 0.000  2.301 0.000   5.331 0.000   1.521 0.000   3.891 0.000 0.022 0.000 0.189 0.000
