scripts/IMPROVE-2019_partial/data/US0098R.19940101080000.20191216000000.filterpack...1y.3d.US03L_filterpack_US0098.US03L_IMPROVE_Davis.lev2.nas
51 1001
MISSING INFORMATION
US03L, IMPROVE, , , , , , , 
MISSING INFORMATION
IMPROVE sel_HTAP
1 1
1994 01 01 2019 12 16
0
days from file reference point
4
1 1 1 1
999.999999 999.999 999.999 9.999
end_time of measurement, days from the file reference point
pm10_mass, ug/m3, Matrix=pm10
pm25_mass, ug/m3, Matrix=pm25
numflag, no unit
0
33
Data definition:              EBAS_1.1
Set type code:                TI
Timezone:                     UTC
File name:                    US0098R.19940101080000.20191216000000.filterpack...1y.3d.US03L_filterpack_US0098.US03L_IMPROVE_Davis.lev2.nas
File creation:                20191218120206
Startdate:                    19940101080000
Revision date:                20191216000000
Version:                      2
Version description:          "Data extracted from http://views.cira.colostate.edu/fed/DataWizard 2019-12-16"
Statistics:                   arithmetic mean
Data level:                   2
Period code:                  1y
Resolution code:              3d
Sample duration:              1d
Orig. time res.:              3d
Station code:                 US0098R
Platform code:                US0098S
Station name:                 Point Reyes National Seashore
Station latitude:             38.1224
Station longitude:            -122.9085
Station altitude:             97.0 m
Regime:                       IMG
Component:                    
Unit:                         ug/m3
Matrix:                       
Laboratory code:              US03L
Instrument type:              filterpack
Instrument name:              filterpack_US0098
Method ref:                   US03L_IMPROVE_Davis
Blank correction:             Blank corrected
Volume std. temperature:      ambient
Volume std. pressure:         ambient
starttime endtime PM10 PM2.5 flag
  0.333333   1.333333  15.866  13.074 0.000
  4.333333   5.333333  13.321   4.349 0.000
  7.333333   8.333333  19.004  14.936 0.000
 11.333333  12.333333  19.382  11.492 0.000
 14.333333  15.333333  23.861  10.794 0.000
 18.333333  19.333333  36.520  27.803 0.000
 21.333333  22.333333  37.385  26.885 0.000
 25.333333  26.333333   5.294   2.516 0.000
 28.333333  29.333333  10.784   4.645 0.000
 32.333333  33.333333  18.599  10.897 0.000
 35.333333  36.333333  35.914  27.435 0.000
 39.333333  40.333333  13.992   5.446 0.000
 42.333333  43.333333   9.302   3.853 0.000
 46.333333  47.333333   8.599   3.942 0.000
 49.333333  50.333333   4.047   1.603 0.000
 53.333333  54.333333   8.685   4.180 0.000
 56.333333  57.333333   4.688   1.768 0.000
 60.333333  61.333333  15.161   5.756 0.000
 63.333333  64.333333  14.901   6.624 0.000
 67.333333  68.333333  16.838   8.339 0.000
 70.333333  71.333333   8.716   3.834 0.000
 74.333333  75.333333   9.114   3.301 0.000
 77.333333  78.333333  16.125   5.833 0.000
 81.333333  82.333333   7.882   3.280 0.000
 84.333333  85.333333  14.062   6.433 0.000
 88.333333  89.333333  16.050   5.897 0.000
 91.333333  92.333333  26.284  12.436 0.000
 95.333333  96.333333  13.218   5.000 0.000
 98.333333  99.333333  12.910   5.062 0.000
102.333333 103.333333  18.328   7.886 0.000
105.333333 106.333333  17.542   8.328 0.000
109.333333 110.333333  10.246   4.618 0.000
112.333333 113.333333   9.368   3.790 0.000
116.333333 117.333333  24.128  10.794 0.000
119.333333 120.333333  14.329   6.190 0.000
123.333333 124.333333   5.690   1.392 0.000
126.333333 127.333333   8.249   3.703 0.000
130.333333 131.333333  16.879   7.962 0.000
133.333333 134.333333  20.503   9.522 0.000
137.333333 138.333333  20.759   8.734 0.000
140.333333 141.333333   8.655   3.291 0.000
144.333333 145.333333  24.605  11.519 0.000
147.333333 148.333333  26.777   9.968 0.000
151.333333 152.333333  12.648   5.235 0.000
154.333333 155.333333   3.737   2.226 0.000
158.333333 159.333333  15.986   7.050 0.000
161.333333 162.333333  15.485   9.245 0.000
165.333333 166.333333  18.916   8.070 0.000
168.333333 169.333333  17.804   7.943 0.000
172.333333 173.333333  15.675   5.652 0.000
175.333333 176.333333  20.311   8.634 0.000
179.333333 180.333333  12.218   6.842 0.000
182.333333 183.333333  11.353   5.449 0.000
186.333333 187.333333  18.625  11.308 0.000
189.333333 190.333333   9.135   6.604 0.000
193.333333 194.333333  26.817  16.364 0.000
196.333333 197.333333   8.839   6.928 0.000
200.333333 201.333333   3.032   2.260 0.000
203.333333 204.333333   3.742   1.579 0.000
207.333333 208.333333   7.929   4.286 0.000
210.333333 211.333333  16.958  10.975 0.000
214.333333 215.333333   4.027   1.924 0.000
217.333333 218.333333  25.584  12.965 0.000
221.333333 222.333333   5.417   3.209 0.000
224.333333 225.333333   8.942   5.648 0.000
228.333333 229.333333  19.309  10.157 0.000
231.333333 232.333333  18.947   9.373 0.000
235.333333 236.333333   6.782   2.921 0.000
238.333333 239.333333  11.877   9.277 0.000
242.333333 243.333333  19.404  10.093 0.000
245.333333 246.333333   6.987   3.354 0.000
249.333333 250.333333   6.107   3.533 0.000
252.333333 253.333333  12.987   6.183 0.000
256.333333 257.333333  24.533   6.824 0.000
259.333333 260.333333   8.462   4.744 0.000
263.333333 264.333333  10.415   8.718 0.000
266.333333 267.333333  12.330   8.397 0.000
270.333333 271.333333   8.167   5.096 0.000
273.333333 274.333333   6.077   5.000 0.000
277.333333 278.333333   8.548   4.719 0.000
280.333333 281.333333  16.198   8.312 0.000
284.333333 285.333333  17.608   6.921 0.000
287.333333 288.333333  31.885   9.429 0.000
291.333333 292.333333  19.197   8.235 0.000
294.333333 295.333333  24.173   9.708 0.000
298.333333 299.333333  35.866   1.619 0.000
301.333333 302.333333  25.769   9.769 0.000
305.333333 306.333333  21.897   4.899 0.000
308.333333 309.333333   2.055   1.279 0.000
312.333333 313.333333   6.870   3.732 0.000
315.333333 316.333333  20.000   6.941 0.000
319.333333 320.333333  24.408   8.182 0.000
322.333333 323.333333  10.916   3.196 0.000
326.333333 327.333333  17.755  13.614 0.000
329.333333 330.333333  14.122   3.133 0.000
333.333333 334.333333  12.967   8.129 0.000
336.333333 337.333333   5.538   2.807 0.000
340.333333 341.333333  12.927   3.844 0.000
343.333333 344.333333 999.999 999.999 0.999
347.333333 348.333333  10.184   4.306 0.000
350.333333 351.333333  20.108  17.143 0.000
354.333333 355.333333  19.370  14.913 0.000
357.333333 358.333333  12.954   3.837 0.000
361.333333 362.333333  12.481   3.391 0.000
364.333333 365.333333  22.057  18.895 0.000
