scripts/IMPROVE-2019_partial/data/US0027R.20030103070000.20191216000000.filterpack..pm25.1y.1w.US03L_filterpack_US0027.US03L_IMPROVE_Davis.lev2.nas
64 1001
MISSING INFORMATION
US03L, IMPROVE, , , , , , , 
MISSING INFORMATION
IMPROVE sel_HTAP
1 1
2003 01 01 2019 12 16
3.000000
days from file reference point
25
1 1 1 1 1 1 1 1 1 1 1 1 1 1 1 1 1 1 1 1 1 1 1 1 1
999.999999 9999.99 9.999 99.99 9.999 9.999 9.999999 999.99 9.999999 9.999 9.999 999.999 9.999 999.999 9.999 999.999 9.999 999.999 9.999 999.999 9.999 9.999 9.999 9.999 9.999
end_time of measurement, days from the file reference point
iron, ng/m3, Revision date=20181210133000
numflag iron, no unit, Revision date=20181210133000
lead, ng/m3, Revision date=20181210133000
numflag lead, no unit, Revision date=20181210133000
magnesium, ug/m3, Revision date=20181210133000
numflag magnesium, no unit, Revision date=20181210133000
nickel, ng/m3, Revision date=20181210133000
numflag nickel, no unit, Revision date=20181210133000
nitrate, ug N/m3, Revision date=20181210133000
numflag nitrate, no unit, Revision date=20181210133000
organic_carbon, ug C/m3, Revision date=20181210133000
numflag organic_carbon, no unit, Revision date=20181210133000
organic_mass, ug/m3, Revision date=20181210133000
numflag organic_mass, no unit, Revision date=20181210133000
pm10_mass, ug/m3, Version=2, Version description=Data extracted from http://views.cira.colostate.edu/fed/DataWizard 2019-12-16, Sample duration=1d, Orig. time res.=3d, Matrix=pm10, Blank correction=Blank corrected, Volume std. temperature=ambient, Volume std. pressure=ambient
numflag pm10_mass, no unit, Version=2, Version description=Data extracted from http://views.cira.colostate.edu/fed/DataWizard 2019-12-16, Sample duration=1d, Orig. time res.=3d, Matrix=pm10, Blank correction=Blank corrected, Volume std. temperature=ambient, Volume std. pressure=ambient
pm10_pm25_mass, ug/m3, Revision date=20181210133000, Matrix=pm10_pm25
numflag pm10_pm25_mass, no unit, Revision date=20181210133000, Matrix=pm10_pm25
pm25_mass, ug/m3, Version=2, Version description=Data extracted from http://views.cira.colostate.edu/fed/DataWizard 2019-12-16, Sample duration=1d, Orig. time res.=3d, Blank correction=Blank corrected, Volume std. temperature=ambient, Volume std. pressure=ambient
numflag pm25_mass, no unit, Version=2, Version description=Data extracted from http://views.cira.colostate.edu/fed/DataWizard 2019-12-16, Sample duration=1d, Orig. time res.=3d, Blank correction=Blank corrected, Volume std. temperature=ambient, Volume std. pressure=ambient
potassium, ug/m3, Revision date=20181210133000
numflag potassium, no unit, Revision date=20181210133000
sulphate_total, ug S/m3, Revision date=20181210133000
numflag sulphate_total, no unit, Revision date=20181210133000
0
25
Data definition:              EBAS_1.1
Set type code:                TU
Timezone:                     UTC
File name:                    US0027R.20030103070000.20191216000000.filterpack..pm25.1y.1w.US03L_filterpack_US0027.US03L_IMPROVE_Davis.lev2.nas
File creation:                20191218115716
Startdate:                    20030103070000
Revision date:                20191216000000
Statistics:                   arithmetic mean
Data level:                   2
Period code:                  1y
Resolution code:              1w
Station code:                 US0027R
Platform code:                US0027S
Station name:                 Great Sand Dunes NM
Station latitude:             37.7249
Station longitude:            -105.5185
Station altitude:             2498.0 m
Regime:                       IMG
Component:                    
Matrix:                       pm25
Laboratory code:              US03L
Instrument type:              filterpack
Instrument name:              filterpack_US0027
Method ref:                   US03L_IMPROVE_Davis
starttime endtime Fe flag_Fe Pb flag_Pb Mg++ flag_Mg++ Ni flag_Ni NO3- flag_NO3- OC flag_OC OM flag_OM PM10 flag_PM10 PM10-PM2.5 flag_PM10-PM2.5 PM2.5 flag_PM2.5 K+ flag_K+ SO4-- flag_SO4--
[from data line 87]
263.291667 264.291667   32.79 0.000  0.40 0.000 9.999 0.259000   0.06 0.000000 0.017 0.000   0.655 0.000   0.917 0.000   5.719 0.000   3.343 0.000   2.377 0.000 0.029 0.000 0.100 0.000
266.291667 267.291667   53.48 0.000  0.50 0.000 9.999 0.259000   0.08 0.000000 0.010 0.000   0.667 0.000   0.933 0.000   9.868 0.000   6.753 0.000   3.115 0.000 0.039 0.000 0.109 0.000
269.291667 270.291667   68.50 0.000  0.30 0.000 9.999 0.259000   0.05 0.000000 0.009 0.559   0.826 0.000   1.156 0.000  15.073 0.000  11.538 0.000   3.535 0.000 0.050 0.000 0.081 0.559
272.291667 273.291667   48.65 0.559  0.33 0.559 0.027 0.559000 999.99 0.559259 0.028 0.000   1.440 0.000   2.016 0.000  11.558 0.000   5.838 0.000   5.721 0.559 0.046 0.559 0.311 0.000
275.291667 276.291667   23.08 0.000  0.21 0.000 9.999 0.259000   0.21 0.000000 0.031 0.000   0.665 0.000   0.932 0.000   3.945 0.000   1.302 0.000   2.643 0.000 0.016 0.000 0.168 0.000
278.291667 279.291667    8.63 0.000  0.12 0.000 0.022 0.000000   0.12 0.000000 0.006 0.000   0.645 0.000   0.904 0.000   2.860 0.000   0.912 0.000   1.947 0.000 0.007 0.000 0.101 0.000
281.291667 282.291667   30.41 0.559  0.30 0.559 0.020 0.559000   0.22 0.559000 0.007 0.000   0.781 0.000   1.094 0.000   5.013 0.000   1.770 0.000   3.243 0.559 0.021 0.559 0.154 0.000
284.291667 285.291667   36.49 0.000  0.23 0.000 0.022 0.000000 999.99 0.259000 0.021 0.000   0.700 0.000   0.980 0.000   7.027 0.000   3.951 0.000   3.076 0.000 0.027 0.000 0.134 0.000
287.291667 288.291667   38.61 0.559  0.50 0.559 0.041 0.559000   0.11 0.559000 0.012 0.000   0.302 0.000   0.422 0.000   5.841 0.000   3.024 0.000   2.817 0.559 0.027 0.559 0.132 0.000
290.291667 291.291667   27.78 0.000  0.29 0.000 0.029 0.000000   0.11 0.000000 0.008 0.000   0.590 0.000   0.826 0.000   3.881 0.000   1.587 0.000   2.294 0.000 0.020 0.000 0.060 0.000
293.291667 294.291667   35.27 0.000  0.33 0.000 9.999 0.259000 999.99 0.259000 0.008 0.000   0.548 0.000   0.767 0.000   6.266 0.000   3.792 0.000   2.474 0.000 0.028 0.000 0.087 0.000
296.291667 297.291667   78.08 0.559  0.44 0.559 9.999 0.559259 999.99 0.559259 0.017 0.000   1.128 0.000   1.579 0.000   9.681 0.000   4.783 0.000   4.898 0.559 0.062 0.559 0.133 0.000
299.291667 300.291667   19.59 0.000  0.20 0.000 9.999 0.259000 999.99 0.259000 0.002 0.000   0.453 0.000   0.635 0.000   4.274 0.000   3.198 0.000   1.075 0.000 0.014 0.000 0.031 0.000
302.291667 303.291667 9999.99 0.699 99.99 0.699 9.999 0.699000 999.99 0.699000 0.442 0.000  10.987 0.000  15.382 0.000  50.201 0.000 999.999 0.999 999.999 0.699 9.999 0.699 0.224 0.000
305.291667 306.291667   44.01 0.000  0.88 0.000 9.999 0.259000   0.33 0.000000 0.045 0.000   1.672 0.000   2.341 0.000   7.438 0.000   2.079 0.000   5.359 0.000 0.123 0.000 0.260 0.000
308.291667 309.291667   32.22 0.559  0.24 0.559 0.024 0.559000   0.27 0.559000 0.045 0.000   0.618 0.000   0.865 0.000   5.002 0.000   2.452 0.000   2.550 0.559 0.024 0.559 0.115 0.000
311.291667 312.291667   45.16 0.000  0.31 0.000 9.999 0.259000   0.49 0.000000 0.020 0.559   0.484 0.000   0.677 0.000   2.976 0.000   0.388 0.000   2.588 0.000 0.029 0.000 0.125 0.559
314.291667 315.291667   35.77 0.000  0.49 0.000 9.999 0.259000 999.99 0.259000 0.008 0.559   0.333 0.000   0.466 0.000   4.191 0.000   1.792 0.000   2.399 0.000 0.028 0.000 0.165 0.559
317.291667 318.291667   31.24 0.000  0.46 0.000 9.999 0.259000   0.15 0.000000 0.023 0.559   0.518 0.000   0.725 0.000   3.698 0.000   1.363 0.000   2.335 0.000 0.022 0.000 0.117 0.559
320.291667 321.291667   14.89 0.000  0.50 0.000 9.999 0.259000   0.08 0.000000 0.023 0.000   0.310 0.000   0.434 0.000   3.142 0.000   1.333 0.000   1.809 0.000 0.012 0.000 0.134 0.000
323.291667 324.291667   28.76 0.000  0.30 0.000 9.999 0.259000   0.19 0.000000 0.013 0.000   0.470 0.000   0.659 0.000   3.390 0.000   1.557 0.000   1.833 0.000 0.021 0.000 0.032 0.000
326.291667 327.291667   14.57 0.000  0.32 0.000 9.999 0.259000   0.09 0.000000 0.068 0.000   0.315 0.000   0.441 0.000   3.030 0.000   1.083 0.000   1.947 0.000 0.015 0.000 0.111 0.000
329.291667 330.291667   35.33 0.559  0.62 0.559 0.023 0.559000   0.06 0.559000 0.019 0.000   0.377 0.000   0.527 0.000   4.574 0.000   2.455 0.000   2.119 0.559 0.029 0.559 0.103 0.000
332.291667 333.291667   17.96 0.000  0.79 0.000 9.999 0.259000 999.99 0.259000 0.011 0.000   0.443 0.000   0.620 0.000   3.287 0.000   1.860 0.000   1.427 0.000 0.017 0.000 0.084 0.000
335.291667 336.291667   60.59 0.000  0.51 0.000 9.999 0.259000   0.09 0.000000 0.090 0.000   0.824 0.000   1.153 0.000   7.308 0.000   3.832 0.000   3.477 0.000 0.049 0.000 0.127 0.000
338.291667 339.291667   49.81 0.559  0.30 0.559 9.999 0.559259   0.10 0.559000 0.035 0.000   0.561 0.000   0.785 0.000   6.200 0.000   3.853 0.000   2.347 0.559 0.033 0.559 0.055 0.000
341.291667 342.291667   32.34 0.000  1.13 0.000 0.034 0.000000   0.34 0.000000 0.017 0.000   0.410 0.000   0.575 0.000   6.407 0.000   3.811 0.000   2.596 0.000 0.028 0.000 0.257 0.000
344.291667 345.291667    9.98 0.000  0.52 0.000 9.999 0.259000 999.99 0.259000 0.046 0.000   0.465 0.000   0.650 0.000   2.646 0.000   1.187 0.000   1.459 0.000 0.009 0.000 0.061 0.000
347.291667 348.291667    7.46 0.000  0.41 0.000 9.999 0.259000   0.10 0.000000 0.052 0.000   0.477 0.000   0.668 0.000   3.100 0.000   1.843 0.000   1.257 0.000 0.008 0.000 0.050 0.000
350.291667 351.291667    5.78 0.000  0.26 0.000 9.999 0.259000   0.05 0.000000 0.012 0.000   0.600 0.000   0.839 0.000   1.996 0.000   0.770 0.000   1.226 0.000 0.012 0.000 0.030 0.000
353.291667 354.291667   12.63 0.000  0.52 0.000 9.999 0.259000 999.99 0.259000 0.037 0.559   0.710 0.000   0.994 0.000   3.059 0.000   1.377 0.000   1.682 0.000 0.013 0.000 0.028 0.559
356.291667 357.291667   16.96 0.000  0.22 0.000 9.999 0.259000   0.04 0.000000 0.031 0.559   0.405 0.000   0.567 0.000   2.689 0.000   0.919 0.000   1.770 0.000 0.014 0.000 0.126 0.559
359.291667 360.291667   24.41 0.000  0.30 0.000 9.999 0.259000   0.19 0.000000 0.008 0.000   0.268 0.000   0.376 0.000   4.010 0.000   2.565 0.000   1.444 0.000 0.020 0.000 0.063 0.000
362.291667 363.291667   30.99 0.559  0.24 0.559 9.999 0.559259   0.35 0.559000 0.018 0.000   0.357 0.000   0.500 0.000   2.092 0.000   0.356 0.000   1.736 0.559 0.021 0.559 0.051 0.000
