scripts/IMPROVE-2019_partial/data/US0097R.19980103080000.20191216000000.filterpack...1y.3d.US03L_filterpack_US0097.US03L_IMPROVE_Davis.lev2.nas
52 1001
MISSING INFORMATION
US03L, IMPROVE, , , , , , , 
MISSING INFORMATION
IMPROVE sel_HTAP
1 1
1998 01 01 2019 12 16
0
days from file reference point
5
1 1 1 1 1
999.999999 999.999 9.999 999.999 9.999
end_time of measurement, days from the file reference point
pm10_mass, ug/m3, Matrix=pm10
numflag pm10_mass, no unit, Matrix=pm10
pm25_mass, ug/m3, Matrix=pm25
numflag pm25_mass, no unit, Matrix=pm25
0
33
Data definition:              EBAS_1.1
Set type code:                TI
Timezone:                     UTC
File name:                    US0097R.19980103080000.20191216000000.filterpack...1y.3d.US03L_filterpack_US0097.US03L_IMPROVE_Davis.lev2.nas
File creation:                20191218120200
Startdate:                    19980103080000
Revision date:                20191216000000
Version:                      2
Version description:          "Data extracted from http://views.cira.colostate.edu/fed/DataWizard 2019-12-16"
Statistics:                   arithmetic mean
Data level:                   2
Period code:                  1y
Resolution code:              3d
Sample duration:              1d
Orig. time res.:              3d
Station code:                 US0097R
Platform code:                US0097S
Station name:                 Redwood NP
Station latitude:             41.5608
Station longitude:            -124.0839
Station altitude:             243.0 m
Regime:                       IMG
Component:                    
Unit:                         ug/m3
Matrix:                       
Laboratory code:              US03L
Instrument type:              filterpack
Instrument name:              filterpack_US0097
Method ref:                   US03L_IMPROVE_Davis
Blank correction:             Blank corrected
Volume std. temperature:      ambient
Volume std. pressure:         ambient
starttime endtime PM10 flag_PM10 PM2.5 flag_PM2.5
  2.333333   3.333333 999.999 0.999 999.999 0.999
  6.333333   7.333333  10.276 0.000   0.537 0.000
  9.333333  10.333333   1.204 0.000   0.970 0.000
 13.333333  14.333333   7.659 0.000   6.253 0.000
 16.333333  17.333333  10.559 0.000   4.167 0.000
 20.333333  21.333333   6.550 0.000   1.095 0.000
 23.333333  24.333333  18.663 0.000   6.061 0.000
 27.333333  28.333333   8.239 0.000   1.557 0.000
 30.333333  31.333333   5.516 0.000   1.557 0.000
 34.333333  35.333333   4.118 0.000   3.340 0.000
 37.333333  38.333333   3.715 0.000   1.704 0.000
 41.333333  42.333333   5.229 0.000   3.188 0.000
 44.333333  45.333333   1.634 0.000   0.444 0.000
 48.333333  49.333333   3.493 0.000   0.907 0.000
 51.333333  52.333333   7.066 0.000   2.357 0.000
 55.333333  56.333333   8.068 0.000   2.904 0.000
 58.333333  59.333333   2.689 0.000 999.999 0.999
 62.333333  63.333333   2.920 0.000   2.325 0.000
 65.333333  66.333333   2.801 0.000   2.534 0.000
 69.333333  70.333333   5.440 0.000   2.243 0.000
 72.333333  73.333333  12.477 0.000   6.049 0.000
 76.333333  77.333333  10.188 0.000   5.232 0.000
 79.333333  80.333333  11.692 0.000   4.012 0.000
 83.333333  84.333333   9.887 0.000   2.778 0.000
 86.333333  87.333333   5.257 0.000   2.356 0.000
 90.333333  91.333333  17.162 0.000   6.724 0.000
 93.333333  94.333333   4.869 0.000   2.480 0.000
 97.333333  98.333333   6.623 0.000   2.847 0.000
100.333333 101.333333   6.863 0.000   2.972 0.000
104.333333 105.333333  10.913 0.000   4.753 0.000
107.333333 108.333333  15.714 0.000   7.593 0.000
111.333333 112.333333  14.234 0.000   7.184 0.000
114.333333 115.333333  13.431 0.000   2.225 0.000
118.333333 119.333333  10.083 0.000   5.948 0.000
121.333333 122.333333   5.728 0.000   2.581 0.000
125.333333 126.333333  10.541 0.000   4.046 0.000
128.333333 129.333333  10.747 0.000   4.842 0.000
132.333333 133.333333  11.683 0.000   4.974 0.000
135.333333 136.333333   5.663 0.000   1.998 0.000
139.333333 140.333333   6.698 0.000   2.460 0.000
142.333333 143.333333   7.109 0.000   3.239 0.000
146.333333 147.333333   3.717 0.000   1.627 0.000
149.333333 150.333333   9.232 0.000   4.712 0.000
153.333333 154.333333  12.745 0.000   4.402 0.000
156.333333 157.333333  10.140 0.000   5.648 0.000
160.333333 161.333333  11.522 0.000   3.986 0.000
163.333333 164.333333  20.911 0.000  10.371 0.000
167.333333 168.333333  22.812 0.000  11.564 0.000
170.333333 171.333333  24.225 0.000  12.857 0.000
174.333333 175.333333   4.246 0.000   1.883 0.000
177.333333 178.333333  12.990 0.000   6.944 0.000
181.333333 182.333333   4.869 0.000   3.304 0.000
184.333333 185.333333   4.949 0.000   2.163 0.000
188.333333 189.333333   2.740 0.000   1.495 0.000
191.333333 192.333333   8.866 0.000   4.346 0.000
195.333333 196.333333   8.089 0.000   1.805 0.000
198.333333 199.333333   5.924 0.000   1.413 0.000
202.333333 203.333333   4.784 0.000   2.469 0.000
205.333333 206.333333   6.593 0.000   3.824 0.000
209.333333 210.333333   4.949 0.000   3.640 0.000
212.333333 213.333333   9.131 0.000   5.262 0.000
216.333333 217.333333   5.199 0.000   3.212 0.000
219.333333 220.333333  15.385 0.000   8.841 0.000
223.333333 224.333333   7.059 0.000   3.426 0.000
226.333333 227.333333   5.170 0.000   2.623 0.000
230.333333 231.333333   9.208 0.000   4.947 0.000
233.333333 234.333333   4.182 0.000   3.083 0.000
237.333333 238.333333   7.215 0.000   5.881 0.000
240.333333 241.333333   2.575 0.000   2.077 0.000
244.333333 245.333333  10.789 0.000   5.756 0.000
247.333333 248.333333  12.986 0.000   6.787 0.000
251.333333 252.333333 999.999 0.999 999.999 0.999
254.333333 255.333333 999.999 0.999 999.999 0.999
258.333333 259.333333   3.494 0.000   2.616 0.000
261.333333 262.333333   7.115 0.000   3.139 0.000
265.333333 266.333333   6.739 0.000   3.410 0.000
268.333333 269.333333   8.588 0.000   3.472 0.000
272.333333 273.333333   3.021 0.000   2.222 0.000
275.333333 276.333333   6.587 0.000   2.520 0.000
279.333333 280.333333  13.571 0.000   5.766 0.000
282.333333 283.333333   5.119 0.000   2.033 0.000
286.333333 287.333333   6.743 0.000   2.740 0.000
289.333333 290.333333   7.106 0.000   4.278 0.000
293.333333 294.333333  10.053 0.000   5.301 0.000
296.333333 297.333333   6.460 0.000   3.114 0.000
300.333333 301.333333   9.231 0.000   3.896 0.000
303.333333 304.333333   8.898 0.000   5.656 0.000
307.333333 308.333333   6.772 0.000   3.139 0.000
310.333333 311.333333   2.752 0.000   0.821 0.000
314.333333 315.333333   8.192 0.000   2.835 0.000
317.333333 318.333333  10.479 0.000   5.082 0.000
321.333333 322.333333   8.045 0.000   2.453 0.000
324.333333 325.333333   3.940 0.000   1.660 0.000
328.333333 329.333333   9.958 0.000   3.682 0.000
331.333333 332.333333   8.124 0.000   1.173 0.000
335.333333 336.333333   5.626 0.000 999.999 0.259
338.333333 339.333333   5.802 0.000   0.611 0.000
342.333333 343.333333  11.415 0.000   2.797 0.000
345.333333 346.333333   7.335 0.000   2.357 0.000
349.333333 350.333333   5.701 0.000   2.944 0.000
352.333333 353.333333   5.165 0.000   2.315 0.000
356.333333 357.333333   3.006 0.000   1.776 0.000
359.333333 360.333333 999.999 0.999 999.999 0.999
363.333333 364.333333   9.062 0.000   2.784 0.000
