scripts/IMPROVE-2019_partial/data/US0092U.20160101070000.20191216000000.filterpack...52w.3d.US03L_filterpack_US0092.US03L_IMPROVE_Davis.lev2.nas
51 1001
MISSING INFORMATION
US03L, IMPROVE, , , , , , , 
MISSING INFORMATION
IMPROVE sel_HTAP
1 1
2016 01 01 2019 12 16
3.000000
days from file reference point
4
1 1 1 1
999.999999 999.999 999.999 9.999
end_time of measurement, days from the file reference point
pm10_mass, ug/m3, Matrix=pm10
pm25_mass, ug/m3, Matrix=pm25
numflag, no unit
0
33
Data definition:              EBAS_1.1
Set type code:                TU
Timezone:                     UTC
File name:                    US0092U.20160101070000.20191216000000.filterpack...52w.3d.US03L_filterpack_US0092.US03L_IMPROVE_Davis.lev2.nas
File creation:                20191218120140
Startdate:                    20160101070000
Revision date:                20191216000000
Version:                      2
Version description:          "Data extracted from http://views.cira.colostate.edu/fed/DataWizard 2019-12-16"
Statistics:                   arithmetic mean
Data level:                   2
Period code:                  52w
Resolution code:              3d
Sample duration:              1d
Orig. time res.:              3d
Station code:                 US0092U
Platform code:                US0092S
Station name:                 Phoenix
Station latitude:             33.5038
Station longitude:            -112.0958
Station altitude:             342.0 m
Regime:                       IMG
Component:                    
Unit:                         ug/m3
Matrix:                       
Laboratory code:              US03L
Instrument type:              filterpack
Instrument name:              filterpack_US0092
Method ref:                   US03L_IMPROVE_Davis
Blank correction:             Blank corrected
Volume std. temperature:      ambient
Volume std. pressure:         ambient
starttime endtime PM10 PM2.5 flag
  0.291667   1.291667  85.158  69.614 0.000
  3.291667   4.291667  12.026   4.542 0.000
  6.291667   7.291667   4.702   2.491 0.000
  9.291667  10.291667  17.868  13.316 0.000
 12.291667  13.291667  26.741  11.398 0.000
 15.291667  16.291667  27.165  18.196 0.000
 18.291667  19.291667  30.983  12.033 0.000
 21.291667  22.291667  28.800   8.453 0.000
 24.291667  25.291667  21.920   6.725 0.000
 27.291667  28.291667  28.011   8.704 0.000
 30.291667  31.291667  21.651   4.557 0.000
 33.291667  34.291667  21.195   7.701 0.000
 36.291667  37.291667  19.943   8.102 0.000
 39.291667  40.291667  21.119   4.950 0.000
 42.291667  43.291667  35.066   9.635 0.000
 45.291667  46.291667  34.295  10.201 0.000
 48.291667  49.291667  35.047   6.735 0.000
 51.291667  52.291667  30.578   7.991 0.000
 54.291667  55.291667  20.534   3.942 0.000
 57.291667  58.291667  31.872   9.838 0.000
 60.291667  61.291667  33.525   8.166 0.000
 63.291667  64.291667  42.798  10.648 0.000
 66.291667  67.291667  45.508  12.798 0.000
 69.291667  70.291667  32.969   7.997 0.000
 72.291667  73.291667  27.449   7.882 0.000
 75.291667  76.291667  34.083   9.076 0.000
 78.291667  79.291667  29.926   8.734 0.000
 81.291667  82.291667  51.004   9.466 0.000
 84.291667  85.291667  22.007   7.223 0.000
 87.291667  88.291667  27.283   6.900 0.000
 90.291667  91.291667  28.129   6.345 0.000
 93.291667  94.291667  25.366  10.048 0.000
 96.291667  97.291667  27.416   6.748 0.000
 99.291667 100.291667   8.606   4.594 0.000
102.291667 103.291667  15.696   5.610 0.000
105.291667 106.291667  62.873  12.511 0.000
108.291667 109.291667  13.043   3.734 0.000
111.291667 112.291667  28.709   7.891 0.000
114.291667 115.291667  17.923   4.145 0.000
117.291667 118.291667  27.497   7.370 0.000
120.291667 121.291667  21.573   6.893 0.000
123.291667 124.291667  21.216   6.727 0.000
126.291667 127.291667  19.405   5.136 0.000
129.291667 130.291667  16.524   5.257 0.000
132.291667 133.291667  26.363   7.163 0.000
135.291667 136.291667  16.542   4.385 0.000
138.291667 139.291667  18.525   4.337 0.000
141.291667 142.291667  19.918   4.460 0.000
144.291667 145.291667  26.298   6.641 0.000
147.291667 148.291667  35.116   9.328 0.000
150.291667 151.291667  21.357   6.106 0.000
153.291667 154.291667  33.042   8.901 0.000
156.291667 157.291667  32.810  11.287 0.000
159.291667 160.291667  39.408  11.679 0.000
162.291667 163.291667  23.618   8.757 0.000
165.291667 166.291667  23.963   5.659 0.000
168.291667 169.291667  33.732   8.020 0.000
171.291667 172.291667  33.650   7.475 0.000
174.291667 175.291667  49.765   9.406 0.000
177.291667 178.291667  27.359   7.383 0.000
180.291667 181.291667  26.853   5.539 0.000
183.291667 184.291667  14.717   5.168 0.000
186.291667 187.291667  19.144   6.889 0.000
189.291667 190.291667  24.591   5.948 0.000
192.291667 193.291667  30.380   7.742 0.000
195.291667 196.291667  26.981   6.004 0.000
198.291667 199.291667  24.331   5.343 0.000
201.291667 202.291667 999.999 999.999 0.999
204.291667 205.291667  24.118   6.063 0.000
207.291667 208.291667  27.313   5.562 0.000
210.291667 211.291667  52.812   9.197 0.000
213.291667 214.291667  58.818   5.737 0.000
216.291667 217.291667  16.822   4.915 0.000
219.291667 220.291667  14.219   5.479 0.000
222.291667 223.291667  16.728   4.939 0.000
225.291667 226.291667  21.868   5.989 0.000
228.291667 229.291667  22.237   6.389 0.000
231.291667 232.291667  19.282   4.092 0.000
234.291667 235.291667  16.202   4.587 0.000
237.291667 238.291667  20.652   5.787 0.000
240.291667 241.291667  12.435   4.184 0.000
243.291667 244.291667  27.401   4.830 0.000
246.291667 247.291667  20.569   5.013 0.000
249.291667 250.291667  39.873   7.689 0.000
252.291667 253.291667  20.215   5.060 0.000
255.291667 256.291667  19.478   4.427 0.000
258.291667 259.291667  29.399   6.941 0.000
261.291667 262.291667  24.989   7.775 0.000
264.291667 265.291667  21.131   5.953 0.000
267.291667 268.291667  28.730   8.470 0.000
270.291667 271.291667  73.308  28.200 0.000
273.291667 274.291667  11.503   3.605 0.000
276.291667 277.291667  22.583   6.390 0.000
279.291667 280.291667  26.925   7.684 0.000
282.291667 283.291667  14.935   6.057 0.000
285.291667 286.291667  23.985   6.281 0.000
288.291667 289.291667  26.188   8.135 0.000
291.291667 292.291667  33.762   6.898 0.000
294.291667 295.291667  44.124  10.223 0.000
297.291667 298.291667  34.710   9.165 0.000
300.291667 301.291667  37.421   8.732 0.000
303.291667 304.291667  24.002   7.427 0.000
306.291667 307.291667  35.229   7.497 0.000
309.291667 310.291667  18.299   9.997 0.000
312.291667 313.291667  14.809   5.363 0.000
315.291667 316.291667  27.500   5.918 0.000
318.291667 319.291667  30.792  10.513 0.000
321.291667 322.291667  53.128   9.634 0.000
324.291667 325.291667  35.501  13.111 0.000
327.291667 328.291667  23.213  11.944 0.000
330.291667 331.291667  28.922  10.236 0.000
333.291667 334.291667  18.780   9.415 0.000
336.291667 337.291667  37.083  18.085 0.000
339.291667 340.291667  28.956  14.928 0.000
342.291667 343.291667  41.190  17.404 0.000
345.291667 346.291667  32.089  15.611 0.000
348.291667 349.291667  35.533  11.615 0.000
351.291667 352.291667  67.335  17.166 0.000
354.291667 355.291667  39.195  11.657 0.000
357.291667 358.291667  14.191   9.164 0.000
360.291667 361.291667  23.947  16.777 0.000
363.291667 364.291667  24.323  11.528 0.000
