scripts/IMPROVE-2019_partial/data/US0034R.20060102060000.20191216000000.filterpack..pm25.52w.1w.US03L_filterpack_US0034.US03L_IMPROVE_Davis.lev2.nas
66 1001
MISSING INFORMATION
US03L, IMPROVE, , , , , , , 
MISSING INFORMATION
IMPROVE sel_HTAP
1 1
2006 01 01 2019 12 16
3.00
days from file reference point
27
1 1 1 1 1 1 1 1 1 1 1 1 1 1 1 1 1 1 1 1 1 1 1 1 1 1 1
999.99 999.99 9.999 99.99 9.999 9.999 9.999999 9.99 9.999999 99.999 9.999 99.999 9.999 999.999 9.999 999.99 9.999999 999.999 9.999 999.999 9.999 999.999 9.999 9.999 9.999 99.999 9.999
end_time of measurement, days from the file reference point
iron, ng/m3, Revision date=20181210133000
numflag iron, no unit, Revision date=20181210133000
lead, ng/m3, Revision date=20181210133000
numflag lead, no unit, Revision date=20181210133000
magnesium, ug/m3, Revision date=20181210133000
numflag magnesium, no unit, Revision date=20181210133000
nickel, ng/m3, Revision date=20181210133000
numflag nickel, no unit, Revision date=20181210133000
nitrate, ug N/m3, Revision date=20181210133000
numflag nitrate, no unit, Revision date=20181210133000
organic_carbon, ug C/m3, Revision date=20181210133000
numflag organic_carbon, no unit, Revision date=20181210133000
organic_mass, ug/m3, Revision date=20181210133000
numflag organic_mass, no unit, Revision date=20181210133000
phosphorus, ng/m3, Revision date=20181210133000
numflag phosphorus, no unit, Revision date=20181210133000
pm10_mass, ug/m3, Version=2, Version description=Data extracted from http://views.cira.colostate.edu/fed/DataWizard 2019-12-16, Sample duration=1d, Orig. time res.=3d, Matrix=pm10, Blank correction=Blank corrected, Volume std. temperature=ambient, Volume std. pressure=ambient
numflag pm10_mass, no unit, Version=2, Version description=Data extracted from http://views.cira.colostate.edu/fed/DataWizard 2019-12-16, Sample duration=1d, Orig. time res.=3d, Matrix=pm10, Blank correction=Blank corrected, Volume std. temperature=ambient, Volume std. pressure=ambient
pm10_pm25_mass, ug/m3, Revision date=20181210133000, Matrix=pm10_pm25
numflag pm10_pm25_mass, no unit, Revision date=20181210133000, Matrix=pm10_pm25
pm25_mass, ug/m3, Version=2, Version description=Data extracted from http://views.cira.colostate.edu/fed/DataWizard 2019-12-16, Sample duration=1d, Orig. time res.=3d, Blank correction=Blank corrected, Volume std. temperature=ambient, Volume std. pressure=ambient
numflag pm25_mass, no unit, Version=2, Version description=Data extracted from http://views.cira.colostate.edu/fed/DataWizard 2019-12-16, Sample duration=1d, Orig. time res.=3d, Blank correction=Blank corrected, Volume std. temperature=ambient, Volume std. pressure=ambient
potassium, ug/m3, Revision date=20181210133000
numflag potassium, no unit, Revision date=20181210133000
sulphate_total, ug S/m3, Revision date=20181210133000
numflag sulphate_total, no unit, Revision date=20181210133000
0
25
Data definition:              EBAS_1.1
Set type code:                TU
Timezone:                     UTC
File name:                    US0034R.20060102060000.20191216000000.filterpack..pm25.52w.1w.US03L_filterpack_US0034.US03L_IMPROVE_Davis.lev2.nas
File creation:                20191218115739
Startdate:                    20060102060000
Revision date:                20191216000000
Statistics:                   arithmetic mean
Data level:                   2
Period code:                  52w
Resolution code:              1w
Station code:                 US0034R
Platform code:                US0034S
Station name:                 Lake Sugema 2
Station latitude:             40.6932
Station longitude:            -92.0059
Station altitude:             229.0 m
Regime:                       IMG
Component:                    
Matrix:                       pm25
Laboratory code:              US03L
Instrument type:              filterpack
Instrument name:              filterpack_US0034
Method ref:                   US03L_IMPROVE_Davis
starttime endtime Fe flag_Fe Pb flag_Pb Mg++ flag_Mg++ Ni flag_Ni NO3- flag_NO3- OC flag_OC OM flag_OM P flag_P PM10 flag_PM10 PM10-PM2.5 flag_PM10-PM2.5 PM2.5 flag_PM2.5 K+ flag_K+ SO4-- flag_SO4--
  1.25   2.25  12.06 0.000  1.89 0.000 9.999 0.259000 0.18 0.000000  0.667 0.000  0.970 0.000   1.358 0.000 999.99 0.259000  11.362 0.000   1.275 0.000  10.088 0.000 0.039 0.000  1.126 0.000
  4.25   5.25   3.00 0.000  0.66 0.000 9.999 0.259000 9.99 0.259000  0.634 0.000  0.334 0.000   0.467 0.000 999.99 0.259000   8.755 0.000   1.183 0.000   7.572 0.000 0.007 0.000  0.905 0.000
  7.25   8.25  43.21 0.000  6.39 0.000 9.999 0.259000 9.99 0.259000  1.116 0.000  2.171 0.000   3.039 0.000 999.99 0.259000  18.842 0.000   4.824 0.000  14.019 0.000 0.072 0.000  0.790 0.000
 10.25  11.25  20.68 0.000  2.68 0.000 0.017 0.000000 9.99 0.259000  1.056 0.000  0.950 0.000   1.329 0.000 999.99 0.259000  13.155 0.000   2.799 0.000  10.356 0.000 0.027 0.000  0.732 0.000
 13.25  14.25   5.73 0.000  0.74 0.000 9.999 0.259000 9.99 0.259000  0.484 0.000  0.695 0.000   0.972 0.000 999.99 0.259000   8.408 0.000   2.525 0.000   5.883 0.000 0.018 0.000  0.619 0.000
 16.25  17.25   7.29 0.000  0.40 0.000 9.999 0.259000 9.99 0.259000  0.256 0.000  0.284 0.000   0.398 0.000 999.99 0.259000   8.402 0.000   3.861 0.000   4.541 0.000 0.013 0.000  0.623 0.000
 19.25  20.25 999.99 0.456 99.99 0.456 9.999 0.456000 9.99 0.456000  2.695 0.000  1.203 0.000   1.685 0.000 999.99 0.456000  29.463 0.000 999.999 0.456 999.999 0.456 9.999 0.456  1.773 0.000
 22.25  23.25  15.53 0.000  2.02 0.000 9.999 0.259000 9.99 0.259000  1.643 0.000  0.880 0.000   1.231 0.000 999.99 0.259000  19.866 0.000   2.781 0.000  17.085 0.000 0.024 0.000  1.522 0.000
 25.25  26.25  20.12 0.000  7.24 0.000 9.999 0.259000 9.99 0.259000  0.298 0.000  1.180 0.000   1.653 0.000 999.99 0.259000   9.326 0.000   5.160 0.000   4.166 0.000 0.044 0.000  0.189 0.000
 28.25  29.25  11.62 0.000  2.39 0.000 9.999 0.259000 9.99 0.259000  1.036 0.000  1.104 0.000   1.546 0.000 999.99 0.259000  15.239 0.000   2.595 0.000  12.644 0.000 0.028 0.000  1.129 0.000
 31.25  32.25  11.64 0.000  1.25 0.000 9.999 0.259000 9.99 0.259000  0.341 0.000  0.538 0.000   0.754 0.000 999.99 0.259000   7.645 0.000   3.544 0.000   4.101 0.000 0.014 0.000  0.428 0.000
 34.25  35.25   8.17 0.000  6.27 0.000 9.999 0.259000 0.15 0.000000  0.392 0.000  0.632 0.000   0.885 0.000 999.99 0.259000  10.298 0.000   4.343 0.000   5.955 0.000 0.023 0.000  0.616 0.000
 37.25  38.25  22.28 0.000  2.09 0.000 9.999 0.259000 9.99 0.259000  0.447 0.000  0.828 0.000   1.159 0.000 999.99 0.259000  19.642 0.000  13.434 0.000   6.207 0.000 0.029 0.000  0.460 0.000
 40.25  41.25  13.68 0.000  0.91 0.000 9.999 0.259000 9.99 0.259000  0.549 0.000  0.585 0.000   0.819 0.000 999.99 0.259000  11.888 0.000   5.828 0.000   6.060 0.000 0.025 0.000  0.443 0.000
 43.25  44.25  19.84 0.000  1.13 0.000 9.999 0.259000 9.99 0.259000  0.443 0.000  0.589 0.000   0.825 0.000 999.99 0.259000  14.348 0.000   8.705 0.000   5.643 0.000 0.031 0.000  0.501 0.000
 46.25  47.25  14.36 0.000  1.51 0.000 9.999 0.259000 0.16 0.000000  0.608 0.000  0.517 0.000   0.724 0.000 999.99 0.259000   8.502 0.000   2.384 0.000   6.118 0.000 0.023 0.000  0.390 0.000
 49.25  50.25  13.26 0.000  1.41 0.000 0.019 0.000000 9.99 0.259000  0.434 0.000  0.749 0.000   1.048 0.000 999.99 0.259000  11.236 0.000   5.119 0.000   6.117 0.000 0.042 0.000  0.385 0.000
 52.25  53.25  22.35 0.000  1.57 0.000 9.999 0.259000 9.99 0.259000  0.623 0.000  1.079 0.000   1.511 0.000 999.99 0.259000  15.738 0.000   8.349 0.000   7.389 0.000 0.041 0.000  0.413 0.000
 55.25  56.25  15.12 0.000  3.40 0.000 0.006 0.000000 9.99 0.259000  0.638 0.000  0.608 0.000   0.851 0.000 999.99 0.259000  13.289 0.000   6.925 0.000   6.364 0.000 0.028 0.000  0.366 0.000
 58.25  59.25  54.00 0.000  3.47 0.000 9.999 0.259000 0.11 0.000000  2.409 0.000  1.595 0.000   2.233 0.000 999.99 0.259000  33.230 0.000  12.319 0.000  20.912 0.000 0.065 0.000  0.934 0.000
 61.25  62.25  32.25 0.000  1.59 0.000 0.021 0.000000 9.99 0.259000  1.119 0.000  1.980 0.000   2.771 0.000 999.99 0.259000  27.461 0.000  13.799 0.000  13.662 0.000 0.049 0.000  0.789 0.000
 64.25  65.25  11.28 0.000  5.22 0.000 9.999 0.259000 9.99 0.259000  1.312 0.000  1.083 0.000   1.516 0.000 999.99 0.259000  18.360 0.000   2.960 0.000  15.401 0.000 0.031 0.000  1.386 0.000
 67.25  68.25  15.49 0.000  2.87 0.000 9.999 0.259000 9.99 0.259000  1.842 0.000  1.136 0.000   1.590 0.000 999.99 0.259000  20.661 0.000   1.179 0.000  19.482 0.000 0.038 0.000  1.483 0.000
 70.25  71.25  16.51 0.000  2.15 0.000 9.999 0.259000 9.99 0.259000  0.638 0.000  0.562 0.000   0.787 0.000 999.99 0.259000   9.964 0.000   2.068 0.000   7.897 0.000 0.022 0.000  0.761 0.000
 73.25  74.25  24.60 0.000  2.57 0.000 9.999 0.259000 0.33 0.000000  0.864 0.000  0.635 0.000   0.889 0.000 999.99 0.259000  12.353 0.000   2.721 0.000   9.632 0.000 0.033 0.000  0.965 0.000
 76.25  77.25  21.79 0.000  5.31 0.000 0.011 0.000000 9.99 0.259000  0.523 0.000  0.902 0.000   1.263 0.000 999.99 0.259000  12.869 0.000   7.166 0.000   5.703 0.000 0.036 0.000  0.363 0.000
 79.25  80.25  13.79 0.000  1.35 0.000 9.999 0.259000 9.99 0.259000  0.426 0.000  0.593 0.000   0.830 0.000 999.99 0.259000   7.673 0.000   1.776 0.000   5.897 0.000 0.028 0.000  0.571 0.000
 82.25  83.25  10.78 0.000  0.98 0.000 9.999 0.259000 9.99 0.259000  0.834 0.000  0.422 0.000   0.591 0.000 999.99 0.259000   9.826 0.000   2.420 0.000   7.405 0.000 0.014 0.000  0.483 0.000
 85.25  86.25  21.48 0.000  2.36 0.000 9.999 0.259000 9.99 0.259000  0.772 0.000  0.943 0.000   1.320 0.000 999.99 0.259000  12.306 0.000   1.693 0.000  10.613 0.000 0.028 0.000  1.059 0.000
 88.25  89.25  45.24 0.000  3.77 0.000 9.999 0.259000 9.99 0.259000  0.480 0.000  2.058 0.000   2.881 0.000 999.99 0.259000  17.236 0.000   6.073 0.000  11.162 0.000 0.062 0.000  1.305 0.000
 91.25  92.25  20.46 0.000  4.21 0.000 9.999 0.259000 0.14 0.000000  0.550 0.000  0.773 0.000   1.083 0.000 999.99 0.259000  10.134 0.000   2.255 0.000   7.879 0.000 0.035 0.000  1.110 0.000
 94.25  95.25  53.68 0.000  4.21 0.000 0.022 0.000000 9.99 0.259000  0.204 0.000  1.978 0.000   2.769 0.000 999.99 0.259000  16.695 0.000   9.230 0.000   7.464 0.000 0.070 0.000  0.648 0.000
 97.25  98.25  34.77 0.000  3.52 0.000 0.022 0.000000 0.10 0.000000  0.254 0.000  0.550 0.000   0.771 0.000 999.99 0.259000  12.166 0.000   7.886 0.000   4.281 0.000 0.042 0.000  0.489 0.000
100.25 101.25 999.99 0.456 99.99 0.456 9.999 0.456000 9.99 0.456000  0.074 0.000  3.400 0.000   4.759 0.000 999.99 0.456000  29.280 0.000 999.999 0.456 999.999 0.456 9.999 0.456  0.976 0.000
103.25 104.25  62.09 0.000  2.51 0.000 0.042 0.000000 0.23 0.000000  0.233 0.000  2.722 0.000   3.811 0.000 999.99 0.259000  37.510 0.000  25.877 0.000  11.633 0.000 0.106 0.000  1.069 0.000
106.25 107.25  38.90 0.000  2.88 0.000 0.017 0.000000 0.31 0.000000  0.888 0.000  0.968 0.000   1.355 0.000 999.99 0.259000  15.981 0.000   6.884 0.000   9.097 0.000 0.031 0.000  1.254 0.000
109.25 110.25  29.23 0.000  1.27 0.000 0.015 0.000000 9.99 0.259000  0.052 0.000  0.911 0.000   1.276 0.000 999.99 0.259000  22.429 0.000  19.040 0.000   3.389 0.000 0.039 0.000  0.177 0.000
112.25 113.25  27.83 0.000  2.53 0.000 0.033 0.000000 9.99 0.259000  0.182 0.000  0.981 0.000   1.373 0.000  48.52 0.000000  28.978 0.000  24.223 0.000   4.755 0.000 0.036 0.000  0.378 0.000
115.25 116.25  49.89 0.000  2.33 0.000 0.023 0.000000 9.99 0.259000  0.479 0.000  0.857 0.000   1.200 0.000 999.99 0.259000  14.094 0.000   9.473 0.000   4.620 0.000 0.042 0.000  0.279 0.000
118.25 119.25  96.74 0.000  4.13 0.000 0.044 0.000000 0.24 0.000000  0.543 0.000  1.206 0.000   1.688 0.000 999.99 0.259000  19.916 0.000   5.117 0.000  14.799 0.000 0.079 0.000  1.709 0.000
121.25 122.25  24.09 0.000  1.28 0.000 9.999 0.259000 9.99 0.259000  0.146 0.000  0.784 0.000   1.097 0.000 999.99 0.259000  10.698 0.000   6.210 0.000   4.487 0.000 0.021 0.000  0.633 0.000
124.25 125.25  12.81 0.000  1.19 0.000 9.999 0.259000 9.99 0.259000  0.216 0.000  0.457 0.000   0.640 0.000 999.99 0.259000  15.601 0.000  11.409 0.000   4.192 0.000 0.014 0.000  0.607 0.000
127.25 128.25  19.83 0.000  4.05 0.000 9.999 0.259000 9.99 0.259000  0.067 0.000  0.975 0.000   1.365 0.000 999.99 0.259000  14.469 0.000   7.462 0.000   7.007 0.000 0.029 0.000  0.975 0.000
130.25 131.25  24.62 0.000  0.81 0.000 9.999 0.259000 9.99 0.259000  0.068 0.000 99.999 0.456 999.999 0.456 999.99 0.259000  14.805 0.000  11.638 0.000   3.167 0.000 0.017 0.000  0.335 0.000
133.25 134.25   6.52 0.000  0.94 0.000 9.999 0.259000 0.13 0.000000  0.427 0.000 99.999 0.456 999.999 0.456 999.99 0.259000   8.158 0.000   1.399 0.000   6.759 0.000 0.009 0.000  0.807 0.000
136.25 137.25  31.41 0.000  1.11 0.000 9.999 0.259000 9.99 0.259000  0.099 0.000  0.957 0.000   1.340 0.000 999.99 0.259000  13.593 0.000   9.341 0.000   4.253 0.000 0.036 0.000  0.326 0.000
139.25 140.25  44.14 0.000  1.80 0.000 9.999 0.259000 9.99 0.259000  0.063 0.000  1.107 0.000   1.549 0.000 999.99 0.259000  14.968 0.000  10.558 0.000   4.410 0.000 0.036 0.000  0.287 0.000
142.25 143.25  67.47 0.000  3.23 0.000 9.999 0.259000 0.14 0.000000  0.055 0.559  1.305 0.000   1.826 0.000 999.99 0.259000  25.432 0.000  15.316 0.000  10.116 0.000 0.043 0.000  1.347 0.559
145.25 146.25  34.15 0.000  1.79 0.000 9.999 0.259000 9.99 0.259000  0.261 0.000  2.073 0.000   2.902 0.000 999.99 0.259000  23.232 0.000  13.255 0.000   9.977 0.000 0.043 0.000  1.180 0.000
148.25 149.25  97.64 0.000  0.67 0.000 9.999 0.259000 0.31 0.000000  0.108 0.000  1.276 0.000   1.787 0.000 999.99 0.259000  18.934 0.000  11.128 0.000   7.806 0.000 0.073 0.000  0.743 0.000
151.25 152.25  23.65 0.000  1.48 0.000 9.999 0.259000 9.99 0.259000  0.328 0.559  1.144 0.000   1.601 0.000 999.99 0.259000  13.418 0.000   8.126 0.000   5.292 0.000 0.025 0.000  0.494 0.559
154.25 155.25  40.39 0.000  2.39 0.000 0.040 0.000000 0.12 0.000000  0.062 0.000  1.694 0.000   2.371 0.000 999.99 0.259000  15.197 0.000   7.794 0.000   7.402 0.000 0.037 0.000  0.582 0.000
157.25 158.25  36.91 0.000  2.01 0.000 0.034 0.000000 9.99 0.259000  0.055 0.000  1.076 0.000   1.506 0.000 999.99 0.259000  25.451 0.000  19.248 0.000   6.203 0.000 0.040 0.000  0.387 0.000
160.25 161.25  35.57 0.000  2.12 0.000 0.019 0.000000 0.11 0.000000  0.254 0.000  0.921 0.000   1.289 0.000 999.99 0.259000  11.993 0.000   5.657 0.000   6.336 0.000 0.024 0.000  0.741 0.000
163.25 164.25  31.60 0.000  1.92 0.000 0.026 0.000000 0.11 0.000000  0.056 0.559  1.296 0.000   1.815 0.000 999.99 0.259000  22.374 0.000  16.571 0.000   5.803 0.000 0.034 0.000  0.304 0.559
166.25 167.25 999.99 0.999 99.99 0.999 9.999 0.999000 9.99 0.999000 99.999 0.999 99.999 0.999 999.999 0.999 999.99 0.999000 999.999 0.999 999.999 0.999 999.999 0.999 9.999 0.999 99.999 0.999
169.25 170.25  23.20 0.000  0.98 0.000 0.015 0.000000 0.07 0.000000  0.019 0.000  0.912 0.000   1.278 0.000 999.99 0.259000  15.561 0.000  11.160 0.000   4.401 0.000 0.027 0.000  0.367 0.000
172.25 173.25 999.99 0.999 99.99 0.999 9.999 0.999000 9.99 0.999000 99.999 0.999 99.999 0.999 999.999 0.999 999.99 0.999000 999.999 0.999 999.999 0.999 999.999 0.999 9.999 0.999 99.999 0.999
175.25 176.25 999.99 0.999 99.99 0.999 9.999 0.999000 9.99 0.999000 99.999 0.999 99.999 0.999 999.999 0.999 999.99 0.999000 999.999 0.999 999.999 0.999 999.999 0.999 9.999 0.999 99.999 0.999
178.25 179.25  23.67 0.000  2.24 0.000 0.019 0.000000 9.99 0.259000  0.102 0.000  7.340 0.000  10.275 0.000 999.99 0.259000  33.336 0.000  15.221 0.000  18.115 0.000 0.148 0.000  0.539 0.000
181.25 182.25  52.64 0.000  2.16 0.000 9.999 0.259000 0.08 0.000000  0.039 0.000  3.792 0.000   6.825 0.000 999.99 0.259000  27.700 0.000  11.470 0.000  16.230 0.000 0.086 0.000  1.298 0.000
184.25 185.25  21.29 0.000  2.47 0.000 9.999 0.259000 9.99 0.259000  0.065 0.000  3.966 0.000   7.139 0.000 999.99 0.259000  23.645 0.000  10.911 0.000  12.734 0.000 0.166 0.000  0.539 0.000
187.25 188.25  35.18 0.000  2.87 0.000 0.012 0.000000 9.99 0.259000  0.060 0.000  2.910 0.000   5.239 0.000 999.99 0.259000  22.707 0.000  11.618 0.000  11.089 0.000 0.075 0.000  0.834 0.000
190.25 191.25  31.12 0.000  2.22 0.000 9.999 0.259000 9.99 0.259000  0.168 0.000  2.542 0.000   4.576 0.000 999.99 0.259000  17.964 0.000   4.441 0.000  13.523 0.000 0.071 0.000  1.426 0.000
193.25 194.25  49.97 0.000  2.56 0.000 9.999 0.259000 0.15 0.000000  0.118 0.000  0.980 0.000   1.765 0.000 999.99 0.259000  13.838 0.000   6.060 0.000   7.778 0.000 0.032 0.000  1.009 0.000
196.25 197.25  48.14 0.000  1.25 0.000 0.013 0.000000 0.09 0.000000  0.051 0.000  2.874 0.000   5.174 0.000 999.99 0.259000  20.497 0.000   8.660 0.000  11.837 0.000 0.095 0.000  0.934 0.000
199.25 200.25  57.27 0.000  3.47 0.000 9.999 0.259000 0.19 0.000000  0.103 0.000  2.486 0.000   4.476 0.000 999.99 0.259000  31.212 0.000  13.624 0.000  17.588 0.000 0.054 0.000  2.172 0.000
202.25 203.25  14.68 0.000  2.12 0.000 9.999 0.259000 9.99 0.259000  0.199 0.000  1.683 0.000   3.029 0.000 999.99 0.259000  11.672 0.000   5.902 0.000   5.769 0.000 0.026 0.000  0.391 0.000
205.25 206.25  39.45 0.000  1.95 0.000 9.999 0.259000 9.99 0.259000  0.030 0.000  2.254 0.000   4.058 0.000 999.99 0.259000  25.462 0.000  13.131 0.000  12.331 0.000 0.044 0.000  1.045 0.000
208.25 209.25 999.99 0.999 99.99 0.999 9.999 0.999000 9.99 0.999000 99.999 0.999 99.999 0.999 999.999 0.999 999.99 0.999000 999.999 0.999 999.999 0.999 999.999 0.999 9.999 0.999 99.999 0.999
211.25 212.25  39.27 0.000  0.99 0.000 9.999 0.259000 0.26 0.000000  0.044 0.000  1.453 0.000   2.616 0.000 999.99 0.259000  20.084 0.000  11.987 0.000   8.097 0.000 0.031 0.000  0.789 0.000
214.25 215.25  16.11 0.000  1.38 0.000 9.999 0.259000 9.99 0.259000  0.034 0.000  1.528 0.000   2.751 0.000 999.99 0.259000  13.621 0.000   8.661 0.000   4.959 0.000 0.031 0.000  0.219 0.000
217.25 218.25  76.71 0.000  2.75 0.000 9.999 0.259000 9.99 0.259000  0.043 0.000  2.304 0.000   4.147 0.000 999.99 0.259000  29.361 0.000  13.038 0.000  16.323 0.000 0.052 0.000  1.867 0.000
220.25 221.25  46.49 0.000  3.68 0.000 9.999 0.259000 0.15 0.000000  0.100 0.000  1.372 0.000   2.470 0.000 999.99 0.259000  20.017 0.000   5.693 0.000  14.323 0.000 0.036 0.000  2.181 0.000
223.25 224.25  50.36 0.000  4.15 0.000 0.038 0.000000 0.22 0.000000  0.235 0.000  1.720 0.000   3.096 0.000 999.99 0.259000  21.165 0.000   7.188 0.000  13.976 0.000 0.037 0.000  2.094 0.000
226.25 227.25  12.57 0.000  1.27 0.000 9.999 0.259000 9.99 0.259000  0.029 0.000  0.980 0.000   1.764 0.000 999.99 0.259000  14.483 0.000  10.184 0.000   4.300 0.000 0.020 0.000  0.397 0.000
229.25 230.25 999.99 0.456 99.99 0.456 9.999 0.456000 9.99 0.456000  0.201 0.000  2.212 0.000   3.981 0.000 999.99 0.456000 999.999 0.456 999.999 0.456 999.999 0.456 9.999 0.456  2.666 0.000
232.25 233.25  17.95 0.000  2.07 0.000 9.999 0.259000 9.99 0.259000  0.073 0.000  1.560 0.000   2.807 0.000 999.99 0.259000  14.010 0.000   6.708 0.000   7.302 0.000 0.041 0.000  0.859 0.000
235.25 236.25  30.96 0.000  2.34 0.000 0.022 0.000000 0.13 0.000000  0.037 0.000  1.584 0.000   2.851 0.000 999.99 0.259000  23.650 0.000  10.309 0.000  13.341 0.000 0.052 0.000  1.796 0.000
238.25 239.25  28.33 0.000  5.17 0.000 0.070 0.000000 0.11 0.000000  0.615 0.000  1.859 0.000   3.346 0.000 999.99 0.259000 999.999 0.456 999.999 0.999  20.070 0.000 0.069 0.000  3.431 0.000
241.25 242.25  16.18 0.000  2.83 0.000 0.026 0.000000 0.17 0.000000  0.301 0.000  1.413 0.000   2.543 0.000 999.99 0.259000  13.898 0.000   6.036 0.000   7.862 0.000 0.024 0.000  0.920 0.000
244.25 245.25  46.44 0.000  3.68 0.000 9.999 0.259000 0.22 0.000000  0.371 0.000  1.640 0.000   2.952 0.000 999.99 0.259000  24.008 0.000  12.489 0.000  11.519 0.000 0.037 0.000  1.568 0.000
247.25 248.25  17.09 0.000  2.42 0.000 9.999 0.259000 9.99 0.259000  0.200 0.000  0.961 0.000   1.730 0.000 999.99 0.259000  12.758 0.000   6.445 0.000   6.313 0.000 0.023 0.000  0.881 0.000
