scripts/IMPROVE-2019_partial/data/US0020R.20030103080000.20191216000000.filterpack..pm25.1y.1w.US03L_filterpack_US0020.US03L_IMPROVE_Davis.lev2.nas
66 1001
MISSING INFORMATION
US03L, IMPROVE, , , , , , , 
MISSING INFORMATION
IMPROVE sel_HTAP
1 1
2003 01 01 2019 12 16
3.000000
days from file reference point
27
1 1 1 1 1 1 1 1 1 1 1 1 1 1 1 1 1 1 1 1 1 1 1 1 1 1 1
999.999999 9999.99 9.999 99.99 9.999 9.999 9.999999 99.99 9.999 9.999 9.999 99.999 9.999 99.999 9.999 99.99 9.999999 999.999 9.999 999.999 9.999 999.999 9.999 9.999 9.999 9.999 9.999
end_time of measurement, days from the file reference point
iron, ng/m3, Revision date=20181210133000
numflag iron, no unit, Revision date=20181210133000
lead, ng/m3, Revision date=20181210133000
numflag lead, no unit, Revision date=20181210133000
magnesium, ug/m3, Revision date=20181210133000
numflag magnesium, no unit, Revision date=20181210133000
nickel, ng/m3, Revision date=20181210133000
numflag nickel, no unit, Revision date=20181210133000
nitrate, ug N/m3, Revision date=20181210133000
numflag nitrate, no unit, Revision date=20181210133000
organic_carbon, ug C/m3, Revision date=20181210133000
numflag organic_carbon, no unit, Revision date=20181210133000
organic_mass, ug/m3, Revision date=20181210133000
numflag organic_mass, no unit, Revision date=20181210133000
phosphorus, ng/m3, Revision date=20181210133000
numflag phosphorus, no unit, Revision date=20181210133000
pm10_mass, ug/m3, Version=2, Version description=Data extracted from http://views.cira.colostate.edu/fed/DataWizard 2019-12-16, Sample duration=1d, Orig. time res.=3d, Matrix=pm10, Blank correction=Blank corrected, Volume std. temperature=ambient, Volume std. pressure=ambient
numflag pm10_mass, no unit, Version=2, Version description=Data extracted from http://views.cira.colostate.edu/fed/DataWizard 2019-12-16, Sample duration=1d, Orig. time res.=3d, Matrix=pm10, Blank correction=Blank corrected, Volume std. temperature=ambient, Volume std. pressure=ambient
pm10_pm25_mass, ug/m3, Revision date=20181210133000, Matrix=pm10_pm25
numflag pm10_pm25_mass, no unit, Revision date=20181210133000, Matrix=pm10_pm25
pm25_mass, ug/m3, Version=2, Version description=Data extracted from http://views.cira.colostate.edu/fed/DataWizard 2019-12-16, Sample duration=1d, Orig. time res.=3d, Blank correction=Blank corrected, Volume std. temperature=ambient, Volume std. pressure=ambient
numflag pm25_mass, no unit, Version=2, Version description=Data extracted from http://views.cira.colostate.edu/fed/DataWizard 2019-12-16, Sample duration=1d, Orig. time res.=3d, Blank correction=Blank corrected, Volume std. temperature=ambient, Volume std. pressure=ambient
potassium, ug/m3, Revision date=20181210133000
numflag potassium, no unit, Revision date=20181210133000
sulphate_total, ug S/m3, Revision date=20181210133000
numflag sulphate_total, no unit, Revision date=20181210133000
0
25
Data definition:              EBAS_1.1
Set type code:                TU
Timezone:                     UTC
File name:                    US0020R.20030103080000.20191216000000.filterpack..pm25.1y.1w.US03L_filterpack_US0020.US03L_IMPROVE_Davis.lev2.nas
File creation:                20191218115645
Startdate:                    20030103080000
Revision date:                20191216000000
Statistics:                   arithmetic mean
Data level:                   2
Period code:                  1y
Resolution code:              1w
Station code:                 US0020R
Platform code:                US0020S
Station name:                 Death Valley NP
Station latitude:             36.5089
Station longitude:            -116.8478
Station altitude:             130.0 m
Regime:                       IMG
Component:                    
Matrix:                       pm25
Laboratory code:              US03L
Instrument type:              filterpack
Instrument name:              filterpack_US0020
Method ref:                   US03L_IMPROVE_Davis
starttime endtime Fe flag_Fe Pb flag_Pb Mg++ flag_Mg++ Ni flag_Ni NO3- flag_NO3- OC flag_OC OM flag_OM P flag_P PM10 flag_PM10 PM10-PM2.5 flag_PM10-PM2.5 PM2.5 flag_PM2.5 K+ flag_K+ SO4-- flag_SO4--
[from data line 83]
251.333333 252.333333   50.72 0.000  0.77 0.000 9.999 0.259000  0.14 0.000 0.039 0.000  0.982 0.000  1.375 0.000 99.99 0.259000  12.944 0.000   8.674 0.000   4.270 0.000 0.094 0.000 0.252 0.000
254.333333 255.333333   21.13 0.000  0.38 0.000 9.999 0.259000  0.10 0.000 0.009 0.559  0.469 0.000  0.657 0.000 99.99 0.259000   5.263 0.000   3.745 0.000   1.517 0.000 0.015 0.000 0.067 0.559
257.333333 258.333333   53.26 0.000  0.95 0.000 0.043 0.000000  0.11 0.000 0.032 0.000  0.896 0.000  1.254 0.000 99.99 0.259000  12.327 0.000   7.653 0.000   4.674 0.000 0.047 0.000 0.371 0.000
260.333333 261.333333   40.53 0.000  0.23 0.000 9.999 0.259000  0.09 0.000 0.012 0.559  0.400 0.000  0.560 0.000 99.99 0.259000   9.579 0.000   7.721 0.000   1.858 0.000 0.035 0.000 0.070 0.559
263.333333 264.333333   49.32 0.000  0.70 0.000 9.999 0.259000 99.99 0.259 0.012 0.559  0.450 0.000  0.629 0.000 99.99 0.259000   4.775 0.000   2.567 0.000   2.208 0.000 0.046 0.000 0.126 0.559
266.333333 267.333333   84.45 0.000  1.15 0.000 9.999 0.259000  0.14 0.000 0.047 0.000  0.673 0.000  0.942 0.000 99.99 0.259000  16.854 0.000  12.724 0.000   4.130 0.000 0.069 0.000 0.292 0.000
269.333333 270.333333   27.80 0.000  0.54 0.000 9.999 0.259000  0.07 0.000 0.009 0.000  0.658 0.000  0.921 0.000 99.99 0.259000   4.984 0.000   2.710 0.000   2.274 0.000 0.032 0.000 0.096 0.000
272.333333 273.333333   30.10 0.000  0.68 0.000 0.033 0.000000  0.17 0.000 0.023 0.000  0.367 0.000  0.513 0.000 99.99 0.259000   6.525 0.000   3.201 0.000   3.324 0.000 0.019 0.000 0.409 0.000
275.333333 276.333333   55.05 0.000  0.76 0.000 0.038 0.000000  0.13 0.000 0.021 0.000  0.773 0.000  1.082 0.000 99.99 0.259000  10.131 0.000   6.613 0.000   3.518 0.000 0.047 0.000 0.175 0.000
278.333333 279.333333   57.86 0.000  0.78 0.000 0.027 0.000000  0.07 0.000 0.026 0.000  0.394 0.000  0.552 0.000 99.99 0.259000  11.940 0.000   8.513 0.000   3.426 0.000 0.047 0.000 0.280 0.000
281.333333 282.333333   79.35 0.000  1.03 0.000 0.038 0.000000  0.12 0.000 0.037 0.000  0.700 0.000  0.980 0.000 99.99 0.259000  14.135 0.000   9.321 0.000   4.815 0.000 0.053 0.000 0.346 0.000
284.333333 285.333333   58.55 0.000  0.72 0.000 0.041 0.000000 99.99 0.259 0.052 0.000  0.410 0.000  0.574 0.000 99.99 0.259000  11.670 0.000   7.802 0.000   3.868 0.000 0.044 0.000 0.266 0.000
287.333333 288.333333  147.06 0.000  1.06 0.000 0.059 0.000000  0.26 0.000 0.041 0.000  0.589 0.000  0.824 0.000 99.99 0.259000  19.231 0.000  13.181 0.000   6.049 0.000 0.099 0.000 0.239 0.000
290.333333 291.333333   81.58 0.000  0.95 0.000 9.999 0.259000  0.09 0.000 0.041 0.000  0.623 0.000  0.872 0.000 99.99 0.259000   9.570 0.000   5.125 0.000   4.444 0.000 0.069 0.000 0.269 0.000
293.333333 294.333333   38.17 0.000  0.82 0.000 0.030 0.000000  0.13 0.000 0.018 0.000  0.397 0.000  0.556 0.000 99.99 0.259000   6.353 0.000   3.275 0.000   3.078 0.000 0.029 0.000 0.232 0.000
296.333333 297.333333  160.68 0.000  0.92 0.000 0.102 0.000000  0.28 0.000 0.023 0.000  0.240 0.000  0.336 0.000 99.99 0.259000  14.793 0.000   9.554 0.000   5.239 0.000 0.107 0.000 0.129 0.000
299.333333 300.333333   69.39 0.000  0.69 0.000 9.999 0.259000  0.18 0.000 0.010 0.000  0.189 0.000  0.264 0.000 99.99 0.259000   4.616 0.000   2.240 0.000   2.376 0.000 0.046 0.000 0.056 0.000
302.333333 303.333333  139.23 0.000  0.77 0.000 0.069 0.000000  0.40 0.000 0.151 0.000  1.199 0.000  1.678 0.000 99.99 0.259000  41.832 0.000  33.966 0.000   7.866 0.000 0.114 0.000 0.294 0.000
305.333333 306.333333    9.66 0.000  0.58 0.000 9.999 0.259000  0.11 0.000 0.032 0.000  0.427 0.000  0.599 0.000 99.99 0.259000   2.952 0.000   1.179 0.000   1.774 0.000 0.010 0.000 0.122 0.000
308.333333 309.333333  234.78 0.000  1.47 0.000 9.999 0.259000  2.12 0.000 0.028 0.000  0.435 0.000  0.609 0.000 99.99 0.259000   9.470 0.000   2.619 0.000   6.851 0.000 0.148 0.000 0.121 0.000
311.333333 312.333333 9999.99 0.999 99.99 0.999 9.999 0.999000 99.99 0.999 9.999 0.999 99.999 0.999 99.999 0.999 99.99 0.999000 999.999 0.999 999.999 0.999 999.999 0.999 9.999 0.999 9.999 0.999
314.333333 315.333333   36.54 0.000  0.57 0.000 9.999 0.259000  0.16 0.000 0.191 0.000  0.193 0.000  0.270 0.000 99.99 0.259000   3.472 0.000   1.714 0.000   1.758 0.000 0.030 0.000 0.075 0.000
317.333333 318.333333    6.52 0.000  0.24 0.000 0.049 0.000000  0.12 0.000 0.007 0.000  0.503 0.000  0.704 0.000 99.99 0.259000   4.092 0.000   2.781 0.000   1.311 0.000 0.006 0.000 0.024 0.000
320.333333 321.333333    5.98 0.000  0.46 0.000 9.999 0.259000 99.99 0.259 0.182 0.000  0.584 0.000  0.817 0.000  6.73 0.000000   3.018 0.000   1.385 0.000   1.632 0.000 0.007 0.000 0.096 0.000
323.333333 324.333333    6.82 0.000  0.43 0.000 9.999 0.259000  0.07 0.000 0.076 0.000  0.332 0.000  0.464 0.000 99.99 0.259000   7.314 0.000   5.854 0.000   1.460 0.000 0.007 0.000 0.066 0.000
326.333333 327.333333   13.73 0.000  0.39 0.000 0.040 0.000000  0.24 0.000 0.013 0.000  0.505 0.000  0.708 0.000 99.99 0.259000   1.984 0.000   0.713 0.000   1.271 0.000 0.013 0.000 0.050 0.000
329.333333 330.333333   15.22 0.000  0.61 0.000 0.028 0.000000  0.20 0.000 0.008 0.000  0.403 0.000  0.564 0.000 99.99 0.259000   3.265 0.000   1.883 0.000   1.383 0.000 0.014 0.000 0.071 0.000
332.333333 333.333333   13.55 0.000  0.82 0.000 0.033 0.000000  0.08 0.000 0.008 0.000  0.383 0.000  0.536 0.000 99.99 0.259000   2.959 0.000   1.588 0.000   1.371 0.000 0.017 0.000 0.074 0.000
335.333333 336.333333   36.56 0.000  0.98 0.000 9.999 0.259000  0.16 0.000 0.014 0.000  0.649 0.000  0.908 0.000 99.99 0.259000   5.769 0.000   3.617 0.000   2.152 0.000 0.039 0.000 0.112 0.000
338.333333 339.333333  111.95 0.000  2.07 0.000 9.999 0.259000  0.67 0.000 0.013 0.000  0.443 0.000  0.621 0.000 99.99 0.259000   7.191 0.000   3.452 0.000   3.739 0.000 0.087 0.000 0.104 0.000
341.333333 342.333333   51.86 0.000  0.24 0.000 9.999 0.259000  0.11 0.000 0.010 0.000  0.138 0.000  0.193 0.000 99.99 0.259000  13.930 0.000  11.882 0.000   2.048 0.000 0.056 0.000 0.092 0.000
344.333333 345.333333   24.66 0.000  0.32 0.000 9.999 0.259000  0.15 0.000 0.029 0.000  0.251 0.000  0.352 0.000 99.99 0.259000   6.698 0.000   5.267 0.000   1.431 0.000 0.026 0.000 0.057 0.000
347.333333 348.333333    4.06 0.000  0.15 0.000 0.051 0.000000 99.99 0.259 0.070 0.000  0.128 0.000  0.179 0.000 99.99 0.259000   2.055 0.000   1.224 0.000   0.831 0.000 0.008 0.000 0.037 0.000
350.333333 351.333333    9.15 0.000 99.99 0.259 9.999 0.259000  0.15 0.000 0.005 0.000  0.019 0.000  0.026 0.000 99.99 0.259000   1.972 0.000   1.500 0.000   0.473 0.000 0.008 0.000 0.015 0.000
353.333333 354.333333    5.80 0.000  0.39 0.000 9.999 0.259000 99.99 0.259 0.006 0.000  0.086 0.000  0.121 0.000 99.99 0.259000   1.151 0.000   0.793 0.000   0.358 0.000 0.006 0.000 0.017 0.000
356.333333 357.333333    8.58 0.394  0.32 0.394 9.999 0.394259  0.10 0.394 0.007 0.394  0.087 0.000  0.122 0.000 99.99 0.394259   1.354 0.000   0.738 0.000   0.616 0.000 0.007 0.394 0.040 0.394
359.333333 360.333333    2.70 0.000  0.14 0.000 9.999 0.259000 99.99 0.259 0.016 0.000  0.062 0.000  0.087 0.000 99.99 0.259000   1.233 0.000   0.905 0.000   0.328 0.000 0.004 0.000 0.030 0.000
362.333333 363.333333    6.76 0.000  0.53 0.000 9.999 0.259000  0.08 0.000 0.019 0.000  0.214 0.000  0.299 0.000 99.99 0.259000   2.646 0.000   1.815 0.000   0.831 0.000 0.008 0.000 0.043 0.000
