scripts/IMPROVE-2019_partial/data/US0095R.20060102070000.20191216000000.filterpack..pm25.52w.1w.US03L_filterpack_US0095.US03L_IMPROVE_Davis.lev2.nas
64 1001
MISSING INFORMATION
US03L, IMPROVE, , , , , , , 
MISSING INFORMATION
IMPROVE sel_HTAP
1 1
2006 01 01 2019 12 16
3.000000
days from file reference point
25
1 1 1 1 1 1 1 1 1 1 1 1 1 1 1 1 1 1 1 1 1 1 1 1 1
999.999999 9999.99 9.999 99.99 9.999 9.999 9.999999 9.99 9.999999 9.999 9.999 99.999 9.999 99.999 9.999 999.999 9.999 999.999 9.999999 999.999 9.999 9.999 9.999 9.999 9.999
end_time of measurement, days from the file reference point
iron, ng/m3, Revision date=20181210133000
numflag iron, no unit, Revision date=20181210133000
lead, ng/m3, Revision date=20181210133000
numflag lead, no unit, Revision date=20181210133000
magnesium, ug/m3, Revision date=20181210133000
numflag magnesium, no unit, Revision date=20181210133000
nickel, ng/m3, Revision date=20181210133000
numflag nickel, no unit, Revision date=20181210133000
nitrate, ug N/m3, Revision date=20181210133000
numflag nitrate, no unit, Revision date=20181210133000
organic_carbon, ug C/m3, Revision date=20181210133000
numflag organic_carbon, no unit, Revision date=20181210133000
organic_mass, ug/m3, Revision date=20181210133000
numflag organic_mass, no unit, Revision date=20181210133000
pm10_mass, ug/m3, Version=2, Version description=Data extracted from http://views.cira.colostate.edu/fed/DataWizard 2019-12-16, Sample duration=1d, Orig. time res.=3d, Matrix=pm10, Blank correction=Blank corrected, Volume std. temperature=ambient, Volume std. pressure=ambient
numflag pm10_mass, no unit, Version=2, Version description=Data extracted from http://views.cira.colostate.edu/fed/DataWizard 2019-12-16, Sample duration=1d, Orig. time res.=3d, Matrix=pm10, Blank correction=Blank corrected, Volume std. temperature=ambient, Volume std. pressure=ambient
pm10_pm25_mass, ug/m3, Revision date=20181210133000, Matrix=pm10_pm25
numflag pm10_pm25_mass, no unit, Revision date=20181210133000, Matrix=pm10_pm25
pm25_mass, ug/m3, Version=2, Version description=Data extracted from http://views.cira.colostate.edu/fed/DataWizard 2019-12-16, Sample duration=1d, Orig. time res.=3d, Blank correction=Blank corrected, Volume std. temperature=ambient, Volume std. pressure=ambient
numflag pm25_mass, no unit, Version=2, Version description=Data extracted from http://views.cira.colostate.edu/fed/DataWizard 2019-12-16, Sample duration=1d, Orig. time res.=3d, Blank correction=Blank corrected, Volume std. temperature=ambient, Volume std. pressure=ambient
potassium, ug/m3, Revision date=20181210133000
numflag potassium, no unit, Revision date=20181210133000
sulphate_total, ug S/m3, Revision date=20181210133000
numflag sulphate_total, no unit, Revision date=20181210133000
0
25
Data definition:              EBAS_1.1
Set type code:                TU
Timezone:                     UTC
File name:                    US0095R.20060102070000.20191216000000.filterpack..pm25.52w.1w.US03L_filterpack_US0095.US03L_IMPROVE_Davis.lev2.nas
File creation:                20191218120151
Startdate:                    20060102070000
Revision date:                20191216000000
Statistics:                   arithmetic mean
Data level:                   2
Period code:                  52w
Resolution code:              1w
Station code:                 US0095R
Platform code:                US0095S
Station name:                 Petrified Forest NP
Station latitude:             35.0777
Station longitude:            -109.7692
Station altitude:             1766.0 m
Regime:                       IMG
Component:                    
Matrix:                       pm25
Laboratory code:              US03L
Instrument type:              filterpack
Instrument name:              filterpack_US0095
Method ref:                   US03L_IMPROVE_Davis
starttime endtime Fe flag_Fe Pb flag_Pb Mg++ flag_Mg++ Ni flag_Ni NO3- flag_NO3- OC flag_OC OM flag_OM PM10 flag_PM10 PM10-PM2.5 flag_PM10-PM2.5 PM2.5 flag_PM2.5 K+ flag_K+ SO4-- flag_SO4--
  1.291667   2.291667   37.88 0.000  1.20 0.000 9.999 0.259000 0.08 0.000000 0.033 0.000  0.376 0.000  0.527 0.000   4.249 0.000   2.506 0.000000   1.744 0.000 0.044 0.000 0.092 0.000
  4.291667   5.291667   27.49 0.000  0.67 0.000 0.010 0.000000 9.99 0.259000 0.012 0.000  0.323 0.000  0.452 0.000   2.676 0.000   1.406 0.000000   1.270 0.000 0.015 0.000 0.053 0.000
  7.291667   8.291667   72.30 0.000  1.40 0.000 9.999 0.259000 9.99 0.259000 0.020 0.000  0.341 0.000  0.478 0.000   5.027 0.000   2.611 0.000000   2.416 0.000 0.049 0.000 0.084 0.000
 10.291667  11.291667  159.89 0.000  0.63 0.000 9.999 0.259000 9.99 0.259000 0.021 0.000  0.649 0.000  0.908 0.000  11.051 0.000   6.326 0.000000   4.725 0.000 0.089 0.000 0.070 0.000
 13.291667  14.291667  142.97 0.000  1.52 0.000 0.054 0.000000 9.99 0.259000 0.028 0.000  0.532 0.000  0.745 0.000  10.694 0.000   6.373 0.000000   4.320 0.000 0.087 0.000 0.128 0.000
 16.291667  17.291667   28.54 0.000  0.13 0.000 0.017 0.000000 9.99 0.259000 0.015 0.000  0.251 0.000  0.351 0.000   2.117 0.000   0.828 0.000000   1.289 0.000 0.011 0.000 0.050 0.000
 19.291667  20.291667   38.19 0.000  0.42 0.000 0.015 0.000000 9.99 0.259000 0.096 0.000  0.407 0.000  0.570 0.000   1.535 0.000 999.999 0.259000   1.643 0.000 0.018 0.000 0.058 0.000
 22.291667  23.291667   24.08 0.000  0.59 0.000 9.999 0.259000 9.99 0.259000 0.038 0.000  0.384 0.000  0.538 0.000   3.272 0.000   1.785 0.000000   1.488 0.000 0.013 0.000 0.089 0.000
 25.291667  26.291667   82.36 0.000  1.65 0.000 0.024 0.000000 0.15 0.000000 0.156 0.000  1.233 0.000  1.726 0.000  11.486 0.000   6.777 0.000000   4.710 0.000 0.054 0.000 0.238 0.000
 28.291667  29.291667   27.81 0.000  0.38 0.000 9.999 0.259000 9.99 0.259000 0.045 0.000  0.372 0.000  0.521 0.000   2.718 0.000   1.341 0.000000   1.377 0.000 0.014 0.000 0.077 0.000
 31.291667  32.291667   39.17 0.000  0.13 0.000 0.010 0.000000 9.99 0.259000 0.035 0.000  0.433 0.000  0.606 0.000   2.665 0.000   1.183 0.000000   1.482 0.000 0.017 0.000 0.068 0.000
 34.291667  35.291667   53.95 0.000  1.25 0.000 9.999 0.259000 9.99 0.259000 0.018 0.000  0.841 0.000  1.177 0.000   4.222 0.000   1.716 0.000000   2.506 0.000 0.033 0.000 0.179 0.000
 37.291667  38.291667   38.07 0.000  0.57 0.000 9.999 0.259000 9.99 0.259000 0.017 0.000  0.342 0.000  0.478 0.000   3.395 0.000   1.748 0.000000   1.648 0.000 0.018 0.000 0.070 0.000
 40.291667  41.291667   60.92 0.000  0.64 0.000 9.999 0.259000 9.99 0.259000 0.069 0.000  0.604 0.000  0.846 0.000   6.984 0.000   4.097 0.000000   2.887 0.000 0.032 0.000 0.101 0.000
 43.291667  44.291667   55.50 0.000  0.62 0.000 9.999 0.259000 9.99 0.259000 0.027 0.000  0.355 0.000  0.498 0.000   4.404 0.000   2.451 0.000000   1.953 0.000 0.025 0.000 0.084 0.000
 46.291667  47.291667  137.73 0.000  0.30 0.000 0.046 0.000000 9.99 0.259000 0.136 0.000  0.633 0.000  0.886 0.000  18.154 0.000  12.440 0.000000   5.713 0.000 0.089 0.000 0.200 0.000
 49.291667  50.291667   37.76 0.000  0.78 0.000 9.999 0.259000 9.99 0.259000 0.107 0.000  0.322 0.000  0.451 0.000   5.129 0.000   2.833 0.000000   2.296 0.000 0.034 0.000 0.143 0.000
 52.291667  53.291667   61.83 0.000  0.57 0.000 9.999 0.259000 9.99 0.259000 0.035 0.000  0.247 0.000  0.346 0.000   3.689 0.000   1.252 0.000000   2.437 0.000 0.034 0.000 0.126 0.000
 55.291667  56.291667   44.92 0.000  0.97 0.000 9.999 0.259000 9.99 0.259000 0.019 0.000  0.355 0.000  0.497 0.000   4.326 0.000   2.264 0.000000   2.062 0.000 0.030 0.000 0.152 0.000
 58.291667  59.291667   73.96 0.000  1.92 0.000 9.999 0.259000 9.99 0.259000 0.025 0.000  0.472 0.000  0.661 0.000   6.771 0.000   4.054 0.000000   2.717 0.000 0.043 0.000 0.157 0.000
 61.291667  62.291667  145.83 0.000  1.05 0.000 0.039 0.000000 9.99 0.259000 0.022 0.000  0.265 0.000  0.370 0.000   8.401 0.000   4.294 0.000000   4.107 0.000 0.071 0.000 0.130 0.000
 64.291667  65.291667  115.76 0.000  1.43 0.000 9.999 0.259000 9.99 0.259000 0.017 0.000  0.263 0.000  0.368 0.000   3.960 0.000   1.026 0.000000   2.934 0.000 0.053 0.000 0.105 0.000
 67.291667  68.291667 9999.99 0.999 99.99 0.999 9.999 0.999000 9.99 0.999000 9.999 0.999 99.999 0.999 99.999 0.999 999.999 0.999 999.999 0.999000 999.999 0.999 9.999 0.999 9.999 0.999
 70.291667  71.291667 9999.99 0.999 99.99 0.999 9.999 0.999000 9.99 0.999000 9.999 0.999 99.999 0.999 99.999 0.999 999.999 0.999 999.999 0.999000 999.999 0.999 9.999 0.999 9.999 0.999
 73.291667  74.291667 9999.99 0.999 99.99 0.999 9.999 0.999000 9.99 0.999000 9.999 0.999 99.999 0.999 99.999 0.999 999.999 0.999 999.999 0.999000 999.999 0.999 9.999 0.999 9.999 0.999
 76.291667  77.291667   57.29 0.000  1.26 0.000 9.999 0.259000 9.99 0.259000 0.055 0.000  0.376 0.000  0.526 0.000   6.906 0.000   4.125 0.000000   2.781 0.000 0.035 0.000 0.245 0.000
 79.291667  80.291667   43.81 0.000  0.82 0.000 9.999 0.259000 9.99 0.259000 0.090 0.000  0.295 0.000  0.414 0.000 999.999 0.456 999.999 0.999000   2.427 0.000 0.028 0.000 0.219 0.000
 82.291667  83.291667   67.47 0.394  0.59 0.394 9.999 0.394259 9.99 0.394259 0.044 0.394  0.573 0.394  0.802 0.394   5.004 0.000   2.093 0.394000   2.911 0.000 0.032 0.394 0.230 0.394
 85.291667  86.291667   85.81 0.559  0.87 0.559 0.031 0.559000 9.99 0.559259 0.059 0.559  0.639 0.000  0.894 0.000   6.536 0.000   3.488 0.559000   3.047 0.659 0.049 0.559 0.200 0.559
 88.291667  89.291667   31.30 0.000  0.62 0.000 9.999 0.259000 0.14 0.000000 0.051 0.000  0.252 0.559  0.353 0.559   2.298 0.000   0.883 0.000000   1.414 0.000 0.016 0.000 0.110 0.000
 91.291667  92.291667   54.88 0.559  1.11 0.559 9.999 0.559259 0.14 0.559000 0.104 0.559  0.447 0.559  0.626 0.559   5.454 0.000   2.925 0.559000   2.530 0.659 0.028 0.559 0.217 0.559
 94.291667  95.291667 9999.99 0.999 99.99 0.999 9.999 0.999000 9.99 0.999000 9.999 0.999 99.999 0.999 99.999 0.999 999.999 0.999 999.999 0.999000 999.999 0.999 9.999 0.999 9.999 0.999
 97.291667  98.291667   50.58 0.559  1.08 0.559 0.020 0.559000 9.99 0.559259 0.020 0.559  0.304 0.559  0.426 0.559   3.832 0.000   1.464 0.559000   2.368 0.659 0.028 0.559 0.142 0.559
100.291667 101.291667   73.77 0.559  1.10 0.559 0.038 0.559000 0.13 0.559000 0.068 0.000  0.349 0.559  0.489 0.559   6.426 0.000   3.321 0.559000   3.105 0.659 0.050 0.559 0.226 0.000
103.291667 104.291667  104.45 0.559  1.12 0.559 0.044 0.559000 9.99 0.559259 0.024 0.559  0.482 0.559  0.675 0.559  17.945 0.000  13.872 0.559000   4.073 0.659 0.068 0.559 0.247 0.559
106.291667 107.291667  220.30 0.000  1.12 0.000 0.116 0.000000 0.11 0.000000 0.065 0.000  0.429 0.559  0.601 0.559  18.228 0.000  12.636 0.000000   5.592 0.000 0.117 0.000 0.238 0.000
109.291667 110.291667  105.56 0.000  0.42 0.000 0.058 0.000000 9.99 0.259000 0.032 0.000  0.367 0.559  0.514 0.559   6.119 0.000   2.799 0.000000   3.320 0.000 0.059 0.000 0.140 0.000
112.291667 113.291667  247.54 0.559  1.84 0.559 0.136 0.559000 0.17 0.559000 0.076 0.559  0.485 0.559  0.680 0.559  16.143 0.000   8.835 0.559000   7.307 0.659 0.145 0.559 0.352 0.559
115.291667 116.291667  193.43 0.559  2.24 0.559 0.101 0.559000 0.22 0.559000 0.053 0.559  0.355 0.559  0.498 0.559  13.251 0.000   7.162 0.559000   6.089 0.659 0.142 0.559 0.313 0.559
118.291667 119.291667  220.07 0.559  2.25 0.559 0.104 0.559000 9.99 0.559259 0.049 0.559  0.481 0.559  0.674 0.559  13.890 0.000   6.635 0.559000   7.255 0.659 0.136 0.559 0.414 0.559
121.291667 122.291667   68.27 0.559  0.72 0.559 9.999 0.559259 9.99 0.559259 0.033 0.559  0.534 0.559  0.747 0.559   7.590 0.000   4.348 0.559000   3.242 0.659 0.037 0.559 0.178 0.559
124.291667 125.291667  120.68 0.559  1.27 0.559 9.999 0.559259 0.11 0.559000 0.049 0.559  0.309 0.559  0.432 0.559  17.732 0.000  13.188 0.559000   4.543 0.659 0.065 0.559 0.266 0.559
127.291667 128.291667  126.64 0.559  1.98 0.559 9.999 0.559259 0.23 0.559000 0.089 0.559  0.705 0.559  0.987 0.559  18.784 0.000  12.374 0.559000   6.410 0.659 0.069 0.559 0.449 0.559
130.291667 131.291667  185.73 0.559  2.01 0.559 9.999 0.559259 0.13 0.559000 0.056 0.559  0.603 0.559  0.845 0.559  12.552 0.000   6.506 0.559000   6.045 0.659 0.093 0.559 0.317 0.559
133.291667 134.291667  152.51 0.559  1.17 0.559 0.021 0.559000 0.10 0.559000 0.067 0.559  0.912 0.559  1.277 0.559  13.139 0.000   7.181 0.559000   5.958 0.659 0.074 0.559 0.346 0.559
136.291667 137.291667   90.54 0.559  0.55 0.559 0.021 0.559000 9.99 0.559259 0.027 0.559  0.481 0.559  0.673 0.559   7.753 0.000   4.005 0.559000   3.748 0.659 0.041 0.559 0.213 0.559
139.291667 140.291667   67.85 0.559  0.65 0.559 9.999 0.559259 9.99 0.559259 0.042 0.559  0.674 0.559  0.943 0.559  10.681 0.000   6.305 0.559000   4.376 0.659 0.044 0.559 0.333 0.559
142.291667 143.291667   71.37 0.559  0.39 0.559 9.999 0.559259 9.99 0.559259 0.037 0.559  0.359 0.559  0.503 0.559   9.343 0.000   6.301 0.559000   3.041 0.659 0.041 0.559 0.151 0.559
145.291667 146.291667   60.22 0.559  0.64 0.559 9.999 0.559259 0.16 0.559000 0.042 0.559  0.394 0.559  0.552 0.559   8.633 0.000   5.812 0.559000   2.821 0.659 0.041 0.559 0.134 0.559
148.291667 149.291667   92.16 0.559  0.85 0.559 9.999 0.559259 9.99 0.559259 0.065 0.559  0.629 0.559  0.881 0.559  13.120 0.000   8.559 0.559000   4.561 0.659 0.077 0.559 0.245 0.559
151.291667 152.291667  168.55 0.559  0.90 0.559 0.089 0.559000 0.12 0.559000 0.039 0.559  0.596 0.559  0.834 0.559  16.230 0.000   9.934 0.559000   6.296 0.659 0.100 0.559 0.271 0.559
154.291667 155.291667  111.03 0.559  1.03 0.559 0.046 0.559000 0.15 0.559000 0.064 0.559  1.328 0.559  1.859 0.559  14.428 0.000   7.571 0.559000   6.857 0.659 0.087 0.559 0.446 0.559
157.291667 158.291667  321.83 0.559  1.36 0.559 0.200 0.559000 0.29 0.559000 0.045 0.559  1.032 0.559  1.445 0.559  27.650 0.000  17.603 0.559000  10.047 0.659 0.209 0.559 0.285 0.559
160.291667 161.291667   81.80 0.559  0.77 0.559 0.036 0.559000 0.18 0.559000 0.033 0.559  1.899 0.000  2.659 0.000  10.295 0.000   4.054 0.559000   6.240 0.659 0.071 0.559 0.264 0.559
163.291667 164.291667   86.20 0.559  0.62 0.559 0.035 0.559000 0.16 0.559000 0.037 0.559  2.341 0.559  3.277 0.559  14.918 0.000   7.154 0.559000   7.764 0.659 0.072 0.559 0.413 0.559
166.291667 167.291667   70.63 0.559  0.36 0.559 0.030 0.559000 0.12 0.559000 0.019 0.559  0.464 0.559  0.650 0.559   7.296 0.000   4.054 0.559000   3.242 0.659 0.049 0.559 0.158 0.559
169.291667 170.291667   67.53 0.559  0.80 0.559 0.031 0.559000 9.99 0.559259 0.045 0.559  0.900 0.559  1.260 0.559  10.766 0.000   7.599 0.559000   3.167 0.659 0.076 0.559 0.325 0.559
172.291667 173.291667   90.60 0.559  0.50 0.559 0.033 0.559000 0.24 0.559000 0.066 0.559  1.315 0.559  1.841 0.559  14.008 0.000   8.035 0.559000   5.974 0.659 0.081 0.559 0.288 0.559
175.291667 176.291667   70.17 0.559  0.68 0.559 0.025 0.559000 0.13 0.559000 0.036 0.559  2.162 0.559  3.027 0.559  16.762 0.000   9.777 0.559000   6.985 0.659 0.063 0.559 0.280 0.559
178.291667 179.291667 9999.99 0.999 99.99 0.999 9.999 0.999000 9.99 0.999000 9.999 0.999 99.999 0.999 99.999 0.999 999.999 0.999 999.999 0.999000 999.999 0.999 9.999 0.999 9.999 0.999
181.291667 182.291667 9999.99 0.999 99.99 0.999 9.999 0.999000 9.99 0.999000 9.999 0.999 99.999 0.999 99.999 0.999 999.999 0.999 999.999 0.999000 999.999 0.999 9.999 0.999 9.999 0.999
184.291667 185.291667 9999.99 0.999 99.99 0.999 9.999 0.999000 9.99 0.999000 9.999 0.999 99.999 0.999 99.999 0.999 999.999 0.999 999.999 0.999000 999.999 0.999 9.999 0.999 9.999 0.999
187.291667 188.291667   21.97 0.559  0.40 0.559 9.999 0.559259 9.99 0.559259 0.018 0.559  0.531 0.559  0.957 0.559   3.569 0.000   1.180 0.559000   2.389 0.659 0.013 0.559 0.156 0.559
190.291667 191.291667   29.97 0.559  0.53 0.559 9.999 0.559259 0.09 0.559000 0.022 0.559  0.552 0.559  0.994 0.559   8.056 0.000   5.217 0.559000   2.840 0.659 0.035 0.559 0.191 0.559
193.291667 194.291667   30.63 0.559  0.85 0.559 9.999 0.559259 9.99 0.559259 0.077 0.559  2.602 0.559  4.684 0.559  12.836 0.000   5.410 0.559000   7.426 0.659 0.123 0.559 0.274 0.559
196.291667 197.291667   51.68 0.559  0.58 0.559 9.999 0.559259 9.99 0.559259 0.023 0.559  0.546 0.559  0.984 0.559   9.765 0.000   5.920 0.559000   3.845 0.659 0.037 0.559 0.257 0.559
199.291667 200.291667 9999.99 0.999 99.99 0.999 9.999 0.999000 9.99 0.999000 9.999 0.999 99.999 0.999 99.999 0.999 999.999 0.999 999.999 0.999000 999.999 0.999 9.999 0.999 9.999 0.999
202.291667 203.291667   39.69 0.559  0.54 0.559 9.999 0.559259 9.99 0.559259 0.022 0.559  0.933 0.559  1.680 0.559  10.362 0.000   5.157 0.559000   5.204 0.659 0.030 0.559 0.468 0.559
205.291667 206.291667   31.13 0.559  0.44 0.559 9.999 0.559259 9.99 0.559259 0.014 0.559  0.689 0.559  1.240 0.559   6.218 0.000   2.894 0.559000   3.324 0.659 0.018 0.559 0.235 0.559
208.291667 209.291667   34.30 0.559  0.48 0.559 9.999 0.559259 9.99 0.559259 0.027 0.559  0.958 0.559  1.724 0.559   6.747 0.000   3.197 0.559000   3.550 0.659 0.034 0.559 0.170 0.559
211.291667 212.291667   42.32 0.559  0.37 0.559 9.999 0.559259 9.99 0.559259 0.167 0.559  0.607 0.559  1.092 0.559   6.063 0.000   1.918 0.559000   4.145 0.659 0.042 0.559 0.383 0.559
214.291667 215.291667   53.20 0.559  0.34 0.559 0.013 0.559000 0.22 0.559000 0.032 0.559  0.372 0.559  0.670 0.559   7.670 0.000   3.990 0.559000   3.680 0.659 0.029 0.559 0.354 0.559
217.291667 218.291667   33.24 0.559  0.40 0.559 9.999 0.559259 9.99 0.559259 0.012 0.559  0.425 0.559  0.765 0.559   4.033 0.000   1.572 0.559000   2.461 0.659 0.015 0.559 0.160 0.559
220.291667 221.291667   49.64 0.559  0.46 0.559 0.008 0.559000 9.99 0.559259 0.016 0.559  0.398 0.559  0.716 0.559   6.485 0.000   3.573 0.559000   2.912 0.659 0.018 0.559 0.208 0.559
223.291667 224.291667   41.26 0.559  0.60 0.559 9.999 0.559259 9.99 0.559259 0.069 0.559  0.560 0.559  1.008 0.559   4.819 0.000   1.565 0.559000   3.254 0.659 0.020 0.559 0.222 0.559
226.291667 227.291667   24.42 0.559  0.50 0.559 9.999 0.559259 9.99 0.559259 0.009 0.559  0.277 0.559  0.499 0.559   2.976 0.000   1.445 0.559000   1.531 0.659 0.010 0.559 0.090 0.559
229.291667 230.291667   45.36 0.559  0.49 0.559 0.009 0.559000 9.99 0.559259 0.026 0.559  0.371 0.559  0.667 0.559   5.652 0.000   3.192 0.559000   2.460 0.659 0.020 0.559 0.192 0.559
232.291667 233.291667   33.35 0.559  0.32 0.559 9.999 0.559259 9.99 0.559259 0.011 0.559  0.417 0.559  0.750 0.559   4.751 0.000   2.434 0.559000   2.317 0.659 0.013 0.559 0.191 0.559
235.291667 236.291667   42.84 0.559  0.28 0.559 9.999 0.559259 9.99 0.559259 0.011 0.559  0.456 0.559  0.820 0.559  10.167 0.000   7.175 0.559000   2.992 0.659 0.021 0.559 0.259 0.559
238.291667 239.291667   43.08 0.559  0.88 0.559 9.999 0.559259 0.18 0.559000 0.049 0.559  0.890 0.559  1.602 0.559   9.588 0.000   5.316 0.559000   4.271 0.659 0.039 0.559 0.342 0.559
241.291667 242.291667   61.28 0.559  0.55 0.559 9.999 0.559259 0.15 0.559000 0.015 0.559  0.567 0.559  1.020 0.559   8.214 0.000   4.097 0.559000   4.117 0.659 0.030 0.559 0.343 0.559
244.291667 245.291667   48.34 0.559  0.43 0.559 0.012 0.559000 0.13 0.559000 0.012 0.559  0.618 0.559  1.111 0.559   4.602 0.000   1.832 0.559000   2.770 0.659 0.023 0.559 0.180 0.559
247.291667 248.291667   24.49 0.559  0.21 0.559 9.999 0.559259 9.99 0.559259 0.005 0.559  0.433 0.559  0.778 0.559 999.999 0.456 999.999 0.559999   1.681 0.659 0.009 0.559 0.090 0.559
250.291667 251.291667   27.25 0.559  0.08 0.559 9.999 0.559259 9.99 0.559259 0.018 0.559  1.143 0.559  2.058 0.559   6.323 0.000   2.235 0.559000   4.088 0.659 0.055 0.559 0.229 0.559
253.291667 254.291667   34.11 0.559  0.48 0.559 9.999 0.559259 9.99 0.559259 0.015 0.559  0.647 0.559  1.164 0.559   5.026 0.000   2.114 0.559000   2.912 0.659 0.027 0.559 0.220 0.559
256.291667 257.291667   30.25 0.559  0.32 0.559 0.009 0.559000 9.99 0.559259 0.011 0.559  0.469 0.559  0.844 0.559   4.372 0.000   2.113 0.559000   2.259 0.659 0.022 0.559 0.147 0.559
