scripts/IMPROVE-2019_partial/data/US0086R.19990102050000.20191216000000.filterpack...1y.3d.US03L_filterpack_US0086.US03L_IMPROVE_Davis.lev2.nas
51 1001
MISSING INFORMATION
US03L, IMPROVE, , , , , , , 
MISSING INFORMATION
IMPROVE sel_HTAP
1 1
1999 01 01 2019 12 16
0
days from file reference point
4
1 1 1 1
999.999999 999.999 999.999 9.999
end_time of measurement, days from the file reference point
pm10_mass, ug/m3, Matrix=pm10
pm25_mass, ug/m3, Matrix=pm25
numflag, no unit
0
33
Data definition:              EBAS_1.1
Set type code:                TI
Timezone:                     UTC
File name:                    US0086R.19990102050000.20191216000000.filterpack...1y.3d.US03L_filterpack_US0086.US03L_IMPROVE_Davis.lev2.nas
File creation:                20191218120111
Startdate:                    19990102050000
Revision date:                20191216000000
Version:                      2
Version description:          "Data extracted from http://views.cira.colostate.edu/fed/DataWizard 2019-12-16"
Statistics:                   arithmetic mean
Data level:                   2
Period code:                  1y
Resolution code:              3d
Sample duration:              1d
Orig. time res.:              3d
Station code:                 US0086R
Platform code:                US0086S
Station name:                 Dolly Sods Wilderness
Station latitude:             39.1053
Station longitude:            -79.4261
Station altitude:             1182.0 m
Regime:                       IMG
Component:                    
Unit:                         ug/m3
Matrix:                       
Laboratory code:              US03L
Instrument type:              filterpack
Instrument name:              filterpack_US0086
Method ref:                   US03L_IMPROVE_Davis
Blank correction:             Blank corrected
Volume std. temperature:      ambient
Volume std. pressure:         ambient
starttime endtime PM10 PM2.5 flag
  1.208333   2.208333   9.354   6.193 0.000
  5.208333   6.208333   7.176   5.113 0.000
  8.208333   9.208333   9.120   9.248 0.000
 12.208333  13.208333 999.999 999.999 0.999
 15.208333  16.208333   9.259   4.259 0.000
 19.208333  20.208333  10.241   7.159 0.000
 22.208333  23.208333  10.185   6.327 0.000
 26.208333  27.208333  17.688  11.093 0.000
 29.208333  30.208333  16.667   9.777 0.000
 33.208333  34.208333  11.249   5.604 0.000
 36.208333  37.208333   9.379   6.609 0.000
 40.208333  41.208333   5.111 999.999 0.000
 43.208333  44.208333  15.293   7.559 0.000
 47.208333  48.208333  11.674   8.013 0.000
 50.208333  51.208333  19.537  15.499 0.000
 54.208333  55.208333  16.189  15.259 0.000
 57.208333  58.208333  20.790  15.278 0.000
 61.208333  62.208333  14.496  11.124 0.000
 64.208333  65.208333  13.845   9.785 0.000
 68.208333  69.208333 999.999 999.999 0.999
 71.208333  72.208333  10.611   6.128 0.000
 75.208333  76.208333  14.053   5.432 0.000
 78.208333  79.208333   8.878   5.309 0.000
 82.208333  83.208333 999.999  12.788 0.000
 85.208333  86.208333  16.949  10.263 0.000
 89.208333  90.208333  13.368   7.384 0.000
 92.208333  93.208333  17.847  13.271 0.000
 96.208333  97.208333   8.576   6.914 0.000
 99.208333 100.208333  10.844 999.999 0.000
103.208333 104.208333  19.888  13.858 0.000
106.208333 107.208333  11.721   5.525 0.000
110.208333 111.208333  14.112  10.719 0.000
113.208333 114.208333   9.380   7.696 0.000
117.208333 118.208333  10.486   5.395 0.000
120.208333 121.208333  12.153   8.673 0.000
124.208333 125.208333  18.208  15.178 0.000
127.208333 128.208333  11.476   6.617 0.000
131.208333 132.208333  22.757  19.415 0.000
134.208333 135.208333  10.694   4.844 0.000
138.208333 139.208333  12.408   8.370 0.000
141.208333 142.208333  16.744  12.945 0.000
145.208333 146.208333  17.257   8.237 0.000
148.208333 149.208333  21.458  15.061 0.000
152.208333 153.208333  22.757  12.541 0.000
155.208333 156.208333  21.062  15.501 0.000
159.208333 160.208333  21.854  11.713 0.000
162.208333 163.208333  16.818  11.248 0.000
166.208333 167.208333  12.808  12.697 0.000
169.208333 170.208333  10.941   8.643 0.000
173.208333 174.208333   9.816   6.410 0.000
176.208333 177.208333  11.752  10.060 0.000
180.208333 181.208333  19.145  18.966 0.000
183.208333 184.208333  21.757 999.999 0.000
187.208333 188.208333 999.999  21.745 0.000
190.208333 191.208333  15.189  13.625 0.000
194.208333 195.208333  12.449   8.151 0.000
197.208333 198.208333 999.999  52.025 0.000
201.208333 202.208333 999.999  28.533 0.000
204.208333 205.208333  29.842  29.870 0.000
208.208333 209.208333 999.999  18.726 0.000
211.208333 212.208333  29.204  29.864 0.000
215.208333 216.208333  16.975  15.996 0.000
218.208333 219.208333  12.796  10.506 0.000
222.208333 223.208333  22.562  20.892 0.000
225.208333 226.208333  14.675  14.563 0.000
229.208333 230.208333  24.167  24.941 0.000
232.208333 233.208333  12.438  13.189 0.000
236.208333 237.208333   8.010   7.419 0.000
239.208333 240.208333 999.999  28.490 0.000
243.208333 244.208333   7.174   4.462 0.000
246.208333 247.208333  11.105   8.849 0.000
250.208333 251.208333 999.999  25.840 0.000
253.208333 254.208333  12.401   6.614 0.000
257.208333 258.208333  14.580   8.841 0.000
260.208333 261.208333   9.895   7.005 0.000
264.208333 265.208333 999.999 999.999 0.999
267.208333 268.208333 999.999 999.999 0.999
271.208333 272.208333 999.999 999.999 0.999
274.208333 275.208333 999.999 999.999 0.999
278.208333 279.208333  12.109  11.463 0.000
281.208333 282.208333  12.249  10.672 0.000
285.208333 286.208333  12.861  10.908 0.000
288.208333 289.208333   9.078   6.302 0.000
292.208333 293.208333   9.534   9.373 0.000
295.208333 296.208333   8.146   5.668 0.000
299.208333 300.208333  24.978  14.664 0.000
302.208333 303.208333  14.230   9.934 0.000
306.208333 307.208333   4.523   3.198 0.000
309.208333 310.208333  18.305  16.295 0.000
313.208333 314.208333  31.769  27.045 0.000
316.208333 317.208333  26.501  21.821 0.000
320.208333 321.208333  10.532   8.505 0.000
323.208333 324.208333  18.305  16.306 0.000
327.208333 328.208333   8.550   7.072 0.000
330.208333 331.208333   8.871   6.913 0.000
334.208333 335.208333  12.760  11.951 0.000
337.208333 338.208333   7.726   6.718 0.000
341.208333 342.208333   2.008   1.010 0.000
344.208333 345.208333  11.463   6.566 0.000
348.208333 349.208333   8.734   5.015 0.000
351.208333 352.208333  11.418   7.555 0.000
355.208333 356.208333  10.394   7.606 0.000
358.208333 359.208333  10.716   7.796 0.000
362.208333 363.208333   9.565   5.966 0.000
