scripts/IMPROVE-2019_partial/data/US0035R.20040101060000.20191216000000.filterpack...52w.3d.US03L_filterpack_US0035.US03L_IMPROVE_Davis.lev2.nas
52 1001
MISSING INFORMATION
US03L, IMPROVE, , , , , , , 
MISSING INFORMATION
IMPROVE sel_HTAP
1 1
2004 01 01 2019 12 16
3.00
days from file reference point
5
1 1 1 1 1
999.99 999.999 9.999 999.999 9.999
end_time of measurement, days from the file reference point
pm10_mass, ug/m3, Matrix=pm10
numflag pm10_mass, no unit, Matrix=pm10
pm25_mass, ug/m3, Matrix=pm25
numflag pm25_mass, no unit, Matrix=pm25
0
33
Data definition:              EBAS_1.1
Set type code:                TU
Timezone:                     UTC
File name:                    US0035R.20040101060000.20191216000000.filterpack...52w.3d.US03L_filterpack_US0035.US03L_IMPROVE_Davis.lev2.nas
File creation:                20191218115741
Startdate:                    20040101060000
Revision date:                20191216000000
Version:                      2
Version description:          "Data extracted from http://views.cira.colostate.edu/fed/DataWizard 2019-12-16"
Statistics:                   arithmetic mean
Data level:                   2
Period code:                  52w
Resolution code:              3d
Sample duration:              1d
Orig. time res.:              3d
Station code:                 US0035R
Platform code:                US0035S
Station name:                 Bondville
Station latitude:             40.05
Station longitude:            -88.36667
Station altitude:             213.0 m
Regime:                       IMG
Component:                    
Unit:                         ug/m3
Matrix:                       
Laboratory code:              US03L
Instrument type:              filterpack
Instrument name:              filterpack_US0035
Method ref:                   US03L_IMPROVE_Davis
Blank correction:             Blank corrected
Volume std. temperature:      ambient
Volume std. pressure:         ambient
starttime endtime PM10 flag_PM10 PM2.5 flag_PM2.5
  0.25   1.25  10.919 0.000   8.435 0.000
  3.25   4.25   4.518 0.000   4.058 0.000
  6.25   7.25   8.785 0.000   5.024 0.000
  9.25  10.25  10.396 0.000   7.772 0.000
 12.25  13.25  12.018 0.000   9.753 0.000
 15.25  16.25  15.771 0.000  11.415 0.000
 18.25  19.25   5.564 0.000   4.699 0.000
 21.25  22.25  11.995 0.000   3.755 0.000
 24.25  25.25  14.575 0.000   5.712 0.000
 27.25  28.25  14.651 0.000   9.776 0.000
 30.25  31.25  16.133 0.000  11.654 0.000
 33.25  34.25  19.191 0.000  16.882 0.000
 36.25  37.25  15.228 0.000  14.518 0.000
 39.25  40.25  11.044 0.000   9.608 0.000
 42.25  43.25  19.150 0.000  15.195 0.000
 45.25  46.25   5.433 0.000   3.989 0.000
 48.25  49.25  39.324 0.000  29.179 0.000
 51.25  52.25  10.729 0.000  10.060 0.000
 54.25  55.25  23.435 0.000  21.715 0.000
 57.25  58.25  20.750 0.000  15.928 0.000
 60.25  61.25   7.360 0.000   5.042 0.000
 63.25  64.25  12.641 0.000  11.564 0.000
 66.25  67.25   6.076 0.000   4.106 0.000
 69.25  70.25  12.932 0.000   9.895 0.000
 72.25  73.25  13.806 0.000   8.256 0.000
 75.25  76.25  16.288 0.000  14.585 0.000
 78.25  79.25  12.153 0.000   9.199 0.000
 81.25  82.25   9.466 0.000   6.763 0.000
 84.25  85.25  20.585 0.000  14.306 0.000
 87.25  88.25  13.517 0.000   8.538 0.000
 90.25  91.25  10.105 0.000   8.082 0.000
 93.25  94.25  11.095 0.000   4.780 0.000
 96.25  97.25  27.057 0.000  16.101 0.000
 99.25 100.25  21.619 0.000  12.786 0.000
102.25 103.25  17.692 0.000   8.424 0.000
105.25 106.25  37.905 0.000  11.003 0.000
108.25 109.25  41.420 0.000   9.545 0.000
111.25 112.25  11.793 0.000   5.772 0.000
114.25 115.25  18.779 0.000  13.043 0.000
117.25 118.25  10.718 0.000   4.226 0.000
120.25 121.25  22.189 0.000  13.017 0.000
123.25 124.25   6.944 0.000   4.918 0.000
126.25 127.25  23.938 0.000  10.809 0.000
129.25 130.25  24.367 0.000  14.644 0.000
132.25 133.25  22.957 0.000  11.534 0.000
135.25 136.25   8.538 0.000   5.490 0.000
138.25 139.25  15.995 0.000  10.003 0.000
141.25 142.25  23.189 0.000  13.919 0.000
144.25 145.25   7.761 0.000   5.731 0.000
147.25 148.25  20.957 0.000  12.114 0.000
150.25 151.25  24.388 0.000  14.537 0.000
153.25 154.25   8.497 0.000   3.396 0.000
156.25 157.25  21.532 0.000  14.440 0.000
159.25 160.25  21.925 0.000  13.571 0.000
162.25 163.25 999.999 0.999  12.543 0.000
165.25 166.25  12.418 0.000   9.249 0.000
168.25 169.25  13.235 0.000   9.575 0.000
171.25 172.25   6.413 0.000   4.619 0.000
174.25 175.25  13.276 0.000   8.075 0.000
177.25 178.25   9.069 0.000   5.006 0.000
180.25 181.25  10.939 0.000  10.330 0.000
183.25 184.25  28.887 0.000  28.671 0.559
186.25 187.25   9.314 0.000   8.399 0.559
189.25 190.25   9.069 0.000   7.705 0.559
192.25 193.25  13.521 0.000  11.928 0.559
195.25 196.25  11.724 0.000   5.864 0.559
198.25 199.25  19.322 0.000  16.435 0.559
201.25 202.25  26.571 0.000 999.999 0.456
204.25 205.25  15.278 0.000   7.338 0.559
207.25 208.25  13.154 0.000  10.056 0.559
210.25 211.25 999.999 0.999  24.600 0.559
213.25 214.25  15.615 0.000  16.429 0.000
216.25 217.25  14.134 0.000  10.031 0.000
219.25 220.25  10.621 0.000  10.835 0.000
222.25 223.25 999.999 0.999   5.692 0.000
225.25 226.25 999.999 0.999   4.555 0.000
228.25 229.25  12.102 0.000  11.341 0.000
231.25 232.25  17.603 0.000   9.819 0.000
234.25 235.25  14.535 0.000  11.845 0.000
237.25 238.25   8.035 0.000   5.184 0.000
240.25 241.25  10.820 0.000   6.400 0.000
243.25 244.25  12.214 0.000 999.999 0.456
246.25 247.25  36.103 0.000  33.559 0.000
249.25 250.25  30.160 0.000  21.544 0.000
252.25 253.25  11.547 0.000   5.925 0.000
255.25 256.25  26.082 0.000  23.681 0.000
258.25 259.25  28.631 0.000  15.673 0.000
261.25 262.25  11.818 0.000   4.766 0.000
264.25 265.25  20.663 0.000  13.223 0.000
267.25 268.25  28.840 0.000  15.928 0.000
270.25 271.25  26.185 0.000  10.512 0.000
273.25 274.25  20.381 0.000   7.229 0.000
276.25 277.25  10.889 0.000   4.104 0.000
279.25 280.25  38.913 0.000   8.657 0.000
282.25 283.25  16.971 0.000   8.665 0.000
285.25 286.25  24.749 0.000  16.382 0.000
288.25 289.25  32.394 0.000   5.650 0.000
291.25 292.25  11.435 0.000   7.229 0.000
294.25 295.25  20.420 0.000  14.815 0.000
297.25 298.25   7.399 0.000   3.363 0.000
300.25 301.25  19.015 0.000  16.673 0.000
303.25 304.25  12.855 0.000   4.298 0.000
306.25 307.25   4.852 0.000   3.575 0.000
309.25 310.25   8.994 0.000   3.977 0.000
312.25 313.25  10.040 0.000   3.335 0.000
315.25 316.25  12.070 0.000   6.451 0.000
318.25 319.25  12.814 0.000   9.790 0.000
321.25 322.25  23.190 0.000  13.982 0.000
324.25 325.25  11.463 0.000   9.105 0.000
327.25 328.25  15.473 0.000  13.505 0.000
330.25 331.25   6.608 0.000   4.259 0.000
333.25 334.25  11.729 0.000  10.665 0.000
336.25 337.25  14.224 0.000  11.707 0.000
339.25 340.25  10.937 0.000   7.713 0.000
342.25 343.25  15.210 0.000  12.629 0.000
345.25 346.25   6.135 0.000   5.323 0.000
348.25 349.25  10.160 0.000   6.158 0.000
351.25 352.25  19.351 0.000  12.482 0.000
354.25 355.25  10.036 0.000   4.056 0.000
357.25 358.25  10.859 0.000   4.295 0.000
360.25 361.25  16.961 0.000  13.643 0.000
363.25 364.25  20.370 0.000  15.794 0.000
