scripts/IMPROVE-2019_partial/data/US0025R.20010101080000.20191216000000.filterpack..pm25.52w.1w.US03L_filterpack_US0025.US03L_IMPROVE_Davis.lev2.nas
62 1001
MISSING INFORMATION
US03L, IMPROVE, , , , , , , 
MISSING INFORMATION
IMPROVE sel_HTAP
1 1
2001 01 01 2019 12 16
3.000000
days from file reference point
23
1 1 1 1 1 1 1 1 1 1 1 1 1 1 1 1 1 1 1 1 1 1 1
999.999999 9999.99 9.999 99.99 9.999 99.99 9.999999 99.999 9.999 99.999 9.999 99.999 9.999 999.999 9.999 999.999 9.999 999.999 9.999 9.999 9.999 99.999 9.999
end_time of measurement, days from the file reference point
iron, ng/m3, Revision date=20181210133000
numflag iron, no unit, Revision date=20181210133000
lead, ng/m3, Revision date=20181210133000
numflag lead, no unit, Revision date=20181210133000
nickel, ng/m3, Revision date=20181210133000
numflag nickel, no unit, Revision date=20181210133000
nitrate, ug N/m3, Revision date=20181210133000
numflag nitrate, no unit, Revision date=20181210133000
organic_carbon, ug C/m3, Revision date=20181210133000
numflag organic_carbon, no unit, Revision date=20181210133000
organic_mass, ug/m3, Revision date=20181210133000
numflag organic_mass, no unit, Revision date=20181210133000
pm10_mass, ug/m3, Version=2, Version description=Data extracted from http://views.cira.colostate.edu/fed/DataWizard 2019-12-16, Sample duration=1d, Orig. time res.=3d, Matrix=pm10, Blank correction=Blank corrected, Volume std. temperature=ambient, Volume std. pressure=ambient
numflag pm10_mass, no unit, Version=2, Version description=Data extracted from http://views.cira.colostate.edu/fed/DataWizard 2019-12-16, Sample duration=1d, Orig. time res.=3d, Matrix=pm10, Blank correction=Blank corrected, Volume std. temperature=ambient, Volume std. pressure=ambient
pm10_pm25_mass, ug/m3, Revision date=20181210133000, Matrix=pm10_pm25
numflag pm10_pm25_mass, no unit, Revision date=20181210133000, Matrix=pm10_pm25
pm25_mass, ug/m3, Version=2, Version description=Data extracted from http://views.cira.colostate.edu/fed/DataWizard 2019-12-16, Sample duration=1d, Orig. time res.=3d, Blank correction=Blank corrected, Volume std. temperature=ambient, Volume std. pressure=ambient
numflag pm25_mass, no unit, Version=2, Version description=Data extracted from http://views.cira.colostate.edu/fed/DataWizard 2019-12-16, Sample duration=1d, Orig. time res.=3d, Blank correction=Blank corrected, Volume std. temperature=ambient, Volume std. pressure=ambient
potassium, ug/m3, Revision date=20181210133000
numflag potassium, no unit, Revision date=20181210133000
sulphate_total, ug S/m3, Revision date=20181210133000
numflag sulphate_total, no unit, Revision date=20181210133000
0
25
Data definition:              EBAS_1.1
Set type code:                TU
Timezone:                     UTC
File name:                    US0025R.20010101080000.20191216000000.filterpack..pm25.52w.1w.US03L_filterpack_US0025.US03L_IMPROVE_Davis.lev2.nas
File creation:                20191218115705
Startdate:                    20010101080000
Revision date:                20191216000000
Statistics:                   arithmetic mean
Data level:                   2
Period code:                  52w
Resolution code:              1w
Station code:                 US0025R
Platform code:                US0025S
Station name:                 Agua Tibia
Station latitude:             33.4636
Station longitude:            -116.9706
Station altitude:             507.0 m
Regime:                       IMG
Component:                    
Matrix:                       pm25
Laboratory code:              US03L
Instrument type:              filterpack
Instrument name:              filterpack_US0025
Method ref:                   US03L_IMPROVE_Davis
starttime endtime Fe flag_Fe Pb flag_Pb Ni flag_Ni NO3- flag_NO3- OC flag_OC OM flag_OM PM10 flag_PM10 PM10-PM2.5 flag_PM10-PM2.5 PM2.5 flag_PM2.5 K+ flag_K+ SO4-- flag_SO4--
[from data line 95]
285.333333 286.333333  157.72 0.000  1.56 0.000  0.75 0.000000  0.054 0.000  1.190 0.000  1.665 0.000  17.300 0.000  11.050 0.000   6.250 0.000 0.114 0.000  0.218 0.000
288.333333 289.333333  132.15 0.000  1.54 0.000  0.70 0.000000  0.059 0.000  1.005 0.000  1.407 0.000  12.397 0.000   6.741 0.000   5.657 0.000 0.092 0.000  0.306 0.000
291.333333 292.333333  203.55 0.000  2.51 0.000  1.18 0.000000  0.487 0.559  2.198 0.000  3.077 0.000  27.820 0.000  16.593 0.000  11.227 0.000 0.108 0.000  0.686 0.559
294.333333 295.333333   58.18 0.000  2.20 0.000  0.94 0.000000  0.524 0.559  2.011 0.000  2.815 0.000  23.229 0.000  11.451 0.000  11.778 0.000 0.090 0.000  1.272 0.559
297.333333 298.333333   88.67 0.000  2.29 0.000  1.00 0.000000  0.148 0.000  1.570 0.000  2.198 0.000  20.425 0.000  11.804 0.000   8.621 0.000 0.062 0.000  0.959 0.000
300.333333 301.333333   40.63 0.000  2.54 0.000  1.03 0.000000  1.061 0.559  2.444 0.000  3.422 0.000  22.271 0.000   8.082 0.000  14.190 0.000 0.053 0.000  1.404 0.559
303.333333 304.333333   35.78 0.000  1.35 0.000  0.26 0.000000  0.104 0.000  0.793 0.000  1.110 0.000   7.230 0.000   4.664 0.000   2.566 0.000 0.019 0.000  0.202 0.000
306.333333 307.333333   66.95 0.000  3.06 0.000  0.82 0.000000  0.938 0.559  2.810 0.000  3.934 0.000  23.833 0.000  11.193 0.000  12.640 0.000 0.042 0.000  0.935 0.559
309.333333 310.333333   68.86 0.559  1.70 0.559  0.55 0.559000  0.890 0.559  0.962 0.000  1.346 0.000  21.318 0.000   8.379 0.000  12.940 0.559 0.046 0.559  0.964 0.559
312.333333 313.333333  206.21 0.000  2.16 0.000  3.17 0.000000  0.659 0.000  1.381 0.000  1.933 0.000  20.384 0.000   6.008 0.000  14.376 0.000 0.112 0.000  1.057 0.000
315.333333 316.333333   20.87 0.000  1.51 0.000  0.28 0.000000  0.604 0.000  0.764 0.000  1.069 0.000   8.794 0.000   4.275 0.000   4.518 0.000 0.019 0.000  0.401 0.000
318.333333 319.333333   22.96 0.000  0.87 0.000  0.10 0.000000  0.044 0.000  0.702 0.000  0.983 0.000   5.556 0.000   3.110 0.000   2.446 0.000 0.016 0.000  0.124 0.000
321.333333 322.333333   43.39 0.000  1.98 0.000 99.99 0.259000  0.306 0.000  1.479 0.000  2.071 0.000   8.497 0.000   4.149 0.000   4.348 0.000 0.031 0.000  0.268 0.000
324.333333 325.333333  113.42 0.000  4.32 0.000  0.71 0.000000  0.855 0.000  2.354 0.000  3.295 0.000  22.032 0.000  11.827 0.000  10.205 0.000 0.060 0.000  0.380 0.000
327.333333 328.333333   17.26 0.000  1.31 0.000  0.44 0.000000  0.345 0.000  0.814 0.000  1.140 0.000  13.519 0.000   8.273 0.000   5.246 0.000 0.032 0.000  0.297 0.000
330.333333 331.333333   27.49 0.000  0.57 0.000 99.99 0.259000  0.097 0.000  0.274 0.000  0.384 0.000   6.727 0.000   5.049 0.000   1.678 0.000 0.024 0.000  0.077 0.000
333.333333 334.333333   13.27 0.000  1.26 0.000  0.28 0.000000  0.197 0.559  0.764 0.000  1.070 0.000   7.152 0.000   3.254 0.000   3.899 0.000 0.029 0.000  0.222 0.559
336.333333 337.333333   13.05 0.000  3.17 0.000  0.61 0.000000  0.615 0.000  0.940 0.000  1.316 0.000  11.421 0.000   4.507 0.000   6.914 0.000 0.029 0.000  0.307 0.000
339.333333 340.333333   48.63 0.000  1.46 0.000 99.99 0.259000  0.321 0.000  0.781 0.000  1.094 0.000   8.876 0.000   5.947 0.000   2.929 0.000 0.031 0.000  0.109 0.000
342.333333 343.333333   20.22 0.000  1.71 0.000  0.42 0.000000  0.111 0.559  0.445 0.000  0.623 0.000   9.410 0.000   6.394 0.000   3.015 0.000 0.028 0.000  0.119 0.559
345.333333 346.333333   26.35 0.000  1.59 0.000  0.25 0.000000  0.195 0.559  0.873 0.000  1.222 0.000   8.970 0.000   5.268 0.000   3.702 0.000 0.032 0.000  0.117 0.559
348.333333 349.333333   19.54 0.000  0.77 0.000 99.99 0.259000  0.339 0.559  0.678 0.000  0.949 0.000   6.076 0.000   3.311 0.000   2.765 0.000 0.027 0.000  0.083 0.559
351.333333 352.333333   69.59 0.559  2.02 0.559  0.22 0.559000  0.411 0.000  0.817 0.000  1.144 0.000   6.862 0.000   2.953 0.000   3.908 0.559 0.052 0.559  0.051 0.000
354.333333 355.333333    5.19 0.000 99.99 0.259 99.99 0.259000  0.110 0.559  0.303 0.000  0.424 0.000   3.762 0.000   2.171 0.000   1.591 0.000 0.015 0.000  0.069 0.559
357.333333 358.333333    7.95 0.000  0.55 0.000 99.99 0.259000  0.129 0.559  0.379 0.000  0.530 0.000   3.142 0.000   1.716 0.000   1.425 0.000 0.011 0.000  0.067 0.559
360.333333 361.333333 9999.99 0.999 99.99 0.999 99.99 0.999000 99.999 0.999 99.999 0.999 99.999 0.999 999.999 0.999 999.999 0.999 999.999 0.999 9.999 0.999 99.999 0.999
363.333333 364.333333   15.68 0.000  2.75 0.000  0.38 0.000000  0.433 0.559  1.261 0.000  1.766 0.000   3.369 0.000   0.731 0.000   2.638 0.000 0.023 0.000  0.106 0.559
