scripts/IMPROVE-2019_partial/data/US0097R.20010101080000.20191216000000.filterpack..pm25.52w.1w.US03L_filterpack_US0097.US03L_IMPROVE_Davis.lev2.nas
64 1001
MISSING INFORMATION
US03L, IMPROVE, , , , , , , 
MISSING INFORMATION
IMPROVE sel_HTAP
1 1
2001 01 01 2019 12 16
3.000000
days from file reference point
25
1 1 1 1 1 1 1 1 1 1 1 1 1 1 1 1 1 1 1 1 1 1 1 1 1
999.999999 9999.99 9.999 99.99 9.999999 9.999 9.999999 99.99 9.999999 9.999 9.999999 99.999 9.999 99.999 9.999 999.999 9.999 999.999 9.999 999.999 9.999 9.999 9.999 9.999 9.999
end_time of measurement, days from the file reference point
iron, ng/m3, Revision date=20181210133000
numflag iron, no unit, Revision date=20181210133000
lead, ng/m3, Revision date=20181210133000
numflag lead, no unit, Revision date=20181210133000
magnesium, ug/m3, Revision date=20181210133000
numflag magnesium, no unit, Revision date=20181210133000
nickel, ng/m3, Revision date=20181210133000
numflag nickel, no unit, Revision date=20181210133000
nitrate, ug N/m3, Revision date=20181210133000
numflag nitrate, no unit, Revision date=20181210133000
organic_carbon, ug C/m3, Revision date=20181210133000
numflag organic_carbon, no unit, Revision date=20181210133000
organic_mass, ug/m3, Revision date=20181210133000
numflag organic_mass, no unit, Revision date=20181210133000
pm10_mass, ug/m3, Version=2, Version description=Data extracted from http://views.cira.colostate.edu/fed/DataWizard 2019-12-16, Sample duration=1d, Orig. time res.=3d, Matrix=pm10, Blank correction=Blank corrected, Volume std. temperature=ambient, Volume std. pressure=ambient
numflag pm10_mass, no unit, Version=2, Version description=Data extracted from http://views.cira.colostate.edu/fed/DataWizard 2019-12-16, Sample duration=1d, Orig. time res.=3d, Matrix=pm10, Blank correction=Blank corrected, Volume std. temperature=ambient, Volume std. pressure=ambient
pm10_pm25_mass, ug/m3, Revision date=20181210133000, Matrix=pm10_pm25
numflag pm10_pm25_mass, no unit, Revision date=20181210133000, Matrix=pm10_pm25
pm25_mass, ug/m3, Version=2, Version description=Data extracted from http://views.cira.colostate.edu/fed/DataWizard 2019-12-16, Sample duration=1d, Orig. time res.=3d, Blank correction=Blank corrected, Volume std. temperature=ambient, Volume std. pressure=ambient
numflag pm25_mass, no unit, Version=2, Version description=Data extracted from http://views.cira.colostate.edu/fed/DataWizard 2019-12-16, Sample duration=1d, Orig. time res.=3d, Blank correction=Blank corrected, Volume std. temperature=ambient, Volume std. pressure=ambient
potassium, ug/m3, Revision date=20181210133000
numflag potassium, no unit, Revision date=20181210133000
sulphate_total, ug S/m3, Revision date=20181210133000
numflag sulphate_total, no unit, Revision date=20181210133000
0
25
Data definition:              EBAS_1.1
Set type code:                TU
Timezone:                     UTC
File name:                    US0097R.20010101080000.20191216000000.filterpack..pm25.52w.1w.US03L_filterpack_US0097.US03L_IMPROVE_Davis.lev2.nas
File creation:                20191218120200
Startdate:                    20010101080000
Revision date:                20191216000000
Statistics:                   arithmetic mean
Data level:                   2
Period code:                  52w
Resolution code:              1w
Station code:                 US0097R
Platform code:                US0097S
Station name:                 Redwood NP
Station latitude:             41.5608
Station longitude:            -124.0839
Station altitude:             243.0 m
Regime:                       IMG
Component:                    
Matrix:                       pm25
Laboratory code:              US03L
Instrument type:              filterpack
Instrument name:              filterpack_US0097
Method ref:                   US03L_IMPROVE_Davis
starttime endtime Fe flag_Fe Pb flag_Pb Mg++ flag_Mg++ Ni flag_Ni NO3- flag_NO3- OC flag_OC OM flag_OM PM10 flag_PM10 PM10-PM2.5 flag_PM10-PM2.5 PM2.5 flag_PM2.5 K+ flag_K+ SO4-- flag_SO4--
  0.333333   1.333333    3.36 0.559  1.54 0.559000 9.999 0.559259  0.06 0.559000 0.038 0.000000  0.939 0.000  1.315 0.000   5.642 0.000   2.486 0.000   3.157 0.559 0.028 0.559 0.164 0.000
  3.333333   4.333333   11.38 0.000  1.11 0.000000 9.999 0.259000  0.33 0.000000 0.168 0.000000  0.972 0.000  1.361 0.000   9.953 0.000   5.374 0.000   4.578 0.000 0.032 0.000 0.240 0.000
  6.333333   7.333333   12.63 0.000  1.16 0.000000 9.999 0.259000  0.24 0.000000 0.214 0.000000  2.185 0.000  3.058 0.000   9.061 0.000   3.417 0.000   5.644 0.000 0.048 0.000 0.237 0.000
  9.333333  10.333333    0.59 0.559  0.11 0.559000 0.023 0.559000  0.08 0.559000 0.014 0.000000  0.136 0.000  0.190 0.000   1.157 0.000   0.732 0.000   0.426 0.559 0.007 0.559 0.056 0.000
 12.333333  13.333333    0.61 0.000 99.99 0.259000 9.999 0.259000  0.08 0.000000 0.020 0.000000  0.239 0.000  0.335 0.000   3.547 0.000   2.145 0.000   1.402 0.000 0.011 0.000 0.088 0.000
 15.333333  16.333333    2.40 0.000  0.23 0.000000 9.999 0.259000 99.99 0.259000 0.043 0.000000  0.658 0.000  0.921 0.000   6.584 0.000   3.775 0.000   2.809 0.000 0.020 0.000 0.221 0.000
 18.333333  19.333333    4.01 0.559  0.15 0.559000 9.999 0.559259 99.99 0.559259 0.036 0.000000  0.774 0.000  1.083 0.000   7.316 0.000   3.143 0.000   4.173 0.559 0.029 0.559 0.264 0.000
 21.333333  22.333333   12.65 0.559  0.89 0.559000 9.999 0.559259  0.28 0.559000 0.358 0.000000  1.428 0.000  1.999 0.000  10.881 0.000   4.719 0.000   6.162 0.559 0.047 0.559 0.346 0.000
 24.333333  25.333333    0.97 0.000 99.99 0.259000 9.999 0.259000 99.99 0.259000 0.015 0.000000  0.146 0.000  0.204 0.000   0.896 0.000   0.418 0.000   0.478 0.000 0.005 0.000 0.055 0.000
 27.333333  28.333333    4.33 0.559  0.43 0.559000 9.999 0.559259 99.99 0.559259 0.047 0.000000  0.452 0.000  0.633 0.000   5.756 0.000   2.939 0.000   2.817 0.559 0.024 0.559 0.181 0.000
 30.333333  31.333333    5.97 0.000  0.64 0.000000 9.999 0.259000 99.99 0.259000 0.033 0.000000  0.505 0.000  0.707 0.000   5.873 0.000   3.590 0.000   2.284 0.000 0.019 0.000 0.253 0.000
 33.333333  34.333333    2.83 0.000 99.99 0.259000 9.999 0.259000 99.99 0.259000 0.010 0.000000  0.449 0.000  0.629 0.000   2.535 0.000   1.643 0.000   0.892 0.000 0.014 0.000 0.081 0.000
 36.333333  37.333333 9999.99 0.456 99.99 0.456000 9.999 0.456000 99.99 0.456000 0.045 0.000000  0.291 0.000  0.407 0.000   4.890 0.000 999.999 0.999 999.999 0.456 9.999 0.456 0.151 0.000
 39.333333  40.333333    1.40 0.559 99.99 0.559259 9.999 0.559259 99.99 0.559259 0.016 0.000000  0.247 0.000  0.346 0.000   0.997 0.000   0.402 0.000   0.595 0.559 0.006 0.559 0.061 0.000
 42.333333  43.333333    1.48 0.559 99.99 0.559259 9.999 0.559259 99.99 0.559259 0.034 0.000000  0.416 0.000  0.582 0.000   5.799 0.000   4.138 0.000   1.661 0.559 0.012 0.559 0.073 0.000
 45.333333  46.333333    6.32 0.000  0.47 0.000000 9.999 0.259000  0.66 0.000000 0.114 0.000000  0.702 0.000  0.983 0.000   8.127 0.000   4.478 0.000   3.648 0.000 0.028 0.000 0.253 0.000
 48.333333  49.333333    3.44 0.000  2.36 0.000000 9.999 0.259000  0.22 0.000000 0.029 0.000000  0.382 0.000  0.534 0.000   4.409 0.000   2.203 0.000   2.207 0.000 0.017 0.000 0.116 0.000
 51.333333  52.333333 9999.99 0.999 99.99 0.999000 9.999 0.999000 99.99 0.999000 9.999 0.999000 99.999 0.999 99.999 0.999 999.999 0.999 999.999 0.999 999.999 0.999 9.999 0.999 9.999 0.999
 54.333333  55.333333    1.27 0.000 99.99 0.259000 9.999 0.259000 99.99 0.259000 0.011 0.000000  0.320 0.000  0.449 0.000   1.736 0.000   0.864 0.000   0.872 0.000 0.009 0.000 0.035 0.000
 57.333333  58.333333   22.45 0.000  1.49 0.000000 9.999 0.259000 99.99 0.259000 0.035 0.000000  0.656 0.000  0.919 0.000   7.129 0.000   4.178 0.000   2.951 0.000 0.033 0.000 0.173 0.000
 60.333333  61.333333    4.30 0.559  0.40 0.559000 9.999 0.559259  0.53 0.559000 0.023 0.559000  0.268 0.000  0.375 0.000   8.828 0.000   4.199 0.000   4.630 0.559 0.035 0.559 0.144 0.559
 63.333333  64.333333    3.95 0.000  0.43 0.000000 9.999 0.259000 99.99 0.259000 0.032 0.000000  0.525 0.000  0.735 0.000   5.622 0.000   3.480 0.000   2.142 0.000 0.023 0.000 0.051 0.000
 66.333333  67.333333   10.04 0.559  0.60 0.559000 9.999 0.559259 99.99 0.559259 0.047 0.000000  0.353 0.000  0.495 0.000   9.456 0.000   4.370 0.000   5.086 0.559 0.041 0.559 0.247 0.000
 69.333333  70.333333   25.14 0.559  1.27 0.559000 9.999 0.559259 99.99 0.559259 0.057 0.000000  0.780 0.000  1.092 0.000   9.957 0.000   4.122 0.000   5.836 0.559 0.053 0.559 0.445 0.000
 72.333333  73.333333   21.71 0.000  0.69 0.000000 9.999 0.259000  0.21 0.000000 0.066 0.000000  0.289 0.000  0.404 0.000  12.456 0.000   6.165 0.000   6.290 0.000 0.060 0.000 0.308 0.000
 75.333333  76.333333    6.00 0.000  0.46 0.000000 9.999 0.259000  0.60 0.000000 0.027 0.559000  0.780 0.000  1.092 0.000   3.140 0.000   1.092 0.000   2.048 0.000 0.015 0.000 0.104 0.559
 78.333333  79.333333   12.94 0.000  0.90 0.000000 0.147 0.000000 99.99 0.259000 0.106 0.000000  0.545 0.000  0.763 0.000  14.344 0.000   6.008 0.000   8.336 0.000 0.077 0.000 0.257 0.000
 81.333333  82.333333    5.73 0.559  0.71 0.559000 9.999 0.559259  0.67 0.559000 0.048 0.000000  0.263 0.000  0.368 0.000   2.512 0.000   0.618 0.000   1.894 0.559 0.014 0.559 0.274 0.000
 84.333333  85.333333   12.51 0.559  0.83 0.559000 9.999 0.559259  0.29 0.559000 0.067 0.000000  0.255 0.000  0.356 0.000   9.847 0.000   4.655 0.000   5.192 0.559 0.049 0.559 0.307 0.000
 87.333333  88.333333 9999.99 0.999 99.99 0.999000 9.999 0.999000 99.99 0.999000 9.999 0.999000 99.999 0.999 99.999 0.999 999.999 0.999 999.999 0.999 999.999 0.999 9.999 0.999 9.999 0.999
 90.333333  91.333333   21.12 0.000  1.11 0.000000 9.999 0.259000  0.29 0.000000 0.024 0.000000  0.126 0.000  0.177 0.000   4.359 0.000   2.192 0.000   2.166 0.000 0.026 0.000 0.142 0.000
 93.333333  94.333333   20.93 0.559  0.96 0.559000 9.999 0.559259  0.31 0.559000 0.062 0.000000  0.482 0.000  0.675 0.000   7.535 0.000   3.775 0.000   3.760 0.559 0.036 0.559 0.200 0.000
 96.333333  97.333333    4.69 0.559  0.41 0.559000 9.999 0.559259  0.48 0.559000 0.014 0.000000  0.179 0.000  0.251 0.000   3.768 0.000   2.195 0.000   1.572 0.559 0.017 0.559 0.079 0.000
 99.333333 100.333333    7.30 0.000  0.84 0.000000 9.999 0.259000  0.45 0.000000 0.036 0.000000  0.425 0.000  0.595 0.000   5.537 0.000   1.437 0.000   4.100 0.000 0.017 0.000 0.206 0.000
102.333333 103.333333 9999.99 0.999 99.99 0.999000 9.999 0.999000 99.99 0.999000 0.048 0.000000  0.296 0.000  0.415 0.000   8.939 0.000 999.999 0.999 999.999 0.999 9.999 0.999 0.229 0.000
105.333333 106.333333  211.09 0.559  1.04 0.559000 9.999 0.559259  0.14 0.559000 0.053 0.559000  0.546 0.000  0.765 0.000  16.093 0.000   9.640 0.000   6.453 0.559 0.117 0.559 0.242 0.559
108.333333 109.333333  122.52 0.559  0.72 0.559000 9.999 0.559259 99.99 0.559259 0.046 0.000000  0.329 0.000  0.460 0.000   7.863 0.000   4.407 0.000   3.456 0.559 0.075 0.559 0.120 0.000
111.333333 112.333333  240.08 0.000  1.25 0.000000 9.999 0.259000 99.99 0.259000 0.088 0.000000  0.333 0.000  0.467 0.000  17.526 0.000  10.290 0.000   7.237 0.000 0.135 0.000 0.321 0.000
114.333333 115.333333    4.86 0.000  0.44 0.000000 9.999 0.259000  0.62 0.000000 0.012 0.000000  0.276 0.000  0.387 0.000   1.653 0.000   0.770 0.000   0.884 0.000 0.009 0.000 0.046 0.000
117.333333 118.333333   11.48 0.000  0.69 0.000000 9.999 0.259000  0.45 0.000000 0.023 0.000000  0.416 0.000  0.583 0.000   6.577 0.000   3.851 0.000   2.726 0.000 0.023 0.000 0.154 0.000
120.333333 121.333333 9999.99 0.456 99.99 0.456000 9.999 0.456000 99.99 0.456000 0.034 0.000000  0.328 0.000  0.459 0.000  13.887 0.000 999.999 0.999 999.999 0.456 9.999 0.456 0.327 0.000
123.333333 124.333333   57.18 0.559  1.29 0.559000 9.999 0.559259  0.72 0.559000 0.160 0.000000  1.338 0.000  1.874 0.000  12.199 0.000   4.715 0.000   7.484 0.559 0.075 0.559 0.401 0.000
126.333333 127.333333   76.88 0.559  1.86 0.559000 9.999 0.559259  0.40 0.559000 0.180 0.000000  1.146 0.000  1.604 0.000  14.403 0.000   5.939 0.000   8.465 0.559 0.091 0.559 0.406 0.000
129.333333 130.333333   62.08 0.559  1.03 0.559000 9.999 0.559259 99.99 0.559259 0.162 0.559000  0.890 0.000  1.245 0.000  21.384 0.000   9.800 0.000  11.585 0.559 0.093 0.559 0.507 0.559
132.333333 133.333333   54.41 0.559  1.18 0.559000 9.999 0.559259  0.50 0.559000 0.073 0.000000  0.551 0.000  0.772 0.000   7.459 0.000   2.764 0.000   4.695 0.559 0.049 0.559 0.485 0.000
135.333333 136.333333   29.94 0.559  0.82 0.559000 9.999 0.559259  0.50 0.559000 0.054 0.000000  0.541 0.000  0.757 0.000   7.385 0.000   3.306 0.000   4.079 0.559 0.052 0.559 0.305 0.000
138.333333 139.333333   49.02 0.559  2.12 0.559000 9.999 0.559259 99.99 0.559259 0.124 0.000000  1.540 0.000  2.155 0.000  18.078 0.000   7.611 0.000  10.467 0.559 0.100 0.559 0.464 0.000
141.333333 142.333333   26.59 0.559  1.06 0.559000 9.999 0.559259  1.93 0.559000 0.316 0.000000  0.951 0.000  1.331 0.000  18.024 0.000   5.974 0.000  12.050 0.559 0.089 0.559 0.581 0.000
144.333333 145.333333    5.80 0.559  0.42 0.559000 9.999 0.559259  0.66 0.559000 0.026 0.000000  0.432 0.000  0.604 0.000   2.388 0.000   0.686 0.000   1.702 0.559 0.017 0.559 0.163 0.000
147.333333 148.333333   15.12 0.559  0.74 0.559000 9.999 0.559259 99.99 0.559259 0.042 0.559000  0.364 0.000  0.510 0.000   4.960 0.000   1.965 0.000   2.995 0.559 0.027 0.559 0.336 0.559
150.333333 151.333333 9999.99 0.999 99.99 0.999000 9.999 0.999000 99.99 0.999000 9.999 0.999000 99.999 0.999 99.999 0.999 999.999 0.999 999.999 0.999 999.999 0.999 9.999 0.999 9.999 0.999
153.333333 154.333333   10.36 0.000  0.41 0.000000 9.999 0.259000 99.99 0.259000 0.025 0.000000  0.240 0.000  0.336 0.000   7.349 0.000   3.702 0.000   3.647 0.000 0.023 0.000 0.296 0.000
156.333333 157.333333    5.90 0.000  0.35 0.000000 9.999 0.259000  0.22 0.000000 0.036 0.000000  0.300 0.000  0.420 0.000   5.181 0.000   2.577 0.000   2.604 0.000 0.020 0.000 0.188 0.000
159.333333 160.333333    3.21 0.559  0.27 0.559000 9.999 0.559259  0.13 0.559000 0.030 0.000000  0.155 0.000  0.218 0.000   5.154 0.000   2.828 0.000   2.326 0.559 0.023 0.559 0.101 0.000
162.333333 163.333333    2.56 0.000  0.09 0.000000 9.999 0.259000 99.99 0.259000 0.031 0.000000  0.259 0.000  0.362 0.000   6.907 0.000   3.463 0.000   3.443 0.000 0.021 0.000 0.092 0.000
165.333333 166.333333    9.66 0.559  0.26 0.559000 9.999 0.559259  0.18 0.559000 0.085 0.000000 99.999 0.999 99.999 0.999  11.574 0.000   4.925 0.000   6.650 0.559 0.035 0.559 0.253 0.000
168.333333 169.333333   16.52 0.559  0.35 0.559000 9.999 0.559259  0.26 0.559000 0.139 0.000000  0.565 0.000  0.792 0.000  16.447 0.000   8.060 0.000   8.387 0.559 0.049 0.559 0.410 0.000
171.333333 172.333333    6.33 0.000  0.26 0.000000 9.999 0.259000  0.59 0.000000 0.081 0.000000  0.412 0.000  0.577 0.000   9.186 0.000   4.190 0.000   4.996 0.000 0.023 0.000 0.418 0.000
174.333333 175.333333    3.38 0.000  0.22 0.000000 9.999 0.259000  0.28 0.000000 0.031 0.000000  0.222 0.000  0.311 0.000   5.080 0.000   2.086 0.000   2.994 0.000 0.016 0.000 0.299 0.000
177.333333 178.333333    1.78 0.559  0.11 0.559000 9.999 0.559259  0.30 0.559000 0.018 0.000000  0.068 0.000  0.095 0.000   4.483 0.000   2.788 0.000   1.695 0.559 0.014 0.559 0.097 0.000
180.333333 181.333333    2.75 0.000  0.26 0.000000 9.999 0.259000  0.18 0.000000 0.051 0.000000  0.514 0.000  0.719 0.000   5.842 0.000   2.370 0.000   3.472 0.000 0.024 0.000 0.256 0.000
183.333333 184.333333    7.56 0.559  0.65 0.559000 9.999 0.559259  0.38 0.559000 0.128 0.000000  0.785 0.000  1.099 0.000  11.930 0.000   4.099 0.000   7.831 0.559 0.049 0.559 0.488 0.000
186.333333 187.333333   13.40 0.559  0.59 0.559000 9.999 0.559259  0.23 0.559000 0.110 0.559000  0.415 0.000  0.581 0.000  13.962 0.000   5.490 0.000   8.472 0.559 0.058 0.559 0.483 0.559
189.333333 190.333333    2.77 0.559  0.26 0.559000 9.999 0.559259  0.47 0.559000 0.020 0.000000  0.396 0.000  0.554 0.000   3.216 0.000   1.093 0.000   2.124 0.559 0.009 0.559 0.222 0.000
192.333333 193.333333    1.19 0.559  0.14 0.559000 9.999 0.559259 99.99 0.559259 0.020 0.559000  0.162 0.000  0.227 0.000   2.522 0.000   1.218 0.000   1.304 0.559 0.009 0.559 0.080 0.559
195.333333 196.333333    4.57 0.559  0.23 0.559000 9.999 0.559259  0.18 0.559000 0.053 0.000000  0.037 0.000  0.051 0.000   9.430 0.000   3.947 0.000   5.482 0.559 0.027 0.559 0.425 0.000
198.333333 199.333333    1.88 0.559  0.20 0.559000 9.999 0.559259  0.52 0.559000 0.029 0.000000  0.202 0.000  0.282 0.000   4.960 0.000   1.619 0.000   3.341 0.559 0.015 0.559 0.405 0.000
201.333333 202.333333    2.06 0.559  0.21 0.559000 9.999 0.559259  0.25 0.559000 0.050 0.000000  0.343 0.000  0.480 0.000   5.921 0.000   2.849 0.000   3.072 0.559 0.018 0.559 0.310 0.000
204.333333 205.333333   16.04 0.559  0.27 0.559000 9.999 0.559259  0.62 0.559000 0.073 0.000000  0.482 0.000  0.675 0.000  12.521 0.000   5.807 0.000   6.714 0.559 0.035 0.559 0.352 0.000
207.333333 208.333333    8.48 0.559  0.08 0.559000 9.999 0.559259  0.16 0.559000 0.080 0.559000  0.319 0.000  0.447 0.000  12.272 0.000   5.328 0.000   6.944 0.559 0.031 0.559 0.445 0.559
210.333333 211.333333    0.88 0.559  0.19 0.559000 9.999 0.559259  0.16 0.559000 0.037 0.000000  0.287 0.000  0.402 0.000   4.130 0.000   1.952 0.000   2.179 0.559 0.016 0.559 0.172 0.000
213.333333 214.333333    1.35 0.000  0.13 0.000000 9.999 0.259000  0.18 0.000000 0.015 0.559000  0.278 0.000  0.389 0.000   3.692 0.000   1.892 0.000   1.799 0.000 0.010 0.000 0.153 0.559
216.333333 217.333333    1.21 0.000  0.20 0.000000 9.999 0.259000  0.23 0.000000 0.033 0.000000  0.277 0.000  0.387 0.000   4.423 0.000   1.862 0.000   2.560 0.000 0.013 0.000 0.262 0.000
219.333333 220.333333 9999.99 0.999 99.99 0.999000 9.999 0.999000 99.99 0.999000 9.999 0.999000 99.999 0.999 99.999 0.999 999.999 0.999 999.999 0.999 999.999 0.999 9.999 0.999 9.999 0.999
222.333333 223.333333    0.61 0.000  0.24 0.000000 9.999 0.259000  0.15 0.000000 0.013 0.000000  0.198 0.000  0.277 0.000   1.754 0.000   0.822 0.000   0.932 0.000 0.008 0.000 0.086 0.000
225.333333 226.333333    1.48 0.000  0.19 0.000000 9.999 0.259000  0.14 0.000000 0.027 0.000000  0.265 0.000  0.371 0.000   2.955 0.000   1.250 0.000   1.705 0.000 0.011 0.000 0.150 0.000
228.333333 229.333333    1.82 0.559  0.24 0.559000 9.999 0.559259  0.12 0.559000 0.026 0.000000  0.376 0.000  0.527 0.000   3.197 0.000   1.367 0.000   1.829 0.559 0.012 0.559 0.185 0.000
231.333333 232.333333    4.69 0.559  0.34 0.559000 9.999 0.559259  0.27 0.559000 0.064 0.000000  0.407 0.000  0.570 0.000   7.606 0.000   2.329 0.000   5.276 0.559 0.028 0.559 0.470 0.000
234.333333 235.333333    0.64 0.559  0.13 0.559000 9.999 0.559259 99.99 0.559259 0.016 0.000000  0.082 0.000  0.115 0.000   3.874 0.000   2.055 0.000   1.819 0.559 0.015 0.559 0.126 0.000
237.333333 238.333333    2.21 0.559  0.36 0.559000 9.999 0.559259  0.32 0.559000 0.066 0.000000  0.622 0.000  0.870 0.000   7.055 0.000   2.381 0.000   4.674 0.559 0.022 0.559 0.591 0.000
240.333333 241.333333    2.45 0.000  0.11 0.000000 9.999 0.259000 99.99 0.259000 0.021 0.000000  0.202 0.000  0.283 0.000   3.123 0.000   1.580 0.000   1.543 0.000 0.011 0.000 0.119 0.000
243.333333 244.333333    1.70 0.000  0.14 0.000000 9.999 0.259000  0.13 0.000000 0.022 0.000000  0.343 0.000  0.479 0.000   4.313 0.000   1.988 0.000   2.325 0.000 0.016 0.000 0.256 0.000
246.333333 247.333333    2.40 0.559  0.14 0.559000 9.999 0.559259  0.22 0.559000 0.058 0.000000  0.371 0.000  0.519 0.000   7.830 0.000   3.284 0.000   4.547 0.559 0.017 0.559 0.390 0.000
249.333333 250.333333   37.46 0.000  0.18 0.000000 9.999 0.259000 99.99 0.259000 0.147 0.000000  0.808 0.000  1.131 0.000  19.225 0.000  10.139 0.000   9.086 0.000 0.055 0.000 0.346 0.000
252.333333 253.333333    7.19 0.559  0.16 0.559000 9.999 0.559259  0.17 0.559000 0.064 0.000000  0.555 0.000  0.777 0.000   4.459 0.000   1.478 0.000   2.981 0.559 0.021 0.559 0.270 0.000
