scripts/IMPROVE-2019_partial/data/US0064R.19950104080000.20191216000000.filterpack...1y.3d.US03L_filterpack_US0064.US03L_IMPROVE_Davis.lev2.nas
52 1001
MISSING INFORMATION
US03L, IMPROVE, , , , , , , 
MISSING INFORMATION
IMPROVE sel_HTAP
1 1
1995 01 01 2019 12 16
0
days from file reference point
5
1 1 1 1 1
999.999999 999.999 9.999 999.999 9.999
end_time of measurement, days from the file reference point
pm10_mass, ug/m3, Matrix=pm10
numflag pm10_mass, no unit, Matrix=pm10
pm25_mass, ug/m3, Matrix=pm25
numflag pm25_mass, no unit, Matrix=pm25
0
33
Data definition:              EBAS_1.1
Set type code:                TI
Timezone:                     UTC
File name:                    US0064R.19950104080000.20191216000000.filterpack...1y.3d.US03L_filterpack_US0064.US03L_IMPROVE_Davis.lev2.nas
File creation:                20191218115935
Startdate:                    19950104080000
Revision date:                20191216000000
Version:                      2
Version description:          "Data extracted from http://views.cira.colostate.edu/fed/DataWizard 2019-12-16"
Statistics:                   arithmetic mean
Data level:                   2
Period code:                  1y
Resolution code:              3d
Sample duration:              1d
Orig. time res.:              3d
Station code:                 US0064R
Platform code:                US0064S
Station name:                 Jarbidge Wilderness
Station latitude:             41.8926
Station longitude:            -115.4261
Station altitude:             1869.0 m
Regime:                       IMG
Component:                    
Unit:                         ug/m3
Matrix:                       
Laboratory code:              US03L
Instrument type:              filterpack
Instrument name:              filterpack_US0064
Method ref:                   US03L_IMPROVE_Davis
Blank correction:             Blank corrected
Volume std. temperature:      ambient
Volume std. pressure:         ambient
starttime endtime PM10 flag_PM10 PM2.5 flag_PM2.5
  3.333333   4.333333   2.727 0.000   2.026 0.000
  6.333333   7.333333   1.602 0.000   0.447 0.000
 10.333333  11.333333   1.239 0.000   0.525 0.000
 13.333333  14.333333   1.174 0.000   0.649 0.000
 17.333333  18.333333   4.218 0.000   1.456 0.000
 20.333333  21.333333   3.135 0.000   1.165 0.000
 24.333333  25.333333   3.145 0.000   2.068 0.000
 27.333333  28.333333   1.943 0.000   0.710 0.000
 31.333333  32.333333   2.408 0.000   0.361 0.000
 34.333333  35.333333   1.672 0.000   1.497 0.000
 38.333333  39.333333   5.647 0.000   4.259 0.000
 41.333333  42.333333   1.871 0.000   1.204 0.000
 45.333333  46.333333   1.310 0.000   0.994 0.000
 48.333333  49.333333   0.909 0.000   0.482 0.000
 52.333333  53.333333   1.467 0.000   0.876 0.000
 55.333333  56.333333   2.703 0.000   1.763 0.000
 59.333333  60.333333   3.270 0.000   2.385 0.000
 62.333333  63.333333   1.505 0.000   0.996 0.000
 66.333333  67.333333   4.916 0.000   1.897 0.000
 69.333333  70.333333   0.647 0.000   0.436 0.000
 73.333333  74.333333   1.026 0.000   0.664 0.000
 76.333333  77.333333   3.438 0.000   1.407 0.000
 80.333333  81.333333   6.874 0.000   1.090 0.000
 83.333333  84.333333   1.929 0.000   1.157 0.000
 87.333333  88.333333   3.660 0.000   2.006 0.000
 90.333333  91.333333   5.784 0.000   2.351 0.000
 94.333333  95.333333   3.641 0.000   1.359 0.000
 97.333333  98.333333   9.619 0.000   2.013 0.000
101.333333 102.333333   6.024 0.000   2.543 0.000
104.333333 105.333333   1.555 0.000   0.988 0.000
108.333333 109.333333   3.252 0.000   1.706 0.000
111.333333 112.333333   7.961 0.000   7.277 0.000
115.333333 116.333333   4.618 0.000   2.447 0.000
118.333333 119.333333   3.592 0.000   1.499 0.000
122.333333 123.333333   5.943 0.000   0.948 0.000
125.333333 126.333333   2.137 0.000 999.999 0.999
129.333333 130.333333  13.169 0.000   3.484 0.000
132.333333 133.333333   3.017 0.000   1.698 0.000
136.333333 137.333333   2.534 0.000   1.516 0.000
139.333333 140.333333   7.504 0.000   3.411 0.000
143.333333 144.333333   3.025 0.000   1.946 0.000
146.333333 147.333333 999.999 0.999 999.999 0.999
150.333333 151.333333  10.027 0.000   5.363 0.000
153.333333 154.333333   5.660 0.000   3.619 0.000
157.333333 158.333333   1.804 0.000   1.131 0.000
160.333333 161.333333   4.283 0.000   3.739 0.000
164.333333 165.333333  13.025 0.000   2.619 0.000
167.333333 168.333333   3.616 0.000   1.061 0.000
171.333333 172.333333 999.999 0.999 999.999 0.999
174.333333 175.333333   5.934 0.000   3.206 0.000
178.333333 179.333333 999.999 0.999 999.999 0.999
181.333333 182.333333   9.710 0.000   4.956 0.000
185.333333 186.333333  11.031 0.000   2.524 0.000
188.333333 189.333333  20.929 0.000   5.500 0.000
192.333333 193.333333   9.198 0.000   3.350 0.000
195.333333 196.333333  16.215 0.000   5.344 0.000
199.333333 200.333333  22.772 0.000   4.926 0.000
202.333333 203.333333  13.854 0.000   4.048 0.000
206.333333 207.333333   4.908 0.000 999.999 0.999
209.333333 210.333333 999.999 0.999 999.999 0.999
213.333333 214.333333  10.352 0.000   3.618 0.000
216.333333 217.333333  12.980 0.000   4.494 0.000
220.333333 221.333333  12.721 0.000   3.706 0.000
223.333333 224.333333  13.305 0.000   3.881 0.000
227.333333 228.333333  17.610 0.000   5.937 0.000
230.333333 231.333333  17.145 0.000   4.876 0.000
234.333333 235.333333   6.877 0.000   3.842 0.000
237.333333 238.333333  12.940 0.000   4.846 0.000
241.333333 242.333333   8.119 0.000   4.250 0.000
244.333333 245.333333  13.620 0.000   4.759 0.000
248.333333 249.333333 999.999 0.999 999.999 0.999
251.333333 252.333333   5.352 0.000   2.102 0.000
255.333333 256.333333   6.316 0.000   2.884 0.000
258.333333 259.333333  13.051 0.000   4.267 0.000
262.333333 263.333333  10.039 0.000   4.209 0.000
265.333333 266.333333   7.340 0.000   2.195 0.000
269.333333 270.333333   7.210 0.000   2.615 0.000
272.333333 273.333333   1.698 0.000   1.804 0.000
276.333333 277.333333   2.637 0.000   1.157 0.000
279.333333 280.333333  10.568 0.000   3.625 0.000
283.333333 284.333333  33.516 0.000  11.694 0.000
286.333333 287.333333   4.057 0.000   0.812 0.000
290.333333 291.333333   5.085 0.000   1.659 0.000
293.333333 294.333333   6.110 0.000   2.654 0.000
297.333333 298.333333  10.711 0.000   2.821 0.000
300.333333 301.333333   4.198 0.000   1.519 0.000
304.333333 305.333333 999.999 0.999 999.999 0.999
307.333333 308.333333 999.999 0.999 999.999 0.999
311.333333 312.333333   7.647 0.000   1.213 0.000
314.333333 315.333333   3.004 0.000   0.667 0.000
318.333333 319.333333   1.188 0.000   0.601 0.000
321.333333 322.333333   2.488 0.000   1.263 0.000
325.333333 326.333333   2.709 0.000   1.075 0.000
328.333333 329.333333   4.464 0.000   0.910 0.000
332.333333 333.333333   1.444 0.000 999.999 0.259
335.333333 336.333333   2.698 0.000   2.728 0.000
339.333333 340.333333   1.389 0.000 999.999 0.259
342.333333 343.333333   2.553 0.000   2.716 0.000
346.333333 347.333333   0.987 0.000   0.679 0.000
349.333333 350.333333   0.797 0.000   0.400 0.000
353.333333 354.333333   2.831 0.000   1.464 0.000
356.333333 357.333333   4.454 0.000   0.560 0.000
360.333333 361.333333 999.999 0.999 999.999 0.999
363.333333 364.333333 999.999 0.999 999.999 0.999
