scripts/IMPROVE-2019_partial/data/US0048R.19920101060000.20191216000000.filterpack...1y.3d.US03L_filterpack_US0048.US03L_IMPROVE_Davis.lev2.nas
52 1001
MISSING INFORMATION
US03L, IMPROVE, , , , , , , 
MISSING INFORMATION
IMPROVE sel_HTAP
1 1
1992 01 01 2019 12 16
0
days from file reference point
5
1 1 1 1 1
999.99 999.999 9.999 999.999 9.999999
end_time of measurement, days from the file reference point
pm10_mass, ug/m3, Matrix=pm10
numflag pm10_mass, no unit, Matrix=pm10
pm25_mass, ug/m3, Matrix=pm25
numflag pm25_mass, no unit, Matrix=pm25
0
33
Data definition:              EBAS_1.1
Set type code:                TI
Timezone:                     UTC
File name:                    US0048R.19920101060000.20191216000000.filterpack...1y.3d.US03L_filterpack_US0048.US03L_IMPROVE_Davis.lev2.nas
File creation:                20191218115816
Startdate:                    19920101060000
Revision date:                20191216000000
Version:                      2
Version description:          "Data extracted from http://views.cira.colostate.edu/fed/DataWizard 2019-12-16"
Statistics:                   arithmetic mean
Data level:                   2
Period code:                  1y
Resolution code:              3d
Sample duration:              1d
Orig. time res.:              3d
Station code:                 US0048R
Platform code:                US0048S
Station name:                 Boundary Waters Canoe Area
Station latitude:             47.9466
Station longitude:            -91.4955
Station altitude:             526.0 m
Regime:                       IMG
Component:                    
Unit:                         ug/m3
Matrix:                       
Laboratory code:              US03L
Instrument type:              filterpack
Instrument name:              filterpack_US0048
Method ref:                   US03L_IMPROVE_Davis
Blank correction:             Blank corrected
Volume std. temperature:      ambient
Volume std. pressure:         ambient
starttime endtime PM10 flag_PM10 PM2.5 flag_PM2.5
  0.25   1.25  20.508 0.000  16.324 0.559000
  3.25   4.25   7.852 0.000 999.999 0.559259
  7.25   8.25   5.615 0.000   4.032 0.559000
 10.25  11.25  12.992 0.000   9.581 0.559000
 14.25  15.25   3.750 0.000   2.531 0.559000
 17.25  18.25  13.047 0.000   2.562 0.559000
 21.25  22.25  16.016 0.000  13.438 0.559000
 24.25  25.25   3.672 0.000   3.469 0.559000
 28.25  29.25  20.577 0.000 999.999 0.559259
 31.25  32.25   8.615 0.000   5.016 0.559000
 35.25  36.25   8.024 0.000   6.108 0.559000
 38.25  39.25   7.510 0.000 999.999 0.559259
 42.25  43.25  10.545 0.000   7.484 0.559000
 45.25  46.25  14.125 0.000  12.188 0.559000
 49.25  50.25   7.333 0.000   7.138 0.559000
 52.25  53.25   7.176 0.000   5.660 0.559000
 56.25  57.25   6.303 0.000   3.975 0.559000
 59.25  60.25   5.370 0.000   3.727 0.000000
 63.25  64.25  15.976 0.000   9.872 0.000000
 66.25  67.25   7.131 0.000   3.738 0.000000
 70.25  71.25 999.999 0.999   3.846 0.000000
 73.25  74.25   6.502 0.000   5.785 0.000000
 77.25  78.25   4.963 0.000   3.601 0.000000
 80.25  81.25 999.999 0.999   8.475 0.000000
 84.25  85.25   4.161 0.000   2.768 0.000000
 87.25  88.25   9.051 0.000   5.060 0.000000
 91.25  92.25   3.018 0.000   2.551 0.000000
 94.25  95.25 999.999 0.999   3.021 0.000000
 98.25  99.25 999.999 0.999   7.676 0.000000
101.25 102.25   6.245 0.000   5.471 0.000000
105.25 106.25  12.620 0.000  10.501 0.000000
108.25 109.25  16.545 0.000  14.018 0.000000
112.25 113.25 999.999 0.999 999.999 0.999000
115.25 116.25 999.999 0.999 999.999 0.999000
119.25 120.25 999.999 0.999 999.999 0.999000
122.25 123.25 999.999 0.999 999.999 0.999000
126.25 127.25  16.815 0.000   5.015 0.000000
129.25 130.25  19.745 0.000   9.664 0.000000
133.25 134.25   3.849 0.000   2.900 0.000000
136.25 137.25  13.792 0.000   9.456 0.000000
140.25 141.25  20.152 0.000  12.896 0.000000
143.25 144.25   2.481 0.000   1.646 0.000000
147.25 148.25 999.999 0.999   4.127 0.000000
150.25 151.25  17.351 0.000   9.821 0.000000
154.25 155.25  26.856 0.000  18.848 0.000000
157.25 158.25 999.999 0.999   2.818 0.000000
161.25 162.25  11.090 0.000   6.325 0.000000
164.25 165.25   7.852 0.000   6.355 0.000000
168.25 169.25  13.916 0.000  10.457 0.000000
171.25 172.25   1.825 0.000   1.463 0.000000
175.25 176.25   9.041 0.000   8.468 0.000000
178.25 179.25   9.055 0.000   5.045 0.000000
182.25 183.25   4.074 0.000   3.072 0.000000
185.25 186.25   6.185 0.000   1.747 0.000000
189.25 190.25  12.735 0.000   6.300 0.000000
192.25 193.25   5.740 0.000   3.582 0.000000
196.25 197.25  14.778 0.000   5.075 0.000000
199.25 200.25   4.801 0.000   1.712 0.000000
203.25 204.25   7.143 0.000   4.367 0.000000
206.25 207.25  10.222 0.000   6.958 0.000000
210.25 211.25   9.554 0.000   7.224 0.000000
213.25 214.25   6.803 0.000   4.030 0.000000
217.25 218.25   8.476 0.000   3.761 0.000000
220.25 221.25   8.640 0.000   7.343 0.000000
224.25 225.25   3.866 0.000   1.582 0.000000
227.25 228.25   9.888 0.000   4.627 0.000000
231.25 232.25  19.888 0.000  17.462 0.000000
234.25 235.25  15.261 0.000  11.080 0.000000
238.25 239.25   4.396 0.000   2.401 0.000000
241.25 242.25   7.179 0.000   5.167 0.000000
245.25 246.25   9.442 0.000   5.921 0.000000
248.25 249.25  14.725 0.000  10.211 0.000000
252.25 253.25   6.415 0.000   2.900 0.000000
255.25 256.25  15.698 0.000   6.314 0.000000
259.25 260.25 999.999 0.999 999.999 0.999000
262.25 263.25   6.464 0.000   3.209 0.000000
266.25 267.25   5.166 0.000   2.222 0.000000
269.25 270.25  15.387 0.000  11.441 0.000000
273.25 274.25  12.721 0.000   4.924 0.000000
276.25 277.25   3.824 0.000   3.435 0.000000
280.25 281.25   1.591 0.000 999.999 0.999000
283.25 284.25   5.000 0.000   3.427 0.000000
287.25 288.25   1.494 0.000   0.864 0.000000
290.25 291.25   6.250 0.000   4.290 0.000000
294.25 295.25  10.584 0.000   8.625 0.000000
297.25 298.25  10.575 0.000   9.031 0.000000
301.25 302.25   4.591 0.000   2.236 0.000000
304.25 305.25 999.999 0.999   4.420 0.000000
308.25 309.25 999.999 0.999   1.687 0.000000
311.25 312.25   3.296 0.000   2.303 0.000000
315.25 316.25   5.135 0.000   3.738 0.000000
318.25 319.25   3.969 0.000   2.897 0.000000
322.25 323.25   6.860 0.000   4.596 0.000000
325.25 326.25   3.488 0.000   3.043 0.000000
329.25 330.25   6.938 0.000   5.375 0.000000
332.25 333.25  10.930 0.000   8.938 0.000000
336.25 337.25   3.490 0.000   2.610 0.000000
339.25 340.25   7.868 0.000   3.323 0.000000
343.25 344.25  10.805 0.000   9.167 0.000000
346.25 347.25  11.023 0.000   8.488 0.000000
350.25 351.25   6.375 0.000   3.814 0.000000
353.25 354.25  12.191 0.000  10.353 0.000000
357.25 358.25   4.400 0.000   3.397 0.000000
360.25 361.25   3.280 0.000   3.143 0.000000
364.25 365.25   3.388 0.000   1.981 0.000000
