scripts/IMPROVE-2019_partial/data/US0044R.20040301050000.20191216000000.filterpack..pm25.10mo.1w.US03L_filterpack_US0044.US03L_IMPROVE_Davis.lev2.nas
64 1001
MISSING INFORMATION
US03L, IMPROVE, , , , , , , 
MISSING INFORMATION
IMPROVE sel_HTAP
1 1
2004 01 01 2019 12 16
3.000000
days from file reference point
25
1 1 1 1 1 1 1 1 1 1 1 1 1 1 1 1 1 1 1 1 1 1 1 1 1
999.999999 999.99 9.999 99.99 9.999 9.999 9.999 9.99 9.999 9.999 9.999 99.999 9.999 999.999 9.999 999.999 9.999 999.999 9.999 999.999 9.999 9.999 9.999 99.999 9.999
end_time of measurement, days from the file reference point
iron, ng/m3, Revision date=20181210133000
numflag iron, no unit, Revision date=20181210133000
lead, ng/m3, Revision date=20181210133000
numflag lead, no unit, Revision date=20181210133000
magnesium, ug/m3, Revision date=20181210133000
numflag magnesium, no unit, Revision date=20181210133000
nickel, ng/m3, Revision date=20181210133000
numflag nickel, no unit, Revision date=20181210133000
nitrate, ug N/m3, Revision date=20181210133000
numflag nitrate, no unit, Revision date=20181210133000
organic_carbon, ug C/m3, Revision date=20181210133000
numflag organic_carbon, no unit, Revision date=20181210133000
organic_mass, ug/m3, Revision date=20181210133000
numflag organic_mass, no unit, Revision date=20181210133000
pm10_mass, ug/m3, Version=2, Version description=Data extracted from http://views.cira.colostate.edu/fed/DataWizard 2019-12-16, Sample duration=1d, Orig. time res.=3d, Matrix=pm10, Blank correction=Blank corrected, Volume std. temperature=ambient, Volume std. pressure=ambient
numflag pm10_mass, no unit, Version=2, Version description=Data extracted from http://views.cira.colostate.edu/fed/DataWizard 2019-12-16, Sample duration=1d, Orig. time res.=3d, Matrix=pm10, Blank correction=Blank corrected, Volume std. temperature=ambient, Volume std. pressure=ambient
pm10_pm25_mass, ug/m3, Revision date=20181210133000, Matrix=pm10_pm25
numflag pm10_pm25_mass, no unit, Revision date=20181210133000, Matrix=pm10_pm25
pm25_mass, ug/m3, Version=2, Version description=Data extracted from http://views.cira.colostate.edu/fed/DataWizard 2019-12-16, Sample duration=1d, Orig. time res.=3d, Blank correction=Blank corrected, Volume std. temperature=ambient, Volume std. pressure=ambient
numflag pm25_mass, no unit, Version=2, Version description=Data extracted from http://views.cira.colostate.edu/fed/DataWizard 2019-12-16, Sample duration=1d, Orig. time res.=3d, Blank correction=Blank corrected, Volume std. temperature=ambient, Volume std. pressure=ambient
potassium, ug/m3, Revision date=20181210133000
numflag potassium, no unit, Revision date=20181210133000
sulphate_total, ug S/m3, Revision date=20181210133000
numflag sulphate_total, no unit, Revision date=20181210133000
0
25
Data definition:              EBAS_1.1
Set type code:                TU
Timezone:                     UTC
File name:                    US0044R.20040301050000.20191216000000.filterpack..pm25.10mo.1w.US03L_filterpack_US0044.US03L_IMPROVE_Davis.lev2.nas
File creation:                20191218115806
Startdate:                    20040301050000
Revision date:                20191216000000
Statistics:                   arithmetic mean
Data level:                   2
Period code:                  10mo
Resolution code:              1w
Station code:                 US0044R
Platform code:                US0044S
Station name:                 Frostberg Reservoir (Big Piney Run)
Station latitude:             39.7058
Station longitude:            -79.0122
Station altitude:             767.0 m
Regime:                       IMG
Component:                    
Matrix:                       pm25
Laboratory code:              US03L
Instrument type:              filterpack
Instrument name:              filterpack_US0044
Method ref:                   US03L_IMPROVE_Davis
starttime endtime Fe flag_Fe Pb flag_Pb Mg++ flag_Mg++ Ni flag_Ni NO3- flag_NO3- OC flag_OC OM flag_OM PM10 flag_PM10 PM10-PM2.5 flag_PM10-PM2.5 PM2.5 flag_PM2.5 K+ flag_K+ SO4-- flag_SO4--
[from data line 91]
333.208333 334.208333  29.26 0.000  2.21 0.000 9.999 0.259 0.15 0.000 0.160 0.000  0.886 0.000   1.241 0.000   6.572 0.000   1.357 0.000   5.216 0.000 0.024 0.000  0.691 0.000
336.208333 337.208333  23.84 0.000  2.94 0.000 9.999 0.259 9.99 0.259 0.139 0.000  0.752 0.000   1.053 0.000   5.780 0.000   1.497 0.000   4.284 0.000 0.027 0.000  0.556 0.000
339.208333 340.208333  27.08 0.000  3.21 0.000 9.999 0.259 0.09 0.000 0.335 0.000  1.555 0.000   2.177 0.000   8.506 0.000   2.407 0.000   6.099 0.000 0.040 0.000  0.598 0.000
342.208333 343.208333  13.27 0.000  1.20 0.000 9.999 0.259 9.99 0.259 0.054 0.559  0.486 0.000   0.681 0.000   5.952 0.000   1.031 0.000   4.921 0.000 0.013 0.000  0.903 0.559
345.208333 346.208333   6.09 0.000  0.78 0.000 9.999 0.259 0.19 0.000 0.020 0.000  0.305 0.000   0.427 0.000   3.803 0.000   0.361 0.000   3.442 0.000 0.009 0.000  0.614 0.000
348.208333 349.208333  29.29 0.000  2.47 0.000 9.999 0.259 0.22 0.000 0.072 0.559  0.459 0.000   0.643 0.000   4.839 0.000   0.714 0.000   4.124 0.000 0.049 0.000  0.684 0.559
351.208333 352.208333  36.68 0.000  3.97 0.000 0.045 0.000 0.29 0.000 0.687 0.559  1.657 0.000   2.320 0.000  15.261 0.000   5.418 0.000   9.843 0.000 0.051 0.000  0.916 0.559
354.208333 355.208333  18.98 0.000  1.53 0.000 9.999 0.259 0.33 0.000 0.092 0.000  0.579 0.000   0.811 0.000   5.271 0.000   1.860 0.000   3.411 0.000 0.024 0.000  0.452 0.000
357.208333 358.208333   5.54 0.000  0.80 0.000 9.999 0.259 0.33 0.000 0.052 0.000  0.540 0.000   0.756 0.000   5.506 0.000   1.542 0.000   3.964 0.000 0.012 0.000  0.665 0.000
360.208333 361.208333  32.52 0.000  4.08 0.000 9.999 0.259 0.13 0.000 0.545 0.000  1.631 0.000   2.283 0.000  12.184 0.000   2.013 0.000  10.171 0.000 0.058 0.000  1.036 0.000
363.208333 364.208333  28.59 0.000  2.49 0.000 0.073 0.000 0.20 0.000 0.178 0.000  1.696 0.000   2.374 0.000  12.277 0.000   4.023 0.000   8.254 0.000 0.052 0.000  0.852 0.000
