scripts/IMPROVE-2019_partial/data/US0082R.20040101050000.20191216000000.filterpack..pm25.52w.1w.US03L_filterpack_US0082.US03L_IMPROVE_Davis.lev2.nas
66 1001
MISSING INFORMATION
US03L, IMPROVE, , , , , , , 
MISSING INFORMATION
IMPROVE sel_HTAP
1 1
2004 01 01 2019 12 16
3.000000
days from file reference point
27
1 1 1 1 1 1 1 1 1 1 1 1 1 1 1 1 1 1 1 1 1 1 1 1 1 1 1
999.999999 999.99 9.999 99.99 9.999 9.999 9.999999 99.99 9.999 9.999 9.999 99.999 9.999 99.999 9.999 99.99 9.999999 999.999 9.999 999.999 9.999 999.999 9.999 9.999 9.999 99.999 9.999
end_time of measurement, days from the file reference point
iron, ng/m3, Revision date=20181210133000
numflag iron, no unit, Revision date=20181210133000
lead, ng/m3, Revision date=20181210133000
numflag lead, no unit, Revision date=20181210133000
magnesium, ug/m3, Revision date=20181210133000
numflag magnesium, no unit, Revision date=20181210133000
nickel, ng/m3, Revision date=20181210133000
numflag nickel, no unit, Revision date=20181210133000
nitrate, ug N/m3, Revision date=20181210133000
numflag nitrate, no unit, Revision date=20181210133000
organic_carbon, ug C/m3, Revision date=20181210133000
numflag organic_carbon, no unit, Revision date=20181210133000
organic_mass, ug/m3, Revision date=20181210133000
numflag organic_mass, no unit, Revision date=20181210133000
phosphorus, ng/m3, Revision date=20181210133000
numflag phosphorus, no unit, Revision date=20181210133000
pm10_mass, ug/m3, Version=2, Version description=Data extracted from http://views.cira.colostate.edu/fed/DataWizard 2019-12-16, Sample duration=1d, Orig. time res.=3d, Matrix=pm10, Blank correction=Blank corrected, Volume std. temperature=ambient, Volume std. pressure=ambient
numflag pm10_mass, no unit, Version=2, Version description=Data extracted from http://views.cira.colostate.edu/fed/DataWizard 2019-12-16, Sample duration=1d, Orig. time res.=3d, Matrix=pm10, Blank correction=Blank corrected, Volume std. temperature=ambient, Volume std. pressure=ambient
pm10_pm25_mass, ug/m3, Revision date=20181210133000, Matrix=pm10_pm25
numflag pm10_pm25_mass, no unit, Revision date=20181210133000, Matrix=pm10_pm25
pm25_mass, ug/m3, Version=2, Version description=Data extracted from http://views.cira.colostate.edu/fed/DataWizard 2019-12-16, Sample duration=1d, Orig. time res.=3d, Blank correction=Blank corrected, Volume std. temperature=ambient, Volume std. pressure=ambient
numflag pm25_mass, no unit, Version=2, Version description=Data extracted from http://views.cira.colostate.edu/fed/DataWizard 2019-12-16, Sample duration=1d, Orig. time res.=3d, Blank correction=Blank corrected, Volume std. temperature=ambient, Volume std. pressure=ambient
potassium, ug/m3, Revision date=20181210133000
numflag potassium, no unit, Revision date=20181210133000
sulphate_total, ug S/m3, Revision date=20181210133000
numflag sulphate_total, no unit, Revision date=20181210133000
0
25
Data definition:              EBAS_1.1
Set type code:                TU
Timezone:                     UTC
File name:                    US0082R.20040101050000.20191216000000.filterpack..pm25.52w.1w.US03L_filterpack_US0082.US03L_IMPROVE_Davis.lev2.nas
File creation:                20191218120057
Startdate:                    20040101050000
Revision date:                20191216000000
Statistics:                   arithmetic mean
Data level:                   2
Period code:                  52w
Resolution code:              1w
Station code:                 US0082R
Platform code:                US0082S
Station name:                 Lye Brook Wilderness
Station latitude:             43.1482
Station longitude:            -73.1268
Station altitude:             1015.0 m
Regime:                       IMG
Component:                    
Matrix:                       pm25
Laboratory code:              US03L
Instrument type:              filterpack
Instrument name:              filterpack_US0082
Method ref:                   US03L_IMPROVE_Davis
starttime endtime Fe flag_Fe Pb flag_Pb Mg++ flag_Mg++ Ni flag_Ni NO3- flag_NO3- OC flag_OC OM flag_OM P flag_P PM10 flag_PM10 PM10-PM2.5 flag_PM10-PM2.5 PM2.5 flag_PM2.5 K+ flag_K+ SO4-- flag_SO4--
  0.208333   1.208333   9.54 0.000  0.83 0.000 9.999 0.259000  0.25 0.000 0.129 0.000  0.498 0.000  0.697 0.000 99.99 0.259000   4.678 0.000   1.266 0.000   3.411 0.000 0.017 0.000  0.514 0.000
  3.208333   4.208333   8.73 0.000  1.64 0.000 9.999 0.259000  0.46 0.000 0.169 0.559  0.721 0.000  1.009 0.000 99.99 0.259000   4.033 0.000   0.863 0.000   3.170 0.000 0.021 0.000  0.370 0.559
  6.208333   7.208333  12.60 0.000  0.70 0.000 9.999 0.259000  0.29 0.000 0.190 0.000  0.377 0.000  0.528 0.000 99.99 0.259000   3.310 0.000   0.563 0.000   2.747 0.000 0.015 0.000  0.204 0.000
  9.208333  10.208333   4.38 0.000  0.36 0.000 9.999 0.259000  0.59 0.000 0.076 0.000  0.370 0.000  0.517 0.000 99.99 0.259000   1.943 0.000   0.122 0.000   1.821 0.000 0.020 0.000  0.132 0.000
 12.208333  13.208333   6.85 0.000  1.32 0.000 9.999 0.259000  0.38 0.000 0.119 0.559  0.480 0.000  0.672 0.000 99.99 0.259000   3.058 0.000   0.683 0.000   2.376 0.000 0.019 0.000  0.277 0.559
 15.208333  16.208333   4.18 0.000  0.86 0.000 0.031 0.000000  0.48 0.000 0.057 0.000  0.325 0.000  0.455 0.000 99.99 0.259000   2.914 0.000   0.700 0.000   2.215 0.000 0.028 0.000  0.127 0.000
 18.208333  19.208333   4.91 0.394  2.08 0.394 0.043 0.394000  0.43 0.394 0.073 0.394  0.333 0.000  0.466 0.000 99.99 0.394259   2.577 0.000   0.463 0.000   2.114 0.000 0.020 0.394  0.244 0.394
 21.208333  22.208333  17.10 0.000  1.41 0.000 9.999 0.259000  0.38 0.000 0.227 0.000  0.849 0.000  1.189 0.000 99.99 0.259000   5.645 0.000   1.466 0.000   4.179 0.000 0.026 0.000  0.485 0.000
 24.208333  25.208333   5.85 0.000  1.29 0.000 0.026 0.000000  0.27 0.000 0.042 0.559  0.398 0.000  0.557 0.000 99.99 0.259000   2.427 0.000   0.752 0.000   1.675 0.000 0.018 0.000  0.179 0.559
 27.208333  28.208333   9.95 0.000  1.57 0.000 9.999 0.259000  1.27 0.000 0.104 0.000  0.868 0.000  1.215 0.000 99.99 0.259000   5.051 0.000   1.470 0.000   3.580 0.000 0.034 0.000  0.459 0.000
 30.208333  31.208333   6.05 0.000  1.39 0.000 9.999 0.259000  0.37 0.000 0.087 0.000  0.413 0.000  0.578 0.000 99.99 0.259000   2.637 0.000   0.474 0.000   2.163 0.000 0.019 0.000  0.220 0.000
 33.208333  34.208333   5.58 0.000  0.61 0.000 9.999 0.259000  0.46 0.000 0.029 0.559  0.515 0.000  0.721 0.000 99.99 0.259000   2.733 0.000   0.819 0.000   1.914 0.000 0.010 0.000  0.247 0.559
 36.208333  37.208333   1.18 0.000  0.28 0.000 0.030 0.000000  0.12 0.000 0.006 0.559  0.099 0.000  0.139 0.000 99.99 0.259000   1.864 0.000   1.502 0.000   0.362 0.000 0.004 0.000  0.060 0.559
 39.208333  40.208333  19.32 0.000  1.66 0.000 0.032 0.000000  0.30 0.000 0.092 0.559  0.870 0.000  1.217 0.000 99.99 0.259000   6.501 0.000   2.195 0.000   4.306 0.000 0.027 0.000  0.567 0.559
 42.208333  43.208333  15.91 0.000  1.45 0.000 0.035 0.000000  0.49 0.000 0.157 0.000  0.792 0.000  1.109 0.000 99.99 0.259000   5.528 0.000   1.523 0.000   4.005 0.000 0.023 0.000  0.514 0.000
 45.208333  46.208333   4.62 0.000  0.89 0.000 0.045 0.000000  0.24 0.000 0.068 0.000  0.367 0.000  0.514 0.000 99.99 0.259000   2.785 0.000   0.592 0.000   2.193 0.000 0.016 0.000  0.197 0.000
 48.208333  49.208333  29.74 0.000  1.85 0.000 9.999 0.259000  2.76 0.000 0.276 0.000  1.375 0.000  1.925 0.000 99.99 0.259000  11.723 0.000   5.516 0.000   6.207 0.000 0.037 0.000  0.593 0.000
 51.208333  52.208333   5.44 0.000  1.02 0.000 0.070 0.000000  0.35 0.000 0.174 0.000  0.699 0.000  0.979 0.000 99.99 0.259000   5.254 0.000   2.059 0.000   3.196 0.000 0.013 0.000  0.518 0.000
 54.208333  55.208333   7.61 0.000  0.87 0.000 9.999 0.259000  0.11 0.000 0.070 0.000  0.554 0.000  0.775 0.000 99.99 0.259000   2.949 0.000   0.887 0.000   2.062 0.000 0.017 0.000  0.211 0.000
 57.208333  58.208333   5.75 0.000  0.60 0.000 9.999 0.259000  0.15 0.000 0.035 0.000  0.281 0.000  0.394 0.000 99.99 0.259000   1.995 0.000   0.968 0.000   1.027 0.000 0.008 0.000  0.101 0.000
 60.208333  61.208333  55.63 0.000  6.19 0.000 9.999 0.259000  0.69 0.000 0.948 0.000  2.901 0.000  4.062 0.000 99.99 0.259000  20.944 0.000   3.707 0.000  17.237 0.000 0.057 0.000  1.927 0.000
 63.208333  64.208333   3.00 0.000  0.71 0.000 9.999 0.259000  0.13 0.000 0.164 0.559  0.238 0.000  0.334 0.000 99.99 0.259000   3.160 0.000   1.826 0.000   1.334 0.000 0.007 0.000  0.496 0.559
 66.208333  67.208333   5.81 0.000  2.23 0.000 9.999 0.259000  0.15 0.000 0.036 0.559  0.272 0.000  0.381 0.000 99.99 0.259000   3.270 0.000   0.823 0.000   2.447 0.000 0.012 0.000  0.378 0.559
 69.208333  70.208333   5.64 0.000  1.17 0.000 9.999 0.259000  0.86 0.000 0.033 0.559  0.712 0.000  0.997 0.000 99.99 0.259000   9.604 0.000   3.025 0.000   6.579 0.000 0.016 0.000  1.079 0.559
 72.208333  73.208333   6.71 0.000  1.14 0.000 9.999 0.259000  0.29 0.000 0.060 0.559  0.216 0.000  0.302 0.000 99.99 0.259000   2.660 0.000   0.395 0.000   2.264 0.000 0.017 0.000  0.285 0.559
 75.208333  76.208333   7.85 0.000  1.21 0.000 9.999 0.259000 99.99 0.259 0.032 0.559  0.346 0.000  0.485 0.000 99.99 0.259000   3.230 0.000   0.748 0.000   2.482 0.000 0.017 0.000  0.297 0.559
 78.208333  79.208333  13.30 0.000  1.97 0.000 9.999 0.259000  1.12 0.000 0.150 0.559  1.111 0.000  1.555 0.000 99.99 0.259000  10.621 0.000   2.215 0.000   8.406 0.000 0.027 0.000  1.336 0.559
 81.208333  82.208333  10.93 0.000  1.18 0.000 9.999 0.259000  0.21 0.000 0.039 0.000  0.228 0.000  0.319 0.000 99.99 0.259000   2.770 0.000   0.587 0.000   2.183 0.000 0.018 0.000  0.290 0.000
 84.208333  85.208333  38.69 0.000  4.10 0.000 9.999 0.259000  1.38 0.000 0.747 0.559  2.438 0.000  3.413 0.000 99.99 0.259000  16.959 0.000   4.694 0.000  12.265 0.000 0.058 0.000  1.073 0.559
 87.208333  88.208333   9.93 0.000  0.58 0.000 0.063 0.000000 99.99 0.259 0.016 0.559  0.325 0.000  0.455 0.000 99.99 0.259000   1.963 0.000   0.592 0.000   1.371 0.000 0.016 0.000  0.150 0.559
 90.208333  91.208333   2.36 0.000 99.99 0.259 9.999 0.259000 99.99 0.259 0.026 0.000  0.047 0.000  0.066 0.000 99.99 0.259000   1.352 0.000   0.416 0.000   0.936 0.000 0.004 0.000  0.144 0.000
 93.208333  94.208333   2.44 0.000  0.90 0.000 9.999 0.259000  0.19 0.000 0.043 0.000  0.325 0.000  0.455 0.000 99.99 0.259000   2.836 0.000   0.826 0.000   2.010 0.000 0.009 0.000  0.313 0.000
 96.208333  97.208333  10.57 0.000  1.09 0.000 9.999 0.259000  0.20 0.000 0.019 0.000  0.129 0.000  0.181 0.000 99.99 0.259000   2.105 0.000   0.869 0.000   1.237 0.000 0.014 0.000  0.127 0.000
 99.208333 100.208333  19.33 0.000  2.71 0.000 9.999 0.259000  0.75 0.000 0.062 0.000  0.683 0.000  0.956 0.000 99.99 0.259000   7.164 0.000   2.432 0.000   4.732 0.000 0.033 0.000  0.646 0.000
102.208333 103.208333  16.40 0.000  2.30 0.000 9.999 0.259000 99.99 0.259 0.065 0.000  0.920 0.000  1.288 0.000 99.99 0.259000   6.725 0.000   1.600 0.000   5.125 0.000 0.026 0.000  0.651 0.000
105.208333 106.208333  17.76 0.000  1.40 0.000 9.999 0.259000  0.29 0.000 0.049 0.000  0.399 0.000  0.558 0.000 99.99 0.259000   5.732 0.000   2.869 0.000   2.863 0.000 0.020 0.000  0.362 0.000
108.208333 109.208333  51.29 0.000  3.75 0.000 0.103 0.000000  0.25 0.000 0.164 0.000  1.446 0.000  2.024 0.000 99.99 0.259000  12.806 0.000   3.628 0.000   9.179 0.000 0.057 0.000  1.193 0.000
111.208333 112.208333  23.48 0.000  1.64 0.000 9.999 0.259000  0.38 0.000 0.039 0.000  0.479 0.000  0.670 0.000 99.99 0.259000   8.882 0.000   4.757 0.000   4.124 0.000 0.018 0.000  0.560 0.000
114.208333 115.208333  10.52 0.000  1.12 0.000 9.999 0.259000 99.99 0.259 0.028 0.000  0.271 0.000  0.379 0.000 99.99 0.259000   2.741 0.000   0.757 0.000   1.984 0.000 0.012 0.000  0.257 0.000
117.208333 118.208333  20.80 0.000  1.84 0.000 9.999 0.259000  0.20 0.000 0.139 0.000  0.478 0.000  0.669 0.000 99.99 0.259000   5.952 0.000   1.612 0.000   4.340 0.000 0.022 0.000  0.627 0.000
120.208333 121.208333  59.33 0.000  3.37 0.000 9.999 0.259000  0.52 0.000 0.092 0.000  2.164 0.000  3.029 0.000 99.99 0.259000  18.702 0.000   6.221 0.000  12.482 0.000 0.051 0.000  1.604 0.000
123.208333 124.208333   4.06 0.000  0.62 0.000 9.999 0.259000  0.19 0.000 0.041 0.000  0.143 0.000  0.200 0.000 99.99 0.259000   1.491 0.000   0.399 0.000   1.092 0.000 0.004 0.000  0.144 0.000
126.208333 127.208333  19.54 0.000  2.12 0.000 9.999 0.259000  0.25 0.000 0.083 0.559  0.975 0.000  1.365 0.000 99.99 0.259000  10.091 0.000   2.419 0.000   7.672 0.000 0.019 0.000  1.159 0.559
129.208333 130.208333  23.57 0.000  2.35 0.000 9.999 0.259000  0.47 0.000 0.126 0.000  1.073 0.000  1.502 0.000 99.99 0.259000   8.066 0.000   2.269 0.000   5.797 0.000 0.025 0.000  0.809 0.000
132.208333 133.208333  38.31 0.000  1.21 0.000 9.999 0.259000  0.22 0.000 0.028 0.000  1.177 0.000  1.647 0.000 99.99 0.259000  11.154 0.000   3.032 0.000   8.122 0.000 0.032 0.000  1.159 0.000
135.208333 136.208333  51.86 0.000  2.36 0.000 9.999 0.259000  1.46 0.000 0.207 0.000  2.053 0.000  2.874 0.000 99.99 0.259000  18.482 0.000   2.540 0.000  15.942 0.000 0.044 0.000  2.483 0.000
138.208333 139.208333  13.52 0.000  1.00 0.000 9.999 0.259000  0.64 0.000 0.057 0.000  0.846 0.000  1.184 0.000 99.99 0.259000  10.197 0.000   2.417 0.000   7.780 0.000 0.014 0.000  1.335 0.000
141.208333 142.208333  16.61 0.000  1.55 0.000 9.999 0.259000  0.53 0.000 0.046 0.000  1.051 0.000  1.471 0.000 99.99 0.259000   8.096 0.000   2.152 0.000   5.944 0.000 0.016 0.000  0.782 0.000
144.208333 145.208333   7.80 0.000  0.61 0.000 9.999 0.259000  0.25 0.000 0.028 0.000  0.460 0.000  0.644 0.000 99.99 0.259000   4.832 0.000   2.206 0.000   2.627 0.000 0.010 0.000  0.331 0.000
147.208333 148.208333  20.94 0.000  1.58 0.000 9.999 0.259000  0.29 0.000 0.046 0.000  0.917 0.000  1.284 0.000 99.99 0.259000  10.127 0.000   3.030 0.000   7.097 0.000 0.017 0.000  1.123 0.000
150.208333 151.208333  15.00 0.000  1.44 0.000 9.999 0.259000  0.27 0.000 0.023 0.000  0.674 0.000  0.943 0.000 99.99 0.259000   4.072 0.000   1.707 0.000   2.365 0.000 0.021 0.000  0.213 0.000
153.208333 154.208333  14.32 0.000  1.92 0.000 9.999 0.259000  0.28 0.000 0.099 0.000  0.775 0.000  1.085 0.000 99.99 0.259000   5.678 0.000   1.977 0.000   3.702 0.000 0.013 0.000  0.451 0.000
156.208333 157.208333  25.73 0.000  1.51 0.000 9.999 0.259000  0.19 0.000 0.021 0.000  0.780 0.000  1.093 0.000 99.99 0.259000   4.883 0.000   2.177 0.000   2.706 0.000 0.023 0.000  0.196 0.000
159.208333 160.208333  59.16 0.000  4.26 0.000 9.999 0.259000  0.27 0.000 0.050 0.000  1.896 0.000  2.654 0.000 99.99 0.259000  29.520 0.000   3.213 0.000  26.307 0.000 0.052 0.000  4.763 0.000
162.208333 163.208333  24.05 0.000  0.83 0.000 9.999 0.259000  0.20 0.000 0.012 0.000  0.266 0.000  0.373 0.000 99.99 0.259000   3.798 0.000   2.191 0.000   1.607 0.000 0.017 0.000  0.124 0.000
165.208333 166.208333  19.35 0.000  1.79 0.000 9.999 0.259000  0.63 0.000 0.065 0.000  1.036 0.000  1.450 0.000 99.99 0.259000   9.889 0.000   1.793 0.000   8.097 0.000 0.019 0.000  1.265 0.000
168.208333 169.208333  27.69 0.000  1.71 0.000 9.999 0.259000  0.24 0.000 0.049 0.000  1.543 0.000  2.161 0.000 99.99 0.259000  11.249 0.000   3.695 0.000   7.554 0.000 0.023 0.000  0.848 0.000
171.208333 172.208333   9.77 0.000  0.84 0.000 9.999 0.259000  0.12 0.000 0.008 0.000  0.415 0.000  0.582 0.000 99.99 0.259000   3.364 0.000   1.666 0.000   1.698 0.000 0.014 0.000  0.140 0.000
174.208333 175.208333  12.84 0.000  1.55 0.000 9.999 0.259000 99.99 0.259 0.102 0.000  0.804 0.000  1.126 0.000 99.99 0.259000   6.619 0.000   3.055 0.000   3.564 0.000 0.015 0.000  0.417 0.000
177.208333 178.208333  14.94 0.000  1.37 0.000 9.999 0.259000  0.31 0.000 0.055 0.000  0.899 0.000  1.259 0.000 99.99 0.259000   6.764 0.000   1.044 0.000   5.721 0.000 0.022 0.000  0.800 0.000
180.208333 181.208333  12.10 0.000  1.66 0.000 9.999 0.259000  0.18 0.000 0.077 0.000  0.953 0.000  1.334 0.000 99.99 0.259000   5.327 0.000   1.037 0.000   4.290 0.000 0.016 0.000  0.545 0.000
183.208333 184.208333  17.25 0.000  2.10 0.000 9.999 0.259000  0.35 0.000 0.033 0.000  1.672 0.000  2.341 0.000 99.99 0.259000  12.180 0.000   2.525 0.000   9.655 0.000 0.039 0.000  1.430 0.000
186.208333 187.208333  13.97 0.000  2.12 0.000 9.999 0.259000  0.32 0.000 0.044 0.000  0.870 0.000  1.217 0.000 99.99 0.259000   9.031 0.000   1.200 0.000   7.832 0.000 0.130 0.000  1.352 0.000
189.208333 190.208333  18.88 0.000  1.10 0.000 9.999 0.259000  1.51 0.000 0.051 0.000  1.192 0.000  1.670 0.000 99.99 0.259000  12.683 0.000   1.853 0.000  10.830 0.000 0.023 0.000  1.737 0.000
192.208333 193.208333   5.42 0.000  0.92 0.000 0.027 0.000000 99.99 0.259 0.018 0.000  1.851 0.000  2.591 0.000 99.99 0.259000   5.890 0.000   1.463 0.000   4.428 0.000 0.032 0.000  0.179 0.000
195.208333 196.208333   0.44 0.000 99.99 0.259 9.999 0.259000 99.99 0.259 0.008 0.000  0.077 0.000  0.108 0.000 99.99 0.259000   0.972 0.000   0.385 0.000   0.586 0.000 0.006 0.000  0.053 0.000
198.208333 199.208333   2.72 0.000  0.60 0.000 9.999 0.259000  0.22 0.000 0.016 0.000  0.926 0.000  1.296 0.000 99.99 0.259000   3.728 0.000   0.956 0.000   2.772 0.000 0.018 0.000  0.157 0.000
201.208333 202.208333 999.99 0.999 99.99 0.999 9.999 0.999000 99.99 0.999 9.999 0.999 99.999 0.999 99.999 0.999 99.99 0.999000 999.999 0.999 999.999 0.999 999.999 0.999 9.999 0.999 99.999 0.999
204.208333 205.208333  31.98 0.000  2.16 0.000 9.999 0.259000  2.28 0.000 9.999 0.999  2.538 0.000  3.554 0.000 99.99 0.259000  23.977 0.000   0.341 0.000  23.636 0.000 0.046 0.000 99.999 0.999
207.208333 208.208333   6.83 0.000  1.83 0.000 9.999 0.259000  0.16 0.000 0.016 0.000  1.649 0.000  2.309 0.000 99.99 0.259000   6.981 0.000   1.674 0.000   5.307 0.000 0.025 0.000  0.352 0.000
210.208333 211.208333   8.72 0.000  1.24 0.000 9.999 0.259000  0.43 0.000 0.020 0.000  0.788 0.000  1.104 0.000 99.99 0.259000   8.825 0.000   1.638 0.000   7.187 0.000 0.015 0.000  1.311 0.000
213.208333 214.208333   8.25 0.000  1.27 0.000 0.039 0.000000  0.12 0.000 0.021 0.000  0.985 0.000  1.379 0.000 99.99 0.259000  10.127 0.000   1.160 0.000   8.967 0.000 0.016 0.000  1.766 0.000
216.208333 217.208333  11.31 0.000  0.80 0.000 9.999 0.259000  0.10 0.000 0.015 0.000  1.664 0.000  2.330 0.000 99.99 0.259000   7.160 0.000   1.327 0.000   5.833 0.000 0.025 0.000  0.518 0.000
219.208333 220.208333  21.32 0.000  0.79 0.000 9.999 0.259000  0.26 0.000 0.066 0.000  0.579 0.000  0.810 0.000 99.99 0.259000   3.328 0.000   0.932 0.000   2.396 0.000 0.014 0.000  0.255 0.000
222.208333 223.208333  41.05 0.000  2.37 0.000 9.999 0.259000  0.79 0.000 0.025 0.000  2.683 0.000  3.756 0.000 99.99 0.259000  20.651 0.000   2.720 0.000  17.930 0.000 0.032 0.000  2.667 0.000
225.208333 226.208333   9.57 0.000  0.59 0.000 9.999 0.259000  0.32 0.000 0.029 0.000  0.271 0.000  0.380 0.000 99.99 0.259000   3.255 0.000   0.624 0.000   2.631 0.000 0.010 0.000  0.462 0.000
228.208333 229.208333   1.83 0.000  0.69 0.000 0.028 0.000000  0.21 0.000 0.008 0.000  0.455 0.000  0.637 0.000 99.99 0.259000   2.699 0.000   0.534 0.000   2.164 0.000 0.009 0.000  0.345 0.000
231.208333 232.208333  27.64 0.000  1.72 0.000 9.999 0.259000  0.88 0.000 0.050 0.000  1.613 0.000  2.259 0.000 99.99 0.259000  21.899 0.000   0.942 0.000  20.957 0.000 0.033 0.000  3.818 0.000
234.208333 235.208333   4.87 0.000  1.30 0.000 9.999 0.259000 99.99 0.259 0.009 0.000  0.718 0.000  1.005 0.000 99.99 0.259000   4.290 0.000   1.751 0.000   2.539 0.000 0.013 0.000  0.196 0.000
237.208333 238.208333  19.68 0.000  1.62 0.000 9.999 0.259000  0.56 0.000 0.028 0.000  1.220 0.000  1.708 0.000 99.99 0.259000   9.476 0.000   2.441 0.000   7.036 0.000 0.018 0.000  0.907 0.000
240.208333 241.208333  27.09 0.000  1.67 0.000 9.999 0.259000  0.39 0.000 0.043 0.000  1.156 0.000  1.619 0.000 99.99 0.259000  14.437 0.000   1.038 0.000  13.399 0.000 0.029 0.000  2.398 0.000
243.208333 244.208333   4.95 0.000  0.92 0.000 9.999 0.259000 99.99 0.259 0.012 0.000  0.507 0.000  0.710 0.000 99.99 0.259000   3.000 0.000   1.229 0.000   1.771 0.000 0.011 0.000  0.180 0.000
