scripts/IMPROVE-2019_partial/data/US0024R.20130101080000.20191216000000.filterpack...52w.3d.US03L_filterpack_US0024.US03L_IMPROVE_Davis.lev2.nas
52 1001
MISSING INFORMATION
US03L, IMPROVE, , , , , , , 
MISSING INFORMATION
IMPROVE sel_HTAP
1 1
2013 01 01 2019 12 16
3.000000
days from file reference point
5
1 1 1 1 1
999.999999 999.999 9.999 999.999 9.999
end_time of measurement, days from the file reference point
pm10_mass, ug/m3, Matrix=pm10
numflag pm10_mass, no unit, Matrix=pm10
pm25_mass, ug/m3, Matrix=pm25
numflag pm25_mass, no unit, Matrix=pm25
0
33
Data definition:              EBAS_1.1
Set type code:                TU
Timezone:                     UTC
File name:                    US0024R.20130101080000.20191216000000.filterpack...52w.3d.US03L_filterpack_US0024.US03L_IMPROVE_Davis.lev2.nas
File creation:                20191218115702
Startdate:                    20130101080000
Revision date:                20191216000000
Version:                      2
Version description:          "Data extracted from http://views.cira.colostate.edu/fed/DataWizard 2019-12-16"
Statistics:                   arithmetic mean
Data level:                   2
Period code:                  52w
Resolution code:              3d
Sample duration:              1d
Orig. time res.:              3d
Station code:                 US0024R
Platform code:                US0024S
Station name:                 Kaiser
Station latitude:             37.2207
Station longitude:            -119.1546
Station altitude:             2597.0 m
Regime:                       IMG
Component:                    
Unit:                         ug/m3
Matrix:                       
Laboratory code:              US03L
Instrument type:              filterpack
Instrument name:              filterpack_US0024
Method ref:                   US03L_IMPROVE_Davis
Blank correction:             Blank corrected
Volume std. temperature:      ambient
Volume std. pressure:         ambient
starttime endtime PM10 flag_PM10 PM2.5 flag_PM2.5
  0.333333   1.333333   1.213 0.000   0.384 0.000
  3.333333   4.333333   0.970 0.000   0.435 0.000
  6.333333   7.333333   1.613 0.000   0.568 0.000
  9.333333  10.333333   1.501 0.000   0.330 0.000
 12.333333  13.333333   0.426 0.000   0.680 0.000
 15.333333  16.333333   0.376 0.000   0.276 0.000
 18.333333  19.333333 999.999 0.999   0.468 0.000
 21.333333  22.333333 999.999 0.999   0.189 0.000
 24.333333  25.333333 999.999 0.999   0.497 0.000
 27.333333  28.333333 999.999 0.999   0.545 0.000
 30.333333  31.333333 999.999 0.999   0.644 0.000
 33.333333  34.333333 999.999 0.999   0.467 0.000
 36.333333  37.333333 999.999 0.999   0.992 0.000
 39.333333  40.333333 999.999 0.999   0.636 0.000
 42.333333  43.333333 999.999 0.999   1.485 0.000
 45.333333  46.333333 999.999 0.999   2.061 0.000
 48.333333  49.333333   4.865 0.000   2.710 0.000
 51.333333  52.333333   2.396 0.000   0.918 0.000
 54.333333  55.333333   2.083 0.000   1.192 0.000
 57.333333  58.333333   4.134 0.000   1.641 0.000
 60.333333  61.333333   2.479 0.000   1.404 0.000
 63.333333  64.333333   4.556 0.000   3.028 0.000
 66.333333  67.333333   1.373 0.000   0.635 0.000
 69.333333  70.333333   2.913 0.000   1.740 0.000
 72.333333  73.333333   3.325 0.000   2.387 0.000
 75.333333  76.333333   5.138 0.000   3.189 0.000
 78.333333  79.333333   2.867 0.000   1.902 0.000
 81.333333  82.333333  11.838 0.000   8.094 0.000
 84.333333  85.333333   8.198 0.000   5.279 0.000
 87.333333  88.333333   3.547 0.000   1.619 0.000
 90.333333  91.333333   2.152 0.000   1.155 0.000
 93.333333  94.333333   3.309 0.000   2.340 0.000
 96.333333  97.333333   7.727 0.000   4.231 0.000
 99.333333 100.333333   3.421 0.000   1.526 0.000
102.333333 103.333333   5.396 0.000   3.248 0.000
105.333333 106.333333   4.785 0.000   1.351 0.000
108.333333 109.333333   6.430 0.000   2.680 0.000
111.333333 112.333333  14.950 0.000   9.300 0.000
114.333333 115.333333  15.143 0.000   5.827 0.000
117.333333 118.333333  13.922 0.000   7.663 0.000
120.333333 121.333333  21.359 0.000   6.747 0.000
123.333333 124.333333  21.130 0.000   8.532 0.000
126.333333 127.333333   1.468 0.000   0.889 0.000
129.333333 130.333333   6.206 0.000   3.637 0.000
132.333333 133.333333   8.154 0.000   4.400 0.000
135.333333 136.333333  10.055 0.000   4.132 0.000
138.333333 139.333333   8.469 0.000   4.325 0.000
141.333333 142.333333  10.987 0.000   3.667 0.000
144.333333 145.333333  12.145 0.000   4.862 0.000
147.333333 148.333333   2.550 0.000   1.244 0.000
150.333333 151.333333   9.129 0.000   4.358 0.000
153.333333 154.333333  15.172 0.000   7.236 0.000
156.333333 157.333333   8.867 0.000   3.100 0.000
159.333333 160.333333  21.831 0.000   8.709 0.000
162.333333 163.333333  12.680 0.000   5.625 0.000
165.333333 166.333333  14.397 0.000   5.196 0.000
168.333333 169.333333 999.999 0.456   6.226 0.000
171.333333 172.333333 999.999 0.456   2.560 0.000
174.333333 175.333333 999.999 0.456   2.368 0.000
177.333333 178.333333  11.221 0.000   2.800 0.000
180.333333 181.333333  23.637 0.000   7.073 0.000
183.333333 184.333333  17.424 0.000   6.833 0.000
186.333333 187.333333  15.238 0.000   4.970 0.000
189.333333 190.333333   6.751 0.000   2.452 0.000
192.333333 193.333333  18.863 0.000   5.803 0.000
195.333333 196.333333  10.611 0.000   3.688 0.000
198.333333 199.333333  17.498 0.000   5.553 0.000
201.333333 202.333333  20.939 0.000   8.164 0.000
204.333333 205.333333  95.117 0.000 999.999 0.999
207.333333 208.333333 999.999 0.456 999.999 0.999
210.333333 211.333333  19.560 0.000  12.382 0.000
213.333333 214.333333  73.030 0.000  68.810 0.000
216.333333 217.333333  46.302 0.000  41.158 0.000
219.333333 220.333333  13.498 0.000   5.778 0.000
222.333333 223.333333  13.458 0.000   7.207 0.000
225.333333 226.333333   9.083 0.000   4.616 0.000
228.333333 229.333333  12.150 0.000   3.858 0.000
231.333333 232.333333   8.822 0.000   3.148 0.000
234.333333 235.333333  11.011 0.000   3.764 0.000
237.333333 238.333333   7.852 0.000   2.986 0.000
240.333333 241.333333   5.679 0.000   2.115 0.000
243.333333 244.333333  24.903 0.000  13.226 0.000
246.333333 247.333333   9.106 0.000   2.816 0.000
249.333333 250.333333   8.900 0.000   2.937 0.000
252.333333 253.333333  13.602 0.000   7.019 0.000
255.333333 256.333333  14.265 0.000   6.843 0.000
258.333333 259.333333   8.158 0.000   3.152 0.000
261.333333 262.333333  12.136 0.000   4.076 0.000
264.333333 265.333333 999.999 0.999 999.999 0.999
267.333333 268.333333 999.999 0.999 999.999 0.999
270.333333 271.333333   6.405 0.000   2.145 0.000
273.333333 274.333333 999.999 0.456   1.749 0.000
276.333333 277.333333  16.130 0.000   4.630 0.000
279.333333 280.333333   8.297 0.000   3.255 0.000
282.333333 283.333333   4.891 0.000   2.630 0.000
285.333333 286.333333  11.788 0.000   5.968 0.000
288.333333 289.333333   8.348 0.000   3.651 0.000
291.333333 292.333333   7.512 0.000   5.782 0.000
294.333333 295.333333   5.922 0.000 999.999 0.456
297.333333 298.333333   8.655 0.000   3.624 0.000
300.333333 301.333333   3.747 0.000   1.173 0.000
303.333333 304.333333   5.467 0.000   1.635 0.000
306.333333 307.333333   3.475 0.000   1.287 0.000
309.333333 310.333333   2.206 0.000   1.270 0.000
312.333333 313.333333   2.587 0.000   1.969 0.000
315.333333 316.333333   1.784 0.000   0.881 0.000
318.333333 319.333333  13.891 0.000   8.509 0.000
321.333333 322.333333  29.086 0.000  25.559 0.000
324.333333 325.333333   2.038 0.000   1.493 0.000
327.333333 328.333333   2.450 0.000   1.946 0.000
330.333333 331.333333   0.797 0.000   0.705 0.000
333.333333 334.333333   1.472 0.000   1.008 0.000
336.333333 337.333333   3.235 0.000   1.405 0.000
339.333333 340.333333   5.311 0.000   3.666 0.000
342.333333 343.333333   0.594 0.000   0.403 0.000
345.333333 346.333333   0.547 0.000   0.154 0.000
348.333333 349.333333   0.583 0.000   0.301 0.000
351.333333 352.333333   1.343 0.000   0.708 0.000
354.333333 355.333333   0.337 0.000   0.309 0.000
357.333333 358.333333   0.517 0.000   0.650 0.000
360.333333 361.333333   1.005 0.000   0.396 0.000
363.333333 364.333333   2.969 0.000   1.491 0.000
