scripts/IMPROVE-2019_partial/data/US0090R.20060102090000.20191216000000.filterpack..pm25.52w.1w.US03L_filterpack_US0090.US03L_IMPROVE_Davis.lev2.nas
66 1001
MISSING INFORMATION
US03L, IMPROVE, , , , , , , 
MISSING INFORMATION
IMPROVE sel_HTAP
1 1
2006 01 01 2019 12 16
3.000
days from file reference point
27
1 1 1 1 1 1 1 1 1 1 1 1 1 1 1 1 1 1 1 1 1 1 1 1 1 1 1
999.999 999.99 9.999 99.99 9.999 9.999 9.999999 9.99 9.999999 9.999 9.999 99.999 9.999 99.999 9.999 999.99 9.999999 999.999 9.999 99.999 9.999 99.999 9.999 9.999 9.999 9.999 9.999
end_time of measurement, days from the file reference point
iron, ng/m3, Revision date=20181210133000
numflag iron, no unit, Revision date=20181210133000
lead, ng/m3, Revision date=20181210133000
numflag lead, no unit, Revision date=20181210133000
magnesium, ug/m3, Revision date=20181210133000
numflag magnesium, no unit, Revision date=20181210133000
nickel, ng/m3, Revision date=20181210133000
numflag nickel, no unit, Revision date=20181210133000
nitrate, ug N/m3, Revision date=20181210133000
numflag nitrate, no unit, Revision date=20181210133000
organic_carbon, ug C/m3, Revision date=20181210133000
numflag organic_carbon, no unit, Revision date=20181210133000
organic_mass, ug/m3, Revision date=20181210133000
numflag organic_mass, no unit, Revision date=20181210133000
phosphorus, ng/m3, Revision date=20181210133000
numflag phosphorus, no unit, Revision date=20181210133000
pm10_mass, ug/m3, Version=2, Version description=Data extracted from http://views.cira.colostate.edu/fed/DataWizard 2019-12-16, Sample duration=1d, Orig. time res.=3d, Matrix=pm10, Blank correction=Blank corrected, Volume std. temperature=ambient, Volume std. pressure=ambient
numflag pm10_mass, no unit, Version=2, Version description=Data extracted from http://views.cira.colostate.edu/fed/DataWizard 2019-12-16, Sample duration=1d, Orig. time res.=3d, Matrix=pm10, Blank correction=Blank corrected, Volume std. temperature=ambient, Volume std. pressure=ambient
pm10_pm25_mass, ug/m3, Revision date=20181210133000, Matrix=pm10_pm25
numflag pm10_pm25_mass, no unit, Revision date=20181210133000, Matrix=pm10_pm25
pm25_mass, ug/m3, Version=2, Version description=Data extracted from http://views.cira.colostate.edu/fed/DataWizard 2019-12-16, Sample duration=1d, Orig. time res.=3d, Blank correction=Blank corrected, Volume std. temperature=ambient, Volume std. pressure=ambient
numflag pm25_mass, no unit, Version=2, Version description=Data extracted from http://views.cira.colostate.edu/fed/DataWizard 2019-12-16, Sample duration=1d, Orig. time res.=3d, Blank correction=Blank corrected, Volume std. temperature=ambient, Volume std. pressure=ambient
potassium, ug/m3, Revision date=20181210133000
numflag potassium, no unit, Revision date=20181210133000
sulphate_total, ug S/m3, Revision date=20181210133000
numflag sulphate_total, no unit, Revision date=20181210133000
0
25
Data definition:              EBAS_1.1
Set type code:                TU
Timezone:                     UTC
File name:                    US0090R.20060102090000.20191216000000.filterpack..pm25.52w.1w.US03L_filterpack_US0090.US03L_IMPROVE_Davis.lev2.nas
File creation:                20191218120129
Startdate:                    20060102090000
Revision date:                20191216000000
Statistics:                   arithmetic mean
Data level:                   2
Period code:                  52w
Resolution code:              1w
Station code:                 US0090R
Platform code:                US0090S
Station name:                 Petersburg
Station latitude:             56.61076
Station longitude:            -132.81234
Station altitude:             0.0 m
Regime:                       IMG
Component:                    
Matrix:                       pm25
Laboratory code:              US03L
Instrument type:              filterpack
Instrument name:              filterpack_US0090
Method ref:                   US03L_IMPROVE_Davis
starttime endtime Fe flag_Fe Pb flag_Pb Mg++ flag_Mg++ Ni flag_Ni NO3- flag_NO3- OC flag_OC OM flag_OM P flag_P PM10 flag_PM10 PM10-PM2.5 flag_PM10-PM2.5 PM2.5 flag_PM2.5 K+ flag_K+ SO4-- flag_SO4--
  1.375   2.375   1.80 0.000  0.18 0.000 9.999 0.259000 9.99 0.259000 0.004 0.000  0.146 0.000  0.204 0.000   0.70 0.000000   0.915 0.000  0.253 0.000  0.662 0.000 0.004 0.000 0.015 0.000
  4.375   5.375   0.50 0.000  0.09 0.000 0.014 0.000000 0.08 0.000000 0.001 0.000 99.999 0.259 99.999 0.259 999.99 0.259000   0.894 0.000  0.322 0.000  0.572 0.000 0.004 0.000 0.013 0.000
  7.375   8.375   4.94 0.000  0.10 0.000 0.005 0.000000 9.99 0.259000 0.002 0.000  0.017 0.000  0.024 0.000 999.99 0.259000   1.341 0.000  0.851 0.000  0.490 0.000 0.004 0.000 0.015 0.000
 10.375  11.375   1.13 0.000  0.12 0.000 9.999 0.259000 9.99 0.259000 0.003 0.000  0.139 0.000  0.195 0.000 999.99 0.259000   1.016 0.000  0.379 0.000  0.637 0.000 0.003 0.000 0.059 0.000
 13.375  14.375   1.50 0.000  0.17 0.000 9.999 0.259000 9.99 0.259000 0.004 0.000  0.141 0.000  0.198 0.000 999.99 0.259000   0.894 0.000  0.189 0.000  0.705 0.000 0.003 0.000 0.027 0.000
 16.375  17.375   0.42 0.000  0.15 0.000 9.999 0.259000 9.99 0.259000 0.000 0.000 99.999 0.259 99.999 0.259 999.99 0.259000   0.329 0.000 99.999 0.259  0.310 0.000 9.999 0.259 0.008 0.000
 19.375  20.375  30.98 0.000  0.18 0.000 0.013 0.000000 9.99 0.259000 0.002 0.000  0.277 0.000  0.388 0.000 999.99 0.259000   4.429 0.000  3.086 0.000  1.343 0.000 0.013 0.000 0.032 0.000
 22.375  23.375   0.65 0.000  0.20 0.000 0.032 0.000000 9.99 0.259000 0.003 0.000 99.999 0.259 99.999 0.259 999.99 0.259000   1.991 0.000  0.551 0.000  1.440 0.000 0.010 0.000 0.056 0.000
 25.375  26.375   1.31 0.000  0.36 0.000 0.004 0.000000 9.99 0.259000 0.007 0.000  0.070 0.000  0.099 0.000   6.77 0.000000   1.087 0.000  0.132 0.000  0.956 0.000 0.004 0.000 0.083 0.000
 28.375  29.375   0.79 0.000  0.16 0.000 9.999 0.259000 9.99 0.259000 0.005 0.000 99.999 0.259 99.999 0.259 999.99 0.259000   0.957 0.000  0.366 0.000  0.591 0.000 0.003 0.000 0.045 0.000
 31.375  32.375   0.73 0.000  0.08 0.000 9.999 0.259000 9.99 0.259000 0.002 0.000  0.088 0.000  0.123 0.000 999.99 0.259000   0.788 0.000  0.221 0.000  0.567 0.000 0.004 0.000 0.019 0.000
 34.375  35.375   2.30 0.000  0.04 0.000 9.999 0.259000 9.99 0.259000 0.003 0.000 99.999 0.259 99.999 0.259 999.99 0.259000   1.128 0.000  0.222 0.000  0.906 0.000 0.004 0.000 0.120 0.000
 37.375  38.375   0.99 0.000 99.99 0.259 9.999 0.259000 9.99 0.259000 0.002 0.000  0.010 0.000  0.014 0.000 999.99 0.259000   1.160 0.000  0.389 0.000  0.770 0.000 0.006 0.000 0.021 0.000
 40.375  41.375  22.06 0.000  0.43 0.000 9.999 0.259000 9.99 0.259000 0.003 0.000  0.021 0.000  0.029 0.000 999.99 0.259000   4.593 0.000  3.519 0.000  1.074 0.000 0.014 0.000 0.055 0.000
 43.375  44.375   1.63 0.000  0.61 0.000 9.999 0.259000 9.99 0.259000 0.007 0.000 99.999 0.259 99.999 0.259 999.99 0.259000   1.837 0.000  0.510 0.000  1.327 0.000 0.009 0.000 0.153 0.000
 46.375  47.375   3.45 0.000  0.22 0.000 9.999 0.259000 9.99 0.259000 0.004 0.000  0.120 0.000  0.168 0.000 999.99 0.259000   0.888 0.000  0.086 0.000  0.802 0.000 0.005 0.000 0.101 0.000
 49.375  50.375   5.08 0.000  0.31 0.000 9.999 0.259000 9.99 0.259000 0.006 0.000  0.210 0.000  0.294 0.000 999.99 0.259000   1.132 0.000  0.157 0.000  0.976 0.000 0.004 0.000 0.080 0.000
 52.375  53.375   7.57 0.000  0.48 0.000 9.999 0.259000 9.99 0.259000 0.009 0.000  0.155 0.000  0.217 0.000 999.99 0.259000   2.237 0.000  0.676 0.000  1.561 0.000 0.015 0.000 0.206 0.000
 55.375  56.375   7.23 0.000  0.65 0.000 9.999 0.259000 0.06 0.000000 0.013 0.000  0.062 0.000  0.086 0.000 999.99 0.259000   1.854 0.000  0.665 0.000  1.190 0.000 0.014 0.000 0.173 0.000
 58.375  59.375  36.26 0.000  2.56 0.000 9.999 0.259000 9.99 0.259000 0.025 0.000  0.188 0.000  0.263 0.000 999.99 0.259000   7.673 0.000  4.649 0.000  3.024 0.000 0.041 0.000 0.375 0.000
 61.375  62.375  21.03 0.000  1.77 0.000 9.999 0.259000 9.99 0.259000 0.016 0.000  0.442 0.000  0.619 0.000 999.99 0.259000   5.883 0.000  2.964 0.000  2.919 0.000 0.033 0.000 0.305 0.000
 64.375  65.375   3.10 0.000  0.20 0.000 9.999 0.259000 9.99 0.259000 0.004 0.000  0.257 0.000  0.360 0.000 999.99 0.259000   1.718 0.000  0.361 0.000  1.357 0.000 0.011 0.000 0.129 0.000
 67.375  68.375   3.00 0.000  0.45 0.000 9.999 0.259000 9.99 0.259000 0.011 0.000  0.070 0.000  0.099 0.000 999.99 0.259000   2.820 0.000  0.898 0.000  1.922 0.000 0.016 0.000 0.159 0.000
 70.375  71.375   4.73 0.000  0.43 0.000 0.004 0.000000 9.99 0.259000 0.009 0.000  0.254 0.000  0.355 0.000 999.99 0.259000   2.370 0.000  0.323 0.000  2.047 0.000 0.012 0.000 0.306 0.000
 73.375  74.375  11.10 0.000  0.75 0.000 9.999 0.259000 9.99 0.259000 0.020 0.000  0.132 0.000  0.185 0.000 999.99 0.259000   2.766 0.000  0.831 0.000  1.935 0.000 0.017 0.000 0.291 0.000
 76.375  77.375  20.07 0.000  0.85 0.000 9.999 0.259000 9.99 0.259000 0.021 0.000  0.206 0.000  0.289 0.000 999.99 0.259000   3.150 0.000  1.041 0.000  2.109 0.000 0.019 0.000 0.292 0.000
 79.375  80.375  11.62 0.000  0.44 0.000 9.999 0.259000 9.99 0.259000 0.007 0.000  0.315 0.000  0.442 0.000 999.99 0.259000   2.199 0.000  0.270 0.000  1.929 0.000 0.018 0.000 0.197 0.000
 82.375  83.375   4.94 0.000  0.24 0.000 0.013 0.000000 9.99 0.259000 0.003 0.000 99.999 0.259 99.999 0.259 999.99 0.259000   1.799 0.000  1.342 0.000  0.457 0.000 0.005 0.000 0.030 0.000
 85.375  86.375   0.76 0.000 99.99 0.259 9.999 0.259000 9.99 0.259000 0.001 0.000  0.026 0.000  0.037 0.000 999.99 0.259000   0.379 0.000  0.047 0.000  0.294 0.000 0.001 0.000 0.027 0.000
 88.375  89.375   5.32 0.000  0.50 0.000 9.999 0.259000 0.04 0.000000 0.011 0.000 99.999 0.259 99.999 0.259 999.99 0.259000   1.241 0.000  0.531 0.000  0.710 0.000 0.006 0.000 0.080 0.000
 91.375  92.375   6.45 0.000  0.27 0.000 9.999 0.259000 0.07 0.000000 0.008 0.000  0.308 0.000  0.431 0.000 999.99 0.259000   1.346 0.000  0.421 0.000  0.925 0.000 0.008 0.000 0.094 0.000
 94.375  95.375  36.42 0.000  1.11 0.000 9.999 0.259000 9.99 0.259000 0.028 0.000  0.238 0.000  0.333 0.000 999.99 0.259000   4.457 0.000  1.599 0.000  2.858 0.000 0.034 0.000 0.336 0.000
 97.375  98.375   0.43 0.000  0.08 0.000 9.999 0.259000 0.04 0.000000 0.001 0.000 99.999 0.259 99.999 0.259 999.99 0.259000   0.209 0.000  0.054 0.000  0.154 0.000 0.002 0.000 0.002 0.000
100.375 101.375   1.07 0.000 99.99 0.259 9.999 0.259000 9.99 0.259000 0.002 0.000  0.025 0.000  0.034 0.000 999.99 0.259000   0.457 0.000  0.052 0.000  0.405 0.000 0.002 0.000 0.035 0.000
103.375 104.375   2.34 0.000  0.15 0.000 9.999 0.259000 9.99 0.259000 0.004 0.000 99.999 0.259 99.999 0.259 999.99 0.259000   1.071 0.000  0.278 0.000  0.793 0.000 0.006 0.000 0.057 0.000
106.375 107.375   1.70 0.000  0.05 0.000 9.999 0.259000 9.99 0.259000 0.006 0.000 99.999 0.259 99.999 0.259 999.99 0.259000   1.071 0.000  0.400 0.000  0.671 0.000 0.003 0.000 0.053 0.000
109.375 110.375   0.84 0.000  0.08 0.000 9.999 0.259000 9.99 0.259000 0.002 0.000 99.999 0.259 99.999 0.259 999.99 0.259000   0.379 0.000  0.044 0.000  0.266 0.000 0.001 0.000 0.015 0.000
112.375 113.375  39.56 0.000  0.37 0.000 0.015 0.000000 9.99 0.259000 0.006 0.000 99.999 0.259 99.999 0.259 999.99 0.259000   3.069 0.000  1.679 0.000  1.390 0.000 0.024 0.000 0.090 0.000
115.375 116.375   9.63 0.000 99.99 0.259 0.004 0.000000 0.03 0.000000 0.001 0.000 99.999 0.259 99.999 0.259 999.99 0.259000   0.921 0.000  0.427 0.000  0.494 0.000 0.008 0.000 0.048 0.000
118.375 119.375   3.40 0.000 99.99 0.259 0.013 0.000000 9.99 0.259000 0.004 0.000 99.999 0.259 99.999 0.259 999.99 0.259000   1.262 0.000  0.461 0.000  0.802 0.000 0.007 0.000 0.083 0.000
121.375 122.375   8.06 0.000  0.30 0.000 9.999 0.259000 0.05 0.000000 0.012 0.559  0.031 0.000  0.044 0.000 999.99 0.259000   2.022 0.000  0.889 0.000  1.133 0.000 0.009 0.000 0.137 0.559
124.375 125.375   3.20 0.000  0.19 0.000 9.999 0.259000 9.99 0.259000 0.009 0.000  0.376 0.000  0.527 0.000 999.99 0.259000   1.966 0.000  0.675 0.000  1.292 0.000 0.006 0.000 0.095 0.000
127.375 128.375   5.44 0.000  0.22 0.000 9.999 0.259000 0.05 0.000000 0.012 0.559  0.018 0.000  0.025 0.000 999.99 0.259000   2.563 0.000  1.022 0.000  1.540 0.000 0.011 0.000 0.202 0.559
130.375 131.375   4.72 0.000  0.19 0.000 9.999 0.259000 9.99 0.259000 0.005 0.000  0.075 0.000  0.105 0.000 999.99 0.259000   1.212 0.000  0.386 0.000  0.827 0.000 0.007 0.000 0.055 0.000
133.375 134.375   8.46 0.000  0.24 0.000 9.999 0.259000 0.19 0.000000 0.010 0.559  0.064 0.000  0.089 0.000 999.99 0.259000   2.202 0.000  0.902 0.000  1.300 0.000 0.009 0.000 0.144 0.559
136.375 137.375   7.83 0.000  0.09 0.000 9.999 0.259000 0.22 0.000000 0.040 0.559  0.259 0.000  0.362 0.000 999.99 0.259000   7.571 0.000  3.352 0.000  4.219 0.000 0.032 0.000 0.304 0.559
139.375 140.375   1.46 0.000 99.99 0.259 9.999 0.259000 0.14 0.000000 0.005 0.000  0.141 0.000  0.197 0.000 999.99 0.259000   1.783 0.000  1.103 0.000  0.679 0.000 0.004 0.000 0.076 0.000
142.375 143.375 999.99 0.456 99.99 0.456 9.999 0.456000 9.99 0.456000 0.006 0.000  0.441 0.000  0.618 0.000 999.99 0.456000   3.686 0.000 99.999 0.456 99.999 0.456 9.999 0.456 0.080 0.000
145.375 146.375   8.05 0.000  0.26 0.000 9.999 0.259000 0.42 0.000000 0.023 0.000  0.579 0.000  0.810 0.000 999.99 0.259000   3.786 0.000  1.946 0.000  1.841 0.000 0.013 0.000 0.143 0.000
148.375 149.375   3.25 0.000  0.13 0.000 9.999 0.259000 0.10 0.000000 0.005 0.000  0.107 0.000  0.149 0.000 999.99 0.259000   1.909 0.000  0.836 0.000  1.073 0.000 0.007 0.000 0.108 0.000
151.375 152.375   2.66 0.000  0.13 0.000 9.999 0.259000 9.99 0.259000 0.001 0.000  0.095 0.000  0.133 0.000   6.52 0.000000   4.068 0.000  3.346 0.000  0.722 0.000 0.008 0.000 0.027 0.000
154.375 155.375   2.11 0.000  0.11 0.000 0.005 0.000000 9.99 0.259000 0.006 0.000  0.123 0.000  0.172 0.000 999.99 0.259000   7.577 0.000  6.619 0.000  0.958 0.000 0.007 0.000 0.056 0.000
157.375 158.375   5.74 0.000  0.38 0.000 0.006 0.000000 0.11 0.000000 0.007 0.000  0.428 0.000  0.599 0.000 999.99 0.259000   4.288 0.000  1.322 0.000  2.966 0.000 0.014 0.000 0.340 0.000
160.375 161.375  21.93 0.000  0.48 0.000 0.007 0.000000 0.25 0.000000 0.007 0.000  1.616 0.000  2.262 0.000 999.99 0.259000   7.820 0.000  2.809 0.000  5.010 0.000 0.033 0.000 0.307 0.000
163.375 164.375  29.02 0.000  0.26 0.000 0.025 0.000000 0.47 0.000000 0.059 0.000  1.837 0.000  2.571 0.000 999.99 0.259000  12.021 0.000  6.640 0.000  5.381 0.000 0.028 0.000 0.180 0.000
166.375 167.375   2.50 0.000  0.23 0.000 9.999 0.259000 9.99 0.259000 0.007 0.000  2.609 0.000  3.652 0.000 999.99 0.259000   7.630 0.000  1.402 0.000  6.228 0.000 0.204 0.000 0.056 0.000
169.375 170.375   2.46 0.000  0.06 0.000 9.999 0.259000 0.14 0.000000 0.009 0.000  0.227 0.000  0.318 0.000 999.99 0.259000   2.506 0.000  1.202 0.000  1.304 0.000 0.009 0.000 0.083 0.000
172.375 173.375   0.89 0.000  0.17 0.000 0.009 0.000000 0.07 0.000000 0.009 0.559  0.224 0.000  0.314 0.000   7.73 0.000000   3.300 0.000  1.883 0.000  1.417 0.000 0.037 0.000 0.065 0.559
175.375 176.375   0.47 0.000  0.22 0.000 9.999 0.259000 9.99 0.259000 0.000 0.559  0.187 0.000  0.261 0.000   3.47 0.000000   0.912 0.000  0.436 0.000  0.476 0.000 0.005 0.000 0.011 0.559
178.375 179.375   0.55 0.000  0.14 0.000 0.004 0.000000 0.29 0.000000 0.011 0.559 99.999 0.259 99.999 0.259 999.99 0.259000   2.035 0.000  1.148 0.000  0.887 0.000 0.006 0.000 0.063 0.559
181.375 182.375   2.16 0.000  0.25 0.000 0.009 0.000000 0.16 0.000000 0.011 0.559  0.278 0.000  0.500 0.000 999.99 0.259000   2.901 0.000  1.362 0.000  1.539 0.000 0.008 0.000 0.100 0.559
184.375 185.375   3.85 0.000  0.20 0.000 0.005 0.000000 0.29 0.000000 0.014 0.559  0.256 0.000  0.460 0.000 999.99 0.259000   3.846 0.000  1.533 0.000  2.313 0.000 0.010 0.000 0.234 0.559
187.375 188.375   1.65 0.000  0.11 0.000 0.007 0.000000 0.10 0.000000 0.003 0.559  0.122 0.000  0.220 0.000 999.99 0.259000   2.000 0.000  1.032 0.000  0.968 0.000 0.007 0.000 0.067 0.559
190.375 191.375   0.66 0.000  0.13 0.000 9.999 0.259000 9.99 0.259000 0.006 0.000  0.225 0.000  0.405 0.000 999.99 0.259000   2.779 0.000  1.594 0.000  1.185 0.000 0.010 0.000 0.070 0.000
193.375 194.375 999.99 0.999 99.99 0.999 9.999 0.999000 9.99 0.999000 9.999 0.999 99.999 0.999 99.999 0.999 999.99 0.999000 999.999 0.999 99.999 0.999 99.999 0.999 9.999 0.999 9.999 0.999
196.375 197.375   0.86 0.000  0.28 0.000 0.014 0.000000 0.17 0.000000 0.012 0.559  0.426 0.000  0.766 0.000 999.99 0.259000   3.419 0.000  1.555 0.000  1.864 0.000 0.010 0.000 0.108 0.559
199.375 200.375   3.82 0.000  0.48 0.000 9.999 0.259000 0.14 0.000000 0.010 0.559  0.610 0.000  1.098 0.000  14.87 0.000000   3.737 0.000  1.777 0.000  1.961 0.000 0.012 0.000 0.111 0.559
202.375 203.375   0.89 0.000  0.20 0.000 0.005 0.000000 9.99 0.259000 0.001 0.000  0.181 0.000  0.325 0.000 999.99 0.259000   1.452 0.000  1.040 0.000  0.412 0.000 0.006 0.000 0.016 0.000
205.375 206.375   1.87 0.000  0.13 0.000 9.999 0.259000 9.99 0.259000 0.001 0.000  0.075 0.000  0.135 0.000 999.99 0.259000   1.334 0.000  0.895 0.000  0.438 0.000 0.004 0.000 0.026 0.000
208.375 209.375   0.82 0.000  0.25 0.000 9.999 0.259000 0.22 0.000000 0.013 0.559  0.424 0.000  0.764 0.000 999.99 0.259000   3.202 0.000  1.569 0.000  1.634 0.000 0.009 0.000 0.110 0.559
211.375 212.375   1.05 0.000  0.20 0.000 9.999 0.259000 0.08 0.000000 0.002 0.000  0.046 0.000  0.082 0.000 999.99 0.259000   1.756 0.000  0.665 0.000  1.090 0.000 0.004 0.000 0.106 0.000
214.375 215.375   0.51 0.000  0.10 0.000 9.999 0.259000 0.19 0.000000 0.011 0.559  0.134 0.000  0.241 0.000 999.99 0.259000   3.235 0.000  1.635 0.000  1.601 0.000 0.008 0.000 0.189 0.559
217.375 218.375   0.33 0.000  0.20 0.000 9.999 0.259000 9.99 0.259000 0.004 0.559  0.032 0.000  0.058 0.000 999.99 0.259000   2.081 0.000  1.206 0.000  0.875 0.000 0.006 0.000 0.104 0.559
220.375 221.375   0.54 0.000  0.13 0.000 9.999 0.259000 0.09 0.000000 9.999 0.456  0.072 0.000  0.129 0.000 999.99 0.259000   2.372 0.000  1.650 0.000  0.722 0.000 0.008 0.000 9.999 0.456
223.375 224.375   0.31 0.000  0.14 0.000 0.008 0.000000 9.99 0.259000 9.999 0.456 99.999 0.259 99.999 0.259 999.99 0.259000   1.675 0.000  0.996 0.000  0.679 0.000 0.006 0.000 9.999 0.456
226.375 227.375   1.03 0.000  0.99 0.000 9.999 0.259000 0.25 0.000000 9.999 0.456  0.367 0.000  0.661 0.000 999.99 0.259000   3.596 0.000  1.921 0.000  1.675 0.000 0.009 0.000 9.999 0.456
229.375 230.375   0.31 0.000  0.06 0.000 0.004 0.000000 0.14 0.000000 0.003 0.000 99.999 0.259 99.999 0.259 999.99 0.259000   1.723 0.000  1.136 0.000  0.587 0.000 0.005 0.000 0.063 0.000
232.375 233.375   0.59 0.000  0.21 0.000 9.999 0.259000 9.99 0.259000 0.002 0.000  0.243 0.000  0.438 0.000 999.99 0.259000   2.047 0.000  1.057 0.000  0.990 0.000 0.005 0.000 0.071 0.000
235.375 236.375   0.61 0.000  0.24 0.000 0.006 0.000000 9.99 0.259000 0.006 0.559  0.101 0.000  0.182 0.000 999.99 0.259000   2.705 0.000  0.934 0.000  1.772 0.000 0.005 0.000 0.194 0.559
238.375 239.375   0.61 0.000  0.23 0.000 9.999 0.259000 9.99 0.259000 0.003 0.000  0.166 0.000  0.298 0.000 999.99 0.259000   2.345 0.000  1.235 0.000  1.110 0.000 0.006 0.000 0.093 0.000
241.375 242.375   0.86 0.000  0.49 0.000 9.999 0.259000 0.52 0.000000 0.023 0.000  0.250 0.000  0.450 0.000 999.99 0.259000   3.101 0.000  1.402 0.000  1.699 0.000 0.008 0.000 0.140 0.000
244.375 245.375   0.43 0.000  0.21 0.000 9.999 0.259000 9.99 0.259000 0.006 0.000  0.186 0.000  0.335 0.000 999.99 0.259000   2.159 0.000  1.162 0.000  0.997 0.000 0.005 0.000 0.101 0.000
247.375 248.375   0.82 0.000  0.10 0.000 9.999 0.259000 9.99 0.259000 0.008 0.000  0.172 0.000  0.309 0.000 999.99 0.259000   3.019 0.000  1.945 0.000  1.074 0.000 0.007 0.000 0.068 0.000
250.375 251.375   1.13 0.000  0.14 0.000 9.999 0.259000 0.08 0.000000 0.007 0.000  0.127 0.000  0.229 0.000 999.99 0.259000   3.383 0.000  2.188 0.000  1.195 0.000 0.004 0.000 0.130 0.000
253.375 254.375   1.55 0.394  0.13 0.394 9.999 0.394259 9.99 0.394259 0.002 0.394  0.022 0.394  0.041 0.394 999.99 0.394259   1.824 0.000  0.670 0.394  1.154 0.000 0.005 0.394 0.064 0.394
