scripts/IMPROVE-2019_partial/data/US0052R.20050101060000.20191216000000.filterpack..pm25.52w.1w.US03L_filterpack_US0052.US03L_IMPROVE_Davis.lev2.nas
64 1001
MISSING INFORMATION
US03L, IMPROVE, , , , , , , 
MISSING INFORMATION
IMPROVE sel_HTAP
1 1
2005 01 01 2019 12 16
3.00
days from file reference point
25
1 1 1 1 1 1 1 1 1 1 1 1 1 1 1 1 1 1 1 1 1 1 1 1 1
999.99 9999.99 9.999 999.99 9.999 9.999 9.999 9.99 9.999 99.999 9.999 99.999 9.999 999.999 9.999 999.999 9.999 999.999 9.999 999.999 9.999 9.999 9.999 99.999 9.999
end_time of measurement, days from the file reference point
iron, ng/m3, Revision date=20181210133000
numflag iron, no unit, Revision date=20181210133000
lead, ng/m3, Revision date=20181210133000
numflag lead, no unit, Revision date=20181210133000
magnesium, ug/m3, Revision date=20181210133000
numflag magnesium, no unit, Revision date=20181210133000
nickel, ng/m3, Revision date=20181210133000
numflag nickel, no unit, Revision date=20181210133000
nitrate, ug N/m3, Revision date=20181210133000
numflag nitrate, no unit, Revision date=20181210133000
organic_carbon, ug C/m3, Revision date=20181210133000
numflag organic_carbon, no unit, Revision date=20181210133000
organic_mass, ug/m3, Revision date=20181210133000
numflag organic_mass, no unit, Revision date=20181210133000
pm10_mass, ug/m3, Version=2, Version description=Data extracted from http://views.cira.colostate.edu/fed/DataWizard 2019-12-16, Sample duration=1d, Orig. time res.=3d, Matrix=pm10, Blank correction=Blank corrected, Volume std. temperature=ambient, Volume std. pressure=ambient
numflag pm10_mass, no unit, Version=2, Version description=Data extracted from http://views.cira.colostate.edu/fed/DataWizard 2019-12-16, Sample duration=1d, Orig. time res.=3d, Matrix=pm10, Blank correction=Blank corrected, Volume std. temperature=ambient, Volume std. pressure=ambient
pm10_pm25_mass, ug/m3, Revision date=20181210133000, Matrix=pm10_pm25
numflag pm10_pm25_mass, no unit, Revision date=20181210133000, Matrix=pm10_pm25
pm25_mass, ug/m3, Version=2, Version description=Data extracted from http://views.cira.colostate.edu/fed/DataWizard 2019-12-16, Sample duration=1d, Orig. time res.=3d, Blank correction=Blank corrected, Volume std. temperature=ambient, Volume std. pressure=ambient
numflag pm25_mass, no unit, Version=2, Version description=Data extracted from http://views.cira.colostate.edu/fed/DataWizard 2019-12-16, Sample duration=1d, Orig. time res.=3d, Blank correction=Blank corrected, Volume std. temperature=ambient, Volume std. pressure=ambient
potassium, ug/m3, Revision date=20181210133000
numflag potassium, no unit, Revision date=20181210133000
sulphate_total, ug S/m3, Revision date=20181210133000
numflag sulphate_total, no unit, Revision date=20181210133000
0
25
Data definition:              EBAS_1.1
Set type code:                TU
Timezone:                     UTC
File name:                    US0052R.20050101060000.20191216000000.filterpack..pm25.52w.1w.US03L_filterpack_US0052.US03L_IMPROVE_Davis.lev2.nas
File creation:                20191218115835
Startdate:                    20050101060000
Revision date:                20191216000000
Statistics:                   arithmetic mean
Data level:                   2
Period code:                  52w
Resolution code:              1w
Station code:                 US0052R
Platform code:                US0052S
Station name:                 Hercules-Glades
Station latitude:             36.6138
Station longitude:            -92.9221
Station altitude:             404.0 m
Regime:                       IMG
Component:                    
Matrix:                       pm25
Laboratory code:              US03L
Instrument type:              filterpack
Instrument name:              filterpack_US0052
Method ref:                   US03L_IMPROVE_Davis
starttime endtime Fe flag_Fe Pb flag_Pb Mg++ flag_Mg++ Ni flag_Ni NO3- flag_NO3- OC flag_OC OM flag_OM PM10 flag_PM10 PM10-PM2.5 flag_PM10-PM2.5 PM2.5 flag_PM2.5 K+ flag_K+ SO4-- flag_SO4--
[from data line 94]
282.25 283.25   23.39 0.000   3.95 0.000 9.999 0.259 0.31 0.000  0.089 0.000  1.188 0.000   2.139 0.000  14.719 0.000   4.610 0.000  10.107 0.000 0.036 0.000  1.619 0.000
285.25 286.25   19.13 0.000   1.16 0.000 9.999 0.259 9.99 0.259  0.055 0.000  1.733 0.000   3.119 0.000  12.152 0.000   4.655 0.000   7.495 0.000 0.031 0.000  0.764 0.000
288.25 289.25   34.04 0.000   3.18 0.000 0.013 0.000 9.99 0.259  0.022 0.000  1.299 0.000   2.338 0.000  14.582 0.000   8.839 0.000   5.742 0.000 0.053 0.000  0.486 0.000
291.25 292.25   49.75 0.000   1.81 0.000 9.999 0.259 0.28 0.000  0.049 0.000  2.562 0.000   4.612 0.000  24.059 0.000   9.212 0.000  14.843 0.000 0.081 0.000  1.884 0.000
294.25 295.25   27.77 0.000   2.47 0.000 0.014 0.000 9.99 0.259  0.382 0.000  1.259 0.000   2.267 0.000  10.246 0.000   4.436 0.000   5.808 0.000 0.038 0.000  0.664 0.000
297.25 298.25   11.93 0.000   0.95 0.000 0.010 0.000 9.99 0.259  0.221 0.000  1.423 0.000   2.562 0.000   8.806 0.000   3.300 0.000   5.561 0.000 0.028 0.000  0.577 0.000
300.25 301.25   31.40 0.000   1.92 0.000 9.999 0.259 9.99 0.259  0.167 0.000  4.661 0.000   8.389 0.000  21.377 0.000   7.123 0.000  14.250 0.000 0.203 0.000  0.930 0.000
303.25 304.25   27.04 0.000   1.59 0.000 9.999 0.259 9.99 0.259  0.128 0.000  2.524 0.000   4.543 0.000  14.423 0.000   2.256 0.000  12.165 0.000 0.090 0.000  1.417 0.000
306.25 307.25   42.09 0.000   2.41 0.000 9.999 0.259 0.24 0.000  0.035 0.000  1.902 0.000   3.423 0.000  11.531 0.000   4.429 0.000   7.099 0.000 0.068 0.000  0.624 0.000
309.25 310.25   57.32 0.000   2.30 0.000 9.999 0.259 9.99 0.259  0.228 0.000  1.408 0.000   2.535 0.000  19.509 0.000  13.774 0.000   5.734 0.000 0.073 0.000  0.379 0.000
312.25 313.25   35.72 0.000   0.86 0.000 9.999 0.259 0.32 0.000  0.087 0.000  1.072 0.000   1.930 0.000  17.086 0.000  11.169 0.000   5.916 0.000 0.044 0.000  0.693 0.000
315.25 316.25   33.43 0.000   1.80 0.000 9.999 0.259 0.55 0.000  0.092 0.000  4.010 0.000   7.218 0.000  22.549 0.000   5.289 0.000  17.256 0.000 0.109 0.000  2.152 0.000
318.25 319.25 9999.99 0.999 999.99 0.999 9.999 0.999 9.99 0.999 99.999 0.999 99.999 0.999 999.999 0.999 999.999 0.999 999.999 0.999 999.999 0.999 9.999 0.999 99.999 0.999
321.25 322.25   21.43 0.000   1.46 0.000 9.999 0.259 9.99 0.259  0.289 0.000  1.754 0.000   3.157 0.000   9.947 0.000   5.213 0.000   4.732 0.000 0.060 0.000  0.259 0.000
324.25 325.25   11.05 0.000   1.76 0.000 9.999 0.259 9.99 0.259  0.448 0.000  1.392 0.000   2.505 0.000   7.065 0.000   2.539 0.000   4.525 0.000 0.054 0.000  0.455 0.000
327.25 328.25   11.32 0.000   0.44 0.000 9.999 0.259 9.99 0.259  0.040 0.000  0.502 0.000   0.904 0.000   5.825 0.000   4.060 0.000   1.765 0.000 0.020 0.000  0.129 0.000
330.25 331.25   39.07 0.000   0.96 0.000 9.999 0.259 0.33 0.000  0.111 0.000  1.646 0.000   2.962 0.000  14.334 0.000   6.581 0.000   7.751 0.000 0.073 0.000  0.803 0.000
333.25 334.25   17.09 0.000   0.66 0.000 9.999 0.259 9.99 0.259  0.172 0.000  1.199 0.000   2.158 0.000   8.026 0.000   3.873 0.000   4.152 0.000 0.039 0.000  0.369 0.000
336.25 337.25   36.17 0.000   3.30 0.000 0.018 0.000 0.17 0.000  0.661 0.000  3.425 0.000   6.166 0.000  24.719 0.000  11.400 0.000  13.316 0.000 0.091 0.000  1.155 0.000
339.25 340.25   38.97 0.000   1.55 0.000 9.999 0.259 0.15 0.000  1.081 0.000  1.619 0.000   2.914 0.000  18.174 0.000   6.961 0.000  11.323 0.000 0.054 0.000  0.652 0.000
342.25 343.25   12.39 0.000   1.89 0.000 9.999 0.259 9.99 0.259  0.536 0.000  1.821 0.000   3.278 0.000   9.699 0.000   1.996 0.000   7.700 0.000 0.065 0.000  0.340 0.000
345.25 346.25   12.22 0.000   0.99 0.000 9.999 0.259 9.99 0.259  0.127 0.000  0.582 0.000   1.048 0.000   4.610 0.000   2.174 0.000   2.436 0.000 0.021 0.000  0.283 0.000
348.25 349.25   10.58 0.000   0.77 0.000 9.999 0.259 9.99 0.259  0.158 0.000  0.705 0.000   1.269 0.000   5.153 0.000   2.911 0.000   2.242 0.000 0.027 0.000  0.209 0.000
351.25 352.25   21.12 0.000   7.06 0.000 9.999 0.259 9.99 0.259  0.637 0.000  2.036 0.000   3.665 0.000  12.139 0.000   3.796 0.000   8.342 0.000 0.075 0.000  0.455 0.000
354.25 355.25   25.38 0.000   2.54 0.000 9.999 0.259 0.19 0.000  2.525 0.000  2.355 0.000   4.239 0.000  31.646 0.000   6.806 0.000  24.836 0.000 0.060 0.000  1.728 0.000
357.25 358.25   11.71 0.000   0.80 0.000 9.999 0.259 0.23 0.000  0.308 0.000  0.956 0.000   1.721 0.000   6.021 0.000   1.960 0.000   4.061 0.000 0.027 0.000  0.432 0.000
360.25 361.25   21.13 0.000   1.15 0.000 9.999 0.259 0.34 0.000 99.999 0.699 99.999 0.699 999.999 0.699  13.879 0.000   7.269 0.000   6.726 0.000 0.065 0.000 99.999 0.699
363.25 364.25   17.32 0.000   1.88 0.000 9.999 0.259 9.99 0.259  0.571 0.000  1.040 0.000   1.872 0.000   9.400 0.000   4.048 0.000   5.352 0.000 0.034 0.000  0.507 0.000
