scripts/IMPROVE-2019_partial/data/US0082R.20080101050000.20191216000000.filterpack...52w.3d.US03L_filterpack_US0082.US03L_IMPROVE_Davis.lev2.nas
51 1001
MISSING INFORMATION
US03L, IMPROVE, , , , , , , 
MISSING INFORMATION
IMPROVE sel_HTAP
1 1
2008 01 01 2019 12 16
3.000000
days from file reference point
4
1 1 1 1
999.999999 999.999 999.999 9.999
end_time of measurement, days from the file reference point
pm10_mass, ug/m3, Matrix=pm10
pm25_mass, ug/m3, Matrix=pm25
numflag, no unit
0
33
Data definition:              EBAS_1.1
Set type code:                TU
Timezone:                     UTC
File name:                    US0082R.20080101050000.20191216000000.filterpack...52w.3d.US03L_filterpack_US0082.US03L_IMPROVE_Davis.lev2.nas
File creation:                20191218120057
Startdate:                    20080101050000
Revision date:                20191216000000
Version:                      2
Version description:          "Data extracted from http://views.cira.colostate.edu/fed/DataWizard 2019-12-16"
Statistics:                   arithmetic mean
Data level:                   2
Period code:                  52w
Resolution code:              3d
Sample duration:              1d
Orig. time res.:              3d
Station code:                 US0082R
Platform code:                US0082S
Station name:                 Lye Brook Wilderness
Station latitude:             43.1482
Station longitude:            -73.1268
Station altitude:             1015.0 m
Regime:                       IMG
Component:                    
Unit:                         ug/m3
Matrix:                       
Laboratory code:              US03L
Instrument type:              filterpack
Instrument name:              filterpack_US0082
Method ref:                   US03L_IMPROVE_Davis
Blank correction:             Blank corrected
Volume std. temperature:      ambient
Volume std. pressure:         ambient
starttime endtime PM10 PM2.5 flag
  0.208333   1.208333   4.453   3.500 0.000
  3.208333   4.208333   4.901   4.900 0.000
  6.208333   7.208333   6.222   3.628 0.000
  9.208333  10.208333   4.213   2.362 0.000
 12.208333  13.208333   3.318   2.612 0.000
 15.208333  16.208333   2.585   1.209 0.000
 18.208333  19.208333   7.019   4.729 0.000
 21.208333  22.208333  10.087   4.726 0.000
 24.208333  25.208333   5.965   2.963 0.000
 27.208333  28.208333   6.756   5.219 0.000
 30.208333  31.208333   9.337   3.901 0.000
 33.208333  34.208333   7.832   6.671 0.000
 36.208333  37.208333 999.999 999.999 0.999
 39.208333  40.208333 999.999 999.999 0.999
 42.208333  43.208333 999.999 999.999 0.999
 45.208333  46.208333 999.999 999.999 0.999
 48.208333  49.208333 999.999 999.999 0.999
 51.208333  52.208333 999.999 999.999 0.999
 54.208333  55.208333 999.999 999.999 0.999
 57.208333  58.208333 999.999 999.999 0.999
 60.208333  61.208333 999.999 999.999 0.999
 63.208333  64.208333 999.999 999.999 0.999
 66.208333  67.208333 999.999 999.999 0.999
 69.208333  70.208333 999.999 999.999 0.999
 72.208333  73.208333 999.999 999.999 0.999
 75.208333  76.208333 999.999 999.999 0.999
 78.208333  79.208333 999.999 999.999 0.999
 81.208333  82.208333 999.999 999.999 0.999
 84.208333  85.208333 999.999 999.999 0.999
 87.208333  88.208333 999.999 999.999 0.999
 90.208333  91.208333 999.999 999.999 0.999
 93.208333  94.208333 999.999 999.999 0.999
 96.208333  97.208333 999.999 999.999 0.999
 99.208333 100.208333  14.637   4.321 0.000
102.208333 103.208333   5.542   3.230 0.000
105.208333 106.208333   1.901   0.945 0.000
108.208333 109.208333  18.142  10.249 0.000
111.208333 112.208333  21.331  10.823 0.000
114.208333 115.208333  11.832   5.869 0.000
117.208333 118.208333   8.280   4.558 0.000
120.208333 121.208333   5.024   3.176 0.000
123.208333 124.208333   2.108   0.640 0.000
126.208333 127.208333  11.218   6.426 0.000
129.208333 130.208333   4.465   1.738 0.000
132.208333 133.208333   3.948   1.444 0.000
135.208333 136.208333  10.375   4.617 0.000
138.208333 139.208333   3.083   1.424 0.000
141.208333 142.208333 999.999 999.999 0.999
144.208333 145.208333 999.999 999.999 0.999
147.208333 148.208333 999.999 999.999 0.999
150.208333 151.208333  14.528   6.259 0.000
153.208333 154.208333   6.576   3.724 0.000
156.208333 157.208333   2.908   1.127 0.000
159.208333 160.208333  16.619  11.723 0.000
162.208333 163.208333   8.463   3.141 0.000
165.208333 166.208333  31.908  25.675 0.000
168.208333 169.208333   5.169   2.091 0.000
171.208333 172.208333   7.896   5.403 0.000
174.208333 175.208333 999.999 999.999 0.999
177.208333 178.208333  10.397   6.926 0.000
180.208333 181.208333  17.403  10.191 0.000
183.208333 184.208333   8.579   4.140 0.000
186.208333 187.208333   9.336   7.255 0.000
189.208333 190.208333  20.940  17.805 0.000
192.208333 193.208333   7.342   3.595 0.000
195.208333 196.208333   6.094   3.241 0.000
198.208333 199.208333  12.699   8.490 0.000
201.208333 202.208333  26.825  23.538 0.000
204.208333 205.208333 999.999 999.999 0.999
207.208333 208.208333  14.352  11.027 0.000
210.208333 211.208333   8.821   6.301 0.000
213.208333 214.208333   6.722   4.192 0.000
216.208333 217.208333   3.581   1.920 0.000
219.208333 220.208333   7.622   4.710 0.000
222.208333 223.208333   5.284   3.440 0.000
225.208333 226.208333   6.300   2.501 0.000
228.208333 229.208333   4.566   2.755 0.000
231.208333 232.208333   4.335   2.444 0.000
234.208333 235.208333   8.309   4.794 0.000
237.208333 238.208333   8.780   6.098 0.000
240.208333 241.208333   8.332   3.816 0.000
243.208333 244.208333   6.893   4.252 0.000
246.208333 247.208333  12.877   7.401 0.000
249.208333 250.208333   3.774   2.199 0.000
252.208333 253.208333   7.431   5.784 0.000
255.208333 256.208333   2.782   1.870 0.000
258.208333 259.208333   6.834   3.283 0.000
261.208333 262.208333   4.213   2.144 0.000
264.208333 265.208333  14.485  10.707 0.000
267.208333 268.208333  11.750   7.804 0.000
270.208333 271.208333   1.877   0.276 0.000
273.208333 274.208333   5.197   2.884 0.000
276.208333 277.208333   2.821   1.862 0.000
279.208333 280.208333   3.245   2.208 0.000
282.208333 283.208333   6.266   3.590 0.000
285.208333 286.208333   5.348   2.971 0.000
288.208333 289.208333   7.824   3.226 0.000
291.208333 292.208333   3.641   1.872 0.000
294.208333 295.208333   4.553   3.066 0.000
297.208333 298.208333   3.706   2.281 0.000
300.208333 301.208333   7.355   5.343 0.000
303.208333 304.208333   1.022   0.656 0.000
306.208333 307.208333   2.808   1.811 0.000
309.208333 310.208333  13.800   9.829 0.000
312.208333 313.208333   3.064   1.117 0.000
315.208333 316.208333   2.343   1.314 0.000
318.208333 319.208333   1.437   0.737 0.000
321.208333 322.208333   1.879   1.323 0.000
324.208333 325.208333   3.622   1.417 0.000
327.208333 328.208333   2.334   1.495 0.000
330.208333 331.208333   4.416   1.994 0.000
333.208333 334.208333   2.015   1.466 0.000
336.208333 337.208333   4.318   2.589 0.000
339.208333 340.208333   6.841   2.182 0.000
342.208333 343.208333   2.360   1.093 0.000
345.208333 346.208333 999.999 999.999 0.999
348.208333 349.208333 999.999 999.999 0.999
351.208333 352.208333   5.955   0.968 0.000
354.208333 355.208333   2.422   1.818 0.000
357.208333 358.208333   3.142   2.281 0.000
360.208333 361.208333 999.999 999.999 0.999
363.208333 364.208333 999.999 999.999 0.999
