scripts/IMPROVE-2019_partial/data/US0012R.19910102070000.20191216000000.filterpack...1y.3d.US03L_filterpack_US0012.US03L_IMPROVE_Davis.lev2.nas
52 1001
MISSING INFORMATION
US03L, IMPROVE, , , , , , , 
MISSING INFORMATION
IMPROVE sel_HTAP
1 1
1991 01 01 2019 12 16
0
days from file reference point
5
1 1 1 1 1
999.999999 999.999 9.999 99.999 9.999999
end_time of measurement, days from the file reference point
pm10_mass, ug/m3, Matrix=pm10
numflag pm10_mass, no unit, Matrix=pm10
pm25_mass, ug/m3, Matrix=pm25
numflag pm25_mass, no unit, Matrix=pm25
0
33
Data definition:              EBAS_1.1
Set type code:                TI
Timezone:                     UTC
File name:                    US0012R.19910102070000.20191216000000.filterpack...1y.3d.US03L_filterpack_US0012.US03L_IMPROVE_Davis.lev2.nas
File creation:                20191218115610
Startdate:                    19910102070000
Revision date:                20191216000000
Version:                      2
Version description:          "Data extracted from http://views.cira.colostate.edu/fed/DataWizard 2019-12-16"
Statistics:                   arithmetic mean
Data level:                   2
Period code:                  1y
Resolution code:              3d
Sample duration:              1d
Orig. time res.:              3d
Station code:                 US0012R
Platform code:                US0012S
Station name:                 Hopi Point #1
Station latitude:             36.0658
Station longitude:            -112.1539
Station altitude:             2164.0 m
Regime:                       IMG
Component:                    
Unit:                         ug/m3
Matrix:                       
Laboratory code:              US03L
Instrument type:              filterpack
Instrument name:              filterpack_US0012
Method ref:                   US03L_IMPROVE_Davis
Blank correction:             Blank corrected
Volume std. temperature:      ambient
Volume std. pressure:         ambient
starttime endtime PM10 flag_PM10 PM2.5 flag_PM2.5
  1.291667   2.291667   4.582 0.000  4.237 0.559000
  4.291667   5.291667 999.999 0.999  1.111 0.559000
  8.291667   9.291667   8.295 0.000  7.270 0.559000
 11.291667  12.291667   2.500 0.000 99.999 0.559259
 15.291667  16.291667   2.256 0.000  1.362 0.559000
 18.291667  19.291667   5.292 0.000  1.610 0.559000
 22.291667  23.291667   2.519 0.000  2.500 0.559000
 25.291667  26.291667   3.168 0.000  2.167 0.559000
 29.291667  30.291667   2.101 0.000  1.193 0.559000
 32.291667  33.291667   4.047 0.000  2.215 0.559000
 36.291667  37.291667   5.039 0.000  3.046 0.559000
 39.291667  40.291667   5.433 0.000  3.344 0.559000
 43.291667  44.291667   4.154 0.000  2.883 0.559000
 46.291667  47.291667   5.000 0.000  2.883 0.559000
 50.291667  51.291667   3.408 0.000  1.201 0.559000
 53.291667  54.291667   5.387 0.000 99.999 0.559259
 57.291667  58.291667   8.379 0.000  4.067 0.559000
 60.291667  61.291667   2.989 0.000  1.169 0.559000
 64.291667  65.291667   6.175 0.000  1.994 0.559000
 67.291667  68.291667   9.691 0.000  2.716 0.559000
 71.291667  72.291667   4.551 0.000 99.999 0.559259
 74.291667  75.291667   4.047 0.000  2.901 0.559000
 78.291667  79.291667  10.865 0.000  3.209 0.559000
 81.291667  82.291667   3.253 0.000  2.125 0.559000
 85.291667  86.291667   6.839 0.000  1.494 0.559000
 88.291667  89.291667   6.341 0.000  3.282 0.559000
 92.291667  93.291667   7.515 0.000  4.294 0.559000
 95.291667  96.291667   8.832 0.000  5.602 0.559000
 99.291667 100.291667  14.554 0.000  4.657 0.559000
102.291667 103.291667   5.539 0.000  2.289 0.559000
106.291667 107.291667   9.052 0.000  3.952 0.559000
109.291667 110.291667  18.462 0.000  5.422 0.559000
113.291667 114.291667  24.828 0.000 99.999 0.559259
116.291667 117.291667  12.054 0.000 99.999 0.559259
120.291667 121.291667  16.067 0.000  5.643 0.559000
123.291667 124.291667   5.310 0.000  3.206 0.559000
127.291667 128.291667  12.422 0.000  4.320 0.559000
130.291667 131.291667  10.448 0.000  3.522 0.559000
134.291667 135.291667   5.486 0.000  1.686 0.559000
137.291667 138.291667  11.719 0.000  5.536 0.559000
141.291667 142.291667  12.686 0.000  4.521 0.559000
144.291667 145.291667   9.942 0.000  4.451 0.559000
148.291667 149.291667  10.983 0.000  5.015 0.559000
151.291667 152.291667   3.129 0.000  1.778 0.559000
155.291667 156.291667   8.428 0.000  7.118 0.559000
158.291667 159.291667   8.554 0.000 99.999 0.559259
162.291667 163.291667  12.583 0.000  6.953 0.559000
165.291667 166.291667   8.996 0.000  4.492 0.559000
169.291667 170.291667  24.569 0.000  4.043 0.559000
172.291667 173.291667  12.286 0.000  3.957 0.559000
176.291667 177.291667  14.927 0.000  3.818 0.559000
179.291667 180.291667  11.935 0.000 99.999 0.559259
183.291667 184.291667  21.137 0.000  5.562 0.559000
186.291667 187.291667  11.661 0.000  3.951 0.559000
190.291667 191.291667   9.529 0.000  5.452 0.559000
193.291667 194.291667   9.143 0.000  3.795 0.559000
197.291667 198.291667  16.553 0.000  7.831 0.559000
200.291667 201.291667  11.341 0.000  5.633 0.559000
204.291667 205.291667   8.136 0.000  3.837 0.559000
207.291667 208.291667   7.361 0.000  3.595 0.559000
211.291667 212.291667   9.895 0.000  4.061 0.559000
214.291667 215.291667  20.352 0.000  3.879 0.559000
218.291667 219.291667  11.403 0.000  1.733 0.559000
221.291667 222.291667   8.467 0.000 99.999 0.559259
225.291667 226.291667 999.999 0.999  4.169 0.559000
228.291667 229.291667 999.999 0.999  2.326 0.559000
232.291667 233.291667   4.034 0.000  3.323 0.559000
235.291667 236.291667   7.729 0.000  3.815 0.559000
239.291667 240.291667   9.623 0.000  5.714 0.559000
242.291667 243.291667   8.519 0.000  4.286 0.559000
246.291667 247.291667   6.170 0.000  3.969 0.559000
249.291667 250.291667   5.284 0.000  4.489 0.559000
253.291667 254.291667  11.394 0.000  3.498 0.559000
256.291667 257.291667   7.808 0.000  3.622 0.559000
260.291667 261.291667  11.509 0.000  3.231 0.559000
263.291667 264.291667  12.500 0.000 99.999 0.559259
267.291667 268.291667   7.263 0.000  3.436 0.559000
270.291667 271.291667   7.266 0.000  3.190 0.559000
274.291667 275.291667   5.445 0.000  2.591 0.559000
277.291667 278.291667   7.138 0.000  2.844 0.559000
281.291667 282.291667   9.542 0.000 99.999 0.559259
284.291667 285.291667  10.246 0.000  3.881 0.559000
288.291667 289.291667   6.180 0.000  2.087 0.559000
291.291667 292.291667   6.581 0.000  2.112 0.559000
295.291667 296.291667  11.293 0.000  2.981 0.559000
298.291667 299.291667  10.690 0.000  3.195 0.559000
302.291667 303.291667   5.586 0.000  2.296 0.559000
305.291667 306.291667   3.359 0.000 99.999 0.559259
309.291667 310.291667   4.173 0.000  1.447 0.559000
312.291667 313.291667  11.654 0.000  4.937 0.559000
316.291667 317.291667  10.442 0.000  2.300 0.559000
319.291667 320.291667   9.959 0.000  1.757 0.559000
323.291667 324.291667   4.045 0.000  1.850 0.559000
326.291667 327.291667   4.612 0.000  0.658 0.559000
330.291667 331.291667   6.183 0.000  1.725 0.559000
333.291667 334.291667   3.571 0.000  1.397 0.559000
337.291667 338.291667   3.821 0.000  1.821 0.559000
340.291667 341.291667   7.205 0.000  3.238 0.559000
344.291667 345.291667   3.154 0.000  1.885 0.559000
347.291667 348.291667   7.137 0.000  2.045 0.559000
351.291667 352.291667   7.884 0.000  2.866 0.559000
354.291667 355.291667   4.320 0.000 99.999 0.559259
358.291667 359.291667  11.702 0.000  4.662 0.559000
361.291667 362.291667   5.708 0.000  4.405 0.559000
