scripts/IMPROVE-2019_partial/data/US0089R.19910102070000.20191216000000.filterpack...1y.3d.US03L_filterpack_US0089.US03L_IMPROVE_Davis.lev2.nas
52 1001
MISSING INFORMATION
US03L, IMPROVE, , , , , , , 
MISSING INFORMATION
IMPROVE sel_HTAP
1 1
1991 01 01 2019 12 16
0
days from file reference point
5
1 1 1 1 1
999.999999 999.999 9.999 99.999 9.999999
end_time of measurement, days from the file reference point
pm10_mass, ug/m3, Matrix=pm10
numflag pm10_mass, no unit, Matrix=pm10
pm25_mass, ug/m3, Matrix=pm25
numflag pm25_mass, no unit, Matrix=pm25
0
33
Data definition:              EBAS_1.1
Set type code:                TI
Timezone:                     UTC
File name:                    US0089R.19910102070000.20191216000000.filterpack...1y.3d.US03L_filterpack_US0089.US03L_IMPROVE_Davis.lev2.nas
File creation:                20191218120124
Startdate:                    19910102070000
Revision date:                20191216000000
Version:                      2
Version description:          "Data extracted from http://views.cira.colostate.edu/fed/DataWizard 2019-12-16"
Statistics:                   arithmetic mean
Data level:                   2
Period code:                  1y
Resolution code:              3d
Sample duration:              1d
Orig. time res.:              3d
Station code:                 US0089R
Platform code:                US0089S
Station name:                 Bridger Wilderness
Station latitude:             42.9749
Station longitude:            -109.7579
Station altitude:             2626.0 m
Regime:                       IMG
Component:                    
Unit:                         ug/m3
Matrix:                       
Laboratory code:              US03L
Instrument type:              filterpack
Instrument name:              filterpack_US0089
Method ref:                   US03L_IMPROVE_Davis
Blank correction:             Blank corrected
Volume std. temperature:      ambient
Volume std. pressure:         ambient
starttime endtime PM10 flag_PM10 PM2.5 flag_PM2.5
  1.291667   2.291667   0.578 0.000  0.511 0.559000
  4.291667   5.291667   1.511 0.000  0.479 0.559000
  8.291667   9.291667 999.999 0.999 99.999 0.999000
 11.291667  12.291667 999.999 0.999 99.999 0.999000
 15.291667  16.291667   1.991 0.000  1.635 0.559000
 18.291667  19.291667 999.999 0.999  3.462 0.559000
 22.291667  23.291667   5.411 0.000  2.179 0.559000
 25.291667  26.291667   5.368 0.000  2.660 0.559000
 29.291667  30.291667   2.857 0.000  1.429 0.559000
 32.291667  33.291667   1.551 0.000  0.652 0.559000
 36.291667  37.291667  26.367 0.000 99.999 0.559259
 39.291667  40.291667 999.999 0.999  1.745 0.559000
 43.291667  44.291667   2.371 0.000  1.693 0.559000
 46.291667  47.291667 999.999 0.999  1.757 0.559000
 50.291667  51.291667   4.874 0.000  3.344 0.559000
 53.291667  54.291667   4.916 0.000  2.750 0.559000
 57.291667  58.291667   5.890 0.000  2.884 0.559000
 60.291667  61.291667   1.441 0.000  1.254 0.559000
 64.291667  65.291667   4.417 0.000  1.375 0.559000
 67.291667  68.291667   6.105 0.000  1.741 0.559000
 71.291667  72.291667 999.999 0.999  4.161 0.559000
 74.291667  75.291667   8.850 0.000 99.999 0.559259
 78.291667  79.291667   2.918 0.000  1.529 0.559000
 81.291667  82.291667   3.790 0.000  2.508 0.559000
 85.291667  86.291667   3.025 0.000  1.945 0.559000
 88.291667  89.291667   4.610 0.000  2.766 0.559000
 92.291667  93.291667  10.695 0.000  5.047 0.559000
 95.291667  96.291667  15.902 0.000  4.673 0.559000
 99.291667 100.291667   7.279 0.000  1.774 0.559000
102.291667 103.291667  12.085 0.000  2.019 0.559000
106.291667 107.291667  16.441 0.000  6.242 0.559000
109.291667 110.291667  10.498 0.000  3.230 0.559000
113.291667 114.291667   4.246 0.000  2.368 0.559000
116.291667 117.291667 999.999 0.999  3.932 0.559000
120.291667 121.291667   6.544 0.000  3.446 0.559000
123.291667 124.291667   4.382 0.000  1.754 0.559000
127.291667 128.291667   8.820 0.000  3.723 0.559000
130.291667 131.291667  19.559 0.000  6.677 0.559000
134.291667 135.291667   8.649 0.000  4.908 0.559000
137.291667 138.291667  23.662 0.000  6.596 0.559000
141.291667 142.291667   7.108 0.000  4.831 0.559000
144.291667 145.291667  11.018 0.000  2.578 0.559000
148.291667 149.291667   6.255 0.000  3.406 0.559000
151.291667 152.291667   5.674 0.000  3.467 0.559000
155.291667 156.291667   6.132 0.000  3.837 0.559000
158.291667 159.291667   6.549 0.000  2.931 0.559000
162.291667 163.291667  12.241 0.000  5.684 0.559000
165.291667 166.291667   4.100 0.000  1.763 0.559000
169.291667 170.291667   7.929 0.000  2.679 0.559000
172.291667 173.291667  11.699 0.000  3.242 0.559000
176.291667 177.291667   7.260 0.000  2.997 0.559000
179.291667 180.291667   7.519 0.000  2.477 0.559000
183.291667 184.291667   5.124 0.000  2.067 0.559000
186.291667 187.291667  10.071 0.000  4.587 0.559000
190.291667 191.291667   8.056 0.000  4.286 0.559000
193.291667 194.291667   8.779 0.000  3.921 0.559000
197.291667 198.291667  14.533 0.000  4.286 0.559000
200.291667 201.291667   6.599 0.000  2.766 0.559000
204.291667 205.291667   4.319 0.000  3.146 0.559000
207.291667 208.291667   7.276 0.000  3.242 0.559000
211.291667 212.291667   6.987 0.000  3.788 0.559000
214.291667 215.291667   6.696 0.000  4.146 0.559000
218.291667 219.291667   5.529 0.000  2.050 0.559000
221.291667 222.291667   7.016 0.000  3.447 0.559000
225.291667 226.291667 999.999 0.999 99.999 0.999000
228.291667 229.291667 999.999 0.999 99.999 0.999000
232.291667 233.291667   6.971 0.000  2.905 0.559000
235.291667 236.291667   5.748 0.000  3.486 0.559000
239.291667 240.291667   8.577 0.000  3.354 0.559000
242.291667 243.291667   8.066 0.000  3.477 0.559000
246.291667 247.291667  10.447 0.000  2.508 0.559000
249.291667 250.291667  13.187 0.000  1.672 0.559000
253.291667 254.291667   7.122 0.000  2.562 0.559000
256.291667 257.291667   8.480 0.000  1.975 0.559000
260.291667 261.291667   4.325 0.000  2.256 0.559000
263.291667 264.291667  15.260 0.000 99.999 0.559259
267.291667 268.291667   4.982 0.000  2.277 0.559000
270.291667 271.291667   6.960 0.000  3.446 0.559000
274.291667 275.291667  14.517 0.000  6.500 0.559000
277.291667 278.291667   9.793 0.000  2.253 0.559000
281.291667 282.291667  10.883 0.000  3.386 0.559000
284.291667 285.291667  11.073 0.000  3.994 0.559000
288.291667 289.291667   9.525 0.000  2.500 0.559000
291.291667 292.291667   9.899 0.000  5.079 0.559000
295.291667 296.291667   7.452 0.000  1.039 0.559000
298.291667 299.291667   7.409 0.000 99.999 0.559259
302.291667 303.291667   9.808 0.000  3.806 0.559000
305.291667 306.291667   7.115 0.000  4.708 0.559000
309.291667 310.291667   4.851 0.000  0.629 0.559000
312.291667 313.291667   4.595 0.000  0.975 0.559000
316.291667 317.291667  10.000 0.000  2.395 0.559000
319.291667 320.291667   4.154 0.000  1.003 0.559000
323.291667 324.291667   4.465 0.000  0.346 0.559000
326.291667 327.291667   2.744 0.000 99.999 0.559259
330.291667 331.291667   2.214 0.000  0.536 0.559000
333.291667 334.291667   4.060 0.000  3.460 0.559000
337.291667 338.291667   5.393 0.000  2.652 0.559000
340.291667 341.291667   2.392 0.000  1.182 0.559000
344.291667 345.291667   3.418 0.000  1.810 0.559000
347.291667 348.291667   3.417 0.000  1.111 0.559000
351.291667 352.291667   4.723 0.000  2.045 0.559000
354.291667 355.291667   2.899 0.000  0.639 0.559000
358.291667 359.291667   5.532 0.000  0.502 0.559000
361.291667 362.291667   7.355 0.000  0.658 0.559000
