scripts/IMPROVE-2019_partial/data/US0059R.20130101070000.20191216000000.filterpack...52w.3d.US03L_filterpack_US0059.US03L_IMPROVE_Davis.lev2.nas
51 1001
MISSING INFORMATION
US03L, IMPROVE, , , , , , , 
MISSING INFORMATION
IMPROVE sel_HTAP
1 1
2013 01 01 2019 12 16
3.000000
days from file reference point
4
1 1 1 1
999.999999 999.999 999.999 9.999
end_time of measurement, days from the file reference point
pm10_mass, ug/m3, Matrix=pm10
pm25_mass, ug/m3, Matrix=pm25
numflag, no unit
0
33
Data definition:              EBAS_1.1
Set type code:                TU
Timezone:                     UTC
File name:                    US0059R.20130101070000.20191216000000.filterpack...52w.3d.US03L_filterpack_US0059.US03L_IMPROVE_Davis.lev2.nas
File creation:                20191218115908
Startdate:                    20130101070000
Revision date:                20191216000000
Version:                      2
Version description:          "Data extracted from http://views.cira.colostate.edu/fed/DataWizard 2019-12-16"
Statistics:                   arithmetic mean
Data level:                   2
Period code:                  52w
Resolution code:              3d
Sample duration:              1d
Orig. time res.:              3d
Station code:                 US0059R
Platform code:                US0059S
Station name:                 Crescent Lake
Station latitude:             41.7627
Station longitude:            -102.4336
Station altitude:             1207.0 m
Regime:                       IMG
Component:                    
Unit:                         ug/m3
Matrix:                       
Laboratory code:              US03L
Instrument type:              filterpack
Instrument name:              filterpack_US0059
Method ref:                   US03L_IMPROVE_Davis
Blank correction:             Blank corrected
Volume std. temperature:      ambient
Volume std. pressure:         ambient
starttime endtime PM10 PM2.5 flag
  0.291667   1.291667   7.725   5.612 0.000
  3.291667   4.291667   3.753   2.083 0.000
  6.291667   7.291667   4.544   2.342 0.000
  9.291667  10.291667   4.529   1.394 0.000
 12.291667  13.291667   2.820   1.527 0.000
 15.291667  16.291667   6.073   1.444 0.000
 18.291667  19.291667   3.795   0.962 0.000
 21.291667  22.291667   8.002   2.474 0.000
 24.291667  25.291667   4.874   1.506 0.000
 27.291667  28.291667   3.300   2.218 0.000
 30.291667  31.291667   3.980   1.696 0.000
 33.291667  34.291667   2.776   0.863 0.000
 36.291667  37.291667   4.616   1.422 0.000
 39.291667  40.291667   7.975   2.835 0.000
 42.291667  43.291667   4.198   1.540 0.000
 45.291667  46.291667   3.386   1.135 0.000
 48.291667  49.291667   2.632   0.992 0.000
 51.291667  52.291667  10.220   2.953 0.000
 54.291667  55.291667   5.660   2.666 0.000
 57.291667  58.291667   4.332   2.100 0.000
 60.291667  61.291667   3.230   1.000 0.000
 63.291667  64.291667   3.856   1.383 0.000
 66.291667  67.291667  27.514  11.793 0.000
 69.291667  70.291667   6.033   2.332 0.000
 72.291667  73.291667  11.347   2.063 0.000
 75.291667  76.291667  54.378   6.697 0.000
 78.291667  79.291667  12.312   2.506 0.000
 81.291667  82.291667  26.481   5.163 0.000
 84.291667  85.291667  13.550   8.184 0.000
 87.291667  88.291667  13.489   4.067 0.000
 90.291667  91.291667  10.920   5.355 0.000
 93.291667  94.291667  14.096   4.125 0.000
 96.291667  97.291667   6.639   2.521 0.000
 99.291667 100.291667   4.574   2.776 0.000
102.291667 103.291667   4.559   2.141 0.000
105.291667 106.291667   3.095   1.594 0.000
108.291667 109.291667   4.965   2.468 0.000
111.291667 112.291667   3.854   2.682 0.000
114.291667 115.291667   7.909   3.975 0.000
117.291667 118.291667  12.744   4.139 0.000
120.291667 121.291667   2.521   1.341 0.000
123.291667 124.291667   5.579   2.050 0.000
126.291667 127.291667  10.487   3.710 0.000
129.291667 130.291667  13.641   5.042 0.000
132.291667 133.291667  12.497   4.222 0.000
135.291667 136.291667  13.711   4.824 0.000
138.291667 139.291667   4.200   2.740 0.000
141.291667 142.291667   2.931   1.220 0.000
144.291667 145.291667  27.431   7.850 0.000
147.291667 148.291667   9.063   3.590 0.000
150.291667 151.291667   7.122   0.828 0.000
153.291667 154.291667  14.188   3.640 0.000
156.291667 157.291667   7.221   2.217 0.000
159.291667 160.291667   6.589   2.463 0.000
162.291667 163.291667  10.166   3.664 0.000
165.291667 166.291667   8.549   3.555 0.000
168.291667 169.291667   6.744   2.073 0.000
171.291667 172.291667  33.730  10.170 0.000
174.291667 175.291667  23.336  11.814 0.000
177.291667 178.291667   9.366   2.628 0.000
180.291667 181.291667  12.102   4.044 0.000
183.291667 184.291667  27.608  10.424 0.000
186.291667 187.291667  15.844   5.980 0.000
189.291667 190.291667  11.948   4.978 0.000
192.291667 193.291667  17.409   6.296 0.000
195.291667 196.291667  15.052   6.938 0.000
198.291667 199.291667  11.641   2.787 0.000
201.291667 202.291667   8.974   2.826 0.000
204.291667 205.291667   9.021   4.328 0.000
207.291667 208.291667   9.041   3.344 0.000
210.291667 211.291667  15.982   4.278 0.000
213.291667 214.291667  12.602   4.326 0.000
216.291667 217.291667   8.992   4.592 0.000
219.291667 220.291667   7.240   3.448 0.000
222.291667 223.291667   8.617   3.846 0.000
225.291667 226.291667   7.658   4.157 0.000
228.291667 229.291667  14.968   8.954 0.000
231.291667 232.291667  25.541  10.912 0.000
234.291667 235.291667  23.355  10.790 0.000
237.291667 238.291667  11.555   3.026 0.000
240.291667 241.291667  17.727   4.806 0.000
243.291667 244.291667   9.504   2.643 0.000
246.291667 247.291667  16.698   5.344 0.000
249.291667 250.291667  16.652   5.698 0.000
252.291667 253.291667   5.870   4.005 0.000
255.291667 256.291667  13.077   5.763 0.000
258.291667 259.291667   5.696   3.163 0.000
261.291667 262.291667   5.199   1.257 0.000
264.291667 265.291667  15.089   3.978 0.000
267.291667 268.291667 999.999 999.999 0.999
270.291667 271.291667   3.510   1.509 0.000
273.291667 274.291667   5.905   1.449 0.000
276.291667 277.291667   0.595   0.274 0.000
279.291667 280.291667   4.454   1.505 0.000
282.291667 283.291667  18.040   4.602 0.000
285.291667 286.291667  14.611   2.900 0.000
288.291667 289.291667   5.061   2.984 0.000
291.291667 292.291667   3.819   1.819 0.000
294.291667 295.291667   4.784   2.206 0.000
297.291667 298.291667   9.654   3.650 0.000
300.291667 301.291667  10.365   5.734 0.000
303.291667 304.291667   5.670   1.992 0.000
306.291667 307.291667   7.226   2.019 0.000
309.291667 310.291667   2.638   1.094 0.000
312.291667 313.291667   1.690   0.679 0.000
315.291667 316.291667   9.431   5.503 0.000
318.291667 319.291667   7.627   1.920 0.000
321.291667 322.291667  11.933   2.230 0.000
324.291667 325.291667  15.995   1.790 0.000
327.291667 328.291667  12.377   4.861 0.000
330.291667 331.291667 999.999 999.999 0.999
333.291667 334.291667   3.932   1.607 0.000
336.291667 337.291667   7.029   1.794 0.000
339.291667 340.291667   6.420   3.090 0.000
342.291667 343.291667  29.890   5.539 0.000
345.291667 346.291667   5.843   1.106 0.000
348.291667 349.291667   7.497   1.227 0.000
351.291667 352.291667   7.014   1.199 0.000
354.291667 355.291667  12.087   6.315 0.000
357.291667 358.291667   3.436   1.342 0.000
360.291667 361.291667   3.586   0.684 0.000
363.291667 364.291667   2.853   0.777 0.000
