scripts/IMPROVE-2019_partial/data/US0045R.20030103050000.20191216000000.filterpack..pm25.1y.1w.US03L_filterpack_US0045.US03L_IMPROVE_Davis.lev2.nas
64 1001
MISSING INFORMATION
US03L, IMPROVE, , , , , , , 
MISSING INFORMATION
IMPROVE sel_HTAP
1 1
2003 01 01 2019 12 16
3.000000
days from file reference point
25
1 1 1 1 1 1 1 1 1 1 1 1 1 1 1 1 1 1 1 1 1 1 1 1 1
999.999999 999.99 9.999 99.99 9.999 9.999 9.999999 9.99 9.999999 99.999 9.999 99.999 9.999 99.999 9.999 999.999 9.999 999.999 9.999 999.999 9.999 9.999 9.999 99.999 9.999
end_time of measurement, days from the file reference point
iron, ng/m3, Revision date=20181210133000
numflag iron, no unit, Revision date=20181210133000
lead, ng/m3, Revision date=20181210133000
numflag lead, no unit, Revision date=20181210133000
magnesium, ug/m3, Revision date=20181210133000
numflag magnesium, no unit, Revision date=20181210133000
nickel, ng/m3, Revision date=20181210133000
numflag nickel, no unit, Revision date=20181210133000
nitrate, ug N/m3, Revision date=20181210133000
numflag nitrate, no unit, Revision date=20181210133000
organic_carbon, ug C/m3, Revision date=20181210133000
numflag organic_carbon, no unit, Revision date=20181210133000
organic_mass, ug/m3, Revision date=20181210133000
numflag organic_mass, no unit, Revision date=20181210133000
pm10_mass, ug/m3, Version=2, Version description=Data extracted from http://views.cira.colostate.edu/fed/DataWizard 2019-12-16, Sample duration=1d, Orig. time res.=3d, Matrix=pm10, Blank correction=Blank corrected, Volume std. temperature=ambient, Volume std. pressure=ambient
numflag pm10_mass, no unit, Version=2, Version description=Data extracted from http://views.cira.colostate.edu/fed/DataWizard 2019-12-16, Sample duration=1d, Orig. time res.=3d, Matrix=pm10, Blank correction=Blank corrected, Volume std. temperature=ambient, Volume std. pressure=ambient
pm10_pm25_mass, ug/m3, Revision date=20181210133000, Matrix=pm10_pm25
numflag pm10_pm25_mass, no unit, Revision date=20181210133000, Matrix=pm10_pm25
pm25_mass, ug/m3, Version=2, Version description=Data extracted from http://views.cira.colostate.edu/fed/DataWizard 2019-12-16, Sample duration=1d, Orig. time res.=3d, Blank correction=Blank corrected, Volume std. temperature=ambient, Volume std. pressure=ambient
numflag pm25_mass, no unit, Version=2, Version description=Data extracted from http://views.cira.colostate.edu/fed/DataWizard 2019-12-16, Sample duration=1d, Orig. time res.=3d, Blank correction=Blank corrected, Volume std. temperature=ambient, Volume std. pressure=ambient
potassium, ug/m3, Revision date=20181210133000
numflag potassium, no unit, Revision date=20181210133000
sulphate_total, ug S/m3, Revision date=20181210133000
numflag sulphate_total, no unit, Revision date=20181210133000
0
25
Data definition:              EBAS_1.1
Set type code:                TU
Timezone:                     UTC
File name:                    US0045R.20030103050000.20191216000000.filterpack..pm25.1y.1w.US03L_filterpack_US0045.US03L_IMPROVE_Davis.lev2.nas
File creation:                20191218115810
Startdate:                    20030103050000
Revision date:                20191216000000
Statistics:                   arithmetic mean
Data level:                   2
Period code:                  1y
Resolution code:              1w
Station code:                 US0045R
Platform code:                US0045S
Station name:                 Isle Royale NP
Station latitude:             47.4596
Station longitude:            -88.1491
Station altitude:             182.0 m
Regime:                       IMG
Component:                    
Matrix:                       pm25
Laboratory code:              US03L
Instrument type:              filterpack
Instrument name:              filterpack_US0045
Method ref:                   US03L_IMPROVE_Davis
starttime endtime Fe flag_Fe Pb flag_Pb Mg++ flag_Mg++ Ni flag_Ni NO3- flag_NO3- OC flag_OC OM flag_OM PM10 flag_PM10 PM10-PM2.5 flag_PM10-PM2.5 PM2.5 flag_PM2.5 K+ flag_K+ SO4-- flag_SO4--
  2.208333   3.208333   3.41 0.000  0.62 0.000 9.999 0.259000 9.99 0.259000  0.014 0.559  0.180 0.000  0.252 0.000   2.456 0.000   1.502 0.000   0.954 0.000 0.015 0.000  0.085 0.559
  5.208333   6.208333   4.71 0.000  0.31 0.000 9.999 0.259000 0.08 0.000000  0.007 0.559  0.184 0.000  0.258 0.000   3.199 0.000   1.151 0.000   2.048 0.000 0.009 0.000  0.338 0.559
  8.208333   9.208333   1.53 0.000  0.11 0.000 9.999 0.259000 9.99 0.259000  0.025 0.000  0.146 0.000  0.205 0.000   2.189 0.000   0.830 0.000   1.359 0.000 0.009 0.000  0.132 0.000
 11.208333  12.208333   4.42 0.000  0.51 0.000 9.999 0.259000 9.99 0.259000  0.079 0.000  0.241 0.000  0.338 0.000   2.837 0.000   1.307 0.000   1.530 0.000 0.017 0.000  0.165 0.000
 14.208333  15.208333   4.01 0.000  0.75 0.000 9.999 0.259000 9.99 0.259000  0.023 0.559  0.241 0.000  0.338 0.000   5.716 0.000   4.363 0.000   1.354 0.000 0.014 0.000  0.181 0.559
 17.208333  18.208333   7.88 0.000  0.39 0.000 0.018 0.000000 9.99 0.259000  0.068 0.000  0.263 0.000  0.368 0.000   3.642 0.000   1.943 0.000   1.699 0.000 0.017 0.000  0.221 0.000
 20.208333  21.208333   5.23 0.000  0.70 0.000 0.012 0.000000 9.99 0.259000  0.028 0.000  0.188 0.000  0.263 0.000   3.408 0.000   1.774 0.000   1.634 0.000 0.015 0.000  0.238 0.000
 23.208333  24.208333  13.78 0.000  0.70 0.000 9.999 0.259000 0.08 0.000000  0.095 0.559  0.640 0.000  0.896 0.000   6.648 0.000   3.794 0.000   2.854 0.000 0.027 0.000  0.378 0.559
 26.208333  27.208333   9.82 0.000  1.00 0.000 9.999 0.259000 0.07 0.000000  0.115 0.559  0.561 0.000  0.785 0.000   4.090 0.000   1.814 0.000   2.276 0.000 0.024 0.000  0.272 0.559
 29.208333  30.208333   9.53 0.000  1.13 0.000 9.999 0.259000 0.08 0.000000  0.653 0.559  0.698 0.000  0.977 0.000   9.259 0.000   1.567 0.000   7.693 0.000 0.027 0.000  0.640 0.559
 32.208333  33.208333  15.55 0.000  3.36 0.000 9.999 0.259000 0.12 0.000000  0.089 0.559  1.072 0.000  1.501 0.000   8.291 0.000   0.513 0.000   7.778 0.000 0.050 0.000  1.305 0.559
 35.208333  36.208333   5.48 0.000  0.34 0.000 9.999 0.259000 0.05 0.000000  0.015 0.000  0.111 0.000  0.156 0.000   5.070 0.000   3.675 0.000   1.395 0.000 0.012 0.000  0.222 0.000
 38.208333  39.208333   5.43 0.000  0.81 0.000 9.999 0.259000 0.08 0.000000  0.085 0.000  0.205 0.000  0.287 0.000   5.124 0.000   3.170 0.000   1.954 0.000 0.013 0.000  0.303 0.000
 41.208333  42.208333  11.00 0.000  0.83 0.000 9.999 0.259000 9.99 0.259000  0.126 0.000  0.459 0.000  0.642 0.000   5.547 0.000   2.862 0.000   2.685 0.000 0.024 0.000  0.358 0.000
 44.208333  45.208333   8.03 0.000  1.04 0.000 0.022 0.000000 0.10 0.000000  0.045 0.559  0.220 0.000  0.309 0.000   4.772 0.000   2.644 0.000   2.128 0.000 0.022 0.000  0.308 0.559
 47.208333  48.208333   6.45 0.000  1.28 0.000 0.018 0.000000 9.99 0.259000  0.055 0.559  0.489 0.000  0.685 0.000   2.879 0.000   0.757 0.000   2.123 0.000 0.027 0.000  0.230 0.559
 50.208333  51.208333  10.55 0.000  1.33 0.000 9.999 0.259000 0.07 0.000000  0.940 0.000  0.786 0.000  1.100 0.000  11.069 0.000   1.945 0.000   9.124 0.000 0.030 0.000  0.844 0.000
 53.208333  54.208333   5.74 0.000  1.15 0.000 9.999 0.259000 0.07 0.000000  0.012 0.559  0.252 0.000  0.353 0.000   2.301 0.000   0.602 0.000   1.699 0.000 0.013 0.000  0.333 0.559
 56.208333  57.208333  26.15 0.559  1.64 0.559 0.016 0.559000 0.09 0.559000  1.240 0.000 99.999 0.999 99.999 0.999  18.874 0.000   7.410 0.000  11.463 0.559 0.047 0.559  0.672 0.000
 59.208333  60.208333  31.28 0.559  1.80 0.559 9.999 0.559259 9.99 0.559259  1.623 0.000  1.436 0.000  2.011 0.000  19.276 0.000   4.019 0.000  15.257 0.559 0.051 0.559  0.894 0.000
 62.208333  63.208333  14.47 0.000  1.41 0.000 9.999 0.259000 0.11 0.000000  0.082 0.559 99.999 0.999 99.999 0.999   4.361 0.000   1.115 0.000   3.246 0.000 0.045 0.000  0.439 0.559
 65.208333  66.208333  16.28 0.000  2.13 0.000 9.999 0.259000 0.11 0.000000  0.516 0.559  0.949 0.000  1.329 0.000  11.406 0.000   4.819 0.000   6.587 0.000 0.039 0.000  0.569 0.559
 68.208333  69.208333 999.99 0.456 99.99 0.456 9.999 0.456000 9.99 0.456000  0.114 0.559  0.616 0.000  0.863 0.000   6.733 0.000 999.999 0.999 999.999 0.456 9.999 0.456  0.430 0.559
 71.208333  72.208333  10.48 0.000  1.43 0.000 9.999 0.259000 0.10 0.000000  0.057 0.000  0.475 0.000  0.665 0.000   5.731 0.000   2.214 0.000   3.518 0.000 0.026 0.000  0.521 0.000
 74.208333  75.208333 999.99 0.699 99.99 0.699 9.999 0.699000 9.99 0.699000  2.310 0.559  2.006 0.000  2.809 0.000  26.338 0.000 999.999 0.999 999.999 0.699 9.999 0.699  1.504 0.559
 77.208333  78.208333  11.40 0.000  3.06 0.000 9.999 0.259000 9.99 0.259000  0.050 0.000  0.366 0.000  0.512 0.000   3.138 0.000   0.704 0.000   2.433 0.000 0.022 0.000  0.275 0.000
 80.208333  81.208333  11.61 0.000  3.35 0.000 9.999 0.259000 0.18 0.000000  0.045 0.000  0.935 0.000  1.309 0.000   5.564 0.000   1.069 0.000   4.495 0.000 0.029 0.000  0.606 0.000
 83.208333  84.208333   7.67 0.000  0.42 0.000 9.999 0.259000 9.99 0.259000  0.016 0.000  0.340 0.000  0.476 0.000   4.264 0.000   1.393 0.000   2.871 0.000 0.007 0.000  0.500 0.000
 86.208333  87.208333   8.65 0.000  2.82 0.000 0.018 0.000000 9.99 0.259000  0.037 0.000  0.277 0.000  0.388 0.000   3.389 0.000   1.387 0.000   2.002 0.000 0.013 0.000  0.326 0.000
 89.208333  90.208333  14.91 0.000  1.01 0.000 9.999 0.259000 0.10 0.000000  0.095 0.000  0.384 0.000  0.537 0.000   4.853 0.000   2.069 0.000   2.784 0.000 0.019 0.000  0.524 0.000
 92.208333  93.208333  13.45 0.000  1.08 0.000 9.999 0.259000 9.99 0.259000  0.022 0.000  0.265 0.000  0.370 0.000   7.702 0.000   5.397 0.000   2.305 0.000 0.021 0.000  0.315 0.000
 95.208333  96.208333   7.66 0.000  0.74 0.000 0.009 0.000000 0.09 0.000000  0.027 0.000  0.143 0.000  0.201 0.000   3.599 0.000   1.510 0.000   2.089 0.000 0.019 0.000  0.292 0.000
 98.208333  99.208333  26.88 0.559  2.61 0.559 9.999 0.559259 0.08 0.559000  0.205 0.559  0.578 0.000  0.809 0.000   7.614 0.000   3.533 0.000   4.081 0.559 0.040 0.559  0.500 0.559
101.208333 102.208333  10.08 0.000  0.75 0.000 9.999 0.259000 9.99 0.259000  0.025 0.000  0.291 0.000  0.408 0.000   4.251 0.000   1.670 0.000   2.581 0.000 0.022 0.000  0.358 0.000
104.208333 105.208333  11.75 0.000  0.95 0.000 9.999 0.259000 0.15 0.000000  0.120 0.559  0.676 0.000  0.946 0.000   5.707 0.000   1.632 0.000   4.075 0.000 0.020 0.000  0.446 0.559
107.208333 108.208333   7.20 0.000  1.18 0.000 9.999 0.259000 0.27 0.000000  0.018 0.000  0.413 0.000  0.578 0.000   5.219 0.000   1.378 0.000   3.841 0.000 0.018 0.000  0.629 0.000
110.208333 111.208333   2.83 0.000  0.30 0.000 9.999 0.259000 9.99 0.259000  0.005 0.000  0.202 0.000  0.283 0.000   1.810 0.000   0.469 0.000   1.341 0.000 0.010 0.000  0.112 0.000
113.208333 114.208333  19.44 0.000  1.00 0.000 0.013 0.000000 0.78 0.000000  0.060 0.000  0.907 0.000  1.269 0.000   6.275 0.000   2.507 0.000   3.768 0.000 0.027 0.000  0.374 0.000
116.208333 117.208333  47.00 0.559  2.08 0.559 9.999 0.559259 0.37 0.559000  0.153 0.000  1.348 0.000  1.887 0.000  10.166 0.000   3.889 0.000   6.277 0.559 0.046 0.559  0.583 0.000
119.208333 120.208333  28.33 0.000  0.68 0.000 9.999 0.259000 0.24 0.000000  0.013 0.000  0.507 0.000  0.710 0.000   5.397 0.000   2.303 0.000   3.093 0.000 0.033 0.000  0.377 0.000
122.208333 123.208333  31.08 0.000  0.67 0.000 0.013 0.000000 9.99 0.259000  0.013 0.000  0.430 0.000  0.602 0.000   6.693 0.000   4.326 0.000   2.367 0.000 0.022 0.000  0.209 0.000
125.208333 126.208333  32.43 0.559  1.39 0.559 9.999 0.559259 0.30 0.559000  0.031 0.000  1.279 0.000  1.790 0.000   9.216 0.000   3.443 0.000   5.773 0.559 0.031 0.559  0.505 0.000
128.208333 129.208333  27.33 0.000  1.11 0.000 9.999 0.259000 9.99 0.259000  0.014 0.000  0.917 0.000  1.284 0.000   7.942 0.000   4.249 0.000   3.693 0.000 0.027 0.000  0.295 0.000
131.208333 132.208333  16.37 0.000  0.50 0.000 0.006 0.000000 0.08 0.000000  0.008 0.000  0.795 0.000  1.113 0.000   4.267 0.000   1.215 0.000   3.052 0.000 0.017 0.000  0.288 0.000
134.208333 135.208333  13.38 0.000  1.13 0.000 9.999 0.259000 0.44 0.000000  0.009 0.000  1.209 0.000  1.692 0.000   6.944 0.000   2.494 0.000   4.451 0.000 0.021 0.000  0.381 0.000
137.208333 138.208333  16.71 0.000  1.23 0.000 9.999 0.259000 0.19 0.000000  0.018 0.000  1.049 0.000  1.469 0.000  14.261 0.000   2.956 0.000  11.305 0.000 0.015 0.000  2.090 0.000
140.208333 141.208333   6.30 0.000  0.38 0.000 9.999 0.259000 0.12 0.000000  0.008 0.559  0.604 0.000  0.845 0.000   5.364 0.000   2.662 0.000   2.702 0.000 0.009 0.000  0.336 0.559
143.208333 144.208333  17.25 0.000  0.84 0.000 9.999 0.259000 0.28 0.000000  0.015 0.000  1.291 0.000  1.807 0.000   8.994 0.000   4.584 0.000   4.411 0.000 0.019 0.000  0.312 0.000
146.208333 147.208333  22.78 0.559  0.47 0.559 9.999 0.559259 9.99 0.559259  0.011 0.000  2.256 0.000  3.159 0.000  11.362 0.000   5.275 0.000   6.086 0.559 0.022 0.559  0.240 0.000
149.208333 150.208333  15.69 0.000  0.26 0.000 9.999 0.259000 0.37 0.000000  0.018 0.000  1.454 0.000  2.036 0.000   6.191 0.000   2.483 0.000   3.708 0.000 0.015 0.000  0.166 0.000
152.208333 153.208333  16.35 0.000  0.58 0.000 9.999 0.259000 0.20 0.000000  0.012 0.000  1.589 0.000  2.225 0.000   9.647 0.000   3.704 0.000   5.943 0.000 0.023 0.000  0.287 0.000
155.208333 156.208333  29.45 0.000  0.59 0.000 9.999 0.259000 0.22 0.000000  0.014 0.000  2.211 0.000  3.096 0.000  13.224 0.000   5.803 0.000   7.420 0.000 0.038 0.000  0.436 0.000
158.208333 159.208333   8.77 0.559  3.97 0.559 9.999 0.559259 0.65 0.559000  0.035 0.000  1.386 0.000  1.940 0.000   7.112 0.000   0.661 0.000   6.451 0.559 0.022 0.559  0.678 0.000
161.208333 162.208333   8.30 0.000  0.80 0.000 9.999 0.259000 0.47 0.000000  0.018 0.000  0.758 0.000  1.061 0.000   4.602 0.000   1.502 0.000   3.100 0.000 0.009 0.000  0.273 0.000
164.208333 165.208333   6.74 0.559  0.54 0.559 9.999 0.559259 0.59 0.559000  0.032 0.000  1.228 0.000  1.719 0.000   5.863 0.000   1.005 0.000   4.858 0.559 0.011 0.559  0.476 0.000
167.208333 168.208333  21.50 0.559  1.23 0.559 9.999 0.559259 0.66 0.559000  0.037 0.000  2.108 0.000  2.952 0.000  11.278 0.000   3.641 0.000   7.637 0.559 0.025 0.559  0.534 0.000
170.208333 171.208333  24.01 0.000  0.46 0.000 0.023 0.000000 0.09 0.000000  0.017 0.000  1.005 0.000  1.408 0.000   9.689 0.000   6.535 0.000   3.154 0.000 0.020 0.000  0.140 0.000
173.208333 174.208333  41.25 0.699  4.73 0.699 9.999 0.699259 0.06 0.699000  0.020 0.000  1.787 0.000  2.501 0.000  15.749 0.000   5.890 0.000   9.859 0.699 0.045 0.699  1.060 0.000
176.208333 177.208333  10.31 0.559  0.83 0.559 9.999 0.559259 9.99 0.559259  0.013 0.000  2.957 0.000  4.139 0.000  10.954 0.000   4.274 0.000   6.680 0.559 0.029 0.559  0.229 0.000
179.208333 180.208333   8.00 0.000 99.99 0.259 9.999 0.259000 0.43 0.000000  0.007 0.000  0.513 0.000  0.718 0.000   3.618 0.000   1.611 0.000   2.007 0.000 0.009 0.000  0.215 0.000
182.208333 183.208333  15.92 0.559  0.65 0.559 9.999 0.559259 0.08 0.559000  0.015 0.000  1.043 0.000  1.460 0.000   9.011 0.000   4.784 0.000   4.227 0.559 0.019 0.559  0.299 0.000
185.208333 186.208333  37.58 0.559  1.65 0.559 9.999 0.559259 0.12 0.559000  0.027 0.000  1.362 0.000  1.906 0.000  11.905 0.000   7.564 0.000   4.340 0.559 0.122 0.559  0.209 0.000
188.208333 189.208333  12.12 0.559  0.28 0.559 9.999 0.559259 0.34 0.559000  0.011 0.000  0.589 0.000  0.825 0.000   4.637 0.000   2.857 0.000   1.779 0.559 0.009 0.559  0.065 0.000
191.208333 192.208333   6.32 0.000  0.13 0.000 0.023 0.000000 0.15 0.000000  0.014 0.000  1.070 0.000  1.499 0.000   5.313 0.000   2.350 0.000   2.962 0.000 0.013 0.000  0.082 0.000
194.208333 195.208333  23.08 0.000  1.35 0.000 9.999 0.259000 9.99 0.259000  0.017 0.000  1.620 0.000  2.269 0.000  13.104 0.000   5.640 0.000   7.464 0.000 0.020 0.000  0.656 0.000
197.208333 198.208333   4.85 0.000  0.10 0.000 9.999 0.259000 0.17 0.000000  0.009 0.559  0.422 0.000  0.591 0.000   3.886 0.000   2.290 0.000   1.595 0.000 0.010 0.000  0.073 0.559
200.208333 201.208333  20.05 0.559  0.90 0.559 9.999 0.559259 0.36 0.559000  0.036 0.559  1.434 0.000  2.008 0.000   9.356 0.000   2.744 0.000   6.612 0.559 0.018 0.559  0.542 0.559
203.208333 204.208333   6.01 0.000  0.21 0.000 0.033 0.000000 0.48 0.000000  0.013 0.559  1.112 0.000  1.557 0.000   6.035 0.000   2.801 0.000   3.234 0.000 0.010 0.000  0.145 0.559
206.208333 207.208333 999.99 0.699 99.99 0.699 9.999 0.699000 9.99 0.699000  0.074 0.559  3.163 0.000  4.428 0.000  24.636 0.000 999.999 0.999 999.999 0.699 9.999 0.699  1.273 0.559
209.208333 210.208333  12.84 0.559  0.31 0.559 9.999 0.559259 0.41 0.559000  0.013 0.559  2.840 0.000  3.977 0.000   9.900 0.000   2.674 0.000   7.226 0.559 0.032 0.559  0.208 0.559
212.208333 213.208333   2.97 0.000  0.32 0.000 0.040 0.000000 0.11 0.000000  0.013 0.559  0.679 0.000  0.951 0.000   4.616 0.000   1.883 0.000   2.733 0.000 0.009 0.000  0.212 0.559
215.208333 216.208333  12.71 0.559  0.81 0.559 9.999 0.559259 0.24 0.559000  0.022 0.559  1.344 0.000  1.881 0.000  11.533 0.000   1.817 0.000   9.716 0.559 0.025 0.559  1.226 0.559
218.208333 219.208333  16.52 0.559  0.38 0.559 9.999 0.559259 0.22 0.559000  0.016 0.559  3.691 0.000  5.167 0.000  17.526 0.000   8.256 0.000   9.270 0.559 0.037 0.559  0.192 0.559
221.208333 222.208333  32.63 0.000  0.93 0.000 0.021 0.000000 0.14 0.000000  0.014 0.000  3.663 0.000  5.128 0.000  16.683 0.000   7.360 0.000   9.323 0.000 0.048 0.000  0.327 0.000
224.208333 225.208333  35.23 0.000  0.28 0.000 9.999 0.259000 0.12 0.000000  0.024 0.000  1.497 0.000  2.096 0.000  14.464 0.000   9.941 0.000   4.523 0.000 0.025 0.000  0.126 0.000
227.208333 228.208333  23.13 0.000  0.45 0.000 9.999 0.259000 0.18 0.000000  0.015 0.000  3.424 0.000  4.794 0.000  15.749 0.000   7.021 0.000   8.728 0.000 0.041 0.000  0.378 0.000
230.208333 231.208333 999.99 0.699 99.99 0.699 9.999 0.699000 9.99 0.699000  0.061 0.000  3.187 0.000  4.462 0.000  27.575 0.000 999.999 0.999 999.999 0.699 9.999 0.699  1.448 0.000
233.208333 234.208333  19.04 0.000  0.28 0.000 9.999 0.259000 0.45 0.000000  0.009 0.000  1.724 0.000  2.414 0.000  10.807 0.000   5.714 0.000   5.093 0.000 0.017 0.000  0.259 0.000
236.208333 237.208333  30.87 0.000  1.24 0.000 9.999 0.259000 0.09 0.000000  0.048 0.000  5.095 0.000  7.132 0.000  19.436 0.000   4.887 0.000  14.549 0.000 0.063 0.000  0.748 0.000
239.208333 240.208333  24.19 0.000  0.33 0.000 9.999 0.259000 0.13 0.000000  0.015 0.000  0.879 0.000  1.231 0.000  11.793 0.000   8.565 0.000   3.229 0.000 0.017 0.000  0.214 0.000
242.208333 243.208333  26.79 0.000  0.62 0.000 9.999 0.259000 9.99 0.259000  0.013 0.000  1.052 0.000  1.473 0.000   9.763 0.000   5.350 0.000   4.413 0.000 0.026 0.000  0.404 0.000
245.208333 246.208333  19.05 0.000  0.32 0.000 9.999 0.259000 0.11 0.000000  0.012 0.000  0.952 0.000  1.332 0.000   8.259 0.000   4.973 0.000   3.286 0.000 0.025 0.000  0.209 0.000
248.208333 249.208333  42.40 0.000  0.80 0.000 9.999 0.259000 0.08 0.000000  0.024 0.000  2.052 0.000  2.872 0.000  17.053 0.000  10.625 0.000   6.428 0.000 0.053 0.000  0.373 0.000
251.208333 252.208333 999.99 0.699 99.99 0.699 9.999 0.699000 9.99 0.699000  0.064 0.000  2.430 0.000  3.402 0.000  25.112 0.000 999.999 0.999 999.999 0.699 9.999 0.699  1.918 0.000
254.208333 255.208333 999.99 0.699 99.99 0.699 9.999 0.699000 9.99 0.699000  0.038 0.000  1.933 0.000  2.706 0.000  34.392 0.000 999.999 0.999 999.999 0.699 9.999 0.699  5.120 0.000
257.208333 258.208333  10.05 0.000  0.36 0.000 0.014 0.000000 0.06 0.000000  0.012 0.000  0.829 0.000  1.161 0.000   5.374 0.000   2.621 0.000   2.753 0.000 0.017 0.000  0.248 0.000
260.208333 261.208333  49.34 0.000  2.23 0.000 0.033 0.000000 0.11 0.000000  0.037 0.000  1.430 0.000  2.002 0.000  24.488 0.000   9.639 0.000  14.849 0.000 0.022 0.000  2.784 0.000
