scripts/IMPROVE-2019_partial/data/US0097R.20150103080000.20191216000000.filterpack...1y.3d.US03L_filterpack_US0097.US03L_IMPROVE_Davis.lev2.nas
52 1001
MISSING INFORMATION
US03L, IMPROVE, , , , , , , 
MISSING INFORMATION
IMPROVE sel_HTAP
1 1
2015 01 01 2019 12 16
3.000000
days from file reference point
5
1 1 1 1 1
999.999999 999.999 9.999 999.999 9.999
end_time of measurement, days from the file reference point
pm10_mass, ug/m3, Matrix=pm10
numflag pm10_mass, no unit, Matrix=pm10
pm25_mass, ug/m3, Matrix=pm25
numflag pm25_mass, no unit, Matrix=pm25
0
33
Data definition:              EBAS_1.1
Set type code:                TU
Timezone:                     UTC
File name:                    US0097R.20150103080000.20191216000000.filterpack...1y.3d.US03L_filterpack_US0097.US03L_IMPROVE_Davis.lev2.nas
File creation:                20191218120203
Startdate:                    20150103080000
Revision date:                20191216000000
Version:                      2
Version description:          "Data extracted from http://views.cira.colostate.edu/fed/DataWizard 2019-12-16"
Statistics:                   arithmetic mean
Data level:                   2
Period code:                  1y
Resolution code:              3d
Sample duration:              1d
Orig. time res.:              3d
Station code:                 US0097R
Platform code:                US0097S
Station name:                 Redwood NP
Station latitude:             41.5608
Station longitude:            -124.0839
Station altitude:             243.0 m
Regime:                       IMG
Component:                    
Unit:                         ug/m3
Matrix:                       
Laboratory code:              US03L
Instrument type:              filterpack
Instrument name:              filterpack_US0097
Method ref:                   US03L_IMPROVE_Davis
Blank correction:             Blank corrected
Volume std. temperature:      ambient
Volume std. pressure:         ambient
starttime endtime PM10 flag_PM10 PM2.5 flag_PM2.5
  2.333333   3.333333   7.150 0.000   2.268 0.000
  5.333333   6.333333   8.561 0.000   2.067 0.000
  8.333333   9.333333  11.057 0.000   4.447 0.000
 11.333333  12.333333   3.054 0.000 999.999 0.456
 14.333333  15.333333   7.980 0.000   3.657 0.000
 17.333333  18.333333  13.790 0.000   5.215 0.000
 20.333333  21.333333   5.550 0.000   2.016 0.000
 23.333333  24.333333   8.482 0.000   3.583 0.000
 26.333333  27.333333   6.793 0.000   3.106 0.000
 29.333333  30.333333   7.581 0.000   3.607 0.000
 32.333333  33.333333   0.889 0.000   0.334 0.000
 35.333333  36.333333 999.999 0.999 999.999 0.999
 38.333333  39.333333 999.999 0.999 999.999 0.999
 41.333333  42.333333   7.918 0.000   2.865 0.000
 44.333333  45.333333   9.372 0.000   3.709 0.000
 47.333333  48.333333   6.043 0.000   2.714 0.000
 50.333333  51.333333   9.002 0.000   2.614 0.000
 53.333333  54.333333   5.825 0.000   1.500 0.000
 56.333333  57.333333   5.519 0.000   2.497 0.000
 59.333333  60.333333  10.537 0.000   4.168 0.000
 62.333333  63.333333   6.479 0.000   3.285 0.000
 65.333333  66.333333   4.745 0.000   3.122 0.000
 68.333333  69.333333   3.543 0.000   2.205 0.000
 71.333333  72.333333   4.044 0.000   1.690 0.000
 74.333333  75.333333   1.959 0.000   0.797 0.000
 77.333333  78.333333   9.759 0.000   3.909 0.000
 80.333333  81.333333   2.954 0.000   1.171 0.000
 83.333333  84.333333   5.455 0.000   2.227 0.000
 86.333333  87.333333  11.283 0.000   3.645 0.000
 89.333333  90.333333   9.080 0.000   2.795 0.000
 92.333333  93.333333  10.135 0.000   3.993 0.000
 95.333333  96.333333   2.392 0.000   1.049 0.000
 98.333333  99.333333   4.160 0.000   1.074 0.000
101.333333 102.333333  13.673 0.000   5.458 0.000
104.333333 105.333333  12.075 0.000   4.362 0.000
107.333333 108.333333  19.129 0.000   8.330 0.000
110.333333 111.333333   9.127 0.000   3.800 0.000
113.333333 114.333333  11.160 0.000   4.086 0.000
116.333333 117.333333   2.907 0.000   1.257 0.000
119.333333 120.333333  27.238 0.000  10.564 0.000
122.333333 123.333333   7.342 0.000   4.283 0.000
125.333333 126.333333  13.397 0.000   6.150 0.000
128.333333 129.333333   9.403 0.000   5.839 0.000
131.333333 132.333333   9.672 0.000   3.910 0.000
134.333333 135.333333   8.071 0.000   3.800 0.000
137.333333 138.333333  11.250 0.000   5.124 0.000
140.333333 141.333333   3.984 0.000   2.537 0.000
143.333333 144.333333   6.585 0.000   4.072 0.000
146.333333 147.333333   2.309 0.000   1.466 0.000
149.333333 150.333333   2.500 0.000   1.501 0.000
152.333333 153.333333   3.049 0.000   1.292 0.000
155.333333 156.333333  21.690 0.000   9.374 0.000
158.333333 159.333333   7.847 0.000   3.764 0.000
161.333333 162.333333  23.189 0.000  12.494 0.000
164.333333 165.333333  27.486 0.000  17.272 0.000
167.333333 168.333333   7.399 0.000   4.238 0.000
170.333333 171.333333  11.301 0.000   5.716 0.000
173.333333 174.333333   6.388 0.000   3.638 0.000
176.333333 177.333333  23.712 0.000  11.206 0.000
179.333333 180.333333   1.841 0.000   0.768 0.000
182.333333 183.333333   4.248 0.000   2.599 0.000
185.333333 186.333333   1.831 0.000   1.145 0.000
188.333333 189.333333  10.386 0.000   5.658 0.000
191.333333 192.333333   5.273 0.000   2.548 0.000
194.333333 195.333333  13.232 0.000   5.899 0.000
197.333333 198.333333  36.971 0.000  15.682 0.000
200.333333 201.333333   3.489 0.000 999.999 0.456
203.333333 204.333333 999.999 0.456   5.909 0.000
206.333333 207.333333 999.999 0.456   3.805 0.000
209.333333 210.333333  18.528 0.000   9.319 0.000
212.333333 213.333333   3.240 0.000   2.087 0.000
215.333333 216.333333   2.760 0.000   1.506 0.000
218.333333 219.333333  18.685 0.000   9.408 0.000
221.333333 222.333333  10.564 0.000   8.188 0.000
224.333333 225.333333  16.029 0.000  13.651 0.000
227.333333 228.333333  35.516 0.000  19.970 0.000
230.333333 231.333333   8.037 0.000   6.503 0.000
233.333333 234.333333  12.581 0.000   7.190 0.000
236.333333 237.333333  22.536 0.000  20.622 0.000
239.333333 240.333333  26.323 0.000  19.956 0.000
242.333333 243.333333  17.805 0.000   9.100 0.000
245.333333 246.333333  12.431 0.000   5.145 0.000
248.333333 249.333333   9.556 0.000   4.889 0.000
251.333333 252.333333  21.375 0.000  12.820 0.000
254.333333 255.333333   3.518 0.000   2.316 0.000
257.333333 258.333333  15.116 0.000   6.521 0.000
260.333333 261.333333   8.650 0.000   2.600 0.000
263.333333 264.333333   4.146 0.000   2.235 0.000
266.333333 267.333333  10.152 0.000   3.527 0.000
269.333333 270.333333  21.371 0.000   8.801 0.000
272.333333 273.333333   8.443 0.000   3.886 0.000
275.333333 276.333333  11.944 0.000   4.991 0.000
278.333333 279.333333   7.027 0.000   4.044 0.000
281.333333 282.333333   7.722 0.000   4.643 0.000
284.333333 285.333333  11.090 0.000   4.338 0.000
287.333333 288.333333   2.303 0.000   1.145 0.000
290.333333 291.333333   7.100 0.000   2.372 0.000
293.333333 294.333333  10.345 0.000   4.404 0.000
296.333333 297.333333  10.038 0.000   5.003 0.000
299.333333 300.333333   5.901 0.000   1.998 0.000
302.333333 303.333333   8.954 0.000   3.211 0.000
305.333333 306.333333   6.094 0.000   2.234 0.000
308.333333 309.333333  10.322 0.000   5.726 0.000
311.333333 312.333333   3.749 0.000   1.091 0.000
314.333333 315.333333   5.671 0.000   2.204 0.000
317.333333 318.333333  19.859 0.000   7.605 0.000
320.333333 321.333333   1.758 0.000   0.836 0.000
323.333333 324.333333   2.972 0.000   0.986 0.000
326.333333 327.333333  13.474 0.000   5.035 0.000
329.333333 330.333333   9.974 0.000   2.727 0.000
332.333333 333.333333   6.930 0.000   2.168 0.000
335.333333 336.333333   2.232 0.000   0.433 0.000
338.333333 339.333333   2.615 0.000   0.895 0.000
341.333333 342.333333   3.320 0.000   1.082 0.000
344.333333 345.333333   3.749 0.000   1.298 0.000
347.333333 348.333333 999.999 0.999 999.999 0.999
350.333333 351.333333 999.999 0.999 999.999 0.999
353.333333 354.333333 999.999 0.999 999.999 0.999
356.333333 357.333333   5.768 0.000   2.387 0.000
359.333333 360.333333   1.832 0.000   0.306 0.000
362.333333 363.333333   8.217 0.000   1.774 0.000
