scripts/IMPROVE-2019_partial/data/US0034R.20160101060000.20191216000000.filterpack...52w.3d.US03L_filterpack_US0034.US03L_IMPROVE_Davis.lev2.nas
51 1001
MISSING INFORMATION
US03L, IMPROVE, , , , , , , 
MISSING INFORMATION
IMPROVE sel_HTAP
1 1
2016 01 01 2019 12 16
3.00
days from file reference point
4
1 1 1 1
999.99 999.999 999.999 9.999
end_time of measurement, days from the file reference point
pm10_mass, ug/m3, Matrix=pm10
pm25_mass, ug/m3, Matrix=pm25
numflag, no unit
0
33
Data definition:              EBAS_1.1
Set type code:                TU
Timezone:                     UTC
File name:                    US0034R.20160101060000.20191216000000.filterpack...52w.3d.US03L_filterpack_US0034.US03L_IMPROVE_Davis.lev2.nas
File creation:                20191218115740
Startdate:                    20160101060000
Revision date:                20191216000000
Version:                      2
Version description:          "Data extracted from http://views.cira.colostate.edu/fed/DataWizard 2019-12-16"
Statistics:                   arithmetic mean
Data level:                   2
Period code:                  52w
Resolution code:              3d
Sample duration:              1d
Orig. time res.:              3d
Station code:                 US0034R
Platform code:                US0034S
Station name:                 Lake Sugema 2
Station latitude:             40.6932
Station longitude:            -92.0059
Station altitude:             229.0 m
Regime:                       IMG
Component:                    
Unit:                         ug/m3
Matrix:                       
Laboratory code:              US03L
Instrument type:              filterpack
Instrument name:              filterpack_US0034
Method ref:                   US03L_IMPROVE_Davis
Blank correction:             Blank corrected
Volume std. temperature:      ambient
Volume std. pressure:         ambient
starttime endtime PM10 PM2.5 flag
  0.25   1.25 999.999   4.586 0.000
  3.25   4.25 999.999   4.187 0.000
  6.25   7.25 999.999   9.269 0.000
  9.25  10.25 999.999   1.922 0.000
 12.25  13.25 999.999   4.690 0.000
 15.25  16.25 999.999   4.448 0.000
 18.25  19.25 999.999   8.685 0.000
 21.25  22.25 999.999  17.653 0.000
 24.25  25.25 999.999   9.280 0.000
 27.25  28.25 999.999   3.376 0.000
 30.25  31.25 999.999   8.236 0.000
 33.25  34.25 999.999   2.757 0.000
 36.25  37.25 999.999   6.631 0.000
 39.25  40.25 999.999   2.819 0.000
 42.25  43.25 999.999   6.554 0.000
 45.25  46.25 999.999  18.456 0.000
 48.25  49.25 999.999  11.325 0.000
 51.25  52.25 999.999   5.293 0.000
 54.25  55.25 999.999  11.925 0.000
 57.25  58.25 999.999   4.764 0.000
 60.25  61.25 999.999   4.822 0.000
 63.25  64.25 999.999  17.237 0.000
 66.25  67.25 999.999  13.034 0.000
 69.25  70.25 999.999   3.937 0.000
 72.25  73.25 999.999   9.949 0.000
 75.25  76.25 999.999   1.143 0.000
 78.25  79.25 999.999   4.950 0.000
 81.25  82.25 999.999   6.333 0.000
 84.25  85.25 999.999   2.948 0.000
 87.25  88.25 999.999   2.647 0.000
 90.25  91.25 999.999   3.447 0.000
 93.25  94.25 999.999   4.952 0.000
 96.25  97.25 999.999   6.574 0.000
 99.25 100.25   8.127   3.728 0.000
102.25 103.25  14.867   3.764 0.000
105.25 106.25  17.297   7.601 0.000
108.25 109.25  17.093   5.967 0.000
111.25 112.25   4.848   2.215 0.000
114.25 115.25  14.410   7.340 0.000
117.25 118.25  12.828  10.150 0.000
120.25 121.25   7.676   6.317 0.000
123.25 124.25  10.402   3.830 0.000
126.25 127.25  26.074   5.619 0.000
129.25 130.25  11.813   7.717 0.000
132.25 133.25  10.677   2.273 0.000
135.25 136.25  13.834   2.616 0.000
138.25 139.25  13.017   3.590 0.000
141.25 142.25  29.445   7.656 0.000
144.25 145.25  17.695   7.469 0.000
147.25 148.25   9.380   4.246 0.000
150.25 151.25  10.563   4.599 0.000
153.25 154.25  18.710   3.875 0.000
156.25 157.25  10.822   3.033 0.000
159.25 160.25  25.322   4.308 0.000
162.25 163.25  32.805  12.029 0.000
165.25 166.25  21.020   7.991 0.000
168.25 169.25  31.407   9.679 0.659
171.25 172.25  29.417   8.529 0.659
174.25 175.25  28.398   8.797 0.659
177.25 178.25  18.198   7.778 0.659
180.25 181.25  20.685   3.405 0.659
183.25 184.25  10.982   3.429 0.659
186.25 187.25  10.374   4.936 0.659
189.25 190.25   7.857   2.535 0.659
192.25 193.25  14.758   5.947 0.659
195.25 196.25  12.461   4.483 0.659
198.25 199.25  12.961   6.267 0.659
201.25 202.25  14.268   4.297 0.659
204.25 205.25  12.987   4.938 0.659
207.25 208.25  22.245   5.431 0.659
210.25 211.25  22.866   4.101 0.659
213.25 214.25  20.272   6.855 0.000
216.25 217.25  18.217   8.835 0.000
219.25 220.25  15.126   3.982 0.000
222.25 223.25  19.716  12.252 0.000
225.25 226.25  12.465   3.388 0.000
228.25 229.25  17.750   6.803 0.000
231.25 232.25  13.461   4.734 0.000
234.25 235.25  10.730   3.381 0.000
237.25 238.25  12.895   4.597 0.000
240.25 241.25  13.984   6.726 0.000
243.25 244.25  18.928   4.998 0.000
246.25 247.25  15.043   4.939 0.000
249.25 250.25  18.720   7.624 0.000
252.25 253.25  10.516   2.774 0.000
255.25 256.25  14.631   4.979 0.000
258.25 259.25  20.810  10.033 0.000
261.25 262.25  14.001   4.225 0.000
264.25 265.25  27.668  10.186 0.000
267.25 268.25  28.755  13.994 0.000
270.25 271.25  21.009   3.442 0.000
273.25 274.25  26.951   4.768 0.000
276.25 277.25  16.614   4.672 0.000
279.25 280.25   7.482   2.906 0.000
282.25 283.25  15.993   3.960 0.000
285.25 286.25  13.416   3.744 0.000
288.25 289.25  14.212   5.929 0.000
291.25 292.25  24.725   5.094 0.000
294.25 295.25  30.142   4.332 0.000
297.25 298.25  35.259   6.040 0.000
300.25 301.25   6.812   2.984 0.000
303.25 304.25  13.841   4.733 0.000
306.25 307.25  20.877   7.672 0.000
309.25 310.25  14.588   3.600 0.000
312.25 313.25  28.139   6.495 0.000
315.25 316.25  21.937   3.407 0.000
318.25 319.25  29.399   6.721 0.000
321.25 322.25  24.762   7.082 0.000
324.25 325.25  20.618   3.226 0.000
327.25 328.25  11.887   8.928 0.000
330.25 331.25  15.864   8.013 0.000
333.25 334.25   8.161   3.298 0.000
336.25 337.25   9.321   4.459 0.000
339.25 340.25   8.502   7.224 0.000
342.25 343.25  12.924   4.752 0.000
345.25 346.25  13.686   8.219 0.000
348.25 349.25  21.490   5.076 0.000
351.25 352.25  15.217   9.517 0.000
354.25 355.25  13.323   8.042 0.000
357.25 358.25  13.454   9.947 0.000
360.25 361.25   4.238   1.579 0.000
363.25 364.25   4.974   0.272 0.000
