scripts/IMPROVE-2019_partial/data/US0027R.19910102070000.20191216000000.filterpack...1y.3d.US03L_filterpack_US0027.US03L_IMPROVE_Davis.lev2.nas
52 1001
MISSING INFORMATION
US03L, IMPROVE, , , , , , , 
MISSING INFORMATION
IMPROVE sel_HTAP
1 1
1991 01 01 2019 12 16
0
days from file reference point
5
1 1 1 1 1
999.999999 999.999 9.999 999.999 9.999999
end_time of measurement, days from the file reference point
pm10_mass, ug/m3, Matrix=pm10
numflag pm10_mass, no unit, Matrix=pm10
pm25_mass, ug/m3, Matrix=pm25
numflag pm25_mass, no unit, Matrix=pm25
0
33
Data definition:              EBAS_1.1
Set type code:                TI
Timezone:                     UTC
File name:                    US0027R.19910102070000.20191216000000.filterpack...1y.3d.US03L_filterpack_US0027.US03L_IMPROVE_Davis.lev2.nas
File creation:                20191218115715
Startdate:                    19910102070000
Revision date:                20191216000000
Version:                      2
Version description:          "Data extracted from http://views.cira.colostate.edu/fed/DataWizard 2019-12-16"
Statistics:                   arithmetic mean
Data level:                   2
Period code:                  1y
Resolution code:              3d
Sample duration:              1d
Orig. time res.:              3d
Station code:                 US0027R
Platform code:                US0027S
Station name:                 Great Sand Dunes NM
Station latitude:             37.7249
Station longitude:            -105.5185
Station altitude:             2498.0 m
Regime:                       IMG
Component:                    
Unit:                         ug/m3
Matrix:                       
Laboratory code:              US03L
Instrument type:              filterpack
Instrument name:              filterpack_US0027
Method ref:                   US03L_IMPROVE_Davis
Blank correction:             Blank corrected
Volume std. temperature:      ambient
Volume std. pressure:         ambient
starttime endtime PM10 flag_PM10 PM2.5 flag_PM2.5
  1.291667   2.291667   4.494 0.000   2.278 0.559000
  4.291667   5.291667   4.690 0.000   4.304 0.559000
  8.291667   9.291667   2.160 0.000   1.807 0.559000
 11.291667  12.291667 999.999 0.999   3.260 0.559000
 15.291667  16.291667   7.830 0.000   1.516 0.559000
 18.291667  19.291667   3.445 0.000   2.452 0.559000
 22.291667  23.291667 999.999 0.999   7.152 0.559000
 25.291667  26.291667   3.559 0.000 999.999 0.559259
 29.291667  30.291667  11.747 0.000   4.557 0.559000
 32.291667  33.291667  12.958 0.000   4.810 0.559000
 36.291667  37.291667   4.919 0.000   3.072 0.559000
 39.291667  40.291667   6.901 0.000   3.448 0.559000
 43.291667  44.291667  10.078 0.000   5.285 0.559000
 46.291667  47.291667   3.806 0.000   3.165 0.559000
 50.291667  51.291667   1.793 0.000   1.031 0.559000
 53.291667  54.291667   4.661 0.000   3.616 0.559000
 57.291667  58.291667   9.543 0.000   2.595 0.559000
 60.291667  61.291667   1.701 0.000   0.823 0.559000
 64.291667  65.291667 999.999 0.999 999.999 0.559259
 67.291667  68.291667 999.999 0.999 999.999 0.559259
 71.291667  72.291667  12.442 0.000   3.323 0.559000
 74.291667  75.291667   6.611 0.000   3.562 0.559000
 78.291667  79.291667   3.321 0.000   2.291 0.559000
 81.291667  82.291667   7.854 0.000   2.446 0.559000
 85.291667  86.291667  11.210 0.000   1.220 0.559000
 88.291667  89.291667  18.079 0.000   2.945 0.559000
 92.291667  93.291667   8.482 0.000   4.545 0.559000
 95.291667  96.291667   5.772 0.000   3.699 0.559000
 99.291667 100.291667  71.170 0.000  19.130 0.559000
102.291667 103.291667   9.715 0.000   3.841 0.559000
106.291667 107.291667   8.680 0.000   4.537 0.559000
109.291667 110.291667   8.889 0.000 999.999 0.559259
113.291667 114.291667  11.411 0.000 999.999 0.559259
116.291667 117.291667   9.303 0.000   4.455 0.559000
120.291667 121.291667   5.595 0.000   3.374 0.559000
123.291667 124.291667  10.705 0.000   4.116 0.559000
127.291667 128.291667   6.226 0.000   3.110 0.559000
130.291667 131.291667  18.880 0.000   7.652 0.559000
134.291667 135.291667  32.471 0.000  11.442 0.559000
137.291667 138.291667  10.235 0.000   4.894 0.559000
141.291667 142.291667  11.758 0.000   3.313 0.559000
144.291667 145.291667   7.702 0.000   4.428 0.559000
148.291667 149.291667   8.340 0.000   5.884 0.559000
151.291667 152.291667  13.140 0.000  10.276 0.559000
155.291667 156.291667  11.264 0.000   6.607 0.559000
158.291667 159.291667  13.719 0.000   4.895 0.559000
162.291667 163.291667   6.051 0.000   3.254 0.559000
165.291667 166.291667  29.480 0.000   4.320 0.559000
169.291667 170.291667  21.859 0.000   7.899 0.559000
172.291667 173.291667  11.193 0.000   5.266 0.559000
176.291667 177.291667  22.364 0.000   6.737 0.559000
179.291667 180.291667  10.593 0.000   6.677 0.559000
183.291667 184.291667  10.841 0.000   3.680 0.559000
186.291667 187.291667  11.159 0.000   4.478 0.559000
190.291667 191.291667   8.720 0.000   4.431 0.559000
193.291667 194.291667   6.989 0.000   4.819 0.559000
197.291667 198.291667   8.140 0.000   6.677 0.559000
200.291667 201.291667   9.474 0.000 999.999 0.559259
204.291667 205.291667   3.333 0.000   2.389 0.559000
207.291667 208.291667  10.877 0.000   3.569 0.559000
211.291667 212.291667  14.384 0.000   3.404 0.559000
214.291667 215.291667   3.813 0.000   2.705 0.559000
218.291667 219.291667  11.291 0.000   3.373 0.559000
221.291667 222.291667   6.285 0.000   3.947 0.559000
225.291667 226.291667   8.154 0.000   3.333 0.559000
228.291667 229.291667  13.495 0.000   3.970 0.559000
232.291667 233.291667   8.377 0.000   4.036 0.559000
235.291667 236.291667  10.037 0.000   3.982 0.559000
239.291667 240.291667   6.399 0.000   4.749 0.559000
242.291667 243.291667  10.417 0.000   6.320 0.559000
246.291667 247.291667   5.099 0.000   3.283 0.559000
249.291667 250.291667  10.352 0.000   2.711 0.559000
253.291667 254.291667   4.966 0.000   2.761 0.559000
256.291667 257.291667   6.413 0.000   2.791 0.559000
260.291667 261.291667  10.751 0.000   3.251 0.559000
263.291667 264.291667  14.929 0.000   7.015 0.559000
267.291667 268.291667  10.312 0.000   4.495 0.559000
270.291667 271.291667  12.326 0.000   4.800 0.559000
274.291667 275.291667   6.644 0.000   3.662 0.559000
277.291667 278.291667  10.336 0.000   4.520 0.559000
281.291667 282.291667  11.419 0.000   4.891 0.559000
284.291667 285.291667  10.934 0.000   5.552 0.559000
288.291667 289.291667   8.429 0.000   3.937 0.559000
291.291667 292.291667  24.426 0.000   5.524 0.559000
295.291667 296.291667  13.380 0.000   4.492 0.559000
298.291667 299.291667  10.599 0.000   3.607 0.559000
302.291667 303.291667  24.280 0.000   3.906 0.559000
305.291667 306.291667   5.330 0.000   5.233 0.559000
309.291667 310.291667   6.319 0.000   3.974 0.559000
312.291667 313.291667  16.437 0.000   2.990 0.559000
316.291667 317.291667   4.678 0.000   2.964 0.559000
319.291667 320.291667 999.999 0.999   2.903 0.559000
323.291667 324.291667   2.523 0.000   2.193 0.559000
326.291667 327.291667   7.286 0.000   1.683 0.559000
330.291667 331.291667   3.484 0.000   1.777 0.559000
333.291667 334.291667  11.168 0.000   2.363 0.559000
337.291667 338.291667   5.048 0.000 999.999 0.559259
340.291667 341.291667 999.999 0.999   3.106 0.559000
344.291667 345.291667   7.265 0.000   4.040 0.559000
347.291667 348.291667   4.806 0.000   2.682 0.559000
351.291667 352.291667  12.009 0.000   4.139 0.559000
354.291667 355.291667   4.951 0.000   2.143 0.559000
358.291667 359.291667   3.333 0.000   2.310 0.559000
361.291667 362.291667   2.961 0.000   2.376 0.559000
