scripts/IMPROVE-2019_partial/data/US0023R.20020102080000.20191216000000.filterpack..pm25.52w.1w.US03L_filterpack_US0023.US03L_IMPROVE_Davis.lev2.nas
66 1001
MISSING INFORMATION
US03L, IMPROVE, , , , , , , 
MISSING INFORMATION
IMPROVE sel_HTAP
1 1
2002 01 01 2019 12 16
3.000000
days from file reference point
27
1 1 1 1 1 1 1 1 1 1 1 1 1 1 1 1 1 1 1 1 1 1 1 1 1 1 1
999.999999 99999.99 9.999999 99.99 9.999999 9.999 9.999999999 9.99 9.999999999 9.999 9.999999 99.999 9.999 99.999 9.999 999.99 9.999999999 9999.999 9.999 9999.999 9.999 999.999 9.999 9.999 9.999999 9.999 9.999
end_time of measurement, days from the file reference point
iron, ng/m3, Revision date=20181210133000
numflag iron, no unit, Revision date=20181210133000
lead, ng/m3, Revision date=20181210133000
numflag lead, no unit, Revision date=20181210133000
magnesium, ug/m3, Revision date=20181210133000
numflag magnesium, no unit, Revision date=20181210133000
nickel, ng/m3, Revision date=20181210133000
numflag nickel, no unit, Revision date=20181210133000
nitrate, ug N/m3, Revision date=20181210133000
numflag nitrate, no unit, Revision date=20181210133000
organic_carbon, ug C/m3, Revision date=20181210133000
numflag organic_carbon, no unit, Revision date=20181210133000
organic_mass, ug/m3, Revision date=20181210133000
numflag organic_mass, no unit, Revision date=20181210133000
phosphorus, ng/m3, Revision date=20181210133000
numflag phosphorus, no unit, Revision date=20181210133000
pm10_mass, ug/m3, Version=2, Version description=Data extracted from http://views.cira.colostate.edu/fed/DataWizard 2019-12-16, Sample duration=1d, Orig. time res.=3d, Matrix=pm10, Blank correction=Blank corrected, Volume std. temperature=ambient, Volume std. pressure=ambient
numflag pm10_mass, no unit, Version=2, Version description=Data extracted from http://views.cira.colostate.edu/fed/DataWizard 2019-12-16, Sample duration=1d, Orig. time res.=3d, Matrix=pm10, Blank correction=Blank corrected, Volume std. temperature=ambient, Volume std. pressure=ambient
pm10_pm25_mass, ug/m3, Revision date=20181210133000, Matrix=pm10_pm25
numflag pm10_pm25_mass, no unit, Revision date=20181210133000, Matrix=pm10_pm25
pm25_mass, ug/m3, Version=2, Version description=Data extracted from http://views.cira.colostate.edu/fed/DataWizard 2019-12-16, Sample duration=1d, Orig. time res.=3d, Blank correction=Blank corrected, Volume std. temperature=ambient, Volume std. pressure=ambient
numflag pm25_mass, no unit, Version=2, Version description=Data extracted from http://views.cira.colostate.edu/fed/DataWizard 2019-12-16, Sample duration=1d, Orig. time res.=3d, Blank correction=Blank corrected, Volume std. temperature=ambient, Volume std. pressure=ambient
potassium, ug/m3, Revision date=20181210133000
numflag potassium, no unit, Revision date=20181210133000
sulphate_total, ug S/m3, Revision date=20181210133000
numflag sulphate_total, no unit, Revision date=20181210133000
0
25
Data definition:              EBAS_1.1
Set type code:                TU
Timezone:                     UTC
File name:                    US0023R.20020102080000.20191216000000.filterpack..pm25.52w.1w.US03L_filterpack_US0023.US03L_IMPROVE_Davis.lev2.nas
File creation:                20191218115654
Startdate:                    20020102080000
Revision date:                20191216000000
Statistics:                   arithmetic mean
Data level:                   2
Period code:                  52w
Resolution code:              1w
Station code:                 US0023R
Platform code:                US0023S
Station name:                 Hoover
Station latitude:             38.0881
Station longitude:            -119.1771
Station altitude:             2560.0 m
Regime:                       IMG
Component:                    
Matrix:                       pm25
Laboratory code:              US03L
Instrument type:              filterpack
Instrument name:              filterpack_US0023
Method ref:                   US03L_IMPROVE_Davis
starttime endtime Fe flag_Fe Pb flag_Pb Mg++ flag_Mg++ Ni flag_Ni NO3- flag_NO3- OC flag_OC OM flag_OM P flag_P PM10 flag_PM10 PM10-PM2.5 flag_PM10-PM2.5 PM2.5 flag_PM2.5 K+ flag_K+ SO4-- flag_SO4--
[from data line 73]
220.333333 221.333333    32.89 0.559000  0.27 0.559000 9.999 0.559259000 9.99 0.559259000 0.035 0.000000  1.896 0.000  2.655 0.000 999.99 0.559259000   10.207 0.000    5.304 0.000   4.904 0.559 0.054 0.559000 0.102 0.000
223.333333 224.333333    50.37 0.559394  0.54 0.559394 9.999 0.559394259 9.99 0.559394259 0.053 0.394000  5.083 0.000  7.116 0.000 999.99 0.559394259   17.553 0.000    5.813 0.000  11.741 0.559 0.099 0.559394 0.149 0.394
226.333333 227.333333    44.33 0.699000  0.31 0.699000 9.999 0.699259000 0.13 0.699000000 0.056 0.000000  6.726 0.000  9.416 0.000 999.99 0.699259000   18.867 0.000    4.768 0.000  14.099 0.699 0.088 0.699000 0.162 0.000
229.333333 230.333333    29.09 0.699000  0.38 0.699000 9.999 0.699259000 0.12 0.699000000 0.040 0.000000  2.901 0.000  4.062 0.000 999.99 0.699259000    9.425 0.000    2.726 0.000   6.699 0.699 0.045 0.699000 0.128 0.000
232.333333 233.333333    25.61 0.000000  0.46 0.000000 9.999 0.259000000 9.99 0.259000000 0.084 0.000000  3.765 0.000  5.271 0.000   6.17 0.000000000   12.121 0.000    3.545 0.000   8.576 0.000 0.045 0.000000 0.124 0.000
235.333333 236.333333    45.04 0.000000  0.30 0.000000 0.025 0.000000000 0.13 0.000000000 0.052 0.000000  1.966 0.000  2.752 0.000  12.45 0.000000000   10.648 0.000    4.784 0.000   5.864 0.000 0.047 0.000000 0.150 0.000
238.333333 239.333333    43.13 0.559000  0.24 0.559000 9.999 0.559259000 9.99 0.559259000 0.031 0.000000  2.997 0.000  4.196 0.000 999.99 0.559259000   12.217 0.000    4.703 0.000   7.514 0.559 0.039 0.559000 0.092 0.000
241.333333 242.333333    82.04 0.559000  0.42 0.559000 0.025 0.559000000 0.13 0.559000000 0.118 0.000000  3.051 0.000  4.272 0.000 999.99 0.559259000   16.599 0.000    7.240 0.000   9.358 0.559 0.055 0.559000 0.291 0.000
244.333333 245.333333    61.70 0.699000  0.59 0.699000 9.999 0.699259000 0.11 0.699000000 0.049 0.000000  2.236 0.000  3.131 0.000 999.99 0.699259000   10.584 0.000    4.348 0.000   6.237 0.699 0.049 0.699000 0.207 0.000
247.333333 248.333333    32.81 0.000000  0.45 0.000000 9.999 0.259000000 9.99 0.259000000 0.038 0.000000  0.233 0.000  0.327 0.000 999.99 0.259000000    5.054 0.000    2.559 0.000   2.495 0.000 0.023 0.000000 0.311 0.000
250.333333 251.333333    20.05 0.000000  0.36 0.000000 9.999 0.259000000 0.06 0.000000000 0.029 0.000000  0.359 0.000  0.503 0.000 999.99 0.259000000    3.575 0.000    1.979 0.000   1.596 0.000 0.018 0.000000 0.106 0.000
253.333333 254.333333    51.35 0.000000  0.70 0.000000 9.999 0.259000000 9.99 0.259000000 0.033 0.000000  0.787 0.000  1.102 0.000 999.99 0.259000000    7.232 0.000    4.336 0.000   2.896 0.000 0.040 0.000000 0.162 0.000
256.333333 257.333333    41.58 0.000000  0.74 0.000000 9.999 0.259000000 9.99 0.259000000 0.035 0.000000  0.973 0.000  1.362 0.000 999.99 0.259000000    7.684 0.000    3.776 0.000   3.908 0.000 0.029 0.000000 0.219 0.000
259.333333 260.333333    27.96 0.000000  0.58 0.000000 9.999 0.259000000 9.99 0.259000000 0.020 0.000000  0.620 0.000  0.867 0.000 999.99 0.259000000    4.507 0.000    2.541 0.000   1.966 0.000 0.022 0.000000 0.111 0.000
262.333333 263.333333    42.93 0.000000  0.51 0.000000 9.999 0.259000000 9.99 0.259000000 0.022 0.000000  0.963 0.000  1.349 0.000 999.99 0.259000000    6.903 0.000    3.892 0.000   3.011 0.000 0.031 0.000000 0.074 0.000
265.333333 266.333333    36.84 0.000000  0.56 0.000000 9.999 0.259000000 9.99 0.259000000 0.023 0.000000  1.257 0.000  1.760 0.000 999.99 0.259000000    6.944 0.000    3.636 0.000   3.308 0.000 0.028 0.000000 0.099 0.000
268.333333 269.333333    85.74 0.000000  0.79 0.000000 9.999 0.259000000 0.07 0.000000000 0.066 0.000000  2.131 0.000  2.983 0.000 999.99 0.259000000   11.352 0.000    5.859 0.000   5.494 0.000 0.057 0.000000 0.133 0.000
271.333333 272.333333    34.02 0.000000  0.58 0.000000 9.999 0.259000000 9.99 0.259000000 0.045 0.000000  1.108 0.000  1.551 0.000 999.99 0.259000000    5.073 0.000    2.245 0.000   2.828 0.000 0.026 0.000000 0.148 0.000
274.333333 275.333333    12.44 0.000000  0.33 0.000000 0.014 0.000000000 9.99 0.259000000 0.047 0.000000  0.554 0.000  0.776 0.000 999.99 0.259000000    3.896 0.000    2.167 0.000   1.729 0.000 0.014 0.000000 0.080 0.000
277.333333 278.333333    15.67 0.000000  0.44 0.000000 9.999 0.259000000 9.99 0.259000000 0.034 0.000000  1.392 0.000  1.949 0.000 999.99 0.259000000    4.588 0.000    1.732 0.000   2.856 0.000 0.019 0.000000 0.108 0.000
280.333333 281.333333    12.83 0.000000  0.24 0.000000 9.999 0.259000000 9.99 0.259000000 0.006 0.000000  0.218 0.000  0.304 0.000 999.99 0.259000000    2.899 0.000    1.962 0.000   0.938 0.000 0.011 0.000000 0.026 0.000
283.333333 284.333333    40.54 0.000000  0.59 0.000000 0.020 0.000000000 9.99 0.259000000 0.099 0.000000  0.970 0.000  1.358 0.000 999.99 0.259000000    6.359 0.000    3.185 0.000   3.174 0.000 0.029 0.000000 0.158 0.000
286.333333 287.333333    29.91 0.000000  0.55 0.000000 9.999 0.259000000 9.99 0.259000000 0.018 0.000000  0.472 0.000  0.661 0.000 999.99 0.259000000    4.267 0.000    2.056 0.000   2.211 0.000 0.023 0.000000 0.076 0.000
289.333333 290.333333    38.67 0.000000  0.56 0.000000 0.015 0.000000000 9.99 0.259000000 0.014 0.000000  0.180 0.000  0.253 0.000 999.99 0.259000000    5.260 0.000    3.579 0.000   1.681 0.000 0.047 0.000000 0.055 0.000
292.333333 293.333333    45.43 0.699000  0.86 0.699000 9.999 0.699259000 9.99 0.699259000 0.097 0.000000  4.445 0.000  6.223 0.000 999.99 0.699259000   11.144 0.000    2.915 0.000   8.229 0.699 0.044 0.699000 0.131 0.000
295.333333 296.333333    35.70 0.000000  1.05 0.000000 9.999 0.259000000 9.99 0.259000000 0.071 0.000000  1.550 0.000  2.170 0.000 999.99 0.259000000    6.820 0.000    2.349 0.000   4.471 0.000 0.055 0.000000 0.215 0.000
298.333333 299.333333    53.09 0.000000  1.62 0.000000 9.999 0.259000000 0.09 0.000000000 0.133 0.000000  0.549 0.000  0.768 0.000 999.99 0.259000000    6.612 0.000    2.542 0.000   4.070 0.000 0.049 0.000000 0.344 0.000
301.333333 302.333333    22.68 0.000000  0.60 0.000000 9.999 0.259000000 9.99 0.259000000 0.025 0.000000  0.307 0.000  0.430 0.000 999.99 0.259000000    3.782 0.000    1.966 0.000   1.816 0.000 0.019 0.000000 0.102 0.000
304.333333 305.333333   113.70 0.000000  0.36 0.000000 0.029 0.000000000 9.99 0.259000000 0.072 0.000000  0.595 0.000  0.833 0.000 999.99 0.259000000    8.982 0.000    4.784 0.000   4.197 0.000 0.080 0.000000 0.148 0.000
307.333333 308.333333    26.66 0.000000  0.40 0.000000 9.999 0.259000000 9.99 0.259000000 0.033 0.000000  1.414 0.000  1.979 0.000 999.99 0.259000000    4.408 0.000    1.491 0.000   2.917 0.000 0.022 0.000000 0.071 0.000
310.333333 311.333333    61.88 0.000000  0.28 0.000000 9.999 0.259000000 0.05 0.000000000 0.034 0.559000  0.312 0.000  0.437 0.000 999.99 0.259000000 9999.999 0.456 9999.999 0.999   1.425 0.000 0.031 0.000000 0.030 0.559
313.333333 314.333333     4.17 0.000000  0.30 0.000000 0.012 0.000000000 9.99 0.259000000 0.004 0.000000  0.028 0.000  0.039 0.000 999.99 0.259000000 9999.999 0.456 9999.999 0.999   0.302 0.000 0.005 0.000000 0.069 0.000
316.333333 317.333333     5.56 0.000000  0.25 0.000000 9.999 0.259000000 9.99 0.259000000 0.022 0.000000  0.231 0.000  0.323 0.000 999.99 0.259000000    1.046 0.000    0.366 0.000   0.680 0.000 0.005 0.000000 0.060 0.000
319.333333 320.333333     8.17 0.000000  0.57 0.000000 9.999 0.259000000 9.99 0.259000000 0.008 0.000000  0.223 0.000  0.312 0.000 999.99 0.259000000    1.464 0.000    0.409 0.000   1.055 0.000 0.011 0.000000 0.124 0.000
322.333333 323.333333     4.59 0.000000  0.26 0.000000 9.999 0.259000000 9.99 0.259000000 0.003 0.000000  0.049 0.000  0.069 0.000 999.99 0.259000000    0.719 0.000    0.331 0.000   0.388 0.000 0.005 0.000000 0.042 0.000
325.333333 326.333333    10.42 0.000000  0.30 0.000000 0.020 0.000000000 9.99 0.259000000 0.025 0.559000  0.202 0.000  0.282 0.000 999.99 0.259000000    1.966 0.000    1.489 0.000   0.477 0.000 0.009 0.000000 0.031 0.559
328.333333 329.333333     6.47 0.000000  0.29 0.000000 9.999 0.259000000 9.99 0.259000000 0.026 0.000000  0.350 0.000  0.490 0.000 999.99 0.259000000    1.863 0.000    0.901 0.000   0.962 0.000 0.009 0.000000 0.065 0.000
331.333333 332.333333     9.94 0.000000  0.25 0.000000 0.013 0.000000000 9.99 0.259000000 0.008 0.000000  0.063 0.000  0.088 0.000 999.99 0.259000000    1.557 0.000    0.942 0.000   0.615 0.000 0.008 0.000000 0.064 0.000
334.333333 335.333333     3.07 0.000000  0.14 0.000000 9.999 0.259000000 9.99 0.259000000 0.018 0.000000  0.343 0.000  0.480 0.000 999.99 0.259000000    0.884 0.000    0.060 0.000   0.824 0.000 0.003 0.000000 0.092 0.000
337.333333 338.333333     3.48 0.000000  0.11 0.000000 9.999 0.259000000 0.04 0.000000000 0.003 0.000000  0.082 0.000  0.115 0.000   1.96 0.000000000    0.758 0.000    0.375 0.000   0.383 0.000 0.004 0.000000 0.033 0.000
340.333333 341.333333     6.87 0.000000  0.19 0.000000 9.999 0.259000000 9.99 0.259000000 0.073 0.000000  1.190 0.000  1.665 0.000 999.99 0.259000000    2.736 0.000    0.674 0.000   2.062 0.000 0.012 0.000000 0.035 0.000
343.333333 344.333333    23.45 0.000000  0.49 0.000000 0.014 0.000000000 0.05 0.000000000 0.012 0.000000  0.525 0.000  0.735 0.000 999.99 0.259000000    4.619 0.000    3.055 0.000   1.565 0.000 0.019 0.000000 0.077 0.000
346.333333 347.333333    39.87 0.000000  0.24 0.000000 9.999 0.259000000 9.99 0.259000000 0.008 0.000000  0.151 0.000  0.211 0.000 999.99 0.259000000    4.978 0.000    3.308 0.000   1.670 0.000 0.028 0.000000 0.045 0.000
349.333333 350.333333     1.06 0.000000  0.08 0.000000 9.999 0.259000000 9.99 0.259000000 0.002 0.000000  0.038 0.000  0.053 0.000 999.99 0.259000000    3.153 0.000    3.008 0.000   0.145 0.000 0.002 0.000000 0.010 0.000
352.333333 353.333333     4.77 0.000000  0.28 0.000000 9.999 0.259000000 9.99 0.259000000 0.016 0.000000  0.125 0.000  0.175 0.000 999.99 0.259000000    8.003 0.000    7.380 0.000   0.623 0.000 0.004 0.000000 0.047 0.000
355.333333 356.333333     1.36 0.000000 99.99 0.259000 9.999 0.259000000 9.99 0.259000000 0.032 0.000000  0.120 0.000  0.167 0.000 999.99 0.259000000    1.397 0.000    0.891 0.000   0.507 0.000 0.002 0.000000 0.021 0.000
358.333333 359.333333     3.05 0.000000  0.21 0.000000 9.999 0.259000000 9.99 0.259000000 0.004 0.000000 99.999 0.259 99.999 0.259 999.99 0.259000000    0.800 0.000    0.480 0.000   0.320 0.000 0.003 0.000000 0.036 0.000
361.333333 362.333333     3.92 0.000000  0.14 0.000000 9.999 0.259000000 9.99 0.259000000 0.009 0.000000  0.119 0.000  0.167 0.000 999.99 0.259000000    4.335 0.000    3.751 0.000   0.584 0.000 0.004 0.000000 0.035 0.000
364.333333 365.333333     1.66 0.000000  0.15 0.000000 9.999 0.259000000 9.99 0.259000000 0.005 0.000000  0.163 0.000  0.228 0.000 999.99 0.259000000    6.860 0.000    6.420 0.000   0.440 0.000 0.002 0.000000 0.018 0.000
