scripts/IMPROVE-2019_partial/data/US0056R.20040101070000.20191216000000.filterpack..pm25.52w.1w.US03L_filterpack_US0056.US03L_IMPROVE_Davis.lev2.nas
66 1001
MISSING INFORMATION
US03L, IMPROVE, , , , , , , 
MISSING INFORMATION
IMPROVE sel_HTAP
1 1
2004 01 01 2019 12 16
3.000000
days from file reference point
27
1 1 1 1 1 1 1 1 1 1 1 1 1 1 1 1 1 1 1 1 1 1 1 1 1 1 1
999.999999 9999.99 9.999 99.99 9.999 9.999 9.999 9.99 9.999 99.999 9.999 999.999 9.999 999.999 9.999 99.99 9.999 999.999 9.999 999.999 9.999 999.999 9.999 9.999 9.999 99.999 9.999
end_time of measurement, days from the file reference point
iron, ng/m3, Revision date=20181210133000
numflag iron, no unit, Revision date=20181210133000
lead, ng/m3, Revision date=20181210133000
numflag lead, no unit, Revision date=20181210133000
magnesium, ug/m3, Revision date=20181210133000
numflag magnesium, no unit, Revision date=20181210133000
nickel, ng/m3, Revision date=20181210133000
numflag nickel, no unit, Revision date=20181210133000
nitrate, ug N/m3, Revision date=20181210133000
numflag nitrate, no unit, Revision date=20181210133000
organic_carbon, ug C/m3, Revision date=20181210133000
numflag organic_carbon, no unit, Revision date=20181210133000
organic_mass, ug/m3, Revision date=20181210133000
numflag organic_mass, no unit, Revision date=20181210133000
phosphorus, ng/m3, Revision date=20181210133000
numflag phosphorus, no unit, Revision date=20181210133000
pm10_mass, ug/m3, Version=2, Version description=Data extracted from http://views.cira.colostate.edu/fed/DataWizard 2019-12-16, Sample duration=1d, Orig. time res.=3d, Matrix=pm10, Blank correction=Blank corrected, Volume std. temperature=ambient, Volume std. pressure=ambient
numflag pm10_mass, no unit, Version=2, Version description=Data extracted from http://views.cira.colostate.edu/fed/DataWizard 2019-12-16, Sample duration=1d, Orig. time res.=3d, Matrix=pm10, Blank correction=Blank corrected, Volume std. temperature=ambient, Volume std. pressure=ambient
pm10_pm25_mass, ug/m3, Revision date=20181210133000, Matrix=pm10_pm25
numflag pm10_pm25_mass, no unit, Revision date=20181210133000, Matrix=pm10_pm25
pm25_mass, ug/m3, Version=2, Version description=Data extracted from http://views.cira.colostate.edu/fed/DataWizard 2019-12-16, Sample duration=1d, Orig. time res.=3d, Blank correction=Blank corrected, Volume std. temperature=ambient, Volume std. pressure=ambient
numflag pm25_mass, no unit, Version=2, Version description=Data extracted from http://views.cira.colostate.edu/fed/DataWizard 2019-12-16, Sample duration=1d, Orig. time res.=3d, Blank correction=Blank corrected, Volume std. temperature=ambient, Volume std. pressure=ambient
potassium, ug/m3, Revision date=20181210133000
numflag potassium, no unit, Revision date=20181210133000
sulphate_total, ug S/m3, Revision date=20181210133000
numflag sulphate_total, no unit, Revision date=20181210133000
0
25
Data definition:              EBAS_1.1
Set type code:                TU
Timezone:                     UTC
File name:                    US0056R.20040101070000.20191216000000.filterpack..pm25.52w.1w.US03L_filterpack_US0056.US03L_IMPROVE_Davis.lev2.nas
File creation:                20191218115853
Startdate:                    20040101070000
Revision date:                20191216000000
Statistics:                   arithmetic mean
Data level:                   2
Period code:                  52w
Resolution code:              1w
Station code:                 US0056R
Platform code:                US0056S
Station name:                 Fort Peck (IMPROVE)
Station latitude:             48.308
Station longitude:            -105.1022
Station altitude:             638.0 m
Regime:                       IMG
Component:                    
Matrix:                       pm25
Laboratory code:              US03L
Instrument type:              filterpack
Instrument name:              filterpack_US0056
Method ref:                   US03L_IMPROVE_Davis
starttime endtime Fe flag_Fe Pb flag_Pb Mg++ flag_Mg++ Ni flag_Ni NO3- flag_NO3- OC flag_OC OM flag_OM P flag_P PM10 flag_PM10 PM10-PM2.5 flag_PM10-PM2.5 PM2.5 flag_PM2.5 K+ flag_K+ SO4-- flag_SO4--
[from data line 84]
252.291667 253.291667   67.57 0.000  0.41 0.000 9.999 0.259 9.99 0.259  0.018 0.000   0.924 0.000   1.293 0.000 99.99 0.259  14.382 0.000  10.606 0.000   3.776 0.000 0.036 0.000  0.174 0.000
255.291667 256.291667 9999.99 0.999 99.99 0.999 9.999 0.999 9.99 0.999 99.999 0.999 999.999 0.999 999.999 0.999 99.99 0.999 999.999 0.999 999.999 0.999 999.999 0.999 9.999 0.999 99.999 0.999
258.291667 259.291667   47.32 0.000  0.37 0.000 9.999 0.259 9.99 0.259  0.016 0.000   0.526 0.000   0.737 0.000 99.99 0.259  11.601 0.000   9.084 0.000   2.517 0.000 0.022 0.000  0.180 0.000
261.291667 262.291667   77.21 0.000  0.56 0.000 9.999 0.259 0.08 0.000  0.029 0.000   1.023 0.000   1.432 0.000 99.99 0.259  16.877 0.000  12.288 0.000   4.588 0.000 0.042 0.000  0.304 0.000
264.291667 265.291667   12.43 0.000  0.42 0.000 9.999 0.259 0.14 0.000  0.013 0.000   0.573 0.000   0.803 0.000 99.99 0.259   8.430 0.000   7.124 0.000   1.306 0.000 0.006 0.000  0.100 0.000
267.291667 268.291667   72.85 0.000  0.65 0.000 9.999 0.259 0.13 0.000  0.019 0.000   0.688 0.000   0.963 0.000 99.99 0.259  11.435 0.000   7.979 0.000   3.457 0.000 0.032 0.000  0.134 0.000
270.291667 271.291667   72.05 0.000  0.55 0.000 9.999 0.259 9.99 0.259  0.015 0.000   0.654 0.000   0.916 0.000 99.99 0.259  13.515 0.000  10.338 0.000   3.176 0.000 0.032 0.000  0.104 0.000
273.291667 274.291667   91.67 0.000  0.43 0.000 0.122 0.000 9.99 0.259  0.062 0.000   1.373 0.000   1.922 0.000 99.99 0.259  22.214 0.000  16.558 0.000   5.656 0.000 0.061 0.000  0.209 0.000
276.291667 277.291667   21.86 0.000  0.25 0.000 9.999 0.259 9.99 0.259  0.011 0.000   0.553 0.000   0.774 0.000 99.99 0.259   8.342 0.000   6.141 0.000   2.201 0.000 0.013 0.000  0.146 0.000
279.291667 280.291667  137.48 0.000  0.75 0.000 9.999 0.259 9.99 0.259  0.015 0.000   1.605 0.000   2.247 0.000 99.99 0.259  18.687 0.000  12.721 0.000   5.966 0.000 0.070 0.000  0.134 0.000
282.291667 283.291667  155.58 0.000  0.90 0.000 9.999 0.259 0.07 0.000  0.016 0.000   0.732 0.000   1.024 0.000 99.99 0.259  17.049 0.000  12.283 0.000   4.766 0.000 0.064 0.000  0.168 0.000
285.291667 286.291667   59.41 0.000  0.43 0.000 9.999 0.259 9.99 0.259  0.019 0.559   0.612 0.000   0.857 0.000 99.99 0.259  16.694 0.000  13.986 0.000   2.708 0.000 0.043 0.000  0.115 0.559
288.291667 289.291667   22.95 0.000  0.49 0.000 9.999 0.259 9.99 0.259  0.012 0.559   0.353 0.000   0.495 0.000 99.99 0.259   4.714 0.000   2.814 0.000   1.900 0.000 0.019 0.000  0.191 0.559
291.291667 292.291667   10.70 0.000  0.58 0.000 9.999 0.259 0.23 0.000  0.445 0.000   0.470 0.000   0.658 0.000 99.99 0.259   9.891 0.000   2.182 0.000   7.709 0.000 0.013 0.000  1.159 0.000
294.291667 295.291667    9.81 0.000  0.70 0.000 9.999 0.259 9.99 0.259  0.449 0.559   0.624 0.000   0.874 0.000 99.99 0.259   7.199 0.000   1.322 0.000   5.876 0.000 0.018 0.000  0.875 0.559
297.291667 298.291667    5.23 0.000  0.51 0.000 0.072 0.000 9.99 0.259  0.294 0.000   0.021 0.000   0.030 0.000 99.99 0.259   4.040 0.000   0.457 0.000   3.583 0.000 0.016 0.000  0.359 0.000
300.291667 301.291667   17.58 0.000  1.52 0.000 9.999 0.259 0.15 0.000  0.946 0.559   1.031 0.000   1.443 0.000 99.99 0.259  11.364 0.000   1.917 0.000   9.447 0.000 0.027 0.000  0.613 0.559
303.291667 304.291667   15.91 0.000  1.30 0.000 0.139 0.000 0.10 0.000  0.252 0.000   1.207 0.000   1.690 0.000 99.99 0.259   6.019 0.000   1.682 0.000   4.336 0.000 0.041 0.000  0.345 0.000
306.291667 307.291667   22.80 0.000  0.47 0.000 9.999 0.259 9.99 0.259  0.036 0.559   0.423 0.000   0.593 0.000 99.99 0.259   5.305 0.000   3.773 0.000   1.532 0.000 0.014 0.000  0.104 0.559
309.291667 310.291667   38.69 0.000  1.61 0.000 9.999 0.259 9.99 0.259  0.010 0.559   0.710 0.000   0.994 0.000 99.99 0.259   8.618 0.000   5.628 0.000   2.990 0.000 0.035 0.000  0.235 0.559
312.291667 313.291667   62.06 0.000  0.67 0.000 9.999 0.259 9.99 0.259  0.067 0.559   0.817 0.000   1.144 0.000  8.89 0.000   9.891 0.000   6.745 0.000   3.145 0.000 0.067 0.000  0.185 0.559
315.291667 316.291667   76.53 0.000  0.74 0.000 0.185 0.000 9.99 0.259  0.059 0.559   0.512 0.000   0.716 0.000 99.99 0.259  12.492 0.000   9.511 0.000   2.981 0.000 0.042 0.000  0.176 0.559
318.291667 319.291667   78.66 0.000  1.10 0.000 0.069 0.000 9.99 0.259  0.158 0.559   0.747 0.000   1.045 0.000 99.99 0.259  12.431 0.000   8.494 0.000   3.937 0.000 0.045 0.000  0.246 0.559
321.291667 322.291667   46.52 0.000  0.65 0.000 9.999 0.259 9.99 0.259  0.032 0.000   0.430 0.000   0.602 0.000 99.99 0.259   8.150 0.000   5.980 0.000   2.170 0.000 0.024 0.000  0.105 0.000
324.291667 325.291667   12.57 0.000  0.42 0.000 9.999 0.259 0.12 0.000  0.200 0.000   0.538 0.000   0.753 0.000 99.99 0.259   5.062 0.000   2.446 0.000   2.616 0.000 0.026 0.000  0.235 0.000
327.291667 328.291667    6.28 0.000 99.99 0.259 9.999 0.259 9.99 0.259  0.185 0.000   0.193 0.000   0.270 0.000 99.99 0.259   3.701 0.000   1.374 0.000   2.327 0.000 0.008 0.000  0.320 0.000
330.291667 331.291667    6.38 0.000  0.88 0.000 9.999 0.259 0.13 0.000  0.349 0.000   0.576 0.000   0.806 0.000 99.99 0.259   3.535 0.000   0.576 0.000   2.958 0.000 0.016 0.000  0.132 0.000
333.291667 334.291667    5.55 0.000  0.56 0.000 9.999 0.259 9.99 0.259  0.272 0.000   0.651 0.000   0.911 0.000 99.99 0.259   3.430 0.000   0.521 0.000   2.909 0.000 0.013 0.000  0.179 0.000
336.291667 337.291667   10.36 0.000  0.38 0.000 9.999 0.259 9.99 0.259  0.030 0.000   0.476 0.000   0.667 0.000 99.99 0.259   3.535 0.000   2.320 0.000   1.214 0.000 0.013 0.000  0.074 0.000
339.291667 340.291667   15.21 0.000  0.83 0.000 0.057 0.000 0.19 0.000  0.339 0.000   0.547 0.000   0.766 0.000 99.99 0.259  10.249 0.000   3.336 0.000   6.913 0.000 0.025 0.000  0.841 0.000
342.291667 343.291667   25.34 0.000  1.71 0.000 9.999 0.259 0.20 0.000  0.647 0.559   0.715 0.000   1.001 0.000 99.99 0.259  14.394 0.000   2.432 0.000  11.962 0.000 0.070 0.000  1.733 0.559
345.291667 346.291667   11.48 0.000  0.47 0.000 9.999 0.259 0.16 0.000  0.086 0.559   0.353 0.000   0.495 0.000 99.99 0.259   4.449 0.000   2.903 0.000   1.547 0.000 0.014 0.000  0.152 0.559
348.291667 349.291667   22.72 0.000  0.39 0.000 9.999 0.259 0.14 0.000  0.095 0.559   0.261 0.000   0.365 0.000 99.99 0.259   3.515 0.000   2.009 0.000   1.506 0.000 0.015 0.000  0.070 0.559
351.291667 352.291667   11.82 0.000 99.99 0.259 0.079 0.000 0.31 0.000  0.031 0.559   0.266 0.000   0.372 0.000 99.99 0.259   3.807 0.000   2.669 0.000   1.137 0.000 0.013 0.000  0.047 0.559
354.291667 355.291667   20.27 0.000  0.55 0.000 9.999 0.259 0.20 0.000  0.029 0.559   0.365 0.000   0.511 0.000 99.99 0.259  17.172 0.000  15.218 0.000   1.954 0.000 0.021 0.000  0.153 0.559
357.291667 358.291667   11.72 0.000  0.88 0.000 9.999 0.259 0.32 0.000  0.123 0.559   0.429 0.000   0.601 0.000 99.99 0.259   9.259 0.000   6.836 0.000   2.423 0.000 0.030 0.000  0.207 0.559
360.291667 361.291667   17.04 0.000  2.21 0.000 9.999 0.259 0.14 0.000  1.270 0.559   0.886 0.000   1.240 0.000 99.99 0.259  17.833 0.000   2.771 0.000  15.061 0.000 0.041 0.000  1.457 0.559
363.291667 364.291667    9.74 0.000  1.74 0.000 9.999 0.259 9.99 0.259  0.366 0.559   0.839 0.000   1.174 0.000 99.99 0.259   5.368 0.000   1.171 0.000   4.197 0.000 0.020 0.000  0.333 0.559
