scripts/IMPROVE-2019_partial/data/US0081R.19960103050000.20191216000000.filterpack...1y.3d.US03L_filterpack_US0081.US03L_IMPROVE_Davis.lev2.nas
51 1001
MISSING INFORMATION
US03L, IMPROVE, , , , , , , 
MISSING INFORMATION
IMPROVE sel_HTAP
1 1
1996 01 01 2019 12 16
0
days from file reference point
4
1 1 1 1
999.999999 999.999 999.999 9.999
end_time of measurement, days from the file reference point
pm10_mass, ug/m3, Matrix=pm10
pm25_mass, ug/m3, Matrix=pm25
numflag, no unit
0
33
Data definition:              EBAS_1.1
Set type code:                TI
Timezone:                     UTC
File name:                    US0081R.19960103050000.20191216000000.filterpack...1y.3d.US03L_filterpack_US0081.US03L_IMPROVE_Davis.lev2.nas
File creation:                20191218120052
Startdate:                    19960103050000
Revision date:                20191216000000
Version:                      2
Version description:          "Data extracted from http://views.cira.colostate.edu/fed/DataWizard 2019-12-16"
Statistics:                   arithmetic mean
Data level:                   2
Period code:                  1y
Resolution code:              3d
Sample duration:              1d
Orig. time res.:              3d
Station code:                 US0081R
Platform code:                US0081S
Station name:                 Jefferson NF
Station latitude:             37.6167
Station longitude:            -79.4833
Station altitude:             219.0 m
Regime:                       IMG
Component:                    
Unit:                         ug/m3
Matrix:                       
Laboratory code:              US03L
Instrument type:              filterpack
Instrument name:              filterpack_US0081
Method ref:                   US03L_IMPROVE_Davis
Blank correction:             Blank corrected
Volume std. temperature:      ambient
Volume std. pressure:         ambient
starttime endtime PM10 PM2.5 flag
  2.208333   3.208333 999.999 999.999 0.999
  5.208333   6.208333 999.999 999.999 0.999
  9.208333  10.208333 999.999 999.999 0.999
 12.208333  13.208333 999.999 999.999 0.999
 16.208333  17.208333  35.727  28.029 0.000
 19.208333  20.208333  10.146   6.787 0.000
 23.208333  24.208333  12.778   9.238 0.000
 26.208333  27.208333   6.088   3.802 0.000
 30.208333  31.208333  17.196  13.404 0.000
 33.208333  34.208333  19.794  16.171 0.000
 37.208333  38.208333  32.222  26.641 0.000
 40.208333  41.208333  15.738  13.573 0.000
 44.208333  45.208333  12.845   7.670 0.000
 47.208333  48.208333   9.170   7.828 0.000
 51.208333  52.208333  16.936  13.040 0.000
 54.208333  55.208333  10.173   5.719 0.000
 58.208333  59.208333  14.887   9.848 0.000
 61.208333  62.208333  21.057  11.553 0.000
 65.208333  66.208333  15.556  11.249 0.000
 68.208333  69.208333  12.536   9.037 0.000
 72.208333  73.208333  28.277  20.174 0.000
 75.208333  76.208333  18.652  14.045 0.000
 79.208333  80.208333   6.054   4.360 0.000
 82.208333  83.208333  11.215   8.844 0.000
 86.208333  87.208333  11.975   7.720 0.000
 89.208333  90.208333  20.014  15.997 0.000
 93.208333  94.208333  14.842   9.091 0.000
 96.208333  97.208333  23.133  18.308 0.000
100.208333 101.208333  10.744   7.685 0.000
103.208333 104.208333  26.686  16.131 0.000
107.208333 108.208333  10.541 999.999 0.000
110.208333 111.208333  16.692  13.094 0.000
114.208333 115.208333   7.942   6.673 0.000
117.208333 118.208333  19.170   8.665 0.000
121.208333 122.208333  12.341   8.229 0.000
124.208333 125.208333  21.239  19.505 0.000
128.208333 129.208333  13.235   8.552 0.000
131.208333 132.208333  19.485  14.372 0.000
135.208333 136.208333  19.574  15.972 0.000
138.208333 139.208333  29.889  24.321 0.000
142.208333 143.208333  18.327  12.268 0.000
145.208333 146.208333  33.260  20.102 0.000
149.208333 150.208333  11.136   7.465 0.000
152.208333 153.208333  21.442  17.177 0.000
156.208333 157.208333  13.606  11.334 0.000
159.208333 160.208333  23.215  17.106 0.000
163.208333 164.208333  18.518  13.583 0.000
166.208333 167.208333  26.042  24.336 0.000
170.208333 171.208333  21.070  17.844 0.000
173.208333 174.208333  29.514  23.568 0.000
177.208333 178.208333 999.999  41.314 0.000
180.208333 181.208333  48.843  18.617 0.000
184.208333 185.208333  19.164  16.911 0.000
187.208333 188.208333  33.584  28.359 0.000
191.208333 192.208333  19.729  17.002 0.000
194.208333 195.208333  24.540  19.601 0.000
198.208333 199.208333  21.186  18.305 0.000
201.208333 202.208333  21.349  13.310 0.000
205.208333 206.208333  30.289  26.317 0.000
208.208333 209.208333 999.999  20.895 0.000
212.208333 213.208333  18.401  11.871 0.000
215.208333 216.208333  27.741  24.960 0.000
219.208333 220.208333  27.701  22.673 0.000
222.208333 223.208333  14.931  10.506 0.000
226.208333 227.208333  19.039  14.009 0.000
229.208333 230.208333  28.051  24.365 0.000
233.208333 234.208333  40.656  35.911 0.000
236.208333 237.208333  28.856  26.554 0.000
240.208333 241.208333  20.397  17.528 0.000
243.208333 244.208333  43.676  39.687 0.000
247.208333 248.208333   6.726   3.868 0.000
250.208333 251.208333  13.321  10.021 0.000
254.208333 255.208333  25.826  19.772 0.000
257.208333 258.208333  12.890   8.161 0.000
261.208333 262.208333  13.478  12.027 0.000
264.208333 265.208333  20.148  16.142 0.000
268.208333 269.208333  15.771  14.163 0.000
271.208333 272.208333  20.174   7.889 0.000
275.208333 276.208333  17.844  12.853 0.000
278.208333 279.208333   9.198   6.092 0.000
282.208333 283.208333   6.122   4.142 0.000
285.208333 286.208333  18.640  12.701 0.000
289.208333 290.208333  40.222  26.248 0.000
292.208333 293.208333   8.692 999.999 0.000
296.208333 297.208333  22.371  20.191 0.000
299.208333 300.208333  25.253  17.791 0.000
303.208333 304.208333  22.232  19.488 0.000
306.208333 307.208333  10.175   5.468 0.000
310.208333 311.208333  37.120  22.079 0.000
313.208333 314.208333  10.368   5.823 0.000
317.208333 318.208333  16.657  10.998 0.000
320.208333 321.208333  19.477  14.406 0.000
324.208333 325.208333  16.544  12.105 0.000
327.208333 328.208333  19.927  12.933 0.000
331.208333 332.208333   9.143   7.261 0.000
334.208333 335.208333  20.833  19.692 0.000
338.208333 339.208333  11.934  11.510 0.000
341.208333 342.208333  16.718  13.535 0.000
345.208333 346.208333  30.998  24.066 0.000
348.208333 349.208333  12.809  10.835 0.000
352.208333 353.208333  10.854   9.481 0.000
355.208333 356.208333  20.230  11.201 0.000
359.208333 360.208333  14.438   7.941 0.000
362.208333 363.208333  21.733  18.518 0.000
