scripts/IMPROVE-2019_partial/data/US0074R.20020102060000.20191216000000.filterpack..pm25.52w.1w.US03L_filterpack_US0074.US03L_IMPROVE_Davis.lev2.nas
64 1001
MISSING INFORMATION
US03L, IMPROVE, , , , , , , 
MISSING INFORMATION
IMPROVE sel_HTAP
1 1
2002 01 01 2019 12 16
3.00
days from file reference point
25
1 1 1 1 1 1 1 1 1 1 1 1 1 1 1 1 1 1 1 1 1 1 1 1 1
999.99 99999.99 9.999999 99.99 9.999999 9.999 9.999999999 9.99 9.999999 9.999 9.999999 99.999 9.999 99.999 9.999 999.999 9.999 999.999 9.999 999.999 9.999 99.999 9.999999 99.999 9.999999
end_time of measurement, days from the file reference point
iron, ng/m3, Revision date=20181210133000
numflag iron, no unit, Revision date=20181210133000
lead, ng/m3, Revision date=20181210133000
numflag lead, no unit, Revision date=20181210133000
magnesium, ug/m3, Revision date=20181210133000
numflag magnesium, no unit, Revision date=20181210133000
nickel, ng/m3, Revision date=20181210133000
numflag nickel, no unit, Revision date=20181210133000
nitrate, ug N/m3, Revision date=20181210133000
numflag nitrate, no unit, Revision date=20181210133000
organic_carbon, ug C/m3, Revision date=20181210133000
numflag organic_carbon, no unit, Revision date=20181210133000
organic_mass, ug/m3, Revision date=20181210133000
numflag organic_mass, no unit, Revision date=20181210133000
pm10_mass, ug/m3, Version=2, Version description=Data extracted from http://views.cira.colostate.edu/fed/DataWizard 2019-12-16, Sample duration=1d, Orig. time res.=3d, Matrix=pm10, Blank correction=Blank corrected, Volume std. temperature=ambient, Volume std. pressure=ambient
numflag pm10_mass, no unit, Version=2, Version description=Data extracted from http://views.cira.colostate.edu/fed/DataWizard 2019-12-16, Sample duration=1d, Orig. time res.=3d, Matrix=pm10, Blank correction=Blank corrected, Volume std. temperature=ambient, Volume std. pressure=ambient
pm10_pm25_mass, ug/m3, Revision date=20181210133000, Matrix=pm10_pm25
numflag pm10_pm25_mass, no unit, Revision date=20181210133000, Matrix=pm10_pm25
pm25_mass, ug/m3, Version=2, Version description=Data extracted from http://views.cira.colostate.edu/fed/DataWizard 2019-12-16, Sample duration=1d, Orig. time res.=3d, Blank correction=Blank corrected, Volume std. temperature=ambient, Volume std. pressure=ambient
numflag pm25_mass, no unit, Version=2, Version description=Data extracted from http://views.cira.colostate.edu/fed/DataWizard 2019-12-16, Sample duration=1d, Orig. time res.=3d, Blank correction=Blank corrected, Volume std. temperature=ambient, Volume std. pressure=ambient
potassium, ug/m3, Revision date=20181210133000
numflag potassium, no unit, Revision date=20181210133000
sulphate_total, ug S/m3, Revision date=20181210133000
numflag sulphate_total, no unit, Revision date=20181210133000
0
25
Data definition:              EBAS_1.1
Set type code:                TU
Timezone:                     UTC
File name:                    US0074R.20020102060000.20191216000000.filterpack..pm25.52w.1w.US03L_filterpack_US0074.US03L_IMPROVE_Davis.lev2.nas
File creation:                20191218120030
Startdate:                    20020102060000
Revision date:                20191216000000
Statistics:                   arithmetic mean
Data level:                   2
Period code:                  52w
Resolution code:              1w
Station code:                 US0074R
Platform code:                US0074S
Station name:                 Guadalupe Mountains NP
Station latitude:             31.833
Station longitude:            -104.8094
Station altitude:             1672.0 m
Regime:                       IMG
Component:                    
Matrix:                       pm25
Laboratory code:              US03L
Instrument type:              filterpack
Instrument name:              filterpack_US0074
Method ref:                   US03L_IMPROVE_Davis
starttime endtime Fe flag_Fe Pb flag_Pb Mg++ flag_Mg++ Ni flag_Ni NO3- flag_NO3- OC flag_OC OM flag_OM PM10 flag_PM10 PM10-PM2.5 flag_PM10-PM2.5 PM2.5 flag_PM2.5 K+ flag_K+ SO4-- flag_SO4--
  1.25   2.25 99999.99 0.999000 99.99 0.999000 9.999 0.999000000 9.99 0.999000 9.999 0.999000 99.999 0.999 99.999 0.999 999.999 0.999 999.999 0.999 999.999 0.999 99.999 0.999000 99.999 0.999000
  4.25   5.25     4.83 0.000000  0.28 0.000000 9.999 0.259000000 9.99 0.259000 0.149 0.559000  0.287 0.000  0.402 0.000   3.659 0.000   1.508 0.000   2.151 0.000  0.004 0.000000  0.283 0.559000
  7.25   8.25    14.79 0.000000  0.90 0.000000 9.999 0.259000000 9.99 0.259000 0.048 0.559000  0.470 0.000  0.658 0.000   6.042 0.000   4.160 0.000   1.882 0.000  0.015 0.000000  0.105 0.559000
 10.25  11.25     7.77 0.000000 99.99 0.259000 9.999 0.259000000 0.10 0.000000 0.346 0.559000  0.331 0.000  0.463 0.000   5.364 0.000   2.845 0.000   2.520 0.000  0.008 0.000000  0.331 0.559000
 13.25  14.25    25.89 0.000000  0.42 0.000000 9.999 0.259000000 9.99 0.259000 0.030 0.559000  0.194 0.000  0.272 0.000   7.402 0.000   5.814 0.000   1.588 0.000  0.025 0.000000  0.086 0.559000
 16.25  17.25   137.59 0.000000  1.44 0.000000 0.057 0.000000000 0.32 0.000000 0.043 0.000000  0.546 0.000  0.764 0.000  24.659 0.000  18.428 0.000   6.231 0.000  0.101 0.000000  0.289 0.000000
 19.25  20.25   199.84 0.000000  1.70 0.000000 0.208 0.000000000 9.99 0.259000 0.075 0.000000  0.663 0.000  0.928 0.000  49.568 0.000  39.957 0.000   9.611 0.000  0.143 0.000000  0.204 0.000000
 22.25  23.25   177.70 0.000000  1.37 0.000000 0.087 0.000000000 0.19 0.000000 0.027 0.000000  0.406 0.000  0.568 0.000  25.463 0.000  19.493 0.000   5.970 0.000  0.118 0.000000  0.066 0.000000
 25.25  26.25    36.36 0.000000  0.97 0.000000 9.999 0.259000000 9.99 0.259000 0.047 0.000000  0.415 0.000  0.581 0.000   9.772 0.000   6.665 0.000   3.107 0.000  0.031 0.000000  0.258 0.000000
 28.25  29.25    20.29 0.000000  0.58 0.000000 9.999 0.259000000 0.08 0.000000 0.019 0.000000  0.143 0.000  0.201 0.000   5.295 0.000   3.787 0.000   1.508 0.000  0.015 0.000000  0.123 0.000000
 31.25  32.25    21.50 0.000000 99.99 0.259000 9.999 0.259000000 9.99 0.259000 0.363 0.000000  0.431 0.000  0.603 0.000   7.273 0.000   2.906 0.000   4.367 0.000  0.020 0.000000  0.379 0.000000
 34.25  35.25     0.64 0.000000 99.99 0.259000 9.999 0.259000000 9.99 0.259000 0.031 0.000000  0.183 0.000  0.256 0.000   0.781 0.000   0.272 0.000   0.509 0.000 99.999 0.259000  0.037 0.000000
 37.25  38.25    12.46 0.000000  0.51 0.000000 9.999 0.259000000 9.99 0.259000 0.109 0.000000  0.404 0.000  0.565 0.000   3.616 0.000   1.524 0.000   2.092 0.000  0.011 0.000000  0.176 0.000000
 40.25  41.25   112.20 0.000000 99.99 0.259000 9.999 0.259000000 9.99 0.259000 0.030 0.000000  0.272 0.000  0.380 0.000  23.479 0.000  20.097 0.000   3.382 0.000  0.066 0.000000  0.079 0.000000
 43.25  44.25    45.73 0.000000  0.46 0.000000 9.999 0.259000000 9.99 0.259000 0.195 0.559000  0.415 0.000  0.581 0.000  16.121 0.000  13.623 0.000   2.498 0.000  0.037 0.000000  0.132 0.559000
 46.25  47.25    92.54 0.000000  0.96 0.000000 9.999 0.259000000 9.99 0.259000 0.055 0.000000  0.353 0.000  0.494 0.000  18.725 0.000  14.788 0.000   3.937 0.000  0.055 0.000000  0.231 0.000000
 49.25  50.25    62.03 0.000000  0.53 0.000000 9.999 0.259000000 9.99 0.259000 0.039 0.559000  0.303 0.000  0.424 0.000  20.388 0.000  16.927 0.000   3.462 0.000  0.042 0.000000  0.139 0.559000
 52.25  53.25    54.90 0.000000  1.18 0.000000 9.999 0.259000000 0.22 0.000000 0.046 0.559000  0.462 0.000  0.646 0.000  12.574 0.000   9.488 0.000   3.086 0.000  0.035 0.000000  0.130 0.559000
 55.25  56.25   218.38 0.000000  1.31 0.000000 9.999 0.259000000 0.79 0.000000 0.067 0.559000  0.502 0.000  0.703 0.000  43.516 0.000  36.603 0.000   6.913 0.000  0.133 0.000000  0.213 0.559000
 58.25  59.25   181.48 0.000000  1.31 0.000000 9.999 0.259000000 0.38 0.000000 0.064 0.559000  0.491 0.000  0.688 0.000  25.215 0.000  18.082 0.000   7.133 0.000  0.119 0.000000  0.344 0.559000
 61.25  62.25    53.29 0.000000  0.65 0.000000 9.999 0.259000000 0.29 0.000000 0.070 0.559000  0.363 0.000  0.508 0.000  12.801 0.000   9.016 0.000   3.785 0.000  0.035 0.000000  0.307 0.559000
 64.25  65.25   104.71 0.000000  1.48 0.000000 9.999 0.259000000 0.56 0.000000 0.046 0.000000  0.545 0.000  0.764 0.000  21.837 0.000  17.865 0.000   3.973 0.000  0.072 0.000000  0.211 0.000000
 67.25  68.25   212.70 0.000000  0.46 0.000000 9.999 0.259000000 0.36 0.000000 0.065 0.000000  0.674 0.000  0.944 0.000  41.248 0.000  35.555 0.000   5.693 0.000  0.115 0.000000  0.218 0.000000
 70.25  71.25    90.90 0.000000  0.83 0.000000 9.999 0.259000000 9.99 0.259000 0.026 0.000000  0.462 0.000  0.647 0.000  19.108 0.000  15.234 0.000   3.874 0.000  0.057 0.000000  0.134 0.000000
 73.25  74.25   304.05 0.000000  2.48 0.000000 9.999 0.259000000 0.44 0.000000 0.175 0.000000  0.703 0.000  0.985 0.000  50.758 0.000  39.678 0.000  11.079 0.000  0.176 0.000000  0.488 0.000000
 76.25  77.25    52.21 0.000000  0.58 0.000000 9.999 0.259000000 9.99 0.259000 0.012 0.000000  0.241 0.000  0.338 0.000   8.158 0.000   6.062 0.000   2.096 0.000  0.031 0.000000  0.072 0.000000
 79.25  80.25    92.86 0.000000  0.84 0.000000 9.999 0.259000000 0.91 0.000000 0.441 0.000000  0.692 0.000  0.968 0.000  22.321 0.000  14.044 0.000   8.277 0.000  0.061 0.000000  0.714 0.000000
 82.25  83.25  1893.34 0.000000  2.65 0.000000 0.623 0.000000000 0.80 0.000000 0.075 0.000000  1.845 0.000  2.583 0.000  85.378 0.000  28.569 0.000  56.809 0.000  1.209 0.000000  0.409 0.000000
 85.25  86.25   168.00 0.000000  1.49 0.000000 9.999 0.259000000 0.67 0.000000 0.064 0.000000  0.720 0.000  1.008 0.000  30.120 0.000  21.395 0.000   8.726 0.000  0.116 0.000000  0.558 0.000000
 88.25  89.25    59.11 0.000000  1.03 0.000000 9.999 0.259000000 9.99 0.259000 0.171 0.000000  0.845 0.000  1.183 0.000  13.972 0.000   9.225 0.000   4.747 0.000  0.042 0.000000  0.407 0.000000
 91.25  92.25   212.00 0.559000  3.34 0.559000 9.999 0.559259000 0.21 0.559000 0.094 0.000000  1.016 0.000  1.423 0.000  58.830 0.000  50.224 0.000   8.606 0.559  0.134 0.559000  0.314 0.000000
 94.25  95.25    58.72 0.559000  1.35 0.559000 9.999 0.559259000 0.19 0.559000 0.136 0.000000  1.389 0.000  1.944 0.000  23.469 0.000  13.589 0.000   9.880 0.559  0.055 0.559000  1.354 0.000000
 97.25  98.25    99.01 0.559000  1.52 0.559000 9.999 0.559259000 0.18 0.559000 0.053 0.000000  0.632 0.000  0.885 0.000  14.554 0.000   9.716 0.000   4.838 0.559  0.067 0.559000  0.417 0.000000
100.25 101.25   117.89 0.559000  1.29 0.559000 9.999 0.559259000 0.53 0.559000 0.048 0.000000  0.553 0.000  0.774 0.000  19.015 0.000  13.330 0.000   5.684 0.559  0.082 0.559000  0.422 0.000000
103.25 104.25    52.86 0.559000  0.93 0.559000 9.999 0.559259000 0.24 0.559000 0.027 0.000000  0.571 0.000  0.799 0.000  10.582 0.000   6.578 0.000   4.004 0.559  0.044 0.559000  0.369 0.000000
106.25 107.25    99.62 0.559000  0.95 0.559000 9.999 0.559259000 0.46 0.559000 0.048 0.000000  0.449 0.000  0.628 0.000  15.914 0.000  12.094 0.000   3.821 0.559  0.063 0.559000  0.223 0.000000
109.25 110.25   338.27 0.559000  0.72 0.559000 9.999 0.559259000 0.21 0.559000 0.037 0.000000  0.698 0.000  0.977 0.000  47.280 0.000  37.047 0.000  10.234 0.559  0.215 0.559000  0.171 0.000000
112.25 113.25   127.69 0.559000  1.90 0.559000 9.999 0.559259000 0.86 0.559000 0.073 0.000000  0.816 0.000  1.143 0.000  18.839 0.000  11.368 0.000   7.470 0.559  0.109 0.559000  0.707 0.000000
115.25 116.25   113.09 0.559000  1.01 0.559000 9.999 0.559259000 0.33 0.559000 0.207 0.000000  1.080 0.000  1.511 0.000  26.655 0.000  17.663 0.000   8.992 0.559  0.110 0.559000  0.917 0.000000
118.25 119.25   117.41 0.559000  1.09 0.559000 0.268 0.559000000 0.21 0.559000 0.037 0.000000  0.944 0.000  1.322 0.000  17.012 0.000  11.632 0.000   5.380 0.559  0.092 0.559000  0.427 0.000000
121.25 122.25   388.56 0.559000  1.12 0.559000 9.999 0.559259000 0.17 0.559000 0.071 0.000000  1.020 0.000  1.428 0.000  49.193 0.000  36.971 0.000  12.222 0.559  0.233 0.559000  0.291 0.000000
124.25 125.25   103.78 0.559000  0.96 0.559000 9.999 0.559259000 0.37 0.559000 0.052 0.000000  1.460 0.000  2.044 0.000  16.067 0.000   8.733 0.000   7.333 0.559  0.110 0.559000  0.564 0.000000
127.25 128.25   324.77 0.559000  3.18 0.559000 0.120 0.559000000 0.18 0.559000 0.057 0.559000  0.546 0.000  0.765 0.000  36.469 0.000  27.879 0.000   8.590 0.559  0.184 0.559000  0.198 0.559000
130.25 131.25   372.05 0.000000  0.69 0.000000 9.999 0.259000000 0.30 0.000000 0.073 0.559000  3.221 0.000  4.510 0.000  57.229 0.000  41.475 0.000  15.754 0.000  0.315 0.000000  0.581 0.559000
133.25 134.25   151.55 0.559000  0.44 0.559000 9.999 0.559259000 9.99 0.559259 0.030 0.559000  0.742 0.000  1.039 0.000  33.709 0.000  27.029 0.000   6.681 0.559  0.103 0.559000  0.308 0.559000
136.25 137.25   237.14 0.559000  1.44 0.559000 9.999 0.559259000 0.21 0.559000 0.085 0.559000  1.071 0.000  1.499 0.000  34.226 0.000  23.532 0.000  10.694 0.559  0.157 0.559000  0.676 0.559000
139.25 140.25    89.89 0.559000  0.97 0.559000 9.999 0.559259000 0.18 0.559000 0.034 0.559000  0.902 0.000  1.262 0.000  22.445 0.000  16.232 0.000   6.213 0.559  0.074 0.559000  0.453 0.559000
142.25 143.25   195.14 0.559000  0.78 0.559000 9.999 0.559259000 0.30 0.559000 0.031 0.559000  1.303 0.000  1.824 0.000  34.185 0.000  25.519 0.000   8.666 0.559  0.136 0.559000  0.216 0.559000
145.25 146.25   266.58 0.559000  0.76 0.559000 9.999 0.559259000 0.24 0.559000 0.054 0.559000  1.087 0.000  1.522 0.000  49.556 0.000  38.150 0.000  11.407 0.559  0.206 0.559000  0.671 0.559000
148.25 149.25 99999.99 0.999000 99.99 0.999000 9.999 0.999000000 9.99 0.999000 9.999 0.999000 99.999 0.999 99.999 0.999 999.999 0.999 999.999 0.999 999.999 0.999 99.999 0.999000 99.999 0.999000
151.25 152.25    53.56 0.559000  0.82 0.559000 9.999 0.559259000 9.99 0.559259 0.028 0.000000  0.823 0.000  1.152 0.000  12.410 0.000   8.115 0.000   4.295 0.559  0.043 0.559000  0.513 0.000000
154.25 155.25   157.12 0.559000  0.88 0.559000 9.999 0.559259000 0.29 0.559000 0.083 0.000000  0.967 0.000  1.353 0.000  33.925 0.000  26.767 0.000   7.159 0.559  0.133 0.559000  0.467 0.000000
157.25 158.25    49.98 0.559000  0.31 0.559000 9.999 0.559259000 0.12 0.559000 0.030 0.000000  0.503 0.000  0.705 0.000  16.741 0.000  13.366 0.000   3.375 0.559  0.041 0.559000  0.325 0.000000
160.25 161.25   410.40 0.559000  0.87 0.559000 9.999 0.559259000 0.13 0.559000 0.055 0.000000  1.784 0.000  2.497 0.000  53.282 0.000  40.583 0.000  12.699 0.559  0.298 0.559000  0.430 0.000000
163.25 164.25   291.23 0.559000  0.60 0.559000 0.060 0.559000000 9.99 0.559259 0.072 0.000000  1.082 0.000  1.515 0.000  49.392 0.000  39.588 0.000   9.804 0.559  0.191 0.559000  0.459 0.000000
166.25 167.25   147.57 0.559000  0.68 0.559000 9.999 0.559259000 9.99 0.559259 0.058 0.000000  1.180 0.000  1.652 0.000  45.759 0.000  38.243 0.000   7.516 0.559  0.102 0.559000  0.569 0.000000
169.25 170.25   243.56 0.559000  0.79 0.559000 9.999 0.559259000 0.24 0.559000 0.062 0.559000  1.212 0.000  1.697 0.000  45.318 0.000  35.229 0.000  10.089 0.559  0.184 0.559000  0.610 0.559000
172.25 173.25   162.78 0.559000  0.55 0.559000 9.999 0.559259000 0.17 0.559000 0.158 0.559000  0.904 0.000  1.266 0.000  39.167 0.000  30.908 0.000   8.258 0.559  0.075 0.559000  0.853 0.559000
175.25 176.25    55.21 0.559000  0.64 0.559000 9.999 0.559259000 9.99 0.559259 0.048 0.559000  1.674 0.000  2.344 0.000  38.254 0.000  31.337 0.000   6.917 0.559  0.045 0.559000  0.719 0.559000
178.25 179.25    45.02 0.559000  0.50 0.559000 9.999 0.559259000 9.99 0.559259 0.034 0.559000  1.779 0.000  2.490 0.000  19.048 0.000  12.477 0.000   6.571 0.559  0.051 0.559000  0.575 0.559000
181.25 182.25    82.41 0.559000  0.16 0.559000 9.999 0.559259000 9.99 0.559259 0.048 0.559000  0.646 0.000  0.905 0.000  20.714 0.000  14.909 0.000   5.806 0.559  0.040 0.559000  0.720 0.559000
184.25 185.25    97.69 0.559000  0.17 0.559000 9.999 0.559259000 9.99 0.559259 0.034 0.559000  1.527 0.000  2.138 0.000  18.333 0.000  12.537 0.000   5.796 0.559  0.087 0.559000  0.221 0.559000
187.25 188.25    63.36 0.559000  0.19 0.559000 9.999 0.559259000 9.99 0.559259 0.074 0.559000  0.652 0.000  0.913 0.000  47.540 0.000  43.237 0.000   4.303 0.559  0.049 0.559000  0.351 0.559000
190.25 191.25    45.23 0.559000  0.64 0.559000 9.999 0.559259000 9.99 0.559259 0.027 0.559000  1.972 0.000  2.761 0.000  33.243 0.000  19.868 0.000  13.374 0.559  0.048 0.559000  1.968 0.559000
193.25 194.25    52.10 0.559000  0.17 0.559000 9.999 0.559259000 9.99 0.559259 0.027 0.559000  0.332 0.000  0.465 0.000   6.822 0.000   3.627 0.000   3.194 0.559  0.024 0.559000  0.379 0.559000
196.25 197.25    74.42 0.559000  0.24 0.559000 9.999 0.559259000 0.22 0.559000 0.035 0.559000  0.397 0.000  0.556 0.000  41.158 0.000  37.114 0.000   4.044 0.559  0.030 0.559000  0.460 0.559000
199.25 200.25    36.56 0.559000  0.49 0.559000 9.999 0.559259000 9.99 0.559259 0.018 0.559000  0.565 0.000  0.791 0.000   5.952 0.000   3.536 0.000   2.417 0.559  0.025 0.559000  0.199 0.559000
202.25 203.25   102.35 0.559000  0.45 0.559000 9.999 0.559259000 0.20 0.559000 0.050 0.559000  0.561 0.000  0.786 0.000  39.407 0.000  33.490 0.000   5.917 0.559  0.040 0.559000  0.703 0.559000
205.25 206.25    56.14 0.559000  0.61 0.559000 9.999 0.559259000 0.27 0.559000 0.036 0.559000  0.321 0.000  0.450 0.000   8.136 0.000   4.498 0.000   3.638 0.559  0.032 0.559000  0.397 0.559000
208.25 209.25    61.13 0.559000  0.65 0.559000 9.999 0.559259000 9.99 0.559259 0.036 0.559000  0.391 0.000  0.547 0.000  10.807 0.000   7.098 0.000   3.709 0.559  0.034 0.559000  0.367 0.559000
211.25 212.25    35.91 0.559000  0.29 0.559000 9.999 0.559259000 9.99 0.559259 0.034 0.000000  0.460 0.000  0.644 0.000  10.293 0.000   7.604 0.000   2.688 0.559  0.024 0.559000  0.287 0.000000
214.25 215.25   183.07 0.559000  0.27 0.559000 9.999 0.559259000 0.36 0.559000 0.082 0.000000  0.510 0.000  0.714 0.000  12.048 0.000   3.347 0.000   8.701 0.559  0.109 0.559000  0.657 0.000000
217.25 218.25    49.89 0.559000  0.52 0.559000 9.999 0.559259000 9.99 0.559259 0.026 0.559000  1.261 0.000  1.766 0.000  34.795 0.000  25.100 0.000   9.695 0.559  0.043 0.559000  1.732 0.559000
220.25 221.25    43.91 0.559000  0.42 0.559000 9.999 0.559259000 9.99 0.559259 0.026 0.000000  1.680 0.000  2.352 0.000  21.208 0.000   8.985 0.000  12.222 0.559  0.039 0.559000  1.987 0.000000
223.25 224.25    62.50 0.559000  0.23 0.559000 9.999 0.559259000 0.12 0.559000 0.025 0.000000  0.576 0.000  0.807 0.000  14.385 0.000   9.345 0.000   5.040 0.559  0.039 0.559000  0.653 0.000000
226.25 227.25    70.90 0.559000  0.67 0.559000 0.030 0.559000000 0.28 0.559000 0.038 0.000000  1.133 0.000  1.586 0.000  15.873 0.000  10.025 0.000   5.848 0.559  0.064 0.559000  0.485 0.000000
229.25 230.25    76.79 0.559000  0.58 0.559000 9.999 0.559259000 0.25 0.559000 0.049 0.000000  0.500 0.000  0.700 0.000  16.093 0.000  10.470 0.000   5.623 0.559  0.061 0.559000  0.634 0.000000
232.25 233.25    22.52 0.559000  0.47 0.559000 9.999 0.559259000 0.21 0.559000 0.032 0.000000  0.682 0.000  0.955 0.000  12.792 0.000   8.950 0.000   3.842 0.559  0.023 0.559000  0.438 0.000000
235.25 236.25    60.39 0.559000  0.48 0.559000 9.999 0.559259000 0.25 0.559000 0.042 0.000000  0.732 0.000  1.025 0.000   9.300 0.000   5.035 0.000   4.265 0.559  0.031 0.559000  0.525 0.000000
238.25 239.25    77.99 0.559000  0.36 0.559000 9.999 0.559259000 0.12 0.559000 0.029 0.000000  0.953 0.000  1.333 0.000  10.315 0.000   5.831 0.000   4.484 0.559  0.048 0.559000  0.304 0.000000
241.25 242.25    74.88 0.559000  0.51 0.559000 9.999 0.559259000 0.22 0.559000 0.041 0.000000  0.808 0.000  1.131 0.000  20.021 0.000  13.706 0.000   6.316 0.559  0.049 0.559000  0.712 0.000000
244.25 245.25    48.85 0.559000  0.67 0.559000 0.033 0.559000000 9.99 0.559259 0.016 0.000000  1.168 0.000  1.635 0.000  45.606 0.000  35.408 0.000  10.198 0.559  0.029 0.559000  1.969 0.000000
