scripts/IMPROVE-2019_partial/data/US0051R.20060102060000.20191216000000.filterpack..pm25.52w.1w.US03L_filterpack_US0051.US03L_IMPROVE_Davis.lev2.nas
66 1001
MISSING INFORMATION
US03L, IMPROVE, , , , , , , 
MISSING INFORMATION
IMPROVE sel_HTAP
1 1
2006 01 01 2019 12 16
3.00
days from file reference point
27
1 1 1 1 1 1 1 1 1 1 1 1 1 1 1 1 1 1 1 1 1 1 1 1 1 1 1
999.99 9999.99 9.999 99.99 9.999 9.999 9.999 9.99 9.999 99.999 9.999 99.999 9.999 99.999 9.999 9999.99 9.999 999.999 9.999 999.999 9.999 999.999 9.999 9.999 9.999 99.999 9.999999
end_time of measurement, days from the file reference point
iron, ng/m3, Revision date=20181210133000
numflag iron, no unit, Revision date=20181210133000
lead, ng/m3, Revision date=20181210133000
numflag lead, no unit, Revision date=20181210133000
magnesium, ug/m3, Revision date=20181210133000
numflag magnesium, no unit, Revision date=20181210133000
nickel, ng/m3, Revision date=20181210133000
numflag nickel, no unit, Revision date=20181210133000
nitrate, ug N/m3, Revision date=20181210133000
numflag nitrate, no unit, Revision date=20181210133000
organic_carbon, ug C/m3, Revision date=20181210133000
numflag organic_carbon, no unit, Revision date=20181210133000
organic_mass, ug/m3, Revision date=20181210133000
numflag organic_mass, no unit, Revision date=20181210133000
phosphorus, ng/m3, Revision date=20181210133000
numflag phosphorus, no unit, Revision date=20181210133000
pm10_mass, ug/m3, Version=2, Version description=Data extracted from http://views.cira.colostate.edu/fed/DataWizard 2019-12-16, Sample duration=1d, Orig. time res.=3d, Matrix=pm10, Blank correction=Blank corrected, Volume std. temperature=ambient, Volume std. pressure=ambient
numflag pm10_mass, no unit, Version=2, Version description=Data extracted from http://views.cira.colostate.edu/fed/DataWizard 2019-12-16, Sample duration=1d, Orig. time res.=3d, Matrix=pm10, Blank correction=Blank corrected, Volume std. temperature=ambient, Volume std. pressure=ambient
pm10_pm25_mass, ug/m3, Revision date=20181210133000, Matrix=pm10_pm25
numflag pm10_pm25_mass, no unit, Revision date=20181210133000, Matrix=pm10_pm25
pm25_mass, ug/m3, Version=2, Version description=Data extracted from http://views.cira.colostate.edu/fed/DataWizard 2019-12-16, Sample duration=1d, Orig. time res.=3d, Blank correction=Blank corrected, Volume std. temperature=ambient, Volume std. pressure=ambient
numflag pm25_mass, no unit, Version=2, Version description=Data extracted from http://views.cira.colostate.edu/fed/DataWizard 2019-12-16, Sample duration=1d, Orig. time res.=3d, Blank correction=Blank corrected, Volume std. temperature=ambient, Volume std. pressure=ambient
potassium, ug/m3, Revision date=20181210133000
numflag potassium, no unit, Revision date=20181210133000
sulphate_total, ug S/m3, Revision date=20181210133000
numflag sulphate_total, no unit, Revision date=20181210133000
0
25
Data definition:              EBAS_1.1
Set type code:                TU
Timezone:                     UTC
File name:                    US0051R.20060102060000.20191216000000.filterpack..pm25.52w.1w.US03L_filterpack_US0051.US03L_IMPROVE_Davis.lev2.nas
File creation:                20191218115830
Startdate:                    20060102060000
Revision date:                20191216000000
Statistics:                   arithmetic mean
Data level:                   2
Period code:                  52w
Resolution code:              1w
Station code:                 US0051R
Platform code:                US0051S
Station name:                 El Dorado Springs
Station latitude:             37.7009
Station longitude:            -94.0348
Station altitude:             297.0 m
Regime:                       IMG
Component:                    
Matrix:                       pm25
Laboratory code:              US03L
Instrument type:              filterpack
Instrument name:              filterpack_US0051
Method ref:                   US03L_IMPROVE_Davis
starttime endtime Fe flag_Fe Pb flag_Pb Mg++ flag_Mg++ Ni flag_Ni NO3- flag_NO3- OC flag_OC OM flag_OM P flag_P PM10 flag_PM10 PM10-PM2.5 flag_PM10-PM2.5 PM2.5 flag_PM2.5 K+ flag_K+ SO4-- flag_SO4--
[from data line 87]
262.25 263.25   28.24 0.000  1.40 0.000 9.999 0.259 9.99 0.259  0.039 0.000  1.233 0.000  2.219 0.000 9999.99 0.259  15.460 0.000  11.056 0.000   4.405 0.000 0.038 0.000  0.245 0.000000
265.25 266.25   33.24 0.000  1.01 0.000 9.999 0.259 9.99 0.259  0.036 0.000  0.863 0.000  1.554 0.000 9999.99 0.259  12.820 0.000   9.469 0.000   3.351 0.000 0.043 0.000  0.190 0.000000
268.25 269.25   51.14 0.000  2.73 0.000 9.999 0.259 9.99 0.259  0.102 0.000  1.237 0.000  2.227 0.000 9999.99 0.259  21.826 0.000  16.401 0.000   5.425 0.000 0.047 0.000  0.306 0.000000
271.25 272.25   89.52 0.000  1.30 0.000 9.999 0.259 0.08 0.000  0.057 0.000  0.713 0.000  1.283 0.000 9999.99 0.259  34.603 0.000  29.554 0.000   5.050 0.000 0.042 0.000  0.276 0.000000
274.25 275.25   47.82 0.000  1.08 0.000 0.014 0.000 0.22 0.000  0.048 0.000  1.192 0.000  2.147 0.000 9999.99 0.259  24.407 0.000  16.462 0.000   7.945 0.000 0.040 0.000  0.946 0.000000
277.25 278.25   59.46 0.000  1.42 0.000 0.018 0.000 9.99 0.259  0.194 0.000  0.870 0.000  1.565 0.000 9999.99 0.259  26.831 0.000  19.756 0.000   7.074 0.000 0.032 0.000  0.857 0.000000
280.25 281.25  112.17 0.000  1.94 0.000 0.023 0.000 0.09 0.000  0.079 0.000  1.912 0.000  3.442 0.000 9999.99 0.259  39.534 0.000  28.941 0.000  10.593 0.000 0.071 0.000  1.020 0.000000
283.25 284.25   32.00 0.000  0.80 0.000 9.999 0.259 9.99 0.259  0.157 0.000  0.560 0.000  1.007 0.000 9999.99 0.259   4.994 0.000   2.236 0.000   2.759 0.000 0.017 0.000  0.180 0.000000
286.25 287.25   32.13 0.000  1.31 0.000 0.009 0.000 9.99 0.259  0.033 0.000  0.417 0.000  0.751 0.000   20.32 0.000  12.142 0.000   9.642 0.000   2.499 0.000 0.026 0.000  0.116 0.000000
289.25 290.25   12.64 0.000  1.88 0.000 9.999 0.259 9.99 0.259  0.373 0.000  1.086 0.000  1.954 0.000 9999.99 0.259   8.165 0.000   1.829 0.000   6.335 0.000 0.022 0.000  0.730 0.000000
292.25 293.25   18.24 0.000  2.43 0.000 0.008 0.000 9.99 0.259  0.180 0.000  0.940 0.000  1.691 0.000 9999.99 0.259  10.180 0.000   5.901 0.000   4.279 0.000 0.036 0.000  0.414 0.000000
295.25 296.25   21.16 0.000  0.98 0.000 0.009 0.000 9.99 0.259  0.107 0.000  0.530 0.000  0.953 0.000 9999.99 0.259   6.995 0.000   3.325 0.000   3.670 0.000 0.024 0.000  0.497 0.000000
298.25 299.25 9999.99 0.999 99.99 0.999 9.999 0.999 9.99 0.999 99.999 0.999 99.999 0.999 99.999 0.999 9999.99 0.999 999.999 0.999 999.999 0.999 999.999 0.999 9.999 0.999 99.999 0.999000
301.25 302.25   26.12 0.000  3.05 0.000 9.999 0.259 9.99 0.259  0.057 0.000  1.396 0.000  2.512 0.000 9999.99 0.259  10.114 0.000   5.295 0.000   4.819 0.000 0.049 0.000  0.297 0.000000
304.25 305.25   28.82 0.000  0.66 0.000 0.008 0.000 9.99 0.259  0.145 0.559  0.531 0.000  0.955 0.000 9999.99 0.259  12.761 0.000   9.725 0.000   3.036 0.000 0.022 0.000  0.166 0.559000
307.25 308.25   26.43 0.000  2.36 0.000 9.999 0.259 9.99 0.259  0.126 0.000  1.610 0.000  2.898 0.000 9999.99 0.259  18.094 0.000  12.863 0.000   5.231 0.000 0.057 0.000  0.273 0.000000
310.25 311.25   20.13 0.000  2.13 0.000 9.999 0.259 0.19 0.000  0.490 0.000  1.720 0.000  3.097 0.000 9999.99 0.259  13.482 0.000   5.159 0.000   8.323 0.000 0.046 0.000  0.820 0.000000
313.25 314.25   27.40 0.000  1.82 0.000 9.999 0.259 0.29 0.000  0.383 0.000  1.316 0.000  2.369 0.000 9999.99 0.259  17.698 0.000   6.506 0.000  11.193 0.000 0.039 0.000  1.481 0.000000
316.25 317.25 9999.99 0.456 99.99 0.456 9.999 0.456 9.99 0.456  0.577 0.000  1.134 0.000  2.042 0.000 9999.99 0.456  12.970 0.000 999.999 0.456 999.999 0.456 9.999 0.456  1.263 0.000000
319.25 320.25   31.89 0.000  2.55 0.000 9.999 0.259 9.99 0.259  1.312 0.000  1.129 0.000  2.033 0.000 9999.99 0.259  20.945 0.000   3.808 0.000  17.137 0.000 0.048 0.000  1.665 0.000000
322.25 323.25   22.58 0.000  2.83 0.000 9.999 0.259 9.99 0.259  0.942 0.000  1.741 0.000  3.134 0.000 9999.99 0.259  21.670 0.000  10.658 0.000  11.012 0.000 0.060 0.000  0.618 0.000000
325.25 326.25   41.92 0.000  1.98 0.000 9.999 0.259 0.09 0.000  0.248 0.000  2.553 0.000  4.596 0.000 9999.99 0.259  22.513 0.000  13.753 0.000   8.760 0.000 0.075 0.000  0.599 0.000000
328.25 329.25   16.81 0.000  1.85 0.000 9.999 0.259 0.52 0.000  0.369 0.000  1.881 0.000  3.386 0.000 9999.99 0.259  15.661 0.000   5.887 0.000   9.774 0.000 0.045 0.000  1.244 0.000000
331.25 332.25    8.88 0.000  1.42 0.000 9.999 0.259 0.27 0.000  0.109 0.000  1.286 0.000  2.315 0.000 9999.99 0.259  10.667 0.000   3.460 0.000   7.207 0.000 0.039 0.000  0.936 0.000000
334.25 335.25   27.24 0.000  1.76 0.000 0.006 0.000 9.99 0.259  0.983 0.000  1.087 0.000  1.956 0.000   30.90 0.000   9.093 0.000 999.999 0.259   9.889 0.000 0.035 0.000  0.308 0.000000
337.25 338.25   24.41 0.000  2.77 0.000 9.999 0.259 0.11 0.000  0.706 0.559  1.429 0.000  2.572 0.000 9999.99 0.259  14.222 0.000   5.191 0.000   9.031 0.000 0.045 0.000  0.438 0.559000
340.25 341.25   14.58 0.000  0.82 0.000 9.999 0.259 9.99 0.259  0.243 0.559  0.528 0.000  0.951 0.000 9999.99 0.259   9.200 0.000   5.373 0.000   3.827 0.000 0.020 0.000  0.254 0.559000
343.25 344.25   15.16 0.000  1.44 0.000 9.999 0.259 9.99 0.259  0.287 0.000  2.763 0.000  4.974 0.000 9999.99 0.259  12.044 0.000   4.700 0.000   7.344 0.000 0.071 0.000  0.211 0.000000
346.25 347.25 9999.99 0.999 99.99 0.999 9.999 0.999 9.99 0.999 99.999 0.999 99.999 0.999 99.999 0.999 9999.99 0.999 999.999 0.999 999.999 0.999 999.999 0.999 9.999 0.999 99.999 0.999000
349.25 350.25   23.41 0.000  2.70 0.000 0.008 0.000 0.53 0.000  0.386 0.000  2.084 0.000  3.752 0.000 9999.99 0.259  17.910 0.000   5.963 0.000  11.947 0.000 0.050 0.000  1.753 0.000000
352.25 353.25   11.99 0.000  2.01 0.000 9.999 0.259 9.99 0.259  0.162 0.000  1.051 0.000  1.892 0.000 9999.99 0.259 999.999 0.456 999.999 0.999   2.923 0.000 0.034 0.000  0.157 0.000000
355.25 356.25    7.39 0.000  0.76 0.000 9.999 0.259 9.99 0.259  0.698 0.000  0.576 0.000  1.037 0.000 9999.99 0.259 999.999 0.456 999.999 0.999   5.371 0.000 0.017 0.000  0.309 0.000000
358.25 359.25   14.16 0.000  0.80 0.000 0.007 0.000 9.99 0.259  0.569 0.000  0.811 0.000  1.460 0.000 9999.99 0.259 999.999 0.456 999.999 0.999   5.765 0.000 0.023 0.000  0.386 0.000000
361.25 362.25    9.69 0.000  0.85 0.000 9.999 0.259 0.23 0.000  0.173 0.000  1.285 0.000  2.313 0.000 9999.99 0.259   9.487 0.000   4.343 0.000   5.144 0.000 0.038 0.000  0.505 0.000000
364.25 365.25    6.48 0.000  1.32 0.000 9.999 0.259 0.14 0.000  0.275 0.000  0.576 0.000  1.037 0.000 9999.99 0.259   4.965 0.000   0.878 0.000   4.087 0.000 0.015 0.000  0.492 0.000000
