scripts/IMPROVE-2019_partial/data/US0098R.19950104080000.20191216000000.filterpack...1y.3d.US03L_filterpack_US0098.US03L_IMPROVE_Davis.lev2.nas
51 1001
MISSING INFORMATION
US03L, IMPROVE, , , , , , , 
MISSING INFORMATION
IMPROVE sel_HTAP
1 1
1995 01 01 2019 12 16
0
days from file reference point
4
1 1 1 1
999.999999 999.999 999.999 9.999
end_time of measurement, days from the file reference point
pm10_mass, ug/m3, Matrix=pm10
pm25_mass, ug/m3, Matrix=pm25
numflag, no unit
0
33
Data definition:              EBAS_1.1
Set type code:                TI
Timezone:                     UTC
File name:                    US0098R.19950104080000.20191216000000.filterpack...1y.3d.US03L_filterpack_US0098.US03L_IMPROVE_Davis.lev2.nas
File creation:                20191218120206
Startdate:                    19950104080000
Revision date:                20191216000000
Version:                      2
Version description:          "Data extracted from http://views.cira.colostate.edu/fed/DataWizard 2019-12-16"
Statistics:                   arithmetic mean
Data level:                   2
Period code:                  1y
Resolution code:              3d
Sample duration:              1d
Orig. time res.:              3d
Station code:                 US0098R
Platform code:                US0098S
Station name:                 Point Reyes National Seashore
Station latitude:             38.1224
Station longitude:            -122.9085
Station altitude:             97.0 m
Regime:                       IMG
Component:                    
Unit:                         ug/m3
Matrix:                       
Laboratory code:              US03L
Instrument type:              filterpack
Instrument name:              filterpack_US0098
Method ref:                   US03L_IMPROVE_Davis
Blank correction:             Blank corrected
Volume std. temperature:      ambient
Volume std. pressure:         ambient
starttime endtime PM10 PM2.5 flag
  3.333333   4.333333 999.999 999.999 0.999
  6.333333   7.333333 999.999 999.999 0.999
 10.333333  11.333333 999.999 999.999 0.999
 13.333333  14.333333 999.999 999.999 0.999
 17.333333  18.333333  34.715  18.333 0.000
 20.333333  21.333333   6.840   3.644 0.000
 24.333333  25.333333  12.878   7.659 0.000
 27.333333  28.333333   4.043   1.734 0.000
 31.333333  32.333333  15.088   9.125 0.000
 34.333333  35.333333  31.000  25.281 0.000
 38.333333  39.333333   9.145   5.841 0.000
 41.333333  42.333333  13.491   8.947 0.000
 45.333333  46.333333   7.482   3.761 0.000
 48.333333  49.333333   3.945   2.202 0.000
 52.333333  53.333333  11.048   7.432 0.000
 55.333333  56.333333  20.319  14.294 0.000
 59.333333  60.333333  10.670   7.805 0.000
 62.333333  63.333333  13.676   6.146 0.000
 66.333333  67.333333  13.854   5.293 0.000
 69.333333  70.333333 999.999 999.999 0.999
 73.333333  74.333333  15.816   6.574 0.000
 76.333333  77.333333  14.213   5.751 0.000
 80.333333  81.333333  13.889   3.855 0.000
 83.333333  84.333333  15.733   4.386 0.000
 87.333333  88.333333   8.993   4.069 0.000
 90.333333  91.333333  16.979   6.455 0.000
 94.333333  95.333333   3.205   1.512 0.000
 97.333333  98.333333  20.519   6.512 0.000
101.333333 102.333333   5.484   4.414 0.000
104.333333 105.333333   9.437   3.303 0.000
108.333333 109.333333  16.346   5.154 0.000
111.333333 112.333333  17.134   6.975 0.000
115.333333 116.333333  12.436   5.084 0.000
118.333333 119.333333   8.851   1.805 0.000
122.333333 123.333333  11.649   4.660 0.000
125.333333 126.333333  24.908  10.526 0.000
129.333333 130.333333  14.691   5.787 0.000
132.333333 133.333333  13.273   4.228 0.000
136.333333 137.333333  18.601   7.584 0.000
139.333333 140.333333  22.778  10.755 0.000
143.333333 144.333333  32.313  14.319 0.000
146.333333 147.333333  23.352   8.358 0.000
150.333333 151.333333   4.641   3.182 0.000
153.333333 154.333333  17.239   7.284 0.000
157.333333 158.333333  31.405  13.013 0.000
160.333333 161.333333   7.013   4.016 0.000
164.333333 165.333333 999.999 999.999 0.999
167.333333 168.333333 999.999 999.999 0.999
171.333333 172.333333 999.999 999.999 0.999
174.333333 175.333333 999.999 999.999 0.999
178.333333 179.333333   3.330   1.919 0.000
181.333333 182.333333   9.965   6.023 0.000
185.333333 186.333333   8.989   3.396 0.000
188.333333 189.333333  13.198   5.679 0.000
192.333333 193.333333 999.999 999.999 0.999
195.333333 196.333333  36.619  17.253 0.000
199.333333 200.333333 999.999 999.999 0.999
202.333333 203.333333 999.999 999.999 0.999
206.333333 207.333333  11.325   4.531 0.000
209.333333 210.333333 999.999 999.999 0.999
213.333333 214.333333  10.876   5.983 0.000
216.333333 217.333333   3.931   2.573 0.000
220.333333 221.333333  24.658  13.213 0.000
223.333333 224.333333  17.525   7.190 0.000
227.333333 228.333333  13.298   6.327 0.000
230.333333 231.333333  26.259  12.901 0.000
234.333333 235.333333  15.132   8.107 0.000
237.333333 238.333333  17.236   9.301 0.000
241.333333 242.333333   8.521   3.824 0.000
244.333333 245.333333   8.406   5.017 0.000
248.333333 249.333333  21.682   9.053 0.000
251.333333 252.333333  11.436   5.890 0.000
255.333333 256.333333  10.108   7.281 0.000
258.333333 259.333333   9.708   4.864 0.000
262.333333 263.333333   5.505   3.765 0.000
265.333333 266.333333  22.222   9.311 0.000
269.333333 270.333333   7.015   3.381 0.000
272.333333 273.333333  19.028   7.858 0.000
276.333333 277.333333 999.999 999.999 0.999
279.333333 280.333333 999.999 999.999 0.999
283.333333 284.333333 999.999 999.999 0.999
286.333333 287.333333 999.999 999.999 0.999
290.333333 291.333333 999.999 999.999 0.999
293.333333 294.333333 999.999 999.999 0.999
297.333333 298.333333   9.039   2.891 0.000
300.333333 301.333333  19.422  12.223 0.000
304.333333 305.333333  12.508   7.414 0.000
307.333333 308.333333 999.999  17.567 0.000
311.333333 312.333333   4.197   1.636 0.000
314.333333 315.333333   7.888   3.198 0.000
318.333333 319.333333   1.359   0.617 0.000
321.333333 322.333333   3.160   1.433 0.000
325.333333 326.333333   3.014   2.042 0.000
328.333333 329.333333   7.687   3.676 0.000
332.333333 333.333333   8.393   3.425 0.000
335.333333 336.333333  15.589   3.955 0.000
339.333333 340.333333   1.526   0.634 0.000
342.333333 343.333333  47.973  16.138 0.000
346.333333 347.333333 999.999 999.999 0.999
349.333333 350.333333  19.039   4.832 0.000
353.333333 354.333333  12.604   4.748 0.000
356.333333 357.333333   9.246   6.977 0.000
360.333333 361.333333 999.999 999.999 0.999
363.333333 364.333333 999.999 999.999 0.999
