scripts/IMPROVE-2019_partial/data/US0095R.20040101070000.20191216000000.filterpack..pm25.52w.1w.US03L_filterpack_US0095.US03L_IMPROVE_Davis.lev2.nas
66 1001
MISSING INFORMATION
US03L, IMPROVE, , , , , , , 
MISSING INFORMATION
IMPROVE sel_HTAP
1 1
2004 01 01 2019 12 16
3.000000
days from file reference point
27
1 1 1 1 1 1 1 1 1 1 1 1 1 1 1 1 1 1 1 1 1 1 1 1 1 1 1
999.999999 9999.99 9.999 99.99 9.999 9.999 9.999999 9.99 9.999999 9.999 9.999 999.999 9.999 999.999 9.999 999.99 9.999999 999.999 9.999 999.999 9.999 999.999 9.999 9.999 9.999 9.999 9.999
end_time of measurement, days from the file reference point
iron, ng/m3, Revision date=20181210133000
numflag iron, no unit, Revision date=20181210133000
lead, ng/m3, Revision date=20181210133000
numflag lead, no unit, Revision date=20181210133000
magnesium, ug/m3, Revision date=20181210133000
numflag magnesium, no unit, Revision date=20181210133000
nickel, ng/m3, Revision date=20181210133000
numflag nickel, no unit, Revision date=20181210133000
nitrate, ug N/m3, Revision date=20181210133000
numflag nitrate, no unit, Revision date=20181210133000
organic_carbon, ug C/m3, Revision date=20181210133000
numflag organic_carbon, no unit, Revision date=20181210133000
organic_mass, ug/m3, Revision date=20181210133000
numflag organic_mass, no unit, Revision date=20181210133000
phosphorus, ng/m3, Revision date=20181210133000
numflag phosphorus, no unit, Revision date=20181210133000
pm10_mass, ug/m3, Version=2, Version description=Data extracted from http://views.cira.colostate.edu/fed/DataWizard 2019-12-16, Sample duration=1d, Orig. time res.=3d, Matrix=pm10, Blank correction=Blank corrected, Volume std. temperature=ambient, Volume std. pressure=ambient
numflag pm10_mass, no unit, Version=2, Version description=Data extracted from http://views.cira.colostate.edu/fed/DataWizard 2019-12-16, Sample duration=1d, Orig. time res.=3d, Matrix=pm10, Blank correction=Blank corrected, Volume std. temperature=ambient, Volume std. pressure=ambient
pm10_pm25_mass, ug/m3, Revision date=20181210133000, Matrix=pm10_pm25
numflag pm10_pm25_mass, no unit, Revision date=20181210133000, Matrix=pm10_pm25
pm25_mass, ug/m3, Version=2, Version description=Data extracted from http://views.cira.colostate.edu/fed/DataWizard 2019-12-16, Sample duration=1d, Orig. time res.=3d, Blank correction=Blank corrected, Volume std. temperature=ambient, Volume std. pressure=ambient
numflag pm25_mass, no unit, Version=2, Version description=Data extracted from http://views.cira.colostate.edu/fed/DataWizard 2019-12-16, Sample duration=1d, Orig. time res.=3d, Blank correction=Blank corrected, Volume std. temperature=ambient, Volume std. pressure=ambient
potassium, ug/m3, Revision date=20181210133000
numflag potassium, no unit, Revision date=20181210133000
sulphate_total, ug S/m3, Revision date=20181210133000
numflag sulphate_total, no unit, Revision date=20181210133000
0
25
Data definition:              EBAS_1.1
Set type code:                TU
Timezone:                     UTC
File name:                    US0095R.20040101070000.20191216000000.filterpack..pm25.52w.1w.US03L_filterpack_US0095.US03L_IMPROVE_Davis.lev2.nas
File creation:                20191218120150
Startdate:                    20040101070000
Revision date:                20191216000000
Statistics:                   arithmetic mean
Data level:                   2
Period code:                  52w
Resolution code:              1w
Station code:                 US0095R
Platform code:                US0095S
Station name:                 Petrified Forest NP
Station latitude:             35.0777
Station longitude:            -109.7692
Station altitude:             1766.0 m
Regime:                       IMG
Component:                    
Matrix:                       pm25
Laboratory code:              US03L
Instrument type:              filterpack
Instrument name:              filterpack_US0095
Method ref:                   US03L_IMPROVE_Davis
starttime endtime Fe flag_Fe Pb flag_Pb Mg++ flag_Mg++ Ni flag_Ni NO3- flag_NO3- OC flag_OC OM flag_OM P flag_P PM10 flag_PM10 PM10-PM2.5 flag_PM10-PM2.5 PM2.5 flag_PM2.5 K+ flag_K+ SO4-- flag_SO4--
  0.291667   1.291667   17.31 0.000  2.75 0.000 9.999 0.259000 0.08 0.000000 0.036 0.000   0.338 0.000   0.473 0.000 999.99 0.259000   3.164 0.000   1.188 0.000   1.976 0.000 0.017 0.000 0.160 0.000
  3.291667   4.291667    5.10 0.000  0.19 0.000 9.999 0.259000 9.99 0.259000 0.016 0.559   0.228 0.000   0.319 0.000 999.99 0.259000   1.240 0.000   0.543 0.000   0.698 0.000 0.003 0.000 0.035 0.559
  6.291667   7.291667   35.14 0.559  0.88 0.559 9.999 0.559259 9.99 0.559259 0.027 0.559   0.738 0.000   1.034 0.000 999.99 0.559259   4.972 0.000   2.499 0.000   2.473 0.559 0.018 0.559 0.127 0.559
  9.291667  10.291667   33.40 0.000  0.43 0.000 9.999 0.259000 0.04 0.000000 0.039 0.559   0.789 0.000   1.105 0.000 999.99 0.259000   4.795 0.000   2.107 0.000   2.688 0.000 0.018 0.000 0.139 0.559
 12.291667  13.291667   42.91 0.699  0.53 0.699 9.999 0.699259 9.99 0.699259 0.049 0.559   1.083 0.000   1.515 0.000 999.99 0.699259   7.268 0.000   3.263 0.000   4.005 0.699 0.029 0.699 0.263 0.559
 15.291667  16.291667   11.04 0.000  0.28 0.000 9.999 0.259000 9.99 0.259000 0.149 0.559   0.717 0.000   1.004 0.000 999.99 0.259000   3.411 0.000   0.547 0.000   2.863 0.000 0.009 0.000 0.323 0.559
 18.291667  19.291667   19.39 0.559  0.21 0.559 9.999 0.559259 9.99 0.559259 0.050 0.559   0.738 0.000   1.034 0.000 999.99 0.559259   4.010 0.000   0.986 0.000   3.024 0.559 0.010 0.559 0.309 0.559
 21.291667  22.291667   15.64 0.000  0.30 0.000 9.999 0.259000 0.17 0.000000 0.095 0.559   0.663 0.000   0.928 0.000 999.99 0.259000   4.574 0.000   0.786 0.000   3.788 0.000 0.010 0.000 0.513 0.559
 24.291667  25.291667   10.17 0.000  0.35 0.000 9.999 0.259000 0.12 0.000000 0.129 0.559   0.283 0.000   0.396 0.000 999.99 0.259000   3.431 0.000   1.592 0.000   1.839 0.000 0.010 0.000 0.205 0.559
 27.291667  28.291667 9999.99 0.999 99.99 0.999 9.999 0.999000 9.99 0.999000 9.999 0.999 999.999 0.999 999.999 0.999 999.99 0.999000 999.999 0.999 999.999 0.999 999.999 0.999 9.999 0.999 9.999 0.999
 30.291667  31.291667   22.31 0.000  1.34 0.000 0.032 0.000000 0.05 0.000000 0.155 0.559   0.486 0.000   0.681 0.000 999.99 0.259000   2.794 0.000   0.770 0.000   2.024 0.000 0.014 0.000 0.134 0.559
 33.291667  34.291667   17.56 0.000  0.47 0.000 9.999 0.259000 9.99 0.259000 0.029 0.559   0.271 0.000   0.379 0.000 999.99 0.259000   2.465 0.000   1.037 0.000   1.428 0.000 0.010 0.000 0.087 0.559
 36.291667  37.291667    8.78 0.000  0.18 0.000 9.999 0.259000 9.99 0.259000 0.037 0.559   0.308 0.000   0.431 0.000 999.99 0.259000   2.522 0.000   0.519 0.000   2.002 0.000 0.005 0.000 0.261 0.559
 39.291667  40.291667    6.76 0.000  0.14 0.000 9.999 0.259000 9.99 0.259000 0.014 0.559   0.430 0.000   0.602 0.000 999.99 0.259000   1.695 0.000   0.741 0.000   0.954 0.000 0.005 0.000 0.043 0.559
 42.291667  43.291667    8.19 0.000  0.32 0.000 9.999 0.259000 9.99 0.259000 0.017 0.559   0.267 0.000   0.374 0.000 999.99 0.259000   2.976 0.000   1.358 0.000   1.618 0.000 0.009 0.000 0.179 0.559
 45.291667  46.291667   22.91 0.000  0.25 0.000 0.030 0.000000 9.99 0.259000 0.016 0.559   0.372 0.000   0.521 0.000 999.99 0.259000   2.342 0.000   0.854 0.000   1.488 0.000 0.009 0.000 0.077 0.559
 48.291667  49.291667   38.39 0.559  1.55 0.559 9.999 0.559259 9.99 0.559259 0.020 0.559   0.476 0.000   0.666 0.000 999.99 0.559259   7.027 0.000   4.668 0.000   2.358 0.559 0.020 0.559 0.107 0.559
 51.291667  52.291667   33.21 0.000  0.63 0.000 0.021 0.000000 9.99 0.259000 0.053 0.559   0.305 0.000   0.427 0.000 999.99 0.259000   6.164 0.000   3.932 0.000   2.232 0.000 0.021 0.000 0.171 0.559
 54.291667  55.291667    9.74 0.000  0.16 0.000 9.999 0.259000 9.99 0.259000 0.032 0.000   0.282 0.000   0.395 0.000 999.99 0.259000   1.421 0.000   0.368 0.000   1.054 0.000 0.006 0.000 0.083 0.000
 57.291667  58.291667   31.91 0.000  1.86 0.000 0.024 0.000000 9.99 0.259000 0.024 0.559   0.350 0.000   0.491 0.000 999.99 0.259000   9.838 0.000   7.234 0.000   2.604 0.000 0.028 0.000 0.215 0.559
 60.291667  61.291667   13.07 0.000  0.40 0.000 9.999 0.259000 0.07 0.000000 0.071 0.559   0.293 0.000   0.410 0.000 999.99 0.259000   2.744 0.000   1.229 0.000   1.515 0.000 0.007 0.000 0.108 0.559
 63.291667  64.291667   22.56 0.000  0.76 0.000 9.999 0.259000 9.99 0.259000 0.071 0.559   0.397 0.000   0.556 0.000 999.99 0.259000   3.945 0.000   1.398 0.000   2.547 0.000 0.017 0.000 0.277 0.559
 66.291667  67.291667   39.62 0.000  0.66 0.000 0.051 0.000000 0.06 0.000000 0.029 0.559   0.400 0.000   0.560 0.000 999.99 0.259000   4.588 0.000   2.304 0.000   2.284 0.000 0.024 0.000 0.109 0.559
 69.291667  70.291667   92.13 0.000  0.73 0.000 0.048 0.000000 9.99 0.259000 0.033 0.559   0.594 0.000   0.832 0.000 999.99 0.259000  15.081 0.000  10.378 0.000   4.702 0.000 0.066 0.000 0.171 0.559
 72.291667  73.291667   28.39 0.000  0.65 0.000 0.016 0.000000 9.99 0.259000 0.053 0.559   0.529 0.000   0.741 0.000 999.99 0.259000   4.207 0.000   1.218 0.000   2.990 0.000 0.018 0.000 0.247 0.559
 75.291667  76.291667   60.75 0.000  1.07 0.000 0.057 0.000000 9.99 0.259000 0.021 0.559   0.120 0.000   0.167 0.000 999.99 0.259000   5.896 0.000   3.007 0.000   2.890 0.000 0.035 0.000 0.124 0.559
 78.291667  79.291667   63.86 0.000  2.83 0.000 9.999 0.259000 0.06 0.000000 0.025 0.559   0.617 0.000   0.864 0.000 999.99 0.259000   7.027 0.000   3.089 0.000   3.938 0.000 0.043 0.000 0.238 0.559
 81.291667  82.291667   33.48 0.000  0.73 0.000 9.999 0.259000 9.99 0.259000 0.030 0.559   0.645 0.000   0.903 0.000 999.99 0.259000   9.069 0.000   4.755 0.000   4.314 0.000 0.028 0.000 0.451 0.559
 84.291667  85.291667   60.00 0.000  1.44 0.000 0.027 0.000000 0.15 0.000000 0.064 0.559   0.641 0.000   0.898 0.000 999.99 0.259000   9.355 0.000   4.870 0.000   4.484 0.000 0.040 0.000 0.326 0.559
 87.291667  88.291667   32.48 0.000  0.50 0.000 9.999 0.259000 9.99 0.259000 0.017 0.559   0.211 0.000   0.295 0.000 999.99 0.259000   4.534 0.000   2.627 0.000   1.907 0.000 0.021 0.000 0.114 0.559
 90.291667  91.291667   85.93 0.559  1.10 0.559 9.999 0.559259 0.09 0.559000 0.038 0.559   0.627 0.000   0.878 0.000 999.99 0.559259  12.623 0.000   7.643 0.000   4.979 0.559 0.057 0.559 0.339 0.559
 93.291667  94.291667   19.23 0.000  0.40 0.000 0.023 0.000000 9.99 0.259000 0.022 0.559   0.167 0.000   0.233 0.000 999.99 0.259000   2.507 0.000   1.040 0.000   1.467 0.000 0.012 0.000 0.151 0.559
 96.291667  97.291667   15.20 0.000  0.30 0.000 9.999 0.259000 0.07 0.000000 0.101 0.559   0.505 0.000   0.707 0.000 999.99 0.259000   2.477 0.000   0.391 0.000   2.086 0.000 0.010 0.000 0.196 0.559
 99.291667 100.291667   52.12 0.000  0.81 0.000 9.999 0.259000 9.99 0.259000 0.098 0.559   0.466 0.000   0.652 0.000 999.99 0.259000   4.602 0.000   1.795 0.000   2.807 0.000 0.029 0.000 0.188 0.559
102.291667 103.291667   41.33 0.000  1.27 0.000 9.999 0.259000 9.99 0.259000 0.053 0.559   0.401 0.000   0.562 0.000 999.99 0.259000   4.684 0.000   1.749 0.000   2.936 0.000 0.027 0.000 0.284 0.559
105.291667 106.291667  112.08 0.000  2.29 0.000 0.071 0.000000 0.06 0.000000 0.041 0.559   0.347 0.000   0.486 0.000 999.99 0.259000   9.903 0.000   5.369 0.000   4.534 0.000 0.067 0.000 0.288 0.559
108.291667 109.291667 9999.99 0.999 99.99 0.999 9.999 0.999000 9.99 0.999000 9.999 0.999 999.999 0.999 999.999 0.999 999.99 0.999000 999.999 0.999 999.999 0.999 999.999 0.999 9.999 0.999 9.999 0.999
111.291667 112.291667 9999.99 0.999 99.99 0.999 9.999 0.999000 9.99 0.999000 9.999 0.999 999.999 0.999 999.999 0.999 999.99 0.999000 999.999 0.999 999.999 0.999 999.999 0.999 9.999 0.999 9.999 0.999
114.291667 115.291667   34.78 0.559  0.54 0.559 0.049 0.559000 9.99 0.559259 0.044 0.559   0.319 0.000   0.447 0.000 999.99 0.559259   3.821 0.000   1.741 0.000   2.080 0.559 0.021 0.559 0.181 0.559
117.291667 118.291667   95.89 0.559  2.71 0.559 9.999 0.559259 9.99 0.559259 0.034 0.559   0.390 0.000   0.546 0.000 999.99 0.559259   9.135 0.000   3.942 0.000   5.193 0.559 0.056 0.559 0.454 0.559
120.291667 121.291667 9999.99 0.999 99.99 0.999 9.999 0.999000 9.99 0.999000 9.999 0.999 999.999 0.999 999.999 0.999 999.99 0.999000 999.999 0.999 999.999 0.999 999.999 0.999 9.999 0.999 9.999 0.999
123.291667 124.291667 9999.99 0.999 99.99 0.999 9.999 0.999000 9.99 0.999000 9.999 0.999 999.999 0.999 999.999 0.999 999.99 0.999000 999.999 0.999 999.999 0.999 999.999 0.999 9.999 0.999 9.999 0.999
126.291667 127.291667  105.98 0.559  0.90 0.559 9.999 0.559259 0.19 0.559000 0.067 0.559   0.792 0.000   1.109 0.000 999.99 0.559259  15.033 0.000   9.129 0.000   5.904 0.559 0.097 0.559 0.352 0.559
129.291667 130.291667   85.87 0.559  0.87 0.559 0.035 0.559000 0.26 0.559000 0.077 0.559   1.170 0.000   1.638 0.000 999.99 0.559259  13.399 0.000   7.188 0.000   6.210 0.559 0.098 0.559 0.473 0.559
132.291667 133.291667  121.46 0.559  1.03 0.559 9.999 0.559259 9.99 0.559259 0.145 0.559   0.298 0.000   0.418 0.000 999.99 0.559259  19.642 0.000  13.534 0.000   6.108 0.559 0.087 0.559 0.299 0.559
135.291667 136.291667   88.63 0.559  1.57 0.559 0.064 0.559000 9.99 0.559259 0.049 0.559   0.826 0.000   1.156 0.000 999.99 0.559259  11.341 0.000   7.057 0.000   4.284 0.559 0.050 0.559 0.241 0.559
138.291667 139.291667   78.33 0.559  1.20 0.559 9.999 0.559259 0.07 0.559000 0.048 0.559   0.338 0.000   0.474 0.000 999.99 0.559259   8.595 0.000   5.660 0.000   2.936 0.559 0.044 0.559 0.171 0.559
141.291667 142.291667  103.18 0.559  1.41 0.559 9.999 0.559259 0.10 0.559000 0.048 0.559   0.269 0.000   0.377 0.000 999.99 0.559259  13.560 0.000  10.325 0.000   3.235 0.559 0.055 0.559 0.138 0.559
144.291667 145.291667  131.24 0.000  1.51 0.000 9.999 0.259000 0.12 0.000000 0.063 0.000   0.418 0.000   0.586 0.000 999.99 0.259000  20.021 0.000  15.371 0.000   4.650 0.000 0.076 0.000 0.283 0.000
147.291667 148.291667  116.46 0.000  1.28 0.000 9.999 0.259000 0.18 0.000000 0.076 0.000   0.329 0.000   0.460 0.000 999.99 0.259000  11.991 0.000   7.617 0.000   4.375 0.000 0.069 0.000 0.262 0.000
150.291667 151.291667   42.71 0.000  0.83 0.000 9.999 0.259000 0.10 0.000000 0.021 0.000   0.326 0.000   0.457 0.000 999.99 0.259000   5.652 0.000   3.408 0.000   2.244 0.000 0.030 0.000 0.143 0.000
153.291667 154.291667  122.39 0.000  1.57 0.000 9.999 0.259000 9.99 0.259000 0.043 0.000   0.626 0.000   0.877 0.000 999.99 0.259000  10.053 0.000   5.954 0.000   4.099 0.000 0.074 0.000 0.213 0.000
156.291667 157.291667  106.66 0.000  1.44 0.000 9.999 0.259000 0.22 0.000000 0.062 0.000   0.667 0.000   0.933 0.000 999.99 0.259000   9.232 0.000   4.531 0.000   4.701 0.000 0.083 0.000 0.264 0.000
159.291667 160.291667  109.53 0.000  0.61 0.000 0.101 0.000000 0.18 0.000000 0.046 0.000   0.376 0.000   0.526 0.000 999.99 0.259000  11.750 0.000   8.010 0.000   3.741 0.000 0.070 0.000 0.174 0.000
162.291667 163.291667  153.58 0.000  1.49 0.000 9.999 0.259000 0.16 0.000000 0.111 0.000   0.614 0.000   0.860 0.000 999.99 0.259000  11.991 0.000   5.999 0.000   5.992 0.000 0.099 0.000 0.263 0.000
165.291667 166.291667  122.30 0.000  1.62 0.000 9.999 0.259000 0.10 0.000000 0.066 0.000   0.651 0.000   0.911 0.000 999.99 0.259000  10.437 0.000   5.643 0.000   4.793 0.000 0.101 0.000 0.307 0.000
168.291667 169.291667  132.81 0.000  0.86 0.000 9.999 0.259000 0.22 0.000000 0.089 0.000   0.393 0.000   0.550 0.000 999.99 0.259000  16.488 0.000  11.402 0.000   5.087 0.000 0.107 0.000 0.333 0.000
171.291667 172.291667  127.35 0.000  0.39 0.000 9.999 0.259000 0.19 0.000000 0.024 0.000   0.367 0.000   0.514 0.000 999.99 0.259000  13.036 0.000   9.685 0.000   3.351 0.000 0.071 0.000 0.159 0.000
174.291667 175.291667   67.55 0.000  0.50 0.000 9.999 0.259000 0.11 0.000000 0.035 0.000   0.487 0.000   0.682 0.000 999.99 0.259000  11.574 0.000   8.117 0.000   3.457 0.000 0.043 0.000 0.229 0.000
177.291667 178.291667   50.60 0.000  0.77 0.000 9.999 0.259000 0.14 0.000000 0.044 0.000   1.362 0.000   1.906 0.000 999.99 0.259000  13.154 0.000   7.647 0.000   5.507 0.000 0.077 0.000 0.308 0.000
180.291667 181.291667   45.79 0.000  0.30 0.000 9.999 0.259000 9.99 0.259000 0.035 0.000   1.049 0.000   1.469 0.000 999.99 0.259000   6.924 0.000   3.320 0.000   3.603 0.000 0.040 0.000 0.194 0.000
183.291667 184.291667   53.45 0.000  1.46 0.000 9.999 0.259000 9.99 0.259000 0.315 0.000  17.017 0.000  23.824 0.000  20.85 0.000000  39.324 0.000   8.474 0.000  30.850 0.000 0.519 0.000 0.196 0.000
186.291667 187.291667   52.75 0.000  0.90 0.000 0.035 0.000000 0.05 0.000000 0.159 0.000   7.299 0.000  10.219 0.000 999.99 0.259000  21.210 0.000   5.269 0.000  15.941 0.000 0.245 0.000 0.256 0.000
189.291667 190.291667 9999.99 0.456 99.99 0.456 9.999 0.456000 9.99 0.456000 9.999 0.456 999.999 0.999 999.999 0.999 999.99 0.456000 999.999 0.456 999.999 0.999 999.999 0.456 9.999 0.456 9.999 0.456
192.291667 193.291667   45.53 0.000  0.50 0.000 9.999 0.259000 9.99 0.259000 0.028 0.000   0.854 0.000   1.196 0.000 999.99 0.259000  10.072 0.000   6.250 0.000   3.821 0.000 0.039 0.000 0.335 0.000
195.291667 196.291667 9999.99 0.456 99.99 0.456 9.999 0.456000 9.99 0.456000 9.999 0.456 999.999 0.999 999.999 0.999 999.99 0.456000 999.999 0.456 999.999 0.999 999.999 0.456 9.999 0.456 9.999 0.456
198.291667 199.291667 9999.99 0.999 99.99 0.999 9.999 0.999000 9.99 0.999000 9.999 0.999 999.999 0.999 999.999 0.999 999.99 0.999000 999.999 0.999 999.999 0.999 999.999 0.999 9.999 0.999 9.999 0.999
201.291667 202.291667 9999.99 0.999 99.99 0.999 9.999 0.999000 9.99 0.999000 9.999 0.999 999.999 0.999 999.999 0.999 999.99 0.999000 999.999 0.999 999.999 0.999 999.999 0.999 9.999 0.999 9.999 0.999
204.291667 205.291667   40.33 0.000  0.35 0.000 9.999 0.259000 9.99 0.259000 0.029 0.000   0.579 0.000   0.811 0.000 999.99 0.259000   8.022 0.000   5.029 0.000   2.993 0.000 0.032 0.000 0.263 0.000
207.291667 208.291667 9999.99 0.999 99.99 0.999 9.999 0.999000 9.99 0.999000 9.999 0.999 999.999 0.999 999.999 0.999 999.99 0.999000 999.999 0.999 999.999 0.999 999.999 0.999 9.999 0.999 9.999 0.999
210.291667 211.291667   57.80 0.000  0.34 0.000 9.999 0.259000 9.99 0.259000 0.027 0.000   0.607 0.000   0.849 0.000 999.99 0.259000   8.261 0.000   5.094 0.000   3.167 0.000 0.034 0.000 0.200 0.000
213.291667 214.291667   65.25 0.000  0.16 0.000 9.999 0.259000 9.99 0.259000 0.020 0.000   0.989 0.000   1.384 0.000 999.99 0.259000   8.461 0.000   3.812 0.000   4.649 0.000 0.047 0.000 0.383 0.000
216.291667 217.291667   54.98 0.000 99.99 0.259 9.999 0.259000 0.14 0.000000 0.029 0.000   0.744 0.000   1.042 0.000 999.99 0.259000   8.772 0.000   4.799 0.000   3.973 0.000 0.029 0.000 0.405 0.000
219.291667 220.291667   37.26 0.000  0.28 0.000 9.999 0.259000 9.99 0.259000 0.019 0.000   0.206 0.000   0.288 0.000 999.99 0.259000   4.199 0.000   2.189 0.000   2.010 0.000 0.021 0.000 0.178 0.000
222.291667 223.291667   51.65 0.000  0.33 0.000 9.999 0.259000 9.99 0.259000 0.018 0.000   0.532 0.000   0.745 0.000 999.99 0.259000  12.061 0.000   8.916 0.000   3.146 0.000 0.033 0.000 0.265 0.000
225.291667 226.291667  153.00 0.394  0.29 0.394 9.999 0.394259 9.99 0.394259 0.032 0.394   0.714 0.000   1.000 0.000 999.99 0.394259  22.406 0.000  16.937 0.000   5.469 0.000 0.097 0.394 0.295 0.394
228.291667 229.291667 9999.99 0.999 99.99 0.999 9.999 0.999000 9.99 0.999000 9.999 0.999 999.999 0.999 999.999 0.999 999.99 0.999000 999.999 0.999 999.999 0.999 999.999 0.999 9.999 0.999 9.999 0.999
231.291667 232.291667 9999.99 0.999 99.99 0.999 9.999 0.999000 9.99 0.999000 9.999 0.999 999.999 0.999 999.999 0.999 999.99 0.999000 999.999 0.999 999.999 0.999 999.999 0.999 9.999 0.999 9.999 0.999
234.291667 235.291667 9999.99 0.999 99.99 0.999 9.999 0.999000 9.99 0.999000 9.999 0.999 999.999 0.999 999.999 0.999 999.99 0.999000 999.999 0.999 999.999 0.999 999.999 0.999 9.999 0.999 9.999 0.999
237.291667 238.291667   36.36 0.000  0.50 0.000 0.034 0.000000 0.13 0.000000 0.037 0.000   0.262 0.000   0.367 0.000 999.99 0.259000   6.783 0.000   4.428 0.000   2.355 0.000 0.021 0.000 0.240 0.000
