scripts/IMPROVE-2019_partial/data/US0093R.20060102070000.20191216000000.filterpack...52w.3d.US03L_filterpack_US0093.US03L_IMPROVE_Davis.lev2.nas
52 1001
MISSING INFORMATION
US03L, IMPROVE, , , , , , , 
MISSING INFORMATION
IMPROVE sel_HTAP
1 1
2006 01 01 2019 12 16
3.000000
days from file reference point
5
1 1 1 1 1
999.999999 999.999 9.999 999.999 9.999
end_time of measurement, days from the file reference point
pm10_mass, ug/m3, Matrix=pm10
numflag pm10_mass, no unit, Matrix=pm10
pm25_mass, ug/m3, Matrix=pm25
numflag pm25_mass, no unit, Matrix=pm25
0
33
Data definition:              EBAS_1.1
Set type code:                TU
Timezone:                     UTC
File name:                    US0093R.20060102070000.20191216000000.filterpack...52w.3d.US03L_filterpack_US0093.US03L_IMPROVE_Davis.lev2.nas
File creation:                20191218120141
Startdate:                    20060102070000
Revision date:                20191216000000
Version:                      2
Version description:          "Data extracted from http://views.cira.colostate.edu/fed/DataWizard 2019-12-16"
Statistics:                   arithmetic mean
Data level:                   2
Period code:                  52w
Resolution code:              3d
Sample duration:              1d
Orig. time res.:              3d
Station code:                 US0093R
Platform code:                US0093S
Station name:                 Phoenix Colocated Sampler
Station latitude:             33.5038
Station longitude:            -112.0958
Station altitude:             342.0 m
Regime:                       IMG
Component:                    
Unit:                         ug/m3
Matrix:                       
Laboratory code:              US03L
Instrument type:              filterpack
Instrument name:              filterpack_US0093
Method ref:                   US03L_IMPROVE_Davis
Blank correction:             Blank corrected
Volume std. temperature:      ambient
Volume std. pressure:         ambient
starttime endtime PM10 flag_PM10 PM2.5 flag_PM2.5
  1.291667   2.291667  31.281 0.000   8.664 0.000
  4.291667   5.291667  45.151 0.000  12.099 0.000
  7.291667   8.291667  59.042 0.000  22.846 0.000
 10.291667  11.291667 999.999 0.999  17.463 0.000
 13.291667  14.291667 999.999 0.999  21.592 0.000
 16.291667  17.291667 999.999 0.999 999.999 0.456
 19.291667  20.291667 999.999 0.999  15.182 0.000
 22.291667  23.291667 999.999 0.999  10.126 0.000
 25.291667  26.291667 999.999 0.999  15.539 0.000
 28.291667  29.291667 999.999 0.999  16.498 0.000
 31.291667  32.291667 999.999 0.999  12.191 0.000
 34.291667  35.291667 999.999 0.999  15.287 0.000
 37.291667  38.291667 999.999 0.999   8.402 0.000
 40.291667  41.291667  59.885 0.000  12.896 0.000
 43.291667  44.291667  66.090 0.000  18.556 0.000
 46.291667  47.291667  64.837 0.000  13.836 0.000
 49.291667  50.291667  31.349 0.000   7.825 0.000
 52.291667  53.291667  43.839 0.000  10.064 0.000
 55.291667  56.291667  45.283 0.000  11.496 0.000
 58.291667  59.291667  31.137 0.000   7.448 0.000
 61.291667  62.291667  39.521 0.000   9.731 0.000
 64.291667  65.291667  39.205 0.000   9.974 0.000
 67.291667  68.291667  37.858 0.000   5.373 0.000
 70.291667  71.291667   7.966 0.000   3.919 0.000
 73.291667  74.291667  26.041 0.000  10.995 0.000
 76.291667  77.291667  17.741 0.000   4.442 0.000
 79.291667  80.291667  12.954 0.000   4.256 0.000
 82.291667  83.291667  25.325 0.000   8.205 0.000
 85.291667  86.291667  19.541 0.000   6.118 0.000
 88.291667  89.291667  24.941 0.000   7.596 0.000
 91.291667  92.291667  17.659 0.000   7.999 0.000
 94.291667  95.291667 999.999 0.456   7.000 0.000
 97.291667  98.291667 999.999 0.456  10.235 0.000
100.291667 101.291667 999.999 0.456   7.074 0.000
103.291667 104.291667  77.238 0.000  21.312 0.000
106.291667 107.291667  28.822 0.000  10.134 0.000
109.291667 110.291667  42.438 0.000  13.414 0.000
112.291667 113.291667  22.292 0.000  10.249 0.000
115.291667 116.291667  32.285 0.000  12.864 0.000
118.291667 119.291667  25.199 0.000   9.800 0.000
121.291667 122.291667  21.376 0.000   7.436 0.000
124.291667 125.291667  30.344 0.000  10.670 0.000
127.291667 128.291667  27.817 0.000  10.528 0.000
130.291667 131.291667  46.873 0.000  16.424 0.000
133.291667 134.291667  24.563 0.000  10.465 0.000
136.291667 137.291667  21.355 0.000   9.757 0.000
139.291667 140.291667  21.304 0.000   9.034 0.000
142.291667 143.291667  26.426 0.000   8.683 0.000
145.291667 146.291667  26.357 0.000   9.384 0.000
148.291667 149.291667  24.055 0.000   9.083 0.000
151.291667 152.291667  43.623 0.000  14.581 0.000
154.291667 155.291667  26.845 0.000  12.808 0.000
157.291667 158.291667  38.580 0.000  12.526 0.000
160.291667 161.291667  15.955 0.000   6.870 0.000
163.291667 164.291667 999.999 0.456  10.617 0.000
166.291667 167.291667 999.999 0.456  10.256 0.000
169.291667 170.291667 999.999 0.456  10.890 0.000
172.291667 173.291667  37.807 0.000  13.540 0.000
175.291667 176.291667  57.596 0.000  15.142 0.000
178.291667 179.291667  36.797 0.000   9.723 0.000
181.291667 182.291667  33.390 0.000   9.403 0.000
184.291667 185.291667  20.313 0.000   7.072 0.000
187.291667 188.291667  17.987 0.000   8.430 0.000
190.291667 191.291667  17.315 0.000   8.553 0.000
193.291667 194.291667 999.999 0.999   8.887 0.000
196.291667 197.291667 999.999 0.999  12.887 0.000
199.291667 200.291667  22.914 0.000   9.057 0.000
202.291667 203.291667  23.625 0.000  12.632 0.000
205.291667 206.291667  43.754 0.000  12.195 0.000
208.291667 209.291667  18.662 0.000   6.994 0.000
211.291667 212.291667  14.348 0.000   5.193 0.000
214.291667 215.291667  23.670 0.000   7.285 0.000
217.291667 218.291667  16.211 0.000   6.588 0.000
220.291667 221.291667  46.296 0.000   8.326 0.000
223.291667 224.291667  10.165 0.000   5.060 0.000
226.291667 227.291667  15.148 0.000   4.852 0.000
229.291667 230.291667  26.105 0.000   6.704 0.000
232.291667 233.291667  35.524 0.000   6.722 0.000
235.291667 236.291667  13.863 0.000   4.261 0.000
238.291667 239.291667  18.005 0.000   6.650 0.000
241.291667 242.291667  34.303 0.000   8.323 0.000
244.291667 245.291667  20.616 0.000   5.702 0.000
247.291667 248.291667  11.867 0.000   3.243 0.000
250.291667 251.291667   9.776 0.000   3.700 0.000
253.291667 254.291667 999.999 0.999   6.410 0.000
256.291667 257.291667 999.999 0.999   5.279 0.000
259.291667 260.291667 999.999 0.999   7.057 0.000
262.291667 263.291667 999.999 0.999   7.266 0.000
265.291667 266.291667 999.999 0.999   9.186 0.000
268.291667 269.291667 999.999 0.999   7.585 0.000
271.291667 272.291667 999.999 0.999  13.040 0.000
274.291667 275.291667 999.999 0.999   7.784 0.000
277.291667 278.291667 999.999 0.999   9.713 0.000
280.291667 281.291667 999.999 0.999   5.531 0.000
283.291667 284.291667  39.650 0.000  14.149 0.000
286.291667 287.291667  12.916 0.000   3.602 0.000
289.291667 290.291667  22.927 0.000   6.989 0.000
292.291667 293.291667  34.743 0.000   9.958 0.000
295.291667 296.291667  29.107 0.000   7.419 0.000
298.291667 299.291667  16.333 0.000   3.513 0.000
301.291667 302.291667  27.691 0.000   9.317 0.000
304.291667 305.291667  49.111 0.000  15.206 0.000
307.291667 308.291667  47.492 0.000  15.394 0.000
310.291667 311.291667  52.118 0.000  11.687 0.000
313.291667 314.291667  45.631 0.000  13.385 0.000
316.291667 317.291667  51.688 0.000  13.953 0.000
319.291667 320.291667  65.686 0.000  19.200 0.000
322.291667 323.291667  47.892 0.000  18.165 0.000
325.291667 326.291667  63.898 0.000  20.296 0.000
328.291667 329.291667  35.110 0.000  13.900 0.000
331.291667 332.291667  12.785 0.000   6.756 0.000
334.291667 335.291667  68.061 0.000  24.101 0.000
337.291667 338.291667  40.109 0.000  11.600 0.000
340.291667 341.291667  47.783 0.000  13.756 0.000
343.291667 344.291667  35.645 0.000   9.264 0.000
346.291667 347.291667  65.447 0.000  20.558 0.000
349.291667 350.291667  44.552 0.000  12.167 0.000
352.291667 353.291667  32.386 0.000   8.737 0.000
355.291667 356.291667  54.044 0.000  25.395 0.000
358.291667 359.291667 999.999 0.699 999.999 0.456
361.291667 362.291667  22.086 0.000   6.498 0.000
364.291667 365.291667 999.999 0.699  26.534 0.000
