scripts/IMPROVE-2019_partial/data/US0074R.19920101060000.20191216000000.filterpack...1y.3d.US03L_filterpack_US0074.US03L_IMPROVE_Davis.lev2.nas
52 1001
MISSING INFORMATION
US03L, IMPROVE, , , , , , , 
MISSING INFORMATION
IMPROVE sel_HTAP
1 1
1992 01 01 2019 12 16
0
days from file reference point
5
1 1 1 1 1
999.99 999.999 9.999 999.999 9.999999
end_time of measurement, days from the file reference point
pm10_mass, ug/m3, Matrix=pm10
numflag pm10_mass, no unit, Matrix=pm10
pm25_mass, ug/m3, Matrix=pm25
numflag pm25_mass, no unit, Matrix=pm25
0
33
Data definition:              EBAS_1.1
Set type code:                TI
Timezone:                     UTC
File name:                    US0074R.19920101060000.20191216000000.filterpack...1y.3d.US03L_filterpack_US0074.US03L_IMPROVE_Davis.lev2.nas
File creation:                20191218120029
Startdate:                    19920101060000
Revision date:                20191216000000
Version:                      2
Version description:          "Data extracted from http://views.cira.colostate.edu/fed/DataWizard 2019-12-16"
Statistics:                   arithmetic mean
Data level:                   2
Period code:                  1y
Resolution code:              3d
Sample duration:              1d
Orig. time res.:              3d
Station code:                 US0074R
Platform code:                US0074S
Station name:                 Guadalupe Mountains NP
Station latitude:             31.833
Station longitude:            -104.8094
Station altitude:             1672.0 m
Regime:                       IMG
Component:                    
Unit:                         ug/m3
Matrix:                       
Laboratory code:              US03L
Instrument type:              filterpack
Instrument name:              filterpack_US0074
Method ref:                   US03L_IMPROVE_Davis
Blank correction:             Blank corrected
Volume std. temperature:      ambient
Volume std. pressure:         ambient
starttime endtime PM10 flag_PM10 PM2.5 flag_PM2.5
  0.25   1.25   3.508 0.000   2.613 0.559000
  3.25   4.25   3.194 0.000   2.083 0.559000
  7.25   8.25   7.294 0.000   1.607 0.559000
 10.25  11.25   4.040 0.000   0.942 0.559000
 14.25  15.25   5.742 0.000   3.333 0.559000
 17.25  18.25   9.508 0.000   2.760 0.559000
 21.25  22.25   5.132 0.000   2.987 0.559000
 24.25  25.25   7.984 0.000 999.999 0.559259
 28.25  29.25   5.426 0.000   2.710 0.559000
 31.25  32.25   5.741 0.000   2.613 0.559000
 35.25  36.25   5.381 0.000   3.057 0.559000
 38.25  39.25 999.999 0.999   3.135 0.559000
 42.25  43.25   7.547 0.000   3.844 0.559000
 45.25  46.25   3.915 0.000   2.460 0.559000
 49.25  50.25   2.481 0.000   1.429 0.559000
 52.25  53.25  10.755 0.000   3.062 0.559000
 56.25  57.25  10.858 0.000   1.948 0.559000
 59.25  60.25  10.418 0.000   4.253 0.000000
 63.25  64.25   9.084 0.000   2.460 0.000000
 66.25  67.25   7.915 0.000   3.464 0.000000
 70.25  71.25   5.692 0.000   1.975 0.000000
 73.25  74.25   5.110 0.000   2.351 0.000000
 77.25  78.25  12.582 0.000   4.091 0.000000
 80.25  81.25  18.272 0.000   5.552 0.000000
 84.25  85.25   8.076 0.000   3.943 0.000000
 87.25  88.25   7.500 0.000   2.050 0.000000
 91.25  92.25   8.397 0.000   3.417 0.000000
 94.25  95.25   6.275 0.000   3.636 0.000000
 98.25  99.25   7.207 0.000   3.199 0.000000
101.25 102.25   8.925 0.000   3.679 0.000000
105.25 106.25   6.790 0.000   3.719 0.000000
108.25 109.25  26.353 0.000   7.436 0.000000
112.25 113.25  10.147 0.000   4.634 0.000000
115.25 116.25  14.926 0.000   5.480 0.000000
119.25 120.25  13.420 0.000   6.771 0.000000
122.25 123.25  34.052 0.000   8.715 0.000000
126.25 127.25  11.673 0.000   7.309 0.000000
129.25 130.25   7.059 0.000   3.415 0.000000
133.25 134.25 999.999 0.999 999.999 0.999000
136.25 137.25   7.740 0.000   4.000 0.000000
140.25 141.25 999.999 0.999 999.999 0.999000
143.25 144.25   2.257 0.000   1.745 0.000000
147.25 148.25 999.999 0.999 999.999 0.999000
150.25 151.25   7.354 0.000   5.015 0.000000
154.25 155.25   9.638 0.000   4.790 0.000000
157.25 158.25  14.760 0.000   5.151 0.000000
161.25 162.25  21.000 0.000   4.455 0.000000
164.25 165.25   9.672 0.000   6.982 0.000000
168.25 169.25   9.623 0.000   3.606 0.000000
171.25 172.25  11.793 0.000   5.818 0.000000
175.25 176.25   5.541 0.000   3.285 0.000000
178.25 179.25  11.122 0.000   5.930 0.000000
182.25 183.25  16.048 0.000   5.015 0.000000
185.25 186.25  14.158 0.000   6.460 0.000000
189.25 190.25  34.685 0.000  17.372 0.000000
192.25 193.25  10.714 0.000   6.597 0.000000
196.25 197.25   6.581 0.000   2.338 0.000000
199.25 200.25   7.750 0.000   5.528 0.000000
203.25 204.25   5.000 0.000   3.030 0.000000
206.25 207.25  11.301 0.000   6.848 0.000000
210.25 211.25   8.435 0.000   5.361 0.000000
213.25 214.25  10.303 0.000   5.934 0.000000
217.25 218.25   7.740 0.000   4.384 0.000000
220.25 221.25   9.075 0.000   5.916 0.000000
224.25 225.25   7.578 0.000   5.443 0.000000
227.25 228.25   8.339 0.000   6.330 0.000000
231.25 232.25  14.354 0.000  11.818 0.000000
234.25 235.25  12.279 0.000   9.450 0.000000
238.25 239.25   6.678 0.000   5.299 0.000000
241.25 242.25   6.510 0.000   4.281 0.000000
245.25 246.25  10.959 0.000   4.234 0.000000
248.25 249.25   6.953 0.000   4.414 0.000000
252.25 253.25   9.003 0.000   4.212 0.000000
255.25 256.25   7.937 0.000   2.970 0.000000
259.25 260.25   8.406 0.000   4.816 0.000000
262.25 263.25  21.043 0.000   7.638 0.000000
266.25 267.25   9.723 0.000   5.891 0.000000
269.25 270.25  11.672 0.000   4.346 0.000000
273.25 274.25   5.926 0.000   3.333 0.000000
276.25 277.25   6.067 0.000   3.152 0.000000
280.25 281.25  15.102 0.000   5.836 0.000000
283.25 284.25  12.736 0.000   5.347 0.000000
287.25 288.25  12.819 0.000   5.183 0.000000
290.25 291.25  19.797 0.000   8.297 0.000000
294.25 295.25  11.639 0.000   5.723 0.000000
297.25 298.25   7.559 0.000   5.090 0.000000
301.25 302.25   3.755 0.000   2.122 0.000000
304.25 305.25   6.810 0.000   2.379 0.000000
308.25 309.25   2.351 0.000   1.708 0.000000
311.25 312.25   5.524 0.000   3.364 0.000000
315.25 316.25   7.611 0.000   2.957 0.000000
318.25 319.25   5.392 0.000   3.415 0.000000
322.25 323.25   6.513 0.000   3.785 0.000000
325.25 326.25  11.176 0.000   0.831 0.000000
329.25 330.25  13.228 0.000   3.056 0.000000
332.25 333.25   8.210 0.000   4.637 0.000000
336.25 337.25  12.215 0.000   2.778 0.000000
339.25 340.25   7.113 0.000   1.906 0.000000
343.25 344.25   5.795 0.000   2.835 0.000000
346.25 347.25 999.999 0.999   3.240 0.000000
350.25 351.25   6.367 0.000   3.827 0.000000
353.25 354.25   7.840 0.000   3.086 0.000000
357.25 358.25   8.201 0.000   2.778 0.000000
360.25 361.25  11.387 0.000   2.778 0.000000
364.25 365.25   4.355 0.000   2.019 0.000000
