scripts/IMPROVE-2019_partial/data/US0093R.20140102070000.20191216000000.filterpack...52w.3d.US03L_filterpack_US0093.US03L_IMPROVE_Davis.lev2.nas
52 1001
MISSING INFORMATION
US03L, IMPROVE, , , , , , , 
MISSING INFORMATION
IMPROVE sel_HTAP
1 1
2014 01 01 2019 12 16
3.000000
days from file reference point
5
1 1 1 1 1
999.999999 9999.999 9.999 999.999 9.999
end_time of measurement, days from the file reference point
pm10_mass, ug/m3, Matrix=pm10
numflag pm10_mass, no unit, Matrix=pm10
pm25_mass, ug/m3, Matrix=pm25
numflag pm25_mass, no unit, Matrix=pm25
0
33
Data definition:              EBAS_1.1
Set type code:                TU
Timezone:                     UTC
File name:                    US0093R.20140102070000.20191216000000.filterpack...52w.3d.US03L_filterpack_US0093.US03L_IMPROVE_Davis.lev2.nas
File creation:                20191218120141
Startdate:                    20140102070000
Revision date:                20191216000000
Version:                      2
Version description:          "Data extracted from http://views.cira.colostate.edu/fed/DataWizard 2019-12-16"
Statistics:                   arithmetic mean
Data level:                   2
Period code:                  52w
Resolution code:              3d
Sample duration:              1d
Orig. time res.:              3d
Station code:                 US0093R
Platform code:                US0093S
Station name:                 Phoenix Colocated Sampler
Station latitude:             33.5038
Station longitude:            -112.0958
Station altitude:             342.0 m
Regime:                       IMG
Component:                    
Unit:                         ug/m3
Matrix:                       
Laboratory code:              US03L
Instrument type:              filterpack
Instrument name:              filterpack_US0093
Method ref:                   US03L_IMPROVE_Davis
Blank correction:             Blank corrected
Volume std. temperature:      ambient
Volume std. pressure:         ambient
starttime endtime PM10 flag_PM10 PM2.5 flag_PM2.5
  1.291667   2.291667   31.155 0.000  14.451 0.000
  4.291667   5.291667   42.207 0.000  24.386 0.000
  7.291667   8.291667   36.953 0.000  14.383 0.000
 10.291667  11.291667   47.730 0.000  25.276 0.000
 13.291667  14.291667   35.080 0.000  11.761 0.000
 16.291667  17.291667   32.682 0.000  11.276 0.000
 19.291667  20.291667   26.102 0.000  15.748 0.000
 22.291667  23.291667   52.019 0.000  12.136 0.000
 25.291667  26.291667   36.434 0.000  13.209 0.000
 28.291667  29.291667   37.214 0.000  10.976 0.000
 31.291667  32.291667   26.722 0.000   4.843 0.000
 34.291667  35.291667   20.651 0.000   5.744 0.000
 37.291667  38.291667   32.064 0.000   8.966 0.000
 40.291667  41.291667   27.910 0.000   7.418 0.000
 43.291667  44.291667   32.296 0.000   8.589 0.000
 46.291667  47.291667   37.854 0.000  11.575 0.000
 49.291667  50.291667   35.755 0.000   8.524 0.000
 52.291667  53.291667   40.855 0.000  11.482 0.000
 55.291667  56.291667   41.157 0.000  10.064 0.000
 58.291667  59.291667   27.678 0.000   4.514 0.000
 61.291667  62.291667   17.889 0.000   6.971 0.000
 64.291667  65.291667   23.998 0.000   8.033 0.000
 67.291667  68.291667   10.372 0.000   3.111 0.000
 70.291667  71.291667   25.953 0.000   6.038 0.000
 73.291667  74.291667   20.041 0.000   5.128 0.000
 76.291667  77.291667   28.347 0.000   5.937 0.000
 79.291667  80.291667   33.506 0.000   9.439 0.000
 82.291667  83.291667   27.545 0.000   8.600 0.000
 85.291667  86.291667   80.332 0.000  15.159 0.000
 88.291667  89.291667   39.931 0.000  10.198 0.000
 91.291667  92.291667   36.439 0.000   6.796 0.000
 94.291667  95.291667   19.398 0.000   4.994 0.000
 97.291667  98.291667   23.944 0.000   7.731 0.000
100.291667 101.291667   26.767 0.000   6.345 0.659
103.291667 104.291667   20.848 0.000   4.745 0.659
106.291667 107.291667 9999.999 0.456   8.075 0.659
109.291667 110.291667 9999.999 0.456   6.190 0.659
112.291667 113.291667   46.794 0.000  12.772 0.000
115.291667 116.291667   51.886 0.000   9.070 0.000
118.291667 119.291667   18.451 0.000   3.629 0.659
121.291667 122.291667   31.195 0.000   8.175 0.659
124.291667 125.291667   37.133 0.000   9.393 0.000
127.291667 128.291667   43.955 0.000  10.756 0.000
130.291667 131.291667  186.185 0.000  33.088 0.000
133.291667 134.291667   33.358 0.000   8.156 0.000
136.291667 137.291667   31.514 0.000   8.924 0.000
139.291667 140.291667   35.388 0.000   8.748 0.000
142.291667 143.291667   33.797 0.000   7.030 0.000
145.291667 146.291667   27.645 0.000   7.699 0.000
148.291667 149.291667   33.545 0.000   7.958 0.000
151.291667 152.291667   22.312 0.000   5.920 0.659
154.291667 155.291667   30.890 0.000   8.075 0.000
157.291667 158.291667   30.775 0.000   9.273 0.000
160.291667 161.291667   47.149 0.000  13.214 0.000
163.291667 164.291667   36.220 0.000   9.615 0.000
166.291667 167.291667   26.628 0.000   6.900 0.000
169.291667 170.291667   36.250 0.000   8.614 0.659
172.291667 173.291667   20.290 0.000   6.145 0.659
175.291667 176.291667   28.595 0.000   7.440 0.000
178.291667 179.291667   29.217 0.000   7.786 0.000
181.291667 182.291667   22.749 0.000   5.378 0.000
184.291667 185.291667   46.198 0.000  18.755 0.000
187.291667 188.291667   25.308 0.000   7.970 0.000
190.291667 191.291667   15.679 0.000   5.422 0.659
193.291667 194.291667   28.319 0.000   6.426 0.659
196.291667 197.291667   17.012 0.000   7.956 0.659
199.291667 200.291667   14.618 0.000   9.698 0.659
202.291667 203.291667   27.663 0.000   7.345 0.659
205.291667 206.291667   97.432 0.000  18.735 0.659
208.291667 209.291667   21.875 0.000   9.059 0.659
211.291667 212.291667   35.053 0.000   8.088 0.659
214.291667 215.291667   11.842 0.000   4.461 0.659
217.291667 218.291667   22.128 0.000   6.440 0.659
220.291667 221.291667   21.684 0.000   5.113 0.659
223.291667 224.291667   17.971 0.000   6.082 0.659
226.291667 227.291667   17.695 0.000   5.394 0.659
229.291667 230.291667   15.989 0.000   4.132 0.659
232.291667 233.291667   13.222 0.000   3.595 0.659
235.291667 236.291667   13.886 0.000   4.063 0.659
238.291667 239.291667   14.598 0.000   4.763 0.659
241.291667 242.291667   20.420 0.000   6.276 0.659
244.291667 245.291667   22.763 0.000   5.801 0.659
247.291667 248.291667 9999.999 0.456   6.982 0.659
250.291667 251.291667 9999.999 0.456   2.725 0.659
253.291667 254.291667   21.786 0.000   7.325 0.659
256.291667 257.291667   10.041 0.000   2.752 0.659
259.291667 260.291667    6.917 0.000   2.623 0.659
262.291667 263.291667   20.728 0.000   6.102 0.659
265.291667 266.291667   19.888 0.000   5.922 0.659
268.291667 269.291667   27.578 0.000   6.263 0.659
271.291667 272.291667   22.208 0.000   6.585 0.659
274.291667 275.291667   19.812 0.000   5.520 0.659
277.291667 278.291667   21.292 0.000   6.997 0.659
280.291667 281.291667 9999.999 0.456   3.925 0.659
283.291667 284.291667   21.704 0.000   9.386 0.659
286.291667 287.291667 9999.999 0.456   5.789 0.659
289.291667 290.291667   32.596 0.000   9.562 0.000
292.291667 293.291667   13.029 0.000   4.397 0.659
295.291667 296.291667   20.568 0.000   7.356 0.659
298.291667 299.291667   19.494 0.000   8.082 0.659
301.291667 302.291667   27.018 0.000   7.896 0.659
304.291667 305.291667   27.492 0.000   7.078 0.659
307.291667 308.291667   14.554 0.000   3.286 0.659
310.291667 311.291667   34.630 0.000   9.141 0.659
313.291667 314.291667   28.857 0.000   7.622 0.000
316.291667 317.291667   27.884 0.000   6.713 0.659
319.291667 320.291667   20.114 0.000   3.097 0.659
322.291667 323.291667   34.873 0.000  10.669 0.000
325.291667 326.291667   44.797 0.000  18.275 0.000
328.291667 329.291667   26.672 0.000   8.392 0.659
331.291667 332.291667   43.448 0.000  19.597 0.000
334.291667 335.291667   50.813 0.000  17.171 0.659
337.291667 338.291667   16.123 0.000   8.326 0.659
340.291667 341.291667   29.307 0.000  18.639 0.659
343.291667 344.291667   26.421 0.000  11.089 0.659
346.291667 347.291667    7.244 0.000   3.960 0.659
349.291667 350.291667   28.029 0.000  16.075 0.000
352.291667 353.291667   23.115 0.000  13.784 0.000
355.291667 356.291667   36.274 0.000  23.043 0.000
358.291667 359.291667 9999.999 0.999 999.999 0.999
361.291667 362.291667 9999.999 0.999 999.999 0.999
364.291667 365.291667   14.571 0.000   7.843 0.000
