scripts/IMPROVE-2019_partial/data/US0052R.20020102060000.20191216000000.filterpack..pm25.52w.1w.US03L_filterpack_US0052.US03L_IMPROVE_Davis.lev2.nas
64 1001
MISSING INFORMATION
US03L, IMPROVE, , , , , , , 
MISSING INFORMATION
IMPROVE sel_HTAP
1 1
2002 01 01 2019 12 16
3.00
days from file reference point
25
1 1 1 1 1 1 1 1 1 1 1 1 1 1 1 1 1 1 1 1 1 1 1 1 1
999.99 99999.99 9.999 99.99 9.999 9.999 9.999999 9.99 9.999999 99.999 9.999 99.999 9.999 99.999 9.999 999.999 9.999 999.999 9.999 999.999 9.999 9.999 9.999 99.999 9.999
end_time of measurement, days from the file reference point
iron, ng/m3, Revision date=20181210133000
numflag iron, no unit, Revision date=20181210133000
lead, ng/m3, Revision date=20181210133000
numflag lead, no unit, Revision date=20181210133000
magnesium, ug/m3, Revision date=20181210133000
numflag magnesium, no unit, Revision date=20181210133000
nickel, ng/m3, Revision date=20181210133000
numflag nickel, no unit, Revision date=20181210133000
nitrate, ug N/m3, Revision date=20181210133000
numflag nitrate, no unit, Revision date=20181210133000
organic_carbon, ug C/m3, Revision date=20181210133000
numflag organic_carbon, no unit, Revision date=20181210133000
organic_mass, ug/m3, Revision date=20181210133000
numflag organic_mass, no unit, Revision date=20181210133000
pm10_mass, ug/m3, Version=2, Version description=Data extracted from http://views.cira.colostate.edu/fed/DataWizard 2019-12-16, Sample duration=1d, Orig. time res.=3d, Matrix=pm10, Blank correction=Blank corrected, Volume std. temperature=ambient, Volume std. pressure=ambient
numflag pm10_mass, no unit, Version=2, Version description=Data extracted from http://views.cira.colostate.edu/fed/DataWizard 2019-12-16, Sample duration=1d, Orig. time res.=3d, Matrix=pm10, Blank correction=Blank corrected, Volume std. temperature=ambient, Volume std. pressure=ambient
pm10_pm25_mass, ug/m3, Revision date=20181210133000, Matrix=pm10_pm25
numflag pm10_pm25_mass, no unit, Revision date=20181210133000, Matrix=pm10_pm25
pm25_mass, ug/m3, Version=2, Version description=Data extracted from http://views.cira.colostate.edu/fed/DataWizard 2019-12-16, Sample duration=1d, Orig. time res.=3d, Blank correction=Blank corrected, Volume std. temperature=ambient, Volume std. pressure=ambient
numflag pm25_mass, no unit, Version=2, Version description=Data extracted from http://views.cira.colostate.edu/fed/DataWizard 2019-12-16, Sample duration=1d, Orig. time res.=3d, Blank correction=Blank corrected, Volume std. temperature=ambient, Volume std. pressure=ambient
potassium, ug/m3, Revision date=20181210133000
numflag potassium, no unit, Revision date=20181210133000
sulphate_total, ug S/m3, Revision date=20181210133000
numflag sulphate_total, no unit, Revision date=20181210133000
0
25
Data definition:              EBAS_1.1
Set type code:                TU
Timezone:                     UTC
File name:                    US0052R.20020102060000.20191216000000.filterpack..pm25.52w.1w.US03L_filterpack_US0052.US03L_IMPROVE_Davis.lev2.nas
File creation:                20191218115834
Startdate:                    20020102060000
Revision date:                20191216000000
Statistics:                   arithmetic mean
Data level:                   2
Period code:                  52w
Resolution code:              1w
Station code:                 US0052R
Platform code:                US0052S
Station name:                 Hercules-Glades
Station latitude:             36.6138
Station longitude:            -92.9221
Station altitude:             404.0 m
Regime:                       IMG
Component:                    
Matrix:                       pm25
Laboratory code:              US03L
Instrument type:              filterpack
Instrument name:              filterpack_US0052
Method ref:                   US03L_IMPROVE_Davis
starttime endtime Fe flag_Fe Pb flag_Pb Mg++ flag_Mg++ Ni flag_Ni NO3- flag_NO3- OC flag_OC OM flag_OM PM10 flag_PM10 PM10-PM2.5 flag_PM10-PM2.5 PM2.5 flag_PM2.5 K+ flag_K+ SO4-- flag_SO4--
  1.25   2.25    24.16 0.000  3.13 0.000 9.999 0.259000 9.99 0.259000  1.003 0.000  1.949 0.000  2.728 0.000  18.939 0.000   7.618 0.000  11.321 0.000 0.059 0.000  0.440 0.000
  4.25   5.25    19.16 0.000  2.42 0.000 0.052 0.000000 9.99 0.259000  1.221 0.000  5.144 0.000  7.202 0.000  21.332 0.000   3.782 0.000  17.550 0.000 0.084 0.000  0.596 0.000
  7.25   8.25    11.02 0.000  1.27 0.000 9.999 0.259000 9.99 0.259000  0.496 0.000  1.401 0.000  1.961 0.000   8.281 0.000   2.968 0.000   5.313 0.000 0.040 0.000  0.311 0.000
 10.25  11.25    13.09 0.559  1.33 0.559 9.999 0.559259 9.99 0.559259  0.654 0.559  1.226 0.000  1.717 0.000   9.053 0.000   4.194 0.000   4.858 0.559 0.030 0.559  0.215 0.559
 13.25  14.25    12.40 0.559  0.85 0.559 9.999 0.559259 9.99 0.559259  0.117 0.559  0.690 0.000  0.966 0.000   9.797 0.000   7.036 0.000   2.761 0.559 0.020 0.559  0.252 0.559
 16.25  17.25    13.10 0.000  1.28 0.000 9.999 0.259000 9.99 0.259000  0.677 0.000  1.375 0.000  1.925 0.000  12.808 0.000   4.106 0.000   8.702 0.000 0.031 0.000  0.656 0.000
 19.25  20.25     5.41 0.000  1.95 0.000 9.999 0.259000 9.99 0.259000  0.639 0.000  1.728 0.000  2.420 0.000  11.352 0.000   1.223 0.000  10.130 0.000 0.043 0.000  0.923 0.000
 22.25  23.25    29.00 0.559  1.70 0.559 9.999 0.559259 0.37 0.559000  0.382 0.000  1.375 0.000  1.926 0.000  12.738 0.000   3.136 0.000   9.602 0.559 0.065 0.559  1.306 0.000
 25.25  26.25    14.80 0.559  1.45 0.559 9.999 0.559259 0.13 0.559000  0.253 0.000  1.055 0.000  1.477 0.000   6.779 0.000   3.194 0.000   3.585 0.559 0.033 0.559  0.217 0.000
 28.25  29.25    18.16 0.559  1.83 0.559 9.999 0.559259 0.31 0.559000  0.410 0.000  2.101 0.000  2.941 0.000  16.526 0.000   3.441 0.000  13.086 0.559 0.064 0.559  1.869 0.000
 31.25  32.25     9.76 0.559  2.26 0.559 9.999 0.559259 9.99 0.559259  0.378 0.000  0.633 0.000  0.886 0.000   5.780 0.000   1.056 0.000   4.724 0.559 0.020 0.559  0.511 0.000
 34.25  35.25     7.40 0.559  1.86 0.559 9.999 0.559259 9.99 0.559259  0.625 0.000  0.941 0.000  1.318 0.000   7.859 0.000   1.758 0.000   6.101 0.559 0.027 0.559  0.383 0.000
 37.25  38.25    14.04 0.000  1.66 0.000 9.999 0.259000 9.99 0.259000 99.999 0.999  1.571 0.000  2.199 0.000  10.995 0.000   1.870 0.000   9.125 0.000 0.036 0.000 99.999 0.999
 40.25  41.25    11.00 0.559  1.52 0.559 9.999 0.559259 9.99 0.559259  0.453 0.000  0.732 0.000  1.025 0.000   8.358 0.000   1.753 0.000   6.606 0.559 0.022 0.559  0.828 0.000
 43.25  44.25     9.48 0.559  0.58 0.559 9.999 0.559259 9.99 0.559259  0.195 0.000  0.499 0.000  0.698 0.000   5.250 0.000   2.717 0.000   2.533 0.559 0.016 0.559  0.249 0.000
 46.25  47.25    20.32 0.559  1.49 0.559 9.999 0.559259 9.99 0.559259  0.243 0.000  1.624 0.000  2.273 0.000  10.995 0.000   6.129 0.000   4.867 0.559 0.058 0.559  0.210 0.000
 49.25  50.25    22.85 0.000  1.61 0.000 9.999 0.259000 9.99 0.259000  0.123 0.559  2.053 0.000  2.874 0.000  10.443 0.000   2.816 0.000   7.627 0.000 0.077 0.000  0.630 0.559
 52.25  53.25     8.76 0.000  1.48 0.000 9.999 0.259000 9.99 0.259000  0.478 0.000  1.219 0.000  1.707 0.000   9.980 0.000   1.543 0.000   8.437 0.000 0.026 0.000  1.047 0.000
 55.25  56.25    24.30 0.559  1.62 0.559 9.999 0.559259 9.99 0.559259  0.969 0.000  1.485 0.000  2.079 0.000  19.586 0.000   7.555 0.000  12.031 0.559 0.041 0.559  1.079 0.000
 58.25  59.25    29.35 0.000  1.41 0.000 9.999 0.259000 9.99 0.259000  0.457 0.000  1.762 0.000  2.466 0.000  16.010 0.000   9.327 0.000   6.683 0.000 0.054 0.000  0.338 0.000
 61.25  62.25    23.49 0.559  1.94 0.559 9.999 0.559259 0.32 0.559000  0.442 0.000  0.545 0.000  0.762 0.000   9.891 0.000   3.914 0.000   5.977 0.559 0.027 0.559  0.430 0.000
 64.25  65.25    34.71 0.559  1.71 0.559 9.999 0.559259 0.43 0.559000  0.155 0.000  2.482 0.000  3.475 0.000  14.793 0.000   4.991 0.000   9.802 0.559 0.079 0.559  0.986 0.000
 67.25  68.25    14.55 0.559  1.06 0.559 9.999 0.559259 9.99 0.559259  0.173 0.000  0.497 0.000  0.696 0.000   5.994 0.000   2.564 0.000   3.430 0.559 0.020 0.559  0.410 0.000
 70.25  71.25    13.98 0.559  1.16 0.559 9.999 0.559259 0.19 0.559000  0.234 0.000  1.130 0.000  1.582 0.000   7.564 0.000   2.901 0.000   4.663 0.559 0.034 0.559  0.468 0.000
 73.25  74.25    19.26 0.000  1.66 0.000 9.999 0.259000 0.22 0.000000  0.722 0.559  1.135 0.000  1.589 0.000  15.584 0.000   6.544 0.000   9.039 0.000 0.034 0.000  0.956 0.559
 76.25  77.25    20.97 0.559  3.81 0.559 9.999 0.559259 9.99 0.559259  0.229 0.000  1.887 0.000  2.642 0.000  13.273 0.000   3.975 0.000   9.297 0.559 0.050 0.559  1.201 0.000
 79.25  80.25    20.09 0.000  2.11 0.000 9.999 0.259000 0.26 0.000000  0.620 0.000  0.987 0.000  1.382 0.000  13.806 0.000   4.192 0.000   9.613 0.000 0.033 0.000  1.118 0.000
 82.25  83.25    23.13 0.559  3.02 0.559 9.999 0.559259 0.47 0.559000  0.205 0.000  3.428 0.000  4.799 0.000  16.906 0.000   2.960 0.000  13.946 0.559 0.069 0.559  1.518 0.000
 85.25  86.25    26.25 0.000  3.67 0.000 9.999 0.259000 0.22 0.000000  0.576 0.000  1.167 0.000  1.633 0.000  10.866 0.000   2.142 0.000   8.724 0.000 0.046 0.000  1.291 0.000
 88.25  89.25    32.58 0.559  1.67 0.559 9.999 0.559259 9.99 0.559259  0.148 0.000  1.109 0.000  1.553 0.000   7.680 0.000   2.776 0.000   4.904 0.559 0.036 0.559  0.463 0.000
 91.25  92.25    28.00 0.559  1.78 0.559 9.999 0.559259 0.25 0.559000  0.419 0.000  1.191 0.000  1.667 0.000  12.152 0.000   5.064 0.000   7.088 0.559 0.035 0.559  0.783 0.000
 94.25  95.25    37.23 0.000  3.04 0.000 9.999 0.259000 0.22 0.000000  0.520 0.559  1.902 0.000  2.663 0.000  15.727 0.000   6.975 0.000   8.752 0.000 0.052 0.000  0.761 0.559
 97.25  98.25    18.02 0.559  1.24 0.559 9.999 0.559259 0.19 0.559000  0.150 0.000  1.380 0.000  1.932 0.000   7.960 0.000   1.213 0.000   6.747 0.559 0.037 0.559  0.745 0.000
100.25 101.25    55.76 0.559  2.15 0.559 9.999 0.559259 0.30 0.559000  0.054 0.000  1.124 0.000  1.574 0.000  12.467 0.000   5.153 0.000   7.314 0.559 0.046 0.559  0.873 0.000
103.25 104.25    30.66 0.559  1.24 0.559 9.999 0.559259 0.27 0.559000  0.090 0.000  1.054 0.000  1.475 0.000   9.584 0.000   2.584 0.000   7.000 0.559 0.045 0.559  0.917 0.000
106.25 107.25    20.63 0.559  0.69 0.559 9.999 0.559259 0.41 0.559000  0.076 0.000  1.309 0.000  1.832 0.000  11.290 0.000   4.686 0.000   6.604 0.559 0.079 0.559  0.835 0.000
109.25 110.25    20.42 0.559  0.62 0.559 9.999 0.559259 0.54 0.559000  0.126 0.000  2.143 0.000  3.000 0.000  15.890 0.000   5.688 0.000  10.202 0.559 0.070 0.559  1.376 0.000
112.25 113.25    27.99 0.559  1.26 0.559 9.999 0.559259 0.20 0.559000  0.058 0.000  1.566 0.000  2.193 0.000  12.425 0.000   6.782 0.000   5.643 0.559 0.036 0.559  0.512 0.000
115.25 116.25    40.80 0.559  1.92 0.559 9.999 0.559259 9.99 0.559259  0.120 0.559  0.957 0.000  1.340 0.000   9.081 0.000   4.595 0.000   4.487 0.559 0.038 0.559  0.511 0.559
118.25 119.25    19.62 0.559  1.95 0.559 9.999 0.559259 0.10 0.559000  0.075 0.000  1.281 0.000  1.794 0.000   7.516 0.000   3.321 0.000   4.195 0.559 0.024 0.559  0.495 0.000
121.25 122.25    13.50 0.000  1.34 0.000 9.999 0.259000 9.99 0.259000  0.174 0.000  0.812 0.000  1.137 0.000   9.944 0.000   4.556 0.000   5.388 0.000 0.024 0.000  0.757 0.000
124.25 125.25    39.45 0.559  2.07 0.559 9.999 0.559259 0.22 0.559000  0.092 0.000  1.560 0.000  2.184 0.000  14.583 0.000   5.931 0.000   8.652 0.559 0.053 0.559  1.137 0.000
127.25 128.25    37.09 0.559  0.44 0.559 9.999 0.559259 0.43 0.559000  0.095 0.000  1.715 0.000  2.401 0.000  14.134 0.000   5.761 0.000   8.373 0.559 0.112 0.559  0.970 0.000
130.25 131.25    40.70 0.559  1.32 0.559 9.999 0.559259 0.40 0.559000  0.118 0.000  1.646 0.000  2.304 0.000  13.480 0.000   4.936 0.000   8.545 0.559 0.073 0.559  1.126 0.000
133.25 134.25    27.80 0.000  0.96 0.000 9.999 0.259000 0.12 0.000000  0.061 0.000  0.933 0.000  1.306 0.000  12.714 0.000   8.567 0.000   4.147 0.000 0.030 0.000  0.447 0.000
136.25 137.25    11.51 0.000  0.65 0.000 9.999 0.259000 0.17 0.000000  0.034 0.000  0.685 0.000  0.959 0.000   5.596 0.000   2.095 0.000   3.501 0.000 0.023 0.000  0.407 0.000
139.25 140.25    39.61 0.000  2.13 0.000 9.999 0.259000 0.20 0.000000  0.071 0.000  1.186 0.000  1.661 0.000  12.173 0.000   7.015 0.000   5.158 0.000 0.041 0.000  0.456 0.000
142.25 143.25    50.87 0.000  1.94 0.000 9.999 0.259000 0.30 0.000000  0.083 0.000  2.360 0.000  3.304 0.000  23.920 0.000  10.060 0.000  13.860 0.000 0.063 0.000  1.835 0.000
145.25 146.25    13.54 0.559  2.01 0.559 9.999 0.559259 9.99 0.559259  0.051 0.000  1.277 0.000  1.788 0.000  11.858 0.000   5.341 0.000   6.518 0.559 0.028 0.559  0.814 0.000
148.25 149.25    38.37 0.000  1.49 0.000 9.999 0.259000 0.49 0.000000  0.104 0.000  2.128 0.000  2.979 0.000  15.513 0.000   3.019 0.000  12.494 0.000 0.104 0.000  1.598 0.000
151.25 152.25    47.12 0.000  1.39 0.000 9.999 0.259000 0.17 0.000000  0.067 0.000  2.606 0.000  3.649 0.000  15.342 0.000   3.391 0.000  11.952 0.000 0.099 0.000  1.278 0.000
154.25 155.25    55.00 0.000  1.16 0.000 9.999 0.259000 0.60 0.000000  0.064 0.000  2.088 0.000  2.924 0.000  16.872 0.000   4.909 0.000  11.963 0.000 0.104 0.000  1.540 0.000
157.25 158.25    29.26 0.000  3.26 0.000 9.999 0.259000 0.16 0.000000  0.064 0.000  2.005 0.000  2.807 0.000  14.050 0.000   3.099 0.000  10.951 0.000 0.075 0.000  1.358 0.000
160.25 161.25    16.51 0.000  0.49 0.000 9.999 0.259000 0.40 0.000000  0.064 0.000  1.283 0.000  1.796 0.000  10.820 0.000   2.724 0.000   8.097 0.000 0.142 0.000  1.152 0.000
163.25 164.25    15.17 0.000  0.72 0.000 9.999 0.259000 0.15 0.000000  0.038 0.559  1.064 0.000  1.490 0.000   8.398 0.000   3.399 0.000   4.999 0.000 0.043 0.000  0.526 0.559
166.25 167.25    23.78 0.000  1.99 0.000 9.999 0.259000 9.99 0.259000  0.038 0.559  1.478 0.000  2.069 0.000   8.934 0.000   3.167 0.000   5.767 0.000 0.033 0.000  0.496 0.559
169.25 170.25    29.87 0.000  1.58 0.000 9.999 0.259000 9.99 0.259000  0.049 0.000  3.576 0.000  5.007 0.000  21.605 0.000   3.910 0.000  17.695 0.000 0.108 0.000  2.074 0.000
172.25 173.25    37.12 0.000  1.57 0.000 9.999 0.259000 0.18 0.000000  0.032 0.000  3.281 0.000  4.594 0.000  30.336 0.000   3.235 0.000  27.101 0.000 0.078 0.000  4.102 0.000
175.25 176.25    24.40 0.000  0.74 0.000 9.999 0.259000 0.13 0.000000  0.048 0.000  1.423 0.000  1.993 0.000  11.638 0.000   4.870 0.000   6.769 0.000 0.068 0.000  0.785 0.000
178.25 179.25    36.18 0.000  1.38 0.000 9.999 0.259000 9.99 0.259000  0.053 0.000  2.079 0.000  2.910 0.000  17.544 0.000   2.838 0.000  14.706 0.000 0.103 0.000  2.122 0.000
181.25 182.25  1268.02 0.000  1.39 0.000 9.999 0.259000 0.62 0.000000  0.172 0.559  1.494 0.000  2.092 0.000  56.408 0.000  29.070 0.000  27.338 0.000 0.416 0.000  1.001 0.559
184.25 185.25   157.16 0.000  1.74 0.000 9.999 0.259000 0.18 0.000000  0.052 0.000  2.272 0.000  3.181 0.000  16.569 0.000   3.468 0.000  13.101 0.000 0.140 0.000  1.439 0.000
187.25 188.25    89.21 0.000  2.99 0.000 9.999 0.259000 9.99 0.259000  0.039 0.000  2.268 0.000  3.175 0.000  23.489 0.000   5.644 0.000  17.845 0.000 0.120 0.000  2.517 0.000
190.25 191.25    66.54 0.000  4.44 0.000 9.999 0.259000 9.99 0.259000  0.062 0.559  3.974 0.000  5.563 0.000  27.818 0.000   3.805 0.000  24.014 0.000 0.083 0.000  3.243 0.559
193.25 194.25    15.20 0.000  1.62 0.000 0.094 0.000000 9.99 0.259000  0.036 0.000  1.187 0.000  1.661 0.000  16.732 0.000   2.697 0.000  14.034 0.000 0.029 0.000  2.635 0.000
196.25 197.25    24.08 0.000  0.87 0.000 0.127 0.000000 9.99 0.259000  0.030 0.000  1.253 0.000  1.754 0.000  15.690 0.000   1.555 0.000  14.135 0.000 0.025 0.000  2.399 0.000
199.25 200.25    56.41 0.000  0.81 0.000 9.999 0.259000 0.23 0.000000  0.078 0.559  1.224 0.000  1.714 0.000  11.806 0.000   4.890 0.000   6.915 0.000 0.049 0.000  0.747 0.559
202.25 203.25    83.08 0.000  0.69 0.000 9.999 0.259000 0.25 0.000000  0.051 0.000  1.491 0.000  2.088 0.000  18.437 0.000   5.561 0.000  12.876 0.000 0.046 0.000  1.927 0.000
205.25 206.25    32.27 0.000  1.36 0.000 9.999 0.259000 9.99 0.259000  0.036 0.000  2.032 0.000  2.845 0.000  24.123 0.000   3.437 0.000  20.686 0.000 0.032 0.000  3.408 0.000
208.25 209.25    93.81 0.000  0.64 0.000 9.999 0.259000 0.38 0.000000  0.095 0.000  1.208 0.000  1.691 0.000  16.407 0.000   6.308 0.000  10.098 0.000 0.061 0.000  1.402 0.000
211.25 212.25   289.33 0.000  0.73 0.000 9.999 0.259000 0.31 0.000000  0.148 0.559  1.253 0.000  1.754 0.000  22.011 0.000  10.687 0.000  11.324 0.000 0.117 0.000  0.899 0.559
214.25 215.25   224.64 0.000  1.46 0.000 9.999 0.259000 9.99 0.259000  0.081 0.000  2.485 0.000  3.479 0.000  25.598 0.000   7.876 0.000  17.721 0.000 0.108 0.000  2.009 0.000
217.25 218.25    33.27 0.000  1.54 0.000 9.999 0.259000 9.99 0.259000  0.028 0.000  3.417 0.000  4.784 0.000  25.526 0.000   2.923 0.000  22.602 0.000 0.039 0.000  3.149 0.000
220.25 221.25    36.93 0.000  1.45 0.000 9.999 0.259000 9.99 0.259000  0.039 0.000  1.857 0.000  2.600 0.000  24.245 0.000   4.893 0.000  19.352 0.000 0.029 0.000  3.308 0.000
223.25 224.25    31.66 0.000  0.96 0.000 0.044 0.000000 0.23 0.000000  0.071 0.559  3.142 0.000  4.398 0.000  22.661 0.000   5.358 0.000  17.303 0.000 0.048 0.000  2.158 0.559
226.25 227.25    22.07 0.000  0.55 0.000 9.999 0.259000 9.99 0.259000  0.059 0.000  1.150 0.000  1.610 0.000   9.056 0.000   3.956 0.000   5.100 0.000 0.032 0.000  0.473 0.000
229.25 230.25    34.62 0.000  0.70 0.000 9.999 0.259000 0.32 0.000000  0.079 0.000  1.275 0.000  1.784 0.000  12.597 0.000   5.423 0.000   7.174 0.000 0.037 0.000  0.869 0.000
232.25 233.25    35.33 0.000  0.89 0.000 9.999 0.259000 0.39 0.000000  0.059 0.000  2.336 0.000  3.270 0.000  14.737 0.000   3.957 0.000  10.780 0.000 0.054 0.000  1.318 0.000
235.25 236.25    47.07 0.000  0.46 0.000 0.025 0.000000 9.99 0.259000  0.041 0.000  1.422 0.000  1.991 0.000   9.892 0.000   4.076 0.000   5.816 0.000 0.062 0.000  0.560 0.000
238.25 239.25    26.84 0.000  2.58 0.000 9.999 0.259000 9.99 0.259000  0.024 0.000  2.325 0.000  3.255 0.000  19.135 0.000   4.951 0.000  14.184 0.000 0.047 0.000  2.188 0.000
241.25 242.25    55.18 0.000  5.79 0.000 9.999 0.259000 0.40 0.000000  0.033 0.000  2.399 0.000  3.359 0.000  36.875 0.000   2.829 0.000  34.045 0.000 0.051 0.000  6.224 0.000
244.25 245.25    36.18 0.000  1.52 0.000 0.031 0.000000 9.99 0.259000  0.023 0.000  2.248 0.000  3.147 0.000  18.007 0.000   4.795 0.000  13.212 0.000 0.049 0.000  1.887 0.000
247.25 248.25    58.90 0.000  2.31 0.000 9.999 0.259000 9.99 0.259000  0.046 0.000  2.981 0.000  4.174 0.000  26.647 0.000   9.553 0.000  17.094 0.000 0.108 0.000  2.119 0.000
250.25 251.25    41.70 0.000  1.61 0.000 9.999 0.259000 0.33 0.000000  0.053 0.000  3.181 0.000  4.454 0.000  23.417 0.000   6.071 0.000  17.346 0.000 0.077 0.000  2.405 0.000
253.25 254.25    28.16 0.000  1.69 0.000 9.999 0.259000 9.99 0.259000  0.053 0.000  1.314 0.000  1.840 0.000  18.925 0.000   9.479 0.000   9.446 0.000 0.032 0.000  1.235 0.000
256.25 257.25    55.60 0.000  2.06 0.000 9.999 0.259000 9.99 0.259000  0.081 0.000  5.364 0.000  7.510 0.000  29.289 0.000   8.307 0.000  20.982 0.000 0.273 0.000  2.133 0.000
259.25 260.25    19.41 0.000  2.03 0.000 9.999 0.259000 9.99 0.259000  0.046 0.000  2.028 0.000  2.839 0.000  17.063 0.000   2.986 0.000  14.077 0.000 0.054 0.000  2.144 0.000
262.25 263.25    11.65 0.000  0.78 0.000 9.999 0.259000 9.99 0.259000  0.103 0.000  0.983 0.000  1.376 0.000   8.569 0.000   3.684 0.000   4.885 0.000 0.022 0.000  0.655 0.000
265.25 266.25    16.15 0.000  2.63 0.000 9.999 0.259000 9.99 0.259000  0.017 0.000  0.601 0.000  0.842 0.000   7.761 0.000   4.972 0.000   2.789 0.000 0.016 0.000  0.291 0.000
268.25 269.25    32.20 0.000  2.87 0.000 9.999 0.259000 0.20 0.000000  0.043 0.000  1.474 0.000  2.063 0.000  17.747 0.000   4.303 0.000  13.444 0.000 0.047 0.000  2.296 0.000
