scripts/IMPROVE-2019_partial/data/US0013R.19980103070000.20191216000000.filterpack...1y.3d.US03L_filterpack_US0013.US03L_IMPROVE_Davis.lev2.nas
51 1001
MISSING INFORMATION
US03L, IMPROVE, , , , , , , 
MISSING INFORMATION
IMPROVE sel_HTAP
1 1
1998 01 01 2019 12 16
0
days from file reference point
4
1 1 1 1
999.999999 999.999 999.999 9.999
end_time of measurement, days from the file reference point
pm10_mass, ug/m3, Matrix=pm10
pm25_mass, ug/m3, Matrix=pm25
numflag, no unit
0
33
Data definition:              EBAS_1.1
Set type code:                TI
Timezone:                     UTC
File name:                    US0013R.19980103070000.20191216000000.filterpack...1y.3d.US03L_filterpack_US0013.US03L_IMPROVE_Davis.lev2.nas
File creation:                20191218115613
Startdate:                    19980103070000
Revision date:                20191216000000
Version:                      2
Version description:          "Data extracted from http://views.cira.colostate.edu/fed/DataWizard 2019-12-16"
Statistics:                   arithmetic mean
Data level:                   2
Period code:                  1y
Resolution code:              3d
Sample duration:              1d
Orig. time res.:              3d
Station code:                 US0013R
Platform code:                US0013S
Station name:                 Hance Camp at Grand Canyon NP
Station latitude:             35.9731
Station longitude:            -111.9841
Station altitude:             2267.0 m
Regime:                       IMG
Component:                    
Unit:                         ug/m3
Matrix:                       
Laboratory code:              US03L
Instrument type:              filterpack
Instrument name:              filterpack_US0013
Method ref:                   US03L_IMPROVE_Davis
Blank correction:             Blank corrected
Volume std. temperature:      ambient
Volume std. pressure:         ambient
starttime endtime PM10 PM2.5 flag
  2.291667   3.291667   3.906   2.817 0.000
  6.291667   7.291667   3.165   1.434 0.000
  9.291667  10.291667   3.226   1.011 0.000
 13.291667  14.291667   3.457   2.021 0.000
 16.291667  17.291667   7.315   1.956 0.000
 20.291667  21.291667   4.306   0.512 0.000
 23.291667  24.291667   3.849   2.240 0.000
 27.291667  28.291667   1.327   0.909 0.000
 30.291667  31.291667 999.999   3.293 0.000
 34.291667  35.291667   1.724   0.584 0.000
 37.291667  38.291667   3.894   1.024 0.000
 41.291667  42.291667   5.034   0.559 0.000
 44.291667  45.291667   4.419   0.935 0.000
 48.291667  49.291667   9.190   1.970 0.000
 51.291667  52.291667   9.670   3.068 0.000
 55.291667  56.291667   5.994   1.500 0.000
 58.291667  59.291667   5.482   2.424 0.000
 62.291667  63.291667   7.114   3.406 0.000
 65.291667  66.291667  12.732   2.413 0.000
 69.291667  70.291667   1.457 999.999 0.000
 72.291667  73.291667   3.592   0.876 0.000
 76.291667  77.291667   2.890   0.974 0.000
 79.291667  80.291667  10.559   1.817 0.000
 83.291667  84.291667  30.308   2.804 0.000
 86.291667  87.291667  19.891   1.002 0.000
 90.291667  91.291667   4.186   1.025 0.000
 93.291667  94.291667   7.535   2.103 0.000
 97.291667  98.291667   5.959   1.455 0.000
100.291667 101.291667  11.140   4.353 0.000
104.291667 105.291667   4.082   2.217 0.000
107.291667 108.291667   3.011   2.967 0.000
111.291667 112.291667  18.550   7.401 0.000
114.291667 115.291667  17.314   3.764 0.000
118.291667 119.291667   5.803   3.586 0.000
121.291667 122.291667  24.053  10.187 0.000
125.291667 126.291667  13.223   1.190 0.000
128.291667 129.291667  19.739   3.210 0.000
132.291667 133.291667   5.131   3.030 0.000
135.291667 136.291667   9.068   1.656 0.000
139.291667 140.291667  15.997   9.729 0.000
142.291667 143.291667  17.713   4.726 0.000
146.291667 147.291667   8.072   3.647 0.000
149.291667 150.291667   5.416   5.161 0.000
153.291667 154.291667 999.999 999.999 0.999
156.291667 157.291667 999.999 999.999 0.999
160.291667 161.291667 999.999 999.999 0.999
163.291667 164.291667 999.999 999.999 0.999
167.291667 168.291667 999.999 999.999 0.999
170.291667 171.291667 999.999 999.999 0.999
174.291667 175.291667 999.999 999.999 0.999
177.291667 178.291667 999.999 999.999 0.999
181.291667 182.291667 999.999 999.999 0.999
184.291667 185.291667 999.999 999.999 0.999
188.291667 189.291667 999.999 999.999 0.999
191.291667 192.291667 999.999 999.999 0.999
195.291667 196.291667 999.999 999.999 0.999
198.291667 199.291667 999.999 999.999 0.999
202.291667 203.291667 999.999 999.999 0.999
205.291667 206.291667 999.999 999.999 0.999
209.291667 210.291667 999.999 999.999 0.999
212.291667 213.291667 999.999 999.999 0.999
216.291667 217.291667 999.999 999.999 0.999
219.291667 220.291667 999.999 999.999 0.999
223.291667 224.291667 999.999 999.999 0.999
226.291667 227.291667 999.999 999.999 0.999
230.291667 231.291667 999.999 999.999 0.999
233.291667 234.291667 999.999 999.999 0.999
237.291667 238.291667 999.999 999.999 0.999
240.291667 241.291667 999.999 999.999 0.999
244.291667 245.291667  13.931   4.630 0.000
247.291667 248.291667   8.308   3.308 0.000
251.291667 252.291667   9.756   8.285 0.000
254.291667 255.291667  11.770   4.412 0.000
258.291667 259.291667  11.323   3.675 0.000
261.291667 262.291667  10.691   3.086 0.000
265.291667 266.291667  16.262   3.816 0.000
268.291667 269.291667  15.251   3.284 0.000
272.291667 273.291667   8.605   3.676 0.000
275.291667 276.291667  25.823   6.786 0.000
279.291667 280.291667  13.163   4.765 0.000
282.291667 283.291667  15.625   6.065 0.000
286.291667 287.291667  16.834   4.992 0.000
289.291667 290.291667 999.999   2.273 0.000
293.291667 294.291667   7.694   2.939 0.000
296.291667 297.291667  11.446   4.199 0.000
300.291667 301.291667   8.632   2.848 0.000
303.291667 304.291667   9.941   2.880 0.000
307.291667 308.291667  16.986   1.547 0.000
310.291667 311.291667  10.229   4.609 0.000
314.291667 315.291667   8.140   1.314 0.000
317.291667 318.291667  11.175   2.377 0.000
321.291667 322.291667   9.482   3.848 0.000
324.291667 325.291667  16.279   2.772 0.000
328.291667 329.291667   9.244   1.869 0.000
331.291667 332.291667  13.979   3.079 0.000
335.291667 336.291667   9.531   2.784 0.000
338.291667 339.291667   8.278   1.900 0.000
342.291667 343.291667   8.324   1.933 0.000
345.291667 346.291667  17.338   1.879 0.000
349.291667 350.291667   9.009   1.310 0.000
352.291667 353.291667  14.123   4.167 0.000
356.291667 357.291667  12.094   1.984 0.000
359.291667 360.291667   4.913   1.568 0.000
363.291667 364.291667  24.991   2.540 0.000
