scripts/IMPROVE-2019_partial/data/US0020R.20060102080000.20191216000000.filterpack..pm25.52w.1w.US03L_filterpack_US0020.US03L_IMPROVE_Davis.lev2.nas
66 1001
MISSING INFORMATION
US03L, IMPROVE, , , , , , , 
MISSING INFORMATION
IMPROVE sel_HTAP
1 1
2006 01 01 2019 12 16
3.000000
days from file reference point
27
1 1 1 1 1 1 1 1 1 1 1 1 1 1 1 1 1 1 1 1 1 1 1 1 1 1 1
999.999999 9999.99 9.999 99.99 9.999 9.999 9.999999 9.99 9.999 9.999 9.999 99.999 9.999 99.999 9.999 99.99 9.999999 999.999 9.999 999.999 9.999 999.999 9.999 9.999 9.999 9.999 9.999
end_time of measurement, days from the file reference point
iron, ng/m3, Revision date=20181210133000
numflag iron, no unit, Revision date=20181210133000
lead, ng/m3, Revision date=20181210133000
numflag lead, no unit, Revision date=20181210133000
magnesium, ug/m3, Revision date=20181210133000
numflag magnesium, no unit, Revision date=20181210133000
nickel, ng/m3, Revision date=20181210133000
numflag nickel, no unit, Revision date=20181210133000
nitrate, ug N/m3, Revision date=20181210133000
numflag nitrate, no unit, Revision date=20181210133000
organic_carbon, ug C/m3, Revision date=20181210133000
numflag organic_carbon, no unit, Revision date=20181210133000
organic_mass, ug/m3, Revision date=20181210133000
numflag organic_mass, no unit, Revision date=20181210133000
phosphorus, ng/m3, Revision date=20181210133000
numflag phosphorus, no unit, Revision date=20181210133000
pm10_mass, ug/m3, Version=2, Version description=Data extracted from http://views.cira.colostate.edu/fed/DataWizard 2019-12-16, Sample duration=1d, Orig. time res.=3d, Matrix=pm10, Blank correction=Blank corrected, Volume std. temperature=ambient, Volume std. pressure=ambient
numflag pm10_mass, no unit, Version=2, Version description=Data extracted from http://views.cira.colostate.edu/fed/DataWizard 2019-12-16, Sample duration=1d, Orig. time res.=3d, Matrix=pm10, Blank correction=Blank corrected, Volume std. temperature=ambient, Volume std. pressure=ambient
pm10_pm25_mass, ug/m3, Revision date=20181210133000, Matrix=pm10_pm25
numflag pm10_pm25_mass, no unit, Revision date=20181210133000, Matrix=pm10_pm25
pm25_mass, ug/m3, Version=2, Version description=Data extracted from http://views.cira.colostate.edu/fed/DataWizard 2019-12-16, Sample duration=1d, Orig. time res.=3d, Blank correction=Blank corrected, Volume std. temperature=ambient, Volume std. pressure=ambient
numflag pm25_mass, no unit, Version=2, Version description=Data extracted from http://views.cira.colostate.edu/fed/DataWizard 2019-12-16, Sample duration=1d, Orig. time res.=3d, Blank correction=Blank corrected, Volume std. temperature=ambient, Volume std. pressure=ambient
potassium, ug/m3, Revision date=20181210133000
numflag potassium, no unit, Revision date=20181210133000
sulphate_total, ug S/m3, Revision date=20181210133000
numflag sulphate_total, no unit, Revision date=20181210133000
0
25
Data definition:              EBAS_1.1
Set type code:                TU
Timezone:                     UTC
File name:                    US0020R.20060102080000.20191216000000.filterpack..pm25.52w.1w.US03L_filterpack_US0020.US03L_IMPROVE_Davis.lev2.nas
File creation:                20191218115646
Startdate:                    20060102080000
Revision date:                20191216000000
Statistics:                   arithmetic mean
Data level:                   2
Period code:                  52w
Resolution code:              1w
Station code:                 US0020R
Platform code:                US0020S
Station name:                 Death Valley NP
Station latitude:             36.5089
Station longitude:            -116.8478
Station altitude:             130.0 m
Regime:                       IMG
Component:                    
Matrix:                       pm25
Laboratory code:              US03L
Instrument type:              filterpack
Instrument name:              filterpack_US0020
Method ref:                   US03L_IMPROVE_Davis
starttime endtime Fe flag_Fe Pb flag_Pb Mg++ flag_Mg++ Ni flag_Ni NO3- flag_NO3- OC flag_OC OM flag_OM P flag_P PM10 flag_PM10 PM10-PM2.5 flag_PM10-PM2.5 PM2.5 flag_PM2.5 K+ flag_K+ SO4-- flag_SO4--
  1.333333   2.333333   16.97 0.000  0.37 0.000 0.012 0.000000 0.28 0.000 0.066 0.000  0.438 0.000  0.613 0.000 99.99 0.259000   5.949 0.000   4.307 0.000   1.642 0.000 0.020 0.000 0.052 0.000
  4.333333   5.333333   21.23 0.000  0.24 0.000 0.017 0.000000 0.37 0.000 0.016 0.000  0.444 0.000  0.621 0.000 99.99 0.259000   2.619 0.000   1.337 0.000   1.282 0.000 0.016 0.000 0.045 0.000
  7.333333   8.333333   38.62 0.000  0.68 0.000 9.999 0.259000 0.43 0.000 0.013 0.000  0.371 0.000  0.520 0.000 99.99 0.259000   3.449 0.000   1.337 0.000   2.111 0.000 0.027 0.000 0.086 0.000
 10.333333  11.333333   49.63 0.000  0.25 0.000 0.029 0.000000 0.52 0.000 0.007 0.000  0.147 0.000  0.206 0.000 99.99 0.259000   2.078 0.000 999.999 0.259   2.255 0.000 0.031 0.000 0.035 0.000
 13.333333  14.333333   60.05 0.000  0.52 0.000 0.031 0.000000 0.45 0.000 0.024 0.000  0.319 0.000  0.446 0.000 99.99 0.259000   6.731 0.000   3.947 0.000   2.784 0.000 0.038 0.000 0.086 0.000
 16.333333  17.333333   57.47 0.000  0.50 0.000 0.025 0.000000 0.61 0.000 0.005 0.000  0.077 0.000  0.109 0.000 99.99 0.259000   1.078 0.000 999.999 0.259   2.301 0.000 0.034 0.000 0.051 0.000
 19.333333  20.333333   43.67 0.000  0.13 0.000 9.999 0.259000 0.59 0.000 0.005 0.000  0.075 0.000  0.104 0.000 99.99 0.259000   1.331 0.000 999.999 0.259   1.469 0.000 0.026 0.000 0.027 0.000
 22.333333  23.333333   50.78 0.000  0.61 0.000 0.027 0.000000 0.55 0.000 0.008 0.000  0.134 0.000  0.187 0.000 99.99 0.259000   3.520 0.000   1.330 0.000   2.190 0.000 0.035 0.000 0.101 0.000
 25.333333  26.333333   90.62 0.000  1.45 0.000 0.036 0.000000 0.77 0.000 0.137 0.000  0.751 0.000  1.052 0.000 99.99 0.259000  14.439 0.000   8.622 0.000   5.817 0.000 0.064 0.000 0.421 0.000
 28.333333  29.333333   51.98 0.000  0.71 0.000 9.999 0.259000 0.45 0.000 0.039 0.000  0.507 0.000  0.710 0.000 99.99 0.259000   6.021 0.000   2.896 0.000   3.125 0.000 0.036 0.000 0.179 0.000
 31.333333  32.333333   70.56 0.000  0.20 0.000 0.033 0.000000 0.50 0.000 0.008 0.000  0.083 0.000  0.116 0.000 99.99 0.259000   3.587 0.000   1.513 0.000   2.074 0.000 0.044 0.000 0.028 0.000
 34.333333  35.333333   71.52 0.000  1.60 0.000 0.019 0.000000 0.38 0.000 0.012 0.000  0.388 0.000  0.543 0.000 99.99 0.259000   6.003 0.000   2.901 0.000   3.102 0.000 0.057 0.000 0.199 0.000
 37.333333  38.333333  104.05 0.000  0.64 0.000 0.048 0.000000 0.55 0.000 0.014 0.000  0.151 0.000  0.211 0.000 99.99 0.259000   6.346 0.000   3.177 0.000   3.169 0.000 0.069 0.000 0.066 0.000
 40.333333  41.333333   96.08 0.000  0.44 0.000 0.024 0.000000 0.49 0.000 0.013 0.000  0.335 0.000  0.470 0.000 99.99 0.259000   5.429 0.000   2.257 0.000   3.172 0.000 0.067 0.000 0.091 0.000
 43.333333  44.333333   72.65 0.000  0.59 0.000 9.999 0.259000 0.51 0.000 0.012 0.000  0.329 0.000  0.461 0.000 99.99 0.259000   3.381 0.000   0.544 0.000   2.836 0.000 0.051 0.000 0.089 0.000
 46.333333  47.333333  123.24 0.000  0.70 0.000 0.043 0.000000 0.67 0.000 0.024 0.000  0.127 0.000  0.178 0.000 99.99 0.259000  10.900 0.000   6.510 0.000   4.390 0.000 0.090 0.000 0.179 0.000
 49.333333  50.333333   24.44 0.000  0.31 0.000 9.999 0.259000 0.33 0.000 0.018 0.000  0.137 0.000  0.191 0.000 99.99 0.259000   1.762 0.000   0.485 0.000   1.277 0.000 0.017 0.000 0.076 0.000
 52.333333  53.333333   65.31 0.000  0.72 0.000 0.016 0.000000 0.48 0.000 0.019 0.000  0.176 0.000  0.247 0.000 99.99 0.259000   2.852 0.000   0.197 0.000   2.655 0.000 0.046 0.000 0.123 0.000
 55.333333  56.333333   87.92 0.000  1.26 0.000 9.999 0.259000 0.49 0.000 0.037 0.000  0.369 0.000  0.516 0.000 99.99 0.259000   4.884 0.000   1.251 0.000   3.633 0.000 0.062 0.000 0.162 0.000
 58.333333  59.333333   39.27 0.000  0.36 0.000 0.013 0.000000 0.27 0.000 0.022 0.000  0.231 0.000  0.324 0.000 99.99 0.259000   4.856 0.000   2.902 0.000   1.954 0.000 0.030 0.000 0.077 0.000
 61.333333  62.333333   22.93 0.000  0.33 0.000 0.028 0.000000 0.39 0.000 0.034 0.000  0.195 0.000  0.272 0.000 99.99 0.259000   3.517 0.000   2.134 0.000   1.384 0.000 0.014 0.000 0.068 0.000
 64.333333  65.333333   38.49 0.000  1.00 0.000 9.999 0.259000 0.27 0.000 0.055 0.000  0.192 0.000  0.269 0.000 99.99 0.259000   3.473 0.000   1.580 0.000   1.893 0.000 0.023 0.000 0.078 0.000
 67.333333  68.333333   86.03 0.000  1.17 0.000 0.034 0.000000 0.35 0.000 0.050 0.000  0.300 0.000  0.421 0.000 99.99 0.259000  11.035 0.000   6.939 0.000   4.096 0.000 0.063 0.000 0.277 0.000
 70.333333  71.333333   29.72 0.000  0.57 0.000 9.999 0.259000 0.38 0.000 0.012 0.000  0.022 0.000  0.031 0.000 99.99 0.259000   1.642 0.000   0.153 0.000   1.489 0.000 0.021 0.000 0.113 0.000
 73.333333  74.333333  161.06 0.000  1.12 0.000 0.065 0.000000 0.33 0.000 0.021 0.000  0.099 0.000  0.139 0.000 99.99 0.259000   8.598 0.000   4.071 0.000   4.528 0.000 0.103 0.000 0.182 0.000
 76.333333  77.333333   20.65 0.000 99.99 0.259 9.999 0.259000 9.99 0.259 0.010 0.000  0.163 0.000  0.228 0.000 99.99 0.259000   1.337 0.000   0.570 0.000   0.767 0.000 0.014 0.000 0.061 0.000
 79.333333  80.333333   27.90 0.000  0.33 0.000 9.999 0.259000 0.47 0.000 0.011 0.000  0.098 0.000  0.137 0.000 99.99 0.259000   1.506 0.000   0.414 0.000   1.093 0.000 0.019 0.000 0.053 0.000
 82.333333  83.333333  102.85 0.000  0.62 0.000 0.043 0.000000 0.28 0.000 0.026 0.000  0.416 0.000  0.582 0.000 99.99 0.259000   5.637 0.000   2.438 0.000   3.199 0.000 0.062 0.000 0.139 0.000
 85.333333  86.333333   74.35 0.000  0.68 0.000 0.035 0.000000 0.45 0.000 0.047 0.000  0.307 0.000  0.429 0.000 99.99 0.259000   5.735 0.000   3.117 0.000   2.618 0.000 0.047 0.000 0.092 0.000
 88.333333  89.333333   47.75 0.000  0.51 0.000 0.025 0.000000 0.34 0.000 0.033 0.000  0.209 0.000  0.292 0.000 99.99 0.259000   3.971 0.000   1.722 0.000   2.249 0.000 0.031 0.000 0.124 0.000
 91.333333  92.333333  101.36 0.000  2.19 0.000 0.050 0.000000 0.43 0.000 0.064 0.000  0.308 0.000  0.432 0.000 99.99 0.259000   6.864 0.000   1.821 0.000   5.044 0.000 0.072 0.000 0.465 0.000
 94.333333  95.333333   23.40 0.000  0.20 0.000 0.018 0.000000 0.28 0.000 0.010 0.000  0.073 0.000  0.103 0.000  5.39 0.000000   3.631 0.000   2.471 0.000   1.160 0.000 0.018 0.000 0.048 0.000
 97.333333  98.333333   66.60 0.000  0.91 0.000 0.033 0.000000 0.51 0.000 0.054 0.000  0.341 0.000  0.478 0.000 99.99 0.259000   6.033 0.000   2.576 0.000   3.457 0.000 0.041 0.000 0.242 0.000
100.333333 101.333333   63.73 0.000  0.63 0.000 0.035 0.000000 0.31 0.000 0.029 0.000  0.098 0.000  0.137 0.000 99.99 0.259000   3.882 0.000   1.352 0.000   2.530 0.000 0.041 0.000 0.165 0.000
103.333333 104.333333   72.13 0.000  0.92 0.000 0.031 0.000000 0.33 0.000 0.022 0.000  0.281 0.000  0.394 0.000 99.99 0.259000   7.420 0.000   3.930 0.000   3.490 0.000 0.049 0.000 0.223 0.000
106.333333 107.333333  145.97 0.000  0.87 0.000 0.087 0.000000 0.44 0.000 0.017 0.000  0.123 0.000  0.173 0.000 99.99 0.259000  10.247 0.000   5.792 0.000   4.455 0.000 0.101 0.000 0.134 0.000
109.333333 110.333333  163.53 0.000  0.90 0.000 0.104 0.000000 0.46 0.000 0.015 0.000  0.175 0.000  0.245 0.000 99.99 0.259000   8.000 0.000   3.312 0.000   4.688 0.000 0.097 0.000 0.116 0.000
112.333333 113.333333  140.04 0.000  1.36 0.000 0.073 0.000000 0.33 0.000 0.103 0.000  0.382 0.000  0.534 0.000 99.99 0.259000  10.855 0.000   5.083 0.000   5.772 0.000 0.085 0.000 0.387 0.000
115.333333 116.333333  181.05 0.000  2.16 0.000 0.088 0.000000 0.67 0.000 0.143 0.000  0.806 0.000  1.128 0.000 99.99 0.259000  15.005 0.000   5.519 0.000   9.486 0.000 0.175 0.000 0.700 0.000
118.333333 119.333333  137.85 0.000  1.36 0.000 0.055 0.000000 0.33 0.000 0.041 0.559  0.937 0.000  1.312 0.000 99.99 0.259000  10.024 0.000   4.071 0.000   5.953 0.000 0.084 0.000 0.259 0.559
121.333333 122.333333  217.55 0.000  1.86 0.000 0.055 0.000000 0.54 0.000 0.067 0.000  1.348 0.000  1.887 0.000 99.99 0.259000  14.690 0.000   4.764 0.000   9.926 0.000 0.129 0.000 0.535 0.000
124.333333 125.333333  182.43 0.000  1.13 0.000 0.047 0.000000 0.43 0.000 0.056 0.559  0.610 0.000  0.854 0.000 99.99 0.259000  11.310 0.000   4.010 0.000   7.300 0.000 0.114 0.000 0.397 0.559
127.333333 128.333333  212.62 0.000  1.91 0.000 0.037 0.000000 0.46 0.000 0.120 0.000  1.218 0.000  1.704 0.000 99.99 0.259000  19.615 0.000   9.013 0.000  10.601 0.000 0.133 0.000 0.642 0.000
130.333333 131.333333  220.62 0.000  1.45 0.000 0.073 0.000000 0.57 0.000 0.047 0.559  0.855 0.000  1.196 0.000 99.99 0.259000  12.765 0.000   4.377 0.000   8.387 0.000 0.134 0.000 0.362 0.559
133.333333 134.333333  225.48 0.000  2.09 0.000 0.040 0.000000 0.45 0.000 0.111 0.559 99.999 0.999 99.999 0.999 99.99 0.259000  19.657 0.000   9.509 0.000  10.148 0.000 0.132 0.000 0.616 0.559
136.333333 137.333333  154.17 0.394  0.40 0.394 9.999 0.394259 0.33 0.394 0.030 0.394 99.999 0.999 99.999 0.999 99.99 0.394259  10.515 0.000   4.814 0.394   5.701 0.000 0.091 0.394 0.270 0.394
139.333333 140.333333 9999.99 0.999 99.99 0.999 9.999 0.999000 9.99 0.999 9.999 0.999 99.999 0.999 99.999 0.999 99.99 0.999000 999.999 0.999 999.999 0.999 999.999 0.999 9.999 0.999 9.999 0.999
142.333333 143.333333 9999.99 0.999 99.99 0.999 9.999 0.999000 9.99 0.999 9.999 0.999 99.999 0.999 99.999 0.999 99.99 0.999000 999.999 0.999 999.999 0.999 999.999 0.999 9.999 0.999 9.999 0.999
145.333333 146.333333  153.76 0.000  1.00 0.000 9.999 0.259000 0.27 0.000 0.113 0.000  1.188 0.000  1.664 0.000 99.99 0.259000  20.122 0.000  10.707 0.000   9.415 0.000 0.105 0.000 0.648 0.000
148.333333 149.333333   96.72 0.000  0.57 0.000 0.023 0.000000 0.30 0.000 0.030 0.000  0.410 0.000  0.574 0.000 99.99 0.259000   5.746 0.000   1.833 0.000   3.912 0.000 0.062 0.000 0.206 0.000
151.333333 152.333333  155.88 0.000  0.90 0.000 0.084 0.000000 9.99 0.259 0.030 0.000  0.654 0.000  0.916 0.000 99.99 0.259000   7.922 0.000   2.164 0.000   5.758 0.000 0.100 0.000 0.249 0.000
154.333333 155.333333  115.41 0.000  0.66 0.000 0.057 0.000000 9.99 0.259 0.025 0.000  1.076 0.000  1.506 0.000 99.99 0.259000  10.743 0.000   4.813 0.000   5.929 0.000 0.068 0.000 0.366 0.000
157.333333 158.333333  167.13 0.000  0.89 0.000 0.069 0.000000 0.39 0.000 0.040 0.000  0.784 0.000  1.098 0.000 99.99 0.259000  15.878 0.000   8.450 0.000   7.428 0.000 0.112 0.000 0.428 0.000
160.333333 161.333333  170.17 0.000  1.14 0.000 0.074 0.000000 0.31 0.000 0.130 0.000  1.736 0.000  2.431 0.000 99.99 0.259000  20.099 0.000  10.575 0.000   9.524 0.000 0.105 0.000 0.516 0.000
163.333333 164.333333  166.08 0.000  0.71 0.000 0.076 0.000000 0.52 0.000 0.055 0.000  0.532 0.000  0.746 0.000 99.99 0.259000  11.460 0.000   5.335 0.000   6.125 0.000 0.096 0.000 0.331 0.000
166.333333 167.333333  184.26 0.000  0.58 0.000 0.146 0.000000 0.34 0.000 0.016 0.000  0.505 0.000  0.707 0.000 99.99 0.259000  12.710 0.000   6.369 0.000   6.341 0.000 0.141 0.000 0.218 0.000
169.333333 170.333333  109.73 0.000  1.02 0.000 0.056 0.000000 0.38 0.000 0.042 0.000  1.083 0.000  1.516 0.000 99.99 0.259000  11.668 0.000   5.513 0.000   6.154 0.000 0.076 0.000 0.409 0.000
172.333333 173.333333  161.31 0.000  0.59 0.000 0.064 0.000000 0.39 0.000 0.037 0.000  1.007 0.000  1.410 0.000 99.99 0.259000  12.028 0.000   5.291 0.000   6.736 0.000 0.113 0.000 0.366 0.000
175.333333 176.333333  147.10 0.000  0.86 0.000 0.061 0.000000 0.37 0.000 0.056 0.000  1.968 0.000  2.755 0.000 99.99 0.259000  16.139 0.000   6.921 0.000   9.218 0.000 0.116 0.000 0.525 0.000
178.333333 179.333333  194.86 0.000  0.63 0.000 0.115 0.000000 9.99 0.259 0.042 0.559  2.370 0.000  3.318 0.000 99.99 0.259000  22.770 0.000  11.628 0.000  11.142 0.000 0.192 0.000 0.421 0.559
181.333333 182.333333  129.87 0.000  1.09 0.000 9.999 0.259000 0.33 0.000 0.055 0.559  1.307 0.000  2.352 0.000 99.99 0.259000  11.894 0.000   3.949 0.000   7.945 0.000 0.153 0.000 0.603 0.559
184.333333 185.333333  143.97 0.000  1.19 0.000 9.999 0.259000 0.44 0.000 0.085 0.559  1.369 0.000  2.464 0.000 99.99 0.259000  18.713 0.000   9.765 0.000   8.947 0.000 0.172 0.000 0.613 0.559
187.333333 188.333333  157.76 0.000  1.16 0.000 9.999 0.259000 0.38 0.000 0.100 0.559  0.982 0.000  1.768 0.000 99.99 0.259000  18.354 0.000  10.264 0.000   8.090 0.000 0.140 0.000 0.458 0.559
190.333333 191.333333 9999.99 0.999 99.99 0.999 9.999 0.999000 9.99 0.999 9.999 0.999 99.999 0.999 99.999 0.999 99.99 0.999000 999.999 0.999 999.999 0.999 999.999 0.999 9.999 0.999 9.999 0.999
193.333333 194.333333  131.54 0.000  0.68 0.000 0.039 0.000000 0.27 0.000 0.047 0.559  0.946 0.000  1.703 0.000 99.99 0.259000   7.418 0.000   1.802 0.000   5.616 0.000 0.105 0.000 0.200 0.559
196.333333 197.333333  117.46 0.000  0.86 0.000 9.999 0.259000 0.27 0.000 0.038 0.559  2.088 0.000  3.759 0.000 99.99 0.259000  11.047 0.000   3.482 0.000   7.565 0.000 0.111 0.000 0.335 0.559
199.333333 200.333333  193.65 0.000  0.81 0.000 9.999 0.259000 0.45 0.000 0.059 0.000  1.219 0.000  2.194 0.000 99.99 0.259000  18.094 0.000   8.909 0.000   9.184 0.000 0.166 0.000 0.460 0.000
202.333333 203.333333   88.43 0.000  0.71 0.000 9.999 0.259000 0.23 0.000 0.033 0.000  0.796 0.000  1.432 0.000 99.99 0.259000   6.986 0.000   1.898 0.000   5.088 0.000 0.101 0.000 0.320 0.000
205.333333 206.333333  116.82 0.000  0.58 0.000 9.999 0.259000 0.27 0.000 0.049 0.000  2.539 0.000  4.570 0.000 99.99 0.259000  13.890 0.000   4.118 0.000   9.772 0.000 0.305 0.000 0.316 0.000
208.333333 209.333333  205.14 0.000  1.44 0.000 0.019 0.000000 0.76 0.000 0.080 0.000  1.857 0.000  3.342 0.000 99.99 0.259000  26.356 0.000  14.356 0.000  12.000 0.000 0.175 0.000 0.853 0.000
211.333333 212.333333 9999.99 0.999 99.99 0.999 9.999 0.999000 9.99 0.999 9.999 0.999 99.999 0.999 99.999 0.999 99.99 0.999000 999.999 0.999 999.999 0.999 999.999 0.999 9.999 0.999 9.999 0.999
214.333333 215.333333  161.17 0.000  0.71 0.000 0.068 0.000000 0.50 0.000 0.060 0.000  0.443 0.000  0.798 0.000 99.99 0.259000  12.033 0.000   5.404 0.000   6.629 0.000 0.111 0.000 0.429 0.000
217.333333 218.333333   88.97 0.000  1.09 0.000 9.999 0.259000 0.42 0.000 0.049 0.000  0.425 0.000  0.765 0.000 99.99 0.259000   7.060 0.000   2.740 0.000   4.320 0.000 0.064 0.000 0.272 0.000
220.333333 221.333333  124.44 0.000  0.50 0.000 0.051 0.000000 0.40 0.000 0.031 0.000  0.421 0.000  0.758 0.000 99.99 0.259000   7.021 0.000   2.420 0.000   4.601 0.000 0.067 0.000 0.185 0.000
223.333333 224.333333  112.21 0.000  0.93 0.000 0.039 0.000000 0.50 0.000 0.058 0.000  1.055 0.000  1.900 0.000 99.99 0.259000  11.342 0.000   5.218 0.000   6.123 0.000 0.068 0.000 0.320 0.000
226.333333 227.333333  139.63 0.000  0.78 0.000 0.052 0.000000 0.60 0.000 0.098 0.000  1.281 0.000  2.306 0.000 99.99 0.259000  13.584 0.000   6.266 0.000   7.318 0.000 0.104 0.000 0.318 0.000
229.333333 230.333333  128.93 0.000  0.81 0.000 0.049 0.000000 0.48 0.000 0.059 0.000  0.469 0.000  0.845 0.000 99.99 0.259000  11.204 0.000   5.995 0.000   5.209 0.000 0.066 0.000 0.247 0.000
232.333333 233.333333  101.76 0.000  1.07 0.000 0.045 0.000000 0.56 0.000 0.040 0.000  0.364 0.000  0.656 0.000 99.99 0.259000   6.990 0.000   2.803 0.000   4.187 0.000 0.058 0.000 0.252 0.000
235.333333 236.333333  149.69 0.000  0.86 0.000 0.063 0.000000 0.44 0.000 0.036 0.000  0.444 0.000  0.800 0.000 99.99 0.259000  11.079 0.000   5.547 0.000   5.532 0.000 0.083 0.000 0.259 0.000
238.333333 239.333333  105.74 0.000  0.70 0.000 0.042 0.000000 0.40 0.000 0.036 0.000  1.591 0.000  2.863 0.000 99.99 0.259000  10.205 0.000   3.641 0.000   6.564 0.000 0.081 0.000 0.165 0.000
241.333333 242.333333  175.51 0.000  0.61 0.000 0.064 0.000000 0.41 0.000 0.030 0.000  0.115 0.000  0.207 0.000 99.99 0.259000 999.999 0.999 999.999 0.999   5.148 0.000 0.091 0.000 0.163 0.000
244.333333 245.333333  134.17 0.000  0.59 0.000 0.047 0.000000 0.46 0.000 0.039 0.559  0.342 0.000  0.615 0.000 99.99 0.259000   6.918 0.000   2.305 0.000   4.613 0.000 0.072 0.000 0.211 0.559
