scripts/IMPROVE-2019_partial/data/US0053R.20170101070000.20191216000000.filterpack...52w.3d.US03L_filterpack_US0053.US03L_IMPROVE_Davis.lev2.nas
52 1001
MISSING INFORMATION
US03L, IMPROVE, , , , , , , 
MISSING INFORMATION
IMPROVE sel_HTAP
1 1
2017 01 01 2019 12 16
3.000000
days from file reference point
5
1 1 1 1 1
999.999999 9999.999 9.999 9999.999 9.999
end_time of measurement, days from the file reference point
pm10_mass, ug/m3, Matrix=pm10
numflag pm10_mass, no unit, Matrix=pm10
pm25_mass, ug/m3, Matrix=pm25
numflag pm25_mass, no unit, Matrix=pm25
0
33
Data definition:              EBAS_1.1
Set type code:                TU
Timezone:                     UTC
File name:                    US0053R.20170101070000.20191216000000.filterpack...52w.3d.US03L_filterpack_US0053.US03L_IMPROVE_Davis.lev2.nas
File creation:                20191218115840
Startdate:                    20170101070000
Revision date:                20191216000000
Version:                      2
Version description:          "Data extracted from http://views.cira.colostate.edu/fed/DataWizard 2019-12-16"
Statistics:                   arithmetic mean
Data level:                   2
Period code:                  52w
Resolution code:              3d
Sample duration:              1d
Orig. time res.:              3d
Station code:                 US0053R
Platform code:                US0053S
Station name:                 Flathead
Station latitude:             47.7734
Station longitude:            -114.269
Station altitude:             1580.0 m
Regime:                       IMG
Component:                    
Unit:                         ug/m3
Matrix:                       
Laboratory code:              US03L
Instrument type:              filterpack
Instrument name:              filterpack_US0053
Method ref:                   US03L_IMPROVE_Davis
Blank correction:             Blank corrected
Volume std. temperature:      ambient
Volume std. pressure:         ambient
starttime endtime PM10 flag_PM10 PM2.5 flag_PM2.5
  0.291667   1.291667    1.793 0.000    0.868 0.000
  3.291667   4.291667    2.509 0.000    1.596 0.000
  6.291667   7.291667    2.047 0.000    1.648 0.000
  9.291667  10.291667    0.779 0.000 9999.999 0.456
 12.291667  13.291667    1.214 0.000    1.196 0.000
 15.291667  16.291667    1.038 0.000    0.313 0.000
 18.291667  19.291667    0.723 0.000    0.630 0.000
 21.291667  22.291667    0.724 0.000    0.628 0.000
 24.291667  25.291667    1.118 0.000    0.974 0.000
 27.291667  28.291667    1.117 0.000    0.677 0.000
 30.291667  31.291667    0.919 0.000    0.478 0.000
 33.291667  34.291667    1.958 0.000    1.305 0.000
 36.291667  37.291667    1.838 0.000    1.046 0.000
 39.291667  40.291667    0.339 0.000    0.031 0.000
 42.291667  43.291667    0.729 0.000    0.434 0.000
 45.291667  46.291667    2.034 0.000    1.238 0.000
 48.291667  49.291667    0.934 0.000    0.754 0.000
 51.291667  52.291667    0.173 0.000 9999.999 0.259
 54.291667  55.291667    2.069 0.000    1.132 0.000
 57.291667  58.291667    1.638 0.000 9999.999 0.456
 60.291667  61.291667    2.312 0.000    1.332 0.000
 63.291667  64.291667    0.342 0.000    0.063 0.000
 66.291667  67.291667    0.988 0.000    0.690 0.000
 69.291667  70.291667    1.533 0.000    0.866 0.000
 72.291667  73.291667    0.688 0.000    0.530 0.000
 75.291667  76.291667    3.019 0.000    1.727 0.000
 78.291667  79.291667    3.148 0.000    1.609 0.000
 81.291667  82.291667    1.019 0.000    0.713 0.000
 84.291667  85.291667    1.569 0.000    0.869 0.000
 87.291667  88.291667    0.765 0.000    0.496 0.000
 90.291667  91.291667    3.481 0.000    2.230 0.000
 93.291667  94.291667    4.066 0.000    2.264 0.000
 96.291667  97.291667 9999.999 0.999 9999.999 0.999
 99.291667 100.291667 9999.999 0.999 9999.999 0.999
102.291667 103.291667    1.273 0.000    0.829 0.000
105.291667 106.291667    2.249 0.000    1.525 0.000
108.291667 109.291667    3.757 0.000    2.463 0.000
111.291667 112.291667    2.040 0.000    1.288 0.000
114.291667 115.291667    0.736 0.000    0.503 0.000
117.291667 118.291667    1.545 0.000    0.893 0.000
120.291667 121.291667    4.313 0.000    1.474 0.000
123.291667 124.291667    3.263 0.000    1.543 0.000
126.291667 127.291667    1.542 0.000    0.993 0.000
129.291667 130.291667    6.566 0.000    3.829 0.000
132.291667 133.291667    1.846 0.000    0.591 0.000
135.291667 136.291667    2.282 0.000    1.322 0.000
138.291667 139.291667    4.153 0.000    1.957 0.000
141.291667 142.291667    6.450 0.000    3.449 0.000
144.291667 145.291667    3.386 0.000    1.191 0.000
147.291667 148.291667    9.530 0.000    4.354 0.000
150.291667 151.291667   11.265 0.000    4.896 0.000
153.291667 154.291667    5.589 0.000    2.326 0.000
156.291667 157.291667    5.834 0.000    2.835 0.000
159.291667 160.291667 9999.999 0.999 9999.999 0.999
162.291667 163.291667 9999.999 0.999 9999.999 0.999
165.291667 166.291667 9999.999 0.999 9999.999 0.999
168.291667 169.291667 9999.999 0.999 9999.999 0.999
171.291667 172.291667 9999.999 0.999 9999.999 0.999
174.291667 175.291667    7.137 0.000    2.469 0.000
177.291667 178.291667    8.440 0.000    3.346 0.000
180.291667 181.291667   11.075 0.000    3.659 0.000
183.291667 184.291667   10.264 0.000    4.440 0.000
186.291667 187.291667   15.838 0.000    5.468 0.000
189.291667 190.291667    9.495 0.000    5.229 0.000
192.291667 193.291667   10.778 0.000    3.964 0.000
195.291667 196.291667   10.867 0.000    4.548 0.000
198.291667 199.291667    8.983 0.000    4.152 0.000
201.291667 202.291667   11.971 0.000    3.412 0.000
204.291667 205.291667    6.577 0.000    2.502 0.000
207.291667 208.291667   18.541 0.000    8.897 0.000
210.291667 211.291667    7.654 0.000    3.030 0.000
213.291667 214.291667   23.783 0.000   14.552 0.000
216.291667 217.291667   16.433 0.000   11.573 0.000
219.291667 220.291667   41.054 0.000   22.324 0.000
222.291667 223.291667   35.450 0.000   31.079 0.000
225.291667 226.291667 9999.999 0.999    4.412 0.000
228.291667 229.291667   16.912 0.000    7.143 0.000
231.291667 232.291667   21.129 0.000   13.951 0.000
234.291667 235.291667   27.157 0.000   20.085 0.000
237.291667 238.291667   10.747 0.000    4.286 0.000
240.291667 241.291667   32.828 0.000   27.197 0.000
243.291667 244.291667   34.039 0.000   23.249 0.000
246.291667 247.291667 9999.999 0.699 9999.999 0.699
249.291667 250.291667  130.805 0.000  117.906 0.659
252.291667 253.291667   36.677 0.000   23.314 0.000
255.291667 256.291667   64.498 0.000   48.227 0.000
258.291667 259.291667    7.625 0.000    6.451 0.000
261.291667 262.291667    2.368 0.000    0.940 0.000
264.291667 265.291667    1.856 0.000    0.865 0.000
267.291667 268.291667    6.510 0.000    3.832 0.000
270.291667 271.291667    7.361 0.000    3.900 0.000
273.291667 274.291667    4.192 0.000    1.497 0.000
276.291667 277.291667    5.520 0.000    3.710 0.000
279.291667 280.291667    8.081 0.000    1.498 0.000
282.291667 283.291667    3.018 0.000    1.736 0.000
285.291667 286.291667    1.056 0.000    0.699 0.000
288.291667 289.291667    3.235 0.000    2.245 0.000
291.291667 292.291667    8.812 0.000    5.814 0.000
294.291667 295.291667    1.559 0.000    0.658 0.000
297.291667 298.291667    3.179 0.000    2.203 0.000
300.291667 301.291667    5.786 0.000    4.619 0.000
303.291667 304.291667    6.107 0.000    3.927 0.000
306.291667 307.291667    2.311 0.000    2.058 0.000
309.291667 310.291667    3.325 0.000    3.304 0.000
312.291667 313.291667    5.527 0.000    4.809 0.000
315.291667 316.291667    1.263 0.000    1.384 0.000
318.291667 319.291667    2.382 0.000    1.570 0.000
321.291667 322.291667    1.688 0.000    1.115 0.000
324.291667 325.291667    1.015 0.000    0.639 0.000
327.291667 328.291667    0.564 0.000    0.220 0.000
330.291667 331.291667    1.055 0.000 9999.999 0.456
333.291667 334.291667 9999.999 0.456    0.440 0.000
336.291667 337.291667    0.699 0.000    0.347 0.000
339.291667 340.291667    2.802 0.000    2.046 0.000
342.291667 343.291667    3.665 0.000    1.785 0.000
345.291667 346.291667    2.911 0.000    1.934 0.000
348.291667 349.291667    2.116 0.000    1.588 0.000
351.291667 352.291667    0.742 0.000    0.285 0.000
354.291667 355.291667    1.389 0.000    1.271 0.000
357.291667 358.291667    1.931 0.000    1.808 0.000
360.291667 361.291667 9999.999 0.999 9999.999 0.999
363.291667 364.291667    0.866 0.000    0.622 0.000
