scripts/IMPROVE-2019_partial/data/US0014R.20040101070000.20191216000000.filterpack..pm25.52w.1w.US03L_filterpack_US0014.US03L_IMPROVE_Davis.lev2.nas
66 1001
MISSING INFORMATION
US03L, IMPROVE, , , , , , , 
MISSING INFORMATION
IMPROVE sel_HTAP
1 1
2004 01 01 2019 12 16
3.000000
days from file reference point
27
1 1 1 1 1 1 1 1 1 1 1 1 1 1 1 1 1 1 1 1 1 1 1 1 1 1 1
999.999999 9999.99 9.999999 99.99 9.999999 9.999 9.999999999 99.99 9.999999 9.999 9.999999 99.999 9.999 99.999 9.999 999.99 9.999999999 999.999 9.999 999.999 9.999 99.999 9.999 9.999 9.999999 9.999 9.999999
end_time of measurement, days from the file reference point
iron, ng/m3, Revision date=20181210133000
numflag iron, no unit, Revision date=20181210133000
lead, ng/m3, Revision date=20181210133000
numflag lead, no unit, Revision date=20181210133000
magnesium, ug/m3, Revision date=20181210133000
numflag magnesium, no unit, Revision date=20181210133000
nickel, ng/m3, Revision date=20181210133000
numflag nickel, no unit, Revision date=20181210133000
nitrate, ug N/m3, Revision date=20181210133000
numflag nitrate, no unit, Revision date=20181210133000
organic_carbon, ug C/m3, Revision date=20181210133000
numflag organic_carbon, no unit, Revision date=20181210133000
organic_mass, ug/m3, Revision date=20181210133000
numflag organic_mass, no unit, Revision date=20181210133000
phosphorus, ng/m3, Revision date=20181210133000
numflag phosphorus, no unit, Revision date=20181210133000
pm10_mass, ug/m3, Version=2, Version description=Data extracted from http://views.cira.colostate.edu/fed/DataWizard 2019-12-16, Sample duration=1d, Orig. time res.=3d, Matrix=pm10, Blank correction=Blank corrected, Volume std. temperature=ambient, Volume std. pressure=ambient
numflag pm10_mass, no unit, Version=2, Version description=Data extracted from http://views.cira.colostate.edu/fed/DataWizard 2019-12-16, Sample duration=1d, Orig. time res.=3d, Matrix=pm10, Blank correction=Blank corrected, Volume std. temperature=ambient, Volume std. pressure=ambient
pm10_pm25_mass, ug/m3, Revision date=20181210133000, Matrix=pm10_pm25
numflag pm10_pm25_mass, no unit, Revision date=20181210133000, Matrix=pm10_pm25
pm25_mass, ug/m3, Version=2, Version description=Data extracted from http://views.cira.colostate.edu/fed/DataWizard 2019-12-16, Sample duration=1d, Orig. time res.=3d, Blank correction=Blank corrected, Volume std. temperature=ambient, Volume std. pressure=ambient
numflag pm25_mass, no unit, Version=2, Version description=Data extracted from http://views.cira.colostate.edu/fed/DataWizard 2019-12-16, Sample duration=1d, Orig. time res.=3d, Blank correction=Blank corrected, Volume std. temperature=ambient, Volume std. pressure=ambient
potassium, ug/m3, Revision date=20181210133000
numflag potassium, no unit, Revision date=20181210133000
sulphate_total, ug S/m3, Revision date=20181210133000
numflag sulphate_total, no unit, Revision date=20181210133000
0
25
Data definition:              EBAS_1.1
Set type code:                TU
Timezone:                     UTC
File name:                    US0014R.20040101070000.20191216000000.filterpack..pm25.52w.1w.US03L_filterpack_US0014.US03L_IMPROVE_Davis.lev2.nas
File creation:                20191218115619
Startdate:                    20040101070000
Revision date:                20191216000000
Statistics:                   arithmetic mean
Data level:                   2
Period code:                  52w
Resolution code:              1w
Station code:                 US0014R
Platform code:                US0014S
Station name:                 Indian Gardens
Station latitude:             36.0778
Station longitude:            -112.1288
Station altitude:             1166.0 m
Regime:                       IMG
Component:                    
Matrix:                       pm25
Laboratory code:              US03L
Instrument type:              filterpack
Instrument name:              filterpack_US0014
Method ref:                   US03L_IMPROVE_Davis
starttime endtime Fe flag_Fe Pb flag_Pb Mg++ flag_Mg++ Ni flag_Ni NO3- flag_NO3- OC flag_OC OM flag_OM P flag_P PM10 flag_PM10 PM10-PM2.5 flag_PM10-PM2.5 PM2.5 flag_PM2.5 K+ flag_K+ SO4-- flag_SO4--
[from data line 74]
222.291667 223.291667   51.20 0.000000  1.11 0.000000 9.999 0.259000000 99.99 0.259000 0.022 0.559000  1.188 0.000  1.664 0.000 999.99 0.259000000  12.427 0.000   7.640 0.000  4.787 0.000 0.050 0.000000 0.393 0.559000
225.291667 226.291667 9999.99 0.999000 99.99 0.999000 9.999 0.999000000 99.99 0.999000 9.999 0.999000 99.999 0.999 99.999 0.999 999.99 0.999000000 999.999 0.999 999.999 0.999 99.999 0.999 9.999 0.999000 9.999 0.999000
228.291667 229.291667 9999.99 0.999000 99.99 0.999000 9.999 0.999000000 99.99 0.999000 9.999 0.999000 99.999 0.999 99.999 0.999 999.99 0.999000000 999.999 0.999 999.999 0.999 99.999 0.999 9.999 0.999000 9.999 0.999000
231.291667 232.291667   45.91 0.000000  0.62 0.000000 9.999 0.259000000  0.12 0.000000 0.024 0.000000  1.166 0.000  1.632 0.000 999.99 0.259000000   6.541 0.000   2.951 0.000  3.590 0.000 0.043 0.000000 0.308 0.000000
234.291667 235.291667   40.58 0.000000  0.65 0.000000 9.999 0.259000000  0.24 0.000000 0.019 0.000000  0.514 0.000  0.719 0.000 999.99 0.259000000   9.044 0.000   6.202 0.000  2.842 0.000 0.035 0.000000 0.270 0.000000
237.291667 238.291667   51.74 0.394000  0.93 0.394000 9.999 0.394259000 99.99 0.394259 0.031 0.394000  0.352 0.000  0.493 0.000 999.99 0.394259000   8.536 0.000   5.416 0.000  3.120 0.000 0.048 0.394000 0.226 0.394000
240.291667 241.291667 9999.99 0.999000 99.99 0.999000 9.999 0.999000000 99.99 0.999000 9.999 0.999000 99.999 0.999 99.999 0.999 999.99 0.999000000 999.999 0.999 999.999 0.999 99.999 0.999 9.999 0.999000 9.999 0.999000
243.291667 244.291667 9999.99 0.999000 99.99 0.999000 9.999 0.999000000 99.99 0.999000 9.999 0.999000 99.999 0.999 99.999 0.999 999.99 0.999000000 999.999 0.999 999.999 0.999 99.999 0.999 9.999 0.999000 9.999 0.999000
246.291667 247.291667  169.17 0.000000  0.60 0.000000 9.999 0.259000000  0.17 0.000000 0.075 0.000000  0.683 0.000  0.956 0.000 999.99 0.259000000  17.584 0.000  10.879 0.000  6.706 0.000 0.103 0.000000 0.361 0.000000
249.291667 250.291667   25.95 0.000000  0.39 0.000000 9.999 0.259000000 99.99 0.259000 0.013 0.000000  2.803 0.000  3.924 0.000 999.99 0.259000000   9.849 0.000   4.942 0.000  4.907 0.000 0.028 0.000000 0.099 0.000000
252.291667 253.291667 9999.99 0.999000 99.99 0.999000 9.999 0.999000000 99.99 0.999000 9.999 0.999000 99.999 0.999 99.999 0.999 999.99 0.999000000 999.999 0.999 999.999 0.999 99.999 0.999 9.999 0.999000 9.999 0.999000
255.291667 256.291667 9999.99 0.999000 99.99 0.999000 9.999 0.999000000 99.99 0.999000 9.999 0.999000 99.999 0.999 99.999 0.999 999.99 0.999000000 999.999 0.999 999.999 0.999 99.999 0.999 9.999 0.999000 9.999 0.999000
258.291667 259.291667   61.40 0.000000  2.03 0.000000 9.999 0.259000000  0.18 0.000000 0.067 0.000000  1.529 0.000  2.140 0.000 999.99 0.259000000  16.935 0.000  11.928 0.000  5.007 0.000 0.059 0.000000 0.323 0.000000
261.291667 262.291667   37.83 0.000000  0.85 0.000000 9.999 0.259000000  0.21 0.000000 0.037 0.000000  1.166 0.000  1.633 0.000 999.99 0.259000000  12.711 0.000   9.239 0.000  3.472 0.000 0.036 0.000000 0.390 0.000000
264.291667 265.291667   23.68 0.000000  0.35 0.000000 9.999 0.259000000  0.21 0.000000 0.015 0.000000  0.354 0.000  0.496 0.000 999.99 0.259000000   2.630 0.000   1.206 0.000  1.424 0.000 0.019 0.000000 0.102 0.000000
267.291667 268.291667   78.05 0.000000  0.51 0.000000 9.999 0.259000000 99.99 0.259000 0.007 0.559000  0.458 0.000  0.641 0.000 999.99 0.259000000   2.599 0.000 999.999 0.259  2.691 0.000 0.053 0.000000 0.100 0.559000
270.291667 271.291667   52.59 0.000000  0.43 0.000000 9.999 0.259000000  0.15 0.000000 0.017 0.000000  1.486 0.000  2.080 0.000 999.99 0.259000000   8.772 0.000   4.576 0.000  4.196 0.000 0.045 0.000000 0.211 0.000000
273.291667 274.291667   24.42 0.000000  0.37 0.000000 0.081 0.000000000 99.99 0.259000 0.035 0.000000  0.651 0.000  0.912 0.000 999.99 0.259000000   4.943 0.000   2.512 0.000  2.431 0.000 0.019 0.000000 0.195 0.000000
276.291667 277.291667   18.82 0.000000  0.61 0.000000 0.085 0.000000000  0.11 0.000000 0.025 0.000000  0.628 0.000  0.880 0.000 999.99 0.259000000   6.823 0.000   3.408 0.000  3.415 0.000 0.017 0.000000 0.400 0.000000
279.291667 280.291667   20.88 0.000000  0.55 0.000000 9.999 0.259000000 99.99 0.259000 0.015 0.000000  0.686 0.000  0.960 0.000 999.99 0.259000000   9.219 0.000   5.964 0.000  3.254 0.000 0.018 0.000000 0.267 0.000000
282.291667 283.291667   46.29 0.000000  0.81 0.000000 9.999 0.259000000 99.99 0.259000 0.015 0.559000  0.972 0.000  1.360 0.000 999.99 0.259000000  16.001 0.000  11.536 0.000  4.464 0.000 0.036 0.000000 0.297 0.559000
285.291667 286.291667   17.60 0.000000  0.38 0.000000 9.999 0.259000000 99.99 0.259000 0.012 0.559000  0.478 0.000  0.670 0.000 999.99 0.259000000   6.660 0.000   4.056 0.000  2.604 0.000 0.015 0.000000 0.254 0.559000
288.291667 289.291667   65.06 0.000000  0.79 0.000000 9.999 0.259000000 99.99 0.259000 0.014 0.000000  0.822 0.000  1.151 0.000  18.23 0.000000000  20.752 0.000  16.679 0.000  4.073 0.000 0.054 0.000000 0.124 0.000000
291.291667 292.291667   26.55 0.394000  0.75 0.394000 0.120 0.394000000 99.99 0.394259 0.094 0.394000  0.464 0.000  0.649 0.000 999.99 0.394259000  10.409 0.000   6.705 0.000  3.704 0.000 0.029 0.394000 0.272 0.394000
294.291667 295.291667   24.42 0.000000  1.96 0.000000 0.149 0.000000000 99.99 0.259000 0.009 0.000000  0.418 0.000  0.585 0.000 999.99 0.259000000   4.397 0.000   2.956 0.000  1.441 0.000 0.022 0.000000 0.031 0.000000
297.291667 298.291667 9999.99 0.999000 99.99 0.999000 9.999 0.999000000 99.99 0.999000 9.999 0.999000 99.999 0.999 99.999 0.999 999.99 0.999000000 999.999 0.999 999.999 0.999 99.999 0.999 9.999 0.999000 9.999 0.999000
300.291667 301.291667   16.99 0.000000  0.71 0.000000 9.999 0.259000000  0.14 0.000000 0.037 0.000000  0.366 0.000  0.513 0.000 999.99 0.259000000   4.520 0.000   2.176 0.000  2.344 0.000 0.019 0.000000 0.248 0.000000
303.291667 304.291667    3.59 0.559000  1.12 0.559000 0.098 0.559000000 99.99 0.559259 0.010 0.000000  0.449 0.000  0.629 0.000 999.99 0.559259000   2.219 0.000   0.647 0.000  1.572 0.559 0.004 0.559000 0.089 0.000000
306.291667 307.291667    6.72 0.000000  0.50 0.000000 9.999 0.259000000 99.99 0.259000 0.011 0.559000  0.225 0.000  0.315 0.000 999.99 0.259000000   1.726 0.000   0.320 0.000  1.406 0.000 0.008 0.000000 0.106 0.559000
309.291667 310.291667   18.53 0.559000  0.55 0.559000 9.999 0.559259000 99.99 0.559259 0.015 0.559000  0.654 0.000  0.916 0.000 999.99 0.559259000   5.383 0.000   2.565 0.000  2.818 0.559 0.013 0.559000 0.172 0.559000
312.291667 313.291667    6.46 0.559000  0.35 0.559000 9.999 0.559259000 99.99 0.559259 0.038 0.000000  0.494 0.000  0.692 0.000 999.99 0.559259000   2.206 0.000   0.720 0.000  1.486 0.559 0.008 0.559000 0.074 0.000000
315.291667 316.291667    5.18 0.559000  0.86 0.559000 0.087 0.559000000  0.23 0.559000 0.018 0.000000  0.511 0.000  0.716 0.000 999.99 0.559259000   2.982 0.000   1.189 0.000  1.793 0.559 0.006 0.559000 0.148 0.000000
318.291667 319.291667    1.97 0.559000  0.33 0.559000 0.218 0.559000000 99.99 0.559259 0.013 0.000000  0.487 0.000  0.682 0.000 999.99 0.559259000   1.756 0.000   0.571 0.000  1.186 0.559 0.003 0.559000 0.125 0.000000
321.291667 322.291667    2.93 0.000000 99.99 0.259000 0.186 0.000000000 99.99 0.259000 0.014 0.000000  0.436 0.000  0.610 0.000 999.99 0.259000000   2.503 0.000   0.601 0.000  1.902 0.000 0.004 0.000000 0.155 0.000000
324.291667 325.291667    6.72 0.000000  0.65 0.000000 9.999 0.259000000  0.18 0.000000 0.036 0.000000  0.500 0.000  0.700 0.000 999.99 0.259000000   3.311 0.000   0.804 0.000  2.507 0.000 0.008 0.000000 0.235 0.000000
327.291667 328.291667 9999.99 0.999000 99.99 0.999000 9.999 0.999000000 99.99 0.999000 9.999 0.999000 99.999 0.999 99.999 0.999 999.99 0.999000000 999.999 0.999 999.999 0.999 99.999 0.999 9.999 0.999000 9.999 0.999000
330.291667 331.291667 9999.99 0.999000 99.99 0.999000 9.999 0.999000000 99.99 0.999000 9.999 0.999000 99.999 0.999 99.999 0.999 999.99 0.999000000 999.999 0.999 999.999 0.999 99.999 0.999 9.999 0.999000 9.999 0.999000
333.291667 334.291667 9999.99 0.999000 99.99 0.999000 9.999 0.999000000 99.99 0.999000 9.999 0.999000 99.999 0.999 99.999 0.999 999.99 0.999000000 999.999 0.999 999.999 0.999 99.999 0.999 9.999 0.999000 9.999 0.999000
336.291667 337.291667 9999.99 0.999000 99.99 0.999000 9.999 0.999000000 99.99 0.999000 9.999 0.999000 99.999 0.999 99.999 0.999 999.99 0.999000000 999.999 0.999 999.999 0.999 99.999 0.999 9.999 0.999000 9.999 0.999000
339.291667 340.291667   11.85 0.559000  0.70 0.559000 9.999 0.559259000 99.99 0.559259 0.111 0.559000  0.558 0.000  0.781 0.000 999.99 0.559259000   3.596 0.000   1.053 0.000  2.543 0.559 0.014 0.559000 0.263 0.559000
342.291667 343.291667 9999.99 0.999000 99.99 0.999000 9.999 0.999000000 99.99 0.999000 9.999 0.999000 99.999 0.999 99.999 0.999 999.99 0.999000000 999.999 0.999 999.999 0.999 99.999 0.999 9.999 0.999000 9.999 0.999000
345.291667 346.291667 9999.99 0.999000 99.99 0.999000 9.999 0.999000000 99.99 0.999000 9.999 0.999000 99.999 0.999 99.999 0.999 999.99 0.999000000 999.999 0.999 999.999 0.999 99.999 0.999 9.999 0.999000 9.999 0.999000
348.291667 349.291667 9999.99 0.999000 99.99 0.999000 9.999 0.999000000 99.99 0.999000 9.999 0.999000 99.999 0.999 99.999 0.999 999.99 0.999000000 999.999 0.999 999.999 0.999 99.999 0.999 9.999 0.999000 9.999 0.999000
351.291667 352.291667 9999.99 0.999000 99.99 0.999000 9.999 0.999000000 99.99 0.999000 9.999 0.999000 99.999 0.999 99.999 0.999 999.99 0.999000000 999.999 0.999 999.999 0.999 99.999 0.999 9.999 0.999000 9.999 0.999000
354.291667 355.291667 9999.99 0.999000 99.99 0.999000 9.999 0.999000000 99.99 0.999000 9.999 0.999000 99.999 0.999 99.999 0.999 999.99 0.999000000 999.999 0.999 999.999 0.999 99.999 0.999 9.999 0.999000 9.999 0.999000
357.291667 358.291667    3.65 0.559000  0.60 0.559000 9.999 0.559259000 99.99 0.559259 0.046 0.559000  0.176 0.000  0.247 0.000 999.99 0.559259000   2.026 0.000   1.238 0.000  0.787 0.559 0.006 0.559000 0.099 0.559000
360.291667 361.291667 9999.99 0.999000 99.99 0.999000 9.999 0.999000000 99.99 0.999000 9.999 0.999000 99.999 0.999 99.999 0.999 999.99 0.999000000 999.999 0.999 999.999 0.999 99.999 0.999 9.999 0.999000 9.999 0.999000
363.291667 364.291667 9999.99 0.999000 99.99 0.999000 9.999 0.999000000 99.99 0.999000 9.999 0.999000 99.999 0.999 99.999 0.999 999.99 0.999000000 999.999 0.999 999.999 0.999 99.999 0.999 9.999 0.999000 9.999 0.999000
