scripts/IMPROVE-2019_partial/data/US0022R.20140102080000.20191216000000.filterpack...52w.3d.US03L_filterpack_US0022.US03L_IMPROVE_Davis.lev2.nas
52 1001
MISSING INFORMATION
US03L, IMPROVE, , , , , , , 
MISSING INFORMATION
IMPROVE sel_HTAP
1 1
2014 01 01 2019 12 16
3.000000
days from file reference point
5
1 1 1 1 1
999.999999 9999.999 9.999 999.999 9.999
end_time of measurement, days from the file reference point
pm10_mass, ug/m3, Matrix=pm10
numflag pm10_mass, no unit, Matrix=pm10
pm25_mass, ug/m3, Matrix=pm25
numflag pm25_mass, no unit, Matrix=pm25
0
33
Data definition:              EBAS_1.1
Set type code:                TU
Timezone:                     UTC
File name:                    US0022R.20140102080000.20191216000000.filterpack...52w.3d.US03L_filterpack_US0022.US03L_IMPROVE_Davis.lev2.nas
File creation:                20191218115652
Startdate:                    20140102080000
Revision date:                20191216000000
Version:                      2
Version description:          "Data extracted from http://views.cira.colostate.edu/fed/DataWizard 2019-12-16"
Statistics:                   arithmetic mean
Data level:                   2
Period code:                  52w
Resolution code:              3d
Sample duration:              1d
Orig. time res.:              3d
Station code:                 US0022R
Platform code:                US0022S
Station name:                 Dome Lands Wilderness
Station latitude:             35.7278
Station longitude:            -118.1377
Station altitude:             927.0 m
Regime:                       IMG
Component:                    
Unit:                         ug/m3
Matrix:                       
Laboratory code:              US03L
Instrument type:              filterpack
Instrument name:              filterpack_US0022
Method ref:                   US03L_IMPROVE_Davis
Blank correction:             Blank corrected
Volume std. temperature:      ambient
Volume std. pressure:         ambient
starttime endtime PM10 flag_PM10 PM2.5 flag_PM2.5
  1.333333   2.333333    4.317 0.000   0.958 0.000
  4.333333   5.333333    4.430 0.000   1.107 0.000
  7.333333   8.333333   14.566 0.000   7.522 0.000
 10.333333  11.333333   10.303 0.000   3.025 0.000
 13.333333  14.333333    4.420 0.000   1.296 0.000
 16.333333  17.333333    6.170 0.000   1.978 0.000
 19.333333  20.333333    8.682 0.000   4.511 0.000
 22.333333  23.333333 9999.999 0.456   3.905 0.000
 25.333333  26.333333 9999.999 0.456   2.686 0.000
 28.333333  29.333333   36.276 0.659  13.717 0.000
 31.333333  32.333333    6.071 0.659   4.390 0.000
 34.333333  35.333333    9.096 0.659   5.155 0.000
 37.333333  38.333333    2.299 0.659   0.600 0.000
 40.333333  41.333333    1.908 0.659   0.899 0.000
 43.333333  44.333333    6.386 0.659   2.453 0.000
 46.333333  47.333333   11.078 0.659   5.580 0.000
 49.333333  50.333333   29.847 0.659   9.636 0.000
 52.333333  53.333333   11.114 0.659   3.803 0.000
 55.333333  56.333333    9.441 0.659   3.041 0.000
 58.333333  59.333333    2.018 0.659   0.971 0.000
 61.333333  62.333333    2.336 0.659   1.291 0.000
 64.333333  65.333333    8.864 0.659   3.521 0.000
 67.333333  68.333333    1.714 0.659   0.597 0.000
 70.333333  71.333333    5.257 0.659   1.229 0.000
 73.333333  74.333333   11.006 0.000   3.902 0.000
 76.333333  77.333333   10.143 0.000   2.728 0.000
 79.333333  80.333333   19.665 0.000   6.232 0.000
 82.333333  83.333333    8.756 0.000   4.215 0.000
 85.333333  86.333333    8.645 0.000   4.127 0.000
 88.333333  89.333333    4.877 0.000   2.302 0.000
 91.333333  92.333333    1.605 0.000   0.830 0.000
 94.333333  95.333333    6.580 0.000   3.645 0.000
 97.333333  98.333333    9.915 0.000   5.142 0.000
100.333333 101.333333   16.278 0.000   6.537 0.000
103.333333 104.333333   13.969 0.000   5.871 0.000
106.333333 107.333333   19.078 0.000   7.024 0.000
109.333333 110.333333   20.467 0.000   9.011 0.000
112.333333 113.333333 9999.999 0.999 999.999 0.999
115.333333 116.333333 9999.999 0.999 999.999 0.999
118.333333 119.333333 9999.999 0.456 999.999 0.456
121.333333 122.333333   14.842 0.659   5.990 0.659
124.333333 125.333333   19.344 0.659   6.154 0.659
127.333333 128.333333   22.272 0.659   6.708 0.659
130.333333 131.333333   22.516 0.659   4.890 0.659
133.333333 134.333333 9999.999 0.999 999.999 0.999
136.333333 137.333333   19.448 0.000   6.342 0.000
139.333333 140.333333   27.723 0.000   4.034 0.000
142.333333 143.333333   16.674 0.000   5.152 0.000
145.333333 146.333333   25.348 0.000   8.345 0.000
148.333333 149.333333   32.649 0.000   8.127 0.000
151.333333 152.333333   21.635 0.000   9.108 0.000
154.333333 155.333333   30.633 0.000   9.110 0.000
157.333333 158.333333   26.023 0.000   9.365 0.000
160.333333 161.333333   35.071 0.000  11.218 0.000
163.333333 164.333333   33.361 0.000  12.357 0.000
166.333333 167.333333   52.784 0.000  17.918 0.000
169.333333 170.333333   31.647 0.000   8.883 0.000
172.333333 173.333333   18.952 0.000   4.965 0.000
175.333333 176.333333 9999.999 0.999 999.999 0.999
178.333333 179.333333   23.182 0.000   6.268 0.000
181.333333 182.333333   28.597 0.000   9.534 0.000
184.333333 185.333333   20.661 0.000   6.046 0.000
187.333333 188.333333   20.424 0.000   6.371 0.000
190.333333 191.333333   30.577 0.000   7.554 0.000
193.333333 194.333333   24.773 0.000   8.892 0.000
196.333333 197.333333   38.580 0.000  11.232 0.000
199.333333 200.333333   19.651 0.000   6.079 0.000
202.333333 203.333333   17.935 0.000   6.608 0.000
205.333333 206.333333   18.601 0.000   5.316 0.000
208.333333 209.333333   16.978 0.000   6.813 0.000
211.333333 212.333333   21.881 0.000  10.415 0.000
214.333333 215.333333   11.723 0.000   4.814 0.000
217.333333 218.333333   28.303 0.000  13.483 0.000
220.333333 221.333333   22.862 0.000  10.091 0.000
223.333333 224.333333   15.373 0.000   5.541 0.000
226.333333 227.333333   14.927 0.000   3.764 0.000
229.333333 230.333333   16.029 0.000   4.129 0.000
232.333333 233.333333   25.955 0.000   6.848 0.000
235.333333 236.333333   17.345 0.000   4.366 0.000
238.333333 239.333333   19.326 0.000   5.151 0.000
241.333333 242.333333   34.779 0.000   7.068 0.000
244.333333 245.333333   28.004 0.000   6.158 0.000
247.333333 248.333333   25.452 0.000   5.552 0.000
250.333333 251.333333   15.756 0.000   4.262 0.000
253.333333 254.333333   22.854 0.000   6.401 0.000
256.333333 257.333333   15.610 0.000   4.766 0.000
259.333333 260.333333   30.918 0.000   8.094 0.000
262.333333 263.333333   15.508 0.000   4.726 0.000
265.333333 266.333333   20.712 0.000   5.857 0.000
268.333333 269.333333   60.792 0.000   7.572 0.000
271.333333 272.333333   12.984 0.000   4.080 0.000
274.333333 275.333333   10.457 0.000   2.871 0.000
277.333333 278.333333   11.020 0.000   2.505 0.000
280.333333 281.333333   44.314 0.000   9.772 0.000
283.333333 284.333333   21.530 0.000   4.441 0.000
286.333333 287.333333   13.332 0.000   2.942 0.000
289.333333 290.333333   36.757 0.000   7.295 0.000
292.333333 293.333333   32.348 0.000   7.308 0.000
295.333333 296.333333  103.145 0.000  10.604 0.000
298.333333 299.333333   48.213 0.000   6.132 0.000
301.333333 302.333333    9.333 0.000   2.034 0.000
304.333333 305.333333    1.648 0.000   0.400 0.000
307.333333 308.333333    3.650 0.000   1.514 0.000
310.333333 311.333333    3.985 0.000   1.614 0.000
313.333333 314.333333   11.341 0.000   5.361 0.000
316.333333 317.333333    9.180 0.000   2.729 0.000
319.333333 320.333333    6.113 0.000   2.229 0.000
322.333333 323.333333    6.624 0.000   1.197 0.000
325.333333 326.333333   17.368 0.000   2.308 0.000
328.333333 329.333333 9999.999 0.999 999.999 0.999
331.333333 332.333333    6.177 0.000   1.249 0.000
334.333333 335.333333    3.959 0.000   1.224 0.000
337.333333 338.333333    4.287 0.000   2.477 0.000
340.333333 341.333333    4.134 0.000   2.066 0.000
343.333333 344.333333    3.817 0.000   1.935 0.000
346.333333 347.333333    0.812 0.000   0.551 0.000
349.333333 350.333333    1.609 0.000   1.155 0.000
352.333333 353.333333    1.797 0.000   1.163 0.000
355.333333 356.333333    2.641 0.000   1.657 0.000
358.333333 359.333333 9999.999 0.999 999.999 0.999
361.333333 362.333333 9999.999 0.999 999.999 0.999
364.333333 365.333333    8.085 0.000   3.880 0.000
