scripts/IMPROVE-2019_partial/data/US0059R.20040101070000.20191216000000.filterpack..pm25.52w.1w.US03L_filterpack_US0059.US03L_IMPROVE_Davis.lev2.nas
66 1001
MISSING INFORMATION
US03L, IMPROVE, , , , , , , 
MISSING INFORMATION
IMPROVE sel_HTAP
1 1
2004 01 01 2019 12 16
3.000000
days from file reference point
27
1 1 1 1 1 1 1 1 1 1 1 1 1 1 1 1 1 1 1 1 1 1 1 1 1 1 1
999.999999 9999.99 9.999 99.99 9.999 9.999 9.999999 9.99 9.999999 99.999 9.999 99.999 9.999 99.999 9.999 99.99 9.999999 999.999 9.999 999.999 9.999 999.999 9.999 9.999 9.999 9.999 9.999
end_time of measurement, days from the file reference point
iron, ng/m3, Revision date=20181210133000
numflag iron, no unit, Revision date=20181210133000
lead, ng/m3, Revision date=20181210133000
numflag lead, no unit, Revision date=20181210133000
magnesium, ug/m3, Revision date=20181210133000
numflag magnesium, no unit, Revision date=20181210133000
nickel, ng/m3, Revision date=20181210133000
numflag nickel, no unit, Revision date=20181210133000
nitrate, ug N/m3, Revision date=20181210133000
numflag nitrate, no unit, Revision date=20181210133000
organic_carbon, ug C/m3, Revision date=20181210133000
numflag organic_carbon, no unit, Revision date=20181210133000
organic_mass, ug/m3, Revision date=20181210133000
numflag organic_mass, no unit, Revision date=20181210133000
phosphorus, ng/m3, Revision date=20181210133000
numflag phosphorus, no unit, Revision date=20181210133000
pm10_mass, ug/m3, Version=2, Version description=Data extracted from http://views.cira.colostate.edu/fed/DataWizard 2019-12-16, Sample duration=1d, Orig. time res.=3d, Matrix=pm10, Blank correction=Blank corrected, Volume std. temperature=ambient, Volume std. pressure=ambient
numflag pm10_mass, no unit, Version=2, Version description=Data extracted from http://views.cira.colostate.edu/fed/DataWizard 2019-12-16, Sample duration=1d, Orig. time res.=3d, Matrix=pm10, Blank correction=Blank corrected, Volume std. temperature=ambient, Volume std. pressure=ambient
pm10_pm25_mass, ug/m3, Revision date=20181210133000, Matrix=pm10_pm25
numflag pm10_pm25_mass, no unit, Revision date=20181210133000, Matrix=pm10_pm25
pm25_mass, ug/m3, Version=2, Version description=Data extracted from http://views.cira.colostate.edu/fed/DataWizard 2019-12-16, Sample duration=1d, Orig. time res.=3d, Blank correction=Blank corrected, Volume std. temperature=ambient, Volume std. pressure=ambient
numflag pm25_mass, no unit, Version=2, Version description=Data extracted from http://views.cira.colostate.edu/fed/DataWizard 2019-12-16, Sample duration=1d, Orig. time res.=3d, Blank correction=Blank corrected, Volume std. temperature=ambient, Volume std. pressure=ambient
potassium, ug/m3, Revision date=20181210133000
numflag potassium, no unit, Revision date=20181210133000
sulphate_total, ug S/m3, Revision date=20181210133000
numflag sulphate_total, no unit, Revision date=20181210133000
0
25
Data definition:              EBAS_1.1
Set type code:                TU
Timezone:                     UTC
File name:                    US0059R.20040101070000.20191216000000.filterpack..pm25.52w.1w.US03L_filterpack_US0059.US03L_IMPROVE_Davis.lev2.nas
File creation:                20191218115907
Startdate:                    20040101070000
Revision date:                20191216000000
Statistics:                   arithmetic mean
Data level:                   2
Period code:                  52w
Resolution code:              1w
Station code:                 US0059R
Platform code:                US0059S
Station name:                 Crescent Lake
Station latitude:             41.7627
Station longitude:            -102.4336
Station altitude:             1207.0 m
Regime:                       IMG
Component:                    
Matrix:                       pm25
Laboratory code:              US03L
Instrument type:              filterpack
Instrument name:              filterpack_US0059
Method ref:                   US03L_IMPROVE_Davis
starttime endtime Fe flag_Fe Pb flag_Pb Mg++ flag_Mg++ Ni flag_Ni NO3- flag_NO3- OC flag_OC OM flag_OM P flag_P PM10 flag_PM10 PM10-PM2.5 flag_PM10-PM2.5 PM2.5 flag_PM2.5 K+ flag_K+ SO4-- flag_SO4--
[from data line 82]
246.291667 247.291667 9999.99 0.999 99.99 0.999 9.999 0.999000 9.99 0.999000 99.999 0.999 99.999 0.999 99.999 0.999 99.99 0.999000 999.999 0.999 999.999 0.999 999.999 0.999 9.999 0.999 9.999 0.999
249.291667 250.291667 9999.99 0.999 99.99 0.999 9.999 0.999000 9.99 0.999000 99.999 0.999 99.999 0.999 99.999 0.999 99.99 0.999000 999.999 0.999 999.999 0.999 999.999 0.999 9.999 0.999 9.999 0.999
252.291667 253.291667 9999.99 0.999 99.99 0.999 9.999 0.999000 9.99 0.999000 99.999 0.999 99.999 0.999 99.999 0.999 99.99 0.999000 999.999 0.999 999.999 0.999 999.999 0.999 9.999 0.999 9.999 0.999
255.291667 256.291667 9999.99 0.999 99.99 0.999 9.999 0.999000 9.99 0.999000 99.999 0.999 99.999 0.999 99.999 0.999 99.99 0.999000 999.999 0.999 999.999 0.999 999.999 0.999 9.999 0.999 9.999 0.999
258.291667 259.291667    5.73 0.000  0.23 0.000 0.105 0.000000 0.16 0.000000  0.017 0.000  0.425 0.000  0.596 0.000 99.99 0.259000   3.368 0.000   2.363 0.000   1.005 0.000 0.006 0.000 0.117 0.000
261.291667 262.291667   30.97 0.000  0.77 0.000 9.999 0.259000 9.99 0.259000  0.173 0.000  1.573 0.000  2.202 0.000 99.99 0.259000  17.424 0.000  10.969 0.000   6.455 0.000 0.030 0.000 0.650 0.000
264.291667 265.291667    3.14 0.000  0.38 0.000 9.999 0.259000 9.99 0.259000  0.018 0.000  0.033 0.000  0.045 0.000 99.99 0.259000   1.302 0.000   0.605 0.000   0.697 0.000 0.006 0.000 0.114 0.000
267.291667 268.291667   10.08 0.000  0.23 0.000 9.999 0.259000 0.07 0.000000  0.019 0.559  0.482 0.000  0.675 0.000  9.42 0.000000   4.283 0.000   2.502 0.000   1.781 0.000 0.010 0.000 0.141 0.559
270.291667 271.291667   15.78 0.000  0.57 0.000 0.085 0.000000 9.99 0.259000  0.082 0.000  1.008 0.000  1.411 0.000 99.99 0.259000   7.949 0.000   4.188 0.000   3.760 0.000 0.017 0.000 0.370 0.000
273.291667 274.291667   23.73 0.000  0.77 0.000 9.999 0.259000 9.99 0.259000  0.275 0.000  1.137 0.000  1.592 0.000 99.99 0.259000  11.630 0.000   4.071 0.000   7.559 0.000 0.028 0.000 0.898 0.000
276.291667 277.291667   15.94 0.000  0.77 0.000 9.999 0.259000 0.12 0.000000  0.157 0.559  1.150 0.000  1.609 0.000 99.99 0.259000   6.696 0.000   2.845 0.000   3.851 0.000 0.014 0.000 0.266 0.559
279.291667 280.291667    7.92 0.000  0.75 0.000 9.999 0.259000 0.14 0.000000  0.189 0.000  0.808 0.000  1.131 0.000 99.99 0.259000  12.725 0.000   8.981 0.000   3.744 0.000 0.016 0.000 0.422 0.000
282.291667 283.291667   30.17 0.000  0.35 0.000 0.093 0.000000 9.99 0.259000  0.040 0.000  0.686 0.000  0.960 0.000 99.99 0.259000   8.816 0.000   5.835 0.000   2.980 0.000 0.025 0.000 0.190 0.000
285.291667 286.291667   52.70 0.000  0.35 0.000 9.999 0.259000 0.06 0.000000  0.074 0.000  0.757 0.000  1.060 0.000 99.99 0.259000  18.181 0.000  13.894 0.000   4.287 0.000 0.030 0.000 0.297 0.000
288.291667 289.291667   12.51 0.000  0.42 0.000 9.999 0.259000 9.99 0.259000  0.019 0.000  0.196 0.000  0.274 0.000 99.99 0.259000   2.301 0.000   1.168 0.000   1.133 0.000 0.010 0.000 0.095 0.000
291.291667 292.291667   18.60 0.000  0.69 0.000 0.045 0.000000 9.99 0.259000  0.179 0.000  0.824 0.000  1.153 0.000 99.99 0.259000   5.489 0.000   2.530 0.000   2.959 0.000 0.017 0.000 0.219 0.000
294.291667 295.291667   10.29 0.000  0.52 0.000 9.999 0.259000 0.19 0.000000  0.551 0.000  0.781 0.000  1.093 0.000 99.99 0.259000   8.158 0.000   1.514 0.000   6.644 0.000 0.012 0.000 0.701 0.000
297.291667 298.291667    8.91 0.000  0.68 0.000 9.999 0.259000 9.99 0.259000  0.013 0.000  0.326 0.000  0.457 0.000 99.99 0.259000   3.619 0.000   1.205 0.000   2.414 0.000 0.012 0.000 0.169 0.000
300.291667 301.291667    9.38 0.000  0.86 0.000 9.999 0.259000 9.99 0.259000  0.483 0.000  0.641 0.000  0.898 0.000 99.99 0.259000   8.158 0.000   2.175 0.000   5.982 0.000 0.018 0.000 0.398 0.000
303.291667 304.291667    8.63 0.000  0.40 0.000 9.999 0.259000 9.99 0.259000  0.039 0.000  0.950 0.000  1.329 0.000 99.99 0.259000   5.355 0.000   1.913 0.000   3.442 0.000 0.017 0.000 0.242 0.000
306.291667 307.291667    9.55 0.000  1.36 0.000 9.999 0.259000 9.99 0.259000  0.313 0.000  0.434 0.000  0.608 0.000 99.99 0.259000   3.642 0.000   1.018 0.000   2.624 0.000 0.010 0.000 0.113 0.000
309.291667 310.291667   13.74 0.000  0.46 0.000 9.999 0.259000 9.99 0.259000  0.334 0.000  0.332 0.000  0.465 0.000 99.99 0.259000   5.606 0.000   3.528 0.000   2.077 0.000 0.009 0.000 0.158 0.000
312.291667 313.291667   39.83 0.000  0.96 0.000 9.999 0.259000 0.16 0.000000  0.232 0.000  0.650 0.000  0.911 0.000 99.99 0.259000  11.337 0.000   7.584 0.000   3.753 0.000 0.037 0.000 0.186 0.000
315.291667 316.291667   18.45 0.000  0.65 0.000 9.999 0.259000 9.99 0.259000  0.087 0.559  0.297 0.000  0.415 0.000 99.99 0.259000   2.786 0.000   0.860 0.000   1.926 0.000 0.032 0.000 0.125 0.559
318.291667 319.291667   12.38 0.000  1.30 0.000 0.158 0.000000 9.99 0.259000  0.550 0.559  0.283 0.000  0.396 0.000 99.99 0.259000   5.187 0.000 999.999 0.259   5.733 0.000 0.012 0.000 0.401 0.559
321.291667 322.291667   32.01 0.000  0.51 0.000 0.131 0.000000 9.99 0.259000  0.191 0.000  0.493 0.000  0.691 0.000 99.99 0.259000   9.428 0.000   6.490 0.000   2.938 0.000 0.019 0.000 0.201 0.000
324.291667 325.291667   12.61 0.000  0.29 0.000 9.999 0.259000 9.99 0.259000  0.078 0.559  0.380 0.000  0.533 0.000 99.99 0.259000   4.335 0.000   2.540 0.000   1.795 0.000 0.015 0.000 0.105 0.559
327.291667 328.291667    7.45 0.000 99.99 0.259 9.999 0.259000 9.99 0.259000  0.106 0.559  0.194 0.000  0.272 0.000 99.99 0.259000   3.257 0.000   1.915 0.000   1.342 0.000 0.007 0.000 0.101 0.559
330.291667 331.291667    5.45 0.000  0.42 0.000 9.999 0.259000 0.14 0.000000  0.044 0.000  0.138 0.000  0.193 0.000 99.99 0.259000   2.483 0.000   1.346 0.000   1.137 0.000 0.004 0.000 0.118 0.000
333.291667 334.291667    4.15 0.000  0.47 0.000 9.999 0.259000 9.99 0.259000  0.291 0.559  0.632 0.000  0.885 0.000  8.59 0.000000   4.700 0.000   0.334 0.000   4.366 0.000 0.038 0.000 0.309 0.559
336.291667 337.291667   10.10 0.000  0.53 0.000 0.038 0.000000 0.15 0.000000  0.405 0.000  0.330 0.000  0.462 0.000 99.99 0.259000   4.870 0.000   1.325 0.000   3.545 0.000 0.009 0.000 0.132 0.000
339.291667 340.291667   19.04 0.000  1.50 0.000 9.999 0.259000 9.99 0.259000  1.452 0.000  0.630 0.000  0.882 0.000 99.99 0.259000  13.720 0.000   2.885 0.000  10.836 0.000 0.016 0.000 0.166 0.000
342.291667 343.291667    8.33 0.000  0.27 0.000 0.077 0.000000 0.26 0.000000  0.165 0.000  0.171 0.000  0.240 0.000 99.99 0.259000   2.703 0.000   1.296 0.000   1.407 0.000 0.007 0.000 0.140 0.000
345.291667 346.291667   16.86 0.000  0.78 0.000 9.999 0.259000 9.99 0.259000  0.075 0.000  0.183 0.000  0.256 0.000 99.99 0.259000   5.032 0.000   4.052 0.000   0.979 0.000 0.010 0.000 0.083 0.000
348.291667 349.291667   20.10 0.000  0.69 0.000 9.999 0.259000 0.14 0.000000  0.292 0.000  0.223 0.000  0.312 0.000 99.99 0.259000   3.436 0.000   0.771 0.000   2.664 0.000 0.014 0.000 0.128 0.000
351.291667 352.291667   11.42 0.000  0.31 0.000 0.062 0.000000 0.21 0.000000  0.026 0.000  0.069 0.000  0.097 0.000 99.99 0.259000   3.221 0.000   2.577 0.000   0.645 0.000 0.007 0.000 0.064 0.000
354.291667 355.291667   16.78 0.000  0.23 0.000 0.075 0.000000 9.99 0.259000  0.013 0.000  0.217 0.000  0.304 0.000  4.80 0.000000   9.329 0.000   8.495 0.000   0.835 0.000 0.011 0.000 0.039 0.000
357.291667 358.291667   10.39 0.559  0.93 0.559 0.045 0.559000 0.24 0.559000  0.133 0.000  0.292 0.000  0.409 0.000 99.99 0.559259   8.994 0.000   6.537 0.000   2.458 0.559 0.019 0.559 0.233 0.000
360.291667 361.291667    6.76 0.000  0.61 0.000 0.040 0.000000 9.99 0.259000  0.236 0.000  0.299 0.000  0.419 0.000 99.99 0.259000   3.784 0.000   1.695 0.000   2.089 0.000 0.008 0.000 0.126 0.000
363.291667 364.291667   16.15 0.000  0.62 0.000 9.999 0.259000 9.99 0.259000  0.644 0.000  0.331 0.000  0.464 0.000 99.99 0.259000   8.660 0.000   3.606 0.000   5.053 0.000 0.018 0.000 0.144 0.000
