scripts/IMPROVE-2019_partial/data/US0023R.20170101080000.20191216000000.filterpack...52w.3d.US03L_filterpack_US0023.US03L_IMPROVE_Davis.lev2.nas
52 1001
MISSING INFORMATION
US03L, IMPROVE, , , , , , , 
MISSING INFORMATION
IMPROVE sel_HTAP
1 1
2017 01 01 2019 12 16
3.000000
days from file reference point
5
1 1 1 1 1
999.999999 999.999 9.999 999.999 9.999
end_time of measurement, days from the file reference point
pm10_mass, ug/m3, Matrix=pm10
numflag pm10_mass, no unit, Matrix=pm10
pm25_mass, ug/m3, Matrix=pm25
numflag pm25_mass, no unit, Matrix=pm25
0
33
Data definition:              EBAS_1.1
Set type code:                TU
Timezone:                     UTC
File name:                    US0023R.20170101080000.20191216000000.filterpack...52w.3d.US03L_filterpack_US0023.US03L_IMPROVE_Davis.lev2.nas
File creation:                20191218115657
Startdate:                    20170101080000
Revision date:                20191216000000
Version:                      2
Version description:          "Data extracted from http://views.cira.colostate.edu/fed/DataWizard 2019-12-16"
Statistics:                   arithmetic mean
Data level:                   2
Period code:                  52w
Resolution code:              3d
Sample duration:              1d
Orig. time res.:              3d
Station code:                 US0023R
Platform code:                US0023S
Station name:                 Hoover
Station latitude:             38.0881
Station longitude:            -119.1771
Station altitude:             2560.0 m
Regime:                       IMG
Component:                    
Unit:                         ug/m3
Matrix:                       
Laboratory code:              US03L
Instrument type:              filterpack
Instrument name:              filterpack_US0023
Method ref:                   US03L_IMPROVE_Davis
Blank correction:             Blank corrected
Volume std. temperature:      ambient
Volume std. pressure:         ambient
starttime endtime PM10 flag_PM10 PM2.5 flag_PM2.5
  0.333333   1.333333   2.363 0.000   0.751 0.000
  3.333333   4.333333   0.212 0.000 999.999 0.259
  6.333333   7.333333   0.848 0.000   0.187 0.000
  9.333333  10.333333   1.103 0.000   0.282 0.000
 12.333333  13.333333 999.999 0.999 999.999 0.999
 15.333333  16.333333 999.999 0.999 999.999 0.999
 18.333333  19.333333   0.634 0.000   0.189 0.000
 21.333333  22.333333   0.127 0.000   0.063 0.000
 24.333333  25.333333   1.106 0.000   0.282 0.000
 27.333333  28.333333   0.633 0.000   0.336 0.000
 30.333333  31.333333   1.611 0.000   0.561 0.000
 33.333333  34.333333   0.844 0.000   0.249 0.000
 36.333333  37.333333   0.465 0.000   0.250 0.000
 39.333333  40.333333   0.506 0.000   0.465 0.000
 42.333333  43.333333   0.803 0.000   0.528 0.000
 45.333333  46.333333 999.999 0.999 999.999 0.999
 48.333333  49.333333 999.999 0.456   0.094 0.000
 51.333333  52.333333   0.716 0.000   0.280 0.000
 54.333333  55.333333 999.999 0.999 999.999 0.999
 57.333333  58.333333 999.999 0.999 999.999 0.999
 60.333333  61.333333 999.999 0.999 999.999 0.999
 63.333333  64.333333 999.999 0.999 999.999 0.999
 66.333333  67.333333   1.208 0.000   0.578 0.000
 69.333333  70.333333   1.867 0.000   1.095 0.000
 72.333333  73.333333   2.153 0.000   1.747 0.000
 75.333333  76.333333 999.999 0.999 999.999 0.999
 78.333333  79.333333 999.999 0.999 999.999 0.999
 81.333333  82.333333   1.507 0.000   0.990 0.000
 84.333333  85.333333   2.590 0.000   1.484 0.000
 87.333333  88.333333   2.693 0.000   1.398 0.000
 90.333333  91.333333   2.545 0.000   1.194 0.000
 93.333333  94.333333   2.204 0.000   1.441 0.000
 96.333333  97.333333   1.178 0.000   0.187 0.000
 99.333333 100.333333   8.768 0.000   7.234 0.000
102.333333 103.333333   2.436 0.000   0.809 0.000
105.333333 106.333333   3.824 0.000   2.153 0.000
108.333333 109.333333   7.216 0.000   4.613 0.000
111.333333 112.333333   4.316 0.000   2.718 0.000
114.333333 115.333333 999.999 0.456   1.944 0.000
117.333333 118.333333 999.999 0.999 999.999 0.999
120.333333 121.333333 999.999 0.999 999.999 0.999
123.333333 124.333333   6.071 0.000   2.967 0.000
126.333333 127.333333   3.672 0.000   2.049 0.000
129.333333 130.333333   7.295 0.000   4.675 0.000
132.333333 133.333333   3.261 0.000   1.818 0.000
135.333333 136.333333 999.999 0.456   1.117 0.000
138.333333 139.333333   2.560 0.000   1.338 0.000
141.333333 142.333333   6.340 0.000   3.382 0.000
144.333333 145.333333   4.982 0.000   2.522 0.000
147.333333 148.333333   3.366 0.000   1.580 0.000
150.333333 151.333333   6.492 0.000   3.774 0.000
153.333333 154.333333   7.650 0.000   4.603 0.000
156.333333 157.333333   6.448 0.000   3.483 0.000
159.333333 160.333333   3.006 0.000   1.150 0.000
162.333333 163.333333   2.426 0.000   0.909 0.000
165.333333 166.333333   4.942 0.000   2.733 0.000
168.333333 169.333333   8.627 0.000   2.752 0.000
171.333333 172.333333  13.894 0.000   5.852 0.000
174.333333 175.333333   9.934 0.000   3.504 0.000
177.333333 178.333333   2.783 0.000   1.092 0.000
180.333333 181.333333   9.716 0.000   4.031 0.000
183.333333 184.333333  14.083 0.000   7.751 0.000
186.333333 187.333333   9.973 0.000   5.605 0.000
189.333333 190.333333  14.749 0.000  10.907 0.000
192.333333 193.333333   9.561 0.000   5.455 0.000
195.333333 196.333333  10.534 0.000   6.975 0.000
198.333333 199.333333  47.356 0.000  33.845 0.000
201.333333 202.333333  23.060 0.000  17.682 0.000
204.333333 205.333333  10.193 0.000   5.124 0.000
207.333333 208.333333   9.070 0.000   3.443 0.000
210.333333 211.333333   8.033 0.000   3.206 0.000
213.333333 214.333333  10.659 0.000   5.433 0.000
216.333333 217.333333  12.669 0.000   8.837 0.000
219.333333 220.333333  10.928 0.000   6.610 0.000
222.333333 223.333333  13.455 0.000   9.208 0.000
225.333333 226.333333  44.657 0.000  41.112 0.000
228.333333 229.333333  11.587 0.000   4.752 0.000
231.333333 232.333333   6.902 0.000   4.150 0.000
234.333333 235.333333  14.701 0.000   8.796 0.000
237.333333 238.333333  13.748 0.000   8.257 0.000
240.333333 241.333333  20.656 0.000  14.502 0.000
243.333333 244.333333  12.664 0.000   7.126 0.000
246.333333 247.333333   9.869 0.000   5.202 0.000
249.333333 250.333333 999.999 0.999 999.999 0.999
252.333333 253.333333 999.999 0.999 999.999 0.999
255.333333 256.333333 999.999 0.999 999.999 0.999
258.333333 259.333333 999.999 0.999 999.999 0.999
261.333333 262.333333 999.999 0.999 999.999 0.999
264.333333 265.333333 999.999 0.999 999.999 0.999
267.333333 268.333333 999.999 0.999 999.999 0.999
270.333333 271.333333 999.999 0.999 999.999 0.999
273.333333 274.333333 999.999 0.999 999.999 0.999
276.333333 277.333333   5.688 0.000   2.062 0.000
279.333333 280.333333   2.518 0.000   1.300 0.000
282.333333 283.333333   7.849 0.000   4.058 0.000
285.333333 286.333333   5.592 0.000   3.890 0.000
288.333333 289.333333  11.699 0.000  10.120 0.000
291.333333 292.333333  15.556 0.000   6.977 0.000
294.333333 295.333333   1.371 0.000   1.004 0.000
297.333333 298.333333   1.610 0.000   1.188 0.000
300.333333 301.333333   1.736 0.000   1.290 0.000
303.333333 304.333333   6.564 0.000   3.503 0.000
306.333333 307.333333 999.999 0.999 999.999 0.999
309.333333 310.333333 999.999 0.999 999.999 0.999
312.333333 313.333333   4.981 0.000   1.497 0.000
315.333333 316.333333   1.966 0.000   0.891 0.000
318.333333 319.333333   2.870 0.000   1.287 0.000
321.333333 322.333333   1.685 0.000   1.093 0.000
324.333333 325.333333   1.184 0.000   0.898 0.000
327.333333 328.333333   0.954 0.000   0.443 0.000
330.333333 331.333333   0.338 0.000   0.259 0.000
333.333333 334.333333   1.174 0.000   0.955 0.000
336.333333 337.333333   1.273 0.000   0.456 0.000
339.333333 340.333333   0.506 0.000   0.128 0.000
342.333333 343.333333   0.421 0.000   0.254 0.000
345.333333 346.333333   0.170 0.000   0.064 0.000
348.333333 349.333333   3.381 0.000   2.931 0.000
351.333333 352.333333   0.794 0.000   0.349 0.000
354.333333 355.333333   0.427 0.000   0.260 0.000
357.333333 358.333333   0.838 0.000   0.542 0.000
360.333333 361.333333   0.752 0.000   0.349 0.000
363.333333 364.333333   0.585 0.000   0.383 0.000
