scripts/IMPROVE-2019_partial/data/US0067R.20040101060000.20191216000000.filterpack..pm25.52w.1w.US03L_filterpack_US0067.US03L_IMPROVE_Davis.lev2.nas
66 1001
MISSING INFORMATION
US03L, IMPROVE, , , , , , , 
MISSING INFORMATION
IMPROVE sel_HTAP
1 1
2004 01 01 2019 12 16
3.00
days from file reference point
27
1 1 1 1 1 1 1 1 1 1 1 1 1 1 1 1 1 1 1 1 1 1 1 1 1 1 1
999.99 9999.99 9.999 99.99 9.999999 9.999 9.999999 9.99 9.999999 99.999 9.999999 99.999 9.999 999.999 9.999 999.99 9.999999 999.999 9.999 999.999 9.999 999.999 9.999 9.999 9.999 99.999 9.999999
end_time of measurement, days from the file reference point
iron, ng/m3, Revision date=20181210133000
numflag iron, no unit, Revision date=20181210133000
lead, ng/m3, Revision date=20181210133000
numflag lead, no unit, Revision date=20181210133000
magnesium, ug/m3, Revision date=20181210133000
numflag magnesium, no unit, Revision date=20181210133000
nickel, ng/m3, Revision date=20181210133000
numflag nickel, no unit, Revision date=20181210133000
nitrate, ug N/m3, Revision date=20181210133000
numflag nitrate, no unit, Revision date=20181210133000
organic_carbon, ug C/m3, Revision date=20181210133000
numflag organic_carbon, no unit, Revision date=20181210133000
organic_mass, ug/m3, Revision date=20181210133000
numflag organic_mass, no unit, Revision date=20181210133000
phosphorus, ng/m3, Revision date=20181210133000
numflag phosphorus, no unit, Revision date=20181210133000
pm10_mass, ug/m3, Version=2, Version description=Data extracted from http://views.cira.colostate.edu/fed/DataWizard 2019-12-16, Sample duration=1d, Orig. time res.=3d, Matrix=pm10, Blank correction=Blank corrected, Volume std. temperature=ambient, Volume std. pressure=ambient
numflag pm10_mass, no unit, Version=2, Version description=Data extracted from http://views.cira.colostate.edu/fed/DataWizard 2019-12-16, Sample duration=1d, Orig. time res.=3d, Matrix=pm10, Blank correction=Blank corrected, Volume std. temperature=ambient, Volume std. pressure=ambient
pm10_pm25_mass, ug/m3, Revision date=20181210133000, Matrix=pm10_pm25
numflag pm10_pm25_mass, no unit, Revision date=20181210133000, Matrix=pm10_pm25
pm25_mass, ug/m3, Version=2, Version description=Data extracted from http://views.cira.colostate.edu/fed/DataWizard 2019-12-16, Sample duration=1d, Orig. time res.=3d, Blank correction=Blank corrected, Volume std. temperature=ambient, Volume std. pressure=ambient
numflag pm25_mass, no unit, Version=2, Version description=Data extracted from http://views.cira.colostate.edu/fed/DataWizard 2019-12-16, Sample duration=1d, Orig. time res.=3d, Blank correction=Blank corrected, Volume std. temperature=ambient, Volume std. pressure=ambient
potassium, ug/m3, Revision date=20181210133000
numflag potassium, no unit, Revision date=20181210133000
sulphate_total, ug S/m3, Revision date=20181210133000
numflag sulphate_total, no unit, Revision date=20181210133000
0
25
Data definition:              EBAS_1.1
Set type code:                TU
Timezone:                     UTC
File name:                    US0067R.20040101060000.20191216000000.filterpack..pm25.52w.1w.US03L_filterpack_US0067.US03L_IMPROVE_Davis.lev2.nas
File creation:                20191218115948
Startdate:                    20040101060000
Revision date:                20191216000000
Statistics:                   arithmetic mean
Data level:                   2
Period code:                  52w
Resolution code:              1w
Station code:                 US0067R
Platform code:                US0067S
Station name:                 Ellis
Station latitude:             36.0853
Station longitude:            -99.9354
Station altitude:             697.0 m
Regime:                       IMG
Component:                    
Matrix:                       pm25
Laboratory code:              US03L
Instrument type:              filterpack
Instrument name:              filterpack_US0067
Method ref:                   US03L_IMPROVE_Davis
starttime endtime Fe flag_Fe Pb flag_Pb Mg++ flag_Mg++ Ni flag_Ni NO3- flag_NO3- OC flag_OC OM flag_OM P flag_P PM10 flag_PM10 PM10-PM2.5 flag_PM10-PM2.5 PM2.5 flag_PM2.5 K+ flag_K+ SO4-- flag_SO4--
[from data line 80]
240.25 241.25   26.85 0.000  0.18 0.000000 9.999 0.259000 9.99 0.259000  0.011 0.559000  0.738 0.000   1.033 0.000 999.99 0.259000  11.274 0.000   8.866 0.000   2.409 0.000 0.019 0.000  0.163 0.559000
243.25 244.25   18.99 0.000  1.18 0.000000 9.999 0.259000 9.99 0.259000  0.044 0.000000  1.941 0.000   2.717 0.000 999.99 0.259000  11.397 0.000   4.856 0.000   6.541 0.000 0.026 0.000  0.521 0.000000
246.25 247.25   30.97 0.000  0.96 0.000000 9.999 0.259000 9.99 0.259000  0.027 0.000000  2.116 0.000   2.962 0.000 999.99 0.259000  19.683 0.000   7.719 0.000  11.963 0.000 0.040 0.000  1.571 0.000000
249.25 250.25   34.47 0.000  0.37 0.000000 0.069 0.000000 0.06 0.000000  0.014 0.559000  1.004 0.000   1.405 0.000 999.99 0.259000   9.395 0.000   6.624 0.000   2.772 0.000 0.018 0.000  0.134 0.559000
252.25 253.25   25.07 0.000  0.50 0.000000 9.999 0.259000 9.99 0.259000  0.025 0.559000  1.078 0.000   1.510 0.000 999.99 0.259000  14.793 0.000  10.852 0.000   3.941 0.000 0.019 0.000  0.255 0.559000
255.25 256.25   31.37 0.000  0.79 0.000000 9.999 0.259000 9.99 0.259000  0.028 0.000000  2.203 0.000   3.085 0.000 999.99 0.259000  20.012 0.000   7.757 0.000  12.255 0.000 0.057 0.000  1.658 0.000000
258.25 259.25   21.87 0.000  0.43 0.000000 0.135 0.000000 0.10 0.000000  0.028 0.559000  0.924 0.000   1.293 0.000 999.99 0.259000  12.745 0.000   8.723 0.000   4.022 0.000 0.023 0.000  0.422 0.559000
261.25 262.25   32.61 0.000  0.49 0.000000 9.999 0.259000 0.20 0.000000  0.035 0.559000  1.346 0.000   1.885 0.000 999.99 0.259000  15.676 0.000   7.261 0.000   8.415 0.000 0.042 0.000  0.995 0.559000
264.25 265.25   38.34 0.000  1.11 0.000000 9.999 0.259000 0.28 0.000000  0.045 0.559000  2.202 0.000   3.082 0.000 999.99 0.259000  18.450 0.000   6.352 0.000  12.098 0.000 0.082 0.000  1.332 0.559000
267.25 268.25    7.03 0.000  0.37 0.000000 9.999 0.259000 9.99 0.259000  0.036 0.559000  1.226 0.000   1.716 0.000 999.99 0.259000   5.136 0.000   2.133 0.000   3.003 0.000 0.006 0.000  0.140 0.559000
270.25 271.25   50.13 0.000  0.85 0.000000 9.999 0.259000 9.99 0.259000  0.063 0.559000  2.376 0.000   3.327 0.000 999.99 0.259000  20.422 0.000   8.576 0.000  11.846 0.000 0.058 0.000  1.369 0.559000
273.25 274.25   30.64 0.000  1.51 0.000000 9.999 0.259000 9.99 0.259000  0.051 0.559000  1.531 0.000   2.144 0.000 999.99 0.259000  16.437 0.000   7.472 0.000   8.965 0.000 0.034 0.000  1.088 0.559000
276.25 277.25   14.71 0.000  0.55 0.000000 9.999 0.259000 9.99 0.259000  0.020 0.559000  1.233 0.000   1.727 0.000 999.99 0.259000   8.547 0.000   4.713 0.000   3.834 0.000 0.016 0.000  0.390 0.559000
279.25 280.25   16.06 0.000  0.96 0.000000 9.999 0.259000 9.99 0.259000  0.116 0.559000  1.601 0.000   2.241 0.000 999.99 0.259000   9.410 0.000   2.276 0.000   7.134 0.000 0.053 0.000  0.627 0.559000
282.25 283.25   35.85 0.000  0.67 0.000000 0.075 0.000000 9.99 0.259000  0.126 0.559000  1.386 0.000   1.940 0.000 999.99 0.259000  10.582 0.000   4.080 0.000   6.502 0.000 0.026 0.000  0.606 0.559000
285.25 286.25   19.24 0.394  0.83 0.394000 9.999 0.394259 9.99 0.394259  0.186 0.559394  1.661 0.000   2.325 0.000 999.99 0.394259  10.186 0.000   3.538 0.000   6.648 0.000 0.022 0.394  0.828 0.559394
288.25 289.25   24.75 0.000  0.48 0.000000 9.999 0.259000 9.99 0.259000  0.022 0.559000  0.653 0.000   0.914 0.000 999.99 0.259000   6.171 0.000   4.048 0.000   2.124 0.000 0.016 0.000  0.114 0.559000
291.25 292.25   24.76 0.000  0.56 0.000000 9.999 0.259000 0.16 0.000000  0.138 0.559000  1.083 0.000   1.516 0.000 999.99 0.259000   9.492 0.000   4.555 0.000   4.938 0.000 0.023 0.000  0.430 0.559000
294.25 295.25   19.71 0.000  0.59 0.000000 9.999 0.259000 0.18 0.000000  0.097 0.559000  0.964 0.000   1.349 0.000 999.99 0.259000  11.054 0.000   5.282 0.000   5.771 0.000 0.025 0.000  0.616 0.559000
297.25 298.25   30.07 0.559  0.41 0.559000 9.999 0.559259 0.14 0.559000  0.023 0.559000  0.561 0.000   0.786 0.000 999.99 0.559259  10.606 0.000   7.986 0.000   2.620 0.559 0.022 0.559  0.160 0.559000
300.25 301.25    8.83 0.000  0.36 0.000000 9.999 0.259000 0.37 0.000000  0.057 0.559000  1.205 0.000   1.687 0.000 999.99 0.259000   9.656 0.000   2.522 0.000   7.135 0.000 0.022 0.000  1.137 0.559000
303.25 304.25   30.38 0.000  0.42 0.000000 9.999 0.259000 9.99 0.259000  0.014 0.559000  0.733 0.000   1.026 0.000 999.99 0.259000   6.944 0.000   4.493 0.000   2.451 0.000 0.019 0.000  0.147 0.559000
306.25 307.25    5.97 0.000  0.56 0.000000 9.999 0.259000 9.99 0.259000  0.177 0.559000  1.041 0.000   1.457 0.000 999.99 0.259000   4.896 0.000   1.874 0.000   3.022 0.000 0.021 0.000  0.325 0.559000
309.25 310.25   16.87 0.000  0.33 0.000000 9.999 0.259000 9.99 0.259000  0.062 0.559000  1.072 0.000   1.501 0.000 999.99 0.259000   5.663 0.000   3.473 0.000   2.190 0.000 0.030 0.000  0.113 0.559000
312.25 313.25   42.24 0.000  1.97 0.000000 9.999 0.259000 0.14 0.000000  0.085 0.559000  1.537 0.000   2.152 0.000 999.99 0.259000  12.194 0.000   6.601 0.000   5.593 0.000 0.046 0.000  0.416 0.559000
315.25 316.25   16.76 0.000  0.38 0.000000 9.999 0.259000 9.99 0.259000  0.117 0.559000  0.591 0.000   0.828 0.000   7.42 0.000000   5.539 0.000   3.506 0.000   2.033 0.000 0.042 0.000  0.130 0.559000
318.25 319.25   24.01 0.000  2.77 0.000000 0.120 0.000000 0.34 0.000000  0.510 0.559000  0.923 0.000   1.292 0.000 999.99 0.259000   7.277 0.000   1.428 0.000   5.850 0.000 0.029 0.000  0.438 0.559000
321.25 322.25    1.59 0.000  0.27 0.000000 9.999 0.259000 0.13 0.000000  0.024 0.000000  0.614 0.000   0.860 0.000 999.99 0.259000   1.972 0.000   1.003 0.000   0.970 0.000 0.007 0.000  0.081 0.000000
324.25 325.25    9.16 0.000  0.48 0.000000 9.999 0.259000 0.23 0.000000  0.289 0.559000  0.475 0.000   0.665 0.000 999.99 0.259000   4.191 0.000   0.831 0.000   3.360 0.000 0.015 0.000  0.295 0.559000
327.25 328.25    1.94 0.000  0.43 0.000000 9.999 0.259000 9.99 0.259000  0.125 0.000000  0.249 0.000   0.349 0.000 999.99 0.259000   2.055 0.000   0.647 0.000   1.407 0.000 0.005 0.000  0.215 0.000000
330.25 331.25    8.19 0.000  0.43 0.000000 9.999 0.259000 0.11 0.000000  0.134 0.559000  0.956 0.000   1.338 0.000 999.99 0.259000   3.575 0.000   0.951 0.000   2.624 0.000 0.007 0.000  0.204 0.559000
333.25 334.25    4.13 0.000  0.72 0.000000 9.999 0.259000 0.09 0.000000  0.301 0.559000  0.650 0.000   0.910 0.000 999.99 0.259000   5.219 0.000   1.715 0.000   3.503 0.000 0.009 0.000  0.353 0.559000
336.25 337.25   21.18 0.000  0.46 0.000000 0.054 0.000000 0.10 0.000000  0.407 0.559000  0.947 0.000   1.326 0.000 999.99 0.259000   4.792 0.000   1.568 0.000   3.224 0.000 0.015 0.000  0.150 0.559000
339.25 340.25   13.98 0.000  0.81 0.000000 9.999 0.259000 0.17 0.000000  0.107 0.559000  0.603 0.000   0.845 0.000 999.99 0.259000   4.752 0.000   1.899 0.000   2.852 0.000 0.018 0.000  0.267 0.559000
342.25 343.25 9999.99 0.999 99.99 0.999000 9.999 0.999000 9.99 0.999000 99.999 0.999000 99.999 0.999 999.999 0.999 999.99 0.999000 999.999 0.999 999.999 0.999 999.999 0.999 9.999 0.999 99.999 0.999000
345.25 346.25   29.94 0.000  1.43 0.000000 0.048 0.000000 0.10 0.000000  0.037 0.559000  0.428 0.000   0.599 0.000 999.99 0.259000   5.198 0.000   3.415 0.000   1.783 0.000 0.015 0.000  0.126 0.559000
348.25 349.25   21.20 0.000  0.20 0.000000 9.999 0.259000 0.21 0.000000  0.059 0.559000  0.300 0.000   0.420 0.000 999.99 0.259000   4.491 0.000   3.411 0.000   1.080 0.000 0.009 0.000  0.055 0.559000
351.25 352.25   28.33 0.000  0.34 0.000000 0.037 0.000000 0.18 0.000000  0.128 0.559000  0.392 0.000   0.549 0.000 999.99 0.259000   6.819 0.000   5.075 0.000   1.744 0.000 0.011 0.000  0.096 0.559000
354.25 355.25 9999.99 0.999 99.99 0.999000 9.999 0.999000 9.99 0.999000 99.999 0.999000 99.999 0.999 999.999 0.999 999.99 0.999000 999.999 0.999 999.999 0.999 999.999 0.999 9.999 0.999 99.999 0.999000
357.25 358.25   20.74 0.000  0.75 0.000000 9.999 0.259000 9.99 0.259000  0.363 0.559000  0.404 0.000   0.565 0.000 999.99 0.259000   8.544 0.000   4.315 0.000   4.228 0.000 0.023 0.000  0.290 0.559000
360.25 361.25   16.73 0.000  0.47 0.000000 9.999 0.259000 0.16 0.000000  0.362 0.559000  0.829 0.000   1.160 0.000 999.99 0.259000   5.313 0.000   2.074 0.000   3.239 0.000 0.010 0.000  0.197 0.559000
363.25 364.25 9999.99 0.999 99.99 0.999000 9.999 0.999000 9.99 0.999000 99.999 0.999000 99.999 0.999 999.999 0.999 999.99 0.999000 999.999 0.999 999.999 0.999 999.999 0.999 9.999 0.999 99.999 0.999000
