scripts/IMPROVE-2019_partial/data/US0095R.20130101070000.20191216000000.filterpack...52w.3d.US03L_filterpack_US0095.US03L_IMPROVE_Davis.lev2.nas
52 1001
MISSING INFORMATION
US03L, IMPROVE, , , , , , , 
MISSING INFORMATION
IMPROVE sel_HTAP
1 1
2013 01 01 2019 12 16
3.000000
days from file reference point
5
1 1 1 1 1
999.999999 999.999 9.999 99.999 9.999
end_time of measurement, days from the file reference point
pm10_mass, ug/m3, Matrix=pm10
numflag pm10_mass, no unit, Matrix=pm10
pm25_mass, ug/m3, Matrix=pm25
numflag pm25_mass, no unit, Matrix=pm25
0
33
Data definition:              EBAS_1.1
Set type code:                TU
Timezone:                     UTC
File name:                    US0095R.20130101070000.20191216000000.filterpack...52w.3d.US03L_filterpack_US0095.US03L_IMPROVE_Davis.lev2.nas
File creation:                20191218120151
Startdate:                    20130101070000
Revision date:                20191216000000
Version:                      2
Version description:          "Data extracted from http://views.cira.colostate.edu/fed/DataWizard 2019-12-16"
Statistics:                   arithmetic mean
Data level:                   2
Period code:                  52w
Resolution code:              3d
Sample duration:              1d
Orig. time res.:              3d
Station code:                 US0095R
Platform code:                US0095S
Station name:                 Petrified Forest NP
Station latitude:             35.0777
Station longitude:            -109.7692
Station altitude:             1766.0 m
Regime:                       IMG
Component:                    
Unit:                         ug/m3
Matrix:                       
Laboratory code:              US03L
Instrument type:              filterpack
Instrument name:              filterpack_US0095
Method ref:                   US03L_IMPROVE_Davis
Blank correction:             Blank corrected
Volume std. temperature:      ambient
Volume std. pressure:         ambient
starttime endtime PM10 flag_PM10 PM2.5 flag_PM2.5
  0.291667   1.291667 999.999 0.999 99.999 0.999
  3.291667   4.291667 999.999 0.999 99.999 0.999
  6.291667   7.291667 999.999 0.999 99.999 0.999
  9.291667  10.291667   7.675 0.000  1.942 0.000
 12.291667  13.291667   2.217 0.000  0.862 0.000
 15.291667  16.291667   2.262 0.000  1.339 0.000
 18.291667  19.291667   4.303 0.000  2.321 0.000
 21.291667  22.291667   3.557 0.000  2.194 0.000
 24.291667  25.291667   2.491 0.000  1.731 0.000
 27.291667  28.291667   1.616 0.000  0.941 0.000
 30.291667  31.291667   1.857 0.000  0.987 0.000
 33.291667  34.291667   2.227 0.000  1.474 0.000
 36.291667  37.291667   2.053 0.000  1.231 0.000
 39.291667  40.291667   3.493 0.000  0.909 0.000
 42.291667  43.291667   2.198 0.000  1.714 0.000
 45.291667  46.291667   1.978 0.000  1.192 0.000
 48.291667  49.291667   3.696 0.000  1.500 0.000
 51.291667  52.291667   1.524 0.000  0.908 0.000
 54.291667  55.291667   3.000 0.000  0.907 0.000
 57.291667  58.291667   3.054 0.000  1.044 0.000
 60.291667  61.291667   2.283 0.000  1.362 0.000
 63.291667  64.291667 999.999 0.999 99.999 0.999
 66.291667  67.291667   1.853 0.000  2.053 0.000
 69.291667  70.291667 999.999 0.999 99.999 0.999
 72.291667  73.291667   4.364 0.000  1.923 0.000
 75.291667  76.291667  11.733 0.000  3.514 0.000
 78.291667  79.291667   8.606 0.000  3.799 0.000
 81.291667  82.291667 999.999 0.999 99.999 0.999
 84.291667  85.291667 999.999 0.999 99.999 0.999
 87.291667  88.291667   6.822 0.000  2.723 0.000
 90.291667  91.291667   8.196 0.000 99.999 0.456
 93.291667  94.291667   5.210 0.000  2.331 0.000
 96.291667  97.291667  10.160 0.000  4.034 0.000
 99.291667 100.291667 999.999 0.999 99.999 0.999
102.291667 103.291667 999.999 0.999 99.999 0.999
105.291667 106.291667 999.999 0.999 99.999 0.999
108.291667 109.291667   8.241 0.000  2.960 0.000
111.291667 112.291667  12.764 0.000  4.944 0.000
114.291667 115.291667  11.194 0.000  4.556 0.000
117.291667 118.291667  10.934 0.000  5.476 0.000
120.291667 121.291667  29.085 0.000  8.936 0.000
123.291667 124.291667  27.110 0.000  8.470 0.000
126.291667 127.291667   7.782 0.000  3.654 0.000
129.291667 130.291667   4.881 0.000  2.294 0.000
132.291667 133.291667   7.768 0.000  3.891 0.000
135.291667 136.291667  13.191 0.000  4.937 0.000
138.291667 139.291667  12.393 0.000  4.912 0.000
141.291667 142.291667  12.307 0.000  4.071 0.000
144.291667 145.291667  10.214 0.000  4.622 0.000
147.291667 148.291667  11.577 0.000  4.800 0.000
150.291667 151.291667  16.243 0.000  6.244 0.000
153.291667 154.291667   8.465 0.000  3.516 0.000
156.291667 157.291667  20.750 0.000  5.395 0.000
159.291667 160.291667  15.777 0.000  4.276 0.000
162.291667 163.291667 999.999 0.999 99.999 0.999
165.291667 166.291667 999.999 0.999 99.999 0.999
168.291667 169.291667  10.729 0.000  3.503 0.659
171.291667 172.291667  12.790 0.000  3.585 0.659
174.291667 175.291667  10.029 0.000  2.409 0.659
177.291667 178.291667  13.372 0.000  3.027 0.659
180.291667 181.291667  19.104 0.000  8.232 0.659
183.291667 184.291667  13.588 0.000  4.816 0.659
186.291667 187.291667  13.372 0.000  7.113 0.659
189.291667 190.291667   7.308 0.000  2.817 0.659
192.291667 193.291667   6.938 0.000  3.750 0.659
195.291667 196.291667 999.999 0.999 99.999 0.999
198.291667 199.291667   4.612 0.000  2.843 0.659
201.291667 202.291667   5.930 0.000  2.275 0.659
204.291667 205.291667   4.806 0.000  2.946 0.659
207.291667 208.291667   4.898 0.000  2.641 0.659
210.291667 211.291667   6.100 0.000  2.731 0.659
213.291667 214.291667   7.603 0.000  3.487 0.659
216.291667 217.291667   5.704 0.000  3.253 0.659
219.291667 220.291667   6.128 0.000  3.849 0.659
222.291667 223.291667   5.335 0.000  2.928 0.659
225.291667 226.291667   7.191 0.000  3.912 0.659
228.291667 229.291667   7.395 0.000  3.536 0.659
231.291667 232.291667   7.221 0.000  3.744 0.659
234.291667 235.291667   9.463 0.000  5.465 0.659
237.291667 238.291667   6.729 0.000  4.394 0.659
240.291667 241.291667   3.580 0.000  2.191 0.659
243.291667 244.291667   2.938 0.000  2.366 0.659
246.291667 247.291667 999.999 0.999 99.999 0.999
249.291667 250.291667   7.764 0.000  3.821 0.659
252.291667 253.291667   4.671 0.000  2.338 0.659
255.291667 256.291667   2.947 0.000  1.780 0.659
258.291667 259.291667   3.709 0.000  2.169 0.659
261.291667 262.291667   7.744 0.000  2.012 0.659
264.291667 265.291667  23.927 0.000  3.596 0.000
267.291667 268.291667  10.473 0.000  2.711 0.000
270.291667 271.291667   2.324 0.000  0.809 0.000
273.291667 274.291667   4.730 0.000  1.772 0.000
276.291667 277.291667   9.173 0.000  2.332 0.000
279.291667 280.291667   4.850 0.000  2.397 0.000
282.291667 283.291667 999.999 0.999 99.999 0.999
285.291667 286.291667 999.999 0.999 99.999 0.999
288.291667 289.291667 999.999 0.999 99.999 0.999
291.291667 292.291667   4.621 0.000  2.594 0.000
294.291667 295.291667   4.212 0.000  2.236 0.000
297.291667 298.291667   4.802 0.000  2.081 0.000
300.291667 301.291667   9.122 0.000  2.860 0.000
303.291667 304.291667   3.937 0.000  1.869 0.000
306.291667 307.291667   5.030 0.000  1.343 0.000
309.291667 310.291667   2.447 0.000  1.129 0.000
312.291667 313.291667   4.661 0.000  2.662 0.000
315.291667 316.291667   4.113 0.000  1.984 0.000
318.291667 319.291667  13.422 0.000  3.936 0.000
321.291667 322.291667   4.249 0.000  2.644 0.000
324.291667 325.291667 999.999 0.999 99.999 0.999
327.291667 328.291667 999.999 0.999 99.999 0.999
330.291667 331.291667   2.749 0.000  2.253 0.000
333.291667 334.291667   2.509 0.000  1.434 0.000
336.291667 337.291667   3.139 0.000  1.377 0.000
339.291667 340.291667   2.993 0.000  1.358 0.000
342.291667 343.291667   2.672 0.000  1.330 0.000
345.291667 346.291667   3.712 0.000  2.049 0.000
348.291667 349.291667   1.973 0.000  1.047 0.000
351.291667 352.291667   3.778 0.000  1.982 0.000
354.291667 355.291667   1.676 0.000  1.448 0.000
357.291667 358.291667   1.689 0.000  1.005 0.000
360.291667 361.291667   2.619 0.000  1.625 0.000
363.291667 364.291667   3.180 0.000  1.266 0.000
