scripts/IMPROVE-2019_partial/data/US0025R.20060102080000.20191216000000.filterpack..pm25.52w.1w.US03L_filterpack_US0025.US03L_IMPROVE_Davis.lev2.nas
66 1001
MISSING INFORMATION
US03L, IMPROVE, , , , , , , 
MISSING INFORMATION
IMPROVE sel_HTAP
1 1
2006 01 01 2019 12 16
3.000000
days from file reference point
27
1 1 1 1 1 1 1 1 1 1 1 1 1 1 1 1 1 1 1 1 1 1 1 1 1 1 1
999.999999 9999.99 9.999 99.99 9.999 9.999 9.999999 99.99 9.999999 9.999 9.999 999.999 9.999 999.999 9.999 999.9 9.999999 999.999 9.999 999.999 9.999 999.999 9.999 9.999 9.999 99.999 9.999
end_time of measurement, days from the file reference point
iron, ng/m3, Revision date=20181210133000
numflag iron, no unit, Revision date=20181210133000
lead, ng/m3, Revision date=20181210133000
numflag lead, no unit, Revision date=20181210133000
magnesium, ug/m3, Revision date=20181210133000
numflag magnesium, no unit, Revision date=20181210133000
nickel, ng/m3, Revision date=20181210133000
numflag nickel, no unit, Revision date=20181210133000
nitrate, ug N/m3, Revision date=20181210133000
numflag nitrate, no unit, Revision date=20181210133000
organic_carbon, ug C/m3, Revision date=20181210133000
numflag organic_carbon, no unit, Revision date=20181210133000
organic_mass, ug/m3, Revision date=20181210133000
numflag organic_mass, no unit, Revision date=20181210133000
phosphorus, ng/m3, Revision date=20181210133000
numflag phosphorus, no unit, Revision date=20181210133000
pm10_mass, ug/m3, Version=2, Version description=Data extracted from http://views.cira.colostate.edu/fed/DataWizard 2019-12-16, Sample duration=1d, Orig. time res.=3d, Matrix=pm10, Blank correction=Blank corrected, Volume std. temperature=ambient, Volume std. pressure=ambient
numflag pm10_mass, no unit, Version=2, Version description=Data extracted from http://views.cira.colostate.edu/fed/DataWizard 2019-12-16, Sample duration=1d, Orig. time res.=3d, Matrix=pm10, Blank correction=Blank corrected, Volume std. temperature=ambient, Volume std. pressure=ambient
pm10_pm25_mass, ug/m3, Revision date=20181210133000, Matrix=pm10_pm25
numflag pm10_pm25_mass, no unit, Revision date=20181210133000, Matrix=pm10_pm25
pm25_mass, ug/m3, Version=2, Version description=Data extracted from http://views.cira.colostate.edu/fed/DataWizard 2019-12-16, Sample duration=1d, Orig. time res.=3d, Blank correction=Blank corrected, Volume std. temperature=ambient, Volume std. pressure=ambient
numflag pm25_mass, no unit, Version=2, Version description=Data extracted from http://views.cira.colostate.edu/fed/DataWizard 2019-12-16, Sample duration=1d, Orig. time res.=3d, Blank correction=Blank corrected, Volume std. temperature=ambient, Volume std. pressure=ambient
potassium, ug/m3, Revision date=20181210133000
numflag potassium, no unit, Revision date=20181210133000
sulphate_total, ug S/m3, Revision date=20181210133000
numflag sulphate_total, no unit, Revision date=20181210133000
0
25
Data definition:              EBAS_1.1
Set type code:                TU
Timezone:                     UTC
File name:                    US0025R.20060102080000.20191216000000.filterpack..pm25.52w.1w.US03L_filterpack_US0025.US03L_IMPROVE_Davis.lev2.nas
File creation:                20191218115706
Startdate:                    20060102080000
Revision date:                20191216000000
Statistics:                   arithmetic mean
Data level:                   2
Period code:                  52w
Resolution code:              1w
Station code:                 US0025R
Platform code:                US0025S
Station name:                 Agua Tibia
Station latitude:             33.4636
Station longitude:            -116.9706
Station altitude:             507.0 m
Regime:                       IMG
Component:                    
Matrix:                       pm25
Laboratory code:              US03L
Instrument type:              filterpack
Instrument name:              filterpack_US0025
Method ref:                   US03L_IMPROVE_Davis
starttime endtime Fe flag_Fe Pb flag_Pb Mg++ flag_Mg++ Ni flag_Ni NO3- flag_NO3- OC flag_OC OM flag_OM P flag_P PM10 flag_PM10 PM10-PM2.5 flag_PM10-PM2.5 PM2.5 flag_PM2.5 K+ flag_K+ SO4-- flag_SO4--
[from data line 81]
244.333333 245.333333  154.42 0.000  2.08 0.000 0.029 0.000000  1.12 0.000000 0.118 0.559   1.572 0.000   2.829 0.000 999.9 0.259000  27.938 0.000  18.083 0.000   9.855 0.000 0.094 0.000  0.636 0.559
247.333333 248.333333   55.68 0.000  0.96 0.000 0.011 0.000000  0.42 0.000000 0.064 0.559   0.823 0.000   1.481 0.000 999.9 0.259000  14.023 0.000   9.101 0.000   4.922 0.000 0.050 0.000  0.349 0.559
250.333333 251.333333   50.85 0.000  1.28 0.000 0.027 0.000000  1.54 0.000000 0.293 0.559   1.735 0.000   3.123 0.000 999.9 0.259000  20.733 0.000   8.661 0.000  12.072 0.000 0.047 0.000  1.264 0.559
253.333333 254.333333   39.75 0.000  1.02 0.000 9.999 0.259000  0.61 0.000000 0.045 0.559   0.585 0.000   1.053 0.000 999.9 0.259000   9.774 0.000   5.547 0.000   4.228 0.000 0.022 0.000  0.442 0.559
256.333333 257.333333   45.49 0.000  1.22 0.000 0.034 0.000000  1.36 0.000000 0.458 0.559   1.706 0.000   3.070 0.000 999.9 0.259000  18.948 0.000   7.598 0.000  11.350 0.000 0.051 0.000  1.195 0.559
259.333333 260.333333   54.39 0.000  0.49 0.000 0.015 0.000000  0.32 0.000000 0.085 0.559   1.312 0.000   2.361 0.000 999.9 0.259000  14.701 0.000   9.493 0.000   5.208 0.000 0.043 0.000  0.167 0.559
262.333333 263.333333 9999.99 0.999 99.99 0.999 9.999 0.999000 99.99 0.999000 9.999 0.999 999.999 0.999 999.999 0.999 999.9 0.999000 999.999 0.999 999.999 0.999 999.999 0.999 9.999 0.999 99.999 0.999
265.333333 266.333333   66.08 0.000  1.69 0.000 0.032 0.000000  0.69 0.000000 0.326 0.559   1.190 0.000   2.142 0.000 999.9 0.259000  21.684 0.000  14.098 0.000   7.586 0.000 0.057 0.000  0.538 0.559
268.333333 269.333333   70.12 0.000  1.42 0.000 0.021 0.000000  1.82 0.000000 0.191 0.559   1.564 0.000   2.816 0.000 999.9 0.259000  20.173 0.000  10.297 0.000   9.876 0.000 0.059 0.000  0.999 0.559
271.333333 272.333333   88.91 0.000  1.98 0.000 9.999 0.259000  1.05 0.000000 0.085 0.559   1.144 0.000   2.059 0.000 999.9 0.259000  14.933 0.000   8.683 0.000   6.250 0.000 0.030 0.000  0.412 0.559
274.333333 275.333333   52.52 0.000  1.28 0.000 0.023 0.000000  1.64 0.000000 0.140 0.559   1.341 0.000   2.415 0.000 999.9 0.259000  15.468 0.000   7.226 0.000   8.242 0.000 0.036 0.000  0.774 0.559
277.333333 278.333333   48.89 0.000  1.10 0.000 0.018 0.000000  0.98 0.000000 0.143 0.000   0.759 0.000   1.366 0.000 999.9 0.259000  16.439 0.000  12.387 0.000   4.053 0.000 0.027 0.000  0.311 0.000
280.333333 281.333333   59.89 0.000  2.13 0.000 0.018 0.000000  1.02 0.000000 0.419 0.000   1.530 0.000   2.753 0.000 999.9 0.259000  21.089 0.000  12.744 0.000   8.345 0.000 0.037 0.000  0.784 0.000
283.333333 284.333333   51.18 0.000  1.50 0.000 0.033 0.000000  1.10 0.000000 0.258 0.000   0.870 0.000   1.565 0.000 999.9 0.259000  17.376 0.000  10.020 0.000   7.356 0.000 0.038 0.000  0.796 0.000
286.333333 287.333333   10.28 0.000  0.65 0.000 9.999 0.259000  0.61 0.000000 0.102 0.000   0.580 0.000   1.045 0.000 999.9 0.259000   6.311 0.000   2.748 0.000   3.564 0.000 0.021 0.000  0.353 0.000
289.333333 290.333333   14.82 0.000  0.91 0.000 0.044 0.000000  0.53 0.000000 0.233 0.000   0.496 0.000   0.893 0.000 999.9 0.259000  10.779 0.000   6.148 0.000   4.631 0.000 0.025 0.000  0.517 0.000
292.333333 293.333333   42.81 0.000  1.57 0.000 9.999 0.259000  0.15 0.000000 0.026 0.000   0.553 0.000   0.996 0.000 999.9 0.259000   8.112 0.000   5.458 0.000   2.654 0.000 0.022 0.000  0.195 0.000
295.333333 296.333333   33.34 0.000  1.05 0.000 0.009 0.000000  0.22 0.000000 0.021 0.000   0.444 0.000   0.799 0.000 999.9 0.259000   7.204 0.000   4.709 0.000   2.495 0.000 0.027 0.000  0.178 0.000
298.333333 299.333333   89.79 0.000  2.93 0.000 0.054 0.000000  0.11 0.000000 0.449 0.000  12.178 0.000  21.920 0.000  44.8 0.000000  51.346 0.000  22.610 0.000  28.736 0.000 0.768 0.000  0.262 0.000
301.333333 302.333333   81.98 0.000  2.62 0.000 0.027 0.000000  1.71 0.000000 0.303 0.000   2.015 0.000   3.627 0.000 999.9 0.259000  21.145 0.000  12.391 0.000   8.754 0.000 0.107 0.000  0.492 0.000
304.333333 305.333333   98.39 0.000  3.34 0.000 9.999 0.259000  1.53 0.000000 0.694 0.000   1.979 0.000   3.562 0.000 999.9 0.259000  25.800 0.000  13.563 0.000  12.236 0.000 0.063 0.000  1.357 0.000
307.333333 308.333333   79.59 0.000  1.93 0.000 9.999 0.259000  0.70 0.000000 0.615 0.000   1.542 0.000   2.775 0.000 999.9 0.259000  16.105 0.000   9.824 0.000   6.282 0.000 0.032 0.000  0.411 0.000
310.333333 311.333333   58.48 0.000  0.87 0.000 0.016 0.000000  0.11 0.000000 0.024 0.000   0.537 0.000   0.968 0.000 999.9 0.259000   9.338 0.000   6.961 0.000   2.376 0.000 0.022 0.000  0.091 0.000
313.333333 314.333333   60.24 0.000  2.05 0.000 9.999 0.259000  0.44 0.000000 0.216 0.000   0.907 0.000   1.633 0.000 999.9 0.259000  13.694 0.000   8.635 0.000   5.059 0.000 0.036 0.000  0.435 0.000
316.333333 317.333333   62.54 0.000  1.43 0.000 0.017 0.000000  0.13 0.000000 0.055 0.000   0.931 0.000   1.675 0.000 999.9 0.259000  14.077 0.000  10.038 0.000   4.039 0.000 0.082 0.000  0.189 0.000
319.333333 320.333333   66.37 0.000  1.30 0.000 9.999 0.259000  0.24 0.000000 0.036 0.000   0.808 0.000   1.454 0.000 999.9 0.259000  10.717 0.000   8.048 0.000   2.669 0.000 0.040 0.000  0.106 0.000
322.333333 323.333333   27.82 0.000  0.96 0.000 9.999 0.259000 99.99 0.259000 0.011 0.000   0.442 0.000   0.795 0.000 999.9 0.259000   5.256 0.000   3.500 0.000   1.755 0.000 0.018 0.000  0.095 0.000
325.333333 326.333333   73.70 0.000  2.11 0.000 9.999 0.259000  0.34 0.000000 0.048 0.000   1.006 0.000   1.811 0.000 999.9 0.259000  13.677 0.000   9.713 0.000   3.965 0.000 0.035 0.000  0.245 0.000
328.333333 329.333333   35.71 0.000  3.28 0.000 9.999 0.259000  1.36 0.000000 0.472 0.000   1.468 0.000   2.642 0.000 999.9 0.259000  16.722 0.000   8.949 0.000   7.773 0.000 0.046 0.000  0.792 0.000
331.333333 332.333333    7.14 0.000  0.25 0.000 0.031 0.000000  0.27 0.000000 0.100 0.000   0.295 0.000   0.531 0.000 999.9 0.259000   8.886 0.000   6.404 0.000   2.482 0.000 0.017 0.000  0.145 0.000
334.333333 335.333333   52.24 0.000  1.58 0.000 9.999 0.259000 99.99 0.259000 0.016 0.000   0.536 0.000   0.965 0.000 999.9 0.259000   8.672 0.000   6.764 0.000   1.908 0.000 0.022 0.000  0.092 0.000
337.333333 338.333333   20.59 0.000  0.81 0.000 9.999 0.259000 99.99 0.259000 0.012 0.000   0.414 0.000   0.746 0.000 999.9 0.259000   3.769 0.000   2.351 0.000   1.418 0.000 0.014 0.000  0.116 0.000
340.333333 341.333333 9999.99 0.999 99.99 0.999 9.999 0.999000 99.99 0.999000 9.999 0.999 999.999 0.999 999.999 0.999 999.9 0.999000 999.999 0.999 999.999 0.999 999.999 0.999 9.999 0.999 99.999 0.999
343.333333 344.333333 9999.99 0.999 99.99 0.999 9.999 0.999000 99.99 0.999000 9.999 0.999 999.999 0.999 999.999 0.999 999.9 0.999000 999.999 0.999 999.999 0.999 999.999 0.999 9.999 0.999 99.999 0.999
346.333333 347.333333   35.25 0.000  1.10 0.000 9.999 0.259000 99.99 0.259000 0.154 0.000   0.722 0.000   1.300 0.000 999.9 0.259000   6.503 0.000   4.282 0.000   2.221 0.000 0.017 0.000  0.100 0.000
349.333333 350.333333   21.50 0.000  1.38 0.000 0.037 0.000000  0.65 0.000000 0.794 0.000   1.084 0.000   1.952 0.000 999.9 0.259000  12.446 0.000   4.977 0.000   7.469 0.000 0.031 0.000  0.268 0.000
352.333333 353.333333   25.95 0.000  0.64 0.000 9.999 0.259000  0.12 0.000000 0.160 0.000   0.522 0.000   0.939 0.000 999.9 0.259000   5.186 0.000   3.330 0.000   1.857 0.000 0.014 0.000  0.084 0.000
355.333333 356.333333   62.86 0.000  1.78 0.000 9.999 0.259000  0.45 0.000000 0.829 0.000   1.537 0.000   2.766 0.000 999.9 0.259000  15.934 0.000   9.800 0.000   6.133 0.000 0.034 0.000  0.158 0.000
358.333333 359.333333   14.17 0.000  0.57 0.000 9.999 0.259000 99.99 0.259000 0.021 0.000   0.523 0.000   0.941 0.000 999.9 0.259000   4.132 0.000   2.839 0.000   1.293 0.000 0.013 0.000  0.056 0.000
361.333333 362.333333 9999.99 0.999 99.99 0.999 9.999 0.999000 99.99 0.999000 9.999 0.999 999.999 0.999 999.999 0.999 999.9 0.999000 999.999 0.999 999.999 0.999 999.999 0.999 9.999 0.999 99.999 0.999
364.333333 365.333333   42.47 0.000  2.12 0.000 0.009 0.000000  0.45 0.000000 0.351 0.000   1.174 0.000   2.114 0.000 999.9 0.259000   9.460 0.000   5.557 0.000   3.902 0.000 0.034 0.000  0.141 0.000
