scripts/IMPROVE-2019_partial/data/US0030R.20140102100000.20191216000000.filterpack...52w.3d.US03L_filterpack_US0030.US03L_IMPROVE_Davis.lev2.nas
52 1001
MISSING INFORMATION
US03L, IMPROVE, , , , , , , 
MISSING INFORMATION
IMPROVE sel_HTAP
1 1
2014 01 01 2019 12 16
3.000000
days from file reference point
5
1 1 1 1 1
999.999999 99.999 9.999 99.999 9.999
end_time of measurement, days from the file reference point
pm10_mass, ug/m3, Matrix=pm10
numflag pm10_mass, no unit, Matrix=pm10
pm25_mass, ug/m3, Matrix=pm25
numflag pm25_mass, no unit, Matrix=pm25
0
33
Data definition:              EBAS_1.1
Set type code:                TU
Timezone:                     UTC
File name:                    US0030R.20140102100000.20191216000000.filterpack...52w.3d.US03L_filterpack_US0030.US03L_IMPROVE_Davis.lev2.nas
File creation:                20191218115725
Startdate:                    20140102100000
Revision date:                20191216000000
Version:                      2
Version description:          "Data extracted from http://views.cira.colostate.edu/fed/DataWizard 2019-12-16"
Statistics:                   arithmetic mean
Data level:                   2
Period code:                  52w
Resolution code:              3d
Sample duration:              1d
Orig. time res.:              3d
Station code:                 US0030R
Platform code:                US0030S
Station name:                 Haleakala Crater
Station latitude:             20.7585
Station longitude:            -156.2479
Station altitude:             2158.0 m
Regime:                       IMG
Component:                    
Unit:                         ug/m3
Matrix:                       
Laboratory code:              US03L
Instrument type:              filterpack
Instrument name:              filterpack_US0030
Method ref:                   US03L_IMPROVE_Davis
Blank correction:             Blank corrected
Volume std. temperature:      ambient
Volume std. pressure:         ambient
starttime endtime PM10 flag_PM10 PM2.5 flag_PM2.5
  1.416667   2.416667  4.700 0.000  2.660 0.000
  4.416667   5.416667  2.555 0.000  1.136 0.000
  7.416667   8.416667  1.167 0.000  0.475 0.000
 10.416667  11.416667  2.621 0.000  2.024 0.000
 13.416667  14.416667  3.194 0.000  2.414 0.000
 16.416667  17.416667  1.617 0.000  0.710 0.000
 19.416667  20.416667  1.324 0.000  0.741 0.000
 22.416667  23.416667  2.873 0.000  2.016 0.000
 25.416667  26.416667  0.406 0.000  0.328 0.000
 28.416667  29.416667 99.999 0.456  0.541 0.000
 31.416667  32.416667  2.349 0.000  1.612 0.000
 34.416667  35.416667  2.517 0.000  1.847 0.000
 37.416667  38.416667  1.905 0.000  1.097 0.000
 40.416667  41.416667  3.906 0.000  3.073 0.000
 43.416667  44.416667  6.918 0.000  5.611 0.000
 46.416667  47.416667  2.558 0.000  1.940 0.000
 49.416667  50.416667  1.742 0.000  0.921 0.000
 52.416667  53.416667  4.313 0.000  3.353 0.000
 55.416667  56.416667  0.497 0.000  0.303 0.000
 58.416667  59.416667  2.699 0.000  2.003 0.000
 61.416667  62.416667  3.096 0.000  1.708 0.000
 64.416667  65.416667  1.959 0.000  1.041 0.000
 67.416667  68.416667  0.731 0.000  0.327 0.000
 70.416667  71.416667  1.819 0.000  1.299 0.000
 73.416667  74.416667  0.407 0.000  0.149 0.000
 76.416667  77.416667  3.715 0.000  2.725 0.000
 79.416667  80.416667  2.043 0.000  1.649 0.000
 82.416667  83.416667  2.762 0.000  1.404 0.000
 85.416667  86.416667  3.740 0.000  2.285 0.000
 88.416667  89.416667  1.383 0.000  0.713 0.000
 91.416667  92.416667  0.447 0.000  0.295 0.000
 94.416667  95.416667  5.700 0.000  3.170 0.000
 97.416667  98.416667  3.070 0.000  1.956 0.000
100.416667 101.416667  2.305 0.000  1.248 0.000
103.416667 104.416667  8.724 0.000  4.736 0.000
106.416667 107.416667  1.624 0.000  0.918 0.000
109.416667 110.416667  0.526 0.000  0.327 0.000
112.416667 113.416667  5.016 0.000  2.956 0.000
115.416667 116.416667  1.212 0.000  0.744 0.000
118.416667 119.416667  1.529 0.000  0.726 0.000
121.416667 122.416667  2.964 0.000  2.082 0.000
124.416667 125.416667  7.345 0.000  4.563 0.000
127.416667 128.416667  7.092 0.000  4.222 0.000
130.416667 131.416667  2.353 0.000  1.583 0.000
133.416667 134.416667  1.664 0.000  1.104 0.000
136.416667 137.416667  3.922 0.000  2.352 0.000
139.416667 140.416667  6.995 0.000  3.560 0.000
142.416667 143.416667  1.622 0.000  0.837 0.000
145.416667 146.416667  1.419 0.000  0.752 0.000
148.416667 149.416667  2.074 0.000  1.651 0.000
151.416667 152.416667  2.199 0.000  1.110 0.000
154.416667 155.416667  2.988 0.000  2.222 0.000
157.416667 158.416667  2.231 0.000  1.491 0.000
160.416667 161.416667  1.645 0.000  0.692 0.000
163.416667 164.416667  5.102 0.000  2.732 0.000
166.416667 167.416667  3.447 0.000  1.772 0.000
169.416667 170.416667 99.999 0.999 99.999 0.999
172.416667 173.416667  0.324 0.000 99.999 0.259
175.416667 176.416667 99.999 0.999 99.999 0.999
178.416667 179.416667 99.999 0.999 99.999 0.999
181.416667 182.416667 99.999 0.999 99.999 0.999
184.416667 185.416667  1.290 0.000  0.593 0.000
187.416667 188.416667  2.154 0.000  1.017 0.000
190.416667 191.416667  3.266 0.000  1.589 0.000
193.416667 194.416667  1.005 0.000  0.627 0.000
196.416667 197.416667 99.999 0.999 99.999 0.999
199.416667 200.416667 99.999 0.999 99.999 0.999
202.416667 203.416667 99.999 0.999 99.999 0.999
205.416667 206.416667  3.408 0.000  1.722 0.000
208.416667 209.416667  1.694 0.000  1.230 0.000
211.416667 212.416667 99.999 0.456 99.999 0.456
214.416667 215.416667 99.999 0.456 99.999 0.456
217.416667 218.416667 99.999 0.456 99.999 0.456
220.416667 221.416667 99.999 0.456 99.999 0.456
223.416667 224.416667 99.999 0.456 99.999 0.456
226.416667 227.416667  3.346 0.000  1.279 0.000
229.416667 230.416667  2.109 0.000  0.867 0.000
232.416667 233.416667  1.345 0.000  0.950 0.000
235.416667 236.416667  1.939 0.000  1.110 0.000
238.416667 239.416667  4.737 0.000  2.699 0.000
241.416667 242.416667  1.377 0.000  0.689 0.000
244.416667 245.416667  2.079 0.000  1.183 0.000
247.416667 248.416667  0.973 0.000  0.420 0.000
250.416667 251.416667  1.542 0.000  0.934 0.000
253.416667 254.416667 99.999 0.999 99.999 0.999
256.416667 257.416667 99.999 0.999 99.999 0.999
259.416667 260.416667  1.543 0.000  0.599 0.000
262.416667 263.416667  1.952 0.000  1.341 0.000
265.416667 266.416667  0.604 0.000  0.237 0.000
268.416667 269.416667 99.999 0.456  0.296 0.000
271.416667 272.416667  2.124 0.000  1.347 0.000
274.416667 275.416667  1.545 0.000  0.811 0.000
277.416667 278.416667  2.317 0.000  1.593 0.000
280.416667 281.416667  0.815 0.000  0.535 0.000
283.416667 284.416667  1.830 0.000  1.252 0.000
286.416667 287.416667  1.583 0.000  0.952 0.000
289.416667 290.416667  0.690 0.000  0.280 0.000
292.416667 293.416667  0.844 0.000  0.527 0.000
295.416667 296.416667  0.812 0.000  0.359 0.000
298.416667 299.416667  2.229 0.000  1.078 0.000
301.416667 302.416667 99.999 0.999 99.999 0.999
304.416667 305.416667  0.650 0.000  0.269 0.000
307.416667 308.416667  1.994 0.000  1.136 0.000
310.416667 311.416667  3.510 0.000  2.256 0.000
313.416667 314.416667  2.567 0.000  1.967 0.000
316.416667 317.416667  0.204 0.000  0.030 0.000
319.416667 320.416667  1.471 0.000  0.542 0.000
322.416667 323.416667 99.999 0.999 99.999 0.999
325.416667 326.416667  4.138 0.000  2.047 0.000
328.416667 329.416667  1.101 0.000  0.781 0.000
331.416667 332.416667 99.999 0.999 99.999 0.999
334.416667 335.416667 99.999 0.999 99.999 0.999
337.416667 338.416667  0.898 0.000  0.479 0.000
340.416667 341.416667  1.546 0.000  0.660 0.000
343.416667 344.416667  0.691 0.000  0.208 0.000
346.416667 347.416667  0.488 0.000  0.119 0.000
349.416667 350.416667  0.576 0.000  0.241 0.000
352.416667 353.416667  0.323 0.000  0.299 0.000
355.416667 356.416667  3.223 0.000  2.434 0.000
358.416667 359.416667 99.999 0.999 99.999 0.999
361.416667 362.416667 99.999 0.999 99.999 0.999
364.416667 365.416667  1.314 0.000  0.123 0.000
