scripts/IMPROVE-2019_partial/data/US0072R.20020102070000.20191216000000.filterpack..pm25.52w.1w.US03L_filterpack_US0072.US03L_IMPROVE_Davis.lev2.nas
66 1001
MISSING INFORMATION
US03L, IMPROVE, , , , , , , 
MISSING INFORMATION
IMPROVE sel_HTAP
1 1
2002 01 01 2019 12 16
3.000000
days from file reference point
27
1 1 1 1 1 1 1 1 1 1 1 1 1 1 1 1 1 1 1 1 1 1 1 1 1 1 1
999.999999 9999.99 9.999 99.99 9.999 9.999 9.999999 9.99 9.999999 9.999 9.999999 99.999 9.999 99.999 9.999 999.99 9.999999 999.999 9.999 999.999 9.999 999.999 9.999 9.999 9.999 99.999 9.999999
end_time of measurement, days from the file reference point
iron, ng/m3, Revision date=20181210133000
numflag iron, no unit, Revision date=20181210133000
lead, ng/m3, Revision date=20181210133000
numflag lead, no unit, Revision date=20181210133000
magnesium, ug/m3, Revision date=20181210133000
numflag magnesium, no unit, Revision date=20181210133000
nickel, ng/m3, Revision date=20181210133000
numflag nickel, no unit, Revision date=20181210133000
nitrate, ug N/m3, Revision date=20181210133000
numflag nitrate, no unit, Revision date=20181210133000
organic_carbon, ug C/m3, Revision date=20181210133000
numflag organic_carbon, no unit, Revision date=20181210133000
organic_mass, ug/m3, Revision date=20181210133000
numflag organic_mass, no unit, Revision date=20181210133000
phosphorus, ng/m3, Revision date=20181210133000
numflag phosphorus, no unit, Revision date=20181210133000
pm10_mass, ug/m3, Version=2, Version description=Data extracted from http://views.cira.colostate.edu/fed/DataWizard 2019-12-16, Sample duration=1d, Orig. time res.=3d, Matrix=pm10, Blank correction=Blank corrected, Volume std. temperature=ambient, Volume std. pressure=ambient
numflag pm10_mass, no unit, Version=2, Version description=Data extracted from http://views.cira.colostate.edu/fed/DataWizard 2019-12-16, Sample duration=1d, Orig. time res.=3d, Matrix=pm10, Blank correction=Blank corrected, Volume std. temperature=ambient, Volume std. pressure=ambient
pm10_pm25_mass, ug/m3, Revision date=20181210133000, Matrix=pm10_pm25
numflag pm10_pm25_mass, no unit, Revision date=20181210133000, Matrix=pm10_pm25
pm25_mass, ug/m3, Version=2, Version description=Data extracted from http://views.cira.colostate.edu/fed/DataWizard 2019-12-16, Sample duration=1d, Orig. time res.=3d, Blank correction=Blank corrected, Volume std. temperature=ambient, Volume std. pressure=ambient
numflag pm25_mass, no unit, Version=2, Version description=Data extracted from http://views.cira.colostate.edu/fed/DataWizard 2019-12-16, Sample duration=1d, Orig. time res.=3d, Blank correction=Blank corrected, Volume std. temperature=ambient, Volume std. pressure=ambient
potassium, ug/m3, Revision date=20181210133000
numflag potassium, no unit, Revision date=20181210133000
sulphate_total, ug S/m3, Revision date=20181210133000
numflag sulphate_total, no unit, Revision date=20181210133000
0
25
Data definition:              EBAS_1.1
Set type code:                TU
Timezone:                     UTC
File name:                    US0072R.20020102070000.20191216000000.filterpack..pm25.52w.1w.US03L_filterpack_US0072.US03L_IMPROVE_Davis.lev2.nas
File creation:                20191218120021
Startdate:                    20020102070000
Revision date:                20191216000000
Statistics:                   arithmetic mean
Data level:                   2
Period code:                  52w
Resolution code:              1w
Station code:                 US0072R
Platform code:                US0072S
Station name:                 Badlands NP
Station latitude:             43.7435
Station longitude:            -101.9412
Station altitude:             736.0 m
Regime:                       IMG
Component:                    
Matrix:                       pm25
Laboratory code:              US03L
Instrument type:              filterpack
Instrument name:              filterpack_US0072
Method ref:                   US03L_IMPROVE_Davis
starttime endtime Fe flag_Fe Pb flag_Pb Mg++ flag_Mg++ Ni flag_Ni NO3- flag_NO3- OC flag_OC OM flag_OM P flag_P PM10 flag_PM10 PM10-PM2.5 flag_PM10-PM2.5 PM2.5 flag_PM2.5 K+ flag_K+ SO4-- flag_SO4--
[from data line 79]
238.291667 239.291667   16.14 0.000  0.75 0.000 9.999 0.259000 9.99 0.259000 0.038 0.559000  1.498 0.000  2.097 0.000 999.99 0.259000   8.803 0.000   4.287 0.000   4.516 0.000 0.041 0.000  0.261 0.559000
241.291667 242.291667   22.68 0.000  0.19 0.000 9.999 0.259000 9.99 0.259000 0.032 0.559000  0.613 0.000  0.858 0.000 999.99 0.259000  11.547 0.000   8.327 0.000   3.220 0.000 0.028 0.000  0.265 0.559000
244.291667 245.291667   20.70 0.000  0.38 0.000 9.999 0.259000 9.99 0.259000 0.015 0.559000  0.732 0.000  1.025 0.000 999.99 0.259000   9.944 0.000   7.098 0.000   2.847 0.000 0.022 0.000  0.139 0.559000
247.291667 248.291667   52.29 0.559  1.14 0.559 9.999 0.559259 9.99 0.559259 0.028 0.000000  2.039 0.000  2.854 0.000 999.99 0.559259  25.380 0.000  15.737 0.000   9.643 0.559 0.056 0.559  0.992 0.000000
250.291667 251.291667   33.48 0.559  0.99 0.559 0.020 0.559000 9.99 0.559259 0.024 0.559000  1.404 0.000  1.965 0.000 999.99 0.559259  15.574 0.000   7.684 0.000   7.890 0.559 0.031 0.559  1.019 0.559000
253.291667 254.291667   13.66 0.000  0.71 0.000 9.999 0.259000 9.99 0.259000 0.025 0.000000  0.915 0.000  1.281 0.000 999.99 0.259000  13.186 0.000   9.401 0.000   3.785 0.000 0.018 0.000  0.311 0.000000
256.291667 257.291667   29.11 0.000  0.45 0.000 9.999 0.259000 9.99 0.259000 0.026 0.000000  0.810 0.000  1.134 0.000 999.99 0.259000  16.121 0.000  12.432 0.000   3.689 0.000 0.022 0.000  0.197 0.000000
259.291667 260.291667   29.39 0.000  0.45 0.000 9.999 0.259000 9.99 0.259000 0.019 0.000000  0.522 0.000  0.731 0.000 999.99 0.259000  12.197 0.000   8.673 0.000   3.524 0.000 0.021 0.000  0.306 0.000000
262.291667 263.291667   20.97 0.559  0.52 0.559 9.999 0.559259 9.99 0.559259 0.017 0.000000  0.472 0.000  0.661 0.000 999.99 0.559259  19.221 0.000  16.617 0.000   2.604 0.559 0.018 0.559  0.154 0.000000
265.291667 266.291667   11.25 0.456  0.32 0.456 0.016 0.456000 9.99 0.456259 0.014 0.000000  0.328 0.000  0.459 0.000 999.99 0.456259   5.374 0.000 999.999 0.999 999.999 0.456 0.011 0.456  0.269 0.000000
268.291667 269.291667   18.89 0.559  0.46 0.559 9.999 0.559259 9.99 0.559259 0.032 0.000000  0.891 0.000  1.248 0.000 999.99 0.559259   5.424 0.000   3.109 0.000   2.315 0.559 0.020 0.559  0.179 0.000000
271.291667 272.291667   25.89 0.000  0.62 0.000 9.999 0.259000 9.99 0.259000 0.116 0.000000  0.707 0.000  0.989 0.000 999.99 0.259000   6.944 0.000   3.924 0.000   3.021 0.000 0.028 0.000  0.321 0.000000
274.291667 275.291667   26.10 0.559  0.45 0.559 9.999 0.559259 9.99 0.559259 0.030 0.559000  0.512 0.000  0.717 0.000 999.99 0.559259   6.369 0.000   3.989 0.000   2.380 0.559 0.026 0.559  0.240 0.559000
277.291667 278.291667   12.90 0.559  0.51 0.559 9.999 0.559259 9.99 0.559259 0.041 0.000000  0.743 0.000  1.040 0.000 999.99 0.559259   3.082 0.000   0.734 0.000   2.348 0.559 0.017 0.559  0.190 0.000000
280.291667 281.291667    5.88 0.000  0.20 0.000 9.999 0.259000 9.99 0.259000 0.026 0.000000  0.546 0.000  0.765 0.000 999.99 0.259000   2.367 0.000   0.487 0.000   1.880 0.000 0.009 0.000  0.164 0.000000
283.291667 284.291667   33.35 0.559  0.87 0.559 9.999 0.559259 0.04 0.559000 0.024 0.000000  0.908 0.000  1.271 0.000 999.99 0.559259   8.456 0.000   4.757 0.000   3.699 0.559 0.034 0.559  0.310 0.000000
286.291667 287.291667   20.59 0.000  0.46 0.000 9.999 0.259000 9.99 0.259000 0.015 0.559000  0.541 0.000  0.757 0.000 999.99 0.259000   7.520 0.000   5.549 0.000   1.970 0.000 0.021 0.000  0.110 0.559000
289.291667 290.291667   30.46 0.000  0.77 0.000 9.999 0.259000 0.06 0.000000 0.040 0.000000  0.546 0.000  0.765 0.000 999.99 0.259000   6.164 0.000   3.160 0.000   3.004 0.000 0.026 0.000  0.297 0.000000
292.291667 293.291667   28.52 0.559  0.65 0.559 9.999 0.559259 9.99 0.559259 0.124 0.000000  0.707 0.000  0.990 0.000 999.99 0.559259   8.129 0.000   4.927 0.000   3.203 0.559 0.025 0.559  0.285 0.000000
295.291667 296.291667    4.38 0.559  1.23 0.559 0.016 0.559000 9.99 0.559259 0.183 0.000000  1.005 0.000  1.407 0.000 999.99 0.559259   3.909 0.000   0.519 0.000   3.390 0.559 0.022 0.559  0.268 0.000000
298.291667 299.291667   17.38 0.559  1.36 0.559 9.999 0.559259 9.99 0.559259 0.280 0.000000  0.783 0.000  1.096 0.000 999.99 0.559259   5.704 0.000   0.734 0.000   4.970 0.559 0.019 0.559  0.698 0.000000
301.291667 302.291667    5.59 0.000  0.40 0.000 9.999 0.259000 9.99 0.259000 0.078 0.000000  0.197 0.000  0.276 0.000 999.99 0.259000   3.175 0.000   0.814 0.000   2.360 0.000 0.006 0.000  0.397 0.000000
304.291667 305.291667    6.87 0.699  1.03 0.699 9.999 0.699259 9.99 0.699259 9.999 0.456000  0.602 0.000  0.843 0.000 999.99 0.699259   6.612 0.000   2.769 0.000   3.842 0.699 0.018 0.699 99.999 0.456000
307.291667 308.291667   15.54 0.559  0.54 0.559 9.999 0.559259 0.04 0.559000 0.217 0.000000  0.796 0.000  1.114 0.000 999.99 0.559259   4.449 0.000   1.336 0.000   3.113 0.559 0.024 0.559  0.266 0.000000
310.291667 311.291667   29.02 0.559  0.47 0.559 9.999 0.559259 9.99 0.559259 0.015 0.000000  0.491 0.000  0.688 0.000 999.99 0.559259   6.454 0.000   4.718 0.000   1.736 0.559 0.019 0.559  0.089 0.000000
313.291667 314.291667    8.11 0.000  0.76 0.000 0.011 0.000000 0.05 0.000000 0.125 0.000000  0.920 0.000  1.288 0.000 999.99 0.259000   3.100 0.000   0.032 0.000   3.069 0.000 0.069 0.000  0.309 0.000000
316.291667 317.291667   17.27 0.000  0.38 0.000 9.999 0.259000 9.99 0.259000 0.011 0.000000  0.409 0.000  0.572 0.000 999.99 0.259000   3.676 0.000   2.583 0.000   1.093 0.000 0.012 0.000  0.060 0.000000
319.291667 320.291667   19.73 0.559  5.96 0.559 9.999 0.559259 9.99 0.559259 0.028 0.000000  0.765 0.000  1.071 0.000 999.99 0.559259   4.175 0.000   1.491 0.000   2.684 0.559 0.028 0.559  0.206 0.000000
322.291667 323.291667   56.83 0.000  0.27 0.000 9.999 0.259000 0.09 0.000000 0.012 0.000000  0.226 0.000  0.316 0.000  15.89 0.000000   4.651 0.000   3.165 0.000   1.486 0.000 0.029 0.000  0.087 0.000000
325.291667 326.291667   36.92 0.559  0.22 0.559 9.999 0.559259 9.99 0.559259 0.017 0.000000  0.685 0.000  0.959 0.000 999.99 0.559259   6.492 0.000   4.462 0.000   2.031 0.559 0.027 0.559  0.059 0.000000
328.291667 329.291667   35.74 0.000  0.39 0.000 9.999 0.259000 0.11 0.000000 0.125 0.000000  0.410 0.000  0.574 0.000 999.99 0.259000   8.317 0.000   4.925 0.000   3.392 0.000 0.031 0.000  0.385 0.000000
331.291667 332.291667   24.22 0.000  0.72 0.000 0.007 0.000000 9.99 0.259000 0.061 0.000000  0.540 0.000  0.756 0.000 999.99 0.259000   3.059 0.000   1.070 0.000   1.989 0.000 0.018 0.000  0.107 0.000000
334.291667 335.291667   12.63 0.000  0.23 0.000 0.035 0.000000 9.99 0.259000 0.011 0.000000  0.496 0.000  0.694 0.000 999.99 0.259000   2.712 0.000   1.479 0.000   1.233 0.000 0.008 0.000  0.092 0.000000
337.291667 338.291667   33.85 0.000  1.29 0.000 9.999 0.259000 0.13 0.000000 0.300 0.000000  0.546 0.000  0.765 0.000 999.99 0.259000   7.818 0.000   2.844 0.000   4.974 0.000 0.050 0.000  0.643 0.000000
340.291667 341.291667    5.92 0.000  0.33 0.000 9.999 0.259000 0.07 0.000000 0.067 0.000000  0.682 0.000  0.955 0.000 999.99 0.259000   1.736 0.000   0.391 0.000   1.345 0.000 0.009 0.000  0.058 0.000000
343.291667 344.291667   20.05 0.000  0.28 0.000 9.999 0.259000 9.99 0.259000 0.023 0.000000  0.465 0.000  0.651 0.000 999.99 0.259000   3.885 0.000   2.263 0.000   1.622 0.000 0.011 0.000  0.091 0.000000
346.291667 347.291667   29.24 0.559  0.28 0.559 0.017 0.559000 9.99 0.559259 0.026 0.000000  0.242 0.000  0.338 0.000 999.99 0.559259   5.013 0.000   3.383 0.000   1.630 0.559 0.019 0.559  0.095 0.000000
349.291667 350.291667   38.31 0.000  0.35 0.000 9.999 0.259000 9.99 0.259000 0.024 0.000000  0.197 0.000  0.275 0.000 999.99 0.259000   6.862 0.000   5.158 0.000   1.704 0.000 0.028 0.000  0.061 0.000000
352.291667 353.291667   15.00 0.000  0.16 0.000 9.999 0.259000 9.99 0.259000 0.018 0.000000  0.438 0.000  0.613 0.000 999.99 0.259000   4.356 0.000   3.419 0.000   0.937 0.000 0.011 0.000  0.045 0.000000
355.291667 356.291667    7.36 0.000  0.28 0.000 9.999 0.259000 9.99 0.259000 0.127 0.000000  0.343 0.000  0.480 0.000 999.99 0.259000   1.757 0.000   0.748 0.000   1.010 0.000 0.006 0.000  0.123 0.000000
358.291667 359.291667   34.05 0.000  0.36 0.000 9.999 0.259000 0.07 0.000000 0.220 0.000000  0.483 0.000  0.677 0.000 999.99 0.259000   5.364 0.000   2.567 0.000   2.797 0.000 0.021 0.000  0.245 0.000000
361.291667 362.291667   37.23 0.000  0.36 0.000 9.999 0.259000 9.99 0.259000 0.011 0.000000  0.352 0.000  0.493 0.000   8.55 0.000000   5.712 0.000   4.165 0.000   1.547 0.000 0.021 0.000  0.064 0.000000
364.291667 365.291667   34.46 0.000  0.71 0.000 0.017 0.000000 9.99 0.259000 0.044 0.000000  0.438 0.000  0.613 0.000 999.99 0.259000   7.901 0.000   5.634 0.000   2.268 0.000 0.024 0.000  0.157 0.000000
