scripts/IMPROVE-2019_partial/data/US0078R.19960103070000.20191216000000.filterpack...1y.3d.US03L_filterpack_US0078.US03L_IMPROVE_Davis.lev2.nas
51 1001
MISSING INFORMATION
US03L, IMPROVE, , , , , , , 
MISSING INFORMATION
IMPROVE sel_HTAP
1 1
1996 01 01 2019 12 16
0
days from file reference point
4
1 1 1 1
999.999999 999.999 999.999 9.999
end_time of measurement, days from the file reference point
pm10_mass, ug/m3, Matrix=pm10
pm25_mass, ug/m3, Matrix=pm25
numflag, no unit
0
33
Data definition:              EBAS_1.1
Set type code:                TI
Timezone:                     UTC
File name:                    US0078R.19960103070000.20191216000000.filterpack...1y.3d.US03L_filterpack_US0078.US03L_IMPROVE_Davis.lev2.nas
File creation:                20191218120041
Startdate:                    19960103070000
Revision date:                20191216000000
Version:                      2
Version description:          "Data extracted from http://views.cira.colostate.edu/fed/DataWizard 2019-12-16"
Statistics:                   arithmetic mean
Data level:                   2
Period code:                  1y
Resolution code:              3d
Sample duration:              1d
Orig. time res.:              3d
Station code:                 US0078R
Platform code:                US0078S
Station name:                 Lone Peak Wilderness
Station latitude:             40.4449
Station longitude:            -111.7081
Station altitude:             1768.0 m
Regime:                       IMG
Component:                    
Unit:                         ug/m3
Matrix:                       
Laboratory code:              US03L
Instrument type:              filterpack
Instrument name:              filterpack_US0078
Method ref:                   US03L_IMPROVE_Davis
Blank correction:             Blank corrected
Volume std. temperature:      ambient
Volume std. pressure:         ambient
starttime endtime PM10 PM2.5 flag
  2.291667   3.291667   3.194   1.425 0.000
  5.291667   6.291667   6.157   2.760 0.000
  9.291667  10.291667   4.043   2.627 0.000
 12.291667  13.291667   6.723   3.546 0.000
 16.291667  17.291667   6.028   1.480 0.000
 19.291667  20.291667   1.890   0.801 0.000
 23.291667  24.291667  10.688   1.645 0.000
 26.291667  27.291667   2.758   0.799 0.000
 30.291667  31.291667  21.584  21.959 0.000
 33.291667  34.291667  11.027   7.436 0.000
 37.291667  38.291667  10.708 999.999 0.000
 40.291667  41.291667  19.086   2.406 0.000
 44.291667  45.291667  19.534  11.534 0.000
 47.291667  48.291667   5.811   2.682 0.000
 51.291667  52.291667   4.854   0.822 0.000
 54.291667  55.291667  14.188   3.487 0.000
 58.291667  59.291667   4.144   1.736 0.000
 61.291667  62.291667   7.850   2.760 0.000
 65.291667  66.291667   4.057   2.163 0.000
 68.291667  69.291667   8.276   3.168 0.000
 72.291667  73.291667   4.121   2.364 0.000
 75.291667  76.291667   8.309   2.305 0.000
 79.291667  80.291667   8.301   3.487 0.000
 82.291667  83.291667   5.028   1.137 0.000
 86.291667  87.291667   5.488   2.669 0.000
 89.291667  90.291667   6.912   2.790 0.000
 93.291667  94.291667   4.296   2.575 0.000
 96.291667  97.291667  12.843   5.811 0.000
100.291667 101.291667  10.062   4.750 0.000
103.291667 104.291667   5.123   1.609 0.000
107.291667 108.291667   3.332   2.198 0.000
110.291667 111.291667   1.557   1.260 0.000
114.291667 115.291667  15.964   5.881 0.000
117.291667 118.291667   7.809   4.965 0.000
121.291667 122.291667   7.860   5.797 0.000
124.291667 125.291667  16.338  10.947 0.000
128.291667 129.291667   5.556   2.935 0.000
131.291667 132.291667  12.651   8.435 0.000
135.291667 136.291667  11.909   5.282 0.000
138.291667 139.291667  11.016   3.339 0.000
142.291667 143.291667   9.095   6.166 0.000
145.291667 146.291667   5.051   4.221 0.000
149.291667 150.291667   5.981 999.999 0.000
152.291667 153.291667   7.437   5.843 0.000
156.291667 157.291667   8.913   5.707 0.000
159.291667 160.291667  15.311   8.902 0.000
163.291667 164.291667   8.312   6.019 0.000
166.291667 167.291667  13.243   6.829 0.000
170.291667 171.291667  15.124   6.097 0.000
173.291667 174.291667  21.517  11.074 0.000
177.291667 178.291667  14.566  10.371 0.000
180.291667 181.291667  12.798   4.886 0.000
184.291667 185.291667  16.157   6.933 0.000
187.291667 188.291667  17.583   7.790 0.000
191.291667 192.291667  14.891   7.395 0.000
194.291667 195.291667  16.007   6.114 0.000
198.291667 199.291667   7.473   4.184 0.000
201.291667 202.291667  15.521   5.728 0.000
205.291667 206.291667  10.711   5.252 0.000
208.291667 209.291667  17.823   7.533 0.000
212.291667 213.291667  11.900   5.603 0.000
215.291667 216.291667  28.599  17.636 0.000
219.291667 220.291667  31.429  17.778 0.000
222.291667 223.291667  20.305   9.139 0.000
226.291667 227.291667  23.804  13.733 0.000
229.291667 230.291667  22.659  10.371 0.000
233.291667 234.291667  20.069  14.116 0.000
236.291667 237.291667  21.676  10.803 0.000
240.291667 241.291667 999.999  30.623 0.000
243.291667 244.291667  23.779  16.049 0.000
247.291667 248.291667  35.273  11.543 0.000
250.291667 251.291667  16.057   5.983 0.000
254.291667 255.291667   7.397   4.671 0.000
257.291667 258.291667   6.869   5.170 0.000
261.291667 262.291667   5.616   5.163 0.000
264.291667 265.291667   9.980   6.099 0.000
268.291667 269.291667   7.120   2.830 0.000
271.291667 272.291667  17.466   5.639 0.000
275.291667 276.291667  10.758   5.507 0.000
278.291667 279.291667  14.656   5.992 0.000
282.291667 283.291667  14.075   6.479 0.000
285.291667 286.291667  14.656   6.757 0.000
289.291667 290.291667   8.492   3.345 0.000
292.291667 293.291667  19.814   6.690 0.000
296.291667 297.291667   7.449   4.217 0.000
299.291667 300.291667   4.579   3.139 0.000
303.291667 304.291667   8.526   4.242 0.000
306.291667 307.291667   6.057   2.891 0.000
310.291667 311.291667  13.699   5.177 0.000
313.291667 314.291667  14.082   6.014 0.000
317.291667 318.291667   3.618   3.472 0.000
320.291667 321.291667   8.260   4.148 0.000
324.291667 325.291667 999.999 999.999 0.999
327.291667 328.291667 999.999 999.999 0.999
331.291667 332.291667 999.999 999.999 0.999
334.291667 335.291667 999.999 999.999 0.999
338.291667 339.291667   5.454   2.715 0.000
341.291667 342.291667   5.440   1.515 0.000
345.291667 346.291667   6.392   2.401 0.000
348.291667 349.291667   4.853   1.800 0.000
352.291667 353.291667   7.730   4.825 0.000
355.291667 356.291667  43.072   8.550 0.000
359.291667 360.291667   1.805   1.515 0.000
362.291667 363.291667   3.781   2.367 0.000
