scripts/IMPROVE-2019_partial/data/US0017R.20070103070000.20191216000000.filterpack...1y.3d.US03L_filterpack_US0017.US03L_IMPROVE_Davis.lev2.nas
52 1001
MISSING INFORMATION
US03L, IMPROVE, , , , , , , 
MISSING INFORMATION
IMPROVE sel_HTAP
1 1
2007 01 01 2019 12 16
3.000000
days from file reference point
5
1 1 1 1 1
999.999999 999.999 9.999 999.999 9.999
end_time of measurement, days from the file reference point
pm10_mass, ug/m3, Matrix=pm10
numflag pm10_mass, no unit, Matrix=pm10
pm25_mass, ug/m3, Matrix=pm25
numflag pm25_mass, no unit, Matrix=pm25
0
33
Data definition:              EBAS_1.1
Set type code:                TU
Timezone:                     UTC
File name:                    US0017R.20070103070000.20191216000000.filterpack...1y.3d.US03L_filterpack_US0017.US03L_IMPROVE_Davis.lev2.nas
File creation:                20191218115631
Startdate:                    20070103070000
Revision date:                20191216000000
Version:                      2
Version description:          "Data extracted from http://views.cira.colostate.edu/fed/DataWizard 2019-12-16"
Statistics:                   arithmetic mean
Data level:                   2
Period code:                  1y
Resolution code:              3d
Sample duration:              1d
Orig. time res.:              3d
Station code:                 US0017R
Platform code:                US0017S
Station name:                 Douglas
Station latitude:             31.3492
Station longitude:            -109.5397
Station altitude:             1230.0 m
Regime:                       IMG
Component:                    
Unit:                         ug/m3
Matrix:                       
Laboratory code:              US03L
Instrument type:              filterpack
Instrument name:              filterpack_US0017
Method ref:                   US03L_IMPROVE_Davis
Blank correction:             Blank corrected
Volume std. temperature:      ambient
Volume std. pressure:         ambient
starttime endtime PM10 flag_PM10 PM2.5 flag_PM2.5
  2.291667   3.291667  24.024 0.000   8.655 0.000
  5.291667   6.291667 999.999 0.999   2.613 0.000
  8.291667   9.291667 999.999 0.999   4.053 0.000
 11.291667  12.291667 999.999 0.999   4.717 0.000
 14.291667  15.291667 999.999 0.999   2.584 0.000
 17.291667  18.291667  13.470 0.000   4.280 0.000
 20.291667  21.291667  11.817 0.000   5.364 0.000
 23.291667  24.291667  13.280 0.000   3.928 0.000
 26.291667  27.291667  24.542 0.000   9.563 0.000
 29.291667  30.291667  11.024 0.000   3.500 0.000
 32.291667  33.291667  14.945 0.000   5.007 0.000
 35.291667  36.291667  16.166 0.000   3.944 0.000
 38.291667  39.291667 999.999 0.999   6.279 0.000
 41.291667  42.291667 999.999 0.999   7.011 0.000
 44.291667  45.291667 999.999 0.456   4.967 0.000
 47.291667  48.291667 999.999 0.456   2.335 0.000
 50.291667  51.291667 999.999 0.456   3.418 0.000
 53.291667  54.291667 999.999 0.456  10.126 0.000
 56.291667  57.291667 999.999 0.456   5.329 0.000
 59.291667  60.291667 999.999 0.456   7.199 0.000
 62.291667  63.291667 999.999 0.456   3.244 0.000
 65.291667  66.291667 999.999 0.456  15.152 0.000
 68.291667  69.291667 999.999 0.456   7.957 0.000
 71.291667  72.291667 999.999 0.456   8.986 0.000
 74.291667  75.291667 999.999 0.456  11.551 0.000
 77.291667  78.291667 999.999 0.456  10.843 0.000
 80.291667  81.291667 999.999 0.456   7.807 0.000
 83.291667  84.291667  13.382 0.000   5.136 0.000
 86.291667  87.291667  75.662 0.000  19.833 0.000
 89.291667  90.291667  14.296 0.000   4.345 0.000
 92.291667  93.291667  27.495 0.000 999.999 0.456
 95.291667  96.291667 999.999 0.999 999.999 0.999
 98.291667  99.291667 999.999 0.999 999.999 0.999
101.291667 102.291667  53.034 0.000  13.229 0.000
104.291667 105.291667  30.822 0.000   8.386 0.000
107.291667 108.291667  33.422 0.000   9.220 0.000
110.291667 111.291667  17.212 0.000   4.552 0.000
113.291667 114.291667  21.355 0.000   4.501 0.000
116.291667 117.291667  47.118 0.000  10.091 0.000
119.291667 120.291667  25.122 0.000   9.302 0.000
122.291667 123.291667  38.803 0.000  12.459 0.000
125.291667 126.291667   8.143 0.000   2.747 0.000
128.291667 129.291667  28.949 0.000  10.533 0.000
131.291667 132.291667  18.949 0.000   5.619 0.000
134.291667 135.291667  50.721 0.000  11.576 0.000
137.291667 138.291667  25.590 0.000   8.791 0.000
140.291667 141.291667  30.400 0.000  10.888 0.000
143.291667 144.291667  40.960 0.000  12.413 0.000
146.291667 147.291667  33.379 0.000   9.670 0.000
149.291667 150.291667 999.999 0.456  12.377 0.000
152.291667 153.291667 999.999 0.456   9.559 0.000
155.291667 156.291667 999.999 0.456  15.295 0.000
158.291667 159.291667  36.861 0.000   8.888 0.000
161.291667 162.291667  14.568 0.000   9.888 0.000
164.291667 165.291667  24.454 0.000   8.787 0.000
167.291667 168.291667  17.529 0.000   4.939 0.000
170.291667 171.291667  34.232 0.000   9.683 0.000
173.291667 174.291667  38.741 0.000   9.614 0.000
176.291667 177.291667  36.951 0.000   9.313 0.000
179.291667 180.291667  22.123 0.000   8.879 0.000
182.291667 183.291667  21.210 0.000   7.883 0.000
185.291667 186.291667  29.013 0.000   7.845 0.000
188.291667 189.291667  20.386 0.000   7.924 0.000
191.291667 192.291667  14.662 0.000   9.932 0.000
194.291667 195.291667  17.675 0.000   6.773 0.000
197.291667 198.291667  15.633 0.000   6.091 0.000
200.291667 201.291667  14.459 0.000   6.150 0.000
203.291667 204.291667   7.835 0.000   3.200 0.000
206.291667 207.291667  16.025 0.000   5.089 0.000
209.291667 210.291667  12.774 0.000   3.958 0.000
212.291667 213.291667   9.998 0.000   3.846 0.000
215.291667 216.291667   8.755 0.000   4.242 0.000
218.291667 219.291667  15.327 0.000   4.927 0.000
221.291667 222.291667  12.656 0.000   3.972 0.000
224.291667 225.291667  20.084 0.000   6.640 0.000
227.291667 228.291667  25.074 0.000  11.159 0.000
230.291667 231.291667  23.581 0.000  11.674 0.000
233.291667 234.291667  23.201 0.000   6.266 0.000
236.291667 237.291667  22.801 0.000   8.232 0.000
239.291667 240.291667  15.136 0.000   4.186 0.000
242.291667 243.291667  19.719 0.000   5.677 0.000
245.291667 246.291667  17.316 0.000   6.732 0.000
248.291667 249.291667   6.495 0.000   4.544 0.000
251.291667 252.291667  18.679 0.000   6.318 0.000
254.291667 255.291667  18.150 0.000   5.059 0.000
257.291667 258.291667  46.557 0.000  10.438 0.000
260.291667 261.291667  23.494 0.000   6.611 0.000
263.291667 264.291667  28.353 0.000   9.062 0.000
266.291667 267.291667  14.282 0.000   5.135 0.000
269.291667 270.291667  36.625 0.000   8.446 0.000
272.291667 273.291667  18.317 0.000   7.155 0.000
275.291667 276.291667  17.020 0.000   5.853 0.000
278.291667 279.291667  17.921 0.000   5.461 0.000
281.291667 282.291667  18.304 0.000   5.872 0.000
284.291667 285.291667  22.105 0.000   7.753 0.000
287.291667 288.291667  22.937 0.000   6.426 0.000
290.291667 291.291667  20.650 0.000   9.443 0.000
293.291667 294.291667  21.861 0.000   6.252 0.000
296.291667 297.291667  21.368 0.000   7.041 0.000
299.291667 300.291667  37.840 0.000   9.682 0.000
302.291667 303.291667  45.397 0.000   9.229 0.000
305.291667 306.291667  53.789 0.000  14.341 0.000
308.291667 309.291667  67.721 0.000  14.375 0.000
311.291667 312.291667  86.887 0.000  22.566 0.000
314.291667 315.291667  49.967 0.000  11.670 0.000
317.291667 318.291667  47.780 0.000  12.254 0.000
320.291667 321.291667  31.205 0.000   8.493 0.000
323.291667 324.291667  42.539 0.000   9.060 0.000
326.291667 327.291667  49.757 0.000  14.790 0.000
329.291667 330.291667  16.461 0.000   7.432 0.000
332.291667 333.291667  17.590 0.000   6.861 0.000
335.291667 336.291667   6.423 0.000   4.783 0.000
338.291667 339.291667  38.908 0.000   9.657 0.000
341.291667 342.291667  15.766 0.000   3.287 0.000
344.291667 345.291667   8.451 0.000   4.523 0.000
347.291667 348.291667  13.601 0.000   4.605 0.000
350.291667 351.291667  36.026 0.000   9.407 0.000
353.291667 354.291667  30.598 0.000   9.062 0.000
356.291667 357.291667  15.456 0.000   4.909 0.000
359.291667 360.291667  28.319 0.000   9.240 0.000
362.291667 363.291667  17.160 0.000   6.803 0.000
