scripts/IMPROVE-2019_partial/data/US0051R.20110103060000.20191216000000.filterpack...1y.3d.US03L_filterpack_US0051.US03L_IMPROVE_Davis.lev2.nas
52 1001
MISSING INFORMATION
US03L, IMPROVE, , , , , , , 
MISSING INFORMATION
IMPROVE sel_HTAP
1 1
2011 01 01 2019 12 16
3.00
days from file reference point
5
1 1 1 1 1
999.99 999.999 9.999 999.999 9.999
end_time of measurement, days from the file reference point
pm10_mass, ug/m3, Matrix=pm10
numflag pm10_mass, no unit, Matrix=pm10
pm25_mass, ug/m3, Matrix=pm25
numflag pm25_mass, no unit, Matrix=pm25
0
33
Data definition:              EBAS_1.1
Set type code:                TU
Timezone:                     UTC
File name:                    US0051R.20110103060000.20191216000000.filterpack...1y.3d.US03L_filterpack_US0051.US03L_IMPROVE_Davis.lev2.nas
File creation:                20191218115831
Startdate:                    20110103060000
Revision date:                20191216000000
Version:                      2
Version description:          "Data extracted from http://views.cira.colostate.edu/fed/DataWizard 2019-12-16"
Statistics:                   arithmetic mean
Data level:                   2
Period code:                  1y
Resolution code:              3d
Sample duration:              1d
Orig. time res.:              3d
Station code:                 US0051R
Platform code:                US0051S
Station name:                 El Dorado Springs
Station latitude:             37.7009
Station longitude:            -94.0348
Station altitude:             297.0 m
Regime:                       IMG
Component:                    
Unit:                         ug/m3
Matrix:                       
Laboratory code:              US03L
Instrument type:              filterpack
Instrument name:              filterpack_US0051
Method ref:                   US03L_IMPROVE_Davis
Blank correction:             Blank corrected
Volume std. temperature:      ambient
Volume std. pressure:         ambient
starttime endtime PM10 flag_PM10 PM2.5 flag_PM2.5
  2.25   3.25  14.051 0.000   5.273 0.000
  5.25   6.25 999.999 0.999 999.999 0.999
  8.25   9.25   9.130 0.000   3.558 0.000
 11.25  12.25  12.357 0.000  10.111 0.000
 14.25  15.25  21.850 0.000  16.593 0.000
 17.25  18.25  23.896 0.000  20.377 0.000
 20.25  21.25  13.164 0.000 999.999 0.456
 23.25  24.25  27.474 0.000 999.999 0.456
 26.25  27.25  22.572 0.000  14.912 0.000
 29.25  30.25  17.480 0.000  15.341 0.000
 32.25  33.25   3.790 0.000   4.549 0.000
 35.25  36.25 999.999 0.999 999.999 0.999
 38.25  39.25 999.999 0.999 999.999 0.999
 41.25  42.25 999.999 0.999 999.999 0.999
 44.25  45.25 999.999 0.999 999.999 0.999
 47.25  48.25  16.849 0.000   8.828 0.000
 50.25  51.25  15.625 0.000   9.955 0.000
 53.25  54.25  14.223 0.000   8.543 0.000
 56.25  57.25  24.859 0.000  19.843 0.000
 59.25  60.25  12.658 0.000   5.721 0.000
 62.25  63.25  29.712 0.000  21.417 0.000
 65.25  66.25  14.924 0.000   7.677 0.000
 68.25  69.25   9.068 0.000   7.258 0.000
 71.25  72.25  10.614 0.000   7.237 0.000
 74.25  75.25  13.724 0.000   8.362 0.000
 77.25  78.25  10.159 0.000   5.296 0.000
 80.25  81.25  25.915 0.000  13.987 0.000
 83.25  84.25  15.552 0.000  11.217 0.000
 86.25  87.25   9.239 0.000   7.544 0.000
 89.25  90.25  18.344 0.000  14.400 0.000
 92.25  93.25  26.702 0.000  15.474 0.000
 95.25  96.25  33.482 0.000  10.444 0.000
 98.25  99.25  18.762 0.000  10.237 0.000
101.25 102.25 999.999 0.456   6.750 0.000
104.25 105.25 999.999 0.456   3.729 0.000
107.25 108.25 999.999 0.456  16.837 0.000
110.25 111.25  11.190 0.000   3.658 0.000
113.25 114.25   6.116 0.000   3.980 0.000
116.25 117.25   8.087 0.000   3.980 0.000
119.25 120.25  21.782 0.000   6.880 0.000
122.25 123.25  13.403 0.000   4.352 0.000
125.25 126.25  13.258 0.000   3.729 0.000
128.25 129.25 999.999 0.999 999.999 0.999
131.25 132.25  14.673 0.000   7.645 0.000
134.25 135.25   6.197 0.000   2.736 0.000
137.25 138.25 999.999 0.999 999.999 0.999
140.25 141.25  16.483 0.000   7.520 0.000
143.25 144.25  15.430 0.000   6.873 0.000
146.25 147.25   9.155 0.000   3.931 0.000
149.25 150.25  13.939 0.000   7.281 0.000
152.25 153.25 999.999 0.999 999.999 0.999
155.25 156.25 999.999 0.999 999.999 0.999
158.25 159.25  39.529 0.000  19.264 0.000
161.25 162.25  12.583 0.000   6.427 0.000
164.25 165.25  27.033 0.000  14.045 0.000
167.25 168.25  26.934 0.000   9.828 0.000
170.25 171.25  24.791 0.000   8.204 0.000
173.25 174.25  21.101 0.000   4.438 0.000
176.25 177.25  20.818 0.000   7.560 0.000
179.25 180.25  29.807 0.000   9.784 0.000
182.25 183.25  35.192 0.000  12.516 0.000
185.25 186.25 999.999 0.999 999.999 0.999
188.25 189.25  15.959 0.000  10.017 0.000
191.25 192.25  27.078 0.000   8.685 0.000
194.25 195.25  17.772 0.000   7.846 0.000
197.25 198.25  31.036 0.000  14.466 0.000
200.25 201.25 999.999 0.999 999.999 0.999
203.25 204.25  30.350 0.000  11.314 0.000
206.25 207.25  23.954 0.000   8.624 0.000
209.25 210.25  44.537 0.000  16.503 0.000
212.25 213.25  32.696 0.000  10.892 0.000
215.25 216.25  12.512 0.000   4.668 0.000
218.25 219.25  21.926 0.000   7.399 0.000
221.25 222.25  16.052 0.000   6.441 0.000
224.25 225.25  10.534 0.000   3.502 0.000
227.25 228.25  24.219 0.000   9.962 0.000
230.25 231.25  22.868 0.000   7.589 0.000
233.25 234.25  26.567 0.000   7.915 0.000
236.25 237.25  25.534 0.000   5.606 0.000
239.25 240.25  31.599 0.000   8.266 0.000
242.25 243.25  35.122 0.000  15.652 0.000
245.25 246.25  58.794 0.000  14.762 0.000
248.25 249.25  14.602 0.000   4.329 0.000
251.25 252.25  25.686 0.000  13.758 0.000
254.25 255.25  47.071 0.000   6.939 0.000
257.25 258.25   9.637 0.000   2.393 0.000
260.25 261.25  12.629 0.000   9.708 0.000
263.25 264.25  14.536 0.000   4.016 0.000
266.25 267.25  12.698 0.000   5.362 0.000
269.25 270.25  23.178 0.000   6.789 0.000
272.25 273.25  27.987 0.000   5.029 0.000
275.25 276.25  28.967 0.000   6.938 0.000
278.25 279.25  33.494 0.000  12.720 0.000
281.25 282.25  25.873 0.000  11.489 0.000
284.25 285.25  15.393 0.000   5.335 0.000
287.25 288.25  24.046 0.000   5.119 0.000
290.25 291.25   8.593 0.000   3.015 0.000
293.25 294.25  31.304 0.000   6.126 0.000
296.25 297.25  23.646 0.000   6.888 0.000
299.25 300.25  14.726 0.000   3.800 0.000
302.25 303.25  19.476 0.000   5.145 0.000
305.25 306.25  22.332 0.000   8.833 0.000
308.25 309.25  11.053 0.000   8.677 0.000
311.25 312.25   4.340 0.000   1.639 0.000
314.25 315.25  14.903 0.000   4.202 0.000
317.25 318.25  26.744 0.000   5.293 0.000
320.25 321.25  15.903 0.000   3.734 0.000
323.25 324.25  19.189 0.000  12.425 0.000
326.25 327.25  11.161 0.000   6.874 0.000
329.25 330.25  12.845 0.000   7.727 0.000
332.25 333.25  10.733 0.000   5.282 0.000
335.25 336.25  22.834 0.000  15.117 0.000
338.25 339.25  11.194 0.000   8.821 0.000
341.25 342.25  20.378 0.000  12.583 0.000
344.25 345.25  20.331 0.000  15.926 0.000
347.25 348.25   6.643 0.000   5.338 0.000
350.25 351.25  10.708 0.000   8.285 0.000
353.25 354.25   4.771 0.000   3.968 0.000
356.25 357.25   6.124 0.000   2.806 0.000
359.25 360.25   5.961 0.000   4.320 0.000
362.25 363.25  13.514 0.000   4.760 0.000
