scripts/IMPROVE-2019_partial/data/US0014R.19920101070000.20191216000000.filterpack...1y.3d.US03L_filterpack_US0014.US03L_IMPROVE_Davis.lev2.nas
52 1001
MISSING INFORMATION
US03L, IMPROVE, , , , , , , 
MISSING INFORMATION
IMPROVE sel_HTAP
1 1
1992 01 01 2019 12 16
0
days from file reference point
5
1 1 1 1 1
999.999999 999.999 9.999 999.999 9.999999
end_time of measurement, days from the file reference point
pm10_mass, ug/m3, Matrix=pm10
numflag pm10_mass, no unit, Matrix=pm10
pm25_mass, ug/m3, Matrix=pm25
numflag pm25_mass, no unit, Matrix=pm25
0
33
Data definition:              EBAS_1.1
Set type code:                TI
Timezone:                     UTC
File name:                    US0014R.19920101070000.20191216000000.filterpack...1y.3d.US03L_filterpack_US0014.US03L_IMPROVE_Davis.lev2.nas
File creation:                20191218115618
Startdate:                    19920101070000
Revision date:                20191216000000
Version:                      2
Version description:          "Data extracted from http://views.cira.colostate.edu/fed/DataWizard 2019-12-16"
Statistics:                   arithmetic mean
Data level:                   2
Period code:                  1y
Resolution code:              3d
Sample duration:              1d
Orig. time res.:              3d
Station code:                 US0014R
Platform code:                US0014S
Station name:                 Indian Gardens
Station latitude:             36.0778
Station longitude:            -112.1288
Station altitude:             1166.0 m
Regime:                       IMG
Component:                    
Unit:                         ug/m3
Matrix:                       
Laboratory code:              US03L
Instrument type:              filterpack
Instrument name:              filterpack_US0014
Method ref:                   US03L_IMPROVE_Davis
Blank correction:             Blank corrected
Volume std. temperature:      ambient
Volume std. pressure:         ambient
starttime endtime PM10 flag_PM10 PM2.5 flag_PM2.5
  0.291667   1.291667   6.885 0.000   2.362 0.559000
  3.291667   4.291667   7.125 0.000   3.463 0.559000
  7.291667   8.291667 999.999 0.999   2.131 0.559000
 10.291667  11.291667  13.119 0.000 999.999 0.559259
 14.291667  15.291667 999.999 0.999 999.999 0.999000
 17.291667  18.291667 999.999 0.999 999.999 0.999000
 21.291667  22.291667 999.999 0.999 999.999 0.999000
 24.291667  25.291667 999.999 0.999 999.999 0.999000
 28.291667  29.291667 999.999 0.999 999.999 0.999000
 31.291667  32.291667 999.999 0.999 999.999 0.999000
 35.291667  36.291667 999.999 0.999 999.999 0.999000
 38.291667  39.291667 999.999 0.999 999.999 0.999000
 42.291667  43.291667 999.999 0.999 999.999 0.999000
 45.291667  46.291667 999.999 0.999 999.999 0.999000
 49.291667  50.291667  13.032 0.000   2.000 0.559000
 52.291667  53.291667 999.999 0.999   1.692 0.559000
 56.291667  57.291667   5.547 0.000   1.713 0.559000
 59.291667  60.291667   5.305 0.000   1.963 0.000000
 63.291667  64.291667   4.196 0.000   0.946 0.000000
 66.291667  67.291667   7.083 0.000   2.907 0.000000
 70.291667  71.291667   5.421 0.000   3.794 0.000000
 73.291667  74.291667   7.935 0.000   6.527 0.000000
 77.291667  78.291667   7.531 0.000   2.038 0.000000
 80.291667  81.291667   4.692 0.000   1.433 0.000000
 84.291667  85.291667  12.868 0.000   1.731 0.000000
 87.291667  88.291667 999.999 0.999   0.981 0.000000
 91.291667  92.291667   6.538 0.000   2.769 0.000000
 94.291667  95.291667  11.413 0.000   2.910 0.000000
 98.291667  99.291667  10.148 0.000   4.420 0.000000
101.291667 102.291667  11.920 0.000   6.231 0.000000
105.291667 106.291667 999.999 0.999   6.803 0.000000
108.291667 109.291667   8.800 0.000   6.614 0.000000
112.291667 113.291667  15.567 0.000   6.781 0.000000
115.291667 116.291667  17.401 0.000   8.070 0.000000
119.291667 120.291667  17.073 0.000   9.274 0.000000
122.291667 123.291667  17.914 0.000   8.842 0.000000
126.291667 127.291667   8.782 0.000   3.860 0.000000
129.291667 130.291667  16.375 0.000   5.938 0.000000
133.291667 134.291667  22.010 0.000   6.327 0.000000
136.291667 137.291667 999.999 0.999   7.750 0.000000
140.291667 141.291667 999.999 0.999   5.483 0.000000
143.291667 144.291667   5.484 0.000   2.291 0.000000
147.291667 148.291667  12.107 0.000   6.625 0.000000
150.291667 151.291667   9.851 0.000   3.938 0.000000
154.291667 155.291667   8.571 0.000   6.069 0.000000
157.291667 158.291667  14.509 0.000  10.906 0.000000
161.291667 162.291667  17.040 0.000   9.180 0.000000
164.291667 165.291667  14.669 0.000   5.873 0.000000
168.291667 169.291667  11.916 0.000   4.829 0.000000
171.291667 172.291667 999.999 0.999 999.999 0.999000
175.291667 176.291667  13.867 0.000   7.545 0.000000
178.291667 179.291667  20.627 0.000   7.273 0.000000
182.291667 183.291667  14.590 0.000   6.012 0.000000
185.291667 186.291667  11.486 0.000   4.110 0.000000
189.291667 190.291667  17.308 0.000   7.138 0.000000
192.291667 193.291667  12.137 0.000   4.019 0.000000
196.291667 197.291667   8.379 0.000   4.308 0.000000
199.291667 200.291667  14.700 0.000   7.231 0.000000
203.291667 204.291667  19.665 0.000   5.927 0.000000
206.291667 207.291667   7.470 0.000   6.881 0.000000
210.291667 211.291667  13.577 0.000   7.450 0.000000
213.291667 214.291667  10.294 0.000   5.643 0.000000
217.291667 218.291667  13.080 0.000   6.091 0.000000
220.291667 221.291667  14.498 0.000   4.758 0.000000
224.291667 225.291667 999.999 0.999 999.999 0.999000
227.291667 228.291667 999.999 0.999 999.999 0.999000
231.291667 232.291667 999.999 0.999 999.999 0.999000
234.291667 235.291667 999.999 0.999 999.999 0.999000
238.291667 239.291667  17.427 0.000   5.918 0.000000
241.291667 242.291667  15.481 0.000   4.862 0.000000
245.291667 246.291667  10.035 0.000   6.594 0.000000
248.291667 249.291667  10.278 0.000   6.219 0.000000
252.291667 253.291667  14.708 0.000   5.850 0.000000
255.291667 256.291667  11.993 0.000   7.712 0.000000
259.291667 260.291667   7.379 0.000   4.180 0.000000
262.291667 263.291667   5.684 0.000   3.282 0.000000
266.291667 267.291667  14.021 0.000   5.545 0.000000
269.291667 270.291667  13.902 0.000   4.641 0.000000
273.291667 274.291667  12.131 0.000   6.086 0.000000
276.291667 277.291667  13.133 0.000   5.443 0.000000
280.291667 281.291667 999.999 0.999 999.999 0.999000
283.291667 284.291667  10.554 0.000   4.268 0.000000
287.291667 288.291667  16.871 0.000   7.919 0.000000
290.291667 291.291667  21.031 0.000   6.118 0.000000
294.291667 295.291667  15.000 0.000   6.552 0.000000
297.291667 298.291667   5.000 0.000   3.918 0.000000
301.291667 302.291667   5.429 0.000   2.603 0.000000
304.291667 305.291667   3.956 0.000   1.492 0.000000
308.291667 309.291667   3.592 0.000   2.508 0.000000
311.291667 312.291667   6.338 0.000   3.163 0.000000
315.291667 316.291667   8.604 0.000   4.481 0.000000
318.291667 319.291667 999.999 0.999   2.662 0.000000
322.291667 323.291667  10.772 0.000   5.672 0.000000
325.291667 326.291667  10.211 0.000   3.432 0.000000
329.291667 330.291667   7.536 0.000   3.311 0.000000
332.291667 333.291667   7.860 0.000   3.475 0.000000
336.291667 337.291667   6.689 0.000   3.518 0.000000
339.291667 340.291667   4.367 0.000   3.648 0.000000
343.291667 344.291667   8.138 0.000   3.916 0.000000
346.291667 347.291667   3.793 0.000 999.999 0.999000
350.291667 351.291667   3.199 0.000   1.650 0.000000
353.291667 354.291667   2.310 0.000   1.447 0.000000
357.291667 358.291667  10.563 0.000   7.340 0.000000
360.291667 361.291667   7.110 0.000   6.410 0.000000
364.291667 365.291667   2.947 0.000   1.086 0.000000
