scripts/IMPROVE-2019_partial/data/US0062R.20030103070000.20191216000000.filterpack..pm25.1y.1w.US03L_filterpack_US0062.US03L_IMPROVE_Davis.lev2.nas
66 1001
MISSING INFORMATION
US03L, IMPROVE, , , , , , , 
MISSING INFORMATION
IMPROVE sel_HTAP
1 1
2003 01 01 2019 12 16
3.000000
days from file reference point
27
1 1 1 1 1 1 1 1 1 1 1 1 1 1 1 1 1 1 1 1 1 1 1 1 1 1 1
999.999999 9999.99 9.999 99.99 9.999999 9.999 9.999999 9.99 9.999999 9.999 9.999 99.999 9.999 999.999 9.999 99.99 9.999999 999.999 9.999 999.999 9.999 999.999 9.999 9.999 9.999 9.999 9.999
end_time of measurement, days from the file reference point
iron, ng/m3, Revision date=20181210133000
numflag iron, no unit, Revision date=20181210133000
lead, ng/m3, Revision date=20181210133000
numflag lead, no unit, Revision date=20181210133000
magnesium, ug/m3, Revision date=20181210133000
numflag magnesium, no unit, Revision date=20181210133000
nickel, ng/m3, Revision date=20181210133000
numflag nickel, no unit, Revision date=20181210133000
nitrate, ug N/m3, Revision date=20181210133000
numflag nitrate, no unit, Revision date=20181210133000
organic_carbon, ug C/m3, Revision date=20181210133000
numflag organic_carbon, no unit, Revision date=20181210133000
organic_mass, ug/m3, Revision date=20181210133000
numflag organic_mass, no unit, Revision date=20181210133000
phosphorus, ng/m3, Revision date=20181210133000
numflag phosphorus, no unit, Revision date=20181210133000
pm10_mass, ug/m3, Version=2, Version description=Data extracted from http://views.cira.colostate.edu/fed/DataWizard 2019-12-16, Sample duration=1d, Orig. time res.=3d, Matrix=pm10, Blank correction=Blank corrected, Volume std. temperature=ambient, Volume std. pressure=ambient
numflag pm10_mass, no unit, Version=2, Version description=Data extracted from http://views.cira.colostate.edu/fed/DataWizard 2019-12-16, Sample duration=1d, Orig. time res.=3d, Matrix=pm10, Blank correction=Blank corrected, Volume std. temperature=ambient, Volume std. pressure=ambient
pm10_pm25_mass, ug/m3, Revision date=20181210133000, Matrix=pm10_pm25
numflag pm10_pm25_mass, no unit, Revision date=20181210133000, Matrix=pm10_pm25
pm25_mass, ug/m3, Version=2, Version description=Data extracted from http://views.cira.colostate.edu/fed/DataWizard 2019-12-16, Sample duration=1d, Orig. time res.=3d, Blank correction=Blank corrected, Volume std. temperature=ambient, Volume std. pressure=ambient
numflag pm25_mass, no unit, Version=2, Version description=Data extracted from http://views.cira.colostate.edu/fed/DataWizard 2019-12-16, Sample duration=1d, Orig. time res.=3d, Blank correction=Blank corrected, Volume std. temperature=ambient, Volume std. pressure=ambient
potassium, ug/m3, Revision date=20181210133000
numflag potassium, no unit, Revision date=20181210133000
sulphate_total, ug S/m3, Revision date=20181210133000
numflag sulphate_total, no unit, Revision date=20181210133000
0
25
Data definition:              EBAS_1.1
Set type code:                TU
Timezone:                     UTC
File name:                    US0062R.20030103070000.20191216000000.filterpack..pm25.1y.1w.US03L_filterpack_US0062.US03L_IMPROVE_Davis.lev2.nas
File creation:                20191218115924
Startdate:                    20030103070000
Revision date:                20191216000000
Statistics:                   arithmetic mean
Data level:                   2
Period code:                  1y
Resolution code:              1w
Station code:                 US0062R
Platform code:                US0062S
Station name:                 Bandelier NM
Station latitude:             35.7797
Station longitude:            -106.2664
Station altitude:             1988.0 m
Regime:                       IMG
Component:                    
Matrix:                       pm25
Laboratory code:              US03L
Instrument type:              filterpack
Instrument name:              filterpack_US0062
Method ref:                   US03L_IMPROVE_Davis
starttime endtime Fe flag_Fe Pb flag_Pb Mg++ flag_Mg++ Ni flag_Ni NO3- flag_NO3- OC flag_OC OM flag_OM P flag_P PM10 flag_PM10 PM10-PM2.5 flag_PM10-PM2.5 PM2.5 flag_PM2.5 K+ flag_K+ SO4-- flag_SO4--
[from data line 81]
245.291667 246.291667   14.08 0.000  0.21 0.000000 9.999 0.259000 0.16 0.000000 0.031 0.000  1.215 0.000   1.701 0.000 99.99 0.259000 999.999 0.999 999.999 0.999   3.946 0.000 0.018 0.000 0.368 0.000
248.291667 249.291667    7.17 0.000  0.28 0.000000 9.999 0.259000 9.99 0.259000 0.011 0.000  0.858 0.000   1.201 0.000 99.99 0.259000 999.999 0.999 999.999 0.999   2.111 0.000 0.008 0.000 0.134 0.000
251.291667 252.291667   15.63 0.000  0.28 0.000000 9.999 0.259000 0.70 0.000000 0.021 0.000  0.664 0.000   0.930 0.000 99.99 0.259000   2.656 0.000   0.256 0.000   2.401 0.000 0.014 0.000 0.185 0.000
254.291667 255.291667    6.52 0.000  0.18 0.000000 9.999 0.259000 9.99 0.259000 0.014 0.000  0.937 0.000   1.312 0.000 99.99 0.259000 999.999 0.999 999.999 0.999   2.388 0.000 0.011 0.000 0.150 0.000
257.291667 258.291667   25.10 0.000  0.51 0.000000 9.999 0.259000 9.99 0.259000 0.023 0.000  1.054 0.000   1.475 0.000 99.99 0.259000 999.999 0.999 999.999 0.999   3.532 0.000 0.019 0.000 0.246 0.000
260.291667 261.291667   93.32 0.000  0.34 0.000000 9.999 0.259000 0.07 0.000000 0.028 0.000  0.831 0.000   1.163 0.000 99.99 0.259000 999.999 0.999 999.999 0.999   4.947 0.000 0.073 0.000 0.150 0.000
263.291667 264.291667   32.51 0.000  0.46 0.000000 9.999 0.259000 0.05 0.000000 0.017 0.000  0.855 0.000   1.198 0.000 99.99 0.259000 999.999 0.999 999.999 0.999   2.939 0.000 0.026 0.000 0.133 0.000
266.291667 267.291667   62.08 0.000  0.65 0.000000 9.999 0.259000 0.04 0.000000 0.022 0.000  1.750 0.000   2.449 0.000 99.99 0.259000 999.999 0.999 999.999 0.999   5.426 0.000 0.056 0.000 0.178 0.000
269.291667 270.291667   56.65 0.000  0.54 0.000000 0.017 0.000000 9.99 0.259000 0.022 0.000  1.138 0.000   1.593 0.000 99.99 0.259000 999.999 0.999 999.999 0.999   4.662 0.000 0.052 0.000 0.188 0.000
272.291667 273.291667   42.59 0.699  0.41 0.699000 9.999 0.699259 9.99 0.699259 0.046 0.000  3.081 0.000   4.313 0.000 99.99 0.699259 999.999 0.999 999.999 0.999   9.109 0.699 0.060 0.699 0.336 0.000
275.291667 276.291667   12.41 0.000  0.27 0.000000 9.999 0.259000 0.09 0.000000 0.011 0.000  0.763 0.000   1.068 0.000 99.99 0.259000 999.999 0.999 999.999 0.999   2.139 0.000 0.012 0.000 0.114 0.000
278.291667 279.291667   14.27 0.000  0.67 0.000000 0.029 0.000000 9.99 0.259000 0.016 0.000  0.982 0.000   1.375 0.000 99.99 0.259000 999.999 0.999 999.999 0.999   3.245 0.000 0.012 0.000 0.204 0.000
281.291667 282.291667   12.12 0.000  0.53 0.000000 9.999 0.259000 0.05 0.000000 0.028 0.000  1.356 0.000   1.898 0.000 99.99 0.259000   5.451 0.000   1.688 0.000   3.763 0.000 0.010 0.000 0.204 0.000
284.291667 285.291667   33.17 0.000  0.46 0.000000 9.999 0.259000 0.07 0.000000 0.036 0.000  0.911 0.000   1.276 0.000 99.99 0.259000  10.803 0.000   7.300 0.000   3.502 0.000 0.028 0.000 0.180 0.000
287.291667 288.291667   48.23 0.000  0.71 0.000000 9.999 0.259000 0.07 0.000000 0.023 0.000  0.601 0.000   0.842 0.000 99.99 0.259000  11.127 0.000   7.608 0.000   3.519 0.000 0.038 0.000 0.170 0.000
290.291667 291.291667   49.78 0.000  0.64 0.000000 0.037 0.000000 9.99 0.259000 0.020 0.000  1.009 0.000   1.413 0.000 99.99 0.259000   9.205 0.000   5.187 0.000   4.019 0.000 0.045 0.000 0.160 0.000
293.291667 294.291667   33.39 0.000  0.48 0.000000 0.069 0.000000 0.04 0.000000 0.012 0.000  0.672 0.000   0.941 0.000 99.99 0.259000   7.000 0.000   4.178 0.000   2.823 0.000 0.025 0.000 0.102 0.000
296.291667 297.291667   54.35 0.699  0.62 0.699000 0.047 0.699000 9.99 0.699259 0.022 0.000  1.924 0.000   2.693 0.000 99.99 0.699259  10.621 0.000   4.510 0.000   6.111 0.699 0.042 0.699 0.189 0.000
299.291667 300.291667   31.31 0.000  0.40 0.000000 9.999 0.259000 9.99 0.259000 0.018 0.000  0.595 0.000   0.833 0.000 99.99 0.259000   7.807 0.000   5.332 0.000   2.476 0.000 0.024 0.000 0.076 0.000
302.291667 303.291667   57.55 0.699  1.87 0.699000 0.032 0.699000 9.99 0.699259 0.274 0.000  7.384 0.000  10.338 0.000 99.99 0.699259  25.491 0.000   7.119 0.000  18.372 0.699 0.333 0.699 0.221 0.000
305.291667 306.291667   40.29 0.699  1.13 0.699000 9.999 0.699259 0.07 0.699000 0.051 0.000  2.312 0.000   3.237 0.000 99.99 0.699259  10.457 0.000   3.789 0.000   6.668 0.699 0.147 0.699 0.267 0.000
308.291667 309.291667   14.99 0.000  0.43 0.000000 9.999 0.259000 9.99 0.259000 0.027 0.000  0.664 0.000   0.930 0.000 99.99 0.259000   3.904 0.000   1.790 0.000   2.114 0.000 0.014 0.000 0.130 0.000
311.291667 312.291667   12.36 0.000  0.40 0.000000 9.999 0.259000 9.99 0.259000 0.018 0.000  0.748 0.000   1.047 0.000 99.99 0.259000   3.945 0.000   1.880 0.000   2.065 0.000 0.013 0.000 0.122 0.000
314.291667 315.291667   17.05 0.000  0.80 0.000000 9.999 0.259000 0.13 0.000000 0.014 0.000  0.885 0.000   1.240 0.000 99.99 0.259000   3.676 0.000   1.379 0.000   2.297 0.000 0.016 0.000 0.129 0.000
317.291667 318.291667   14.65 0.000  0.33 0.000000 9.999 0.259000 9.99 0.259000 0.075 0.000  0.884 0.000   1.238 0.000 99.99 0.259000   3.369 0.000   1.116 0.000   2.253 0.000 0.013 0.000 0.130 0.000
320.291667 321.291667    9.88 0.000  0.55 0.000000 9.999 0.259000 9.99 0.259000 0.026 0.000  0.386 0.000   0.540 0.000 99.99 0.259000   2.646 0.000   0.949 0.000   1.696 0.000 0.009 0.000 0.175 0.000
323.291667 324.291667   12.25 0.000  0.32 0.000000 9.999 0.259000 9.99 0.259000 0.064 0.000  1.022 0.000   1.431 0.000 99.99 0.259000   3.746 0.000   1.554 0.000   2.191 0.000 0.012 0.000 0.048 0.000
326.291667 327.291667    6.91 0.000  0.19 0.000000 9.999 0.259000 9.99 0.259000 0.050 0.000  0.513 0.000   0.719 0.000 99.99 0.259000   2.879 0.000   1.417 0.000   1.462 0.000 0.012 0.000 0.073 0.000
329.291667 330.291667   17.70 0.000  1.55 0.000000 9.999 0.259000 9.99 0.259000 0.075 0.000  0.322 0.000   0.450 0.000 99.99 0.259000 999.999 0.999 999.999 0.999   1.744 0.000 0.014 0.000 0.086 0.000
332.291667 333.291667   12.13 0.000  0.62 0.000000 9.999 0.259000 9.99 0.259000 0.014 0.000  0.533 0.000   0.747 0.000 99.99 0.259000   2.803 0.000   1.135 0.000   1.668 0.000 0.013 0.000 0.080 0.000
335.291667 336.291667   24.04 0.000  0.72 0.000000 0.028 0.000000 0.06 0.000000 0.027 0.000  0.587 0.000   0.822 0.000 99.99 0.259000 999.999 0.456 999.999 0.999   2.431 0.000 0.022 0.000 0.133 0.000
338.291667 339.291667   36.01 0.000  0.23 0.000000 0.027 0.000000 9.99 0.259000 0.147 0.000  0.542 0.000   0.759 0.000 99.99 0.259000  15.170 0.000  12.237 0.000   2.933 0.000 0.027 0.000 0.145 0.000
341.291667 342.291667   18.24 0.000  1.21 0.000000 9.999 0.259000 0.10 0.000000 0.066 0.000  0.895 0.000   1.253 0.000 99.99 0.259000   5.753 0.000   2.087 0.000   3.666 0.000 0.027 0.000 0.375 0.000
344.291667 345.291667    8.61 0.000  0.72 0.000000 9.999 0.259000 9.99 0.259000 0.036 0.000  0.561 0.000   0.786 0.000 99.99 0.259000   2.811 0.000   1.251 0.000   1.560 0.000 0.010 0.000 0.065 0.000
347.291667 348.291667    5.97 0.000  0.28 0.000000 0.040 0.000000 9.99 0.259000 0.045 0.000  0.624 0.000   0.874 0.000 99.99 0.259000   1.943 0.000   0.609 0.000   1.334 0.000 0.007 0.000 0.046 0.000
350.291667 351.291667    5.71 0.000  0.34 0.000000 9.999 0.259000 9.99 0.259000 0.010 0.000  0.491 0.000   0.687 0.000 99.99 0.259000   2.162 0.000   1.099 0.000   1.064 0.000 0.008 0.000 0.028 0.000
353.291667 354.291667   24.07 0.000  0.84 0.000000 9.999 0.259000 0.05 0.000000 0.115 0.000  1.083 0.000   1.516 0.000 99.99 0.259000   5.911 0.000   3.070 0.000   2.841 0.000 0.024 0.000 0.053 0.000
356.291667 357.291667    7.81 0.000  0.36 0.000000 9.999 0.259000 9.99 0.259000 0.051 0.000  0.891 0.000   1.248 0.000 99.99 0.259000   3.152 0.000   0.630 0.000   2.522 0.000 0.010 0.000 0.198 0.000
359.291667 360.291667   15.02 0.000  0.36 0.000000 9.999 0.259000 9.99 0.259000 0.020 0.000  0.341 0.000   0.478 0.000 99.99 0.259000   5.084 0.000   3.603 0.000   1.482 0.000 0.017 0.000 0.092 0.000
362.291667 363.291667    5.85 0.000  0.23 0.000000 9.999 0.259000 9.99 0.259000 0.028 0.000  0.485 0.000   0.679 0.000 99.99 0.259000   2.092 0.000   1.009 0.000   1.083 0.000 0.008 0.000 0.053 0.000
