scripts/IMPROVE-2019_partial/data/US0032R.20050101100000.20191216000000.filterpack..pm25.52w.1w.US03L_filterpack_US0032.US03L_IMPROVE_Davis.lev2.nas
66 1001
MISSING INFORMATION
US03L, IMPROVE, , , , , , , 
MISSING INFORMATION
IMPROVE sel_HTAP
1 1
2005 01 01 2019 12 16
3.000000
days from file reference point
27
1 1 1 1 1 1 1 1 1 1 1 1 1 1 1 1 1 1 1 1 1 1 1 1 1 1 1
999.999999 9999.99 9.999 99.99 9.999 9.999 9.999999 9.99 9.999 9.999 9.999 99.999 9.999 99.999 9.999 999.99 9.999999 999.999 9.999 99.999 9.999 99.999 9.999 9.999 9.999 99.999 9.999
end_time of measurement, days from the file reference point
iron, ng/m3, Revision date=20181210133000
numflag iron, no unit, Revision date=20181210133000
lead, ng/m3, Revision date=20181210133000
numflag lead, no unit, Revision date=20181210133000
magnesium, ug/m3, Revision date=20181210133000
numflag magnesium, no unit, Revision date=20181210133000
nickel, ng/m3, Revision date=20181210133000
numflag nickel, no unit, Revision date=20181210133000
nitrate, ug N/m3, Revision date=20181210133000
numflag nitrate, no unit, Revision date=20181210133000
organic_carbon, ug C/m3, Revision date=20181210133000
numflag organic_carbon, no unit, Revision date=20181210133000
organic_mass, ug/m3, Revision date=20181210133000
numflag organic_mass, no unit, Revision date=20181210133000
phosphorus, ng/m3, Revision date=20181210133000
numflag phosphorus, no unit, Revision date=20181210133000
pm10_mass, ug/m3, Version=2, Version description=Data extracted from http://views.cira.colostate.edu/fed/DataWizard 2019-12-16, Sample duration=1d, Orig. time res.=3d, Matrix=pm10, Blank correction=Blank corrected, Volume std. temperature=ambient, Volume std. pressure=ambient
numflag pm10_mass, no unit, Version=2, Version description=Data extracted from http://views.cira.colostate.edu/fed/DataWizard 2019-12-16, Sample duration=1d, Orig. time res.=3d, Matrix=pm10, Blank correction=Blank corrected, Volume std. temperature=ambient, Volume std. pressure=ambient
pm10_pm25_mass, ug/m3, Revision date=20181210133000, Matrix=pm10_pm25
numflag pm10_pm25_mass, no unit, Revision date=20181210133000, Matrix=pm10_pm25
pm25_mass, ug/m3, Version=2, Version description=Data extracted from http://views.cira.colostate.edu/fed/DataWizard 2019-12-16, Sample duration=1d, Orig. time res.=3d, Blank correction=Blank corrected, Volume std. temperature=ambient, Volume std. pressure=ambient
numflag pm25_mass, no unit, Version=2, Version description=Data extracted from http://views.cira.colostate.edu/fed/DataWizard 2019-12-16, Sample duration=1d, Orig. time res.=3d, Blank correction=Blank corrected, Volume std. temperature=ambient, Volume std. pressure=ambient
potassium, ug/m3, Revision date=20181210133000
numflag potassium, no unit, Revision date=20181210133000
sulphate_total, ug S/m3, Revision date=20181210133000
numflag sulphate_total, no unit, Revision date=20181210133000
0
25
Data definition:              EBAS_1.1
Set type code:                TU
Timezone:                     UTC
File name:                    US0032R.20050101100000.20191216000000.filterpack..pm25.52w.1w.US03L_filterpack_US0032.US03L_IMPROVE_Davis.lev2.nas
File creation:                20191218115734
Startdate:                    20050101100000
Revision date:                20191216000000
Statistics:                   arithmetic mean
Data level:                   2
Period code:                  52w
Resolution code:              1w
Station code:                 US0032R
Platform code:                US0032S
Station name:                 Haleakala NP
Station latitude:             20.8086
Station longitude:            -156.2823
Station altitude:             1153.0 m
Regime:                       IMG
Component:                    
Matrix:                       pm25
Laboratory code:              US03L
Instrument type:              filterpack
Instrument name:              filterpack_US0032
Method ref:                   US03L_IMPROVE_Davis
starttime endtime Fe flag_Fe Pb flag_Pb Mg++ flag_Mg++ Ni flag_Ni NO3- flag_NO3- OC flag_OC OM flag_OM P flag_P PM10 flag_PM10 PM10-PM2.5 flag_PM10-PM2.5 PM2.5 flag_PM2.5 K+ flag_K+ SO4-- flag_SO4--
[from data line 83]
249.416667 250.416667    0.81 0.000  0.15 0.000 0.018 0.000000 9.99 0.259 0.006 0.000  0.017 0.000  0.031 0.000 999.99 0.259000   1.678 0.000  1.067 0.000  0.611 0.000 0.006 0.000  0.040 0.000
252.416667 253.416667   10.85 0.000  0.28 0.000 9.999 0.259000 0.12 0.000 0.060 0.000  0.712 0.000  1.281 0.000  11.63 0.000000   6.513 0.000  3.144 0.000  3.368 0.000 0.047 0.000  0.238 0.000
255.416667 256.416667   11.47 0.000  0.16 0.000 9.999 0.259000 9.99 0.259 0.026 0.000  0.023 0.000  0.041 0.000 999.99 0.259000   3.484 0.000  2.270 0.000  1.240 0.000 0.011 0.000  0.092 0.000
258.416667 259.416667    4.37 0.000  0.30 0.000 9.999 0.259000 9.99 0.259 0.035 0.000  0.088 0.000  0.159 0.000 999.99 0.259000   3.446 0.000  2.042 0.000  1.403 0.000 0.009 0.000  0.164 0.000
261.416667 262.416667    3.88 0.000  0.24 0.000 9.999 0.259000 9.99 0.259 0.009 0.000  0.006 0.000  0.011 0.000 999.99 0.259000   2.052 0.000  1.211 0.000  0.841 0.000 0.006 0.000  0.072 0.000
264.416667 265.416667    4.43 0.000  0.21 0.000 0.004 0.000000 9.99 0.259 0.009 0.000  0.190 0.000  0.342 0.000 999.99 0.259000   2.432 0.000  1.593 0.000  0.838 0.000 0.009 0.000  0.058 0.000
267.416667 268.416667   13.61 0.000  0.43 0.000 9.999 0.259000 0.23 0.000 0.030 0.000  0.442 0.000  0.796 0.000 999.99 0.259000   7.353 0.000  2.495 0.000  4.856 0.000 0.027 0.000  0.860 0.000
270.416667 271.416667    2.54 0.000  0.19 0.000 9.999 0.259000 9.99 0.259 0.008 0.000  0.009 0.000  0.016 0.000 999.99 0.259000   2.509 0.000  1.656 0.000  0.853 0.000 0.010 0.000  0.064 0.000
273.416667 274.416667    7.37 0.000  0.16 0.000 0.006 0.000000 0.30 0.000 0.031 0.000  0.550 0.000  0.990 0.000 999.99 0.259000   5.666 0.000  3.550 0.000  2.115 0.000 0.032 0.000  0.186 0.000
276.416667 277.416667   14.51 0.000  0.28 0.000 0.013 0.000000 0.28 0.000 0.059 0.000  0.303 0.000  0.546 0.000 999.99 0.259000   7.532 0.000  5.100 0.000  2.491 0.000 0.025 0.000  0.229 0.000
279.416667 280.416667    1.44 0.000  0.14 0.000 9.999 0.259000 9.99 0.259 0.006 0.000  0.035 0.000  0.063 0.000 999.99 0.259000   3.043 0.000  2.122 0.000  0.921 0.000 0.011 0.000  0.058 0.000
282.416667 283.416667    2.30 0.000  0.10 0.000 0.018 0.000000 9.99 0.259 0.010 0.000  0.040 0.000  0.071 0.000 999.99 0.259000   2.704 0.000  1.777 0.000  0.927 0.000 0.009 0.000  0.055 0.000
285.416667 286.416667    3.05 0.000  0.25 0.000 0.012 0.000000 9.99 0.259 0.010 0.000  0.041 0.000  0.075 0.000 999.99 0.259000   3.545 0.000  2.458 0.000  1.086 0.000 0.013 0.000  0.079 0.000
288.416667 289.416667   11.15 0.000  0.17 0.000 0.013 0.000000 0.36 0.000 0.038 0.000  0.305 0.000  0.549 0.000 999.99 0.259000   4.992 0.000  2.450 0.000  2.542 0.000 0.023 0.000  0.366 0.000
291.416667 292.416667   14.98 0.000  0.49 0.000 0.016 0.000000 0.33 0.000 0.027 0.000  0.421 0.000  0.757 0.000 999.99 0.259000   7.884 0.000  3.371 0.000  4.512 0.000 0.019 0.000  0.839 0.000
294.416667 295.416667    0.44 0.000  0.24 0.000 0.006 0.000000 9.99 0.259 0.000 0.000  0.103 0.000  0.185 0.000   3.48 0.000000   1.431 0.000  1.185 0.000  0.247 0.000 0.005 0.000  0.018 0.000
297.416667 298.416667   13.28 0.000  0.32 0.000 0.009 0.000000 9.99 0.259 0.032 0.000  0.216 0.000  0.389 0.000  14.60 0.000000   5.697 0.000  3.866 0.000  1.882 0.000 0.022 0.000  0.174 0.000
300.416667 301.416667   15.47 0.000  0.31 0.000 0.007 0.000000 0.17 0.000 0.030 0.000  0.056 0.000  0.100 0.000 999.99 0.259000   3.982 0.000  2.843 0.000  1.138 0.000 0.014 0.000  0.116 0.000
303.416667 304.416667   18.02 0.000  0.22 0.000 9.999 0.259000 0.46 0.000 0.078 0.000  0.228 0.000  0.411 0.000 999.99 0.259000   6.098 0.000  3.466 0.000  2.631 0.000 0.031 0.000  0.347 0.000
306.416667 307.416667   10.67 0.000  0.15 0.000 9.999 0.259000 9.99 0.259 0.036 0.000  0.679 0.000  1.221 0.000 999.99 0.259000   4.850 0.000  2.649 0.000  2.200 0.000 0.065 0.000  0.073 0.000
309.416667 310.416667    7.67 0.000  0.09 0.000 0.009 0.000000 9.99 0.259 0.040 0.000  0.087 0.000  0.157 0.000 999.99 0.259000   4.171 0.000  2.357 0.000  1.814 0.000 0.050 0.000  0.164 0.000
312.416667 313.416667   13.76 0.000  0.22 0.000 0.030 0.000000 0.15 0.000 0.078 0.000  0.284 0.000  0.511 0.000 999.99 0.259000   7.954 0.000  4.496 0.000  3.457 0.000 0.030 0.000  0.198 0.000
315.416667 316.416667   16.15 0.000  0.15 0.000 0.008 0.000000 0.28 0.000 0.048 0.000  0.700 0.000  1.260 0.000 999.99 0.259000   5.436 0.000  2.434 0.000  3.002 0.000 0.059 0.000  0.256 0.000
318.416667 319.416667   14.36 0.000  0.16 0.000 0.004 0.000000 0.25 0.000 0.050 0.000  0.230 0.000  0.414 0.000 999.99 0.259000   4.762 0.000  2.907 0.000  1.888 0.000 0.015 0.000  0.188 0.000
321.416667 322.416667   13.16 0.000  0.11 0.000 9.999 0.259000 0.17 0.000 0.077 0.000  2.343 0.000  4.217 0.000 999.99 0.259000   9.164 0.000  2.350 0.000  6.812 0.000 0.264 0.000  0.280 0.000
324.416667 325.416667    5.94 0.000  0.23 0.000 0.014 0.000000 9.99 0.259 0.011 0.000  0.140 0.000  0.251 0.000 999.99 0.259000   4.704 0.000  1.434 0.000  3.268 0.000 0.007 0.000  0.694 0.000
327.416667 328.416667    2.95 0.000  0.25 0.000 0.007 0.000000 0.48 0.000 0.035 0.000  0.362 0.000  0.652 0.000 999.99 0.259000   6.135 0.000  2.313 0.000  3.821 0.000 0.016 0.000  0.695 0.000
330.416667 331.416667    0.44 0.000 99.99 0.259 9.999 0.259000 9.99 0.259 0.005 0.000  0.259 0.000  0.465 0.000   6.95 0.000000   2.284 0.000  1.329 0.000  0.955 0.000 0.011 0.000  0.074 0.000
333.416667 334.416667    5.82 0.000  0.24 0.000 0.012 0.000000 0.18 0.000 0.042 0.000  0.175 0.000  0.314 0.000 999.99 0.259000   6.662 0.000  2.977 0.000  3.684 0.000 0.018 0.000  0.766 0.000
336.416667 337.416667    9.38 0.000  0.08 0.000 0.016 0.000000 0.32 0.000 0.054 0.000  0.354 0.000  0.638 0.000 999.99 0.259000   5.641 0.000  2.504 0.000  3.136 0.000 0.016 0.000  0.508 0.000
339.416667 340.416667    5.41 0.000  0.49 0.000 0.021 0.000000 9.99 0.259 0.031 0.000  0.218 0.000  0.393 0.000 999.99 0.259000   5.493 0.000  3.094 0.000  2.398 0.000 0.021 0.000  0.187 0.000
342.416667 343.416667    4.36 0.000  0.05 0.000 0.026 0.000000 9.99 0.259 0.030 0.000  0.199 0.000  0.358 0.000 999.99 0.259000   4.909 0.000  2.825 0.000  2.084 0.000 0.020 0.000  0.115 0.000
345.416667 346.416667    1.57 0.000 99.99 0.259 9.999 0.259000 0.06 0.000 0.015 0.000  0.109 0.000  0.195 0.000 999.99 0.259000   2.406 0.000  1.538 0.000  0.867 0.000 0.008 0.000  0.069 0.000
348.416667 349.416667   26.41 0.000  0.37 0.000 0.010 0.000000 0.26 0.000 0.084 0.000  0.461 0.000  0.829 0.000 999.99 0.259000   7.385 0.000  4.565 0.000  2.819 0.000 0.045 0.000  0.279 0.000
351.416667 352.416667   20.13 0.000  0.11 0.000 0.007 0.000000 9.99 0.259 0.024 0.000  0.273 0.000  0.492 0.000 999.99 0.259000   6.088 0.000  3.790 0.000  2.297 0.000 0.018 0.000  0.217 0.000
354.416667 355.416667   16.04 0.000  0.21 0.000 0.032 0.000000 0.30 0.000 0.084 0.000  0.281 0.000  0.506 0.000 999.99 0.259000   8.698 0.000  3.898 0.000  4.798 0.000 0.023 0.000  0.872 0.000
357.416667 358.416667   12.98 0.000  0.95 0.000 0.009 0.000000 0.07 0.000 0.023 0.000  0.294 0.000  0.529 0.000 999.99 0.259000   4.783 0.000  2.825 0.000  1.958 0.000 0.020 0.000  0.148 0.000
360.416667 361.416667   12.85 0.000  0.40 0.000 0.025 0.000000 0.36 0.000 0.052 0.000  0.157 0.000  0.282 0.000 999.99 0.259000   6.255 0.000  2.646 0.000  3.637 0.000 0.015 0.000  0.709 0.000
363.416667 364.416667   14.92 0.000  0.12 0.000 9.999 0.259000 0.56 0.000 0.041 0.000  0.247 0.000  0.444 0.000 999.99 0.259000   6.425 0.000  1.575 0.000  4.848 0.000 0.010 0.000  1.068 0.000
