scripts/IMPROVE-2019_partial/data/US0019R.20130101080000.20191216000000.filterpack...52w.3d.US03L_filterpack_US0019.US03L_IMPROVE_Davis.lev2.nas
52 1001
MISSING INFORMATION
US03L, IMPROVE, , , , , , , 
MISSING INFORMATION
IMPROVE sel_HTAP
1 1
2013 01 01 2019 12 16
3.000000
days from file reference point
5
1 1 1 1 1
999.999999 999.999 9.999 999.999 9.999
end_time of measurement, days from the file reference point
pm10_mass, ug/m3, Matrix=pm10
numflag pm10_mass, no unit, Matrix=pm10
pm25_mass, ug/m3, Matrix=pm25
numflag pm25_mass, no unit, Matrix=pm25
0
33
Data definition:              EBAS_1.1
Set type code:                TU
Timezone:                     UTC
File name:                    US0019R.20130101080000.20191216000000.filterpack...52w.3d.US03L_filterpack_US0019.US03L_IMPROVE_Davis.lev2.nas
File creation:                20191218115640
Startdate:                    20130101080000
Revision date:                20191216000000
Version:                      2
Version description:          "Data extracted from http://views.cira.colostate.edu/fed/DataWizard 2019-12-16"
Statistics:                   arithmetic mean
Data level:                   2
Period code:                  52w
Resolution code:              3d
Sample duration:              1d
Orig. time res.:              3d
Station code:                 US0019R
Platform code:                US0019S
Station name:                 Bliss SP (TRPA)
Station latitude:             38.9761
Station longitude:            -120.1025
Station altitude:             2130.0 m
Regime:                       IMG
Component:                    
Unit:                         ug/m3
Matrix:                       
Laboratory code:              US03L
Instrument type:              filterpack
Instrument name:              filterpack_US0019
Method ref:                   US03L_IMPROVE_Davis
Blank correction:             Blank corrected
Volume std. temperature:      ambient
Volume std. pressure:         ambient
starttime endtime PM10 flag_PM10 PM2.5 flag_PM2.5
  0.333333   1.333333 999.999 0.999 999.999 0.999
  3.333333   4.333333   2.589 0.000   1.753 0.000
  6.333333   7.333333   1.176 0.000   0.565 0.000
  9.333333  10.333333   0.688 0.000   0.318 0.000
 12.333333  13.333333   1.163 0.000   0.700 0.000
 15.333333  16.333333   1.841 0.000   0.676 0.000
 18.333333  19.333333   3.219 0.000   1.270 0.000
 21.333333  22.333333   3.013 0.000   1.605 0.000
 24.333333  25.333333   0.208 0.000   0.280 0.000
 27.333333  28.333333   0.930 0.000   0.440 0.000
 30.333333  31.333333   2.459 0.000   1.052 0.000
 33.333333  34.333333   1.964 0.000   1.245 0.000
 36.333333  37.333333   1.023 0.000   0.606 0.000
 39.333333  40.333333   1.432 0.000   0.830 0.000
 42.333333  43.333333   1.862 0.000   0.839 0.000
 45.333333  46.333333   3.560 0.000   1.510 0.000
 48.333333  49.333333   4.105 0.000   2.179 0.000
 51.333333  52.333333   1.365 0.000   0.590 0.000
 54.333333  55.333333   0.868 0.000   0.435 0.000
 57.333333  58.333333   2.207 0.000   1.786 0.000
 60.333333  61.333333   3.753 0.000   1.782 0.000
 63.333333  64.333333   3.753 0.000   2.107 0.000
 66.333333  67.333333   9.840 0.000   4.062 0.000
 69.333333  70.333333   4.620 0.000   2.146 0.000
 72.333333  73.333333   4.838 0.000   2.902 0.000
 75.333333  76.333333   2.649 0.000   1.428 0.000
 78.333333  79.333333   0.375 0.000   0.155 0.000
 81.333333  82.333333   5.052 0.000   3.415 0.000
 84.333333  85.333333   3.264 0.000   1.673 0.000
 87.333333  88.333333   4.559 0.000   3.079 0.000
 90.333333  91.333333   0.665 0.000   0.372 0.000
 93.333333  94.333333   2.074 0.000   1.233 0.000
 96.333333  97.333333   7.017 0.000   3.508 0.000
 99.333333 100.333333   2.594 0.000   1.612 0.000
102.333333 103.333333   3.631 0.000   2.071 0.000
105.333333 106.333333   1.757 0.000   0.692 0.000
108.333333 109.333333 999.999 0.999 999.999 0.999
111.333333 112.333333 999.999 0.999 999.999 0.999
114.333333 115.333333   7.082 0.000   3.627 0.000
117.333333 118.333333  12.190 0.000   7.162 0.000
120.333333 121.333333  11.823 0.000   4.988 0.000
123.333333 124.333333  10.655 0.000   4.407 0.000
126.333333 127.333333   1.148 0.000   1.102 0.000
129.333333 130.333333   4.948 0.000 999.999 0.999
132.333333 133.333333   6.627 0.000 999.999 0.999
135.333333 136.333333   2.407 0.000 999.999 0.999
138.333333 139.333333   3.550 0.000 999.999 0.999
141.333333 142.333333 999.999 0.999 999.999 0.999
144.333333 145.333333   6.143 0.000 999.999 0.999
147.333333 148.333333   2.341 0.000 999.999 0.999
150.333333 151.333333   4.970 0.000   2.651 0.000
153.333333 154.333333   9.973 0.000   4.372 0.000
156.333333 157.333333   7.723 0.000   4.029 0.000
159.333333 160.333333   7.012 0.000   3.062 0.000
162.333333 163.333333  10.323 0.000   3.978 0.000
165.333333 166.333333   9.576 0.000   3.753 0.000
168.333333 169.333333   4.500 0.000   1.597 0.000
171.333333 172.333333   7.084 0.000   2.605 0.000
174.333333 175.333333   0.902 0.000   0.493 0.000
177.333333 178.333333   4.564 0.000   2.259 0.000
180.333333 181.333333   6.864 0.000   3.973 0.000
183.333333 184.333333  10.661 0.000   5.506 0.000
186.333333 187.333333   6.000 0.000   2.491 0.000
189.333333 190.333333   7.967 0.000   3.417 0.000
192.333333 193.333333   8.988 0.000   2.683 0.000
195.333333 196.333333   8.858 0.000   3.908 0.000
198.333333 199.333333   8.859 0.000   3.867 0.000
201.333333 202.333333  10.650 0.000   6.897 0.000
204.333333 205.333333  10.464 0.000   5.400 0.000
207.333333 208.333333   7.512 0.000   4.548 0.000
210.333333 211.333333  11.808 0.000   7.008 0.000
213.333333 214.333333   4.763 0.000   1.647 0.000
216.333333 217.333333   8.717 0.000   5.121 0.000
219.333333 220.333333   8.409 0.000   4.690 0.000
222.333333 223.333333   6.281 0.000   4.239 0.000
225.333333 226.333333   5.824 0.000   2.966 0.000
228.333333 229.333333  10.180 0.000   6.501 0.000
231.333333 232.333333  13.500 0.000   9.957 0.000
234.333333 235.333333 999.999 0.699 999.999 0.699
237.333333 238.333333  38.700 0.000  32.708 0.000
240.333333 241.333333  35.617 0.000  30.265 0.000
243.333333 244.333333  17.916 0.000  13.336 0.000
246.333333 247.333333  12.120 0.000   9.244 0.000
249.333333 250.333333  29.775 0.000  25.098 0.000
252.333333 253.333333   6.396 0.000   3.430 0.000
255.333333 256.333333   7.248 0.000   4.409 0.000
258.333333 259.333333   7.793 0.000   3.694 0.000
261.333333 262.333333   8.605 0.000   4.860 0.000
264.333333 265.333333   0.910 0.000   0.493 0.000
267.333333 268.333333   1.700 0.000   0.838 0.000
270.333333 271.333333   3.310 0.000   2.371 0.000
273.333333 274.333333   2.488 0.000   1.620 0.000
276.333333 277.333333 999.999 0.999 999.999 0.999
279.333333 280.333333 999.999 0.999 999.999 0.999
282.333333 283.333333 999.999 0.999 999.999 0.999
285.333333 286.333333 999.999 0.999 999.999 0.999
288.333333 289.333333 999.999 0.999 999.999 0.999
291.333333 292.333333 999.999 0.999 999.999 0.999
294.333333 295.333333 999.999 0.999 999.999 0.999
297.333333 298.333333   4.519 0.000   2.243 0.000
300.333333 301.333333   0.961 0.000   0.414 0.000
303.333333 304.333333   5.984 0.000   4.691 0.000
306.333333 307.333333   4.031 0.000   2.860 0.000
309.333333 310.333333   2.137 0.659   2.246 0.000
312.333333 313.333333   1.221 0.659   1.092 0.000
315.333333 316.333333   3.519 0.000   2.501 0.000
318.333333 319.333333   3.469 0.000   2.051 0.000
321.333333 322.333333   4.380 0.000   2.423 0.000
324.333333 325.333333   3.794 0.000   2.155 0.000
327.333333 328.333333   3.437 0.000   1.217 0.000
330.333333 331.333333   3.225 0.000   2.463 0.000
333.333333 334.333333   2.096 0.000   1.527 0.000
336.333333 337.333333   4.187 0.000   0.459 0.000
339.333333 340.333333  12.778 0.000   0.894 0.000
342.333333 343.333333   3.084 0.000   0.567 0.000
345.333333 346.333333   7.798 0.000   2.672 0.000
348.333333 349.333333   4.589 0.000   2.822 0.000
351.333333 352.333333   2.036 0.000   1.216 0.000
354.333333 355.333333   0.639 0.000   0.377 0.000
357.333333 358.333333   2.695 0.000   1.397 0.000
360.333333 361.333333   4.505 0.000   2.188 0.000
363.333333 364.333333   5.680 0.000   2.653 0.000
