scripts/IMPROVE-2019_partial/data/US0072R.19940101070000.20191216000000.filterpack...1y.3d.US03L_filterpack_US0072.US03L_IMPROVE_Davis.lev2.nas
51 1001
MISSING INFORMATION
US03L, IMPROVE, , , , , , , 
MISSING INFORMATION
IMPROVE sel_HTAP
1 1
1994 01 01 2019 12 16
0
days from file reference point
4
1 1 1 1
999.999999 999.999 999.999 9.999
end_time of measurement, days from the file reference point
pm10_mass, ug/m3, Matrix=pm10
pm25_mass, ug/m3, Matrix=pm25
numflag, no unit
0
33
Data definition:              EBAS_1.1
Set type code:                TI
Timezone:                     UTC
File name:                    US0072R.19940101070000.20191216000000.filterpack...1y.3d.US03L_filterpack_US0072.US03L_IMPROVE_Davis.lev2.nas
File creation:                20191218120020
Startdate:                    19940101070000
Revision date:                20191216000000
Version:                      2
Version description:          "Data extracted from http://views.cira.colostate.edu/fed/DataWizard 2019-12-16"
Statistics:                   arithmetic mean
Data level:                   2
Period code:                  1y
Resolution code:              3d
Sample duration:              1d
Orig. time res.:              3d
Station code:                 US0072R
Platform code:                US0072S
Station name:                 Badlands NP
Station latitude:             43.7435
Station longitude:            -101.9412
Station altitude:             736.0 m
Regime:                       IMG
Component:                    
Unit:                         ug/m3
Matrix:                       
Laboratory code:              US03L
Instrument type:              filterpack
Instrument name:              filterpack_US0072
Method ref:                   US03L_IMPROVE_Davis
Blank correction:             Blank corrected
Volume std. temperature:      ambient
Volume std. pressure:         ambient
starttime endtime PM10 PM2.5 flag
  0.291667   1.291667 999.999   5.808 0.000
  4.291667   5.291667  18.000  15.443 0.000
  7.291667   8.291667   5.234   3.375 0.000
 11.291667  12.291667   4.185   2.532 0.000
 14.291667  15.291667  10.087   6.026 0.000
 18.291667  19.291667   6.422   4.226 0.000
 21.291667  22.291667   3.405   3.355 0.000
 25.291667  26.291667  12.946  10.625 0.000
 28.291667  29.291667 999.999   7.750 0.000
 32.291667  33.291667   6.195   2.862 0.000
 35.291667  36.291667   6.150   2.212 0.000
 39.291667  40.291667   8.571   6.981 0.000
 42.291667  43.291667   8.889   1.931 0.000
 46.291667  47.291667   6.946   2.170 0.000
 49.291667  50.291667   9.110   8.176 0.000
 53.291667  54.291667  13.833   5.895 0.000
 56.291667  57.291667  18.292   7.278 0.000
 60.291667  61.291667   5.755   2.198 0.000
 63.291667  64.291667   4.515   2.043 0.000
 67.291667  68.291667   5.100   3.939 0.000
 70.291667  71.291667   6.531   3.323 0.000
 74.291667  75.291667   7.383   2.831 0.000
 77.291667  78.291667   9.365   4.000 0.000
 81.291667  82.291667   8.934   5.047 0.000
 84.291667  85.291667   8.797   5.202 0.000
 88.291667  89.291667   5.714   4.019 0.000
 91.291667  92.291667   4.938   2.773 0.000
 95.291667  96.291667   8.577   4.329 0.000
 98.291667  99.291667   6.466   3.436 0.000
102.291667 103.291667  11.977   2.883 0.000
105.291667 106.291667  16.953   4.611 0.000
109.291667 110.291667  26.492   9.185 0.000
112.291667 113.291667  17.959  11.724 0.000
116.291667 117.291667   8.327   3.731 0.000
119.291667 120.291667   6.250   3.792 0.000
123.291667 124.291667   7.313   4.281 0.000
126.291667 127.291667   8.385   3.393 0.000
130.291667 131.291667  20.293   5.446 0.000
133.291667 134.291667  11.636   4.451 0.000
137.291667 138.291667  23.542  12.282 0.000
140.291667 141.291667  12.996   8.619 0.000
144.291667 145.291667   8.713   4.149 0.000
147.291667 148.291667  13.529   4.581 0.000
151.291667 152.291667   9.742   4.746 0.000
154.291667 155.291667  11.760   5.612 0.000
158.291667 159.291667   9.594   2.689 0.000
161.291667 162.291667   7.072   3.303 0.000
165.291667 166.291667   8.152   3.761 0.000
168.291667 169.291667   8.141   5.976 0.000
172.291667 173.291667   8.267   3.824 0.000
175.291667 176.291667  13.223   4.362 0.000
179.291667 180.291667  13.514   5.506 0.000
182.291667 183.291667 999.999   5.240 0.000
186.291667 187.291667   9.288   4.527 0.000
189.291667 190.291667  14.322   8.639 0.000
193.291667 194.291667   7.589   4.487 0.000
196.291667 197.291667  10.180   6.023 0.000
200.291667 201.291667  12.483   5.516 0.000
203.291667 204.291667  12.483   5.357 0.000
207.291667 208.291667  17.270   9.583 0.000
210.291667 211.291667  18.333   8.988 0.000
214.291667 215.291667  15.636   9.432 0.000
217.291667 218.291667  20.074  13.344 0.000
221.291667 222.291667   7.768   3.592 0.000
224.291667 225.291667  16.836  10.336 0.000
228.291667 229.291667  10.815   5.988 0.000
231.291667 232.291667  19.185  10.710 0.000
235.291667 236.291667  20.369   8.567 0.000
238.291667 239.291667  27.269   9.497 0.000
242.291667 243.291667   6.654   6.012 0.000
245.291667 246.291667  10.789   5.794 0.000
249.291667 250.291667  14.385   5.489 0.000
252.291667 253.291667  35.953   9.812 0.000
256.291667 257.291667  11.136   8.082 0.000
259.291667 260.291667   6.818   2.704 0.000
263.291667 264.291667  10.941   4.231 0.000
266.291667 267.291667   7.804   2.853 0.000
270.291667 271.291667  16.255   5.968 0.000
273.291667 274.291667  15.021   6.941 0.000
277.291667 278.291667  12.397   7.492 0.000
280.291667 281.291667   4.876   2.997 0.000
284.291667 285.291667  14.625   7.166 0.000
287.291667 288.291667   9.442   3.707 0.000
291.291667 292.291667   7.479   6.271 0.000
294.291667 295.291667   3.248   1.584 0.000
298.291667 299.291667   9.870   3.411 0.000
301.291667 302.291667   2.696   1.144 0.000
305.291667 306.291667   3.612   2.492 0.000
308.291667 309.291667   8.811   3.401 0.000
312.291667 313.291667   4.598   1.683 0.000
315.291667 316.291667   8.929   3.763 0.000
319.291667 320.291667   7.260   2.993 0.000
322.291667 323.291667  15.342   5.205 0.000
326.291667 327.291667  11.250   4.490 0.000
329.291667 330.291667  13.657   9.694 0.000
333.291667 334.291667   8.009   2.337 0.000
336.291667 337.291667   7.260   2.405 0.000
340.291667 341.291667  14.175   5.882 0.000
343.291667 344.291667   6.942   3.066 0.000
347.291667 348.291667  16.425  13.679 0.000
350.291667 351.291667   5.475   1.246 0.000
354.291667 355.291667  12.321   1.656 0.000
357.291667 358.291667   8.761   2.582 0.000
361.291667 362.291667   3.981   1.271 0.000
364.291667 365.291667   6.792   2.388 0.000
