scripts/IMPROVE-2019_partial/data/US0058R.20020102060000.20191216000000.filterpack..pm25.52w.1w.US03L_filterpack_US0058.US03L_IMPROVE_Davis.lev2.nas
66 1001
MISSING INFORMATION
US03L, IMPROVE, , , , , , , 
MISSING INFORMATION
IMPROVE sel_HTAP
1 1
2002 01 01 2019 12 16
3.00
days from file reference point
27
1 1 1 1 1 1 1 1 1 1 1 1 1 1 1 1 1 1 1 1 1 1 1 1 1 1 1
999.99 9999.99 9.999 99.99 9.999 9.999 9.999999 9.99 9.999999 99.999 9.999 99.999 9.999 99.999 9.999 999.99 9.999999 999.999 9.999 999.999 9.999 999.999 9.999 9.999 9.999 99.999 9.999
end_time of measurement, days from the file reference point
iron, ng/m3, Revision date=20181210133000
numflag iron, no unit, Revision date=20181210133000
lead, ng/m3, Revision date=20181210133000
numflag lead, no unit, Revision date=20181210133000
magnesium, ug/m3, Revision date=20181210133000
numflag magnesium, no unit, Revision date=20181210133000
nickel, ng/m3, Revision date=20181210133000
numflag nickel, no unit, Revision date=20181210133000
nitrate, ug N/m3, Revision date=20181210133000
numflag nitrate, no unit, Revision date=20181210133000
organic_carbon, ug C/m3, Revision date=20181210133000
numflag organic_carbon, no unit, Revision date=20181210133000
organic_mass, ug/m3, Revision date=20181210133000
numflag organic_mass, no unit, Revision date=20181210133000
phosphorus, ng/m3, Revision date=20181210133000
numflag phosphorus, no unit, Revision date=20181210133000
pm10_mass, ug/m3, Version=2, Version description=Data extracted from http://views.cira.colostate.edu/fed/DataWizard 2019-12-16, Sample duration=1d, Orig. time res.=3d, Matrix=pm10, Blank correction=Blank corrected, Volume std. temperature=ambient, Volume std. pressure=ambient
numflag pm10_mass, no unit, Version=2, Version description=Data extracted from http://views.cira.colostate.edu/fed/DataWizard 2019-12-16, Sample duration=1d, Orig. time res.=3d, Matrix=pm10, Blank correction=Blank corrected, Volume std. temperature=ambient, Volume std. pressure=ambient
pm10_pm25_mass, ug/m3, Revision date=20181210133000, Matrix=pm10_pm25
numflag pm10_pm25_mass, no unit, Revision date=20181210133000, Matrix=pm10_pm25
pm25_mass, ug/m3, Version=2, Version description=Data extracted from http://views.cira.colostate.edu/fed/DataWizard 2019-12-16, Sample duration=1d, Orig. time res.=3d, Blank correction=Blank corrected, Volume std. temperature=ambient, Volume std. pressure=ambient
numflag pm25_mass, no unit, Version=2, Version description=Data extracted from http://views.cira.colostate.edu/fed/DataWizard 2019-12-16, Sample duration=1d, Orig. time res.=3d, Blank correction=Blank corrected, Volume std. temperature=ambient, Volume std. pressure=ambient
potassium, ug/m3, Revision date=20181210133000
numflag potassium, no unit, Revision date=20181210133000
sulphate_total, ug S/m3, Revision date=20181210133000
numflag sulphate_total, no unit, Revision date=20181210133000
0
25
Data definition:              EBAS_1.1
Set type code:                TU
Timezone:                     UTC
File name:                    US0058R.20020102060000.20191216000000.filterpack..pm25.52w.1w.US03L_filterpack_US0058.US03L_IMPROVE_Davis.lev2.nas
File creation:                20191218115903
Startdate:                    20020102060000
Revision date:                20191216000000
Statistics:                   arithmetic mean
Data level:                   2
Period code:                  52w
Resolution code:              1w
Station code:                 US0058R
Platform code:                US0058S
Station name:                 Lostwood
Station latitude:             48.6419
Station longitude:            -102.4022
Station altitude:             696.0 m
Regime:                       IMG
Component:                    
Matrix:                       pm25
Laboratory code:              US03L
Instrument type:              filterpack
Instrument name:              filterpack_US0058
Method ref:                   US03L_IMPROVE_Davis
starttime endtime Fe flag_Fe Pb flag_Pb Mg++ flag_Mg++ Ni flag_Ni NO3- flag_NO3- OC flag_OC OM flag_OM P flag_P PM10 flag_PM10 PM10-PM2.5 flag_PM10-PM2.5 PM2.5 flag_PM2.5 K+ flag_K+ SO4-- flag_SO4--
  1.25   2.25   18.75 0.000  0.69 0.000 9.999 0.259000 9.99 0.259000  0.099 0.000  0.273 0.000  0.382 0.000 999.99 0.259000   5.110 0.000   3.312 0.000   1.798 0.000 0.010 0.000  0.172 0.000
  4.25   5.25   34.05 0.000  0.48 0.000 9.999 0.259000 9.99 0.259000  0.247 0.000  0.690 0.000  0.966 0.000 999.99 0.259000   5.780 0.000   1.959 0.000   3.821 0.000 0.036 0.000  0.229 0.000
  7.25   8.25   19.43 0.000 99.99 0.259 9.999 0.259000 0.17 0.000000  0.012 0.000  0.251 0.000  0.351 0.000 999.99 0.259000  10.310 0.000   9.509 0.000   0.800 0.000 0.013 0.000  0.051 0.000
 10.25  11.25    6.80 0.000  0.45 0.000 9.999 0.259000 9.99 0.259000  0.181 0.000  0.563 0.000  0.787 0.000 999.99 0.259000   4.184 0.000   2.191 0.000   1.993 0.000 0.021 0.000  0.053 0.000
 13.25  14.25   12.45 0.000  1.08 0.000 9.999 0.259000 9.99 0.259000  0.034 0.559  0.364 0.000  0.510 0.000 999.99 0.259000   5.133 0.000   3.450 0.000   1.683 0.000 0.013 0.000  0.161 0.559
 16.25  17.25   32.79 0.000  0.42 0.000 9.999 0.259000 9.99 0.259000  0.093 0.000  0.501 0.000  0.702 0.000 999.99 0.259000   6.420 0.000   2.569 0.000   3.851 0.000 0.040 0.000  0.443 0.000
 19.25  20.25    5.77 0.000  0.47 0.000 9.999 0.259000 9.99 0.259000  0.206 0.000  0.577 0.000  0.808 0.000 999.99 0.259000   3.407 0.000   0.680 0.000   2.727 0.000 0.013 0.000  0.238 0.000
 22.25  23.25   24.18 0.000  3.23 0.000 9.999 0.259000 9.99 0.259000  0.282 0.000  0.807 0.000  1.129 0.000 999.99 0.259000  11.312 0.000   4.215 0.000   7.097 0.000 0.074 0.000  1.000 0.000
 25.25  26.25   12.94 0.000  2.01 0.000 9.999 0.259000 9.99 0.259000  0.440 0.000  0.952 0.000  1.333 0.000 999.99 0.259000   9.071 0.000   1.936 0.000   7.136 0.000 0.049 0.000  0.613 0.000
 28.25  29.25   15.59 0.000  1.27 0.000 9.999 0.259000 9.99 0.259000  0.540 0.000  0.793 0.000  1.110 0.000 999.99 0.259000   9.224 0.000   1.712 0.000   7.512 0.000 0.064 0.000  0.576 0.000
 31.25  32.25   10.94 0.000  1.17 0.000 9.999 0.259000 9.99 0.259000  0.947 0.000  0.888 0.000  1.243 0.000 999.99 0.259000  13.714 0.000   2.140 0.000  11.574 0.000 0.017 0.000  0.898 0.000
 34.25  35.25    7.55 0.000  0.66 0.000 9.999 0.259000 9.99 0.259000  0.497 0.000  0.632 0.000  0.885 0.000 999.99 0.259000   7.936 0.000   0.992 0.000   6.944 0.000 0.022 0.000  0.625 0.000
 37.25  38.25   13.06 0.000  0.41 0.000 9.999 0.259000 9.99 0.259000  0.034 0.000  0.317 0.000  0.444 0.000 999.99 0.259000   2.658 0.000   1.575 0.000   1.082 0.000 0.010 0.000  0.096 0.000
 40.25  41.25    8.63 0.000  0.39 0.000 9.999 0.259000 9.99 0.259000  0.434 0.000  0.591 0.000  0.828 0.000 999.99 0.259000   6.168 0.000   1.053 0.000   5.115 0.000 0.018 0.000  0.446 0.000
 43.25  44.25   19.22 0.000  0.35 0.000 9.999 0.259000 9.99 0.259000  0.026 0.000  0.188 0.000  0.263 0.000 999.99 0.259000   2.958 0.000   1.811 0.000   1.147 0.000 0.010 0.000  0.064 0.000
 46.25  47.25   19.80 0.000  1.53 0.000 9.999 0.259000 0.09 0.000000  0.351 0.000  0.539 0.000  0.755 0.000 999.99 0.259000   5.230 0.000   1.926 0.000   3.304 0.000 0.040 0.000  0.196 0.000
 49.25  50.25   20.82 0.000  0.73 0.000 9.999 0.259000 9.99 0.259000  0.132 0.000  0.389 0.000  0.544 0.000 999.99 0.259000   2.772 0.000   0.661 0.000   2.111 0.000 0.020 0.000  0.138 0.000
 52.25  53.25   40.57 0.000  0.43 0.000 9.999 0.259000 9.99 0.259000  0.047 0.000  0.365 0.000  0.511 0.000 999.99 0.259000  13.503 0.000  11.564 0.000   1.939 0.000 0.024 0.000  0.082 0.000
 55.25  56.25   31.93 0.000  1.50 0.000 9.999 0.259000 9.99 0.259000  0.077 0.000  0.416 0.000  0.583 0.000 999.99 0.259000  13.146 0.000   9.566 0.000   3.580 0.000 0.036 0.000  0.241 0.000
 58.25  59.25   26.81 0.000  1.97 0.000 9.999 0.259000 9.99 0.259000  0.062 0.559  0.476 0.000  0.666 0.000 999.99 0.259000   6.115 0.000   3.361 0.000   2.753 0.000 0.024 0.000  0.331 0.559
 61.25  62.25   20.72 0.000  0.92 0.000 9.999 0.259000 9.99 0.259000  0.150 0.559  0.424 0.000  0.594 0.000 999.99 0.259000   8.211 0.000   4.801 0.000   3.410 0.000 0.022 0.000  0.354 0.559
 64.25  65.25   19.50 0.000  1.55 0.000 9.999 0.259000 0.17 0.000000  0.084 0.559  0.434 0.000  0.608 0.000 999.99 0.259000   7.205 0.000   4.081 0.000   3.123 0.000 0.030 0.000  0.385 0.559
 67.25  68.25   15.57 0.000  1.97 0.000 9.999 0.259000 0.20 0.000000  0.312 0.559  0.722 0.000  1.011 0.000 999.99 0.259000   7.560 0.000   1.767 0.000   5.792 0.000 0.062 0.000  0.683 0.559
 70.25  71.25   18.36 0.000  1.38 0.000 9.999 0.259000 9.99 0.259000  0.424 0.000  0.579 0.000  0.811 0.000 999.99 0.259000   8.360 0.000   1.405 0.000   6.955 0.000 0.024 0.000  0.886 0.000
 73.25  74.25   19.43 0.000  2.04 0.000 9.999 0.259000 0.16 0.000000  0.765 0.000  0.610 0.000  0.853 0.000 999.99 0.259000  14.363 0.000   2.558 0.000  11.806 0.000 0.024 0.000  1.409 0.000
 76.25  77.25   16.67 0.000  1.88 0.000 9.999 0.259000 0.27 0.000000  0.051 0.000  0.646 0.000  0.904 0.000 999.99 0.259000   6.163 0.000   1.430 0.000   4.733 0.000 0.033 0.000  0.685 0.000
 79.25  80.25   26.88 0.000  0.99 0.000 9.999 0.259000 0.11 0.000000  0.194 0.000  0.570 0.000  0.798 0.000 999.99 0.259000   8.866 0.000   4.556 0.000   4.310 0.000 0.028 0.000  0.559 0.000
 82.25  83.25   19.25 0.000  1.40 0.000 9.999 0.259000 9.99 0.259000  0.099 0.000  0.280 0.000  0.391 0.000 999.99 0.259000   3.516 0.000   0.652 0.000   2.863 0.000 0.019 0.000  0.366 0.000
 85.25  86.25   30.29 0.000  0.94 0.000 0.041 0.000000 0.15 0.000000  0.475 0.000  0.557 0.000  0.780 0.000 999.99 0.259000   8.059 0.000   2.250 0.000   5.809 0.000 0.016 0.000  0.654 0.000
 88.25  89.25   20.08 0.000  0.74 0.000 9.999 0.259000 9.99 0.259000  0.055 0.000  0.376 0.000  0.526 0.000 999.99 0.259000   8.152 0.000   4.223 0.000   3.929 0.000 0.019 0.000  0.624 0.000
 91.25  92.25 9999.99 0.999 99.99 0.999 9.999 0.999000 9.99 0.999000 99.999 0.999 99.999 0.999 99.999 0.999 999.99 0.999000 999.999 0.999 999.999 0.999 999.999 0.999 9.999 0.999 99.999 0.999
 94.25  95.25   30.90 0.000  1.66 0.000 9.999 0.259000 0.17 0.000000  0.492 0.000  0.604 0.000  0.845 0.000 999.99 0.259000   9.841 0.000   3.272 0.000   6.569 0.000 0.034 0.000  0.828 0.000
 97.25  98.25   29.99 0.000  2.07 0.000 9.999 0.259000 9.99 0.259000  0.207 0.000  0.380 0.000  0.532 0.000 999.99 0.259000   8.350 0.000   2.655 0.000   5.696 0.000 0.034 0.000  0.916 0.000
100.25 101.25   18.92 0.000  0.83 0.000 9.999 0.259000 0.13 0.000000  0.428 0.000  0.505 0.000  0.706 0.000 999.99 0.259000   5.070 0.000   0.897 0.000   4.173 0.000 0.016 0.000  0.623 0.000
103.25 104.25   87.39 0.000  0.59 0.000 9.999 0.259000 9.99 0.259000  0.035 0.000  0.364 0.000  0.509 0.000 999.99 0.259000  10.225 0.000   7.396 0.000   2.829 0.000 0.048 0.000  0.100 0.000
106.25 107.25   18.05 0.000  0.35 0.000 9.999 0.259000 0.16 0.000000  0.070 0.000  0.293 0.000  0.411 0.000 999.99 0.259000   4.260 0.000   2.388 0.000   1.872 0.000 0.016 0.000  0.213 0.000
109.25 110.25   30.10 0.000  0.88 0.000 9.999 0.259000 0.10 0.000000  0.247 0.000  0.330 0.000  0.461 0.000 999.99 0.259000   6.987 0.000   1.965 0.000   5.022 0.000 0.030 0.000  0.784 0.000
112.25 113.25  103.89 0.000  1.31 0.000 9.999 0.259000 9.99 0.259000  0.066 0.000  0.413 0.000  0.578 0.000 999.99 0.259000  18.870 0.000  14.131 0.000   4.739 0.000 0.067 0.000  0.374 0.000
115.25 116.25   57.18 0.000  0.87 0.000 9.999 0.259000 9.99 0.259000  0.138 0.000  0.659 0.000  0.922 0.000 999.99 0.259000  11.703 0.000   7.338 0.000   4.364 0.000 0.048 0.000  0.312 0.000
118.25 119.25   67.48 0.000  0.69 0.000 9.999 0.259000 0.28 0.000000  0.055 0.000  0.560 0.000  0.785 0.000 999.99 0.259000   6.135 0.000   2.087 0.000   4.048 0.000 0.043 0.000  0.240 0.000
121.25 122.25   24.75 0.000  0.63 0.000 9.999 0.259000 0.20 0.000000  0.145 0.000  0.569 0.000  0.796 0.000 999.99 0.259000   8.052 0.000   5.286 0.000   2.766 0.000 0.028 0.000  0.206 0.000
124.25 125.25   30.16 0.000  0.71 0.000 9.999 0.259000 9.99 0.259000  0.134 0.000  0.874 0.000  1.224 0.000 999.99 0.259000  12.088 0.000   7.984 0.000   4.105 0.000 0.032 0.000  0.372 0.000
127.25 128.25   14.00 0.000  0.81 0.000 9.999 0.259000 9.99 0.259000  0.166 0.000  0.654 0.000  0.916 0.000 999.99 0.259000   5.101 0.000   0.737 0.000   4.364 0.000 0.029 0.000  0.454 0.000
130.25 131.25   28.46 0.000  0.89 0.000 9.999 0.259000 0.13 0.000000  0.204 0.000  0.793 0.000  1.110 0.000 999.99 0.259000   9.330 0.000   3.596 0.000   5.734 0.000 0.029 0.000  0.740 0.000
133.25 134.25   76.14 0.559  0.69 0.559 9.999 0.559259 9.99 0.559259  0.086 0.000  1.257 0.000  1.760 0.000 999.99 0.559259 999.999 0.456 999.999 0.999   5.963 0.559 0.058 0.559  0.369 0.000
136.25 137.25   72.32 0.699  0.48 0.699 9.999 0.699259 9.99 0.699259  0.218 0.559  3.869 0.000  5.416 0.000 999.99 0.699259 999.999 0.456 999.999 0.999  10.646 0.699 0.097 0.699  0.225 0.559
139.25 140.25  107.90 0.000  0.65 0.000 0.047 0.000000 0.11 0.000000  0.085 0.000  0.954 0.000  1.335 0.000 999.99 0.259000 999.999 0.456 999.999 0.999   5.934 0.000 0.090 0.000  0.267 0.000
142.25 143.25   42.54 0.000  0.80 0.000 9.999 0.259000 0.14 0.000000  0.052 0.559  0.280 0.000  0.391 0.000 999.99 0.259000   9.002 0.000   5.077 0.000   3.925 0.000 0.035 0.000  0.545 0.559
145.25 146.25   61.54 0.699  0.46 0.699 9.999 0.699259 0.11 0.699000  0.088 0.000  3.472 0.000  4.861 0.000 999.99 0.699259  21.132 0.000  10.645 0.000  10.487 0.699 0.120 0.699  0.504 0.000
148.25 149.25 9999.99 0.999 99.99 0.999 9.999 0.999000 9.99 0.999000 99.999 0.999 99.999 0.999 99.999 0.999 999.99 0.999000 999.999 0.999 999.999 0.999 999.999 0.999 9.999 0.999 99.999 0.999
151.25 152.25 9999.99 0.699 99.99 0.699 9.999 0.699000 9.99 0.699000  0.108 0.000  6.480 0.000  9.072 0.000 999.99 0.699000  41.411 0.000 999.999 0.999 999.999 0.699 9.999 0.699  0.307 0.000
154.25 155.25   15.27 0.000  0.89 0.000 9.999 0.259000 9.99 0.259000  0.227 0.000  2.684 0.000  3.757 0.000 999.99 0.259000  13.778 0.000   5.868 0.000   7.910 0.000 0.040 0.000  0.448 0.000
157.25 158.25   49.31 0.000  0.38 0.000 9.999 0.259000 9.99 0.259000  0.019 0.559  0.386 0.000  0.540 0.000 999.99 0.259000  18.123 0.000  15.365 0.000   2.758 0.000 0.025 0.000  0.128 0.559
160.25 161.25    2.58 0.000  0.28 0.000 9.999 0.259000 9.99 0.259000  0.007 0.559  0.153 0.000  0.214 0.000 999.99 0.259000   1.397 0.000   0.837 0.000   0.560 0.000 0.003 0.000  0.075 0.559
163.25 164.25   16.12 0.000  0.61 0.000 9.999 0.259000 9.99 0.259000  0.031 0.000  0.717 0.000  1.004 0.000 999.99 0.259000   8.776 0.000   6.072 0.000   2.704 0.000 0.012 0.000  0.187 0.000
166.25 167.25   36.03 0.000  0.83 0.000 9.999 0.259000 0.06 0.000000  0.050 0.000  2.611 0.000  3.655 0.000 999.99 0.259000  13.846 0.000   6.188 0.000   7.658 0.000 0.056 0.000  0.412 0.000
169.25 170.25   17.93 0.559  0.54 0.559 9.999 0.559259 9.99 0.559259  0.027 0.000  0.529 0.000  0.741 0.000 999.99 0.559259  11.247 0.000   9.053 0.000   2.195 0.559 0.013 0.559  0.136 0.000
172.25 173.25   22.96 0.559  0.78 0.559 9.999 0.559259 0.07 0.559000  0.137 0.000  1.298 0.000  1.818 0.000 999.99 0.559259   7.961 0.000   3.331 0.000   4.630 0.559 0.030 0.559  0.306 0.000
175.25 176.25   39.08 0.000  1.07 0.000 9.999 0.259000 0.17 0.000000  0.052 0.000  1.381 0.000  1.934 0.000 999.99 0.259000  12.352 0.000   7.033 0.000   5.319 0.000 0.037 0.000  0.394 0.000
178.25 179.25  172.23 0.559  1.12 0.559 9.999 0.559259 9.99 0.559259  0.047 0.000  1.978 0.000  2.769 0.000 999.99 0.559259  31.008 0.000  22.277 0.000   8.731 0.559 0.062 0.559  0.518 0.000
181.25 182.25   45.78 0.000  0.18 0.000 0.028 0.000000 9.99 0.259000  0.016 0.000  0.438 0.000  0.613 0.000 999.99 0.259000  15.787 0.000  13.315 0.000   2.471 0.000 0.019 0.000  0.123 0.000
184.25 185.25   87.19 0.000  0.98 0.000 9.999 0.259000 9.99 0.259000  0.069 0.000  1.500 0.000  2.100 0.000 999.99 0.259000  26.113 0.000  19.600 0.000   6.512 0.000 0.058 0.000  0.319 0.000
187.25 188.25   58.81 0.000  0.89 0.000 9.999 0.259000 9.99 0.259000  0.061 0.000  0.822 0.000  1.151 0.000 999.99 0.259000  12.274 0.000   7.623 0.000   4.651 0.000 0.041 0.000  0.303 0.000
190.25 191.25   22.57 0.000  0.49 0.000 9.999 0.259000 9.99 0.259000  0.048 0.000  2.754 0.000  3.856 0.000  10.14 0.000000  11.371 0.000   3.974 0.000   7.397 0.000 0.040 0.000  0.164 0.000
193.25 194.25   63.24 0.000  1.36 0.000 9.999 0.259000 9.99 0.259000  0.063 0.000  0.807 0.000  1.129 0.000 999.99 0.259000  13.606 0.000   8.127 0.000   5.479 0.000 0.023 0.000  0.580 0.000
196.25 197.25   74.45 0.000  0.82 0.000 9.999 0.259000 9.99 0.259000  0.056 0.000  3.681 0.000  5.154 0.000 999.99 0.259000  22.148 0.000  10.690 0.000  11.458 0.000 0.070 0.000  0.457 0.000
199.25 200.25   80.27 0.559  0.55 0.559 9.999 0.559259 9.99 0.559259  0.125 0.000  1.878 0.000  2.629 0.000 999.99 0.559259  21.399 0.000  10.770 0.000  10.629 0.559 0.054 0.559  1.050 0.000
202.25 203.25   26.67 0.000  0.34 0.000 9.999 0.259000 9.99 0.259000  0.014 0.000  0.414 0.000  0.579 0.000 999.99 0.259000   7.432 0.000   5.281 0.000   2.151 0.000 0.014 0.000  0.123 0.000
205.25 206.25   58.31 0.000  0.21 0.000 0.045 0.000000 9.99 0.259000  0.029 0.000  1.736 0.000  2.430 0.000 999.99 0.259000  16.756 0.000  10.660 0.000   6.095 0.000 0.028 0.000  0.429 0.000
208.25 209.25   35.69 0.000  0.45 0.000 0.036 0.000000 0.07 0.000000  0.017 0.000  1.260 0.000  1.764 0.000 999.99 0.259000  11.249 0.000   7.051 0.000   4.198 0.000 0.022 0.000  0.210 0.000
211.25 212.25   37.96 0.559  0.61 0.559 9.999 0.559259 0.07 0.559000  0.041 0.000  1.152 0.000  1.613 0.000 999.99 0.559259  14.010 0.000   9.612 0.000   4.398 0.559 0.021 0.559  0.297 0.000
214.25 215.25   34.57 0.000  0.24 0.000 0.020 0.000000 9.99 0.259000  0.042 0.000  0.941 0.000  1.317 0.000 999.99 0.259000  13.483 0.000   9.166 0.000   4.317 0.000 0.024 0.000  0.346 0.000
217.25 218.25   34.88 0.000  0.50 0.000 9.999 0.259000 9.99 0.259000  0.132 0.000  1.832 0.000  2.565 0.000 999.99 0.259000  15.841 0.000   9.144 0.000   6.697 0.000 0.030 0.000  0.663 0.000
220.25 221.25   15.57 0.000  0.44 0.000 0.024 0.000000 9.99 0.259000  0.031 0.000  0.994 0.000  1.392 0.000 999.99 0.259000   8.406 0.000   4.934 0.000   3.472 0.000 0.020 0.000  0.193 0.000
223.25 224.25   12.67 0.000  0.14 0.000 9.999 0.259000 9.99 0.259000  0.012 0.000  1.208 0.000  1.691 0.000 999.99 0.259000   9.909 0.000   6.620 0.000   3.289 0.000 0.016 0.000  0.193 0.000
226.25 227.25    8.41 0.000  0.29 0.000 9.999 0.259000 9.99 0.259000  0.015 0.000  0.355 0.000  0.496 0.000 999.99 0.259000   5.564 0.000   4.078 0.000   1.486 0.000 0.008 0.000  0.133 0.000
229.25 230.25    5.20 0.000  0.23 0.000 9.999 0.259000 9.99 0.259000  0.014 0.000  0.392 0.000  0.548 0.000 999.99 0.259000   3.817 0.000   1.978 0.000   1.839 0.000 0.008 0.000  0.146 0.000
232.25 233.25   16.05 0.000  4.41 0.000 0.030 0.000000 9.99 0.259000  0.060 0.000  1.115 0.000  1.560 0.000 999.99 0.259000   7.966 0.000   3.781 0.000   4.185 0.000 0.026 0.000  0.318 0.000
235.25 236.25   68.43 0.559  0.48 0.559 0.021 0.559000 9.99 0.559259  0.043 0.000  1.905 0.000  2.667 0.000 999.99 0.559259  20.427 0.000  13.284 0.000   7.143 0.559 0.059 0.559  0.327 0.000
238.25 239.25   16.90 0.000  0.64 0.000 9.999 0.259000 9.99 0.259000  0.069 0.000  1.585 0.000  2.219 0.000 999.99 0.259000   9.931 0.000   4.683 0.000   5.248 0.000 0.032 0.000  0.365 0.000
241.25 242.25   21.05 0.000  0.83 0.000 9.999 0.259000 9.99 0.259000  0.133 0.000  1.033 0.000  1.446 0.000 999.99 0.259000   9.259 0.000   3.321 0.000   5.939 0.000 0.038 0.000  0.621 0.000
244.25 245.25    6.82 0.000  0.32 0.000 9.999 0.259000 9.99 0.259000  0.012 0.000  0.614 0.000  0.860 0.000 999.99 0.259000   9.909 0.000   7.907 0.000   2.002 0.000 0.011 0.000  0.125 0.000
247.25 248.25   32.12 0.000  0.97 0.000 9.999 0.259000 9.99 0.259000  0.117 0.000  1.296 0.000  1.814 0.000 999.99 0.259000  15.188 0.000  10.132 0.000   5.056 0.000 0.040 0.000  0.435 0.000
