scripts/IMPROVE-2019_partial/data/US0013R.20090101070000.20191216000000.filterpack...52w.3d.US03L_filterpack_US0013.US03L_IMPROVE_Davis.lev2.nas
52 1001
MISSING INFORMATION
US03L, IMPROVE, , , , , , , 
MISSING INFORMATION
IMPROVE sel_HTAP
1 1
2009 01 01 2019 12 16
3.000000
days from file reference point
5
1 1 1 1 1
999.999999 999.999 9.999 999.999 9.999
end_time of measurement, days from the file reference point
pm10_mass, ug/m3, Matrix=pm10
numflag pm10_mass, no unit, Matrix=pm10
pm25_mass, ug/m3, Matrix=pm25
numflag pm25_mass, no unit, Matrix=pm25
0
33
Data definition:              EBAS_1.1
Set type code:                TU
Timezone:                     UTC
File name:                    US0013R.20090101070000.20191216000000.filterpack...52w.3d.US03L_filterpack_US0013.US03L_IMPROVE_Davis.lev2.nas
File creation:                20191218115614
Startdate:                    20090101070000
Revision date:                20191216000000
Version:                      2
Version description:          "Data extracted from http://views.cira.colostate.edu/fed/DataWizard 2019-12-16"
Statistics:                   arithmetic mean
Data level:                   2
Period code:                  52w
Resolution code:              3d
Sample duration:              1d
Orig. time res.:              3d
Station code:                 US0013R
Platform code:                US0013S
Station name:                 Hance Camp at Grand Canyon NP
Station latitude:             35.9731
Station longitude:            -111.9841
Station altitude:             2267.0 m
Regime:                       IMG
Component:                    
Unit:                         ug/m3
Matrix:                       
Laboratory code:              US03L
Instrument type:              filterpack
Instrument name:              filterpack_US0013
Method ref:                   US03L_IMPROVE_Davis
Blank correction:             Blank corrected
Volume std. temperature:      ambient
Volume std. pressure:         ambient
starttime endtime PM10 flag_PM10 PM2.5 flag_PM2.5
  0.291667   1.291667   1.082 0.000   0.751 0.000
  3.291667   4.291667   0.968 0.000   0.696 0.000
  6.291667   7.291667   0.249 0.000   0.157 0.000
  9.291667  10.291667   0.753 0.000   0.281 0.000
 12.291667  13.291667   0.667 0.000   0.279 0.000
 15.291667  16.291667   1.205 0.000   0.686 0.000
 18.291667  19.291667   1.408 0.000   0.756 0.000
 21.291667  22.291667   6.243 0.000   3.301 0.000
 24.291667  25.291667   2.452 0.000   1.770 0.000
 27.291667  28.291667   2.309 0.000   0.977 0.000
 30.291667  31.291667   1.502 0.000   0.624 0.000
 33.291667  34.291667   1.456 0.000   0.868 0.000
 36.291667  37.291667   6.887 0.000   2.017 0.000
 39.291667  40.291667   1.012 0.000   0.640 0.000
 42.291667  43.291667   2.543 0.000   1.396 0.000
 45.291667  46.291667   1.845 0.000   1.100 0.000
 48.291667  49.291667   0.965 0.000   0.569 0.000
 51.291667  52.291667   4.720 0.000   2.253 0.000
 54.291667  55.291667   2.061 0.000   1.214 0.000
 57.291667  58.291667   6.595 0.000   2.825 0.000
 60.291667  61.291667   5.962 0.000   3.066 0.000
 63.291667  64.291667   5.007 0.000   2.161 0.000
 66.291667  67.291667   3.556 0.000   1.738 0.000
 69.291667  70.291667   4.451 0.000   2.444 0.000
 72.291667  73.291667   3.421 0.000   1.884 0.000
 75.291667  76.291667   5.591 0.000   2.744 0.000
 78.291667  79.291667   7.885 0.000   3.755 0.000
 81.291667  82.291667  19.465 0.000   4.709 0.000
 84.291667  85.291667   9.491 0.000   3.261 0.000
 87.291667  88.291667   9.597 0.000   3.068 0.000
 90.291667  91.291667 999.999 0.999   2.934 0.000
 93.291667  94.291667 999.999 0.999   1.264 0.000
 96.291667  97.291667 999.999 0.999   2.270 0.000
 99.291667 100.291667 999.999 0.999   2.622 0.000
102.291667 103.291667 999.999 0.999   1.229 0.000
105.291667 106.291667 999.999 0.999   3.856 0.000
108.291667 109.291667 999.999 0.999   2.255 0.000
111.291667 112.291667 999.999 0.999   1.712 0.000
114.291667 115.291667 999.999 0.999   3.208 0.000
117.291667 118.291667 999.999 0.999   4.191 0.000
120.291667 121.291667 999.999 0.999   5.026 0.000
123.291667 124.291667 999.999 0.999   5.975 0.000
126.291667 127.291667 999.999 0.999   4.903 0.000
129.291667 130.291667 999.999 0.999   5.297 0.000
132.291667 133.291667 999.999 0.999   7.218 0.000
135.291667 136.291667  10.416 0.000   5.719 0.000
138.291667 139.291667   7.927 0.000   3.973 0.000
141.291667 142.291667   2.714 0.000 999.999 0.456
144.291667 145.291667   6.129 0.000   3.811 0.000
147.291667 148.291667   3.818 0.000   2.502 0.000
150.291667 151.291667   6.831 0.000   5.092 0.000
153.291667 154.291667  19.986 0.000  17.727 0.000
156.291667 157.291667  13.794 0.000   7.167 0.000
159.291667 160.291667 999.999 0.699 999.999 0.699
162.291667 163.291667 999.999 0.699 999.999 0.699
165.291667 166.291667 999.999 0.699 999.999 0.699
168.291667 169.291667   9.287 0.000   6.949 0.000
171.291667 172.291667  24.202 0.000  11.202 0.000
174.291667 175.291667   9.577 0.000   5.283 0.000
177.291667 178.291667   4.451 0.000   3.356 0.000
180.291667 181.291667   5.870 0.000   3.710 0.000
183.291667 184.291667   4.736 0.000   2.864 0.000
186.291667 187.291667  18.071 0.000  15.097 0.000
189.291667 190.291667   7.989 0.000   3.073 0.000
192.291667 193.291667   5.583 0.000   2.835 0.000
195.291667 196.291667   7.585 0.000   3.847 0.000
198.291667 199.291667  10.056 0.000   4.327 0.000
201.291667 202.291667   5.074 0.000   2.768 0.000
204.291667 205.291667   6.027 0.000   3.034 0.000
207.291667 208.291667   6.057 0.000   3.324 0.000
210.291667 211.291667  15.439 0.000   6.166 0.000
213.291667 214.291667   7.290 0.000   4.034 0.000
216.291667 217.291667  12.323 0.000   8.628 0.000
219.291667 220.291667  11.773 0.000   9.058 0.000
222.291667 223.291667   9.522 0.000   6.204 0.000
225.291667 226.291667  11.046 0.000   6.137 0.000
228.291667 229.291667   5.309 0.000   3.109 0.000
231.291667 232.291667   7.389 0.000   4.546 0.000
234.291667 235.291667   4.707 0.000   2.879 0.000
237.291667 238.291667   4.011 0.000   2.413 0.000
240.291667 241.291667   5.470 0.000   2.830 0.000
243.291667 244.291667   6.982 0.000   4.212 0.000
246.291667 247.291667   6.346 0.000   4.267 0.000
249.291667 250.291667   7.549 0.000   3.264 0.000
252.291667 253.291667   5.185 0.000   2.169 0.000
255.291667 256.291667   5.783 0.000   2.651 0.000
258.291667 259.291667   4.115 0.000   2.054 0.000
261.291667 262.291667   4.045 0.000   2.318 0.000
264.291667 265.291667   4.083 0.000   1.462 0.000
267.291667 268.291667   3.947 0.000   2.693 0.000
270.291667 271.291667   6.525 0.000   3.615 0.000
273.291667 274.291667   3.349 0.000   1.319 0.000
276.291667 277.291667  32.879 0.000   5.286 0.000
279.291667 280.291667  11.753 0.000   4.866 0.000
282.291667 283.291667   5.746 0.000   2.148 0.000
285.291667 286.291667   5.144 0.000   1.883 0.000
288.291667 289.291667   3.131 0.000   1.628 0.000
291.291667 292.291667  14.736 0.000   2.772 0.000
294.291667 295.291667   4.502 0.000   2.029 0.000
297.291667 298.291667   2.152 0.000   0.856 0.000
300.291667 301.291667 999.999 0.699 999.999 0.699
303.291667 304.291667   5.317 0.000   2.579 0.000
306.291667 307.291667   5.420 0.000   4.092 0.000
309.291667 310.291667  11.872 0.000   8.953 0.000
312.291667 313.291667   4.699 0.000   2.226 0.000
315.291667 316.291667  11.413 0.000   3.917 0.000
318.291667 319.291667   1.995 0.000   1.203 0.000
321.291667 322.291667   3.911 0.000   2.530 0.000
324.291667 325.291667   7.853 0.000   2.295 0.000
327.291667 328.291667   1.853 0.000   0.521 0.000
330.291667 331.291667   7.957 0.000   2.873 0.000
333.291667 334.291667   2.924 0.000   1.892 0.000
336.291667 337.291667   1.889 0.000   1.118 0.000
339.291667 340.291667  12.273 0.000   6.207 0.000
342.291667 343.291667 999.999 0.999 999.999 0.999
345.291667 346.291667   0.698 0.000   0.616 0.000
348.291667 349.291667   1.020 0.000   0.932 0.000
351.291667 352.291667   1.318 0.000   0.856 0.000
354.291667 355.291667   3.508 0.000   1.854 0.000
357.291667 358.291667 999.999 0.999 999.999 0.999
360.291667 361.291667 999.999 0.999 999.999 0.999
363.291667 364.291667   2.097 0.000   1.526 0.000
