scripts/IMPROVE-2019_partial/data/US0016R.20030103070000.20191216000000.filterpack..pm25.1y.1w.US03L_filterpack_US0016.US03L_IMPROVE_Davis.lev2.nas
66 1001
MISSING INFORMATION
US03L, IMPROVE, , , , , , , 
MISSING INFORMATION
IMPROVE sel_HTAP
1 1
2003 01 01 2019 12 16
3.000000
days from file reference point
27
1 1 1 1 1 1 1 1 1 1 1 1 1 1 1 1 1 1 1 1 1 1 1 1 1 1 1
999.999999 9999.99 9.999 99.99 9.999 9.999 9.999999 9.99 9.999999 9.999 9.999 99.999 9.999 99.999 9.999 999.99 9.999999 999.999 9.999 999.999 9.999 999.999 9.999 9.999 9.999 99.999 9.999
end_time of measurement, days from the file reference point
iron, ng/m3, Revision date=20181210133000
numflag iron, no unit, Revision date=20181210133000
lead, ng/m3, Revision date=20181210133000
numflag lead, no unit, Revision date=20181210133000
magnesium, ug/m3, Revision date=20181210133000
numflag magnesium, no unit, Revision date=20181210133000
nickel, ng/m3, Revision date=20181210133000
numflag nickel, no unit, Revision date=20181210133000
nitrate, ug N/m3, Revision date=20181210133000
numflag nitrate, no unit, Revision date=20181210133000
organic_carbon, ug C/m3, Revision date=20181210133000
numflag organic_carbon, no unit, Revision date=20181210133000
organic_mass, ug/m3, Revision date=20181210133000
numflag organic_mass, no unit, Revision date=20181210133000
phosphorus, ng/m3, Revision date=20181210133000
numflag phosphorus, no unit, Revision date=20181210133000
pm10_mass, ug/m3, Version=2, Version description=Data extracted from http://views.cira.colostate.edu/fed/DataWizard 2019-12-16, Sample duration=1d, Orig. time res.=3d, Matrix=pm10, Blank correction=Blank corrected, Volume std. temperature=ambient, Volume std. pressure=ambient
numflag pm10_mass, no unit, Version=2, Version description=Data extracted from http://views.cira.colostate.edu/fed/DataWizard 2019-12-16, Sample duration=1d, Orig. time res.=3d, Matrix=pm10, Blank correction=Blank corrected, Volume std. temperature=ambient, Volume std. pressure=ambient
pm10_pm25_mass, ug/m3, Revision date=20181210133000, Matrix=pm10_pm25
numflag pm10_pm25_mass, no unit, Revision date=20181210133000, Matrix=pm10_pm25
pm25_mass, ug/m3, Version=2, Version description=Data extracted from http://views.cira.colostate.edu/fed/DataWizard 2019-12-16, Sample duration=1d, Orig. time res.=3d, Blank correction=Blank corrected, Volume std. temperature=ambient, Volume std. pressure=ambient
numflag pm25_mass, no unit, Version=2, Version description=Data extracted from http://views.cira.colostate.edu/fed/DataWizard 2019-12-16, Sample duration=1d, Orig. time res.=3d, Blank correction=Blank corrected, Volume std. temperature=ambient, Volume std. pressure=ambient
potassium, ug/m3, Revision date=20181210133000
numflag potassium, no unit, Revision date=20181210133000
sulphate_total, ug S/m3, Revision date=20181210133000
numflag sulphate_total, no unit, Revision date=20181210133000
0
25
Data definition:              EBAS_1.1
Set type code:                TU
Timezone:                     UTC
File name:                    US0016R.20030103070000.20191216000000.filterpack..pm25.1y.1w.US03L_filterpack_US0016.US03L_IMPROVE_Davis.lev2.nas
File creation:                20191218115628
Startdate:                    20030103070000
Revision date:                20191216000000
Statistics:                   arithmetic mean
Data level:                   2
Period code:                  1y
Resolution code:              1w
Station code:                 US0016R
Platform code:                US0016S
Station name:                 Hillside
Station latitude:             34.4289
Station longitude:            -112.9628
Station altitude:             1510.0 m
Regime:                       IMG
Component:                    
Matrix:                       pm25
Laboratory code:              US03L
Instrument type:              filterpack
Instrument name:              filterpack_US0016
Method ref:                   US03L_IMPROVE_Davis
starttime endtime Fe flag_Fe Pb flag_Pb Mg++ flag_Mg++ Ni flag_Ni NO3- flag_NO3- OC flag_OC OM flag_OM P flag_P PM10 flag_PM10 PM10-PM2.5 flag_PM10-PM2.5 PM2.5 flag_PM2.5 K+ flag_K+ SO4-- flag_SO4--
[from data line 81]
245.291667 246.291667   21.56 0.559  0.86 0.559 9.999 0.559259 0.09 0.559000 0.009 0.000  0.677 0.000  0.949 0.000 999.99 0.559259   6.128 0.000   3.114 0.000   3.014 0.559 0.017 0.559  0.247 0.000
248.291667 249.291667   37.91 0.000  0.49 0.000 9.999 0.259000 0.12 0.000000 0.047 0.000  0.570 0.000  0.797 0.000 999.99 0.259000  11.916 0.000   7.393 0.000   4.523 0.000 0.065 0.000  0.478 0.000
251.291667 252.291667   72.03 0.000  0.32 0.000 0.069 0.000000 0.10 0.000000 0.038 0.000  0.382 0.000  0.535 0.000 999.99 0.259000  15.115 0.000  11.702 0.000   3.413 0.000 0.047 0.000  0.191 0.000
254.291667 255.291667   49.55 0.000  0.34 0.000 9.999 0.259000 0.14 0.000000 0.006 0.559  0.443 0.000  0.620 0.000 999.99 0.259000   3.472 0.000   0.910 0.000   2.562 0.000 0.030 0.000  0.078 0.559
257.291667 258.291667   45.39 0.559  0.52 0.559 9.999 0.559259 0.06 0.559000 0.019 0.000  0.709 0.000  0.992 0.000 999.99 0.559259   8.538 0.000   4.593 0.000   3.945 0.559 0.040 0.559  0.294 0.000
260.291667 261.291667   97.04 0.699  0.50 0.699 9.999 0.699259 9.99 0.699259 0.025 0.000  0.623 0.000  0.872 0.000  31.88 0.699000  15.542 0.000  10.316 0.000   5.226 0.699 0.077 0.699  0.173 0.000
263.291667 264.291667   39.47 0.559  0.44 0.559 9.999 0.559259 9.99 0.559259 0.018 0.000  1.013 0.000  1.419 0.000 999.99 0.559259   7.273 0.000   3.784 0.000   3.490 0.559 0.031 0.559  0.139 0.000
266.291667 267.291667   87.58 0.000  0.68 0.000 9.999 0.259000 0.10 0.000000 0.042 0.000  0.466 0.000  0.652 0.000 999.99 0.259000  16.478 0.000  12.311 0.000   4.167 0.000 0.061 0.000  0.197 0.000
269.291667 270.291667   69.88 0.699  0.63 0.699 0.026 0.699000 0.08 0.699000 0.025 0.000  0.739 0.000  1.034 0.000 999.99 0.699259  10.807 0.000   5.728 0.000   5.079 0.699 0.064 0.699  0.351 0.000
272.291667 273.291667   33.38 0.559  0.79 0.559 9.999 0.559259 9.99 0.559259 0.017 0.000  0.795 0.000  1.114 0.000 999.99 0.559259   8.346 0.000   4.366 0.000   3.980 0.559 0.033 0.559  0.333 0.000
275.291667 276.291667   34.26 0.559  0.43 0.559 0.027 0.559000 0.18 0.559000 0.044 0.000  0.388 0.000  0.543 0.000 999.99 0.559259  10.169 0.000   6.976 0.000   3.192 0.559 0.026 0.559  0.283 0.000
278.291667 279.291667   25.89 0.559  0.91 0.559 9.999 0.559259 0.16 0.559000 0.023 0.000  0.338 0.000  0.473 0.000 999.99 0.559259   6.369 0.000   3.246 0.000   3.123 0.559 0.020 0.559  0.271 0.000
281.291667 282.291667   28.02 0.559  0.46 0.559 0.031 0.559000 0.05 0.559000 0.023 0.000  1.031 0.000  1.443 0.000 999.99 0.559259   8.876 0.000   4.827 0.000   4.048 0.559 0.018 0.559  0.218 0.000
284.291667 285.291667   71.37 0.559  1.00 0.559 0.037 0.559000 0.08 0.559000 0.033 0.000  0.587 0.000  0.822 0.000 999.99 0.559259  13.355 0.000   8.423 0.000   4.932 0.559 0.051 0.559  0.320 0.000
287.291667 288.291667   36.44 0.559  1.17 0.559 9.999 0.559259 0.09 0.559000 0.030 0.559  0.458 0.000  0.641 0.000 999.99 0.559259  10.889 0.000   6.702 0.000   4.187 0.559 0.046 0.559  0.355 0.559
290.291667 291.291667   35.91 0.559  0.79 0.559 0.020 0.559000 9.99 0.559259 0.014 0.000  0.642 0.000  0.899 0.000 999.99 0.559259   7.109 0.000   3.106 0.000   4.003 0.559 0.030 0.559  0.241 0.000
293.291667 294.291667   37.07 0.699  0.62 0.699 9.999 0.699259 0.06 0.699000 0.011 0.000  0.867 0.000  1.214 0.000 999.99 0.699259   7.350 0.000   3.593 0.000   3.757 0.699 0.025 0.699  0.192 0.000
296.291667 297.291667   78.46 0.699  0.90 0.699 9.999 0.699259 9.99 0.699259 0.061 0.000  2.371 0.000  3.320 0.000 999.99 0.699259  16.134 0.000   7.852 0.000   8.283 0.699 0.139 0.699  0.235 0.000
299.291667 300.291667   28.82 0.699  0.32 0.699 9.999 0.699259 9.99 0.699259 0.015 0.000  1.671 0.000  2.339 0.000 999.99 0.699259   7.151 0.000   2.984 0.000   4.167 0.699 0.026 0.699  0.075 0.000
302.291667 303.291667 9999.99 0.699 99.99 0.699 9.999 0.699000 9.99 0.699000 0.221 0.000  6.504 0.000  9.106 0.000 999.99 0.699000  54.970 0.000 999.999 0.999 999.999 0.699 9.999 0.699  0.381 0.000
305.291667 306.291667   30.57 0.559  0.44 0.559 9.999 0.559259 0.06 0.559000 0.093 0.000  0.655 0.000  0.917 0.000 999.99 0.559259   8.732 0.000   5.472 0.000   3.260 0.559 0.053 0.559  0.154 0.000
308.291667 309.291667   56.78 0.000  0.47 0.000 0.036 0.000000 0.06 0.000000 0.086 0.000  0.349 0.000  0.488 0.000 999.99 0.259000  11.435 0.000   8.345 0.000   3.090 0.000 0.033 0.000  0.135 0.000
311.291667 312.291667   13.08 0.000  0.42 0.000 9.999 0.259000 9.99 0.259000 0.011 0.000  0.116 0.000  0.163 0.000 999.99 0.259000   2.893 0.000   1.575 0.000   1.318 0.000 0.017 0.000  0.076 0.000
314.291667 315.291667   38.15 0.559  1.33 0.559 0.023 0.559000 9.99 0.559259 0.124 0.000  0.456 0.000  0.638 0.000 999.99 0.559259   6.071 0.000   3.700 0.000   2.371 0.559 0.042 0.559  0.146 0.000
317.291667 318.291667    6.19 0.559  0.43 0.559 9.999 0.559259 9.99 0.559259 0.110 0.000  0.554 0.000  0.776 0.000 999.99 0.559259   2.635 0.000   0.679 0.000   1.956 0.559 0.007 0.559  0.144 0.000
320.291667 321.291667    4.74 0.000  0.30 0.000 9.999 0.259000 9.99 0.259000 0.117 0.000  0.393 0.000  0.551 0.000 999.99 0.259000   1.996 0.000   0.557 0.000   1.439 0.000 0.005 0.000  0.101 0.000
323.291667 324.291667   13.90 0.000  2.97 0.000 9.999 0.259000 9.99 0.259000 0.030 0.000  0.337 0.000  0.471 0.000 999.99 0.259000   4.175 0.000   2.599 0.000   1.575 0.000 0.010 0.000  0.102 0.000
326.291667 327.291667   11.47 0.000  0.33 0.000 9.999 0.259000 0.06 0.000000 0.009 0.559  0.311 0.000  0.436 0.000 999.99 0.259000   2.412 0.000   1.155 0.000   1.257 0.000 0.010 0.000  0.054 0.559
329.291667 330.291667   39.59 0.559  1.81 0.559 9.999 0.559259 0.07 0.559000 0.333 0.000  0.673 0.000  0.942 0.000 999.99 0.559259   8.994 0.000   6.018 0.000   2.976 0.559 0.034 0.559  0.147 0.000
332.291667 333.291667   16.31 0.000  0.56 0.000 0.022 0.000000 0.07 0.000000 0.008 0.000  0.207 0.000  0.290 0.000 999.99 0.259000   2.687 0.000   1.369 0.000   1.318 0.000 0.011 0.000  0.074 0.000
335.291667 336.291667   24.33 0.559  1.19 0.559 9.999 0.559259 9.99 0.559259 0.013 0.000  0.342 0.000  0.478 0.000 999.99 0.559259   3.740 0.000   1.802 0.000   1.938 0.559 0.020 0.559  0.113 0.000
338.291667 339.291667   42.57 0.559  1.77 0.559 9.999 0.559259 9.99 0.559259 0.019 0.000  1.350 0.000  1.890 0.000 999.99 0.559259   9.342 0.000   4.712 0.000   4.630 0.559 0.035 0.559  0.194 0.000
341.291667 342.291667   16.23 0.000  0.43 0.000 9.999 0.259000 9.99 0.259000 0.065 0.000  0.276 0.000  0.386 0.000 999.99 0.259000   4.948 0.000   3.775 0.000   1.173 0.000 0.022 0.000  0.068 0.000
344.291667 345.291667   23.81 0.000  0.86 0.000 9.999 0.259000 0.11 0.000000 0.333 0.000  0.553 0.000  0.775 0.000 999.99 0.259000   7.907 0.000   5.083 0.000   2.823 0.000 0.022 0.000  0.108 0.000
347.291667 348.291667    8.25 0.000  0.84 0.000 0.023 0.000000 9.99 0.259000 0.113 0.000  0.404 0.000  0.565 0.000 999.99 0.259000   2.329 0.000   0.953 0.000   1.376 0.000 0.014 0.000  0.098 0.000
350.291667 351.291667    9.51 0.000  0.42 0.000 9.999 0.259000 9.99 0.259000 0.005 0.559  0.258 0.000  0.361 0.000 999.99 0.259000   1.364 0.000   0.811 0.000   0.553 0.000 0.006 0.000  0.027 0.559
353.291667 354.291667   59.33 0.000  1.43 0.000 9.999 0.259000 0.10 0.000000 0.021 0.000  0.496 0.000  0.694 0.000 999.99 0.259000   8.887 0.000   5.999 0.000   2.888 0.000 0.053 0.000  0.115 0.000
356.291667 357.291667   17.43 0.000  0.74 0.000 0.037 0.000000 0.06 0.000000 0.006 0.000  0.227 0.000  0.318 0.000 999.99 0.259000   3.467 0.000   2.422 0.000   1.044 0.000 0.012 0.000  0.080 0.000
359.291667 360.291667   17.62 0.000  0.46 0.000 9.999 0.259000 9.99 0.259000 0.034 0.000  0.288 0.000  0.404 0.000 999.99 0.259000   6.362 0.000   5.316 0.000   1.046 0.000 0.017 0.000  0.051 0.000
362.291667 363.291667    6.03 0.000  0.40 0.000 9.999 0.259000 0.08 0.000000 0.005 0.000  0.160 0.000  0.223 0.000 999.99 0.259000   1.206 0.000   0.772 0.000   0.434 0.000 0.006 0.000  0.033 0.000
