scripts/IMPROVE-2019_partial/data/US0067R.20110103060000.20191216000000.filterpack...1y.3d.US03L_filterpack_US0067.US03L_IMPROVE_Davis.lev2.nas
52 1001
MISSING INFORMATION
US03L, IMPROVE, , , , , , , 
MISSING INFORMATION
IMPROVE sel_HTAP
1 1
2011 01 01 2019 12 16
3.00
days from file reference point
5
1 1 1 1 1
999.99 999.999 9.999 999.999 9.999
end_time of measurement, days from the file reference point
pm10_mass, ug/m3, Matrix=pm10
numflag pm10_mass, no unit, Matrix=pm10
pm25_mass, ug/m3, Matrix=pm25
numflag pm25_mass, no unit, Matrix=pm25
0
33
Data definition:              EBAS_1.1
Set type code:                TU
Timezone:                     UTC
File name:                    US0067R.20110103060000.20191216000000.filterpack...1y.3d.US03L_filterpack_US0067.US03L_IMPROVE_Davis.lev2.nas
File creation:                20191218115949
Startdate:                    20110103060000
Revision date:                20191216000000
Version:                      2
Version description:          "Data extracted from http://views.cira.colostate.edu/fed/DataWizard 2019-12-16"
Statistics:                   arithmetic mean
Data level:                   2
Period code:                  1y
Resolution code:              3d
Sample duration:              1d
Orig. time res.:              3d
Station code:                 US0067R
Platform code:                US0067S
Station name:                 Ellis
Station latitude:             36.0853
Station longitude:            -99.9354
Station altitude:             697.0 m
Regime:                       IMG
Component:                    
Unit:                         ug/m3
Matrix:                       
Laboratory code:              US03L
Instrument type:              filterpack
Instrument name:              filterpack_US0067
Method ref:                   US03L_IMPROVE_Davis
Blank correction:             Blank corrected
Volume std. temperature:      ambient
Volume std. pressure:         ambient
starttime endtime PM10 flag_PM10 PM2.5 flag_PM2.5
  2.25   3.25   9.818 0.000   2.733 0.000
  5.25   6.25  20.463 0.000   2.893 0.000
  8.25   9.25   8.423 0.000   4.931 0.000
 11.25  12.25   7.280 0.000   7.662 0.000
 14.25  15.25  11.380 0.000   4.951 0.000
 17.25  18.25   5.434 0.000   5.292 0.000
 20.25  21.25   4.900 0.000   2.049 0.000
 23.25  24.25   9.790 0.000   6.105 0.000
 26.25  27.25   5.760 0.000   1.556 0.000
 29.25  30.25  14.934 0.000  12.066 0.000
 32.25  33.25   7.294 0.000   1.583 0.000
 35.25  36.25   5.281 0.000   1.613 0.000
 38.25  39.25  23.019 0.000   4.559 0.000
 41.25  42.25   9.992 0.000   8.084 0.000
 44.25  45.25   5.786 0.000   1.399 0.000
 47.25  48.25  14.419 0.000   4.408 0.000
 50.25  51.25  13.885 0.000   5.394 0.000
 53.25  54.25  16.247 0.000   4.736 0.000
 56.25  57.25  14.631 0.000   8.857 0.000
 59.25  60.25  13.006 0.000   2.058 0.000
 62.25  63.25  26.326 0.000  12.079 0.000
 65.25  66.25  16.576 0.000   7.466 0.000
 68.25  69.25   7.110 0.000   2.389 0.000
 71.25  72.25  17.249 0.000  10.507 0.000
 74.25  75.25  19.303 0.000   7.027 0.000
 77.25  78.25  20.213 0.000   7.810 0.000
 80.25  81.25  26.417 0.000   5.824 0.000
 83.25  84.25  26.835 0.000  15.277 0.000
 86.25  87.25   7.864 0.000   6.270 0.000
 89.25  90.25  14.652 0.000   5.341 0.000
 92.25  93.25  41.018 0.000   8.321 0.000
 95.25  96.25  29.666 0.000   5.719 0.000
 98.25  99.25  57.909 0.000  19.352 0.000
101.25 102.25  17.816 0.000   4.190 0.000
104.25 105.25  63.338 0.000   8.634 0.000
107.25 108.25  55.231 0.000  28.297 0.000
110.25 111.25  83.215 0.000  11.804 0.000
113.25 114.25  20.401 0.000   6.008 0.000
116.25 117.25   5.724 0.000   2.345 0.000
119.25 120.25  12.735 0.000   2.431 0.000
122.25 123.25   8.555 0.000   2.885 0.000
125.25 126.25  28.700 0.000   6.939 0.000
128.25 129.25  31.013 0.000  11.846 0.000
131.25 132.25  12.041 0.000   2.173 0.000
134.25 135.25   5.627 0.000   1.284 0.000
137.25 138.25  22.949 0.000   7.646 0.000
140.25 141.25   7.819 0.000   1.806 0.000
143.25 144.25  38.798 0.000  10.303 0.000
146.25 147.25  29.567 0.000   8.752 0.000
149.25 150.25  41.567 0.000  18.068 0.000
152.25 153.25  25.333 0.000   6.393 0.000
155.25 156.25  15.957 0.000   4.900 0.000
158.25 159.25  42.260 0.000  15.845 0.000
161.25 162.25  21.552 0.000   8.372 0.000
164.25 165.25 999.999 0.456  11.114 0.000
167.25 168.25 999.999 0.456  12.260 0.000
170.25 171.25 999.999 0.456   7.239 0.000
173.25 174.25  26.453 0.000   6.684 0.000
176.25 177.25  26.442 0.000   8.000 0.000
179.25 180.25  19.336 0.000   5.709 0.000
182.25 183.25  32.830 0.000  13.720 0.000
185.25 186.25  20.845 0.000   9.447 0.000
188.25 189.25  18.683 0.000   6.255 0.000
191.25 192.25  14.431 0.000   5.417 0.000
194.25 195.25  19.492 0.000   5.245 0.000
197.25 198.25  20.453 0.000  10.646 0.000
200.25 201.25  23.705 0.000   8.956 0.000
203.25 204.25  17.419 0.000   7.999 0.000
206.25 207.25  18.940 0.000   7.289 0.000
209.25 210.25  22.827 0.000   7.801 0.000
212.25 213.25  13.632 0.000   4.070 0.000
215.25 216.25  14.766 0.000   7.053 0.000
218.25 219.25 999.999 0.999 999.999 0.999
221.25 222.25 999.999 0.999 999.999 0.999
224.25 225.25 999.999 0.999 999.999 0.999
227.25 228.25  16.085 0.000   6.899 0.000
230.25 231.25  22.844 0.000   9.450 0.000
233.25 234.25  17.588 0.000   8.444 0.000
236.25 237.25  29.449 0.000   9.761 0.000
239.25 240.25  21.239 0.000   9.028 0.000
242.25 243.25  31.376 0.000  10.223 0.000
245.25 246.25  21.331 0.000   7.825 0.000
248.25 249.25  13.664 0.000   4.580 0.000
251.25 252.25  23.197 0.000   4.858 0.000
254.25 255.25  25.137 0.000   6.604 0.000
257.25 258.25  12.401 0.000   4.449 0.000
260.25 261.25  10.415 0.000   3.820 0.000
263.25 264.25  17.067 0.000   3.269 0.000
266.25 267.25   9.507 0.000   5.080 0.000
269.25 270.25  23.562 0.000   6.628 0.000
272.25 273.25  28.983 0.000   5.653 0.000
275.25 276.25  25.513 0.000   7.728 0.000
278.25 279.25  20.113 0.000   7.091 0.000
281.25 282.25   1.660 0.000   1.618 0.000
284.25 285.25  10.334 0.000   3.574 0.000
287.25 288.25  13.177 0.000   4.193 0.000
290.25 291.25  10.589 0.000   2.963 0.000
293.25 294.25  19.667 0.000   4.792 0.000
296.25 297.25  19.817 0.000   4.737 0.000
299.25 300.25   5.512 0.000   2.299 0.000
302.25 303.25   8.297 0.000   3.327 0.000
305.25 306.25  11.335 0.000   3.649 0.000
308.25 309.25  19.528 0.000   3.925 0.000
311.25 312.25   2.264 0.000   1.572 0.000
314.25 315.25   8.622 0.000   2.537 0.000
317.25 318.25  10.087 0.000   1.906 0.000
320.25 321.25  10.126 0.000   2.156 0.000
323.25 324.25  11.153 0.000   5.614 0.000
326.25 327.25   5.714 0.000   2.761 0.000
329.25 330.25  15.900 0.000   2.159 0.000
332.25 333.25   8.004 0.000   1.954 0.000
335.25 336.25  15.680 0.000   4.089 0.000
338.25 339.25   8.809 0.000   3.790 0.000
341.25 342.25  11.096 0.000   5.553 0.000
344.25 345.25  13.877 0.000  11.687 0.000
347.25 348.25   5.941 0.000   4.462 0.000
350.25 351.25   8.395 0.000   7.278 0.000
353.25 354.25   3.015 0.000   2.148 0.000
356.25 357.25   5.492 0.000   3.355 0.000
359.25 360.25   8.232 0.000   6.836 0.000
362.25 363.25   5.227 0.000   1.782 0.000
