scripts/IMPROVE-2019_partial/data/US0064R.19900103080000.20191216000000.filterpack...1y.3d.US03L_filterpack_US0064.US03L_IMPROVE_Davis.lev2.nas
52 1001
MISSING INFORMATION
US03L, IMPROVE, , , , , , , 
MISSING INFORMATION
IMPROVE sel_HTAP
1 1
1990 01 01 2019 12 16
0
days from file reference point
5
1 1 1 1 1
999.999999 999.999 9.999 999.999 9.999999
end_time of measurement, days from the file reference point
pm10_mass, ug/m3, Matrix=pm10
numflag pm10_mass, no unit, Matrix=pm10
pm25_mass, ug/m3, Matrix=pm25
numflag pm25_mass, no unit, Matrix=pm25
0
33
Data definition:              EBAS_1.1
Set type code:                TI
Timezone:                     UTC
File name:                    US0064R.19900103080000.20191216000000.filterpack...1y.3d.US03L_filterpack_US0064.US03L_IMPROVE_Davis.lev2.nas
File creation:                20191218115935
Startdate:                    19900103080000
Revision date:                20191216000000
Version:                      2
Version description:          "Data extracted from http://views.cira.colostate.edu/fed/DataWizard 2019-12-16"
Statistics:                   arithmetic mean
Data level:                   2
Period code:                  1y
Resolution code:              3d
Sample duration:              1d
Orig. time res.:              3d
Station code:                 US0064R
Platform code:                US0064S
Station name:                 Jarbidge Wilderness
Station latitude:             41.8926
Station longitude:            -115.4261
Station altitude:             1869.0 m
Regime:                       IMG
Component:                    
Unit:                         ug/m3
Matrix:                       
Laboratory code:              US03L
Instrument type:              filterpack
Instrument name:              filterpack_US0064
Method ref:                   US03L_IMPROVE_Davis
Blank correction:             Blank corrected
Volume std. temperature:      ambient
Volume std. pressure:         ambient
starttime endtime PM10 flag_PM10 PM2.5 flag_PM2.5
  2.333333   3.333333 999.999 0.999   1.310 0.000000
  5.333333   6.333333 999.999 0.999 999.999 0.999000
  9.333333  10.333333 999.999 0.999 999.999 0.999000
 12.333333  13.333333 999.999 0.999   2.347 0.000000
 16.333333  17.333333 999.999 0.999   2.296 0.000000
 19.333333  20.333333 999.999 0.999   1.062 0.000000
 23.333333  24.333333 999.999 0.999 999.999 0.259000
 26.333333  27.333333 999.999 0.999   0.814 0.000000
 30.333333  31.333333 999.999 0.999   1.133 0.000000
 33.333333  34.333333 999.999 0.999 999.999 0.999000
 37.333333  38.333333   1.682 0.000   1.209 0.000000
 40.333333  41.333333   1.483 0.000   0.877 0.000000
 44.333333  45.333333   4.260 0.000   2.303 0.000000
 47.333333  48.333333   4.215 0.000   1.009 0.000000
 51.333333  52.333333 999.999 0.259   1.597 0.000000
 54.333333  55.333333   3.080 0.000   1.250 0.000000
 58.333333  59.333333   2.262 0.000   1.494 0.000000
 61.333333  62.333333   0.995 0.000   0.570 0.000000
 65.333333  66.333333   1.574 0.000   0.894 0.000000
 68.333333  69.333333 999.999 0.999   3.831 0.000000
 72.333333  73.333333   2.785 0.000   1.094 0.000000
 75.333333  76.333333 999.999 0.999   2.233 0.000000
 79.333333  80.333333 999.999 0.999 999.999 0.999000
 82.333333  83.333333 999.999 0.999 999.999 0.999000
 86.333333  87.333333 999.999 0.999 999.999 0.999000
 89.333333  90.333333 999.999 0.999 999.999 0.999000
 93.333333  94.333333  13.868 0.000   6.235 0.000000
 96.333333  97.333333   6.667 0.000   4.167 0.000000
100.333333 101.333333   3.939 0.000   2.804 0.000000
103.333333 104.333333   7.576 0.000   3.354 0.000000
107.333333 108.333333   3.779 0.000   1.833 0.000000
110.333333 111.333333   4.516 0.000   2.797 0.000000
114.333333 115.333333 999.999 0.999 999.999 0.999000
117.333333 118.333333 999.999 0.999 999.999 0.999000
121.333333 122.333333   2.047 0.000   1.743 0.000000
124.333333 125.333333   4.672 0.000   3.289 0.000000
128.333333 129.333333 999.999 0.999 999.999 0.999000
131.333333 132.333333   7.080 0.000   4.587 0.000000
135.333333 136.333333 999.999 0.999 999.999 0.999000
138.333333 139.333333   6.979 0.000   4.353 0.000000
142.333333 143.333333   6.886 0.000   3.323 0.000000
145.333333 146.333333 999.999 0.999   3.482 0.000000
149.333333 150.333333 999.999 0.999   2.599 0.000000
152.333333 153.333333   9.627 0.000   1.376 0.000000
156.333333 157.333333   6.944 0.000   3.056 0.000000
159.333333 160.333333   5.556 0.000   3.447 0.000000
163.333333 164.333333 999.999 0.999 999.999 0.999000
166.333333 167.333333 999.999 0.999 999.999 0.999000
170.333333 171.333333 999.999 0.999 999.999 0.999000
173.333333 174.333333 999.999 0.999 999.999 0.999000
177.333333 178.333333   6.398 0.000   2.875 0.000000
180.333333 181.333333   9.219 0.000   5.697 0.000000
184.333333 185.333333  13.270 0.000  11.104 0.000000
187.333333 188.333333  45.779 0.000   6.442 0.000000
191.333333 192.333333 999.999 0.999   8.614 0.000000
194.333333 195.333333  18.213 0.000   7.741 0.000000
198.333333 199.333333   9.310 0.000   8.882 0.000000
201.333333 202.333333  11.412 0.000   5.438 0.000000
205.333333 206.333333  20.630 0.000 999.999 0.999000
208.333333 209.333333  11.457 0.000   8.207 0.000000
212.333333 213.333333 999.999 0.999  18.090 0.000000
215.333333 216.333333   9.326 0.000   4.985 0.000000
219.333333 220.333333  13.435 0.000  11.166 0.000000
222.333333 223.333333  17.595 0.000  13.407 0.000000
226.333333 227.333333  18.932 0.000  12.078 0.000000
229.333333 230.333333  14.377 0.000   5.309 0.000000
233.333333 234.333333   4.377 0.000 999.999 0.999000
236.333333 237.333333   9.540 0.000   4.938 0.000000
240.333333 241.333333 999.999 0.999 999.999 0.999000
243.333333 244.333333  14.963 0.000   6.000 0.559000
247.333333 248.333333 999.999 0.999 999.999 0.999000
250.333333 251.333333   4.513 0.000   3.505 0.559000
254.333333 255.333333  10.809 0.000   5.604 0.559000
257.333333 258.333333  17.390 0.000 999.999 0.559259
261.333333 262.333333  10.075 0.000   5.354 0.559000
264.333333 265.333333   8.456 0.000   4.087 0.559000
268.333333 269.333333 999.999 0.999 999.999 0.999000
271.333333 272.333333  24.113 0.000   6.562 0.559000
275.333333 276.333333 999.999 0.999 999.999 0.999000
278.333333 279.333333   5.647 0.000   2.681 0.559000
282.333333 283.333333 999.999 0.999 999.999 0.999000
285.333333 286.333333 999.999 0.999 999.999 0.999000
289.333333 290.333333 999.999 0.999 999.999 0.999000
292.333333 293.333333 999.999 0.999 999.999 0.999000
296.333333 297.333333   2.205 0.000   1.594 0.559000
299.333333 300.333333  14.981 0.000   1.906 0.559000
303.333333 304.333333   7.733 0.000 999.999 0.559259
306.333333 307.333333   2.713 0.000   2.179 0.559000
310.333333 311.333333 999.999 0.999   3.628 0.559000
313.333333 314.333333   2.097 0.000   0.852 0.559000
317.333333 318.333333  17.711 0.000   5.449 0.559000
320.333333 321.333333   7.589 0.000   3.910 0.559000
324.333333 325.333333   4.339 0.000   1.656 0.559000
327.333333 328.333333 999.999 0.999   3.268 0.559000
331.333333 332.333333 999.999 0.999   2.050 0.559000
334.333333 335.333333   5.312 0.000   1.447 0.559000
338.333333 339.333333 999.999 0.999 999.999 0.999000
341.333333 342.333333 999.999 0.999 999.999 0.999000
345.333333 346.333333 999.999 0.999 999.999 0.999000
348.333333 349.333333 999.999 0.999 999.999 0.999000
352.333333 353.333333 999.999 0.999 999.999 0.999000
355.333333 356.333333 999.999 0.999 999.999 0.999000
359.333333 360.333333 999.999 0.999   1.672 0.559000
362.333333 363.333333   3.904 0.000   2.114 0.559000
