scripts/IMPROVE-2019_partial/data/US0032R.19970101100000.20191216000000.filterpack.pm25_mass.pm25.1y.3d.US03L_filterpack_US0032.US03L_IMPROVE_Davis.lev2.nas
50 1001
MISSING INFORMATION
US03L, IMPROVE, , , , , , , 
MISSING INFORMATION
IMPROVE sel_HTAP
1 1
1997 01 01 2019 12 16
0
days from file reference point
3
1 1 1
999.999999 999.999 9.999
end_time of measurement, days from the file reference point
pm25_mass, ug/m3
numflag pm25_mass, no unit
0
33
Data definition:              EBAS_1.1
Set type code:                TI
Timezone:                     UTC
File name:                    US0032R.19970101100000.20191216000000.filterpack.pm25_mass.pm25.1y.3d.US03L_filterpack_US0032.US03L_IMPROVE_Davis.lev2.nas
File creation:                20191218115735
Startdate:                    19970101100000
Revision date:                20191216000000
Version:                      2
Version description:          "Data extracted from http://views.cira.colostate.edu/fed/DataWizard 2019-12-16"
Statistics:                   arithmetic mean
Data level:                   2
Period code:                  1y
Resolution code:              3d
Sample duration:              1d
Orig. time res.:              3d
Station code:                 US0032R
Platform code:                US0032S
Station name:                 Haleakala NP
Station latitude:             20.8086
Station longitude:            -156.2823
Station altitude:             1153.0 m
Regime:                       IMG
Component:                    pm25_mass
Unit:                         ug/m3
Matrix:                       pm25
Laboratory code:              US03L
Instrument type:              filterpack
Instrument name:              filterpack_US0032
Method ref:                   US03L_IMPROVE_Davis
Blank correction:             Blank corrected
Volume std. temperature:      ambient
Volume std. pressure:         ambient
starttime endtime PM2.5 flag_PM2.5
  0.416667   1.416667 999.999 0.999
  3.416667   4.416667   0.650 0.000
  7.416667   8.416667   4.679 0.000
 10.416667  11.416667   4.083 0.000
 14.416667  15.416667   1.553 0.000
 17.416667  18.416667   4.425 0.000
 21.416667  22.416667   2.671 0.000
 24.416667  25.416667   5.186 0.000
 28.416667  29.416667   2.373 0.000
 31.416667  32.416667   2.795 0.000
 35.416667  36.416667   2.461 0.000
 38.416667  39.416667   3.458 0.000
 42.416667  43.416667 999.999 0.999
 45.416667  46.416667   1.751 0.000
 49.416667  50.416667 999.999 0.999
 52.416667  53.416667   2.345 0.000
 56.416667  57.416667   2.178 0.000
 59.416667  60.416667   4.031 0.000
 63.416667  64.416667   0.680 0.000
 66.416667  67.416667   4.530 0.000
 70.416667  71.416667 999.999 0.999
 73.416667  74.416667 999.999 0.999
 77.416667  78.416667 999.999 0.999
 80.416667  81.416667 999.999 0.999
 84.416667  85.416667   0.967 0.000
 87.416667  88.416667   1.934 0.000
 91.416667  92.416667   4.796 0.000
 94.416667  95.416667   2.520 0.000
 98.416667  99.416667   3.194 0.000
101.416667 102.416667   4.231 0.000
105.416667 106.416667   6.680 0.000
108.416667 109.416667   5.591 0.000
112.416667 113.416667  10.858 0.000
115.416667 116.416667   0.759 0.000
119.416667 120.416667   4.973 0.000
122.416667 123.416667   1.143 0.000
126.416667 127.416667   3.178 0.000
129.416667 130.416667   3.678 0.000
133.416667 134.416667 999.999 0.999
136.416667 137.416667   3.633 0.000
140.416667 141.416667   5.048 0.000
143.416667 144.416667   1.918 0.000
147.416667 148.416667   2.673 0.000
150.416667 151.416667   1.976 0.000
154.416667 155.416667   4.960 0.000
157.416667 158.416667   0.586 0.000
161.416667 162.416667   1.913 0.000
164.416667 165.416667   2.472 0.000
168.416667 169.416667 999.999 0.999
171.416667 172.416667   1.030 0.000
175.416667 176.416667   1.530 0.000
178.416667 179.416667   2.531 0.000
182.416667 183.416667   0.674 0.000
185.416667 186.416667   1.319 0.000
189.416667 190.416667   1.109 0.000
192.416667 193.416667   2.442 0.000
196.416667 197.416667   5.356 0.000
199.416667 200.416667   1.677 0.000
203.416667 204.416667   4.014 0.000
206.416667 207.416667   1.582 0.000
210.416667 211.416667   3.254 0.000
213.416667 214.416667   6.019 0.000
217.416667 218.416667   6.160 0.000
220.416667 221.416667   4.260 0.000
224.416667 225.416667   5.259 0.000
227.416667 228.416667   2.760 0.000
231.416667 232.416667   3.328 0.000
234.416667 235.416667   1.620 0.000
238.416667 239.416667   3.706 0.000
241.416667 242.416667   2.860 0.000
245.416667 246.416667   3.766 0.000
248.416667 249.416667   1.897 0.000
252.416667 253.416667   2.344 0.000
255.416667 256.416667   2.813 0.000
259.416667 260.416667   4.078 0.000
262.416667 263.416667   1.929 0.000
266.416667 267.416667   3.122 0.000
269.416667 270.416667   8.078 0.000
273.416667 274.416667   1.576 0.000
276.416667 277.416667   3.385 0.000
280.416667 281.416667 999.999 0.999
283.416667 284.416667  10.223 0.000
287.416667 288.416667   1.707 0.000
290.416667 291.416667   0.824 0.000
294.416667 295.416667   1.913 0.000
297.416667 298.416667   2.714 0.000
301.416667 302.416667   3.973 0.000
304.416667 305.416667   1.342 0.000
308.416667 309.416667   3.877 0.000
311.416667 312.416667   4.293 0.000
315.416667 316.416667 999.999 0.999
318.416667 319.416667   6.678 0.000
322.416667 323.416667   1.537 0.000
325.416667 326.416667   1.068 0.000
329.416667 330.416667   1.182 0.000
332.416667 333.416667   0.650 0.000
336.416667 337.416667   1.525 0.000
339.416667 340.416667   1.692 0.000
343.416667 344.416667   1.662 0.000
346.416667 347.416667   3.577 0.000
350.416667 351.416667   1.603 0.000
353.416667 354.416667   4.274 0.000
357.416667 358.416667   1.862 0.000
360.416667 361.416667   2.985 0.000
364.416667 365.416667   0.502 0.000
