scripts/IMPROVE-2019_partial/data/US0058R.20030103060000.20191216000000.filterpack..pm25.1y.1w.US03L_filterpack_US0058.US03L_IMPROVE_Davis.lev2.nas
64 1001
MISSING INFORMATION
US03L, IMPROVE, , , , , , , 
MISSING INFORMATION
IMPROVE sel_HTAP
1 1
2003 01 01 2019 12 16
3.00
days from file reference point
25
1 1 1 1 1 1 1 1 1 1 1 1 1 1 1 1 1 1 1 1 1 1 1 1 1
999.99 9999.99 9.999 99.99 9.999999 9.999 9.999999 9.99 9.999999 9.999 9.999 999.999 9.999 999.999 9.999 999.999 9.999 999.999 9.999 999.999 9.999 9.999 9.999 99.999 9.999
end_time of measurement, days from the file reference point
iron, ng/m3, Revision date=20181210133000
numflag iron, no unit, Revision date=20181210133000
lead, ng/m3, Revision date=20181210133000
numflag lead, no unit, Revision date=20181210133000
magnesium, ug/m3, Revision date=20181210133000
numflag magnesium, no unit, Revision date=20181210133000
nickel, ng/m3, Revision date=20181210133000
numflag nickel, no unit, Revision date=20181210133000
nitrate, ug N/m3, Revision date=20181210133000
numflag nitrate, no unit, Revision date=20181210133000
organic_carbon, ug C/m3, Revision date=20181210133000
numflag organic_carbon, no unit, Revision date=20181210133000
organic_mass, ug/m3, Revision date=20181210133000
numflag organic_mass, no unit, Revision date=20181210133000
pm10_mass, ug/m3, Version=2, Version description=Data extracted from http://views.cira.colostate.edu/fed/DataWizard 2019-12-16, Sample duration=1d, Orig. time res.=3d, Matrix=pm10, Blank correction=Blank corrected, Volume std. temperature=ambient, Volume std. pressure=ambient
numflag pm10_mass, no unit, Version=2, Version description=Data extracted from http://views.cira.colostate.edu/fed/DataWizard 2019-12-16, Sample duration=1d, Orig. time res.=3d, Matrix=pm10, Blank correction=Blank corrected, Volume std. temperature=ambient, Volume std. pressure=ambient
pm10_pm25_mass, ug/m3, Revision date=20181210133000, Matrix=pm10_pm25
numflag pm10_pm25_mass, no unit, Revision date=20181210133000, Matrix=pm10_pm25
pm25_mass, ug/m3, Version=2, Version description=Data extracted from http://views.cira.colostate.edu/fed/DataWizard 2019-12-16, Sample duration=1d, Orig. time res.=3d, Blank correction=Blank corrected, Volume std. temperature=ambient, Volume std. pressure=ambient
numflag pm25_mass, no unit, Version=2, Version description=Data extracted from http://views.cira.colostate.edu/fed/DataWizard 2019-12-16, Sample duration=1d, Orig. time res.=3d, Blank correction=Blank corrected, Volume std. temperature=ambient, Volume std. pressure=ambient
potassium, ug/m3, Revision date=20181210133000
numflag potassium, no unit, Revision date=20181210133000
sulphate_total, ug S/m3, Revision date=20181210133000
numflag sulphate_total, no unit, Revision date=20181210133000
0
25
Data definition:              EBAS_1.1
Set type code:                TU
Timezone:                     UTC
File name:                    US0058R.20030103060000.20191216000000.filterpack..pm25.1y.1w.US03L_filterpack_US0058.US03L_IMPROVE_Davis.lev2.nas
File creation:                20191218115903
Startdate:                    20030103060000
Revision date:                20191216000000
Statistics:                   arithmetic mean
Data level:                   2
Period code:                  1y
Resolution code:              1w
Station code:                 US0058R
Platform code:                US0058S
Station name:                 Lostwood
Station latitude:             48.6419
Station longitude:            -102.4022
Station altitude:             696.0 m
Regime:                       IMG
Component:                    
Matrix:                       pm25
Laboratory code:              US03L
Instrument type:              filterpack
Instrument name:              filterpack_US0058
Method ref:                   US03L_IMPROVE_Davis
starttime endtime Fe flag_Fe Pb flag_Pb Mg++ flag_Mg++ Ni flag_Ni NO3- flag_NO3- OC flag_OC OM flag_OM PM10 flag_PM10 PM10-PM2.5 flag_PM10-PM2.5 PM2.5 flag_PM2.5 K+ flag_K+ SO4-- flag_SO4--
  2.25   3.25    7.72 0.000  0.91 0.000000 0.011 0.000000 9.99 0.259000 0.021 0.000   0.221 0.000   0.309 0.000   3.205 0.000   2.657 0.000   0.548 0.000 0.007 0.000  0.043 0.000
  5.25   6.25    3.32 0.000  0.34 0.000000 9.999 0.259000 0.18 0.000000 0.607 0.000   0.356 0.000   0.499 0.000  11.685 0.000   1.407 0.000  10.278 0.000 0.005 0.000  1.563 0.000
  8.25   9.25   25.12 0.000  0.49 0.000000 9.999 0.259000 0.05 0.000000 0.059 0.000   0.314 0.000   0.439 0.000   7.360 0.000   5.661 0.000   1.700 0.000 0.023 0.000  0.127 0.000
 11.25  12.25   21.43 0.000  2.52 0.000000 9.999 0.259000 0.03 0.000000 0.244 0.000   0.407 0.000   0.570 0.000   5.766 0.000   3.139 0.000   2.627 0.000 0.042 0.000  0.138 0.000
 14.25  15.25   15.08 0.000  0.56 0.000000 9.999 0.259000 9.99 0.259000 0.120 0.000   0.312 0.000   0.437 0.000   3.012 0.000   1.292 0.000   1.720 0.000 0.020 0.000  0.170 0.000
 17.25  18.25   14.67 0.000  0.34 0.000000 0.015 0.000000 0.09 0.000000 0.168 0.000   0.694 0.000   0.972 0.000   5.104 0.000   1.841 0.000   3.263 0.000 0.032 0.000  0.336 0.000
 20.25  21.25   15.11 0.000  0.73 0.000000 9.999 0.259000 0.07 0.000000 0.256 0.000   0.542 0.000   0.759 0.000   5.657 0.000   1.966 0.000   3.690 0.000 0.068 0.000  0.321 0.000
 23.25  24.25   32.07 0.000  1.60 0.000000 0.018 0.000000 9.99 0.259000 0.349 0.000   0.753 0.000   1.054 0.000  11.295 0.000   5.915 0.000   5.380 0.000 0.061 0.000  0.512 0.000
 26.25  27.25   21.79 0.000  0.43 0.000000 9.999 0.259000 9.99 0.259000 0.196 0.000   0.548 0.000   0.767 0.000   2.563 0.000   0.290 0.000   2.273 0.000 0.022 0.000  0.205 0.000
 29.25  30.25    7.06 0.000  0.37 0.000000 9.999 0.259000 0.05 0.000000 0.398 0.000   0.581 0.000   0.814 0.000   4.795 0.000   0.558 0.000   4.237 0.000 0.020 0.000  0.347 0.000
 32.25  33.25    9.73 0.000  1.29 0.000000 9.999 0.259000 0.05 0.000000 0.581 0.000   1.315 0.000   1.841 0.000   9.232 0.000   1.461 0.000   7.770 0.000 0.063 0.000  0.849 0.000
 35.25  36.25    4.52 0.000  1.39 0.000000 9.999 0.259000 9.99 0.259000 0.187 0.000   0.709 0.000   0.993 0.000   4.727 0.000   0.843 0.000   3.884 0.000 0.044 0.000  0.503 0.000
 38.25  39.25    6.60 0.000  0.83 0.000000 0.011 0.000000 9.99 0.259000 0.022 0.000   0.250 0.000   0.350 0.000   2.217 0.000   1.153 0.000   1.064 0.000 0.010 0.000  0.168 0.000
 41.25  42.25   16.31 0.000  0.42 0.000000 9.999 0.259000 9.99 0.259000 0.038 0.000   0.461 0.000   0.645 0.000   3.656 0.000   2.070 0.000   1.586 0.000 0.018 0.000  0.177 0.000
 44.25  45.25    8.26 0.000  1.58 0.000000 9.999 0.259000 9.99 0.259000 0.320 0.000   0.515 0.000   0.721 0.000   5.355 0.000   1.374 0.000   3.981 0.000 0.020 0.000  0.468 0.000
 47.25  48.25   20.49 0.000  1.03 0.000000 0.027 0.000000 9.99 0.259000 0.744 0.000   0.913 0.000   1.278 0.000  12.475 0.000   2.790 0.000   9.685 0.000 0.037 0.000  1.060 0.000
 50.25  51.25    8.83 0.000  1.70 0.000000 0.012 0.000000 9.99 0.259000 0.194 0.000   0.451 0.000   0.631 0.000   6.903 0.000   3.563 0.000   3.340 0.000 0.016 0.000  0.404 0.000
 53.25  54.25   12.49 0.000  1.52 0.000000 0.021 0.000000 0.09 0.000000 0.398 0.000   0.978 0.000   1.369 0.000  10.120 0.000   4.506 0.000   5.615 0.000 0.119 0.000  0.489 0.000
 56.25  57.25   15.49 0.000  0.99 0.000000 9.999 0.259000 0.04 0.000000 0.593 0.000   1.183 0.000   1.657 0.000   9.897 0.000   2.769 0.000   7.128 0.000 0.032 0.000  0.523 0.000
 59.25  60.25   17.14 0.000  1.47 0.000000 9.999 0.259000 0.16 0.000000 0.145 0.000   0.677 0.000   0.948 0.000   7.955 0.000   3.739 0.000   4.215 0.000 0.036 0.000  0.619 0.000
 62.25  63.25   16.58 0.000  1.99 0.000000 9.999 0.259000 0.10 0.000000 0.165 0.000   0.666 0.000   0.932 0.000   4.636 0.000   0.817 0.000   3.819 0.000 0.058 0.000  0.415 0.000
 65.25  66.25   31.91 0.000  3.38 0.000000 9.999 0.259000 9.99 0.259000 0.136 0.000   0.948 0.000   1.327 0.000   8.796 0.000   4.136 0.000   4.660 0.000 0.048 0.000  0.520 0.000
 68.25  69.25   21.42 0.000  1.87 0.000000 0.016 0.000000 0.08 0.000000 0.194 0.000   0.840 0.000   1.176 0.000   8.576 0.000   2.572 0.000   6.004 0.000 0.032 0.000  0.709 0.000
 71.25  72.25   19.75 0.000  1.49 0.000000 9.999 0.259000 9.99 0.259000 0.363 0.000   0.624 0.000   0.874 0.000   7.234 0.000   1.642 0.000   5.592 0.000 0.025 0.000  0.817 0.000
 74.25  75.25   10.97 0.000  0.67 0.000000 9.999 0.259000 9.99 0.259000 0.438 0.000   0.594 0.000   0.832 0.000   4.232 0.000   1.511 0.000   2.721 0.000 0.014 0.000  0.206 0.000
 77.25  78.25    4.51 0.000  0.49 0.000000 9.999 0.259000 9.99 0.259000 0.542 0.000   0.734 0.000   1.027 0.000   9.101 0.000   1.416 0.000   7.686 0.000 0.016 0.000  1.036 0.000
 80.25  81.25   12.35 0.000  0.77 0.000000 9.999 0.259000 9.99 0.259000 0.055 0.000   0.380 0.000   0.531 0.000   2.696 0.000   1.591 0.000   1.105 0.000 0.008 0.000  0.078 0.000
 83.25  84.25    9.72 0.000  0.25 0.000000 9.999 0.259000 9.99 0.259000 0.116 0.000   0.304 0.000   0.425 0.000   3.945 0.000   1.858 0.000   2.087 0.000 0.009 0.000  0.311 0.000
 86.25  87.25    7.15 0.000  0.38 0.000000 9.999 0.259000 9.99 0.259000 0.039 0.000   0.247 0.000   0.346 0.000   3.183 0.000   1.203 0.000   1.980 0.000 0.009 0.000  0.317 0.000
 89.25  90.25   19.75 0.000  0.48 0.000000 9.999 0.259000 9.99 0.259000 0.057 0.000   0.315 0.000   0.441 0.000   4.861 0.000   3.015 0.000   1.846 0.000 0.018 0.000  0.182 0.000
 92.25  93.25   21.83 0.000  0.91 0.000000 9.999 0.259000 0.07 0.000000 0.069 0.000   0.398 0.000   0.557 0.000   1.830 0.000 999.999 0.259   2.525 0.000 0.023 0.000  0.327 0.000
 95.25  96.25   16.88 0.000  2.25 0.000000 9.999 0.259000 9.99 0.259000 0.747 0.000   0.605 0.000   0.847 0.000  10.582 0.000   4.310 0.000   6.272 0.000 0.023 0.000  0.497 0.000
 98.25  99.25   29.80 0.000  0.28 0.000000 9.999 0.259000 9.99 0.259000 0.011 0.000   0.385 0.000   0.539 0.000   5.117 0.000   3.970 0.000   1.147 0.000 0.016 0.000  0.108 0.000
101.25 102.25   85.95 0.559  0.94 0.559000 9.999 0.559259 9.99 0.559259 0.300 0.000   1.578 0.000   2.209 0.000  23.448 0.000  17.171 0.000   6.277 0.559 0.100 0.559  0.383 0.000
104.25 105.25   29.14 0.000  0.43 0.000000 9.999 0.259000 9.99 0.259000 0.074 0.000   0.605 0.000   0.847 0.000   9.384 0.000   6.220 0.000   3.164 0.000 0.026 0.000  0.417 0.000
107.25 108.25    8.95 0.000  0.95 0.000000 9.999 0.259000 9.99 0.259000 0.392 0.000   0.488 0.000   0.683 0.000   6.291 0.000   3.890 0.000   2.401 0.000 0.011 0.000  0.307 0.000
110.25 111.25   39.26 0.559  0.72 0.559000 9.999 0.559259 9.99 0.559259 0.122 0.000   1.059 0.000   1.483 0.000  10.008 0.000   4.581 0.000   5.428 0.559 0.051 0.559  0.614 0.000
113.25 114.25   90.16 0.559  2.08 0.559000 9.999 0.559259 0.03 0.559000 0.687 0.000   2.099 0.000   2.939 0.000  19.567 0.000  10.373 0.000   9.194 0.559 0.119 0.559  0.675 0.000
116.25 117.25    5.01 0.000  0.23 0.000000 9.999 0.259000 9.99 0.259000 0.063 0.000   0.405 0.000   0.567 0.000   2.696 0.000   1.237 0.000   1.459 0.000 0.009 0.000  0.244 0.000
119.25 120.25   47.30 0.000  0.88 0.000000 9.999 0.259000 9.99 0.259000 0.072 0.000   0.864 0.000   1.210 0.000  10.131 0.000   5.908 0.000   4.223 0.000 0.049 0.000  0.404 0.000
122.25 123.25   57.53 0.559  1.17 0.559000 9.999 0.559259 9.99 0.559259 0.225 0.000   0.874 0.000   1.224 0.000  13.194 0.000   8.036 0.000   5.159 0.559 0.059 0.559  0.468 0.000
125.25 126.25   18.84 0.000  1.16 0.000000 9.999 0.259000 9.99 0.259000 0.231 0.000   0.904 0.000   1.266 0.000   6.727 0.000   1.433 0.000   5.294 0.000 0.019 0.000  0.657 0.000
128.25 129.25    8.92 0.000  0.92 0.000000 9.999 0.259000 9.99 0.259000 0.189 0.000   0.663 0.000   0.929 0.000   4.767 0.000   1.705 0.000   3.062 0.000 0.013 0.000  0.392 0.000
131.25 132.25   26.20 0.559  0.85 0.559000 9.999 0.559259 9.99 0.559259 0.050 0.000   1.165 0.000   1.631 0.000   7.479 0.000   2.618 0.000   4.861 0.559 0.035 0.559  0.433 0.000
134.25 135.25   25.63 0.000  0.92 0.000000 9.999 0.259000 0.05 0.000000 0.209 0.000   1.240 0.000   1.736 0.000  12.337 0.000   6.222 0.000   6.115 0.000 0.025 0.000  0.651 0.000
137.25 138.25   34.61 0.559  0.60 0.559000 9.999 0.559259 9.99 0.559259 0.044 0.000   1.367 0.000   1.913 0.000  14.216 0.000   9.871 0.000   4.344 0.559 0.041 0.559  0.263 0.000
140.25 141.25   37.66 0.000  0.47 0.000000 9.999 0.259000 0.04 0.000000 0.017 0.000   1.003 0.000   1.405 0.000  10.599 0.000   7.127 0.000   3.472 0.000 0.027 0.000  0.179 0.000
143.25 144.25   27.93 0.000  0.98 0.000000 9.999 0.259000 9.99 0.259000 0.162 0.000   1.376 0.000   1.926 0.000  13.562 0.000   8.378 0.000   5.184 0.000 0.034 0.000  0.403 0.000
146.25 147.25   42.51 0.000  0.62 0.000000 9.999 0.259000 9.99 0.259000 0.048 0.000   2.021 0.000   2.829 0.000  14.486 0.000   8.518 0.000   5.968 0.000 0.032 0.000  0.487 0.000
149.25 150.25   42.69 0.000  0.33 0.000000 9.999 0.259000 9.99 0.259000 0.032 0.000   1.209 0.000   1.693 0.000  21.160 0.000  17.302 0.000   3.858 0.000 0.038 0.000  0.152 0.000
152.25 153.25   40.66 0.699  1.26 0.699000 9.999 0.699259 9.99 0.699259 0.276 0.000   2.346 0.000   3.284 0.000  16.340 0.000   6.029 0.000  10.311 0.699 0.046 0.699  0.863 0.000
155.25 156.25   17.50 0.000  0.57 0.000000 9.999 0.259000 9.99 0.259000 0.165 0.000   1.141 0.000   1.597 0.000  10.315 0.000   6.051 0.000   4.264 0.000 0.027 0.000  0.290 0.000
158.25 159.25    8.23 0.559 99.99 0.559259 9.999 0.559259 9.99 0.559259 0.128 0.000   1.305 0.000   1.827 0.000   6.579 0.000   2.438 0.000   4.141 0.559 0.021 0.559  0.280 0.000
161.25 162.25    8.46 0.000  0.83 0.000000 9.999 0.259000 9.99 0.259000 0.086 0.000   0.564 0.000   0.789 0.000   6.538 0.000   3.851 0.000   2.687 0.000 0.009 0.000  0.297 0.000
164.25 165.25   23.44 0.559  0.66 0.559000 9.999 0.559259 9.99 0.559259 0.056 0.000   0.841 0.000   1.177 0.000  11.127 0.000   6.661 0.000   4.467 0.559 0.016 0.559  0.451 0.000
167.25 168.25   30.27 0.000  0.69 0.000000 9.999 0.259000 9.99 0.259000 0.039 0.000   1.156 0.000   1.618 0.000  13.341 0.000   8.826 0.000   4.516 0.000 0.028 0.000  0.315 0.000
170.25 171.25   70.40 0.699  0.90 0.699000 9.999 0.699259 9.99 0.699259 0.050 0.000   1.981 0.000   2.773 0.000  27.818 0.000  18.706 0.000   9.113 0.699 0.048 0.699  0.838 0.000
173.25 174.25   12.09 0.000  0.26 0.000000 9.999 0.259000 0.06 0.000000 0.014 0.000   0.442 0.000   0.619 0.000   4.955 0.000   3.257 0.000   1.698 0.000 0.009 0.000  0.128 0.000
176.25 177.25   19.28 0.000  0.52 0.000000 0.017 0.000000 9.99 0.259000 0.016 0.000   0.929 0.000   1.300 0.000  11.980 0.000   8.432 0.000   3.548 0.000 0.018 0.000  0.227 0.000
179.25 180.25   22.10 0.000  0.50 0.000000 9.999 0.259000 9.99 0.259000 0.011 0.000   0.911 0.000   1.276 0.000  10.721 0.000   6.529 0.000   4.192 0.000 0.015 0.000  0.390 0.000
182.25 183.25   50.27 0.559  0.59 0.559000 9.999 0.559259 9.99 0.559259 0.023 0.000   2.068 0.000   2.896 0.000  13.485 0.000   7.228 0.000   6.257 0.559 0.047 0.559  0.254 0.000
185.25 186.25   35.43 0.000  0.66 0.000000 9.999 0.259000 9.99 0.259000 0.024 0.000   1.030 0.000   1.442 0.000  13.485 0.000   9.055 0.000   4.431 0.000 0.033 0.000  0.203 0.000
188.25 189.25   20.65 0.000  0.64 0.000000 9.999 0.259000 9.99 0.259000 0.017 0.000   0.530 0.000   0.742 0.000   9.205 0.000   7.044 0.000   2.162 0.000 0.014 0.000  0.063 0.000
191.25 192.25   13.03 0.000  0.55 0.000000 9.999 0.259000 9.99 0.259000 0.012 0.000   1.005 0.000   1.407 0.000   7.513 0.000   4.184 0.000   3.329 0.000 0.013 0.000  0.149 0.000
194.25 195.25   19.20 0.000  0.44 0.000000 9.999 0.259000 0.05 0.000000 0.014 0.000   1.664 0.000   2.330 0.000  11.486 0.000   7.051 0.000   4.435 0.000 0.029 0.000  0.171 0.000
197.25 198.25   26.79 0.000  0.85 0.000000 0.049 0.000000 9.99 0.259000 0.032 0.000   1.404 0.000   1.965 0.000  11.574 0.000   7.099 0.000   4.475 0.000 0.026 0.000  0.302 0.000
200.25 201.25   21.97 0.559  0.49 0.559000 9.999 0.559259 9.99 0.559259 0.017 0.000   1.321 0.000   1.849 0.000   9.909 0.000   5.795 0.000   4.114 0.559 0.019 0.559  0.171 0.000
203.25 204.25   63.96 0.000  0.38 0.000000 9.999 0.259000 9.99 0.259000 0.020 0.000   1.557 0.000   2.180 0.000  21.076 0.000  16.011 0.000   5.064 0.000 0.028 0.000  0.221 0.000
206.25 207.25   29.89 0.000  0.22 0.000000 9.999 0.259000 0.04 0.000000 0.025 0.000   1.909 0.000   2.672 0.000  12.880 0.000   6.941 0.000   5.939 0.000 0.034 0.000  0.299 0.000
209.25 210.25   39.12 0.000  0.50 0.000000 9.999 0.259000 9.99 0.259000 0.020 0.000   2.603 0.000   3.644 0.000  15.790 0.000   8.679 0.000   7.110 0.000 0.035 0.000  0.259 0.000
212.25 213.25   33.93 0.559  0.19 0.559000 9.999 0.559259 9.99 0.559259 0.017 0.000   1.837 0.000   2.572 0.000  13.158 0.000   8.198 0.000   4.960 0.559 0.025 0.559  0.149 0.000
215.25 216.25   27.19 0.559  0.44 0.559000 9.999 0.559259 9.99 0.559259 0.071 0.000   1.739 0.000   2.435 0.000  11.683 0.000   4.471 0.000   7.212 0.559 0.023 0.559  0.490 0.000
218.25 219.25   20.93 0.000  0.71 0.000000 9.999 0.259000 0.05 0.000000 0.027 0.000   2.754 0.000   3.855 0.000  13.929 0.000   6.254 0.000   7.675 0.000 0.036 0.000  0.394 0.000
221.25 222.25   17.58 0.000  0.62 0.000000 9.999 0.259000 9.99 0.259000 0.071 0.000   1.881 0.000   2.633 0.000  12.524 0.000   6.899 0.000   5.625 0.000 0.027 0.000  0.417 0.000
224.25 225.25  105.35 0.559  0.64 0.559000 9.999 0.559259 9.99 0.559259 0.025 0.000   1.595 0.000   2.232 0.000  29.797 0.000  21.309 0.000   8.488 0.559 0.048 0.559  0.646 0.000
227.25 228.25  101.10 0.699  0.83 0.699000 9.999 0.699259 0.03 0.699000 0.029 0.000   4.688 0.000   6.563 0.000  38.679 0.000  24.485 0.000  14.194 0.699 0.097 0.699  0.645 0.000
230.25 231.25  173.02 0.000  0.56 0.000000 9.999 0.259000 0.06 0.000000 0.034 0.000   3.156 0.000   4.419 0.000  31.253 0.000  20.234 0.000  11.018 0.000 0.080 0.000  0.400 0.000
233.25 234.25  112.84 0.559  0.22 0.559000 9.999 0.559259 9.99 0.559259 0.019 0.000   2.062 0.000   2.887 0.000  27.778 0.000  20.224 0.000   7.554 0.559 0.054 0.559  0.228 0.000
236.25 237.25 9999.99 0.699 99.99 0.699000 9.999 0.699000 9.99 0.699000 0.042 0.000   6.112 0.000   8.556 0.000  32.123 0.000 999.999 0.999 999.999 0.699 9.999 0.699  0.367 0.000
239.25 240.25   81.15 0.000  0.52 0.000000 9.999 0.259000 0.06 0.000000 0.084 0.000   1.745 0.000   2.443 0.000  20.184 0.000  12.903 0.000   7.281 0.000 0.081 0.000  0.353 0.000
242.25 243.25   36.60 0.000  0.39 0.000000 9.999 0.259000 9.99 0.259000 0.018 0.000   1.196 0.000   1.675 0.000  12.193 0.000   7.056 0.000   5.137 0.000 0.018 0.000  0.390 0.000
245.25 246.25   41.38 0.000  0.26 0.000000 0.020 0.000000 0.10 0.000000 0.017 0.000   0.726 0.000   1.016 0.000  10.982 0.000   7.376 0.000   3.606 0.000 0.017 0.000  0.272 0.000
248.25 249.25 9999.99 0.699 99.99 0.699000 9.999 0.699000 9.99 0.699000 0.071 0.000  12.645 0.000  17.703 0.000  45.759 0.000 999.999 0.999 999.999 0.699 9.999 0.699  0.410 0.000
251.25 252.25   49.95 0.000  0.22 0.000000 9.999 0.259000 9.99 0.259000 0.039 0.000   3.415 0.000   4.781 0.000  19.863 0.000  11.223 0.000   8.639 0.000 0.049 0.000  0.273 0.000
254.25 255.25   15.08 0.000  0.35 0.000000 9.999 0.259000 9.99 0.259000 0.035 0.000   1.039 0.000   1.454 0.000   6.944 0.000   3.900 0.000   3.044 0.000 0.022 0.000  0.127 0.000
257.25 258.25   23.64 0.000  0.72 0.000000 9.999 0.259000 9.99 0.259000 0.041 0.000   0.768 0.000   1.075 0.000   8.934 0.000   5.741 0.000   3.193 0.000 0.044 0.000  0.152 0.000
260.25 261.25    9.81 0.000  0.24 0.000000 9.999 0.259000 0.06 0.000000 0.043 0.000   0.212 0.000   0.297 0.000   3.962 0.000   2.835 0.000   1.128 0.000 0.011 0.000  0.150 0.000
263.25 264.25   11.44 0.000  0.97 0.000000 9.999 0.259000 9.99 0.259000 0.192 0.000   1.149 0.000   1.608 0.000   9.436 0.000   5.414 0.000   4.022 0.000 0.058 0.000  0.328 0.000
266.25 267.25   11.20 0.000  0.09 0.000000 9.999 0.259000 9.99 0.259000 0.017 0.000   0.799 0.000   1.118 0.000   9.967 0.000   7.503 0.000   2.464 0.000 0.011 0.000  0.143 0.000
