scripts/IMPROVE-2019_partial/data/US0071R.20060102080000.20191216000000.filterpack..pm25.52w.1w.US03L_filterpack_US0071.US03L_IMPROVE_Davis.lev2.nas
66 1001
MISSING INFORMATION
US03L, IMPROVE, , , , , , , 
MISSING INFORMATION
IMPROVE sel_HTAP
1 1
2006 01 01 2019 12 16
3.000000
days from file reference point
27
1 1 1 1 1 1 1 1 1 1 1 1 1 1 1 1 1 1 1 1 1 1 1 1 1 1 1
999.999999 9999.99 9.999 999.99 9.999 9.999 9.999999 99.99 9.999999 9.999 9.999 999.999 9.999 999.999 9.999 999.99 9.999999 999.999 9.999 999.999 9.999 999.999 9.999 9.999 9.999 9.999 9.999
end_time of measurement, days from the file reference point
iron, ng/m3, Revision date=20181210133000
numflag iron, no unit, Revision date=20181210133000
lead, ng/m3, Revision date=20181210133000
numflag lead, no unit, Revision date=20181210133000
magnesium, ug/m3, Revision date=20181210133000
numflag magnesium, no unit, Revision date=20181210133000
nickel, ng/m3, Revision date=20181210133000
numflag nickel, no unit, Revision date=20181210133000
nitrate, ug N/m3, Revision date=20181210133000
numflag nitrate, no unit, Revision date=20181210133000
organic_carbon, ug C/m3, Revision date=20181210133000
numflag organic_carbon, no unit, Revision date=20181210133000
organic_mass, ug/m3, Revision date=20181210133000
numflag organic_mass, no unit, Revision date=20181210133000
phosphorus, ng/m3, Revision date=20181210133000
numflag phosphorus, no unit, Revision date=20181210133000
pm10_mass, ug/m3, Version=2, Version description=Data extracted from http://views.cira.colostate.edu/fed/DataWizard 2019-12-16, Sample duration=1d, Orig. time res.=3d, Matrix=pm10, Blank correction=Blank corrected, Volume std. temperature=ambient, Volume std. pressure=ambient
numflag pm10_mass, no unit, Version=2, Version description=Data extracted from http://views.cira.colostate.edu/fed/DataWizard 2019-12-16, Sample duration=1d, Orig. time res.=3d, Matrix=pm10, Blank correction=Blank corrected, Volume std. temperature=ambient, Volume std. pressure=ambient
pm10_pm25_mass, ug/m3, Revision date=20181210133000, Matrix=pm10_pm25
numflag pm10_pm25_mass, no unit, Revision date=20181210133000, Matrix=pm10_pm25
pm25_mass, ug/m3, Version=2, Version description=Data extracted from http://views.cira.colostate.edu/fed/DataWizard 2019-12-16, Sample duration=1d, Orig. time res.=3d, Blank correction=Blank corrected, Volume std. temperature=ambient, Volume std. pressure=ambient
numflag pm25_mass, no unit, Version=2, Version description=Data extracted from http://views.cira.colostate.edu/fed/DataWizard 2019-12-16, Sample duration=1d, Orig. time res.=3d, Blank correction=Blank corrected, Volume std. temperature=ambient, Volume std. pressure=ambient
potassium, ug/m3, Revision date=20181210133000
numflag potassium, no unit, Revision date=20181210133000
sulphate_total, ug S/m3, Revision date=20181210133000
numflag sulphate_total, no unit, Revision date=20181210133000
0
25
Data definition:              EBAS_1.1
Set type code:                TU
Timezone:                     UTC
File name:                    US0071R.20060102080000.20191216000000.filterpack..pm25.52w.1w.US03L_filterpack_US0071.US03L_IMPROVE_Davis.lev2.nas
File creation:                20191218120015
Startdate:                    20060102080000
Revision date:                20191216000000
Statistics:                   arithmetic mean
Data level:                   2
Period code:                  52w
Resolution code:              1w
Station code:                 US0071R
Platform code:                US0071S
Station name:                 Hells Canyon
Station latitude:             44.9702
Station longitude:            -116.8438
Station altitude:             655.0 m
Regime:                       IMG
Component:                    
Matrix:                       pm25
Laboratory code:              US03L
Instrument type:              filterpack
Instrument name:              filterpack_US0071
Method ref:                   US03L_IMPROVE_Davis
starttime endtime Fe flag_Fe Pb flag_Pb Mg++ flag_Mg++ Ni flag_Ni NO3- flag_NO3- OC flag_OC OM flag_OM P flag_P PM10 flag_PM10 PM10-PM2.5 flag_PM10-PM2.5 PM2.5 flag_PM2.5 K+ flag_K+ SO4-- flag_SO4--
  1.333333   2.333333    9.05 0.000   0.57 0.000 0.012 0.000000 99.99 0.259000 0.016 0.000   0.622 0.000   0.871 0.000 999.99 0.259000   1.048 0.000   0.215 0.000   0.834 0.000 0.005 0.000 0.061 0.000
  4.333333   5.333333    8.97 0.000   0.31 0.000 9.999 0.259000 99.99 0.259000 0.040 0.000   0.721 0.000   1.009 0.000 999.99 0.259000   2.993 0.000   1.034 0.000   1.960 0.000 0.006 0.000 0.078 0.000
  7.333333   8.333333    1.86 0.000   0.34 0.000 9.999 0.259000 99.99 0.259000 0.025 0.000   0.310 0.000   0.434 0.000 999.99 0.259000   0.883 0.000   0.312 0.000   0.571 0.000 0.005 0.000 0.026 0.000
 10.333333  11.333333    6.25 0.000   0.29 0.000 9.999 0.259000 99.99 0.259000 0.012 0.000   0.265 0.000   0.371 0.000 999.99 0.259000   1.219 0.000   0.516 0.000   0.704 0.000 0.006 0.000 0.036 0.000
 13.333333  14.333333    7.30 0.000   0.38 0.000 9.999 0.259000 99.99 0.259000 0.030 0.000   0.399 0.000   0.559 0.000 999.99 0.259000   1.853 0.000   0.825 0.000   1.028 0.000 0.008 0.000 0.036 0.000
 16.333333  17.333333    0.73 0.000   0.37 0.000 0.005 0.000000 99.99 0.259000 0.010 0.000   0.203 0.000   0.284 0.000 999.99 0.259000   0.257 0.000 999.999 0.259   0.389 0.000 0.002 0.000 0.018 0.000
 19.333333  20.333333    1.29 0.000   0.33 0.000 9.999 0.259000 99.99 0.259000 0.063 0.000   0.309 0.000   0.433 0.000 999.99 0.259000   0.632 0.000   0.122 0.000   0.510 0.000 0.002 0.000 0.024 0.000
 22.333333  23.333333    1.89 0.000   0.48 0.000 9.999 0.259000 99.99 0.259000 0.057 0.000   0.420 0.000   0.588 0.000 999.99 0.259000   1.019 0.000   0.418 0.000   0.601 0.000 0.003 0.000 0.034 0.000
 25.333333  26.333333   15.42 0.000   1.35 0.000 0.009 0.000000  0.12 0.000000 0.966 0.000   0.917 0.000   1.284 0.000 999.99 0.259000   8.714 0.000   2.564 0.000   6.150 0.000 0.018 0.000 0.156 0.000
 28.333333  29.333333    1.48 0.000   0.33 0.000 9.999 0.259000 99.99 0.259000 0.063 0.000   0.236 0.000   0.330 0.000 999.99 0.259000   0.925 0.000   0.197 0.000   0.728 0.000 0.002 0.000 0.038 0.000
 31.333333  32.333333    2.21 0.000   0.24 0.000 9.999 0.259000 99.99 0.259000 0.014 0.000   0.255 0.000   0.357 0.000 999.99 0.259000   1.006 0.000   0.178 0.000   0.828 0.000 0.002 0.000 0.017 0.000
 34.333333  35.333333    7.40 0.000   0.67 0.000 9.999 0.259000 99.99 0.259000 0.052 0.000   0.445 0.000   0.623 0.000 999.99 0.259000   2.557 0.000   0.811 0.000   1.746 0.000 0.017 0.000 0.116 0.000
 37.333333  38.333333    9.06 0.000   0.79 0.000 9.999 0.259000 99.99 0.259000 0.128 0.000   0.722 0.000   1.011 0.000 999.99 0.259000   3.325 0.000   1.147 0.000   2.177 0.000 0.012 0.000 0.071 0.000
 40.333333  41.333333   12.72 0.000   0.66 0.000 0.012 0.000000 99.99 0.259000 0.101 0.000   0.733 0.000   1.026 0.000 999.99 0.259000   3.827 0.000   1.296 0.000   2.531 0.000 0.017 0.000 0.110 0.000
 43.333333  44.333333   16.21 0.000   1.00 0.000 0.007 0.000000 99.99 0.259000 0.258 0.000   0.985 0.000   1.378 0.000 999.99 0.259000   5.610 0.000   2.158 0.000   3.453 0.000 0.025 0.000 0.179 0.000
 46.333333  47.333333   10.07 0.000   0.60 0.000 9.999 0.259000 99.99 0.259000 0.049 0.000   0.482 0.000   0.675 0.000 999.99 0.259000   3.137 0.000   1.041 0.000   2.097 0.000 0.012 0.000 0.202 0.000
 49.333333  50.333333   17.45 0.000   0.61 0.000 0.008 0.000000 99.99 0.259000 0.075 0.000   0.750 0.000   1.050 0.000 999.99 0.259000   3.471 0.000   1.047 0.000   2.425 0.000 0.018 0.000 0.177 0.000
 52.333333  53.333333   19.75 0.000   0.80 0.000 9.999 0.259000  0.25 0.000000 0.190 0.000   0.761 0.000   1.066 0.000 999.99 0.259000   4.753 0.000   2.214 0.000   2.539 0.000 0.021 0.000 0.162 0.000
 55.333333  56.333333   20.23 0.000   0.67 0.000 0.010 0.000000 99.99 0.259000 0.016 0.000   0.652 0.000   0.913 0.000 999.99 0.259000   2.772 0.000   1.355 0.000   1.417 0.000 0.015 0.000 0.089 0.000
 58.333333  59.333333   23.39 0.000   0.25 0.000 9.999 0.259000 99.99 0.259000 0.009 0.000   0.455 0.000   0.637 0.000 999.99 0.259000   1.432 0.000   0.492 0.000   0.941 0.000 0.014 0.000 0.030 0.000
 61.333333  62.333333    9.68 0.000   0.86 0.000 9.999 0.259000  0.12 0.000000 0.012 0.000   0.186 0.000   0.260 0.000 999.99 0.259000   1.393 0.000   0.322 0.000   1.071 0.000 0.010 0.000 0.082 0.000
 64.333333  65.333333    9.46 0.000 999.99 0.259 0.012 0.000000 99.99 0.259000 0.026 0.000   0.265 0.000   0.371 0.000 999.99 0.259000   1.483 0.000   0.481 0.000   1.002 0.000 0.007 0.000 0.053 0.000
 67.333333  68.333333    4.26 0.000   0.29 0.000 9.999 0.259000 99.99 0.259000 0.020 0.000 999.999 0.259 999.999 0.259 999.99 0.259000   1.834 0.000   0.904 0.000   0.930 0.000 0.008 0.000 0.076 0.000
 70.333333  71.333333   28.42 0.000   0.96 0.000 0.013 0.000000 99.99 0.259000 0.039 0.000   0.270 0.000   0.378 0.000 999.99 0.259000   3.243 0.000   1.099 0.000   2.144 0.000 0.024 0.000 0.236 0.000
 73.333333  74.333333    6.46 0.000   0.26 0.000 9.999 0.259000 99.99 0.259000 0.010 0.000   0.223 0.000   0.312 0.000 999.99 0.259000   0.988 0.000   0.538 0.000   0.450 0.000 0.005 0.000 0.047 0.000
 76.333333  77.333333    2.78 0.000 999.99 0.259 9.999 0.259000  0.09 0.000000 0.013 0.000   0.147 0.000   0.206 0.000 999.99 0.259000   0.617 0.000   0.200 0.000   0.418 0.000 0.003 0.000 0.049 0.000
 79.333333  80.333333   11.70 0.000   0.63 0.000 9.999 0.259000 99.99 0.259000 0.023 0.000   0.392 0.000   0.549 0.000 999.99 0.259000   2.361 0.000   0.809 0.000   1.552 0.000 0.010 0.000 0.155 0.000
 82.333333  83.333333   89.12 0.000   0.84 0.000 0.024 0.000000 99.99 0.259000 0.048 0.000   0.680 0.000   0.952 0.000 999.99 0.259000   9.761 0.000   6.336 0.000   3.425 0.000 0.051 0.000 0.158 0.000
 85.333333  86.333333   25.67 0.000   0.48 0.000 9.999 0.259000 99.99 0.259000 0.017 0.559   0.344 0.000   0.482 0.000 999.99 0.259000   3.117 0.000   1.526 0.000   1.591 0.000 0.020 0.000 0.108 0.559
 88.333333  89.333333   52.15 0.000   1.90 0.000 0.012 0.000000 99.99 0.259000 0.023 0.000   0.671 0.000   0.940 0.000 999.99 0.259000   5.079 0.000   1.724 0.000   3.355 0.000 0.047 0.000 0.338 0.000
 91.333333  92.333333   25.83 0.000   0.90 0.000 0.015 0.000000 99.99 0.259000 0.012 0.000   0.240 0.000   0.336 0.000 999.99 0.259000   2.180 0.000   0.902 0.000   1.278 0.000 0.020 0.000 0.126 0.000
 94.333333  95.333333    7.91 0.394   0.25 0.394 9.999 0.394259 99.99 0.394259 0.008 0.394   0.307 0.394   0.430 0.394 999.99 0.394259   1.095 0.000   0.692 0.394   0.402 0.000 0.005 0.394 0.019 0.394
 97.333333  98.333333    9.08 0.000   0.35 0.000 9.999 0.259000  0.15 0.000000 0.008 0.000   0.466 0.000   0.652 0.000 999.99 0.259000   1.685 0.000   0.532 0.000   1.153 0.000 0.007 0.000 0.055 0.000
100.333333 101.333333   20.54 0.000   0.63 0.000 9.999 0.259000 99.99 0.259000 0.010 0.000   0.170 0.000   0.238 0.000 999.99 0.259000   2.016 0.000   0.864 0.000   1.153 0.000 0.014 0.000 0.084 0.000
103.333333 104.333333   25.58 0.000   0.54 0.000 0.014 0.000000 99.99 0.259000 0.017 0.000   1.225 0.000   1.715 0.000 999.99 0.259000   3.981 0.000   1.939 0.000   2.042 0.000 0.020 0.000 0.125 0.000
106.333333 107.333333   11.68 0.000   0.42 0.000 9.999 0.259000 99.99 0.259000 0.015 0.000   0.140 0.000   0.196 0.000 999.99 0.259000   1.484 0.000   0.622 0.000   0.862 0.000 0.011 0.000 0.086 0.000
109.333333 110.333333   94.81 0.000   0.86 0.000 0.058 0.000000 99.99 0.259000 0.028 0.559   1.008 0.000   1.411 0.000 999.99 0.259000   7.484 0.000   3.643 0.000   3.841 0.000 0.059 0.000 0.117 0.559
112.333333 113.333333   59.91 0.000   1.16 0.000 0.025 0.000000  0.11 0.000000 0.030 0.559   0.971 0.000   1.359 0.000 999.99 0.259000   7.115 0.000   3.688 0.000   3.426 0.000 0.049 0.000 0.162 0.559
115.333333 116.333333 9999.99 0.999 999.99 0.999 9.999 0.999000 99.99 0.999000 9.999 0.999 999.999 0.999 999.999 0.999 999.99 0.999000 999.999 0.999 999.999 0.999 999.999 0.999 9.999 0.999 9.999 0.999
118.333333 119.333333 9999.99 0.999 999.99 0.999 9.999 0.999000 99.99 0.999000 9.999 0.999 999.999 0.999 999.999 0.999 999.99 0.999000 999.999 0.999 999.999 0.999 999.999 0.999 9.999 0.999 9.999 0.999
121.333333 122.333333 9999.99 0.999 999.99 0.999 9.999 0.999000 99.99 0.999000 9.999 0.999 999.999 0.999 999.999 0.999 999.99 0.999000 999.999 0.999 999.999 0.999 999.999 0.999 9.999 0.999 9.999 0.999
124.333333 125.333333  123.49 0.000   1.80 0.000 0.015 0.000000  0.07 0.000000 0.028 0.000   1.656 0.000   2.319 0.000 999.99 0.259000  11.598 0.000   4.741 0.000   6.857 0.000 0.073 0.000 0.476 0.000
127.333333 128.333333   59.34 0.000   1.09 0.000 9.999 0.259000 99.99 0.259000 0.034 0.000   0.605 0.000   0.846 0.000 999.99 0.259000   6.128 0.000   2.796 0.000   3.332 0.000 0.040 0.000 0.249 0.000
130.333333 131.333333   93.77 0.000   1.23 0.000 9.999 0.259000 99.99 0.259000 0.031 0.559   1.205 0.000   1.686 0.000 999.99 0.259000  11.793 0.000   6.888 0.000   4.905 0.000 0.053 0.000 0.298 0.559
133.333333 134.333333  130.04 0.000   2.39 0.000 0.010 0.000000  0.06 0.000000 0.029 0.559   3.054 0.000   4.275 0.000 999.99 0.259000  13.492 0.000   5.311 0.000   8.181 0.000 0.088 0.000 0.403 0.559
136.333333 137.333333  138.02 0.000   1.04 0.000 9.999 0.259000 99.99 0.259000 0.017 0.000   2.029 0.000   2.841 0.000 999.99 0.259000  15.785 0.000   9.702 0.000   6.083 0.000 0.059 0.000 0.257 0.000
139.333333 140.333333   25.01 0.000   0.45 0.000 9.999 0.259000 99.99 0.259000 0.011 0.559   0.998 0.000   1.397 0.000 999.99 0.259000   3.902 0.000   1.753 0.000   2.149 0.000 0.015 0.000 0.085 0.559
142.333333 143.333333   13.14 0.000   0.60 0.000 9.999 0.259000 99.99 0.259000 0.013 0.559   0.972 0.000   1.360 0.000 999.99 0.259000   3.502 0.000   1.429 0.000   2.073 0.000 0.015 0.000 0.134 0.559
145.333333 146.333333   16.35 0.000   0.27 0.000 9.999 0.259000 99.99 0.259000 0.007 0.000   0.338 0.000   0.473 0.000 999.99 0.259000   2.214 0.000   1.181 0.000   1.033 0.000 0.011 0.000 0.074 0.000
148.333333 149.333333    7.53 0.000   0.38 0.000 9.999 0.259000 99.99 0.259000 0.005 0.000   0.371 0.000   0.520 0.000 999.99 0.259000   1.685 0.000   0.630 0.000   1.055 0.000 0.011 0.000 0.062 0.000
151.333333 152.333333   44.38 0.000   0.48 0.000 0.015 0.000000 99.99 0.259000 0.012 0.559   0.812 0.000   1.136 0.000 999.99 0.259000   7.494 0.000   4.102 0.000   3.391 0.000 0.027 0.000 0.134 0.559
154.333333 155.333333   12.66 0.000   0.27 0.000 9.999 0.259000 99.99 0.259000 0.007 0.559   0.569 0.000   0.797 0.000 999.99 0.259000   3.337 0.000   1.379 0.000   1.959 0.000 0.012 0.000 0.080 0.559
157.333333 158.333333   39.63 0.000   0.62 0.000 0.013 0.000000 99.99 0.259000 0.012 0.559   1.452 0.000   2.033 0.000 999.99 0.259000   9.889 0.000   5.500 0.000   4.388 0.000 0.024 0.000 0.134 0.559
160.333333 161.333333   37.94 0.000   1.55 0.000 9.999 0.259000  0.13 0.000000 0.036 0.559   7.132 0.000   9.984 0.000 999.99 0.259000  16.450 0.000   3.909 0.000  12.541 0.000 0.026 0.000 0.243 0.559
163.333333 164.333333   32.51 0.000   0.51 0.000 0.013 0.000000 99.99 0.259000 0.013 0.559   1.028 0.000   1.439 0.000 999.99 0.259000   7.131 0.000   3.573 0.000   3.558 0.000 0.027 0.000 0.179 0.559
166.333333 167.333333   19.70 0.000   0.50 0.000 9.999 0.259000 99.99 0.259000 0.006 0.559   0.539 0.000   0.754 0.000 999.99 0.259000   3.204 0.000   1.607 0.000   1.597 0.000 0.015 0.000 0.082 0.559
169.333333 170.333333   33.80 0.000   0.66 0.000 0.008 0.000000  0.07 0.000000 0.026 0.559   0.876 0.000   1.227 0.000 999.99 0.259000   8.280 0.000   4.824 0.000   3.457 0.000 0.027 0.000 0.228 0.559
172.333333 173.333333   52.25 0.000   0.59 0.000 0.016 0.000000 99.99 0.259000 0.018 0.559   0.854 0.000   1.195 0.000 999.99 0.259000   6.662 0.000   3.498 0.000   3.164 0.000 0.029 0.000 0.257 0.559
175.333333 176.333333   63.07 0.000   1.10 0.000 9.999 0.259000 99.99 0.259000 0.010 0.559   1.194 0.000   1.671 0.000 999.99 0.259000   8.026 0.000   4.173 0.000   3.853 0.000 0.032 0.000 0.328 0.559
178.333333 179.333333   83.05 0.000   0.83 0.000 0.019 0.000000 99.99 0.259000 0.025 0.559   2.545 0.000   3.563 0.000 999.99 0.259000  14.118 0.000   7.621 0.000   6.497 0.000 0.051 0.000 0.247 0.559
181.333333 182.333333   23.47 0.000   0.42 0.000 0.017 0.000000  0.11 0.000000 0.013 0.559   1.523 0.000   2.742 0.000 999.99 0.259000   6.692 0.000   2.879 0.000   3.812 0.000 0.030 0.000 0.211 0.559
184.333333 185.333333   23.48 0.000   0.41 0.000 9.999 0.259000 99.99 0.259000 0.013 0.559   1.674 0.000   3.012 0.000 999.99 0.259000   8.610 0.000   4.765 0.000   3.845 0.000 0.040 0.000 0.153 0.559
187.333333 188.333333   41.25 0.000   0.57 0.000 9.999 0.259000 99.99 0.259000 0.013 0.559   0.889 0.000   1.601 0.000 999.99 0.259000   7.716 0.000   4.933 0.000   2.783 0.000 0.030 0.000 0.160 0.559
190.333333 191.333333   25.44 0.000   0.53 0.000 9.999 0.259000  0.08 0.000000 0.009 0.000   1.251 0.000   2.251 0.000 999.99 0.259000   7.500 0.000   4.820 0.000   2.680 0.000 0.016 0.000 0.105 0.000
193.333333 194.333333   64.23 0.000   0.32 0.000 0.014 0.000000 99.99 0.259000 0.010 0.559   0.392 0.000   0.705 0.000 999.99 0.259000   8.883 0.000   7.034 0.000   1.850 0.000 0.021 0.000 0.079 0.559
196.333333 197.333333   41.02 0.000   0.39 0.000 9.999 0.259000 99.99 0.259000 0.011 0.559   1.236 0.000   2.225 0.000 999.99 0.259000   7.582 0.000   4.547 0.000   3.034 0.000 0.030 0.000 0.152 0.559
199.333333 200.333333   91.50 0.000   0.35 0.000 9.999 0.259000 99.99 0.259000 0.011 0.559   0.751 0.000   1.351 0.000 999.99 0.259000  10.763 0.000   7.984 0.000   2.779 0.000 0.027 0.000 0.109 0.559
202.333333 203.333333   70.90 0.000   0.47 0.000 9.999 0.259000 99.99 0.259000 0.009 0.559   2.056 0.000   3.701 0.000 999.99 0.259000  10.286 0.000   5.783 0.000   4.503 0.000 0.033 0.000 0.107 0.559
205.333333 206.333333   88.13 0.000   1.18 0.000 9.999 0.259000 99.99 0.259000 0.091 0.559   9.847 0.000  17.724 0.000 999.99 0.259000  31.295 0.000   8.344 0.000  22.951 0.000 0.438 0.000 0.308 0.559
208.333333 209.333333 9999.99 0.999 999.99 0.999 9.999 0.999000 99.99 0.999000 9.999 0.999 999.999 0.999 999.999 0.999 999.99 0.999000 999.999 0.999 999.999 0.999 999.999 0.999 9.999 0.999 9.999 0.999
211.333333 212.333333   56.00 0.000   0.51 0.000 0.011 0.000000 99.99 0.259000 0.035 0.559   6.129 0.000  11.032 0.000 999.99 0.259000  21.581 0.000   9.181 0.000  12.399 0.000 0.082 0.000 0.139 0.559
214.333333 215.333333   95.03 0.000   0.47 0.000 0.023 0.000000 99.99 0.259000 0.016 0.559   2.571 0.000   4.627 0.000 999.99 0.259000  15.701 0.000   9.329 0.000   6.372 0.000 0.051 0.000 0.126 0.559
217.333333 218.333333   82.09 0.000   0.66 0.000 9.999 0.259000 99.99 0.259000 0.025 0.559   4.915 0.000   8.846 0.000 999.99 0.259000  19.149 0.000   7.424 0.000  11.725 0.000 0.080 0.000 0.214 0.559
220.333333 221.333333   49.29 0.000   0.51 0.000 0.013 0.000000 99.99 0.259000 0.021 0.559   1.565 0.000   2.816 0.000  17.74 0.000000  11.345 0.000   6.793 0.000   4.552 0.000 0.055 0.000 0.163 0.559
223.333333 224.333333   25.15 0.000   0.42 0.000 9.999 0.259000 99.99 0.259000 0.022 0.559   1.870 0.000   3.366 0.000 999.99 0.259000   9.518 0.000   5.362 0.000   4.155 0.000 0.024 0.000 0.144 0.559
226.333333 227.333333  211.06 0.000   0.99 0.000 0.068 0.000000  0.55 0.000000 0.018 0.559   3.058 0.000   5.504 0.000 999.99 0.259000  13.922 0.000   3.612 0.000  10.309 0.000 0.103 0.000 0.150 0.559
229.333333 230.333333  125.85 0.000   0.37 0.000 0.033 0.000000  0.40 0.000000 0.037 0.000   2.704 0.000   4.868 0.000 999.99 0.259000  14.956 0.000   7.603 0.000   7.354 0.000 0.059 0.000 0.176 0.000
232.333333 233.333333   58.77 0.000   0.56 0.000 0.014 0.000000 99.99 0.259000 0.044 0.000   3.809 0.000   6.857 0.000 999.99 0.259000  19.351 0.000  10.092 0.000   9.259 0.000 0.103 0.000 0.182 0.000
235.333333 236.333333   79.26 0.000   0.56 0.000 0.017 0.000000  0.13 0.000000 0.016 0.000   1.100 0.000   1.980 0.000 999.99 0.259000  10.232 0.000   6.141 0.000   4.091 0.000 0.040 0.000 0.106 0.000
