scripts/IMPROVE-2019_partial/data/US0045R.20040101050000.20191216000000.filterpack..pm25.52w.1w.US03L_filterpack_US0045.US03L_IMPROVE_Davis.lev2.nas
66 1001
MISSING INFORMATION
US03L, IMPROVE, , , , , , , 
MISSING INFORMATION
IMPROVE sel_HTAP
1 1
2004 01 01 2019 12 16
3.000000
days from file reference point
27
1 1 1 1 1 1 1 1 1 1 1 1 1 1 1 1 1 1 1 1 1 1 1 1 1 1 1
999.999999 999.99 9.999999 99.99 9.999999 9.999 9.999999999 9.99 9.999999999 99.999 9.999 99.999 9.999 99.999 9.999 99.99 9.999999999 999.999 9.999 999.999 9.999 999.999 9.999 9.999 9.999999 99.999 9.999
end_time of measurement, days from the file reference point
iron, ng/m3, Revision date=20181210133000
numflag iron, no unit, Revision date=20181210133000
lead, ng/m3, Revision date=20181210133000
numflag lead, no unit, Revision date=20181210133000
magnesium, ug/m3, Revision date=20181210133000
numflag magnesium, no unit, Revision date=20181210133000
nickel, ng/m3, Revision date=20181210133000
numflag nickel, no unit, Revision date=20181210133000
nitrate, ug N/m3, Revision date=20181210133000
numflag nitrate, no unit, Revision date=20181210133000
organic_carbon, ug C/m3, Revision date=20181210133000
numflag organic_carbon, no unit, Revision date=20181210133000
organic_mass, ug/m3, Revision date=20181210133000
numflag organic_mass, no unit, Revision date=20181210133000
phosphorus, ng/m3, Revision date=20181210133000
numflag phosphorus, no unit, Revision date=20181210133000
pm10_mass, ug/m3, Version=2, Version description=Data extracted from http://views.cira.colostate.edu/fed/DataWizard 2019-12-16, Sample duration=1d, Orig. time res.=3d, Matrix=pm10, Blank correction=Blank corrected, Volume std. temperature=ambient, Volume std. pressure=ambient
numflag pm10_mass, no unit, Version=2, Version description=Data extracted from http://views.cira.colostate.edu/fed/DataWizard 2019-12-16, Sample duration=1d, Orig. time res.=3d, Matrix=pm10, Blank correction=Blank corrected, Volume std. temperature=ambient, Volume std. pressure=ambient
pm10_pm25_mass, ug/m3, Revision date=20181210133000, Matrix=pm10_pm25
numflag pm10_pm25_mass, no unit, Revision date=20181210133000, Matrix=pm10_pm25
pm25_mass, ug/m3, Version=2, Version description=Data extracted from http://views.cira.colostate.edu/fed/DataWizard 2019-12-16, Sample duration=1d, Orig. time res.=3d, Blank correction=Blank corrected, Volume std. temperature=ambient, Volume std. pressure=ambient
numflag pm25_mass, no unit, Version=2, Version description=Data extracted from http://views.cira.colostate.edu/fed/DataWizard 2019-12-16, Sample duration=1d, Orig. time res.=3d, Blank correction=Blank corrected, Volume std. temperature=ambient, Volume std. pressure=ambient
potassium, ug/m3, Revision date=20181210133000
numflag potassium, no unit, Revision date=20181210133000
sulphate_total, ug S/m3, Revision date=20181210133000
numflag sulphate_total, no unit, Revision date=20181210133000
0
25
Data definition:              EBAS_1.1
Set type code:                TU
Timezone:                     UTC
File name:                    US0045R.20040101050000.20191216000000.filterpack..pm25.52w.1w.US03L_filterpack_US0045.US03L_IMPROVE_Davis.lev2.nas
File creation:                20191218115811
Startdate:                    20040101050000
Revision date:                20191216000000
Statistics:                   arithmetic mean
Data level:                   2
Period code:                  52w
Resolution code:              1w
Station code:                 US0045R
Platform code:                US0045S
Station name:                 Isle Royale NP
Station latitude:             47.4596
Station longitude:            -88.1491
Station altitude:             182.0 m
Regime:                       IMG
Component:                    
Matrix:                       pm25
Laboratory code:              US03L
Instrument type:              filterpack
Instrument name:              filterpack_US0045
Method ref:                   US03L_IMPROVE_Davis
starttime endtime Fe flag_Fe Pb flag_Pb Mg++ flag_Mg++ Ni flag_Ni NO3- flag_NO3- OC flag_OC OM flag_OM P flag_P PM10 flag_PM10 PM10-PM2.5 flag_PM10-PM2.5 PM2.5 flag_PM2.5 K+ flag_K+ SO4-- flag_SO4--
[from data line 75]
225.208333 226.208333   5.06 0.000000  0.33 0.000000 9.999 0.259000000 0.32 0.000000000  0.008 0.000  0.807 0.000  1.130 0.000 99.99 0.259000000   3.784 0.000   2.177 0.000   1.607 0.000 0.012 0.000000  0.058 0.000
228.208333 229.208333  18.09 0.000000  1.68 0.000000 9.999 0.259000000 9.99 0.259000000  0.027 0.000  1.361 0.000  1.906 0.000 99.99 0.259000000  11.285 0.000   5.945 0.000   5.340 0.000 0.022 0.000000  0.602 0.000
231.208333 232.208333  11.47 0.000000 99.99 0.259000 9.999 0.259000000 9.99 0.259000000  0.007 0.000  0.499 0.000  0.698 0.000 99.99 0.259000000   6.237 0.000   4.797 0.000   1.441 0.000 0.009 0.000000  0.119 0.000
234.208333 235.208333  20.59 0.000000  1.85 0.000000 9.999 0.259000000 0.30 0.000000000  0.043 0.000  1.129 0.000  1.580 0.000 99.99 0.259000000   7.360 0.000   3.467 0.000   3.893 0.000 0.031 0.000000  0.289 0.000
237.208333 238.208333  25.38 0.000000  2.35 0.000000 9.999 0.259000000 0.28 0.000000000  0.045 0.000  1.322 0.000  1.851 0.000 99.99 0.259000000  15.136 0.000   2.277 0.000  12.859 0.000 0.030 0.000000  2.307 0.000
240.208333 241.208333   1.55 0.000000  0.32 0.000000 9.999 0.259000000 0.20 0.000000000  0.005 0.000  2.444 0.000  3.422 0.000 99.99 0.259000000   4.351 0.000   1.325 0.000   3.026 0.000 0.018 0.000000  0.039 0.000
243.208333 244.208333   3.36 0.559000  0.15 0.559000 9.999 0.559259000 0.33 0.559000000  0.005 0.000  0.443 0.000  0.620 0.000 99.99 0.559259000   3.008 0.000   2.024 0.000   0.984 0.559 0.007 0.559000  0.063 0.000
246.208333 247.208333  26.56 0.000000  2.09 0.000000 9.999 0.259000000 9.99 0.259000000  0.033 0.000  2.181 0.000  3.054 0.000 99.99 0.259000000  25.091 0.000  10.878 0.000  14.213 0.000 0.030 0.000000  2.135 0.000
249.208333 250.208333  24.11 0.000000  1.79 0.000000 9.999 0.259000000 0.16 0.000000000  0.021 0.000  1.812 0.000  2.536 0.000 99.99 0.259000000  20.002 0.000   4.428 0.000  15.573 0.000 0.036 0.000000  2.762 0.000
252.208333 253.208333   2.13 0.000000 99.99 0.259000 9.999 0.259000000 0.51 0.000000000  0.009 0.000  0.817 0.000  1.144 0.000 99.99 0.259000000   6.662 0.000   4.976 0.000   1.685 0.000 0.012 0.000000  0.070 0.000
255.208333 256.208333   5.76 0.000000  0.34 0.000000 9.999 0.259000000 0.24 0.000000000  0.008 0.000  0.623 0.000  0.872 0.000 99.99 0.259000000   5.693 0.000   4.008 0.000   1.685 0.000 0.011 0.000000  0.159 0.000
258.208333 259.208333  16.19 0.000000  1.08 0.000000 0.099 0.000000000 0.35 0.000000000  0.037 0.000  1.210 0.000  1.694 0.000 99.99 0.259000000   8.122 0.000   1.815 0.000   6.308 0.000 0.029 0.000000  0.864 0.000
261.208333 262.208333  16.89 0.000000  1.37 0.000000 9.999 0.259000000 9.99 0.259000000  0.025 0.000  1.461 0.000  2.045 0.000 99.99 0.259000000   5.987 0.000   1.317 0.000   4.670 0.000 0.029 0.000000  0.412 0.000
264.208333 265.208333  33.66 0.000000  2.50 0.000000 9.999 0.259000000 0.43 0.000000000  0.046 0.000  1.489 0.000  2.085 0.000 99.99 0.259000000  16.672 0.000   8.493 0.000   8.180 0.000 0.042 0.000000  1.051 0.000
267.208333 268.208333   5.25 0.000000  0.36 0.000000 9.999 0.259000000 9.99 0.259000000  0.013 0.000  0.570 0.000  0.798 0.000 99.99 0.259000000   3.951 0.000   2.117 0.000   1.834 0.000 0.010 0.000000  0.235 0.000
270.208333 271.208333  17.04 0.000000  1.55 0.000000 9.999 0.259000000 0.25 0.000000000  0.020 0.000  1.247 0.000  1.746 0.000 99.99 0.259000000   8.182 0.000   4.574 0.000   3.607 0.000 0.023 0.000000  0.242 0.000
273.208333 274.208333  25.59 0.000000  1.24 0.000000 0.140 0.000000000 9.99 0.259000000  0.025 0.000  0.718 0.000  1.006 0.000 99.99 0.259000000  12.690 0.000   9.765 0.000   2.925 0.000 0.020 0.000000  0.177 0.000
276.208333 277.208333  14.28 0.000000  1.14 0.000000 0.091 0.000000000 0.18 0.000000000  0.017 0.000  0.531 0.000  0.743 0.000 99.99 0.259000000   4.782 0.000   3.112 0.000   1.670 0.000 0.016 0.000000  0.096 0.000
279.208333 280.208333  64.92 0.000000  1.86 0.000000 9.999 0.259000000 9.99 0.259000000  0.077 0.000  1.340 0.000  1.877 0.000 99.99 0.259000000  24.264 0.000  18.537 0.000   5.728 0.000 0.061 0.000000  0.341 0.000
282.208333 283.208333   5.17 0.000000  0.20 0.000000 9.999 0.259000000 0.28 0.000000000  0.006 0.000  0.478 0.000  0.669 0.000 99.99 0.259000000   2.495 0.000   1.024 0.000   1.471 0.000 0.011 0.000000  0.087 0.000
285.208333 286.208333  38.08 0.000000  2.45 0.000000 9.999 0.259000000 0.20 0.000000000  0.083 0.000  1.534 0.000  2.148 0.000 99.99 0.259000000  10.931 0.000   5.167 0.000   5.763 0.000 0.040 0.000000  0.440 0.000
288.208333 289.208333   1.71 0.000000  0.36 0.000000 9.999 0.259000000 9.99 0.259000000  0.008 0.000  0.121 0.000  0.170 0.000 99.99 0.259000000   1.882 0.000   0.848 0.000   1.034 0.000 0.007 0.000000  0.139 0.000
291.208333 292.208333   1.63 0.000000 99.99 0.259000 9.999 0.259000000 0.16 0.000000000  0.005 0.000  0.098 0.000  0.137 0.000 99.99 0.259000000   1.136 0.000   0.358 0.000   0.778 0.000 0.008 0.000000  0.109 0.000
294.208333 295.208333  10.84 0.000000  1.09 0.000000 9.999 0.259000000 0.28 0.000000000  0.062 0.000  0.780 0.000  1.092 0.000 99.99 0.259000000   5.905 0.000   1.941 0.000   3.964 0.000 0.019 0.000000  0.534 0.000
297.208333 298.208333   2.08 0.000000 99.99 0.259000 0.232 0.000000000 0.28 0.000000000  0.015 0.000  0.297 0.000  0.416 0.000 99.99 0.259000000   1.673 0.000   0.757 0.000   0.916 0.000 0.007 0.000000  0.087 0.000
300.208333 301.208333   2.40 0.000000  0.57 0.000000 0.182 0.000000000 0.23 0.000000000  0.011 0.000  1.030 0.000  1.442 0.000 99.99 0.259000000   3.472 0.000   0.994 0.000   2.478 0.000 0.024 0.000000  0.131 0.000
303.208333 304.208333   5.97 0.000000  1.00 0.000000 9.999 0.259000000 0.20 0.000000000  0.066 0.000  0.613 0.000  0.858 0.000 99.99 0.259000000   4.657 0.000   1.574 0.000   3.083 0.000 0.012 0.000000  0.435 0.000
306.208333 307.208333   4.34 0.000000  0.57 0.000000 9.999 0.259000000 0.22 0.000000000  0.010 0.000  0.382 0.000  0.534 0.000 99.99 0.259000000   1.411 0.000 999.999 0.259   2.240 0.000 0.014 0.000000  0.302 0.000
309.208333 310.208333  12.51 0.000000  1.21 0.000000 0.105 0.000000000 9.99 0.259000000  0.028 0.000  0.686 0.000  0.960 0.000 99.99 0.259000000   4.117 0.000   1.578 0.000   2.538 0.000 0.039 0.000000  0.211 0.000
312.208333 313.208333   2.28 0.559000  0.73 0.559000 9.999 0.559259000 9.99 0.559259000  0.007 0.000  0.090 0.000  0.126 0.000 99.99 0.559259000   1.255 0.000   0.515 0.000   0.740 0.559 0.008 0.559000  0.103 0.000
315.208333 316.208333   6.90 0.000000  0.72 0.000000 9.999 0.259000000 9.99 0.259000000  0.014 0.000  0.231 0.000  0.323 0.000 99.99 0.259000000   2.370 0.000   1.309 0.000   1.062 0.000 0.015 0.000000  0.112 0.000
318.208333 319.208333  40.00 0.000000  3.03 0.000000 9.999 0.259000000 0.11 0.000000000  0.529 0.000  0.787 0.000  1.102 0.000 99.99 0.259000000  11.253 0.000   6.441 0.000   4.812 0.000 0.041 0.000000  0.211 0.000
321.208333 322.208333   4.58 0.000000  1.32 0.000000 9.999 0.259000000 0.32 0.000000000  0.551 0.000  0.542 0.000  0.759 0.000 99.99 0.259000000   6.150 0.000   1.102 0.000   5.048 0.000 0.014 0.000000  0.388 0.000
324.208333 325.208333   3.28 0.000000  0.74 0.000000 9.999 0.259000000 9.99 0.259000000  0.008 0.000  0.405 0.000  0.567 0.000 99.99 0.259000000   2.510 0.000   0.476 0.000   2.034 0.000 0.028 0.000000  0.269 0.000
327.208333 328.208333   5.02 0.000000  0.68 0.000000 0.159 0.000000000 0.13 0.000000000  0.270 0.000  0.740 0.000  1.037 0.000 99.99 0.259000000   4.074 0.000   1.291 0.000   2.784 0.000 0.019 0.000000  0.308 0.000
330.208333 331.208333  12.95 0.000000  0.55 0.000000 9.999 0.259000000 9.99 0.259000000  0.100 0.000  0.402 0.000  0.563 0.000 99.99 0.259000000   3.535 0.000   1.250 0.000   2.286 0.000 0.017 0.000000  0.237 0.000
333.208333 334.208333   6.64 0.000000  0.66 0.000000 9.999 0.259000000 9.99 0.259000000  0.039 0.000  0.445 0.000  0.623 0.000 99.99 0.259000000   2.946 0.000   0.593 0.000   2.353 0.000 0.024 0.000000  0.264 0.000
336.208333 337.208333   2.26 0.559000  0.41 0.559000 0.046 0.559000000 0.13 0.559000000  0.025 0.000  0.222 0.000  0.310 0.000 99.99 0.559259000   2.886 0.000   1.663 0.000   1.224 0.559 0.008 0.559000  0.168 0.000
339.208333 340.208333   4.65 0.559000  0.57 0.559000 0.077 0.559000000 9.99 0.559259000  0.012 0.000  0.138 0.000  0.193 0.000 99.99 0.559259000   1.473 0.000   0.306 0.000   1.167 0.559 0.009 0.559000  0.128 0.000
342.208333 343.208333  10.04 0.000000  0.60 0.000000 9.999 0.259000000 0.20 0.000000000  0.064 0.000  0.839 0.000  1.175 0.000 99.99 0.259000000   3.598 0.000   0.527 0.000   3.071 0.000 0.021 0.000000  0.392 0.000
345.208333 346.208333   2.56 0.000000  0.31 0.000000 0.047 0.000000000 0.23 0.000000000  0.021 0.000  0.264 0.000  0.370 0.000 99.99 0.259000000   1.631 0.000   0.335 0.000   1.297 0.000 0.015 0.000000  0.180 0.000
348.208333 349.208333   4.29 0.559000  0.35 0.559000 9.999 0.559259000 9.99 0.559259000  0.042 0.000  0.328 0.000  0.459 0.000 99.99 0.559259000   1.810 0.000   0.418 0.000   1.392 0.559 0.013 0.559000  0.179 0.000
351.208333 352.208333   5.34 0.559000  0.54 0.559000 9.999 0.559259000 0.18 0.559000000  0.051 0.000  0.291 0.000  0.408 0.000 99.99 0.559259000   4.167 0.000   1.984 0.000   2.183 0.559 0.020 0.559000  0.318 0.000
354.208333 355.208333   9.36 0.559000  0.59 0.559000 9.999 0.559259000 9.99 0.559259000  0.111 0.000  0.293 0.000  0.410 0.000 99.99 0.559259000   6.397 0.000   4.454 0.000   1.943 0.559 0.017 0.559000  0.134 0.000
357.208333 358.208333   2.83 0.559000  0.34 0.559000 0.133 0.559000000 9.99 0.559259000  0.011 0.000  0.051 0.000  0.071 0.000 99.99 0.559259000   2.062 0.000   1.359 0.000   0.703 0.559 0.006 0.559000  0.114 0.000
360.208333 361.208333   4.64 0.559394  2.07 0.559394 9.999 0.559394259 9.99 0.559394259  0.018 0.394  0.158 0.000  0.222 0.000 99.99 0.559394259   1.738 0.000   0.457 0.000   1.282 0.559 0.011 0.559394  0.219 0.394
363.208333 364.208333   3.63 0.559000  1.21 0.559000 9.999 0.559259000 0.16 0.559000000  0.027 0.000  0.393 0.000  0.549 0.000 99.99 0.559259000   6.275 0.000   2.262 0.000   4.013 0.559 0.017 0.559000  0.764 0.000
