scripts/IMPROVE-2019_partial/data/US0076R.19910102070000.20191216000000.filterpack...1y.3d.US03L_filterpack_US0076.US03L_IMPROVE_Davis.lev2.nas
52 1001
MISSING INFORMATION
US03L, IMPROVE, , , , , , , 
MISSING INFORMATION
IMPROVE sel_HTAP
1 1
1991 01 01 2019 12 16
0
days from file reference point
5
1 1 1 1 1
999.999999 999.999 9.999 999.999 9.999999
end_time of measurement, days from the file reference point
pm10_mass, ug/m3, Matrix=pm10
numflag pm10_mass, no unit, Matrix=pm10
pm25_mass, ug/m3, Matrix=pm25
numflag pm25_mass, no unit, Matrix=pm25
0
33
Data definition:              EBAS_1.1
Set type code:                TI
Timezone:                     UTC
File name:                    US0076R.19910102070000.20191216000000.filterpack...1y.3d.US03L_filterpack_US0076.US03L_IMPROVE_Davis.lev2.nas
File creation:                20191218120034
Startdate:                    19910102070000
Revision date:                20191216000000
Version:                      2
Version description:          "Data extracted from http://views.cira.colostate.edu/fed/DataWizard 2019-12-16"
Statistics:                   arithmetic mean
Data level:                   2
Period code:                  1y
Resolution code:              3d
Sample duration:              1d
Orig. time res.:              3d
Station code:                 US0076R
Platform code:                US0076S
Station name:                 Arches NP
Station latitude:             38.7833
Station longitude:            -109.5833
Station altitude:             1722.0 m
Regime:                       IMG
Component:                    
Unit:                         ug/m3
Matrix:                       
Laboratory code:              US03L
Instrument type:              filterpack
Instrument name:              filterpack_US0076
Method ref:                   US03L_IMPROVE_Davis
Blank correction:             Blank corrected
Volume std. temperature:      ambient
Volume std. pressure:         ambient
starttime endtime PM10 flag_PM10 PM2.5 flag_PM2.5
  1.291667   2.291667  11.422 0.000   7.915 0.559000
  4.291667   5.291667  10.660 0.000   7.120 0.559000
  8.291667   9.291667  13.235 0.000  10.868 0.559000
 11.291667  12.291667   7.240 0.000   6.104 0.559000
 15.291667  16.291667   7.574 0.000   7.184 0.559000
 18.291667  19.291667  13.805 0.000 999.999 0.559259
 22.291667  23.291667  12.406 0.000 999.999 0.559259
 25.291667  26.291667  18.160 0.000 999.999 0.559259
 29.291667  30.291667   7.768 0.000   4.236 0.559000
 32.291667  33.291667  15.759 0.000  11.090 0.559000
 36.291667  37.291667  28.289 0.000 999.999 0.559259
 39.291667  40.291667  34.133 0.000 999.999 0.559259
 43.291667  44.291667  15.526 0.000 999.999 0.559259
 46.291667  47.291667  11.937 0.000 999.999 0.559259
 50.291667  51.291667   4.455 0.000   2.969 0.559000
 53.291667  54.291667   5.728 0.000   3.481 0.559000
 57.291667  58.291667   5.374 0.000   3.602 0.559000
 60.291667  61.291667   2.130 0.000   0.683 0.559000
 64.291667  65.291667   2.500 0.000   1.195 0.559000
 67.291667  68.291667   5.132 0.000   2.753 0.559000
 71.291667  72.291667  10.097 0.000   2.385 0.559000
 74.291667  75.291667  23.972 0.000   2.800 0.559000
 78.291667  79.291667  15.728 0.000   4.416 0.559000
 81.291667  82.291667   4.777 0.000   2.555 0.559000
 85.291667  86.291667   3.734 0.000   2.555 0.559000
 88.291667  89.291667  13.128 0.000 999.999 0.559259
 92.291667  93.291667   7.290 0.000 999.999 0.559259
 95.291667  96.291667 999.999 0.999 999.999 0.999000
 99.291667 100.291667  10.431 0.000   3.108 0.559000
102.291667 103.291667   6.332 0.000   2.181 0.559000
106.291667 107.291667  15.260 0.000   4.357 0.559000
109.291667 110.291667  19.177 0.000   5.804 0.559000
113.291667 114.291667   4.130 0.000   2.114 0.559000
116.291667 117.291667   3.239 0.000   1.505 0.559000
120.291667 121.291667  10.175 0.000   4.785 0.559000
123.291667 124.291667  10.568 0.000   5.340 0.559000
127.291667 128.291667 999.999 0.999 999.999 0.559259
130.291667 131.291667  20.205 0.000 999.999 0.559259
134.291667 135.291667   5.163 0.000   3.293 0.559000
137.291667 138.291667  67.400 0.000  12.477 0.559000
141.291667 142.291667  11.587 0.000   4.540 0.559000
144.291667 145.291667  14.257 0.000   4.356 0.559000
148.291667 149.291667   9.322 0.000   3.901 0.559000
151.291667 152.291667   5.991 0.000   2.972 0.559000
155.291667 156.291667  10.215 0.000   5.031 0.559000
158.291667 159.291667   7.739 0.000   4.932 0.559000
162.291667 163.291667  13.135 0.000 999.999 0.559259
165.291667 166.291667   8.935 0.000 999.999 0.559259
169.291667 170.291667  11.026 0.000   4.357 0.559000
172.291667 173.291667   7.684 0.000   3.474 0.559000
176.291667 177.291667   7.971 0.000 999.999 0.559259
179.291667 180.291667   9.329 0.000   3.801 0.559000
183.291667 184.291667   6.100 0.000   3.169 0.559000
186.291667 187.291667  13.633 0.000   5.785 0.559000
190.291667 191.291667   5.616 0.000   4.068 0.559000
193.291667 194.291667   6.722 0.000   4.148 0.559000
197.291667 198.291667   7.100 0.000 999.999 0.559259
200.291667 201.291667   5.367 0.000   4.556 0.559000
204.291667 205.291667   5.724 0.000   3.143 0.559000
207.291667 208.291667   7.276 0.000   3.372 0.559000
211.291667 212.291667   9.136 0.000   3.886 0.559000
214.291667 215.291667   4.610 0.000   2.514 0.559000
218.291667 219.291667   3.816 0.000   2.639 0.559000
221.291667 222.291667   7.201 0.000   3.569 0.559000
225.291667 226.291667   4.671 0.000   4.530 0.559000
228.291667 229.291667   5.296 0.000   3.227 0.559000
232.291667 233.291667   5.163 0.000 999.999 0.559259
235.291667 236.291667   9.641 0.000   3.811 0.559000
239.291667 240.291667   4.680 0.000   3.084 0.559000
242.291667 243.291667   5.724 0.000   3.343 0.559000
246.291667 247.291667   9.862 0.000   3.032 0.559000
249.291667 250.291667  10.212 0.000   2.566 0.559000
253.291667 254.291667   6.503 0.000   2.613 0.559000
256.291667 257.291667   5.559 0.000   2.988 0.559000
260.291667 261.291667   5.035 0.000   3.480 0.559000
263.291667 264.291667   7.550 0.000   4.412 0.559000
267.291667 268.291667   6.325 0.000 999.999 0.559259
270.291667 271.291667   8.834 0.000   4.243 0.559000
274.291667 275.291667   5.594 0.000   3.757 0.559000
277.291667 278.291667   7.797 0.000   3.195 0.559000
281.291667 282.291667  10.750 0.000   3.887 0.559000
284.291667 285.291667  11.443 0.000   4.478 0.559000
288.291667 289.291667   6.680 0.000   2.913 0.559000
291.291667 292.291667   6.245 0.000   2.913 0.559000
295.291667 296.291667   8.941 0.000   3.975 0.559000
298.291667 299.291667   6.706 0.000   3.781 0.559000
302.291667 303.291667   5.976 0.000   4.693 0.559000
305.291667 306.291667   6.498 0.000   3.589 0.559000
309.291667 310.291667   3.640 0.000   2.736 0.559000
312.291667 313.291667   7.280 0.000   3.404 0.559000
316.291667 317.291667  23.960 0.000   3.830 0.559000
319.291667 320.291667   3.320 0.000   1.529 0.559000
323.291667 324.291667   3.372 0.000   2.281 0.559000
326.291667 327.291667   1.741 0.000   1.180 0.559000
330.291667 331.291667   5.819 0.000 999.999 0.559259
333.291667 334.291667   4.390 0.000   1.579 0.559000
337.291667 338.291667 999.999 0.999   6.759 0.559000
340.291667 341.291667   8.949 0.000   4.321 0.559000
344.291667 345.291667   9.490 0.000   6.189 0.559000
347.291667 348.291667   9.004 0.000   6.997 0.559000
351.291667 352.291667  21.245 0.000   7.204 0.559000
354.291667 355.291667   5.823 0.000   3.678 0.559000
358.291667 359.291667 999.999 0.999   6.142 0.559000
361.291667 362.291667   7.572 0.000   4.969 0.559000
