scripts/IMPROVE-2019_partial/data/US0049R.20060102060000.20191216000000.filterpack..pm25.52w.1w.US03L_filterpack_US0049.US03L_IMPROVE_Davis.lev2.nas
66 1001
MISSING INFORMATION
US03L, IMPROVE, , , , , , , 
MISSING INFORMATION
IMPROVE sel_HTAP
1 1
2006 01 01 2019 12 16
3.00
days from file reference point
27
1 1 1 1 1 1 1 1 1 1 1 1 1 1 1 1 1 1 1 1 1 1 1 1 1 1 1
999.99 999.99 9.999 99.99 9.999 9.999 9.999 9.99 9.999 99.999 9.999 99.999 9.999 99.999 9.999 999.99 9.999 999.999 9.999 999.999 9.999 999.999 9.999 9.999 9.999 99.999 9.999
end_time of measurement, days from the file reference point
iron, ng/m3, Revision date=20181210133000
numflag iron, no unit, Revision date=20181210133000
lead, ng/m3, Revision date=20181210133000
numflag lead, no unit, Revision date=20181210133000
magnesium, ug/m3, Revision date=20181210133000
numflag magnesium, no unit, Revision date=20181210133000
nickel, ng/m3, Revision date=20181210133000
numflag nickel, no unit, Revision date=20181210133000
nitrate, ug N/m3, Revision date=20181210133000
numflag nitrate, no unit, Revision date=20181210133000
organic_carbon, ug C/m3, Revision date=20181210133000
numflag organic_carbon, no unit, Revision date=20181210133000
organic_mass, ug/m3, Revision date=20181210133000
numflag organic_mass, no unit, Revision date=20181210133000
phosphorus, ng/m3, Revision date=20181210133000
numflag phosphorus, no unit, Revision date=20181210133000
pm10_mass, ug/m3, Version=2, Version description=Data extracted from http://views.cira.colostate.edu/fed/DataWizard 2019-12-16, Sample duration=1d, Orig. time res.=3d, Matrix=pm10, Blank correction=Blank corrected, Volume std. temperature=ambient, Volume std. pressure=ambient
numflag pm10_mass, no unit, Version=2, Version description=Data extracted from http://views.cira.colostate.edu/fed/DataWizard 2019-12-16, Sample duration=1d, Orig. time res.=3d, Matrix=pm10, Blank correction=Blank corrected, Volume std. temperature=ambient, Volume std. pressure=ambient
pm10_pm25_mass, ug/m3, Revision date=20181210133000, Matrix=pm10_pm25
numflag pm10_pm25_mass, no unit, Revision date=20181210133000, Matrix=pm10_pm25
pm25_mass, ug/m3, Version=2, Version description=Data extracted from http://views.cira.colostate.edu/fed/DataWizard 2019-12-16, Sample duration=1d, Orig. time res.=3d, Blank correction=Blank corrected, Volume std. temperature=ambient, Volume std. pressure=ambient
numflag pm25_mass, no unit, Version=2, Version description=Data extracted from http://views.cira.colostate.edu/fed/DataWizard 2019-12-16, Sample duration=1d, Orig. time res.=3d, Blank correction=Blank corrected, Volume std. temperature=ambient, Volume std. pressure=ambient
potassium, ug/m3, Revision date=20181210133000
numflag potassium, no unit, Revision date=20181210133000
sulphate_total, ug S/m3, Revision date=20181210133000
numflag sulphate_total, no unit, Revision date=20181210133000
0
25
Data definition:              EBAS_1.1
Set type code:                TU
Timezone:                     UTC
File name:                    US0049R.20060102060000.20191216000000.filterpack..pm25.52w.1w.US03L_filterpack_US0049.US03L_IMPROVE_Davis.lev2.nas
File creation:                20191218115822
Startdate:                    20060102060000
Revision date:                20191216000000
Statistics:                   arithmetic mean
Data level:                   2
Period code:                  52w
Resolution code:              1w
Station code:                 US0049R
Platform code:                US0049S
Station name:                 Great River Bluffs
Station latitude:             43.9373
Station longitude:            -91.4052
Station altitude:             370.0 m
Regime:                       IMG
Component:                    
Matrix:                       pm25
Laboratory code:              US03L
Instrument type:              filterpack
Instrument name:              filterpack_US0049
Method ref:                   US03L_IMPROVE_Davis
starttime endtime Fe flag_Fe Pb flag_Pb Mg++ flag_Mg++ Ni flag_Ni NO3- flag_NO3- OC flag_OC OM flag_OM P flag_P PM10 flag_PM10 PM10-PM2.5 flag_PM10-PM2.5 PM2.5 flag_PM2.5 K+ flag_K+ SO4-- flag_SO4--
  1.25   2.25   4.08 0.000  1.00 0.000 9.999 0.259 0.08 0.000  0.361 0.000  0.474 0.000  0.664 0.000 999.99 0.259   5.231 0.000   0.420 0.000   4.811 0.000 0.018 0.000  0.488 0.000
  4.25   5.25   8.57 0.000  0.43 0.000 0.006 0.000 9.99 0.259  0.151 0.559  0.752 0.000  1.053 0.000 999.99 0.259   2.859 0.000   0.725 0.000   2.133 0.000 0.008 0.000  0.323 0.559
  7.25   8.25   9.14 0.000  1.41 0.000 9.999 0.259 9.99 0.259  0.773 0.559  0.243 0.000  0.340 0.000 999.99 0.259   8.862 0.000   1.217 0.000   7.645 0.000 0.031 0.000  0.495 0.559
 10.25  11.25  24.24 0.000  2.98 0.000 9.999 0.259 9.99 0.259  2.134 0.000  1.279 0.000  1.790 0.000 999.99 0.259  22.541 0.000   4.330 0.000  18.211 0.000 0.041 0.000  0.957 0.000
 13.25  14.25  16.88 0.000  1.83 0.000 9.999 0.259 0.15 0.000  0.950 0.000  0.979 0.000  1.371 0.000 999.99 0.259  12.176 0.000   3.372 0.000   8.804 0.000 0.037 0.000  0.496 0.000
 16.25  17.25  13.79 0.000  2.24 0.000 9.999 0.259 0.19 0.000  0.275 0.000  0.489 0.000  0.685 0.000 999.99 0.259   6.645 0.000   1.588 0.000   5.058 0.000 0.022 0.000  0.549 0.000
 19.25  20.25  28.23 0.000  6.62 0.000 0.008 0.000 0.17 0.000  1.821 0.000  1.234 0.000  1.728 0.000 999.99 0.259  22.015 0.000   3.425 0.000  18.591 0.000 0.050 0.000  1.108 0.000
 22.25  23.25  19.97 0.000  1.83 0.000 0.011 0.000 9.99 0.259  1.088 0.000  0.841 0.000  1.177 0.000 999.99 0.259  18.109 0.000   6.516 0.000  11.593 0.000 0.036 0.000  0.793 0.000
 25.25  26.25  30.76 0.000  3.16 0.000 0.015 0.000 0.13 0.000  0.746 0.000  0.829 0.000  1.160 0.000 999.99 0.259  14.632 0.000   7.673 0.000   6.959 0.000 0.041 0.000  0.215 0.000
 28.25  29.25   4.27 0.000  1.43 0.000 9.999 0.259 9.99 0.259  0.269 0.000  0.551 0.000  0.772 0.000 999.99 0.259   4.058 0.000   0.370 0.000   3.687 0.000 0.014 0.000  0.294 0.000
 31.25  32.25   7.44 0.000  0.95 0.000 9.999 0.259 9.99 0.259  0.910 0.000  0.384 0.000  0.537 0.000 999.99 0.259  10.392 0.000   0.790 0.000   9.602 0.000 0.016 0.000  0.795 0.000
 34.25  35.25  20.62 0.000  1.04 0.000 0.025 0.000 0.13 0.000  0.198 0.000  0.533 0.000  0.747 0.000 999.99 0.259   4.909 0.000   0.803 0.000   4.106 0.000 0.023 0.000  0.365 0.000
 37.25  38.25  43.53 0.000  1.42 0.000 9.999 0.259 0.22 0.000  0.357 0.000  1.094 0.000  1.532 0.000 999.99 0.259   8.540 0.000   3.394 0.000   5.146 0.000 0.052 0.000  0.182 0.000
 40.25  41.25  13.12 0.000  1.44 0.000 9.999 0.259 9.99 0.259  0.624 0.000  0.620 0.000  0.867 0.000 999.99 0.259  10.101 0.000   1.437 0.000   8.664 0.000 0.028 0.000  0.881 0.000
 43.25  44.25  31.27 0.000  1.32 0.000 0.008 0.000 0.12 0.000  0.793 0.000  0.716 0.000  1.002 0.000 999.99 0.259  13.960 0.000   4.680 0.000   9.281 0.000 0.037 0.000  0.601 0.000
 46.25  47.25  18.87 0.000  1.30 0.000 9.999 0.259 9.99 0.259  0.167 0.000  0.530 0.000  0.742 0.000 999.99 0.259   4.978 0.000   1.980 0.000   2.998 0.000 0.035 0.000  0.197 0.000
 49.25  50.25  23.79 0.000  1.83 0.000 9.999 0.259 9.99 0.259  0.516 0.000  0.701 0.000  0.981 0.000 999.99 0.259  13.619 0.000   6.899 0.000   6.720 0.000 0.036 0.000  0.354 0.000
 52.25  53.25  18.69 0.000  0.86 0.000 9.999 0.259 9.99 0.259  0.526 0.000  0.548 0.000  0.767 0.000 999.99 0.259   8.866 0.000   3.750 0.000   5.116 0.000 0.025 0.000  0.340 0.000
 55.25  56.25  10.46 0.000  2.23 0.000 9.999 0.259 9.99 0.259  0.146 0.000  0.433 0.000  0.606 0.000 999.99 0.259   3.605 0.000   0.950 0.000   2.655 0.000 0.023 0.000  0.228 0.000
 58.25  59.25  29.55 0.000  2.95 0.000 9.999 0.259 9.99 0.259  0.697 0.000  1.058 0.000  1.482 0.000 999.99 0.259  11.468 0.000   3.815 0.000   7.653 0.000 0.060 0.000  0.489 0.000
 61.25  62.25  19.81 0.000  1.00 0.000 0.011 0.000 9.99 0.259  0.710 0.000  0.749 0.000  1.048 0.000 999.99 0.259   7.290 0.000   1.228 0.000   6.061 0.000 0.033 0.000  0.350 0.000
 64.25  65.25  13.14 0.000  2.00 0.000 9.999 0.259 9.99 0.259  0.566 0.000  0.749 0.000  1.048 0.000 999.99 0.259  11.160 0.000   1.156 0.000  10.004 0.000 0.028 0.000  1.438 0.000
 67.25  68.25  16.18 0.000  2.24 0.000 9.999 0.259 9.99 0.259  1.435 0.000  1.029 0.000  1.441 0.000 999.99 0.259  14.422 0.000   1.499 0.000  12.923 0.000 0.039 0.000  0.966 0.000
 70.25  71.25  12.65 0.000  1.16 0.000 9.999 0.259 0.11 0.000  0.560 0.000  0.409 0.000  0.573 0.000 999.99 0.259   6.085 0.000   1.430 0.000   4.656 0.000 0.022 0.000  0.370 0.000
 73.25  74.25  21.40 0.000  2.57 0.000 9.999 0.259 9.99 0.259  0.592 0.000  0.556 0.000  0.778 0.000 999.99 0.259   7.808 0.000   1.714 0.000   6.094 0.000 0.028 0.000  0.473 0.000
 76.25  77.25  13.72 0.000  1.21 0.000 9.999 0.259 9.99 0.259  0.152 0.000  0.668 0.000  0.935 0.000 999.99 0.259   4.070 0.000   0.869 0.000   3.201 0.000 0.037 0.000  0.278 0.000
 79.25  80.25  21.38 0.000  0.68 0.000 0.019 0.000 9.99 0.259  0.067 0.000  0.330 0.000  0.462 0.000 999.99 0.259   3.311 0.000   1.142 0.000   2.168 0.000 0.017 0.000  0.252 0.000
 82.25  83.25   8.65 0.000  0.58 0.000 9.999 0.259 9.99 0.259  0.107 0.000  0.233 0.000  0.326 0.000 999.99 0.259   1.856 0.000   0.694 0.000   1.161 0.000 0.015 0.000  0.099 0.000
 85.25  86.25  24.81 0.000  3.14 0.000 9.999 0.259 9.99 0.259  0.956 0.000  0.995 0.000  1.393 0.000 999.99 0.259  12.989 0.000   1.835 0.000  11.154 0.000 0.036 0.000  1.011 0.000
 88.25  89.25  37.65 0.000  3.07 0.000 9.999 0.259 0.18 0.000  1.625 0.000  1.551 0.000  2.172 0.000 999.99 0.259  23.032 0.000   2.679 0.000  20.353 0.000 0.048 0.000  2.047 0.000
 91.25  92.25   5.73 0.000  1.82 0.000 9.999 0.259 0.14 0.000  0.519 0.000  0.459 0.000  0.642 0.000 999.99 0.259   6.707 0.000   0.790 0.000   5.916 0.000 0.017 0.000  0.625 0.000
 94.25  95.25  84.90 0.000  4.74 0.000 0.026 0.000 9.99 0.259  0.267 0.559  1.336 0.000  1.871 0.000 999.99 0.259  12.429 0.000   5.252 0.000   7.177 0.000 0.086 0.000  0.657 0.559
 97.25  98.25  29.66 0.000  1.86 0.000 9.999 0.259 9.99 0.259  0.090 0.559  0.321 0.000  0.450 0.000 999.99 0.259   4.627 0.000   1.299 0.000   3.328 0.000 0.034 0.000  0.409 0.559
100.25 101.25  77.60 0.000  4.09 0.000 0.039 0.000 0.16 0.000  0.188 0.000  5.318 0.000  7.445 0.000 999.99 0.259  29.196 0.000  16.919 0.000  12.278 0.000 0.091 0.000  0.998 0.000
103.25 104.25 999.99 0.999 99.99 0.999 9.999 0.999 9.99 0.999 99.999 0.999 99.999 0.999 99.999 0.999 999.99 0.999 999.999 0.999 999.999 0.999 999.999 0.999 9.999 0.999 99.999 0.999
106.25 107.25 999.99 0.999 99.99 0.999 9.999 0.999 9.99 0.999 99.999 0.999 99.999 0.999 99.999 0.999 999.99 0.999 999.999 0.999 999.999 0.999 999.999 0.999 9.999 0.999 99.999 0.999
109.25 110.25  21.11 0.000  1.66 0.000 0.014 0.000 9.99 0.259  0.125 0.559  0.530 0.000  0.742 0.000  29.71 0.000  13.130 0.000  10.122 0.000   3.008 0.000 0.022 0.000  0.264 0.559
112.25 113.25  48.96 0.000  3.82 0.000 0.024 0.000 0.14 0.000  0.135 0.559  1.077 0.000  1.508 0.000 999.99 0.259   9.056 0.000   3.645 0.000   5.410 0.000 0.046 0.000  0.525 0.559
115.25 116.25  75.29 0.000  2.71 0.000 0.041 0.000 9.99 0.259  0.197 0.559  0.979 0.000  1.370 0.000 999.99 0.259  19.096 0.000  14.137 0.000   4.959 0.000 0.063 0.000  0.227 0.559
118.25 119.25  72.28 0.000  4.92 0.000 0.018 0.000 0.20 0.000  0.789 0.559  1.210 0.000  1.694 0.000 999.99 0.259  15.215 0.000   5.664 0.000   9.550 0.000 0.056 0.000  0.663 0.559
121.25 122.25  21.71 0.000  1.31 0.000 9.999 0.259 9.99 0.259  0.357 0.559  0.558 0.000  0.782 0.000 999.99 0.259   9.991 0.000   5.251 0.000   4.739 0.000 0.019 0.000  0.627 0.559
124.25 125.25  17.45 0.000  1.54 0.000 9.999 0.259 9.99 0.259  0.168 0.559  0.392 0.000  0.549 0.000 999.99 0.259   6.254 0.000   2.374 0.000   3.880 0.000 0.015 0.000  0.541 0.559
127.25 128.25  27.93 0.000  3.55 0.000 9.999 0.259 9.99 0.259  0.308 0.559  1.107 0.000  1.550 0.000 999.99 0.259  15.463 0.000   7.954 0.000   7.509 0.000 0.031 0.000  0.932 0.559
130.25 131.25  10.24 0.000  0.67 0.000 9.999 0.259 9.99 0.259  0.041 0.559  0.255 0.000  0.357 0.000 999.99 0.259   3.800 0.000   2.501 0.000   1.298 0.000 0.010 0.000  0.112 0.559
133.25 134.25  14.44 0.000  1.35 0.000 0.011 0.000 0.09 0.000  0.146 0.559  0.619 0.000  0.867 0.000 999.99 0.259   7.539 0.000   2.068 0.000   5.471 0.000 0.019 0.000  0.851 0.559
136.25 137.25  32.91 0.000  0.81 0.000 9.999 0.259 9.99 0.259  0.035 0.559  0.858 0.000  1.201 0.000 999.99 0.259   8.217 0.000   4.558 0.000   3.659 0.000 0.034 0.000  0.266 0.559
139.25 140.25  34.96 0.000  2.11 0.000 9.999 0.259 9.99 0.259  0.081 0.559  0.942 0.000  1.318 0.000 999.99 0.259  12.465 0.000   8.317 0.000   4.148 0.000 0.035 0.000  0.228 0.559
142.25 143.25  56.53 0.000  2.22 0.000 9.999 0.259 9.99 0.259  0.110 0.559  1.000 0.559  1.399 0.559 999.99 0.259  19.597 0.000  12.903 0.000   6.694 0.000 0.043 0.000  0.668 0.559
145.25 146.25  52.93 0.000  1.85 0.000 9.999 0.259 9.99 0.259  0.124 0.559  2.480 0.000  3.472 0.000 999.99 0.259  21.435 0.000   6.809 0.000  14.627 0.000 0.049 0.000  1.808 0.559
148.25 149.25  71.36 0.000  0.77 0.000 9.999 0.259 0.24 0.000  0.098 0.559  1.341 0.000  1.878 0.000 999.99 0.259  17.909 0.000   9.838 0.000   8.070 0.000 0.066 0.000  0.726 0.559
151.25 152.25  32.79 0.000  1.55 0.000 0.016 0.000 9.99 0.259  0.027 0.559  0.958 0.000  1.342 0.000 999.99 0.259   9.623 0.000   5.733 0.000   3.890 0.000 0.027 0.000  0.311 0.559
154.25 155.25  26.57 0.000  1.92 0.000 9.999 0.259 9.99 0.259  0.027 0.559  1.270 0.000  1.778 0.000 999.99 0.259   9.559 0.000   4.673 0.000   4.886 0.000 0.031 0.000  0.326 0.559
157.25 158.25  24.39 0.000  1.02 0.000 0.011 0.000 9.99 0.259  0.028 0.559  1.346 0.000  1.885 0.000 999.99 0.259   9.001 0.000   4.433 0.000   4.567 0.000 0.023 0.000  0.290 0.559
160.25 161.25  19.36 0.000  1.19 0.000 9.999 0.259 9.99 0.259  0.039 0.559  0.873 0.000  1.222 0.000 999.99 0.259   6.496 0.000   3.696 0.000   2.800 0.000 0.025 0.000  0.159 0.559
163.25 164.25  26.33 0.000  1.32 0.000 0.022 0.000 9.99 0.259  0.054 0.559  1.163 0.000  1.629 0.000 999.99 0.259  11.580 0.000   7.040 0.000   4.540 0.000 0.027 0.000  0.287 0.559
166.25 167.25  62.76 0.000  3.18 0.000 9.999 0.259 9.99 0.259  0.098 0.559  4.052 0.000  5.673 0.000 999.99 0.259  35.920 0.000  10.337 0.000  25.583 0.000 0.250 0.000  2.869 0.559
169.25 170.25  18.55 0.000  0.98 0.000 9.999 0.259 9.99 0.259  0.027 0.559  0.784 0.000  1.098 0.000 999.99 0.259  11.084 0.000   7.680 0.000   3.404 0.000 0.016 0.000  0.311 0.559
172.25 173.25  27.90 0.000  8.61 0.000 0.016 0.000 0.25 0.000  0.033 0.559  1.232 0.000  1.725 0.000 999.99 0.259  12.626 0.000   7.911 0.000   4.715 0.000 0.031 0.000  0.303 0.559
175.25 176.25   9.70 0.000  1.45 0.000 0.010 0.000 9.99 0.259  0.098 0.559  1.017 0.000  1.423 0.000 999.99 0.259   7.566 0.000   2.773 0.000   4.793 0.000 0.029 0.000  0.452 0.559
178.25 179.25  18.83 0.000  0.87 0.000 9.999 0.259 9.99 0.259  0.048 0.559  5.712 0.000  7.996 0.000 999.99 0.259  17.018 0.000   3.272 0.000  13.746 0.000 0.131 0.000  0.337 0.559
181.25 182.25  52.91 0.000  3.07 0.000 9.999 0.259 9.99 0.259  0.093 0.559  2.615 0.000  4.708 0.000 999.99 0.259  27.045 0.000  15.047 0.000  11.998 0.000 0.092 0.000  0.837 0.559
184.25 185.25  12.79 0.000  1.66 0.000 0.010 0.000 9.99 0.259  0.033 0.559  3.840 0.000  6.911 0.000 999.99 0.259  12.779 0.000   3.381 0.000   9.398 0.000 0.140 0.000  0.242 0.559
187.25 188.25  39.35 0.000  1.90 0.000 0.019 0.000 9.99 0.259  0.079 0.559  3.046 0.000  5.483 0.000 999.99 0.259  29.698 0.000  17.313 0.000  12.385 0.000 0.093 0.000  0.740 0.559
190.25 191.25  14.38 0.000  1.22 0.000 0.006 0.000 9.99 0.259  0.025 0.559  1.057 0.000  1.902 0.000 999.99 0.259   8.252 0.000   4.105 0.000   4.147 0.000 0.021 0.000  0.296 0.559
193.25 194.25  32.39 0.000  2.13 0.000 9.999 0.259 0.18 0.000  0.075 0.559  1.354 0.000  2.436 0.000 999.99 0.259  17.538 0.000   3.409 0.000  14.129 0.000 0.029 0.000  2.418 0.559
196.25 197.25  51.41 0.000  1.97 0.000 9.999 0.259 9.99 0.259  0.055 0.559  2.712 0.000  4.881 0.000 999.99 0.259  22.658 0.000  11.132 0.000  11.526 0.000 0.129 0.000  0.971 0.559
199.25 200.25 999.99 0.999 99.99 0.999 9.999 0.999 9.99 0.999 99.999 0.999 99.999 0.999 99.999 0.999 999.99 0.999 999.999 0.999 999.999 0.999 999.999 0.999 9.999 0.999 99.999 0.999
202.25 203.25 999.99 0.999 99.99 0.999 9.999 0.999 9.99 0.999 99.999 0.999 99.999 0.999 99.999 0.999 999.99 0.999 999.999 0.999 999.999 0.999 999.999 0.999 9.999 0.999 99.999 0.999
205.25 206.25 999.99 0.999 99.99 0.999 9.999 0.999 9.99 0.999 99.999 0.999 99.999 0.999 99.999 0.999 999.99 0.999 999.999 0.999 999.999 0.999 999.999 0.999 9.999 0.999 99.999 0.999
208.25 209.25  41.28 0.000  1.85 0.000 0.013 0.000 9.99 0.259  0.067 0.559  1.723 0.000  3.101 0.000 999.99 0.259  20.401 0.000  12.438 0.000   7.963 0.000 0.052 0.000  0.605 0.559
211.25 212.25  57.09 0.000  1.31 0.000 0.027 0.000 0.26 0.000  0.060 0.559  1.305 0.000  2.349 0.000 999.99 0.259  24.715 0.000  17.278 0.000   7.436 0.000 0.048 0.000  0.636 0.559
214.25 215.25 999.99 0.999 99.99 0.999 9.999 0.999 9.99 0.999 99.999 0.999 99.999 0.999 99.999 0.999 999.99 0.999 999.999 0.999 999.999 0.999 999.999 0.999 9.999 0.999 99.999 0.999
217.25 218.25 999.99 0.999 99.99 0.999 9.999 0.999 9.99 0.999 99.999 0.999 99.999 0.999 99.999 0.999 999.99 0.999 999.999 0.999 999.999 0.999 999.999 0.999 9.999 0.999 99.999 0.999
220.25 221.25 999.99 0.999 99.99 0.999 9.999 0.999 9.99 0.999 99.999 0.999 99.999 0.999 99.999 0.999 999.99 0.999 999.999 0.999 999.999 0.999 999.999 0.999 9.999 0.999 99.999 0.999
223.25 224.25  31.44 0.000  2.73 0.000 9.999 0.259 0.18 0.000  0.061 0.559  1.319 0.559  2.373 0.559 999.99 0.259   8.178 0.000 999.999 0.259  10.869 0.000 0.031 0.000  1.582 0.559
226.25 227.25  18.12 0.000  0.98 0.000 0.013 0.000 9.99 0.259  0.021 0.000  0.844 0.000  1.519 0.000 999.99 0.259 999.999 0.456 999.999 0.999   3.418 0.000 0.025 0.000  0.268 0.000
229.25 230.25  52.38 0.000  4.78 0.000 9.999 0.259 0.11 0.000  0.283 0.000  2.267 0.000  4.081 0.000 999.99 0.259  21.378 0.000   7.658 0.000  13.721 0.000 0.051 0.000  1.699 0.000
232.25 233.25  15.47 0.000  2.50 0.000 9.999 0.259 9.99 0.259  0.066 0.000  1.234 0.559  2.222 0.559 999.99 0.259  14.149 0.000   6.639 0.000   7.509 0.000 0.050 0.000  0.865 0.000
235.25 236.25  23.74 0.000  2.36 0.000 9.999 0.259 9.99 0.259  0.157 0.559  1.775 0.000  3.194 0.000 999.99 0.259  12.254 0.000   3.931 0.000   8.323 0.000 0.044 0.000  0.858 0.559
238.25 239.25  31.48 0.000  2.19 0.000 9.999 0.259 9.99 0.259  0.021 0.559  1.455 0.000  2.620 0.000 999.99 0.259  10.514 0.000   5.501 0.000   5.013 0.000 0.043 0.000  0.316 0.559
241.25 242.25  31.29 0.000  1.44 0.000 9.999 0.259 0.12 0.000  0.107 0.559  1.858 0.000  3.344 0.000 999.99 0.259  13.606 0.000   5.038 0.000   8.568 0.000 0.039 0.000  0.815 0.559
244.25 245.25  30.51 0.000  2.58 0.000 9.999 0.259 0.22 0.000  0.082 0.559  1.459 0.000  2.627 0.000 999.99 0.259  10.398 0.000   3.776 0.000   6.623 0.000 0.042 0.000  0.564 0.559
247.25 248.25  26.59 0.000  2.39 0.000 9.999 0.259 9.99 0.259  0.068 0.559  1.577 0.000  2.838 0.000 999.99 0.259  10.245 0.000   4.202 0.000   6.043 0.000 0.034 0.000  0.485 0.559
250.25 251.25  39.63 0.000  2.52 0.000 9.999 0.259 9.99 0.259  0.057 0.559  1.084 0.000  1.951 0.000 999.99 0.259  16.497 0.000   9.758 0.000   6.739 0.000 0.041 0.000  0.663 0.559
253.25 254.25   2.47 0.000  1.16 0.000 9.999 0.259 9.99 0.259  0.039 0.559  0.273 0.000  0.492 0.000 999.99 0.259   2.408 0.000   0.700 0.000   1.708 0.000 0.008 0.000  0.185 0.559
256.25 257.25  18.85 0.000  2.16 0.000 9.999 0.259 9.99 0.259  0.153 0.559  0.752 0.000  1.354 0.000 999.99 0.259   8.933 0.000   3.934 0.000   4.999 0.000 0.018 0.000  0.542 0.559
259.25 260.25  16.20 0.000  1.59 0.000 9.999 0.259 9.99 0.259  0.056 0.559  1.013 0.000  1.824 0.000 999.99 0.259  11.908 0.000   5.536 0.000   6.372 0.000 0.033 0.000  0.698 0.559
262.25 263.25  11.30 0.000  1.10 0.000 9.999 0.259 9.99 0.259  0.094 0.559  0.374 0.000  0.672 0.000 999.99 0.259   4.601 0.000   2.286 0.000   2.315 0.000 0.022 0.000  0.209 0.559
