scripts/IMPROVE-2019_partial/data/US0045R.20070103050000.20191216000000.filterpack...1y.3d.US03L_filterpack_US0045.US03L_IMPROVE_Davis.lev2.nas
52 1001
MISSING INFORMATION
US03L, IMPROVE, , , , , , , 
MISSING INFORMATION
IMPROVE sel_HTAP
1 1
2007 01 01 2019 12 16
3.000000
days from file reference point
5
1 1 1 1 1
999.999999 999.999 9.999 999.999 9.999
end_time of measurement, days from the file reference point
pm10_mass, ug/m3, Matrix=pm10
numflag pm10_mass, no unit, Matrix=pm10
pm25_mass, ug/m3, Matrix=pm25
numflag pm25_mass, no unit, Matrix=pm25
0
33
Data definition:              EBAS_1.1
Set type code:                TU
Timezone:                     UTC
File name:                    US0045R.20070103050000.20191216000000.filterpack...1y.3d.US03L_filterpack_US0045.US03L_IMPROVE_Davis.lev2.nas
File creation:                20191218115811
Startdate:                    20070103050000
Revision date:                20191216000000
Version:                      2
Version description:          "Data extracted from http://views.cira.colostate.edu/fed/DataWizard 2019-12-16"
Statistics:                   arithmetic mean
Data level:                   2
Period code:                  1y
Resolution code:              3d
Sample duration:              1d
Orig. time res.:              3d
Station code:                 US0045R
Platform code:                US0045S
Station name:                 Isle Royale NP
Station latitude:             47.4596
Station longitude:            -88.1491
Station altitude:             182.0 m
Regime:                       IMG
Component:                    
Unit:                         ug/m3
Matrix:                       
Laboratory code:              US03L
Instrument type:              filterpack
Instrument name:              filterpack_US0045
Method ref:                   US03L_IMPROVE_Davis
Blank correction:             Blank corrected
Volume std. temperature:      ambient
Volume std. pressure:         ambient
starttime endtime PM10 flag_PM10 PM2.5 flag_PM2.5
  2.208333   3.208333   4.930 0.000   4.170 0.000
  5.208333   6.208333   1.162 0.000   1.211 0.000
  8.208333   9.208333 999.999 0.456 999.999 0.456
 11.208333  12.208333   1.614 0.000   0.980 0.000
 14.208333  15.208333   1.275 0.000   0.921 0.000
 17.208333  18.208333  12.462 0.000   8.905 0.000
 20.208333  21.208333   6.816 0.000   4.959 0.000
 23.208333  24.208333   2.639 0.000   1.243 0.000
 26.208333  27.208333   3.648 0.000   2.442 0.000
 29.208333  30.208333   1.951 0.000   0.991 0.000
 32.208333  33.208333   5.517 0.000   2.356 0.000
 35.208333  36.208333   2.323 0.000   1.902 0.000
 38.208333  39.208333   2.078 0.000   1.661 0.000
 41.208333  42.208333   3.791 0.000   2.454 0.000
 44.208333  45.208333   5.353 0.000   2.692 0.000
 47.208333  48.208333   4.805 0.000   3.276 0.000
 50.208333  51.208333   5.714 0.000   5.252 0.000
 53.208333  54.208333   3.920 0.000   2.054 0.000
 56.208333  57.208333   2.082 0.000   1.421 0.000
 59.208333  60.208333   4.755 0.000   1.555 0.000
 62.208333  63.208333   3.278 0.000 999.999 0.999
 65.208333  66.208333   2.000 0.000 999.999 0.999
 68.208333  69.208333   5.683 0.000 999.999 0.999
 71.208333  72.208333   8.307 0.000 999.999 0.456
 74.208333  75.208333   5.675 0.000 999.999 0.999
 77.208333  78.208333   6.894 0.000 999.999 0.999
 80.208333  81.208333   6.500 0.000 999.999 0.999
 83.208333  84.208333   9.995 0.000 999.999 0.999
 86.208333  87.208333   2.663 0.000 999.999 0.999
 89.208333  90.208333   2.572 0.000   1.696 0.000
 92.208333  93.208333   1.057 0.000   1.296 0.000
 95.208333  96.208333  10.544 0.000   2.294 0.000
 98.208333  99.208333   2.453 0.000   1.703 0.000
101.208333 102.208333   8.882 0.000   2.076 0.000
104.208333 105.208333   7.373 0.000   5.070 0.000
107.208333 108.208333   4.896 0.000   2.834 0.000
110.208333 111.208333  13.807 0.000   6.137 0.000
113.208333 114.208333   2.900 0.000   2.135 0.000
116.208333 117.208333   7.328 0.000   3.709 0.000
119.208333 120.208333   4.112 0.000   2.738 0.000
122.208333 123.208333   4.156 0.000   1.781 0.000
125.208333 126.208333  14.465 0.000   2.857 0.000
128.208333 129.208333  12.918 0.000   7.647 0.000
131.208333 132.208333   2.579 0.000   1.555 0.000
134.208333 135.208333   4.302 0.000   3.664 0.000
137.208333 138.208333  16.593 0.000   4.130 0.000
140.208333 141.208333   5.925 0.000   3.672 0.000
143.208333 144.208333   9.666 0.000   3.700 0.000
146.208333 147.208333   4.056 0.000   1.549 0.000
149.208333 150.208333  23.860 0.000  15.875 0.000
152.208333 153.208333   5.077 0.000   3.855 0.000
155.208333 156.208333   2.558 0.000   1.324 0.000
158.208333 159.208333   9.188 0.000   2.941 0.000
161.208333 162.208333  20.267 0.000  11.305 0.000
164.208333 165.208333  24.145 0.000  12.977 0.000
167.208333 168.208333  24.665 0.000   4.873 0.000
170.208333 171.208333  12.379 0.000   5.351 0.000
173.208333 174.208333  12.370 0.000   7.967 0.000
176.208333 177.208333  19.076 0.000  13.019 0.000
179.208333 180.208333   5.931 0.000   2.482 0.000
182.208333 183.208333   4.575 0.000   2.164 0.000
185.208333 186.208333  10.480 0.000   5.587 0.000
188.208333 189.208333  12.083 0.000   6.465 0.000
191.208333 192.208333   5.281 0.000   1.925 0.000
194.208333 195.208333   3.123 0.000   2.003 0.000
197.208333 198.208333   9.915 0.000   7.404 0.000
200.208333 201.208333   6.883 0.000   2.434 0.000
203.208333 204.208333  15.142 0.000   8.746 0.000
206.208333 207.208333  25.257 0.000  15.696 0.000
209.208333 210.208333  16.138 0.000   8.936 0.000
212.208333 213.208333  28.563 0.000  16.234 0.000
215.208333 216.208333   9.126 0.000   3.580 0.000
218.208333 219.208333   8.717 0.000   4.996 0.000
221.208333 222.208333  11.654 0.000   6.367 0.000
224.208333 225.208333   4.602 0.000   2.215 0.000
227.208333 228.208333   3.145 0.000   1.258 0.000
230.208333 231.208333   3.880 0.000   1.099 0.000
233.208333 234.208333   6.700 0.000   3.664 0.000
236.208333 237.208333   3.565 0.000   1.696 0.000
239.208333 240.208333   7.788 0.000   6.366 0.000
242.208333 243.208333   6.093 0.000   2.324 0.000
245.208333 246.208333   5.784 0.000   3.148 0.000
248.208333 249.208333  24.430 0.000  15.680 0.000
251.208333 252.208333   2.118 0.000   0.831 0.000
254.208333 255.208333   1.974 0.000   0.579 0.000
257.208333 258.208333   9.467 0.000   1.960 0.000
260.208333 261.208333  16.647 0.000  10.886 0.000
263.208333 264.208333  11.356 0.000   7.597 0.000
266.208333 267.208333  16.301 0.000   9.333 0.000
269.208333 270.208333   6.344 0.000   3.015 0.000
272.208333 273.208333  16.105 0.000   9.258 0.000
275.208333 276.208333   7.979 0.000   3.319 0.000
278.208333 279.208333   3.137 0.000   1.875 0.000
281.208333 282.208333   3.575 0.000   1.047 0.000
284.208333 285.208333   1.875 0.000   0.731 0.000
287.208333 288.208333   4.144 0.000   1.402 0.000
290.208333 291.208333   7.886 0.000   4.826 0.000
293.208333 294.208333   8.295 0.000   3.920 0.000
296.208333 297.208333   1.664 0.000   0.966 0.000
299.208333 300.208333   3.849 0.000   2.090 0.000
302.208333 303.208333  20.601 0.000   7.510 0.000
305.208333 306.208333  14.218 0.000   3.497 0.000
308.208333 309.208333   3.103 0.000   2.264 0.000
311.208333 312.208333   4.734 0.000   3.100 0.000
314.208333 315.208333  27.178 0.000  20.344 0.000
317.208333 318.208333  12.574 0.000   2.202 0.000
320.208333 321.208333 999.999 0.999 999.999 0.999
323.208333 324.208333   1.730 0.000   1.710 0.000
326.208333 327.208333   4.669 0.000   2.707 0.000
329.208333 330.208333   3.027 0.000   2.524 0.000
332.208333 333.208333   5.754 0.000   2.204 0.000
335.208333 336.208333   2.037 0.000   1.469 0.000
338.208333 339.208333   5.923 0.000   1.145 0.000
341.208333 342.208333   6.480 0.000   1.648 0.000
344.208333 345.208333   9.382 0.000   8.077 0.000
347.208333 348.208333  17.863 0.000   1.455 0.000
350.208333 351.208333   7.732 0.000   6.462 0.000
353.208333 354.208333  14.864 0.000   8.072 0.000
356.208333 357.208333   4.833 0.000   4.179 0.000
359.208333 360.208333   2.859 0.000   2.202 0.000
362.208333 363.208333   2.133 0.000   1.832 0.000
