scripts/IMPROVE-2019_partial/data/US0026R.20030103080000.20191216000000.filterpack..pm25.1y.1w.US03L_filterpack_US0026.US03L_IMPROVE_Davis.lev2.nas
66 1001
MISSING INFORMATION
US03L, IMPROVE, , , , , , , 
MISSING INFORMATION
IMPROVE sel_HTAP
1 1
2003 01 01 2019 12 16
3.000000
days from file reference point
27
1 1 1 1 1 1 1 1 1 1 1 1 1 1 1 1 1 1 1 1 1 1 1 1 1 1 1
999.999999 9999.99 9.999 99.99 9.999 9.999 9.999999 9.99 9.999999 9.999 9.999 999.999 9.999 999.999 9.999 999.99 9.999999 999.999 9.999 999.999 9.999 999.999 9.999 9.999 9.999 9.999 9.999
end_time of measurement, days from the file reference point
iron, ng/m3, Revision date=20181210133000
numflag iron, no unit, Revision date=20181210133000
lead, ng/m3, Revision date=20181210133000
numflag lead, no unit, Revision date=20181210133000
magnesium, ug/m3, Revision date=20181210133000
numflag magnesium, no unit, Revision date=20181210133000
nickel, ng/m3, Revision date=20181210133000
numflag nickel, no unit, Revision date=20181210133000
nitrate, ug N/m3, Revision date=20181210133000
numflag nitrate, no unit, Revision date=20181210133000
organic_carbon, ug C/m3, Revision date=20181210133000
numflag organic_carbon, no unit, Revision date=20181210133000
organic_mass, ug/m3, Revision date=20181210133000
numflag organic_mass, no unit, Revision date=20181210133000
phosphorus, ng/m3, Revision date=20181210133000
numflag phosphorus, no unit, Revision date=20181210133000
pm10_mass, ug/m3, Version=2, Version description=Data extracted from http://views.cira.colostate.edu/fed/DataWizard 2019-12-16, Sample duration=1d, Orig. time res.=3d, Matrix=pm10, Blank correction=Blank corrected, Volume std. temperature=ambient, Volume std. pressure=ambient
numflag pm10_mass, no unit, Version=2, Version description=Data extracted from http://views.cira.colostate.edu/fed/DataWizard 2019-12-16, Sample duration=1d, Orig. time res.=3d, Matrix=pm10, Blank correction=Blank corrected, Volume std. temperature=ambient, Volume std. pressure=ambient
pm10_pm25_mass, ug/m3, Revision date=20181210133000, Matrix=pm10_pm25
numflag pm10_pm25_mass, no unit, Revision date=20181210133000, Matrix=pm10_pm25
pm25_mass, ug/m3, Version=2, Version description=Data extracted from http://views.cira.colostate.edu/fed/DataWizard 2019-12-16, Sample duration=1d, Orig. time res.=3d, Blank correction=Blank corrected, Volume std. temperature=ambient, Volume std. pressure=ambient
numflag pm25_mass, no unit, Version=2, Version description=Data extracted from http://views.cira.colostate.edu/fed/DataWizard 2019-12-16, Sample duration=1d, Orig. time res.=3d, Blank correction=Blank corrected, Volume std. temperature=ambient, Volume std. pressure=ambient
potassium, ug/m3, Revision date=20181210133000
numflag potassium, no unit, Revision date=20181210133000
sulphate_total, ug S/m3, Revision date=20181210133000
numflag sulphate_total, no unit, Revision date=20181210133000
0
25
Data definition:              EBAS_1.1
Set type code:                TU
Timezone:                     UTC
File name:                    US0026R.20030103080000.20191216000000.filterpack..pm25.1y.1w.US03L_filterpack_US0026.US03L_IMPROVE_Davis.lev2.nas
File creation:                20191218115710
Startdate:                    20030103080000
Revision date:                20191216000000
Statistics:                   arithmetic mean
Data level:                   2
Period code:                  1y
Resolution code:              1w
Station code:                 US0026R
Platform code:                US0026S
Station name:                 Lava Beds NM
Station latitude:             41.7117
Station longitude:            -121.5068
Station altitude:             1459.0 m
Regime:                       IMG
Component:                    
Matrix:                       pm25
Laboratory code:              US03L
Instrument type:              filterpack
Instrument name:              filterpack_US0026
Method ref:                   US03L_IMPROVE_Davis
starttime endtime Fe flag_Fe Pb flag_Pb Mg++ flag_Mg++ Ni flag_Ni NO3- flag_NO3- OC flag_OC OM flag_OM P flag_P PM10 flag_PM10 PM10-PM2.5 flag_PM10-PM2.5 PM2.5 flag_PM2.5 K+ flag_K+ SO4-- flag_SO4--
[from data line 81]
245.333333 246.333333   46.69 0.000  0.38 0.000 9.999 0.259000 0.09 0.000000 0.014 0.559   1.907 0.000   2.669 0.000 999.99 0.259000  10.458 0.000   5.367 0.000   5.090 0.000 0.033 0.000 0.172 0.559
248.333333 249.333333   35.81 0.000  0.43 0.000 9.999 0.259000 0.11 0.000000 0.026 0.000   0.763 0.000   1.068 0.000 999.99 0.259000   6.136 0.000   3.297 0.000   2.839 0.000 0.020 0.000 0.156 0.000
251.333333 252.333333   14.29 0.000  0.16 0.000 9.999 0.259000 0.12 0.000000 0.019 0.000   0.660 0.000   0.925 0.000 999.99 0.259000   2.899 0.000   1.099 0.000   1.801 0.000 0.008 0.000 0.077 0.000
254.333333 255.333333   11.09 0.000  0.30 0.000 9.999 0.259000 9.99 0.259000 0.010 0.000   0.573 0.000   0.802 0.000 999.99 0.259000   3.657 0.000   1.983 0.000   1.674 0.000 0.015 0.000 0.073 0.000
257.333333 258.333333   17.96 0.000  0.30 0.000 9.999 0.259000 9.99 0.259000 0.017 0.000   1.414 0.000   1.980 0.000 999.99 0.259000   5.787 0.000   2.376 0.000   3.411 0.000 0.023 0.000 0.094 0.000
260.333333 261.333333   24.90 0.000  0.31 0.000 9.999 0.259000 9.99 0.259000 0.013 0.000   0.735 0.000   1.029 0.000 999.99 0.259000   4.258 0.000   2.981 0.000   1.277 0.000 0.012 0.000 0.038 0.000
263.333333 264.333333   47.70 0.000  1.16 0.000 9.999 0.259000 9.99 0.259000 0.015 0.000   0.992 0.000   1.389 0.000 999.99 0.259000   6.366 0.000   3.179 0.000   3.187 0.000 0.039 0.000 0.190 0.000
266.333333 267.333333   51.42 0.000  0.54 0.000 9.999 0.259000 0.05 0.000000 0.030 0.000   3.286 0.000   4.600 0.000 999.99 0.259000  10.232 0.000   3.255 0.000   6.976 0.000 0.052 0.000 0.153 0.000
269.333333 270.333333   68.52 0.000  0.23 0.000 9.999 0.259000 9.99 0.259000 0.008 0.000   1.406 0.000   1.968 0.000 999.99 0.259000   6.738 0.000   3.505 0.000   3.233 0.000 0.031 0.000 0.039 0.000
272.333333 273.333333   35.06 0.000  0.43 0.000 9.999 0.259000 0.08 0.000000 0.047 0.000   3.431 0.000   4.803 0.000 999.99 0.259000  10.505 0.000   2.485 0.000   8.020 0.000 0.030 0.000 0.226 0.000
275.333333 276.333333  114.63 0.559  0.54 0.559 9.999 0.559259 9.99 0.559259 0.027 0.000   2.510 0.000   3.514 0.000 999.99 0.559259  15.261 0.000   7.858 0.000   7.403 0.559 0.058 0.559 0.247 0.000
278.333333 279.333333   60.94 0.000  0.38 0.000 0.027 0.000000 0.05 0.000000 0.015 0.000   1.829 0.000   2.560 0.000 999.99 0.259000   8.639 0.000   3.407 0.000   5.233 0.000 0.038 0.000 0.156 0.000
281.333333 282.333333   41.13 0.000  0.19 0.000 9.999 0.259000 0.10 0.000000 0.037 0.000   0.184 0.000   0.258 0.000 999.99 0.259000   4.423 0.000   1.890 0.000   2.533 0.000 0.020 0.000 0.081 0.000
284.333333 285.333333   12.21 0.000  0.25 0.000 9.999 0.259000 9.99 0.259000 0.040 0.559   0.361 0.000   0.505 0.000  14.75 0.000000   5.229 0.000   2.712 0.000   2.517 0.000 0.019 0.000 0.098 0.559
287.333333 288.333333   39.78 0.000  0.56 0.000 0.049 0.000000 0.10 0.000000 0.030 0.000   0.646 0.000   0.904 0.000 999.99 0.259000   6.903 0.000   4.087 0.000   2.816 0.000 0.047 0.000 0.116 0.000
290.333333 291.333333   55.32 0.000  1.01 0.000 9.999 0.259000 0.10 0.000000 0.042 0.000   0.837 0.000   1.172 0.000 999.99 0.259000   8.953 0.000   5.012 0.000   3.941 0.000 0.042 0.000 0.195 0.000
293.333333 294.333333   19.03 0.000  0.31 0.000 9.999 0.259000 9.99 0.259000 0.005 0.000   0.305 0.000   0.427 0.000 999.99 0.259000   2.605 0.000   1.183 0.000   1.422 0.000 0.007 0.000 0.071 0.000
296.333333 297.333333   55.99 0.699  0.40 0.699 9.999 0.699259 9.99 0.699259 0.052 0.000   2.602 0.000   3.643 0.000 999.99 0.699259  11.352 0.000   4.853 0.000   6.500 0.699 0.111 0.699 0.073 0.000
299.333333 300.333333   39.95 0.000  0.24 0.000 9.999 0.259000 9.99 0.259000 0.007 0.559   0.594 0.000   0.832 0.000   3.73 0.000000   4.200 0.000   2.077 0.000   2.123 0.000 0.020 0.000 0.028 0.559
302.333333 303.333333 9999.99 0.999 99.99 0.999 9.999 0.999000 9.99 0.999000 9.999 0.999 999.999 0.999 999.999 0.999 999.99 0.999000 999.999 0.999 999.999 0.999 999.999 0.999 9.999 0.999 9.999 0.999
305.333333 306.333333   30.20 0.000  0.29 0.000 9.999 0.259000 0.08 0.000000 0.020 0.000   0.471 0.000   0.659 0.000 999.99 0.259000   3.945 0.000   1.987 0.000   1.958 0.000 0.016 0.000 0.079 0.000
308.333333 309.333333    1.60 0.000  0.17 0.000 9.999 0.259000 9.99 0.259000 0.037 0.000   0.722 0.000   1.010 0.000 999.99 0.259000   1.890 0.000   0.324 0.000   1.566 0.000 0.052 0.000 0.041 0.000
311.333333 312.333333    5.65 0.000  0.42 0.000 9.999 0.259000 9.99 0.259000 0.072 0.000   1.067 0.000   1.494 0.000 999.99 0.259000   3.082 0.000   0.441 0.000   2.641 0.000 0.017 0.000 0.106 0.000
314.333333 315.333333    5.43 0.000  0.42 0.000 9.999 0.259000 0.09 0.000000 0.012 0.559   1.028 0.000   1.440 0.000 999.99 0.259000   4.150 0.000   2.094 0.000   2.057 0.000 0.017 0.000 0.062 0.559
317.333333 318.333333    6.72 0.000  0.39 0.000 9.999 0.259000 0.17 0.000000 0.254 0.000   1.594 0.000   2.232 0.000 999.99 0.259000   5.656 0.000   1.636 0.000   4.020 0.000 0.032 0.000 0.178 0.000
320.333333 321.333333    6.04 0.000  0.09 0.000 0.037 0.000000 9.99 0.259000 0.037 0.000   0.616 0.000   0.863 0.000 999.99 0.259000 999.999 0.456 999.999 0.999   3.348 0.000 0.026 0.000 0.081 0.000
323.333333 324.333333    1.02 0.000  0.23 0.000 9.999 0.259000 0.10 0.000000 0.039 0.000   1.440 0.000   2.016 0.000 999.99 0.259000   3.202 0.000   0.337 0.000   2.865 0.000 0.030 0.000 0.039 0.000
326.333333 327.333333    3.53 0.000  0.55 0.000 0.054 0.000000 9.99 0.259000 0.033 0.000   1.739 0.000   2.435 0.000 999.99 0.259000   3.176 0.000   0.556 0.000   2.619 0.000 0.012 0.000 0.058 0.000
329.333333 330.333333    0.98 0.000  0.14 0.000 9.999 0.259000 0.03 0.000000 0.011 0.559   0.201 0.000   0.282 0.000   1.56 0.000000   1.747 0.000   0.852 0.000   0.894 0.000 0.005 0.000 0.052 0.559
332.333333 333.333333    8.14 0.000  0.33 0.000 9.999 0.259000 9.99 0.259000 0.009 0.000   0.616 0.000   0.862 0.000 999.99 0.259000   2.121 0.000   0.974 0.000   1.147 0.000 0.006 0.000 0.038 0.000
335.333333 336.333333    0.47 0.000  0.11 0.000 9.999 0.259000 0.06 0.000000 0.011 0.000   0.368 0.000   0.515 0.000 999.99 0.259000   0.376 0.000   0.018 0.000   0.359 0.000 0.003 0.000 0.010 0.000
338.333333 339.333333    0.37 0.000  0.13 0.000 9.999 0.259000 0.05 0.000000 0.005 0.000   0.201 0.000   0.281 0.000 999.99 0.259000   0.496 0.000   0.378 0.000   0.118 0.000 9.999 0.259 0.003 0.000
341.333333 342.333333    0.30 0.000 99.99 0.259 9.999 0.259000 0.06 0.000000 0.002 0.000   0.160 0.000   0.224 0.000 999.99 0.259000   0.374 0.000   0.230 0.000   0.144 0.000 0.001 0.000 0.006 0.000
344.333333 345.333333    2.47 0.000  0.08 0.000 0.063 0.000000 0.05 0.000000 0.012 0.000   0.472 0.000   0.661 0.000 999.99 0.259000   0.457 0.000 999.999 0.259   0.522 0.000 0.003 0.000 0.008 0.000
347.333333 348.333333    0.71 0.000  0.17 0.000 9.999 0.259000 0.08 0.000000 0.001 0.559   0.142 0.000   0.198 0.000   0.51 0.000000   0.579 0.000   0.520 0.000   0.059 0.000 0.002 0.000 0.008 0.559
350.333333 351.333333    4.06 0.000  0.27 0.000 9.999 0.259000 9.99 0.259000 0.020 0.559   0.770 0.000   1.078 0.000 999.99 0.259000   1.497 0.000   0.210 0.000   1.287 0.000 0.005 0.000 0.023 0.559
353.333333 354.333333    2.05 0.000  0.12 0.000 9.999 0.259000 0.07 0.000000 0.010 0.000   0.395 0.000   0.553 0.000 999.99 0.259000   0.499 0.000   0.044 0.000   0.455 0.000 0.003 0.000 0.009 0.000
356.333333 357.333333    4.60 0.000  0.19 0.000 0.034 0.000000 0.06 0.000000 0.032 0.000   0.400 0.000   0.560 0.000 999.99 0.259000   1.054 0.000   0.496 0.000   0.558 0.000 0.005 0.000 0.021 0.000
359.333333 360.333333    1.21 0.000  0.26 0.000 9.999 0.259000 9.99 0.259000 0.015 0.559   0.165 0.000   0.231 0.000   0.85 0.000000   1.331 0.000   0.639 0.000   0.691 0.000 0.004 0.000 0.044 0.559
362.333333 363.333333    4.20 0.000  0.36 0.000 9.999 0.259000 9.99 0.259000 0.001 0.559   0.270 0.000   0.378 0.000 999.99 0.259000   5.198 0.000   4.861 0.000   0.337 0.000 0.002 0.000 0.001 0.559
