scripts/IMPROVE-2019_partial/data/US0050R.20130101060000.20191216000000.filterpack...52w.3d.US03L_filterpack_US0050.US03L_IMPROVE_Davis.lev2.nas
52 1001
MISSING INFORMATION
US03L, IMPROVE, , , , , , , 
MISSING INFORMATION
IMPROVE sel_HTAP
1 1
2013 01 01 2019 12 16
3.00
days from file reference point
5
1 1 1 1 1
999.99 999.999 9.999 999.999 9.999
end_time of measurement, days from the file reference point
pm10_mass, ug/m3, Matrix=pm10
numflag pm10_mass, no unit, Matrix=pm10
pm25_mass, ug/m3, Matrix=pm25
numflag pm25_mass, no unit, Matrix=pm25
0
33
Data definition:              EBAS_1.1
Set type code:                TU
Timezone:                     UTC
File name:                    US0050R.20130101060000.20191216000000.filterpack...52w.3d.US03L_filterpack_US0050.US03L_IMPROVE_Davis.lev2.nas
File creation:                20191218115827
Startdate:                    20130101060000
Revision date:                20191216000000
Version:                      2
Version description:          "Data extracted from http://views.cira.colostate.edu/fed/DataWizard 2019-12-16"
Statistics:                   arithmetic mean
Data level:                   2
Period code:                  52w
Resolution code:              3d
Sample duration:              1d
Orig. time res.:              3d
Station code:                 US0050R
Platform code:                US0050S
Station name:                 Blue Mounds
Station latitude:             43.7158
Station longitude:            -96.1913
Station altitude:             473.0 m
Regime:                       IMG
Component:                    
Unit:                         ug/m3
Matrix:                       
Laboratory code:              US03L
Instrument type:              filterpack
Instrument name:              filterpack_US0050
Method ref:                   US03L_IMPROVE_Davis
Blank correction:             Blank corrected
Volume std. temperature:      ambient
Volume std. pressure:         ambient
starttime endtime PM10 flag_PM10 PM2.5 flag_PM2.5
  0.25   1.25  11.037 0.000   8.903 0.000
  3.25   4.25  11.039 0.000   7.236 0.000
  6.25   7.25  14.563 0.000   9.764 0.000
  9.25  10.25  10.631 0.000   7.356 0.000
 12.25  13.25   7.000 0.000   4.542 0.000
 15.25  16.25   4.267 0.000   2.454 0.000
 18.25  19.25   4.932 0.000   2.717 0.000
 21.25  22.25   9.194 0.000   4.983 0.000
 24.25  25.25  15.282 0.000   7.338 0.000
 27.25  28.25   5.399 0.000   4.511 0.000
 30.25  31.25   8.112 0.000   4.294 0.000
 33.25  34.25   8.397 0.000   4.518 0.000
 36.25  37.25  13.686 0.000   9.590 0.000
 39.25  40.25  19.516 0.000  16.482 0.000
 42.25  43.25   7.361 0.000   5.704 0.000
 45.25  46.25   5.388 0.000   3.453 0.000
 48.25  49.25   7.589 0.000   4.222 0.000
 51.25  52.25  21.044 0.000  10.733 0.000
 54.25  55.25  30.479 0.000  25.413 0.000
 57.25  58.25  11.797 0.000   9.763 0.000
 60.25  61.25  14.811 0.000   9.168 0.000
 63.25  64.25   9.435 0.000   5.518 0.000
 66.25  67.25  26.560 0.000  22.127 0.000
 69.25  70.25   6.613 0.000   4.802 0.000
 72.25  73.25  14.934 0.000  10.312 0.000
 75.25  76.25   8.222 0.000   5.829 0.000
 78.25  79.25   7.548 0.000   4.730 0.000
 81.25  82.25  15.442 0.000  10.072 0.000
 84.25  85.25   8.849 0.000   3.593 0.000
 87.25  88.25  27.440 0.000  16.034 0.000
 90.25  91.25   6.174 0.000   2.103 0.000
 93.25  94.25  13.707 0.000   6.275 0.000
 96.25  97.25  19.977 0.000  14.933 0.000
 99.25 100.25 999.999 0.999 999.999 0.999
102.25 103.25 999.999 0.999 999.999 0.999
105.25 106.25 999.999 0.999 999.999 0.999
108.25 109.25   5.779 0.000   3.188 0.000
111.25 112.25   5.929 0.000   4.603 0.000
114.25 115.25   9.714 0.000   3.722 0.000
117.25 118.25  22.860 0.000   7.694 0.000
120.25 121.25   7.114 0.000   3.867 0.000
123.25 124.25   1.676 0.000   0.973 0.000
126.25 127.25  16.582 0.000   7.915 0.000
129.25 130.25  19.290 0.000   4.176 0.000
132.25 133.25  51.250 0.000   6.616 0.000
135.25 136.25  40.764 0.000  13.223 0.000
138.25 139.25  14.324 0.000   9.232 0.000
141.25 142.25   1.284 0.000   0.384 0.000
144.25 145.25   9.910 0.000   5.657 0.000
147.25 148.25   4.322 0.000   2.818 0.000
150.25 151.25   5.166 0.000   0.857 0.000
153.25 154.25  13.569 0.000   3.275 0.000
156.25 157.25   5.779 0.000   2.510 0.000
159.25 160.25   5.664 0.000   4.104 0.000
162.25 163.25   9.270 0.000   3.861 0.000
165.25 166.25  13.790 0.000   5.818 0.000
168.25 169.25  13.811 0.000   3.727 0.000
171.25 172.25  34.163 0.000  12.950 0.000
174.25 175.25  10.929 0.000   5.404 0.000
177.25 178.25  12.645 0.000   2.492 0.000
180.25 181.25  22.782 0.000  15.025 0.000
183.25 184.25  26.757 0.000  16.533 0.000
186.25 187.25  31.771 0.000  15.996 0.000
189.25 190.25  11.932 0.000   5.231 0.000
192.25 193.25  37.067 0.000  12.851 0.000
195.25 196.25  26.105 0.000  13.366 0.000
198.25 199.25  25.477 0.000   6.631 0.000
201.25 202.25  17.210 0.000   7.334 0.000
204.25 205.25  17.148 0.000   4.231 0.000
207.25 208.25  15.143 0.000   2.616 0.000
210.25 211.25  20.433 0.000   5.525 0.000
213.25 214.25  13.654 0.000   5.037 0.000
216.25 217.25  13.212 0.000   5.864 0.000
219.25 220.25  13.011 0.000   5.816 0.000
222.25 223.25  13.703 0.000  10.848 0.000
225.25 226.25  19.363 0.000   9.085 0.000
228.25 229.25  20.386 0.000   8.912 0.000
231.25 232.25  29.477 0.000  14.556 0.000
234.25 235.25  26.729 0.000  11.158 0.000
237.25 238.25  31.126 0.000  13.400 0.000
240.25 241.25  30.705 0.000   8.727 0.000
243.25 244.25  13.115 0.000   3.878 0.000
246.25 247.25  21.294 0.000   6.329 0.000
249.25 250.25  33.413 0.000  12.402 0.000
252.25 253.25  20.399 0.000   4.145 0.000
255.25 256.25  14.850 0.000   3.430 0.000
258.25 259.25   8.495 0.000   2.639 0.000
261.25 262.25  13.070 0.000   3.182 0.000
264.25 265.25  22.244 0.000   4.250 0.000
267.25 268.25  28.789 0.000   9.986 0.000
270.25 271.25   7.918 0.000   2.931 0.000
273.25 274.25  24.320 0.000   3.800 0.000
276.25 277.25   4.912 0.000   2.014 0.000
279.25 280.25   9.485 0.000   2.779 0.000
282.25 283.25  34.097 0.000   7.615 0.000
285.25 286.25  21.255 0.000   3.559 0.000
288.25 289.25   9.429 0.000   4.399 0.000
291.25 292.25   8.577 0.000   2.155 0.000
294.25 295.25   5.095 0.000   1.894 0.000
297.25 298.25  19.210 0.000   4.099 0.000
300.25 301.25  16.959 0.000   3.054 0.000
303.25 304.25   8.617 0.000   4.287 0.000
306.25 307.25  19.516 0.000   3.919 0.000
309.25 310.25  10.748 0.000   5.926 0.000
312.25 313.25   7.488 0.000 999.999 0.456
315.25 316.25  16.410 0.000   3.298 0.000
318.25 319.25  21.842 0.000   8.256 0.000
321.25 322.25  11.377 0.000   6.653 0.000
324.25 325.25  20.946 0.000   3.865 0.000
327.25 328.25  18.522 0.000   5.219 0.000
330.25 331.25  22.839 0.000   5.134 0.000
333.25 334.25  29.645 0.000  12.348 0.000
336.25 337.25  15.154 0.000  12.833 0.000
339.25 340.25   9.544 0.000   5.082 0.000
342.25 343.25  10.340 0.000   6.503 0.000
345.25 346.25  13.869 0.000   7.833 0.000
348.25 349.25   7.623 0.000   5.245 0.000
351.25 352.25  13.370 0.000   6.527 0.000
354.25 355.25  13.488 0.000   9.008 0.000
357.25 358.25 999.999 0.999 999.999 0.999
360.25 361.25   7.646 0.000   4.997 0.000
363.25 364.25   9.638 0.000   4.452 0.000
