scripts/IMPROVE-2019_partial/data/US0063R.20170101070000.20191216000000.filterpack...52w.3d.US03L_filterpack_US0063.US03L_IMPROVE_Davis.lev2.nas
51 1001
MISSING INFORMATION
US03L, IMPROVE, , , , , , , 
MISSING INFORMATION
IMPROVE sel_HTAP
1 1
2017 01 01 2019 12 16
0
days from file reference point
4
1 1 1 1
999.999999 999.999 999.999 9.999
end_time of measurement, days from the file reference point
pm10_mass, ug/m3, Matrix=pm10
pm25_mass, ug/m3, Matrix=pm25
numflag, no unit
0
33
Data definition:              EBAS_1.1
Set type code:                TI
Timezone:                     UTC
File name:                    US0063R.20170101070000.20191216000000.filterpack...52w.3d.US03L_filterpack_US0063.US03L_IMPROVE_Davis.lev2.nas
File creation:                20191218115931
Startdate:                    20170101070000
Revision date:                20191216000000
Version:                      2
Version description:          "Data extracted from http://views.cira.colostate.edu/fed/DataWizard 2019-12-16"
Statistics:                   arithmetic mean
Data level:                   2
Period code:                  52w
Resolution code:              3d
Sample duration:              1d
Orig. time res.:              3d
Station code:                 US0063R
Platform code:                US0063S
Station name:                 Bosque del Apache
Station latitude:             33.8695
Station longitude:            -106.852
Station altitude:             1389.0 m
Regime:                       IMG
Component:                    
Unit:                         ug/m3
Matrix:                       
Laboratory code:              US03L
Instrument type:              filterpack
Instrument name:              filterpack_US0063
Method ref:                   US03L_IMPROVE_Davis
Blank correction:             Blank corrected
Volume std. temperature:      ambient
Volume std. pressure:         ambient
starttime endtime PM10 PM2.5 flag
  0.291667   1.291667   1.247   1.024 0.000
  3.291667   4.291667   3.810   2.242 0.000
  6.291667   7.291667   3.154   1.775 0.000
  9.291667  10.291667   1.832   0.654 0.000
 12.291667  13.291667   7.999   3.131 0.000
 15.291667  16.291667   1.118   0.918 0.000
 18.291667  19.291667   2.387   1.833 0.000
 21.291667  22.291667   0.581   0.414 0.000
 24.291667  25.291667   1.381   0.503 0.000
 27.291667  28.291667   3.517   1.298 0.000
 30.291667  31.291667   3.589   1.711 0.000
 33.291667  34.291667   5.426   2.059 0.000
 36.291667  37.291667   4.241   1.719 0.000
 39.291667  40.291667   5.528   1.436 0.000
 42.291667  43.291667  20.913   1.994 0.000
 45.291667  46.291667   3.159   1.509 0.000
 48.291667  49.291667   5.081   2.446 0.000
 51.291667  52.291667   1.803   0.861 0.000
 54.291667  55.291667   3.608   1.216 0.000
 57.291667  58.291667   4.088   1.549 0.000
 60.291667  61.291667   5.075   1.236 0.000
 63.291667  64.291667  10.512   4.281 0.000
 66.291667  67.291667   8.102   2.117 0.000
 69.291667  70.291667  11.633   3.272 0.000
 72.291667  73.291667   9.548   1.865 0.000
 75.291667  76.291667   5.900   2.226 0.000
 78.291667  79.291667   6.365   2.308 0.000
 81.291667  82.291667   9.543   1.718 0.000
 84.291667  85.291667   4.170   1.478 0.000
 87.291667  88.291667   1.399   0.532 0.000
 90.291667  91.291667  13.321   4.996 0.000
 93.291667  94.291667   5.780   1.751 0.000
 96.291667  97.291667   6.905   1.993 0.000
 99.291667 100.291667   7.704   3.246 0.000
102.291667 103.291667  12.488   4.174 0.000
105.291667 106.291667  13.190   4.481 0.000
108.291667 109.291667   8.470   3.940 0.000
111.291667 112.291667   5.354   1.858 0.000
114.291667 115.291667  18.784   4.084 0.000
117.291667 118.291667  10.777   2.214 0.000
120.291667 121.291667   3.915   1.830 0.000
123.291667 124.291667   6.090   2.065 0.000
126.291667 127.291667  12.750   4.261 0.000
129.291667 130.291667   4.139   1.475 0.000
132.291667 133.291667   6.763   2.410 0.000
135.291667 136.291667  13.597   4.686 0.000
138.291667 139.291667   2.949   0.858 0.000
141.291667 142.291667   5.514   1.735 0.000
144.291667 145.291667  13.936   4.246 0.000
147.291667 148.291667   9.930   1.968 0.000
150.291667 151.291667   8.484   2.941 0.000
153.291667 154.291667   5.780   1.968 0.000
156.291667 157.291667  11.862   3.293 0.000
159.291667 160.291667  11.028   5.955 0.000
162.291667 163.291667  13.613   6.975 0.000
165.291667 166.291667  11.264   4.850 0.000
168.291667 169.291667  16.448   3.554 0.000
171.291667 172.291667  16.355   4.810 0.000
174.291667 175.291667  19.824   5.928 0.000
177.291667 178.291667  19.436   9.931 0.000
180.291667 181.291667  15.227   6.818 0.000
183.291667 184.291667   9.767   4.404 0.000
186.291667 187.291667  12.017   4.324 0.000
189.291667 190.291667   8.944   3.243 0.000
192.291667 193.291667   7.466   2.592 0.000
195.291667 196.291667   7.870   2.476 0.000
198.291667 199.291667   3.596   2.044 0.000
201.291667 202.291667   4.963   2.383 0.000
204.291667 205.291667   4.545   2.308 0.000
207.291667 208.291667   7.581   2.856 0.000
210.291667 211.291667   9.384   3.329 0.000
213.291667 214.291667   6.820   4.330 0.000
216.291667 217.291667   7.840   3.919 0.000
219.291667 220.291667   7.832   3.530 0.000
222.291667 223.291667   9.843   3.914 0.000
225.291667 226.291667   3.881   1.919 0.000
228.291667 229.291667   4.595   1.948 0.000
231.291667 232.291667   3.142   1.888 0.000
234.291667 235.291667   6.679   3.048 0.000
237.291667 238.291667   5.114   2.662 0.000
240.291667 241.291667   8.075   4.862 0.000
243.291667 244.291667  14.126   7.281 0.000
246.291667 247.291667  21.469  14.831 0.000
249.291667 250.291667  16.609   8.257 0.000
252.291667 253.291667  14.391   6.709 0.000
255.291667 256.291667 999.999 999.999 0.999
258.291667 259.291667   5.292   2.076 0.000
261.291667 262.291667   7.959   2.113 0.000
264.291667 265.291667   9.869   2.579 0.000
267.291667 268.291667   7.417   2.429 0.000
270.291667 271.291667   2.560   1.589 0.000
273.291667 274.291667   5.221   2.420 0.000
276.291667 277.291667   6.915   4.448 0.000
279.291667 280.291667   5.185   2.790 0.000
282.291667 283.291667   3.108   1.200 0.000
285.291667 286.291667   8.358   4.103 0.000
288.291667 289.291667   8.994   3.229 0.000
291.291667 292.291667   7.252   3.181 0.000
294.291667 295.291667   3.185   1.068 0.000
297.291667 298.291667   7.128   2.043 0.000
300.291667 301.291667  10.286   2.888 0.000
303.291667 304.291667  10.063   3.323 0.000
306.291667 307.291667   5.624   2.016 0.000
309.291667 310.291667   3.861   1.195 0.000
312.291667 313.291667   5.741   2.734 0.000
315.291667 316.291667   5.531   1.892 0.000
318.291667 319.291667   8.622   3.558 0.000
321.291667 322.291667  10.752   2.047 0.000
324.291667 325.291667  14.354   3.575 0.000
327.291667 328.291667  12.161   3.601 0.000
330.291667 331.291667  11.196   3.649 0.000
333.291667 334.291667  14.729   3.982 0.000
336.291667 337.291667  10.397   4.648 0.000
339.291667 340.291667  11.384   2.834 0.000
342.291667 343.291667   9.734   3.454 0.000
345.291667 346.291667  11.539   4.005 0.000
348.291667 349.291667 999.999 999.999 0.456
351.291667 352.291667 999.999 999.999 0.456
357.291667 358.291667   4.663   1.203 0.659
360.291667 361.291667 999.999 999.999 0.456
363.291667 364.291667   4.433   2.573 0.659
