scripts/IMPROVE-2019_partial/data/US0097R.19890104080000.20191216000000.filterpack...1y.3d.US03L_filterpack_US0097.US03L_IMPROVE_Davis.lev2.nas
51 1001
MISSING INFORMATION
US03L, IMPROVE, , , , , , , 
MISSING INFORMATION
IMPROVE sel_HTAP
1 1
1989 01 01 2019 12 16
0
days from file reference point
4
1 1 1 1
999.999999 999.999 999.999 9.999
end_time of measurement, days from the file reference point
pm10_mass, ug/m3, Matrix=pm10
pm25_mass, ug/m3, Matrix=pm25
numflag, no unit
0
33
Data definition:              EBAS_1.1
Set type code:                TI
Timezone:                     UTC
File name:                    US0097R.19890104080000.20191216000000.filterpack...1y.3d.US03L_filterpack_US0097.US03L_IMPROVE_Davis.lev2.nas
File creation:                20191218120159
Startdate:                    19890104080000
Revision date:                20191216000000
Version:                      2
Version description:          "Data extracted from http://views.cira.colostate.edu/fed/DataWizard 2019-12-16"
Statistics:                   arithmetic mean
Data level:                   2
Period code:                  1y
Resolution code:              3d
Sample duration:              1d
Orig. time res.:              3d
Station code:                 US0097R
Platform code:                US0097S
Station name:                 Redwood NP
Station latitude:             41.5608
Station longitude:            -124.0839
Station altitude:             243.0 m
Regime:                       IMG
Component:                    
Unit:                         ug/m3
Matrix:                       
Laboratory code:              US03L
Instrument type:              filterpack
Instrument name:              filterpack_US0097
Method ref:                   US03L_IMPROVE_Davis
Blank correction:             Blank corrected
Volume std. temperature:      ambient
Volume std. pressure:         ambient
starttime endtime PM10 PM2.5 flag
  3.333333   4.333333   5.930   2.664 0.000
  6.333333   7.333333   3.811   1.508 0.000
 10.333333  11.333333   8.242   3.562 0.000
 13.333333  14.333333 999.999   2.136 0.000
 17.333333  18.333333  14.498   6.859 0.000
 20.333333  21.333333  27.440   3.492 0.000
 24.333333  25.333333  13.118   6.407 0.000
 27.333333  28.333333 999.999   7.233 0.000
 31.333333  32.333333   4.981   2.053 0.000
 34.333333  35.333333   5.185   1.722 0.000
 38.333333  39.333333   7.490   2.760 0.000
 41.333333  42.333333   6.041   3.148 0.000
 45.333333  46.333333   6.768   3.766 0.000
 48.333333  49.333333   3.655   2.140 0.000
 52.333333  53.333333  12.738   4.842 0.000
 55.333333  56.333333  12.324   2.880 0.000
 59.333333  60.333333   6.183   3.125 0.000
 62.333333  63.333333   4.103   1.059 0.000
 66.333333  67.333333   3.906   1.483 0.000
 69.333333  70.333333 999.999   4.259 0.000
 73.333333  74.333333   9.624   2.555 0.000
 76.333333  77.333333   2.119   0.784 0.000
 80.333333  81.333333  15.919   4.652 0.000
 83.333333  84.333333  16.760 999.999 0.000
 87.333333  88.333333  16.377   4.448 0.000
 90.333333  91.333333  16.235   1.755 0.000
 94.333333  95.333333  17.518   3.735 0.000
 97.333333  98.333333 999.999   9.068 0.000
101.333333 102.333333 999.999 999.999 0.999
104.333333 105.333333  11.195   4.798 0.000
108.333333 109.333333   6.283   2.147 0.000
111.333333 112.333333   6.792   1.503 0.000
115.333333 116.333333   8.694   4.031 0.000
118.333333 119.333333   9.923   5.660 0.000
122.333333 123.333333  17.175   6.614 0.000
125.333333 126.333333  13.542   1.254 0.000
129.333333 130.333333   9.640   3.740 0.000
132.333333 133.333333  15.261   7.819 0.000
136.333333 137.333333   6.134   2.476 0.000
139.333333 140.333333  19.920   9.333 0.000
143.333333 144.333333   5.993   2.402 0.000
146.333333 147.333333   9.596   3.102 0.000
150.333333 151.333333  27.011  11.312 0.000
153.333333 154.333333  31.930 999.999 0.000
157.333333 158.333333 999.999 999.999 0.999
160.333333 161.333333  19.754   9.304 0.000
164.333333 165.333333   8.277   3.218 0.000
167.333333 168.333333  11.429   3.608 0.000
171.333333 172.333333  22.901  10.547 0.000
174.333333 175.333333   9.467   6.861 0.000
178.333333 179.333333   7.889   3.734 0.000
181.333333 182.333333  10.653   2.997 0.000
185.333333 186.333333  14.841   5.457 0.000
188.333333 189.333333  21.614   7.823 0.000
192.333333 193.333333   9.237   4.571 0.000
195.333333 196.333333   9.908   2.468 0.000
199.333333 200.333333   8.763   3.861 0.000
202.333333 203.333333  15.424   7.707 0.000
206.333333 207.333333   6.085   3.301 0.000
209.333333 210.333333   7.958   3.003 0.000
213.333333 214.333333  10.882   4.254 0.000
216.333333 217.333333  13.593   7.792 0.000
220.333333 221.333333  10.669   4.874 0.000
223.333333 224.333333   8.771   3.459 0.000
227.333333 228.333333  23.718   9.968 0.000
230.333333 231.333333   6.696   3.197 0.000
234.333333 235.333333   7.902   3.212 0.000
237.333333 238.333333  11.074 999.999 0.000
241.333333 242.333333 999.999 999.999 0.999
244.333333 245.333333  17.878 999.999 0.000
248.333333 249.333333  18.859 999.999 0.000
251.333333 252.333333   6.654   4.386 0.000
255.333333 256.333333  13.060   7.604 0.000
258.333333 259.333333   5.941   3.021 0.000
262.333333 263.333333  16.726  11.988 0.000
265.333333 266.333333  10.187   6.888 0.000
269.333333 270.333333   6.780   3.769 0.000
272.333333 273.333333   6.720   3.431 0.000
276.333333 277.333333  16.063  11.617 0.000
279.333333 280.333333 999.999 999.999 0.999
283.333333 284.333333   4.886   3.645 0.000
286.333333 287.333333   8.599   3.242 0.000
290.333333 291.333333  14.254   8.073 0.000
293.333333 294.333333  12.277   5.755 0.000
297.333333 298.333333   6.135   2.358 0.000
300.333333 301.333333   8.776   3.886 0.000
304.333333 305.333333 999.999 999.999 0.999
307.333333 308.333333  35.512  16.937 0.000
311.333333 312.333333  11.172   6.201 0.000
314.333333 315.333333  15.149  10.192 0.000
318.333333 319.333333  13.902   7.737 0.000
321.333333 322.333333  15.067   5.485 0.000
325.333333 326.333333  11.891   7.530 0.000
328.333333 329.333333   3.388   1.498 0.000
332.333333 333.333333   8.937   2.976 0.000
335.333333 336.333333  16.709   4.862 0.000
339.333333 340.333333   9.570   2.681 0.000
342.333333 343.333333   9.518   2.275 0.000
346.333333 347.333333   6.024   3.234 0.000
349.333333 350.333333 999.999 999.999 0.999
353.333333 354.333333 999.999 999.999 0.999
356.333333 357.333333 999.999 999.999 0.999
360.333333 361.333333 999.999 999.999 0.999
363.333333 364.333333 999.999 999.999 0.999
