scripts/IMPROVE-2019_partial/data/US0049R.20030103060000.20191216000000.filterpack..pm25.1y.1w.US03L_filterpack_US0049.US03L_IMPROVE_Davis.lev2.nas
66 1001
MISSING INFORMATION
US03L, IMPROVE, , , , , , , 
MISSING INFORMATION
IMPROVE sel_HTAP
1 1
2003 01 01 2019 12 16
3.00
days from file reference point
27
1 1 1 1 1 1 1 1 1 1 1 1 1 1 1 1 1 1 1 1 1 1 1 1 1 1 1
999.99 9999.99 9.999 99.99 9.999 9.999 9.999999 9.99 9.999999 99.999 9.999 99.999 9.999 99.999 9.999 999.99 9.999999 999.999 9.999 999.999 9.999 999.999 9.999 9.999 9.999 99.999 9.999
end_time of measurement, days from the file reference point
iron, ng/m3, Revision date=20181210133000
numflag iron, no unit, Revision date=20181210133000
lead, ng/m3, Revision date=20181210133000
numflag lead, no unit, Revision date=20181210133000
magnesium, ug/m3, Revision date=20181210133000
numflag magnesium, no unit, Revision date=20181210133000
nickel, ng/m3, Revision date=20181210133000
numflag nickel, no unit, Revision date=20181210133000
nitrate, ug N/m3, Revision date=20181210133000
numflag nitrate, no unit, Revision date=20181210133000
organic_carbon, ug C/m3, Revision date=20181210133000
numflag organic_carbon, no unit, Revision date=20181210133000
organic_mass, ug/m3, Revision date=20181210133000
numflag organic_mass, no unit, Revision date=20181210133000
phosphorus, ng/m3, Revision date=20181210133000
numflag phosphorus, no unit, Revision date=20181210133000
pm10_mass, ug/m3, Version=2, Version description=Data extracted from http://views.cira.colostate.edu/fed/DataWizard 2019-12-16, Sample duration=1d, Orig. time res.=3d, Matrix=pm10, Blank correction=Blank corrected, Volume std. temperature=ambient, Volume std. pressure=ambient
numflag pm10_mass, no unit, Version=2, Version description=Data extracted from http://views.cira.colostate.edu/fed/DataWizard 2019-12-16, Sample duration=1d, Orig. time res.=3d, Matrix=pm10, Blank correction=Blank corrected, Volume std. temperature=ambient, Volume std. pressure=ambient
pm10_pm25_mass, ug/m3, Revision date=20181210133000, Matrix=pm10_pm25
numflag pm10_pm25_mass, no unit, Revision date=20181210133000, Matrix=pm10_pm25
pm25_mass, ug/m3, Version=2, Version description=Data extracted from http://views.cira.colostate.edu/fed/DataWizard 2019-12-16, Sample duration=1d, Orig. time res.=3d, Blank correction=Blank corrected, Volume std. temperature=ambient, Volume std. pressure=ambient
numflag pm25_mass, no unit, Version=2, Version description=Data extracted from http://views.cira.colostate.edu/fed/DataWizard 2019-12-16, Sample duration=1d, Orig. time res.=3d, Blank correction=Blank corrected, Volume std. temperature=ambient, Volume std. pressure=ambient
potassium, ug/m3, Revision date=20181210133000
numflag potassium, no unit, Revision date=20181210133000
sulphate_total, ug S/m3, Revision date=20181210133000
numflag sulphate_total, no unit, Revision date=20181210133000
0
25
Data definition:              EBAS_1.1
Set type code:                TU
Timezone:                     UTC
File name:                    US0049R.20030103060000.20191216000000.filterpack..pm25.1y.1w.US03L_filterpack_US0049.US03L_IMPROVE_Davis.lev2.nas
File creation:                20191218115822
Startdate:                    20030103060000
Revision date:                20191216000000
Statistics:                   arithmetic mean
Data level:                   2
Period code:                  1y
Resolution code:              1w
Station code:                 US0049R
Platform code:                US0049S
Station name:                 Great River Bluffs
Station latitude:             43.9373
Station longitude:            -91.4052
Station altitude:             370.0 m
Regime:                       IMG
Component:                    
Matrix:                       pm25
Laboratory code:              US03L
Instrument type:              filterpack
Instrument name:              filterpack_US0049
Method ref:                   US03L_IMPROVE_Davis
starttime endtime Fe flag_Fe Pb flag_Pb Mg++ flag_Mg++ Ni flag_Ni NO3- flag_NO3- OC flag_OC OM flag_OM P flag_P PM10 flag_PM10 PM10-PM2.5 flag_PM10-PM2.5 PM2.5 flag_PM2.5 K+ flag_K+ SO4-- flag_SO4--
  2.25   3.25 9999.99 0.999 99.99 0.999 9.999 0.999000 9.99 0.999000 99.999 0.999 99.999 0.999 99.999 0.999 999.99 0.999000 999.999 0.999 999.999 0.999 999.999 0.999 9.999 0.999 99.999 0.999
  5.25   6.25 9999.99 0.999 99.99 0.999 9.999 0.999000 9.99 0.999000 99.999 0.999 99.999 0.999 99.999 0.999 999.99 0.999000 999.999 0.999 999.999 0.999 999.999 0.999 9.999 0.999 99.999 0.999
  8.25   9.25    8.65 0.000  0.28 0.000 9.999 0.259000 9.99 0.259000  0.092 0.000  0.332 0.000  0.465 0.000 999.99 0.259000   4.685 0.000   2.615 0.000   2.071 0.000 0.013 0.000  0.218 0.000
 11.25  12.25   23.26 0.000  0.80 0.000 9.999 0.259000 9.99 0.259000  0.346 0.000  0.634 0.000  0.888 0.000 999.99 0.259000  16.372 0.000  11.879 0.000   4.494 0.000 0.036 0.000  0.152 0.000
 14.25  15.25 9999.99 0.999 99.99 0.999 9.999 0.999000 9.99 0.999000 99.999 0.999 99.999 0.999 99.999 0.999 999.99 0.999000 999.999 0.999 999.999 0.999 999.999 0.999 9.999 0.999 99.999 0.999
 17.25  18.25   21.32 0.000  1.66 0.000 9.999 0.259000 9.99 0.259000  0.432 0.000  0.993 0.000  1.391 0.000 999.99 0.259000  14.997 0.000   8.810 0.000   6.187 0.000 0.037 0.000  0.414 0.000
 20.25  21.25   23.62 0.000  1.98 0.000 9.999 0.259000 9.99 0.259000  0.237 0.000  0.769 0.000  1.076 0.000 999.99 0.259000  11.553 0.000   7.013 0.000   4.541 0.000 0.041 0.000  0.276 0.000
 23.25  24.25   40.66 0.000  1.82 0.000 0.030 0.000000 0.15 0.000000  0.781 0.000  1.341 0.000  1.878 0.000  36.57 0.000000  27.949 0.000  17.957 0.000   9.992 0.000 0.064 0.000  0.362 0.000
 26.25  27.25   23.30 0.000  1.43 0.000 0.022 0.000000 0.08 0.000000  0.636 0.000  0.895 0.000  1.253 0.000 999.99 0.259000  20.450 0.000  12.877 0.000   7.573 0.000 0.046 0.000  0.293 0.000
 29.25  30.25   24.00 0.000  2.43 0.000 9.999 0.259000 9.99 0.259000  1.885 0.000  1.392 0.000  1.949 0.000 999.99 0.259000  20.917 0.000   3.906 0.000  17.011 0.000 0.047 0.000  0.726 0.000
 32.25  33.25    9.33 0.000  2.96 0.000 9.999 0.259000 9.99 0.259000  1.475 0.000  1.214 0.000  1.699 0.000 999.99 0.259000  21.381 0.000   2.267 0.000  19.113 0.000 0.031 0.000  1.571 0.000
 35.25  36.25   10.62 0.000  1.34 0.000 0.017 0.000000 9.99 0.259000  0.969 0.000  0.934 0.000  1.308 0.000 999.99 0.259000  11.941 0.000   3.766 0.000   8.175 0.000 0.024 0.000  0.304 0.000
 38.25  39.25   15.62 0.000  1.14 0.000 0.019 0.000000 9.99 0.259000  0.591 0.000  0.774 0.000  1.084 0.000 999.99 0.259000  10.354 0.000   3.473 0.000   6.881 0.000 0.028 0.000  0.409 0.000
 41.25  42.25   22.67 0.000  1.05 0.000 0.025 0.000000 9.99 0.259000  0.242 0.000  0.603 0.000  0.844 0.000 999.99 0.259000  13.265 0.000   9.118 0.000   4.147 0.000 0.024 0.000  0.284 0.000
 44.25  45.25   17.75 0.000  1.29 0.000 9.999 0.259000 9.99 0.259000  0.991 0.000  1.435 0.000  2.008 0.000 999.99 0.259000  13.508 0.000   3.537 0.000   9.971 0.000 0.050 0.000  0.285 0.000
 47.25  48.25   15.45 0.000  4.93 0.000 9.999 0.259000 9.99 0.259000  0.894 0.559  1.435 0.000  2.009 0.000 999.99 0.259000  13.678 0.000   3.103 0.000  10.576 0.000 0.038 0.000  0.602 0.559
 50.25  51.25   12.55 0.000  1.32 0.000 0.036 0.000000 9.99 0.259000  0.800 0.000  0.621 0.000  0.869 0.000 999.99 0.259000  10.063 0.000   4.129 0.000   5.934 0.000 0.020 0.000  0.251 0.000
 53.25  54.25   10.46 0.000  2.28 0.000 9.999 0.259000 0.08 0.000000  0.094 0.000  0.597 0.000  0.836 0.000 999.99 0.259000   4.966 0.000   1.115 0.000   3.851 0.000 0.030 0.000  0.471 0.000
 56.25  57.25   23.67 0.000  2.76 0.000 9.999 0.259000 9.99 0.259000  1.377 0.000  1.270 0.000  1.777 0.000  63.12 0.000000  26.211 0.000  12.768 0.000  13.443 0.000 0.066 0.000  0.669 0.000
 59.25  60.25   40.49 0.000  3.31 0.000 9.999 0.259000 0.21 0.000000  3.580 0.000  1.606 0.000  2.248 0.000 999.99 0.259000  42.550 0.000  11.333 0.000  31.218 0.000 0.059 0.000  1.487 0.000
 62.25  63.25   28.38 0.000  2.01 0.000 9.999 0.259000 9.99 0.259000  0.518 0.000  0.865 0.000  1.210 0.000 999.99 0.259000  11.058 0.000   3.656 0.000   7.402 0.000 0.048 0.000  0.563 0.000
 65.25  66.25   36.24 0.000  3.20 0.000 9.999 0.259000 0.12 0.000000  2.711 0.000  1.566 0.000  2.193 0.000 999.99 0.259000  31.818 0.000   6.121 0.000  25.698 0.000 0.060 0.000  1.471 0.000
 68.25  69.25  101.55 0.000  2.06 0.000 9.999 0.259000 9.99 0.259000  0.399 0.559  1.134 0.000  1.588 0.000 999.99 0.259000  23.882 0.000  15.864 0.000   8.018 0.000 0.080 0.000  0.433 0.559
 71.25  72.25   27.00 0.000  2.29 0.000 9.999 0.259000 9.99 0.259000  1.109 0.000  1.019 0.000  1.427 0.000 999.99 0.259000  15.395 0.000   3.266 0.000  12.129 0.000 0.046 0.000  1.176 0.000
 74.25  75.25   44.87 0.000  5.74 0.000 9.999 0.259000 9.99 0.259000  2.257 0.000  2.560 0.000  3.583 0.000 999.99 0.259000  30.190 0.000   3.905 0.000  26.285 0.000 0.080 0.000  2.092 0.000
 77.25  78.25   20.34 0.000  2.99 0.000 0.047 0.000000 0.29 0.000000  0.732 0.000  0.958 0.000  1.342 0.000 999.99 0.259000  14.014 0.000   2.557 0.000  11.457 0.000 0.038 0.000  1.207 0.000
 80.25  81.25   17.95 0.000  2.90 0.000 9.999 0.259000 0.17 0.000000  0.537 0.559  0.941 0.000  1.318 0.000 999.99 0.259000  11.352 0.000   1.522 0.000   9.830 0.000 0.028 0.000  1.557 0.559
 83.25  84.25   16.27 0.000  0.82 0.000 0.010 0.000000 9.99 0.259000  0.231 0.000  0.473 0.000  0.662 0.000 999.99 0.259000   8.530 0.000   5.166 0.000   3.365 0.000 0.023 0.000  0.371 0.000
 86.25  87.25    5.38 0.000  1.12 0.000 9.999 0.259000 9.99 0.259000  0.372 0.000  0.294 0.000  0.412 0.000 999.99 0.259000   4.100 0.000   0.213 0.000   3.886 0.000 0.011 0.000  0.326 0.000
 89.25  90.25   17.00 0.000  1.82 0.000 9.999 0.259000 0.07 0.000000  0.683 0.000  1.462 0.000  2.046 0.000 999.99 0.259000  12.843 0.000   5.391 0.000   7.452 0.000 0.040 0.000  0.525 0.000
 92.25  93.25    7.63 0.000  1.96 0.000 9.999 0.259000 0.21 0.000000  0.239 0.000  0.445 0.000  0.623 0.000 999.99 0.259000   9.512 0.000   2.247 0.000   7.264 0.000 0.016 0.000  1.182 0.000
 95.25  96.25   14.55 0.000  1.79 0.000 0.019 0.000000 9.99 0.259000  0.470 0.000  1.025 0.000  1.435 0.000 999.99 0.259000   7.749 0.000   2.010 0.000   5.739 0.000 0.051 0.000  0.453 0.000
 98.25  99.25   24.08 0.000  3.75 0.000 9.999 0.259000 0.13 0.000000  0.684 0.000  0.915 0.000  1.281 0.000 999.99 0.259000   9.638 0.000   3.713 0.000   5.925 0.000 0.036 0.000  0.559 0.000
101.25 102.25   14.21 0.000  2.09 0.000 9.999 0.259000 9.99 0.259000  0.078 0.559  0.995 0.000  1.392 0.000 999.99 0.259000   5.648 0.000   2.543 0.000   3.104 0.000 0.038 0.000  0.274 0.559
104.25 105.25   83.85 0.559  1.88 0.559 9.999 0.559259 0.21 0.559000  0.170 0.559  4.118 0.000  5.765 0.000 999.99 0.559259  37.117 0.000  22.616 0.000  14.501 0.559 0.113 0.559  1.124 0.559
107.25 108.25   22.54 0.000  2.24 0.000 9.999 0.259000 9.99 0.259000  1.182 0.000  1.236 0.000  1.730 0.000 999.99 0.259000  20.085 0.000   6.101 0.000  13.984 0.000 0.045 0.000  1.243 0.000
110.25 111.25   11.06 0.000  0.58 0.000 9.999 0.259000 0.08 0.000000  0.089 0.559  0.262 0.000  0.367 0.000 999.99 0.259000   2.703 0.000   1.371 0.000   1.332 0.000 0.014 0.000  0.192 0.559
113.25 114.25   68.52 0.559  3.94 0.559 9.999 0.559259 0.09 0.559000  0.756 0.000  3.367 0.000  4.713 0.000 999.99 0.559259  17.065 0.000   9.664 0.000   7.401 0.559 0.080 0.559  0.444 0.000
116.25 117.25   72.70 0.000  4.02 0.000 9.999 0.259000 9.99 0.259000  0.419 0.559  3.437 0.000  4.812 0.000 999.99 0.259000  25.715 0.000  15.786 0.000   9.930 0.000 0.085 0.000  1.000 0.559
119.25 120.25   37.53 0.000  1.63 0.000 9.999 0.259000 9.99 0.259000  0.387 0.559  0.207 0.000  0.290 0.000 999.99 0.259000  10.729 0.000   5.038 0.000   5.691 0.000 0.047 0.000  0.534 0.559
122.25 123.25   59.52 0.000  3.07 0.000 9.999 0.259000 9.99 0.259000  0.235 0.000 99.999 0.259 99.999 0.259 999.99 0.259000  10.417 0.000   4.598 0.000   5.819 0.000 0.062 0.000  0.416 0.000
125.25 126.25    7.17 0.000  3.42 0.000 9.999 0.259000 9.99 0.259000  0.745 0.000 99.999 0.999 99.999 0.999 999.99 0.259000   7.895 0.000   2.753 0.000   5.142 0.000 0.011 0.000  0.741 0.000
128.25 129.25   15.93 0.000  1.11 0.000 9.999 0.259000 0.09 0.000000  0.300 0.559  0.579 0.000  0.811 0.000 999.99 0.259000   7.523 0.000   3.235 0.000   4.288 0.000 0.015 0.000  0.595 0.559
131.25 132.25   30.75 0.000  1.04 0.000 0.015 0.000000 9.99 0.259000  0.033 0.000  1.357 0.000  1.900 0.000 999.99 0.259000   8.576 0.000   3.766 0.000   4.810 0.000 0.033 0.000  0.356 0.000
134.25 135.25   55.28 0.000  2.21 0.000 9.999 0.259000 0.09 0.000000  0.110 0.000  1.685 0.000  2.360 0.000 999.99 0.259000  13.224 0.000   5.504 0.000   7.720 0.000 0.052 0.000  0.735 0.000
137.25 138.25   36.72 0.559  6.69 0.559 9.999 0.559259 0.20 0.559000  0.456 0.559  2.158 0.000  3.022 0.000 999.99 0.559259  26.648 0.000   4.446 0.000  22.203 0.559 0.047 0.559  4.022 0.559
140.25 141.25   17.26 0.000  1.22 0.000 0.013 0.000000 9.99 0.259000  0.081 0.000  0.842 0.000  1.179 0.000 999.99 0.259000   7.438 0.000   3.647 0.000   3.791 0.000 0.019 0.000  0.372 0.000
143.25 144.25   39.13 0.000  3.00 0.000 9.999 0.259000 9.99 0.259000  0.197 0.000  2.159 0.000  3.022 0.000 999.99 0.259000  15.136 0.000   8.063 0.000   7.074 0.000 0.052 0.000  0.460 0.000
146.25 147.25   35.85 0.000  5.15 0.000 9.999 0.259000 9.99 0.259000  0.064 0.559  4.272 0.000  5.981 0.000 999.99 0.259000  20.760 0.000  10.250 0.000  10.510 0.000 0.044 0.000  0.394 0.559
149.25 150.25   34.29 0.000  1.09 0.000 9.999 0.259000 9.99 0.259000  0.114 0.559  2.154 0.000  3.015 0.000 999.99 0.259000  26.523 0.000  20.000 0.000   6.523 0.000 0.034 0.000  0.284 0.559
152.25 153.25   33.98 0.000  5.22 0.000 9.999 0.259000 9.99 0.259000  0.393 0.000  3.275 0.000  4.585 0.000 999.99 0.259000  20.581 0.000   9.353 0.000  11.228 0.000 0.058 0.000  0.687 0.000
155.25 156.25   36.63 0.559  2.13 0.559 9.999 0.559259 9.99 0.559259  0.164 0.000  2.886 0.000  4.041 0.000 999.99 0.559259  21.949 0.000  10.147 0.000  11.802 0.559 0.057 0.559  1.047 0.000
158.25 159.25    5.86 0.000  1.03 0.000 9.999 0.259000 9.99 0.259000  0.070 0.000  0.579 0.000  0.810 0.000 999.99 0.259000   7.766 0.000   5.441 0.000   2.326 0.000 0.015 0.000  0.234 0.000
161.25 162.25    9.34 0.000  0.80 0.000 9.999 0.259000 9.99 0.259000  0.161 0.559  0.710 0.000  0.994 0.000 999.99 0.259000   8.465 0.000   3.620 0.000   4.845 0.000 0.016 0.000  0.693 0.559
164.25 165.25   20.52 0.000  1.89 0.000 9.999 0.259000 9.99 0.259000  0.034 0.000  1.215 0.000  1.700 0.000 999.99 0.259000   9.314 0.000   4.737 0.000   4.576 0.000 0.026 0.000  0.375 0.000
167.25 168.25   34.32 0.000  2.02 0.000 9.999 0.259000 0.11 0.000000  0.105 0.000  2.158 0.000  3.021 0.000 999.99 0.259000  20.642 0.000  11.286 0.000   9.357 0.000 0.039 0.000  0.890 0.000
170.25 171.25   34.36 0.000  2.13 0.000 9.999 0.259000 0.06 0.000000  0.039 0.000  1.141 0.000  1.597 0.000 999.99 0.259000  10.539 0.000   6.685 0.000   3.854 0.000 0.028 0.000  0.176 0.000
173.25 174.25   52.68 0.000  3.14 0.000 9.999 0.259000 0.23 0.000000  0.115 0.000  4.088 0.000  5.724 0.000 999.99 0.259000  30.896 0.000  11.484 0.000  19.412 0.000 0.192 0.000  2.039 0.000
176.25 177.25    9.21 0.000 99.99 0.259 9.999 0.259000 0.17 0.000000  0.058 0.000  3.115 0.000  4.360 0.000 999.99 0.259000  13.656 0.000   6.718 0.000   6.938 0.000 0.045 0.000  0.265 0.000
179.25 180.25   36.56 0.000  2.04 0.000 9.999 0.259000 9.99 0.259000  0.082 0.000  1.190 0.000  1.667 0.000 999.99 0.259000   9.656 0.000   5.592 0.000   4.064 0.000 0.042 0.000  0.331 0.000
182.25 183.25   34.10 0.000  4.59 0.000 9.999 0.259000 9.99 0.259000  0.112 0.000  1.999 0.000  2.799 0.000 999.99 0.259000  28.353 0.000  12.290 0.000  16.063 0.000 0.045 0.000  2.397 0.000
185.25 186.25   19.06 0.000  3.34 0.000 0.063 0.000000 9.99 0.259000  0.063 0.559  1.211 0.000  1.696 0.000 999.99 0.259000   8.835 0.000   3.860 0.000   4.974 0.000 0.154 0.000  0.359 0.559
188.25 189.25 9999.99 0.999 99.99 0.999 9.999 0.999000 9.99 0.999000 99.999 0.999 99.999 0.999 99.999 0.999 999.99 0.999000 999.999 0.999 999.999 0.999 999.999 0.999 9.999 0.999 99.999 0.999
191.25 192.25 9999.99 0.999 99.99 0.999 9.999 0.999000 9.99 0.999000 99.999 0.999 99.999 0.999 99.999 0.999 999.99 0.999000 999.999 0.999 999.999 0.999 999.999 0.999 9.999 0.999 99.999 0.999
194.25 195.25 9999.99 0.999 99.99 0.999 9.999 0.999000 9.99 0.999000 99.999 0.999 99.999 0.999 99.999 0.999 999.99 0.999000 999.999 0.999 999.999 0.999 999.999 0.999 9.999 0.999 99.999 0.999
197.25 198.25 9999.99 0.999 99.99 0.999 9.999 0.999000 9.99 0.999000 99.999 0.999 99.999 0.999 99.999 0.999 999.99 0.999000 999.999 0.999 999.999 0.999 999.999 0.999 9.999 0.999 99.999 0.999
200.25 201.25 9999.99 0.999 99.99 0.999 9.999 0.999000 9.99 0.999000 99.999 0.999 99.999 0.999 99.999 0.999 999.99 0.999000 999.999 0.999 999.999 0.999 999.999 0.999 9.999 0.999 99.999 0.999
203.25 204.25   18.66 0.000  0.81 0.000 9.999 0.259000 9.99 0.259000  0.021 0.000  0.787 0.000  1.102 0.000 999.99 0.259000   7.026 0.000   4.647 0.000   2.379 0.000 0.015 0.000  0.076 0.000
206.25 207.25   97.56 0.000  2.19 0.000 9.999 0.259000 0.09 0.000000  0.091 0.000  2.967 0.000  4.154 0.000 999.99 0.259000  32.366 0.000  17.863 0.000  14.503 0.000 0.085 0.000  1.239 0.000
209.25 210.25   45.82 0.000  1.24 0.000 9.999 0.259000 0.06 0.000000  0.073 0.000  2.561 0.000  3.586 0.000 999.99 0.259000  19.724 0.000  10.919 0.000   8.804 0.000 0.053 0.000  0.657 0.000
212.25 213.25   23.82 0.000  1.51 0.000 9.999 0.259000 0.09 0.000000  0.133 0.000  1.854 0.000  2.595 0.000 999.99 0.259000  12.652 0.000   5.869 0.000   6.783 0.000 0.036 0.000  0.470 0.000
215.25 216.25   10.52 0.000  1.48 0.000 9.999 0.259000 0.05 0.000000  0.143 0.000  1.224 0.000  1.714 0.000 999.99 0.259000   9.179 0.000   3.172 0.000   6.008 0.000 0.020 0.000  0.725 0.000
218.25 219.25   28.15 0.000  0.92 0.000 0.060 0.000000 0.10 0.000000  0.033 0.000  2.059 0.000  2.882 0.000 999.99 0.259000  12.533 0.000   6.199 0.000   6.334 0.000 0.039 0.000  0.351 0.000
221.25 222.25   20.55 0.000  0.93 0.000 9.999 0.259000 0.05 0.000000  0.038 0.000  2.006 0.000  2.809 0.000 999.99 0.259000  10.662 0.000   4.746 0.000   5.916 0.000 0.045 0.000  0.341 0.000
224.25 225.25   31.77 0.000  1.60 0.000 9.999 0.259000 0.13 0.000000  0.057 0.000  1.981 0.000  2.773 0.000 999.99 0.259000  12.255 0.000   4.951 0.000   7.304 0.000 0.035 0.000  0.634 0.000
227.25 228.25   77.61 0.000  2.20 0.000 9.999 0.259000 9.99 0.259000  0.076 0.000  1.853 0.000  2.594 0.000 999.99 0.259000  33.572 0.000  17.003 0.000  16.569 0.000 0.067 0.000  2.456 0.000
230.25 231.25  132.54 0.000  3.81 0.000 0.063 0.000000 0.63 0.000000  0.115 0.000  3.579 0.000  5.010 0.000 999.99 0.259000  36.132 0.000  13.255 0.000  22.877 0.000 0.107 0.000  2.424 0.000
233.25 234.25   26.10 0.000  0.37 0.000 9.999 0.259000 9.99 0.259000  0.033 0.000  3.702 0.000  5.182 0.000 999.99 0.259000  18.767 0.000   8.898 0.000   9.868 0.000 0.047 0.000  0.474 0.000
236.25 237.25   50.67 0.000  1.30 0.000 9.999 0.259000 0.07 0.000000  0.115 0.000  4.946 0.000  6.925 0.000 999.99 0.259000  22.081 0.000   9.253 0.000  12.828 0.000 0.093 0.000  0.515 0.000
239.25 240.25   39.26 0.000  1.27 0.000 9.999 0.259000 0.10 0.000000  0.088 0.000  1.889 0.000  2.645 0.000 999.99 0.259000  16.800 0.000   9.218 0.000   7.581 0.000 0.038 0.000  0.616 0.000
242.25 243.25   21.93 0.000  1.87 0.000 0.044 0.000000 0.11 0.000000  0.063 0.000  1.428 0.000  1.999 0.000 999.99 0.259000   8.941 0.000   4.221 0.000   4.720 0.000 0.042 0.000  0.375 0.000
245.25 246.25   38.26 0.000  1.84 0.000 9.999 0.259000 9.99 0.259000  0.078 0.000  1.161 0.000  1.625 0.000 999.99 0.259000  20.094 0.000  14.362 0.000   5.731 0.000 0.029 0.000  0.508 0.000
248.25 249.25   60.34 0.000  1.90 0.000 0.048 0.000000 0.07 0.000000  0.069 0.000  1.985 0.000  2.779 0.000  58.17 0.000000  32.668 0.000  24.274 0.000   8.394 0.000 0.074 0.000  0.543 0.000
