scripts/IMPROVE-2019_partial/data/US0093R.20150801070000.20191216000000.filterpack...5mo.3d.US03L_filterpack_US0093_2.US03L_IMPROVE_Davis.lev2.nas
52 1001
MISSING INFORMATION
US03L, IMPROVE, , , , , , , 
MISSING INFORMATION
IMPROVE sel_HTAP
1 1
2015 01 01 2019 12 16
3.000000
days from file reference point
5
1 1 1 1 1
999.999999 999.999 9.999 999.999 9.999
end_time of measurement, days from the file reference point
pm10_mass, ug/m3, Matrix=pm10
numflag pm10_mass, no unit, Matrix=pm10
pm25_mass, ug/m3, Matrix=pm25
numflag pm25_mass, no unit, Matrix=pm25
0
33
Data definition:              EBAS_1.1
Set type code:                TU
Timezone:                     UTC
File name:                    US0093R.20150801070000.20191216000000.filterpack...5mo.3d.US03L_filterpack_US0093_2.US03L_IMPROVE_Davis.lev2.nas
File creation:                20191218120141
Startdate:                    20150801070000
Revision date:                20191216000000
Version:                      2
Version description:          "Data extracted from http://views.cira.colostate.edu/fed/DataWizard 2019-12-16"
Statistics:                   arithmetic mean
Data level:                   2
Period code:                  5mo
Resolution code:              3d
Sample duration:              1d
Orig. time res.:              3d
Station code:                 US0093R
Platform code:                US0093S
Station name:                 Phoenix Colocated Sampler
Station latitude:             33.5038
Station longitude:            -112.0958
Station altitude:             342.0 m
Regime:                       IMG
Component:                    
Unit:                         ug/m3
Matrix:                       
Laboratory code:              US03L
Instrument type:              filterpack
Instrument name:              filterpack_US0093_2
Method ref:                   US03L_IMPROVE_Davis
Blank correction:             Blank corrected
Volume std. temperature:      ambient
Volume std. pressure:         ambient
starttime endtime PM10 flag_PM10 PM2.5 flag_PM2.5
212.291667 213.291667 999.999 0.456  16.433 0.000
215.291667 216.291667 999.999 0.456  11.411 0.000
218.291667 219.291667  23.695 0.000  10.909 0.000
221.291667 222.291667  19.036 0.000  12.224 0.000
224.291667 225.291667  28.413 0.000  15.947 0.000
227.291667 228.291667  32.168 0.000  11.267 0.000
230.291667 231.291667  22.640 0.000   9.901 0.000
233.291667 234.291667  17.639 0.000   6.178 0.000
236.291667 237.291667  22.804 0.000   6.687 0.000
239.291667 240.291667  15.140 0.000   6.910 0.000
242.291667 243.291667  16.428 0.000   6.085 0.000
245.291667 246.291667  60.219 0.000  11.424 0.000
248.291667 249.291667  10.298 0.000   4.127 0.000
251.291667 252.291667  25.163 0.000   6.954 0.000
254.291667 255.291667  27.736 0.000   8.253 0.000
257.291667 258.291667  12.736 0.000   3.654 0.000
260.291667 261.291667  20.112 0.000   6.015 0.000
263.291667 264.291667  10.748 0.000   3.394 0.000
266.291667 267.291667  20.256 0.000   7.645 0.000
269.291667 270.291667  18.135 0.000   7.575 0.000
272.291667 273.291667  22.794 0.000   7.916 0.000
275.291667 276.291667  25.709 0.000   8.491 0.000
278.291667 279.291667   8.573 0.000   4.024 0.000
281.291667 282.291667  12.174 0.000   4.740 0.000
284.291667 285.291667  20.515 0.000   7.724 0.000
287.291667 288.291667  27.824 0.000   8.814 0.000
290.291667 291.291667   9.721 0.000   6.210 0.000
293.291667 294.291667   7.858 0.000   3.267 0.000
296.291667 297.291667  11.277 0.000   4.379 0.000
299.291667 300.291667  27.768 0.000   8.318 0.000
302.291667 303.291667  10.396 0.000   4.078 0.000
305.291667 306.291667  16.863 0.000   6.437 0.000
308.291667 309.291667  12.710 0.000   6.396 0.000
311.291667 312.291667  25.596 0.000  11.288 0.000
314.291667 315.291667  24.327 0.000   7.478 0.000
317.291667 318.291667  35.317 0.000  15.904 0.000
320.291667 321.291667  25.074 0.000   7.032 0.000
323.291667 324.291667  31.730 0.000  12.897 0.000
326.291667 327.291667  31.272 0.000  10.464 0.000
329.291667 330.291667  69.344 0.000  17.501 0.000
332.291667 333.291667  28.468 0.000  14.673 0.000
335.291667 336.291667  47.466 0.000  16.968 0.000
338.291667 339.291667  52.605 0.000  21.552 0.000
341.291667 342.291667  47.094 0.000  14.591 0.000
344.291667 345.291667  46.193 0.000   9.298 0.000
347.291667 348.291667  11.453 0.000   4.592 0.000
350.291667 351.291667  36.612 0.000  19.603 0.000
353.291667 354.291667  35.132 0.000  20.009 0.000
356.291667 357.291667  27.239 0.000  11.127 0.000
359.291667 360.291667  11.702 0.000   1.652 0.000
362.291667 363.291667  35.093 0.000  17.390 0.000
