scripts/IMPROVE-2019_partial/data/US0027R.19990102070000.20191216000000.filterpack...1y.3d.US03L_filterpack_US0027.US03L_IMPROVE_Davis.lev2.nas
51 1001
MISSING INFORMATION
US03L, IMPROVE, , , , , , , 
MISSING INFORMATION
IMPROVE sel_HTAP
1 1
1999 01 01 2019 12 16
0
days from file reference point
4
1 1 1 1
999.999999 999.999 999.999 9.999
end_time of measurement, days from the file reference point
pm10_mass, ug/m3, Matrix=pm10
pm25_mass, ug/m3, Matrix=pm25
numflag, no unit
0
33
Data definition:              EBAS_1.1
Set type code:                TI
Timezone:                     UTC
File name:                    US0027R.19990102070000.20191216000000.filterpack...1y.3d.US03L_filterpack_US0027.US03L_IMPROVE_Davis.lev2.nas
File creation:                20191218115716
Startdate:                    19990102070000
Revision date:                20191216000000
Version:                      2
Version description:          "Data extracted from http://views.cira.colostate.edu/fed/DataWizard 2019-12-16"
Statistics:                   arithmetic mean
Data level:                   2
Period code:                  1y
Resolution code:              3d
Sample duration:              1d
Orig. time res.:              3d
Station code:                 US0027R
Platform code:                US0027S
Station name:                 Great Sand Dunes NM
Station latitude:             37.7249
Station longitude:            -105.5185
Station altitude:             2498.0 m
Regime:                       IMG
Component:                    
Unit:                         ug/m3
Matrix:                       
Laboratory code:              US03L
Instrument type:              filterpack
Instrument name:              filterpack_US0027
Method ref:                   US03L_IMPROVE_Davis
Blank correction:             Blank corrected
Volume std. temperature:      ambient
Volume std. pressure:         ambient
starttime endtime PM10 PM2.5 flag
  1.291667   2.291667   3.627   2.087 0.000
  5.291667   6.291667   4.106   0.919 0.000
  8.291667   9.291667   3.276   1.506 0.000
 12.291667  13.291667   2.414   1.309 0.000
 15.291667  16.291667   4.158   1.727 0.000
 19.291667  20.291667   6.142   1.964 0.000
 22.291667  23.291667   4.711   1.228 0.000
 26.291667  27.291667   5.167   1.127 0.000
 29.291667  30.291667   2.646   2.509 0.000
 33.291667  34.291667   7.955   3.436 0.000
 36.291667  37.291667   3.619   1.279 0.000
 40.291667  41.291667   9.205   2.427 0.000
 43.291667  44.291667   1.817   0.906 0.000
 47.291667  48.291667  12.357   4.546 0.000
 50.291667  51.291667   3.170   1.575 0.000
 54.291667  55.291667   3.933   1.104 0.000
 57.291667  58.291667   6.413   2.327 0.000
 61.291667  62.291667  10.454   3.672 0.000
 64.291667  65.291667   5.556   3.091 0.000
 68.291667  69.291667   6.489   2.996 0.000
 71.291667  72.291667   4.559   2.855 0.000
 75.291667  76.291667   9.688   4.003 0.000
 78.291667  79.291667   4.618   2.634 0.000
 82.291667  83.291667   8.576   4.975 0.000
 85.291667  86.291667  31.979  10.434 0.000
 89.291667  90.291667  43.447  12.543 0.000
 92.291667  93.291667   3.858   1.999 0.000
 96.291667  97.291667  17.463   5.522 0.000
 99.291667 100.291667   7.492   3.966 0.000
103.291667 104.291667   7.893   4.927 0.000
106.291667 107.291667   5.318   3.522 0.000
110.291667 111.291667   5.675   3.086 0.000
113.291667 114.291667   8.139   3.288 0.000
117.291667 118.291667   4.767   3.250 0.000
120.291667 121.291667   2.641   1.916 0.000
124.291667 125.291667   9.879   4.596 0.000
127.291667 128.291667   5.719   3.355 0.000
131.291667 132.291667   6.221   3.803 0.000
134.291667 135.291667  11.622   5.622 0.000
138.291667 139.291667  20.068   6.976 0.000
141.291667 142.291667  18.154   6.848 0.000
145.291667 146.291667   6.633   3.614 0.000
148.291667 149.291667   7.411   3.739 0.000
152.291667 153.291667  14.829   4.786 0.000
155.291667 156.291667   8.230 999.999 0.000
159.291667 160.291667  10.390   3.924 0.000
162.291667 163.291667   8.452   3.999 0.000
166.291667 167.291667   5.168   2.405 0.000
169.291667 170.291667   8.559   2.646 0.000
173.291667 174.291667   7.793   3.093 0.000
176.291667 177.291667   5.619   1.897 0.000
180.291667 181.291667   9.402   3.573 0.000
183.291667 184.291667  11.592   2.743 0.000
187.291667 188.291667   8.280   3.515 0.000
190.291667 191.291667  15.331   5.375 0.000
194.291667 195.291667   8.968   4.131 0.000
197.291667 198.291667   6.835   4.085 0.000
201.291667 202.291667   5.805   2.141 0.000
204.291667 205.291667   4.394   2.644 0.000
208.291667 209.291667   7.444   4.154 0.000
211.291667 212.291667  10.278   3.382 0.000
215.291667 216.291667   3.889   2.226 0.000
218.291667 219.291667   5.111   2.315 0.000
222.291667 223.291667   6.944   2.896 0.000
225.291667 226.291667  10.116   3.339 0.000
229.291667 230.291667   6.989   3.376 0.000
232.291667 233.291667   6.496   3.252 0.000
236.291667 237.291667   8.569   3.180 0.000
239.291667 240.291667   4.704   2.013 0.000
243.291667 244.291667   7.112   3.769 0.000
246.291667 247.291667   4.812   2.098 0.000
250.291667 251.291667  13.368   4.269 0.000
253.291667 254.291667   8.044   2.495 0.000
257.291667 258.291667   2.976   1.674 0.000
260.291667 261.291667   3.676   1.934 0.000
264.291667 265.291667   5.709   2.257 0.000
267.291667 268.291667  12.241   3.997 0.000
271.291667 272.291667  10.603   3.536 0.000
274.291667 275.291667  16.617   8.096 0.000
278.291667 279.291667  14.188   5.184 0.000
281.291667 282.291667   6.226   2.990 0.000
285.291667 286.291667   7.320   2.811 0.000
288.291667 289.291667  30.530   2.817 0.000
292.291667 293.291667   6.187   2.612 0.000
295.291667 296.291667  11.533   2.719 0.000
299.291667 300.291667  17.392   5.084 0.000
302.291667 303.291667   2.215   1.296 0.000
306.291667 307.291667   8.725   3.108 0.000
309.291667 310.291667   6.386   2.050 0.000
313.291667 314.291667  10.212   3.602 0.000
316.291667 317.291667   4.844   1.980 0.000
320.291667 321.291667  13.104   4.564 0.000
323.291667 324.291667   6.884   2.381 0.000
327.291667 328.291667   4.293   2.461 0.000
330.291667 331.291667   2.967   1.342 0.000
334.291667 335.291667  14.479   4.792 0.000
337.291667 338.291667   3.407   1.169 0.000
341.291667 342.291667   6.548   2.996 0.000
344.291667 345.291667   6.415   3.153 0.000
348.291667 349.291667   1.674   0.821 0.000
351.291667 352.291667   3.844   1.574 0.000
355.291667 356.291667   3.178   1.409 0.000
358.291667 359.291667   1.099   0.397 0.000
362.291667 363.291667   4.167   1.361 0.000
