scripts/IMPROVE-2019_partial/data/US0070R.20030103080000.20191216000000.filterpack..pm25.1y.1w.US03L_filterpack_US0070.US03L_IMPROVE_Davis.lev2.nas
66 1001
MISSING INFORMATION
US03L, IMPROVE, , , , , , , 
MISSING INFORMATION
IMPROVE sel_HTAP
1 1
2003 01 01 2019 12 16
3.000000
days from file reference point
27
1 1 1 1 1 1 1 1 1 1 1 1 1 1 1 1 1 1 1 1 1 1 1 1 1 1 1
999.999999 9999.99 9.999 99.99 9.999999 9.999 9.999999 9.99 9.999999 9.999 9.999999 999.999 9.999 999.999 9.999 99.99 9.999999 999.999 9.999 999.999 9.999 999.999 9.999 9.999 9.999 9.999 9.999999
end_time of measurement, days from the file reference point
iron, ng/m3, Revision date=20181210133000
numflag iron, no unit, Revision date=20181210133000
lead, ng/m3, Revision date=20181210133000
numflag lead, no unit, Revision date=20181210133000
magnesium, ug/m3, Revision date=20181210133000
numflag magnesium, no unit, Revision date=20181210133000
nickel, ng/m3, Revision date=20181210133000
numflag nickel, no unit, Revision date=20181210133000
nitrate, ug N/m3, Revision date=20181210133000
numflag nitrate, no unit, Revision date=20181210133000
organic_carbon, ug C/m3, Revision date=20181210133000
numflag organic_carbon, no unit, Revision date=20181210133000
organic_mass, ug/m3, Revision date=20181210133000
numflag organic_mass, no unit, Revision date=20181210133000
phosphorus, ng/m3, Revision date=20181210133000
numflag phosphorus, no unit, Revision date=20181210133000
pm10_mass, ug/m3, Version=2, Version description=Data extracted from http://views.cira.colostate.edu/fed/DataWizard 2019-12-16, Sample duration=1d, Orig. time res.=3d, Matrix=pm10, Blank correction=Blank corrected, Volume std. temperature=ambient, Volume std. pressure=ambient
numflag pm10_mass, no unit, Version=2, Version description=Data extracted from http://views.cira.colostate.edu/fed/DataWizard 2019-12-16, Sample duration=1d, Orig. time res.=3d, Matrix=pm10, Blank correction=Blank corrected, Volume std. temperature=ambient, Volume std. pressure=ambient
pm10_pm25_mass, ug/m3, Revision date=20181210133000, Matrix=pm10_pm25
numflag pm10_pm25_mass, no unit, Revision date=20181210133000, Matrix=pm10_pm25
pm25_mass, ug/m3, Version=2, Version description=Data extracted from http://views.cira.colostate.edu/fed/DataWizard 2019-12-16, Sample duration=1d, Orig. time res.=3d, Blank correction=Blank corrected, Volume std. temperature=ambient, Volume std. pressure=ambient
numflag pm25_mass, no unit, Version=2, Version description=Data extracted from http://views.cira.colostate.edu/fed/DataWizard 2019-12-16, Sample duration=1d, Orig. time res.=3d, Blank correction=Blank corrected, Volume std. temperature=ambient, Volume std. pressure=ambient
potassium, ug/m3, Revision date=20181210133000
numflag potassium, no unit, Revision date=20181210133000
sulphate_total, ug S/m3, Revision date=20181210133000
numflag sulphate_total, no unit, Revision date=20181210133000
0
25
Data definition:              EBAS_1.1
Set type code:                TU
Timezone:                     UTC
File name:                    US0070R.20030103080000.20191216000000.filterpack..pm25.1y.1w.US03L_filterpack_US0070.US03L_IMPROVE_Davis.lev2.nas
File creation:                20191218120009
Startdate:                    20030103080000
Revision date:                20191216000000
Statistics:                   arithmetic mean
Data level:                   2
Period code:                  1y
Resolution code:              1w
Station code:                 US0070R
Platform code:                US0070S
Station name:                 Crater Lake NP
Station latitude:             42.8958
Station longitude:            -122.1361
Station altitude:             1996.0 m
Regime:                       IMG
Component:                    
Matrix:                       pm25
Laboratory code:              US03L
Instrument type:              filterpack
Instrument name:              filterpack_US0070
Method ref:                   US03L_IMPROVE_Davis
starttime endtime Fe flag_Fe Pb flag_Pb Mg++ flag_Mg++ Ni flag_Ni NO3- flag_NO3- OC flag_OC OM flag_OM P flag_P PM10 flag_PM10 PM10-PM2.5 flag_PM10-PM2.5 PM2.5 flag_PM2.5 K+ flag_K+ SO4-- flag_SO4--
  2.333333   3.333333    3.15 0.000  0.09 0.000000 9.999 0.259000 9.99 0.259000 0.016 0.000000   0.414 0.000   0.579 0.000 99.99 0.259000   1.286 0.000   0.558 0.000   0.728 0.000 0.005 0.000 0.016 0.000000
  5.333333   6.333333    4.03 0.000  0.17 0.000000 9.999 0.259000 9.99 0.259000 0.008 0.559000   0.257 0.000   0.359 0.000 99.99 0.259000   1.984 0.000   1.120 0.000   0.864 0.000 0.002 0.000 0.018 0.559000
  8.333333   9.333333   13.30 0.000  0.22 0.000000 9.999 0.259000 9.99 0.259000 0.013 0.000000   0.752 0.000   1.053 0.000 99.99 0.259000   4.556 0.000   2.568 0.000   1.989 0.000 0.013 0.000 0.080 0.000000
 11.333333  12.333333    0.50 0.000 99.99 0.259000 9.999 0.259000 0.05 0.000000 0.003 0.559000   0.406 0.000   0.569 0.000 99.99 0.259000   0.441 0.000   0.066 0.000   0.375 0.000 0.001 0.000 0.008 0.559000
 14.333333  15.333333    4.35 0.000  0.11 0.000000 0.014 0.000000 9.99 0.259000 0.002 0.000000   0.233 0.000   0.326 0.000 99.99 0.259000   0.886 0.000 999.999 0.259   0.930 0.000 0.002 0.000 0.015 0.000000
 17.333333  18.333333    5.74 0.000  0.06 0.000000 9.999 0.259000 9.99 0.259000 0.001 0.559000   0.100 0.000   0.140 0.000 99.99 0.259000   2.047 0.000   1.828 0.000   0.219 0.000 0.002 0.000 0.005 0.559000
 20.333333  21.333333    5.13 0.000  0.43 0.000000 9.999 0.259000 9.99 0.259000 0.031 0.559000   0.585 0.000   0.820 0.000 99.99 0.259000   1.219 0.000   0.082 0.000   1.137 0.000 0.009 0.000 0.048 0.559000
 23.333333  24.333333    8.29 0.000  0.11 0.000000 9.999 0.259000 0.04 0.000000 0.008 0.000000   0.353 0.000   0.494 0.000 99.99 0.259000   0.661 0.000   0.075 0.000   0.586 0.000 0.002 0.000 0.022 0.000000
 26.333333  27.333333    3.85 0.000  0.09 0.000000 9.999 0.259000 9.99 0.259000 0.001 0.559000   0.144 0.000   0.201 0.000  1.31 0.000000   0.767 0.000   0.397 0.000   0.370 0.000 0.002 0.000 0.013 0.559000
 29.333333  30.333333    2.94 0.000  0.09 0.000000 9.999 0.259000 9.99 0.259000 0.011 0.000000   0.120 0.000   0.168 0.000 99.99 0.259000 999.999 0.259 999.999 0.259   0.148 0.000 0.002 0.000 0.001 0.000000
 32.333333  33.333333    0.80 0.000 99.99 0.259000 9.999 0.259000 9.99 0.259000 0.001 0.559000   0.124 0.000   0.173 0.000 99.99 0.259000   0.110 0.000 999.999 0.259   0.122 0.000 0.002 0.000 0.005 0.559000
 35.333333  36.333333   14.85 0.000  0.12 0.000000 9.999 0.259000 9.99 0.259000 0.021 0.000000   0.332 0.000   0.465 0.000 99.99 0.259000   3.838 0.000   3.294 0.000   0.543 0.000 0.007 0.000 0.031 0.000000
 38.333333  39.333333    9.98 0.000  0.08 0.000000 0.014 0.000000 0.04 0.000000 0.006 0.559000   0.364 0.000   0.509 0.000 99.99 0.259000   3.160 0.000   2.534 0.000   0.626 0.000 0.005 0.000 0.041 0.559000
 41.333333  42.333333   20.25 0.000  0.23 0.000000 0.016 0.000000 9.99 0.259000 0.005 0.559000   0.355 0.000   0.497 0.000 99.99 0.259000   3.307 0.000   2.360 0.000   0.947 0.000 0.009 0.000 0.038 0.559000
 44.333333  45.333333    3.32 0.000 99.99 0.259000 0.015 0.000000 9.99 0.259000 0.022 0.000000   0.349 0.000   0.488 0.000 99.99 0.259000   0.661 0.000   0.130 0.000   0.532 0.000 0.005 0.000 0.021 0.000000
 47.333333  48.333333    2.03 0.000  0.12 0.000000 9.999 0.259000 9.99 0.259000 0.012 0.559000   0.104 0.000   0.146 0.000 99.99 0.259000   0.628 0.000   0.141 0.000   0.487 0.000 0.003 0.000 0.042 0.559000
 50.333333  51.333333   10.15 0.000 99.99 0.259000 0.014 0.000000 9.99 0.259000 0.004 0.000000 999.999 0.259 999.999 0.259 99.99 0.259000   0.110 0.000 999.999 0.259   0.214 0.000 0.003 0.000 0.021 0.000000
 53.333333  54.333333   10.90 0.000  0.18 0.000000 9.999 0.259000 0.04 0.000000 0.014 0.559000   0.144 0.000   0.201 0.000 99.99 0.259000   2.352 0.000   1.683 0.000   0.669 0.000 0.007 0.000 0.042 0.559000
 56.333333  57.333333   28.29 0.000  0.36 0.000000 9.999 0.259000 9.99 0.259000 0.015 0.000000   0.286 0.000   0.400 0.000 99.99 0.259000   5.398 0.000   3.789 0.000   1.609 0.000 0.020 0.000 0.097 0.000000
 59.333333  60.333333    6.07 0.000  0.09 0.000000 9.999 0.259000 9.99 0.259000 0.005 0.559000   0.136 0.000   0.190 0.000 99.99 0.259000   1.066 0.000   0.710 0.000   0.355 0.000 0.005 0.000 0.021 0.559000
 62.333333  63.333333    8.54 0.559  0.15 0.559000 9.999 0.559259 9.99 0.559259 0.004 0.000000   0.059 0.000   0.082 0.000 99.99 0.559259   1.717 0.000   1.190 0.000   0.527 0.559 0.006 0.559 0.031 0.000000
 65.333333  66.333333    3.07 0.000  0.08 0.000000 9.999 0.259000 9.99 0.259000 0.000 0.000000   0.061 0.000   0.085 0.000 99.99 0.259000   0.110 0.000 999.999 0.259   0.126 0.000 0.002 0.000 0.007 0.000000
 68.333333  69.333333   19.90 0.000  0.26 0.000000 9.999 0.259000 9.99 0.259000 0.003 0.559000   0.106 0.000   0.148 0.000 99.99 0.259000   0.621 0.000   0.185 0.000   0.436 0.000 0.007 0.000 0.033 0.559000
 71.333333  72.333333   66.95 0.559  0.26 0.559000 9.999 0.559259 9.99 0.559259 0.030 0.000000   0.826 0.000   1.156 0.000 99.99 0.559259  17.046 0.000  11.364 0.000   5.682 0.559 0.035 0.559 0.109 0.000000
 74.333333  75.333333    7.73 0.000  0.13 0.000000 0.018 0.000000 9.99 0.259000 0.006 0.000000   0.136 0.000   0.191 0.000 99.99 0.259000   0.514 0.000   0.265 0.000   0.249 0.000 0.007 0.000 0.017 0.000000
 77.333333  78.333333    9.11 0.000  0.20 0.000000 9.999 0.259000 9.99 0.259000 0.029 0.000000   0.386 0.000   0.541 0.000 99.99 0.259000   3.398 0.000   1.834 0.000   1.564 0.000 0.008 0.000 0.077 0.000000
 80.333333  81.333333   29.39 0.000  0.56 0.000000 9.999 0.259000 9.99 0.259000 0.012 0.559000   0.135 0.000   0.189 0.000 99.99 0.259000   0.743 0.000   0.208 0.000   0.534 0.000 0.024 0.000 0.041 0.559000
 83.333333  84.333333    3.20 0.000  0.14 0.000000 9.999 0.259000 9.99 0.259000 0.013 0.000000   0.033 0.000   0.046 0.000 99.99 0.259000   0.485 0.000   0.076 0.000   0.409 0.000 0.004 0.000 0.020 0.000000
 86.333333  87.333333   10.38 0.000  0.18 0.000000 9.999 0.259000 0.05 0.000000 0.014 0.559000   0.179 0.000   0.251 0.000 99.99 0.259000   2.265 0.000   1.466 0.000   0.799 0.000 0.007 0.000 0.057 0.559000
 89.333333  90.333333   26.73 0.000  0.39 0.000000 9.999 0.259000 9.99 0.259000 0.018 0.559000   0.396 0.000   0.554 0.000 99.99 0.259000   3.268 0.000   2.090 0.000   1.178 0.000 0.015 0.000 0.048 0.559000
 92.333333  93.333333    9.55 0.000  0.20 0.000000 9.999 0.259000 9.99 0.259000 0.011 0.000000   0.005 0.000   0.006 0.000 99.99 0.259000   0.928 0.000   0.209 0.000   0.720 0.000 0.007 0.000 0.062 0.000000
 95.333333  96.333333    5.07 0.000  0.20 0.000000 9.999 0.259000 0.07 0.000000 0.012 0.000000   0.070 0.000   0.098 0.000 99.99 0.259000   0.706 0.000   0.196 0.000   0.510 0.000 0.006 0.000 0.048 0.000000
 98.333333  99.333333   49.37 0.000  1.52 0.000000 9.999 0.259000 9.99 0.259000 0.049 0.000000   0.582 0.000   0.815 0.000 99.99 0.259000   5.105 0.000   1.960 0.000   3.145 0.000 0.036 0.000 0.267 0.000000
101.333333 102.333333   14.28 0.000  0.42 0.000000 9.999 0.259000 0.05 0.000000 0.062 0.000000   0.340 0.000   0.475 0.000 99.99 0.259000   1.990 0.000   0.677 0.000   1.312 0.000 0.015 0.000 0.101 0.000000
104.333333 105.333333   28.92 0.559 99.99 0.559259 9.999 0.559259 0.20 0.559000 0.013 0.000000   0.325 0.000   0.455 0.000 99.99 0.559259   1.509 0.000   0.807 0.000   0.702 0.559 0.010 0.559 0.051 0.000000
107.333333 108.333333   33.86 0.000  0.54 0.000000 9.999 0.259000 9.99 0.259000 0.015 0.000000   0.494 0.000   0.691 0.000 99.99 0.259000   3.915 0.000   1.067 0.000   2.848 0.000 0.031 0.000 0.322 0.000000
110.333333 111.333333   84.55 0.559  0.73 0.559000 9.999 0.559259 9.99 0.559259 0.055 0.000000   0.414 0.000   0.580 0.000 99.99 0.559259   5.607 0.000   2.217 0.000   3.391 0.559 0.061 0.559 0.189 0.000000
113.333333 114.333333    7.24 0.000 99.99 0.259000 9.999 0.259000 9.99 0.259000 0.005 0.000000   0.071 0.000   0.100 0.000 99.99 0.259000   0.751 0.000   0.288 0.000   0.463 0.000 0.006 0.000 0.048 0.000000
116.333333 117.333333   12.98 0.000  0.49 0.000000 9.999 0.259000 9.99 0.259000 0.032 0.000000   0.293 0.000   0.410 0.000 99.99 0.259000   2.327 0.000   0.512 0.000   1.816 0.000 0.016 0.000 0.144 0.000000
119.333333 120.333333    1.93 0.000 99.99 0.259000 9.999 0.259000 9.99 0.259000 0.001 0.559000   0.182 0.000   0.255 0.000 99.99 0.259000   0.631 0.000   0.324 0.000   0.307 0.000 0.003 0.000 0.013 0.559000
122.333333 123.333333    3.31 0.000  0.21 0.000000 0.019 0.000000 9.99 0.259000 0.005 0.559000   0.141 0.000   0.197 0.000 99.99 0.259000   0.713 0.000   0.082 0.000   0.631 0.000 0.003 0.000 0.027 0.559000
125.333333 126.333333   22.02 0.000  0.62 0.000000 9.999 0.259000 0.05 0.000000 0.063 0.000000   0.877 0.000   1.228 0.000 99.99 0.259000   5.804 0.000   2.033 0.000   3.771 0.000 0.029 0.000 0.248 0.000000
128.333333 129.333333   13.93 0.000  0.46 0.000000 9.999 0.259000 0.06 0.000000 0.078 0.000000   0.509 0.000   0.712 0.000 99.99 0.259000   3.435 0.000   1.152 0.000   2.283 0.000 0.012 0.000 0.189 0.000000
131.333333 132.333333   45.38 0.000  0.60 0.000000 0.013 0.000000 9.99 0.259000 0.004 0.000000   0.235 0.000   0.329 0.000 99.99 0.259000   3.491 0.000   2.429 0.000   1.061 0.000 0.010 0.000 0.071 0.000000
134.333333 135.333333   25.23 0.000  0.55 0.000000 9.999 0.259000 9.99 0.259000 0.034 0.559000   1.131 0.000   1.583 0.000 99.99 0.259000   6.086 0.000   2.104 0.000   3.982 0.000 0.028 0.000 0.263 0.559000
137.333333 138.333333    6.76 0.000  0.25 0.000000 9.999 0.259000 9.99 0.259000 0.007 0.559000   0.564 0.000   0.789 0.000 99.99 0.259000   2.785 0.000   1.130 0.000   1.655 0.000 0.006 0.000 0.085 0.559000
140.333333 141.333333   34.49 0.000  0.38 0.000000 9.999 0.259000 9.99 0.259000 0.009 0.000000   0.848 0.000   1.187 0.000 99.99 0.259000   6.011 0.000   3.573 0.000   2.438 0.000 0.023 0.000 0.103 0.000000
143.333333 144.333333   70.65 0.559  0.94 0.559000 9.999 0.559259 0.06 0.559000 0.023 0.000000   2.277 0.000   3.187 0.000 99.99 0.559259   9.073 0.000   2.812 0.000   6.260 0.559 0.064 0.559 0.190 0.000000
146.333333 147.333333   57.32 0.559  0.60 0.559000 9.999 0.559259 0.05 0.559000 0.014 0.559000   0.871 0.000   1.220 0.000 99.99 0.559259   5.485 0.000   2.471 0.000   3.014 0.559 0.039 0.559 0.132 0.559000
149.333333 150.333333   45.81 0.000  0.89 0.000000 9.999 0.259000 0.06 0.000000 0.057 0.000000   1.788 0.000   2.503 0.000 99.99 0.259000   7.535 0.000   1.727 0.000   5.809 0.000 0.041 0.000 0.362 0.000000
152.333333 153.333333   36.97 0.559  0.78 0.559000 9.999 0.559259 0.04 0.559000 0.023 0.000000   3.048 0.000   4.268 0.000 99.99 0.559259   9.841 0.000   1.802 0.000   8.039 0.559 0.052 0.559 0.311 0.000000
155.333333 156.333333   72.75 0.000  0.99 0.000000 9.999 0.259000 9.99 0.259000 0.014 0.000000   1.589 0.000   2.225 0.000 99.99 0.259000   9.915 0.000   4.644 0.000   5.271 0.000 0.045 0.000 0.276 0.000000
158.333333 159.333333   33.32 0.000  0.70 0.000000 9.999 0.259000 9.99 0.259000 0.010 0.000000   1.587 0.000   2.221 0.000 99.99 0.259000   6.306 0.000   2.140 0.000   4.167 0.000 0.025 0.000 0.183 0.000000
161.333333 162.333333 9999.99 0.999 99.99 0.999000 9.999 0.999000 9.99 0.999000 9.999 0.999000 999.999 0.999 999.999 0.999 99.99 0.999000 999.999 0.999 999.999 0.999 999.999 0.999 9.999 0.999 9.999 0.999000
164.333333 165.333333   17.31 0.000  0.44 0.000000 9.999 0.259000 9.99 0.259000 0.016 0.000000   1.184 0.000   1.658 0.000 99.99 0.259000   4.531 0.000   0.961 0.000   3.570 0.000 0.027 0.000 0.191 0.000000
167.333333 168.333333   96.94 0.000  0.86 0.000000 9.999 0.259000 0.04 0.000000 0.028 0.559000   2.176 0.000   3.047 0.000 99.99 0.259000   9.618 0.000   3.156 0.000   6.462 0.000 0.052 0.000 0.223 0.559000
170.333333 171.333333   76.30 0.000  0.32 0.000000 9.999 0.259000 9.99 0.259000 0.013 0.000000   0.519 0.000   0.727 0.000 99.99 0.259000   2.502 0.000 999.999 0.259   3.097 0.000 0.030 0.000 0.125 0.000000
173.333333 174.333333   36.02 0.000  0.28 0.000000 9.999 0.259000 9.99 0.259000 0.018 0.000000   0.420 0.000   0.588 0.000 99.99 0.259000   2.844 0.000   0.519 0.000   2.325 0.000 0.014 0.000 0.158 0.000000
176.333333 177.333333   78.84 0.000  0.35 0.000000 9.999 0.259000 0.08 0.000000 0.015 0.000000   1.350 0.000   1.890 0.000 99.99 0.259000   6.871 0.000   2.376 0.000   4.495 0.000 0.032 0.000 0.149 0.000000
179.333333 180.333333   58.34 0.559  0.34 0.559000 9.999 0.559259 0.08 0.559000 0.015 0.000000   1.789 0.000   2.504 0.000 99.99 0.559259   7.462 0.000   2.702 0.000   4.760 0.559 0.033 0.559 0.117 0.000000
182.333333 183.333333   52.30 0.000  0.40 0.000000 0.022 0.000000 0.07 0.000000 0.035 0.559000   0.977 0.000   1.368 0.000 99.99 0.259000   5.322 0.000   1.690 0.000   3.631 0.000 0.031 0.000 0.154 0.559000
185.333333 186.333333   24.66 0.559  0.76 0.559000 0.025 0.559000 9.99 0.559259 0.018 0.559000   0.814 0.000   1.139 0.000 99.99 0.559259   3.731 0.000   1.253 0.000   2.478 0.559 0.070 0.559 0.095 0.559000
188.333333 189.333333   21.75 0.559  0.46 0.559000 9.999 0.559259 9.99 0.559259 0.017 0.559000   0.521 0.000   0.730 0.000 99.99 0.559259   3.924 0.000   1.797 0.000   2.127 0.559 0.017 0.559 0.120 0.559000
191.333333 192.333333   41.46 0.000  0.28 0.000000 9.999 0.259000 0.08 0.000000 0.010 0.000000   1.234 0.000   1.727 0.000 99.99 0.259000   6.031 0.000   2.062 0.000   3.968 0.000 0.024 0.000 0.153 0.000000
194.333333 195.333333   35.01 0.000  0.22 0.000000 9.999 0.259000 0.07 0.000000 0.016 0.000000   0.757 0.000   1.060 0.000 99.99 0.259000   4.519 0.000   1.628 0.000   2.891 0.000 0.017 0.000 0.085 0.000000
197.333333 198.333333   40.23 0.000  0.19 0.000000 9.999 0.259000 9.99 0.259000 0.007 0.000000   0.917 0.000   1.284 0.000 99.99 0.259000   4.765 0.000   1.675 0.000   3.090 0.000 0.025 0.000 0.081 0.000000
200.333333 201.333333   21.92 0.000  0.31 0.000000 9.999 0.259000 9.99 0.259000 0.004 0.559000   1.294 0.000   1.811 0.000 99.99 0.259000   5.013 0.000   1.834 0.000   3.179 0.000 0.013 0.000 0.086 0.559000
203.333333 204.333333   65.21 0.699  0.55 0.699000 9.999 0.699259 0.07 0.699000 0.031 0.559000   8.543 0.000  11.960 0.000 99.99 0.699259  20.499 0.000   3.438 0.000  17.061 0.699 0.068 0.699 0.284 0.559000
206.333333 207.333333   49.88 0.000  0.49 0.000000 9.999 0.259000 0.08 0.000000 0.054 0.559000   2.226 0.000   3.117 0.000 99.99 0.259000   8.400 0.000   2.102 0.000   6.298 0.000 0.040 0.000 0.239 0.559000
209.333333 210.333333   82.92 0.000  0.41 0.000000 9.999 0.259000 0.04 0.000000 0.022 0.559000   2.429 0.000   3.401 0.000 99.99 0.259000  15.001 0.000   7.919 0.000   7.082 0.000 0.039 0.000 0.229 0.559000
212.333333 213.333333   41.73 0.000  0.22 0.000000 9.999 0.259000 0.07 0.000000 0.036 0.559000   1.458 0.000   2.041 0.000 99.99 0.259000   6.099 0.000   2.059 0.000   4.040 0.000 0.025 0.000 0.108 0.559000
215.333333 216.333333   60.70 0.000  0.36 0.000000 9.999 0.259000 0.12 0.000000 0.009 0.559000   0.724 0.000   1.014 0.000 99.99 0.259000   3.895 0.000   0.853 0.000   3.042 0.000 0.020 0.000 0.131 0.559000
218.333333 219.333333   38.02 0.000  0.19 0.000000 9.999 0.259000 0.09 0.000000 0.014 0.559000   0.832 0.000   1.165 0.000 99.99 0.259000   4.667 0.000   1.353 0.000   3.314 0.000 0.019 0.000 0.123 0.559000
221.333333 222.333333   25.49 0.000  0.20 0.000000 9.999 0.259000 0.08 0.000000 0.021 0.559000   0.885 0.000   1.239 0.000 99.99 0.259000   3.952 0.000   1.064 0.000   2.888 0.000 0.022 0.000 0.085 0.559000
224.333333 225.333333   63.00 0.000  0.93 0.000000 9.999 0.259000 0.07 0.000000 0.030 0.559000   1.553 0.000   2.174 0.000 99.99 0.259000   7.799 0.000   2.944 0.000   4.855 0.000 0.083 0.000 0.140 0.559000
227.333333 228.333333   16.78 0.000  0.20 0.000000 0.017 0.000000 9.99 0.259000 0.021 0.559000   0.840 0.000   1.177 0.000 99.99 0.259000   3.842 0.000   1.328 0.000   2.514 0.000 0.015 0.000 0.094 0.559000
230.333333 231.333333   46.76 0.000  1.00 0.000000 9.999 0.259000 0.10 0.000000 0.016 0.559000   1.739 0.000   2.435 0.000 99.99 0.259000   6.795 0.000   2.204 0.000   4.591 0.000 0.024 0.000 0.097 0.559000
