scripts/IMPROVE-2019_partial/data/US0091R.20030103070000.20191216000000.filterpack..pm25.1y.1w.US03L_filterpack_US0091.US03L_IMPROVE_Davis.lev2.nas
66 1001
MISSING INFORMATION
US03L, IMPROVE, , , , , , , 
MISSING INFORMATION
IMPROVE sel_HTAP
1 1
2003 01 01 2019 12 16
3.000000
days from file reference point
27
1 1 1 1 1 1 1 1 1 1 1 1 1 1 1 1 1 1 1 1 1 1 1 1 1 1 1
999.999999 9999.99 9.999 99.99 9.999999 9.999 9.999999 99.99 9.999999 9.999 9.999999 999.999 9.999 999.999 9.999 99.99 9.999999 999.999 9.999 999.999 9.999 999.999 9.999 9.999 9.999 9.999 9.999999
end_time of measurement, days from the file reference point
iron, ng/m3, Revision date=20181210133000
numflag iron, no unit, Revision date=20181210133000
lead, ng/m3, Revision date=20181210133000
numflag lead, no unit, Revision date=20181210133000
magnesium, ug/m3, Revision date=20181210133000
numflag magnesium, no unit, Revision date=20181210133000
nickel, ng/m3, Revision date=20181210133000
numflag nickel, no unit, Revision date=20181210133000
nitrate, ug N/m3, Revision date=20181210133000
numflag nitrate, no unit, Revision date=20181210133000
organic_carbon, ug C/m3, Revision date=20181210133000
numflag organic_carbon, no unit, Revision date=20181210133000
organic_mass, ug/m3, Revision date=20181210133000
numflag organic_mass, no unit, Revision date=20181210133000
phosphorus, ng/m3, Revision date=20181210133000
numflag phosphorus, no unit, Revision date=20181210133000
pm10_mass, ug/m3, Version=2, Version description=Data extracted from http://views.cira.colostate.edu/fed/DataWizard 2019-12-16, Sample duration=1d, Orig. time res.=3d, Matrix=pm10, Blank correction=Blank corrected, Volume std. temperature=ambient, Volume std. pressure=ambient
numflag pm10_mass, no unit, Version=2, Version description=Data extracted from http://views.cira.colostate.edu/fed/DataWizard 2019-12-16, Sample duration=1d, Orig. time res.=3d, Matrix=pm10, Blank correction=Blank corrected, Volume std. temperature=ambient, Volume std. pressure=ambient
pm10_pm25_mass, ug/m3, Revision date=20181210133000, Matrix=pm10_pm25
numflag pm10_pm25_mass, no unit, Revision date=20181210133000, Matrix=pm10_pm25
pm25_mass, ug/m3, Version=2, Version description=Data extracted from http://views.cira.colostate.edu/fed/DataWizard 2019-12-16, Sample duration=1d, Orig. time res.=3d, Blank correction=Blank corrected, Volume std. temperature=ambient, Volume std. pressure=ambient
numflag pm25_mass, no unit, Version=2, Version description=Data extracted from http://views.cira.colostate.edu/fed/DataWizard 2019-12-16, Sample duration=1d, Orig. time res.=3d, Blank correction=Blank corrected, Volume std. temperature=ambient, Volume std. pressure=ambient
potassium, ug/m3, Revision date=20181210133000
numflag potassium, no unit, Revision date=20181210133000
sulphate_total, ug S/m3, Revision date=20181210133000
numflag sulphate_total, no unit, Revision date=20181210133000
0
25
Data definition:              EBAS_1.1
Set type code:                TU
Timezone:                     UTC
File name:                    US0091R.20030103070000.20191216000000.filterpack..pm25.1y.1w.US03L_filterpack_US0091.US03L_IMPROVE_Davis.lev2.nas
File creation:                20191218120133
Startdate:                    20030103070000
Revision date:                20191216000000
Statistics:                   arithmetic mean
Data level:                   2
Period code:                  1y
Resolution code:              1w
Station code:                 US0091R
Platform code:                US0091S
Station name:                 Mount Baldy
Station latitude:             34.0584
Station longitude:            -109.4406
Station altitude:             2508.0 m
Regime:                       IMG
Component:                    
Matrix:                       pm25
Laboratory code:              US03L
Instrument type:              filterpack
Instrument name:              filterpack_US0091
Method ref:                   US03L_IMPROVE_Davis
starttime endtime Fe flag_Fe Pb flag_Pb Mg++ flag_Mg++ Ni flag_Ni NO3- flag_NO3- OC flag_OC OM flag_OM P flag_P PM10 flag_PM10 PM10-PM2.5 flag_PM10-PM2.5 PM2.5 flag_PM2.5 K+ flag_K+ SO4-- flag_SO4--
[from data line 77]
233.291667 234.291667   18.86 0.000  0.20 0.000000 9.999 0.259000  0.05 0.000000 0.012 0.000000   0.676 0.000   0.947 0.000 99.99 0.259000   5.739 0.000   2.853 0.000   2.886 0.000 0.016 0.000 0.228 0.000000
236.291667 237.291667   24.50 0.000  0.20 0.000000 9.999 0.259000 99.99 0.259000 0.014 0.000000   1.033 0.000   1.446 0.000 99.99 0.259000   7.859 0.000   2.998 0.000   4.861 0.000 0.024 0.000 0.458 0.000000
239.291667 240.291667   13.78 0.000  0.36 0.000000 9.999 0.259000 99.99 0.259000 0.007 0.000000   0.655 0.000   0.917 0.000 99.99 0.259000   5.198 0.000   2.754 0.000   2.444 0.000 0.016 0.000 0.124 0.000000
242.291667 243.291667   22.82 0.000  0.59 0.000000 9.999 0.259000  0.07 0.000000 0.016 0.000000   1.340 0.000   1.876 0.000 99.99 0.259000   8.275 0.000   4.510 0.000   3.765 0.000 0.023 0.000 0.270 0.000000
245.291667 246.291667   13.86 0.000  0.16 0.000000 0.022 0.000000  0.08 0.000000 0.009 0.000000   0.973 0.000   1.362 0.000 99.99 0.259000   9.065 0.000   5.392 0.000   3.673 0.000 0.015 0.000 0.295 0.000000
248.291667 249.291667   12.45 0.000  0.48 0.000000 9.999 0.259000  0.07 0.000000 0.013 0.000000   0.753 0.000   1.055 0.000 99.99 0.259000   5.655 0.000   2.702 0.000   2.954 0.000 0.016 0.000 0.248 0.000000
251.291667 252.291667    5.69 0.000  0.18 0.000000 9.999 0.259000  0.10 0.000000 0.009 0.000000   0.373 0.000   0.522 0.000 99.99 0.259000   3.889 0.000   2.244 0.000   1.646 0.000 0.008 0.000 0.167 0.000000
254.291667 255.291667    6.48 0.000  0.15 0.000000 0.034 0.000000 99.99 0.259000 0.005 0.000000   0.440 0.000   0.616 0.000 99.99 0.259000   2.761 0.000   1.515 0.000   1.246 0.000 0.006 0.000 0.073 0.000000
257.291667 258.291667   43.59 0.000  0.74 0.000000 0.023 0.000000 99.99 0.259000 0.013 0.000000   0.942 0.000   1.319 0.000 99.99 0.259000   8.691 0.000   5.661 0.000   3.030 0.000 0.029 0.000 0.181 0.000000
260.291667 261.291667   87.24 0.559  0.46 0.559000 0.048 0.559000  0.14 0.559000 0.037 0.000000   0.564 0.000   0.789 0.000 99.99 0.559259  12.018 0.000   8.049 0.000   3.968 0.559 0.064 0.559 0.189 0.000000
263.291667 264.291667   46.78 0.000  0.43 0.000000 0.014 0.000000  0.06 0.000000 0.015 0.000000   0.836 0.000   1.170 0.000 99.99 0.259000   5.531 0.000   2.545 0.000   2.986 0.000 0.034 0.000 0.144 0.000000
266.291667 267.291667  458.68 0.559  0.99 0.559000 9.999 0.559259 99.99 0.559259 0.067 0.000000   1.214 0.000   1.700 0.000 99.99 0.559259  48.402 0.000  31.963 0.000  16.439 0.559 0.323 0.559 0.219 0.000000
269.291667 270.291667   37.41 0.000  0.45 0.000000 9.999 0.259000 99.99 0.259000 0.015 0.559000   2.170 0.000   3.038 0.000 99.99 0.259000   8.743 0.000   3.551 0.000   5.193 0.000 0.059 0.000 0.146 0.559000
272.291667 273.291667   26.29 0.559  0.60 0.559000 9.999 0.559259  0.06 0.559000 0.010 0.000000   0.805 0.000   1.127 0.000 99.99 0.559259   5.589 0.000   2.643 0.000   2.946 0.559 0.019 0.559 0.225 0.000000
275.291667 276.291667   39.76 0.000  0.28 0.000000 9.999 0.259000  0.10 0.000000 0.032 0.000000   0.682 0.000   0.955 0.000 99.99 0.259000   5.522 0.000   2.065 0.000   3.457 0.000 0.031 0.000 0.301 0.000000
278.291667 279.291667   11.93 0.559  0.46 0.559000 9.999 0.559259 99.99 0.559259 0.007 0.000000   0.317 0.000   0.444 0.000 99.99 0.559259   2.761 0.000   1.261 0.000   1.500 0.559 0.009 0.559 0.144 0.000000
281.291667 282.291667    8.33 0.000  0.26 0.000000 9.999 0.259000 99.99 0.259000 0.007 0.000000   0.806 0.000   1.128 0.000 99.99 0.259000   3.493 0.000   0.764 0.000   2.729 0.000 0.008 0.000 0.139 0.000000
284.291667 285.291667   28.57 0.000  0.44 0.000000 0.040 0.000000  0.06 0.000000 0.016 0.000000   0.729 0.000   1.020 0.000 99.99 0.259000   6.612 0.000   3.676 0.000   2.936 0.000 0.022 0.000 0.200 0.000000
287.291667 288.291667   28.31 0.000  0.64 0.000000 9.999 0.259000  0.06 0.000000 0.016 0.000000   0.418 0.000   0.586 0.000 99.99 0.259000   6.066 0.000   3.250 0.000   2.816 0.000 0.022 0.000 0.194 0.000000
290.291667 291.291667   46.66 0.559  0.66 0.559000 9.999 0.559259 99.99 0.559259 0.013 0.000000   0.778 0.000   1.089 0.000 99.99 0.559259   7.739 0.000   3.646 0.000   4.093 0.559 0.030 0.559 0.251 0.000000
293.291667 294.291667   20.41 0.000  0.39 0.000000 0.017 0.000000  0.06 0.000000 0.006 0.000000   0.559 0.000   0.783 0.000 99.99 0.259000   4.602 0.000   2.202 0.000   2.400 0.000 0.013 0.000 0.130 0.000000
296.291667 297.291667   49.00 0.699  0.46 0.699000 9.999 0.699259 99.99 0.699259 0.015 0.000000   1.614 0.000   2.260 0.000 99.99 0.699259   8.743 0.000   3.463 0.000   5.281 0.699 0.036 0.699 0.203 0.000000
299.291667 300.291667   26.16 0.559  0.25 0.559000 9.999 0.559259  0.07 0.559000 0.007 0.000000   0.372 0.000   0.521 0.000  4.16 0.559000   4.686 0.000   3.147 0.000   1.540 0.559 0.019 0.559 0.048 0.000000
302.291667 303.291667 9999.99 0.699 99.99 0.699000 9.999 0.699000 99.99 0.699000 0.413 0.000000   8.098 0.000  11.337 0.000 99.99 0.699000  29.439 0.000 999.999 0.999 999.999 0.699 9.999 0.699 0.225 0.000000
305.291667 306.291667   37.95 0.559  1.01 0.559000 9.999 0.559259  0.18 0.559000 0.077 0.000000   1.847 0.000   2.586 0.000 99.99 0.559259  10.311 0.000   3.637 0.000   6.675 0.559 0.115 0.559 0.413 0.000000
308.291667 309.291667 9999.99 0.456 99.99 0.456000 9.999 0.456000 99.99 0.456000 0.006 0.000000   0.646 0.000   0.904 0.000 99.99 0.456000   2.147 0.000 999.999 0.999 999.999 0.456 9.999 0.456 0.042 0.000000
311.291667 312.291667   16.92 0.000  0.55 0.000000 9.999 0.259000  0.08 0.000000 0.011 0.559000   0.761 0.000   1.066 0.000 99.99 0.259000   3.788 0.000   1.952 0.000   1.836 0.000 0.013 0.000 0.069 0.559000
314.291667 315.291667    2.79 0.000  0.33 0.000000 9.999 0.259000  0.05 0.000000 0.007 0.000000   0.295 0.000   0.413 0.000 99.99 0.259000   1.422 0.000   0.448 0.000   0.974 0.000 0.004 0.000 0.080 0.000000
317.291667 318.291667   39.74 0.000  0.70 0.000000 9.999 0.259000  0.08 0.000000 0.017 0.000000   0.445 0.000   0.623 0.000 99.99 0.259000   3.998 0.000   1.529 0.000   2.469 0.000 0.027 0.000 0.147 0.000000
320.291667 321.291667    7.35 0.000  0.41 0.000000 0.022 0.000000  0.06 0.000000 0.027 0.559000   0.249 0.000   0.348 0.000 99.99 0.259000   1.641 0.000   0.367 0.000   1.274 0.000 0.007 0.000 0.084 0.559000
323.291667 324.291667    5.48 0.000  0.14 0.000000 9.999 0.259000  0.08 0.000000 0.003 0.000000   0.122 0.000   0.171 0.000 99.99 0.259000   1.171 0.000   0.513 0.000   0.658 0.000 0.004 0.000 0.019 0.000000
326.291667 327.291667    7.54 0.000  0.29 0.000000 9.999 0.259000 99.99 0.259000 0.010 0.000000   0.194 0.000   0.272 0.000 99.99 0.259000   1.778 0.000   0.746 0.000   1.032 0.000 0.008 0.000 0.052 0.000000
329.291667 330.291667   10.25 0.000  0.84 0.000000 9.999 0.259000  0.05 0.000000 0.043 0.000000   0.212 0.000   0.297 0.000 99.99 0.259000   2.609 0.000   1.406 0.000   1.204 0.000 0.008 0.000 0.055 0.000000
332.291667 333.291667   20.95 0.000  0.41 0.000000 9.999 0.259000 99.99 0.259000 0.003 0.000000   0.408 0.000   0.572 0.000 99.99 0.259000   3.263 0.000   1.893 0.000   1.370 0.000 0.011 0.000 0.040 0.000000
335.291667 336.291667   17.45 0.000  0.51 0.000000 9.999 0.259000 99.99 0.259000 0.006 0.000000   0.425 0.000   0.595 0.000 99.99 0.259000   3.785 0.000   2.413 0.000   1.372 0.000 0.015 0.000 0.056 0.000000
338.291667 339.291667   29.29 0.699  0.83 0.699000 0.028 0.699000 99.99 0.699259 0.023 0.000000   3.971 0.000   5.560 0.000 99.99 0.699259   9.873 0.000   2.234 0.000   7.639 0.699 0.030 0.699 0.120 0.000000
341.291667 342.291667   15.39 0.559  0.77 0.559000 0.017 0.559000  0.13 0.559000 0.027 0.000000   0.470 0.000   0.658 0.000 99.99 0.559259   4.644 0.000   1.899 0.000   2.745 0.559 0.026 0.559 0.294 0.000000
344.291667 345.291667    9.48 0.000  0.79 0.000000 9.999 0.259000  0.08 0.000000 0.021 0.000000   0.227 0.000   0.318 0.000 99.99 0.259000   1.810 0.000   0.813 0.000   0.997 0.000 0.012 0.000 0.080 0.000000
347.291667 348.291667    1.86 0.000  0.36 0.000000 0.037 0.000000  0.05 0.000000 0.007 0.000000   0.119 0.000   0.167 0.000 99.99 0.259000   0.631 0.000   0.234 0.000   0.398 0.000 0.004 0.000 0.027 0.000000
350.291667 351.291667    4.41 0.000  0.18 0.000000 9.999 0.259000 99.99 0.259000 0.003 0.559000   0.601 0.000   0.841 0.000 99.99 0.259000   1.599 0.000   0.562 0.000   1.037 0.000 0.005 0.000 0.021 0.559000
353.291667 354.291667    8.31 0.000  0.13 0.000000 9.999 0.259000 99.99 0.259000 0.002 0.559000   0.151 0.000   0.212 0.000 99.99 0.259000   1.046 0.000   0.546 0.000   0.500 0.000 0.008 0.000 0.012 0.559000
356.291667 357.291667    4.92 0.000  0.21 0.000000 0.034 0.000000 99.99 0.259000 0.005 0.000000   0.189 0.000   0.264 0.000 99.99 0.259000   1.276 0.000   0.624 0.000   0.652 0.000 0.005 0.000 0.052 0.000000
359.291667 360.291667    9.50 0.000  1.23 0.000000 9.999 0.259000  0.09 0.000000 0.023 0.000000   0.326 0.000   0.456 0.000 99.99 0.259000   3.325 0.000   2.046 0.000   1.279 0.000 0.020 0.000 0.099 0.000000
362.291667 363.291667    3.89 0.000  0.12 0.000000 9.999 0.259000  0.06 0.000000 0.003 0.000000   0.271 0.000   0.380 0.000 99.99 0.259000   0.852 0.000   0.101 0.000   0.751 0.000 0.006 0.000 0.035 0.000000
