scripts/IMPROVE-2019_partial/data/US0095R.19970101070000.20191216000000.filterpack...1y.3d.US03L_filterpack_US0095.US03L_IMPROVE_Davis.lev2.nas
51 1001
MISSING INFORMATION
US03L, IMPROVE, , , , , , , 
MISSING INFORMATION
IMPROVE sel_HTAP
1 1
1997 01 01 2019 12 16
0
days from file reference point
4
1 1 1 1
999.999999 999.999 999.999 9.999
end_time of measurement, days from the file reference point
pm10_mass, ug/m3, Matrix=pm10
pm25_mass, ug/m3, Matrix=pm25
numflag, no unit
0
33
Data definition:              EBAS_1.1
Set type code:                TI
Timezone:                     UTC
File name:                    US0095R.19970101070000.20191216000000.filterpack...1y.3d.US03L_filterpack_US0095.US03L_IMPROVE_Davis.lev2.nas
File creation:                20191218120149
Startdate:                    19970101070000
Revision date:                20191216000000
Version:                      2
Version description:          "Data extracted from http://views.cira.colostate.edu/fed/DataWizard 2019-12-16"
Statistics:                   arithmetic mean
Data level:                   2
Period code:                  1y
Resolution code:              3d
Sample duration:              1d
Orig. time res.:              3d
Station code:                 US0095R
Platform code:                US0095S
Station name:                 Petrified Forest NP
Station latitude:             35.0777
Station longitude:            -109.7692
Station altitude:             1766.0 m
Regime:                       IMG
Component:                    
Unit:                         ug/m3
Matrix:                       
Laboratory code:              US03L
Instrument type:              filterpack
Instrument name:              filterpack_US0095
Method ref:                   US03L_IMPROVE_Davis
Blank correction:             Blank corrected
Volume std. temperature:      ambient
Volume std. pressure:         ambient
starttime endtime PM10 PM2.5 flag
  0.291667   1.291667   2.563   1.736 0.000
  3.291667   4.291667   1.785   1.260 0.000
  7.291667   8.291667   7.812   1.630 0.000
 10.291667  11.291667  10.238   1.806 0.000
 14.291667  15.291667   5.305   2.516 0.000
 17.291667  18.291667  12.302   7.701 0.000
 21.291667  22.291667   5.814   2.497 0.000
 24.291667  25.291667   4.011   2.497 0.000
 28.291667  29.291667   3.886   2.917 0.000
 31.291667  32.291667   6.563   3.021 0.000
 35.291667  36.291667   5.674   2.303 0.000
 38.291667  39.291667   4.808   3.262 0.000
 42.291667  43.291667   7.848   4.054 0.000
 45.291667  46.291667   3.279   1.368 0.000
 49.291667  50.291667   5.081   2.373 0.000
 52.291667  53.291667   5.509   1.849 0.000
 56.291667  57.291667 999.999 999.999 0.999
 59.291667  60.291667   3.056   1.833 0.000
 63.291667  64.291667   4.010   1.093 0.000
 66.291667  67.291667   5.446   3.102 0.000
 70.291667  71.291667 999.999 999.999 0.999
 73.291667  74.291667 999.999 999.999 0.999
 77.291667  78.291667   6.410   3.241 0.000
 80.291667  81.291667   8.140   4.160 0.000
 84.291667  85.291667   6.200   2.905 0.000
 87.291667  88.291667   8.809   3.381 0.000
 91.291667  92.291667 999.999 999.999 0.999
 94.291667  95.291667  11.951   2.638 0.000
 98.291667  99.291667  30.232   6.854 0.000
101.291667 102.291667   6.853   3.063 0.000
105.291667 106.291667   7.848   3.581 0.000
108.291667 109.291667  12.025   5.746 0.000
112.291667 113.291667  42.832   8.446 0.000
115.291667 116.291667   4.521   3.159 0.000
119.291667 120.291667  14.633   6.656 0.000
122.291667 123.291667  10.725   6.410 0.000
126.291667 127.291667  14.677   5.322 0.000
129.291667 130.291667   7.766   4.186 0.000
133.291667 134.291667 999.999 999.999 0.999
136.291667 137.291667 999.999 999.999 0.999
140.291667 141.291667   4.779   3.472 0.000
143.291667 144.291667  13.366   4.881 0.000
147.291667 148.291667   5.931   3.312 0.000
150.291667 151.291667  13.815   6.685 0.000
154.291667 155.291667   9.624   5.823 0.000
157.291667 158.291667 999.999  10.993 0.000
161.291667 162.291667   9.601   4.983 0.000
164.291667 165.291667  25.596   7.226 0.000
168.291667 169.291667   8.956   4.839 0.000
171.291667 172.291667   7.609   4.379 0.000
175.291667 176.291667   8.394   4.446 0.000
178.291667 179.291667   9.395   4.089 0.000
182.291667 183.291667 999.999 999.999 0.999
185.291667 186.291667  10.325   4.598 0.000
189.291667 190.291667   9.775   5.549 0.000
192.291667 193.291667  10.307   5.704 0.000
196.291667 197.291667  13.323   6.479 0.000
199.291667 200.291667  11.783  10.557 0.000
203.291667 204.291667  10.951   4.116 0.000
206.291667 207.291667   5.311   5.262 0.000
210.291667 211.291667   7.056   3.319 0.000
213.291667 214.291667   7.844   4.222 0.000
217.291667 218.291667 999.999 999.999 0.999
220.291667 221.291667 999.999 999.999 0.999
224.291667 225.291667 999.999 999.999 0.999
227.291667 228.291667 999.999 999.999 0.999
231.291667 232.291667 999.999 999.999 0.999
234.291667 235.291667 999.999 999.999 0.999
238.291667 239.291667 999.999 999.999 0.999
241.291667 242.291667 999.999 999.999 0.999
245.291667 246.291667 999.999 999.999 0.999
248.291667 249.291667 999.999 999.999 0.999
252.291667 253.291667   7.055   4.867 0.000
255.291667 256.291667   6.177   6.545 0.000
259.291667 260.291667   6.729   4.619 0.000
262.291667 263.291667   8.249   4.053 0.000
266.291667 267.291667   5.289   3.813 0.000
269.291667 270.291667   4.829   1.720 0.000
273.291667 274.291667   7.609   3.954 0.000
276.291667 277.291667  12.342   4.501 0.000
280.291667 281.291667  18.382  10.465 0.000
283.291667 284.291667  22.697   6.460 0.000
287.291667 288.291667   5.282   2.758 0.000
290.291667 291.291667   7.448   6.322 0.000
294.291667 295.291667   8.828   6.368 0.000
297.291667 298.291667   8.717   1.776 0.000
301.291667 302.291667 999.999 999.999 0.999
304.291667 305.291667   6.076   2.061 0.000
308.291667 309.291667   4.506   3.729 0.000
311.291667 312.291667  12.261   5.793 0.000
315.291667 316.291667   2.614   2.174 0.000
318.291667 319.291667   3.618 999.999 0.000
322.291667 323.291667   4.382   3.200 0.000
325.291667 326.291667   2.485   2.411 0.000
329.291667 330.291667  10.865   3.620 0.000
332.291667 333.291667   3.927   2.369 0.000
336.291667 337.291667   3.866   3.779 0.000
339.291667 340.291667   3.728   3.230 0.000
343.291667 344.291667   5.339   1.286 0.000
346.291667 347.291667   2.654   1.640 0.000
350.291667 351.291667   3.622   2.608 0.000
353.291667 354.291667   7.272   4.501 0.000
357.291667 358.291667   3.958   2.501 0.000
360.291667 361.291667   4.386   4.005 0.000
364.291667 365.291667   3.248   2.588 0.000
