scripts/IMPROVE-2019_partial/data/US0045R.20020102050000.20191216000000.filterpack..pm25.52w.1w.US03L_filterpack_US0045.US03L_IMPROVE_Davis.lev2.nas
66 1001
MISSING INFORMATION
US03L, IMPROVE, , , , , , , 
MISSING INFORMATION
IMPROVE sel_HTAP
1 1
2002 01 01 2019 12 16
3.000000
days from file reference point
27
1 1 1 1 1 1 1 1 1 1 1 1 1 1 1 1 1 1 1 1 1 1 1 1 1 1 1
999.999999 9999.99 9.999 99.99 9.999 9.999 9.999999 99.99 9.999999 99.999 9.999999 999.999 9.999 999.999 9.999 99.99 9.999999 999.999 9.999 999.999 9.999 999.999 9.999 9.999 9.999 99.999 9.999999
end_time of measurement, days from the file reference point
iron, ng/m3, Revision date=20181210133000
numflag iron, no unit, Revision date=20181210133000
lead, ng/m3, Revision date=20181210133000
numflag lead, no unit, Revision date=20181210133000
magnesium, ug/m3, Revision date=20181210133000
numflag magnesium, no unit, Revision date=20181210133000
nickel, ng/m3, Revision date=20181210133000
numflag nickel, no unit, Revision date=20181210133000
nitrate, ug N/m3, Revision date=20181210133000
numflag nitrate, no unit, Revision date=20181210133000
organic_carbon, ug C/m3, Revision date=20181210133000
numflag organic_carbon, no unit, Revision date=20181210133000
organic_mass, ug/m3, Revision date=20181210133000
numflag organic_mass, no unit, Revision date=20181210133000
phosphorus, ng/m3, Revision date=20181210133000
numflag phosphorus, no unit, Revision date=20181210133000
pm10_mass, ug/m3, Version=2, Version description=Data extracted from http://views.cira.colostate.edu/fed/DataWizard 2019-12-16, Sample duration=1d, Orig. time res.=3d, Matrix=pm10, Blank correction=Blank corrected, Volume std. temperature=ambient, Volume std. pressure=ambient
numflag pm10_mass, no unit, Version=2, Version description=Data extracted from http://views.cira.colostate.edu/fed/DataWizard 2019-12-16, Sample duration=1d, Orig. time res.=3d, Matrix=pm10, Blank correction=Blank corrected, Volume std. temperature=ambient, Volume std. pressure=ambient
pm10_pm25_mass, ug/m3, Revision date=20181210133000, Matrix=pm10_pm25
numflag pm10_pm25_mass, no unit, Revision date=20181210133000, Matrix=pm10_pm25
pm25_mass, ug/m3, Version=2, Version description=Data extracted from http://views.cira.colostate.edu/fed/DataWizard 2019-12-16, Sample duration=1d, Orig. time res.=3d, Blank correction=Blank corrected, Volume std. temperature=ambient, Volume std. pressure=ambient
numflag pm25_mass, no unit, Version=2, Version description=Data extracted from http://views.cira.colostate.edu/fed/DataWizard 2019-12-16, Sample duration=1d, Orig. time res.=3d, Blank correction=Blank corrected, Volume std. temperature=ambient, Volume std. pressure=ambient
potassium, ug/m3, Revision date=20181210133000
numflag potassium, no unit, Revision date=20181210133000
sulphate_total, ug S/m3, Revision date=20181210133000
numflag sulphate_total, no unit, Revision date=20181210133000
0
25
Data definition:              EBAS_1.1
Set type code:                TU
Timezone:                     UTC
File name:                    US0045R.20020102050000.20191216000000.filterpack..pm25.52w.1w.US03L_filterpack_US0045.US03L_IMPROVE_Davis.lev2.nas
File creation:                20191218115810
Startdate:                    20020102050000
Revision date:                20191216000000
Statistics:                   arithmetic mean
Data level:                   2
Period code:                  52w
Resolution code:              1w
Station code:                 US0045R
Platform code:                US0045S
Station name:                 Isle Royale NP
Station latitude:             47.4596
Station longitude:            -88.1491
Station altitude:             182.0 m
Regime:                       IMG
Component:                    
Matrix:                       pm25
Laboratory code:              US03L
Instrument type:              filterpack
Instrument name:              filterpack_US0045
Method ref:                   US03L_IMPROVE_Davis
starttime endtime Fe flag_Fe Pb flag_Pb Mg++ flag_Mg++ Ni flag_Ni NO3- flag_NO3- OC flag_OC OM flag_OM P flag_P PM10 flag_PM10 PM10-PM2.5 flag_PM10-PM2.5 PM2.5 flag_PM2.5 K+ flag_K+ SO4-- flag_SO4--
[from data line 78]
235.208333 236.208333   28.42 0.559  1.50 0.559 9.999 0.559259  0.74 0.559000  0.034 0.000000   1.906 0.000   2.668 0.000 99.99 0.559259  11.863 0.000   3.711 0.000   8.152 0.559 0.025 0.559  0.693 0.000000
238.208333 239.208333   20.77 0.000  0.52 0.000 9.999 0.259000 99.99 0.259000  0.008 0.559000   0.408 0.000   0.572 0.000 99.99 0.259000   8.656 0.000   7.121 0.000   1.535 0.000 0.009 0.000  0.070 0.559000
241.208333 242.208333   23.90 0.559  1.37 0.559 9.999 0.559259  0.26 0.559000  0.028 0.559000   2.266 0.000   3.172 0.000 99.99 0.559259  17.113 0.000   4.560 0.000  12.553 0.559 0.035 0.559  1.260 0.559000
244.208333 245.208333    7.96 0.000  0.83 0.000 9.999 0.259000 99.99 0.259000  0.015 0.559000   0.868 0.000   1.216 0.000 99.99 0.259000   6.583 0.000   2.277 0.000   4.306 0.000 0.016 0.000  0.496 0.559000
247.208333 248.208333   13.84 0.000  0.57 0.000 9.999 0.259000 99.99 0.259000  0.014 0.000000   0.578 0.000   0.809 0.000 99.99 0.259000   4.325 0.000   1.748 0.000   2.577 0.000 0.016 0.000  0.247 0.000000
250.208333 251.208333 9999.99 0.699 99.99 0.699 9.999 0.699000 99.99 0.699000  0.028 0.000000   2.877 0.000   4.029 0.000 99.99 0.699000  28.312 0.000 999.999 0.999 999.999 0.699 9.999 0.699  2.697 0.000000
253.208333 254.208333   10.84 0.000  0.68 0.000 9.999 0.259000  0.26 0.000000  0.014 0.000000   1.413 0.000   1.978 0.000 99.99 0.259000   8.350 0.000   4.248 0.000   4.102 0.000 0.032 0.000  0.307 0.000000
256.208333 257.208333   31.30 0.559  2.01 0.559 9.999 0.559259 99.99 0.559259  0.067 0.000000   1.066 0.000   1.492 0.000 99.99 0.559259  10.105 0.000   4.938 0.000   5.167 0.559 0.032 0.559  0.455 0.000000
259.208333 260.208333   34.18 0.559  2.04 0.559 9.999 0.559259 99.99 0.559259  0.031 0.000000   1.226 0.000   1.717 0.000 99.99 0.559259   7.811 0.000   2.364 0.000   5.447 0.559 0.031 0.559  0.427 0.000000
262.208333 263.208333    2.81 0.000  0.51 0.000 9.999 0.259000  0.45 0.000000  0.009 0.000000   0.327 0.000   0.458 0.000 99.99 0.259000   3.431 0.000   1.821 0.000   1.610 0.000 0.010 0.000  0.134 0.000000
265.208333 266.208333    4.82 0.000  0.32 0.000 9.999 0.259000 99.99 0.259000  0.008 0.559000   0.129 0.000   0.180 0.000 99.99 0.259000   1.799 0.000   0.763 0.000   1.036 0.000 0.007 0.000  0.087 0.559000
268.208333 269.208333    3.45 0.000  0.33 0.000 9.999 0.259000  0.21 0.000000  0.011 0.559000   0.631 0.000   0.883 0.000 99.99 0.259000   4.408 0.000   2.020 0.000   2.388 0.000 0.017 0.000  0.197 0.559000
271.208333 272.208333    5.59 0.000  0.75 0.000 0.027 0.000000 99.99 0.259000  0.019 0.000000   0.583 0.000   0.816 0.000 99.99 0.259000   4.865 0.000   1.457 0.000   3.409 0.000 0.017 0.000  0.398 0.000000
274.208333 275.208333    3.25 0.000 99.99 0.259 9.999 0.259000  0.09 0.000000  0.008 0.000000   0.319 0.000   0.446 0.000 99.99 0.259000   2.594 0.000   1.356 0.000   1.238 0.000 0.009 0.000  0.082 0.000000
277.208333 278.208333    5.86 0.000  0.37 0.000 9.999 0.259000  0.10 0.000000  0.007 0.000000   0.297 0.000   0.416 0.000 99.99 0.259000   2.952 0.000   1.247 0.000   1.705 0.000 0.021 0.000  0.189 0.000000
280.208333 281.208333   13.41 0.000  1.29 0.000 9.999 0.259000  0.11 0.000000  0.137 0.559000   0.711 0.000   0.995 0.000 99.99 0.259000   5.631 0.000   2.106 0.000   3.524 0.000 0.020 0.000  0.352 0.559000
283.208333 284.208333   46.61 0.699  4.75 0.699 9.999 0.699259  0.11 0.699000  0.205 0.000000   1.976 0.000   2.766 0.000 99.99 0.699259  16.259 0.000   5.910 0.000  10.349 0.699 0.051 0.699  1.265 0.000000
286.208333 287.208333    6.68 0.000  0.76 0.000 0.017 0.000000 99.99 0.259000  0.021 0.559000   0.409 0.000   0.573 0.000 99.99 0.259000   5.355 0.000   3.318 0.000   2.037 0.000 0.014 0.000  0.178 0.559000
289.208333 290.208333    6.63 0.000  1.49 0.000 0.018 0.000000 99.99 0.259000  0.066 0.559000   0.842 0.000   1.179 0.000 99.99 0.259000   4.730 0.000   1.734 0.000   2.995 0.000 0.042 0.000  0.234 0.559000
292.208333 293.208333    1.45 0.000  0.34 0.000 0.020 0.000000 99.99 0.259000  0.013 0.000000   0.542 0.000   0.759 0.000 99.99 0.259000   2.651 0.000   0.510 0.000   2.142 0.000 0.018 0.000  0.197 0.000000
295.208333 296.208333    0.75 0.000  0.35 0.000 9.999 0.259000  0.13 0.000000  0.004 0.559000   0.071 0.000   0.099 0.000 99.99 0.259000   2.189 0.000   0.475 0.000   1.713 0.000 0.003 0.000  0.277 0.559000
298.208333 299.208333    7.86 0.000  0.95 0.000 0.014 0.000000 99.99 0.259000  0.085 0.559000   1.302 0.000   1.823 0.000 99.99 0.259000   5.229 0.000   0.353 0.000   4.877 0.000 0.025 0.000  0.447 0.559000
301.208333 302.208333   21.28 0.000  0.57 0.000 9.999 0.259000  0.05 0.000000  0.034 0.000000   0.681 0.000   0.953 0.000 99.99 0.259000   4.312 0.000   0.960 0.000   3.352 0.000 0.021 0.000  0.910 0.000000
304.208333 305.208333    8.43 0.000  0.42 0.000 9.999 0.259000 99.99 0.259000  0.056 0.559000   0.249 0.000   0.348 0.000 99.99 0.259000   3.115 0.000   1.229 0.000   1.886 0.000 0.014 0.000  0.249 0.559000
307.208333 308.208333    3.88 0.000  0.60 0.000 0.014 0.000000 99.99 0.259000  0.022 0.559000   0.599 0.000   0.839 0.000 99.99 0.259000   3.367 0.000   0.284 0.000   3.083 0.000 0.014 0.000  0.388 0.559000
310.208333 311.208333   10.75 0.000  0.69 0.000 9.999 0.259000  0.07 0.000000  0.173 0.000000   0.756 0.000   1.058 0.000 99.99 0.259000   5.397 0.000   2.062 0.000   3.335 0.000 0.030 0.000  0.343 0.000000
313.208333 314.208333    9.68 0.000  1.55 0.000 0.011 0.000000  0.06 0.000000  0.169 0.559000   0.768 0.000   1.076 0.000 99.99 0.259000   4.545 0.000   0.568 0.000   3.977 0.000 0.018 0.000  0.404 0.559000
316.208333 317.208333    4.98 0.000  0.38 0.000 9.999 0.259000 99.99 0.259000  0.017 0.000000   0.445 0.000   0.623 0.000 99.99 0.259000   2.609 0.000   0.544 0.000   2.065 0.000 0.014 0.000  0.250 0.000000
319.208333 320.208333    3.83 0.000  0.28 0.000 9.999 0.259000 99.99 0.259000  0.008 0.559000   0.183 0.000   0.257 0.000 99.99 0.259000   1.852 0.000   0.481 0.000   1.371 0.000 0.007 0.000  0.214 0.559000
322.208333 323.208333   12.97 0.000  1.59 0.000 9.999 0.259000 99.99 0.259000  0.719 0.000000   1.221 0.000   1.709 0.000 99.99 0.259000   9.777 0.000   1.926 0.000   7.850 0.000 0.035 0.000  0.390 0.000000
325.208333 326.208333    2.20 0.000  0.46 0.000 9.999 0.259000 99.99 0.259000  0.007 0.000000   0.328 0.000   0.459 0.000 99.99 0.259000   3.157 0.000   0.115 0.000   3.042 0.000 0.011 0.000  0.481 0.000000
328.208333 329.208333    2.06 0.000  0.27 0.000 0.013 0.000000 99.99 0.259000  0.007 0.559000 999.999 0.259 999.999 0.259 99.99 0.259000   0.800 0.000   0.297 0.000   0.502 0.000 0.003 0.000  0.074 0.559000
331.208333 332.208333   27.64 0.000  1.19 0.000 0.020 0.000000  0.04 0.000000  1.106 0.000000   0.858 0.000   1.202 0.000 99.99 0.259000  17.256 0.000   6.095 0.000  11.161 0.000 0.041 0.000  0.782 0.000000
334.208333 335.208333    4.13 0.000  0.67 0.000 9.999 0.259000 99.99 0.259000  0.030 0.000000   0.054 0.000   0.076 0.000 99.99 0.259000   3.260 0.000   1.616 0.000   1.645 0.000 0.013 0.000  0.231 0.000000
337.208333 338.208333    6.58 0.000  0.40 0.000 9.999 0.259000 99.99 0.259000  0.037 0.000000   0.142 0.000   0.199 0.000 99.99 0.259000   3.388 0.000   1.488 0.000   1.899 0.000 0.015 0.000  0.259 0.000000
340.208333 341.208333    6.07 0.000  0.80 0.000 9.999 0.259000 99.99 0.259000  0.163 0.559000   0.418 0.000   0.585 0.000 99.99 0.259000   5.766 0.000   2.768 0.000   2.998 0.000 0.021 0.000  0.368 0.559000
343.208333 344.208333   52.06 0.559  2.20 0.559 9.999 0.559259 99.99 0.559259  1.329 0.559000   1.205 0.000   1.687 0.000 99.99 0.559259  20.454 0.000   9.280 0.000  11.175 0.559 0.073 0.559  0.323 0.559000
346.208333 347.208333   24.77 0.000  1.10 0.000 0.034 0.000000  0.15 0.000000  1.092 0.000000   1.225 0.000   1.715 0.000 99.99 0.259000  18.350 0.000   3.519 0.000  14.832 0.000 0.058 0.000  1.359 0.000000
349.208333 350.208333    2.94 0.000  0.35 0.000 0.020 0.000000 99.99 0.259000  0.009 0.559000   0.116 0.000   0.162 0.000 99.99 0.259000   1.683 0.000   0.526 0.000   1.157 0.000 0.006 0.000  0.165 0.559000
352.208333 353.208333   11.20 0.000  1.30 0.000 9.999 0.259000  0.10 0.000000  0.449 0.000000   0.645 0.000   0.904 0.000 99.99 0.259000  10.375 0.000   2.017 0.000   8.358 0.000 0.019 0.000  0.988 0.000000
355.208333 356.208333    0.47 0.000 99.99 0.259 0.017 0.000000  0.07 0.000000  0.006 0.559000   0.018 0.000   0.026 0.000  1.32 0.000000   0.926 0.000   0.567 0.000   0.359 0.000 0.003 0.000  0.031 0.559000
358.208333 359.208333    7.26 0.000  0.33 0.000 0.010 0.000000  0.04 0.000000  0.017 0.000000   0.306 0.000   0.429 0.000 99.99 0.259000   2.399 0.000   0.892 0.000   1.507 0.000 0.015 0.000  0.195 0.000000
361.208333 362.208333    8.43 0.000  0.46 0.000 9.999 0.259000 99.99 0.259000  0.163 0.000000   0.358 0.000   0.501 0.000 99.99 0.259000   2.946 0.000   1.010 0.000   1.936 0.000 0.015 0.000  0.105 0.000000
364.208333 365.208333    9.21 0.000  0.37 0.000 0.019 0.000000 99.99 0.259000  0.012 0.000000   0.103 0.000   0.144 0.000 99.99 0.259000   3.662 0.000   1.979 0.000   1.683 0.000 0.009 0.000  0.230 0.000000
