scripts/IMPROVE-2019_partial/data/US0031R.20030103100000.20191216000000.filterpack..pm25.1y.1w.US03L_filterpack_US0031.US03L_IMPROVE_Davis.lev2.nas
66 1001
MISSING INFORMATION
US03L, IMPROVE, , , , , , , 
MISSING INFORMATION
IMPROVE sel_HTAP
1 1
2003 01 01 2019 12 16
3.000000
days from file reference point
27
1 1 1 1 1 1 1 1 1 1 1 1 1 1 1 1 1 1 1 1 1 1 1 1 1 1 1
999.999999 999.99 9.999 99.99 9.999999 9.999 9.999999 99.99 9.999999 9.999 9.999 9.999 9.999 99.999 9.999 99.99 9.999999 999.999 9.999 999.999 9.999 999.999 9.999 9.999 9.999 99.999 9.999
end_time of measurement, days from the file reference point
iron, ng/m3, Revision date=20181210133000
numflag iron, no unit, Revision date=20181210133000
lead, ng/m3, Revision date=20181210133000
numflag lead, no unit, Revision date=20181210133000
magnesium, ug/m3, Revision date=20181210133000
numflag magnesium, no unit, Revision date=20181210133000
nickel, ng/m3, Revision date=20181210133000
numflag nickel, no unit, Revision date=20181210133000
nitrate, ug N/m3, Revision date=20181210133000
numflag nitrate, no unit, Revision date=20181210133000
organic_carbon, ug C/m3, Revision date=20181210133000
numflag organic_carbon, no unit, Revision date=20181210133000
organic_mass, ug/m3, Revision date=20181210133000
numflag organic_mass, no unit, Revision date=20181210133000
phosphorus, ng/m3, Revision date=20181210133000
numflag phosphorus, no unit, Revision date=20181210133000
pm10_mass, ug/m3, Version=2, Version description=Data extracted from http://views.cira.colostate.edu/fed/DataWizard 2019-12-16, Sample duration=1d, Orig. time res.=3d, Matrix=pm10, Blank correction=Blank corrected, Volume std. temperature=ambient, Volume std. pressure=ambient
numflag pm10_mass, no unit, Version=2, Version description=Data extracted from http://views.cira.colostate.edu/fed/DataWizard 2019-12-16, Sample duration=1d, Orig. time res.=3d, Matrix=pm10, Blank correction=Blank corrected, Volume std. temperature=ambient, Volume std. pressure=ambient
pm10_pm25_mass, ug/m3, Revision date=20181210133000, Matrix=pm10_pm25
numflag pm10_pm25_mass, no unit, Revision date=20181210133000, Matrix=pm10_pm25
pm25_mass, ug/m3, Version=2, Version description=Data extracted from http://views.cira.colostate.edu/fed/DataWizard 2019-12-16, Sample duration=1d, Orig. time res.=3d, Blank correction=Blank corrected, Volume std. temperature=ambient, Volume std. pressure=ambient
numflag pm25_mass, no unit, Version=2, Version description=Data extracted from http://views.cira.colostate.edu/fed/DataWizard 2019-12-16, Sample duration=1d, Orig. time res.=3d, Blank correction=Blank corrected, Volume std. temperature=ambient, Volume std. pressure=ambient
potassium, ug/m3, Revision date=20181210133000
numflag potassium, no unit, Revision date=20181210133000
sulphate_total, ug S/m3, Revision date=20181210133000
numflag sulphate_total, no unit, Revision date=20181210133000
0
25
Data definition:              EBAS_1.1
Set type code:                TU
Timezone:                     UTC
File name:                    US0031R.20030103100000.20191216000000.filterpack..pm25.1y.1w.US03L_filterpack_US0031.US03L_IMPROVE_Davis.lev2.nas
File creation:                20191218115729
Startdate:                    20030103100000
Revision date:                20191216000000
Statistics:                   arithmetic mean
Data level:                   2
Period code:                  1y
Resolution code:              1w
Station code:                 US0031R
Platform code:                US0031S
Station name:                 Hawaii Volcanoes NP
Station latitude:             19.4309
Station longitude:            -155.2579
Station altitude:             1258.0 m
Regime:                       IMG
Component:                    
Matrix:                       pm25
Laboratory code:              US03L
Instrument type:              filterpack
Instrument name:              filterpack_US0031
Method ref:                   US03L_IMPROVE_Davis
starttime endtime Fe flag_Fe Pb flag_Pb Mg++ flag_Mg++ Ni flag_Ni NO3- flag_NO3- OC flag_OC OM flag_OM P flag_P PM10 flag_PM10 PM10-PM2.5 flag_PM10-PM2.5 PM2.5 flag_PM2.5 K+ flag_K+ SO4-- flag_SO4--
[from data line 81]
245.416667 246.416667 999.99 0.999 99.99 0.999000 9.999 0.999000 99.99 0.999000 9.999 0.999 9.999 0.999 99.999 0.999 99.99 0.999000 999.999 0.999 999.999 0.999 999.999 0.999 9.999 0.999 99.999 0.999
248.416667 249.416667 999.99 0.999 99.99 0.999000 9.999 0.999000 99.99 0.999000 9.999 0.999 9.999 0.999 99.999 0.999 99.99 0.999000 999.999 0.999 999.999 0.999 999.999 0.999 9.999 0.999 99.999 0.999
251.416667 252.416667 999.99 0.999 99.99 0.999000 9.999 0.999000 99.99 0.999000 9.999 0.999 9.999 0.999 99.999 0.999 99.99 0.999000 999.999 0.999 999.999 0.999 999.999 0.999 9.999 0.999 99.999 0.999
254.416667 255.416667   1.36 0.000  0.21 0.000000 9.999 0.259000  0.18 0.000000 0.019 0.000 0.115 0.000  0.162 0.000 99.99 0.259000   3.249 0.000   1.727 0.000   1.522 0.000 0.009 0.000  0.175 0.000
257.416667 258.416667   0.76 0.000  0.11 0.000000 9.999 0.259000  0.11 0.000000 0.013 0.000 0.194 0.000  0.271 0.000 99.99 0.259000   2.071 0.000   1.160 0.000   0.911 0.000 0.006 0.000  0.072 0.000
260.416667 261.416667   0.61 0.000  0.10 0.000000 9.999 0.259000 99.99 0.259000 0.013 0.559 0.001 0.000  0.002 0.000  0.54 0.000000   1.909 0.000   1.134 0.000   0.775 0.000 0.005 0.000  0.063 0.559
263.416667 264.416667   2.67 0.000  1.75 0.000000 9.999 0.259000 99.99 0.259000 0.004 0.000 9.999 0.259 99.999 0.259 99.99 0.259000   9.967 0.000   1.351 0.000   8.616 0.000 0.014 0.000  1.342 0.000
266.416667 267.416667   3.56 0.559  2.01 0.559000 0.075 0.559000 99.99 0.559259 0.005 0.000 0.153 0.000  0.214 0.000 99.99 0.559259  17.851 0.000   1.659 0.000  16.192 0.559 0.022 0.559  2.634 0.000
269.416667 270.416667   2.07 0.559  0.27 0.559000 9.999 0.559259  0.17 0.559000 0.012 0.000 0.131 0.000  0.184 0.000 99.99 0.559259   3.411 0.000   1.905 0.000   1.507 0.559 0.008 0.559  0.208 0.000
272.416667 273.416667   2.28 0.559  0.40 0.559000 0.031 0.559000 99.99 0.559259 0.005 0.000 0.499 0.000  0.698 0.000 99.99 0.559259   6.438 0.000   1.640 0.000   4.797 0.559 0.017 0.559  0.675 0.000
275.416667 276.416667   6.22 0.559  0.15 0.559000 0.027 0.559000  0.13 0.559000 0.015 0.000 0.196 0.000  0.274 0.000 99.99 0.559259   7.229 0.000   2.178 0.000   5.051 0.559 0.014 0.559  0.792 0.000
278.416667 279.416667   5.26 0.000  0.20 0.000000 0.036 0.000000  0.20 0.000000 0.016 0.000 0.051 0.000  0.071 0.000 99.99 0.259000   3.817 0.000   2.320 0.000   1.497 0.000 0.012 0.000  0.101 0.000
281.416667 282.416667   3.18 0.000  0.16 0.000000 9.999 0.259000  0.10 0.000000 0.020 0.000 9.999 0.259 99.999 0.259 99.99 0.259000   4.289 0.000   2.346 0.000   1.943 0.000 0.015 0.000  0.138 0.000
284.416667 285.416667   1.25 0.000  0.10 0.000000 9.999 0.259000  0.07 0.000000 0.004 0.000 9.999 0.259 99.999 0.259 99.99 0.259000   1.381 0.000   0.937 0.000   0.444 0.000 0.006 0.000  0.034 0.000
287.416667 288.416667   0.96 0.000  0.11 0.000000 9.999 0.259000 99.99 0.259000 0.014 0.000 0.091 0.000  0.128 0.000  4.10 0.000000   3.533 0.000   1.820 0.000   1.713 0.000 0.012 0.000  0.113 0.000
290.416667 291.416667   5.19 0.000  2.96 0.000000 0.033 0.000000 99.99 0.259000 0.010 0.000 0.155 0.000  0.217 0.000 99.99 0.259000  14.175 0.000   1.739 0.000  12.435 0.000 0.024 0.000  2.119 0.000
293.416667 294.416667   1.73 0.000  0.22 0.000000 9.999 0.259000  0.15 0.000000 0.013 0.559 0.064 0.000  0.089 0.000 99.99 0.259000   1.888 0.000   0.739 0.000   1.149 0.000 0.005 0.000  0.149 0.559
296.416667 297.416667   1.84 0.000  0.74 0.000000 0.026 0.000000  0.04 0.000000 0.017 0.000 0.179 0.000  0.250 0.000 99.99 0.259000   7.432 0.000   2.748 0.000   4.684 0.000 0.020 0.000  0.803 0.000
299.416667 300.416667  14.01 0.559  7.33 0.559000 9.999 0.559259 99.99 0.559259 0.017 0.000 0.153 0.000  0.215 0.000 99.99 0.559259  24.224 0.000   1.898 0.000  22.326 0.559 0.058 0.559  3.806 0.000
302.416667 303.416667   2.45 0.000  0.51 0.000000 9.999 0.259000 99.99 0.259000 0.015 0.559 0.020 0.000  0.028 0.000 99.99 0.259000   7.594 0.000   2.740 0.000   4.855 0.000 0.015 0.000  0.852 0.559
305.416667 306.416667   1.82 0.000  0.11 0.000000 0.027 0.000000  0.10 0.000000 0.015 0.000 0.063 0.000  0.089 0.000 99.99 0.259000   4.223 0.000   2.626 0.000   1.598 0.000 0.012 0.000  0.121 0.000
308.416667 309.416667   2.69 0.000  0.07 0.000000 9.999 0.259000  0.15 0.000000 0.016 0.000 0.284 0.000  0.398 0.000 99.99 0.259000   3.922 0.000   1.797 0.000   2.125 0.000 0.016 0.000  0.122 0.000
311.416667 312.416667   0.76 0.559  0.11 0.559000 0.015 0.559000  0.20 0.559000 0.014 0.000 0.187 0.000  0.261 0.000 99.99 0.559259   3.249 0.000   1.611 0.000   1.638 0.559 0.012 0.559  0.155 0.000
314.416667 315.416667   6.29 0.000  0.37 0.000000 9.999 0.259000  0.11 0.000000 0.013 0.000 0.139 0.000  0.195 0.000 99.99 0.259000   3.348 0.000   1.158 0.000   2.190 0.000 0.020 0.000  0.153 0.000
317.416667 318.416667  12.60 0.000  0.14 0.000000 9.999 0.259000  0.08 0.000000 0.013 0.000 0.067 0.000  0.094 0.000 99.99 0.259000   3.939 0.000   2.492 0.000   1.447 0.000 0.016 0.000  0.069 0.000
320.416667 321.416667   2.32 0.000  0.18 0.000000 9.999 0.259000  0.05 0.000000 0.007 0.000 0.056 0.000  0.078 0.000 99.99 0.259000   2.558 0.000   1.302 0.000   1.257 0.000 0.008 0.000  0.120 0.000
323.416667 324.416667   1.61 0.000  0.17 0.000000 0.017 0.000000 99.99 0.259000 0.013 0.000 0.124 0.000  0.174 0.000 99.99 0.259000   4.207 0.000   2.041 0.000   2.166 0.000 0.011 0.000  0.286 0.000
326.416667 327.416667   3.02 0.559  0.57 0.559000 0.037 0.559000  0.07 0.559000 0.020 0.000 0.197 0.000  0.276 0.000 99.99 0.559259   8.007 0.000   0.525 0.000   7.481 0.559 0.016 0.559  1.287 0.000
329.416667 330.416667   1.57 0.000 99.99 0.259000 9.999 0.259000  0.21 0.000000 0.006 0.000 0.180 0.000  0.252 0.000 99.99 0.259000   6.010 0.000   1.032 0.000   4.978 0.000 0.008 0.000  0.844 0.000
332.416667 333.416667   6.10 0.000  2.09 0.000000 9.999 0.259000 99.99 0.259000 0.002 0.000 0.134 0.000  0.187 0.000 99.99 0.259000   8.203 0.000   0.616 0.000   7.587 0.000 0.015 0.000  1.232 0.000
335.416667 336.416667   1.33 0.000  0.22 0.000000 9.999 0.259000 99.99 0.259000 0.006 0.000 0.142 0.000  0.199 0.000 99.99 0.259000   3.002 0.000   0.851 0.000   2.151 0.000 0.007 0.000  0.341 0.000
338.416667 339.416667   0.15 0.000  0.08 0.000000 9.999 0.259000 99.99 0.259000 0.003 0.000 0.174 0.000  0.244 0.000 99.99 0.259000   1.056 0.000   0.682 0.000   0.374 0.000 0.004 0.000  0.038 0.000
341.416667 342.416667   1.15 0.000 99.99 0.259000 0.016 0.000000  0.09 0.000000 0.005 0.000 0.057 0.000  0.079 0.000 99.99 0.259000   1.511 0.000   0.823 0.000   0.688 0.000 0.005 0.000  0.066 0.000
344.416667 345.416667   1.95 0.000  0.14 0.000000 0.027 0.000000  0.31 0.000000 0.024 0.000 0.129 0.000  0.181 0.000 99.99 0.259000   5.198 0.000   2.768 0.000   2.431 0.000 0.024 0.000  0.174 0.000
347.416667 348.416667   1.87 0.000  0.16 0.000000 0.026 0.000000  0.22 0.000000 0.021 0.000 0.089 0.000  0.124 0.000 99.99 0.259000   4.873 0.000   2.954 0.000   1.919 0.000 0.016 0.000  0.112 0.000
350.416667 351.416667   3.86 0.559  0.88 0.559000 9.999 0.559259  0.11 0.559000 0.009 0.000 0.083 0.000  0.116 0.000 99.99 0.559259   8.415 0.000   0.766 0.000   7.649 0.559 0.013 0.559  1.245 0.000
353.416667 354.416667   2.53 0.559  0.69 0.559000 0.077 0.559000  0.06 0.559000 0.007 0.000 0.141 0.000  0.198 0.000 99.99 0.559259   9.056 0.000   0.977 0.000   8.080 0.559 0.012 0.559  1.330 0.000
356.416667 357.416667   3.56 0.000  0.08 0.000000 0.019 0.000000  0.13 0.000000 0.012 0.559 0.090 0.000  0.125 0.000 99.99 0.259000   2.863 0.000   1.628 0.000   1.235 0.000 0.010 0.000  0.167 0.559
359.416667 360.416667   8.65 0.559  3.27 0.559000 9.999 0.559259 99.99 0.559259 0.003 0.000 0.094 0.000  0.131 0.000 99.99 0.559259   9.665 0.000   1.824 0.000   7.842 0.559 0.038 0.559  1.290 0.000
362.416667 363.416667   1.69 0.000  0.52 0.000000 0.029 0.000000 99.99 0.259000 0.002 0.000 0.430 0.000  0.602 0.000 99.99 0.259000   2.614 0.000   0.718 0.000   1.897 0.000 0.011 0.000  0.202 0.000
