scripts/IMPROVE-2019_partial/data/US0080R.20020102050000.20191216000000.filterpack..pm25.52w.1w.US03L_filterpack_US0080.US03L_IMPROVE_Davis.lev2.nas
66 1001
MISSING INFORMATION
US03L, IMPROVE, , , , , , , 
MISSING INFORMATION
IMPROVE sel_HTAP
1 1
2002 01 01 2019 12 16
3.000000
days from file reference point
27
1 1 1 1 1 1 1 1 1 1 1 1 1 1 1 1 1 1 1 1 1 1 1 1 1 1 1
999.999999 99.999 9.999999 9999.99 9.999999 999.99 9.999999 9.999 9.999999 99.99 9.999999 9.999 9.999999 999.999 9.999 999.999 9.999 999.999 9.999 999.999 9.999 999.999 9.999 9.999 9.999999 99.999 9.999999
end_time of measurement, days from the file reference point
ammonium, ug N/m3, Revision date=20181210133000
numflag ammonium, no unit, Revision date=20181210133000
iron, ng/m3, Revision date=20181210133000
numflag iron, no unit, Revision date=20181210133000
lead, ng/m3, Revision date=20181210133000
numflag lead, no unit, Revision date=20181210133000
magnesium, ug/m3, Revision date=20181210133000
numflag magnesium, no unit, Revision date=20181210133000
nickel, ng/m3, Revision date=20181210133000
numflag nickel, no unit, Revision date=20181210133000
nitrate, ug N/m3, Revision date=20181210133000
numflag nitrate, no unit, Revision date=20181210133000
organic_carbon, ug C/m3, Revision date=20181210133000
numflag organic_carbon, no unit, Revision date=20181210133000
organic_mass, ug/m3, Revision date=20181210133000
numflag organic_mass, no unit, Revision date=20181210133000
pm10_mass, ug/m3, Version=2, Version description=Data extracted from http://views.cira.colostate.edu/fed/DataWizard 2019-12-16, Sample duration=1d, Orig. time res.=3d, Matrix=pm10, Blank correction=Blank corrected, Volume std. temperature=ambient, Volume std. pressure=ambient
numflag pm10_mass, no unit, Version=2, Version description=Data extracted from http://views.cira.colostate.edu/fed/DataWizard 2019-12-16, Sample duration=1d, Orig. time res.=3d, Matrix=pm10, Blank correction=Blank corrected, Volume std. temperature=ambient, Volume std. pressure=ambient
pm10_pm25_mass, ug/m3, Revision date=20181210133000, Matrix=pm10_pm25
numflag pm10_pm25_mass, no unit, Revision date=20181210133000, Matrix=pm10_pm25
pm25_mass, ug/m3, Version=2, Version description=Data extracted from http://views.cira.colostate.edu/fed/DataWizard 2019-12-16, Sample duration=1d, Orig. time res.=3d, Blank correction=Blank corrected, Volume std. temperature=ambient, Volume std. pressure=ambient
numflag pm25_mass, no unit, Version=2, Version description=Data extracted from http://views.cira.colostate.edu/fed/DataWizard 2019-12-16, Sample duration=1d, Orig. time res.=3d, Blank correction=Blank corrected, Volume std. temperature=ambient, Volume std. pressure=ambient
potassium, ug/m3, Revision date=20181210133000
numflag potassium, no unit, Revision date=20181210133000
sulphate_total, ug S/m3, Revision date=20181210133000
numflag sulphate_total, no unit, Revision date=20181210133000
0
25
Data definition:              EBAS_1.1
Set type code:                TU
Timezone:                     UTC
File name:                    US0080R.20020102050000.20191216000000.filterpack..pm25.52w.1w.US03L_filterpack_US0080.US03L_IMPROVE_Davis.lev2.nas
File creation:                20191218120049
Startdate:                    20020102050000
Revision date:                20191216000000
Statistics:                   arithmetic mean
Data level:                   2
Period code:                  52w
Resolution code:              1w
Station code:                 US0080R
Platform code:                US0080S
Station name:                 James River Face Wilderness
Station latitude:             37.6266
Station longitude:            -79.5125
Station altitude:             289.0 m
Regime:                       IMG
Component:                    
Matrix:                       pm25
Laboratory code:              US03L
Instrument type:              filterpack
Instrument name:              filterpack_US0080
Method ref:                   US03L_IMPROVE_Davis
starttime endtime NH4+ flag_NH4+ Fe flag_Fe Pb flag_Pb Mg++ flag_Mg++ Ni flag_Ni NO3- flag_NO3- OC flag_OC OM flag_OM PM10 flag_PM10 PM10-PM2.5 flag_PM10-PM2.5 PM2.5 flag_PM2.5 K+ flag_K+ SO4-- flag_SO4--
  1.208333   2.208333 99.999 0.559999   32.86 0.000000   2.89 0.000000 9.999 0.259000 99.99 0.259000 0.462 0.559000   3.417 0.000   4.784 0.000  17.436 0.000   4.283 0.000  13.153 0.000 0.136 0.000000  1.063 0.559000
  4.208333   5.208333 99.999 0.999000   37.33 0.000000   2.25 0.000000 9.999 0.259000 99.99 0.259000 0.272 0.000000   3.009 0.000   4.212 0.000  15.449 0.000   6.377 0.000   9.072 0.000 0.086 0.000000  0.475 0.000000
  7.208333   8.208333 99.999 0.999000   17.30 0.000000   1.69 0.000000 9.999 0.259000 99.99 0.259000 0.112 0.000000   1.378 0.000   1.929 0.000   8.218 0.000   2.059 0.000   6.159 0.000 0.039 0.000000  0.863 0.000000
 10.208333  11.208333 99.999 0.559999   17.25 0.000000   0.74 0.000000 9.999 0.259000 99.99 0.259000 0.168 0.559000   0.997 0.000   1.395 0.000   7.018 0.000   1.275 0.000   5.743 0.000 0.027 0.000000  0.829 0.559000
 13.208333  14.208333 99.999 0.559999   45.07 0.000000   1.63 0.000000 9.999 0.259000  0.18 0.000000 0.178 0.559000   3.210 0.000   4.494 0.000  10.380 0.000   2.199 0.000   8.180 0.000 0.134 0.000000  0.416 0.559000
 16.208333  17.208333 99.999 0.999000   40.65 0.000000   2.38 0.000000 9.999 0.259000 99.99 0.259000 0.324 0.000000   3.055 0.000   4.277 0.000  15.329 0.000   5.655 0.000   9.675 0.000 0.092 0.000000  0.887 0.000000
 19.208333  20.208333 99.999 0.999000   19.57 0.000000   3.87 0.000000 9.999 0.259000 99.99 0.259000 0.118 0.000000   2.432 0.000   3.405 0.000  12.300 0.000   0.089 0.000  12.212 0.000 0.082 0.000000  1.846 0.000000
 22.208333  23.208333 99.999 0.999000   18.98 0.000000   2.64 0.000000 9.999 0.259000 99.99 0.259000 0.225 0.000000   1.592 0.000   2.229 0.000   6.687 0.000   1.902 0.000   4.785 0.000 0.075 0.000000  0.315 0.000000
 25.208333  26.208333 99.999 0.999000   25.59 0.000000   4.45 0.000000 0.074 0.000000 99.99 0.259000 0.107 0.000000   3.175 0.000   4.445 0.000  10.121 0.000   2.532 0.000   7.589 0.000 0.076 0.000000  0.361 0.000000
 28.208333  29.208333 99.999 0.999000   56.49 0.000000   3.15 0.000000 9.999 0.259000  0.26 0.000000 0.104 0.000000   2.726 0.000   3.816 0.000  17.265 0.000   4.925 0.000  12.340 0.000 0.165 0.000000  1.484 0.000000
 31.208333  32.208333 99.999 0.999000   19.65 0.000000   1.07 0.000000 9.999 0.259000  0.27 0.000000 0.142 0.000000   1.351 0.000   1.892 0.000   9.466 0.000   1.286 0.000   8.180 0.000 0.064 0.000000  1.097 0.000000
 34.208333  35.208333 99.999 0.999000    9.07 0.000000   1.41 0.000000 9.999 0.259000 99.99 0.259000 0.084 0.000000   0.576 0.000   0.807 0.000   5.578 0.000   1.388 0.000   4.190 0.000 0.018 0.000000  0.607 0.000000
 37.208333  38.208333 99.999 0.999000   20.59 0.000000   6.85 0.000000 9.999 0.259000  2.82 0.000000 0.355 0.000000   2.494 0.000   3.492 0.000   9.678 0.000   1.197 0.000   8.481 0.000 0.126 0.000000  0.541 0.000000
 40.208333  41.208333 99.999 0.999000   44.84 0.000000   3.34 0.000000 9.999 0.259000  1.43 0.000000 0.393 0.000000   1.718 0.000   2.406 0.000  15.329 0.000   4.048 0.000  11.281 0.000 0.070 0.000000  1.533 0.000000
 43.208333  44.208333 99.999 0.999000   19.06 0.000000   0.76 0.000000 9.999 0.259000 99.99 0.259000 0.136 0.000000   1.002 0.000   1.403 0.000   6.834 0.000   2.058 0.000   4.776 0.000 0.036 0.000000  0.627 0.000000
 46.208333  47.208333 99.999 0.999000   43.63 0.000000   1.51 0.000000 9.999 0.259000 99.99 0.259000 0.230 0.000000   3.008 0.000   4.211 0.000  13.335 0.000   4.105 0.000   9.230 0.000 0.052 0.000000  0.754 0.000000
 49.208333  50.208333 99.999 0.999000  251.60 0.000000   1.79 0.000000 9.999 0.259000  0.67 0.000000 0.208 0.000000   2.886 0.000   4.041 0.000  14.260 0.000   5.756 0.000   8.504 0.000 0.121 0.000000  0.421 0.000000
 52.208333  53.208333 99.999 0.999000   27.45 0.000000   1.87 0.000000 0.060 0.000000 99.99 0.259000 0.136 0.000000   1.396 0.000   1.955 0.000  10.675 0.000   1.248 0.000   9.427 0.000 0.068 0.000000  1.589 0.000000
 55.208333  56.208333 99.999 0.999000   80.73 0.000000   3.05 0.000000 9.999 0.259000  0.26 0.000000 0.241 0.000000   3.730 0.000   5.222 0.000  18.322 0.000   3.628 0.000  14.694 0.000 0.213 0.000000  1.680 0.000000
 58.208333  59.208333 99.999 0.999000   18.59 0.000000   1.77 0.000000 9.999 0.259000 99.99 0.259000 0.081 0.000000   1.094 0.000   1.532 0.000   6.610 0.000   1.055 0.000   5.556 0.000 0.065 0.000000  0.962 0.000000
 61.208333  62.208333 99.999 0.559999   26.73 0.000000   0.96 0.000000 9.999 0.259000 99.99 0.259000 0.284 0.559000   1.264 0.000   1.769 0.000   7.498 0.000   1.352 0.000   6.147 0.000 0.031 0.000000  0.788 0.559000
 64.208333  65.208333 99.999 0.999000   46.44 0.000000   4.07 0.000000 9.999 0.259000  0.20 0.000000 0.346 0.000000   2.329 0.000   3.260 0.000  11.894 0.000   3.302 0.000   8.592 0.000 0.139 0.000000  0.678 0.000000
 67.208333  68.208333 99.999 0.999000   15.09 0.000000   0.92 0.000000 9.999 0.259000  0.22 0.000000 0.091 0.000000   1.540 0.000   2.156 0.000   9.075 0.000   2.712 0.000   6.363 0.000 0.046 0.000000  0.761 0.000000
 70.208333  71.208333 99.999 0.999000   40.96 0.000000   2.21 0.000000 9.999 0.259000  0.51 0.000000 0.409 0.000000   2.940 0.000   4.116 0.000  12.663 0.000   1.894 0.000  10.770 0.000 0.133 0.000000  0.792 0.000000
 73.208333  74.208333 99.999 0.999000   27.66 0.000000   2.05 0.000000 9.999 0.259000  0.24 0.000000 0.148 0.000000   3.833 0.000   5.366 0.000  18.750 0.000   1.936 0.000  16.814 0.000 0.070 0.000000  2.040 0.000000
 76.208333  77.208333 99.999 0.999000   15.17 0.000000   1.83 0.000000 9.999 0.259000  0.39 0.000000 0.163 0.000000   1.169 0.000   1.637 0.000   5.401 0.000   1.595 0.000   3.806 0.000 0.052 0.000000  0.264 0.000000
 79.208333  80.208333 99.999 0.999000   22.83 0.000000   1.73 0.000000 9.999 0.259000  0.29 0.000000 0.038 0.000000   0.828 0.000   1.159 0.000  10.435 0.000   1.116 0.000   9.319 0.000 0.023 0.000000  1.728 0.000000
 82.208333  83.208333 99.999 0.999000   43.33 0.000000   3.63 0.000000 9.999 0.259000 99.99 0.259000 0.190 0.000000   2.544 0.000   3.562 0.000  11.968 0.000   2.608 0.000   9.360 0.000 0.089 0.000000  0.840 0.000000
 85.208333  86.208333 99.999 0.999000 9999.99 0.999000 999.99 0.999000 9.999 0.999000 99.99 0.999000 9.999 0.999000 999.999 0.999 999.999 0.999 999.999 0.999 999.999 0.999 999.999 0.999 9.999 0.999000 99.999 0.999000
 88.208333  89.208333 99.999 0.999000   36.19 0.000000   1.44 0.000000 9.999 0.259000  0.27 0.000000 0.064 0.000000   2.482 0.000   3.475 0.000  14.293 0.000   1.941 0.000  12.352 0.000 0.085 0.000000  1.459 0.000000
 91.208333  92.208333 99.999 0.999000   42.17 0.000000   1.91 0.000000 9.999 0.259000 99.99 0.259000 0.063 0.000000   1.797 0.000   2.515 0.000  12.179 0.000   2.240 0.000   9.939 0.000 0.107 0.000000  1.240 0.000000
 94.208333  95.208333 99.999 0.999000   35.10 0.000000   2.24 0.000000 9.999 0.259000  0.24 0.000000 0.240 0.000000   1.353 0.000   1.894 0.000  11.894 0.000   2.279 0.000   9.615 0.000 0.051 0.000000  1.408 0.000000
 97.208333  98.208333 99.999 0.999000   80.05 0.000000   2.63 0.000000 9.999 0.259000  0.37 0.000000 0.157 0.000000   1.960 0.000   2.743 0.000  29.137 0.000  14.774 0.000  14.364 0.000 0.092 0.000000  1.985 0.000000
100.208333 101.208333 99.999 0.999000   64.87 0.000000   2.52 0.000000 9.999 0.259000  0.41 0.000000 0.106 0.000000   1.205 0.000   1.687 0.000  11.207 0.000   3.764 0.000   7.443 0.000 0.142 0.000000  0.965 0.000000
103.208333 104.208333 99.999 0.999000   29.54 0.000000   2.63 0.000000 9.999 0.259000  0.28 0.000000 0.163 0.000000   1.413 0.000   1.978 0.000   9.978 0.000   2.155 0.000   7.824 0.000 0.043 0.000000  1.024 0.000000
106.208333 107.208333 99.999 0.999000   53.89 0.000000   1.73 0.000000 9.999 0.259000  0.34 0.000000 0.075 0.000000   2.484 0.000   3.477 0.000  19.773 0.000   4.830 0.000  14.944 0.000 0.044 0.000000  2.134 0.000000
109.208333 110.208333 99.999 0.999000   34.06 0.000000   9.33 0.000000 9.999 0.259000  0.34 0.000000 0.076 0.000000   1.956 0.000   2.738 0.000  13.889 0.000   3.251 0.000  10.638 0.000 0.049 0.000000  1.475 0.000000
112.208333 113.208333 99.999 0.999000   26.06 0.000000   1.40 0.000000 9.999 0.259000 99.99 0.259000 0.024 0.000000   0.675 0.000   0.945 0.000   8.354 0.000   1.692 0.000   6.662 0.000 0.024 0.000000  1.215 0.000000
115.208333 116.208333 99.999 0.559999   46.77 0.000000   1.91 0.000000 9.999 0.259000  0.21 0.000000 0.089 0.559000   0.882 0.000   1.234 0.000  10.124 0.000   4.835 0.000   5.290 0.000 0.035 0.000000  0.627 0.559000
118.208333 119.208333 99.999 0.559999   15.13 0.000000   1.42 0.000000 9.999 0.259000 99.99 0.259000 0.016 0.559000   0.625 0.000   0.876 0.000  14.807 0.000   1.304 0.000  13.503 0.000 0.017 0.000000  2.422 0.559000
121.208333 122.208333 99.999 0.999000   51.60 0.000000   1.74 0.000000 9.999 0.259000  0.28 0.000000 0.116 0.000000   2.729 0.000   3.820 0.000  18.787 0.000   4.596 0.000  14.191 0.000 0.122 0.000000  1.782 0.000000
124.208333 125.208333 99.999 0.999000   29.80 0.000000   1.67 0.000000 9.999 0.259000  0.18 0.000000 0.209 0.000000   1.207 0.000   1.690 0.000   8.297 0.000   2.319 0.000   5.978 0.000 0.051 0.000000  0.788 0.000000
127.208333 128.208333 99.999 0.999000   37.88 0.000000   1.69 0.000000 9.999 0.259000  0.27 0.000000 0.101 0.000000   1.964 0.000   2.749 0.000  15.961 0.000   3.502 0.000  12.459 0.000 0.053 0.000000  1.861 0.000000
130.208333 131.208333 99.999 0.999000   42.77 0.000000   3.48 0.000000 9.999 0.259000 99.99 0.259000 0.044 0.000000   1.882 0.000   2.635 0.000  14.183 0.000   5.296 0.000   8.886 0.000 0.056 0.000000  1.116 0.000000
133.208333 134.208333 99.999 0.999000   19.41 0.000000   1.01 0.000000 9.999 0.259000 99.99 0.259000 0.016 0.000000   0.699 0.000   0.978 0.000   9.381 0.000   2.304 0.000   7.077 0.000 0.023 0.000000  1.300 0.000000
136.208333 137.208333 99.999 0.999000   78.55 0.000000   2.25 0.000000 9.999 0.259000  0.30 0.000000 0.097 0.000000   4.212 0.000   5.897 0.000  25.841 0.000   5.007 0.000  20.833 0.000 0.090 0.000000  2.407 0.000000
139.208333 140.208333 99.999 0.999000   27.92 0.000000   1.92 0.000000 9.999 0.259000 99.99 0.259000 0.048 0.000000   1.078 0.000   1.509 0.000  11.008 0.000   0.931 0.000  10.077 0.000 0.042 0.000000  1.760 0.000000
142.208333 143.208333 99.999 0.999000   38.60 0.000000   1.86 0.000000 9.999 0.259000  0.25 0.000000 0.091 0.000000   1.365 0.000   1.911 0.000  11.207 0.000   2.015 0.000   9.191 0.000 0.040 0.000000  1.387 0.000000
145.208333 146.208333 99.999 0.999000   58.09 0.000000   2.88 0.000000 9.999 0.259000  0.37 0.000000 0.090 0.000000   3.611 0.000   5.055 0.000  26.287 0.000   3.423 0.000  22.864 0.000 0.095 0.000000  2.973 0.000000
148.208333 149.208333 99.999 0.999000   49.67 0.000000   1.55 0.000000 0.085 0.000000  0.53 0.000000 0.095 0.000000   3.041 0.000   4.258 0.000 999.999 0.456 999.999 0.999  17.302 0.000 0.115 0.000000  2.496 0.000000
151.208333 152.208333 99.999 0.999000   59.76 0.000000   4.41 0.000000 0.070 0.000000 99.99 0.259000 0.051 0.000000   1.964 0.000   2.750 0.000  21.747 0.000   4.267 0.000  17.480 0.000 0.079 0.000000  2.640 0.000000
154.208333 155.208333 99.999 0.999000   78.10 0.000000   2.12 0.000000 9.999 0.259000  0.20 0.000000 0.085 0.000000   6.311 0.000   8.836 0.000  34.133 0.000   6.600 0.000  27.533 0.000 0.173 0.000000  2.800 0.000000
157.208333 158.208333 99.999 0.999000   17.35 0.000000   1.03 0.000000 9.999 0.259000 99.99 0.259000 0.135 0.000000   1.127 0.000   1.577 0.000   7.562 0.000   3.237 0.000   4.326 0.000 0.023 0.000000  0.470 0.000000
160.208333 161.208333 99.999 0.999000   39.18 0.000000   2.29 0.000000 0.113 0.000000  0.23 0.000000 0.097 0.000000  10.959 0.000  15.342 0.000  37.939 0.000   1.989 0.000  35.950 0.000 0.071 0.000000  3.228 0.000000
163.208333 164.208333 99.999 0.559999   37.62 0.000000   1.06 0.000000 9.999 0.259000  0.10 0.000000 0.057 0.559000   2.728 0.000   3.819 0.000  17.052 0.000   2.453 0.000  14.599 0.000 0.126 0.000000  1.809 0.559000
166.208333 167.208333 99.999 0.559999   43.48 0.000000   1.20 0.000000 9.999 0.259000 99.99 0.259000 0.045 0.559000   1.704 0.000   2.386 0.000  11.696 0.000   2.954 0.000   8.742 0.000 0.036 0.000000  1.113 0.559000
169.208333 170.208333 99.999 0.456000 9999.99 0.699000 999.99 0.699000 9.999 0.699000 99.99 0.699000 9.999 0.456000  10.880 0.000  15.232 0.000  35.672 0.000 999.999 0.999 999.999 0.699 9.999 0.699000 99.999 0.456000
172.208333 173.208333 99.999 0.999000   37.43 0.000000   3.26 0.000000 9.999 0.259000  0.53 0.000000 0.078 0.000000   2.530 0.000   3.542 0.000  14.652 0.000   2.401 0.000  12.251 0.000 0.076 0.000000  1.450 0.000000
175.208333 176.208333 99.999 0.559999   43.00 0.000000   1.05 0.000000 9.999 0.259000 99.99 0.259000 0.059 0.559000   2.295 0.000   3.212 0.000  15.035 0.000   1.858 0.000  13.177 0.000 0.041 0.000000  1.666 0.559000
178.208333 179.208333 99.999 0.559999   27.43 0.000000   0.77 0.000000 9.999 0.259000 99.99 0.259000 0.101 0.559000   1.387 0.000   1.942 0.000  13.598 0.000   4.167 0.000   9.431 0.000 0.043 0.000000  1.390 0.559000
181.208333 182.208333 99.999 0.999000   39.68 0.000000   1.47 0.000000 9.999 0.259000  0.34 0.000000 0.071 0.000000   6.168 0.000   8.636 0.000  37.340 0.000   3.393 0.000  33.947 0.000 0.093 0.000000  4.598 0.000000
184.208333 185.208333 99.999 0.999000  289.20 0.000000   2.86 0.000000 9.999 0.259000  0.20 0.000000 0.089 0.000000   2.793 0.000   3.910 0.000  31.360 0.000   5.767 0.000  25.593 0.000 0.169 0.000000  3.695 0.000000
187.208333 188.208333 99.999 0.999000   26.42 0.000000   3.40 0.000000 9.999 0.259000 99.99 0.259000 0.047 0.000000   5.765 0.000   8.071 0.000  17.983 0.000   2.853 0.000  15.130 0.000 0.096 0.000000  0.795 0.000000
190.208333 191.208333 99.999 0.999000   59.55 0.000000   1.51 0.000000 9.999 0.259000  0.31 0.000000 0.169 0.000000   5.102 0.000   7.142 0.000  25.877 0.000   4.563 0.000  21.314 0.000 0.124 0.000000  2.230 0.000000
193.208333 194.208333 99.999 0.559999   43.25 0.000000   1.31 0.000000 9.999 0.259000  0.36 0.000000 0.125 0.559000   3.810 0.000   5.334 0.000  16.351 0.000   2.704 0.000  13.646 0.000 0.056 0.000000  1.061 0.559000
196.208333 197.208333 99.999 0.999000   35.91 0.000000   2.52 0.000000 9.999 0.259000  0.22 0.000000 0.042 0.000000   2.770 0.000   3.878 0.000  35.722 0.000   4.845 0.000  30.877 0.000 0.033 0.000000  5.632 0.000000
199.208333 200.208333 99.999 0.999000   34.05 0.000000   0.77 0.000000 9.999 0.259000 99.99 0.259000 0.045 0.000000   1.604 0.000   2.245 0.000  21.820 0.000   4.669 0.000  17.152 0.000 0.038 0.000000  3.256 0.000000
202.208333 203.208333 99.999 0.999000   35.61 0.000000   1.69 0.000000 9.999 0.259000  0.31 0.000000 0.038 0.000000   4.231 0.000   5.923 0.000  32.456 0.000   2.634 0.000  29.822 0.000 0.048 0.000000  4.631 0.000000
205.208333 206.208333 99.999 0.999000   18.82 0.000000   1.20 0.000000 9.999 0.259000  0.58 0.000000 0.063 0.000000   1.343 0.000   1.880 0.000  21.930 0.000   5.095 0.000  16.835 0.000 0.056 0.000000  2.945 0.000000
208.208333 209.208333 99.999 0.999000   32.57 0.000000  19.25 0.000000 0.048 0.000000 99.99 0.259000 0.050 0.000000   2.010 0.000   2.814 0.000  17.617 0.000   5.716 0.000  11.900 0.000 0.041 0.000000  1.427 0.000000
211.208333 212.208333 99.999 0.999000   47.24 0.000000   1.05 0.000000 9.999 0.259000 99.99 0.259000 0.045 0.000000   2.099 0.000   2.938 0.000  23.706 0.000   3.651 0.000  20.055 0.000 0.096 0.000000  3.436 0.000000
214.208333 215.208333 99.999 0.999000   45.10 0.000000  28.06 0.000000 9.999 0.259000  0.30 0.000000 0.074 0.000000   3.932 0.000   5.505 0.000  30.556 0.000   4.364 0.000  26.191 0.000 0.052 0.000000  3.701 0.000000
217.208333 218.208333 99.999 0.999000   32.88 0.000000   0.82 0.000000 9.999 0.259000 99.99 0.259000 0.040 0.000000   2.277 0.000   3.187 0.000  24.134 0.000   4.437 0.000  19.697 0.000 0.044 0.000000  3.365 0.000000
