scripts/IMPROVE-2019_partial/data/US0049R.20150103060000.20191216000000.filterpack...1y.3d.US03L_filterpack_US0049.US03L_IMPROVE_Davis.lev2.nas
52 1001
MISSING INFORMATION
US03L, IMPROVE, , , , , , , 
MISSING INFORMATION
IMPROVE sel_HTAP
1 1
2015 01 01 2019 12 16
3.00
days from file reference point
5
1 1 1 1 1
999.99 999.999 9.999 999.999 9.999999
end_time of measurement, days from the file reference point
pm10_mass, ug/m3, Matrix=pm10
numflag pm10_mass, no unit, Matrix=pm10
pm25_mass, ug/m3, Matrix=pm25
numflag pm25_mass, no unit, Matrix=pm25
0
33
Data definition:              EBAS_1.1
Set type code:                TU
Timezone:                     UTC
File name:                    US0049R.20150103060000.20191216000000.filterpack...1y.3d.US03L_filterpack_US0049.US03L_IMPROVE_Davis.lev2.nas
File creation:                20191218115823
Startdate:                    20150103060000
Revision date:                20191216000000
Version:                      2
Version description:          "Data extracted from http://views.cira.colostate.edu/fed/DataWizard 2019-12-16"
Statistics:                   arithmetic mean
Data level:                   2
Period code:                  1y
Resolution code:              3d
Sample duration:              1d
Orig. time res.:              3d
Station code:                 US0049R
Platform code:                US0049S
Station name:                 Great River Bluffs
Station latitude:             43.9373
Station longitude:            -91.4052
Station altitude:             370.0 m
Regime:                       IMG
Component:                    
Unit:                         ug/m3
Matrix:                       
Laboratory code:              US03L
Instrument type:              filterpack
Instrument name:              filterpack_US0049
Method ref:                   US03L_IMPROVE_Davis
Blank correction:             Blank corrected
Volume std. temperature:      ambient
Volume std. pressure:         ambient
starttime endtime PM10 flag_PM10 PM2.5 flag_PM2.5
  2.25   3.25  26.638 0.000  18.176 0.000000
  5.25   6.25  10.303 0.000   6.708 0.000000
  8.25   9.25   9.520 0.000   2.976 0.000000
 11.25  12.25   7.585 0.000   5.537 0.000000
 14.25  15.25  14.358 0.000  10.114 0.000000
 17.25  18.25   4.566 0.000   3.397 0.000000
 20.25  21.25  11.756 0.000   9.616 0.000000
 23.25  24.25   8.785 0.000   6.769 0.000000
 26.25  27.25   9.028 0.000   7.108 0.000000
 29.25  30.25   7.393 0.000   2.162 0.000000
 32.25  33.25   7.198 0.000   4.043 0.000000
 35.25  36.25  10.986 0.000   8.387 0.000000
 38.25  39.25  26.702 0.000  22.726 0.000000
 41.25  42.25   7.910 0.000   6.324 0.000000
 44.25  45.25   7.474 0.000   4.812 0.000000
 47.25  48.25   7.762 0.000   4.772 0.000000
 50.25  51.25  27.973 0.000  11.780 0.000000
 53.25  54.25  16.881 0.000   6.285 0.000000
 56.25  57.25   5.592 0.000   3.721 0.000000
 59.25  60.25  17.869 0.000  12.255 0.000000
 62.25  63.25  13.107 0.000   4.040 0.000000
 65.25  66.25   6.972 0.000   3.480 0.000000
 68.25  69.25  14.871 0.000   7.771 0.000000
 71.25  72.25  19.179 0.000  12.204 0.000000
 74.25  75.25  11.358 0.000   3.275 0.000000
 77.25  78.25  16.512 0.000   6.073 0.000000
 80.25  81.25   4.988 0.000   3.100 0.000000
 83.25  84.25   6.521 0.000   5.223 0.000000
 86.25  87.25   7.652 0.000   4.349 0.000000
 89.25  90.25   3.940 0.000   2.564 0.000000
 92.25  93.25   6.385 0.000   2.203 0.000000
 95.25  96.25   8.697 0.000   5.963 0.000000
 98.25  99.25   1.170 0.000   0.744 0.000000
101.25 102.25  13.995 0.000   6.040 0.000000
104.25 105.25  11.726 0.000   3.210 0.000000
107.25 108.25  11.513 0.000   3.457 0.000000
110.25 111.25   1.872 0.000   0.816 0.000000
113.25 114.25  13.901 0.000   5.317 0.000000
116.25 117.25   6.293 0.000   2.524 0.000000
119.25 120.25   5.504 0.000   1.720 0.000000
122.25 123.25  23.725 0.000   7.423 0.000000
125.25 126.25  11.556 0.000   6.277 0.000000
128.25 129.25   6.005 0.000   3.336 0.000000
131.25 132.25   3.217 0.000   0.707 0.000000
134.25 135.25   6.059 0.000   2.439 0.000000
137.25 138.25   3.577 0.000   0.684 0.000000
140.25 141.25  12.861 0.000   3.636 0.000000
143.25 144.25  13.094 0.000   7.268 0.000000
146.25 147.25  13.358 0.000   5.259 0.000000
149.25 150.25   6.467 0.000   1.429 0.000000
152.25 153.25  12.079 0.000   4.345 0.000000
155.25 156.25   9.124 0.000   4.898 0.000000
158.25 159.25  12.849 0.000   7.448 0.000000
161.25 162.25  12.659 0.000   8.803 0.000000
164.25 165.25   9.466 0.000   4.977 0.659000
167.25 168.25   9.304 0.000   4.079 0.000000
170.25 171.25  11.404 0.000   5.524 0.000000
173.25 174.25   9.403 0.000   4.440 0.000000
176.25 177.25  11.259 0.000   7.732 0.000000
179.25 180.25  15.129 0.000  10.597 0.000000
182.25 183.25   7.211 0.000   4.610 0.000000
185.25 186.25  27.708 0.000  15.134 0.000000
188.25 189.25   6.553 0.000   3.837 0.000000
191.25 192.25  15.124 0.000   8.478 0.659000
194.25 195.25   7.990 0.000   4.471 0.000000
197.25 198.25   8.923 0.000   3.745 0.659000
200.25 201.25   9.873 0.000   3.405 0.000000
203.25 204.25  24.309 0.000   7.074 0.000000
206.25 207.25   9.687 0.000   6.452 0.000000
209.25 210.25  13.240 0.000   3.127 0.000000
212.25 213.25   7.952 0.000   3.929 0.000000
215.25 216.25  13.720 0.000   3.287 0.000000
218.25 219.25   6.337 0.000   5.068 0.659000
221.25 222.25   6.437 0.000 999.999 0.659259
224.25 225.25  19.305 0.000   6.133 0.659000
227.25 228.25  22.483 0.000   9.866 0.659000
230.25 231.25   4.366 0.000   1.384 0.000000
233.25 234.25  15.857 0.000   7.291 0.000000
236.25 237.25   4.332 0.000   1.854 0.000000
239.25 240.25  10.535 0.000   5.810 0.000000
242.25 243.25  17.132 0.000  11.404 0.659000
245.25 246.25  17.081 0.000   8.828 0.659000
248.25 249.25  23.031 0.000  11.549 0.000000
251.25 252.25   8.838 0.000   2.841 0.000000
254.25 255.25   4.815 0.000   1.861 0.000000
257.25 258.25  21.094 0.000   6.820 0.000000
260.25 261.25   7.508 0.000   2.649 0.000000
263.25 264.25  11.474 0.000   3.524 0.000000
266.25 267.25  14.467 0.000   7.574 0.000000
269.25 270.25  17.025 0.000   5.786 0.000000
272.25 273.25   3.976 0.000   1.461 0.000000
275.25 276.25   4.521 0.000   0.864 0.000000
278.25 279.25  14.674 0.000   4.794 0.000000
281.25 282.25   4.213 0.000   1.488 0.000000
284.25 285.25  37.778 0.000   3.308 0.000000
287.25 288.25  22.802 0.000   4.440 0.000000
290.25 291.25  28.606 0.000   4.612 0.000000
293.25 294.25  27.773 0.000   7.760 0.000000
296.25 297.25   5.319 0.000   2.796 0.000000
299.25 300.25   7.768 0.000   4.214 0.000000
302.25 303.25   4.731 0.000   2.465 0.000000
305.25 306.25   6.649 0.000   2.831 0.000000
308.25 309.25   9.725 0.000   5.243 0.000000
311.25 312.25  13.191 0.000   4.073 0.000000
314.25 315.25 999.999 0.999 999.999 0.999000
317.25 318.25  14.185 0.000   3.725 0.000000
320.25 321.25 999.999 0.456   1.356 0.000000
323.25 324.25   7.326 0.000   1.199 0.000000
326.25 327.25   8.028 0.000   3.937 0.000000
329.25 330.25   7.735 0.000   4.240 0.000000
332.25 333.25   7.349 0.000   4.802 0.000000
335.25 336.25   9.784 0.000   8.544 0.000000
338.25 339.25   9.583 0.000   6.805 0.000000
341.25 342.25  12.917 0.000   8.582 0.000000
344.25 345.25   5.036 0.000   3.227 0.000000
347.25 348.25   0.164 0.000   0.125 0.000000
350.25 351.25   7.288 0.000   3.042 0.000000
353.25 354.25  11.425 0.000   5.303 0.000000
356.25 357.25 999.999 0.456   3.143 0.000000
359.25 360.25 999.999 0.456   4.030 0.000000
362.25 363.25 999.999 0.456   1.747 0.000000
