scripts/IMPROVE-2019_partial/data/US0025R.20020102080000.20191216000000.filterpack..pm25.52w.1w.US03L_filterpack_US0025.US03L_IMPROVE_Davis.lev2.nas
66 1001
MISSING INFORMATION
US03L, IMPROVE, , , , , , , 
MISSING INFORMATION
IMPROVE sel_HTAP
1 1
2002 01 01 2019 12 16
3.000000
days from file reference point
27
1 1 1 1 1 1 1 1 1 1 1 1 1 1 1 1 1 1 1 1 1 1 1 1 1 1 1
999.999999 9999.99 9.999 99.99 9.999 9.999 9.999999 99.99 9.999999 99.999 9.999 99.999 9.999 99.999 9.999 999.99 9.999999 999.999 9.999 999.999 9.999 999.999 9.999 9.999 9.999 99.999 9.999
end_time of measurement, days from the file reference point
iron, ng/m3, Revision date=20181210133000
numflag iron, no unit, Revision date=20181210133000
lead, ng/m3, Revision date=20181210133000
numflag lead, no unit, Revision date=20181210133000
magnesium, ug/m3, Revision date=20181210133000
numflag magnesium, no unit, Revision date=20181210133000
nickel, ng/m3, Revision date=20181210133000
numflag nickel, no unit, Revision date=20181210133000
nitrate, ug N/m3, Revision date=20181210133000
numflag nitrate, no unit, Revision date=20181210133000
organic_carbon, ug C/m3, Revision date=20181210133000
numflag organic_carbon, no unit, Revision date=20181210133000
organic_mass, ug/m3, Revision date=20181210133000
numflag organic_mass, no unit, Revision date=20181210133000
phosphorus, ng/m3, Revision date=20181210133000
numflag phosphorus, no unit, Revision date=20181210133000
pm10_mass, ug/m3, Version=2, Version description=Data extracted from http://views.cira.colostate.edu/fed/DataWizard 2019-12-16, Sample duration=1d, Orig. time res.=3d, Matrix=pm10, Blank correction=Blank corrected, Volume std. temperature=ambient, Volume std. pressure=ambient
numflag pm10_mass, no unit, Version=2, Version description=Data extracted from http://views.cira.colostate.edu/fed/DataWizard 2019-12-16, Sample duration=1d, Orig. time res.=3d, Matrix=pm10, Blank correction=Blank corrected, Volume std. temperature=ambient, Volume std. pressure=ambient
pm10_pm25_mass, ug/m3, Revision date=20181210133000, Matrix=pm10_pm25
numflag pm10_pm25_mass, no unit, Revision date=20181210133000, Matrix=pm10_pm25
pm25_mass, ug/m3, Version=2, Version description=Data extracted from http://views.cira.colostate.edu/fed/DataWizard 2019-12-16, Sample duration=1d, Orig. time res.=3d, Blank correction=Blank corrected, Volume std. temperature=ambient, Volume std. pressure=ambient
numflag pm25_mass, no unit, Version=2, Version description=Data extracted from http://views.cira.colostate.edu/fed/DataWizard 2019-12-16, Sample duration=1d, Orig. time res.=3d, Blank correction=Blank corrected, Volume std. temperature=ambient, Volume std. pressure=ambient
potassium, ug/m3, Revision date=20181210133000
numflag potassium, no unit, Revision date=20181210133000
sulphate_total, ug S/m3, Revision date=20181210133000
numflag sulphate_total, no unit, Revision date=20181210133000
0
25
Data definition:              EBAS_1.1
Set type code:                TU
Timezone:                     UTC
File name:                    US0025R.20020102080000.20191216000000.filterpack..pm25.52w.1w.US03L_filterpack_US0025.US03L_IMPROVE_Davis.lev2.nas
File creation:                20191218115705
Startdate:                    20020102080000
Revision date:                20191216000000
Statistics:                   arithmetic mean
Data level:                   2
Period code:                  52w
Resolution code:              1w
Station code:                 US0025R
Platform code:                US0025S
Station name:                 Agua Tibia
Station latitude:             33.4636
Station longitude:            -116.9706
Station altitude:             507.0 m
Regime:                       IMG
Component:                    
Matrix:                       pm25
Laboratory code:              US03L
Instrument type:              filterpack
Instrument name:              filterpack_US0025
Method ref:                   US03L_IMPROVE_Davis
starttime endtime Fe flag_Fe Pb flag_Pb Mg++ flag_Mg++ Ni flag_Ni NO3- flag_NO3- OC flag_OC OM flag_OM P flag_P PM10 flag_PM10 PM10-PM2.5 flag_PM10-PM2.5 PM2.5 flag_PM2.5 K+ flag_K+ SO4-- flag_SO4--
[from data line 81]
244.333333 245.333333  142.20 0.000  2.31 0.000 9.999 0.259000  0.49 0.000000  0.148 0.000  3.956 0.000  5.539 0.000 999.99 0.259000  26.937 0.000  15.470 0.000  11.468 0.000 0.146 0.000  0.746 0.000
247.333333 248.333333  154.03 0.000  2.44 0.000 9.999 0.259000  1.13 0.000000  0.237 0.000  3.214 0.000  4.499 0.000 999.99 0.259000  32.531 0.000  19.213 0.000  13.318 0.000 0.082 0.000  1.311 0.000
250.333333 251.333333   38.37 0.000  1.98 0.000 9.999 0.259000  0.97 0.000000  0.218 0.000  1.218 0.000  1.705 0.000 999.99 0.259000  14.097 0.000   8.975 0.000   5.122 0.000 0.030 0.000  0.371 0.000
253.333333 254.333333 9999.99 0.456 99.99 0.456 9.999 0.456000 99.99 0.456000 99.999 0.456 99.999 0.999 99.999 0.999 999.99 0.456000 999.999 0.456 999.999 0.999 999.999 0.456 9.999 0.456 99.999 0.456
256.333333 257.333333 9999.99 0.456 99.99 0.456 9.999 0.456000 99.99 0.456000 99.999 0.456 99.999 0.999 99.999 0.999 999.99 0.456000 999.999 0.456 999.999 0.999 999.999 0.456 9.999 0.456 99.999 0.456
259.333333 260.333333 9999.99 0.456 99.99 0.456 9.999 0.456000 99.99 0.456000 99.999 0.456 99.999 0.999 99.999 0.999 999.99 0.456000 999.999 0.456 999.999 0.999 999.999 0.456 9.999 0.456 99.999 0.456
262.333333 263.333333  133.36 0.000  2.34 0.000 0.049 0.000000  0.70 0.000000  0.119 0.000  1.339 0.000  1.875 0.000 999.99 0.259000  18.434 0.000  10.570 0.000   7.864 0.000 0.073 0.000  0.601 0.000
265.333333 266.333333   87.73 0.000  2.26 0.000 9.999 0.259000  0.44 0.000000  0.061 0.000  1.549 0.000  2.169 0.000 999.99 0.259000  13.182 0.000   7.872 0.000   5.311 0.000 0.043 0.000  0.350 0.000
268.333333 269.333333 9999.99 0.999 99.99 0.999 9.999 0.999000 99.99 0.999000 99.999 0.999 99.999 0.999 99.999 0.999 999.99 0.999000 999.999 0.999 999.999 0.999 999.999 0.999 9.999 0.999 99.999 0.999
271.333333 272.333333   14.06 0.000  0.76 0.000 9.999 0.259000  0.39 0.000000  0.145 0.000  0.685 0.000  0.958 0.000 999.99 0.259000   9.501 0.000   6.560 0.000   2.940 0.000 0.024 0.000  0.266 0.000
274.333333 275.333333   90.75 0.000  1.02 0.000 0.041 0.000000  0.31 0.000000  0.359 0.000  1.280 0.000  1.792 0.000 999.99 0.259000  28.076 0.000  20.692 0.000   7.384 0.000 0.078 0.000  0.479 0.000
277.333333 278.333333  108.15 0.000  1.93 0.000 9.999 0.259000  0.79 0.000000  0.145 0.000  1.680 0.000  2.352 0.000 999.99 0.259000  18.256 0.000  11.439 0.000   6.818 0.000 0.068 0.000  0.448 0.000
280.333333 281.333333   90.24 0.000  1.65 0.000 9.999 0.259000  0.38 0.000000  0.056 0.000  1.430 0.000  2.002 0.000 999.99 0.259000  14.645 0.000   9.430 0.000   5.215 0.000 0.048 0.000  0.280 0.000
283.333333 284.333333   77.45 0.000  1.72 0.000 0.028 0.000000  0.80 0.000000  0.842 0.559  1.671 0.000  2.339 0.000 999.99 0.259000  21.576 0.000  12.169 0.000   9.407 0.000 0.050 0.000  1.052 0.559
286.333333 287.333333  121.10 0.000  3.17 0.000 9.999 0.259000  1.79 0.000000  0.653 0.000  3.244 0.000  4.542 0.000 999.99 0.259000  29.107 0.000  14.492 0.000  14.615 0.000 0.063 0.000  1.580 0.000
289.333333 290.333333   47.83 0.000  0.82 0.000 9.999 0.259000  0.64 0.000000  0.397 0.000  1.221 0.000  1.709 0.000 999.99 0.259000  19.690 0.000  11.300 0.000   8.390 0.000 0.048 0.000  0.853 0.000
292.333333 293.333333   75.98 0.000  2.46 0.000 9.999 0.259000  2.13 0.000000  0.668 0.000  2.872 0.000  4.021 0.000 999.99 0.259000  30.164 0.000  14.539 0.000  15.625 0.000 0.052 0.000  1.814 0.000
295.333333 296.333333   71.57 0.000  1.71 0.000 9.999 0.259000  1.14 0.000000  1.575 0.000  1.556 0.000  2.178 0.000 999.99 0.259000  30.888 0.000  15.114 0.000  15.774 0.000 0.050 0.000  1.286 0.000
298.333333 299.333333   57.68 0.000  2.93 0.000 9.999 0.259000  1.79 0.000000  1.661 0.000  1.657 0.000  2.320 0.000 999.99 0.259000  24.991 0.000   7.851 0.000  17.140 0.000 0.045 0.000  1.216 0.000
301.333333 302.333333   68.66 0.000  2.36 0.000 9.999 0.259000  0.92 0.000000  0.788 0.000  2.136 0.000  2.991 0.000 999.99 0.259000  24.862 0.000  12.023 0.000  12.839 0.000 0.098 0.000  1.119 0.000
304.333333 305.333333   87.02 0.000  2.52 0.000 0.026 0.000000  1.60 0.000000  1.763 0.000  2.407 0.000  3.369 0.000 999.99 0.259000  37.790 0.000  18.528 0.000  19.262 0.000 0.076 0.000  1.377 0.000
307.333333 308.333333  344.46 0.000  3.58 0.000 0.036 0.000000  1.67 0.000000  0.604 0.000  2.368 0.000  3.315 0.000 999.99 0.259000  24.285 0.000  10.584 0.000  13.700 0.000 0.160 0.000  0.594 0.000
310.333333 311.333333   80.71 0.000  1.84 0.000 9.999 0.259000  0.51 0.000000  0.379 0.000  1.369 0.000  1.917 0.000 999.99 0.259000  11.827 0.000   6.997 0.000   4.830 0.000 0.038 0.000  0.268 0.000
313.333333 314.333333   10.10 0.000  0.97 0.000 9.999 0.259000  0.76 0.000000  0.271 0.000  0.940 0.000  1.316 0.000  16.06 0.000000   9.036 0.000   5.095 0.000   3.941 0.000 0.016 0.000  0.286 0.000
316.333333 317.333333   56.55 0.000  1.25 0.000 9.999 0.259000  0.15 0.000000  0.124 0.000  0.997 0.000  1.396 0.000 999.99 0.259000   7.368 0.000   4.383 0.000   2.985 0.000 0.022 0.000  0.104 0.000
319.333333 320.333333   33.46 0.000  1.03 0.000 9.999 0.259000 99.99 0.259000  0.012 0.000  0.337 0.000  0.472 0.000 999.99 0.259000   4.340 0.000   2.651 0.000   1.689 0.000 0.021 0.000  0.162 0.000
322.333333 323.333333   43.41 0.000  0.58 0.000 0.039 0.000000 99.99 0.259000  0.021 0.000  0.226 0.000  0.317 0.000 999.99 0.259000   6.597 0.000   5.055 0.000   1.542 0.000 0.021 0.000  0.104 0.000
325.333333 326.333333  142.32 0.000  1.91 0.000 9.999 0.259000 99.99 0.259000  0.038 0.000  1.032 0.000  1.444 0.000 999.99 0.259000  12.668 0.000   8.332 0.000   4.336 0.000 0.060 0.000  0.115 0.000
328.333333 329.333333  695.93 0.000  1.98 0.000 9.999 0.259000  0.13 0.000000  0.866 0.000  1.708 0.000  2.391 0.000 999.99 0.259000  93.392 0.000  74.715 0.000  18.677 0.000 0.344 0.000  0.320 0.000
331.333333 332.333333   51.08 0.000  1.32 0.000 9.999 0.259000  0.17 0.000000  0.033 0.000  0.581 0.000  0.813 0.000 999.99 0.259000  12.781 0.000   8.225 0.000   4.556 0.000 0.046 0.000  0.478 0.000
334.333333 335.333333   31.16 0.000  1.56 0.000 9.999 0.259000  0.24 0.000000  0.105 0.000  0.875 0.000  1.225 0.000 999.99 0.259000   6.689 0.000   3.512 0.000   3.176 0.000 0.027 0.000  0.276 0.000
337.333333 338.333333   45.27 0.000  1.43 0.000 9.999 0.259000  0.20 0.000000  0.979 0.000  1.331 0.000  1.863 0.000 999.99 0.259000 999.999 0.456 999.999 0.999   6.279 0.000 0.041 0.000  0.175 0.000
340.333333 341.333333   69.81 0.000  2.46 0.000 9.999 0.259000  0.73 0.000000  0.826 0.000  1.651 0.000  2.311 0.000 999.99 0.259000 999.999 0.456 999.999 0.999   7.923 0.000 0.043 0.000  0.315 0.000
343.333333 344.333333   71.32 0.559  2.05 0.559 9.999 0.559259  0.53 0.559000  1.144 0.000  1.648 0.000  2.308 0.000 999.99 0.559259 999.999 0.456 999.999 0.999  10.125 0.559 0.037 0.559  0.298 0.000
346.333333 347.333333  196.83 0.000  2.45 0.000 9.999 0.259000  0.79 0.000000  0.775 0.000  1.247 0.000  1.746 0.000 999.99 0.259000  15.330 0.000   5.766 0.000   9.564 0.000 0.102 0.000  0.198 0.000
349.333333 350.333333   11.64 0.000  0.67 0.000 0.017 0.000000  0.27 0.000000  0.186 0.000  0.462 0.000  0.647 0.000   8.40 0.000000   8.723 0.000   5.172 0.000   3.551 0.000 0.030 0.000  0.192 0.000
352.333333 353.333333   26.32 0.000  1.84 0.000 9.999 0.259000  0.72 0.000000  0.195 0.000  0.723 0.000  1.012 0.000 999.99 0.259000   8.123 0.000   4.838 0.000   3.284 0.000 0.016 0.000  0.173 0.000
355.333333 356.333333    8.56 0.000  0.87 0.000 9.999 0.259000 99.99 0.259000  0.373 0.000  0.530 0.000  0.743 0.000 999.99 0.259000   5.780 0.000   2.418 0.000   3.362 0.000 0.016 0.000  0.210 0.000
358.333333 359.333333   22.23 0.000  4.70 0.000 9.999 0.259000 99.99 0.259000  1.042 0.000  1.160 0.000  1.623 0.000 999.99 0.259000   9.714 0.000   1.952 0.000   7.761 0.000 0.032 0.000  0.109 0.000
361.333333 362.333333   29.23 0.000  2.08 0.000 9.999 0.259000  0.63 0.000000  0.685 0.000  1.277 0.000  1.788 0.000 999.99 0.259000  12.227 0.000   5.345 0.000   6.882 0.000 0.040 0.000  0.112 0.000
364.333333 365.333333   25.08 0.000  1.40 0.000 9.999 0.259000  0.61 0.000000  0.585 0.559  1.357 0.000  1.899 0.000 999.99 0.259000  11.713 0.000   5.833 0.000   5.881 0.000 0.032 0.000  0.261 0.559
