scripts/IMPROVE-2019_partial/data/US0063R.20020102070000.20191216000000.filterpack..pm25.52w.1w.US03L_filterpack_US0063.US03L_IMPROVE_Davis.lev2.nas
66 1001
MISSING INFORMATION
US03L, IMPROVE, , , , , , , 
MISSING INFORMATION
IMPROVE sel_HTAP
1 1
2002 01 01 2019 12 16
3.000000
days from file reference point
27
1 1 1 1 1 1 1 1 1 1 1 1 1 1 1 1 1 1 1 1 1 1 1 1 1 1 1
999.999999 9999.99 9.999 99.99 9.999 9.999 9.999999 99.99 9.999999 9.999 9.999 999.999 9.999 999.999 9.999 99.99 9.999999 999.999 9.999 999.999 9.999 999.999 9.999 9.999 9.999 99.999 9.999
end_time of measurement, days from the file reference point
iron, ng/m3, Revision date=20181210133000
numflag iron, no unit, Revision date=20181210133000
lead, ng/m3, Revision date=20181210133000
numflag lead, no unit, Revision date=20181210133000
magnesium, ug/m3, Revision date=20181210133000
numflag magnesium, no unit, Revision date=20181210133000
nickel, ng/m3, Revision date=20181210133000
numflag nickel, no unit, Revision date=20181210133000
nitrate, ug N/m3, Revision date=20181210133000
numflag nitrate, no unit, Revision date=20181210133000
organic_carbon, ug C/m3, Revision date=20181210133000
numflag organic_carbon, no unit, Revision date=20181210133000
organic_mass, ug/m3, Revision date=20181210133000
numflag organic_mass, no unit, Revision date=20181210133000
phosphorus, ng/m3, Revision date=20181210133000
numflag phosphorus, no unit, Revision date=20181210133000
pm10_mass, ug/m3, Version=2, Version description=Data extracted from http://views.cira.colostate.edu/fed/DataWizard 2019-12-16, Sample duration=1d, Orig. time res.=3d, Matrix=pm10, Blank correction=Blank corrected, Volume std. temperature=ambient, Volume std. pressure=ambient
numflag pm10_mass, no unit, Version=2, Version description=Data extracted from http://views.cira.colostate.edu/fed/DataWizard 2019-12-16, Sample duration=1d, Orig. time res.=3d, Matrix=pm10, Blank correction=Blank corrected, Volume std. temperature=ambient, Volume std. pressure=ambient
pm10_pm25_mass, ug/m3, Revision date=20181210133000, Matrix=pm10_pm25
numflag pm10_pm25_mass, no unit, Revision date=20181210133000, Matrix=pm10_pm25
pm25_mass, ug/m3, Version=2, Version description=Data extracted from http://views.cira.colostate.edu/fed/DataWizard 2019-12-16, Sample duration=1d, Orig. time res.=3d, Blank correction=Blank corrected, Volume std. temperature=ambient, Volume std. pressure=ambient
numflag pm25_mass, no unit, Version=2, Version description=Data extracted from http://views.cira.colostate.edu/fed/DataWizard 2019-12-16, Sample duration=1d, Orig. time res.=3d, Blank correction=Blank corrected, Volume std. temperature=ambient, Volume std. pressure=ambient
potassium, ug/m3, Revision date=20181210133000
numflag potassium, no unit, Revision date=20181210133000
sulphate_total, ug S/m3, Revision date=20181210133000
numflag sulphate_total, no unit, Revision date=20181210133000
0
25
Data definition:              EBAS_1.1
Set type code:                TU
Timezone:                     UTC
File name:                    US0063R.20020102070000.20191216000000.filterpack..pm25.52w.1w.US03L_filterpack_US0063.US03L_IMPROVE_Davis.lev2.nas
File creation:                20191218115929
Startdate:                    20020102070000
Revision date:                20191216000000
Statistics:                   arithmetic mean
Data level:                   2
Period code:                  52w
Resolution code:              1w
Station code:                 US0063R
Platform code:                US0063S
Station name:                 Bosque del Apache
Station latitude:             33.8695
Station longitude:            -106.852
Station altitude:             1389.0 m
Regime:                       IMG
Component:                    
Matrix:                       pm25
Laboratory code:              US03L
Instrument type:              filterpack
Instrument name:              filterpack_US0063
Method ref:                   US03L_IMPROVE_Davis
starttime endtime Fe flag_Fe Pb flag_Pb Mg++ flag_Mg++ Ni flag_Ni NO3- flag_NO3- OC flag_OC OM flag_OM P flag_P PM10 flag_PM10 PM10-PM2.5 flag_PM10-PM2.5 PM2.5 flag_PM2.5 K+ flag_K+ SO4-- flag_SO4--
  1.291667   2.291667    2.53 0.000  0.35 0.000 9.999 0.259000 99.99 0.259000 0.093 0.000   0.612 0.000   0.857 0.000 99.99 0.259000   3.513 0.000   0.446 0.000   3.066 0.000 0.008 0.000  0.465 0.000
  4.291667   5.291667    6.19 0.000  0.20 0.000 9.999 0.259000 99.99 0.259000 0.049 0.000   0.547 0.000   0.766 0.000 99.99 0.259000   2.554 0.000   0.811 0.000   1.744 0.000 0.009 0.000  0.160 0.000
  7.291667   8.291667   13.03 0.000  0.18 0.000 9.999 0.259000 99.99 0.259000 0.093 0.559   0.579 0.000   0.811 0.000 99.99 0.259000   4.013 0.000   2.169 0.000   1.844 0.000 0.012 0.000  0.145 0.559
 10.291667  11.291667    7.24 0.000 99.99 0.259 9.999 0.259000 99.99 0.259000 0.376 0.000   0.706 0.000   0.988 0.000 99.99 0.259000   4.330 0.000   0.963 0.000   3.367 0.000 0.010 0.000  0.160 0.000
 13.291667  14.291667   17.31 0.000  1.56 0.000 9.999 0.259000 99.99 0.259000 0.066 0.559   0.504 0.000   0.705 0.000 99.99 0.259000   5.895 0.000   4.031 0.000   1.864 0.000 0.020 0.000  0.101 0.559
 16.291667  17.291667   14.04 0.000  0.80 0.000 9.999 0.259000 99.99 0.259000 0.085 0.000   0.593 0.000   0.830 0.000 99.99 0.259000   6.745 0.000   3.799 0.000   2.946 0.000 0.025 0.000  0.307 0.000
 19.291667  20.291667   24.00 0.000  0.86 0.000 9.999 0.259000 99.99 0.259000 0.040 0.000   0.365 0.000   0.511 0.000 99.99 0.259000   5.987 0.000   4.513 0.000   1.473 0.000 0.023 0.000  0.115 0.000
 22.291667  23.291667   30.68 0.000  1.11 0.000 9.999 0.259000 99.99 0.259000 0.071 0.000   0.385 0.000   0.538 0.000 99.99 0.259000   9.804 0.000   7.245 0.000   2.558 0.000 0.032 0.000  0.141 0.000
 25.291667  26.291667   51.74 0.000  0.91 0.000 9.999 0.259000 99.99 0.259000 0.047 0.000   0.867 0.000   1.214 0.000 99.99 0.259000   6.781 0.000   3.681 0.000   3.100 0.000 0.047 0.000  0.125 0.000
 28.291667  29.291667   17.58 0.000  0.26 0.000 9.999 0.259000 99.99 0.259000 9.999 0.259   0.197 0.000   0.276 0.000 99.99 0.259000   8.834 0.000   7.633 0.000   1.201 0.000 0.013 0.000  0.027 0.000
 31.291667  32.291667   18.64 0.559  0.48 0.559 9.999 0.559259 99.99 0.559259 0.100 0.000   0.716 0.000   1.003 0.000 99.99 0.559259   5.147 0.000   2.604 0.000   2.543 0.559 0.019 0.559  0.089 0.000
 34.291667  35.291667   20.88 0.000  0.71 0.000 9.999 0.259000 99.99 0.259000 0.534 0.000   2.225 0.000   3.115 0.000 99.99 0.259000  10.396 0.000   2.223 0.000   8.174 0.000 0.072 0.000  0.240 0.000
 37.291667  38.291667   19.42 0.000  0.62 0.000 9.999 0.259000 99.99 0.259000 0.162 0.000   1.013 0.000   1.418 0.000 99.99 0.259000   6.492 0.000   2.789 0.000   3.704 0.000 0.035 0.000  0.151 0.000
 40.291667  41.291667   55.74 0.000  0.34 0.000 9.999 0.259000 99.99 0.259000 0.036 0.000   0.629 0.000   0.880 0.000 99.99 0.259000  12.051 0.000   9.035 0.000   3.015 0.000 0.044 0.000  0.101 0.000
 43.291667  44.291667   47.09 0.000  0.53 0.000 9.999 0.259000 99.99 0.259000 0.113 0.000   0.449 0.000   0.628 0.000 99.99 0.259000  13.726 0.000  11.063 0.000   2.662 0.000 0.032 0.000  0.116 0.000
 46.291667  47.291667   32.91 0.000  0.88 0.000 9.999 0.259000 99.99 0.259000 0.137 0.000   1.169 0.000   1.636 0.000 99.99 0.259000   9.739 0.000   5.906 0.000   3.832 0.000 0.032 0.000  0.218 0.000
 49.291667  50.291667   18.02 0.000  0.40 0.000 9.999 0.259000 99.99 0.259000 0.024 0.000   0.220 0.000   0.307 0.000 99.99 0.259000  12.508 0.000  10.678 0.000   1.829 0.000 0.013 0.000  0.148 0.000
 52.291667  53.291667   35.06 0.000  0.37 0.000 9.999 0.259000 99.99 0.259000 0.030 0.559   0.459 0.000   0.642 0.000 99.99 0.259000   7.108 0.000   4.793 0.000   2.315 0.000 0.029 0.000  0.110 0.559
 55.291667  56.291667   42.44 0.000  0.66 0.000 9.999 0.259000  0.05 0.000000 0.014 0.559   0.206 0.000   0.289 0.000 99.99 0.259000   9.436 0.000   7.646 0.000   1.790 0.000 0.033 0.000  0.055 0.559
 58.291667  59.291667  110.54 0.000  1.33 0.000 9.999 0.259000 99.99 0.259000 0.070 0.000   0.593 0.000   0.830 0.000 99.99 0.259000  17.647 0.000  12.975 0.000   4.672 0.000 0.082 0.000  0.180 0.000
 61.291667  62.291667   29.50 0.000  0.64 0.000 9.999 0.259000  0.12 0.000000 0.026 0.559   0.309 0.000   0.433 0.000 99.99 0.259000   6.822 0.000   4.559 0.000   2.263 0.000 0.032 0.000  0.197 0.559
 64.291667  65.291667   36.79 0.000  0.88 0.000 9.999 0.259000  0.10 0.000000 0.027 0.000   0.508 0.000   0.712 0.000 99.99 0.259000   7.931 0.000   5.810 0.000   2.120 0.000 0.027 0.000  0.110 0.000
 67.291667  68.291667   51.82 0.000  1.00 0.000 9.999 0.259000 99.99 0.259000 0.019 0.000   0.580 0.000   0.813 0.000 99.99 0.259000  13.154 0.000  10.483 0.000   2.671 0.000 0.042 0.000  0.126 0.000
 70.291667  71.291667   26.93 0.000  0.34 0.000 9.999 0.259000 99.99 0.259000 0.011 0.559   0.443 0.000   0.620 0.000 99.99 0.259000   6.146 0.000   4.454 0.000   1.692 0.000 0.026 0.000  0.085 0.559
 73.291667  74.291667  154.24 0.000  2.58 0.000 9.999 0.259000  0.08 0.000000 0.078 0.000   0.395 0.000   0.552 0.000 99.99 0.259000  19.190 0.000  13.178 0.000   6.012 0.000 0.098 0.000  0.322 0.000
 76.291667  77.291667   85.02 0.000  1.07 0.000 9.999 0.259000  0.09 0.000000 0.038 0.559   0.444 0.000   0.621 0.000 99.99 0.259000  14.420 0.000  10.932 0.000   3.488 0.000 0.053 0.000  0.150 0.559
 79.291667  80.291667   96.09 0.000  1.14 0.000 9.999 0.259000  0.09 0.000000 0.096 0.559   0.632 0.000   0.885 0.000 99.99 0.259000  25.723 0.000  20.699 0.000   5.024 0.000 0.059 0.000  0.360 0.559
 82.291667  83.291667   65.82 0.000  0.69 0.000 9.999 0.259000 99.99 0.259000 0.026 0.000   0.180 0.000   0.252 0.000 99.99 0.259000  13.848 0.000  11.194 0.000   2.654 0.000 0.040 0.000  0.152 0.000
 85.291667  86.291667   79.58 0.000  2.24 0.000 9.999 0.259000  0.32 0.000000 0.045 0.000   0.685 0.000   0.959 0.000 99.99 0.259000  16.462 0.000  11.310 0.000   5.152 0.000 0.064 0.000  0.435 0.000
 88.291667  89.291667   65.28 0.000  0.78 0.000 9.999 0.259000  1.39 0.000000 0.026 0.000   0.464 0.000   0.650 0.000 99.99 0.259000   9.787 0.000   6.884 0.000   2.904 0.000 0.053 0.000  0.177 0.000
 91.291667  92.291667  104.38 0.000  1.56 0.000 9.999 0.259000  0.94 0.000000 0.034 0.000   0.567 0.000   0.794 0.000 99.99 0.259000  18.645 0.000  14.423 0.000   4.223 0.000 0.073 0.000  0.220 0.000
 94.291667  95.291667   48.77 0.000  1.54 0.000 9.999 0.259000  0.59 0.000000 0.017 0.000   0.435 0.000   0.609 0.000 99.99 0.259000  14.579 0.000  11.219 0.000   3.360 0.000 0.045 0.000  0.241 0.000
 97.291667  98.291667   64.97 0.000  0.69 0.000 9.999 0.259000  0.28 0.000000 0.063 0.000   0.508 0.000   0.711 0.000 99.99 0.259000   8.317 0.000   4.389 0.000   3.928 0.000 0.046 0.000  0.285 0.000
100.291667 101.291667   69.53 0.000  1.22 0.000 9.999 0.259000  0.14 0.000000 0.047 0.000   0.421 0.000   0.589 0.000 99.99 0.259000   9.584 0.000   5.805 0.000   3.780 0.000 0.043 0.000  0.245 0.000
103.291667 104.291667   90.67 0.000  0.82 0.000 9.999 0.259000 99.99 0.259000 0.040 0.000   0.452 0.000   0.633 0.000 99.99 0.259000  10.820 0.000   7.288 0.000   3.532 0.000 0.049 0.000  0.190 0.000
106.291667 107.291667   87.09 0.000  1.60 0.000 9.999 0.259000  0.18 0.000000 0.047 0.000   0.427 0.000   0.598 0.000 99.99 0.259000  13.645 0.000   9.990 0.000   3.655 0.000 0.058 0.000  0.217 0.000
109.291667 110.291667  101.85 0.000  0.85 0.000 9.999 0.259000  0.13 0.000000 0.044 0.000   0.510 0.000   0.714 0.000 99.99 0.259000  24.042 0.000  20.224 0.000   3.818 0.000 0.060 0.000  0.155 0.000
112.291667 113.291667  101.92 0.000  1.70 0.000 9.999 0.259000 99.99 0.259000 0.020 0.000   0.655 0.000   0.917 0.000 99.99 0.259000  14.322 0.000  10.750 0.000   3.573 0.000 0.077 0.000  0.161 0.000
115.291667 116.291667  462.05 0.559  1.61 0.559 9.999 0.559259 99.99 0.559259 0.079 0.000   1.426 0.000   1.996 0.000 99.99 0.559259  93.219 0.000  77.168 0.000  16.051 0.559 0.289 0.559  0.498 0.000
118.291667 119.291667   76.96 0.000  0.83 0.000 9.999 0.259000  0.11 0.000000 0.023 0.000   0.471 0.000   0.660 0.000 99.99 0.259000  10.234 0.000   6.875 0.000   3.359 0.000 0.056 0.000  0.188 0.000
121.291667 122.291667  174.48 0.000  1.42 0.000 9.999 0.259000  0.13 0.000000 0.048 0.000   0.309 0.000   0.432 0.000 99.99 0.259000  16.935 0.000  12.122 0.000   4.813 0.000 0.105 0.000  0.188 0.000
124.291667 125.291667  158.37 0.000  1.07 0.000 9.999 0.259000  0.15 0.000000 0.044 0.000   0.505 0.000   0.707 0.000 99.99 0.259000  15.879 0.000  11.073 0.000   4.805 0.000 0.105 0.000  0.179 0.000
127.291667 128.291667 9999.99 0.999 99.99 0.999 9.999 0.999000 99.99 0.999000 9.999 0.999 999.999 0.999 999.999 0.999 99.99 0.999000 999.999 0.999 999.999 0.999 999.999 0.999 9.999 0.999 99.999 0.999
130.291667 131.291667  133.02 0.000  0.41 0.000 9.999 0.259000  0.14 0.000000 0.047 0.000   0.478 0.000   0.670 0.000 99.99 0.259000  13.889 0.000   9.386 0.000   4.503 0.000 0.080 0.000  0.175 0.000
133.291667 134.291667  123.40 0.000  0.78 0.000 0.068 0.000000  0.22 0.000000 0.053 0.559   1.219 0.000   1.706 0.000 99.99 0.259000  22.202 0.000  15.120 0.000   7.081 0.000 0.102 0.000  0.409 0.559
136.291667 137.291667  127.24 0.000  1.02 0.000 0.057 0.000000  0.11 0.000000 0.073 0.559   1.045 0.000   1.463 0.000 99.99 0.259000  27.981 0.000  19.666 0.000   8.315 0.000 0.090 0.000  0.790 0.559
139.291667 140.291667   31.35 0.000  0.42 0.000 9.999 0.259000  0.21 0.000000 0.024 0.000   0.895 0.000   1.252 0.000 99.99 0.259000   6.457 0.000   3.214 0.000   3.243 0.000 0.029 0.000  0.182 0.000
142.291667 143.291667   48.31 0.699  0.70 0.699 9.999 0.699259  0.14 0.699000 0.043 0.000   1.944 0.000   2.722 0.000 99.99 0.699259  10.965 0.000   5.172 0.000   5.793 0.699 0.065 0.699  0.132 0.000
145.291667 146.291667   64.17 0.000  0.91 0.000 9.999 0.259000  0.16 0.000000 0.035 0.000   0.691 0.000   0.968 0.000 99.99 0.259000  13.726 0.000   9.355 0.000   4.371 0.000 0.068 0.000  0.314 0.000
148.291667 149.291667   59.52 0.000  0.67 0.000 9.999 0.259000  0.14 0.000000 0.026 0.000   0.902 0.000   1.263 0.000 99.99 0.259000  11.806 0.000   7.581 0.000   4.224 0.000 0.051 0.000  0.322 0.000
151.291667 152.291667   49.45 0.000  0.41 0.000 9.999 0.259000 99.99 0.259000 0.028 0.000   0.594 0.000   0.831 0.000 99.99 0.259000  14.620 0.000  10.334 0.000   4.285 0.000 0.038 0.000  0.440 0.000
154.291667 155.291667  114.98 0.394  0.82 0.394 9.999 0.394259  0.12 0.394000 0.043 0.394   0.570 0.000   0.798 0.000 99.99 0.394259  15.089 0.000  10.298 0.000   4.792 0.000 0.083 0.394  0.331 0.394
157.291667 158.291667  856.60 0.699  0.75 0.699 9.999 0.699259  0.30 0.699000 0.029 0.000   1.233 0.000   1.726 0.000 99.99 0.699259  62.872 0.000  33.190 0.000  29.682 0.699 0.530 0.699  0.281 0.000
160.291667 161.291667  122.82 0.559  0.88 0.559 0.044 0.559000  0.14 0.559000 0.066 0.000   0.726 0.000   1.016 0.000 99.99 0.559259  15.038 0.000  10.162 0.000   4.875 0.559 0.130 0.559  0.420 0.000
163.291667 164.291667  133.18 0.699  0.65 0.699 9.999 0.699259 99.99 0.699259 0.027 0.000   2.004 0.000   2.806 0.000 99.99 0.699259  19.444 0.000  11.787 0.000   7.658 0.699 0.121 0.699  0.257 0.000
166.291667 167.291667  132.77 0.559  0.59 0.559 9.999 0.559259  0.05 0.559000 0.041 0.000   0.895 0.000   1.253 0.000 99.99 0.559259  24.894 0.000  18.605 0.000   6.289 0.559 0.135 0.559  0.298 0.000
169.291667 170.291667  171.50 0.000  0.65 0.000 9.999 0.259000  0.15 0.000000 0.025 0.000   0.606 0.000   0.849 0.000 99.99 0.259000  17.666 0.000  11.589 0.000   6.076 0.000 0.163 0.000  0.195 0.000
172.291667 173.291667  203.64 0.559  0.53 0.559 9.999 0.559259  0.34 0.559000 0.102 0.000   0.987 0.000   1.382 0.000 99.99 0.559259  28.758 0.000  18.988 0.000   9.770 0.559 0.145 0.559  0.693 0.000
175.291667 176.291667 9999.99 0.699 99.99 0.699 9.999 0.699000 99.99 0.699000 0.095 0.559  12.350 0.000  17.290 0.000 99.99 0.699000  46.097 0.000 999.999 0.999 999.999 0.699 9.999 0.699  0.428 0.559
178.291667 179.291667  114.98 0.699  0.46 0.699 9.999 0.699259 99.99 0.699259 0.036 0.000   4.467 0.000   6.253 0.000 99.99 0.699259  22.140 0.000   8.810 0.000  13.331 0.699 0.147 0.699  0.416 0.000
181.291667 182.291667  110.85 0.699  0.51 0.699 9.999 0.699259  0.10 0.699000 0.047 0.000   4.745 0.000   6.644 0.000 99.99 0.699259  23.052 0.000   9.539 0.000  13.514 0.699 0.123 0.699  0.454 0.000
184.291667 185.291667   89.55 0.559  0.30 0.559 9.999 0.559259  0.22 0.559000 0.015 0.000   2.090 0.000   2.925 0.000 99.99 0.559259  11.683 0.000   4.160 0.000   7.523 0.559 0.098 0.559  0.271 0.000
187.291667 188.291667   50.85 0.000  0.41 0.000 9.999 0.259000  0.17 0.000000 0.030 0.000   1.068 0.000   1.495 0.000 99.99 0.259000   7.919 0.000   2.837 0.000   5.082 0.000 0.049 0.000  0.409 0.000
190.291667 191.291667   60.52 0.559  0.42 0.559 9.999 0.559259 99.99 0.559259 0.022 0.000   0.845 0.000   1.183 0.000 99.99 0.559259  11.095 0.000   4.651 0.000   6.444 0.559 0.042 0.559  0.766 0.000
193.291667 194.291667   35.70 0.000  0.29 0.000 9.999 0.259000 99.99 0.259000 0.022 0.559   0.890 0.000   1.246 0.000 99.99 0.259000   8.691 0.000   5.327 0.000   3.364 0.000 0.023 0.000  0.298 0.559
196.291667 197.291667   56.99 0.000  0.31 0.000 9.999 0.259000  0.13 0.000000 0.024 0.000   0.800 0.000   1.120 0.000 99.99 0.259000   7.472 0.000   3.009 0.000   4.463 0.000 0.036 0.000  0.353 0.000
199.291667 200.291667   51.29 0.000  0.73 0.000 9.999 0.259000 99.99 0.259000 0.081 0.559   0.779 0.000   1.090 0.000 99.99 0.259000   8.701 0.000   5.229 0.000   3.472 0.000 0.039 0.000  0.286 0.559
202.291667 203.291667   33.08 0.000  0.21 0.000 9.999 0.259000 99.99 0.259000 0.055 0.000   0.456 0.000   0.638 0.000 99.99 0.259000   4.264 0.000   1.917 0.000   2.347 0.000 0.019 0.000  0.234 0.000
205.291667 206.291667   31.94 0.000  0.59 0.000 9.999 0.259000 99.99 0.259000 0.019 0.000   0.436 0.000   0.610 0.000 99.99 0.259000   7.271 0.000   4.203 0.000   3.069 0.000 0.021 0.000  0.356 0.000
208.291667 209.291667   43.43 0.000  0.27 0.000 9.999 0.259000  0.19 0.000000 0.033 0.000   0.523 0.000   0.732 0.000 99.99 0.259000   8.041 0.000   4.218 0.000   3.823 0.000 0.032 0.000  0.395 0.000
211.291667 212.291667   65.32 0.000  0.40 0.000 9.999 0.259000 99.99 0.259000 0.024 0.000   0.673 0.000   0.942 0.000 99.99 0.259000  13.198 0.000   9.032 0.000   4.167 0.000 0.044 0.000  0.314 0.000
214.291667 215.291667   37.00 0.000  0.29 0.000 0.030 0.000000 99.99 0.259000 0.029 0.000   0.827 0.000   1.157 0.000 99.99 0.259000   5.645 0.000   2.140 0.000   3.504 0.000 0.059 0.000  0.302 0.000
217.291667 218.291667   58.07 0.000  0.29 0.000 9.999 0.259000 99.99 0.259000 0.027 0.000   0.857 0.000   1.200 0.000 99.99 0.259000  10.567 0.000   4.067 0.000   6.500 0.000 0.037 0.000  0.798 0.000
220.291667 221.291667   34.08 0.000  0.53 0.000 9.999 0.259000  0.10 0.000000 0.018 0.000   0.824 0.000   1.154 0.000 99.99 0.259000   7.590 0.000   2.971 0.000   4.619 0.000 0.025 0.000  0.615 0.000
223.291667 224.291667   53.34 0.000  0.42 0.000 9.999 0.259000  0.09 0.000000 0.022 0.000   1.022 0.000   1.430 0.000 99.99 0.259000  10.518 0.000   5.612 0.000   4.906 0.000 0.048 0.000  0.502 0.000
226.291667 227.291667   68.11 0.559  0.55 0.559 9.999 0.559259  0.13 0.559000 0.034 0.000   1.607 0.000   2.250 0.000 99.99 0.559259  17.034 0.000  10.158 0.000   6.876 0.559 0.072 0.559  0.435 0.000
229.291667 230.291667   42.25 0.000  0.24 0.000 9.999 0.259000  0.10 0.000000 0.018 0.000   0.581 0.000   0.813 0.000 99.99 0.259000  11.063 0.000   7.747 0.000   3.316 0.000 0.039 0.000  0.294 0.000
232.291667 233.291667   25.14 0.000  0.52 0.000 9.999 0.259000  0.16 0.000000 0.034 0.000   0.831 0.000   1.164 0.000 99.99 0.259000   7.429 0.000   3.578 0.000   3.851 0.000 0.036 0.000  0.344 0.000
235.291667 236.291667   27.33 0.000  1.36 0.000 9.999 0.259000 99.99 0.259000 0.015 0.000   1.293 0.000   1.810 0.000 99.99 0.259000   9.016 0.000   5.480 0.000   3.535 0.000 0.039 0.000  0.216 0.000
238.291667 239.291667   27.69 0.559  0.89 0.559 9.999 0.559259 99.99 0.559259 0.012 0.000   0.981 0.000   1.374 0.000 99.99 0.559259   6.274 0.000   3.215 0.000   3.060 0.559 0.048 0.559  0.172 0.000
