scripts/IMPROVE-2019_partial/data/US0086R.20040101050000.20191216000000.filterpack..pm25.52w.1w.US03L_filterpack_US0086.US03L_IMPROVE_Davis.lev2.nas
66 1001
MISSING INFORMATION
US03L, IMPROVE, , , , , , , 
MISSING INFORMATION
IMPROVE sel_HTAP
1 1
2004 01 01 2019 12 16
3.000000
days from file reference point
27
1 1 1 1 1 1 1 1 1 1 1 1 1 1 1 1 1 1 1 1 1 1 1 1 1 1 1
999.999999 99.999 9.999 999.99 9.999 99.99 9.999 9.999 9.999 9.99 9.999999 9.999 9.999 99.999 9.999 999.999 9.999 999.999 9.999 99.999 9.999 999.999 9.999 9.999 9.999 99.999 9.999
end_time of measurement, days from the file reference point
ammonium, ug N/m3, Revision date=20181210133000
numflag ammonium, no unit, Revision date=20181210133000
iron, ng/m3, Revision date=20181210133000
numflag iron, no unit, Revision date=20181210133000
lead, ng/m3, Revision date=20181210133000
numflag lead, no unit, Revision date=20181210133000
magnesium, ug/m3, Revision date=20181210133000
numflag magnesium, no unit, Revision date=20181210133000
nickel, ng/m3, Revision date=20181210133000
numflag nickel, no unit, Revision date=20181210133000
nitrate, ug N/m3, Revision date=20181210133000
numflag nitrate, no unit, Revision date=20181210133000
organic_carbon, ug C/m3, Revision date=20181210133000
numflag organic_carbon, no unit, Revision date=20181210133000
organic_mass, ug/m3, Revision date=20181210133000
numflag organic_mass, no unit, Revision date=20181210133000
pm10_mass, ug/m3, Version=2, Version description=Data extracted from http://views.cira.colostate.edu/fed/DataWizard 2019-12-16, Sample duration=1d, Orig. time res.=3d, Matrix=pm10, Blank correction=Blank corrected, Volume std. temperature=ambient, Volume std. pressure=ambient
numflag pm10_mass, no unit, Version=2, Version description=Data extracted from http://views.cira.colostate.edu/fed/DataWizard 2019-12-16, Sample duration=1d, Orig. time res.=3d, Matrix=pm10, Blank correction=Blank corrected, Volume std. temperature=ambient, Volume std. pressure=ambient
pm10_pm25_mass, ug/m3, Revision date=20181210133000, Matrix=pm10_pm25
numflag pm10_pm25_mass, no unit, Revision date=20181210133000, Matrix=pm10_pm25
pm25_mass, ug/m3, Version=2, Version description=Data extracted from http://views.cira.colostate.edu/fed/DataWizard 2019-12-16, Sample duration=1d, Orig. time res.=3d, Blank correction=Blank corrected, Volume std. temperature=ambient, Volume std. pressure=ambient
numflag pm25_mass, no unit, Version=2, Version description=Data extracted from http://views.cira.colostate.edu/fed/DataWizard 2019-12-16, Sample duration=1d, Orig. time res.=3d, Blank correction=Blank corrected, Volume std. temperature=ambient, Volume std. pressure=ambient
potassium, ug/m3, Revision date=20181210133000
numflag potassium, no unit, Revision date=20181210133000
sulphate_total, ug S/m3, Revision date=20181210133000
numflag sulphate_total, no unit, Revision date=20181210133000
0
25
Data definition:              EBAS_1.1
Set type code:                TU
Timezone:                     UTC
File name:                    US0086R.20040101050000.20191216000000.filterpack..pm25.52w.1w.US03L_filterpack_US0086.US03L_IMPROVE_Davis.lev2.nas
File creation:                20191218120113
Startdate:                    20040101050000
Revision date:                20191216000000
Statistics:                   arithmetic mean
Data level:                   2
Period code:                  52w
Resolution code:              1w
Station code:                 US0086R
Platform code:                US0086S
Station name:                 Dolly Sods Wilderness
Station latitude:             39.1053
Station longitude:            -79.4261
Station altitude:             1182.0 m
Regime:                       IMG
Component:                    
Matrix:                       pm25
Laboratory code:              US03L
Instrument type:              filterpack
Instrument name:              filterpack_US0086
Method ref:                   US03L_IMPROVE_Davis
starttime endtime NH4+ flag_NH4+ Fe flag_Fe Pb flag_Pb Mg++ flag_Mg++ Ni flag_Ni NO3- flag_NO3- OC flag_OC OM flag_OM PM10 flag_PM10 PM10-PM2.5 flag_PM10-PM2.5 PM2.5 flag_PM2.5 K+ flag_K+ SO4-- flag_SO4--
[from data line 84]
252.208333 253.208333  0.188 0.000  25.81 0.000  0.43 0.000 0.148 0.000 0.11 0.000000 0.063 0.000  0.414 0.000   0.579 0.000   3.330 0.000  0.492 0.000   2.838 0.000 0.009 0.000  0.576 0.000
255.208333 256.208333  1.389 0.000  18.67 0.000  1.57 0.000 9.999 0.259 0.15 0.000000 0.015 0.000  2.160 0.000   3.023 0.000  22.263 0.000  0.798 0.000  21.465 0.000 0.022 0.000  3.811 0.000
258.208333 259.208333  1.575 0.000  19.79 0.000  1.78 0.000 9.999 0.259 0.58 0.000000 0.043 0.000  1.207 0.000   1.690 0.000  15.513 0.000  1.684 0.000  13.829 0.000 0.022 0.000  2.780 0.000
261.208333 262.208333  0.126 0.000   7.67 0.000  1.75 0.000 0.118 0.000 9.99 0.259000 0.011 0.000  0.408 0.000   0.571 0.000   2.941 0.000  1.077 0.000   1.864 0.000 0.009 0.000  0.259 0.000
264.208333 265.208333  0.160 0.000  14.98 0.000  0.51 0.000 9.999 0.259 9.99 0.259000 0.008 0.000  0.285 0.000   0.400 0.000   4.361 0.000  2.313 0.000   2.048 0.000 0.015 0.000  0.330 0.000
267.208333 268.208333  2.393 0.000  51.21 0.000  2.51 0.000 0.216 0.000 0.31 0.000000 0.123 0.000  2.541 0.000   3.558 0.000  22.263 0.000  3.513 0.000  18.750 0.000 0.070 0.000  2.867 0.000
270.208333 271.208333  1.809 0.000  27.32 0.000  3.07 0.000 0.171 0.000 0.31 0.000000 0.027 0.000  1.166 0.000   1.633 0.000  21.977 0.000  2.653 0.000  19.324 0.000 0.034 0.000  3.791 0.000
273.208333 274.208333  1.516 0.000  34.13 0.000  2.22 0.000 9.999 0.259 9.99 0.259000 0.030 0.000  1.407 0.000   1.970 0.000  21.203 0.000  1.340 0.000  19.863 0.000 0.032 0.000  3.885 0.000
276.208333 277.208333  0.545 0.000  11.22 0.000  1.53 0.000 9.999 0.259 0.11 0.000000 0.021 0.000  0.855 0.000   1.197 0.000   6.291 0.000  0.068 0.000   6.223 0.000 0.037 0.000  1.078 0.000
279.208333 280.208333  0.388 0.000  12.97 0.000  1.17 0.000 9.999 0.259 0.12 0.000000 0.043 0.000  0.546 0.000   0.764 0.000   4.984 0.000  1.781 0.000   3.203 0.000 0.016 0.000  0.497 0.000
282.208333 283.208333  1.037 0.000  29.79 0.000  2.63 0.000 9.999 0.259 0.18 0.000000 0.041 0.000  1.876 0.000   2.626 0.000  13.358 0.000  3.485 0.000   9.873 0.000 0.042 0.000  1.381 0.000
285.208333 286.208333  0.313 0.000  20.63 0.000  2.38 0.000 9.999 0.259 9.99 0.259000 0.063 0.000  1.125 0.000   1.576 0.000   5.508 0.000  2.181 0.000   3.328 0.000 0.017 0.000  0.358 0.000
288.208333 289.208333  0.225 0.000   7.14 0.000  0.40 0.000 9.999 0.259 0.11 0.000000 0.015 0.000  0.432 0.000   0.604 0.000   3.636 0.000  0.802 0.000   2.834 0.000 0.009 0.000  0.492 0.000
291.208333 292.208333  0.563 0.000  18.40 0.000  1.90 0.000 9.999 0.259 9.99 0.259000 0.034 0.000  1.312 0.000   1.836 0.000   8.095 0.000  2.563 0.000   5.532 0.000 0.038 0.000  0.739 0.000
294.208333 295.208333  0.322 0.000   6.43 0.000  0.87 0.000 0.193 0.000 9.99 0.259000 0.030 0.000  0.987 0.000   1.382 0.000   7.230 0.000  0.226 0.000   7.005 0.000 0.018 0.000  1.088 0.000
297.208333 298.208333  0.522 0.000   7.37 0.000  0.79 0.000 0.073 0.000 0.17 0.000000 0.024 0.000  0.853 0.000   1.194 0.000   7.230 0.000  1.693 0.000   5.538 0.000 0.017 0.000  0.855 0.000
300.208333 301.208333  1.063 0.000  20.58 0.000  3.49 0.000 9.999 0.259 0.25 0.000000 0.081 0.000  0.894 0.000   1.251 0.000  13.127 0.000  4.476 0.000   8.651 0.000 0.023 0.000  1.283 0.000
303.208333 304.208333  1.102 0.000  12.21 0.000  1.17 0.000 0.136 0.000 0.35 0.000000 0.036 0.000  1.495 0.000   2.093 0.000  16.456 0.000  5.375 0.000  11.081 0.000 0.032 0.000  1.813 0.000
306.208333 307.208333  0.729 0.000   8.73 0.000  0.75 0.000 0.096 0.000 0.31 0.000000 0.037 0.000  1.065 0.000   1.490 0.000  11.720 0.000  3.861 0.000   7.859 0.000 0.027 0.000  1.232 0.000
309.208333 310.208333  0.474 0.000  16.41 0.000  1.31 0.000 9.999 0.259 0.12 0.000000 0.194 0.000  0.955 0.000   1.338 0.000   6.283 0.000  2.074 0.000   4.209 0.000 0.041 0.000  0.432 0.000
312.208333 313.208333  0.294 0.000  20.13 0.000  1.77 0.000 9.999 0.259 0.20 0.000000 0.102 0.000  1.697 0.000   2.375 0.000   7.399 0.000  2.739 0.000   4.660 0.000 0.028 0.000  0.321 0.000
315.208333 316.208333  0.679 0.000  30.09 0.000  2.07 0.000 9.999 0.259 0.22 0.000000 0.089 0.000  2.175 0.000   3.045 0.000  12.656 0.000  4.088 0.000   8.568 0.000 0.054 0.000  0.946 0.000
318.208333 319.208333  0.221 0.000   8.35 0.000  1.33 0.000 0.070 0.000 0.05 0.000000 0.029 0.000  1.654 0.000   2.316 0.000   5.465 0.000  0.816 0.000   4.649 0.000 0.030 0.000  0.268 0.000
321.208333 322.208333  0.387 0.000  15.64 0.000  2.44 0.000 9.999 0.259 0.14 0.000000 0.030 0.000  1.281 0.000   1.793 0.000   7.761 0.000  2.194 0.000   5.567 0.000 0.024 0.000  0.745 0.000
324.208333 325.208333  0.393 0.000  10.71 0.000  1.17 0.000 0.145 0.000 0.27 0.000000 0.062 0.000  1.482 0.000   2.075 0.000   6.944 0.000  0.449 0.000   6.495 0.000 0.027 0.000  0.780 0.000
327.208333 328.208333  0.499 0.000   5.72 0.000  0.84 0.000 9.999 0.259 0.29 0.000000 0.018 0.000  0.740 0.000   1.036 0.000   8.383 0.000  0.600 0.000   7.783 0.000 0.014 0.000  1.351 0.000
330.208333 331.208333  0.245 0.559   5.31 0.000  0.93 0.000 9.999 0.259 9.99 0.259000 0.072 0.559  1.012 0.000   1.416 0.000   3.679 0.000  0.555 0.000   3.123 0.000 0.025 0.000  0.267 0.559
333.208333 334.208333  0.468 0.559   8.55 0.000  1.54 0.000 0.114 0.000 0.14 0.000000 0.060 0.559  0.799 0.000   1.119 0.000   5.043 0.000  0.942 0.000   4.101 0.000 0.017 0.000  0.544 0.559
336.208333 337.208333  0.327 0.559  18.54 0.000  1.51 0.000 0.059 0.000 0.21 0.000000 0.067 0.559  0.612 0.000   0.857 0.000   4.397 0.000  1.314 0.000   3.083 0.000 0.027 0.000  0.421 0.559
339.208333 340.208333  0.469 0.559  23.61 0.000  1.69 0.000 9.999 0.259 0.13 0.000000 0.252 0.559  1.043 0.000   1.460 0.000   6.698 0.000  2.376 0.000   4.322 0.000 0.035 0.000  0.400 0.559
342.208333 343.208333  0.528 0.559  11.30 0.000  1.27 0.000 0.056 0.000 0.16 0.000000 0.020 0.559  0.461 0.000   0.646 0.000   5.637 0.000  0.859 0.000   4.778 0.000 0.015 0.000  0.909 0.559
345.208333 346.208333  0.147 0.559   3.25 0.000  0.97 0.000 9.999 0.259 0.16 0.000000 0.038 0.559  0.524 0.000   0.734 0.000   2.604 0.000  0.128 0.000   2.476 0.000 0.010 0.000  0.304 0.559
348.208333 349.208333  0.281 0.559  10.77 0.000  1.38 0.000 9.999 0.259 0.22 0.000000 0.067 0.559  2.676 0.000   3.746 0.000   6.820 0.000 99.999 0.259   6.884 0.000 0.030 0.000  0.503 0.559
351.208333 352.208333  0.767 0.559  38.46 0.000  3.66 0.000 9.999 0.259 0.15 0.000000 0.419 0.559  2.089 0.000   2.925 0.000  11.822 0.000  3.381 0.000   8.441 0.000 0.062 0.000  0.580 0.559
354.208333 355.208333  0.201 0.559  14.82 0.000  1.76 0.000 9.999 0.259 0.13 0.000000 0.067 0.559  1.814 0.000   2.539 0.000   6.061 0.000  1.220 0.000   4.840 0.000 0.041 0.000  0.362 0.559
357.208333 358.208333  0.201 0.559   3.70 0.000  0.68 0.000 9.999 0.259 0.19 0.000000 0.042 0.559  1.165 0.000   1.631 0.000   4.479 0.000  0.396 0.000   4.083 0.000 0.013 0.000  0.502 0.559
360.208333 361.208333  0.481 0.559   7.99 0.000  0.87 0.000 9.999 0.259 9.99 0.259000 0.100 0.559  2.009 0.000   2.812 0.000   8.102 0.000  1.427 0.000   6.675 0.000 0.040 0.000  0.644 0.559
363.208333 364.208333  0.584 0.559  20.30 0.000  1.73 0.000 0.058 0.000 0.10 0.000000 0.174 0.559  1.582 0.000   2.215 0.000   9.903 0.000  3.254 0.000   6.649 0.000 0.050 0.000  0.577 0.559
