scripts/IMPROVE-2019_partial/data/US0043U.20050101050000.20191216000000.filterpack..pm25.52w.1w.US03L_filterpack_US0043.US03L_IMPROVE_Davis.lev2.nas
64 1001
MISSING INFORMATION
US03L, IMPROVE, , , , , , , 
MISSING INFORMATION
IMPROVE sel_HTAP
1 1
2005 01 01 2019 12 16
3.000000
days from file reference point
25
1 1 1 1 1 1 1 1 1 1 1 1 1 1 1 1 1 1 1 1 1 1 1 1 1
999.999999 9999.99 9.999 999.99 9.999 9.999 9.999999 999.99 9.999 99.999 9.999 99.999 9.999 999.999 9.999 999.999 9.999 999.999 9.999 999.999 9.999 9.999 9.999 99.999 9.999
end_time of measurement, days from the file reference point
iron, ng/m3, Revision date=20181210133000
numflag iron, no unit, Revision date=20181210133000
lead, ng/m3, Revision date=20181210133000
numflag lead, no unit, Revision date=20181210133000
magnesium, ug/m3, Revision date=20181210133000
numflag magnesium, no unit, Revision date=20181210133000
nickel, ng/m3, Revision date=20181210133000
numflag nickel, no unit, Revision date=20181210133000
nitrate, ug N/m3, Revision date=20181210133000
numflag nitrate, no unit, Revision date=20181210133000
organic_carbon, ug C/m3, Revision date=20181210133000
numflag organic_carbon, no unit, Revision date=20181210133000
organic_mass, ug/m3, Revision date=20181210133000
numflag organic_mass, no unit, Revision date=20181210133000
pm10_mass, ug/m3, Version=2, Version description=Data extracted from http://views.cira.colostate.edu/fed/DataWizard 2019-12-16, Sample duration=1d, Orig. time res.=3d, Matrix=pm10, Blank correction=Blank corrected, Volume std. temperature=ambient, Volume std. pressure=ambient
numflag pm10_mass, no unit, Version=2, Version description=Data extracted from http://views.cira.colostate.edu/fed/DataWizard 2019-12-16, Sample duration=1d, Orig. time res.=3d, Matrix=pm10, Blank correction=Blank corrected, Volume std. temperature=ambient, Volume std. pressure=ambient
pm10_pm25_mass, ug/m3, Revision date=20181210133000, Matrix=pm10_pm25
numflag pm10_pm25_mass, no unit, Revision date=20181210133000, Matrix=pm10_pm25
pm25_mass, ug/m3, Version=2, Version description=Data extracted from http://views.cira.colostate.edu/fed/DataWizard 2019-12-16, Sample duration=1d, Orig. time res.=3d, Blank correction=Blank corrected, Volume std. temperature=ambient, Volume std. pressure=ambient
numflag pm25_mass, no unit, Version=2, Version description=Data extracted from http://views.cira.colostate.edu/fed/DataWizard 2019-12-16, Sample duration=1d, Orig. time res.=3d, Blank correction=Blank corrected, Volume std. temperature=ambient, Volume std. pressure=ambient
potassium, ug/m3, Revision date=20181210133000
numflag potassium, no unit, Revision date=20181210133000
sulphate_total, ug S/m3, Revision date=20181210133000
numflag sulphate_total, no unit, Revision date=20181210133000
0
25
Data definition:              EBAS_1.1
Set type code:                TU
Timezone:                     UTC
File name:                    US0043U.20050101050000.20191216000000.filterpack..pm25.52w.1w.US03L_filterpack_US0043.US03L_IMPROVE_Davis.lev2.nas
File creation:                20191218115804
Startdate:                    20050101050000
Revision date:                20191216000000
Statistics:                   arithmetic mean
Data level:                   2
Period code:                  52w
Resolution code:              1w
Station code:                 US0043U
Platform code:                US0043S
Station name:                 Baltimore
Station latitude:             39.2547
Station longitude:            -76.7093
Station altitude:             78.0 m
Regime:                       IMG
Component:                    
Matrix:                       pm25
Laboratory code:              US03L
Instrument type:              filterpack
Instrument name:              filterpack_US0043
Method ref:                   US03L_IMPROVE_Davis
starttime endtime Fe flag_Fe Pb flag_Pb Mg++ flag_Mg++ Ni flag_Ni NO3- flag_NO3- OC flag_OC OM flag_OM PM10 flag_PM10 PM10-PM2.5 flag_PM10-PM2.5 PM2.5 flag_PM2.5 K+ flag_K+ SO4-- flag_SO4--
  0.208333   1.208333   33.48 0.000   3.71 0.000 0.015 0.000000   0.32 0.000  0.200 0.000  2.378 0.000   4.280 0.000  14.870 0.000   2.670 0.000  12.198 0.000 0.197 0.000  1.557 0.000
  3.208333   4.208333   58.59 0.000   3.83 0.000 9.999 0.259000   1.12 0.000  0.414 0.000  1.679 0.000   3.023 0.000  14.792 0.000   4.450 0.000  10.397 0.000 0.050 0.000  1.429 0.000
  6.208333   7.208333   62.65 0.000   4.13 0.000 9.999 0.259000   1.56 0.000  0.378 0.000  1.798 0.000   3.236 0.000  11.710 0.000   3.162 0.000   8.548 0.000 0.043 0.000  1.189 0.000
  9.208333  10.208333   41.11 0.000   2.72 0.000 9.999 0.259000   0.78 0.000  0.450 0.000  0.864 0.000   1.554 0.000  16.325 0.000   3.449 0.000  12.874 0.000 0.045 0.000  1.893 0.000
 12.208333  13.208333  254.90 0.000  14.29 0.000 9.999 0.259000   7.50 0.000  0.785 0.000  3.145 0.000   5.661 0.000  31.062 0.000   9.154 0.000  21.904 0.000 0.109 0.000  1.886 0.000
 15.208333  16.208333   45.54 0.000   5.09 0.000 9.999 0.259000   4.31 0.000  0.907 0.000  1.873 0.000   3.371 0.000  15.927 0.000   3.583 0.000  12.341 0.000 0.056 0.000  0.663 0.000
 18.208333  19.208333   64.25 0.000   6.89 0.000 9.999 0.259000   0.80 0.000  0.631 0.000  2.375 0.000   4.275 0.000  17.613 0.000   5.181 0.000  12.429 0.000 0.097 0.000  0.638 0.000
 21.208333  22.208333   68.12 0.000   6.91 0.000 9.999 0.259000   4.57 0.000  0.758 0.000  2.834 0.000   5.101 0.000  20.704 0.000   5.891 0.000  14.808 0.000 0.098 0.000  0.660 0.000
 24.208333  25.208333   73.30 0.000   1.96 0.000 9.999 0.259000   0.29 0.000  0.665 0.000  2.057 0.000   3.702 0.000  19.646 0.000   6.127 0.000  13.580 0.000 0.064 0.000  1.260 0.000
 27.208333  28.208333   92.63 0.000   5.08 0.000 9.999 0.259000   1.72 0.000  0.483 0.000  1.861 0.000   3.350 0.000  17.253 0.000   7.446 0.000   9.805 0.000 0.067 0.000  0.486 0.000
 30.208333  31.208333  134.78 0.000  13.91 0.000 9.999 0.259000   2.88 0.000  1.076 0.000  2.856 0.000   5.142 0.000  28.331 0.000  12.110 0.000  16.220 0.000 0.087 0.000  0.820 0.000
 33.208333  34.208333  134.53 0.000   7.10 0.000 0.008 0.000000   6.32 0.000  1.333 0.000  3.005 0.000   5.408 0.000  35.284 0.000  13.192 0.000  22.088 0.000 0.070 0.000  1.148 0.000
 36.208333  37.208333  109.83 0.000   9.07 0.000 9.999 0.259000   4.97 0.000  0.979 0.000  2.943 0.000   5.297 0.000  25.544 0.000   7.894 0.000  17.647 0.000 0.089 0.000  1.496 0.000
 39.208333  40.208333  502.80 0.000  35.12 0.000 0.020 0.000000   9.13 0.000  1.392 0.000  7.013 0.000  12.623 0.000  54.813 0.000  24.568 0.000  30.243 0.000 0.231 0.000  1.804 0.000
 42.208333  43.208333   26.78 0.000   2.00 0.000 9.999 0.259000 999.99 0.259  0.421 0.000  1.400 0.000   2.519 0.000  11.951 0.000   2.473 0.000   9.477 0.000 0.035 0.000  1.120 0.000
 45.208333  46.208333   94.44 0.000   2.56 0.000 9.999 0.259000   1.73 0.000  0.540 0.000  2.085 0.000   3.753 0.000  16.676 0.000   4.242 0.000  12.492 0.000 0.061 0.000  1.384 0.000
 48.208333  49.208333   37.40 0.000   2.70 0.000 9.999 0.259000   0.18 0.000  0.381 0.000  0.938 0.000   1.688 0.000  10.224 0.000   2.832 0.000   7.392 0.000 0.030 0.000  0.767 0.000
 51.208333  52.208333  169.29 0.000   7.83 0.000 0.019 0.000000   4.47 0.000  2.457 0.000  3.967 0.000   7.141 0.000  41.364 0.000   6.305 0.000  35.048 0.000 0.070 0.000  2.877 0.000
 54.208333  55.208333   38.73 0.000   3.14 0.000 9.999 0.259000   0.97 0.000  0.549 0.000  1.401 0.000   2.522 0.000  13.864 0.000   4.579 0.000   9.284 0.000 0.032 0.000  0.660 0.000
 57.208333  58.208333   49.87 0.000   5.42 0.000 9.999 0.259000   0.51 0.000  0.523 0.000  1.694 0.000   3.049 0.000  13.084 0.000   3.748 0.000   9.335 0.000 0.055 0.000  0.651 0.000
 60.208333  61.208333   18.95 0.000   1.42 0.000 9.999 0.259000 999.99 0.259  0.077 0.000  0.826 0.000   1.486 0.000   6.863 0.000   2.332 0.000   4.531 0.000 0.019 0.000  0.696 0.000
 63.208333  64.208333   70.15 0.000   4.44 0.000 9.999 0.259000   0.12 0.000  1.303 0.000  2.296 0.000   4.132 0.000  22.218 0.000   5.912 0.000  16.304 0.000 0.054 0.000  1.235 0.000
 66.208333  67.208333   27.81 0.000   1.43 0.000 9.999 0.259000   0.18 0.000  0.084 0.000  1.293 0.000   2.327 0.000 999.999 0.456   4.878 0.000   5.156 0.000 0.031 0.000  0.615 0.000
 69.208333  70.208333  113.88 0.000   8.95 0.000 9.999 0.259000   1.49 0.000  1.356 0.000  1.756 0.000   3.161 0.000  23.357 0.000   7.913 0.000  15.441 0.000 0.087 0.000  1.093 0.000
 72.208333  73.208333   22.03 0.000   1.88 0.000 9.999 0.259000   0.04 0.000  0.388 0.000  1.025 0.000   1.844 0.000   9.216 0.000   2.792 0.000   6.423 0.000 0.023 0.000  0.847 0.000
 75.208333  76.208333  131.52 0.000  10.19 0.000 9.999 0.259000   1.45 0.000  1.331 0.000  2.058 0.000   3.704 0.000  27.571 0.000   9.396 0.000  18.173 0.000 0.067 0.000  1.597 0.000
 78.208333  79.208333   59.39 0.000   6.90 0.000 9.999 0.259000   1.03 0.000  1.775 0.000  2.170 0.000   3.905 0.000  35.130 0.000   4.878 0.000  30.247 0.000 0.068 0.000  3.510 0.000
 81.208333  82.208333   38.56 0.000   3.35 0.000 9.999 0.259000   1.57 0.000  0.778 0.000  1.116 0.000   2.009 0.000  15.681 0.000   2.136 0.000  13.542 0.000 0.025 0.000  1.578 0.000
 84.208333  85.208333  209.28 0.000  15.65 0.000 9.999 0.259000   2.27 0.000  1.031 0.000  1.735 0.000   3.124 0.000  23.654 0.000   5.604 0.000  18.048 0.000 0.118 0.000  2.167 0.000
 87.208333  88.208333   25.52 0.000   1.05 0.000 9.999 0.259000 999.99 0.259  0.231 0.000  0.610 0.000   1.097 0.000   4.019 0.000   1.529 0.000   2.509 0.000 0.014 0.000  0.383 0.000
 90.208333  91.208333   70.76 0.000   5.97 0.000 0.020 0.000000   1.91 0.000  0.889 0.000  0.938 0.000   1.688 0.000  19.505 0.000   6.758 0.000  12.745 0.000 0.056 0.000  1.971 0.000
 93.208333  94.208333   27.94 0.000   2.24 0.000 9.999 0.259000   0.33 0.000  0.027 0.000  0.778 0.000   1.401 0.000   5.971 0.000   2.902 0.000   3.069 0.000 0.022 0.000  0.413 0.000
 96.208333  97.208333   80.32 0.000   2.51 0.000 9.999 0.259000   0.20 0.000  0.186 0.000  2.812 0.000   5.061 0.000  24.375 0.000   9.789 0.000  14.584 0.000 0.065 0.000  1.788 0.000
 99.208333 100.208333   56.98 0.000   5.25 0.000 9.999 0.259000   0.52 0.000  0.276 0.000  1.658 0.000   2.984 0.000  11.627 0.000   4.457 0.000   7.168 0.000 0.045 0.000  0.786 0.000
102.208333 103.208333   87.06 0.000   3.05 0.000 9.999 0.259000   1.20 0.000  0.469 0.000  1.382 0.000   2.487 0.000  16.948 0.000  10.506 0.000   6.441 0.000 0.036 0.000  0.573 0.000
105.208333 106.208333   58.92 0.000   2.17 0.000 9.999 0.259000   1.88 0.000  0.208 0.000  1.101 0.000   1.981 0.000  13.918 0.000   9.195 0.000   4.722 0.000 0.037 0.000  0.417 0.000
108.208333 109.208333  212.34 0.000   5.15 0.000 9.999 0.259000   0.22 0.000  0.194 0.000  3.629 0.000   6.533 0.000  36.733 0.000  14.528 0.000  22.385 0.000 0.068 0.000  3.827 0.000
111.208333 112.208333  130.64 0.000  14.90 0.000 0.027 0.000000   1.51 0.000  0.741 0.000  0.867 0.000   1.561 0.000  21.099 0.000  10.977 0.000  10.121 0.000 0.098 0.000  0.815 0.000
114.208333 115.208333   29.85 0.000   1.24 0.000 9.999 0.259000   0.21 0.000  0.049 0.000  0.548 0.000   0.987 0.000   8.598 0.000   4.030 0.000   4.567 0.000 0.017 0.000  0.783 0.000
117.208333 118.208333   34.29 0.000   1.99 0.000 9.999 0.259000   0.16 0.000  0.174 0.000  0.754 0.000   1.357 0.000  15.313 0.000   8.003 0.000   7.309 0.000 0.029 0.000  1.307 0.000
120.208333 121.208333   31.61 0.000   5.83 0.000 0.012 0.000000   0.17 0.000  0.163 0.000  1.234 0.000   2.220 0.000  19.475 0.000   4.778 0.000  14.696 0.000 0.039 0.000  2.846 0.000
123.208333 124.208333   81.67 0.000   3.93 0.000 9.999 0.259000   0.30 0.000  0.378 0.000  1.022 0.000   1.839 0.000  20.559 0.000   8.757 0.000  11.802 0.000 0.036 0.000  2.065 0.000
126.208333 127.208333   62.72 0.000   4.01 0.000 0.013 0.000000   0.63 0.000  0.663 0.000  1.521 0.000   2.737 0.000  21.968 0.000   8.071 0.000  13.896 0.000 0.045 0.000  2.359 0.000
129.208333 130.208333   50.37 0.000   5.70 0.000 9.999 0.259000   1.00 0.000  0.276 0.000  1.243 0.000   2.238 0.000  14.952 0.000   8.613 0.000   6.442 0.000 0.026 0.000  0.764 0.000
132.208333 133.208333   82.75 0.000   2.17 0.000 0.018 0.000000   0.76 0.000  0.184 0.000  0.893 0.000   1.607 0.000  17.505 0.000  12.735 0.000   4.771 0.000 0.042 0.000  0.432 0.000
135.208333 136.208333   42.74 0.000   3.44 0.000 9.999 0.259000 999.99 0.259  0.224 0.000  1.107 0.000   1.993 0.000  14.257 0.000   4.998 0.000   9.259 0.000 0.031 0.000  1.553 0.000
138.208333 139.208333  108.65 0.000   5.25 0.000 9.999 0.259000   1.36 0.000  0.819 0.000  1.835 0.000   3.304 0.000  34.653 0.000  16.178 0.000  18.474 0.000 0.049 0.000  2.889 0.000
141.208333 142.208333   42.85 0.000   6.45 0.000 9.999 0.259000   0.21 0.000  0.093 0.000  1.213 0.000   2.183 0.000  12.462 0.000   4.994 0.000   7.467 0.000 0.055 0.000  0.970 0.000
144.208333 145.208333   38.64 0.000   1.63 0.000 9.999 0.259000   0.39 0.000  0.192 0.000  0.805 0.000   1.449 0.000  30.797 0.000  26.504 0.000   4.294 0.000 0.016 0.000  0.634 0.000
147.208333 148.208333   59.72 0.000   3.22 0.000 9.999 0.259000   0.26 0.000  0.055 0.000  1.555 0.000   2.800 0.000  17.533 0.000   8.235 0.000   9.298 0.000 0.047 0.000  1.435 0.000
150.208333 151.208333   64.31 0.000   5.51 0.000 9.999 0.259000   0.13 0.000  0.233 0.000  1.681 0.000   3.026 0.000  17.463 0.000   6.114 0.000  11.416 0.000 0.045 0.000  1.707 0.000
153.208333 154.208333   44.73 0.000   1.34 0.000 9.999 0.259000   0.67 0.000  0.191 0.000  0.449 0.000   0.807 0.000   9.377 0.000   4.738 0.000   4.638 0.000 0.010 0.000  0.672 0.000
156.208333 157.208333  106.55 0.000   2.19 0.000 9.999 0.259000   0.78 0.000  0.185 0.000  5.624 0.000  10.122 0.000  36.227 0.000   7.334 0.000  28.965 0.000 0.044 0.000  3.886 0.000
159.208333 160.208333  130.59 0.000   1.25 0.000 9.999 0.259000   2.26 0.000  0.182 0.000  3.839 0.000   6.910 0.000  31.459 0.000   8.782 0.000  22.675 0.000 0.060 0.000  3.119 0.000
162.208333 163.208333   38.16 0.000   2.09 0.000 0.013 0.000000   1.09 0.000  0.142 0.000  2.606 0.000   4.690 0.000  16.983 0.000   6.432 0.000  10.550 0.000 0.067 0.000  1.136 0.000
165.208333 166.208333   28.99 0.000   1.18 0.000 9.999 0.259000   0.13 0.000  0.032 0.000  1.818 0.000   3.272 0.000  20.396 0.000   7.562 0.000  12.834 0.000 0.035 0.000  2.017 0.000
168.208333 169.208333   34.65 0.000   2.16 0.000 9.999 0.259000   0.15 0.000  0.053 0.000  1.270 0.000   2.287 0.000  12.638 0.000   4.190 0.000   8.448 0.000 0.030 0.000  1.304 0.000
171.208333 172.208333  102.90 0.000   2.63 0.000 9.999 0.259000   0.74 0.000  0.193 0.000  1.931 0.000   3.475 0.000  22.699 0.000   7.336 0.000  15.450 0.000 0.032 0.000  2.126 0.000
174.208333 175.208333   73.68 0.000   1.96 0.000 9.999 0.259000   1.32 0.000  0.126 0.000  3.366 0.000   6.058 0.000  25.844 0.000   9.209 0.000  16.633 0.000 0.059 0.000  1.864 0.000
177.208333 178.208333   66.90 0.000   0.90 0.000 9.999 0.259000   0.64 0.000  0.093 0.000  1.054 0.000   1.898 0.000  10.521 0.000   4.656 0.000   5.866 0.000 0.054 0.000  0.841 0.000
180.208333 181.208333   52.99 0.000   2.04 0.000 9.999 0.259000   0.13 0.000  0.185 0.000  2.353 0.000   4.236 0.000  29.448 0.000   6.301 0.000  23.143 0.000 0.035 0.000  4.173 0.000
183.208333 184.208333   75.69 0.000   8.23 0.000 0.048 0.000000   1.12 0.000  0.229 0.000  2.046 0.000   3.683 0.000  20.848 0.000   7.671 0.000  13.177 0.000 0.761 0.000  1.592 0.000
186.208333 187.208333   36.15 0.000   2.17 0.000 0.020 0.000000   0.07 0.000  0.074 0.000  1.987 0.000   3.577 0.000  24.393 0.000   5.842 0.000  18.550 0.000 0.076 0.000  3.262 0.000
189.208333 190.208333   30.36 0.000   2.68 0.000 9.999 0.259000   0.38 0.000  0.039 0.000  1.701 0.000   3.062 0.000  18.618 0.000   5.440 0.000  13.177 0.000 0.060 0.000  2.157 0.000
192.208333 193.208333  134.48 0.000   3.18 0.000 9.999 0.259000   0.84 0.000  0.062 0.000  3.530 0.000   6.354 0.000  43.002 0.000  11.747 0.000  31.305 0.000 0.063 0.000  4.613 0.000
195.208333 196.208333  189.60 0.000   3.77 0.000 9.999 0.259000   2.65 0.000  0.202 0.000  2.041 0.000   3.674 0.000  25.399 0.000   6.175 0.000  19.221 0.000 0.067 0.000  2.738 0.000
198.208333 199.208333 9999.99 0.456 999.99 0.456 9.999 0.456000 999.99 0.456  0.037 0.000  1.923 0.000   3.461 0.000  28.303 0.000 999.999 0.456 999.999 0.456 9.999 0.456  4.577 0.000
201.208333 202.208333   67.24 0.000   2.12 0.000 9.999 0.259000   0.19 0.000  0.058 0.000  2.698 0.000   4.856 0.000  39.931 0.000   7.740 0.000  32.186 0.000 0.062 0.000  5.821 0.000
204.208333 205.208333   59.79 0.000   5.31 0.000 9.999 0.259000   1.06 0.000  0.042 0.000  3.104 0.000   5.587 0.000  14.932 0.000   4.402 0.000  10.530 0.000 0.067 0.000  0.759 0.000
207.208333 208.208333  104.05 0.394   1.72 0.394 9.999 0.394259   1.43 0.394  0.059 0.394  4.295 0.000   7.730 0.000  39.553 0.000  11.900 0.000  27.856 0.000 0.059 0.394  3.818 0.394
210.208333 211.208333  167.21 0.000   6.61 0.000 9.999 0.259000   1.44 0.000  0.232 0.000  1.732 0.559   3.117 0.559  22.161 0.000   5.238 0.000  16.921 0.000 0.076 0.000  2.797 0.000
213.208333 214.208333  193.05 0.000   2.44 0.000 9.999 0.259000  10.49 0.000  0.055 0.000  3.360 0.000   6.047 0.000  30.723 0.000   8.007 0.000  22.737 0.000 0.064 0.000  2.904 0.000
216.208333 217.208333   85.53 0.000   2.65 0.000 9.999 0.259000   1.51 0.000  0.050 0.000 99.999 0.999 999.999 0.999  38.295 0.000   8.420 0.000  29.871 0.000 0.045 0.000  4.449 0.000
219.208333 220.208333   79.64 0.000   4.57 0.000 9.999 0.259000   1.17 0.000  0.121 0.000 99.999 0.999 999.999 0.999  20.689 0.000   5.100 0.000  15.587 0.000 0.030 0.000  2.037 0.000
222.208333 223.208333   77.63 0.000   2.24 0.000 9.999 0.259000   0.43 0.000  0.049 0.000  2.043 0.000   3.677 0.000  37.191 0.000   7.242 0.000  29.944 0.000 0.040 0.000  5.402 0.000
225.208333 226.208333   66.89 0.000   1.92 0.000 9.999 0.259000   2.31 0.000  0.051 0.000  5.045 0.000   9.082 0.000  46.377 0.000   7.396 0.000  38.978 0.000 0.047 0.000  5.621 0.000
228.208333 229.208333   52.71 0.000   2.52 0.000 9.999 0.259000   0.28 0.000  0.144 0.000  1.590 0.559   2.862 0.559  15.182 0.000   4.774 0.000  10.406 0.000 0.032 0.000  1.393 0.000
231.208333 232.208333   42.81 0.000   3.06 0.000 0.032 0.000000   1.84 0.000  0.090 0.000  2.127 0.559   3.828 0.559  25.590 0.000   5.593 0.000  19.994 0.000 0.032 0.000  3.512 0.000
234.208333 235.208333   80.75 0.000   2.89 0.000 9.999 0.259000   0.27 0.000  0.047 0.000  1.409 0.559   2.536 0.559  18.156 0.000   7.330 0.000  10.851 0.000 0.025 0.000  1.623 0.000
237.208333 238.208333  107.84 0.000   2.44 0.000 9.999 0.259000   0.61 0.000  0.082 0.000  2.302 0.559   4.143 0.559  19.817 0.000   7.508 0.000  12.307 0.000 0.025 0.000  1.357 0.000
240.208333 241.208333  109.94 0.000   2.43 0.000 9.999 0.259000   0.97 0.000  0.133 0.000  1.726 0.559   3.107 0.559  19.882 0.000   7.143 0.000  12.738 0.000 0.026 0.000  1.706 0.000
243.208333 244.208333   37.24 0.000   3.10 0.000 9.999 0.259000   0.09 0.000  0.032 0.000  1.719 0.559   3.095 0.559  19.024 0.000   4.962 0.000  14.061 0.000 0.024 0.000  2.433 0.000
246.208333 247.208333   24.02 0.000   2.32 0.000 9.999 0.259000 999.99 0.259  0.020 0.000  1.172 0.559   2.109 0.559  11.296 0.000   3.528 0.000   7.768 0.000 0.029 0.000  1.175 0.000
249.208333 250.208333   67.28 0.000   3.12 0.000 0.011 0.000000   0.87 0.000  0.102 0.000  1.408 0.559   2.535 0.559  15.048 0.000   8.901 0.000   6.146 0.000 0.024 0.000  0.597 0.000
252.208333 253.208333  163.92 0.000  10.88 0.000 9.999 0.259000   2.16 0.000 99.999 0.999  3.242 0.559   5.835 0.559  38.514 0.000   9.133 0.000  29.377 0.000 0.067 0.000 99.999 0.999
255.208333 256.208333  163.80 0.000   2.64 0.000 9.999 0.259000   3.82 0.000 99.999 0.999  2.961 0.000   5.330 0.000  28.008 0.000  11.104 0.000  17.065 0.000 0.037 0.000 99.999 0.999
