scripts/IMPROVE-2019_partial/data/US0010U.20080101060000.20191216000000.filterpack...52w.3d.US03L_filterpack_US0010.US03L_IMPROVE_Davis.lev2.nas
52 1001
MISSING INFORMATION
US03L, IMPROVE, , , , , , , 
MISSING INFORMATION
IMPROVE sel_HTAP
1 1
2008 01 01 2019 12 16
3.00
days from file reference point
5
1 1 1 1 1
999.99 999.999 9.999 999.999 9.999
end_time of measurement, days from the file reference point
pm10_mass, ug/m3, Matrix=pm10
numflag pm10_mass, no unit, Matrix=pm10
pm25_mass, ug/m3, Matrix=pm25
numflag pm25_mass, no unit, Matrix=pm25
0
33
Data definition:              EBAS_1.1
Set type code:                TU
Timezone:                     UTC
File name:                    US0010U.20080101060000.20191216000000.filterpack...52w.3d.US03L_filterpack_US0010.US03L_IMPROVE_Davis.lev2.nas
File creation:                20191218115603
Startdate:                    20080101060000
Revision date:                20191216000000
Version:                      2
Version description:          "Data extracted from http://views.cira.colostate.edu/fed/DataWizard 2019-12-16"
Statistics:                   arithmetic mean
Data level:                   2
Period code:                  52w
Resolution code:              3d
Sample duration:              1d
Orig. time res.:              3d
Station code:                 US0010U
Platform code:                US0010S
Station name:                 Birmingham
Station latitude:             33.5531
Station longitude:            -86.8148
Station altitude:             175.0 m
Regime:                       IMG
Component:                    
Unit:                         ug/m3
Matrix:                       
Laboratory code:              US03L
Instrument type:              filterpack
Instrument name:              filterpack_US0010
Method ref:                   US03L_IMPROVE_Davis
Blank correction:             Blank corrected
Volume std. temperature:      ambient
Volume std. pressure:         ambient
starttime endtime PM10 flag_PM10 PM2.5 flag_PM2.5
  0.25   1.25   4.824 0.000   2.808 0.000
  3.25   4.25  26.767 0.000  14.323 0.000
  6.25   7.25  14.788 0.000   7.400 0.000
  9.25  10.25  10.136 0.000   6.483 0.000
 12.25  13.25  21.940 0.000  16.725 0.000
 15.25  16.25  36.913 0.000  17.725 0.000
 18.25  19.25   8.159 0.000   5.770 0.000
 21.25  22.25  17.410 0.000  10.741 0.000
 24.25  25.25  22.840 0.000  12.789 0.000
 27.25  28.25  46.076 0.000  25.995 0.000
 30.25  31.25  26.070 0.000   9.279 0.000
 33.25  34.25  21.249 0.000  12.904 0.000
 36.25  37.25 999.999 0.999 999.999 0.999
 39.25  40.25  16.968 0.000   9.634 0.000
 42.25  43.25  18.323 0.000   7.508 0.000
 45.25  46.25  71.451 0.000  24.792 0.000
 48.25  49.25   6.430 0.000   3.607 0.000
 51.25  52.25  28.140 0.000  17.711 0.000
 54.25  55.25  16.684 0.000  11.591 0.000
 57.25  58.25   7.017 0.000   4.522 0.000
 60.25  61.25  24.747 0.000  14.865 0.000
 63.25  64.25   5.162 0.000   3.020 0.000
 66.25  67.25  19.958 0.000  12.810 0.000
 69.25  70.25  58.020 0.000  31.090 0.000
 72.25  73.25  35.515 0.000  17.390 0.000
 75.25  76.25 999.999 0.999 999.999 0.999
 78.25  79.25 999.999 0.999 999.999 0.999
 81.25  82.25  23.822 0.000  16.122 0.000
 84.25  85.25  34.719 0.000  17.418 0.000
 87.25  88.25  34.873 0.000  15.716 0.000
 90.25  91.25  17.457 0.000  11.255 0.000
 93.25  94.25  37.166 0.000  13.720 0.000
 96.25  97.25  19.040 0.000  13.699 0.000
 99.25 100.25  20.619 0.000  12.436 0.000
102.25 103.25  12.699 0.000   5.279 0.000
105.25 106.25  20.440 0.000  11.682 0.000
108.25 109.25  34.154 0.000  12.048 0.000
111.25 112.25  37.685 0.000  19.761 0.000
114.25 115.25  24.237 0.000  10.076 0.000
117.25 118.25  12.973 0.000   8.953 0.000
120.25 121.25  37.765 0.000  16.450 0.000
123.25 124.25  15.212 0.000   6.749 0.000
126.25 127.25  57.927 0.000  24.757 0.000
129.25 130.25  22.446 0.000  10.208 0.000
132.25 133.25  14.503 0.000   6.653 0.000
135.25 136.25  20.090 0.000  10.711 0.000
138.25 139.25  19.789 0.000  10.479 0.000
141.25 142.25  40.980 0.000  15.787 0.000
144.25 145.25  24.929 0.000  14.756 0.000
147.25 148.25  22.826 0.000  10.884 0.000
150.25 151.25  37.083 0.000  23.497 0.000
153.25 154.25  28.569 0.000  16.860 0.000
156.25 157.25  19.756 0.000   7.969 0.000
159.25 160.25  47.704 0.000  18.703 0.000
162.25 163.25  40.118 0.000  19.818 0.000
165.25 166.25  14.516 0.000   8.619 0.000
168.25 169.25  34.382 0.000  15.302 0.000
171.25 172.25  79.409 0.000  29.937 0.000
174.25 175.25  55.177 0.000  23.665 0.000
177.25 178.25  29.715 0.000  13.451 0.000
180.25 181.25  22.481 0.000  10.810 0.000
183.25 184.25  65.505 0.000  27.255 0.000
186.25 187.25  21.981 0.000  12.409 0.000
189.25 190.25  28.326 0.000  16.988 0.000
192.25 193.25 999.999 0.999 999.999 0.999
195.25 196.25 999.999 0.999 999.999 0.999
198.25 199.25  58.041 0.000  38.143 0.659
201.25 202.25  75.924 0.000  49.349 0.659
204.25 205.25 999.999 0.999 999.999 0.999
207.25 208.25  16.050 0.000   8.834 0.000
210.25 211.25  39.635 0.000  19.815 0.000
213.25 214.25  18.928 0.000  12.028 0.000
216.25 217.25  24.438 0.000  11.626 0.000
219.25 220.25  20.150 0.000   8.173 0.000
222.25 223.25  28.654 0.000  18.802 0.000
225.25 226.25  23.279 0.000  16.798 0.000
228.25 229.25  35.390 0.000  22.703 0.000
231.25 232.25  52.538 0.000  24.792 0.000
234.25 235.25  68.724 0.000  22.511 0.000
237.25 238.25  27.115 0.000  12.966 0.000
240.25 241.25  40.570 0.000  26.695 0.000
243.25 244.25  27.411 0.000  17.060 0.000
246.25 247.25  31.213 0.000  16.960 0.000
249.25 250.25  13.109 0.000   9.043 0.000
252.25 253.25  28.651 0.000  13.719 0.000
255.25 256.25  22.667 0.000   8.659 0.000
258.25 259.25  12.930 0.000   6.468 0.000
261.25 262.25  47.743 0.000  22.608 0.000
264.25 265.25  24.049 0.000  14.495 0.000
267.25 268.25  57.426 0.000  25.529 0.000
270.25 271.25  32.999 0.000  14.007 0.000
273.25 274.25  58.163 0.000  25.775 0.000
276.25 277.25  54.796 0.000  22.713 0.000
279.25 280.25  51.063 0.000  24.222 0.000
282.25 283.25  22.178 0.000   9.807 0.000
285.25 286.25  15.380 0.000   7.010 0.000
288.25 289.25 999.999 0.999 999.999 0.999
291.25 292.25 999.999 0.999 999.999 0.999
294.25 295.25  59.149 0.000  29.328 0.659
297.25 298.25  10.377 0.000   4.368 0.000
300.25 301.25  13.316 0.000   3.515 0.000
303.25 304.25  77.856 0.000  31.348 0.000
306.25 307.25  68.863 0.000  37.151 0.000
309.25 310.25  71.782 0.000  29.339 0.000
312.25 313.25  19.132 0.000   6.927 0.000
315.25 316.25  38.524 0.000  18.757 0.000
318.25 319.25  24.370 0.000  17.086 0.000
321.25 322.25  18.691 0.000   9.054 0.000
324.25 325.25  53.478 0.000  20.988 0.000
327.25 328.25  14.475 0.000   7.750 0.000
330.25 331.25  42.858 0.000  20.067 0.000
333.25 334.25  19.745 0.000  18.045 0.000
336.25 337.25 999.999 0.999 999.999 0.999
339.25 340.25 999.999 0.999 999.999 0.999
342.25 343.25 999.999 0.999 999.999 0.999
345.25 346.25   3.385 0.000   2.437 0.000
348.25 349.25  13.676 0.000   7.176 0.000
351.25 352.25  11.076 0.000   7.393 0.000
354.25 355.25 999.999 0.999 999.999 0.999
357.25 358.25 999.999 0.999 999.999 0.999
360.25 361.25 999.999 0.999 999.999 0.999
363.25 364.25 999.999 0.999 999.999 0.999
