scripts/IMPROVE-2019_partial/data/US0090R.20050101090000.20191216000000.filterpack..pm25.52w.1w.US03L_filterpack_US0090.US03L_IMPROVE_Davis.lev2.nas
66 1001
MISSING INFORMATION
US03L, IMPROVE, , , , , , , 
MISSING INFORMATION
IMPROVE sel_HTAP
1 1
2005 01 01 2019 12 16
3.000
days from file reference point
27
1 1 1 1 1 1 1 1 1 1 1 1 1 1 1 1 1 1 1 1 1 1 1 1 1 1 1
999.999 999.99 9.999 99.99 9.999 9.999 9.999 9.99 9.999 9.999 9.999 99.999 9.999 99.999 9.999 999.99 9.999 999.999 9.999 99.999 9.999 99.999 9.999 9.999 9.999 9.999 9.999
end_time of measurement, days from the file reference point
iron, ng/m3, Revision date=20181210133000
numflag iron, no unit, Revision date=20181210133000
lead, ng/m3, Revision date=20181210133000
numflag lead, no unit, Revision date=20181210133000
magnesium, ug/m3, Revision date=20181210133000
numflag magnesium, no unit, Revision date=20181210133000
nickel, ng/m3, Revision date=20181210133000
numflag nickel, no unit, Revision date=20181210133000
nitrate, ug N/m3, Revision date=20181210133000
numflag nitrate, no unit, Revision date=20181210133000
organic_carbon, ug C/m3, Revision date=20181210133000
numflag organic_carbon, no unit, Revision date=20181210133000
organic_mass, ug/m3, Revision date=20181210133000
numflag organic_mass, no unit, Revision date=20181210133000
phosphorus, ng/m3, Revision date=20181210133000
numflag phosphorus, no unit, Revision date=20181210133000
pm10_mass, ug/m3, Version=2, Version description=Data extracted from http://views.cira.colostate.edu/fed/DataWizard 2019-12-16, Sample duration=1d, Orig. time res.=3d, Matrix=pm10, Blank correction=Blank corrected, Volume std. temperature=ambient, Volume std. pressure=ambient
numflag pm10_mass, no unit, Version=2, Version description=Data extracted from http://views.cira.colostate.edu/fed/DataWizard 2019-12-16, Sample duration=1d, Orig. time res.=3d, Matrix=pm10, Blank correction=Blank corrected, Volume std. temperature=ambient, Volume std. pressure=ambient
pm10_pm25_mass, ug/m3, Revision date=20181210133000, Matrix=pm10_pm25
numflag pm10_pm25_mass, no unit, Revision date=20181210133000, Matrix=pm10_pm25
pm25_mass, ug/m3, Version=2, Version description=Data extracted from http://views.cira.colostate.edu/fed/DataWizard 2019-12-16, Sample duration=1d, Orig. time res.=3d, Blank correction=Blank corrected, Volume std. temperature=ambient, Volume std. pressure=ambient
numflag pm25_mass, no unit, Version=2, Version description=Data extracted from http://views.cira.colostate.edu/fed/DataWizard 2019-12-16, Sample duration=1d, Orig. time res.=3d, Blank correction=Blank corrected, Volume std. temperature=ambient, Volume std. pressure=ambient
potassium, ug/m3, Revision date=20181210133000
numflag potassium, no unit, Revision date=20181210133000
sulphate_total, ug S/m3, Revision date=20181210133000
numflag sulphate_total, no unit, Revision date=20181210133000
0
25
Data definition:              EBAS_1.1
Set type code:                TU
Timezone:                     UTC
File name:                    US0090R.20050101090000.20191216000000.filterpack..pm25.52w.1w.US03L_filterpack_US0090.US03L_IMPROVE_Davis.lev2.nas
File creation:                20191218120129
Startdate:                    20050101090000
Revision date:                20191216000000
Statistics:                   arithmetic mean
Data level:                   2
Period code:                  52w
Resolution code:              1w
Station code:                 US0090R
Platform code:                US0090S
Station name:                 Petersburg
Station latitude:             56.61076
Station longitude:            -132.81234
Station altitude:             0.0 m
Regime:                       IMG
Component:                    
Matrix:                       pm25
Laboratory code:              US03L
Instrument type:              filterpack
Instrument name:              filterpack_US0090
Method ref:                   US03L_IMPROVE_Davis
starttime endtime Fe flag_Fe Pb flag_Pb Mg++ flag_Mg++ Ni flag_Ni NO3- flag_NO3- OC flag_OC OM flag_OM P flag_P PM10 flag_PM10 PM10-PM2.5 flag_PM10-PM2.5 PM2.5 flag_PM2.5 K+ flag_K+ SO4-- flag_SO4--
[from data line 90]
270.375 271.375   0.55 0.000  0.17 0.000 0.019 0.000 0.05 0.000 0.006 0.000  0.020 0.000  0.036 0.000 999.99 0.259   2.760 0.000  1.246 0.000  1.514 0.000 0.011 0.000 0.080 0.000
273.375 274.375   5.15 0.000 99.99 0.259 9.999 0.259 9.99 0.259 0.002 0.000  0.091 0.000  0.165 0.000 999.99 0.259   1.772 0.000  1.205 0.000  0.567 0.000 0.004 0.000 0.029 0.000
276.375 277.375   3.82 0.000  0.10 0.000 9.999 0.259 9.99 0.259 0.002 0.000  0.657 0.000  1.183 0.000 999.99 0.259   4.932 0.000  3.092 0.000  1.882 0.000 0.012 0.000 0.071 0.000
279.375 280.375   0.41 0.000  0.11 0.000 0.003 0.000 9.99 0.259 0.000 0.000  0.148 0.000  0.266 0.000   3.11 0.000   2.470 0.000  1.802 0.000  0.668 0.000 0.004 0.000 0.020 0.000
282.375 283.375   7.20 0.000  0.12 0.000 0.021 0.000 9.99 0.259 0.004 0.000  0.244 0.000  0.440 0.000 999.99 0.259   2.690 0.000  1.335 0.000  1.355 0.000 0.009 0.000 0.055 0.000
285.375 286.375   0.96 0.000  0.15 0.000 9.999 0.259 9.99 0.259 0.003 0.000  0.078 0.000  0.140 0.000 999.99 0.259   2.476 0.000  1.567 0.000  0.908 0.000 0.006 0.000 0.108 0.000
288.375 289.375   0.60 0.000  0.16 0.000 9.999 0.259 9.99 0.259 9.999 0.259 99.999 0.259 99.999 0.259 999.99 0.259   1.194 0.000  0.744 0.000  0.449 0.000 0.002 0.000 0.008 0.000
291.375 292.375   2.29 0.000  0.18 0.000 9.999 0.259 9.99 0.259 0.002 0.000  0.036 0.000  0.065 0.000 999.99 0.259   1.866 0.000  1.038 0.000  0.828 0.000 0.006 0.000 0.039 0.000
294.375 295.375   0.93 0.000  0.15 0.000 0.027 0.000 0.08 0.000 0.006 0.000  0.222 0.000  0.400 0.000 999.99 0.259   3.102 0.000  1.510 0.000  1.592 0.000 0.014 0.000 0.059 0.000
297.375 298.375   0.91 0.000  0.09 0.000 9.999 0.259 9.99 0.259 9.999 0.259  0.142 0.000  0.257 0.000   2.14 0.000   1.155 0.000  1.155 0.000 99.999 0.259 0.004 0.000 0.016 0.000
300.375 301.375   2.08 0.000  0.40 0.000 9.999 0.259 9.99 0.259 0.004 0.000  0.534 0.000  0.962 0.000   7.60 0.000   3.314 0.000  1.612 0.000  1.701 0.000 0.018 0.000 0.035 0.000
303.375 304.375   3.95 0.000  0.31 0.000 9.999 0.259 9.99 0.259 0.001 0.000  0.113 0.000  0.203 0.000 999.99 0.259   2.105 0.000  1.105 0.000  1.000 0.000 0.008 0.000 0.077 0.000
306.375 307.375   0.52 0.000  0.22 0.000 9.999 0.259 9.99 0.259 0.000 0.000 99.999 0.259 99.999 0.259 999.99 0.259   0.954 0.000  0.762 0.000  0.192 0.000 0.002 0.000 0.013 0.000
309.375 310.375   0.74 0.000  0.13 0.000 9.999 0.259 9.99 0.259 0.002 0.000  0.050 0.000  0.090 0.000 999.99 0.259   0.833 0.000  0.584 0.000  0.248 0.000 0.004 0.000 0.027 0.000
312.375 313.375   2.70 0.000  0.18 0.000 9.999 0.259 9.99 0.259 0.002 0.000 99.999 0.259 99.999 0.259 999.99 0.259   1.034 0.000  0.560 0.000  0.475 0.000 0.005 0.000 0.031 0.000
315.375 316.375   1.50 0.000  0.11 0.000 9.999 0.259 9.99 0.259 0.002 0.000  0.007 0.000  0.013 0.000 999.99 0.259   0.953 0.000  0.736 0.000  0.217 0.000 0.003 0.000 0.016 0.000
318.375 319.375   0.50 0.000  0.12 0.000 0.004 0.000 9.99 0.259 0.001 0.000  0.000 0.000  0.001 0.000 999.99 0.259   0.497 0.000  0.287 0.000  0.214 0.000 0.001 0.000 0.004 0.000
321.375 322.375   0.55 0.000  0.15 0.000 9.999 0.259 9.99 0.259 0.007 0.000  0.111 0.000  0.199 0.000 999.99 0.259   1.865 0.000  0.680 0.000  1.184 0.000 0.008 0.000 0.086 0.000
324.375 325.375   1.31 0.000  0.17 0.000 0.013 0.000 9.99 0.259 0.002 0.000  0.039 0.000  0.071 0.000 999.99 0.259   0.787 0.000  0.381 0.000  0.406 0.000 0.004 0.000 0.012 0.000
327.375 328.375   2.32 0.000  0.23 0.000 9.999 0.259 9.99 0.259 0.009 0.000  0.531 0.000  0.957 0.000 999.99 0.259   2.269 0.000  0.594 0.000  1.674 0.000 0.010 0.000 0.064 0.000
330.375 331.375   1.58 0.000  0.18 0.000 9.999 0.259 9.99 0.259 0.000 0.000  0.308 0.000  0.554 0.000 999.99 0.259   0.870 0.000  0.243 0.000  0.627 0.000 0.004 0.000 0.027 0.000
333.375 334.375  17.91 0.000  0.19 0.000 0.007 0.000 9.99 0.259 0.001 0.000 99.999 0.259 99.999 0.259 999.99 0.259   1.934 0.000  1.114 0.000  0.819 0.000 0.006 0.000 0.052 0.000
336.375 337.375   5.71 0.000  0.17 0.000 9.999 0.259 9.99 0.259 0.004 0.000  0.330 0.000  0.594 0.000 999.99 0.259   1.585 0.000  0.176 0.000  1.408 0.000 0.015 0.000 0.114 0.000
339.375 340.375  28.32 0.000  0.10 0.000 0.013 0.000 9.99 0.259 0.004 0.000  0.153 0.000  0.275 0.000 999.99 0.259   1.827 0.000  0.819 0.000  1.019 0.000 0.013 0.000 0.046 0.000
342.375 343.375   1.15 0.000 99.99 0.259 0.008 0.000 9.99 0.259 0.001 0.000  0.479 0.000  0.862 0.000 999.99 0.259   1.041 0.000  0.108 0.000  0.950 0.000 0.002 0.000 0.005 0.000
345.375 346.375   0.37 0.000 99.99 0.259 0.022 0.000 9.99 0.259 0.005 0.000  0.099 0.000  0.178 0.000 999.99 0.259   1.660 0.000  0.612 0.000  1.047 0.000 0.008 0.000 0.038 0.000
348.375 349.375   0.31 0.000  0.17 0.000 9.999 0.259 9.99 0.259 9.999 0.259  0.280 0.000  0.503 0.000 999.99 0.259   0.704 0.000  0.392 0.000  0.312 0.000 0.001 0.000 0.004 0.000
351.375 352.375  52.47 0.000  0.59 0.000 0.015 0.000 9.99 0.259 0.001 0.000  0.433 0.000  0.778 0.000 999.99 0.259   8.451 0.000  6.315 0.000  2.136 0.000 0.035 0.000 0.044 0.000
354.375 355.375   0.27 0.000 99.99 0.259 0.020 0.000 0.04 0.000 0.002 0.000  0.051 0.000  0.091 0.000 999.99 0.259   1.282 0.000  0.338 0.000  0.944 0.000 0.006 0.000 0.019 0.000
357.375 358.375   0.42 0.000  0.07 0.000 0.003 0.000 9.99 0.259 0.000 0.000  0.097 0.000  0.174 0.000 999.99 0.259   0.579 0.000  0.266 0.000  0.312 0.000 0.001 0.000 0.002 0.000
360.375 361.375   0.43 0.000  0.20 0.000 0.014 0.000 0.07 0.000 0.002 0.000  0.069 0.000  0.123 0.000 999.99 0.259   1.334 0.000  0.436 0.000  0.904 0.000 0.006 0.000 0.019 0.000
363.375 364.375   0.47 0.000  0.07 0.000 9.999 0.259 9.99 0.259 0.000 0.000 99.999 0.259 99.999 0.259 999.99 0.259   0.538 0.000  0.350 0.000  0.189 0.000 0.002 0.000 0.008 0.000
