scripts/IMPROVE-2019_partial/data/US0044R.20060102050000.20191216000000.filterpack..pm25.52w.1w.US03L_filterpack_US0044.US03L_IMPROVE_Davis.lev2.nas
64 1001
MISSING INFORMATION
US03L, IMPROVE, , , , , , , 
MISSING INFORMATION
IMPROVE sel_HTAP
1 1
2006 01 01 2019 12 16
3.000000
days from file reference point
25
1 1 1 1 1 1 1 1 1 1 1 1 1 1 1 1 1 1 1 1 1 1 1 1 1
999.999999 9999.99 9.999999 99.99 9.999999 9.999 9.999999999 9.99 9.999999999 9.999 9.999999 99.999 9.999 99.999 9.999 999.999 9.999 999.999 9.999999 999.999 9.999 9.999 9.999999 99.999 9.999999
end_time of measurement, days from the file reference point
iron, ng/m3, Revision date=20181210133000
numflag iron, no unit, Revision date=20181210133000
lead, ng/m3, Revision date=20181210133000
numflag lead, no unit, Revision date=20181210133000
magnesium, ug/m3, Revision date=20181210133000
numflag magnesium, no unit, Revision date=20181210133000
nickel, ng/m3, Revision date=20181210133000
numflag nickel, no unit, Revision date=20181210133000
nitrate, ug N/m3, Revision date=20181210133000
numflag nitrate, no unit, Revision date=20181210133000
organic_carbon, ug C/m3, Revision date=20181210133000
numflag organic_carbon, no unit, Revision date=20181210133000
organic_mass, ug/m3, Revision date=20181210133000
numflag organic_mass, no unit, Revision date=20181210133000
pm10_mass, ug/m3, Version=2, Version description=Data extracted from http://views.cira.colostate.edu/fed/DataWizard 2019-12-16, Sample duration=1d, Orig. time res.=3d, Matrix=pm10, Blank correction=Blank corrected, Volume std. temperature=ambient, Volume std. pressure=ambient
numflag pm10_mass, no unit, Version=2, Version description=Data extracted from http://views.cira.colostate.edu/fed/DataWizard 2019-12-16, Sample duration=1d, Orig. time res.=3d, Matrix=pm10, Blank correction=Blank corrected, Volume std. temperature=ambient, Volume std. pressure=ambient
pm10_pm25_mass, ug/m3, Revision date=20181210133000, Matrix=pm10_pm25
numflag pm10_pm25_mass, no unit, Revision date=20181210133000, Matrix=pm10_pm25
pm25_mass, ug/m3, Version=2, Version description=Data extracted from http://views.cira.colostate.edu/fed/DataWizard 2019-12-16, Sample duration=1d, Orig. time res.=3d, Blank correction=Blank corrected, Volume std. temperature=ambient, Volume std. pressure=ambient
numflag pm25_mass, no unit, Version=2, Version description=Data extracted from http://views.cira.colostate.edu/fed/DataWizard 2019-12-16, Sample duration=1d, Orig. time res.=3d, Blank correction=Blank corrected, Volume std. temperature=ambient, Volume std. pressure=ambient
potassium, ug/m3, Revision date=20181210133000
numflag potassium, no unit, Revision date=20181210133000
sulphate_total, ug S/m3, Revision date=20181210133000
numflag sulphate_total, no unit, Revision date=20181210133000
0
25
Data definition:              EBAS_1.1
Set type code:                TU
Timezone:                     UTC
File name:                    US0044R.20060102050000.20191216000000.filterpack..pm25.52w.1w.US03L_filterpack_US0044.US03L_IMPROVE_Davis.lev2.nas
File creation:                20191218115806
Startdate:                    20060102050000
Revision date:                20191216000000
Statistics:                   arithmetic mean
Data level:                   2
Period code:                  52w
Resolution code:              1w
Station code:                 US0044R
Platform code:                US0044S
Station name:                 Frostberg Reservoir (Big Piney Run)
Station latitude:             39.7058
Station longitude:            -79.0122
Station altitude:             767.0 m
Regime:                       IMG
Component:                    
Matrix:                       pm25
Laboratory code:              US03L
Instrument type:              filterpack
Instrument name:              filterpack_US0044
Method ref:                   US03L_IMPROVE_Davis
starttime endtime Fe flag_Fe Pb flag_Pb Mg++ flag_Mg++ Ni flag_Ni NO3- flag_NO3- OC flag_OC OM flag_OM PM10 flag_PM10 PM10-PM2.5 flag_PM10-PM2.5 PM2.5 flag_PM2.5 K+ flag_K+ SO4-- flag_SO4--
[from data line 78]
235.208333 236.208333   57.99 0.000000  3.09 0.000000 0.045 0.000000000 0.32 0.000000000 0.051 0.000000  1.495 0.000  2.691 0.000  21.900 0.000   4.624 0.000000  17.275 0.000 0.051 0.000000  2.377 0.000000
238.208333 239.208333   25.77 0.000000  1.34 0.000000 0.033 0.000000000 0.33 0.000000000 0.025 0.000000  1.554 0.000  2.796 0.000  23.064 0.000   2.887 0.000000  20.177 0.000 0.045 0.000000  3.112 0.000000
241.208333 242.208333   26.57 0.000000  2.06 0.000000 9.999 0.259000000 9.99 0.259000000 0.028 0.000000  0.788 0.000  1.418 0.000  19.068 0.000   1.553 0.000000  17.515 0.000 0.020 0.000000  3.294 0.000000
244.208333 245.208333    2.88 0.000000  1.06 0.000000 0.011 0.000000000 9.99 0.259000000 0.005 0.000000  0.272 0.000  0.489 0.000   4.474 0.000   0.914 0.000000   3.559 0.000 0.008 0.000000  0.492 0.000000
247.208333 248.208333   22.20 0.000000  3.95 0.000000 9.999 0.259000000 0.15 0.000000000 0.044 0.000000  1.652 0.000  2.974 0.000  16.765 0.000   2.342 0.000000  14.423 0.000 0.050 0.000000  1.993 0.000000
250.208333 251.208333   30.48 0.000000  2.00 0.000000 9.999 0.259000000 9.99 0.259000000 0.029 0.000000  1.448 0.000  2.606 0.000  35.162 0.000  14.684 0.000000  20.478 0.000 0.045 0.000000  3.418 0.000000
253.208333 254.208333   10.18 0.000000  1.58 0.000000 9.999 0.259000000 9.99 0.259000000 0.093 0.000000  0.604 0.000  1.088 0.000  23.849 0.000  17.176 0.000000   6.673 0.000 0.021 0.000000  0.976 0.000000
256.208333 257.208333   13.14 0.000000  1.23 0.000000 9.999 0.259000000 9.99 0.259000000 0.022 0.000000  0.786 0.000  1.414 0.000  14.715 0.000   2.909 0.000000  11.806 0.000 0.022 0.000000  2.281 0.000000
259.208333 260.208333    9.97 0.000000  2.12 0.000000 9.999 0.259000000 9.99 0.259000000 0.013 0.000000  0.896 0.000  1.614 0.000   9.124 0.000   3.199 0.000000   5.926 0.000 0.025 0.000000  0.833 0.000000
262.208333 263.208333   19.07 0.000000  1.87 0.000000 9.999 0.259000000 0.38 0.000000000 0.039 0.000000  0.431 0.000  0.776 0.000   9.048 0.000   4.446 0.000000   4.602 0.000 0.016 0.000000  0.740 0.000000
265.208333 266.208333   26.31 0.000000  1.05 0.000000 9.999 0.259000000 0.20 0.000000000 0.017 0.000000  0.982 0.000  1.768 0.000  10.030 0.000   2.739 0.000000   7.292 0.000 0.033 0.000000  1.070 0.000000
268.208333 269.208333   26.85 0.000000  1.85 0.000000 9.999 0.259000000 9.99 0.259000000 0.054 0.000000  0.901 0.000  1.623 0.000  12.473 0.000   4.783 0.000000   7.690 0.000 0.028 0.000000  1.065 0.000000
271.208333 272.208333   19.54 0.000000  2.47 0.000000 9.999 0.259000000 0.29 0.000000000 0.053 0.000000  0.355 0.000  0.638 0.000   5.324 0.000   1.598 0.000000   3.725 0.000 0.014 0.000000  0.542 0.000000
274.208333 275.208333   23.23 0.000000  2.35 0.000000 9.999 0.259000000 0.20 0.000000000 0.042 0.000000  1.096 0.000  1.973 0.000  12.536 0.000   4.636 0.000000   7.900 0.000 0.032 0.000000  1.010 0.000000
277.208333 278.208333   17.13 0.000000  2.57 0.000000 9.999 0.259000000 0.44 0.000000000 0.086 0.000000  0.509 0.000  0.916 0.000   8.881 0.000   4.067 0.000000   4.814 0.000 0.020 0.000000  0.653 0.000000
280.208333 281.208333    6.94 0.000000  1.18 0.000000 0.023 0.000000000 0.41 0.000000000 0.046 0.000000  0.557 0.000  1.003 0.000   7.151 0.000   2.550 0.000000   4.601 0.000 0.020 0.000000  0.622 0.000000
283.208333 284.208333   29.48 0.000000  2.12 0.000000 9.999 0.259000000 0.30 0.000000000 0.084 0.000000  1.857 0.000  3.342 0.000  18.826 0.000   3.342 0.000000  15.483 0.000 0.041 0.000000  2.234 0.000000
286.208333 287.208333   19.68 0.000000  0.82 0.000000 0.007 0.000000000 0.23 0.000000000 0.051 0.000000  0.523 0.000  0.941 0.000  11.667 0.000   8.547 0.000000   3.120 0.000 0.023 0.000000  0.265 0.000000
289.208333 290.208333   11.33 0.000000  0.45 0.000000 9.999 0.259000000 0.28 0.000000000 0.067 0.000000  0.809 0.000  1.455 0.000   6.270 0.000   1.654 0.000000   4.616 0.000 0.028 0.000000  0.462 0.000000
292.208333 293.208333   11.98 0.000000  1.03 0.000000 9.999 0.259000000 0.30 0.000000000 0.023 0.000000  0.533 0.000  0.960 0.000   5.824 0.000   1.255 0.000000   4.569 0.000 0.016 0.000000  0.651 0.000000
295.208333 296.208333   12.73 0.000000  1.06 0.000000 0.023 0.000000000 0.29 0.000000000 0.070 0.000000  0.319 0.000  0.573 0.000   6.993 0.000   1.204 0.000000   5.789 0.000 0.018 0.000000  0.984 0.000000
298.208333 299.208333   27.77 0.000000  1.83 0.000000 9.999 0.259000000 0.51 0.000000000 0.065 0.000000  0.704 0.000  1.266 0.000   7.249 0.000   2.095 0.000000   5.154 0.000 0.021 0.000000  0.679 0.000000
301.208333 302.208333   16.12 0.000000  1.04 0.000000 9.999 0.259000000 0.26 0.000000000 0.129 0.000000  0.623 0.000  1.122 0.000   8.238 0.000   5.242 0.000000   2.996 0.000 0.061 0.000000  0.183 0.000000
304.208333 305.208333   23.27 0.000000  2.26 0.000000 9.999 0.259000000 0.27 0.000000000 0.103 0.000000  1.161 0.000  2.090 0.000   9.193 0.000   1.549 0.000000   7.644 0.000 0.030 0.000000  1.177 0.000000
307.208333 308.208333   26.33 0.000000  3.38 0.000000 9.999 0.259000000 0.42 0.000000000 0.342 0.000000  1.149 0.000  2.068 0.000  11.439 0.000   4.871 0.000000   6.568 0.000 0.036 0.000000  0.759 0.000000
310.208333 311.208333   24.72 0.000000  1.93 0.000000 0.007 0.000000000 0.45 0.000000000 0.198 0.000000  2.417 0.000  4.350 0.000  12.286 0.000   2.635 0.000000   9.650 0.000 0.057 0.000000  0.816 0.000000
313.208333 314.208333   42.46 0.000000  3.07 0.000000 9.999 0.259000000 0.27 0.000000000 0.309 0.000000  2.066 0.000  3.718 0.000  19.159 0.000   5.363 0.000000  13.796 0.000 0.048 0.000000  1.805 0.000000
316.208333 317.208333    7.94 0.000000  2.49 0.000000 9.999 0.259000000 0.18 0.000000000 0.050 0.000000  0.572 0.000  1.029 0.000   5.921 0.000   0.685 0.000000   5.236 0.000 0.019 0.000000  0.835 0.000000
319.208333 320.208333   10.65 0.000000  0.90 0.000000 9.999 0.259000000 0.23 0.000000000 0.100 0.000000  1.145 0.000  2.061 0.000   6.662 0.000   1.303 0.000000   5.360 0.000 0.024 0.000000  0.551 0.000000
322.208333 323.208333   30.11 0.000000  5.05 0.000000 9.999 0.259000000 0.40 0.000000000 0.259 0.000000  1.538 0.000  2.768 0.000  10.840 0.000   1.397 0.000000   9.443 0.000 0.040 0.000000  1.337 0.000000
325.208333 326.208333   13.74 0.000000  2.09 0.000000 9.999 0.259000000 0.15 0.000000000 0.118 0.000000  1.110 0.000  1.997 0.000   4.325 0.000   1.249 0.000000   3.076 0.000 0.030 0.000000  0.277 0.000000
328.208333 329.208333   30.87 0.000000  3.98 0.000000 9.999 0.259000000 0.47 0.000000000 0.075 0.000000  2.081 0.000  3.746 0.000  10.199 0.000   2.451 0.000000   7.748 0.000 0.065 0.000000  0.563 0.000000
331.208333 332.208333   30.83 0.000000  2.34 0.000000 9.999 0.259000000 9.99 0.259000000 0.117 0.000000  2.725 0.000  4.905 0.000  13.885 0.000   2.956 0.000000  10.929 0.000 0.067 0.000000  0.921 0.000000
334.208333 335.208333   10.73 0.000000  0.62 0.000000 9.999 0.259000000 0.20 0.000000000 0.049 0.000000  0.588 0.000  1.058 0.000   7.823 0.000   3.053 0.000000   4.770 0.000 0.024 0.000000  0.686 0.000000
337.208333 338.208333   19.63 0.000000  1.50 0.000000 0.007 0.000000000 0.13 0.000000000 0.269 0.000000  0.846 0.000  1.523 0.000   9.139 0.000   3.141 0.000000   5.999 0.000 0.034 0.000000  0.694 0.000000
340.208333 341.208333   22.98 0.000000  1.37 0.000000 0.008 0.000000000 0.30 0.000000000 0.293 0.000000  1.011 0.000  1.819 0.000   8.304 0.000   2.735 0.000000   5.569 0.000 0.028 0.000000  0.555 0.000000
343.208333 344.208333   14.44 0.000000  1.19 0.000000 9.999 0.259000000 9.99 0.259000000 0.080 0.000000  0.747 0.000  1.345 0.000   6.608 0.000   3.590 0.000000   3.018 0.000 0.025 0.000000  0.226 0.000000
346.208333 347.208333 9999.99 0.999000 99.99 0.999000 9.999 0.999000000 9.99 0.999000000 9.999 0.999000 99.999 0.999 99.999 0.999 999.999 0.999 999.999 0.999000 999.999 0.999 9.999 0.999000 99.999 0.999000
349.208333 350.208333 9999.99 0.999000 99.99 0.999000 9.999 0.999000000 9.99 0.999000000 9.999 0.999000 99.999 0.999 99.999 0.999 999.999 0.999 999.999 0.999000 999.999 0.999 9.999 0.999000 99.999 0.999000
352.208333 353.208333 9999.99 0.999000 99.99 0.999000 9.999 0.999000000 9.99 0.999000000 9.999 0.999000 99.999 0.999 99.999 0.999 999.999 0.999 999.999 0.999000 999.999 0.999 9.999 0.999000 99.999 0.999000
355.208333 356.208333   20.49 0.000000  2.82 0.000000 9.999 0.259000000 0.21 0.000000000 0.301 0.000000  1.900 0.000  3.420 0.000   8.618 0.000   1.616 0.000000   7.003 0.000 0.055 0.000000  0.597 0.000000
358.208333 359.208333 9999.99 0.999000 99.99 0.999000 9.999 0.999000000 9.99 0.999000000 9.999 0.999000 99.999 0.999 99.999 0.999 999.999 0.999 999.999 0.999000 999.999 0.999 9.999 0.999000 99.999 0.999000
361.208333 362.208333 9999.99 0.999000 99.99 0.999000 9.999 0.999000000 9.99 0.999000000 9.999 0.999000 99.999 0.999 99.999 0.999 999.999 0.999 999.999 0.999000 999.999 0.999 9.999 0.999000 99.999 0.999000
364.208333 365.208333 9999.99 0.999000 99.99 0.999000 9.999 0.999000000 9.99 0.999000000 9.999 0.999000 99.999 0.999 99.999 0.999 999.999 0.999 999.999 0.999000 999.999 0.999 9.999 0.999000 99.999 0.999000
