scripts/IMPROVE-2019_partial/data/US0083R.20060102080000.20191216000000.filterpack..pm25.52w.1w.US03L_filterpack_US0083.US03L_IMPROVE_Davis.lev2.nas
66 1001
MISSING INFORMATION
US03L, IMPROVE, , , , , , , 
MISSING INFORMATION
IMPROVE sel_HTAP
1 1
2006 01 01 2019 12 16
3.000000
days from file reference point
27
1 1 1 1 1 1 1 1 1 1 1 1 1 1 1 1 1 1 1 1 1 1 1 1 1 1 1
999.999999 9999.99 9.999 99.99 9.999 9.999 9.999 9.99 9.999 99.999 9.999 99.999 9.999 999.999 9.999 99.99 9.999999 999.999 9.999 999.999 9.999 999.999 9.999 9.999 9.999 99.999 9.999
end_time of measurement, days from the file reference point
iron, ng/m3, Revision date=20181210133000
numflag iron, no unit, Revision date=20181210133000
lead, ng/m3, Revision date=20181210133000
numflag lead, no unit, Revision date=20181210133000
magnesium, ug/m3, Revision date=20181210133000
numflag magnesium, no unit, Revision date=20181210133000
nickel, ng/m3, Revision date=20181210133000
numflag nickel, no unit, Revision date=20181210133000
nitrate, ug N/m3, Revision date=20181210133000
numflag nitrate, no unit, Revision date=20181210133000
organic_carbon, ug C/m3, Revision date=20181210133000
numflag organic_carbon, no unit, Revision date=20181210133000
organic_mass, ug/m3, Revision date=20181210133000
numflag organic_mass, no unit, Revision date=20181210133000
phosphorus, ng/m3, Revision date=20181210133000
numflag phosphorus, no unit, Revision date=20181210133000
pm10_mass, ug/m3, Version=2, Version description=Data extracted from http://views.cira.colostate.edu/fed/DataWizard 2019-12-16, Sample duration=1d, Orig. time res.=3d, Matrix=pm10, Blank correction=Blank corrected, Volume std. temperature=ambient, Volume std. pressure=ambient
numflag pm10_mass, no unit, Version=2, Version description=Data extracted from http://views.cira.colostate.edu/fed/DataWizard 2019-12-16, Sample duration=1d, Orig. time res.=3d, Matrix=pm10, Blank correction=Blank corrected, Volume std. temperature=ambient, Volume std. pressure=ambient
pm10_pm25_mass, ug/m3, Revision date=20181210133000, Matrix=pm10_pm25
numflag pm10_pm25_mass, no unit, Revision date=20181210133000, Matrix=pm10_pm25
pm25_mass, ug/m3, Version=2, Version description=Data extracted from http://views.cira.colostate.edu/fed/DataWizard 2019-12-16, Sample duration=1d, Orig. time res.=3d, Blank correction=Blank corrected, Volume std. temperature=ambient, Volume std. pressure=ambient
numflag pm25_mass, no unit, Version=2, Version description=Data extracted from http://views.cira.colostate.edu/fed/DataWizard 2019-12-16, Sample duration=1d, Orig. time res.=3d, Blank correction=Blank corrected, Volume std. temperature=ambient, Volume std. pressure=ambient
potassium, ug/m3, Revision date=20181210133000
numflag potassium, no unit, Revision date=20181210133000
sulphate_total, ug S/m3, Revision date=20181210133000
numflag sulphate_total, no unit, Revision date=20181210133000
0
25
Data definition:              EBAS_1.1
Set type code:                TU
Timezone:                     UTC
File name:                    US0083R.20060102080000.20191216000000.filterpack..pm25.52w.1w.US03L_filterpack_US0083.US03L_IMPROVE_Davis.lev2.nas
File creation:                20191218120103
Startdate:                    20060102080000
Revision date:                20191216000000
Statistics:                   arithmetic mean
Data level:                   2
Period code:                  52w
Resolution code:              1w
Station code:                 US0083R
Platform code:                US0083S
Station name:                 Columbia River Gorge
Station latitude:             45.6644
Station longitude:            -121.0008
Station altitude:             178.0 m
Regime:                       IMG
Component:                    
Matrix:                       pm25
Laboratory code:              US03L
Instrument type:              filterpack
Instrument name:              filterpack_US0083
Method ref:                   US03L_IMPROVE_Davis
starttime endtime Fe flag_Fe Pb flag_Pb Mg++ flag_Mg++ Ni flag_Ni NO3- flag_NO3- OC flag_OC OM flag_OM P flag_P PM10 flag_PM10 PM10-PM2.5 flag_PM10-PM2.5 PM2.5 flag_PM2.5 K+ flag_K+ SO4-- flag_SO4--
[from data line 83]
250.333333 251.333333  186.12 0.000  0.65 0.000 0.026 0.000 0.34 0.000  0.108 0.000  0.912 0.000   1.642 0.000 99.99 0.259000  37.560 0.000  31.514 0.000   6.047 0.000 0.061 0.000  0.265 0.000
253.333333 254.333333  130.62 0.000  0.68 0.000 9.999 0.259 0.06 0.000  0.049 0.000  1.008 0.000   1.815 0.000 99.99 0.259000  15.810 0.000  11.286 0.000   4.524 0.000 0.026 0.000  0.203 0.000
256.333333 257.333333   76.77 0.000  0.12 0.000 9.999 0.259 9.99 0.259  0.049 0.000  0.244 0.000   0.438 0.000 99.99 0.259000  23.786 0.000  20.715 0.000   3.071 0.000 0.026 0.000  0.135 0.000
259.333333 260.333333   70.93 0.000  1.29 0.000 9.999 0.259 9.99 0.259  0.080 0.000  0.659 0.000   1.186 0.000 99.99 0.259000   8.662 0.000   5.089 0.000   3.573 0.000 0.022 0.000  0.173 0.000
262.333333 263.333333   33.30 0.000  0.24 0.000 0.009 0.000 0.23 0.000  0.053 0.000  0.356 0.000   0.641 0.000 99.99 0.259000  12.522 0.000  10.195 0.000   2.327 0.000 0.016 0.000  0.181 0.000
265.333333 266.333333   79.00 0.000  0.62 0.000 9.999 0.259 9.99 0.259  0.029 0.000  0.695 0.000   1.251 0.000 99.99 0.259000  12.389 0.000   9.700 0.000   2.688 0.000 0.019 0.000  0.078 0.000
268.333333 269.333333  145.22 0.000  0.54 0.000 0.010 0.000 0.07 0.000  0.033 0.000  1.629 0.000   2.932 0.000 99.99 0.259000  17.005 0.000  11.595 0.000   5.410 0.000 0.034 0.000  0.110 0.000
271.333333 272.333333  155.44 0.000  1.75 0.000 9.999 0.259 0.48 0.000  0.055 0.000  2.665 0.000   4.796 0.000 99.99 0.259000  46.268 0.000  37.821 0.000   8.448 0.000 0.044 0.000  0.259 0.000
274.333333 275.333333   37.64 0.000  1.00 0.000 0.012 0.000 0.26 0.000  0.054 0.000  0.676 0.000   1.217 0.000 99.99 0.259000   8.361 0.000   5.328 0.000   3.032 0.000 0.020 0.000  0.253 0.000
277.333333 278.333333  149.05 0.000  0.87 0.000 0.018 0.000 9.99 0.259  0.155 0.000  2.704 0.000   4.868 0.000 99.99 0.259000  30.154 0.000  21.513 0.000   8.641 0.000 0.057 0.000  0.338 0.000
280.333333 281.333333   35.08 0.000  1.76 0.000 9.999 0.259 9.99 0.259  0.049 0.000  0.902 0.000   1.624 0.000 99.99 0.259000   9.428 0.000   6.092 0.000   3.336 0.000 0.025 0.000  0.216 0.000
283.333333 284.333333 9999.99 0.999 99.99 0.999 9.999 0.999 9.99 0.999 99.999 0.999 99.999 0.999 999.999 0.999 99.99 0.999000 999.999 0.999 999.999 0.999 999.999 0.999 9.999 0.999 99.999 0.999
286.333333 287.333333  145.21 0.000  1.79 0.000 9.999 0.259 0.28 0.000  0.102 0.000  2.358 0.000   4.245 0.000 99.99 0.259000  19.424 0.000  11.160 0.000   8.264 0.000 0.056 0.000  0.306 0.000
289.333333 290.333333   28.55 0.000  1.39 0.000 0.010 0.000 0.35 0.000  0.063 0.000  0.898 0.000   1.616 0.000 99.99 0.259000   5.591 0.000   2.370 0.000   3.220 0.000 0.020 0.000  0.161 0.000
292.333333 293.333333   83.21 0.000  0.40 0.000 0.031 0.000 0.11 0.000  0.084 0.000  0.537 0.000   0.967 0.000 99.99 0.259000  20.541 0.000  16.596 0.000   3.946 0.000 0.040 0.000  0.123 0.000
295.333333 296.333333   60.62 0.000  2.29 0.000 0.011 0.000 9.99 0.259  0.113 0.000  2.757 0.000   4.963 0.000 99.99 0.259000  12.710 0.000   4.982 0.000   7.728 0.000 0.061 0.000  0.198 0.000
298.333333 299.333333   70.90 0.000  0.95 0.000 0.046 0.000 0.14 0.000  0.198 0.000  1.330 0.000   2.395 0.000 99.99 0.259000  30.885 0.000  24.691 0.000   6.193 0.000 0.052 0.000  0.251 0.000
301.333333 302.333333   85.96 0.000  1.12 0.000 0.031 0.000 9.99 0.259  0.052 0.000  0.498 0.000   0.897 0.000 99.99 0.259000  30.073 0.000  25.234 0.000   4.839 0.000 0.052 0.000  0.316 0.000
304.333333 305.333333  101.24 0.000  1.25 0.000 0.014 0.000 9.99 0.259  0.384 0.000  2.568 0.000   4.622 0.000 99.99 0.259000  25.462 0.000  17.407 0.000   8.055 0.000 0.093 0.000  0.184 0.000
307.333333 308.333333   83.16 0.000  3.92 0.000 9.999 0.259 9.99 0.259  0.838 0.000  8.540 0.000  15.373 0.000 99.99 0.259000  22.988 0.000   1.637 0.000  21.351 0.000 0.257 0.000  0.397 0.000
310.333333 311.333333    8.69 0.000  0.36 0.000 9.999 0.259 9.99 0.259  0.019 0.000  0.813 0.000   1.463 0.000 99.99 0.259000   2.921 0.000   1.087 0.000   1.834 0.000 0.019 0.000  0.025 0.000
313.333333 314.333333   42.64 0.000  0.60 0.000 9.999 0.259 9.99 0.259  0.055 0.000  2.360 0.000   4.248 0.000 99.99 0.259000  15.539 0.000  10.551 0.000   4.988 0.000 0.039 0.000  0.045 0.000
316.333333 317.333333    7.50 0.000  0.32 0.000 0.026 0.000 9.99 0.259  0.016 0.000  0.364 0.000   0.654 0.000 99.99 0.259000   2.519 0.000   0.621 0.000   1.899 0.000 0.014 0.000  0.066 0.000
319.333333 320.333333   23.60 0.000  0.45 0.000 0.031 0.000 9.99 0.259  0.063 0.000  0.795 0.000   1.430 0.000 99.99 0.259000  11.355 0.000   8.206 0.000   3.150 0.000 0.024 0.000  0.080 0.000
322.333333 323.333333   34.56 0.000  2.53 0.000 9.999 0.259 0.14 0.000  1.436 0.000  3.500 0.000   6.300 0.000 99.99 0.259000  17.055 0.000   1.685 0.000  15.370 0.000 0.074 0.000  0.501 0.000
325.333333 326.333333   29.06 0.000  0.28 0.000 9.999 0.259 9.99 0.259  0.055 0.000  0.919 0.000   1.655 0.000 99.99 0.259000   6.539 0.000   4.461 0.000   2.077 0.000 0.012 0.000  0.038 0.000
328.333333 329.333333   39.73 0.000  0.62 0.000 0.013 0.000 9.99 0.259  0.050 0.000  0.589 0.000   1.060 0.000 99.99 0.259000   4.851 0.000   2.124 0.000   2.727 0.000 0.025 0.000  0.117 0.000
331.333333 332.333333   41.20 0.000  0.27 0.000 9.999 0.259 9.99 0.259  0.209 0.000  1.602 0.000   2.883 0.000 99.99 0.259000  11.423 0.000   6.373 0.000   5.049 0.000 0.058 0.000  0.227 0.000
334.333333 335.333333   24.69 0.000  0.75 0.000 9.999 0.259 0.18 0.000  0.207 0.000  0.773 0.000   1.392 0.000 99.99 0.259000   9.863 0.000   7.066 0.000   2.797 0.000 0.022 0.000  0.144 0.000
337.333333 338.333333   35.67 0.000  2.09 0.000 9.999 0.259 9.99 0.259  0.594 0.000  2.036 0.000   3.664 0.000 99.99 0.259000  12.859 0.000   2.771 0.000  10.088 0.000 0.040 0.000  0.941 0.000
340.333333 341.333333   51.13 0.000  2.25 0.000 9.999 0.259 0.16 0.000  0.958 0.000  2.536 0.000   4.565 0.000 99.99 0.259000  34.278 0.000  20.401 0.000  13.877 0.000 0.051 0.000  1.180 0.000
343.333333 344.333333   19.55 0.000  1.35 0.000 0.009 0.000 9.99 0.259  0.611 0.000  1.529 0.000   2.752 0.000 99.99 0.259000   8.804 0.000   1.008 0.000   7.796 0.000 0.025 0.000  0.979 0.000
346.333333 347.333333   18.54 0.000  0.46 0.000 0.190 0.000 9.99 0.259  0.073 0.000  0.613 0.000   1.103 0.000 99.99 0.259000  19.034 0.000  13.782 0.000   5.252 0.000 0.044 0.000  0.128 0.000
349.333333 350.333333   25.90 0.000  0.67 0.000 9.999 0.259 9.99 0.259  0.079 0.000  0.905 0.000   1.630 0.000  1.48 0.000000   3.941 0.000   1.704 0.000   2.236 0.000 0.014 0.000  0.040 0.000
352.333333 353.333333   15.97 0.000  0.72 0.000 9.999 0.259 9.99 0.259  0.561 0.000  1.352 0.000   2.433 0.000 99.99 0.259000  10.153 0.000   1.670 0.000   8.483 0.000 0.020 0.000  1.115 0.000
355.333333 356.333333   32.84 0.000  0.77 0.000 9.999 0.259 9.99 0.259  0.432 0.000  1.139 0.000   2.050 0.000 99.99 0.259000  24.432 0.000  19.787 0.000   4.645 0.000 0.027 0.000  0.259 0.000
358.333333 359.333333    4.58 0.000  1.02 0.000 9.999 0.259 9.99 0.259  0.268 0.000  1.494 0.000   2.689 0.000 99.99 0.259000   3.239 0.000   0.560 0.000   2.679 0.000 0.027 0.000  0.095 0.000
361.333333 362.333333   35.64 0.000  0.30 0.000 9.999 0.259 0.15 0.000  0.112 0.000  0.803 0.000   1.446 0.000 99.99 0.259000  12.337 0.000   8.960 0.000   3.377 0.000 0.028 0.000  0.115 0.000
364.333333 365.333333   12.47 0.000  1.22 0.000 9.999 0.259 0.09 0.000  0.440 0.000  1.463 0.000   2.634 0.000 99.99 0.259000   6.452 0.000   0.985 0.000   5.467 0.000 0.024 0.000  0.565 0.000
