scripts/IMPROVE-2019_partial/data/US0093R.20120101070000.20191216000000.filterpack...52w.3d.US03L_filterpack_US0093.US03L_IMPROVE_Davis.lev2.nas
51 1001
MISSING INFORMATION
US03L, IMPROVE, , , , , , , 
MISSING INFORMATION
IMPROVE sel_HTAP
1 1
2012 01 01 2019 12 16
3.000000
days from file reference point
4
1 1 1 1
999.999999 9999.999 999.999 9.999
end_time of measurement, days from the file reference point
pm10_mass, ug/m3, Matrix=pm10
pm25_mass, ug/m3, Matrix=pm25
numflag, no unit
0
33
Data definition:              EBAS_1.1
Set type code:                TU
Timezone:                     UTC
File name:                    US0093R.20120101070000.20191216000000.filterpack...52w.3d.US03L_filterpack_US0093.US03L_IMPROVE_Davis.lev2.nas
File creation:                20191218120141
Startdate:                    20120101070000
Revision date:                20191216000000
Version:                      2
Version description:          "Data extracted from http://views.cira.colostate.edu/fed/DataWizard 2019-12-16"
Statistics:                   arithmetic mean
Data level:                   2
Period code:                  52w
Resolution code:              3d
Sample duration:              1d
Orig. time res.:              3d
Station code:                 US0093R
Platform code:                US0093S
Station name:                 Phoenix Colocated Sampler
Station latitude:             33.5038
Station longitude:            -112.0958
Station altitude:             342.0 m
Regime:                       IMG
Component:                    
Unit:                         ug/m3
Matrix:                       
Laboratory code:              US03L
Instrument type:              filterpack
Instrument name:              filterpack_US0093
Method ref:                   US03L_IMPROVE_Davis
Blank correction:             Blank corrected
Volume std. temperature:      ambient
Volume std. pressure:         ambient
starttime endtime PM10 PM2.5 flag
  0.291667   1.291667   56.996  48.800 0.000
  3.291667   4.291667   31.360  11.433 0.000
  6.291667   7.291667   25.833  10.854 0.000
  9.291667  10.291667   27.021  10.178 0.000
 12.291667  13.291667   27.098  10.989 0.000
 15.291667  16.291667   12.823   4.543 0.000
 18.291667  19.291667   26.908  11.551 0.000
 21.291667  22.291667   47.860  19.806 0.000
 24.291667  25.291667   33.247   6.751 0.000
 27.291667  28.291667   26.470   5.684 0.000
 30.291667  31.291667   36.711   8.580 0.000
 33.291667  34.291667   25.395   6.257 0.000
 36.291667  37.291667   40.490  12.788 0.000
 39.291667  40.291667   36.617  10.176 0.000
 42.291667  43.291667   25.759   4.971 0.000
 45.291667  46.291667   19.579   4.726 0.000
 48.291667  49.291667   19.722   7.378 0.000
 51.291667  52.291667   40.967  10.561 0.000
 54.291667  55.291667   41.344   9.864 0.000
 57.291667  58.291667   62.976   8.866 0.000
 60.291667  61.291667   28.220   6.966 0.000
 63.291667  64.291667   29.482  10.926 0.000
 66.291667  67.291667   44.887  11.043 0.000
 69.291667  70.291667   22.512   6.503 0.000
 72.291667  73.291667   31.205   8.077 0.000
 75.291667  76.291667   31.684   9.390 0.000
 78.291667  79.291667   14.248   5.508 0.000
 81.291667  82.291667   16.842   7.234 0.000
 84.291667  85.291667   22.678   7.005 0.000
 87.291667  88.291667   36.596  14.244 0.000
 90.291667  91.291667   25.305   7.301 0.000
 93.291667  94.291667   22.382   5.072 0.000
 96.291667  97.291667   28.074  11.128 0.000
 99.291667 100.291667   30.367  10.734 0.000
102.291667 103.291667   17.715   5.554 0.000
105.291667 106.291667   19.672   5.649 0.000
108.291667 109.291667   27.923   9.324 0.000
111.291667 112.291667   26.293   9.334 0.000
114.291667 115.291667   18.862   5.016 0.000
117.291667 118.291667   28.142   7.096 0.000
120.291667 121.291667   27.425   8.725 0.000
123.291667 124.291667   21.436   7.799 0.000
126.291667 127.291667   22.511   8.849 0.000
129.291667 130.291667   38.385   8.992 0.000
132.291667 133.291667   27.259   8.608 0.000
135.291667 136.291667   38.811  13.114 0.000
138.291667 139.291667   21.314   9.316 0.000
141.291667 142.291667   30.590  11.473 0.000
144.291667 145.291667   53.307  17.856 0.000
147.291667 148.291667   20.750   5.588 0.000
150.291667 151.291667   27.253   8.517 0.000
153.291667 154.291667   37.289  11.725 0.000
156.291667 157.291667   19.338   5.758 0.000
159.291667 160.291667   19.751   7.203 0.000
162.291667 163.291667   20.759   5.785 0.000
165.291667 166.291667   23.641   7.422 0.000
168.291667 169.291667   29.116   9.701 0.000
171.291667 172.291667  109.905  30.026 0.000
174.291667 175.291667   33.937  11.762 0.000
177.291667 178.291667   56.201  12.587 0.000
180.291667 181.291667   40.057   9.202 0.000
183.291667 184.291667   39.917   8.384 0.000
186.291667 187.291667   21.032   9.129 0.000
189.291667 190.291667   16.214   4.819 0.000
192.291667 193.291667   42.914   7.996 0.000
195.291667 196.291667   14.420   4.979 0.000
198.291667 199.291667   18.481   5.716 0.000
201.291667 202.291667   25.212   6.730 0.000
204.291667 205.291667   21.592   5.233 0.000
207.291667 208.291667   17.615   5.025 0.000
210.291667 211.291667   19.044   6.087 0.000
213.291667 214.291667   15.188   5.628 0.000
216.291667 217.291667   19.464   6.928 0.000
219.291667 220.291667   26.600   7.489 0.000
222.291667 223.291667   30.998   8.313 0.000
225.291667 226.291667   41.489  11.985 0.000
228.291667 229.291667   21.990   5.906 0.000
231.291667 232.291667   19.441   5.033 0.000
234.291667 235.291667   13.034   6.316 0.000
237.291667 238.291667   12.726   4.295 0.000
240.291667 241.291667   22.156   7.094 0.000
243.291667 244.291667   38.108  10.257 0.000
246.291667 247.291667   29.957   8.179 0.000
249.291667 250.291667   30.883   6.778 0.000
252.291667 253.291667   34.293   7.989 0.000
255.291667 256.291667   10.739   4.707 0.000
258.291667 259.291667   19.187   7.890 0.000
261.291667 262.291667   20.218   6.960 0.000
264.291667 265.291667   28.108   8.372 0.000
267.291667 268.291667   24.396   8.589 0.000
270.291667 271.291667   27.669   9.268 0.000
273.291667 274.291667   19.757   7.215 0.000
276.291667 277.291667   28.998   9.064 0.000
279.291667 280.291667   28.361   8.733 0.000
282.291667 283.291667   27.660   8.307 0.000
285.291667 286.291667   18.871   3.269 0.000
288.291667 289.291667   24.164   7.597 0.000
291.291667 292.291667   32.356   8.598 0.000
294.291667 295.291667   21.477   5.065 0.000
297.291667 298.291667   37.015   7.670 0.000
300.291667 301.291667   31.241   9.079 0.000
303.291667 304.291667   41.076  11.151 0.000
306.291667 307.291667   40.087  11.443 0.000
309.291667 310.291667   35.456  10.181 0.000
312.291667 313.291667   31.562   8.091 0.000
315.291667 316.291667   22.064  11.378 0.000
318.291667 319.291667   32.132  11.134 0.000
321.291667 322.291667   47.407  17.374 0.000
324.291667 325.291667   31.886   9.046 0.000
327.291667 328.291667   37.640  15.894 0.000
330.291667 331.291667   43.766  13.177 0.000
333.291667 334.291667   37.249  11.270 0.000
336.291667 337.291667   30.859  13.480 0.000
339.291667 340.291667   32.523  11.541 0.000
342.291667 343.291667   38.671  20.546 0.000
345.291667 346.291667   36.028  11.232 0.000
348.291667 349.291667    6.396   2.542 0.000
351.291667 352.291667   25.740  18.017 0.000
354.291667 355.291667    9.414   4.315 0.000
357.291667 358.291667   39.376  26.981 0.000
360.291667 361.291667   25.364  14.945 0.000
363.291667 364.291667   27.044  14.799 0.000
