scripts/IMPROVE-2019_partial/data/US0098R.20020102080000.20191216000000.filterpack..pm25.52w.1w.US03L_filterpack_US0098.US03L_IMPROVE_Davis.lev2.nas
66 1001
MISSING INFORMATION
US03L, IMPROVE, , , , , , , 
MISSING INFORMATION
IMPROVE sel_HTAP
1 1
2002 01 01 2019 12 16
3.000000
days from file reference point
27
1 1 1 1 1 1 1 1 1 1 1 1 1 1 1 1 1 1 1 1 1 1 1 1 1 1 1
999.999999 9999.99 9.999 99.99 9.999999 9.999 9.999999 99.99 9.999 99.999 9.999 99.999 9.999 99.999 9.999 999.99 9.999999 999.999 9.999 999.999 9.999 999.999 9.999 9.999 9.999 99.999 9.999
end_time of measurement, days from the file reference point
iron, ng/m3, Revision date=20181210133000
numflag iron, no unit, Revision date=20181210133000
lead, ng/m3, Revision date=20181210133000
numflag lead, no unit, Revision date=20181210133000
magnesium, ug/m3, Revision date=20181210133000
numflag magnesium, no unit, Revision date=20181210133000
nickel, ng/m3, Revision date=20181210133000
numflag nickel, no unit, Revision date=20181210133000
nitrate, ug N/m3, Revision date=20181210133000
numflag nitrate, no unit, Revision date=20181210133000
organic_carbon, ug C/m3, Revision date=20181210133000
numflag organic_carbon, no unit, Revision date=20181210133000
organic_mass, ug/m3, Revision date=20181210133000
numflag organic_mass, no unit, Revision date=20181210133000
phosphorus, ng/m3, Revision date=20181210133000
numflag phosphorus, no unit, Revision date=20181210133000
pm10_mass, ug/m3, Version=2, Version description=Data extracted from http://views.cira.colostate.edu/fed/DataWizard 2019-12-16, Sample duration=1d, Orig. time res.=3d, Matrix=pm10, Blank correction=Blank corrected, Volume std. temperature=ambient, Volume std. pressure=ambient
numflag pm10_mass, no unit, Version=2, Version description=Data extracted from http://views.cira.colostate.edu/fed/DataWizard 2019-12-16, Sample duration=1d, Orig. time res.=3d, Matrix=pm10, Blank correction=Blank corrected, Volume std. temperature=ambient, Volume std. pressure=ambient
pm10_pm25_mass, ug/m3, Revision date=20181210133000, Matrix=pm10_pm25
numflag pm10_pm25_mass, no unit, Revision date=20181210133000, Matrix=pm10_pm25
pm25_mass, ug/m3, Version=2, Version description=Data extracted from http://views.cira.colostate.edu/fed/DataWizard 2019-12-16, Sample duration=1d, Orig. time res.=3d, Blank correction=Blank corrected, Volume std. temperature=ambient, Volume std. pressure=ambient
numflag pm25_mass, no unit, Version=2, Version description=Data extracted from http://views.cira.colostate.edu/fed/DataWizard 2019-12-16, Sample duration=1d, Orig. time res.=3d, Blank correction=Blank corrected, Volume std. temperature=ambient, Volume std. pressure=ambient
potassium, ug/m3, Revision date=20181210133000
numflag potassium, no unit, Revision date=20181210133000
sulphate_total, ug S/m3, Revision date=20181210133000
numflag sulphate_total, no unit, Revision date=20181210133000
0
25
Data definition:              EBAS_1.1
Set type code:                TU
Timezone:                     UTC
File name:                    US0098R.20020102080000.20191216000000.filterpack..pm25.52w.1w.US03L_filterpack_US0098.US03L_IMPROVE_Davis.lev2.nas
File creation:                20191218120207
Startdate:                    20020102080000
Revision date:                20191216000000
Statistics:                   arithmetic mean
Data level:                   2
Period code:                  52w
Resolution code:              1w
Station code:                 US0098R
Platform code:                US0098S
Station name:                 Point Reyes National Seashore
Station latitude:             38.1224
Station longitude:            -122.9085
Station altitude:             97.0 m
Regime:                       IMG
Component:                    
Matrix:                       pm25
Laboratory code:              US03L
Instrument type:              filterpack
Instrument name:              filterpack_US0098
Method ref:                   US03L_IMPROVE_Davis
starttime endtime Fe flag_Fe Pb flag_Pb Mg++ flag_Mg++ Ni flag_Ni NO3- flag_NO3- OC flag_OC OM flag_OM P flag_P PM10 flag_PM10 PM10-PM2.5 flag_PM10-PM2.5 PM2.5 flag_PM2.5 K+ flag_K+ SO4-- flag_SO4--
  1.333333   2.333333    1.81 0.000  0.30 0.000000 9.999 0.259000 99.99 0.259  0.020 0.559  0.056 0.000  0.078 0.000 999.99 0.259000 999.999 0.456 999.999 0.999   3.110 0.000 0.019 0.000  0.084 0.559
  4.333333   5.333333 9999.99 0.999 99.99 0.999000 9.999 0.999000 99.99 0.999 99.999 0.999 99.999 0.999 99.999 0.999 999.99 0.999000 999.999 0.456 999.999 0.999 999.999 0.999 9.999 0.999 99.999 0.999
  7.333333   8.333333 9999.99 0.999 99.99 0.999000 9.999 0.999000 99.99 0.999 99.999 0.999 99.999 0.999 99.999 0.999 999.99 0.999000 999.999 0.999 999.999 0.999 999.999 0.999 9.999 0.999 99.999 0.999
 10.333333  11.333333 9999.99 0.999 99.99 0.999000 9.999 0.999000 99.99 0.999 99.999 0.999 99.999 0.999 99.999 0.999 999.99 0.999000 999.999 0.999 999.999 0.999 999.999 0.999 9.999 0.999 99.999 0.999
 13.333333  14.333333 9999.99 0.999 99.99 0.999000 9.999 0.999000 99.99 0.999 99.999 0.999 99.999 0.999 99.999 0.999 999.99 0.999000 999.999 0.999 999.999 0.999 999.999 0.999 9.999 0.999 99.999 0.999
 16.333333  17.333333 9999.99 0.999 99.99 0.999000 9.999 0.999000 99.99 0.999 99.999 0.999 99.999 0.999 99.999 0.999 999.99 0.999000 999.999 0.999 999.999 0.999 999.999 0.999 9.999 0.999 99.999 0.999
 19.333333  20.333333 9999.99 0.999 99.99 0.999000 9.999 0.999000 99.99 0.999 99.999 0.999 99.999 0.999 99.999 0.999 999.99 0.999000 999.999 0.999 999.999 0.999 999.999 0.999 9.999 0.999 99.999 0.999
 22.333333  23.333333 9999.99 0.999 99.99 0.999000 9.999 0.999000 99.99 0.999 99.999 0.999 99.999 0.999 99.999 0.999 999.99 0.999000 999.999 0.999 999.999 0.999 999.999 0.999 9.999 0.999 99.999 0.999
 25.333333  26.333333 9999.99 0.999 99.99 0.999000 9.999 0.999000 99.99 0.999 99.999 0.999 99.999 0.999 99.999 0.999 999.99 0.999000 999.999 0.999 999.999 0.999 999.999 0.999 9.999 0.999 99.999 0.999
 28.333333  29.333333 9999.99 0.999 99.99 0.999000 9.999 0.999000 99.99 0.999 99.999 0.999 99.999 0.999 99.999 0.999 999.99 0.999000 999.999 0.999 999.999 0.999 999.999 0.999 9.999 0.999 99.999 0.999
 31.333333  32.333333 9999.99 0.999 99.99 0.999000 9.999 0.999000 99.99 0.999 99.999 0.999 99.999 0.999 99.999 0.999 999.99 0.999000 999.999 0.999 999.999 0.999 999.999 0.999 9.999 0.999 99.999 0.999
 34.333333  35.333333    3.09 0.000  0.77 0.000000 9.999 0.259000  0.09 0.000  0.103 0.559  0.678 0.000  0.949 0.000 999.99 0.259000   5.987 0.000   3.572 0.000   2.414 0.000 0.020 0.000  0.084 0.559
 37.333333  38.333333    1.43 0.000 99.99 0.259000 9.999 0.259000  0.16 0.000  0.040 0.559  0.132 0.000  0.185 0.000 999.99 0.259000   7.081 0.000   5.293 0.000   1.788 0.000 0.016 0.000  0.099 0.559
 40.333333  41.333333   37.40 0.000  1.29 0.000000 9.999 0.259000  0.11 0.000  0.998 0.559  1.946 0.000  2.725 0.000 999.99 0.259000  17.430 0.000   8.242 0.000   9.188 0.000 0.044 0.000  0.192 0.559
 43.333333  44.333333   19.70 0.000  0.79 0.000000 0.062 0.000000  1.11 0.000  0.501 0.000  0.802 0.000  1.123 0.000 999.99 0.259000  19.555 0.000   9.744 0.000   9.811 0.000 0.062 0.000  0.721 0.000
 46.333333  47.333333    6.42 0.000  0.46 0.000000 9.999 0.259000  0.21 0.000  0.063 0.559  0.341 0.000  0.478 0.000 999.99 0.259000   6.497 0.000   3.879 0.000   2.619 0.000 0.021 0.000  0.197 0.559
 49.333333  50.333333    2.98 0.000 99.99 0.259000 0.082 0.000000 99.99 0.259  0.023 0.000  0.706 0.000  0.989 0.000 999.99 0.259000   5.531 0.000   2.511 0.000   3.020 0.000 0.030 0.000  0.094 0.000
 52.333333  53.333333   18.96 0.000  1.14 0.000000 9.999 0.259000  0.30 0.000  1.126 0.000  1.105 0.000  1.548 0.000 999.99 0.259000  10.639 0.000   1.966 0.000   8.673 0.000 0.029 0.000  0.380 0.000
 55.333333  56.333333    5.82 0.000  0.53 0.000000 9.999 0.259000 99.99 0.259  0.071 0.559  0.774 0.000  1.084 0.000   8.09 0.000000   5.345 0.000   2.255 0.000   3.090 0.000 0.028 0.000  0.096 0.559
 58.333333  59.333333   21.01 0.000  0.77 0.000000 0.112 0.000000  0.20 0.000  0.131 0.559  0.990 0.000  1.385 0.000 999.99 0.259000  25.956 0.000  15.795 0.000  10.161 0.000 0.076 0.000  0.302 0.559
 61.333333  62.333333  103.69 0.000  1.79 0.000000 9.999 0.259000  0.63 0.000  0.291 0.559  1.452 0.000  2.033 0.000 999.99 0.259000  22.441 0.000  15.191 0.000   7.250 0.000 0.083 0.000  0.308 0.559
 64.333333  65.333333 9999.99 0.999 99.99 0.999000 9.999 0.999000 99.99 0.999 99.999 0.999 99.999 0.999 99.999 0.999 999.99 0.999000 999.999 0.999 999.999 0.999 999.999 0.999 9.999 0.999 99.999 0.999
 67.333333  68.333333   13.19 0.000  0.69 0.000000 9.999 0.259000  0.41 0.000  0.089 0.000  0.930 0.000  1.302 0.000 999.99 0.259000   6.188 0.000   3.062 0.000   3.127 0.000 0.022 0.000  0.173 0.000
 70.333333  71.333333   14.26 0.000  0.39 0.000000 0.106 0.000000  0.39 0.000  0.065 0.000  0.113 0.000  0.159 0.000 999.99 0.259000  16.904 0.000  10.597 0.000   6.307 0.000 0.051 0.000  0.311 0.000
 73.333333  74.333333   18.65 0.000  0.47 0.000000 9.999 0.259000  0.14 0.000  0.038 0.000  0.219 0.000  0.306 0.000 999.99 0.259000  12.617 0.000   9.084 0.000   3.533 0.000 0.036 0.000  0.193 0.000
 76.333333  77.333333    6.71 0.000  0.20 0.000000 9.999 0.259000 99.99 0.259  0.043 0.000  0.344 0.000  0.482 0.000 999.99 0.259000  12.058 0.000   8.111 0.000   3.946 0.000 0.034 0.000  0.172 0.000
 79.333333  80.333333   22.78 0.000  1.09 0.000000 9.999 0.259000  1.23 0.000  0.284 0.559  1.531 0.000  2.144 0.000 999.99 0.259000  13.545 0.000   6.258 0.000   7.287 0.000 0.049 0.000  0.617 0.559
 82.333333  83.333333    5.79 0.000  0.13 0.000000 9.999 0.259000  0.23 0.000  0.036 0.559  0.051 0.000  0.072 0.000 999.99 0.259000   9.134 0.000   6.708 0.000   2.426 0.000 0.022 0.000  0.115 0.559
 85.333333  86.333333   43.09 0.000  0.73 0.000000 0.062 0.000000  0.16 0.000  0.081 0.000  0.521 0.000  0.729 0.000 999.99 0.259000  20.146 0.000  12.610 0.000   7.536 0.000 0.067 0.000  0.257 0.000
 88.333333  89.333333   32.39 0.000  0.80 0.000000 9.999 0.259000  0.67 0.000  0.154 0.559  0.398 0.000  0.557 0.000 999.99 0.259000   9.695 0.000   4.151 0.000   5.544 0.000 0.047 0.000  0.522 0.559
 91.333333  92.333333   68.33 0.000  1.44 0.000000 9.999 0.259000  0.78 0.000  0.335 0.559  0.637 0.000  0.892 0.000 999.99 0.259000  19.037 0.000   8.332 0.000  10.705 0.000 0.086 0.000  1.069 0.559
 94.333333  95.333333   22.00 0.000  0.49 0.000000 9.999 0.259000  0.44 0.000  0.105 0.559  0.700 0.000  0.981 0.000 999.99 0.259000   6.705 0.000   3.099 0.000   3.606 0.000 0.030 0.000  0.335 0.559
 97.333333  98.333333    4.85 0.000  0.09 0.000000 9.999 0.259000  0.55 0.000  0.101 0.559  0.213 0.000  0.298 0.000 999.99 0.259000  10.331 0.000   5.774 0.000   4.557 0.000 0.032 0.000  0.382 0.559
100.333333 101.333333    9.94 0.000  0.22 0.000000 0.034 0.000000  0.45 0.000  0.046 0.559  0.027 0.000  0.037 0.000 999.99 0.259000  10.913 0.000   9.207 0.000   1.706 0.000 0.015 0.000  0.223 0.559
103.333333 104.333333    8.51 0.000  0.20 0.000000 9.999 0.259000  0.29 0.000  0.036 0.000  0.207 0.000  0.290 0.000 999.99 0.259000  15.052 0.000   9.557 0.000   5.495 0.000 0.054 0.000  0.239 0.000
106.333333 107.333333    4.05 0.000 99.99 0.259000 9.999 0.259000  0.13 0.000  0.022 0.000  0.085 0.000  0.118 0.000 999.99 0.259000  12.720 0.000  10.445 0.000   2.275 0.000 0.018 0.000  0.107 0.000
109.333333 110.333333  153.45 0.000  1.02 0.000000 9.999 0.259000  0.29 0.000  0.156 0.000  0.490 0.000  0.687 0.000 999.99 0.259000  31.284 0.000  18.471 0.000  12.813 0.000 0.133 0.000  0.647 0.000
112.333333 113.333333   59.00 0.000  1.15 0.000000 9.999 0.259000  0.65 0.000  0.199 0.000  1.859 0.000  2.603 0.000 999.99 0.259000  13.378 0.000   4.485 0.000   8.893 0.000 0.076 0.000  0.861 0.000
115.333333 116.333333   46.36 0.000  1.14 0.000000 9.999 0.259000  0.30 0.000  0.112 0.559  0.470 0.000  0.659 0.000 999.99 0.259000  26.158 0.000  14.626 0.000  11.532 0.000 0.090 0.000  0.629 0.559
118.333333 119.333333   21.08 0.000  0.81 0.000000 9.999 0.259000  0.38 0.000  0.141 0.000  0.649 0.000  0.909 0.000 999.99 0.259000  11.050 0.000   5.263 0.000   5.787 0.000 0.043 0.000  0.459 0.000
121.333333 122.333333   26.59 0.000  0.61 0.000000 9.999 0.259000  0.39 0.000  0.120 0.559  0.525 0.000  0.734 0.000 999.99 0.259000  14.439 0.000   8.835 0.000   5.604 0.000 0.045 0.000  0.574 0.559
124.333333 125.333333   25.91 0.000  0.68 0.000000 9.999 0.259000  0.60 0.000  0.122 0.559  0.642 0.000  0.899 0.000 999.99 0.259000  14.399 0.000   4.913 0.000   9.487 0.000 0.080 0.000  0.487 0.559
127.333333 128.333333   17.90 0.000  0.35 0.000000 0.074 0.000000  0.81 0.000  0.198 0.000  0.374 0.000  0.524 0.000 999.99 0.259000  34.447 0.659 999.999 0.999  11.358 0.000 0.078 0.000  0.486 0.000
130.333333 131.333333   17.78 0.000  0.86 0.000000 9.999 0.259000  0.67 0.000  0.189 0.000  0.492 0.000  0.689 0.000 999.99 0.259000  22.793 0.659 999.999 0.999   9.675 0.000 0.066 0.000  0.556 0.000
133.333333 134.333333   11.37 0.000  0.56 0.000000 9.999 0.259000  0.34 0.000  0.093 0.000  0.283 0.000  0.397 0.000 999.99 0.259000  25.131 0.659 999.999 0.999   9.608 0.000 0.072 0.000  0.403 0.000
136.333333 137.333333    9.50 0.000  0.48 0.000000 9.999 0.259000  0.38 0.000  0.097 0.000  0.267 0.000  0.374 0.000  22.40 0.000000  23.790 0.659 999.999 0.999   8.720 0.000 0.064 0.000  0.407 0.000
139.333333 140.333333    2.81 0.559  0.21 0.559000 9.999 0.559259  0.43 0.559  0.045 0.000  0.716 0.000  1.002 0.000 999.99 0.559259  12.828 0.659 999.999 0.999   5.431 0.559 0.039 0.559  0.162 0.000
142.333333 143.333333   12.24 0.000  0.29 0.000000 9.999 0.259000  0.33 0.000  0.142 0.000  0.491 0.000  0.688 0.000 999.99 0.259000  15.565 0.659 999.999 0.999   5.984 0.000 0.048 0.000  0.267 0.000
145.333333 146.333333    2.88 0.000  0.19 0.000000 9.999 0.259000  0.38 0.000  0.030 0.000  0.247 0.000  0.346 0.000 999.99 0.259000   4.447 0.659 999.999 0.999   2.220 0.000 0.012 0.000  0.253 0.000
148.333333 149.333333    2.63 0.000 99.99 0.259000 9.999 0.259000  0.35 0.000  0.020 0.000  0.202 0.000  0.282 0.000 999.99 0.259000   6.288 0.000   3.889 0.000   2.399 0.000 0.020 0.000  0.186 0.000
151.333333 152.333333    6.43 0.559  0.08 0.559000 0.171 0.559000  0.32 0.559  0.120 0.000  0.204 0.000  0.285 0.000 999.99 0.559259  31.706 0.000  15.721 0.000  15.985 0.559 0.106 0.559  0.623 0.000
154.333333 155.333333    4.79 0.000  0.32 0.000000 9.999 0.259000  0.42 0.000  0.125 0.000  0.093 0.000  0.130 0.000 999.99 0.259000  24.369 0.000  14.133 0.000  10.237 0.000 0.066 0.000  0.402 0.000
157.333333 158.333333    7.52 0.559  0.42 0.559000 0.096 0.559000  0.19 0.559  0.090 0.000  0.192 0.000  0.269 0.000 999.99 0.559259  47.500 0.659 999.999 0.999  21.202 0.559 0.122 0.559  0.610 0.000
160.333333 161.333333   21.38 0.559  0.34 0.559000 9.999 0.559259  0.63 0.559  0.215 0.000  0.408 0.000  0.571 0.000 999.99 0.559259  33.056 0.659 999.999 0.999  15.185 0.559 0.099 0.559  0.563 0.000
163.333333 164.333333    9.55 0.000  0.33 0.000000 9.999 0.259000  0.30 0.000  0.056 0.000  0.044 0.000  0.061 0.000 999.99 0.259000   6.424 0.000   3.840 0.000   2.584 0.000 0.008 0.000  0.278 0.000
166.333333 167.333333    8.16 0.559  0.38 0.559000 9.999 0.559259  0.42 0.559  0.116 0.000  0.170 0.000  0.238 0.000 999.99 0.559259  18.194 0.000  11.054 0.000   7.140 0.559 0.037 0.559  0.531 0.000
169.333333 170.333333    4.59 0.559  0.16 0.559000 0.078 0.559000  0.27 0.559  0.096 0.000  0.164 0.000  0.229 0.000 999.99 0.559259  31.636 0.000  18.058 0.000  13.578 0.559 0.078 0.559  0.505 0.000
172.333333 173.333333    4.43 0.000  0.30 0.000000 0.030 0.000000  0.36 0.000  0.068 0.000  0.379 0.000  0.530 0.000 999.99 0.259000   8.944 0.000   4.551 0.000   4.393 0.000 0.026 0.000  0.347 0.000
175.333333 176.333333    2.17 0.559  0.34 0.559000 0.058 0.559000  1.64 0.559  0.094 0.000  0.216 0.000  0.302 0.000 999.99 0.559259   6.700 0.000   1.725 0.000   4.975 0.559 0.010 0.559  0.812 0.000
178.333333 179.333333    1.20 0.000  0.16 0.000000 0.014 0.000000  0.24 0.000  0.072 0.000 99.999 0.259 99.999 0.259 999.99 0.259000   8.848 0.000   5.198 0.000   3.650 0.000 0.014 0.000  0.323 0.000
181.333333 182.333333   22.16 0.559  0.18 0.559000 9.999 0.559259  0.50 0.559  0.241 0.000  0.324 0.000  0.454 0.000  40.25 0.559000  23.323 0.000  12.265 0.000  11.058 0.559 0.065 0.559  0.599 0.000
184.333333 185.333333    2.68 0.000  0.17 0.000000 9.999 0.259000 99.99 0.259  0.036 0.000  0.103 0.000  0.145 0.000 999.99 0.259000  25.498 0.000  15.541 0.000   9.957 0.000 0.057 0.000  0.421 0.000
187.333333 188.333333    1.08 0.000  1.44 0.000000 9.999 0.259000  0.72 0.000  0.058 0.000  0.027 0.000  0.038 0.000 999.99 0.259000   5.060 0.000   2.338 0.000   2.721 0.000 0.068 0.000  0.336 0.000
190.333333 191.333333 9999.99 0.999 99.99 0.999000 9.999 0.999000 99.99 0.999 99.999 0.999 99.999 0.999 99.999 0.999 999.99 0.999000 999.999 0.999 999.999 0.999 999.999 0.999 9.999 0.999 99.999 0.999
193.333333 194.333333    3.49 0.000  0.23 0.000000 0.031 0.000000  0.56 0.000  0.061 0.559  0.064 0.000  0.090 0.000 999.99 0.259000   8.457 0.000   3.681 0.000   4.776 0.000 0.018 0.000  0.706 0.559
196.333333 197.333333    3.68 0.000  0.22 0.000000 9.999 0.259000  0.85 0.000  0.114 0.000  0.242 0.000  0.339 0.000 999.99 0.259000   8.100 0.000   3.710 0.000   4.390 0.000 0.018 0.000  0.617 0.000
199.333333 200.333333   12.88 0.000  0.09 0.000000 9.999 0.259000  0.25 0.000  0.070 0.559  0.113 0.000  0.158 0.000 999.99 0.259000  13.511 0.000   7.617 0.000   5.893 0.000 0.048 0.000  0.408 0.559
202.333333 203.333333   10.59 0.000 99.99 0.259000 0.037 0.000000  0.34 0.000  0.044 0.559  0.215 0.000  0.302 0.000 999.99 0.259000   4.229 0.000   1.388 0.000   2.841 0.000 0.015 0.000  0.384 0.559
205.333333 206.333333    9.64 0.000  0.21 0.000000 9.999 0.259000  0.26 0.000  0.074 0.559  0.323 0.000  0.452 0.000 999.99 0.259000   7.186 0.000   3.466 0.000   3.720 0.000 0.014 0.000  0.419 0.559
208.333333 209.333333    3.83 0.000  0.17 0.000000 9.999 0.259000  0.40 0.000  0.118 0.559  0.338 0.000  0.473 0.000 999.99 0.259000   9.420 0.000   4.148 0.000   5.271 0.000 0.025 0.000  0.665 0.559
211.333333 212.333333    4.60 0.000 99.99 0.259000 9.999 0.259000  0.41 0.000  0.037 0.559  1.849 0.000  2.588 0.000 999.99 0.259000   9.213 0.000   1.629 0.000   7.585 0.000 0.041 0.000  0.553 0.559
214.333333 215.333333    5.85 0.000  0.19 0.000000 0.033 0.000000  0.48 0.000  0.147 0.000  6.253 0.000  8.754 0.000 999.99 0.259000  26.528 0.000   6.718 0.000  19.809 0.000 0.091 0.000  0.734 0.000
217.333333 218.333333   16.21 0.000 99.99 0.259000 9.999 0.259000  0.34 0.000  0.114 0.559  0.311 0.000  0.436 0.000 999.99 0.259000  19.935 0.000  11.803 0.000   8.132 0.000 0.046 0.000  0.473 0.559
220.333333 221.333333  122.25 0.000  0.06 0.000000 0.023 0.000000  1.01 0.000  0.488 0.559  5.839 0.000  8.174 0.000 999.99 0.259000  30.287 0.000  14.768 0.000  15.519 0.000 0.102 0.000  0.590 0.559
223.333333 224.333333   13.85 0.559  0.25 0.559000 9.999 0.559259  1.64 0.559  0.289 0.559  5.305 0.000  7.427 0.000 999.99 0.559259  20.142 0.000   3.079 0.000  17.064 0.559 0.078 0.559  1.353 0.559
226.333333 227.333333    1.43 0.000  0.09 0.000000 9.999 0.259000  0.32 0.000  0.044 0.559  0.392 0.000  0.549 0.000 999.99 0.259000   4.789 0.000   1.883 0.000   2.906 0.000 0.011 0.000  0.292 0.559
229.333333 230.333333    4.52 0.699 99.99 0.699259 0.028 0.699000  0.39 0.699  0.170 0.559  3.650 0.000  5.111 0.000 999.99 0.699259  20.489 0.000   6.268 0.000  14.221 0.699 0.062 0.699  0.634 0.559
232.333333 233.333333 9999.99 0.999 99.99 0.999000 9.999 0.999000 99.99 0.999 99.999 0.999 99.999 0.999 99.999 0.999 999.99 0.999000 999.999 0.999 999.999 0.999 999.999 0.999 9.999 0.999 99.999 0.999
235.333333 236.333333    3.34 0.000  0.13 0.000000 9.999 0.259000  0.21 0.000  0.077 0.000  1.754 0.000  2.456 0.000 999.99 0.259000   7.117 0.000   2.090 0.000   5.028 0.000 0.017 0.000  0.243 0.000
238.333333 239.333333   20.73 0.699  0.06 0.699000 0.122 0.699000  0.40 0.699  0.188 0.000  1.422 0.000  1.991 0.000  56.54 0.699000  33.720 0.000  19.478 0.000  14.242 0.699 0.106 0.699  0.471 0.000
