scripts/IMPROVE-2019_partial/data/US0053R.20060102070000.20191216000000.filterpack..pm25.52w.1w.US03L_filterpack_US0053.US03L_IMPROVE_Davis.lev2.nas
66 1001
MISSING INFORMATION
US03L, IMPROVE, , , , , , , 
MISSING INFORMATION
IMPROVE sel_HTAP
1 1
2006 01 01 2019 12 16
3.000000
days from file reference point
27
1 1 1 1 1 1 1 1 1 1 1 1 1 1 1 1 1 1 1 1 1 1 1 1 1 1 1
999.999999 9999.99 9.999 99.99 9.999 9.999 9.999 9.99 9.999 9.999 9.999 999.999 9.999 999.999 9.999 99.99 9.999 999.999 9.999 999.999 9.999 999.999 9.999 9.999 9.999 9.999 9.999
end_time of measurement, days from the file reference point
iron, ng/m3, Revision date=20181210133000
numflag iron, no unit, Revision date=20181210133000
lead, ng/m3, Revision date=20181210133000
numflag lead, no unit, Revision date=20181210133000
magnesium, ug/m3, Revision date=20181210133000
numflag magnesium, no unit, Revision date=20181210133000
nickel, ng/m3, Revision date=20181210133000
numflag nickel, no unit, Revision date=20181210133000
nitrate, ug N/m3, Revision date=20181210133000
numflag nitrate, no unit, Revision date=20181210133000
organic_carbon, ug C/m3, Revision date=20181210133000
numflag organic_carbon, no unit, Revision date=20181210133000
organic_mass, ug/m3, Revision date=20181210133000
numflag organic_mass, no unit, Revision date=20181210133000
phosphorus, ng/m3, Revision date=20181210133000
numflag phosphorus, no unit, Revision date=20181210133000
pm10_mass, ug/m3, Version=2, Version description=Data extracted from http://views.cira.colostate.edu/fed/DataWizard 2019-12-16, Sample duration=1d, Orig. time res.=3d, Matrix=pm10, Blank correction=Blank corrected, Volume std. temperature=ambient, Volume std. pressure=ambient
numflag pm10_mass, no unit, Version=2, Version description=Data extracted from http://views.cira.colostate.edu/fed/DataWizard 2019-12-16, Sample duration=1d, Orig. time res.=3d, Matrix=pm10, Blank correction=Blank corrected, Volume std. temperature=ambient, Volume std. pressure=ambient
pm10_pm25_mass, ug/m3, Revision date=20181210133000, Matrix=pm10_pm25
numflag pm10_pm25_mass, no unit, Revision date=20181210133000, Matrix=pm10_pm25
pm25_mass, ug/m3, Version=2, Version description=Data extracted from http://views.cira.colostate.edu/fed/DataWizard 2019-12-16, Sample duration=1d, Orig. time res.=3d, Blank correction=Blank corrected, Volume std. temperature=ambient, Volume std. pressure=ambient
numflag pm25_mass, no unit, Version=2, Version description=Data extracted from http://views.cira.colostate.edu/fed/DataWizard 2019-12-16, Sample duration=1d, Orig. time res.=3d, Blank correction=Blank corrected, Volume std. temperature=ambient, Volume std. pressure=ambient
potassium, ug/m3, Revision date=20181210133000
numflag potassium, no unit, Revision date=20181210133000
sulphate_total, ug S/m3, Revision date=20181210133000
numflag sulphate_total, no unit, Revision date=20181210133000
0
25
Data definition:              EBAS_1.1
Set type code:                TU
Timezone:                     UTC
File name:                    US0053R.20060102070000.20191216000000.filterpack..pm25.52w.1w.US03L_filterpack_US0053.US03L_IMPROVE_Davis.lev2.nas
File creation:                20191218115839
Startdate:                    20060102070000
Revision date:                20191216000000
Statistics:                   arithmetic mean
Data level:                   2
Period code:                  52w
Resolution code:              1w
Station code:                 US0053R
Platform code:                US0053S
Station name:                 Flathead
Station latitude:             47.7734
Station longitude:            -114.269
Station altitude:             1580.0 m
Regime:                       IMG
Component:                    
Matrix:                       pm25
Laboratory code:              US03L
Instrument type:              filterpack
Instrument name:              filterpack_US0053
Method ref:                   US03L_IMPROVE_Davis
starttime endtime Fe flag_Fe Pb flag_Pb Mg++ flag_Mg++ Ni flag_Ni NO3- flag_NO3- OC flag_OC OM flag_OM P flag_P PM10 flag_PM10 PM10-PM2.5 flag_PM10-PM2.5 PM2.5 flag_PM2.5 K+ flag_K+ SO4-- flag_SO4--
  1.291667   2.291667    0.46 0.000  0.14 0.000 9.999 0.259 9.99 0.259 0.005 0.000   0.091 0.000   0.128 0.000 99.99 0.259   0.342 0.000   0.060 0.000   0.185 0.000 0.003 0.000 0.013 0.000
  4.291667   5.291667    2.70 0.000  0.39 0.000 0.006 0.000 9.99 0.259 0.012 0.000   0.317 0.000   0.443 0.000 99.99 0.259   1.033 0.000   0.362 0.000   0.670 0.000 0.008 0.000 0.047 0.000
  7.291667   8.291667    0.45 0.000 99.99 0.259 9.999 0.259 9.99 0.259 0.005 0.000   0.109 0.000   0.153 0.000  1.31 0.000   0.129 0.000   0.061 0.000   0.122 0.000 0.002 0.000 0.012 0.000
 10.291667  11.291667    3.69 0.000 99.99 0.259 9.999 0.259 9.99 0.259 0.002 0.000   0.094 0.000   0.132 0.000 99.99 0.259   0.852 0.000   0.697 0.000   0.280 0.000 0.002 0.000 0.011 0.000
 13.291667  14.291667    6.64 0.000  0.22 0.000 9.999 0.259 9.99 0.259 0.024 0.000   0.163 0.000   0.228 0.000 99.99 0.259   1.024 0.000   0.309 0.000   0.714 0.000 0.007 0.000 0.023 0.000
 16.291667  17.291667    0.35 0.000 99.99 0.259 0.007 0.000 9.99 0.259 0.002 0.000   0.070 0.000   0.098 0.000 99.99 0.259   0.300 0.000 999.999 0.259   0.340 0.000 0.001 0.000 0.009 0.000
 19.291667  20.291667    1.02 0.000  0.25 0.000 9.999 0.259 9.99 0.259 0.012 0.000   0.035 0.000   0.050 0.000 99.99 0.259   1.502 0.000   1.039 0.000   0.463 0.000 0.003 0.000 0.028 0.000
 22.291667  23.291667    4.02 0.000  0.27 0.000 0.008 0.000 9.99 0.259 0.006 0.000   0.057 0.000   0.079 0.000 99.99 0.259   1.286 0.000   0.648 0.000   0.637 0.000 0.005 0.000 0.044 0.000
 25.291667  26.291667    5.36 0.000  0.26 0.000 9.999 0.259 9.99 0.259 0.010 0.000   0.171 0.000   0.239 0.000 99.99 0.259   1.655 0.000   1.104 0.000   0.551 0.000 0.006 0.000 0.039 0.000
 28.291667  29.291667    1.23 0.000 99.99 0.259 9.999 0.259 9.99 0.259 0.009 0.000   0.008 0.000   0.011 0.000 99.99 0.259   0.510 0.000   0.206 0.000   0.303 0.000 0.002 0.000 0.021 0.000
 31.291667  32.291667    1.78 0.000 99.99 0.259 9.999 0.259 9.99 0.259 0.014 0.000   0.031 0.000   0.043 0.000 99.99 0.259   1.654 0.000   0.900 0.000   0.754 0.000 0.004 0.000 0.026 0.000
 34.291667  35.291667    5.58 0.000  0.55 0.000 9.999 0.259 9.99 0.259 0.007 0.000   0.207 0.000   0.290 0.000 99.99 0.259   1.609 0.000   0.665 0.000   0.944 0.000 0.010 0.000 0.076 0.000
 37.291667  38.291667    7.30 0.000  0.56 0.000 9.999 0.259 9.99 0.259 0.039 0.000   0.364 0.000   0.510 0.000 99.99 0.259   2.167 0.000   0.903 0.000   1.264 0.000 0.014 0.000 0.052 0.000
 40.291667  41.291667   10.64 0.000  0.42 0.000 9.999 0.259 9.99 0.259 0.039 0.000   0.307 0.000   0.430 0.000 99.99 0.259   3.848 0.000   2.429 0.000   1.419 0.000 0.017 0.000 0.090 0.000
 43.291667  44.291667    8.10 0.000  0.78 0.000 9.999 0.259 9.99 0.259 0.048 0.000   0.482 0.000   0.675 0.000 99.99 0.259   2.595 0.000   1.045 0.000   1.550 0.000 0.013 0.000 0.082 0.000
 46.291667  47.291667    6.23 0.000  0.40 0.000 9.999 0.259 9.99 0.259 0.045 0.000   0.269 0.000   0.376 0.000 99.99 0.259   3.067 0.000   1.357 0.000   1.711 0.000 0.013 0.000 0.211 0.000
 49.291667  50.291667    8.86 0.000  0.39 0.000 9.999 0.259 9.99 0.259 0.078 0.000   0.626 0.000   0.877 0.000 99.99 0.259   3.465 0.000   1.304 0.000   2.161 0.000 0.019 0.000 0.155 0.000
 52.291667  53.291667   11.16 0.000 99.99 0.259 9.999 0.259 9.99 0.259 0.037 0.000   0.214 0.000   0.299 0.000 99.99 0.259   1.751 0.000   0.959 0.000   0.791 0.000 0.008 0.000 0.075 0.000
 55.291667  56.291667   15.43 0.000  0.68 0.000 9.999 0.259 9.99 0.259 0.074 0.000   0.475 0.000   0.665 0.000 99.99 0.259   3.787 0.000   1.807 0.000   1.980 0.000 0.024 0.000 0.135 0.000
 58.291667  59.291667    3.24 0.000 99.99 0.259 0.007 0.000 0.11 0.000 0.005 0.000   0.152 0.000   0.213 0.000 99.99 0.259   0.742 0.000   0.421 0.000   0.321 0.000 0.004 0.000 0.012 0.000
 61.291667  62.291667    6.41 0.000  0.38 0.000 0.008 0.000 9.99 0.259 0.153 0.000   0.976 0.000   1.366 0.000 99.99 0.259   3.808 0.000   0.324 0.000   3.484 0.000 0.020 0.000 0.221 0.000
 64.291667  65.291667    7.93 0.000  0.47 0.000 9.999 0.259 9.99 0.259 0.024 0.000   0.318 0.000   0.445 0.000 99.99 0.259   1.788 0.000   0.662 0.000   1.126 0.000 0.012 0.000 0.059 0.000
 67.291667  68.291667    3.34 0.000  0.44 0.000 9.999 0.259 9.99 0.259 0.011 0.000 999.999 0.259 999.999 0.259 99.99 0.259   1.290 0.000   0.813 0.000   0.478 0.000 0.004 0.000 0.048 0.000
 70.291667  71.291667   10.76 0.000  1.00 0.000 9.999 0.259 9.99 0.259 0.042 0.000   0.406 0.000   0.568 0.000 99.99 0.259   6.192 0.000   2.005 0.000   4.187 0.000 0.020 0.000 0.694 0.000
 73.291667  74.291667    6.50 0.000 99.99 0.259 0.013 0.000 9.99 0.259 0.043 0.000   0.275 0.000   0.385 0.000 99.99 0.259   1.168 0.000   0.820 0.000   0.347 0.000 0.013 0.000 0.069 0.000
 76.291667  77.291667    6.64 0.000  0.33 0.000 9.999 0.259 9.99 0.259 0.032 0.000   0.305 0.000   0.428 0.000 99.99 0.259   0.777 0.000   0.301 0.000   0.476 0.000 0.006 0.000 0.055 0.000
 79.291667  80.291667   12.66 0.000  0.79 0.000 9.999 0.259 9.99 0.259 0.110 0.000   0.873 0.000   1.223 0.000 99.99 0.259 999.999 0.999 999.999 0.999   2.773 0.000 0.022 0.000 0.327 0.000
 82.291667  83.291667  122.44 0.000  0.88 0.000 0.067 0.000 9.99 0.259 0.060 0.000   0.800 0.000   1.120 0.000 99.99 0.259 999.999 0.999 999.999 0.999   4.171 0.000 0.070 0.000 0.175 0.000
 85.291667  86.291667   19.77 0.000  0.62 0.000 9.999 0.259 9.99 0.259 0.033 0.000   0.295 0.000   0.413 0.000 99.99 0.259   2.821 0.000   1.848 0.000   0.973 0.000 0.019 0.000 0.116 0.000
 88.291667  89.291667   42.03 0.000  1.41 0.000 0.008 0.000 9.99 0.259 0.112 0.000   0.635 0.000   0.888 0.000 99.99 0.259   5.196 0.000   1.959 0.000   3.237 0.000 0.038 0.000 0.337 0.000
 91.291667  92.291667    6.24 0.000 99.99 0.259 9.999 0.259 9.99 0.259 0.024 0.000   0.105 0.000   0.147 0.000 99.99 0.259   0.863 0.000   0.497 0.000   0.366 0.000 0.007 0.000 0.066 0.000
 94.291667  95.291667    3.75 0.000  0.28 0.000 9.999 0.259 9.99 0.259 0.017 0.000   0.635 0.000   0.889 0.000 99.99 0.259   1.669 0.000   0.330 0.000   1.340 0.000 0.010 0.000 0.061 0.000
 97.291667  98.291667    6.29 0.000  0.27 0.000 0.004 0.000 9.99 0.259 0.028 0.000   0.449 0.000   0.628 0.000 99.99 0.259   1.676 0.000   0.349 0.000   1.328 0.000 0.011 0.000 0.076 0.000
100.291667 101.291667    4.05 0.000  0.38 0.000 9.999 0.259 9.99 0.259 0.007 0.000   0.266 0.000   0.372 0.000 99.99 0.259   0.601 0.000   0.067 0.000   0.534 0.000 0.004 0.000 0.036 0.000
103.291667 104.291667   10.04 0.000  0.37 0.000 9.999 0.259 9.99 0.259 0.011 0.000   0.289 0.000   0.404 0.000 99.99 0.259   1.850 0.000   0.768 0.000   1.082 0.000 0.010 0.000 0.070 0.000
106.291667 107.291667   11.97 0.000  0.32 0.000 0.007 0.000 9.99 0.259 0.016 0.000   0.250 0.000   0.349 0.000 99.99 0.259   1.931 0.000   0.993 0.000   0.938 0.000 0.011 0.000 0.073 0.000
109.291667 110.291667   46.22 0.000  0.71 0.000 0.025 0.000 9.99 0.259 0.030 0.000   0.815 0.000   1.141 0.000 99.99 0.259   6.407 0.000   3.650 0.000   2.757 0.000 0.038 0.000 0.121 0.000
112.291667 113.291667   17.75 0.000  0.29 0.000 9.999 0.259 9.99 0.259 0.018 0.000   0.199 0.000   0.278 0.000 99.99 0.259   2.740 0.000   0.937 0.000   1.804 0.000 0.014 0.000 0.263 0.000
115.291667 116.291667  112.43 0.000  1.57 0.000 0.051 0.000 9.99 0.259 0.067 0.000   1.617 0.000   2.264 0.000 99.99 0.259  13.032 0.000   6.889 0.000   6.143 0.000 0.070 0.000 0.288 0.000
118.291667 119.291667   78.18 0.000  1.18 0.000 9.999 0.259 9.99 0.259 0.031 0.000   2.734 0.000   3.827 0.000 99.99 0.259  13.821 0.000   6.897 0.000   6.924 0.000 0.058 0.000 0.136 0.000
121.291667 122.291667   34.20 0.000  0.31 0.000 9.999 0.259 9.99 0.259 0.022 0.000   0.413 0.000   0.579 0.000 99.99 0.259   4.848 0.000   2.846 0.000   2.001 0.000 0.023 0.000 0.147 0.000
124.291667 125.291667   91.18 0.000  1.05 0.000 9.999 0.259 9.99 0.259 0.042 0.000   1.149 0.000   1.608 0.000 99.99 0.259  12.721 0.000   7.147 0.000   5.575 0.000 0.067 0.000 0.348 0.000
127.291667 128.291667   29.06 0.000  0.45 0.000 9.999 0.259 9.99 0.259 0.014 0.000   0.456 0.000   0.638 0.000 99.99 0.259   3.500 0.000   1.743 0.000   1.757 0.000 0.018 0.000 0.130 0.000
130.291667 131.291667   70.47 0.000  0.93 0.000 0.012 0.000 9.99 0.259 0.027 0.000   0.989 0.000   1.384 0.000 99.99 0.259   9.916 0.000   5.600 0.000   4.316 0.000 0.052 0.000 0.246 0.000
133.291667 134.291667  126.44 0.000  1.41 0.000 9.999 0.259 0.09 0.000 0.041 0.000   1.736 0.000   2.431 0.000 99.99 0.259  15.079 0.000   8.007 0.000   7.072 0.000 0.104 0.000 0.359 0.000
136.291667 137.291667  116.17 0.000  0.89 0.000 0.031 0.000 9.99 0.259 0.021 0.000   2.936 0.000   4.110 0.000 99.99 0.259  20.032 0.000  11.596 0.000   8.436 0.000 0.092 0.000 0.211 0.000
139.291667 140.291667   23.32 0.000  0.29 0.000 9.999 0.259 9.99 0.259 0.030 0.000   1.034 0.000   1.447 0.000 99.99 0.259   4.924 0.000   2.283 0.000   2.641 0.000 0.016 0.000 0.080 0.000
142.291667 143.291667   17.72 0.000  0.39 0.000 9.999 0.259 9.99 0.259 0.009 0.000   0.476 0.000   0.667 0.000 99.99 0.259   3.255 0.000   1.436 0.000   1.819 0.000 0.017 0.000 0.143 0.000
145.291667 146.291667   11.98 0.000  0.13 0.000 9.999 0.259 9.99 0.259 0.008 0.000   0.297 0.000   0.416 0.000 99.99 0.259   2.072 0.000   0.880 0.000   1.191 0.000 0.012 0.000 0.068 0.000
148.291667 149.291667    2.09 0.000  0.25 0.000 9.999 0.259 0.13 0.000 0.002 0.000   0.141 0.000   0.197 0.000 99.99 0.259   1.225 0.000   0.609 0.000   0.617 0.000 0.004 0.000 0.026 0.000
151.291667 152.291667   32.77 0.000  0.84 0.000 9.999 0.259 9.99 0.259 0.011 0.000   1.176 0.000   1.646 0.000 99.99 0.259   7.615 0.000   4.203 0.000   3.412 0.000 0.031 0.000 0.134 0.000
154.291667 155.291667    9.48 0.000  0.34 0.000 0.007 0.000 9.99 0.259 0.006 0.000   0.531 0.000   0.743 0.000 99.99 0.259   2.845 0.000   1.309 0.000   1.536 0.000 0.010 0.000 0.075 0.000
157.291667 158.291667   27.91 0.000  0.45 0.000 0.014 0.000 9.99 0.259 0.016 0.000   1.772 0.000   2.481 0.000 99.99 0.259   8.471 0.000   4.085 0.000   4.386 0.000 0.033 0.000 0.130 0.000
160.291667 161.291667    1.58 0.000  0.27 0.000 9.999 0.259 9.99 0.259 0.008 0.000   0.410 0.000   0.575 0.000 99.99 0.259   1.157 0.000   0.548 0.000   0.609 0.000 0.006 0.000 0.024 0.000
163.291667 164.291667   24.75 0.000  0.82 0.000 9.999 0.259 9.99 0.259 0.015 0.000   1.202 0.000   1.682 0.000 99.99 0.259   6.388 0.000   2.713 0.000   3.674 0.000 0.028 0.000 0.215 0.000
166.291667 167.291667   15.09 0.000  0.38 0.000 0.006 0.000 9.99 0.259 0.010 0.000   0.322 0.000   0.451 0.000 99.99 0.259   3.761 0.000   2.396 0.000   1.366 0.000 0.015 0.000 0.105 0.000
169.291667 170.291667   20.19 0.000  0.59 0.000 9.999 0.259 0.18 0.000 0.015 0.000   0.819 0.000   1.146 0.000 99.99 0.259   5.572 0.000   2.990 0.000   2.582 0.000 0.023 0.000 0.153 0.000
172.291667 173.291667 9999.99 0.999 99.99 0.999 9.999 0.999 9.99 0.999 9.999 0.999 999.999 0.999 999.999 0.999 99.99 0.999 999.999 0.999 999.999 0.999 999.999 0.999 9.999 0.999 9.999 0.999
175.291667 176.291667   29.68 0.000  0.93 0.000 0.013 0.000 9.99 0.259 0.010 0.000   1.515 0.000   2.122 0.000 99.99 0.259   8.999 0.000   4.372 0.000   4.627 0.000 0.039 0.000 0.296 0.000
178.291667 179.291667   55.11 0.000  0.58 0.000 9.999 0.259 9.99 0.259 0.011 0.000   1.747 0.000   2.445 0.000 99.99 0.259  12.245 0.000   7.197 0.000   5.049 0.000 0.035 0.000 0.183 0.000
181.291667 182.291667   30.27 0.000  0.91 0.000 9.999 0.259 0.19 0.000 0.016 0.000   1.525 0.000   2.744 0.000 99.99 0.259   8.821 0.000   4.341 0.000   4.479 0.000 0.035 0.000 0.180 0.000
184.291667 185.291667   26.01 0.000  0.84 0.000 0.015 0.000 0.07 0.000 0.013 0.000   1.925 0.000   3.465 0.000 99.99 0.259   8.056 0.000   3.568 0.000   4.488 0.000 0.068 0.000 0.146 0.000
187.291667 188.291667   28.31 0.000  0.62 0.000 9.999 0.259 9.99 0.259 0.023 0.000   0.978 0.000   1.760 0.000 99.99 0.259   8.175 0.000   5.073 0.000   3.102 0.000 0.026 0.000 0.168 0.000
190.291667 191.291667   24.17 0.000  0.61 0.000 0.008 0.000 9.99 0.259 0.006 0.000   0.861 0.000   1.550 0.000 99.99 0.259   8.751 0.000   6.207 0.000   2.544 0.000 0.018 0.000 0.097 0.000
193.291667 194.291667   17.24 0.000  0.31 0.000 9.999 0.259 0.33 0.000 0.005 0.000   0.345 0.000   0.620 0.000 99.99 0.259   7.280 0.000   6.074 0.000   1.207 0.000 0.010 0.000 0.063 0.000
196.291667 197.291667   32.55 0.000  0.50 0.000 0.012 0.000 9.99 0.259 0.009 0.000   0.787 0.000   1.417 0.000 99.99 0.259   6.210 0.000   3.828 0.000   2.381 0.000 0.019 0.000 0.103 0.000
199.291667 200.291667 9999.99 0.999 99.99 0.999 9.999 0.999 9.99 0.999 9.999 0.999 999.999 0.999 999.999 0.999 99.99 0.999 999.999 0.999 999.999 0.999 999.999 0.999 9.999 0.999 9.999 0.999
202.291667 203.291667   60.78 0.000  0.45 0.000 0.017 0.000 0.18 0.000 0.011 0.000   2.311 0.000   4.160 0.000 99.99 0.259  15.444 0.000   8.916 0.000   6.528 0.000 0.051 0.000 0.137 0.000
205.291667 206.291667   49.17 0.000  0.47 0.000 9.999 0.259 9.99 0.259 0.013 0.000   1.937 0.000   3.487 0.000 99.99 0.259  11.732 0.000   6.738 0.000   4.995 0.000 0.034 0.000 0.112 0.000
208.291667 209.291667   79.07 0.000  0.54 0.000 0.013 0.000 0.60 0.000 0.011 0.000   1.092 0.000   1.966 0.000 99.99 0.259  11.400 0.000   7.624 0.000   3.775 0.000 0.043 0.000 0.120 0.000
211.291667 212.291667   43.29 0.000  0.30 0.000 0.016 0.000 0.28 0.000 0.009 0.000   0.442 0.000   0.795 0.000 99.99 0.259  10.384 0.000   8.399 0.000   1.985 0.000 0.038 0.000 0.054 0.000
214.291667 215.291667   58.17 0.000  0.55 0.000 0.017 0.000 0.20 0.000 0.013 0.000   1.145 0.559   2.060 0.559 99.99 0.259  11.861 0.000   7.819 0.000   4.042 0.000 0.042 0.000 0.119 0.000
217.291667 218.291667   43.05 0.000  0.84 0.000 9.999 0.259 9.99 0.259 0.024 0.000   6.919 0.000  12.455 0.000 99.99 0.259  24.149 0.000   7.757 0.000  16.392 0.000 0.121 0.000 0.141 0.000
220.291667 221.291667   62.20 0.000  0.60 0.000 0.012 0.000 0.19 0.000 0.020 0.000   1.921 0.000   3.458 0.000 99.99 0.259   9.556 0.000   4.416 0.000   5.140 0.000 0.086 0.000 0.152 0.000
223.291667 224.291667   19.71 0.000  0.39 0.000 0.009 0.000 0.16 0.000 0.013 0.000   1.611 0.000   2.900 0.000 99.99 0.259   6.983 0.000   2.872 0.000   4.111 0.000 0.012 0.000 0.083 0.000
226.291667 227.291667   53.45 0.000  0.21 0.000 0.017 0.000 0.16 0.000 0.014 0.000   3.270 0.000   5.887 0.000 99.99 0.259  15.131 0.000   6.223 0.000   8.909 0.000 0.065 0.000 0.103 0.000
229.291667 230.291667   33.32 0.000  0.49 0.000 0.015 0.000 0.30 0.000 0.015 0.000   1.615 0.000   2.906 0.000 99.99 0.259   7.130 0.000   2.431 0.000   4.699 0.000 0.030 0.000 0.106 0.000
232.291667 233.291667   45.50 0.000  0.48 0.000 0.015 0.000 0.23 0.000 0.014 0.000   2.990 0.000   5.383 0.000 99.99 0.259  12.820 0.000   5.442 0.000   7.377 0.000 0.054 0.000 0.111 0.000
235.291667 236.291667   97.41 0.000  0.60 0.000 0.027 0.000 0.54 0.000 0.028 0.000   2.261 0.000   4.070 0.000 99.99 0.259  18.870 0.000  12.012 0.000   6.859 0.000 0.083 0.000 0.153 0.000
238.291667 239.291667   34.33 0.000  0.54 0.000 0.016 0.000 9.99 0.259 0.008 0.000   2.582 0.000   4.648 0.000 99.99 0.259  10.055 0.000   3.819 0.000   6.236 0.000 0.044 0.000 0.122 0.000
241.291667 242.291667  101.49 0.000  0.57 0.000 0.021 0.000 0.48 0.000 0.259 0.000  10.683 0.559  19.229 0.559 99.99 0.259  36.726 0.000  10.897 0.000  25.829 0.000 0.295 0.000 0.283 0.000
244.291667 245.291667   14.21 0.000  0.49 0.000 0.008 0.000 9.99 0.259 0.013 0.000   2.580 0.000   4.644 0.000 99.99 0.259   8.420 0.000   2.931 0.000   5.489 0.000 0.033 0.000 0.056 0.000
247.291667 248.291667   60.53 0.000  0.80 0.000 9.999 0.259 9.99 0.259 0.025 0.000   7.600 0.000  13.680 0.000 99.99 0.259  25.158 0.000   7.880 0.000  17.278 0.000 0.147 0.000 0.147 0.000
250.291667 251.291667   79.44 0.000  0.59 0.000 9.999 0.259 0.30 0.000 0.039 0.000   7.964 0.000  14.335 0.000 99.99 0.259  28.217 0.000   9.458 0.000  18.759 0.000 0.132 0.000 0.327 0.000
