scripts/IMPROVE-2019_partial/data/US0017R.20040602070000.20191216000000.filterpack..pm25.7mo.1w.US03L_filterpack_US0017.US03L_IMPROVE_Davis.lev2.nas
66 1001
MISSING INFORMATION
US03L, IMPROVE, , , , , , , 
MISSING INFORMATION
IMPROVE sel_HTAP
1 1
2004 01 01 2019 12 16
3.000000
days from file reference point
27
1 1 1 1 1 1 1 1 1 1 1 1 1 1 1 1 1 1 1 1 1 1 1 1 1 1 1
999.999999 9999.99 9.999 999.99 9.999 9.999 9.999999 9.99 9.999999 9.999 9.999 99.999 9.999 99.999 9.999 999.99 9.999999 999.999 9.999 999.999 9.999 999.999 9.999 9.999 9.999 9.999 9.999
end_time of measurement, days from the file reference point
iron, ng/m3, Revision date=20181210133000
numflag iron, no unit, Revision date=20181210133000
lead, ng/m3, Revision date=20181210133000
numflag lead, no unit, Revision date=20181210133000
magnesium, ug/m3, Revision date=20181210133000
numflag magnesium, no unit, Revision date=20181210133000
nickel, ng/m3, Revision date=20181210133000
numflag nickel, no unit, Revision date=20181210133000
nitrate, ug N/m3, Revision date=20181210133000
numflag nitrate, no unit, Revision date=20181210133000
organic_carbon, ug C/m3, Revision date=20181210133000
numflag organic_carbon, no unit, Revision date=20181210133000
organic_mass, ug/m3, Revision date=20181210133000
numflag organic_mass, no unit, Revision date=20181210133000
phosphorus, ng/m3, Revision date=20181210133000
numflag phosphorus, no unit, Revision date=20181210133000
pm10_mass, ug/m3, Version=2, Version description=Data extracted from http://views.cira.colostate.edu/fed/DataWizard 2019-12-16, Sample duration=1d, Orig. time res.=3d, Matrix=pm10, Blank correction=Blank corrected, Volume std. temperature=ambient, Volume std. pressure=ambient
numflag pm10_mass, no unit, Version=2, Version description=Data extracted from http://views.cira.colostate.edu/fed/DataWizard 2019-12-16, Sample duration=1d, Orig. time res.=3d, Matrix=pm10, Blank correction=Blank corrected, Volume std. temperature=ambient, Volume std. pressure=ambient
pm10_pm25_mass, ug/m3, Revision date=20181210133000, Matrix=pm10_pm25
numflag pm10_pm25_mass, no unit, Revision date=20181210133000, Matrix=pm10_pm25
pm25_mass, ug/m3, Version=2, Version description=Data extracted from http://views.cira.colostate.edu/fed/DataWizard 2019-12-16, Sample duration=1d, Orig. time res.=3d, Blank correction=Blank corrected, Volume std. temperature=ambient, Volume std. pressure=ambient
numflag pm25_mass, no unit, Version=2, Version description=Data extracted from http://views.cira.colostate.edu/fed/DataWizard 2019-12-16, Sample duration=1d, Orig. time res.=3d, Blank correction=Blank corrected, Volume std. temperature=ambient, Volume std. pressure=ambient
potassium, ug/m3, Revision date=20181210133000
numflag potassium, no unit, Revision date=20181210133000
sulphate_total, ug S/m3, Revision date=20181210133000
numflag sulphate_total, no unit, Revision date=20181210133000
0
25
Data definition:              EBAS_1.1
Set type code:                TU
Timezone:                     UTC
File name:                    US0017R.20040602070000.20191216000000.filterpack..pm25.7mo.1w.US03L_filterpack_US0017.US03L_IMPROVE_Davis.lev2.nas
File creation:                20191218115630
Startdate:                    20040602070000
Revision date:                20191216000000
Statistics:                   arithmetic mean
Data level:                   2
Period code:                  7mo
Resolution code:              1w
Station code:                 US0017R
Platform code:                US0017S
Station name:                 Douglas
Station latitude:             31.3492
Station longitude:            -109.5397
Station altitude:             1230.0 m
Regime:                       IMG
Component:                    
Matrix:                       pm25
Laboratory code:              US03L
Instrument type:              filterpack
Instrument name:              filterpack_US0017
Method ref:                   US03L_IMPROVE_Davis
starttime endtime Fe flag_Fe Pb flag_Pb Mg++ flag_Mg++ Ni flag_Ni NO3- flag_NO3- OC flag_OC OM flag_OM P flag_P PM10 flag_PM10 PM10-PM2.5 flag_PM10-PM2.5 PM2.5 flag_PM2.5 K+ flag_K+ SO4-- flag_SO4--
153.291667 154.291667 9999.99 0.999 999.99 0.999 9.999 0.999000 9.99 0.999000 9.999 0.999 99.999 0.999 99.999 0.999 999.99 0.999000 999.999 0.999 999.999 0.999 999.999 0.999 9.999 0.999 9.999 0.999
156.291667 157.291667  267.47 0.559   8.98 0.559 9.999 0.559259 0.33 0.559000 0.053 0.000  1.587 0.000  2.221 0.000 999.99 0.559259  41.627 0.000  31.111 0.000  10.516 0.559 0.214 0.559 0.534 0.000
159.291667 160.291667  191.29 0.559   1.13 0.559 9.999 0.559259 0.21 0.559000 0.082 0.000  1.123 0.000  1.572 0.000 999.99 0.559259  32.015 0.000  24.501 0.000   7.514 0.559 0.195 0.559 0.400 0.000
162.291667 163.291667  247.33 0.559   1.68 0.559 9.999 0.559259 0.21 0.559000 0.055 0.000  1.109 0.000  1.553 0.000 999.99 0.559259  27.143 0.000  17.959 0.000   9.184 0.559 0.206 0.559 0.336 0.000
165.291667 166.291667  188.47 0.559   2.30 0.559 0.081 0.559000 9.99 0.559259 0.048 0.000  1.294 0.000  1.812 0.000 999.99 0.559259  31.813 0.000  23.218 0.000   8.595 0.559 0.151 0.559 0.436 0.000
168.291667 169.291667  323.58 0.559   2.28 0.559 0.163 0.559000 0.19 0.559000 0.056 0.000  2.150 0.000  3.010 0.000  66.65 0.559000  53.594 0.000  40.045 0.000  13.549 0.559 0.284 0.559 0.276 0.000
171.291667 172.291667  127.37 0.559   0.95 0.559 9.999 0.559259 9.99 0.559259 0.034 0.000  0.934 0.000  1.307 0.000 999.99 0.559259  27.817 0.000  22.340 0.000   5.476 0.559 0.112 0.559 0.342 0.000
174.291667 175.291667  116.91 0.559   1.55 0.559 9.999 0.559259 0.12 0.559000 0.043 0.000  1.357 0.000  1.900 0.000  22.02 0.559000  19.735 0.000  14.682 0.000   5.053 0.559 0.099 0.559 0.319 0.000
177.291667 178.291667  124.85 0.559   1.00 0.559 9.999 0.559259 0.10 0.559000 0.046 0.000  1.058 0.000  1.481 0.000 999.99 0.559259  26.100 0.000  20.511 0.000   5.589 0.559 0.120 0.559 0.383 0.000
180.291667 181.291667   85.51 0.559   1.86 0.559 9.999 0.559259 0.18 0.559000 0.047 0.000  2.208 0.000  3.092 0.000 999.99 0.559259  15.684 0.000  11.082 0.000   4.603 0.559 0.104 0.559 0.325 0.000
183.291667 184.291667  125.65 0.559   0.90 0.559 0.070 0.559000 0.32 0.559000 0.015 0.000  0.895 0.000  1.253 0.000 999.99 0.559259  22.638 0.000  17.275 0.000   5.364 0.559 0.096 0.559 0.137 0.000
186.291667 187.291667   91.91 0.559   0.82 0.559 9.999 0.559259 0.20 0.559000 0.037 0.000  0.849 0.000  1.189 0.000 999.99 0.559259  19.468 0.000  15.296 0.000   4.172 0.559 0.110 0.559 0.228 0.000
189.291667 190.291667  209.55 0.559   3.31 0.559 9.999 0.559259 0.25 0.559000 0.054 0.000  2.870 0.000  4.018 0.000 999.99 0.559259  48.415 0.000  38.789 0.000   9.626 0.559 0.187 0.559 0.537 0.000
192.291667 193.291667  303.57 0.559   0.77 0.559 0.182 0.559000 0.23 0.559000 0.106 0.559  1.568 0.000  2.195 0.000 999.99 0.559259  29.582 0.000  18.799 0.000  10.784 0.559 0.213 0.559 0.317 0.559
195.291667 196.291667  117.44 0.559   1.43 0.559 9.999 0.559259 0.81 0.559000 0.039 0.000 99.999 0.999 99.999 0.999 999.99 0.559259  14.357 0.000   8.790 0.000   5.567 0.559 0.089 0.559 0.256 0.000
198.291667 199.291667   86.48 0.559   0.48 0.559 9.999 0.559259 0.28 0.559000 0.036 0.000  1.890 0.000  2.646 0.000 999.99 0.559259  11.509 0.000   7.617 0.000   3.892 0.559 0.056 0.559 0.230 0.000
201.291667 202.291667   60.62 0.559   0.49 0.559 9.999 0.559259 0.15 0.559000 0.030 0.000  0.689 0.000  0.964 0.000 999.99 0.559259  13.226 0.000  10.121 0.000   3.105 0.559 0.040 0.559 0.261 0.000
204.291667 205.291667  146.48 0.559   0.66 0.559 9.999 0.559259 0.41 0.559000 0.087 0.000  1.349 0.000  1.888 0.000 999.99 0.559259  23.423 0.000  15.860 0.000   7.563 0.559 0.111 0.559 0.504 0.000
207.291667 208.291667   38.09 0.559   0.51 0.559 9.999 0.559259 0.24 0.559000 0.014 0.000  0.552 0.000  0.773 0.000 999.99 0.559259   9.324 0.000   6.417 0.000   2.908 0.559 0.029 0.559 0.302 0.000
210.291667 211.291667  120.84 0.559   0.61 0.559 9.999 0.559259 0.68 0.559000 0.062 0.000  0.867 0.000  1.214 0.000 999.99 0.559259  25.788 0.000  19.488 0.000   6.300 0.559 0.120 0.559 0.485 0.000
213.291667 214.291667   70.94 0.559   0.94 0.559 0.030 0.559000 0.38 0.559000 0.040 0.000  1.332 0.000  1.864 0.000 999.99 0.559259  15.371 0.000   9.641 0.000   5.731 0.559 0.070 0.559 0.417 0.000
216.291667 217.291667   74.15 0.559   1.15 0.559 9.999 0.559259 0.24 0.559000 0.049 0.000  1.356 0.000  1.899 0.000 999.99 0.559259  16.620 0.000  11.285 0.000   5.335 0.559 0.058 0.559 0.488 0.000
219.291667 220.291667   52.90 0.559   3.47 0.559 9.999 0.559259 0.10 0.559000 0.032 0.000  0.968 0.000  1.355 0.000 999.99 0.559259  16.191 0.000  11.973 0.000   4.217 0.559 0.051 0.559 0.399 0.000
222.291667 223.291667   60.15 0.559   1.32 0.559 9.999 0.559259 9.99 0.559259 0.021 0.000  0.847 0.000  1.186 0.000 999.99 0.559259  16.318 0.000  12.101 0.000   4.217 0.559 0.047 0.559 0.440 0.000
225.291667 226.291667   97.88 0.559   2.86 0.559 9.999 0.559259 0.12 0.559000 0.040 0.000  1.085 0.000  1.518 0.000 999.99 0.559259  20.441 0.000  14.823 0.000   5.618 0.559 0.078 0.559 0.476 0.000
228.291667 229.291667   54.43 0.559   3.03 0.559 9.999 0.559259 0.17 0.559000 0.124 0.000  1.551 0.000  2.171 0.000 999.99 0.559259  13.179 0.000   8.408 0.000   4.771 0.559 0.047 0.559 0.398 0.000
231.291667 232.291667  104.10 0.559   1.16 0.559 9.999 0.559259 0.26 0.559000 0.073 0.000  1.557 0.000  2.179 0.000 999.99 0.559259  20.402 0.000  14.135 0.000   6.267 0.559 0.081 0.559 0.443 0.000
234.291667 235.291667   76.75 0.559   0.87 0.559 9.999 0.559259 0.07 0.559000 0.016 0.000  0.686 0.000  0.960 0.000 999.99 0.559259  18.219 0.000  14.452 0.000   3.767 0.559 0.065 0.559 0.251 0.000
237.291667 238.291667  137.96 0.559   1.09 0.559 0.042 0.559000 0.28 0.559000 0.050 0.000  1.238 0.000  1.733 0.000  29.87 0.559000  26.208 0.000  19.433 0.000   6.775 0.559 0.106 0.559 0.310 0.000
240.291667 241.291667  166.77 0.559   1.54 0.559 0.077 0.559000 0.18 0.559000 0.056 0.000  1.135 0.000  1.589 0.000 999.99 0.559259  34.332 0.000  26.151 0.000   8.181 0.559 0.138 0.559 0.422 0.000
243.291667 244.291667  210.19 0.559   0.90 0.559 9.999 0.559259 9.99 0.559259 0.033 0.000  1.015 0.000  1.420 0.000 999.99 0.559259  43.511 0.000  35.663 0.000   7.848 0.559 0.150 0.559 0.350 0.000
246.291667 247.291667  106.47 0.559   2.21 0.559 9.999 0.559259 0.39 0.559000 0.041 0.000  1.357 0.000  1.900 0.000 999.99 0.559259  25.765 0.000  18.059 0.000   7.707 0.559 0.078 0.559 0.624 0.000
249.291667 250.291667   60.49 0.559  14.07 0.559 9.999 0.559259 0.08 0.559000 0.031 0.000  0.654 0.000  0.916 0.000 999.99 0.559259   9.753 0.000   5.378 0.000   4.376 0.559 0.042 0.559 0.352 0.000
252.291667 253.291667  154.20 0.559   1.03 0.559 9.999 0.559259 0.33 0.559000 0.018 0.000  1.351 0.000  1.892 0.000 999.99 0.559259  23.096 0.000  15.926 0.000   7.170 0.559 0.105 0.559 0.251 0.000
255.291667 256.291667  211.48 0.559   4.61 0.559 9.999 0.559259 9.99 0.559259 0.023 0.000  1.590 0.000  2.226 0.000 999.99 0.559259  46.153 0.000  36.160 0.000   9.993 0.559 0.177 0.559 0.380 0.000
258.291667 259.291667  271.03 0.559   4.92 0.559 9.999 0.559259 0.21 0.559000 0.066 0.000  1.858 0.000  2.601 0.000 999.99 0.559259  56.999 0.000  42.458 0.000  14.541 0.559 0.213 0.559 0.843 0.000
261.291667 262.291667   69.10 0.559   1.41 0.559 9.999 0.559259 9.99 0.559259 0.037 0.000  1.469 0.000  2.057 0.000 999.99 0.559259  18.283 0.000  12.609 0.000   5.674 0.559 0.058 0.559 0.459 0.000
264.291667 265.291667   60.97 0.559   0.53 0.559 9.999 0.559259 0.15 0.559000 0.074 0.000  0.759 0.000  1.063 0.000 999.99 0.559259  13.457 0.000   9.336 0.000   4.122 0.559 0.046 0.559 0.322 0.000
267.291667 268.291667  123.28 0.559   2.10 0.559 9.999 0.559259 0.13 0.559000 0.030 0.000  1.220 0.000  1.709 0.000 999.99 0.559259  17.046 0.000  10.750 0.000   6.295 0.559 0.094 0.559 0.284 0.000
270.291667 271.291667   29.15 0.559   0.42 0.559 9.999 0.559259 9.99 0.559259 0.022 0.000  0.936 0.000  1.310 0.000 999.99 0.559259   8.710 0.000   5.915 0.000   2.795 0.559 0.020 0.559 0.188 0.000
273.291667 274.291667  146.85 0.559   2.87 0.559 9.999 0.559259 0.30 0.559000 0.045 0.000  0.807 0.000  1.130 0.000 999.99 0.559259  30.264 0.000  22.636 0.000   7.627 0.559 0.106 0.559 0.349 0.000
276.291667 277.291667  130.73 0.559   1.55 0.559 9.999 0.559259 0.06 0.559000 0.038 0.000  1.433 0.000  2.006 0.000 999.99 0.559259  34.958 0.000  26.653 0.000   8.305 0.559 0.117 0.559 0.586 0.000
279.291667 280.291667  239.81 0.559   1.27 0.559 9.999 0.559259 0.23 0.559000 0.037 0.000  1.165 0.000  1.631 0.000 999.99 0.559259  45.002 0.000  36.264 0.000   8.738 0.559 0.172 0.559 0.222 0.000
282.291667 283.291667   33.09 0.559   0.40 0.559 9.999 0.559259 0.14 0.559000 0.013 0.000  0.555 0.000  0.778 0.000 999.99 0.559259   9.909 0.000   6.480 0.000   3.430 0.559 0.027 0.559 0.289 0.000
285.291667 286.291667   84.20 0.559   1.18 0.559 9.999 0.559259 9.99 0.559259 0.026 0.000  0.848 0.000  1.188 0.000 999.99 0.559259  24.050 0.000  18.501 0.000   5.550 0.559 0.066 0.559 0.395 0.000
288.291667 289.291667  329.63 0.559   3.38 0.559 9.999 0.559259 0.19 0.559000 0.036 0.000  1.258 0.000  1.761 0.000 999.99 0.559259  44.181 0.000  32.815 0.000  11.366 0.559 0.246 0.559 0.138 0.000
291.291667 292.291667  115.72 0.559   0.82 0.559 0.091 0.559000 0.21 0.559000 0.116 0.000  1.100 0.000  1.540 0.000 999.99 0.559259  31.921 0.000  25.291 0.000   6.630 0.559 0.107 0.559 0.328 0.000
294.291667 295.291667  213.38 0.559   1.15 0.559 9.999 0.559259 0.26 0.559000 0.066 0.000  1.147 0.000  1.605 0.000 999.99 0.559259  46.125 0.000  37.112 0.000   9.014 0.559 0.176 0.559 0.283 0.000
297.291667 298.291667  100.70 0.559   0.98 0.559 9.999 0.559259 9.99 0.559259 0.033 0.000  1.671 0.000  2.339 0.000 999.99 0.559259  32.236 0.000  25.264 0.000   6.973 0.559 0.098 0.559 0.276 0.000
300.291667 301.291667 9999.99 0.999 999.99 0.999 9.999 0.999000 9.99 0.999000 9.999 0.999 99.999 0.999 99.999 0.999 999.99 0.999000 999.999 0.999 999.999 0.999 999.999 0.999 9.999 0.999 9.999 0.999
303.291667 304.291667   80.88 0.559   2.12 0.559 0.101 0.559000 0.10 0.559000 0.064 0.000  1.095 0.000  1.534 0.000 999.99 0.559259  23.950 0.000  18.650 0.000   5.300 0.559 0.071 0.559 0.218 0.000
306.291667 307.291667   83.57 0.559   0.50 0.559 9.999 0.559259 0.17 0.559000 0.026 0.000  0.722 0.000  1.011 0.000  15.85 0.559000  13.875 0.000   9.561 0.000   4.314 0.559 0.061 0.559 0.145 0.000
309.291667 310.291667  233.16 0.559   1.94 0.559 9.999 0.559259 0.43 0.559000 0.025 0.000  2.292 0.000  3.208 0.000 999.99 0.559259  58.389 0.000  49.772 0.000   8.617 0.559 0.183 0.559 0.204 0.000
312.291667 313.291667  149.12 0.559   2.34 0.559 9.999 0.559259 0.22 0.559000 0.075 0.000  1.704 0.000  2.386 0.000 999.99 0.559259  47.818 0.000  39.052 0.000   8.766 0.559 0.139 0.559 0.241 0.000
315.291667 316.291667  172.09 0.559   2.25 0.559 9.999 0.559259 0.15 0.559000 0.065 0.000  1.087 0.000  1.521 0.000 999.99 0.559259  27.976 0.000  20.720 0.000   7.256 0.559 0.135 0.559 0.158 0.000
318.291667 319.291667   53.26 0.559   0.52 0.559 9.999 0.559259 0.19 0.559000 0.009 0.000  0.382 0.000  0.535 0.000 999.99 0.559259   2.091 0.000   0.469 0.000   1.622 0.559 0.039 0.559 0.030 0.000
321.291667 322.291667   84.31 0.559   1.44 0.559 9.999 0.559259 0.39 0.559000 0.159 0.000  1.671 0.000  2.339 0.000 999.99 0.559259  20.991 0.000  14.500 0.000   6.491 0.559 0.073 0.559 0.213 0.000
324.291667 325.291667   73.11 0.559   9.66 0.559 9.999 0.559259 9.99 0.559259 0.064 0.000  1.500 0.000  2.100 0.000 999.99 0.559259  21.859 0.000  15.822 0.000   6.037 0.559 0.088 0.559 0.303 0.000
327.291667 328.291667   19.26 0.559   0.66 0.559 0.157 0.559000 0.08 0.559000 0.086 0.000  0.877 0.000  1.228 0.000 999.99 0.559259   6.589 0.000   4.056 0.000   2.533 0.559 0.025 0.559 0.114 0.000
330.291667 331.291667 9999.99 0.999 999.99 0.999 9.999 0.999000 9.99 0.999000 9.999 0.999 99.999 0.999 99.999 0.999 999.99 0.999000 999.999 0.999 999.999 0.999 999.999 0.999 9.999 0.999 9.999 0.999
333.291667 334.291667 9999.99 0.999 999.99 0.999 9.999 0.999000 9.99 0.999000 9.999 0.999 99.999 0.999 99.999 0.999 999.99 0.999000 999.999 0.999 999.999 0.999 999.999 0.999 9.999 0.999 9.999 0.999
336.291667 337.291667  141.92 0.559   4.03 0.559 0.059 0.559000 9.99 0.559259 0.080 0.000  2.045 0.000  2.863 0.000 999.99 0.559259  38.413 0.000  31.013 0.000   7.400 0.559 0.136 0.559 0.167 0.000
339.291667 340.291667   37.75 0.559   3.56 0.559 9.999 0.559259 0.24 0.559000 0.037 0.000  0.970 0.000  1.358 0.000 999.99 0.559259   7.300 0.000   3.685 0.000   3.615 0.559 0.058 0.559 0.187 0.000
342.291667 343.291667   88.92 0.559   2.10 0.559 9.999 0.559259 0.27 0.559000 0.364 0.000  1.549 0.000  2.169 0.000 999.99 0.559259  26.042 0.000  19.608 0.000   6.434 0.559 0.069 0.559 0.137 0.000
345.291667 346.291667  130.18 0.000   1.22 0.000 9.999 0.259000 0.23 0.000000 0.088 0.000  2.212 0.000  3.098 0.000 999.99 0.259000  38.088 0.000  29.941 0.000   8.148 0.000 0.131 0.000 0.110 0.000
348.291667 349.291667   73.43 0.000   0.49 0.000 9.999 0.259000 0.40 0.000000 0.028 0.000  0.653 0.000  0.915 0.000 999.99 0.259000  35.260 0.000  31.757 0.000   3.502 0.000 0.060 0.000 0.127 0.000
351.291667 352.291667   51.98 0.000   1.24 0.000 9.999 0.259000 0.55 0.000000 0.138 0.000  0.700 0.000  0.980 0.000 999.99 0.259000  11.810 0.000   7.915 0.000   3.895 0.000 0.054 0.000 0.304 0.000
354.291667 355.291667  139.57 0.000   5.77 0.000 9.999 0.259000 9.99 0.259000 0.161 0.000  2.507 0.000  3.509 0.000 999.99 0.259000  44.702 0.000  33.859 0.000  10.843 0.000 0.170 0.000 0.491 0.000
357.291667 358.291667  111.08 0.000   2.16 0.000 9.999 0.259000 0.24 0.000000 0.137 0.000  0.826 0.000  1.156 0.000 999.99 0.259000  20.168 0.000  14.845 0.000   5.323 0.000 0.102 0.000 0.161 0.000
360.291667 361.291667   58.31 0.000   1.10 0.000 9.999 0.259000 0.06 0.000000 0.071 0.000  1.121 0.000  1.569 0.000 999.99 0.259000  18.921 0.000  14.748 0.000   4.173 0.000 0.094 0.000 0.126 0.000
363.291667 364.291667  172.52 0.000   6.43 0.000 9.999 0.259000 0.67 0.000000 0.019 0.000  0.679 0.000  0.951 0.000 999.99 0.259000  24.244 0.000  18.027 0.000   6.217 0.000 0.140 0.000 0.169 0.000
