scripts/IMPROVE-2019_partial/data/US0044R.20130101050000.20191216000000.filterpack...52w.3d.US03L_filterpack_US0044.US03L_IMPROVE_Davis.lev2.nas
52 1001
MISSING INFORMATION
US03L, IMPROVE, , , , , , , 
MISSING INFORMATION
IMPROVE sel_HTAP
1 1
2013 01 01 2019 12 16
3.000000
days from file reference point
5
1 1 1 1 1
999.999999 999.999 9.999 999.999 9.999
end_time of measurement, days from the file reference point
pm10_mass, ug/m3, Matrix=pm10
numflag pm10_mass, no unit, Matrix=pm10
pm25_mass, ug/m3, Matrix=pm25
numflag pm25_mass, no unit, Matrix=pm25
0
33
Data definition:              EBAS_1.1
Set type code:                TU
Timezone:                     UTC
File name:                    US0044R.20130101050000.20191216000000.filterpack...52w.3d.US03L_filterpack_US0044.US03L_IMPROVE_Davis.lev2.nas
File creation:                20191218115807
Startdate:                    20130101050000
Revision date:                20191216000000
Version:                      2
Version description:          "Data extracted from http://views.cira.colostate.edu/fed/DataWizard 2019-12-16"
Statistics:                   arithmetic mean
Data level:                   2
Period code:                  52w
Resolution code:              3d
Sample duration:              1d
Orig. time res.:              3d
Station code:                 US0044R
Platform code:                US0044S
Station name:                 Frostberg Reservoir (Big Piney Run)
Station latitude:             39.7058
Station longitude:            -79.0122
Station altitude:             767.0 m
Regime:                       IMG
Component:                    
Unit:                         ug/m3
Matrix:                       
Laboratory code:              US03L
Instrument type:              filterpack
Instrument name:              filterpack_US0044
Method ref:                   US03L_IMPROVE_Davis
Blank correction:             Blank corrected
Volume std. temperature:      ambient
Volume std. pressure:         ambient
starttime endtime PM10 flag_PM10 PM2.5 flag_PM2.5
  0.208333   1.208333  11.216 0.000   6.170 0.000
  3.208333   4.208333   9.503 0.000   6.344 0.000
  6.208333   7.208333  15.495 0.000  10.464 0.000
  9.208333  10.208333   8.888 0.000   4.521 0.000
 12.208333  13.208333   8.238 0.000   4.935 0.000
 15.208333  16.208333   3.841 0.000   1.902 0.000
 18.208333  19.208333   3.681 0.000   1.183 0.000
 21.208333  22.208333  20.440 0.000   4.307 0.000
 24.208333  25.208333  10.708 0.000   5.806 0.000
 27.208333  28.208333  13.879 0.000   8.233 0.000
 30.208333  31.208333   3.587 0.000   2.369 0.000
 33.208333  34.208333   9.446 0.000   5.797 0.000
 36.208333  37.208333  11.779 0.000   8.476 0.000
 39.208333  40.208333   8.647 0.000   5.409 0.000
 42.208333  43.208333   9.213 0.000   3.582 0.000
 45.208333  46.208333   8.410 0.000   4.047 0.000
 48.208333  49.208333   9.819 0.000   3.670 0.000
 51.208333  52.208333   8.667 0.000   5.137 0.000
 54.208333  55.208333  14.217 0.000  10.024 0.000
 57.208333  58.208333   4.730 0.000   2.300 0.000
 60.208333  61.208333   6.945 0.000   4.263 0.000
 63.208333  64.208333  18.235 0.000   6.826 0.000
 66.208333  67.208333   7.603 0.000   4.000 0.000
 69.208333  70.208333  11.542 0.000   4.397 0.000
 72.208333  73.208333   5.869 0.000   3.192 0.000
 75.208333  76.208333   9.026 0.000   7.274 0.000
 78.208333  79.208333   7.559 0.000   3.273 0.000
 81.208333  82.208333  16.000 0.000   8.341 0.000
 84.208333  85.208333  12.024 0.000   3.560 0.000
 87.208333  88.208333  13.946 0.000   4.730 0.000
 90.208333  91.208333  12.658 0.000   5.862 0.000
 93.208333  94.208333  15.004 0.000   4.952 0.000
 96.208333  97.208333  15.564 0.000   6.463 0.000
 99.208333 100.208333  19.959 0.000   7.639 0.659
102.208333 103.208333  11.914 0.000   4.641 0.000
105.208333 106.208333  20.866 0.000   5.641 0.659
108.208333 109.208333  12.059 0.000   4.528 0.000
111.208333 112.208333  11.459 0.000   3.311 0.659
114.208333 115.208333  10.257 0.000   4.602 0.000
117.208333 118.208333  14.781 0.000   7.828 0.000
120.208333 121.208333  10.036 0.000   3.397 0.659
123.208333 124.208333  10.755 0.000   2.910 0.659
126.208333 127.208333   7.787 0.000   1.333 0.000
129.208333 130.208333  22.353 0.000   7.675 0.000
132.208333 133.208333   6.499 0.000   3.328 0.000
135.208333 136.208333  22.072 0.000  10.719 0.000
138.208333 139.208333   9.716 0.000   3.034 0.000
141.208333 142.208333  14.964 0.000   4.650 0.000
144.208333 145.208333  13.867 0.000   4.420 0.000
147.208333 148.208333  29.346 0.000   7.626 0.000
150.208333 151.208333  14.922 0.000   7.202 0.659
153.208333 154.208333  15.301 0.000   8.670 0.000
156.208333 157.208333  10.354 0.000   5.935 0.000
159.208333 160.208333  19.016 0.000  12.430 0.000
162.208333 163.208333  18.124 0.000  11.723 0.000
165.208333 166.208333  11.863 0.000   7.118 0.000
168.208333 169.208333  19.435 0.000   9.315 0.000
171.208333 172.208333  15.424 0.000   9.502 0.659
174.208333 175.208333  16.326 0.000  10.453 0.659
177.208333 178.208333  10.471 0.000   7.014 0.000
180.208333 181.208333  10.728 0.000   5.696 0.000
183.208333 184.208333   6.667 0.000   3.157 0.659
186.208333 187.208333   6.721 0.000   3.054 0.659
189.208333 190.208333  16.824 0.000  10.839 0.000
192.208333 193.208333  10.831 0.000   6.789 0.000
195.208333 196.208333  13.438 0.000   7.116 0.659
198.208333 199.208333  19.655 0.000  15.428 0.659
201.208333 202.208333   9.013 0.000   6.080 0.000
204.208333 205.208333   7.609 0.000   4.557 0.000
207.208333 208.208333   9.773 0.000   6.834 0.000
210.208333 211.208333  12.355 0.000   7.833 0.000
213.208333 214.208333  12.858 0.000   7.909 0.000
216.208333 217.208333   4.763 0.000   2.457 0.000
219.208333 220.208333   7.666 0.000   5.236 0.659
222.208333 223.208333  13.902 0.000  10.099 0.659
225.208333 226.208333   5.106 0.000   2.532 0.659
228.208333 229.208333 999.999 0.999 999.999 0.999
231.208333 232.208333  15.081 0.000   9.420 0.000
234.208333 235.208333  11.385 0.000   7.195 0.000
237.208333 238.208333  14.936 0.000   9.295 0.000
240.208333 241.208333  11.155 0.000   7.538 0.000
243.208333 244.208333  10.539 0.000   6.220 0.000
246.208333 247.208333   8.366 0.000   4.513 0.000
249.208333 250.208333   9.308 0.000   5.843 0.000
252.208333 253.208333  26.025 0.000  17.025 0.000
255.208333 256.208333   6.649 0.000   3.389 0.000
258.208333 259.208333   8.910 0.000   6.085 0.000
261.208333 262.208333   9.412 0.000   5.743 0.000
264.208333 265.208333  39.106 0.000   3.451 0.000
267.208333 268.208333 999.999 0.456   4.005 0.000
270.208333 271.208333 999.999 0.456   5.404 0.000
273.208333 274.208333 999.999 0.456   9.125 0.000
276.208333 277.208333  15.431 0.000  10.300 0.000
279.208333 280.208333   6.167 0.000   2.811 0.000
282.208333 283.208333   6.508 0.000   2.333 0.000
285.208333 286.208333   3.128 0.000   1.890 0.000
288.208333 289.208333   5.448 0.000   4.706 0.000
291.208333 292.208333   7.047 0.000   5.561 0.000
294.208333 295.208333   6.959 0.000   3.780 0.000
297.208333 298.208333   5.724 0.000   3.877 0.000
300.208333 301.208333  12.654 0.000   7.056 0.000
303.208333 304.208333  15.033 0.000   8.986 0.000
306.208333 307.208333   3.473 0.000   1.688 0.000
309.208333 310.208333   7.603 0.000   3.175 0.000
312.208333 313.208333   7.615 0.000   4.266 0.000
315.208333 316.208333   5.340 0.000   1.973 0.000
318.208333 319.208333  10.294 0.000   4.997 0.000
321.208333 322.208333   6.079 0.000   2.223 0.000
324.208333 325.208333  22.075 0.000   6.840 0.000
327.208333 328.208333   5.539 0.000   1.582 0.000
330.208333 331.208333   5.623 0.000   2.707 0.000
333.208333 334.208333  16.859 0.000  12.103 0.000
336.208333 337.208333  21.157 0.000  13.802 0.000
339.208333 340.208333   4.282 0.000   3.770 0.000
342.208333 343.208333   4.123 0.000   3.329 0.000
345.208333 346.208333   9.935 0.000   4.737 0.000
348.208333 349.208333   6.370 0.000   4.606 0.000
351.208333 352.208333   9.621 0.000   6.143 0.000
354.208333 355.208333  11.276 0.000   4.584 0.000
357.208333 358.208333  10.765 0.000   3.987 0.000
360.208333 361.208333   6.896 0.000   3.479 0.000
363.208333 364.208333   4.367 0.000   2.939 0.000
