scripts/IMPROVE-2019_partial/data/US0077R.19960103070000.20191216000000.filterpack...1y.3d.US03L_filterpack_US0077.US03L_IMPROVE_Davis.lev2.nas
51 1001
MISSING INFORMATION
US03L, IMPROVE, , , , , , , 
MISSING INFORMATION
IMPROVE sel_HTAP
1 1
1996 01 01 2019 12 16
0
days from file reference point
4
1 1 1 1
999.999999 999.999 999.999 9.999
end_time of measurement, days from the file reference point
pm10_mass, ug/m3, Matrix=pm10
pm25_mass, ug/m3, Matrix=pm25
numflag, no unit
0
33
Data definition:              EBAS_1.1
Set type code:                TI
Timezone:                     UTC
File name:                    US0077R.19960103070000.20191216000000.filterpack...1y.3d.US03L_filterpack_US0077.US03L_IMPROVE_Davis.lev2.nas
File creation:                20191218120037
Startdate:                    19960103070000
Revision date:                20191216000000
Version:                      2
Version description:          "Data extracted from http://views.cira.colostate.edu/fed/DataWizard 2019-12-16"
Statistics:                   arithmetic mean
Data level:                   2
Period code:                  1y
Resolution code:              3d
Sample duration:              1d
Orig. time res.:              3d
Station code:                 US0077R
Platform code:                US0077S
Station name:                 Canyonlands NP
Station latitude:             38.4587
Station longitude:            -109.821
Station altitude:             1798.0 m
Regime:                       IMG
Component:                    
Unit:                         ug/m3
Matrix:                       
Laboratory code:              US03L
Instrument type:              filterpack
Instrument name:              filterpack_US0077
Method ref:                   US03L_IMPROVE_Davis
Blank correction:             Blank corrected
Volume std. temperature:      ambient
Volume std. pressure:         ambient
starttime endtime PM10 PM2.5 flag
  2.291667   3.291667   7.438   1.623 0.000
  5.291667   6.291667   2.062   0.852 0.000
  9.291667  10.291667  10.455   2.273 0.000
 12.291667  13.291667  13.202   1.682 0.000
 16.291667  17.291667   3.770   1.061 0.000
 19.291667  20.291667   2.817   0.900 0.000
 23.291667  24.291667   2.444   1.173 0.000
 26.291667  27.291667   3.026   0.505 0.000
 30.291667  31.291667   2.151   1.136 0.000
 33.291667  34.291667   2.189   1.095 0.000
 37.291667  38.291667   5.037   1.993 0.000
 40.291667  41.291667   5.745   2.385 0.000
 44.291667  45.291667 999.999 999.999 0.999
 47.291667  48.291667   6.469   2.142 0.000
 51.291667  52.291667   2.585   1.233 0.000
 54.291667  55.291667   5.208   1.720 0.000
 58.291667  59.291667   2.500   1.428 0.000
 61.291667  62.291667   3.651   2.604 0.000
 65.291667  66.291667 999.999 999.999 0.999
 68.291667  69.291667 999.999 999.999 0.999
 72.291667  73.291667 999.999 999.999 0.999
 75.291667  76.291667 999.999 999.999 0.999
 79.291667  80.291667   7.427   2.809 0.000
 82.291667  83.291667   8.319   2.365 0.000
 86.291667  87.291667   6.615   2.415 0.000
 89.291667  90.291667   4.569   1.963 0.000
 93.291667  94.291667   3.896   1.448 0.000
 96.291667  97.291667   7.323   2.069 0.000
100.291667 101.291667   9.031   2.913 0.000
103.291667 104.291667   4.516   1.306 0.000
107.291667 108.291667   9.792   3.546 0.000
110.291667 111.291667   4.271   1.507 0.000
114.291667 115.291667   9.785   3.881 0.000
117.291667 118.291667  15.292   5.448 0.000
121.291667 122.291667   9.236   4.120 0.000
124.291667 125.291667  12.812   7.245 0.000
128.291667 129.291667  10.516   4.296 0.000
131.291667 132.291667   8.598   5.120 0.000
135.291667 136.291667  10.566   5.119 0.000
138.291667 139.291667  27.131   5.627 0.000
142.291667 143.291667  16.623   7.756 0.000
145.291667 146.291667   5.361   3.427 0.000
149.291667 150.291667   5.200   2.754 0.000
152.291667 153.291667  10.947   4.492 0.000
156.291667 157.291667  11.138   5.626 0.000
159.291667 160.291667  12.815   5.590 0.000
163.291667 164.291667  10.086   5.157 0.000
166.291667 167.291667   6.845   4.475 0.000
170.291667 171.291667   6.584   3.297 0.000
173.291667 174.291667  12.792   6.708 0.000
177.291667 178.291667  14.212   5.179 0.000
180.291667 181.291667   5.999   2.546 0.000
184.291667 185.291667   6.675   3.443 0.000
187.291667 188.291667   7.551   3.299 0.000
191.291667 192.291667   7.234   5.398 0.000
194.291667 195.291667   9.947   5.004 0.000
198.291667 199.291667   7.596   5.155 0.000
201.291667 202.291667   6.185   2.355 0.000
205.291667 206.291667   8.887   3.942 0.000
208.291667 209.291667   9.607   4.370 0.000
212.291667 213.291667   9.379   3.895 0.000
215.291667 216.291667  15.616   7.369 0.000
219.291667 220.291667  18.281  11.928 0.000
222.291667 223.291667  11.758   5.115 0.000
226.291667 227.291667  18.432   7.584 0.000
229.291667 230.291667  15.440   5.391 0.000
233.291667 234.291667  16.020   4.378 0.000
236.291667 237.291667   7.165   3.518 0.000
240.291667 241.291667   6.608   4.639 0.000
243.291667 244.291667  20.907  14.373 0.000
247.291667 248.291667  16.652   5.574 0.000
250.291667 251.291667  11.462   3.777 0.000
254.291667 255.291667  11.758   4.053 0.000
257.291667 258.291667   6.066   2.011 0.000
261.291667 262.291667   3.057   1.774 0.000
264.291667 265.291667   7.986   1.989 0.000
268.291667 269.291667   9.466   2.593 0.000
271.291667 272.291667  10.708   2.469 0.000
275.291667 276.291667  16.397   5.068 0.000
278.291667 279.291667   6.674   3.025 0.000
282.291667 283.291667  11.304   5.344 0.000
285.291667 286.291667   9.221   3.973 0.000
289.291667 290.291667  17.733   3.922 0.000
292.291667 293.291667  12.732   3.295 0.000
296.291667 297.291667   2.804   2.074 0.000
299.291667 300.291667   8.342   1.349 0.000
303.291667 304.291667   8.772   3.767 0.000
306.291667 307.291667  11.011   2.739 0.000
310.291667 311.291667   3.560   2.883 0.000
313.291667 314.291667   9.010   2.588 0.000
317.291667 318.291667   9.787   3.308 0.000
320.291667 321.291667   5.076   1.120 0.000
324.291667 325.291667   4.356   2.616 0.000
327.291667 328.291667   2.070   0.711 0.000
331.291667 332.291667   1.603   0.590 0.000
334.291667 335.291667   2.224   0.557 0.000
338.291667 339.291667   2.022   0.807 0.000
341.291667 342.291667   1.978   1.583 0.000
345.291667 346.291667   2.768   1.191 0.000
348.291667 349.291667   8.013   1.146 0.000
352.291667 353.291667   9.111   1.974 0.000
355.291667 356.291667  13.396   1.157 0.000
359.291667 360.291667   4.461   0.660 0.000
362.291667 363.291667   5.197   1.336 0.000
