scripts/IMPROVE-2019_partial/data/US0086R.20010101050000.20191216000000.filterpack..pm25.52w.1w.US03L_filterpack_US0086.US03L_IMPROVE_Davis.lev2.nas
66 1001
MISSING INFORMATION
US03L, IMPROVE, , , , , , , 
MISSING INFORMATION
IMPROVE sel_HTAP
1 1
2001 01 01 2019 12 16
3.000000
days from file reference point
27
1 1 1 1 1 1 1 1 1 1 1 1 1 1 1 1 1 1 1 1 1 1 1 1 1 1 1
999.999999 99.999 9.999 9999.99 9.999 99.99 9.999 9.999 9.999999 99.99 9.999999 9.999 9.999 99.999 9.999 99.999 9.999 999.999 9.999 999.999 9.999 999.999 9.999 9.999 9.999 99.999 9.999
end_time of measurement, days from the file reference point
ammonium, ug N/m3, Revision date=20181210133000
numflag ammonium, no unit, Revision date=20181210133000
iron, ng/m3, Revision date=20181210133000
numflag iron, no unit, Revision date=20181210133000
lead, ng/m3, Revision date=20181210133000
numflag lead, no unit, Revision date=20181210133000
magnesium, ug/m3, Revision date=20181210133000
numflag magnesium, no unit, Revision date=20181210133000
nickel, ng/m3, Revision date=20181210133000
numflag nickel, no unit, Revision date=20181210133000
nitrate, ug N/m3, Revision date=20181210133000
numflag nitrate, no unit, Revision date=20181210133000
organic_carbon, ug C/m3, Revision date=20181210133000
numflag organic_carbon, no unit, Revision date=20181210133000
organic_mass, ug/m3, Revision date=20181210133000
numflag organic_mass, no unit, Revision date=20181210133000
pm10_mass, ug/m3, Version=2, Version description=Data extracted from http://views.cira.colostate.edu/fed/DataWizard 2019-12-16, Sample duration=1d, Orig. time res.=3d, Matrix=pm10, Blank correction=Blank corrected, Volume std. temperature=ambient, Volume std. pressure=ambient
numflag pm10_mass, no unit, Version=2, Version description=Data extracted from http://views.cira.colostate.edu/fed/DataWizard 2019-12-16, Sample duration=1d, Orig. time res.=3d, Matrix=pm10, Blank correction=Blank corrected, Volume std. temperature=ambient, Volume std. pressure=ambient
pm10_pm25_mass, ug/m3, Revision date=20181210133000, Matrix=pm10_pm25
numflag pm10_pm25_mass, no unit, Revision date=20181210133000, Matrix=pm10_pm25
pm25_mass, ug/m3, Version=2, Version description=Data extracted from http://views.cira.colostate.edu/fed/DataWizard 2019-12-16, Sample duration=1d, Orig. time res.=3d, Blank correction=Blank corrected, Volume std. temperature=ambient, Volume std. pressure=ambient
numflag pm25_mass, no unit, Version=2, Version description=Data extracted from http://views.cira.colostate.edu/fed/DataWizard 2019-12-16, Sample duration=1d, Orig. time res.=3d, Blank correction=Blank corrected, Volume std. temperature=ambient, Volume std. pressure=ambient
potassium, ug/m3, Revision date=20181210133000
numflag potassium, no unit, Revision date=20181210133000
sulphate_total, ug S/m3, Revision date=20181210133000
numflag sulphate_total, no unit, Revision date=20181210133000
0
25
Data definition:              EBAS_1.1
Set type code:                TU
Timezone:                     UTC
File name:                    US0086R.20010101050000.20191216000000.filterpack..pm25.52w.1w.US03L_filterpack_US0086.US03L_IMPROVE_Davis.lev2.nas
File creation:                20191218120112
Startdate:                    20010101050000
Revision date:                20191216000000
Statistics:                   arithmetic mean
Data level:                   2
Period code:                  52w
Resolution code:              1w
Station code:                 US0086R
Platform code:                US0086S
Station name:                 Dolly Sods Wilderness
Station latitude:             39.1053
Station longitude:            -79.4261
Station altitude:             1182.0 m
Regime:                       IMG
Component:                    
Matrix:                       pm25
Laboratory code:              US03L
Instrument type:              filterpack
Instrument name:              filterpack_US0086
Method ref:                   US03L_IMPROVE_Davis
starttime endtime NH4+ flag_NH4+ Fe flag_Fe Pb flag_Pb Mg++ flag_Mg++ Ni flag_Ni NO3- flag_NO3- OC flag_OC OM flag_OM PM10 flag_PM10 PM10-PM2.5 flag_PM10-PM2.5 PM2.5 flag_PM2.5 K+ flag_K+ SO4-- flag_SO4--
[from data line 82]
246.208333 247.208333  1.145 0.000   14.08 0.000  1.38 0.000 9.999 0.259000 99.99 0.259000 0.046 0.000  0.973 0.000  1.363 0.000  15.115 0.000   0.814 0.000  14.300 0.000 0.024 0.000  2.413 0.000
249.208333 250.208333  2.515 0.000   26.21 0.000  1.85 0.000 9.999 0.259000 99.99 0.259000 0.029 0.000  1.820 0.000  2.548 0.000  26.422 0.000   2.437 0.000  23.985 0.000 0.039 0.000  4.068 0.000
252.208333 253.208333  0.486 0.000    6.63 0.000  1.12 0.000 9.999 0.259000 99.99 0.259000 0.019 0.000  0.412 0.000  0.577 0.000   7.931 0.000   1.716 0.000   6.215 0.000 0.021 0.000  1.099 0.000
255.208333 256.208333  1.387 0.559   27.96 0.000  1.52 0.000 9.999 0.259000  0.13 0.000000 0.046 0.559  1.629 0.000  2.281 0.000  18.491 0.000   3.493 0.000  14.998 0.000 0.025 0.000  2.229 0.559
258.208333 259.208333  0.377 0.000   11.07 0.000  1.66 0.000 9.999 0.259000 99.99 0.259000 0.077 0.000  0.696 0.000  0.974 0.000   5.178 0.000   1.575 0.000   3.603 0.000 0.017 0.000  0.426 0.000
261.208333 262.208333  2.140 0.000   31.97 0.000  1.69 0.000 9.999 0.259000  0.10 0.000000 0.041 0.000  2.991 0.000  4.187 0.000  23.340 0.000   4.228 0.000  19.112 0.000 0.040 0.000  3.015 0.000
264.208333 265.208333  1.342 0.000   22.01 0.000  2.84 0.000 9.999 0.259000 99.99 0.259000 0.042 0.000  1.596 0.000  2.234 0.000  15.656 0.000   3.086 0.000  12.570 0.000 0.038 0.000  2.115 0.000
267.208333 268.208333  0.133 0.559    3.27 0.000  0.66 0.000 9.999 0.259000 99.99 0.259000 0.018 0.559  1.075 0.000  1.504 0.000   4.511 0.000   0.564 0.000   3.947 0.000 0.016 0.000  0.431 0.559
270.208333 271.208333  0.535 0.000   14.04 0.000  2.30 0.000 9.999 0.259000  0.14 0.000000 0.071 0.000  2.904 0.000  4.065 0.000  10.293 0.000   1.518 0.000   8.775 0.000 0.020 0.000  0.909 0.000
273.208333 274.208333  0.810 0.559   22.08 0.000  3.66 0.000 9.999 0.259000  0.32 0.000000 0.088 0.559  4.148 0.000  5.807 0.000  14.135 0.000   2.829 0.000  11.306 0.000 0.047 0.000  1.018 0.559
276.208333 277.208333  1.113 0.000   39.64 0.000  1.74 0.000 9.999 0.259000 99.99 0.259000 0.041 0.000  3.013 0.000  4.218 0.000  19.263 0.000   5.992 0.000  13.271 0.000 0.084 0.000  1.502 0.000
279.208333 280.208333  0.438 0.000   14.71 0.000  1.50 0.000 9.999 0.259000 99.99 0.259000 0.097 0.000  2.286 0.000  3.200 0.000   9.190 0.000   2.861 0.000   6.329 0.000 0.042 0.000  0.488 0.000
282.208333 283.208333  0.357 0.000   17.02 0.000  1.53 0.000 9.999 0.259000 99.99 0.259000 0.035 0.000  1.082 0.000  1.515 0.000   6.490 0.000   2.236 0.000   4.253 0.000 0.047 0.000  0.437 0.000
285.208333 286.208333  0.392 0.000    7.39 0.000  0.64 0.000 9.999 0.259000 99.99 0.259000 0.071 0.000  0.571 0.000  0.800 0.000   7.561 0.000   2.199 0.000   5.362 0.000 0.024 0.000  0.860 0.000
288.208333 289.208333  0.324 0.000    9.65 0.000  0.76 0.000 0.027 0.000000 99.99 0.259000 0.047 0.000  0.514 0.000  0.720 0.000   5.931 0.000   2.291 0.000   3.641 0.000 0.018 0.000  0.507 0.000
291.208333 292.208333  0.533 0.000   21.58 0.000  1.18 0.000 9.999 0.259000 99.99 0.259000 0.042 0.000  1.257 0.000  1.760 0.000   7.936 0.000   2.217 0.000   5.719 0.000 0.036 0.000  0.637 0.000
294.208333 295.208333  1.575 0.000   36.45 0.559  1.94 0.559 9.999 0.559259  0.06 0.559000 0.050 0.000  2.544 0.000  3.561 0.000  19.841 0.000   5.423 0.000  14.419 0.559 0.056 0.559  2.130 0.000
297.208333 298.208333  0.233 0.000   11.54 0.000  0.93 0.000 9.999 0.259000  0.15 0.000000 0.032 0.000  0.570 0.000  0.798 0.000   6.575 0.000   3.482 0.000   3.093 0.000 0.022 0.000  0.369 0.000
300.208333 301.208333  0.428 0.000   14.85 0.000  1.70 0.000 9.999 0.259000  0.23 0.000000 0.103 0.000  3.315 0.000  4.642 0.000   9.580 0.000   1.051 0.000   8.529 0.000 0.040 0.000  0.754 0.000
303.208333 304.208333  1.095 0.000   41.78 0.559  2.53 0.559 9.999 0.559259  0.30 0.559000 0.115 0.000  2.155 0.000  3.016 0.000 999.999 0.456 999.999 0.999  10.602 0.559 0.055 0.559  1.283 0.000
306.208333 307.208333  0.583 0.000   18.50 0.000  1.88 0.000 9.999 0.259000 99.99 0.259000 0.242 0.000  2.108 0.000  2.952 0.000 999.999 0.456 999.999 0.999   6.944 0.000 0.040 0.000  0.648 0.000
309.208333 310.208333  0.585 0.000   17.15 0.000  1.69 0.000 0.045 0.000000 99.99 0.259000 0.165 0.000  1.845 0.000  2.583 0.000 999.999 0.456 999.999 0.999   6.427 0.000 0.028 0.000  0.636 0.000
312.208333 313.208333  0.354 0.000   12.31 0.000  1.41 0.000 9.999 0.259000  0.09 0.000000 0.037 0.000  1.786 0.000  2.500 0.000   6.737 0.000   1.268 0.000   5.469 0.000 0.026 0.000  0.477 0.000
315.208333 316.208333  0.490 0.000   20.90 0.000  1.52 0.000 9.999 0.259000 99.99 0.259000 0.092 0.000  1.982 0.000  2.775 0.000   7.901 0.000   1.619 0.000   6.282 0.000 0.027 0.000  0.600 0.000
318.208333 319.208333  1.653 0.000   35.16 0.000  1.73 0.000 9.999 0.259000  0.15 0.000000 0.083 0.000  4.151 0.000  5.811 0.000  21.041 0.000   3.961 0.000  17.080 0.000 0.069 0.000  1.990 0.000
321.208333 322.208333  1.988 0.000   31.49 0.559  3.44 0.559 9.999 0.559259  0.22 0.559000 0.243 0.000  2.891 0.000  4.048 0.000  19.752 0.000   4.795 0.000  14.957 0.559 0.073 0.559  2.032 0.000
324.208333 325.208333  0.461 0.000   11.09 0.000  1.63 0.000 9.999 0.259000 99.99 0.259000 0.113 0.000  0.642 0.000  0.899 0.000   4.978 0.000   1.271 0.000   3.708 0.000 0.034 0.000  0.463 0.000
327.208333 328.208333  0.540 0.000    7.30 0.000  0.96 0.000 9.999 0.259000  0.22 0.000000 0.022 0.000  0.670 0.000  0.937 0.000   6.572 0.000   0.888 0.000   5.684 0.000 0.021 0.000  0.929 0.000
330.208333 331.208333  0.762 0.000   15.32 0.000  0.50 0.000 9.999 0.259000  0.34 0.000000 0.051 0.000  1.139 0.000  1.594 0.000  10.735 0.000   3.393 0.000   7.342 0.000 0.044 0.000  1.122 0.000
333.208333 334.208333  0.535 0.000    8.98 0.000  1.00 0.000 9.999 0.259000  0.22 0.000000 0.031 0.000  0.705 0.000  0.987 0.000   7.358 0.000   1.960 0.000   5.398 0.000 0.029 0.000  0.913 0.000
336.208333 337.208333  0.155 0.000    7.88 0.000  0.56 0.000 9.999 0.259000 99.99 0.259000 0.019 0.000  0.572 0.000  0.801 0.000   3.018 0.000   1.050 0.000   1.968 0.000 0.017 0.000  0.168 0.000
339.208333 340.208333  0.504 0.000   12.94 0.000  1.08 0.000 9.999 0.259000 99.99 0.259000 0.079 0.000  1.883 0.000  2.636 0.000   9.177 0.000   2.290 0.000   6.886 0.000 0.039 0.000  0.724 0.000
342.208333 343.208333  0.966 0.000   21.24 0.000  2.80 0.000 9.999 0.259000  0.26 0.000000 0.309 0.000  2.167 0.000  3.033 0.000   9.831 0.000   1.129 0.000   8.703 0.000 0.028 0.000  1.066 0.000
345.208333 346.208333  0.516 0.000   28.03 0.000  1.46 0.000 9.999 0.259000  0.30 0.000000 0.117 0.000  0.505 0.000  0.707 0.000   4.699 0.000   0.359 0.000   4.340 0.000 0.019 0.000  0.748 0.000
348.208333 349.208333  0.356 0.000   19.64 0.000  1.56 0.000 9.999 0.259000 99.99 0.259000 0.041 0.000  1.007 0.000  1.410 0.000   6.030 0.000   0.324 0.000   5.705 0.000 0.019 0.000  0.812 0.000
351.208333 352.208333  0.609 0.000    8.27 0.000  0.97 0.000 9.999 0.259000  0.12 0.000000 0.193 0.000  1.121 0.000  1.570 0.000   5.085 0.000 999.999 0.259   5.085 0.000 0.017 0.000  0.644 0.000
354.208333 355.208333  0.422 0.000   12.44 0.000  1.24 0.000 9.999 0.259000 99.99 0.259000 0.237 0.000  3.657 0.000  5.120 0.000   9.204 0.000   1.347 0.000   7.857 0.000 0.033 0.000  0.279 0.000
357.208333 358.208333  0.540 0.000    8.76 0.000  1.42 0.000 9.999 0.259000 99.99 0.259000 0.139 0.000  0.678 0.000  0.949 0.000   4.895 0.000   1.083 0.000   3.812 0.000 0.016 0.000  0.559 0.000
360.208333 361.208333  0.501 0.000   11.07 0.000  1.15 0.000 9.999 0.259000 99.99 0.259000 0.198 0.000  0.761 0.000  1.066 0.000   4.924 0.000   1.392 0.000   3.533 0.000 0.023 0.000  0.631 0.000
363.208333 364.208333  0.559 0.000    9.67 0.000  2.24 0.000 9.999 0.259000 99.99 0.259000 0.168 0.000  0.970 0.000  1.357 0.000   5.303 0.000   0.753 0.000   4.550 0.000 0.025 0.000  0.772 0.000
