scripts/IMPROVE-2019_partial/data/US0061R.20010101050000.20191216000000.filterpack..pm25.52w.1w.US03L_filterpack_US0061.US03L_IMPROVE_Davis.lev2.nas
64 1001
MISSING INFORMATION
US03L, IMPROVE, , , , , , , 
MISSING INFORMATION
IMPROVE sel_HTAP
1 1
2001 01 01 2019 12 16
3.000000
days from file reference point
25
1 1 1 1 1 1 1 1 1 1 1 1 1 1 1 1 1 1 1 1 1 1 1 1 1
999.999999 9999.99 9.999 99.99 9.999 9.999 9.999999 99.99 9.999 99.999 9.999 999.999 9.999 999.999 9.999 9999.999 9.999 999.999 9.999 999.999 9.999 9.999 9.999 999.999 9.999
end_time of measurement, days from the file reference point
iron, ng/m3, Revision date=20181210133000
numflag iron, no unit, Revision date=20181210133000
lead, ng/m3, Revision date=20181210133000
numflag lead, no unit, Revision date=20181210133000
magnesium, ug/m3, Revision date=20181210133000
numflag magnesium, no unit, Revision date=20181210133000
nickel, ng/m3, Revision date=20181210133000
numflag nickel, no unit, Revision date=20181210133000
nitrate, ug N/m3, Revision date=20181210133000
numflag nitrate, no unit, Revision date=20181210133000
organic_carbon, ug C/m3, Revision date=20181210133000
numflag organic_carbon, no unit, Revision date=20181210133000
organic_mass, ug/m3, Revision date=20181210133000
numflag organic_mass, no unit, Revision date=20181210133000
pm10_mass, ug/m3, Version=2, Version description=Data extracted from http://views.cira.colostate.edu/fed/DataWizard 2019-12-16, Sample duration=1d, Orig. time res.=3d, Matrix=pm10, Blank correction=Blank corrected, Volume std. temperature=ambient, Volume std. pressure=ambient
numflag pm10_mass, no unit, Version=2, Version description=Data extracted from http://views.cira.colostate.edu/fed/DataWizard 2019-12-16, Sample duration=1d, Orig. time res.=3d, Matrix=pm10, Blank correction=Blank corrected, Volume std. temperature=ambient, Volume std. pressure=ambient
pm10_pm25_mass, ug/m3, Revision date=20181210133000, Matrix=pm10_pm25
numflag pm10_pm25_mass, no unit, Revision date=20181210133000, Matrix=pm10_pm25
pm25_mass, ug/m3, Version=2, Version description=Data extracted from http://views.cira.colostate.edu/fed/DataWizard 2019-12-16, Sample duration=1d, Orig. time res.=3d, Blank correction=Blank corrected, Volume std. temperature=ambient, Volume std. pressure=ambient
numflag pm25_mass, no unit, Version=2, Version description=Data extracted from http://views.cira.colostate.edu/fed/DataWizard 2019-12-16, Sample duration=1d, Orig. time res.=3d, Blank correction=Blank corrected, Volume std. temperature=ambient, Volume std. pressure=ambient
potassium, ug/m3, Revision date=20181210133000
numflag potassium, no unit, Revision date=20181210133000
sulphate_total, ug S/m3, Revision date=20181210133000
numflag sulphate_total, no unit, Revision date=20181210133000
0
25
Data definition:              EBAS_1.1
Set type code:                TU
Timezone:                     UTC
File name:                    US0061R.20010101050000.20191216000000.filterpack..pm25.52w.1w.US03L_filterpack_US0061.US03L_IMPROVE_Davis.lev2.nas
File creation:                20191218115918
Startdate:                    20010101050000
Revision date:                20191216000000
Statistics:                   arithmetic mean
Data level:                   2
Period code:                  52w
Resolution code:              1w
Station code:                 US0061R
Platform code:                US0061S
Station name:                 Brigantine NWR
Station latitude:             39.465
Station longitude:            -74.4492
Station altitude:             5.0 m
Regime:                       IMG
Component:                    
Matrix:                       pm25
Laboratory code:              US03L
Instrument type:              filterpack
Instrument name:              filterpack_US0061
Method ref:                   US03L_IMPROVE_Davis
starttime endtime Fe flag_Fe Pb flag_Pb Mg++ flag_Mg++ Ni flag_Ni NO3- flag_NO3- OC flag_OC OM flag_OM PM10 flag_PM10 PM10-PM2.5 flag_PM10-PM2.5 PM2.5 flag_PM2.5 K+ flag_K+ SO4-- flag_SO4--
  0.208333   1.208333   15.01 0.000  3.26 0.000 9.999 0.259000  2.01 0.000  0.331 0.559   1.193 0.000   1.671 0.000    8.436 0.000   2.711 0.000   5.724 0.000 0.047 0.000   0.597 0.559
  3.208333   4.208333   36.29 0.000  2.92 0.000 9.999 0.259000  3.24 0.000  0.888 0.559   2.399 0.000   3.358 0.000   21.174 0.000   5.260 0.000  15.914 0.000 0.056 0.000   1.644 0.559
  6.208333   7.208333   27.43 0.000  3.69 0.000 9.999 0.259000  2.20 0.000  0.547 0.000   2.365 0.000   3.311 0.000   15.498 0.000   4.058 0.000  11.440 0.000 0.053 0.000   1.155 0.000
  9.208333  10.208333   48.59 0.000  3.51 0.000 9.999 0.259000  1.64 0.000  1.227 0.000   1.675 0.000   2.345 0.000   18.149 0.000   3.918 0.000  14.231 0.000 0.055 0.000   1.080 0.000
 12.208333  13.208333   39.00 0.000  5.12 0.000 9.999 0.259000  7.17 0.000  0.624 0.000   3.103 0.000   4.344 0.000   15.593 0.000   4.476 0.000  11.117 0.000 0.052 0.000   0.785 0.000
 15.208333  16.208333   33.43 0.000  4.08 0.000 9.999 0.259000  3.11 0.000  0.592 0.000   1.827 0.000   2.558 0.000   14.164 0.000   2.124 0.000  12.039 0.000 0.036 0.000   1.734 0.000
 18.208333  19.208333    6.24 0.000  1.31 0.000 9.999 0.259000  2.32 0.000  0.077 0.000   0.690 0.000   0.965 0.000    3.853 0.000   0.829 0.000   3.025 0.000 0.014 0.000   0.457 0.000
 21.208333  22.208333   42.16 0.000  4.26 0.000 9.999 0.259000  2.37 0.000  1.004 0.000   3.167 0.000   4.433 0.000   20.067 0.000   3.873 0.000  16.193 0.000 0.061 0.000   1.336 0.000
 24.208333  25.208333   56.33 0.000  6.42 0.000 9.999 0.259000  3.39 0.000  0.964 0.000   1.998 0.000   2.797 0.000   22.904 0.000   5.700 0.000  17.203 0.000 0.050 0.000   1.934 0.000
 27.208333  28.208333   23.09 0.000  2.35 0.000 9.999 0.259000  0.87 0.000  0.449 0.000   1.573 0.000   2.203 0.000   12.517 0.000   3.112 0.000   9.405 0.000 0.034 0.000   1.213 0.000
 30.208333  31.208333   17.96 0.000  0.95 0.000 9.999 0.259000  1.36 0.000  0.180 0.000   1.098 0.000   1.537 0.000 9999.999 0.456 999.999 0.999   6.041 0.000 0.026 0.000   0.885 0.000
 33.208333  34.208333   27.49 0.000  3.62 0.000 9.999 0.259000  0.80 0.000  0.669 0.000   1.276 0.000   1.787 0.000   12.034 0.000   2.817 0.000   9.218 0.000 0.038 0.000   0.830 0.000
 36.208333  37.208333   38.51 0.000  3.13 0.000 9.999 0.259000  0.80 0.000  0.428 0.000   1.317 0.000   1.843 0.000   16.145 0.000   5.036 0.000  11.108 0.000 0.059 0.000   1.743 0.000
 39.208333  40.208333   20.50 0.000  1.58 0.000 9.999 0.259000  1.63 0.000  0.433 0.000   1.466 0.000   2.052 0.000   22.548 0.000   9.220 0.000  13.328 0.000 0.072 0.000   1.544 0.000
 42.208333  43.208333   11.41 0.000  1.85 0.000 9.999 0.259000  1.05 0.000  0.106 0.000   0.573 0.000   0.801 0.000    7.116 0.000   4.350 0.000   2.765 0.000 0.018 0.000   0.265 0.000
 45.208333  46.208333   24.73 0.000  2.78 0.000 9.999 0.259000  1.41 0.000  0.323 0.000   1.059 0.000   1.482 0.000   10.395 0.000   2.772 0.000   7.623 0.000 0.030 0.000   1.150 0.000
 48.208333  49.208333   17.67 0.000  2.06 0.000 9.999 0.259000  0.79 0.000  0.235 0.000   0.836 0.000   1.170 0.000    7.716 0.000   1.852 0.000   5.864 0.000 0.028 0.000   0.769 0.000
 51.208333  52.208333   39.29 0.000  3.17 0.000 9.999 0.259000  1.15 0.000  0.731 0.000   1.842 0.000   2.579 0.000   17.833 0.000   6.446 0.000  11.386 0.000 0.063 0.000   1.047 0.000
 54.208333  55.208333   22.90 0.000  1.77 0.000 9.999 0.259000  2.89 0.000  0.373 0.000   0.894 0.000   1.251 0.000   11.445 0.000   4.040 0.000   7.405 0.000 0.031 0.000   0.980 0.000
 57.208333  58.208333   34.01 0.000  4.22 0.000 9.999 0.259000  1.11 0.000  0.496 0.000   1.160 0.000   1.623 0.000   15.843 0.000   5.270 0.000  10.573 0.000 0.032 0.000   1.487 0.000
 60.208333  61.208333   47.93 0.000  3.77 0.000 9.999 0.259000  1.06 0.000  0.681 0.559   1.579 0.000   2.211 0.000   20.576 0.000   9.861 0.000  10.715 0.000 0.051 0.000   1.079 0.559
 63.208333  64.208333 9999.99 0.456 99.99 0.456 9.999 0.456000 99.99 0.456  0.055 0.000   0.560 0.000   0.784 0.000    7.845 0.000 999.999 0.999 999.999 0.456 9.999 0.456   0.601 0.000
 66.208333  67.208333   13.58 0.000  1.47 0.000 9.999 0.259000  1.60 0.000  0.143 0.000   0.993 0.000   1.390 0.000   10.074 0.000   5.029 0.000   5.045 0.000 0.020 0.000   0.613 0.000
 69.208333  70.208333   33.25 0.000  4.40 0.000 9.999 0.259000  1.50 0.000  0.632 0.000   1.897 0.000   2.656 0.000   18.004 0.000   6.388 0.000  11.616 0.000 0.047 0.000   1.383 0.000
 72.208333  73.208333   27.87 0.000  1.97 0.000 9.999 0.259000  0.86 0.000  0.150 0.000   0.749 0.000   1.049 0.000    9.501 0.000   3.148 0.000   6.353 0.000 0.022 0.000   1.033 0.000
 75.208333  76.208333   31.65 0.000  2.11 0.000 9.999 0.259000  1.52 0.000  0.264 0.559   1.240 0.000   1.736 0.000   11.674 0.000   4.328 0.000   7.346 0.000 0.033 0.000   1.007 0.559
 78.208333  79.208333   31.52 0.000  4.22 0.000 9.999 0.259000  1.95 0.000  0.122 0.000   1.116 0.000   1.562 0.000    9.884 0.000   5.326 0.000   4.558 0.000 0.030 0.000   0.402 0.000
 81.208333  82.208333   34.66 0.000  2.93 0.000 9.999 0.259000  0.64 0.000  0.167 0.559   0.809 0.000   1.133 0.000   13.846 0.000   8.272 0.000   5.574 0.000 0.026 0.000   0.787 0.559
 84.208333  85.208333   27.64 0.000  3.46 0.000 9.999 0.259000  1.33 0.000  0.361 0.000   1.272 0.000   1.781 0.000   13.074 0.000   3.971 0.000   9.103 0.000 0.033 0.000   1.363 0.000
 87.208333  88.208333   39.53 0.000  3.31 0.000 9.999 0.259000  1.73 0.000  0.451 0.000   1.236 0.000   1.731 0.000   41.152 0.000  30.004 0.000  11.149 0.000 0.043 0.000   1.580 0.000
 90.208333  91.208333    8.68 0.000  1.24 0.000 9.999 0.259000  2.02 0.000  0.144 0.000   0.734 0.000   1.028 0.000   15.465 0.000  10.358 0.000   5.107 0.000 0.022 0.000   0.741 0.000
 93.208333  94.208333   32.21 0.000  3.57 0.000 9.999 0.259000  2.79 0.000  0.157 0.000   0.941 0.000   1.317 0.000   21.941 0.000  12.311 0.000   9.630 0.000 0.037 0.000   1.515 0.000
 96.208333  97.208333   62.78 0.000  4.24 0.000 9.999 0.259000  2.68 0.000  0.542 0.000   1.605 0.000   2.247 0.000   24.327 0.000  10.868 0.000  13.459 0.000 0.075 0.000   1.888 0.000
 99.208333 100.208333   22.26 0.000  2.85 0.000 9.999 0.259000  2.74 0.000  0.154 0.000   1.109 0.000   1.553 0.000   13.222 0.000   5.432 0.000   7.790 0.000 0.024 0.000   1.084 0.000
102.208333 103.208333   63.85 0.000  2.55 0.000 9.999 0.259000  1.25 0.000  0.140 0.000   1.969 0.000   2.757 0.000   24.116 0.000  12.593 0.000  11.523 0.000 0.067 0.000   1.503 0.000
105.208333 106.208333   49.62 0.000  2.69 0.000 9.999 0.259000  1.38 0.000  0.143 0.000   0.957 0.000   1.340 0.000   10.671 0.000   4.563 0.000   6.107 0.000 0.045 0.000   0.741 0.000
108.208333 109.208333   44.68 0.000  3.35 0.000 9.999 0.259000  1.63 0.000  0.205 0.000   0.826 0.000   1.157 0.000   22.367 0.000  16.160 0.000   6.207 0.000 0.040 0.000   0.910 0.000
111.208333 112.208333  413.58 0.000  3.51 0.000 9.999 0.259000  0.47 0.000  0.361 0.000   2.023 0.000   2.833 0.000   50.252 0.000  26.008 0.000  24.244 0.000 0.309 0.000   1.705 0.000
114.208333 115.208333   29.45 0.000  2.10 0.000 9.999 0.259000  0.77 0.000  0.037 0.000   0.544 0.000   0.762 0.000   17.065 0.000  13.136 0.000   3.929 0.000 0.019 0.000   0.562 0.000
117.208333 118.208333   81.90 0.000  4.24 0.000 9.999 0.259000  1.79 0.000  0.120 0.000   1.617 0.000   2.263 0.000   22.222 0.000  14.452 0.000   7.770 0.000 0.054 0.000   0.888 0.000
120.208333 121.208333  112.67 0.000  4.87 0.000 9.999 0.259000  2.15 0.000  0.195 0.000   2.696 0.000   3.774 0.000   48.527 0.000  32.247 0.000  16.281 0.000 0.097 0.000   1.980 0.000
123.208333 124.208333  140.38 0.000  3.31 0.000 9.999 0.259000  2.16 0.000  0.260 0.000   3.793 0.000   5.310 0.000   64.843 0.000  36.060 0.000  28.782 0.000 0.123 0.000   3.195 0.000
126.208333 127.208333   18.00 0.000  0.71 0.000 9.999 0.259000  0.51 0.000  0.076 0.000   0.381 0.000   0.534 0.000   27.058 0.000  21.985 0.000   5.072 0.000 0.027 0.000   0.448 0.000
129.208333 130.208333  181.60 0.000  5.48 0.000 9.999 0.259000  2.32 0.000  0.318 0.000   2.559 0.000   3.583 0.000   45.791 0.000  28.554 0.000  17.237 0.000 0.094 0.000   2.224 0.000
132.208333 133.208333   49.88 0.000  2.16 0.000 9.999 0.259000  0.93 0.000  0.046 0.000   1.087 0.000   1.521 0.000   19.318 0.000  14.617 0.000   4.701 0.000 0.034 0.000   0.497 0.000
135.208333 136.208333   26.29 0.000  1.06 0.000 9.999 0.259000  0.37 0.000  0.090 0.000   0.538 0.000   0.753 0.000   30.403 0.000  25.681 0.000   4.722 0.000 0.025 0.000   0.594 0.000
138.208333 139.208333   46.93 0.000  2.98 0.000 9.999 0.259000  2.53 0.000  0.174 0.000   2.101 0.000   2.941 0.000   30.204 0.000   5.000 0.000  25.205 0.000 0.034 0.000   3.734 0.000
141.208333 142.208333   28.15 0.000  1.53 0.000 9.999 0.259000  2.35 0.000  0.149 0.000   1.704 0.000   2.385 0.000   27.394 0.000  14.880 0.000  12.514 0.000 0.036 0.000   2.068 0.000
144.208333 145.208333   12.90 0.000  0.91 0.000 9.999 0.259000  0.79 0.000  0.080 0.000   0.721 0.000   1.010 0.000    9.975 0.000   5.558 0.000   4.416 0.000 0.023 0.000   0.519 0.000
147.208333 148.208333   25.90 0.000  2.14 0.000 9.999 0.259000  1.05 0.000  0.068 0.000   1.925 0.000   2.694 0.000   16.709 0.000   6.585 0.000  10.123 0.000 0.038 0.000   1.432 0.000
150.208333 151.208333   65.77 0.000  2.98 0.000 9.999 0.259000  0.74 0.000  0.058 0.000   1.087 0.000   1.522 0.000   20.325 0.000  14.986 0.000   5.340 0.000 0.033 0.000   0.450 0.000
153.208333 154.208333   20.90 0.000  2.12 0.000 9.999 0.259000  0.82 0.000  0.114 0.000   1.326 0.000   1.857 0.000   19.907 0.000  10.266 0.000   9.642 0.000 0.035 0.000   1.436 0.000
156.208333 157.208333   40.73 0.000  3.45 0.000 9.999 0.259000  0.86 0.000  0.100 0.000   1.792 0.000   2.509 0.000   35.099 0.000  20.442 0.000  14.657 0.000 0.033 0.000   2.422 0.000
159.208333 160.208333   52.48 0.000  2.64 0.000 9.999 0.259000  0.84 0.000  0.072 0.000   2.452 0.000   3.433 0.000   30.246 0.000  20.487 0.000   9.759 0.000 0.040 0.000   0.864 0.000
162.208333 163.208333   35.14 0.000  2.48 0.000 9.999 0.259000  1.55 0.000  0.073 0.000   2.754 0.000   3.855 0.000   82.614 0.000  55.440 0.000  27.174 0.000 0.040 0.000   4.661 0.000
165.208333 166.208333  122.76 0.000  0.46 0.000 9.999 0.259000  1.09 0.000  0.098 0.000   0.442 0.000   0.619 0.000   20.624 0.000   9.525 0.000  11.099 0.000 0.099 0.000   1.615 0.000
168.208333 169.208333   24.88 0.000  2.22 0.000 9.999 0.259000  0.42 0.000  0.045 0.000   3.019 0.000   4.226 0.000   16.717 0.000   5.132 0.000  11.584 0.000 0.037 0.000   1.122 0.000
171.208333 172.208333   19.28 0.000  1.19 0.000 9.999 0.259000  1.63 0.000  0.099 0.000   1.617 0.000   2.264 0.000   25.948 0.000  12.666 0.000  13.282 0.000 0.059 0.000   2.011 0.000
174.208333 175.208333   10.06 0.000  2.18 0.000 9.999 0.259000  0.48 0.000  0.040 0.000   1.435 0.000   2.009 0.000    9.814 0.000   4.386 0.000   5.428 0.000 0.044 0.000   0.594 0.000
177.208333 178.208333   90.08 0.000  3.11 0.000 9.999 0.259000  2.33 0.000  0.076 0.000   3.913 0.000   5.478 0.000   39.857 0.000  10.567 0.000  29.290 0.000 0.034 0.000   4.674 0.000
180.208333 181.208333   73.29 0.000  2.18 0.000 9.999 0.259000  2.30 0.000  0.094 0.000   3.990 0.000   5.586 0.000   43.746 0.000   7.758 0.000  35.988 0.000 0.061 0.000   5.779 0.000
183.208333 184.208333 9999.99 0.999 99.99 0.999 9.999 0.999000 99.99 0.999 99.999 0.999 999.999 0.999 999.999 0.999 9999.999 0.999 999.999 0.999 999.999 0.999 9.999 0.999 999.999 0.999
186.208333 187.208333 9999.99 0.456 99.99 0.456 9.999 0.456000 99.99 0.456 99.999 0.456 999.999 0.999 999.999 0.999 9999.999 0.456 999.999 0.999 999.999 0.456 9.999 0.456 999.999 0.456
189.208333 190.208333 9999.99 0.456 99.99 0.456 9.999 0.456000 99.99 0.456 99.999 0.456 999.999 0.999 999.999 0.999 9999.999 0.456 999.999 0.999 999.999 0.456 9.999 0.456 999.999 0.456
192.208333 193.208333   42.15 0.000  2.34 0.000 9.999 0.259000  1.02 0.000  0.044 0.000   1.937 0.000   2.711 0.000   17.756 0.000   9.037 0.000   8.719 0.000 0.028 0.000   0.932 0.000
195.208333 196.208333   28.70 0.000  4.11 0.000 9.999 0.259000  0.98 0.000  0.043 0.000   1.946 0.000   2.725 0.000   13.265 0.000   4.493 0.000   8.772 0.000 0.040 0.000   1.022 0.000
198.208333 199.208333   19.43 0.000  1.12 0.000 9.999 0.259000  0.79 0.000  0.071 0.000   1.803 0.000   2.524 0.000   28.656 0.000   6.809 0.000  21.847 0.000 0.027 0.000   3.347 0.000
201.208333 202.208333   41.86 0.000  3.79 0.000 9.999 0.259000  1.63 0.000  0.058 0.000   2.700 0.000   3.780 0.000   16.775 0.000   5.609 0.000  11.166 0.000 0.036 0.000   1.205 0.000
204.208333 205.208333   73.54 0.000  0.46 0.000 9.999 0.259000  1.44 0.000  0.157 0.000   1.118 0.000   1.566 0.000   34.499 0.000  25.834 0.000   8.665 0.000 0.050 0.000   0.967 0.000
207.208333 208.208333   16.36 0.000  1.26 0.000 9.999 0.259000  0.79 0.000  0.067 0.000   1.004 0.000   1.406 0.000   13.220 0.000   9.113 0.000   4.106 0.000 0.025 0.000   0.255 0.000
210.208333 211.208333   10.25 0.000  0.34 0.000 9.999 0.259000  0.72 0.000  0.058 0.000   0.582 0.000   0.815 0.000   11.002 0.000   6.503 0.000   4.499 0.000 0.021 0.000   0.362 0.000
213.208333 214.208333   26.65 0.000  1.09 0.000 9.999 0.259000  1.51 0.000  0.080 0.000   1.744 0.000   2.441 0.000   18.407 0.000  10.674 0.000   7.733 0.000 0.027 0.000   0.780 0.000
216.208333 217.208333   40.47 0.000  0.38 0.000 9.999 0.259000  2.30 0.000  0.123 0.000   0.808 0.000   1.131 0.000   14.840 0.000   5.661 0.000   9.179 0.000 0.039 0.000   1.393 0.000
219.208333 220.208333 9999.99 0.699 99.99 0.699 9.999 0.699000 99.99 0.699  0.116 0.000  12.456 0.000  17.438 0.000  144.076 0.000 999.999 0.999 999.999 0.699 9.999 0.699  18.901 0.000
222.208333 223.208333 9999.99 0.999 99.99 0.999 9.999 0.999000 99.99 0.999 99.999 0.999 999.999 0.999 999.999 0.999 9999.999 0.999 999.999 0.999 999.999 0.999 9.999 0.999 999.999 0.999
225.208333 226.208333 9999.99 0.999 99.99 0.999 9.999 0.999000 99.99 0.999 99.999 0.999 999.999 0.999 999.999 0.999 9999.999 0.999 999.999 0.999 999.999 0.999 9.999 0.999 999.999 0.999
228.208333 229.208333 9999.99 0.999 99.99 0.999 9.999 0.999000 99.99 0.999 99.999 0.999 999.999 0.999 999.999 0.999 9999.999 0.999 999.999 0.999 999.999 0.999 9.999 0.999 999.999 0.999
231.208333 232.208333 9999.99 0.999 99.99 0.999 9.999 0.999000 99.99 0.999 99.999 0.999 999.999 0.999 999.999 0.999 9999.999 0.999 999.999 0.999 999.999 0.999 9.999 0.999 999.999 0.999
234.208333 235.208333   35.90 0.000  2.18 0.000 9.999 0.259000  2.06 0.000  0.099 0.000   2.643 0.000   3.700 0.000   30.515 0.000   6.718 0.000  23.797 0.000 0.037 0.000   4.221 0.000
237.208333 238.208333    8.55 0.000  0.66 0.000 9.999 0.259000  0.43 0.000  0.084 0.000   0.886 0.000   1.241 0.000   12.752 0.000   7.864 0.000   4.888 0.000 0.036 0.000   0.451 0.000
240.208333 241.208333 9999.99 0.999 99.99 0.999 9.999 0.999000 99.99 0.999 99.999 0.999 999.999 0.999 999.999 0.999 9999.999 0.999 999.999 0.999 999.999 0.999 9.999 0.999 999.999 0.999
243.208333 244.208333   27.27 0.000  3.60 0.000 9.999 0.259000  0.43 0.000  0.063 0.000   1.647 0.000   2.305 0.000   14.011 0.000   4.319 0.000   9.692 0.000 0.043 0.000   1.439 0.000
246.208333 247.208333   23.22 0.000  1.65 0.000 9.999 0.259000  1.37 0.000  0.077 0.000   1.278 0.000   1.790 0.000   26.112 0.000  13.794 0.000  12.318 0.000 0.026 0.000   1.973 0.000
249.208333 250.208333   31.68 0.000  1.56 0.000 9.999 0.259000  1.17 0.000  0.062 0.000   1.356 0.000   1.898 0.000   15.856 0.000   6.772 0.000   9.084 0.000 0.023 0.000   1.224 0.000
252.208333 253.208333   23.50 0.000  0.15 0.000 9.999 0.259000  0.51 0.000  0.059 0.000   0.545 0.000   0.763 0.000   16.554 0.000  12.573 0.000   3.981 0.000 0.027 0.000   0.415 0.000
255.208333 256.208333 9999.99 0.999 99.99 0.999 9.999 0.999000 99.99 0.999 99.999 0.999 999.999 0.999 999.999 0.999 9999.999 0.999 999.999 0.999 999.999 0.999 9.999 0.999 999.999 0.999
