scripts/IMPROVE-2019_partial/data/US0027R.19920101070000.20191216000000.filterpack...1y.3d.US03L_filterpack_US0027.US03L_IMPROVE_Davis.lev2.nas
52 1001
MISSING INFORMATION
US03L, IMPROVE, , , , , , , 
MISSING INFORMATION
IMPROVE sel_HTAP
1 1
1992 01 01 2019 12 16
0
days from file reference point
5
1 1 1 1 1
999.999999 999.999 9.999 999.999 9.999999
end_time of measurement, days from the file reference point
pm10_mass, ug/m3, Matrix=pm10
numflag pm10_mass, no unit, Matrix=pm10
pm25_mass, ug/m3, Matrix=pm25
numflag pm25_mass, no unit, Matrix=pm25
0
33
Data definition:              EBAS_1.1
Set type code:                TI
Timezone:                     UTC
File name:                    US0027R.19920101070000.20191216000000.filterpack...1y.3d.US03L_filterpack_US0027.US03L_IMPROVE_Davis.lev2.nas
File creation:                20191218115715
Startdate:                    19920101070000
Revision date:                20191216000000
Version:                      2
Version description:          "Data extracted from http://views.cira.colostate.edu/fed/DataWizard 2019-12-16"
Statistics:                   arithmetic mean
Data level:                   2
Period code:                  1y
Resolution code:              3d
Sample duration:              1d
Orig. time res.:              3d
Station code:                 US0027R
Platform code:                US0027S
Station name:                 Great Sand Dunes NM
Station latitude:             37.7249
Station longitude:            -105.5185
Station altitude:             2498.0 m
Regime:                       IMG
Component:                    
Unit:                         ug/m3
Matrix:                       
Laboratory code:              US03L
Instrument type:              filterpack
Instrument name:              filterpack_US0027
Method ref:                   US03L_IMPROVE_Davis
Blank correction:             Blank corrected
Volume std. temperature:      ambient
Volume std. pressure:         ambient
starttime endtime PM10 flag_PM10 PM2.5 flag_PM2.5
  0.291667   1.291667   5.319 0.000 999.999 0.559259
  3.291667   4.291667   5.935 0.000   3.861 0.559000
  7.291667   8.291667   2.070 0.000   1.250 0.559000
 10.291667  11.291667   8.579 0.000   2.039 0.559000
 14.291667  15.291667   7.252 0.000   3.102 0.559000
 17.291667  18.291667   5.024 0.000   2.772 0.559000
 21.291667  22.291667   4.195 0.000   1.071 0.559000
 24.291667  25.291667  10.542 0.000   2.045 0.559000
 28.291667  29.291667   1.446 0.000 999.999 0.559259
 31.291667  32.291667   3.620 0.000 999.999 0.559259
 35.291667  36.291667   5.551 0.000   3.127 0.559000
 38.291667  39.291667   4.744 0.000   2.262 0.559000
 42.291667  43.291667   4.682 0.000   2.069 0.559000
 45.291667  46.291667   6.158 0.000   1.683 0.559000
 49.291667  50.291667   2.654 0.000   1.830 0.559000
 52.291667  53.291667  10.302 0.000   2.353 0.559000
 56.291667  57.291667   8.393 0.000   2.549 0.559000
 59.291667  60.291667  19.858 0.000 999.999 0.999000
 63.291667  64.291667   8.362 0.000   0.557 0.000000
 66.291667  67.291667  10.097 0.000   3.213 0.000000
 70.291667  71.291667 999.999 0.999   4.295 0.000000
 73.291667  74.291667  11.394 0.000   5.464 0.000000
 77.291667  78.291667   5.630 0.000   2.806 0.000000
 80.291667  81.291667   7.000 0.000   5.032 0.000000
 84.291667  85.291667   5.084 0.000   3.770 0.000000
 87.291667  88.291667   5.882 0.000   1.032 0.000000
 91.291667  92.291667   3.061 0.000   2.109 0.000000
 94.291667  95.291667  12.669 0.000   2.658 0.000000
 98.291667  99.291667  10.494 0.000   3.477 0.000000
101.291667 102.291667  14.939 0.000   6.400 0.000000
105.291667 106.291667  16.627 0.000   3.250 0.000000
108.291667 109.291667   5.656 0.000   2.281 0.000000
112.291667 113.291667   9.814 0.000   4.172 0.000000
115.291667 116.291667   9.808 0.000   4.264 0.000000
119.291667 120.291667   9.265 0.000   5.046 0.000000
122.291667 123.291667 999.999 0.999   5.902 0.000000
126.291667 127.291667  11.181 0.000  11.066 0.000000
129.291667 130.291667  14.819 0.000   3.611 0.000000
133.291667 134.291667   7.778 0.000   4.625 0.000000
136.291667 137.291667  13.709 0.000   4.054 0.000000
140.291667 141.291667 999.999 0.999 999.999 0.999000
143.291667 144.291667   6.000 0.000   2.110 0.000000
147.291667 148.291667   6.061 0.000   1.646 0.000000
150.291667 151.291667   8.032 0.000   2.391 0.000000
154.291667 155.291667   8.792 0.000   3.497 0.000000
157.291667 158.291667  14.776 0.000   4.969 0.000000
161.291667 162.291667   4.519 0.000   2.862 0.000000
164.291667 165.291667   8.510 0.000   3.653 0.000000
168.291667 169.291667   8.065 0.000   4.727 0.000000
171.291667 172.291667  12.890 0.000   6.061 0.000000
175.291667 176.291667  11.197 0.000   4.709 0.000000
178.291667 179.291667   9.924 0.000   4.648 0.000000
182.291667 183.291667  15.102 0.000   2.908 0.000000
185.291667 186.291667  17.447 0.000   5.193 0.000000
189.291667 190.291667   7.473 0.000   3.515 0.000000
192.291667 193.291667   5.057 0.000   2.853 0.000000
196.291667 197.291667   8.209 0.000   3.231 0.000000
199.291667 200.291667  12.143 0.000   4.215 0.000000
203.291667 204.291667   7.801 0.000   5.045 0.000000
206.291667 207.291667   5.880 0.000   2.673 0.000000
210.291667 211.291667   6.237 0.000   3.097 0.000000
213.291667 214.291667  11.360 0.000   3.780 0.000000
217.291667 218.291667  10.836 0.000   4.381 0.000000
220.291667 221.291667   7.654 0.000   3.746 0.000000
224.291667 225.291667   7.895 0.000   3.634 0.000000
227.291667 228.291667   8.340 0.000   4.167 0.000000
231.291667 232.291667   8.322 0.000   4.388 0.000000
234.291667 235.291667 999.999 0.999 999.999 0.999000
238.291667 239.291667   5.481 0.000   3.415 0.000000
241.291667 242.291667   7.608 0.000   3.455 0.000000
245.291667 246.291667   7.283 0.000   3.144 0.000000
248.291667 249.291667   8.538 0.000   3.474 0.000000
252.291667 253.291667   6.442 0.000   2.822 0.000000
255.291667 256.291667   9.843 0.000   4.665 0.000000
259.291667 260.291667   2.816 0.000   2.467 0.000000
262.291667 263.291667   4.357 0.000   1.169 0.000000
266.291667 267.291667   6.151 0.000   3.075 0.000000
269.291667 270.291667   7.004 0.000   2.277 0.000000
273.291667 274.291667   7.757 0.000   3.769 0.000000
276.291667 277.291667   9.032 0.000   3.160 0.000000
280.291667 281.291667   8.493 0.000   3.364 0.000000
283.291667 284.291667   6.089 0.000   2.477 0.000000
287.291667 288.291667   9.213 0.000   3.567 0.000000
290.291667 291.291667  12.170 0.000   4.013 0.000000
294.291667 295.291667   9.883 0.000   3.932 0.000000
297.291667 298.291667  11.867 0.000   4.211 0.000000
301.291667 302.291667   5.690 0.000   2.204 0.000000
304.291667 305.291667   6.027 0.000   2.032 0.000000
308.291667 309.291667   2.521 0.000   1.748 0.000000
311.291667 312.291667   4.698 0.000   2.412 0.000000
315.291667 316.291667   7.435 0.000   2.516 0.000000
318.291667 319.291667   3.507 0.000   2.484 0.000000
322.291667 323.291667   7.534 0.000   4.338 0.000000
325.291667 326.291667   4.020 0.000   1.809 0.000000
329.291667 330.291667   6.075 0.000   4.200 0.000000
332.291667 333.291667   3.232 0.000   1.800 0.000000
336.291667 337.291667   3.976 0.000   1.852 0.000000
339.291667 340.291667   5.945 0.000   3.163 0.000000
343.291667 344.291667   3.629 0.000   3.517 0.000000
346.291667 347.291667   4.402 0.000   3.289 0.000000
350.291667 351.291667   6.061 0.000   3.981 0.000000
353.291667 354.291667   3.220 0.000   1.780 0.000000
357.291667 358.291667   5.211 0.000   2.315 0.000000
360.291667 361.291667   3.664 0.000   1.677 0.000000
364.291667 365.291667   5.519 0.000   1.470 0.000000
