scripts/IMPROVE-2019_partial/data/US0078R.20000101070000.20191216000000.filterpack..pm25.52w.1w.US03L_filterpack_US0078.US03L_IMPROVE_Davis.lev2.nas
64 1001
MISSING INFORMATION
US03L, IMPROVE, , , , , , , 
MISSING INFORMATION
IMPROVE sel_HTAP
1 1
2000 01 01 2019 12 16
0
days from file reference point
25
1 1 1 1 1 1 1 1 1 1 1 1 1 1 1 1 1 1 1 1 1 1 1 1 1
999.999999 9999.99 9.999 999.99 9.999 9.999 9.999999 99.99 9.999999 99.999 9.999999 99.999 9.999 99.999 9.999 999.999 9.999 999.999 9.999 999.999 9.999 9.999 9.999 9.999 9.999999
end_time of measurement, days from the file reference point
iron, ng/m3, Revision date=20181210133000
numflag iron, no unit, Revision date=20181210133000
lead, ng/m3, Revision date=20181210133000
numflag lead, no unit, Revision date=20181210133000
magnesium, ug/m3, Revision date=20181210133000
numflag magnesium, no unit, Revision date=20181210133000
nickel, ng/m3, Revision date=20181210133000
numflag nickel, no unit, Revision date=20181210133000
nitrate, ug N/m3, Revision date=20181210133000
numflag nitrate, no unit, Revision date=20181210133000
organic_carbon, ug C/m3, Revision date=20181210133000
numflag organic_carbon, no unit, Revision date=20181210133000
organic_mass, ug/m3, Revision date=20181210133000
numflag organic_mass, no unit, Revision date=20181210133000
pm10_mass, ug/m3, Version=2, Version description=Data extracted from http://views.cira.colostate.edu/fed/DataWizard 2019-12-16, Sample duration=1d, Orig. time res.=3d, Matrix=pm10, Blank correction=Blank corrected, Volume std. temperature=ambient, Volume std. pressure=ambient
numflag pm10_mass, no unit, Version=2, Version description=Data extracted from http://views.cira.colostate.edu/fed/DataWizard 2019-12-16, Sample duration=1d, Orig. time res.=3d, Matrix=pm10, Blank correction=Blank corrected, Volume std. temperature=ambient, Volume std. pressure=ambient
pm10_pm25_mass, ug/m3, Revision date=20181210133000, Matrix=pm10_pm25
numflag pm10_pm25_mass, no unit, Revision date=20181210133000, Matrix=pm10_pm25
pm25_mass, ug/m3, Version=2, Version description=Data extracted from http://views.cira.colostate.edu/fed/DataWizard 2019-12-16, Sample duration=1d, Orig. time res.=3d, Blank correction=Blank corrected, Volume std. temperature=ambient, Volume std. pressure=ambient
numflag pm25_mass, no unit, Version=2, Version description=Data extracted from http://views.cira.colostate.edu/fed/DataWizard 2019-12-16, Sample duration=1d, Orig. time res.=3d, Blank correction=Blank corrected, Volume std. temperature=ambient, Volume std. pressure=ambient
potassium, ug/m3, Revision date=20181210133000
numflag potassium, no unit, Revision date=20181210133000
sulphate_total, ug S/m3, Revision date=20181210133000
numflag sulphate_total, no unit, Revision date=20181210133000
0
25
Data definition:              EBAS_1.1
Set type code:                TI
Timezone:                     UTC
File name:                    US0078R.20000101070000.20191216000000.filterpack..pm25.52w.1w.US03L_filterpack_US0078.US03L_IMPROVE_Davis.lev2.nas
File creation:                20191218120041
Startdate:                    20000101070000
Revision date:                20191216000000
Statistics:                   arithmetic mean
Data level:                   2
Period code:                  52w
Resolution code:              1w
Station code:                 US0078R
Platform code:                US0078S
Station name:                 Lone Peak Wilderness
Station latitude:             40.4449
Station longitude:            -111.7081
Station altitude:             1768.0 m
Regime:                       IMG
Component:                    
Matrix:                       pm25
Laboratory code:              US03L
Instrument type:              filterpack
Instrument name:              filterpack_US0078
Method ref:                   US03L_IMPROVE_Davis
starttime endtime Fe flag_Fe Pb flag_Pb Mg++ flag_Mg++ Ni flag_Ni NO3- flag_NO3- OC flag_OC OM flag_OM PM10 flag_PM10 PM10-PM2.5 flag_PM10-PM2.5 PM2.5 flag_PM2.5 K+ flag_K+ SO4-- flag_SO4--
[from data line 85]
297.291667 298.291667   71.06 0.000   0.70 0.000 9.999 0.259000 99.99 0.259000  0.086 0.000000  0.691 0.000  0.967 0.000 999.999 0.456 999.999 0.999   2.350 0.000 0.023 0.000 0.258 0.000000
300.291667 301.291667   27.38 0.000   0.54 0.000 9.999 0.259000 99.99 0.259000  0.159 0.000000  0.522 0.000  0.732 0.000   4.167 0.000   0.824 0.000   3.342 0.000 0.012 0.000 0.465 0.000000
303.291667 304.291667    5.35 0.000   0.24 0.000 9.999 0.259000 99.99 0.259000  0.028 0.000000  0.328 0.000  0.459 0.000   1.644 0.000   0.361 0.000   1.282 0.000 0.007 0.000 0.195 0.000000
306.291667 307.291667   38.88 0.000   3.23 0.000 9.999 0.259000 99.99 0.259000  0.176 0.000000  0.986 0.000  1.381 0.000   4.175 0.000   1.064 0.000   3.111 0.000 0.019 0.000 0.254 0.000000
309.291667 310.291667    9.49 0.000   0.59 0.000 9.999 0.259000 99.99 0.259000  0.103 0.000000  0.355 0.000  0.497 0.000   3.082 0.000   1.236 0.000   1.846 0.000 0.013 0.000 0.174 0.000000
312.291667 313.291667   48.02 0.559   1.41 0.559 9.999 0.559259 99.99 0.559259  0.282 0.000000  0.623 0.000  0.872 0.000   4.960 0.000   1.882 0.000   3.079 0.559 0.026 0.559 0.266 0.000000
315.291667 316.291667   83.84 0.000   1.39 0.000 9.999 0.259000 99.99 0.259000  0.599 0.000000  0.673 0.000  0.943 0.000   7.277 0.000   1.280 0.000   5.998 0.000 0.019 0.000 0.453 0.000000
318.291667 319.291667   38.73 0.559   1.02 0.559 9.999 0.559259 99.99 0.559259  0.179 0.000000  0.330 0.000  0.462 0.000   3.843 0.000   1.559 0.000   2.284 0.559 0.017 0.559 0.185 0.000000
321.291667 322.291667   85.94 0.000   3.73 0.000 9.999 0.259000 99.99 0.259000  0.671 0.000000  0.889 0.000  1.245 0.000   8.616 0.000   1.133 0.000   7.484 0.000 0.023 0.000 0.563 0.000000
324.291667 325.291667   58.22 0.000   0.96 0.000 9.999 0.259000 99.99 0.259000  0.233 0.000000  0.458 0.000  0.642 0.000   4.005 0.000   1.491 0.000   2.514 0.000 0.020 0.000 0.156 0.000000
327.291667 328.291667  180.50 0.559   8.86 0.559 9.999 0.559259 99.99 0.559259  1.589 0.000000  2.018 0.000  2.825 0.000  19.640 0.000   4.871 0.000  14.769 0.559 0.108 0.559 0.402 0.000000
330.291667 331.291667  291.46 0.559   5.49 0.559 9.999 0.559259 99.99 0.559259  1.031 0.000000  1.061 0.000  1.485 0.000  12.312 0.000   3.934 0.000   8.379 0.559 0.036 0.559 0.248 0.000000
333.291667 334.291667   84.50 0.000   1.14 0.000 9.999 0.259000 99.99 0.259000  0.067 0.000000  0.265 0.000  0.371 0.000   4.315 0.000   2.876 0.000   1.439 0.000 0.019 0.000 0.089 0.000000
336.291667 337.291667   47.40 0.559   1.27 0.559 9.999 0.559259 99.99 0.559259  0.199 0.000000  0.665 0.000  0.931 0.000   4.547 0.000   2.167 0.000   2.380 0.559 0.016 0.559 0.113 0.000000
339.291667 340.291667   83.89 0.559   3.10 0.559 9.999 0.559259 99.99 0.559259  0.514 0.000000  0.962 0.000  1.347 0.000   9.177 0.000   3.948 0.000   5.229 0.559 0.033 0.559 0.202 0.000000
342.291667 343.291667  151.99 0.559   3.38 0.559 9.999 0.559259 99.99 0.559259  0.358 0.000000  1.032 0.000  1.445 0.000   8.711 0.000   4.277 0.000   4.434 0.559 0.038 0.559 0.166 0.000000
345.291667 346.291667   98.82 0.559   1.97 0.559 9.999 0.559259 99.99 0.559259  0.157 0.000000  0.581 0.000  0.813 0.000   5.084 0.000   2.649 0.000   2.436 0.559 0.015 0.559 0.149 0.000000
348.291667 349.291667   52.86 0.000   0.71 0.000 9.999 0.259000  0.25 0.000000  0.222 0.000000  0.360 0.000  0.504 0.000   3.616 0.000   1.270 0.000   2.346 0.000 0.027 0.000 0.158 0.000000
351.291667 352.291667   16.45 0.559   0.63 0.559 9.999 0.559259  0.09 0.559000  0.026 0.000000  0.265 0.000  0.371 0.000   4.092 0.000   2.782 0.000   1.310 0.559 0.016 0.559 0.129 0.000000
354.291667 355.291667   43.76 0.559   1.88 0.559 9.999 0.559259 99.99 0.559259  0.094 0.000000  0.360 0.000  0.504 0.000   3.195 0.000   1.732 0.000   1.464 0.559 0.011 0.559 0.126 0.000000
357.291667 358.291667   51.86 0.000   1.12 0.000 9.999 0.259000 99.99 0.259000  0.130 0.000000  0.384 0.000  0.537 0.000   4.754 0.000   2.900 0.000   1.854 0.000 0.022 0.000 0.104 0.000000
360.291667 361.291667  142.93 0.559   3.25 0.559 9.999 0.559259 99.99 0.559259  0.670 0.000000  0.891 0.000  1.248 0.000  14.887 0.000   5.211 0.000   9.676 0.559 0.042 0.559 0.884 0.000000
363.291667 364.291667  114.72 0.000   2.44 0.000 9.999 0.259000 99.99 0.259000  0.610 0.000000  0.802 0.000  1.122 0.000   7.812 0.000   2.446 0.000   5.366 0.000 0.023 0.000 0.227 0.000000
