scripts/IMPROVE-2019_partial/data/US0058R.20170101060000.20191216000000.filterpack...52w.3d.US03L_filterpack_US0058.US03L_IMPROVE_Davis.lev2.nas
52 1001
MISSING INFORMATION
US03L, IMPROVE, , , , , , , 
MISSING INFORMATION
IMPROVE sel_HTAP
1 1
2017 01 01 2019 12 16
3.00
days from file reference point
5
1 1 1 1 1
999.99 999.999 9.999 999.999 9.999
end_time of measurement, days from the file reference point
pm10_mass, ug/m3, Matrix=pm10
numflag pm10_mass, no unit, Matrix=pm10
pm25_mass, ug/m3, Matrix=pm25
numflag pm25_mass, no unit, Matrix=pm25
0
33
Data definition:              EBAS_1.1
Set type code:                TU
Timezone:                     UTC
File name:                    US0058R.20170101060000.20191216000000.filterpack...52w.3d.US03L_filterpack_US0058.US03L_IMPROVE_Davis.lev2.nas
File creation:                20191218115905
Startdate:                    20170101060000
Revision date:                20191216000000
Version:                      2
Version description:          "Data extracted from http://views.cira.colostate.edu/fed/DataWizard 2019-12-16"
Statistics:                   arithmetic mean
Data level:                   2
Period code:                  52w
Resolution code:              3d
Sample duration:              1d
Orig. time res.:              3d
Station code:                 US0058R
Platform code:                US0058S
Station name:                 Lostwood
Station latitude:             48.6419
Station longitude:            -102.4022
Station altitude:             696.0 m
Regime:                       IMG
Component:                    
Unit:                         ug/m3
Matrix:                       
Laboratory code:              US03L
Instrument type:              filterpack
Instrument name:              filterpack_US0058
Method ref:                   US03L_IMPROVE_Davis
Blank correction:             Blank corrected
Volume std. temperature:      ambient
Volume std. pressure:         ambient
starttime endtime PM10 flag_PM10 PM2.5 flag_PM2.5
  0.25   1.25   2.500 0.000   2.528 0.000
  3.25   4.25   5.000 0.000   4.740 0.000
  6.25   7.25   3.838 0.000   3.646 0.000
  9.25  10.25   5.309 0.000   5.217 0.000
 12.25  13.25   3.953 0.000   4.066 0.000
 15.25  16.25   4.314 0.000   3.900 0.000
 18.25  19.25   4.851 0.000   3.040 0.000
 21.25  22.25   6.293 0.000   6.193 0.000
 24.25  25.25   7.807 0.000   5.804 0.000
 27.25  28.25   4.345 0.000   2.853 0.000
 30.25  31.25   2.658 0.000 999.999 0.456
 33.25  34.25   8.456 0.000   4.313 0.000
 36.25  37.25   5.930 0.000   2.816 0.000
 39.25  40.25   9.415 0.000   5.227 0.000
 42.25  43.25   2.813 0.000   0.906 0.000
 45.25  46.25   3.962 0.000   1.284 0.000
 48.25  49.25   3.019 0.000   1.636 0.000
 51.25  52.25   2.969 0.000   1.623 0.000
 54.25  55.25   5.362 0.000   3.425 0.000
 57.25  58.25   5.270 0.000   2.130 0.000
 60.25  61.25   7.480 0.000   6.228 0.000
 63.25  64.25   4.973 0.000   2.830 0.000
 66.25  67.25 999.999 0.999 999.999 0.999
 69.25  70.25 999.999 0.456   2.759 0.000
 72.25  73.25 999.999 0.456   5.257 0.000
 75.25  76.25   3.830 0.000   2.538 0.000
 78.25  79.25   3.892 0.000   1.365 0.000
 81.25  82.25   9.085 0.000   4.125 0.000
 84.25  85.25   4.063 0.000   1.428 0.000
 87.25  88.25   1.981 0.000   1.208 0.000
 90.25  91.25   4.419 0.000   2.648 0.000
 93.25  94.25   5.524 0.000   2.562 0.000
 96.25  97.25   8.860 0.000   2.303 0.000
 99.25 100.25   4.827 0.000   1.184 0.000
102.25 103.25  14.742 0.000   4.720 0.000
105.25 106.25   2.955 0.000   2.000 0.000
108.25 109.25   7.969 0.000   3.746 0.000
111.25 112.25   4.207 0.000   2.277 0.000
114.25 115.25   4.308 0.000   2.051 0.000
117.25 118.25   8.204 0.000   3.305 0.000
120.25 121.25   5.996 0.000   2.730 0.000
123.25 124.25  15.386 0.000   3.382 0.000
126.25 127.25  36.208 0.000   5.999 0.000
129.25 130.25  15.368 0.000   3.442 0.000
132.25 133.25  37.253 0.000   5.971 0.000
135.25 136.25   7.908 0.000   4.640 0.000
138.25 139.25  19.444 0.000   4.826 0.000
141.25 142.25  12.820 0.000   3.944 0.000
144.25 145.25   6.865 0.000   1.447 0.000
147.25 148.25   8.381 0.000   2.868 0.000
150.25 151.25  18.265 0.000   3.640 0.000
153.25 154.25  10.607 0.000   2.135 0.000
156.25 157.25  13.202 0.000   2.752 0.000
159.25 160.25  19.835 0.000   5.580 0.000
162.25 163.25   8.303 0.000   3.392 0.000
165.25 166.25   8.915 0.000   3.747 0.000
168.25 169.25   6.368 0.000   2.343 0.000
171.25 172.25  13.150 0.000   2.614 0.000
174.25 175.25   4.508 0.000   1.083 0.000
177.25 178.25  24.655 0.000   5.287 0.000
180.25 181.25  13.793 0.000   3.600 0.000
183.25 184.25  15.402 0.000   3.540 0.000
186.25 187.25  20.985 0.000   5.664 0.000
189.25 190.25  15.291 0.000   5.829 0.000
192.25 193.25   8.579 0.000   2.665 0.000
195.25 196.25  14.664 0.000   8.367 0.000
198.25 199.25  37.409 0.000  23.371 0.000
201.25 202.25  14.673 0.000   7.816 0.000
204.25 205.25  20.874 0.000   6.505 0.000
207.25 208.25  12.662 0.000   4.455 0.000
210.25 211.25  17.139 0.000   4.785 0.000
213.25 214.25   7.903 0.000   3.752 0.000
216.25 217.25  10.601 0.000   5.641 0.000
219.25 220.25  15.281 0.000   4.236 0.000
222.25 223.25  13.684 0.000   4.215 0.000
225.25 226.25  14.672 0.000   4.670 0.000
228.25 229.25  33.208 0.000  14.831 0.000
231.25 232.25  14.369 0.000   2.998 0.000
234.25 235.25  29.404 0.000   7.109 0.000
237.25 238.25  16.446 0.000   6.789 0.659
240.25 241.25  33.745 0.000   9.882 0.659
243.25 244.25 999.999 0.456  10.886 0.659
246.25 247.25  16.309 0.000   3.063 0.659
249.25 250.25  32.672 0.000   7.683 0.659
252.25 253.25  32.221 0.000  12.307 0.659
255.25 256.25  60.444 0.000  27.262 0.659
258.25 259.25   3.257 0.000   1.881 0.659
261.25 262.25   8.291 0.000   3.967 0.659
264.25 265.25   6.236 0.000   2.346 0.659
267.25 268.25   4.176 0.000   1.221 0.659
270.25 271.25  10.509 0.000   3.432 0.659
273.25 274.25  10.334 0.000   3.333 0.659
276.25 277.25   4.254 0.000   1.017 0.659
279.25 280.25  10.820 0.000   2.664 0.659
282.25 283.25  12.780 0.000   2.114 0.659
285.25 286.25   8.199 0.000   2.469 0.659
288.25 289.25  10.573 0.000   1.930 0.659
291.25 292.25  25.049 0.000   4.393 0.659
294.25 295.25   4.574 0.000   0.914 0.659
297.25 298.25  19.128 0.000   4.035 0.659
300.25 301.25  13.667 0.000   3.482 0.659
303.25 304.25   9.451 0.000   2.897 0.659
306.25 307.25   5.933 0.000   3.701 0.659
309.25 310.25   9.181 0.000   6.857 0.659
312.25 313.25   5.290 0.000   3.742 0.659
315.25 316.25  11.112 0.000   8.588 0.659
318.25 319.25   5.372 0.000   2.410 0.659
321.25 322.25  15.636 0.000   9.205 0.659
324.25 325.25   7.392 0.000   2.586 0.659
327.25 328.25   1.914 0.000   0.918 0.659
330.25 331.25   3.949 0.000   1.017 0.659
333.25 334.25   2.574 0.000   0.727 0.659
336.25 337.25   5.216 0.000   2.122 0.659
339.25 340.25   2.595 0.000   1.061 0.659
342.25 343.25   7.700 0.000   4.493 0.659
345.25 346.25   6.206 0.000   2.405 0.659
348.25 349.25   6.915 0.000   1.917 0.659
351.25 352.25   2.638 0.000   0.795 0.659
354.25 355.25   9.278 0.000   3.221 0.659
357.25 358.25   9.029 0.000   1.381 0.659
360.25 361.25  10.284 0.000   4.137 0.659
363.25 364.25   6.830 0.000   2.601 0.659
