scripts/IMPROVE-2019_partial/data/US0073R.19960103050000.20191216000000.filterpack...1y.3d.US03L_filterpack_US0073_GRSM1.US03L_IMPROVE_Davis.lev2.nas
51 1001
MISSING INFORMATION
US03L, IMPROVE, , , , , , , 
MISSING INFORMATION
IMPROVE sel_HTAP
1 1
1996 01 01 2019 12 16
0
days from file reference point
4
1 1 1 1
999.999999 999.999 999.999 9.999
end_time of measurement, days from the file reference point
pm10_mass, ug/m3, Matrix=pm10
pm25_mass, ug/m3, Matrix=pm25
numflag, no unit
0
33
Data definition:              EBAS_1.1
Set type code:                TI
Timezone:                     UTC
File name:                    US0073R.19960103050000.20191216000000.filterpack...1y.3d.US03L_filterpack_US0073_GRSM1.US03L_IMPROVE_Davis.lev2.nas
File creation:                20191218120025
Startdate:                    19960103050000
Revision date:                20191216000000
Version:                      2
Version description:          "Data extracted from http://views.cira.colostate.edu/fed/DataWizard 2019-12-16"
Statistics:                   arithmetic mean
Data level:                   2
Period code:                  1y
Resolution code:              3d
Sample duration:              1d
Orig. time res.:              3d
Station code:                 US0073R
Platform code:                US0073S
Station name:                 Great Smoky Mountains NP
Station latitude:             35.6334
Station longitude:            -83.9416
Station altitude:             810.0 m
Regime:                       IMG
Component:                    
Unit:                         ug/m3
Matrix:                       
Laboratory code:              US03L
Instrument type:              filterpack
Instrument name:              filterpack_US0073_GRSM1
Method ref:                   US03L_IMPROVE_Davis
Blank correction:             Blank corrected
Volume std. temperature:      ambient
Volume std. pressure:         ambient
starttime endtime PM10 PM2.5 flag
  2.208333   3.208333  12.401   6.505 0.000
  5.208333   6.208333   7.555   4.515 0.000
  9.208333  10.208333  14.412   9.310 0.000
 12.208333  13.208333  11.111  11.624 0.000
 16.208333  17.208333  13.889   9.310 0.000
 19.208333  20.208333   9.259   7.066 0.000
 23.208333  24.208333   7.617   5.762 0.000
 26.208333  27.208333   5.047   3.472 0.000
 30.208333  31.208333   9.809   6.006 0.000
 33.208333  34.208333  13.732   9.186 0.000
 37.208333  38.208333  10.722   8.813 0.000
 40.208333  41.208333  16.216   8.159 0.000
 44.208333  45.208333  16.920  13.889 0.000
 47.208333  48.208333  10.173   7.551 0.000
 51.208333  52.208333  19.353   6.824 0.000
 54.208333  55.208333  11.874  12.422 0.000
 58.208333  59.208333  11.360   6.244 0.000
 61.208333  62.208333  11.690   5.543 0.000
 65.208333  66.208333   5.325   2.426 0.000
 68.208333  69.208333  10.454   8.107 0.000
 72.208333  73.208333  16.104  11.167 0.000
 75.208333  76.208333  21.978  14.296 0.000
 79.208333  80.208333   8.019   5.531 0.000
 82.208333  83.208333  16.029   6.758 0.000
 86.208333  87.208333  18.723   8.218 0.000
 89.208333  90.208333  23.949  14.221 0.000
 93.208333  94.208333  14.306   7.526 0.000
 96.208333  97.208333  14.474   9.838 0.000
100.208333 101.208333  13.505   8.339 0.000
103.208333 104.208333  15.196  10.057 0.000
107.208333 108.208333  10.111   6.455 0.000
110.208333 111.208333  11.755   8.321 0.000
114.208333 115.208333  13.117   5.604 0.000
117.208333 118.208333  19.068   5.690 0.000
121.208333 122.208333  10.560   7.152 0.000
124.208333 125.208333  21.274  13.081 0.000
128.208333 129.208333  28.701  18.708 0.000
131.208333 132.208333  16.577   9.740 0.000
135.208333 136.208333  20.797  15.588 0.000
138.208333 139.208333  25.081  19.701 0.000
142.208333 143.208333  20.242  15.595 0.000
145.208333 146.208333  17.140  12.686 0.000
149.208333 150.208333  24.158  17.122 0.000
152.208333 153.208333  13.626  10.027 0.000
156.208333 157.208333  14.918   9.019 0.000
159.208333 160.208333  12.441   5.117 0.000
163.208333 164.208333  19.727  15.767 0.000
166.208333 167.208333  40.976  25.735 0.000
170.208333 171.208333  26.734  18.904 0.000
173.208333 174.208333  36.972  27.214 0.000
177.208333 178.208333  31.686  25.000 0.000
180.208333 181.208333  46.363  33.172 0.000
184.208333 185.208333  30.689  20.864 0.000
187.208333 188.208333  23.708  18.270 0.000
191.208333 192.208333  17.326  12.093 0.000
194.208333 195.208333  28.565  19.846 0.000
198.208333 199.208333  31.704  28.706 0.000
201.208333 202.208333  16.167  11.794 0.000
205.208333 206.208333  26.251  23.629 0.000
208.208333 209.208333  27.958  23.665 0.000
212.208333 213.208333  18.704  10.225 0.000
215.208333 216.208333  45.651  26.714 0.000
219.208333 220.208333  41.191  30.465 0.000
222.208333 223.208333  26.252  21.709 0.000
226.208333 227.208333  29.321  24.651 0.000
229.208333 230.208333 999.999  32.253 0.000
233.208333 234.208333  41.593  38.686 0.000
236.208333 237.208333  26.033  24.321 0.000
240.208333 241.208333  29.969  26.887 0.000
243.208333 244.208333  38.568  37.703 0.000
247.208333 248.208333   8.030   6.238 0.000
250.208333 251.208333  17.343  12.107 0.000
254.208333 255.208333  23.282  21.204 0.000
257.208333 258.208333  13.689   8.850 0.000
261.208333 262.208333  16.480  13.090 0.000
264.208333 265.208333  21.117  20.377 0.000
268.208333 269.208333  19.665  12.967 0.000
271.208333 272.208333  10.709   5.408 0.000
275.208333 276.208333   8.102   5.741 0.000
278.208333 279.208333  18.212  13.241 0.000
282.208333 283.208333  13.711   8.395 0.000
285.208333 286.208333  15.483   9.444 0.000
289.208333 290.208333  23.569  20.247 0.000
292.208333 293.208333  18.447   4.599 0.000
296.208333 297.208333  13.507   9.065 0.000
299.208333 300.208333  15.321  10.957 0.000
303.208333 304.208333  21.478  11.016 0.000
306.208333 307.208333   8.653   5.309 0.000
310.208333 311.208333  17.473   9.259 0.000
313.208333 314.208333  16.465   5.787 0.000
317.208333 318.208333  10.913   8.378 0.000
320.208333 321.208333  11.409  10.241 0.000
324.208333 325.208333  16.801   9.989 0.000
327.208333 328.208333  25.314   9.227 0.000
331.208333 332.208333   7.125   6.473 0.000
334.208333 335.208333   3.054   2.294 0.000
338.208333 339.208333   8.062   6.977 0.000
341.208333 342.208333   5.952   4.121 0.000
345.208333 346.208333  12.820  10.256 0.000
348.208333 349.208333 999.999   9.441 0.000
352.208333 353.208333  10.341   6.092 0.000
355.208333 356.208333   8.818   8.978 0.000
359.208333 360.208333   5.756   4.712 0.000
362.208333 363.208333   6.181   5.084 0.000
