scripts/IMPROVE-2019_partial/data/US0082R.20030103050000.20191216000000.filterpack..pm25.1y.1w.US03L_filterpack_US0082.US03L_IMPROVE_Davis.lev2.nas
66 1001
MISSING INFORMATION
US03L, IMPROVE, , , , , , , 
MISSING INFORMATION
IMPROVE sel_HTAP
1 1
2003 01 01 2019 12 16
3.000000
days from file reference point
27
1 1 1 1 1 1 1 1 1 1 1 1 1 1 1 1 1 1 1 1 1 1 1 1 1 1 1
999.999999 999.99 9.999 99.99 9.999 9.999 9.999999 99.99 9.999 9.999 9.999 99.999 9.999 99.999 9.999 99.99 9.999999 999.999 9.999 99.999 9.999 999.999 9.999 9.999 9.999 99.999 9.999
end_time of measurement, days from the file reference point
iron, ng/m3, Revision date=20181210133000
numflag iron, no unit, Revision date=20181210133000
lead, ng/m3, Revision date=20181210133000
numflag lead, no unit, Revision date=20181210133000
magnesium, ug/m3, Revision date=20181210133000
numflag magnesium, no unit, Revision date=20181210133000
nickel, ng/m3, Revision date=20181210133000
numflag nickel, no unit, Revision date=20181210133000
nitrate, ug N/m3, Revision date=20181210133000
numflag nitrate, no unit, Revision date=20181210133000
organic_carbon, ug C/m3, Revision date=20181210133000
numflag organic_carbon, no unit, Revision date=20181210133000
organic_mass, ug/m3, Revision date=20181210133000
numflag organic_mass, no unit, Revision date=20181210133000
phosphorus, ng/m3, Revision date=20181210133000
numflag phosphorus, no unit, Revision date=20181210133000
pm10_mass, ug/m3, Version=2, Version description=Data extracted from http://views.cira.colostate.edu/fed/DataWizard 2019-12-16, Sample duration=1d, Orig. time res.=3d, Matrix=pm10, Blank correction=Blank corrected, Volume std. temperature=ambient, Volume std. pressure=ambient
numflag pm10_mass, no unit, Version=2, Version description=Data extracted from http://views.cira.colostate.edu/fed/DataWizard 2019-12-16, Sample duration=1d, Orig. time res.=3d, Matrix=pm10, Blank correction=Blank corrected, Volume std. temperature=ambient, Volume std. pressure=ambient
pm10_pm25_mass, ug/m3, Revision date=20181210133000, Matrix=pm10_pm25
numflag pm10_pm25_mass, no unit, Revision date=20181210133000, Matrix=pm10_pm25
pm25_mass, ug/m3, Version=2, Version description=Data extracted from http://views.cira.colostate.edu/fed/DataWizard 2019-12-16, Sample duration=1d, Orig. time res.=3d, Blank correction=Blank corrected, Volume std. temperature=ambient, Volume std. pressure=ambient
numflag pm25_mass, no unit, Version=2, Version description=Data extracted from http://views.cira.colostate.edu/fed/DataWizard 2019-12-16, Sample duration=1d, Orig. time res.=3d, Blank correction=Blank corrected, Volume std. temperature=ambient, Volume std. pressure=ambient
potassium, ug/m3, Revision date=20181210133000
numflag potassium, no unit, Revision date=20181210133000
sulphate_total, ug S/m3, Revision date=20181210133000
numflag sulphate_total, no unit, Revision date=20181210133000
0
25
Data definition:              EBAS_1.1
Set type code:                TU
Timezone:                     UTC
File name:                    US0082R.20030103050000.20191216000000.filterpack..pm25.1y.1w.US03L_filterpack_US0082.US03L_IMPROVE_Davis.lev2.nas
File creation:                20191218120056
Startdate:                    20030103050000
Revision date:                20191216000000
Statistics:                   arithmetic mean
Data level:                   2
Period code:                  1y
Resolution code:              1w
Station code:                 US0082R
Platform code:                US0082S
Station name:                 Lye Brook Wilderness
Station latitude:             43.1482
Station longitude:            -73.1268
Station altitude:             1015.0 m
Regime:                       IMG
Component:                    
Matrix:                       pm25
Laboratory code:              US03L
Instrument type:              filterpack
Instrument name:              filterpack_US0082
Method ref:                   US03L_IMPROVE_Davis
starttime endtime Fe flag_Fe Pb flag_Pb Mg++ flag_Mg++ Ni flag_Ni NO3- flag_NO3- OC flag_OC OM flag_OM P flag_P PM10 flag_PM10 PM10-PM2.5 flag_PM10-PM2.5 PM2.5 flag_PM2.5 K+ flag_K+ SO4-- flag_SO4--
[from data line 83]
251.208333 252.208333  17.22 0.000  0.46 0.000 9.999 0.259000  0.40 0.000 0.025 0.000  0.779 0.000  1.090 0.000 99.99 0.259000   5.715 0.000  1.602 0.000   4.114 0.000 0.017 0.000  0.177 0.000
254.208333 255.208333  32.01 0.000  1.18 0.000 9.999 0.259000  0.37 0.000 0.034 0.000  1.614 0.000  2.259 0.000 99.99 0.259000   9.427 0.000  4.092 0.000   5.335 0.000 0.026 0.000  0.357 0.000
257.208333 258.208333   2.04 0.000  0.14 0.000 9.999 0.259000  0.13 0.000 0.041 0.000  0.473 0.000  0.662 0.000 99.99 0.259000   4.403 0.000  2.058 0.000   2.345 0.000 0.014 0.000  0.184 0.000
260.208333 261.208333   8.34 0.000  0.67 0.000 9.999 0.259000  0.33 0.000 0.016 0.000  1.184 0.000  1.657 0.000 99.99 0.259000   7.053 0.000  3.431 0.000   3.622 0.000 0.014 0.000  0.213 0.000
263.208333 264.208333  17.03 0.000  0.79 0.000 9.999 0.259000  0.16 0.000 0.021 0.000  0.830 0.000  1.162 0.000 99.99 0.259000   6.009 0.000  2.194 0.000   3.815 0.000 0.014 0.000  0.413 0.000
266.208333 267.208333  12.65 0.000  0.57 0.000 9.999 0.259000  0.63 0.000 0.100 0.000  0.762 0.000  1.067 0.000 99.99 0.259000   7.270 0.000  1.909 0.000   5.361 0.000 0.017 0.000  0.709 0.000
269.208333 270.208333   5.95 0.000  0.48 0.000 9.999 0.259000  0.32 0.000 0.043 0.000  0.651 0.000  0.912 0.000 99.99 0.259000   7.306 0.000  1.569 0.000   5.737 0.000 0.015 0.000  0.942 0.000
272.208333 273.208333   6.36 0.000  0.73 0.000 0.033 0.000000  0.10 0.000 0.048 0.000  0.434 0.000  0.608 0.000 99.99 0.259000   3.180 0.000  0.911 0.000   2.269 0.000 0.008 0.000  0.264 0.000
275.208333 276.208333   7.80 0.000  0.74 0.000 9.999 0.259000  0.42 0.000 0.040 0.000  0.340 0.000  0.476 0.000 99.99 0.259000   2.363 0.000  1.150 0.000   1.213 0.000 0.005 0.000  0.077 0.000
278.208333 279.208333   2.33 0.000  0.42 0.000 9.999 0.259000  0.16 0.000 0.028 0.000  0.371 0.000  0.520 0.000 99.99 0.259000   3.127 0.000  0.832 0.000   2.295 0.000 0.006 0.000  0.299 0.000
281.208333 282.208333  54.53 0.000  4.86 0.000 9.999 0.259000  0.26 0.000 0.282 0.000  2.563 0.000  3.589 0.000 99.99 0.259000  23.293 0.000  8.740 0.000  14.553 0.000 0.054 0.000  1.952 0.000
284.208333 285.208333  17.99 0.000  0.95 0.000 9.999 0.259000  0.18 0.000 0.069 0.000  1.692 0.000  2.368 0.000 99.99 0.259000   8.780 0.000  2.353 0.000   6.427 0.000 0.033 0.000  0.824 0.000
287.208333 288.208333 999.99 0.999 99.99 0.999 9.999 0.999000 99.99 0.999 9.999 0.999 99.999 0.999 99.999 0.999 99.99 0.999000 999.999 0.999 99.999 0.999 999.999 0.999 9.999 0.999 99.999 0.999
290.208333 291.208333   5.83 0.000  1.09 0.000 0.030 0.000000  0.35 0.000 0.081 0.000  0.901 0.000  1.262 0.000 99.99 0.259000   3.291 0.000  0.906 0.000   2.385 0.000 0.017 0.000  0.214 0.000
293.208333 294.208333  21.96 0.000  2.52 0.000 9.999 0.259000  0.39 0.000 0.326 0.000  1.175 0.000  1.645 0.000 99.99 0.259000  16.849 0.000  9.056 0.000   7.794 0.000 0.026 0.000  1.043 0.000
296.208333 297.208333   1.55 0.000  0.41 0.000 0.049 0.000000  0.05 0.000 0.011 0.000  0.204 0.000  0.286 0.000 99.99 0.259000   1.791 0.000  1.217 0.000   0.574 0.000 0.005 0.000  0.058 0.000
299.208333 300.208333   2.56 0.000  0.33 0.000 0.062 0.000000  0.10 0.000 0.016 0.000  0.168 0.000  0.234 0.000 99.99 0.259000   1.763 0.000  0.611 0.000   1.152 0.000 0.005 0.000  0.161 0.000
302.208333 303.208333   9.61 0.000  0.91 0.000 0.033 0.000000  0.12 0.000 0.201 0.000  0.448 0.000  0.627 0.000 99.99 0.259000   4.472 0.000  1.586 0.000   2.886 0.000 0.008 0.000  0.370 0.000
305.208333 306.208333   9.07 0.394  1.63 0.394 9.999 0.394259  0.15 0.394 0.090 0.394  0.796 0.000  1.115 0.000 99.99 0.394259   3.891 0.000  0.383 0.000   3.507 0.000 0.020 0.394  0.428 0.394
308.208333 309.208333   0.75 0.000  0.37 0.000 9.999 0.259000  0.13 0.000 0.022 0.000  0.156 0.000  0.219 0.000 99.99 0.259000   1.808 0.000  1.027 0.000   0.782 0.000 0.004 0.000  0.092 0.000
311.208333 312.208333   4.59 0.394  0.62 0.394 9.999 0.394259  0.17 0.394 0.041 0.394  0.386 0.000  0.541 0.000 99.99 0.394259   3.212 0.000  1.056 0.000   2.156 0.000 0.018 0.394  0.231 0.394
314.208333 315.208333  12.03 0.000  1.65 0.000 0.017 0.000000  0.42 0.000 0.199 0.000  0.777 0.000  1.088 0.000 99.99 0.259000   5.392 0.000  1.838 0.000   3.555 0.000 0.019 0.000  0.332 0.000
317.208333 318.208333 999.99 0.999 99.99 0.999 9.999 0.999000 99.99 0.999 9.999 0.999 99.999 0.999 99.999 0.999 99.99 0.999000 999.999 0.999 99.999 0.999 999.999 0.999 9.999 0.999 99.999 0.999
320.208333 321.208333  13.78 0.000  3.15 0.000 9.999 0.259000  1.46 0.000 0.235 0.000  0.899 0.000  1.259 0.000 99.99 0.259000   6.654 0.000  1.032 0.000   5.622 0.000 0.023 0.000  0.744 0.000
323.208333 324.208333   1.60 0.000  0.52 0.000 0.037 0.000000  0.17 0.000 0.017 0.000  0.117 0.000  0.164 0.000 99.99 0.259000   1.049 0.000  0.143 0.000   0.906 0.000 0.007 0.000  0.078 0.000
326.208333 327.208333  24.87 0.000  2.86 0.000 0.036 0.000000  0.49 0.000 0.055 0.000  1.347 0.000  1.886 0.000 99.99 0.259000   7.376 0.000  1.791 0.000   5.586 0.000 0.029 0.000  0.556 0.000
329.208333 330.208333  15.13 0.000  1.11 0.000 9.999 0.259000  0.17 0.000 0.135 0.000  0.683 0.000  0.956 0.000 99.99 0.259000   5.482 0.000  1.406 0.000   4.076 0.000 0.021 0.000  0.490 0.000
332.208333 333.208333   1.58 0.000  0.32 0.000 9.999 0.259000  0.13 0.000 0.006 0.000  0.115 0.000  0.161 0.000 99.99 0.259000   1.891 0.000  0.969 0.000   0.922 0.000 0.007 0.000  0.086 0.000
335.208333 336.208333   2.45 0.000  0.65 0.000 0.063 0.000000  0.10 0.000 0.019 0.000  0.229 0.000  0.321 0.000 99.99 0.259000   2.047 0.000  0.652 0.000   1.395 0.000 0.011 0.000  0.133 0.000
338.208333 339.208333   7.17 0.000  1.38 0.000 9.999 0.259000  0.28 0.000 0.030 0.000  0.380 0.000  0.532 0.000 99.99 0.259000   4.167 0.000  2.423 0.000   1.744 0.000 0.014 0.000  0.151 0.000
341.208333 342.208333   5.38 0.000  0.62 0.000 0.033 0.000000  0.42 0.000 0.036 0.000  0.271 0.000  0.379 0.000  4.26 0.000000   2.851 0.000  1.378 0.000   1.473 0.000 0.013 0.000  0.106 0.000
344.208333 345.208333   0.33 0.000  0.23 0.000 0.043 0.000000  0.07 0.000 0.004 0.000  0.047 0.000  0.066 0.000 99.99 0.259000   1.049 0.000  0.897 0.000   0.152 0.000 0.004 0.000  0.030 0.000
347.208333 348.208333   8.56 0.000  0.87 0.000 9.999 0.259000  0.31 0.000 0.013 0.000  0.305 0.000  0.428 0.000 99.99 0.259000   5.438 0.000  3.898 0.000   1.540 0.000 0.013 0.000  0.112 0.000
350.208333 351.208333   4.98 0.000  0.67 0.000 9.999 0.259000  0.70 0.000 0.091 0.000  0.510 0.000  0.714 0.000 99.99 0.259000   4.363 0.000  1.863 0.000   2.500 0.000 0.010 0.000  0.297 0.000
353.208333 354.208333   2.79 0.000  0.79 0.000 0.035 0.000000  0.39 0.000 0.105 0.000  0.632 0.000  0.884 0.000 99.99 0.259000   3.034 0.000  0.759 0.000   2.274 0.000 0.015 0.000  0.244 0.000
356.208333 357.208333  33.88 0.000  1.82 0.000 9.999 0.259000  1.03 0.000 0.154 0.000  1.748 0.000  2.448 0.000 99.99 0.259000  11.684 0.000  3.992 0.000   7.692 0.000 0.055 0.000  0.789 0.000
359.208333 360.208333   2.24 0.000  0.94 0.000 9.999 0.259000  0.10 0.000 0.029 0.000  0.247 0.000  0.346 0.000 99.99 0.259000   4.094 0.000  2.510 0.000   1.584 0.000 0.007 0.000  0.171 0.000
362.208333 363.208333  14.89 0.000  1.60 0.000 9.999 0.259000  0.30 0.000 0.047 0.000  0.809 0.000  1.132 0.000 99.99 0.259000   4.593 0.000  1.574 0.000   3.019 0.000 0.024 0.000  0.257 0.000
