scripts/IMPROVE-2019_partial/data/US0056R.20050101070000.20191216000000.filterpack..pm25.52w.1w.US03L_filterpack_US0056.US03L_IMPROVE_Davis.lev2.nas
66 1001
MISSING INFORMATION
US03L, IMPROVE, , , , , , , 
MISSING INFORMATION
IMPROVE sel_HTAP
1 1
2005 01 01 2019 12 16
3.000000
days from file reference point
27
1 1 1 1 1 1 1 1 1 1 1 1 1 1 1 1 1 1 1 1 1 1 1 1 1 1 1
999.999999 9999.99 9.999 99.99 9.999 9.999 9.999999 9.99 9.999 9.999 9.999 99.999 9.999 99.999 9.999 999.99 9.999999 999.999 9.999 999.999 9.999 99.999 9.999 9.999 9.999 9.999 9.999
end_time of measurement, days from the file reference point
iron, ng/m3, Revision date=20181210133000
numflag iron, no unit, Revision date=20181210133000
lead, ng/m3, Revision date=20181210133000
numflag lead, no unit, Revision date=20181210133000
magnesium, ug/m3, Revision date=20181210133000
numflag magnesium, no unit, Revision date=20181210133000
nickel, ng/m3, Revision date=20181210133000
numflag nickel, no unit, Revision date=20181210133000
nitrate, ug N/m3, Revision date=20181210133000
numflag nitrate, no unit, Revision date=20181210133000
organic_carbon, ug C/m3, Revision date=20181210133000
numflag organic_carbon, no unit, Revision date=20181210133000
organic_mass, ug/m3, Revision date=20181210133000
numflag organic_mass, no unit, Revision date=20181210133000
phosphorus, ng/m3, Revision date=20181210133000
numflag phosphorus, no unit, Revision date=20181210133000
pm10_mass, ug/m3, Version=2, Version description=Data extracted from http://views.cira.colostate.edu/fed/DataWizard 2019-12-16, Sample duration=1d, Orig. time res.=3d, Matrix=pm10, Blank correction=Blank corrected, Volume std. temperature=ambient, Volume std. pressure=ambient
numflag pm10_mass, no unit, Version=2, Version description=Data extracted from http://views.cira.colostate.edu/fed/DataWizard 2019-12-16, Sample duration=1d, Orig. time res.=3d, Matrix=pm10, Blank correction=Blank corrected, Volume std. temperature=ambient, Volume std. pressure=ambient
pm10_pm25_mass, ug/m3, Revision date=20181210133000, Matrix=pm10_pm25
numflag pm10_pm25_mass, no unit, Revision date=20181210133000, Matrix=pm10_pm25
pm25_mass, ug/m3, Version=2, Version description=Data extracted from http://views.cira.colostate.edu/fed/DataWizard 2019-12-16, Sample duration=1d, Orig. time res.=3d, Blank correction=Blank corrected, Volume std. temperature=ambient, Volume std. pressure=ambient
numflag pm25_mass, no unit, Version=2, Version description=Data extracted from http://views.cira.colostate.edu/fed/DataWizard 2019-12-16, Sample duration=1d, Orig. time res.=3d, Blank correction=Blank corrected, Volume std. temperature=ambient, Volume std. pressure=ambient
potassium, ug/m3, Revision date=20181210133000
numflag potassium, no unit, Revision date=20181210133000
sulphate_total, ug S/m3, Revision date=20181210133000
numflag sulphate_total, no unit, Revision date=20181210133000
0
25
Data definition:              EBAS_1.1
Set type code:                TU
Timezone:                     UTC
File name:                    US0056R.20050101070000.20191216000000.filterpack..pm25.52w.1w.US03L_filterpack_US0056.US03L_IMPROVE_Davis.lev2.nas
File creation:                20191218115853
Startdate:                    20050101070000
Revision date:                20191216000000
Statistics:                   arithmetic mean
Data level:                   2
Period code:                  52w
Resolution code:              1w
Station code:                 US0056R
Platform code:                US0056S
Station name:                 Fort Peck (IMPROVE)
Station latitude:             48.308
Station longitude:            -105.1022
Station altitude:             638.0 m
Regime:                       IMG
Component:                    
Matrix:                       pm25
Laboratory code:              US03L
Instrument type:              filterpack
Instrument name:              filterpack_US0056
Method ref:                   US03L_IMPROVE_Davis
starttime endtime Fe flag_Fe Pb flag_Pb Mg++ flag_Mg++ Ni flag_Ni NO3- flag_NO3- OC flag_OC OM flag_OM P flag_P PM10 flag_PM10 PM10-PM2.5 flag_PM10-PM2.5 PM2.5 flag_PM2.5 K+ flag_K+ SO4-- flag_SO4--
[from data line 83]
249.291667 250.291667   84.30 0.000  0.57 0.000 9.999 0.259000 9.99 0.259 0.012 0.000  0.754 0.000  1.357 0.000 999.99 0.259000  14.539 0.000  10.364 0.000  4.175 0.000 0.047 0.000 0.211 0.000
252.291667 253.291667  151.39 0.000  1.00 0.000 0.020 0.000000 9.99 0.259 0.032 0.000  1.443 0.000  2.598 0.000 999.99 0.259000  20.418 0.000  11.552 0.000  8.866 0.000 0.095 0.000 0.576 0.000
255.291667 256.291667   50.15 0.000  0.55 0.000 9.999 0.259000 9.99 0.259 0.007 0.000  0.420 0.000  0.756 0.000 999.99 0.259000   5.976 0.000   2.987 0.000  3.005 0.000 0.023 0.000 0.256 0.000
258.291667 259.291667   54.66 0.000  0.63 0.000 0.016 0.000000 0.09 0.000 0.036 0.000  0.827 0.000  1.488 0.000 999.99 0.259000  13.762 0.000   9.503 0.000  4.335 0.000 0.066 0.000 0.261 0.000
261.291667 262.291667   29.58 0.000  0.65 0.000 9.999 0.259000 9.99 0.259 0.028 0.000  0.736 0.000  1.324 0.000 999.99 0.259000   6.570 0.000   3.576 0.000  2.938 0.000 0.020 0.000 0.198 0.000
264.291667 265.291667   80.89 0.000  0.42 0.000 0.019 0.000000 0.05 0.000 0.015 0.000  0.520 0.000  0.936 0.000 999.99 0.259000  16.785 0.000  13.002 0.000  3.620 0.000 0.036 0.000 0.185 0.000
267.291667 268.291667   54.94 0.000  0.43 0.000 9.999 0.259000 9.99 0.259 0.014 0.000  0.551 0.000  0.992 0.000 999.99 0.259000   8.554 0.000   5.085 0.000  3.393 0.000 0.031 0.000 0.215 0.000
270.291667 271.291667   43.34 0.000  0.39 0.000 9.999 0.259000 9.99 0.259 0.011 0.000  0.326 0.000  0.588 0.000 999.99 0.259000  11.569 0.000   9.614 0.000  1.986 0.000 0.020 0.000 0.134 0.000
273.291667 274.291667   89.89 0.000  0.35 0.000 0.044 0.000000 9.99 0.259 0.032 0.000  1.008 0.000  1.815 0.000 999.99 0.259000  14.018 0.000   9.902 0.000  3.985 0.000 0.093 0.000 0.157 0.000
276.291667 277.291667   19.12 0.000  0.26 0.000 0.013 0.000000 9.99 0.259 0.038 0.000  0.565 0.000  1.017 0.000 999.99 0.259000   7.858 0.000   5.548 0.000  2.340 0.000 0.137 0.000 0.222 0.000
279.291667 280.291667   16.04 0.000  0.19 0.000 9.999 0.259000 9.99 0.259 0.041 0.000  0.950 0.000  1.709 0.000 999.99 0.259000   4.458 0.000   1.550 0.000  2.873 0.000 0.019 0.000 0.158 0.000
282.291667 283.291667   33.26 0.000  0.26 0.000 0.016 0.000000 9.99 0.259 0.082 0.000  0.575 0.000  1.036 0.000 999.99 0.259000   3.030 0.000 999.999 0.259  3.013 0.000 0.037 0.000 0.292 0.000
285.291667 286.291667   40.06 0.000  0.27 0.000 9.999 0.259000 9.99 0.259 0.014 0.000  0.465 0.000  0.836 0.000 999.99 0.259000   6.144 0.000   3.773 0.000  2.369 0.000 0.027 0.000 0.121 0.000
288.291667 289.291667   48.51 0.000  0.39 0.000 0.023 0.000000 9.99 0.259 0.012 0.000  0.567 0.000  1.020 0.000 999.99 0.259000   7.995 0.000   5.346 0.000  2.575 0.000 0.023 0.000 0.139 0.000
291.291667 292.291667   58.74 0.000  0.34 0.000 9.999 0.259000 9.99 0.259 0.017 0.000 99.999 0.456 99.999 0.456 999.99 0.259000   6.638 0.000   4.141 0.000  2.437 0.000 0.028 0.000 0.185 0.000
294.291667 295.291667   29.85 0.000  0.44 0.000 0.014 0.000000 9.99 0.259 0.043 0.000 99.999 0.456 99.999 0.456 999.99 0.259000   3.051 0.000   0.873 0.000  2.177 0.000 0.037 0.000 0.182 0.000
297.291667 298.291667   58.53 0.000  0.26 0.000 9.999 0.259000 9.99 0.259 0.078 0.000  1.246 0.000  2.243 0.000 999.99 0.259000  10.426 0.000   5.381 0.000  5.111 0.000 0.103 0.000 0.283 0.000
300.291667 301.291667   50.96 0.000  0.30 0.000 9.999 0.259000 9.99 0.259 0.093 0.000 99.999 0.456 99.999 0.456 999.99 0.259000   8.769 0.000   4.202 0.000  4.493 0.000 0.127 0.000 0.208 0.000
303.291667 304.291667   58.23 0.000  0.50 0.000 9.999 0.259000 9.99 0.259 0.165 0.000 99.999 0.456 99.999 0.456 999.99 0.259000   7.754 0.000   4.917 0.000  2.766 0.000 0.032 0.000 0.153 0.000
306.291667 307.291667   17.34 0.000  0.37 0.000 9.999 0.259000 9.99 0.259 0.036 0.000  0.543 0.000  0.977 0.000 999.99 0.259000   3.334 0.000   0.581 0.000  2.730 0.000 0.045 0.000 0.372 0.000
309.291667 310.291667   13.34 0.000  0.35 0.000 9.999 0.259000 9.99 0.259 0.016 0.000  0.419 0.000  0.754 0.000 999.99 0.259000   1.646 0.000   0.644 0.000  0.989 0.000 0.008 0.000 0.040 0.000
312.291667 313.291667   16.30 0.000  0.90 0.000 9.999 0.259000 9.99 0.259 0.238 0.000  0.754 0.000  1.358 0.000 999.99 0.259000   4.218 0.000   1.044 0.000  3.144 0.000 0.024 0.000 0.360 0.000
315.291667 316.291667    9.93 0.000  0.65 0.000 9.999 0.259000 9.99 0.259 0.115 0.000  0.633 0.000  1.139 0.000 999.99 0.259000   3.358 0.000   1.481 0.000  1.850 0.000 0.057 0.000 0.088 0.000
318.291667 319.291667   14.04 0.000  0.31 0.000 9.999 0.259000 9.99 0.259 0.037 0.000  0.470 0.000  0.845 0.000 999.99 0.259000   4.472 0.000   1.702 0.000  2.754 0.000 0.070 0.000 0.414 0.000
321.291667 322.291667   14.35 0.000  0.30 0.000 9.999 0.259000 9.99 0.259 0.010 0.000  0.669 0.000  1.204 0.000 999.99 0.259000   3.114 0.000   1.370 0.000  1.719 0.000 0.016 0.000 0.105 0.000
324.291667 325.291667   14.42 0.000  0.29 0.000 9.999 0.259000 9.99 0.259 0.021 0.000  0.616 0.000  1.110 0.000 999.99 0.259000   3.197 0.000   1.429 0.000  1.742 0.000 0.017 0.000 0.093 0.000
327.291667 328.291667   11.59 0.000  0.27 0.000 0.006 0.000000 0.38 0.000 0.178 0.000  0.319 0.000  0.575 0.000 999.99 0.259000   5.742 0.000   1.809 0.000  3.889 0.000 0.019 0.000 0.527 0.000
330.291667 331.291667   18.84 0.000  0.48 0.000 9.999 0.259000 9.99 0.259 0.435 0.000  0.421 0.000  0.758 0.000 999.99 0.259000   7.770 0.000   1.722 0.000  5.992 0.000 0.068 0.000 0.565 0.000
333.291667 334.291667 9999.99 0.456 99.99 0.456 9.999 0.456000 9.99 0.456 0.068 0.000  0.209 0.000  0.376 0.000 999.99 0.456000   2.050 0.000 999.999 0.456 99.999 0.456 9.999 0.456 0.202 0.000
336.291667 337.291667   18.04 0.000  0.61 0.000 0.009 0.000000 9.99 0.259 0.353 0.000  0.456 0.000  0.821 0.000 999.99 0.259000   6.203 0.000   0.967 0.000  5.194 0.000 0.021 0.000 0.640 0.000
339.291667 340.291667   13.31 0.000  0.72 0.000 9.999 0.259000 9.99 0.259 0.150 0.000  0.467 0.000  0.841 0.000 999.99 0.259000   3.890 0.000   1.482 0.000  2.402 0.000 0.024 0.000 0.154 0.000
342.291667 343.291667   15.66 0.000  0.22 0.000 9.999 0.259000 9.99 0.259 0.046 0.000  0.287 0.000  0.516 0.000 999.99 0.259000   2.860 0.000   1.176 0.000  1.661 0.000 0.014 0.000 0.120 0.000
345.291667 346.291667   14.19 0.000  1.35 0.000 9.999 0.259000 9.99 0.259 0.358 0.000  0.640 0.000  1.153 0.000 999.99 0.259000   3.083 0.000   0.404 0.000  2.658 0.000 0.021 0.000 0.133 0.000
348.291667 349.291667   11.10 0.000  0.22 0.000 0.009 0.000000 0.12 0.000 0.056 0.000  0.275 0.000  0.495 0.000 999.99 0.259000   3.307 0.000   2.009 0.000  1.268 0.000 0.011 0.000 0.106 0.000
351.291667 352.291667   13.93 0.000  3.10 0.000 9.999 0.259000 0.14 0.000 0.165 0.000  0.497 0.000  0.895 0.000 999.99 0.259000   4.139 0.000   1.260 0.000  2.848 0.000 0.025 0.000 0.234 0.000
354.291667 355.291667   19.25 0.000  0.44 0.000 9.999 0.259000 9.99 0.259 0.166 0.000  0.809 0.000  1.456 0.000 999.99 0.259000   2.917 0.000   0.911 0.000  1.998 0.000 0.012 0.000 0.099 0.000
357.291667 358.291667    7.02 0.000  0.25 0.000 9.999 0.259000 9.99 0.259 0.022 0.000  0.290 0.000  0.523 0.000 999.99 0.259000   1.178 0.000   0.459 0.000  0.710 0.000 0.005 0.000 0.024 0.000
360.291667 361.291667    6.48 0.000  0.38 0.000 9.999 0.259000 9.99 0.259 0.030 0.000  0.313 0.000  0.564 0.000   2.61 0.000000   1.390 0.000   0.439 0.000  0.959 0.000 0.007 0.000 0.024 0.000
363.291667 364.291667    2.85 0.000  0.21 0.000 9.999 0.259000 9.99 0.259 0.440 0.000  0.289 0.000  0.519 0.000 999.99 0.259000   3.000 0.000   0.330 0.000  2.668 0.000 0.004 0.000 0.239 0.000
