scripts/IMPROVE-2019_partial/data/US0069R.20060102080000.20191216000000.filterpack..pm25.52w.1w.US03L_filterpack_US0069.US03L_IMPROVE_Davis.lev2.nas
66 1001
MISSING INFORMATION
US03L, IMPROVE, , , , , , , 
MISSING INFORMATION
IMPROVE sel_HTAP
1 1
2006 01 01 2019 12 16
3.000000
days from file reference point
27
1 1 1 1 1 1 1 1 1 1 1 1 1 1 1 1 1 1 1 1 1 1 1 1 1 1 1
999.999999 999.99 9.999 99.99 9.999 9.999 9.999999 9.99 9.999999 9.999 9.999 99.999 9.999 99.999 9.999 99.99 9.999999 999.999 9.999 99.999 9.999 999.999 9.999 9.999 9.999 9.999 9.999
end_time of measurement, days from the file reference point
iron, ng/m3, Revision date=20181210133000
numflag iron, no unit, Revision date=20181210133000
lead, ng/m3, Revision date=20181210133000
numflag lead, no unit, Revision date=20181210133000
magnesium, ug/m3, Revision date=20181210133000
numflag magnesium, no unit, Revision date=20181210133000
nickel, ng/m3, Revision date=20181210133000
numflag nickel, no unit, Revision date=20181210133000
nitrate, ug N/m3, Revision date=20181210133000
numflag nitrate, no unit, Revision date=20181210133000
organic_carbon, ug C/m3, Revision date=20181210133000
numflag organic_carbon, no unit, Revision date=20181210133000
organic_mass, ug/m3, Revision date=20181210133000
numflag organic_mass, no unit, Revision date=20181210133000
phosphorus, ng/m3, Revision date=20181210133000
numflag phosphorus, no unit, Revision date=20181210133000
pm10_mass, ug/m3, Version=2, Version description=Data extracted from http://views.cira.colostate.edu/fed/DataWizard 2019-12-16, Sample duration=1d, Orig. time res.=3d, Matrix=pm10, Blank correction=Blank corrected, Volume std. temperature=ambient, Volume std. pressure=ambient
numflag pm10_mass, no unit, Version=2, Version description=Data extracted from http://views.cira.colostate.edu/fed/DataWizard 2019-12-16, Sample duration=1d, Orig. time res.=3d, Matrix=pm10, Blank correction=Blank corrected, Volume std. temperature=ambient, Volume std. pressure=ambient
pm10_pm25_mass, ug/m3, Revision date=20181210133000, Matrix=pm10_pm25
numflag pm10_pm25_mass, no unit, Revision date=20181210133000, Matrix=pm10_pm25
pm25_mass, ug/m3, Version=2, Version description=Data extracted from http://views.cira.colostate.edu/fed/DataWizard 2019-12-16, Sample duration=1d, Orig. time res.=3d, Blank correction=Blank corrected, Volume std. temperature=ambient, Volume std. pressure=ambient
numflag pm25_mass, no unit, Version=2, Version description=Data extracted from http://views.cira.colostate.edu/fed/DataWizard 2019-12-16, Sample duration=1d, Orig. time res.=3d, Blank correction=Blank corrected, Volume std. temperature=ambient, Volume std. pressure=ambient
potassium, ug/m3, Revision date=20181210133000
numflag potassium, no unit, Revision date=20181210133000
sulphate_total, ug S/m3, Revision date=20181210133000
numflag sulphate_total, no unit, Revision date=20181210133000
0
25
Data definition:              EBAS_1.1
Set type code:                TU
Timezone:                     UTC
File name:                    US0069R.20060102080000.20191216000000.filterpack..pm25.52w.1w.US03L_filterpack_US0069.US03L_IMPROVE_Davis.lev2.nas
File creation:                20191218115957
Startdate:                    20060102080000
Revision date:                20191216000000
Statistics:                   arithmetic mean
Data level:                   2
Period code:                  52w
Resolution code:              1w
Station code:                 US0069R
Platform code:                US0069S
Station name:                 Kalmiopsis
Station latitude:             42.552
Station longitude:            -124.0589
Station altitude:             80.0 m
Regime:                       IMG
Component:                    
Matrix:                       pm25
Laboratory code:              US03L
Instrument type:              filterpack
Instrument name:              filterpack_US0069
Method ref:                   US03L_IMPROVE_Davis
starttime endtime Fe flag_Fe Pb flag_Pb Mg++ flag_Mg++ Ni flag_Ni NO3- flag_NO3- OC flag_OC OM flag_OM P flag_P PM10 flag_PM10 PM10-PM2.5 flag_PM10-PM2.5 PM2.5 flag_PM2.5 K+ flag_K+ SO4-- flag_SO4--
[from data line 83]
250.333333 251.333333  32.22 0.000  0.43 0.000 0.023 0.000000 0.23 0.000000 0.073 0.559  0.738 0.000  1.328 0.000 99.99 0.259000   8.929 0.000  5.292 0.000   3.637 0.000 0.023 0.000 0.263 0.559
253.333333 254.333333  30.07 0.000  0.72 0.000 0.021 0.000000 0.17 0.000000 0.082 0.559  1.015 0.000  1.827 0.000 99.99 0.259000   9.524 0.000  5.181 0.000   4.343 0.000 0.028 0.000 0.268 0.559
256.333333 257.333333   8.03 0.000  0.12 0.000 0.033 0.000000 0.19 0.000000 0.031 0.000  0.118 0.000  0.213 0.000 99.99 0.259000   7.296 0.000  4.676 0.000   2.620 0.000 0.018 0.000 0.179 0.000
259.333333 260.333333   1.93 0.000  0.22 0.000 0.018 0.000000 9.99 0.259000 0.022 0.559  0.562 0.000  1.012 0.000 99.99 0.259000   4.178 0.000  2.244 0.000   1.934 0.000 0.014 0.000 0.090 0.559
262.333333 263.333333   2.64 0.000  0.20 0.000 0.021 0.000000 9.99 0.259000 0.023 0.559  0.215 0.000  0.387 0.000 99.99 0.259000   3.305 0.000  1.684 0.000   1.620 0.000 0.011 0.000 0.148 0.559
265.333333 266.333333  10.09 0.000  0.36 0.000 0.009 0.000000 9.99 0.259000 0.038 0.559  0.751 0.000  1.353 0.000 99.99 0.259000   4.661 0.000  2.279 0.000   2.381 0.000 0.022 0.000 0.119 0.559
268.333333 269.333333  23.37 0.000  0.70 0.000 9.999 0.259000 0.30 0.000000 0.031 0.559  3.624 0.000  6.524 0.000 99.99 0.259000  12.411 0.000  3.729 0.000   8.682 0.000 0.073 0.000 0.148 0.559
271.333333 272.333333  18.97 0.000  0.62 0.000 0.009 0.000000 0.44 0.000000 0.021 0.000  4.576 0.000  8.237 0.000 99.99 0.259000  20.434 0.000  9.644 0.000  10.790 0.000 0.083 0.000 0.144 0.000
274.333333 275.333333  10.22 0.000  0.56 0.000 0.017 0.000000 0.24 0.000000 0.052 0.000  0.990 0.000  1.782 0.000 99.99 0.259000   5.800 0.000  2.256 0.000   3.544 0.000 0.029 0.000 0.240 0.000
277.333333 278.333333  21.04 0.000  1.01 0.000 9.999 0.259000 0.42 0.000000 0.064 0.000  1.767 0.000  3.180 0.000 99.99 0.259000   9.904 0.000  4.000 0.000   5.904 0.000 0.054 0.000 0.323 0.000
280.333333 281.333333   9.29 0.000  0.91 0.000 9.999 0.259000 9.99 0.259000 0.045 0.000  0.549 0.000  0.989 0.000 99.99 0.259000   4.541 0.000  2.163 0.000   2.378 0.000 0.023 0.000 0.150 0.000
283.333333 284.333333  20.73 0.000  0.50 0.000 9.999 0.259000 9.99 0.259000 0.007 0.000  0.667 0.000  1.200 0.000 99.99 0.259000   4.853 0.000  2.653 0.000   2.200 0.000 0.024 0.000 0.108 0.000
286.333333 287.333333  14.43 0.000  0.72 0.000 0.015 0.000000 0.29 0.000000 0.050 0.000  1.020 0.000  1.836 0.000 99.99 0.259000   5.770 0.000  1.859 0.000   3.912 0.000 0.026 0.000 0.280 0.000
289.333333 290.333333   2.42 0.000  0.70 0.000 0.005 0.000000 9.99 0.259000 0.021 0.000  0.828 0.000  1.491 0.000 99.99 0.259000   6.949 0.000  5.074 0.000   1.876 0.000 0.046 0.000 0.065 0.000
292.333333 293.333333   4.57 0.000  0.50 0.000 9.999 0.259000 9.99 0.259000 0.007 0.000  0.554 0.000  0.997 0.000 99.99 0.259000   3.347 0.000  1.865 0.000   1.482 0.000 0.037 0.000 0.056 0.000
295.333333 296.333333  13.43 0.000  2.54 0.000 9.999 0.259000 0.40 0.000000 0.095 0.000  2.296 0.000  4.132 0.000 99.99 0.259000  10.009 0.000  3.438 0.000   6.571 0.000 0.061 0.000 0.186 0.000
298.333333 299.333333  10.95 0.000  0.48 0.000 9.999 0.259000 9.99 0.259000 0.084 0.000  1.998 0.000  3.597 0.000 99.99 0.259000   7.656 0.000  2.630 0.000   5.026 0.000 0.072 0.000 0.160 0.000
301.333333 302.333333  12.27 0.000  0.90 0.000 0.014 0.000000 9.99 0.259000 0.031 0.000  2.717 0.000  4.890 0.000 99.99 0.259000   9.271 0.000  2.216 0.000   7.055 0.000 0.057 0.000 0.207 0.000
304.333333 305.333333  22.98 0.000  1.32 0.000 9.999 0.259000 9.99 0.259000 0.035 0.000  4.628 0.000  8.330 0.000 99.99 0.259000  12.321 0.000  2.598 0.000   9.723 0.000 0.084 0.000 0.128 0.000
307.333333 308.333333   0.83 0.000  0.23 0.000 9.999 0.259000 9.99 0.259000 0.005 0.000  1.542 0.000  2.775 0.000  8.97 0.000000   5.994 0.000  2.902 0.000   3.091 0.000 0.028 0.000 0.026 0.000
310.333333 311.333333   0.88 0.000  0.20 0.000 9.999 0.259000 9.99 0.259000 0.001 0.000  0.498 0.000  0.896 0.000  4.73 0.000000   2.541 0.000  1.655 0.000   0.886 0.000 0.018 0.000 0.007 0.000
313.333333 314.333333   0.97 0.000  0.16 0.000 9.999 0.259000 9.99 0.259000 0.009 0.000  0.919 0.000  1.655 0.000 99.99 0.259000   3.330 0.000  1.692 0.000   1.638 0.000 0.024 0.000 0.041 0.000
316.333333 317.333333   0.66 0.000  0.23 0.000 9.999 0.259000 9.99 0.259000 0.003 0.000  0.752 0.000  1.355 0.000  5.49 0.000000   2.987 0.000  1.584 0.000   1.403 0.000 0.014 0.000 0.026 0.000
319.333333 320.333333   1.13 0.000  0.20 0.000 0.019 0.000000 9.99 0.259000 0.012 0.000  0.536 0.000  0.966 0.000 99.99 0.259000   4.732 0.000  2.856 0.000   1.876 0.000 0.021 0.000 0.074 0.000
322.333333 323.333333   1.84 0.000  0.40 0.000 0.007 0.000000 9.99 0.259000 0.014 0.000  0.652 0.000  1.174 0.000 99.99 0.259000   3.987 0.000  2.054 0.000   1.933 0.000 0.018 0.000 0.056 0.000
325.333333 326.333333   1.53 0.000  0.21 0.000 0.016 0.000000 0.09 0.000000 0.003 0.000  0.733 0.000  1.319 0.000 99.99 0.259000   2.713 0.000  1.202 0.000   1.511 0.000 0.012 0.000 0.028 0.000
328.333333 329.333333   1.31 0.000  0.26 0.000 0.011 0.000000 9.99 0.259000 0.006 0.000  0.423 0.000  0.761 0.000 99.99 0.259000   2.507 0.000  1.242 0.000   1.265 0.000 0.010 0.000 0.063 0.000
331.333333 332.333333   1.55 0.000  0.30 0.000 9.999 0.259000 9.99 0.259000 0.005 0.000  0.429 0.000  0.772 0.000 99.99 0.259000   1.959 0.000  0.803 0.000   1.157 0.000 0.011 0.000 0.037 0.000
334.333333 335.333333   1.94 0.000  0.65 0.000 9.999 0.259000 9.99 0.259000 0.016 0.000  0.524 0.000  0.943 0.000 99.99 0.259000   2.057 0.000  0.895 0.000   1.162 0.000 0.019 0.000 0.069 0.000
337.333333 338.333333   4.48 0.000  0.91 0.000 9.999 0.259000 9.99 0.259000 0.007 0.000  1.385 0.000  2.493 0.000 99.99 0.259000   3.881 0.000  1.218 0.000   2.663 0.000 0.030 0.000 0.062 0.000
340.333333 341.333333   6.13 0.000  1.25 0.000 9.999 0.259000 9.99 0.259000 0.013 0.000  2.999 0.000  5.399 0.000 99.99 0.259000   7.102 0.000  1.385 0.000   5.717 0.000 0.067 0.000 0.040 0.000
343.333333 344.333333   0.64 0.000  0.19 0.000 0.032 0.000000 9.99 0.259000 0.003 0.000  0.761 0.000  1.370 0.000 99.99 0.259000   2.299 0.000  1.060 0.000   1.239 0.000 0.012 0.000 0.023 0.000
346.333333 347.333333   2.55 0.000  0.51 0.000 0.071 0.000000 0.09 0.000000 0.017 0.000  0.986 0.000  1.774 0.000 99.99 0.259000   5.499 0.000  2.017 0.000   3.482 0.000 0.028 0.000 0.082 0.000
349.333333 350.333333   1.16 0.000  0.24 0.000 9.999 0.259000 9.99 0.259000 0.008 0.000  0.429 0.000  0.773 0.000 99.99 0.259000   1.529 0.000  0.445 0.000   1.084 0.000 0.009 0.000 0.013 0.000
352.333333 353.333333   2.92 0.000  0.66 0.000 9.999 0.259000 9.99 0.259000 0.009 0.000  1.115 0.000  2.006 0.000  2.47 0.000000   3.099 0.000  0.610 0.000   2.490 0.000 0.021 0.000 0.020 0.000
355.333333 356.333333   0.52 0.000  0.07 0.000 9.999 0.259000 9.99 0.259000 0.001 0.000  0.136 0.000  0.245 0.000 99.99 0.259000   1.196 0.000  0.689 0.000   0.508 0.000 0.006 0.000 0.003 0.000
358.333333 359.333333   1.12 0.000 99.99 0.259 9.999 0.259000 9.99 0.259000 9.999 0.259  0.299 0.000  0.539 0.000 99.99 0.259000   0.739 0.000  0.169 0.000   0.571 0.000 0.004 0.000 0.008 0.000
361.333333 362.333333   9.13 0.000  0.20 0.000 9.999 0.259000 9.99 0.259000 0.012 0.000  0.355 0.000  0.639 0.000 99.99 0.259000   2.566 0.000  0.950 0.000   1.616 0.000 0.015 0.000 0.067 0.000
364.333333 365.333333   2.89 0.000  0.80 0.000 9.999 0.259000 0.14 0.000000 0.008 0.000  1.243 0.000  2.238 0.000 99.99 0.259000   3.187 0.000  0.733 0.000   2.454 0.000 0.022 0.000 0.024 0.000
