scripts/IMPROVE-2019_partial/data/US0059R.20060102070000.20191216000000.filterpack..pm25.52w.1w.US03L_filterpack_US0059.US03L_IMPROVE_Davis.lev2.nas
64 1001
MISSING INFORMATION
US03L, IMPROVE, , , , , , , 
MISSING INFORMATION
IMPROVE sel_HTAP
1 1
2006 01 01 2019 12 16
3.000000
days from file reference point
25
1 1 1 1 1 1 1 1 1 1 1 1 1 1 1 1 1 1 1 1 1 1 1 1 1
999.999999 9999.99 9.999 99.99 9.999999 9.999 9.999999 9.99 9.999999 99.999 9.999 99.999 9.999 99.999 9.999 999.999 9.999 999.999 9.999 999.999 9.999 9.999 9.999 99.999 9.999
end_time of measurement, days from the file reference point
iron, ng/m3, Revision date=20181210133000
numflag iron, no unit, Revision date=20181210133000
lead, ng/m3, Revision date=20181210133000
numflag lead, no unit, Revision date=20181210133000
magnesium, ug/m3, Revision date=20181210133000
numflag magnesium, no unit, Revision date=20181210133000
nickel, ng/m3, Revision date=20181210133000
numflag nickel, no unit, Revision date=20181210133000
nitrate, ug N/m3, Revision date=20181210133000
numflag nitrate, no unit, Revision date=20181210133000
organic_carbon, ug C/m3, Revision date=20181210133000
numflag organic_carbon, no unit, Revision date=20181210133000
organic_mass, ug/m3, Revision date=20181210133000
numflag organic_mass, no unit, Revision date=20181210133000
pm10_mass, ug/m3, Version=2, Version description=Data extracted from http://views.cira.colostate.edu/fed/DataWizard 2019-12-16, Sample duration=1d, Orig. time res.=3d, Matrix=pm10, Blank correction=Blank corrected, Volume std. temperature=ambient, Volume std. pressure=ambient
numflag pm10_mass, no unit, Version=2, Version description=Data extracted from http://views.cira.colostate.edu/fed/DataWizard 2019-12-16, Sample duration=1d, Orig. time res.=3d, Matrix=pm10, Blank correction=Blank corrected, Volume std. temperature=ambient, Volume std. pressure=ambient
pm10_pm25_mass, ug/m3, Revision date=20181210133000, Matrix=pm10_pm25
numflag pm10_pm25_mass, no unit, Revision date=20181210133000, Matrix=pm10_pm25
pm25_mass, ug/m3, Version=2, Version description=Data extracted from http://views.cira.colostate.edu/fed/DataWizard 2019-12-16, Sample duration=1d, Orig. time res.=3d, Blank correction=Blank corrected, Volume std. temperature=ambient, Volume std. pressure=ambient
numflag pm25_mass, no unit, Version=2, Version description=Data extracted from http://views.cira.colostate.edu/fed/DataWizard 2019-12-16, Sample duration=1d, Orig. time res.=3d, Blank correction=Blank corrected, Volume std. temperature=ambient, Volume std. pressure=ambient
potassium, ug/m3, Revision date=20181210133000
numflag potassium, no unit, Revision date=20181210133000
sulphate_total, ug S/m3, Revision date=20181210133000
numflag sulphate_total, no unit, Revision date=20181210133000
0
25
Data definition:              EBAS_1.1
Set type code:                TU
Timezone:                     UTC
File name:                    US0059R.20060102070000.20191216000000.filterpack..pm25.52w.1w.US03L_filterpack_US0059.US03L_IMPROVE_Davis.lev2.nas
File creation:                20191218115908
Startdate:                    20060102070000
Revision date:                20191216000000
Statistics:                   arithmetic mean
Data level:                   2
Period code:                  52w
Resolution code:              1w
Station code:                 US0059R
Platform code:                US0059S
Station name:                 Crescent Lake
Station latitude:             41.7627
Station longitude:            -102.4336
Station altitude:             1207.0 m
Regime:                       IMG
Component:                    
Matrix:                       pm25
Laboratory code:              US03L
Instrument type:              filterpack
Instrument name:              filterpack_US0059
Method ref:                   US03L_IMPROVE_Davis
starttime endtime Fe flag_Fe Pb flag_Pb Mg++ flag_Mg++ Ni flag_Ni NO3- flag_NO3- OC flag_OC OM flag_OM PM10 flag_PM10 PM10-PM2.5 flag_PM10-PM2.5 PM2.5 flag_PM2.5 K+ flag_K+ SO4-- flag_SO4--
  1.291667   2.291667    6.19 0.000  0.33 0.000000 9.999 0.259000 9.99 0.259000  0.028 0.000  0.396 0.000  0.555 0.000   1.329 0.000   0.372 0.000   0.957 0.000 0.003 0.000  0.046 0.000
  4.291667   5.291667    5.82 0.000  0.21 0.000000 9.999 0.259000 0.12 0.000000  0.014 0.559  0.133 0.559  0.187 0.559   1.826 0.000   1.183 0.000   0.643 0.000 0.004 0.000  0.033 0.559
  7.291667   8.291667    5.96 0.000  0.14 0.000000 9.999 0.259000 9.99 0.259000  0.087 0.000  0.209 0.000  0.293 0.000   3.103 0.000   1.075 0.000   2.028 0.000 0.006 0.000  0.226 0.000
 10.291667  11.291667   94.32 0.000  0.87 0.000000 0.037 0.000000 0.12 0.000000  0.023 0.000  0.354 0.000  0.496 0.000  10.133 0.000   7.206 0.000   2.927 0.000 0.061 0.000  0.101 0.000
 13.291667  14.291667   41.18 0.000  0.56 0.000000 9.999 0.259000 9.99 0.259000  0.130 0.000  0.346 0.000  0.484 0.000   4.957 0.000   2.952 0.000   2.004 0.000 0.025 0.000  0.044 0.000
 16.291667  17.291667   29.04 0.000  0.27 0.000000 0.009 0.000000 9.99 0.259000  0.036 0.559  0.125 0.000  0.174 0.000   5.076 0.000   3.586 0.000   1.490 0.000 0.023 0.000  0.094 0.559
 19.291667  20.291667   28.78 0.000  0.38 0.000000 9.999 0.259000 0.45 0.000000  0.056 0.559  0.161 0.000  0.225 0.000   4.158 0.000   2.770 0.000   1.388 0.000 0.012 0.000  0.062 0.559
 22.291667  23.291667   18.70 0.000  0.46 0.000000 9.999 0.259000 9.99 0.259000  0.050 0.559  0.230 0.000  0.323 0.000   6.110 0.000   4.575 0.000   1.536 0.000 0.015 0.000  0.115 0.559
 25.291667  26.291667 9999.99 0.999 99.99 0.999000 9.999 0.999000 9.99 0.999000 99.999 0.999 99.999 0.999 99.999 0.999 999.999 0.999 999.999 0.999 999.999 0.999 9.999 0.999 99.999 0.999
 28.291667  29.291667 9999.99 0.999 99.99 0.999000 9.999 0.999000 9.99 0.999000 99.999 0.999 99.999 0.999 99.999 0.999 999.999 0.999 999.999 0.999 999.999 0.999 9.999 0.999 99.999 0.999
 31.291667  32.291667 9999.99 0.999 99.99 0.999000 9.999 0.999000 9.99 0.999000 99.999 0.999 99.999 0.999 99.999 0.999 999.999 0.999 999.999 0.999 999.999 0.999 9.999 0.999 99.999 0.999
 34.291667  35.291667   11.21 0.000  0.28 0.000000 9.999 0.259000 9.99 0.259000  0.043 0.000  0.221 0.000  0.310 0.000   3.335 0.000   2.264 0.000   1.071 0.000 0.008 0.000  0.079 0.000
 37.291667  38.291667   12.79 0.000  0.38 0.000000 9.999 0.259000 0.07 0.000000  0.090 0.000  0.241 0.000  0.338 0.000   4.311 0.000   3.109 0.000   1.202 0.000 0.010 0.000  0.081 0.000
 40.291667  41.291667   18.70 0.559 99.99 0.559259 9.999 0.559259 9.99 0.559259  0.028 0.000  0.127 0.559  0.177 0.559  12.864 0.000  11.548 0.559   1.316 0.659 0.013 0.559  0.128 0.000
 43.291667  44.291667   29.72 0.000  0.40 0.000000 9.999 0.259000 9.99 0.259000  0.028 0.000  0.255 0.000  0.357 0.000   6.097 0.000   4.630 0.000   1.466 0.000 0.020 0.000  0.086 0.000
 46.291667  47.291667   33.54 0.000  0.59 0.000000 9.999 0.259000 0.81 0.000000  0.105 0.559  0.345 0.559  0.482 0.559   7.313 0.000   3.583 0.000   3.729 0.000 0.021 0.000  0.364 0.559
 49.291667  50.291667   14.64 0.000  2.29 0.000000 9.999 0.259000 9.99 0.259000  0.646 0.559  0.956 0.559  1.338 0.559  11.159 0.000   3.301 0.000   7.858 0.000 0.023 0.000  0.454 0.559
 52.291667  53.291667   31.56 0.000  0.50 0.000000 9.999 0.259000 0.11 0.000000  0.341 0.559  0.406 0.000  0.568 0.000   8.559 0.000   4.630 0.000   3.928 0.000 0.022 0.000  0.253 0.559
 55.291667  56.291667   12.76 0.000  0.73 0.000000 9.999 0.259000 9.99 0.259000  0.288 0.559  0.202 0.559  0.283 0.559   8.012 0.000   2.944 0.000   5.068 0.000 0.014 0.000  0.628 0.559
 58.291667  59.291667   43.21 0.000  0.81 0.000000 9.999 0.259000 9.99 0.259000  0.023 0.000  0.273 0.000  0.382 0.000   7.423 0.000   4.784 0.000   2.639 0.000 0.033 0.000  0.133 0.000
 61.291667  62.291667   98.59 0.000  0.82 0.000000 9.999 0.259000 0.27 0.000000  0.216 0.559  0.481 0.000  0.674 0.000  37.168 0.000  31.345 0.000   5.822 0.000 0.074 0.000  0.311 0.559
 64.291667  65.291667   36.57 0.000  0.74 0.000000 9.999 0.259000 9.99 0.259000  0.244 0.000  0.344 0.000  0.482 0.000  10.678 0.000   6.920 0.000   3.759 0.000 0.028 0.000  0.206 0.000
 67.291667  68.291667   24.76 0.000  0.23 0.000000 9.999 0.259000 0.32 0.000000  0.127 0.000  0.252 0.000  0.353 0.000   8.014 0.000   6.380 0.000   1.634 0.000 0.016 0.000  0.125 0.000
 70.291667  71.291667   12.92 0.000  0.83 0.000000 9.999 0.259000 9.99 0.259000  0.183 0.000  0.173 0.000  0.242 0.000   8.432 0.000   4.950 0.000   3.482 0.000 0.013 0.000  0.371 0.000
 73.291667  74.291667   28.68 0.000  0.50 0.000000 9.999 0.259000 9.99 0.259000  0.190 0.000  1.054 0.000  1.475 0.000  14.016 0.000   9.462 0.000   4.554 0.000 0.054 0.000  0.239 0.000
 76.291667  77.291667   14.82 0.000  1.42 0.000000 9.999 0.259000 9.99 0.259000  0.747 0.000  0.657 0.000  0.920 0.000  13.153 0.000   3.201 0.000   9.952 0.000 0.028 0.000  0.766 0.000
 79.291667  80.291667   17.29 0.000  0.78 0.000000 9.999 0.259000 0.26 0.000000  0.370 0.000  0.214 0.000  0.300 0.000   5.318 0.000   0.222 0.000   5.096 0.000 0.015 0.000  0.542 0.000
 82.291667  83.291667   10.12 0.000  1.43 0.000000 9.999 0.259000 9.99 0.259000  1.586 0.000  0.581 0.000  0.814 0.000  17.840 0.000   3.157 0.000  14.683 0.000 0.014 0.000  0.873 0.000
 85.291667  86.291667   17.86 0.000  0.58 0.000000 9.999 0.259000 9.99 0.259000  0.074 0.000  0.177 0.000  0.248 0.000   3.064 0.000   0.957 0.000   2.107 0.000 0.012 0.000  0.262 0.000
 88.291667  89.291667   24.01 0.000  0.35 0.000000 9.999 0.259000 0.31 0.000000  0.014 0.000  0.158 0.000  0.222 0.000   4.172 0.000   2.924 0.000   1.248 0.000 0.012 0.000  0.089 0.000
 91.291667  92.291667   29.71 0.000  0.56 0.000000 0.012 0.000000 0.18 0.000000  0.040 0.000  0.109 0.000  0.153 0.000  15.880 0.000  13.892 0.000   1.988 0.000 0.021 0.000  0.211 0.000
 94.291667  95.291667   70.13 0.000  0.91 0.000000 0.022 0.000000 0.77 0.000000  0.111 0.000  0.864 0.000  1.209 0.000  15.568 0.000  10.453 0.000   5.115 0.000 0.047 0.000  0.441 0.000
 97.291667  98.291667   28.93 0.000  1.26 0.000000 0.010 0.000000 9.99 0.259000  0.151 0.000  0.317 0.000  0.443 0.000   5.020 0.000   2.087 0.000   2.933 0.000 0.025 0.000  0.362 0.000
100.291667 101.291667   31.30 0.000  0.78 0.000000 0.014 0.000000 0.09 0.000000  0.022 0.000  0.276 0.000  0.387 0.000   6.315 0.000   4.322 0.000   1.993 0.000 0.022 0.000  0.177 0.000
103.291667 104.291667   86.37 0.000  1.24 0.000000 0.038 0.000000 0.45 0.000000  0.033 0.000  0.527 0.000  0.738 0.000  11.837 0.000   8.267 0.000   3.570 0.000 0.055 0.000  0.223 0.000
106.291667 107.291667   54.50 0.000  1.38 0.000000 0.018 0.000000 0.11 0.000000  0.356 0.000  1.490 0.000  2.087 0.000  17.853 0.000  10.790 0.000   7.063 0.000 0.083 0.000  0.666 0.000
109.291667 110.291667   41.59 0.000  0.57 0.000000 9.999 0.259000 0.38 0.000000  0.026 0.559  0.545 0.000  0.763 0.000  11.360 0.000   7.938 0.000   3.422 0.000 0.035 0.000  0.223 0.559
112.291667 113.291667   74.35 0.000  2.20 0.000000 0.031 0.000000 9.99 0.259000  0.212 0.559  1.539 0.000  2.155 0.000  23.552 0.000  15.662 0.000   7.890 0.000 0.086 0.000  0.609 0.559
115.291667 116.291667   68.58 0.000  1.20 0.000000 0.029 0.000000 0.29 0.000000  0.142 0.559  0.346 0.000  0.485 0.000   7.967 0.000   4.152 0.000   3.816 0.000 0.041 0.000  0.301 0.559
118.291667 119.291667   71.26 0.000  1.14 0.000000 0.029 0.000000 0.17 0.000000  0.060 0.559  0.576 0.000  0.806 0.000   8.292 0.000   3.379 0.000   4.912 0.000 0.051 0.000  0.438 0.559
121.291667 122.291667  117.29 0.000  0.83 0.000000 0.037 0.000000 0.16 0.000000  0.062 0.559  0.396 0.000  0.554 0.000  12.609 0.000   8.004 0.000   4.606 0.000 0.072 0.000  0.267 0.559
124.291667 125.291667   28.12 0.000  0.15 0.000000 9.999 0.259000 0.28 0.000000  0.213 0.559  0.391 0.000  0.548 0.000   4.652 0.000   2.259 0.000   2.393 0.000 0.019 0.000  0.194 0.559
127.291667 128.291667   49.88 0.000  0.62 0.000000 9.999 0.259000 0.11 0.000000  0.023 0.559  0.587 0.000  0.822 0.000   6.131 0.000   3.106 0.000   3.025 0.000 0.033 0.000  0.242 0.559
130.291667 131.291667   15.22 0.000  0.08 0.000000 9.999 0.259000 9.99 0.259000  0.019 0.559  0.268 0.000  0.375 0.000   3.233 0.000   1.529 0.000   1.704 0.000 0.010 0.000  0.158 0.559
133.291667 134.291667   63.05 0.000  0.46 0.000000 9.999 0.259000 0.15 0.000000  0.043 0.559  0.803 0.000  1.124 0.000  12.155 0.000   7.559 0.000   4.596 0.000 0.046 0.000  0.404 0.559
136.291667 137.291667   51.69 0.000  0.24 0.000000 9.999 0.259000 0.13 0.000000  0.025 0.559  0.438 0.000  0.613 0.000   9.232 0.000   5.966 0.000   3.266 0.000 0.028 0.000  0.325 0.559
139.291667 140.291667   72.20 0.000  0.35 0.000000 9.999 0.259000 0.10 0.000000  0.030 0.559  1.285 0.000  1.799 0.000  21.956 0.000  16.463 0.000   5.492 0.000 0.049 0.000  0.265 0.559
142.291667 143.291667   49.61 0.000 99.99 0.259000 9.999 0.259000 9.99 0.259000  0.029 0.559  0.606 0.000  0.848 0.000   8.480 0.000   5.948 0.000   2.532 0.000 0.031 0.000  0.143 0.559
145.291667 146.291667   73.04 0.000  0.79 0.000000 9.999 0.259000 0.25 0.000000  0.047 0.559  1.175 0.000  1.644 0.000  22.036 0.000  15.782 0.000   6.254 0.000 0.067 0.000  0.454 0.559
148.291667 149.291667   28.85 0.000  0.23 0.000000 9.999 0.259000 9.99 0.259000  0.017 0.559  0.462 0.000  0.647 0.000   4.609 0.000   2.582 0.000   2.026 0.000 0.023 0.000  0.145 0.559
151.291667 152.291667   41.18 0.000  0.43 0.000000 9.999 0.259000 0.27 0.000000  0.231 0.559  0.502 0.000  0.703 0.000  11.243 0.000   7.808 0.000   3.435 0.000 0.025 0.000  0.285 0.559
154.291667 155.291667   40.97 0.000  0.73 0.000000 0.016 0.000000 0.11 0.000000  0.015 0.559  0.567 0.000  0.794 0.000   9.059 0.000   6.332 0.000   2.728 0.000 0.024 0.000  0.158 0.559
157.291667 158.291667   70.49 0.000  0.55 0.000000 0.027 0.000000 0.21 0.000000  0.033 0.000  1.178 0.000  1.649 0.000  25.821 0.000  19.910 0.000   5.912 0.000 0.052 0.000  0.414 0.000
160.291667 161.291667   22.66 0.000  0.46 0.000000 9.999 0.259000 0.17 0.000000  0.023 0.000  0.741 0.000  1.037 0.000   9.393 0.000   6.593 0.000   2.800 0.000 0.027 0.000  0.179 0.000
163.291667 164.291667   47.47 0.000  0.90 0.000000 9.999 0.259000 0.14 0.000000  0.224 0.559  1.213 0.000  1.698 0.000  23.611 0.000  14.748 0.000   8.863 0.000 0.045 0.000  1.043 0.559
166.291667 167.291667   29.49 0.000  0.22 0.000000 9.999 0.259000 0.20 0.000000  0.046 0.000  1.164 0.000  1.629 0.000  11.107 0.000   6.259 0.000   4.848 0.000 0.037 0.000  0.399 0.000
169.291667 170.291667   24.32 0.000  0.91 0.000000 0.010 0.000000 9.99 0.259000  0.074 0.559  0.869 0.000  1.217 0.000  14.776 0.000  10.276 0.000   4.500 0.000 0.027 0.000  0.322 0.559
172.291667 173.291667   19.99 0.000  0.58 0.000000 9.999 0.259000 0.35 0.000000  0.016 0.559  0.585 0.000  0.819 0.000  10.688 0.000   7.418 0.000   3.270 0.000 0.023 0.000  0.207 0.559
175.291667 176.291667   13.84 0.000  0.43 0.000000 9.999 0.259000 9.99 0.259000  0.017 0.559  0.756 0.000  1.058 0.000   8.937 0.000   5.056 0.000   3.881 0.000 0.019 0.000  0.310 0.559
178.291667 179.291667   59.12 0.000  0.59 0.000000 0.018 0.000000 0.23 0.000000  0.040 0.559  1.048 0.000  1.467 0.000  19.233 0.000  13.969 0.000   5.264 0.000 0.048 0.000  0.364 0.559
181.291667 182.291667   31.87 0.000  0.22 0.000000 9.999 0.259000 0.12 0.000000  0.015 0.559  1.152 0.000  2.074 0.000  10.275 0.000   5.734 0.000   4.541 0.000 0.034 0.000  0.272 0.559
184.291667 185.291667   22.72 0.000  0.75 0.000000 9.999 0.259000 9.99 0.259000  0.062 0.559  1.662 0.000  2.992 0.000  14.836 0.000   8.805 0.000   6.032 0.000 0.051 0.000  0.390 0.559
187.291667 188.291667   33.77 0.000  0.80 0.000000 9.999 0.259000 0.16 0.000000  0.087 0.559  1.606 0.000  2.892 0.000  14.829 0.000   7.990 0.000   6.840 0.000 0.073 0.000  0.451 0.559
190.291667 191.291667   23.83 0.000  1.02 0.000000 9.999 0.259000 9.99 0.259000  0.026 0.559  1.085 0.000  1.954 0.000  11.011 0.000   6.407 0.000   4.603 0.000 0.029 0.000  0.338 0.559
193.291667 194.291667   32.28 0.000  0.56 0.000000 9.999 0.259000 0.13 0.000000  0.028 0.559  1.290 0.000  2.323 0.000  13.985 0.000   9.270 0.000   4.715 0.000 0.073 0.000  0.249 0.559
196.291667 197.291667   42.44 0.000  0.67 0.000000 9.999 0.259000 9.99 0.259000  0.041 0.559  2.875 0.000  5.175 0.000  18.895 0.000  10.894 0.000   8.001 0.000 0.090 0.000  0.331 0.559
199.291667 200.291667   68.33 0.000  0.48 0.000000 9.999 0.259000 9.99 0.259000  0.038 0.559  3.653 0.000  6.576 0.000  25.617 0.000  14.360 0.000  11.257 0.000 0.137 0.000  0.449 0.559
202.291667 203.291667   30.91 0.000  0.87 0.000000 9.999 0.259000 9.99 0.259000  0.049 0.559  1.167 0.000  2.100 0.000   9.423 0.000   5.030 0.000   4.394 0.000 0.037 0.000  0.263 0.559
205.291667 206.291667   43.02 0.000  0.21 0.000000 0.010 0.000000 9.99 0.259000  0.016 0.559  1.810 0.000  3.257 0.000  15.257 0.000   9.520 0.000   5.737 0.000 0.036 0.000  0.242 0.559
208.291667 209.291667   41.59 0.000  0.53 0.000000 9.999 0.259000 0.14 0.000000  0.032 0.559  1.594 0.000  2.868 0.000  13.756 0.000   8.001 0.000   5.755 0.000 0.047 0.000  0.254 0.559
211.291667 212.291667   71.46 0.000  0.47 0.000000 9.999 0.259000 9.99 0.259000  0.036 0.559  3.612 0.000  6.502 0.000  32.287 0.000  20.678 0.000  11.609 0.000 0.129 0.000  0.463 0.559
214.291667 215.291667   42.06 0.000  0.62 0.000000 0.009 0.000000 9.99 0.259000  0.050 0.559  1.600 0.000  2.880 0.000  22.526 0.000  16.279 0.000   6.247 0.000 0.053 0.000  0.255 0.559
217.291667 218.291667   55.64 0.000  1.32 0.000000 9.999 0.259000 9.99 0.259000  0.070 0.559  2.057 0.000  3.703 0.000  20.904 0.000  11.979 0.000   8.925 0.000 0.052 0.000  0.575 0.559
220.291667 221.291667   42.83 0.000  0.88 0.000000 0.015 0.000000 9.99 0.259000  0.202 0.559  0.858 0.000  1.544 0.000  12.447 0.000   7.531 0.000   4.916 0.000 0.031 0.000  0.407 0.559
223.291667 224.291667   44.59 0.000  0.57 0.000000 9.999 0.259000 0.11 0.000000  0.025 0.559  0.702 0.000  1.264 0.000  11.978 0.000   7.403 0.000   4.575 0.000 0.035 0.000  0.337 0.559
226.291667 227.291667   15.76 0.000  0.75 0.000000 9.999 0.259000 9.99 0.259000  0.082 0.559  0.796 0.000  1.433 0.000  10.613 0.000   6.247 0.000   4.366 0.000 0.019 0.000  0.374 0.559
229.291667 230.291667   18.50 0.000  0.73 0.000000 0.010 0.000000 9.99 0.259000  0.220 0.559  0.834 0.000  1.502 0.000   9.081 0.000   3.935 0.000   5.145 0.000 0.040 0.000  0.458 0.559
232.291667 233.291667   15.83 0.000  0.55 0.000000 0.007 0.000000 0.04 0.000000  0.026 0.559  0.909 0.000  1.637 0.000   9.047 0.000   4.826 0.000   4.221 0.000 0.034 0.000  0.270 0.559
235.291667 236.291667   61.13 0.000  0.46 0.000000 0.019 0.000000 9.99 0.259000  0.044 0.559  3.935 0.000  7.083 0.000  29.276 0.000  18.396 0.000  10.880 0.000 0.222 0.000  0.358 0.559
238.291667 239.291667   20.04 0.000  0.63 0.000000 9.999 0.259000 0.10 0.000000  0.079 0.559  1.298 0.000  2.336 0.000   7.431 0.000   2.440 0.000   4.991 0.000 0.045 0.000  0.287 0.559
241.291667 242.291667   21.75 0.000  0.86 0.000000 0.011 0.000000 9.99 0.259000  0.082 0.559  1.020 0.000  1.836 0.000  15.573 0.000  10.936 0.000   4.637 0.000 0.029 0.000  0.348 0.559
244.291667 245.291667   12.17 0.000  0.42 0.000000 9.999 0.259000 0.06 0.000000  0.071 0.559  1.405 0.000  2.528 0.000   5.025 0.000   1.311 0.000   3.714 0.000 0.034 0.000  0.129 0.559
247.291667 248.291667   16.18 0.000  0.67 0.000000 9.999 0.259000 9.99 0.259000  0.044 0.559  0.616 0.000  1.109 0.000   8.570 0.000   5.807 0.000   2.763 0.000 0.016 0.000  0.219 0.559
250.291667 251.291667   13.26 0.000  0.32 0.000000 0.006 0.000000 9.99 0.259000  0.056 0.559  2.374 0.000  4.273 0.000  10.015 0.000   3.399 0.000   6.616 0.000 0.049 0.000  0.326 0.559
253.291667 254.291667   10.67 0.000  0.70 0.000000 9.999 0.259000 0.88 0.000000  0.049 0.559  1.184 0.000  2.131 0.000   6.717 0.000   3.506 0.000   3.211 0.000 0.020 0.000  0.221 0.559
256.291667 257.291667   47.56 0.000  0.41 0.000000 9.999 0.259000 9.99 0.259000  0.034 0.559  1.352 0.000  2.433 0.000  30.164 0.000  24.558 0.000   5.606 0.000 0.050 0.000  0.297 0.559
