scripts/IMPROVE-2019_partial/data/US0019R.19950104080000.20191216000000.filterpack...1y.3d.US03L_filterpack_US0019.US03L_IMPROVE_Davis.lev2.nas
52 1001
MISSING INFORMATION
US03L, IMPROVE, , , , , , , 
MISSING INFORMATION
IMPROVE sel_HTAP
1 1
1995 01 01 2019 12 16
0
days from file reference point
5
1 1 1 1 1
999.999999 999.999 9.999 999.999 9.999
end_time of measurement, days from the file reference point
pm10_mass, ug/m3, Matrix=pm10
numflag pm10_mass, no unit, Matrix=pm10
pm25_mass, ug/m3, Matrix=pm25
numflag pm25_mass, no unit, Matrix=pm25
0
33
Data definition:              EBAS_1.1
Set type code:                TI
Timezone:                     UTC
File name:                    US0019R.19950104080000.20191216000000.filterpack...1y.3d.US03L_filterpack_US0019.US03L_IMPROVE_Davis.lev2.nas
File creation:                20191218115638
Startdate:                    19950104080000
Revision date:                20191216000000
Version:                      2
Version description:          "Data extracted from http://views.cira.colostate.edu/fed/DataWizard 2019-12-16"
Statistics:                   arithmetic mean
Data level:                   2
Period code:                  1y
Resolution code:              3d
Sample duration:              1d
Orig. time res.:              3d
Station code:                 US0019R
Platform code:                US0019S
Station name:                 Bliss SP (TRPA)
Station latitude:             38.9761
Station longitude:            -120.1025
Station altitude:             2130.0 m
Regime:                       IMG
Component:                    
Unit:                         ug/m3
Matrix:                       
Laboratory code:              US03L
Instrument type:              filterpack
Instrument name:              filterpack_US0019
Method ref:                   US03L_IMPROVE_Davis
Blank correction:             Blank corrected
Volume std. temperature:      ambient
Volume std. pressure:         ambient
starttime endtime PM10 flag_PM10 PM2.5 flag_PM2.5
  3.333333   4.333333   1.780 0.000   1.158 0.000
  6.333333   7.333333   1.093 0.000 999.999 0.259
 10.333333  11.333333 999.999 0.999 999.999 0.999
 13.333333  14.333333 999.999 0.999 999.999 0.999
 17.333333  18.333333 999.999 0.999 999.999 0.999
 20.333333  21.333333 999.999 0.999 999.999 0.999
 24.333333  25.333333 999.999 0.999 999.999 0.999
 27.333333  28.333333 999.999 0.999 999.999 0.999
 31.333333  32.333333 999.999 0.999 999.999 0.999
 34.333333  35.333333 999.999 0.999 999.999 0.999
 38.333333  39.333333 999.999 0.999 999.999 0.999
 41.333333  42.333333   2.021 0.000   1.210 0.000
 45.333333  46.333333 999.999 0.999 999.999 0.999
 48.333333  49.333333   3.345 0.000   1.759 0.000
 52.333333  53.333333   4.236 0.000   2.203 0.000
 55.333333  56.333333   3.472 0.000   2.435 0.000
 59.333333  60.333333   3.264 0.000   2.315 0.000
 62.333333  63.333333   1.319 0.000   0.839 0.000
 66.333333  67.333333 999.999 0.999 999.999 0.999
 69.333333  70.333333 999.999 0.999 999.999 0.999
 73.333333  74.333333 999.999 0.999 999.999 0.999
 76.333333  77.333333 999.999 0.999 999.999 0.999
 80.333333  81.333333 999.999 0.999 999.999 0.999
 83.333333  84.333333 999.999 0.999 999.999 0.999
 87.333333  88.333333 999.999 0.999 999.999 0.999
 90.333333  91.333333   4.702 0.000   3.304 0.000
 94.333333  95.333333   5.353 0.000   2.547 0.000
 97.333333  98.333333   7.870 0.000   0.768 0.000
101.333333 102.333333   3.749 0.000   2.814 0.000
104.333333 105.333333   2.956 0.000   1.547 0.000
108.333333 109.333333   4.556 0.000   2.748 0.000
111.333333 112.333333   4.304 0.000   2.285 0.000
115.333333 116.333333   5.162 0.000   3.698 0.000
118.333333 119.333333   3.400 0.000   0.984 0.000
122.333333 123.333333   4.549 0.000   2.830 0.000
125.333333 126.333333   0.938 0.000   0.408 0.000
129.333333 130.333333   5.865 0.000   3.939 0.000
132.333333 133.333333   1.354 0.000   0.904 0.000
136.333333 137.333333   4.281 0.000   3.112 0.000
139.333333 140.333333  12.305 0.000   5.346 0.000
143.333333 144.333333   6.313 0.000   2.870 0.000
146.333333 147.333333   6.237 0.000   4.505 0.000
150.333333 151.333333  10.485 0.000   6.055 0.000
153.333333 154.333333   8.034 0.000   5.030 0.000
157.333333 158.333333   1.849 0.000   1.572 0.000
160.333333 161.333333   8.573 0.000   3.817 0.000
164.333333 165.333333   4.509 0.000   1.976 0.000
167.333333 168.333333   1.810 0.000   1.411 0.000
171.333333 172.333333   2.225 0.000   1.468 0.000
174.333333 175.333333   6.319 0.000   4.122 0.000
178.333333 179.333333   7.989 0.000   7.861 0.000
181.333333 182.333333   6.708 0.000   5.626 0.000
185.333333 186.333333  13.390 0.000   3.901 0.000
188.333333 189.333333   6.123 0.000   4.278 0.000
192.333333 193.333333   6.570 0.000   2.486 0.000
195.333333 196.333333   6.911 0.000   4.087 0.000
199.333333 200.333333  12.878 0.000   6.001 0.000
202.333333 203.333333   3.921 0.000   2.829 0.000
206.333333 207.333333   4.059 0.000   2.238 0.000
209.333333 210.333333   8.454 0.000   2.731 0.000
213.333333 214.333333  12.536 0.000   4.132 0.000
216.333333 217.333333   7.381 0.000   4.763 0.000
220.333333 221.333333   7.385 0.000   3.809 0.000
223.333333 224.333333   4.916 0.000   2.608 0.000
227.333333 228.333333   6.111 0.000   2.901 0.000
230.333333 231.333333   5.352 0.000   2.637 0.000
234.333333 235.333333  10.005 0.000   5.894 0.000
237.333333 238.333333   5.694 0.000   3.414 0.000
241.333333 242.333333   8.176 0.000   2.651 0.000
244.333333 245.333333   5.365 0.000   3.832 0.000
248.333333 249.333333   3.847 0.000   2.095 0.000
251.333333 252.333333  11.552 0.000   6.629 0.000
255.333333 256.333333   6.203 0.000   3.671 0.000
258.333333 259.333333   8.524 0.000   5.280 0.000
262.333333 263.333333 999.999 0.999   5.223 0.000
265.333333 266.333333   4.707 0.000 999.999 0.999
269.333333 270.333333   1.562 0.000   1.349 0.000
272.333333 273.333333   2.845 0.000   3.042 0.000
276.333333 277.333333   3.940 0.000   1.553 0.000
279.333333 280.333333  10.922 0.000   4.952 0.000
283.333333 284.333333   9.224 0.000   5.011 0.000
286.333333 287.333333  14.159 0.000  11.544 0.000
290.333333 291.333333   8.369 0.000   4.987 0.000
293.333333 294.333333   6.839 0.000   4.391 0.000
297.333333 298.333333   5.592 0.000   2.428 0.000
300.333333 301.333333   4.160 0.000   2.203 0.000
304.333333 305.333333  11.097 0.000   9.093 0.000
307.333333 308.333333   8.002 0.000   6.322 0.000
311.333333 312.333333   2.909 0.000   1.936 0.000
314.333333 315.333333   6.521 0.000   5.592 0.000
318.333333 319.333333   4.699 0.000   3.015 0.000
321.333333 322.333333   3.006 0.000   1.944 0.000
325.333333 326.333333   3.706 0.000   2.498 0.000
328.333333 329.333333   1.900 0.000   0.601 0.000
332.333333 333.333333 999.999 0.999 999.999 0.999
335.333333 336.333333   4.218 0.000   2.569 0.000
339.333333 340.333333   4.555 0.000   3.631 0.000
342.333333 343.333333   6.290 0.000   5.316 0.000
346.333333 347.333333   0.882 0.000   0.629 0.000
349.333333 350.333333   0.895 0.000   0.511 0.000
353.333333 354.333333   3.231 0.000   1.971 0.000
356.333333 357.333333   2.112 0.000   1.954 0.000
360.333333 361.333333   2.338 0.000   1.905 0.000
363.333333 364.333333   0.392 0.000 999.999 0.259
