scripts/IMPROVE-2019_partial/data/US0070R.20040101080000.20191216000000.filterpack..pm25.52w.1w.US03L_filterpack_US0070.US03L_IMPROVE_Davis.lev2.nas
66 1001
MISSING INFORMATION
US03L, IMPROVE, , , , , , , 
MISSING INFORMATION
IMPROVE sel_HTAP
1 1
2004 01 01 2019 12 16
3.000000
days from file reference point
27
1 1 1 1 1 1 1 1 1 1 1 1 1 1 1 1 1 1 1 1 1 1 1 1 1 1 1
999.999999 9999.99 9.999 99.99 9.999 9.999 9.999999 9.99 9.999 9.999 9.999 99.999 9.999 99.999 9.999 99.99 9.999999 999.999 9.999 99.999 9.999 999.999 9.999 9.999 9.999 9.999 9.999999
end_time of measurement, days from the file reference point
iron, ng/m3, Revision date=20181210133000
numflag iron, no unit, Revision date=20181210133000
lead, ng/m3, Revision date=20181210133000
numflag lead, no unit, Revision date=20181210133000
magnesium, ug/m3, Revision date=20181210133000
numflag magnesium, no unit, Revision date=20181210133000
nickel, ng/m3, Revision date=20181210133000
numflag nickel, no unit, Revision date=20181210133000
nitrate, ug N/m3, Revision date=20181210133000
numflag nitrate, no unit, Revision date=20181210133000
organic_carbon, ug C/m3, Revision date=20181210133000
numflag organic_carbon, no unit, Revision date=20181210133000
organic_mass, ug/m3, Revision date=20181210133000
numflag organic_mass, no unit, Revision date=20181210133000
phosphorus, ng/m3, Revision date=20181210133000
numflag phosphorus, no unit, Revision date=20181210133000
pm10_mass, ug/m3, Version=2, Version description=Data extracted from http://views.cira.colostate.edu/fed/DataWizard 2019-12-16, Sample duration=1d, Orig. time res.=3d, Matrix=pm10, Blank correction=Blank corrected, Volume std. temperature=ambient, Volume std. pressure=ambient
numflag pm10_mass, no unit, Version=2, Version description=Data extracted from http://views.cira.colostate.edu/fed/DataWizard 2019-12-16, Sample duration=1d, Orig. time res.=3d, Matrix=pm10, Blank correction=Blank corrected, Volume std. temperature=ambient, Volume std. pressure=ambient
pm10_pm25_mass, ug/m3, Revision date=20181210133000, Matrix=pm10_pm25
numflag pm10_pm25_mass, no unit, Revision date=20181210133000, Matrix=pm10_pm25
pm25_mass, ug/m3, Version=2, Version description=Data extracted from http://views.cira.colostate.edu/fed/DataWizard 2019-12-16, Sample duration=1d, Orig. time res.=3d, Blank correction=Blank corrected, Volume std. temperature=ambient, Volume std. pressure=ambient
numflag pm25_mass, no unit, Version=2, Version description=Data extracted from http://views.cira.colostate.edu/fed/DataWizard 2019-12-16, Sample duration=1d, Orig. time res.=3d, Blank correction=Blank corrected, Volume std. temperature=ambient, Volume std. pressure=ambient
potassium, ug/m3, Revision date=20181210133000
numflag potassium, no unit, Revision date=20181210133000
sulphate_total, ug S/m3, Revision date=20181210133000
numflag sulphate_total, no unit, Revision date=20181210133000
0
25
Data definition:              EBAS_1.1
Set type code:                TU
Timezone:                     UTC
File name:                    US0070R.20040101080000.20191216000000.filterpack..pm25.52w.1w.US03L_filterpack_US0070.US03L_IMPROVE_Davis.lev2.nas
File creation:                20191218120010
Startdate:                    20040101080000
Revision date:                20191216000000
Statistics:                   arithmetic mean
Data level:                   2
Period code:                  52w
Resolution code:              1w
Station code:                 US0070R
Platform code:                US0070S
Station name:                 Crater Lake NP
Station latitude:             42.8958
Station longitude:            -122.1361
Station altitude:             1996.0 m
Regime:                       IMG
Component:                    
Matrix:                       pm25
Laboratory code:              US03L
Instrument type:              filterpack
Instrument name:              filterpack_US0070
Method ref:                   US03L_IMPROVE_Davis
starttime endtime Fe flag_Fe Pb flag_Pb Mg++ flag_Mg++ Ni flag_Ni NO3- flag_NO3- OC flag_OC OM flag_OM P flag_P PM10 flag_PM10 PM10-PM2.5 flag_PM10-PM2.5 PM2.5 flag_PM2.5 K+ flag_K+ SO4-- flag_SO4--
[from data line 83]
249.333333 250.333333   12.79 0.000  0.32 0.000 9.999 0.259000 0.19 0.000 0.013 0.000  0.722 0.000  1.011 0.000 99.99 0.259000   2.878 0.000  1.229 0.000   1.649 0.000 0.013 0.000 0.074 0.000000
252.333333 253.333333   23.98 0.000  0.47 0.000 0.069 0.000000 9.99 0.259 0.014 0.000  0.519 0.000  0.726 0.000 99.99 0.259000   2.506 0.000  0.230 0.000   2.276 0.000 0.019 0.000 0.068 0.000000
255.333333 256.333333 9999.99 0.999 99.99 0.999 9.999 0.999000 9.99 0.999 0.039 0.000  0.411 0.000  0.576 0.000 99.99 0.999000   4.627 0.000 99.999 0.999 999.999 0.999 9.999 0.999 0.102 0.000000
258.333333 259.333333    4.09 0.000  0.17 0.000 9.999 0.259000 9.99 0.259 0.016 0.000  0.378 0.000  0.530 0.000 99.99 0.259000   1.272 0.000  0.337 0.000   0.936 0.000 0.012 0.000 0.067 0.000000
261.333333 262.333333    0.86 0.000 99.99 0.259 9.999 0.259000 9.99 0.259 0.008 0.000  0.103 0.000  0.144 0.000 99.99 0.259000   0.804 0.000  0.317 0.000   0.487 0.000 0.004 0.000 0.033 0.000000
264.333333 265.333333    5.31 0.000  0.34 0.000 9.999 0.259000 9.99 0.259 0.007 0.000  0.332 0.000  0.465 0.000 99.99 0.259000   2.072 0.000  1.238 0.000   0.835 0.000 0.005 0.000 0.052 0.000000
267.333333 268.333333   16.43 0.000  0.42 0.000 9.999 0.259000 9.99 0.259 0.009 0.000  0.982 0.000  1.374 0.000 99.99 0.259000   3.653 0.000  1.588 0.000   2.065 0.000 0.018 0.000 0.066 0.000000
270.333333 271.333333   37.58 0.000  0.60 0.000 9.999 0.259000 9.99 0.259 0.015 0.000  1.569 0.000  2.196 0.000 99.99 0.259000   7.740 0.000  3.411 0.000   4.329 0.000 0.034 0.000 0.174 0.000000
273.333333 274.333333   21.86 0.000  0.62 0.000 9.999 0.259000 9.99 0.259 0.007 0.000  0.691 0.000  0.968 0.000 99.99 0.259000   4.109 0.000  1.824 0.000   2.285 0.000 0.015 0.000 0.107 0.000000
276.333333 277.333333   23.57 0.000  0.31 0.000 9.999 0.259000 0.12 0.000 0.014 0.000  0.847 0.000  1.186 0.000 99.99 0.259000   4.472 0.000  1.767 0.000   2.706 0.000 0.020 0.000 0.147 0.000000
279.333333 280.333333   29.43 0.000  0.56 0.000 0.089 0.000000 0.19 0.000 0.013 0.000  0.429 0.000  0.601 0.000 99.99 0.259000   2.691 0.000  0.745 0.000   1.946 0.000 0.025 0.000 0.116 0.000000
282.333333 283.333333    5.64 0.000  0.39 0.000 9.999 0.259000 0.14 0.000 0.007 0.000  0.427 0.000  0.598 0.000 99.99 0.259000   1.060 0.000  0.188 0.000   0.872 0.000 0.005 0.000 0.055 0.000000
285.333333 286.333333   20.57 0.000  0.47 0.000 9.999 0.259000 0.13 0.000 0.006 0.000  0.334 0.000  0.467 0.000 99.99 0.259000   3.346 0.000  1.794 0.000   1.552 0.000 0.012 0.000 0.048 0.000000
288.333333 289.333333   14.25 0.000  0.74 0.000 9.999 0.259000 9.99 0.259 0.008 0.000  0.318 0.000  0.445 0.000 99.99 0.259000   2.339 0.000  0.986 0.000   1.353 0.000 0.013 0.000 0.100 0.000000
291.333333 292.333333    1.51 0.000 99.99 0.259 9.999 0.259000 0.12 0.000 0.008 0.000  0.244 0.000  0.342 0.000 99.99 0.259000   0.658 0.000  0.016 0.000   0.642 0.000 0.005 0.000 0.017 0.000000
294.333333 295.333333    7.20 0.000  0.34 0.000 9.999 0.259000 0.17 0.000 0.009 0.000  0.463 0.000  0.648 0.000 99.99 0.259000   1.580 0.000 99.999 0.259   1.638 0.000 0.011 0.000 0.046 0.000000
297.333333 298.333333    2.62 0.000  0.44 0.000 9.999 0.259000 9.99 0.259 0.009 0.000  0.337 0.000  0.471 0.000 99.99 0.259000   1.133 0.000  0.254 0.000   0.879 0.000 0.010 0.000 0.065 0.000000
300.333333 301.333333    2.67 0.000  0.54 0.000 9.999 0.259000 9.99 0.259 0.069 0.000  1.865 0.000  2.611 0.000 99.99 0.259000   3.915 0.000  0.122 0.000   3.793 0.000 0.025 0.000 0.143 0.000000
303.333333 304.333333   14.25 0.000  1.12 0.000 9.999 0.259000 9.99 0.259 0.015 0.000  0.509 0.000  0.713 0.000 99.99 0.259000   2.844 0.000  0.489 0.000   2.355 0.000 0.030 0.000 0.222 0.000000
306.333333 307.333333    4.02 0.000 99.99 0.259 0.068 0.000000 0.25 0.000 0.013 0.000  0.916 0.000  1.282 0.000 99.99 0.259000   3.500 0.000  1.282 0.000   2.218 0.000 0.026 0.000 0.044 0.000000
309.333333 310.333333    9.81 0.000  0.41 0.000 9.999 0.259000 9.99 0.259 0.010 0.000  0.579 0.000  0.810 0.000 99.99 0.259000   3.821 0.000  2.258 0.000   1.563 0.000 0.026 0.000 0.078 0.000000
312.333333 313.333333    7.53 0.000  0.48 0.000 9.999 0.259000 9.99 0.259 0.005 0.000  0.509 0.000  0.713 0.000 99.99 0.259000   2.835 0.000  1.663 0.000   1.172 0.000 0.007 0.000 0.049 0.000000
315.333333 316.333333   10.97 0.000  0.44 0.000 9.999 0.259000 9.99 0.259 0.086 0.000  3.639 0.000  5.094 0.000 99.99 0.259000   9.190 0.000  1.271 0.000   7.919 0.000 0.066 0.000 0.195 0.000000
318.333333 319.333333    8.02 0.000  0.62 0.000 9.999 0.259000 0.15 0.000 0.007 0.000  1.066 0.000  1.493 0.000 99.99 0.259000   4.630 0.000  1.924 0.000   2.706 0.000 0.018 0.000 0.141 0.000000
321.333333 322.333333   17.86 0.000  0.51 0.000 9.999 0.259000 0.16 0.000 0.006 0.000  0.703 0.000  0.984 0.000 99.99 0.259000   3.821 0.000  1.714 0.000   2.107 0.000 0.016 0.000 0.090 0.000000
324.333333 325.333333   11.45 0.000  0.50 0.000 9.999 0.259000 0.12 0.000 0.021 0.000  0.287 0.000  0.402 0.000 99.99 0.259000   3.657 0.000  2.370 0.000   1.287 0.000 0.013 0.000 0.079 0.000000
327.333333 328.333333    2.36 0.000  0.23 0.000 0.133 0.000000 9.99 0.259 0.003 0.000 99.999 0.259 99.999 0.259 99.99 0.259000   0.616 0.000  0.436 0.000   0.180 0.000 0.003 0.000 0.027 0.000000
330.333333 331.333333   13.51 0.000  0.27 0.000 9.999 0.259000 9.99 0.259 0.008 0.000  0.144 0.000  0.201 0.000 99.99 0.259000   1.033 0.000  0.162 0.000   0.872 0.000 0.006 0.000 0.058 0.000000
333.333333 334.333333   35.03 0.000  0.68 0.000 9.999 0.259000 9.99 0.259 0.005 0.000  0.045 0.000  0.063 0.000 99.99 0.259000   1.315 0.000  0.267 0.000   1.048 0.000 0.007 0.000 0.068 0.000000
336.333333 337.333333    5.51 0.000  0.70 0.000 9.999 0.259000 9.99 0.259 0.004 0.000  0.470 0.000  0.658 0.000 99.99 0.259000   1.726 0.000  0.420 0.000   1.306 0.000 0.006 0.000 0.165 0.000000
339.333333 340.333333    2.92 0.000  0.44 0.000 9.999 0.259000 0.13 0.000 0.040 0.000  0.450 0.000  0.630 0.000 99.99 0.259000   1.612 0.000  0.266 0.000   1.346 0.000 0.017 0.000 0.095 0.000000
342.333333 343.333333    1.40 0.394  0.15 0.394 9.999 0.394259 0.23 0.394 0.003 0.394  0.133 0.000  0.186 0.000 99.99 0.394259   0.575 0.000  0.045 0.000   0.531 0.000 0.002 0.394 9.999 0.394259
345.333333 346.333333    4.16 0.000  1.00 0.000 0.063 0.000000 9.99 0.259 0.007 0.000  0.130 0.000  0.183 0.000 99.99 0.259000   1.068 0.000  0.264 0.000   0.805 0.000 0.008 0.000 0.078 0.000000
348.333333 349.333333    2.42 0.000  0.34 0.000 9.999 0.259000 9.99 0.259 0.005 0.000  0.062 0.000  0.086 0.000 99.99 0.259000   0.452 0.000  0.009 0.000   0.443 0.000 0.003 0.000 0.014 0.000000
351.333333 352.333333   11.56 0.000  0.29 0.000 0.038 0.000000 9.99 0.259 0.004 0.000  0.041 0.000  0.057 0.000 99.99 0.259000   2.083 0.000  1.583 0.000   0.500 0.000 0.008 0.000 0.026 0.000000
354.333333 355.333333   13.93 0.000  0.40 0.000 0.046 0.000000 9.99 0.259 0.004 0.000  0.270 0.000  0.378 0.000 99.99 0.259000   5.054 0.000  4.369 0.000   0.685 0.000 0.007 0.000 0.047 0.000000
357.333333 358.333333    9.38 0.000  0.57 0.000 9.999 0.259000 0.17 0.000 0.004 0.000  0.147 0.000  0.206 0.000 99.99 0.259000   2.232 0.000  1.427 0.000   0.805 0.000 0.006 0.000 0.076 0.000000
360.333333 361.333333    4.77 0.000  0.44 0.000 9.999 0.259000 0.10 0.000 0.118 0.000  0.239 0.000  0.334 0.000 99.99 0.259000   1.726 0.000  0.629 0.000   1.097 0.000 0.007 0.000 0.067 0.000000
363.333333 364.333333    3.16 0.000 99.99 0.259 9.999 0.259000 9.99 0.259 0.017 0.000  0.280 0.000  0.392 0.000 99.99 0.259000   0.575 0.000  0.090 0.000   0.485 0.000 0.004 0.000 0.017 0.000000
