scripts/IMPROVE-2019_partial/data/US0073R.20160101050000.20191216000000.filterpack...52w.3d.US03L_filterpack_US0073_GRSM1.US03L_IMPROVE_Davis.lev2.nas
52 1001
MISSING INFORMATION
US03L, IMPROVE, , , , , , , 
MISSING INFORMATION
IMPROVE sel_HTAP
1 1
2016 01 01 2019 12 16
3.000000
days from file reference point
5
1 1 1 1 1
999.999999 999.999 9.999 999.999 9.999
end_time of measurement, days from the file reference point
pm10_mass, ug/m3, Matrix=pm10
numflag pm10_mass, no unit, Matrix=pm10
pm25_mass, ug/m3, Matrix=pm25
numflag pm25_mass, no unit, Matrix=pm25
0
33
Data definition:              EBAS_1.1
Set type code:                TU
Timezone:                     UTC
File name:                    US0073R.20160101050000.20191216000000.filterpack...52w.3d.US03L_filterpack_US0073_GRSM1.US03L_IMPROVE_Davis.lev2.nas
File creation:                20191218120026
Startdate:                    20160101050000
Revision date:                20191216000000
Version:                      2
Version description:          "Data extracted from http://views.cira.colostate.edu/fed/DataWizard 2019-12-16"
Statistics:                   arithmetic mean
Data level:                   2
Period code:                  52w
Resolution code:              3d
Sample duration:              1d
Orig. time res.:              3d
Station code:                 US0073R
Platform code:                US0073S
Station name:                 Great Smoky Mountains NP
Station latitude:             35.6334
Station longitude:            -83.9416
Station altitude:             810.0 m
Regime:                       IMG
Component:                    
Unit:                         ug/m3
Matrix:                       
Laboratory code:              US03L
Instrument type:              filterpack
Instrument name:              filterpack_US0073_GRSM1
Method ref:                   US03L_IMPROVE_Davis
Blank correction:             Blank corrected
Volume std. temperature:      ambient
Volume std. pressure:         ambient
starttime endtime PM10 flag_PM10 PM2.5 flag_PM2.5
  0.208333   1.208333   6.688 0.000   4.474 0.000
  3.208333   4.208333   4.013 0.000   2.686 0.000
  6.208333   7.208333   3.174 0.000   2.297 0.000
  9.208333  10.208333   1.896 0.000   1.408 0.000
 12.208333  13.208333   1.870 0.000   1.100 0.000
 15.208333  16.208333 999.999 0.456   4.652 0.000
 18.208333  19.208333 999.999 0.456   4.351 0.000
 21.208333  22.208333   1.131 0.000   0.797 0.000
 24.208333  25.208333   2.853 0.000   1.937 0.000
 27.208333  28.208333   4.019 0.000   2.497 0.000
 30.208333  31.208333   5.882 0.000   3.730 0.000
 33.208333  34.208333   4.080 0.000   1.810 0.000
 36.208333  37.208333   2.573 0.000   1.754 0.000
 39.208333  40.208333   4.433 0.000   3.191 0.000
 42.208333  43.208333   6.613 0.000   4.570 0.000
 45.208333  46.208333   5.708 0.000   4.115 0.000
 48.208333  49.208333   4.671 0.000   3.734 0.000
 51.208333  52.208333   9.078 0.000   6.718 0.000
 54.208333  55.208333 999.999 0.456   1.037 0.000
 57.208333  58.208333 999.999 0.456   3.814 0.000
 60.208333  61.208333 999.999 0.456   5.537 0.000
 63.208333  64.208333   2.438 0.000   1.734 0.000
 66.208333  67.208333   5.897 0.000   4.471 0.000
 69.208333  70.208333  13.111 0.000   7.152 0.000
 72.208333  73.208333   6.982 0.000   4.652 0.000
 75.208333  76.208333  10.121 0.000   5.501 0.000
 78.208333  79.208333  10.335 0.000   6.296 0.000
 81.208333  82.208333   7.425 0.000   4.716 0.000
 84.208333  85.208333  15.078 0.000   8.157 0.000
 87.208333  88.208333   4.853 0.000   2.684 0.000
 90.208333  91.208333   7.073 0.000   4.034 0.000
 93.208333  94.208333   7.642 0.000   2.496 0.000
 96.208333  97.208333   9.402 0.000   5.453 0.000
 99.208333 100.208333   4.239 0.000   2.298 0.000
102.208333 103.208333   3.799 0.000   2.375 0.000
105.208333 106.208333  13.148 0.000   7.251 0.000
108.208333 109.208333  11.366 0.000   5.670 0.000
111.208333 112.208333  15.973 0.000   7.777 0.000
114.208333 115.208333   8.208 0.000   4.254 0.000
117.208333 118.208333  14.519 0.000   7.104 0.000
120.208333 121.208333  14.778 0.000   5.646 0.000
123.208333 124.208333   9.785 0.000   3.437 0.000
126.208333 127.208333   9.774 0.000   4.491 0.000
129.208333 130.208333  16.096 0.000   8.644 0.000
132.208333 133.208333  19.714 0.000   9.473 0.000
135.208333 136.208333   7.829 0.000   2.740 0.000
138.208333 139.208333   9.561 0.000   4.712 0.000
141.208333 142.208333   6.932 0.000   3.112 0.000
144.208333 145.208333  13.157 0.000   8.125 0.000
147.208333 148.208333  16.084 0.000  10.605 0.000
150.208333 151.208333  13.122 0.000   9.419 0.000
153.208333 154.208333   9.662 0.000   6.768 0.000
156.208333 157.208333   4.816 0.000   1.940 0.000
159.208333 160.208333   9.457 0.000   3.771 0.000
162.208333 163.208333  15.226 0.000   9.450 0.000
165.208333 166.208333  17.134 0.000  11.944 0.000
168.208333 169.208333   9.720 0.000   5.702 0.000
171.208333 172.208333  10.877 0.000   5.831 0.000
174.208333 175.208333  15.110 0.000   9.922 0.000
177.208333 178.208333  12.453 0.000   9.438 0.000
180.208333 181.208333  11.775 0.000   7.075 0.000
183.208333 184.208333  11.285 0.000   8.390 0.000
186.208333 187.208333  13.956 0.000   7.955 0.000
189.208333 190.208333  13.538 0.000   6.658 0.000
192.208333 193.208333   9.379 0.000   5.940 0.000
195.208333 196.208333  11.742 0.000   6.484 0.000
198.208333 199.208333   9.228 0.000   6.095 0.000
201.208333 202.208333  16.907 0.000   9.540 0.000
204.208333 205.208333  10.531 0.000   7.637 0.000
207.208333 208.208333  10.040 0.000   7.371 0.000
210.208333 211.208333   6.834 0.000   4.200 0.000
213.208333 214.208333   9.788 0.000   7.192 0.000
216.208333 217.208333   9.282 0.000   6.483 0.000
219.208333 220.208333  10.584 0.000   7.683 0.000
222.208333 223.208333   5.161 0.000   2.608 0.000
225.208333 226.208333   7.379 0.000   4.186 0.000
228.208333 229.208333   6.363 0.000   3.496 0.000
231.208333 232.208333   5.595 0.000   3.383 0.000
234.208333 235.208333   8.314 0.000   4.311 0.000
237.208333 238.208333  11.089 0.000   7.582 0.000
240.208333 241.208333  10.177 0.000   7.600 0.000
243.208333 244.208333  11.260 0.000   8.018 0.000
246.208333 247.208333   9.504 0.000   5.892 0.000
249.208333 250.208333 999.999 0.456   7.176 0.000
252.208333 253.208333  14.988 0.000  10.265 0.000
255.208333 256.208333   6.879 0.000   4.087 0.000
258.208333 259.208333  11.042 0.000   7.618 0.000
261.208333 262.208333   7.509 0.000   5.166 0.000
264.208333 265.208333   8.118 0.000   5.654 0.000
267.208333 268.208333   6.898 0.000   4.229 0.000
270.208333 271.208333   7.595 0.000   4.855 0.000
273.208333 274.208333   6.391 0.000   3.437 0.000
276.208333 277.208333   7.972 0.000   5.166 0.000
279.208333 280.208333   9.655 0.000   4.887 0.000
282.208333 283.208333   8.420 0.000   2.455 0.000
285.208333 286.208333   6.263 0.000   3.705 0.000
288.208333 289.208333  10.378 0.000   7.370 0.000
291.208333 292.208333  11.775 0.000   5.338 0.000
294.208333 295.208333   4.630 0.000   1.895 0.000
297.208333 298.208333  14.000 0.000   5.994 0.000
300.208333 301.208333  14.963 0.000   9.170 0.000
303.208333 304.208333  16.207 0.000  10.288 0.000
306.208333 307.208333  21.722 0.000  15.264 0.000
309.208333 310.208333   9.786 0.000   6.762 0.000
312.208333 313.208333 999.999 0.999 999.999 0.999
315.208333 316.208333 999.999 0.999 999.999 0.999
318.208333 319.208333  83.982 0.000 999.999 0.699
321.208333 322.208333  15.034 0.000   8.296 0.000
324.208333 325.208333   5.324 0.000   1.925 0.000
327.208333 328.208333  40.974 0.000 999.999 0.456
330.208333 331.208333  10.024 0.000   8.688 0.000
333.208333 334.208333   6.738 0.000   3.163 0.000
336.208333 337.208333   6.752 0.000   2.903 0.000
339.208333 340.208333   0.704 0.000   0.613 0.000
342.208333 343.208333   4.513 0.000   2.657 0.000
345.208333 346.208333   4.566 0.000   3.253 0.000
348.208333 349.208333   3.119 0.000   1.935 0.000
351.208333 352.208333   4.136 0.000   3.013 0.000
354.208333 355.208333   2.427 0.000   1.544 0.000
357.208333 358.208333   5.982 0.000   3.578 0.000
360.208333 361.208333   7.198 0.000   5.352 0.000
363.208333 364.208333   3.436 0.000   1.897 0.000
