scripts/IMPROVE-2019_partial/data/US0049R.20040101060000.20191216000000.filterpack..pm25.52w.1w.US03L_filterpack_US0049.US03L_IMPROVE_Davis.lev2.nas
66 1001
MISSING INFORMATION
US03L, IMPROVE, , , , , , , 
MISSING INFORMATION
IMPROVE sel_HTAP
1 1
2004 01 01 2019 12 16
3.00
days from file reference point
27
1 1 1 1 1 1 1 1 1 1 1 1 1 1 1 1 1 1 1 1 1 1 1 1 1 1 1
999.99 9999.99 9.999 99.99 9.999 9.999 9.999999 9.99 9.999 99.999 9.999999 99.999 9.999 99.999 9.999 999.99 9.999999 999.999 9.999 999.999 9.999 999.999 9.999 9.999 9.999 99.999 9.999999
end_time of measurement, days from the file reference point
iron, ng/m3, Revision date=20181210133000
numflag iron, no unit, Revision date=20181210133000
lead, ng/m3, Revision date=20181210133000
numflag lead, no unit, Revision date=20181210133000
magnesium, ug/m3, Revision date=20181210133000
numflag magnesium, no unit, Revision date=20181210133000
nickel, ng/m3, Revision date=20181210133000
numflag nickel, no unit, Revision date=20181210133000
nitrate, ug N/m3, Revision date=20181210133000
numflag nitrate, no unit, Revision date=20181210133000
organic_carbon, ug C/m3, Revision date=20181210133000
numflag organic_carbon, no unit, Revision date=20181210133000
organic_mass, ug/m3, Revision date=20181210133000
numflag organic_mass, no unit, Revision date=20181210133000
phosphorus, ng/m3, Revision date=20181210133000
numflag phosphorus, no unit, Revision date=20181210133000
pm10_mass, ug/m3, Version=2, Version description=Data extracted from http://views.cira.colostate.edu/fed/DataWizard 2019-12-16, Sample duration=1d, Orig. time res.=3d, Matrix=pm10, Blank correction=Blank corrected, Volume std. temperature=ambient, Volume std. pressure=ambient
numflag pm10_mass, no unit, Version=2, Version description=Data extracted from http://views.cira.colostate.edu/fed/DataWizard 2019-12-16, Sample duration=1d, Orig. time res.=3d, Matrix=pm10, Blank correction=Blank corrected, Volume std. temperature=ambient, Volume std. pressure=ambient
pm10_pm25_mass, ug/m3, Revision date=20181210133000, Matrix=pm10_pm25
numflag pm10_pm25_mass, no unit, Revision date=20181210133000, Matrix=pm10_pm25
pm25_mass, ug/m3, Version=2, Version description=Data extracted from http://views.cira.colostate.edu/fed/DataWizard 2019-12-16, Sample duration=1d, Orig. time res.=3d, Blank correction=Blank corrected, Volume std. temperature=ambient, Volume std. pressure=ambient
numflag pm25_mass, no unit, Version=2, Version description=Data extracted from http://views.cira.colostate.edu/fed/DataWizard 2019-12-16, Sample duration=1d, Orig. time res.=3d, Blank correction=Blank corrected, Volume std. temperature=ambient, Volume std. pressure=ambient
potassium, ug/m3, Revision date=20181210133000
numflag potassium, no unit, Revision date=20181210133000
sulphate_total, ug S/m3, Revision date=20181210133000
numflag sulphate_total, no unit, Revision date=20181210133000
0
25
Data definition:              EBAS_1.1
Set type code:                TU
Timezone:                     UTC
File name:                    US0049R.20040101060000.20191216000000.filterpack..pm25.52w.1w.US03L_filterpack_US0049.US03L_IMPROVE_Davis.lev2.nas
File creation:                20191218115822
Startdate:                    20040101060000
Revision date:                20191216000000
Statistics:                   arithmetic mean
Data level:                   2
Period code:                  52w
Resolution code:              1w
Station code:                 US0049R
Platform code:                US0049S
Station name:                 Great River Bluffs
Station latitude:             43.9373
Station longitude:            -91.4052
Station altitude:             370.0 m
Regime:                       IMG
Component:                    
Matrix:                       pm25
Laboratory code:              US03L
Instrument type:              filterpack
Instrument name:              filterpack_US0049
Method ref:                   US03L_IMPROVE_Davis
starttime endtime Fe flag_Fe Pb flag_Pb Mg++ flag_Mg++ Ni flag_Ni NO3- flag_NO3- OC flag_OC OM flag_OM P flag_P PM10 flag_PM10 PM10-PM2.5 flag_PM10-PM2.5 PM2.5 flag_PM2.5 K+ flag_K+ SO4-- flag_SO4--
  0.25   1.25   41.87 0.000  4.73 0.000 9.999 0.259000 9.99 0.259  0.893 0.559000  2.012 0.000  2.817 0.000 999.99 0.259000  16.530 0.000   4.599 0.000  11.931 0.000 0.110 0.000  0.485 0.559000
  3.25   4.25   17.41 0.000  0.87 0.000 9.999 0.259000 9.99 0.259  0.177 0.559000  0.894 0.000  1.252 0.000 999.99 0.259000   5.411 0.000   1.430 0.000   3.981 0.000 0.035 0.000  0.306 0.559000
  6.25   7.25   22.18 0.000  1.15 0.000 9.999 0.259000 9.99 0.259  0.343 0.559000  0.766 0.000  1.073 0.000 999.99 0.259000  15.032 0.000  10.462 0.000   4.570 0.000 0.035 0.000  0.178 0.559000
  9.25  10.25   27.84 0.000  3.23 0.000 9.999 0.259000 9.99 0.259  2.451 0.559000  2.200 0.000  3.079 0.000 999.99 0.259000  36.008 0.000  13.491 0.000  22.517 0.000 0.060 0.000  0.767 0.559000
 12.25  13.25   11.28 0.000  1.48 0.000 9.999 0.259000 0.08 0.000  0.533 0.559000  1.091 0.000  1.527 0.000 999.99 0.259000  11.323 0.000   3.337 0.000   7.986 0.000 0.054 0.000  0.642 0.559000
 15.25  16.25   80.39 0.000  5.78 0.000 0.039 0.000000 0.14 0.000  1.831 0.559000  1.462 0.000  2.046 0.000 999.99 0.259000  21.562 0.000   4.938 0.000  16.625 0.000 0.065 0.000  0.568 0.559000
 18.25  19.25   18.33 0.000  0.79 0.000 9.999 0.259000 0.08 0.000  0.163 0.559000  0.651 0.000  0.912 0.000 999.99 0.259000   5.368 0.000   1.733 0.000   3.635 0.000 0.025 0.000  0.172 0.559000
 21.25  22.25   27.16 0.000  0.95 0.000 0.055 0.000000 0.07 0.000  0.115 0.559000  0.656 0.000  0.919 0.000 999.99 0.259000  10.012 0.000   6.863 0.000   3.148 0.000 0.032 0.000  0.176 0.559000
 24.25  25.25    6.95 0.000  2.06 0.000 0.036 0.000000 9.99 0.259  0.263 0.559000  0.990 0.000  1.386 0.000 999.99 0.259000   5.581 0.000   1.426 0.000   4.155 0.000 0.032 0.000  0.252 0.559000
 27.25  28.25   21.86 0.000  2.70 0.000 9.999 0.259000 0.23 0.000  0.462 0.559000  1.111 0.000  1.555 0.000 999.99 0.259000   9.902 0.000   2.928 0.000   6.974 0.000 0.041 0.000  0.427 0.559000
 30.25  31.25   35.49 0.000  3.95 0.000 9.999 0.259000 0.25 0.000  0.910 0.559000  2.699 0.000  3.778 0.000 999.99 0.259000  19.669 0.000   5.780 0.000  13.889 0.000 0.072 0.000  0.595 0.559000
 33.25  34.25   25.86 0.000  2.77 0.000 9.999 0.259000 0.13 0.000  0.566 0.559000  1.772 0.000  2.480 0.000 999.99 0.259000  12.280 0.000   2.785 0.000   9.495 0.000 0.041 0.000  0.727 0.559000
 36.25  37.25   13.94 0.000  1.11 0.000 9.999 0.259000 9.99 0.259  0.342 0.559000  0.979 0.000  1.371 0.000 999.99 0.259000   6.439 0.000   1.022 0.000   5.418 0.000 0.042 0.000  0.506 0.559000
 39.25  40.25   14.12 0.000  0.83 0.000 9.999 0.259000 9.99 0.259  0.778 0.559000  0.838 0.000  1.174 0.000 999.99 0.259000  11.247 0.000   2.078 0.000   9.169 0.000 0.022 0.000  0.776 0.559000
 42.25  43.25   12.16 0.000  1.33 0.000 9.999 0.259000 9.99 0.259  0.580 0.000000  0.799 0.000  1.119 0.000 999.99 0.259000   7.876 0.000   1.680 0.000   6.196 0.000 0.031 0.000  0.408 0.000000
 45.25  46.25   21.40 0.000  1.32 0.000 0.034 0.000000 0.10 0.000  0.141 0.000000  0.792 0.000  1.109 0.000 999.99 0.259000   4.192 0.000   1.313 0.000   2.879 0.000 0.028 0.000  0.194 0.000000
 48.25  49.25   21.05 0.000  1.86 0.000 0.086 0.000000 0.23 0.000  3.720 0.559000  2.103 0.000  2.944 0.000 999.99 0.259000  34.468 0.000   6.660 0.000  27.808 0.000 0.031 0.000  1.197 0.559000
 51.25  52.25    9.52 0.000  0.82 0.000 0.054 0.000000 9.99 0.259  0.757 0.000000  0.939 0.000  1.314 0.000 999.99 0.259000  10.311 0.000   1.930 0.000   8.381 0.000 0.026 0.000  0.844 0.000000
 54.25  55.25    8.39 0.000  1.05 0.000 9.999 0.259000 9.99 0.259  0.027 0.559000  0.582 0.000  0.815 0.000 999.99 0.259000   7.905 0.000   0.495 0.000   7.411 0.000 0.017 0.000  1.334 0.559000
 57.25  58.25   49.24 0.000  4.52 0.000 9.999 0.259000 0.33 0.000  2.351 0.559000  1.495 0.000  2.093 0.000 999.99 0.259000  23.872 0.000   3.940 0.000  19.931 0.000 0.038 0.000  1.220 0.559000
 60.25  61.25   19.04 0.000  2.39 0.000 9.999 0.259000 0.12 0.000  1.035 0.000000  1.653 0.000  2.314 0.000 999.99 0.259000  13.722 0.000   3.518 0.000  10.204 0.000 0.036 0.000  0.960 0.000000
 63.25  64.25 9999.99 0.999 99.99 0.999 9.999 0.999000 9.99 0.999 99.999 0.999000 99.999 0.999 99.999 0.999 999.99 0.999000 999.999 0.999 999.999 0.999 999.999 0.999 9.999 0.999 99.999 0.999000
 66.25  67.25 9999.99 0.999 99.99 0.999 9.999 0.999000 9.99 0.999 99.999 0.999000 99.999 0.999 99.999 0.999 999.99 0.999000 999.999 0.999 999.999 0.999 999.999 0.999 9.999 0.999 99.999 0.999000
 69.25  70.25 9999.99 0.999 99.99 0.999 9.999 0.999000 9.99 0.999 99.999 0.999000 99.999 0.999 99.999 0.999 999.99 0.999000 999.999 0.999 999.999 0.999 999.999 0.999 9.999 0.999 99.999 0.999000
 72.25  73.25 9999.99 0.999 99.99 0.999 9.999 0.999000 9.99 0.999 99.999 0.999000 99.999 0.999 99.999 0.999 999.99 0.999000 999.999 0.999 999.999 0.999 999.999 0.999 9.999 0.999 99.999 0.999000
 75.25  76.25 9999.99 0.999 99.99 0.999 9.999 0.999000 9.99 0.999 99.999 0.999000 99.999 0.999 99.999 0.999 999.99 0.999000 999.999 0.999 999.999 0.999 999.999 0.999 9.999 0.999 99.999 0.999000
 78.25  79.25 9999.99 0.999 99.99 0.999 9.999 0.999000 9.99 0.999 99.999 0.999000 99.999 0.999 99.999 0.999 999.99 0.999000 999.999 0.999 999.999 0.999 999.999 0.999 9.999 0.999 99.999 0.999000
 81.25  82.25   17.00 0.000  2.14 0.000 9.999 0.259000 9.99 0.259  0.306 0.559000  0.484 0.000  0.677 0.000 999.99 0.259000   8.649 0.000   5.192 0.000   3.457 0.000 0.023 0.000  0.253 0.559000
 84.25  85.25   23.71 0.000  3.54 0.000 9.999 0.259000 9.99 0.259  0.887 0.000000  1.739 0.000  2.435 0.000 999.99 0.259000  17.590 0.000   5.724 0.000  11.866 0.000 0.039 0.000  1.509 0.000000
 87.25  88.25   15.66 0.000  1.22 0.000 9.999 0.259000 0.09 0.000  0.174 0.559000  0.689 0.000  0.964 0.000 999.99 0.259000   6.614 0.000   2.628 0.000   3.986 0.000 0.021 0.000  0.474 0.559000
 90.25  91.25    9.89 0.000  1.07 0.000 9.999 0.259000 9.99 0.259  0.093 0.559000  0.586 0.000  0.820 0.000 999.99 0.259000   3.576 0.000   0.834 0.000   2.742 0.000 0.021 0.000  0.351 0.559000
 93.25  94.25   21.35 0.000  1.59 0.000 9.999 0.259000 9.99 0.259  0.095 0.559000  0.762 0.000  1.067 0.000 999.99 0.259000   6.612 0.000   3.559 0.000   3.053 0.000 0.023 0.000  0.311 0.559000
 96.25  97.25   49.02 0.000  3.10 0.000 0.058 0.000000 9.99 0.259  0.596 0.559000  4.051 0.000  5.671 0.000 999.99 0.259000  27.104 0.000  15.685 0.000  11.419 0.000 0.104 0.000  0.636 0.559000
 99.25 100.25   24.60 0.000  0.96 0.000 9.999 0.259000 0.16 0.000  0.202 0.559000  0.924 0.000  1.294 0.000 999.99 0.259000   6.861 0.000   2.932 0.000   3.929 0.000 0.020 0.000  0.452 0.559000
102.25 103.25   15.45 0.000  1.21 0.000 9.999 0.259000 9.99 0.259  0.301 0.559000  0.686 0.000  0.960 0.000 999.99 0.259000   7.236 0.000   1.990 0.000   5.246 0.000 0.025 0.000  0.606 0.559000
105.25 106.25   62.66 0.000  3.61 0.000 9.999 0.259000 9.99 0.259  0.451 0.559000  3.147 0.000  4.406 0.000 999.99 0.259000  36.981 0.000  24.930 0.000  12.052 0.000 0.100 0.000  0.860 0.559000
108.25 109.25   59.17 0.394  2.96 0.394 0.044 0.394000 0.16 0.394  0.470 0.559394  1.781 0.000  2.493 0.000 999.99 0.394259  20.490 0.000   9.515 0.000  10.975 0.000 0.079 0.394  1.352 0.559394
111.25 112.25   13.81 0.000  3.43 0.000 9.999 0.259000 0.09 0.000  0.273 0.559000  0.418 0.000  0.586 0.000 999.99 0.259000   3.739 0.000   1.162 0.000   2.578 0.000 0.021 0.000  0.316 0.559000
114.25 115.25   19.77 0.000  2.63 0.000 0.045 0.000000 9.99 0.259  0.149 0.559000  0.842 0.000  1.178 0.000 999.99 0.259000   6.696 0.000   2.625 0.000   4.071 0.000 0.030 0.000  0.463 0.559000
117.25 118.25   17.82 0.000  1.85 0.000 9.999 0.259000 9.99 0.259  0.146 0.559000  0.523 0.000  0.733 0.000 999.99 0.259000  10.067 0.000   6.391 0.000   3.676 0.000 0.024 0.000  0.455 0.559000
120.25 121.25   14.61 0.000  1.50 0.000 9.999 0.259000 9.99 0.259  0.122 0.559000  0.569 0.000  0.796 0.000 999.99 0.259000   4.547 0.000   1.913 0.000   2.634 0.000 0.033 0.000  0.214 0.559000
123.25 124.25   27.15 0.000  1.74 0.000 9.999 0.259000 0.13 0.000  0.160 0.559000  0.565 0.000  0.791 0.000 999.99 0.259000  12.029 0.000   8.287 0.000   3.742 0.000 0.029 0.000  0.401 0.559000
126.25 127.25   48.83 0.000  1.64 0.000 9.999 0.259000 9.99 0.259  0.074 0.559000  1.192 0.000  1.669 0.000 999.99 0.259000  18.450 0.000  13.528 0.000   4.921 0.000 0.043 0.000  0.298 0.559000
129.25 130.25 9999.99 0.999 99.99 0.999 9.999 0.999000 9.99 0.999 99.999 0.999000 99.999 0.999 99.999 0.999 999.99 0.999000 999.999 0.999 999.999 0.999 999.999 0.999 9.999 0.999 99.999 0.999000
132.25 133.25 9999.99 0.999 99.99 0.999 9.999 0.999000 9.99 0.999 99.999 0.999000 99.999 0.999 99.999 0.999 999.99 0.999000 999.999 0.999 999.999 0.999 999.999 0.999 9.999 0.999 99.999 0.999000
135.25 136.25   20.38 0.000  4.29 0.000 9.999 0.259000 0.11 0.000  0.092 0.559000  0.739 0.000  1.035 0.000 999.99 0.259000   7.069 0.000   3.551 0.000   3.517 0.000 0.025 0.000  0.356 0.559000
138.25 139.25   23.02 0.000  1.67 0.000 9.999 0.259000 0.13 0.000  0.059 0.559000  0.635 0.000  0.889 0.000 999.99 0.259000   6.899 0.000   3.327 0.000   3.572 0.000 0.027 0.000  0.405 0.559000
141.25 142.25   19.34 0.000  1.72 0.000 0.039 0.000000 0.17 0.000  0.135 0.559000  0.925 0.000  1.295 0.000 999.99 0.259000   7.192 0.000   3.509 0.000   3.684 0.000 0.025 0.000  0.341 0.559000
144.25 145.25    4.76 0.000  0.65 0.000 0.053 0.000000 9.99 0.259  0.034 0.559000  0.415 0.000  0.582 0.000 999.99 0.259000   4.547 0.000   3.350 0.000   1.197 0.000 0.011 0.000  0.079 0.559000
147.25 148.25   18.23 0.000  1.30 0.000 9.999 0.259000 9.99 0.259  0.105 0.559000  0.821 0.000  1.150 0.000 999.99 0.259000   9.821 0.000   5.949 0.000   3.872 0.000 0.017 0.000  0.478 0.559000
150.25 151.25   33.56 0.000  4.73 0.000 9.999 0.259000 9.99 0.259  0.403 0.559000  1.889 0.000  2.645 0.000 999.99 0.259000  12.944 0.000   3.129 0.000   9.815 0.000 0.050 0.000  1.258 0.559000
153.25 154.25   17.33 0.000  1.01 0.000 9.999 0.259000 0.14 0.000  0.058 0.559000  0.716 0.000  1.002 0.000 999.99 0.259000   7.271 0.000   4.500 0.000   2.772 0.000 0.026 0.000  0.249 0.559000
156.25 157.25   42.16 0.000  7.22 0.000 9.999 0.259000 9.99 0.259  0.183 0.559000  1.642 0.000  2.299 0.000 999.99 0.259000  17.237 0.000   8.348 0.000   8.889 0.000 0.038 0.000  0.957 0.559000
159.25 160.25  157.59 0.000  1.01 0.000 0.112 0.000000 0.19 0.000  0.115 0.559000  1.545 0.000  2.162 0.000 999.99 0.259000  26.077 0.000  13.967 0.000  12.110 0.000 0.110 0.000  1.490 0.559000
162.25 163.25    7.80 0.000  1.06 0.000 0.061 0.000000 0.11 0.000  0.188 0.000000  0.623 0.000  0.872 0.000 999.99 0.259000   5.794 0.000   1.804 0.000   3.990 0.000 0.012 0.000  0.574 0.000000
165.25 166.25   22.55 0.000  1.55 0.000 9.999 0.259000 9.99 0.259  0.027 0.559000  0.619 0.000  0.866 0.000 999.99 0.259000   7.476 0.000   4.434 0.000   3.042 0.000 0.035 0.000  0.283 0.559000
168.25 169.25   25.65 0.000  0.99 0.000 9.999 0.259000 9.99 0.259  0.030 0.000000  1.172 0.000  1.640 0.000 999.99 0.259000  11.136 0.000   6.547 0.000   4.589 0.000 0.029 0.000  0.422 0.000000
171.25 172.25   19.15 0.000  2.07 0.000 9.999 0.259000 9.99 0.259  0.046 0.559000  0.643 0.000  0.900 0.000 999.99 0.259000  11.987 0.000   8.112 0.000   3.875 0.000 0.025 0.000  0.413 0.559000
174.25 175.25   31.40 0.000  1.41 0.000 0.074 0.000000 9.99 0.259  0.033 0.000000  0.924 0.000  1.293 0.000 999.99 0.259000  10.665 0.000   7.008 0.000   3.657 0.000 0.030 0.000  0.284 0.000000
177.25 178.25   22.16 0.000  1.62 0.000 9.999 0.259000 0.10 0.000  0.045 0.000000  0.608 0.000  0.851 0.000 999.99 0.259000   8.929 0.000   6.038 0.000   2.891 0.000 0.022 0.000  0.289 0.000000
180.25 181.25   24.04 0.000  1.57 0.000 9.999 0.259000 0.07 0.000  0.031 0.000000  1.283 0.000  1.797 0.000 999.99 0.259000  13.436 0.000   8.153 0.000   5.283 0.000 0.030 0.000  0.418 0.000000
183.25 184.25   50.31 0.000  4.07 0.000 9.999 0.259000 9.99 0.259  0.147 0.559000  2.150 0.000  3.010 0.000 999.99 0.259000  20.354 0.000   5.892 0.000  14.463 0.000 0.057 0.000  2.042 0.559000
186.25 187.25   11.78 0.000  3.63 0.000 9.999 0.259000 9.99 0.259  0.090 0.000000  1.431 0.000  2.004 0.000 999.99 0.259000  11.614 0.000   3.341 0.000   8.273 0.000 0.192 0.000  1.087 0.000000
189.25 190.25   12.20 0.000  1.25 0.000 9.999 0.259000 9.99 0.259  0.041 0.559000  0.854 0.000  1.196 0.000 999.99 0.259000   5.489 0.000   2.508 0.000   2.981 0.000 0.025 0.000  0.113 0.559000
192.25 193.25   17.91 0.000  2.75 0.000 0.141 0.000000 9.99 0.259  0.124 0.559000  1.094 0.000  1.532 0.000 999.99 0.259000  10.396 0.000   2.739 0.000   7.657 0.000 0.035 0.000  1.132 0.559000
195.25 196.25   15.07 0.000  0.70 0.000 9.999 0.259000 9.99 0.259  0.018 0.000000  1.531 0.000  2.143 0.000 999.99 0.259000   9.927 0.000   6.051 0.000   3.875 0.000 0.026 0.000  0.120 0.000000
198.25 199.25   17.57 0.000  1.19 0.000 0.053 0.000000 9.99 0.259  0.023 0.559000  4.143 0.000  5.800 0.000 999.99 0.259000  10.889 0.000   3.515 0.000   7.375 0.000 0.055 0.000  0.180 0.559000
201.25 202.25   35.73 0.000  1.67 0.000 9.999 0.259000 0.10 0.000  0.086 0.559000  3.407 0.000  4.770 0.000 999.99 0.259000  23.129 0.000   9.532 0.000  13.597 0.000 0.061 0.000  1.257 0.559000
204.25 205.25   15.71 0.000  0.59 0.000 9.999 0.259000 9.99 0.259  0.017 0.559000  1.575 0.000  2.206 0.000 999.99 0.259000   7.684 0.000   3.734 0.000   3.951 0.000 0.026 0.000  0.102 0.559000
207.25 208.25   34.02 0.000  1.50 0.000 9.999 0.259000 0.11 0.000  0.053 0.559000  2.736 0.000  3.830 0.000 999.99 0.259000  16.889 0.000   6.861 0.000  10.027 0.000 0.063 0.000  0.659 0.559000
210.25 211.25   24.78 0.000  2.56 0.000 9.999 0.259000 9.99 0.259  0.074 0.000000  2.026 0.000  2.836 0.000 999.99 0.259000  14.382 0.000   5.608 0.000   8.774 0.000 0.036 0.000  0.963 0.000000
213.25 214.25   24.59 0.000  2.13 0.000 9.999 0.259000 9.99 0.259  0.042 0.000000  1.822 0.000  2.551 0.000 999.99 0.259000  13.273 0.000   7.134 0.000   6.138 0.000 0.052 0.000  0.448 0.000000
216.25 217.25   18.31 0.000  1.72 0.000 9.999 0.259000 0.16 0.000  0.053 0.000000  1.940 0.000  2.716 0.000 999.99 0.259000  10.499 0.000   5.237 0.000   5.263 0.000 0.038 0.000  0.275 0.000000
219.25 220.25   21.91 0.000  4.58 0.000 9.999 0.259000 9.99 0.259  0.090 0.000000  2.186 0.000  3.061 0.000 999.99 0.259000  12.483 0.000   5.973 0.000   6.510 0.000 0.033 0.000  0.597 0.000000
222.25 223.25    9.42 0.000  0.29 0.000 9.999 0.259000 9.99 0.259  0.036 0.000000  0.451 0.000  0.632 0.000 999.99 0.259000   6.140 0.000   3.822 0.000   2.318 0.000 0.009 0.000  0.325 0.000000
225.25 226.25   11.78 0.000  1.68 0.000 0.084 0.000000 9.99 0.259  0.026 0.000000  0.950 0.000  1.329 0.000 999.99 0.259000   5.332 0.000   2.956 0.000   2.377 0.000 0.023 0.000  0.097 0.000000
228.25 229.25   18.38 0.000  2.87 0.000 9.999 0.259000 9.99 0.259  0.199 0.000000  1.452 0.000  2.033 0.000 999.99 0.259000  11.560 0.000   4.122 0.000   7.438 0.000 0.031 0.000  0.878 0.000000
231.25 232.25   13.24 0.000  0.71 0.000 9.999 0.259000 0.10 0.000  0.017 0.559000  0.512 0.000  0.718 0.000 999.99 0.259000   9.780 0.000   7.897 0.000   1.883 0.000 0.015 0.000  0.139 0.559000
234.25 235.25   23.81 0.000  2.30 0.000 0.026 0.000000 0.08 0.000  0.125 0.559000  1.380 0.000  1.932 0.000 999.99 0.259000  13.560 0.000   6.492 0.000   7.069 0.000 0.032 0.000  0.887 0.559000
237.25 238.25   14.36 0.000  2.08 0.000 9.999 0.259000 9.99 0.259  0.165 0.559000  0.817 0.000  1.144 0.000 999.99 0.259000   6.577 0.000   1.728 0.000   4.849 0.000 0.019 0.000  0.734 0.559000
240.25 241.25   10.45 0.000  2.01 0.000 9.999 0.259000 9.99 0.259  0.042 0.000000  0.836 0.000  1.171 0.000 999.99 0.259000   5.753 0.000   3.180 0.000   2.573 0.000 0.027 0.000  0.207 0.000000
243.25 244.25   14.34 0.000  2.89 0.000 9.999 0.259000 0.13 0.000  0.045 0.559000  1.033 0.000  1.446 0.000 999.99 0.259000  10.273 0.000   6.790 0.000   3.483 0.000 0.026 0.000  0.256 0.559000
