scripts/IMPROVE-2019_partial/data/US0065R.20020102050000.20191216000000.filterpack..pm25.52w.1w.US03L_filterpack_US0065.US03L_IMPROVE_Davis.lev2.nas
64 1001
MISSING INFORMATION
US03L, IMPROVE, , , , , , , 
MISSING INFORMATION
IMPROVE sel_HTAP
1 1
2002 01 01 2019 12 16
3.000000
days from file reference point
25
1 1 1 1 1 1 1 1 1 1 1 1 1 1 1 1 1 1 1 1 1 1 1 1 1
999.999999 9999.99 9.999 999.99 9.999 9.999 9.999 99.99 9.999 99.999 9.999 999.999 9.999 999.999 9.999 999.999 9.999 999.999 9.999 999.999 9.999 9.999 9.999 99.999 9.999
end_time of measurement, days from the file reference point
iron, ng/m3, Revision date=20181210133000
numflag iron, no unit, Revision date=20181210133000
lead, ng/m3, Revision date=20181210133000
numflag lead, no unit, Revision date=20181210133000
magnesium, ug/m3, Revision date=20181210133000
numflag magnesium, no unit, Revision date=20181210133000
nickel, ng/m3, Revision date=20181210133000
numflag nickel, no unit, Revision date=20181210133000
nitrate, ug N/m3, Revision date=20181210133000
numflag nitrate, no unit, Revision date=20181210133000
organic_carbon, ug C/m3, Revision date=20181210133000
numflag organic_carbon, no unit, Revision date=20181210133000
organic_mass, ug/m3, Revision date=20181210133000
numflag organic_mass, no unit, Revision date=20181210133000
pm10_mass, ug/m3, Version=2, Version description=Data extracted from http://views.cira.colostate.edu/fed/DataWizard 2019-12-16, Sample duration=1d, Orig. time res.=3d, Matrix=pm10, Blank correction=Blank corrected, Volume std. temperature=ambient, Volume std. pressure=ambient
numflag pm10_mass, no unit, Version=2, Version description=Data extracted from http://views.cira.colostate.edu/fed/DataWizard 2019-12-16, Sample duration=1d, Orig. time res.=3d, Matrix=pm10, Blank correction=Blank corrected, Volume std. temperature=ambient, Volume std. pressure=ambient
pm10_pm25_mass, ug/m3, Revision date=20181210133000, Matrix=pm10_pm25
numflag pm10_pm25_mass, no unit, Revision date=20181210133000, Matrix=pm10_pm25
pm25_mass, ug/m3, Version=2, Version description=Data extracted from http://views.cira.colostate.edu/fed/DataWizard 2019-12-16, Sample duration=1d, Orig. time res.=3d, Blank correction=Blank corrected, Volume std. temperature=ambient, Volume std. pressure=ambient
numflag pm25_mass, no unit, Version=2, Version description=Data extracted from http://views.cira.colostate.edu/fed/DataWizard 2019-12-16, Sample duration=1d, Orig. time res.=3d, Blank correction=Blank corrected, Volume std. temperature=ambient, Volume std. pressure=ambient
potassium, ug/m3, Revision date=20181210133000
numflag potassium, no unit, Revision date=20181210133000
sulphate_total, ug S/m3, Revision date=20181210133000
numflag sulphate_total, no unit, Revision date=20181210133000
0
25
Data definition:              EBAS_1.1
Set type code:                TU
Timezone:                     UTC
File name:                    US0065R.20020102050000.20191216000000.filterpack..pm25.52w.1w.US03L_filterpack_US0065.US03L_IMPROVE_Davis.lev2.nas
File creation:                20191218115941
Startdate:                    20020102050000
Revision date:                20191216000000
Statistics:                   arithmetic mean
Data level:                   2
Period code:                  52w
Resolution code:              1w
Station code:                 US0065R
Platform code:                US0065S
Station name:                 Addison Pinnacle
Station latitude:             42.0912
Station longitude:            -77.2099
Station altitude:             512.0 m
Regime:                       IMG
Component:                    
Matrix:                       pm25
Laboratory code:              US03L
Instrument type:              filterpack
Instrument name:              filterpack_US0065
Method ref:                   US03L_IMPROVE_Davis
starttime endtime Fe flag_Fe Pb flag_Pb Mg++ flag_Mg++ Ni flag_Ni NO3- flag_NO3- OC flag_OC OM flag_OM PM10 flag_PM10 PM10-PM2.5 flag_PM10-PM2.5 PM2.5 flag_PM2.5 K+ flag_K+ SO4-- flag_SO4--
  1.208333   2.208333   14.83 0.000  11.14 0.000 9.999 0.259 99.99 0.259  0.179 0.000   0.824 0.000   1.154 0.000   7.279 0.000   2.503 0.000   4.776 0.000 0.025 0.000  0.546 0.000
  4.208333   5.208333   49.44 0.000   5.42 0.000 9.999 0.259 99.99 0.259  0.814 0.000   1.802 0.000   2.523 0.000  22.445 0.000  10.204 0.000  12.241 0.000 0.054 0.000  0.989 0.000
  7.208333   8.208333   18.46 0.000   2.74 0.000 9.999 0.259  0.24 0.000  0.140 0.000   0.819 0.000   1.147 0.000   6.471 0.000   0.827 0.000   5.644 0.000 0.020 0.000  0.897 0.000
 10.208333  11.208333   29.30 0.000   2.73 0.000 9.999 0.259  0.16 0.000  0.649 0.000   1.056 0.000   1.479 0.000   8.639 0.000   1.311 0.000   7.329 0.000 0.028 0.000  0.517 0.000
 13.208333  14.208333   19.74 0.000   2.96 0.000 9.999 0.259  0.15 0.000  0.447 0.000   1.146 0.000   1.605 0.000   7.523 0.000   1.579 0.000   5.944 0.000 0.029 0.000  0.414 0.000
 16.208333  17.208333   13.87 0.000   2.22 0.000 9.999 0.259  0.14 0.000  0.169 0.000   0.693 0.000   0.970 0.000   6.362 0.000   0.724 0.000   5.639 0.000 0.019 0.000  0.863 0.000
 19.208333  20.208333   18.65 0.000   4.68 0.000 9.999 0.259  0.20 0.000  0.548 0.000   1.488 0.000   2.083 0.000  10.022 0.000   0.466 0.000   9.556 0.000 0.042 0.000  0.906 0.000
 22.208333  23.208333   19.91 0.000   1.98 0.000 9.999 0.259  0.15 0.000  0.209 0.000   0.996 0.000   1.394 0.000   7.647 0.000   2.505 0.000   5.142 0.000 0.038 0.000  0.593 0.000
 25.208333  26.208333   35.89 0.000   3.40 0.000 9.999 0.259  0.11 0.000  0.283 0.000   0.672 0.000   0.941 0.000   7.812 0.000   3.310 0.000   4.502 0.000 0.035 0.000  0.473 0.000
 28.208333  29.208333   55.99 0.000   4.91 0.000 9.999 0.259  0.39 0.000  0.693 0.000   1.892 0.000   2.649 0.000  21.759 0.000   4.215 0.000  17.544 0.000 0.095 0.000  1.914 0.000
 31.208333  32.208333    5.58 0.000   1.29 0.000 9.999 0.259 99.99 0.259  0.081 0.000   0.409 0.000   0.573 0.000   3.472 0.000   0.971 0.000   2.501 0.000 0.012 0.000  0.384 0.000
 34.208333  35.208333   10.08 0.000   2.23 0.000 9.999 0.259 99.99 0.259  0.156 0.000   0.820 0.000   1.148 0.000   5.364 0.000   1.109 0.000   4.255 0.000 0.022 0.000  0.535 0.000
 37.208333  38.208333   42.98 0.000   3.90 0.000 9.999 0.259  0.16 0.000  0.481 0.000   1.065 0.000   1.491 0.000  12.434 0.000   5.012 0.000   7.421 0.000 0.035 0.000  0.616 0.000
 40.208333  41.208333   17.35 0.000   2.08 0.000 0.071 0.000  0.48 0.000  0.359 0.000   0.928 0.000   1.300 0.000  11.409 0.000   1.467 0.000   9.942 0.000 0.034 0.000  1.670 0.000
 43.208333  44.208333   23.23 0.000   1.01 0.000 9.999 0.259  0.15 0.000  0.104 0.000   0.310 0.000   0.434 0.000   4.058 0.000   1.743 0.000   2.315 0.000 0.017 0.000  0.243 0.000
 46.208333  47.208333   20.05 0.000   2.02 0.000 9.999 0.259 99.99 0.259  0.551 0.000   0.914 0.000   1.280 0.000  10.623 0.000   2.551 0.000   8.072 0.000 0.022 0.000  0.921 0.000
 49.208333  50.208333   22.89 0.000   2.97 0.000 0.094 0.000  0.41 0.000  0.145 0.000   1.079 0.000   1.511 0.000   7.644 0.000   2.351 0.000   5.293 0.000 0.032 0.000  0.547 0.000
 52.208333  53.208333    5.18 0.000   0.92 0.000 0.117 0.000 99.99 0.259  0.052 0.000   0.352 0.000   0.492 0.000   4.158 0.000   0.524 0.000   3.635 0.000 0.011 0.000  0.649 0.000
 55.208333  56.208333   32.81 0.000   4.06 0.000 9.999 0.259  0.26 0.000  0.658 0.000   1.644 0.000   2.301 0.000  13.310 0.000   3.087 0.000  10.223 0.000 0.052 0.000  1.003 0.000
 58.208333  59.208333   14.46 0.000   1.48 0.000 9.999 0.259 99.99 0.259  0.069 0.000   0.400 0.000   0.559 0.000   3.992 0.000   1.096 0.000   2.896 0.000 0.018 0.000  0.408 0.000
 61.208333  62.208333    5.00 0.000   0.77 0.000 9.999 0.259 99.99 0.259  0.014 0.000   0.283 0.000   0.396 0.000   3.780 0.000   0.457 0.000   3.324 0.000 0.014 0.000  0.532 0.000
 64.208333  65.208333   43.06 0.000   2.95 0.000 9.999 0.259  0.35 0.000  0.671 0.000   1.360 0.000   1.903 0.000  13.723 0.000   3.942 0.000   9.781 0.000 0.053 0.000  0.810 0.000
 67.208333  68.208333   18.98 0.000   1.42 0.000 9.999 0.259  0.55 0.000  0.180 0.000   1.470 0.000   2.058 0.000  10.651 0.000   2.492 0.000   8.159 0.000 0.049 0.000  1.067 0.000
 70.208333  71.208333   32.80 0.000   3.93 0.000 9.999 0.259 99.99 0.259  0.265 0.559   0.909 0.000   1.273 0.000  10.735 0.000   2.732 0.000   8.003 0.000 0.043 0.000  1.282 0.559
 73.208333  74.208333   48.68 0.000   3.82 0.000 9.999 0.259  0.54 0.000  0.425 0.000   1.800 0.000   2.519 0.000  19.313 0.000   3.397 0.000  15.916 0.000 0.059 0.000  2.388 0.000
 76.208333  77.208333    6.42 0.000   1.14 0.000 9.999 0.259  0.49 0.000  0.033 0.559   0.461 0.000   0.646 0.000   4.671 0.000   0.071 0.000   4.600 0.000 0.012 0.000  0.831 0.559
 79.208333  80.208333   16.94 0.000   1.57 0.000 9.999 0.259 99.99 0.259  0.147 0.000   0.598 0.000   0.837 0.000   8.184 0.000   1.299 0.000   6.885 0.000 0.021 0.000  1.215 0.000
 82.208333  83.208333   36.69 0.000   2.98 0.000 9.999 0.259 99.99 0.259  0.653 0.000   0.946 0.000   1.325 0.000  12.101 0.000   3.361 0.000   8.739 0.000 0.046 0.000  0.675 0.000
 85.208333  86.208333 9999.99 0.999 999.99 0.999 9.999 0.999 99.99 0.999 99.999 0.999 999.999 0.999 999.999 0.999 999.999 0.999 999.999 0.999 999.999 0.999 9.999 0.999 99.999 0.999
 88.208333  89.208333   30.81 0.000   1.85 0.000 9.999 0.259  0.31 0.000  0.155 0.000   0.692 0.000   0.968 0.000   7.602 0.000   1.726 0.000   5.876 0.000 0.032 0.000  0.932 0.000
 91.208333  92.208333   50.02 0.000   2.70 0.000 9.999 0.259  0.50 0.000  0.269 0.000   0.935 0.000   1.309 0.000  10.007 0.000   2.018 0.000   7.990 0.000 0.047 0.000  1.198 0.000
 94.208333  95.208333   18.86 0.000   3.59 0.000 9.999 0.259  0.25 0.000  0.172 0.000   0.480 0.000   0.671 0.000   7.895 0.000   3.136 0.000   4.759 0.000 0.021 0.000  0.690 0.000
 97.208333  98.208333   49.77 0.000   4.52 0.000 9.999 0.259  0.82 0.000  0.656 0.000   1.471 0.000   2.060 0.000  15.738 0.000   3.190 0.000  12.548 0.000 0.067 0.000  1.577 0.000
100.208333 101.208333   41.57 0.000   6.11 0.000 9.999 0.259  0.57 0.000  0.558 0.000   0.940 0.000   1.315 0.000  12.204 0.000   4.078 0.000   8.127 0.000 0.038 0.000  0.973 0.000
103.208333 104.208333   13.19 0.000   2.92 0.000 0.089 0.000 99.99 0.259  0.063 0.000   0.768 0.000   1.075 0.000   7.598 0.000   0.743 0.000   6.855 0.000 0.024 0.000  1.086 0.000
106.208333 107.208333 9999.99 0.999 999.99 0.999 9.999 0.999 99.99 0.999 99.999 0.999 999.999 0.999 999.999 0.999 999.999 0.999 999.999 0.999 999.999 0.999 9.999 0.999 99.999 0.999
109.208333 110.208333   19.20 0.000   2.96 0.000 9.999 0.259  0.25 0.000  0.120 0.000   0.835 0.000   1.168 0.000   6.659 0.000   2.277 0.000   4.381 0.000 0.025 0.000  0.548 0.000
112.208333 113.208333   40.26 0.000   3.39 0.000 9.999 0.259  0.32 0.000  0.286 0.000   0.620 0.000   0.869 0.000   7.433 0.000   2.335 0.000   5.098 0.000 0.033 0.000  0.674 0.000
115.208333 116.208333   37.07 0.000   1.21 0.000 9.999 0.259 99.99 0.259  0.233 0.000   0.445 0.000   0.623 0.000   8.547 0.000   3.272 0.000   5.275 0.000 0.032 0.000  0.772 0.000
118.208333 119.208333   20.64 0.000   1.15 0.000 9.999 0.259  0.25 0.000  0.064 0.000   0.402 0.000   0.563 0.000   5.126 0.000   0.977 0.000   4.149 0.000 0.021 0.000  0.746 0.000
121.208333 122.208333   19.97 0.000   2.13 0.000 9.999 0.259  0.40 0.000  0.160 0.000   0.861 0.000   1.205 0.000   9.574 0.000   1.030 0.000   8.545 0.000 0.024 0.000  1.557 0.000
124.208333 125.208333   40.16 0.000   3.16 0.000 0.049 0.000  0.24 0.000  0.083 0.000   1.111 0.000   1.555 0.000  10.930 0.000   4.223 0.000   6.707 0.000 0.039 0.000  0.875 0.000
127.208333 128.208333   13.07 0.000   2.18 0.000 9.999 0.259 99.99 0.259  0.077 0.000   0.742 0.000   1.039 0.000   6.413 0.000   2.092 0.000   4.322 0.000 0.018 0.000  0.539 0.000
130.208333 131.208333   32.49 0.000   1.85 0.000 9.999 0.259  0.28 0.000  0.063 0.000   0.831 0.000   1.163 0.000   9.763 0.000   5.567 0.000   4.196 0.000 0.034 0.000  0.423 0.000
133.208333 134.208333    9.66 0.000   0.80 0.000 0.133 0.000 99.99 0.259  0.016 0.000   0.485 0.000   0.679 0.000   3.530 0.000   0.452 0.000   3.078 0.000 0.014 0.000  0.411 0.000
136.208333 137.208333   20.66 0.000   1.78 0.000 9.999 0.259  0.30 0.000  0.070 0.000   0.713 0.000   0.998 0.000   6.699 0.000   0.661 0.000   6.039 0.000 0.019 0.000  0.871 0.000
139.208333 140.208333   11.77 0.000   1.51 0.000 9.999 0.259  0.25 0.000  0.111 0.000   0.581 0.000   0.814 0.000   5.054 0.000   0.834 0.000   4.221 0.000 0.017 0.000  0.716 0.000
142.208333 143.208333   32.54 0.000   2.39 0.000 9.999 0.259  0.33 0.000  0.034 0.000   0.930 0.000   1.302 0.000  13.320 0.000   5.017 0.000   8.303 0.000 0.025 0.000  1.418 0.000
145.208333 146.208333   25.42 0.000   3.49 0.000 9.999 0.259  0.33 0.000  0.189 0.000   1.265 0.000   1.771 0.000  12.386 0.000   2.105 0.000  10.281 0.000 0.031 0.000  1.484 0.000
148.208333 149.208333   31.28 0.000   2.25 0.000 9.999 0.259  0.54 0.000  0.131 0.000   1.476 0.000   2.066 0.000  23.026 0.000   3.370 0.000  19.656 0.000 0.045 0.000  3.258 0.000
151.208333 152.208333   41.72 0.000   1.67 0.000 9.999 0.259 99.99 0.259  0.057 0.000   2.578 0.000   3.610 0.000  18.356 0.000  10.011 0.000   8.345 0.000 0.054 0.000  0.459 0.000
154.208333 155.208333   41.82 0.000   4.11 0.000 0.157 0.000  0.46 0.000  0.172 0.000   1.580 0.000   2.212 0.000  17.874 0.000   5.463 0.000  12.411 0.000 0.042 0.000  1.495 0.000
157.208333 158.208333   18.07 0.000   2.70 0.000 9.999 0.259 99.99 0.259  0.060 0.000   1.184 0.000   1.657 0.000  10.193 0.000   5.060 0.000   5.133 0.000 0.027 0.000  0.440 0.000
160.208333 161.208333   45.59 0.000   4.83 0.000 9.999 0.259  0.33 0.000  0.148 0.000   2.533 0.000   3.546 0.000  27.290 0.000   2.502 0.000  24.789 0.000 0.045 0.000  3.688 0.000
163.208333 164.208333   17.88 0.000   3.51 0.000 9.999 0.259 99.99 0.259  0.270 0.000   1.049 0.000   1.469 0.000  11.615 0.000   2.559 0.000   9.055 0.000 0.019 0.000  1.294 0.000
166.208333 167.208333   12.12 0.000   1.89 0.000 9.999 0.259 99.99 0.259  0.039 0.000   0.786 0.000   1.101 0.000   7.271 0.000   1.575 0.000   5.696 0.000 0.019 0.000  0.685 0.000
169.208333 170.208333   19.66 0.000   1.58 0.000 9.999 0.259 99.99 0.259  0.050 0.000   1.633 0.000   2.286 0.000  11.111 0.000   2.499 0.000   8.612 0.000 0.032 0.000  0.997 0.000
172.208333 173.208333   39.12 0.000   2.66 0.000 9.999 0.259  0.23 0.000  0.048 0.000   2.297 0.000   3.216 0.000  30.474 0.000   2.940 0.000  27.534 0.000 0.061 0.000  4.163 0.000
175.208333 176.208333   45.79 0.000   3.16 0.000 0.066 0.000  0.23 0.000  0.073 0.000   2.614 0.000   3.659 0.000  38.453 0.000   4.231 0.000  34.222 0.000 0.040 0.000  6.121 0.000
178.208333 179.208333   15.22 0.000   1.94 0.000 9.999 0.259  0.15 0.000  0.063 0.000   1.822 0.000   2.550 0.000  13.442 0.000   3.271 0.000  10.171 0.000 0.024 0.000  1.186 0.000
181.208333 182.208333   41.51 0.000   3.71 0.000 9.999 0.259  0.22 0.000  0.039 0.000   4.082 0.000   5.715 0.000  41.423 0.000   3.868 0.000  37.555 0.000 0.101 0.000  6.134 0.000
184.208333 185.208333  295.73 0.000   2.53 0.000 9.999 0.259  0.22 0.000  0.101 0.000   1.613 0.000   2.259 0.000  27.819 0.000   9.463 0.000  18.355 0.000 0.141 0.000  1.879 0.000
187.208333 188.208333 9999.99 0.699 999.99 0.699 9.999 0.699 99.99 0.699  0.238 0.000  23.626 0.000  33.077 0.000  54.784 0.000 999.999 0.999 999.999 0.699 9.999 0.699  0.603 0.000
190.208333 191.208333   15.70 0.000   1.47 0.000 0.090 0.000 99.99 0.259  0.147 0.000   2.334 0.000   3.268 0.000  11.005 0.000   2.837 0.000   8.168 0.000 0.047 0.000  0.601 0.000
193.208333 194.208333   50.62 0.000   2.17 0.000 9.999 0.259 99.99 0.259  0.032 0.000   1.715 0.000   2.401 0.000  18.194 0.000   8.435 0.000   9.759 0.000 0.041 0.000  0.932 0.000
196.208333 197.208333   40.56 0.000   1.73 0.000 9.999 0.259  0.22 0.000  0.039 0.000   2.600 0.000   3.640 0.000  15.184 0.000   5.848 0.000   9.336 0.000 0.062 0.000  0.499 0.000
199.208333 200.208333   36.74 0.000   3.07 0.000 9.999 0.259  0.25 0.000  0.230 0.559   2.498 0.000   3.497 0.000  28.874 0.000   1.159 0.000  27.715 0.000 0.052 0.000  4.164 0.559
202.208333 203.208333  103.82 0.000   3.08 0.000 9.999 0.259  1.13 0.000  0.050 0.000   2.808 0.000   3.931 0.000  45.647 0.000  10.831 0.000  34.815 0.000 0.067 0.000  8.290 0.000
205.208333 206.208333   31.85 0.000   2.49 0.000 9.999 0.259  0.55 0.000  0.069 0.000   1.305 0.000   1.827 0.000  16.422 0.000   3.812 0.000  12.610 0.000 0.032 0.000  1.852 0.000
208.208333 209.208333   28.74 0.000   2.34 0.000 9.999 0.259  1.26 0.000  0.043 0.000   2.180 0.000   3.052 0.000  17.933 0.000   1.452 0.000  16.482 0.000 0.040 0.000  2.607 0.000
211.208333 212.208333   26.09 0.000   1.18 0.000 0.050 0.000 99.99 0.259  0.069 0.559   1.766 0.000   2.473 0.000  15.229 0.000   4.859 0.000  10.370 0.000 0.026 0.000  1.246 0.559
214.208333 215.208333   32.93 0.000   1.24 0.000 9.999 0.259 99.99 0.259  0.056 0.000   2.042 0.000   2.858 0.000  13.198 0.000   4.183 0.000   9.016 0.000 0.033 0.000  0.970 0.000
217.208333 218.208333    7.33 0.000   0.63 0.000 9.999 0.259 99.99 0.259  0.019 0.000   0.597 0.000   0.836 0.000   5.284 0.000   2.721 0.000   2.563 0.000 0.009 0.000  0.226 0.000
220.208333 221.208333   17.95 0.000   0.77 0.000 9.999 0.259 99.99 0.259  0.029 0.000   1.165 0.000   1.630 0.000   8.122 0.000   4.802 0.000   3.320 0.000 0.016 0.000  0.141 0.000
223.208333 224.208333   52.88 0.000   4.23 0.000 9.999 0.259  0.13 0.000  0.036 0.000   2.900 0.000   4.060 0.000  40.931 0.000   6.762 0.000  34.169 0.000 0.039 0.000  6.834 0.000
226.208333 227.208333   35.94 0.000   3.41 0.000 9.999 0.259  0.27 0.000  0.053 0.000   3.887 0.000   5.442 0.000  27.575 0.000   3.300 0.000  24.275 0.000 0.039 0.000  3.229 0.000
229.208333 230.208333   30.79 0.000   1.73 0.000 9.999 0.259 99.99 0.259  0.042 0.559   1.889 0.000   2.644 0.000  19.412 0.000   4.457 0.000  14.955 0.000 0.045 0.000  2.474 0.559
232.208333 233.208333   25.34 0.000   1.35 0.000 9.999 0.259  0.32 0.000  0.036 0.000   1.183 0.000   1.656 0.000  12.410 0.000   4.082 0.000   8.327 0.000 0.029 0.000  1.049 0.000
235.208333 236.208333   13.75 0.000   2.89 0.000 9.999 0.259 99.99 0.259  0.056 0.000   1.138 0.000   1.593 0.000  14.297 0.000   2.068 0.000  12.230 0.000 0.028 0.000  2.119 0.000
238.208333 239.208333   25.73 0.000   1.66 0.000 9.999 0.259 99.99 0.259  0.088 0.000   1.452 0.000   2.033 0.000  11.806 0.000   4.329 0.000   7.477 0.000 0.025 0.000  0.678 0.000
241.208333 242.208333   14.96 0.000   1.05 0.000 9.999 0.259  0.24 0.000  0.145 0.000   1.034 0.000   1.448 0.000   9.927 0.000   2.921 0.000   7.006 0.000 0.017 0.000  0.878 0.000
244.208333 245.208333    8.38 0.000   1.01 0.000 9.999 0.259 99.99 0.259  0.056 0.000   0.715 0.000   1.001 0.000   6.128 0.000   2.381 0.000   3.746 0.000 0.022 0.000  0.411 0.000
247.208333 248.208333   11.29 0.000   1.59 0.000 9.999 0.259  0.11 0.000  0.030 0.000   0.765 0.000   1.071 0.000   8.211 0.000   3.672 0.000   4.538 0.000 0.014 0.000  0.598 0.000
250.208333 251.208333   52.12 0.000   3.11 0.000 9.999 0.259  0.39 0.000  0.037 0.000   1.653 0.000   2.314 0.000  13.683 0.000   4.311 0.000   9.372 0.000 0.059 0.000  1.147 0.000
253.208333 254.208333   18.52 0.000   1.80 0.000 9.999 0.259 99.99 0.259  0.021 0.000   0.761 0.000   1.066 0.000  13.642 0.000   6.575 0.000   7.067 0.000 0.019 0.000  1.318 0.000
256.208333 257.208333   54.86 0.000   2.98 0.000 9.999 0.259  0.20 0.000  0.049 0.000   2.211 0.000   3.096 0.000  24.632 0.000   6.978 0.000  17.654 0.000 0.050 0.000  2.564 0.000
259.208333 260.208333   16.12 0.000   2.88 0.000 0.040 0.000 99.99 0.259  0.157 0.000   1.089 0.000   1.525 0.000  12.260 0.000   2.092 0.000  10.168 0.000 0.018 0.000  1.631 0.000
262.208333 263.208333   50.97 0.000   2.95 0.000 9.999 0.259  0.84 0.000  0.120 0.000   2.857 0.000   3.999 0.000  38.154 0.000   6.751 0.000  31.402 0.000 0.040 0.000  5.259 0.000
