scripts/IMPROVE-2019_partial/data/US0081R.19990102050000.20191216000000.filterpack...1y.3d.US03L_filterpack_US0081.US03L_IMPROVE_Davis.lev2.nas
51 1001
MISSING INFORMATION
US03L, IMPROVE, , , , , , , 
MISSING INFORMATION
IMPROVE sel_HTAP
1 1
1999 01 01 2019 12 16
0
days from file reference point
4
1 1 1 1
999.999999 999.999 999.999 9.999
end_time of measurement, days from the file reference point
pm10_mass, ug/m3, Matrix=pm10
pm25_mass, ug/m3, Matrix=pm25
numflag, no unit
0
33
Data definition:              EBAS_1.1
Set type code:                TI
Timezone:                     UTC
File name:                    US0081R.19990102050000.20191216000000.filterpack...1y.3d.US03L_filterpack_US0081.US03L_IMPROVE_Davis.lev2.nas
File creation:                20191218120052
Startdate:                    19990102050000
Revision date:                20191216000000
Version:                      2
Version description:          "Data extracted from http://views.cira.colostate.edu/fed/DataWizard 2019-12-16"
Statistics:                   arithmetic mean
Data level:                   2
Period code:                  1y
Resolution code:              3d
Sample duration:              1d
Orig. time res.:              3d
Station code:                 US0081R
Platform code:                US0081S
Station name:                 Jefferson NF
Station latitude:             37.6167
Station longitude:            -79.4833
Station altitude:             219.0 m
Regime:                       IMG
Component:                    
Unit:                         ug/m3
Matrix:                       
Laboratory code:              US03L
Instrument type:              filterpack
Instrument name:              filterpack_US0081
Method ref:                   US03L_IMPROVE_Davis
Blank correction:             Blank corrected
Volume std. temperature:      ambient
Volume std. pressure:         ambient
starttime endtime PM10 PM2.5 flag
  1.208333   2.208333   8.252   7.256 0.000
  5.208333   6.208333  20.556  17.173 0.000
  8.208333   9.208333  20.278  14.360 0.000
 12.208333  13.208333  20.337  13.213 0.000
 15.208333  16.208333  23.314  12.577 0.000
 19.208333  20.208333  18.578  12.270 0.000
 22.208333  23.208333  12.579   9.467 0.000
 26.208333  27.208333  25.703  21.453 0.000
 29.208333  30.208333  26.249  22.053 0.000
 33.208333  34.208333  17.361  13.582 0.000
 36.208333  37.208333  21.701  20.038 0.000
 40.208333  41.208333  20.965  13.675 0.000
 43.208333  44.208333   7.568   5.935 0.000
 47.208333  48.208333  25.631  22.790 0.000
 50.208333  51.208333  22.432  15.126 0.000
 54.208333  55.208333  19.018  12.060 0.000
 57.208333  58.208333  26.189  20.928 0.000
 61.208333  62.208333  11.175   7.573 0.000
 64.208333  65.208333  13.844  10.464 0.000
 68.208333  69.208333  16.343  16.121 0.000
 71.208333  72.208333  11.665   9.177 0.000
 75.208333  76.208333  18.428   9.353 0.000
 78.208333  79.208333  18.065  14.608 0.000
 82.208333  83.208333  23.646  15.794 0.000
 85.208333  86.208333  17.581  12.284 0.000
 89.208333  90.208333  21.491  11.715 0.000
 92.208333  93.208333  36.195  28.556 0.000
 96.208333  97.208333  16.133   9.674 0.000
 99.208333 100.208333   8.701   6.644 0.000
103.208333 104.208333   9.619   4.386 0.000
106.208333 107.208333   6.556   3.685 0.000
110.208333 111.208333  22.799  19.444 0.000
113.208333 114.208333  10.870   5.254 0.000
117.208333 118.208333   8.439   5.568 0.000
120.208333 121.208333  15.916  12.153 0.000
124.208333 125.208333  24.433  19.958 0.000
127.208333 128.208333  13.638   8.092 0.000
131.208333 132.208333  29.409  22.373 0.000
134.208333 135.208333  12.040   5.747 0.000
138.208333 139.208333  15.303  11.063 0.000
141.208333 142.208333  24.326  20.354 0.000
145.208333 146.208333  14.922   9.019 0.000
148.208333 149.208333  22.445  14.795 0.000
152.208333 153.208333  19.894  16.745 0.000
155.208333 156.208333  28.023  19.850 0.000
159.208333 160.208333  32.045  26.854 0.000
162.208333 163.208333  17.652  14.064 0.000
166.208333 167.208333  17.996  16.243 0.000
169.208333 170.208333  13.011  10.181 0.000
173.208333 174.208333  12.997  10.552 0.000
176.208333 177.208333  23.826  20.294 0.000
180.208333 181.208333  20.045  16.933 0.000
183.208333 184.208333  20.983  17.069 0.000
187.208333 188.208333  33.146  28.478 0.000
190.208333 191.208333  23.160  19.433 0.000
194.208333 195.208333   9.872   7.586 0.000
197.208333 198.208333  34.091  32.213 0.000
201.208333 202.208333  26.126  24.818 0.000
204.208333 205.208333  28.679  25.697 0.000
208.208333 209.208333  25.938  21.834 0.000
211.208333 212.208333  30.154  29.492 0.000
215.208333 216.208333  22.909  19.313 0.000
218.208333 219.208333  32.495  24.887 0.000
222.208333 223.208333  33.730  30.741 0.000
225.208333 226.208333  15.560  12.175 0.000
229.208333 230.208333  26.042  20.058 0.000
232.208333 233.208333  22.133  19.706 0.000
236.208333 237.208333  10.722   9.219 0.000
239.208333 240.208333  28.198  26.087 0.000
243.208333 244.208333  10.794   4.798 0.000
246.208333 247.208333  17.879  12.626 0.000
250.208333 251.208333  18.531  14.493 0.000
253.208333 254.208333  18.416  13.285 0.000
257.208333 258.208333  17.572  14.719 0.000
260.208333 261.208333  14.886  10.599 0.000
264.208333 265.208333   9.937   6.852 0.000
267.208333 268.208333  23.937  19.950 0.000
271.208333 272.208333  18.532   2.741 0.000
274.208333 275.208333 999.999  14.903 0.000
278.208333 279.208333  13.774  11.044 0.000
281.208333 282.208333  30.548  23.984 0.000
285.208333 286.208333  16.335  11.277 0.000
288.208333 289.208333  16.138  11.492 0.000
292.208333 293.208333  11.882  10.354 0.000
295.208333 296.208333   8.630   6.502 0.000
299.208333 300.208333  19.870  13.163 0.000
302.208333 303.208333 999.999 999.999 0.999
306.208333 307.208333   6.242   4.040 0.000
309.208333 310.208333  22.783  16.446 0.000
313.208333 314.208333  29.257  25.166 0.000
316.208333 317.208333  38.797  33.267 0.000
320.208333 321.208333  10.035   5.833 0.000
323.208333 324.208333  23.523  17.674 0.000
327.208333 328.208333  13.641   9.623 0.000
330.208333 331.208333  16.407  13.263 0.000
334.208333 335.208333   8.763   6.505 0.000
337.208333 338.208333  23.009  16.560 0.000
341.208333 342.208333 999.999  10.512 0.000
344.208333 345.208333   8.785   6.342 0.000
348.208333 349.208333  12.703  10.497 0.000
351.208333 352.208333  16.847  13.160 0.000
355.208333 356.208333   7.596   6.198 0.000
358.208333 359.208333  11.762   7.555 0.000
362.208333 363.208333   9.316   7.919 0.000
