scripts/IMPROVE-2019_partial/data/US0037R.20020102050000.20191216000000.filterpack..pm25.52w.1w.US03L_filterpack_US0037.US03L_IMPROVE_Davis.lev2.nas
64 1001
MISSING INFORMATION
US03L, IMPROVE, , , , , , , 
MISSING INFORMATION
IMPROVE sel_HTAP
1 1
2002 01 01 2019 12 16
3.000000
days from file reference point
25
1 1 1 1 1 1 1 1 1 1 1 1 1 1 1 1 1 1 1 1 1 1 1 1 1
999.999999 9999.99 9.999 99.99 9.999 9.999 9.999999 9.99 9.999999 99.999 9.999 99.999 9.999 99.999 9.999 999.999 9.999 999.999 9.999 999.999 9.999 9.999 9.999 99.999 9.999
end_time of measurement, days from the file reference point
iron, ng/m3, Revision date=20181210133000
numflag iron, no unit, Revision date=20181210133000
lead, ng/m3, Revision date=20181210133000
numflag lead, no unit, Revision date=20181210133000
magnesium, ug/m3, Revision date=20181210133000
numflag magnesium, no unit, Revision date=20181210133000
nickel, ng/m3, Revision date=20181210133000
numflag nickel, no unit, Revision date=20181210133000
nitrate, ug N/m3, Revision date=20181210133000
numflag nitrate, no unit, Revision date=20181210133000
organic_carbon, ug C/m3, Revision date=20181210133000
numflag organic_carbon, no unit, Revision date=20181210133000
organic_mass, ug/m3, Revision date=20181210133000
numflag organic_mass, no unit, Revision date=20181210133000
pm10_mass, ug/m3, Version=2, Version description=Data extracted from http://views.cira.colostate.edu/fed/DataWizard 2019-12-16, Sample duration=1d, Orig. time res.=3d, Matrix=pm10, Blank correction=Blank corrected, Volume std. temperature=ambient, Volume std. pressure=ambient
numflag pm10_mass, no unit, Version=2, Version description=Data extracted from http://views.cira.colostate.edu/fed/DataWizard 2019-12-16, Sample duration=1d, Orig. time res.=3d, Matrix=pm10, Blank correction=Blank corrected, Volume std. temperature=ambient, Volume std. pressure=ambient
pm10_pm25_mass, ug/m3, Revision date=20181210133000, Matrix=pm10_pm25
numflag pm10_pm25_mass, no unit, Revision date=20181210133000, Matrix=pm10_pm25
pm25_mass, ug/m3, Version=2, Version description=Data extracted from http://views.cira.colostate.edu/fed/DataWizard 2019-12-16, Sample duration=1d, Orig. time res.=3d, Blank correction=Blank corrected, Volume std. temperature=ambient, Volume std. pressure=ambient
numflag pm25_mass, no unit, Version=2, Version description=Data extracted from http://views.cira.colostate.edu/fed/DataWizard 2019-12-16, Sample duration=1d, Orig. time res.=3d, Blank correction=Blank corrected, Volume std. temperature=ambient, Volume std. pressure=ambient
potassium, ug/m3, Revision date=20181210133000
numflag potassium, no unit, Revision date=20181210133000
sulphate_total, ug S/m3, Revision date=20181210133000
numflag sulphate_total, no unit, Revision date=20181210133000
0
25
Data definition:              EBAS_1.1
Set type code:                TU
Timezone:                     UTC
File name:                    US0037R.20020102050000.20191216000000.filterpack..pm25.52w.1w.US03L_filterpack_US0037.US03L_IMPROVE_Davis.lev2.nas
File creation:                20191218115746
Startdate:                    20020102050000
Revision date:                20191216000000
Statistics:                   arithmetic mean
Data level:                   2
Period code:                  52w
Resolution code:              1w
Station code:                 US0037R
Platform code:                US0037S
Station name:                 Livonia
Station latitude:             38.5346
Station longitude:            -86.2604
Station altitude:             281.0 m
Regime:                       IMG
Component:                    
Matrix:                       pm25
Laboratory code:              US03L
Instrument type:              filterpack
Instrument name:              filterpack_US0037
Method ref:                   US03L_IMPROVE_Davis
starttime endtime Fe flag_Fe Pb flag_Pb Mg++ flag_Mg++ Ni flag_Ni NO3- flag_NO3- OC flag_OC OM flag_OM PM10 flag_PM10 PM10-PM2.5 flag_PM10-PM2.5 PM2.5 flag_PM2.5 K+ flag_K+ SO4-- flag_SO4--
  1.208333   2.208333 9999.99 0.999 99.99 0.999 9.999 0.999000 9.99 0.999000 99.999 0.999 99.999 0.999 99.999 0.999 999.999 0.999 999.999 0.999 999.999 0.999 9.999 0.999 99.999 0.999
  4.208333   5.208333   40.68 0.000  3.46 0.000 9.999 0.259000 0.22 0.000000  0.671 0.559  2.432 0.000  3.405 0.000  17.881 0.000   5.846 0.000  12.035 0.000 0.086 0.000  0.859 0.559
  7.208333   8.208333   24.91 0.000  2.72 0.000 9.999 0.259000 9.99 0.259000  0.687 0.000  1.113 0.000  1.558 0.000  11.879 0.000   2.142 0.000   9.737 0.000 0.043 0.000  0.939 0.000
 10.208333  11.208333   12.34 0.000  2.11 0.000 9.999 0.259000 9.99 0.259000  1.025 0.559  0.836 0.000  1.170 0.000  11.379 0.000   1.899 0.000   9.480 0.000 0.030 0.000  0.664 0.559
 13.208333  14.208333   16.87 0.000  1.60 0.000 9.999 0.259000 9.99 0.259000  0.352 0.000  1.381 0.000  1.934 0.000  10.334 0.000   3.997 0.000   6.337 0.000 0.037 0.000  0.610 0.000
 16.208333  17.208333   14.49 0.000  2.49 0.000 9.999 0.259000 9.99 0.259000  0.847 0.000  0.865 0.000  1.211 0.000  13.787 0.000   3.903 0.000   9.884 0.000 0.028 0.000  0.831 0.000
 19.208333  20.208333   16.15 0.000  2.71 0.000 0.103 0.000000 0.22 0.000000  0.788 0.000  1.641 0.000  2.297 0.000  16.399 0.000   1.314 0.000  15.085 0.000 0.041 0.000  2.482 0.000
 22.208333  23.208333   19.07 0.000  2.49 0.000 9.999 0.259000 0.25 0.000000  0.235 0.000  0.844 0.000  1.181 0.000  10.541 0.000   2.588 0.000   7.953 0.000 0.038 0.000  1.167 0.000
 25.208333  26.208333   37.98 0.000  3.08 0.000 9.999 0.259000 9.99 0.259000  0.463 0.000  1.037 0.000  1.452 0.000   9.466 0.000   2.118 0.000   7.348 0.000 0.049 0.000  0.769 0.000
 28.208333  29.208333   16.91 0.000  1.58 0.000 9.999 0.259000 0.46 0.000000  0.076 0.559  1.162 0.000  1.627 0.000  14.530 0.000   2.796 0.000  11.735 0.000 0.060 0.000  2.031 0.559
 31.208333  32.208333    5.85 0.000  1.14 0.000 9.999 0.259000 9.99 0.259000  0.077 0.000  0.504 0.000  0.705 0.000   4.051 0.000   0.952 0.000   3.099 0.000 0.015 0.000  0.504 0.000
 34.208333  35.208333   12.08 0.559  2.09 0.559 9.999 0.559259 9.99 0.559259  0.493 0.559  0.711 0.000  0.995 0.000   7.693 0.000   1.806 0.000   5.887 0.559 0.025 0.559  0.488 0.559
 37.208333  38.208333   22.88 0.000  4.21 0.000 9.999 0.259000 0.15 0.000000  1.038 0.000  1.308 0.000  1.832 0.000  14.721 0.000   4.362 0.000  10.359 0.000 0.041 0.000  0.784 0.000
 40.208333  41.208333   11.33 0.000  1.69 0.000 9.999 0.259000 9.99 0.259000  0.243 0.000  1.100 0.000  1.540 0.000   8.400 0.000   1.830 0.000   6.570 0.000 0.024 0.000  0.800 0.000
 43.208333  44.208333   12.61 0.000  2.54 0.000 9.999 0.259000 9.99 0.259000  0.448 0.000  0.614 0.000  0.860 0.000   8.982 0.000   3.478 0.000   5.504 0.000 0.027 0.000  0.506 0.000
 46.208333  47.208333   18.69 0.000  1.78 0.000 9.999 0.259000 0.11 0.000000  0.638 0.000  0.916 0.000  1.283 0.000  12.600 0.000   4.900 0.000   7.700 0.000 0.037 0.000  0.820 0.000
 49.208333  50.208333   18.59 0.000  1.98 0.000 9.999 0.259000 9.99 0.259000  0.232 0.000  4.013 0.000  5.618 0.000  15.539 0.000   5.556 0.000   9.983 0.000 0.071 0.000  0.638 0.000
 52.208333  53.208333   17.67 0.000  1.55 0.000 9.999 0.259000 9.99 0.259000  0.484 0.000  0.643 0.000  0.901 0.000   8.608 0.000   1.865 0.000   6.743 0.000 0.024 0.000  0.720 0.000
 55.208333  56.208333   31.39 0.000  3.33 0.000 9.999 0.259000 9.99 0.259000  0.326 0.000  2.395 0.000  3.353 0.000  15.956 0.000   3.993 0.000  11.963 0.000 0.096 0.000  1.245 0.000
 58.208333  59.208333   18.68 0.000  1.88 0.000 9.999 0.259000 9.99 0.259000  0.604 0.000  1.051 0.000  1.471 0.000  12.059 0.000   5.028 0.000   7.031 0.000 0.040 0.000  0.536 0.000
 61.208333  62.208333   18.50 0.000  1.93 0.000 9.999 0.259000 9.99 0.259000  0.323 0.559  0.647 0.000  0.905 0.000   8.911 0.000   3.104 0.000   5.806 0.000 0.027 0.000  0.720 0.559
 64.208333  65.208333   43.98 0.000  2.76 0.000 9.999 0.259000 0.38 0.000000  0.173 0.000  1.909 0.000  2.672 0.000  14.097 0.000   5.402 0.000   8.695 0.000 0.081 0.000  0.877 0.000
 67.208333  68.208333   16.66 0.000  1.21 0.000 9.999 0.259000 0.29 0.000000  0.102 0.000  2.263 0.000  3.168 0.000  12.323 0.000   3.759 0.000   8.564 0.000 0.037 0.000  0.895 0.000
 70.208333  71.208333   25.55 0.000  3.15 0.000 9.999 0.259000 0.25 0.000000  1.329 0.000  1.779 0.000  2.491 0.000  22.697 0.000   5.249 0.000  17.448 0.000 0.060 0.000  1.322 0.000
 73.208333  74.208333   49.02 0.000  2.31 0.000 9.999 0.259000 0.31 0.000000  0.270 0.000  1.460 0.000  2.045 0.000  16.493 0.000   4.572 0.000  11.921 0.000 0.059 0.000  1.552 0.000
 76.208333  77.208333   27.57 0.000  3.80 0.000 9.999 0.259000 0.28 0.000000  0.662 0.000  1.486 0.000  2.080 0.000  23.809 0.000   5.674 0.000  18.136 0.000 0.048 0.000  2.956 0.000
 79.208333  80.208333   86.50 0.000  1.92 0.000 9.999 0.259000 0.17 0.000000  0.548 0.000  0.924 0.000  1.294 0.000  12.849 0.000   2.361 0.000  10.489 0.000 0.026 0.000  1.694 0.000
 82.208333  83.208333   39.49 0.000  3.87 0.000 9.999 0.259000 0.29 0.000000  0.287 0.559  2.349 0.000  3.289 0.000  12.690 0.000   3.178 0.000   9.512 0.000 0.082 0.000  0.980 0.559
 85.208333  86.208333   56.24 0.559  2.95 0.559 9.999 0.559259 0.24 0.559000  0.404 0.000  0.888 0.000  1.243 0.000  11.905 0.000   2.531 0.000   9.374 0.559 0.034 0.559  1.567 0.000
 88.208333  89.208333   32.26 0.000  2.85 0.000 9.999 0.259000 0.14 0.000000  0.511 0.000  0.789 0.000  1.104 0.000   9.011 0.000   2.960 0.000   6.051 0.000 0.035 0.000  0.885 0.000
 91.208333  92.208333   42.50 0.000  2.72 0.000 9.999 0.259000 0.24 0.000000  0.293 0.000  1.337 0.000  1.872 0.000  13.412 0.000   4.026 0.000   9.386 0.000 0.042 0.000  1.074 0.000
 94.208333  95.208333   31.50 0.000  2.88 0.000 9.999 0.259000 0.32 0.000000  0.934 0.000  0.874 0.000  1.224 0.000  18.089 0.000   6.553 0.000  11.536 0.000 0.035 0.000  1.265 0.000
 97.208333  98.208333   63.67 0.000  2.34 0.000 9.999 0.259000 0.32 0.000000  0.149 0.000  1.602 0.000  2.242 0.000  20.710 0.000   7.455 0.000  13.255 0.000 0.072 0.000  1.920 0.000
100.208333 101.208333   54.79 0.000  4.34 0.000 9.999 0.259000 0.35 0.000000  0.135 0.000  1.486 0.000  2.080 0.000  17.587 0.000   5.081 0.000  12.506 0.000 0.061 0.000  1.948 0.000
103.208333 104.208333   27.97 0.000  2.16 0.000 9.999 0.259000 0.31 0.000000  0.380 0.000  1.064 0.000  1.489 0.000  12.985 0.000   3.089 0.000   9.896 0.000 0.036 0.000  1.579 0.000
106.208333 107.208333   29.85 0.000  1.41 0.000 9.999 0.259000 0.49 0.000000  0.103 0.000  1.301 0.000  1.821 0.000  16.503 0.000   6.000 0.000  10.504 0.000 0.077 0.000  1.569 0.000
109.208333 110.208333   25.36 0.000  2.46 0.000 9.999 0.259000 0.33 0.000000  0.339 0.000  1.301 0.000  1.821 0.000  13.072 0.000   4.500 0.000   8.572 0.000 0.051 0.000  1.046 0.000
112.208333 113.208333   28.52 0.559  2.87 0.559 9.999 0.559259 0.25 0.559000  0.437 0.000  1.002 0.000  1.403 0.000  10.443 0.000   3.483 0.000   6.960 0.559 0.034 0.559  1.074 0.000
115.208333 116.208333   88.18 0.000  1.50 0.000 9.999 0.259000 9.99 0.259000  0.211 0.000  0.753 0.000  1.054 0.000  20.089 0.000  14.838 0.000   5.251 0.000 0.060 0.000  0.447 0.000
118.208333 119.208333   12.56 0.559  1.71 0.559 9.999 0.559259 9.99 0.559259  0.067 0.559  0.636 0.000  0.890 0.000  12.944 0.000   2.827 0.000  10.117 0.559 0.015 0.559  2.022 0.559
121.208333 122.208333   38.09 0.000  2.95 0.000 9.999 0.259000 0.34 0.000000  0.341 0.000  1.149 0.000  1.609 0.000  16.560 0.000   5.819 0.000  10.740 0.000 0.081 0.000  1.554 0.000
124.208333 125.208333   56.31 0.000  4.42 0.000 9.999 0.259000 9.99 0.259000  0.109 0.000  1.752 0.000  2.453 0.000  19.552 0.000   5.079 0.000  14.473 0.000 0.065 0.000  2.186 0.000
127.208333 128.208333   52.35 0.000  1.57 0.000 9.999 0.259000 0.59 0.000000  0.357 0.000  1.666 0.000  2.333 0.000  18.039 0.000   7.285 0.000  10.754 0.000 0.072 0.000  1.416 0.000
130.208333 131.208333   49.25 0.000  3.52 0.000 9.999 0.259000 0.26 0.000000  0.121 0.000  1.653 0.000  2.314 0.000  18.861 0.000   7.936 0.000  10.925 0.000 0.064 0.000  1.291 0.000
133.208333 134.208333   16.27 0.000  1.62 0.000 9.999 0.259000 0.20 0.000000  0.212 0.000  0.753 0.000  1.054 0.000  10.359 0.000   3.723 0.000   6.636 0.000 0.022 0.000  0.935 0.000
136.208333 137.208333   26.71 0.000  3.20 0.000 9.999 0.259000 0.18 0.000000  0.335 0.000  1.175 0.000  1.644 0.000  15.046 0.000   6.483 0.000   8.563 0.000 0.039 0.000  0.824 0.000
139.208333 140.208333   23.75 0.000  2.35 0.000 9.999 0.259000 0.38 0.000000  0.512 0.000  1.105 0.000  1.547 0.000  10.127 0.000   3.183 0.000   6.944 0.000 0.044 0.000  0.825 0.000
142.208333 143.208333   59.68 0.000  2.75 0.000 9.999 0.259000 9.99 0.259000  0.140 0.000  1.818 0.000  2.545 0.000  24.491 0.000   9.323 0.000  15.167 0.000 0.047 0.000  2.372 0.000
145.208333 146.208333   15.67 0.000  2.52 0.000 9.999 0.259000 9.99 0.259000  0.887 0.000  1.251 0.000  1.751 0.000  14.834 0.000   4.417 0.000  10.417 0.000 0.022 0.000  1.551 0.000
148.208333 149.208333   30.81 0.000  0.84 0.000 9.999 0.259000 9.99 0.259000  0.401 0.000  1.884 0.000  2.638 0.000  23.792 0.000   7.843 0.000  15.949 0.000 0.062 0.000  2.202 0.000
151.208333 152.208333   63.22 0.000  2.66 0.000 9.999 0.259000 0.23 0.000000  0.233 0.000  2.551 0.000  3.571 0.000  25.707 0.000   7.218 0.000  18.489 0.000 0.079 0.000  2.287 0.000
154.208333 155.208333   71.35 0.000  1.68 0.000 9.999 0.259000 0.40 0.000000  0.122 0.000  4.277 0.000  5.987 0.000  35.501 0.000   7.729 0.000  27.772 0.000 0.178 0.000  3.043 0.000
157.208333 158.208333   27.62 0.000  2.08 0.000 0.103 0.000000 0.25 0.000000  0.557 0.000  0.968 0.000  1.355 0.000  22.025 0.000   6.794 0.000  15.231 0.000 0.027 0.000  3.054 0.000
160.208333 161.208333   39.58 0.000  2.40 0.000 9.999 0.259000 0.26 0.000000  0.103 0.000  3.039 0.000  4.255 0.000  23.587 0.000   4.854 0.000  18.733 0.000 0.055 0.000  2.400 0.000
163.208333 164.208333   21.44 0.000  1.16 0.000 9.999 0.259000 0.18 0.000000  0.400 0.000  1.238 0.000  1.733 0.000  19.593 0.000   6.213 0.000  13.380 0.000 0.043 0.000  2.115 0.000
166.208333 167.208333   16.69 0.000  1.63 0.000 9.999 0.259000 0.18 0.000000  0.079 0.000  1.837 0.000  2.572 0.000  12.401 0.000   4.768 0.000   7.633 0.000 0.035 0.000  0.790 0.000
169.208333 170.208333 9999.99 0.999 99.99 0.999 9.999 0.999000 9.99 0.999000 99.999 0.999 99.999 0.999 99.999 0.999 999.999 0.999 999.999 0.999 999.999 0.999 9.999 0.999 99.999 0.999
172.208333 173.208333   41.60 0.000  2.42 0.000 9.999 0.259000 0.25 0.000000  0.085 0.000  3.607 0.000  5.049 0.000  36.872 0.000   5.126 0.000  31.746 0.000 0.052 0.000  4.924 0.000
175.208333 176.208333   31.41 0.000  1.62 0.000 9.999 0.259000 0.19 0.000000  0.484 0.000  1.484 0.000  2.078 0.000  18.713 0.000   4.498 0.000  14.215 0.000 0.028 0.000  1.910 0.000
178.208333 179.208333   32.74 0.000  1.58 0.000 9.999 0.259000 0.30 0.000000  0.380 0.000  1.672 0.000  2.341 0.000  19.221 0.000   7.914 0.000  11.307 0.000 0.052 0.000  1.598 0.000
181.208333 182.208333  612.90 0.000  1.52 0.000 9.999 0.259000 0.38 0.000000  0.182 0.000  2.141 0.000  2.997 0.000  43.403 0.000  16.583 0.000  26.820 0.000 0.231 0.000  3.002 0.000
184.208333 185.208333  667.14 0.000  3.28 0.000 9.999 0.259000 0.17 0.000000  0.151 0.000  2.316 0.000  3.242 0.000  47.543 0.000  20.002 0.000  27.540 0.000 0.250 0.000  2.257 0.000
187.208333 188.208333   26.63 0.000  5.25 0.000 9.999 0.259000 9.99 0.259000  0.087 0.000  3.894 0.000  5.452 0.000 999.999 0.999 999.999 0.999  22.771 0.000 0.142 0.000  3.310 0.000
190.208333 191.208333   32.79 0.000  1.41 0.000 9.999 0.259000 9.99 0.259000  0.322 0.000  1.771 0.000  2.480 0.000  22.427 0.000   4.624 0.000  17.802 0.000 0.043 0.000  2.808 0.000
193.208333 194.208333   33.65 0.000  2.99 0.000 9.999 0.259000 9.99 0.259000  0.151 0.000  1.978 0.000  2.770 0.000  28.024 0.000   3.868 0.000  24.156 0.000 0.043 0.000  4.034 0.000
196.208333 197.208333   44.32 0.000  4.85 0.000 9.999 0.259000 9.99 0.259000  0.061 0.000  2.472 0.000  3.460 0.000  38.991 0.000   5.725 0.000  33.266 0.000 0.032 0.000  5.940 0.000
199.208333 200.208333   15.37 0.000  1.61 0.000 0.161 0.000000 9.99 0.259000  0.121 0.000  1.297 0.000  1.816 0.000  22.386 0.000   6.597 0.000  15.788 0.000 0.019 0.000  2.709 0.000
202.208333 203.208333   83.37 0.000  1.85 0.000 9.999 0.259000 0.29 0.000000  0.070 0.000  2.869 0.000  4.017 0.000  30.841 0.000   7.142 0.000  23.700 0.000 0.056 0.000  3.623 0.000
205.208333 206.208333   32.05 0.000  2.67 0.000 0.119 0.000000 9.99 0.259000  0.075 0.000  1.806 0.000  2.528 0.000  21.039 0.000   5.429 0.000  15.610 0.000 0.032 0.000  2.573 0.000
208.208333 209.208333 9999.99 0.999 99.99 0.999 9.999 0.999000 9.99 0.999000  0.070 0.000  1.845 0.000  2.583 0.000  20.139 0.000 999.999 0.999 999.999 0.999 9.999 0.999  2.172 0.000
211.208333 212.208333 9999.99 0.999 99.99 0.999 9.999 0.999000 9.99 0.999000  0.063 0.000 99.999 0.999 99.999 0.999  27.124 0.000 999.999 0.999 999.999 0.999 9.999 0.999  3.198 0.000
214.208333 215.208333 9999.99 0.999 99.99 0.999 9.999 0.999000 9.99 0.999000  0.057 0.000  3.484 0.000  4.878 0.000  45.817 0.000 999.999 0.999 999.999 0.999 9.999 0.999  8.013 0.000
217.208333 218.208333 9999.99 0.999 99.99 0.999 9.999 0.999000 9.99 0.999000  0.131 0.000  1.734 0.000  2.428 0.000  18.038 0.000 999.999 0.999 999.999 0.999 9.999 0.999  1.550 0.000
220.208333 221.208333   41.18 0.000  2.65 0.000 9.999 0.259000 0.37 0.000000  0.073 0.000  1.993 0.000  2.790 0.000  27.079 0.000   8.255 0.000  18.824 0.000 0.039 0.000  3.542 0.000
223.208333 224.208333   36.54 0.000  1.67 0.000 9.999 0.259000 9.99 0.259000  0.088 0.000  3.717 0.000  5.204 0.000  29.956 0.000   7.520 0.000  22.436 0.000 0.047 0.000  2.993 0.000
226.208333 227.208333   69.79 0.000  1.09 0.000 9.999 0.259000 9.99 0.259000  0.122 0.000  0.813 0.000  1.138 0.000  17.094 0.000   7.449 0.000   9.645 0.000 0.045 0.000  1.545 0.000
229.208333 230.208333   18.39 0.000  1.40 0.000 9.999 0.259000 0.31 0.000000  0.096 0.000  1.445 0.000  2.023 0.000  14.793 0.000   5.345 0.000   9.448 0.000 0.036 0.000  1.420 0.000
232.208333 233.208333   54.74 0.000  2.58 0.000 9.999 0.259000 0.31 0.000000  0.101 0.000  2.029 0.000  2.840 0.000  29.616 0.000   7.855 0.000  21.761 0.000 0.063 0.000  3.724 0.000
235.208333 236.208333   20.51 0.000  3.35 0.000 9.999 0.259000 0.21 0.000000  0.180 0.559  1.484 0.000  2.077 0.000  14.777 0.000   4.596 0.000  10.181 0.000 0.032 0.000  1.532 0.559
238.208333 239.208333   48.58 0.000  3.16 0.000 9.999 0.259000 0.34 0.000000  0.163 0.559  1.719 0.000  2.406 0.000  24.541 0.000   4.373 0.000  20.168 0.000 0.052 0.000  3.443 0.559
241.208333 242.208333   29.11 0.000  2.57 0.000 9.999 0.259000 0.36 0.000000  0.085 0.000  1.386 0.000  1.940 0.000  25.991 0.000   6.212 0.000  19.779 0.000 0.023 0.000  3.983 0.000
244.208333 245.208333   35.72 0.000  2.12 0.000 9.999 0.259000 9.99 0.259000  0.047 0.000  2.181 0.000  3.054 0.000  23.861 0.000   2.970 0.000  20.892 0.000 0.040 0.000  3.664 0.000
247.208333 248.208333   31.90 0.000  2.97 0.000 9.999 0.259000 9.99 0.259000  0.091 0.559  1.650 0.000  2.310 0.000  16.244 0.000   8.069 0.000   8.175 0.000 0.038 0.000  1.071 0.559
250.208333 251.208333   33.61 0.000  2.30 0.000 0.151 0.000000 9.99 0.259000  0.041 0.000  4.215 0.000  5.901 0.000  35.570 0.000   4.867 0.000  30.703 0.000 0.048 0.000  4.805 0.000
253.208333 254.208333   20.45 0.000  1.71 0.000 9.999 0.259000 9.99 0.259000  0.056 0.000  0.810 0.000  1.134 0.000  14.818 0.000   8.486 0.000   6.332 0.000 0.023 0.000  0.932 0.000
256.208333 257.208333   36.17 0.000  2.32 0.000 0.036 0.000000 9.99 0.259000  0.080 0.000  0.902 0.000  1.263 0.000  12.061 0.000   2.881 0.000   9.181 0.000 0.029 0.000  1.384 0.000
259.208333 260.208333   63.25 0.000  5.14 0.000 9.999 0.259000 0.36 0.000000  0.589 0.000  1.601 0.000  2.242 0.000  27.372 0.000   5.543 0.000  21.829 0.000 0.063 0.000  3.851 0.000
