scripts/IMPROVE-2019_partial/data/US0014R.19910102070000.20191216000000.filterpack...1y.3d.US03L_filterpack_US0014.US03L_IMPROVE_Davis.lev2.nas
52 1001
MISSING INFORMATION
US03L, IMPROVE, , , , , , , 
MISSING INFORMATION
IMPROVE sel_HTAP
1 1
1991 01 01 2019 12 16
0
days from file reference point
5
1 1 1 1 1
999.999999 999.999 9.999 999.999 9.999999
end_time of measurement, days from the file reference point
pm10_mass, ug/m3, Matrix=pm10
numflag pm10_mass, no unit, Matrix=pm10
pm25_mass, ug/m3, Matrix=pm25
numflag pm25_mass, no unit, Matrix=pm25
0
33
Data definition:              EBAS_1.1
Set type code:                TI
Timezone:                     UTC
File name:                    US0014R.19910102070000.20191216000000.filterpack...1y.3d.US03L_filterpack_US0014.US03L_IMPROVE_Davis.lev2.nas
File creation:                20191218115618
Startdate:                    19910102070000
Revision date:                20191216000000
Version:                      2
Version description:          "Data extracted from http://views.cira.colostate.edu/fed/DataWizard 2019-12-16"
Statistics:                   arithmetic mean
Data level:                   2
Period code:                  1y
Resolution code:              3d
Sample duration:              1d
Orig. time res.:              3d
Station code:                 US0014R
Platform code:                US0014S
Station name:                 Indian Gardens
Station latitude:             36.0778
Station longitude:            -112.1288
Station altitude:             1166.0 m
Regime:                       IMG
Component:                    
Unit:                         ug/m3
Matrix:                       
Laboratory code:              US03L
Instrument type:              filterpack
Instrument name:              filterpack_US0014
Method ref:                   US03L_IMPROVE_Davis
Blank correction:             Blank corrected
Volume std. temperature:      ambient
Volume std. pressure:         ambient
starttime endtime PM10 flag_PM10 PM2.5 flag_PM2.5
  1.291667   2.291667   6.767 0.000   5.975 0.559000
  4.291667   5.291667 999.999 0.999 999.999 0.999000
  8.291667   9.291667   8.391 0.000   7.350 0.559000
 11.291667  12.291667   7.954 0.000   7.855 0.559000
 15.291667  16.291667 999.999 0.999   3.448 0.559000
 18.291667  19.291667   2.885 0.000   2.382 0.559000
 22.291667  23.291667   5.620 0.000   3.302 0.559000
 25.291667  26.291667   4.047 0.000   2.956 0.559000
 29.291667  30.291667   4.307 0.000   2.226 0.559000
 32.291667  33.291667   5.092 0.000   2.741 0.559000
 36.291667  37.291667   5.110 0.000   2.866 0.559000
 39.291667  40.291667   6.875 0.000   4.206 0.559000
 43.291667  44.291667   6.704 0.000   4.206 0.559000
 46.291667  47.291667   8.636 0.000   4.486 0.559000
 50.291667  51.291667   4.030 0.000   1.567 0.559000
 53.291667  54.291667   7.034 0.000   3.770 0.559000
 57.291667  58.291667  11.788 0.000   5.474 0.559000
 60.291667  61.291667 999.999 0.999   1.560 0.559000
 64.291667  65.291667   7.668 0.000   1.964 0.559000
 67.291667  68.291667 999.999 0.999   2.530 0.559000
 71.291667  72.291667   8.688 0.000   3.000 0.559000
 74.291667  75.291667   5.740 0.000   1.636 0.559000
 78.291667  79.291667  11.291 0.000   4.554 0.559000
 81.291667  82.291667   5.047 0.000   2.548 0.559000
 85.291667  86.291667   5.919 0.000   2.862 0.559000
 88.291667  89.291667   7.954 0.000   4.013 0.559000
 92.291667  93.291667  16.565 0.000   5.120 0.559000
 95.291667  96.291667  11.651 0.000 999.999 0.559259
 99.291667 100.291667  14.461 0.000   7.050 0.559000
102.291667 103.291667  11.543 0.000   2.862 0.559000
106.291667 107.291667  12.476 0.000   5.701 0.559000
109.291667 110.291667  13.968 0.000   7.579 0.559000
113.291667 114.291667  16.540 0.000 999.999 0.559259
116.291667 117.291667  24.748 0.000   4.343 0.559000
120.291667 121.291667 999.999 0.999 999.999 0.999000
123.291667 124.291667 999.999 0.999 999.999 0.999000
127.291667 128.291667 999.999 0.999 999.999 0.999000
130.291667 131.291667 999.999 0.999 999.999 0.999000
134.291667 135.291667   7.857 0.000   3.645 0.559000
137.291667 138.291667  19.966 0.000   7.835 0.559000
141.291667 142.291667 999.999 0.999 999.999 0.999000
144.291667 145.291667 999.999 0.999   8.157 0.559000
148.291667 149.291667 999.999 0.999 999.999 0.999000
151.291667 152.291667 999.999 0.999 999.999 0.559259
155.291667 156.291667  13.004 0.000   5.413 0.559000
158.291667 159.291667  18.273 0.000   6.431 0.559000
162.291667 163.291667  21.107 0.000  10.060 0.559000
165.291667 166.291667  18.513 0.000   7.771 0.559000
169.291667 170.291667  15.775 0.000   9.299 0.559000
172.291667 173.291667  17.874 0.000   5.573 0.559000
176.291667 177.291667  20.727 0.000   6.489 0.559000
179.291667 180.291667  15.855 0.000   4.907 0.559000
183.291667 184.291667  17.979 0.000   7.439 0.559000
186.291667 187.291667  24.569 0.000   7.348 0.559000
190.291667 191.291667 999.999 0.999 999.999 0.999000
193.291667 194.291667 999.999 0.999 999.999 0.999000
197.291667 198.291667  22.943 0.000   6.883 0.559000
200.291667 201.291667  12.094 0.000   6.957 0.559000
204.291667 205.291667  15.035 0.000   4.665 0.559000
207.291667 208.291667  13.986 0.000   5.518 0.559000
211.291667 212.291667  14.484 0.000   6.420 0.559000
214.291667 215.291667  16.441 0.000   6.574 0.559000
218.291667 219.291667  13.071 0.000   5.191 0.559000
221.291667 222.291667  11.221 0.000   5.255 0.559000
225.291667 226.291667 999.999 0.999 999.999 0.999000
228.291667 229.291667 999.999 0.999 999.999 0.999000
232.291667 233.291667  17.347 0.000   9.880 0.559000
235.291667 236.291667  18.697 0.000   7.447 0.559000
239.291667 240.291667  13.799 0.000   6.502 0.559000
242.291667 243.291667  18.102 0.000   5.851 0.559000
246.291667 247.291667  11.295 0.000   4.831 0.559000
249.291667 250.291667   7.949 0.000   4.954 0.559000
253.291667 254.291667  18.467 0.000   5.728 0.559000
256.291667 257.291667  24.161 0.000   4.799 0.559000
260.291667 261.291667 999.999 0.999 999.999 0.999000
263.291667 264.291667 999.999 0.999 999.999 0.999000
267.291667 268.291667 999.999 0.999 999.999 0.999000
270.291667 271.291667 999.999 0.999 999.999 0.999000
274.291667 275.291667 999.999 0.999 999.999 0.999000
277.291667 278.291667 999.999 0.999 999.999 0.999000
281.291667 282.291667  18.483 0.000 999.999 0.559259
284.291667 285.291667  27.857 0.000   8.287 0.559000
288.291667 289.291667  17.812 0.000   6.573 0.559000
291.291667 292.291667  14.904 0.000   5.701 0.559000
295.291667 296.291667  17.265 0.000   6.546 0.559000
298.291667 299.291667  23.776 0.000   5.249 0.559000
302.291667 303.291667   8.379 0.000   2.862 0.559000
305.291667 306.291667   4.387 0.000   1.604 0.559000
309.291667 310.291667  18.026 0.000   2.656 0.559000
312.291667 313.291667  13.211 0.000   4.365 0.559000
316.291667 317.291667  14.000 0.000   3.541 0.559000
319.291667 320.291667 999.999 0.999 999.999 0.999000
323.291667 324.291667   5.232 0.000   1.316 0.559000
326.291667 327.291667   5.365 0.000   0.921 0.559000
330.291667 331.291667  14.368 0.000   2.079 0.559000
333.291667 334.291667   4.136 0.000   1.818 0.559000
337.291667 338.291667  11.143 0.000   2.379 0.559000
340.291667 341.291667  11.143 0.000   4.566 0.559000
344.291667 345.291667   5.207 0.000   3.779 0.559000
347.291667 348.291667   5.000 0.000   3.355 0.559000
351.291667 352.291667   9.960 0.000   5.417 0.559000
354.291667 355.291667   8.500 0.000   3.175 0.559000
358.291667 359.291667  14.375 0.000   6.295 0.559000
361.291667 362.291667   9.170 0.000   5.916 0.559000
