scripts/IMPROVE-2019_partial/data/US0027R.20010101070000.20191216000000.filterpack..pm25.52w.1w.US03L_filterpack_US0027.US03L_IMPROVE_Davis.lev2.nas
64 1001
MISSING INFORMATION
US03L, IMPROVE, , , , , , , 
MISSING INFORMATION
IMPROVE sel_HTAP
1 1
2001 01 01 2019 12 16
3.000000
days from file reference point
25
1 1 1 1 1 1 1 1 1 1 1 1 1 1 1 1 1 1 1 1 1 1 1 1 1
999.999999 9999.99 9.999 99.99 9.999999 9.999 9.999999 99.99 9.999999 9.999 9.999 99.999 9.999 99.999 9.999 999.999 9.999 999.999 9.999 999.999 9.999 9.999 9.999 9.999 9.999
end_time of measurement, days from the file reference point
iron, ng/m3, Revision date=20181210133000
numflag iron, no unit, Revision date=20181210133000
lead, ng/m3, Revision date=20181210133000
numflag lead, no unit, Revision date=20181210133000
magnesium, ug/m3, Revision date=20181210133000
numflag magnesium, no unit, Revision date=20181210133000
nickel, ng/m3, Revision date=20181210133000
numflag nickel, no unit, Revision date=20181210133000
nitrate, ug N/m3, Revision date=20181210133000
numflag nitrate, no unit, Revision date=20181210133000
organic_carbon, ug C/m3, Revision date=20181210133000
numflag organic_carbon, no unit, Revision date=20181210133000
organic_mass, ug/m3, Revision date=20181210133000
numflag organic_mass, no unit, Revision date=20181210133000
pm10_mass, ug/m3, Version=2, Version description=Data extracted from http://views.cira.colostate.edu/fed/DataWizard 2019-12-16, Sample duration=1d, Orig. time res.=3d, Matrix=pm10, Blank correction=Blank corrected, Volume std. temperature=ambient, Volume std. pressure=ambient
numflag pm10_mass, no unit, Version=2, Version description=Data extracted from http://views.cira.colostate.edu/fed/DataWizard 2019-12-16, Sample duration=1d, Orig. time res.=3d, Matrix=pm10, Blank correction=Blank corrected, Volume std. temperature=ambient, Volume std. pressure=ambient
pm10_pm25_mass, ug/m3, Revision date=20181210133000, Matrix=pm10_pm25
numflag pm10_pm25_mass, no unit, Revision date=20181210133000, Matrix=pm10_pm25
pm25_mass, ug/m3, Version=2, Version description=Data extracted from http://views.cira.colostate.edu/fed/DataWizard 2019-12-16, Sample duration=1d, Orig. time res.=3d, Blank correction=Blank corrected, Volume std. temperature=ambient, Volume std. pressure=ambient
numflag pm25_mass, no unit, Version=2, Version description=Data extracted from http://views.cira.colostate.edu/fed/DataWizard 2019-12-16, Sample duration=1d, Orig. time res.=3d, Blank correction=Blank corrected, Volume std. temperature=ambient, Volume std. pressure=ambient
potassium, ug/m3, Revision date=20181210133000
numflag potassium, no unit, Revision date=20181210133000
sulphate_total, ug S/m3, Revision date=20181210133000
numflag sulphate_total, no unit, Revision date=20181210133000
0
25
Data definition:              EBAS_1.1
Set type code:                TU
Timezone:                     UTC
File name:                    US0027R.20010101070000.20191216000000.filterpack..pm25.52w.1w.US03L_filterpack_US0027.US03L_IMPROVE_Davis.lev2.nas
File creation:                20191218115716
Startdate:                    20010101070000
Revision date:                20191216000000
Statistics:                   arithmetic mean
Data level:                   2
Period code:                  52w
Resolution code:              1w
Station code:                 US0027R
Platform code:                US0027S
Station name:                 Great Sand Dunes NM
Station latitude:             37.7249
Station longitude:            -105.5185
Station altitude:             2498.0 m
Regime:                       IMG
Component:                    
Matrix:                       pm25
Laboratory code:              US03L
Instrument type:              filterpack
Instrument name:              filterpack_US0027
Method ref:                   US03L_IMPROVE_Davis
starttime endtime Fe flag_Fe Pb flag_Pb Mg++ flag_Mg++ Ni flag_Ni NO3- flag_NO3- OC flag_OC OM flag_OM PM10 flag_PM10 PM10-PM2.5 flag_PM10-PM2.5 PM2.5 flag_PM2.5 K+ flag_K+ SO4-- flag_SO4--
[from data line 87]
261.291667 262.291667   24.40 0.000  0.29 0.000000 9.999 0.259000 99.99 0.259000 0.011 0.559  0.713 0.000  0.998 0.000   5.929 0.000   3.530 0.000   2.399 0.000 0.021 0.000 0.131 0.559
264.291667 265.291667   32.32 0.000  0.25 0.000000 9.999 0.259000  0.16 0.000000 0.017 0.000  0.903 0.000  1.264 0.000   9.125 0.000   5.622 0.000   3.503 0.000 0.036 0.000 0.262 0.000
267.291667 268.291667   54.48 0.000  0.75 0.000000 9.999 0.259000 99.99 0.259000 0.021 0.000  1.136 0.000  1.590 0.000  10.934 0.000   6.308 0.000   4.626 0.000 0.053 0.000 0.269 0.000
270.291667 271.291667   82.53 0.000  0.42 0.000000 9.999 0.259000 99.99 0.259000 0.016 0.000  1.382 0.000  1.935 0.000  16.813 0.000  11.710 0.000   5.103 0.000 0.056 0.000 0.306 0.000
273.291667 274.291667   14.90 0.000 99.99 0.259000 9.999 0.259000 99.99 0.259000 0.014 0.000  0.825 0.000  1.154 0.000   5.970 0.000   2.163 0.000   3.807 0.000 0.023 0.000 0.376 0.000
276.291667 277.291667   47.35 0.000  0.72 0.000000 9.999 0.259000 99.99 0.259000 0.022 0.000  0.730 0.000  1.022 0.000  12.711 0.000   8.706 0.000   4.005 0.000 0.047 0.000 0.279 0.000
279.291667 280.291667   28.67 0.000  0.35 0.000000 9.999 0.259000  0.19 0.000000 0.017 0.000  0.477 0.000  0.667 0.000  15.919 0.000  12.752 0.000   3.168 0.000 0.028 0.000 0.278 0.000
282.291667 283.291667   28.42 0.000  0.49 0.000000 9.999 0.259000  0.10 0.000000 0.013 0.000  0.288 0.000  0.403 0.000   4.575 0.000   2.894 0.000   1.682 0.000 0.023 0.000 0.125 0.000
285.291667 286.291667   32.59 0.000  0.24 0.000000 9.999 0.259000 99.99 0.259000 0.009 0.000  0.278 0.000  0.389 0.000   4.494 0.000   2.879 0.000   1.614 0.000 0.030 0.000 0.086 0.000
288.291667 289.291667   28.53 0.000  0.34 0.000000 9.999 0.259000 99.99 0.259000 0.013 0.000  0.352 0.000  0.493 0.000 999.999 0.456 999.999 0.999   2.080 0.000 0.032 0.000 0.118 0.000
291.291667 292.291667   23.89 0.000  0.20 0.000000 9.999 0.259000  0.10 0.000000 0.010 0.559  0.237 0.000  0.331 0.000 999.999 0.456 999.999 0.999   1.353 0.000 0.024 0.000 0.057 0.559
294.291667 295.291667   31.24 0.000  0.22 0.000000 9.999 0.259000 99.99 0.259000 0.010 0.000  0.267 0.000  0.374 0.000 999.999 0.456 999.999 0.999   1.854 0.000 0.030 0.000 0.101 0.000
297.291667 298.291667   87.98 0.000  0.39 0.000000 9.999 0.259000 99.99 0.259000 0.012 0.000  0.074 0.000  0.103 0.000   9.559 0.000   6.287 0.000   3.272 0.000 0.068 0.000 0.067 0.000
300.291667 301.291667   32.09 0.000  0.56 0.000000 9.999 0.259000  0.20 0.000000 0.016 0.000  0.875 0.000  1.225 0.000   8.383 0.000   3.575 0.000   4.808 0.000 0.032 0.000 0.466 0.000
303.291667 304.291667   90.44 0.000  0.46 0.000000 9.999 0.259000  0.17 0.000000 0.009 0.000  0.416 0.000  0.582 0.000  17.002 0.000  13.038 0.000   3.964 0.000 0.073 0.000 0.199 0.000
306.291667 307.291667   37.72 0.000  0.60 0.000000 9.999 0.259000 99.99 0.259000 0.075 0.000  0.438 0.000  0.613 0.000   7.543 0.000   4.777 0.000   2.766 0.000 0.037 0.000 0.211 0.000
309.291667 310.291667   23.98 0.000  0.21 0.000000 9.999 0.259000 99.99 0.259000 0.033 0.000  0.424 0.000  0.594 0.000   7.296 0.000   3.647 0.000   3.649 0.000 0.029 0.000 0.486 0.000
312.291667 313.291667   11.39 0.000 99.99 0.259000 9.999 0.259000  0.19 0.000000 0.024 0.000  0.392 0.000  0.549 0.000   3.592 0.000   2.029 0.000   1.563 0.000 0.014 0.000 0.107 0.000
315.291667 316.291667   28.35 0.000  0.51 0.000000 9.999 0.259000 99.99 0.259000 0.024 0.000  0.420 0.000  0.588 0.000   6.944 0.000   3.943 0.000   3.001 0.000 0.027 0.000 0.330 0.000
318.291667 319.291667   13.71 0.000  0.49 0.000000 9.999 0.259000  0.17 0.000000 0.084 0.000  0.275 0.000  0.385 0.000  14.128 0.000  11.904 0.000   2.225 0.000 0.015 0.000 0.273 0.000
321.291667 322.291667   33.10 0.000  0.33 0.000000 9.999 0.259000 99.99 0.259000 0.022 0.000  0.392 0.000  0.549 0.000  11.654 0.000   9.064 0.000   2.590 0.000 0.030 0.000 0.182 0.000
324.291667 325.291667   24.57 0.000  0.20 0.000000 9.999 0.259000 99.99 0.259000 0.012 0.000  0.177 0.000  0.248 0.000   4.126 0.000   2.849 0.000   1.277 0.000 0.031 0.000 0.056 0.000
327.291667 328.291667    6.55 0.000  0.19 0.000000 9.999 0.259000 99.99 0.259000 0.009 0.000  0.205 0.000  0.287 0.000   1.479 0.000   0.677 0.000   0.802 0.000 0.009 0.000 0.065 0.000
330.291667 331.291667    4.58 0.000  0.32 0.000000 9.999 0.259000  0.37 0.000000 0.030 0.000  0.181 0.000  0.254 0.000  13.409 0.000  11.867 0.000   1.542 0.000 0.009 0.000 0.183 0.000
333.291667 334.291667    6.65 0.000  0.22 0.000000 9.999 0.259000 99.99 0.259000 0.031 0.559  0.361 0.000  0.506 0.000   3.100 0.000   1.564 0.000   1.536 0.000 0.010 0.000 0.136 0.559
336.291667 337.291667    9.99 0.000  0.46 0.000000 9.999 0.259000 99.99 0.259000 0.015 0.559  0.512 0.000  0.716 0.000   3.227 0.000   1.889 0.000   1.338 0.000 0.010 0.000 0.074 0.559
339.291667 340.291667   26.96 0.000  0.53 0.000000 9.999 0.259000  0.43 0.000000 0.032 0.000  0.353 0.000  0.494 0.000   4.588 0.000   2.836 0.000   1.752 0.000 0.021 0.000 0.089 0.000
342.291667 343.291667 9999.99 0.999 99.99 0.999000 9.999 0.999000 99.99 0.999000 9.999 0.999 99.999 0.999 99.999 0.999 999.999 0.999 999.999 0.999 999.999 0.999 9.999 0.999 9.999 0.999
345.291667 346.291667   14.78 0.559  0.99 0.559000 9.999 0.559259 99.99 0.559259 0.114 0.000  0.576 0.000  0.807 0.000   6.076 0.000   3.338 0.000   2.739 0.559 0.022 0.559 0.228 0.000
348.291667 349.291667    8.80 0.000  1.07 0.000000 9.999 0.259000 99.99 0.259000 0.051 0.000  0.428 0.000  0.599 0.000   5.084 0.000   3.491 0.000   1.593 0.000 0.012 0.000 0.118 0.000
351.291667 352.291667   24.71 0.000  0.42 0.000000 9.999 0.259000  0.11 0.000000 0.023 0.000  0.216 0.000  0.302 0.000   3.945 0.000   2.361 0.000   1.584 0.000 0.021 0.000 0.095 0.000
354.291667 355.291667   42.91 0.000  0.93 0.000000 9.999 0.259000 99.99 0.259000 0.064 0.000  0.477 0.000  0.668 0.000   9.698 0.000   7.201 0.000   2.496 0.000 0.042 0.000 0.123 0.000
357.291667 358.291667    8.43 0.000  0.41 0.000000 9.999 0.259000  0.22 0.000000 0.053 0.000  0.148 0.000  0.207 0.000   2.744 0.000   1.922 0.000   0.822 0.000 0.008 0.000 0.058 0.000
360.291667 361.291667 9999.99 0.999 99.99 0.999000 9.999 0.999000 99.99 0.999000 9.999 0.999 99.999 0.999 99.999 0.999 999.999 0.999 999.999 0.999 999.999 0.999 9.999 0.999 9.999 0.999
363.291667 364.291667 9999.99 0.999 99.99 0.999000 9.999 0.999000 99.99 0.999000 9.999 0.999 99.999 0.999 99.999 0.999 999.999 0.999 999.999 0.999 999.999 0.999 9.999 0.999 9.999 0.999
