scripts/IMPROVE-2019_partial/data/US0040R.20020102060000.20191216000000.filterpack..pm25.52w.1w.US03L_filterpack_US0040.US03L_IMPROVE_Davis.lev2.nas
66 1001
MISSING INFORMATION
US03L, IMPROVE, , , , , , , 
MISSING INFORMATION
IMPROVE sel_HTAP
1 1
2002 01 01 2019 12 16
3.00
days from file reference point
27
1 1 1 1 1 1 1 1 1 1 1 1 1 1 1 1 1 1 1 1 1 1 1 1 1 1 1
999.99 9999.99 9.999999 999.99 9.999999 9.999 9.999999999 99.99 9.999999 99.999 9.999999 99.999 9.999 99.999 9.999 999.99 9.999999999 999.999 9.999 999.999 9.999 999.999 9.999 9.999 9.999999 99.999 9.999999
end_time of measurement, days from the file reference point
iron, ng/m3, Revision date=20181210133000
numflag iron, no unit, Revision date=20181210133000
lead, ng/m3, Revision date=20181210133000
numflag lead, no unit, Revision date=20181210133000
magnesium, ug/m3, Revision date=20181210133000
numflag magnesium, no unit, Revision date=20181210133000
nickel, ng/m3, Revision date=20181210133000
numflag nickel, no unit, Revision date=20181210133000
nitrate, ug N/m3, Revision date=20181210133000
numflag nitrate, no unit, Revision date=20181210133000
organic_carbon, ug C/m3, Revision date=20181210133000
numflag organic_carbon, no unit, Revision date=20181210133000
organic_mass, ug/m3, Revision date=20181210133000
numflag organic_mass, no unit, Revision date=20181210133000
phosphorus, ng/m3, Revision date=20181210133000
numflag phosphorus, no unit, Revision date=20181210133000
pm10_mass, ug/m3, Version=2, Version description=Data extracted from http://views.cira.colostate.edu/fed/DataWizard 2019-12-16, Sample duration=1d, Orig. time res.=3d, Matrix=pm10, Blank correction=Blank corrected, Volume std. temperature=ambient, Volume std. pressure=ambient
numflag pm10_mass, no unit, Version=2, Version description=Data extracted from http://views.cira.colostate.edu/fed/DataWizard 2019-12-16, Sample duration=1d, Orig. time res.=3d, Matrix=pm10, Blank correction=Blank corrected, Volume std. temperature=ambient, Volume std. pressure=ambient
pm10_pm25_mass, ug/m3, Revision date=20181210133000, Matrix=pm10_pm25
numflag pm10_pm25_mass, no unit, Revision date=20181210133000, Matrix=pm10_pm25
pm25_mass, ug/m3, Version=2, Version description=Data extracted from http://views.cira.colostate.edu/fed/DataWizard 2019-12-16, Sample duration=1d, Orig. time res.=3d, Blank correction=Blank corrected, Volume std. temperature=ambient, Volume std. pressure=ambient
numflag pm25_mass, no unit, Version=2, Version description=Data extracted from http://views.cira.colostate.edu/fed/DataWizard 2019-12-16, Sample duration=1d, Orig. time res.=3d, Blank correction=Blank corrected, Volume std. temperature=ambient, Volume std. pressure=ambient
potassium, ug/m3, Revision date=20181210133000
numflag potassium, no unit, Revision date=20181210133000
sulphate_total, ug S/m3, Revision date=20181210133000
numflag sulphate_total, no unit, Revision date=20181210133000
0
25
Data definition:              EBAS_1.1
Set type code:                TU
Timezone:                     UTC
File name:                    US0040R.20020102060000.20191216000000.filterpack..pm25.52w.1w.US03L_filterpack_US0040.US03L_IMPROVE_Davis.lev2.nas
File creation:                20191218115753
Startdate:                    20020102060000
Revision date:                20191216000000
Statistics:                   arithmetic mean
Data level:                   2
Period code:                  52w
Resolution code:              1w
Station code:                 US0040R
Platform code:                US0040S
Station name:                 Cadiz
Station latitude:             36.7842
Station longitude:            -87.8501
Station altitude:             191.0 m
Regime:                       IMG
Component:                    
Matrix:                       pm25
Laboratory code:              US03L
Instrument type:              filterpack
Instrument name:              filterpack_US0040
Method ref:                   US03L_IMPROVE_Davis
starttime endtime Fe flag_Fe Pb flag_Pb Mg++ flag_Mg++ Ni flag_Ni NO3- flag_NO3- OC flag_OC OM flag_OM P flag_P PM10 flag_PM10 PM10-PM2.5 flag_PM10-PM2.5 PM2.5 flag_PM2.5 K+ flag_K+ SO4-- flag_SO4--
[from data line 75]
226.25 227.25   63.17 0.000000   0.56 0.000000 9.999 0.259000000  0.25 0.000000  0.111 0.000000  1.291 0.000  1.807 0.000 999.99 0.259000000  12.318 0.000   6.997 0.000   5.321 0.000 0.068 0.000000  0.499 0.000000
229.25 230.25   23.97 0.000000   1.06 0.000000 9.999 0.259000000  0.29 0.000000  0.057 0.000000  1.849 0.000  2.588 0.000 999.99 0.259000000  15.088 0.000   7.211 0.000   7.876 0.000 0.034 0.000000  0.898 0.000000
232.25 233.25   27.06 0.000000  19.38 0.000000 0.042 0.000000000  0.25 0.000000  0.041 0.000000  3.408 0.000  4.771 0.000 999.99 0.259000000  27.075 0.000  10.952 0.000  16.123 0.000 0.071 0.000000  1.908 0.000000
235.25 236.25   40.44 0.559394   1.43 0.559394 9.999 0.559394259  0.23 0.559394  0.066 0.559394  2.811 0.000  3.936 0.000 999.99 0.559394259  27.590 0.000  11.818 0.000  15.772 0.559 0.059 0.559394  2.086 0.559394
238.25 239.25   36.89 0.000000   2.00 0.000000 0.106 0.000000000  0.32 0.000000  0.145 0.559000  2.271 0.000  3.179 0.000 999.99 0.259000000  31.331 0.000   6.770 0.000  24.561 0.000 0.039 0.000000  4.436 0.559000
241.25 242.25   38.83 0.000000   4.27 0.000000 9.999 0.259000000  0.34 0.000000  0.123 0.000000  2.405 0.000  3.367 0.000 999.99 0.259000000  25.991 0.000   5.717 0.000  20.274 0.000 0.034 0.000000  3.367 0.000000
244.25 245.25    9.17 0.000000   1.25 0.000000 9.999 0.259000000 99.99 0.259000  0.027 0.000000  1.928 0.000  2.699 0.000 999.99 0.259000000  16.917 0.000   2.940 0.000  13.977 0.000 0.040 0.000000  2.230 0.000000
247.25 248.25   88.00 0.000000   2.53 0.000000 0.095 0.000000000  0.26 0.000000  0.076 0.000000  2.458 0.000  3.441 0.000 999.99 0.259000000  26.961 0.000  13.539 0.000  13.422 0.000 0.048 0.000000  1.804 0.000000
250.25 251.25   40.28 0.000000   3.17 0.000000 9.999 0.259000000  0.70 0.000000  0.052 0.000000  4.592 0.000  6.429 0.000 999.99 0.259000000  36.834 0.000   7.233 0.000  29.601 0.000 0.059 0.000000  4.447 0.000000
253.25 254.25   37.17 0.000000   2.83 0.000000 0.070 0.000000000  0.23 0.000000  0.088 0.000000  2.141 0.000  2.998 0.000 999.99 0.259000000  31.920 0.000  13.970 0.000  17.950 0.000 0.044 0.000000  2.885 0.000000
256.25 257.25   26.08 0.000000   1.23 0.000000 9.999 0.259000000 99.99 0.259000  0.085 0.559000  1.468 0.000  2.055 0.000 999.99 0.259000000  13.320 0.000   4.823 0.000   8.497 0.000 0.033 0.000000  1.136 0.559000
259.25 260.25   29.23 0.000000   1.56 0.000000 9.999 0.259000000  0.36 0.000000  0.186 0.000000  2.488 0.000  3.483 0.000 999.99 0.259000000  23.676 0.000   4.333 0.000  19.343 0.000 0.063 0.000000  3.144 0.000000
262.25 263.25   23.53 0.000000   1.73 0.000000 9.999 0.259000000  0.44 0.000000  0.031 0.000000  1.223 0.000  1.712 0.000 999.99 0.259000000  14.782 0.000   4.660 0.000  10.122 0.000 0.038 0.000000  1.544 0.000000
265.25 266.25   32.38 0.000000   1.55 0.000000 9.999 0.259000000 99.99 0.259000  0.068 0.000000  1.751 0.000  2.452 0.000 999.99 0.259000000  12.711 0.000   6.493 0.000   6.218 0.000 0.028 0.000000  0.568 0.000000
268.25 269.25   22.60 0.000000   1.91 0.000000 9.999 0.259000000 99.99 0.259000  0.222 0.000000  1.141 0.000  1.598 0.000 999.99 0.259000000   9.492 0.000   2.016 0.000   7.476 0.000 0.034 0.000000  0.942 0.000000
271.25 272.25   30.95 0.000000   2.35 0.000000 9.999 0.259000000  0.86 0.000000  0.196 0.559000  2.991 0.000  4.188 0.000 999.99 0.259000000  23.039 0.000   4.363 0.000  18.676 0.000 0.032 0.000000  2.957 0.559000
274.25 275.25   20.39 0.000000   1.81 0.000000 9.999 0.259000000  0.21 0.000000  0.110 0.000000  2.867 0.000  4.013 0.000 999.99 0.259000000  19.453 0.000   7.285 0.000  12.167 0.000 0.061 0.000000  1.533 0.000000
277.25 278.25   13.96 0.000000   1.01 0.000000 0.018 0.000000000  0.32 0.000000  0.040 0.000000  1.150 0.000  1.610 0.000 999.99 0.259000000  12.010 0.000   7.186 0.000   4.823 0.000 0.025 0.000000  0.513 0.000000
280.25 281.25   27.96 0.000000   1.93 0.000000 0.015 0.000000000  0.14 0.000000  0.237 0.000000  4.640 0.000  6.496 0.000 999.99 0.259000000  17.191 0.000   5.839 0.000  11.352 0.000 0.046 0.000000  0.642 0.000000
283.25 284.25    8.60 0.000000   1.08 0.000000 0.023 0.000000000 99.99 0.259000  0.270 0.000000  1.462 0.000  2.047 0.000 999.99 0.259000000  11.168 0.000   3.582 0.000   7.586 0.000 0.011 0.000000  0.841 0.000000
286.25 287.25   20.11 0.000000   1.66 0.000000 9.999 0.259000000  0.14 0.000000  0.187 0.000000  1.492 0.000  2.089 0.000 999.99 0.259000000  11.095 0.000   5.080 0.000   6.015 0.000 0.033 0.000000  0.579 0.000000
289.25 290.25   24.79 0.000000   2.41 0.000000 9.999 0.259000000 99.99 0.259000  0.168 0.000000  2.178 0.000  3.049 0.000 999.99 0.259000000  15.738 0.000   8.499 0.000   7.239 0.000 0.040 0.000000  0.583 0.000000
292.25 293.25   14.69 0.000000   2.11 0.000000 0.017 0.000000000 99.99 0.259000  0.614 0.000000  1.496 0.000  2.095 0.000 999.99 0.259000000  11.450 0.000   3.652 0.000   7.798 0.000 0.032 0.000000  0.817 0.000000
295.25 296.25   52.89 0.000000   5.39 0.000000 9.999 0.259000000  0.16 0.000000  0.972 0.000000  3.663 0.000  5.128 0.000 999.99 0.259000000  27.819 0.000   8.759 0.000  19.060 0.000 0.056 0.000000  1.934 0.000000
298.25 299.25   16.28 0.000000   3.33 0.000000 0.052 0.000000000  0.16 0.000000  0.372 0.000000  1.989 0.000  2.785 0.000 999.99 0.259000000  16.560 0.000   3.550 0.000  13.010 0.000 0.026 0.000000  1.778 0.000000
301.25 302.25   11.02 0.000000   2.41 0.000000 0.030 0.000000000 99.99 0.259000  0.163 0.000000  1.049 0.000  1.469 0.000 999.99 0.259000000   8.783 0.000   2.016 0.000   6.767 0.000 0.018 0.000000  1.001 0.000000
304.25 305.25   17.75 0.000000   1.69 0.000000 9.999 0.259000000 99.99 0.259000  0.479 0.000000  1.054 0.000  1.475 0.000 999.99 0.259000000  11.822 0.000   2.923 0.000   8.899 0.000 0.023 0.000000  1.068 0.000000
307.25 308.25   11.94 0.000000   1.77 0.000000 0.050 0.000000000  0.17 0.000000  0.179 0.000000  1.010 0.000  1.414 0.000 999.99 0.259000000   6.944 0.000   1.289 0.000   5.655 0.000 0.014 0.000000  0.686 0.000000
310.25 311.25   21.12 0.000000   2.44 0.000000 9.999 0.259000000  0.05 0.000000  0.234 0.000000  1.573 0.000  2.202 0.000 999.99 0.259000000  10.108 0.000   2.580 0.000   7.528 0.000 0.032 0.000000  0.920 0.000000
313.25 314.25   19.92 0.000000   1.01 0.000000 9.999 0.259000000  0.27 0.000000  0.071 0.000000  1.277 0.000  1.788 0.000 999.99 0.259000000  15.278 0.000   9.164 0.000   6.114 0.000 0.033 0.000000  0.823 0.000000
316.25 317.25   13.99 0.000000   2.40 0.000000 9.999 0.259000000  0.06 0.000000  0.372 0.000000  1.597 0.000  2.236 0.000 999.99 0.259000000  11.300 0.000   3.743 0.000   7.557 0.000 0.032 0.000000  0.949 0.000000
319.25 320.25   12.22 0.000000   1.40 0.000000 9.999 0.259000000  0.12 0.000000  0.361 0.000000  0.895 0.000  1.254 0.000 999.99 0.259000000   8.309 0.000   1.657 0.000   6.651 0.000 0.021 0.000000  0.878 0.000000
322.25 323.25   16.23 0.000000   1.70 0.000000 0.015 0.000000000  0.19 0.000000  0.435 0.559000  2.341 0.000  3.278 0.000 999.99 0.259000000  10.422 0.000   3.287 0.000   7.136 0.000 0.043 0.000000  0.444 0.559000
325.25 326.25    6.18 0.000000   0.85 0.000000 9.999 0.259000000 99.99 0.259000  0.421 0.000000  0.966 0.000  1.353 0.000 999.99 0.259000000   8.929 0.000   2.681 0.000   6.247 0.000 0.019 0.000000  0.678 0.000000
328.25 329.25   15.62 0.000000   2.87 0.000000 9.999 0.259000000  0.15 0.000000  0.746 0.000000  1.735 0.000  2.428 0.000 999.99 0.259000000  14.674 0.000   3.499 0.000  11.175 0.000 0.049 0.000000  0.950 0.000000
331.25 332.25   20.30 0.000000   1.90 0.000000 9.999 0.259000000  0.09 0.000000  0.552 0.000000  1.259 0.000  1.763 0.000 999.99 0.259000000  12.600 0.000   2.837 0.000   9.763 0.000 0.041 0.000000  1.073 0.000000
334.25 335.25   15.85 0.000000   0.79 0.000000 9.999 0.259000000 99.99 0.259000  0.179 0.000000  0.870 0.000  1.218 0.000  16.32 0.000000000  11.726 0.000   7.542 0.000   4.184 0.000 0.043 0.000000  0.252 0.000000
337.25 338.25   45.15 0.000000   2.30 0.000000 0.022 0.000000000 99.99 0.259000  0.317 0.559000  0.922 0.000  1.291 0.000 999.99 0.259000000   8.534 0.000   2.061 0.000   6.474 0.000 0.041 0.000000  0.689 0.559000
340.25 341.25   30.67 0.000000   3.43 0.000000 9.999 0.259000000 99.99 0.259000  1.132 0.559000  1.839 0.000  2.574 0.000 999.99 0.259000000  18.047 0.000   3.924 0.000  14.123 0.000 0.063 0.000000  0.855 0.559000
343.25 344.25   44.49 0.000000   5.38 0.000000 9.999 0.259000000  0.08 0.000000  1.154 0.000000  1.563 0.000  2.188 0.000 999.99 0.259000000  16.378 0.000   2.504 0.000  13.874 0.000 0.066 0.000000  0.875 0.000000
346.25 347.25   22.64 0.000000   0.79 0.000000 9.999 0.259000000 99.99 0.259000  0.222 0.000000  0.615 0.000  0.861 0.000 999.99 0.259000000   6.531 0.000   0.269 0.000   6.262 0.000 0.020 0.000000  1.072 0.000000
349.25 350.25   21.05 0.000000   1.68 0.000000 9.999 0.259000000  0.31 0.000000  0.357 0.000000  2.019 0.000  2.827 0.000 999.99 0.259000000  11.547 0.000   3.396 0.000   8.151 0.000 0.059 0.000000  0.873 0.000000
352.25 353.25   12.17 0.000000   0.59 0.000000 9.999 0.259000000  0.25 0.000000  0.209 0.000000  1.059 0.000  1.482 0.000 999.99 0.259000000   7.884 0.000   1.147 0.000   6.737 0.000 0.039 0.000000  0.819 0.000000
355.25 356.25   11.91 0.000000   1.85 0.000000 9.999 0.259000000 99.99 0.259000  0.221 0.000000  0.945 0.000  1.323 0.000 999.99 0.259000000   7.972 0.000   3.987 0.000   3.985 0.000 0.039 0.000000  0.362 0.000000
358.25 359.25   13.97 0.000000   1.84 0.000000 0.030 0.000000000 99.99 0.259000  0.965 0.000000  0.786 0.000  1.100 0.000 999.99 0.259000000  15.102 0.000   4.479 0.000  10.623 0.000 0.037 0.000000  0.822 0.000000
361.25 362.25   14.10 0.000000   1.89 0.000000 9.999 0.259000000 99.99 0.259000  0.406 0.000000  1.447 0.000  2.026 0.000 999.99 0.259000000   7.606 0.000   1.362 0.000   6.244 0.000 0.045 0.000000  0.433 0.000000
364.25 365.25   16.82 0.000000   0.90 0.000000 9.999 0.259000000  0.16 0.000000  0.058 0.000000  0.826 0.000  1.157 0.000 999.99 0.259000000   6.810 0.000   1.874 0.000   4.936 0.000 0.029 0.000000  0.634 0.000000
