scripts/IMPROVE-2019_partial/data/US0086R.20120101050000.20191216000000.filterpack...52w.3d.US03L_filterpack_US0086.US03L_IMPROVE_Davis.lev2.nas
52 1001
MISSING INFORMATION
US03L, IMPROVE, , , , , , , 
MISSING INFORMATION
IMPROVE sel_HTAP
1 1
2012 01 01 2019 12 16
3.000000
days from file reference point
5
1 1 1 1 1
999.999999 999.999 9.999 999.999 9.999
end_time of measurement, days from the file reference point
pm10_mass, ug/m3, Matrix=pm10
numflag pm10_mass, no unit, Matrix=pm10
pm25_mass, ug/m3, Matrix=pm25
numflag pm25_mass, no unit, Matrix=pm25
0
33
Data definition:              EBAS_1.1
Set type code:                TU
Timezone:                     UTC
File name:                    US0086R.20120101050000.20191216000000.filterpack...52w.3d.US03L_filterpack_US0086.US03L_IMPROVE_Davis.lev2.nas
File creation:                20191218120114
Startdate:                    20120101050000
Revision date:                20191216000000
Version:                      2
Version description:          "Data extracted from http://views.cira.colostate.edu/fed/DataWizard 2019-12-16"
Statistics:                   arithmetic mean
Data level:                   2
Period code:                  52w
Resolution code:              3d
Sample duration:              1d
Orig. time res.:              3d
Station code:                 US0086R
Platform code:                US0086S
Station name:                 Dolly Sods Wilderness
Station latitude:             39.1053
Station longitude:            -79.4261
Station altitude:             1182.0 m
Regime:                       IMG
Component:                    
Unit:                         ug/m3
Matrix:                       
Laboratory code:              US03L
Instrument type:              filterpack
Instrument name:              filterpack_US0086
Method ref:                   US03L_IMPROVE_Davis
Blank correction:             Blank corrected
Volume std. temperature:      ambient
Volume std. pressure:         ambient
starttime endtime PM10 flag_PM10 PM2.5 flag_PM2.5
  0.208333   1.208333   4.786 0.000   3.395 0.000
  3.208333   4.208333 999.999 0.456   3.059 0.000
  6.208333   7.208333   9.458 0.000   5.781 0.000
  9.208333  10.208333   8.994 0.000   5.794 0.000
 12.208333  13.208333   5.219 0.000   3.438 0.000
 15.208333  16.208333   3.616 0.000   2.416 0.000
 18.208333  19.208333   5.125 0.000   2.392 0.000
 21.208333  22.208333   5.748 0.000   5.047 0.000
 24.208333  25.208333   6.541 0.000   4.434 0.000
 27.208333  28.208333   4.957 0.000   3.881 0.000
 30.208333  31.208333   7.759 0.000   3.864 0.000
 33.208333  34.208333   5.620 0.000   3.555 0.000
 36.208333  37.208333   6.058 0.000   4.704 0.000
 39.208333  40.208333   6.677 0.000   5.291 0.000
 42.208333  43.208333   4.203 0.000   3.395 0.000
 45.208333  46.208333   3.771 0.000   3.103 0.000
 48.208333  49.208333   6.619 0.000   5.061 0.000
 51.208333  52.208333   7.084 0.000   3.830 0.000
 54.208333  55.208333   8.453 0.000   4.351 0.000
 57.208333  58.208333   7.361 0.000   4.593 0.000
 60.208333  61.208333  12.003 0.000   4.845 0.000
 63.208333  64.208333   6.749 0.000   4.993 0.000
 66.208333  67.208333   6.687 0.000   4.836 0.000
 69.208333  70.208333   4.110 0.000   2.778 0.000
 72.208333  73.208333   9.162 0.000   5.561 0.000
 75.208333  76.208333   4.086 0.000   2.623 0.000
 78.208333  79.208333   7.232 0.000   5.341 0.000
 81.208333  82.208333  12.560 0.000   9.332 0.000
 84.208333  85.208333   7.261 0.000   4.983 0.000
 87.208333  88.208333  15.754 0.000   8.647 0.000
 90.208333  91.208333   9.829 0.000   6.730 0.000
 93.208333  94.208333   6.066 0.000   2.604 0.000
 96.208333  97.208333   5.445 0.000   2.088 0.000
 99.208333 100.208333   9.343 0.000   4.058 0.000
102.208333 103.208333   8.112 0.000   5.523 0.000
105.208333 106.208333  16.373 0.000  11.665 0.000
108.208333 109.208333   7.027 0.000   3.787 0.000
111.208333 112.208333   9.505 0.000   4.932 0.000
114.208333 115.208333  10.513 0.000   4.190 0.000
117.208333 118.208333   7.597 0.000   4.630 0.000
120.208333 121.208333  14.126 0.000   7.826 0.000
123.208333 124.208333  17.054 0.000  10.344 0.000
126.208333 127.208333  12.727 0.000   8.038 0.000
129.208333 130.208333   9.582 0.000   5.882 0.000
132.208333 133.208333  10.551 0.000   5.313 0.000
135.208333 136.208333   9.955 0.000   6.114 0.000
138.208333 139.208333   8.545 0.000   4.699 0.000
141.208333 142.208333   3.418 0.000   1.748 0.000
144.208333 145.208333  13.542 0.000   7.112 0.000
147.208333 148.208333  26.865 0.000  17.653 0.659
150.208333 151.208333  12.857 0.000   7.225 0.659
153.208333 154.208333   9.285 0.000   4.717 0.000
156.208333 157.208333   5.925 0.000   3.890 0.000
159.208333 160.208333   9.261 0.000   6.607 0.000
162.208333 163.208333   8.285 0.000   5.875 0.659
165.208333 166.208333   7.677 0.000   4.563 0.000
168.208333 169.208333  10.359 0.000   6.670 0.000
171.208333 172.208333  17.937 0.000  14.412 0.659
174.208333 175.208333   9.616 0.000   7.300 0.659
177.208333 178.208333   7.802 0.000   3.572 0.659
180.208333 181.208333  28.195 0.000  16.173 0.659
183.208333 184.208333 999.999 0.999 999.999 0.999
186.208333 187.208333  14.680 0.000  11.660 0.659
189.208333 190.208333  23.271 0.000  16.386 0.659
192.208333 193.208333  12.745 0.000  10.105 0.659
195.208333 196.208333   6.375 0.000   4.424 0.659
198.208333 199.208333  17.603 0.000  14.444 0.659
201.208333 202.208333   4.870 0.000   3.520 0.000
204.208333 205.208333  13.295 0.000   9.918 0.659
207.208333 208.208333  15.675 0.000   9.717 0.000
210.208333 211.208333  10.621 0.000   9.030 0.000
213.208333 214.208333  12.471 0.000  10.188 0.000
216.208333 217.208333  13.407 0.000  10.733 0.000
219.208333 220.208333  14.064 0.000  10.349 0.000
222.208333 223.208333   6.362 0.000   4.609 0.000
225.208333 226.208333   9.184 0.000   7.502 0.000
228.208333 229.208333  12.672 0.000  10.704 0.000
231.208333 232.208333   6.659 0.000   5.393 0.000
234.208333 235.208333  10.213 0.000   8.624 0.000
237.208333 238.208333  13.506 0.000  11.136 0.000
240.208333 241.208333  12.266 0.000   9.673 0.000
243.208333 244.208333  13.388 0.000   9.845 0.000
246.208333 247.208333   6.086 0.000   4.409 0.000
249.208333 250.208333  11.185 0.000   9.476 0.000
252.208333 253.208333   4.906 0.000   3.418 0.000
255.208333 256.208333   8.296 0.000   5.601 0.000
258.208333 259.208333   7.253 0.000   4.416 0.000
261.208333 262.208333   2.288 0.000   1.491 0.000
264.208333 265.208333   9.064 0.000   6.415 0.000
267.208333 268.208333   3.773 0.000   2.609 0.000
270.208333 271.208333  10.136 0.000   7.844 0.000
273.208333 274.208333   9.705 0.000   7.025 0.000
276.208333 277.208333   6.857 0.000   4.690 0.000
279.208333 280.208333   6.633 0.000   4.834 0.000
282.208333 283.208333   2.480 0.000   1.806 0.000
285.208333 286.208333   7.596 0.000   4.348 0.000
288.208333 289.208333   6.201 0.000   4.931 0.000
291.208333 292.208333   7.862 0.000   5.508 0.000
294.208333 295.208333   4.280 0.000   3.859 0.000
297.208333 298.208333  12.238 0.000   7.937 0.000
300.208333 301.208333   5.793 0.000   4.922 0.000
303.208333 304.208333 999.999 0.999 999.999 0.999
306.208333 307.208333 999.999 0.999 999.999 0.999
309.208333 310.208333   7.989 0.000   7.530 0.000
312.208333 313.208333   8.973 0.000   6.648 0.000
315.208333 316.208333   5.869 0.000   3.579 0.000
318.208333 319.208333   6.706 0.000   5.464 0.000
321.208333 322.208333   4.328 0.000   3.102 0.000
324.208333 325.208333   8.169 0.000   6.295 0.000
327.208333 328.208333   7.644 0.000   5.796 0.000
330.208333 331.208333   7.719 0.000   4.200 0.000
333.208333 334.208333   8.253 0.000   6.231 0.000
336.208333 337.208333   7.870 0.000   6.376 0.000
339.208333 340.208333   3.701 0.000   2.690 0.000
342.208333 343.208333   5.419 0.000   4.585 0.000
345.208333 346.208333   2.987 0.000   2.900 0.000
348.208333 349.208333   3.646 0.000   2.538 0.000
351.208333 352.208333   2.399 0.000   1.546 0.000
354.208333 355.208333   5.003 0.000   4.023 0.000
357.208333 358.208333   4.468 0.000   3.231 0.000
360.208333 361.208333   2.229 0.000   1.447 0.000
363.208333 364.208333   2.858 0.000   2.728 0.000
