scripts/IMPROVE-2019_partial/data/US0048R.20070103060000.20191216000000.filterpack...1y.3d.US03L_filterpack_US0048.US03L_IMPROVE_Davis.lev2.nas
52 1001
MISSING INFORMATION
US03L, IMPROVE, , , , , , , 
MISSING INFORMATION
IMPROVE sel_HTAP
1 1
2007 01 01 2019 12 16
3.00
days from file reference point
5
1 1 1 1 1
999.99 999.999 9.999 999.999 9.999
end_time of measurement, days from the file reference point
pm10_mass, ug/m3, Matrix=pm10
numflag pm10_mass, no unit, Matrix=pm10
pm25_mass, ug/m3, Matrix=pm25
numflag pm25_mass, no unit, Matrix=pm25
0
33
Data definition:              EBAS_1.1
Set type code:                TU
Timezone:                     UTC
File name:                    US0048R.20070103060000.20191216000000.filterpack...1y.3d.US03L_filterpack_US0048.US03L_IMPROVE_Davis.lev2.nas
File creation:                20191218115819
Startdate:                    20070103060000
Revision date:                20191216000000
Version:                      2
Version description:          "Data extracted from http://views.cira.colostate.edu/fed/DataWizard 2019-12-16"
Statistics:                   arithmetic mean
Data level:                   2
Period code:                  1y
Resolution code:              3d
Sample duration:              1d
Orig. time res.:              3d
Station code:                 US0048R
Platform code:                US0048S
Station name:                 Boundary Waters Canoe Area
Station latitude:             47.9466
Station longitude:            -91.4955
Station altitude:             526.0 m
Regime:                       IMG
Component:                    
Unit:                         ug/m3
Matrix:                       
Laboratory code:              US03L
Instrument type:              filterpack
Instrument name:              filterpack_US0048
Method ref:                   US03L_IMPROVE_Davis
Blank correction:             Blank corrected
Volume std. temperature:      ambient
Volume std. pressure:         ambient
starttime endtime PM10 flag_PM10 PM2.5 flag_PM2.5
  2.25   3.25 999.999 0.999 999.999 0.999
  5.25   6.25 999.999 0.999 999.999 0.999
  8.25   9.25 999.999 0.999 999.999 0.999
 11.25  12.25   1.724 0.000   1.361 0.000
 14.25  15.25   1.595 0.000   1.385 0.000
 17.25  18.25  10.574 0.000  10.050 0.000
 20.25  21.25   9.262 0.000   8.886 0.000
 23.25  24.25   2.964 0.000   2.951 0.000
 26.25  27.25   2.901 0.000   1.805 0.000
 29.25  30.25   1.749 0.000   1.326 0.000
 32.25  33.25   3.171 0.000   2.476 0.000
 35.25  36.25   2.894 0.000   2.123 0.000
 38.25  39.25   2.459 0.000   1.821 0.000
 41.25  42.25   3.384 0.000   2.909 0.000
 44.25  45.25   3.309 0.000   2.427 0.000
 47.25  48.25   3.860 0.000   2.490 0.000
 50.25  51.25   5.817 0.000   5.234 0.000
 53.25  54.25   2.943 0.000   2.042 0.000
 56.25  57.25   2.008 0.000   1.304 0.000
 59.25  60.25 999.999 0.999 999.999 0.999
 62.25  63.25 999.999 0.999 999.999 0.999
 65.25  66.25   2.418 0.000   1.946 0.000
 68.25  69.25   5.213 0.000   4.859 0.000
 71.25  72.25   4.771 0.000   3.575 0.000
 74.25  75.25   3.009 0.000   2.388 0.000
 77.25  78.25   4.484 0.000   3.869 0.000
 80.25  81.25   3.603 0.000   3.037 0.000
 83.25  84.25   5.434 0.000   4.729 0.000
 86.25  87.25   1.537 0.000   1.011 0.000
 89.25  90.25   2.997 0.000   2.765 0.000
 92.25  93.25   2.125 0.000   1.446 0.000
 95.25  96.25   2.858 0.000   2.462 0.000
 98.25  99.25   2.587 0.000   2.196 0.000
101.25 102.25 999.999 0.999 999.999 0.999
104.25 105.25 999.999 0.999 999.999 0.999
107.25 108.25 999.999 0.999 999.999 0.999
110.25 111.25   9.154 0.000   7.931 0.000
113.25 114.25   2.675 0.000   2.101 0.000
116.25 117.25   5.377 0.000   4.273 0.000
119.25 120.25   3.781 0.000   3.087 0.000
122.25 123.25   3.188 0.000   2.278 0.000
125.25 126.25   5.168 0.000   2.791 0.000
128.25 129.25   8.328 0.000   5.680 0.000
131.25 132.25   4.191 0.000   2.952 0.000
134.25 135.25   5.493 0.000   4.445 0.000
137.25 138.25  11.078 0.000   5.858 0.000
140.25 141.25   5.545 0.000   3.875 0.000
143.25 144.25   5.955 0.000 999.999 0.456
146.25 147.25   2.218 0.000   1.086 0.000
149.25 150.25  13.185 0.000  10.705 0.000
152.25 153.25   5.515 0.000   3.821 0.000
155.25 156.25   2.800 0.000   1.869 0.000
158.25 159.25   6.454 0.000   4.198 0.000
161.25 162.25  15.726 0.000  10.289 0.000
164.25 165.25  20.172 0.000  16.584 0.000
167.25 168.25   6.243 0.000   4.646 0.000
170.25 171.25   6.034 0.000   4.028 0.000
173.25 174.25   8.183 0.000   7.001 0.000
176.25 177.25  12.614 0.000   9.484 0.000
179.25 180.25   3.422 0.000   2.476 0.000
182.25 183.25   6.993 0.000   5.534 0.000
185.25 186.25   7.284 0.000   6.851 0.000
188.25 189.25   9.114 0.000   6.707 0.000
191.25 192.25   3.284 0.000   1.927 0.000
194.25 195.25   4.388 0.000   2.775 0.000
197.25 198.25   7.674 0.000   6.751 0.000
200.25 201.25   2.891 0.000   2.116 0.000
203.25 204.25  11.990 0.000   9.377 0.000
206.25 207.25 999.999 0.456 999.999 0.456
209.25 210.25 999.999 0.456 999.999 0.456
212.25 213.25 999.999 0.999 999.999 0.999
215.25 216.25 999.999 0.999 999.999 0.999
218.25 219.25 999.999 0.999 999.999 0.999
221.25 222.25   8.852 0.000   6.904 0.000
224.25 225.25   2.780 0.000   1.716 0.000
227.25 228.25   2.010 0.000   0.872 0.000
230.25 231.25   2.084 0.000   1.740 0.000
233.25 234.25  11.914 0.000  11.051 0.000
236.25 237.25   2.340 0.000   1.494 0.000
239.25 240.25   7.986 0.000   5.484 0.000
242.25 243.25   4.829 0.000   3.654 0.000
245.25 246.25   2.831 0.000   1.960 0.000
248.25 249.25   9.181 0.000   7.062 0.000
251.25 252.25   1.858 0.000   0.800 0.000
254.25 255.25 999.999 0.999 999.999 0.999
257.25 258.25   3.256 0.000   1.581 0.000
260.25 261.25  12.053 0.000   9.997 0.000
263.25 264.25   8.030 0.000   6.232 0.000
266.25 267.25  15.551 0.000  11.692 0.000
269.25 270.25   5.483 0.000   3.483 0.000
272.25 273.25  13.603 0.000   8.691 0.000
275.25 276.25   6.162 0.000   2.874 0.000
278.25 279.25   2.809 0.000   1.024 0.000
281.25 282.25   0.828 0.000   0.185 0.000
284.25 285.25   3.112 0.000   2.408 0.000
287.25 288.25   2.600 0.000   1.999 0.000
290.25 291.25   4.521 0.000   2.797 0.000
293.25 294.25   5.526 0.000   3.473 0.000
296.25 297.25   4.285 0.000 999.999 0.456
299.25 300.25   3.800 0.000 999.999 0.456
302.25 303.25  16.253 0.000   7.905 0.000
305.25 306.25   9.187 0.000 999.999 0.456
308.25 309.25   2.072 0.000 999.999 0.456
311.25 312.25   3.982 0.000   3.677 0.000
314.25 315.25  16.881 0.000  14.055 0.000
317.25 318.25   5.041 0.000   1.365 0.000
320.25 321.25 999.999 0.999 999.999 0.999
323.25 324.25   2.289 0.000   2.076 0.000
326.25 327.25   5.319 0.000   3.187 0.000
329.25 330.25   2.620 0.000   1.775 0.000
332.25 333.25   5.340 0.000   3.154 0.000
335.25 336.25   0.873 0.000   0.807 0.000
338.25 339.25   1.532 0.000   1.275 0.000
341.25 342.25 999.999 0.999 999.999 0.999
344.25 345.25 999.999 0.999 999.999 0.999
347.25 348.25 999.999 0.999 999.999 0.999
350.25 351.25  10.196 0.000   8.715 0.000
353.25 354.25   7.681 0.000   7.298 0.000
356.25 357.25   3.499 0.000   3.203 0.000
359.25 360.25 999.999 0.999 999.999 0.999
362.25 363.25   2.748 0.000   2.574 0.000
