scripts/IMPROVE-2019_partial/data/US0068R.20070103060000.20191216000000.filterpack...1y.3d.US03L_filterpack_US0068.US03L_IMPROVE_Davis.lev2.nas
51 1001
MISSING INFORMATION
US03L, IMPROVE, , , , , , , 
MISSING INFORMATION
IMPROVE sel_HTAP
1 1
2007 01 01 2019 12 16
3.00
days from file reference point
4
1 1 1 1
999.99 999.999 999.999 9.999
end_time of measurement, days from the file reference point
pm10_mass, ug/m3, Matrix=pm10
pm25_mass, ug/m3, Matrix=pm25
numflag, no unit
0
33
Data definition:              EBAS_1.1
Set type code:                TU
Timezone:                     UTC
File name:                    US0068R.20070103060000.20191216000000.filterpack...1y.3d.US03L_filterpack_US0068.US03L_IMPROVE_Davis.lev2.nas
File creation:                20191218115953
Startdate:                    20070103060000
Revision date:                20191216000000
Version:                      2
Version description:          "Data extracted from http://views.cira.colostate.edu/fed/DataWizard 2019-12-16"
Statistics:                   arithmetic mean
Data level:                   2
Period code:                  1y
Resolution code:              3d
Sample duration:              1d
Orig. time res.:              3d
Station code:                 US0068R
Platform code:                US0068S
Station name:                 Cherokee Nation
Station latitude:             36.9562
Station longitude:            -97.0313
Station altitude:             342.0 m
Regime:                       IMG
Component:                    
Unit:                         ug/m3
Matrix:                       
Laboratory code:              US03L
Instrument type:              filterpack
Instrument name:              filterpack_US0068
Method ref:                   US03L_IMPROVE_Davis
Blank correction:             Blank corrected
Volume std. temperature:      ambient
Volume std. pressure:         ambient
starttime endtime PM10 PM2.5 flag
  2.25   3.25   9.810   5.595 0.000
  5.25   6.25   4.141   2.422 0.000
  8.25   9.25   5.271   2.179 0.000
 11.25  12.25  14.456   7.751 0.000
 14.25  15.25   6.459   4.484 0.000
 17.25  18.25  11.308   6.494 0.000
 20.25  21.25   5.975   5.214 0.000
 23.25  24.25  14.412  11.744 0.000
 26.25  27.25   6.160   3.474 0.000
 29.25  30.25   8.851   2.179 0.000
 32.25  33.25   7.483   3.045 0.000
 35.25  36.25  18.283  10.324 0.000
 38.25  39.25  21.878  12.907 0.000
 41.25  42.25  31.155  19.091 0.000
 44.25  45.25  13.534   8.937 0.000
 47.25  48.25   5.764   4.401 0.000
 50.25  51.25  17.278   9.951 0.000
 53.25  54.25  27.979  11.090 0.000
 56.25  57.25   8.633   3.863 0.000
 59.25  60.25  17.352   6.186 0.000
 62.25  63.25  23.504   3.760 0.000
 65.25  66.25  45.207  19.739 0.000
 68.25  69.25  30.038  13.496 0.000
 71.25  72.25  20.834  13.959 0.000
 74.25  75.25  11.484   4.188 0.000
 77.25  78.25  22.421  15.908 0.000
 80.25  81.25  18.402   9.090 0.000
 83.25  84.25  14.892   6.822 0.000
 86.25  87.25  13.875   9.006 0.000
 89.25  90.25   5.496   1.997 0.000
 92.25  93.25  13.947   5.707 0.000
 95.25  96.25   9.297   5.273 0.000
 98.25  99.25  27.532   8.470 0.000
101.25 102.25  16.335  12.435 0.000
104.25 105.25   9.157   4.447 0.000
107.25 108.25  38.685   7.889 0.000
110.25 111.25  32.538  13.601 0.000
113.25 114.25  21.424  13.177 0.000
116.25 117.25  14.694   4.522 0.000
119.25 120.25  22.904   9.041 0.000
122.25 123.25   9.966   5.435 0.000
125.25 126.25  20.541  12.429 0.000
128.25 129.25   8.711   4.154 0.000
131.25 132.25  24.782   7.238 0.000
134.25 135.25  12.476   6.300 0.000
137.25 138.25  57.975   8.501 0.000
140.25 141.25  44.376  15.916 0.000
143.25 144.25  19.361   4.795 0.000
146.25 147.25  12.162   7.379 0.000
149.25 150.25   8.699   3.688 0.000
152.25 153.25  10.941   3.570 0.000
155.25 156.25  32.646  10.859 0.000
158.25 159.25  40.526   7.083 0.000
161.25 162.25  23.548  11.273 0.000
164.25 165.25  17.829  13.507 0.000
167.25 168.25  12.205   7.319 0.000
170.25 171.25 999.999 999.999 0.999
173.25 174.25  23.314  10.659 0.000
176.25 177.25  13.784   5.389 0.000
179.25 180.25   7.305   4.853 0.000
182.25 183.25  11.983   6.961 0.000
185.25 186.25  16.186   6.375 0.000
188.25 189.25  31.605  10.432 0.000
191.25 192.25  22.187   4.884 0.000
194.25 195.25  19.251   6.725 0.000
197.25 198.25  37.017  11.231 0.000
200.25 201.25  51.333   9.400 0.000
203.25 204.25  21.659   9.035 0.000
206.25 207.25  60.076  19.153 0.000
209.25 210.25  20.832   7.662 0.000
212.25 213.25  50.513  21.702 0.000
215.25 216.25  43.017  18.048 0.000
218.25 219.25  68.677  14.891 0.000
221.25 222.25  55.101  16.744 0.000
224.25 225.25  59.730  16.568 0.000
227.25 228.25  80.115  29.636 0.000
230.25 231.25  11.098   6.479 0.000
233.25 234.25  24.372   7.906 0.000
236.25 237.25  11.057   5.407 0.000
239.25 240.25  28.948  14.140 0.000
242.25 243.25  22.709   8.452 0.000
245.25 246.25  38.810  16.494 0.000
248.25 249.25  23.842   7.083 0.000
251.25 252.25  16.010   8.588 0.000
254.25 255.25  34.138   6.020 0.000
257.25 258.25  27.994   4.932 0.000
260.25 261.25  32.344  12.655 0.000
263.25 264.25  59.045  21.304 0.000
266.25 267.25  42.492  16.890 0.000
269.25 270.25  28.511   8.959 0.000
272.25 273.25  35.034   8.444 0.000
275.25 276.25  15.719   3.865 0.000
278.25 279.25  18.418   8.244 0.000
281.25 282.25  16.935   3.734 0.000
284.25 285.25  40.828   6.778 0.000
287.25 288.25   4.998   2.577 0.000
290.25 291.25  16.604   3.101 0.000
293.25 294.25  17.713   4.140 0.000
296.25 297.25  11.317   2.317 0.000
299.25 300.25  25.854   5.578 0.000
302.25 303.25  30.963   9.507 0.000
305.25 306.25  40.165   7.457 0.000
308.25 309.25  26.891   6.063 0.000
311.25 312.25  88.737  14.462 0.000
314.25 315.25  22.328   9.343 0.000
317.25 318.25 999.999 999.999 0.999
320.25 321.25  64.060  10.785 0.000
323.25 324.25  25.058  11.289 0.000
326.25 327.25  22.090   5.941 0.000
329.25 330.25  24.238  10.006 0.000
332.25 333.25  43.714   5.836 0.000
335.25 336.25   9.038   5.642 0.000
338.25 339.25  17.924  10.609 0.000
341.25 342.25   8.115   7.630 0.000
344.25 345.25   2.272   1.820 0.000
347.25 348.25  14.543  13.104 0.000
350.25 351.25   7.345   5.786 0.000
353.25 354.25  12.877   9.856 0.000
356.25 357.25   4.879   3.592 0.000
359.25 360.25 999.999 999.999 0.999
362.25 363.25  13.972  12.982 0.000
