scripts/IMPROVE-2019_partial/data/US0037R.20040101050000.20191216000000.filterpack..pm25.52w.1w.US03L_filterpack_US0037.US03L_IMPROVE_Davis.lev2.nas
64 1001
MISSING INFORMATION
US03L, IMPROVE, , , , , , , 
MISSING INFORMATION
IMPROVE sel_HTAP
1 1
2004 01 01 2019 12 16
3.000000
days from file reference point
25
1 1 1 1 1 1 1 1 1 1 1 1 1 1 1 1 1 1 1 1 1 1 1 1 1
999.999999 9999.99 9.999 999.99 9.999 9.999 9.999999 9.99 9.999 99.999 9.999999 99.999 9.999 99.999 9.999 999.999 9.999 999.999 9.999 999.999 9.999 9.999 9.999 99.999 9.999999
end_time of measurement, days from the file reference point
iron, ng/m3, Revision date=20181210133000
numflag iron, no unit, Revision date=20181210133000
lead, ng/m3, Revision date=20181210133000
numflag lead, no unit, Revision date=20181210133000
magnesium, ug/m3, Revision date=20181210133000
numflag magnesium, no unit, Revision date=20181210133000
nickel, ng/m3, Revision date=20181210133000
numflag nickel, no unit, Revision date=20181210133000
nitrate, ug N/m3, Revision date=20181210133000
numflag nitrate, no unit, Revision date=20181210133000
organic_carbon, ug C/m3, Revision date=20181210133000
numflag organic_carbon, no unit, Revision date=20181210133000
organic_mass, ug/m3, Revision date=20181210133000
numflag organic_mass, no unit, Revision date=20181210133000
pm10_mass, ug/m3, Version=2, Version description=Data extracted from http://views.cira.colostate.edu/fed/DataWizard 2019-12-16, Sample duration=1d, Orig. time res.=3d, Matrix=pm10, Blank correction=Blank corrected, Volume std. temperature=ambient, Volume std. pressure=ambient
numflag pm10_mass, no unit, Version=2, Version description=Data extracted from http://views.cira.colostate.edu/fed/DataWizard 2019-12-16, Sample duration=1d, Orig. time res.=3d, Matrix=pm10, Blank correction=Blank corrected, Volume std. temperature=ambient, Volume std. pressure=ambient
pm10_pm25_mass, ug/m3, Revision date=20181210133000, Matrix=pm10_pm25
numflag pm10_pm25_mass, no unit, Revision date=20181210133000, Matrix=pm10_pm25
pm25_mass, ug/m3, Version=2, Version description=Data extracted from http://views.cira.colostate.edu/fed/DataWizard 2019-12-16, Sample duration=1d, Orig. time res.=3d, Blank correction=Blank corrected, Volume std. temperature=ambient, Volume std. pressure=ambient
numflag pm25_mass, no unit, Version=2, Version description=Data extracted from http://views.cira.colostate.edu/fed/DataWizard 2019-12-16, Sample duration=1d, Orig. time res.=3d, Blank correction=Blank corrected, Volume std. temperature=ambient, Volume std. pressure=ambient
potassium, ug/m3, Revision date=20181210133000
numflag potassium, no unit, Revision date=20181210133000
sulphate_total, ug S/m3, Revision date=20181210133000
numflag sulphate_total, no unit, Revision date=20181210133000
0
25
Data definition:              EBAS_1.1
Set type code:                TU
Timezone:                     UTC
File name:                    US0037R.20040101050000.20191216000000.filterpack..pm25.52w.1w.US03L_filterpack_US0037.US03L_IMPROVE_Davis.lev2.nas
File creation:                20191218115746
Startdate:                    20040101050000
Revision date:                20191216000000
Statistics:                   arithmetic mean
Data level:                   2
Period code:                  52w
Resolution code:              1w
Station code:                 US0037R
Platform code:                US0037S
Station name:                 Livonia
Station latitude:             38.5346
Station longitude:            -86.2604
Station altitude:             281.0 m
Regime:                       IMG
Component:                    
Matrix:                       pm25
Laboratory code:              US03L
Instrument type:              filterpack
Instrument name:              filterpack_US0037
Method ref:                   US03L_IMPROVE_Davis
starttime endtime Fe flag_Fe Pb flag_Pb Mg++ flag_Mg++ Ni flag_Ni NO3- flag_NO3- OC flag_OC OM flag_OM PM10 flag_PM10 PM10-PM2.5 flag_PM10-PM2.5 PM2.5 flag_PM2.5 K+ flag_K+ SO4-- flag_SO4--
[from data line 86]
258.208333 259.208333   23.36 0.000   1.19 0.000 0.155 0.000000 0.31 0.000  0.063 0.559000  1.979 0.000  2.770 0.000  17.217 0.000   5.088 0.000  12.129 0.000 0.042 0.000  1.651 0.559000
261.208333 262.208333   18.26 0.000  13.47 0.000 9.999 0.259000 0.28 0.000  0.036 0.559000  0.921 0.000  1.289 0.000   8.342 0.000   5.383 0.000   2.958 0.000 0.027 0.000  0.216 0.559000
264.208333 265.208333   31.92 0.000   3.55 0.000 9.999 0.259000 9.99 0.259  0.048 0.559000  1.771 0.000  2.479 0.000  15.064 0.000   5.225 0.000   9.839 0.000 0.043 0.000  1.160 0.559000
267.208333 268.208333   57.21 0.000   2.08 0.000 9.999 0.259000 0.27 0.000  0.077 0.559000  2.855 0.000  3.997 0.000  32.201 0.000  10.456 0.000  21.745 0.000 0.073 0.000  3.151 0.559000
270.208333 271.208333   37.98 0.000   4.89 0.000 0.594 0.000000 0.28 0.000  0.123 0.559000  1.784 0.000  2.498 0.000  26.786 0.000   5.423 0.000  21.363 0.000 0.040 0.000  3.978 0.559000
273.208333 274.208333   22.64 0.000   2.58 0.000 9.999 0.259000 0.34 0.000  0.333 0.559000  1.242 0.000  1.739 0.000  18.382 0.000   6.058 0.000  12.325 0.000 0.042 0.000  2.331 0.559000
276.208333 277.208333   27.39 0.000   2.84 0.000 9.999 0.259000 9.99 0.259  0.097 0.000000  0.772 0.000  1.080 0.000   8.598 0.000   4.542 0.000   4.056 0.000 0.041 0.000  0.411 0.000000
279.208333 280.208333   40.73 0.000   2.59 0.000 9.999 0.259000 0.20 0.000  0.069 0.559000  1.070 0.000  1.498 0.000  15.088 0.000   7.101 0.000   7.986 0.000 0.047 0.000  1.140 0.559000
282.208333 283.208333   41.29 0.000   2.89 0.000 0.119 0.000000 0.29 0.000  0.200 0.559000  3.443 0.000  4.820 0.000  30.449 0.000   6.952 0.000  23.497 0.000 0.067 0.000  3.362 0.559000
285.208333 286.208333   38.98 0.000   2.89 0.000 9.999 0.259000 0.25 0.000  0.262 0.559000  1.166 0.000  1.632 0.000  15.156 0.000   5.117 0.000  10.039 0.000 0.043 0.000  1.284 0.559000
288.208333 289.208333   13.47 0.000   1.50 0.000 9.999 0.259000 0.22 0.000  0.119 0.000000 99.999 0.999 99.999 0.999   9.036 0.000   4.650 0.000   4.386 0.000 0.014 0.000  0.620 0.000000
291.208333 292.208333   16.00 0.000   1.90 0.000 9.999 0.259000 0.26 0.000  0.135 0.000000  0.509 0.000  0.713 0.000   7.323 0.000   2.153 0.000   5.170 0.000 0.042 0.000  0.495 0.000000
294.208333 295.208333   33.01 0.000   2.89 0.000 9.999 0.259000 0.34 0.000  0.797 0.000000  1.093 0.000  1.530 0.000  24.285 0.000   8.606 0.000  15.678 0.000 0.024 0.000  2.885 0.000000
297.208333 298.208333    8.14 0.000   1.84 0.000 9.999 0.259000 0.17 0.000  0.108 0.000000  0.741 0.000  1.037 0.000   8.732 0.000   5.534 0.000   3.198 0.000 0.020 0.000  0.446 0.000000
300.208333 301.208333   25.24 0.000   2.40 0.000 9.999 0.259000 0.15 0.000  0.802 0.000000  1.398 0.000  1.957 0.000  21.254 0.000   5.483 0.000  15.772 0.000 0.034 0.000  2.252 0.000000
303.208333 304.208333   19.86 0.000   0.80 0.000 9.999 0.259000 0.24 0.000  0.029 0.000000  1.104 0.000  1.545 0.000  14.346 0.000   7.805 0.000   6.541 0.000 0.036 0.000  0.868 0.000000
306.208333 307.208333   12.98 0.000   0.97 0.000 0.096 0.000000 9.99 0.259  0.045 0.000000  0.708 0.000  0.991 0.000   7.863 0.000   3.071 0.000   4.792 0.000 0.022 0.000  0.819 0.000000
309.208333 310.208333   15.49 0.000   1.61 0.000 9.999 0.259000 9.99 0.259  0.456 0.000000  0.988 0.000  1.383 0.000  10.354 0.000   5.673 0.000   4.681 0.000 0.043 0.000  0.441 0.000000
312.208333 313.208333   14.85 0.000   2.07 0.000 9.999 0.259000 9.99 0.259  0.102 0.559000  1.007 0.000  1.409 0.000   6.734 0.000   3.745 0.000   2.989 0.000 0.044 0.000  0.189 0.559000
315.208333 316.208333   30.81 0.000   2.32 0.000 9.999 0.259000 0.23 0.000  0.250 0.559000  1.994 0.000  2.792 0.000  13.429 0.000   4.794 0.000   8.634 0.000 0.062 0.000  0.621 0.559000
318.208333 319.208333   28.61 0.000   4.85 0.000 0.137 0.000000 0.39 0.000  0.257 0.000000  1.383 0.000  1.936 0.000   8.935 0.000   3.168 0.000   5.767 0.000 0.042 0.000  0.623 0.000000
321.208333 322.208333   65.15 0.000   3.97 0.000 9.999 0.259000 0.30 0.000  0.307 0.000000  1.748 0.000  2.447 0.000  20.038 0.000   8.181 0.000  11.857 0.000 0.075 0.000  1.260 0.000000
324.208333 325.208333   18.03 0.000   6.49 0.000 0.120 0.000000 0.18 0.000  0.369 0.000000  1.049 0.000  1.469 0.000  17.256 0.000   6.487 0.000  10.768 0.000 0.046 0.000  1.461 0.000000
327.208333 328.208333   30.80 0.000   5.17 0.000 9.999 0.259000 0.39 0.000  0.886 0.000000  1.121 0.000  1.569 0.000  22.087 0.000   7.415 0.000  14.672 0.000 0.044 0.000  1.958 0.000000
330.208333 331.208333   13.97 0.000   1.33 0.000 0.109 0.000000 9.99 0.259  0.175 0.000000  0.780 0.000  1.092 0.000   6.566 0.000   2.563 0.000   4.003 0.000 0.027 0.000  0.339 0.000000
333.208333 334.208333   29.45 0.000   5.00 0.000 0.145 0.000000 0.18 0.000  0.497 0.000000  1.371 0.000  1.919 0.000  14.226 0.000   3.339 0.000  10.887 0.000 0.049 0.000  1.206 0.000000
336.208333 337.208333   30.71 0.000   2.14 0.000 9.999 0.259000 0.20 0.000  0.389 0.559000  1.012 0.000  1.417 0.000   8.712 0.000   3.022 0.000   5.690 0.000 0.047 0.000  0.447 0.559000
339.208333 340.208333   37.26 0.000   2.76 0.000 9.999 0.259000 0.12 0.000  0.250 0.559000  2.048 0.000  2.867 0.000  12.174 0.000   4.556 0.000   7.617 0.000 0.057 0.000  0.594 0.559000
342.208333 343.208333   34.51 0.000   2.65 0.000 0.062 0.000000 0.19 0.000  0.628 0.559000  0.970 0.000  1.359 0.000  12.759 0.000   3.248 0.000   9.511 0.000 0.030 0.000  1.095 0.559000
345.208333 346.208333    5.55 0.000   0.77 0.000 9.999 0.259000 9.99 0.259  0.111 0.559000  0.314 0.000  0.440 0.000   4.560 0.000   0.966 0.000   3.594 0.000 0.011 0.000  0.644 0.559000
348.208333 349.208333   18.36 0.000   1.91 0.000 0.229 0.000000 0.19 0.000  0.611 0.559000  0.691 0.000  0.967 0.000  13.396 0.000   5.465 0.000   7.932 0.000 0.036 0.000  0.764 0.559000
351.208333 352.208333   31.93 0.000   4.37 0.000 9.999 0.259000 0.19 0.000  1.698 0.559000  1.995 0.000  2.793 0.000  24.941 0.000   9.111 0.000  15.830 0.000 0.111 0.000  0.735 0.559000
354.208333 355.208333   23.69 0.000   1.73 0.000 0.117 0.000000 0.14 0.000  0.405 0.559000  0.876 0.000  1.227 0.000   9.400 0.000   4.328 0.000   5.072 0.000 0.038 0.000  0.316 0.559000
357.208333 358.208333 9999.99 0.999 999.99 0.999 9.999 0.999000 9.99 0.999 99.999 0.999000 99.999 0.999 99.999 0.999 999.999 0.999 999.999 0.999 999.999 0.999 9.999 0.999 99.999 0.999000
360.208333 361.208333   24.70 0.000   2.41 0.000 9.999 0.259000 0.22 0.000  1.086 0.559000  1.334 0.000  1.868 0.000  16.091 0.000   0.813 0.000  15.278 0.000 0.063 0.000  1.189 0.559000
363.208333 364.208333 9999.99 0.999 999.99 0.999 9.999 0.999000 9.99 0.999 99.999 0.999000 99.999 0.999 99.999 0.999 999.999 0.999 999.999 0.999 999.999 0.999 9.999 0.999 99.999 0.999000
