scripts/IMPROVE-2019_partial/data/US0014R.19940101070000.20191216000000.filterpack...1y.3d.US03L_filterpack_US0014.US03L_IMPROVE_Davis.lev2.nas
51 1001
MISSING INFORMATION
US03L, IMPROVE, , , , , , , 
MISSING INFORMATION
IMPROVE sel_HTAP
1 1
1994 01 01 2019 12 16
0
days from file reference point
4
1 1 1 1
999.999999 999.999 999.999 9.999
end_time of measurement, days from the file reference point
pm10_mass, ug/m3, Matrix=pm10
pm25_mass, ug/m3, Matrix=pm25
numflag, no unit
0
33
Data definition:              EBAS_1.1
Set type code:                TI
Timezone:                     UTC
File name:                    US0014R.19940101070000.20191216000000.filterpack...1y.3d.US03L_filterpack_US0014.US03L_IMPROVE_Davis.lev2.nas
File creation:                20191218115618
Startdate:                    19940101070000
Revision date:                20191216000000
Version:                      2
Version description:          "Data extracted from http://views.cira.colostate.edu/fed/DataWizard 2019-12-16"
Statistics:                   arithmetic mean
Data level:                   2
Period code:                  1y
Resolution code:              3d
Sample duration:              1d
Orig. time res.:              3d
Station code:                 US0014R
Platform code:                US0014S
Station name:                 Indian Gardens
Station latitude:             36.0778
Station longitude:            -112.1288
Station altitude:             1166.0 m
Regime:                       IMG
Component:                    
Unit:                         ug/m3
Matrix:                       
Laboratory code:              US03L
Instrument type:              filterpack
Instrument name:              filterpack_US0014
Method ref:                   US03L_IMPROVE_Davis
Blank correction:             Blank corrected
Volume std. temperature:      ambient
Volume std. pressure:         ambient
starttime endtime PM10 PM2.5 flag
  0.291667   1.291667   6.421   4.923 0.000
  4.291667   5.291667   4.007   1.829 0.000
  7.291667   8.291667   3.951   1.520 0.000
 11.291667  12.291667   4.882   2.073 0.000
 14.291667  15.291667   4.021   2.239 0.000
 18.291667  19.291667   5.229   2.390 0.000
 21.291667  22.291667   7.168   3.219 0.000
 25.291667  26.291667 999.999   2.922 0.000
 28.291667  29.291667   4.836 999.999 0.000
 32.291667  33.291667   5.979   1.723 0.000
 35.291667  36.291667   3.849   1.877 0.000
 39.291667  40.291667   3.924   0.843 0.000
 42.291667  43.291667   4.386   1.799 0.000
 46.291667  47.291667 999.999 999.999 0.999
 49.291667  50.291667   4.028   1.262 0.000
 53.291667  54.291667 999.999 999.999 0.999
 56.291667  57.291667   4.027   2.939 0.000
 60.291667  61.291667   2.979   2.454 0.000
 63.291667  64.291667   6.493   4.110 0.000
 67.291667  68.291667   2.774 999.999 0.000
 70.291667  71.291667   4.440   4.379 0.000
 74.291667  75.291667   8.697   4.012 0.000
 77.291667  78.291667   6.295   3.435 0.000
 81.291667  82.291667  12.964   5.045 0.000
 84.291667  85.291667   3.540   1.802 0.000
 88.291667  89.291667   4.330   2.364 0.000
 91.291667  92.291667   6.380   2.152 0.000
 95.291667  96.291667   8.671   3.600 0.000
 98.291667  99.291667   4.779   3.622 0.000
102.291667 103.291667   6.573   4.169 0.000
105.291667 106.291667  19.545  10.929 0.000
109.291667 110.291667  16.620  10.533 0.000
112.291667 113.291667  18.793   7.994 0.000
116.291667 117.291667   3.250   1.731 0.000
119.291667 120.291667   5.171   3.082 0.000
123.291667 124.291667  16.408   8.006 0.000
126.291667 127.291667  14.698   4.031 0.000
130.291667 131.291667   6.096   3.720 0.000
133.291667 134.291667  10.470   6.043 0.000
137.291667 138.291667  14.257   4.517 0.000
140.291667 141.291667   9.467   4.108 0.000
144.291667 145.291667 999.999 999.999 0.999
147.291667 148.291667 999.999 999.999 0.999
151.291667 152.291667   9.630   9.121 0.000
154.291667 155.291667  15.892   7.455 0.000
158.291667 159.291667  16.283   6.528 0.000
161.291667 162.291667  16.367   6.239 0.000
165.291667 166.291667  15.662   6.905 0.000
168.291667 169.291667  12.975   5.476 0.000
172.291667 173.291667 999.999 999.999 0.999
175.291667 176.291667 999.999 999.999 0.999
179.291667 180.291667 999.999 999.999 0.999
182.291667 183.291667  13.814   9.046 0.000
186.291667 187.291667 999.999 999.999 0.999
189.291667 190.291667  14.207   6.388 0.000
193.291667 194.291667 999.999 999.999 0.999
196.291667 197.291667  15.241   7.301 0.000
200.291667 201.291667   6.656   4.925 0.000
203.291667 204.291667   8.006   4.657 0.000
207.291667 208.291667  16.323   6.545 0.000
210.291667 211.291667 999.999 999.999 0.999
214.291667 215.291667  10.266   5.859 0.000
217.291667 218.291667  14.315   7.706 0.000
221.291667 222.291667  13.566   5.291 0.000
224.291667 225.291667   8.636   4.343 0.000
228.291667 229.291667  18.328   7.768 0.000
231.291667 232.291667  11.812   6.006 0.000
235.291667 236.291667  12.809   5.090 0.000
238.291667 239.291667  15.645   4.850 0.000
242.291667 243.291667 999.999 999.999 0.999
245.291667 246.291667 999.999 999.999 0.999
249.291667 250.291667  10.441   4.954 0.000
252.291667 253.291667  19.346   7.165 0.000
256.291667 257.291667   8.627   5.538 0.000
259.291667 260.291667  22.873   7.414 0.000
263.291667 264.291667  13.425   4.969 0.000
266.291667 267.291667  10.000   7.075 0.000
270.291667 271.291667  11.797   5.562 0.000
273.291667 274.291667  15.479   5.031 0.000
277.291667 278.291667 999.999 999.999 0.999
280.291667 281.291667   9.618   5.266 0.000
284.291667 285.291667 999.999 999.999 0.999
287.291667 288.291667  10.038   3.153 0.000
291.291667 292.291667   3.392   2.719 0.000
294.291667 295.291667  10.484   3.025 0.000
298.291667 299.291667   6.759   3.407 0.000
301.291667 302.291667  23.636   6.921 0.000
305.291667 306.291667  12.596   3.537 0.000
308.291667 309.291667   6.490   2.733 0.000
312.291667 313.291667  11.349   4.710 0.000
315.291667 316.291667   4.698   0.774 0.000
319.291667 320.291667  10.223   2.368 0.000
322.291667 323.291667   4.018   2.810 0.000
326.291667 327.291667   4.108   2.780 0.000
329.291667 330.291667   8.340   2.204 0.000
333.291667 334.291667   2.991   1.258 0.000
336.291667 337.291667  10.670   2.794 0.000
340.291667 341.291667  15.609   2.756 0.000
343.291667 344.291667   3.305   1.270 0.000
347.291667 348.291667   3.348   2.091 0.000
350.291667 351.291667   3.982   2.006 0.000
354.291667 355.291667 999.999 999.999 0.999
357.291667 358.291667 999.999 999.999 0.999
361.291667 362.291667   8.355   4.180 0.000
364.291667 365.291667   5.513   2.371 0.000
