scripts/IMPROVE-2019_partial/data/US0017R.20110103070000.20191216000000.filterpack...1y.3d.US03L_filterpack_US0017.US03L_IMPROVE_Davis.lev2.nas
51 1001
MISSING INFORMATION
US03L, IMPROVE, , , , , , , 
MISSING INFORMATION
IMPROVE sel_HTAP
1 1
2011 01 01 2019 12 16
3.000000
days from file reference point
4
1 1 1 1
999.999999 9999.999 999.999 9.999
end_time of measurement, days from the file reference point
pm10_mass, ug/m3, Matrix=pm10
pm25_mass, ug/m3, Matrix=pm25
numflag, no unit
0
33
Data definition:              EBAS_1.1
Set type code:                TU
Timezone:                     UTC
File name:                    US0017R.20110103070000.20191216000000.filterpack...1y.3d.US03L_filterpack_US0017.US03L_IMPROVE_Davis.lev2.nas
File creation:                20191218115631
Startdate:                    20110103070000
Revision date:                20191216000000
Version:                      2
Version description:          "Data extracted from http://views.cira.colostate.edu/fed/DataWizard 2019-12-16"
Statistics:                   arithmetic mean
Data level:                   2
Period code:                  1y
Resolution code:              3d
Sample duration:              1d
Orig. time res.:              3d
Station code:                 US0017R
Platform code:                US0017S
Station name:                 Douglas
Station latitude:             31.3492
Station longitude:            -109.5397
Station altitude:             1230.0 m
Regime:                       IMG
Component:                    
Unit:                         ug/m3
Matrix:                       
Laboratory code:              US03L
Instrument type:              filterpack
Instrument name:              filterpack_US0017
Method ref:                   US03L_IMPROVE_Davis
Blank correction:             Blank corrected
Volume std. temperature:      ambient
Volume std. pressure:         ambient
starttime endtime PM10 PM2.5 flag
  2.291667   3.291667   33.054   9.368 0.000
  5.291667   6.291667   60.083  17.874 0.000
  8.291667   9.291667   36.657  10.376 0.000
 11.291667  12.291667   41.489  14.698 0.000
 14.291667  15.291667   17.699   5.132 0.000
 17.291667  18.291667   48.330  13.142 0.000
 20.291667  21.291667   58.164  14.840 0.000
 23.291667  24.291667   25.217   6.533 0.000
 26.291667  27.291667   47.423  15.017 0.000
 29.291667  30.291667   47.192  10.770 0.000
 32.291667  33.291667   31.366   7.751 0.000
 35.291667  36.291667   31.954   8.459 0.000
 38.291667  39.291667   71.815  11.202 0.000
 41.291667  42.291667   28.798   9.037 0.000
 44.291667  45.291667   41.381   9.755 0.000
 47.291667  48.291667   38.730   8.541 0.000
 50.291667  51.291667   12.145   2.817 0.000
 53.291667  54.291667   43.021  10.290 0.000
 56.291667  57.291667   51.211  12.927 0.000
 59.291667  60.291667   25.989   5.257 0.000
 62.291667  63.291667   23.195   6.623 0.000
 65.291667  66.291667   79.816  10.437 0.000
 68.291667  69.291667   33.802  10.819 0.000
 71.291667  72.291667   18.239   5.785 0.000
 74.291667  75.291667   25.679   7.054 0.000
 77.291667  78.291667   37.113  11.920 0.000
 80.291667  81.291667   14.894   3.788 0.000
 83.291667  84.291667   38.602  11.014 0.000
 86.291667  87.291667   24.966   7.634 0.000
 89.291667  90.291667   27.944   4.977 0.000
 92.291667  93.291667   56.439  11.821 0.000
 95.291667  96.291667   66.827  12.472 0.000
 98.291667  99.291667  139.685  15.103 0.000
101.291667 102.291667   30.571   5.789 0.000
104.291667 105.291667   56.555  18.832 0.000
107.291667 108.291667   43.668  12.903 0.000
110.291667 111.291667   31.655   9.518 0.000
113.291667 114.291667   41.637   9.315 0.000
116.291667 117.291667   29.544   8.700 0.000
119.291667 120.291667   28.564   7.306 0.000
122.291667 123.291667   29.632   5.835 0.000
125.291667 126.291667   67.827  18.128 0.000
128.291667 129.291667   52.599  10.604 0.000
131.291667 132.291667   31.453   8.920 0.000
134.291667 135.291667   23.892   7.077 0.000
137.291667 138.291667   44.033   9.203 0.000
140.291667 141.291667   15.577   5.422 0.000
143.291667 144.291667   25.944   6.328 0.000
146.291667 147.291667   44.090   8.246 0.000
149.291667 150.291667   24.784   7.655 0.000
152.291667 153.291667   45.302   9.956 0.000
155.291667 156.291667   28.044  11.980 0.000
158.291667 159.291667   50.111  12.238 0.000
161.291667 162.291667   11.867   7.547 0.000
164.291667 165.291667   28.575   9.374 0.000
167.291667 168.291667   45.799  12.614 0.000
170.291667 171.291667   35.296   8.948 0.000
173.291667 174.291667   43.032  11.151 0.000
176.291667 177.291667   30.764   9.837 0.000
179.291667 180.291667   45.346   9.954 0.000
182.291667 183.291667   20.975   9.634 0.000
185.291667 186.291667   17.071   7.428 0.000
188.291667 189.291667 9999.999 999.999 0.999
191.291667 192.291667 9999.999 999.999 0.999
194.291667 195.291667   13.459   3.147 0.000
197.291667 198.291667   11.004   6.451 0.000
200.291667 201.291667   15.540   4.185 0.000
203.291667 204.291667    9.986   4.771 0.000
206.291667 207.291667   13.927   5.311 0.000
209.291667 210.291667    9.141   2.992 0.000
212.291667 213.291667    8.697   3.170 0.000
215.291667 216.291667   14.856   4.887 0.000
218.291667 219.291667   19.486   6.239 0.000
221.291667 222.291667   13.989   4.433 0.000
224.291667 225.291667   13.357   4.313 0.000
227.291667 228.291667   11.198   4.669 0.000
230.291667 231.291667   24.870   5.756 0.000
233.291667 234.291667   19.544   5.507 0.000
236.291667 237.291667   17.082   5.009 0.000
239.291667 240.291667   27.005  12.175 0.000
242.291667 243.291667   26.740   9.512 0.000
245.291667 246.291667   26.733   7.691 0.000
248.291667 249.291667   17.009   6.166 0.000
251.291667 252.291667   22.572   7.262 0.000
254.291667 255.291667   10.258   5.351 0.000
257.291667 258.291667   11.034   5.925 0.000
260.291667 261.291667   14.659   8.717 0.000
263.291667 264.291667   29.537  11.307 0.000
266.291667 267.291667   26.477   6.147 0.000
269.291667 270.291667   20.640   6.314 0.000
272.291667 273.291667   43.940   8.195 0.000
275.291667 276.291667   15.547   3.450 0.000
278.291667 279.291667   31.805   9.213 0.000
281.291667 282.291667   29.684   5.991 0.000
284.291667 285.291667   22.069   6.309 0.000
287.291667 288.291667   40.481   9.554 0.000
290.291667 291.291667   39.409   7.524 0.000
293.291667 294.291667   50.513  15.360 0.000
296.291667 297.291667   32.032   7.708 0.000
299.291667 300.291667   39.604  11.863 0.000
302.291667 303.291667   34.825   8.450 0.000
305.291667 306.291667   36.700   8.311 0.000
308.291667 309.291667   22.546   4.072 0.000
311.291667 312.291667   13.376   3.989 0.000
314.291667 315.291667   48.882   9.853 0.000
317.291667 318.291667    9.443   6.096 0.000
320.291667 321.291667   24.341   6.696 0.000
323.291667 324.291667   21.919   6.587 0.000
326.291667 327.291667   18.962   5.612 0.000
329.291667 330.291667    7.873   2.638 0.000
332.291667 333.291667   37.062   7.791 0.000
335.291667 336.291667   12.405   3.729 0.000
338.291667 339.291667   15.460   4.578 0.000
341.291667 342.291667   39.807  11.845 0.000
344.291667 345.291667   33.974  11.030 0.000
347.291667 348.291667    4.912   3.339 0.000
350.291667 351.291667    8.379   4.271 0.000
353.291667 354.291667   14.606   5.606 0.000
356.291667 357.291667    7.631   2.133 0.000
359.291667 360.291667   31.777   8.910 0.000
362.291667 363.291667   54.588  13.780 0.000
