scripts/IMPROVE-2019_partial/data/US0012R.19960103070000.20191216000000.filterpack...1y.3d.US03L_filterpack_US0012.US03L_IMPROVE_Davis.lev2.nas
52 1001
MISSING INFORMATION
US03L, IMPROVE, , , , , , , 
MISSING INFORMATION
IMPROVE sel_HTAP
1 1
1996 01 01 2019 12 16
0
days from file reference point
5
1 1 1 1 1
999.999999 999.999 9.999 99.999 9.999
end_time of measurement, days from the file reference point
pm10_mass, ug/m3, Matrix=pm10
numflag pm10_mass, no unit, Matrix=pm10
pm25_mass, ug/m3, Matrix=pm25
numflag pm25_mass, no unit, Matrix=pm25
0
33
Data definition:              EBAS_1.1
Set type code:                TI
Timezone:                     UTC
File name:                    US0012R.19960103070000.20191216000000.filterpack...1y.3d.US03L_filterpack_US0012.US03L_IMPROVE_Davis.lev2.nas
File creation:                20191218115610
Startdate:                    19960103070000
Revision date:                20191216000000
Version:                      2
Version description:          "Data extracted from http://views.cira.colostate.edu/fed/DataWizard 2019-12-16"
Statistics:                   arithmetic mean
Data level:                   2
Period code:                  1y
Resolution code:              3d
Sample duration:              1d
Orig. time res.:              3d
Station code:                 US0012R
Platform code:                US0012S
Station name:                 Hopi Point #1
Station latitude:             36.0658
Station longitude:            -112.1539
Station altitude:             2164.0 m
Regime:                       IMG
Component:                    
Unit:                         ug/m3
Matrix:                       
Laboratory code:              US03L
Instrument type:              filterpack
Instrument name:              filterpack_US0012
Method ref:                   US03L_IMPROVE_Davis
Blank correction:             Blank corrected
Volume std. temperature:      ambient
Volume std. pressure:         ambient
starttime endtime PM10 flag_PM10 PM2.5 flag_PM2.5
  2.291667   3.291667   0.727 0.000 99.999 0.259
  5.291667   6.291667   3.795 0.000  1.209 0.000
  9.291667  10.291667   4.544 0.000  2.220 0.000
 12.291667  13.291667   2.620 0.000  0.796 0.000
 16.291667  17.291667  26.606 0.000  1.906 0.000
 19.291667  20.291667   9.075 0.000  0.489 0.000
 23.291667  24.291667   4.085 0.000  1.043 0.000
 26.291667  27.291667  17.361 0.000  1.514 0.000
 30.291667  31.291667   7.438 0.000  0.872 0.000
 33.291667  34.291667   6.623 0.000  2.016 0.000
 37.291667  38.291667   3.548 0.000  1.578 0.000
 40.291667  41.291667   4.831 0.000  1.925 0.000
 44.291667  45.291667   6.673 0.000  2.784 0.000
 47.291667  48.291667   4.144 0.000  1.984 0.000
 51.291667  52.291667  10.090 0.000  2.114 0.000
 54.291667  55.291667   8.095 0.000  2.751 0.000
 58.291667  59.291667   5.087 0.000  2.144 0.000
 61.291667  62.291667  16.804 0.000  0.928 0.000
 65.291667  66.291667   2.955 0.000  0.704 0.000
 68.291667  69.291667   9.124 0.000  1.198 0.000
 72.291667  73.291667   8.709 0.000  1.752 0.000
 75.291667  76.291667   8.671 0.000  2.574 0.000
 79.291667  80.291667 999.999 0.999  3.148 0.000
 82.291667  83.291667   8.422 0.000  4.228 0.000
 86.291667  87.291667   6.392 0.000  2.709 0.000
 89.291667  90.291667   3.168 0.000  1.271 0.000
 93.291667  94.291667   2.971 0.000  1.298 0.000
 96.291667  97.291667   4.434 0.000  1.900 0.000
100.291667 101.291667  11.588 0.000  3.579 0.000
103.291667 104.291667   6.332 0.000  1.107 0.000
107.291667 108.291667  15.287 0.000  3.257 0.000
110.291667 111.291667   9.187 0.000  2.243 0.000
114.291667 115.291667  10.907 0.000  3.861 0.000
117.291667 118.291667   8.393 0.000  3.990 0.000
121.291667 122.291667   6.857 0.000  2.335 0.000
124.291667 125.291667   9.753 0.000  5.004 0.000
128.291667 129.291667  10.282 0.000  4.368 0.000
131.291667 132.291667   5.858 0.000  3.472 0.000
135.291667 136.291667  18.968 0.000  5.803 0.000
138.291667 139.291667  13.135 0.000  3.488 0.000
142.291667 143.291667  16.871 0.000  7.852 0.000
145.291667 146.291667  13.805 0.000  5.631 0.000
149.291667 150.291667  12.484 0.000  4.630 0.000
152.291667 153.291667   9.192 0.000  5.531 0.000
156.291667 157.291667  12.695 0.000  6.559 0.000
159.291667 160.291667  11.739 0.000  5.232 0.000
163.291667 164.291667  12.410 0.000  5.524 0.000
166.291667 167.291667  10.234 0.000  6.080 0.000
170.291667 171.291667  13.330 0.000  4.942 0.000
173.291667 174.291667  11.498 0.000  4.800 0.000
177.291667 178.291667  11.600 0.000  3.612 0.000
180.291667 181.291667   9.738 0.000  4.766 0.000
184.291667 185.291667  13.521 0.000  6.049 0.000
187.291667 188.291667  10.091 0.000  5.278 0.000
191.291667 192.291667  14.886 0.000  4.776 0.000
194.291667 195.291667   5.974 0.000  3.139 0.000
198.291667 199.291667   5.556 0.000  3.154 0.000
201.291667 202.291667   5.401 0.000  3.392 0.000
205.291667 206.291667   9.592 0.000  4.895 0.000
208.291667 209.291667   6.037 0.000  4.344 0.000
212.291667 213.291667  10.327 0.000  3.488 0.000
215.291667 216.291667   8.047 0.000  4.433 0.000
219.291667 220.291667  19.116 0.000  5.264 0.000
222.291667 223.291667  13.553 0.000  6.065 0.000
226.291667 227.291667  13.455 0.000 99.999 0.999
229.291667 230.291667  17.439 0.000  6.975 0.000
233.291667 234.291667  17.600 0.000  3.198 0.000
236.291667 237.291667  16.682 0.000  4.763 0.000
240.291667 241.291667  12.694 0.000  4.030 0.000
243.291667 244.291667  17.597 0.000  6.448 0.000
247.291667 248.291667  11.947 0.000  5.154 0.000
250.291667 251.291667  12.681 0.000  2.747 0.000
254.291667 255.291667   6.269 0.000  2.679 0.000
257.291667 258.291667  10.334 0.000  3.210 0.000
261.291667 262.291667   8.483 0.000  2.765 0.000
264.291667 265.291667   6.317 0.000  2.701 0.000
268.291667 269.291667  12.958 0.000  4.320 0.000
271.291667 272.291667   4.997 0.000  2.734 0.000
275.291667 276.291667   8.221 0.000  3.394 0.000
278.291667 279.291667   7.402 0.000  4.640 0.000
282.291667 283.291667  12.987 0.000  3.581 0.000
285.291667 286.291667   7.998 0.000  3.742 0.000
289.291667 290.291667  11.928 0.000  4.087 0.000
292.291667 293.291667  15.542 0.000  4.785 0.000
296.291667 297.291667   4.205 0.000  2.172 0.000
299.291667 300.291667   6.693 0.000  1.900 0.000
303.291667 304.291667  11.250 0.000  4.008 0.000
306.291667 307.291667   4.505 0.000  2.059 0.000
310.291667 311.291667   6.189 0.000  3.258 0.000
313.291667 314.291667   2.878 0.000  1.646 0.000
317.291667 318.291667   4.896 0.000  2.857 0.000
320.291667 321.291667   3.349 0.000  1.263 0.000
324.291667 325.291667   8.129 0.000  4.569 0.000
327.291667 328.291667   6.944 0.000  2.007 0.000
331.291667 332.291667   3.244 0.000  1.820 0.000
334.291667 335.291667   4.719 0.000  0.910 0.000
338.291667 339.291667   1.680 0.000 99.999 0.259
341.291667 342.291667   7.149 0.000  3.046 0.000
345.291667 346.291667   7.455 0.000  2.852 0.000
348.291667 349.291667   4.274 0.000  1.302 0.000
352.291667 353.291667   3.874 0.000  1.246 0.000
355.291667 356.291667   2.101 0.000  0.564 0.000
359.291667 360.291667 999.999 0.999 99.999 0.999
362.291667 363.291667 999.999 0.999 99.999 0.999
