scripts/IMPROVE-2019_partial/data/US0047U.20040101050000.20191216000000.filterpack..pm25.52w.1w.US03L_filterpack_US0047.US03L_IMPROVE_Davis.lev2.nas
66 1001
MISSING INFORMATION
US03L, IMPROVE, , , , , , , 
MISSING INFORMATION
IMPROVE sel_HTAP
1 1
2004 01 01 2019 12 16
3.000000
days from file reference point
27
1 1 1 1 1 1 1 1 1 1 1 1 1 1 1 1 1 1 1 1 1 1 1 1 1 1 1
999.999999 9999.99 9.999 999.99 9.999 9.999 9.999999 99.99 9.999 99.999 9.999999 99.999 9.999 999.999 9.999 999.99 9.999999 999.999 9.999 999.999 9.999 999.999 9.999 9.999 9.999 99.999 9.999999
end_time of measurement, days from the file reference point
iron, ng/m3, Revision date=20181210133000
numflag iron, no unit, Revision date=20181210133000
lead, ng/m3, Revision date=20181210133000
numflag lead, no unit, Revision date=20181210133000
magnesium, ug/m3, Revision date=20181210133000
numflag magnesium, no unit, Revision date=20181210133000
nickel, ng/m3, Revision date=20181210133000
numflag nickel, no unit, Revision date=20181210133000
nitrate, ug N/m3, Revision date=20181210133000
numflag nitrate, no unit, Revision date=20181210133000
organic_carbon, ug C/m3, Revision date=20181210133000
numflag organic_carbon, no unit, Revision date=20181210133000
organic_mass, ug/m3, Revision date=20181210133000
numflag organic_mass, no unit, Revision date=20181210133000
phosphorus, ng/m3, Revision date=20181210133000
numflag phosphorus, no unit, Revision date=20181210133000
pm10_mass, ug/m3, Version=2, Version description=Data extracted from http://views.cira.colostate.edu/fed/DataWizard 2019-12-16, Sample duration=1d, Orig. time res.=3d, Matrix=pm10, Blank correction=Blank corrected, Volume std. temperature=ambient, Volume std. pressure=ambient
numflag pm10_mass, no unit, Version=2, Version description=Data extracted from http://views.cira.colostate.edu/fed/DataWizard 2019-12-16, Sample duration=1d, Orig. time res.=3d, Matrix=pm10, Blank correction=Blank corrected, Volume std. temperature=ambient, Volume std. pressure=ambient
pm10_pm25_mass, ug/m3, Revision date=20181210133000, Matrix=pm10_pm25
numflag pm10_pm25_mass, no unit, Revision date=20181210133000, Matrix=pm10_pm25
pm25_mass, ug/m3, Version=2, Version description=Data extracted from http://views.cira.colostate.edu/fed/DataWizard 2019-12-16, Sample duration=1d, Orig. time res.=3d, Blank correction=Blank corrected, Volume std. temperature=ambient, Volume std. pressure=ambient
numflag pm25_mass, no unit, Version=2, Version description=Data extracted from http://views.cira.colostate.edu/fed/DataWizard 2019-12-16, Sample duration=1d, Orig. time res.=3d, Blank correction=Blank corrected, Volume std. temperature=ambient, Volume std. pressure=ambient
potassium, ug/m3, Revision date=20181210133000
numflag potassium, no unit, Revision date=20181210133000
sulphate_total, ug S/m3, Revision date=20181210133000
numflag sulphate_total, no unit, Revision date=20181210133000
0
25
Data definition:              EBAS_1.1
Set type code:                TU
Timezone:                     UTC
File name:                    US0047U.20040101050000.20191216000000.filterpack..pm25.52w.1w.US03L_filterpack_US0047.US03L_IMPROVE_Davis.lev2.nas
File creation:                20191218115813
Startdate:                    20040101050000
Revision date:                20191216000000
Statistics:                   arithmetic mean
Data level:                   2
Period code:                  52w
Resolution code:              1w
Station code:                 US0047U
Platform code:                US0047S
Station name:                 Detroit
Station latitude:             42.2286
Station longitude:            -83.2085
Station altitude:             179.0 m
Regime:                       IMG
Component:                    
Matrix:                       pm25
Laboratory code:              US03L
Instrument type:              filterpack
Instrument name:              filterpack_US0047
Method ref:                   US03L_IMPROVE_Davis
starttime endtime Fe flag_Fe Pb flag_Pb Mg++ flag_Mg++ Ni flag_Ni NO3- flag_NO3- OC flag_OC OM flag_OM P flag_P PM10 flag_PM10 PM10-PM2.5 flag_PM10-PM2.5 PM2.5 flag_PM2.5 K+ flag_K+ SO4-- flag_SO4--
[from data line 79]
237.208333 238.208333   85.31 0.000   3.28 0.000 9.999 0.259000  0.27 0.000  0.177 0.000000  1.910 0.000   2.675 0.000 999.99 0.259000  17.981 0.000   1.466 0.000  16.516 0.000 0.046 0.000  2.592 0.000000
240.208333 241.208333  110.98 0.000  10.57 0.000 9.999 0.259000  0.38 0.000  0.142 0.000000  1.711 0.000   2.396 0.000 999.99 0.259000   8.691 0.000 999.999 0.259   8.847 0.000 0.057 0.000  1.091 0.000000
243.208333 244.208333  220.29 0.000   9.56 0.000 9.999 0.259000  0.13 0.000  0.269 0.000000  3.879 0.000   5.430 0.000 999.99 0.259000  13.853 0.000   0.330 0.000  13.523 0.000 0.051 0.000  1.236 0.000000
246.208333 247.208333  114.31 0.000   6.26 0.000 9.999 0.259000  1.01 0.000  0.375 0.000000  3.781 0.000   5.293 0.000 999.99 0.259000  26.620 0.000 999.999 0.259  27.717 0.000 0.051 0.000  4.433 0.000000
249.208333 250.208333   44.53 0.000   3.64 0.000 9.999 0.259000  0.42 0.000  0.059 0.000000  2.296 0.000   3.215 0.000 999.99 0.259000  20.210 0.000 999.999 0.259  20.318 0.000 0.054 0.000  3.375 0.000000
252.208333 253.208333  108.15 0.000   2.56 0.000 9.999 0.259000  0.11 0.000  0.040 0.000000  1.136 0.000   1.590 0.000 999.99 0.259000   5.697 0.000   1.127 0.000   4.569 0.000 0.018 0.000  0.197 0.000000
255.208333 256.208333  115.27 0.000   7.34 0.000 9.999 0.259000  0.39 0.000  0.515 0.000000  4.837 0.000   6.772 0.000 999.99 0.259000  24.473 0.000 999.999 0.259  25.878 0.000 0.073 0.000  3.584 0.000000
258.208333 259.208333   79.08 0.000   3.51 0.000 9.999 0.259000  0.47 0.000  0.163 0.000000  3.051 0.000   4.272 0.000 999.99 0.259000  27.318 0.000 999.999 0.259  27.868 0.000 0.048 0.000  5.395 0.000000
261.208333 262.208333  135.64 0.000   4.76 0.000 9.999 0.259000  1.04 0.000  0.046 0.559000  1.489 0.000   2.084 0.000 999.99 0.259000   5.697 0.000   0.878 0.000   4.819 0.000 0.035 0.000  0.334 0.559000
264.208333 265.208333  184.27 0.394   5.98 0.394 9.999 0.394259  0.55 0.394  0.289 0.559394  3.027 0.000   4.238 0.000 999.99 0.394259  16.232 0.000   1.052 0.000  15.181 0.000 0.064 0.394  1.654 0.559394
267.208333 268.208333 9999.99 0.999 999.99 0.999 9.999 0.999000 99.99 0.999 99.999 0.999000 99.999 0.999 999.999 0.999 999.99 0.999000 999.999 0.999 999.999 0.999 999.999 0.999 9.999 0.999 99.999 0.999000
270.208333 271.208333 9999.99 0.999 999.99 0.999 9.999 0.999000 99.99 0.999 99.999 0.999000 99.999 0.999 999.999 0.999 999.99 0.999000 999.999 0.999 999.999 0.999 999.999 0.999 9.999 0.999 99.999 0.999000
273.208333 274.208333  271.64 0.000   6.98 0.000 0.115 0.000000  0.34 0.000  0.168 0.559000  4.240 0.000   5.936 0.000 999.99 0.259000  12.416 0.000   2.166 0.000  10.250 0.000 0.062 0.000  0.348 0.559000
276.208333 277.208333   72.66 0.000   5.24 0.000 9.999 0.259000 99.99 0.259  0.259 0.559000  2.320 0.000   3.248 0.000 999.99 0.259000   6.191 0.000   0.968 0.000   5.223 0.000 0.066 0.000  0.212 0.559000
279.208333 280.208333  206.01 0.000   7.03 0.000 9.999 0.259000  0.07 0.000  0.262 0.000000  2.980 0.000   4.172 0.000 999.99 0.259000  12.668 0.000   4.251 0.000   8.418 0.000 0.079 0.000  0.395 0.000000
282.208333 283.208333   63.74 0.000   2.72 0.000 0.098 0.000000 99.99 0.259  0.223 0.000000  1.745 0.000   2.443 0.000 999.99 0.259000   8.857 0.000 999.999 0.259   9.049 0.000 0.050 0.000  1.069 0.000000
285.208333 286.208333  361.38 0.000  10.98 0.000 9.999 0.259000  0.51 0.000  0.802 0.000000  3.253 0.000   4.555 0.000 999.99 0.259000  16.320 0.000   0.504 0.000  15.816 0.000 0.077 0.000  1.433 0.000000
288.208333 289.208333  124.76 0.000   5.45 0.000 9.999 0.259000  0.24 0.000  2.013 0.000000  2.850 0.000   3.990 0.000 999.99 0.259000  19.732 0.000 999.999 0.259  24.556 0.000 0.038 0.000  1.461 0.000000
291.208333 292.208333  151.18 0.000   2.75 0.000 9.999 0.259000  0.12 0.000  0.298 0.000000  1.578 0.000   2.209 0.000 999.99 0.259000   7.614 0.000   0.096 0.000   7.518 0.000 0.039 0.000  0.679 0.000000
294.208333 295.208333  100.35 0.000   3.18 0.000 0.131 0.000000  0.43 0.000  0.552 0.000000  1.475 0.000   2.065 0.000 999.99 0.259000   7.237 0.000 999.999 0.259   8.057 0.000 0.026 0.000  0.499 0.000000
297.208333 298.208333   59.65 0.000   2.22 0.000 9.999 0.259000  0.12 0.000  0.328 0.000000  1.559 0.000   2.183 0.000 999.99 0.259000   6.568 0.000 999.999 0.259   7.850 0.000 0.029 0.000  0.786 0.000000
300.208333 301.208333  210.89 0.000   7.46 0.000 9.999 0.259000  1.23 0.000  2.344 0.000000  2.519 0.000   3.526 0.000 999.99 0.259000  22.339 0.000 999.999 0.259  27.016 0.000 0.092 0.000  2.062 0.000000
303.208333 304.208333   41.14 0.000   1.67 0.000 0.241 0.000000  0.20 0.000  0.331 0.559000  1.559 0.000   2.182 0.000 999.99 0.259000  10.166 0.000   0.541 0.000   9.625 0.000 0.037 0.000  1.313 0.559000
306.208333 307.208333  160.99 0.000   5.33 0.000 0.097 0.000000  0.49 0.000  0.561 0.000000  1.936 0.000   2.711 0.000 999.99 0.259000   9.026 0.000 999.999 0.259  11.708 0.000 0.046 0.000  0.944 0.000000
309.208333 310.208333   86.59 0.000   2.03 0.000 9.999 0.259000  0.08 0.000  0.109 0.000000  1.507 0.000   2.110 0.000 999.99 0.259000   6.692 0.000   1.506 0.000   5.186 0.000 0.077 0.000  0.273 0.000000
312.208333 313.208333  118.58 0.000   0.99 0.000 9.999 0.259000 99.99 0.259  0.077 0.000000  1.521 0.000   2.130 0.000 999.99 0.259000   6.309 0.000   1.660 0.000   4.649 0.000 0.024 0.000  0.184 0.000000
315.208333 316.208333   98.42 0.000   3.57 0.000 9.999 0.259000  0.39 0.000  0.219 0.559000  1.780 0.000   2.492 0.000 999.99 0.259000   9.428 0.000   2.243 0.000   7.185 0.000 0.049 0.000  0.570 0.559000
318.208333 319.208333  212.64 0.000   7.89 0.000 0.090 0.000000  0.49 0.000  0.578 0.559000  9.210 0.000  12.895 0.000 999.99 0.259000  23.177 0.000 999.999 0.259  24.321 0.000 0.176 0.000  0.511 0.559000
321.208333 322.208333  123.58 0.000   5.55 0.000 9.999 0.259000  0.48 0.000  2.740 0.000000  3.107 0.000   4.350 0.000 999.99 0.259000  22.054 0.000 999.999 0.259  24.416 0.000 0.056 0.000  1.654 0.000000
324.208333 325.208333   63.13 0.000   4.03 0.000 9.999 0.259000  0.44 0.000  1.591 0.000000  1.383 0.000   1.936 0.000 999.99 0.259000   9.706 0.000 999.999 0.259  14.791 0.000 0.034 0.000  1.622 0.000000
327.208333 328.208333  135.28 0.000   5.01 0.000 0.115 0.000000 99.99 0.259  1.257 0.000000  2.666 0.000   3.732 0.000 999.99 0.259000  16.993 0.000 999.999 0.259  22.049 0.000 0.047 0.000  1.102 0.000000
330.208333 331.208333   45.91 0.000   2.39 0.000 9.999 0.259000  0.11 0.000  0.853 0.000000  1.494 0.000   2.092 0.000 999.99 0.259000  10.480 0.000 999.999 0.259  10.702 0.000 0.037 0.000  0.436 0.000000
333.208333 334.208333  140.53 0.000   3.36 0.000 9.999 0.259000  0.13 0.000  0.597 0.000000  4.059 0.000   5.683 0.000 999.99 0.259000  13.635 0.000 999.999 0.259  14.855 0.000 0.060 0.000  0.605 0.000000
336.208333 337.208333  156.06 0.000   6.10 0.000 0.054 0.000000  0.13 0.000  2.235 0.000000  2.710 0.000   3.794 0.000 999.99 0.259000  21.087 0.000 999.999 0.259  23.411 0.000 0.070 0.000  0.748 0.000000
339.208333 340.208333  100.21 0.000   4.24 0.000 9.999 0.259000  0.39 0.000  0.614 0.000000  1.273 0.000   1.782 0.000 999.99 0.259000   7.791 0.000 999.999 0.259   8.808 0.000 0.051 0.000  0.385 0.000000
342.208333 343.208333   84.57 0.000   2.51 0.000 9.999 0.259000  0.12 0.000  0.291 0.000000  1.062 0.000   1.487 0.000 999.99 0.259000   6.819 0.000   0.322 0.000   6.497 0.000 0.021 0.000  0.684 0.000000
345.208333 346.208333   21.87 0.000   1.92 0.000 9.999 0.259000  0.15 0.000  0.104 0.559000  0.706 0.000   0.989 0.000 999.99 0.259000   2.761 0.000 999.999 0.259   3.427 0.000 0.018 0.000  0.429 0.559000
348.208333 349.208333   78.50 0.000   0.85 0.000 9.999 0.259000  0.06 0.000  0.140 0.559000  0.816 0.000   1.143 0.000 999.99 0.259000   6.022 0.000   2.032 0.000   3.990 0.000 0.024 0.000  0.248 0.559000
351.208333 352.208333   66.51 0.000   1.06 0.000 9.999 0.259000  0.14 0.000  0.207 0.000000  1.055 0.000   1.477 0.000 999.99 0.259000   7.281 0.000   1.082 0.000   6.199 0.000 0.026 0.000  0.555 0.000000
354.208333 355.208333   56.24 0.000   1.56 0.000 9.999 0.259000  0.16 0.000  0.214 0.559000  1.453 0.000   2.034 0.000   8.65 0.000000  11.518 0.000   5.174 0.000   6.343 0.000 0.034 0.000  0.210 0.559000
357.208333 358.208333   36.24 0.000   1.15 0.000 9.999 0.259000  0.19 0.000  0.245 0.000000  1.559 0.000   2.182 0.000 999.99 0.259000   6.182 0.000 999.999 0.259   6.524 0.000 0.032 0.000  0.299 0.000000
360.208333 361.208333   67.56 0.000   2.90 0.000 9.999 0.259000  0.30 0.000  1.924 0.000000  4.449 0.000   6.228 0.000 999.99 0.259000  27.011 0.000 999.999 0.259  27.113 0.000 0.081 0.000  1.346 0.000000
363.208333 364.208333  123.30 0.000   5.78 0.000 9.999 0.259000  0.27 0.000  2.767 0.000000  3.161 0.000   4.426 0.000 999.99 0.259000  27.862 0.000 999.999 0.259  31.849 0.000 0.097 0.000  1.506 0.000000
