scripts/IMPROVE-2019_partial/data/US0042R.20030103050000.20191216000000.filterpack..pm25.1y.1w.US03L_filterpack_US0042.US03L_IMPROVE_Davis.lev2.nas
66 1001
MISSING INFORMATION
US03L, IMPROVE, , , , , , , 
MISSING INFORMATION
IMPROVE sel_HTAP
1 1
2003 01 01 2019 12 16
3.000000
days from file reference point
27
1 1 1 1 1 1 1 1 1 1 1 1 1 1 1 1 1 1 1 1 1 1 1 1 1 1 1
999.999999 9999.99 9.999 999.99 9.999 9.999 9.999999 99.99 9.999 9.999 9.999 99.999 9.999 99.999 9.999 99.99 9.999999 999.999 9.999 999.999 9.999 999.999 9.999 9.999 9.999 99.999 9.999
end_time of measurement, days from the file reference point
iron, ng/m3, Revision date=20181210133000
numflag iron, no unit, Revision date=20181210133000
lead, ng/m3, Revision date=20181210133000
numflag lead, no unit, Revision date=20181210133000
magnesium, ug/m3, Revision date=20181210133000
numflag magnesium, no unit, Revision date=20181210133000
nickel, ng/m3, Revision date=20181210133000
numflag nickel, no unit, Revision date=20181210133000
nitrate, ug N/m3, Revision date=20181210133000
numflag nitrate, no unit, Revision date=20181210133000
organic_carbon, ug C/m3, Revision date=20181210133000
numflag organic_carbon, no unit, Revision date=20181210133000
organic_mass, ug/m3, Revision date=20181210133000
numflag organic_mass, no unit, Revision date=20181210133000
phosphorus, ng/m3, Revision date=20181210133000
numflag phosphorus, no unit, Revision date=20181210133000
pm10_mass, ug/m3, Version=2, Version description=Data extracted from http://views.cira.colostate.edu/fed/DataWizard 2019-12-16, Sample duration=1d, Orig. time res.=3d, Matrix=pm10, Blank correction=Blank corrected, Volume std. temperature=ambient, Volume std. pressure=ambient
numflag pm10_mass, no unit, Version=2, Version description=Data extracted from http://views.cira.colostate.edu/fed/DataWizard 2019-12-16, Sample duration=1d, Orig. time res.=3d, Matrix=pm10, Blank correction=Blank corrected, Volume std. temperature=ambient, Volume std. pressure=ambient
pm10_pm25_mass, ug/m3, Revision date=20181210133000, Matrix=pm10_pm25
numflag pm10_pm25_mass, no unit, Revision date=20181210133000, Matrix=pm10_pm25
pm25_mass, ug/m3, Version=2, Version description=Data extracted from http://views.cira.colostate.edu/fed/DataWizard 2019-12-16, Sample duration=1d, Orig. time res.=3d, Blank correction=Blank corrected, Volume std. temperature=ambient, Volume std. pressure=ambient
numflag pm25_mass, no unit, Version=2, Version description=Data extracted from http://views.cira.colostate.edu/fed/DataWizard 2019-12-16, Sample duration=1d, Orig. time res.=3d, Blank correction=Blank corrected, Volume std. temperature=ambient, Volume std. pressure=ambient
potassium, ug/m3, Revision date=20181210133000
numflag potassium, no unit, Revision date=20181210133000
sulphate_total, ug S/m3, Revision date=20181210133000
numflag sulphate_total, no unit, Revision date=20181210133000
0
25
Data definition:              EBAS_1.1
Set type code:                TU
Timezone:                     UTC
File name:                    US0042R.20030103050000.20191216000000.filterpack..pm25.1y.1w.US03L_filterpack_US0042.US03L_IMPROVE_Davis.lev2.nas
File creation:                20191218115801
Startdate:                    20030103050000
Revision date:                20191216000000
Statistics:                   arithmetic mean
Data level:                   2
Period code:                  1y
Resolution code:              1w
Station code:                 US0042R
Platform code:                US0042S
Station name:                 Cape Cod
Station latitude:             41.9758
Station longitude:            -70.0242
Station altitude:             49.0 m
Regime:                       IMG
Component:                    
Matrix:                       pm25
Laboratory code:              US03L
Instrument type:              filterpack
Instrument name:              filterpack_US0042
Method ref:                   US03L_IMPROVE_Davis
starttime endtime Fe flag_Fe Pb flag_Pb Mg++ flag_Mg++ Ni flag_Ni NO3- flag_NO3- OC flag_OC OM flag_OM P flag_P PM10 flag_PM10 PM10-PM2.5 flag_PM10-PM2.5 PM2.5 flag_PM2.5 K+ flag_K+ SO4-- flag_SO4--
  2.208333   3.208333   17.68 0.559   0.24 0.559 9.999 0.559259  0.10 0.559 0.055 0.559  0.065 0.000  0.091 0.000 99.99 0.559259  15.635 0.000  10.177 0.000   5.458 0.559 0.046 0.559  0.379 0.559
  5.208333   6.208333    8.03 0.000   1.41 0.000 9.999 0.259000  0.71 0.000 0.064 0.000  0.858 0.000  1.201 0.000 99.99 0.259000   5.905 0.000   1.266 0.000   4.639 0.000 0.022 0.000  0.716 0.000
  8.208333   9.208333   14.63 0.000   1.43 0.000 9.999 0.259000  1.31 0.000 0.170 0.000  1.392 0.000  1.949 0.000 99.99 0.259000   8.391 0.000   2.059 0.000   6.332 0.000 0.025 0.000  0.866 0.000
 11.208333  12.208333   13.39 0.000   0.89 0.000 9.999 0.259000  0.38 0.000 0.132 0.000  0.598 0.000  0.837 0.000 99.99 0.259000   6.118 0.000   2.674 0.000   3.444 0.000 0.025 0.000  0.453 0.000
 14.208333  15.208333   13.55 0.000   1.17 0.000 9.999 0.259000  1.05 0.000 0.121 0.000  0.682 0.000  0.955 0.000 99.99 0.259000   5.837 0.000   2.919 0.000   2.918 0.000 0.021 0.000  0.342 0.000
 17.208333  18.208333    7.80 0.000   1.23 0.000 0.015 0.000000  0.55 0.000 0.101 0.559  0.592 0.000  0.829 0.000 99.99 0.259000   6.646 0.000   2.939 0.000   3.708 0.000 0.025 0.000  0.547 0.559
 20.208333  21.208333 9999.99 0.456 999.99 0.456 9.999 0.456000 99.99 0.456 0.038 0.000  0.383 0.000  0.536 0.000 99.99 0.456000   5.991 0.000 999.999 0.999 999.999 0.456 9.999 0.456  0.276 0.000
 23.208333  24.208333   14.01 0.000   1.02 0.000 0.027 0.000000  0.40 0.000 0.133 0.000  0.692 0.000  0.968 0.000 99.99 0.259000   9.231 0.000   5.568 0.000   3.663 0.000 0.035 0.000  0.307 0.000
 26.208333  27.208333   14.39 0.000   2.33 0.000 9.999 0.259000  0.66 0.000 0.203 0.000  1.392 0.000  1.949 0.000 99.99 0.259000  10.310 0.000   4.045 0.000   6.265 0.000 0.039 0.000  0.791 0.000
 29.208333  30.208333   21.51 0.000   2.53 0.000 0.026 0.000000  0.70 0.000 0.169 0.000  1.486 0.000  2.080 0.000 99.99 0.259000  15.337 0.000   4.349 0.000  10.988 0.000 0.045 0.000  1.943 0.000
 32.208333  33.208333    3.30 0.000   0.29 0.000 9.999 0.259000  0.29 0.000 0.036 0.000  0.494 0.000  0.691 0.000 99.99 0.259000   6.220 0.000   2.252 0.000   3.968 0.000 0.028 0.000  0.371 0.000
 35.208333  36.208333   10.06 0.000   0.63 0.000 0.011 0.000000  0.27 0.000 0.065 0.000  0.398 0.000  0.557 0.000 99.99 0.259000   7.583 0.000   4.422 0.000   3.162 0.000 0.018 0.000  0.450 0.000
 38.208333  39.208333   15.17 0.000   1.62 0.000 9.999 0.259000  1.26 0.000 0.277 0.000  1.187 0.000  1.661 0.000 99.99 0.259000   9.117 0.000   3.178 0.000   5.940 0.000 0.026 0.000  0.772 0.000
 41.208333  42.208333    9.37 0.000   1.40 0.000 9.999 0.259000  0.96 0.000 0.165 0.000  0.758 0.000  1.061 0.000 99.99 0.259000   7.529 0.000   3.046 0.000   4.483 0.000 0.020 0.000  0.572 0.000
 44.208333  45.208333    9.46 0.000   1.36 0.000 9.999 0.259000  0.60 0.000 0.130 0.559  0.593 0.000  0.830 0.000 99.99 0.259000   6.013 0.000   2.570 0.000   3.443 0.000 0.022 0.000  0.434 0.559
 47.208333  48.208333    2.89 0.000   0.28 0.000 9.999 0.259000  0.09 0.000 0.030 0.000  0.149 0.000  0.209 0.000 99.99 0.259000   7.115 0.000   4.139 0.000   2.976 0.000 0.024 0.000  0.238 0.000
 50.208333  51.208333   33.49 0.000   2.87 0.000 9.999 0.259000  2.64 0.000 0.229 0.000  2.136 0.000  2.990 0.000 99.99 0.259000  20.663 0.000   3.823 0.000  16.840 0.000 0.039 0.000  3.105 0.000
 53.208333  54.208333    2.02 0.000   0.52 0.000 9.999 0.259000  0.35 0.000 0.091 0.000  0.358 0.000  0.501 0.000 99.99 0.259000   3.153 0.000   0.586 0.000   2.566 0.000 0.013 0.000  0.470 0.000
 56.208333  57.208333   18.68 0.000   4.61 0.000 9.999 0.259000  0.32 0.000 0.044 0.000  0.659 0.000  0.922 0.000 99.99 0.259000  11.034 0.000   6.289 0.000   4.745 0.000 0.060 0.000  0.792 0.000
 59.208333  60.208333   20.43 0.000   3.09 0.000 0.026 0.000000  1.19 0.000 0.115 0.000  1.254 0.000  1.755 0.000 99.99 0.259000  14.060 0.000   6.082 0.000   7.979 0.000 0.050 0.000  1.368 0.000
 62.208333  63.208333   18.61 0.000   2.00 0.000 9.999 0.259000  1.49 0.000 0.140 0.000  0.933 0.000  1.306 0.000 99.99 0.259000  12.923 0.000   9.752 0.000   3.171 0.000 0.035 0.000  0.513 0.000
 65.208333  66.208333    9.27 0.000   1.76 0.000 9.999 0.259000  0.27 0.000 0.072 0.000  0.525 0.000  0.736 0.000 99.99 0.259000  15.934 0.000  12.403 0.000   3.531 0.000 0.028 0.000  0.463 0.000
 68.208333  69.208333   21.62 0.000   2.10 0.000 0.019 0.000000  0.44 0.000 0.116 0.000  0.853 0.000  1.194 0.000 99.99 0.259000   9.543 0.000   4.786 0.000   4.758 0.000 0.036 0.000  0.660 0.000
 71.208333  72.208333   28.54 0.000   2.06 0.000 9.999 0.259000  1.22 0.000 0.254 0.559  1.228 0.000  1.719 0.000 99.99 0.259000  16.461 0.000   8.663 0.000   7.798 0.000 0.048 0.000  1.062 0.559
 74.208333  75.208333   14.91 0.000   1.34 0.000 9.999 0.259000  1.21 0.000 0.156 0.000  0.895 0.000  1.252 0.000 99.99 0.259000  11.403 0.000   6.306 0.000   5.097 0.000 0.026 0.000  0.760 0.000
 77.208333  78.208333   10.63 0.000   0.45 0.000 9.999 0.259000  0.21 0.000 0.062 0.000  0.239 0.000  0.335 0.000 99.99 0.259000  17.785 0.000  14.153 0.000   3.632 0.000 0.028 0.000  0.306 0.000
 80.208333  81.208333    3.30 0.000   0.38 0.000 0.033 0.000000  0.84 0.000 0.071 0.000  0.652 0.000  0.913 0.000 99.99 0.259000   5.624 0.000   2.002 0.000   3.622 0.000 0.016 0.000  0.580 0.000
 83.208333  84.208333 9999.99 0.456 999.99 0.456 9.999 0.456000 99.99 0.456 9.999 0.456 99.999 0.999 99.999 0.999 99.99 0.456000 999.999 0.456 999.999 0.999 999.999 0.456 9.999 0.456 99.999 0.456
 86.208333  87.208333 9999.99 0.456 999.99 0.456 9.999 0.456000 99.99 0.456 9.999 0.456 99.999 0.999 99.999 0.999 99.99 0.456000 999.999 0.456 999.999 0.999 999.999 0.456 9.999 0.456 99.999 0.456
 89.208333  90.208333 9999.99 0.456 999.99 0.456 9.999 0.456000 99.99 0.456 9.999 0.456 99.999 0.999 99.999 0.999 99.99 0.456000 999.999 0.456 999.999 0.999 999.999 0.456 9.999 0.456 99.999 0.456
 92.208333  93.208333   13.25 0.000   1.87 0.000 9.999 0.259000  0.93 0.000 0.091 0.000  1.069 0.000  1.496 0.000 99.99 0.259000  16.260 0.000   3.754 0.000  12.506 0.000 0.027 0.000  2.112 0.000
 95.208333  96.208333   12.01 0.000   1.77 0.000 9.999 0.259000  0.81 0.000 0.091 0.000  0.785 0.000  1.099 0.000 99.99 0.259000   9.570 0.000   4.911 0.000   4.659 0.000 0.031 0.000  0.687 0.000
 98.208333  99.208333   13.60 0.000   1.01 0.000 9.999 0.259000  0.18 0.000 0.062 0.000  0.290 0.000  0.406 0.000 99.99 0.259000 999.999 0.456 999.999 0.999   5.072 0.000 0.042 0.000  0.491 0.000
101.208333 102.208333    9.83 0.000   1.19 0.000 9.999 0.259000  0.31 0.000 0.087 0.000  0.558 0.000  0.781 0.000 99.99 0.259000 999.999 0.456 999.999 0.999   4.986 0.000 0.040 0.000  0.313 0.000
104.208333 105.208333   26.81 0.000   2.21 0.000 9.999 0.259000  1.35 0.000 0.381 0.000  1.729 0.000  2.420 0.000 99.99 0.259000 999.999 0.456 999.999 0.999  11.198 0.000 0.057 0.000  1.284 0.000
107.208333 108.208333    8.45 0.000   0.73 0.000 9.999 0.259000  0.18 0.000 0.056 0.559  0.384 0.000  0.538 0.000 99.99 0.259000  16.901 0.000  12.291 0.000   4.610 0.000 0.031 0.000  0.422 0.559
110.208333 111.208333    9.18 0.000   0.56 0.000 9.999 0.259000  0.29 0.000 0.096 0.000  0.501 0.000  0.702 0.000 99.99 0.259000  16.372 0.000  10.899 0.000   5.473 0.000 0.034 0.000  0.450 0.000
113.208333 114.208333    4.22 0.000   0.68 0.000 9.999 0.259000  0.33 0.000 0.043 0.000  0.322 0.000  0.451 0.000 99.99 0.259000 999.999 0.456 999.999 0.999   1.722 0.000 0.013 0.000  0.121 0.000
116.208333 117.208333    7.59 0.000   0.90 0.000 9.999 0.259000  0.38 0.000 0.062 0.000  0.535 0.000  0.750 0.000 99.99 0.259000 999.999 0.456 999.999 0.999   3.819 0.000 0.023 0.000  0.469 0.000
119.208333 120.208333   25.20 0.000   1.12 0.000 9.999 0.259000  0.30 0.000 0.060 0.000  0.870 0.000  1.218 0.000 99.99 0.259000 999.999 0.456 999.999 0.999   3.099 0.000 0.028 0.000  0.262 0.000
122.208333 123.208333   25.19 0.000   1.52 0.000 9.999 0.259000  0.09 0.000 0.060 0.000  0.779 0.000  1.090 0.000 99.99 0.259000 999.999 0.456 999.999 0.999   4.475 0.000 0.032 0.000  0.354 0.000
125.208333 126.208333   24.17 0.000   0.84 0.000 9.999 0.259000  0.45 0.000 0.066 0.000  0.670 0.000  0.938 0.000 99.99 0.259000 999.999 0.456 999.999 0.999   3.785 0.000 0.034 0.000  0.364 0.000
128.208333 129.208333   10.76 0.000   0.76 0.000 0.017 0.000000  0.63 0.000 0.104 0.000  1.040 0.000  1.456 0.000 99.99 0.259000 999.999 0.456 999.999 0.999   4.716 0.000 0.011 0.000  0.651 0.000
131.208333 132.208333    5.27 0.000   0.30 0.000 9.999 0.259000  0.40 0.000 0.064 0.000  0.564 0.000  0.790 0.000 99.99 0.259000 999.999 0.456 999.999 0.999   4.031 0.000 0.019 0.000  0.477 0.000
134.208333 135.208333    4.51 0.000   0.66 0.000 0.030 0.000000  0.50 0.000 0.067 0.000  0.607 0.000  0.850 0.000 99.99 0.259000 999.999 0.456 999.999 0.999   3.083 0.000 0.007 0.000  0.396 0.000
137.208333 138.208333   17.31 0.000   0.65 0.000 9.999 0.259000  0.27 0.000 0.039 0.000  0.579 0.000  0.810 0.000 99.99 0.259000 999.999 0.456 999.999 0.999   3.472 0.000 0.021 0.000  0.406 0.000
140.208333 141.208333   30.42 0.000   1.55 0.000 9.999 0.259000  1.16 0.000 0.106 0.000  1.681 0.000  2.353 0.000 99.99 0.259000  18.172 0.000  10.649 0.000   7.523 0.000 0.030 0.000  0.783 0.000
143.208333 144.208333    6.67 0.000   0.25 0.000 9.999 0.259000  0.23 0.000 0.039 0.000  0.476 0.000  0.667 0.000 99.99 0.259000   6.196 0.000   2.911 0.000   3.285 0.000 0.020 0.000  0.297 0.000
146.208333 147.208333    1.38 0.000   0.12 0.000 9.999 0.259000  0.29 0.000 0.069 0.000  0.496 0.000  0.695 0.000 99.99 0.259000   6.531 0.000   3.275 0.000   3.256 0.000 0.012 0.000  0.307 0.000
149.208333 150.208333   30.47 0.000   2.49 0.000 9.999 0.259000  1.46 0.000 0.105 0.000  2.634 0.000  3.687 0.000 99.99 0.259000  22.983 0.000   5.445 0.000  17.538 0.000 0.025 0.000  2.952 0.000
152.208333 153.208333   14.82 0.000   0.89 0.000 9.999 0.259000  0.26 0.000 0.040 0.000  1.244 0.000  1.742 0.000 99.99 0.259000  11.834 0.000   7.732 0.000   4.102 0.000 0.023 0.000  0.306 0.000
155.208333 156.208333    3.16 0.000   0.94 0.000 9.999 0.259000  0.60 0.000 0.056 0.000  1.183 0.000  1.656 0.000 99.99 0.259000   8.424 0.000   3.451 0.000   4.973 0.000 0.019 0.000  0.615 0.000
158.208333 159.208333    9.64 0.000   2.10 0.000 9.999 0.259000  0.67 0.000 0.031 0.000  0.893 0.000  1.250 0.000 99.99 0.259000  14.222 0.000   1.333 0.000  12.888 0.000 0.021 0.000  2.459 0.000
161.208333 162.208333   16.01 0.000   1.50 0.000 0.034 0.000000  0.90 0.000 0.077 0.000  0.993 0.000  1.390 0.000 99.99 0.259000  19.354 0.000  10.035 0.000   9.319 0.000 0.020 0.000  1.671 0.000
164.208333 165.208333    3.56 0.000   0.34 0.000 9.999 0.259000  0.88 0.000 0.046 0.000  0.955 0.000  1.336 0.000 99.99 0.259000   9.523 0.000   4.329 0.000   5.193 0.000 0.015 0.000  0.814 0.000
167.208333 168.208333    3.54 0.000   0.70 0.000 0.062 0.000000  0.29 0.000 0.069 0.000  0.411 0.000  0.576 0.000 99.99 0.259000   9.011 0.000   6.612 0.000   2.399 0.000 0.013 0.000  0.278 0.000
170.208333 171.208333   15.99 0.000   1.04 0.000 9.999 0.259000  1.05 0.000 0.100 0.000  1.559 0.000  2.183 0.000 99.99 0.259000  15.460 0.000   7.632 0.000   7.828 0.000 0.028 0.000  1.017 0.000
173.208333 174.208333    0.66 0.000 999.99 0.259 0.035 0.000000  0.69 0.000 0.012 0.000  0.504 0.000  0.706 0.000 99.99 0.259000   5.332 0.000   2.701 0.000   2.631 0.000 0.009 0.000  0.385 0.000
176.208333 177.208333   71.34 0.000   3.25 0.000 0.142 0.000000  1.28 0.000 0.082 0.000  5.755 0.000  8.057 0.000 99.99 0.259000  41.419 0.000   9.593 0.000  31.826 0.000 0.091 0.000  4.667 0.000
179.208333 180.208333   25.61 0.000   1.65 0.000 9.999 0.259000  0.94 0.000 0.056 0.000  3.681 0.000  5.153 0.000 99.99 0.259000  20.627 0.000   8.200 0.000  12.427 0.000 0.042 0.000  1.253 0.000
182.208333 183.208333   35.75 0.000   2.11 0.000 9.999 0.259000  1.51 0.000 0.064 0.559  2.469 0.000  3.457 0.000 99.99 0.259000  21.660 0.000   8.868 0.000  12.792 0.000 0.049 0.000  1.479 0.559
185.208333 186.208333   92.64 0.000  14.77 0.000 0.190 0.000000  1.88 0.000 0.145 0.000  4.883 0.000  6.836 0.000 99.99 0.259000  52.878 0.000   9.958 0.000  42.920 0.000 0.722 0.000  6.980 0.000
188.208333 189.208333   40.10 0.000   1.37 0.000 9.999 0.259000  1.48 0.000 0.072 0.000  1.673 0.000  2.342 0.000 99.99 0.259000  29.067 0.000   5.325 0.000  23.742 0.000 0.055 0.000  4.459 0.000
191.208333 192.208333   21.97 0.000   0.58 0.000 0.033 0.000000  0.66 0.000 0.110 0.559  1.149 0.000  1.609 0.000 99.99 0.259000  14.711 0.000   5.756 0.000   8.955 0.000 0.035 0.000  1.316 0.559
194.208333 195.208333   21.69 0.000   2.62 0.000 9.999 0.259000  0.83 0.000 0.052 0.000  2.111 0.000  2.956 0.000 99.99 0.259000  13.186 0.000   4.506 0.000   8.681 0.000 0.030 0.000  0.906 0.000
197.208333 198.208333   25.73 0.000   1.13 0.000 0.066 0.000000  0.68 0.000 0.068 0.000  1.836 0.000  2.571 0.000 99.99 0.259000  17.587 0.000   5.038 0.000  12.549 0.000 0.026 0.000  1.846 0.000
200.208333 201.208333   28.35 0.000   2.47 0.000 0.050 0.000000  1.02 0.000 0.084 0.000  2.673 0.000  3.743 0.000 99.99 0.259000  15.832 0.000   5.369 0.000  10.463 0.000 0.038 0.000  0.929 0.000
203.208333 204.208333  106.93 0.000   0.37 0.000 9.999 0.259000  0.60 0.000 0.209 0.000  0.952 0.000  1.332 0.000 99.99 0.259000  26.756 0.000  12.443 0.000  14.313 0.000 0.115 0.000  1.742 0.000
206.208333 207.208333   50.13 0.000   3.42 0.000 9.999 0.259000  2.10 0.000 0.081 0.000  2.716 0.000  3.803 0.000 99.99 0.259000  24.554 0.000   4.699 0.000  19.854 0.000 0.035 0.000  3.014 0.000
209.208333 210.208333   11.49 0.000   0.70 0.000 9.999 0.259000  0.19 0.000 0.031 0.000  1.224 0.000  1.713 0.000 99.99 0.259000   3.916 0.000 999.999 0.259   4.451 0.000 0.016 0.000  0.298 0.000
212.208333 213.208333   26.09 0.000   0.41 0.000 9.999 0.259000  0.77 0.000 0.048 0.000  0.809 0.000  1.132 0.000 99.99 0.259000  12.745 0.000   6.133 0.000   6.612 0.000 0.025 0.000  1.003 0.000
215.208333 216.208333  150.47 0.000   0.26 0.000 9.999 0.259000  0.32 0.000 0.159 0.000  0.407 0.000  0.570 0.000 99.99 0.259000  22.712 0.000  14.336 0.000   8.376 0.000 0.095 0.000  0.605 0.000
218.208333 219.208333   26.39 0.000   0.71 0.000 9.999 0.259000  0.24 0.000 0.109 0.000  0.744 0.000  1.041 0.000 99.99 0.259000  15.237 0.000   9.168 0.000   6.069 0.000 0.045 0.000  0.464 0.000
221.208333 222.208333   35.93 0.000   0.25 0.000 9.999 0.259000  0.27 0.000 0.069 0.000  0.363 0.000  0.508 0.000 99.99 0.259000  15.890 0.000   8.151 0.000   7.740 0.000 0.065 0.000  0.344 0.000
224.208333 225.208333   22.87 0.000   0.49 0.000 0.094 0.000000  1.72 0.000 0.048 0.000  1.244 0.000  1.742 0.000 99.99 0.259000  24.491 0.000   3.325 0.000  21.166 0.000 0.027 0.000  4.141 0.000
227.208333 228.208333   43.50 0.000   3.27 0.000 0.069 0.000000  1.68 0.000 0.120 0.000  4.312 0.000  6.037 0.000 99.99 0.259000  23.587 0.000   4.259 0.000  19.328 0.000 0.047 0.000  2.475 0.000
230.208333 231.208333   18.79 0.000   1.60 0.000 9.999 0.259000  1.03 0.000 0.069 0.000  2.641 0.000  3.698 0.000 99.99 0.259000  15.686 0.000   7.089 0.000   8.597 0.000 0.037 0.000  0.749 0.000
233.208333 234.208333   38.55 0.000   2.02 0.000 9.999 0.259000  2.70 0.000 0.266 0.000  3.236 0.000  4.530 0.000 99.99 0.259000  35.621 0.000   3.879 0.000  31.742 0.000 0.052 0.000  5.998 0.000
236.208333 237.208333   23.94 0.000   1.99 0.000 0.055 0.000000  0.57 0.000 0.075 0.000  1.677 0.000  2.348 0.000 99.99 0.259000  14.834 0.000   6.824 0.000   8.011 0.000 0.025 0.000  0.974 0.000
239.208333 240.208333   25.84 0.000   1.19 0.000 0.029 0.000000  0.60 0.000 0.033 0.000  1.815 0.000  2.541 0.000 99.99 0.259000  14.587 0.000   8.234 0.000   6.353 0.000 0.024 0.000  0.323 0.000
242.208333 243.208333    9.32 0.000   0.52 0.000 9.999 0.259000  0.23 0.000 0.021 0.000  0.542 0.000  0.759 0.000 99.99 0.259000   8.013 0.000   5.777 0.000   2.236 0.000 0.015 0.000  0.164 0.000
