scripts/IMPROVE-2019_partial/data/US0020R.20020102080000.20191216000000.filterpack..pm25.52w.1w.US03L_filterpack_US0020.US03L_IMPROVE_Davis.lev2.nas
66 1001
MISSING INFORMATION
US03L, IMPROVE, , , , , , , 
MISSING INFORMATION
IMPROVE sel_HTAP
1 1
2002 01 01 2019 12 16
3.000000
days from file reference point
27
1 1 1 1 1 1 1 1 1 1 1 1 1 1 1 1 1 1 1 1 1 1 1 1 1 1 1
999.999999 9999.99 9.999 99.99 9.999999 9.999 9.999999 9.99 9.999999 9.999 9.999 99.999 9.999 999.999 9.999 999.99 9.999999 999.999 9.999 999.999 9.999 999.999 9.999 9.999 9.999 9.999 9.999
end_time of measurement, days from the file reference point
iron, ng/m3, Revision date=20181210133000
numflag iron, no unit, Revision date=20181210133000
lead, ng/m3, Revision date=20181210133000
numflag lead, no unit, Revision date=20181210133000
magnesium, ug/m3, Revision date=20181210133000
numflag magnesium, no unit, Revision date=20181210133000
nickel, ng/m3, Revision date=20181210133000
numflag nickel, no unit, Revision date=20181210133000
nitrate, ug N/m3, Revision date=20181210133000
numflag nitrate, no unit, Revision date=20181210133000
organic_carbon, ug C/m3, Revision date=20181210133000
numflag organic_carbon, no unit, Revision date=20181210133000
organic_mass, ug/m3, Revision date=20181210133000
numflag organic_mass, no unit, Revision date=20181210133000
phosphorus, ng/m3, Revision date=20181210133000
numflag phosphorus, no unit, Revision date=20181210133000
pm10_mass, ug/m3, Version=2, Version description=Data extracted from http://views.cira.colostate.edu/fed/DataWizard 2019-12-16, Sample duration=1d, Orig. time res.=3d, Matrix=pm10, Blank correction=Blank corrected, Volume std. temperature=ambient, Volume std. pressure=ambient
numflag pm10_mass, no unit, Version=2, Version description=Data extracted from http://views.cira.colostate.edu/fed/DataWizard 2019-12-16, Sample duration=1d, Orig. time res.=3d, Matrix=pm10, Blank correction=Blank corrected, Volume std. temperature=ambient, Volume std. pressure=ambient
pm10_pm25_mass, ug/m3, Revision date=20181210133000, Matrix=pm10_pm25
numflag pm10_pm25_mass, no unit, Revision date=20181210133000, Matrix=pm10_pm25
pm25_mass, ug/m3, Version=2, Version description=Data extracted from http://views.cira.colostate.edu/fed/DataWizard 2019-12-16, Sample duration=1d, Orig. time res.=3d, Blank correction=Blank corrected, Volume std. temperature=ambient, Volume std. pressure=ambient
numflag pm25_mass, no unit, Version=2, Version description=Data extracted from http://views.cira.colostate.edu/fed/DataWizard 2019-12-16, Sample duration=1d, Orig. time res.=3d, Blank correction=Blank corrected, Volume std. temperature=ambient, Volume std. pressure=ambient
potassium, ug/m3, Revision date=20181210133000
numflag potassium, no unit, Revision date=20181210133000
sulphate_total, ug S/m3, Revision date=20181210133000
numflag sulphate_total, no unit, Revision date=20181210133000
0
25
Data definition:              EBAS_1.1
Set type code:                TU
Timezone:                     UTC
File name:                    US0020R.20020102080000.20191216000000.filterpack..pm25.52w.1w.US03L_filterpack_US0020.US03L_IMPROVE_Davis.lev2.nas
File creation:                20191218115645
Startdate:                    20020102080000
Revision date:                20191216000000
Statistics:                   arithmetic mean
Data level:                   2
Period code:                  52w
Resolution code:              1w
Station code:                 US0020R
Platform code:                US0020S
Station name:                 Death Valley NP
Station latitude:             36.5089
Station longitude:            -116.8478
Station altitude:             130.0 m
Regime:                       IMG
Component:                    
Matrix:                       pm25
Laboratory code:              US03L
Instrument type:              filterpack
Instrument name:              filterpack_US0020
Method ref:                   US03L_IMPROVE_Davis
starttime endtime Fe flag_Fe Pb flag_Pb Mg++ flag_Mg++ Ni flag_Ni NO3- flag_NO3- OC flag_OC OM flag_OM P flag_P PM10 flag_PM10 PM10-PM2.5 flag_PM10-PM2.5 PM2.5 flag_PM2.5 K+ flag_K+ SO4-- flag_SO4--
  1.333333   2.333333   15.85 0.559  0.51 0.559000 9.999 0.559259 9.99 0.559259 0.019 0.000  0.470 0.000   0.658 0.000 999.99 0.559259   6.116 0.000   4.330 0.000   1.786 0.559 0.019 0.559 0.086 0.000
  4.333333   5.333333    4.97 0.559  0.30 0.559000 9.999 0.559259 9.99 0.559259 0.011 0.000  0.116 0.000   0.162 0.000 999.99 0.559259   1.667 0.000   1.051 0.000   0.616 0.559 0.007 0.559 0.039 0.000
  7.333333   8.333333    9.06 0.559  0.55 0.559000 9.999 0.559259 9.99 0.559259 0.007 0.000  0.273 0.000   0.382 0.000 999.99 0.559259   2.899 0.000   1.920 0.000   0.979 0.559 0.010 0.559 0.046 0.000
 10.333333  11.333333    7.82 0.559 99.99 0.559259 9.999 0.559259 9.99 0.559259 0.004 0.000  0.138 0.000   0.193 0.000 999.99 0.559259   2.012 0.000   1.307 0.000   0.706 0.559 0.010 0.559 0.042 0.000
 13.333333  14.333333   12.77 0.000  0.56 0.000000 9.999 0.259000 9.99 0.259000 0.003 0.000  0.155 0.000   0.216 0.000 999.99 0.259000   3.413 0.000   2.433 0.000   0.980 0.000 0.014 0.000 0.045 0.000
 16.333333  17.333333   29.25 0.559  0.54 0.559000 9.999 0.559259 9.99 0.559259 0.026 0.000  0.281 0.000   0.393 0.000 999.99 0.559259   7.302 0.000   5.273 0.000   2.029 0.559 0.024 0.559 0.141 0.000
 19.333333  20.333333    7.40 0.559  0.61 0.559000 9.999 0.559259 9.99 0.559259 0.008 0.000  0.156 0.000   0.218 0.000 999.99 0.559259   3.117 0.000   2.437 0.000   0.680 0.559 0.010 0.559 0.050 0.000
 22.333333  23.333333   77.45 0.559  1.28 0.559000 9.999 0.559259 9.99 0.559259 0.022 0.000  0.174 0.000   0.243 0.000 999.99 0.559259  15.992 0.000  13.146 0.000   2.846 0.559 0.074 0.559 0.121 0.000
 25.333333  26.333333   20.63 0.000  0.45 0.000000 9.999 0.259000 9.99 0.259000 0.015 0.000  0.122 0.000   0.171 0.000 999.99 0.259000   4.762 0.000   3.757 0.000   1.004 0.000 0.020 0.000 0.058 0.000
 28.333333  29.333333   53.16 0.000 99.99 0.259000 9.999 0.259000 9.99 0.259000 0.016 0.000  0.127 0.000   0.178 0.000 999.99 0.259000  29.456 0.000  27.305 0.000   2.150 0.000 0.039 0.000 0.078 0.000
 31.333333  32.333333   53.95 0.559  0.24 0.559000 9.999 0.559259 0.13 0.559000 0.009 0.000  0.197 0.000   0.275 0.000 999.99 0.559259  11.786 0.000  10.107 0.000   1.679 0.559 0.035 0.559 0.036 0.000
 34.333333  35.333333   75.96 0.559  0.59 0.559000 9.999 0.559259 9.99 0.559259 0.010 0.000  0.096 0.000   0.134 0.000 999.99 0.559259  21.070 0.000  18.275 0.000   2.795 0.559 0.054 0.559 0.069 0.000
 37.333333  38.333333   61.19 0.559  0.91 0.559000 9.999 0.559259 9.99 0.559259 0.013 0.000  0.220 0.000   0.308 0.000 999.99 0.559259   8.523 0.000   6.454 0.000   2.069 0.559 0.042 0.559 0.073 0.000
 40.333333  41.333333   17.98 0.559  0.31 0.559000 9.999 0.559259 9.99 0.559259 0.010 0.000  0.031 0.000   0.043 0.000 999.99 0.559259   2.328 0.000   1.488 0.000   0.840 0.559 0.014 0.559 0.033 0.000
 43.333333  44.333333 9999.99 0.999 99.99 0.999000 9.999 0.999000 9.99 0.999000 9.999 0.999 99.999 0.999 999.999 0.999 999.99 0.999000 999.999 0.999 999.999 0.999 999.999 0.999 9.999 0.999 9.999 0.999
 46.333333  47.333333 9999.99 0.999 99.99 0.999000 9.999 0.999000 9.99 0.999000 9.999 0.999 99.999 0.999 999.999 0.999 999.99 0.999000 999.999 0.999 999.999 0.999 999.999 0.999 9.999 0.999 9.999 0.999
 49.333333  50.333333 9999.99 0.999 99.99 0.999000 9.999 0.999000 9.99 0.999000 9.999 0.999 99.999 0.999 999.999 0.999 999.99 0.999000 999.999 0.999 999.999 0.999 999.999 0.999 9.999 0.999 9.999 0.999
 52.333333  53.333333   70.62 0.559  0.52 0.559000 9.999 0.559259 9.99 0.559259 0.140 0.000  0.354 0.000   0.495 0.000 999.99 0.559259  10.930 0.000   4.913 0.000   6.017 0.559 0.051 0.559 0.100 0.000
 55.333333  56.333333   81.04 0.559  0.60 0.559000 9.999 0.559259 9.99 0.559259 0.014 0.000  0.267 0.000   0.374 0.000 999.99 0.559259  15.467 0.000  11.535 0.000   3.932 0.559 0.058 0.559 0.084 0.000
 58.333333  59.333333  201.18 0.559  0.55 0.559000 9.999 0.559259 9.99 0.559259 0.028 0.000  0.320 0.000   0.448 0.000 999.99 0.559259  42.761 0.000  35.147 0.000   7.613 0.559 0.144 0.559 0.153 0.000
 61.333333  62.333333 9999.99 0.999 99.99 0.999000 9.999 0.999000 9.99 0.999000 9.999 0.999 99.999 0.999 999.999 0.999 999.99 0.999000 999.999 0.999 999.999 0.999 999.999 0.999 9.999 0.999 9.999 0.999
 64.333333  65.333333 9999.99 0.999 99.99 0.999000 9.999 0.999000 9.99 0.999000 9.999 0.999 99.999 0.999 999.999 0.999 999.99 0.999000 999.999 0.999 999.999 0.999 999.999 0.999 9.999 0.999 9.999 0.999
 67.333333  68.333333 9999.99 0.999 99.99 0.999000 9.999 0.999000 9.99 0.999000 9.999 0.999 99.999 0.999 999.999 0.999 999.99 0.999000 999.999 0.999 999.999 0.999 999.999 0.999 9.999 0.999 9.999 0.999
 70.333333  71.333333  106.78 0.559  0.31 0.559000 9.999 0.559259 9.99 0.559259 0.014 0.559  0.252 0.000   0.352 0.000 999.99 0.559259  23.777 0.000  20.047 0.000   3.729 0.559 0.071 0.559 0.076 0.559
 73.333333  74.333333   44.45 0.559  0.24 0.559000 9.999 0.559259 9.99 0.559259 0.030 0.559  0.134 0.000   0.187 0.000 999.99 0.559259  10.497 0.000   8.050 0.000   2.448 0.559 0.033 0.559 0.082 0.559
 76.333333  77.333333   97.14 0.559  0.48 0.559000 9.999 0.559259 9.99 0.559259 0.018 0.559  0.295 0.000   0.412 0.000 999.99 0.559259  16.957 0.000  13.658 0.000   3.299 0.559 0.079 0.559 0.127 0.559
 79.333333  80.333333   68.24 0.559  0.82 0.559000 9.999 0.559259 9.99 0.559259 0.013 0.559  0.165 0.000   0.232 0.000 999.99 0.559259  13.525 0.000   9.919 0.000   3.607 0.559 0.049 0.559 0.128 0.559
 82.333333  83.333333   19.64 0.559  0.37 0.559000 9.999 0.559259 9.99 0.559259 0.011 0.559 99.999 0.259 999.999 0.259 999.99 0.559259   4.239 0.000   3.555 0.000   0.684 0.559 0.016 0.559 0.038 0.559
 85.333333  86.333333   43.04 0.559  0.62 0.559000 9.999 0.559259 9.99 0.559259 0.013 0.000  0.162 0.000   0.227 0.000 999.99 0.559259   9.811 0.000   7.204 0.000   2.607 0.559 0.029 0.559 0.108 0.000
 88.333333  89.333333  168.30 0.559  2.43 0.559000 9.999 0.559259 0.18 0.559000 0.034 0.559  0.311 0.000   0.435 0.000 999.99 0.559259  12.444 0.000   7.295 0.000   5.149 0.559 0.111 0.559 0.291 0.559
 91.333333  92.333333  167.33 0.559  2.60 0.559000 9.999 0.559259 9.99 0.559259 0.063 0.559  0.755 0.000   1.058 0.000 999.99 0.559259  13.423 0.000   6.972 0.000   6.451 0.559 0.119 0.559 0.339 0.559
 94.333333  95.333333   61.51 0.559  1.44 0.559000 9.999 0.559259 0.23 0.559000 0.090 0.559  0.477 0.000   0.667 0.000 999.99 0.559259  13.687 0.000   8.879 0.000   4.808 0.559 0.049 0.559 0.348 0.559
 97.333333  98.333333  107.50 0.559  1.57 0.559000 9.999 0.559259 0.20 0.559000 0.077 0.559  1.045 0.000   1.462 0.000 999.99 0.559259  17.078 0.000  10.642 0.000   6.437 0.559 0.084 0.559 0.433 0.559
100.333333 101.333333  148.89 0.559  1.21 0.559000 9.999 0.559259 9.99 0.559259 0.054 0.000  0.428 0.000   0.599 0.000 999.99 0.559259  20.066 0.659 999.999 0.999   6.194 0.559 0.092 0.559 0.270 0.000
103.333333 104.333333  139.74 0.559  1.25 0.559000 9.999 0.559259 0.21 0.559000 0.043 0.559  0.834 0.000   1.167 0.000 999.99 0.559259  13.687 0.000   7.788 0.000   5.899 0.559 0.077 0.559 0.251 0.559
106.333333 107.333333  170.36 0.559  1.07 0.559000 9.999 0.559259 9.99 0.559259 0.104 0.559  0.554 0.000   0.776 0.000 999.99 0.559259  30.499 0.000  22.717 0.000   7.782 0.559 0.110 0.559 0.191 0.559
109.333333 110.333333   97.05 0.559  0.64 0.559000 0.085 0.559000 0.13 0.559000 0.030 0.559  0.360 0.000   0.505 0.000 999.99 0.559259   9.892 0.000   5.369 0.000   4.523 0.559 0.070 0.559 0.278 0.559
112.333333 113.333333  169.51 0.559  2.82 0.559000 9.999 0.559259 0.22 0.559000 0.144 0.000  0.717 0.000   1.003 0.000 999.99 0.559259  16.198 0.000   9.341 0.000   6.856 0.559 0.108 0.559 0.409 0.000
115.333333 116.333333   91.62 0.559  1.20 0.559000 9.999 0.559259 0.30 0.559000 0.089 0.000  0.727 0.000   1.018 0.000 999.99 0.559259  24.163 0.000  17.838 0.000   6.325 0.559 0.066 0.559 0.500 0.000
118.333333 119.333333  153.57 0.559  2.02 0.559000 9.999 0.559259 9.99 0.559259 0.087 0.000  0.461 0.000   0.645 0.000 999.99 0.559259  20.510 0.000  15.342 0.000   5.169 0.559 0.100 0.559 0.289 0.000
121.333333 122.333333  115.86 0.559  0.65 0.559000 9.999 0.559259 0.14 0.559000 0.018 0.559  0.158 0.000   0.221 0.000 999.99 0.559259  15.585 0.000  10.946 0.000   4.639 0.559 0.075 0.559 0.110 0.559
124.333333 125.333333  131.55 0.559  1.30 0.559000 9.999 0.559259 9.99 0.559259 0.113 0.559  0.987 0.000   1.382 0.000 999.99 0.559259  16.594 0.000   9.786 0.000   6.808 0.559 0.081 0.559 0.490 0.559
127.333333 128.333333  364.56 0.559  0.68 0.559000 0.235 0.559000 0.22 0.559000 0.054 0.559  0.621 0.000   0.870 0.000 999.99 0.559259  51.007 0.000  41.205 0.000   9.802 0.559 0.232 0.559 0.187 0.559
130.333333 131.333333  614.45 0.000  0.93 0.000000 9.999 0.259000 0.32 0.000000 0.044 0.559  0.841 0.000   1.177 0.000 999.99 0.259000  72.304 0.000  53.785 0.000  18.518 0.000 0.492 0.000 0.325 0.559
133.333333 134.333333   84.74 0.000  0.99 0.000000 0.059 0.000000 0.19 0.000000 0.051 0.559  0.791 0.000   1.108 0.000 999.99 0.259000  11.682 0.000   6.927 0.000   4.756 0.000 0.071 0.000 0.285 0.559
136.333333 137.333333  153.18 0.000  1.09 0.000000 9.999 0.259000 0.27 0.000000 0.179 0.559  1.216 0.000   1.702 0.000 999.99 0.259000  39.178 0.000  29.938 0.000   9.240 0.000 0.100 0.000 0.513 0.559
139.333333 140.333333  205.53 0.000  0.39 0.000000 9.999 0.259000 0.27 0.000000 0.042 0.559  0.457 0.000   0.640 0.000 999.99 0.259000  49.580 0.000  43.755 0.000   5.825 0.000 0.094 0.000 0.162 0.559
142.333333 143.333333  119.85 0.000  0.51 0.000000 0.039 0.000000 9.99 0.259000 0.043 0.559  0.670 0.000   0.939 0.000 999.99 0.259000  18.370 0.000  13.328 0.000   5.043 0.000 0.076 0.000 0.177 0.559
145.333333 146.333333   85.36 0.000  0.99 0.000000 9.999 0.259000 0.32 0.000000 0.102 0.559  0.956 0.000   1.338 0.000 999.99 0.259000  15.060 0.000   9.331 0.000   5.729 0.000 0.059 0.000 0.404 0.559
148.333333 149.333333   88.57 0.000  0.91 0.000000 9.999 0.259000 0.18 0.000000 0.056 0.559  0.780 0.000   1.092 0.000 999.99 0.259000  16.272 0.000  11.565 0.000   4.707 0.000 0.057 0.000 0.369 0.559
151.333333 152.333333  174.41 0.000  0.97 0.000000 9.999 0.259000 0.22 0.000000 0.072 0.559  1.426 0.000   1.997 0.000 999.99 0.259000  21.080 0.000  12.817 0.000   8.263 0.000 0.110 0.000 0.651 0.559
154.333333 155.333333   46.03 0.000  1.04 0.000000 9.999 0.259000 9.99 0.259000 0.036 0.559  0.662 0.000   0.926 0.000 999.99 0.259000   7.265 0.000   3.363 0.000   3.902 0.000 0.040 0.000 0.319 0.559
157.333333 158.333333   96.96 0.000  1.02 0.000000 9.999 0.259000 9.99 0.259000 0.064 0.559  1.641 0.000   2.297 0.000 999.99 0.259000  24.959 0.000  18.219 0.000   6.740 0.000 0.092 0.000 0.286 0.559
160.333333 161.333333  102.61 0.000  0.35 0.000000 0.075 0.000000 9.99 0.259000 0.024 0.559  0.214 0.000   0.300 0.000 999.99 0.259000  10.519 0.000   7.379 0.000   3.141 0.000 0.073 0.000 0.078 0.559
163.333333 164.333333  135.20 0.000  0.92 0.000000 9.999 0.259000 9.99 0.259000 0.152 0.559  0.746 0.000   1.045 0.000 999.99 0.259000  28.513 0.000  21.482 0.000   7.031 0.000 0.134 0.000 0.367 0.559
166.333333 167.333333   94.82 0.000  1.36 0.000000 9.999 0.259000 9.99 0.259000 0.104 0.000  2.580 0.000   3.613 0.000 999.99 0.259000  18.746 0.000   9.733 0.000   9.013 0.000 0.128 0.000 0.547 0.000
169.333333 170.333333  360.44 0.000  0.37 0.000000 9.999 0.259000 9.99 0.259000 0.076 0.000  1.733 0.000   2.426 0.000 999.99 0.259000  45.915 0.000  34.686 0.000  11.229 0.000 0.236 0.000 0.354 0.000
172.333333 173.333333  511.17 0.000  0.97 0.000000 0.135 0.000000 0.24 0.000000 0.137 0.000  1.112 0.000   1.556 0.000 999.99 0.259000  23.270 0.000   7.076 0.000  16.194 0.000 0.312 0.000 0.438 0.000
175.333333 176.333333  990.43 0.000  1.62 0.000000 0.158 0.000000 0.51 0.000000 0.065 0.000  0.742 0.000   1.039 0.000 999.99 0.259000  12.054 0.000 999.999 0.259  23.673 0.000 0.564 0.000 0.381 0.000
178.333333 179.333333  256.51 0.000  1.69 0.000000 9.999 0.259000 0.24 0.000000 0.095 0.000  1.998 0.000   2.797 0.000 999.99 0.259000  31.041 0.000  18.309 0.000  12.732 0.000 0.171 0.000 0.715 0.000
181.333333 182.333333  167.47 0.000  1.42 0.000000 9.999 0.259000 0.20 0.000000 0.108 0.000  1.649 0.000   2.308 0.000 999.99 0.259000  26.797 0.000  17.205 0.000   9.593 0.000 0.151 0.000 0.622 0.000
184.333333 185.333333  286.76 0.000  0.79 0.000000 9.999 0.259000 0.31 0.000000 0.073 0.000  1.263 0.000   1.768 0.000 999.99 0.259000  21.039 0.000   8.653 0.000  12.386 0.000 0.176 0.000 0.627 0.000
187.333333 188.333333   56.64 0.000  1.09 0.000000 9.999 0.259000 9.99 0.259000 0.116 0.000  0.950 0.000   1.329 0.000 999.99 0.259000  13.434 0.000   7.955 0.000   5.479 0.000 0.095 0.000 0.429 0.000
190.333333 191.333333  132.13 0.000  0.46 0.000000 9.999 0.259000 9.99 0.259000 0.090 0.000  0.955 0.000   1.337 0.000 999.99 0.259000  32.118 0.000  24.376 0.000   7.742 0.000 0.184 0.000 0.498 0.000
193.333333 194.333333  222.82 0.000  0.71 0.000000 0.111 0.000000 0.19 0.000000 0.063 0.000  1.257 0.000   1.760 0.000 999.99 0.259000  35.346 0.000  25.530 0.000   9.816 0.000 0.144 0.000 0.499 0.000
196.333333 197.333333  176.44 0.000  0.91 0.000000 9.999 0.259000 0.29 0.000000 0.095 0.000  0.853 0.000   1.194 0.000 999.99 0.259000  20.380 0.000  11.409 0.000   8.972 0.000 0.108 0.000 0.699 0.000
199.333333 200.333333  126.49 0.000  0.23 0.000000 9.999 0.259000 0.09 0.000000 0.039 0.000  0.434 0.000   0.607 0.000 999.99 0.259000  19.812 0.000  14.401 0.000   5.411 0.000 0.090 0.000 0.313 0.000
202.333333 203.333333   28.81 0.000  0.41 0.000000 9.999 0.259000 9.99 0.259000 0.029 0.000  0.132 0.000   0.185 0.000 999.99 0.259000   6.076 0.000   4.224 0.000   1.852 0.000 0.022 0.000 0.207 0.000
205.333333 206.333333   89.60 0.000  0.55 0.000000 9.999 0.259000 0.23 0.000000 0.070 0.000  3.030 0.000   4.242 0.000 999.99 0.259000  32.627 0.000  23.016 0.000   9.611 0.000 0.079 0.000 0.481 0.000
208.333333 209.333333   72.85 0.000  1.42 0.000000 9.999 0.259000 9.99 0.259000 0.084 0.559  1.421 0.000   1.990 0.000 999.99 0.259000  18.746 0.000  13.032 0.000   5.714 0.000 0.052 0.000 0.355 0.559
211.333333 212.333333  126.10 0.000  0.92 0.000000 9.999 0.259000 0.15 0.000000 0.108 0.559  5.827 0.000   8.158 0.000 999.99 0.259000  39.868 0.000  24.003 0.000  15.864 0.000 0.129 0.000 0.563 0.559
214.333333 215.333333   47.21 0.000  0.60 0.000000 9.999 0.259000 0.22 0.000000 0.065 0.000  3.758 0.000   5.261 0.000 999.99 0.259000  18.902 0.000   9.227 0.000   9.675 0.000 0.110 0.000 0.330 0.000
217.333333 218.333333   54.12 0.000  0.54 0.000000 9.999 0.259000 0.21 0.000000 0.106 0.559  2.418 0.000   3.385 0.000 999.99 0.259000  16.767 0.000   9.065 0.000   7.702 0.000 0.074 0.000 0.306 0.559
220.333333 221.333333  147.41 0.000  0.86 0.000000 0.073 0.000000 0.16 0.000000 0.052 0.559  1.274 0.000   1.784 0.000 999.99 0.259000  17.998 0.000  10.555 0.000   7.443 0.000 0.114 0.000 0.193 0.559
223.333333 224.333333   57.81 0.000  0.49 0.000000 9.999 0.259000 9.99 0.259000 0.060 0.559  3.700 0.000   5.180 0.000 999.99 0.259000  18.436 0.000   8.227 0.000  10.209 0.000 0.109 0.000 0.273 0.559
226.333333 227.333333  413.71 0.000  0.54 0.000000 0.175 0.000000 0.53 0.000000 0.084 0.559  5.472 0.000   7.661 0.000 999.99 0.259000  38.445 0.000  15.606 0.000  22.840 0.000 0.332 0.000 0.310 0.559
229.333333 230.333333   87.71 0.000  1.09 0.000000 9.999 0.259000 9.99 0.259000 0.126 0.559  6.689 0.000   9.365 0.000 999.99 0.259000  29.107 0.000  11.776 0.000  17.331 0.000 0.132 0.000 0.504 0.559
232.333333 233.333333  408.28 0.000  8.71 0.000000 0.083 0.000000 0.44 0.000000 0.197 0.559  7.463 0.000  10.448 0.000 999.99 0.259000  51.242 0.000  24.699 0.000  26.543 0.000 0.331 0.000 0.335 0.559
235.333333 236.333333   92.11 0.000  0.63 0.000000 0.043 0.000000 9.99 0.259000 0.084 0.559  1.492 0.000   2.089 0.000  20.16 0.000000  15.542 0.000   8.831 0.000   6.711 0.000 0.096 0.000 0.223 0.559
