scripts/IMPROVE-2019_partial/data/US0080R.20040101050000.20191216000000.filterpack..pm25.52w.1w.US03L_filterpack_US0080.US03L_IMPROVE_Davis.lev2.nas
66 1001
MISSING INFORMATION
US03L, IMPROVE, , , , , , , 
MISSING INFORMATION
IMPROVE sel_HTAP
1 1
2004 01 01 2019 12 16
3.000000
days from file reference point
27
1 1 1 1 1 1 1 1 1 1 1 1 1 1 1 1 1 1 1 1 1 1 1 1 1 1 1
999.999999 99.999 9.999 9999.99 9.999 999.99 9.999 9.999 9.999 99.99 9.999 99.999 9.999 99.999 9.999 999.999 9.999 999.999 9.999 999.999 9.999 999.999 9.999 9.999 9.999 99.999 9.999
end_time of measurement, days from the file reference point
ammonium, ug N/m3, Revision date=20181210133000
numflag ammonium, no unit, Revision date=20181210133000
iron, ng/m3, Revision date=20181210133000
numflag iron, no unit, Revision date=20181210133000
lead, ng/m3, Revision date=20181210133000
numflag lead, no unit, Revision date=20181210133000
magnesium, ug/m3, Revision date=20181210133000
numflag magnesium, no unit, Revision date=20181210133000
nickel, ng/m3, Revision date=20181210133000
numflag nickel, no unit, Revision date=20181210133000
nitrate, ug N/m3, Revision date=20181210133000
numflag nitrate, no unit, Revision date=20181210133000
organic_carbon, ug C/m3, Revision date=20181210133000
numflag organic_carbon, no unit, Revision date=20181210133000
organic_mass, ug/m3, Revision date=20181210133000
numflag organic_mass, no unit, Revision date=20181210133000
pm10_mass, ug/m3, Version=2, Version description=Data extracted from http://views.cira.colostate.edu/fed/DataWizard 2019-12-16, Sample duration=1d, Orig. time res.=3d, Matrix=pm10, Blank correction=Blank corrected, Volume std. temperature=ambient, Volume std. pressure=ambient
numflag pm10_mass, no unit, Version=2, Version description=Data extracted from http://views.cira.colostate.edu/fed/DataWizard 2019-12-16, Sample duration=1d, Orig. time res.=3d, Matrix=pm10, Blank correction=Blank corrected, Volume std. temperature=ambient, Volume std. pressure=ambient
pm10_pm25_mass, ug/m3, Revision date=20181210133000, Matrix=pm10_pm25
numflag pm10_pm25_mass, no unit, Revision date=20181210133000, Matrix=pm10_pm25
pm25_mass, ug/m3, Version=2, Version description=Data extracted from http://views.cira.colostate.edu/fed/DataWizard 2019-12-16, Sample duration=1d, Orig. time res.=3d, Blank correction=Blank corrected, Volume std. temperature=ambient, Volume std. pressure=ambient
numflag pm25_mass, no unit, Version=2, Version description=Data extracted from http://views.cira.colostate.edu/fed/DataWizard 2019-12-16, Sample duration=1d, Orig. time res.=3d, Blank correction=Blank corrected, Volume std. temperature=ambient, Volume std. pressure=ambient
potassium, ug/m3, Revision date=20181210133000
numflag potassium, no unit, Revision date=20181210133000
sulphate_total, ug S/m3, Revision date=20181210133000
numflag sulphate_total, no unit, Revision date=20181210133000
0
25
Data definition:              EBAS_1.1
Set type code:                TU
Timezone:                     UTC
File name:                    US0080R.20040101050000.20191216000000.filterpack..pm25.52w.1w.US03L_filterpack_US0080.US03L_IMPROVE_Davis.lev2.nas
File creation:                20191218120050
Startdate:                    20040101050000
Revision date:                20191216000000
Statistics:                   arithmetic mean
Data level:                   2
Period code:                  52w
Resolution code:              1w
Station code:                 US0080R
Platform code:                US0080S
Station name:                 James River Face Wilderness
Station latitude:             37.6266
Station longitude:            -79.5125
Station altitude:             289.0 m
Regime:                       IMG
Component:                    
Matrix:                       pm25
Laboratory code:              US03L
Instrument type:              filterpack
Instrument name:              filterpack_US0080
Method ref:                   US03L_IMPROVE_Davis
starttime endtime NH4+ flag_NH4+ Fe flag_Fe Pb flag_Pb Mg++ flag_Mg++ Ni flag_Ni NO3- flag_NO3- OC flag_OC OM flag_OM PM10 flag_PM10 PM10-PM2.5 flag_PM10-PM2.5 PM2.5 flag_PM2.5 K+ flag_K+ SO4-- flag_SO4--
  0.208333   1.208333  0.284 0.000   28.61 0.000   2.01 0.000 9.999 0.259  0.14 0.000  0.049 0.000  2.507 0.000   3.510 0.000   6.799 0.000   1.996 0.000   4.803 0.000 0.077 0.000  0.332 0.000
  3.208333   4.208333  1.025 0.000   14.81 0.000   1.42 0.000 0.065 0.000  0.39 0.000  0.095 0.000  1.636 0.000   2.290 0.000   9.535 0.000   1.116 0.000   8.419 0.000 0.055 0.000  1.279 0.000
  6.208333   7.208333  0.354 0.000   12.13 0.000   0.66 0.000 9.999 0.259  0.10 0.000  0.156 0.000  1.059 0.000   1.482 0.000   5.401 0.000   1.884 0.000   3.517 0.000 0.021 0.000  0.316 0.000
  9.208333  10.208333  1.954 0.000   23.57 0.000   2.99 0.000 9.999 0.259  0.22 0.000  1.387 0.000  3.057 0.000   4.280 0.000  18.913 0.000   2.240 0.000  16.673 0.000 0.090 0.000  0.726 0.000
 12.208333  13.208333  0.936 0.000   14.09 0.000   1.68 0.000 9.999 0.259  0.13 0.000  0.163 0.000  0.894 0.000   1.252 0.000   7.054 0.000   1.114 0.000   5.940 0.000 0.022 0.000  0.972 0.000
 15.208333  16.208333  0.199 0.000   11.29 0.000   0.64 0.000 9.999 0.259 99.99 0.259  0.072 0.000  0.758 0.000   1.062 0.000   3.363 0.000   1.128 0.000   2.234 0.000 0.019 0.000  0.226 0.000
 18.208333  19.208333  0.706 0.000    8.55 0.000   0.71 0.000 9.999 0.259  0.06 0.000  0.173 0.000  1.043 0.000   1.461 0.000   5.921 0.000   0.353 0.000   5.568 0.000 0.026 0.000  0.840 0.000
 21.208333  22.208333  0.789 0.000   30.25 0.000   1.78 0.000 9.999 0.259  0.17 0.000  0.344 0.000  1.979 0.000   2.771 0.000  10.380 0.000   2.854 0.000   7.526 0.000 0.053 0.000  0.608 0.000
 24.208333  25.208333  0.832 0.000   20.35 0.000   2.10 0.000 9.999 0.259  0.30 0.000  0.294 0.000  1.697 0.000   2.376 0.000   8.157 0.000   1.031 0.000   7.126 0.000 0.045 0.000  0.728 0.000
 27.208333  28.208333 99.999 0.999 9999.99 0.999 999.99 0.999 9.999 0.999 99.99 0.999 99.999 0.999 99.999 0.999 999.999 0.999 999.999 0.999 999.999 0.999 999.999 0.999 9.999 0.999 99.999 0.999
 30.208333  31.208333  0.363 0.000   13.81 0.000   1.63 0.000 9.999 0.259  0.16 0.000  0.126 0.000  1.033 0.000   1.446 0.000   5.263 0.000   1.230 0.000   4.033 0.000 0.025 0.000  0.362 0.000
 33.208333  34.208333  0.882 0.000   15.25 0.000   2.78 0.000 0.072 0.000  0.87 0.000  0.266 0.000  1.892 0.000   2.649 0.000   8.955 0.000   0.670 0.000   8.285 0.000 0.047 0.000  1.009 0.000
 36.208333  37.208333  0.554 0.000   14.58 0.000   1.21 0.000 9.999 0.259  0.52 0.000  0.212 0.000  1.418 0.000   1.985 0.000   5.738 0.000   0.492 0.000   5.246 0.000 0.056 0.000  0.483 0.000
 39.208333  40.208333  0.963 0.000   33.19 0.000   2.13 0.000 9.999 0.259  0.18 0.000  0.188 0.000  3.003 0.000   4.204 0.000  13.852 0.000   3.101 0.000  10.752 0.000 0.135 0.000  1.017 0.000
 42.208333  43.208333 99.999 0.259   58.17 0.000   2.73 0.000 9.999 0.259  0.20 0.000  0.301 0.000  2.453 0.000   3.434 0.000  11.075 0.000   2.663 0.000   8.411 0.000 0.214 0.000  0.614 0.000
 45.208333  46.208333 99.999 0.259   46.81 0.000   3.54 0.000 9.999 0.259  0.15 0.000  0.669 0.000  2.624 0.000   3.673 0.000  13.962 0.000   1.719 0.000  12.243 0.000 0.309 0.000  0.915 0.000
 48.208333  49.208333  0.780 0.000   35.83 0.000   3.48 0.000 9.999 0.259  0.50 0.000  0.353 0.000  2.357 0.000   3.300 0.000  12.162 0.000   2.306 0.000   9.856 0.000 0.095 0.000  0.720 0.000
 51.208333  52.208333  1.414 0.000   17.28 0.000   0.74 0.000 9.999 0.259  0.06 0.000  0.096 0.000  0.771 0.000   1.079 0.000  10.471 0.000   1.555 0.000   8.916 0.000 0.023 0.000  1.668 0.000
 54.208333  55.208333 99.999 0.259   81.27 0.000   3.79 0.000 9.999 0.259  0.44 0.000  0.334 0.000  4.331 0.000   6.063 0.000  18.085 0.000   1.752 0.000  16.333 0.000 0.386 0.000  1.796 0.000
 57.208333  58.208333 99.999 0.259   24.33 0.000   3.70 0.000 9.999 0.259  0.17 0.000  0.627 0.000  1.504 0.000   2.106 0.000  10.435 0.000   1.777 0.000   8.658 0.000 0.069 0.000  0.615 0.000
 60.208333  61.208333  0.556 0.000   45.66 0.000   2.70 0.000 0.038 0.000  0.14 0.000  0.197 0.000  3.194 0.000   4.471 0.000  12.845 0.000   4.433 0.000   8.413 0.000 0.318 0.000  0.688 0.000
 63.208333  64.208333  0.990 0.000   49.17 0.000   1.42 0.000 0.123 0.000  0.14 0.000  0.123 0.000  2.474 0.000   3.463 0.000  15.322 0.000   4.752 0.000  10.570 0.000 0.090 0.000  1.152 0.000
 66.208333  67.208333  0.890 0.000   22.82 0.000   2.48 0.000 0.068 0.000 99.99 0.259  0.036 0.000  0.548 0.000   0.767 0.000   6.871 0.000   1.089 0.000   5.782 0.000 0.067 0.000  1.029 0.000
 69.208333  70.208333  1.749 0.000   20.46 0.000   2.68 0.000 9.999 0.259  0.20 0.000  0.524 0.000  1.508 0.000   2.111 0.000  10.803 0.000   0.401 0.000  10.402 0.000 0.033 0.000  1.450 0.000
 72.208333  73.208333  0.690 0.000   28.74 0.000   2.06 0.000 9.999 0.259  0.06 0.000  0.312 0.000  1.508 0.000   2.111 0.000   8.479 0.000   2.175 0.000   6.305 0.000 0.051 0.000  0.616 0.000
 75.208333  76.208333  1.148 0.000   14.97 0.000   2.11 0.000 9.999 0.259  0.29 0.000  0.564 0.000  1.809 0.000   2.533 0.000   8.975 0.000   0.429 0.000   8.546 0.000 0.047 0.000  0.799 0.000
 78.208333  79.208333  0.877 0.000   18.54 0.000   1.70 0.000 9.999 0.259 99.99 0.259  0.047 0.000  0.656 0.000   0.918 0.000   6.725 0.000   0.626 0.000   6.099 0.000 0.035 0.000  1.085 0.000
 81.208333  82.208333  0.630 0.000   13.56 0.000   1.36 0.000 0.050 0.000 99.99 0.259  0.048 0.000  0.537 0.000   0.752 0.000   5.181 0.000   0.784 0.000   4.397 0.000 0.021 0.000  0.715 0.000
 84.208333  85.208333  1.269 0.000   69.33 0.000  11.74 0.000 9.999 0.259  0.14 0.000  0.168 0.000  4.427 0.000   6.198 0.000  19.639 0.000   4.820 0.000  14.819 0.000 0.149 0.000  1.370 0.000
 87.208333  88.208333  1.593 0.000   29.35 0.000   2.94 0.000 9.999 0.259  0.21 0.000  0.165 0.000  1.971 0.000   2.759 0.000  12.270 0.000   1.004 0.000  11.265 0.000 0.199 0.000  1.752 0.000
 90.208333  91.208333  1.233 0.000   22.02 0.000   1.00 0.000 9.999 0.259  0.33 0.000  0.463 0.000  1.052 0.000   1.473 0.000   9.174 0.000   1.159 0.000   8.015 0.000 0.039 0.000  1.066 0.000
 93.208333  94.208333  0.999 0.000   12.14 0.000   1.41 0.000 9.999 0.259 99.99 0.259  0.082 0.000  0.576 0.000   0.807 0.000   6.762 0.000   0.681 0.000   6.080 0.000 0.021 0.000  1.100 0.000
 96.208333  97.208333  0.270 0.000   30.31 0.000   0.93 0.000 9.999 0.259  0.12 0.000  0.088 0.000  0.726 0.000   1.016 0.000   5.989 0.000   2.542 0.000   3.447 0.000 0.025 0.000  0.283 0.000
 99.208333 100.208333  2.185 0.000   55.38 0.000   6.89 0.000 9.999 0.259  0.15 0.000  0.294 0.000  1.798 0.000   2.517 0.000  17.544 0.000   3.440 0.000  14.104 0.000 0.057 0.000  2.188 0.000
102.208333 103.208333  0.810 0.000    4.68 0.000   1.64 0.000 9.999 0.259  0.16 0.000  0.459 0.000  0.643 0.000   0.900 0.000   4.763 0.000 999.999 0.259   4.782 0.000 0.018 0.000  0.496 0.000
105.208333 106.208333  0.739 0.000   38.63 0.000   2.50 0.000 9.999 0.259  0.17 0.000  0.121 0.000  0.858 0.000   1.202 0.000   7.984 0.000   1.992 0.000   5.992 0.000 0.036 0.000  0.826 0.000
108.208333 109.208333  1.261 0.559   88.27 0.000   4.50 0.000 9.999 0.259 99.99 0.259  0.054 0.559  3.577 0.000   5.007 0.000  17.417 0.000   2.664 0.000  14.753 0.000 0.148 0.000  1.397 0.559
111.208333 112.208333  1.004 0.000   70.08 0.000   2.30 0.000 0.073 0.000  0.37 0.000  0.172 0.000  1.951 0.000   2.732 0.000  14.142 0.000   3.833 0.000  10.310 0.000 0.081 0.000  1.133 0.000
114.208333 115.208333  1.322 0.000   51.07 0.000   1.95 0.000 9.999 0.259 99.99 0.259  0.037 0.000  1.239 0.000   1.735 0.000  11.863 0.000   2.000 0.000   9.864 0.000 0.062 0.000  1.560 0.000
117.208333 118.208333  0.902 0.000   41.41 0.000   1.78 0.000 9.999 0.259 99.99 0.259  0.104 0.000  0.740 0.000   1.035 0.000  11.077 0.000   4.022 0.000   7.055 0.000 0.040 0.000  1.040 0.000
120.208333 121.208333  1.611 0.000   71.74 0.000   2.95 0.000 9.999 0.259 99.99 0.259  0.104 0.000  2.410 0.000   3.373 0.000  18.458 0.000   3.766 0.000  14.691 0.000 0.099 0.000  1.962 0.000
123.208333 124.208333  0.718 0.000   11.09 0.000   0.56 0.000 9.999 0.259  0.17 0.000  0.032 0.000  0.443 0.000   0.620 0.000   7.018 0.000   1.671 0.000   5.347 0.000 0.020 0.000  1.021 0.000
126.208333 127.208333  1.723 0.000   48.36 0.000   2.48 0.000 9.999 0.259  0.13 0.000  0.086 0.000  2.293 0.000   3.210 0.000  16.070 0.000   2.060 0.000  14.011 0.000 0.051 0.000  1.966 0.000
129.208333 130.208333  1.951 0.000   62.02 0.000  22.52 0.000 9.999 0.259  0.39 0.000  0.085 0.000  3.086 0.000   4.320 0.000  20.255 0.000   2.389 0.000  17.866 0.000 0.066 0.000  2.350 0.000
132.208333 133.208333  1.382 0.000   54.73 0.000   1.52 0.000 9.999 0.259  0.30 0.000  0.162 0.000  2.351 0.000   3.292 0.000  14.652 0.000   1.895 0.000  12.757 0.000 0.044 0.000  1.627 0.000
135.208333 136.208333  1.360 0.000   70.87 0.000   3.63 0.000 9.999 0.259  0.18 0.000  0.104 0.000  2.939 0.000   4.115 0.000  17.795 0.000   3.598 0.000  14.197 0.000 0.149 0.000  1.843 0.000
138.208333 139.208333  1.104 0.000   47.63 0.000   2.67 0.000 0.061 0.000  0.17 0.000  0.121 0.000  2.027 0.000   2.838 0.000  17.562 0.000   5.918 0.000  11.644 0.000 0.052 0.000  1.523 0.000
141.208333 142.208333  0.766 0.000  117.36 0.000   2.55 0.000 9.999 0.259  0.29 0.000  0.082 0.000  2.458 0.000   3.442 0.000  15.940 0.000   5.953 0.000   9.986 0.000 0.067 0.000  1.143 0.000
144.208333 145.208333  1.171 0.000   40.59 0.000   1.77 0.000 0.055 0.000  0.29 0.000  0.063 0.000  2.447 0.000   3.426 0.000  16.609 0.000   3.704 0.000  12.906 0.000 0.050 0.000  1.580 0.000
147.208333 148.208333  0.439 0.000   22.79 0.000   0.86 0.000 9.999 0.259  0.15 0.000  0.035 0.000  1.371 0.000   1.919 0.000  10.380 0.000   4.911 0.000   5.470 0.000 0.038 0.000  0.574 0.000
150.208333 151.208333  1.819 0.000   33.21 0.000   3.04 0.000 0.088 0.000  0.39 0.000  0.059 0.000  2.962 0.000   4.147 0.000  19.784 0.000   3.186 0.000  16.598 0.000 0.081 0.000  2.270 0.000
153.208333 154.208333  0.339 0.000   38.99 0.000   0.87 0.000 0.069 0.000 99.99 0.259  0.025 0.000  1.401 0.000   1.962 0.000   8.233 0.000   3.449 0.000   4.784 0.000 0.036 0.000  0.476 0.000
156.208333 157.208333  0.432 0.000   14.09 0.000   2.68 0.000 9.999 0.259  0.31 0.000  0.072 0.000  0.894 0.000   1.252 0.000   6.800 0.000   1.924 0.000   4.877 0.000 0.017 0.000  0.630 0.000
159.208333 160.208333  3.696 0.000   47.22 0.000   2.07 0.000 9.999 0.259  0.54 0.000  0.069 0.000  3.986 0.000   5.580 0.000  32.096 0.000   4.120 0.000  27.976 0.000 0.084 0.000  4.759 0.000
162.208333 163.208333  0.935 0.000  161.30 0.000   1.11 0.000 9.999 0.259  0.11 0.000  0.046 0.000  1.803 0.000   2.524 0.000  18.627 0.000   6.071 0.000  12.556 0.000 0.131 0.000  1.500 0.000
165.208333 166.208333  1.166 0.000   23.79 0.000   0.99 0.000 0.232 0.000  0.19 0.000  0.063 0.000  1.915 0.000   2.681 0.000  13.781 0.000   1.528 0.000  12.253 0.000 0.039 0.000  1.827 0.000
168.208333 169.208333  0.803 0.000   76.94 0.000   0.90 0.000 9.999 0.259  0.11 0.000  0.056 0.000  1.501 0.000   2.101 0.000  13.889 0.000   4.278 0.000   9.611 0.000 0.041 0.000  1.187 0.000
171.208333 172.208333  1.304 0.000   29.95 0.000   1.78 0.000 0.161 0.000 99.99 0.259  0.052 0.000  1.401 0.000   1.962 0.000  13.129 0.000   2.465 0.000  10.665 0.000 0.059 0.000  1.568 0.000
174.208333 175.208333  1.811 0.000   49.82 0.000   1.39 0.000 0.183 0.000  0.16 0.000  0.058 0.000  2.136 0.000   2.990 0.000  18.531 0.000   2.460 0.000  16.071 0.000 0.092 0.000  2.434 0.000
177.208333 178.208333  1.311 0.000   24.78 0.000   3.90 0.000 0.065 0.000  0.17 0.000  0.104 0.000  1.481 0.000   2.073 0.000  14.070 0.000   3.991 0.000  10.079 0.000 0.033 0.000  1.557 0.000
180.208333 181.208333  2.332 0.000   43.21 0.000   2.27 0.000 9.999 0.259 99.99 0.259  0.060 0.000  2.174 0.000   3.044 0.000  20.558 0.000   2.671 0.000  17.887 0.000 0.043 0.000  2.768 0.000
183.208333 184.208333  1.559 0.000   30.68 0.000   1.40 0.000 9.999 0.259  0.20 0.000  0.066 0.000  2.129 0.000   2.980 0.000  17.341 0.000   3.333 0.000  14.008 0.000 0.038 0.000  2.014 0.000
186.208333 187.208333  0.954 0.000   33.50 0.000   1.52 0.000 9.999 0.259 99.99 0.259  0.048 0.000  1.520 0.000   2.128 0.000  13.644 0.000   4.215 0.000   9.429 0.000 0.129 0.000  1.264 0.000
189.208333 190.208333  1.233 0.000   41.18 0.000   0.88 0.000 9.999 0.259 99.99 0.259  0.025 0.000  1.452 0.000   2.032 0.000  15.129 0.000   4.501 0.000  10.628 0.000 0.034 0.000  1.542 0.000
192.208333 193.208333  1.407 0.000   21.13 0.000   1.22 0.000 9.999 0.259  0.08 0.000  0.076 0.000  1.715 0.000   2.401 0.000  15.902 0.000   4.258 0.000  11.644 0.000 0.035 0.000  1.698 0.000
195.208333 196.208333  2.264 0.000   58.29 0.000   1.36 0.000 9.999 0.259  0.13 0.000  0.042 0.000  2.125 0.000   2.976 0.000  25.817 0.000   7.349 0.000  18.468 0.000 0.050 0.000  2.966 0.000
198.208333 199.208333  1.246 0.000   33.24 0.000   2.13 0.000 9.999 0.259  0.15 0.000  0.105 0.000  7.889 0.000  11.045 0.000  28.233 0.000   5.054 0.000  23.179 0.000 0.177 0.000  1.441 0.000
201.208333 202.208333  2.617 0.000   23.97 0.000   2.18 0.000 9.999 0.259  0.18 0.000  0.049 0.000  2.690 0.000   3.766 0.000  24.687 0.000   4.394 0.000  20.293 0.000 0.051 0.000  3.235 0.000
204.208333 205.208333  0.883 0.000   17.68 0.000   1.10 0.000 9.999 0.259 99.99 0.259  0.119 0.000  1.631 0.000   2.283 0.000  16.422 0.000   7.313 0.000   9.109 0.000 0.041 0.000  1.207 0.000
207.208333 208.208333  0.572 0.000    6.43 0.000   1.02 0.000 9.999 0.259  0.27 0.000  0.070 0.000  0.838 0.000   1.173 0.000   9.410 0.000   3.277 0.000   6.133 0.000 0.035 0.000  0.945 0.000
210.208333 211.208333  2.661 0.000   24.88 0.000   1.39 0.000 9.999 0.259  0.33 0.000  0.027 0.000  1.588 0.000   2.224 0.000  23.933 0.000   5.123 0.000  18.810 0.000 0.087 0.000  3.673 0.000
213.208333 214.208333  0.803 0.000   14.32 0.000  12.21 0.000 9.999 0.259 99.99 0.259  0.039 0.000  1.389 0.000   1.944 0.000  14.094 0.000   5.114 0.000   8.980 0.000 0.045 0.000  1.362 0.000
216.208333 217.208333  2.763 0.000   35.30 0.000   1.87 0.000 9.999 0.259  0.12 0.000  0.053 0.000  3.095 0.000   4.333 0.000  28.977 0.000   6.875 0.000  22.101 0.000 0.072 0.000  3.526 0.000
219.208333 220.208333  1.047 0.000   30.87 0.000  11.17 0.000 9.999 0.259 99.99 0.259  0.042 0.000  1.374 0.000   1.924 0.000  12.607 0.000   4.171 0.000   8.437 0.000 0.031 0.000  1.234 0.000
222.208333 223.208333  2.561 0.000   39.80 0.000   2.78 0.000 9.999 0.259 99.99 0.259  0.066 0.000  3.650 0.000   5.110 0.000  49.582 0.000  27.614 0.000  21.968 0.000 0.050 0.000  3.079 0.000
225.208333 226.208333  1.044 0.000   12.69 0.000   1.11 0.000 9.999 0.259 99.99 0.259  0.074 0.000  1.191 0.000   1.668 0.000  14.757 0.000   6.520 0.000   8.237 0.000 0.020 0.000  1.398 0.000
228.208333 229.208333  1.568 0.000  149.59 0.000   1.53 0.000 9.999 0.259 99.99 0.259  0.055 0.000  1.609 0.000   2.252 0.000  19.272 0.000   5.323 0.000  13.949 0.000 0.092 0.000  2.059 0.000
231.208333 232.208333  2.332 0.000   49.04 0.000   2.19 0.000 9.999 0.259 99.99 0.259  0.059 0.000  3.522 0.000   4.931 0.000  25.174 0.000   4.189 0.000  20.984 0.000 0.066 0.000  2.833 0.000
234.208333 235.208333  2.171 0.000   29.43 0.000  22.76 0.000 9.999 0.259  0.23 0.000  0.035 0.000  1.906 0.000   2.669 0.000  19.518 0.000   4.313 0.000  15.206 0.000 0.067 0.000  2.650 0.000
237.208333 238.208333  3.190 0.000   41.66 0.000   2.00 0.000 0.080 0.000  0.79 0.000  0.053 0.000  5.121 0.000   7.170 0.000  32.133 0.000   3.334 0.000  28.800 0.000 0.125 0.000  3.953 0.000
240.208333 241.208333  1.555 0.000   53.21 0.000   4.71 0.000 9.999 0.259  0.14 0.000  0.050 0.000  2.445 0.000   3.424 0.000  18.861 0.000   4.104 0.000  14.757 0.000 0.040 0.000  2.069 0.000
243.208333 244.208333  1.176 0.000   23.68 0.000   0.92 0.000 9.999 0.259 99.99 0.259  0.020 0.000  0.966 0.000   1.353 0.000  12.327 0.000   3.297 0.000   9.029 0.000 0.021 0.000  1.640 0.000
