scripts/IMPROVE-2019_partial/data/US0073R.19880302050000.20191216000000.filterpack...10mo.3d.US03L_filterpack_US0073_GRSM1.US03L_IMPROVE_Davis.lev2.nas
51 1001
MISSING INFORMATION
US03L, IMPROVE, , , , , , , 
MISSING INFORMATION
IMPROVE sel_HTAP
1 1
1988 01 01 2019 12 16
0
days from file reference point
4
1 1 1 1
999.999999 999.999 999.999 9.999
end_time of measurement, days from the file reference point
pm10_mass, ug/m3, Matrix=pm10
pm25_mass, ug/m3, Matrix=pm25
numflag, no unit
0
33
Data definition:              EBAS_1.1
Set type code:                TI
Timezone:                     UTC
File name:                    US0073R.19880302050000.20191216000000.filterpack...10mo.3d.US03L_filterpack_US0073_GRSM1.US03L_IMPROVE_Davis.lev2.nas
File creation:                20191218120024
Startdate:                    19880302050000
Revision date:                20191216000000
Version:                      2
Version description:          "Data extracted from http://views.cira.colostate.edu/fed/DataWizard 2019-12-16"
Statistics:                   arithmetic mean
Data level:                   2
Period code:                  10mo
Resolution code:              3d
Sample duration:              1d
Orig. time res.:              3d
Station code:                 US0073R
Platform code:                US0073S
Station name:                 Great Smoky Mountains NP
Station latitude:             35.6334
Station longitude:            -83.9416
Station altitude:             810.0 m
Regime:                       IMG
Component:                    
Unit:                         ug/m3
Matrix:                       
Laboratory code:              US03L
Instrument type:              filterpack
Instrument name:              filterpack_US0073_GRSM1
Method ref:                   US03L_IMPROVE_Davis
Blank correction:             Blank corrected
Volume std. temperature:      ambient
Volume std. pressure:         ambient
starttime endtime PM10 PM2.5 flag
 61.208333  62.208333  21.434 999.999 0.000
 64.208333  65.208333  11.544   9.157 0.000
 68.208333  69.208333  12.530  10.126 0.000
 71.208333  72.208333  11.639   9.558 0.000
 75.208333  76.208333  10.808   8.116 0.000
 78.208333  79.208333  13.701   9.453 0.000
 82.208333  83.208333  23.483  18.709 0.000
 85.208333  86.208333   9.308   5.536 0.000
 89.208333  90.208333  15.074  12.023 0.000
 92.208333  93.208333 999.999 999.999 0.999
 96.208333  97.208333   9.377   6.596 0.000
 99.208333 100.208333   7.600   4.922 0.000
103.208333 104.208333   7.560   6.044 0.000
106.208333 107.208333  18.354  10.240 0.000
110.208333 111.208333  13.740   7.462 0.000
113.208333 114.208333  29.490  21.697 0.000
117.208333 118.208333  20.451  14.448 0.000
120.208333 121.208333  17.165   9.352 0.000
124.208333 125.208333  14.481  11.647 0.000
127.208333 128.208333  16.992  13.465 0.000
131.208333 132.208333  15.772   8.783 0.000
134.208333 135.208333  18.246  13.442 0.000
138.208333 139.208333  24.385  15.078 0.000
141.208333 142.208333  34.706  25.219 0.000
145.208333 146.208333  12.308   5.428 0.000
148.208333 149.208333  24.944  16.042 0.000
152.208333 153.208333 999.999  39.555 0.000
155.208333 156.208333 999.999 999.999 0.999
159.208333 160.208333  41.538  31.027 0.000
162.208333 163.208333  12.052  11.632 0.000
166.208333 167.208333  39.097  33.404 0.000
169.208333 170.208333  37.113  27.552 0.000
173.208333 174.208333  36.630  31.618 0.000
176.208333 177.208333  45.305  36.500 0.000
180.208333 181.208333 999.999  25.948 0.000
183.208333 184.208333  21.629  16.814 0.000
187.208333 188.208333 999.999 999.999 0.999
190.208333 191.208333  56.926  15.545 0.000
194.208333 195.208333  24.052  13.550 0.000
197.208333 198.208333  38.914  20.479 0.000
201.208333 202.208333 999.999 999.999 0.999
204.208333 205.208333  16.926  11.657 0.000
208.208333 209.208333  33.205  28.667 0.000
211.208333 212.208333  36.283  32.874 0.000
215.208333 216.208333  29.338  23.234 0.000
218.208333 219.208333  19.556  14.408 0.000
222.208333 223.208333  28.630  13.981 0.000
225.208333 226.208333  13.019   8.230 0.000
229.208333 230.208333  36.000  13.778 0.000
232.208333 233.208333  14.659   9.034 0.000
236.208333 237.208333  30.762  17.481 0.000
239.208333 240.208333 999.999 999.999 0.999
243.208333 244.208333  25.344  16.060 0.000
246.208333 247.208333 999.999 999.999 0.999
250.208333 251.208333  18.383  11.082 0.000
253.208333 254.208333  12.460   7.774 0.000
257.208333 258.208333  35.153  14.272 0.000
260.208333 261.208333  14.739   9.770 0.000
264.208333 265.208333  20.704  12.584 0.000
267.208333 268.208333  15.059  13.127 0.000
271.208333 272.208333  18.222   9.123 0.000
274.208333 275.208333  16.440  12.124 0.000
278.208333 279.208333   9.618   5.116 0.000
281.208333 282.208333  16.926   9.583 0.000
285.208333 286.208333  11.533 999.999 0.000
288.208333 289.208333 999.999 999.999 0.999
292.208333 293.208333  10.692   7.010 0.000
295.208333 296.208333  12.163   8.729 0.000
299.208333 300.208333  10.000   5.700 0.000
302.208333 303.208333  11.780   8.000 0.000
306.208333 307.208333  12.891   8.087 0.000
309.208333 310.208333   6.360   2.993 0.000
313.208333 314.208333  18.314  12.785 0.000
316.208333 317.208333  12.387   9.966 0.000
320.208333 321.208333  12.538   8.454 0.000
323.208333 324.208333  10.691   7.928 0.000
327.208333 328.208333  11.284   9.468 0.000
330.208333 331.208333  14.408   9.730 0.000
334.208333 335.208333   6.434   5.853 0.000
337.208333 338.208333   5.643   4.765 0.000
341.208333 342.208333 999.999 999.999 0.999
344.208333 345.208333   7.718   5.946 0.000
348.208333 349.208333   6.860   4.369 0.000
351.208333 352.208333  11.723   6.540 0.000
355.208333 356.208333  10.000   7.398 0.000
358.208333 359.208333  12.988   6.840 0.000
362.208333 363.208333 999.999   6.288 0.000
365.208333 366.208333   4.534   2.843 0.000
