scripts/IMPROVE-2019_partial/data/US0061R.19970101050000.20191216000000.filterpack...1y.3d.US03L_filterpack_US0061.US03L_IMPROVE_Davis.lev2.nas
51 1001
MISSING INFORMATION
US03L, IMPROVE, , , , , , , 
MISSING INFORMATION
IMPROVE sel_HTAP
1 1
1997 01 01 2019 12 16
0
days from file reference point
4
1 1 1 1
999.999999 999.999 999.999 9.999
end_time of measurement, days from the file reference point
pm10_mass, ug/m3, Matrix=pm10
pm25_mass, ug/m3, Matrix=pm25
numflag, no unit
0
33
Data definition:              EBAS_1.1
Set type code:                TI
Timezone:                     UTC
File name:                    US0061R.19970101050000.20191216000000.filterpack...1y.3d.US03L_filterpack_US0061.US03L_IMPROVE_Davis.lev2.nas
File creation:                20191218115917
Startdate:                    19970101050000
Revision date:                20191216000000
Version:                      2
Version description:          "Data extracted from http://views.cira.colostate.edu/fed/DataWizard 2019-12-16"
Statistics:                   arithmetic mean
Data level:                   2
Period code:                  1y
Resolution code:              3d
Sample duration:              1d
Orig. time res.:              3d
Station code:                 US0061R
Platform code:                US0061S
Station name:                 Brigantine NWR
Station latitude:             39.465
Station longitude:            -74.4492
Station altitude:             5.0 m
Regime:                       IMG
Component:                    
Unit:                         ug/m3
Matrix:                       
Laboratory code:              US03L
Instrument type:              filterpack
Instrument name:              filterpack_US0061
Method ref:                   US03L_IMPROVE_Davis
Blank correction:             Blank corrected
Volume std. temperature:      ambient
Volume std. pressure:         ambient
starttime endtime PM10 PM2.5 flag
  0.208333   1.208333   9.347   6.810 0.000
  3.208333   4.208333  26.098  16.799 0.000
  7.208333   8.208333  16.880   6.410 0.000
 10.208333  11.208333  29.971  14.057 0.000
 14.208333  15.208333  30.747  18.595 0.000
 17.208333  18.208333  21.982   8.947 0.000
 21.208333  22.208333  20.272   9.565 0.000
 24.208333  25.208333  18.449   8.189 0.000
 28.208333  29.208333  15.755   9.237 0.000
 31.208333  32.208333  26.016  14.282 0.000
 35.208333  36.208333  13.471  11.421 0.000
 38.208333  39.208333  17.387  11.111 0.000
 42.208333  43.208333  28.231  21.807 0.000
 45.208333  46.208333  24.406  13.178 0.000
 49.208333  50.208333  31.654  12.153 0.000
 52.208333  53.208333  24.871   6.043 0.000
 56.208333  57.208333  25.011  10.500 0.000
 59.208333  60.208333  20.508   8.418 0.000
 63.208333  64.208333  13.589  10.689 0.000
 66.208333  67.208333  21.650  10.207 0.000
 70.208333  71.208333  19.584   6.528 0.000
 73.208333  74.208333  15.878   6.943 0.000
 77.208333  78.208333  17.695   7.687 0.000
 80.208333  81.208333  32.144  13.432 0.000
 84.208333  85.208333  18.518   8.844 0.000
 87.208333  88.208333  32.776  11.248 0.000
 91.208333  92.208333  24.759   5.530 0.000
 94.208333  95.208333  41.063   8.681 0.000
 98.208333  99.208333  17.072   9.206 0.000
101.208333 102.208333  35.735  11.277 0.000
105.208333 106.208333  36.256  12.811 0.000
108.208333 109.208333  12.326   2.989 0.000
112.208333 113.208333  21.898   9.289 0.000
115.208333 116.208333  18.277   7.360 0.000
119.208333 120.208333  31.250   9.668 0.000
122.208333 123.208333  29.145  11.693 0.000
126.208333 127.208333  22.428   5.398 0.000
129.208333 130.208333  18.643   6.334 0.000
133.208333 134.208333  41.327  10.474 0.000
136.208333 137.208333  28.026  10.062 0.000
140.208333 141.208333  32.112   6.430 0.000
143.208333 144.208333  60.628  12.864 0.000
147.208333 148.208333  25.428   4.255 0.000
150.208333 151.208333  16.034   2.655 0.000
154.208333 155.208333  34.162  12.675 0.000
157.208333 158.208333  28.954   4.900 0.000
161.208333 162.208333  60.355  19.955 0.000
164.208333 165.208333  34.271  13.405 0.000
168.208333 169.208333  32.036  15.383 0.000
171.208333 172.208333  45.874  28.393 0.000
175.208333 176.208333  57.132  33.873 0.000
178.208333 179.208333  19.626   8.020 0.000
182.208333 183.208333  14.083   4.114 0.000
185.208333 186.208333  23.148  10.838 0.000
189.208333 190.208333  40.767  20.101 0.000
192.208333 193.208333  39.588  15.342 0.000
196.208333 197.208333  67.249  42.765 0.000
199.208333 200.208333  23.846  11.170 0.000
203.208333 204.208333  14.996   5.973 0.000
206.208333 207.208333  29.791  18.450 0.000
210.208333 211.208333  21.639   4.326 0.000
213.208333 214.208333  44.868  25.492 0.000
217.208333 218.208333 999.999 999.999 0.999
220.208333 221.208333  44.841  23.401 0.000
224.208333 225.208333  41.813  24.860 0.000
227.208333 228.208333  50.744  29.161 0.000
231.208333 232.208333  28.413   5.885 0.000
234.208333 235.208333  28.316   8.812 0.000
238.208333 239.208333  15.796   6.218 0.000
241.208333 242.208333  25.397  11.274 0.000
245.208333 246.208333  21.259 999.999 0.000
248.208333 249.208333  21.813  13.065 0.000
252.208333 253.208333  38.897  18.098 0.000
255.208333 256.208333  26.302  10.402 0.000
259.208333 260.208333  37.199  27.747 0.000
262.208333 263.208333  53.521  38.944 0.000
266.208333 267.208333 999.999 999.999 0.999
269.208333 270.208333  14.122   6.391 0.000
273.208333 274.208333  15.069   4.104 0.000
276.208333 277.208333  26.464  10.432 0.000
280.208333 281.208333  17.157  10.684 0.000
283.208333 284.208333  17.080   6.694 0.000
287.208333 288.208333  12.052  10.115 0.000
290.208333 291.208333  14.292   7.399 0.000
294.208333 295.208333  13.380   5.592 0.000
297.208333 298.208333  14.082   8.046 0.000
301.208333 302.208333  17.526  12.451 0.000
304.208333 305.208333  14.516   6.914 0.000
308.208333 309.208333  13.310   7.770 0.000
311.208333 312.208333   9.998   4.425 0.000
315.208333 316.208333  13.842   7.556 0.000
318.208333 319.208333  12.141   7.066 0.000
322.208333 323.208333  21.157  14.562 0.000
325.208333 326.208333  12.472   8.071 0.000
329.208333 330.208333  19.772  13.179 0.000
332.208333 333.208333  17.795  10.401 0.000
336.208333 337.208333  11.960   6.481 0.000
339.208333 340.208333  10.224   6.914 0.000
343.208333 344.208333  18.326  12.593 0.000
346.208333 347.208333  20.737  14.290 0.000
350.208333 351.208333  19.917  13.079 0.000
353.208333 354.208333  21.894  14.608 0.000
357.208333 358.208333  19.534   9.407 0.000
360.208333 361.208333  18.485  10.354 0.000
364.208333 365.208333  13.558   9.983 0.000
