scripts/IMPROVE-2019_partial/data/US0022R.20000202080000.20191216000000.filterpack..pm25.11mo.1w.US03L_filterpack_US0022.US03L_IMPROVE_Davis.lev2.nas
62 1001
MISSING INFORMATION
US03L, IMPROVE, , , , , , , 
MISSING INFORMATION
IMPROVE sel_HTAP
1 1
2000 01 01 2019 12 16
0
days from file reference point
23
1 1 1 1 1 1 1 1 1 1 1 1 1 1 1 1 1 1 1 1 1 1 1
999.999999 9999.99 9.999 99.99 9.999999 9.99 9.999999 99.999 9.999999 99.999 9.999 99.999 9.999 999.999 9.999 999.999 9.999 999.999 9.999 9.999 9.999 99.999 9.999999
end_time of measurement, days from the file reference point
iron, ng/m3, Revision date=20181210133000
numflag iron, no unit, Revision date=20181210133000
lead, ng/m3, Revision date=20181210133000
numflag lead, no unit, Revision date=20181210133000
nickel, ng/m3, Revision date=20181210133000
numflag nickel, no unit, Revision date=20181210133000
nitrate, ug N/m3, Revision date=20181210133000
numflag nitrate, no unit, Revision date=20181210133000
organic_carbon, ug C/m3, Revision date=20181210133000
numflag organic_carbon, no unit, Revision date=20181210133000
organic_mass, ug/m3, Revision date=20181210133000
numflag organic_mass, no unit, Revision date=20181210133000
pm10_mass, ug/m3, Version=2, Version description=Data extracted from http://views.cira.colostate.edu/fed/DataWizard 2019-12-16, Sample duration=1d, Orig. time res.=3d, Matrix=pm10, Blank correction=Blank corrected, Volume std. temperature=ambient, Volume std. pressure=ambient
numflag pm10_mass, no unit, Version=2, Version description=Data extracted from http://views.cira.colostate.edu/fed/DataWizard 2019-12-16, Sample duration=1d, Orig. time res.=3d, Matrix=pm10, Blank correction=Blank corrected, Volume std. temperature=ambient, Volume std. pressure=ambient
pm10_pm25_mass, ug/m3, Revision date=20181210133000, Matrix=pm10_pm25
numflag pm10_pm25_mass, no unit, Revision date=20181210133000, Matrix=pm10_pm25
pm25_mass, ug/m3, Version=2, Version description=Data extracted from http://views.cira.colostate.edu/fed/DataWizard 2019-12-16, Sample duration=1d, Orig. time res.=3d, Blank correction=Blank corrected, Volume std. temperature=ambient, Volume std. pressure=ambient
numflag pm25_mass, no unit, Version=2, Version description=Data extracted from http://views.cira.colostate.edu/fed/DataWizard 2019-12-16, Sample duration=1d, Orig. time res.=3d, Blank correction=Blank corrected, Volume std. temperature=ambient, Volume std. pressure=ambient
potassium, ug/m3, Revision date=20181210133000
numflag potassium, no unit, Revision date=20181210133000
sulphate_total, ug S/m3, Revision date=20181210133000
numflag sulphate_total, no unit, Revision date=20181210133000
0
25
Data definition:              EBAS_1.1
Set type code:                TI
Timezone:                     UTC
File name:                    US0022R.20000202080000.20191216000000.filterpack..pm25.11mo.1w.US03L_filterpack_US0022.US03L_IMPROVE_Davis.lev2.nas
File creation:                20191218115649
Startdate:                    20000202080000
Revision date:                20191216000000
Statistics:                   arithmetic mean
Data level:                   2
Period code:                  11mo
Resolution code:              1w
Station code:                 US0022R
Platform code:                US0022S
Station name:                 Dome Lands Wilderness
Station latitude:             35.7278
Station longitude:            -118.1377
Station altitude:             927.0 m
Regime:                       IMG
Component:                    
Matrix:                       pm25
Laboratory code:              US03L
Instrument type:              filterpack
Instrument name:              filterpack_US0022
Method ref:                   US03L_IMPROVE_Davis
starttime endtime Fe flag_Fe Pb flag_Pb Ni flag_Ni NO3- flag_NO3- OC flag_OC OM flag_OM PM10 flag_PM10 PM10-PM2.5 flag_PM10-PM2.5 PM2.5 flag_PM2.5 K+ flag_K+ SO4-- flag_SO4--
 32.333333  33.333333 9999.99 0.999 99.99 0.999000 9.99 0.999000  0.381 0.000000  0.816 0.000  1.143 0.000   8.530 0.000 999.999 0.999 999.999 0.999 9.999 0.999  0.194 0.000000
 35.333333  36.333333 9999.99 0.999 99.99 0.999000 9.99 0.999000  0.039 0.000000  0.710 0.000  0.993 0.000   3.644 0.000 999.999 0.999 999.999 0.999 9.999 0.999  0.108 0.000000
 39.333333  40.333333 9999.99 0.999 99.99 0.999000 9.99 0.999000 99.999 0.999000 99.999 0.999 99.999 0.999 999.999 0.999 999.999 0.999 999.999 0.999 9.999 0.999 99.999 0.999000
 42.333333  43.333333 9999.99 0.999 99.99 0.999000 9.99 0.999000 99.999 0.999000 99.999 0.999 99.999 0.999 999.999 0.999 999.999 0.999 999.999 0.999 9.999 0.999 99.999 0.999000
 46.333333  47.333333 9999.99 0.999 99.99 0.999000 9.99 0.999000  0.035 0.559000  0.425 0.000  0.594 0.000 999.999 0.999 999.999 0.999 999.999 0.999 9.999 0.999  0.061 0.559000
 49.333333  50.333333 9999.99 0.999 99.99 0.999000 9.99 0.999000  0.006 0.559000  0.382 0.000  0.534 0.000 999.999 0.999 999.999 0.999 999.999 0.999 9.999 0.999  0.050 0.559000
 53.333333  54.333333 9999.99 0.999 99.99 0.999000 9.99 0.999000 99.999 0.999000 99.999 0.999 99.999 0.999 999.999 0.999 999.999 0.999 999.999 0.999 9.999 0.999 99.999 0.999000
 56.333333  57.333333 9999.99 0.999 99.99 0.999000 9.99 0.999000  0.017 0.000000  0.628 0.000  0.880 0.000   3.172 0.000 999.999 0.999 999.999 0.999 9.999 0.999  0.107 0.000000
 60.333333  61.333333    9.52 0.000  4.23 0.000000 0.13 0.000000  0.034 0.559000  0.341 0.000  0.478 0.000   2.829 0.000   1.309 0.000   1.520 0.000 0.012 0.000  0.098 0.559000
 63.333333  64.333333    9.21 0.000  0.70 0.000000 9.99 0.259000  0.259 0.000000  0.830 0.000  1.162 0.000   4.501 0.000   1.588 0.000   2.913 0.000 0.013 0.000  0.199 0.000000
 67.333333  68.333333    4.61 0.000  0.31 0.000000 9.99 0.259000  0.061 0.000000  0.395 0.000  0.553 0.000   2.804 0.000   0.995 0.000   1.809 0.000 0.007 0.000  0.186 0.000000
 70.333333  71.333333   10.62 0.000  1.43 0.000000 9.99 0.259000  0.063 0.559000  0.789 0.000  1.105 0.000   4.831 0.000   1.610 0.000   3.221 0.000 0.020 0.000  0.282 0.559000
 74.333333  75.333333   26.91 0.000  3.27 0.000000 0.10 0.000000  0.680 0.000000  1.932 0.000  2.705 0.000  13.676 0.000   3.652 0.000  10.024 0.000 0.038 0.000  0.768 0.000000
 77.333333  78.333333   28.65 0.000  1.24 0.000000 9.99 0.259000  0.082 0.000000  0.978 0.000  1.370 0.000   7.626 0.000   3.912 0.000   3.714 0.000 0.037 0.000  0.260 0.000000
 81.333333  82.333333   37.19 0.000  0.85 0.000000 9.99 0.259000  0.048 0.000000  0.672 0.000  0.941 0.000   3.736 0.000   1.311 0.000   2.425 0.000 0.038 0.000  0.140 0.000000
 84.333333  85.333333   35.64 0.000  1.03 0.000000 9.99 0.259000  0.098 0.000000  0.936 0.000  1.311 0.000   6.549 0.000   2.328 0.000   4.221 0.000 0.038 0.000  0.303 0.000000
 88.333333  89.333333   30.15 0.000  1.15 0.000000 9.99 0.259000  0.414 0.559000  1.234 0.000  1.727 0.000  10.269 0.000   4.612 0.000   5.657 0.000 0.033 0.000  0.580 0.559000
 91.333333  92.333333  221.59 0.000  3.96 0.000000 9.99 0.259000  0.091 0.559000  0.991 0.000  1.387 0.000  23.317 0.000  14.249 0.000   9.067 0.000 0.157 0.000  0.465 0.559000
 95.333333  96.333333   66.12 0.000  1.83 0.000000 9.99 0.259000  0.121 0.000000  1.700 0.000  2.380 0.000  16.104 0.000   9.786 0.000   6.319 0.000 0.055 0.000  0.523 0.000000
 98.333333  99.333333   87.49 0.000  1.69 0.000000 9.99 0.259000  0.210 0.000000  1.576 0.000  2.206 0.000  22.351 0.000  15.433 0.000   6.918 0.000 0.067 0.000  0.489 0.000000
102.333333 103.333333   68.72 0.000  1.33 0.000000 9.99 0.259000  0.080 0.000000  2.092 0.000  2.930 0.000  14.103 0.000   8.512 0.000   5.592 0.000 0.049 0.000  0.367 0.000000
105.333333 106.333333   19.10 0.000  0.63 0.000000 9.99 0.259000  0.249 0.000000  1.183 0.000  1.656 0.000   7.716 0.000   4.078 0.000   3.638 0.000 0.013 0.000  0.427 0.000000
109.333333 110.333333   15.67 0.000  0.53 0.000000 9.99 0.259000  0.281 0.559000  1.047 0.000  1.465 0.000   6.860 0.000   2.988 0.000   3.872 0.000 0.015 0.000  0.407 0.559000
112.333333 113.333333   53.34 0.000  1.41 0.000000 9.99 0.259000  0.475 0.559000  1.608 0.000  2.252 0.000  16.330 0.000   7.732 0.000   8.598 0.000 0.042 0.000  1.148 0.559000
116.333333 117.333333  168.58 0.000  2.37 0.000000 9.99 0.259000  0.292 0.559000  3.729 0.000  5.220 0.000  23.869 0.000  10.587 0.000  13.282 0.000 0.119 0.000  1.215 0.559000
119.333333 120.333333   49.89 0.000  0.94 0.000000 9.99 0.259000  0.156 0.000000  1.000 0.000  1.400 0.000  13.131 0.000   9.569 0.000   3.562 0.000 0.054 0.000  0.362 0.000000
123.333333 124.333333   84.52 0.559  1.23 0.559000 9.99 0.559259  0.177 0.000000  2.493 0.000  3.490 0.000  21.553 0.000  12.173 0.000   9.380 0.559 0.059 0.559  0.662 0.000000
126.333333 127.333333  114.90 0.000  2.30 0.000000 9.99 0.259000  0.247 0.000000  2.024 0.000  2.833 0.000  22.951 0.000  14.988 0.000   7.963 0.000 0.096 0.000  0.540 0.000000
130.333333 131.333333  105.62 0.000  1.70 0.000000 9.99 0.259000  0.317 0.000000  1.721 0.000  2.409 0.000  35.580 0.000  27.823 0.000   7.756 0.000 0.075 0.000  0.545 0.000000
133.333333 134.333333   61.28 0.000  1.41 0.000000 9.99 0.259000  0.115 0.000000  1.455 0.000  2.038 0.000  16.663 0.000  11.318 0.000   5.345 0.000 0.065 0.000  0.347 0.000000
137.333333 138.333333   17.99 0.000  0.54 0.000000 9.99 0.259000  0.267 0.000000  0.810 0.000  1.134 0.000   8.586 0.000   5.008 0.000   3.577 0.000 0.016 0.000  0.356 0.000000
140.333333 141.333333   62.22 0.000  1.06 0.000000 9.99 0.259000  0.045 0.000000  2.076 0.000  2.906 0.000  14.153 0.000   6.657 0.000   7.497 0.000 0.053 0.000  0.578 0.000000
144.333333 145.333333 9999.99 0.999 99.99 0.999000 9.99 0.999000 99.999 0.999000 99.999 0.999 99.999 0.999 999.999 0.999 999.999 0.999 999.999 0.999 9.999 0.999 99.999 0.999000
147.333333 148.333333   72.11 0.000  1.06 0.000000 9.99 0.259000  0.152 0.000000  2.273 0.000  3.183 0.000  24.916 0.000  15.133 0.000   9.783 0.000 0.061 0.000  0.746 0.000000
151.333333 152.333333 9999.99 0.999 99.99 0.999000 9.99 0.999000 99.999 0.999000 99.999 0.999 99.999 0.999 999.999 0.999 999.999 0.999 999.999 0.999 9.999 0.999 99.999 0.999000
154.333333 155.333333 9999.99 0.999 99.99 0.999000 9.99 0.999000 99.999 0.999000 99.999 0.999 99.999 0.999 999.999 0.999 999.999 0.999 999.999 0.999 9.999 0.999 99.999 0.999000
158.333333 159.333333 9999.99 0.999 99.99 0.999000 9.99 0.999000 99.999 0.999000 99.999 0.999 99.999 0.999 999.999 0.999 999.999 0.999 999.999 0.999 9.999 0.999 99.999 0.999000
161.333333 162.333333 9999.99 0.999 99.99 0.999000 9.99 0.999000 99.999 0.999000 99.999 0.999 99.999 0.999 999.999 0.999 999.999 0.999 999.999 0.999 9.999 0.999 99.999 0.999000
165.333333 166.333333 9999.99 0.999 99.99 0.999000 9.99 0.999000 99.999 0.999000 99.999 0.999 99.999 0.999 999.999 0.999 999.999 0.999 999.999 0.999 9.999 0.999 99.999 0.999000
168.333333 169.333333 9999.99 0.999 99.99 0.999000 9.99 0.999000 99.999 0.999000 99.999 0.999 99.999 0.999 999.999 0.999 999.999 0.999 999.999 0.999 9.999 0.999 99.999 0.999000
172.333333 173.333333  596.35 0.559  0.57 0.559000 9.99 0.559259  0.068 0.000000  1.547 0.000  2.166 0.000  20.784 0.000 999.999 0.259  20.954 0.559 0.279 0.559  0.568 0.000000
175.333333 176.333333  185.27 0.394  0.30 0.394000 9.99 0.394259  0.113 0.394000  2.214 0.000  3.099 0.000  28.250 0.000  15.066 0.000  13.184 0.000 0.167 0.394  0.809 0.394000
179.333333 180.333333 9999.99 0.999 99.99 0.999000 9.99 0.999000 99.999 0.999000 99.999 0.999 99.999 0.999 999.999 0.999 999.999 0.999 999.999 0.999 9.999 0.999 99.999 0.999000
182.333333 183.333333  158.05 0.559  0.86 0.559000 9.99 0.559259  0.120 0.559000  1.452 0.000  2.033 0.000  20.723 0.000  11.531 0.000   9.192 0.559 0.097 0.559  0.531 0.559000
186.333333 187.333333 9999.99 0.456 99.99 0.456000 9.99 0.456000 99.999 0.456000 99.999 0.999 99.999 0.999 999.999 0.456 999.999 0.999 999.999 0.456 9.999 0.456 99.999 0.456000
189.333333 190.333333 9999.99 0.456 99.99 0.456000 9.99 0.456000 99.999 0.456000 99.999 0.999 99.999 0.999 999.999 0.456 999.999 0.999 999.999 0.456 9.999 0.456 99.999 0.456000
193.333333 194.333333 9999.99 0.456 99.99 0.456000 9.99 0.456000 99.999 0.456000 99.999 0.999 99.999 0.999 999.999 0.456 999.999 0.999 999.999 0.456 9.999 0.456 99.999 0.456000
196.333333 197.333333 9999.99 0.456 99.99 0.456000 9.99 0.456000 99.999 0.456000 99.999 0.999 99.999 0.999 999.999 0.456 999.999 0.999 999.999 0.456 9.999 0.456 99.999 0.456000
200.333333 201.333333  133.63 0.000  0.38 0.000000 9.99 0.259000  0.118 0.559000  1.893 0.000  2.650 0.000  26.974 0.000  16.671 0.000  10.303 0.000 0.085 0.000  0.695 0.559000
203.333333 204.333333  114.38 0.394 99.99 0.394259 9.99 0.394259  0.076 0.394000  2.193 0.000  3.070 0.000  26.969 0.000  17.594 0.000   9.376 0.000 0.070 0.394  0.599 0.394000
207.333333 208.333333 9999.99 0.999 99.99 0.999000 9.99 0.999000 99.999 0.999000 99.999 0.999 99.999 0.999 999.999 0.999 999.999 0.999 999.999 0.999 9.999 0.999 99.999 0.999000
210.333333 211.333333 9999.99 0.999 99.99 0.999000 9.99 0.999000 99.999 0.999000 99.999 0.999 99.999 0.999 999.999 0.999 999.999 0.999 999.999 0.999 9.999 0.999 99.999 0.999000
214.333333 215.333333 9999.99 0.999 99.99 0.999000 9.99 0.999000 99.999 0.999000 99.999 0.999 99.999 0.999 999.999 0.999 999.999 0.999 999.999 0.999 9.999 0.999 99.999 0.999000
217.333333 218.333333   94.18 0.000  1.45 0.000000 9.99 0.259000  0.091 0.559000  4.007 0.000  5.610 0.000  26.021 0.000  13.477 0.000  12.544 0.000 0.090 0.000  0.685 0.559000
221.333333 222.333333   74.23 0.394  0.24 0.394000 9.99 0.394259  0.034 0.559394  0.956 0.000  1.338 0.000  15.855 0.000  10.676 0.000   5.178 0.000 0.058 0.394  0.297 0.559394
224.333333 225.333333   92.87 0.394  0.43 0.394000 9.99 0.394259  0.079 0.559394  2.873 0.000  4.023 0.000  24.508 0.000  15.012 0.000   9.497 0.000 0.088 0.394  0.437 0.559394
228.333333 229.333333  124.25 0.000  0.54 0.000000 9.99 0.259000  0.103 0.000000  1.648 0.000  2.308 0.000  20.667 0.000  11.829 0.000   8.838 0.000 0.076 0.000  0.698 0.000000
231.333333 232.333333   63.10 0.000  0.32 0.000000 9.99 0.259000  0.053 0.000000  1.404 0.000  1.966 0.000  13.041 0.000   6.851 0.000   6.190 0.000 0.049 0.000  0.468 0.000000
234.333333 235.333333   75.98 0.000  0.18 0.000000 9.99 0.259000  0.070 0.000000  0.882 0.000  1.235 0.000  15.650 0.000  11.102 0.000   4.548 0.000 0.059 0.000  0.254 0.000000
237.333333 238.333333  124.44 0.000  0.99 0.000000 9.99 0.259000  0.083 0.000000  1.555 0.000  2.177 0.000  28.060 0.000  21.086 0.000   6.974 0.000 0.073 0.000  0.320 0.000000
240.333333 241.333333   78.01 0.000  0.26 0.000000 9.99 0.259000  0.102 0.000000  0.673 0.000  0.943 0.000  15.026 0.000  11.612 0.000   3.414 0.000 0.060 0.000  0.143 0.000000
243.333333 244.333333   62.29 0.000  0.14 0.000000 9.99 0.259000  0.408 0.000000  1.733 0.000  2.426 0.000  22.214 0.000  13.420 0.000   8.794 0.000 0.054 0.000  0.705 0.000000
246.333333 247.333333   39.84 0.000 99.99 0.259000 9.99 0.259000  0.160 0.559000  0.870 0.000  1.217 0.000  10.518 0.000   5.801 0.000   4.718 0.000 0.033 0.000  0.458 0.559000
249.333333 250.333333   67.86 0.000  0.34 0.000000 9.99 0.259000  0.118 0.000000  1.010 0.000  1.414 0.000  17.625 0.000  13.230 0.000   4.395 0.000 0.048 0.000  0.247 0.000000
252.333333 253.333333   73.09 0.000  0.73 0.000000 9.99 0.259000  0.107 0.000000  1.566 0.000  2.193 0.000  17.909 0.000  12.505 0.000   5.405 0.000 0.070 0.000  0.319 0.000000
255.333333 256.333333   43.59 0.000  0.43 0.000000 9.99 0.259000  0.044 0.000000  0.809 0.000  1.132 0.000   9.731 0.000   5.773 0.000   3.958 0.000 0.032 0.000  0.400 0.000000
258.333333 259.333333  110.94 0.000  1.01 0.000000 9.99 0.259000  0.124 0.000000  3.240 0.000  4.536 0.000  32.923 0.000  21.912 0.000  11.011 0.000 0.162 0.000  0.573 0.000000
261.333333 262.333333   60.50 0.000  0.56 0.000000 9.99 0.259000  0.037 0.000000  1.258 0.000  1.761 0.000  15.181 0.000   9.052 0.000   6.129 0.000 0.050 0.000  0.608 0.000000
264.333333 265.333333  139.12 0.000  1.51 0.000000 9.99 0.259000  0.126 0.000000  2.388 0.000  3.343 0.000  38.760 0.000  29.913 0.000   8.847 0.000 0.075 0.000  0.598 0.000000
267.333333 268.333333   39.07 0.000  0.31 0.000000 9.99 0.259000  0.083 0.000000  0.705 0.000  0.987 0.000   9.314 0.000   6.090 0.000   3.223 0.000 0.034 0.000  0.283 0.000000
270.333333 271.333333   84.78 0.000  0.60 0.000000 9.99 0.259000  0.061 0.000000  1.135 0.000  1.588 0.000  16.650 0.000  11.525 0.000   5.125 0.000 0.065 0.000  0.400 0.000000
273.333333 274.333333   74.92 0.000  0.73 0.000000 9.99 0.259000  0.080 0.000000  1.045 0.000  1.462 0.000  14.433 0.000   8.965 0.000   5.468 0.000 0.053 0.000  0.555 0.000000
276.333333 277.333333   94.20 0.559  1.18 0.559000 9.99 0.559259  0.087 0.000000  1.460 0.000  2.044 0.000  18.516 0.000  11.433 0.000   7.083 0.559 0.074 0.559  0.574 0.000000
279.333333 280.333333   55.75 0.000  0.48 0.000000 9.99 0.259000  0.034 0.000000  0.399 0.000  0.558 0.000  10.599 0.000   7.142 0.000   3.457 0.000 0.035 0.000  0.442 0.000000
282.333333 283.333333   93.84 0.000  1.04 0.000000 9.99 0.259000  0.103 0.000000  1.569 0.000  2.196 0.000  26.894 0.000  19.646 0.000   7.248 0.000 0.075 0.000  0.673 0.000000
285.333333 286.333333   36.57 0.000  0.16 0.000000 9.99 0.259000  0.135 0.000000  0.680 0.000  0.952 0.000   4.767 0.000   2.255 0.000   2.512 0.000 0.031 0.000  0.173 0.000000
288.333333 289.333333   26.10 0.000  0.97 0.000000 9.99 0.259000  0.085 0.559000  1.620 0.000  2.268 0.000   9.395 0.000   3.822 0.000   5.574 0.000 0.032 0.000  0.384 0.559000
291.333333 292.333333   55.12 0.000  2.96 0.000000 9.99 0.259000  0.059 0.000000  0.540 0.000  0.756 0.000   8.701 0.000   5.137 0.000   3.564 0.000 0.038 0.000  0.363 0.000000
294.333333 295.333333   44.25 0.000  0.95 0.000000 9.99 0.259000  1.108 0.000000  1.926 0.000  2.696 0.000  15.699 0.000   6.734 0.000   8.965 0.000 0.072 0.000  0.436 0.000000
297.333333 298.333333   61.45 0.000  0.55 0.000000 9.99 0.259000  0.139 0.000000  1.053 0.000  1.474 0.000  14.324 0.000  10.477 0.000   3.847 0.000 0.062 0.000  0.191 0.000000
300.333333 301.333333    9.75 0.000  0.27 0.000000 9.99 0.259000  0.040 0.000000  0.590 0.000  0.827 0.000   3.123 0.000   1.899 0.000   1.224 0.000 0.010 0.000  0.073 0.000000
303.333333 304.333333    3.80 0.000  0.16 0.000000 9.99 0.259000  0.070 0.000000  0.333 0.000  0.466 0.000   2.671 0.000   1.484 0.000   1.187 0.000 0.014 0.000  0.109 0.000000
306.333333 307.333333   42.93 0.000  0.28 0.000000 9.99 0.259000  0.156 0.559000  0.766 0.000  1.073 0.000   6.246 0.000   3.523 0.000   2.723 0.000 0.038 0.000  0.153 0.559000
309.333333 310.333333   64.35 0.000  0.79 0.000000 9.99 0.259000  1.111 0.559000  2.139 0.000  2.995 0.000  14.587 0.000   3.788 0.000  10.799 0.000 0.066 0.000  0.306 0.559000
312.333333 313.333333   69.37 0.000  0.37 0.000000 9.99 0.259000  0.199 0.000000  1.182 0.000  1.655 0.000  13.314 0.000   8.090 0.000   5.223 0.000 0.066 0.000  0.178 0.000000
315.333333 316.333333    8.11 0.000  0.36 0.000000 0.04 0.000000  0.236 0.000000  0.618 0.000  0.866 0.000   3.927 0.000   1.572 0.000   2.355 0.000 0.019 0.000  0.147 0.000000
318.333333 319.333333   28.53 0.559  0.63 0.559000 9.99 0.559259  1.338 0.000000  1.602 0.000  2.243 0.000  19.783 0.000   5.964 0.000  13.819 0.559 0.071 0.559  0.317 0.000000
321.333333 322.333333   18.56 0.000  0.73 0.000000 9.99 0.259000  0.053 0.000000  0.380 0.000  0.531 0.000   5.539 0.000   3.393 0.000   2.146 0.000 0.022 0.000  0.132 0.000000
324.333333 325.333333   24.56 0.000  0.20 0.000000 9.99 0.259000  0.018 0.559000  0.195 0.000  0.272 0.000   5.043 0.000   3.648 0.000   1.395 0.000 0.024 0.000  0.102 0.559000
327.333333 328.333333   29.33 0.000  1.46 0.000000 9.99 0.259000  0.756 0.000000  0.875 0.000  1.225 0.000   9.962 0.000   2.392 0.000   7.570 0.000 0.049 0.000  0.239 0.000000
