scripts/IMPROVE-2019_partial/data/US0052R.20100102060000.20191216000000.filterpack...52w.3d.US03L_filterpack_US0052.US03L_IMPROVE_Davis.lev2.nas
52 1001
MISSING INFORMATION
US03L, IMPROVE, , , , , , , 
MISSING INFORMATION
IMPROVE sel_HTAP
1 1
2010 01 01 2019 12 16
3.00
days from file reference point
5
1 1 1 1 1
999.99 999.999 9.999 999.999 9.999
end_time of measurement, days from the file reference point
pm10_mass, ug/m3, Matrix=pm10
numflag pm10_mass, no unit, Matrix=pm10
pm25_mass, ug/m3, Matrix=pm25
numflag pm25_mass, no unit, Matrix=pm25
0
33
Data definition:              EBAS_1.1
Set type code:                TU
Timezone:                     UTC
File name:                    US0052R.20100102060000.20191216000000.filterpack...52w.3d.US03L_filterpack_US0052.US03L_IMPROVE_Davis.lev2.nas
File creation:                20191218115835
Startdate:                    20100102060000
Revision date:                20191216000000
Version:                      2
Version description:          "Data extracted from http://views.cira.colostate.edu/fed/DataWizard 2019-12-16"
Statistics:                   arithmetic mean
Data level:                   2
Period code:                  52w
Resolution code:              3d
Sample duration:              1d
Orig. time res.:              3d
Station code:                 US0052R
Platform code:                US0052S
Station name:                 Hercules-Glades
Station latitude:             36.6138
Station longitude:            -92.9221
Station altitude:             404.0 m
Regime:                       IMG
Component:                    
Unit:                         ug/m3
Matrix:                       
Laboratory code:              US03L
Instrument type:              filterpack
Instrument name:              filterpack_US0052
Method ref:                   US03L_IMPROVE_Davis
Blank correction:             Blank corrected
Volume std. temperature:      ambient
Volume std. pressure:         ambient
starttime endtime PM10 flag_PM10 PM2.5 flag_PM2.5
  1.25   2.25   5.555 0.000   3.580 0.000
  4.25   5.25  12.551 0.000   8.081 0.000
  7.25   8.25   8.527 0.000   5.899 0.000
 10.25  11.25  10.763 0.000   6.793 0.000
 13.25  14.25 999.999 0.456   7.200 0.000
 16.25  17.25 999.999 0.456   7.502 0.000
 19.25  20.25   9.493 0.000   5.795 0.000
 22.25  23.25   4.556 0.000   0.987 0.000
 25.25  26.25   5.037 0.000   2.256 0.000
 28.25  29.25   5.459 0.000   3.489 0.000
 31.25  32.25  13.169 0.000   8.940 0.000
 34.25  35.25  16.933 0.000  14.651 0.000
 37.25  38.25   8.571 0.000   6.448 0.000
 40.25  41.25   7.810 0.000   5.358 0.000
 43.25  44.25  19.049 0.000  14.050 0.000
 46.25  47.25   8.894 0.000   4.527 0.000
 49.25  50.25   7.948 0.000   3.656 0.000
 52.25  53.25  12.377 0.000   9.739 0.000
 55.25  56.25   4.970 0.000   2.387 0.000
 58.25  59.25   9.774 0.000   5.859 0.000
 61.25  62.25  11.362 0.000   7.035 0.000
 64.25  65.25  29.519 0.000  20.212 0.000
 67.25  68.25  10.819 0.000   4.903 0.000
 70.25  71.25   5.845 0.000   2.681 0.000
 73.25  74.25  12.810 0.000   8.808 0.000
 76.25  77.25   9.806 0.000   8.119 0.000
 79.25  80.25   3.010 0.000   2.442 0.000
 82.25  83.25  15.527 0.000   9.192 0.000
 85.25  86.25   8.932 0.000   4.813 0.000
 88.25  89.25  18.306 0.000  11.918 0.000
 91.25  92.25  10.708 0.000   8.057 0.000
 94.25  95.25  19.724 0.000  13.514 0.000
 97.25  98.25   9.154 0.000   4.332 0.000
100.25 101.25  17.837 0.000  10.043 0.000
103.25 104.25  23.858 0.000  10.411 0.000
106.25 107.25  12.218 0.000   4.770 0.000
109.25 110.25  17.576 0.000   7.789 0.000
112.25 113.25  17.409 0.000   9.669 0.000
115.25 116.25   8.412 0.000   4.847 0.000
118.25 119.25  22.631 0.000   7.452 0.000
121.25 122.25  10.392 0.000   3.880 0.000
124.25 125.25  16.407 0.000   6.775 0.000
127.25 128.25   6.427 0.000   2.084 0.000
130.25 131.25  25.911 0.000  13.925 0.000
133.25 134.25   7.465 0.000   2.655 0.000
136.25 137.25   8.410 0.000   3.418 0.000
139.25 140.25   8.662 0.000   4.106 0.000
142.25 143.25  12.814 0.000   6.276 0.000
145.25 146.25  13.785 0.000   8.325 0.000
148.25 149.25  16.504 0.000   9.062 0.000
151.25 152.25  19.834 0.000  13.031 0.000
154.25 155.25  14.394 0.000   8.577 0.000
157.25 158.25   8.719 0.000   4.110 0.000
160.25 161.25  20.515 0.000  11.835 0.000
163.25 164.25  14.882 0.000   9.308 0.000
166.25 167.25  11.102 0.000   6.281 0.000
169.25 170.25  13.693 0.000   6.152 0.000
172.25 173.25  20.442 0.000  11.684 0.000
175.25 176.25  17.735 0.000  10.080 0.000
178.25 179.25 999.999 0.999 999.999 0.999
181.25 182.25  16.376 0.000   9.425 0.000
184.25 185.25  18.465 0.000  11.553 0.000
187.25 188.25  13.189 0.000   6.564 0.000
190.25 191.25  16.665 0.000   8.782 0.000
193.25 194.25  13.083 0.000   5.972 0.000
196.25 197.25  10.762 0.000   6.096 0.000
199.25 200.25  29.182 0.000  16.677 0.000
202.25 203.25  26.512 0.000  13.639 0.000
205.25 206.25   4.387 0.000   1.753 0.000
208.25 209.25  11.664 0.000   7.418 0.000
211.25 212.25  21.605 0.000   9.801 0.000
214.25 215.25  18.690 0.000   9.573 0.000
217.25 218.25  19.460 0.000  12.647 0.000
220.25 221.25  15.507 0.000   9.647 0.000
223.25 224.25  14.794 0.000   8.819 0.000
226.25 227.25  11.031 0.000   6.575 0.000
229.25 230.25  18.991 0.000  10.623 0.000
232.25 233.25  15.505 0.000   7.296 0.000
235.25 236.25  18.820 0.000  11.461 0.000
238.25 239.25  19.042 0.000   8.132 0.000
241.25 242.25   9.349 0.000   5.063 0.000
244.25 245.25  13.568 0.000   6.944 0.000
247.25 248.25  12.087 0.000   4.630 0.000
250.25 251.25   6.191 0.000   3.596 0.000
253.25 254.25   8.600 0.000   4.153 0.000
256.25 257.25  12.415 0.000   6.882 0.000
259.25 260.25  12.398 0.000   5.774 0.000
262.25 263.25  25.531 0.000  16.366 0.000
265.25 266.25  17.452 0.000   9.500 0.000
268.25 269.25   5.610 0.000   2.854 0.000
271.25 272.25  12.955 0.000   6.161 0.000
274.25 275.25  13.436 0.000   4.061 0.000
277.25 278.25  10.098 0.000   5.230 0.000
280.25 281.25  31.707 0.000  11.353 0.000
283.25 284.25  13.932 0.000   7.394 0.000
286.25 287.25  16.520 0.000   3.349 0.000
289.25 290.25  20.086 0.000   7.678 0.000
292.25 293.25  16.094 0.000   7.030 0.000
295.25 296.25  17.270 0.000   9.440 0.000
298.25 299.25  17.124 0.000   2.782 0.000
301.25 302.25  28.889 0.000   7.252 0.000
304.25 305.25  30.591 0.000  11.181 0.000
307.25 308.25  17.305 0.000   3.246 0.000
310.25 311.25  23.549 0.000   5.220 0.000
313.25 314.25  19.802 0.000  14.442 0.000
316.25 317.25   3.818 0.000   2.350 0.000
319.25 320.25   9.041 0.000   5.807 0.000
322.25 323.25   9.885 0.000   7.165 0.000
325.25 326.25  11.175 0.000   6.499 0.000
328.25 329.25   5.255 0.000   3.522 0.000
331.25 332.25   7.619 0.000   4.121 0.000
334.25 335.25  10.919 0.000   3.688 0.000
337.25 338.25  23.743 0.000  10.332 0.000
340.25 341.25  19.488 0.000   7.488 0.000
343.25 344.25  17.585 0.000  11.360 0.000
346.25 347.25   5.875 0.000   3.824 0.000
349.25 350.25  17.903 0.000  13.074 0.000
352.25 353.25  15.592 0.000  11.326 0.000
355.25 356.25  15.004 0.000   9.604 0.000
358.25 359.25   8.133 0.000   6.967 0.000
361.25 362.25  11.696 0.000   8.254 0.000
364.25 365.25   9.646 0.000   4.651 0.000
