scripts/IMPROVE-2019_partial/data/US0097R.20050101080000.20191216000000.filterpack..pm25.52w.1w.US03L_filterpack_US0097.US03L_IMPROVE_Davis.lev2.nas
66 1001
MISSING INFORMATION
US03L, IMPROVE, , , , , , , 
MISSING INFORMATION
IMPROVE sel_HTAP
1 1
2005 01 01 2019 12 16
3.000000
days from file reference point
27
1 1 1 1 1 1 1 1 1 1 1 1 1 1 1 1 1 1 1 1 1 1 1 1 1 1 1
999.999999 999.99 9.999 99.99 9.999 9.999 9.999999 9.99 9.999999 9.999 9.999 99.999 9.999 99.999 9.999 99.99 9.999999 999.999 9.999 999.999 9.999 999.999 9.999 9.999 9.999 9.999 9.999
end_time of measurement, days from the file reference point
iron, ng/m3, Revision date=20181210133000
numflag iron, no unit, Revision date=20181210133000
lead, ng/m3, Revision date=20181210133000
numflag lead, no unit, Revision date=20181210133000
magnesium, ug/m3, Revision date=20181210133000
numflag magnesium, no unit, Revision date=20181210133000
nickel, ng/m3, Revision date=20181210133000
numflag nickel, no unit, Revision date=20181210133000
nitrate, ug N/m3, Revision date=20181210133000
numflag nitrate, no unit, Revision date=20181210133000
organic_carbon, ug C/m3, Revision date=20181210133000
numflag organic_carbon, no unit, Revision date=20181210133000
organic_mass, ug/m3, Revision date=20181210133000
numflag organic_mass, no unit, Revision date=20181210133000
phosphorus, ng/m3, Revision date=20181210133000
numflag phosphorus, no unit, Revision date=20181210133000
pm10_mass, ug/m3, Version=2, Version description=Data extracted from http://views.cira.colostate.edu/fed/DataWizard 2019-12-16, Sample duration=1d, Orig. time res.=3d, Matrix=pm10, Blank correction=Blank corrected, Volume std. temperature=ambient, Volume std. pressure=ambient
numflag pm10_mass, no unit, Version=2, Version description=Data extracted from http://views.cira.colostate.edu/fed/DataWizard 2019-12-16, Sample duration=1d, Orig. time res.=3d, Matrix=pm10, Blank correction=Blank corrected, Volume std. temperature=ambient, Volume std. pressure=ambient
pm10_pm25_mass, ug/m3, Revision date=20181210133000, Matrix=pm10_pm25
numflag pm10_pm25_mass, no unit, Revision date=20181210133000, Matrix=pm10_pm25
pm25_mass, ug/m3, Version=2, Version description=Data extracted from http://views.cira.colostate.edu/fed/DataWizard 2019-12-16, Sample duration=1d, Orig. time res.=3d, Blank correction=Blank corrected, Volume std. temperature=ambient, Volume std. pressure=ambient
numflag pm25_mass, no unit, Version=2, Version description=Data extracted from http://views.cira.colostate.edu/fed/DataWizard 2019-12-16, Sample duration=1d, Orig. time res.=3d, Blank correction=Blank corrected, Volume std. temperature=ambient, Volume std. pressure=ambient
potassium, ug/m3, Revision date=20181210133000
numflag potassium, no unit, Revision date=20181210133000
sulphate_total, ug S/m3, Revision date=20181210133000
numflag sulphate_total, no unit, Revision date=20181210133000
0
25
Data definition:              EBAS_1.1
Set type code:                TU
Timezone:                     UTC
File name:                    US0097R.20050101080000.20191216000000.filterpack..pm25.52w.1w.US03L_filterpack_US0097.US03L_IMPROVE_Davis.lev2.nas
File creation:                20191218120202
Startdate:                    20050101080000
Revision date:                20191216000000
Statistics:                   arithmetic mean
Data level:                   2
Period code:                  52w
Resolution code:              1w
Station code:                 US0097R
Platform code:                US0097S
Station name:                 Redwood NP
Station latitude:             41.5608
Station longitude:            -124.0839
Station altitude:             243.0 m
Regime:                       IMG
Component:                    
Matrix:                       pm25
Laboratory code:              US03L
Instrument type:              filterpack
Instrument name:              filterpack_US0097
Method ref:                   US03L_IMPROVE_Davis
starttime endtime Fe flag_Fe Pb flag_Pb Mg++ flag_Mg++ Ni flag_Ni NO3- flag_NO3- OC flag_OC OM flag_OM P flag_P PM10 flag_PM10 PM10-PM2.5 flag_PM10-PM2.5 PM2.5 flag_PM2.5 K+ flag_K+ SO4-- flag_SO4--
  0.333333   1.333333   0.28 0.000  0.25 0.000 0.006 0.000000 9.99 0.259000 0.004 0.000  0.001 0.000  0.001 0.000 99.99 0.259000   0.411 0.000   0.233 0.000   0.178 0.000 0.003 0.000 0.010 0.000
  3.333333   4.333333   3.30 0.000  0.71 0.000 9.999 0.259000 0.23 0.000000 0.041 0.000  0.564 0.000  1.016 0.000 99.99 0.259000   4.256 0.000   2.209 0.000   2.053 0.000 0.021 0.000 0.110 0.000
  6.333333   7.333333   1.20 0.000  0.41 0.000 9.999 0.259000 9.99 0.259000 0.007 0.000  0.245 0.000  0.440 0.000 99.99 0.259000   2.335 0.000   1.585 0.000   0.751 0.000 0.008 0.000 0.046 0.000
  9.333333  10.333333   0.95 0.000  0.12 0.000 9.999 0.259000 0.11 0.000000 0.009 0.000  0.110 0.000  0.197 0.000 99.99 0.259000   1.469 0.000   0.962 0.000   0.507 0.000 0.005 0.000 0.027 0.000
 12.333333  13.333333   3.45 0.000  0.69 0.000 9.999 0.259000 9.99 0.259000 0.010 0.000  0.242 0.000  0.435 0.000 99.99 0.259000   1.396 0.000   0.538 0.000   0.858 0.000 0.010 0.000 0.031 0.000
 15.333333  16.333333   9.69 0.000  0.65 0.000 0.011 0.000000 0.18 0.000000 0.016 0.000  0.399 0.000  0.718 0.000 99.99 0.259000   3.126 0.000   1.771 0.000   1.355 0.000 0.018 0.000 0.051 0.000
 18.333333  19.333333   3.67 0.000  0.43 0.000 9.999 0.259000 0.11 0.000000 0.013 0.000  0.576 0.000  1.037 0.000 99.99 0.259000   3.422 0.000   1.676 0.000   1.746 0.000 0.017 0.000 0.088 0.000
 21.333333  22.333333   7.53 0.000  0.53 0.000 0.021 0.000000 0.33 0.000000 0.132 0.000  1.041 0.000  1.874 0.000 99.99 0.259000   6.540 0.000   2.394 0.000   4.146 0.000 0.034 0.000 0.294 0.000
 24.333333  25.333333   9.74 0.000  1.08 0.000 0.010 0.000000 0.17 0.000000 0.040 0.000  0.867 0.000  1.561 0.000 99.99 0.259000   6.149 0.000   2.229 0.000   3.919 0.000 0.037 0.000 0.399 0.000
 27.333333  28.333333 999.99 0.999 99.99 0.999 9.999 0.999000 9.99 0.999000 9.999 0.999 99.999 0.999 99.999 0.999 99.99 0.999000 999.999 0.999 999.999 0.999 999.999 0.999 9.999 0.999 9.999 0.999
 30.333333  31.333333 999.99 0.999 99.99 0.999 9.999 0.999000 9.99 0.999000 9.999 0.999 99.999 0.999 99.999 0.999 99.99 0.999000 999.999 0.999 999.999 0.999 999.999 0.999 9.999 0.999 9.999 0.999
 33.333333  34.333333  16.54 0.000  2.64 0.000 0.050 0.000000 9.99 0.259000 0.073 0.000  1.046 0.000  1.883 0.000 99.99 0.259000   9.443 0.000   4.855 0.000   4.588 0.000 0.052 0.000 0.134 0.000
 36.333333  37.333333   2.05 0.000 99.99 0.259 9.999 0.259000 9.99 0.259000 0.018 0.000  0.387 0.000  0.697 0.000 99.99 0.259000   1.810 0.000   0.708 0.000   1.103 0.000 0.027 0.000 0.037 0.000
 39.333333  40.333333   7.25 0.000  0.53 0.000 0.025 0.000000 0.17 0.000000 0.056 0.000  1.009 0.000  1.815 0.000 99.99 0.259000   7.001 0.000   3.873 0.000   3.128 0.000 0.034 0.000 0.067 0.000
 42.333333  43.333333  10.66 0.000  0.50 0.000 9.999 0.259000 0.30 0.000000 0.099 0.000  1.203 0.000  2.166 0.000 99.99 0.259000   6.242 0.000   1.975 0.000   4.267 0.000 0.032 0.000 0.234 0.000
 45.333333  46.333333  12.25 0.000  0.62 0.000 9.999 0.259000 0.29 0.000000 0.010 0.000  0.482 0.000  0.867 0.000 99.99 0.259000   3.378 0.000   1.613 0.000   1.788 0.000 0.018 0.000 0.098 0.000
 48.333333  49.333333   6.40 0.000  0.45 0.000 9.999 0.259000 9.99 0.259000 0.031 0.000  0.543 0.000  0.977 0.000 99.99 0.259000   5.081 0.000   2.460 0.000   2.621 0.000 0.024 0.000 0.092 0.000
 51.333333  52.333333   2.29 0.000  0.20 0.000 9.999 0.259000 9.99 0.259000 0.014 0.000  0.376 0.000  0.676 0.000 99.99 0.259000   4.638 0.000   3.106 0.000   1.531 0.000 0.015 0.000 0.034 0.000
 54.333333  55.333333   3.17 0.000  0.47 0.000 0.040 0.000000 0.27 0.000000 0.060 0.000  0.470 0.000  0.846 0.000 99.99 0.259000   6.396 0.000   3.037 0.000   3.358 0.000 0.023 0.000 0.258 0.000
 57.333333  58.333333   3.53 0.000  0.62 0.000 9.999 0.259000 9.99 0.259000 0.007 0.000  0.355 0.000  0.639 0.000 99.99 0.259000   3.986 0.000   2.248 0.000   1.737 0.000 0.010 0.000 0.123 0.000
 60.333333  61.333333  11.44 0.000  0.38 0.000 0.061 0.000000 9.99 0.259000 0.032 0.000  0.211 0.000  0.381 0.000 99.99 0.259000   6.908 0.000   4.470 0.000   2.438 0.000 0.021 0.000 0.085 0.000
 63.333333  64.333333   5.03 0.000  0.64 0.000 0.051 0.000000 0.30 0.000000 0.065 0.000  0.622 0.000  1.119 0.000 99.99 0.259000   9.750 0.000   5.947 0.000   3.802 0.000 0.053 0.000 0.120 0.000
 66.333333  67.333333   9.46 0.000  1.19 0.000 9.999 0.259000 0.32 0.000000 0.055 0.000  0.757 0.000  1.362 0.000 99.99 0.259000   5.316 0.000   1.953 0.000   3.387 0.000 0.056 0.000 0.144 0.000
 69.333333  70.333333  37.04 0.000  1.44 0.000 9.999 0.259000 0.20 0.000000 0.089 0.000  1.623 0.000  2.921 0.000 99.99 0.259000   9.320 0.000   3.668 0.000   5.651 0.000 0.078 0.000 0.189 0.000
 72.333333  73.333333  63.99 0.000  2.33 0.000 0.010 0.000000 0.07 0.000000 0.028 0.000  0.744 0.000  1.339 0.000 99.99 0.259000  10.010 0.000   6.045 0.000   3.965 0.000 0.064 0.000 0.269 0.000
 75.333333  76.333333  69.50 0.000  2.20 0.000 9.999 0.259000 0.75 0.000000 0.128 0.000  0.588 0.000  1.059 0.000 99.99 0.259000  10.662 0.000   5.206 0.000   5.455 0.000 0.063 0.000 0.546 0.000
 78.333333  79.333333   2.83 0.000  0.44 0.000 9.999 0.259000 9.99 0.259000 0.006 0.000  0.232 0.000  0.418 0.000 99.99 0.259000   3.353 0.000   1.947 0.000   1.406 0.000 0.016 0.000 0.066 0.000
 81.333333  82.333333  11.60 0.000  1.42 0.000 0.042 0.000000 0.32 0.000000 0.089 0.000  0.350 0.000  0.630 0.000 99.99 0.259000   7.565 0.000   4.033 0.000   3.531 0.000 0.035 0.000 0.302 0.000
 84.333333  85.333333   9.15 0.000  1.41 0.000 0.084 0.000000 9.99 0.259000 0.040 0.000  0.463 0.000  0.833 0.000 99.99 0.259000  11.545 0.000   7.561 0.000   3.983 0.000 0.041 0.000 0.213 0.000
 87.333333  88.333333   2.53 0.000  0.56 0.000 0.134 0.000000 9.99 0.259000 0.022 0.000  0.027 0.000  0.049 0.000 99.99 0.259000   7.695 0.000   4.375 0.000   3.384 0.000 0.035 0.000 0.204 0.000
 90.333333  91.333333   6.74 0.000  1.00 0.000 0.038 0.000000 0.05 0.000000 0.067 0.000  0.590 0.000  1.062 0.000 99.99 0.259000   6.453 0.000   2.649 0.000   3.804 0.000 0.046 0.000 0.356 0.000
 93.333333  94.333333   2.33 0.000  0.46 0.000 0.043 0.000000 9.99 0.259000 0.030 0.000  0.086 0.000  0.155 0.000 99.99 0.259000   4.335 0.000   2.655 0.000   1.680 0.000 0.018 0.000 0.130 0.000
 96.333333  97.333333   2.53 0.000  0.27 0.000 9.999 0.259000 9.99 0.259000 0.011 0.000  0.114 0.000  0.205 0.000 99.99 0.259000   3.683 0.000   2.280 0.000   1.403 0.000 0.016 0.000 0.081 0.000
 99.333333 100.333333   5.50 0.000  0.59 0.000 0.051 0.000000 9.99 0.259000 0.031 0.000  0.388 0.000  0.698 0.000 99.99 0.259000   6.535 0.000   4.100 0.000   2.435 0.000 0.025 0.000 0.206 0.000
102.333333 103.333333   1.07 0.000  0.26 0.000 0.025 0.000000 0.04 0.000000 0.005 0.000  0.236 0.000  0.424 0.000 99.99 0.259000   2.667 0.000   1.686 0.000   0.981 0.000 0.010 0.000 0.054 0.000
105.333333 106.333333   3.87 0.000  0.14 0.000 0.012 0.000000 0.06 0.000000 0.005 0.000  0.217 0.000  0.390 0.000 99.99 0.259000   1.631 0.000   0.826 0.000   0.804 0.000 0.009 0.000 0.070 0.000
108.333333 109.333333  11.84 0.000  0.63 0.000 0.057 0.000000 0.09 0.000000 0.083 0.000  0.415 0.000  0.748 0.000 99.99 0.259000   6.429 0.000   2.670 0.000   3.789 0.000 0.040 0.000 0.243 0.000
111.333333 112.333333  10.47 0.000  0.80 0.000 9.999 0.259000 9.99 0.259000 0.064 0.000  0.777 0.000  1.399 0.000 99.99 0.259000   5.017 0.000   1.518 0.000   3.498 0.000 0.045 0.000 0.210 0.000
114.333333 115.333333  15.27 0.000  0.36 0.000 0.014 0.000000 9.99 0.259000 0.047 0.000  0.408 0.000  0.735 0.000 99.99 0.259000   4.520 0.000   2.441 0.000   2.079 0.000 0.018 0.000 0.221 0.000
117.333333 118.333333  24.86 0.000  0.57 0.000 0.010 0.000000 0.10 0.000000 0.052 0.000  0.635 0.000  1.144 0.000 99.99 0.259000   5.255 0.000   1.878 0.000   3.377 0.000 0.035 0.000 0.329 0.000
120.333333 121.333333  13.83 0.000  0.61 0.000 9.999 0.259000 9.99 0.259000 0.032 0.000  0.398 0.000  0.716 0.000 99.99 0.259000   4.798 0.000   2.458 0.000   2.340 0.000 0.027 0.000 0.216 0.000
123.333333 124.333333 999.99 0.999 99.99 0.999 9.999 0.999000 9.99 0.999000 9.999 0.999 99.999 0.999 99.999 0.999 99.99 0.999000 999.999 0.999 999.999 0.999 999.999 0.999 9.999 0.999 9.999 0.999
126.333333 127.333333   2.76 0.000  0.27 0.000 9.999 0.259000 9.99 0.259000 0.007 0.000  0.086 0.000  0.155 0.000 99.99 0.259000   2.409 0.000   1.695 0.000   0.715 0.000 0.009 0.000 0.069 0.000
129.333333 130.333333   4.09 0.000 99.99 0.259 9.999 0.259000 9.99 0.259000 0.020 0.000  0.051 0.000  0.092 0.000 99.99 0.259000   2.819 0.000   1.682 0.000   1.159 0.000 0.010 0.000 0.119 0.000
132.333333 133.333333  10.94 0.000  1.05 0.000 0.009 0.000000 0.44 0.000000 0.060 0.000  0.595 0.000  1.070 0.000 99.99 0.259000   6.266 0.000   2.898 0.000   3.367 0.000 0.031 0.000 0.379 0.000
135.333333 136.333333   6.48 0.000  0.66 0.000 0.040 0.000000 0.27 0.000000 0.047 0.000  0.117 0.000  0.211 0.000 99.99 0.259000   5.769 0.000   3.125 0.000   2.644 0.000 0.032 0.000 0.308 0.000
138.333333 139.333333   5.45 0.000  0.09 0.000 0.129 0.000000 0.26 0.000000 0.064 0.000  0.143 0.000  0.258 0.000 99.99 0.259000  12.011 0.000   7.231 0.000   4.779 0.000 0.043 0.000 0.239 0.000
141.333333 142.333333   5.63 0.000  0.36 0.000 0.177 0.000000 9.99 0.259000 0.039 0.000  0.211 0.000  0.380 0.000 99.99 0.259000  11.455 0.000   6.269 0.000   5.185 0.000 0.050 0.000 0.220 0.000
144.333333 145.333333 999.99 0.999 99.99 0.999 9.999 0.999000 9.99 0.999000 9.999 0.999 99.999 0.999 99.999 0.999 99.99 0.999000 999.999 0.999 999.999 0.999 999.999 0.999 9.999 0.999 9.999 0.999
147.333333 148.333333   9.64 0.000  0.58 0.000 0.039 0.000000 0.50 0.000000 0.105 0.000  0.526 0.000  0.947 0.000 99.99 0.259000   9.946 0.000   4.975 0.000   4.971 0.000 0.035 0.000 0.579 0.000
150.333333 151.333333   5.47 0.000  0.75 0.000 0.032 0.000000 0.53 0.000000 0.044 0.000  0.384 0.000  0.690 0.000 99.99 0.259000   4.503 0.000   1.716 0.000   2.790 0.000 0.022 0.000 0.336 0.000
153.333333 154.333333  11.12 0.000  0.52 0.000 0.101 0.000000 9.99 0.259000 0.077 0.000  0.459 0.000  0.826 0.000 99.99 0.259000  10.492 0.000   5.240 0.000   5.251 0.000 0.054 0.000 0.327 0.000
156.333333 157.333333   2.55 0.000  0.21 0.000 9.999 0.259000 0.10 0.000000 0.017 0.000  0.184 0.000  0.330 0.000 99.99 0.259000   4.299 0.000   2.094 0.000   2.205 0.000 0.019 0.000 0.186 0.000
159.333333 160.333333 999.99 0.456 99.99 0.456 9.999 0.456000 9.99 0.456000 0.039 0.000  0.051 0.000  0.092 0.000 99.99 0.456000   3.288 0.000 999.999 0.456 999.999 0.456 9.999 0.456 0.204 0.000
162.333333 163.333333   4.34 0.000  0.27 0.000 0.053 0.000000 0.15 0.000000 0.035 0.000  0.262 0.000  0.472 0.000 99.99 0.259000   6.771 0.000   3.765 0.000   3.008 0.000 0.031 0.000 0.170 0.000
165.333333 166.333333   4.24 0.000 99.99 0.259 0.039 0.000000 0.13 0.000000 0.045 0.000  0.294 0.000  0.529 0.000 99.99 0.259000   6.123 0.000   3.312 0.000   2.810 0.000 0.024 0.000 0.204 0.000
168.333333 169.333333   0.14 0.000  0.14 0.000 9.999 0.259000 0.07 0.000000 0.001 0.000  0.002 0.000  0.004 0.000 99.99 0.259000   1.389 0.000   0.972 0.000   0.417 0.000 0.005 0.000 0.021 0.000
171.333333 172.333333   1.54 0.000 99.99 0.259 0.044 0.000000 0.34 0.000000 0.062 0.000  0.200 0.000  0.361 0.000 99.99 0.259000   6.976 0.000   3.596 0.000   3.432 0.000 0.024 0.000 0.427 0.000
174.333333 175.333333   5.35 0.000  0.40 0.000 0.056 0.000000 9.99 0.259000 0.078 0.000  0.511 0.000  0.919 0.000 99.99 0.259000   7.949 0.000   2.338 0.000   5.609 0.000 0.041 0.000 0.456 0.000
177.333333 178.333333   2.05 0.000  0.20 0.000 9.999 0.259000 0.17 0.000000 0.025 0.000  0.105 0.000  0.188 0.000 99.99 0.259000   4.399 0.000   2.229 0.000   2.170 0.000 0.015 0.000 0.268 0.000
180.333333 181.333333   6.84 0.000  0.53 0.000 0.059 0.000000 9.99 0.259000 0.079 0.000  0.644 0.000  1.159 0.000 99.99 0.259000   8.018 0.000   3.259 0.000   4.758 0.000 0.041 0.000 0.271 0.000
183.333333 184.333333   2.57 0.000  0.62 0.000 0.028 0.000000 9.99 0.259000 0.042 0.000  0.420 0.000  0.755 0.000 99.99 0.259000   5.622 0.000   2.429 0.000   3.192 0.000 0.030 0.000 0.274 0.000
186.333333 187.333333   0.99 0.000  0.15 0.000 9.999 0.259000 0.18 0.000000 0.022 0.000  0.092 0.000  0.166 0.000 99.99 0.259000   2.762 0.000   1.453 0.000   1.309 0.000 0.013 0.000 0.140 0.000
189.333333 190.333333   0.34 0.000 99.99 0.259 0.011 0.000000 0.12 0.000000 0.013 0.000 99.999 0.259 99.999 0.259 99.99 0.259000   1.989 0.000   0.798 0.000   1.191 0.000 0.006 0.000 0.152 0.000
192.333333 193.333333   1.92 0.000 99.99 0.259 0.077 0.000000 9.99 0.259000 0.039 0.000  0.059 0.000  0.107 0.000 99.99 0.259000   6.237 0.000   3.213 0.000   3.037 0.000 0.030 0.000 0.253 0.000
195.333333 196.333333  10.73 0.000  0.34 0.000 0.135 0.000000 9.99 0.259000 0.225 0.000  0.500 0.000  0.901 0.000 99.99 0.259000  16.301 0.000   6.572 0.000   9.729 0.000 0.078 0.000 0.650 0.000
198.333333 199.333333  13.42 0.000  0.40 0.000 0.058 0.000000 0.39 0.000000 0.255 0.000  1.183 0.000  2.129 0.000 99.99 0.259000  12.514 0.000   4.002 0.000   8.511 0.000 0.072 0.000 0.483 0.000
201.333333 202.333333   4.04 0.000  0.16 0.000 0.024 0.000000 0.15 0.000000 0.046 0.000  0.248 0.000  0.447 0.000 99.99 0.259000   4.562 0.000   1.624 0.000   2.938 0.000 0.017 0.000 0.310 0.000
204.333333 205.333333  23.30 0.000  0.34 0.000 0.052 0.000000 0.16 0.000000 0.075 0.000  0.436 0.000  0.785 0.000 99.99 0.259000  10.191 0.000   4.806 0.000   5.384 0.000 0.053 0.000 0.497 0.000
207.333333 208.333333   9.90 0.000  0.30 0.000 0.061 0.000000 0.74 0.000000 0.131 0.000  0.604 0.000  1.087 0.000 99.99 0.259000   8.474 0.000   2.637 0.000   5.837 0.000 0.042 0.000 0.589 0.000
210.333333 211.333333   2.66 0.000  0.31 0.000 9.999 0.259000 0.11 0.000000 0.025 0.000  0.101 0.000  0.181 0.000 99.99 0.259000   2.248 0.000   0.485 0.000   1.763 0.000 0.008 0.000 0.157 0.000
213.333333 214.333333  13.16 0.000  0.39 0.000 0.046 0.000000 0.17 0.000000 0.064 0.000  0.482 0.000  0.869 0.000 99.99 0.259000   7.257 0.000   3.617 0.000   3.692 0.000 0.037 0.000 0.210 0.000
216.333333 217.333333  15.79 0.000  0.39 0.000 9.999 0.259000 0.27 0.000000 0.064 0.000  1.064 0.000  1.915 0.000 99.99 0.259000   6.697 0.000   1.586 0.000   5.110 0.000 0.034 0.000 0.394 0.000
219.333333 220.333333   7.10 0.000 99.99 0.259 9.999 0.259000 0.18 0.000000 0.033 0.000  0.468 0.000  0.843 0.000 99.99 0.259000   3.657 0.000   1.088 0.000   2.569 0.000 0.016 0.000 0.178 0.000
222.333333 223.333333  14.71 0.000  0.39 0.000 0.021 0.000000 9.99 0.259000 0.089 0.000  2.550 0.000  4.589 0.000 99.99 0.259000  12.428 0.000   4.210 0.000   8.215 0.000 0.055 0.000 0.318 0.000
225.333333 226.333333   1.60 0.000  0.16 0.000 9.999 0.259000 9.99 0.259000 0.026 0.000  0.091 0.000  0.164 0.000 99.99 0.259000   1.546 0.000   0.374 0.000   1.172 0.000 0.010 0.000 0.090 0.000
228.333333 229.333333   3.34 0.000  0.21 0.000 9.999 0.259000 0.11 0.000000 0.019 0.000  0.181 0.000  0.326 0.000 99.99 0.259000   1.466 0.000   0.543 0.000   0.923 0.000 0.010 0.000 0.086 0.000
231.333333 232.333333   1.04 0.000 99.99 0.259 9.999 0.259000 9.99 0.259000 0.018 0.000  0.009 0.000  0.015 0.000 99.99 0.259000   1.181 0.000   0.465 0.000   0.716 0.000 0.005 0.000 0.080 0.000
234.333333 235.333333  42.12 0.394  0.22 0.394 9.999 0.394259 0.24 0.394000 0.135 0.394  1.083 0.000  1.949 0.000 99.99 0.394259  22.522 0.000  12.414 0.000  10.254 0.000 0.112 0.394 0.490 0.394
237.333333 238.333333   7.88 0.000  0.56 0.000 9.999 0.259000 0.22 0.000000 0.026 0.000  0.331 0.000  0.596 0.000 99.99 0.259000   2.059 0.000   0.787 0.000   1.256 0.000 0.013 0.000 0.075 0.000
240.333333 241.333333   5.62 0.000  0.28 0.000 0.046 0.000000 0.18 0.000000 0.031 0.000  0.237 0.000  0.426 0.000 99.99 0.259000   6.008 0.000   3.263 0.000   2.728 0.000 0.026 0.000 0.223 0.000
243.333333 244.333333  20.93 0.000  0.31 0.000 0.097 0.000000 0.28 0.000000 0.195 0.000  0.742 0.000  1.335 0.000 99.99 0.259000  16.223 0.000   8.191 0.000   7.895 0.000 0.070 0.000 0.405 0.000
