scripts/IMPROVE-2019_partial/data/US0065R.20030103050000.20191216000000.filterpack..pm25.1y.1w.US03L_filterpack_US0065.US03L_IMPROVE_Davis.lev2.nas
66 1001
MISSING INFORMATION
US03L, IMPROVE, , , , , , , 
MISSING INFORMATION
IMPROVE sel_HTAP
1 1
2003 01 01 2019 12 16
3.000000
days from file reference point
27
1 1 1 1 1 1 1 1 1 1 1 1 1 1 1 1 1 1 1 1 1 1 1 1 1 1 1
999.999999 9999.99 9.999 99.99 9.999 9.999 9.999 99.99 9.999 99.999 9.999 99.999 9.999 99.999 9.999 999.99 9.999999 999.999 9.999 99.999 9.999 999.999 9.999 9.999 9.999 99.999 9.999
end_time of measurement, days from the file reference point
iron, ng/m3, Revision date=20181210133000
numflag iron, no unit, Revision date=20181210133000
lead, ng/m3, Revision date=20181210133000
numflag lead, no unit, Revision date=20181210133000
magnesium, ug/m3, Revision date=20181210133000
numflag magnesium, no unit, Revision date=20181210133000
nickel, ng/m3, Revision date=20181210133000
numflag nickel, no unit, Revision date=20181210133000
nitrate, ug N/m3, Revision date=20181210133000
numflag nitrate, no unit, Revision date=20181210133000
organic_carbon, ug C/m3, Revision date=20181210133000
numflag organic_carbon, no unit, Revision date=20181210133000
organic_mass, ug/m3, Revision date=20181210133000
numflag organic_mass, no unit, Revision date=20181210133000
phosphorus, ng/m3, Revision date=20181210133000
numflag phosphorus, no unit, Revision date=20181210133000
pm10_mass, ug/m3, Version=2, Version description=Data extracted from http://views.cira.colostate.edu/fed/DataWizard 2019-12-16, Sample duration=1d, Orig. time res.=3d, Matrix=pm10, Blank correction=Blank corrected, Volume std. temperature=ambient, Volume std. pressure=ambient
numflag pm10_mass, no unit, Version=2, Version description=Data extracted from http://views.cira.colostate.edu/fed/DataWizard 2019-12-16, Sample duration=1d, Orig. time res.=3d, Matrix=pm10, Blank correction=Blank corrected, Volume std. temperature=ambient, Volume std. pressure=ambient
pm10_pm25_mass, ug/m3, Revision date=20181210133000, Matrix=pm10_pm25
numflag pm10_pm25_mass, no unit, Revision date=20181210133000, Matrix=pm10_pm25
pm25_mass, ug/m3, Version=2, Version description=Data extracted from http://views.cira.colostate.edu/fed/DataWizard 2019-12-16, Sample duration=1d, Orig. time res.=3d, Blank correction=Blank corrected, Volume std. temperature=ambient, Volume std. pressure=ambient
numflag pm25_mass, no unit, Version=2, Version description=Data extracted from http://views.cira.colostate.edu/fed/DataWizard 2019-12-16, Sample duration=1d, Orig. time res.=3d, Blank correction=Blank corrected, Volume std. temperature=ambient, Volume std. pressure=ambient
potassium, ug/m3, Revision date=20181210133000
numflag potassium, no unit, Revision date=20181210133000
sulphate_total, ug S/m3, Revision date=20181210133000
numflag sulphate_total, no unit, Revision date=20181210133000
0
25
Data definition:              EBAS_1.1
Set type code:                TU
Timezone:                     UTC
File name:                    US0065R.20030103050000.20191216000000.filterpack..pm25.1y.1w.US03L_filterpack_US0065.US03L_IMPROVE_Davis.lev2.nas
File creation:                20191218115941
Startdate:                    20030103050000
Revision date:                20191216000000
Statistics:                   arithmetic mean
Data level:                   2
Period code:                  1y
Resolution code:              1w
Station code:                 US0065R
Platform code:                US0065S
Station name:                 Addison Pinnacle
Station latitude:             42.0912
Station longitude:            -77.2099
Station altitude:             512.0 m
Regime:                       IMG
Component:                    
Matrix:                       pm25
Laboratory code:              US03L
Instrument type:              filterpack
Instrument name:              filterpack_US0065
Method ref:                   US03L_IMPROVE_Davis
starttime endtime Fe flag_Fe Pb flag_Pb Mg++ flag_Mg++ Ni flag_Ni NO3- flag_NO3- OC flag_OC OM flag_OM P flag_P PM10 flag_PM10 PM10-PM2.5 flag_PM10-PM2.5 PM2.5 flag_PM2.5 K+ flag_K+ SO4-- flag_SO4--
[from data line 83]
251.208333 252.208333   23.40 0.000  2.35 0.000 9.999 0.259  0.55 0.000  0.072 0.000  1.498 0.000  2.097 0.000 999.99 0.259000  11.015 0.000  3.463 0.000   7.552 0.000 0.024 0.000  0.804 0.000
254.208333 255.208333   29.30 0.000  2.35 0.000 9.999 0.259  1.17 0.000  0.078 0.000  1.958 0.000  2.740 0.000 999.99 0.259000  12.652 0.000  4.574 0.000   8.078 0.000 0.031 0.000  0.691 0.000
257.208333 258.208333   11.43 0.000  0.73 0.000 9.999 0.259  0.11 0.000  0.022 0.000  1.016 0.000  1.422 0.000 999.99 0.259000  14.365 0.000  2.023 0.000  12.342 0.000 0.016 0.000  2.313 0.000
260.208333 261.208333   17.94 0.000  4.23 0.000 9.999 0.259  0.14 0.000  0.086 0.000  1.683 0.000  2.356 0.000 999.99 0.259000  10.018 0.000  3.393 0.000   6.625 0.000 0.028 0.000  0.568 0.000
263.208333 264.208333    8.84 0.000  3.47 0.000 9.999 0.259  0.07 0.000  0.048 0.000  1.200 0.000  1.680 0.000 999.99 0.259000   7.224 0.000  1.639 0.000   5.585 0.000 0.022 0.000  0.617 0.000
266.208333 267.208333   23.76 0.000  1.73 0.000 0.050 0.000 99.99 0.259  0.056 0.000  0.811 0.000  1.135 0.000 999.99 0.259000  10.217 0.000  3.650 0.000   6.567 0.000 0.027 0.000  0.844 0.000
269.208333 270.208333   26.57 0.000  2.07 0.000 9.999 0.259  0.90 0.000  0.048 0.000  2.151 0.000  3.011 0.000 999.99 0.259000  25.851 0.000  2.535 0.000  23.316 0.000 0.041 0.000  3.844 0.000
272.208333 273.208333   17.62 0.000  2.05 0.000 9.999 0.259  0.09 0.000  0.049 0.000  0.748 0.000  1.047 0.000 999.99 0.259000   6.977 0.000  2.357 0.000   4.620 0.000 0.017 0.000  0.667 0.000
275.208333 276.208333   12.24 0.000  1.39 0.000 9.999 0.259  0.11 0.000  0.077 0.000  0.479 0.000  0.670 0.000 999.99 0.259000   4.966 0.000  2.177 0.000   2.789 0.000 0.013 0.000  0.301 0.000
278.208333 279.208333    5.57 0.000  0.69 0.000 9.999 0.259 99.99 0.259  0.028 0.000  0.556 0.000  0.779 0.000 999.99 0.259000   4.078 0.000  0.853 0.000   3.225 0.000 0.015 0.000  0.382 0.000
281.208333 282.208333   68.39 0.000  4.55 0.000 9.999 0.259  0.33 0.000  0.118 0.000  2.303 0.000  3.224 0.000 999.99 0.259000  21.192 0.000  5.524 0.000  15.669 0.000 0.054 0.000  2.129 0.000
284.208333 285.208333   28.34 0.000  3.34 0.000 0.049 0.000  0.22 0.000  0.049 0.000  1.538 0.000  2.153 0.000 999.99 0.259000  14.248 0.000  3.348 0.000  10.900 0.000 0.044 0.000  1.457 0.000
287.208333 288.208333    5.38 0.000  0.64 0.000 9.999 0.259 99.99 0.259  0.012 0.000  0.434 0.000  0.607 0.000 999.99 0.259000   4.350 0.000  2.290 0.000   2.060 0.000 0.008 0.000  0.232 0.000
290.208333 291.208333   17.37 0.000  3.19 0.000 9.999 0.259  0.15 0.000  0.158 0.000  1.386 0.000  1.940 0.000 999.99 0.259000   8.236 0.000  2.926 0.000   5.311 0.000 0.053 0.000  0.437 0.000
293.208333 294.208333   37.88 0.000  2.68 0.000 9.999 0.259  0.13 0.000  0.128 0.000  1.367 0.000  1.914 0.000 999.99 0.259000  15.536 0.000  5.515 0.000  10.021 0.000 0.056 0.000  1.267 0.000
296.208333 297.208333    9.22 0.000  0.96 0.000 9.999 0.259  0.11 0.000  0.062 0.000  0.642 0.000  0.899 0.000 999.99 0.259000   4.805 0.000  1.041 0.000   3.764 0.000 0.015 0.000  0.412 0.000
299.208333 300.208333   10.01 0.000  1.47 0.000 0.027 0.000  0.10 0.000  0.123 0.000  0.839 0.000  1.175 0.000 999.99 0.259000   5.128 0.000  1.025 0.000   4.102 0.000 0.019 0.000  0.429 0.000
302.208333 303.208333   15.28 0.000  1.43 0.000 0.029 0.000 99.99 0.259  0.117 0.000  0.611 0.000  0.856 0.000 999.99 0.259000   6.824 0.000  2.360 0.000   4.464 0.000 0.015 0.000  0.531 0.000
305.208333 306.208333   22.09 0.000  5.15 0.000 0.090 0.000  0.20 0.000  0.465 0.000  1.659 0.000  2.322 0.000 999.99 0.259000  18.104 0.000  3.456 0.000  14.648 0.000 0.043 0.000  2.013 0.000
308.208333 309.208333   10.99 0.000  1.78 0.000 0.057 0.000  0.36 0.000  0.105 0.000  1.140 0.000  1.596 0.000 999.99 0.259000   8.470 0.000  1.349 0.000   7.120 0.000 0.021 0.000  0.949 0.000
311.208333 312.208333    7.98 0.559  1.15 0.559 0.019 0.559  0.08 0.559  0.167 0.000  0.627 0.000  0.878 0.000 999.99 0.559259   4.305 0.000  1.504 0.000   2.801 0.559 0.022 0.559  0.273 0.000
314.208333 315.208333   19.32 0.000  3.20 0.000 9.999 0.259  0.36 0.000  0.505 0.000  2.245 0.000  3.142 0.000 999.99 0.259000  11.249 0.000  1.568 0.000   9.681 0.000 0.045 0.000  0.849 0.000
317.208333 318.208333   12.28 0.000  1.25 0.000 0.036 0.000  0.07 0.000  0.130 0.000  0.497 0.000  0.695 0.000 999.99 0.259000   4.223 0.000  1.557 0.000   2.666 0.000 0.018 0.000  0.228 0.000
320.208333 321.208333   15.36 0.000  5.53 0.000 9.999 0.259  0.17 0.000  0.571 0.000  2.043 0.000  2.861 0.000 999.99 0.259000  11.655 0.000  0.755 0.000  10.900 0.000 0.050 0.000  1.041 0.000
323.208333 324.208333    9.45 0.000  0.75 0.000 9.999 0.259  0.09 0.000  0.118 0.000  0.783 0.000  1.097 0.000 999.99 0.259000   4.183 0.000  0.579 0.000   3.604 0.000 0.016 0.000  0.380 0.000
326.208333 327.208333   52.27 0.000  6.97 0.000 9.999 0.259  0.59 0.000  1.039 0.000  3.122 0.000  4.371 0.000 999.99 0.259000  19.743 0.000  3.195 0.000  16.549 0.000 0.064 0.000  1.469 0.000
329.208333 330.208333 9999.99 0.999 99.99 0.999 9.999 0.999 99.99 0.999 99.999 0.999 99.999 0.999 99.999 0.999 999.99 0.999000 999.999 0.999 99.999 0.999 999.999 0.999 9.999 0.999 99.999 0.999
332.208333 333.208333    4.72 0.000  0.60 0.000 9.999 0.259  0.23 0.000  0.017 0.000  0.487 0.000  0.682 0.000 999.99 0.259000   2.140 0.000  0.558 0.000   1.582 0.000 0.009 0.000  0.214 0.000
335.208333 336.208333    4.23 0.559  0.92 0.559 0.056 0.559  0.13 0.559  0.049 0.559  0.511 0.000  0.715 0.000 999.99 0.559259   3.055 0.000  1.235 0.000   1.819 0.559 0.016 0.559  0.186 0.559
338.208333 339.208333   17.56 0.000  3.53 0.000 9.999 0.259  0.43 0.000  0.645 0.000  1.494 0.000  2.091 0.000 999.99 0.259000  10.721 0.000  2.084 0.000   8.637 0.000 0.037 0.000  0.616 0.000
341.208333 342.208333   19.01 0.000  1.75 0.000 9.999 0.259  0.12 0.000  0.502 0.000  2.027 0.000  2.838 0.000 999.99 0.259000   9.615 0.000  2.671 0.000   6.944 0.000 0.044 0.000  0.219 0.000
344.208333 345.208333    6.42 0.000  0.65 0.000 9.999 0.259  0.13 0.000  0.019 0.000  0.407 0.000  0.570 0.000 999.99 0.259000   2.907 0.000  0.329 0.000   2.579 0.000 0.008 0.000  0.444 0.000
347.208333 348.208333   10.05 0.000  4.16 0.000 9.999 0.259  1.32 0.000  0.115 0.000  1.042 0.000  1.458 0.000 999.99 0.259000   4.232 0.000  0.413 0.000   3.819 0.000 0.034 0.000  0.325 0.000
350.208333 351.208333   20.70 0.000  1.80 0.000 9.999 0.259  0.23 0.000  0.445 0.000  1.511 0.000  2.115 0.000 999.99 0.259000   9.016 0.000  0.482 0.000   8.533 0.000 0.038 0.000  0.770 0.000
353.208333 354.208333   13.90 0.000  1.23 0.000 9.999 0.259  0.10 0.000  0.174 0.000  0.748 0.000  1.047 0.000 999.99 0.259000   4.548 0.000  0.480 0.000   4.068 0.000 0.026 0.000  0.467 0.000
356.208333 357.208333   35.53 0.000  1.97 0.000 9.999 0.259  0.25 0.000  0.196 0.000  1.851 0.000  2.592 0.000 999.99 0.259000  11.098 0.000  2.016 0.000   9.082 0.000 0.059 0.000  1.178 0.000
359.208333 360.208333    9.28 0.000  0.94 0.000 0.067 0.000  0.19 0.000  0.076 0.000  0.516 0.000  0.722 0.000 999.99 0.259000   3.674 0.000  0.536 0.000   3.138 0.000 0.016 0.000  0.444 0.000
362.208333 363.208333   27.28 0.000  3.49 0.000 9.999 0.259  0.19 0.000  0.321 0.000  2.219 0.000  3.107 0.000 999.99 0.259000   9.794 0.000  1.946 0.000   7.849 0.000 0.061 0.000  0.681 0.000
