scripts/IMPROVE-2019_partial/data/US0096R.20090101070000.20191216000000.filterpack...52w.3d.US03L_filterpack_US0096.US03L_IMPROVE_Davis.lev2.nas
51 1001
MISSING INFORMATION
US03L, IMPROVE, , , , , , , 
MISSING INFORMATION
IMPROVE sel_HTAP
1 1
2009 01 01 2019 12 16
3.000000
days from file reference point
4
1 1 1 1
999.999999 999.999 99.999 9.999
end_time of measurement, days from the file reference point
pm10_mass, ug/m3, Matrix=pm10
pm25_mass, ug/m3, Matrix=pm25
numflag, no unit
0
33
Data definition:              EBAS_1.1
Set type code:                TU
Timezone:                     UTC
File name:                    US0096R.20090101070000.20191216000000.filterpack...52w.3d.US03L_filterpack_US0096.US03L_IMPROVE_Davis.lev2.nas
File creation:                20191218120155
Startdate:                    20090101070000
Revision date:                20191216000000
Version:                      2
Version description:          "Data extracted from http://views.cira.colostate.edu/fed/DataWizard 2019-12-16"
Statistics:                   arithmetic mean
Data level:                   2
Period code:                  52w
Resolution code:              3d
Sample duration:              1d
Orig. time res.:              3d
Station code:                 US0096R
Platform code:                US0096S
Station name:                 Queen Valley
Station latitude:             33.2939
Station longitude:            -111.2858
Station altitude:             661.0 m
Regime:                       IMG
Component:                    
Unit:                         ug/m3
Matrix:                       
Laboratory code:              US03L
Instrument type:              filterpack
Instrument name:              filterpack_US0096
Method ref:                   US03L_IMPROVE_Davis
Blank correction:             Blank corrected
Volume std. temperature:      ambient
Volume std. pressure:         ambient
starttime endtime PM10 PM2.5 flag
  0.291667   1.291667   8.334  3.529 0.000
  3.291667   4.291667   3.906  2.258 0.000
  6.291667   7.291667   5.419  2.546 0.000
  9.291667  10.291667   2.169  0.631 0.000
 12.291667  13.291667   4.348  1.066 0.000
 15.291667  16.291667   8.396  1.974 0.000
 18.291667  19.291667   6.661  1.895 0.000
 21.291667  22.291667   5.960  2.550 0.000
 24.291667  25.291667   5.834  2.557 0.000
 27.291667  28.291667   4.716  1.861 0.000
 30.291667  31.291667   8.526  2.062 0.000
 33.291667  34.291667   5.287  1.662 0.000
 36.291667  37.291667  11.172  2.571 0.000
 39.291667  40.291667  10.241  1.645 0.000
 42.291667  43.291667   4.510  1.634 0.000
 45.291667  46.291667   5.236  1.728 0.000
 48.291667  49.291667   2.573  1.204 0.000
 51.291667  52.291667  11.440  3.873 0.000
 54.291667  55.291667  14.140  5.568 0.000
 57.291667  58.291667  10.881  3.366 0.000
 60.291667  61.291667  17.227  4.621 0.000
 63.291667  64.291667 999.999 99.999 0.999
 66.291667  67.291667 999.999 99.999 0.999
 69.291667  70.291667 999.999 99.999 0.999
 72.291667  73.291667 999.999 99.999 0.999
 75.291667  76.291667  11.486  4.271 0.000
 78.291667  79.291667  14.940  6.770 0.000
 81.291667  82.291667  48.808  9.340 0.000
 84.291667  85.291667  20.358  5.703 0.000
 87.291667  88.291667  13.102  4.611 0.000
 90.291667  91.291667  21.672  5.461 0.000
 93.291667  94.291667  23.113  6.737 0.000
 96.291667  97.291667  12.988  3.913 0.000
 99.291667 100.291667  27.358  5.127 0.000
102.291667 103.291667   8.869  4.743 0.000
105.291667 106.291667  10.550  4.390 0.000
108.291667 109.291667   4.596  2.379 0.000
111.291667 112.291667 999.999 99.999 0.999
114.291667 115.291667 999.999 99.999 0.999
117.291667 118.291667 999.999 99.999 0.999
120.291667 121.291667 999.999 99.999 0.999
123.291667 124.291667 999.999 99.999 0.999
126.291667 127.291667  19.689  7.737 0.000
129.291667 130.291667  13.351  5.317 0.000
132.291667 133.291667  19.582  8.956 0.000
135.291667 136.291667  19.675  7.668 0.000
138.291667 139.291667  14.683  5.014 0.000
141.291667 142.291667   8.880  5.043 0.000
144.291667 145.291667  11.930  4.977 0.000
147.291667 148.291667   8.883  3.857 0.000
150.291667 151.291667   4.901  2.287 0.000
153.291667 154.291667   6.383  2.667 0.000
156.291667 157.291667  13.306  4.316 0.000
159.291667 160.291667   9.314  2.589 0.000
162.291667 163.291667  10.811  4.194 0.000
165.291667 166.291667   9.540  3.200 0.000
168.291667 169.291667  11.522  2.839 0.000
171.291667 172.291667  12.047  4.059 0.000
174.291667 175.291667  10.859  4.420 0.000
177.291667 178.291667  13.781  5.005 0.000
180.291667 181.291667  17.482  5.996 0.000
183.291667 184.291667   7.375  3.898 0.000
186.291667 187.291667  12.624  4.270 0.000
189.291667 190.291667   8.525  2.543 0.000
192.291667 193.291667  18.818  4.738 0.000
195.291667 196.291667  20.344  5.824 0.000
198.291667 199.291667  12.554  4.336 0.000
201.291667 202.291667  17.241  6.289 0.000
204.291667 205.291667  10.608  4.071 0.000
207.291667 208.291667 999.999 99.999 0.999
210.291667 211.291667  26.470  7.394 0.000
213.291667 214.291667  14.627  5.682 0.000
216.291667 217.291667  31.174  9.782 0.000
219.291667 220.291667  13.448  3.092 0.000
222.291667 223.291667  27.374  5.825 0.000
225.291667 226.291667  10.414  4.641 0.000
228.291667 229.291667   9.396  3.704 0.000
231.291667 232.291667  18.845  6.190 0.000
234.291667 235.291667   8.652  4.367 0.000
237.291667 238.291667   7.768  3.270 0.000
240.291667 241.291667   8.577  2.853 0.000
243.291667 244.291667  18.121  5.965 0.000
246.291667 247.291667  14.519  6.069 0.000
249.291667 250.291667 999.999 99.999 0.999
252.291667 253.291667   6.271  2.932 0.000
255.291667 256.291667   7.353  3.286 0.000
258.291667 259.291667   7.994  2.430 0.000
261.291667 262.291667   7.576  3.405 0.000
264.291667 265.291667   6.514  1.954 0.000
267.291667 268.291667  10.109  3.373 0.000
270.291667 271.291667   8.989  3.885 0.000
273.291667 274.291667  19.302  4.542 0.000
276.291667 277.291667  43.672  6.800 0.000
279.291667 280.291667  20.580  5.382 0.000
282.291667 283.291667  20.711  5.794 0.000
285.291667 286.291667  10.646  2.838 0.000
288.291667 289.291667  10.918  3.617 0.000
291.291667 292.291667  10.084  3.506 0.000
294.291667 295.291667  18.201  4.949 0.000
297.291667 298.291667  13.492  3.732 0.000
300.291667 301.291667  13.532  2.699 0.000
303.291667 304.291667  10.311  2.681 0.000
306.291667 307.291667   6.601  2.199 0.000
309.291667 310.291667  20.116  5.776 0.000
312.291667 313.291667   7.581  2.686 0.000
315.291667 316.291667  21.456  5.883 0.000
318.291667 319.291667   7.343  2.813 0.000
321.291667 322.291667  10.036  3.525 0.000
324.291667 325.291667  10.858  4.234 0.000
327.291667 328.291667   8.854  2.049 0.000
330.291667 331.291667  16.585  4.867 0.000
333.291667 334.291667   2.489  1.184 0.000
336.291667 337.291667  10.231  2.980 0.000
339.291667 340.291667  10.093  2.041 0.000
342.291667 343.291667   9.361  3.069 0.000
345.291667 346.291667   5.140  2.033 0.000
348.291667 349.291667   2.235  1.001 0.000
351.291667 352.291667   6.470  2.364 0.000
354.291667 355.291667  10.253  3.460 0.000
357.291667 358.291667  13.245  4.034 0.000
360.291667 361.291667   3.347  1.510 0.000
363.291667 364.291667  11.235  3.409 0.000
