scripts/IMPROVE-2019_partial/data/US0073R.19920101050000.20191216000000.filterpack...1y.3d.US03L_filterpack_US0073_GRSM1.US03L_IMPROVE_Davis.lev2.nas
52 1001
MISSING INFORMATION
US03L, IMPROVE, , , , , , , 
MISSING INFORMATION
IMPROVE sel_HTAP
1 1
1992 01 01 2019 12 16
0
days from file reference point
5
1 1 1 1 1
999.999999 999.999 9.999 999.999 9.999
end_time of measurement, days from the file reference point
pm10_mass, ug/m3, Matrix=pm10
numflag pm10_mass, no unit, Matrix=pm10
pm25_mass, ug/m3, Matrix=pm25
numflag pm25_mass, no unit, Matrix=pm25
0
33
Data definition:              EBAS_1.1
Set type code:                TI
Timezone:                     UTC
File name:                    US0073R.19920101050000.20191216000000.filterpack...1y.3d.US03L_filterpack_US0073_GRSM1.US03L_IMPROVE_Davis.lev2.nas
File creation:                20191218120025
Startdate:                    19920101050000
Revision date:                20191216000000
Version:                      2
Version description:          "Data extracted from http://views.cira.colostate.edu/fed/DataWizard 2019-12-16"
Statistics:                   arithmetic mean
Data level:                   2
Period code:                  1y
Resolution code:              3d
Sample duration:              1d
Orig. time res.:              3d
Station code:                 US0073R
Platform code:                US0073S
Station name:                 Great Smoky Mountains NP
Station latitude:             35.6334
Station longitude:            -83.9416
Station altitude:             810.0 m
Regime:                       IMG
Component:                    
Unit:                         ug/m3
Matrix:                       
Laboratory code:              US03L
Instrument type:              filterpack
Instrument name:              filterpack_US0073_GRSM1
Method ref:                   US03L_IMPROVE_Davis
Blank correction:             Blank corrected
Volume std. temperature:      ambient
Volume std. pressure:         ambient
starttime endtime PM10 flag_PM10 PM2.5 flag_PM2.5
  0.208333   1.208333  13.727 0.000  11.454 0.559
  3.208333   4.208333  10.680 0.000   3.194 0.559
  7.208333   8.208333  13.523 0.000   8.827 0.559
 10.208333  11.208333 999.999 0.999 999.999 0.999
 14.208333  15.208333 999.999 0.999 999.999 0.999
 17.208333  18.208333  28.091 0.000   7.960 0.559
 21.208333  22.208333  12.689 0.000   7.509 0.559
 24.208333  25.208333   8.432 0.000   3.825 0.559
 28.208333  29.208333  17.172 0.000  13.614 0.559
 31.208333  32.208333  11.161 0.000   6.500 0.559
 35.208333  36.208333  28.571 0.000  24.660 0.559
 38.208333  39.208333  16.504 0.000  11.156 0.559
 42.208333  43.208333  34.217 0.000  20.171 0.559
 45.208333  46.208333  12.688 0.000   4.686 0.559
 49.208333  50.208333  16.225 0.000   6.815 0.559
 52.208333  53.208333  22.672 0.000  11.729 0.559
 56.208333  57.208333  12.920 0.000   5.143 0.559
 59.208333  60.208333   6.920 0.000   4.633 0.000
 63.208333  64.208333  24.291 0.000  18.169 0.000
 66.208333  67.208333  20.202 0.000   6.210 0.000
 70.208333  71.208333   8.720 0.000   7.238 0.000
 73.208333  74.208333  13.774 0.000   9.269 0.000
 77.208333  78.208333  15.560 0.000   9.308 0.000
 80.208333  81.208333  29.962 0.000  14.466 0.000
 84.208333  85.208333  13.346 0.000  10.381 0.000
 87.208333  88.208333  11.533 0.000   8.264 0.000
 91.208333  92.208333  24.488 0.000  13.683 0.000
 94.208333  95.208333  18.690 0.000   9.607 0.000
 98.208333  99.208333  19.060 0.000  15.411 0.000
101.208333 102.208333  15.135 0.000   9.937 0.000
105.208333 106.208333 999.999 0.999  22.611 0.000
108.208333 109.208333  26.588 0.000  20.701 0.000
112.208333 113.208333   8.577 0.000   3.738 0.000
115.208333 116.208333  22.568 0.000  19.185 0.000
119.208333 120.208333  15.577 0.000  11.066 0.000
122.208333 123.208333  19.488 0.000  12.650 0.000
126.208333 127.208333  14.015 0.000   7.335 0.000
129.208333 130.208333  16.885 0.000  11.763 0.000
133.208333 134.208333  20.163 0.000  15.756 0.000
136.208333 137.208333  30.533 0.000  16.384 0.000
140.208333 141.208333 999.999 0.999  17.750 0.000
143.208333 144.208333  19.234 0.000  13.012 0.000
147.208333 148.208333  25.338 0.000  21.806 0.000
150.208333 151.208333 999.999 0.999  12.387 0.000
154.208333 155.208333  21.956 0.000  20.377 0.000
157.208333 158.208333  26.426 0.000  23.302 0.000
161.208333 162.208333  22.070 0.000  19.777 0.000
164.208333 165.208333   6.255 0.000   4.684 0.000
168.208333 169.208333  20.000 0.000  18.521 0.000
171.208333 172.208333  22.273 0.000  15.597 0.000
175.208333 176.208333  37.126 0.000  30.538 0.000
178.208333 179.208333  19.763 0.000  15.723 0.000
182.208333 183.208333  15.331 0.000  10.283 0.000
185.208333 186.208333  21.012 0.000  16.108 0.000
189.208333 190.208333  59.669 0.000  34.169 0.000
192.208333 193.208333  40.575 0.000  25.127 0.000
196.208333 197.208333  15.486 0.000  11.994 0.000
199.208333 200.208333  16.000 0.000  12.492 0.000
203.208333 204.208333  36.241 0.000  34.108 0.000
206.208333 207.208333  23.113 0.000  19.025 0.000
210.208333 211.208333  31.483 0.000  27.906 0.000
213.208333 214.208333  20.895 0.000  16.780 0.000
217.208333 218.208333  25.759 0.000  21.497 0.000
220.208333 221.208333  38.308 0.000  34.177 0.000
224.208333 225.208333  24.783 0.000  21.234 0.000
227.208333 228.208333  30.766 0.000  28.774 0.000
231.208333 232.208333  45.946 0.000  41.962 0.000
234.208333 235.208333  26.118 0.000  19.497 0.000
238.208333 239.208333  24.525 0.000  18.656 0.000
241.208333 242.208333  13.346 0.000   9.312 0.000
245.208333 246.208333  28.467 0.000  24.695 0.000
248.208333 249.208333   8.521 0.000   4.906 0.000
252.208333 253.208333  18.263 0.000  15.625 0.000
255.208333 256.208333  21.571 0.000  16.361 0.000
259.208333 260.208333  27.203 0.000  22.987 0.000
262.208333 263.208333  19.098 0.000  12.184 0.000
266.208333 267.208333  13.118 0.000  10.252 0.000
269.208333 270.208333   9.923 0.000   7.390 0.000
273.208333 274.208333  13.945 0.000   8.662 0.000
276.208333 277.208333  22.735 0.000  17.350 0.000
280.208333 281.208333  11.978 0.000   9.211 0.000
283.208333 284.208333   9.597 0.000   4.827 0.000
287.208333 288.208333  16.051 0.000  10.633 0.000
290.208333 291.208333  12.926 0.000   7.785 0.000
294.208333 295.208333  16.475 0.000  15.277 0.000
297.208333 298.208333  22.759 0.000  21.845 0.000
301.208333 302.208333  14.385 0.000  11.139 0.000
304.208333 305.208333  14.833 0.000   8.892 0.000
308.208333 309.208333   5.933 0.000   3.917 0.000
311.208333 312.208333  10.651 0.000   9.108 0.000
315.208333 316.208333   9.341 0.000   4.889 0.000
318.208333 319.208333   9.316 0.000   4.563 0.000
322.208333 323.208333   8.246 0.000   4.534 0.000
325.208333 326.208333   3.097 0.000   1.234 0.000
329.208333 330.208333   7.897 0.000   3.968 0.000
332.208333 333.208333  14.699 0.000   9.365 0.000
336.208333 337.208333   9.889 0.000   4.476 0.000
339.208333 340.208333   5.351 0.000   3.619 0.000
343.208333 344.208333  13.358 0.000   9.614 0.000
346.208333 347.208333  11.912 0.000   7.834 0.000
350.208333 351.208333   4.084 0.000   2.825 0.000
353.208333 354.208333   9.764 0.000   7.950 0.000
357.208333 358.208333   7.184 0.000   3.281 0.000
360.208333 361.208333  10.335 0.000   6.762 0.000
364.208333 365.208333   8.435 0.000   2.815 0.000
