scripts/IMPROVE-2019_partial/data/US0020R.19970101080000.20191216000000.filterpack...1y.3d.US03L_filterpack_US0020.US03L_IMPROVE_Davis.lev2.nas
51 1001
MISSING INFORMATION
US03L, IMPROVE, , , , , , , 
MISSING INFORMATION
IMPROVE sel_HTAP
1 1
1997 01 01 2019 12 16
0
days from file reference point
4
1 1 1 1
999.999999 9999.999 999.999 9.999
end_time of measurement, days from the file reference point
pm10_mass, ug/m3, Matrix=pm10
pm25_mass, ug/m3, Matrix=pm25
numflag, no unit
0
33
Data definition:              EBAS_1.1
Set type code:                TI
Timezone:                     UTC
File name:                    US0020R.19970101080000.20191216000000.filterpack...1y.3d.US03L_filterpack_US0020.US03L_IMPROVE_Davis.lev2.nas
File creation:                20191218115644
Startdate:                    19970101080000
Revision date:                20191216000000
Version:                      2
Version description:          "Data extracted from http://views.cira.colostate.edu/fed/DataWizard 2019-12-16"
Statistics:                   arithmetic mean
Data level:                   2
Period code:                  1y
Resolution code:              3d
Sample duration:              1d
Orig. time res.:              3d
Station code:                 US0020R
Platform code:                US0020S
Station name:                 Death Valley NP
Station latitude:             36.5089
Station longitude:            -116.8478
Station altitude:             130.0 m
Regime:                       IMG
Component:                    
Unit:                         ug/m3
Matrix:                       
Laboratory code:              US03L
Instrument type:              filterpack
Instrument name:              filterpack_US0020
Method ref:                   US03L_IMPROVE_Davis
Blank correction:             Blank corrected
Volume std. temperature:      ambient
Volume std. pressure:         ambient
starttime endtime PM10 PM2.5 flag
  0.333333   1.333333   10.522   2.205 0.000
  3.333333   4.333333    2.242   0.805 0.000
  7.333333   8.333333   11.094   1.127 0.000
 10.333333  11.333333   15.408   1.188 0.000
 14.333333  15.333333   17.803   3.083 0.000
 17.333333  18.333333   26.287   1.078 0.000
 21.333333  22.333333   19.224   2.384 0.000
 24.333333  25.333333    5.750 999.999 0.000
 28.333333  29.333333    4.400   3.023 0.000
 31.333333  32.333333    3.140   3.006 0.000
 35.333333  36.333333    9.783   3.096 0.000
 38.333333  39.333333    5.411   1.638 0.000
 42.333333  43.333333   44.720   6.193 0.000
 45.333333  46.333333   26.441   1.142 0.000
 49.333333  50.333333   14.410   2.891 0.000
 52.333333  53.333333   10.152   1.347 0.000
 56.333333  57.333333    9.610   2.225 0.000
 59.333333  60.333333   17.521   1.759 0.000
 63.333333  64.333333    4.902   1.254 0.000
 66.333333  67.333333    5.043 999.999 0.000
 70.333333  71.333333   11.466   5.178 0.000
 73.333333  74.333333    6.372   3.277 0.000
 77.333333  78.333333    7.383   3.127 0.000
 80.333333  81.333333    9.892   4.405 0.000
 84.333333  85.333333   12.607   3.549 0.000
 87.333333  88.333333   10.003   3.029 0.000
 91.333333  92.333333   19.468   4.691 0.000
 94.333333  95.333333   26.340   3.289 0.000
 98.333333  99.333333   39.163   6.333 0.000
101.333333 102.333333   17.839   3.882 0.000
105.333333 106.333333   12.029   4.864 0.000
108.333333 109.333333   14.344  10.065 0.000
112.333333 113.333333   21.242   5.838 0.000
115.333333 116.333333    7.028   2.183 0.000
119.333333 120.333333   13.972   4.425 0.000
122.333333 123.333333   15.530   6.944 0.000
126.333333 127.333333   19.357   4.318 0.000
129.333333 130.333333   16.966   5.070 0.000
133.333333 134.333333   20.510   7.782 0.000
136.333333 137.333333   14.137   4.712 0.000
140.333333 141.333333   21.416   6.790 0.000
143.333333 144.333333   17.022   2.386 0.000
147.333333 148.333333   13.276   3.964 0.000
150.333333 151.333333   15.614   7.006 0.000
154.333333 155.333333   22.497   4.834 0.000
157.333333 158.333333   31.229   7.344 0.000
161.333333 162.333333   24.023   7.401 0.000
164.333333 165.333333    5.252   1.760 0.000
168.333333 169.333333   16.748   6.759 0.000
171.333333 172.333333   21.299   6.569 0.000
175.333333 176.333333   10.889   3.968 0.000
178.333333 179.333333   20.233   4.536 0.000
182.333333 183.333333   13.265   3.594 0.000
185.333333 186.333333   16.751   6.100 0.000
189.333333 190.333333   12.862   3.411 0.000
192.333333 193.333333   22.330   7.190 0.000
196.333333 197.333333   16.848   5.186 0.000
199.333333 200.333333   15.428   4.822 0.000
203.333333 204.333333   11.012   4.344 0.000
206.333333 207.333333   12.619   3.844 0.000
210.333333 211.333333   24.388   7.378 0.000
213.333333 214.333333   22.983   4.517 0.000
217.333333 218.333333   24.732   4.793 0.000
220.333333 221.333333  111.279  16.718 0.000
224.333333 225.333333   22.100   3.929 0.000
227.333333 228.333333   36.534   6.976 0.000
231.333333 232.333333   10.478   3.395 0.000
234.333333 235.333333 9999.999 999.999 0.999
238.333333 239.333333   12.309   2.845 0.000
241.333333 242.333333   14.430   3.579 0.000
245.333333 246.333333    6.536 999.999 0.000
248.333333 249.333333   18.518   6.694 0.000
252.333333 253.333333   10.884   2.685 0.000
255.333333 256.333333   18.879   3.928 0.000
259.333333 260.333333   14.624   3.565 0.000
262.333333 263.333333   24.808   4.154 0.000
266.333333 267.333333   17.692   3.687 0.000
269.333333 270.333333   15.498   2.735 0.000
273.333333 274.333333   15.981   5.474 0.000
276.333333 277.333333   15.046   5.443 0.000
280.333333 281.333333   28.405   7.007 0.000
283.333333 284.333333   31.893   4.619 0.000
287.333333 288.333333    3.736   0.953 0.000
290.333333 291.333333   11.976   3.268 0.000
294.333333 295.333333   11.533   4.305 0.000
297.333333 298.333333    8.892   2.482 0.000
301.333333 302.333333    5.406   1.636 0.000
304.333333 305.333333   15.550   5.904 0.000
308.333333 309.333333    6.404   3.210 0.000
311.333333 312.333333    5.429   1.593 0.000
315.333333 316.333333    4.849   2.531 0.000
318.333333 319.333333    5.008   2.366 0.000
322.333333 323.333333    5.208   2.469 0.000
325.333333 326.333333    4.836   1.675 0.000
329.333333 330.333333   26.185   1.643 0.000
332.333333 333.333333    5.911   1.147 0.000
336.333333 337.333333    8.528   1.106 0.000
339.333333 340.333333   13.355   2.554 0.000
343.333333 344.333333    3.795   0.640 0.000
346.333333 347.333333    1.938   0.457 0.000
350.333333 351.333333    3.028   0.489 0.000
353.333333 354.333333    7.936   0.734 0.000
357.333333 358.333333    6.702   1.612 0.000
360.333333 361.333333    2.852   2.191 0.000
364.333333 365.333333    3.715   0.926 0.000
