scripts/IMPROVE-2019_partial/data/US0098R.20090101080000.20191216000000.filterpack...52w.3d.US03L_filterpack_US0098.US03L_IMPROVE_Davis.lev2.nas
52 1001
MISSING INFORMATION
US03L, IMPROVE, , , , , , , 
MISSING INFORMATION
IMPROVE sel_HTAP
1 1
2009 01 01 2019 12 16
3.000000
days from file reference point
5
1 1 1 1 1
999.999999 999.999 9.999 999.999 9.999
end_time of measurement, days from the file reference point
pm10_mass, ug/m3, Matrix=pm10
numflag pm10_mass, no unit, Matrix=pm10
pm25_mass, ug/m3, Matrix=pm25
numflag pm25_mass, no unit, Matrix=pm25
0
33
Data definition:              EBAS_1.1
Set type code:                TU
Timezone:                     UTC
File name:                    US0098R.20090101080000.20191216000000.filterpack...52w.3d.US03L_filterpack_US0098.US03L_IMPROVE_Davis.lev2.nas
File creation:                20191218120209
Startdate:                    20090101080000
Revision date:                20191216000000
Version:                      2
Version description:          "Data extracted from http://views.cira.colostate.edu/fed/DataWizard 2019-12-16"
Statistics:                   arithmetic mean
Data level:                   2
Period code:                  52w
Resolution code:              3d
Sample duration:              1d
Orig. time res.:              3d
Station code:                 US0098R
Platform code:                US0098S
Station name:                 Point Reyes National Seashore
Station latitude:             38.1224
Station longitude:            -122.9085
Station altitude:             97.0 m
Regime:                       IMG
Component:                    
Unit:                         ug/m3
Matrix:                       
Laboratory code:              US03L
Instrument type:              filterpack
Instrument name:              filterpack_US0098
Method ref:                   US03L_IMPROVE_Davis
Blank correction:             Blank corrected
Volume std. temperature:      ambient
Volume std. pressure:         ambient
starttime endtime PM10 flag_PM10 PM2.5 flag_PM2.5
  0.333333   1.333333   6.672 0.000   3.466 0.000
  3.333333   4.333333   8.990 0.000   3.152 0.000
  6.333333   7.333333  17.685 0.000  16.891 0.000
  9.333333  10.333333   9.610 0.000   3.737 0.000
 12.333333  13.333333   8.532 0.000   4.029 0.000
 15.333333  16.333333  13.574 0.000   7.519 0.000
 18.333333  19.333333   6.310 0.000   3.238 0.000
 21.333333  22.333333  10.437 0.000   8.795 0.000
 24.333333  25.333333  10.609 0.000   3.613 0.000
 27.333333  28.333333  10.419 0.000   4.121 0.000
 30.333333  31.333333  13.445 0.000   7.917 0.000
 33.333333  34.333333  14.147 0.000  10.666 0.000
 36.333333  37.333333   3.845 0.000   1.910 0.000
 39.333333  40.333333   9.385 0.000   2.807 0.000
 42.333333  43.333333   6.884 0.000   1.930 0.000
 45.333333  46.333333   9.018 0.000   3.582 0.000
 48.333333  49.333333   6.935 0.000   4.734 0.000
 51.333333  52.333333   9.706 0.000   5.205 0.000
 54.333333  55.333333  10.806 0.000   3.285 0.000
 57.333333  58.333333   8.037 0.000   2.403 0.000
 60.333333  61.333333  11.767 0.000   5.251 0.000
 63.333333  64.333333   5.845 0.000   2.201 0.000
 66.333333  67.333333  13.488 0.000   5.107 0.000
 69.333333  70.333333  12.085 0.000   3.350 0.000
 72.333333  73.333333   8.876 0.000   3.033 0.000
 75.333333  76.333333   4.122 0.000   2.100 0.000
 78.333333  79.333333   6.750 0.000   2.571 0.000
 81.333333  82.333333  14.348 0.000   4.167 0.000
 84.333333  85.333333  18.586 0.000   7.466 0.000
 87.333333  88.333333  23.128 0.000   8.730 0.000
 90.333333  91.333333 999.999 0.456   8.965 0.000
 93.333333  94.333333  19.032 0.000   8.016 0.000
 96.333333  97.333333  12.934 0.000   6.884 0.000
 99.333333 100.333333   9.989 0.000   3.206 0.000
102.333333 103.333333 999.999 0.999 999.999 0.999
105.333333 106.333333 999.999 0.999 999.999 0.999
108.333333 109.333333 999.999 0.999 999.999 0.999
111.333333 112.333333  14.049 0.000   7.847 0.000
114.333333 115.333333  21.424 0.000   9.222 0.000
117.333333 118.333333  10.497 0.000   4.785 0.000
120.333333 121.333333   5.397 0.000   4.024 0.000
123.333333 124.333333   1.411 0.000   0.842 0.000
126.333333 127.333333 999.999 0.999   5.913 0.000
129.333333 130.333333 999.999 0.999  11.975 0.000
132.333333 133.333333  19.383 0.000   7.457 0.000
135.333333 136.333333  25.978 0.000  11.213 0.000
138.333333 139.333333  10.099 0.000   4.562 0.000
141.333333 142.333333  24.381 0.000  12.792 0.000
144.333333 145.333333  19.266 0.000  10.845 0.000
147.333333 148.333333   4.945 0.000   3.296 0.000
150.333333 151.333333   3.852 0.000   2.633 0.000
153.333333 154.333333   9.013 0.000   5.236 0.000
156.333333 157.333333   5.636 0.000   4.052 0.000
159.333333 160.333333   2.807 0.000   1.724 0.000
162.333333 163.333333   8.068 0.000   3.762 0.000
165.333333 166.333333   4.673 0.000   2.554 0.000
168.333333 169.333333  14.965 0.000   6.381 0.000
171.333333 172.333333  23.554 0.000  10.164 0.000
174.333333 175.333333  13.638 0.000   7.298 0.000
177.333333 178.333333  28.376 0.000  14.625 0.000
180.333333 181.333333  17.117 0.000   9.854 0.000
183.333333 184.333333   4.613 0.000   3.206 0.000
186.333333 187.333333  10.745 0.000   3.800 0.000
189.333333 190.333333  12.094 0.000   5.668 0.000
192.333333 193.333333   7.845 0.000   3.743 0.000
195.333333 196.333333 999.999 0.456   6.176 0.000
198.333333 199.333333 999.999 0.456   3.575 0.000
201.333333 202.333333 999.999 0.456   2.786 0.000
204.333333 205.333333   1.878 0.000   1.242 0.000
207.333333 208.333333   2.052 0.000   1.067 0.000
210.333333 211.333333   0.896 0.000   0.666 0.000
213.333333 214.333333   1.146 0.000   0.815 0.000
216.333333 217.333333   2.604 0.000   1.237 0.000
219.333333 220.333333  19.848 0.000  14.099 0.000
222.333333 223.333333   3.768 0.000   1.762 0.000
225.333333 226.333333  20.414 0.000   8.258 0.000
228.333333 229.333333  11.133 0.000   6.533 0.000
231.333333 232.333333   3.189 0.000   2.494 0.000
234.333333 235.333333  19.073 0.000   8.630 0.000
237.333333 238.333333   2.358 0.000   1.177 0.000
240.333333 241.333333  21.083 0.000   8.277 0.000
243.333333 244.333333   7.960 0.000   3.112 0.000
246.333333 247.333333   8.243 0.000   3.425 0.000
249.333333 250.333333  26.966 0.000   8.802 0.000
252.333333 253.333333   8.854 0.000   2.482 0.000
255.333333 256.333333   7.224 0.000   3.389 0.000
258.333333 259.333333   5.007 0.000   2.049 0.000
261.333333 262.333333   9.610 0.000   4.723 0.000
264.333333 265.333333   3.543 0.000   1.210 0.000
267.333333 268.333333   5.025 0.000   1.574 0.000
270.333333 271.333333  17.872 0.000   7.863 0.000
273.333333 274.333333  19.477 0.000   6.650 0.000
276.333333 277.333333  16.938 0.000   6.543 0.000
279.333333 280.333333  17.293 0.000   6.332 0.000
282.333333 283.333333  12.162 0.000   6.696 0.000
285.333333 286.333333   8.550 0.000   3.925 0.000
288.333333 289.333333   3.650 0.000   1.349 0.000
291.333333 292.333333   4.816 0.000   1.850 0.000
294.333333 295.333333  18.346 0.000   7.298 0.000
297.333333 298.333333  21.921 0.000   8.462 0.000
300.333333 301.333333  19.750 0.000   5.387 0.000
303.333333 304.333333   3.922 0.000   1.628 0.000
306.333333 307.333333  18.695 0.000   7.927 0.000
309.333333 310.333333   5.790 0.000   2.464 0.000
312.333333 313.333333  13.606 0.000   4.347 0.000
315.333333 316.333333  13.516 0.000   4.350 0.000
318.333333 319.333333  10.126 0.000 999.999 0.999
321.333333 322.333333  16.863 0.000 999.999 0.999
324.333333 325.333333  17.810 0.000 999.999 0.999
327.333333 328.333333  15.937 0.000 999.999 0.999
330.333333 331.333333  18.376 0.000   8.281 0.000
333.333333 334.333333  14.112 0.000   5.683 0.000
336.333333 337.333333   4.460 0.000   2.363 0.000
339.333333 340.333333  10.494 0.000   3.820 0.000
342.333333 343.333333  14.011 0.000  10.967 0.000
345.333333 346.333333   7.494 0.000   2.729 0.000
348.333333 349.333333 999.999 0.456 999.999 0.456
351.333333 352.333333 999.999 0.456 999.999 0.456
354.333333 355.333333 999.999 0.456 999.999 0.456
357.333333 358.333333  11.909 0.000   6.407 0.000
360.333333 361.333333  17.654 0.000  13.787 0.000
363.333333 364.333333  10.533 0.000   4.034 0.000
