scripts/IMPROVE-2019_partial/data/US0056R.20060102070000.20191216000000.filterpack..pm25.52w.1w.US03L_filterpack_US0056.US03L_IMPROVE_Davis.lev2.nas
66 1001
MISSING INFORMATION
US03L, IMPROVE, , , , , , , 
MISSING INFORMATION
IMPROVE sel_HTAP
1 1
2006 01 01 2019 12 16
3.000000
days from file reference point
27
1 1 1 1 1 1 1 1 1 1 1 1 1 1 1 1 1 1 1 1 1 1 1 1 1 1 1
999.999999 9999.99 9.999 99.99 9.999 9.999 9.999 9.99 9.999 9.999 9.999 99.999 9.999 999.999 9.999 99.99 9.999 999.999 9.999 999.999 9.999 999.999 9.999 9.999 9.999 9.999 9.999
end_time of measurement, days from the file reference point
iron, ng/m3, Revision date=20181210133000
numflag iron, no unit, Revision date=20181210133000
lead, ng/m3, Revision date=20181210133000
numflag lead, no unit, Revision date=20181210133000
magnesium, ug/m3, Revision date=20181210133000
numflag magnesium, no unit, Revision date=20181210133000
nickel, ng/m3, Revision date=20181210133000
numflag nickel, no unit, Revision date=20181210133000
nitrate, ug N/m3, Revision date=20181210133000
numflag nitrate, no unit, Revision date=20181210133000
organic_carbon, ug C/m3, Revision date=20181210133000
numflag organic_carbon, no unit, Revision date=20181210133000
organic_mass, ug/m3, Revision date=20181210133000
numflag organic_mass, no unit, Revision date=20181210133000
phosphorus, ng/m3, Revision date=20181210133000
numflag phosphorus, no unit, Revision date=20181210133000
pm10_mass, ug/m3, Version=2, Version description=Data extracted from http://views.cira.colostate.edu/fed/DataWizard 2019-12-16, Sample duration=1d, Orig. time res.=3d, Matrix=pm10, Blank correction=Blank corrected, Volume std. temperature=ambient, Volume std. pressure=ambient
numflag pm10_mass, no unit, Version=2, Version description=Data extracted from http://views.cira.colostate.edu/fed/DataWizard 2019-12-16, Sample duration=1d, Orig. time res.=3d, Matrix=pm10, Blank correction=Blank corrected, Volume std. temperature=ambient, Volume std. pressure=ambient
pm10_pm25_mass, ug/m3, Revision date=20181210133000, Matrix=pm10_pm25
numflag pm10_pm25_mass, no unit, Revision date=20181210133000, Matrix=pm10_pm25
pm25_mass, ug/m3, Version=2, Version description=Data extracted from http://views.cira.colostate.edu/fed/DataWizard 2019-12-16, Sample duration=1d, Orig. time res.=3d, Blank correction=Blank corrected, Volume std. temperature=ambient, Volume std. pressure=ambient
numflag pm25_mass, no unit, Version=2, Version description=Data extracted from http://views.cira.colostate.edu/fed/DataWizard 2019-12-16, Sample duration=1d, Orig. time res.=3d, Blank correction=Blank corrected, Volume std. temperature=ambient, Volume std. pressure=ambient
potassium, ug/m3, Revision date=20181210133000
numflag potassium, no unit, Revision date=20181210133000
sulphate_total, ug S/m3, Revision date=20181210133000
numflag sulphate_total, no unit, Revision date=20181210133000
0
25
Data definition:              EBAS_1.1
Set type code:                TU
Timezone:                     UTC
File name:                    US0056R.20060102070000.20191216000000.filterpack..pm25.52w.1w.US03L_filterpack_US0056.US03L_IMPROVE_Davis.lev2.nas
File creation:                20191218115854
Startdate:                    20060102070000
Revision date:                20191216000000
Statistics:                   arithmetic mean
Data level:                   2
Period code:                  52w
Resolution code:              1w
Station code:                 US0056R
Platform code:                US0056S
Station name:                 Fort Peck (IMPROVE)
Station latitude:             48.308
Station longitude:            -105.1022
Station altitude:             638.0 m
Regime:                       IMG
Component:                    
Matrix:                       pm25
Laboratory code:              US03L
Instrument type:              filterpack
Instrument name:              filterpack_US0056
Method ref:                   US03L_IMPROVE_Davis
starttime endtime Fe flag_Fe Pb flag_Pb Mg++ flag_Mg++ Ni flag_Ni NO3- flag_NO3- OC flag_OC OM flag_OM P flag_P PM10 flag_PM10 PM10-PM2.5 flag_PM10-PM2.5 PM2.5 flag_PM2.5 K+ flag_K+ SO4-- flag_SO4--
  1.291667   2.291667    4.14 0.000  0.64 0.000 9.999 0.259 9.99 0.259 0.331 0.000  0.508 0.000   0.712 0.000 99.99 0.259   3.331 0.000   0.222 0.000   3.109 0.000 0.008 0.000 0.248 0.000
  4.291667   5.291667    7.36 0.000  0.16 0.000 0.009 0.000 9.99 0.259 0.157 0.000  0.328 0.000   0.459 0.000 99.99 0.259   1.564 0.000   0.559 0.000   1.005 0.000 0.007 0.000 0.041 0.000
  7.291667   8.291667   14.16 0.000  1.03 0.000 9.999 0.259 9.99 0.259 0.334 0.000  0.426 0.000   0.596 0.000 99.99 0.259   5.838 0.000   1.648 0.000   4.191 0.000 0.035 0.000 0.441 0.000
 10.291667  11.291667 9999.99 0.999 99.99 0.999 9.999 0.999 9.99 0.999 9.999 0.999 99.999 0.999 999.999 0.999 99.99 0.999 999.999 0.999 999.999 0.999 999.999 0.999 9.999 0.999 9.999 0.999
 13.291667  14.291667 9999.99 0.999 99.99 0.999 9.999 0.999 9.99 0.999 9.999 0.999 99.999 0.999 999.999 0.999 99.99 0.999 999.999 0.999 999.999 0.999 999.999 0.999 9.999 0.999 9.999 0.999
 16.291667  17.291667 9999.99 0.999 99.99 0.999 9.999 0.999 9.99 0.999 9.999 0.999 99.999 0.999 999.999 0.999 99.99 0.999 999.999 0.999 999.999 0.999 999.999 0.999 9.999 0.999 9.999 0.999
 19.291667  20.291667    5.73 0.000  0.33 0.000 9.999 0.259 9.99 0.259 0.203 0.000  1.176 0.000   1.647 0.000 99.99 0.259   4.925 0.000   0.291 0.000   4.634 0.000 0.045 0.000 0.406 0.000
 22.291667  23.291667    7.69 0.000  0.29 0.000 9.999 0.259 9.99 0.259 0.006 0.000  0.219 0.000   0.307 0.000 99.99 0.259   2.313 0.000   1.663 0.000   0.650 0.000 0.007 0.000 0.044 0.000
 25.291667  26.291667   29.06 0.000  0.24 0.000 0.011 0.000 9.99 0.259 0.035 0.000  0.344 0.000   0.482 0.000 99.99 0.259   3.252 0.000   1.763 0.000   1.489 0.000 0.021 0.000 0.067 0.000
 28.291667  29.291667    3.60 0.000  0.42 0.000 9.999 0.259 9.99 0.259 0.125 0.000  0.245 0.000   0.343 0.000 99.99 0.259   1.265 0.000   0.457 0.000   0.808 0.000 0.005 0.000 0.063 0.000
 31.291667  32.291667   12.35 0.000  0.46 0.000 9.999 0.259 9.99 0.259 0.494 0.000  0.281 0.000   0.394 0.000 99.99 0.259   3.910 0.000   1.132 0.000   2.778 0.000 0.012 0.000 0.265 0.000
 34.291667  35.291667    9.41 0.000  0.56 0.000 9.999 0.259 9.99 0.259 0.215 0.000  0.403 0.000   0.565 0.000 99.99 0.259   4.553 0.000   1.621 0.000   2.932 0.000 0.012 0.000 0.547 0.000
 37.291667  38.291667   15.28 0.000  0.44 0.000 9.999 0.259 9.99 0.259 0.253 0.000  0.359 0.000   0.502 0.000 99.99 0.259   5.452 0.000   1.457 0.000   3.996 0.000 0.022 0.000 0.617 0.000
 40.291667  41.291667   16.59 0.000 99.99 0.259 9.999 0.259 9.99 0.259 0.030 0.000  0.211 0.000   0.296 0.000 99.99 0.259   4.938 0.000   3.628 0.000   1.310 0.000 0.015 0.000 0.179 0.000
 43.291667  44.291667   18.30 0.000  0.54 0.000 9.999 0.259 9.99 0.259 0.025 0.000  0.417 0.000   0.584 0.000 99.99 0.259   2.509 0.000   1.510 0.000   1.000 0.000 0.016 0.000 0.082 0.000
 46.291667  47.291667   16.35 0.000  0.74 0.000 0.013 0.000 9.99 0.259 0.092 0.000  0.309 0.000   0.432 0.000 99.99 0.259   4.049 0.000   1.651 0.000   2.398 0.000 0.033 0.000 0.241 0.000
 49.291667  50.291667   23.46 0.000  0.63 0.000 9.999 0.259 9.99 0.259 0.155 0.000  0.560 0.000   0.784 0.000 99.99 0.259   4.548 0.000   2.062 0.000   2.486 0.000 0.022 0.000 0.272 0.000
 52.291667  53.291667   11.73 0.000  1.35 0.000 9.999 0.259 9.99 0.259 0.087 0.000  0.519 0.000   0.727 0.000 99.99 0.259   3.964 0.000   1.046 0.000   2.918 0.000 0.033 0.000 0.385 0.000
 55.291667  56.291667   16.16 0.000  1.00 0.000 9.999 0.259 9.99 0.259 0.238 0.000  0.478 0.000   0.670 0.000 99.99 0.259   4.741 0.000   0.408 0.000   4.333 0.000 0.038 0.000 0.583 0.000
 58.291667  59.291667 9999.99 0.456 99.99 0.456 9.999 0.456 9.99 0.456 9.999 0.456 99.999 0.456 999.999 0.456 99.99 0.456 999.999 0.456 999.999 0.456 999.999 0.456 9.999 0.456 9.999 0.456
 61.291667  62.291667   16.15 0.000  1.21 0.000 9.999 0.259 9.99 0.259 0.450 0.000  0.404 0.000   0.566 0.000 99.99 0.259   8.050 0.000   1.605 0.000   6.445 0.000 0.035 0.000 0.811 0.000
 64.291667  65.291667   24.49 0.000  0.72 0.000 9.999 0.259 9.99 0.259 0.324 0.000  0.423 0.000   0.592 0.000 99.99 0.259   6.191 0.000   2.138 0.000   4.052 0.000 0.017 0.000 0.577 0.000
 67.291667  68.291667   11.96 0.000  0.31 0.000 9.999 0.259 9.99 0.259 0.032 0.000  0.268 0.000   0.376 0.000 99.99 0.259   1.739 0.000   0.886 0.000   0.853 0.000 0.006 0.000 0.044 0.000
 70.291667  71.291667   10.07 0.000  2.60 0.000 9.999 0.259 0.24 0.000 0.058 0.000  0.163 0.000   0.228 0.000 99.99 0.259   4.020 0.000   0.494 0.000   3.526 0.000 0.019 0.000 0.543 0.000
 73.291667  74.291667   26.90 0.000  1.35 0.000 9.999 0.259 9.99 0.259 0.516 0.000  0.396 0.000   0.554 0.000 99.99 0.259   9.694 0.000   3.136 0.000   6.557 0.000 0.025 0.000 0.920 0.000
 76.291667  77.291667   20.54 0.000  1.48 0.000 9.999 0.259 0.13 0.000 0.844 0.000  0.576 0.000   0.806 0.000 99.99 0.259  11.557 0.000   2.224 0.000   9.333 0.000 0.025 0.000 0.982 0.000
 79.291667  80.291667   35.76 0.000  0.88 0.000 0.010 0.000 9.99 0.259 0.227 0.000  0.268 0.000   0.376 0.000 99.99 0.259   4.803 0.000   2.621 0.000   2.182 0.000 0.023 0.000 0.229 0.000
 82.291667  83.291667   39.73 0.000  0.57 0.000 9.999 0.259 9.99 0.259 0.259 0.000  0.260 0.000   0.364 0.000 99.99 0.259   5.189 0.000   3.091 0.000   2.098 0.000 0.017 0.000 0.194 0.000
 85.291667  86.291667   27.02 0.000  0.34 0.000 9.999 0.259 9.99 0.259 0.398 0.000  0.407 0.000   0.569 0.000 99.99 0.259   6.213 0.000   1.484 0.000   4.729 0.000 0.024 0.000 0.718 0.000
 88.291667  89.291667   14.68 0.000  1.07 0.000 9.999 0.259 9.99 0.259 0.477 0.000  0.394 0.000   0.552 0.000 99.99 0.259   7.876 0.000   0.816 0.000   7.059 0.000 0.021 0.000 0.950 0.000
 91.291667  92.291667   26.91 0.000  1.40 0.000 0.018 0.000 9.99 0.259 0.372 0.000  0.306 0.000   0.428 0.000 99.99 0.259   5.420 0.000   1.840 0.000   3.580 0.000 0.034 0.000 0.567 0.000
 94.291667  95.291667   55.18 0.000  2.09 0.000 0.021 0.000 0.11 0.000 0.353 0.000  1.262 0.000   1.767 0.000 99.99 0.259  12.322 0.000   6.320 0.000   6.002 0.000 0.052 0.000 0.582 0.000
 97.291667  98.291667   49.19 0.000  1.08 0.000 0.024 0.000 9.99 0.259 0.037 0.000  0.358 0.000   0.501 0.000 99.99 0.259   6.378 0.000   3.068 0.000   3.310 0.000 0.029 0.000 0.426 0.000
100.291667 101.291667   15.87 0.000  0.51 0.000 9.999 0.259 9.99 0.259 0.055 0.000  0.257 0.000   0.359 0.000 99.99 0.259   2.004 0.000   0.639 0.000   1.365 0.000 0.011 0.000 0.135 0.000
103.291667 104.291667   66.50 0.000  0.38 0.000 0.027 0.000 0.11 0.000 0.016 0.000  0.212 0.000   0.297 0.000 99.99 0.259   6.719 0.000   4.548 0.000   2.171 0.000 0.031 0.000 0.120 0.000
106.291667 107.291667   22.94 0.000 99.99 0.259 0.015 0.000 9.99 0.259 0.032 0.000  0.293 0.000   0.410 0.000 99.99 0.259   3.033 0.000   1.203 0.000   1.830 0.000 0.023 0.000 0.186 0.000
109.291667 110.291667   19.90 0.000  0.41 0.000 9.999 0.259 0.17 0.000 0.049 0.000  0.506 0.000   0.708 0.000 99.99 0.259   4.436 0.000   1.158 0.000   3.277 0.000 0.015 0.000 0.470 0.000
112.291667 113.291667   18.00 0.000  0.49 0.000 9.999 0.259 9.99 0.259 0.016 0.000  0.282 0.000   0.394 0.000 99.99 0.259   3.300 0.000   1.598 0.000   1.702 0.000 0.019 0.000 0.177 0.000
115.291667 116.291667  146.37 0.000  1.21 0.000 0.072 0.000 9.99 0.259 0.065 0.000  0.641 0.000   0.897 0.000 99.99 0.259   9.979 0.000   5.169 0.000   4.809 0.000 0.082 0.000 0.301 0.000
118.291667 119.291667  133.11 0.000  2.56 0.000 0.066 0.000 9.99 0.259 0.075 0.000  1.142 0.000   1.599 0.000 99.99 0.259  14.922 0.000   8.027 0.000   6.896 0.000 0.100 0.000 0.523 0.000
121.291667 122.291667   32.07 0.000  0.69 0.000 9.999 0.259 9.99 0.259 0.026 0.000  0.399 0.000   0.559 0.000 99.99 0.259   4.593 0.000   2.142 0.000   2.451 0.000 0.023 0.000 0.295 0.000
124.291667 125.291667   63.93 0.000  0.90 0.000 0.020 0.000 0.10 0.000 0.037 0.000  0.276 0.000   0.386 0.000 99.99 0.259   5.625 0.000   2.554 0.000   3.072 0.000 0.042 0.000 0.303 0.000
127.291667 128.291667   30.19 0.000  0.57 0.000 9.999 0.259 9.99 0.259 0.010 0.000  0.333 0.000   0.466 0.000 99.99 0.259   4.711 0.000   2.822 0.000   1.890 0.000 0.020 0.000 0.163 0.000
130.291667 131.291667   76.51 0.000  0.62 0.000 9.999 0.259 9.99 0.259 0.050 0.000  0.500 0.000   0.700 0.000 99.99 0.259  12.785 0.000   7.304 0.000   5.481 0.000 0.050 0.000 0.686 0.000
133.291667 134.291667   56.08 0.000  0.41 0.000 0.016 0.000 9.99 0.259 0.052 0.000  0.954 0.000   1.335 0.000 99.99 0.259  12.834 0.000   8.966 0.000   3.868 0.000 0.056 0.000 0.226 0.000
136.291667 137.291667  169.10 0.000  1.20 0.000 0.028 0.000 9.99 0.259 0.036 0.000  1.593 0.000   2.230 0.000 99.99 0.259  21.397 0.000  13.640 0.000   7.757 0.000 0.105 0.000 0.350 0.000
139.291667 140.291667   65.96 0.000 99.99 0.259 9.999 0.259 0.10 0.000 0.042 0.000  1.077 0.000   1.508 0.000 99.99 0.259  16.365 0.000  11.513 0.000   4.852 0.000 0.043 0.000 0.317 0.000
142.291667 143.291667  108.41 0.000  1.21 0.000 9.999 0.259 9.99 0.259 0.055 0.559  1.514 0.000   2.119 0.000 99.99 0.259  18.502 0.000  10.621 0.000   7.882 0.000 0.068 0.000 0.587 0.559
145.291667 146.291667 9999.99 0.999 99.99 0.999 9.999 0.999 9.99 0.999 9.999 0.999 99.999 0.999 999.999 0.999 99.99 0.999 999.999 0.999 999.999 0.999 999.999 0.999 9.999 0.999 9.999 0.999
148.291667 149.291667 9999.99 0.999 99.99 0.999 9.999 0.999 9.99 0.999 9.999 0.999 99.999 0.999 999.999 0.999 99.99 0.999 999.999 0.999 999.999 0.999 999.999 0.999 9.999 0.999 9.999 0.999
151.291667 152.291667   48.83 0.000  0.46 0.000 9.999 0.259 9.99 0.259 0.011 0.559  0.745 0.000   1.043 0.000 99.99 0.259   7.013 0.000   4.304 0.000   2.709 0.000 0.028 0.000 0.140 0.559
154.291667 155.291667   45.49 0.000  0.58 0.000 0.015 0.000 9.99 0.259 0.015 0.000  0.664 0.000   0.930 0.000 99.99 0.259   7.975 0.000   5.204 0.000   2.771 0.000 0.026 0.000 0.133 0.000
157.291667 158.291667   53.71 0.000  0.77 0.000 0.024 0.000 9.99 0.259 0.026 0.559  0.924 0.000   1.294 0.000 99.99 0.259  13.778 0.000   9.852 0.000   3.925 0.000 0.036 0.000 0.194 0.559
160.291667 161.291667    5.95 0.000  0.42 0.000 9.999 0.259 9.99 0.259 0.111 0.000  0.357 0.000   0.500 0.000 99.99 0.259   4.253 0.000   1.591 0.000   2.662 0.000 0.007 0.000 0.404 0.000
163.291667 164.291667   16.33 0.000  0.42 0.000 0.009 0.000 9.99 0.259 0.014 0.559  0.337 0.000   0.472 0.000 99.99 0.259   6.591 0.000   4.379 0.000   2.212 0.000 0.015 0.000 0.217 0.559
166.291667 167.291667   12.37 0.000  0.17 0.000 0.010 0.000 9.99 0.259 0.004 0.000  0.474 0.000   0.664 0.000 99.99 0.259   5.220 0.000   3.791 0.000   1.429 0.000 0.009 0.000 0.051 0.000
169.291667 170.291667   26.00 0.000  0.64 0.000 9.999 0.259 9.99 0.259 0.011 0.000  0.634 0.000   0.888 0.000 99.99 0.259   6.766 0.000   4.107 0.000   2.659 0.000 0.016 0.000 0.146 0.000
172.291667 173.291667   25.89 0.000  0.28 0.000 0.010 0.000 9.99 0.259 0.010 0.559  0.649 0.000   0.909 0.000 99.99 0.259  10.011 0.000   6.829 0.000   3.181 0.000 0.020 0.000 0.193 0.559
175.291667 176.291667   16.41 0.000  0.09 0.000 9.999 0.259 9.99 0.259 0.011 0.559  1.956 0.000   2.738 0.000 99.99 0.259  10.066 0.000   4.310 0.000   5.756 0.000 0.030 0.000 0.297 0.559
178.291667 179.291667   92.16 0.000  0.92 0.000 0.040 0.000 9.99 0.259 0.089 0.000  8.164 0.000  11.430 0.000 99.99 0.259  34.349 0.000  10.763 0.000  23.587 0.000 0.156 0.000 0.701 0.000
181.291667 182.291667   36.89 0.000  3.00 0.000 0.010 0.000 9.99 0.259 0.035 0.000  5.306 0.000   9.551 0.000 99.99 0.259  16.973 0.000   3.897 0.000  13.076 0.000 0.117 0.000 0.231 0.000
184.291667 185.291667   48.19 0.000  0.70 0.000 9.999 0.259 9.99 0.259 0.014 0.000  3.880 0.000   6.985 0.000 99.99 0.259  17.541 0.000   7.437 0.000  10.104 0.000 0.094 0.000 0.340 0.000
187.291667 188.291667   41.82 0.000  0.78 0.000 9.999 0.259 0.09 0.000 0.016 0.000  1.154 0.000   2.076 0.000 99.99 0.259  10.294 0.000   5.966 0.000   4.328 0.000 0.049 0.000 0.262 0.000
190.291667 191.291667   67.34 0.000  0.54 0.000 0.023 0.000 9.99 0.259 0.010 0.000  0.973 0.000   1.752 0.000 99.99 0.259  13.050 0.000   9.324 0.000   3.727 0.000 0.032 0.000 0.185 0.000
193.291667 194.291667   40.01 0.000  0.40 0.000 9.999 0.259 9.99 0.259 0.011 0.000  0.810 0.000   1.458 0.000 99.99 0.259   7.569 0.000   4.806 0.000   2.764 0.000 0.031 0.000 0.101 0.000
196.291667 197.291667   35.92 0.000  0.35 0.000 0.011 0.000 9.99 0.259 0.008 0.000  0.726 0.000   1.306 0.000 99.99 0.259   9.751 0.000   6.683 0.000   3.068 0.000 0.022 0.000 0.155 0.000
199.291667 200.291667   49.50 0.000  0.29 0.000 0.016 0.000 9.99 0.259 0.011 0.000 99.999 0.456 999.999 0.456 99.99 0.259 999.999 0.456 999.999 0.999   3.353 0.000 0.023 0.000 0.190 0.000
202.291667 203.291667   84.34 0.000  0.44 0.000 9.999 0.259 9.99 0.259 0.027 0.000 99.999 0.456 999.999 0.456 99.99 0.259 999.999 0.456 999.999 0.999   4.219 0.000 0.040 0.000 0.242 0.000
205.291667 206.291667   23.68 0.000  0.67 0.000 9.999 0.259 9.99 0.259 0.029 0.559 99.999 0.456 999.999 0.456 99.99 0.259 999.999 0.456 999.999 0.999   5.446 0.000 0.037 0.000 0.312 0.559
208.291667 209.291667   80.73 0.000  0.54 0.000 9.999 0.259 0.12 0.000 0.024 0.559  1.364 0.000   2.455 0.000 99.99 0.259  20.467 0.000  14.946 0.000   5.521 0.000 0.046 0.000 0.256 0.559
211.291667 212.291667   98.73 0.000  0.51 0.000 0.028 0.000 9.99 0.259 0.017 0.000  2.346 0.000   4.224 0.000 99.99 0.259  14.426 0.000   7.195 0.000   7.231 0.000 0.090 0.000 0.129 0.000
214.291667 215.291667   82.31 0.000  0.83 0.000 0.028 0.000 0.18 0.000 0.027 0.559  1.741 0.000   3.134 0.000 99.99 0.259  14.803 0.000   8.738 0.000   6.064 0.000 0.052 0.000 0.214 0.559
217.291667 218.291667   62.12 0.000  0.38 0.000 9.999 0.259 9.99 0.259 0.016 0.559  1.086 0.000   1.954 0.000 99.99 0.259  10.098 0.000   6.399 0.000   3.699 0.000 0.038 0.000 0.159 0.559
220.291667 221.291667   95.87 0.000  0.61 0.000 0.045 0.000 9.99 0.259 0.020 0.559  1.422 0.000   2.561 0.000 99.99 0.259  12.479 0.000   6.857 0.000   5.622 0.000 0.075 0.000 0.236 0.559
223.291667 224.291667   24.72 0.000  0.49 0.000 0.015 0.000 9.99 0.259 0.016 0.000  1.113 0.000   2.003 0.000 99.99 0.259   8.386 0.000   4.508 0.000   3.877 0.000 0.025 0.000 0.240 0.000
226.291667 227.291667   65.03 0.000  0.51 0.000 0.020 0.000 9.99 0.259 0.020 0.559  1.588 0.000   2.858 0.000 99.99 0.259  14.597 0.000   8.698 0.000   5.899 0.000 0.047 0.000 0.318 0.559
229.291667 230.291667   55.44 0.000  0.51 0.000 0.028 0.000 9.99 0.259 0.032 0.000  1.011 0.000   1.819 0.000 99.99 0.259   6.121 0.000   1.726 0.000   4.395 0.000 0.042 0.000 0.181 0.000
232.291667 233.291667   65.13 0.000  0.33 0.000 0.024 0.000 9.99 0.259 0.017 0.000  1.376 0.000   2.477 0.000 99.99 0.259  12.642 0.000   8.247 0.000   4.395 0.000 0.039 0.000 0.097 0.000
235.291667 236.291667  134.59 0.000  0.32 0.000 0.044 0.000 9.99 0.259 0.038 0.000  3.979 0.000   7.162 0.000 99.99 0.259  23.485 0.000  11.119 0.000  12.366 0.000 0.135 0.000 0.278 0.000
238.291667 239.291667   93.01 0.000  0.66 0.000 0.040 0.000 9.99 0.259 0.019 0.000  2.246 0.000   4.044 0.000 99.99 0.259  14.698 0.000   6.812 0.000   7.886 0.000 0.084 0.000 0.303 0.000
241.291667 242.291667  150.91 0.000  0.44 0.000 0.061 0.000 9.99 0.259 0.022 0.000  1.998 0.000   3.596 0.000 99.99 0.259  20.972 0.000  12.397 0.000   8.575 0.000 0.103 0.000 0.272 0.000
244.291667 245.291667   67.33 0.000 99.99 0.259 9.999 0.259 0.15 0.000 0.014 0.000  0.490 0.000   0.881 0.000 99.99 0.259   9.543 0.000   6.354 0.000   3.189 0.000 0.031 0.000 0.194 0.000
247.291667 248.291667  107.13 0.000  0.48 0.000 0.029 0.000 9.99 0.259 0.014 0.559  0.611 0.000   1.100 0.000 99.99 0.259   8.428 0.000   4.147 0.000   4.280 0.000 0.049 0.000 0.209 0.559
250.291667 251.291667  102.46 0.000  0.58 0.000 0.038 0.000 0.08 0.000 0.023 0.000  1.059 0.000   1.905 0.000 99.99 0.259  15.166 0.000  10.328 0.000   4.838 0.000 0.056 0.000 0.138 0.000
253.291667 254.291667   53.43 0.000  0.83 0.000 0.013 0.000 9.99 0.259 0.023 0.559  3.041 0.000   5.474 0.000 99.99 0.259  13.243 0.000   4.563 0.000   8.681 0.000 0.071 0.000 0.325 0.559
