scripts/IMPROVE-2019_partial/data/US0037R.20010308050000.20191216000000.filterpack..pm25.10mo.1w.US03L_filterpack_US0037.US03L_IMPROVE_Davis.lev2.nas
64 1001
MISSING INFORMATION
US03L, IMPROVE, , , , , , , 
MISSING INFORMATION
IMPROVE sel_HTAP
1 1
2001 01 01 2019 12 16
3.000000
days from file reference point
25
1 1 1 1 1 1 1 1 1 1 1 1 1 1 1 1 1 1 1 1 1 1 1 1 1
999.999999 9999.99 9.999 999.99 9.999 9.999 9.999999 999.99 9.999999 99.999 9.999 99.999 9.999 99.999 9.999 999.999 9.999 999.999 9.999 999.999 9.999 9.999 9.999 99.999 9.999
end_time of measurement, days from the file reference point
iron, ng/m3, Revision date=20181210133000
numflag iron, no unit, Revision date=20181210133000
lead, ng/m3, Revision date=20181210133000
numflag lead, no unit, Revision date=20181210133000
magnesium, ug/m3, Revision date=20181210133000
numflag magnesium, no unit, Revision date=20181210133000
nickel, ng/m3, Revision date=20181210133000
numflag nickel, no unit, Revision date=20181210133000
nitrate, ug N/m3, Revision date=20181210133000
numflag nitrate, no unit, Revision date=20181210133000
organic_carbon, ug C/m3, Revision date=20181210133000
numflag organic_carbon, no unit, Revision date=20181210133000
organic_mass, ug/m3, Revision date=20181210133000
numflag organic_mass, no unit, Revision date=20181210133000
pm10_mass, ug/m3, Version=2, Version description=Data extracted from http://views.cira.colostate.edu/fed/DataWizard 2019-12-16, Sample duration=1d, Orig. time res.=3d, Matrix=pm10, Blank correction=Blank corrected, Volume std. temperature=ambient, Volume std. pressure=ambient
numflag pm10_mass, no unit, Version=2, Version description=Data extracted from http://views.cira.colostate.edu/fed/DataWizard 2019-12-16, Sample duration=1d, Orig. time res.=3d, Matrix=pm10, Blank correction=Blank corrected, Volume std. temperature=ambient, Volume std. pressure=ambient
pm10_pm25_mass, ug/m3, Revision date=20181210133000, Matrix=pm10_pm25
numflag pm10_pm25_mass, no unit, Revision date=20181210133000, Matrix=pm10_pm25
pm25_mass, ug/m3, Version=2, Version description=Data extracted from http://views.cira.colostate.edu/fed/DataWizard 2019-12-16, Sample duration=1d, Orig. time res.=3d, Blank correction=Blank corrected, Volume std. temperature=ambient, Volume std. pressure=ambient
numflag pm25_mass, no unit, Version=2, Version description=Data extracted from http://views.cira.colostate.edu/fed/DataWizard 2019-12-16, Sample duration=1d, Orig. time res.=3d, Blank correction=Blank corrected, Volume std. temperature=ambient, Volume std. pressure=ambient
potassium, ug/m3, Revision date=20181210133000
numflag potassium, no unit, Revision date=20181210133000
sulphate_total, ug S/m3, Revision date=20181210133000
numflag sulphate_total, no unit, Revision date=20181210133000
0
25
Data definition:              EBAS_1.1
Set type code:                TU
Timezone:                     UTC
File name:                    US0037R.20010308050000.20191216000000.filterpack..pm25.10mo.1w.US03L_filterpack_US0037.US03L_IMPROVE_Davis.lev2.nas
File creation:                20191218115745
Startdate:                    20010308050000
Revision date:                20191216000000
Statistics:                   arithmetic mean
Data level:                   2
Period code:                  10mo
Resolution code:              1w
Station code:                 US0037R
Platform code:                US0037S
Station name:                 Livonia
Station latitude:             38.5346
Station longitude:            -86.2604
Station altitude:             281.0 m
Regime:                       IMG
Component:                    
Matrix:                       pm25
Laboratory code:              US03L
Instrument type:              filterpack
Instrument name:              filterpack_US0037
Method ref:                   US03L_IMPROVE_Davis
starttime endtime Fe flag_Fe Pb flag_Pb Mg++ flag_Mg++ Ni flag_Ni NO3- flag_NO3- OC flag_OC OM flag_OM PM10 flag_PM10 PM10-PM2.5 flag_PM10-PM2.5 PM2.5 flag_PM2.5 K+ flag_K+ SO4-- flag_SO4--
 66.208333  67.208333   24.13 0.000   2.65 0.000 9.999 0.259000  16.07 0.000000  1.776 0.000  1.232 0.000  1.725 0.000  24.966 0.000   4.891 0.000  20.075 0.000 0.044 0.000  1.761 0.000
 69.208333  70.208333   37.29 0.000   5.51 0.000 9.999 0.259000   0.47 0.000000  1.102 0.559  3.178 0.000  4.449 0.000  21.685 0.000   4.926 0.000  16.759 0.000 0.110 0.000  1.329 0.559
 72.208333  73.208333   13.86 0.000   1.97 0.000 9.999 0.259000   0.76 0.000000  0.536 0.000  0.770 0.000  1.078 0.000   7.029 0.000   1.498 0.000   5.532 0.000 0.034 0.000  0.921 0.000
 75.208333  76.208333   20.36 0.000   2.23 0.000 0.033 0.000000   0.46 0.000000  0.480 0.000  0.669 0.000  0.937 0.000  10.055 0.000   0.946 0.000   9.109 0.000 0.024 0.000  1.790 0.000
 78.208333  79.208333   49.58 0.000   4.51 0.000 9.999 0.259000   0.43 0.000000  0.362 0.000  1.256 0.000  1.759 0.000  10.430 0.000   3.148 0.000   7.282 0.000 0.061 0.000  0.778 0.000
 81.208333  82.208333  100.19 0.000   8.75 0.000 9.999 0.259000   0.18 0.000000  2.230 0.000 99.999 0.999 99.999 0.999  30.334 0.000  11.626 0.000  18.708 0.000 0.087 0.000  1.357 0.000
 84.208333  85.208333   20.00 0.000   1.60 0.000 9.999 0.259000 999.99 0.259000  0.744 0.000 99.999 0.999 99.999 0.999  18.733 0.000   7.380 0.000  11.353 0.000 0.038 0.000  1.220 0.000
 87.208333  88.208333   69.91 0.000   5.25 0.000 9.999 0.259000   1.31 0.000000  1.989 0.000 99.999 0.999 99.999 0.999  30.403 0.000   1.949 0.000  28.454 0.000 0.102 0.000  2.071 0.000
 90.208333  91.208333   15.22 0.000   2.02 0.000 9.999 0.259000   1.42 0.000000  0.357 0.000 99.999 0.999 99.999 0.999   7.614 0.000   1.802 0.000   5.812 0.000 0.018 0.000  0.840 0.000
 93.208333  94.208333   66.07 0.000   8.65 0.000 9.999 0.259000   1.93 0.000000  1.156 0.000 99.999 0.999 99.999 0.999  22.569 0.000   2.145 0.000  20.425 0.000 0.054 0.000  2.660 0.000
 96.208333  97.208333   51.32 0.000   2.16 0.000 9.999 0.259000   2.20 0.000000  0.177 0.000 99.999 0.999 99.999 0.999  21.892 0.000   6.166 0.000  15.726 0.000 0.197 0.000  2.157 0.000
 99.208333 100.208333   53.93 0.000   1.42 0.000 9.999 0.259000   1.36 0.000000  0.129 0.559 99.999 0.999 99.999 0.999  19.465 0.559  10.298 0.000   9.167 0.000 0.108 0.000  1.020 0.559
102.208333 103.208333   25.48 0.000   2.54 0.000 9.999 0.259000   0.82 0.000000  0.116 0.000  0.724 0.000  1.013 0.000  10.732 0.000   5.546 0.000   5.186 0.000 0.029 0.000  0.642 0.000
105.208333 106.208333   44.23 0.000   3.45 0.000 9.999 0.259000   2.28 0.000000  0.328 0.000  0.478 0.000  0.670 0.000  11.560 0.000   3.628 0.000   7.932 0.000 0.035 0.000  0.747 0.000
108.208333 109.208333  192.54 0.000   3.40 0.000 9.999 0.259000 999.99 0.259000  0.312 0.000  1.694 0.000  2.372 0.000  27.693 0.000  16.271 0.000  11.422 0.000 0.138 0.000  0.931 0.000
111.208333 112.208333  232.21 0.000   2.64 0.000 9.999 0.259000   0.25 0.000000  0.232 0.559  1.645 0.000  2.303 0.000  28.489 0.000  13.604 0.000  14.885 0.000 0.168 0.000  1.663 0.559
114.208333 115.208333   89.72 0.000   3.55 0.000 9.999 0.259000   0.34 0.000000  0.501 0.000  0.967 0.000  1.354 0.000  15.879 0.000   7.968 0.000   7.911 0.000 0.083 0.000  0.765 0.000
117.208333 118.208333   74.85 0.000   4.99 0.000 9.999 0.259000   0.34 0.000000  0.139 0.559  1.890 0.000  2.646 0.000  17.446 0.000   9.652 0.000   7.793 0.000 0.070 0.000  0.721 0.559
120.208333 121.208333  121.58 0.000   3.50 0.000 9.999 0.259000   0.41 0.000000  0.188 0.000  2.023 0.000  2.832 0.000  30.513 0.000   7.853 0.000  22.660 0.000 0.112 0.000  3.172 0.000
123.208333 124.208333  212.11 0.000   3.31 0.000 9.999 0.259000   0.41 0.000000  0.299 0.000  2.181 0.000  3.053 0.000  47.391 0.000  21.875 0.000  25.516 0.000 0.123 0.000  3.202 0.000
126.208333 127.208333  124.96 0.000   2.25 0.000 9.999 0.259000   1.54 0.000000  0.424 0.000  2.057 0.000  2.879 0.000  27.947 0.000   6.261 0.000  21.686 0.000 0.099 0.000  2.820 0.000
129.208333 130.208333  127.61 0.000   2.88 0.000 9.999 0.259000   0.67 0.000000  0.361 0.000  1.998 0.000  2.798 0.000  27.441 0.000  10.442 0.000  16.999 0.000 0.091 0.000  2.324 0.000
132.208333 133.208333   66.55 0.000   5.87 0.000 9.999 0.259000   0.54 0.000000  0.361 0.000  1.354 0.000  1.896 0.000  13.216 0.000   5.214 0.000   8.001 0.000 0.085 0.000  0.823 0.000
135.208333 136.208333  137.13 0.000   3.26 0.000 9.999 0.259000   0.65 0.000000  0.188 0.000  2.331 0.000  3.264 0.000  34.848 0.000  14.575 0.000  20.273 0.000 0.108 0.000  2.326 0.000
138.208333 139.208333   31.19 0.000  15.26 0.000 9.999 0.259000   0.96 0.000000  0.598 0.000  0.806 0.000  1.128 0.000  16.106 0.000   2.064 0.000  14.043 0.000 0.024 0.000  2.613 0.000
141.208333 142.208333   41.44 0.000   2.82 0.000 9.999 0.259000   1.20 0.000000  0.099 0.000  0.852 0.000  1.193 0.000  12.855 0.000   6.971 0.000   5.884 0.000 0.033 0.000  0.765 0.000
144.208333 145.208333   11.87 0.000   1.96 0.000 9.999 0.259000 999.99 0.259000  0.354 0.000  0.893 0.000  1.251 0.000   8.384 0.000   3.406 0.000   4.978 0.000 0.023 0.000  0.585 0.000
147.208333 148.208333   12.72 0.000   2.20 0.000 9.999 0.259000   1.00 0.000000  0.120 0.559  0.955 0.000  1.336 0.000  10.500 0.000   2.607 0.000   7.893 0.000 0.019 0.000  1.224 0.559
150.208333 151.208333   56.08 0.000   4.43 0.000 9.999 0.259000   0.36 0.000000  0.499 0.000  1.455 0.000  2.037 0.000  18.771 0.000   6.487 0.000  12.284 0.000 0.046 0.000  1.556 0.000
153.208333 154.208333   13.36 0.000   1.89 0.000 9.999 0.259000   0.37 0.000000  0.143 0.559  0.644 0.000  0.902 0.000  10.101 0.000   3.650 0.000   6.451 0.000 0.018 0.000  0.890 0.559
156.208333 157.208333   27.86 0.000   0.98 0.000 9.999 0.259000   0.34 0.000000  0.265 0.000  0.969 0.000  1.356 0.000  14.935 0.000   6.910 0.000   8.025 0.000 0.039 0.000  1.573 0.000
159.208333 160.208333   37.01 0.000   5.51 0.000 9.999 0.259000   0.44 0.000000  0.160 0.559  1.943 0.000  2.720 0.000  20.413 0.000   3.845 0.000  16.567 0.000 0.046 0.000  2.359 0.559
162.208333 163.208333   55.31 0.000   3.06 0.000 9.999 0.259000   0.32 0.000000  0.091 0.000  2.961 0.000  4.145 0.000  49.292 0.000   5.098 0.000  44.194 0.000 0.152 0.000  6.743 0.000
165.208333 166.208333   92.87 0.000   1.46 0.000 9.999 0.259000   0.33 0.000000  0.231 0.559  1.253 0.000  1.754 0.000  19.202 0.000   7.847 0.000  11.355 0.000 0.082 0.000  1.238 0.559
168.208333 169.208333   41.95 0.000   4.54 0.000 9.999 0.259000   0.60 0.000000  0.067 0.000  2.032 0.000  2.845 0.000  19.285 0.000   5.397 0.000  13.889 0.000 0.061 0.000  1.722 0.000
171.208333 172.208333   22.81 0.000   1.66 0.000 9.999 0.259000   0.16 0.000000  0.239 0.559  1.783 0.000  2.496 0.000  24.223 0.000   3.851 0.000  20.372 0.000 0.075 0.000  2.888 0.559
174.208333 175.208333   73.27 0.000   4.04 0.000 9.999 0.259000   0.23 0.000000  0.105 0.000  1.558 0.000  2.181 0.000  17.402 0.000   1.399 0.000  16.004 0.000 0.038 0.000  2.727 0.000
177.208333 178.208333   24.01 0.000   1.75 0.000 9.999 0.259000   0.29 0.000000  0.128 0.000  1.509 0.000  2.112 0.000  23.272 0.000   2.159 0.000  21.114 0.000 0.039 0.000  3.478 0.000
180.208333 181.208333  137.00 0.000   2.64 0.000 9.999 0.259000   0.26 0.000000  0.254 0.559  1.212 0.000  1.696 0.000  20.709 0.000   4.043 0.000  16.667 0.000 0.085 0.000  2.523 0.559
183.208333 184.208333   33.55 0.000   2.96 0.000 9.999 0.259000   0.23 0.000000  0.091 0.000  0.961 0.000  1.346 0.000  15.985 0.000   4.257 0.000  11.728 0.000 0.064 0.000  1.677 0.000
186.208333 187.208333   22.37 0.000   1.86 0.000 9.999 0.259000 999.99 0.259000  0.064 0.559  1.131 0.000  1.584 0.000  10.582 0.000   4.300 0.000   6.282 0.000 0.057 0.000  0.540 0.559
189.208333 190.208333   43.58 0.000   0.73 0.000 9.999 0.259000   0.24 0.000000  0.048 0.559  0.942 0.000  1.319 0.000  13.338 0.000   4.703 0.000   8.635 0.000 0.039 0.000  1.041 0.559
192.208333 193.208333   20.02 0.000   1.95 0.000 9.999 0.259000   0.18 0.000000  0.135 0.000  1.493 0.000  2.091 0.000  12.466 0.000   6.116 0.000   6.350 0.000 0.051 0.000  0.508 0.000
195.208333 196.208333   23.07 0.000   8.24 0.000 9.999 0.259000   0.12 0.000000  0.047 0.559  1.938 0.000  2.714 0.000  14.391 0.000   3.536 0.000  10.855 0.000 0.034 0.000  1.183 0.559
198.208333 199.208333   43.69 0.559   2.58 0.559 9.999 0.559259   0.37 0.559000  0.171 0.000  1.859 0.000  2.603 0.000  32.534 0.000   1.789 0.000  30.745 0.559 0.045 0.559  5.371 0.000
201.208333 202.208333   48.98 0.000   2.13 0.000 9.999 0.259000   0.29 0.000000  0.093 0.000  1.518 0.000  2.125 0.000  24.682 0.000   1.249 0.000  23.433 0.000 0.045 0.000  3.769 0.000
204.208333 205.208333   40.01 0.000   2.50 0.000 9.999 0.259000   0.32 0.000000  0.049 0.000  1.817 0.000  2.544 0.000 999.999 0.456 999.999 0.999  36.498 0.000 0.042 0.000  6.243 0.000
207.208333 208.208333   30.58 0.000   4.85 0.000 9.999 0.259000   0.24 0.000000  0.106 0.559  1.403 0.000  1.964 0.000  24.640 0.000   5.480 0.000  19.160 0.000 0.031 0.000  3.285 0.559
210.208333 211.208333   17.81 0.000   2.41 0.000 9.999 0.259000   0.39 0.000000  0.032 0.000  1.107 0.000  1.549 0.000  18.879 0.000   2.633 0.000  16.246 0.000 0.031 0.000  2.601 0.000
213.208333 214.208333   41.35 0.000   1.73 0.000 9.999 0.259000   0.27 0.000000  0.022 0.000  2.435 0.000  3.409 0.000  46.519 0.000   2.711 0.000  43.808 0.000 0.041 0.000  8.139 0.000
216.208333 217.208333   36.98 0.000   5.02 0.000 9.999 0.259000   0.31 0.000000  0.085 0.559  2.968 0.000  4.155 0.000  22.841 0.000   2.511 0.000  20.331 0.000 0.045 0.000  3.043 0.559
219.208333 220.208333   69.84 0.000   1.09 0.000 9.999 0.259000   0.35 0.000000  0.058 0.000  1.518 0.000  2.125 0.000  22.663 0.000   3.182 0.000  19.481 0.000 0.037 0.000  3.142 0.000
222.208333 223.208333   27.87 0.000   2.48 0.000 9.999 0.259000   0.25 0.000000  0.355 0.559  1.901 0.000  2.662 0.000  23.190 0.000   7.875 0.000  15.315 0.000 0.058 0.000  2.199 0.559
225.208333 226.208333   36.29 0.000   4.06 0.000 9.999 0.259000   0.25 0.000000  0.123 0.000  1.740 0.000  2.436 0.000  18.474 0.000   6.356 0.000  12.118 0.000 0.052 0.000  1.428 0.000
228.208333 229.208333   21.84 0.000   2.22 0.000 9.999 0.259000   0.46 0.000000  0.178 0.000  1.430 0.000  2.001 0.000  20.299 0.000   5.455 0.000  14.844 0.000 0.027 0.000  2.300 0.000
231.208333 232.208333   21.20 0.559   2.63 0.559 9.999 0.559259 999.99 0.559259  0.148 0.000  1.617 0.000  2.264 0.000  11.600 0.000   4.149 0.000   7.451 0.559 0.026 0.559  0.757 0.000
234.208333 235.208333   55.61 0.000   1.60 0.000 9.999 0.259000   0.37 0.000000  0.187 0.000  1.747 0.000  2.445 0.000  20.752 0.000   7.076 0.000  13.676 0.000 0.059 0.000  2.074 0.000
237.208333 238.208333   35.10 0.000   1.64 0.000 9.999 0.259000   0.43 0.000000  0.072 0.000  2.558 0.000  3.581 0.000  28.962 0.000   4.748 0.000  24.214 0.000 0.059 0.000  3.301 0.000
240.208333 241.208333   30.62 0.000   3.20 0.000 9.999 0.259000   0.18 0.000000  0.291 0.000  1.714 0.000  2.400 0.000  28.472 0.000   4.380 0.000  24.092 0.000 0.052 0.000  4.054 0.000
243.208333 244.208333   19.21 0.000   2.33 0.000 9.999 0.259000 999.99 0.259000  0.156 0.000  1.279 0.000  1.790 0.000  12.949 0.000   6.149 0.000   6.800 0.000 0.047 0.000  0.731 0.000
246.208333 247.208333   24.85 0.000   2.05 0.000 9.999 0.259000 999.99 0.259000  0.085 0.000  1.554 0.000  2.176 0.000  23.818 0.000   5.115 0.000  18.704 0.000 0.047 0.000  3.407 0.000
249.208333 250.208333   23.22 0.000   1.01 0.000 9.999 0.259000   0.14 0.000000  0.058 0.000  1.618 0.000  2.265 0.000  21.800 0.000   5.690 0.000  16.111 0.000 0.034 0.000  2.468 0.000
252.208333 253.208333    5.37 0.559   1.79 0.559 9.999 0.559259 999.99 0.559259  0.111 0.000  0.561 0.000  0.786 0.000   6.904 0.000   2.777 0.000   4.127 0.559 0.017 0.559  0.554 0.000
255.208333 256.208333   35.93 0.000   4.15 0.000 9.999 0.259000   0.11 0.000000  0.072 0.000  1.896 0.000  2.654 0.000  28.435 0.000   7.544 0.000  20.891 0.000 0.049 0.000  3.651 0.000
258.208333 259.208333   20.64 0.000   5.17 0.000 9.999 0.259000   0.17 0.000000  0.081 0.000  1.489 0.000  2.085 0.000  14.300 0.000   3.108 0.000  11.191 0.000 0.035 0.000  1.854 0.000
261.208333 262.208333   22.13 0.559   2.72 0.559 9.999 0.559259 999.99 0.559259  0.103 0.559  1.338 0.000  1.873 0.000  20.012 0.000   5.329 0.000  14.682 0.559 0.039 0.559  2.258 0.559
264.208333 265.208333   17.03 0.000   6.08 0.000 9.999 0.259000 999.99 0.259000  0.160 0.000  1.204 0.000  1.685 0.000  13.560 0.000   5.628 0.000   7.932 0.000 0.038 0.000  1.144 0.000
267.208333 268.208333   14.01 0.559   3.99 0.559 9.999 0.559259 999.99 0.559259  0.079 0.000  0.276 0.000  0.386 0.000   5.388 0.000   3.404 0.000   1.985 0.559 0.022 0.559  0.285 0.000
270.208333 271.208333   14.07 0.000   1.71 0.000 9.999 0.259000 999.99 0.259000  0.294 0.559  0.693 0.000  0.970 0.000   8.929 0.000   3.620 0.000   5.309 0.000 0.024 0.000  0.769 0.559
273.208333 274.208333   39.89 0.559  54.22 0.559 9.999 0.559259   0.25 0.559000  0.173 0.699  1.732 0.000  2.424 0.000  19.929 0.000   9.441 0.000  10.488 0.559 0.067 0.559  1.361 0.699
276.208333 277.208333   55.98 0.000   3.14 0.000 9.999 0.259000   0.24 0.000000  0.084 0.000  5.256 0.000  7.359 0.000  31.188 0.000  10.760 0.000  20.428 0.000 0.132 0.000  2.096 0.000
279.208333 280.208333   18.63 0.559   1.96 0.559 9.999 0.559259 999.99 0.559259  0.088 0.000  0.736 0.000  1.031 0.000  11.177 0.000   6.662 0.000   4.515 0.559 0.042 0.559  0.524 0.000
282.208333 283.208333   21.59 0.000   1.76 0.000 9.999 0.259000   0.18 0.000000  0.170 0.000  1.370 0.000  1.918 0.000  17.628 0.000   9.108 0.000   8.520 0.000 0.060 0.000  1.168 0.000
285.208333 286.208333   12.27 0.000   0.94 0.000 9.999 0.259000   0.42 0.000000  0.186 0.000  0.989 0.000  1.384 0.000  14.951 0.000   5.944 0.000   9.007 0.000 0.036 0.000  1.287 0.000
288.208333 289.208333   15.97 0.559   1.18 0.559 9.999 0.559259   0.85 0.559000  0.132 0.000  0.360 0.000  0.504 0.000   6.015 0.000   2.030 0.000   3.985 0.559 0.017 0.559  0.568 0.000
291.208333 292.208333   40.44 0.000   2.77 0.000 9.999 0.259000 999.99 0.259000  0.106 0.559  2.712 0.000  3.797 0.000  18.725 0.000   6.989 0.000  11.737 0.000 0.076 0.000  1.136 0.559
294.208333 295.208333   34.56 0.000   2.39 0.000 9.999 0.259000   0.17 0.000000  0.127 0.000  2.692 0.000  3.769 0.000  26.545 0.000   9.746 0.000  16.799 0.000 0.072 0.000  2.014 0.000
297.208333 298.208333   15.04 0.000   1.49 0.000 9.999 0.259000 999.99 0.259000  0.042 0.000  0.527 0.000  0.738 0.000   9.425 0.000   6.440 0.000   2.984 0.000 0.034 0.000  0.355 0.000
300.208333 301.208333   10.47 0.559   4.93 0.559 9.999 0.559259 999.99 0.559259  0.183 0.559  1.793 0.000  2.510 0.000   7.647 0.000   2.475 0.000   5.173 0.559 0.044 0.559  0.505 0.559
303.208333 304.208333   49.06 0.000   2.72 0.000 9.999 0.259000 999.99 0.259000  0.147 0.000  3.763 0.000  5.269 0.000  21.461 0.000   6.231 0.000  15.230 0.000 0.086 0.000  1.562 0.000
306.208333 307.208333   18.84 0.559   1.43 0.559 9.999 0.559259 999.99 0.559259  0.083 0.000  1.003 0.000  1.404 0.000   9.780 0.000   6.265 0.000   3.515 0.559 0.057 0.559  0.224 0.000
309.208333 310.208333   43.15 0.559   2.20 0.559 9.999 0.559259   0.29 0.559000  0.196 0.000  1.283 0.000  1.796 0.000   9.841 0.000   5.018 0.000   4.823 0.559 0.063 0.559  0.414 0.000
312.208333 313.208333   14.23 0.000   1.67 0.000 9.999 0.259000 999.99 0.259000  0.236 0.000  1.332 0.000  1.865 0.000   9.190 0.000   4.053 0.000   5.137 0.000 0.038 0.000  0.573 0.000
315.208333 316.208333   22.87 0.000   4.21 0.000 0.037 0.000000   0.15 0.000000  0.318 0.000  1.434 0.000  2.007 0.000  10.706 0.000   4.221 0.000   6.485 0.000 0.050 0.000  0.703 0.000
318.208333 319.208333   47.91 0.000   2.07 0.000 9.999 0.259000 999.99 0.259000  0.202 0.000  3.526 0.000  4.937 0.000  26.372 0.000   8.635 0.000  17.737 0.000 0.090 0.000  2.368 0.000
321.208333 322.208333   51.51 0.000   5.29 0.000 9.999 0.259000   0.29 0.000000  1.212 0.559  5.944 0.000  8.321 0.000  43.858 0.000  12.789 0.000  31.069 0.000 0.117 0.000  3.431 0.559
