scripts/IMPROVE-2019_partial/data/US0061R.20000101050000.20191216000000.filterpack..pm25.52w.1w.US03L_filterpack_US0061.US03L_IMPROVE_Davis.lev2.nas
64 1001
MISSING INFORMATION
US03L, IMPROVE, , , , , , , 
MISSING INFORMATION
IMPROVE sel_HTAP
1 1
2000 01 01 2019 12 16
0
days from file reference point
25
1 1 1 1 1 1 1 1 1 1 1 1 1 1 1 1 1 1 1 1 1 1 1 1 1
999.999999 9999.99 9.999 99.99 9.999 9.999 9.999999 99.99 9.999 99.999 9.999 99.999 9.999 99.999 9.999 999.999 9.999 999.999 9.999 999.999 9.999 9.999 9.999 99.999 9.999
end_time of measurement, days from the file reference point
iron, ng/m3, Revision date=20181210133000
numflag iron, no unit, Revision date=20181210133000
lead, ng/m3, Revision date=20181210133000
numflag lead, no unit, Revision date=20181210133000
magnesium, ug/m3, Revision date=20181210133000
numflag magnesium, no unit, Revision date=20181210133000
nickel, ng/m3, Revision date=20181210133000
numflag nickel, no unit, Revision date=20181210133000
nitrate, ug N/m3, Revision date=20181210133000
numflag nitrate, no unit, Revision date=20181210133000
organic_carbon, ug C/m3, Revision date=20181210133000
numflag organic_carbon, no unit, Revision date=20181210133000
organic_mass, ug/m3, Revision date=20181210133000
numflag organic_mass, no unit, Revision date=20181210133000
pm10_mass, ug/m3, Version=2, Version description=Data extracted from http://views.cira.colostate.edu/fed/DataWizard 2019-12-16, Sample duration=1d, Orig. time res.=3d, Matrix=pm10, Blank correction=Blank corrected, Volume std. temperature=ambient, Volume std. pressure=ambient
numflag pm10_mass, no unit, Version=2, Version description=Data extracted from http://views.cira.colostate.edu/fed/DataWizard 2019-12-16, Sample duration=1d, Orig. time res.=3d, Matrix=pm10, Blank correction=Blank corrected, Volume std. temperature=ambient, Volume std. pressure=ambient
pm10_pm25_mass, ug/m3, Revision date=20181210133000, Matrix=pm10_pm25
numflag pm10_pm25_mass, no unit, Revision date=20181210133000, Matrix=pm10_pm25
pm25_mass, ug/m3, Version=2, Version description=Data extracted from http://views.cira.colostate.edu/fed/DataWizard 2019-12-16, Sample duration=1d, Orig. time res.=3d, Blank correction=Blank corrected, Volume std. temperature=ambient, Volume std. pressure=ambient
numflag pm25_mass, no unit, Version=2, Version description=Data extracted from http://views.cira.colostate.edu/fed/DataWizard 2019-12-16, Sample duration=1d, Orig. time res.=3d, Blank correction=Blank corrected, Volume std. temperature=ambient, Volume std. pressure=ambient
potassium, ug/m3, Revision date=20181210133000
numflag potassium, no unit, Revision date=20181210133000
sulphate_total, ug S/m3, Revision date=20181210133000
numflag sulphate_total, no unit, Revision date=20181210133000
0
25
Data definition:              EBAS_1.1
Set type code:                TI
Timezone:                     UTC
File name:                    US0061R.20000101050000.20191216000000.filterpack..pm25.52w.1w.US03L_filterpack_US0061.US03L_IMPROVE_Davis.lev2.nas
File creation:                20191218115917
Startdate:                    20000101050000
Revision date:                20191216000000
Statistics:                   arithmetic mean
Data level:                   2
Period code:                  52w
Resolution code:              1w
Station code:                 US0061R
Platform code:                US0061S
Station name:                 Brigantine NWR
Station latitude:             39.465
Station longitude:            -74.4492
Station altitude:             5.0 m
Regime:                       IMG
Component:                    
Matrix:                       pm25
Laboratory code:              US03L
Instrument type:              filterpack
Instrument name:              filterpack_US0061
Method ref:                   US03L_IMPROVE_Davis
starttime endtime Fe flag_Fe Pb flag_Pb Mg++ flag_Mg++ Ni flag_Ni NO3- flag_NO3- OC flag_OC OM flag_OM PM10 flag_PM10 PM10-PM2.5 flag_PM10-PM2.5 PM2.5 flag_PM2.5 K+ flag_K+ SO4-- flag_SO4--
[from data line 89]
303.208333 304.208333   16.38 0.000  1.45 0.000 9.999 0.259000 99.99 0.259  0.034 0.000  0.648 0.000  0.908 0.000   5.165 0.000   3.128 0.000   2.037 0.000 0.020 0.000  0.154 0.000
306.208333 307.208333   54.54 0.000  2.10 0.000 0.034 0.000000 99.99 0.259  0.047 0.000  1.480 0.000  2.072 0.000  10.007 0.000   6.012 0.000   3.995 0.000 0.041 0.000  0.187 0.000
309.208333 310.208333   21.68 0.000  3.70 0.000 9.999 0.259000 99.99 0.259  0.058 0.000  0.974 0.000  1.363 0.000  10.956 0.000   5.796 0.000   5.160 0.000 0.023 0.000  0.614 0.000
312.208333 313.208333   70.10 0.000  3.59 0.000 9.999 0.259000  3.73 0.000  0.239 0.000  2.066 0.000  2.892 0.000  15.730 0.000   8.479 0.000   7.250 0.000 0.048 0.000  0.642 0.000
315.208333 316.208333    6.12 0.000 99.99 0.259 9.999 0.259000 99.99 0.259  0.012 0.000  0.377 0.000  0.528 0.000   2.510 0.000   1.347 0.000   1.163 0.000 0.008 0.000  0.166 0.000
318.208333 319.208333   20.29 0.000  2.62 0.000 9.999 0.259000  1.28 0.000  0.227 0.000  1.096 0.000  1.534 0.000  12.249 0.000   3.368 0.000   8.881 0.000 0.025 0.000  1.366 0.000
321.208333 322.208333   23.93 0.000  1.27 0.000 9.999 0.259000 99.99 0.259  0.388 0.000  2.085 0.000  2.919 0.000  13.384 0.000   3.142 0.000  10.242 0.000 0.052 0.000  1.199 0.000
324.208333 325.208333   24.23 0.000  2.84 0.000 9.999 0.259000 99.99 0.259  0.738 0.000  2.471 0.000  3.459 0.000  18.504 0.000   2.927 0.000  15.577 0.000 0.067 0.000  1.649 0.000
327.208333 328.208333   14.03 0.000  2.07 0.000 9.999 0.259000 99.99 0.259  0.348 0.559  1.470 0.000  2.059 0.000   9.415 0.000   3.271 0.000   6.144 0.000 0.033 0.000  0.432 0.559
330.208333 331.208333    6.81 0.000  0.91 0.000 9.999 0.259000 99.99 0.259  0.103 0.000  0.585 0.000  0.819 0.000  10.859 0.000   4.959 0.000   5.900 0.000 0.040 0.000  0.683 0.000
333.208333 334.208333   35.75 0.000  1.57 0.000 9.999 0.259000 99.99 0.259  0.461 0.000  1.375 0.000  1.924 0.000  19.488 0.000   5.250 0.000  14.238 0.000 0.045 0.000  2.458 0.000
336.208333 337.208333   13.85 0.000  2.75 0.000 9.999 0.259000  0.26 0.000  0.077 0.000  0.712 0.000  0.997 0.000   4.388 0.000   1.586 0.000   2.803 0.000 0.022 0.000  0.217 0.000
339.208333 340.208333   40.49 0.000  4.27 0.000 9.999 0.259000  2.34 0.000  0.441 0.000  1.882 0.000  2.634 0.000  15.490 0.000   5.607 0.000   9.883 0.000 0.061 0.000  0.848 0.000
342.208333 343.208333   55.50 0.000  5.60 0.000 9.999 0.259000  1.70 0.000  0.629 0.559  2.391 0.000  3.347 0.000  22.537 0.000   9.635 0.000  12.901 0.000 0.063 0.000  1.367 0.559
345.208333 346.208333   20.27 0.000  3.24 0.000 9.999 0.259000  5.59 0.000  0.240 0.000  2.034 0.000  2.848 0.000  13.381 0.000   1.849 0.000  11.532 0.000 0.040 0.000  1.802 0.000
348.208333 349.208333   29.78 0.000  2.34 0.000 9.999 0.259000  1.89 0.000  0.119 0.000  0.746 0.000  1.044 0.000   9.697 0.000   3.864 0.000   5.833 0.000 0.030 0.000  0.827 0.000
351.208333 352.208333   11.03 0.000  1.60 0.000 9.999 0.259000  0.67 0.000  0.102 0.000  0.728 0.000  1.019 0.000  11.953 0.000   5.254 0.000   6.699 0.000 0.050 0.000  0.578 0.000
354.208333 355.208333   85.66 0.000  7.85 0.000 9.999 0.259000  5.58 0.000  0.890 0.559  2.216 0.000  3.103 0.000  20.790 0.000   4.149 0.000  16.641 0.000 0.073 0.000  1.620 0.559
357.208333 358.208333   54.39 0.000  5.41 0.000 9.999 0.259000  3.39 0.000  1.085 0.559  1.847 0.000  2.586 0.000  18.245 0.000   3.473 0.000  14.773 0.000 0.060 0.000  1.158 0.559
360.208333 361.208333   18.47 0.000  1.65 0.000 0.038 0.000000  2.19 0.000  0.512 0.000  0.907 0.000  1.271 0.000 999.999 0.456 999.999 0.999   7.303 0.000 0.030 0.000  0.657 0.000
363.208333 364.208333   18.26 0.000  3.12 0.000 9.999 0.259000  4.22 0.000  0.269 0.559  1.331 0.000  1.863 0.000  10.974 0.000   5.156 0.000   5.818 0.000 0.032 0.000  0.535 0.559
