scripts/IMPROVE-2019_partial/data/US0072R.20030103070000.20191216000000.filterpack..pm25.1y.1w.US03L_filterpack_US0072.US03L_IMPROVE_Davis.lev2.nas
64 1001
MISSING INFORMATION
US03L, IMPROVE, , , , , , , 
MISSING INFORMATION
IMPROVE sel_HTAP
1 1
2003 01 01 2019 12 16
3.000000
days from file reference point
25
1 1 1 1 1 1 1 1 1 1 1 1 1 1 1 1 1 1 1 1 1 1 1 1 1
999.999999 9999.99 9.999 99.99 9.999 9.999 9.999999 99.99 9.999999 9.999 9.999 999.999 9.999 999.999 9.999 999.999 9.999 999.999 9.999 999.999 9.999 9.999 9.999 99.999 9.999
end_time of measurement, days from the file reference point
iron, ng/m3, Revision date=20181210133000
numflag iron, no unit, Revision date=20181210133000
lead, ng/m3, Revision date=20181210133000
numflag lead, no unit, Revision date=20181210133000
magnesium, ug/m3, Revision date=20181210133000
numflag magnesium, no unit, Revision date=20181210133000
nickel, ng/m3, Revision date=20181210133000
numflag nickel, no unit, Revision date=20181210133000
nitrate, ug N/m3, Revision date=20181210133000
numflag nitrate, no unit, Revision date=20181210133000
organic_carbon, ug C/m3, Revision date=20181210133000
numflag organic_carbon, no unit, Revision date=20181210133000
organic_mass, ug/m3, Revision date=20181210133000
numflag organic_mass, no unit, Revision date=20181210133000
pm10_mass, ug/m3, Version=2, Version description=Data extracted from http://views.cira.colostate.edu/fed/DataWizard 2019-12-16, Sample duration=1d, Orig. time res.=3d, Matrix=pm10, Blank correction=Blank corrected, Volume std. temperature=ambient, Volume std. pressure=ambient
numflag pm10_mass, no unit, Version=2, Version description=Data extracted from http://views.cira.colostate.edu/fed/DataWizard 2019-12-16, Sample duration=1d, Orig. time res.=3d, Matrix=pm10, Blank correction=Blank corrected, Volume std. temperature=ambient, Volume std. pressure=ambient
pm10_pm25_mass, ug/m3, Revision date=20181210133000, Matrix=pm10_pm25
numflag pm10_pm25_mass, no unit, Revision date=20181210133000, Matrix=pm10_pm25
pm25_mass, ug/m3, Version=2, Version description=Data extracted from http://views.cira.colostate.edu/fed/DataWizard 2019-12-16, Sample duration=1d, Orig. time res.=3d, Blank correction=Blank corrected, Volume std. temperature=ambient, Volume std. pressure=ambient
numflag pm25_mass, no unit, Version=2, Version description=Data extracted from http://views.cira.colostate.edu/fed/DataWizard 2019-12-16, Sample duration=1d, Orig. time res.=3d, Blank correction=Blank corrected, Volume std. temperature=ambient, Volume std. pressure=ambient
potassium, ug/m3, Revision date=20181210133000
numflag potassium, no unit, Revision date=20181210133000
sulphate_total, ug S/m3, Revision date=20181210133000
numflag sulphate_total, no unit, Revision date=20181210133000
0
25
Data definition:              EBAS_1.1
Set type code:                TU
Timezone:                     UTC
File name:                    US0072R.20030103070000.20191216000000.filterpack..pm25.1y.1w.US03L_filterpack_US0072.US03L_IMPROVE_Davis.lev2.nas
File creation:                20191218120021
Startdate:                    20030103070000
Revision date:                20191216000000
Statistics:                   arithmetic mean
Data level:                   2
Period code:                  1y
Resolution code:              1w
Station code:                 US0072R
Platform code:                US0072S
Station name:                 Badlands NP
Station latitude:             43.7435
Station longitude:            -101.9412
Station altitude:             736.0 m
Regime:                       IMG
Component:                    
Matrix:                       pm25
Laboratory code:              US03L
Instrument type:              filterpack
Instrument name:              filterpack_US0072
Method ref:                   US03L_IMPROVE_Davis
starttime endtime Fe flag_Fe Pb flag_Pb Mg++ flag_Mg++ Ni flag_Ni NO3- flag_NO3- OC flag_OC OM flag_OM PM10 flag_PM10 PM10-PM2.5 flag_PM10-PM2.5 PM2.5 flag_PM2.5 K+ flag_K+ SO4-- flag_SO4--
  2.291667   3.291667   20.75 0.000  0.14 0.000 0.011 0.000000 99.99 0.259000 0.013 0.000   0.298 0.000   0.417 0.000   5.260 0.000   4.081 0.000   1.179 0.000 0.011 0.000  0.063 0.000
  5.291667   6.291667    8.07 0.000  0.13 0.000 9.999 0.259000  0.17 0.000000 0.103 0.000   0.408 0.000   0.571 0.000   2.014 0.000   0.882 0.000   1.131 0.000 0.007 0.000  0.144 0.000
  8.291667   9.291667   29.21 0.000  0.19 0.000 0.019 0.000000 99.99 0.259000 0.033 0.000   0.301 0.000   0.421 0.000   8.019 0.000   6.511 0.000   1.508 0.000 0.021 0.000  0.083 0.000
 11.291667  12.291667   33.33 0.559  0.23 0.559 9.999 0.559259  0.05 0.559000 0.218 0.000   0.361 0.000   0.505 0.000   6.445 0.000   4.533 0.000   1.912 0.559 0.028 0.559  0.177 0.000
 14.291667  15.291667   43.22 0.000  0.32 0.000 0.009 0.000000  0.06 0.000000 0.216 0.000   0.275 0.000   0.385 0.000   5.731 0.000   3.197 0.000   2.534 0.000 0.019 0.000  0.311 0.000
 17.291667  18.291667   13.02 0.000  0.16 0.000 9.999 0.259000  0.04 0.000000 0.095 0.000   0.385 0.000   0.539 0.000   2.495 0.000   1.264 0.000   1.231 0.000 0.014 0.000  0.084 0.000
 20.291667  21.291667    7.73 0.000  0.97 0.000 9.999 0.259000 99.99 0.259000 0.242 0.000   0.453 0.000   0.635 0.000   5.231 0.000   1.585 0.000   3.647 0.000 0.015 0.000  0.582 0.000
 23.291667  24.291667    8.69 0.559  0.79 0.559 9.999 0.559259 99.99 0.559259 0.253 0.000   0.847 0.000   1.186 0.000   5.073 0.000   1.704 0.000   3.369 0.559 0.023 0.559  0.323 0.000
 26.291667  27.291667    5.08 0.000  1.07 0.000 9.999 0.259000 99.99 0.259000 0.014 0.000   0.311 0.000   0.435 0.000   2.397 0.000   1.135 0.000   1.263 0.000 0.010 0.000  0.151 0.000
 29.291667  30.291667    6.79 0.559  0.39 0.559 9.999 0.559259  0.06 0.559000 0.107 0.000   0.389 0.000   0.544 0.000   1.736 0.000   0.868 0.000   0.868 0.559 0.008 0.559  0.104 0.000
 32.291667  33.291667    1.96 0.000  0.20 0.000 9.999 0.259000 99.99 0.259000 0.050 0.000   0.332 0.000   0.465 0.000   1.520 0.000   0.199 0.000   1.321 0.000 0.006 0.000  0.252 0.000
 35.291667  36.291667    7.17 0.000  0.27 0.000 9.999 0.259000 99.99 0.259000 0.164 0.000   0.523 0.000   0.732 0.000   3.535 0.000   0.886 0.000   2.649 0.000 0.017 0.000  0.438 0.000
 38.291667  39.291667    6.46 0.000  0.12 0.000 9.999 0.259000 99.99 0.259000 0.025 0.000   0.332 0.000   0.465 0.000   1.455 0.000   0.552 0.000   0.903 0.000 0.011 0.000  0.150 0.000
 41.291667  42.291667   15.77 0.000  0.06 0.000 9.999 0.259000 99.99 0.259000 0.030 0.000   0.351 0.000   0.491 0.000   2.984 0.000   1.736 0.000   1.248 0.000 0.016 0.000  0.159 0.000
 44.291667  45.291667   16.63 0.559  0.96 0.559 9.999 0.559259 99.99 0.559259 0.511 0.000   0.658 0.000   0.921 0.000   5.073 0.000   1.718 0.000   3.355 0.559 0.022 0.559  0.426 0.000
 47.291667  48.291667    4.08 0.000  0.13 0.000 9.999 0.259000  0.07 0.000000 0.018 0.000   0.244 0.000   0.341 0.000   1.315 0.000   0.908 0.000   0.407 0.000 0.005 0.000  0.072 0.000
 50.291667  51.291667    7.08 0.000  0.24 0.000 9.999 0.259000 99.99 0.259000 0.026 0.000   0.317 0.000   0.443 0.000   1.972 0.000   0.985 0.000   0.988 0.000 0.007 0.000  0.112 0.000
 53.291667  54.291667    8.50 0.559  1.24 0.559 9.999 0.559259 99.99 0.559259 0.107 0.000   0.343 0.000   0.480 0.000   3.743 0.000   0.852 0.000   2.891 0.559 0.015 0.559  0.486 0.000
 56.291667  57.291667   15.01 0.000  0.64 0.000 9.999 0.259000 99.99 0.259000 0.181 0.000   0.478 0.000   0.670 0.000   3.992 0.000   1.772 0.000   2.220 0.000 0.017 0.000  0.246 0.000
 59.291667  60.291667   20.04 0.559  0.76 0.559 9.999 0.559259 99.99 0.559259 0.462 0.000   0.658 0.000   0.921 0.000   6.903 0.000   1.341 0.000   5.562 0.559 0.025 0.559  0.797 0.000
 62.291667  63.291667   17.27 0.000  1.22 0.000 9.999 0.259000  0.06 0.000000 0.070 0.000   0.714 0.000   1.000 0.000   5.707 0.000   1.629 0.000   4.078 0.000 0.033 0.000  0.602 0.000
 65.291667  66.291667   34.04 0.559  1.50 0.559 9.999 0.559259  0.04 0.559000 0.205 0.000   0.658 0.000   0.921 0.000   7.901 0.000   3.306 0.000   4.595 0.559 0.039 0.559  0.617 0.000
 68.291667  69.291667   19.21 0.559  1.83 0.559 9.999 0.559259 99.99 0.559259 0.251 0.000   0.564 0.000   0.790 0.000   7.111 0.000   1.370 0.000   5.741 0.559 0.025 0.559  0.936 0.000
 71.291667  72.291667   60.87 0.559  0.71 0.559 9.999 0.559259 99.99 0.559259 0.156 0.000   0.487 0.000   0.682 0.000   8.170 0.000   4.227 0.000   3.943 0.559 0.038 0.559  0.352 0.000
 74.291667  75.291667   96.90 0.000  0.50 0.000 9.999 0.259000 99.99 0.259000 0.092 0.000   0.719 0.000   1.006 0.000  11.397 0.000   6.960 0.000   4.437 0.000 0.069 0.000  0.193 0.000
 77.291667  78.291667    6.51 0.000  0.43 0.000 9.999 0.259000 99.99 0.259000 0.117 0.000   0.358 0.000   0.501 0.000   2.219 0.000   0.452 0.000   1.767 0.000 0.008 0.000  0.277 0.000
 80.291667  81.291667   24.10 0.000  0.75 0.000 9.999 0.259000 99.99 0.259000 0.062 0.000   0.527 0.000   0.738 0.000   4.027 0.000   1.841 0.000   2.186 0.000 0.019 0.000  0.167 0.000
 83.291667  84.291667   16.50 0.000  0.23 0.000 9.999 0.259000 99.99 0.259000 0.028 0.000   0.234 0.000   0.328 0.000   2.982 0.000   1.731 0.000   1.251 0.000 0.013 0.000  0.092 0.000
 86.291667  87.291667   15.59 0.000  0.22 0.000 0.014 0.000000 99.99 0.259000 0.065 0.000   0.119 0.000   0.167 0.000   5.746 0.000   3.771 0.000   1.975 0.000 0.013 0.000  0.266 0.000
 89.291667  90.291667   18.14 0.000  0.46 0.000 9.999 0.259000 99.99 0.259000 0.026 0.000   0.417 0.000   0.583 0.000   3.046 0.000   1.708 0.000   1.338 0.000 0.013 0.000  0.093 0.000
 92.291667  93.291667   51.57 0.559  0.82 0.559 0.018 0.559000  0.06 0.559000 0.277 0.000   0.656 0.000   0.919 0.000  13.807 0.000   8.191 0.000   5.615 0.559 0.045 0.559  0.788 0.000
 95.291667  96.291667   11.84 0.000  1.04 0.000 9.999 0.259000  0.04 0.000000 0.267 0.000   0.404 0.000   0.566 0.000   3.142 0.000   0.280 0.000   2.861 0.000 0.018 0.000  0.434 0.000
 98.291667  99.291667   37.58 0.000  0.51 0.000 9.999 0.259000 99.99 0.259000 0.108 0.000   0.515 0.000   0.721 0.000   4.248 0.000   2.050 0.000   2.198 0.000 0.021 0.000  0.186 0.000
101.291667 102.291667   94.62 0.559  1.46 0.559 9.999 0.559259 99.99 0.559259 0.253 0.000   2.409 0.000   3.373 0.000  16.667 0.000   7.632 0.000   9.035 0.559 0.111 0.559  0.477 0.000
104.291667 105.291667  107.97 0.559  0.96 0.559 0.023 0.559000 99.99 0.559259 0.196 0.000   2.151 0.000   3.011 0.000  30.093 0.000  21.732 0.000   8.361 0.559 0.131 0.559  0.416 0.000
107.291667 108.291667   10.50 0.559  0.25 0.559 9.999 0.559259 99.99 0.559259 0.191 0.000   0.371 0.000   0.520 0.000   1.838 0.000   0.790 0.000   1.048 0.559 0.012 0.559  0.067 0.000
110.291667 111.291667   27.72 0.559  0.75 0.559 9.999 0.559259 99.99 0.559259 0.065 0.000   0.645 0.000   0.903 0.000   5.260 0.000   1.635 0.000   3.625 0.559 0.026 0.559  0.436 0.000
113.291667 114.291667   49.06 0.559  1.54 0.559 9.999 0.559259 99.99 0.559259 0.193 0.000   0.785 0.000   1.099 0.000   7.149 0.000   2.752 0.000   4.397 0.559 0.044 0.559  0.506 0.000
116.291667 117.291667   17.95 0.000  0.23 0.000 0.010 0.000000 99.99 0.259000 0.012 0.000   0.405 0.000   0.567 0.000   2.614 0.000   1.627 0.000   0.988 0.000 0.014 0.000  0.081 0.000
119.291667 120.291667   28.99 0.559  1.08 0.559 0.037 0.559000 99.99 0.559259 0.343 0.000   0.927 0.000   1.298 0.000   8.226 0.000   3.341 0.000   4.884 0.559 0.033 0.559  0.567 0.000
122.291667 123.291667   36.86 0.559  0.70 0.559 9.999 0.559259 99.99 0.559259 0.122 0.000   0.921 0.000   1.290 0.000   7.435 0.000   2.816 0.000   4.618 0.559 0.024 0.559  0.580 0.000
125.291667 126.291667    2.85 0.000  0.11 0.000 0.020 0.000000 99.99 0.259000 0.010 0.000   0.279 0.000   0.391 0.000   1.993 0.000   0.865 0.000   1.128 0.000 0.002 0.000  0.154 0.000
128.291667 129.291667    4.06 0.000  0.24 0.000 9.999 0.259000 99.99 0.259000 0.018 0.000   0.352 0.000   0.493 0.000   4.175 0.000   1.397 0.000   2.778 0.000 0.004 0.000  0.466 0.000
131.291667 132.291667   10.66 0.000  0.40 0.000 0.012 0.000000 99.99 0.259000 0.024 0.000   0.543 0.000   0.761 0.000   4.438 0.000   1.494 0.000   2.944 0.000 0.011 0.000  0.341 0.000
134.291667 135.291667   24.79 0.559  1.05 0.559 9.999 0.559259 99.99 0.559259 0.060 0.000   0.938 0.000   1.313 0.000   7.730 0.000   4.241 0.000   3.489 0.559 0.024 0.559  0.412 0.000
137.291667 138.291667   30.10 0.559  0.61 0.559 9.999 0.559259 99.99 0.559259 0.069 0.000   0.970 0.000   1.357 0.000   8.722 0.000   4.037 0.000   4.685 0.559 0.025 0.559  0.508 0.000
140.291667 141.291667   27.50 0.000  0.61 0.000 9.999 0.259000 99.99 0.259000 0.046 0.000   0.873 0.000   1.222 0.000   7.438 0.000   3.836 0.000   3.602 0.000 0.025 0.000  0.290 0.000
143.291667 144.291667   39.66 0.000  0.95 0.000 9.999 0.259000 99.99 0.259000 0.055 0.000   1.055 0.000   1.477 0.000  11.243 0.000   7.109 0.000   4.134 0.000 0.033 0.000  0.328 0.000
146.291667 147.291667   34.05 0.000  0.65 0.000 0.009 0.000000 99.99 0.259000 0.055 0.000   1.282 0.000   1.795 0.000  11.253 0.000   5.774 0.000   5.479 0.000 0.029 0.000  0.533 0.000
149.291667 150.291667   62.91 0.559  0.29 0.559 9.999 0.559259 99.99 0.559259 0.019 0.000   1.495 0.000   2.093 0.000  18.064 0.000  13.186 0.000   4.878 0.559 0.039 0.559  0.253 0.000
152.291667 153.291667   13.36 0.559  1.27 0.559 0.033 0.559000 99.99 0.559259 0.030 0.000   0.807 0.000   1.130 0.000   4.698 0.000   2.094 0.000   2.604 0.559 0.019 0.559  0.168 0.000
155.291667 156.291667    9.48 0.000 99.99 0.259 0.016 0.000000 99.99 0.259000 0.009 0.000   0.376 0.000   0.526 0.000   5.084 0.000   3.428 0.000   1.656 0.000 0.010 0.000  0.115 0.000
158.291667 159.291667    4.74 0.000 99.99 0.259 9.999 0.259000 99.99 0.259000 0.009 0.000   0.386 0.000   0.541 0.000   3.041 0.000   1.204 0.000   1.837 0.000 0.008 0.000  0.129 0.000
161.291667 162.291667   14.88 0.000 99.99 0.259 9.999 0.259000 99.99 0.259000 0.074 0.000   0.839 0.000   1.174 0.000   8.465 0.000   5.087 0.000   3.377 0.000 0.013 0.000  0.258 0.000
164.291667 165.291667   20.01 0.000 99.99 0.259 9.999 0.259000 99.99 0.259000 0.019 0.000   0.957 0.000   1.339 0.000  10.191 0.000   6.502 0.000   3.689 0.000 0.018 0.000  0.285 0.000
167.291667 168.291667   31.00 0.000  0.98 0.000 9.999 0.259000  1.11 0.000000 0.038 0.559   1.592 0.000   2.228 0.000  35.461 0.000  29.509 0.000   5.952 0.000 0.030 0.000  0.443 0.559
170.291667 171.291667   39.27 0.000  1.37 0.000 9.999 0.259000 99.99 0.259000 0.102 0.000   2.258 0.000   3.162 0.000  27.614 0.000  17.182 0.000  10.433 0.000 0.057 0.000  1.156 0.000
173.291667 174.291667   13.79 0.000  0.40 0.000 9.999 0.259000  0.09 0.000000 0.017 0.000   0.873 0.000   1.223 0.000   8.163 0.000   5.585 0.000   2.578 0.000 0.017 0.000  0.165 0.000
176.291667 177.291667    8.73 0.000 99.99 0.259 9.999 0.259000 99.99 0.259000 0.017 0.000   0.920 0.000   1.288 0.000   8.528 0.000   5.744 0.000   2.784 0.000 0.010 0.000  0.272 0.000
179.291667 180.291667   10.40 0.000  0.57 0.000 9.999 0.259000 99.99 0.259000 0.020 0.000   1.142 0.000   1.598 0.000   8.853 0.000   5.254 0.000   3.600 0.000 0.017 0.000  0.223 0.000
182.291667 183.291667   41.29 0.000  0.31 0.000 9.999 0.259000 99.99 0.259000 0.023 0.000   1.961 0.000   2.746 0.000  26.144 0.000  19.293 0.000   6.851 0.000 0.057 0.000  0.491 0.000
185.291667 186.291667   19.42 0.000  1.48 0.000 9.999 0.259000 99.99 0.259000 0.032 0.000   1.049 0.000   1.469 0.000  12.792 0.000   9.350 0.000   3.442 0.000 0.077 0.000  0.248 0.000
188.291667 189.291667   24.13 0.000  0.65 0.000 9.999 0.259000  0.03 0.000000 0.026 0.000   1.098 0.000   1.537 0.000  13.912 0.000   9.944 0.000   3.968 0.000 0.027 0.000  0.293 0.000
191.291667 192.291667   23.41 0.000  0.24 0.000 9.999 0.259000 99.99 0.259000 0.011 0.000   0.987 0.000   1.381 0.000  12.305 0.000   9.088 0.000   3.217 0.000 0.014 0.000  0.202 0.000
194.291667 195.291667   40.40 0.000  0.24 0.000 0.028 0.000000 99.99 0.259000 0.021 0.000   1.697 0.000   2.376 0.000  20.915 0.000  15.479 0.000   5.436 0.000 0.040 0.000  0.323 0.000
197.291667 198.291667 9999.99 0.699 99.99 0.699 9.999 0.699000 99.99 0.699000 0.185 0.000   2.688 0.000   3.764 0.000  75.910 0.000 999.999 0.999 999.999 0.699 9.999 0.699  1.033 0.000
200.291667 201.291667   46.17 0.699  0.42 0.699 9.999 0.699259 99.99 0.699259 0.069 0.559   2.670 0.000   3.739 0.000  25.024 0.000  17.129 0.000   7.895 0.699 0.041 0.699  0.670 0.559
203.291667 204.291667   36.00 0.000  0.13 0.000 9.999 0.259000 99.99 0.259000 0.023 0.559   2.246 0.000   3.145 0.000  26.860 0.000  20.382 0.000   6.478 0.000 0.041 0.000  0.331 0.559
206.291667 207.291667   69.61 0.000  0.44 0.000 9.999 0.259000 99.99 0.259000 0.021 0.000   3.717 0.000   5.204 0.000  26.381 0.000  16.777 0.000   9.604 0.000 0.058 0.000  0.426 0.000
209.291667 210.291667   32.33 0.000  0.43 0.000 9.999 0.259000 99.99 0.259000 0.024 0.559   3.161 0.000   4.426 0.000  17.952 0.000  10.036 0.000   7.916 0.000 0.044 0.000  0.376 0.559
212.291667 213.291667   29.94 0.000  0.37 0.000 9.999 0.259000 99.99 0.259000 0.050 0.559   1.519 0.000   2.126 0.000  18.000 0.000  13.127 0.000   4.873 0.000 0.020 0.000  0.344 0.559
215.291667 216.291667   42.14 0.000  0.19 0.000 9.999 0.259000 99.99 0.259000 0.054 0.559   2.125 0.000   2.975 0.000  15.805 0.000   8.614 0.000   7.190 0.000 0.044 0.000  0.486 0.559
218.291667 219.291667   64.27 0.000  0.70 0.000 9.999 0.259000 99.99 0.259000 0.020 0.559   1.383 0.000   1.936 0.000  22.214 0.000  16.581 0.000   5.633 0.000 0.032 0.000  0.489 0.559
221.291667 222.291667   21.75 0.000  0.62 0.000 9.999 0.259000 99.99 0.259000 0.023 0.000   1.155 0.000   1.618 0.000  11.168 0.000   6.866 0.000   4.302 0.000 0.028 0.000  0.384 0.000
224.291667 225.291667   42.22 0.000  0.64 0.000 0.038 0.000000  0.03 0.000000 0.047 0.559   2.632 0.000   3.685 0.000  28.962 0.000  20.363 0.000   8.599 0.000 0.075 0.000  0.753 0.559
227.291667 228.291667   54.06 0.000  0.40 0.000 9.999 0.259000 99.99 0.259000 0.026 0.000   1.082 0.000   1.515 0.000  20.305 0.000  13.393 0.000   6.912 0.000 0.043 0.000  0.974 0.000
230.291667 231.291667   23.05 0.000  0.64 0.000 9.999 0.259000 99.99 0.259000 0.029 0.559   4.206 0.000   5.889 0.000  17.871 0.000   8.343 0.000   9.528 0.000 0.071 0.000  0.302 0.559
233.291667 234.291667 9999.99 0.699 99.99 0.699 9.999 0.699000 99.99 0.699000 0.032 0.000   5.079 0.000   7.110 0.000  34.154 0.000 999.999 0.999 999.999 0.699 9.999 0.699  0.468 0.000
236.291667 237.291667   24.39 0.000  0.09 0.000 9.999 0.259000  0.05 0.000000 0.017 0.000   1.344 0.000   1.881 0.000  10.538 0.000   5.868 0.000   4.670 0.000 0.024 0.000  0.359 0.000
239.291667 240.291667   89.70 0.699  0.76 0.699 9.999 0.699259  0.05 0.699000 0.057 0.000  10.686 0.000  14.961 0.000  41.464 0.000  19.473 0.000  21.991 0.699 0.208 0.699  0.232 0.000
242.291667 243.291667   21.46 0.000  0.49 0.000 9.999 0.259000 99.99 0.259000 0.029 0.559   2.591 0.000   3.627 0.000  12.541 0.000   5.246 0.000   7.295 0.000 0.036 0.000  0.328 0.559
245.291667 246.291667   39.06 0.000  0.13 0.000 9.999 0.259000 99.99 0.259000 0.010 0.559   1.574 0.000   2.203 0.000  19.737 0.000  15.177 0.000   4.560 0.000 0.027 0.000  0.179 0.559
248.291667 249.291667   54.17 0.699  0.62 0.699 0.036 0.699000 99.99 0.699259 0.023 0.000   3.585 0.000   5.020 0.000  20.711 0.000  10.661 0.000  10.050 0.699 0.085 0.699  0.430 0.000
251.291667 252.291667   12.63 0.000  0.38 0.000 9.999 0.259000 99.99 0.259000 0.014 0.559   0.860 0.000   1.204 0.000   7.833 0.000   5.027 0.000   2.807 0.000 0.016 0.000  0.189 0.559
254.291667 255.291667   12.87 0.000  0.24 0.000 9.999 0.259000 99.99 0.259000 0.014 0.559   0.981 0.000   1.374 0.000   7.716 0.000   5.123 0.000   2.593 0.000 0.013 0.000  0.110 0.559
257.291667 258.291667   11.98 0.000  0.21 0.000 9.999 0.259000  0.06 0.000000 0.007 0.559   0.418 0.000   0.585 0.000   4.752 0.000   2.962 0.000   1.789 0.000 0.009 0.000  0.096 0.559
