scripts/IMPROVE-2019_partial/data/US0037R.20080101050000.20191216000000.filterpack...52w.3d.US03L_filterpack_US0037.US03L_IMPROVE_Davis.lev2.nas
51 1001
MISSING INFORMATION
US03L, IMPROVE, , , , , , , 
MISSING INFORMATION
IMPROVE sel_HTAP
1 1
2008 01 01 2019 12 16
3.000000
days from file reference point
4
1 1 1 1
999.999999 999.999 999.999 9.999
end_time of measurement, days from the file reference point
pm10_mass, ug/m3, Matrix=pm10
pm25_mass, ug/m3, Matrix=pm25
numflag, no unit
0
33
Data definition:              EBAS_1.1
Set type code:                TU
Timezone:                     UTC
File name:                    US0037R.20080101050000.20191216000000.filterpack...52w.3d.US03L_filterpack_US0037.US03L_IMPROVE_Davis.lev2.nas
File creation:                20191218115747
Startdate:                    20080101050000
Revision date:                20191216000000
Version:                      2
Version description:          "Data extracted from http://views.cira.colostate.edu/fed/DataWizard 2019-12-16"
Statistics:                   arithmetic mean
Data level:                   2
Period code:                  52w
Resolution code:              3d
Sample duration:              1d
Orig. time res.:              3d
Station code:                 US0037R
Platform code:                US0037S
Station name:                 Livonia
Station latitude:             38.5346
Station longitude:            -86.2604
Station altitude:             281.0 m
Regime:                       IMG
Component:                    
Unit:                         ug/m3
Matrix:                       
Laboratory code:              US03L
Instrument type:              filterpack
Instrument name:              filterpack_US0037
Method ref:                   US03L_IMPROVE_Davis
Blank correction:             Blank corrected
Volume std. temperature:      ambient
Volume std. pressure:         ambient
starttime endtime PM10 PM2.5 flag
  0.208333   1.208333  15.839  12.862 0.000
  3.208333   4.208333  12.862   9.295 0.000
  6.208333   7.208333   8.903   5.257 0.000
  9.208333  10.208333   9.904   7.762 0.000
 12.208333  13.208333  16.178  14.603 0.000
 15.208333  16.208333  16.140  11.537 0.000
 18.208333  19.208333   8.955   5.787 0.000
 21.208333  22.208333  12.488  10.177 0.000
 24.208333  25.208333  15.130  10.212 0.000
 27.208333  28.208333  12.476   9.547 0.000
 30.208333  31.208333  13.113   9.241 0.000
 33.208333  34.208333  18.703  13.849 0.000
 36.208333  37.208333   3.074   2.171 0.000
 39.208333  40.208333   6.841   4.152 0.000
 42.208333  43.208333   8.352   7.825 0.000
 45.208333  46.208333  18.908  16.094 0.000
 48.208333  49.208333   8.696   7.467 0.000
 51.208333  52.208333  15.245  13.304 0.000
 54.208333  55.208333  20.622  18.963 0.000
 57.208333  58.208333   8.227   6.552 0.000
 60.208333  61.208333   5.295   3.403 0.000
 63.208333  64.208333   1.314   1.428 0.000
 66.208333  67.208333  17.136  15.321 0.000
 69.208333  70.208333  17.836  14.136 0.000
 72.208333  73.208333  13.111   6.213 0.000
 75.208333  76.208333  13.794  13.820 0.000
 78.208333  79.208333   4.709   4.391 0.000
 81.208333  82.208333  11.130   9.442 0.000
 84.208333  85.208333  11.865   8.232 0.000
 87.208333  88.208333   7.169   6.203 0.000
 90.208333  91.208333  16.942  12.899 0.000
 93.208333  94.208333  10.160   8.631 0.000
 96.208333  97.208333  14.413  12.206 0.000
 99.208333 100.208333   9.836   7.590 0.000
102.208333 103.208333   4.198   3.109 0.000
105.208333 106.208333   6.927   4.753 0.000
108.208333 109.208333  20.475  13.761 0.000
111.208333 112.208333  13.937  12.450 0.000
114.208333 115.208333  23.036  16.119 0.000
117.208333 118.208333  10.656   6.277 0.000
120.208333 121.208333  15.914  11.172 0.000
123.208333 124.208333  13.096   6.364 0.000
126.208333 127.208333  22.827  13.009 0.000
129.208333 130.208333  16.236  10.811 0.000
132.208333 133.208333   9.408   5.280 0.000
135.208333 136.208333  18.152  13.068 0.000
138.208333 139.208333  18.531   6.680 0.000
141.208333 142.208333  14.696   6.119 0.000
144.208333 145.208333  13.877   8.604 0.000
147.208333 148.208333  16.607  12.769 0.000
150.208333 151.208333  25.068  17.466 0.000
153.208333 154.208333  13.684   9.578 0.000
156.208333 157.208333  16.035   8.110 0.000
159.208333 160.208333  15.485  10.214 0.000
162.208333 163.208333  15.243   6.153 0.000
165.208333 166.208333  14.396   8.920 0.000
168.208333 169.208333  13.610   7.314 0.000
171.208333 172.208333  22.757  13.557 0.000
174.208333 175.208333  13.745   6.217 0.000
177.208333 178.208333  27.055  15.400 0.000
180.208333 181.208333  10.673   6.418 0.000
183.208333 184.208333  22.080  11.160 0.000
186.208333 187.208333  20.511  17.314 0.000
189.208333 190.208333  27.848  16.009 0.000
192.208333 193.208333  22.973  17.624 0.000
195.208333 196.208333  12.408   5.644 0.000
198.208333 199.208333  30.426  22.132 0.000
201.208333 202.208333  26.173  20.334 0.000
204.208333 205.208333  11.677   6.247 0.000
207.208333 208.208333  20.930  16.710 0.000
210.208333 211.208333  20.647  17.934 0.000
213.208333 214.208333  27.353  21.222 0.000
216.208333 217.208333  18.848  14.197 0.000
219.208333 220.208333  17.806   9.486 0.000
222.208333 223.208333  12.405   8.634 0.000
225.208333 226.208333  21.673  15.169 0.000
228.208333 229.208333   8.772   4.852 0.000
231.208333 232.208333  22.965  16.355 0.000
234.208333 235.208333  29.354  21.153 0.000
237.208333 238.208333  17.075  11.120 0.000
240.208333 241.208333  23.214  16.708 0.000
243.208333 244.208333  25.249  20.795 0.000
246.208333 247.208333  32.395  25.083 0.000
249.208333 250.208333  10.322   6.395 0.000
252.208333 253.208333  10.495   6.467 0.000
255.208333 256.208333  15.627  12.047 0.000
258.208333 259.208333 999.999 999.999 0.999
261.208333 262.208333  14.088   7.257 0.000
264.208333 265.208333  23.909  18.613 0.000
267.208333 268.208333  26.314  20.562 0.000
270.208333 271.208333  11.401   6.575 0.000
273.208333 274.208333  13.759   9.195 0.000
276.208333 277.208333  12.872   5.487 0.000
279.208333 280.208333  25.191  18.323 0.000
282.208333 283.208333   8.682   5.186 0.000
285.208333 286.208333  10.903   6.282 0.000
288.208333 289.208333  20.704  12.923 0.000
291.208333 292.208333   9.304   5.231 0.000
294.208333 295.208333   9.617   4.335 0.000
297.208333 298.208333   6.376   3.891 0.000
300.208333 301.208333  11.684   2.913 0.000
303.208333 304.208333  16.816   6.894 0.000
306.208333 307.208333  27.811  20.706 0.000
309.208333 310.208333  20.674  14.313 0.000
312.208333 313.208333   8.392   4.197 0.000
315.208333 316.208333  14.810  10.813 0.000
318.208333 319.208333  14.973  11.531 0.000
321.208333 322.208333   6.820   5.186 0.000
324.208333 325.208333  16.051  10.037 0.000
327.208333 328.208333  15.344  11.392 0.000
330.208333 331.208333  13.270   9.629 0.000
333.208333 334.208333   7.884   5.972 0.000
336.208333 337.208333   8.536   7.000 0.000
339.208333 340.208333  13.344   8.167 0.000
342.208333 343.208333   9.873   6.338 0.000
345.208333 346.208333  12.930 999.999 0.000
348.208333 349.208333   7.230   4.350 0.000
351.208333 352.208333  11.384   8.927 0.000
354.208333 355.208333  12.015   9.831 0.000
357.208333 358.208333  10.726   7.145 0.000
360.208333 361.208333  10.407   7.541 0.000
363.208333 364.208333   6.608   3.800 0.000
