scripts/IMPROVE-2019_partial/data/US0013R.20000101070000.20191216000000.filterpack..pm25.52w.1w.US03L_filterpack_US0013.US03L_IMPROVE_Davis.lev2.nas
66 1001
MISSING INFORMATION
US03L, IMPROVE, , , , , , , 
MISSING INFORMATION
IMPROVE sel_HTAP
1 1
2000 01 01 2019 12 16
0
days from file reference point
27
1 1 1 1 1 1 1 1 1 1 1 1 1 1 1 1 1 1 1 1 1 1 1 1 1 1 1
999.999999 9999.99 9.999 99.99 9.999999 9.999 9.999999 9.99 9.999999 9.999 9.999 99.999 9.999 99.999 9.999 99.99 9.999999 999.999 9.999 999.999 9.999 99.999 9.999 9.999 9.999 9.999 9.999
end_time of measurement, days from the file reference point
iron, ng/m3, Revision date=20181210133000
numflag iron, no unit, Revision date=20181210133000
lead, ng/m3, Revision date=20181210133000
numflag lead, no unit, Revision date=20181210133000
magnesium, ug/m3, Revision date=20181210133000
numflag magnesium, no unit, Revision date=20181210133000
nickel, ng/m3, Revision date=20181210133000
numflag nickel, no unit, Revision date=20181210133000
nitrate, ug N/m3, Revision date=20181210133000
numflag nitrate, no unit, Revision date=20181210133000
organic_carbon, ug C/m3, Revision date=20181210133000
numflag organic_carbon, no unit, Revision date=20181210133000
organic_mass, ug/m3, Revision date=20181210133000
numflag organic_mass, no unit, Revision date=20181210133000
phosphorus, ng/m3, Revision date=20181210133000
numflag phosphorus, no unit, Revision date=20181210133000
pm10_mass, ug/m3, Version=2, Version description=Data extracted from http://views.cira.colostate.edu/fed/DataWizard 2019-12-16, Sample duration=1d, Orig. time res.=3d, Matrix=pm10, Blank correction=Blank corrected, Volume std. temperature=ambient, Volume std. pressure=ambient
numflag pm10_mass, no unit, Version=2, Version description=Data extracted from http://views.cira.colostate.edu/fed/DataWizard 2019-12-16, Sample duration=1d, Orig. time res.=3d, Matrix=pm10, Blank correction=Blank corrected, Volume std. temperature=ambient, Volume std. pressure=ambient
pm10_pm25_mass, ug/m3, Revision date=20181210133000, Matrix=pm10_pm25
numflag pm10_pm25_mass, no unit, Revision date=20181210133000, Matrix=pm10_pm25
pm25_mass, ug/m3, Version=2, Version description=Data extracted from http://views.cira.colostate.edu/fed/DataWizard 2019-12-16, Sample duration=1d, Orig. time res.=3d, Blank correction=Blank corrected, Volume std. temperature=ambient, Volume std. pressure=ambient
numflag pm25_mass, no unit, Version=2, Version description=Data extracted from http://views.cira.colostate.edu/fed/DataWizard 2019-12-16, Sample duration=1d, Orig. time res.=3d, Blank correction=Blank corrected, Volume std. temperature=ambient, Volume std. pressure=ambient
potassium, ug/m3, Revision date=20181210133000
numflag potassium, no unit, Revision date=20181210133000
sulphate_total, ug S/m3, Revision date=20181210133000
numflag sulphate_total, no unit, Revision date=20181210133000
0
25
Data definition:              EBAS_1.1
Set type code:                TI
Timezone:                     UTC
File name:                    US0013R.20000101070000.20191216000000.filterpack..pm25.52w.1w.US03L_filterpack_US0013.US03L_IMPROVE_Davis.lev2.nas
File creation:                20191218115613
Startdate:                    20000101070000
Revision date:                20191216000000
Statistics:                   arithmetic mean
Data level:                   2
Period code:                  52w
Resolution code:              1w
Station code:                 US0013R
Platform code:                US0013S
Station name:                 Hance Camp at Grand Canyon NP
Station latitude:             35.9731
Station longitude:            -111.9841
Station altitude:             2267.0 m
Regime:                       IMG
Component:                    
Matrix:                       pm25
Laboratory code:              US03L
Instrument type:              filterpack
Instrument name:              filterpack_US0013
Method ref:                   US03L_IMPROVE_Davis
starttime endtime Fe flag_Fe Pb flag_Pb Mg++ flag_Mg++ Ni flag_Ni NO3- flag_NO3- OC flag_OC OM flag_OM P flag_P PM10 flag_PM10 PM10-PM2.5 flag_PM10-PM2.5 PM2.5 flag_PM2.5 K+ flag_K+ SO4-- flag_SO4--
  0.291667   1.291667   33.01 0.000  0.91 0.000000 9.999 0.259000 9.99 0.259000 9.999 0.699  0.838 0.000  1.174 0.000 99.99 0.259000   8.838 0.559   4.116 0.000  4.722 0.000 0.040 0.000 9.999 0.699
  4.291667   5.291667   10.46 0.000  0.18 0.000000 9.999 0.259000 0.09 0.000000 0.010 0.559  0.237 0.000  0.332 0.000 99.99 0.259000   2.164 0.559   0.896 0.000  1.268 0.000 9.999 0.259 0.029 0.559
  7.291667   8.291667    4.86 0.000  0.56 0.000000 9.999 0.259000 9.99 0.259000 0.004 0.559  0.306 0.000  0.428 0.000 99.99 0.259000   2.133 0.559   1.596 0.000  0.536 0.000 0.006 0.000 0.039 0.559
 11.291667  12.291667   32.76 0.000  0.70 0.000000 9.999 0.259000 9.99 0.259000 0.053 0.559  0.470 0.000  0.658 0.000 99.99 0.259000   3.961 0.559   2.152 0.000  1.809 0.000 0.026 0.000 0.075 0.559
 14.291667  15.291667   27.59 0.000  1.42 0.000000 9.999 0.259000 9.99 0.259000 0.009 0.699  0.527 0.000  0.738 0.000 99.99 0.259000  12.471 0.559  10.243 0.000  2.228 0.000 0.029 0.000 0.078 0.699
 18.291667  19.291667   16.86 0.000  0.36 0.000000 9.999 0.259000 9.99 0.259000 0.007 0.559  0.206 0.000  0.288 0.000 99.99 0.259000   3.762 0.559   1.836 0.000  1.926 0.000 0.019 0.000 0.225 0.559
 21.291667  22.291667   16.85 0.000  0.55 0.000000 9.999 0.259000 9.99 0.259000 0.132 0.559  0.493 0.000  0.691 0.000 99.99 0.259000   3.422 0.559   1.817 0.000  1.605 0.000 0.015 0.000 0.083 0.559
 25.291667  26.291667    4.69 0.000  0.06 0.000000 9.999 0.259000 9.99 0.259000 0.031 0.699  0.219 0.000  0.307 0.000 99.99 0.259000   2.433 0.559   1.569 0.000  0.864 0.000 0.009 0.000 0.049 0.699
 28.291667  29.291667    9.31 0.000  0.41 0.000000 9.999 0.259000 9.99 0.259000 0.015 0.559  0.266 0.000  0.372 0.000 99.99 0.259000   2.994 0.559   1.832 0.000  1.163 0.000 0.004 0.000 0.053 0.559
 32.291667  33.291667    7.77 0.000  0.38 0.000000 9.999 0.259000 9.99 0.259000 0.003 0.559  0.264 0.000  0.369 0.000 99.99 0.259000   1.789 0.559   0.884 0.000  0.904 0.000 0.008 0.000 0.059 0.559
 35.291667  36.291667   32.74 0.000  1.19 0.000000 9.999 0.259000 9.99 0.259000 0.021 0.699  0.491 0.000  0.687 0.000 99.99 0.259000   5.314 0.559   2.882 0.000  2.432 0.000 0.039 0.000 0.165 0.699
 39.291667  40.291667    9.08 0.000 99.99 0.259000 9.999 0.259000 9.99 0.259000 0.008 0.559  0.275 0.000  0.385 0.000 99.99 0.259000   5.396 0.559   4.229 0.000  1.167 0.000 0.011 0.000 0.069 0.559
 42.291667  43.291667   21.11 0.000  0.30 0.000000 0.008 0.000000 9.99 0.259000 0.050 0.559  0.328 0.000  0.459 0.000 99.99 0.259000   4.147 0.559   2.672 0.000  1.476 0.000 0.015 0.000 0.065 0.559
 46.291667  47.291667   20.12 0.000  0.29 0.000000 9.999 0.259000 9.99 0.259000 0.022 0.699  0.346 0.000  0.484 0.000 99.99 0.259000   4.340 0.559   2.574 0.000  1.766 0.000 0.018 0.000 0.060 0.699
 49.291667  50.291667    8.42 0.000 99.99 0.259000 9.999 0.259000 9.99 0.259000 0.008 0.699  0.327 0.000  0.458 0.000 99.99 0.259000   2.445 0.559   0.991 0.000  1.454 0.000 0.006 0.000 0.050 0.699
 53.291667  54.291667   11.06 0.000  0.41 0.000000 9.999 0.259000 9.99 0.259000 0.112 0.699  0.701 0.000  0.981 0.000 99.99 0.259000   4.679 0.559   2.851 0.000  1.828 0.000 0.011 0.000 0.082 0.699
 56.291667  57.291667   14.86 0.000  0.51 0.000000 9.999 0.259000 9.99 0.259000 0.008 0.559  0.253 0.000  0.354 0.000 99.99 0.259000   3.645 0.559   2.244 0.000  1.401 0.000 0.018 0.000 0.075 0.559
 60.291667  61.291667   13.63 0.000  0.51 0.000000 0.013 0.000000 9.99 0.259000 0.047 0.559  0.321 0.000  0.450 0.000 99.99 0.259000   3.676 0.559   2.419 0.000  1.257 0.000 0.018 0.000 0.099 0.559
 63.291667  64.291667   24.63 0.000  0.52 0.000000 9.999 0.259000 9.99 0.259000 0.026 0.559  0.338 0.000  0.473 0.000 99.99 0.259000   5.594 0.559   2.846 0.000  2.748 0.000 0.021 0.000 0.254 0.559
 67.291667  68.291667    6.96 0.559 99.99 0.559259 0.007 0.559000 9.99 0.559259 0.100 0.699  0.289 0.000  0.405 0.000 99.99 0.559259   3.640 0.559   1.611 0.000  2.029 0.559 0.011 0.559 0.162 0.699
 70.291667  71.291667    9.98 0.000  0.33 0.000000 9.999 0.259000 9.99 0.259000 0.006 0.559  0.198 0.000  0.277 0.000 99.99 0.259000   5.246 0.559   4.020 0.000  1.226 0.000 0.006 0.000 0.084 0.559
 74.291667  75.291667 9999.99 0.999 99.99 0.999000 9.999 0.999000 9.99 0.999000 9.999 0.999 99.999 0.999 99.999 0.999 99.99 0.999000 999.999 0.999 999.999 0.999 99.999 0.999 9.999 0.999 9.999 0.999
 77.291667  78.291667 9999.99 0.999 99.99 0.999000 9.999 0.999000 9.99 0.999000 9.999 0.999 99.999 0.999 99.999 0.999 99.99 0.999000 999.999 0.999 999.999 0.999 99.999 0.999 9.999 0.999 9.999 0.999
 81.291667  82.291667 9999.99 0.999 99.99 0.999000 9.999 0.999000 9.99 0.999000 9.999 0.999 99.999 0.999 99.999 0.999 99.99 0.999000 999.999 0.999 999.999 0.999 99.999 0.999 9.999 0.999 9.999 0.999
 84.291667  85.291667 9999.99 0.999 99.99 0.999000 9.999 0.999000 9.99 0.999000 9.999 0.999 99.999 0.999 99.999 0.999 99.99 0.999000 999.999 0.999 999.999 0.999 99.999 0.999 9.999 0.999 9.999 0.999
 88.291667  89.291667   32.56 0.000  0.72 0.000000 9.999 0.259000 9.99 0.259000 0.207 0.000  0.430 0.000  0.602 0.000 99.99 0.259000   6.849 0.559   2.355 0.000  4.494 0.000 0.027 0.000 0.348 0.000
 91.291667  92.291667   55.99 0.000  1.09 0.000000 9.999 0.259000 9.99 0.259000 0.022 0.000  0.805 0.000  1.127 0.000 99.99 0.259000   6.896 0.559   3.657 0.000  3.239 0.000 0.042 0.000 0.275 0.000
 95.291667  96.291667   68.47 0.000  0.95 0.000000 9.999 0.259000 9.99 0.259000 0.040 0.000  0.536 0.000  0.751 0.000 99.99 0.259000   7.091 0.559   3.722 0.000  3.369 0.000 0.045 0.000 0.172 0.000
 98.291667  99.291667   97.46 0.000  1.17 0.000000 9.999 0.259000 9.99 0.259000 0.026 0.000  0.399 0.000  0.558 0.000 99.99 0.259000  13.290 0.559   9.400 0.000  3.890 0.000 0.070 0.000 0.160 0.000
102.291667 103.291667   71.00 0.559  0.91 0.559000 9.999 0.559259 9.99 0.559259 0.043 0.000  0.738 0.000  1.033 0.000 99.99 0.559259   8.562 0.559   4.112 0.000  4.450 0.559 0.048 0.559 0.332 0.000
105.291667 106.291667   35.25 0.559  0.24 0.559000 9.999 0.559259 9.99 0.559259 0.023 0.000  0.597 0.000  0.836 0.000 99.99 0.559259   3.123 0.559   1.408 0.000  1.715 0.559 0.021 0.559 0.088 0.000
109.291667 110.291667   23.95 0.559  0.27 0.559000 9.999 0.559259 9.99 0.559259 0.025 0.000  0.528 0.000  0.739 0.000 99.99 0.559259   3.017 0.559   1.623 0.000  1.395 0.559 0.016 0.559 0.075 0.000
112.291667 113.291667  182.51 0.000  0.47 0.000000 9.999 0.259000 9.99 0.259000 0.100 0.000  0.846 0.000  1.184 0.000 99.99 0.259000  18.628 0.559  11.799 0.000  6.829 0.000 0.102 0.000 0.307 0.000
116.291667 117.291667 9999.99 0.259 99.99 0.259000 9.999 0.259000 9.99 0.259000 0.057 0.000  0.677 0.000  0.948 0.000 99.99 0.259000  15.086 0.559   7.361 0.000  7.726 0.000 9.999 0.259 0.269 0.000
119.291667 120.291667  214.13 0.000  1.37 0.000000 9.999 0.259000 9.99 0.259000 0.092 0.000  1.230 0.000  1.721 0.000 99.99 0.259000  16.478 0.000   8.994 0.000  7.484 0.000 0.133 0.000 0.285 0.000
123.291667 124.291667  103.52 0.000  0.79 0.000000 9.999 0.259000 9.99 0.259000 0.075 0.000  1.750 0.000  2.451 0.000 99.99 0.259000   7.857 0.000   2.701 0.000  5.156 0.000 0.067 0.000 0.229 0.000
126.291667 127.291667   69.68 0.000  0.52 0.000000 9.999 0.259000 9.99 0.259000 0.052 0.000  1.254 0.000  1.755 0.000 99.99 0.259000   8.571 0.000   4.879 0.000  3.692 0.000 0.052 0.000 0.190 0.000
130.291667 131.291667  152.68 0.000  0.47 0.000000 9.999 0.259000 9.99 0.259000 0.067 0.000  1.421 0.000  1.989 0.000 99.99 0.259000  25.317 0.000  19.721 0.000  5.597 0.000 0.095 0.000 0.213 0.000
133.291667 134.291667   56.40 0.000  0.74 0.000000 9.999 0.259000 9.99 0.259000 0.027 0.000  0.866 0.000  1.213 0.000 99.99 0.259000   5.794 0.000   3.316 0.000  2.478 0.000 0.036 0.000 0.161 0.000
137.291667 138.291667   78.62 0.000  0.29 0.000000 9.999 0.259000 0.49 0.000000 0.046 0.000  0.720 0.000  1.008 0.000 99.99 0.259000  11.221 0.000   7.560 0.000  3.661 0.000 0.046 0.000 0.135 0.000
140.291667 141.291667   25.74 0.000  0.78 0.000000 9.999 0.259000 9.99 0.259000 0.010 0.000  1.578 0.000  2.210 0.000 99.99 0.259000   4.826 0.000   1.516 0.000  3.310 0.000 0.018 0.000 0.111 0.000
144.291667 145.291667   81.01 0.000  0.74 0.000000 9.999 0.259000 9.99 0.259000 0.072 0.000  1.607 0.000  2.250 0.000 99.99 0.259000  12.460 0.000   6.354 0.000  6.106 0.000 0.085 0.000 0.451 0.000
147.291667 148.291667   46.76 0.000  0.77 0.000000 9.999 0.259000 9.99 0.259000 0.040 0.000  0.993 0.000  1.390 0.000 99.99 0.259000   6.865 0.000   3.099 0.000  3.766 0.000 0.039 0.000 0.231 0.000
151.291667 152.291667   71.95 0.000  0.74 0.000000 9.999 0.259000 9.99 0.259000 0.038 0.000  0.716 0.000  1.002 0.000 99.99 0.259000   9.444 0.000   5.852 0.000  3.592 0.000 0.071 0.000 0.205 0.000
154.291667 155.291667   39.57 0.000 99.99 0.259000 9.999 0.259000 9.99 0.259000 0.037 0.000  0.349 0.000  0.488 0.000 99.99 0.259000   5.397 0.000   2.501 0.000  2.896 0.000 0.039 0.000 0.179 0.000
158.291667 159.291667   56.40 0.000 99.99 0.259000 9.999 0.259000 9.99 0.259000 0.074 0.559  1.020 0.000  1.427 0.000 99.99 0.259000  11.614 0.000   6.640 0.000  4.974 0.000 0.088 0.000 0.347 0.559
161.291667 162.291667   87.81 0.000 99.99 0.259000 9.999 0.259000 9.99 0.259000 0.062 0.559  0.694 0.000  0.972 0.000 99.99 0.259000  11.260 0.000   7.483 0.000  3.777 0.000 0.069 0.000 0.174 0.559
165.291667 166.291667   25.65 0.000  0.37 0.000000 9.999 0.259000 9.99 0.259000 0.008 0.559 99.999 0.999 99.999 0.999 99.99 0.259000 999.999 0.999 999.999 0.999  1.670 0.000 0.020 0.000 0.056 0.559
168.291667 169.291667   31.96 0.000 99.99 0.259000 9.999 0.259000 9.99 0.259000 0.025 0.559 99.999 0.999 99.999 0.999 99.99 0.259000 999.999 0.999 999.999 0.999  2.384 0.000 0.030 0.000 0.122 0.559
172.291667 173.291667   39.48 0.000 99.99 0.259000 9.999 0.259000 9.99 0.259000 0.034 0.559 99.999 0.999 99.999 0.999 99.99 0.259000 999.999 0.999 999.999 0.999  2.837 0.000 0.038 0.000 0.162 0.559
175.291667 176.291667   62.59 0.000 99.99 0.259000 9.999 0.259000 9.99 0.259000 0.058 0.559  0.957 0.000  1.339 0.000 99.99 0.259000   7.576 0.000   3.168 0.000  4.408 0.000 0.079 0.000 0.312 0.559
179.291667 180.291667   26.91 0.000 99.99 0.259000 9.999 0.259000 9.99 0.259000 0.031 0.559  0.739 0.000  1.035 0.000 99.99 0.259000   5.493 0.000   2.686 0.000  2.807 0.000 0.044 0.000 0.271 0.559
182.291667 183.291667   45.20 0.000  0.15 0.000000 9.999 0.259000 0.14 0.000000 0.068 0.559  0.785 0.000  1.100 0.000 99.99 0.259000   7.808 0.000   3.835 0.000  3.973 0.000 0.097 0.000 0.379 0.559
186.291667 187.291667   19.73 0.000 99.99 0.259000 9.999 0.259000 9.99 0.259000 0.019 0.559  0.584 0.000  0.817 0.000 99.99 0.259000   4.893 0.000   3.356 0.000  1.537 0.000 0.061 0.000 0.110 0.559
189.291667 190.291667   51.88 0.559 99.99 0.559259 9.999 0.559259 9.99 0.559259 0.065 0.000  0.509 0.000  0.712 0.000 99.99 0.559259   7.783 0.000   4.725 0.000  3.058 0.559 0.035 0.559 0.290 0.000
193.291667 194.291667   18.47 0.000 99.99 0.259000 9.999 0.259000 9.99 0.259000 0.021 0.000  0.448 0.000  0.627 0.000 99.99 0.259000   7.847 0.000   5.728 0.000  2.119 0.000 0.019 0.000 0.195 0.000
196.291667 197.291667   33.69 0.000 99.99 0.259000 9.999 0.259000 9.99 0.259000 0.050 0.000  0.639 0.000  0.895 0.000 99.99 0.259000   7.651 0.000   3.670 0.000  3.981 0.000 0.079 0.000 0.385 0.000
200.291667 201.291667   19.03 0.000 99.99 0.259000 9.999 0.259000 9.99 0.259000 0.008 0.559  0.278 0.000  0.389 0.000 99.99 0.259000   2.982 0.000   1.969 0.000  1.013 0.000 0.008 0.000 0.063 0.559
203.291667 204.291667   74.78 0.000 99.99 0.259000 9.999 0.259000 9.99 0.259000 0.067 0.000  0.742 0.000  1.039 0.000 99.99 0.259000  11.731 0.000   7.159 0.000  4.572 0.000 0.065 0.000 0.335 0.000
207.291667 208.291667 9999.99 0.999 99.99 0.999000 9.999 0.999000 9.99 0.999000 0.060 0.559  0.787 0.000  1.102 0.000 99.99 0.999000   9.495 0.000   4.447 0.000  5.048 0.000 9.999 0.999 0.479 0.559
210.291667 211.291667 9999.99 0.999 99.99 0.999000 9.999 0.999000 9.99 0.999000 0.044 0.559  1.629 0.000  2.280 0.000 99.99 0.999000   7.768 0.000   2.445 0.000  5.323 0.000 9.999 0.999 0.350 0.559
214.291667 215.291667   66.40 0.000 99.99 0.259000 9.999 0.259000 9.99 0.259000 0.043 0.559  2.208 0.000  3.091 0.000 99.99 0.259000  13.407 0.000   6.191 0.000  7.216 0.000 0.104 0.000 0.370 0.559
217.291667 218.291667   27.81 0.000 99.99 0.259000 9.999 0.259000 9.99 0.259000 0.020 0.559  1.182 0.000  1.655 0.000 99.99 0.259000   5.958 0.000   1.580 0.000  4.378 0.000 0.043 0.000 0.355 0.559
221.291667 222.291667   36.96 0.000 99.99 0.259000 9.999 0.259000 9.99 0.259000 0.035 0.559  1.174 0.000  1.644 0.000 99.99 0.259000   7.258 0.000   2.802 0.000  4.456 0.000 0.046 0.000 0.337 0.559
224.291667 225.291667  169.81 0.000  0.62 0.000000 9.999 0.259000 9.99 0.259000 0.067 0.559  0.982 0.000  1.375 0.000 99.99 0.259000  24.129 0.000  16.787 0.000  7.342 0.000 0.110 0.000 0.435 0.559
228.291667 229.291667   46.47 0.000 99.99 0.259000 9.999 0.259000 9.99 0.259000 0.028 0.559  1.113 0.000  1.558 0.000 99.99 0.259000   6.668 0.000   2.454 0.000  4.214 0.000 0.030 0.000 0.312 0.559
231.291667 232.291667   37.65 0.000 99.99 0.259000 9.999 0.259000 9.99 0.259000 0.067 0.000  1.163 0.000  1.628 0.000 99.99 0.259000   8.444 0.000   3.451 0.000  4.993 0.000 0.043 0.000 0.471 0.000
235.291667 236.291667   19.22 0.000 99.99 0.259000 9.999 0.259000 9.99 0.259000 0.022 0.559  0.778 0.000  1.089 0.000 99.99 0.259000   6.266 0.000   2.881 0.000  3.385 0.000 0.026 0.000 0.314 0.559
238.291667 239.291667   29.39 0.000  0.20 0.000000 9.999 0.259000 9.99 0.259000 0.019 0.559  0.526 0.000  0.736 0.000 99.99 0.259000   6.106 0.000   2.752 0.000  3.354 0.000 0.022 0.000 0.362 0.559
242.291667 243.291667   15.66 0.000 99.99 0.259000 9.999 0.259000 9.99 0.259000 0.040 0.559  0.132 0.000  0.185 0.000 99.99 0.259000   3.827 0.000   1.406 0.000  2.422 0.000 0.013 0.000 0.292 0.559
245.291667 246.291667    8.40 0.559  0.18 0.559000 9.999 0.559259 9.99 0.559259 0.023 0.000  0.243 0.000  0.341 0.000 99.99 0.559259   2.012 0.000   0.916 0.000  1.097 0.559 0.009 0.559 0.144 0.000
249.291667 250.291667   18.46 0.000  0.27 0.000000 9.999 0.259000 9.99 0.259000 0.039 0.559  0.313 0.000  0.438 0.000 99.99 0.259000   4.405 0.000   1.837 0.000  2.568 0.000 0.019 0.000 0.372 0.559
252.291667 253.291667   12.28 0.000  0.32 0.000000 9.999 0.259000 9.99 0.259000 0.059 0.559  0.323 0.000  0.452 0.000 99.99 0.259000   3.452 0.000   1.410 0.000  2.042 0.000 0.016 0.000 0.302 0.559
256.291667 257.291667   30.86 0.000  0.43 0.000000 9.999 0.259000 9.99 0.259000 0.052 0.559  0.699 0.000  0.979 0.000 99.99 0.259000   5.445 0.000   2.673 0.000  2.772 0.000 0.025 0.000 0.278 0.559
259.291667 260.291667   38.66 0.000  0.54 0.000000 9.999 0.259000 9.99 0.259000 0.039 0.559  1.059 0.000  1.483 0.000 99.99 0.259000   9.273 0.000   4.287 0.000  4.986 0.000 0.034 0.000 0.598 0.559
263.291667 264.291667   21.22 0.000 99.99 0.259000 9.999 0.259000 9.99 0.259000 0.014 0.559  0.484 0.000  0.678 0.000 99.99 0.259000   4.345 0.000   1.951 0.000  2.395 0.000 0.020 0.000 0.253 0.559
266.291667 267.291667   90.90 0.000  0.23 0.000000 9.999 0.259000 9.99 0.259000 0.071 0.559  0.429 0.000  0.600 0.000 99.99 0.259000  15.676 0.000  11.126 0.000  4.550 0.000 0.067 0.000 0.306 0.559
270.291667 271.291667   20.70 0.000  0.13 0.000000 9.999 0.259000 9.99 0.259000 0.022 0.559  0.594 0.000  0.832 0.000 99.99 0.259000   5.794 0.000   2.814 0.000  2.980 0.000 0.036 0.000 0.516 0.559
273.291667 274.291667   14.17 0.000  0.31 0.000000 9.999 0.259000 9.99 0.259000 0.015 0.559  0.554 0.000  0.775 0.000 99.99 0.259000   5.827 0.000   1.808 0.000  4.019 0.000 0.012 0.000 0.683 0.559
277.291667 278.291667   10.06 0.000  0.14 0.000000 9.999 0.259000 9.99 0.259000 0.070 0.559  0.227 0.000  0.317 0.000 99.99 0.259000   2.518 0.000   0.477 0.000  2.041 0.000 0.012 0.000 0.320 0.559
