scripts/IMPROVE-2019_partial/data/US0051R.20050101060000.20191216000000.filterpack..pm25.52w.1w.US03L_filterpack_US0051.US03L_IMPROVE_Davis.lev2.nas
66 1001
MISSING INFORMATION
US03L, IMPROVE, , , , , , , 
MISSING INFORMATION
IMPROVE sel_HTAP
1 1
2005 01 01 2019 12 16
3.00
days from file reference point
27
1 1 1 1 1 1 1 1 1 1 1 1 1 1 1 1 1 1 1 1 1 1 1 1 1 1 1
999.99 9999.99 9.999 999.99 9.999 9.999 9.999999 9.99 9.999 99.999 9.999 99.999 9.999 99.999 9.999 9999.99 9.999999 999.999 9.999 999.999 9.999 999.999 9.999 9.999 9.999 99.999 9.999
end_time of measurement, days from the file reference point
iron, ng/m3, Revision date=20181210133000
numflag iron, no unit, Revision date=20181210133000
lead, ng/m3, Revision date=20181210133000
numflag lead, no unit, Revision date=20181210133000
magnesium, ug/m3, Revision date=20181210133000
numflag magnesium, no unit, Revision date=20181210133000
nickel, ng/m3, Revision date=20181210133000
numflag nickel, no unit, Revision date=20181210133000
nitrate, ug N/m3, Revision date=20181210133000
numflag nitrate, no unit, Revision date=20181210133000
organic_carbon, ug C/m3, Revision date=20181210133000
numflag organic_carbon, no unit, Revision date=20181210133000
organic_mass, ug/m3, Revision date=20181210133000
numflag organic_mass, no unit, Revision date=20181210133000
phosphorus, ng/m3, Revision date=20181210133000
numflag phosphorus, no unit, Revision date=20181210133000
pm10_mass, ug/m3, Version=2, Version description=Data extracted from http://views.cira.colostate.edu/fed/DataWizard 2019-12-16, Sample duration=1d, Orig. time res.=3d, Matrix=pm10, Blank correction=Blank corrected, Volume std. temperature=ambient, Volume std. pressure=ambient
numflag pm10_mass, no unit, Version=2, Version description=Data extracted from http://views.cira.colostate.edu/fed/DataWizard 2019-12-16, Sample duration=1d, Orig. time res.=3d, Matrix=pm10, Blank correction=Blank corrected, Volume std. temperature=ambient, Volume std. pressure=ambient
pm10_pm25_mass, ug/m3, Revision date=20181210133000, Matrix=pm10_pm25
numflag pm10_pm25_mass, no unit, Revision date=20181210133000, Matrix=pm10_pm25
pm25_mass, ug/m3, Version=2, Version description=Data extracted from http://views.cira.colostate.edu/fed/DataWizard 2019-12-16, Sample duration=1d, Orig. time res.=3d, Blank correction=Blank corrected, Volume std. temperature=ambient, Volume std. pressure=ambient
numflag pm25_mass, no unit, Version=2, Version description=Data extracted from http://views.cira.colostate.edu/fed/DataWizard 2019-12-16, Sample duration=1d, Orig. time res.=3d, Blank correction=Blank corrected, Volume std. temperature=ambient, Volume std. pressure=ambient
potassium, ug/m3, Revision date=20181210133000
numflag potassium, no unit, Revision date=20181210133000
sulphate_total, ug S/m3, Revision date=20181210133000
numflag sulphate_total, no unit, Revision date=20181210133000
0
25
Data definition:              EBAS_1.1
Set type code:                TU
Timezone:                     UTC
File name:                    US0051R.20050101060000.20191216000000.filterpack..pm25.52w.1w.US03L_filterpack_US0051.US03L_IMPROVE_Davis.lev2.nas
File creation:                20191218115830
Startdate:                    20050101060000
Revision date:                20191216000000
Statistics:                   arithmetic mean
Data level:                   2
Period code:                  52w
Resolution code:              1w
Station code:                 US0051R
Platform code:                US0051S
Station name:                 El Dorado Springs
Station latitude:             37.7009
Station longitude:            -94.0348
Station altitude:             297.0 m
Regime:                       IMG
Component:                    
Matrix:                       pm25
Laboratory code:              US03L
Instrument type:              filterpack
Instrument name:              filterpack_US0051
Method ref:                   US03L_IMPROVE_Davis
starttime endtime Fe flag_Fe Pb flag_Pb Mg++ flag_Mg++ Ni flag_Ni NO3- flag_NO3- OC flag_OC OM flag_OM P flag_P PM10 flag_PM10 PM10-PM2.5 flag_PM10-PM2.5 PM2.5 flag_PM2.5 K+ flag_K+ SO4-- flag_SO4--
  0.25   1.25    9.43 0.000   1.66 0.000 0.013 0.000000 0.32 0.000  0.195 0.000  0.950 0.559  1.709 0.559 9999.99 0.259000   9.615 0.000   2.100 0.000   7.513 0.000 0.068 0.000  1.178 0.000
  3.25   4.25    3.07 0.000   0.65 0.000 9.999 0.259000 0.19 0.000  0.131 0.000  0.165 0.559  0.297 0.559 9999.99 0.259000   1.165 0.000   0.017 0.000   1.148 0.000 0.006 0.000  0.131 0.000
  6.25   7.25   19.41 0.000   2.30 0.000 9.999 0.259000 9.99 0.259  0.837 0.000  1.296 0.559  2.333 0.559 9999.99 0.259000  11.695 0.000   0.912 0.000  10.778 0.000 0.064 0.000  0.681 0.000
  9.25  10.25   12.36 0.000   2.72 0.000 9.999 0.259000 0.26 0.000  1.006 0.000  1.311 0.559  2.360 0.559 9999.99 0.259000  11.610 0.000 999.999 0.259  12.160 0.000 0.053 0.000  0.955 0.000
 12.25  13.25   20.14 0.000   1.25 0.000 9.999 0.259000 0.09 0.000  1.039 0.000  0.805 0.559  1.448 0.559 9999.99 0.259000  12.312 0.000   1.234 0.000  11.078 0.000 0.028 0.000  0.760 0.000
 15.25  16.25   15.29 0.000   1.50 0.000 9.999 0.259000 9.99 0.259  0.708 0.559  0.777 0.559  1.399 0.559 9999.99 0.259000   9.602 0.000   2.581 0.000   7.019 0.000 0.030 0.000  0.324 0.559
 18.25  19.25   41.71 0.000   2.73 0.000 9.999 0.259000 0.16 0.000  0.897 0.000  1.732 0.559  3.118 0.559 9999.99 0.259000  11.953 0.000   3.279 0.000   8.675 0.000 0.057 0.000  0.534 0.000
 21.25  22.25   19.83 0.000   1.11 0.000 9.999 0.259000 0.12 0.000  0.463 0.000  0.608 0.559  1.094 0.559 9999.99 0.259000   9.383 0.000   2.414 0.000   6.969 0.000 0.025 0.000  0.756 0.000
 24.25  25.25   48.76 0.559   2.36 0.559 9.999 0.559259 0.18 0.559  0.438 0.000  2.515 0.559  4.528 0.559 9999.99 0.559259  17.222 0.000   8.640 0.559   8.582 0.659 0.092 0.559  0.555 0.000
 27.25  28.25   32.09 0.000   3.05 0.000 9.999 0.259000 0.24 0.000  1.027 0.000  1.337 0.559  2.407 0.559 9999.99 0.259000  16.104 0.000   4.199 0.000  11.906 0.000 0.051 0.000  0.866 0.000
 30.25  31.25   41.86 0.000   7.25 0.000 9.999 0.259000 0.16 0.000  1.452 0.000  2.155 0.559  3.880 0.559 9999.99 0.259000  21.926 0.000 999.999 0.259  22.056 0.000 0.069 0.000  2.378 0.000
 33.25  34.25   42.44 0.000   3.57 0.000 9.999 0.259000 0.28 0.000  1.705 0.559  1.414 0.559  2.545 0.559 9999.99 0.259000  23.080 0.000   1.397 0.000  21.686 0.000 0.049 0.000  2.225 0.559
 36.25  37.25   18.42 0.000   1.99 0.000 9.999 0.259000 0.17 0.000  0.392 0.559  1.217 0.559  2.190 0.559 9999.99 0.259000  10.649 0.000   0.524 0.000  10.126 0.000 0.040 0.000  1.268 0.559
 39.25  40.25   14.97 0.000   1.24 0.000 9.999 0.259000 0.18 0.000  0.956 0.000  0.841 0.559  1.514 0.559 9999.99 0.259000  10.236 0.000   0.477 0.000   9.757 0.000 0.026 0.000  0.611 0.000
 42.25  43.25   23.64 0.000   2.94 0.000 9.999 0.259000 0.15 0.000  0.417 0.000  1.535 0.559  2.762 0.559 9999.99 0.259000   7.714 0.000   1.666 0.000   6.046 0.000 0.042 0.000  0.359 0.000
 45.25  46.25   26.94 0.000   1.34 0.000 9.999 0.259000 0.18 0.000  0.119 0.000  0.809 0.559  1.457 0.559 9999.99 0.259000   6.074 0.000   2.510 0.000   3.563 0.000 0.025 0.000  0.307 0.000
 48.25  49.25   24.30 0.000   1.40 0.000 9.999 0.259000 0.11 0.000  0.553 0.000  1.426 0.559  2.566 0.559 9999.99 0.259000  10.923 0.000   4.823 0.000   6.098 0.000 0.043 0.000  0.310 0.000
 51.25  52.25    6.17 0.000   1.06 0.000 9.999 0.259000 9.99 0.259  0.700 0.000  0.771 0.559  1.389 0.559 9999.99 0.259000   6.837 0.000   0.627 0.000   6.209 0.000 0.016 0.000  0.740 0.000
 54.25  55.25   17.32 0.000   1.39 0.000 9.999 0.259000 9.99 0.259  0.921 0.000  0.708 0.559  1.275 0.559 9999.99 0.259000  10.744 0.000   0.890 0.000   9.851 0.000 0.026 0.000  1.057 0.000
 57.25  58.25   20.73 0.000   2.62 0.000 9.999 0.259000 9.99 0.259  0.497 0.000  2.320 0.559  4.175 0.559 9999.99 0.259000  11.578 0.000   2.375 0.000   9.200 0.000 0.063 0.000  0.705 0.000
 60.25  61.25   29.74 0.000   1.52 0.000 9.999 0.259000 9.99 0.259  0.407 0.000  2.066 0.559  3.719 0.559 9999.99 0.259000  15.315 0.000   8.741 0.000   6.578 0.000 0.050 0.000  0.319 0.000
 63.25  64.25   28.31 0.000   3.64 0.000 9.999 0.259000 9.99 0.259  0.319 0.000  2.584 0.559  4.650 0.559 9999.99 0.259000  12.563 0.000   5.483 0.000   7.078 0.000 0.067 0.000  0.372 0.000
 66.25  67.25   32.84 0.000   0.62 0.000 9.999 0.259000 0.11 0.000  0.223 0.000  0.724 0.559  1.304 0.559 9999.99 0.259000  16.254 0.000  11.663 0.000   4.647 0.000 0.025 0.000  0.582 0.000
 69.25  70.25   47.31 0.000   0.46 0.000 9.999 0.259000 9.99 0.259  0.053 0.000  0.477 0.559  0.859 0.559 9999.99 0.259000  14.649 0.000  11.499 0.000   3.149 0.000 0.030 0.000  0.249 0.000
 72.25  73.25   61.29 0.000   1.83 0.000 9.999 0.259000 9.99 0.259  0.859 0.000  4.923 0.559  8.862 0.559 9999.99 0.259000  39.665 0.000  23.475 0.000  16.183 0.000 0.106 0.000  0.649 0.000
 75.25  76.25   54.51 0.000   2.58 0.000 9.999 0.259000 9.99 0.259  1.012 0.000  2.866 0.559  5.160 0.559 9999.99 0.259000  26.014 0.000  15.317 0.000  10.692 0.000 0.065 0.000  0.585 0.000
 78.25  79.25   42.11 0.000   4.36 0.000 9.999 0.259000 9.99 0.259  1.116 0.000  4.073 0.559  7.332 0.559 9999.99 0.259000  29.291 0.000  11.569 0.000  17.713 0.000 0.081 0.000  1.129 0.000
 81.25  82.25   17.38 0.000   1.70 0.000 0.008 0.000000 0.04 0.000  0.777 0.000  0.564 0.559  1.014 0.559 9999.99 0.259000  11.112 0.000   0.663 0.000  10.446 0.000 0.017 0.000  1.374 0.000
 84.25  85.25   15.69 0.000   4.48 0.000 9.999 0.259000 9.99 0.259  1.225 0.000  0.656 0.559  1.181 0.559 9999.99 0.259000  13.561 0.000   0.234 0.000  13.324 0.000 0.019 0.000  1.551 0.000
 87.25  88.25   19.07 0.000   1.46 0.000 9.999 0.259000 9.99 0.259  0.121 0.000  1.017 0.559  1.831 0.559 9999.99 0.259000   8.300 0.000   3.510 0.000   4.861 0.000 0.034 0.000  0.564 0.000
 90.25  91.25   17.98 0.000   2.91 0.000 9.999 0.259000 0.11 0.000  0.267 0.000  0.989 0.559  1.780 0.559 9999.99 0.259000   8.598 0.000   4.376 0.000   4.221 0.000 0.040 0.000  0.445 0.000
 93.25  94.25   30.70 0.000   1.39 0.000 9.999 0.259000 9.99 0.259  0.114 0.000  1.929 0.559  3.472 0.559 9999.99 0.259000  16.215 0.000   8.559 0.000   7.654 0.000 0.050 0.000  0.808 0.000
 96.25  97.25   31.28 0.000   2.04 0.000 9.999 0.259000 0.13 0.000  0.860 0.000  0.978 0.559  1.761 0.559 9999.99 0.259000  15.151 0.000   2.503 0.000  12.646 0.000 0.038 0.000  1.571 0.000
 99.25 100.25   24.98 0.000   2.00 0.000 9.999 0.259000 0.17 0.000  0.082 0.000  1.360 0.559  2.448 0.559 9999.99 0.259000  14.362 0.000   3.289 0.000  11.071 0.000 0.046 0.000  1.804 0.000
102.25 103.25   25.23 0.000   2.20 0.000 9.999 0.259000 0.24 0.000  0.631 0.000  0.479 0.559  0.862 0.559 9999.99 0.259000   7.655 0.000   2.639 0.000   5.015 0.000 0.022 0.000  0.796 0.000
105.25 106.25   61.11 0.000   3.83 0.000 9.999 0.259000 0.16 0.000  0.280 0.000  3.309 0.559  5.957 0.559 9999.99 0.259000  22.778 0.000   8.975 0.000  13.799 0.000 0.096 0.000  1.406 0.000
108.25 109.25   54.75 0.000   1.84 0.000 9.999 0.259000 0.22 0.000  0.128 0.000  2.003 0.559  3.606 0.559 9999.99 0.259000 999.999 0.456  10.786 0.000  12.373 0.000 0.071 0.000  1.814 0.000
111.25 112.25   35.23 0.000   1.20 0.000 9.999 0.259000 9.99 0.259  0.091 0.000  0.815 0.559  1.467 0.559 9999.99 0.259000  12.655 0.000   7.926 0.000   4.730 0.000 0.037 0.000  0.533 0.000
114.25 115.25   57.21 0.000   3.22 0.000 0.013 0.000000 0.14 0.000  0.517 0.000  2.737 0.000  4.926 0.000 9999.99 0.259000  18.441 0.000   9.236 0.000   9.204 0.000 0.086 0.000  0.377 0.000
117.25 118.25   32.32 0.000   2.27 0.000 9.999 0.259000 0.15 0.000  0.177 0.000  1.181 0.000  2.126 0.000 9999.99 0.259000  10.728 0.000   3.724 0.000   7.002 0.000 0.060 0.000  0.807 0.000
120.25 121.25   46.20 0.000   1.23 0.000 9.999 0.259000 9.99 0.259  0.128 0.559  0.697 0.000  1.255 0.000 9999.99 0.259000 999.999 0.456  10.786 0.000   4.867 0.000 0.042 0.000  0.450 0.559
123.25 124.25   52.23 0.000   1.93 0.000 9.999 0.259000 9.99 0.259  0.213 0.559  1.749 0.000  3.149 0.000 9999.99 0.259000  25.560 0.000  18.435 0.000   7.124 0.000 0.058 0.000  0.667 0.559
126.25 127.25   77.81 0.000   6.30 0.000 9.999 0.259000 9.99 0.259  0.124 0.559  2.265 0.000  4.078 0.000 9999.99 0.259000  31.689 0.000  19.978 0.000  11.708 0.000 0.080 0.000  1.219 0.559
129.25 130.25   54.61 0.559   1.75 0.559 9.999 0.559259 0.23 0.559  0.201 0.559  2.086 0.000  3.754 0.000 9999.99 0.559259  27.624 0.000  13.848 0.559  13.867 0.659 0.095 0.559  2.118 0.559
132.25 133.25   68.88 0.000   1.48 0.000 9.999 0.259000 9.99 0.259  0.045 0.559  0.798 0.000  1.437 0.000 9999.99 0.259000  12.002 0.000   7.327 0.000   4.675 0.000 0.062 0.000  0.406 0.559
135.25 136.25   54.12 0.000   2.17 0.000 9.999 0.259000 0.13 0.000  0.095 0.559  0.698 0.000  1.256 0.000 9999.99 0.259000  22.488 0.000  17.361 0.000   5.125 0.000 0.039 0.000  0.511 0.559
138.25 139.25  132.54 0.000   1.48 0.000 9.999 0.259000 0.16 0.000  0.085 0.559  1.569 0.000  2.824 0.000  145.48 0.000000  42.965 0.000  31.605 0.000  11.358 0.000 0.076 0.000  1.299 0.559
141.25 142.25   90.90 0.000   3.13 0.000 9.999 0.259000 0.15 0.000  0.057 0.000  2.078 0.000  3.741 0.000 9999.99 0.259000  35.519 0.000  19.860 0.000  15.653 0.000 0.056 0.000  2.050 0.000
144.25 145.25 9999.99 0.999 999.99 0.999 9.999 0.999000 9.99 0.999 99.999 0.999 99.999 0.999 99.999 0.999 9999.99 0.999000 999.999 0.999 999.999 0.999 999.999 0.999 9.999 0.999 99.999 0.999
147.25 148.25   36.59 0.000   1.52 0.000 9.999 0.259000 0.14 0.000  0.150 0.559  1.112 0.000  2.001 0.000 9999.99 0.259000  17.268 0.000  11.489 0.000   5.778 0.000 0.033 0.000  0.656 0.559
150.25 151.25   72.41 0.000   3.43 0.000 9.999 0.259000 0.13 0.000  0.058 0.559  2.282 0.000  4.108 0.000 9999.99 0.259000  41.080 0.000  25.309 0.000  15.768 0.000 0.046 0.000  2.099 0.559
153.25 154.25   50.79 0.000   1.59 0.000 9.999 0.259000 9.99 0.259  0.057 0.000  2.290 0.000  4.121 0.000 9999.99 0.259000  26.275 0.000  12.490 0.000  13.784 0.000 0.058 0.000  1.714 0.000
156.25 157.25   48.83 0.000   1.33 0.000 9.999 0.259000 0.15 0.000  0.071 0.559  1.322 0.000  2.379 0.000 9999.99 0.259000  16.062 0.000   8.517 0.000   7.544 0.000 0.056 0.000  0.857 0.559
159.25 160.25   30.39 0.000   1.07 0.000 0.008 0.000000 9.99 0.259  0.049 0.000  0.819 0.000  1.474 0.000 9999.99 0.259000  10.982 0.000   6.454 0.000   4.528 0.000 0.041 0.000  0.454 0.000
162.25 163.25   46.43 0.000   1.33 0.000 9.999 0.259000 0.14 0.000  0.047 0.000  1.601 0.000  2.882 0.000 9999.99 0.259000  18.837 0.000   9.601 0.000   9.233 0.000 0.060 0.000  1.138 0.000
165.25 166.25   44.45 0.000   1.61 0.000 9.999 0.259000 9.99 0.259  0.046 0.559  0.766 0.000  1.380 0.000 9999.99 0.259000  13.889 0.000   9.927 0.000   3.963 0.000 0.026 0.000  0.340 0.559
168.25 169.25   43.58 0.000   2.14 0.000 0.013 0.000000 9.99 0.259  0.030 0.559  1.290 0.000  2.322 0.000 9999.99 0.259000  24.489 0.000  17.605 0.000   6.883 0.000 0.033 0.000  0.576 0.559
171.25 172.25   82.17 0.000   2.24 0.000 9.999 0.259000 9.99 0.259  0.072 0.000  2.205 0.000  3.969 0.000 9999.99 0.259000  41.055 0.000  27.154 0.000  13.895 0.000 0.094 0.000  1.458 0.000
174.25 175.25  156.81 0.000   2.67 0.000 9.999 0.259000 0.21 0.000  0.070 0.000  4.737 0.000  8.527 0.000 9999.99 0.259000  55.557 0.000  24.256 0.000  31.297 0.000 0.133 0.000  3.898 0.000
177.25 178.25  126.31 0.000   2.49 0.000 9.999 0.259000 0.12 0.000  0.062 0.000  4.071 0.000  7.327 0.000 9999.99 0.259000  55.239 0.000  26.263 0.000  28.967 0.000 0.099 0.000  4.055 0.000
180.25 181.25  120.06 0.000   2.13 0.000 9.999 0.259000 0.21 0.000  0.060 0.000  4.720 0.000  8.495 0.000 9999.99 0.259000  49.454 0.000  22.113 0.000  27.355 0.000 0.103 0.000  3.345 0.000
183.25 184.25   40.64 0.000   2.62 0.000 9.999 0.259000 9.99 0.259  0.045 0.559  2.287 0.000  4.117 0.000 9999.99 0.259000  21.759 0.000  12.155 0.000   9.603 0.000 0.176 0.000  0.741 0.559
186.25 187.25   53.21 0.000   1.23 0.000 9.999 0.259000 9.99 0.259  0.028 0.000  3.369 0.000  6.064 0.000   54.22 0.000000  20.702 0.000  15.114 0.000   5.599 0.000 0.078 0.000  0.445 0.000
189.25 190.25  139.74 0.000   1.93 0.000 0.022 0.000000 9.99 0.259  0.053 0.000  2.979 0.000  5.363 0.000  234.72 0.000000  49.915 0.000  33.557 0.000  16.360 0.000 0.098 0.000  2.191 0.000
192.25 193.25  106.53 0.000   2.73 0.000 9.999 0.259000 9.99 0.259  0.135 0.000  3.044 0.000  5.480 0.000 9999.99 0.259000  57.432 0.000  27.581 0.000  30.270 0.000 0.075 0.000  5.344 0.000
195.25 196.25  163.49 0.000   1.81 0.000 0.024 0.000000 0.12 0.000  0.031 0.000  0.332 0.000  0.597 0.000 9999.99 0.259000  50.281 0.000  27.847 0.000  22.433 0.000 0.075 0.000  3.520 0.000
198.25 199.25   18.78 0.000   0.45 0.000 9.999 0.259000 0.20 0.000  0.057 0.000 99.999 0.259 99.999 0.259 9999.99 0.259000  13.102 0.000   6.170 0.000   6.931 0.000 0.027 0.000  1.043 0.000
201.25 202.25  162.99 0.000   1.09 0.000 0.017 0.000000 9.99 0.259  0.076 0.000  0.991 0.000  1.785 0.000 9999.99 0.259000  30.783 0.000  20.949 0.000   9.833 0.000 0.063 0.000  1.027 0.000
204.25 205.25   34.11 0.000   0.65 0.000 9.999 0.259000 9.99 0.259  0.053 0.000  2.086 0.000  3.755 0.000 9999.99 0.259000  21.128 0.000  10.653 0.000  10.481 0.000 0.041 0.000  1.196 0.000
207.25 208.25   28.60 0.000  12.65 0.000 9.999 0.259000 9.99 0.259  0.051 0.559  2.067 0.000  3.721 0.000 9999.99 0.259000  10.681 0.000   5.739 0.000   4.942 0.000 0.026 0.000  0.288 0.559
210.25 211.25   64.18 0.000   3.12 0.000 9.999 0.259000 9.99 0.259  0.033 0.559  1.304 0.000  2.346 0.000 9999.99 0.259000  32.755 0.000  22.791 0.000   9.963 0.000 0.039 0.000  1.060 0.559
213.25 214.25  134.28 0.000   1.62 0.000 9.999 0.259000 9.99 0.259  0.047 0.559  2.750 0.000  4.949 0.000 9999.99 0.259000  45.938 0.000  22.454 0.000  23.856 0.000 0.063 0.000  3.230 0.559
216.25 217.25  102.37 0.000   1.50 0.000 9.999 0.259000 9.99 0.259  0.048 0.559  1.521 0.000  2.738 0.000 9999.99 0.259000  26.461 0.000  16.055 0.000  10.403 0.000 0.052 0.000  1.013 0.559
219.25 220.25   84.38 0.000   1.46 0.000 9.999 0.259000 9.99 0.259  0.080 0.559  2.219 0.000  3.994 0.000 9999.99 0.259000  34.648 0.000  16.984 0.000  17.674 0.000 0.043 0.000  2.403 0.559
222.25 223.25  497.35 0.000   1.50 0.000 9.999 0.259000 0.18 0.000  0.119 0.559  1.870 0.000  3.366 0.000 9999.99 0.259000  48.839 0.000  28.455 0.000  20.383 0.000 0.191 0.000  1.787 0.559
225.25 226.25   59.58 0.000   0.95 0.000 0.010 0.000000 9.99 0.259  0.094 0.000  0.850 0.000  1.529 0.000 9999.99 0.259000   8.448 0.000   4.619 0.000   3.828 0.000 0.031 0.000  0.261 0.000
228.25 229.25   14.32 0.000   1.74 0.000 0.014 0.000000 9.99 0.259  0.064 0.000  1.200 0.000  2.161 0.000 9999.99 0.259000  17.890 0.000   7.034 0.000  10.855 0.000 0.025 0.000  1.905 0.000
231.25 232.25   39.86 0.000   2.57 0.000 9.999 0.259000 0.13 0.000  0.053 0.000  0.662 0.000  1.191 0.000 9999.99 0.259000   9.639 0.000   6.271 0.000   3.368 0.000 0.026 0.000  0.370 0.000
234.25 235.25   21.02 0.000   9.38 0.000 9.999 0.259000 9.99 0.259  0.045 0.000  1.667 0.000  3.000 0.000 9999.99 0.259000  19.814 0.000   8.801 0.000  11.147 0.000 0.046 0.000  1.638 0.000
237.25 238.25   26.35 0.000   0.83 0.000 9.999 0.259000 0.15 0.000 99.999 0.456  1.466 0.000  2.639 0.000 9999.99 0.259000  14.966 0.000   6.887 0.000   8.078 0.000 0.035 0.000 99.999 0.456
240.25 241.25   21.70 0.000   0.94 0.000 0.005 0.000000 9.99 0.259 99.999 0.456  1.144 0.000  2.059 0.000 9999.99 0.259000  13.783 0.000   8.935 0.000   4.847 0.000 0.031 0.000 99.999 0.456
243.25 244.25   70.81 0.000   1.94 0.000 9.999 0.259000 9.99 0.259 99.999 0.456  1.945 0.000  3.502 0.000 9999.99 0.259000  40.697 0.000  29.810 0.000  10.887 0.000 0.059 0.000 99.999 0.456
246.25 247.25   69.98 0.000   2.93 0.000 9.999 0.259000 9.99 0.259 99.999 0.456  2.336 0.000  4.206 0.000 9999.99 0.259000  30.904 0.000  17.288 0.000  13.616 0.000 0.056 0.000 99.999 0.456
249.25 250.25 9999.99 0.456 999.99 0.456 9.999 0.456000 9.99 0.456 99.999 0.456 99.999 0.456 99.999 0.456 9999.99 0.456000 999.999 0.456 999.999 0.456 999.999 0.456 9.999 0.456 99.999 0.456
