scripts/IMPROVE-2019_partial/data/US0020R.20080101080000.20191216000000.filterpack...52w.3d.US03L_filterpack_US0020.US03L_IMPROVE_Davis.lev2.nas
52 1001
MISSING INFORMATION
US03L, IMPROVE, , , , , , , 
MISSING INFORMATION
IMPROVE sel_HTAP
1 1
2008 01 01 2019 12 16
3.000000
days from file reference point
5
1 1 1 1 1
999.999999 9999.999 9.999 999.999 9.999
end_time of measurement, days from the file reference point
pm10_mass, ug/m3, Matrix=pm10
numflag pm10_mass, no unit, Matrix=pm10
pm25_mass, ug/m3, Matrix=pm25
numflag pm25_mass, no unit, Matrix=pm25
0
33
Data definition:              EBAS_1.1
Set type code:                TU
Timezone:                     UTC
File name:                    US0020R.20080101080000.20191216000000.filterpack...52w.3d.US03L_filterpack_US0020.US03L_IMPROVE_Davis.lev2.nas
File creation:                20191218115646
Startdate:                    20080101080000
Revision date:                20191216000000
Version:                      2
Version description:          "Data extracted from http://views.cira.colostate.edu/fed/DataWizard 2019-12-16"
Statistics:                   arithmetic mean
Data level:                   2
Period code:                  52w
Resolution code:              3d
Sample duration:              1d
Orig. time res.:              3d
Station code:                 US0020R
Platform code:                US0020S
Station name:                 Death Valley NP
Station latitude:             36.5089
Station longitude:            -116.8478
Station altitude:             130.0 m
Regime:                       IMG
Component:                    
Unit:                         ug/m3
Matrix:                       
Laboratory code:              US03L
Instrument type:              filterpack
Instrument name:              filterpack_US0020
Method ref:                   US03L_IMPROVE_Davis
Blank correction:             Blank corrected
Volume std. temperature:      ambient
Volume std. pressure:         ambient
starttime endtime PM10 flag_PM10 PM2.5 flag_PM2.5
  0.333333   1.333333    1.814 0.000   0.559 0.000
  3.333333   4.333333   18.334 0.000   2.955 0.000
  6.333333   7.333333    1.514 0.000   0.742 0.000
  9.333333  10.333333    3.712 0.000   1.892 0.000
 12.333333  13.333333    1.883 0.000   0.941 0.000
 15.333333  16.333333    7.691 0.000   1.430 0.000
 18.333333  19.333333    2.380 0.000   1.275 0.000
 21.333333  22.333333    4.438 0.000   1.702 0.000
 24.333333  25.333333    7.892 0.000   1.532 0.000
 27.333333  28.333333   14.289 0.000   1.402 0.000
 30.333333  31.333333    2.157 0.000   1.331 0.000
 33.333333  34.333333    6.372 0.000   1.385 0.000
 36.333333  37.333333    2.792 0.000   1.157 0.000
 39.333333  40.333333    2.578 0.000   0.918 0.000
 42.333333  43.333333    1.893 0.000   0.796 0.000
 45.333333  46.333333    4.341 0.000   1.094 0.000
 48.333333  49.333333    5.923 0.000   1.541 0.000
 51.333333  52.333333    7.532 0.000   1.909 0.000
 54.333333  55.333333    6.584 0.000   1.102 0.000
 57.333333  58.333333    1.453 0.000   0.741 0.000
 60.333333  61.333333   12.529 0.000   3.664 0.000
 63.333333  64.333333    5.191 0.000   3.164 0.000
 66.333333  67.333333    3.580 0.000   1.469 0.000
 69.333333  70.333333    1.610 0.000   1.038 0.000
 72.333333  73.333333    9.419 0.000   4.332 0.000
 75.333333  76.333333   25.576 0.000   5.959 0.000
 78.333333  79.333333    6.864 0.000   2.922 0.000
 81.333333  82.333333   13.586 0.000   4.202 0.000
 84.333333  85.333333    8.514 0.000   5.820 0.000
 87.333333  88.333333   12.365 0.000   4.322 0.000
 90.333333  91.333333   10.123 0.000   4.215 0.000
 93.333333  94.333333    9.903 0.000   4.538 0.000
 96.333333  97.333333   14.215 0.000   5.678 0.000
 99.333333 100.333333   11.408 0.000   4.328 0.000
102.333333 103.333333    6.051 0.000   3.482 0.000
105.333333 106.333333   19.942 0.000   5.804 0.000
108.333333 109.333333   14.587 0.000   5.582 0.000
111.333333 112.333333   15.416 0.000   8.326 0.000
114.333333 115.333333   13.387 0.000   5.487 0.000
117.333333 118.333333   19.092 0.000   9.190 0.000
120.333333 121.333333   56.986 0.000  18.953 0.000
123.333333 124.333333   12.997 0.000   4.854 0.000
126.333333 127.333333   10.001 0.000   4.479 0.000
129.333333 130.333333   26.878 0.000  12.634 0.000
132.333333 133.333333   49.154 0.000  16.738 0.000
135.333333 136.333333   10.282 0.000   4.654 0.000
138.333333 139.333333    8.949 0.000   4.329 0.000
141.333333 142.333333  115.998 0.000  19.745 0.000
144.333333 145.333333   11.002 0.000   3.756 0.000
147.333333 148.333333   12.619 0.000   3.602 0.000
150.333333 151.333333   21.498 0.000   5.779 0.000
153.333333 154.333333   12.057 0.000   5.776 0.000
156.333333 157.333333    7.301 0.000   2.764 0.000
159.333333 160.333333    3.734 0.000   1.424 0.000
162.333333 163.333333   14.671 0.000   5.365 0.000
165.333333 166.333333   15.102 0.000   5.549 0.000
168.333333 169.333333    8.600 0.000   4.252 0.000
171.333333 172.333333   11.560 0.000   4.306 0.000
174.333333 175.333333   17.429 0.000  10.029 0.000
177.333333 178.333333   43.388 0.659  24.997 0.659
180.333333 181.333333    6.702 0.000   3.459 0.000
183.333333 184.333333   30.989 0.000  19.686 0.000
186.333333 187.333333   17.250 0.000  12.216 0.000
189.333333 190.333333   11.241 0.000   6.159 0.000
192.333333 193.333333   58.969 0.000  17.354 0.000
195.333333 196.333333    9.581 0.000   5.855 0.000
198.333333 199.333333   17.873 0.000   8.798 0.000
201.333333 202.333333   13.963 0.000   5.510 0.000
204.333333 205.333333   12.885 0.000   5.270 0.000
207.333333 208.333333   17.561 0.000   7.777 0.000
210.333333 211.333333   17.713 0.000   8.904 0.000
213.333333 214.333333   14.928 0.000   4.150 0.000
216.333333 217.333333   15.714 0.000   5.120 0.000
219.333333 220.333333   15.426 0.000   4.713 0.000
222.333333 223.333333    5.980 0.000   2.277 0.000
225.333333 226.333333   12.092 0.000   4.637 0.000
228.333333 229.333333   19.899 0.000   8.722 0.000
231.333333 232.333333   10.330 0.000   3.313 0.000
234.333333 235.333333   17.537 0.000   4.885 0.000
237.333333 238.333333   11.244 0.000   4.151 0.000
240.333333 241.333333   11.791 0.000   3.117 0.000
243.333333 244.333333   27.176 0.000   5.097 0.000
246.333333 247.333333   14.482 0.000   4.479 0.000
249.333333 250.333333    7.357 0.000   2.510 0.000
252.333333 253.333333   14.015 0.000   4.739 0.000
255.333333 256.333333   13.164 0.000   3.076 0.000
258.333333 259.333333    7.661 0.000   3.858 0.000
261.333333 262.333333   14.297 0.000   4.646 0.000
264.333333 265.333333   14.583 0.000   4.287 0.000
267.333333 268.333333    8.710 0.000   4.130 0.000
270.333333 271.333333    9.724 0.000   3.915 0.000
273.333333 274.333333   15.989 0.000   8.339 0.000
276.333333 277.333333   11.545 0.000   5.946 0.000
279.333333 280.333333 9999.999 0.999 999.999 0.999
282.333333 283.333333   10.944 0.000   5.393 0.000
285.333333 286.333333    8.362 0.000   2.956 0.000
288.333333 289.333333    9.288 0.000   2.091 0.000
291.333333 292.333333    6.846 0.000   2.532 0.000
294.333333 295.333333    7.072 0.000   2.873 0.000
297.333333 298.333333   13.992 0.000   3.511 0.000
300.333333 301.333333    9.301 0.000   3.237 0.000
303.333333 304.333333   21.236 0.000   5.494 0.000
306.333333 307.333333    2.579 0.000   1.675 0.000
309.333333 310.333333    3.922 0.000   1.447 0.000
312.333333 313.333333    2.103 0.000   0.780 0.000
315.333333 316.333333    2.547 0.000   1.246 0.000
318.333333 319.333333    2.686 0.000   1.419 0.000
321.333333 322.333333    1.778 0.000   0.876 0.000
324.333333 325.333333    7.692 0.000   1.916 0.000
327.333333 328.333333    8.314 0.000   3.681 0.000
330.333333 331.333333    6.190 0.000   3.173 0.000
333.333333 334.333333    3.286 0.000   1.499 0.000
336.333333 337.333333    3.904 0.000   0.908 0.000
339.333333 340.333333    4.617 0.000   1.138 0.000
342.333333 343.333333    4.764 0.000   1.395 0.000
345.333333 346.333333    5.160 0.000   1.035 0.000
348.333333 349.333333    4.008 0.000   2.091 0.000
351.333333 352.333333    2.057 0.000 999.999 0.456
354.333333 355.333333    4.173 0.000   2.413 0.000
357.333333 358.333333    1.874 0.000   0.701 0.000
360.333333 361.333333    2.600 0.000   0.732 0.000
363.333333 364.333333    2.135 0.000   0.732 0.000
