scripts/IMPROVE-2019_partial/data/US0096R.20100102070000.20191216000000.filterpack...52w.3d.US03L_filterpack_US0096.US03L_IMPROVE_Davis.lev2.nas
52 1001
MISSING INFORMATION
US03L, IMPROVE, , , , , , , 
MISSING INFORMATION
IMPROVE sel_HTAP
1 1
2010 01 01 2019 12 16
3.000000
days from file reference point
5
1 1 1 1 1
999.999999 999.999 9.999 99.999 9.999
end_time of measurement, days from the file reference point
pm10_mass, ug/m3, Matrix=pm10
numflag pm10_mass, no unit, Matrix=pm10
pm25_mass, ug/m3, Matrix=pm25
numflag pm25_mass, no unit, Matrix=pm25
0
33
Data definition:              EBAS_1.1
Set type code:                TU
Timezone:                     UTC
File name:                    US0096R.20100102070000.20191216000000.filterpack...52w.3d.US03L_filterpack_US0096.US03L_IMPROVE_Davis.lev2.nas
File creation:                20191218120155
Startdate:                    20100102070000
Revision date:                20191216000000
Version:                      2
Version description:          "Data extracted from http://views.cira.colostate.edu/fed/DataWizard 2019-12-16"
Statistics:                   arithmetic mean
Data level:                   2
Period code:                  52w
Resolution code:              3d
Sample duration:              1d
Orig. time res.:              3d
Station code:                 US0096R
Platform code:                US0096S
Station name:                 Queen Valley
Station latitude:             33.2939
Station longitude:            -111.2858
Station altitude:             661.0 m
Regime:                       IMG
Component:                    
Unit:                         ug/m3
Matrix:                       
Laboratory code:              US03L
Instrument type:              filterpack
Instrument name:              filterpack_US0096
Method ref:                   US03L_IMPROVE_Davis
Blank correction:             Blank corrected
Volume std. temperature:      ambient
Volume std. pressure:         ambient
starttime endtime PM10 flag_PM10 PM2.5 flag_PM2.5
  1.291667   2.291667   8.661 0.000  2.114 0.000
  4.291667   5.291667   5.416 0.000  1.964 0.000
  7.291667   8.291667  11.820 0.000  3.232 0.000
 10.291667  11.291667   6.898 0.000  2.599 0.000
 13.291667  14.291667   5.942 0.000  2.242 0.000
 16.291667  17.291667  10.095 0.000  2.655 0.000
 19.291667  20.291667   3.190 0.000  1.248 0.000
 22.291667  23.291667 999.999 0.999 99.999 0.999
 25.291667  26.291667 999.999 0.999 99.999 0.999
 28.291667  29.291667   3.100 0.000  2.365 0.000
 31.291667  32.291667   4.523 0.000  2.859 0.000
 34.291667  35.291667  46.601 0.000  3.803 0.000
 37.291667  38.291667  12.774 0.000  2.391 0.000
 40.291667  41.291667   5.237 0.000  2.365 0.000
 43.291667  44.291667   7.303 0.000  2.966 0.000
 46.291667  47.291667   7.077 0.000  2.436 0.000
 49.291667  50.291667  15.428 0.000  3.507 0.000
 52.291667  53.291667   1.997 0.000  0.938 0.000
 55.291667  56.291667   6.896 0.000  2.887 0.000
 58.291667  59.291667   1.751 0.000  0.632 0.000
 61.291667  62.291667   5.094 0.000  2.566 0.000
 64.291667  65.291667  18.933 0.000  3.489 0.000
 67.291667  68.291667   5.461 0.000  2.432 0.000
 70.291667  71.291667   7.471 0.000  3.190 0.000
 73.291667  74.291667   3.473 0.000  1.397 0.000
 76.291667  77.291667 999.999 0.999 99.999 0.999
 79.291667  80.291667 999.999 0.999 99.999 0.999
 82.291667  83.291667   7.549 0.000  3.864 0.000
 85.291667  86.291667   9.243 0.000  2.930 0.000
 88.291667  89.291667  10.832 0.000  4.585 0.000
 91.291667  92.291667   9.081 0.000  2.920 0.000
 94.291667  95.291667  19.084 0.000  6.319 0.000
 97.291667  98.291667   9.713 0.000  2.952 0.000
100.291667 101.291667  11.959 0.000  3.747 0.000
103.291667 104.291667  16.878 0.000  5.126 0.000
106.291667 107.291667  18.018 0.000  6.147 0.000
109.291667 110.291667  13.940 0.000  4.281 0.000
112.291667 113.291667   6.322 0.000  1.683 0.000
115.291667 116.291667  12.619 0.000  5.170 0.000
118.291667 119.291667  22.167 0.000  5.480 0.000
121.291667 122.291667  12.602 0.000  3.433 0.000
124.291667 125.291667  14.181 0.000  4.463 0.000
127.291667 128.291667  10.818 0.000  4.196 0.000
130.291667 131.291667  14.960 0.000  4.197 0.000
133.291667 134.291667  10.334 0.000  3.497 0.000
136.291667 137.291667  12.208 0.000  5.721 0.000
139.291667 140.291667  12.687 0.000  4.051 0.000
142.291667 143.291667  29.217 0.000  6.879 0.000
145.291667 146.291667  17.740 0.000  5.106 0.000
148.291667 149.291667  12.028 0.000  3.201 0.000
151.291667 152.291667  10.496 0.000  3.341 0.000
154.291667 155.291667  14.045 0.000  5.576 0.000
157.291667 158.291667  12.051 0.000  3.875 0.000
160.291667 161.291667  19.258 0.000  4.434 0.000
163.291667 164.291667  13.725 0.000  4.508 0.000
166.291667 167.291667  17.906 0.000  5.235 0.000
169.291667 170.291667   9.042 0.000  2.576 0.000
172.291667 173.291667   7.656 0.000  3.128 0.000
175.291667 176.291667 999.999 0.456  4.379 0.000
178.291667 179.291667 999.999 0.456  4.092 0.000
181.291667 182.291667  12.013 0.000  3.408 0.000
184.291667 185.291667  23.773 0.000  6.746 0.000
187.291667 188.291667  21.181 0.000  5.116 0.000
190.291667 191.291667  12.249 0.000  3.855 0.000
193.291667 194.291667  17.735 0.000  5.457 0.000
196.291667 197.291667  16.061 0.000  4.518 0.000
199.291667 200.291667  16.544 0.000  5.661 0.000
202.291667 203.291667   8.705 0.000  4.766 0.000
205.291667 206.291667   6.287 0.000  3.441 0.000
208.291667 209.291667   9.791 0.000  3.781 0.000
211.291667 212.291667   6.921 0.000  2.214 0.000
214.291667 215.291667   9.054 0.000  3.350 0.000
217.291667 218.291667  14.471 0.000  3.541 0.000
220.291667 221.291667  10.551 0.000  4.142 0.000
223.291667 224.291667  13.734 0.000  4.810 0.000
226.291667 227.291667  18.232 0.000  5.616 0.000
229.291667 230.291667  10.055 0.000  4.102 0.000
232.291667 233.291667  24.483 0.000  6.132 0.000
235.291667 236.291667   6.128 0.000  2.439 0.000
238.291667 239.291667   6.364 0.000  3.148 0.000
241.291667 242.291667  10.618 0.000  3.988 0.000
244.291667 245.291667  11.804 0.000  4.351 0.000
247.291667 248.291667  12.563 0.000  3.990 0.000
250.291667 251.291667  12.221 0.000  3.809 0.000
253.291667 254.291667  10.542 0.000  3.094 0.000
256.291667 257.291667  11.423 0.000  4.369 0.000
259.291667 260.291667   8.407 0.000  2.821 0.000
262.291667 263.291667  10.409 0.000 99.999 0.456
265.291667 266.291667   8.215 0.000  2.506 0.000
268.291667 269.291667   8.539 0.000  3.720 0.000
271.291667 272.291667  15.505 0.000  5.288 0.000
274.291667 275.291667  17.222 0.000  4.492 0.000
277.291667 278.291667   5.286 0.000  3.011 0.000
280.291667 281.291667   8.944 0.000  3.426 0.000
283.291667 284.291667   7.030 0.000  2.988 0.000
286.291667 287.291667 999.999 0.999 99.999 0.999
289.291667 290.291667 999.999 0.999 99.999 0.999
292.291667 293.291667  11.536 0.000  3.348 0.000
295.291667 296.291667   7.205 0.000  3.073 0.000
298.291667 299.291667  10.127 0.000  2.089 0.000
301.291667 302.291667  17.868 0.000  3.864 0.000
304.291667 305.291667   7.983 0.000  2.337 0.000
307.291667 308.291667  15.210 0.000  3.193 0.000
310.291667 311.291667  13.652 0.000  3.601 0.000
313.291667 314.291667  11.091 0.000  2.734 0.000
316.291667 317.291667  11.625 0.000  3.914 0.000
319.291667 320.291667   9.658 0.000  2.441 0.000
322.291667 323.291667  13.083 0.000  3.386 0.000
325.291667 326.291667   7.878 0.000  2.043 0.000
328.291667 329.291667   5.240 0.000  1.831 0.000
331.291667 332.291667  12.541 0.000  2.542 0.000
334.291667 335.291667   5.688 0.000  2.190 0.000
337.291667 338.291667  14.052 0.000  4.156 0.000
340.291667 341.291667  13.665 0.000  4.310 0.000
343.291667 344.291667  18.150 0.000  4.676 0.000
346.291667 347.291667   6.200 0.000  1.743 0.000
349.291667 350.291667  11.131 0.000  2.909 0.000
352.291667 353.291667   3.858 0.000  1.663 0.000
355.291667 356.291667   8.901 0.000  3.121 0.000
358.291667 359.291667   5.311 0.000  1.772 0.000
361.291667 362.291667   9.083 0.000  5.048 0.000
364.291667 365.291667   3.694 0.000  1.180 0.000
