scripts/IMPROVE-2019_partial/data/US0062R.20000101070000.20191216000000.filterpack..pm25.52w.1w.US03L_filterpack_US0062.US03L_IMPROVE_Davis.lev2.nas
64 1001
MISSING INFORMATION
US03L, IMPROVE, , , , , , , 
MISSING INFORMATION
IMPROVE sel_HTAP
1 1
2000 01 01 2019 12 16
0
days from file reference point
25
1 1 1 1 1 1 1 1 1 1 1 1 1 1 1 1 1 1 1 1 1 1 1 1 1
999.999999 9999.99 9.999999 99.99 9.999999 9.999 9.999999 99.99 9.999999999 9.999 9.999999 999.999 9.999 999.999 9.999 999.999 9.999 99.999 9.999 999.999 9.999 9.999 9.999999 9.999 9.999999
end_time of measurement, days from the file reference point
iron, ng/m3, Revision date=20181210133000
numflag iron, no unit, Revision date=20181210133000
lead, ng/m3, Revision date=20181210133000
numflag lead, no unit, Revision date=20181210133000
magnesium, ug/m3, Revision date=20181210133000
numflag magnesium, no unit, Revision date=20181210133000
nickel, ng/m3, Revision date=20181210133000
numflag nickel, no unit, Revision date=20181210133000
nitrate, ug N/m3, Revision date=20181210133000
numflag nitrate, no unit, Revision date=20181210133000
organic_carbon, ug C/m3, Revision date=20181210133000
numflag organic_carbon, no unit, Revision date=20181210133000
organic_mass, ug/m3, Revision date=20181210133000
numflag organic_mass, no unit, Revision date=20181210133000
pm10_mass, ug/m3, Version=2, Version description=Data extracted from http://views.cira.colostate.edu/fed/DataWizard 2019-12-16, Sample duration=1d, Orig. time res.=3d, Matrix=pm10, Blank correction=Blank corrected, Volume std. temperature=ambient, Volume std. pressure=ambient
numflag pm10_mass, no unit, Version=2, Version description=Data extracted from http://views.cira.colostate.edu/fed/DataWizard 2019-12-16, Sample duration=1d, Orig. time res.=3d, Matrix=pm10, Blank correction=Blank corrected, Volume std. temperature=ambient, Volume std. pressure=ambient
pm10_pm25_mass, ug/m3, Revision date=20181210133000, Matrix=pm10_pm25
numflag pm10_pm25_mass, no unit, Revision date=20181210133000, Matrix=pm10_pm25
pm25_mass, ug/m3, Version=2, Version description=Data extracted from http://views.cira.colostate.edu/fed/DataWizard 2019-12-16, Sample duration=1d, Orig. time res.=3d, Blank correction=Blank corrected, Volume std. temperature=ambient, Volume std. pressure=ambient
numflag pm25_mass, no unit, Version=2, Version description=Data extracted from http://views.cira.colostate.edu/fed/DataWizard 2019-12-16, Sample duration=1d, Orig. time res.=3d, Blank correction=Blank corrected, Volume std. temperature=ambient, Volume std. pressure=ambient
potassium, ug/m3, Revision date=20181210133000
numflag potassium, no unit, Revision date=20181210133000
sulphate_total, ug S/m3, Revision date=20181210133000
numflag sulphate_total, no unit, Revision date=20181210133000
0
25
Data definition:              EBAS_1.1
Set type code:                TI
Timezone:                     UTC
File name:                    US0062R.20000101070000.20191216000000.filterpack..pm25.52w.1w.US03L_filterpack_US0062.US03L_IMPROVE_Davis.lev2.nas
File creation:                20191218115924
Startdate:                    20000101070000
Revision date:                20191216000000
Statistics:                   arithmetic mean
Data level:                   2
Period code:                  52w
Resolution code:              1w
Station code:                 US0062R
Platform code:                US0062S
Station name:                 Bandelier NM
Station latitude:             35.7797
Station longitude:            -106.2664
Station altitude:             1988.0 m
Regime:                       IMG
Component:                    
Matrix:                       pm25
Laboratory code:              US03L
Instrument type:              filterpack
Instrument name:              filterpack_US0062
Method ref:                   US03L_IMPROVE_Davis
starttime endtime Fe flag_Fe Pb flag_Pb Mg++ flag_Mg++ Ni flag_Ni NO3- flag_NO3- OC flag_OC OM flag_OM PM10 flag_PM10 PM10-PM2.5 flag_PM10-PM2.5 PM2.5 flag_PM2.5 K+ flag_K+ SO4-- flag_SO4--
[from data line 80]
273.291667 274.291667    5.96 0.000000  0.37 0.000000 9.999 0.259000 99.99 0.259000000 0.009 0.559000   0.488 0.000   0.683 0.000   2.935 0.000  0.933 0.000   2.002 0.000 0.010 0.000000 0.350 0.559000
276.291667 277.291667   15.62 0.000000  0.31 0.000000 9.999 0.259000 99.99 0.259000000 0.015 0.559000   0.492 0.000   0.689 0.000   5.072 0.000  2.476 0.000   2.597 0.000 0.016 0.000000 0.410 0.559000
279.291667 280.291667   18.09 0.000000  0.35 0.000000 9.999 0.259000 99.99 0.259000000 0.150 0.000000   0.678 0.000   0.949 0.000   5.465 0.000  2.462 0.000   3.003 0.000 0.025 0.000000 0.384 0.000000
282.291667 283.291667    6.41 0.000000  0.23 0.000000 9.999 0.259000 99.99 0.259000000 0.336 0.000000   0.590 0.000   0.827 0.000   3.041 0.000  0.250 0.000   2.790 0.000 0.010 0.000000 0.343 0.000000
285.291667 286.291667    4.64 0.000000 99.99 0.259000 9.999 0.259000 99.99 0.259000000 0.018 0.000000   0.560 0.000   0.783 0.000   1.027 0.000  0.152 0.000   0.876 0.000 0.009 0.000000 0.079 0.000000
288.291667 289.291667   10.18 0.000000  0.64 0.000000 0.019 0.000000 99.99 0.259000000 0.031 0.000000   0.717 0.000   1.004 0.000   3.575 0.000  1.129 0.000   2.446 0.000 0.019 0.000000 0.288 0.000000
291.291667 292.291667   17.84 0.000000  0.29 0.000000 9.999 0.259000 99.99 0.259000000 0.021 0.000000   0.645 0.000   0.902 0.000   4.356 0.000  1.366 0.000   2.990 0.000 0.020 0.000000 0.388 0.000000
294.291667 295.291667   17.86 0.000000  0.49 0.000000 9.999 0.259000 99.99 0.259000000 0.037 0.000000   0.623 0.000   0.872 0.000   4.643 0.000  1.765 0.000   2.878 0.000 0.022 0.000000 0.337 0.000000
297.291667 298.291667   14.41 0.000000  0.22 0.000000 9.999 0.259000 99.99 0.259000000 0.034 0.000000   0.545 0.000   0.764 0.000   2.457 0.000  1.111 0.000   1.347 0.000 0.014 0.000000 0.113 0.000000
300.291667 301.291667   18.21 0.000000  0.60 0.000000 9.999 0.259000 99.99 0.259000000 0.048 0.000000   0.811 0.000   1.136 0.000   5.424 0.000  1.389 0.000   4.035 0.000 0.018 0.000000 0.587 0.000000
303.291667 304.291667    8.55 0.000000  0.31 0.000000 9.999 0.259000 99.99 0.259000000 0.129 0.000000   0.669 0.000   0.936 0.000   3.348 0.000  0.801 0.000   2.547 0.000 0.009 0.000000 0.340 0.000000
306.291667 307.291667    9.54 0.000000  0.22 0.000000 9.999 0.259000 99.99 0.259000000 0.021 0.000000   0.340 0.000   0.475 0.000   2.563 0.000  0.615 0.000   1.948 0.000 0.010 0.000000 0.242 0.000000
309.291667 310.291667    4.81 0.000000  0.22 0.000000 9.999 0.259000 99.99 0.259000000 0.038 0.000000   0.227 0.000   0.318 0.000   1.323 0.000  0.286 0.000   1.037 0.000 0.008 0.000000 0.128 0.000000
312.291667 313.291667    4.22 0.000000  0.31 0.000000 9.999 0.259000 99.99 0.259000000 0.038 0.000000   0.362 0.000   0.507 0.000   2.495 0.000  0.445 0.000   2.050 0.000 0.011 0.000000 0.261 0.000000
315.291667 316.291667    4.49 0.000000 99.99 0.259000 9.999 0.259000 99.99 0.259000000 0.034 0.000000   0.167 0.000   0.233 0.000   1.414 0.000  0.348 0.000   1.066 0.000 0.011 0.000000 0.130 0.000000
318.291667 319.291667   12.72 0.000000  0.46 0.000000 0.020 0.000000 99.99 0.259000000 0.124 0.000000   0.832 0.000   1.164 0.000   3.782 0.000  1.216 0.000   2.566 0.000 0.025 0.000000 0.186 0.000000
321.291667 322.291667   12.96 0.000000  0.45 0.000000 9.999 0.259000 99.99 0.259000000 0.042 0.000000   0.477 0.000   0.668 0.000   2.869 0.000  0.973 0.000   1.897 0.000 0.018 0.000000 0.188 0.000000
324.291667 325.291667   11.82 0.000000  0.32 0.000000 9.999 0.259000 99.99 0.259000000 0.055 0.000000   0.637 0.000   0.892 0.000   3.720 0.000  1.395 0.000   2.325 0.000 0.018 0.000000 0.192 0.000000
327.291667 328.291667    7.12 0.000000  0.50 0.000000 9.999 0.259000 99.99 0.259000000 0.029 0.000000   0.570 0.000   0.799 0.000   2.563 0.000  0.827 0.000   1.736 0.000 0.014 0.000000 0.148 0.000000
330.291667 331.291667    8.48 0.000000  0.33 0.000000 9.999 0.259000 99.99 0.259000000 0.053 0.000000   0.566 0.000   0.793 0.000   2.828 0.000  0.421 0.000   2.406 0.000 0.012 0.000000 0.236 0.000000
333.291667 334.291667   15.96 0.000000  0.50 0.000000 9.999 0.259000 99.99 0.259000000 0.254 0.000000   0.702 0.000   0.983 0.000   5.332 0.000  2.787 0.000   2.545 0.000 0.020 0.000000 0.163 0.000000
336.291667 337.291667   28.11 0.000000  0.32 0.000000 9.999 0.259000 99.99 0.259000000 0.131 0.000000   0.545 0.000   0.763 0.000  11.643 0.000  9.024 0.000   2.619 0.000 0.024 0.000000 0.143 0.000000
339.291667 340.291667   15.96 0.000000  0.65 0.000000 9.999 0.259000 99.99 0.259000000 0.148 0.000000   0.651 0.000   0.911 0.000   5.337 0.000  2.505 0.000   2.832 0.000 0.017 0.000000 0.215 0.000000
342.291667 343.291667   13.85 0.000000  0.50 0.000000 9.999 0.259000 99.99 0.259000000 0.102 0.000000   0.422 0.000   0.591 0.000   5.291 0.000  3.744 0.000   1.547 0.000 0.014 0.000000 0.129 0.000000
345.291667 346.291667   10.56 0.000000  0.58 0.000000 0.020 0.000000 99.99 0.259000000 0.079 0.000000   0.443 0.000   0.620 0.000   3.762 0.000  0.934 0.000   2.828 0.000 0.022 0.000000 0.347 0.000000
348.291667 349.291667   33.31 0.000000  0.29 0.000000 9.999 0.259000 99.99 0.259000000 0.047 0.000000   0.414 0.000   0.580 0.000   5.281 0.000  2.936 0.000   2.345 0.000 0.025 0.000000 0.142 0.000000
351.291667 352.291667   14.04 0.000000  0.27 0.000000 9.999 0.259000 99.99 0.259000000 0.047 0.000000   0.537 0.000   0.752 0.000   5.572 0.000  4.120 0.000   1.452 0.000 0.014 0.000000 0.102 0.000000
354.291667 355.291667    9.93 0.000000  0.36 0.000000 9.999 0.259000 99.99 0.259000000 0.031 0.000000   0.301 0.000   0.422 0.000   3.285 0.000  2.158 0.000   1.127 0.000 0.011 0.000000 0.108 0.000000
357.291667 358.291667   23.27 0.000000  0.61 0.000000 9.999 0.259000 99.99 0.259000000 0.081 0.000000   0.696 0.000   0.974 0.000   5.580 0.000  3.150 0.000   2.431 0.000 0.023 0.000000 0.137 0.000000
360.291667 361.291667    5.59 0.000000 99.99 0.259000 9.999 0.259000 99.99 0.259000000 0.165 0.000000   0.596 0.000   0.834 0.000   3.958 0.000  0.520 0.000   3.439 0.000 0.007 0.000000 0.463 0.000000
363.291667 364.291667   10.66 0.000000  0.22 0.000000 9.999 0.259000 99.99 0.259000000 0.270 0.000000   0.616 0.000   0.863 0.000   6.154 0.000  3.738 0.000   2.417 0.000 0.013 0.000000 0.206 0.000000
