scripts/IMPROVE-2019_partial/data/US0064R.20030103080000.20191216000000.filterpack..pm25.1y.1w.US03L_filterpack_US0064.US03L_IMPROVE_Davis.lev2.nas
66 1001
MISSING INFORMATION
US03L, IMPROVE, , , , , , , 
MISSING INFORMATION
IMPROVE sel_HTAP
1 1
2003 01 01 2019 12 16
3.000000
days from file reference point
27
1 1 1 1 1 1 1 1 1 1 1 1 1 1 1 1 1 1 1 1 1 1 1 1 1 1 1
999.999999 9999.99 9.999 99.99 9.999 9.999 9.999999 99.99 9.999999 9.999 9.999999 99.999 9.999 99.999 9.999 99.99 9.999999 999.999 9.999 999.999 9.999 999.999 9.999 9.999 9.999 9.999 9.999999
end_time of measurement, days from the file reference point
iron, ng/m3, Revision date=20181210133000
numflag iron, no unit, Revision date=20181210133000
lead, ng/m3, Revision date=20181210133000
numflag lead, no unit, Revision date=20181210133000
magnesium, ug/m3, Revision date=20181210133000
numflag magnesium, no unit, Revision date=20181210133000
nickel, ng/m3, Revision date=20181210133000
numflag nickel, no unit, Revision date=20181210133000
nitrate, ug N/m3, Revision date=20181210133000
numflag nitrate, no unit, Revision date=20181210133000
organic_carbon, ug C/m3, Revision date=20181210133000
numflag organic_carbon, no unit, Revision date=20181210133000
organic_mass, ug/m3, Revision date=20181210133000
numflag organic_mass, no unit, Revision date=20181210133000
phosphorus, ng/m3, Revision date=20181210133000
numflag phosphorus, no unit, Revision date=20181210133000
pm10_mass, ug/m3, Version=2, Version description=Data extracted from http://views.cira.colostate.edu/fed/DataWizard 2019-12-16, Sample duration=1d, Orig. time res.=3d, Matrix=pm10, Blank correction=Blank corrected, Volume std. temperature=ambient, Volume std. pressure=ambient
numflag pm10_mass, no unit, Version=2, Version description=Data extracted from http://views.cira.colostate.edu/fed/DataWizard 2019-12-16, Sample duration=1d, Orig. time res.=3d, Matrix=pm10, Blank correction=Blank corrected, Volume std. temperature=ambient, Volume std. pressure=ambient
pm10_pm25_mass, ug/m3, Revision date=20181210133000, Matrix=pm10_pm25
numflag pm10_pm25_mass, no unit, Revision date=20181210133000, Matrix=pm10_pm25
pm25_mass, ug/m3, Version=2, Version description=Data extracted from http://views.cira.colostate.edu/fed/DataWizard 2019-12-16, Sample duration=1d, Orig. time res.=3d, Blank correction=Blank corrected, Volume std. temperature=ambient, Volume std. pressure=ambient
numflag pm25_mass, no unit, Version=2, Version description=Data extracted from http://views.cira.colostate.edu/fed/DataWizard 2019-12-16, Sample duration=1d, Orig. time res.=3d, Blank correction=Blank corrected, Volume std. temperature=ambient, Volume std. pressure=ambient
potassium, ug/m3, Revision date=20181210133000
numflag potassium, no unit, Revision date=20181210133000
sulphate_total, ug S/m3, Revision date=20181210133000
numflag sulphate_total, no unit, Revision date=20181210133000
0
25
Data definition:              EBAS_1.1
Set type code:                TU
Timezone:                     UTC
File name:                    US0064R.20030103080000.20191216000000.filterpack..pm25.1y.1w.US03L_filterpack_US0064.US03L_IMPROVE_Davis.lev2.nas
File creation:                20191218115937
Startdate:                    20030103080000
Revision date:                20191216000000
Statistics:                   arithmetic mean
Data level:                   2
Period code:                  1y
Resolution code:              1w
Station code:                 US0064R
Platform code:                US0064S
Station name:                 Jarbidge Wilderness
Station latitude:             41.8926
Station longitude:            -115.4261
Station altitude:             1869.0 m
Regime:                       IMG
Component:                    
Matrix:                       pm25
Laboratory code:              US03L
Instrument type:              filterpack
Instrument name:              filterpack_US0064
Method ref:                   US03L_IMPROVE_Davis
starttime endtime Fe flag_Fe Pb flag_Pb Mg++ flag_Mg++ Ni flag_Ni NO3- flag_NO3- OC flag_OC OM flag_OM P flag_P PM10 flag_PM10 PM10-PM2.5 flag_PM10-PM2.5 PM2.5 flag_PM2.5 K+ flag_K+ SO4-- flag_SO4--
[from data line 79]
239.333333 240.333333   33.91 0.000  0.27 0.000 9.999 0.259000  0.07 0.000000 0.012 0.559000  0.852 0.000  1.192 0.000 99.99 0.259000   6.904 0.000   3.213 0.000   3.691 0.000 0.037 0.000 0.189 0.559000
242.333333 243.333333   70.37 0.000  0.45 0.000 9.999 0.259000 99.99 0.259000 0.014 0.559000  1.516 0.000  2.123 0.000 99.99 0.259000  13.521 0.000   7.889 0.000   5.632 0.000 0.083 0.000 0.106 0.559000
245.333333 246.333333 9999.99 0.456 99.99 0.456 9.999 0.456000 99.99 0.456000 0.014 0.559000  1.612 0.000  2.257 0.000 99.99 0.456000  10.417 0.000 999.999 0.999 999.999 0.456 9.999 0.456 0.178 0.559000
248.333333 249.333333   38.64 0.000  0.14 0.000 9.999 0.259000 99.99 0.259000 0.012 0.559000  0.637 0.000  0.891 0.000 99.99 0.259000   6.168 0.000   3.359 0.000   2.809 0.000 0.034 0.000 0.139 0.559000
251.333333 252.333333   10.11 0.000  0.24 0.000 9.999 0.259000  0.08 0.000000 0.006 0.559000  0.807 0.000  1.130 0.000 99.99 0.259000   3.239 0.000   2.074 0.000   1.165 0.000 0.012 0.000 0.063 0.559000
254.333333 255.333333   17.72 0.000  0.23 0.000 9.999 0.259000  0.05 0.000000 0.008 0.559000  0.615 0.000  0.862 0.000 99.99 0.259000   4.534 0.000   2.488 0.000   2.046 0.000 0.016 0.000 0.071 0.559000
257.333333 258.333333   28.27 0.000  0.28 0.000 9.999 0.259000  0.05 0.000000 0.017 0.559000  1.974 0.000  2.764 0.000 99.99 0.259000   8.007 0.000   3.356 0.000   4.651 0.000 0.035 0.000 0.099 0.559000
260.333333 261.333333    9.84 0.000  0.13 0.000 9.999 0.259000 99.99 0.259000 0.004 0.559000  0.146 0.000  0.205 0.000 99.99 0.259000   1.464 0.000   0.565 0.000   0.899 0.000 0.011 0.000 0.032 0.559000
263.333333 264.333333   51.45 0.000  0.83 0.000 9.999 0.259000 99.99 0.259000 0.010 0.559000  0.219 0.000  0.307 0.000 99.99 0.259000   7.195 0.000   4.405 0.000   2.790 0.000 0.054 0.000 0.147 0.559000
266.333333 267.333333   46.58 0.000  0.47 0.000 9.999 0.259000  0.06 0.000000 0.011 0.559000  0.651 0.000  0.912 0.000 99.99 0.259000  20.667 0.000  17.758 0.000   2.909 0.000 0.067 0.000 0.085 0.559000
269.333333 270.333333   51.20 0.000  0.16 0.000 9.999 0.259000 99.99 0.259000 0.004 0.559000  0.363 0.000  0.509 0.000 99.99 0.259000   8.067 0.000   5.933 0.000   2.134 0.000 0.055 0.000 0.037 0.559000
272.333333 273.333333  108.34 0.000  0.61 0.000 9.999 0.259000  1.84 0.000000 0.009 0.559000  1.397 0.000  1.956 0.000 99.99 0.259000  15.862 0.000   8.693 0.000   7.170 0.000 0.118 0.000 0.133 0.559000
275.333333 276.333333   14.03 0.000  0.20 0.000 9.999 0.259000 99.99 0.259000 0.011 0.000000  0.616 0.000  0.863 0.000 99.99 0.259000   6.097 0.000   3.594 0.000   2.502 0.000 0.018 0.000 0.160 0.000000
278.333333 279.333333   26.37 0.000  0.44 0.000 0.018 0.000000 99.99 0.259000 0.008 0.000000  0.767 0.000  1.074 0.000 99.99 0.259000   7.149 0.000   4.214 0.000   2.935 0.000 0.030 0.000 0.150 0.000000
281.333333 282.333333   62.37 0.000  0.28 0.000 0.021 0.000000  0.06 0.000000 0.026 0.000000  0.417 0.000  0.584 0.000 99.99 0.259000  14.973 0.000  11.758 0.000   3.215 0.000 0.048 0.000 0.079 0.000000
284.333333 285.333333   41.87 0.000  0.20 0.000 0.022 0.000000 99.99 0.259000 0.014 0.000000  0.126 0.000  0.177 0.000 99.99 0.259000   8.501 0.000   6.645 0.000   1.856 0.000 0.038 0.000 0.056 0.000000
287.333333 288.333333   36.21 0.000  0.39 0.000 9.999 0.259000 99.99 0.259000 0.010 0.000000  0.276 0.000  0.386 0.000 99.99 0.259000   6.904 0.000   4.937 0.000   1.967 0.000 0.031 0.000 0.093 0.000000
290.333333 291.333333   53.18 0.000  0.58 0.000 0.021 0.000000  0.03 0.000000 0.024 0.000000  0.951 0.000  1.332 0.000 99.99 0.259000  10.337 0.000   6.151 0.000   4.186 0.000 0.062 0.000 0.164 0.000000
293.333333 294.333333   42.06 0.559  0.52 0.559 0.021 0.559000  1.23 0.559000 0.013 0.000000  0.407 0.000  0.570 0.000 99.99 0.559259   7.542 0.000   4.510 0.000   3.032 0.559 0.039 0.559 0.089 0.000000
296.333333 297.333333   63.58 0.000  0.31 0.000 9.999 0.259000 99.99 0.259000 0.009 0.000000  0.285 0.000  0.399 0.000 99.99 0.259000  11.079 0.000   7.976 0.000   3.103 0.000 0.057 0.000 0.076 0.000000
299.333333 300.333333   32.49 0.000  0.13 0.000 9.999 0.259000  0.04 0.000000 0.003 0.000000  0.299 0.000  0.419 0.000 99.99 0.259000   5.707 0.000   3.897 0.000   1.810 0.000 0.030 0.000 0.029 0.000000
302.333333 303.333333   34.09 0.000  0.22 0.000 9.999 0.259000  0.07 0.000000 0.052 0.000000  0.207 0.000  0.290 0.000 99.99 0.259000   7.809 0.000   5.780 0.000   2.028 0.000 0.036 0.000 0.077 0.000000
305.333333 306.333333   16.21 0.000  0.23 0.000 9.999 0.259000 99.99 0.259000 0.059 0.000000  0.313 0.000  0.439 0.000 99.99 0.259000   4.820 0.000   3.218 0.000   1.603 0.000 0.017 0.000 0.100 0.000000
308.333333 309.333333    3.03 0.000  0.16 0.000 0.024 0.000000  0.09 0.000000 0.005 0.000000  0.455 0.000  0.637 0.000 99.99 0.259000   2.002 0.000   0.671 0.000   1.331 0.000 0.007 0.000 0.091 0.000000
311.333333 312.333333    7.45 0.000  0.51 0.000 0.029 0.000000  0.04 0.000000 0.031 0.000000  0.474 0.000  0.663 0.000 99.99 0.259000   2.274 0.000   0.672 0.000   1.603 0.000 0.013 0.000 0.096 0.000000
314.333333 315.333333    6.88 0.000  0.57 0.000 9.999 0.259000 99.99 0.259000 0.010 0.000000  0.336 0.000  0.471 0.000 99.99 0.259000   2.093 0.000   0.879 0.000   1.214 0.000 0.011 0.000 0.075 0.000000
317.333333 318.333333   13.99 0.000  0.53 0.000 9.999 0.259000  0.08 0.000000 0.067 0.000000  1.330 0.000  1.862 0.000 99.99 0.259000   4.673 0.000   1.442 0.000   3.230 0.000 0.027 0.000 0.137 0.000000
320.333333 321.333333    3.78 0.559  0.11 0.559 0.021 0.559000  0.07 0.559000 0.008 0.000000  0.130 0.000  0.182 0.000 99.99 0.559259   2.124 0.000   1.586 0.000   0.538 0.559 0.005 0.559 0.021 0.000000
323.333333 324.333333    6.51 0.000  0.14 0.000 9.999 0.259000 99.99 0.259000 0.029 0.000000  0.284 0.000  0.398 0.000 99.99 0.259000   2.649 0.000   1.749 0.000   0.901 0.000 0.007 0.000 0.044 0.000000
326.333333 327.333333    3.19 0.000  0.32 0.000 9.999 0.259000  0.07 0.000000 0.038 0.559000  0.154 0.000  0.215 0.000 99.99 0.259000   0.559 0.000 999.999 0.259   0.746 0.000 0.005 0.000 0.078 0.559000
329.333333 330.333333    3.82 0.000  0.12 0.000 0.023 0.000000 99.99 0.259000 0.006 0.000000  0.214 0.000  0.299 0.000 99.99 0.259000 999.999 0.999 999.999 0.999   0.755 0.000 0.005 0.000 0.030 0.000000
332.333333 333.333333    1.68 0.000  0.26 0.000 0.029 0.000000  0.08 0.000000 0.001 0.000000  0.183 0.000  0.256 0.000 99.99 0.259000 999.999 0.999 999.999 0.999   0.405 0.000 0.003 0.000 0.022 0.000000
335.333333 336.333333    5.58 0.559  0.21 0.559 0.026 0.559000 99.99 0.559259 0.011 0.559000  0.330 0.000  0.462 0.000 99.99 0.559259 999.999 0.999 999.999 0.999   0.970 0.559 0.006 0.559 0.044 0.559000
338.333333 339.333333    9.86 0.000  0.29 0.000 9.999 0.259000  0.07 0.000000 0.007 0.559000  0.180 0.000  0.252 0.000 99.99 0.259000 999.999 0.999 999.999 0.999   0.623 0.000 0.009 0.000 0.032 0.559000
341.333333 342.333333    1.12 0.000 99.99 0.259 0.023 0.000000 99.99 0.259000 0.002 0.000000  0.123 0.000  0.172 0.000 99.99 0.259000 999.999 0.999 999.999 0.999   0.146 0.000 0.002 0.000 0.007 0.000000
344.333333 345.333333    0.93 0.000  0.17 0.000 0.022 0.000000  0.06 0.000000 0.004 0.559000  0.286 0.000  0.401 0.000 99.99 0.259000 999.999 0.999 999.999 0.999   0.574 0.000 0.005 0.000 0.026 0.559000
347.333333 348.333333    2.75 0.000  0.29 0.000 9.999 0.259000  0.06 0.000000 0.007 0.000000  0.136 0.000  0.190 0.000 99.99 0.259000 999.999 0.999 999.999 0.999   0.407 0.000 0.003 0.000 0.025 0.000000
350.333333 351.333333    2.13 0.559  0.12 0.559 9.999 0.559259 99.99 0.559259 0.001 0.000000  0.130 0.000  0.182 0.000 99.99 0.559259 999.999 0.999 999.999 0.999   0.255 0.559 0.004 0.559 0.020 0.000000
353.333333 354.333333    2.91 0.000  0.28 0.000 9.999 0.259000 99.99 0.259000 0.004 0.000000  0.265 0.000  0.371 0.000 99.99 0.259000 999.999 0.999 999.999 0.999   0.412 0.000 0.004 0.000 0.019 0.000000
356.333333 357.333333   12.58 0.000  0.14 0.000 9.999 0.259000 99.99 0.259000 0.005 0.000000  0.207 0.000  0.290 0.000 99.99 0.259000 999.999 0.999 999.999 0.999   0.592 0.000 0.010 0.000 0.028 0.000000
359.333333 360.333333    3.66 0.000  0.15 0.000 9.999 0.259000  0.10 0.000000 0.015 0.000000  0.146 0.000  0.204 0.000 99.99 0.259000   1.056 0.000   0.607 0.000   0.449 0.000 0.003 0.000 0.029 0.000000
362.333333 363.333333    4.79 0.559  0.19 0.559 9.999 0.559259 99.99 0.559259 0.004 0.000000  0.215 0.000  0.301 0.000 99.99 0.559259   3.145 0.000   2.664 0.000   0.482 0.559 0.004 0.559 0.029 0.000000
