scripts/IMPROVE-2019_partial/data/US0067R.20050101060000.20191216000000.filterpack..pm25.52w.1w.US03L_filterpack_US0067.US03L_IMPROVE_Davis.lev2.nas
64 1001
MISSING INFORMATION
US03L, IMPROVE, , , , , , , 
MISSING INFORMATION
IMPROVE sel_HTAP
1 1
2005 01 01 2019 12 16
3.00
days from file reference point
25
1 1 1 1 1 1 1 1 1 1 1 1 1 1 1 1 1 1 1 1 1 1 1 1 1
999.99 9999.99 9.999 99.99 9.999 9.999 9.999999 9.99 9.999999 99.999 9.999 99.999 9.999 99.999 9.999 999.999 9.999 999.999 9.999 999.999 9.999 9.999 9.999 99.999 9.999
end_time of measurement, days from the file reference point
iron, ng/m3, Revision date=20181210133000
numflag iron, no unit, Revision date=20181210133000
lead, ng/m3, Revision date=20181210133000
numflag lead, no unit, Revision date=20181210133000
magnesium, ug/m3, Revision date=20181210133000
numflag magnesium, no unit, Revision date=20181210133000
nickel, ng/m3, Revision date=20181210133000
numflag nickel, no unit, Revision date=20181210133000
nitrate, ug N/m3, Revision date=20181210133000
numflag nitrate, no unit, Revision date=20181210133000
organic_carbon, ug C/m3, Revision date=20181210133000
numflag organic_carbon, no unit, Revision date=20181210133000
organic_mass, ug/m3, Revision date=20181210133000
numflag organic_mass, no unit, Revision date=20181210133000
pm10_mass, ug/m3, Version=2, Version description=Data extracted from http://views.cira.colostate.edu/fed/DataWizard 2019-12-16, Sample duration=1d, Orig. time res.=3d, Matrix=pm10, Blank correction=Blank corrected, Volume std. temperature=ambient, Volume std. pressure=ambient
numflag pm10_mass, no unit, Version=2, Version description=Data extracted from http://views.cira.colostate.edu/fed/DataWizard 2019-12-16, Sample duration=1d, Orig. time res.=3d, Matrix=pm10, Blank correction=Blank corrected, Volume std. temperature=ambient, Volume std. pressure=ambient
pm10_pm25_mass, ug/m3, Revision date=20181210133000, Matrix=pm10_pm25
numflag pm10_pm25_mass, no unit, Revision date=20181210133000, Matrix=pm10_pm25
pm25_mass, ug/m3, Version=2, Version description=Data extracted from http://views.cira.colostate.edu/fed/DataWizard 2019-12-16, Sample duration=1d, Orig. time res.=3d, Blank correction=Blank corrected, Volume std. temperature=ambient, Volume std. pressure=ambient
numflag pm25_mass, no unit, Version=2, Version description=Data extracted from http://views.cira.colostate.edu/fed/DataWizard 2019-12-16, Sample duration=1d, Orig. time res.=3d, Blank correction=Blank corrected, Volume std. temperature=ambient, Volume std. pressure=ambient
potassium, ug/m3, Revision date=20181210133000
numflag potassium, no unit, Revision date=20181210133000
sulphate_total, ug S/m3, Revision date=20181210133000
numflag sulphate_total, no unit, Revision date=20181210133000
0
25
Data definition:              EBAS_1.1
Set type code:                TU
Timezone:                     UTC
File name:                    US0067R.20050101060000.20191216000000.filterpack..pm25.52w.1w.US03L_filterpack_US0067.US03L_IMPROVE_Davis.lev2.nas
File creation:                20191218115949
Startdate:                    20050101060000
Revision date:                20191216000000
Statistics:                   arithmetic mean
Data level:                   2
Period code:                  52w
Resolution code:              1w
Station code:                 US0067R
Platform code:                US0067S
Station name:                 Ellis
Station latitude:             36.0853
Station longitude:            -99.9354
Station altitude:             697.0 m
Regime:                       IMG
Component:                    
Matrix:                       pm25
Laboratory code:              US03L
Instrument type:              filterpack
Instrument name:              filterpack_US0067
Method ref:                   US03L_IMPROVE_Davis
starttime endtime Fe flag_Fe Pb flag_Pb Mg++ flag_Mg++ Ni flag_Ni NO3- flag_NO3- OC flag_OC OM flag_OM PM10 flag_PM10 PM10-PM2.5 flag_PM10-PM2.5 PM2.5 flag_PM2.5 K+ flag_K+ SO4-- flag_SO4--
[from data line 92]
276.25 277.25   13.55 0.000  0.40 0.000 9.999 0.259000 0.55 0.000000  0.082 0.000  0.912 0.000  1.642 0.000  14.181 0.000   6.573 0.000   7.681 0.000 0.026 0.000  1.253 0.000
279.25 280.25   13.97 0.000  0.28 0.000 9.999 0.259000 9.99 0.259000  0.042 0.000  0.931 0.000  1.676 0.000   8.692 0.000   5.888 0.000   2.803 0.000 0.027 0.000  0.206 0.000
282.25 283.25   23.31 0.000  1.96 0.000 9.999 0.259000 9.99 0.259000  0.108 0.000  2.334 0.000  4.201 0.000  11.038 0.000   2.350 0.000   8.689 0.000 0.048 0.000  0.763 0.000
285.25 286.25   11.62 0.000  0.46 0.000 9.999 0.259000 9.99 0.259000  0.118 0.000  2.268 0.000  4.082 0.000   8.585 0.000   1.839 0.000   6.745 0.000 0.008 0.000  0.357 0.000
288.25 289.25   25.03 0.000  1.07 0.000 9.999 0.259000 9.99 0.259000  0.046 0.000  2.843 0.000  5.118 0.000  18.790 0.000   4.901 0.000  13.887 0.000 0.042 0.000  1.731 0.000
291.25 292.25   30.97 0.000  0.57 0.000 9.999 0.259000 0.20 0.000000  0.040 0.000  1.785 0.000  3.213 0.000  16.270 0.000   8.507 0.000   7.762 0.000 0.050 0.000  0.791 0.000
294.25 295.25   30.70 0.000  0.38 0.000 9.999 0.259000 9.99 0.259000  0.054 0.000  1.452 0.000  2.614 0.000   9.121 0.000   4.694 0.000   4.426 0.000 0.023 0.000  0.290 0.000
297.25 298.25 9999.99 0.456 99.99 0.456 9.999 0.456000 9.99 0.456000  0.053 0.000  1.246 0.000  2.243 0.000  12.560 0.000 999.999 0.456 999.999 0.456 9.999 0.456  0.326 0.000
300.25 301.25   25.30 0.000  0.65 0.000 9.999 0.259000 0.21 0.000000  0.098 0.000  1.866 0.000  3.359 0.000  13.821 0.000   5.642 0.000   8.178 0.000 0.044 0.000  0.719 0.000
303.25 304.25   19.26 0.000  0.45 0.000 9.999 0.259000 9.99 0.259000  0.024 0.559  0.767 0.000  1.380 0.000   8.162 0.000   5.492 0.000   2.671 0.000 0.019 0.000  0.218 0.559
306.25 307.25   40.80 0.000  1.40 0.000 9.999 0.259000 0.26 0.000000  0.015 0.000  0.756 0.000  1.361 0.000  15.638 0.000  10.437 0.000   5.200 0.000 0.035 0.000  0.555 0.000
309.25 310.25   27.64 0.000  0.29 0.000 9.999 0.259000 0.11 0.000000  0.038 0.000  0.553 0.000  0.996 0.000   6.703 0.000   4.513 0.000   2.189 0.000 0.014 0.000  0.116 0.000
312.25 313.25   47.53 0.000  0.43 0.000 9.999 0.259000 9.99 0.259000  0.014 0.000  0.758 0.000  1.364 0.000  16.349 0.000  13.605 0.000   2.744 0.000 0.031 0.000  0.109 0.000
315.25 316.25   28.66 0.000  0.60 0.000 9.999 0.259000 0.25 0.000000  0.029 0.000  0.766 0.000  1.378 0.000  15.038 0.000   9.977 0.000   5.061 0.000 0.026 0.000  0.710 0.000
318.25 319.25   33.49 0.000 99.99 0.259 9.999 0.259000 9.99 0.259000  0.057 0.000  0.754 0.000  1.358 0.000  24.196 0.000  21.384 0.000   2.814 0.000 0.022 0.000  0.207 0.000
321.25 322.25   33.11 0.000  0.39 0.000 9.999 0.259000 9.99 0.259000  0.172 0.000  0.648 0.000  1.166 0.000  10.632 0.000   7.968 0.000   2.662 0.000 0.024 0.000  0.162 0.000
324.25 325.25   29.35 0.000  0.27 0.000 9.999 0.259000 9.99 0.259000  0.062 0.000  0.521 0.000  0.939 0.000   6.300 0.000   4.500 0.000   1.800 0.000 0.015 0.000  0.107 0.000
327.25 328.25   50.73 0.000  0.35 0.000 9.999 0.259000 9.99 0.259000  0.089 0.000  0.620 0.000  1.116 0.000  11.996 0.000   9.041 0.000   2.954 0.000 0.031 0.000  0.134 0.000
330.25 331.25   16.17 0.000  0.38 0.000 9.999 0.259000 9.99 0.259000  0.118 0.000  0.664 0.000  1.196 0.000   6.929 0.000   3.338 0.000   3.590 0.000 0.028 0.000  0.342 0.000
333.25 334.25   40.82 0.000  0.51 0.000 9.999 0.259000 9.99 0.259000  0.059 0.000  0.572 0.000  1.030 0.000  17.561 0.000  14.682 0.000   2.879 0.000 0.033 0.000  0.163 0.000
336.25 337.25   46.89 0.000  1.85 0.000 0.007 0.000000 0.16 0.000000  1.091 0.000  1.416 0.000  2.549 0.000  21.764 0.000   9.452 0.000  12.313 0.000 0.047 0.000  0.601 0.000
339.25 340.25   28.21 0.000  1.49 0.000 9.999 0.259000 9.99 0.259000  0.246 0.000  0.669 0.000  1.203 0.000   9.417 0.000   4.465 0.000   4.952 0.000 0.032 0.000  0.409 0.000
342.25 343.25   24.46 0.000  0.67 0.000 0.009 0.000000 9.99 0.259000  0.262 0.000  0.902 0.000  1.623 0.000  16.316 0.000  10.172 0.000   6.143 0.000 0.032 0.000  0.261 0.000
345.25 346.25   22.18 0.000  0.56 0.000 9.999 0.259000 0.11 0.000000  0.148 0.000  0.449 0.000  0.808 0.000   6.316 0.000   4.455 0.000   1.860 0.000 0.012 0.000  0.104 0.000
348.25 349.25   37.50 0.000  0.28 0.000 0.007 0.000000 9.99 0.259000  0.058 0.000  0.291 0.000  0.524 0.000   9.622 0.000   7.731 0.000   1.891 0.000 0.016 0.000  0.081 0.000
351.25 352.25    7.06 0.000  1.20 0.000 9.999 0.259000 0.18 0.000000  0.704 0.000  0.606 0.000  1.091 0.000   9.118 0.000   0.906 0.000   8.211 0.000 0.014 0.000  0.684 0.000
354.25 355.25   11.80 0.000  0.87 0.000 9.999 0.259000 9.99 0.259000  0.322 0.000  1.885 0.000  3.392 0.000   6.893 0.000   1.296 0.000   5.595 0.000 0.006 0.000  0.221 0.000
357.25 358.25   13.97 0.000  0.15 0.000 9.999 0.259000 9.99 0.259000  0.015 0.000  0.255 0.000  0.460 0.000   4.325 0.000   3.684 0.000   0.641 0.000 0.006 0.000  0.036 0.000
360.25 361.25   22.66 0.000  0.25 0.000 9.999 0.259000 9.99 0.259000  0.029 0.000  0.521 0.000  0.938 0.000  13.736 0.000  12.067 0.000   1.667 0.000 0.016 0.000  0.116 0.000
363.25 364.25   18.89 0.000  0.26 0.000 9.999 0.259000 9.99 0.259000  0.013 0.000  0.261 0.000  0.470 0.000   6.538 0.000   5.768 0.000   0.771 0.000 0.013 0.000  0.039 0.000
