scripts/IMPROVE-2019_partial/data/US0093R.20080101070000.20191216000000.filterpack...52w.3d.US03L_filterpack_US0093.US03L_IMPROVE_Davis.lev2.nas
52 1001
MISSING INFORMATION
US03L, IMPROVE, , , , , , , 
MISSING INFORMATION
IMPROVE sel_HTAP
1 1
2008 01 01 2019 12 16
3.000000
days from file reference point
5
1 1 1 1 1
999.999999 999.999 9.999 999.999 9.999
end_time of measurement, days from the file reference point
pm10_mass, ug/m3, Matrix=pm10
numflag pm10_mass, no unit, Matrix=pm10
pm25_mass, ug/m3, Matrix=pm25
numflag pm25_mass, no unit, Matrix=pm25
0
33
Data definition:              EBAS_1.1
Set type code:                TU
Timezone:                     UTC
File name:                    US0093R.20080101070000.20191216000000.filterpack...52w.3d.US03L_filterpack_US0093.US03L_IMPROVE_Davis.lev2.nas
File creation:                20191218120141
Startdate:                    20080101070000
Revision date:                20191216000000
Version:                      2
Version description:          "Data extracted from http://views.cira.colostate.edu/fed/DataWizard 2019-12-16"
Statistics:                   arithmetic mean
Data level:                   2
Period code:                  52w
Resolution code:              3d
Sample duration:              1d
Orig. time res.:              3d
Station code:                 US0093R
Platform code:                US0093S
Station name:                 Phoenix Colocated Sampler
Station latitude:             33.5038
Station longitude:            -112.0958
Station altitude:             342.0 m
Regime:                       IMG
Component:                    
Unit:                         ug/m3
Matrix:                       
Laboratory code:              US03L
Instrument type:              filterpack
Instrument name:              filterpack_US0093
Method ref:                   US03L_IMPROVE_Davis
Blank correction:             Blank corrected
Volume std. temperature:      ambient
Volume std. pressure:         ambient
starttime endtime PM10 flag_PM10 PM2.5 flag_PM2.5
  0.291667   1.291667  11.823 0.000   3.941 0.000
  3.291667   4.291667  32.627 0.000  11.610 0.000
  6.291667   7.291667   9.107 0.000   4.456 0.000
  9.291667  10.291667  34.770 0.000  19.008 0.000
 12.291667  13.291667  23.868 0.000  14.784 0.000
 15.291667  16.291667  27.069 0.000   9.016 0.000
 18.291667  19.291667  29.818 0.000  13.102 0.659
 21.291667  22.291667  34.182 0.000  12.861 0.000
 24.291667  25.291667  15.244 0.000   6.741 0.659
 27.291667  28.291667   6.207 0.000   2.112 0.659
 30.291667  31.291667   9.924 0.000   2.920 0.659
 33.291667  34.291667  23.773 0.000   9.334 0.000
 36.291667  37.291667  23.626 0.000  10.781 0.659
 39.291667  40.291667  32.877 0.000  15.083 0.000
 42.291667  43.291667  33.125 0.000  11.070 0.000
 45.291667  46.291667  17.204 0.000   6.868 0.000
 48.291667  49.291667  25.917 0.000  15.822 0.000
 51.291667  52.291667  14.916 0.000   4.662 0.000
 54.291667  55.291667  17.206 0.000   8.677 0.659
 57.291667  58.291667  16.904 0.000   5.907 0.000
 60.291667  61.291667  23.606 0.000   8.246 0.000
 63.291667  64.291667  24.520 0.000   6.237 0.000
 66.291667  67.291667  29.547 0.000   7.447 0.659
 69.291667  70.291667  38.684 0.000  11.963 0.000
 72.291667  73.291667  44.556 0.000   8.816 0.000
 75.291667  76.291667  21.522 0.000   4.774 0.000
 78.291667  79.291667  29.568 0.000   8.818 0.000
 81.291667  82.291667  28.676 0.000  10.026 0.000
 84.291667  85.291667  37.709 0.000  11.247 0.000
 87.291667  88.291667  36.399 0.000   9.337 0.000
 90.291667  91.291667  41.340 0.000  10.057 0.000
 93.291667  94.291667  33.805 0.000   7.260 0.000
 96.291667  97.291667  22.246 0.000   7.182 0.000
 99.291667 100.291667  45.122 0.000  11.975 0.000
102.291667 103.291667  18.443 0.000   6.254 0.000
105.291667 106.291667  26.229 0.000   6.915 0.000
108.291667 109.291667  47.932 0.000  13.319 0.000
111.291667 112.291667  33.468 0.000  13.116 0.000
114.291667 115.291667  42.665 0.000  14.705 0.000
117.291667 118.291667  33.458 0.000  13.072 0.000
120.291667 121.291667  36.683 0.000  13.761 0.000
123.291667 124.291667  22.707 0.000   8.122 0.000
126.291667 127.291667  20.242 0.000   6.565 0.000
129.291667 130.291667  43.271 0.000  15.222 0.000
132.291667 133.291667  43.633 0.000  14.908 0.000
135.291667 136.291667  26.238 0.000   7.678 0.000
138.291667 139.291667  19.040 0.000   7.505 0.000
141.291667 142.291667  63.539 0.000  13.897 0.000
144.291667 145.291667  19.355 0.000   8.839 0.000
147.291667 148.291667  20.088 0.000   6.767 0.000
150.291667 151.291667  26.587 0.000   8.613 0.000
153.291667 154.291667  23.694 0.000   7.429 0.000
156.291667 157.291667  61.701 0.000  20.216 0.000
159.291667 160.291667  27.327 0.000  11.054 0.000
162.291667 163.291667  32.145 0.000  10.155 0.000
165.291667 166.291667  27.190 0.000  10.362 0.000
168.291667 169.291667 999.999 0.456  10.707 0.000
171.291667 172.291667 999.999 0.456  10.884 0.000
174.291667 175.291667 999.999 0.456  15.493 0.000
177.291667 178.291667  38.401 0.000  16.395 0.000
180.291667 181.291667  30.588 0.000   9.163 0.000
183.291667 184.291667  32.846 0.000   9.742 0.000
186.291667 187.291667  16.887 0.000   9.361 0.000
189.291667 190.291667  28.404 0.000   8.009 0.000
192.291667 193.291667  16.328 0.000   6.959 0.000
195.291667 196.291667  12.195 0.000   6.119 0.000
198.291667 199.291667  18.508 0.000   6.521 0.000
201.291667 202.291667   9.234 0.000   4.157 0.000
204.291667 205.291667  19.063 0.000   5.635 0.000
207.291667 208.291667  17.344 0.000   6.011 0.000
210.291667 211.291667  17.927 0.000   4.776 0.000
213.291667 214.291667  24.181 0.000   7.619 0.000
216.291667 217.291667  20.326 0.000   5.883 0.000
219.291667 220.291667  26.927 0.000   7.828 0.000
222.291667 223.291667  28.857 0.000   7.618 0.000
225.291667 226.291667  23.885 0.000   7.468 0.000
228.291667 229.291667  13.937 0.000   5.078 0.000
231.291667 232.291667  15.351 0.000   4.631 0.000
234.291667 235.291667  24.115 0.000   8.965 0.000
237.291667 238.291667  25.022 0.000   6.919 0.000
240.291667 241.291667  16.981 0.000   4.975 0.000
243.291667 244.291667   7.145 0.000   2.394 0.000
246.291667 247.291667  17.888 0.000   5.824 0.000
249.291667 250.291667  20.989 0.000   7.986 0.000
252.291667 253.291667  17.826 0.000   6.022 0.000
255.291667 256.291667  37.175 0.000   8.893 0.000
258.291667 259.291667  15.989 0.000   4.333 0.000
261.291667 262.291667  31.949 0.000   9.310 0.000
264.291667 265.291667  14.389 0.000   4.828 0.000
267.291667 268.291667  24.789 0.000   7.789 0.000
270.291667 271.291667  18.022 0.000   6.246 0.000
273.291667 274.291667  25.839 0.000  12.271 0.000
276.291667 277.291667  34.349 0.000   8.933 0.000
279.291667 280.291667  29.382 0.000   7.807 0.000
282.291667 283.291667  54.044 0.000  10.341 0.000
285.291667 286.291667  21.672 0.000   5.265 0.000
288.291667 289.291667 999.999 0.999 999.999 0.999
291.291667 292.291667  23.947 0.000   8.442 0.000
294.291667 295.291667  27.057 0.000   6.944 0.000
297.291667 298.291667  38.683 0.000  11.441 0.000
300.291667 301.291667  46.572 0.000  12.761 0.000
303.291667 304.291667  46.122 0.000  15.489 0.000
306.291667 307.291667  34.243 0.000   9.916 0.000
309.291667 310.291667  42.330 0.000   8.578 0.000
312.291667 313.291667  35.200 0.000  13.069 0.000
315.291667 316.291667  30.338 0.000   7.924 0.000
318.291667 319.291667  36.808 0.000   9.585 0.000
321.291667 322.291667  34.246 0.000  10.474 0.000
324.291667 325.291667  37.504 0.000  13.059 0.000
327.291667 328.291667  46.333 0.000  19.291 0.000
330.291667 331.291667  24.706 0.000   8.564 0.000
333.291667 334.291667  24.935 0.000  17.691 0.000
336.291667 337.291667  26.282 0.000  11.205 0.000
339.291667 340.291667  34.172 0.000  14.288 0.000
342.291667 343.291667  29.957 0.000  14.163 0.000
345.291667 346.291667  33.749 0.000  12.429 0.000
348.291667 349.291667  25.390 0.000   8.467 0.000
351.291667 352.291667 999.999 0.456   2.035 0.000
354.291667 355.291667  35.252 0.659  22.675 0.659
357.291667 358.291667  19.082 0.000  11.171 0.000
360.291667 361.291667   7.302 0.000   2.405 0.000
363.291667 364.291667  29.530 0.000  16.029 0.000
