scripts/IMPROVE-2019_partial/data/US0020R.20010101080000.20191216000000.filterpack..pm25.52w.1w.US03L_filterpack_US0020.US03L_IMPROVE_Davis.lev2.nas
66 1001
MISSING INFORMATION
US03L, IMPROVE, , , , , , , 
MISSING INFORMATION
IMPROVE sel_HTAP
1 1
2001 01 01 2019 12 16
3.000000
days from file reference point
27
1 1 1 1 1 1 1 1 1 1 1 1 1 1 1 1 1 1 1 1 1 1 1 1 1 1 1
999.999999 99999.99 9.999999 99.99 9.999999 9.999 9.999999999 9.99 9.999999 99.999 9.999 99.999 9.999 99.999 9.999 99.99 9.999999999 999.999 9.999 999.999 9.999 999.999 9.999 9.999 9.999999 99.999 9.999
end_time of measurement, days from the file reference point
iron, ng/m3, Revision date=20181210133000
numflag iron, no unit, Revision date=20181210133000
lead, ng/m3, Revision date=20181210133000
numflag lead, no unit, Revision date=20181210133000
magnesium, ug/m3, Revision date=20181210133000
numflag magnesium, no unit, Revision date=20181210133000
nickel, ng/m3, Revision date=20181210133000
numflag nickel, no unit, Revision date=20181210133000
nitrate, ug N/m3, Revision date=20181210133000
numflag nitrate, no unit, Revision date=20181210133000
organic_carbon, ug C/m3, Revision date=20181210133000
numflag organic_carbon, no unit, Revision date=20181210133000
organic_mass, ug/m3, Revision date=20181210133000
numflag organic_mass, no unit, Revision date=20181210133000
phosphorus, ng/m3, Revision date=20181210133000
numflag phosphorus, no unit, Revision date=20181210133000
pm10_mass, ug/m3, Version=2, Version description=Data extracted from http://views.cira.colostate.edu/fed/DataWizard 2019-12-16, Sample duration=1d, Orig. time res.=3d, Matrix=pm10, Blank correction=Blank corrected, Volume std. temperature=ambient, Volume std. pressure=ambient
numflag pm10_mass, no unit, Version=2, Version description=Data extracted from http://views.cira.colostate.edu/fed/DataWizard 2019-12-16, Sample duration=1d, Orig. time res.=3d, Matrix=pm10, Blank correction=Blank corrected, Volume std. temperature=ambient, Volume std. pressure=ambient
pm10_pm25_mass, ug/m3, Revision date=20181210133000, Matrix=pm10_pm25
numflag pm10_pm25_mass, no unit, Revision date=20181210133000, Matrix=pm10_pm25
pm25_mass, ug/m3, Version=2, Version description=Data extracted from http://views.cira.colostate.edu/fed/DataWizard 2019-12-16, Sample duration=1d, Orig. time res.=3d, Blank correction=Blank corrected, Volume std. temperature=ambient, Volume std. pressure=ambient
numflag pm25_mass, no unit, Version=2, Version description=Data extracted from http://views.cira.colostate.edu/fed/DataWizard 2019-12-16, Sample duration=1d, Orig. time res.=3d, Blank correction=Blank corrected, Volume std. temperature=ambient, Volume std. pressure=ambient
potassium, ug/m3, Revision date=20181210133000
numflag potassium, no unit, Revision date=20181210133000
sulphate_total, ug S/m3, Revision date=20181210133000
numflag sulphate_total, no unit, Revision date=20181210133000
0
25
Data definition:              EBAS_1.1
Set type code:                TU
Timezone:                     UTC
File name:                    US0020R.20010101080000.20191216000000.filterpack..pm25.52w.1w.US03L_filterpack_US0020.US03L_IMPROVE_Davis.lev2.nas
File creation:                20191218115644
Startdate:                    20010101080000
Revision date:                20191216000000
Statistics:                   arithmetic mean
Data level:                   2
Period code:                  52w
Resolution code:              1w
Station code:                 US0020R
Platform code:                US0020S
Station name:                 Death Valley NP
Station latitude:             36.5089
Station longitude:            -116.8478
Station altitude:             130.0 m
Regime:                       IMG
Component:                    
Matrix:                       pm25
Laboratory code:              US03L
Instrument type:              filterpack
Instrument name:              filterpack_US0020
Method ref:                   US03L_IMPROVE_Davis
starttime endtime Fe flag_Fe Pb flag_Pb Mg++ flag_Mg++ Ni flag_Ni NO3- flag_NO3- OC flag_OC OM flag_OM P flag_P PM10 flag_PM10 PM10-PM2.5 flag_PM10-PM2.5 PM2.5 flag_PM2.5 K+ flag_K+ SO4-- flag_SO4--
[from data line 75]
225.333333 226.333333    46.40 0.559394  0.72 0.559394 9.999 0.559394259 0.16 0.559394  0.068 0.394  0.782 0.000  1.095 0.000 99.99 0.559394259  11.373 0.000   6.480 0.000   4.892 0.559 0.040 0.559394  0.615 0.394
228.333333 229.333333    59.97 0.559000  0.41 0.559000 9.999 0.559259000 0.19 0.559000  0.048 0.000  1.752 0.000  2.453 0.000 99.99 0.559259000  21.113 0.000  14.670 0.000   6.442 0.559 0.114 0.559000  0.449 0.000
231.333333 232.333333    36.27 0.559000  0.56 0.559000 9.999 0.559259000 0.18 0.559000  0.074 0.000  1.144 0.000  1.602 0.000 99.99 0.559259000  15.366 0.000  10.856 0.000   4.510 0.559 0.082 0.559000  0.364 0.000
234.333333 235.333333    70.49 0.000000  0.72 0.000000 9.999 0.259000000 0.18 0.000000  0.129 0.000  3.847 0.000  5.386 0.000 99.99 0.259000000  28.103 0.000  17.494 0.000  10.609 0.000 0.137 0.000000  0.360 0.000
237.333333 238.333333    37.77 0.559000  0.65 0.559000 9.999 0.559259000 9.99 0.559259  0.043 0.000  1.039 0.000  1.454 0.000 99.99 0.559259000  11.414 0.000   5.836 0.000   5.578 0.559 0.055 0.559000  0.713 0.000
240.333333 241.333333    63.69 0.000000  1.14 0.000000 9.999 0.259000000 0.22 0.000000  0.099 0.000  2.312 0.000  3.237 0.000 99.99 0.259000000  27.858 0.000  17.660 0.000  10.198 0.000 0.057 0.000000  0.621 0.000
243.333333 244.333333    21.46 0.000000  0.77 0.000000 9.999 0.259000000 0.14 0.000000  0.062 0.559  0.656 0.000  0.918 0.000 99.99 0.259000000   9.100 0.000   5.283 0.000   3.817 0.000 0.022 0.000000  0.337 0.559
246.333333 247.333333    13.91 0.559000  0.20 0.559000 9.999 0.559259000 0.08 0.559000  0.021 0.000  0.460 0.000  0.644 0.000 99.99 0.559259000   4.253 0.000   1.805 0.000   2.448 0.559 0.013 0.559000  0.189 0.000
249.333333 250.333333    21.28 0.559000  0.16 0.559000 9.999 0.559259000 9.99 0.559259  0.015 0.000  0.151 0.000  0.211 0.000 99.99 0.559259000   8.310 0.000   6.460 0.000   1.850 0.559 0.020 0.559000  0.091 0.000
252.333333 253.333333    30.93 0.559000  0.61 0.559000 9.999 0.559259000 0.15 0.559000  0.072 0.000  0.503 0.000  0.705 0.000 99.99 0.559259000  14.752 0.000  10.227 0.000   4.525 0.559 0.037 0.559000  0.446 0.000
255.333333 256.333333    35.17 0.559000  0.23 0.559000 9.999 0.559259000 0.14 0.559000  0.111 0.000  1.264 0.000  1.770 0.000 99.99 0.559259000  13.732 0.000   8.274 0.000   5.458 0.559 0.051 0.559000  0.288 0.000
258.333333 259.333333    27.31 0.000000  0.49 0.000000 9.999 0.259000000 0.08 0.000000  0.052 0.000  1.166 0.000  1.633 0.000 99.99 0.259000000  13.304 0.000   8.290 0.000   5.014 0.000 0.027 0.000000  0.310 0.000
261.333333 262.333333    76.64 0.000000  0.86 0.000000 9.999 0.259000000 0.14 0.000000  0.058 0.000  1.007 0.000  1.410 0.000 99.99 0.259000000  13.575 0.000   8.019 0.000   5.556 0.000 0.053 0.000000  0.425 0.000
264.333333 265.333333    38.71 0.559000  0.61 0.559000 9.999 0.559259000 0.15 0.559000  0.037 0.000  0.668 0.000  0.935 0.000 99.99 0.559259000   8.435 0.000   5.077 0.000   3.358 0.559 0.028 0.559000  0.311 0.000
267.333333 268.333333    79.37 0.559000  0.75 0.559000 9.999 0.559259000 0.13 0.559000  0.034 0.000  0.595 0.000  0.833 0.000 99.99 0.559259000  15.859 0.000  12.021 0.000   3.838 0.559 0.056 0.559000  0.335 0.000
270.333333 271.333333    38.53 0.559000  0.79 0.559000 9.999 0.559259000 9.99 0.559259  0.028 0.000  0.333 0.000  0.466 0.000 99.99 0.559259000   8.466 0.000   5.972 0.000   2.494 0.559 0.036 0.559000  0.213 0.000
273.333333 274.333333   189.62 0.559000  0.94 0.559000 9.999 0.559259000 9.99 0.559259  0.050 0.000  1.245 0.000  1.743 0.000 99.99 0.559259000  42.138 0.000  33.221 0.000   8.916 0.559 0.119 0.559000  0.573 0.000
276.333333 277.333333   129.01 0.000000  1.26 0.000000 9.999 0.259000000 9.99 0.259000  0.065 0.000  1.327 0.000  1.858 0.000 99.99 0.259000000  25.816 0.000  17.408 0.000   8.408 0.000 0.098 0.000000  0.702 0.000
279.333333 280.333333    53.78 0.559000  0.97 0.559000 9.999 0.559259000 0.21 0.559000  0.097 0.559  0.644 0.000  0.902 0.000 99.99 0.559259000  13.455 0.000   8.139 0.000   5.316 0.559 0.047 0.559000  0.598 0.559
282.333333 283.333333    51.14 0.559000  0.62 0.559000 9.999 0.559259000 9.99 0.559259  0.018 0.000  0.210 0.000  0.293 0.000 99.99 0.559259000  10.044 0.000   8.020 0.000   2.024 0.559 0.037 0.559000  0.125 0.000
285.333333 286.333333    26.29 0.559000  0.37 0.559000 9.999 0.559259000 9.99 0.559259  0.016 0.000  0.128 0.000  0.179 0.000 99.99 0.559259000   4.747 0.000   3.707 0.000   1.040 0.559 0.022 0.559000  0.074 0.000
288.333333 289.333333    17.47 0.559000  0.20 0.559000 9.999 0.559259000 9.99 0.559259  0.009 0.000  0.151 0.000  0.212 0.000 99.99 0.559259000   3.013 0.000   2.303 0.000   0.710 0.559 0.016 0.559000  0.060 0.000
291.333333 292.333333    59.62 0.559000  0.34 0.559000 9.999 0.559259000 9.99 0.559259  0.025 0.000  0.427 0.000  0.598 0.000 99.99 0.559259000  11.574 0.000   8.881 0.000   2.693 0.559 0.051 0.559000  0.133 0.000
294.333333 295.333333    48.42 0.559000  0.66 0.559000 9.999 0.559259000 9.99 0.559259  0.031 0.000  0.603 0.000  0.844 0.000 99.99 0.559259000   8.878 0.000   6.089 0.000   2.789 0.559 0.038 0.559000  0.181 0.000
297.333333 298.333333    74.92 0.559000 99.99 0.559259 9.999 0.559259000 9.99 0.559259  0.021 0.000  0.025 0.000  0.036 0.000 99.99 0.559259000   9.075 0.000   6.854 0.000   2.221 0.559 0.057 0.559000  0.076 0.000
300.333333 301.333333    29.07 0.559000  0.97 0.559000 9.999 0.559259000 0.25 0.559000  0.024 0.000  0.303 0.000  0.425 0.000 99.99 0.559259000   9.943 0.000   4.023 0.000   5.920 0.559 0.029 0.559000  1.109 0.000
303.333333 304.333333    57.11 0.559000  0.38 0.559000 9.999 0.559259000 0.13 0.559000  0.013 0.000  0.269 0.000  0.376 0.000 99.99 0.559259000   6.076 0.000   3.733 0.000   2.343 0.559 0.037 0.559000  0.101 0.000
306.333333 307.333333    49.22 0.559000  0.50 0.559000 9.999 0.559259000 9.99 0.559259  0.012 0.000  0.310 0.000  0.434 0.000 99.99 0.559259000   4.080 0.000   1.325 0.000   2.755 0.559 0.036 0.559000  0.202 0.000
309.333333 310.333333    26.53 0.559000  0.77 0.559000 9.999 0.559259000 0.15 0.559000  0.017 0.000  0.423 0.000  0.592 0.000 99.99 0.559259000   6.579 0.000   2.785 0.000   3.794 0.559 0.029 0.559000  0.498 0.000
312.333333 313.333333    19.66 0.559000  1.12 0.559000 9.999 0.559259000 9.99 0.559259  0.011 0.000  0.406 0.000  0.568 0.000 99.99 0.559259000   5.958 0.000   3.435 0.000   2.523 0.559 0.026 0.559000  0.265 0.000
315.333333 316.333333    10.58 0.559000 99.99 0.559259 9.999 0.559259000 0.05 0.559000  0.018 0.000  0.192 0.000  0.269 0.000 99.99 0.559259000   5.682 0.000   4.665 0.000   1.016 0.559 0.013 0.559000  0.086 0.000
318.333333 319.333333    23.69 0.559000  0.24 0.559000 9.999 0.559259000 9.99 0.559259  0.006 0.000  0.224 0.000  0.314 0.000 99.99 0.559259000   3.946 0.000   2.737 0.000   1.209 0.559 0.019 0.559000  0.038 0.000
321.333333 322.333333    18.50 0.559000  1.12 0.559000 9.999 0.559259000 9.99 0.559259  0.015 0.000  0.543 0.000  0.760 0.000 99.99 0.559259000   5.011 0.000   2.611 0.000   2.400 0.559 0.023 0.559000  0.175 0.000
324.333333 325.333333    20.73 0.000000  1.08 0.000000 9.999 0.259000000 9.99 0.259000  0.011 0.000  0.429 0.000  0.600 0.000 99.99 0.259000000   5.556 0.000   2.858 0.000   2.697 0.000 0.023 0.000000  0.253 0.000
327.333333 328.333333    81.29 0.000000  0.70 0.000000 9.999 0.259000000 0.35 0.000000  0.030 0.000  0.129 0.000  0.180 0.000 99.99 0.259000000   8.989 0.000   6.378 0.000   2.611 0.000 0.060 0.000000  0.064 0.000
330.333333 331.333333    37.21 0.559000  0.24 0.559000 9.999 0.559259000 0.14 0.559000  0.008 0.000  0.037 0.000  0.052 0.000 99.99 0.559259000   2.629 0.000   1.161 0.000   1.468 0.559 0.026 0.559000  0.074 0.000
333.333333 334.333333    54.21 0.559000  0.90 0.559000 9.999 0.559259000 0.27 0.559000  0.068 0.000  0.467 0.000  0.653 0.000 99.99 0.559259000   7.181 0.000   4.409 0.000   2.772 0.559 0.042 0.559000  0.143 0.000
336.333333 337.333333    42.59 0.559000 99.99 0.559259 9.999 0.559259000 9.99 0.559259  0.034 0.000  0.214 0.000  0.299 0.000  9.78 0.559000000  15.546 0.000  13.440 0.000   2.106 0.559 0.037 0.559000  0.100 0.000
339.333333 340.333333    26.46 0.559000  0.68 0.559000 9.999 0.559259000 9.99 0.559259  0.028 0.000  0.347 0.000  0.486 0.000 99.99 0.559259000   4.484 0.000   2.833 0.000   1.651 0.559 0.021 0.559000  0.122 0.000
342.333333 343.333333    13.43 0.559000  0.93 0.559000 9.999 0.559259000 9.99 0.559259  0.026 0.000  0.198 0.000  0.277 0.000 99.99 0.559259000   3.433 0.000   2.261 0.000   1.172 0.559 0.012 0.559000  0.084 0.000
345.333333 346.333333     8.55 0.559000  0.38 0.559000 9.999 0.559259000 9.99 0.559259  0.013 0.000  0.122 0.000  0.171 0.000 99.99 0.559259000   5.477 0.000   4.917 0.000   0.560 0.559 0.007 0.559000  0.026 0.000
348.333333 349.333333     6.14 0.559000 99.99 0.559259 9.999 0.559259000 9.99 0.559259  0.016 0.000  0.096 0.000  0.134 0.000 99.99 0.559259000   3.236 0.000   2.695 0.000   0.541 0.559 0.007 0.559000  0.020 0.000
351.333333 352.333333     6.21 0.559000 99.99 0.559259 9.999 0.559259000 9.99 0.559259  0.018 0.000  0.137 0.000  0.191 0.000 99.99 0.559259000   2.535 0.000   1.903 0.000   0.632 0.559 0.007 0.559000  0.035 0.000
354.333333 355.333333    36.95 0.559000 99.99 0.559259 9.999 0.559259000 0.27 0.559000  0.058 0.000  0.105 0.000  0.146 0.000 99.99 0.559259000   6.076 0.000   3.999 0.000   2.078 0.559 0.026 0.559000  0.048 0.000
357.333333 358.333333    10.51 0.559000 99.99 0.559259 9.999 0.559259000 9.99 0.559259  0.011 0.000  0.142 0.000  0.200 0.000 99.99 0.559259000   2.959 0.000   1.891 0.000   1.068 0.559 0.012 0.559000  0.136 0.000
360.333333 361.333333    21.60 0.559000 99.99 0.559259 9.999 0.559259000 9.99 0.559259  0.010 0.000  0.275 0.000  0.385 0.000 99.99 0.559259000   4.841 0.000   3.641 0.000   1.200 0.559 0.016 0.559000  0.063 0.000
363.333333 364.333333    33.54 0.559000  0.95 0.559000 9.999 0.559259000 9.99 0.559259  0.033 0.000  0.381 0.000  0.533 0.000 99.99 0.559259000   4.841 0.000   2.659 0.000   2.183 0.559 0.028 0.559000  0.075 0.000
