scripts/IMPROVE-2019_partial/data/US0084R.20040101080000.20191216000000.filterpack..pm25.52w.1w.US03L_filterpack_US0084.US03L_IMPROVE_Davis.lev2.nas
66 1001
MISSING INFORMATION
US03L, IMPROVE, , , , , , , 
MISSING INFORMATION
IMPROVE sel_HTAP
1 1
2004 01 01 2019 12 16
3.000000
days from file reference point
27
1 1 1 1 1 1 1 1 1 1 1 1 1 1 1 1 1 1 1 1 1 1 1 1 1 1 1
999.999999 9999.99 9.999 99.99 9.999 9.999 9.999 99.99 9.999 99.999 9.999 99.999 9.999 999.999 9.999 99.99 9.999 999.999 9.999 999.999 9.999 999.999 9.999 99.999 9.999 9.999 9.999
end_time of measurement, days from the file reference point
iron, ng/m3, Revision date=20181210133000
numflag iron, no unit, Revision date=20181210133000
lead, ng/m3, Revision date=20181210133000
numflag lead, no unit, Revision date=20181210133000
magnesium, ug/m3, Revision date=20181210133000
numflag magnesium, no unit, Revision date=20181210133000
nickel, ng/m3, Revision date=20181210133000
numflag nickel, no unit, Revision date=20181210133000
nitrate, ug N/m3, Revision date=20181210133000
numflag nitrate, no unit, Revision date=20181210133000
organic_carbon, ug C/m3, Revision date=20181210133000
numflag organic_carbon, no unit, Revision date=20181210133000
organic_mass, ug/m3, Revision date=20181210133000
numflag organic_mass, no unit, Revision date=20181210133000
phosphorus, ng/m3, Revision date=20181210133000
numflag phosphorus, no unit, Revision date=20181210133000
pm10_mass, ug/m3, Version=2, Version description=Data extracted from http://views.cira.colostate.edu/fed/DataWizard 2019-12-16, Sample duration=1d, Orig. time res.=3d, Matrix=pm10, Blank correction=Blank corrected, Volume std. temperature=ambient, Volume std. pressure=ambient
numflag pm10_mass, no unit, Version=2, Version description=Data extracted from http://views.cira.colostate.edu/fed/DataWizard 2019-12-16, Sample duration=1d, Orig. time res.=3d, Matrix=pm10, Blank correction=Blank corrected, Volume std. temperature=ambient, Volume std. pressure=ambient
pm10_pm25_mass, ug/m3, Revision date=20181210133000, Matrix=pm10_pm25
numflag pm10_pm25_mass, no unit, Revision date=20181210133000, Matrix=pm10_pm25
pm25_mass, ug/m3, Version=2, Version description=Data extracted from http://views.cira.colostate.edu/fed/DataWizard 2019-12-16, Sample duration=1d, Orig. time res.=3d, Blank correction=Blank corrected, Volume std. temperature=ambient, Volume std. pressure=ambient
numflag pm25_mass, no unit, Version=2, Version description=Data extracted from http://views.cira.colostate.edu/fed/DataWizard 2019-12-16, Sample duration=1d, Orig. time res.=3d, Blank correction=Blank corrected, Volume std. temperature=ambient, Volume std. pressure=ambient
potassium, ug/m3, Revision date=20181210133000
numflag potassium, no unit, Revision date=20181210133000
sulphate_total, ug S/m3, Revision date=20181210133000
numflag sulphate_total, no unit, Revision date=20181210133000
0
25
Data definition:              EBAS_1.1
Set type code:                TU
Timezone:                     UTC
File name:                    US0084R.20040101080000.20191216000000.filterpack..pm25.52w.1w.US03L_filterpack_US0084.US03L_IMPROVE_Davis.lev2.nas
File creation:                20191218120107
Startdate:                    20040101080000
Revision date:                20191216000000
Statistics:                   arithmetic mean
Data level:                   2
Period code:                  52w
Resolution code:              1w
Station code:                 US0084R
Platform code:                US0084S
Station name:                 Columbia Gorge #1
Station latitude:             45.5693
Station longitude:            -122.2103
Station altitude:             230.0 m
Regime:                       IMG
Component:                    
Matrix:                       pm25
Laboratory code:              US03L
Instrument type:              filterpack
Instrument name:              filterpack_US0084
Method ref:                   US03L_IMPROVE_Davis
starttime endtime Fe flag_Fe Pb flag_Pb Mg++ flag_Mg++ Ni flag_Ni NO3- flag_NO3- OC flag_OC OM flag_OM P flag_P PM10 flag_PM10 PM10-PM2.5 flag_PM10-PM2.5 PM2.5 flag_PM2.5 K+ flag_K+ SO4-- flag_SO4--
[from data line 84]
252.333333 253.333333   40.12 0.000  2.35 0.000 9.999 0.259  0.48 0.000  0.090 0.000  0.836 0.000   1.171 0.000 99.99 0.259  11.341 0.000   8.527 0.000   2.814 0.000  0.023 0.000 0.250 0.000
255.333333 256.333333    9.44 0.000  1.32 0.000 9.999 0.259  0.25 0.000  0.230 0.000  0.909 0.000   1.273 0.000 99.99 0.259   9.656 0.000   5.057 0.000   4.600 0.000  0.061 0.000 0.249 0.000
258.333333 259.333333    6.62 0.000  0.49 0.000 9.999 0.259 99.99 0.259  0.046 0.000  0.742 0.000   1.038 0.000 99.99 0.259   4.754 0.000   2.739 0.000   2.014 0.000  0.029 0.000 0.121 0.000
261.333333 262.333333    4.47 0.000 99.99 0.259 9.999 0.259 99.99 0.259  0.011 0.000  0.338 0.000   0.474 0.000  0.82 0.000   2.329 0.000   1.574 0.000   0.755 0.000  0.009 0.000 0.037 0.000
264.333333 265.333333   28.02 0.000  1.47 0.000 9.999 0.259  0.41 0.000  0.124 0.000  1.240 0.000   1.736 0.000 99.99 0.259  10.123 0.000   5.880 0.000   4.243 0.000  0.040 0.000 0.376 0.000
267.333333 268.333333   56.58 0.000  3.58 0.000 9.999 0.259  0.25 0.000  0.079 0.000  2.568 0.000   3.596 0.000 99.99 0.259  16.190 0.000   9.453 0.000   6.737 0.000  0.070 0.000 0.405 0.000
270.333333 271.333333   60.51 0.000  3.22 0.000 9.999 0.259  0.37 0.000  0.131 0.000  3.590 0.000   5.026 0.000 99.99 0.259  19.272 0.000   9.772 0.000   9.500 0.000  0.066 0.000 0.606 0.000
273.333333 274.333333   62.65 0.000  2.55 0.000 0.205 0.000  0.45 0.000  0.323 0.000  2.741 0.000   3.838 0.000 99.99 0.259  24.058 0.000  15.760 0.000   8.297 0.000  0.076 0.000 0.470 0.000
276.333333 277.333333  102.71 0.000  1.63 0.000 9.999 0.259 99.99 0.259  0.040 0.000  3.655 0.000   5.117 0.000 99.99 0.259  25.752 0.000  16.493 0.000   9.259 0.000  0.077 0.000 0.361 0.000
279.333333 280.333333   18.33 0.000  1.47 0.000 9.999 0.259  0.26 0.000  0.126 0.000  2.350 0.000   3.290 0.000 99.99 0.259  11.177 0.000   5.229 0.000   5.948 0.000  0.064 0.000 0.241 0.000
282.333333 283.333333    4.39 0.000  2.68 0.000 0.093 0.000 99.99 0.259  0.056 0.000  1.141 0.000   1.597 0.000 99.99 0.259   6.113 0.000   3.076 0.000   3.036 0.000  0.035 0.000 0.102 0.000
285.333333 286.333333   41.70 0.000  2.02 0.000 9.999 0.259  0.14 0.000  0.189 0.000  2.805 0.000   3.927 0.000 99.99 0.259  15.243 0.000   7.766 0.000   7.477 0.000  0.062 0.000 0.327 0.000
288.333333 289.333333   37.80 0.000  3.15 0.000 0.087 0.000  0.36 0.000  0.394 0.000  3.247 0.000   4.546 0.000 99.99 0.259  13.639 0.000   4.672 0.000   8.967 0.000  0.077 0.000 0.585 0.000
291.333333 292.333333    5.69 0.000  0.68 0.000 0.121 0.000  0.19 0.000  0.054 0.000  3.370 0.000   4.719 0.000 99.99 0.259   5.655 0.000   1.323 0.000   4.333 0.000  0.040 0.000 0.064 0.000
294.333333 295.333333   16.23 0.000  2.36 0.000 9.999 0.259  0.19 0.000  0.161 0.000  3.041 0.000   4.257 0.000 99.99 0.259  12.048 0.000   4.221 0.000   7.828 0.000  0.064 0.000 0.265 0.000
297.333333 298.333333    7.58 0.000  1.69 0.000 9.999 0.259 99.99 0.259  0.120 0.000  2.377 0.000   3.327 0.000 99.99 0.259   7.823 0.000   2.600 0.000   5.223 0.000  0.040 0.000 0.169 0.000
300.333333 301.333333   33.82 0.000  2.37 0.000 9.999 0.259  0.41 0.000  0.313 0.000  3.970 0.000   5.558 0.000 99.99 0.259  13.973 0.000   3.602 0.000  10.371 0.000  0.076 0.000 0.388 0.000
303.333333 304.333333    6.81 0.000  1.06 0.000 9.999 0.259 99.99 0.259  0.065 0.000  1.389 0.000   1.944 0.000  2.53 0.000   6.944 0.000   2.778 0.000   4.167 0.000  0.047 0.000 0.151 0.000
306.333333 307.333333    5.34 0.000  0.80 0.000 9.999 0.259 99.99 0.259  0.089 0.000  0.760 0.000   1.064 0.000  3.87 0.000   3.587 0.000   1.626 0.000   1.961 0.000  0.022 0.000 0.080 0.000
309.333333 310.333333   21.72 0.000  2.14 0.000 0.095 0.000 99.99 0.259  0.080 0.000  3.750 0.000   5.250 0.000 99.99 0.259  11.574 0.000   3.278 0.000   8.296 0.000  0.093 0.000 0.236 0.000
312.333333 313.333333   72.11 0.000  5.62 0.000 0.110 0.000  1.05 0.000  1.533 0.000  6.807 0.000   9.530 0.000 99.99 0.259  26.572 0.000   6.226 0.000  20.346 0.000  0.139 0.000 0.615 0.000
315.333333 316.333333   39.98 0.000  3.21 0.000 9.999 0.259 99.99 0.259  1.171 0.000  6.385 0.000   8.938 0.000 99.99 0.259  22.883 0.000   5.143 0.000  17.740 0.000  0.144 0.000 0.502 0.000
318.333333 319.333333   19.25 0.000  1.47 0.000 9.999 0.259 99.99 0.259  0.747 0.000  3.694 0.000   5.171 0.000 99.99 0.259  17.839 0.000   4.925 0.000  12.914 0.000  0.075 0.000 0.741 0.000
321.333333 322.333333   13.09 0.000  1.66 0.000 9.999 0.259 99.99 0.259  0.081 0.000  2.652 0.000   3.712 0.000 99.99 0.259   7.482 0.000   1.655 0.000   5.827 0.000  0.046 0.000 0.113 0.000
324.333333 325.333333   22.97 0.000  2.69 0.000 9.999 0.259  0.25 0.000  0.171 0.000  4.299 0.000   6.019 0.000 99.99 0.259  12.205 0.000   2.501 0.000   9.704 0.000  0.048 0.000 0.211 0.000
327.333333 328.333333    4.19 0.000  1.78 0.000 9.999 0.259  0.17 0.000  0.112 0.000  1.776 0.000   2.486 0.000 99.99 0.259   4.899 0.000   1.086 0.000   3.812 0.000  0.038 0.000 0.082 0.000
330.333333 331.333333   18.24 0.000  2.00 0.000 9.999 0.259  0.64 0.000  0.300 0.000  2.756 0.000   3.859 0.000 99.99 0.259  11.827 0.000   3.396 0.000   8.430 0.000  0.056 0.000 0.340 0.000
333.333333 334.333333   18.40 0.000  1.62 0.000 9.999 0.259  0.29 0.000  0.127 0.000  2.176 0.000   3.047 0.000 99.99 0.259   7.237 0.000   1.706 0.000   5.532 0.000  0.034 0.000 0.209 0.000
336.333333 337.333333   48.02 0.000  3.16 0.000 9.999 0.259  0.64 0.000  0.614 0.000  4.447 0.000   6.225 0.000 99.99 0.259  14.224 0.000   0.603 0.000  13.621 0.000  0.083 0.000 0.652 0.000
339.333333 340.333333    5.71 0.000  1.20 0.000 0.095 0.000  0.09 0.000  0.059 0.000  1.045 0.000   1.463 0.000 99.99 0.259   4.865 0.000   1.924 0.000   2.942 0.000  0.028 0.000 0.107 0.000
342.333333 343.333333    5.34 0.000  0.62 0.000 9.999 0.259  0.19 0.000  0.042 0.000  0.694 0.000   0.972 0.000 99.99 0.259   6.570 0.000   3.083 0.000   3.487 0.000  0.032 0.000 0.082 0.000
345.333333 346.333333   13.97 0.000  0.80 0.000 0.054 0.000  0.30 0.000  0.062 0.000  0.573 0.000   0.802 0.000 99.99 0.259   3.826 0.000   1.918 0.000   1.907 0.000  0.025 0.000 0.111 0.000
348.333333 349.333333   12.99 0.000  0.55 0.000 9.999 0.259  0.37 0.000  0.087 0.000  0.935 0.000   1.309 0.000 99.99 0.259   6.569 0.000   3.098 0.000   3.471 0.000  0.027 0.000 0.095 0.000
351.333333 352.333333   11.22 0.000  0.79 0.000 0.055 0.000 99.99 0.259  0.219 0.000  1.068 0.000   1.495 0.000 99.99 0.259   5.073 0.000   1.156 0.000   3.917 0.000  0.024 0.000 0.287 0.000
354.333333 355.333333   43.00 0.000  3.01 0.000 0.087 0.000  1.05 0.000  0.351 0.000  2.365 0.000   3.311 0.000 99.99 0.259  14.767 0.000   5.428 0.000   9.339 0.000  0.076 0.000 0.253 0.000
357.333333 358.333333   20.49 0.000  1.43 0.000 9.999 0.259  0.21 0.000  0.571 0.000  1.608 0.000   2.252 0.000 99.99 0.259   8.275 0.000   1.659 0.000   6.617 0.000  0.055 0.000 0.347 0.000
360.333333 361.333333   11.94 0.000  1.31 0.000 9.999 0.259 99.99 0.259  0.300 0.000  1.071 0.000   1.499 0.000 99.99 0.259   3.927 0.000   0.500 0.000   3.427 0.000  0.031 0.000 0.114 0.000
363.333333 364.333333    8.09 0.000  0.87 0.000 9.999 0.259  0.16 0.000  0.100 0.000  1.272 0.000   1.781 0.000 99.99 0.259   3.784 0.000   0.024 0.000   3.760 0.000  0.025 0.000 0.257 0.000
