scripts/IMPROVE-2019_partial/data/US0061R.20130101050000.20191216000000.filterpack...52w.3d.US03L_filterpack_US0061.US03L_IMPROVE_Davis.lev2.nas
52 1001
MISSING INFORMATION
US03L, IMPROVE, , , , , , , 
MISSING INFORMATION
IMPROVE sel_HTAP
1 1
2013 01 01 2019 12 16
3.000000
days from file reference point
5
1 1 1 1 1
999.999999 999.999 9.999 999.999 9.999
end_time of measurement, days from the file reference point
pm10_mass, ug/m3, Matrix=pm10
numflag pm10_mass, no unit, Matrix=pm10
pm25_mass, ug/m3, Matrix=pm25
numflag pm25_mass, no unit, Matrix=pm25
0
33
Data definition:              EBAS_1.1
Set type code:                TU
Timezone:                     UTC
File name:                    US0061R.20130101050000.20191216000000.filterpack...52w.3d.US03L_filterpack_US0061.US03L_IMPROVE_Davis.lev2.nas
File creation:                20191218115920
Startdate:                    20130101050000
Revision date:                20191216000000
Version:                      2
Version description:          "Data extracted from http://views.cira.colostate.edu/fed/DataWizard 2019-12-16"
Statistics:                   arithmetic mean
Data level:                   2
Period code:                  52w
Resolution code:              3d
Sample duration:              1d
Orig. time res.:              3d
Station code:                 US0061R
Platform code:                US0061S
Station name:                 Brigantine NWR
Station latitude:             39.465
Station longitude:            -74.4492
Station altitude:             5.0 m
Regime:                       IMG
Component:                    
Unit:                         ug/m3
Matrix:                       
Laboratory code:              US03L
Instrument type:              filterpack
Instrument name:              filterpack_US0061
Method ref:                   US03L_IMPROVE_Davis
Blank correction:             Blank corrected
Volume std. temperature:      ambient
Volume std. pressure:         ambient
starttime endtime PM10 flag_PM10 PM2.5 flag_PM2.5
  0.208333   1.208333   8.186 0.000   6.126 0.000
  3.208333   4.208333  13.550 0.000   9.519 0.000
  6.208333   7.208333  11.588 0.000   8.476 0.000
  9.208333  10.208333   7.901 0.000   5.240 0.000
 12.208333  13.208333   3.074 0.000   2.782 0.000
 15.208333  16.208333  10.373 0.000   4.156 0.000
 18.208333  19.208333  14.068 0.000   3.878 0.659
 21.208333  22.208333  14.223 0.000   5.954 0.000
 24.208333  25.208333 999.999 0.999 999.999 0.999
 27.208333  28.208333 999.999 0.999 999.999 0.999
 30.208333  31.208333   6.983 0.000   2.838 0.000
 33.208333  34.208333   9.037 0.000   7.508 0.000
 36.208333  37.208333 999.999 0.456  13.711 0.000
 39.208333  40.208333   3.839 0.000   2.500 0.000
 42.208333  43.208333   8.356 0.000   6.675 0.000
 45.208333  46.208333  21.753 0.000  12.445 0.000
 48.208333  49.208333  10.128 0.000   4.774 0.000
 51.208333  52.208333  10.272 0.000   3.554 0.000
 54.208333  55.208333   8.133 0.000   5.346 0.000
 57.208333  58.208333  39.021 0.000   4.506 0.000
 60.208333  61.208333  31.129 0.000   2.905 0.000
 63.208333  64.208333  32.179 0.000   4.759 0.000
 66.208333  67.208333  12.714 0.000   2.983 0.000
 69.208333  70.208333  32.187 0.000   8.493 0.000
 72.208333  73.208333   5.175 0.000   3.241 0.000
 75.208333  76.208333   8.053 0.000   6.414 0.000
 78.208333  79.208333   7.595 0.000   4.178 0.000
 81.208333  82.208333   6.668 0.000   5.156 0.000
 84.208333  85.208333   9.408 0.000   4.313 0.000
 87.208333  88.208333   8.417 0.000   3.168 0.659
 90.208333  91.208333  16.882 0.000   8.697 0.000
 93.208333  94.208333  14.448 0.000   3.762 0.659
 96.208333  97.208333  13.953 0.000   4.340 0.659
 99.208333 100.208333  26.834 0.000  13.714 0.000
102.208333 103.208333   7.959 0.000   4.779 0.000
105.208333 106.208333  14.821 0.000   4.439 0.000
108.208333 109.208333  12.550 0.000   6.258 0.000
111.208333 112.208333  16.870 0.000   5.977 0.659
114.208333 115.208333   8.897 0.000   3.606 0.000
117.208333 118.208333  13.723 0.000   6.941 0.659
120.208333 121.208333   8.936 0.000   4.345 0.659
123.208333 124.208333  14.851 0.000   5.533 0.659
126.208333 127.208333  11.138 0.000   2.019 0.659
129.208333 130.208333  23.308 0.000   8.017 0.000
132.208333 133.208333  10.220 0.000   4.253 0.000
135.208333 136.208333  26.869 0.000  11.587 0.000
138.208333 139.208333  11.762 0.000   3.778 0.659
141.208333 142.208333  18.427 0.000   8.809 0.000
144.208333 145.208333   9.664 0.000   1.903 0.000
147.208333 148.208333  18.624 0.000   7.891 0.659
150.208333 151.208333  23.174 0.000  10.796 0.659
153.208333 154.208333  10.914 0.000   5.429 0.000
156.208333 157.208333  10.642 0.000   4.252 0.000
159.208333 160.208333  14.055 0.000   8.737 0.000
162.208333 163.208333  11.558 0.000   6.716 0.000
165.208333 166.208333  13.933 0.000   8.228 0.000
168.208333 169.208333  16.165 0.000  10.782 0.000
171.208333 172.208333  14.753 0.000   6.600 0.000
174.208333 175.208333  18.682 0.000  11.193 0.000
177.208333 178.208333  15.367 0.000   9.368 0.000
180.208333 181.208333  15.960 0.000   7.030 0.659
183.208333 184.208333  12.272 0.000   5.547 0.659
186.208333 187.208333  14.016 0.000   6.376 0.659
189.208333 190.208333  17.025 0.000  10.367 0.659
192.208333 193.208333  14.817 0.000   9.251 0.659
195.208333 196.208333  15.412 0.000   8.055 0.659
198.208333 199.208333  26.994 0.000  20.907 0.659
201.208333 202.208333  13.015 0.000   8.322 0.000
204.208333 205.208333  15.540 0.000  10.768 0.000
207.208333 208.208333  10.484 0.000   6.104 0.659
210.208333 211.208333  14.127 0.000   8.579 0.659
213.208333 214.208333  16.414 0.000   9.583 0.659
216.208333 217.208333   8.137 0.000   4.127 0.000
219.208333 220.208333  19.137 0.000   3.952 0.659
222.208333 223.208333  11.816 0.000   6.969 0.659
225.208333 226.208333   6.886 0.000   3.869 0.000
228.208333 229.208333  11.148 0.000   6.145 0.000
231.208333 232.208333  12.413 0.000   7.728 0.000
234.208333 235.208333 999.999 0.999 999.999 0.999
237.208333 238.208333  13.476 0.000   6.091 0.659
240.208333 241.208333  11.039 0.000   7.742 0.659
243.208333 244.208333  13.016 0.000   6.054 0.000
246.208333 247.208333   7.400 0.000   3.945 0.659
249.208333 250.208333  10.028 0.000   4.629 0.659
252.208333 253.208333  19.811 0.000   7.526 0.659
255.208333 256.208333  12.136 0.000   5.760 0.000
258.208333 259.208333  10.463 0.000   5.365 0.659
261.208333 262.208333  10.825 0.000   3.437 0.000
264.208333 265.208333   4.616 0.000   2.082 0.000
267.208333 268.208333   7.887 0.000   2.969 0.000
270.208333 271.208333   8.669 0.000   2.785 0.000
273.208333 274.208333  15.249 0.000  10.015 0.000
276.208333 277.208333  21.297 0.000  15.086 0.000
279.208333 280.208333  10.346 0.000   4.837 0.000
282.208333 283.208333 999.999 0.999 999.999 0.999
285.208333 286.208333 999.999 0.999 999.999 0.999
288.208333 289.208333 999.999 0.999 999.999 0.999
291.208333 292.208333  10.849 0.000   7.198 0.000
294.208333 295.208333  10.123 0.000 999.999 0.456
297.208333 298.208333   8.290 0.000   5.119 0.000
300.208333 301.208333  11.512 0.000   7.174 0.000
303.208333 304.208333  15.318 0.000   8.810 0.000
306.208333 307.208333   4.689 0.000   3.112 0.000
309.208333 310.208333   7.426 0.000   2.603 0.000
312.208333 313.208333   6.721 0.000   4.788 0.000
315.208333 316.208333 999.999 0.999 999.999 0.999
318.208333 319.208333 999.999 0.999 999.999 0.999
321.208333 322.208333 999.999 0.999 999.999 0.999
324.208333 325.208333  11.835 0.000   3.752 0.000
327.208333 328.208333   5.212 0.000   1.497 0.000
330.208333 331.208333   5.623 0.000   2.448 0.000
333.208333 334.208333   6.595 0.000   4.099 0.000
336.208333 337.208333  20.477 0.000  14.730 0.000
339.208333 340.208333   6.907 0.000   4.396 0.000
342.208333 343.208333   3.369 0.000   2.992 0.000
345.208333 346.208333  14.826 0.000   8.931 0.000
348.208333 349.208333   6.707 0.000   4.318 0.000
351.208333 352.208333  14.154 0.000  10.325 0.000
354.208333 355.208333  18.928 0.000   8.767 0.000
357.208333 358.208333   8.351 0.000   3.633 0.000
360.208333 361.208333  16.975 0.000  10.912 0.000
363.208333 364.208333   5.233 0.000   3.588 0.000
