scripts/IMPROVE-2019_partial/data/US0010U.20050101060000.20191216000000.filterpack..pm25.52w.1w.US03L_filterpack_US0010.US03L_IMPROVE_Davis.lev2.nas
66 1001
MISSING INFORMATION
US03L, IMPROVE, , , , , , , 
MISSING INFORMATION
IMPROVE sel_HTAP
1 1
2005 01 01 2019 12 16
3.00
days from file reference point
27
1 1 1 1 1 1 1 1 1 1 1 1 1 1 1 1 1 1 1 1 1 1 1 1 1 1 1
999.99 99999.99 9.999999 9999.99 9.999999 99.999 9.999999 99.99 9.999999 9.999 9.999 999.999 9.999 999.999 9.999 999.99 9.999999999 9999.999 9.999 999.999 9.999 999.999 9.999 9.999 9.999999 99.999 9.999
end_time of measurement, days from the file reference point
iron, ng/m3, Revision date=20181210133000
numflag iron, no unit, Revision date=20181210133000
lead, ng/m3, Revision date=20181210133000
numflag lead, no unit, Revision date=20181210133000
magnesium, ug/m3, Revision date=20181210133000
numflag magnesium, no unit, Revision date=20181210133000
nickel, ng/m3, Revision date=20181210133000
numflag nickel, no unit, Revision date=20181210133000
nitrate, ug N/m3, Revision date=20181210133000
numflag nitrate, no unit, Revision date=20181210133000
organic_carbon, ug C/m3, Revision date=20181210133000
numflag organic_carbon, no unit, Revision date=20181210133000
organic_mass, ug/m3, Revision date=20181210133000
numflag organic_mass, no unit, Revision date=20181210133000
phosphorus, ng/m3, Revision date=20181210133000
numflag phosphorus, no unit, Revision date=20181210133000
pm10_mass, ug/m3, Version=2, Version description=Data extracted from http://views.cira.colostate.edu/fed/DataWizard 2019-12-16, Sample duration=1d, Orig. time res.=3d, Matrix=pm10, Blank correction=Blank corrected, Volume std. temperature=ambient, Volume std. pressure=ambient
numflag pm10_mass, no unit, Version=2, Version description=Data extracted from http://views.cira.colostate.edu/fed/DataWizard 2019-12-16, Sample duration=1d, Orig. time res.=3d, Matrix=pm10, Blank correction=Blank corrected, Volume std. temperature=ambient, Volume std. pressure=ambient
pm10_pm25_mass, ug/m3, Revision date=20181210133000, Matrix=pm10_pm25
numflag pm10_pm25_mass, no unit, Revision date=20181210133000, Matrix=pm10_pm25
pm25_mass, ug/m3, Version=2, Version description=Data extracted from http://views.cira.colostate.edu/fed/DataWizard 2019-12-16, Sample duration=1d, Orig. time res.=3d, Blank correction=Blank corrected, Volume std. temperature=ambient, Volume std. pressure=ambient
numflag pm25_mass, no unit, Version=2, Version description=Data extracted from http://views.cira.colostate.edu/fed/DataWizard 2019-12-16, Sample duration=1d, Orig. time res.=3d, Blank correction=Blank corrected, Volume std. temperature=ambient, Volume std. pressure=ambient
potassium, ug/m3, Revision date=20181210133000
numflag potassium, no unit, Revision date=20181210133000
sulphate_total, ug S/m3, Revision date=20181210133000
numflag sulphate_total, no unit, Revision date=20181210133000
0
25
Data definition:              EBAS_1.1
Set type code:                TU
Timezone:                     UTC
File name:                    US0010U.20050101060000.20191216000000.filterpack..pm25.52w.1w.US03L_filterpack_US0010.US03L_IMPROVE_Davis.lev2.nas
File creation:                20191218115603
Startdate:                    20050101060000
Revision date:                20191216000000
Statistics:                   arithmetic mean
Data level:                   2
Period code:                  52w
Resolution code:              1w
Station code:                 US0010U
Platform code:                US0010S
Station name:                 Birmingham
Station latitude:             33.5531
Station longitude:            -86.8148
Station altitude:             175.0 m
Regime:                       IMG
Component:                    
Matrix:                       pm25
Laboratory code:              US03L
Instrument type:              filterpack
Instrument name:              filterpack_US0010
Method ref:                   US03L_IMPROVE_Davis
starttime endtime Fe flag_Fe Pb flag_Pb Mg++ flag_Mg++ Ni flag_Ni NO3- flag_NO3- OC flag_OC OM flag_OM P flag_P PM10 flag_PM10 PM10-PM2.5 flag_PM10-PM2.5 PM2.5 flag_PM2.5 K+ flag_K+ SO4-- flag_SO4--
[from data line 77]
231.25 232.25   291.21 0.000000   13.97 0.000000 99.999 0.259000  0.27 0.000000 0.063 0.000   4.614 0.000   8.305 0.000 999.99 0.259000000   36.420 0.000  10.164 0.000  26.253 0.000 0.128 0.000000  3.335 0.000
234.25 235.25   182.26 0.000000   21.51 0.000000 99.999 0.259000 99.99 0.259000 0.131 0.000   3.052 0.000   5.494 0.000 999.99 0.259000000   30.936 0.000  13.544 0.000  17.390 0.000 0.084 0.000000  2.046 0.000
237.25 238.25   333.77 0.000000   29.64 0.000000  0.110 0.000000  0.27 0.000000 0.076 0.000   2.502 0.000   4.504 0.000 999.99 0.259000000   42.391 0.000  15.007 0.000  27.383 0.000 0.056 0.000000  3.925 0.000
240.25 241.25  1606.32 0.000000  160.19 0.000000  1.239 0.000000 99.99 0.259000 0.071 0.000   2.559 0.000   4.606 0.000 999.99 0.259000000   70.922 0.000  48.231 0.000  22.762 0.000 0.103 0.000000  1.045 0.000
243.25 244.25   312.36 0.394000   25.55 0.394000  0.028 0.394000  0.14 0.394000 0.128 0.394   9.283 0.000  16.710 0.000 999.99 0.394259000   61.668 0.000  30.331 0.000  31.684 0.000 0.226 0.394000  2.453 0.394
246.25 247.25   115.56 0.000000    9.50 0.000000 99.999 0.259000 99.99 0.259000 0.068 0.000   5.507 0.000   9.912 0.000 999.99 0.259000000   37.412 0.000   9.346 0.000  28.064 0.000 0.069 0.000000  3.753 0.000
249.25 250.25   663.69 0.000000   40.32 0.000000  0.089 0.000000  0.17 0.000000 0.152 0.000   6.152 0.000  11.073 0.000 999.99 0.259000000   75.405 0.000  50.627 0.000  24.779 0.000 0.166 0.000000  1.659 0.000
252.25 253.25   622.59 0.699000   24.99 0.699000 99.999 0.699259  0.50 0.699000 0.157 0.000  10.559 0.000  19.007 0.000 999.99 0.699259000   66.808 0.000  29.080 0.699  37.727 0.659 0.158 0.699000  3.574 0.000
255.25 256.25   353.74 0.699000   34.08 0.699000 99.999 0.699259  0.26 0.699000 0.107 0.559   8.421 0.699  15.159 0.699 999.99 0.699259000   84.287 0.659  29.629 0.699  54.669 0.659 0.132 0.699000  7.926 0.559
258.25 259.25   292.96 0.000000   13.30 0.000000 99.999 0.259000  0.28 0.000000 0.135 0.000   3.699 0.000   6.659 0.000 999.99 0.259000000   31.023 0.000  14.126 0.000  17.046 0.000 0.102 0.000000  1.461 0.000
261.25 262.25   501.55 0.699000   54.89 0.699000  0.021 0.699000 99.99 0.699259 0.139 0.699   8.345 0.699  15.021 0.699 999.99 0.699259000   81.345 0.659  45.766 0.699  35.589 0.659 0.211 0.699000  3.338 0.699
264.25 265.25   507.65 0.000000   38.79 0.000000  0.114 0.000000  0.13 0.000000 0.084 0.000   1.952 0.000   3.514 0.000 999.99 0.259000000   34.720 0.000  23.455 0.000  11.521 0.000 0.096 0.000000  0.638 0.000
267.25 268.25   136.10 0.000000   11.94 0.000000 99.999 0.259000  0.67 0.000000 0.078 0.000   1.224 0.000   2.203 0.000 999.99 0.259000000   16.387 0.000   9.278 0.000   7.109 0.000 0.059 0.000000  0.883 0.000
270.25 271.25   251.55 0.000000   62.31 0.000000  0.024 0.000000  0.78 0.000000 0.099 0.000   2.866 0.000   5.159 0.000 999.99 0.259000000   52.152 0.000  34.034 0.000  18.117 0.000 0.079 0.000000  2.341 0.000
273.25 274.25   126.93 0.000000   12.34 0.000000  0.022 0.000000  0.49 0.000000 0.086 0.000   3.552 0.000   6.394 0.000 999.99 0.259000000   34.996 0.000  14.208 0.000  20.788 0.000 0.062 0.000000  2.914 0.000
276.25 277.25   821.72 0.000000  141.31 0.000000  0.366 0.000000 99.99 0.259000 0.180 0.000   3.576 0.000   6.436 0.000 999.99 0.259000000   47.589 0.000  23.267 0.000  24.320 0.000 0.170 0.000000  1.975 0.000
279.25 280.25    55.79 0.000000    1.99 0.000000 99.999 0.259000  0.20 0.000000 0.208 0.000   1.059 0.000   1.906 0.000 999.99 0.259000000   17.090 0.000   8.527 0.000   8.563 0.000 0.032 0.000000  1.265 0.000
282.25 283.25 99999.99 0.999000 9999.99 0.999000 99.999 0.999000 99.99 0.999000 9.999 0.999 999.999 0.999 999.999 0.999 999.99 0.999000000 9999.999 0.999 999.999 0.999 999.999 0.999 9.999 0.999000 99.999 0.999
285.25 286.25   294.31 0.699000   76.30 0.699000  0.060 0.699000  0.31 0.699000 0.159 0.000   5.506 0.000   9.910 0.000 999.99 0.699259000   54.726 0.000  23.679 0.699  30.603 0.659 0.172 0.699000  3.185 0.000
288.25 289.25   130.68 0.000000    6.38 0.000000 99.999 0.259000 99.99 0.259000 0.082 0.000   2.913 0.000   5.244 0.000 999.99 0.259000000   25.349 0.000  14.827 0.000  10.299 0.000 0.060 0.000000  0.675 0.000
291.25 292.25   914.59 0.699394   47.66 0.699394  0.234 0.699394  0.24 0.699394 0.258 0.394  13.780 0.000  24.803 0.000 999.99 0.699394259  116.200 0.659  70.706 0.699  45.502 0.659 0.400 0.699394  2.363 0.394
294.25 295.25    75.28 0.000000    3.99 0.000000  0.028 0.000000 99.99 0.259000 0.155 0.000   2.275 0.000   4.096 0.000 999.99 0.259000000   21.013 0.000   8.267 0.000  12.581 0.000 0.040 0.000000  1.689 0.000
297.25 298.25    39.28 0.000000    4.20 0.000000  0.010 0.000000 99.99 0.259000 0.113 0.000   1.699 0.000   3.058 0.000 999.99 0.259000000   15.960 0.000   9.540 0.000   6.279 0.000 0.027 0.000000  0.680 0.000
300.25 301.25   163.68 0.000000    4.99 0.000000  0.044 0.000000  0.09 0.000000 0.196 0.000   2.496 0.000   4.492 0.000 999.99 0.259000000   32.219 0.000  18.986 0.000  12.948 0.000 0.059 0.000000  1.364 0.000
303.25 304.25   384.87 0.699000   23.91 0.699000  0.054 0.699000  0.41 0.699000 0.165 0.000   8.619 0.000  15.515 0.000 999.99 0.699259000   71.190 0.659  39.594 0.699  30.971 0.659 0.125 0.699000  2.223 0.000
306.25 307.25   564.28 0.000000   27.67 0.000000  0.220 0.000000  0.26 0.000000 0.137 0.000   9.655 0.000  17.378 0.000 999.99 0.259000000   61.102 0.000  32.722 0.000  28.588 0.000 0.231 0.000000  1.326 0.000
309.25 310.25   118.68 0.000000    2.57 0.000000 99.999 0.259000  0.43 0.000000 0.115 0.000   3.591 0.000   6.463 0.000 999.99 0.259000000   20.612 0.000   5.910 0.000  14.552 0.000 0.069 0.000000  1.587 0.000
312.25 313.25   345.79 0.000000   20.09 0.000000 99.999 0.259000 99.99 0.259000 0.152 0.000   4.678 0.000   8.421 0.000 999.99 0.259000000   35.931 0.000  17.259 0.000  18.597 0.000 0.099 0.000000  1.609 0.000
315.25 316.25   330.73 0.000000   22.94 0.000000 99.999 0.259000  0.09 0.000000 0.129 0.000   3.802 0.000   6.844 0.000 999.99 0.259000000   35.459 0.000  21.590 0.000  13.555 0.000 0.093 0.000000  1.006 0.000
318.25 319.25    48.13 0.000000    2.31 0.000000  0.018 0.000000  0.41 0.000000 0.095 0.000   1.497 0.000   2.695 0.000 999.99 0.259000000   22.385 0.000  14.430 0.000   8.041 0.000 0.081 0.000000  1.025 0.000
321.25 322.25   192.40 0.000000    9.38 0.000000  0.022 0.000000 99.99 0.259000 0.307 0.000   3.985 0.000   7.173 0.000 999.99 0.259000000   35.847 0.000  21.828 0.000  13.697 0.000 0.121 0.000000  0.601 0.000
324.25 325.25    63.39 0.000000    8.00 0.000000  0.008 0.000000  0.26 0.000000 0.413 0.000   3.855 0.000   6.940 0.000 999.99 0.259000000   19.676 0.000   3.618 0.000  15.924 0.000 0.107 0.000000  1.291 0.000
327.25 328.25   156.03 0.000000    4.38 0.000000 99.999 0.259000 99.99 0.259000 0.102 0.000   3.287 0.000   5.917 0.000 999.99 0.259000000   15.265 0.000   6.508 0.000   8.492 0.000 0.078 0.000000  0.332 0.000
330.25 331.25   821.22 0.000000   98.11 0.000000 99.999 0.259000 99.99 0.259000 0.094 0.000   2.188 0.000   3.938 0.000 999.99 0.259000000   20.574 0.000   6.938 0.000  13.479 0.000 0.109 0.000000  1.258 0.000
333.25 334.25   165.45 0.000000    6.08 0.000000  0.016 0.000000  0.23 0.000000 0.234 0.000   4.146 0.000   7.463 0.000 999.99 0.259000000   30.254 0.000  19.158 0.000  11.135 0.000 0.089 0.000000  0.392 0.000
336.25 337.25   226.40 0.000000   18.68 0.000000  0.028 0.000000  0.28 0.000000 0.135 0.000   3.305 0.000   5.949 0.000 999.99 0.259000000   20.792 0.000   9.978 0.000  10.642 0.000 0.117 0.000000  0.605 0.000
339.25 340.25   225.13 0.000000   15.91 0.000000  0.054 0.000000 99.99 0.259000 0.715 0.000   5.011 0.000   9.020 0.000 999.99 0.259000000   46.042 0.000  19.495 0.000  26.176 0.000 0.116 0.000000  2.082 0.000
342.25 343.25    66.14 0.000000    3.80 0.000000  0.015 0.000000 99.99 0.259000 0.769 0.000   2.183 0.000   3.929 0.000 999.99 0.259000000   17.581 0.000   4.484 0.000  13.124 0.000 0.062 0.000000  0.865 0.000
345.25 346.25   165.90 0.000000   13.20 0.000000  0.030 0.000000 99.99 0.259000 0.112 0.000   2.011 0.000   3.621 0.000 999.99 0.259000000   13.321 0.000   6.777 0.000   6.432 0.000 0.056 0.000000  0.266 0.000
348.25 349.25 99999.99 0.999000 9999.99 0.999000 99.999 0.999000 99.99 0.999000 9.999 0.999 999.999 0.999 999.999 0.999 999.99 0.999000000 9999.999 0.999 999.999 0.999 999.999 0.999 9.999 0.999000 99.999 0.999
351.25 352.25    75.07 0.000000    5.24 0.000000  0.015 0.000000  0.25 0.000000 0.403 0.000   3.491 0.000   6.284 0.000 999.99 0.259000000   18.014 0.000   5.799 0.000  12.079 0.000 0.107 0.000000  0.737 0.000
354.25 355.25    81.81 0.000000    2.83 0.000000 99.999 0.259000 99.99 0.259000 0.442 0.000   2.107 0.000   3.792 0.000 999.99 0.259000000   18.484 0.000   9.181 0.000   9.265 0.000 0.059 0.000000  0.684 0.000
357.25 358.25    42.02 0.000000    2.42 0.000000 99.999 0.259000  0.13 0.000000 0.336 0.000   2.558 0.000   4.604 0.000 999.99 0.259000000   13.982 0.000   2.935 0.000  10.950 0.000 0.061 0.000000  0.931 0.000
360.25 361.25 99999.99 0.699000 9999.99 0.699000 99.999 0.699000 99.99 0.699000 0.186 0.699   9.179 0.699  16.521 0.699 999.99 0.699000000   48.560 0.659 999.999 0.699  30.364 0.659 9.999 0.699000  0.907 0.699
363.25 364.25   189.74 0.000000   14.63 0.000000 99.999 0.259000  0.36 0.000000 0.727 0.000   3.835 0.000   6.902 0.000 999.99 0.259000000   31.927 0.000  14.732 0.000  16.932 0.000 0.094 0.000000  1.148 0.000
