scripts/IMPROVE-2019_partial/data/US0092U.20070103070000.20191216000000.filterpack...1y.3d.US03L_filterpack_US0092.US03L_IMPROVE_Davis.lev2.nas
52 1001
MISSING INFORMATION
US03L, IMPROVE, , , , , , , 
MISSING INFORMATION
IMPROVE sel_HTAP
1 1
2007 01 01 2019 12 16
3.000000
days from file reference point
5
1 1 1 1 1
999.999999 999.999 9.999 999.999 9.999
end_time of measurement, days from the file reference point
pm10_mass, ug/m3, Matrix=pm10
numflag pm10_mass, no unit, Matrix=pm10
pm25_mass, ug/m3, Matrix=pm25
numflag pm25_mass, no unit, Matrix=pm25
0
33
Data definition:              EBAS_1.1
Set type code:                TU
Timezone:                     UTC
File name:                    US0092U.20070103070000.20191216000000.filterpack...1y.3d.US03L_filterpack_US0092.US03L_IMPROVE_Davis.lev2.nas
File creation:                20191218120139
Startdate:                    20070103070000
Revision date:                20191216000000
Version:                      2
Version description:          "Data extracted from http://views.cira.colostate.edu/fed/DataWizard 2019-12-16"
Statistics:                   arithmetic mean
Data level:                   2
Period code:                  1y
Resolution code:              3d
Sample duration:              1d
Orig. time res.:              3d
Station code:                 US0092U
Platform code:                US0092S
Station name:                 Phoenix
Station latitude:             33.5038
Station longitude:            -112.0958
Station altitude:             342.0 m
Regime:                       IMG
Component:                    
Unit:                         ug/m3
Matrix:                       
Laboratory code:              US03L
Instrument type:              filterpack
Instrument name:              filterpack_US0092
Method ref:                   US03L_IMPROVE_Davis
Blank correction:             Blank corrected
Volume std. temperature:      ambient
Volume std. pressure:         ambient
starttime endtime PM10 flag_PM10 PM2.5 flag_PM2.5
  2.291667   3.291667  35.832 0.000  14.857 0.000
  5.291667   6.291667  17.076 0.000   6.283 0.000
  8.291667   9.291667  30.627 0.000   8.861 0.000
 11.291667  12.291667  21.693 0.000   6.112 0.000
 14.291667  15.291667  38.593 0.000  22.172 0.000
 17.291667  18.291667  27.668 0.000   8.716 0.000
 20.291667  21.291667  15.363 0.000  11.549 0.000
 23.291667  24.291667 999.999 0.456  13.740 0.000
 26.291667  27.291667 999.999 0.456   9.778 0.000
 29.291667  30.291667 999.999 0.456   6.292 0.000
 32.291667  33.291667  28.665 0.000  12.440 0.000
 35.291667  36.291667  35.361 0.000  11.439 0.000
 38.291667  39.291667  35.235 0.000  10.811 0.000
 41.291667  42.291667  25.504 0.000   9.934 0.000
 44.291667  45.291667  17.464 0.000   5.181 0.000
 47.291667  48.291667 999.999 0.456 999.999 0.456
 50.291667  51.291667 999.999 0.456 999.999 0.456
 53.291667  54.291667  31.807 0.000   7.259 0.000
 56.291667  57.291667  26.789 0.000   7.378 0.000
 59.291667  60.291667  26.864 0.000   6.571 0.000
 62.291667  63.291667   7.848 0.000   2.378 0.000
 65.291667  66.291667  45.205 0.000  11.804 0.000
 68.291667  69.291667  33.397 0.000   9.705 0.000
 71.291667  72.291667  28.747 0.000   9.090 0.000
 74.291667  75.291667  42.875 0.000  13.502 0.000
 77.291667  78.291667  33.923 0.000  10.001 0.000
 80.291667  81.291667 999.999 0.999 999.999 0.999
 83.291667  84.291667 999.999 0.999 999.999 0.999
 86.291667  87.291667  28.766 0.000   6.523 0.659
 89.291667  90.291667  21.064 0.000   6.750 0.659
 92.291667  93.291667  24.607 0.000   8.413 0.659
 95.291667  96.291667  23.333 0.000   8.569 0.000
 98.291667  99.291667  28.775 0.000   7.815 0.659
101.291667 102.291667  73.094 0.000  14.954 0.000
104.291667 105.291667  29.156 0.000   8.014 0.000
107.291667 108.291667  53.274 0.000  11.861 0.000
110.291667 111.291667  17.239 0.000   6.635 0.659
113.291667 114.291667  12.297 0.000   3.328 0.659
116.291667 117.291667  28.887 0.000   8.279 0.000
119.291667 120.291667  27.236 0.000   7.574 0.659
122.291667 123.291667  36.316 0.000  10.267 0.659
125.291667 126.291667  12.049 0.000   3.473 0.659
128.291667 129.291667  30.209 0.000   7.112 0.659
131.291667 132.291667  25.102 0.000   7.783 0.659
134.291667 135.291667  27.874 0.000   8.832 0.659
137.291667 138.291667  26.464 0.000  10.355 0.000
140.291667 141.291667  39.403 0.000  12.385 0.659
143.291667 144.291667  33.711 0.000   9.235 0.000
146.291667 147.291667  18.974 0.000   6.666 0.000
149.291667 150.291667  25.748 0.000   8.323 0.000
152.291667 153.291667  24.049 0.000   7.688 0.659
155.291667 156.291667  40.689 0.000   9.511 0.000
158.291667 159.291667  53.466 0.000  15.818 0.000
161.291667 162.291667  28.599 0.000   6.920 0.000
164.291667 165.291667  56.986 0.000  12.686 0.000
167.291667 168.291667  25.060 0.000   8.106 0.000
170.291667 171.291667  35.866 0.000  10.342 0.000
173.291667 174.291667  26.718 0.000  13.139 0.000
176.291667 177.291667  32.468 0.000   9.880 0.000
179.291667 180.291667  23.800 0.000  13.358 0.000
182.291667 183.291667  25.804 0.000  10.199 0.659
185.291667 186.291667  51.652 0.000  14.266 0.000
188.291667 189.291667  47.961 0.000  11.347 0.659
191.291667 192.291667  47.239 0.000  12.123 0.000
194.291667 195.291667  44.819 0.000  22.724 0.000
197.291667 198.291667  40.852 0.000  11.962 0.000
200.291667 201.291667  40.483 0.000   9.646 0.000
203.291667 204.291667  31.461 0.000   6.093 0.000
206.291667 207.291667  20.453 0.000   6.139 0.000
209.291667 210.291667 999.999 0.999 999.999 0.999
212.291667 213.291667  16.345 0.000   5.046 0.000
215.291667 216.291667  15.450 0.000   5.745 0.000
218.291667 219.291667  17.917 0.000   5.479 0.000
221.291667 222.291667  26.008 0.000   8.009 0.000
224.291667 225.291667  59.876 0.000  11.685 0.000
227.291667 228.291667  32.911 0.000   9.275 0.000
230.291667 231.291667  31.934 0.000   9.252 0.000
233.291667 234.291667  36.677 0.000  10.421 0.000
236.291667 237.291667  17.604 0.000   5.200 0.000
239.291667 240.291667  23.308 0.000   7.739 0.000
242.291667 243.291667  16.383 0.000   5.223 0.000
245.291667 246.291667  19.050 0.000   7.693 0.000
248.291667 249.291667  26.228 0.000   6.832 0.000
251.291667 252.291667  23.923 0.000   7.889 0.000
254.291667 255.291667  25.866 0.000   6.640 0.000
257.291667 258.291667  38.850 0.000   9.822 0.000
260.291667 261.291667  20.369 0.000   4.990 0.000
263.291667 264.291667  40.602 0.000  10.180 0.000
266.291667 267.291667  20.779 0.000   5.380 0.000
269.291667 270.291667 999.999 0.456   8.653 0.000
272.291667 273.291667 999.999 0.456   8.269 0.000
275.291667 276.291667  33.131 0.000  10.492 0.000
278.291667 279.291667  30.794 0.000   6.961 0.000
281.291667 282.291667  34.580 0.000   9.039 0.000
284.291667 285.291667  38.975 0.000   9.378 0.000
287.291667 288.291667  32.595 0.000   9.561 0.000
290.291667 291.291667  52.421 0.000  12.566 0.000
293.291667 294.291667  40.770 0.000   6.314 0.000
296.291667 297.291667  23.811 0.000   5.551 0.000
299.291667 300.291667  39.361 0.000  11.204 0.000
302.291667 303.291667  28.303 0.000   7.848 0.000
305.291667 306.291667 999.999 0.999 999.999 0.999
308.291667 309.291667 999.999 0.999 999.999 0.999
311.291667 312.291667 999.999 0.999  20.009 0.000
314.291667 315.291667 999.999 0.999  12.714 0.000
317.291667 318.291667 999.999 0.999  14.451 0.000
320.291667 321.291667  52.421 0.000  15.966 0.000
323.291667 324.291667  48.945 0.000  12.965 0.000
326.291667 327.291667 999.999 0.999  13.619 0.000
329.291667 330.291667 999.999 0.999  17.521 0.000
332.291667 333.291667  57.818 0.000  16.759 0.000
335.291667 336.291667  30.145 0.000  12.493 0.000
338.291667 339.291667  43.185 0.000  22.758 0.000
341.291667 342.291667  14.925 0.000   6.274 0.000
344.291667 345.291667   9.267 0.000   6.068 0.000
347.291667 348.291667  22.872 0.000  11.262 0.000
350.291667 351.291667  37.569 0.000  17.614 0.000
353.291667 354.291667  37.331 0.000  18.889 0.000
356.291667 357.291667  36.523 0.000  22.577 0.000
359.291667 360.291667  31.530 0.000  15.271 0.000
362.291667 363.291667  29.471 0.000  16.735 0.000
