scripts/IMPROVE-2019_partial/data/US0070R.20020102080000.20191216000000.filterpack..pm25.52w.1w.US03L_filterpack_US0070.US03L_IMPROVE_Davis.lev2.nas
66 1001
MISSING INFORMATION
US03L, IMPROVE, , , , , , , 
MISSING INFORMATION
IMPROVE sel_HTAP
1 1
2002 01 01 2019 12 16
3.000000
days from file reference point
27
1 1 1 1 1 1 1 1 1 1 1 1 1 1 1 1 1 1 1 1 1 1 1 1 1 1 1
999.999999 9999.99 9.999 99.99 9.999 9.999 9.999999 9.99 9.999999 9.999 9.999999 999.999 9.999 999.999 9.999 999.99 9.999999 9999.999 9.999 999.999 9.999 999.999 9.999 9.999 9.999 9.999 9.999
end_time of measurement, days from the file reference point
iron, ng/m3, Revision date=20181210133000
numflag iron, no unit, Revision date=20181210133000
lead, ng/m3, Revision date=20181210133000
numflag lead, no unit, Revision date=20181210133000
magnesium, ug/m3, Revision date=20181210133000
numflag magnesium, no unit, Revision date=20181210133000
nickel, ng/m3, Revision date=20181210133000
numflag nickel, no unit, Revision date=20181210133000
nitrate, ug N/m3, Revision date=20181210133000
numflag nitrate, no unit, Revision date=20181210133000
organic_carbon, ug C/m3, Revision date=20181210133000
numflag organic_carbon, no unit, Revision date=20181210133000
organic_mass, ug/m3, Revision date=20181210133000
numflag organic_mass, no unit, Revision date=20181210133000
phosphorus, ng/m3, Revision date=20181210133000
numflag phosphorus, no unit, Revision date=20181210133000
pm10_mass, ug/m3, Version=2, Version description=Data extracted from http://views.cira.colostate.edu/fed/DataWizard 2019-12-16, Sample duration=1d, Orig. time res.=3d, Matrix=pm10, Blank correction=Blank corrected, Volume std. temperature=ambient, Volume std. pressure=ambient
numflag pm10_mass, no unit, Version=2, Version description=Data extracted from http://views.cira.colostate.edu/fed/DataWizard 2019-12-16, Sample duration=1d, Orig. time res.=3d, Matrix=pm10, Blank correction=Blank corrected, Volume std. temperature=ambient, Volume std. pressure=ambient
pm10_pm25_mass, ug/m3, Revision date=20181210133000, Matrix=pm10_pm25
numflag pm10_pm25_mass, no unit, Revision date=20181210133000, Matrix=pm10_pm25
pm25_mass, ug/m3, Version=2, Version description=Data extracted from http://views.cira.colostate.edu/fed/DataWizard 2019-12-16, Sample duration=1d, Orig. time res.=3d, Blank correction=Blank corrected, Volume std. temperature=ambient, Volume std. pressure=ambient
numflag pm25_mass, no unit, Version=2, Version description=Data extracted from http://views.cira.colostate.edu/fed/DataWizard 2019-12-16, Sample duration=1d, Orig. time res.=3d, Blank correction=Blank corrected, Volume std. temperature=ambient, Volume std. pressure=ambient
potassium, ug/m3, Revision date=20181210133000
numflag potassium, no unit, Revision date=20181210133000
sulphate_total, ug S/m3, Revision date=20181210133000
numflag sulphate_total, no unit, Revision date=20181210133000
0
25
Data definition:              EBAS_1.1
Set type code:                TU
Timezone:                     UTC
File name:                    US0070R.20020102080000.20191216000000.filterpack..pm25.52w.1w.US03L_filterpack_US0070.US03L_IMPROVE_Davis.lev2.nas
File creation:                20191218120009
Startdate:                    20020102080000
Revision date:                20191216000000
Statistics:                   arithmetic mean
Data level:                   2
Period code:                  52w
Resolution code:              1w
Station code:                 US0070R
Platform code:                US0070S
Station name:                 Crater Lake NP
Station latitude:             42.8958
Station longitude:            -122.1361
Station altitude:             1996.0 m
Regime:                       IMG
Component:                    
Matrix:                       pm25
Laboratory code:              US03L
Instrument type:              filterpack
Instrument name:              filterpack_US0070
Method ref:                   US03L_IMPROVE_Davis
starttime endtime Fe flag_Fe Pb flag_Pb Mg++ flag_Mg++ Ni flag_Ni NO3- flag_NO3- OC flag_OC OM flag_OM P flag_P PM10 flag_PM10 PM10-PM2.5 flag_PM10-PM2.5 PM2.5 flag_PM2.5 K+ flag_K+ SO4-- flag_SO4--
  1.333333   2.333333 9999.99 0.999 99.99 0.999 9.999 0.999000 9.99 0.999000 9.999 0.999000 999.999 0.999 999.999 0.999 999.99 0.999000 9999.999 0.999 999.999 0.999 999.999 0.999 9.999 0.999 9.999 0.999
  4.333333   5.333333    1.63 0.000  0.35 0.000 9.999 0.259000 9.99 0.259000 0.025 0.559000   0.343 0.000   0.480 0.000 999.99 0.259000    0.735 0.000   0.166 0.000   0.569 0.000 0.006 0.000 0.024 0.559
  7.333333   8.333333    0.48 0.000  0.16 0.000 9.999 0.259000 9.99 0.259000 9.999 0.559259   0.086 0.000   0.120 0.000 999.99 0.259000    0.332 0.000   0.058 0.000   0.275 0.000 0.002 0.000 0.012 0.559
 10.333333  11.333333    2.57 0.000  0.30 0.000 9.999 0.259000 9.99 0.259000 0.007 0.559000   0.313 0.000   0.439 0.000 999.99 0.259000    1.102 0.000   0.509 0.000   0.594 0.000 0.008 0.000 0.028 0.559
 13.333333  14.333333    1.97 0.000 99.99 0.259 9.999 0.259000 9.99 0.259000 0.020 0.559000   0.188 0.000   0.263 0.000 999.99 0.259000    0.882 0.000   0.190 0.000   0.691 0.000 0.006 0.000 0.090 0.559
 16.333333  17.333333    0.92 0.000  0.17 0.000 9.999 0.259000 9.99 0.259000 9.999 0.259000   0.232 0.000   0.325 0.000 999.99 0.259000    1.108 0.000   0.099 0.000   1.009 0.000 0.003 0.000 0.015 0.000
 19.333333  20.333333   28.88 0.000  0.74 0.000 9.999 0.259000 0.41 0.000000 0.007 0.559000   0.050 0.000   0.069 0.000 999.99 0.259000    2.058 0.000   0.950 0.000   1.107 0.000 0.011 0.000 0.051 0.559
 22.333333  23.333333    1.98 0.000  0.22 0.000 9.999 0.259000 9.99 0.259000 9.999 0.259000   0.031 0.000   0.044 0.000 999.99 0.259000    0.256 0.000 999.999 0.259   0.326 0.000 0.002 0.000 0.008 0.000
 25.333333  26.333333    0.98 0.000  0.20 0.000 9.999 0.259000 9.99 0.259000 9.999 0.559259   0.041 0.000   0.057 0.000 999.99 0.259000    0.439 0.000   0.201 0.000   0.237 0.000 0.003 0.000 0.007 0.559
 28.333333  29.333333    0.80 0.000  0.13 0.000 9.999 0.259000 9.99 0.259000 0.002 0.559000   0.065 0.000   0.091 0.000 999.99 0.259000    0.443 0.000   0.172 0.000   0.271 0.000 9.999 0.259 0.009 0.559
 31.333333  32.333333    2.25 0.000  0.26 0.000 9.999 0.259000 9.99 0.259000 0.006 0.559000   0.139 0.000   0.195 0.000 999.99 0.259000    0.331 0.000 999.999 0.259   0.561 0.000 0.003 0.000 0.029 0.559
 34.333333  35.333333    9.19 0.000  0.25 0.000 9.999 0.259000 9.99 0.259000 0.006 0.559000   0.255 0.000   0.357 0.000 999.99 0.259000    1.034 0.000   0.299 0.000   0.736 0.000 0.006 0.000 0.047 0.559
 37.333333  38.333333    1.59 0.000 99.99 0.259 9.999 0.259000 9.99 0.259000 9.999 0.559259   0.141 0.000   0.197 0.000 999.99 0.259000    0.772 0.000   0.291 0.000   0.481 0.000 9.999 0.259 0.007 0.559
 40.333333  41.333333   29.67 0.000  0.45 0.000 9.999 0.259000 9.99 0.259000 0.011 0.559000   0.223 0.000   0.312 0.000 999.99 0.259000    3.013 0.000   1.231 0.000   1.782 0.000 0.019 0.000 0.096 0.559
 43.333333  44.333333   19.38 0.000  0.69 0.000 9.999 0.259000 9.99 0.259000 0.013 0.000000   0.371 0.000   0.519 0.000 999.99 0.259000    3.711 0.000   2.304 0.000   1.407 0.000 0.018 0.000 0.075 0.000
 46.333333  47.333333   21.40 0.000  0.66 0.000 9.999 0.259000 9.99 0.259000 0.280 0.000000   0.643 0.000   0.900 0.000 999.99 0.259000    3.454 0.000   0.584 0.000   2.870 0.000 0.020 0.000 0.204 0.000
 49.333333  50.333333    0.67 0.000 99.99 0.259 0.021 0.000000 9.99 0.259000 0.003 0.559000 999.999 0.259 999.999 0.259 999.99 0.259000    0.670 0.000   0.577 0.000   0.093 0.000 9.999 0.259 0.023 0.559
 52.333333  53.333333   14.14 0.000  0.29 0.000 9.999 0.259000 9.99 0.259000 0.046 0.000000   0.377 0.000   0.527 0.000 999.99 0.259000    2.646 0.000   0.948 0.000   1.698 0.000 0.013 0.000 0.044 0.000
 55.333333  56.333333    6.70 0.000  0.32 0.000 9.999 0.259000 9.99 0.259000 0.025 0.000000   0.292 0.000   0.409 0.000 999.99 0.259000    3.454 0.000   1.957 0.000   1.497 0.000 0.008 0.000 0.095 0.000
 58.333333  59.333333   26.92 0.000  0.84 0.000 9.999 0.259000 9.99 0.259000 0.028 0.000000   0.219 0.000   0.307 0.000 999.99 0.259000    5.548 0.000   3.790 0.000   1.758 0.000 0.011 0.000 0.125 0.000
 61.333333  62.333333   26.94 0.000  0.64 0.000 9.999 0.259000 9.99 0.259000 0.011 0.000000   0.333 0.000   0.466 0.000 999.99 0.259000    6.503 0.000   4.450 0.000   2.053 0.000 0.017 0.000 0.122 0.000
 64.333333  65.333333   14.84 0.000 99.99 0.259 9.999 0.259000 9.99 0.259000 0.003 0.559000   0.090 0.000   0.126 0.000 999.99 0.259000    0.292 0.000 999.999 0.259   0.326 0.000 0.004 0.000 0.015 0.559
 67.333333  68.333333   15.78 0.000  0.83 0.000 9.999 0.259000 0.14 0.000000 0.044 0.559000   0.361 0.000   0.505 0.000 999.99 0.259000    1.911 0.000   0.595 0.000   1.316 0.000 0.013 0.000 0.076 0.559
 70.333333  71.333333    3.80 0.000  0.31 0.000 9.999 0.259000 0.09 0.000000 0.008 0.559000   0.110 0.000   0.154 0.000 999.99 0.259000    1.249 0.000   0.206 0.000   1.043 0.000 0.008 0.000 0.071 0.559
 73.333333  74.333333   29.49 0.000  0.61 0.000 9.999 0.259000 9.99 0.259000 0.009 0.559000   0.161 0.000   0.225 0.000 999.99 0.259000    2.719 0.000   0.938 0.000   1.781 0.000 0.018 0.000 0.094 0.559
 76.333333  77.333333    5.19 0.000  0.36 0.000 9.999 0.259000 9.99 0.259000 0.005 0.559000   0.095 0.000   0.134 0.000 999.99 0.259000    1.034 0.000   0.381 0.000   0.653 0.000 0.007 0.000 0.065 0.559
 79.333333  80.333333   16.50 0.000  0.63 0.000 9.999 0.259000 9.99 0.259000 0.019 0.559000   0.463 0.000   0.648 0.000 999.99 0.259000    4.276 0.000   2.600 0.000   1.676 0.000 0.016 0.000 0.082 0.559
 82.333333  83.333333    1.12 0.000  0.05 0.000 9.999 0.259000 9.99 0.259000 0.002 0.559000   0.033 0.000   0.046 0.000 999.99 0.259000    0.147 0.000   0.026 0.000   0.121 0.000 9.999 0.259 0.009 0.559
 85.333333  86.333333  156.63 0.000  1.72 0.000 9.999 0.259000 9.99 0.259000 0.023 0.000000   0.388 0.000   0.544 0.000 999.99 0.259000    8.377 0.000   2.399 0.000   5.978 0.000 0.094 0.000 0.195 0.000
 88.333333  89.333333  199.12 0.000  2.06 0.000 9.999 0.259000 0.13 0.000000 0.030 0.559000   0.346 0.000   0.484 0.000 999.99 0.259000   11.111 0.000   5.424 0.000   5.688 0.000 0.117 0.000 0.304 0.559
 91.333333  92.333333   50.23 0.000  0.36 0.000 9.999 0.259000 9.99 0.259000 0.008 0.559000   0.315 0.000   0.441 0.000 999.99 0.259000    4.506 0.000   2.870 0.000   1.636 0.000 0.025 0.000 0.046 0.559
 94.333333  95.333333   56.66 0.000  0.89 0.000 9.999 0.259000 0.09 0.000000 0.057 0.000000   1.141 0.000   1.597 0.000 999.99 0.259000    6.396 0.000   2.064 0.000   4.332 0.000 0.045 0.000 0.184 0.000
 97.333333  98.333333   72.77 0.000  1.77 0.000 9.999 0.259000 9.99 0.259000 0.017 0.000000   0.268 0.000   0.376 0.000 999.99 0.259000    5.373 0.000   3.423 0.000   1.949 0.000 0.025 0.000 0.089 0.000
100.333333 101.333333   47.12 0.000  0.67 0.000 9.999 0.259000 9.99 0.259000 0.016 0.559000   0.083 0.000   0.116 0.000 999.99 0.259000    1.974 0.000   0.762 0.000   1.212 0.000 0.025 0.000 0.098 0.559
103.333333 104.333333   10.03 0.000  0.51 0.000 9.999 0.259000 0.09 0.000000 0.009 0.000000   0.084 0.000   0.117 0.000 999.99 0.259000    1.060 0.000   0.229 0.000   0.831 0.000 0.008 0.000 0.048 0.000
106.333333 107.333333    5.34 0.000 99.99 0.259 9.999 0.259000 9.99 0.259000 0.002 0.000000   0.036 0.000   0.051 0.000 999.99 0.259000 9999.999 0.456 999.999 0.999   0.209 0.000 0.004 0.000 0.025 0.000
109.333333 110.333333   39.65 0.000  0.85 0.000 9.999 0.259000 9.99 0.259000 0.034 0.559000   0.592 0.000   0.829 0.000 999.99 0.259000 9999.999 0.456 999.999 0.999   3.056 0.000 0.033 0.000 0.239 0.559
112.333333 113.333333  169.40 0.000  4.36 0.000 9.999 0.259000 0.11 0.000000 0.040 0.000000   0.590 0.000   0.826 0.000 999.99 0.259000 9999.999 0.456 999.999 0.999   6.825 0.000 0.127 0.000 0.469 0.000
115.333333 116.333333   41.11 0.000  0.99 0.000 9.999 0.259000 0.09 0.000000 0.054 0.000000   0.325 0.000   0.454 0.000 999.99 0.259000    3.874 0.000   1.498 0.000   2.377 0.000 0.029 0.000 0.150 0.000
118.333333 119.333333   76.63 0.000  1.41 0.000 9.999 0.259000 9.99 0.259000 0.045 0.559000   0.492 0.000   0.689 0.000 999.99 0.259000    5.364 0.000   2.058 0.000   3.307 0.000 0.050 0.000 0.199 0.559
121.333333 122.333333   74.36 0.000  0.81 0.000 9.999 0.259000 9.99 0.259000 0.031 0.000000   0.631 0.000   0.883 0.000 999.99 0.259000    5.328 0.000   1.962 0.000   3.366 0.000 0.048 0.000 0.164 0.000
124.333333 125.333333  102.85 0.000  1.02 0.000 9.999 0.259000 9.99 0.259000 0.035 0.000000   0.283 0.000   0.396 0.000 999.99 0.259000    6.320 0.000   3.240 0.000   3.079 0.000 0.064 0.000 0.141 0.000
127.333333 128.333333   23.43 0.000  0.39 0.000 9.999 0.259000 0.15 0.000000 0.012 0.559000   0.322 0.000   0.451 0.000 999.99 0.259000    2.741 0.000   1.334 0.000   1.407 0.000 0.018 0.000 0.097 0.559
130.333333 131.333333   38.15 0.000  0.81 0.000 9.999 0.259000 9.99 0.259000 0.030 0.559000   0.476 0.000   0.666 0.000 999.99 0.259000    4.057 0.000   1.414 0.000   2.643 0.000 0.023 0.000 0.215 0.559
133.333333 134.333333   27.89 0.000  0.40 0.000 9.999 0.259000 0.17 0.000000 0.014 0.559000   0.279 0.000   0.390 0.000 999.99 0.259000    2.517 0.000   1.241 0.000   1.276 0.000 0.020 0.000 0.087 0.559
136.333333 137.333333   27.92 0.000  0.64 0.000 9.999 0.259000 0.11 0.000000 0.031 0.559000   0.800 0.000   1.120 0.000 999.99 0.259000    5.272 0.000   4.809 0.000   0.463 0.000 0.027 0.000 0.142 0.559
139.333333 140.333333    8.54 0.000  0.28 0.000 9.999 0.259000 0.22 0.000000 0.013 0.559000   0.203 0.000   0.284 0.000 999.99 0.259000    1.023 0.000   0.480 0.000   0.543 0.000 0.007 0.000 0.041 0.559
142.333333 143.333333   15.13 0.000  0.21 0.000 9.999 0.259000 9.99 0.259000 0.006 0.559000   0.317 0.000   0.444 0.000 999.99 0.259000    2.595 0.000   1.506 0.000   1.089 0.000 0.012 0.000 0.055 0.559
145.333333 146.333333   17.66 0.000  0.58 0.000 9.999 0.259000 9.99 0.259000 0.012 0.559000   0.583 0.000   0.816 0.000 999.99 0.259000    3.472 0.000   1.557 0.000   1.916 0.000 0.022 0.000 0.094 0.559
148.333333 149.333333    5.40 0.000  0.27 0.000 9.999 0.259000 9.99 0.259000 0.004 0.559000   0.331 0.000   0.463 0.000 999.99 0.259000    1.054 0.000   0.366 0.000   0.689 0.000 0.006 0.000 0.043 0.559
151.333333 152.333333   24.16 0.000  0.70 0.000 0.029 0.000000 9.99 0.259000 0.071 0.559000   0.870 0.000   1.218 0.000 999.99 0.259000    4.459 0.000   0.910 0.000   3.549 0.000 0.027 0.000 0.222 0.559
154.333333 155.333333   13.21 0.000  0.51 0.000 9.999 0.259000 9.99 0.259000 0.025 0.559000   0.873 0.000   1.222 0.000 999.99 0.259000    3.748 0.000   1.347 0.000   2.401 0.000 0.021 0.000 0.096 0.559
157.333333 158.333333   17.09 0.000  0.44 0.000 9.999 0.259000 9.99 0.259000 0.032 0.559000   0.248 0.000   0.347 0.000 999.99 0.259000    4.423 0.000   2.776 0.000   1.646 0.000 0.011 0.000 0.127 0.559
160.333333 161.333333    6.68 0.000  0.23 0.000 9.999 0.259000 9.99 0.259000 0.026 0.559000   0.522 0.000   0.730 0.000 999.99 0.259000    3.253 0.000   1.155 0.000   2.098 0.000 0.008 0.000 0.171 0.559
163.333333 164.333333   40.36 0.000  0.42 0.000 0.031 0.000000 0.09 0.000000 0.032 0.559000   1.491 0.000   2.087 0.000 999.99 0.259000    7.963 0.000   3.814 0.000   4.148 0.000 0.038 0.000 0.177 0.559
166.333333 167.333333   27.21 0.000  0.40 0.000 9.999 0.259000 9.99 0.259000 0.032 0.000000   0.525 0.000   0.735 0.000 999.99 0.259000    4.254 0.000   1.939 0.000   2.315 0.000 0.029 0.000 0.170 0.000
169.333333 170.333333   11.07 0.000  0.25 0.000 9.999 0.259000 9.99 0.259000 0.012 0.559000   0.549 0.000   0.769 0.000 999.99 0.259000    2.851 0.000   1.308 0.000   1.543 0.000 0.014 0.000 0.078 0.559
172.333333 173.333333   27.01 0.000  0.45 0.000 9.999 0.259000 9.99 0.259000 0.020 0.559000   1.369 0.000   1.917 0.000 999.99 0.259000    6.145 0.000   2.435 0.000   3.710 0.000 0.026 0.000 0.141 0.559
175.333333 176.333333   29.13 0.000  0.49 0.000 9.999 0.259000 9.99 0.259000 0.015 0.559000   1.302 0.000   1.823 0.000 999.99 0.259000    5.879 0.000   2.434 0.000   3.445 0.000 0.020 0.000 0.137 0.559
178.333333 179.333333   17.50 0.000  0.20 0.000 9.999 0.259000 9.99 0.259000 0.009 0.559000   0.208 0.000   0.291 0.000 999.99 0.259000    2.229 0.000   1.242 0.000   0.988 0.000 0.012 0.000 0.051 0.559
181.333333 182.333333    8.36 0.000  0.18 0.000 9.999 0.259000 9.99 0.259000 0.010 0.559000   0.364 0.000   0.509 0.000 999.99 0.259000    2.741 0.000   1.340 0.000   1.401 0.000 0.009 0.000 0.071 0.559
184.333333 185.333333   11.10 0.000  0.20 0.000 9.999 0.259000 9.99 0.259000 0.012 0.000000   0.489 0.000   0.684 0.000 999.99 0.259000    2.303 0.000   0.842 0.000   1.460 0.000 0.008 0.000 0.071 0.000
187.333333 188.333333   15.80 0.000  0.76 0.000 9.999 0.259000 9.99 0.259000 0.020 0.559000   0.682 0.000   0.955 0.000 999.99 0.259000    4.226 0.000   1.911 0.000   2.315 0.000 0.047 0.000 0.084 0.559
190.333333 191.333333   49.25 0.000  0.32 0.000 9.999 0.259000 9.99 0.259000 0.010 0.559000   1.439 0.000   2.015 0.000 999.99 0.259000    7.017 0.000   3.683 0.000   3.335 0.000 0.019 0.000 0.067 0.559
193.333333 194.333333   52.14 0.699  0.57 0.699 9.999 0.699259 9.99 0.699259 0.083 0.559000   4.915 0.000   6.881 0.000 999.99 0.699259   13.598 0.000   3.663 0.000   9.935 0.699 0.090 0.699 0.220 0.559
196.333333 197.333333 9999.99 0.699 99.99 0.699 9.999 0.699000 9.99 0.699000 0.036 0.000000  16.010 0.000  22.413 0.000 999.99 0.699000   32.409 0.000 999.999 0.999 999.999 0.699 9.999 0.699 0.184 0.000
199.333333 200.333333 9999.99 0.699 99.99 0.699 9.999 0.699000 9.99 0.699000 0.060 0.559000  17.537 0.000  24.552 0.000 999.99 0.699000   31.476 0.000 999.999 0.999 999.999 0.699 9.999 0.699 0.085 0.559
202.333333 203.333333 9999.99 0.699 99.99 0.699 9.999 0.699000 9.99 0.699000 0.078 0.559000  20.288 0.000  28.404 0.000 999.99 0.699000   40.309 0.000 999.999 0.999 999.999 0.699 9.999 0.699 0.181 0.559
205.333333 206.333333 9999.99 0.699 99.99 0.699 9.999 0.699000 9.99 0.699000 0.224 0.000000  30.509 0.000  42.713 0.000 999.99 0.699000   56.526 0.000 999.999 0.999 999.999 0.699 9.999 0.699 0.235 0.000
208.333333 209.333333   13.29 0.000  0.43 0.000 9.999 0.259000 9.99 0.259000 0.010 0.559000   0.361 0.000   0.505 0.000 999.99 0.259000    3.018 0.000   1.871 0.000   1.147 0.000 0.011 0.000 0.080 0.559
211.333333 212.333333   38.73 0.699  0.39 0.699 9.999 0.699259 9.99 0.699259 0.162 0.000000  35.732 0.000  50.025 0.000 999.99 0.699259   72.940 0.000   8.416 0.000  64.525 0.699 0.143 0.699 0.224 0.000
214.333333 215.333333 9999.99 0.699 99.99 0.699 9.999 0.699000 9.99 0.699000 0.482 0.000000  52.693 0.000  73.771 0.000 999.99 0.699000   96.640 0.000 999.999 0.999 999.999 0.699 9.999 0.699 0.282 0.000
217.333333 218.333333 9999.99 0.699 99.99 0.699 9.999 0.699000 9.99 0.699000 0.215 0.000000  22.151 0.000  31.011 0.000 999.99 0.699000   38.080 0.000 999.999 0.999 999.999 0.699 9.999 0.699 0.212 0.000
220.333333 221.333333 9999.99 0.699 99.99 0.699 9.999 0.699000 9.99 0.699000 0.171 0.559000  37.052 0.000  51.873 0.000 999.99 0.699000   72.577 0.000 999.999 0.999 999.999 0.699 9.999 0.699 0.199 0.559
223.333333 224.333333 9999.99 0.699 99.99 0.699 9.999 0.699000 9.99 0.699000 0.127 0.000000  36.940 0.000  51.716 0.000 999.99 0.699000   66.674 0.000 999.999 0.999 999.999 0.699 9.999 0.699 0.179 0.000
226.333333 227.333333 9999.99 0.699 99.99 0.699 9.999 0.699000 9.99 0.699000 0.373 0.000000  53.304 0.000  74.625 0.000 999.99 0.699000  108.809 0.000 999.999 0.999 999.999 0.699 9.999 0.699 0.196 0.000
229.333333 230.333333 9999.99 0.699 99.99 0.699 9.999 0.699000 9.99 0.699000 0.183 0.000000  37.144 0.000  52.001 0.000 999.99 0.699000   66.196 0.000 999.999 0.999 999.999 0.699 9.999 0.699 0.194 0.000
232.333333 233.333333 9999.99 0.999 99.99 0.999 9.999 0.999000 9.99 0.999000 9.999 0.999000 999.999 0.999 999.999 0.999 999.99 0.999000 9999.999 0.999 999.999 0.999 999.999 0.999 9.999 0.999 9.999 0.999
