scripts/IMPROVE-2019_partial/data/US0011R.20070103060000.20191216000000.filterpack...1y.3d.US03L_filterpack_US0011.US03L_IMPROVE_Davis.lev2.nas
52 1001
MISSING INFORMATION
US03L, IMPROVE, , , , , , , 
MISSING INFORMATION
IMPROVE sel_HTAP
1 1
2007 01 01 2019 12 16
3.00
days from file reference point
5
1 1 1 1 1
999.99 999.999 9.999 999.999 9.999
end_time of measurement, days from the file reference point
pm10_mass, ug/m3, Matrix=pm10
numflag pm10_mass, no unit, Matrix=pm10
pm25_mass, ug/m3, Matrix=pm25
numflag pm25_mass, no unit, Matrix=pm25
0
33
Data definition:              EBAS_1.1
Set type code:                TU
Timezone:                     UTC
File name:                    US0011R.20070103060000.20191216000000.filterpack...1y.3d.US03L_filterpack_US0011.US03L_IMPROVE_Davis.lev2.nas
File creation:                20191218115608
Startdate:                    20070103060000
Revision date:                20191216000000
Version:                      2
Version description:          "Data extracted from http://views.cira.colostate.edu/fed/DataWizard 2019-12-16"
Statistics:                   arithmetic mean
Data level:                   2
Period code:                  1y
Resolution code:              3d
Sample duration:              1d
Orig. time res.:              3d
Station code:                 US0011R
Platform code:                US0011S
Station name:                 Caney Creek
Station latitude:             34.4544
Station longitude:            -94.1429
Station altitude:             683.0 m
Regime:                       IMG
Component:                    
Unit:                         ug/m3
Matrix:                       
Laboratory code:              US03L
Instrument type:              filterpack
Instrument name:              filterpack_US0011
Method ref:                   US03L_IMPROVE_Davis
Blank correction:             Blank corrected
Volume std. temperature:      ambient
Volume std. pressure:         ambient
starttime endtime PM10 flag_PM10 PM2.5 flag_PM2.5
  2.25   3.25   7.789 0.000   6.197 0.000
  5.25   6.25   8.359 0.000   7.268 0.000
  8.25   9.25   5.674 0.000   1.256 0.000
 11.25  12.25   4.502 0.000   2.974 0.000
 14.25  15.25 999.999 0.456 999.999 0.456
 17.25  18.25 999.999 0.456 999.999 0.456
 20.25  21.25 999.999 0.456 999.999 0.456
 23.25  24.25   4.845 0.000   3.163 0.000
 26.25  27.25   8.838 0.000   6.994 0.000
 29.25  30.25   8.265 0.000   4.301 0.000
 32.25  33.25  10.869 0.000  10.015 0.000
 35.25  36.25   9.483 0.000   6.130 0.000
 38.25  39.25 999.999 0.999 999.999 0.999
 41.25  42.25 999.999 0.999 999.999 0.999
 44.25  45.25   9.051 0.000   8.039 0.000
 47.25  48.25   7.295 0.000   4.977 0.000
 50.25  51.25  13.909 0.000   6.353 0.000
 53.25  54.25  11.537 0.000   6.517 0.000
 56.25  57.25  15.933 0.000   5.098 0.000
 59.25  60.25  17.535 0.000   8.548 0.000
 62.25  63.25  15.308 0.000   3.977 0.000
 65.25  66.25  21.066 0.000  10.115 0.000
 68.25  69.25  19.536 0.000  14.979 0.000
 71.25  72.25   9.801 0.000   8.774 0.000
 74.25  75.25   9.613 0.000   6.635 0.000
 77.25  78.25  14.239 0.000  10.091 0.000
 80.25  81.25  15.211 0.000   8.970 0.000
 83.25  84.25  18.183 0.000   6.499 0.000
 86.25  87.25  10.981 0.000   6.185 0.000
 89.25  90.25   5.235 0.000   2.579 0.000
 92.25  93.25  17.502 0.000  10.712 0.000
 95.25  96.25  15.254 0.000   9.894 0.000
 98.25  99.25  11.408 0.000   6.522 0.000
101.25 102.25 999.999 0.999 999.999 0.999
104.25 105.25 999.999 0.999 999.999 0.999
107.25 108.25 999.999 0.999 999.999 0.999
110.25 111.25 999.999 0.999 999.999 0.999
113.25 114.25  13.320 0.000   8.935 0.000
116.25 117.25   9.737 0.000   4.768 0.000
119.25 120.25  21.764 0.000   8.918 0.000
122.25 123.25   7.447 0.000   3.754 0.000
125.25 126.25  17.395 0.000   7.290 0.000
128.25 129.25  19.563 0.000   9.918 0.000
131.25 132.25  18.224 0.000   8.173 0.000
134.25 135.25  29.339 0.000  15.350 0.000
137.25 138.25  16.305 0.000   4.996 0.000
140.25 141.25  26.693 0.000  16.663 0.000
143.25 144.25  17.740 0.000  10.398 0.000
146.25 147.25  17.585 0.000  10.712 0.000
149.25 150.25   5.871 0.000   2.501 0.000
152.25 153.25  21.917 0.000  16.547 0.000
155.25 156.25  16.968 0.000   8.029 0.000
158.25 159.25  14.047 0.000   7.625 0.000
161.25 162.25  19.758 0.000  14.314 0.000
164.25 165.25  37.456 0.000  25.681 0.000
167.25 168.25  14.754 0.000  11.233 0.000
170.25 171.25  12.760 0.000   8.202 0.000
173.25 174.25  29.096 0.000  16.670 0.000
176.25 177.25  15.646 0.000   6.752 0.000
179.25 180.25  17.228 0.000  11.943 0.000
182.25 183.25  12.054 0.000   7.539 0.000
185.25 186.25  10.728 0.000   6.348 0.000
188.25 189.25  16.745 0.000  12.074 0.000
191.25 192.25  14.069 0.000   7.940 0.000
194.25 195.25   5.671 0.000   3.363 0.000
197.25 198.25  18.387 0.000  12.606 0.000
200.25 201.25   8.959 0.000   5.592 0.000
203.25 204.25  17.908 0.000  12.714 0.000
206.25 207.25  28.145 0.000  22.017 0.000
209.25 210.25  16.470 0.000   9.098 0.000
212.25 213.25  31.401 0.000  26.636 0.000
215.25 216.25  22.976 0.000  16.920 0.000
218.25 219.25  22.366 0.000  10.568 0.000
221.25 222.25 999.999 0.456  16.731 0.000
224.25 225.25  24.604 0.000  14.328 0.000
227.25 228.25  32.676 0.000  24.705 0.000
230.25 231.25  24.947 0.000  13.891 0.000
233.25 234.25  14.299 0.000   7.211 0.000
236.25 237.25   8.331 0.000   4.601 0.000
239.25 240.25  18.240 0.000  11.345 0.000
242.25 243.25  18.450 0.000  10.914 0.000
245.25 246.25  31.859 0.000  18.877 0.000
248.25 249.25  10.359 0.000   7.422 0.000
251.25 252.25   7.739 0.000   5.083 0.000
254.25 255.25   7.623 0.000   4.370 0.000
257.25 258.25  15.104 0.000   7.318 0.000
260.25 261.25  25.127 0.000  16.283 0.000
263.25 264.25  30.963 0.000  21.863 0.000
266.25 267.25  16.098 0.000  13.432 0.000
269.25 270.25  11.918 0.000   7.745 0.000
272.25 273.25  20.841 0.000  16.689 0.000
275.25 276.25  23.352 0.000  17.836 0.000
278.25 279.25   9.493 0.000   6.660 0.000
281.25 282.25   7.378 0.000   2.606 0.000
284.25 285.25  13.968 0.000   6.259 0.000
287.25 288.25   5.486 0.000   3.393 0.000
290.25 291.25  11.097 0.000   4.629 0.000
293.25 294.25  13.622 0.000   6.421 0.000
296.25 297.25   8.105 0.000   2.200 0.000
299.25 300.25  10.222 0.000   6.215 0.000
302.25 303.25  13.759 0.000   9.009 0.000
305.25 306.25  17.233 0.000   6.689 0.000
308.25 309.25 999.999 0.999 999.999 0.999
311.25 312.25 999.999 0.456 999.999 0.456
314.25 315.25 999.999 0.456 999.999 0.456
317.25 318.25  15.765 0.000   7.476 0.000
320.25 321.25  21.303 0.000   9.419 0.000
323.25 324.25   8.571 0.000   6.098 0.000
326.25 327.25 999.999 0.999 999.999 0.999
329.25 330.25 999.999 0.999 999.999 0.999
332.25 333.25   7.125 0.000   2.590 0.000
335.25 336.25   7.179 0.000   3.986 0.000
338.25 339.25  12.844 0.000   6.550 0.000
341.25 342.25  12.515 0.000   9.996 0.000
344.25 345.25   3.813 0.000   2.051 0.000
347.25 348.25   5.253 0.000   3.767 0.000
350.25 351.25   3.989 0.000   2.833 0.000
353.25 354.25   9.567 0.000   6.441 0.000
356.25 357.25   2.823 0.000   2.641 0.000
359.25 360.25   3.311 0.000   2.263 0.000
362.25 363.25   5.117 0.000   3.578 0.000
