scripts/IMPROVE-2019_partial/data/US0077R.20010101070000.20191216000000.filterpack..pm25.52w.1w.US03L_filterpack_US0077.US03L_IMPROVE_Davis.lev2.nas
64 1001
MISSING INFORMATION
US03L, IMPROVE, , , , , , , 
MISSING INFORMATION
IMPROVE sel_HTAP
1 1
2001 01 01 2019 12 16
3.000000
days from file reference point
25
1 1 1 1 1 1 1 1 1 1 1 1 1 1 1 1 1 1 1 1 1 1 1 1 1
999.999999 99999.99 9.999 99.99 9.999999 9.999 9.999999 99.99 9.999999 9.999 9.999999 99.999 9.999 99.999 9.999 999.999 9.999 999.999 9.999 999.999 9.999 9.999 9.999 9.999 9.999999
end_time of measurement, days from the file reference point
iron, ng/m3, Revision date=20181210133000
numflag iron, no unit, Revision date=20181210133000
lead, ng/m3, Revision date=20181210133000
numflag lead, no unit, Revision date=20181210133000
magnesium, ug/m3, Revision date=20181210133000
numflag magnesium, no unit, Revision date=20181210133000
nickel, ng/m3, Revision date=20181210133000
numflag nickel, no unit, Revision date=20181210133000
nitrate, ug N/m3, Revision date=20181210133000
numflag nitrate, no unit, Revision date=20181210133000
organic_carbon, ug C/m3, Revision date=20181210133000
numflag organic_carbon, no unit, Revision date=20181210133000
organic_mass, ug/m3, Revision date=20181210133000
numflag organic_mass, no unit, Revision date=20181210133000
pm10_mass, ug/m3, Version=2, Version description=Data extracted from http://views.cira.colostate.edu/fed/DataWizard 2019-12-16, Sample duration=1d, Orig. time res.=3d, Matrix=pm10, Blank correction=Blank corrected, Volume std. temperature=ambient, Volume std. pressure=ambient
numflag pm10_mass, no unit, Version=2, Version description=Data extracted from http://views.cira.colostate.edu/fed/DataWizard 2019-12-16, Sample duration=1d, Orig. time res.=3d, Matrix=pm10, Blank correction=Blank corrected, Volume std. temperature=ambient, Volume std. pressure=ambient
pm10_pm25_mass, ug/m3, Revision date=20181210133000, Matrix=pm10_pm25
numflag pm10_pm25_mass, no unit, Revision date=20181210133000, Matrix=pm10_pm25
pm25_mass, ug/m3, Version=2, Version description=Data extracted from http://views.cira.colostate.edu/fed/DataWizard 2019-12-16, Sample duration=1d, Orig. time res.=3d, Blank correction=Blank corrected, Volume std. temperature=ambient, Volume std. pressure=ambient
numflag pm25_mass, no unit, Version=2, Version description=Data extracted from http://views.cira.colostate.edu/fed/DataWizard 2019-12-16, Sample duration=1d, Orig. time res.=3d, Blank correction=Blank corrected, Volume std. temperature=ambient, Volume std. pressure=ambient
potassium, ug/m3, Revision date=20181210133000
numflag potassium, no unit, Revision date=20181210133000
sulphate_total, ug S/m3, Revision date=20181210133000
numflag sulphate_total, no unit, Revision date=20181210133000
0
25
Data definition:              EBAS_1.1
Set type code:                TU
Timezone:                     UTC
File name:                    US0077R.20010101070000.20191216000000.filterpack..pm25.52w.1w.US03L_filterpack_US0077.US03L_IMPROVE_Davis.lev2.nas
File creation:                20191218120037
Startdate:                    20010101070000
Revision date:                20191216000000
Statistics:                   arithmetic mean
Data level:                   2
Period code:                  52w
Resolution code:              1w
Station code:                 US0077R
Platform code:                US0077S
Station name:                 Canyonlands NP
Station latitude:             38.4587
Station longitude:            -109.821
Station altitude:             1798.0 m
Regime:                       IMG
Component:                    
Matrix:                       pm25
Laboratory code:              US03L
Instrument type:              filterpack
Instrument name:              filterpack_US0077
Method ref:                   US03L_IMPROVE_Davis
starttime endtime Fe flag_Fe Pb flag_Pb Mg++ flag_Mg++ Ni flag_Ni NO3- flag_NO3- OC flag_OC OM flag_OM PM10 flag_PM10 PM10-PM2.5 flag_PM10-PM2.5 PM2.5 flag_PM2.5 K+ flag_K+ SO4-- flag_SO4--
  0.291667   1.291667     9.37 0.000  0.54 0.000000 9.999 0.259000 99.99 0.259000 0.123 0.000000  0.431 0.000  0.603 0.000   3.014 0.000   0.857 0.000   2.156 0.000 0.022 0.000 0.191 0.000000
  3.291667   4.291667     8.42 0.000  0.39 0.000000 9.999 0.259000 99.99 0.259000 0.279 0.000000  0.476 0.000  0.667 0.000   4.554 0.000   1.954 0.000   2.600 0.000 0.033 0.000 0.172 0.000000
  6.291667   7.291667    12.80 0.000 99.99 0.259000 9.999 0.259000 99.99 0.259000 0.069 0.000000  0.248 0.000  0.347 0.000   2.358 0.000   1.285 0.000   1.073 0.000 0.011 0.000 0.121 0.000000
  9.291667  10.291667     6.64 0.000  1.16 0.000000 9.999 0.259000 99.99 0.259000 0.089 0.559000  0.362 0.000  0.507 0.000   4.106 0.000   1.093 0.000   3.012 0.000 0.030 0.000 0.467 0.559000
 12.291667  13.291667     2.54 0.000 99.99 0.259000 9.999 0.259000  0.05 0.000000 0.028 0.000000  0.139 0.000  0.194 0.000   1.354 0.000   0.878 0.000   0.476 0.000 9.999 0.259 0.101 0.000000
 15.291667  16.291667     4.60 0.000  0.31 0.000000 9.999 0.259000 99.99 0.259000 0.204 0.559000  0.302 0.000  0.423 0.000   3.119 0.000   0.923 0.000   2.196 0.000 0.006 0.000 0.224 0.559000
 18.291667  19.291667     6.15 0.000  0.30 0.000000 9.999 0.259000 99.99 0.259000 0.322 0.559000  0.454 0.000  0.635 0.000   5.670 0.000   1.975 0.000   3.695 0.000 0.015 0.000 0.386 0.559000
 21.291667  22.291667     6.83 0.000  0.52 0.000000 9.999 0.259000 99.99 0.259000 0.374 0.000000  0.467 0.000  0.653 0.000   5.328 0.000   1.656 0.000   3.673 0.000 0.026 0.000 0.302 0.000000
 24.291667  25.291667     6.59 0.000  0.36 0.000000 9.999 0.259000  0.12 0.000000 0.062 0.000000  0.154 0.000  0.215 0.000   2.402 0.000   1.007 0.000   1.395 0.000 0.006 0.000 0.218 0.000000
 27.291667  28.291667     2.16 0.000  0.24 0.000000 9.999 0.259000 99.99 0.259000 0.096 0.000000  0.159 0.000  0.223 0.000   1.441 0.000   0.205 0.000   1.237 0.000 0.005 0.000 0.222 0.000000
 30.291667  31.291667     7.74 0.000 99.99 0.259000 9.999 0.259000 99.99 0.259000 0.146 0.000000  0.295 0.000  0.413 0.000   2.329 0.000   1.029 0.000   1.300 0.000 0.009 0.000 0.173 0.000000
 33.291667  34.291667    10.94 0.000  0.65 0.000000 9.999 0.259000 99.99 0.259000 0.213 0.559000  0.400 0.000  0.561 0.000   3.276 0.000   1.301 0.000   1.975 0.000 0.041 0.000 0.244 0.559000
 36.291667  37.291667    18.43 0.000  0.36 0.000000 9.999 0.259000 99.99 0.259000 0.082 0.000000  0.251 0.000  0.351 0.000   3.310 0.000   1.646 0.000   1.665 0.000 0.018 0.000 0.174 0.000000
 39.291667  40.291667     8.99 0.000  0.49 0.000000 9.999 0.259000 99.99 0.259000 0.073 0.000000  0.217 0.000  0.303 0.000   3.039 0.000   1.138 0.000   1.901 0.000 0.013 0.000 0.319 0.000000
 42.291667  43.291667    20.98 0.000  1.29 0.000000 9.999 0.259000  0.06 0.000000 0.034 0.000000  0.259 0.000  0.362 0.000   3.931 0.000   1.938 0.000   1.993 0.000 0.029 0.000 0.282 0.000000
 45.291667  46.291667     5.38 0.000  0.14 0.000000 9.999 0.259000  0.19 0.000000 0.032 0.000000  0.208 0.000  0.291 0.000   0.879 0.000   0.181 0.000   0.698 0.000 0.007 0.000 0.170 0.000000
 48.291667  49.291667     9.20 0.000  0.52 0.000000 9.999 0.259000 99.99 0.259000 0.157 0.000000  0.311 0.000  0.435 0.000   2.926 0.000   0.504 0.000   2.422 0.000 0.026 0.000 0.413 0.000000
 51.291667  52.291667 99999.99 0.999 99.99 0.999000 9.999 0.999000 99.99 0.999000 9.999 0.999000 99.999 0.999 99.999 0.999 999.999 0.999 999.999 0.999 999.999 0.999 9.999 0.999 9.999 0.999000
 54.291667  55.291667 99999.99 0.999 99.99 0.999000 9.999 0.999000 99.99 0.999000 9.999 0.999000 99.999 0.999 99.999 0.999 999.999 0.999 999.999 0.999 999.999 0.999 9.999 0.999 9.999 0.999000
 57.291667  58.291667 99999.99 0.999 99.99 0.999000 9.999 0.999000 99.99 0.999000 9.999 0.999000 99.999 0.999 99.999 0.999 999.999 0.999 999.999 0.999 999.999 0.999 9.999 0.999 9.999 0.999000
 60.291667  61.291667 99999.99 0.999 99.99 0.999000 9.999 0.999000 99.99 0.999000 9.999 0.999000 99.999 0.999 99.999 0.999 999.999 0.999 999.999 0.999 999.999 0.999 9.999 0.999 9.999 0.999000
 63.291667  64.291667 99999.99 0.999 99.99 0.999000 9.999 0.999000 99.99 0.999000 0.007 0.000000  0.004 0.000  0.006 0.000 999.999 0.259 999.999 0.999 999.999 0.999 9.999 0.999 0.000 0.000000
 66.291667  67.291667    16.50 0.000  1.31 0.000000 9.999 0.259000 99.99 0.259000 0.044 0.000000  0.427 0.000  0.597 0.000   3.559 0.000   0.895 0.000   2.664 0.000 0.019 0.000 0.308 0.000000
 69.291667  70.291667     2.33 0.000  0.28 0.000000 9.999 0.259000  0.98 0.000000 0.018 0.000000  0.092 0.000  0.128 0.000   0.437 0.000 999.999 0.259   0.537 0.000 0.002 0.000 0.069 0.000000
 72.291667  73.291667    77.62 0.000  0.50 0.000000 9.999 0.259000 99.99 0.259000 0.031 0.000000  0.210 0.000  0.294 0.000  18.273 0.000  15.090 0.000   3.183 0.000 0.052 0.000 0.182 0.000000
 75.291667  76.291667    21.42 0.000  0.60 0.000000 9.999 0.259000  0.44 0.000000 0.024 0.000000  0.370 0.000  0.518 0.000   4.384 0.000   1.290 0.000   3.093 0.000 0.013 0.000 0.462 0.000000
 78.291667  79.291667    21.39 0.000  0.59 0.000000 9.999 0.259000 99.99 0.259000 0.016 0.000000  0.172 0.000  0.240 0.000   6.866 0.000   4.922 0.000   1.944 0.000 0.022 0.000 0.188 0.000000
 81.291667  82.291667     7.37 0.000  0.20 0.000000 9.999 0.259000 99.99 0.259000 0.007 0.000000  0.134 0.000  0.187 0.000   2.272 0.000   0.896 0.000   1.376 0.000 0.010 0.000 0.146 0.000000
 84.291667  85.291667    25.44 0.559  0.53 0.559000 9.999 0.559259 99.99 0.559259 0.017 0.000000  0.364 0.000  0.510 0.000   3.082 0.000   0.278 0.000   2.804 0.559 0.025 0.559 0.257 0.000000
 87.291667  88.291667    24.18 0.000  0.74 0.000000 9.999 0.259000 99.99 0.259000 0.012 0.000000  0.230 0.000  0.322 0.000   4.717 0.000   3.077 0.000   1.640 0.000 0.015 0.000 0.134 0.000000
 90.291667  91.291667    54.38 0.559 99.99 0.559259 9.999 0.559259 99.99 0.559259 0.022 0.000000  0.308 0.000  0.431 0.000   5.591 0.000   3.178 0.000   2.413 0.559 0.035 0.559 0.140 0.000000
 93.291667  94.291667    34.44 0.559  0.84 0.559000 9.999 0.559259  0.80 0.559000 0.059 0.000000  0.457 0.000  0.640 0.000   9.187 0.000   5.486 0.000   3.702 0.559 0.035 0.559 0.401 0.000000
 96.291667  97.291667    34.33 0.000  1.11 0.000000 9.999 0.259000 99.99 0.259000 0.091 0.000000  0.417 0.000  0.584 0.000   6.333 0.000   2.732 0.000   3.601 0.000 0.029 0.000 0.380 0.000000
 99.291667 100.291667    55.92 0.559  2.89 0.559000 9.999 0.559259  0.28 0.559000 0.066 0.000000  0.301 0.000  0.422 0.000   6.623 0.000   1.922 0.000   4.701 0.559 0.055 0.559 0.413 0.000000
102.291667 103.291667    88.56 0.000  0.49 0.000000 9.999 0.259000 99.99 0.259000 0.015 0.559000  0.320 0.000  0.448 0.000   5.382 0.000   2.730 0.000   2.651 0.000 0.056 0.000 0.110 0.559000
105.291667 106.291667  1020.86 0.559  3.67 0.559000 9.999 0.559259 99.99 0.559259 0.124 0.559000  0.864 0.000  1.210 0.000  42.274 0.000  17.467 0.000  24.807 0.559 0.530 0.559 0.469 0.559000
108.291667 109.291667   141.95 0.559  0.69 0.559000 9.999 0.559259  0.12 0.559000 0.036 0.000000  0.361 0.000  0.506 0.000  12.379 0.000   7.927 0.000   4.452 0.559 0.096 0.559 0.167 0.000000
111.291667 112.291667    51.86 0.000  0.35 0.000000 9.999 0.259000 99.99 0.259000 0.016 0.000000  0.285 0.000  0.399 0.000   6.076 0.000   3.286 0.000   2.791 0.000 0.031 0.000 0.211 0.000000
114.291667 115.291667   193.15 0.559  1.80 0.559000 9.999 0.559259 99.99 0.559259 0.049 0.000000  0.327 0.000  0.458 0.000  11.603 0.000   5.927 0.000   5.676 0.559 0.130 0.559 0.285 0.000000
117.291667 118.291667    51.80 0.559  0.33 0.559000 9.999 0.559259 99.99 0.559259 0.022 0.000000  0.419 0.000  0.587 0.000   5.787 0.000   2.462 0.000   3.325 0.559 0.037 0.559 0.310 0.000000
120.291667 121.291667   234.78 0.559  1.70 0.559000 9.999 0.559259 99.99 0.559259 0.056 0.000000  0.455 0.000  0.637 0.000  14.122 0.000   7.655 0.000   6.467 0.559 0.133 0.559 0.266 0.000000
123.291667 124.291667    24.26 0.000 99.99 0.259000 9.999 0.259000  1.04 0.000000 0.014 0.000000  0.267 0.000  0.373 0.000   1.866 0.000   0.805 0.000   1.061 0.000 0.016 0.000 0.085 0.000000
126.291667 127.291667   172.68 0.559  1.37 0.559000 9.999 0.559259 99.99 0.559259 0.041 0.000000  1.270 0.000  1.778 0.000  10.164 0.000   4.071 0.000   6.094 0.559 0.108 0.559 0.258 0.000000
129.291667 130.291667   127.00 0.559  0.91 0.559000 9.999 0.559259 99.99 0.559259 0.033 0.000000  0.963 0.000  1.349 0.000  11.487 0.000   6.616 0.000   4.871 0.559 0.083 0.559 0.158 0.000000
132.291667 133.291667   133.89 0.559  0.97 0.559000 9.999 0.559259 99.99 0.559259 0.034 0.000000  0.801 0.000  1.121 0.000  12.774 0.000   7.004 0.000   5.770 0.559 0.090 0.559 0.356 0.000000
135.291667 136.291667   102.57 0.000  1.08 0.000000 9.999 0.259000  0.28 0.000000 0.042 0.559000  0.675 0.000  0.944 0.000 999.999 0.456 999.999 0.999   3.894 0.000 0.065 0.000 0.252 0.559000
138.291667 139.291667    60.61 0.000  0.79 0.000000 9.999 0.259000  0.23 0.000000 0.030 0.000000  0.705 0.000  0.987 0.000 999.999 0.456 999.999 0.999   3.314 0.000 0.043 0.000 0.238 0.000000
141.291667 142.291667    53.24 0.000  0.38 0.000000 9.999 0.259000  0.51 0.000000 0.017 0.559000  0.574 0.000  0.804 0.000 999.999 0.456 999.999 0.999   2.274 0.000 0.039 0.000 0.129 0.559000
144.291667 145.291667    52.02 0.559  0.36 0.559000 9.999 0.559259 99.99 0.559259 0.018 0.000000  0.730 0.000  1.022 0.000   7.796 0.000   4.673 0.000   3.123 0.559 0.039 0.559 0.163 0.000000
147.291667 148.291667    46.63 0.559  0.47 0.559000 9.999 0.559259  0.24 0.559000 0.025 0.000000  0.572 0.000  0.801 0.000   7.673 0.000   4.217 0.000   3.456 0.559 0.052 0.559 0.234 0.000000
150.291667 151.291667 99999.99 0.999 99.99 0.999000 9.999 0.999000 99.99 0.999000 9.999 0.999000 99.999 0.999 99.999 0.999 999.999 0.999 999.999 0.999 999.999 0.999 9.999 0.999 9.999 0.999000
153.291667 154.291667 99999.99 0.999 99.99 0.999000 9.999 0.999000 99.99 0.999000 9.999 0.999000 99.999 0.999 99.999 0.999 999.999 0.999 999.999 0.999 999.999 0.999 9.999 0.999 9.999 0.999000
156.291667 157.291667    94.21 0.000  0.62 0.000000 9.999 0.259000 99.99 0.259000 0.041 0.559000  0.397 0.000  0.556 0.000   9.697 0.000   5.683 0.000   4.014 0.000 0.062 0.000 0.224 0.559000
159.291667 160.291667    56.05 0.000  0.64 0.000000 9.999 0.259000 99.99 0.259000 0.071 0.559000  0.629 0.000  0.881 0.000  11.518 0.000   6.983 0.000   4.534 0.000 0.076 0.000 0.387 0.559000
162.291667 163.291667    55.50 0.394  0.38 0.394000 9.999 0.394259 99.99 0.394259 0.031 0.559394  0.266 0.000  0.372 0.000  11.502 0.000   8.385 0.000   3.116 0.000 0.049 0.394 0.150 0.559394
165.291667 166.291667    47.36 0.000  0.18 0.000000 9.999 0.259000 99.99 0.259000 0.015 0.559000  0.670 0.000  0.937 0.000   3.664 0.000   0.988 0.000   2.676 0.000 0.049 0.000 0.090 0.559000
168.291667 169.291667   135.89 0.000  0.64 0.000000 9.999 0.259000 99.99 0.259000 0.073 0.559000  1.253 0.000  1.754 0.000   8.172 0.000   1.862 0.000   6.310 0.000 0.109 0.000 0.230 0.559000
171.291667 172.291667    82.91 0.000  0.76 0.000000 9.999 0.259000 99.99 0.259000 0.048 0.559000  1.826 0.000  2.556 0.000  14.439 0.000   7.717 0.000   6.723 0.000 0.094 0.000 0.230 0.559000
174.291667 175.291667    47.29 0.000  0.48 0.000000 9.999 0.259000 99.99 0.259000 0.040 0.559000  0.453 0.000  0.634 0.000   8.681 0.000   4.210 0.000   4.471 0.000 0.071 0.000 0.441 0.559000
177.291667 178.291667    25.99 0.000  0.46 0.000000 9.999 0.259000  0.36 0.000000 0.064 0.559000  0.266 0.000  0.372 0.000   4.330 0.000   1.604 0.000   2.726 0.000 0.036 0.000 0.286 0.559000
180.291667 181.291667    20.56 0.000  0.33 0.000000 9.999 0.259000 99.99 0.259000 0.021 0.000000  0.463 0.000  0.648 0.000   6.646 0.000   4.225 0.000   2.421 0.000 0.021 0.000 0.210 0.000000
183.291667 184.291667    28.75 0.559  0.39 0.559000 9.999 0.559259 99.99 0.559259 0.016 0.000000  0.746 0.000  1.044 0.000   7.024 0.000   3.232 0.000   3.792 0.559 0.036 0.559 0.306 0.000000
186.291667 187.291667    30.30 0.559  0.31 0.559000 9.999 0.559259 99.99 0.559259 0.018 0.000000  0.710 0.000  0.994 0.000   8.137 0.000   4.616 0.000   3.521 0.559 0.033 0.559 0.235 0.000000
189.291667 190.291667    21.56 0.000  0.27 0.000000 9.999 0.259000  0.09 0.000000 0.025 0.000000  0.396 0.000  0.555 0.000   4.431 0.000   2.309 0.000   2.122 0.000 0.025 0.000 0.198 0.000000
192.291667 193.291667    31.28 0.000  0.12 0.000000 9.999 0.259000  0.36 0.000000 0.019 0.000000  0.673 0.000  0.942 0.000   3.644 0.000   1.150 0.000   2.494 0.000 0.033 0.000 0.209 0.000000
195.291667 196.291667    21.52 0.000  0.34 0.000000 9.999 0.259000 99.99 0.259000 0.072 0.000000  0.295 0.000  0.414 0.000   4.201 0.000   1.461 0.000   2.740 0.000 0.034 0.000 0.334 0.000000
198.291667 199.291667    42.66 0.559  0.32 0.559000 9.999 0.559259  0.14 0.559000 0.055 0.000000  0.083 0.000  0.116 0.000   7.882 0.000   4.493 0.000   3.388 0.559 0.047 0.559 0.362 0.000000
201.291667 202.291667    20.35 0.559  0.34 0.559000 9.999 0.559259 99.99 0.559259 0.029 0.000000  0.122 0.000  0.171 0.000   6.007 0.000   3.064 0.000   2.943 0.559 0.026 0.559 0.375 0.000000
204.291667 205.291667 99999.99 0.456 99.99 0.456000 9.999 0.456000 99.99 0.456000 9.999 0.456000 99.999 0.999 99.999 0.999 999.999 0.456 999.999 0.999 999.999 0.456 9.999 0.456 9.999 0.456000
207.291667 208.291667 99999.99 0.456 99.99 0.456000 9.999 0.456000 99.99 0.456000 9.999 0.456000 99.999 0.999 99.999 0.999 999.999 0.456 999.999 0.999 999.999 0.456 9.999 0.456 9.999 0.456000
210.291667 211.291667 99999.99 0.456 99.99 0.456000 9.999 0.456000 99.99 0.456000 9.999 0.456000 99.999 0.999 99.999 0.999 999.999 0.456 999.999 0.999 999.999 0.456 9.999 0.456 9.999 0.456000
213.291667 214.291667    25.74 0.000  0.22 0.000000 9.999 0.259000  0.32 0.000000 0.011 0.000000  0.350 0.000  0.490 0.000   5.729 0.000   2.900 0.000   2.829 0.000 0.021 0.000 0.245 0.000000
216.291667 217.291667    17.92 0.559  0.44 0.559000 9.999 0.559259 99.99 0.559259 0.013 0.000000  0.359 0.000  0.503 0.000   5.701 0.000   2.688 0.000   3.014 0.559 0.023 0.559 0.300 0.000000
219.291667 220.291667    24.62 0.000  0.32 0.000000 9.999 0.259000 99.99 0.259000 0.028 0.000000  0.525 0.000  0.735 0.000   6.087 0.000   2.631 0.000   3.456 0.000 0.025 0.000 0.355 0.000000
222.291667 223.291667    16.99 0.000  0.17 0.000000 9.999 0.259000 99.99 0.259000 0.024 0.000000  0.679 0.000  0.951 0.000   4.729 0.000   1.888 0.000   2.841 0.000 0.028 0.000 0.268 0.000000
225.291667 226.291667 99999.99 0.999 99.99 0.999000 9.999 0.999000 99.99 0.999000 9.999 0.999000 99.999 0.999 99.999 0.999 999.999 0.999 999.999 0.999 999.999 0.999 9.999 0.999 9.999 0.999000
228.291667 229.291667    15.13 0.000  0.18 0.000000 9.999 0.259000 99.99 0.259000 0.021 0.000000  1.307 0.000  1.829 0.000   6.339 0.000   2.411 0.000   3.928 0.000 0.074 0.000 0.230 0.000000
231.291667 232.291667    14.10 0.000  0.26 0.000000 9.999 0.259000  0.37 0.000000 0.011 0.000000  0.724 0.000  1.013 0.000   4.508 0.000   1.576 0.000   2.932 0.000 0.048 0.000 0.223 0.000000
234.291667 235.291667    15.71 0.000  0.31 0.000000 9.999 0.259000  0.40 0.000000 0.015 0.000000  0.306 0.000  0.429 0.000   4.711 0.000   2.227 0.000   2.484 0.000 0.041 0.000 0.251 0.000000
237.291667 238.291667    16.78 0.000  0.16 0.000000 9.999 0.259000 99.99 0.259000 0.012 0.000000  0.513 0.000  0.719 0.000   4.482 0.000   2.103 0.000   2.378 0.000 0.022 0.000 0.202 0.000000
240.291667 241.291667    27.79 0.559  0.39 0.559000 9.999 0.559259 99.99 0.559259 0.016 0.000000  0.972 0.000  1.360 0.000   9.609 0.000   5.208 0.000   4.401 0.559 0.041 0.559 0.380 0.000000
243.291667 244.291667    27.56 0.000 99.99 0.259000 9.999 0.259000  0.09 0.000000 0.031 0.559000  0.415 0.000  0.581 0.000   7.308 0.000   4.437 0.000   2.870 0.000 0.028 0.000 0.270 0.559000
246.291667 247.291667    31.57 0.000  0.32 0.000000 9.999 0.259000  0.14 0.000000 0.018 0.000000  0.738 0.000  1.034 0.000   9.208 0.000   5.017 0.000   4.191 0.000 0.043 0.000 0.362 0.000000
