scripts/IMPROVE-2019_partial/data/US0064R.20010101080000.20191216000000.filterpack..pm25.52w.1w.US03L_filterpack_US0064.US03L_IMPROVE_Davis.lev2.nas
64 1001
MISSING INFORMATION
US03L, IMPROVE, , , , , , , 
MISSING INFORMATION
IMPROVE sel_HTAP
1 1
2001 01 01 2019 12 16
3.000000
days from file reference point
25
1 1 1 1 1 1 1 1 1 1 1 1 1 1 1 1 1 1 1 1 1 1 1 1 1
999.999999 9999.99 9.999 99.99 9.999999 9.999 9.999999 9.99 9.999999 9.999 9.999 99.999 9.999 99.999 9.999 999.999 9.999 999.999 9.999 999.999 9.999 9.999 9.999999 9.999 9.999
end_time of measurement, days from the file reference point
iron, ng/m3, Revision date=20181210133000
numflag iron, no unit, Revision date=20181210133000
lead, ng/m3, Revision date=20181210133000
numflag lead, no unit, Revision date=20181210133000
magnesium, ug/m3, Revision date=20181210133000
numflag magnesium, no unit, Revision date=20181210133000
nickel, ng/m3, Revision date=20181210133000
numflag nickel, no unit, Revision date=20181210133000
nitrate, ug N/m3, Revision date=20181210133000
numflag nitrate, no unit, Revision date=20181210133000
organic_carbon, ug C/m3, Revision date=20181210133000
numflag organic_carbon, no unit, Revision date=20181210133000
organic_mass, ug/m3, Revision date=20181210133000
numflag organic_mass, no unit, Revision date=20181210133000
pm10_mass, ug/m3, Version=2, Version description=Data extracted from http://views.cira.colostate.edu/fed/DataWizard 2019-12-16, Sample duration=1d, Orig. time res.=3d, Matrix=pm10, Blank correction=Blank corrected, Volume std. temperature=ambient, Volume std. pressure=ambient
numflag pm10_mass, no unit, Version=2, Version description=Data extracted from http://views.cira.colostate.edu/fed/DataWizard 2019-12-16, Sample duration=1d, Orig. time res.=3d, Matrix=pm10, Blank correction=Blank corrected, Volume std. temperature=ambient, Volume std. pressure=ambient
pm10_pm25_mass, ug/m3, Revision date=20181210133000, Matrix=pm10_pm25
numflag pm10_pm25_mass, no unit, Revision date=20181210133000, Matrix=pm10_pm25
pm25_mass, ug/m3, Version=2, Version description=Data extracted from http://views.cira.colostate.edu/fed/DataWizard 2019-12-16, Sample duration=1d, Orig. time res.=3d, Blank correction=Blank corrected, Volume std. temperature=ambient, Volume std. pressure=ambient
numflag pm25_mass, no unit, Version=2, Version description=Data extracted from http://views.cira.colostate.edu/fed/DataWizard 2019-12-16, Sample duration=1d, Orig. time res.=3d, Blank correction=Blank corrected, Volume std. temperature=ambient, Volume std. pressure=ambient
potassium, ug/m3, Revision date=20181210133000
numflag potassium, no unit, Revision date=20181210133000
sulphate_total, ug S/m3, Revision date=20181210133000
numflag sulphate_total, no unit, Revision date=20181210133000
0
25
Data definition:              EBAS_1.1
Set type code:                TU
Timezone:                     UTC
File name:                    US0064R.20010101080000.20191216000000.filterpack..pm25.52w.1w.US03L_filterpack_US0064.US03L_IMPROVE_Davis.lev2.nas
File creation:                20191218115936
Startdate:                    20010101080000
Revision date:                20191216000000
Statistics:                   arithmetic mean
Data level:                   2
Period code:                  52w
Resolution code:              1w
Station code:                 US0064R
Platform code:                US0064S
Station name:                 Jarbidge Wilderness
Station latitude:             41.8926
Station longitude:            -115.4261
Station altitude:             1869.0 m
Regime:                       IMG
Component:                    
Matrix:                       pm25
Laboratory code:              US03L
Instrument type:              filterpack
Instrument name:              filterpack_US0064
Method ref:                   US03L_IMPROVE_Davis
starttime endtime Fe flag_Fe Pb flag_Pb Mg++ flag_Mg++ Ni flag_Ni NO3- flag_NO3- OC flag_OC OM flag_OM PM10 flag_PM10 PM10-PM2.5 flag_PM10-PM2.5 PM2.5 flag_PM2.5 K+ flag_K+ SO4-- flag_SO4--
  0.333333   1.333333    2.32 0.000  0.53 0.000000 0.020 0.000000 9.99 0.259000 0.011 0.000  0.224 0.000  0.313 0.000   1.519 0.000   0.726 0.000   0.793 0.000 0.020 0.000000 0.098 0.000
  3.333333   4.333333    2.63 0.000  0.37 0.000000 9.999 0.259000 9.99 0.259000 0.012 0.559  0.112 0.000  0.156 0.000   0.511 0.000 999.999 0.259   0.532 0.000 0.005 0.000000 0.103 0.559
  6.333333   7.333333    2.24 0.000 99.99 0.259000 9.999 0.259000 9.99 0.259000 0.005 0.000  0.139 0.000  0.195 0.000   0.724 0.000   0.380 0.000   0.344 0.000 9.999 0.259000 0.085 0.000
  9.333333  10.333333    1.53 0.559 99.99 0.559259 9.999 0.559259 9.99 0.559259 0.014 0.000  0.152 0.000  0.212 0.000   1.065 0.000   0.576 0.000   0.489 0.559 0.010 0.559000 0.088 0.000
 12.333333  13.333333    0.69 0.559  0.13 0.559000 9.999 0.559259 9.99 0.559259 0.012 0.000  0.124 0.000  0.173 0.000   0.937 0.000   0.285 0.000   0.652 0.559 9.999 0.559259 0.113 0.000
 15.333333  16.333333 9999.99 0.456 99.99 0.456000 9.999 0.456000 9.99 0.456000 0.119 0.559  0.308 0.000  0.431 0.000 999.999 0.456 999.999 0.999 999.999 0.456 9.999 0.456000 0.130 0.559
 18.333333  19.333333    1.98 0.559 99.99 0.559259 9.999 0.559259 9.99 0.559259 0.005 0.000  0.182 0.000  0.255 0.000   0.895 0.000   0.243 0.000   0.652 0.559 0.004 0.559000 0.141 0.000
 21.333333  22.333333    1.57 0.000 99.99 0.259000 0.014 0.000000 9.99 0.259000 0.005 0.000  0.118 0.000  0.165 0.000   0.469 0.000   0.218 0.000   0.250 0.000 0.004 0.000000 0.063 0.000
 24.333333  25.333333    7.54 0.000  0.04 0.000000 9.999 0.259000 9.99 0.259000 0.016 0.000  0.062 0.000  0.087 0.000   0.379 0.000   0.222 0.000   0.156 0.000 0.004 0.000000 0.054 0.000
 27.333333  28.333333    3.59 0.000  0.40 0.000000 9.999 0.259000 9.99 0.259000 0.010 0.000  0.123 0.000  0.173 0.000   0.842 0.000   0.179 0.000   0.663 0.000 0.006 0.000000 0.120 0.000
 30.333333  31.333333    2.16 0.000 99.99 0.259000 9.999 0.259000 0.09 0.000000 0.011 0.559  0.129 0.000  0.180 0.000   0.842 0.000   0.330 0.000   0.512 0.000 0.003 0.000000 0.118 0.559
 33.333333  34.333333    6.58 0.000  0.33 0.000000 9.999 0.259000 0.15 0.000000 0.017 0.000  0.227 0.000  0.318 0.000   2.020 0.000   1.132 0.000   0.888 0.000 0.007 0.000000 0.156 0.000
 36.333333  37.333333    5.27 0.000  0.21 0.000000 9.999 0.259000 9.99 0.259000 0.074 0.000  0.345 0.000  0.482 0.000   1.233 0.000   0.368 0.000   0.865 0.000 0.006 0.000000 0.093 0.000
 39.333333  40.333333 9999.99 0.999 99.99 0.999000 9.999 0.999000 9.99 0.999000 9.999 0.999 99.999 0.999 99.999 0.999 999.999 0.999 999.999 0.999 999.999 0.999 9.999 0.999000 9.999 0.999
 42.333333  43.333333    1.84 0.000  0.20 0.000000 9.999 0.259000 9.99 0.259000 0.055 0.000  0.096 0.000  0.134 0.000   0.884 0.000   0.540 0.000   0.344 0.000 0.008 0.000000 0.091 0.000
 45.333333  46.333333   17.19 0.000 99.99 0.259000 9.999 0.259000 9.99 0.259000 0.012 0.000  0.190 0.000  0.266 0.000   2.026 0.000   1.154 0.000   0.872 0.000 0.017 0.000000 0.044 0.000
 48.333333  49.333333   10.61 0.000  0.31 0.000000 9.999 0.259000 9.99 0.259000 0.023 0.000  0.248 0.000  0.347 0.000   2.079 0.000   0.785 0.000   1.294 0.000 0.015 0.000000 0.091 0.000
 51.333333  52.333333    2.17 0.000 99.99 0.259000 9.999 0.259000 9.99 0.259000 0.011 0.000  0.393 0.000  0.551 0.000   1.063 0.000   0.377 0.000   0.686 0.000 0.005 0.000000 0.040 0.000
 54.333333  55.333333    3.75 0.000  0.12 0.000000 9.999 0.259000 0.07 0.000000 0.005 0.000  0.081 0.000  0.114 0.000   1.922 0.000   0.775 0.000   1.147 0.000 0.010 0.000000 0.133 0.000
 57.333333  58.333333   15.04 0.000  0.50 0.000000 9.999 0.259000 9.99 0.259000 0.092 0.559  0.214 0.000  0.299 0.000   3.249 0.000   1.125 0.000   2.124 0.000 0.024 0.000000 0.180 0.559
 60.333333  61.333333   11.55 0.000  0.56 0.000000 9.999 0.259000 0.60 0.000000 0.060 0.000  0.129 0.000  0.180 0.000   1.943 0.000   0.663 0.000   1.280 0.000 0.011 0.000000 0.123 0.000
 63.333333  64.333333    8.02 0.000 99.99 0.259000 9.999 0.259000 9.99 0.259000 0.010 0.000  0.253 0.000  0.355 0.000   2.056 0.000   0.861 0.000   1.195 0.000 0.012 0.000000 0.113 0.000
 66.333333  67.333333    7.40 0.000  0.80 0.000000 9.999 0.259000 9.99 0.259000 0.016 0.559  0.250 0.000  0.350 0.000   2.067 0.000   0.486 0.000   1.581 0.000 0.008 0.000000 0.172 0.559
 69.333333  70.333333   16.23 0.000  0.36 0.000000 9.999 0.259000 9.99 0.259000 0.136 0.559  0.405 0.000  0.567 0.000   3.585 0.000   1.156 0.000   2.429 0.000 0.014 0.000000 0.197 0.559
 72.333333  73.333333   26.11 0.000  0.43 0.000000 9.999 0.259000 9.99 0.259000 9.999 0.259  0.102 0.000  0.143 0.000   4.154 0.000   2.535 0.000   1.619 0.000 0.014 0.000000 0.163 0.000
 75.333333  76.333333    8.96 0.000  0.42 0.000000 9.999 0.259000 0.98 0.000000 0.010 0.000  0.165 0.000  0.230 0.000   1.281 0.000   0.478 0.000   0.804 0.000 0.009 0.000000 0.088 0.000
 78.333333  79.333333 9999.99 0.456 99.99 0.456000 9.999 0.456000 9.99 0.456000 0.005 0.559  0.316 0.000  0.442 0.000   1.135 0.000 999.999 0.999 999.999 0.456 9.999 0.456000 0.059 0.559
 81.333333  82.333333    3.94 0.000  0.23 0.000000 0.008 0.000000 0.60 0.000000 0.011 0.559  0.483 0.000  0.676 0.000   1.323 0.000   0.290 0.000   1.032 0.000 0.009 0.000000 0.075 0.559
 84.333333  85.333333   18.74 0.000  1.28 0.000000 9.999 0.259000 0.41 0.000000 0.020 0.559  0.156 0.000  0.219 0.000   2.466 0.000   0.798 0.000   1.668 0.000 0.020 0.000000 0.160 0.559
 87.333333  88.333333 9999.99 0.999 99.99 0.999000 9.999 0.999000 9.99 0.999000 0.004 0.000  0.152 0.000  0.213 0.000   1.075 0.000 999.999 0.999 999.999 0.999 9.999 0.999000 0.046 0.000
 90.333333  91.333333   46.55 0.000  0.89 0.000000 9.999 0.259000 0.14 0.000000 0.035 0.000  0.324 0.000  0.454 0.000   3.451 0.000   1.467 0.000   1.984 0.000 0.033 0.000000 0.137 0.000
 93.333333  94.333333   21.37 0.000  0.76 0.000000 9.999 0.259000 9.99 0.259000 0.157 0.000  0.379 0.000  0.530 0.000   3.535 0.000   1.420 0.000   2.115 0.000 0.020 0.000000 0.172 0.000
 96.333333  97.333333    9.96 0.000  0.88 0.000000 9.999 0.259000 9.99 0.259000 0.007 0.559  0.202 0.000  0.282 0.000   1.488 0.000   0.272 0.000   1.216 0.000 0.011 0.000000 0.091 0.559
 99.333333 100.333333   12.12 0.559  1.11 0.559000 9.999 0.559259 9.99 0.559259 0.059 0.559  0.222 0.000  0.311 0.000   2.284 0.000   0.597 0.000   1.687 0.559 0.015 0.559000 0.150 0.559
102.333333 103.333333  148.54 0.000  1.04 0.000000 9.999 0.259000 9.99 0.259000 0.040 0.000  0.347 0.000  0.486 0.000   9.771 0.000   5.298 0.000   4.473 0.000 0.086 0.000000 0.262 0.000
105.333333 106.333333  633.06 0.699  2.92 0.699000 9.999 0.699259 9.99 0.699259 0.093 0.559  0.503 0.000  0.705 0.000  27.293 0.000  12.729 0.000  14.565 0.699 0.350 0.699000 0.329 0.559
108.333333 109.333333   33.19 0.000  0.37 0.000000 9.999 0.259000 9.99 0.259000 0.012 0.559  0.166 0.000  0.232 0.000 999.999 0.456 999.999 0.999   1.210 0.000 0.022 0.000000 0.047 0.559
111.333333 112.333333   39.61 0.000  0.41 0.000000 9.999 0.259000 9.99 0.259000 0.033 0.000  0.412 0.000  0.576 0.000 999.999 0.456 999.999 0.999   2.505 0.000 0.024 0.000000 0.185 0.000
114.333333 115.333333  109.29 0.000  1.48 0.000000 9.999 0.259000 0.18 0.000000 0.032 0.000  0.347 0.000  0.486 0.000   8.432 0.000   4.710 0.000   3.723 0.000 0.067 0.000000 0.198 0.000
117.333333 118.333333  130.75 0.000  1.53 0.000000 9.999 0.259000 9.99 0.259000 0.035 0.000  0.528 0.000  0.739 0.000  13.269 0.000   8.499 0.000   4.770 0.000 0.082 0.000000 0.236 0.000
120.333333 121.333333 9999.99 0.456 99.99 0.456000 9.999 0.456000 9.99 0.456000 0.027 0.000  0.385 0.000  0.538 0.000  14.620 0.000 999.999 0.999 999.999 0.456 9.999 0.456000 0.128 0.000
123.333333 124.333333   76.99 0.559  0.63 0.559000 9.999 0.559259 9.99 0.559259 0.023 0.000  0.458 0.000  0.642 0.000   8.267 0.000   5.105 0.000   3.163 0.559 0.050 0.559000 0.135 0.000
126.333333 127.333333  109.58 0.000  1.33 0.000000 9.999 0.259000 9.99 0.259000 0.029 0.000  0.986 0.000  1.380 0.000   8.566 0.000   4.198 0.000   4.368 0.000 0.070 0.000000 0.189 0.000
129.333333 130.333333 9999.99 0.999 99.99 0.999000 9.999 0.999000 9.99 0.999000 9.999 0.999 99.999 0.999 99.999 0.999 999.999 0.999 999.999 0.999 999.999 0.999 9.999 0.999000 9.999 0.999
132.333333 133.333333  208.57 0.559  3.50 0.559000 9.999 0.559259 9.99 0.559259 0.034 0.000  0.760 0.000  1.064 0.000  15.181 0.000   7.415 0.000   7.766 0.559 0.139 0.559000 0.524 0.000
135.333333 136.333333 9999.99 0.999 99.99 0.999000 9.999 0.999000 9.99 0.999000 9.999 0.999 99.999 0.999 99.999 0.999 999.999 0.999 999.999 0.999 999.999 0.999 9.999 0.999000 9.999 0.999
138.333333 139.333333   53.73 0.559  0.92 0.559000 9.999 0.559259 9.99 0.559259 0.021 0.000  0.745 0.000  1.043 0.000   5.091 0.000   2.383 0.000   2.709 0.559 0.041 0.559000 0.161 0.000
141.333333 142.333333   53.31 0.000  1.99 0.000000 9.999 0.259000 9.99 0.259000 0.021 0.000  0.708 0.000  0.991 0.000   5.814 0.000   3.092 0.000   2.721 0.000 0.038 0.000000 0.204 0.000
144.333333 145.333333 9999.99 0.999 99.99 0.999000 9.999 0.999000 9.99 0.999000 9.999 0.999 99.999 0.999 99.999 0.999 999.999 0.999 999.999 0.999 999.999 0.999 9.999 0.999000 9.999 0.999
147.333333 148.333333   94.87 0.559  0.41 0.559000 9.999 0.559259 0.14 0.559000 0.017 0.000  1.442 0.000  2.019 0.000  15.463 0.000  10.255 0.000   5.208 0.559 0.072 0.559000 0.164 0.000
150.333333 151.333333 9999.99 0.999 99.99 0.999000 9.999 0.999000 9.99 0.999000 9.999 0.999 99.999 0.999 99.999 0.999 999.999 0.999 999.999 0.999 999.999 0.999 9.999 0.999000 9.999 0.999
153.333333 154.333333 9999.99 0.999 99.99 0.999000 9.999 0.999000 9.99 0.999000 9.999 0.999 99.999 0.999 99.999 0.999 999.999 0.999 999.999 0.999 999.999 0.999 9.999 0.999000 9.999 0.999
156.333333 157.333333   14.61 0.000  0.26 0.000000 9.999 0.259000 9.99 0.259000 0.007 0.000  0.259 0.000  0.363 0.000 999.999 0.456 999.999 0.999   1.198 0.000 0.015 0.000000 0.065 0.000
159.333333 160.333333  151.52 0.000  0.75 0.000000 9.999 0.259000 9.99 0.259000 0.029 0.000  0.465 0.000  0.651 0.000 999.999 0.456 999.999 0.999   5.280 0.000 0.106 0.000000 0.199 0.000
162.333333 163.333333 9999.99 0.456 99.99 0.456000 9.999 0.456000 9.99 0.456000 0.006 0.000  0.175 0.000  0.246 0.000 999.999 0.456 999.999 0.999 999.999 0.456 9.999 0.456000 0.043 0.000
165.333333 166.333333   43.66 0.000  0.58 0.000000 9.999 0.259000 9.99 0.259000 0.012 0.000  1.227 0.000  1.718 0.000  10.684 0.000   6.748 0.000   3.936 0.000 0.056 0.000000 0.145 0.000
168.333333 169.333333   28.71 0.000  0.30 0.000000 9.999 0.259000 9.99 0.259000 0.016 0.000  0.340 0.000  0.476 0.000   6.342 0.000   4.298 0.000   2.044 0.000 0.026 0.000000 0.130 0.000
171.333333 172.333333 9999.99 0.999 99.99 0.999000 9.999 0.999000 9.99 0.999000 9.999 0.999 99.999 0.999 99.999 0.999 999.999 0.999 999.999 0.999 999.999 0.999 9.999 0.999000 9.999 0.999
174.333333 175.333333  790.00 0.699  1.34 0.699000 9.999 0.699259 9.99 0.699259 0.060 0.000  0.909 0.000  1.272 0.000  54.688 0.000  32.691 0.000  21.997 0.699 0.383 0.699000 0.181 0.000
177.333333 178.333333   53.33 0.000  0.26 0.000000 9.999 0.259000 9.99 0.259000 0.032 0.000  0.486 0.000  0.681 0.000   9.938 0.000   6.773 0.000   3.165 0.000 0.056 0.000000 0.164 0.000
180.333333 181.333333  111.45 0.559  0.34 0.559000 9.999 0.559259 9.99 0.559259 0.017 0.000  0.667 0.000  0.934 0.000  18.463 0.000  13.658 0.000   4.805 0.559 0.101 0.559000 0.127 0.000
183.333333 184.333333   84.96 0.000  0.56 0.000000 9.999 0.259000 9.99 0.259000 0.038 0.000  1.648 0.000  2.308 0.000  15.753 0.000   9.563 0.000   6.191 0.000 0.133 0.000000 0.213 0.000
186.333333 187.333333   34.46 0.559  0.32 0.559000 9.999 0.559259 9.99 0.559259 0.025 0.000  1.037 0.000  1.452 0.000   7.901 0.000   3.989 0.000   3.912 0.559 0.059 0.559000 0.194 0.000
189.333333 190.333333   19.96 0.000  0.35 0.000000 9.999 0.259000 9.99 0.259000 0.013 0.000  1.087 0.000  1.522 0.000   6.118 0.000   2.630 0.000   3.488 0.000 0.029 0.000000 0.115 0.000
192.333333 193.333333   37.70 0.394  0.39 0.394000 9.999 0.394259 9.99 0.394259 0.024 0.394  0.788 0.000  1.103 0.000   4.610 0.000   2.392 0.000   2.218 0.000 0.041 0.394000 0.130 0.394
195.333333 196.333333   29.02 0.000  0.25 0.000000 9.999 0.259000 9.99 0.259000 0.016 0.000  0.814 0.000  1.139 0.000   4.082 0.000   1.771 0.000   2.311 0.000 0.031 0.000000 0.143 0.000
198.333333 199.333333   48.09 0.394  0.28 0.394000 9.999 0.394259 9.99 0.394259 0.021 0.394  0.612 0.000  0.857 0.000   6.127 0.000   2.765 0.000   3.362 0.000 0.045 0.394000 0.136 0.394
201.333333 202.333333  105.45 0.559  0.35 0.559000 9.999 0.559259 9.99 0.559259 0.017 0.000  0.978 0.000  1.369 0.000  16.467 0.000  11.749 0.000   4.718 0.559 0.079 0.559000 0.110 0.000
204.333333 205.333333   44.48 0.000  0.16 0.000000 9.999 0.259000 9.99 0.259000 0.010 0.000  0.849 0.000  1.189 0.000   8.021 0.000   4.540 0.000   3.480 0.000 0.053 0.000000 0.125 0.000
207.333333 208.333333   78.65 0.559  1.33 0.559000 9.999 0.559259 9.99 0.559259 0.017 0.000  1.907 0.000  2.669 0.000  13.390 0.000   7.524 0.000   5.866 0.559 0.084 0.559000 0.127 0.000
210.333333 211.333333   41.96 0.000  0.43 0.000000 9.999 0.259000 9.99 0.259000 0.015 0.000  1.249 0.000  1.748 0.000   8.774 0.000   5.207 0.000   3.567 0.000 0.041 0.000000 0.078 0.000
213.333333 214.333333   60.47 0.559  1.11 0.559000 9.999 0.559259 9.99 0.559259 0.028 0.000  0.967 0.000  1.354 0.000   9.855 0.000   5.793 0.000   4.062 0.559 0.055 0.559000 0.150 0.000
216.333333 217.333333   81.91 0.559  0.36 0.559000 9.999 0.559259 9.99 0.559259 0.023 0.000  1.007 0.000  1.410 0.000  13.140 0.000   8.500 0.000   4.641 0.559 0.092 0.559000 0.129 0.000
219.333333 220.333333  200.53 0.559  0.93 0.559000 9.999 0.559259 9.99 0.559259 0.020 0.000  1.474 0.000  2.064 0.000  27.279 0.000  19.161 0.000   8.118 0.559 0.152 0.559000 0.173 0.000
222.333333 223.333333  103.33 0.699  0.40 0.699000 9.999 0.699259 9.99 0.699259 0.138 0.000  5.433 0.000  7.606 0.000  24.180 0.000   9.611 0.000  14.569 0.699 0.392 0.699000 0.333 0.000
225.333333 226.333333   66.41 0.559  0.46 0.559000 9.999 0.559259 9.99 0.559259 0.082 0.000  4.910 0.000  6.874 0.000  21.113 0.000   7.850 0.000  13.263 0.559 0.347 0.559000 0.393 0.000
228.333333 229.333333   61.30 0.699  0.35 0.699000 9.999 0.699259 9.99 0.699259 0.067 0.000  2.641 0.000  3.698 0.000  13.889 0.000   6.023 0.000   7.866 0.699 0.176 0.699000 0.224 0.000
231.333333 232.333333  106.73 0.559  0.42 0.559000 9.999 0.559259 9.99 0.559259 0.031 0.000  1.690 0.000  2.367 0.000  12.808 0.000   6.340 0.000   6.468 0.559 0.126 0.559000 0.132 0.000
234.333333 235.333333  138.59 0.559  0.51 0.559000 9.999 0.559259 9.99 0.559259 0.032 0.000  1.002 0.000  1.402 0.000  13.530 0.000   7.597 0.000   5.933 0.559 0.104 0.559000 0.115 0.000
237.333333 238.333333   66.28 0.559  0.32 0.559000 9.999 0.559259 9.99 0.559259 0.027 0.000  1.069 0.000  1.497 0.000  10.018 0.000   5.298 0.000   4.720 0.559 0.076 0.559000 0.239 0.000
240.333333 241.333333   87.40 0.000  0.32 0.000000 9.999 0.259000 9.99 0.259000 0.018 0.000  1.946 0.000  2.725 0.000  14.587 0.000   8.130 0.000   6.458 0.000 0.101 0.000000 0.172 0.000
243.333333 244.333333  142.31 0.559  1.17 0.559000 9.999 0.559259 9.99 0.559259 0.032 0.000  2.434 0.000  3.407 0.000  21.614 0.000  12.520 0.000   9.094 0.559 0.138 0.559000 0.310 0.000
246.333333 247.333333   81.12 0.000  0.32 0.000000 9.999 0.259000 9.99 0.259000 0.027 0.000  1.008 0.000  1.411 0.000  10.630 0.000   4.920 0.000   5.710 0.000 0.130 0.000000 0.268 0.000
249.333333 250.333333   42.67 0.000  0.25 0.000000 9.999 0.259000 9.99 0.259000 0.020 0.000  0.415 0.000  0.581 0.000  10.725 0.000   8.161 0.000   2.564 0.000 0.036 0.000000 0.146 0.000
252.333333 253.333333   41.73 0.000 99.99 0.259000 9.999 0.259000 0.08 0.000000 0.010 0.559  0.698 0.000  0.977 0.000   6.618 0.000   4.259 0.000   2.359 0.000 0.051 0.000000 0.075 0.559
