scripts/IMPROVE-2019_partial/data/US0026R.20030103080000.20191216000000.filterpack..pm25.1y.1w.US03L_filterpack_US0026.US03L_IMPROVE_Davis.lev2.nas
66 1001
MISSING INFORMATION
US03L, IMPROVE, , , , , , , 
MISSING INFORMATION
IMPROVE sel_HTAP
1 1
2003 01 01 2019 12 16
3.000000
days from file reference point
27
1 1 1 1 1 1 1 1 1 1 1 1 1 1 1 1 1 1 1 1 1 1 1 1 1 1 1
999.999999 9999.99 9.999 99.99 9.999 9.999 9.999999 9.99 9.999999 9.999 9.999 999.999 9.999 999.999 9.999 999.99 9.999999 999.999 9.999 999.999 9.999 999.999 9.999 9.999 9.999 9.999 9.999
end_time of measurement, days from the file reference point
iron, ng/m3, Revision date=20181210133000
numflag iron, no unit, Revision date=20181210133000
lead, ng/m3, Revision date=20181210133000
numflag lead, no unit, Revision date=20181210133000
magnesium, ug/m3, Revision date=20181210133000
numflag magnesium, no unit, Revision date=20181210133000
nickel, ng/m3, Revision date=20181210133000
numflag nickel, no unit, Revision date=20181210133000
nitrate, ug N/m3, Revision date=20181210133000
numflag nitrate, no unit, Revision date=20181210133000
organic_carbon, ug C/m3, Revision date=20181210133000
numflag organic_carbon, no unit, Revision date=20181210133000
organic_mass, ug/m3, Revision date=20181210133000
numflag organic_mass, no unit, Revision date=20181210133000
phosphorus, ng/m3, Revision date=20181210133000
numflag phosphorus, no unit, Revision date=20181210133000
pm10_mass, ug/m3, Version=2, Version description=Data extracted from http://views.cira.colostate.edu/fed/DataWizard 2019-12-16, Sample duration=1d, Orig. time res.=3d, Matrix=pm10, Blank correction=Blank corrected, Volume std. temperature=ambient, Volume std. pressure=ambient
numflag pm10_mass, no unit, Version=2, Version description=Data extracted from http://views.cira.colostate.edu/fed/DataWizard 2019-12-16, Sample duration=1d, Orig. time res.=3d, Matrix=pm10, Blank correction=Blank corrected, Volume std. temperature=ambient, Volume std. pressure=ambient
pm10_pm25_mass, ug/m3, Revision date=20181210133000, Matrix=pm10_pm25
numflag pm10_pm25_mass, no unit, Revision date=20181210133000, Matrix=pm10_pm25
pm25_mass, ug/m3, Version=2, Version description=Data extracted from http://views.cira.colostate.edu/fed/DataWizard 2019-12-16, Sample duration=1d, Orig. time res.=3d, Blank correction=Blank corrected, Volume std. temperature=ambient, Volume std. pressure=ambient
numflag pm25_mass, no unit, Version=2, Version description=Data extracted from http://views.cira.colostate.edu/fed/DataWizard 2019-12-16, Sample duration=1d, Orig. time res.=3d, Blank correction=Blank corrected, Volume std. temperature=ambient, Volume std. pressure=ambient
potassium, ug/m3, Revision date=20181210133000
numflag potassium, no unit, Revision date=20181210133000
sulphate_total, ug S/m3, Revision date=20181210133000
numflag sulphate_total, no unit, Revision date=20181210133000
0
25
Data definition:              EBAS_1.1
Set type code:                TU
Timezone:                     UTC
File name:                    US0026R.20030103080000.20191216000000.filterpack..pm25.1y.1w.US03L_filterpack_US0026.US03L_IMPROVE_Davis.lev2.nas
File creation:                20191218115710
Startdate:                    20030103080000
Revision date:                20191216000000
Statistics:                   arithmetic mean
Data level:                   2
Period code:                  1y
Resolution code:              1w
Station code:                 US0026R
Platform code:                US0026S
Station name:                 Lava Beds NM
Station latitude:             41.7117
Station longitude:            -121.5068
Station altitude:             1459.0 m
Regime:                       IMG
Component:                    
Matrix:                       pm25
Laboratory code:              US03L
Instrument type:              filterpack
Instrument name:              filterpack_US0026
Method ref:                   US03L_IMPROVE_Davis
starttime endtime Fe flag_Fe Pb flag_Pb Mg++ flag_Mg++ Ni flag_Ni NO3- flag_NO3- OC flag_OC OM flag_OM P flag_P PM10 flag_PM10 PM10-PM2.5 flag_PM10-PM2.5 PM2.5 flag_PM2.5 K+ flag_K+ SO4-- flag_SO4--
  2.333333   3.333333    2.65 0.000  0.10 0.000 9.999 0.259000 9.99 0.259000 0.006 0.000   0.240 0.000   0.337 0.000 999.99 0.259000   1.705 0.000   0.971 0.000   0.734 0.000 0.004 0.000 0.034 0.000
  5.333333   6.333333    1.72 0.000  0.11 0.000 0.015 0.000000 9.99 0.259000 0.029 0.000   0.381 0.000   0.533 0.000   0.89 0.000000   1.663 0.000   0.628 0.000   1.036 0.000 0.009 0.000 0.029 0.000
  8.333333   9.333333   12.85 0.000  0.54 0.000 9.999 0.259000 9.99 0.259000 0.176 0.000   2.018 0.000   2.826 0.000 999.99 0.259000   5.808 0.000   1.491 0.000   4.317 0.000 0.044 0.000 0.095 0.000
 11.333333  12.333333    5.60 0.000  0.09 0.000 0.008 0.000000 0.11 0.000000 0.001 0.000   0.171 0.000   0.239 0.000 999.99 0.259000   0.208 0.000 999.999 0.259   0.297 0.000 0.003 0.000 0.006 0.000
 14.333333  15.333333    2.03 0.000  0.13 0.000 0.010 0.000000 9.99 0.259000 0.028 0.000   0.851 0.000   1.192 0.000 999.99 0.259000   1.419 0.000   0.622 0.000   0.797 0.000 0.004 0.000 0.012 0.000
 17.333333  18.333333    2.96 0.000  0.20 0.000 9.999 0.259000 9.99 0.259000 0.029 0.000   1.455 0.000   2.037 0.000 999.99 0.259000   2.786 0.000   0.663 0.000   2.123 0.000 0.015 0.000 0.027 0.000
 20.333333  21.333333    3.13 0.000  0.32 0.000 9.999 0.259000 9.99 0.259000 0.006 0.000   0.367 0.000   0.514 0.000 999.99 0.259000   0.874 0.000   0.168 0.000   0.706 0.000 0.006 0.000 0.068 0.000
 23.333333  24.333333    5.33 0.000  0.29 0.000 9.999 0.259000 0.04 0.000000 0.025 0.000   0.421 0.000   0.589 0.000 999.99 0.259000   1.860 0.000   0.864 0.000   0.996 0.000 0.008 0.000 0.047 0.000
 26.333333  27.333333    1.77 0.000  0.13 0.000 9.999 0.259000 0.03 0.000000 0.003 0.000   0.316 0.000   0.442 0.000 999.99 0.259000   0.744 0.000   0.398 0.000   0.346 0.000 0.003 0.000 0.034 0.000
 29.333333  30.333333    1.65 0.000  0.09 0.000 9.999 0.259000 9.99 0.259000 0.001 0.000   0.311 0.000   0.435 0.000   1.45 0.000000 999.999 0.259 999.999 0.259   0.087 0.000 0.003 0.000 0.013 0.000
 32.333333  33.333333    1.63 0.000  0.11 0.000 9.999 0.259000 9.99 0.259000 0.005 0.000   0.245 0.000   0.342 0.000 999.99 0.259000 999.999 0.259 999.999 0.259   0.060 0.000 0.004 0.000 0.010 0.000
 35.333333  36.333333    2.77 0.000  0.10 0.000 9.999 0.259000 9.99 0.259000 0.018 0.000   0.405 0.000   0.567 0.000 999.99 0.259000   0.915 0.000   0.392 0.000   0.522 0.000 0.013 0.000 0.046 0.000
 38.333333  39.333333    2.70 0.000  0.23 0.000 9.999 0.259000 9.99 0.259000 0.007 0.000   0.384 0.000   0.537 0.000 999.99 0.259000   0.749 0.000   0.354 0.000   0.394 0.000 0.005 0.000 0.042 0.000
 41.333333  42.333333    6.73 0.000  0.58 0.000 9.999 0.259000 9.99 0.259000 0.008 0.000   0.539 0.000   0.755 0.000 999.99 0.259000   1.211 0.000   0.460 0.000   0.752 0.000 0.011 0.000 0.042 0.000
 44.333333  45.333333    3.55 0.000  0.15 0.000 9.999 0.259000 9.99 0.259000 0.005 0.000   0.383 0.000   0.536 0.000 999.99 0.259000   0.413 0.000   0.413 0.000 999.999 0.259 0.006 0.000 0.020 0.000
 47.333333  48.333333    5.57 0.000  0.26 0.000 9.999 0.259000 9.99 0.259000 0.011 0.000   0.183 0.000   0.256 0.000 999.99 0.259000   0.868 0.000   0.397 0.000   0.471 0.000 0.008 0.000 0.079 0.000
 50.333333  51.333333    5.03 0.000  0.23 0.000 9.999 0.259000 9.99 0.259000 0.009 0.000   0.388 0.000   0.543 0.000 999.99 0.259000   0.744 0.000   0.327 0.000   0.417 0.000 0.005 0.000 0.031 0.000
 53.333333  54.333333   10.12 0.000  0.25 0.000 9.999 0.259000 9.99 0.259000 0.013 0.000   0.459 0.000   0.642 0.000 999.99 0.259000   1.777 0.000   0.969 0.000   0.808 0.000 0.009 0.000 0.043 0.000
 56.333333  57.333333   27.09 0.000  0.38 0.000 9.999 0.259000 9.99 0.259000 0.019 0.000   0.477 0.000   0.668 0.000 999.99 0.259000   3.183 0.000   1.663 0.000   1.520 0.000 0.022 0.000 0.108 0.000
 59.333333  60.333333    5.82 0.000  0.08 0.000 0.013 0.000000 9.99 0.259000 0.013 0.000   0.343 0.000   0.480 0.000 999.99 0.259000   1.123 0.000   0.500 0.000   0.623 0.000 0.011 0.000 0.044 0.000
 62.333333  63.333333    7.96 0.000  0.31 0.000 9.999 0.259000 0.06 0.000000 0.013 0.000   0.342 0.000   0.478 0.000 999.99 0.259000   1.295 0.000   0.662 0.000   0.632 0.000 0.011 0.000 0.047 0.000
 65.333333  66.333333   10.42 0.000  0.58 0.000 9.999 0.259000 9.99 0.259000 0.051 0.000   0.414 0.000   0.580 0.000 999.99 0.259000   2.315 0.000   0.731 0.000   1.584 0.000 0.019 0.000 0.160 0.000
 68.333333  69.333333   12.06 0.000  0.25 0.000 0.015 0.000000 0.04 0.000000 0.005 0.000   0.548 0.000   0.768 0.000 999.99 0.259000   1.890 0.000   1.375 0.000   0.515 0.000 0.012 0.000 0.052 0.000
 71.333333  72.333333 9999.99 0.999 99.99 0.999 9.999 0.999000 9.99 0.999000 9.999 0.999 999.999 0.999 999.999 0.999 999.99 0.999000 999.999 0.999 999.999 0.999 999.999 0.999 9.999 0.999 9.999 0.999
 74.333333  75.333333    4.41 0.000  0.15 0.000 9.999 0.259000 9.99 0.259000 0.021 0.000   0.204 0.000   0.286 0.000 999.99 0.259000   0.956 0.000   0.443 0.000   0.513 0.000 0.006 0.000 0.022 0.000
 77.333333  78.333333   16.20 0.000  0.42 0.000 9.999 0.259000 9.99 0.259000 0.019 0.000   0.228 0.000   0.319 0.000 999.99 0.259000   2.232 0.000   1.028 0.000   1.204 0.000 0.023 0.000 0.070 0.000
 80.333333  81.333333    8.85 0.000  0.45 0.000 9.999 0.259000 9.99 0.259000 0.047 0.000   0.158 0.000   0.221 0.000 999.99 0.259000   1.323 0.000   0.592 0.000   0.731 0.000 0.014 0.000 0.058 0.000
 83.333333  84.333333    8.30 0.000  0.40 0.000 9.999 0.259000 0.04 0.000000 0.022 0.000   0.204 0.000   0.286 0.000 999.99 0.259000   2.047 0.000   1.173 0.000   0.873 0.000 0.012 0.000 0.058 0.000
 86.333333  87.333333    5.92 0.000  0.35 0.000 0.015 0.000000 9.99 0.259000 0.022 0.000   0.204 0.000   0.285 0.000 999.99 0.259000   1.695 0.000   0.724 0.000   0.970 0.000 0.011 0.000 0.069 0.000
 89.333333  90.333333   19.85 0.000  0.78 0.000 0.026 0.000000 9.99 0.259000 0.073 0.000   1.371 0.000   1.919 0.000 999.99 0.259000   5.588 0.000   1.646 0.000   3.942 0.000 0.027 0.000 0.240 0.000
 92.333333  93.333333    2.42 0.000  0.16 0.000 9.999 0.259000 0.07 0.000000 0.005 0.000   0.086 0.000   0.120 0.000 999.99 0.259000   1.414 0.000   0.663 0.000   0.751 0.000 0.004 0.000 0.038 0.000
 95.333333  96.333333    1.14 0.000  0.13 0.000 0.020 0.000000 9.99 0.259000 0.001 0.000   0.226 0.000   0.316 0.000 999.99 0.259000   1.046 0.000   0.530 0.000   0.515 0.000 0.003 0.000 0.011 0.000
 98.333333  99.333333   47.69 0.000  1.81 0.000 9.999 0.259000 0.07 0.000000 0.180 0.000   0.904 0.000   1.266 0.000 999.99 0.259000   7.319 0.000   2.398 0.000   4.920 0.000 0.039 0.000 0.368 0.000
101.333333 102.333333   13.80 0.000  0.40 0.000 9.999 0.259000 0.27 0.000000 0.026 0.000   0.222 0.000   0.310 0.000 999.99 0.259000   2.189 0.000   0.615 0.000   1.574 0.000 0.011 0.000 0.100 0.000
104.333333 105.333333    7.47 0.000  0.20 0.000 9.999 0.259000 0.28 0.000000 0.011 0.000   0.204 0.000   0.285 0.000 999.99 0.259000   2.563 0.000   1.552 0.000   1.011 0.000 0.010 0.000 0.051 0.000
107.333333 108.333333   26.37 0.559  0.63 0.559 9.999 0.559259 0.07 0.559000 0.062 0.000   1.638 0.000   2.294 0.000 999.99 0.559259   7.656 0.000   1.567 0.000   6.089 0.559 0.046 0.559 0.354 0.000
110.333333 111.333333   66.90 0.559  1.06 0.559 9.999 0.559259 9.99 0.559259 0.060 0.000   0.559 0.000   0.783 0.000 999.99 0.559259   6.233 0.000   2.060 0.000   4.173 0.559 0.061 0.559 0.271 0.000
113.333333 114.333333   12.38 0.000  0.25 0.000 9.999 0.259000 0.41 0.000000 0.005 0.000   0.188 0.000   0.264 0.000 999.99 0.259000   1.033 0.000   0.176 0.000   0.857 0.000 0.010 0.000 0.063 0.000
116.333333 117.333333   21.51 0.000  0.54 0.000 9.999 0.259000 0.04 0.000000 0.045 0.000   0.484 0.000   0.678 0.000 999.99 0.259000   3.263 0.000   1.265 0.000   1.998 0.000 0.023 0.000 0.198 0.000
119.333333 120.333333    2.59 0.000 99.99 0.259 9.999 0.259000 0.14 0.000000 0.005 0.000   0.254 0.000   0.355 0.000 999.99 0.259000   0.582 0.000   0.338 0.000   0.245 0.000 0.004 0.000 0.015 0.000
122.333333 123.333333    3.17 0.000  0.17 0.000 9.999 0.259000 0.11 0.000000 0.003 0.000   0.272 0.000   0.381 0.000 999.99 0.259000   0.620 0.000   0.188 0.000   0.432 0.000 0.002 0.000 0.026 0.000
125.333333 126.333333   27.29 0.559  0.95 0.559 9.999 0.559259 0.07 0.559000 0.082 0.000   5.946 0.000   8.325 0.000 999.99 0.559259  13.489 0.000   2.302 0.000  11.186 0.559 0.102 0.559 0.318 0.000
128.333333 129.333333   10.10 0.000  0.43 0.000 0.007 0.000000 9.99 0.259000 0.059 0.000   0.650 0.000   0.910 0.000 999.99 0.259000   3.160 0.000   0.897 0.000   2.263 0.000 0.010 0.000 0.166 0.000
131.333333 132.333333   32.71 0.456  1.37 0.456 9.999 0.456259 0.11 0.456000 0.097 0.000   0.996 0.000   1.394 0.000 999.99 0.456259   5.239 0.000 999.999 0.999 999.999 0.456 0.034 0.456 0.265 0.000
134.333333 135.333333   38.68 0.000  1.10 0.000 9.999 0.259000 0.08 0.000000 0.058 0.000   1.874 0.000   2.623 0.000 999.99 0.259000   9.065 0.000   3.346 0.000   5.719 0.000 0.047 0.000 0.358 0.000
137.333333 138.333333    4.97 0.000  0.24 0.000 9.999 0.259000 9.99 0.259000 0.027 0.000   2.171 0.000   3.039 0.000 999.99 0.259000   4.769 0.000   0.970 0.000   3.799 0.000 0.010 0.000 0.092 0.000
140.333333 141.333333   36.71 0.000  0.61 0.000 9.999 0.259000 0.10 0.000000 0.028 0.000   3.228 0.000   4.519 0.000 999.99 0.259000  10.271 0.000   3.612 0.000   6.659 0.000 0.042 0.000 0.113 0.000
143.333333 144.333333   84.54 0.699  0.49 0.699 9.999 0.699259 9.99 0.699259 0.102 0.000  16.512 0.000  23.117 0.000 999.99 0.699259  33.630 0.000  11.654 0.000  21.977 0.699 0.065 0.699 0.255 0.000
146.333333 147.333333   21.17 0.000  0.31 0.000 9.999 0.259000 9.99 0.259000 0.013 0.000   2.074 0.000   2.904 0.000 999.99 0.259000   6.101 0.000   2.088 0.000   4.013 0.000 0.022 0.000 0.112 0.000
149.333333 150.333333   56.03 0.000  1.01 0.000 9.999 0.259000 0.15 0.000000 0.073 0.000   1.774 0.000   2.483 0.000 999.99 0.259000  11.274 0.000   5.250 0.000   6.025 0.000 0.042 0.000 0.364 0.000
152.333333 153.333333   34.78 0.699  0.86 0.699 9.999 0.699259 9.99 0.699259 0.039 0.000   3.055 0.000   4.278 0.000 999.99 0.699259  11.367 0.000   3.277 0.000   8.091 0.699 0.083 0.699 0.277 0.000
155.333333 156.333333   69.63 0.000  1.21 0.000 9.999 0.259000 0.12 0.000000 0.016 0.000   2.419 0.000   3.386 0.000 999.99 0.259000  11.285 0.000   4.652 0.000   6.633 0.000 0.048 0.000 0.371 0.000
158.333333 159.333333   39.30 0.000  0.68 0.000 9.999 0.259000 0.12 0.000000 0.014 0.000   2.462 0.000   3.447 0.000 999.99 0.259000   9.413 0.000   3.716 0.000   5.696 0.000 0.033 0.000 0.214 0.000
161.333333 162.333333   33.74 0.559  0.28 0.559 9.999 0.559259 9.99 0.559259 0.048 0.000   1.481 0.000   2.073 0.000 999.99 0.559259   7.236 0.000   3.062 0.000   4.173 0.559 0.034 0.559 0.139 0.000
164.333333 165.333333   29.40 0.000  0.48 0.000 9.999 0.259000 0.12 0.000000 0.064 0.000   1.656 0.000   2.318 0.000 999.99 0.259000   8.192 0.000   3.468 0.000   4.723 0.000 0.054 0.000 0.278 0.000
167.333333 168.333333   65.53 0.000  0.68 0.000 9.999 0.259000 0.07 0.000000 0.037 0.000   2.568 0.000   3.595 0.000 999.99 0.259000  15.044 0.000   7.897 0.000   7.146 0.000 0.056 0.000 0.289 0.000
170.333333 171.333333   25.09 0.000  0.30 0.000 9.999 0.259000 0.13 0.000000 0.027 0.000   0.835 0.000   1.168 0.000 999.99 0.259000   5.952 0.000   3.162 0.000   2.790 0.000 0.021 0.000 0.165 0.000
173.333333 174.333333   13.09 0.000 99.99 0.259 9.999 0.259000 0.08 0.000000 0.019 0.000   0.582 0.000   0.815 0.000 999.99 0.259000   5.489 0.000   3.235 0.000   2.254 0.000 0.010 0.000 0.146 0.000
176.333333 177.333333   42.20 0.000  0.42 0.000 0.025 0.000000 0.06 0.000000 0.016 0.000   1.278 0.000   1.789 0.000 999.99 0.259000   8.497 0.000   5.040 0.000   3.456 0.000 0.021 0.000 0.127 0.000
179.333333 180.333333   36.36 0.000  0.36 0.000 9.999 0.259000 0.10 0.000000 0.030 0.000   1.583 0.000   2.216 0.000 999.99 0.259000  10.913 0.000   6.872 0.000   4.041 0.000 0.042 0.000 0.153 0.000
182.333333 183.333333   49.82 0.000  0.43 0.000 9.999 0.259000 0.21 0.000000 0.039 0.000   0.992 0.000   1.388 0.000 999.99 0.259000   8.783 0.000   4.461 0.000   4.322 0.000 0.047 0.000 0.194 0.000
185.333333 186.333333   45.40 0.000  0.60 0.000 9.999 0.259000 0.14 0.000000 0.026 0.000   1.535 0.000   2.148 0.000 999.99 0.259000   7.358 0.000   3.014 0.000   4.344 0.000 0.043 0.000 0.116 0.000
188.333333 189.333333   52.05 0.000  0.66 0.000 9.999 0.259000 0.15 0.000000 0.042 0.000   3.287 0.000   4.602 0.000 999.99 0.259000  11.378 0.000   3.420 0.000   7.957 0.000 0.050 0.000 0.178 0.000
191.333333 192.333333   55.97 0.000  0.43 0.000 9.999 0.259000 0.18 0.000000 0.018 0.000   1.498 0.000   2.097 0.000 999.99 0.259000   8.934 0.000   4.376 0.000   4.558 0.000 0.031 0.000 0.193 0.000
194.333333 195.333333   19.57 0.000  0.31 0.000 9.999 0.259000 9.99 0.259000 0.012 0.000   0.913 0.000   1.278 0.000 999.99 0.259000   5.515 0.000   3.058 0.000   2.456 0.000 0.013 0.000 0.084 0.000
197.333333 198.333333   46.57 0.000  0.23 0.000 0.026 0.000000 0.07 0.000000 0.017 0.000   0.880 0.000   1.232 0.000 999.99 0.259000   5.149 0.000   2.400 0.000   2.748 0.000 0.018 0.000 0.135 0.000
200.333333 201.333333   43.08 0.000  0.35 0.000 9.999 0.259000 0.11 0.000000 0.018 0.000   1.598 0.000   2.238 0.000 999.99 0.259000   6.541 0.000   2.689 0.000   3.851 0.000 0.023 0.000 0.158 0.000
203.333333 204.333333   76.73 0.699  0.69 0.699 0.056 0.699000 0.09 0.699000 0.025 0.000  10.304 0.000  14.426 0.000 999.99 0.699259  22.724 0.000   5.060 0.000  17.664 0.699 0.070 0.699 0.271 0.000
206.333333 207.333333   36.20 0.000  0.48 0.000 9.999 0.259000 0.11 0.000000 0.049 0.000   1.465 0.000   2.051 0.000 999.99 0.259000   7.304 0.000   2.879 0.000   4.425 0.000 0.034 0.000 0.291 0.000
209.333333 210.333333   61.68 0.000  0.44 0.000 9.999 0.259000 0.11 0.000000 0.022 0.000   2.686 0.000   3.761 0.000 999.99 0.259000   9.498 0.000   3.211 0.000   6.288 0.000 0.039 0.000 0.225 0.000
212.333333 213.333333   72.33 0.000  0.46 0.000 9.999 0.259000 0.21 0.000000 0.033 0.000   2.421 0.000   3.390 0.000 999.99 0.259000  11.374 0.000   4.610 0.000   6.765 0.000 0.046 0.000 0.282 0.000
215.333333 216.333333   15.99 0.000  0.25 0.000 9.999 0.259000 0.11 0.000000 0.017 0.000   1.264 0.000   1.770 0.000 999.99 0.259000   5.228 0.000   1.741 0.000   3.487 0.000 0.015 0.000 0.235 0.000
218.333333 219.333333   18.98 0.000  0.27 0.000 9.999 0.259000 0.12 0.000000 0.030 0.000   0.914 0.000   1.279 0.000 999.99 0.259000   5.506 0.000   2.704 0.000   2.802 0.000 0.026 0.000 0.147 0.000
221.333333 222.333333   16.21 0.000  0.33 0.000 9.999 0.259000 0.08 0.000000 0.015 0.000   0.549 0.000   0.769 0.000 999.99 0.259000   3.844 0.000   2.568 0.000   1.276 0.000 0.010 0.000 0.078 0.000
224.333333 225.333333   34.68 0.000  0.15 0.000 9.999 0.259000 0.10 0.000000 0.037 0.000   1.585 0.000   2.219 0.000 999.99 0.259000   7.396 0.000   3.236 0.000   4.160 0.000 0.074 0.000 0.092 0.000
227.333333 228.333333   32.30 0.000  0.23 0.000 9.999 0.259000 0.11 0.000000 0.032 0.000   1.658 0.000   2.321 0.000 999.99 0.259000   6.698 0.000   2.700 0.000   3.998 0.000 0.023 0.000 0.112 0.000
230.333333 231.333333   45.78 0.000  0.43 0.000 9.999 0.259000 0.09 0.000000 0.020 0.000   1.800 0.000   2.520 0.000 999.99 0.259000   7.926 0.000   3.337 0.000   4.588 0.000 0.025 0.000 0.127 0.000
233.333333 234.333333   17.54 0.000  0.36 0.000 9.999 0.259000 0.08 0.000000 0.016 0.000   0.861 0.000   1.206 0.000 999.99 0.259000   4.438 0.000   1.709 0.000   2.729 0.000 0.015 0.000 0.149 0.000
236.333333 237.333333   14.71 0.000  0.28 0.000 9.999 0.259000 9.99 0.259000 0.017 0.000   1.234 0.000   1.728 0.000 999.99 0.259000   5.065 0.000   1.901 0.000   3.165 0.000 0.016 0.000 0.109 0.000
239.333333 240.333333   28.39 0.000  0.29 0.000 9.999 0.259000 9.99 0.259000 0.013 0.000   0.549 0.000   0.769 0.000 999.99 0.259000   4.232 0.000   2.391 0.000   1.842 0.000 0.012 0.000 0.077 0.000
