scripts/IMPROVE-2019_partial/data/US0083R.19970101080000.20191216000000.filterpack...1y.3d.US03L_filterpack_US0083.US03L_IMPROVE_Davis.lev2.nas
51 1001
MISSING INFORMATION
US03L, IMPROVE, , , , , , , 
MISSING INFORMATION
IMPROVE sel_HTAP
1 1
1997 01 01 2019 12 16
0
days from file reference point
4
1 1 1 1
999.999999 999.999 999.999 9.999
end_time of measurement, days from the file reference point
pm10_mass, ug/m3, Matrix=pm10
pm25_mass, ug/m3, Matrix=pm25
numflag, no unit
0
33
Data definition:              EBAS_1.1
Set type code:                TI
Timezone:                     UTC
File name:                    US0083R.19970101080000.20191216000000.filterpack...1y.3d.US03L_filterpack_US0083.US03L_IMPROVE_Davis.lev2.nas
File creation:                20191218120101
Startdate:                    19970101080000
Revision date:                20191216000000
Version:                      2
Version description:          "Data extracted from http://views.cira.colostate.edu/fed/DataWizard 2019-12-16"
Statistics:                   arithmetic mean
Data level:                   2
Period code:                  1y
Resolution code:              3d
Sample duration:              1d
Orig. time res.:              3d
Station code:                 US0083R
Platform code:                US0083S
Station name:                 Columbia River Gorge
Station latitude:             45.6644
Station longitude:            -121.0008
Station altitude:             178.0 m
Regime:                       IMG
Component:                    
Unit:                         ug/m3
Matrix:                       
Laboratory code:              US03L
Instrument type:              filterpack
Instrument name:              filterpack_US0083
Method ref:                   US03L_IMPROVE_Davis
Blank correction:             Blank corrected
Volume std. temperature:      ambient
Volume std. pressure:         ambient
starttime endtime PM10 PM2.5 flag
  0.333333   1.333333   4.922   2.936 0.000
  3.333333   4.333333  10.302   6.655 0.000
  7.333333   8.333333   6.982   3.615 0.000
 10.333333  11.333333   5.556   2.759 0.000
 14.333333  15.333333  23.302  10.770 0.000
 17.333333  18.333333 999.999 999.999 0.999
 21.333333  22.333333   5.969   3.393 0.000
 24.333333  25.333333  17.088   4.096 0.000
 28.333333  29.333333  25.202  16.861 0.000
 31.333333  32.333333   8.811   2.160 0.000
 35.333333  36.333333  12.881   5.287 0.000
 38.333333  39.333333  14.524   9.050 0.000
 42.333333  43.333333   9.430   5.507 0.000
 45.333333  46.333333   8.845   2.612 0.000
 49.333333  50.333333   5.190   2.037 0.000
 52.333333  53.333333  14.775   5.107 0.000
 56.333333  57.333333   4.388   1.712 0.000
 59.333333  60.333333   5.890   3.660 0.000
 63.333333  64.333333   7.781   4.830 0.000
 66.333333  67.333333   9.090   5.766 0.000
 70.333333  71.333333   3.350   1.736 0.000
 73.333333  74.333333  10.050   5.321 0.000
 77.333333  78.333333   9.509   5.332 0.000
 80.333333  81.333333   8.581   3.861 0.000
 84.333333  85.333333   6.956   2.861 0.000
 87.333333  88.333333  13.154   7.351 0.000
 91.333333  92.333333  11.440   4.242 0.000
 94.333333  95.333333  14.072   7.102 0.000
 98.333333  99.333333  20.578   5.616 0.000
101.333333 102.333333  22.990   7.101 0.000
105.333333 106.333333  14.462   5.660 0.000
108.333333 109.333333  14.533  11.338 0.000
112.333333 113.333333   4.260   1.371 0.000
115.333333 116.333333   8.412   4.913 0.000
119.333333 120.333333   5.799   2.578 0.000
122.333333 123.333333   5.692   3.215 0.000
126.333333 127.333333  16.936   3.517 0.000
129.333333 130.333333  24.766   7.248 0.000
133.333333 134.333333  27.637   8.418 0.000
136.333333 137.333333  14.625   6.674 0.000
140.333333 141.333333  16.334   8.764 0.000
143.333333 144.333333  17.078   3.305 0.000
147.333333 148.333333  10.362   8.357 0.000
150.333333 151.333333   8.835   5.944 0.000
154.333333 155.333333  15.942   4.119 0.000
157.333333 158.333333  17.435   4.720 0.000
161.333333 162.333333  16.622   4.520 0.000
164.333333 165.333333  11.045   5.657 0.000
168.333333 169.333333  11.229   2.802 0.000
171.333333 172.333333   7.351   1.401 0.000
175.333333 176.333333  11.488   4.490 0.000
178.333333 179.333333   9.067   3.861 0.000
182.333333 183.333333   7.755   4.011 0.000
185.333333 186.333333  39.023  12.243 0.000
189.333333 190.333333   4.419   2.844 0.000
192.333333 193.333333  10.347   5.401 0.000
196.333333 197.333333  12.042   6.346 0.000
199.333333 200.333333  17.379   6.795 0.000
203.333333 204.333333  12.897   6.152 0.000
206.333333 207.333333  11.349   5.635 0.000
210.333333 211.333333  16.554   7.418 0.000
213.333333 214.333333  15.302   6.758 0.000
217.333333 218.333333  38.741  15.061 0.000
220.333333 221.333333  26.217   5.461 0.000
224.333333 225.333333  20.484   7.820 0.000
227.333333 228.333333  18.273   6.463 0.000
231.333333 232.333333  15.906   6.250 0.000
234.333333 235.333333   8.108   3.351 0.000
238.333333 239.333333  21.454   3.487 0.000
241.333333 242.333333  16.100   5.862 0.000
245.333333 246.333333  16.366   7.736 0.000
248.333333 249.333333   8.641   3.533 0.000
252.333333 253.333333  23.586  11.759 0.000
255.333333 256.333333   9.273   3.732 0.000
259.333333 260.333333   6.470   2.612 0.000
262.333333 263.333333  11.646   4.394 0.000
266.333333 267.333333 999.999  18.465 0.000
269.333333 270.333333  18.634   6.853 0.000
273.333333 274.333333   9.977   5.662 0.000
276.333333 277.333333   3.321   1.395 0.000
280.333333 281.333333  25.762   9.345 0.000
283.333333 284.333333   9.669   3.148 0.000
287.333333 288.333333  21.229   8.593 0.000
290.333333 291.333333  14.812   5.271 0.000
294.333333 295.333333  20.116  11.098 0.000
297.333333 298.333333  15.188   8.340 0.000
301.333333 302.333333  10.439   6.849 0.000
304.333333 305.333333  17.070   7.513 0.000
308.333333 309.333333  24.437  12.950 0.000
311.333333 312.333333  12.570   4.911 0.000
315.333333 316.333333  23.490  13.661 0.000
318.333333 319.333333  27.006  14.828 0.000
322.333333 323.333333  15.394   5.613 0.000
325.333333 326.333333  16.317   4.978 0.000
329.333333 330.333333   9.962   4.672 0.000
332.333333 333.333333  13.027   6.423 0.000
336.333333 337.333333  10.710   6.976 0.000
339.333333 340.333333  15.258  10.753 0.000
343.333333 344.333333  12.715   6.848 0.000
346.333333 347.333333  12.960   9.227 0.000
350.333333 351.333333  11.320   2.592 0.000
353.333333 354.333333  19.242   7.808 0.000
357.333333 358.333333  10.487   6.817 0.000
360.333333 361.333333  14.264   4.813 0.000
364.333333 365.333333  17.504   5.655 0.000
