scripts/IMPROVE-2019_partial/data/US0057R.20050101050000.20191216000000.filterpack..pm25.52w.1w.US03L_filterpack_US0057.US03L_IMPROVE_Davis.lev2.nas
68 1001
MISSING INFORMATION
US03L, IMPROVE, , , , , , , 
MISSING INFORMATION
IMPROVE sel_HTAP
1 1
2005 01 01 2019 12 16
3.000000
days from file reference point
29
1 1 1 1 1 1 1 1 1 1 1 1 1 1 1 1 1 1 1 1 1 1 1 1 1 1 1 1 1
999.999999 9.999 9.999999 9999.99 9.999 99.99 9.999 9.999 9.999 99.99 9.999 9.999 9.999 99.999 9.999 999.999 9.999 999.99 9.999 999.999 9.999 99.999 9.999 999.999 9.999 9.999 9.999 99.999 9.999
end_time of measurement, days from the file reference point
ammonium, ug N/m3, Revision date=20181210133000
numflag ammonium, no unit, Revision date=20181210133000
iron, ng/m3, Revision date=20181210133000
numflag iron, no unit, Revision date=20181210133000
lead, ng/m3, Revision date=20181210133000
numflag lead, no unit, Revision date=20181210133000
magnesium, ug/m3, Revision date=20181210133000
numflag magnesium, no unit, Revision date=20181210133000
nickel, ng/m3, Revision date=20181210133000
numflag nickel, no unit, Revision date=20181210133000
nitrate, ug N/m3, Revision date=20181210133000
numflag nitrate, no unit, Revision date=20181210133000
organic_carbon, ug C/m3, Revision date=20181210133000
numflag organic_carbon, no unit, Revision date=20181210133000
organic_mass, ug/m3, Revision date=20181210133000
numflag organic_mass, no unit, Revision date=20181210133000
phosphorus, ng/m3, Revision date=20181210133000
numflag phosphorus, no unit, Revision date=20181210133000
pm10_mass, ug/m3, Version=2, Version description=Data extracted from http://views.cira.colostate.edu/fed/DataWizard 2019-12-16, Sample duration=1d, Orig. time res.=3d, Matrix=pm10, Blank correction=Blank corrected, Volume std. temperature=ambient, Volume std. pressure=ambient
numflag pm10_mass, no unit, Version=2, Version description=Data extracted from http://views.cira.colostate.edu/fed/DataWizard 2019-12-16, Sample duration=1d, Orig. time res.=3d, Matrix=pm10, Blank correction=Blank corrected, Volume std. temperature=ambient, Volume std. pressure=ambient
pm10_pm25_mass, ug/m3, Revision date=20181210133000, Matrix=pm10_pm25
numflag pm10_pm25_mass, no unit, Revision date=20181210133000, Matrix=pm10_pm25
pm25_mass, ug/m3, Version=2, Version description=Data extracted from http://views.cira.colostate.edu/fed/DataWizard 2019-12-16, Sample duration=1d, Orig. time res.=3d, Blank correction=Blank corrected, Volume std. temperature=ambient, Volume std. pressure=ambient
numflag pm25_mass, no unit, Version=2, Version description=Data extracted from http://views.cira.colostate.edu/fed/DataWizard 2019-12-16, Sample duration=1d, Orig. time res.=3d, Blank correction=Blank corrected, Volume std. temperature=ambient, Volume std. pressure=ambient
potassium, ug/m3, Revision date=20181210133000
numflag potassium, no unit, Revision date=20181210133000
sulphate_total, ug S/m3, Revision date=20181210133000
numflag sulphate_total, no unit, Revision date=20181210133000
0
25
Data definition:              EBAS_1.1
Set type code:                TU
Timezone:                     UTC
File name:                    US0057R.20050101050000.20191216000000.filterpack..pm25.52w.1w.US03L_filterpack_US0057.US03L_IMPROVE_Davis.lev2.nas
File creation:                20191218115859
Startdate:                    20050101050000
Revision date:                20191216000000
Statistics:                   arithmetic mean
Data level:                   2
Period code:                  52w
Resolution code:              1w
Station code:                 US0057R
Platform code:                US0057S
Station name:                 Linville Gorge
Station latitude:             35.9723
Station longitude:            -81.9331
Station altitude:             968.0 m
Regime:                       IMG
Component:                    
Matrix:                       pm25
Laboratory code:              US03L
Instrument type:              filterpack
Instrument name:              filterpack_US0057
Method ref:                   US03L_IMPROVE_Davis
starttime endtime NH4+ flag_NH4+ Fe flag_Fe Pb flag_Pb Mg++ flag_Mg++ Ni flag_Ni NO3- flag_NO3- OC flag_OC OM flag_OM P flag_P PM10 flag_PM10 PM10-PM2.5 flag_PM10-PM2.5 PM2.5 flag_PM2.5 K+ flag_K+ SO4-- flag_SO4--
[from data line 79]
237.208333 238.208333 9.999 0.259000   34.99 0.000  2.35 0.000 9.999 0.259  0.56 0.000 0.046 0.000  2.577 0.000   4.638 0.000 999.99 0.259  34.234 0.000  3.351 0.000  30.878 0.000 0.049 0.000  5.276 0.000
240.208333 241.208333 9.999 0.259000   28.40 0.000  1.67 0.000 0.069 0.000  0.20 0.000 0.043 0.000  2.074 0.000   3.734 0.000 999.99 0.259  30.006 0.000  2.444 0.000  27.560 0.000 0.040 0.000  4.864 0.000
243.208333 244.208333 9.999 0.259000   25.33 0.000  2.47 0.000 9.999 0.259  0.11 0.000 0.024 0.000  1.490 0.000   2.683 0.000 999.99 0.259  21.809 0.000  2.629 0.000  19.177 0.000 0.031 0.000  3.465 0.000
246.208333 247.208333 9.999 0.259000   33.90 0.000  2.10 0.000 9.999 0.259 99.99 0.259 0.024 0.000  1.955 0.000   3.520 0.000 999.99 0.259  16.705 0.000  3.459 0.000  13.243 0.000 0.034 0.000  1.801 0.000
249.208333 250.208333 9.999 0.259000   14.43 0.000  1.90 0.000 9.999 0.259  0.29 0.000 0.028 0.000  1.785 0.000   3.214 0.000 999.99 0.259   9.687 0.000  2.399 0.000   7.286 0.000 0.034 0.000  0.624 0.000
252.208333 253.208333 9.999 0.259000   39.48 0.000  2.30 0.000 9.999 0.259  0.44 0.000 0.026 0.000  2.230 0.000   4.014 0.000 999.99 0.259 999.999 0.456  3.038 0.000  25.335 0.000 0.039 0.000  4.411 0.000
255.208333 256.208333 9.999 0.259000   44.66 0.000  2.49 0.000 9.999 0.259  0.39 0.000 0.025 0.000  2.379 0.000   4.282 0.000 999.99 0.259  13.813 0.000 99.999 0.259  14.442 0.000 0.040 0.000  1.875 0.000
258.208333 259.208333 9.999 0.259000   25.32 0.000  4.78 0.000 9.999 0.259 99.99 0.259 0.020 0.000  1.746 0.000   3.142 0.000 999.99 0.259  17.000 0.000  3.434 0.000  13.564 0.000 0.049 0.000  1.831 0.000
261.208333 262.208333 9.999 0.259000   21.54 0.000  1.91 0.000 9.999 0.259  0.14 0.000 0.014 0.000  1.843 0.000   3.318 0.000 999.99 0.259  20.201 0.000  1.241 0.000  18.955 0.000 0.035 0.000  2.918 0.000
264.208333 265.208333 9.999 0.259000   35.41 0.000  1.99 0.000 9.999 0.259  0.33 0.000 0.039 0.000  2.046 0.000   3.683 0.000 999.99 0.259 999.999 0.456  3.038 0.000  20.428 0.000 0.062 0.000  3.254 0.000
267.208333 268.208333 9.999 0.259000   26.94 0.000  2.20 0.000 9.999 0.259  0.79 0.000 0.090 0.000  2.069 0.000   3.723 0.000 999.99 0.259  29.742 0.000  0.503 0.000  29.235 0.000 0.043 0.000  5.704 0.000
270.208333 271.208333 9.999 0.259000   22.49 0.000  2.63 0.000 9.999 0.259  0.19 0.000 0.038 0.000  2.014 0.000   3.625 0.000 999.99 0.259 999.999 0.456  3.038 0.000  16.769 0.000 0.052 0.000  2.897 0.000
273.208333 274.208333 9.999 0.259000   24.86 0.000  1.54 0.000 0.025 0.000  0.35 0.000 0.039 0.000  1.693 0.000   3.047 0.000 999.99 0.259  15.915 0.000  1.831 0.000  14.081 0.000 0.039 0.000  2.483 0.000
276.208333 277.208333 9.999 0.259000   23.03 0.000  0.72 0.000 0.039 0.000  1.16 0.000 0.037 0.000  1.161 0.000   2.090 0.000 999.99 0.259 999.999 0.456  1.719 0.000  13.025 0.000 0.030 0.000  2.174 0.000
279.208333 280.208333 9.999 0.259000    1.59 0.000  0.19 0.000 0.005 0.000 99.99 0.259 0.005 0.000  0.580 0.000   1.043 0.000  15.57 0.000   2.901 0.000  1.901 0.000   0.999 0.000 0.010 0.000  0.069 0.000
282.208333 283.208333 9.999 0.259000    1.06 0.000  0.41 0.000 9.999 0.259 99.99 0.259 0.005 0.000  0.549 0.000   0.989 0.000 999.99 0.259   2.970 0.000  1.264 0.000   1.706 0.000 0.020 0.000  0.139 0.000
285.208333 286.208333 9.999 0.259000   12.56 0.000  1.42 0.000 0.044 0.000  0.28 0.000 0.053 0.000  1.046 0.000   1.882 0.000 999.99 0.259   9.783 0.000  1.262 0.000   8.521 0.000 0.031 0.000  1.557 0.000
288.208333 289.208333 9.999 0.259000   26.12 0.000  1.34 0.000 9.999 0.259 99.99 0.259 0.038 0.000  0.804 0.000   1.447 0.000 999.99 0.259   8.012 0.000  4.795 0.000   3.145 0.000 0.029 0.000  0.272 0.000
291.208333 292.208333 9.999 0.259000   46.91 0.000  2.28 0.000 9.999 0.259 99.99 0.259 0.043 0.000  3.221 0.000   5.797 0.000 999.99 0.259  19.735 0.000  4.452 0.000  15.296 0.000 0.090 0.000  1.557 0.000
294.208333 295.208333 9.999 0.259000   24.41 0.000  1.00 0.000 9.999 0.259  0.35 0.000 0.062 0.000  1.472 0.000   2.650 0.000 999.99 0.259  14.478 0.000  1.972 0.000  12.408 0.000 0.041 0.000  1.968 0.000
297.208333 298.208333 9.999 0.259000    3.22 0.000  0.48 0.000 9.999 0.259  0.18 0.000 0.006 0.000  0.267 0.000   0.480 0.000 999.99 0.259   3.194 0.000  1.507 0.000   1.690 0.000 0.004 0.000  0.325 0.000
300.208333 301.208333 9.999 0.259000   20.44 0.000  0.39 0.000 9.999 0.259 99.99 0.259 0.021 0.000  1.259 0.000   2.267 0.000 999.99 0.259   9.645 0.000  1.444 0.000   8.135 0.000 0.029 0.000  1.183 0.000
303.208333 304.208333 9.999 0.259000   23.90 0.000  2.76 0.000 9.999 0.259  0.22 0.000 0.016 0.000  1.326 0.000   2.387 0.000 999.99 0.259   6.612 0.000  1.514 0.000   5.050 0.000 0.034 0.000  0.497 0.000
306.208333 307.208333 9.999 0.259000   35.88 0.000  1.21 0.000 9.999 0.259  0.30 0.000 0.029 0.000  1.712 0.000   3.081 0.000 999.99 0.259   8.956 0.000  2.152 0.000   6.778 0.000 0.059 0.000  0.627 0.000
309.208333 310.208333 9.999 0.259000   23.03 0.000  0.92 0.000 9.999 0.259  0.59 0.000 0.057 0.000  1.988 0.000   3.579 0.000 999.99 0.259  11.721 0.000  1.233 0.000  10.417 0.000 0.051 0.000  1.332 0.000
312.208333 313.208333 9.999 0.259000   76.62 0.000  1.02 0.000 9.999 0.259  0.39 0.000 0.041 0.000  1.883 0.000   3.390 0.000 999.99 0.259  12.967 0.000  2.888 0.000  10.076 0.000 0.041 0.000  1.256 0.000
315.208333 316.208333 9.999 0.259000 9999.99 0.456 99.99 0.456 9.999 0.456 99.99 0.456 0.065 0.000  2.145 0.000   3.860 0.000 999.99 0.456   8.612 0.000 99.999 0.456 999.999 0.456 9.999 0.456  0.327 0.000
318.208333 319.208333 9.999 0.559259   11.46 0.000  0.48 0.000 9.999 0.259  0.49 0.000 0.064 0.559  1.213 0.000   2.184 0.000 999.99 0.259   8.948 0.000  1.545 0.000   7.359 0.000 0.028 0.000  1.071 0.559
321.208333 322.208333 9.999 0.259000   20.34 0.000  1.32 0.000 9.999 0.259 99.99 0.259 0.038 0.000  1.571 0.000   2.827 0.000 999.99 0.259   5.881 0.000  1.503 0.000   4.334 0.000 0.036 0.000  0.255 0.000
324.208333 325.208333 9.999 0.259000    6.53 0.000  0.40 0.000 9.999 0.259 99.99 0.259 0.018 0.000  0.810 0.000   1.458 0.000 999.99 0.259   4.741 0.000  0.272 0.000   4.438 0.000 0.024 0.000  0.542 0.000
327.208333 328.208333 9.999 0.559259   15.98 0.000  0.41 0.000 0.011 0.000 99.99 0.259 0.150 0.559  0.808 0.000   1.455 0.000 999.99 0.259   6.523 0.000  3.545 0.000   2.921 0.000 0.028 0.000  0.235 0.559
330.208333 331.208333 9.999 0.259000   14.85 0.000  1.32 0.000 9.999 0.259  0.36 0.000 0.049 0.000  2.683 0.559   4.829 0.559 999.99 0.259  10.064 0.000  0.803 0.000   9.194 0.000 0.077 0.000  0.787 0.000
333.208333 334.208333 9.999 0.259000   20.99 0.000  1.11 0.000 9.999 0.259 99.99 0.259 0.076 0.000  1.605 0.000   2.890 0.000 999.99 0.259   7.658 0.000  1.993 0.000   5.648 0.000 0.051 0.000  0.381 0.000
336.208333 337.208333 9.999 0.559259   10.36 0.000  2.51 0.000 9.999 0.259  0.27 0.000 0.049 0.559  1.063 0.000   1.914 0.000 999.99 0.259   5.291 0.000  1.808 0.000   3.442 0.000 0.043 0.000  0.256 0.559
339.208333 340.208333 9.999 0.559259    9.77 0.000  1.07 0.000 9.999 0.259 99.99 0.259 0.055 0.559  0.688 0.559   1.239 0.559 999.99 0.259   5.722 0.000  1.031 0.000   4.666 0.000 0.017 0.000  0.759 0.559
342.208333 343.208333 9.999 0.559259   17.76 0.000  1.17 0.000 0.005 0.000  0.15 0.000 0.060 0.559  0.689 0.000   1.241 0.000 999.99 0.259   4.321 0.000  1.016 0.000   3.274 0.000 0.020 0.000  0.349 0.559
345.208333 346.208333 9.999 0.559259    6.56 0.000  1.25 0.000 9.999 0.259 99.99 0.259 0.049 0.559  0.522 0.000   0.939 0.000 999.99 0.259   4.023 0.000  0.701 0.000   3.294 0.000 0.016 0.000  0.469 0.559
348.208333 349.208333 9.999 0.259000    5.53 0.000  0.62 0.000 9.999 0.259 99.99 0.259 0.051 0.000  0.687 0.000   1.236 0.000 999.99 0.259   2.911 0.000  0.752 0.000   2.137 0.000 0.023 0.000  0.221 0.000
351.208333 352.208333 9.999 0.559259   15.05 0.000  2.21 0.000 0.008 0.000 99.99 0.259 0.142 0.559  1.384 0.000   2.490 0.000 999.99 0.259   5.452 0.000  0.648 0.000   4.767 0.000 0.046 0.000  0.334 0.559
354.208333 355.208333 9.999 0.259000   23.86 0.000  0.92 0.000 9.999 0.259 99.99 0.259 0.142 0.000  2.133 0.000   3.839 0.000 999.99 0.259   8.672 0.000  2.982 0.000   5.699 0.000 0.052 0.000  0.252 0.000
357.208333 358.208333 9.999 0.259000   15.42 0.000  1.19 0.000 9.999 0.259 99.99 0.259 0.050 0.000  2.112 0.000   3.802 0.000 999.99 0.259   6.055 0.000  0.768 0.000   5.246 0.000 0.049 0.000  0.281 0.000
360.208333 361.208333 9.999 0.259000   10.90 0.000  0.73 0.000 9.999 0.259 99.99 0.259 0.011 0.000  0.838 0.000   1.508 0.000 999.99 0.259   3.577 0.000  0.956 0.000   2.610 0.000 0.016 0.000  0.240 0.000
363.208333 364.208333 9.999 0.259000   10.48 0.000  0.32 0.000 9.999 0.259  0.19 0.000 0.020 0.000  1.438 0.000   2.588 0.000 999.99 0.259   6.326 0.000  1.192 0.000   5.090 0.000 0.041 0.000  0.532 0.000
