scripts/IMPROVE-2019_partial/data/US0066R.20040101050000.20191216000000.filterpack..pm25.52w.1w.US03L_filterpack_US0066.US03L_IMPROVE_Davis.lev2.nas
64 1001
MISSING INFORMATION
US03L, IMPROVE, , , , , , , 
MISSING INFORMATION
IMPROVE sel_HTAP
1 1
2004 01 01 2019 12 16
3.000000
days from file reference point
25
1 1 1 1 1 1 1 1 1 1 1 1 1 1 1 1 1 1 1 1 1 1 1 1 1
999.999999 999.99 9.999 99.99 9.999 9.999 9.999 99.99 9.999 99.999 9.999 99.999 9.999 99.999 9.999 999.999 9.999 99.999 9.999 999.999 9.999 9.999 9.999 99.999 9.999
end_time of measurement, days from the file reference point
iron, ng/m3, Revision date=20181210133000
numflag iron, no unit, Revision date=20181210133000
lead, ng/m3, Revision date=20181210133000
numflag lead, no unit, Revision date=20181210133000
magnesium, ug/m3, Revision date=20181210133000
numflag magnesium, no unit, Revision date=20181210133000
nickel, ng/m3, Revision date=20181210133000
numflag nickel, no unit, Revision date=20181210133000
nitrate, ug N/m3, Revision date=20181210133000
numflag nitrate, no unit, Revision date=20181210133000
organic_carbon, ug C/m3, Revision date=20181210133000
numflag organic_carbon, no unit, Revision date=20181210133000
organic_mass, ug/m3, Revision date=20181210133000
numflag organic_mass, no unit, Revision date=20181210133000
pm10_mass, ug/m3, Version=2, Version description=Data extracted from http://views.cira.colostate.edu/fed/DataWizard 2019-12-16, Sample duration=1d, Orig. time res.=3d, Matrix=pm10, Blank correction=Blank corrected, Volume std. temperature=ambient, Volume std. pressure=ambient
numflag pm10_mass, no unit, Version=2, Version description=Data extracted from http://views.cira.colostate.edu/fed/DataWizard 2019-12-16, Sample duration=1d, Orig. time res.=3d, Matrix=pm10, Blank correction=Blank corrected, Volume std. temperature=ambient, Volume std. pressure=ambient
pm10_pm25_mass, ug/m3, Revision date=20181210133000, Matrix=pm10_pm25
numflag pm10_pm25_mass, no unit, Revision date=20181210133000, Matrix=pm10_pm25
pm25_mass, ug/m3, Version=2, Version description=Data extracted from http://views.cira.colostate.edu/fed/DataWizard 2019-12-16, Sample duration=1d, Orig. time res.=3d, Blank correction=Blank corrected, Volume std. temperature=ambient, Volume std. pressure=ambient
numflag pm25_mass, no unit, Version=2, Version description=Data extracted from http://views.cira.colostate.edu/fed/DataWizard 2019-12-16, Sample duration=1d, Orig. time res.=3d, Blank correction=Blank corrected, Volume std. temperature=ambient, Volume std. pressure=ambient
potassium, ug/m3, Revision date=20181210133000
numflag potassium, no unit, Revision date=20181210133000
sulphate_total, ug S/m3, Revision date=20181210133000
numflag sulphate_total, no unit, Revision date=20181210133000
0
25
Data definition:              EBAS_1.1
Set type code:                TU
Timezone:                     UTC
File name:                    US0066R.20040101050000.20191216000000.filterpack..pm25.52w.1w.US03L_filterpack_US0066.US03L_IMPROVE_Davis.lev2.nas
File creation:                20191218115945
Startdate:                    20040101050000
Revision date:                20191216000000
Statistics:                   arithmetic mean
Data level:                   2
Period code:                  52w
Resolution code:              1w
Station code:                 US0066R
Platform code:                US0066S
Station name:                 Connecticut Hill
Station latitude:             42.4009
Station longitude:            -76.6534
Station altitude:             519.0 m
Regime:                       IMG
Component:                    
Matrix:                       pm25
Laboratory code:              US03L
Instrument type:              filterpack
Instrument name:              filterpack_US0066
Method ref:                   US03L_IMPROVE_Davis
starttime endtime Fe flag_Fe Pb flag_Pb Mg++ flag_Mg++ Ni flag_Ni NO3- flag_NO3- OC flag_OC OM flag_OM PM10 flag_PM10 PM10-PM2.5 flag_PM10-PM2.5 PM2.5 flag_PM2.5 K+ flag_K+ SO4-- flag_SO4--
[from data line 91]
273.208333 274.208333  20.75 0.000  2.99 0.000 9.999 0.259  0.19 0.000  0.186 0.000  1.318 0.000  1.845 0.000   8.963 0.000  3.227 0.000   5.737 0.000 0.019 0.000  0.585 0.000
276.208333 277.208333   8.63 0.000  2.20 0.000 9.999 0.259 99.99 0.259  0.061 0.000  0.796 0.000  1.115 0.000   4.134 0.000  1.549 0.000   2.585 0.000 0.015 0.000  0.217 0.000
279.208333 280.208333  24.19 0.000  3.22 0.000 0.260 0.000 99.99 0.259  0.046 0.000  0.645 0.000  0.903 0.000   6.904 0.000  2.965 0.000   3.938 0.000 0.021 0.000  0.422 0.000
282.208333 283.208333  44.01 0.000  3.01 0.000 9.999 0.259 99.99 0.259  0.066 0.000  1.724 0.000  2.414 0.000  17.075 0.000  4.466 0.000  12.610 0.000 0.045 0.000  1.737 0.000
285.208333 286.208333  10.74 0.000  1.36 0.000 9.999 0.259 99.99 0.259  0.097 0.000  0.724 0.000  1.013 0.000   5.227 0.000  1.927 0.000   3.300 0.000 0.013 0.000  0.271 0.000
288.208333 289.208333  19.45 0.000  3.32 0.000 9.999 0.259  0.60 0.000  0.120 0.000  1.167 0.000  1.634 0.000   9.780 0.000  1.045 0.000   8.735 0.000 0.024 0.000  1.311 0.000
291.208333 292.208333   5.45 0.000  1.08 0.000 9.999 0.259 99.99 0.259  0.038 0.000  0.501 0.000  0.702 0.000   4.191 0.000  0.884 0.000   3.307 0.000 0.011 0.000  0.476 0.000
294.208333 295.208333   7.69 0.000  1.50 0.000 9.999 0.259  0.68 0.000  0.058 0.000  0.648 0.000  0.907 0.000   4.643 0.000  0.628 0.000   4.016 0.000 0.013 0.000  0.460 0.000
297.208333 298.208333  13.66 0.000  2.23 0.000 9.999 0.259  1.29 0.000  0.097 0.000  1.008 0.000  1.411 0.000   7.771 0.000  1.944 0.000   5.827 0.000 0.020 0.000  0.770 0.000
300.208333 301.208333  13.37 0.000  2.21 0.000 9.999 0.259  0.17 0.000  0.491 0.000  0.904 0.000  1.266 0.000   8.383 0.000  1.046 0.000   7.337 0.000 0.018 0.000  0.783 0.000
303.208333 304.208333  14.63 0.000  2.76 0.000 9.999 0.259  0.41 0.000  0.109 0.000  1.853 0.000  2.594 0.000  14.620 0.000  2.267 0.000  12.352 0.000 0.039 0.000  1.832 0.000
306.208333 307.208333  24.14 0.000  2.57 0.000 0.134 0.000  0.46 0.000  0.189 0.000  1.093 0.000  1.530 0.000   9.062 0.000  2.182 0.000   6.880 0.000 0.028 0.000  0.888 0.000
309.208333 310.208333   8.24 0.000  0.66 0.000 0.119 0.000  0.12 0.000  0.036 0.000  0.521 0.000  0.729 0.000   3.824 0.000  1.537 0.000   2.287 0.000 0.026 0.000  0.266 0.000
312.208333 313.208333   4.88 0.000  0.66 0.000 0.116 0.000 99.99 0.259  0.047 0.000  0.289 0.000  0.405 0.000   2.232 0.000  0.759 0.000   1.473 0.000 0.007 0.000  0.188 0.000
315.208333 316.208333  21.33 0.000  2.08 0.000 0.157 0.000  0.17 0.000  0.260 0.000  1.112 0.000  1.556 0.000   7.771 0.000  2.820 0.000   4.952 0.000 0.037 0.000  0.488 0.000
318.208333 319.208333  16.93 0.000  3.08 0.000 9.999 0.259  0.19 0.000  0.239 0.000  0.773 0.000  1.083 0.000   5.787 0.000  2.105 0.000   3.682 0.000 0.046 0.000  0.286 0.000
321.208333 322.208333  45.93 0.000  5.86 0.000 0.100 0.000  0.26 0.000  0.284 0.000  1.519 0.000  2.127 0.000  11.382 0.000  1.720 0.000   9.662 0.000 0.049 0.000  1.297 0.000
324.208333 325.208333  17.28 0.000  4.07 0.000 9.999 0.259  0.74 0.000  0.408 0.000  1.071 0.000  1.499 0.000   9.821 0.000  1.163 0.000   8.658 0.000 0.029 0.000  1.046 0.000
327.208333 328.208333  22.87 0.000  3.10 0.000 9.999 0.259  0.42 0.000  0.144 0.000  0.808 0.000  1.131 0.000   9.903 0.000  1.173 0.000   8.731 0.000 0.031 0.000  1.530 0.000
330.208333 331.208333  13.12 0.000  1.59 0.000 9.999 0.259 99.99 0.259  0.171 0.000  0.579 0.000  0.810 0.000   3.780 0.000  0.817 0.000   2.963 0.000 0.020 0.000  0.309 0.000
333.208333 334.208333   4.89 0.000  0.55 0.000 0.101 0.000 99.99 0.259  0.043 0.000  0.353 0.000  0.494 0.000   2.876 0.000  0.671 0.000   2.205 0.000 0.011 0.000  0.327 0.000
336.208333 337.208333  21.51 0.000  2.43 0.000 0.061 0.000  0.26 0.000  0.462 0.000  0.752 0.000  1.053 0.000   6.572 0.000  1.017 0.000   5.556 0.000 0.029 0.000  0.511 0.000
339.208333 340.208333  12.92 0.000  1.98 0.000 9.999 0.259  0.20 0.000  0.232 0.000  0.633 0.000  0.887 0.000   4.520 0.000  1.273 0.000   3.247 0.000 0.020 0.000  0.359 0.000
342.208333 343.208333   7.35 0.000  0.84 0.000 0.115 0.000  0.20 0.000  0.036 0.000  0.343 0.000  0.480 0.000   3.127 0.000  0.451 0.000   2.676 0.000 0.010 0.000  0.462 0.000
345.208333 346.208333   1.33 0.000  0.45 0.000 9.999 0.259  0.23 0.000  0.084 0.000  0.361 0.000  0.505 0.000   1.389 0.000  0.079 0.000   1.310 0.000 0.008 0.000  0.163 0.000
348.208333 349.208333   6.38 0.000  2.17 0.000 9.999 0.259  0.23 0.000  0.111 0.000  0.322 0.000  0.451 0.000   3.509 0.000  1.361 0.000   2.148 0.000 0.017 0.000  0.298 0.000
351.208333 352.208333  13.36 0.000  1.29 0.000 9.999 0.259  0.15 0.000  0.149 0.000  0.573 0.000  0.802 0.000   4.754 0.000  1.565 0.000   3.189 0.000 0.020 0.000  0.405 0.000
354.208333 355.208333   5.70 0.000  1.09 0.000 9.999 0.259  0.13 0.000  0.077 0.000  0.415 0.000  0.581 0.000   3.157 0.000  1.073 0.000   2.083 0.000 0.021 0.000  0.203 0.000
357.208333 358.208333  11.53 0.000  1.32 0.000 9.999 0.259  0.56 0.000  0.156 0.000  0.625 0.000  0.876 0.000   4.643 0.000  1.096 0.000   3.547 0.000 0.021 0.000  0.466 0.000
360.208333 361.208333  24.87 0.000  3.13 0.000 9.999 0.259  0.48 0.000  0.386 0.000  1.557 0.000  2.179 0.000  10.853 0.000  3.160 0.000   7.693 0.000 0.060 0.000  0.519 0.000
363.208333 364.208333  40.65 0.000  3.67 0.000 9.999 0.259  0.26 0.000  0.865 0.000  1.404 0.000  1.965 0.000  15.666 0.000  2.649 0.000  13.017 0.000 0.051 0.000  1.212 0.000
