scripts/IMPROVE-2019_partial/data/US0091R.20070103070000.20191216000000.filterpack...1y.3d.US03L_filterpack_US0091.US03L_IMPROVE_Davis.lev2.nas
52 1001
MISSING INFORMATION
US03L, IMPROVE, , , , , , , 
MISSING INFORMATION
IMPROVE sel_HTAP
1 1
2007 01 01 2019 12 16
3.000000
days from file reference point
5
1 1 1 1 1
999.999999 999.999 9.999 999.999 9.999
end_time of measurement, days from the file reference point
pm10_mass, ug/m3, Matrix=pm10
numflag pm10_mass, no unit, Matrix=pm10
pm25_mass, ug/m3, Matrix=pm25
numflag pm25_mass, no unit, Matrix=pm25
0
33
Data definition:              EBAS_1.1
Set type code:                TU
Timezone:                     UTC
File name:                    US0091R.20070103070000.20191216000000.filterpack...1y.3d.US03L_filterpack_US0091.US03L_IMPROVE_Davis.lev2.nas
File creation:                20191218120134
Startdate:                    20070103070000
Revision date:                20191216000000
Version:                      2
Version description:          "Data extracted from http://views.cira.colostate.edu/fed/DataWizard 2019-12-16"
Statistics:                   arithmetic mean
Data level:                   2
Period code:                  1y
Resolution code:              3d
Sample duration:              1d
Orig. time res.:              3d
Station code:                 US0091R
Platform code:                US0091S
Station name:                 Mount Baldy
Station latitude:             34.0584
Station longitude:            -109.4406
Station altitude:             2508.0 m
Regime:                       IMG
Component:                    
Unit:                         ug/m3
Matrix:                       
Laboratory code:              US03L
Instrument type:              filterpack
Instrument name:              filterpack_US0091
Method ref:                   US03L_IMPROVE_Davis
Blank correction:             Blank corrected
Volume std. temperature:      ambient
Volume std. pressure:         ambient
starttime endtime PM10 flag_PM10 PM2.5 flag_PM2.5
  2.291667   3.291667   2.962 0.000   1.667 0.659
  5.291667   6.291667   2.043 0.000   1.020 0.659
  8.291667   9.291667   6.376 0.000   2.068 0.659
 11.291667  12.291667  10.553 0.000   1.803 0.659
 14.291667  15.291667   2.960 0.000   1.738 0.659
 17.291667  18.291667   4.002 0.000   1.506 0.659
 20.291667  21.291667   2.344 0.000   0.926 0.659
 23.291667  24.291667 999.999 0.999 999.999 0.999
 26.291667  27.291667   2.459 0.000   1.458 0.659
 29.291667  30.291667  12.978 0.000  10.607 0.659
 32.291667  33.291667   2.016 0.000   1.328 0.659
 35.291667  36.291667   3.872 0.000   2.987 0.659
 38.291667  39.291667   2.207 0.000   1.107 0.659
 41.291667  42.291667   3.198 0.000   1.990 0.659
 44.291667  45.291667   3.165 0.000   1.947 0.659
 47.291667  48.291667   2.503 0.000   1.286 0.659
 50.291667  51.291667   1.504 0.000   0.853 0.659
 53.291667  54.291667   5.168 0.000   1.349 0.659
 56.291667  57.291667   1.722 0.000   0.837 0.659
 59.291667  60.291667   2.509 0.000   0.724 0.659
 62.291667  63.291667   1.828 0.000   1.120 0.659
 65.291667  66.291667 999.999 0.699 999.999 0.699
 68.291667  69.291667   8.853 0.000   3.471 0.659
 71.291667  72.291667   3.383 0.000   1.364 0.659
 74.291667  75.291667   4.397 0.000   1.409 0.659
 77.291667  78.291667   3.804 0.000   1.428 0.659
 80.291667  81.291667 999.999 0.456   0.725 0.659
 83.291667  84.291667 999.999 0.456   1.490 0.659
 86.291667  87.291667  18.910 0.000   4.478 0.000
 89.291667  90.291667   2.868 0.000   1.799 0.000
 92.291667  93.291667   4.107 0.000   2.019 0.000
 95.291667  96.291667   5.376 0.000   2.888 0.000
 98.291667  99.291667  19.973 0.000   8.441 0.000
101.291667 102.291667  28.918 0.000   8.477 0.000
104.291667 105.291667  12.614 0.000   3.783 0.000
107.291667 108.291667   7.914 0.000   3.758 0.000
110.291667 111.291667   9.665 0.000   5.237 0.000
113.291667 114.291667   2.288 0.000   1.111 0.000
116.291667 117.291667   5.463 0.000   3.401 0.000
119.291667 120.291667   8.319 0.000   4.139 0.000
122.291667 123.291667  12.346 0.000   5.143 0.000
125.291667 126.291667   2.421 0.000   1.602 0.000
128.291667 129.291667   3.238 0.000   2.323 0.000
131.291667 132.291667   6.607 0.000   3.345 0.000
134.291667 135.291667  15.378 0.000   5.118 0.000
137.291667 138.291667   5.996 0.000   3.825 0.000
140.291667 141.291667 999.999 0.999 999.999 0.999
143.291667 144.291667   7.366 0.000   3.609 0.000
146.291667 147.291667   8.341 0.000   4.119 0.000
149.291667 150.291667   8.702 0.000   3.943 0.000
152.291667 153.291667  11.238 0.000   4.651 0.000
155.291667 156.291667  11.264 0.000   4.362 0.000
158.291667 159.291667  16.340 0.000   4.934 0.000
161.291667 162.291667   6.443 0.000   3.368 0.000
164.291667 165.291667   5.971 0.000   3.389 0.000
167.291667 168.291667   6.393 0.000   3.501 0.000
170.291667 171.291667   7.578 0.000   3.624 0.000
173.291667 174.291667   7.771 0.000   3.677 0.000
176.291667 177.291667   7.772 0.000   3.580 0.000
179.291667 180.291667   9.016 0.000   3.705 0.000
182.291667 183.291667   7.043 0.000   3.538 0.000
185.291667 186.291667  12.876 0.000   6.487 0.000
188.291667 189.291667  18.459 0.000   8.131 0.000
191.291667 192.291667   6.857 0.000   4.637 0.000
194.291667 195.291667  11.062 0.000   5.979 0.000
197.291667 198.291667   6.215 0.000   3.697 0.000
200.291667 201.291667   6.992 0.000   4.043 0.000
203.291667 204.291667   3.721 0.000   2.047 0.000
206.291667 207.291667   4.508 0.000   3.013 0.000
209.291667 210.291667   2.988 0.000   1.801 0.000
212.291667 213.291667   3.896 0.000   2.318 0.000
215.291667 216.291667   4.333 0.000   2.119 0.000
218.291667 219.291667   6.454 0.000   2.936 0.000
221.291667 222.291667   5.746 0.000   3.332 0.000
224.291667 225.291667   6.142 0.000   3.580 0.000
227.291667 228.291667   7.408 0.000   5.126 0.000
230.291667 231.291667  10.887 0.000   6.481 0.000
233.291667 234.291667   8.279 0.000   4.246 0.000
236.291667 237.291667  10.197 0.000   4.775 0.000
239.291667 240.291667   5.053 0.000   3.158 0.000
242.291667 243.291667   4.133 0.000   2.643 0.000
245.291667 246.291667   7.028 0.000   4.814 0.000
248.291667 249.291667   9.139 0.000   5.220 0.000
251.291667 252.291667   6.487 0.000   3.809 0.000
254.291667 255.291667   4.348 0.000   2.222 0.000
257.291667 258.291667   7.222 0.000   3.945 0.000
260.291667 261.291667   5.668 0.000   2.233 0.000
263.291667 264.291667   5.507 0.000   3.188 0.000
266.291667 267.291667   3.446 0.000   2.000 0.000
269.291667 270.291667   3.707 0.000   1.582 0.000
272.291667 273.291667   4.947 0.000   3.012 0.000
275.291667 276.291667   3.002 0.000   2.166 0.000
278.291667 279.291667   7.319 0.000   2.569 0.000
281.291667 282.291667   6.496 0.000   2.940 0.000
284.291667 285.291667   3.864 0.000   1.297 0.000
287.291667 288.291667   7.607 0.000   4.967 0.000
290.291667 291.291667  13.564 0.000   3.400 0.000
293.291667 294.291667   5.008 0.000   1.397 0.000
296.291667 297.291667   3.055 0.000   1.722 0.000
299.291667 300.291667   4.175 0.000   1.695 0.000
302.291667 303.291667   8.316 0.000   2.750 0.000
305.291667 306.291667  41.084 0.000 999.999 0.699
308.291667 309.291667   9.887 0.000   5.383 0.000
311.291667 312.291667  10.745 0.000   5.304 0.000
314.291667 315.291667   4.205 0.000   2.023 0.000
317.291667 318.291667   5.101 0.000   2.187 0.000
320.291667 321.291667   4.327 0.000   2.777 0.000
323.291667 324.291667   3.766 0.000   1.335 0.000
326.291667 327.291667   6.804 0.000   3.996 0.000
329.291667 330.291667   2.402 0.000   1.521 0.000
332.291667 333.291667   0.950 0.000   0.529 0.000
335.291667 336.291667   3.366 0.000   1.907 0.000
338.291667 339.291667   1.974 0.000   1.742 0.000
341.291667 342.291667   1.127 0.000   0.468 0.000
344.291667 345.291667   0.751 0.000   0.344 0.000
347.291667 348.291667   2.634 0.000   1.576 0.000
350.291667 351.291667   0.869 0.000   0.530 0.000
353.291667 354.291667   1.742 0.000   0.816 0.000
356.291667 357.291667   1.749 0.000   1.484 0.000
359.291667 360.291667   1.462 0.000   0.697 0.000
362.291667 363.291667   1.627 0.000   1.007 0.000
