scripts/IMPROVE-2019_partial/data/US0027R.19880504070000.20191216000000.filterpack...8mo.3d.US03L_filterpack_US0027.US03L_IMPROVE_Davis.lev2.nas
51 1001
MISSING INFORMATION
US03L, IMPROVE, , , , , , , 
MISSING INFORMATION
IMPROVE sel_HTAP
1 1
1988 01 01 2019 12 16
0
days from file reference point
4
1 1 1 1
999.999999 999.999 99.999 9.999
end_time of measurement, days from the file reference point
pm10_mass, ug/m3, Matrix=pm10
pm25_mass, ug/m3, Matrix=pm25
numflag, no unit
0
33
Data definition:              EBAS_1.1
Set type code:                TI
Timezone:                     UTC
File name:                    US0027R.19880504070000.20191216000000.filterpack...8mo.3d.US03L_filterpack_US0027.US03L_IMPROVE_Davis.lev2.nas
File creation:                20191218115715
Startdate:                    19880504070000
Revision date:                20191216000000
Version:                      2
Version description:          "Data extracted from http://views.cira.colostate.edu/fed/DataWizard 2019-12-16"
Statistics:                   arithmetic mean
Data level:                   2
Period code:                  8mo
Resolution code:              3d
Sample duration:              1d
Orig. time res.:              3d
Station code:                 US0027R
Platform code:                US0027S
Station name:                 Great Sand Dunes NM
Station latitude:             37.7249
Station longitude:            -105.5185
Station altitude:             2498.0 m
Regime:                       IMG
Component:                    
Unit:                         ug/m3
Matrix:                       
Laboratory code:              US03L
Instrument type:              filterpack
Instrument name:              filterpack_US0027
Method ref:                   US03L_IMPROVE_Davis
Blank correction:             Blank corrected
Volume std. temperature:      ambient
Volume std. pressure:         ambient
starttime endtime PM10 PM2.5 flag
124.291667 125.291667  10.672  4.281 0.000
127.291667 128.291667   9.125  3.493 0.000
131.291667 132.291667   8.653  2.800 0.000
134.291667 135.291667  20.000  6.469 0.000
138.291667 139.291667   8.235  3.862 0.000
141.291667 142.291667  15.115  2.552 0.000
145.291667 146.291667   7.619  2.780 0.000
148.291667 149.291667  14.943  5.666 0.000
152.291667 153.291667   8.476  3.940 0.000
155.291667 156.291667  12.416  4.338 0.000
159.291667 160.291667  13.607  7.264 0.000
162.291667 163.291667   7.111  5.251 0.000
166.291667 167.291667  11.316  4.951 0.000
169.291667 170.291667   8.388  4.149 0.000
173.291667 174.291667 999.999 99.999 0.999
176.291667 177.291667  26.979  5.145 0.000
180.291667 181.291667   4.034  2.053 0.000
183.291667 184.291667   6.341  3.377 0.000
187.291667 188.291667   7.336  4.475 0.000
190.291667 191.291667  15.947  4.000 0.000
194.291667 195.291667   5.764  4.027 0.000
197.291667 198.291667   5.870  4.262 0.000
201.291667 202.291667   4.795  2.443 0.000
204.291667 205.291667  10.719 99.999 0.000
208.291667 209.291667   8.605  4.073 0.000
211.291667 212.291667  12.525  3.642 0.000
215.291667 216.291667   5.723  3.914 0.000
218.291667 219.291667   4.653  3.355 0.000
222.291667 223.291667   7.256  2.690 0.000
225.291667 226.291667  11.096  2.847 0.000
229.291667 230.291667   7.336  2.077 0.000
232.291667 233.291667  14.909  7.052 0.000
236.291667 237.291667   5.507  3.014 0.000
239.291667 240.291667  10.455  7.286 0.000
243.291667 244.291667  10.842  7.621 0.000
246.291667 247.291667 999.999 99.999 0.999
250.291667 251.291667 999.999 99.999 0.999
253.291667 254.291667 999.999 99.999 0.999
257.291667 258.291667   9.275  5.017 0.000
260.291667 261.291667   6.970  4.871 0.000
264.291667 265.291667 999.999 99.999 0.999
267.291667 268.291667   8.640  3.821 0.000
271.291667 272.291667 999.999 99.999 0.999
274.291667 275.291667  15.811  3.254 0.000
278.291667 279.291667   5.259  3.453 0.000
281.291667 282.291667   4.553  1.650 0.000
285.291667 286.291667 999.999 99.999 0.999
288.291667 289.291667   8.790  5.249 0.000
292.291667 293.291667   5.768  2.222 0.000
295.291667 296.291667  10.290  3.182 0.000
299.291667 300.291667   7.329  2.736 0.000
302.291667 303.291667  13.668  5.789 0.000
306.291667 307.291667   9.145 99.999 0.000
309.291667 310.291667   7.063 99.999 0.000
313.291667 314.291667   6.863  3.077 0.000
316.291667 317.291667   6.332  3.142 0.000
320.291667 321.291667   4.902  1.939 0.000
323.291667 324.291667   4.958  2.822 0.000
327.291667 328.291667 999.999  2.361 0.000
330.291667 331.291667   2.190  1.115 0.000
334.291667 335.291667   3.571  0.809 0.000
337.291667 338.291667   2.412  1.063 0.000
341.291667 342.291667  10.926  2.318 0.000
344.291667 345.291667   8.153 99.999 0.000
348.291667 349.291667   6.693  1.898 0.000
351.291667 352.291667   5.556  2.877 0.000
355.291667 356.291667   5.726  2.686 0.000
358.291667 359.291667   6.592  1.594 0.000
362.291667 363.291667   7.166  2.448 0.000
365.291667 366.291667   7.064  1.862 0.000
