scripts/IMPROVE-2019_partial/data/US0094R.20030103070000.20191216000000.filterpack..pm25.1y.1w.US03L_filterpack_US0094.US03L_IMPROVE_Davis.lev2.nas
64 1001
MISSING INFORMATION
US03L, IMPROVE, , , , , , , 
MISSING INFORMATION
IMPROVE sel_HTAP
1 1
2003 01 01 2019 12 16
3.000000
days from file reference point
25
1 1 1 1 1 1 1 1 1 1 1 1 1 1 1 1 1 1 1 1 1 1 1 1 1
999.999999 9999.99 9.999999 99.99 9.999999 9.999 9.999999999 9.99 9.999999 9.999 9.999999 999.999 9.999 999.999 9.999 9999.999 9.999 999.999 9.999 999.999 9.999 9.999 9.999999 9.999 9.999999
end_time of measurement, days from the file reference point
iron, ng/m3, Revision date=20181210133000
numflag iron, no unit, Revision date=20181210133000
lead, ng/m3, Revision date=20181210133000
numflag lead, no unit, Revision date=20181210133000
magnesium, ug/m3, Revision date=20181210133000
numflag magnesium, no unit, Revision date=20181210133000
nickel, ng/m3, Revision date=20181210133000
numflag nickel, no unit, Revision date=20181210133000
nitrate, ug N/m3, Revision date=20181210133000
numflag nitrate, no unit, Revision date=20181210133000
organic_carbon, ug C/m3, Revision date=20181210133000
numflag organic_carbon, no unit, Revision date=20181210133000
organic_mass, ug/m3, Revision date=20181210133000
numflag organic_mass, no unit, Revision date=20181210133000
pm10_mass, ug/m3, Version=2, Version description=Data extracted from http://views.cira.colostate.edu/fed/DataWizard 2019-12-16, Sample duration=1d, Orig. time res.=3d, Matrix=pm10, Blank correction=Blank corrected, Volume std. temperature=ambient, Volume std. pressure=ambient
numflag pm10_mass, no unit, Version=2, Version description=Data extracted from http://views.cira.colostate.edu/fed/DataWizard 2019-12-16, Sample duration=1d, Orig. time res.=3d, Matrix=pm10, Blank correction=Blank corrected, Volume std. temperature=ambient, Volume std. pressure=ambient
pm10_pm25_mass, ug/m3, Revision date=20181210133000, Matrix=pm10_pm25
numflag pm10_pm25_mass, no unit, Revision date=20181210133000, Matrix=pm10_pm25
pm25_mass, ug/m3, Version=2, Version description=Data extracted from http://views.cira.colostate.edu/fed/DataWizard 2019-12-16, Sample duration=1d, Orig. time res.=3d, Blank correction=Blank corrected, Volume std. temperature=ambient, Volume std. pressure=ambient
numflag pm25_mass, no unit, Version=2, Version description=Data extracted from http://views.cira.colostate.edu/fed/DataWizard 2019-12-16, Sample duration=1d, Orig. time res.=3d, Blank correction=Blank corrected, Volume std. temperature=ambient, Volume std. pressure=ambient
potassium, ug/m3, Revision date=20181210133000
numflag potassium, no unit, Revision date=20181210133000
sulphate_total, ug S/m3, Revision date=20181210133000
numflag sulphate_total, no unit, Revision date=20181210133000
0
25
Data definition:              EBAS_1.1
Set type code:                TU
Timezone:                     UTC
File name:                    US0094R.20030103070000.20191216000000.filterpack..pm25.1y.1w.US03L_filterpack_US0094.US03L_IMPROVE_Davis.lev2.nas
File creation:                20191218120144
Startdate:                    20030103070000
Revision date:                20191216000000
Statistics:                   arithmetic mean
Data level:                   2
Period code:                  1y
Resolution code:              1w
Station code:                 US0094R
Platform code:                US0094S
Station name:                 Meadview
Station latitude:             36.0193
Station longitude:            -114.0684
Station altitude:             902.0 m
Regime:                       IMG
Component:                    
Matrix:                       pm25
Laboratory code:              US03L
Instrument type:              filterpack
Instrument name:              filterpack_US0094
Method ref:                   US03L_IMPROVE_Davis
starttime endtime Fe flag_Fe Pb flag_Pb Mg++ flag_Mg++ Ni flag_Ni NO3- flag_NO3- OC flag_OC OM flag_OM PM10 flag_PM10 PM10-PM2.5 flag_PM10-PM2.5 PM2.5 flag_PM2.5 K+ flag_K+ SO4-- flag_SO4--
  2.291667   3.291667 9999.99 0.999000 99.99 0.999000 9.999 0.999000000 9.99 0.999000 9.999 0.999000 999.999 0.999 999.999 0.999 9999.999 0.999 999.999 0.999 999.999 0.999 9.999 0.999000 9.999 0.999000
  5.291667   6.291667 9999.99 0.999000 99.99 0.999000 9.999 0.999000000 9.99 0.999000 9.999 0.999000 999.999 0.999 999.999 0.999 9999.999 0.999 999.999 0.999 999.999 0.999 9.999 0.999000 9.999 0.999000
  8.291667   9.291667 9999.99 0.999000 99.99 0.999000 9.999 0.999000000 9.99 0.999000 9.999 0.999000 999.999 0.999 999.999 0.999 9999.999 0.999 999.999 0.999 999.999 0.999 9.999 0.999000 9.999 0.999000
 11.291667  12.291667 9999.99 0.999000 99.99 0.999000 9.999 0.999000000 9.99 0.999000 9.999 0.999000 999.999 0.999 999.999 0.999 9999.999 0.999 999.999 0.999 999.999 0.999 9.999 0.999000 9.999 0.999000
 14.291667  15.291667 9999.99 0.999000 99.99 0.999000 9.999 0.999000000 9.99 0.999000 9.999 0.999000 999.999 0.999 999.999 0.999 9999.999 0.999 999.999 0.999 999.999 0.999 9.999 0.999000 9.999 0.999000
 17.291667  18.291667 9999.99 0.999000 99.99 0.999000 9.999 0.999000000 9.99 0.999000 9.999 0.999000 999.999 0.999 999.999 0.999 9999.999 0.999 999.999 0.999 999.999 0.999 9.999 0.999000 9.999 0.999000
 20.291667  21.291667 9999.99 0.999000 99.99 0.999000 9.999 0.999000000 9.99 0.999000 9.999 0.999000 999.999 0.999 999.999 0.999 9999.999 0.999 999.999 0.999 999.999 0.999 9.999 0.999000 9.999 0.999000
 23.291667  24.291667 9999.99 0.999000 99.99 0.999000 9.999 0.999000000 9.99 0.999000 9.999 0.999000 999.999 0.999 999.999 0.999 9999.999 0.999 999.999 0.999 999.999 0.999 9.999 0.999000 9.999 0.999000
 26.291667  27.291667 9999.99 0.999000 99.99 0.999000 9.999 0.999000000 9.99 0.999000 9.999 0.999000 999.999 0.999 999.999 0.999 9999.999 0.999 999.999 0.999 999.999 0.999 9.999 0.999000 9.999 0.999000
 29.291667  30.291667 9999.99 0.999000 99.99 0.999000 9.999 0.999000000 9.99 0.999000 9.999 0.999000 999.999 0.999 999.999 0.999 9999.999 0.999 999.999 0.999 999.999 0.999 9.999 0.999000 9.999 0.999000
 32.291667  33.291667 9999.99 0.999000 99.99 0.999000 9.999 0.999000000 9.99 0.999000 9.999 0.999000 999.999 0.999 999.999 0.999 9999.999 0.999 999.999 0.999 999.999 0.999 9.999 0.999000 9.999 0.999000
 35.291667  36.291667 9999.99 0.999000 99.99 0.999000 9.999 0.999000000 9.99 0.999000 9.999 0.999000 999.999 0.999 999.999 0.999 9999.999 0.999 999.999 0.999 999.999 0.999 9.999 0.999000 9.999 0.999000
 38.291667  39.291667 9999.99 0.999000 99.99 0.999000 9.999 0.999000000 9.99 0.999000 9.999 0.999000 999.999 0.999 999.999 0.999 9999.999 0.999 999.999 0.999 999.999 0.999 9.999 0.999000 9.999 0.999000
 41.291667  42.291667 9999.99 0.999000 99.99 0.999000 9.999 0.999000000 9.99 0.999000 9.999 0.999000 999.999 0.999 999.999 0.999 9999.999 0.999 999.999 0.999 999.999 0.999 9.999 0.999000 9.999 0.999000
 44.291667  45.291667 9999.99 0.999000 99.99 0.999000 9.999 0.999000000 9.99 0.999000 9.999 0.999000 999.999 0.999 999.999 0.999 9999.999 0.999 999.999 0.999 999.999 0.999 9.999 0.999000 9.999 0.999000
 47.291667  48.291667    8.95 0.000000  0.87 0.000000 0.014 0.000000000 9.99 0.259000 0.951 0.000000   0.954 0.000   1.335 0.000    5.876 0.000   1.674 0.000   4.202 0.000 0.008 0.000000 0.418 0.000000
 50.291667  51.291667    5.37 0.559000  0.37 0.559000 9.999 0.559259000 0.56 0.559000 0.032 0.000000   0.316 0.000   0.443 0.000    2.181 0.000   1.015 0.000   1.167 0.559 0.006 0.559000 0.130 0.000000
 53.291667  54.291667   20.85 0.559000  0.22 0.559000 9.999 0.559259000 0.07 0.559000 0.009 0.000000   0.241 0.000   0.338 0.000    6.309 0.000   4.998 0.000   1.311 0.559 0.015 0.559000 0.075 0.000000
 56.291667  57.291667    2.93 0.559000 99.99 0.559259 9.999 0.559259000 0.05 0.559000 0.029 0.000000   0.319 0.000   0.447 0.000    1.220 0.000   0.356 0.000   0.865 0.559 0.004 0.559000 0.082 0.000000
 59.291667  60.291667    8.00 0.559000  0.22 0.559000 0.008 0.559000000 9.99 0.559259 0.188 0.000000   0.525 0.000   0.734 0.000    3.195 0.000   1.151 0.000   2.044 0.559 0.010 0.559000 0.206 0.000000
 62.291667  63.291667   14.58 0.559000  0.53 0.559000 9.999 0.559259000 0.12 0.559000 0.333 0.000000   0.853 0.000   1.194 0.000    5.643 0.000   2.364 0.000   3.280 0.559 0.018 0.559000 0.224 0.000000
 65.291667  66.291667   13.00 0.559000  0.44 0.559000 0.017 0.559000000 9.99 0.559259 0.033 0.000000   0.516 0.000   0.723 0.000    4.503 0.000   2.272 0.000   2.231 0.559 0.014 0.559000 0.165 0.000000
 68.291667  69.291667   15.54 0.559000  0.54 0.559000 9.999 0.559259000 0.10 0.559000 0.021 0.000000   0.577 0.000   0.808 0.000    5.208 0.000   2.643 0.000   2.566 0.559 0.014 0.559000 0.247 0.000000
 71.291667  72.291667   57.80 0.000000  1.08 0.000000 9.999 0.259000000 0.19 0.000000 0.049 0.000000   0.903 0.000   1.264 0.000   11.394 0.000   7.335 0.000   4.059 0.000 0.046 0.000000 0.325 0.000000
 74.291667  75.291667   10.89 0.000000  0.51 0.000000 9.999 0.259000000 9.99 0.259000 0.024 0.000000   0.494 0.000   0.692 0.000    1.464 0.000   0.523 0.000   0.942 0.000 0.014 0.000000 0.072 0.000000
 77.291667  78.291667   75.50 0.000000  0.24 0.000000 9.999 0.259000000 9.99 0.259000 0.037 0.000000   0.626 0.000   0.876 0.000   14.391 0.000  11.362 0.000   3.029 0.000 0.047 0.000000 0.105 0.000000
 80.291667  81.291667   26.02 0.000000  0.46 0.000000 9.999 0.259000000 9.99 0.259000 0.011 0.000000   0.406 0.000   0.569 0.000    2.911 0.000   1.668 0.000   1.243 0.000 0.021 0.000000 0.108 0.000000
 83.291667  84.291667   34.35 0.000000  0.30 0.000000 9.999 0.259000000 0.51 0.000000 0.017 0.000000   0.309 0.000   0.432 0.000    4.175 0.000   2.337 0.000   1.838 0.000 0.025 0.000000 0.107 0.000000
 86.291667  87.291667   12.51 0.000000  0.18 0.000000 9.999 0.259000000 9.99 0.259000 0.049 0.000000   0.169 0.000   0.237 0.000    3.932 0.000   2.770 0.000   1.162 0.000 0.010 0.000000 0.104 0.000000
 89.291667  90.291667   18.75 0.000000  0.32 0.000000 9.999 0.259000000 0.04 0.000000 0.015 0.000000   0.235 0.000   0.330 0.000    4.117 0.000   2.686 0.000   1.431 0.000 0.013 0.000000 0.118 0.000000
 92.291667  93.291667   27.58 0.000000  0.70 0.000000 0.018 0.000000000 0.15 0.000000 0.065 0.000000   0.372 0.000   0.521 0.000    6.518 0.000   3.627 0.000   2.891 0.000 0.029 0.000000 0.351 0.000000
 95.291667  96.291667   30.28 0.559000  0.52 0.559000 9.999 0.559259000 9.99 0.559259 0.033 0.000000   0.165 0.000   0.231 0.000    5.538 0.000   3.678 0.000   1.861 0.559 0.021 0.559000 0.157 0.000000
 98.291667  99.291667   58.84 0.000000  0.65 0.000000 9.999 0.259000000 9.99 0.259000 0.015 0.000000   0.259 0.000   0.363 0.000    6.233 0.000   3.845 0.000   2.388 0.000 0.035 0.000000 0.202 0.000000
101.291667 102.291667   57.72 0.000000  0.97 0.000000 0.015 0.000000000 0.08 0.000000 0.042 0.000000   0.391 0.000   0.548 0.000   10.779 0.000   7.739 0.000   3.040 0.000 0.033 0.000000 0.194 0.000000
104.291667 105.291667   13.71 0.000000  0.23 0.000000 9.999 0.259000000 0.45 0.000000 0.012 0.000000   0.215 0.000   0.301 0.000    1.284 0.000   0.494 0.000   0.790 0.000 0.009 0.000000 0.063 0.000000
107.291667 108.291667   70.04 0.000000  0.66 0.000000 9.999 0.259000000 0.37 0.000000 0.080 0.000000   0.505 0.000   0.708 0.000    9.951 0.000   6.495 0.000   3.456 0.000 0.045 0.000000 0.233 0.000000
110.291667 111.291667   70.82 0.000000  0.98 0.000000 9.999 0.259000000 0.05 0.000000 0.065 0.000000   0.456 0.000   0.638 0.000   11.120 0.000   7.241 0.000   3.879 0.000 0.050 0.000000 0.264 0.000000
113.291667 114.291667   62.20 0.000000  1.12 0.000000 9.999 0.259000000 0.13 0.000000 0.078 0.000000   0.519 0.000   0.726 0.000    8.192 0.000   4.109 0.000   4.083 0.000 0.045 0.000000 0.270 0.000000
116.291667 117.291667   75.54 0.000000  0.90 0.000000 9.999 0.259000000 0.10 0.000000 0.056 0.000000   0.483 0.000   0.676 0.000    9.190 0.000   5.399 0.000   3.791 0.000 0.050 0.000000 0.220 0.000000
119.291667 120.291667   39.92 0.000000  0.40 0.000000 9.999 0.259000000 0.15 0.000000 0.114 0.000000   0.909 0.000   1.273 0.000    8.869 0.000   5.522 0.000   3.347 0.000 0.033 0.000000 0.197 0.000000
122.291667 123.291667   64.44 0.000000  0.70 0.000000 9.999 0.259000000 0.11 0.000000 0.054 0.000000   0.327 0.000   0.457 0.000   11.086 0.000   7.599 0.000   3.487 0.000 0.047 0.000000 0.164 0.000000
125.291667 126.291667   42.67 0.000000  1.04 0.000000 9.999 0.259000000 9.99 0.259000 0.059 0.000000   0.488 0.000   0.683 0.000 9999.999 0.456 999.999 0.999   4.302 0.000 0.036 0.000000 0.337 0.000000
128.291667 129.291667   24.03 0.000000  0.63 0.000000 9.999 0.259000000 0.07 0.000000 0.059 0.000000   1.458 0.000   2.042 0.000 9999.999 0.456 999.999 0.999   4.911 0.000 0.031 0.000000 0.216 0.000000
131.291667 132.291667   60.81 0.000000  1.24 0.000000 9.999 0.259000000 9.99 0.259000 0.059 0.000000   0.967 0.000   1.353 0.000 9999.999 0.456 999.999 0.999   5.103 0.000 0.052 0.000000 0.307 0.000000
134.291667 135.291667  236.21 0.559000  1.28 0.559000 9.999 0.559259000 0.13 0.559000 0.108 0.000000   0.970 0.000   1.358 0.000   26.457 0.000  16.975 0.000   9.482 0.559 0.183 0.559000 0.500 0.000000
137.291667 138.291667   78.44 0.699000  1.08 0.699000 9.999 0.699259000 9.99 0.699259 0.065 0.000000   2.437 0.000   3.411 0.000   14.193 0.000   5.614 0.000   8.578 0.699 0.070 0.699000 0.464 0.000000
140.291667 141.291667   58.06 0.000000  0.69 0.000000 0.018 0.000000000 9.99 0.259000 0.028 0.000000   0.630 0.000   0.883 0.000   11.253 0.000   7.607 0.000   3.647 0.000 0.054 0.000000 0.193 0.000000
143.291667 144.291667   85.97 0.559394  1.06 0.559394 9.999 0.559394259 0.24 0.559394 0.069 0.394000   0.860 0.000   1.204 0.000   17.743 0.000  10.943 0.000   6.800 0.559 0.091 0.559394 0.570 0.394000
146.291667 147.291667  118.62 0.559000  1.49 0.559000 9.999 0.559259000 0.14 0.559000 0.076 0.000000   0.970 0.000   1.358 0.000   21.296 0.000  12.590 0.000   8.706 0.559 0.110 0.559000 0.733 0.000000
149.291667 150.291667  134.96 0.559000  0.91 0.559000 9.999 0.559259000 0.30 0.559000 0.083 0.000000   0.988 0.000   1.383 0.000   29.141 0.000  19.134 0.000  10.007 0.559 0.164 0.559000 0.711 0.000000
152.291667 153.291667   69.90 0.559000  0.65 0.559000 0.018 0.559000000 0.15 0.559000 0.039 0.000000   0.769 0.000   1.076 0.000   14.189 0.000   8.313 0.000   5.876 0.559 0.087 0.559000 0.584 0.000000
155.291667 156.291667  112.57 0.699000  1.22 0.699000 9.999 0.699259000 0.11 0.699000 0.041 0.000000   1.690 0.000   2.365 0.000   24.202 0.000  14.883 0.000   9.318 0.699 0.117 0.699000 0.609 0.000000
158.291667 159.291667   85.87 0.559000  1.00 0.559000 9.999 0.559259000 0.16 0.559000 0.071 0.000000   1.546 0.000   2.164 0.000   22.694 0.000  13.294 0.000   9.400 0.559 0.189 0.559000 0.853 0.000000
161.291667 162.291667  115.27 0.559000  0.54 0.559000 0.053 0.559000000 0.38 0.559000 0.067 0.000000   0.728 0.000   1.019 0.000   17.237 0.000  10.258 0.000   6.979 0.559 0.191 0.559000 0.460 0.000000
164.291667 165.291667   75.37 0.699000  0.54 0.699000 9.999 0.699259000 9.99 0.699259 0.041 0.000000   0.852 0.000   1.193 0.000   14.845 0.000   8.148 0.000   6.698 0.699 0.134 0.699000 0.664 0.000000
167.291667 168.291667   58.12 0.559000  0.40 0.559000 9.999 0.559259000 0.17 0.559000 0.031 0.000000   0.526 0.000   0.737 0.000   13.537 0.000   8.980 0.000   4.556 0.559 0.089 0.559000 0.414 0.000000
170.291667 171.291667  205.42 0.559000  1.08 0.559000 9.999 0.559259000 0.39 0.559000 0.096 0.000000   1.442 0.000   2.019 0.000   14.389 0.000   4.608 0.000   9.781 0.559 0.259 0.559000 0.406 0.000000
173.291667 174.291667   95.08 0.699000  0.59 0.699000 9.999 0.699259000 0.16 0.699000 0.087 0.000000   1.599 0.000   2.239 0.000   10.089 0.000   2.475 0.000   7.614 0.699 0.126 0.699000 0.461 0.000000
176.291667 177.291667   38.56 0.559000  0.36 0.559000 9.999 0.559259000 9.99 0.559259 0.015 0.000000   0.781 0.000   1.093 0.000   12.280 0.000   8.625 0.000   3.655 0.559 0.033 0.559000 0.129 0.000000
179.291667 180.291667   84.80 0.699000  0.62 0.699000 9.999 0.699259000 0.06 0.699000 0.046 0.000000   1.309 0.000   1.832 0.000   19.401 0.000  13.426 0.000   5.975 0.699 0.066 0.699000 0.315 0.000000
182.291667 183.291667   37.60 0.559000  0.22 0.559000 9.999 0.559259000 0.08 0.559000 0.018 0.000000   0.143 0.000   0.200 0.000   13.099 0.000  10.474 0.000   2.625 0.559 0.021 0.559000 0.192 0.000000
185.291667 186.291667   71.94 0.699000  0.67 0.699000 0.024 0.699000000 0.10 0.699000 0.044 0.000000   0.802 0.000   1.123 0.000   14.059 0.000   8.780 0.000   5.279 0.699 0.110 0.699000 0.340 0.000000
188.291667 189.291667   75.45 0.559000  0.64 0.559000 9.999 0.559259000 0.17 0.559000 0.106 0.000000   0.908 0.000   1.271 0.000   13.363 0.000   6.238 0.000   7.125 0.559 0.135 0.559000 0.454 0.000000
191.291667 192.291667  115.91 0.699000  0.77 0.699000 0.025 0.699000000 0.13 0.699000 0.088 0.000000   1.884 0.000   2.637 0.000   26.963 0.000  16.354 0.000  10.610 0.699 0.130 0.699000 0.656 0.000000
194.291667 195.291667   68.43 0.559000  0.51 0.559000 9.999 0.559259000 0.12 0.559000 0.043 0.000000   1.017 0.000   1.423 0.000   17.869 0.000  11.165 0.000   6.704 0.559 0.066 0.559000 0.466 0.000000
197.291667 198.291667  162.02 0.699000  0.42 0.699000 9.999 0.699259000 0.08 0.699000 0.036 0.000000   1.709 0.000   2.393 0.000   28.233 0.000  19.055 0.000   9.178 0.699 0.135 0.699000 0.459 0.000000
200.291667 201.291667  157.25 0.559000  0.78 0.559000 9.999 0.559259000 0.61 0.559000 0.059 0.559000   1.261 0.000   1.765 0.000   17.752 0.000   7.285 0.000  10.466 0.559 0.140 0.559000 0.727 0.559000
203.291667 204.291667   87.34 0.559394  0.65 0.559394 9.999 0.559394259 0.14 0.559394 0.050 0.559394   1.162 0.000   1.627 0.000   19.997 0.000  13.042 0.000   6.955 0.559 0.089 0.559394 0.477 0.559394
206.291667 207.291667   44.13 0.559000  0.25 0.559000 0.019 0.559000000 0.09 0.559000 0.033 0.559000   0.624 0.000   0.873 0.000    7.931 0.000   3.790 0.000   4.141 0.559 0.050 0.559000 0.410 0.559000
209.291667 210.291667   61.07 0.000000  0.30 0.000000 9.999 0.259000000 0.08 0.000000 0.049 0.559000   0.948 0.000   1.327 0.000   10.861 0.000   5.646 0.000   5.214 0.000 0.055 0.000000 0.379 0.559000
212.291667 213.291667   56.07 0.000000  0.64 0.000000 9.999 0.259000000 0.18 0.000000 0.035 0.559000   0.548 0.000   0.768 0.000    9.261 0.000   5.095 0.000   4.166 0.000 0.058 0.000000 0.357 0.559000
215.291667 216.291667   35.16 0.559000  0.48 0.559000 9.999 0.559259000 0.11 0.559000 0.021 0.559000   0.456 0.000   0.638 0.000    8.794 0.000   4.806 0.000   3.988 0.559 0.024 0.559000 0.409 0.559000
218.291667 219.291667   46.38 0.559000  0.33 0.559000 9.999 0.559259000 0.14 0.559000 0.033 0.559000   0.396 0.000   0.555 0.000   10.269 0.000   6.378 0.000   3.892 0.559 0.058 0.559000 0.364 0.559000
221.291667 222.291667   56.12 0.699000  0.50 0.699000 0.049 0.699000000 0.17 0.699000 0.027 0.559000   0.356 0.000   0.499 0.000   10.821 0.000   6.216 0.000   4.605 0.699 0.049 0.699000 0.445 0.559000
224.291667 225.291667  102.96 0.559000  0.84 0.559000 9.999 0.559259000 0.21 0.559000 0.049 0.559000   0.591 0.000   0.827 0.000   17.340 0.000  11.021 0.000   6.319 0.559 0.098 0.559000 0.526 0.559000
227.291667 228.291667   21.12 0.559000  0.09 0.559000 0.015 0.559000000 9.99 0.559259 0.034 0.559000   0.871 0.000   1.219 0.000    6.692 0.000   3.711 0.000   2.981 0.559 0.021 0.559000 0.203 0.559000
230.291667 231.291667   81.41 0.559000  0.49 0.559000 9.999 0.559259000 0.10 0.559000 0.052 0.000000   0.609 0.000   0.853 0.000   17.012 0.000  10.629 0.000   6.383 0.559 0.077 0.559000 0.635 0.000000
233.291667 234.291667   64.63 0.559000  0.46 0.559000 9.999 0.559259000 0.15 0.559000 0.031 0.559000   0.321 0.000   0.449 0.000   12.795 0.000   7.940 0.000   4.854 0.559 0.044 0.559000 0.527 0.559000
236.291667 237.291667   51.87 0.559000  0.43 0.559000 9.999 0.559259000 0.07 0.559000 0.022 0.559000   0.417 0.000   0.583 0.000   10.333 0.000   5.583 0.000   4.750 0.559 0.043 0.559000 0.500 0.559000
