scripts/IMPROVE-2019_partial/data/US0031R.19910102100000.20191216000000.filterpack...1y.3d.US03L_filterpack_US0031.US03L_IMPROVE_Davis.lev2.nas
52 1001
MISSING INFORMATION
US03L, IMPROVE, , , , , , , 
MISSING INFORMATION
IMPROVE sel_HTAP
1 1
1991 01 01 2019 12 16
0
days from file reference point
5
1 1 1 1 1
999.999999 999.999 9.999 999.999 9.999999
end_time of measurement, days from the file reference point
pm10_mass, ug/m3, Matrix=pm10
numflag pm10_mass, no unit, Matrix=pm10
pm25_mass, ug/m3, Matrix=pm25
numflag pm25_mass, no unit, Matrix=pm25
0
33
Data definition:              EBAS_1.1
Set type code:                TI
Timezone:                     UTC
File name:                    US0031R.19910102100000.20191216000000.filterpack...1y.3d.US03L_filterpack_US0031.US03L_IMPROVE_Davis.lev2.nas
File creation:                20191218115728
Startdate:                    19910102100000
Revision date:                20191216000000
Version:                      2
Version description:          "Data extracted from http://views.cira.colostate.edu/fed/DataWizard 2019-12-16"
Statistics:                   arithmetic mean
Data level:                   2
Period code:                  1y
Resolution code:              3d
Sample duration:              1d
Orig. time res.:              3d
Station code:                 US0031R
Platform code:                US0031S
Station name:                 Hawaii Volcanoes NP
Station latitude:             19.4309
Station longitude:            -155.2579
Station altitude:             1258.0 m
Regime:                       IMG
Component:                    
Unit:                         ug/m3
Matrix:                       
Laboratory code:              US03L
Instrument type:              filterpack
Instrument name:              filterpack_US0031
Method ref:                   US03L_IMPROVE_Davis
Blank correction:             Blank corrected
Volume std. temperature:      ambient
Volume std. pressure:         ambient
starttime endtime PM10 flag_PM10 PM2.5 flag_PM2.5
  1.416667   2.416667 999.999 0.999 999.999 0.999000
  4.416667   5.416667 999.999 0.999   1.310 0.559000
  8.416667   9.416667 999.999 0.999 999.999 0.559259
 11.416667  12.416667 999.999 0.999  12.909 0.559000
 15.416667  16.416667 999.999 0.999   3.153 0.559000
 18.416667  19.416667 999.999 0.999   6.126 0.559000
 22.416667  23.416667 999.999 0.999   2.113 0.559000
 25.416667  26.416667 999.999 0.999  15.916 0.559000
 29.416667  30.416667 999.999 0.999  25.118 0.559000
 32.416667  33.416667 999.999 0.999  17.229 0.559000
 36.416667  37.416667 999.999 0.999   5.606 0.559000
 39.416667  40.416667 999.999 0.999  16.577 0.559000
 43.416667  44.416667 999.999 0.999   5.210 0.559000
 46.416667  47.416667 999.999 0.999   5.120 0.559000
 50.416667  51.416667 999.999 0.999   1.216 0.559000
 53.416667  54.416667 999.999 0.999  16.420 0.559000
 57.416667  58.416667 999.999 0.999  20.408 0.559000
 60.416667  61.416667 999.999 0.999 999.999 0.999000
 64.416667  65.416667 999.999 0.999 999.999 0.999000
 67.416667  68.416667 999.999 0.999 999.999 0.999000
 71.416667  72.416667 999.999 0.999 999.999 0.999000
 74.416667  75.416667   8.017 0.000   1.939 0.559000
 78.416667  79.416667 999.999 0.999 999.999 0.999000
 81.416667  82.416667 999.999 0.999 999.999 0.999000
 85.416667  86.416667   3.485 0.000   2.515 0.559000
 88.416667  89.416667   5.378 0.000   2.605 0.559000
 92.416667  93.416667 999.999 0.999 999.999 0.999000
 95.416667  96.416667 999.999 0.999 999.999 0.999000
 99.416667 100.416667 999.999 0.999   8.408 0.559000
102.416667 103.416667   6.757 0.000   4.625 0.559000
106.416667 107.416667   3.900 0.000   2.299 0.559000
109.416667 110.416667   6.094 0.000   3.243 0.559000
113.416667 114.416667   4.250 0.000   1.976 0.559000
116.416667 117.416667   4.097 0.000   1.467 0.559000
120.416667 121.416667  10.752 0.000   5.224 0.559000
123.416667 124.416667   3.038 0.000   0.985 0.559000
127.416667 128.416667   3.969 0.000   2.162 0.559000
130.416667 131.416667  10.600 0.000   3.814 0.559000
134.416667 135.416667   1.871 0.000   1.810 0.559000
137.416667 138.416667 999.999 0.999   6.375 0.559000
141.416667 142.416667  13.698 0.000  12.727 0.559000
144.416667 145.416667   3.547 0.000   2.844 0.559000
148.416667 149.416667   1.707 0.000 999.999 0.559259
151.416667 152.416667   3.659 0.000   0.873 0.559000
155.416667 156.416667   3.613 0.000   2.113 0.559000
158.416667 159.416667   2.946 0.000   1.488 0.559000
162.416667 163.416667 999.999 0.999   4.778 0.559000
165.416667 166.416667   8.921 0.000   1.712 0.559000
169.416667 170.416667   4.377 0.000   2.970 0.559000
172.416667 173.416667   5.277 0.000   1.212 0.559000
176.416667 177.416667   1.408 0.000   0.806 0.559000
179.416667 180.416667 999.999 0.999 999.999 0.559259
183.416667 184.416667   3.511 0.000   2.539 0.559000
186.416667 187.416667   4.392 0.000   4.365 0.559000
190.416667 191.416667   1.544 0.000   1.208 0.559000
193.416667 194.416667   4.688 0.000   3.485 0.559000
197.416667 198.416667   4.766 0.000   2.628 0.559000
200.416667 201.416667   5.145 0.000   1.662 0.559000
204.416667 205.416667   6.844 0.000   6.497 0.559000
207.416667 208.416667  10.473 0.000   7.485 0.559000
211.416667 212.416667   1.071 0.000   0.509 0.559000
214.416667 215.416667 999.999 0.999 999.999 0.559259
218.416667 219.416667   3.103 0.000   2.132 0.559000
221.416667 222.416667   2.415 0.000   1.276 0.559000
225.416667 226.416667   3.630 0.000   2.216 0.559000
228.416667 229.416667   3.346 0.000   1.407 0.559000
232.416667 233.416667   7.766 0.000   6.383 0.559000
235.416667 236.416667   5.289 0.000   1.178 0.559000
239.416667 240.416667 999.999 0.999   1.662 0.559000
242.416667 243.416667   5.796 0.000   5.642 0.559000
246.416667 247.416667   2.226 0.000   1.408 0.559000
249.416667 250.416667 999.999 0.999   5.900 0.559000
253.416667 254.416667   7.019 0.000   0.880 0.559000
256.416667 257.416667   4.691 0.000   1.672 0.559000
260.416667 261.416667   3.594 0.000   1.791 0.559000
263.416667 264.416667   7.279 0.000   6.113 0.559000
267.416667 268.416667 999.999 0.999   4.494 0.559000
270.416667 271.416667   4.312 0.000   1.765 0.559000
274.416667 275.416667   3.396 0.000   2.136 0.559000
277.416667 278.416667 999.999 0.999   5.075 0.559000
281.416667 282.416667   3.660 0.000   1.958 0.559000
284.416667 285.416667   6.290 0.000   6.114 0.559000
288.416667 289.416667  18.938 0.000  12.280 0.559000
291.416667 292.416667   7.095 0.000   2.784 0.559000
295.416667 296.416667   7.939 0.000   1.009 0.559000
298.416667 299.416667   2.869 0.000   1.592 0.559000
302.416667 303.416667   6.245 0.000   4.535 0.559000
305.416667 306.416667   3.508 0.000   0.985 0.559000
309.416667 310.416667   2.605 0.000   2.560 0.559000
312.416667 313.416667   5.889 0.000   3.571 0.559000
316.416667 317.416667  20.864 0.000  20.000 0.559000
319.416667 320.416667   5.424 0.000   2.059 0.559000
323.416667 324.416667   3.802 0.000   1.228 0.559000
326.416667 327.416667   4.564 0.000   1.377 0.559000
330.416667 331.416667  31.250 0.000  25.864 0.559000
333.416667 334.416667   2.312 0.000   0.991 0.559000
337.416667 338.416667   2.769 0.000   1.101 0.559000
340.416667 341.416667 999.999 0.999   1.733 0.559000
344.416667 345.416667   7.798 0.000   5.120 0.559000
347.416667 348.416667   4.768 0.000   3.243 0.559000
351.416667 352.416667   2.244 0.000   2.113 0.559000
354.416667 355.416667   3.983 0.000 999.999 0.559259
358.416667 359.416667   5.984 0.000   0.888 0.559000
361.416667 362.416667   3.745 0.000   1.302 0.559000
