scripts/IMPROVE-2019_partial/data/US0095R.19940101070000.20191216000000.filterpack...1y.3d.US03L_filterpack_US0095.US03L_IMPROVE_Davis.lev2.nas
51 1001
MISSING INFORMATION
US03L, IMPROVE, , , , , , , 
MISSING INFORMATION
IMPROVE sel_HTAP
1 1
1994 01 01 2019 12 16
0
days from file reference point
4
1 1 1 1
999.999999 999.999 99.999 9.999
end_time of measurement, days from the file reference point
pm10_mass, ug/m3, Matrix=pm10
pm25_mass, ug/m3, Matrix=pm25
numflag, no unit
0
33
Data definition:              EBAS_1.1
Set type code:                TI
Timezone:                     UTC
File name:                    US0095R.19940101070000.20191216000000.filterpack...1y.3d.US03L_filterpack_US0095.US03L_IMPROVE_Davis.lev2.nas
File creation:                20191218120149
Startdate:                    19940101070000
Revision date:                20191216000000
Version:                      2
Version description:          "Data extracted from http://views.cira.colostate.edu/fed/DataWizard 2019-12-16"
Statistics:                   arithmetic mean
Data level:                   2
Period code:                  1y
Resolution code:              3d
Sample duration:              1d
Orig. time res.:              3d
Station code:                 US0095R
Platform code:                US0095S
Station name:                 Petrified Forest NP
Station latitude:             35.0777
Station longitude:            -109.7692
Station altitude:             1766.0 m
Regime:                       IMG
Component:                    
Unit:                         ug/m3
Matrix:                       
Laboratory code:              US03L
Instrument type:              filterpack
Instrument name:              filterpack_US0095
Method ref:                   US03L_IMPROVE_Davis
Blank correction:             Blank corrected
Volume std. temperature:      ambient
Volume std. pressure:         ambient
starttime endtime PM10 PM2.5 flag
  0.291667   1.291667   5.171  3.438 0.000
  4.291667   5.291667  15.808  2.780 0.000
  7.291667   8.291667   5.175  1.821 0.000
 11.291667  12.291667   5.992  2.934 0.000
 14.291667  15.291667   7.423  3.987 0.000
 18.291667  19.291667   6.877  2.569 0.000
 21.291667  22.291667   7.841  4.709 0.000
 25.291667  26.291667   4.591  1.924 0.000
 28.291667  29.291667   5.725  4.322 0.000
 32.291667  33.291667   3.525  2.987 0.000
 35.291667  36.291667   3.438  2.484 0.000
 39.291667  40.291667   2.331  1.635 0.000
 42.291667  43.291667   6.207  1.781 0.000
 46.291667  47.291667   7.795 99.999 0.000
 49.291667  50.291667   5.703  2.548 0.000
 53.291667  54.291667   3.027  1.149 0.000
 56.291667  57.291667   5.172  3.137 0.000
 60.291667  61.291667   6.279  2.492 0.000
 63.291667  64.291667   9.844  4.717 0.000
 67.291667  68.291667   4.015 99.999 0.000
 70.291667  71.291667   4.008  2.677 0.000
 74.291667  75.291667   5.660  3.700 0.000
 77.291667  78.291667   6.832  3.969 0.000
 81.291667  82.291667   5.451  4.414 0.000
 84.291667  85.291667   2.375  1.534 0.000
 88.291667  89.291667   7.438  3.212 0.000
 91.291667  92.291667   3.849  2.126 0.000
 95.291667  96.291667   3.813  2.188 0.000
 98.291667  99.291667   9.418  4.195 0.000
102.291667 103.291667   4.626 99.999 0.000
105.291667 106.291667  15.863  8.994 0.000
109.291667 110.291667  10.037  5.906 0.000
112.291667 113.291667  17.090  6.875 0.000
116.291667 117.291667   3.662  2.796 0.000
119.291667 120.291667   5.791  4.940 0.000
123.291667 124.291667  21.661  7.094 0.000
126.291667 127.291667  10.112  4.352 0.000
130.291667 131.291667 999.999 99.999 0.999
133.291667 134.291667 999.999 99.999 0.999
137.291667 138.291667 999.999 99.999 0.999
140.291667 141.291667 999.999 99.999 0.999
144.291667 145.291667   4.064  2.560 0.000
147.291667 148.291667   8.269  5.212 0.000
151.291667 152.291667   7.972  6.577 0.000
154.291667 155.291667  13.534  6.156 0.000
158.291667 159.291667  11.696  5.231 0.000
161.291667 162.291667  11.464  6.182 0.000
165.291667 166.291667  14.281  4.252 0.000
168.291667 169.291667   7.553  4.773 0.000
172.291667 173.291667 999.999 99.999 0.999
175.291667 176.291667 999.999 99.999 0.999
179.291667 180.291667 999.999 99.999 0.999
182.291667 183.291667 999.999 99.999 0.999
186.291667 187.291667 999.999 99.999 0.999
189.291667 190.291667   9.520  5.836 0.000
193.291667 194.291667  10.357  4.771 0.000
196.291667 197.291667   9.000  5.927 0.000
200.291667 201.291667  17.004  5.810 0.000
203.291667 204.291667   8.521  4.468 0.000
207.291667 208.291667   8.435  5.148 0.000
210.291667 211.291667   7.683  4.675 0.000
214.291667 215.291667   8.000  4.532 0.000
217.291667 218.291667   9.884  4.130 0.000
221.291667 222.291667   6.693  4.102 0.000
224.291667 225.291667   7.430  5.446 0.000
228.291667 229.291667  12.109  5.207 0.000
231.291667 232.291667   6.403  4.176 0.000
235.291667 236.291667   5.176  3.965 0.000
238.291667 239.291667 999.999  4.669 0.000
242.291667 243.291667   7.849  3.853 0.000
245.291667 246.291667   4.776  2.147 0.000
249.291667 250.291667   7.680  3.791 0.000
252.291667 253.291667  13.158  5.559 0.000
256.291667 257.291667 999.999 99.999 0.999
259.291667 260.291667   9.061  4.611 0.000
263.291667 264.291667   3.360  1.775 0.000
266.291667 267.291667   5.224  2.278 0.000
270.291667 271.291667   4.669  4.098 0.000
273.291667 274.291667   8.220  2.269 0.000
277.291667 278.291667  24.050  5.062 0.000
280.291667 281.291667   6.736  3.056 0.000
284.291667 285.291667   7.872  4.967 0.000
287.291667 288.291667   6.087  3.442 0.000
291.291667 292.291667   5.532  3.248 0.000
294.291667 295.291667   4.698  2.930 0.000
298.291667 299.291667   4.958  2.834 0.000
301.291667 302.291667   7.124  5.472 0.000
305.291667 306.291667  13.216  4.216 0.000
308.291667 309.291667   6.220  3.908 0.000
312.291667 313.291667   7.939  4.007 0.000
315.291667 316.291667   2.870  0.921 0.000
319.291667 320.291667   8.514  3.389 0.000
322.291667 323.291667   3.964  1.864 0.000
326.291667 327.291667   3.632  2.653 0.000
329.291667 330.291667  11.727  1.689 0.000
333.291667 334.291667   5.740  2.409 0.000
336.291667 337.291667   5.874  2.706 0.000
340.291667 341.291667   2.675  1.788 0.000
343.291667 344.291667   2.756  2.053 0.000
347.291667 348.291667   4.023  1.914 0.000
350.291667 351.291667   4.925  2.658 0.000
354.291667 355.291667   4.312  2.069 0.000
357.291667 358.291667   4.925  1.900 0.000
361.291667 362.291667   5.333  3.558 0.000
364.291667 365.291667   3.447  3.301 0.000
