scripts/IMPROVE-2019_partial/data/US0020R.19950104080000.20191216000000.filterpack...1y.3d.US03L_filterpack_US0020.US03L_IMPROVE_Davis.lev2.nas
51 1001
MISSING INFORMATION
US03L, IMPROVE, , , , , , , 
MISSING INFORMATION
IMPROVE sel_HTAP
1 1
1995 01 01 2019 12 16
0
days from file reference point
4
1 1 1 1
999.999999 999.999 999.999 9.999
end_time of measurement, days from the file reference point
pm10_mass, ug/m3, Matrix=pm10
pm25_mass, ug/m3, Matrix=pm25
numflag, no unit
0
33
Data definition:              EBAS_1.1
Set type code:                TI
Timezone:                     UTC
File name:                    US0020R.19950104080000.20191216000000.filterpack...1y.3d.US03L_filterpack_US0020.US03L_IMPROVE_Davis.lev2.nas
File creation:                20191218115644
Startdate:                    19950104080000
Revision date:                20191216000000
Version:                      2
Version description:          "Data extracted from http://views.cira.colostate.edu/fed/DataWizard 2019-12-16"
Statistics:                   arithmetic mean
Data level:                   2
Period code:                  1y
Resolution code:              3d
Sample duration:              1d
Orig. time res.:              3d
Station code:                 US0020R
Platform code:                US0020S
Station name:                 Death Valley NP
Station latitude:             36.5089
Station longitude:            -116.8478
Station altitude:             130.0 m
Regime:                       IMG
Component:                    
Unit:                         ug/m3
Matrix:                       
Laboratory code:              US03L
Instrument type:              filterpack
Instrument name:              filterpack_US0020
Method ref:                   US03L_IMPROVE_Davis
Blank correction:             Blank corrected
Volume std. temperature:      ambient
Volume std. pressure:         ambient
starttime endtime PM10 PM2.5 flag
  3.333333   4.333333   2.607   1.228 0.000
  6.333333   7.333333   3.347   1.687 0.000
 10.333333  11.333333   3.640   0.991 0.000
 13.333333  14.333333   5.280   2.072 0.000
 17.333333  18.333333   1.245 999.999 0.000
 20.333333  21.333333  11.339   2.006 0.000
 24.333333  25.333333   5.547   1.515 0.000
 27.333333  28.333333  16.532   1.071 0.000
 31.333333  32.333333   1.808   0.982 0.000
 34.333333  35.333333   4.646   0.952 0.000
 38.333333  39.333333  45.727   2.955 0.000
 41.333333  42.333333   4.829   2.402 0.000
 45.333333  46.333333  18.708   2.567 0.000
 48.333333  49.333333   8.594   1.381 0.000
 52.333333  53.333333   5.941   2.418 0.000
 55.333333  56.333333   6.824   2.857 0.000
 59.333333  60.333333   6.984 999.999 0.000
 62.333333  63.333333   5.008   0.860 0.000
 66.333333  67.333333   4.063   1.300 0.000
 69.333333  70.333333   7.289   1.030 0.000
 73.333333  74.333333   4.571   2.492 0.000
 76.333333  77.333333   7.723   2.759 0.000
 80.333333  81.333333   5.510   1.436 0.000
 83.333333  84.333333   5.913 999.999 0.000
 87.333333  88.333333   7.499   2.890 0.000
 90.333333  91.333333   8.527   4.117 0.000
 94.333333  95.333333   9.062   4.709 0.000
 97.333333  98.333333  31.597   7.816 0.000
101.333333 102.333333   9.785   3.336 0.000
104.333333 105.333333  15.570   3.337 0.000
108.333333 109.333333   2.649   1.856 0.000
111.333333 112.333333   7.394   3.241 0.000
115.333333 116.333333  14.992   7.428 0.000
118.333333 119.333333   9.862   2.043 0.000
122.333333 123.333333  10.008   3.532 0.000
125.333333 126.333333 999.999 999.999 0.999
129.333333 130.333333  12.418   5.742 0.000
132.333333 133.333333  12.500   3.890 0.000
136.333333 137.333333  11.311   2.404 0.000
139.333333 140.333333  18.015 999.999 0.000
143.333333 144.333333   5.128   2.825 0.000
146.333333 147.333333  11.479   4.935 0.000
150.333333 151.333333  14.558   7.094 0.000
153.333333 154.333333   9.902   3.562 0.000
157.333333 158.333333 999.999 999.999 0.999
160.333333 161.333333   8.608   6.582 0.000
164.333333 165.333333  15.196   5.291 0.000
167.333333 168.333333   4.895   1.467 0.000
171.333333 172.333333   5.013   1.217 0.000
174.333333 175.333333   7.610   2.525 0.000
178.333333 179.333333  19.937   7.420 0.000
181.333333 182.333333  15.854   6.074 0.000
185.333333 186.333333  13.169  11.099 0.000
188.333333 189.333333  17.578   6.406 0.000
192.333333 193.333333  10.706   4.066 0.000
195.333333 196.333333  20.241   2.933 0.000
199.333333 200.333333   8.000   1.623 0.000
202.333333 203.333333  17.446   8.157 0.000
206.333333 207.333333  10.314   3.442 0.000
209.333333 210.333333  14.230   6.004 0.000
213.333333 214.333333  20.090   6.823 0.000
216.333333 217.333333  17.700   6.644 0.000
220.333333 221.333333   9.259   3.338 0.000
223.333333 224.333333  11.588   4.083 0.000
227.333333 228.333333  12.277  11.259 0.000
230.333333 231.333333   7.195   3.325 0.000
234.333333 235.333333  12.704   3.577 0.000
237.333333 238.333333 999.999   6.676 0.000
241.333333 242.333333   5.065   1.796 0.000
244.333333 245.333333  20.794   8.031 0.000
248.333333 249.333333  21.110   3.384 0.000
251.333333 252.333333  15.614   5.247 0.000
255.333333 256.333333   8.052   2.294 0.000
258.333333 259.333333  15.216   6.228 0.000
262.333333 263.333333  16.977   6.155 0.000
265.333333 266.333333  15.172   5.161 0.000
269.333333 270.333333  15.508   5.992 0.000
272.333333 273.333333   7.505   1.101 0.000
276.333333 277.333333  15.625   3.720 0.000
279.333333 280.333333  17.742   3.660 0.000
283.333333 284.333333  16.331   5.989 0.000
286.333333 287.333333   5.428   1.414 0.000
290.333333 291.333333  13.889   4.242 0.000
293.333333 294.333333  23.442   8.263 0.000
297.333333 298.333333  11.535   2.315 0.000
300.333333 301.333333  14.242   2.809 0.000
304.333333 305.333333  16.035   8.744 0.000
307.333333 308.333333 999.999 999.999 0.999
311.333333 312.333333   9.178   5.114 0.000
314.333333 315.333333   8.406   1.502 0.000
318.333333 319.333333   2.867   1.314 0.000
321.333333 322.333333   6.420   2.336 0.000
325.333333 326.333333  14.164   5.581 0.000
328.333333 329.333333  11.371   4.211 0.000
332.333333 333.333333   4.051   0.943 0.000
335.333333 336.333333   4.239   1.357 0.000
339.333333 340.333333  15.112   3.424 0.000
342.333333 343.333333   8.022   1.799 0.000
346.333333 347.333333 999.999   1.459 0.000
349.333333 350.333333 999.999   5.984 0.000
353.333333 354.333333 999.999 999.999 0.999
356.333333 357.333333 999.999 999.999 0.999
360.333333 361.333333 999.999 999.999 0.999
363.333333 364.333333 999.999 999.999 0.999
