scripts/IMPROVE-2019_partial/data/US0037R.20010308050000.20191216000000.filterpack..pm25.10mo.1w.US03L_filterpack_US0037.US03L_IMPROVE_Davis.lev2.nas
64 1001
MISSING INFORMATION
US03L, IMPROVE, , , , , , , 
MISSING INFORMATION
IMPROVE sel_HTAP
1 1
2001 01 01 2019 12 16
3.000000
days from file reference point
25
1 1 1 1 1 1 1 1 1 1 1 1 1 1 1 1 1 1 1 1 1 1 1 1 1
999.999999 9999.99 9.999 999.99 9.999 9.999 9.999999 999.99 9.999999 99.999 9.999 99.999 9.999 99.999 9.999 999.999 9.999 999.999 9.999 999.999 9.999 9.999 9.999 99.999 9.999
end_time of measurement, days from the file reference point
iron, ng/m3, Revision date=20181210133000
numflag iron, no unit, Revision date=20181210133000
lead, ng/m3, Revision date=20181210133000
numflag lead, no unit, Revision date=20181210133000
magnesium, ug/m3, Revision date=20181210133000
numflag magnesium, no unit, Revision date=20181210133000
nickel, ng/m3, Revision date=20181210133000
numflag nickel, no unit, Revision date=20181210133000
nitrate, ug N/m3, Revision date=20181210133000
numflag nitrate, no unit, Revision date=20181210133000
organic_carbon, ug C/m3, Revision date=20181210133000
numflag organic_carbon, no unit, Revision date=20181210133000
organic_mass, ug/m3, Revision date=20181210133000
numflag organic_mass, no unit, Revision date=20181210133000
pm10_mass, ug/m3, Version=2, Version description=Data extracted from http://views.cira.colostate.edu/fed/DataWizard 2019-12-16, Sample duration=1d, Orig. time res.=3d, Matrix=pm10, Blank correction=Blank corrected, Volume std. temperature=ambient, Volume std. pressure=ambient
numflag pm10_mass, no unit, Version=2, Version description=Data extracted from http://views.cira.colostate.edu/fed/DataWizard 2019-12-16, Sample duration=1d, Orig. time res.=3d, Matrix=pm10, Blank correction=Blank corrected, Volume std. temperature=ambient, Volume std. pressure=ambient
pm10_pm25_mass, ug/m3, Revision date=20181210133000, Matrix=pm10_pm25
numflag pm10_pm25_mass, no unit, Revision date=20181210133000, Matrix=pm10_pm25
pm25_mass, ug/m3, Version=2, Version description=Data extracted from http://views.cira.colostate.edu/fed/DataWizard 2019-12-16, Sample duration=1d, Orig. time res.=3d, Blank correction=Blank corrected, Volume std. temperature=ambient, Volume std. pressure=ambient
numflag pm25_mass, no unit, Version=2, Version description=Data extracted from http://views.cira.colostate.edu/fed/DataWizard 2019-12-16, Sample duration=1d, Orig. time res.=3d, Blank correction=Blank corrected, Volume std. temperature=ambient, Volume std. pressure=ambient
potassium, ug/m3, Revision date=20181210133000
numflag potassium, no unit, Revision date=20181210133000
sulphate_total, ug S/m3, Revision date=20181210133000
numflag sulphate_total, no unit, Revision date=20181210133000
0
25
Data definition:              EBAS_1.1
Set type code:                TU
Timezone:                     UTC
File name:                    US0037R.20010308050000.20191216000000.filterpack..pm25.10mo.1w.US03L_filterpack_US0037.US03L_IMPROVE_Davis.lev2.nas
File creation:                20191218115745
Startdate:                    20010308050000
Revision date:                20191216000000
Statistics:                   arithmetic mean
Data level:                   2
Period code:                  10mo
Resolution code:              1w
Station code:                 US0037R
Platform code:                US0037S
Station name:                 Livonia
Station latitude:             38.5346
Station longitude:            -86.2604
Station altitude:             281.0 m
Regime:                       IMG
Component:                    
Matrix:                       pm25
Laboratory code:              US03L
Instrument type:              filterpack
Instrument name:              filterpack_US0037
Method ref:                   US03L_IMPROVE_Davis
starttime endtime Fe flag_Fe Pb flag_Pb Mg++ flag_Mg++ Ni flag_Ni NO3- flag_NO3- OC flag_OC OM flag_OM PM10 flag_PM10 PM10-PM2.5 flag_PM10-PM2.5 PM2.5 flag_PM2.5 K+ flag_K+ SO4-- flag_SO4--
[from data line 87]
327.208333 328.208333   17.83 0.000   0.64 0.000 9.999 0.259000 999.99 0.259000  0.081 0.000  0.873 0.000  1.222 0.000   8.987 0.000   1.290 0.000   7.697 0.000 0.038 0.000  0.939 0.000
330.208333 331.208333   23.20 0.000   1.81 0.000 9.999 0.259000   0.22 0.000000  0.239 0.559  1.084 0.000  1.517 0.000  10.796 0.000   4.707 0.000   6.090 0.000 0.043 0.000  0.744 0.559
333.208333 334.208333   26.10 0.559   0.35 0.559 9.999 0.559259   0.07 0.559000  0.021 0.000  0.280 0.000  0.392 0.000   3.638 0.000   1.266 0.000   2.372 0.559 0.016 0.559  0.418 0.000
336.208333 337.208333   29.35 0.559   4.16 0.559 9.999 0.559259 999.99 0.559259  0.174 0.000  1.582 0.000  2.215 0.000  10.684 0.000   2.743 0.000   7.941 0.559 0.052 0.559  0.953 0.000
339.208333 340.208333   42.11 0.000   1.41 0.000 9.999 0.259000 999.99 0.259000  0.214 0.000  1.119 0.000  1.567 0.000   8.970 0.000   2.602 0.000   6.368 0.000 0.050 0.000  0.787 0.000
342.208333 343.208333   23.89 0.000   5.63 0.000 9.999 0.259000 999.99 0.259000  1.719 0.000  1.295 0.000  1.812 0.000  17.590 0.000   1.376 0.000  16.213 0.000 0.039 0.000  0.954 0.000
345.208333 346.208333   28.53 0.000   2.30 0.000 9.999 0.259000   0.24 0.000000  0.603 0.000  1.621 0.000  2.269 0.000  16.051 0.000   2.016 0.000  14.035 0.000 0.058 0.000  1.658 0.000
348.208333 349.208333   11.52 0.000   1.20 0.000 9.999 0.259000 999.99 0.259000  0.463 0.000  0.580 0.000  0.812 0.000   8.474 0.000   1.099 0.000   7.375 0.000 0.018 0.000  1.012 0.000
351.208333 352.208333   16.41 0.000   2.36 0.000 9.999 0.259000   0.11 0.000000  0.638 0.000  0.777 0.000  1.088 0.000  10.861 0.000   1.659 0.000   9.201 0.000 0.030 0.000  1.232 0.000
354.208333 355.208333   22.49 0.000   2.70 0.000 9.999 0.259000   0.18 0.000000  0.281 0.000  1.463 0.000  2.048 0.000   8.857 0.000   4.295 0.000   4.563 0.000 0.041 0.000  0.227 0.000
357.208333 358.208333   10.51 0.000 999.99 0.259 9.999 0.259000 999.99 0.259000  0.264 0.000  0.581 0.000  0.814 0.000   5.655 0.000   2.543 0.000   3.112 0.000 0.015 0.000  0.241 0.000
360.208333 361.208333   19.39 0.000   2.35 0.000 9.999 0.259000 999.99 0.259000  0.596 0.000  1.058 0.000  1.482 0.000  12.932 0.000   5.197 0.000   7.736 0.000 0.033 0.000  0.597 0.000
363.208333 364.208333 9999.99 0.456 999.99 0.456 9.999 0.456000 999.99 0.456000  0.611 0.559  1.115 0.000  1.561 0.000  12.626 0.000 999.999 0.999 999.999 0.456 9.999 0.456  0.702 0.559
