scripts/IMPROVE-2019_partial/data/US0058R.20060102060000.20191216000000.filterpack..pm25.52w.1w.US03L_filterpack_US0058.US03L_IMPROVE_Davis.lev2.nas
64 1001
MISSING INFORMATION
US03L, IMPROVE, , , , , , , 
MISSING INFORMATION
IMPROVE sel_HTAP
1 1
2006 01 01 2019 12 16
3.00
days from file reference point
25
1 1 1 1 1 1 1 1 1 1 1 1 1 1 1 1 1 1 1 1 1 1 1 1 1
999.99 9999.99 9.999 99.99 9.999 9.999 9.999999 9.99 9.999999 99.999 9.999999 99.999 9.999 999.999 9.999 999.999 9.999 999.999 9.999 999.999 9.999 9.999 9.999 99.999 9.999999
end_time of measurement, days from the file reference point
iron, ng/m3, Revision date=20181210133000
numflag iron, no unit, Revision date=20181210133000
lead, ng/m3, Revision date=20181210133000
numflag lead, no unit, Revision date=20181210133000
magnesium, ug/m3, Revision date=20181210133000
numflag magnesium, no unit, Revision date=20181210133000
nickel, ng/m3, Revision date=20181210133000
numflag nickel, no unit, Revision date=20181210133000
nitrate, ug N/m3, Revision date=20181210133000
numflag nitrate, no unit, Revision date=20181210133000
organic_carbon, ug C/m3, Revision date=20181210133000
numflag organic_carbon, no unit, Revision date=20181210133000
organic_mass, ug/m3, Revision date=20181210133000
numflag organic_mass, no unit, Revision date=20181210133000
pm10_mass, ug/m3, Version=2, Version description=Data extracted from http://views.cira.colostate.edu/fed/DataWizard 2019-12-16, Sample duration=1d, Orig. time res.=3d, Matrix=pm10, Blank correction=Blank corrected, Volume std. temperature=ambient, Volume std. pressure=ambient
numflag pm10_mass, no unit, Version=2, Version description=Data extracted from http://views.cira.colostate.edu/fed/DataWizard 2019-12-16, Sample duration=1d, Orig. time res.=3d, Matrix=pm10, Blank correction=Blank corrected, Volume std. temperature=ambient, Volume std. pressure=ambient
pm10_pm25_mass, ug/m3, Revision date=20181210133000, Matrix=pm10_pm25
numflag pm10_pm25_mass, no unit, Revision date=20181210133000, Matrix=pm10_pm25
pm25_mass, ug/m3, Version=2, Version description=Data extracted from http://views.cira.colostate.edu/fed/DataWizard 2019-12-16, Sample duration=1d, Orig. time res.=3d, Blank correction=Blank corrected, Volume std. temperature=ambient, Volume std. pressure=ambient
numflag pm25_mass, no unit, Version=2, Version description=Data extracted from http://views.cira.colostate.edu/fed/DataWizard 2019-12-16, Sample duration=1d, Orig. time res.=3d, Blank correction=Blank corrected, Volume std. temperature=ambient, Volume std. pressure=ambient
potassium, ug/m3, Revision date=20181210133000
numflag potassium, no unit, Revision date=20181210133000
sulphate_total, ug S/m3, Revision date=20181210133000
numflag sulphate_total, no unit, Revision date=20181210133000
0
25
Data definition:              EBAS_1.1
Set type code:                TU
Timezone:                     UTC
File name:                    US0058R.20060102060000.20191216000000.filterpack..pm25.52w.1w.US03L_filterpack_US0058.US03L_IMPROVE_Davis.lev2.nas
File creation:                20191218115904
Startdate:                    20060102060000
Revision date:                20191216000000
Statistics:                   arithmetic mean
Data level:                   2
Period code:                  52w
Resolution code:              1w
Station code:                 US0058R
Platform code:                US0058S
Station name:                 Lostwood
Station latitude:             48.6419
Station longitude:            -102.4022
Station altitude:             696.0 m
Regime:                       IMG
Component:                    
Matrix:                       pm25
Laboratory code:              US03L
Instrument type:              filterpack
Instrument name:              filterpack_US0058
Method ref:                   US03L_IMPROVE_Davis
starttime endtime Fe flag_Fe Pb flag_Pb Mg++ flag_Mg++ Ni flag_Ni NO3- flag_NO3- OC flag_OC OM flag_OM PM10 flag_PM10 PM10-PM2.5 flag_PM10-PM2.5 PM2.5 flag_PM2.5 K+ flag_K+ SO4-- flag_SO4--
[from data line 88]
265.25 266.25    8.82 0.000  0.48 0.000 9.999 0.259000 9.99 0.259000  0.023 0.559000  0.618 0.000   1.113 0.000   4.308 0.000   2.175 0.000   2.133 0.000 0.056 0.000  0.164 0.559000
268.25 269.25   16.44 0.000  0.59 0.000 9.999 0.259000 9.99 0.259000  0.021 0.559000  0.720 0.000   1.296 0.000   5.705 0.000   3.062 0.000   2.643 0.000 0.062 0.000  0.207 0.559000
271.25 272.25   18.48 0.000  0.24 0.000 0.013 0.000000 9.99 0.259000  0.010 0.559000  0.607 0.000   1.093 0.000   5.620 0.000   3.532 0.000   2.087 0.000 0.018 0.000  0.117 0.559000
274.25 275.25   39.70 0.000  0.58 0.000 0.024 0.000000 9.99 0.259000  0.066 0.559000  1.569 0.000   2.825 0.000  13.447 0.000   8.693 0.000   4.754 0.000 0.195 0.000  0.230 0.559000
277.25 278.25   23.19 0.000  0.80 0.000 0.010 0.000000 9.99 0.259000  0.052 0.000000  0.667 0.000   1.201 0.000  20.173 0.000  17.264 0.000   2.909 0.000 0.020 0.000  0.238 0.000000
280.25 281.25    7.58 0.000  0.12 0.000 0.007 0.000000 0.25 0.000000  0.017 0.000000  0.282 0.000   0.507 0.000   5.188 0.000   3.287 0.000   1.901 0.000 0.008 0.000  0.257 0.000000
283.25 284.25 9999.99 0.999 99.99 0.999 9.999 0.999000 9.99 0.999000 99.999 0.999000 99.999 0.999 999.999 0.999 999.999 0.999 999.999 0.999 999.999 0.999 9.999 0.999 99.999 0.999000
286.25 287.25   13.50 0.000  0.51 0.000 0.008 0.000000 9.99 0.259000  0.042 0.000000  0.419 0.000   0.753 0.000   5.423 0.000   3.280 0.000   2.143 0.000 0.106 0.000  0.135 0.000000
289.25 290.25    3.79 0.000  0.42 0.000 9.999 0.259000 9.99 0.259000  0.019 0.000000  0.162 0.000   0.292 0.000   4.411 0.000   2.078 0.000   2.333 0.000 0.008 0.000  0.423 0.000000
292.25 293.25   11.64 0.000  0.88 0.000 9.999 0.259000 9.99 0.259000  0.160 0.000000  0.454 0.000   0.817 0.000   7.813 0.000   4.113 0.000   3.700 0.000 0.027 0.000  0.534 0.000000
295.25 296.25   18.30 0.000  0.46 0.000 0.010 0.000000 9.99 0.259000  0.121 0.000000  0.269 0.000   0.484 0.000   6.742 0.000   4.285 0.000   2.456 0.000 0.052 0.000  0.287 0.000000
298.25 299.25   28.86 0.000  0.71 0.000 0.015 0.000000 9.99 0.259000  0.161 0.000000  1.068 0.000   1.923 0.000  10.493 0.000   6.829 0.000   3.665 0.000 0.104 0.000  0.160 0.000000
301.25 302.25   26.46 0.000  0.21 0.000 0.015 0.000000 9.99 0.259000  0.270 0.000000  1.399 0.000   2.518 0.000  10.930 0.000   6.082 0.000   4.848 0.000 0.139 0.000  0.168 0.000000
304.25 305.25   10.70 0.000  0.29 0.000 9.999 0.259000 9.99 0.259000  0.068 0.000000  0.191 0.000   0.343 0.000   4.441 0.000   3.039 0.000   1.402 0.000 0.012 0.000  0.146 0.000000
307.25 308.25   58.63 0.000  1.71 0.000 9.999 0.259000 9.99 0.259000  0.244 0.000000  0.858 0.000   1.545 0.000  12.928 0.000   8.559 0.000   4.369 0.000 0.064 0.000  0.326 0.000000
310.25 311.25    7.64 0.000  0.87 0.000 9.999 0.259000 0.09 0.000000  0.239 0.000000  0.670 0.000   1.206 0.000   4.586 0.000   1.866 0.000   2.721 0.000 0.025 0.000  0.258 0.000000
313.25 314.25   23.36 0.000  0.34 0.000 9.999 0.259000 9.99 0.259000  0.225 0.000000  0.527 0.000   0.950 0.000  11.321 0.000   6.080 0.000   5.241 0.000 0.040 0.000  0.599 0.000000
316.25 317.25   29.05 0.000  1.08 0.000 0.014 0.000000 0.11 0.000000  0.103 0.000000  0.218 0.000   0.393 0.000   7.725 0.000   5.415 0.000   2.310 0.000 0.015 0.000  0.238 0.000000
319.25 320.25   25.66 0.000  0.83 0.000 9.999 0.259000 9.99 0.259000  0.124 0.000000  0.823 0.000   1.482 0.000   7.965 0.000   4.987 0.000   2.978 0.000 0.028 0.000  0.231 0.000000
322.25 323.25   22.32 0.000  0.53 0.000 9.999 0.259000 9.99 0.259000  0.180 0.000000  0.787 0.000   1.416 0.000   6.196 0.000   3.255 0.000   2.941 0.000 0.032 0.000  0.161 0.000000
325.25 326.25 9999.99 0.999 99.99 0.999 9.999 0.999000 9.99 0.999000 99.999 0.999000 99.999 0.999 999.999 0.999 999.999 0.999 999.999 0.999 999.999 0.999 9.999 0.999 99.999 0.999000
328.25 329.25   10.96 0.000  0.66 0.000 9.999 0.259000 9.99 0.259000  0.223 0.000000  0.992 0.000   1.785 0.000   7.949 0.000   3.977 0.000   3.972 0.000 0.045 0.000  0.202 0.000000
331.25 332.25   12.33 0.000  0.79 0.000 0.011 0.000000 9.99 0.259000  0.097 0.000000  0.641 0.000   1.155 0.000   5.784 0.000   3.310 0.000   2.474 0.000 0.027 0.000  0.169 0.000000
334.25 335.25   24.66 0.000  0.63 0.000 9.999 0.259000 9.99 0.259000  0.116 0.000000  0.798 0.000   1.437 0.000   9.195 0.000   6.013 0.000   3.181 0.000 0.043 0.000  0.192 0.000000
337.25 338.25   18.88 0.000  0.97 0.000 9.999 0.259000 9.99 0.259000  0.114 0.000000  0.522 0.000   0.940 0.000   5.292 0.000   1.908 0.000   3.384 0.000 0.038 0.000  0.315 0.000000
340.25 341.25    9.73 0.000  0.34 0.000 0.012 0.000000 9.99 0.259000  0.117 0.000000  0.438 0.000   0.788 0.000   4.321 0.000   2.542 0.000   1.780 0.000 0.013 0.000  0.167 0.000000
343.25 344.25    5.59 0.000  1.35 0.000 0.007 0.000000 9.99 0.259000  0.519 0.000000  0.830 0.000   1.494 0.000   5.357 0.000   0.970 0.000   4.388 0.000 0.065 0.000  0.139 0.000000
346.25 347.25   15.46 0.000  0.25 0.000 9.999 0.259000 9.99 0.259000  0.027 0.000000  0.368 0.000   0.663 0.000   2.549 0.000   1.933 0.000   0.617 0.000 0.008 0.000  0.027 0.000000
349.25 350.25   18.44 0.000  0.38 0.000 9.999 0.259000 9.99 0.259000  0.066 0.000000  0.697 0.000   1.255 0.000   6.215 0.000   4.013 0.000   2.202 0.000 0.027 0.000  0.226 0.000000
352.25 353.25   29.44 0.000  0.21 0.000 9.999 0.259000 9.99 0.259000  0.021 0.000000  0.294 0.000   0.529 0.000   6.093 0.000   5.049 0.000   1.044 0.000 0.014 0.000  0.035 0.000000
355.25 356.25   28.43 0.000  0.44 0.000 9.999 0.259000 9.99 0.259000  0.066 0.000000  0.384 0.000   0.692 0.000   4.452 0.000   3.159 0.000   1.293 0.000 0.018 0.000  0.055 0.000000
358.25 359.25   12.69 0.000  0.25 0.000 9.999 0.259000 9.99 0.259000  0.020 0.000000  0.308 0.000   0.555 0.000   2.605 0.000   1.857 0.000   0.748 0.000 0.007 0.000  0.035 0.000000
361.25 362.25   12.44 0.000  0.68 0.000 9.999 0.259000 9.99 0.259000  0.969 0.000000  0.615 0.000   1.107 0.000   9.240 0.000   2.305 0.000   6.935 0.000 0.020 0.000  0.148 0.000000
364.25 365.25   13.48 0.000  1.18 0.000 9.999 0.259000 0.12 0.000000  0.363 0.000000  0.358 0.000   0.644 0.000   4.645 0.000   1.233 0.000   3.412 0.000 0.028 0.000  0.144 0.000000
