scripts/IMPROVE-2019_partial/data/US0073R.19910102050000.20191216000000.filterpack...1y.3d.US03L_filterpack_US0073_GRSM1.US03L_IMPROVE_Davis.lev2.nas
52 1001
MISSING INFORMATION
US03L, IMPROVE, , , , , , , 
MISSING INFORMATION
IMPROVE sel_HTAP
1 1
1991 01 01 2019 12 16
0
days from file reference point
5
1 1 1 1 1
999.999999 999.999 9.999 999.999 9.999999
end_time of measurement, days from the file reference point
pm10_mass, ug/m3, Matrix=pm10
numflag pm10_mass, no unit, Matrix=pm10
pm25_mass, ug/m3, Matrix=pm25
numflag pm25_mass, no unit, Matrix=pm25
0
33
Data definition:              EBAS_1.1
Set type code:                TI
Timezone:                     UTC
File name:                    US0073R.19910102050000.20191216000000.filterpack...1y.3d.US03L_filterpack_US0073_GRSM1.US03L_IMPROVE_Davis.lev2.nas
File creation:                20191218120025
Startdate:                    19910102050000
Revision date:                20191216000000
Version:                      2
Version description:          "Data extracted from http://views.cira.colostate.edu/fed/DataWizard 2019-12-16"
Statistics:                   arithmetic mean
Data level:                   2
Period code:                  1y
Resolution code:              3d
Sample duration:              1d
Orig. time res.:              3d
Station code:                 US0073R
Platform code:                US0073S
Station name:                 Great Smoky Mountains NP
Station latitude:             35.6334
Station longitude:            -83.9416
Station altitude:             810.0 m
Regime:                       IMG
Component:                    
Unit:                         ug/m3
Matrix:                       
Laboratory code:              US03L
Instrument type:              filterpack
Instrument name:              filterpack_US0073_GRSM1
Method ref:                   US03L_IMPROVE_Davis
Blank correction:             Blank corrected
Volume std. temperature:      ambient
Volume std. pressure:         ambient
starttime endtime PM10 flag_PM10 PM2.5 flag_PM2.5
  1.208333   2.208333 999.999 0.999  17.881 0.559000
  4.208333   5.208333   6.703 0.000   5.225 0.559000
  8.208333   9.208333   3.986 0.000   3.273 0.559000
 11.208333  12.208333   5.147 0.000   3.072 0.559000
 15.208333  16.208333   8.681 0.000   6.138 0.559000
 18.208333  19.208333  10.781 0.000   6.355 0.559000
 22.208333  23.208333 999.999 0.999   9.086 0.559000
 25.208333  26.208333  11.828 0.000   6.879 0.559000
 29.208333  30.208333   2.409 0.000   1.853 0.559000
 32.208333  33.208333   5.880 0.000   4.795 0.559000
 36.208333  37.208333 999.999 0.999   7.442 0.559000
 39.208333  40.208333  10.071 0.000   9.003 0.559000
 43.208333  44.208333  12.644 0.000  10.937 0.559000
 46.208333  47.208333   8.315 0.000   3.869 0.559000
 50.208333  51.208333   2.715 0.000   1.848 0.559000
 53.208333  54.208333  14.338 0.000   9.030 0.559000
 57.208333  58.208333   8.842 0.000   8.780 0.559000
 60.208333  61.208333   7.100 0.000   3.994 0.559000
 64.208333  65.208333 999.999 0.999 999.999 0.999000
 67.208333  68.208333  13.374 0.000   7.200 0.559000
 71.208333  72.208333 999.999 0.999 999.999 0.999000
 74.208333  75.208333  19.394 0.000  12.677 0.559000
 78.208333  79.208333  17.183 0.000  14.704 0.559000
 81.208333  82.208333  29.243 0.000   9.260 0.559000
 85.208333  86.208333  22.297 0.000  16.764 0.559000
 88.208333  89.208333 999.999 0.999   8.609 0.559000
 92.208333  93.208333  17.923 0.000 999.999 0.559259
 95.208333  96.208333  24.030 0.000  12.784 0.559000
 99.208333 100.208333   8.950 0.000   5.819 0.559000
102.208333 103.208333  18.607 0.000   8.023 0.559000
106.208333 107.208333  14.929 0.000   9.766 0.559000
109.208333 110.208333   9.470 0.000   8.262 0.559000
113.208333 114.208333  17.714 0.000   9.263 0.559000
116.208333 117.208333  19.689 0.000   5.487 0.559000
120.208333 121.208333  15.967 0.000 999.999 0.559259
123.208333 124.208333 999.999 0.999  16.667 0.559000
127.208333 128.208333  14.396 0.000   8.291 0.559000
130.208333 131.208333  13.244 0.000   8.424 0.559000
134.208333 135.208333  26.942 0.000  22.899 0.559000
137.208333 138.208333  28.030 0.000  17.723 0.559000
141.208333 142.208333  11.826 0.000   7.982 0.559000
144.208333 145.208333  17.361 0.000   5.669 0.559000
148.208333 149.208333  15.370 0.000  12.622 0.559000
151.208333 152.208333  15.230 0.000   9.599 0.559000
155.208333 156.208333 999.999 0.999 999.999 0.999000
158.208333 159.208333 999.999 0.999 999.999 0.999000
162.208333 163.208333 999.999 0.999 999.999 0.999000
165.208333 166.208333 999.999 0.999 999.999 0.999000
169.208333 170.208333  20.805 0.000  16.598 0.559000
172.208333 173.208333  23.688 0.000  16.412 0.559000
176.208333 177.208333   8.975 0.000   7.155 0.559000
179.208333 180.208333  18.171 0.000  12.931 0.559000
183.208333 184.208333  14.716 0.000  10.850 0.559000
186.208333 187.208333  26.754 0.000  19.597 0.559000
190.208333 191.208333  21.120 0.000  16.000 0.559000
193.208333 194.208333  18.453 0.000  11.829 0.559000
197.208333 198.208333  11.111 0.000   8.949 0.559000
200.208333 201.208333  30.135 0.000 999.999 0.559259
204.208333 205.208333  20.219 0.000  14.345 0.559000
207.208333 208.208333  42.080 0.000  37.390 0.559000
211.208333 212.208333  52.756 0.000  49.208 0.559000
214.208333 215.208333  35.966 0.000  26.725 0.559000
218.208333 219.208333 999.999 0.999 999.999 0.999000
221.208333 222.208333  26.030 0.000  13.594 0.559000
225.208333 226.208333  21.915 0.000  21.818 0.559000
228.208333 229.208333  47.006 0.000  45.769 0.559000
232.208333 233.208333  12.468 0.000  10.057 0.559000
235.208333 236.208333  31.047 0.000  24.323 0.559000
239.208333 240.208333  18.897 0.000  15.246 0.559000
242.208333 243.208333  18.459 0.000  11.370 0.559000
246.208333 247.208333 999.999 0.999  15.526 0.559000
249.208333 250.208333 999.999 0.999  29.704 0.559000
253.208333 254.208333 999.999 0.999  28.674 0.559000
256.208333 257.208333 999.999 0.999  33.217 0.559000
260.208333 261.208333 999.999 0.999 999.999 0.999000
263.208333 264.208333 999.999 0.999 999.999 0.999000
267.208333 268.208333 999.999 0.999 999.999 0.999000
270.208333 271.208333 999.999 0.999 999.999 0.999000
274.208333 275.208333 999.999 0.999  15.147 0.559000
277.208333 278.208333  12.099 0.000  10.471 0.559000
281.208333 282.208333 999.999 0.999  13.393 0.559000
284.208333 285.208333  10.304 0.000   7.311 0.559000
288.208333 289.208333  10.300 0.000   9.172 0.559000
291.208333 292.208333  14.489 0.000  11.831 0.559000
295.208333 296.208333 999.999 0.999  17.302 0.559000
298.208333 299.208333   9.282 0.000   7.390 0.559000
302.208333 303.208333  10.249 0.000   8.212 0.559000
305.208333 306.208333   8.612 0.000   6.727 0.559000
309.208333 310.208333 999.999 0.999 999.999 0.999000
312.208333 313.208333  30.041 0.000  28.809 0.559000
316.208333 317.208333 999.999 0.999   8.713 0.559000
319.208333 320.208333 999.999 0.999  20.237 0.559000
323.208333 324.208333   5.581 0.000   5.211 0.559000
326.208333 327.208333 999.999 0.999   7.121 0.559000
330.208333 331.208333 999.999 0.999   6.341 0.559000
333.208333 334.208333   4.414 0.000   4.343 0.559000
337.208333 338.208333   8.000 0.000   4.924 0.559000
340.208333 341.208333  11.354 0.000   6.697 0.559000
344.208333 345.208333   7.796 0.000   5.593 0.559000
347.208333 348.208333   9.116 0.000   5.258 0.559000
351.208333 352.208333  13.098 0.000   5.200 0.559000
354.208333 355.208333  17.350 0.000   7.975 0.559000
358.208333 359.208333   7.000 0.000   4.543 0.559000
361.208333 362.208333   4.212 0.000   1.758 0.559000
