scripts/IMPROVE-2019_partial/data/US0067R.20030103060000.20191216000000.filterpack..pm25.1y.1w.US03L_filterpack_US0067.US03L_IMPROVE_Davis.lev2.nas
64 1001
MISSING INFORMATION
US03L, IMPROVE, , , , , , , 
MISSING INFORMATION
IMPROVE sel_HTAP
1 1
2003 01 01 2019 12 16
3.00
days from file reference point
25
1 1 1 1 1 1 1 1 1 1 1 1 1 1 1 1 1 1 1 1 1 1 1 1 1
999.99 9999.99 9.999 99.99 9.999 9.999 9.999 9.99 9.999999 99.999 9.999 99.999 9.999 99.999 9.999 999.999 9.999 999.999 9.999 999.999 9.999 9.999 9.999 99.999 9.999
end_time of measurement, days from the file reference point
iron, ng/m3, Revision date=20181210133000
numflag iron, no unit, Revision date=20181210133000
lead, ng/m3, Revision date=20181210133000
numflag lead, no unit, Revision date=20181210133000
magnesium, ug/m3, Revision date=20181210133000
numflag magnesium, no unit, Revision date=20181210133000
nickel, ng/m3, Revision date=20181210133000
numflag nickel, no unit, Revision date=20181210133000
nitrate, ug N/m3, Revision date=20181210133000
numflag nitrate, no unit, Revision date=20181210133000
organic_carbon, ug C/m3, Revision date=20181210133000
numflag organic_carbon, no unit, Revision date=20181210133000
organic_mass, ug/m3, Revision date=20181210133000
numflag organic_mass, no unit, Revision date=20181210133000
pm10_mass, ug/m3, Version=2, Version description=Data extracted from http://views.cira.colostate.edu/fed/DataWizard 2019-12-16, Sample duration=1d, Orig. time res.=3d, Matrix=pm10, Blank correction=Blank corrected, Volume std. temperature=ambient, Volume std. pressure=ambient
numflag pm10_mass, no unit, Version=2, Version description=Data extracted from http://views.cira.colostate.edu/fed/DataWizard 2019-12-16, Sample duration=1d, Orig. time res.=3d, Matrix=pm10, Blank correction=Blank corrected, Volume std. temperature=ambient, Volume std. pressure=ambient
pm10_pm25_mass, ug/m3, Revision date=20181210133000, Matrix=pm10_pm25
numflag pm10_pm25_mass, no unit, Revision date=20181210133000, Matrix=pm10_pm25
pm25_mass, ug/m3, Version=2, Version description=Data extracted from http://views.cira.colostate.edu/fed/DataWizard 2019-12-16, Sample duration=1d, Orig. time res.=3d, Blank correction=Blank corrected, Volume std. temperature=ambient, Volume std. pressure=ambient
numflag pm25_mass, no unit, Version=2, Version description=Data extracted from http://views.cira.colostate.edu/fed/DataWizard 2019-12-16, Sample duration=1d, Orig. time res.=3d, Blank correction=Blank corrected, Volume std. temperature=ambient, Volume std. pressure=ambient
potassium, ug/m3, Revision date=20181210133000
numflag potassium, no unit, Revision date=20181210133000
sulphate_total, ug S/m3, Revision date=20181210133000
numflag sulphate_total, no unit, Revision date=20181210133000
0
25
Data definition:              EBAS_1.1
Set type code:                TU
Timezone:                     UTC
File name:                    US0067R.20030103060000.20191216000000.filterpack..pm25.1y.1w.US03L_filterpack_US0067.US03L_IMPROVE_Davis.lev2.nas
File creation:                20191218115948
Startdate:                    20030103060000
Revision date:                20191216000000
Statistics:                   arithmetic mean
Data level:                   2
Period code:                  1y
Resolution code:              1w
Station code:                 US0067R
Platform code:                US0067S
Station name:                 Ellis
Station latitude:             36.0853
Station longitude:            -99.9354
Station altitude:             697.0 m
Regime:                       IMG
Component:                    
Matrix:                       pm25
Laboratory code:              US03L
Instrument type:              filterpack
Instrument name:              filterpack_US0067
Method ref:                   US03L_IMPROVE_Davis
starttime endtime Fe flag_Fe Pb flag_Pb Mg++ flag_Mg++ Ni flag_Ni NO3- flag_NO3- OC flag_OC OM flag_OM PM10 flag_PM10 PM10-PM2.5 flag_PM10-PM2.5 PM2.5 flag_PM2.5 K+ flag_K+ SO4-- flag_SO4--
  2.25   3.25   11.62 0.000  0.62 0.000 9.999 0.259 9.99 0.259000  0.276 0.000  0.364 0.000  0.509 0.000   4.643 0.000   2.427 0.000   2.216 0.000 0.007 0.000  0.119 0.000
  5.25   6.25    8.19 0.000  0.57 0.000 9.999 0.259 9.99 0.259000  0.645 0.000  0.310 0.000  0.434 0.000   9.094 0.000   2.354 0.000   6.740 0.000 0.010 0.000  0.590 0.000
  8.25   9.25   25.91 0.000  0.33 0.000 9.999 0.259 9.99 0.259000  0.061 0.000  0.490 0.000  0.687 0.000  15.245 0.000  12.782 0.000   2.463 0.000 0.032 0.000  0.200 0.000
 11.25  12.25   22.35 0.000  1.15 0.000 9.999 0.259 9.99 0.259000  0.756 0.000  0.882 0.000  1.234 0.000  14.263 0.000   6.671 0.000   7.592 0.000 0.032 0.000  0.308 0.000
 14.25  15.25   24.73 0.000  1.38 0.000 9.999 0.259 9.99 0.259000  1.161 0.000  0.920 0.000  1.288 0.000  19.635 0.000   8.217 0.000  11.417 0.000 0.036 0.000  0.607 0.000
 17.25  18.25   10.09 0.000 99.99 0.259 9.999 0.259 9.99 0.259000  0.127 0.000  0.183 0.000  0.256 0.000   5.917 0.000   4.546 0.000   1.371 0.000 0.010 0.000  0.089 0.000
 20.25  21.25   15.36 0.000  1.59 0.000 9.999 0.259 9.99 0.259000  1.109 0.000  0.749 0.000  1.048 0.000  15.122 0.000   5.192 0.000   9.929 0.000 0.033 0.000  0.443 0.000
 23.25  24.25   16.00 0.000  2.12 0.000 9.999 0.259 9.99 0.259000  0.668 0.000  0.760 0.000  1.064 0.000  14.097 0.000   6.122 0.000   7.974 0.000 0.033 0.000  0.526 0.000
 26.25  27.25   18.68 0.000  1.85 0.000 9.999 0.259 0.11 0.000000  0.851 0.000  0.965 0.000  1.351 0.000  14.592 0.000   4.705 0.000   9.887 0.000 0.038 0.000  0.876 0.000
 29.25  30.25   31.93 0.000  0.32 0.000 9.999 0.259 0.11 0.000000  0.785 0.000  0.558 0.000  0.781 0.000  10.560 0.000   3.941 0.000   6.619 0.000 0.017 0.000  0.459 0.000
 32.25  33.25   41.39 0.000  1.32 0.000 0.030 0.000 0.15 0.000000  0.089 0.000  0.525 0.000  0.736 0.000  20.916 0.000  16.981 0.000   3.934 0.000 0.044 0.000  0.325 0.000
 35.25  36.25   21.54 0.000  1.27 0.000 9.999 0.259 0.07 0.000000  0.416 0.000  1.850 0.000  2.590 0.000  13.764 0.000   7.145 0.000   6.619 0.000 0.041 0.000  0.257 0.000
 38.25  39.25    7.70 0.000  0.68 0.000 0.020 0.000 9.99 0.259000  0.842 0.000  0.652 0.000  0.913 0.000   9.862 0.000   1.071 0.000   8.790 0.000 0.018 0.000  0.716 0.000
 41.25  42.25   14.62 0.000  0.19 0.000 0.017 0.000 9.99 0.259000  0.199 0.000  0.719 0.000  1.006 0.000   5.065 0.000   2.838 0.000   2.227 0.000 0.015 0.000  0.212 0.000
 44.25  45.25   12.48 0.000  0.67 0.000 9.999 0.259 0.25 0.000000  0.469 0.000  0.911 0.000  1.276 0.000   7.807 0.000   1.735 0.000   6.073 0.000 0.020 0.000  0.682 0.000
 47.25  48.25    6.98 0.000  0.36 0.000 9.999 0.259 9.99 0.259000  0.572 0.000  0.300 0.000  0.420 0.000   6.575 0.000   2.765 0.000   3.809 0.000 0.010 0.000  0.236 0.000
 50.25  51.25    7.09 0.000  0.52 0.000 0.029 0.000 9.99 0.259000  0.943 0.000  0.583 0.000  0.817 0.000   9.492 0.000   1.900 0.000   7.592 0.000 0.014 0.000  0.460 0.000
 53.25  54.25   11.97 0.000  1.42 0.000 9.999 0.259 0.07 0.000000  0.893 0.000  0.571 0.000  0.799 0.000  11.144 0.000   0.889 0.000  10.255 0.000 0.015 0.000  0.891 0.000
 56.25  57.25   13.42 0.000  2.16 0.000 9.999 0.259 9.99 0.259000  2.035 0.000  0.851 0.000  1.191 0.000  23.176 0.000   4.064 0.000  19.112 0.000 0.035 0.000  1.195 0.000
 59.25  60.25    5.57 0.000  0.84 0.000 0.031 0.000 9.99 0.259000  1.262 0.000  0.528 0.000  0.740 0.000  12.690 0.000   0.081 0.000  12.610 0.000 0.017 0.000  0.959 0.000
 62.25  63.25   13.59 0.000  0.57 0.000 9.999 0.259 9.99 0.259000  0.291 0.000  0.445 0.000  0.623 0.000   7.109 0.000   1.915 0.000   5.194 0.000 0.023 0.000  0.682 0.000
 65.25  66.25   28.26 0.000  1.24 0.000 9.999 0.259 0.13 0.000000  1.331 0.000  1.625 0.000  2.276 0.000  18.436 0.000   5.948 0.000  12.488 0.000 0.055 0.000  0.627 0.000
 68.25  69.25   32.57 0.000  2.06 0.000 9.999 0.259 0.15 0.000000  1.028 0.000  1.142 0.000  1.598 0.000  18.089 0.000   7.277 0.000  10.812 0.000 0.044 0.000  0.729 0.000
 71.25  72.25   28.25 0.000  1.84 0.000 9.999 0.259 0.18 0.000000  1.103 0.000  1.533 0.000  2.147 0.000  17.484 0.000   5.108 0.000  12.375 0.000 0.051 0.000  1.129 0.000
 74.25  75.25   31.97 0.000  0.94 0.000 9.999 0.259 0.20 0.000000  0.097 0.000  0.883 0.000  1.237 0.000   9.016 0.000   3.674 0.000   5.342 0.000 0.052 0.000  0.720 0.000
 77.25  78.25    7.26 0.000  0.59 0.000 9.999 0.259 9.99 0.259000  0.097 0.000  0.317 0.000  0.444 0.000   2.737 0.000   0.702 0.000   2.035 0.000 0.009 0.000  0.266 0.000
 80.25  81.25   15.22 0.000  0.53 0.000 0.016 0.000 9.99 0.259000  0.516 0.000  0.434 0.000  0.608 0.000   4.861 0.000   0.960 0.000   3.901 0.000 0.015 0.000  0.539 0.000
 83.25  84.25   22.03 0.000  0.38 0.000 9.999 0.259 0.07 0.000000  0.068 0.000  0.290 0.000  0.406 0.000   6.361 0.000   4.636 0.000   1.725 0.000 0.023 0.000  0.119 0.000
 86.25  87.25   15.77 0.000  0.36 0.000 0.037 0.000 9.99 0.259000  0.149 0.000  0.204 0.000  0.285 0.000   6.985 0.000   4.348 0.000   2.637 0.000 0.014 0.000  0.399 0.000
 89.25  90.25   27.85 0.000  0.45 0.000 9.999 0.259 9.99 0.259000  0.056 0.000  0.349 0.000  0.488 0.000   8.088 0.000   5.480 0.000   2.608 0.000 0.035 0.000  0.279 0.000
 92.25  93.25   61.67 0.000  4.65 0.000 9.999 0.259 0.24 0.000000  0.083 0.000  0.906 0.000  1.269 0.000  16.122 0.000  10.246 0.000   5.876 0.000 0.070 0.000  0.511 0.000
 95.25  96.25   37.04 0.000  1.63 0.000 0.040 0.000 0.07 0.000000  0.979 0.000  6.747 0.000  9.445 0.000  31.608 0.000  11.285 0.000  20.322 0.000 0.128 0.000  0.761 0.000
 98.25  99.25   28.29 0.000  0.99 0.000 9.999 0.259 0.06 0.000000  0.135 0.000  0.514 0.000  0.720 0.000   9.451 0.000   6.785 0.000   2.666 0.000 0.032 0.000  0.263 0.000
101.25 102.25   52.31 0.000  2.30 0.000 9.999 0.259 9.99 0.259000  0.096 0.000  1.347 0.000  1.886 0.000  14.341 0.000   9.071 0.000   5.270 0.000 0.059 0.000  0.397 0.000
104.25 105.25   51.55 0.000  1.14 0.000 9.999 0.259 0.33 0.000000  0.072 0.000  1.040 0.000  1.456 0.000  21.118 0.000  12.467 0.000   8.651 0.000 0.062 0.000  1.310 0.000
107.25 108.25   74.02 0.000  1.11 0.000 9.999 0.259 9.99 0.259000  0.285 0.000  1.147 0.000  1.605 0.000  17.851 0.000  12.733 0.000   5.119 0.000 0.064 0.000  0.288 0.000
110.25 111.25   36.68 0.000  0.55 0.000 9.999 0.259 9.99 0.259000  0.062 0.000  0.561 0.000  0.786 0.000   5.637 0.000   2.901 0.000   2.737 0.000 0.026 0.000  0.302 0.000
113.25 114.25   44.97 0.000  0.59 0.000 9.999 0.259 9.99 0.259000  0.042 0.000  0.427 0.000  0.598 0.000  15.809 0.000  13.354 0.000   2.454 0.000 0.036 0.000  0.166 0.000
116.25 117.25   41.57 0.000  1.75 0.000 9.999 0.259 0.07 0.000000  0.262 0.000  1.715 0.000  2.402 0.000  13.799 0.000   5.493 0.000   8.306 0.000 0.050 0.000  0.846 0.000
119.25 120.25   87.52 0.000  0.80 0.000 9.999 0.259 9.99 0.259000  0.082 0.000  1.091 0.000  1.527 0.000  16.407 0.000   9.642 0.000   6.765 0.000 0.085 0.000  0.728 0.000
122.25 123.25   36.37 0.000  2.00 0.000 9.999 0.259 0.19 0.000000  0.487 0.000  2.079 0.000  2.910 0.000  17.669 0.000   4.853 0.000  12.816 0.000 0.095 0.000  1.736 0.000
125.25 126.25   38.01 0.000  0.90 0.000 9.999 0.259 9.99 0.259000  0.043 0.000  0.583 0.000  0.817 0.000  14.295 0.000  11.238 0.000   3.057 0.000 0.024 0.000  0.259 0.000
128.25 129.25   96.73 0.000  1.26 0.000 9.999 0.259 0.08 0.000000  0.080 0.000  2.058 0.000  2.881 0.000  22.018 0.000  13.115 0.000   8.903 0.000 0.131 0.000  0.611 0.000
131.25 132.25   27.10 0.000  0.59 0.000 9.999 0.259 9.99 0.259000  0.032 0.000  1.054 0.000  1.475 0.000  12.255 0.000   8.059 0.000   4.196 0.000 0.035 0.000  0.308 0.000
134.25 135.25  109.56 0.000  0.71 0.000 9.999 0.259 0.25 0.000000  0.303 0.000  2.235 0.000  3.128 0.000  23.636 0.000   9.329 0.000  14.306 0.000 0.109 0.000  1.496 0.000
137.25 138.25   35.18 0.000  2.69 0.000 9.999 0.259 9.99 0.259000  0.312 0.000  1.622 0.000  2.271 0.000  18.409 0.000   5.831 0.000  12.578 0.000 0.044 0.000  2.030 0.000
140.25 141.25   16.19 0.000  0.98 0.000 9.999 0.259 9.99 0.259000  0.123 0.000  1.168 0.000  1.635 0.000   8.661 0.000   2.488 0.000   6.173 0.000 0.021 0.000  0.680 0.000
143.25 144.25   32.40 0.000  1.51 0.000 9.999 0.259 0.06 0.000000  0.236 0.000  2.061 0.000  2.885 0.000  15.765 0.000   3.869 0.000  11.896 0.000 0.046 0.000  1.543 0.000
146.25 147.25   19.46 0.000  1.76 0.000 9.999 0.259 9.99 0.259000  0.066 0.000  1.802 0.000  2.522 0.000  13.051 0.000   4.118 0.000   8.933 0.000 0.024 0.000  1.092 0.000
149.25 150.25   47.04 0.456  0.97 0.456 0.020 0.456 9.99 0.456259  0.027 0.000  1.759 0.000  2.463 0.000  21.791 0.000 999.999 0.999 999.999 0.456 0.037 0.456  0.549 0.000
152.25 153.25   18.13 0.000  0.88 0.000 9.999 0.259 9.99 0.259000  0.096 0.000  1.188 0.000  1.663 0.000  11.055 0.000   6.989 0.000   4.066 0.000 0.017 0.000  0.366 0.000
155.25 156.25   21.19 0.000  1.75 0.000 9.999 0.259 0.26 0.000000  0.377 0.000  1.544 0.000  2.162 0.000  13.969 0.000   3.789 0.000  10.179 0.000 0.027 0.000  1.407 0.000
158.25 159.25    9.79 0.000 99.99 0.259 9.999 0.259 9.99 0.259000  0.040 0.000  0.767 0.000  1.075 0.000   4.630 0.000   2.374 0.000   2.256 0.000 0.006 0.000  0.168 0.000
161.25 162.25   31.71 0.000 99.99 0.259 9.999 0.259 0.12 0.000000  0.039 0.000  1.130 0.000  1.582 0.000  12.305 0.000   7.636 0.000   4.670 0.000 0.051 0.000  0.468 0.000
164.25 165.25   26.17 0.000 99.99 0.259 9.999 0.259 9.99 0.259000  0.063 0.000  1.040 0.000  1.456 0.000   5.361 0.000   1.799 0.000   3.562 0.000 0.026 0.000  0.375 0.000
167.25 168.25   23.26 0.000  1.44 0.000 0.071 0.000 9.99 0.259000  0.057 0.000  1.398 0.000  1.957 0.000  17.442 0.000   5.162 0.000  12.279 0.000 0.030 0.000  1.896 0.000
170.25 171.25   22.41 0.000  0.95 0.000 9.999 0.259 9.99 0.259000  0.044 0.000  1.496 0.000  2.094 0.000  13.930 0.000   5.069 0.000   8.860 0.000 0.053 0.000  1.174 0.000
173.25 174.25   28.39 0.000  0.41 0.000 9.999 0.259 0.21 0.000000  0.077 0.000  1.263 0.000  1.768 0.000  15.026 0.000   8.021 0.000   7.005 0.000 0.038 0.000  0.947 0.000
176.25 177.25   15.04 0.000  5.62 0.000 0.025 0.000 9.99 0.259000  0.034 0.000  0.837 0.000  1.172 0.000   9.747 0.000   6.707 0.000   3.040 0.000 0.038 0.000  0.250 0.000
179.25 180.25   13.85 0.000  0.49 0.000 9.999 0.259 9.99 0.259000  0.028 0.000  0.981 0.000  1.373 0.000   4.902 0.000   2.071 0.000   2.831 0.000 0.016 0.000  0.222 0.000
182.25 183.25   28.36 0.000  0.58 0.000 0.031 0.000 9.99 0.259000  0.033 0.000  1.957 0.000  2.740 0.000  16.326 0.000   6.059 0.000  10.267 0.000 0.036 0.000  1.197 0.000
185.25 186.25   63.82 0.000  1.24 0.000 0.047 0.000 9.99 0.259000  0.068 0.000  1.282 0.000  1.795 0.000  12.476 0.000   4.556 0.000   7.920 0.000 0.091 0.000  0.920 0.000
188.25 189.25  115.07 0.000  0.51 0.000 9.999 0.259 0.24 0.000000  0.086 0.000  0.502 0.000  0.702 0.000  11.199 0.000   5.555 0.000   5.644 0.000 0.052 0.000  0.576 0.000
191.25 192.25   34.54 0.000  0.37 0.000 9.999 0.259 9.99 0.259000  0.045 0.000  1.377 0.000  1.927 0.000  17.811 0.000  12.610 0.000   5.201 0.000 0.042 0.000  0.344 0.000
194.25 195.25  139.28 0.000  0.61 0.000 9.999 0.259 0.15 0.000000  0.054 0.000  0.941 0.000  1.318 0.000  16.392 0.000   9.655 0.000   6.737 0.000 0.058 0.000  0.516 0.000
197.25 198.25   64.22 0.000  0.22 0.000 9.999 0.259 0.09 0.000000  0.086 0.000  0.765 0.000  1.071 0.000  11.789 0.000   6.905 0.000   4.885 0.000 0.033 0.000  0.475 0.000
200.25 201.25  213.29 0.000  0.36 0.000 0.049 0.000 9.99 0.259000  0.076 0.000  0.961 0.000  1.345 0.000  21.487 0.000  12.415 0.000   9.072 0.000 0.092 0.000  0.640 0.000
203.25 204.25   32.28 0.000  0.35 0.000 9.999 0.259 9.99 0.259000  0.040 0.000  1.901 0.000  2.661 0.000  15.554 0.000   8.729 0.000   6.825 0.000 0.046 0.000  0.469 0.000
206.25 207.25  310.09 0.000  0.52 0.000 9.999 0.259 0.30 0.000000  0.116 0.000  1.499 0.000  2.098 0.000  28.300 0.000  15.153 0.000  13.147 0.000 0.139 0.000  0.987 0.000
209.25 210.25   97.13 0.000  0.53 0.000 9.999 0.259 0.09 0.000000  0.073 0.000  2.142 0.000  2.998 0.000  18.936 0.000   8.430 0.000  10.506 0.000 0.078 0.000  0.955 0.000
212.25 213.25  130.38 0.000  0.49 0.000 9.999 0.259 0.10 0.000000  0.049 0.000  1.681 0.000  2.353 0.000  17.523 0.000   8.213 0.000   9.309 0.000 0.075 0.000  0.734 0.000
215.25 216.25  328.02 0.000  0.42 0.000 9.999 0.259 0.24 0.000000  0.103 0.000  1.846 0.000  2.584 0.000  26.113 0.000  13.456 0.000  12.656 0.000 0.160 0.000  0.770 0.000
218.25 219.25   84.25 0.000  0.72 0.000 9.999 0.259 0.10 0.000000  0.044 0.000  2.212 0.000  3.097 0.000  20.593 0.000  10.578 0.000  10.014 0.000 0.057 0.000  0.798 0.000
221.25 222.25   16.52 0.000  0.37 0.000 9.999 0.259 0.13 0.000000  0.120 0.000  2.968 0.000  4.156 0.000  11.005 0.000   2.325 0.000   8.681 0.000 0.022 0.000  0.623 0.000
224.25 225.25   24.47 0.000  1.15 0.000 9.999 0.259 9.99 0.259000  0.036 0.000  2.326 0.000  3.256 0.000  17.563 0.000   6.434 0.000  11.129 0.000 0.032 0.000  1.341 0.000
227.25 228.25  261.13 0.000  0.66 0.000 9.999 0.259 0.13 0.000000  0.098 0.559  0.961 0.000  1.346 0.000  20.228 0.000  11.644 0.000   8.584 0.000 0.121 0.000  0.586 0.559
230.25 231.25   61.98 0.000  0.55 0.000 9.999 0.259 0.11 0.000000  0.046 0.000  1.377 0.000  1.927 0.000  15.326 0.000   6.815 0.000   8.511 0.000 0.046 0.000  1.033 0.000
233.25 234.25   46.82 0.000  0.36 0.000 9.999 0.259 0.09 0.000000  0.031 0.000  1.487 0.000  2.082 0.000  16.859 0.000   9.944 0.000   6.915 0.000 0.040 0.000  0.656 0.000
236.25 237.25   33.94 0.000  0.37 0.000 0.097 0.000 9.99 0.259000  0.028 0.000  2.543 0.000  3.561 0.000  18.706 0.000   7.476 0.000  11.229 0.000 0.067 0.000  1.286 0.000
239.25 240.25   28.73 0.000  0.50 0.000 9.999 0.259 0.19 0.000000  0.026 0.000  0.982 0.000  1.374 0.000  11.681 0.000   5.835 0.000   5.846 0.000 0.028 0.000  0.693 0.000
242.25 243.25    3.78 0.000  0.69 0.000 9.999 0.259 9.99 0.259000  0.028 0.000  0.758 0.000  1.062 0.000   3.736 0.000   1.173 0.000   2.563 0.000 0.008 0.000  0.181 0.000
245.25 246.25   13.14 0.000  0.60 0.000 9.999 0.259 9.99 0.259000  0.048 0.000  1.787 0.000  2.502 0.000   9.246 0.000   4.015 0.000   5.231 0.000 0.017 0.000  0.393 0.000
248.25 249.25   28.24 0.000  1.21 0.000 9.999 0.259 0.08 0.000000  0.062 0.000  2.885 0.000  4.040 0.000  18.047 0.000   7.898 0.000  10.150 0.000 0.039 0.000  0.858 0.000
251.25 252.25   30.21 0.000  1.24 0.000 9.999 0.259 0.25 0.000000  0.044 0.000  2.452 0.000  3.433 0.000  24.767 0.000   8.873 0.000  15.894 0.000 0.042 0.000  2.027 0.000
254.25 255.25   13.02 0.000  0.14 0.000 9.999 0.259 9.99 0.259000  0.030 0.000  1.394 0.000  1.951 0.000   6.904 0.000   3.402 0.000   3.502 0.000 0.009 0.000  0.161 0.000
257.25 258.25    8.31 0.000  0.25 0.000 9.999 0.259 9.99 0.259000  0.027 0.000  1.267 0.000  1.773 0.000   8.317 0.000   3.984 0.000   4.333 0.000 0.010 0.000  0.334 0.000
260.25 261.25   22.60 0.000  0.26 0.000 9.999 0.259 9.99 0.259000  0.016 0.000  0.711 0.000  0.996 0.000  21.479 0.000  18.731 0.000   2.748 0.000 0.019 0.000  0.192 0.000
263.25 264.25   16.43 0.000  0.60 0.000 0.027 0.000 9.99 0.259000  0.034 0.000  1.725 0.000  2.415 0.000   5.854 0.000   1.670 0.000   4.184 0.000 0.017 0.000  0.270 0.000
266.25 267.25   24.21 0.000  0.86 0.000 9.999 0.259 9.99 0.259000  0.024 0.000  1.153 0.000  1.614 0.000  15.787 0.000   8.514 0.000   7.272 0.000 0.037 0.000  0.817 0.000
269.25 270.25   37.47 0.000  0.22 0.000 9.999 0.259 0.08 0.000000  0.016 0.000  0.675 0.000  0.945 0.000  15.270 0.000  12.183 0.000   3.086 0.000 0.028 0.000  0.122 0.000
272.25 273.25   17.07 0.000  0.92 0.000 9.999 0.259 0.09 0.000000  0.177 0.000  1.114 0.000  1.560 0.000   7.878 0.000   2.245 0.000   5.633 0.000 0.028 0.000  0.449 0.000
275.25 276.25   36.44 0.000  1.66 0.000 9.999 0.259 9.99 0.259000  0.205 0.000  3.794 0.000  5.311 0.000  18.995 0.000   4.532 0.000  14.463 0.000 0.085 0.000  1.250 0.000
278.25 279.25   21.69 0.000  1.46 0.000 9.999 0.259 0.14 0.000000  0.251 0.000  2.985 0.000  4.179 0.000  16.610 0.000   1.549 0.000  15.061 0.000 0.053 0.000  1.625 0.000
