scripts/IMPROVE-2019_partial/data/US0074R.20040101060000.20191216000000.filterpack..pm25.52w.1w.US03L_filterpack_US0074.US03L_IMPROVE_Davis.lev2.nas
64 1001
MISSING INFORMATION
US03L, IMPROVE, , , , , , , 
MISSING INFORMATION
IMPROVE sel_HTAP
1 1
2004 01 01 2019 12 16
3.00
days from file reference point
25
1 1 1 1 1 1 1 1 1 1 1 1 1 1 1 1 1 1 1 1 1 1 1 1 1
999.99 9999.99 9.999 99.99 9.999 9.999 9.999999 99.99 9.999999 9.999 9.999999 99.999 9.999 99.999 9.999 999.999 9.999 999.999 9.999 999.999 9.999 9.999 9.999 99.999 9.999999
end_time of measurement, days from the file reference point
iron, ng/m3, Revision date=20181210133000
numflag iron, no unit, Revision date=20181210133000
lead, ng/m3, Revision date=20181210133000
numflag lead, no unit, Revision date=20181210133000
magnesium, ug/m3, Revision date=20181210133000
numflag magnesium, no unit, Revision date=20181210133000
nickel, ng/m3, Revision date=20181210133000
numflag nickel, no unit, Revision date=20181210133000
nitrate, ug N/m3, Revision date=20181210133000
numflag nitrate, no unit, Revision date=20181210133000
organic_carbon, ug C/m3, Revision date=20181210133000
numflag organic_carbon, no unit, Revision date=20181210133000
organic_mass, ug/m3, Revision date=20181210133000
numflag organic_mass, no unit, Revision date=20181210133000
pm10_mass, ug/m3, Version=2, Version description=Data extracted from http://views.cira.colostate.edu/fed/DataWizard 2019-12-16, Sample duration=1d, Orig. time res.=3d, Matrix=pm10, Blank correction=Blank corrected, Volume std. temperature=ambient, Volume std. pressure=ambient
numflag pm10_mass, no unit, Version=2, Version description=Data extracted from http://views.cira.colostate.edu/fed/DataWizard 2019-12-16, Sample duration=1d, Orig. time res.=3d, Matrix=pm10, Blank correction=Blank corrected, Volume std. temperature=ambient, Volume std. pressure=ambient
pm10_pm25_mass, ug/m3, Revision date=20181210133000, Matrix=pm10_pm25
numflag pm10_pm25_mass, no unit, Revision date=20181210133000, Matrix=pm10_pm25
pm25_mass, ug/m3, Version=2, Version description=Data extracted from http://views.cira.colostate.edu/fed/DataWizard 2019-12-16, Sample duration=1d, Orig. time res.=3d, Blank correction=Blank corrected, Volume std. temperature=ambient, Volume std. pressure=ambient
numflag pm25_mass, no unit, Version=2, Version description=Data extracted from http://views.cira.colostate.edu/fed/DataWizard 2019-12-16, Sample duration=1d, Orig. time res.=3d, Blank correction=Blank corrected, Volume std. temperature=ambient, Volume std. pressure=ambient
potassium, ug/m3, Revision date=20181210133000
numflag potassium, no unit, Revision date=20181210133000
sulphate_total, ug S/m3, Revision date=20181210133000
numflag sulphate_total, no unit, Revision date=20181210133000
0
25
Data definition:              EBAS_1.1
Set type code:                TU
Timezone:                     UTC
File name:                    US0074R.20040101060000.20191216000000.filterpack..pm25.52w.1w.US03L_filterpack_US0074.US03L_IMPROVE_Davis.lev2.nas
File creation:                20191218120031
Startdate:                    20040101060000
Revision date:                20191216000000
Statistics:                   arithmetic mean
Data level:                   2
Period code:                  52w
Resolution code:              1w
Station code:                 US0074R
Platform code:                US0074S
Station name:                 Guadalupe Mountains NP
Station latitude:             31.833
Station longitude:            -104.8094
Station altitude:             1672.0 m
Regime:                       IMG
Component:                    
Matrix:                       pm25
Laboratory code:              US03L
Instrument type:              filterpack
Instrument name:              filterpack_US0074
Method ref:                   US03L_IMPROVE_Davis
starttime endtime Fe flag_Fe Pb flag_Pb Mg++ flag_Mg++ Ni flag_Ni NO3- flag_NO3- OC flag_OC OM flag_OM PM10 flag_PM10 PM10-PM2.5 flag_PM10-PM2.5 PM2.5 flag_PM2.5 K+ flag_K+ SO4-- flag_SO4--
  0.25   1.25   88.53 0.000  0.42 0.000 9.999 0.259000  0.18 0.000000 0.038 0.000000  0.402 0.000  0.563 0.000  23.009 0.000  18.461 0.000   4.548 0.000 0.081 0.000  0.192 0.000000
  3.25   4.25   14.40 0.000  0.26 0.000 9.999 0.259000 99.99 0.259000 0.010 0.000000  0.206 0.000  0.288 0.000  12.267 0.000  11.043 0.000   1.224 0.000 0.014 0.000  0.113 0.000000
  6.25   7.25   24.99 0.000  0.86 0.000 9.999 0.259000  0.15 0.000000 0.160 0.000000  0.662 0.000  0.927 0.000  16.709 0.000  12.524 0.000   4.185 0.000 0.036 0.000  0.460 0.000000
  9.25  10.25   12.52 0.000  0.46 0.000 9.999 0.259000 99.99 0.259000 0.014 0.000000  0.264 0.000  0.370 0.000   5.857 0.000   4.273 0.000   1.584 0.000 0.020 0.000  0.133 0.000000
 12.25  13.25   23.48 0.000  0.87 0.000 9.999 0.259000  0.11 0.000000 0.072 0.000000  0.603 0.000  0.844 0.000   9.119 0.000   6.072 0.000   3.047 0.000 0.026 0.000  0.252 0.000000
 15.25  16.25   10.83 0.000  0.39 0.000 9.999 0.259000  0.11 0.000000 0.092 0.000000  0.409 0.000  0.572 0.000   6.944 0.000   5.665 0.000   1.279 0.000 0.008 0.000  0.093 0.000000
 18.25  19.25    6.84 0.000  0.49 0.000 9.999 0.259000  0.34 0.000000 0.162 0.000000  0.356 0.000  0.499 0.000   5.093 0.000   2.849 0.000   2.243 0.000 0.008 0.000  0.265 0.000000
 21.25  22.25    9.25 0.000  0.51 0.000 0.029 0.000000 99.99 0.259000 0.907 0.559000  0.810 0.000  1.133 0.000  15.572 0.000   5.156 0.000  10.417 0.000 0.032 0.000  0.929 0.559000
 24.25  25.25  234.71 0.000  1.24 0.000 0.172 0.000000  0.17 0.000000 0.044 0.000000  0.498 0.000  0.697 0.000  67.719 0.000  58.378 0.000   9.341 0.000 0.162 0.000  0.326 0.000000
 27.25  28.25   15.84 0.000  0.39 0.000 9.999 0.259000 99.99 0.259000 0.021 0.000000  0.275 0.000  0.385 0.000   8.608 0.000   7.115 0.000   1.492 0.000 0.017 0.000  0.114 0.000000
 30.25  31.25  313.36 0.000  1.81 0.000 0.257 0.000000 99.99 0.259000 0.047 0.000000  0.502 0.000  0.703 0.000  69.319 0.000  57.899 0.000  11.420 0.000 0.248 0.000  0.160 0.000000
 33.25  34.25   47.88 0.000  0.68 0.000 9.999 0.259000 99.99 0.259000 0.031 0.000000  0.522 0.000  0.731 0.000  17.775 0.000  14.328 0.000   3.447 0.000 0.043 0.000  0.243 0.000000
 36.25  37.25   31.53 0.000  0.67 0.000 9.999 0.259000 99.99 0.259000 0.741 0.559000  0.601 0.000  0.841 0.000  17.929 0.000  10.254 0.000   7.675 0.000 0.033 0.000  0.665 0.559000
 39.25  40.25   13.01 0.000  0.52 0.000 9.999 0.259000 99.99 0.259000 0.134 0.000000  0.311 0.000  0.436 0.000   5.564 0.000   3.736 0.000   1.828 0.000 0.012 0.000  0.154 0.000000
 42.25  43.25    6.12 0.000  0.18 0.000 9.999 0.259000  0.10 0.000000 0.024 0.000000  0.035 0.000  0.049 0.000   2.456 0.000   1.657 0.000   0.799 0.000 0.005 0.000  0.110 0.000000
 45.25  46.25   21.08 0.000  1.13 0.000 9.999 0.259000  0.17 0.000000 0.186 0.000000  0.561 0.000  0.785 0.000   7.237 0.000   4.679 0.000   2.558 0.000 0.018 0.000  0.178 0.000000
 48.25  49.25   21.16 0.000  1.05 0.000 9.999 0.259000  0.16 0.000000 0.013 0.000000  0.263 0.000  0.369 0.000   6.321 0.000   4.089 0.000   2.232 0.000 0.020 0.000  0.212 0.000000
 51.25  52.25   41.43 0.000  0.52 0.000 9.999 0.259000  0.10 0.000000 0.097 0.000000  0.516 0.000  0.723 0.000  13.140 0.000  10.051 0.000   3.090 0.000 0.033 0.000  0.212 0.000000
 54.25  55.25 9999.99 0.699 99.99 0.699 9.999 0.699000 99.99 0.699000 9.999 0.699000 99.999 0.999 99.999 0.999   1.987 0.000 999.999 0.999 999.999 0.699 9.999 0.699 99.999 0.699000
 57.25  58.25   17.66 0.000  0.96 0.000 9.999 0.259000 99.99 0.259000 0.010 0.000000  0.373 0.000  0.522 0.000   4.948 0.000   2.816 0.000   2.132 0.000 0.022 0.000  0.236 0.000000
 60.25  61.25    7.77 0.000  0.80 0.000 0.073 0.000000  0.18 0.000000 0.075 0.000000  0.236 0.000  0.331 0.000   3.849 0.000   2.289 0.000   1.560 0.000 0.009 0.000  0.146 0.000000
 63.25  64.25 9999.99 0.456 99.99 0.456 9.999 0.456000 99.99 0.456000 9.999 0.456000 99.999 0.999 99.999 0.999 999.999 0.456 999.999 0.999 999.999 0.456 9.999 0.456 99.999 0.456000
 66.25  67.25 9999.99 0.456 99.99 0.456 9.999 0.456000 99.99 0.456000 9.999 0.456000 99.999 0.999 99.999 0.999 999.999 0.456 999.999 0.999 999.999 0.456 9.999 0.456 99.999 0.456000
 69.25  70.25   74.42 0.000  1.06 0.000 9.999 0.259000 99.99 0.259000 0.101 0.000000  1.080 0.000  1.512 0.000   3.950 0.000   3.950 0.000 999.999 0.259 0.052 0.000  0.306 0.000000
 72.25  73.25 9999.99 0.999 99.99 0.999 9.999 0.999000 99.99 0.999000 9.999 0.999000 99.999 0.999 99.999 0.999 999.999 0.999 999.999 0.999 999.999 0.999 9.999 0.999 99.999 0.999000
 75.25  76.25 9999.99 0.999 99.99 0.999 9.999 0.999000 99.99 0.999000 9.999 0.999000 99.999 0.999 99.999 0.999 999.999 0.999 999.999 0.999 999.999 0.999 9.999 0.999 99.999 0.999000
 78.25  79.25   44.11 0.000  2.74 0.000 0.049 0.000000  0.14 0.000000 0.048 0.000000  0.786 0.000  1.101 0.000  11.615 0.000   7.960 0.000   3.655 0.000 0.035 0.000  0.286 0.000000
 81.25  82.25   39.99 0.000  1.21 0.000 9.999 0.259000 99.99 0.259000 0.204 0.000000  1.636 0.000  2.291 0.000  11.170 0.000   4.654 0.000   6.516 0.000 0.050 0.000  0.665 0.000000
 84.25  85.25   34.43 0.000  1.49 0.000 0.040 0.000000  0.49 0.000000 0.051 0.000000  0.483 0.000  0.676 0.000  11.574 0.000   7.364 0.000   4.210 0.000 0.036 0.000  0.475 0.000000
 87.25  88.25   60.97 0.000  0.92 0.000 0.060 0.000000  0.08 0.000000 0.029 0.000000  0.603 0.000  0.844 0.000  12.600 0.000   9.919 0.000   2.680 0.000 0.040 0.000  0.156 0.000000
 90.25  91.25   31.13 0.000  0.66 0.000 9.999 0.259000  0.30 0.000000 0.030 0.000000  0.243 0.000  0.341 0.000   6.778 0.000   4.019 0.000   2.759 0.000 0.026 0.000  0.259 0.000000
 93.25  94.25   11.57 0.394  0.81 0.394 9.999 0.394259 99.99 0.394259 0.087 0.394000  0.681 0.000  0.953 0.000   6.857 0.000   3.036 0.000   3.821 0.000 0.021 0.394  0.550 0.394000
 96.25  97.25   11.60 0.000  0.78 0.000 9.999 0.259000 99.99 0.259000 0.110 0.000000  0.546 0.000  0.765 0.000   2.709 0.000   1.186 0.000   1.523 0.000 0.009 0.000  0.170 0.000000
 99.25 100.25   63.16 0.000  1.43 0.000 9.999 0.259000 99.99 0.259000 0.066 0.000000  0.370 0.000  0.517 0.000  16.550 0.000  12.543 0.000   4.008 0.000 0.043 0.000  0.331 0.000000
102.25 103.25   18.67 0.000  0.55 0.000 9.999 0.259000 99.99 0.259000 0.152 0.000000  0.359 0.000  0.503 0.000   3.765 0.000   0.675 0.000   3.090 0.000 0.021 0.000  0.423 0.000000
105.25 106.25   64.77 0.000  1.79 0.000 9.999 0.259000  0.44 0.000000 0.023 0.000000  0.472 0.000  0.661 0.000   9.492 0.000   5.242 0.000   4.250 0.000 0.058 0.000  0.384 0.000000
108.25 109.25   62.97 0.000  2.25 0.000 9.999 0.259000  0.32 0.000000 0.045 0.000000  0.697 0.000  0.976 0.000  14.721 0.000   7.265 0.000   7.455 0.000 0.068 0.000  1.051 0.000000
111.25 112.25  156.81 0.000  4.22 0.000 0.095 0.000000 99.99 0.259000 0.048 0.000000  0.523 0.000  0.732 0.000  32.201 0.000  25.196 0.000   7.005 0.000 0.117 0.000  0.457 0.000000
114.25 115.25   25.76 0.000  0.50 0.000 0.061 0.000000  0.15 0.000000 0.023 0.000000  0.191 0.000  0.267 0.000   7.734 0.000   5.991 0.000   1.744 0.000 0.018 0.000  0.131 0.000000
117.25 118.25   46.99 0.000  1.79 0.000 9.999 0.259000 99.99 0.259000 0.020 0.559000  0.420 0.000  0.589 0.000   9.691 0.000   5.849 0.000   3.841 0.000 0.035 0.000  0.420 0.559000
120.25 121.25  153.92 0.000  1.96 0.000 9.999 0.259000  0.36 0.000000 0.073 0.559000  0.456 0.000  0.639 0.000  29.067 0.000  21.910 0.000   7.157 0.000 0.111 0.000  0.509 0.559000
123.25 124.25   29.45 0.000  0.73 0.000 9.999 0.259000  0.16 0.000000 0.015 0.559000  0.234 0.000  0.327 0.000   6.490 0.000   4.005 0.000   2.484 0.000 0.020 0.000  0.283 0.559000
126.25 127.25   98.85 0.000  1.52 0.000 9.999 0.259000  0.23 0.000000 0.044 0.000000  0.814 0.000  1.139 0.000  24.778 0.000  16.415 0.000   8.364 0.000 0.073 0.000  0.878 0.000000
129.25 130.25   88.31 0.000  1.16 0.000 0.053 0.000000  0.17 0.000000 0.050 0.000000  0.724 0.000  1.014 0.000  18.573 0.000  12.175 0.000   6.399 0.000 0.067 0.000  0.606 0.000000
132.25 133.25  186.98 0.000  1.37 0.000 9.999 0.259000  0.22 0.000000 0.096 0.000000  0.561 0.000  0.785 0.000  27.362 0.000  18.331 0.000   9.031 0.000 0.135 0.000  0.310 0.000000
135.25 136.25   23.67 0.394  0.61 0.394 9.999 0.394259  0.13 0.394000 0.041 0.559394  0.794 0.000  1.111 0.000  11.743 0.000   7.286 0.000   4.457 0.000 0.032 0.394  0.611 0.559394
138.25 139.25   62.57 0.000  1.28 0.000 9.999 0.259000  0.38 0.000000 0.046 0.559000  1.016 0.000  1.422 0.000  16.178 0.000  10.325 0.000   5.853 0.000 0.061 0.000  0.551 0.559000
141.25 142.25   58.09 0.000  0.81 0.000 9.999 0.259000  1.24 0.000000 0.080 0.000000  1.042 0.000  1.458 0.000  24.935 0.000  16.994 0.000   7.941 0.000 0.078 0.000  1.009 0.000000
144.25 145.25  205.32 0.000  0.88 0.000 0.082 0.000000  0.21 0.000000 0.049 0.000000  0.655 0.000  0.918 0.000  21.727 0.000  14.297 0.000   7.430 0.000 0.148 0.000  0.242 0.000000
147.25 148.25   42.84 0.000  1.29 0.000 9.999 0.259000  0.20 0.000000 0.042 0.000000  0.568 0.000  0.795 0.000   9.722 0.000   5.871 0.000   3.851 0.000 0.068 0.000  0.393 0.000000
150.25 151.25  118.84 0.000  0.90 0.000 9.999 0.259000  0.14 0.000000 0.074 0.000000  0.640 0.000  0.897 0.000  16.503 0.000  11.386 0.000   5.117 0.000 0.081 0.000  0.282 0.000000
153.25 154.25  107.63 0.000  1.04 0.000 9.999 0.259000  0.17 0.000000 0.035 0.000000  0.876 0.000  1.226 0.000  22.489 0.000  16.671 0.000   5.817 0.000 0.084 0.000  0.327 0.000000
156.25 157.25  115.87 0.000  0.56 0.000 0.076 0.000000  0.10 0.000000 0.034 0.000000  0.688 0.000  0.964 0.000  15.676 0.000  10.785 0.000   4.891 0.000 0.084 0.000  0.259 0.000000
159.25 160.25  684.60 0.000  1.30 0.000 0.999 0.000000 99.99 0.259000 0.063 0.000000  1.096 0.000  1.534 0.000  77.895 0.000  55.915 0.000  21.980 0.000 0.493 0.000  0.370 0.000000
162.25 163.25  205.65 0.000  1.77 0.000 9.999 0.259000  0.12 0.000000 0.054 0.000000  0.451 0.000  0.631 0.000  22.823 0.000  15.818 0.000   7.005 0.000 0.164 0.000  0.275 0.000000
165.25 166.25  111.50 0.000  2.03 0.000 9.999 0.259000  0.24 0.000000 0.055 0.000000  0.919 0.000  1.286 0.000  12.671 0.000   6.579 0.000   6.092 0.000 0.106 0.000  0.428 0.000000
168.25 169.25 9999.99 0.999 99.99 0.999 9.999 0.999000 99.99 0.999000 9.999 0.999000 99.999 0.999 99.999 0.999 999.999 0.999 999.999 0.999 999.999 0.999 9.999 0.999 99.999 0.999000
171.25 172.25 9999.99 0.999 99.99 0.999 9.999 0.999000 99.99 0.999000 9.999 0.999000 99.999 0.999 99.999 0.999 999.999 0.999 999.999 0.999 999.999 0.999 9.999 0.999 99.999 0.999000
174.25 175.25   60.04 0.000  0.51 0.000 9.999 0.259000 99.99 0.259000 0.063 0.000000  0.704 0.000  0.985 0.000   8.670 0.000   4.368 0.000   4.302 0.000 0.047 0.000  0.360 0.000000
177.25 178.25   41.91 0.000  0.38 0.000 9.999 0.259000 99.99 0.259000 0.025 0.000000  0.640 0.000  0.895 0.000   9.219 0.000   5.320 0.000   3.899 0.000 0.035 0.000  0.357 0.000000
180.25 181.25   39.75 0.000  0.43 0.000 9.999 0.259000  0.15 0.000000 0.139 0.000000  0.889 0.000  1.244 0.000   5.938 0.000   1.188 0.000   4.750 0.000 0.038 0.000  0.486 0.000000
183.25 184.25   68.89 0.000  0.89 0.000 9.999 0.259000  0.16 0.000000 0.027 0.000000  0.431 0.000  0.603 0.000   9.828 0.000   5.450 0.000   4.378 0.000 0.066 0.000  0.384 0.000000
186.25 187.25   90.16 0.000  0.59 0.000 9.999 0.259000 99.99 0.259000 0.040 0.000000  2.074 0.000  2.904 0.000  16.935 0.000  10.021 0.000   6.914 0.000 0.125 0.000  0.250 0.000000
189.25 190.25   64.49 0.000  1.02 0.000 9.999 0.259000  0.13 0.000000 0.067 0.000000  3.801 0.000  5.321 0.000  20.629 0.000  10.305 0.000  10.325 0.000 0.133 0.000  0.432 0.000000
192.25 193.25  171.27 0.000  0.24 0.000 9.999 0.259000  0.18 0.000000 0.077 0.000000  1.081 0.000  1.514 0.000  12.786 0.000   4.745 0.000   8.041 0.000 0.096 0.000  0.651 0.000000
195.25 196.25  113.52 0.000  0.54 0.000 9.999 0.259000  0.13 0.000000 0.053 0.000000  0.290 0.000  0.406 0.000   6.904 0.000   2.992 0.000   3.912 0.000 0.052 0.000  0.297 0.000000
198.25 199.25  121.42 0.000  0.79 0.000 9.999 0.259000 99.99 0.259000 0.041 0.000000  0.571 0.000  0.799 0.000  12.615 0.000   6.160 0.000   6.455 0.000 0.056 0.000  0.685 0.000000
201.25 202.25   80.74 0.000  0.39 0.000 9.999 0.259000 99.99 0.259000 0.031 0.000000  0.757 0.000  1.060 0.000  13.337 0.000   6.843 0.000   6.494 0.000 0.043 0.000  0.767 0.000000
204.25 205.25   50.89 0.000  0.36 0.000 9.999 0.259000 99.99 0.259000 0.048 0.000000  1.097 0.000  1.535 0.000  15.809 0.000   7.651 0.000   8.157 0.000 0.046 0.000  1.158 0.000000
207.25 208.25    0.56 0.000  0.39 0.000 9.999 0.259000 99.99 0.259000 0.004 0.000000  0.012 0.000  0.017 0.000   1.777 0.000   1.777 0.000 999.999 0.259 0.002 0.000  0.008 0.000000
210.25 211.25   22.03 0.000  0.27 0.000 9.999 0.259000  0.10 0.000000 0.014 0.000000  0.446 0.000  0.624 0.000   5.556 0.000   3.130 0.000   2.426 0.000 0.019 0.000  0.185 0.000000
213.25 214.25   35.43 0.000  0.25 0.000 0.024 0.000000  0.24 0.000000 0.042 0.000000  0.768 0.000  1.075 0.000  10.153 0.000   3.659 0.000   6.494 0.000 0.033 0.000  0.944 0.000000
216.25 217.25   47.63 0.000  0.40 0.000 9.999 0.259000  0.14 0.000000 0.027 0.000000  0.500 0.000  0.701 0.000  12.264 0.000   7.728 0.000   4.537 0.000 0.032 0.000  0.495 0.000000
219.25 220.25 9999.99 0.699 99.99 0.699 9.999 0.699000 99.99 0.699000 9.999 0.699000 99.999 0.999 99.999 0.999  11.628 0.000 999.999 0.999 999.999 0.699 9.999 0.699 99.999 0.699000
222.25 223.25 9999.99 0.699 99.99 0.699 9.999 0.699000 99.99 0.699000 9.999 0.699000 99.999 0.999 99.999 0.999   8.320 0.000 999.999 0.999 999.999 0.699 9.999 0.699 99.999 0.699000
225.25 226.25   17.15 0.000 99.99 0.259 9.999 0.259000 99.99 0.259000 0.024 0.000000  0.506 0.000  0.709 0.000   3.123 0.000   0.949 0.000   2.174 0.000 0.016 0.000  0.206 0.000000
228.25 229.25 9999.99 0.999 99.99 0.999 9.999 0.999000 99.99 0.999000 9.999 0.999000 99.999 0.999 99.999 0.999 999.999 0.999 999.999 0.999 999.999 0.999 9.999 0.999 99.999 0.999000
231.25 232.25   24.50 0.000  0.32 0.000 9.999 0.259000  0.15 0.000000 0.029 0.000000  0.704 0.000  0.985 0.000   7.435 0.000   4.458 0.000   2.976 0.000 0.020 0.000  0.323 0.000000
234.25 235.25   17.46 0.000  0.57 0.000 9.999 0.259000 99.99 0.259000 0.014 0.000000  0.329 0.000  0.460 0.000   5.794 0.000   3.479 0.000   2.315 0.000 0.016 0.000  0.275 0.000000
237.25 238.25   27.36 0.000  1.39 0.000 9.999 0.259000  0.52 0.000000 0.035 0.000000  0.399 0.000  0.559 0.000  10.924 0.000   7.392 0.000   3.533 0.000 0.024 0.000  0.438 0.000000
240.25 241.25   72.78 0.000  0.37 0.000 9.999 0.259000 99.99 0.259000 0.046 0.000000  0.782 0.000  1.094 0.000  18.327 0.000  12.899 0.000   5.428 0.000 0.049 0.000  0.526 0.000000
243.25 244.25   26.61 0.000  0.25 0.000 9.999 0.259000 99.99 0.259000 0.034 0.000000  0.424 0.000  0.594 0.000   4.645 0.000   1.131 0.000   3.514 0.000 0.018 0.000  0.471 0.000000
246.25 247.25   13.73 0.000  0.21 0.000 9.999 0.259000  0.16 0.000000 0.009 0.000000  0.728 0.000  1.019 0.000   6.291 0.000   2.423 0.000   3.868 0.000 0.016 0.000  0.515 0.000000
249.25 250.25   33.58 0.000  0.26 0.000 9.999 0.259000  0.11 0.000000 0.023 0.000000  0.794 0.000  1.112 0.000   9.273 0.000   6.544 0.000   2.729 0.000 0.027 0.000  0.187 0.000000
252.25 253.25   20.48 0.000  0.39 0.000 0.066 0.000000  0.13 0.000000 0.013 0.000000  0.769 0.000  1.077 0.000   9.232 0.000   6.454 0.000   2.778 0.000 0.016 0.000  0.233 0.000000
255.25 256.25   14.96 0.000  0.46 0.000 9.999 0.259000 99.99 0.259000 0.013 0.000000  1.027 0.000  1.437 0.000  10.376 0.000   3.949 0.000   6.427 0.000 0.023 0.000  0.904 0.000000
258.25 259.25   37.87 0.559  0.94 0.559 9.999 0.559259 99.99 0.559259 0.029 0.000000  0.889 0.000  1.244 0.000  14.414 0.000   9.872 0.000   4.542 0.559 0.035 0.559  0.378 0.000000
261.25 262.25   20.81 0.000  0.35 0.000 9.999 0.259000 99.99 0.259000 0.048 0.000000  1.395 0.000  1.954 0.000  11.305 0.000   5.718 0.000   5.586 0.000 0.016 0.000  0.842 0.000000
