scripts/IMPROVE-2019_partial/data/US0038R.20060102060000.20191216000000.filterpack..pm25.52w.1w.US03L_filterpack_US0038.US03L_IMPROVE_Davis.lev2.nas
66 1001
MISSING INFORMATION
US03L, IMPROVE, , , , , , , 
MISSING INFORMATION
IMPROVE sel_HTAP
1 1
2006 01 01 2019 12 16
3.00
days from file reference point
27
1 1 1 1 1 1 1 1 1 1 1 1 1 1 1 1 1 1 1 1 1 1 1 1 1 1 1
999.99 9999.99 9.999 99.99 9.999 9.999 9.999 9.99 9.999 99.999 9.999 99.999 9.999 99.999 9.999 999.99 9.999999 999.999 9.999 999.999 9.999 999.999 9.999 9.999 9.999 99.999 9.999
end_time of measurement, days from the file reference point
iron, ng/m3, Revision date=20181210133000
numflag iron, no unit, Revision date=20181210133000
lead, ng/m3, Revision date=20181210133000
numflag lead, no unit, Revision date=20181210133000
magnesium, ug/m3, Revision date=20181210133000
numflag magnesium, no unit, Revision date=20181210133000
nickel, ng/m3, Revision date=20181210133000
numflag nickel, no unit, Revision date=20181210133000
nitrate, ug N/m3, Revision date=20181210133000
numflag nitrate, no unit, Revision date=20181210133000
organic_carbon, ug C/m3, Revision date=20181210133000
numflag organic_carbon, no unit, Revision date=20181210133000
organic_mass, ug/m3, Revision date=20181210133000
numflag organic_mass, no unit, Revision date=20181210133000
phosphorus, ng/m3, Revision date=20181210133000
numflag phosphorus, no unit, Revision date=20181210133000
pm10_mass, ug/m3, Version=2, Version description=Data extracted from http://views.cira.colostate.edu/fed/DataWizard 2019-12-16, Sample duration=1d, Orig. time res.=3d, Matrix=pm10, Blank correction=Blank corrected, Volume std. temperature=ambient, Volume std. pressure=ambient
numflag pm10_mass, no unit, Version=2, Version description=Data extracted from http://views.cira.colostate.edu/fed/DataWizard 2019-12-16, Sample duration=1d, Orig. time res.=3d, Matrix=pm10, Blank correction=Blank corrected, Volume std. temperature=ambient, Volume std. pressure=ambient
pm10_pm25_mass, ug/m3, Revision date=20181210133000, Matrix=pm10_pm25
numflag pm10_pm25_mass, no unit, Revision date=20181210133000, Matrix=pm10_pm25
pm25_mass, ug/m3, Version=2, Version description=Data extracted from http://views.cira.colostate.edu/fed/DataWizard 2019-12-16, Sample duration=1d, Orig. time res.=3d, Blank correction=Blank corrected, Volume std. temperature=ambient, Volume std. pressure=ambient
numflag pm25_mass, no unit, Version=2, Version description=Data extracted from http://views.cira.colostate.edu/fed/DataWizard 2019-12-16, Sample duration=1d, Orig. time res.=3d, Blank correction=Blank corrected, Volume std. temperature=ambient, Volume std. pressure=ambient
potassium, ug/m3, Revision date=20181210133000
numflag potassium, no unit, Revision date=20181210133000
sulphate_total, ug S/m3, Revision date=20181210133000
numflag sulphate_total, no unit, Revision date=20181210133000
0
25
Data definition:              EBAS_1.1
Set type code:                TU
Timezone:                     UTC
File name:                    US0038R.20060102060000.20191216000000.filterpack..pm25.52w.1w.US03L_filterpack_US0038.US03L_IMPROVE_Davis.lev2.nas
File creation:                20191218115751
Startdate:                    20060102060000
Revision date:                20191216000000
Statistics:                   arithmetic mean
Data level:                   2
Period code:                  52w
Resolution code:              1w
Station code:                 US0038R
Platform code:                US0038S
Station name:                 Cedar Bluff
Station latitude:             38.7701
Station longitude:            -99.7634
Station altitude:             665.0 m
Regime:                       IMG
Component:                    
Matrix:                       pm25
Laboratory code:              US03L
Instrument type:              filterpack
Instrument name:              filterpack_US0038
Method ref:                   US03L_IMPROVE_Davis
starttime endtime Fe flag_Fe Pb flag_Pb Mg++ flag_Mg++ Ni flag_Ni NO3- flag_NO3- OC flag_OC OM flag_OM P flag_P PM10 flag_PM10 PM10-PM2.5 flag_PM10-PM2.5 PM2.5 flag_PM2.5 K+ flag_K+ SO4-- flag_SO4--
  1.25   2.25    5.74 0.000  0.60 0.000 9.999 0.259 9.99 0.259  0.273 0.000  0.528 0.000  0.739 0.000 999.99 0.259000   2.401 0.000   1.061 0.000   1.340 0.000 0.008 0.000  0.127 0.000
  4.25   5.25    8.66 0.000  0.15 0.000 0.011 0.000 9.99 0.259  0.023 0.000  0.307 0.559  0.430 0.559 999.99 0.259000   3.627 0.000   3.036 0.000   0.592 0.000 0.007 0.000  0.047 0.000
  7.25   8.25   13.40 0.000  0.42 0.000 9.999 0.259 9.99 0.259  0.029 0.000  0.397 0.559  0.556 0.559 999.99 0.259000   3.711 0.000   2.527 0.000   1.184 0.000 0.013 0.000  0.122 0.000
 10.25  11.25   52.89 0.000  0.74 0.000 9.999 0.259 9.99 0.259  0.195 0.000  0.567 0.559  0.794 0.559 999.99 0.259000   6.861 0.000   4.130 0.000   2.732 0.000 0.038 0.000  0.091 0.000
 13.25  14.25   25.03 0.000  0.29 0.000 0.009 0.000 9.99 0.259  0.103 0.000  0.313 0.559  0.438 0.559 999.99 0.259000   4.848 0.000   3.172 0.000   1.676 0.000 0.018 0.000  0.076 0.000
 16.25  17.25   12.37 0.000  0.16 0.000 0.008 0.000 9.99 0.259  0.026 0.000  0.279 0.559  0.390 0.559 999.99 0.259000   3.720 0.000   2.712 0.000   1.008 0.000 0.012 0.000  0.071 0.000
 19.25  20.25    6.06 0.000  0.34 0.000 9.999 0.259 9.99 0.259  0.224 0.000  0.275 0.559  0.384 0.559 999.99 0.259000   4.030 0.000   1.925 0.000   2.105 0.000 0.009 0.000  0.116 0.000
 22.25  23.25   10.43 0.000  0.69 0.000 9.999 0.259 9.99 0.259  0.664 0.000  0.423 0.559  0.592 0.559 999.99 0.259000   7.170 0.000   2.158 0.000   5.013 0.000 0.011 0.000  0.322 0.000
 25.25  26.25   36.18 0.000  0.68 0.000 9.999 0.259 9.99 0.259  0.155 0.000  0.660 0.559  0.924 0.559 999.99 0.259000  14.398 0.000  10.800 0.000   3.597 0.000 0.032 0.000  0.251 0.000
 28.25  29.25    8.70 0.000  0.26 0.000 9.999 0.259 9.99 0.259  0.016 0.000  0.053 0.559  0.074 0.559 999.99 0.259000   3.230 0.000   2.438 0.000   0.792 0.000 0.007 0.000  0.070 0.000
 31.25  32.25   18.66 0.000  0.10 0.000 9.999 0.259 9.99 0.259  0.032 0.000  0.047 0.559  0.065 0.559 999.99 0.259000   5.556 0.000   4.594 0.000   0.962 0.000 0.010 0.000  0.041 0.000
 34.25  35.25   12.66 0.000 99.99 0.259 9.999 0.259 9.99 0.259  0.199 0.000  0.204 0.559  0.286 0.559 999.99 0.259000   3.965 0.000   2.358 0.000   1.607 0.000 0.009 0.000  0.126 0.000
 37.25  38.25   11.55 0.000  0.45 0.000 9.999 0.259 9.99 0.259  0.356 0.000  0.177 0.559  0.248 0.559 999.99 0.259000   5.042 0.000   2.495 0.000   2.547 0.000 0.014 0.000  0.187 0.000
 40.25  41.25   11.88 0.000  0.28 0.000 9.999 0.259 9.99 0.259  0.030 0.000  0.380 0.559  0.532 0.559 999.99 0.259000   7.374 0.000   5.761 0.000   1.612 0.000 0.015 0.000  0.136 0.000
 43.25  44.25   37.31 0.000  0.43 0.000 9.999 0.259 9.99 0.259  0.047 0.000  0.182 0.559  0.255 0.559 999.99 0.259000   9.054 0.000   7.111 0.000   1.943 0.000 0.028 0.000  0.090 0.000
 46.25  47.25   14.47 0.000  0.69 0.000 9.999 0.259 9.99 0.259  0.368 0.000  0.309 0.559  0.433 0.559 999.99 0.259000  10.864 0.000   6.712 0.000   4.152 0.000 0.015 0.000  0.258 0.000
 49.25  50.25   26.43 0.000  0.92 0.000 9.999 0.259 0.23 0.000  0.447 0.000  0.485 0.559  0.679 0.559 999.99 0.259000  11.495 0.000   5.259 0.000   6.236 0.000 0.031 0.000  0.453 0.000
 52.25  53.25   43.39 0.000  0.84 0.000 9.999 0.259 9.99 0.259  0.170 0.000  0.268 0.559  0.375 0.559 999.99 0.259000   9.944 0.000   7.003 0.000   2.941 0.000 0.029 0.000  0.199 0.000
 55.25  56.25   19.65 0.000  0.98 0.000 9.999 0.259 0.11 0.000  0.463 0.000  0.440 0.559  0.616 0.559 999.99 0.259000  11.144 0.000   5.593 0.000   5.551 0.000 0.022 0.000  0.502 0.000
 58.25  59.25   80.19 0.000  1.07 0.000 0.014 0.000 9.99 0.259  0.076 0.000  0.759 0.559  1.063 0.559 999.99 0.259000  17.482 0.000  12.314 0.000   5.168 0.000 0.092 0.000  0.280 0.000
 61.25  62.25   66.26 0.000  1.09 0.000 9.999 0.259 9.99 0.259  0.494 0.000  0.590 0.559  0.825 0.559 999.99 0.259000  19.122 0.000  12.245 0.000   6.877 0.000 0.055 0.000  0.582 0.000
 64.25  65.25   53.52 0.000  1.37 0.000 9.999 0.259 9.99 0.259  0.169 0.000  0.611 0.559  0.855 0.559 999.99 0.259000  19.827 0.000  15.494 0.000   4.333 0.000 0.042 0.000  0.313 0.000
 67.25  68.25   14.85 0.000  0.25 0.000 9.999 0.259 9.99 0.259  0.056 0.000  0.281 0.559  0.393 0.559 999.99 0.259000   7.088 0.000   5.991 0.000   1.097 0.000 0.009 0.000  0.084 0.000
 70.25  71.25   57.81 0.000  1.62 0.000 9.999 0.259 9.99 0.259  0.429 0.000  0.718 0.559  1.005 0.559 999.99 0.259000  24.178 0.000  18.527 0.000   5.651 0.000 0.052 0.000  0.393 0.000
 73.25  74.25  149.61 0.000  0.74 0.000 0.023 0.000 9.99 0.259  0.172 0.000  2.253 0.000  3.154 0.000 999.99 0.259000  83.677 0.000  73.122 0.000  10.556 0.000 0.142 0.000  0.354 0.000
 76.25  77.25   20.51 0.000  1.90 0.000 9.999 0.259 9.99 0.259  1.254 0.000  1.933 0.000  2.705 0.000 999.99 0.259000  19.868 0.000   2.591 0.000  17.277 0.000 0.043 0.000  1.459 0.000
 79.25  80.25   20.36 0.000  1.05 0.000 9.999 0.259 9.99 0.259  0.759 0.000  0.537 0.559  0.752 0.559 999.99 0.259000  10.278 0.000   0.433 0.000   9.845 0.000 0.028 0.000  0.885 0.000
 82.25  83.25   23.62 0.000  1.40 0.000 9.999 0.259 0.06 0.000  1.354 0.000  0.705 0.559  0.987 0.559 999.99 0.259000  13.364 0.000   1.799 0.000  11.565 0.000 0.029 0.000  0.733 0.000
 85.25  86.25   15.53 0.000  0.48 0.000 9.999 0.259 9.99 0.259  0.072 0.000  0.369 0.000  0.517 0.000 999.99 0.259000   3.528 0.000   0.279 0.000   3.248 0.000 0.013 0.000  0.258 0.000
 88.25  89.25   22.38 0.000  0.66 0.000 9.999 0.259 0.33 0.000  0.121 0.000 99.999 0.456 99.999 0.456 999.99 0.259000   9.801 0.000   5.207 0.000   4.595 0.000 0.032 0.000  0.599 0.000
 91.25  92.25   98.30 0.000  0.56 0.000 0.041 0.000 0.13 0.000  0.039 0.000  0.343 0.000  0.480 0.000 999.99 0.259000  32.778 0.000  28.702 0.000   4.076 0.000 0.071 0.000  0.189 0.000
 94.25  95.25   53.93 0.000  1.52 0.000 0.020 0.000 0.28 0.000  0.126 0.000  1.643 0.000  2.300 0.000 999.99 0.259000  16.490 0.000   8.881 0.000   7.610 0.000 0.067 0.000  0.570 0.000
 97.25  98.25   31.16 0.000  1.25 0.000 9.999 0.259 9.99 0.259  0.213 0.000  0.555 0.000  0.777 0.000 999.99 0.259000   5.284 0.000   2.317 0.000   2.967 0.000 0.029 0.000  0.373 0.000
100.25 101.25   56.96 0.000  1.89 0.000 0.021 0.000 0.11 0.000  0.031 0.000  0.748 0.000  1.048 0.000 999.99 0.259000  14.547 0.000   9.317 0.000   5.230 0.000 0.045 0.000  0.437 0.000
103.25 104.25   80.41 0.000  1.01 0.000 0.033 0.000 0.23 0.000  0.054 0.000  0.706 0.000  0.988 0.000 999.99 0.259000  18.226 0.000  12.970 0.000   5.256 0.000 0.063 0.000  0.368 0.000
106.25 107.25   76.26 0.000  1.62 0.000 0.022 0.000 0.10 0.000  0.250 0.000  1.719 0.000  2.406 0.000 999.99 0.259000  15.852 0.000   8.168 0.000   7.684 0.000 0.082 0.000  0.553 0.000
109.25 110.25   60.79 0.000 99.99 0.259 0.030 0.000 0.17 0.000  0.024 0.000  0.386 0.000  0.541 0.000 999.99 0.259000  11.994 0.000   8.376 0.000   3.618 0.000 0.039 0.000  0.143 0.000
112.25 113.25  110.71 0.394  1.70 0.394 0.049 0.394 0.19 0.394  0.171 0.394  4.386 0.394  6.141 0.394 999.99 0.394259  27.156 0.000  12.495 0.394  14.662 0.000 0.245 0.394  0.796 0.394
115.25 116.25   55.61 0.000  0.83 0.000 0.021 0.000 9.99 0.259  0.203 0.000  0.355 0.000  0.497 0.000 999.99 0.259000   7.723 0.000   4.458 0.000   3.264 0.000 0.037 0.000  0.253 0.000
118.25 119.25   72.74 0.000  1.67 0.000 0.035 0.000 0.10 0.000  0.105 0.000  0.656 0.000  0.919 0.000 999.99 0.259000 999.999 0.999 999.999 0.999   4.763 0.000 0.051 0.000  0.443 0.000
121.25 122.25   55.65 0.000  1.16 0.000 9.999 0.259 0.26 0.000  0.162 0.000  1.245 0.000  1.743 0.000 999.99 0.259000  13.345 0.000   6.653 0.000   6.693 0.000 0.061 0.000  0.558 0.000
124.25 125.25   38.49 0.000  1.08 0.000 0.007 0.000 9.99 0.259  0.297 0.000  0.249 0.000  0.349 0.000 999.99 0.259000   6.254 0.000   3.129 0.000   3.125 0.000 0.030 0.000  0.245 0.000
127.25 128.25   40.26 0.000  0.78 0.000 9.999 0.259 9.99 0.259  0.139 0.000  0.881 0.000  1.234 0.000 999.99 0.259000  10.746 0.000   4.246 0.000   6.500 0.000 0.052 0.000  0.748 0.000
130.25 131.25   17.32 0.000  0.41 0.000 9.999 0.259 9.99 0.259  0.021 0.000  0.192 0.559  0.268 0.559 999.99 0.259000   4.772 0.000   2.903 0.000   1.869 0.000 0.012 0.000  0.151 0.000
133.25 134.25   50.15 0.000  1.00 0.000 9.999 0.259 9.99 0.259  0.052 0.000  0.585 0.000  0.819 0.000 999.99 0.259000  11.782 0.000   8.190 0.000   3.592 0.000 0.037 0.000  0.262 0.000
136.25 137.25   79.84 0.000  1.09 0.000 9.999 0.259 0.10 0.000  0.041 0.000  0.521 0.000  0.730 0.000 999.99 0.259000  12.561 0.000   8.549 0.000   4.012 0.000 0.054 0.000  0.257 0.000
139.25 140.25  115.43 0.000  1.43 0.000 0.022 0.000 9.99 0.259  0.051 0.000  1.300 0.000  1.820 0.000 999.99 0.259000  20.708 0.000  14.196 0.000   6.512 0.000 0.068 0.000  0.341 0.000
142.25 143.25   90.40 0.000  0.97 0.000 9.999 0.259 0.28 0.000  0.103 0.000  1.286 0.000  1.801 0.000 999.99 0.259000  25.833 0.000  16.785 0.000   9.049 0.000 0.118 0.000  0.860 0.000
145.25 146.25   89.93 0.000  1.57 0.000 9.999 0.259 0.17 0.000  0.079 0.000  1.367 0.000  1.913 0.000 999.99 0.259000  21.433 0.000  14.292 0.000   7.141 0.000 0.085 0.000  0.552 0.000
148.25 149.25   77.84 0.000 99.99 0.259 9.999 0.259 0.14 0.000  0.048 0.000  0.969 0.000  1.357 0.000 999.99 0.259000  15.548 0.000  10.597 0.000   4.951 0.000 0.057 0.000  0.296 0.000
151.25 152.25   52.80 0.000  0.67 0.000 0.023 0.000 0.09 0.000  0.070 0.000  0.694 0.000  0.971 0.000 999.99 0.259000  10.167 0.000   5.769 0.000   4.398 0.000 0.040 0.000  0.293 0.000
154.25 155.25   53.02 0.000  0.89 0.000 0.023 0.000 0.10 0.000  0.060 0.000  1.216 0.000  1.702 0.000 999.99 0.259000  16.645 0.000   9.842 0.000   6.803 0.000 0.043 0.000  0.531 0.000
157.25 158.25   80.25 0.000  0.71 0.000 9.999 0.259 0.18 0.000  0.041 0.000  1.089 0.000  1.524 0.000 999.99 0.259000  15.801 0.000   9.114 0.000   6.688 0.000 0.056 0.000  0.333 0.000
160.25 161.25   79.53 0.000  1.05 0.000 0.028 0.000 0.16 0.000  0.046 0.000  1.640 0.000  2.296 0.000 999.99 0.259000  23.727 0.000  14.172 0.000   9.555 0.000 0.067 0.000  0.980 0.000
163.25 164.25   59.43 0.000  1.82 0.000 0.023 0.000 0.21 0.000  0.234 0.000  1.157 0.000  1.619 0.000 999.99 0.259000  16.908 0.000   7.232 0.000   9.676 0.000 0.074 0.000  1.362 0.000
166.25 167.25 9999.99 0.999 99.99 0.999 9.999 0.999 9.99 0.999 99.999 0.999 99.999 0.999 99.999 0.999 999.99 0.999000 999.999 0.999 999.999 0.999 999.999 0.999 9.999 0.999 99.999 0.999
169.25 170.25 9999.99 0.999 99.99 0.999 9.999 0.999 9.99 0.999 99.999 0.999 99.999 0.999 99.999 0.999 999.99 0.999000 999.999 0.999 999.999 0.999 999.999 0.999 9.999 0.999 99.999 0.999
172.25 173.25   68.39 0.000  0.78 0.000 0.025 0.000 0.12 0.000  0.074 0.000  1.751 0.000  2.451 0.000 999.99 0.259000  13.971 0.000   6.384 0.000   7.587 0.000 0.074 0.000  0.375 0.000
175.25 176.25   21.21 0.000  0.32 0.000 0.010 0.000 9.99 0.259  0.024 0.000  1.110 0.000  1.554 0.000 999.99 0.259000   8.621 0.000   3.724 0.000   4.897 0.000 0.033 0.000  0.285 0.000
178.25 179.25   44.69 0.000  0.45 0.000 9.999 0.259 0.10 0.000  0.030 0.000  1.167 0.000  1.634 0.000 999.99 0.259000  16.681 0.000  10.527 0.000   6.154 0.000 0.051 0.000  0.500 0.000
181.25 182.25   58.20 0.000  1.19 0.000 9.999 0.259 0.15 0.000  0.032 0.000  1.371 0.000  2.467 0.000 999.99 0.259000  22.962 0.000  12.245 0.000  10.716 0.000 0.054 0.000  1.315 0.000
184.25 185.25   39.81 0.000  1.18 0.000 9.999 0.259 9.99 0.259  0.052 0.000  1.095 0.000  1.971 0.000 999.99 0.259000  18.526 0.000  11.328 0.000   7.197 0.000 0.071 0.000  0.699 0.000
187.25 188.25   46.41 0.000  1.71 0.000 9.999 0.259 0.14 0.000  0.038 0.000  3.186 0.000  5.734 0.000 999.99 0.259000  25.034 0.000  11.761 0.000  13.273 0.000 0.146 0.000  1.016 0.000
190.25 191.25   20.24 0.000  1.00 0.000 9.999 0.259 9.99 0.259  0.179 0.000  0.958 0.000  1.725 0.000 999.99 0.259000   8.697 0.000   3.974 0.000   4.724 0.000 0.029 0.000  0.438 0.000
193.25 194.25  138.26 0.000  1.15 0.000 9.999 0.259 0.17 0.000  0.083 0.000  3.308 0.000  5.954 0.000 999.99 0.259000  13.983 0.000   7.083 0.000   6.900 0.000 0.074 0.000  0.467 0.000
196.25 197.25   62.23 0.000  0.75 0.000 9.999 0.259 0.16 0.000  0.047 0.000  1.139 0.000  2.051 0.000 999.99 0.259000  15.028 0.000   8.349 0.000   6.678 0.000 0.056 0.000  0.491 0.000
199.25 200.25   69.92 0.000  0.55 0.000 9.999 0.259 9.99 0.259  0.032 0.000  1.148 0.000  2.067 0.000 999.99 0.259000  20.447 0.000  12.910 0.000   7.537 0.000 0.058 0.000  0.627 0.000
202.25 203.25   32.28 0.000  1.50 0.000 9.999 0.259 9.99 0.259  0.046 0.000  1.092 0.000  1.966 0.000 999.99 0.259000  12.428 0.000   6.983 0.000   5.445 0.000 0.044 0.000  0.354 0.000
205.25 206.25   58.68 0.000  0.77 0.000 9.999 0.259 0.10 0.000  0.028 0.000  1.472 0.000  2.651 0.000 999.99 0.259000  19.718 0.000  11.973 0.000   7.746 0.000 0.052 0.000  0.649 0.000
208.25 209.25   49.42 0.000  0.93 0.000 9.999 0.259 0.11 0.000  0.143 0.000  0.972 0.000  1.749 0.000 999.99 0.259000  11.351 0.000   4.415 0.000   6.936 0.000 0.032 0.000  0.625 0.000
211.25 212.25   64.56 0.000  0.80 0.000 9.999 0.259 9.99 0.259  0.042 0.000  0.406 0.000  0.731 0.000 999.99 0.259000  16.280 0.000  11.785 0.000   4.496 0.000 0.042 0.000  0.344 0.000
214.25 215.25   31.21 0.000  1.30 0.000 0.009 0.000 9.99 0.259  0.252 0.000  1.522 0.000  2.740 0.000 999.99 0.259000  11.840 0.000   5.787 0.000   6.054 0.000 0.038 0.000  0.277 0.000
217.25 218.25   40.65 0.000  0.54 0.000 0.011 0.000 0.15 0.000  0.041 0.000  0.462 0.000  0.832 0.000 999.99 0.259000  11.566 0.000   7.274 0.000   4.292 0.000 0.030 0.000  0.368 0.000
220.25 221.25  105.37 0.000  0.64 0.000 9.999 0.259 9.99 0.259  0.045 0.000  0.538 0.000  0.969 0.000 999.99 0.259000  14.275 0.000   7.837 0.000   6.438 0.000 0.051 0.000  0.648 0.000
223.25 224.25   59.15 0.000  0.82 0.000 9.999 0.259 0.30 0.000  0.072 0.000  0.948 0.000  1.707 0.000 999.99 0.259000  13.601 0.000   7.855 0.000   5.747 0.000 0.044 0.000  0.469 0.000
226.25 227.25   31.50 0.000  1.24 0.000 9.999 0.259 0.19 0.000  0.136 0.000  0.782 0.000  1.407 0.000 999.99 0.259000   8.171 0.000   2.702 0.000   5.470 0.000 0.030 0.000  0.570 0.000
229.25 230.25   22.56 0.000  0.35 0.000 9.999 0.259 9.99 0.259  0.020 0.000  0.537 0.000  0.966 0.000 999.99 0.259000   6.096 0.000   3.136 0.000   2.960 0.000 0.023 0.000  0.263 0.000
232.25 233.25   10.63 0.000  0.45 0.000 0.007 0.000 9.99 0.259  0.050 0.000  0.447 0.000  0.804 0.000 999.99 0.259000   5.023 0.000   1.867 0.000   3.156 0.000 0.019 0.000  0.417 0.000
235.25 236.25   40.92 0.000  0.93 0.000 9.999 0.259 0.18 0.000  0.068 0.000  1.246 0.000  2.242 0.000 999.99 0.259000  12.905 0.000   4.829 0.000   8.076 0.000 0.028 0.000  0.917 0.000
238.25 239.25   19.15 0.000  2.01 0.000 0.011 0.000 0.10 0.000  0.264 0.000  1.025 0.000  1.845 0.000 999.99 0.259000  10.139 0.000   3.569 0.000   6.570 0.000 0.043 0.000  0.793 0.000
241.25 242.25   24.06 0.000  0.79 0.000 0.013 0.000 0.21 0.000  0.042 0.000  0.718 0.000  1.292 0.000 999.99 0.259000   9.608 0.000   4.604 0.000   5.005 0.000 0.026 0.000  0.421 0.000
244.25 245.25    7.04 0.000  0.34 0.000 9.999 0.259 9.99 0.259  0.022 0.000  0.722 0.000  1.299 0.000 999.99 0.259000   4.798 0.000   2.508 0.000   2.290 0.000 0.021 0.000  0.098 0.000
247.25 248.25   14.17 0.000  0.91 0.000 9.999 0.259 0.06 0.000  0.068 0.000  0.591 0.000  1.063 0.000 999.99 0.259000   5.671 0.000   2.197 0.000   3.474 0.000 0.016 0.000  0.329 0.000
250.25 251.25   21.27 0.000  0.98 0.000 0.007 0.000 9.99 0.259  0.047 0.000  1.116 0.000  2.009 0.000 999.99 0.259000   9.699 0.000   3.768 0.000   5.931 0.000 0.030 0.000  0.536 0.000
253.25 254.25    2.23 0.000  0.40 0.000 9.999 0.259 9.99 0.259  0.017 0.000  0.148 0.000  0.266 0.000 999.99 0.259000 999.999 0.456 999.999 0.999   1.324 0.000 0.006 0.000  0.124 0.000
256.25 257.25   28.28 0.000  1.55 0.000 0.020 0.000 9.99 0.259  0.040 0.000  1.324 0.000  2.384 0.000 999.99 0.259000  15.312 0.000   9.286 0.000   6.026 0.000 0.036 0.000  0.459 0.000
