scripts/IMPROVE-2019_partial/data/US0060R.20020102050000.20191216000000.filterpack..pm25.52w.1w.US03L_filterpack_US0060.US03L_IMPROVE_Davis.lev2.nas
66 1001
MISSING INFORMATION
US03L, IMPROVE, , , , , , , 
MISSING INFORMATION
IMPROVE sel_HTAP
1 1
2002 01 01 2019 12 16
3.000000
days from file reference point
27
1 1 1 1 1 1 1 1 1 1 1 1 1 1 1 1 1 1 1 1 1 1 1 1 1 1 1
999.999999 9999.99 9.999 99.99 9.999 9.999 9.999999 99.99 9.999 9.999 9.999 999.999 9.999 999.999 9.999 99.99 9.999999 999.999 9.999 99.999 9.999 999.999 9.999 9.999 9.999 99.999 9.999
end_time of measurement, days from the file reference point
iron, ng/m3, Revision date=20181210133000
numflag iron, no unit, Revision date=20181210133000
lead, ng/m3, Revision date=20181210133000
numflag lead, no unit, Revision date=20181210133000
magnesium, ug/m3, Revision date=20181210133000
numflag magnesium, no unit, Revision date=20181210133000
nickel, ng/m3, Revision date=20181210133000
numflag nickel, no unit, Revision date=20181210133000
nitrate, ug N/m3, Revision date=20181210133000
numflag nitrate, no unit, Revision date=20181210133000
organic_carbon, ug C/m3, Revision date=20181210133000
numflag organic_carbon, no unit, Revision date=20181210133000
organic_mass, ug/m3, Revision date=20181210133000
numflag organic_mass, no unit, Revision date=20181210133000
phosphorus, ng/m3, Revision date=20181210133000
numflag phosphorus, no unit, Revision date=20181210133000
pm10_mass, ug/m3, Version=2, Version description=Data extracted from http://views.cira.colostate.edu/fed/DataWizard 2019-12-16, Sample duration=1d, Orig. time res.=3d, Matrix=pm10, Blank correction=Blank corrected, Volume std. temperature=ambient, Volume std. pressure=ambient
numflag pm10_mass, no unit, Version=2, Version description=Data extracted from http://views.cira.colostate.edu/fed/DataWizard 2019-12-16, Sample duration=1d, Orig. time res.=3d, Matrix=pm10, Blank correction=Blank corrected, Volume std. temperature=ambient, Volume std. pressure=ambient
pm10_pm25_mass, ug/m3, Revision date=20181210133000, Matrix=pm10_pm25
numflag pm10_pm25_mass, no unit, Revision date=20181210133000, Matrix=pm10_pm25
pm25_mass, ug/m3, Version=2, Version description=Data extracted from http://views.cira.colostate.edu/fed/DataWizard 2019-12-16, Sample duration=1d, Orig. time res.=3d, Blank correction=Blank corrected, Volume std. temperature=ambient, Volume std. pressure=ambient
numflag pm25_mass, no unit, Version=2, Version description=Data extracted from http://views.cira.colostate.edu/fed/DataWizard 2019-12-16, Sample duration=1d, Orig. time res.=3d, Blank correction=Blank corrected, Volume std. temperature=ambient, Volume std. pressure=ambient
potassium, ug/m3, Revision date=20181210133000
numflag potassium, no unit, Revision date=20181210133000
sulphate_total, ug S/m3, Revision date=20181210133000
numflag sulphate_total, no unit, Revision date=20181210133000
0
25
Data definition:              EBAS_1.1
Set type code:                TU
Timezone:                     UTC
File name:                    US0060R.20020102050000.20191216000000.filterpack..pm25.52w.1w.US03L_filterpack_US0060.US03L_IMPROVE_Davis.lev2.nas
File creation:                20191218115912
Startdate:                    20020102050000
Revision date:                20191216000000
Statistics:                   arithmetic mean
Data level:                   2
Period code:                  52w
Resolution code:              1w
Station code:                 US0060R
Platform code:                US0060S
Station name:                 Great Gulf Wilderness
Station latitude:             44.3082
Station longitude:            -71.2177
Station altitude:             453.0 m
Regime:                       IMG
Component:                    
Matrix:                       pm25
Laboratory code:              US03L
Instrument type:              filterpack
Instrument name:              filterpack_US0060
Method ref:                   US03L_IMPROVE_Davis
starttime endtime Fe flag_Fe Pb flag_Pb Mg++ flag_Mg++ Ni flag_Ni NO3- flag_NO3- OC flag_OC OM flag_OM P flag_P PM10 flag_PM10 PM10-PM2.5 flag_PM10-PM2.5 PM2.5 flag_PM2.5 K+ flag_K+ SO4-- flag_SO4--
[from data line 82]
247.208333 248.208333   14.24 0.000  1.08 0.000 0.038 0.000000 99.99 0.259 0.030 0.000   0.421 0.000   0.589 0.000 99.99 0.259000   5.539 0.000  3.356 0.000   2.183 0.000 0.014 0.000  0.210 0.000
250.208333 251.208333   30.23 0.000  1.91 0.000 9.999 0.259000 99.99 0.259 0.013 0.000   1.696 0.000   2.374 0.000 99.99 0.259000  13.113 0.000  6.198 0.000   6.914 0.000 0.038 0.000  0.745 0.000
253.208333 254.208333   22.35 0.000  1.59 0.000 9.999 0.259000 99.99 0.259 0.012 0.000   0.930 0.000   1.302 0.000 99.99 0.259000  13.889 0.000  2.565 0.000  11.324 0.000 0.024 0.000  2.024 0.000
256.208333 257.208333   21.32 0.000  2.04 0.000 0.027 0.000000  0.53 0.000 0.028 0.000   1.669 0.000   2.337 0.000 99.99 0.259000  11.602 0.000  3.414 0.000   8.188 0.000 0.029 0.000  1.033 0.000
259.208333 260.208333    9.81 0.000  1.15 0.000 9.999 0.259000 99.99 0.259 0.011 0.000   0.794 0.000   1.112 0.000 99.99 0.259000   6.407 0.000  3.551 0.000   2.856 0.000 0.020 0.000  0.234 0.000
262.208333 263.208333   29.88 0.000  2.12 0.000 9.999 0.259000  0.72 0.000 0.024 0.000   1.462 0.000   2.046 0.000 99.99 0.259000  24.285 0.000  5.667 0.000  18.618 0.000 0.035 0.000  3.605 0.000
265.208333 266.208333    5.73 0.000  1.31 0.000 9.999 0.259000  0.23 0.000 0.024 0.000   0.637 0.000   0.892 0.000 99.99 0.259000   6.534 0.000  2.792 0.000   3.742 0.000 0.018 0.000  0.587 0.000
268.208333 269.208333 9999.99 0.999 99.99 0.999 9.999 0.999000 99.99 0.999 9.999 0.999 999.999 0.999 999.999 0.999 99.99 0.999000 999.999 0.999 99.999 0.999 999.999 0.999 9.999 0.999 99.999 0.999
271.208333 272.208333    6.08 0.000  1.00 0.000 9.999 0.259000 99.99 0.259 0.012 0.000   0.640 0.000   0.896 0.000 99.99 0.259000   4.242 0.000  2.152 0.000   2.089 0.000 0.017 0.000  0.163 0.000
274.208333 275.208333   30.91 0.000  1.96 0.000 0.069 0.000000  0.20 0.000 0.030 0.000   1.681 0.000   2.354 0.000 99.99 0.259000  25.723 0.000  6.827 0.000  18.896 0.000 0.041 0.000  3.453 0.000
277.208333 278.208333    6.40 0.000  0.92 0.000 9.999 0.259000 99.99 0.259 0.015 0.000   0.839 0.000   1.174 0.000 99.99 0.259000   5.964 0.000  2.715 0.000   3.249 0.000 0.014 0.000  0.470 0.000
280.208333 281.208333    5.42 0.000  1.52 0.000 0.017 0.000000  0.29 0.000 0.011 0.000   0.506 0.000   0.709 0.000 99.99 0.259000   3.179 0.000  1.406 0.000   1.773 0.000 0.011 0.000  0.196 0.000
283.208333 284.208333   10.12 0.000  1.54 0.000 0.019 0.000000  0.50 0.000 0.040 0.000   1.226 0.000   1.716 0.000 99.99 0.259000   7.610 0.000  2.048 0.000   5.561 0.000 0.033 0.000  0.763 0.000
286.208333 287.208333    2.54 0.000  0.58 0.000 0.015 0.000000  0.10 0.000 0.014 0.000   0.353 0.000   0.495 0.000 99.99 0.259000   2.552 0.000  1.127 0.000   1.425 0.000 0.010 0.000  0.160 0.000
289.208333 290.208333    2.16 0.000  0.58 0.000 9.999 0.259000 99.99 0.259 0.006 0.000   0.336 0.000   0.471 0.000 99.99 0.259000   3.096 0.000  0.560 0.000   2.536 0.000 0.008 0.000  0.376 0.000
292.208333 293.208333    2.34 0.000  0.85 0.000 0.019 0.000000  0.09 0.000 0.012 0.000   0.375 0.000   0.525 0.000 99.99 0.259000   3.303 0.000  0.748 0.000   2.555 0.000 0.009 0.000  0.406 0.000
295.208333 296.208333 9999.99 0.999 99.99 0.999 9.999 0.999000 99.99 0.999 9.999 0.999 999.999 0.999 999.999 0.999 99.99 0.999000 999.999 0.999 99.999 0.999 999.999 0.999 9.999 0.999 99.999 0.999
298.208333 299.208333    2.37 0.000  0.70 0.000 0.020 0.000000  0.23 0.000 0.016 0.000   0.203 0.000   0.284 0.000 99.99 0.259000   1.609 0.000  0.472 0.000   1.137 0.000 0.007 0.000  0.101 0.000
301.208333 302.208333    3.94 0.000 99.99 0.259 9.999 0.259000 99.99 0.259 0.019 0.000   0.307 0.000   0.430 0.000 99.99 0.259000   2.509 0.000  0.679 0.000   1.831 0.000 0.013 0.000  0.231 0.000
304.208333 305.208333    7.67 0.394  0.82 0.394 0.017 0.394000  0.25 0.394 0.022 0.394   0.526 0.000   0.737 0.000 99.99 0.394259   3.388 0.000  0.738 0.000   2.650 0.000 0.016 0.394  0.345 0.394
307.208333 308.208333    6.28 0.000  1.58 0.000 9.999 0.259000  0.56 0.000 0.029 0.000   0.768 0.000   1.076 0.000 99.99 0.259000   3.707 0.000  1.072 0.000   2.634 0.000 0.016 0.000  0.273 0.000
310.208333 311.208333    5.36 0.000  0.75 0.000 9.999 0.259000  0.18 0.000 0.038 0.000   0.378 0.000   0.529 0.000 99.99 0.259000   3.134 0.000  0.988 0.000   2.146 0.000 0.012 0.000  0.365 0.000
313.208333 314.208333   15.97 0.000  1.79 0.000 0.028 0.000000  0.53 0.000 0.055 0.000   1.529 0.000   2.141 0.000 99.99 0.259000  10.249 0.000  1.868 0.000   8.381 0.000 0.035 0.000  1.371 0.000
316.208333 317.208333   27.89 0.000  1.51 0.000 9.999 0.259000  0.27 0.000 0.046 0.000   0.747 0.000   1.045 0.000 99.99 0.259000   4.588 0.000  1.160 0.000   3.428 0.000 0.025 0.000  0.555 0.000
319.208333 320.208333    8.01 0.000  1.14 0.000 9.999 0.259000  1.72 0.000 0.022 0.000   0.505 0.000   0.707 0.000 99.99 0.259000   2.964 0.000  0.748 0.000   2.216 0.000 0.054 0.000  0.329 0.000
322.208333 323.208333    7.08 0.000  1.21 0.000 9.999 0.259000  0.32 0.000 0.016 0.000   0.507 0.000   0.710 0.000 99.99 0.259000   3.212 0.000  1.032 0.000   2.180 0.000 0.022 0.000  0.317 0.000
325.208333 326.208333    3.91 0.000  1.54 0.000 0.016 0.000000  0.87 0.000 0.056 0.000   0.769 0.000   1.077 0.000 99.99 0.259000   3.199 0.000  0.583 0.000   2.615 0.000 0.022 0.000  0.342 0.000
328.208333 329.208333    3.18 0.000  0.53 0.000 9.999 0.259000  0.10 0.000 0.009 0.000   0.362 0.000   0.507 0.000 99.99 0.259000   2.414 0.000  0.847 0.000   1.566 0.000 0.007 0.000  0.241 0.000
331.208333 332.208333    6.81 0.000  0.76 0.000 9.999 0.259000 99.99 0.259 0.037 0.000   0.225 0.000   0.315 0.000 99.99 0.259000   2.599 0.000  1.293 0.000   1.306 0.000 0.011 0.000  0.180 0.000
334.208333 335.208333    2.61 0.000  0.91 0.000 9.999 0.259000  0.08 0.000 0.038 0.000   0.400 0.000   0.560 0.000 99.99 0.259000   3.110 0.000  1.487 0.000   1.623 0.000 0.010 0.000  0.213 0.000
337.208333 338.208333    3.84 0.000  0.83 0.000 0.014 0.000000  0.13 0.000 0.034 0.000   0.224 0.000   0.314 0.000 99.99 0.259000   2.514 0.000  1.184 0.000   1.330 0.000 0.010 0.000  0.215 0.000
340.208333 341.208333   14.23 0.000  1.67 0.000 0.030 0.000000  0.23 0.000 0.267 0.000   1.237 0.000   1.732 0.000 99.99 0.259000   8.819 0.000  1.875 0.000   6.944 0.000 0.027 0.000  0.820 0.000
343.208333 344.208333   14.73 0.000  1.48 0.000 9.999 0.259000  0.69 0.000 0.117 0.000   0.553 0.000   0.775 0.000 99.99 0.259000   6.716 0.000  3.403 0.000   3.313 0.000 0.035 0.000  0.430 0.000
346.208333 347.208333    7.45 0.000  1.62 0.000 9.999 0.259000  0.44 0.000 0.133 0.000   0.558 0.000   0.781 0.000 99.99 0.259000   3.536 0.000  0.560 0.000   2.976 0.000 0.041 0.000  0.270 0.000
349.208333 350.208333    5.90 0.000  0.73 0.000 9.999 0.259000  0.37 0.000 0.041 0.000   0.431 0.000   0.604 0.000 99.99 0.259000   2.940 0.000  0.755 0.000   2.185 0.000 0.020 0.000  0.301 0.000
352.208333 353.208333   10.83 0.000  0.59 0.000 9.999 0.259000  0.23 0.000 0.010 0.000   0.648 0.000   0.907 0.000  9.14 0.000000   2.641 0.000  1.055 0.000   1.586 0.000 0.017 0.000  0.125 0.000
355.208333 356.208333   11.12 0.000  1.03 0.000 9.999 0.259000 99.99 0.259 0.087 0.000   0.460 0.000   0.644 0.000 99.99 0.259000   5.368 0.000  1.486 0.000   3.882 0.000 0.013 0.000  0.683 0.000
358.208333 359.208333    2.09 0.000  0.62 0.000 9.999 0.259000  0.21 0.000 0.088 0.000   0.321 0.000   0.450 0.000 99.99 0.259000   2.940 0.000  0.874 0.000   2.065 0.000 0.021 0.000  0.202 0.000
361.208333 362.208333    9.48 0.000  1.23 0.000 9.999 0.259000  0.15 0.000 0.035 0.000   0.556 0.000   0.779 0.000 99.99 0.259000   6.433 0.000  0.587 0.000   5.846 0.000 0.016 0.000  1.126 0.000
364.208333 365.208333    8.17 0.000  1.21 0.000 9.999 0.259000  0.61 0.000 0.041 0.000   0.689 0.000   0.964 0.000 99.99 0.259000   4.693 0.000  1.199 0.000   3.494 0.000 0.026 0.000  0.507 0.000
