scripts/IMPROVE-2019_partial/data/US0028R.20080101050000.20191216000000.filterpack...52w.3d.US03L_filterpack_US0028.US03L_IMPROVE_Davis.lev2.nas
52 1001
MISSING INFORMATION
US03L, IMPROVE, , , , , , , 
MISSING INFORMATION
IMPROVE sel_HTAP
1 1
2008 01 01 2019 12 16
3.000000
days from file reference point
5
1 1 1 1 1
999.999999 999.999 9.999 999.999 9.999
end_time of measurement, days from the file reference point
pm10_mass, ug/m3, Matrix=pm10
numflag pm10_mass, no unit, Matrix=pm10
pm25_mass, ug/m3, Matrix=pm25
numflag pm25_mass, no unit, Matrix=pm25
0
33
Data definition:              EBAS_1.1
Set type code:                TU
Timezone:                     UTC
File name:                    US0028R.20080101050000.20191216000000.filterpack...52w.3d.US03L_filterpack_US0028.US03L_IMPROVE_Davis.lev2.nas
File creation:                20191218115722
Startdate:                    20080101050000
Revision date:                20191216000000
Version:                      2
Version description:          "Data extracted from http://views.cira.colostate.edu/fed/DataWizard 2019-12-16"
Statistics:                   arithmetic mean
Data level:                   2
Period code:                  52w
Resolution code:              3d
Sample duration:              1d
Orig. time res.:              3d
Station code:                 US0028R
Platform code:                US0028S
Station name:                 Cohutta
Station latitude:             34.7852
Station longitude:            -84.6265
Station altitude:             735.0 m
Regime:                       IMG
Component:                    
Unit:                         ug/m3
Matrix:                       
Laboratory code:              US03L
Instrument type:              filterpack
Instrument name:              filterpack_US0028
Method ref:                   US03L_IMPROVE_Davis
Blank correction:             Blank corrected
Volume std. temperature:      ambient
Volume std. pressure:         ambient
starttime endtime PM10 flag_PM10 PM2.5 flag_PM2.5
  0.208333   1.208333   4.233 0.000   2.559 0.000
  3.208333   4.208333   8.154 0.000   6.395 0.000
  6.208333   7.208333   8.397 0.000   6.586 0.000
  9.208333  10.208333   6.127 0.000   4.367 0.000
 12.208333  13.208333   9.051 0.000   7.476 0.000
 15.208333  16.208333   6.904 0.000   5.287 0.000
 18.208333  19.208333   4.907 0.000   3.591 0.000
 21.208333  22.208333   4.707 0.000   3.521 0.000
 24.208333  25.208333   7.336 0.000   5.329 0.000
 27.208333  28.208333   5.558 0.000   3.613 0.000
 30.208333  31.208333   4.652 0.000   2.897 0.000
 33.208333  34.208333   8.749 0.000   5.952 0.000
 36.208333  37.208333 999.999 0.999 999.999 0.999
 39.208333  40.208333   8.377 0.000   6.091 0.000
 42.208333  43.208333  14.789 0.000  10.429 0.000
 45.208333  46.208333   9.749 0.000   7.634 0.000
 48.208333  49.208333   4.080 0.000   3.220 0.000
 51.208333  52.208333   9.137 0.000   6.204 0.000
 54.208333  55.208333   7.967 0.000   6.862 0.000
 57.208333  58.208333 999.999 0.999 999.999 0.999
 60.208333  61.208333   7.550 0.000   6.349 0.000
 63.208333  64.208333   5.421 0.000   3.706 0.000
 66.208333  67.208333   7.956 0.000   6.372 0.000
 69.208333  70.208333   8.700 0.000   7.055 0.000
 72.208333  73.208333  12.665 0.000   8.827 0.000
 75.208333  76.208333 999.999 0.999 999.999 0.999
 78.208333  79.208333 999.999 0.999 999.999 0.999
 81.208333  82.208333 999.999 0.999 999.999 0.999
 84.208333  85.208333 999.999 0.999 999.999 0.999
 87.208333  88.208333  21.063 0.000  16.088 0.000
 90.208333  91.208333   5.537 0.000   4.500 0.000
 93.208333  94.208333  10.106 0.000   8.345 0.000
 96.208333  97.208333   4.017 0.000   2.529 0.000
 99.208333 100.208333 999.999 0.999 999.999 0.999
102.208333 103.208333 999.999 0.999 999.999 0.999
105.208333 106.208333 999.999 0.999 999.999 0.999
108.208333 109.208333  21.542 0.000  15.079 0.000
111.208333 112.208333  10.348 0.000   7.797 0.000
114.208333 115.208333  14.905 0.000   8.500 0.000
117.208333 118.208333   9.314 0.000   6.011 0.000
120.208333 121.208333 999.999 0.999 999.999 0.999
123.208333 124.208333  14.910 0.000   9.283 0.000
126.208333 127.208333  14.034 0.000   9.002 0.000
129.208333 130.208333  16.113 0.000   9.094 0.000
132.208333 133.208333  12.474 0.000   6.320 0.000
135.208333 136.208333  14.751 0.000  10.692 0.000
138.208333 139.208333  13.977 0.000   8.762 0.000
141.208333 142.208333 999.999 0.999 999.999 0.999
144.208333 145.208333  22.094 0.000  14.631 0.000
147.208333 148.208333  12.666 0.000   7.611 0.000
150.208333 151.208333  24.243 0.000  18.365 0.000
153.208333 154.208333 999.999 0.456   9.979 0.000
156.208333 157.208333  15.395 0.000  10.202 0.000
159.208333 160.208333  20.675 0.000  17.113 0.000
162.208333 163.208333 999.999 0.999 999.999 0.999
165.208333 166.208333  10.174 0.000   7.844 0.000
168.208333 169.208333  10.900 0.000   7.229 0.000
171.208333 172.208333  20.007 0.000  12.864 0.000
174.208333 175.208333  14.134 0.000  10.346 0.000
177.208333 178.208333  15.596 0.000  12.720 0.000
180.208333 181.208333  13.766 0.000   9.024 0.000
183.208333 184.208333 999.999 0.999 999.999 0.999
186.208333 187.208333  15.409 0.000  12.062 0.000
189.208333 190.208333 999.999 0.999 999.999 0.999
192.208333 193.208333 999.999 0.999 999.999 0.999
195.208333 196.208333 999.999 0.999 999.999 0.999
198.208333 199.208333 999.999 0.999  22.792 0.000
201.208333 202.208333 999.999 0.999  25.408 0.000
204.208333 205.208333 999.999 0.999  13.513 0.000
207.208333 208.208333 999.999 0.999  11.569 0.000
210.208333 211.208333 999.999 0.999  17.046 0.000
213.208333 214.208333 999.999 0.999 999.999 0.999
216.208333 217.208333 999.999 0.999 999.999 0.999
219.208333 220.208333 999.999 0.999 999.999 0.999
222.208333 223.208333 999.999 0.999 999.999 0.999
225.208333 226.208333 999.999 0.999  19.611 0.000
228.208333 229.208333 999.999 0.999  14.232 0.000
231.208333 232.208333 999.999 0.999  18.742 0.000
234.208333 235.208333  15.169 0.000  11.930 0.000
237.208333 238.208333   4.262 0.000   3.024 0.000
240.208333 241.208333  11.173 0.000   8.988 0.000
243.208333 244.208333  15.598 0.000  13.485 0.000
246.208333 247.208333  19.929 0.000  17.183 0.000
249.208333 250.208333  11.248 0.000   9.112 0.000
252.208333 253.208333  15.765 0.000  12.243 0.000
255.208333 256.208333   7.101 0.000   4.944 0.000
258.208333 259.208333  12.473 0.000   6.327 0.000
261.208333 262.208333  11.018 0.000   8.008 0.000
264.208333 265.208333  14.871 0.000  11.010 0.000
267.208333 268.208333  17.162 0.000  14.131 0.000
270.208333 271.208333   7.901 0.000   6.539 0.000
273.208333 274.208333  17.028 0.000  12.971 0.000
276.208333 277.208333  14.348 0.000   9.391 0.000
279.208333 280.208333  20.940 0.000  17.090 0.000
282.208333 283.208333   4.664 0.000   2.870 0.000
285.208333 286.208333   5.173 0.000   3.071 0.000
288.208333 289.208333  13.138 0.000   8.988 0.000
291.208333 292.208333   9.791 0.000   7.593 0.000
294.208333 295.208333  15.830 0.000  12.623 0.000
297.208333 298.208333   4.359 0.000   2.025 0.000
300.208333 301.208333  11.850 0.000   4.052 0.000
303.208333 304.208333  11.760 0.000   5.493 0.000
306.208333 307.208333  12.666 0.000   9.571 0.000
309.208333 310.208333   6.901 0.000   4.646 0.000
312.208333 313.208333   8.453 0.000   4.203 0.000
315.208333 316.208333   9.111 0.000   6.880 0.000
318.208333 319.208333   3.399 0.000   2.226 0.000
321.208333 322.208333   5.555 0.000   4.719 0.000
324.208333 325.208333  11.002 0.000   7.489 0.000
327.208333 328.208333  11.371 0.000   7.755 0.000
330.208333 331.208333   7.906 0.000   4.482 0.000
333.208333 334.208333   7.353 0.000   6.093 0.000
336.208333 337.208333   6.261 0.000   4.638 0.000
339.208333 340.208333   5.123 0.000   4.198 0.000
342.208333 343.208333   6.524 0.000   4.846 0.000
345.208333 346.208333   1.625 0.000   0.814 0.000
348.208333 349.208333   7.861 0.000   5.409 0.000
351.208333 352.208333   3.553 0.000   2.641 0.000
354.208333 355.208333   7.080 0.000   4.934 0.000
357.208333 358.208333   6.963 0.000   4.870 0.000
360.208333 361.208333   3.178 0.000   1.932 0.000
363.208333 364.208333   3.782 0.000   2.113 0.000
