scripts/IMPROVE-2019_partial/data/US0057R.20010101050000.20191216000000.filterpack..pm25.52w.1w.US03L_filterpack_US0057.US03L_IMPROVE_Davis.lev2.nas
64 1001
MISSING INFORMATION
US03L, IMPROVE, , , , , , , 
MISSING INFORMATION
IMPROVE sel_HTAP
1 1
2001 01 01 2019 12 16
3.000000
days from file reference point
25
1 1 1 1 1 1 1 1 1 1 1 1 1 1 1 1 1 1 1 1 1 1 1 1 1
999.999999 9999.99 9.999 99.99 9.999 9.999 9.999999 99.99 9.999999 9.999 9.999999 99.999 9.999 999.999 9.999 999.999 9.999 999.999 9.999 999.999 9.999 9.999 9.999 99.999 9.999999
end_time of measurement, days from the file reference point
iron, ng/m3, Revision date=20181210133000
numflag iron, no unit, Revision date=20181210133000
lead, ng/m3, Revision date=20181210133000
numflag lead, no unit, Revision date=20181210133000
magnesium, ug/m3, Revision date=20181210133000
numflag magnesium, no unit, Revision date=20181210133000
nickel, ng/m3, Revision date=20181210133000
numflag nickel, no unit, Revision date=20181210133000
nitrate, ug N/m3, Revision date=20181210133000
numflag nitrate, no unit, Revision date=20181210133000
organic_carbon, ug C/m3, Revision date=20181210133000
numflag organic_carbon, no unit, Revision date=20181210133000
organic_mass, ug/m3, Revision date=20181210133000
numflag organic_mass, no unit, Revision date=20181210133000
pm10_mass, ug/m3, Version=2, Version description=Data extracted from http://views.cira.colostate.edu/fed/DataWizard 2019-12-16, Sample duration=1d, Orig. time res.=3d, Matrix=pm10, Blank correction=Blank corrected, Volume std. temperature=ambient, Volume std. pressure=ambient
numflag pm10_mass, no unit, Version=2, Version description=Data extracted from http://views.cira.colostate.edu/fed/DataWizard 2019-12-16, Sample duration=1d, Orig. time res.=3d, Matrix=pm10, Blank correction=Blank corrected, Volume std. temperature=ambient, Volume std. pressure=ambient
pm10_pm25_mass, ug/m3, Revision date=20181210133000, Matrix=pm10_pm25
numflag pm10_pm25_mass, no unit, Revision date=20181210133000, Matrix=pm10_pm25
pm25_mass, ug/m3, Version=2, Version description=Data extracted from http://views.cira.colostate.edu/fed/DataWizard 2019-12-16, Sample duration=1d, Orig. time res.=3d, Blank correction=Blank corrected, Volume std. temperature=ambient, Volume std. pressure=ambient
numflag pm25_mass, no unit, Version=2, Version description=Data extracted from http://views.cira.colostate.edu/fed/DataWizard 2019-12-16, Sample duration=1d, Orig. time res.=3d, Blank correction=Blank corrected, Volume std. temperature=ambient, Volume std. pressure=ambient
potassium, ug/m3, Revision date=20181210133000
numflag potassium, no unit, Revision date=20181210133000
sulphate_total, ug S/m3, Revision date=20181210133000
numflag sulphate_total, no unit, Revision date=20181210133000
0
25
Data definition:              EBAS_1.1
Set type code:                TU
Timezone:                     UTC
File name:                    US0057R.20010101050000.20191216000000.filterpack..pm25.52w.1w.US03L_filterpack_US0057.US03L_IMPROVE_Davis.lev2.nas
File creation:                20191218115858
Startdate:                    20010101050000
Revision date:                20191216000000
Statistics:                   arithmetic mean
Data level:                   2
Period code:                  52w
Resolution code:              1w
Station code:                 US0057R
Platform code:                US0057S
Station name:                 Linville Gorge
Station latitude:             35.9723
Station longitude:            -81.9331
Station altitude:             968.0 m
Regime:                       IMG
Component:                    
Matrix:                       pm25
Laboratory code:              US03L
Instrument type:              filterpack
Instrument name:              filterpack_US0057
Method ref:                   US03L_IMPROVE_Davis
starttime endtime Fe flag_Fe Pb flag_Pb Mg++ flag_Mg++ Ni flag_Ni NO3- flag_NO3- OC flag_OC OM flag_OM PM10 flag_PM10 PM10-PM2.5 flag_PM10-PM2.5 PM2.5 flag_PM2.5 K+ flag_K+ SO4-- flag_SO4--
[from data line 85]
255.208333 256.208333   28.24 0.000  1.34 0.000 9.999 0.259000  0.11 0.000000 0.028 0.000000  2.414 0.000   3.380 0.000  25.865 0.000   3.860 0.000  22.005 0.000 0.049 0.000  3.612 0.000000
258.208333 259.208333   13.33 0.000  1.30 0.000 9.999 0.259000  0.05 0.000000 0.021 0.000000  1.379 0.000   1.930 0.000   5.655 0.000   1.646 0.000   4.010 0.000 0.034 0.000  0.292 0.000000
261.208333 262.208333   27.14 0.000  1.25 0.000 9.999 0.259000  0.12 0.000000 0.043 0.000000  2.709 0.000   3.793 0.000  19.586 0.000   2.679 0.000  16.907 0.000 0.064 0.000  2.190 0.000000
264.208333 265.208333   17.45 0.000  1.19 0.000 9.999 0.259000 99.99 0.259000 0.021 0.000000  2.343 0.000   3.280 0.000  15.552 0.000   3.832 0.000  11.721 0.000 0.035 0.000  1.669 0.000000
267.208333 268.208333    7.44 0.000  0.47 0.000 9.999 0.259000 99.99 0.259000 0.019 0.559000  0.493 0.000   0.690 0.000   6.108 0.000   2.185 0.000   3.923 0.000 0.011 0.000  0.677 0.559000
270.208333 271.208333   15.40 0.000  1.58 0.000 9.999 0.259000  0.06 0.000000 0.029 0.000000  0.893 0.000   1.251 0.000   7.818 0.000   1.574 0.000   6.244 0.000 0.025 0.000  0.904 0.000000
273.208333 274.208333   24.81 0.000  2.20 0.000 9.999 0.259000  0.15 0.000000 0.022 0.000000  1.506 0.000   2.109 0.000   9.245 0.000   2.766 0.000   6.479 0.000 0.038 0.000  0.826 0.000000
276.208333 277.208333   45.44 0.559  2.43 0.559 9.999 0.559259 99.99 0.559259 0.041 0.000000  3.740 0.000   5.236 0.000  20.499 0.000   3.934 0.000  16.564 0.559 0.083 0.559  1.977 0.000000
279.208333 280.208333   13.69 0.000  0.89 0.000 9.999 0.259000 99.99 0.259000 0.054 0.000000  0.527 0.000   0.737 0.000   6.066 0.000   3.172 0.000   2.893 0.000 0.029 0.000  0.301 0.000000
282.208333 283.208333 9999.99 0.999 99.99 0.999 9.999 0.999000 99.99 0.999000 9.999 0.999000 99.999 0.999 999.999 0.999 999.999 0.999 999.999 0.999 999.999 0.999 9.999 0.999 99.999 0.999000
285.208333 286.208333    8.53 0.000  0.96 0.000 9.999 0.259000 99.99 0.259000 0.061 0.000000  0.984 0.000   1.378 0.000   7.901 0.000   2.903 0.000   4.998 0.000 0.031 0.000  0.531 0.000000
288.208333 289.208333   11.45 0.000  0.84 0.000 9.999 0.259000 99.99 0.259000 0.031 0.000000  1.040 0.000   1.457 0.000   7.912 0.000   2.358 0.000   5.554 0.000 0.029 0.000  0.633 0.000000
291.208333 292.208333   33.84 0.000  2.04 0.000 9.999 0.259000 99.99 0.259000 0.077 0.000000  2.410 0.000   3.375 0.000  11.923 0.000   2.828 0.000   9.095 0.000 0.075 0.000  0.850 0.000000
294.208333 295.208333   32.22 0.000  1.39 0.000 9.999 0.259000 99.99 0.259000 0.062 0.000000  2.632 0.000   3.684 0.000  16.467 0.000   4.409 0.000  12.058 0.000 0.068 0.000  1.168 0.000000
297.208333 298.208333   13.61 0.000  0.57 0.000 9.999 0.259000 99.99 0.259000 0.021 0.000000  0.600 0.000   0.840 0.000   6.487 0.000   3.494 0.000   2.993 0.000 0.022 0.000  0.350 0.000000
300.208333 301.208333   12.19 0.000  0.94 0.000 9.999 0.259000 99.99 0.259000 0.040 0.000000  1.017 0.000   1.424 0.000   5.387 0.000   1.571 0.000   3.817 0.000 0.027 0.000  0.389 0.000000
303.208333 304.208333   38.60 0.000  1.89 0.000 9.999 0.259000  0.10 0.000000 0.304 0.000000  2.522 0.000   3.530 0.000  14.684 0.000   4.194 0.000  10.490 0.000 0.068 0.000  1.094 0.000000
306.208333 307.208333   21.60 0.000  1.31 0.000 9.999 0.259000  0.19 0.000000 0.051 0.000000  2.085 0.000   2.919 0.000  11.643 0.000   1.748 0.000   9.896 0.000 0.049 0.000  1.180 0.000000
309.208333 310.208333   21.63 0.000  0.96 0.000 9.999 0.259000 99.99 0.259000 0.049 0.000000  2.567 0.000   3.593 0.000   8.793 0.000   2.277 0.000   6.516 0.000 0.050 0.000  0.364 0.000000
312.208333 313.208333   26.88 0.000  1.52 0.000 0.038 0.000000 99.99 0.259000 0.116 0.000000  2.343 0.000   3.281 0.000  12.434 0.000   3.513 0.000   8.920 0.000 0.057 0.000  0.923 0.000000
315.208333 316.208333   30.35 0.000  2.71 0.000 9.999 0.259000  0.09 0.000000 0.259 0.000000  8.242 0.000  11.539 0.000  25.926 0.000   4.720 0.000  21.206 0.000 0.097 0.000  1.227 0.000000
318.208333 319.208333   41.96 0.000  1.68 0.000 9.999 0.259000 99.99 0.259000 0.072 0.000000  5.429 0.000   7.601 0.000  19.180 0.000   3.228 0.000  15.952 0.000 0.103 0.000  1.126 0.000000
321.208333 322.208333   59.89 0.000  3.02 0.000 9.999 0.259000  0.28 0.000000 0.189 0.000000  4.002 0.000   5.603 0.000  25.463 0.000   2.599 0.000  22.864 0.000 0.113 0.000  2.922 0.000000
324.208333 325.208333 9999.99 0.999 99.99 0.999 9.999 0.999000 99.99 0.999000 9.999 0.999000 99.999 0.999 999.999 0.999 999.999 0.999 999.999 0.999 999.999 0.999 9.999 0.999 99.999 0.999000
327.208333 328.208333    2.27 0.000  0.44 0.000 0.018 0.000000  0.18 0.000000 0.047 0.000000  0.734 0.000   1.027 0.000   4.919 0.000   0.531 0.000   4.388 0.000 0.017 0.000  0.616 0.000000
330.208333 331.208333   15.36 0.559  1.10 0.559 9.999 0.559259  0.24 0.559000 0.075 0.000000  3.105 0.000   4.346 0.000  13.856 0.000   2.752 0.000  11.104 0.559 0.069 0.559  1.201 0.000000
333.208333 334.208333    8.71 0.000  0.69 0.000 9.999 0.259000  0.20 0.000000 0.026 0.000000  0.870 0.000   1.218 0.000   5.828 0.000   1.790 0.000   4.039 0.000 0.033 0.000  0.501 0.000000
336.208333 337.208333   18.51 0.000  1.63 0.000 9.999 0.259000 99.99 0.259000 0.046 0.000000  1.478 0.000   2.069 0.000   7.069 0.000   1.548 0.000   5.521 0.000 0.063 0.000  0.532 0.000000
339.208333 340.208333   24.60 0.000  1.73 0.000 9.999 0.259000 99.99 0.259000 0.063 0.000000  1.674 0.000   2.343 0.000   7.614 0.000   2.064 0.000   5.550 0.000 0.058 0.000  0.554 0.000000
342.208333 343.208333   14.23 0.000  2.25 0.000 9.999 0.259000 99.99 0.259000 0.066 0.000000  0.646 0.000   0.905 0.000   5.982 0.000   1.208 0.000   4.774 0.000 0.020 0.000  0.852 0.000000
345.208333 346.208333    1.59 0.000 99.99 0.259 0.127 0.000000 99.99 0.259000 0.018 0.000000  0.292 0.000   0.409 0.000   2.510 0.000   0.658 0.000   1.852 0.000 0.011 0.000  0.331 0.000000
348.208333 349.208333    6.52 0.000  0.74 0.000 9.999 0.259000  0.06 0.000000 0.018 0.000000  0.618 0.000   0.865 0.000   3.305 0.000   0.903 0.000   2.402 0.000 0.017 0.000  0.335 0.000000
351.208333 352.208333   10.71 0.000  0.90 0.000 9.999 0.259000 99.99 0.259000 0.018 0.000000  0.560 0.000   0.784 0.000   3.427 0.000   0.852 0.000   2.575 0.000 0.016 0.000  0.431 0.000000
354.208333 355.208333   12.69 0.000  1.71 0.000 9.999 0.259000 99.99 0.259000 0.115 0.000000  0.681 0.000   0.954 0.000   3.115 0.000   1.436 0.000   1.678 0.000 0.019 0.000  0.131 0.000000
357.208333 358.208333    9.11 0.000  0.83 0.000 9.999 0.259000 99.99 0.259000 0.128 0.000000  0.484 0.000   0.677 0.000   3.493 0.000   0.809 0.000   2.684 0.000 0.016 0.000  0.370 0.000000
360.208333 361.208333    8.70 0.000  0.55 0.000 9.999 0.259000 99.99 0.259000 0.236 0.000000  0.773 0.000   1.082 0.000   5.513 0.000   1.866 0.000   3.647 0.000 0.021 0.000  0.343 0.000000
363.208333 364.208333    4.38 0.000  0.85 0.000 9.999 0.259000 99.99 0.259000 0.083 0.000000  0.495 0.000   0.692 0.000   3.599 0.000   0.011 0.000   3.588 0.000 0.013 0.000  0.505 0.000000
