scripts/IMPROVE-2019_partial/data/US0083R.20020102080000.20191216000000.filterpack..pm25.52w.1w.US03L_filterpack_US0083.US03L_IMPROVE_Davis.lev2.nas
64 1001
MISSING INFORMATION
US03L, IMPROVE, , , , , , , 
MISSING INFORMATION
IMPROVE sel_HTAP
1 1
2002 01 01 2019 12 16
3.000000
days from file reference point
25
1 1 1 1 1 1 1 1 1 1 1 1 1 1 1 1 1 1 1 1 1 1 1 1 1
999.999999 99999.99 9.999999 99.99 9.999999 9.999 9.999999999 99.99 9.999999 99.999 9.999999 999.999 9.999 999.999 9.999 999.999 9.999 999.999 9.999 999.999 9.999 9.999 9.999999 99.999 9.999999
end_time of measurement, days from the file reference point
iron, ng/m3, Revision date=20181210133000
numflag iron, no unit, Revision date=20181210133000
lead, ng/m3, Revision date=20181210133000
numflag lead, no unit, Revision date=20181210133000
magnesium, ug/m3, Revision date=20181210133000
numflag magnesium, no unit, Revision date=20181210133000
nickel, ng/m3, Revision date=20181210133000
numflag nickel, no unit, Revision date=20181210133000
nitrate, ug N/m3, Revision date=20181210133000
numflag nitrate, no unit, Revision date=20181210133000
organic_carbon, ug C/m3, Revision date=20181210133000
numflag organic_carbon, no unit, Revision date=20181210133000
organic_mass, ug/m3, Revision date=20181210133000
numflag organic_mass, no unit, Revision date=20181210133000
pm10_mass, ug/m3, Version=2, Version description=Data extracted from http://views.cira.colostate.edu/fed/DataWizard 2019-12-16, Sample duration=1d, Orig. time res.=3d, Matrix=pm10, Blank correction=Blank corrected, Volume std. temperature=ambient, Volume std. pressure=ambient
numflag pm10_mass, no unit, Version=2, Version description=Data extracted from http://views.cira.colostate.edu/fed/DataWizard 2019-12-16, Sample duration=1d, Orig. time res.=3d, Matrix=pm10, Blank correction=Blank corrected, Volume std. temperature=ambient, Volume std. pressure=ambient
pm10_pm25_mass, ug/m3, Revision date=20181210133000, Matrix=pm10_pm25
numflag pm10_pm25_mass, no unit, Revision date=20181210133000, Matrix=pm10_pm25
pm25_mass, ug/m3, Version=2, Version description=Data extracted from http://views.cira.colostate.edu/fed/DataWizard 2019-12-16, Sample duration=1d, Orig. time res.=3d, Blank correction=Blank corrected, Volume std. temperature=ambient, Volume std. pressure=ambient
numflag pm25_mass, no unit, Version=2, Version description=Data extracted from http://views.cira.colostate.edu/fed/DataWizard 2019-12-16, Sample duration=1d, Orig. time res.=3d, Blank correction=Blank corrected, Volume std. temperature=ambient, Volume std. pressure=ambient
potassium, ug/m3, Revision date=20181210133000
numflag potassium, no unit, Revision date=20181210133000
sulphate_total, ug S/m3, Revision date=20181210133000
numflag sulphate_total, no unit, Revision date=20181210133000
0
25
Data definition:              EBAS_1.1
Set type code:                TU
Timezone:                     UTC
File name:                    US0083R.20020102080000.20191216000000.filterpack..pm25.52w.1w.US03L_filterpack_US0083.US03L_IMPROVE_Davis.lev2.nas
File creation:                20191218120102
Startdate:                    20020102080000
Revision date:                20191216000000
Statistics:                   arithmetic mean
Data level:                   2
Period code:                  52w
Resolution code:              1w
Station code:                 US0083R
Platform code:                US0083S
Station name:                 Columbia River Gorge
Station latitude:             45.6644
Station longitude:            -121.0008
Station altitude:             178.0 m
Regime:                       IMG
Component:                    
Matrix:                       pm25
Laboratory code:              US03L
Instrument type:              filterpack
Instrument name:              filterpack_US0083
Method ref:                   US03L_IMPROVE_Davis
starttime endtime Fe flag_Fe Pb flag_Pb Mg++ flag_Mg++ Ni flag_Ni NO3- flag_NO3- OC flag_OC OM flag_OM PM10 flag_PM10 PM10-PM2.5 flag_PM10-PM2.5 PM2.5 flag_PM2.5 K+ flag_K+ SO4-- flag_SO4--
  1.333333   2.333333 99999.99 0.999000 99.99 0.999000 9.999 0.999000000 99.99 0.999000 99.999 0.999000 999.999 0.999 999.999 0.999 999.999 0.999 999.999 0.999 999.999 0.999 9.999 0.999000 99.999 0.999000
  4.333333   5.333333     9.01 0.000000  0.52 0.000000 9.999 0.259000000 99.99 0.259000  1.240 0.000000   0.841 0.000   1.178 0.000  12.002 0.000   0.920 0.000  11.082 0.000 0.010 0.000000  1.056 0.000000
  7.333333   8.333333    10.13 0.000000  0.29 0.000000 9.999 0.259000000 99.99 0.259000  0.010 0.000000   0.482 0.000   0.675 0.000   2.451 0.000   1.327 0.000   1.124 0.000 0.012 0.000000  0.026 0.000000
 10.333333  11.333333    42.64 0.000000  0.83 0.000000 9.999 0.259000000 99.99 0.259000  1.711 0.000000   1.877 0.000   2.628 0.000  15.936 0.000   2.705 0.000  13.230 0.000 0.029 0.000000  0.597 0.000000
 13.333333  14.333333    29.80 0.000000  1.61 0.000000 9.999 0.259000000 99.99 0.259000  0.187 0.559000   1.952 0.000   2.733 0.000   8.370 0.000   3.730 0.000   4.640 0.000 0.032 0.000000  0.145 0.559000
 16.333333  17.333333    23.91 0.000000  1.07 0.000000 9.999 0.259000000  0.15 0.000000  0.188 0.000000   1.446 0.000   2.025 0.000   5.769 0.000   2.006 0.000   3.763 0.000 0.025 0.000000  0.192 0.000000
 19.333333  20.333333     8.13 0.000000  0.59 0.000000 9.999 0.259000000 99.99 0.259000 99.999 0.259000   0.316 0.000   0.442 0.000   1.272 0.000   0.498 0.000   0.775 0.000 0.007 0.000000  0.024 0.000000
 22.333333  23.333333    14.12 0.000000  0.37 0.000000 9.999 0.259000000 99.99 0.259000  0.043 0.000000   0.264 0.000   0.370 0.000   3.472 0.000   2.176 0.000   1.297 0.000 0.009 0.000000  0.041 0.000000
 25.333333  26.333333     9.83 0.559000  0.59 0.559000 9.999 0.559259000 99.99 0.559259 99.999 0.259000   0.138 0.000   0.193 0.000   1.791 0.000   0.856 0.000   0.935 0.559 0.008 0.559000  0.012 0.000000
 28.333333  29.333333    21.91 0.559000  0.66 0.559000 9.999 0.559259000 99.99 0.559259  0.150 0.000000   0.824 0.000   1.154 0.000   4.409 0.000   1.429 0.000   2.980 0.559 0.019 0.559000  0.197 0.000000
 31.333333  32.333333    28.26 0.000000  1.83 0.000000 9.999 0.259000000 99.99 0.259000  0.117 0.000000   0.807 0.000   1.130 0.000   3.838 0.000   1.792 0.000   2.046 0.000 0.021 0.000000  0.048 0.000000
 34.333333  35.333333    17.70 0.559000  1.03 0.559000 9.999 0.559259000  0.09 0.559000  0.443 0.559000   0.956 0.000   1.338 0.000   5.738 0.000   1.549 0.000   4.189 0.559 0.019 0.559000  0.181 0.559000
 37.333333  38.333333    35.42 0.000000  0.69 0.000000 9.999 0.259000000 99.99 0.259000  0.071 0.000000   0.654 0.000   0.916 0.000   3.984 0.000   1.718 0.000   2.266 0.000 0.013 0.000000  0.074 0.000000
 40.333333  41.333333    63.68 0.559000  1.70 0.559000 9.999 0.559259000  0.11 0.559000  0.613 0.000000   0.969 0.000   1.357 0.000   7.273 0.000   0.497 0.000   6.776 0.559 0.034 0.559000  0.135 0.000000
 43.333333  44.333333    49.98 0.000000  1.58 0.000000 9.999 0.259000000 99.99 0.259000  0.217 0.559000   1.238 0.000   1.733 0.000   8.598 0.000   4.856 0.000   3.742 0.000 0.037 0.000000  0.212 0.559000
 46.333333  47.333333   100.72 0.000000  2.39 0.000000 9.999 0.259000000  0.13 0.000000  0.702 0.559000   1.829 0.000   2.561 0.000  13.702 0.000   5.412 0.000   8.290 0.000 0.064 0.000000  0.260 0.559000
 49.333333  50.333333    30.59 0.000000  0.55 0.000000 9.999 0.259000000  0.06 0.000000  0.066 0.000000   0.766 0.000   1.072 0.000   4.493 0.000   2.080 0.000   2.412 0.000 0.025 0.000000  0.078 0.000000
 52.333333  53.333333    38.87 0.000000  0.66 0.000000 9.999 0.259000000 99.99 0.259000  0.054 0.000000   0.775 0.000   1.085 0.000   4.498 0.000   2.350 0.000   2.148 0.000 0.018 0.000000  0.090 0.000000
 55.333333  56.333333    28.17 0.000000  0.82 0.000000 9.999 0.259000000  0.09 0.000000  0.117 0.559000   0.667 0.000   0.934 0.000   6.615 0.000   3.406 0.000   3.210 0.000 0.023 0.000000  0.273 0.559000
 58.333333  59.333333    23.50 0.000000  0.64 0.000000 9.999 0.259000000  0.10 0.000000  0.074 0.000000   0.895 0.000   1.254 0.000   8.799 0.000   6.232 0.000   2.566 0.000 0.023 0.000000  0.200 0.000000
 61.333333  62.333333    63.40 0.000000  3.93 0.000000 9.999 0.259000000 99.99 0.259000  0.162 0.000000   1.282 0.000   1.795 0.000   9.889 0.000   5.523 0.000   4.367 0.000 0.042 0.000000  0.233 0.000000
 64.333333  65.333333    35.24 0.000000  0.71 0.000000 9.999 0.259000000 99.99 0.259000  0.182 0.000000   0.593 0.000   0.830 0.000   4.642 0.000   2.366 0.000   2.276 0.000 0.015 0.000000  0.109 0.000000
 67.333333  68.333333    41.59 0.559000  1.26 0.559000 9.999 0.559259000 99.99 0.559259  0.212 0.559000   0.949 0.000   1.328 0.000   5.921 0.000   2.744 0.000   3.177 0.559 0.024 0.559000  0.189 0.559000
 70.333333  71.333333     7.60 0.559000  0.27 0.559000 9.999 0.559259000 99.99 0.559259  0.022 0.559000   0.226 0.000   0.316 0.000   3.748 0.000   1.972 0.000   1.776 0.559 0.014 0.559000  0.075 0.559000
 73.333333  74.333333    32.21 0.000000  1.14 0.000000 9.999 0.259000000 99.99 0.259000  0.072 0.559000   0.617 0.000   0.864 0.000   8.653 0.000   5.864 0.000   2.789 0.000 0.025 0.000000  0.197 0.559000
 76.333333  77.333333    19.49 0.559000  1.14 0.559000 9.999 0.559259000 99.99 0.559259  0.129 0.559000   0.913 0.000   1.278 0.000   4.167 0.000   1.344 0.000   2.823 0.559 0.025 0.559000  0.219 0.559000
 79.333333  80.333333    84.54 0.000000  1.19 0.000000 9.999 0.259000000 99.99 0.259000  0.174 0.559000   0.721 0.000   1.009 0.000  17.617 0.000  12.438 0.000   5.179 0.000 0.053 0.000000  0.790 0.559000
 82.333333  83.333333    82.56 0.559000  1.25 0.559000 9.999 0.559259000 99.99 0.559259  0.040 0.000000   0.387 0.000   0.542 0.000  18.797 0.000  16.983 0.000   1.814 0.559 0.027 0.559000  0.083 0.000000
 85.333333  86.333333   121.51 0.000000  1.77 0.000000 9.999 0.259000000  0.18 0.000000  0.150 0.000000   0.566 0.000   0.792 0.000  16.438 0.000  10.119 0.000   6.319 0.000 0.078 0.000000  0.352 0.000000
 88.333333  89.333333    32.23 0.000000  0.96 0.000000 9.999 0.259000000  0.13 0.000000  0.047 0.559000   0.543 0.000   0.761 0.000   6.797 0.000   4.365 0.000   2.432 0.000 0.024 0.000000  0.201 0.559000
 91.333333  92.333333    75.34 0.000000  1.20 0.000000 9.999 0.259000000 99.99 0.259000  0.068 0.559000   0.929 0.000   1.300 0.000  13.667 0.000   9.359 0.000   4.308 0.000 0.039 0.000000  0.322 0.559000
 94.333333  95.333333    78.71 0.000000  0.80 0.000000 9.999 0.259000000  0.16 0.000000  0.080 0.000000   1.136 0.000   1.590 0.000  14.398 0.000  10.345 0.000   4.053 0.000 0.038 0.000000  0.259 0.000000
 97.333333  98.333333    55.23 0.000000  1.46 0.000000 9.999 0.259000000  0.10 0.000000  0.094 0.559000   0.730 0.000   1.022 0.000   9.947 0.000   6.205 0.000   3.742 0.000 0.029 0.000000  0.225 0.559000
100.333333 101.333333    37.96 0.000000  0.70 0.000000 9.999 0.259000000 99.99 0.259000  0.077 0.000000   0.592 0.000   0.829 0.000   5.781 0.000   3.435 0.000   2.346 0.000 0.016 0.000000  0.196 0.000000
103.333333 104.333333     9.11 0.000000  0.45 0.000000 9.999 0.259000000 99.99 0.259000  0.037 0.559000   0.198 0.000   0.277 0.000   6.981 0.000   4.324 0.000   2.657 0.000 0.019 0.000000  0.120 0.559000
106.333333 107.333333    70.85 0.000000 99.99 0.259000 9.999 0.259000000  0.23 0.000000  0.031 0.000000   0.316 0.000   0.442 0.000   5.054 0.000   3.514 0.000   1.540 0.000 0.020 0.000000  0.085 0.000000
109.333333 110.333333   132.66 0.559000  1.92 0.559000 9.999 0.559259000 99.99 0.559259  0.154 0.559000   0.813 0.000   1.138 0.000  12.253 0.000   6.099 0.000   6.154 0.559 0.089 0.559000  0.502 0.559000
112.333333 113.333333    54.99 0.559000  0.66 0.559000 9.999 0.559259000  0.29 0.559000  0.119 0.000000   0.344 0.000   0.482 0.000  10.125 0.000   5.940 0.000   4.185 0.559 0.042 0.559000  0.357 0.000000
115.333333 116.333333    92.66 0.000000  1.75 0.000000 9.999 0.259000000  0.37 0.000000  0.097 0.000000   0.691 0.000   0.968 0.000  16.543 0.659 999.999 0.999   4.852 0.000 0.056 0.000000  0.447 0.000000
118.333333 119.333333    74.67 0.559000  2.23 0.559000 9.999 0.559259000  0.19 0.559000  0.043 0.559000   1.135 0.000   1.589 0.000   9.693 0.659 999.999 0.999   4.133 0.559 0.043 0.559000  0.320 0.559000
121.333333 122.333333    92.21 0.000000  1.79 0.000000 9.999 0.259000000  0.25 0.000000  0.151 0.000000   1.206 0.000   1.688 0.000  19.234 0.000  12.989 0.000   6.244 0.000 0.058 0.000000  0.542 0.000000
124.333333 125.333333    26.72 0.559000  0.93 0.559000 9.999 0.559259000 99.99 0.559259  0.062 0.000000   0.329 0.000   0.461 0.000   5.127 0.659 999.999 0.999   1.899 0.559 0.024 0.559000  0.159 0.000000
127.333333 128.333333    51.03 0.559000  0.95 0.559000 0.065 0.559000000  0.24 0.559000  0.077 0.559000   0.624 0.000   0.873 0.000   8.007 0.659 999.999 0.999   3.151 0.559 0.024 0.559000  0.286 0.559000
130.333333 131.333333    46.90 0.559000  1.92 0.559000 9.999 0.559259000  0.43 0.559000  0.089 0.559000   1.082 0.000   1.514 0.000   7.700 0.659 999.999 0.999   4.964 0.559 0.037 0.559000  0.538 0.559000
133.333333 134.333333    25.90 0.559000  0.63 0.559000 9.999 0.559259000  0.25 0.559000  0.021 0.559000   0.303 0.000   0.425 0.000   3.790 0.659 999.999 0.999   1.998 0.559 0.016 0.559000  0.141 0.559000
136.333333 137.333333    53.37 0.559000  0.86 0.559000 9.999 0.559259000  0.17 0.559000  0.031 0.559000   0.667 0.000   0.935 0.000   9.177 0.659 999.999 0.999   2.789 0.559 0.028 0.559000  0.169 0.559000
139.333333 140.333333    31.26 0.559000  0.48 0.559000 9.999 0.559259000 99.99 0.559259  0.022 0.559000   0.525 0.000   0.735 0.000   6.590 0.659 999.999 0.999   1.562 0.559 0.016 0.559000  0.103 0.559000
142.333333 143.333333    51.16 0.559000  0.89 0.559000 9.999 0.559259000  0.27 0.559000  0.031 0.559000   0.559 0.000   0.782 0.000   7.051 0.659 999.999 0.999   2.761 0.559 0.024 0.559000  0.218 0.559000
145.333333 146.333333    43.50 0.559000  2.15 0.559000 9.999 0.559259000  0.30 0.559000  0.042 0.559000   1.652 0.000   2.313 0.000   6.484 0.659 999.999 0.999   4.685 0.559 0.040 0.559000  0.262 0.559000
148.333333 149.333333    52.19 0.000000  0.88 0.000000 9.999 0.259000000  0.28 0.000000  0.051 0.559000   0.636 0.000   0.890 0.000  11.658 0.000   9.238 0.000   2.421 0.000 0.024 0.000000  0.118 0.559000
151.333333 152.333333    43.07 0.559000  1.39 0.559000 9.999 0.559259000  0.31 0.559000  0.177 0.559000   1.288 0.000   1.803 0.000  15.112 0.000   8.933 0.000   6.179 0.559 0.037 0.559000  0.442 0.559000
154.333333 155.333333    34.37 0.559000  1.15 0.559000 9.999 0.559259000  0.20 0.559000  0.039 0.559000   0.603 0.000   0.845 0.000   7.308 0.000   4.818 0.000   2.490 0.559 0.017 0.559000  0.158 0.559000
157.333333 158.333333    29.95 0.000000  0.70 0.000000 9.999 0.259000000 99.99 0.259000  0.065 0.559000   0.220 0.000   0.308 0.000   9.817 0.000   7.376 0.000   2.441 0.000 0.019 0.000000  0.191 0.559000
160.333333 161.333333    37.11 0.559000  0.89 0.559000 9.999 0.559259000  0.17 0.559000  0.120 0.559000   1.192 0.000   1.669 0.000  12.953 0.000   7.929 0.000   5.025 0.559 0.031 0.559000  0.340 0.559000
163.333333 164.333333   101.33 0.000000  0.84 0.000000 9.999 0.259000000 99.99 0.259000  0.039 0.559000   2.500 0.000   3.500 0.000  16.660 0.000   9.055 0.000   7.604 0.000 0.050 0.000000  0.337 0.559000
166.333333 167.333333   160.32 0.559000  2.24 0.559000 9.999 0.559259000  0.18 0.559000  0.062 0.559000   1.053 0.000   1.475 0.000  22.812 0.000  16.465 0.000   6.347 0.559 0.062 0.559000  0.439 0.559000
169.333333 170.333333    33.60 0.000000  0.52 0.000000 0.037 0.000000000 99.99 0.259000  0.028 0.000000   0.409 0.000   0.573 0.000   4.470 0.659 999.999 0.999   2.112 0.000 0.014 0.000000  0.166 0.000000
172.333333 173.333333   114.38 0.000000  1.53 0.000000 9.999 0.259000000  0.40 0.000000  0.101 0.000000   2.236 0.000   3.131 0.000  24.343 0.659 999.999 0.999   8.126 0.000 0.064 0.000000  0.502 0.000000
175.333333 176.333333    95.00 0.559000  0.75 0.559000 9.999 0.559259000 99.99 0.559259  0.034 0.000000   1.081 0.000   1.513 0.000  10.194 0.659 999.999 0.999   4.678 0.559 0.034 0.559000  0.265 0.000000
178.333333 179.333333    64.01 0.000000  0.66 0.000000 9.999 0.259000000 99.99 0.259000  0.025 0.000000   0.628 0.000   0.879 0.000   5.787 0.659 999.999 0.999   2.199 0.000 0.020 0.000000  0.124 0.000000
181.333333 182.333333   111.61 0.559000  0.85 0.559000 0.033 0.559000000  0.18 0.559000  0.046 0.559000   0.480 0.000   0.672 0.000  15.046 0.659 999.999 0.999   3.216 0.559 0.045 0.559000  0.235 0.559000
184.333333 185.333333    65.75 0.000000  1.05 0.000000 9.999 0.259000000  0.16 0.000000  0.026 0.000000   0.223 0.000   0.312 0.000   6.542 0.000   3.800 0.000   2.743 0.000 0.070 0.000000  0.222 0.000000
187.333333 188.333333   281.68 0.000000  3.76 0.000000 9.999 0.259000000  0.24 0.000000  0.045 0.000000   2.002 0.000   2.803 0.000  44.030 0.659 999.999 0.999   8.484 0.000 0.211 0.000000  0.334 0.000000
190.333333 191.333333   350.99 0.000000  1.02 0.000000 9.999 0.259000000  0.23 0.000000  0.039 0.000000   1.611 0.000   2.256 0.000  17.559 0.659 999.999 0.999   6.653 0.000 0.086 0.000000  0.171 0.000000
193.333333 194.333333   652.30 0.000000  1.55 0.000000 9.999 0.259000000  0.55 0.000000  0.115 0.000000   2.359 0.000   3.302 0.000  60.413 0.659 999.999 0.999  13.171 0.000 0.179 0.000000  0.479 0.000000
196.333333 197.333333  1068.15 0.000000  1.60 0.000000 0.160 0.000000000  2.65 0.000000  0.050 0.559000   0.926 0.000   1.296 0.000  19.017 0.659 999.999 0.999  14.880 0.000 0.262 0.000000  0.218 0.559000
199.333333 200.333333   381.24 0.000000  0.82 0.000000 0.143 0.000000000  1.25 0.000000  0.030 0.000000   0.515 0.000   0.721 0.000  38.824 0.659 999.999 0.999   7.178 0.000 0.093 0.000000  0.232 0.000000
202.333333 203.333333   143.58 0.000000  0.54 0.000000 9.999 0.259000000 99.99 0.259000  0.036 0.559000   3.634 0.000   5.088 0.000  21.481 0.659 999.999 0.999   9.470 0.000 0.067 0.000000  0.160 0.559000
205.333333 206.333333   275.98 0.000000  1.25 0.000000 9.999 0.259000000  0.61 0.000000  0.055 0.559000   2.309 0.000   3.232 0.000  34.650 0.659 999.999 0.999  11.409 0.000 0.082 0.000000  0.532 0.559000
208.333333 209.333333   172.41 0.559000  0.55 0.559000 9.999 0.559259000  0.30 0.559000  0.092 0.000000   0.733 0.000   1.026 0.000  26.842 0.659 999.999 0.999   5.244 0.559 0.053 0.559000  0.263 0.000000
211.333333 212.333333    76.60 0.000000  1.88 0.000000 0.033 0.000000000  2.25 0.000000  0.052 0.000000   0.883 0.000   1.236 0.000  14.628 0.659 999.999 0.999   3.517 0.000 0.029 0.000000  0.233 0.000000
214.333333 215.333333    74.49 0.000000  0.49 0.000000 9.999 0.259000000  2.84 0.000000  0.061 0.000000   1.172 0.000   1.641 0.000   9.804 0.659 999.999 0.999   4.351 0.000 0.031 0.000000  0.308 0.000000
217.333333 218.333333    89.01 0.000000  0.54 0.000000 9.999 0.259000000  2.38 0.000000  0.042 0.000000   0.800 0.000   1.120 0.000  16.739 0.659 999.999 0.999   4.328 0.000 0.035 0.000000  0.331 0.000000
220.333333 221.333333   202.44 0.000000  1.32 0.000000 0.041 0.000000000  2.07 0.000000  0.047 0.000000   1.921 0.000   2.689 0.000  27.705 0.659 999.999 0.999   6.885 0.000 0.068 0.000000  0.366 0.000000
223.333333 224.333333   148.23 0.000000  0.65 0.000000 0.026 0.000000000  1.08 0.000000  0.030 0.559000   1.766 0.000   2.472 0.000  14.180 0.659 999.999 0.999   6.351 0.000 0.050 0.000000  0.331 0.559000
226.333333 227.333333   224.83 0.000000  1.13 0.000000 9.999 0.259000000  4.47 0.000000  0.252 0.000000   2.419 0.000   3.386 0.000  23.040 0.659 999.999 0.999  10.074 0.000 0.079 0.000000  0.325 0.000000
229.333333 230.333333   102.44 0.000000  0.76 0.000000 9.999 0.259000000  3.23 0.000000  0.116 0.000000   1.409 0.000   1.973 0.000  13.998 0.659 999.999 0.999   5.906 0.000 0.044 0.000000  0.268 0.000000
232.333333 233.333333   202.18 0.659000  0.52 0.659000 9.999 0.659259000  5.56 0.659000  0.053 0.659000 999.999 0.999 999.999 0.999  21.270 0.659 999.999 0.999   6.229 0.659 0.066 0.659000  0.402 0.659000
