scripts/IMPROVE-2019_partial/data/US0089R.20040101070000.20191216000000.filterpack..pm25.52w.1w.US03L_filterpack_US0089.US03L_IMPROVE_Davis.lev2.nas
66 1001
MISSING INFORMATION
US03L, IMPROVE, , , , , , , 
MISSING INFORMATION
IMPROVE sel_HTAP
1 1
2004 01 01 2019 12 16
3.000000
days from file reference point
27
1 1 1 1 1 1 1 1 1 1 1 1 1 1 1 1 1 1 1 1 1 1 1 1 1 1 1
999.999999 9999.99 9.999 99.99 9.999999 9.999 9.999999 9.99 9.999999 9.999 9.999 99.999 9.999 99.999 9.999 999.99 9.999999 999.999 9.999 999.999 9.999 99.999 9.999 9.999 9.999 9.999 9.999
end_time of measurement, days from the file reference point
iron, ng/m3, Revision date=20181210133000
numflag iron, no unit, Revision date=20181210133000
lead, ng/m3, Revision date=20181210133000
numflag lead, no unit, Revision date=20181210133000
magnesium, ug/m3, Revision date=20181210133000
numflag magnesium, no unit, Revision date=20181210133000
nickel, ng/m3, Revision date=20181210133000
numflag nickel, no unit, Revision date=20181210133000
nitrate, ug N/m3, Revision date=20181210133000
numflag nitrate, no unit, Revision date=20181210133000
organic_carbon, ug C/m3, Revision date=20181210133000
numflag organic_carbon, no unit, Revision date=20181210133000
organic_mass, ug/m3, Revision date=20181210133000
numflag organic_mass, no unit, Revision date=20181210133000
phosphorus, ng/m3, Revision date=20181210133000
numflag phosphorus, no unit, Revision date=20181210133000
pm10_mass, ug/m3, Version=2, Version description=Data extracted from http://views.cira.colostate.edu/fed/DataWizard 2019-12-16, Sample duration=1d, Orig. time res.=3d, Matrix=pm10, Blank correction=Blank corrected, Volume std. temperature=ambient, Volume std. pressure=ambient
numflag pm10_mass, no unit, Version=2, Version description=Data extracted from http://views.cira.colostate.edu/fed/DataWizard 2019-12-16, Sample duration=1d, Orig. time res.=3d, Matrix=pm10, Blank correction=Blank corrected, Volume std. temperature=ambient, Volume std. pressure=ambient
pm10_pm25_mass, ug/m3, Revision date=20181210133000, Matrix=pm10_pm25
numflag pm10_pm25_mass, no unit, Revision date=20181210133000, Matrix=pm10_pm25
pm25_mass, ug/m3, Version=2, Version description=Data extracted from http://views.cira.colostate.edu/fed/DataWizard 2019-12-16, Sample duration=1d, Orig. time res.=3d, Blank correction=Blank corrected, Volume std. temperature=ambient, Volume std. pressure=ambient
numflag pm25_mass, no unit, Version=2, Version description=Data extracted from http://views.cira.colostate.edu/fed/DataWizard 2019-12-16, Sample duration=1d, Orig. time res.=3d, Blank correction=Blank corrected, Volume std. temperature=ambient, Volume std. pressure=ambient
potassium, ug/m3, Revision date=20181210133000
numflag potassium, no unit, Revision date=20181210133000
sulphate_total, ug S/m3, Revision date=20181210133000
numflag sulphate_total, no unit, Revision date=20181210133000
0
25
Data definition:              EBAS_1.1
Set type code:                TU
Timezone:                     UTC
File name:                    US0089R.20040101070000.20191216000000.filterpack..pm25.52w.1w.US03L_filterpack_US0089.US03L_IMPROVE_Davis.lev2.nas
File creation:                20191218120126
Startdate:                    20040101070000
Revision date:                20191216000000
Statistics:                   arithmetic mean
Data level:                   2
Period code:                  52w
Resolution code:              1w
Station code:                 US0089R
Platform code:                US0089S
Station name:                 Bridger Wilderness
Station latitude:             42.9749
Station longitude:            -109.7579
Station altitude:             2626.0 m
Regime:                       IMG
Component:                    
Matrix:                       pm25
Laboratory code:              US03L
Instrument type:              filterpack
Instrument name:              filterpack_US0089
Method ref:                   US03L_IMPROVE_Davis
starttime endtime Fe flag_Fe Pb flag_Pb Mg++ flag_Mg++ Ni flag_Ni NO3- flag_NO3- OC flag_OC OM flag_OM P flag_P PM10 flag_PM10 PM10-PM2.5 flag_PM10-PM2.5 PM2.5 flag_PM2.5 K+ flag_K+ SO4-- flag_SO4--
  0.291667   1.291667    3.58 0.000  0.31 0.000000 9.999 0.259000 9.99 0.259000 0.008 0.000  0.180 0.000  0.252 0.000 999.99 0.259000   1.685 0.000   0.719 0.000  0.965 0.000 0.008 0.000 0.101 0.000
  3.291667   4.291667    2.83 0.000 99.99 0.259000 9.999 0.259000 9.99 0.259000 0.034 0.000  0.121 0.000  0.169 0.000 999.99 0.259000   1.185 0.000   0.459 0.000  0.726 0.000 0.003 0.000 0.042 0.000
  6.291667   7.291667    2.92 0.000  0.33 0.000000 9.999 0.259000 0.08 0.000000 0.006 0.000  0.106 0.000  0.148 0.000 999.99 0.259000   2.426 0.000   1.720 0.000  0.707 0.000 0.004 0.000 0.077 0.000
  9.291667  10.291667   12.31 0.000  0.19 0.000000 9.999 0.259000 9.99 0.259000 0.004 0.000  0.113 0.000  0.158 0.000 999.99 0.259000   1.799 0.000   1.184 0.000  0.615 0.000 0.009 0.000 0.036 0.000
 12.291667  13.291667    4.83 0.000  0.21 0.000000 9.999 0.259000 9.99 0.259000 0.002 0.000  0.065 0.000  0.090 0.000 999.99 0.259000   1.228 0.000   0.734 0.000  0.494 0.000 0.006 0.000 0.031 0.000
 15.291667  16.291667    2.74 0.000  0.05 0.000000 9.999 0.259000 0.11 0.000000 0.005 0.000  0.240 0.000  0.336 0.000 999.99 0.259000   1.297 0.000   0.559 0.000  0.738 0.000 0.010 0.000 0.044 0.000
 18.291667  19.291667    1.05 0.000  0.18 0.000000 9.999 0.259000 9.99 0.259000 0.001 0.000  0.051 0.000  0.072 0.000 999.99 0.259000   1.004 0.000   0.660 0.000  0.344 0.000 0.002 0.000 0.029 0.000
 21.291667  22.291667    2.52 0.000  0.12 0.000000 9.999 0.259000 9.99 0.259000 0.002 0.000  0.041 0.000  0.058 0.000 999.99 0.259000   1.381 0.000   0.911 0.000  0.469 0.000 0.003 0.000 0.025 0.000
 24.291667  25.291667    4.04 0.000  0.09 0.000000 9.999 0.259000 9.99 0.259000 0.050 0.000  0.119 0.000  0.166 0.000 999.99 0.259000   1.641 0.000   0.843 0.000  0.799 0.000 0.004 0.000 0.055 0.000
 27.291667  28.291667    2.00 0.000  0.19 0.000000 9.999 0.259000 9.99 0.259000 0.001 0.559  0.035 0.000  0.049 0.000 999.99 0.259000   0.289 0.000 999.999 0.259  0.299 0.000 0.002 0.000 0.053 0.559
 30.291667  31.291667    1.13 0.000  0.13 0.000000 0.025 0.000000 0.06 0.000000 0.042 0.000  0.128 0.000  0.179 0.000 999.99 0.259000   0.767 0.000   0.214 0.000  0.553 0.000 0.002 0.000 0.072 0.000
 33.291667  34.291667    3.47 0.000  0.30 0.000000 9.999 0.259000 0.09 0.000000 0.007 0.000  0.211 0.000  0.296 0.000 999.99 0.259000   1.796 0.000   0.337 0.000  1.459 0.000 0.003 0.000 0.256 0.000
 36.291667  37.291667    3.72 0.000  0.32 0.000000 9.999 0.259000 9.99 0.259000 0.032 0.000  0.273 0.000  0.383 0.000 999.99 0.259000   1.281 0.000   0.383 0.000  0.898 0.000 0.005 0.000 0.111 0.000
 39.291667  40.291667    4.48 0.000  0.20 0.000000 9.999 0.259000 9.99 0.259000 0.019 0.559  0.254 0.000  0.355 0.000 999.99 0.259000   0.579 0.000   0.132 0.000  0.447 0.000 0.002 0.000 0.057 0.559
 42.291667  43.291667    4.09 0.000  0.71 0.000000 9.999 0.259000 9.99 0.259000 0.013 0.000  0.221 0.000  0.310 0.000 999.99 0.259000   1.464 0.000   0.450 0.000  1.014 0.000 0.007 0.000 0.138 0.000
 45.291667  46.291667    2.16 0.000  0.15 0.000000 0.030 0.000000 9.99 0.259000 0.020 0.559  0.190 0.000  0.266 0.000 999.99 0.259000   0.998 0.000   0.288 0.000  0.710 0.000 0.016 0.000 0.092 0.559
 48.291667  49.291667   12.60 0.000  0.33 0.000000 9.999 0.259000 0.09 0.000000 0.027 0.559  0.387 0.000  0.542 0.000 999.99 0.259000   3.041 0.000   1.136 0.000  1.905 0.000 0.011 0.000 0.228 0.559
 51.291667  52.291667    2.40 0.000  0.25 0.000000 9.999 0.259000 9.99 0.259000 0.004 0.000  0.146 0.000  0.205 0.000 999.99 0.259000   0.727 0.000   0.248 0.000  0.479 0.000 0.003 0.000 0.047 0.000
 54.291667  55.291667    2.78 0.000  0.39 0.000000 0.049 0.000000 0.11 0.000000 0.018 0.559  0.309 0.000  0.432 0.000 999.99 0.259000   1.880 0.000   0.479 0.000  1.401 0.000 0.004 0.000 0.184 0.559
 57.291667  58.291667    2.26 0.000  0.29 0.000000 9.999 0.259000 0.09 0.000000 0.008 0.000  0.140 0.000  0.197 0.000 999.99 0.259000   1.081 0.000   0.507 0.000  0.574 0.000 0.003 0.000 0.069 0.000
 60.291667  61.291667    1.73 0.000  0.22 0.000000 9.999 0.259000 0.06 0.000000 0.039 0.000  0.254 0.000  0.356 0.000 999.99 0.259000   1.539 0.000   0.344 0.000  1.194 0.000 0.002 0.000 0.139 0.000
 63.291667  64.291667    6.32 0.000  0.33 0.000000 9.999 0.259000 9.99 0.259000 0.079 0.000  0.264 0.000  0.370 0.000 999.99 0.259000   2.397 0.000   1.103 0.000  1.294 0.000 0.007 0.000 0.163 0.000
 66.291667  67.291667   35.31 0.000  1.90 0.000000 0.024 0.000000 9.99 0.259000 0.031 0.000  0.199 0.000  0.278 0.000 999.99 0.259000   3.968 0.000   1.623 0.000  2.345 0.000 0.031 0.000 0.265 0.000
 69.291667  70.291667   18.43 0.000  0.67 0.000000 9.999 0.259000 9.99 0.259000 0.067 0.000  0.285 0.000  0.400 0.000 999.99 0.259000   2.234 0.000   0.949 0.000  1.285 0.000 0.014 0.000 0.120 0.000
 72.291667  73.291667   23.72 0.000  0.51 0.000000 9.999 0.259000 9.99 0.259000 0.108 0.000  0.421 0.000  0.589 0.000 999.99 0.259000   2.761 0.000   1.056 0.000  1.706 0.000 0.019 0.000 0.119 0.000
 75.291667  76.291667   24.08 0.000  0.48 0.000000 9.999 0.259000 9.99 0.259000 0.072 0.000  0.207 0.000  0.290 0.000 999.99 0.259000   2.785 0.000   1.412 0.000  1.372 0.000 0.018 0.000 0.111 0.000
 78.291667  79.291667   47.42 0.000  1.01 0.000000 9.999 0.259000 9.99 0.259000 0.045 0.000  0.397 0.000  0.556 0.000 999.99 0.259000   9.341 0.000   6.606 0.000  2.735 0.000 0.035 0.000 0.135 0.000
 81.291667  82.291667   23.44 0.000  0.82 0.000000 9.999 0.259000 9.99 0.259000 0.022 0.000  0.417 0.000  0.584 0.000 999.99 0.259000   3.696 0.000   1.883 0.000  1.813 0.000 0.020 0.000 0.124 0.000
 84.291667  85.291667  102.16 0.000  1.55 0.000000 0.064 0.000000 0.06 0.000000 0.070 0.000  0.614 0.000  0.860 0.000 999.99 0.259000  10.803 0.000   6.300 0.000  4.503 0.000 0.071 0.000 0.285 0.000
 87.291667  88.291667    8.69 0.000  0.24 0.000000 0.043 0.000000 9.99 0.259000 0.021 0.000  0.228 0.000  0.319 0.000 999.99 0.259000   1.300 0.000   0.528 0.000  0.772 0.000 0.006 0.000 0.055 0.000
 90.291667  91.291667   79.46 0.000  1.30 0.000000 0.045 0.000000 9.99 0.259000 0.045 0.559  0.580 0.000  0.811 0.000 999.99 0.259000  10.150 0.000   6.226 0.000  3.924 0.000 0.061 0.000 0.249 0.559
 93.291667  94.291667   17.33 0.000  0.53 0.000000 0.030 0.000000 0.06 0.000000 0.066 0.559  0.932 0.000  1.305 0.000 999.99 0.259000   4.955 0.000   1.694 0.000  3.261 0.000 0.021 0.000 0.321 0.559
 96.291667  97.291667   48.15 0.000  0.52 0.000000 0.047 0.000000 9.99 0.259000 0.039 0.000  0.601 0.000  0.841 0.000 999.99 0.259000   5.564 0.000   2.209 0.000  3.355 0.000 0.033 0.000 0.305 0.000
 99.291667 100.291667   22.37 0.000  0.56 0.000000 0.034 0.000000 9.99 0.259000 0.016 0.000  0.324 0.000  0.453 0.000 999.99 0.259000   3.205 0.000   1.484 0.000  1.721 0.000 0.017 0.000 0.188 0.000
102.291667 103.291667   44.64 0.000  0.92 0.000000 9.999 0.259000 9.99 0.259000 0.025 0.000  0.509 0.000  0.713 0.000 999.99 0.259000   4.520 0.000   1.653 0.000  2.867 0.000 0.033 0.000 0.256 0.000
105.291667 106.291667  168.49 0.559  1.69 0.559000 0.101 0.559000 9.99 0.559259 0.094 0.559  0.521 0.000  0.729 0.000 999.99 0.559259  15.944 0.000   9.789 0.000  6.155 0.559 0.115 0.559 0.306 0.559
108.291667 109.291667   27.44 0.000  1.19 0.000000 9.999 0.259000 9.99 0.259000 0.060 0.000  0.292 0.000  0.409 0.000 999.99 0.259000   3.369 0.000   1.334 0.000  2.035 0.000 0.025 0.000 0.234 0.000
111.291667 112.291667   18.31 0.000  0.67 0.000000 9.999 0.259000 9.99 0.259000 0.052 0.000  0.431 0.000  0.604 0.000 999.99 0.259000   2.548 0.000   1.015 0.000  1.533 0.000 0.015 0.000 0.133 0.000
114.291667 115.291667   35.28 0.000  1.36 0.000000 0.029 0.000000 0.07 0.000000 0.059 0.559  0.438 0.000  0.613 0.000 999.99 0.259000   4.274 0.000   1.704 0.000  2.570 0.000 0.029 0.000 0.250 0.559
117.291667 118.291667  139.46 0.000  5.12 0.000000 0.040 0.000000 9.99 0.259000 0.108 0.559  0.567 0.000  0.794 0.000 999.99 0.259000  12.582 0.000   5.912 0.000  6.670 0.000 0.107 0.000 0.667 0.559
120.291667 121.291667   81.45 0.000  1.35 0.000000 9.999 0.259000 9.99 0.259000 0.054 0.559  0.510 0.000  0.715 0.000 999.99 0.259000   9.069 0.000   5.113 0.000  3.955 0.000 0.055 0.000 0.317 0.559
123.291667 124.291667   71.71 0.000  0.75 0.000000 9.999 0.259000 9.99 0.259000 0.064 0.559  1.561 0.000  2.185 0.000 999.99 0.259000   9.150 0.000   4.314 0.000  4.836 0.000 0.044 0.000 0.133 0.559
126.291667 127.291667  246.71 0.559  1.36 0.559000 0.262 0.559000 9.99 0.559259 0.141 0.000  1.284 0.000  1.798 0.000 999.99 0.559259  22.701 0.000  12.733 0.000  9.968 0.559 0.204 0.559 0.304 0.000
129.291667 130.291667  118.17 0.000  1.50 0.000000 0.091 0.000000 0.09 0.000000 0.062 0.000  0.421 0.000  0.590 0.000 999.99 0.259000  10.559 0.000   5.729 0.000  4.830 0.000 0.075 0.000 0.263 0.000
132.291667 133.291667   16.65 0.000  0.35 0.000000 9.999 0.259000 0.08 0.000000 0.071 0.559  0.386 0.000  0.540 0.000 999.99 0.259000   1.767 0.000   0.651 0.000  1.116 0.000 0.012 0.000 0.054 0.559
135.291667 136.291667   39.59 0.000  1.04 0.000000 9.999 0.259000 0.05 0.000000 0.056 0.559  0.595 0.000  0.833 0.000 999.99 0.259000   4.423 0.000   1.572 0.000  2.851 0.000 0.033 0.000 0.268 0.559
138.291667 139.291667   59.89 0.000  1.06 0.000000 9.999 0.259000 0.09 0.000000 0.065 0.559  0.515 0.000  0.721 0.000 999.99 0.259000   7.288 0.000   3.729 0.000  3.559 0.000 0.042 0.000 0.301 0.559
141.291667 142.291667   37.73 0.000  0.82 0.000000 9.999 0.259000 9.99 0.259000 0.054 0.000  0.445 0.000  0.623 0.000 999.99 0.259000   4.520 0.000   2.018 0.000  2.502 0.000 0.027 0.000 0.234 0.000
144.291667 145.291667    8.23 0.000  0.36 0.000000 9.999 0.259000 0.08 0.000000 0.028 0.000  0.209 0.000  0.293 0.000 999.99 0.259000   1.021 0.000   0.461 0.000  0.560 0.000 0.006 0.000 0.070 0.000
147.291667 148.291667   10.83 0.000  0.36 0.000000 9.999 0.259000 0.08 0.000000 0.013 0.000  0.261 0.000  0.365 0.000 999.99 0.259000   1.211 0.000   0.588 0.000  0.623 0.000 0.008 0.000 0.071 0.000
150.291667 151.291667    6.78 0.000  0.33 0.000000 9.999 0.259000 0.14 0.000000 0.023 0.000  0.273 0.000  0.382 0.000 999.99 0.259000   1.373 0.000   0.621 0.000  0.752 0.000 0.006 0.000 0.085 0.000
153.291667 154.291667   27.92 0.000  0.71 0.000000 9.999 0.259000 9.99 0.259000 0.017 0.000  0.575 0.000  0.806 0.000 999.99 0.259000   4.221 0.000   1.973 0.000  2.249 0.000 0.022 0.000 0.173 0.000
156.291667 157.291667   40.37 0.000  0.67 0.000000 9.999 0.259000 0.08 0.000000 0.022 0.000  0.732 0.000  1.025 0.000 999.99 0.259000   5.442 0.000   2.628 0.000  2.814 0.000 0.030 0.000 0.151 0.000
159.291667 160.291667   62.57 0.000  0.55 0.000000 9.999 0.259000 0.08 0.000000 0.043 0.000  0.894 0.000  1.251 0.000 999.99 0.259000  10.879 0.000   6.807 0.000  4.073 0.000 0.062 0.000 0.227 0.000
162.291667 163.291667   15.40 0.000  0.66 0.000000 9.999 0.259000 0.08 0.000000 0.013 0.000  0.745 0.000  1.042 0.000 999.99 0.259000   2.260 0.000   0.847 0.000  1.413 0.000 0.016 0.000 0.126 0.000
165.291667 166.291667   31.53 0.000  0.80 0.000000 9.999 0.259000 0.05 0.000000 0.018 0.000  0.612 0.000  0.857 0.000 999.99 0.259000   4.520 0.000   2.485 0.000  2.035 0.000 0.028 0.000 0.148 0.000
168.291667 169.291667   20.77 0.000  0.39 0.000000 9.999 0.259000 9.99 0.259000 0.033 0.000  0.641 0.000  0.898 0.000 999.99 0.259000   4.467 0.000   2.132 0.000  2.335 0.000 0.039 0.000 0.189 0.000
171.291667 172.291667   18.01 0.000  0.24 0.000000 0.047 0.000000 0.07 0.000000 0.015 0.000  0.657 0.000  0.919 0.000 999.99 0.259000   3.249 0.000   1.086 0.000  2.163 0.000 0.014 0.000 0.131 0.000
174.291667 175.291667   15.63 0.000  0.45 0.000000 9.999 0.259000 0.07 0.000000 0.013 0.000  1.962 0.000  2.746 0.000 999.99 0.259000  11.315 0.000   7.080 0.000  4.235 0.000 0.032 0.000 0.155 0.000
177.291667 178.291667   13.82 0.000  0.42 0.000000 9.999 0.259000 0.09 0.000000 0.012 0.000  1.024 0.000  1.433 0.000 999.99 0.259000   3.939 0.000   1.654 0.000  2.285 0.000 0.017 0.000 0.100 0.000
180.291667 181.291667   20.60 0.000  0.66 0.000000 0.059 0.000000 0.33 0.000000 0.017 0.000  1.158 0.000  1.621 0.000 999.99 0.259000   5.896 0.000   2.468 0.000  3.429 0.000 0.041 0.000 0.271 0.000
183.291667 184.291667   21.77 0.000 99.99 0.259000 9.999 0.259000 9.99 0.259000 0.021 0.000  0.576 0.000  0.806 0.000 999.99 0.259000   5.095 0.000   2.877 0.000  2.218 0.000 0.025 0.000 0.183 0.000
186.291667 187.291667   13.06 0.559  0.37 0.559000 9.999 0.559259 9.99 0.559259 0.013 0.000  0.712 0.000  0.997 0.000 999.99 0.559259   3.123 0.000   1.412 0.000  1.711 0.559 0.022 0.559 0.074 0.000
189.291667 190.291667   18.45 0.559 99.99 0.559259 9.999 0.559259 9.99 0.559259 0.012 0.000  0.935 0.000  1.309 0.000 999.99 0.559259   4.890 0.000   2.575 0.000  2.315 0.559 0.025 0.559 0.085 0.000
192.291667 193.291667   34.38 0.000  0.38 0.000000 0.046 0.000000 9.99 0.259000 0.028 0.000  0.748 0.000  1.047 0.000 999.99 0.259000   6.168 0.000   3.520 0.000  2.649 0.000 0.039 0.000 0.159 0.000
195.291667 196.291667   18.54 0.559  0.39 0.559000 9.999 0.559259 0.09 0.559000 0.012 0.000  0.686 0.000  0.960 0.000 999.99 0.559259   4.861 0.000   2.057 0.000  2.804 0.559 0.020 0.559 0.261 0.000
198.291667 199.291667   18.41 0.000  0.35 0.000000 9.999 0.259000 9.99 0.259000 0.010 0.000  1.371 0.000  1.920 0.000 999.99 0.259000   5.270 0.000   1.797 0.000  3.472 0.000 0.022 0.000 0.179 0.000
201.291667 202.291667   13.53 0.000 99.99 0.259000 9.999 0.259000 0.07 0.000000 0.009 0.000  0.768 0.000  1.075 0.000 999.99 0.259000   3.880 0.000   1.659 0.000  2.221 0.000 0.016 0.000 0.107 0.000
204.291667 205.291667    5.50 0.000  0.37 0.000000 9.999 0.259000 9.99 0.259000 0.019 0.000  0.665 0.000  0.931 0.000 999.99 0.259000   2.507 0.000   0.996 0.000  1.511 0.000 0.027 0.000 0.087 0.000
207.291667 208.291667   20.04 0.000  0.32 0.000000 9.999 0.259000 9.99 0.259000 0.012 0.000  1.087 0.000  1.522 0.000 999.99 0.259000   4.984 0.000   1.953 0.000  3.030 0.000 0.024 0.000 0.157 0.000
210.291667 211.291667   39.33 0.699  0.49 0.699000 9.999 0.699259 9.99 0.699259 0.028 0.000  3.913 0.000  5.478 0.000 999.99 0.699259  11.300 0.000   2.203 0.000  9.097 0.699 0.085 0.699 0.152 0.000
213.291667 214.291667   49.38 0.699  0.46 0.699000 9.999 0.699259 9.99 0.699259 0.050 0.000  2.295 0.000  3.212 0.000 999.99 0.699259  10.108 0.000   3.201 0.000  6.908 0.699 0.103 0.699 0.273 0.000
216.291667 217.291667   27.68 0.559  0.18 0.559000 9.999 0.559259 9.99 0.559259 0.025 0.000  0.594 0.000  0.832 0.000 999.99 0.559259   5.760 0.000   2.718 0.000  3.042 0.559 0.028 0.559 0.302 0.000
219.291667 220.291667   35.63 0.000  0.37 0.000000 9.999 0.259000 0.08 0.000000 0.020 0.000  0.441 0.000  0.617 0.000 999.99 0.259000   5.841 0.000   3.790 0.000  2.052 0.000 0.025 0.000 0.102 0.000
222.291667 223.291667   23.04 0.000  0.31 0.000000 9.999 0.259000 9.99 0.259000 0.014 0.000  0.858 0.000  1.201 0.000 999.99 0.259000   4.912 0.000   2.542 0.000  2.371 0.000 0.021 0.000 0.077 0.000
225.291667 226.291667   30.34 0.000  0.32 0.000000 9.999 0.259000 9.99 0.259000 0.011 0.000  1.554 0.000  2.176 0.000 999.99 0.259000   6.659 0.000   3.123 0.000  3.536 0.000 0.029 0.000 0.137 0.000
228.291667 229.291667   31.18 0.559  0.27 0.559000 9.999 0.559259 9.99 0.559259 0.024 0.000  1.760 0.000  2.464 0.000 999.99 0.559259   7.191 0.000   2.607 0.000  4.584 0.559 0.037 0.559 0.186 0.000
231.291667 232.291667    6.78 0.559 99.99 0.559259 9.999 0.559259 9.99 0.559259 0.008 0.000  1.356 0.000  1.898 0.000 999.99 0.559259   3.575 0.000   0.594 0.000  2.981 0.559 0.019 0.559 0.097 0.000
234.291667 235.291667   18.77 0.000  0.56 0.000000 9.999 0.259000 9.99 0.259000 0.018 0.000  1.435 0.000  2.008 0.000 999.99 0.259000   5.712 0.000   1.757 0.000  3.954 0.000 0.032 0.000 0.155 0.000
237.291667 238.291667    9.70 0.000 99.99 0.259000 9.999 0.259000 9.99 0.259000 0.021 0.000  0.415 0.000  0.581 0.000 999.99 0.259000   2.273 0.000   0.820 0.000  1.454 0.000 0.015 0.000 0.107 0.000
