scripts/IMPROVE-2019_partial/data/US0035R.20090101060000.20191216000000.filterpack...52w.3d.US03L_filterpack_US0035.US03L_IMPROVE_Davis.lev2.nas
51 1001
MISSING INFORMATION
US03L, IMPROVE, , , , , , , 
MISSING INFORMATION
IMPROVE sel_HTAP
1 1
2009 01 01 2019 12 16
3.00
days from file reference point
4
1 1 1 1
999.99 999.999 999.999 9.999
end_time of measurement, days from the file reference point
pm10_mass, ug/m3, Matrix=pm10
pm25_mass, ug/m3, Matrix=pm25
numflag, no unit
0
33
Data definition:              EBAS_1.1
Set type code:                TU
Timezone:                     UTC
File name:                    US0035R.20090101060000.20191216000000.filterpack...52w.3d.US03L_filterpack_US0035.US03L_IMPROVE_Davis.lev2.nas
File creation:                20191218115742
Startdate:                    20090101060000
Revision date:                20191216000000
Version:                      2
Version description:          "Data extracted from http://views.cira.colostate.edu/fed/DataWizard 2019-12-16"
Statistics:                   arithmetic mean
Data level:                   2
Period code:                  52w
Resolution code:              3d
Sample duration:              1d
Orig. time res.:              3d
Station code:                 US0035R
Platform code:                US0035S
Station name:                 Bondville
Station latitude:             40.05
Station longitude:            -88.36667
Station altitude:             213.0 m
Regime:                       IMG
Component:                    
Unit:                         ug/m3
Matrix:                       
Laboratory code:              US03L
Instrument type:              filterpack
Instrument name:              filterpack_US0035
Method ref:                   US03L_IMPROVE_Davis
Blank correction:             Blank corrected
Volume std. temperature:      ambient
Volume std. pressure:         ambient
starttime endtime PM10 PM2.5 flag
  0.25   1.25  10.090   6.914 0.000
  3.25   4.25  11.186   9.667 0.000
  6.25   7.25  20.265  14.022 0.000
  9.25  10.25  16.883  15.250 0.000
 12.25  13.25  15.043  10.196 0.000
 15.25  16.25  10.884   6.505 0.000
 18.25  19.25  17.200  14.717 0.000
 21.25  22.25  26.316  18.220 0.000
 24.25  25.25  10.745   7.965 0.000
 27.25  28.25  22.720  15.591 0.000
 30.25  31.25  15.025  12.534 0.000
 33.25  34.25  13.624   4.942 0.000
 36.25  37.25  19.446  14.761 0.000
 39.25  40.25  25.570  20.941 0.000
 42.25  43.25   7.789   6.129 0.000
 45.25  46.25  12.190  10.912 0.000
 48.25  49.25  12.167  10.304 0.000
 51.25  52.25  16.340  11.842 0.000
 54.25  55.25  17.224  13.106 0.000
 57.25  58.25  10.791   7.719 0.000
 60.25  61.25   6.198   3.762 0.000
 63.25  64.25  19.165  10.889 0.000
 66.25  67.25  12.051   7.025 0.000
 69.25  70.25   7.093   4.854 0.000
 72.25  73.25  17.762  13.342 0.000
 75.25  76.25  19.439  15.480 0.000
 78.25  79.25  12.179   7.121 0.000
 81.25  82.25  23.152  13.599 0.000
 84.25  85.25   8.970   5.552 0.000
 87.25  88.25   4.928   3.987 0.000
 90.25  91.25   9.053   4.014 0.000
 93.25  94.25   8.634   5.758 0.000
 96.25  97.25   5.995   3.403 0.000
 99.25 100.25  12.506   8.739 0.000
102.25 103.25  11.436   8.995 0.000
105.25 106.25  10.908   7.293 0.000
108.25 109.25  12.767  11.354 0.000
111.25 112.25  12.120   4.780 0.000
114.25 115.25  19.312   8.638 0.000
117.25 118.25   9.754   7.301 0.000
120.25 121.25   6.663   3.205 0.000
123.25 124.25  17.150   9.439 0.000
126.25 127.25  14.319   7.995 0.000
129.25 130.25   8.305   4.112 0.000
132.25 133.25  17.917  11.964 0.000
135.25 136.25   8.193   3.423 0.000
138.25 139.25  13.500   7.375 0.000
141.25 142.25  32.765  13.707 0.000
144.25 145.25  22.048  13.380 0.000
147.25 148.25   9.041   4.414 0.000
150.25 151.25  16.857   4.369 0.000
153.25 154.25  14.493  10.320 0.000
156.25 157.25  25.634  10.192 0.000
159.25 160.25  10.061   3.881 0.000
162.25 163.25  17.631  14.449 0.000
165.25 166.25  18.634  14.027 0.000
168.25 169.25  17.683  11.343 0.000
171.25 172.25  11.876   7.969 0.000
174.25 175.25  26.152  12.000 0.000
177.25 178.25  18.150   8.798 0.000
180.25 181.25  14.168   3.732 0.000
183.25 184.25  15.810   5.796 0.000
186.25 187.25  14.288   7.559 0.000
189.25 190.25  19.652  14.602 0.000
192.25 193.25   8.744   4.303 0.000
195.25 196.25  14.033   7.805 0.000
198.25 199.25   8.128   2.540 0.000
201.25 202.25  20.729  14.129 0.000
204.25 205.25  16.921   9.505 0.000
207.25 208.25  12.621   7.181 0.000
210.25 211.25  12.411   5.037 0.000
213.25 214.25   8.195   4.597 0.000
216.25 217.25  13.546   8.115 0.000
219.25 220.25  25.609  17.937 0.000
222.25 223.25  19.497   7.578 0.000
225.25 226.25  24.866  18.043 0.000
228.25 229.25  11.043   6.243 0.000
231.25 232.25   7.948   3.994 0.000
234.25 235.25   6.300   3.274 0.000
237.25 238.25  22.307  15.200 0.000
240.25 241.25   7.811   4.215 0.000
243.25 244.25  11.364   6.147 0.000
246.25 247.25  23.660  14.451 0.000
249.25 250.25  24.324  19.246 0.000
252.25 253.25  21.937  13.733 0.000
255.25 256.25  20.040  11.293 0.000
258.25 259.25  21.810   7.925 0.000
261.25 262.25  16.805   8.244 0.000
264.25 265.25  11.727   7.662 0.000
267.25 268.25  14.734   9.379 0.000
270.25 271.25  38.331   4.789 0.000
273.25 274.25  16.698  10.781 0.000
276.25 277.25   5.026   2.443 0.000
279.25 280.25   7.549   2.734 0.000
282.25 283.25 999.999   2.720 0.000
285.25 286.25  13.130   7.804 0.000
288.25 289.25  10.542   6.811 0.000
291.25 292.25 999.999   5.798 0.000
294.25 295.25  18.610  12.035 0.000
297.25 298.25   7.201   3.809 0.000
300.25 301.25 999.999 999.999 0.999
303.25 304.25   5.013   2.367 0.000
306.25 307.25  16.343   3.631 0.000
309.25 310.25  22.369   7.382 0.000
312.25 313.25  33.482  15.200 0.000
315.25 316.25  17.363   5.585 0.000
318.25 319.25  19.295  12.344 0.000
321.25 322.25 999.999   4.053 0.000
324.25 325.25  16.108  12.243 0.000
327.25 328.25  11.917   8.581 0.000
330.25 331.25  10.483   8.181 0.000
333.25 334.25   7.817   5.121 0.000
336.25 337.25   8.076   4.545 0.000
339.25 340.25  14.995  10.944 0.000
342.25 343.25  14.730   3.813 0.000
345.25 346.25  10.118   7.111 0.000
348.25 349.25  11.508   6.409 0.000
351.25 352.25  23.505  15.359 0.000
354.25 355.25  23.196  20.358 0.000
357.25 358.25  15.322  13.636 0.000
360.25 361.25   9.257   7.197 0.000
363.25 364.25  14.569  12.094 0.000
