scripts/IMPROVE-2019_partial/data/US0035R.20130101060000.20191216000000.filterpack...52w.3d.US03L_filterpack_US0035.US03L_IMPROVE_Davis.lev2.nas
52 1001
MISSING INFORMATION
US03L, IMPROVE, , , , , , , 
MISSING INFORMATION
IMPROVE sel_HTAP
1 1
2013 01 01 2019 12 16
3.00
days from file reference point
5
1 1 1 1 1
999.99 999.999 9.999 999.999 9.999
end_time of measurement, days from the file reference point
pm10_mass, ug/m3, Matrix=pm10
numflag pm10_mass, no unit, Matrix=pm10
pm25_mass, ug/m3, Matrix=pm25
numflag pm25_mass, no unit, Matrix=pm25
0
33
Data definition:              EBAS_1.1
Set type code:                TU
Timezone:                     UTC
File name:                    US0035R.20130101060000.20191216000000.filterpack...52w.3d.US03L_filterpack_US0035.US03L_IMPROVE_Davis.lev2.nas
File creation:                20191218115742
Startdate:                    20130101060000
Revision date:                20191216000000
Version:                      2
Version description:          "Data extracted from http://views.cira.colostate.edu/fed/DataWizard 2019-12-16"
Statistics:                   arithmetic mean
Data level:                   2
Period code:                  52w
Resolution code:              3d
Sample duration:              1d
Orig. time res.:              3d
Station code:                 US0035R
Platform code:                US0035S
Station name:                 Bondville
Station latitude:             40.05
Station longitude:            -88.36667
Station altitude:             213.0 m
Regime:                       IMG
Component:                    
Unit:                         ug/m3
Matrix:                       
Laboratory code:              US03L
Instrument type:              filterpack
Instrument name:              filterpack_US0035
Method ref:                   US03L_IMPROVE_Davis
Blank correction:             Blank corrected
Volume std. temperature:      ambient
Volume std. pressure:         ambient
starttime endtime PM10 flag_PM10 PM2.5 flag_PM2.5
  0.25   1.25  12.954 0.000  10.875 0.000
  3.25   4.25  13.946 0.000  10.751 0.000
  6.25   7.25  19.811 0.000  17.259 0.000
  9.25  10.25   7.097 0.000   5.944 0.000
 12.25  13.25   8.177 0.000   6.290 0.000
 15.25  16.25  18.252 0.000  13.896 0.000
 18.25  19.25   6.479 0.000   4.337 0.000
 21.25  22.25   8.419 0.000   3.993 0.000
 24.25  25.25  18.999 0.000  10.519 0.000
 27.25  28.25  14.788 0.000  12.527 0.000
 30.25  31.25  12.236 0.000   5.545 0.000
 33.25  34.25  12.972 0.000   8.301 0.000
 36.25  37.25  11.887 0.000  10.521 0.000
 39.25  40.25   8.462 0.000   6.955 0.000
 42.25  43.25  14.460 0.000  12.195 0.000
 45.25  46.25   8.528 0.000   5.042 0.000
 48.25  49.25   8.595 0.000   5.920 0.000
 51.25  52.25  11.604 0.000   7.761 0.000
 54.25  55.25  18.085 0.000  14.038 0.000
 57.25  58.25   8.114 0.000   7.897 0.000
 60.25  61.25 999.999 0.999   4.695 0.000
 63.25  64.25 999.999 0.999  17.624 0.000
 66.25  67.25  16.465 0.000  13.343 0.000
 69.25  70.25   8.597 0.000   7.113 0.000
 72.25  73.25   7.911 0.000   5.019 0.000
 75.25  76.25   7.475 0.000   6.437 0.000
 78.25  79.25  10.992 0.000   3.445 0.000
 81.25  82.25  16.692 0.000  11.450 0.000
 84.25  85.25   7.366 0.000   4.952 0.000
 87.25  88.25  18.095 0.000  11.518 0.000
 90.25  91.25   7.152 0.000   3.100 0.000
 93.25  94.25  18.895 0.000   9.441 0.000
 96.25  97.25  15.058 0.000   6.493 0.000
 99.25 100.25  18.821 0.000  11.553 0.000
102.25 103.25   4.822 0.000   3.012 0.000
105.25 106.25   6.297 0.000   4.322 0.000
108.25 109.25   3.355 0.000   1.905 0.000
111.25 112.25   9.675 0.000   6.586 0.000
114.25 115.25   6.587 0.000   3.278 0.000
117.25 118.25   7.180 0.000   6.731 0.000
120.25 121.25  23.246 0.000  14.756 0.000
123.25 124.25   6.318 0.000   3.446 0.000
126.25 127.25  19.891 0.000   7.966 0.000
129.25 130.25  13.169 0.000   6.722 0.000
132.25 133.25  13.227 0.000   4.210 0.000
135.25 136.25  46.692 0.000  10.469 0.000
138.25 139.25  29.578 0.000  18.867 0.000
141.25 142.25   9.928 0.000   4.385 0.000
144.25 145.25   9.359 0.000   4.815 0.000
147.25 148.25  17.061 0.000   8.335 0.000
150.25 151.25   7.553 0.000   3.505 0.000
153.25 154.25   6.000 0.000   2.365 0.000
156.25 157.25 999.999 0.999 999.999 0.999
159.25 160.25  20.727 0.000  12.053 0.000
162.25 163.25 999.999 0.999 999.999 0.999
165.25 166.25 999.999 0.999 999.999 0.999
168.25 169.25  17.715 0.000   7.479 0.000
171.25 172.25  24.068 0.000  14.752 0.000
174.25 175.25  14.531 0.000   9.958 0.000
177.25 178.25 999.999 0.999 999.999 0.999
180.25 181.25 999.999 0.999 999.999 0.999
183.25 184.25 999.999 0.999 999.999 0.999
186.25 187.25  17.818 0.000  13.058 0.000
189.25 190.25  24.500 0.000  12.801 0.000
192.25 193.25  15.036 0.000   8.320 0.000
195.25 196.25  14.334 0.000   8.420 0.000
198.25 199.25  19.038 0.000  12.566 0.000
201.25 202.25  16.123 0.000   8.936 0.000
204.25 205.25  12.227 0.000   2.792 0.000
207.25 208.25  12.367 0.000   3.754 0.000
210.25 211.25  14.790 0.000  10.137 0.000
213.25 214.25  16.560 0.000   9.800 0.000
216.25 217.25  12.491 0.000   8.117 0.000
219.25 220.25  17.159 0.000   8.126 0.000
222.25 223.25  14.026 0.000   7.937 0.000
225.25 226.25  12.648 0.000   4.281 0.000
228.25 229.25  18.524 0.000   8.815 0.000
231.25 232.25  25.940 0.000  16.766 0.000
234.25 235.25  15.155 0.000   8.744 0.000
237.25 238.25  20.094 0.000  14.186 0.000
240.25 241.25  20.993 0.000  12.436 0.000
243.25 244.25  15.358 0.000  10.222 0.000
246.25 247.25  19.547 0.000   7.967 0.000
249.25 250.25  26.347 0.000  15.007 0.000
252.25 253.25  29.736 0.000  18.609 0.000
255.25 256.25  12.327 0.000   3.100 0.000
258.25 259.25  13.789 0.000   7.780 0.000
261.25 262.25  30.628 0.000  18.852 0.000
264.25 265.25   7.973 0.000   3.459 0.000
267.25 268.25  23.489 0.000  10.976 0.000
270.25 271.25  22.061 0.000   9.146 0.000
273.25 274.25  13.395 0.000   8.198 0.000
276.25 277.25  22.532 0.000   7.870 0.000
279.25 280.25  13.287 0.000   2.824 0.000
282.25 283.25  40.605 0.000  10.010 0.000
285.25 286.25  30.953 0.000   4.209 0.000
288.25 289.25   8.681 0.000   1.153 0.000
291.25 292.25   9.091 0.000   2.622 0.000
294.25 295.25  11.441 0.000   3.007 0.000
297.25 298.25  12.730 0.000   2.887 0.000
300.25 301.25  25.093 0.000   6.342 0.000
303.25 304.25   6.016 0.000   3.798 0.000
306.25 307.25   8.916 0.000   5.155 0.000
309.25 310.25   5.680 0.000   3.548 0.000
312.25 313.25   9.344 0.000   3.321 0.000
315.25 316.25   2.790 0.000   2.341 0.000
318.25 319.25  19.387 0.000  11.542 0.000
321.25 322.25   9.711 0.000   5.138 0.000
324.25 325.25  13.459 0.000  10.359 0.000
327.25 328.25   4.078 0.659   2.054 0.000
330.25 331.25  10.601 0.000   2.862 0.000
333.25 334.25  17.490 0.000  12.116 0.000
336.25 337.25  29.242 0.000  24.765 0.000
339.25 340.25  13.193 0.000   5.384 0.000
342.25 343.25  17.725 0.659  13.243 0.000
345.25 346.25  13.910 0.659   5.856 0.000
348.25 349.25  18.083 0.659  14.482 0.000
351.25 352.25   7.525 0.000   3.458 0.000
354.25 355.25   6.308 0.000   5.551 0.000
357.25 358.25   9.234 0.000   4.405 0.000
360.25 361.25  11.155 0.000   8.012 0.000
363.25 364.25  10.825 0.000   7.584 0.000
