scripts/IMPROVE-2019_partial/data/US0098R.20120101080000.20191216000000.filterpack...52w.3d.US03L_filterpack_US0098.US03L_IMPROVE_Davis.lev2.nas
51 1001
MISSING INFORMATION
US03L, IMPROVE, , , , , , , 
MISSING INFORMATION
IMPROVE sel_HTAP
1 1
2012 01 01 2019 12 16
3.000000
days from file reference point
4
1 1 1 1
999.999999 999.999 999.999 9.999
end_time of measurement, days from the file reference point
pm10_mass, ug/m3, Matrix=pm10
pm25_mass, ug/m3, Matrix=pm25
numflag, no unit
0
33
Data definition:              EBAS_1.1
Set type code:                TU
Timezone:                     UTC
File name:                    US0098R.20120101080000.20191216000000.filterpack...52w.3d.US03L_filterpack_US0098.US03L_IMPROVE_Davis.lev2.nas
File creation:                20191218120209
Startdate:                    20120101080000
Revision date:                20191216000000
Version:                      2
Version description:          "Data extracted from http://views.cira.colostate.edu/fed/DataWizard 2019-12-16"
Statistics:                   arithmetic mean
Data level:                   2
Period code:                  52w
Resolution code:              3d
Sample duration:              1d
Orig. time res.:              3d
Station code:                 US0098R
Platform code:                US0098S
Station name:                 Point Reyes National Seashore
Station latitude:             38.1224
Station longitude:            -122.9085
Station altitude:             97.0 m
Regime:                       IMG
Component:                    
Unit:                         ug/m3
Matrix:                       
Laboratory code:              US03L
Instrument type:              filterpack
Instrument name:              filterpack_US0098
Method ref:                   US03L_IMPROVE_Davis
Blank correction:             Blank corrected
Volume std. temperature:      ambient
Volume std. pressure:         ambient
starttime endtime PM10 PM2.5 flag
  0.333333   1.333333  11.198   8.148 0.000
  3.333333   4.333333  14.233   5.433 0.000
  6.333333   7.333333  13.739   4.769 0.000
  9.333333  10.333333  29.859  18.833 0.000
 12.333333  13.333333  12.210   5.750 0.000
 15.333333  16.333333   8.972   1.954 0.000
 18.333333  19.333333 999.999 999.999 0.999
 21.333333  22.333333 999.999 999.999 0.999
 24.333333  25.333333 999.999 999.999 0.999
 27.333333  28.333333 999.999 999.999 0.999
 30.333333  31.333333 999.999 999.999 0.999
 33.333333  34.333333 999.999 999.999 0.999
 36.333333  37.333333 999.999 999.999 0.999
 39.333333  40.333333  13.294   6.090 0.000
 42.333333  43.333333  11.581   3.922 0.000
 45.333333  46.333333  17.300   4.954 0.000
 48.333333  49.333333  20.506   7.800 0.000
 51.333333  52.333333   6.135   2.757 0.000
 54.333333  55.333333  29.817  10.999 0.000
 57.333333  58.333333  16.630   5.853 0.000
 60.333333  61.333333  18.529   5.535 0.000
 63.333333  64.333333   5.461   2.549 0.000
 66.333333  67.333333   9.896   2.729 0.000
 69.333333  70.333333  10.456   3.573 0.000
 72.333333  73.333333   2.923   1.782 0.000
 75.333333  76.333333   6.893   2.255 0.000
 78.333333  79.333333  12.758   2.652 0.000
 81.333333  82.333333   8.215   2.304 0.000
 84.333333  85.333333   4.514   1.411 0.000
 87.333333  88.333333  20.763   8.819 0.000
 90.333333  91.333333  14.703   5.765 0.000
 93.333333  94.333333  15.224   5.376 0.000
 96.333333  97.333333  10.282   2.699 0.000
 99.333333 100.333333  11.441   4.553 0.000
102.333333 103.333333 999.999 999.999 0.999
105.333333 106.333333 999.999 999.999 0.999
108.333333 109.333333  10.424   4.656 0.000
111.333333 112.333333   8.261   3.029 0.000
114.333333 115.333333   4.289   1.887 0.000
117.333333 118.333333  17.097   5.915 0.000
120.333333 121.333333  16.483   7.697 0.000
123.333333 124.333333   2.780   1.404 0.000
126.333333 127.333333  31.983  13.884 0.000
129.333333 130.333333  36.115  18.652 0.000
132.333333 133.333333   9.485   5.655 0.000
135.333333 136.333333   7.314   5.274 0.000
138.333333 139.333333  27.880  15.747 0.000
141.333333 142.333333   1.296   3.771 0.000
144.333333 145.333333  18.311   9.976 0.000
147.333333 148.333333   9.568   5.391 0.000
150.333333 151.333333  15.493   8.190 0.000
153.333333 154.333333   1.666   0.961 0.000
156.333333 157.333333  10.406   4.137 0.000
159.333333 160.333333  18.692   8.693 0.000
162.333333 163.333333  29.575  13.989 0.000
165.333333 166.333333  37.002  18.988 0.000
168.333333 169.333333   9.992   6.460 0.000
171.333333 172.333333  30.514  13.865 0.000
174.333333 175.333333   5.652   2.416 0.000
177.333333 178.333333   8.730   3.221 0.000
180.333333 181.333333   0.973   0.655 0.000
183.333333 184.333333  20.584   9.376 0.000
186.333333 187.333333  14.889   5.888 0.000
189.333333 190.333333   2.626   2.028 0.000
192.333333 193.333333   4.846   3.006 0.000
195.333333 196.333333   5.027   3.414 0.000
198.333333 199.333333   1.530   0.791 0.000
201.333333 202.333333   9.093   3.971 0.000
204.333333 205.333333  19.815   9.757 0.000
207.333333 208.333333   2.243   1.083 0.000
210.333333 211.333333  11.125   6.171 0.000
213.333333 214.333333  13.720   7.135 0.000
216.333333 217.333333   1.792   1.344 0.000
219.333333 220.333333   8.233   3.908 0.000
222.333333 223.333333  11.158   7.044 0.000
225.333333 226.333333   1.753   3.931 0.000
228.333333 229.333333   4.482   3.314 0.000
231.333333 232.333333   2.732   1.650 0.000
234.333333 235.333333   1.833   1.367 0.000
237.333333 238.333333   6.166   3.868 0.000
240.333333 241.333333   9.826   4.399 0.000
243.333333 244.333333  12.807   6.614 0.000
246.333333 247.333333   7.510   4.673 0.000
249.333333 250.333333   8.039   5.535 0.000
252.333333 253.333333  11.082   5.548 0.000
255.333333 256.333333   9.184   6.033 0.000
258.333333 259.333333   2.534   1.867 0.000
261.333333 262.333333   7.382   4.947 0.000
264.333333 265.333333  17.448   9.312 0.000
267.333333 268.333333  10.721   9.468 0.000
270.333333 271.333333   3.646   2.284 0.000
273.333333 274.333333  10.932   4.726 0.000
276.333333 277.333333 999.999 999.999 0.999
279.333333 280.333333  12.071   4.843 0.000
282.333333 283.333333  12.264   4.978 0.000
285.333333 286.333333   7.948   2.390 0.000
288.333333 289.333333   7.671   3.389 0.000
291.333333 292.333333  26.084   7.198 0.000
294.333333 295.333333  21.855   8.580 0.000
297.333333 298.333333   4.447   1.638 0.000
300.333333 301.333333   8.159   3.192 0.000
303.333333 304.333333   0.980   0.418 0.000
306.333333 307.333333  10.025   3.072 0.000
309.333333 310.333333  11.581   5.180 0.000
312.333333 313.333333  10.909   3.193 0.000
315.333333 316.333333   9.838   3.635 0.000
318.333333 319.333333  12.652   6.850 0.000
321.333333 322.333333   6.215   2.291 0.000
324.333333 325.333333   4.542   2.397 0.000
327.333333 328.333333   8.554   3.252 0.000
330.333333 331.333333   5.431   4.219 0.000
333.333333 334.333333  10.340   5.322 0.000
336.333333 337.333333  16.674   5.294 0.000
339.333333 340.333333   2.526   0.974 0.000
342.333333 343.333333   7.389   3.197 0.000
345.333333 346.333333   5.768   2.333 0.000
348.333333 349.333333   6.234   1.943 0.000
351.333333 352.333333  12.039   4.839 0.000
354.333333 355.333333   8.760   3.222 0.000
357.333333 358.333333  11.113   4.079 0.000
360.333333 361.333333  12.855   4.552 0.000
363.333333 364.333333   8.911   3.574 0.000
