scripts/IMPROVE-2019_partial/data/US0031R.20060102100000.20191216000000.filterpack..pm25.52w.1w.US03L_filterpack_US0031.US03L_IMPROVE_Davis.lev2.nas
66 1001
MISSING INFORMATION
US03L, IMPROVE, , , , , , , 
MISSING INFORMATION
IMPROVE sel_HTAP
1 1
2006 01 01 2019 12 16
3.000000
days from file reference point
27
1 1 1 1 1 1 1 1 1 1 1 1 1 1 1 1 1 1 1 1 1 1 1 1 1 1 1
999.999999 9999.99 9.999 99.99 9.999999 9.999 9.999999 9.99 9.999999 9.999 9.999999 9.999 9.999 9.999 9.999 9.99 9.999999 999.999 9.999 999.999 9.999999 999.999 9.999 9.999 9.999 99.999 9.999
end_time of measurement, days from the file reference point
iron, ng/m3, Revision date=20181210133000
numflag iron, no unit, Revision date=20181210133000
lead, ng/m3, Revision date=20181210133000
numflag lead, no unit, Revision date=20181210133000
magnesium, ug/m3, Revision date=20181210133000
numflag magnesium, no unit, Revision date=20181210133000
nickel, ng/m3, Revision date=20181210133000
numflag nickel, no unit, Revision date=20181210133000
nitrate, ug N/m3, Revision date=20181210133000
numflag nitrate, no unit, Revision date=20181210133000
organic_carbon, ug C/m3, Revision date=20181210133000
numflag organic_carbon, no unit, Revision date=20181210133000
organic_mass, ug/m3, Revision date=20181210133000
numflag organic_mass, no unit, Revision date=20181210133000
phosphorus, ng/m3, Revision date=20181210133000
numflag phosphorus, no unit, Revision date=20181210133000
pm10_mass, ug/m3, Version=2, Version description=Data extracted from http://views.cira.colostate.edu/fed/DataWizard 2019-12-16, Sample duration=1d, Orig. time res.=3d, Matrix=pm10, Blank correction=Blank corrected, Volume std. temperature=ambient, Volume std. pressure=ambient
numflag pm10_mass, no unit, Version=2, Version description=Data extracted from http://views.cira.colostate.edu/fed/DataWizard 2019-12-16, Sample duration=1d, Orig. time res.=3d, Matrix=pm10, Blank correction=Blank corrected, Volume std. temperature=ambient, Volume std. pressure=ambient
pm10_pm25_mass, ug/m3, Revision date=20181210133000, Matrix=pm10_pm25
numflag pm10_pm25_mass, no unit, Revision date=20181210133000, Matrix=pm10_pm25
pm25_mass, ug/m3, Version=2, Version description=Data extracted from http://views.cira.colostate.edu/fed/DataWizard 2019-12-16, Sample duration=1d, Orig. time res.=3d, Blank correction=Blank corrected, Volume std. temperature=ambient, Volume std. pressure=ambient
numflag pm25_mass, no unit, Version=2, Version description=Data extracted from http://views.cira.colostate.edu/fed/DataWizard 2019-12-16, Sample duration=1d, Orig. time res.=3d, Blank correction=Blank corrected, Volume std. temperature=ambient, Volume std. pressure=ambient
potassium, ug/m3, Revision date=20181210133000
numflag potassium, no unit, Revision date=20181210133000
sulphate_total, ug S/m3, Revision date=20181210133000
numflag sulphate_total, no unit, Revision date=20181210133000
0
25
Data definition:              EBAS_1.1
Set type code:                TU
Timezone:                     UTC
File name:                    US0031R.20060102100000.20191216000000.filterpack..pm25.52w.1w.US03L_filterpack_US0031.US03L_IMPROVE_Davis.lev2.nas
File creation:                20191218115729
Startdate:                    20060102100000
Revision date:                20191216000000
Statistics:                   arithmetic mean
Data level:                   2
Period code:                  52w
Resolution code:              1w
Station code:                 US0031R
Platform code:                US0031S
Station name:                 Hawaii Volcanoes NP
Station latitude:             19.4309
Station longitude:            -155.2579
Station altitude:             1258.0 m
Regime:                       IMG
Component:                    
Matrix:                       pm25
Laboratory code:              US03L
Instrument type:              filterpack
Instrument name:              filterpack_US0031
Method ref:                   US03L_IMPROVE_Davis
starttime endtime Fe flag_Fe Pb flag_Pb Mg++ flag_Mg++ Ni flag_Ni NO3- flag_NO3- OC flag_OC OM flag_OM P flag_P PM10 flag_PM10 PM10-PM2.5 flag_PM10-PM2.5 PM2.5 flag_PM2.5 K+ flag_K+ SO4-- flag_SO4--
[from data line 79]
238.416667 239.416667   13.98 0.000  0.89 0.000000 0.050 0.000000 0.13 0.000000 0.004 0.559000 0.115 0.000 0.207 0.000 9.99 0.259000  10.318 0.000   1.905 0.000000   8.412 0.000 0.015 0.000  1.548 0.559
241.416667 242.416667    0.67 0.000  0.13 0.000000 0.009 0.000000 0.11 0.000000 0.009 0.559000 9.999 0.259 9.999 0.259 9.99 0.259000   1.175 0.000   0.410 0.000000   0.765 0.000 0.005 0.000  0.064 0.559
244.416667 245.416667    0.80 0.000  0.15 0.000000 9.999 0.259000 9.99 0.259000 0.007 0.559000 9.999 0.259 9.999 0.259 0.34 0.000000   1.253 0.000   0.587 0.000000   0.666 0.000 0.004 0.000  0.050 0.559
247.416667 248.416667    2.57 0.000  0.09 0.000000 9.999 0.259000 0.32 0.000000 0.008 0.559000 0.033 0.000 0.060 0.000 9.99 0.259000   1.290 0.000   0.350 0.000000   0.939 0.000 0.004 0.000  0.173 0.559
250.416667 251.416667    6.59 0.000  0.24 0.000000 0.011 0.000000 0.34 0.000000 0.035 0.559000 9.999 0.259 9.999 0.259 9.99 0.259000   3.322 0.000   1.453 0.000000   1.869 0.000 0.014 0.000  0.283 0.559
253.416667 254.416667    1.48 0.000  0.13 0.000000 0.018 0.000000 9.99 0.259000 0.011 0.559000 0.139 0.000 0.250 0.000 9.99 0.259000   2.195 0.000   1.099 0.000000   1.096 0.000 0.010 0.000  0.094 0.559
256.416667 257.416667    1.54 0.000  0.13 0.000000 9.999 0.259000 0.42 0.000000 0.010 0.559000 0.073 0.000 0.132 0.000 9.99 0.259000   1.774 0.000   0.637 0.000000   1.137 0.000 0.005 0.000  0.165 0.559
259.416667 260.416667    0.97 0.000  0.08 0.000000 0.013 0.000000 0.23 0.000000 0.006 0.559000 9.999 0.259 9.999 0.259 9.99 0.259000   1.695 0.000   0.762 0.000000   0.933 0.000 0.007 0.000  0.097 0.559
262.416667 263.416667    1.37 0.000  0.15 0.000000 0.019 0.000000 9.99 0.259000 0.009 0.559000 0.064 0.000 0.115 0.000 9.99 0.259000   1.906 0.000   0.679 0.000000   1.227 0.000 0.011 0.000  0.115 0.559
265.416667 266.416667    2.24 0.000  0.14 0.000000 9.999 0.259000 0.34 0.000000 0.031 0.559000 0.206 0.000 0.370 0.000 9.99 0.259000   3.190 0.000   1.127 0.000000   2.063 0.000 0.037 0.000  0.196 0.559
268.416667 269.416667    3.13 0.000  0.63 0.000000 0.017 0.000000 9.99 0.259000 0.057 0.559000 0.077 0.000 0.139 0.000 9.99 0.259000   3.029 0.000 999.999 0.259000   3.161 0.000 0.020 0.000  0.865 0.559
271.416667 272.416667   25.68 0.000  0.08 0.000000 9.999 0.259000 9.99 0.259000 0.001 0.559000 0.000 0.000 0.000 0.000 9.99 0.259000   0.605 0.000   0.283 0.000000   0.322 0.000 0.009 0.000  0.038 0.559
274.416667 275.416667    0.57 0.559  0.07 0.559000 9.999 0.559259 9.99 0.559259 0.004 0.559000 0.036 0.000 0.065 0.000 9.99 0.559259   1.370 0.000   0.796 0.559000   0.574 0.659 0.008 0.559  0.048 0.559
277.416667 278.416667    6.10 0.000  3.51 0.000000 9.999 0.259000 9.99 0.259000 9.999 0.559259 0.153 0.000 0.276 0.000 9.99 0.259000   6.059 0.000 999.999 0.259000   7.528 0.000 0.020 0.000  1.300 0.559
280.416667 281.416667    5.17 0.000  0.94 0.000000 0.055 0.000000 9.99 0.259000 0.007 0.559000 0.192 0.000 0.346 0.000 9.99 0.259000   7.337 0.000   0.594 0.000000   6.743 0.000 0.030 0.000  1.346 0.559
283.416667 284.416667    5.46 0.000  2.61 0.000000 9.999 0.259000 0.26 0.000000 0.010 0.559000 0.154 0.000 0.277 0.000 9.99 0.259000  10.800 0.000 999.999 0.259000  13.584 0.000 0.018 0.000  2.401 0.559
286.416667 287.416667    5.31 0.000  0.70 0.000000 0.055 0.000000 9.99 0.259000 0.008 0.559000 0.150 0.000 0.269 0.000 9.99 0.259000   6.652 0.000 999.999 0.259000   7.120 0.000 0.029 0.000  1.374 0.559
289.416667 290.416667    2.89 0.000  1.23 0.000000 9.999 0.259000 0.11 0.000000 0.005 0.559000 0.092 0.000 0.165 0.000 9.99 0.259000   4.310 0.000 999.999 0.259000   4.467 0.000 0.012 0.000  0.802 0.559
292.416667 293.416667    3.10 0.000  1.69 0.000000 9.999 0.259000 9.99 0.259000 0.002 0.559000 9.999 0.259 9.999 0.259 9.99 0.259000   5.841 0.000 999.999 0.259000   7.038 0.000 0.014 0.000  1.222 0.559
295.416667 296.416667    1.02 0.000  0.13 0.000000 0.013 0.000000 0.14 0.000000 0.008 0.559000 9.999 0.259 9.999 0.259 9.99 0.259000   2.387 0.000   0.966 0.000000   1.421 0.000 0.008 0.000  0.121 0.559
298.416667 299.416667    2.12 0.000  0.22 0.000000 0.028 0.000000 0.12 0.000000 0.019 0.559000 0.042 0.000 0.075 0.000 9.99 0.259000   3.676 0.000   1.621 0.000000   2.054 0.000 0.013 0.000  0.126 0.559
301.416667 302.416667    1.34 0.559  0.08 0.559000 9.999 0.559259 0.41 0.559000 0.013 0.559000 0.004 0.000 0.006 0.000 9.99 0.559259   2.459 0.000   0.275 0.559000   2.184 0.659 0.005 0.559  0.348 0.559
304.416667 305.416667    2.45 0.000  0.78 0.000000 9.999 0.259000 0.10 0.000000 0.006 0.559000 0.418 0.000 0.753 0.000 9.99 0.259000   4.118 0.000 999.999 0.259000   4.146 0.000 0.018 0.000  0.671 0.559
307.416667 308.416667    0.47 0.000  0.10 0.000000 9.999 0.259000 9.99 0.259000 0.001 0.559000 0.311 0.000 0.561 0.000 9.99 0.259000   1.127 0.000 999.999 0.259000   1.266 0.000 0.005 0.000  0.124 0.559
310.416667 311.416667    1.52 0.000  0.13 0.000000 9.999 0.259000 0.25 0.000000 0.036 0.559000 0.094 0.000 0.168 0.000 9.99 0.259000   2.583 0.000   0.967 0.000000   1.615 0.000 0.009 0.000  0.405 0.559
313.416667 314.416667    1.02 0.000 99.99 0.259000 9.999 0.259000 9.99 0.259000 0.002 0.559000 0.053 0.000 0.095 0.000 9.99 0.259000   1.089 0.000   0.435 0.000000   0.654 0.000 0.003 0.000  0.034 0.559
316.416667 317.416667    3.76 0.000  2.38 0.000000 0.026 0.000000 0.06 0.000000 0.001 0.559000 0.204 0.000 0.368 0.000 9.99 0.259000   4.760 0.000 999.999 0.259000   6.850 0.000 0.020 0.000  1.089 0.559
319.416667 320.416667    1.70 0.000  0.11 0.000000 9.999 0.259000 0.49 0.000000 0.012 0.559000 0.141 0.000 0.254 0.000 9.99 0.259000   1.938 0.000   0.431 0.000000   1.507 0.000 0.007 0.000  0.215 0.559
322.416667 323.416667    1.56 0.000  0.18 0.000000 9.999 0.259000 0.43 0.000000 0.017 0.559000 0.083 0.000 0.150 0.000 9.99 0.259000   3.316 0.000   0.416 0.000000   2.900 0.000 0.010 0.000  0.552 0.559
325.416667 326.416667    0.56 0.000  0.11 0.000000 9.999 0.259000 0.28 0.000000 0.007 0.559000 0.003 0.000 0.006 0.000 9.99 0.259000   1.130 0.000   0.317 0.000000   0.813 0.000 0.003 0.000  0.131 0.559
328.416667 329.416667   15.11 0.000  7.78 0.000000 0.037 0.000000 0.22 0.000000 0.007 0.000000 0.319 0.000 0.575 0.000 9.99 0.259000  14.100 0.000 999.999 0.259000  18.526 0.000 0.038 0.000  3.375 0.000
331.416667 332.416667    7.16 0.000  4.24 0.000000 0.042 0.000000 0.05 0.000000 0.011 0.559000 0.289 0.000 0.520 0.000 9.99 0.259000  10.320 0.000 999.999 0.259000  12.789 0.000 0.038 0.000  2.498 0.559
334.416667 335.416667    0.15 0.000  0.22 0.000000 9.999 0.259000 9.99 0.259000 0.004 0.559000 0.014 0.000 0.025 0.000 9.99 0.259000   0.727 0.000   0.581 0.000000   0.233 0.000 0.003 0.000  0.041 0.559
337.416667 338.416667    1.77 0.000  0.19 0.000000 0.024 0.000000 0.24 0.000000 0.028 0.559000 0.089 0.000 0.160 0.000 9.99 0.259000   3.606 0.000   1.725 0.000000   1.881 0.000 0.014 0.000  0.208 0.559
340.416667 341.416667    1.31 0.000  0.10 0.000000 9.999 0.259000 0.21 0.000000 0.007 0.559000 9.999 0.259 9.999 0.259 9.99 0.259000   1.213 0.000   0.720 0.000000   0.493 0.000 0.003 0.000  0.055 0.559
343.416667 344.416667    6.47 0.559  0.27 0.559000 0.061 0.559000 9.99 0.559259 0.027 0.559000 0.049 0.000 0.087 0.000 9.99 0.559259   6.475 0.000   3.418 0.559000   3.057 0.659 0.028 0.559  0.198 0.559
346.416667 347.416667    2.03 0.000  0.18 0.000000 0.040 0.000000 9.99 0.259000 0.018 0.000000 0.110 0.000 0.197 0.000 9.99 0.259000   2.881 0.000   1.289 0.000000   1.592 0.000 0.015 0.000  0.079 0.000
349.416667 350.416667    1.21 0.000  0.14 0.000000 0.015 0.000000 9.99 0.259000 0.007 0.000000 0.055 0.000 0.099 0.000 9.99 0.259000   1.378 0.000   0.444 0.000000   0.934 0.000 0.007 0.000  0.072 0.000
352.416667 353.416667    2.91 0.000 99.99 0.259000 0.014 0.000000 0.53 0.000000 0.032 0.000000 0.176 0.000 0.316 0.000 9.99 0.259000   3.001 0.000   1.087 0.000000   1.914 0.000 0.013 0.000  0.319 0.000
355.416667 356.416667    6.95 0.000  6.07 0.000000 9.999 0.259000 0.05 0.000000 0.003 0.000000 0.144 0.000 0.259 0.000 9.99 0.259000  10.757 0.000 999.999 0.259000  15.503 0.000 0.030 0.000  3.014 0.000
358.416667 359.416667    1.23 0.000  0.12 0.000000 9.999 0.259000 0.59 0.000000 0.015 0.000000 0.104 0.000 0.188 0.000 9.99 0.259000   3.146 0.000   0.686 0.000000   2.460 0.000 0.012 0.000  0.514 0.000
361.416667 362.416667    1.83 0.000  0.15 0.000000 9.999 0.259000 0.31 0.000000 0.022 0.000000 0.093 0.000 0.167 0.000 9.99 0.259000   3.815 0.000   0.679 0.000000   3.136 0.000 0.010 0.000  0.638 0.000
364.416667 365.416667    0.59 0.000  0.31 0.000000 9.999 0.259000 0.10 0.000000 0.007 0.559000 0.031 0.000 0.056 0.000 9.99 0.259000   2.197 0.000   1.352 0.000000   0.845 0.000 0.019 0.000  0.079 0.559
