scripts/IMPROVE-2019_partial/data/US0082R.20010101050000.20191216000000.filterpack..pm25.52w.1w.US03L_filterpack_US0082.US03L_IMPROVE_Davis.lev2.nas
66 1001
MISSING INFORMATION
US03L, IMPROVE, , , , , , , 
MISSING INFORMATION
IMPROVE sel_HTAP
1 1
2001 01 01 2019 12 16
3.000000
days from file reference point
27
1 1 1 1 1 1 1 1 1 1 1 1 1 1 1 1 1 1 1 1 1 1 1 1 1 1 1
999.999999 9999.99 9.999 99.99 9.999 9.999 9.999999 99.99 9.999999 9.999 9.999999 99.999 9.999 99.999 9.999 999.99 9.999999 999.999 9.999 999.999 9.999 999.999 9.999 9.999 9.999 99.999 9.999999
end_time of measurement, days from the file reference point
iron, ng/m3, Revision date=20181210133000
numflag iron, no unit, Revision date=20181210133000
lead, ng/m3, Revision date=20181210133000
numflag lead, no unit, Revision date=20181210133000
magnesium, ug/m3, Revision date=20181210133000
numflag magnesium, no unit, Revision date=20181210133000
nickel, ng/m3, Revision date=20181210133000
numflag nickel, no unit, Revision date=20181210133000
nitrate, ug N/m3, Revision date=20181210133000
numflag nitrate, no unit, Revision date=20181210133000
organic_carbon, ug C/m3, Revision date=20181210133000
numflag organic_carbon, no unit, Revision date=20181210133000
organic_mass, ug/m3, Revision date=20181210133000
numflag organic_mass, no unit, Revision date=20181210133000
phosphorus, ng/m3, Revision date=20181210133000
numflag phosphorus, no unit, Revision date=20181210133000
pm10_mass, ug/m3, Version=2, Version description=Data extracted from http://views.cira.colostate.edu/fed/DataWizard 2019-12-16, Sample duration=1d, Orig. time res.=3d, Matrix=pm10, Blank correction=Blank corrected, Volume std. temperature=ambient, Volume std. pressure=ambient
numflag pm10_mass, no unit, Version=2, Version description=Data extracted from http://views.cira.colostate.edu/fed/DataWizard 2019-12-16, Sample duration=1d, Orig. time res.=3d, Matrix=pm10, Blank correction=Blank corrected, Volume std. temperature=ambient, Volume std. pressure=ambient
pm10_pm25_mass, ug/m3, Revision date=20181210133000, Matrix=pm10_pm25
numflag pm10_pm25_mass, no unit, Revision date=20181210133000, Matrix=pm10_pm25
pm25_mass, ug/m3, Version=2, Version description=Data extracted from http://views.cira.colostate.edu/fed/DataWizard 2019-12-16, Sample duration=1d, Orig. time res.=3d, Blank correction=Blank corrected, Volume std. temperature=ambient, Volume std. pressure=ambient
numflag pm25_mass, no unit, Version=2, Version description=Data extracted from http://views.cira.colostate.edu/fed/DataWizard 2019-12-16, Sample duration=1d, Orig. time res.=3d, Blank correction=Blank corrected, Volume std. temperature=ambient, Volume std. pressure=ambient
potassium, ug/m3, Revision date=20181210133000
numflag potassium, no unit, Revision date=20181210133000
sulphate_total, ug S/m3, Revision date=20181210133000
numflag sulphate_total, no unit, Revision date=20181210133000
0
25
Data definition:              EBAS_1.1
Set type code:                TU
Timezone:                     UTC
File name:                    US0082R.20010101050000.20191216000000.filterpack..pm25.52w.1w.US03L_filterpack_US0082.US03L_IMPROVE_Davis.lev2.nas
File creation:                20191218120056
Startdate:                    20010101050000
Revision date:                20191216000000
Statistics:                   arithmetic mean
Data level:                   2
Period code:                  52w
Resolution code:              1w
Station code:                 US0082R
Platform code:                US0082S
Station name:                 Lye Brook Wilderness
Station latitude:             43.1482
Station longitude:            -73.1268
Station altitude:             1015.0 m
Regime:                       IMG
Component:                    
Matrix:                       pm25
Laboratory code:              US03L
Instrument type:              filterpack
Instrument name:              filterpack_US0082
Method ref:                   US03L_IMPROVE_Davis
starttime endtime Fe flag_Fe Pb flag_Pb Mg++ flag_Mg++ Ni flag_Ni NO3- flag_NO3- OC flag_OC OM flag_OM P flag_P PM10 flag_PM10 PM10-PM2.5 flag_PM10-PM2.5 PM2.5 flag_PM2.5 K+ flag_K+ SO4-- flag_SO4--
  0.208333   1.208333    1.34 0.000  1.08 0.000 9.999 0.259000  0.54 0.000000 0.055 0.559000  0.198 0.000  0.277 0.000 999.99 0.259000   1.019 0.000   0.083 0.000   0.936 0.000 0.018 0.000  0.080 0.559000
  3.208333   4.208333   16.06 0.000  2.32 0.000 0.038 0.000000  0.97 0.000000 0.329 0.559000  0.904 0.000  1.265 0.000 999.99 0.259000   7.737 0.000   1.135 0.000   6.602 0.000 0.027 0.000  0.799 0.559000
  6.208333   7.208333    9.69 0.000  2.37 0.000 0.055 0.000000  0.40 0.000000 0.171 0.559000  0.745 0.000  1.043 0.000 999.99 0.259000   5.030 0.000   0.010 0.000   5.020 0.000 0.018 0.000  0.692 0.559000
  9.208333  10.208333    3.86 0.394  2.77 0.394 9.999 0.394259  0.31 0.394000 0.075 0.559394  0.279 0.000  0.391 0.000 999.99 0.394259   2.166 0.000 999.999 0.259   2.174 0.000 0.018 0.394  0.262 0.559394
 12.208333  13.208333   15.93 0.000  0.81 0.000 0.038 0.000000  0.79 0.000000 0.108 0.559000  0.440 0.000  0.616 0.000 999.99 0.259000   2.966 0.000   0.561 0.000   2.405 0.000 0.016 0.000  0.228 0.559000
 15.208333  16.208333    1.16 0.000 99.99 0.259 9.999 0.259000  0.40 0.000000 0.056 0.559000  0.111 0.000  0.155 0.000 999.99 0.259000   1.443 0.000   0.716 0.000   0.727 0.000 0.007 0.000  0.137 0.559000
 18.208333  19.208333    5.19 0.000  1.45 0.000 9.999 0.259000  0.97 0.000000 0.076 0.559000  0.369 0.000  0.516 0.000 999.99 0.259000   2.628 0.000   0.523 0.000   2.104 0.000 0.013 0.000  0.387 0.559000
 21.208333  22.208333   11.66 0.000  1.75 0.000 9.999 0.259000  0.36 0.000000 0.538 0.559000  0.870 0.000  1.217 0.000 999.99 0.259000   8.756 0.000   1.178 0.000   7.579 0.000 0.025 0.000  0.889 0.559000
 24.208333  25.208333   16.31 0.000  2.94 0.000 9.999 0.259000  0.48 0.000000 0.653 0.559000  0.818 0.000  1.146 0.000 999.99 0.259000   9.707 0.000   2.397 0.000   7.310 0.000 0.024 0.000  0.859 0.559000
 27.208333  28.208333   12.13 0.000  2.38 0.000 9.999 0.259000  0.35 0.000000 0.268 0.559000  0.884 0.000  1.237 0.000 999.99 0.259000   5.638 0.000   0.695 0.000   4.943 0.000 0.025 0.000  0.699 0.559000
 30.208333  31.208333    9.28 0.000  0.94 0.000 0.038 0.000000 99.99 0.259000 0.087 0.559000  0.213 0.000  0.299 0.000 999.99 0.259000   2.065 0.000   0.963 0.000   1.101 0.000 0.006 0.000  0.250 0.559000
 33.208333  34.208333    5.11 0.000  2.13 0.000 0.053 0.000000  0.32 0.000000 0.118 0.559000  0.369 0.000  0.516 0.000 999.99 0.259000   2.542 0.000   0.389 0.000   2.153 0.000 0.019 0.000  0.327 0.559000
 36.208333  37.208333    4.29 0.000  1.06 0.000 9.999 0.259000  0.40 0.000000 0.174 0.559000  0.424 0.000  0.593 0.000 999.99 0.259000   4.742 0.000   1.712 0.000   3.030 0.000 0.018 0.000  0.531 0.559000
 39.208333  40.208333   18.25 0.000  1.68 0.000 9.999 0.259000  1.48 0.000000 0.247 0.559000  1.910 0.000  2.674 0.000 999.99 0.259000  10.509 0.000   2.534 0.000   7.976 0.000 0.045 0.000  0.838 0.559000
 42.208333  43.208333  103.75 0.000  1.15 0.000 9.999 0.259000  0.93 0.000000 0.094 0.559000  0.364 0.000  0.509 0.000 999.99 0.259000   5.368 0.000   3.811 0.000   1.556 0.000 0.060 0.000  0.170 0.559000
 45.208333  46.208333   13.93 0.000  1.65 0.000 0.027 0.000000  1.24 0.000000 0.028 0.559000  0.547 0.000  0.765 0.000 999.99 0.259000  10.230 0.000   5.051 0.000   5.179 0.000 0.022 0.000  0.806 0.559000
 48.208333  49.208333    7.24 0.000  1.79 0.000 9.999 0.259000  0.34 0.000000 0.112 0.000000  0.415 0.000  0.581 0.000 999.99 0.259000   5.443 0.000   1.793 0.000   3.650 0.000 0.020 0.000  0.465 0.000000
 51.208333  52.208333   11.35 0.000  0.69 0.000 9.999 0.259000  0.87 0.000000 0.246 0.559000  0.419 0.000  0.586 0.000 999.99 0.259000   6.156 0.000   2.565 0.000   3.591 0.000 0.021 0.000  0.347 0.559000
 54.208333  55.208333    5.95 0.000  2.04 0.000 9.999 0.259000  0.26 0.000000 0.053 0.559000  0.319 0.000  0.446 0.000 999.99 0.259000   3.904 0.000   1.307 0.000   2.597 0.000 0.019 0.000  0.327 0.559000
 57.208333  58.208333    4.53 0.000  0.82 0.000 9.999 0.259000  0.29 0.000000 0.071 0.559000  0.314 0.000  0.440 0.000 999.99 0.259000   4.226 0.000   1.456 0.000   2.770 0.000 0.013 0.000  0.367 0.559000
 60.208333  61.208333   10.04 0.000  1.57 0.000 9.999 0.259000  1.69 0.000000 0.154 0.559000  0.665 0.000  0.932 0.000 999.99 0.259000   6.644 0.000   1.482 0.000   5.162 0.000 0.023 0.000  0.659 0.559000
 63.208333  64.208333 9999.99 0.999 99.99 0.999 9.999 0.999000 99.99 0.999000 9.999 0.999000 99.999 0.999 99.999 0.999 999.99 0.999000 999.999 0.999 999.999 0.999 999.999 0.999 9.999 0.999 99.999 0.999000
 66.208333  67.208333 9999.99 0.999 99.99 0.999 9.999 0.999000 99.99 0.999000 9.999 0.999000 99.999 0.999 99.999 0.999 999.99 0.999000 999.999 0.999 999.999 0.999 999.999 0.999 9.999 0.999 99.999 0.999000
 69.208333  70.208333 9999.99 0.999 99.99 0.999 9.999 0.999000 99.99 0.999000 9.999 0.999000 99.999 0.999 99.999 0.999 999.99 0.999000 999.999 0.999 999.999 0.999 999.999 0.999 9.999 0.999 99.999 0.999000
 72.208333  73.208333   10.37 0.000  1.31 0.000 9.999 0.259000  1.89 0.000000 0.076 0.559000  0.283 0.000  0.396 0.000 999.99 0.259000   2.642 0.000   0.256 0.000   2.386 0.000 0.009 0.000  0.372 0.559000
 75.208333  76.208333   29.88 0.000  1.84 0.000 9.999 0.259000  1.14 0.000000 0.116 0.559000  0.615 0.000  0.861 0.000 999.99 0.259000   4.554 0.000   1.444 0.000   3.110 0.000 0.030 0.000  0.290 0.559000
 78.208333  79.208333   10.96 0.000  1.18 0.000 9.999 0.259000  1.40 0.000000 0.019 0.559000  0.280 0.000  0.392 0.000 999.99 0.259000   2.641 0.000   1.292 0.000   1.349 0.000 0.013 0.000  0.107 0.559000
 81.208333  82.208333    2.52 0.000  1.63 0.000 9.999 0.259000 99.99 0.259000 0.004 0.559000  0.088 0.000  0.123 0.000 999.99 0.259000   1.362 0.000   0.742 0.000   0.621 0.000 0.003 0.000  0.078 0.559000
 84.208333  85.208333   12.67 0.000  1.14 0.000 9.999 0.259000 99.99 0.259000 0.085 0.559000  0.401 0.000  0.561 0.000 999.99 0.259000   5.936 0.000   1.558 0.000   4.378 0.000 0.014 0.000  0.695 0.559000
 87.208333  88.208333   32.36 0.000  3.01 0.000 9.999 0.259000  1.69 0.000000 0.238 0.559000  0.768 0.000  1.075 0.000 999.99 0.259000  10.715 0.000   3.561 0.000   7.154 0.000 0.025 0.000  1.010 0.559000
 90.208333  91.208333    5.51 0.000  1.10 0.000 9.999 0.259000  0.68 0.000000 0.014 0.559000  0.259 0.000  0.362 0.000 999.99 0.259000   6.053 0.000   3.342 0.000   2.711 0.000 0.012 0.000  0.542 0.559000
 93.208333  94.208333 9999.99 0.456 99.99 0.456 9.999 0.456000 99.99 0.456000 0.057 0.559000  0.404 0.000  0.566 0.000 999.99 0.456000   4.382 0.000 999.999 0.999 999.999 0.456 9.999 0.456  0.351 0.559000
 96.208333  97.208333   33.47 0.000  3.36 0.000 0.031 0.000000  1.48 0.000000 0.051 0.559000  0.732 0.000  1.025 0.000 999.99 0.259000   6.796 0.000   1.887 0.000   4.909 0.000 0.043 0.000  0.662 0.559000
 99.208333 100.208333 9999.99 0.999 99.99 0.999 9.999 0.999000 99.99 0.999000 9.999 0.999000 99.999 0.999 99.999 0.999 999.99 0.999000 999.999 0.999 999.999 0.999 999.999 0.999 9.999 0.999 99.999 0.999000
102.208333 103.208333   25.70 0.000  2.65 0.000 9.999 0.259000  1.75 0.000000 0.123 0.000000  0.310 0.000  0.434 0.000 999.99 0.259000   6.834 0.000   0.628 0.000   6.206 0.000 0.024 0.000  0.488 0.000000
105.208333 106.208333   20.42 0.000  2.14 0.000 9.999 0.259000  0.96 0.000000 0.042 0.559000  0.411 0.000  0.575 0.000 999.99 0.259000   5.088 0.000   2.529 0.000   2.558 0.000 0.025 0.000  0.300 0.559000
108.208333 109.208333   28.92 0.000  2.72 0.000 9.999 0.259000  0.69 0.000000 0.042 0.559000  0.427 0.000  0.598 0.000 999.99 0.259000   4.737 0.559   2.233 0.000   2.504 0.000 0.033 0.000  0.340 0.559000
111.208333 112.208333  175.03 0.000  3.08 0.000 9.999 0.259000  0.48 0.000000 0.291 0.559000  1.679 0.000  2.351 0.000 999.99 0.259000  14.708 0.559   4.694 0.000  10.014 0.000 0.113 0.000  1.047 0.559000
114.208333 115.208333   40.67 0.000  2.75 0.000 9.999 0.259000 99.99 0.259000 9.999 0.456000  0.548 0.000  0.768 0.000 999.99 0.259000   5.732 0.000   1.777 0.000   3.955 0.000 0.040 0.000 99.999 0.456000
117.208333 118.208333   47.40 0.000  2.41 0.000 9.999 0.259000  0.65 0.000000 9.999 0.456000  0.521 0.000  0.729 0.000 999.99 0.259000   5.658 0.000   2.678 0.000   2.980 0.000 0.040 0.000 99.999 0.456000
120.208333 121.208333  104.16 0.000  3.09 0.000 9.999 0.259000 99.99 0.259000 9.999 0.456000  1.074 0.000  1.503 0.000 999.99 0.259000  14.272 0.559   6.643 0.000   7.630 0.000 0.081 0.000 99.999 0.456000
123.208333 124.208333  183.43 0.000  4.00 0.000 9.999 0.259000  0.19 0.000000 0.160 0.559000  2.073 0.000  2.902 0.000 999.99 0.259000  37.001 0.559  11.497 0.000  25.504 0.000 0.109 0.000  3.832 0.559000
126.208333 127.208333   41.54 0.000  1.24 0.000 9.999 0.259000  0.55 0.000000 0.027 0.559000  0.503 0.000  0.704 0.000 999.99 0.259000   5.983 0.559   3.807 0.000   2.176 0.000 0.025 0.000  0.167 0.559000
129.208333 130.208333  144.54 0.000  4.29 0.000 9.999 0.259000  0.25 0.000000 0.230 0.559000  1.550 0.000  2.170 0.000 999.99 0.259000  18.728 0.000   8.372 0.000  10.356 0.000 0.099 0.000  1.058 0.559000
132.208333 133.208333   24.84 0.000  1.44 0.000 9.999 0.259000  1.44 0.000000 0.020 0.559000  0.379 0.000  0.531 0.000 999.99 0.259000   3.123 0.000   1.357 0.000   1.767 0.000 0.018 0.000  0.152 0.559000
135.208333 136.208333   24.43 0.000  0.90 0.000 0.016 0.000000  1.16 0.000000 0.038 0.559000  0.244 0.000  0.342 0.000 999.99 0.259000   1.947 0.000   0.075 0.000   1.872 0.000 0.017 0.000  0.197 0.559000
138.208333 139.208333   18.96 0.000  2.48 0.000 9.999 0.259000  3.02 0.000000 0.091 0.559000  0.619 0.000  0.866 0.000 999.99 0.259000   5.873 0.000   1.658 0.000   4.215 0.000 0.014 0.000  0.554 0.559000
141.208333 142.208333    2.61 0.000 99.99 0.259 9.999 0.259000  0.87 0.000000 0.008 0.000000  0.183 0.000  0.257 0.000 999.99 0.259000   0.668 0.000   0.455 0.000   0.214 0.000 0.004 0.000  0.048 0.000000
144.208333 145.208333   42.16 0.000  1.67 0.000 9.999 0.259000  1.19 0.000000 0.056 0.559000  1.199 0.000  1.679 0.000 999.99 0.259000   9.567 0.000   4.299 0.000   5.268 0.000 0.040 0.000  0.441 0.559000
147.208333 148.208333    7.39 0.000  1.76 0.000 9.999 0.259000 99.99 0.259000 0.061 0.000000  0.647 0.000  0.905 0.000 999.99 0.259000   6.723 0.000   0.936 0.000   5.787 0.000 0.014 0.000  0.920 0.000000
150.208333 151.208333   14.69 0.000  0.86 0.000 9.999 0.259000  1.51 0.000000 0.017 0.559000  0.284 0.000  0.397 0.000 999.99 0.259000   3.365 0.559   1.976 0.000   1.389 0.000 0.015 0.000  0.095 0.559000
153.208333 154.208333 9999.99 0.999 99.99 0.999 9.999 0.999000 99.99 0.999000 9.999 0.999000 99.999 0.999 99.999 0.999 999.99 0.999000 999.999 0.999 999.999 0.999 999.999 0.999 9.999 0.999 99.999 0.999000
156.208333 157.208333   13.24 0.000  1.04 0.000 9.999 0.259000  0.31 0.000000 0.034 0.559000  0.528 0.000  0.740 0.000 999.99 0.259000   4.556 0.000   1.844 0.000   2.712 0.000 0.025 0.000  0.225 0.559000
159.208333 160.208333   27.88 0.000  1.91 0.000 9.999 0.259000  0.36 0.000000 0.022 0.559000  0.915 0.000  1.282 0.000 999.99 0.259000   5.879 0.000   2.630 0.000   3.249 0.000 0.031 0.000  0.130 0.559000
162.208333 163.208333   12.36 0.000  1.36 0.000 9.999 0.259000  0.48 0.000000 0.023 0.559000  0.579 0.000  0.810 0.000 999.99 0.259000   6.437 0.000   1.274 0.000   5.163 0.000 0.013 0.000  0.674 0.559000
165.208333 166.208333   63.82 0.000  2.00 0.000 9.999 0.259000  4.05 0.000000 0.051 0.559000  2.478 0.000  3.469 0.000 999.99 0.259000  36.773 0.559   3.259 0.000  33.514 0.000 0.042 0.000  5.955 0.559000
168.208333 169.208333   16.91 0.000  2.11 0.000 9.999 0.259000  0.45 0.000000 0.073 0.559000  2.258 0.000  3.161 0.000 999.99 0.259000  11.763 0.559   2.860 0.000   8.903 0.000 0.039 0.000  0.780 0.559000
171.208333 172.208333   12.68 0.000  0.75 0.000 9.999 0.259000  0.24 0.000000 0.043 0.559000  1.672 0.000  2.340 0.000 999.99 0.259000   7.275 0.000   2.293 0.000   4.982 0.000 0.026 0.000  0.238 0.559000
174.208333 175.208333    3.81 0.000  0.57 0.000 9.999 0.259000  0.24 0.000000 0.031 0.559000  0.249 0.000  0.348 0.000 999.99 0.259000   1.727 0.000   0.549 0.000   1.177 0.000 0.013 0.000  0.076 0.559000
177.208333 178.208333   32.33 0.000  2.65 0.000 9.999 0.259000  0.54 0.000000 0.029 0.000000  2.537 0.000  3.552 0.000 999.99 0.259000  25.610 0.000   4.686 0.000  20.924 0.000 0.029 0.000  3.461 0.000000
180.208333 181.208333   49.90 0.000  2.74 0.000 9.999 0.259000  1.25 0.000000 0.071 0.000000  2.448 0.000  3.427 0.000 999.99 0.259000  33.951 0.000   3.787 0.000  30.164 0.000 0.049 0.000  5.421 0.000000
183.208333 184.208333   17.18 0.000  1.77 0.000 9.999 0.259000  0.74 0.000000 0.039 0.559000  1.000 0.000  1.400 0.000 999.99 0.259000   7.428 0.000   2.172 0.000   5.256 0.000 0.021 0.000  0.559 0.559000
186.208333 187.208333 9999.99 0.999 99.99 0.999 9.999 0.999000 99.99 0.999000 9.999 0.999000 99.999 0.999 99.999 0.999 999.99 0.999000 999.999 0.999 999.999 0.999 999.999 0.999 9.999 0.999 99.999 0.999000
189.208333 190.208333 9999.99 0.999 99.99 0.999 9.999 0.999000 99.99 0.999000 9.999 0.999000 99.999 0.999 99.999 0.999 999.99 0.999000 999.999 0.999 999.999 0.999 999.999 0.999 9.999 0.999 99.999 0.999000
192.208333 193.208333 9999.99 0.999 99.99 0.999 9.999 0.999000 99.99 0.999000 9.999 0.999000 99.999 0.999 99.999 0.999 999.99 0.999000 999.999 0.999 999.999 0.999 999.999 0.999 9.999 0.999 99.999 0.999000
195.208333 196.208333 9999.99 0.999 99.99 0.999 9.999 0.999000 99.99 0.999000 9.999 0.999000 99.999 0.999 99.999 0.999 999.99 0.999000 999.999 0.999 999.999 0.999 999.999 0.999 9.999 0.999 99.999 0.999000
198.208333 199.208333    8.83 0.000  0.89 0.000 9.999 0.259000  0.27 0.000000 0.017 0.559000  1.011 0.000  1.415 0.000 999.99 0.259000   6.143 0.000   1.575 0.000   4.569 0.000 0.017 0.000  0.314 0.559000
201.208333 202.208333   13.96 0.000  1.44 0.000 9.999 0.259000  0.35 0.000000 0.016 0.559000  2.244 0.000  3.142 0.000 999.99 0.259000  10.129 0.000   2.301 0.000   7.828 0.000 0.022 0.000  0.455 0.559000
204.208333 205.208333   42.84 0.000  1.81 0.000 9.999 0.259000  0.93 0.000000 0.037 0.559000  1.895 0.000  2.653 0.000 999.99 0.259000  36.201 0.000   3.005 0.000  33.196 0.000 0.029 0.000  5.600 0.559000
207.208333 208.208333    8.18 0.000  0.42 0.000 9.999 0.259000  0.16 0.000000 0.021 0.000000  0.454 0.000  0.635 0.000 999.99 0.259000   4.262 0.000   2.221 0.000   2.041 0.000 0.013 0.000  0.086 0.000000
210.208333 211.208333   13.84 0.000  1.05 0.000 9.999 0.259000  0.68 0.000000 0.028 0.000000  1.783 0.000  2.496 0.000 999.99 0.259000  10.527 0.000   2.231 0.000   8.296 0.000 0.026 0.000  0.812 0.000000
213.208333 214.208333   37.59 0.000  2.23 0.000 9.999 0.259000  1.66 0.000000 0.038 0.559000  1.857 0.000  2.600 0.000 999.99 0.259000  28.886 0.000   3.332 0.000  25.554 0.000 0.026 0.000  4.245 0.559000
216.208333 217.208333   16.67 0.000  1.07 0.000 9.999 0.259000  0.59 0.000000 0.030 0.000000  2.124 0.000  2.973 0.000 999.99 0.259000  14.954 0.000   2.325 0.000  12.629 0.000 0.028 0.000  1.805 0.000000
219.208333 220.208333 9999.99 0.999 99.99 0.999 9.999 0.999000 99.99 0.999000 9.999 0.999000 99.999 0.999 99.999 0.999 999.99 0.999000 999.999 0.999 999.999 0.999 999.999 0.999 9.999 0.999 99.999 0.999000
222.208333 223.208333 9999.99 0.999 99.99 0.999 9.999 0.999000 99.99 0.999000 9.999 0.999000 99.999 0.999 99.999 0.999 999.99 0.999000 999.999 0.999 999.999 0.999 999.999 0.999 9.999 0.999 99.999 0.999000
225.208333 226.208333 9999.99 0.999 99.99 0.999 9.999 0.999000 99.99 0.999000 9.999 0.999000 99.999 0.999 99.999 0.999 999.99 0.999000 999.999 0.999 999.999 0.999 999.999 0.999 9.999 0.999 99.999 0.999000
228.208333 229.208333   22.02 0.000  1.56 0.000 9.999 0.259000  1.45 0.000000 0.109 0.000000  1.823 0.000  2.552 0.000 999.99 0.259000  16.585 0.000   2.574 0.000  14.012 0.000 0.021 0.000  2.126 0.000000
231.208333 232.208333   25.70 0.000  4.51 0.000 9.999 0.259000  0.96 0.000000 0.033 0.000000  1.389 0.000  1.944 0.000 999.99 0.259000  23.308 0.000   1.333 0.000  21.975 0.000 0.026 0.000  3.695 0.000000
