scripts/IMPROVE-2019_partial/data/US0086R.20060102050000.20191216000000.filterpack..pm25.52w.1w.US03L_filterpack_US0086.US03L_IMPROVE_Davis.lev2.nas
66 1001
MISSING INFORMATION
US03L, IMPROVE, , , , , , , 
MISSING INFORMATION
IMPROVE sel_HTAP
1 1
2006 01 01 2019 12 16
3.000000
days from file reference point
27
1 1 1 1 1 1 1 1 1 1 1 1 1 1 1 1 1 1 1 1 1 1 1 1 1 1 1
999.999999 9.999 9.999999 9999.99 9.999 999.99 9.999 9.999 9.999 9.99 9.999 9.999 9.999 99.999 9.999 99.999 9.999 999.999 9.999 999.999 9.999 999.999 9.999 9.999 9.999 99.999 9.999
end_time of measurement, days from the file reference point
ammonium, ug N/m3, Revision date=20181210133000
numflag ammonium, no unit, Revision date=20181210133000
iron, ng/m3, Revision date=20181210133000
numflag iron, no unit, Revision date=20181210133000
lead, ng/m3, Revision date=20181210133000
numflag lead, no unit, Revision date=20181210133000
magnesium, ug/m3, Revision date=20181210133000
numflag magnesium, no unit, Revision date=20181210133000
nickel, ng/m3, Revision date=20181210133000
numflag nickel, no unit, Revision date=20181210133000
nitrate, ug N/m3, Revision date=20181210133000
numflag nitrate, no unit, Revision date=20181210133000
organic_carbon, ug C/m3, Revision date=20181210133000
numflag organic_carbon, no unit, Revision date=20181210133000
organic_mass, ug/m3, Revision date=20181210133000
numflag organic_mass, no unit, Revision date=20181210133000
pm10_mass, ug/m3, Version=2, Version description=Data extracted from http://views.cira.colostate.edu/fed/DataWizard 2019-12-16, Sample duration=1d, Orig. time res.=3d, Matrix=pm10, Blank correction=Blank corrected, Volume std. temperature=ambient, Volume std. pressure=ambient
numflag pm10_mass, no unit, Version=2, Version description=Data extracted from http://views.cira.colostate.edu/fed/DataWizard 2019-12-16, Sample duration=1d, Orig. time res.=3d, Matrix=pm10, Blank correction=Blank corrected, Volume std. temperature=ambient, Volume std. pressure=ambient
pm10_pm25_mass, ug/m3, Revision date=20181210133000, Matrix=pm10_pm25
numflag pm10_pm25_mass, no unit, Revision date=20181210133000, Matrix=pm10_pm25
pm25_mass, ug/m3, Version=2, Version description=Data extracted from http://views.cira.colostate.edu/fed/DataWizard 2019-12-16, Sample duration=1d, Orig. time res.=3d, Blank correction=Blank corrected, Volume std. temperature=ambient, Volume std. pressure=ambient
numflag pm25_mass, no unit, Version=2, Version description=Data extracted from http://views.cira.colostate.edu/fed/DataWizard 2019-12-16, Sample duration=1d, Orig. time res.=3d, Blank correction=Blank corrected, Volume std. temperature=ambient, Volume std. pressure=ambient
potassium, ug/m3, Revision date=20181210133000
numflag potassium, no unit, Revision date=20181210133000
sulphate_total, ug S/m3, Revision date=20181210133000
numflag sulphate_total, no unit, Revision date=20181210133000
0
25
Data definition:              EBAS_1.1
Set type code:                TU
Timezone:                     UTC
File name:                    US0086R.20060102050000.20191216000000.filterpack..pm25.52w.1w.US03L_filterpack_US0086.US03L_IMPROVE_Davis.lev2.nas
File creation:                20191218120113
Startdate:                    20060102050000
Revision date:                20191216000000
Statistics:                   arithmetic mean
Data level:                   2
Period code:                  52w
Resolution code:              1w
Station code:                 US0086R
Platform code:                US0086S
Station name:                 Dolly Sods Wilderness
Station latitude:             39.1053
Station longitude:            -79.4261
Station altitude:             1182.0 m
Regime:                       IMG
Component:                    
Matrix:                       pm25
Laboratory code:              US03L
Instrument type:              filterpack
Instrument name:              filterpack_US0086
Method ref:                   US03L_IMPROVE_Davis
starttime endtime NH4+ flag_NH4+ Fe flag_Fe Pb flag_Pb Mg++ flag_Mg++ Ni flag_Ni NO3- flag_NO3- OC flag_OC OM flag_OM PM10 flag_PM10 PM10-PM2.5 flag_PM10-PM2.5 PM2.5 flag_PM2.5 K+ flag_K+ SO4-- flag_SO4--
[from data line 84]
253.208333 254.208333 9.999 0.999000   26.61 0.000   2.40 0.000 0.024 0.000 0.28 0.000 0.035 0.000  1.352 0.000  2.434 0.000  22.912 0.000   1.680 0.000  21.232 0.000 0.039 0.000  3.915 0.000
256.208333 257.208333 9.999 0.999000   12.33 0.000   1.46 0.000 9.999 0.259 0.13 0.000 0.034 0.000  0.934 0.000  1.681 0.000  12.167 0.000   0.821 0.000  11.346 0.000 0.022 0.000  2.190 0.000
259.208333 260.208333 9.999 0.999000   10.12 0.000   0.86 0.000 9.999 0.259 9.99 0.259 0.008 0.000  0.878 0.000  1.581 0.000   7.897 0.000   1.359 0.000   6.538 0.000 0.021 0.000  1.127 0.000
262.208333 263.208333 9.999 0.999000   15.98 0.000   0.87 0.000 9.999 0.259 9.99 0.259 0.048 0.000  0.712 0.000  1.282 0.000   7.269 0.000   2.085 0.000   5.184 0.000 0.023 0.000  0.797 0.000
265.208333 266.208333 9.999 0.999000   28.74 0.000   0.65 0.000 9.999 0.259 0.14 0.000 0.015 0.000  0.877 0.000  1.578 0.000   8.062 0.000   1.988 0.000   6.074 0.000 0.030 0.000  0.940 0.000
268.208333 269.208333 9.999 0.999000   20.25 0.000   1.35 0.000 9.999 0.259 9.99 0.259 0.045 0.000  0.862 0.000  1.551 0.000  10.723 0.000   3.402 0.000   7.321 0.000 0.027 0.000  1.047 0.000
271.208333 272.208333 9.999 0.999000   16.43 0.000   1.14 0.000 9.999 0.259 9.99 0.259 0.031 0.000  0.917 0.000  1.650 0.000   4.736 0.000   0.484 0.000   4.252 0.000 0.012 0.000  0.571 0.000
274.208333 275.208333 9.999 0.999000   20.47 0.000   2.35 0.000 9.999 0.259 9.99 0.259 0.038 0.000  1.051 0.000  1.892 0.000   9.723 0.000   3.255 0.000   6.468 0.000 0.026 0.000  0.811 0.000
277.208333 278.208333 9.999 0.999000 9999.99 0.999 999.99 0.999 9.999 0.999 9.99 0.999 9.999 0.999 99.999 0.999 99.999 0.999 999.999 0.999 999.999 0.999 999.999 0.999 9.999 0.999 99.999 0.999
280.208333 281.208333 9.999 0.999000    4.34 0.000   0.35 0.000 9.999 0.259 9.99 0.259 0.037 0.000  0.291 0.000  0.523 0.000   3.890 0.000   1.650 0.000   2.240 0.000 0.014 0.000  0.239 0.000
283.208333 284.208333 9.999 0.999000   16.72 0.000   1.52 0.000 9.999 0.259 9.99 0.259 0.028 0.000  0.888 0.000  1.598 0.000  11.215 0.000   1.589 0.000   9.626 0.000 0.025 0.000  1.478 0.000
286.208333 287.208333 9.999 0.999000   19.12 0.000   1.16 0.000 9.999 0.259 9.99 0.259 0.054 0.000  0.433 0.000  0.780 0.000   8.138 0.000   5.574 0.000   2.565 0.000 0.021 0.000  0.229 0.000
289.208333 290.208333 9.999 0.999000    5.20 0.000   0.46 0.000 9.999 0.259 9.99 0.259 0.014 0.000  0.321 0.000  0.578 0.000   3.465 0.000   0.607 0.000   2.859 0.000 0.012 0.000  0.337 0.000
292.208333 293.208333 9.999 0.999000    6.10 0.000   0.82 0.000 9.999 0.259 9.99 0.259 0.012 0.000  0.394 0.000  0.709 0.000   4.636 0.000   1.044 0.000   3.592 0.000 0.008 0.000  0.578 0.000
295.208333 296.208333 9.999 0.999000    9.41 0.000   1.53 0.000 0.023 0.000 9.99 0.259 0.128 0.000  1.084 0.000  1.952 0.000   7.033 0.000   0.805 0.000   6.228 0.000 0.024 0.000  1.002 0.000
298.208333 299.208333 9.999 0.999000   27.30 0.000   2.27 0.000 0.012 0.000 0.19 0.000 0.035 0.000  1.324 0.000  2.383 0.000   8.755 0.000   2.275 0.000   6.480 0.000 0.030 0.000  0.822 0.000
301.208333 302.208333 9.999 0.999000   24.18 0.000   1.63 0.000 0.009 0.000 0.23 0.000 0.102 0.000  0.780 0.000  1.403 0.000   7.560 0.000   4.191 0.000   3.369 0.000 0.063 0.000  0.202 0.000
304.208333 305.208333 9.999 0.999000    6.88 0.000   0.99 0.000 9.999 0.259 0.09 0.000 0.014 0.000  0.483 0.000  0.869 0.000   5.868 0.000   0.877 0.000   4.991 0.000 0.015 0.000  0.743 0.000
307.208333 308.208333 9.999 0.999000   21.88 0.000  13.70 0.000 9.999 0.259 9.99 0.259 0.304 0.000  1.335 0.000  2.402 0.000  10.110 0.000   3.866 0.000   6.244 0.000 0.029 0.000  0.482 0.000
310.208333 311.208333 9.999 0.999000    5.23 0.000   0.34 0.000 0.009 0.000 0.15 0.000 0.021 0.000  0.702 0.000  1.264 0.000   3.560 0.000   0.761 0.000   2.799 0.000 0.013 0.000  0.233 0.000
313.208333 314.208333 9.999 0.999000   33.73 0.000   1.71 0.000 9.999 0.259 0.15 0.000 0.086 0.000  1.675 0.000  3.015 0.000  14.067 0.000   4.670 0.000   9.397 0.000 0.043 0.000  1.067 0.000
316.208333 317.208333 9.999 0.999000    3.07 0.000   3.80 0.000 9.999 0.259 0.09 0.000 0.008 0.000  0.883 0.000  1.589 0.000   2.619 0.000   0.152 0.000   2.466 0.000 0.015 0.000  0.196 0.000
319.208333 320.208333 9.999 0.999000    4.52 0.000   0.72 0.000 9.999 0.259 0.12 0.000 0.085 0.000  0.775 0.000  1.395 0.000   2.806 0.000   0.710 0.000   2.096 0.000 0.012 0.000  0.284 0.000
322.208333 323.208333 9.999 0.999000   39.90 0.000  22.96 0.000 0.013 0.000 0.37 0.000 0.180 0.000  3.087 0.000  5.556 0.000  11.941 0.000   0.635 0.000  11.306 0.000 0.040 0.000  1.367 0.000
325.208333 326.208333 9.999 0.999000   16.26 0.000   1.04 0.000 9.999 0.259 9.99 0.259 0.039 0.000  0.408 0.000  0.734 0.000   2.952 0.000   1.045 0.000   1.907 0.000 0.016 0.000  0.230 0.000
328.208333 329.208333 9.999 0.999000   13.94 0.000   1.36 0.000 9.999 0.259 9.99 0.259 0.013 0.000  0.799 0.000  1.438 0.000   3.952 0.000   0.840 0.000   3.112 0.000 0.029 0.000  0.338 0.000
331.208333 332.208333 9.999 0.999000   13.02 0.000   1.35 0.000 9.999 0.259 9.99 0.259 0.028 0.000  1.379 0.000  2.483 0.000   6.353 0.000   1.882 0.000   4.470 0.000 0.033 0.000  0.384 0.000
334.208333 335.208333 9.999 0.999000    5.80 0.000   0.56 0.000 0.010 0.000 9.99 0.259 0.034 0.000  0.577 0.000  1.038 0.000   4.983 0.000   1.821 0.000   3.162 0.000 0.013 0.000  0.454 0.000
337.208333 338.208333 9.999 0.999000   17.45 0.000   4.46 0.000 9.999 0.259 9.99 0.259 0.231 0.000  1.465 0.000  2.637 0.000   8.856 0.000   2.915 0.000   5.942 0.000 0.035 0.000  0.586 0.000
340.208333 341.208333 9.999 0.999000   16.64 0.000  11.81 0.000 9.999 0.259 0.08 0.000 0.273 0.000  1.734 0.000  3.121 0.000   9.018 0.000   3.220 0.000   5.798 0.000 0.039 0.000  0.514 0.000
343.208333 344.208333 9.999 0.999000    9.08 0.000   0.96 0.000 9.999 0.259 9.99 0.259 0.073 0.000  0.884 0.000  1.590 0.000   4.020 0.000   1.763 0.000   2.257 0.000 0.022 0.000  0.148 0.000
346.208333 347.208333 9.999 0.999000   20.44 0.000   1.15 0.000 9.999 0.259 0.39 0.000 0.153 0.000  1.783 0.000  3.209 0.000   9.473 0.000   2.472 0.000   7.001 0.000 0.045 0.000  0.760 0.000
349.208333 350.208333 9.999 0.999000   14.35 0.000   1.10 0.000 9.999 0.259 9.99 0.259 0.191 0.000  0.649 0.000  1.168 0.000   4.589 0.000   1.740 0.000   2.849 0.000 0.021 0.000  0.364 0.000
352.208333 353.208333 9.999 0.999000   42.96 0.000  16.41 0.000 9.999 0.259 0.51 0.000 0.208 0.000  1.690 0.000  3.043 0.000   7.867 0.000   1.490 0.000   6.378 0.000 0.038 0.000  0.665 0.000
355.208333 356.208333 9.999 0.999000    2.86 0.000   0.32 0.000 9.999 0.259 9.99 0.259 0.010 0.000  0.373 0.000  0.672 0.000   2.943 0.000   0.374 0.000   2.569 0.000 0.013 0.000  0.396 0.000
358.208333 359.208333 9.999 0.999000    2.71 0.000   0.38 0.000 9.999 0.259 9.99 0.259 0.010 0.000  0.193 0.000  0.347 0.000   1.922 0.000   0.455 0.000   1.467 0.000 0.005 0.000  0.211 0.000
361.208333 362.208333 9.999 0.999000    3.46 0.000   0.28 0.000 0.010 0.000 9.99 0.259 0.015 0.000  0.518 0.000  0.932 0.000   2.130 0.000   0.500 0.000   1.630 0.000 0.015 0.000  0.093 0.000
364.208333 365.208333 9.999 0.999000   10.71 0.000   2.04 0.000 9.999 0.259 0.14 0.000 0.025 0.000  0.912 0.000  1.642 0.000   6.402 0.000   1.110 0.000   5.292 0.000 0.025 0.000  0.728 0.000
