scripts/IMPROVE-2019_partial/data/US0093R.20150103070000.20191216000000.filterpack...7mo.3d.US03L_filterpack_US0093.US03L_IMPROVE_Davis.lev2.nas
51 1001
MISSING INFORMATION
US03L, IMPROVE, , , , , , , 
MISSING INFORMATION
IMPROVE sel_HTAP
1 1
2015 01 01 2019 12 16
3.000000
days from file reference point
4
1 1 1 1
999.999999 999.999 999.999 9.999
end_time of measurement, days from the file reference point
pm10_mass, ug/m3, Matrix=pm10
pm25_mass, ug/m3, Matrix=pm25
numflag, no unit
0
33
Data definition:              EBAS_1.1
Set type code:                TU
Timezone:                     UTC
File name:                    US0093R.20150103070000.20191216000000.filterpack...7mo.3d.US03L_filterpack_US0093.US03L_IMPROVE_Davis.lev2.nas
File creation:                20191218120141
Startdate:                    20150103070000
Revision date:                20191216000000
Version:                      2
Version description:          "Data extracted from http://views.cira.colostate.edu/fed/DataWizard 2019-12-16"
Statistics:                   arithmetic mean
Data level:                   2
Period code:                  7mo
Resolution code:              3d
Sample duration:              1d
Orig. time res.:              3d
Station code:                 US0093R
Platform code:                US0093S
Station name:                 Phoenix Colocated Sampler
Station latitude:             33.5038
Station longitude:            -112.0958
Station altitude:             342.0 m
Regime:                       IMG
Component:                    
Unit:                         ug/m3
Matrix:                       
Laboratory code:              US03L
Instrument type:              filterpack
Instrument name:              filterpack_US0093
Method ref:                   US03L_IMPROVE_Davis
Blank correction:             Blank corrected
Volume std. temperature:      ambient
Volume std. pressure:         ambient
starttime endtime PM10 PM2.5 flag
  2.291667   3.291667  23.783  17.876 0.000
  5.291667   6.291667  26.263  11.514 0.000
  8.291667   9.291667  22.845   8.915 0.000
 11.291667  12.291667  17.477  11.846 0.000
 14.291667  15.291667  12.035   5.716 0.000
 17.291667  18.291667  25.642  14.966 0.000
 20.291667  21.291667  21.045   7.176 0.000
 23.291667  24.291667  20.199   8.317 0.000
 26.291667  27.291667  17.741   7.989 0.000
 29.291667  30.291667   4.665   3.478 0.000
 32.291667  33.291667  20.135  11.732 0.000
 35.291667  36.291667  27.248  11.147 0.000
 38.291667  39.291667  23.881  12.051 0.000
 41.291667  42.291667  17.203   4.609 0.000
 44.291667  45.291667  28.008  10.075 0.000
 47.291667  48.291667  21.855   6.171 0.000
 50.291667  51.291667  38.628  11.301 0.000
 53.291667  54.291667  11.781   3.302 0.000
 56.291667  57.291667  18.688   5.228 0.000
 59.291667  60.291667  12.524   4.364 0.000
 62.291667  63.291667  11.808   4.376 0.000
 65.291667  66.291667  19.506   9.765 0.000
 68.291667  69.291667  28.012   8.462 0.000
 71.291667  72.291667  18.997   5.189 0.000
 74.291667  75.291667  21.516   5.820 0.000
 77.291667  78.291667   9.879   5.084 0.000
 80.291667  81.291667  14.335   6.983 0.000
 83.291667  84.291667  22.751   7.166 0.000
 86.291667  87.291667  22.705   8.226 0.000
 89.291667  90.291667  22.013   8.123 0.000
 92.291667  93.291667  25.821   8.543 0.000
 95.291667  96.291667  24.111   8.188 0.000
 98.291667  99.291667  27.827   8.662 0.000
101.291667 102.291667  24.816   8.233 0.000
104.291667 105.291667  31.120  13.212 0.000
107.291667 108.291667  25.258   6.829 0.000
110.291667 111.291667  22.899   6.020 0.000
113.291667 114.291667  19.305   5.928 0.000
116.291667 117.291667  12.644   4.723 0.000
119.291667 120.291667  19.998   6.647 0.000
122.291667 123.291667  16.255   4.439 0.000
125.291667 126.291667  15.672   5.066 0.000
128.291667 129.291667  11.223   3.972 0.000
131.291667 132.291667  22.238   5.226 0.000
134.291667 135.291667  16.495   5.726 0.000
137.291667 138.291667  14.109   4.591 0.000
140.291667 141.291667  20.192   5.354 0.000
143.291667 144.291667  17.014   5.684 0.000
146.291667 147.291667  24.133   8.706 0.000
149.291667 150.291667  22.714   8.541 0.000
152.291667 153.291667  27.556   8.091 0.000
155.291667 156.291667  11.584   5.915 0.000
158.291667 159.291667  18.437   6.016 0.000
161.291667 162.291667  19.098   8.325 0.000
164.291667 165.291667  14.645   6.769 0.000
167.291667 168.291667  27.960  10.351 0.000
170.291667 171.291667  25.378  11.517 0.000
173.291667 174.291667  25.146   9.321 0.000
176.291667 177.291667  29.102   8.563 0.000
179.291667 180.291667  31.794   9.093 0.000
182.291667 183.291667  16.231   4.496 0.000
185.291667 186.291667  22.697   5.196 0.000
188.291667 189.291667  16.254   4.316 0.000
191.291667 192.291667  16.939   4.933 0.000
194.291667 195.291667  20.057   6.252 0.000
197.291667 198.291667  22.186   7.183 0.000
200.291667 201.291667  13.222   5.968 0.000
203.291667 204.291667  17.539   5.224 0.000
206.291667 207.291667  19.344   5.481 0.000
209.291667 210.291667  19.198   6.748 0.000
