scripts/IMPROVE-2019_partial/data/US0027R.19940101070000.20191216000000.filterpack...1y.3d.US03L_filterpack_US0027.US03L_IMPROVE_Davis.lev2.nas
51 1001
MISSING INFORMATION
US03L, IMPROVE, , , , , , , 
MISSING INFORMATION
IMPROVE sel_HTAP
1 1
1994 01 01 2019 12 16
0
days from file reference point
4
1 1 1 1
999.999999 9999.999 999.999 9.999
end_time of measurement, days from the file reference point
pm10_mass, ug/m3, Matrix=pm10
pm25_mass, ug/m3, Matrix=pm25
numflag, no unit
0
33
Data definition:              EBAS_1.1
Set type code:                TI
Timezone:                     UTC
File name:                    US0027R.19940101070000.20191216000000.filterpack...1y.3d.US03L_filterpack_US0027.US03L_IMPROVE_Davis.lev2.nas
File creation:                20191218115715
Startdate:                    19940101070000
Revision date:                20191216000000
Version:                      2
Version description:          "Data extracted from http://views.cira.colostate.edu/fed/DataWizard 2019-12-16"
Statistics:                   arithmetic mean
Data level:                   2
Period code:                  1y
Resolution code:              3d
Sample duration:              1d
Orig. time res.:              3d
Station code:                 US0027R
Platform code:                US0027S
Station name:                 Great Sand Dunes NM
Station latitude:             37.7249
Station longitude:            -105.5185
Station altitude:             2498.0 m
Regime:                       IMG
Component:                    
Unit:                         ug/m3
Matrix:                       
Laboratory code:              US03L
Instrument type:              filterpack
Instrument name:              filterpack_US0027
Method ref:                   US03L_IMPROVE_Davis
Blank correction:             Blank corrected
Volume std. temperature:      ambient
Volume std. pressure:         ambient
starttime endtime PM10 PM2.5 flag
  0.291667   1.291667    4.167   1.723 0.000
  4.291667   5.291667    5.231   1.678 0.000
  7.291667   8.291667    3.179   1.846 0.000
 11.291667  12.291667    3.868   1.233 0.000
 14.291667  15.291667    3.632   1.367 0.000
 18.291667  19.291667    3.788   1.145 0.000
 21.291667  22.291667    3.687   1.324 0.000
 25.291667  26.291667    3.575   1.216 0.000
 28.291667  29.291667    7.423   4.502 0.000
 32.291667  33.291667    2.956   2.074 0.000
 35.291667  36.291667    4.930   2.748 0.000
 39.291667  40.291667    5.938   1.344 0.000
 42.291667  43.291667    9.732   4.164 0.000
 46.291667  47.291667    6.728   2.133 0.000
 49.291667  50.291667    6.406   1.300 0.000
 53.291667  54.291667    4.426   1.442 0.000
 56.291667  57.291667    3.811   1.571 0.000
 60.291667  61.291667    2.923   1.483 0.000
 63.291667  64.291667    4.038   2.492 0.000
 67.291667  68.291667    2.840 999.999 0.000
 70.291667  71.291667    5.967   2.336 0.000
 74.291667  75.291667    5.913   2.885 0.000
 77.291667  78.291667    4.348   3.205 0.000
 81.291667  82.291667   12.627   3.902 0.000
 84.291667  85.291667    9.009   3.607 0.000
 88.291667  89.291667    8.119   2.255 0.000
 91.291667  92.291667    7.523   2.909 0.000
 95.291667  96.291667    7.039   2.193 0.000
 98.291667  99.291667    4.737   2.193 0.000
102.291667 103.291667   10.211   5.922 0.000
105.291667 106.291667   18.211   5.224 0.000
109.291667 110.291667   21.466   8.754 0.000
112.291667 113.291667  351.875  29.500 0.000
116.291667 117.291667   16.574   2.285 0.000
119.291667 120.291667    9.444   1.770 0.000
123.291667 124.291667   28.291   4.754 0.000
126.291667 127.291667   49.829   8.143 0.000
130.291667 131.291667    8.571   4.695 0.000
133.291667 134.291667    8.516   4.335 0.000
137.291667 138.291667   22.041  11.553 0.000
140.291667 141.291667    9.076   3.028 0.000
144.291667 145.291667    7.111   2.591 0.000
147.291667 148.291667    7.111   4.360 0.000
151.291667 152.291667   13.841   4.202 0.000
154.291667 155.291667   13.019   4.407 0.000
158.291667 159.291667   22.364   5.152 0.000
161.291667 162.291667   23.290   5.697 0.000
165.291667 166.291667   16.767   5.094 0.000
168.291667 169.291667   28.195   5.440 0.000
172.291667 173.291667    6.621   3.723 0.000
175.291667 176.291667    9.793   3.261 0.000
179.291667 180.291667   21.812   6.280 0.000
182.291667 183.291667   28.364   6.738 0.000
186.291667 187.291667   20.516   5.657 0.000
189.291667 190.291667   13.188   3.526 0.000
193.291667 194.291667   26.014   5.089 0.000
196.291667 197.291667   10.945   5.766 0.000
200.291667 201.291667   10.305   6.413 0.000
203.291667 204.291667    6.667   4.679 0.000
207.291667 208.291667    8.308   5.762 0.000
210.291667 211.291667    7.083   4.264 0.000
214.291667 215.291667    5.336   3.971 0.000
217.291667 218.291667    6.140   4.125 0.000
221.291667 222.291667    6.250   3.510 0.000
224.291667 225.291667    5.129   3.304 0.000
228.291667 229.291667    6.962   3.582 0.000
231.291667 232.291667    8.352   5.821 0.000
235.291667 236.291667    9.734   3.907 0.000
238.291667 239.291667    9.556   4.438 0.000
242.291667 243.291667    3.969   2.789 0.000
245.291667 246.291667    2.082   1.484 0.000
249.291667 250.291667    6.522   3.056 0.000
252.291667 253.291667   11.440   3.920 0.000
256.291667 257.291667    6.142   2.602 0.000
259.291667 260.291667   12.879   4.138 0.000
263.291667 264.291667    4.786   3.230 0.000
266.291667 267.291667    7.203   2.037 0.000
270.291667 271.291667   11.860   5.993 0.000
273.291667 274.291667    2.782   1.694 0.000
277.291667 278.291667    6.752   2.746 0.000
280.291667 281.291667    4.357   2.192 0.000
284.291667 285.291667    6.974   3.066 0.000
287.291667 288.291667    3.772   2.148 0.000
291.291667 292.291667    4.412   2.600 0.000
294.291667 295.291667    4.874   2.833 0.000
298.291667 299.291667    7.143   3.799 0.000
301.291667 302.291667    6.776   2.597 0.000
305.291667 306.291667   11.792   2.990 0.000
308.291667 309.291667    2.640   1.993 0.000
312.291667 313.291667    4.449   3.108 0.000
315.291667 316.291667    2.542   1.839 0.000
319.291667 320.291667    4.505   2.679 0.000
322.291667 323.291667    5.455   2.021 0.000
326.291667 327.291667    2.065   1.304 0.000
329.291667 330.291667    3.210   1.481 0.000
333.291667 334.291667    4.960   2.452 0.000
336.291667 337.291667    2.897   1.903 0.000
340.291667 341.291667    2.412   1.258 0.000
343.291667 344.291667    1.167   1.006 0.000
347.291667 348.291667    6.400 999.999 0.000
350.291667 351.291667   12.292   1.543 0.000
354.291667 355.291667    3.882   1.456 0.000
357.291667 358.291667    3.321   1.821 0.000
361.291667 362.291667    2.432   1.366 0.000
364.291667 365.291667    3.817   1.724 0.000
