scripts/IMPROVE-2019_partial/data/US0066R.20030103050000.20191216000000.filterpack..pm25.1y.1w.US03L_filterpack_US0066.US03L_IMPROVE_Davis.lev2.nas
64 1001
MISSING INFORMATION
US03L, IMPROVE, , , , , , , 
MISSING INFORMATION
IMPROVE sel_HTAP
1 1
2003 01 01 2019 12 16
3.000000
days from file reference point
25
1 1 1 1 1 1 1 1 1 1 1 1 1 1 1 1 1 1 1 1 1 1 1 1 1
999.999999 999.99 9.999 99.99 9.999 9.999 9.999999 99.99 9.999 9.999 9.999 99.999 9.999 99.999 9.999 999.999 9.999 999.999 9.999 999.999 9.999 9.999 9.999 99.999 9.999
end_time of measurement, days from the file reference point
iron, ng/m3, Revision date=20181210133000
numflag iron, no unit, Revision date=20181210133000
lead, ng/m3, Revision date=20181210133000
numflag lead, no unit, Revision date=20181210133000
magnesium, ug/m3, Revision date=20181210133000
numflag magnesium, no unit, Revision date=20181210133000
nickel, ng/m3, Revision date=20181210133000
numflag nickel, no unit, Revision date=20181210133000
nitrate, ug N/m3, Revision date=20181210133000
numflag nitrate, no unit, Revision date=20181210133000
organic_carbon, ug C/m3, Revision date=20181210133000
numflag organic_carbon, no unit, Revision date=20181210133000
organic_mass, ug/m3, Revision date=20181210133000
numflag organic_mass, no unit, Revision date=20181210133000
pm10_mass, ug/m3, Version=2, Version description=Data extracted from http://views.cira.colostate.edu/fed/DataWizard 2019-12-16, Sample duration=1d, Orig. time res.=3d, Matrix=pm10, Blank correction=Blank corrected, Volume std. temperature=ambient, Volume std. pressure=ambient
numflag pm10_mass, no unit, Version=2, Version description=Data extracted from http://views.cira.colostate.edu/fed/DataWizard 2019-12-16, Sample duration=1d, Orig. time res.=3d, Matrix=pm10, Blank correction=Blank corrected, Volume std. temperature=ambient, Volume std. pressure=ambient
pm10_pm25_mass, ug/m3, Revision date=20181210133000, Matrix=pm10_pm25
numflag pm10_pm25_mass, no unit, Revision date=20181210133000, Matrix=pm10_pm25
pm25_mass, ug/m3, Version=2, Version description=Data extracted from http://views.cira.colostate.edu/fed/DataWizard 2019-12-16, Sample duration=1d, Orig. time res.=3d, Blank correction=Blank corrected, Volume std. temperature=ambient, Volume std. pressure=ambient
numflag pm25_mass, no unit, Version=2, Version description=Data extracted from http://views.cira.colostate.edu/fed/DataWizard 2019-12-16, Sample duration=1d, Orig. time res.=3d, Blank correction=Blank corrected, Volume std. temperature=ambient, Volume std. pressure=ambient
potassium, ug/m3, Revision date=20181210133000
numflag potassium, no unit, Revision date=20181210133000
sulphate_total, ug S/m3, Revision date=20181210133000
numflag sulphate_total, no unit, Revision date=20181210133000
0
25
Data definition:              EBAS_1.1
Set type code:                TU
Timezone:                     UTC
File name:                    US0066R.20030103050000.20191216000000.filterpack..pm25.1y.1w.US03L_filterpack_US0066.US03L_IMPROVE_Davis.lev2.nas
File creation:                20191218115945
Startdate:                    20030103050000
Revision date:                20191216000000
Statistics:                   arithmetic mean
Data level:                   2
Period code:                  1y
Resolution code:              1w
Station code:                 US0066R
Platform code:                US0066S
Station name:                 Connecticut Hill
Station latitude:             42.4009
Station longitude:            -76.6534
Station altitude:             519.0 m
Regime:                       IMG
Component:                    
Matrix:                       pm25
Laboratory code:              US03L
Instrument type:              filterpack
Instrument name:              filterpack_US0066
Method ref:                   US03L_IMPROVE_Davis
starttime endtime Fe flag_Fe Pb flag_Pb Mg++ flag_Mg++ Ni flag_Ni NO3- flag_NO3- OC flag_OC OM flag_OM PM10 flag_PM10 PM10-PM2.5 flag_PM10-PM2.5 PM2.5 flag_PM2.5 K+ flag_K+ SO4-- flag_SO4--
[from data line 90]
272.208333 273.208333  12.62 0.000  2.01 0.000 0.063 0.000000  0.14 0.000 0.051 0.559  0.661 0.000  0.925 0.000   6.505 0.000   2.104 0.000   4.401 0.000 0.015 0.000  0.588 0.559
275.208333 276.208333  11.59 0.000  1.24 0.000 9.999 0.259000  0.10 0.000 0.073 0.559  0.553 0.000  0.774 0.000   5.079 0.000   2.248 0.000   2.831 0.000 0.012 0.000  0.319 0.559
278.208333 279.208333  11.78 0.000  0.92 0.000 0.032 0.000000 99.99 0.259 0.073 0.559  0.533 0.000  0.746 0.000   4.484 0.000   1.279 0.000   3.205 0.000 0.013 0.000  0.354 0.559
281.208333 282.208333  57.82 0.000  4.53 0.000 0.026 0.000000  0.27 0.000 0.094 0.559  2.328 0.000  3.259 0.000  21.736 0.000   7.937 0.000  13.799 0.000 0.051 0.000  1.634 0.559
284.208333 285.208333  29.51 0.000  3.21 0.000 9.999 0.259000  0.21 0.000 0.082 0.000  1.630 0.000  2.282 0.000  14.362 0.000   3.567 0.000  10.796 0.000 0.049 0.000  1.387 0.000
287.208333 288.208333   4.86 0.000  0.50 0.000 9.999 0.259000  0.10 0.000 0.009 0.000  0.441 0.000  0.617 0.000   4.853 0.000   2.700 0.000   2.153 0.000 0.007 0.000  0.196 0.000
290.208333 291.208333  17.95 0.000  2.10 0.000 9.999 0.259000  0.12 0.000 0.254 0.559  1.061 0.000  1.485 0.000   7.500 0.000   2.741 0.000   4.759 0.000 0.041 0.000  0.401 0.559
293.208333 294.208333  26.97 0.000  2.54 0.000 9.999 0.259000  0.13 0.000 0.195 0.000  1.233 0.000  1.726 0.000  12.480 0.000   3.900 0.000   8.580 0.000 0.039 0.000  1.096 0.000
296.208333 297.208333   7.77 0.000  1.43 0.000 0.032 0.000000  0.13 0.000 0.173 0.559  0.671 0.000  0.940 0.000   4.286 0.000   0.933 0.000   3.353 0.000 0.012 0.000  0.394 0.559
299.208333 300.208333   7.47 0.000  1.09 0.000 0.071 0.000000 99.99 0.259 0.121 0.559  0.610 0.000  0.854 0.000   4.206 0.000   0.553 0.000   3.653 0.000 0.014 0.000  0.445 0.559
302.208333 303.208333  16.93 0.000  1.78 0.000 9.999 0.259000  0.07 0.000 0.171 0.559  0.826 0.000  1.156 0.000   6.550 0.000   2.069 0.000   4.481 0.000 0.016 0.000  0.553 0.559
305.208333 306.208333  19.56 0.000  4.83 0.000 9.999 0.259000  0.10 0.000 0.356 0.559  1.560 0.000  2.184 0.000  16.706 0.000   4.681 0.000  12.025 0.000 0.040 0.000  1.657 0.559
308.208333 309.208333  11.83 0.000  0.88 0.000 0.038 0.000000  0.47 0.000 0.183 0.559  0.982 0.000  1.375 0.000  10.732 0.000   2.796 0.000   7.936 0.000 0.019 0.000  1.051 0.559
311.208333 312.208333   4.32 0.559  0.79 0.559 9.999 0.559259  0.09 0.559 0.089 0.559  0.509 0.000  0.713 0.000   4.035 0.000   1.502 0.000   2.533 0.559 0.018 0.559  0.244 0.559
314.208333 315.208333  21.06 0.000  2.95 0.000 9.999 0.259000  0.43 0.000 0.528 0.559  1.772 0.000  2.480 0.000  11.910 0.000   1.384 0.000  10.526 0.000 0.045 0.000  0.888 0.559
317.208333 318.208333   6.87 0.000  0.54 0.000 9.999 0.259000  0.27 0.000 0.127 0.559  0.434 0.000  0.607 0.000   4.071 0.000   1.192 0.000   2.879 0.000 0.014 0.000  0.240 0.559
320.208333 321.208333  15.30 0.000  7.36 0.000 9.999 0.259000  0.15 0.000 0.842 0.559  2.582 0.000  3.614 0.000  14.405 0.000   0.635 0.000  13.770 0.000 0.059 0.000  1.067 0.559
323.208333 324.208333  12.29 0.000  0.85 0.000 9.999 0.259000  0.15 0.000 0.216 0.559  1.121 0.000  1.569 0.000   5.476 0.000   0.896 0.000   4.580 0.000 0.019 0.000  0.448 0.559
326.208333 327.208333  46.71 0.000  6.68 0.000 9.999 0.259000  0.62 0.000 0.648 0.559  2.894 0.000  4.052 0.000  17.164 0.000   3.125 0.000  14.039 0.000 0.056 0.000  1.386 0.559
329.208333 330.208333  23.13 0.000  2.00 0.000 9.999 0.259000  0.19 0.000 0.228 0.559  1.182 0.000  1.655 0.000   7.857 0.000   1.628 0.000   6.229 0.000 0.038 0.000  0.706 0.559
332.208333 333.208333   5.26 0.000  0.64 0.000 0.057 0.000000  0.16 0.000 0.017 0.559  0.360 0.000  0.504 0.000   2.619 0.000   0.845 0.000   1.774 0.000 0.009 0.000  0.205 0.559
335.208333 336.208333   4.60 0.000  0.69 0.000 0.090 0.000000  0.14 0.000 0.056 0.559  0.315 0.000  0.440 0.000   3.549 0.000   1.757 0.000   1.792 0.000 0.013 0.000  0.208 0.559
338.208333 339.208333  22.55 0.000  2.41 0.000 9.999 0.259000  0.44 0.000 0.765 0.559  1.521 0.000  2.129 0.000  12.891 0.000   2.907 0.000   9.985 0.000 0.051 0.000  0.684 0.559
341.208333 342.208333  12.61 0.000  1.40 0.000 0.046 0.000000  0.11 0.000 0.170 0.559  1.091 0.000  1.527 0.000   5.987 0.000   2.411 0.000   3.576 0.000 0.032 0.000  0.236 0.559
344.208333 345.208333   4.05 0.000  0.59 0.000 9.999 0.259000  0.29 0.000 0.055 0.000  0.411 0.000  0.576 0.000   3.413 0.000   0.544 0.000   2.868 0.000 0.008 0.000  0.477 0.000
347.208333 348.208333   8.13 0.000  3.48 0.000 9.999 0.259000  0.92 0.000 0.075 0.559  0.971 0.000  1.359 0.000   4.175 0.000   0.747 0.000   3.428 0.000 0.028 0.000  0.260 0.559
350.208333 351.208333  19.43 0.000  2.02 0.000 9.999 0.259000  0.35 0.000 0.347 0.000  1.341 0.000  1.878 0.000   8.022 0.000   0.198 0.000   7.824 0.000 0.033 0.000  0.742 0.000
353.208333 354.208333   5.70 0.000  0.93 0.000 9.999 0.259000  0.22 0.000 0.160 0.559  0.650 0.000  0.911 0.000   4.829 0.000   0.418 0.000   4.411 0.000 0.027 0.000  0.493 0.559
356.208333 357.208333  31.17 0.000  2.49 0.000 9.999 0.259000  0.34 0.000 0.174 0.559  1.891 0.000  2.647 0.000  11.709 0.000   2.132 0.000   9.578 0.000 0.066 0.000  1.168 0.559
359.208333 360.208333   9.31 0.000  0.61 0.000 9.999 0.259000  0.14 0.000 0.120 0.559  0.524 0.000  0.733 0.000   4.310 0.000   0.749 0.000   3.561 0.000 0.016 0.000  0.450 0.559
362.208333 363.208333  28.08 0.000  3.52 0.000 9.999 0.259000  0.20 0.000 0.213 0.000  1.812 0.000  2.537 0.000   9.206 0.000   2.262 0.000   6.944 0.000 0.058 0.000  0.581 0.000
