scripts/IMPROVE-2019_partial/data/US0020R.19980103080000.20191216000000.filterpack...1y.3d.US03L_filterpack_US0020.US03L_IMPROVE_Davis.lev2.nas
51 1001
MISSING INFORMATION
US03L, IMPROVE, , , , , , , 
MISSING INFORMATION
IMPROVE sel_HTAP
1 1
1998 01 01 2019 12 16
0
days from file reference point
4
1 1 1 1
999.999999 999.999 99.999 9.999
end_time of measurement, days from the file reference point
pm10_mass, ug/m3, Matrix=pm10
pm25_mass, ug/m3, Matrix=pm25
numflag, no unit
0
33
Data definition:              EBAS_1.1
Set type code:                TI
Timezone:                     UTC
File name:                    US0020R.19980103080000.20191216000000.filterpack...1y.3d.US03L_filterpack_US0020.US03L_IMPROVE_Davis.lev2.nas
File creation:                20191218115644
Startdate:                    19980103080000
Revision date:                20191216000000
Version:                      2
Version description:          "Data extracted from http://views.cira.colostate.edu/fed/DataWizard 2019-12-16"
Statistics:                   arithmetic mean
Data level:                   2
Period code:                  1y
Resolution code:              3d
Sample duration:              1d
Orig. time res.:              3d
Station code:                 US0020R
Platform code:                US0020S
Station name:                 Death Valley NP
Station latitude:             36.5089
Station longitude:            -116.8478
Station altitude:             130.0 m
Regime:                       IMG
Component:                    
Unit:                         ug/m3
Matrix:                       
Laboratory code:              US03L
Instrument type:              filterpack
Instrument name:              filterpack_US0020
Method ref:                   US03L_IMPROVE_Davis
Blank correction:             Blank corrected
Volume std. temperature:      ambient
Volume std. pressure:         ambient
starttime endtime PM10 PM2.5 flag
  2.333333   3.333333   4.506  2.716 0.000
  6.333333   7.333333   4.643  1.296 0.000
  9.333333  10.333333   5.614  1.502 0.000
 13.333333  14.333333   5.612  1.910 0.000
 16.333333  17.333333   7.151  1.891 0.000
 20.333333  21.333333   1.454  0.830 0.000
 23.333333  24.333333  16.741  1.291 0.000
 27.333333  28.333333   7.394  2.149 0.000
 30.333333  31.333333  11.504  0.868 0.000
 34.333333  35.333333   3.554  0.744 0.000
 37.333333  38.333333   2.008  1.984 0.000
 41.333333  42.333333   1.644  0.778 0.000
 44.333333  45.333333   2.703  1.495 0.000
 48.333333  49.333333  10.045  1.095 0.000
 51.333333  52.333333   4.943  1.308 0.000
 55.333333  56.333333   3.957  1.383 0.000
 58.333333  59.333333   4.754  1.265 0.000
 62.333333  63.333333  20.997  5.247 0.000
 65.333333  66.333333  28.191  1.581 0.000
 69.333333  70.333333   6.087  0.883 0.000
 72.333333  73.333333  13.113  2.478 0.000
 76.333333  77.333333   8.200 99.999 0.000
 79.333333  80.333333  10.668  4.223 0.000
 83.333333  84.333333  10.333  1.502 0.000
 86.333333  87.333333   8.073  0.997 0.000
 90.333333  91.333333   6.862  0.848 0.000
 93.333333  94.333333   5.952  2.093 0.000
 97.333333  98.333333   6.653  1.839 0.000
100.333333 101.333333   9.969  3.440 0.000
104.333333 105.333333   6.693  3.139 0.000
107.333333 108.333333   9.517  2.899 0.000
111.333333 112.333333  19.436  8.697 0.000
114.333333 115.333333  16.317  3.440 0.000
118.333333 119.333333  18.270  7.407 0.000
121.333333 122.333333  13.429  4.271 0.000
125.333333 126.333333   3.535  1.152 0.000
128.333333 129.333333  13.242  6.944 0.000
132.333333 133.333333 999.999 99.999 0.999
135.333333 136.333333 999.999 99.999 0.999
139.333333 140.333333  12.879  5.339 0.000
142.333333 143.333333  12.724  4.034 0.000
146.333333 147.333333  12.100  3.522 0.000
149.333333 150.333333  15.226  2.633 0.000
153.333333 154.333333  18.855  5.048 0.000
156.333333 157.333333  20.178  5.530 0.000
160.333333 161.333333   6.220  2.517 0.000
163.333333 164.333333   8.066  3.392 0.000
167.333333 168.333333  10.268  1.465 0.000
170.333333 171.333333  26.162  9.446 0.000
174.333333 175.333333  23.401  9.227 0.000
177.333333 178.333333  19.194  6.744 0.000
181.333333 182.333333  21.591  6.464 0.000
184.333333 185.333333  16.062  5.314 0.000
188.333333 189.333333  18.962  7.393 0.000
191.333333 192.333333  15.039  4.717 0.000
195.333333 196.333333  23.586  7.008 0.000
198.333333 199.333333  21.712  7.550 0.000
202.333333 203.333333  12.398  7.197 0.000
205.333333 206.333333  13.540  5.543 0.000
209.333333 210.333333  20.497  4.933 0.000
212.333333 213.333333  19.655  6.536 0.000
216.333333 217.333333  10.830  3.021 0.000
219.333333 220.333333  16.817  5.619 0.000
223.333333 224.333333  13.550  4.009 0.000
226.333333 227.333333  18.924  6.753 0.000
230.333333 231.333333  12.793  4.334 0.000
233.333333 234.333333   9.458  2.560 0.000
237.333333 238.333333  16.077  5.327 0.000
240.333333 241.333333  24.284  6.212 0.000
244.333333 245.333333   8.916  2.283 0.000
247.333333 248.333333   9.538  6.152 0.000
251.333333 252.333333 999.999 99.999 0.999
254.333333 255.333333   5.823  2.841 0.000
258.333333 259.333333  10.853  4.451 0.000
261.333333 262.333333  13.156  4.224 0.000
265.333333 266.333333  17.340  6.723 0.000
268.333333 269.333333  19.598  6.944 0.000
272.333333 273.333333   9.317  2.790 0.000
275.333333 276.333333  19.132  7.007 0.000
279.333333 280.333333   8.387  2.542 0.000
282.333333 283.333333  19.342  6.350 0.000
286.333333 287.333333  16.630  5.970 0.000
289.333333 290.333333   4.861  1.536 0.000
293.333333 294.333333  12.845  4.693 0.000
296.333333 297.333333  12.957  3.879 0.000
300.333333 301.333333   6.054  2.690 0.000
303.333333 304.333333   4.934  2.367 0.000
307.333333 308.333333   5.421  2.006 0.000
310.333333 311.333333  12.187  4.640 0.000
314.333333 315.333333   5.197  2.002 0.000
317.333333 318.333333   8.416 99.999 0.000
321.333333 322.333333   4.452 99.999 0.000
324.333333 325.333333   7.767  2.118 0.000
328.333333 329.333333   8.903  3.566 0.000
331.333333 332.333333  11.193  4.661 0.000
335.333333 336.333333   7.751  2.491 0.000
338.333333 339.333333   3.219  0.934 0.000
342.333333 343.333333  11.619  1.659 0.000
345.333333 346.333333   7.305  0.738 0.000
349.333333 350.333333   9.214  1.581 0.000
352.333333 353.333333  33.088  6.374 0.000
356.333333 357.333333   5.492  1.557 0.000
359.333333 360.333333   5.427  1.502 0.000
363.333333 364.333333   7.479  2.090 0.000
