scripts/IMPROVE-2019_partial/data/US0048R.20040101060000.20191216000000.filterpack..pm25.52w.1w.US03L_filterpack_US0048.US03L_IMPROVE_Davis.lev2.nas
66 1001
MISSING INFORMATION
US03L, IMPROVE, , , , , , , 
MISSING INFORMATION
IMPROVE sel_HTAP
1 1
2004 01 01 2019 12 16
3.00
days from file reference point
27
1 1 1 1 1 1 1 1 1 1 1 1 1 1 1 1 1 1 1 1 1 1 1 1 1 1 1
999.99 9999.99 9.999 99.99 9.999999 9.999 9.999999 99.99 9.999999 99.999 9.999 99.999 9.999 999.999 9.999 999.99 9.999999 999.999 9.999 999.999 9.999 999.999 9.999 9.999 9.999 99.999 9.999
end_time of measurement, days from the file reference point
iron, ng/m3, Revision date=20181210133000
numflag iron, no unit, Revision date=20181210133000
lead, ng/m3, Revision date=20181210133000
numflag lead, no unit, Revision date=20181210133000
magnesium, ug/m3, Revision date=20181210133000
numflag magnesium, no unit, Revision date=20181210133000
nickel, ng/m3, Revision date=20181210133000
numflag nickel, no unit, Revision date=20181210133000
nitrate, ug N/m3, Revision date=20181210133000
numflag nitrate, no unit, Revision date=20181210133000
organic_carbon, ug C/m3, Revision date=20181210133000
numflag organic_carbon, no unit, Revision date=20181210133000
organic_mass, ug/m3, Revision date=20181210133000
numflag organic_mass, no unit, Revision date=20181210133000
phosphorus, ng/m3, Revision date=20181210133000
numflag phosphorus, no unit, Revision date=20181210133000
pm10_mass, ug/m3, Version=2, Version description=Data extracted from http://views.cira.colostate.edu/fed/DataWizard 2019-12-16, Sample duration=1d, Orig. time res.=3d, Matrix=pm10, Blank correction=Blank corrected, Volume std. temperature=ambient, Volume std. pressure=ambient
numflag pm10_mass, no unit, Version=2, Version description=Data extracted from http://views.cira.colostate.edu/fed/DataWizard 2019-12-16, Sample duration=1d, Orig. time res.=3d, Matrix=pm10, Blank correction=Blank corrected, Volume std. temperature=ambient, Volume std. pressure=ambient
pm10_pm25_mass, ug/m3, Revision date=20181210133000, Matrix=pm10_pm25
numflag pm10_pm25_mass, no unit, Revision date=20181210133000, Matrix=pm10_pm25
pm25_mass, ug/m3, Version=2, Version description=Data extracted from http://views.cira.colostate.edu/fed/DataWizard 2019-12-16, Sample duration=1d, Orig. time res.=3d, Blank correction=Blank corrected, Volume std. temperature=ambient, Volume std. pressure=ambient
numflag pm25_mass, no unit, Version=2, Version description=Data extracted from http://views.cira.colostate.edu/fed/DataWizard 2019-12-16, Sample duration=1d, Orig. time res.=3d, Blank correction=Blank corrected, Volume std. temperature=ambient, Volume std. pressure=ambient
potassium, ug/m3, Revision date=20181210133000
numflag potassium, no unit, Revision date=20181210133000
sulphate_total, ug S/m3, Revision date=20181210133000
numflag sulphate_total, no unit, Revision date=20181210133000
0
25
Data definition:              EBAS_1.1
Set type code:                TU
Timezone:                     UTC
File name:                    US0048R.20040101060000.20191216000000.filterpack..pm25.52w.1w.US03L_filterpack_US0048.US03L_IMPROVE_Davis.lev2.nas
File creation:                20191218115818
Startdate:                    20040101060000
Revision date:                20191216000000
Statistics:                   arithmetic mean
Data level:                   2
Period code:                  52w
Resolution code:              1w
Station code:                 US0048R
Platform code:                US0048S
Station name:                 Boundary Waters Canoe Area
Station latitude:             47.9466
Station longitude:            -91.4955
Station altitude:             526.0 m
Regime:                       IMG
Component:                    
Matrix:                       pm25
Laboratory code:              US03L
Instrument type:              filterpack
Instrument name:              filterpack_US0048
Method ref:                   US03L_IMPROVE_Davis
starttime endtime Fe flag_Fe Pb flag_Pb Mg++ flag_Mg++ Ni flag_Ni NO3- flag_NO3- OC flag_OC OM flag_OM P flag_P PM10 flag_PM10 PM10-PM2.5 flag_PM10-PM2.5 PM2.5 flag_PM2.5 K+ flag_K+ SO4-- flag_SO4--
[from data line 82]
246.25 247.25 9999.99 0.999 99.99 0.999000 9.999 0.999000 99.99 0.999000 99.999 0.999 99.999 0.999 999.999 0.999 999.99 0.999000 999.999 0.999 999.999 0.999 999.999 0.999 9.999 0.999 99.999 0.999
249.25 250.25 9999.99 0.999 99.99 0.999000 9.999 0.999000 99.99 0.999000 99.999 0.999 99.999 0.999 999.999 0.999 999.99 0.999000 999.999 0.999 999.999 0.999 999.999 0.999 9.999 0.999 99.999 0.999
252.25 253.25   10.09 0.559  0.38 0.559000 9.999 0.559259  0.12 0.559000  0.013 0.000  0.816 0.000   1.142 0.000 999.99 0.559259   6.902 0.000   4.450 0.000   2.453 0.559 0.015 0.559  0.202 0.000
255.25 256.25    5.68 0.559  0.42 0.559000 9.999 0.559259  0.24 0.559000  0.010 0.000  0.755 0.000   1.057 0.000 999.99 0.559259   4.811 0.000   2.839 0.000   1.972 0.559 0.012 0.559  0.192 0.000
258.25 259.25    1.70 0.559  0.13 0.559000 9.999 0.559259 99.99 0.559259  0.004 0.000  0.461 0.000   0.646 0.000   2.45 0.559000   2.928 0.000   2.287 0.000   0.641 0.559 0.008 0.559  0.036 0.000
261.25 262.25   15.02 0.559  1.06 0.559000 9.999 0.559259 99.99 0.559259  0.040 0.000  0.932 0.000   1.304 0.000 999.99 0.559259   8.283 0.000   4.701 0.000   3.583 0.559 0.016 0.559  0.344 0.000
264.25 265.25 9999.99 0.999 99.99 0.999000 9.999 0.999000 99.99 0.999000  0.028 0.000 99.999 0.999 999.999 0.999 999.99 0.999000 999.999 0.999 999.999 0.999 999.999 0.999 9.999 0.999  0.463 0.000
267.25 268.25 9999.99 0.999 99.99 0.999000 9.999 0.999000 99.99 0.999000  0.021 0.000 99.999 0.999 999.999 0.999 999.99 0.999000 999.999 0.999 999.999 0.999 999.999 0.999 9.999 0.999  0.164 0.000
270.25 271.25 9999.99 0.999 99.99 0.999000 9.999 0.999000 99.99 0.999000  0.014 0.000 99.999 0.999 999.999 0.999 999.99 0.999000 999.999 0.999 999.999 0.999 999.999 0.999 9.999 0.999  0.140 0.000
273.25 274.25   47.52 0.000  1.13 0.000000 9.999 0.259000  0.20 0.000000  0.079 0.000  1.314 0.000   1.840 0.000 999.99 0.259000  15.749 0.000  10.548 0.000   5.201 0.000 0.030 0.000  0.321 0.000
276.25 277.25   24.88 0.000  0.79 0.000000 9.999 0.259000  0.13 0.000000  0.011 0.559  0.446 0.000   0.625 0.000   4.23 0.000000   3.758 0.000   2.188 0.000   1.570 0.000 0.013 0.000  0.097 0.559
279.25 280.25  101.57 0.000  1.29 0.000000 9.999 0.259000  1.14 0.000000  0.080 0.000  1.860 0.000   2.604 0.000 999.99 0.259000  19.221 0.000  12.307 0.000   6.914 0.000 0.077 0.000  0.429 0.000
282.25 283.25    4.05 0.000  0.36 0.000000 9.999 0.259000  0.16 0.000000  0.006 0.000  0.594 0.000   0.831 0.000 999.99 0.259000   2.794 0.000   1.321 0.000   1.473 0.000 0.010 0.000  0.064 0.000
285.25 286.25   69.62 0.000  2.97 0.000000 9.999 0.259000  0.11 0.000000  0.157 0.000  1.571 0.000   2.200 0.000 999.99 0.259000  15.386 0.000   8.248 0.000   7.138 0.000 0.047 0.000  0.575 0.000
288.25 289.25    3.59 0.000  0.19 0.000000 9.999 0.259000 99.99 0.259000  0.009 0.000  0.784 0.000   1.098 0.000 999.99 0.259000   2.876 0.000   1.079 0.000   1.797 0.000 0.015 0.000  0.111 0.000
291.25 292.25    3.38 0.000  0.36 0.000000 9.999 0.259000  0.10 0.000000  0.016 0.559  1.293 0.000   1.810 0.000 999.99 0.259000   3.575 0.000   0.603 0.000   2.972 0.000 0.027 0.000  0.125 0.559
294.25 295.25   12.39 0.000  1.50 0.000000 9.999 0.259000  0.29 0.000000  0.337 0.559  0.706 0.000   0.989 0.000 999.99 0.259000   6.541 0.000   0.665 0.000   5.876 0.000 0.020 0.000  0.805 0.559
297.25 298.25    3.72 0.000  0.15 0.000000 9.999 0.259000 99.99 0.259000  0.007 0.000  0.237 0.000   0.333 0.000 999.99 0.259000   1.797 0.000   1.036 0.000   0.761 0.000 0.005 0.000  0.040 0.000
300.25 301.25    3.10 0.000  0.28 0.000000 9.999 0.259000  0.21 0.000000  0.009 0.000  0.586 0.000   0.820 0.000 999.99 0.259000   2.463 0.000   0.534 0.000   1.929 0.000 0.015 0.000  0.157 0.000
303.25 304.25    1.62 0.000  0.27 0.000000 9.999 0.259000 99.99 0.259000  0.014 0.000  0.199 0.000   0.279 0.000   2.30 0.000000   1.252 0.000   0.524 0.000   0.728 0.000 0.009 0.000  0.053 0.000
306.25 307.25   11.65 0.000  0.79 0.000000 0.120 0.000000 99.99 0.259000  0.039 0.000  0.779 0.000   1.091 0.000 999.99 0.259000   4.266 0.000   1.130 0.000   3.136 0.000 0.027 0.000  0.397 0.000
309.25 310.25   55.48 0.000  1.70 0.000000 0.064 0.000000 99.99 0.259000  0.044 0.000  0.960 0.000   1.344 0.000 999.99 0.259000   5.693 0.000   2.221 0.000   3.472 0.000 0.059 0.000  0.220 0.000
312.25 313.25    2.17 0.000  0.51 0.000000 9.999 0.259000 99.99 0.259000  0.008 0.000  0.113 0.000   0.158 0.000 999.99 0.259000   1.211 0.000   0.291 0.000   0.920 0.000 0.008 0.000  0.118 0.000
315.25 316.25    6.62 0.000  0.57 0.000000 0.072 0.000000 99.99 0.259000  0.023 0.559  0.273 0.000   0.382 0.000 999.99 0.259000   3.330 0.000   1.371 0.000   1.959 0.000 0.032 0.000  0.125 0.559
318.25 319.25   59.79 0.000  3.70 0.000000 0.075 0.000000 99.99 0.259000  0.690 0.559  0.960 0.000   1.345 0.000 999.99 0.259000  16.395 0.000   8.587 0.000   7.809 0.000 0.047 0.000  0.239 0.559
321.25 322.25   57.00 0.000  0.88 0.000000 9.999 0.259000  0.25 0.000000  1.185 0.559  0.861 0.000   1.206 0.000 999.99 0.259000  14.812 0.000   0.941 0.000  13.870 0.000 0.028 0.000  1.689 0.559
324.25 325.25    5.61 0.000  0.47 0.000000 9.999 0.259000  0.15 0.000000  0.036 0.559  0.477 0.000   0.667 0.000 999.99 0.259000   3.176 0.000   0.293 0.000   2.883 0.000 0.048 0.000  0.328 0.559
327.25 328.25    5.18 0.000  0.33 0.000000 9.999 0.259000 99.99 0.259000  0.097 0.000  0.236 0.000   0.330 0.000 999.99 0.259000   2.490 0.000   0.769 0.000   1.721 0.000 0.015 0.000  0.157 0.000
330.25 331.25   13.45 0.000  2.14 0.000000 0.167 0.000000 99.99 0.259000  0.465 0.000  0.604 0.000   0.845 0.000 999.99 0.259000   7.888 0.000   2.734 0.000   5.153 0.000 0.024 0.000  0.336 0.000
333.25 334.25   40.72 0.000  1.01 0.000000 9.999 0.259000 99.99 0.259000  0.161 0.000  0.768 0.000   1.075 0.000 999.99 0.259000   4.801 0.000   1.220 0.000   3.581 0.000 0.038 0.000  0.303 0.000
336.25 337.25    3.17 0.000  0.33 0.000000 9.999 0.259000 99.99 0.259000  0.034 0.000  0.328 0.000   0.459 0.000 999.99 0.259000   2.286 0.000   0.698 0.000   1.588 0.000 0.019 0.000  0.136 0.000
339.25 340.25    5.59 0.000  0.64 0.000000 0.178 0.000000 99.99 0.259000  0.012 0.000  0.301 0.000   0.422 0.000 999.99 0.259000   1.715 0.000   0.480 0.000   1.235 0.000 0.011 0.000  0.119 0.000
342.25 343.25    7.71 0.000  0.99 0.000000 9.999 0.259000 99.99 0.259000  0.151 0.000  0.706 0.000   0.989 0.000 999.99 0.259000   4.473 0.000   0.407 0.000   4.067 0.000 0.022 0.000  0.468 0.000
345.25 346.25    8.75 0.000  1.13 0.000000 9.999 0.259000 99.99 0.259000  0.025 0.000  1.087 0.000   1.521 0.000 999.99 0.259000   3.153 0.000   0.463 0.000   2.690 0.000 0.018 0.000  0.340 0.000
348.25 349.25   15.47 0.000  0.62 0.000000 0.158 0.000000  0.18 0.000000  0.260 0.000  0.519 0.000   0.727 0.000 999.99 0.259000   4.242 0.000 999.999 0.259   4.256 0.000 0.030 0.000  0.321 0.000
351.25 352.25   16.89 0.000  0.60 0.000000 0.139 0.000000  0.46 0.000000  0.195 0.000  0.493 0.000   0.690 0.000 999.99 0.259000   6.815 0.000   2.362 0.000   4.453 0.000 0.034 0.000  0.468 0.000
354.25 355.25   21.07 0.000  1.37 0.000000 9.999 0.259000  0.23 0.000000  0.317 0.000  0.515 0.000   0.722 0.000 999.99 0.259000  10.374 0.000   6.176 0.000   4.198 0.000 0.028 0.000  0.213 0.000
357.25 358.25    8.80 0.000  2.44 0.000000 9.999 0.259000  0.50 0.000000  0.021 0.000  0.288 0.000   0.403 0.000 999.99 0.259000   3.729 0.000   1.853 0.000   1.877 0.000 0.018 0.000  0.207 0.000
360.25 361.25    8.44 0.000  1.67 0.000000 0.166 0.000000 99.99 0.259000  0.023 0.000  0.153 0.000   0.215 0.000 999.99 0.259000   2.658 0.000   1.219 0.000   1.439 0.000 0.016 0.000  0.164 0.000
363.25 364.25    9.44 0.000  1.51 0.000000 9.999 0.259000  0.21 0.000000  0.213 0.000  0.516 0.000   0.723 0.000 999.99 0.259000   8.116 0.000   1.663 0.000   6.453 0.000 0.023 0.000  0.999 0.000
