scripts/IMPROVE-2019_partial/data/US0097R.20030103080000.20191216000000.filterpack..pm25.1y.1w.US03L_filterpack_US0097.US03L_IMPROVE_Davis.lev2.nas
66 1001
MISSING INFORMATION
US03L, IMPROVE, , , , , , , 
MISSING INFORMATION
IMPROVE sel_HTAP
1 1
2003 01 01 2019 12 16
3.000000
days from file reference point
27
1 1 1 1 1 1 1 1 1 1 1 1 1 1 1 1 1 1 1 1 1 1 1 1 1 1 1
999.999999 999.99 9.999 999.99 9.999 9.999 9.999 9.99 9.999 9.999 9.999 99.999 9.999 99.999 9.999 999.99 9.999 999.999 9.999 999.999 9.999 999.999 9.999 9.999 9.999 9.999 9.999
end_time of measurement, days from the file reference point
iron, ng/m3, Revision date=20181210133000
numflag iron, no unit, Revision date=20181210133000
lead, ng/m3, Revision date=20181210133000
numflag lead, no unit, Revision date=20181210133000
magnesium, ug/m3, Revision date=20181210133000
numflag magnesium, no unit, Revision date=20181210133000
nickel, ng/m3, Revision date=20181210133000
numflag nickel, no unit, Revision date=20181210133000
nitrate, ug N/m3, Revision date=20181210133000
numflag nitrate, no unit, Revision date=20181210133000
organic_carbon, ug C/m3, Revision date=20181210133000
numflag organic_carbon, no unit, Revision date=20181210133000
organic_mass, ug/m3, Revision date=20181210133000
numflag organic_mass, no unit, Revision date=20181210133000
phosphorus, ng/m3, Revision date=20181210133000
numflag phosphorus, no unit, Revision date=20181210133000
pm10_mass, ug/m3, Version=2, Version description=Data extracted from http://views.cira.colostate.edu/fed/DataWizard 2019-12-16, Sample duration=1d, Orig. time res.=3d, Matrix=pm10, Blank correction=Blank corrected, Volume std. temperature=ambient, Volume std. pressure=ambient
numflag pm10_mass, no unit, Version=2, Version description=Data extracted from http://views.cira.colostate.edu/fed/DataWizard 2019-12-16, Sample duration=1d, Orig. time res.=3d, Matrix=pm10, Blank correction=Blank corrected, Volume std. temperature=ambient, Volume std. pressure=ambient
pm10_pm25_mass, ug/m3, Revision date=20181210133000, Matrix=pm10_pm25
numflag pm10_pm25_mass, no unit, Revision date=20181210133000, Matrix=pm10_pm25
pm25_mass, ug/m3, Version=2, Version description=Data extracted from http://views.cira.colostate.edu/fed/DataWizard 2019-12-16, Sample duration=1d, Orig. time res.=3d, Blank correction=Blank corrected, Volume std. temperature=ambient, Volume std. pressure=ambient
numflag pm25_mass, no unit, Version=2, Version description=Data extracted from http://views.cira.colostate.edu/fed/DataWizard 2019-12-16, Sample duration=1d, Orig. time res.=3d, Blank correction=Blank corrected, Volume std. temperature=ambient, Volume std. pressure=ambient
potassium, ug/m3, Revision date=20181210133000
numflag potassium, no unit, Revision date=20181210133000
sulphate_total, ug S/m3, Revision date=20181210133000
numflag sulphate_total, no unit, Revision date=20181210133000
0
25
Data definition:              EBAS_1.1
Set type code:                TU
Timezone:                     UTC
File name:                    US0097R.20030103080000.20191216000000.filterpack..pm25.1y.1w.US03L_filterpack_US0097.US03L_IMPROVE_Davis.lev2.nas
File creation:                20191218120201
Startdate:                    20030103080000
Revision date:                20191216000000
Statistics:                   arithmetic mean
Data level:                   2
Period code:                  1y
Resolution code:              1w
Station code:                 US0097R
Platform code:                US0097S
Station name:                 Redwood NP
Station latitude:             41.5608
Station longitude:            -124.0839
Station altitude:             243.0 m
Regime:                       IMG
Component:                    
Matrix:                       pm25
Laboratory code:              US03L
Instrument type:              filterpack
Instrument name:              filterpack_US0097
Method ref:                   US03L_IMPROVE_Davis
starttime endtime Fe flag_Fe Pb flag_Pb Mg++ flag_Mg++ Ni flag_Ni NO3- flag_NO3- OC flag_OC OM flag_OM P flag_P PM10 flag_PM10 PM10-PM2.5 flag_PM10-PM2.5 PM2.5 flag_PM2.5 K+ flag_K+ SO4-- flag_SO4--
[from data line 86]
260.333333 261.333333   9.87 0.000   0.20 0.000 0.025 0.000 0.13 0.000 0.070 0.559  0.933 0.000  1.306 0.000 999.99 0.259   7.088 0.000   3.677 0.000   3.410 0.000 0.035 0.000 0.146 0.559
263.333333 264.333333  24.00 0.000   0.98 0.000 0.033 0.000 0.10 0.000 0.107 0.559  1.997 0.000  2.795 0.000 999.99 0.259  16.323 0.000   8.159 0.000   8.164 0.000 0.076 0.000 0.323 0.559
266.333333 267.333333   3.36 0.000   0.29 0.000 9.999 0.259 0.68 0.000 0.049 0.559  1.563 0.000  2.188 0.000 999.99 0.259   5.963 0.000   0.555 0.000   5.408 0.000 0.025 0.000 0.321 0.559
269.333333 270.333333   3.51 0.000   0.19 0.000 9.999 0.259 0.17 0.000 0.022 0.559  1.632 0.000  2.285 0.000 999.99 0.259   5.556 0.000   1.211 0.000   4.344 0.000 0.014 0.000 0.154 0.559
272.333333 273.333333   4.93 0.000   0.16 0.000 9.999 0.259 0.09 0.000 0.015 0.559  0.256 0.000  0.358 0.000 999.99 0.259 999.999 0.456 999.999 0.999   1.522 0.000 0.009 0.000 0.076 0.559
275.333333 276.333333   3.36 0.000   0.36 0.000 0.042 0.000 0.16 0.000 0.044 0.559  0.402 0.000  0.562 0.000 999.99 0.259   2.640 0.000   0.965 0.000   1.675 0.000 0.009 0.000 0.133 0.559
278.333333 279.333333   6.30 0.000   0.43 0.000 0.018 0.000 0.10 0.000 0.026 0.559  0.560 0.000  0.784 0.000 999.99 0.259   3.979 0.000   1.498 0.000   2.480 0.000 0.018 0.000 0.118 0.559
281.333333 282.333333   1.75 0.000   0.16 0.000 0.066 0.000 9.99 0.259 0.038 0.559  0.142 0.000  0.199 0.000 999.99 0.259  11.526 0.000   6.508 0.000   5.017 0.000 0.039 0.000 0.156 0.559
284.333333 285.333333   2.47 0.000   0.19 0.000 0.193 0.000 0.06 0.000 0.031 0.559  0.288 0.000  0.403 0.000 999.99 0.259  18.482 0.000  10.258 0.000   8.224 0.000 0.070 0.000 0.203 0.559
287.333333 288.333333   4.52 0.000   0.39 0.000 0.021 0.000 0.07 0.000 0.037 0.559  1.098 0.000  1.537 0.000 999.99 0.259   4.254 0.000   1.049 0.000   3.205 0.000 0.042 0.000 0.087 0.559
290.333333 291.333333   6.77 0.000   4.99 0.000 0.022 0.000 0.13 0.000 0.060 0.559  0.285 0.000  0.399 0.000  20.71 0.000  11.598 0.000   6.809 0.000   4.789 0.000 0.035 0.000 0.284 0.559
293.333333 294.333333   3.67 0.000   0.26 0.000 0.013 0.000 9.99 0.259 0.017 0.559  0.488 0.000  0.683 0.000 999.99 0.259   4.557 0.000   2.599 0.000   1.958 0.000 0.014 0.000 0.050 0.559
296.333333 297.333333 999.99 0.999 999.99 0.999 9.999 0.999 9.99 0.999 9.999 0.999 99.999 0.999 99.999 0.999 999.99 0.999 999.999 0.999 999.999 0.999 999.999 0.999 9.999 0.999 9.999 0.999
299.333333 300.333333 999.99 0.999 999.99 0.999 9.999 0.999 9.99 0.999 9.999 0.999 99.999 0.999 99.999 0.999 999.99 0.999 999.999 0.999 999.999 0.999 999.999 0.999 9.999 0.999 9.999 0.999
302.333333 303.333333   3.97 0.000   0.54 0.000 0.019 0.000 9.99 0.259 0.032 0.559  0.200 0.000  0.279 0.000 999.99 0.259   6.213 0.000   3.930 0.000   2.283 0.000 0.019 0.000 0.071 0.559
305.333333 306.333333  27.80 0.000   0.39 0.000 0.053 0.000 9.99 0.259 0.014 0.559  0.731 0.000  1.023 0.000 999.99 0.259   3.674 0.000   1.411 0.000   2.263 0.000 0.020 0.000 0.076 0.559
308.333333 309.333333   0.78 0.000   0.18 0.000 9.999 0.259 0.04 0.000 0.011 0.559  0.590 0.000  0.826 0.000 999.99 0.259   3.054 0.000   1.641 0.000   1.413 0.000 0.011 0.000 0.026 0.559
311.333333 312.333333   2.26 0.000   0.42 0.000 9.999 0.259 9.99 0.259 0.006 0.559  0.549 0.000  0.768 0.000 999.99 0.259   2.682 0.000   1.281 0.000   1.401 0.000 0.013 0.000 0.048 0.559
314.333333 315.333333   3.82 0.000   1.46 0.000 0.026 0.000 0.08 0.000 0.025 0.559  1.069 0.000  1.497 0.000 999.99 0.259   6.726 0.000   3.606 0.000   3.120 0.000 0.036 0.000 0.098 0.559
317.333333 318.333333   8.83 0.000   0.81 0.000 0.032 0.000 0.17 0.000 0.081 0.559  1.673 0.000  2.342 0.000 999.99 0.259   7.868 0.000   2.966 0.000   4.902 0.000 0.042 0.000 0.251 0.559
320.333333 321.333333  16.01 0.000  46.07 0.000 0.271 0.000 9.99 0.259 0.032 0.559  0.262 0.000  0.367 0.000 999.99 0.259  23.246 0.000  13.022 0.000  10.224 0.000 0.072 0.000 0.192 0.559
323.333333 324.333333   1.13 0.000   0.55 0.000 0.024 0.000 9.99 0.259 9.999 0.456  0.783 0.000  1.097 0.000   1.23 0.000   5.511 0.000   3.389 0.000   2.123 0.000 0.024 0.000 9.999 0.456
326.333333 327.333333   3.42 0.000   0.50 0.000 9.999 0.259 0.06 0.000 0.030 0.559  2.398 0.000  3.358 0.000 999.99 0.259   7.055 0.000   2.063 0.000   4.991 0.000 0.052 0.000 0.092 0.559
329.333333 330.333333   1.96 0.000   0.56 0.000 0.038 0.000 9.99 0.259 0.021 0.559  0.264 0.000  0.369 0.000  20.67 0.000   7.346 0.000   3.935 0.000   3.411 0.000 0.025 0.000 0.140 0.559
332.333333 333.333333  12.21 0.000   0.37 0.000 0.015 0.000 9.99 0.259 0.004 0.559  0.291 0.000  0.408 0.000 999.99 0.259   2.363 0.000   1.350 0.000   1.013 0.000 0.010 0.000 0.032 0.559
335.333333 336.333333   0.93 0.000   0.17 0.000 9.999 0.259 0.14 0.000 0.020 0.559  0.490 0.000  0.686 0.000 999.99 0.259   6.797 0.000   4.722 0.000   2.075 0.000 0.019 0.000 0.053 0.559
338.333333 339.333333   1.49 0.000   0.08 0.000 9.999 0.259 0.06 0.000 0.012 0.559  0.245 0.000  0.343 0.000 999.99 0.259   3.911 0.000   2.392 0.000   1.519 0.000 0.013 0.000 0.046 0.559
341.333333 342.333333   0.60 0.000 999.99 0.259 0.031 0.000 0.05 0.000 0.003 0.559  0.283 0.000  0.397 0.000   0.75 0.000   2.727 0.000   2.183 0.000   0.543 0.000 0.005 0.000 0.009 0.559
344.333333 345.333333   1.10 0.000   0.19 0.000 9.999 0.259 9.99 0.259 0.021 0.559  0.233 0.000  0.326 0.000  13.92 0.000   5.556 0.000   3.571 0.000   1.984 0.000 0.014 0.000 0.054 0.559
347.333333 348.333333   0.36 0.000   0.43 0.000 0.024 0.000 9.99 0.259 0.003 0.559  0.349 0.000  0.488 0.000 999.99 0.259   2.047 0.000   1.316 0.000   0.731 0.000 0.017 0.000 0.015 0.559
350.333333 351.333333   1.48 0.000   0.18 0.000 9.999 0.259 9.99 0.259 0.005 0.559  1.452 0.000  2.033 0.000 999.99 0.259   3.509 0.000   1.081 0.000   2.428 0.000 0.018 0.000 0.027 0.559
353.333333 354.333333   0.59 0.000   0.17 0.000 0.056 0.000 0.06 0.000 0.006 0.559  0.567 0.000  0.794 0.000   1.90 0.000   2.047 0.000   1.255 0.000   0.792 0.000 0.009 0.000 0.011 0.559
356.333333 357.333333   5.47 0.000   0.36 0.000 0.034 0.000 0.07 0.000 0.030 0.559  0.554 0.000  0.776 0.000   3.05 0.000   3.787 0.000   2.279 0.000   1.508 0.000 0.015 0.000 0.054 0.559
359.333333 360.333333   2.31 0.000   0.24 0.000 0.019 0.000 9.99 0.259 0.012 0.559  0.285 0.000  0.399 0.000 999.99 0.259   5.071 0.000   3.580 0.000   1.490 0.000 0.012 0.000 0.070 0.559
362.333333 363.333333   8.60 0.000 999.99 0.259 9.999 0.259 0.11 0.000 0.006 0.559  0.196 0.000  0.275 0.000 999.99 0.259   1.054 0.000   0.662 0.000   0.393 0.000 0.003 0.000 0.006 0.559
