scripts/IMPROVE-2019_partial/data/US0079R.20040101070000.20191216000000.filterpack..pm25.52w.1w.US03L_filterpack_US0079.US03L_IMPROVE_Davis.lev2.nas
66 1001
MISSING INFORMATION
US03L, IMPROVE, , , , , , , 
MISSING INFORMATION
IMPROVE sel_HTAP
1 1
2004 01 01 2019 12 16
3.000000
days from file reference point
27
1 1 1 1 1 1 1 1 1 1 1 1 1 1 1 1 1 1 1 1 1 1 1 1 1 1 1
999.999999 9999.99 9.999 99.99 9.999999 9.999 9.999999 99.99 9.999 9.999 9.999 99.999 9.999 99.999 9.999 999.99 9.999999 999.999 9.999 999.999 9.999 99.999 9.999 9.999 9.999 9.999 9.999
end_time of measurement, days from the file reference point
iron, ng/m3, Revision date=20181210133000
numflag iron, no unit, Revision date=20181210133000
lead, ng/m3, Revision date=20181210133000
numflag lead, no unit, Revision date=20181210133000
magnesium, ug/m3, Revision date=20181210133000
numflag magnesium, no unit, Revision date=20181210133000
nickel, ng/m3, Revision date=20181210133000
numflag nickel, no unit, Revision date=20181210133000
nitrate, ug N/m3, Revision date=20181210133000
numflag nitrate, no unit, Revision date=20181210133000
organic_carbon, ug C/m3, Revision date=20181210133000
numflag organic_carbon, no unit, Revision date=20181210133000
organic_mass, ug/m3, Revision date=20181210133000
numflag organic_mass, no unit, Revision date=20181210133000
phosphorus, ng/m3, Revision date=20181210133000
numflag phosphorus, no unit, Revision date=20181210133000
pm10_mass, ug/m3, Version=2, Version description=Data extracted from http://views.cira.colostate.edu/fed/DataWizard 2019-12-16, Sample duration=1d, Orig. time res.=3d, Matrix=pm10, Blank correction=Blank corrected, Volume std. temperature=ambient, Volume std. pressure=ambient
numflag pm10_mass, no unit, Version=2, Version description=Data extracted from http://views.cira.colostate.edu/fed/DataWizard 2019-12-16, Sample duration=1d, Orig. time res.=3d, Matrix=pm10, Blank correction=Blank corrected, Volume std. temperature=ambient, Volume std. pressure=ambient
pm10_pm25_mass, ug/m3, Revision date=20181210133000, Matrix=pm10_pm25
numflag pm10_pm25_mass, no unit, Revision date=20181210133000, Matrix=pm10_pm25
pm25_mass, ug/m3, Version=2, Version description=Data extracted from http://views.cira.colostate.edu/fed/DataWizard 2019-12-16, Sample duration=1d, Orig. time res.=3d, Blank correction=Blank corrected, Volume std. temperature=ambient, Volume std. pressure=ambient
numflag pm25_mass, no unit, Version=2, Version description=Data extracted from http://views.cira.colostate.edu/fed/DataWizard 2019-12-16, Sample duration=1d, Orig. time res.=3d, Blank correction=Blank corrected, Volume std. temperature=ambient, Volume std. pressure=ambient
potassium, ug/m3, Revision date=20181210133000
numflag potassium, no unit, Revision date=20181210133000
sulphate_total, ug S/m3, Revision date=20181210133000
numflag sulphate_total, no unit, Revision date=20181210133000
0
25
Data definition:              EBAS_1.1
Set type code:                TU
Timezone:                     UTC
File name:                    US0079R.20040101070000.20191216000000.filterpack..pm25.52w.1w.US03L_filterpack_US0079.US03L_IMPROVE_Davis.lev2.nas
File creation:                20191218120045
Startdate:                    20040101070000
Revision date:                20191216000000
Statistics:                   arithmetic mean
Data level:                   2
Period code:                  52w
Resolution code:              1w
Station code:                 US0079R
Platform code:                US0079S
Station name:                 Capitol Reef NP
Station latitude:             38.3022
Station longitude:            -111.2926
Station altitude:             1896.0 m
Regime:                       IMG
Component:                    
Matrix:                       pm25
Laboratory code:              US03L
Instrument type:              filterpack
Instrument name:              filterpack_US0079
Method ref:                   US03L_IMPROVE_Davis
starttime endtime Fe flag_Fe Pb flag_Pb Mg++ flag_Mg++ Ni flag_Ni NO3- flag_NO3- OC flag_OC OM flag_OM P flag_P PM10 flag_PM10 PM10-PM2.5 flag_PM10-PM2.5 PM2.5 flag_PM2.5 K+ flag_K+ SO4-- flag_SO4--
[from data line 82]
246.291667 247.291667   68.62 0.000  0.44 0.000000 9.999 0.259000  0.13 0.000 0.052 0.000  0.962 0.000  1.346 0.000 999.99 0.259000  14.559 0.000  10.850 0.000  3.709 0.000 0.049 0.000 0.282 0.000
249.291667 250.291667   19.25 0.000  0.19 0.000000 9.999 0.259000 99.99 0.259 0.010 0.000  0.839 0.000  1.174 0.000   5.35 0.000000   4.657 0.000   2.854 0.000  1.804 0.000 0.018 0.000 0.085 0.000
252.291667 253.291667   38.59 0.000  0.52 0.000000 9.999 0.259000  0.15 0.000 0.016 0.000  0.541 0.000  0.758 0.000 999.99 0.259000   8.525 0.000   5.385 0.000  3.140 0.000 0.027 0.000 0.276 0.000
255.291667 256.291667   15.70 0.000  0.34 0.000000 0.124 0.000000  0.15 0.000 0.011 0.000  0.344 0.000  0.482 0.000 999.99 0.259000   5.002 0.000   3.190 0.000  1.812 0.000 0.013 0.000 0.218 0.000
258.291667 259.291667   18.52 0.000  0.47 0.000000 9.999 0.259000 99.99 0.259 0.017 0.000  0.275 0.000  0.386 0.000 999.99 0.259000   4.491 0.000   2.988 0.000  1.503 0.000 0.014 0.000 0.097 0.000
261.291667 262.291667   15.50 0.000  0.45 0.000000 9.999 0.259000 99.99 0.259 0.028 0.000  0.329 0.000  0.460 0.000 999.99 0.259000   6.196 0.000   3.720 0.000  2.476 0.000 0.016 0.000 0.255 0.000
264.291667 265.291667   10.13 0.000  0.62 0.000000 0.243 0.000000 99.99 0.259 0.023 0.000  0.305 0.000  0.427 0.000 999.99 0.259000   3.563 0.000   2.008 0.000  1.555 0.000 0.008 0.000 0.114 0.000
267.291667 268.291667   18.90 0.000  0.14 0.000000 0.085 0.000000 99.99 0.259 0.009 0.000  0.242 0.000  0.338 0.000 999.99 0.259000   4.343 0.000   2.827 0.000  1.516 0.000 0.015 0.000 0.078 0.000
270.291667 271.291667   21.02 0.000  0.33 0.000000 9.999 0.259000 99.99 0.259 0.015 0.000  0.995 0.000  1.393 0.000 999.99 0.259000   6.487 0.000   3.619 0.000  2.868 0.000 0.018 0.000 0.179 0.000
273.291667 274.291667   15.68 0.000  0.52 0.000000 9.999 0.259000 99.99 0.259 0.021 0.000  0.673 0.000  0.942 0.000 999.99 0.259000   4.125 0.000   1.371 0.000  2.753 0.000 0.012 0.000 0.213 0.000
276.291667 277.291667   19.42 0.000  0.55 0.000000 9.999 0.259000  0.14 0.000 0.021 0.000  0.640 0.000  0.897 0.000 999.99 0.259000   4.545 0.000   1.911 0.000  2.634 0.000 0.014 0.000 0.252 0.000
279.291667 280.291667   22.68 0.000  0.74 0.000000 9.999 0.259000 99.99 0.259 0.031 0.000  0.682 0.000  0.955 0.000 999.99 0.259000   6.526 0.000   3.039 0.000  3.487 0.000 0.021 0.000 0.345 0.000
282.291667 283.291667   28.35 0.000  0.80 0.000000 9.999 0.259000 99.99 0.259 0.015 0.000  0.810 0.000  1.134 0.000 999.99 0.259000   7.319 0.000   3.922 0.000  3.396 0.000 0.023 0.000 0.246 0.000
285.291667 286.291667   27.25 0.000  0.83 0.000000 9.999 0.259000 99.99 0.259 0.040 0.000  0.885 0.000  1.240 0.000 999.99 0.259000   7.266 0.000   3.324 0.000  3.942 0.000 0.022 0.000 0.344 0.000
288.291667 289.291667   38.58 0.000  0.40 0.000000 9.999 0.259000 99.99 0.259 0.009 0.000  0.095 0.000  0.133 0.000 999.99 0.259000   6.366 0.000   4.832 0.000  1.533 0.000 0.025 0.000 0.070 0.000
291.291667 292.291667   16.29 0.000  0.33 0.000000 9.999 0.259000 99.99 0.259 0.033 0.000  0.309 0.000  0.432 0.000 999.99 0.259000   4.100 0.000   2.364 0.000  1.736 0.000 0.014 0.000 0.166 0.000
294.291667 295.291667    4.82 0.000 99.99 0.259000 0.108 0.000000 99.99 0.259 0.003 0.000  0.275 0.000  0.386 0.000 999.99 0.259000   0.878 0.000   0.420 0.000  0.459 0.000 0.005 0.000 0.006 0.000
297.291667 298.291667    6.34 0.000  0.56 0.000000 0.111 0.000000 99.99 0.259 0.015 0.000  0.482 0.000  0.675 0.000 999.99 0.259000   2.008 0.000   0.264 0.000  1.744 0.000 0.009 0.000 0.129 0.000
300.291667 301.291667   16.09 0.000  0.64 0.000000 9.999 0.259000  0.19 0.000 0.026 0.000  0.202 0.000  0.283 0.000 999.99 0.259000   3.199 0.000   1.730 0.000  1.468 0.000 0.012 0.000 0.164 0.000
303.291667 304.291667    4.10 0.000  0.63 0.000000 0.132 0.000000 99.99 0.259 0.026 0.000  0.539 0.000  0.755 0.000 999.99 0.259000   2.160 0.000   0.271 0.000  1.888 0.000 0.008 0.000 0.117 0.000
306.291667 307.291667    5.83 0.000  0.92 0.000000 9.999 0.259000  0.21 0.000 0.058 0.000  0.287 0.000  0.402 0.000 999.99 0.259000   2.349 0.000   0.826 0.000  1.522 0.000 0.008 0.000 0.118 0.000
309.291667 310.291667   10.79 0.000 99.99 0.259000 0.117 0.000000  0.20 0.000 0.051 0.000  0.539 0.000  0.754 0.000 999.99 0.259000   3.849 0.000   1.675 0.000  2.174 0.000 0.012 0.000 0.139 0.000
312.291667 313.291667    9.08 0.000  0.25 0.000000 9.999 0.259000  0.19 0.000 0.074 0.000  0.560 0.000  0.784 0.000 999.99 0.259000   2.147 0.000   0.303 0.000  1.844 0.000 0.009 0.000 0.102 0.000
315.291667 316.291667    4.72 0.000  0.56 0.000000 9.999 0.259000 99.99 0.259 0.038 0.000  0.701 0.000  0.981 0.000 999.99 0.259000   2.259 0.000   0.036 0.000  2.223 0.000 0.005 0.000 0.198 0.000
318.291667 319.291667    6.37 0.000  0.53 0.000000 0.301 0.000000 99.99 0.259 0.096 0.000  0.876 0.000  1.226 0.000 999.99 0.259000   4.277 0.000   0.395 0.000  3.882 0.000 0.010 0.000 0.438 0.000
321.291667 322.291667    2.85 0.000  0.38 0.000000 0.148 0.000000 99.99 0.259 0.048 0.000  0.349 0.000  0.488 0.000 999.99 0.259000   1.799 0.000   0.259 0.000  1.540 0.000 0.004 0.000 0.140 0.000
324.291667 325.291667    4.26 0.000  0.99 0.000000 9.999 0.259000 99.99 0.259 0.203 0.000  0.272 0.000  0.381 0.000 999.99 0.259000   2.202 0.000   0.235 0.000  1.967 0.000 0.006 0.000 0.165 0.000
327.291667 328.291667    5.37 0.000  0.52 0.000000 9.999 0.259000 99.99 0.259 0.222 0.000  0.286 0.000  0.400 0.000 999.99 0.259000   2.629 0.000   0.441 0.000  2.188 0.000 0.007 0.000 0.195 0.000
330.291667 331.291667    5.35 0.000 99.99 0.259000 9.999 0.259000  0.10 0.000 0.017 0.000  0.109 0.000  0.153 0.000 999.99 0.259000   1.004 0.000   0.239 0.000  0.765 0.000 0.005 0.000 0.063 0.000
333.291667 334.291667    7.16 0.000  0.23 0.000000 9.999 0.259000  0.09 0.000 0.063 0.000  0.247 0.000  0.346 0.000 999.99 0.259000   2.371 0.000   0.750 0.000  1.621 0.000 0.008 0.000 0.138 0.000
336.291667 337.291667    4.84 0.000  0.56 0.000000 9.999 0.259000  0.17 0.000 0.077 0.000  0.309 0.000  0.433 0.000 999.99 0.259000   1.736 0.000   0.462 0.000  1.274 0.000 0.006 0.000 0.081 0.000
339.291667 340.291667   11.15 0.000  0.59 0.000000 9.999 0.259000 99.99 0.259 0.194 0.000  0.504 0.000  0.706 0.000 999.99 0.259000   4.489 0.000   1.078 0.000  3.410 0.000 0.012 0.000 0.286 0.000
342.291667 343.291667 9999.99 0.999 99.99 0.999000 9.999 0.999000 99.99 0.999 9.999 0.999 99.999 0.999 99.999 0.999 999.99 0.999000 999.999 0.999 999.999 0.999 99.999 0.999 9.999 0.999 9.999 0.999
345.291667 346.291667 9999.99 0.999 99.99 0.999000 9.999 0.999000 99.99 0.999 9.999 0.999 99.999 0.999 99.999 0.999 999.99 0.999000 999.999 0.999 999.999 0.999 99.999 0.999 9.999 0.999 9.999 0.999
348.291667 349.291667 9999.99 0.999 99.99 0.999000 9.999 0.999000 99.99 0.999 9.999 0.999 99.999 0.999 99.999 0.999 999.99 0.999000 999.999 0.999 999.999 0.999 99.999 0.999 9.999 0.999 9.999 0.999
351.291667 352.291667 9999.99 0.456 99.99 0.456000 9.999 0.456000 99.99 0.456 9.999 0.456 99.999 0.999 99.999 0.999 999.99 0.456000 999.999 0.456 999.999 0.999 99.999 0.456 9.999 0.456 9.999 0.456
354.291667 355.291667 9999.99 0.456 99.99 0.456000 9.999 0.456000 99.99 0.456 9.999 0.456 99.999 0.999 99.999 0.999 999.99 0.456000 999.999 0.456 999.999 0.999 99.999 0.456 9.999 0.456 9.999 0.456
357.291667 358.291667    3.73 0.000  0.70 0.000000 9.999 0.259000 99.99 0.259 0.095 0.000  0.131 0.000  0.183 0.000 999.99 0.259000   1.810 0.000   0.688 0.000  1.122 0.000 0.007 0.000 0.096 0.000
360.291667 361.291667    9.30 0.000  0.61 0.000000 0.055 0.000000  0.12 0.000 0.104 0.000  0.456 0.000  0.638 0.000 999.99 0.259000   3.176 0.000   1.174 0.000  2.002 0.000 0.013 0.000 0.143 0.000
363.291667 364.291667    2.07 0.394  0.82 0.394000 9.999 0.394259  0.24 0.394 0.056 0.394  0.307 0.000  0.430 0.000 999.99 0.394259   1.373 0.000   0.270 0.000  1.103 0.000 0.005 0.394 0.127 0.394
