scripts/IMPROVE-2019_partial/data/US0015R.20030103070000.20191216000000.filterpack..pm25.1y.1w.US03L_filterpack_US0015.US03L_IMPROVE_Davis.lev2.nas
64 1001
MISSING INFORMATION
US03L, IMPROVE, , , , , , , 
MISSING INFORMATION
IMPROVE sel_HTAP
1 1
2003 01 01 2019 12 16
3.000000
days from file reference point
25
1 1 1 1 1 1 1 1 1 1 1 1 1 1 1 1 1 1 1 1 1 1 1 1 1
999.999999 9999.99 9.999 99.99 9.999 9.999 9.999999 9.99 9.999999 9.999 9.999 99.999 9.999 999.999 9.999 9999.999 9.999 999.999 9.999 999.999 9.999 9.999 9.999 9.999 9.999
end_time of measurement, days from the file reference point
iron, ng/m3, Revision date=20181210133000
numflag iron, no unit, Revision date=20181210133000
lead, ng/m3, Revision date=20181210133000
numflag lead, no unit, Revision date=20181210133000
magnesium, ug/m3, Revision date=20181210133000
numflag magnesium, no unit, Revision date=20181210133000
nickel, ng/m3, Revision date=20181210133000
numflag nickel, no unit, Revision date=20181210133000
nitrate, ug N/m3, Revision date=20181210133000
numflag nitrate, no unit, Revision date=20181210133000
organic_carbon, ug C/m3, Revision date=20181210133000
numflag organic_carbon, no unit, Revision date=20181210133000
organic_mass, ug/m3, Revision date=20181210133000
numflag organic_mass, no unit, Revision date=20181210133000
pm10_mass, ug/m3, Version=2, Version description=Data extracted from http://views.cira.colostate.edu/fed/DataWizard 2019-12-16, Sample duration=1d, Orig. time res.=3d, Matrix=pm10, Blank correction=Blank corrected, Volume std. temperature=ambient, Volume std. pressure=ambient
numflag pm10_mass, no unit, Version=2, Version description=Data extracted from http://views.cira.colostate.edu/fed/DataWizard 2019-12-16, Sample duration=1d, Orig. time res.=3d, Matrix=pm10, Blank correction=Blank corrected, Volume std. temperature=ambient, Volume std. pressure=ambient
pm10_pm25_mass, ug/m3, Revision date=20181210133000, Matrix=pm10_pm25
numflag pm10_pm25_mass, no unit, Revision date=20181210133000, Matrix=pm10_pm25
pm25_mass, ug/m3, Version=2, Version description=Data extracted from http://views.cira.colostate.edu/fed/DataWizard 2019-12-16, Sample duration=1d, Orig. time res.=3d, Blank correction=Blank corrected, Volume std. temperature=ambient, Volume std. pressure=ambient
numflag pm25_mass, no unit, Version=2, Version description=Data extracted from http://views.cira.colostate.edu/fed/DataWizard 2019-12-16, Sample duration=1d, Orig. time res.=3d, Blank correction=Blank corrected, Volume std. temperature=ambient, Volume std. pressure=ambient
potassium, ug/m3, Revision date=20181210133000
numflag potassium, no unit, Revision date=20181210133000
sulphate_total, ug S/m3, Revision date=20181210133000
numflag sulphate_total, no unit, Revision date=20181210133000
0
25
Data definition:              EBAS_1.1
Set type code:                TU
Timezone:                     UTC
File name:                    US0015R.20030103070000.20191216000000.filterpack..pm25.1y.1w.US03L_filterpack_US0015.US03L_IMPROVE_Davis.lev2.nas
File creation:                20191218115624
Startdate:                    20030103070000
Revision date:                20191216000000
Statistics:                   arithmetic mean
Data level:                   2
Period code:                  1y
Resolution code:              1w
Station code:                 US0015R
Platform code:                US0015S
Station name:                 Ike's Backbone
Station latitude:             34.3405
Station longitude:            -111.6832
Station altitude:             1297.0 m
Regime:                       IMG
Component:                    
Matrix:                       pm25
Laboratory code:              US03L
Instrument type:              filterpack
Instrument name:              filterpack_US0015
Method ref:                   US03L_IMPROVE_Davis
starttime endtime Fe flag_Fe Pb flag_Pb Mg++ flag_Mg++ Ni flag_Ni NO3- flag_NO3- OC flag_OC OM flag_OM PM10 flag_PM10 PM10-PM2.5 flag_PM10-PM2.5 PM2.5 flag_PM2.5 K+ flag_K+ SO4-- flag_SO4--
[from data line 88]
266.291667 267.291667  233.41 0.000  1.55 0.000 9.999 0.259000 9.99 0.259000 0.086 0.000  0.818 0.000   1.145 0.000   28.143 0.000  19.337 0.000   8.807 0.000 0.155 0.000 0.129 0.000
269.291667 270.291667   73.27 0.699  1.21 0.699 0.028 0.699000 0.07 0.699000 0.040 0.559  1.698 0.000   2.377 0.000   13.929 0.000   7.792 0.000   6.138 0.699 0.058 0.699 0.284 0.559
272.291667 273.291667   34.80 0.559  0.73 0.559 9.999 0.559259 0.06 0.559000 0.019 0.559  0.830 0.000   1.162 0.000    6.734 0.000   3.124 0.000   3.610 0.559 0.029 0.559 0.289 0.559
275.291667 276.291667   87.85 0.559  0.60 0.559 0.036 0.559000 0.08 0.559000 0.029 0.559  0.799 0.000   1.119 0.000   13.970 0.000   8.851 0.000   5.119 0.559 0.063 0.559 0.308 0.559
278.291667 279.291667   32.32 0.000  1.32 0.000 9.999 0.259000 0.09 0.000000 0.026 0.000  0.745 0.000   1.042 0.000    6.863 0.000   3.200 0.000   3.663 0.000 0.022 0.000 0.341 0.000
281.291667 282.291667   47.43 0.699  0.79 0.699 9.999 0.699259 0.10 0.699000 0.018 0.000  2.407 0.000   3.370 0.000    9.909 0.000   3.667 0.000   6.242 0.699 0.033 0.699 0.261 0.000
284.291667 285.291667   72.48 0.559  1.05 0.559 9.999 0.559259 0.05 0.559000 0.027 0.559  0.965 0.000   1.351 0.000   11.127 0.000   6.567 0.000   4.561 0.559 0.048 0.559 0.260 0.559
287.291667 288.291667   85.76 0.000  1.20 0.000 0.031 0.000000 9.99 0.259000 0.038 0.559  1.012 0.000   1.416 0.000   12.671 0.000   7.244 0.000   5.426 0.000 0.072 0.000 0.339 0.559
290.291667 291.291667   49.35 0.559  0.67 0.559 0.031 0.559000 0.08 0.559000 0.015 0.559  1.068 0.000   1.495 0.000    7.838 0.000   3.796 0.000   4.042 0.559 0.034 0.559 0.225 0.559
293.291667 294.291667   39.04 0.559  0.38 0.559 9.999 0.559259 9.99 0.559259 0.010 0.559  1.145 0.000   1.604 0.000    5.957 0.000   2.414 0.000   3.542 0.559 0.023 0.559 0.187 0.559
296.291667 297.291667   84.58 0.699  1.39 0.699 9.999 0.699259 0.04 0.699000 0.038 0.559  1.980 0.000   2.772 0.000   13.889 0.000   6.800 0.000   7.088 0.699 0.086 0.699 0.257 0.559
299.291667 300.291667   38.37 0.000  0.61 0.000 0.020 0.000000 9.99 0.259000 0.014 0.559  0.750 0.000   1.050 0.000    5.564 0.000   3.427 0.000   2.137 0.000 0.027 0.000 0.069 0.559
302.291667 303.291667 9999.99 0.699 99.99 0.699 9.999 0.699000 9.99 0.699000 0.264 0.000  7.825 0.000  10.955 0.000   44.162 0.000 999.999 0.999 999.999 0.699 9.999 0.699 0.368 0.000
305.291667 306.291667   55.94 0.559  1.44 0.559 0.031 0.559000 0.14 0.559000 0.128 0.559  1.713 0.000   2.398 0.000   12.451 0.000   6.005 0.000   6.446 0.559 0.156 0.559 0.278 0.559
308.291667 309.291667   63.26 0.000  0.90 0.000 0.033 0.000000 0.07 0.000000 0.053 0.559  0.452 0.000   0.633 0.000    8.506 0.000   5.191 0.000   3.314 0.000 0.038 0.000 0.122 0.559
311.291667 312.291667   28.40 0.559  0.73 0.559 0.021 0.559000 0.04 0.559000 0.019 0.559  0.275 0.000   0.385 0.000    3.595 0.000   2.030 0.000   1.565 0.559 0.027 0.559 0.072 0.559
314.291667 315.291667   64.44 0.000  4.88 0.000 9.999 0.259000 9.99 0.259000 0.021 0.559  0.473 0.000   0.662 0.000    4.830 0.000   1.631 0.000   3.199 0.000 0.058 0.000 0.130 0.559
317.291667 318.291667   70.30 0.000  2.54 0.000 0.027 0.000000 0.08 0.000000 0.105 0.559  0.758 0.000   1.061 0.000    3.986 0.000   0.066 0.000   3.920 0.000 0.044 0.000 0.144 0.559
320.291667 321.291667   49.07 0.000  1.42 0.000 0.025 0.000000 0.10 0.000000 0.708 0.559  0.943 0.000   1.321 0.000    6.137 0.000   1.808 0.000   4.329 0.000 0.034 0.000 0.315 0.559
323.291667 324.291667   39.11 0.000  2.42 0.000 0.019 0.000000 9.99 0.259000 0.022 0.559  0.701 0.000   0.981 0.000    3.962 0.000   1.172 0.000   2.791 0.000 0.025 0.000 0.075 0.559
326.291667 327.291667   13.42 0.000  0.35 0.000 9.999 0.259000 0.06 0.000000 0.015 0.559  0.376 0.000   0.527 0.000    2.191 0.000   0.613 0.000   1.578 0.000 0.013 0.000 0.053 0.559
329.291667 330.291667   59.28 0.000  2.23 0.000 0.026 0.000000 9.99 0.259000 0.379 0.000  0.728 0.000   1.019 0.000   10.026 0.000   6.490 0.000   3.537 0.000 0.041 0.000 0.142 0.000
332.291667 333.291667   27.34 0.559  0.46 0.559 0.023 0.559000 9.99 0.559259 0.018 0.559  0.752 0.000   1.053 0.000    5.013 0.000   2.554 0.000   2.459 0.559 0.019 0.559 0.082 0.559
335.291667 336.291667   35.49 0.559  1.97 0.559 9.999 0.559259 9.99 0.559259 0.020 0.559  1.206 0.000   1.689 0.000    5.779 0.000   2.833 0.000   2.946 0.559 0.028 0.559 0.107 0.559
338.291667 339.291667   83.04 0.699  1.06 0.699 0.062 0.699000 9.99 0.699259 0.045 0.000  2.023 0.000   2.833 0.000   14.218 0.000   7.789 0.000   6.429 0.699 0.065 0.699 0.192 0.000
341.291667 342.291667   19.88 0.000  0.74 0.000 0.023 0.000000 0.12 0.000000 0.098 0.559  0.579 0.000   0.810 0.000    4.779 0.000   2.619 0.000   2.160 0.000 0.029 0.000 0.134 0.559
344.291667 345.291667   39.54 0.000  3.47 0.000 9.999 0.259000 9.99 0.259000 0.274 0.000  0.656 0.000   0.918 0.000    7.399 0.000   5.031 0.000   2.368 0.000 0.034 0.000 0.107 0.000
347.291667 348.291667    8.57 0.000  2.31 0.000 9.999 0.259000 0.05 0.000000 0.132 0.559  0.830 0.000   1.162 0.000    3.287 0.000   1.232 0.000   2.055 0.000 0.011 0.000 0.096 0.559
350.291667 351.291667   11.70 0.000  0.50 0.000 0.044 0.000000 9.99 0.259000 0.016 0.559  0.346 0.000   0.484 0.000    2.671 0.000   1.584 0.000   1.087 0.000 0.012 0.000 0.034 0.559
353.291667 354.291667   69.33 0.559  1.62 0.559 9.999 0.559259 0.11 0.559000 0.024 0.559  0.699 0.000   0.979 0.000    8.588 0.000   4.930 0.000   3.659 0.559 0.063 0.559 0.132 0.559
356.291667 357.291667   11.57 0.000  0.26 0.000 9.999 0.259000 0.05 0.000000 0.008 0.559  0.185 0.000   0.260 0.000    3.388 0.000   2.156 0.000   1.232 0.000 0.010 0.000 0.109 0.559
359.291667 360.291667   39.62 0.000  0.35 0.000 0.041 0.000000 0.13 0.000000 0.027 0.559  0.380 0.000   0.532 0.000    3.452 0.000   1.511 0.000   1.941 0.000 0.048 0.000 0.052 0.559
362.291667 363.291667    8.62 0.000  0.71 0.000 9.999 0.259000 9.99 0.259000 0.011 0.559  0.257 0.000   0.359 0.000    1.281 0.000   0.463 0.000   0.819 0.000 0.008 0.000 0.040 0.559
