scripts/IMPROVE-2019_partial/data/US0028R.20050101050000.20191216000000.filterpack..pm25.52w.1w.US03L_filterpack_US0028.US03L_IMPROVE_Davis.lev2.nas
66 1001
MISSING INFORMATION
US03L, IMPROVE, , , , , , , 
MISSING INFORMATION
IMPROVE sel_HTAP
1 1
2005 01 01 2019 12 16
3.000000
days from file reference point
27
1 1 1 1 1 1 1 1 1 1 1 1 1 1 1 1 1 1 1 1 1 1 1 1 1 1 1
999.999999 99.999 9.999999999 9999.99 9.999 99.99 9.999 9.999 9.999999 9.99 9.999 9.999 9.999999 99.999 9.999 99.999 9.999 999.999 9.999 999.999 9.999 999.999 9.999 9.999 9.999 99.999 9.999999
end_time of measurement, days from the file reference point
ammonium, ug N/m3, Revision date=20181210133000
numflag ammonium, no unit, Revision date=20181210133000
iron, ng/m3, Revision date=20181210133000
numflag iron, no unit, Revision date=20181210133000
lead, ng/m3, Revision date=20181210133000
numflag lead, no unit, Revision date=20181210133000
magnesium, ug/m3, Revision date=20181210133000
numflag magnesium, no unit, Revision date=20181210133000
nickel, ng/m3, Revision date=20181210133000
numflag nickel, no unit, Revision date=20181210133000
nitrate, ug N/m3, Revision date=20181210133000
numflag nitrate, no unit, Revision date=20181210133000
organic_carbon, ug C/m3, Revision date=20181210133000
numflag organic_carbon, no unit, Revision date=20181210133000
organic_mass, ug/m3, Revision date=20181210133000
numflag organic_mass, no unit, Revision date=20181210133000
pm10_mass, ug/m3, Version=2, Version description=Data extracted from http://views.cira.colostate.edu/fed/DataWizard 2019-12-16, Sample duration=1d, Orig. time res.=3d, Matrix=pm10, Blank correction=Blank corrected, Volume std. temperature=ambient, Volume std. pressure=ambient
numflag pm10_mass, no unit, Version=2, Version description=Data extracted from http://views.cira.colostate.edu/fed/DataWizard 2019-12-16, Sample duration=1d, Orig. time res.=3d, Matrix=pm10, Blank correction=Blank corrected, Volume std. temperature=ambient, Volume std. pressure=ambient
pm10_pm25_mass, ug/m3, Revision date=20181210133000, Matrix=pm10_pm25
numflag pm10_pm25_mass, no unit, Revision date=20181210133000, Matrix=pm10_pm25
pm25_mass, ug/m3, Version=2, Version description=Data extracted from http://views.cira.colostate.edu/fed/DataWizard 2019-12-16, Sample duration=1d, Orig. time res.=3d, Blank correction=Blank corrected, Volume std. temperature=ambient, Volume std. pressure=ambient
numflag pm25_mass, no unit, Version=2, Version description=Data extracted from http://views.cira.colostate.edu/fed/DataWizard 2019-12-16, Sample duration=1d, Orig. time res.=3d, Blank correction=Blank corrected, Volume std. temperature=ambient, Volume std. pressure=ambient
potassium, ug/m3, Revision date=20181210133000
numflag potassium, no unit, Revision date=20181210133000
sulphate_total, ug S/m3, Revision date=20181210133000
numflag sulphate_total, no unit, Revision date=20181210133000
0
25
Data definition:              EBAS_1.1
Set type code:                TU
Timezone:                     UTC
File name:                    US0028R.20050101050000.20191216000000.filterpack..pm25.52w.1w.US03L_filterpack_US0028.US03L_IMPROVE_Davis.lev2.nas
File creation:                20191218115722
Startdate:                    20050101050000
Revision date:                20191216000000
Statistics:                   arithmetic mean
Data level:                   2
Period code:                  52w
Resolution code:              1w
Station code:                 US0028R
Platform code:                US0028S
Station name:                 Cohutta
Station latitude:             34.7852
Station longitude:            -84.6265
Station altitude:             735.0 m
Regime:                       IMG
Component:                    
Matrix:                       pm25
Laboratory code:              US03L
Instrument type:              filterpack
Instrument name:              filterpack_US0028
Method ref:                   US03L_IMPROVE_Davis
starttime endtime NH4+ flag_NH4+ Fe flag_Fe Pb flag_Pb Mg++ flag_Mg++ Ni flag_Ni NO3- flag_NO3- OC flag_OC OM flag_OM PM10 flag_PM10 PM10-PM2.5 flag_PM10-PM2.5 PM2.5 flag_PM2.5 K+ flag_K+ SO4-- flag_SO4--
[from data line 79]
237.208333 238.208333 99.999 0.999000000 9999.99 0.999 99.99 0.999 9.999 0.999000 9.99 0.999 9.999 0.999000 99.999 0.999 99.999 0.999 999.999 0.999 999.999 0.999 999.999 0.999 9.999 0.999 99.999 0.999000
240.208333 241.208333 99.999 0.999000000 9999.99 0.999 99.99 0.999 9.999 0.999000 9.99 0.999 9.999 0.999000 99.999 0.999 99.999 0.999 999.999 0.999 999.999 0.999 999.999 0.999 9.999 0.999 99.999 0.999000
243.208333 244.208333 99.999 0.999000000 9999.99 0.999 99.99 0.999 9.999 0.999000 9.99 0.999 9.999 0.999000 99.999 0.999 99.999 0.999 999.999 0.999 999.999 0.999 999.999 0.999 9.999 0.999 99.999 0.999000
246.208333 247.208333 99.999 0.259000000   40.30 0.000  2.23 0.000 9.999 0.259000 0.07 0.000 0.027 0.000000  2.763 0.000  4.974 0.000  19.464 0.000   5.587 0.000  13.879 0.000 0.042 0.000  1.621 0.000000
249.208333 250.208333 99.999 0.259000000   15.85 0.000  1.19 0.000 9.999 0.259000 0.16 0.000 0.054 0.000000  1.404 0.000  2.528 0.000  10.620 0.000   3.915 0.000   6.706 0.000 0.027 0.000  0.777 0.000000
252.208333 253.208333 99.999 0.259000000 9999.99 0.456 99.99 0.456 9.999 0.456000 9.99 0.456 0.025 0.000000  2.405 0.000  4.330 0.000  16.039 0.000 999.999 0.456 999.999 0.456 9.999 0.456  1.361 0.000000
255.208333 256.208333 99.999 0.259000000   40.34 0.000  2.96 0.000 9.999 0.259000 0.21 0.000 0.021 0.000000  2.795 0.000  5.032 0.000  32.267 0.000   2.668 0.000  29.628 0.000 0.046 0.000  5.504 0.000000
258.208333 259.208333 99.999 0.259000000   19.25 0.000  0.76 0.000 9.999 0.259000 0.15 0.000 0.025 0.000000  1.709 0.000  3.077 0.000   9.081 0.000   1.659 0.000   7.424 0.000 0.037 0.000  0.958 0.000000
261.208333 262.208333 99.999 0.259000000   28.31 0.000  1.74 0.000 9.999 0.259000 9.99 0.259 0.015 0.000000  2.394 0.000  4.309 0.000  12.315 0.000   2.488 0.000   9.829 0.000 0.035 0.000  1.109 0.000000
264.208333 265.208333 99.999 0.999000000 9999.99 0.999 99.99 0.999 9.999 0.999000 9.99 0.999 9.999 0.999000 99.999 0.999 99.999 0.999 999.999 0.999 999.999 0.999 999.999 0.999 9.999 0.999 99.999 0.999000
267.208333 268.208333 99.999 0.259000000   27.94 0.000  1.49 0.000 9.999 0.259000 0.42 0.000 0.065 0.000000  1.630 0.000  2.934 0.000  15.025 0.000   2.225 0.000  12.801 0.000 0.029 0.000  1.992 0.000000
270.208333 271.208333 99.999 0.259000000   23.07 0.000  1.54 0.000 9.999 0.259000 0.33 0.000 0.076 0.000000  2.476 0.000  4.457 0.000  18.755 0.000   2.123 0.000  16.640 0.000 0.037 0.000  2.617 0.000000
273.208333 274.208333 99.999 0.259000000   31.76 0.000  2.02 0.000 9.999 0.259000 0.51 0.000 0.052 0.000000  2.401 0.000  4.321 0.000  22.038 0.000   3.163 0.000  18.884 0.000 0.041 0.000  2.912 0.000000
276.208333 277.208333 99.999 0.259000000   20.87 0.000  1.57 0.000 0.012 0.000000 0.66 0.000 0.049 0.000000  1.834 0.000  3.301 0.000  13.798 0.000   3.333 0.000  10.508 0.000 0.033 0.000  1.553 0.000000
279.208333 280.208333 99.999 0.259000000    2.56 0.000  0.49 0.000 9.999 0.259000 9.99 0.259 0.025 0.000000  0.739 0.000  1.331 0.000   3.237 0.000   1.360 0.000   1.877 0.000 0.016 0.000  0.178 0.000000
282.208333 283.208333 99.999 0.259000000    7.69 0.000  1.19 0.000 0.036 0.000000 9.99 0.259 0.181 0.000000  1.889 0.000  3.400 0.000  11.642 0.000   1.478 0.000  10.167 0.000 0.024 0.000  1.466 0.000000
285.208333 286.208333 99.999 0.259000000   27.55 0.000  1.42 0.000 9.999 0.259000 0.28 0.000 0.085 0.000000  2.459 0.000  4.427 0.000  30.411 0.000  15.118 0.000  15.387 0.000 0.037 0.000  2.323 0.000000
288.208333 289.208333 99.999 0.259000000   23.47 0.000  2.16 0.000 9.999 0.259000 9.99 0.259 0.027 0.000000  0.895 0.000  1.611 0.000   7.380 0.000   3.687 0.000   3.629 0.000 0.027 0.000  0.338 0.000000
291.208333 292.208333 99.999 0.259000000   64.17 0.000  2.06 0.000 9.999 0.259000 9.99 0.259 0.089 0.000000  5.550 0.000  9.989 0.000  30.476 0.000   9.724 0.000  20.681 0.000 0.140 0.000  1.773 0.000000
294.208333 295.208333 99.999 0.259000000   12.44 0.000  1.31 0.000 9.999 0.259000 9.99 0.259 0.051 0.000000  1.030 0.000  1.853 0.000   8.843 0.000   1.502 0.000   7.279 0.000 0.026 0.000  1.061 0.000000
297.208333 298.208333 99.999 0.259000000   20.83 0.000  1.08 0.000 9.999 0.259000 0.20 0.000 0.132 0.000000  0.615 0.000  1.107 0.000   7.119 0.000   1.755 0.000   5.334 0.000 0.016 0.000  0.883 0.000000
300.208333 301.208333 99.999 0.559259000   19.66 0.000  2.19 0.000 9.999 0.259000 9.99 0.259 0.043 0.559000  1.067 0.000  1.920 0.000  10.526 0.000   2.667 0.000   7.779 0.000 0.026 0.000  1.095 0.559000
303.208333 304.208333 99.999 0.259000000   52.13 0.000  2.68 0.000 9.999 0.259000 0.29 0.000 0.085 0.000000  3.281 0.000  5.906 0.000  21.562 0.000   4.936 0.000  16.463 0.000 0.070 0.000  1.956 0.000000
306.208333 307.208333 99.999 0.559259000   54.32 0.000  2.13 0.000 0.007 0.000000 0.31 0.000 0.073 0.559000  2.103 0.000  3.786 0.000  14.974 0.000   5.116 0.000   9.856 0.000 0.065 0.000  1.048 0.559000
309.208333 310.208333 99.999 0.559259000   27.51 0.000  1.41 0.000 9.999 0.259000 0.40 0.000 0.167 0.559000  2.768 0.000  4.983 0.000  16.344 0.000   3.908 0.000  12.435 0.000 0.053 0.000  1.481 0.559000
312.208333 313.208333 99.999 0.559259000   39.12 0.000  1.81 0.000 9.999 0.259000 0.46 0.000 0.079 0.559000  3.346 0.000  6.023 0.000  19.551 0.000   5.125 0.000  14.424 0.000 0.059 0.000  1.446 0.559000
315.208333 316.208333 99.999 0.559259000   33.23 0.000  1.82 0.000 9.999 0.259000 9.99 0.259 0.086 0.559000  2.536 0.000  4.566 0.000  11.827 0.000   4.647 0.000   7.178 0.000 0.050 0.000  0.430 0.559000
318.208333 319.208333 99.999 0.559259000   29.92 0.000  0.77 0.000 9.999 0.259000 0.50 0.000 0.171 0.559000  2.436 0.000  4.386 0.000  14.824 0.000   5.395 0.000   9.428 0.000 0.048 0.000  0.926 0.559000
321.208333 322.208333 99.999 0.559259000   18.37 0.000  1.44 0.000 9.999 0.259000 9.99 0.259 0.101 0.559000  0.879 0.000  1.583 0.000   5.834 0.000   2.180 0.000   3.654 0.000 0.033 0.000  0.306 0.559000
324.208333 325.208333 99.999 0.559259000    6.49 0.000  0.72 0.000 9.999 0.259000 0.22 0.000 0.074 0.559000  1.080 0.000  1.943 0.000   4.799 0.000   0.822 0.000   3.977 0.000 0.023 0.000  0.425 0.559000
327.208333 328.208333 99.999 0.559259000   26.07 0.000  1.26 0.000 9.999 0.259000 9.99 0.259 0.093 0.559000 99.999 0.699 99.999 0.699   9.922 0.000   5.602 0.000   4.321 0.000 0.044 0.000  0.258 0.559000
330.208333 331.208333 99.999 0.559259000   15.77 0.000  1.37 0.000 0.012 0.000000 0.55 0.000 0.355 0.559000  2.171 0.000  3.908 0.000  13.780 0.000   2.673 0.000  11.108 0.000 0.053 0.000  1.437 0.559000
333.208333 334.208333 99.999 0.559259000   21.54 0.000  0.56 0.000 9.999 0.259000 9.99 0.259 0.134 0.559000  0.921 0.000  1.659 0.000   5.844 0.000   2.057 0.000   3.757 0.000 0.028 0.000  0.331 0.559000
336.208333 337.208333 99.999 0.559259000   13.84 0.000  1.52 0.000 0.005 0.000000 9.99 0.259 0.200 0.559000  1.346 0.000  2.422 0.000   5.387 0.000   1.234 0.000   4.119 0.000 0.032 0.000  0.352 0.559000
339.208333 340.208333 99.999 0.559259000   14.26 0.000  1.13 0.000 9.999 0.259000 9.99 0.259 0.271 0.559000  0.956 0.000  1.720 0.000   6.380 0.000   0.590 0.000   5.569 0.000 0.021 0.000  0.763 0.559000
342.208333 343.208333 99.999 0.559259000   12.46 0.000  2.07 0.000 9.999 0.259000 0.11 0.000 0.169 0.559000  0.828 0.000  1.490 0.000   5.266 0.000   1.076 0.000   4.180 0.000 0.023 0.000  0.495 0.559000
345.208333 346.208333 99.999 0.559259000   12.40 0.000  1.23 0.000 0.007 0.000000 9.99 0.259 0.144 0.559000  0.847 0.000  1.524 0.000   4.493 0.000   1.247 0.000   3.253 0.000 0.021 0.000  0.319 0.559000
348.208333 349.208333 99.999 0.559394259    4.79 0.394  1.11 0.394 0.006 0.394000 0.32 0.394 0.121 0.559394  0.735 0.000  1.323 0.000   2.647 0.000   0.232 0.000   2.416 0.000 0.015 0.394  0.300 0.559394
351.208333 352.208333 99.999 0.559259000   14.31 0.000  2.11 0.000 0.006 0.000000 0.11 0.000 0.143 0.559000  1.394 0.000  2.509 0.000   6.212 0.000   1.317 0.000   4.895 0.000 0.035 0.000  0.389 0.559000
354.208333 355.208333 99.999 0.559259000   15.71 0.000  1.28 0.000 0.004 0.000000 9.99 0.259 0.180 0.559000  0.986 0.000  1.775 0.000   5.549 0.000   1.627 0.000   3.923 0.000 0.034 0.000  0.351 0.559000
357.208333 358.208333 99.999 0.559259000   22.15 0.000  2.05 0.000 9.999 0.259000 0.14 0.000 0.470 0.559000  2.900 0.000  5.219 0.000  12.220 0.000   1.332 0.000  10.889 0.000 0.071 0.000  0.961 0.559000
360.208333 361.208333 99.999 0.559259000   10.20 0.000  1.37 0.000 9.999 0.259000 0.18 0.000 0.167 0.559000  1.107 0.000  1.993 0.000   6.626 0.000   1.375 0.000   5.251 0.000 0.031 0.000  0.621 0.559000
363.208333 364.208333 99.999 0.559259000    7.62 0.000  0.64 0.000 9.999 0.259000 0.12 0.000 0.295 0.559000  0.727 0.000  1.308 0.000   5.809 0.000   0.632 0.000   5.176 0.000 0.017 0.000  0.770 0.559000
