scripts/IMPROVE-2019_partial/data/US0024R.20020102080000.20191216000000.filterpack..pm25.52w.1w.US03L_filterpack_US0024.US03L_IMPROVE_Davis.lev2.nas
66 1001
MISSING INFORMATION
US03L, IMPROVE, , , , , , , 
MISSING INFORMATION
IMPROVE sel_HTAP
1 1
2002 01 01 2019 12 16
3.000000
days from file reference point
27
1 1 1 1 1 1 1 1 1 1 1 1 1 1 1 1 1 1 1 1 1 1 1 1 1 1 1
999.999999 9999.99 9.999 99.99 9.999 9.999 9.999999 9.99 9.999999 9.999 9.999 99.999 9.999 999.999 9.999 999.99 9.999999 999.999 9.999 999.999 9.999 999.999 9.999 9.999 9.999 9.999 9.999
end_time of measurement, days from the file reference point
iron, ng/m3, Revision date=20181210133000
numflag iron, no unit, Revision date=20181210133000
lead, ng/m3, Revision date=20181210133000
numflag lead, no unit, Revision date=20181210133000
magnesium, ug/m3, Revision date=20181210133000
numflag magnesium, no unit, Revision date=20181210133000
nickel, ng/m3, Revision date=20181210133000
numflag nickel, no unit, Revision date=20181210133000
nitrate, ug N/m3, Revision date=20181210133000
numflag nitrate, no unit, Revision date=20181210133000
organic_carbon, ug C/m3, Revision date=20181210133000
numflag organic_carbon, no unit, Revision date=20181210133000
organic_mass, ug/m3, Revision date=20181210133000
numflag organic_mass, no unit, Revision date=20181210133000
phosphorus, ng/m3, Revision date=20181210133000
numflag phosphorus, no unit, Revision date=20181210133000
pm10_mass, ug/m3, Version=2, Version description=Data extracted from http://views.cira.colostate.edu/fed/DataWizard 2019-12-16, Sample duration=1d, Orig. time res.=3d, Matrix=pm10, Blank correction=Blank corrected, Volume std. temperature=ambient, Volume std. pressure=ambient
numflag pm10_mass, no unit, Version=2, Version description=Data extracted from http://views.cira.colostate.edu/fed/DataWizard 2019-12-16, Sample duration=1d, Orig. time res.=3d, Matrix=pm10, Blank correction=Blank corrected, Volume std. temperature=ambient, Volume std. pressure=ambient
pm10_pm25_mass, ug/m3, Revision date=20181210133000, Matrix=pm10_pm25
numflag pm10_pm25_mass, no unit, Revision date=20181210133000, Matrix=pm10_pm25
pm25_mass, ug/m3, Version=2, Version description=Data extracted from http://views.cira.colostate.edu/fed/DataWizard 2019-12-16, Sample duration=1d, Orig. time res.=3d, Blank correction=Blank corrected, Volume std. temperature=ambient, Volume std. pressure=ambient
numflag pm25_mass, no unit, Version=2, Version description=Data extracted from http://views.cira.colostate.edu/fed/DataWizard 2019-12-16, Sample duration=1d, Orig. time res.=3d, Blank correction=Blank corrected, Volume std. temperature=ambient, Volume std. pressure=ambient
potassium, ug/m3, Revision date=20181210133000
numflag potassium, no unit, Revision date=20181210133000
sulphate_total, ug S/m3, Revision date=20181210133000
numflag sulphate_total, no unit, Revision date=20181210133000
0
25
Data definition:              EBAS_1.1
Set type code:                TU
Timezone:                     UTC
File name:                    US0024R.20020102080000.20191216000000.filterpack..pm25.52w.1w.US03L_filterpack_US0024.US03L_IMPROVE_Davis.lev2.nas
File creation:                20191218115700
Startdate:                    20020102080000
Revision date:                20191216000000
Statistics:                   arithmetic mean
Data level:                   2
Period code:                  52w
Resolution code:              1w
Station code:                 US0024R
Platform code:                US0024S
Station name:                 Kaiser
Station latitude:             37.2207
Station longitude:            -119.1546
Station altitude:             2597.0 m
Regime:                       IMG
Component:                    
Matrix:                       pm25
Laboratory code:              US03L
Instrument type:              filterpack
Instrument name:              filterpack_US0024
Method ref:                   US03L_IMPROVE_Davis
starttime endtime Fe flag_Fe Pb flag_Pb Mg++ flag_Mg++ Ni flag_Ni NO3- flag_NO3- OC flag_OC OM flag_OM P flag_P PM10 flag_PM10 PM10-PM2.5 flag_PM10-PM2.5 PM2.5 flag_PM2.5 K+ flag_K+ SO4-- flag_SO4--
[from data line 81]
244.333333 245.333333   71.47 0.000  0.92 0.000 9.999 0.259000 9.99 0.259000 0.074 0.000  1.105 0.000   1.546 0.000 999.99 0.259000  11.061 0.000   6.261 0.000   4.800 0.000 0.042 0.000 0.350 0.000
247.333333 248.333333   55.95 0.000  0.70 0.000 9.999 0.259000 9.99 0.259000 0.148 0.000  0.725 0.000   1.015 0.000 999.99 0.259000  10.960 0.000   7.103 0.000   3.858 0.000 0.036 0.000 0.360 0.000
250.333333 251.333333   48.73 0.000  0.72 0.000 9.999 0.259000 9.99 0.259000 0.303 0.000  1.406 0.000   1.968 0.000 999.99 0.259000  11.379 0.000   6.308 0.000   5.071 0.000 0.074 0.000 0.304 0.000
253.333333 254.333333   61.49 0.000  0.91 0.000 9.999 0.259000 9.99 0.259000 0.215 0.000  1.552 0.000   2.172 0.000 999.99 0.259000  12.683 0.000   7.686 0.000   4.997 0.000 0.038 0.000 0.234 0.000
256.333333 257.333333   64.94 0.559  0.71 0.559 0.037 0.559000 0.12 0.559000 0.051 0.000  1.172 0.000   1.642 0.000 999.99 0.559259  14.893 0.000  10.667 0.000   4.226 0.559 0.036 0.559 0.245 0.000
259.333333 260.333333   33.78 0.000  0.69 0.000 9.999 0.259000 9.99 0.259000 0.073 0.000  1.612 0.000   2.257 0.000 999.99 0.259000   7.606 0.000   3.972 0.000   3.634 0.000 0.039 0.000 0.160 0.000
262.333333 263.333333   77.66 0.000  0.58 0.000 9.999 0.259000 9.99 0.259000 0.053 0.000  1.462 0.000   2.047 0.000 999.99 0.259000  13.515 0.000   7.853 0.000   5.662 0.000 0.046 0.000 0.165 0.000
265.333333 266.333333  101.29 0.000  0.84 0.000 0.020 0.000000 9.99 0.259000 0.066 0.000  1.468 0.000   2.055 0.000 999.99 0.259000  11.227 0.000   6.619 0.000   4.609 0.000 0.041 0.000 0.186 0.000
268.333333 269.333333  116.65 0.000  0.90 0.000 9.999 0.259000 9.99 0.259000 0.277 0.000  1.392 0.000   1.948 0.000 999.99 0.259000  11.934 0.000   6.253 0.000   5.682 0.000 0.076 0.000 0.164 0.000
271.333333 272.333333   30.05 0.000  0.56 0.000 9.999 0.259000 0.18 0.000000 0.140 0.000  0.845 0.000   1.183 0.000 999.99 0.259000   6.944 0.000   3.243 0.000   3.702 0.000 0.027 0.000 0.236 0.000
274.333333 275.333333   43.81 0.559  0.48 0.559 9.999 0.559259 0.07 0.559000 0.065 0.000  0.850 0.000   1.190 0.000 999.99 0.559259  10.205 0.000   5.999 0.000   4.206 0.559 0.029 0.559 0.084 0.000
277.333333 278.333333   69.40 0.000  0.82 0.000 9.999 0.259000 0.10 0.000000 0.076 0.000  1.287 0.000   1.802 0.000 999.99 0.259000   9.606 0.000   5.584 0.000   4.022 0.000 0.046 0.000 0.144 0.000
280.333333 281.333333   51.87 0.000  0.55 0.000 0.012 0.000000 0.07 0.000000 0.033 0.000  1.759 0.000   2.462 0.000 999.99 0.259000   8.992 0.000   4.732 0.000   4.261 0.000 0.034 0.000 0.108 0.000
283.333333 284.333333   86.84 0.000  0.70 0.000 0.015 0.000000 0.08 0.000000 0.447 0.000  1.116 0.000   1.563 0.000 999.99 0.259000  12.458 0.000   7.507 0.000   4.951 0.000 0.053 0.000 0.219 0.000
286.333333 287.333333   79.30 0.000  0.71 0.000 0.021 0.000000 0.06 0.000000 0.053 0.000  1.187 0.000   1.662 0.000 999.99 0.259000  10.185 0.000   6.096 0.000   4.089 0.000 0.049 0.000 0.171 0.000
289.333333 290.333333   56.45 0.559  0.64 0.559 9.999 0.559259 0.07 0.559000 0.083 0.000  0.648 0.000   0.908 0.000 999.99 0.559259   7.961 0.000   4.927 0.000   3.035 0.559 0.037 0.559 0.162 0.000
292.333333 293.333333   30.36 0.559  0.84 0.559 9.999 0.559259 0.05 0.559000 0.043 0.000  0.529 0.000   0.740 0.000 999.99 0.559259   3.974 0.000   1.868 0.000   2.106 0.559 0.025 0.559 0.108 0.000
295.333333 296.333333 9999.99 0.699 99.99 0.699 9.999 0.699000 9.99 0.699000 0.829 0.000  3.665 0.000   5.131 0.000 999.99 0.699000  20.452 0.000 999.999 0.999 999.999 0.699 9.999 0.699 0.562 0.000
298.333333 299.333333   83.10 0.559  1.58 0.559 9.999 0.559259 0.09 0.559000 0.622 0.000  1.742 0.000   2.439 0.000 999.99 0.559259  18.293 0.000   9.316 0.000   8.977 0.559 0.093 0.559 0.454 0.000
301.333333 302.333333   42.66 0.000  0.84 0.000 9.999 0.259000 0.10 0.000000 0.312 0.000  1.248 0.000   1.748 0.000 999.99 0.259000  11.372 0.000   5.878 0.000   5.493 0.000 0.046 0.000 0.192 0.000
304.333333 305.333333   36.60 0.000  0.64 0.000 9.999 0.259000 0.07 0.000000 0.284 0.000  1.842 0.000   2.579 0.000 999.99 0.259000   8.827 0.000   3.165 0.000   5.662 0.000 0.037 0.000 0.119 0.000
307.333333 308.333333   65.74 0.559  0.59 0.559 0.009 0.559000 0.08 0.559000 0.448 0.000  2.455 0.000   3.437 0.000 999.99 0.559259  11.421 0.000   3.752 0.000   7.668 0.559 0.048 0.559 0.125 0.000
310.333333 311.333333 9999.99 0.999 99.99 0.999 9.999 0.999000 9.99 0.999000 9.999 0.999 99.999 0.999 999.999 0.999 999.99 0.999000 999.999 0.999 999.999 0.999 999.999 0.999 9.999 0.999 9.999 0.999
313.333333 314.333333   21.39 0.000  0.26 0.000 9.999 0.259000 0.09 0.000000 0.013 0.000  0.077 0.000   0.108 0.000 999.99 0.259000   1.473 0.000   0.386 0.000   1.087 0.000 0.012 0.000 0.085 0.000
316.333333 317.333333 9999.99 0.999 99.99 0.999 9.999 0.999000 9.99 0.999000 9.999 0.999 99.999 0.999 999.999 0.999 999.99 0.999000 999.999 0.999 999.999 0.999 999.999 0.999 9.999 0.999 9.999 0.999
319.333333 320.333333   21.33 0.000  0.66 0.000 9.999 0.259000 9.99 0.259000 0.008 0.000  0.500 0.000   0.700 0.000 999.99 0.259000   2.537 0.000   0.363 0.000   2.174 0.000 0.016 0.000 0.149 0.000
322.333333 323.333333    3.02 0.000  0.28 0.000 9.999 0.259000 9.99 0.259000 0.004 0.000  0.428 0.000   0.599 0.000 999.99 0.259000   1.653 0.000   0.440 0.000   1.213 0.000 0.004 0.000 0.041 0.000
325.333333 326.333333   28.65 0.000  0.39 0.000 9.999 0.259000 0.08 0.000000 0.205 0.000  0.427 0.000   0.599 0.000 999.99 0.259000   4.283 0.000   2.106 0.000   2.178 0.000 0.017 0.000 0.053 0.000
328.333333 329.333333   27.61 0.000  0.38 0.000 9.999 0.259000 0.07 0.000000 0.009 0.000  0.270 0.000   0.378 0.000 999.99 0.259000  10.522 0.000   9.036 0.000   1.486 0.000 0.014 0.000 0.065 0.000
331.333333 332.333333    7.40 0.000  0.38 0.000 9.999 0.259000 9.99 0.259000 0.005 0.000  0.153 0.000   0.214 0.000 999.99 0.259000   2.761 0.000   1.786 0.000   0.975 0.000 0.005 0.000 0.059 0.000
334.333333 335.333333   71.43 0.000  0.33 0.000 0.034 0.000000 0.22 0.000000 0.036 0.000  0.672 0.000   0.940 0.000 999.99 0.259000   2.609 0.000 999.999 0.259   3.581 0.000 0.033 0.000 0.089 0.000
337.333333 338.333333 9999.99 0.999 99.99 0.999 9.999 0.999000 9.99 0.999000 9.999 0.999 99.999 0.999 999.999 0.999 999.99 0.999000 999.999 0.999 999.999 0.999 999.999 0.999 9.999 0.999 9.999 0.999
340.333333 341.333333   26.06 0.000  0.29 0.000 9.999 0.259000 0.09 0.000000 0.044 0.000  1.156 0.000   1.618 0.000 999.99 0.259000   3.134 0.000   0.533 0.000   2.600 0.000 0.017 0.000 0.047 0.000
343.333333 344.333333   67.80 0.000  0.34 0.000 0.035 0.000000 0.17 0.000000 0.023 0.000  0.309 0.000   0.432 0.000 999.99 0.259000   1.966 0.000 999.999 0.259   2.071 0.000 0.035 0.000 0.067 0.000
346.333333 347.333333   89.50 0.000  0.20 0.000 9.999 0.259000 0.17 0.000000 0.053 0.000  0.697 0.000   0.976 0.000 999.99 0.259000   6.568 0.000   3.455 0.000   3.113 0.000 0.052 0.000 0.065 0.000
349.333333 350.333333    0.74 0.000  0.09 0.000 9.999 0.259000 0.03 0.000000 0.005 0.000  0.078 0.000   0.109 0.000 999.99 0.259000   1.004 0.000   0.820 0.000   0.184 0.000 0.003 0.000 0.017 0.000
352.333333 353.333333 9999.99 0.999 99.99 0.999 9.999 0.999000 9.99 0.999000 9.999 0.999 99.999 0.999 999.999 0.999 999.99 0.999000 999.999 0.999 999.999 0.999 999.999 0.999 9.999 0.999 9.999 0.999
355.333333 356.333333    2.88 0.000  0.40 0.000 9.999 0.259000 9.99 0.259000 0.007 0.000  0.098 0.000   0.137 0.000 999.99 0.259000   0.550 0.000   0.126 0.000   0.425 0.000 0.004 0.000 0.041 0.000
358.333333 359.333333    3.35 0.000 99.99 0.259 9.999 0.259000 0.04 0.000000 9.999 0.259  0.078 0.000   0.109 0.000 999.99 0.259000   7.077 0.000   6.448 0.000   0.629 0.000 0.004 0.000 0.026 0.000
361.333333 362.333333    4.98 0.000  0.18 0.000 0.020 0.000000 9.99 0.259000 0.009 0.000  0.120 0.000   0.167 0.000 999.99 0.259000   3.577 0.000   2.996 0.000   0.581 0.000 0.004 0.000 0.038 0.000
364.333333 365.333333   19.64 0.000 99.99 0.259 0.018 0.000000 0.11 0.000000 0.008 0.000  0.196 0.000   0.275 0.000 999.99 0.259000   1.052 0.000   0.481 0.000   0.571 0.000 0.009 0.000 0.045 0.000
