scripts/IMPROVE-2019_partial/data/US0083R.19990102080000.20191216000000.filterpack...1y.3d.US03L_filterpack_US0083.US03L_IMPROVE_Davis.lev2.nas
51 1001
MISSING INFORMATION
US03L, IMPROVE, , , , , , , 
MISSING INFORMATION
IMPROVE sel_HTAP
1 1
1999 01 01 2019 12 16
0
days from file reference point
4
1 1 1 1
999.999999 999.999 999.999 9.999
end_time of measurement, days from the file reference point
pm10_mass, ug/m3, Matrix=pm10
pm25_mass, ug/m3, Matrix=pm25
numflag, no unit
0
33
Data definition:              EBAS_1.1
Set type code:                TI
Timezone:                     UTC
File name:                    US0083R.19990102080000.20191216000000.filterpack...1y.3d.US03L_filterpack_US0083.US03L_IMPROVE_Davis.lev2.nas
File creation:                20191218120101
Startdate:                    19990102080000
Revision date:                20191216000000
Version:                      2
Version description:          "Data extracted from http://views.cira.colostate.edu/fed/DataWizard 2019-12-16"
Statistics:                   arithmetic mean
Data level:                   2
Period code:                  1y
Resolution code:              3d
Sample duration:              1d
Orig. time res.:              3d
Station code:                 US0083R
Platform code:                US0083S
Station name:                 Columbia River Gorge
Station latitude:             45.6644
Station longitude:            -121.0008
Station altitude:             178.0 m
Regime:                       IMG
Component:                    
Unit:                         ug/m3
Matrix:                       
Laboratory code:              US03L
Instrument type:              filterpack
Instrument name:              filterpack_US0083
Method ref:                   US03L_IMPROVE_Davis
Blank correction:             Blank corrected
Volume std. temperature:      ambient
Volume std. pressure:         ambient
starttime endtime PM10 PM2.5 flag
  1.333333   2.333333   8.244   5.581 0.000
  5.333333   6.333333   7.422   4.609 0.000
  8.333333   9.333333   7.075   5.263 0.000
 12.333333  13.333333  19.931   6.250 0.000
 15.333333  16.333333  11.228   1.984 0.000
 19.333333  20.333333  17.430   7.737 0.000
 22.333333  23.333333   7.125   1.433 0.000
 26.333333  27.333333  11.183   4.889 0.000
 29.333333  30.333333   6.674   1.798 0.000
 33.333333  34.333333  21.555  10.147 0.000
 36.333333  37.333333   7.215   1.989 0.000
 40.333333  41.333333   5.421   2.211 0.000
 43.333333  44.333333  10.842   4.965 0.000
 47.333333  48.333333   3.450   2.099 0.000
 50.333333  51.333333   6.138   3.910 0.000
 54.333333  55.333333   6.268   2.628 0.000
 57.333333  58.333333   6.899   4.129 0.000
 61.333333  62.333333   4.202   1.557 0.000
 64.333333  65.333333   8.714   5.468 0.000
 68.333333  69.333333   6.579   3.284 0.000
 71.333333  72.333333  13.486  10.953 0.000
 75.333333  76.333333  11.620   4.360 0.000
 78.333333  79.333333  32.589  11.092 0.000
 82.333333  83.333333  16.560   6.508 0.000
 85.333333  86.333333 999.999 999.999 0.999
 89.333333  90.333333   6.480   3.271 0.000
 92.333333  93.333333 999.999 999.999 0.999
 96.333333  97.333333  24.759   8.008 0.000
 99.333333 100.333333   4.874   4.167 0.000
103.333333 104.333333  18.996   6.253 0.000
106.333333 107.333333  22.491   9.377 0.000
110.333333 111.333333  10.504   3.902 0.000
113.333333 114.333333  16.753   7.409 0.000
117.333333 118.333333  11.515   3.973 0.000
120.333333 121.333333   5.230   1.152 0.000
124.333333 125.333333   9.421   3.986 0.000
127.333333 128.333333   7.210   2.304 0.000
131.333333 132.333333   6.293   2.723 0.000
134.333333 135.333333  18.056   4.630 0.000
138.333333 139.333333  12.915   4.375 0.000
141.333333 142.333333   7.325   5.095 0.000
145.333333 146.333333  13.558   5.034 0.000
148.333333 149.333333  11.781   5.550 0.000
152.333333 153.333333  10.835   3.549 0.000
155.333333 156.333333   6.610   2.080 0.000
159.333333 160.333333   8.215 999.999 0.000
162.333333 163.333333  20.283   4.202 0.000
166.333333 167.333333  28.687   5.445 0.000
169.333333 170.333333   5.498   2.284 0.000
173.333333 174.333333 999.999 999.999 0.999
176.333333 177.333333 999.999 999.999 0.999
180.333333 181.333333   9.714   2.959 0.000
183.333333 184.333333   8.515   4.154 0.000
187.333333 188.333333   9.838   1.691 0.000
190.333333 191.333333  28.150  16.508 0.000
194.333333 195.333333  15.136   4.356 0.000
197.333333 198.333333   8.358   3.366 0.000
201.333333 202.333333  14.845   8.430 0.000
204.333333 205.333333   8.400   2.325 0.000
208.333333 209.333333  23.856  12.506 0.000
211.333333 212.333333  14.665   5.652 0.000
215.333333 216.333333  25.561   9.169 0.000
218.333333 219.333333   5.229   3.231 0.000
222.333333 223.333333  21.081   8.796 0.000
225.333333 226.333333   8.846   1.638 0.000
229.333333 230.333333  31.676  12.626 0.000
232.333333 233.333333   5.279   2.374 0.000
236.333333 237.333333 999.999   9.716 0.000
239.333333 240.333333  42.402  13.950 0.000
243.333333 244.333333   6.495   3.412 0.000
246.333333 247.333333 999.999 999.999 0.999
250.333333 251.333333  21.491   5.823 0.000
253.333333 254.333333  14.587   5.123 0.000
257.333333 258.333333  23.891  13.428 0.000
260.333333 261.333333  19.888   9.797 0.000
264.333333 265.333333  14.826   5.169 0.000
267.333333 268.333333  16.829   6.574 0.000
271.333333 272.333333  30.591  13.128 0.000
274.333333 275.333333  16.118   3.136 0.000
278.333333 279.333333  10.200   5.169 0.000
281.333333 282.333333   6.467   3.162 0.000
285.333333 286.333333  13.583   3.751 0.000
288.333333 289.333333  12.290   5.122 0.000
292.333333 293.333333  31.387  12.251 0.000
295.333333 296.333333  36.276  15.818 0.000
299.333333 300.333333   5.342   4.864 0.000
302.333333 303.333333   4.318   4.102 0.000
306.333333 307.333333 999.999 999.999 0.999
309.333333 310.333333 999.999 999.999 0.999
313.333333 314.333333  23.438  17.871 0.000
316.333333 317.333333   8.948   6.180 0.000
320.333333 321.333333   5.824   1.610 0.000
323.333333 324.333333   7.425   4.091 0.000
327.333333 328.333333   6.541   4.503 0.000
330.333333 331.333333  12.097   7.978 0.000
334.333333 335.333333   4.783   2.411 0.000
337.333333 338.333333   8.002   5.290 0.000
341.333333 342.333333   4.630   2.939 0.000
344.333333 345.333333   1.482   1.131 0.000
348.333333 349.333333   4.915   1.536 0.000
351.333333 352.333333  12.085   1.370 0.000
355.333333 356.333333   7.080   5.232 0.000
358.333333 359.333333   5.592   3.991 0.000
362.333333 363.333333   7.210   5.613 0.000
