scripts/IMPROVE-2019_partial/data/US0057R.20080101050000.20191216000000.filterpack...52w.3d.US03L_filterpack_US0057.US03L_IMPROVE_Davis.lev2.nas
52 1001
MISSING INFORMATION
US03L, IMPROVE, , , , , , , 
MISSING INFORMATION
IMPROVE sel_HTAP
1 1
2008 01 01 2019 12 16
3.000000
days from file reference point
5
1 1 1 1 1
999.999999 999.999 9.999 999.999 9.999
end_time of measurement, days from the file reference point
pm10_mass, ug/m3, Matrix=pm10
numflag pm10_mass, no unit, Matrix=pm10
pm25_mass, ug/m3, Matrix=pm25
numflag pm25_mass, no unit, Matrix=pm25
0
33
Data definition:              EBAS_1.1
Set type code:                TU
Timezone:                     UTC
File name:                    US0057R.20080101050000.20191216000000.filterpack...52w.3d.US03L_filterpack_US0057.US03L_IMPROVE_Davis.lev2.nas
File creation:                20191218115859
Startdate:                    20080101050000
Revision date:                20191216000000
Version:                      2
Version description:          "Data extracted from http://views.cira.colostate.edu/fed/DataWizard 2019-12-16"
Statistics:                   arithmetic mean
Data level:                   2
Period code:                  52w
Resolution code:              3d
Sample duration:              1d
Orig. time res.:              3d
Station code:                 US0057R
Platform code:                US0057S
Station name:                 Linville Gorge
Station latitude:             35.9723
Station longitude:            -81.9331
Station altitude:             968.0 m
Regime:                       IMG
Component:                    
Unit:                         ug/m3
Matrix:                       
Laboratory code:              US03L
Instrument type:              filterpack
Instrument name:              filterpack_US0057
Method ref:                   US03L_IMPROVE_Davis
Blank correction:             Blank corrected
Volume std. temperature:      ambient
Volume std. pressure:         ambient
starttime endtime PM10 flag_PM10 PM2.5 flag_PM2.5
  0.208333   1.208333   4.495 0.000   3.198 0.000
  3.208333   4.208333  11.140 0.000   8.318 0.000
  6.208333   7.208333   6.849 0.000   5.831 0.000
  9.208333  10.208333   7.510 0.000   6.604 0.000
 12.208333  13.208333  11.206 0.000  10.733 0.000
 15.208333  16.208333   6.508 0.000   5.227 0.000
 18.208333  19.208333   5.588 0.000   4.380 0.000
 21.208333  22.208333   5.605 0.000   4.162 0.000
 24.208333  25.208333   5.409 0.000   3.631 0.000
 27.208333  28.208333   5.559 0.000   3.975 0.000
 30.208333  31.208333   5.429 0.000   3.826 0.000
 33.208333  34.208333   7.597 0.000   4.977 0.000
 36.208333  37.208333   6.045 0.000   4.368 0.000
 39.208333  40.208333   9.201 0.000   7.672 0.000
 42.208333  43.208333  10.954 0.000   8.877 0.000
 45.208333  46.208333   8.845 0.000   5.891 0.000
 48.208333  49.208333   4.455 0.000   3.610 0.000
 51.208333  52.208333  10.959 0.000   8.695 0.000
 54.208333  55.208333   7.656 0.000   7.212 0.000
 57.208333  58.208333 999.999 0.999 999.999 0.999
 60.208333  61.208333   4.958 0.000   4.161 0.000
 63.208333  64.208333   5.266 0.000   4.144 0.000
 66.208333  67.208333   6.540 0.000   5.917 0.000
 69.208333  70.208333   6.587 0.000   5.260 0.000
 72.208333  73.208333  11.921 0.000   9.294 0.000
 75.208333  76.208333   7.758 0.000   7.429 0.000
 78.208333  79.208333   5.764 0.000   4.835 0.000
 81.208333  82.208333  11.286 0.000   9.085 0.000
 84.208333  85.208333   8.787 0.000   7.519 0.000
 87.208333  88.208333  14.087 0.000  10.503 0.000
 90.208333  91.208333   1.918 0.000   1.329 0.000
 93.208333  94.208333   8.562 0.000   6.435 0.000
 96.208333  97.208333   3.565 0.000   2.445 0.000
 99.208333 100.208333  11.496 0.000   9.497 0.000
102.208333 103.208333   8.777 0.000   5.645 0.000
105.208333 106.208333   8.612 0.000   7.022 0.000
108.208333 109.208333  35.767 0.000  32.068 0.659
111.208333 112.208333   9.888 0.000   9.019 0.000
114.208333 115.208333   7.833 0.000   5.096 0.000
117.208333 118.208333   7.925 0.000   6.390 0.000
120.208333 121.208333   9.538 0.000   6.839 0.000
123.208333 124.208333  15.540 0.000   9.934 0.000
126.208333 127.208333  13.418 0.000   9.574 0.000
129.208333 130.208333  11.135 0.000   7.520 0.000
132.208333 133.208333  10.265 0.000   6.691 0.000
135.208333 136.208333  17.541 0.000  13.229 0.000
138.208333 139.208333  12.620 0.000   7.674 0.000
141.208333 142.208333  12.730 0.000   7.928 0.000
144.208333 145.208333  12.048 0.000   8.715 0.000
147.208333 148.208333  13.414 0.000  11.520 0.000
150.208333 151.208333  12.945 0.000  10.516 0.000
153.208333 154.208333   9.138 0.000   7.074 0.000
156.208333 157.208333  15.122 0.000  11.933 0.000
159.208333 160.208333  16.450 0.000  14.201 0.000
162.208333 163.208333  15.394 0.000  11.594 0.000
165.208333 166.208333  15.907 0.000  12.303 0.000
168.208333 169.208333  13.548 0.000   9.608 0.000
171.208333 172.208333  16.171 0.000  12.076 0.000
174.208333 175.208333  13.280 0.000   9.579 0.000
177.208333 178.208333  16.656 0.000  12.776 0.000
180.208333 181.208333   9.786 0.000   5.812 0.000
183.208333 184.208333  13.106 0.000  10.006 0.000
186.208333 187.208333  16.064 0.000  13.343 0.000
189.208333 190.208333  15.546 0.000  11.480 0.000
192.208333 193.208333  10.941 0.000   6.829 0.000
195.208333 196.208333  12.561 0.000   8.503 0.000
198.208333 199.208333  20.389 0.000  20.245 0.000
201.208333 202.208333  26.521 0.000  23.125 0.000
204.208333 205.208333  12.859 0.000  10.220 0.000
207.208333 208.208333  13.236 0.000  11.154 0.000
210.208333 211.208333  12.862 0.000   9.355 0.000
213.208333 214.208333  15.311 0.000  11.261 0.000
216.208333 217.208333  16.463 0.000  13.997 0.000
219.208333 220.208333  12.975 0.000  10.379 0.000
222.208333 223.208333  14.123 0.000  12.411 0.000
225.208333 226.208333 999.999 0.999 999.999 0.999
228.208333 229.208333  18.530 0.000  15.102 0.000
231.208333 232.208333  18.598 0.000  15.923 0.000
234.208333 235.208333  13.817 0.000  10.187 0.000
237.208333 238.208333   6.840 0.000   4.474 0.000
240.208333 241.208333   5.300 0.000   2.855 0.000
243.208333 244.208333  17.458 0.000  13.408 0.000
246.208333 247.208333  17.635 0.000  12.499 0.000
249.208333 250.208333  14.631 0.000  10.565 0.000
252.208333 253.208333 999.999 0.999 999.999 0.999
255.208333 256.208333   7.210 0.000   4.270 0.000
258.208333 259.208333   8.249 0.000   4.775 0.000
261.208333 262.208333  13.726 0.000   9.010 0.000
264.208333 265.208333   7.754 0.000   4.775 0.000
267.208333 268.208333   9.322 0.000   6.055 0.000
270.208333 271.208333   3.662 0.000   1.488 0.000
273.208333 274.208333  14.356 0.000  10.711 0.000
276.208333 277.208333   7.833 0.000   5.962 0.000
279.208333 280.208333  16.799 0.000  13.937 0.000
282.208333 283.208333   5.113 0.000   2.409 0.000
285.208333 286.208333 999.999 0.999   5.040 0.000
288.208333 289.208333 999.999 0.999   5.732 0.000
291.208333 292.208333 999.999 0.999   7.614 0.000
294.208333 295.208333 999.999 0.999  10.460 0.000
297.208333 298.208333 999.999 0.999   2.302 0.000
300.208333 301.208333 999.999 0.999   3.670 0.000
303.208333 304.208333 999.999 0.999   3.811 0.000
306.208333 307.208333 999.999 0.999   9.671 0.000
309.208333 310.208333 999.999 0.999   2.175 0.000
312.208333 313.208333 999.999 0.999   4.479 0.000
315.208333 316.208333 999.999 0.999   7.128 0.000
318.208333 319.208333 999.999 0.999   4.016 0.000
321.208333 322.208333 999.999 0.999   4.118 0.000
324.208333 325.208333 999.999 0.999   7.654 0.000
327.208333 328.208333 999.999 0.999   6.566 0.000
330.208333 331.208333 999.999 0.999   3.277 0.000
333.208333 334.208333 999.999 0.999   7.612 0.000
336.208333 337.208333 999.999 0.999   3.681 0.000
339.208333 340.208333 999.999 0.999   2.192 0.000
342.208333 343.208333 999.999 0.999   6.778 0.000
345.208333 346.208333 999.999 0.999   1.024 0.000
348.208333 349.208333 999.999 0.999   4.795 0.000
351.208333 352.208333 999.999 0.999   1.207 0.000
354.208333 355.208333 999.999 0.999   3.390 0.000
357.208333 358.208333 999.999 0.999   4.706 0.000
360.208333 361.208333 999.999 0.999   4.464 0.000
363.208333 364.208333 999.999 0.999   1.436 0.000
