scripts/IMPROVE-2019_partial/data/US0011R.20120101060000.20191216000000.filterpack...52w.3d.US03L_filterpack_US0011.US03L_IMPROVE_Davis.lev2.nas
52 1001
MISSING INFORMATION
US03L, IMPROVE, , , , , , , 
MISSING INFORMATION
IMPROVE sel_HTAP
1 1
2012 01 01 2019 12 16
3.00
days from file reference point
5
1 1 1 1 1
999.99 999.999 9.999 999.999 9.999
end_time of measurement, days from the file reference point
pm10_mass, ug/m3, Matrix=pm10
numflag pm10_mass, no unit, Matrix=pm10
pm25_mass, ug/m3, Matrix=pm25
numflag pm25_mass, no unit, Matrix=pm25
0
33
Data definition:              EBAS_1.1
Set type code:                TU
Timezone:                     UTC
File name:                    US0011R.20120101060000.20191216000000.filterpack...52w.3d.US03L_filterpack_US0011.US03L_IMPROVE_Davis.lev2.nas
File creation:                20191218115608
Startdate:                    20120101060000
Revision date:                20191216000000
Version:                      2
Version description:          "Data extracted from http://views.cira.colostate.edu/fed/DataWizard 2019-12-16"
Statistics:                   arithmetic mean
Data level:                   2
Period code:                  52w
Resolution code:              3d
Sample duration:              1d
Orig. time res.:              3d
Station code:                 US0011R
Platform code:                US0011S
Station name:                 Caney Creek
Station latitude:             34.4544
Station longitude:            -94.1429
Station altitude:             683.0 m
Regime:                       IMG
Component:                    
Unit:                         ug/m3
Matrix:                       
Laboratory code:              US03L
Instrument type:              filterpack
Instrument name:              filterpack_US0011
Method ref:                   US03L_IMPROVE_Davis
Blank correction:             Blank corrected
Volume std. temperature:      ambient
Volume std. pressure:         ambient
starttime endtime PM10 flag_PM10 PM2.5 flag_PM2.5
  0.25   1.25  13.593 0.000   3.250 0.000
  3.25   4.25  10.662 0.000   5.518 0.000
  6.25   7.25  11.105 0.000   7.533 0.000
  9.25  10.25   4.367 0.000   3.312 0.000
 12.25  13.25   4.347 0.000   1.352 0.000
 15.25  16.25   6.261 0.000   4.811 0.000
 18.25  19.25  13.282 0.000 999.999 0.456
 21.25  22.25  38.386 0.000   9.721 0.000
 24.25  25.25   1.715 0.000   1.018 0.000
 27.25  28.25   5.401 0.000   2.169 0.000
 30.25  31.25  10.686 0.000   9.808 0.000
 33.25  34.25   2.493 0.000   1.818 0.000
 36.25  37.25   5.249 0.000   4.571 0.000
 39.25  40.25   9.066 0.000   8.327 0.000
 42.25  43.25   2.232 0.000   1.145 0.000
 45.25  46.25   5.593 0.000   4.462 0.000
 48.25  49.25  10.816 0.000   9.268 0.000
 51.25  52.25  13.623 0.000   3.223 0.000
 54.25  55.25   3.664 0.000   1.432 0.000
 57.25  58.25  12.425 0.000   8.932 0.000
 60.25  61.25  16.948 0.000   6.810 0.000
 63.25  64.25   8.994 0.000   3.403 0.000
 66.25  67.25  12.678 0.000   7.072 0.000
 69.25  70.25   5.768 0.000   3.403 0.000
 72.25  73.25  10.187 0.000   7.817 0.000
 75.25  76.25  11.430 0.000   7.430 0.000
 78.25  79.25   9.212 0.000   5.827 0.000
 81.25  82.25   8.606 0.000   4.122 0.000
 84.25  85.25   6.961 0.000   4.132 0.000
 87.25  88.25  14.094 0.000  10.263 0.000
 90.25  91.25  15.116 0.000  11.124 0.000
 93.25  94.25   9.232 0.000   6.939 0.000
 96.25  97.25  11.662 0.000   6.541 0.000
 99.25 100.25  11.680 0.000   6.915 0.000
102.25 103.25  19.023 0.000   6.258 0.000
105.25 106.25  16.798 0.000   8.812 0.000
108.25 109.25   5.192 0.000   2.888 0.000
111.25 112.25   7.271 0.000   2.731 0.000
114.25 115.25  15.450 0.000   5.362 0.000
117.25 118.25  23.162 0.000  10.720 0.000
120.25 121.25  13.613 0.000   8.428 0.000
123.25 124.25  12.429 0.000   7.563 0.000
126.25 127.25  19.558 0.000  15.022 0.000
129.25 130.25  13.058 0.000   5.917 0.000
132.25 133.25  10.317 0.000   7.379 0.000
135.25 136.25  16.530 0.000  10.700 0.000
138.25 139.25  21.883 0.000  15.463 0.000
141.25 142.25  14.712 0.000   5.945 0.000
144.25 145.25  17.732 0.000   9.505 0.000
147.25 148.25  15.089 0.000   9.929 0.000
150.25 151.25 999.999 0.456   6.417 0.000
153.25 154.25 999.999 0.456   7.575 0.000
156.25 157.25 999.999 0.456   7.875 0.000
159.25 160.25  17.483 0.000  10.463 0.000
162.25 163.25  19.729 0.000  13.346 0.000
165.25 166.25  13.682 0.000   8.468 0.000
168.25 169.25  13.502 0.000   9.571 0.000
171.25 172.25   8.993 0.000   4.937 0.000
174.25 175.25  15.840 0.000  10.156 0.000
177.25 178.25  26.709 0.000  16.927 0.000
180.25 181.25  22.386 0.000  16.817 0.000
183.25 184.25  46.229 0.000  20.511 0.000
186.25 187.25  21.505 0.000  12.257 0.000
189.25 190.25  15.227 0.000  11.112 0.000
192.25 193.25   8.241 0.000   6.310 0.000
195.25 196.25   8.504 0.000   4.830 0.000
198.25 199.25  17.582 0.000   8.766 0.000
201.25 202.25  12.658 0.000   5.761 0.000
204.25 205.25  22.226 0.000  12.646 0.000
207.25 208.25  12.276 0.000   5.362 0.000
210.25 211.25  25.553 0.000  13.095 0.000
213.25 214.25  20.291 0.000  10.331 0.000
216.25 217.25  17.559 0.000   9.932 0.000
219.25 220.25  15.244 0.000  10.702 0.000
222.25 223.25  11.992 0.000   6.066 0.000
225.25 226.25  13.649 0.000   7.160 0.000
228.25 229.25  39.562 0.000  18.226 0.000
231.25 232.25   5.249 0.000   3.251 0.000
234.25 235.25  15.822 0.000   9.642 0.000
237.25 238.25  15.368 0.000   9.130 0.000
240.25 241.25  10.715 0.000   6.231 0.000
243.25 244.25   4.585 0.000   2.419 0.000
246.25 247.25  17.431 0.000   8.614 0.000
249.25 250.25  13.207 0.000   6.683 0.000
252.25 253.25   9.097 0.000   3.022 0.000
255.25 256.25  15.958 0.000   9.789 0.000
258.25 259.25   4.214 0.000   3.202 0.000
261.25 262.25   8.009 0.000   3.760 0.000
264.25 265.25  18.556 0.000  10.083 0.000
267.25 268.25  15.740 0.000   7.221 0.000
270.25 271.25  17.486 0.000  11.704 0.000
273.25 274.25  12.513 0.000   9.270 0.000
276.25 277.25  29.904 0.000  23.131 0.000
279.25 280.25   4.796 0.000   1.828 0.000
282.25 283.25   9.631 0.000   6.513 0.000
285.25 286.25  16.633 0.000  12.818 0.000
288.25 289.25  11.294 0.000   6.041 0.000
291.25 292.25  16.082 0.000   2.559 0.000
294.25 295.25  14.082 0.000   9.284 0.000
297.25 298.25  15.043 0.000   9.511 0.000
300.25 301.25   5.941 0.000   3.017 0.000
303.25 304.25  10.919 0.000   6.444 0.000
306.25 307.25  15.786 0.000   7.803 0.000
309.25 310.25  12.467 0.000   6.875 0.000
312.25 313.25   8.926 0.000   3.977 0.000
315.25 316.25   3.818 0.000   2.457 0.000
318.25 319.25   7.188 0.000   4.236 0.000
321.25 322.25   9.757 0.000   7.096 0.000
324.25 325.25  15.345 0.000   9.434 0.000
327.25 328.25   6.706 0.000   3.006 0.000
330.25 331.25   9.058 0.000   6.155 0.000
333.25 334.25   9.224 0.000   6.639 0.000
336.25 337.25   6.378 0.000   4.519 0.000
339.25 340.25   3.568 0.000   2.036 0.000
342.25 343.25  17.980 0.000  10.973 0.000
345.25 346.25   5.854 0.000   3.414 0.000
348.25 349.25   7.396 0.000   5.122 0.000
351.25 352.25   9.234 0.000   5.194 0.000
354.25 355.25   6.348 0.000   1.667 0.000
357.25 358.25  11.841 0.000   6.414 0.000
360.25 361.25   8.191 0.000   7.010 0.000
363.25 364.25  10.181 0.000   8.570 0.000
