scripts/IMPROVE-2019_partial/data/US0097R.20170101080000.20191216000000.filterpack...52w.3d.US03L_filterpack_US0097.US03L_IMPROVE_Davis.lev2.nas
52 1001
MISSING INFORMATION
US03L, IMPROVE, , , , , , , 
MISSING INFORMATION
IMPROVE sel_HTAP
1 1
2017 01 01 2019 12 16
3.000000
days from file reference point
5
1 1 1 1 1
999.999999 9999.999 9.999 9999.999 9.999
end_time of measurement, days from the file reference point
pm10_mass, ug/m3, Matrix=pm10
numflag pm10_mass, no unit, Matrix=pm10
pm25_mass, ug/m3, Matrix=pm25
numflag pm25_mass, no unit, Matrix=pm25
0
33
Data definition:              EBAS_1.1
Set type code:                TU
Timezone:                     UTC
File name:                    US0097R.20170101080000.20191216000000.filterpack...52w.3d.US03L_filterpack_US0097.US03L_IMPROVE_Davis.lev2.nas
File creation:                20191218120203
Startdate:                    20170101080000
Revision date:                20191216000000
Version:                      2
Version description:          "Data extracted from http://views.cira.colostate.edu/fed/DataWizard 2019-12-16"
Statistics:                   arithmetic mean
Data level:                   2
Period code:                  52w
Resolution code:              3d
Sample duration:              1d
Orig. time res.:              3d
Station code:                 US0097R
Platform code:                US0097S
Station name:                 Redwood NP
Station latitude:             41.5608
Station longitude:            -124.0839
Station altitude:             243.0 m
Regime:                       IMG
Component:                    
Unit:                         ug/m3
Matrix:                       
Laboratory code:              US03L
Instrument type:              filterpack
Instrument name:              filterpack_US0097
Method ref:                   US03L_IMPROVE_Davis
Blank correction:             Blank corrected
Volume std. temperature:      ambient
Volume std. pressure:         ambient
starttime endtime PM10 flag_PM10 PM2.5 flag_PM2.5
  0.333333   1.333333    4.826 0.000    2.217 0.000
  3.333333   4.333333    3.084 0.000    1.299 0.000
  6.333333   7.333333    0.953 0.000    0.370 0.000
  9.333333  10.333333    8.022 0.000    4.030 0.000
 12.333333  13.333333    3.041 0.000    0.768 0.000
 15.333333  16.333333    8.909 0.000    3.322 0.000
 18.333333  19.333333 9999.999 0.999 9999.999 0.999
 21.333333  22.333333 9999.999 0.999 9999.999 0.999
 24.333333  25.333333    5.086 0.000    1.705 0.000
 27.333333  28.333333    7.192 0.000    1.973 0.000
 30.333333  31.333333    2.551 0.000    0.870 0.000
 33.333333  34.333333    0.989 0.000    0.341 0.000
 36.333333  37.333333    1.615 0.000    0.556 0.000
 39.333333  40.333333    1.066 0.000    0.464 0.000
 42.333333  43.333333    7.188 0.000    2.349 0.000
 45.333333  46.333333    7.409 0.000    2.592 0.000
 48.333333  49.333333    3.541 0.000    1.304 0.000
 51.333333  52.333333    5.800 0.000    2.564 0.000
 54.333333  55.333333    0.936 0.000    0.554 0.000
 57.333333  58.333333    1.231 0.000    0.701 0.000
 60.333333  61.333333    3.574 0.000    1.561 0.000
 63.333333  64.333333    2.419 0.000    0.527 0.000
 66.333333  67.333333    2.060 0.000    0.490 0.000
 69.333333  70.333333    4.910 0.000    1.742 0.000
 72.333333  73.333333    2.923 0.000    1.622 0.000
 75.333333  76.333333    5.722 0.000    1.904 0.000
 78.333333  79.333333    1.848 0.000    1.259 0.000
 81.333333  82.333333    3.023 0.000    1.351 0.000
 84.333333  85.333333    2.683 0.000    1.416 0.000
 87.333333  88.333333    7.346 0.000    3.410 0.000
 90.333333  91.333333   10.518 0.000    4.475 0.000
 93.333333  94.333333   10.406 0.000    4.889 0.000
 96.333333  97.333333 9999.999 0.999 9999.999 0.999
 99.333333 100.333333   10.038 0.000    3.961 0.000
102.333333 103.333333    2.815 0.000    0.924 0.000
105.333333 106.333333    5.479 0.000    2.626 0.000
108.333333 109.333333    4.268 0.000    2.680 0.000
111.333333 112.333333    9.078 0.000    4.425 0.000
114.333333 115.333333    1.757 0.000    0.687 0.000
117.333333 118.333333   10.836 0.000    4.253 0.000
120.333333 121.333333   11.416 0.000    3.873 0.000
123.333333 124.333333    1.642 0.000    1.170 0.000
126.333333 127.333333   16.244 0.000    6.993 0.000
129.333333 130.333333    6.414 0.000    3.393 0.000
132.333333 133.333333    5.616 0.000    2.521 0.000
135.333333 136.333333    3.209 0.000    1.371 0.000
138.333333 139.333333    6.428 0.000    3.070 0.000
141.333333 142.333333    9.117 0.000    5.511 0.000
144.333333 145.333333   22.375 0.000   10.458 0.000
147.333333 148.333333    1.560 0.000    0.733 0.000
150.333333 151.333333    1.390 0.000    0.799 0.000
153.333333 154.333333    6.733 0.000    3.220 0.000
156.333333 157.333333    8.107 0.000    4.614 0.000
159.333333 160.333333    5.936 0.000    2.552 0.000
162.333333 163.333333    7.432 0.000    2.726 0.000
165.333333 166.333333    3.233 0.000    1.622 0.000
168.333333 169.333333    8.770 0.000    4.775 0.000
171.333333 172.333333   20.335 0.000    9.707 0.000
174.333333 175.333333    5.018 0.000    2.370 0.000
177.333333 178.333333    7.082 0.000    3.439 0.000
180.333333 181.333333    2.379 0.000    1.502 0.000
183.333333 184.333333    8.965 0.000    4.793 0.000
186.333333 187.333333    3.526 0.000    2.369 0.000
189.333333 190.333333    3.402 0.000    2.117 0.000
192.333333 193.333333 9999.999 0.999 9999.999 0.999
195.333333 196.333333    7.161 0.000    3.825 0.000
198.333333 199.333333    4.217 0.000    2.853 0.000
201.333333 202.333333    4.164 0.000    1.867 0.000
204.333333 205.333333   16.413 0.000    9.891 0.000
207.333333 208.333333    2.577 0.000    1.345 0.000
210.333333 211.333333   20.071 0.000    9.945 0.000
213.333333 214.333333    6.506 0.000    3.551 0.000
216.333333 217.333333    5.207 0.000    3.630 0.000
219.333333 220.333333    2.455 0.000    1.596 0.000
222.333333 223.333333    6.463 0.000    4.699 0.000
225.333333 226.333333    7.850 0.000    4.212 0.000
228.333333 229.333333   25.531 0.000   17.817 0.000
231.333333 232.333333   43.284 0.000   28.243 0.000
234.333333 235.333333    2.456 0.000    1.694 0.000
237.333333 238.333333   77.913 0.659 9999.999 0.699
240.333333 241.333333   10.248 0.000    5.628 0.000
243.333333 244.333333  192.459 0.659 9999.999 0.699
246.333333 247.333333  127.203 0.000  124.751 0.659
249.333333 250.333333    6.441 0.000    1.501 0.000
252.333333 253.333333   18.391 0.000    9.371 0.000
255.333333 256.333333   13.721 0.000    7.851 0.000
258.333333 259.333333   18.234 0.000   14.497 0.000
261.333333 262.333333   15.700 0.000    6.284 0.000
264.333333 265.333333 9999.999 0.999 9999.999 0.999
267.333333 268.333333 9999.999 0.999 9999.999 0.999
270.333333 271.333333    5.291 0.000    3.361 0.000
273.333333 274.333333    5.658 0.000    2.209 0.000
276.333333 277.333333    7.522 0.000    3.527 0.000
279.333333 280.333333   13.023 0.000    6.182 0.000
282.333333 283.333333   22.687 0.000   16.834 0.000
285.333333 286.333333    4.654 0.000    1.716 0.000
288.333333 289.333333   16.119 0.000   12.555 0.000
291.333333 292.333333    1.640 0.000    0.742 0.000
294.333333 295.333333    2.997 0.000    0.823 0.000
297.333333 298.333333   18.548 0.000    9.234 0.000
300.333333 301.333333    6.155 0.000    4.569 0.000
303.333333 304.333333    6.502 0.000    4.451 0.000
306.333333 307.333333    2.138 0.000    0.860 0.000
309.333333 310.333333    2.888 0.000    1.011 0.000
312.333333 313.333333   12.790 0.000    5.177 0.000
315.333333 316.333333    4.797 0.000    1.386 0.000
318.333333 319.333333    2.461 0.000    0.742 0.000
321.333333 322.333333    3.518 0.000    1.351 0.000
324.333333 325.333333    7.740 0.000    3.440 0.000
327.333333 328.333333    3.899 0.000    0.582 0.000
330.333333 331.333333    4.614 0.000    1.164 0.000
333.333333 334.333333    4.677 0.000    2.272 0.000
336.333333 337.333333    3.609 0.000    1.162 0.000
339.333333 340.333333    2.827 0.000    1.648 0.000
342.333333 343.333333    4.291 0.000    3.059 0.000
345.333333 346.333333   10.202 0.000    7.815 0.000
348.333333 349.333333   17.718 0.000   10.649 0.000
351.333333 352.333333    5.502 0.000    2.095 0.000
354.333333 355.333333    3.251 0.000    0.984 0.000
357.333333 358.333333    5.096 0.000    1.969 0.000
360.333333 361.333333 9999.999 0.999 9999.999 0.999
363.333333 364.333333 9999.999 0.456    0.306 0.000
