scripts/IMPROVE-2019_partial/data/US0059R.20060102070000.20191216000000.filterpack..pm25.52w.1w.US03L_filterpack_US0059.US03L_IMPROVE_Davis.lev2.nas
64 1001
MISSING INFORMATION
US03L, IMPROVE, , , , , , , 
MISSING INFORMATION
IMPROVE sel_HTAP
1 1
2006 01 01 2019 12 16
3.000000
days from file reference point
25
1 1 1 1 1 1 1 1 1 1 1 1 1 1 1 1 1 1 1 1 1 1 1 1 1
999.999999 9999.99 9.999 99.99 9.999999 9.999 9.999999 9.99 9.999999 99.999 9.999 99.999 9.999 99.999 9.999 999.999 9.999 999.999 9.999 999.999 9.999 9.999 9.999 99.999 9.999
end_time of measurement, days from the file reference point
iron, ng/m3, Revision date=20181210133000
numflag iron, no unit, Revision date=20181210133000
lead, ng/m3, Revision date=20181210133000
numflag lead, no unit, Revision date=20181210133000
magnesium, ug/m3, Revision date=20181210133000
numflag magnesium, no unit, Revision date=20181210133000
nickel, ng/m3, Revision date=20181210133000
numflag nickel, no unit, Revision date=20181210133000
nitrate, ug N/m3, Revision date=20181210133000
numflag nitrate, no unit, Revision date=20181210133000
organic_carbon, ug C/m3, Revision date=20181210133000
numflag organic_carbon, no unit, Revision date=20181210133000
organic_mass, ug/m3, Revision date=20181210133000
numflag organic_mass, no unit, Revision date=20181210133000
pm10_mass, ug/m3, Version=2, Version description=Data extracted from http://views.cira.colostate.edu/fed/DataWizard 2019-12-16, Sample duration=1d, Orig. time res.=3d, Matrix=pm10, Blank correction=Blank corrected, Volume std. temperature=ambient, Volume std. pressure=ambient
numflag pm10_mass, no unit, Version=2, Version description=Data extracted from http://views.cira.colostate.edu/fed/DataWizard 2019-12-16, Sample duration=1d, Orig. time res.=3d, Matrix=pm10, Blank correction=Blank corrected, Volume std. temperature=ambient, Volume std. pressure=ambient
pm10_pm25_mass, ug/m3, Revision date=20181210133000, Matrix=pm10_pm25
numflag pm10_pm25_mass, no unit, Revision date=20181210133000, Matrix=pm10_pm25
pm25_mass, ug/m3, Version=2, Version description=Data extracted from http://views.cira.colostate.edu/fed/DataWizard 2019-12-16, Sample duration=1d, Orig. time res.=3d, Blank correction=Blank corrected, Volume std. temperature=ambient, Volume std. pressure=ambient
numflag pm25_mass, no unit, Version=2, Version description=Data extracted from http://views.cira.colostate.edu/fed/DataWizard 2019-12-16, Sample duration=1d, Orig. time res.=3d, Blank correction=Blank corrected, Volume std. temperature=ambient, Volume std. pressure=ambient
potassium, ug/m3, Revision date=20181210133000
numflag potassium, no unit, Revision date=20181210133000
sulphate_total, ug S/m3, Revision date=20181210133000
numflag sulphate_total, no unit, Revision date=20181210133000
0
25
Data definition:              EBAS_1.1
Set type code:                TU
Timezone:                     UTC
File name:                    US0059R.20060102070000.20191216000000.filterpack..pm25.52w.1w.US03L_filterpack_US0059.US03L_IMPROVE_Davis.lev2.nas
File creation:                20191218115908
Startdate:                    20060102070000
Revision date:                20191216000000
Statistics:                   arithmetic mean
Data level:                   2
Period code:                  52w
Resolution code:              1w
Station code:                 US0059R
Platform code:                US0059S
Station name:                 Crescent Lake
Station latitude:             41.7627
Station longitude:            -102.4336
Station altitude:             1207.0 m
Regime:                       IMG
Component:                    
Matrix:                       pm25
Laboratory code:              US03L
Instrument type:              filterpack
Instrument name:              filterpack_US0059
Method ref:                   US03L_IMPROVE_Davis
starttime endtime Fe flag_Fe Pb flag_Pb Mg++ flag_Mg++ Ni flag_Ni NO3- flag_NO3- OC flag_OC OM flag_OM PM10 flag_PM10 PM10-PM2.5 flag_PM10-PM2.5 PM2.5 flag_PM2.5 K+ flag_K+ SO4-- flag_SO4--
[from data line 87]
262.291667 263.291667   33.74 0.000  0.91 0.000000 0.006 0.000000 9.99 0.259000  0.174 0.559  1.466 0.000  2.640 0.000  16.700 0.000  10.968 0.000   5.732 0.000 0.042 0.000  0.317 0.559
265.291667 266.291667    5.73 0.000  0.43 0.000000 9.999 0.259000 9.99 0.259000  0.007 0.559  0.325 0.000  0.585 0.000   3.019 0.000   1.367 0.000   1.652 0.000 0.013 0.000  0.130 0.559
268.291667 269.291667   24.58 0.000  0.54 0.000000 9.999 0.259000 9.99 0.259000  0.012 0.559  0.417 0.000  0.750 0.000   5.479 0.000   2.578 0.000   2.901 0.000 0.015 0.000  0.137 0.559
271.291667 272.291667   44.44 0.000  0.29 0.000000 0.015 0.000000 9.99 0.259000  0.020 0.559  1.218 0.000  2.193 0.000  11.775 0.000   6.975 0.000   4.801 0.000 0.035 0.000  0.123 0.559
274.291667 275.291667   44.85 0.000  0.37 0.000000 0.012 0.000000 9.99 0.259000  0.019 0.559  1.106 0.000  1.991 0.000  12.227 0.000   8.010 0.000   4.217 0.000 0.052 0.000  0.143 0.559
277.291667 278.291667   29.42 0.000  0.43 0.000000 9.999 0.259000 0.23 0.000000  0.274 0.559  0.931 0.000  1.675 0.000  14.387 0.000   9.774 0.000   4.614 0.000 0.034 0.000  0.321 0.559
280.291667 281.291667   11.81 0.000  0.36 0.000000 9.999 0.259000 9.99 0.259000  0.021 0.559  0.363 0.000  0.654 0.000   4.999 0.000   2.134 0.000   2.865 0.000 0.015 0.000  0.282 0.559
283.291667 284.291667   12.16 0.000  0.69 0.000000 9.999 0.259000 9.99 0.259000  0.011 0.559  0.062 0.000  0.111 0.000   3.552 0.000   2.326 0.000   1.226 0.000 0.009 0.000  0.079 0.559
286.291667 287.291667   68.99 0.000  0.87 0.000000 0.020 0.000000 0.50 0.000000  0.202 0.000  0.536 0.000  0.966 0.000  10.688 0.000   5.401 0.000   5.287 0.000 0.049 0.000  0.286 0.000
289.291667 290.291667    8.55 0.000  0.21 0.000000 9.999 0.259000 9.99 0.259000  0.020 0.000  0.321 0.000  0.577 0.000   3.135 0.000   1.643 0.000   1.492 0.000 0.012 0.000  0.146 0.000
292.291667 293.291667   13.79 0.000  0.47 0.000000 9.999 0.259000 0.12 0.000000  0.031 0.000  0.335 0.000  0.604 0.000   2.918 0.000   0.919 0.000   1.999 0.000 0.010 0.000  0.171 0.000
295.291667 296.291667   17.01 0.000  0.67 0.000000 0.008 0.000000 9.99 0.259000  0.071 0.000  0.330 0.000  0.595 0.000   4.053 0.000   1.392 0.000   2.661 0.000 0.015 0.000  0.288 0.000
298.291667 299.291667   18.71 0.000  0.81 0.000000 0.007 0.000000 9.99 0.259000  0.161 0.000  0.949 0.000  1.708 0.000   8.895 0.000   4.904 0.000   3.991 0.000 0.028 0.000  0.277 0.000
301.291667 302.291667   21.45 0.000  0.54 0.000000 9.999 0.259000 9.99 0.259000  0.007 0.000  0.073 0.000  0.131 0.000   5.268 0.000   3.262 0.000   2.006 0.000 0.015 0.000  0.112 0.000
304.291667 305.291667   21.76 0.000  0.51 0.000000 9.999 0.259000 9.99 0.259000  0.145 0.000  0.599 0.000  1.078 0.000   9.404 0.000   6.289 0.000   3.115 0.000 0.032 0.000  0.174 0.000
307.291667 308.291667   42.83 0.000  0.72 0.000000 0.012 0.000000 9.99 0.259000  0.060 0.000  0.602 0.000  1.084 0.000   9.356 0.000   6.430 0.000   2.926 0.000 0.029 0.000  0.133 0.000
310.291667 311.291667   25.21 0.000  0.16 0.000000 9.999 0.259000 9.99 0.259000  0.012 0.000  0.185 0.000  0.333 0.000   8.078 0.000   6.613 0.000   1.466 0.000 0.015 0.000  0.073 0.000
313.291667 314.291667   12.82 0.000  0.19 0.000000 9.999 0.259000 9.99 0.259000  0.199 0.000  0.428 0.000  0.771 0.000   6.318 0.000   2.447 0.000   3.872 0.000 0.050 0.000  0.374 0.000
316.291667 317.291667   21.38 0.000  0.34 0.000000 9.999 0.259000 9.99 0.259000  0.081 0.000  0.192 0.000  0.345 0.000  10.102 0.000   7.986 0.000   2.115 0.000 0.017 0.000  0.190 0.000
319.291667 320.291667   36.95 0.000  2.07 0.000000 9.999 0.259000 9.99 0.259000  0.050 0.000  0.403 0.000  0.725 0.000  10.456 0.000   6.997 0.000   3.459 0.000 0.043 0.000  0.314 0.000
322.291667 323.291667   11.31 0.000  0.30 0.000000 0.011 0.000000 9.99 0.259000  0.045 0.000  0.309 0.000  0.557 0.000   4.032 0.000   1.638 0.000   2.393 0.000 0.012 0.000  0.149 0.000
325.291667 326.291667   78.69 0.000  0.87 0.000000 9.999 0.259000 9.99 0.259000  0.052 0.000  0.582 0.000  1.048 0.000  15.034 0.000  10.417 0.000   4.617 0.000 0.067 0.000  0.148 0.000
328.291667 329.291667   52.10 0.000  0.35 0.000000 9.999 0.259000 9.99 0.259000  0.092 0.000  0.316 0.000  0.568 0.000  14.216 0.000  11.422 0.000   2.793 0.000 0.041 0.000  0.050 0.000
331.291667 332.291667   15.23 0.000  0.42 0.000000 0.011 0.000000 0.09 0.000000  0.475 0.000  0.509 0.000  0.916 0.000  50.981 0.000  44.672 0.000   6.309 0.000 0.038 0.000  0.404 0.000
334.291667 335.291667   21.77 0.000  0.33 0.000000 9.999 0.259000 9.99 0.259000  0.033 0.000  0.213 0.000  0.383 0.000   6.560 0.000   4.513 0.000   2.047 0.000 0.016 0.000  0.099 0.000
337.291667 338.291667   28.43 0.000  0.57 0.000000 9.999 0.259000 9.99 0.259000  0.037 0.000  0.158 0.000  0.285 0.000   9.170 0.000   7.103 0.000   2.067 0.000 0.020 0.000  0.102 0.000
340.291667 341.291667   23.42 0.000  0.36 0.000000 9.999 0.259000 9.99 0.259000  0.356 0.000  0.352 0.000  0.633 0.000  10.556 0.000   6.029 0.000   4.527 0.000 0.022 0.000  0.382 0.000
343.291667 344.291667   30.72 0.000  0.84 0.000000 9.999 0.259000 9.99 0.259000  0.130 0.000  0.530 0.000  0.953 0.000   8.222 0.000   5.530 0.000   2.692 0.000 0.026 0.000  0.143 0.000
346.291667 347.291667   45.84 0.000  0.46 0.000000 9.999 0.259000 9.99 0.259000  0.018 0.000  0.080 0.000  0.144 0.000  21.697 0.000  19.434 0.000   2.264 0.000 0.040 0.000  0.132 0.000
349.291667 350.291667   24.87 0.000  0.14 0.000000 9.999 0.259000 9.99 0.259000  0.026 0.000  0.133 0.000  0.239 0.000   4.259 0.000   3.168 0.000   1.091 0.000 0.015 0.000  0.040 0.000
352.291667 353.291667   27.93 0.000  0.82 0.000000 9.999 0.259000 9.99 0.259000 99.999 0.456  0.435 0.000  0.782 0.000   9.707 0.000   4.687 0.000   5.020 0.000 0.027 0.000 99.999 0.456
355.291667 356.291667   28.51 0.000  0.52 0.000000 9.999 0.259000 9.99 0.259000 99.999 0.999  0.343 0.000  0.618 0.000   7.287 0.000   4.227 0.000   3.059 0.000 0.016 0.000 99.999 0.999
358.291667 359.291667   23.35 0.000  0.30 0.000000 9.999 0.259000 9.99 0.259000 99.999 0.999  0.327 0.000  0.588 0.000   5.341 0.000   3.093 0.000   2.247 0.000 0.015 0.000 99.999 0.999
361.291667 362.291667   29.21 0.000  1.87 0.000000 9.999 0.259000 0.42 0.000000 99.999 0.999  0.704 0.000  1.268 0.000  13.358 0.000   2.683 0.000  10.676 0.000 0.026 0.000 99.999 0.999
364.291667 365.291667   19.71 0.000  0.59 0.000000 9.999 0.259000 0.20 0.000000 99.999 0.999  0.223 0.000  0.402 0.000 999.999 0.999 999.999 0.999   2.804 0.000 0.014 0.000 99.999 0.999
