scripts/IMPROVE-2019_partial/data/US0045R.20020102050000.20191216000000.filterpack..pm25.52w.1w.US03L_filterpack_US0045.US03L_IMPROVE_Davis.lev2.nas
66 1001
MISSING INFORMATION
US03L, IMPROVE, , , , , , , 
MISSING INFORMATION
IMPROVE sel_HTAP
1 1
2002 01 01 2019 12 16
3.000000
days from file reference point
27
1 1 1 1 1 1 1 1 1 1 1 1 1 1 1 1 1 1 1 1 1 1 1 1 1 1 1
999.999999 9999.99 9.999 99.99 9.999 9.999 9.999999 99.99 9.999999 99.999 9.999999 999.999 9.999 999.999 9.999 99.99 9.999999 999.999 9.999 999.999 9.999 999.999 9.999 9.999 9.999 99.999 9.999999
end_time of measurement, days from the file reference point
iron, ng/m3, Revision date=20181210133000
numflag iron, no unit, Revision date=20181210133000
lead, ng/m3, Revision date=20181210133000
numflag lead, no unit, Revision date=20181210133000
magnesium, ug/m3, Revision date=20181210133000
numflag magnesium, no unit, Revision date=20181210133000
nickel, ng/m3, Revision date=20181210133000
numflag nickel, no unit, Revision date=20181210133000
nitrate, ug N/m3, Revision date=20181210133000
numflag nitrate, no unit, Revision date=20181210133000
organic_carbon, ug C/m3, Revision date=20181210133000
numflag organic_carbon, no unit, Revision date=20181210133000
organic_mass, ug/m3, Revision date=20181210133000
numflag organic_mass, no unit, Revision date=20181210133000
phosphorus, ng/m3, Revision date=20181210133000
numflag phosphorus, no unit, Revision date=20181210133000
pm10_mass, ug/m3, Version=2, Version description=Data extracted from http://views.cira.colostate.edu/fed/DataWizard 2019-12-16, Sample duration=1d, Orig. time res.=3d, Matrix=pm10, Blank correction=Blank corrected, Volume std. temperature=ambient, Volume std. pressure=ambient
numflag pm10_mass, no unit, Version=2, Version description=Data extracted from http://views.cira.colostate.edu/fed/DataWizard 2019-12-16, Sample duration=1d, Orig. time res.=3d, Matrix=pm10, Blank correction=Blank corrected, Volume std. temperature=ambient, Volume std. pressure=ambient
pm10_pm25_mass, ug/m3, Revision date=20181210133000, Matrix=pm10_pm25
numflag pm10_pm25_mass, no unit, Revision date=20181210133000, Matrix=pm10_pm25
pm25_mass, ug/m3, Version=2, Version description=Data extracted from http://views.cira.colostate.edu/fed/DataWizard 2019-12-16, Sample duration=1d, Orig. time res.=3d, Blank correction=Blank corrected, Volume std. temperature=ambient, Volume std. pressure=ambient
numflag pm25_mass, no unit, Version=2, Version description=Data extracted from http://views.cira.colostate.edu/fed/DataWizard 2019-12-16, Sample duration=1d, Orig. time res.=3d, Blank correction=Blank corrected, Volume std. temperature=ambient, Volume std. pressure=ambient
potassium, ug/m3, Revision date=20181210133000
numflag potassium, no unit, Revision date=20181210133000
sulphate_total, ug S/m3, Revision date=20181210133000
numflag sulphate_total, no unit, Revision date=20181210133000
0
25
Data definition:              EBAS_1.1
Set type code:                TU
Timezone:                     UTC
File name:                    US0045R.20020102050000.20191216000000.filterpack..pm25.52w.1w.US03L_filterpack_US0045.US03L_IMPROVE_Davis.lev2.nas
File creation:                20191218115810
Startdate:                    20020102050000
Revision date:                20191216000000
Statistics:                   arithmetic mean
Data level:                   2
Period code:                  52w
Resolution code:              1w
Station code:                 US0045R
Platform code:                US0045S
Station name:                 Isle Royale NP
Station latitude:             47.4596
Station longitude:            -88.1491
Station altitude:             182.0 m
Regime:                       IMG
Component:                    
Matrix:                       pm25
Laboratory code:              US03L
Instrument type:              filterpack
Instrument name:              filterpack_US0045
Method ref:                   US03L_IMPROVE_Davis
starttime endtime Fe flag_Fe Pb flag_Pb Mg++ flag_Mg++ Ni flag_Ni NO3- flag_NO3- OC flag_OC OM flag_OM P flag_P PM10 flag_PM10 PM10-PM2.5 flag_PM10-PM2.5 PM2.5 flag_PM2.5 K+ flag_K+ SO4-- flag_SO4--
  1.208333   2.208333    2.27 0.000  0.45 0.000 9.999 0.259000 99.99 0.259000  0.026 0.559000   0.174 0.000   0.244 0.000 99.99 0.259000   2.671 0.000   0.718 0.000   1.953 0.000 0.008 0.000  0.294 0.559000
  4.208333   5.208333   10.92 0.000  0.53 0.000 9.999 0.259000 99.99 0.259000  0.750 0.000000   0.552 0.000   0.773 0.000 99.99 0.259000   4.897 0.000   1.220 0.000   3.676 0.000 0.025 0.000  0.265 0.000000
  7.208333   8.208333   21.29 0.559  2.75 0.559 9.999 0.559259 99.99 0.559259  0.292 0.000000   0.952 0.000   1.333 0.000 99.99 0.559259  11.471 0.000   4.089 0.000   7.382 0.559 0.046 0.559  0.341 0.000000
 10.208333  11.208333    8.53 0.000  0.27 0.000 9.999 0.259000  0.07 0.000000  0.207 0.000000   0.374 0.000   0.523 0.000 99.99 0.259000   4.006 0.000   0.847 0.000   3.159 0.000 0.015 0.000  0.368 0.000000
 13.208333  14.208333   10.47 0.000  0.45 0.000 9.999 0.259000 99.99 0.259000  0.018 0.559000   0.195 0.000   0.272 0.000 99.99 0.259000   1.603 0.000   0.337 0.000   1.265 0.000 0.011 0.000  0.193 0.559000
 16.208333  17.208333    6.41 0.000  0.73 0.000 9.999 0.259000 99.99 0.259000  0.051 0.000000   0.361 0.000   0.506 0.000 99.99 0.259000   6.099 0.000   3.795 0.000   2.304 0.000 0.018 0.000  0.337 0.000000
 19.208333  20.208333    9.32 0.000  0.69 0.000 9.999 0.259000 99.99 0.259000  0.184 0.000000   0.557 0.000   0.780 0.000 99.99 0.259000   5.107 0.000   0.607 0.000   4.501 0.000 0.027 0.000  0.414 0.000000
 22.208333  23.208333    6.89 0.000  1.47 0.000 9.999 0.259000  0.08 0.000000  0.148 0.000000   0.368 0.000   0.515 0.000 99.99 0.259000   4.391 0.000   1.246 0.000   3.145 0.000 0.018 0.000  0.392 0.000000
 25.208333  26.208333    8.06 0.000  0.91 0.000 0.057 0.000000  0.09 0.000000  0.066 0.000000   0.490 0.000   0.687 0.000 99.99 0.259000   5.421 0.000   1.471 0.000   3.950 0.000 0.027 0.000  0.563 0.000000
 28.208333  29.208333    2.73 0.000  1.59 0.000 9.999 0.259000  0.07 0.000000  0.022 0.000000   0.068 0.000   0.095 0.000 99.99 0.259000   2.142 0.000   0.442 0.000   1.699 0.000 0.011 0.000  0.245 0.000000
 31.208333  32.208333    4.14 0.000  0.50 0.000 9.999 0.259000 99.99 0.259000  0.023 0.000000   0.315 0.000   0.441 0.000 99.99 0.259000   3.739 0.000   1.320 0.000   2.420 0.000 0.015 0.000  0.330 0.000000
 34.208333  35.208333    4.35 0.000  0.51 0.000 9.999 0.259000 99.99 0.259000  0.019 0.000000   0.141 0.000   0.197 0.000 99.99 0.259000   2.106 0.000   0.552 0.000   1.553 0.000 0.010 0.000  0.197 0.000000
 37.208333  38.208333    8.37 0.000  0.82 0.000 9.999 0.259000 99.99 0.259000  0.103 0.000000   0.573 0.000   0.802 0.000 99.99 0.259000   5.264 0.000   1.682 0.000   3.581 0.000 0.026 0.000  0.449 0.000000
 40.208333  41.208333    2.99 0.000  1.31 0.000 9.999 0.259000 99.99 0.259000  0.015 0.559000   0.200 0.000   0.281 0.000 99.99 0.259000   2.464 0.000   0.467 0.000   1.997 0.000 0.014 0.000  0.312 0.559000
 43.208333  44.208333   11.67 0.000  0.65 0.000 9.999 0.259000 99.99 0.259000  0.110 0.000000   0.279 0.000   0.391 0.000 99.99 0.259000   3.828 0.000   2.014 0.000   1.814 0.000 0.021 0.000  0.160 0.000000
 46.208333  47.208333    4.13 0.000  1.13 0.000 9.999 0.259000 99.99 0.259000  0.034 0.559000   0.529 0.000   0.740 0.000 99.99 0.259000   2.926 0.000   0.424 0.000   2.502 0.000 0.015 0.000  0.362 0.559000
 49.208333  50.208333   16.15 0.000  2.16 0.000 9.999 0.259000 99.99 0.259000  0.339 0.000000   1.129 0.000   1.581 0.000 99.99 0.259000   8.232 0.000   1.700 0.000   6.532 0.000 0.041 0.000  0.506 0.000000
 52.208333  53.208333    2.18 0.000 99.99 0.259 9.999 0.259000 99.99 0.259000  0.028 0.559000   0.085 0.000   0.119 0.000 99.99 0.259000   1.514 0.000   0.438 0.000   1.075 0.000 0.014 0.000  0.106 0.559000
 55.208333  56.208333    2.29 0.000  0.76 0.000 9.999 0.259000 99.99 0.259000  0.029 0.000000   0.137 0.000   0.192 0.000 99.99 0.259000   2.061 0.000   0.599 0.000   1.462 0.000 0.008 0.000  0.225 0.000000
 58.208333  59.208333    6.98 0.000  0.90 0.000 9.999 0.259000 99.99 0.259000  0.153 0.000000   0.330 0.000   0.462 0.000 99.99 0.259000   4.122 0.000   1.871 0.000   2.251 0.000 0.017 0.000  0.183 0.000000
 61.208333  62.208333    6.75 0.000  1.06 0.000 9.999 0.259000 99.99 0.259000  0.015 0.000000   0.156 0.000   0.218 0.000 99.99 0.259000 999.999 0.456 999.999 0.999   2.026 0.000 0.014 0.000  0.309 0.000000
 64.208333  65.208333    8.13 0.000  0.47 0.000 0.045 0.000000 99.99 0.259000  0.035 0.559000   0.146 0.000   0.204 0.000 99.99 0.259000   3.808 0.000   1.903 0.000   1.905 0.000 0.019 0.000  0.226 0.559000
 67.208333  68.208333    7.55 0.000  2.65 0.000 0.059 0.000000 99.99 0.259000  0.020 0.000000   0.263 0.000   0.368 0.000 99.99 0.259000   4.452 0.000   2.126 0.000   2.326 0.000 0.018 0.000  0.351 0.000000
 70.208333  71.208333   17.96 0.000  2.22 0.000 9.999 0.259000 99.99 0.259000  0.085 0.000000   0.639 0.000   0.894 0.000 99.99 0.259000   7.063 0.000   2.096 0.000   4.967 0.000 0.031 0.000  0.749 0.000000
 73.208333  74.208333   15.13 0.000  2.71 0.000 9.999 0.259000  0.22 0.000000  0.019 0.000000   0.264 0.000   0.369 0.000 99.99 0.259000   5.735 0.000   2.498 0.000   3.237 0.000 0.023 0.000  0.456 0.000000
 76.208333  77.208333   22.47 0.000  2.01 0.000 9.999 0.259000  0.22 0.000000  0.025 0.000000   0.506 0.000   0.709 0.000 99.99 0.259000   4.852 0.000   1.676 0.000   3.176 0.000 0.031 0.000  0.396 0.000000
 79.208333  80.208333   12.41 0.000  1.06 0.000 0.067 0.000000 99.99 0.259000  0.047 0.000000   0.224 0.000   0.314 0.000 99.99 0.259000  15.502 0.000  12.575 0.000   2.927 0.000 0.019 0.000  0.382 0.000000
 82.208333  83.208333   18.82 0.000  0.64 0.000 9.999 0.259000 99.99 0.259000  0.029 0.000000   0.175 0.000   0.245 0.000 99.99 0.259000   6.178 0.000   3.481 0.000   2.697 0.000 0.019 0.000  0.355 0.000000
 85.208333  86.208333   17.14 0.000  0.74 0.000 9.999 0.259000 99.99 0.259000  0.046 0.000000   0.247 0.000   0.346 0.000 99.99 0.259000   9.348 0.000   6.195 0.000   3.154 0.000 0.023 0.000  0.448 0.000000
 88.208333  89.208333   24.43 0.000  0.55 0.000 9.999 0.259000 99.99 0.259000  0.055 0.000000   0.425 0.000   0.595 0.000 99.99 0.259000   5.839 0.000   2.766 0.000   3.072 0.000 0.026 0.000  0.400 0.000000
 91.208333  92.208333    7.39 0.000  0.81 0.000 9.999 0.259000  0.18 0.000000  0.018 0.000000   0.246 0.000   0.345 0.000 99.99 0.259000   4.409 0.000   1.300 0.000   3.108 0.000 0.011 0.000  0.485 0.000000
 94.208333  95.208333   11.22 0.000  0.44 0.000 9.999 0.259000  0.16 0.000000  0.025 0.559000   0.229 0.000   0.321 0.000 99.99 0.259000   5.253 0.000   2.645 0.000   2.608 0.000 0.019 0.000  0.374 0.559000
 97.208333  98.208333   19.82 0.559  2.59 0.559 9.999 0.559259  0.45 0.559000  1.012 0.000000   1.320 0.000   1.848 0.000 99.99 0.559259  18.593 0.000   4.902 0.000  13.691 0.559 0.033 0.559  1.054 0.000000
100.208333 101.208333   22.05 0.559  2.69 0.559 9.999 0.559259  0.32 0.559000  0.384 0.000000   0.879 0.000   1.230 0.000 99.99 0.559259   8.493 0.000   2.583 0.000   5.909 0.559 0.024 0.559  0.558 0.000000
103.208333 104.208333   29.98 0.559  4.26 0.559 9.999 0.559259  0.17 0.559000  0.300 0.000000   2.065 0.000   2.891 0.000 99.99 0.559259  13.010 0.000   4.247 0.000   8.763 0.559 0.052 0.559  0.832 0.000000
106.208333 107.208333   36.29 0.000  0.81 0.000 9.999 0.259000  0.28 0.000000  0.111 0.000000   1.152 0.000   1.613 0.000 99.99 0.259000  17.493 0.000   9.056 0.000   8.437 0.000 0.048 0.000  1.181 0.000000
109.208333 110.208333   23.74 0.559  0.67 0.559 9.999 0.559259 99.99 0.559259  0.021 0.559000   0.246 0.000   0.344 0.000 99.99 0.559259   5.087 0.000   2.850 0.000   2.237 0.559 0.019 0.559  0.277 0.559000
112.208333 113.208333   33.57 0.000  2.07 0.000 9.999 0.259000  0.19 0.000000  0.024 0.000000   0.502 0.000   0.703 0.000 99.99 0.259000   6.168 0.000   2.530 0.000   3.639 0.000 0.034 0.000  0.452 0.000000
115.208333 116.208333   30.76 0.000  1.22 0.000 9.999 0.259000  0.18 0.000000  0.015 0.000000   0.259 0.000   0.363 0.000 99.99 0.259000   5.396 0.000   2.894 0.000   2.502 0.000 0.024 0.000  0.281 0.000000
118.208333 119.208333   16.40 0.000  0.94 0.000 9.999 0.259000  0.25 0.000000  0.024 0.000000   0.579 0.000   0.811 0.000 99.99 0.259000   6.369 0.000   1.313 0.000   5.056 0.000 0.020 0.000  0.843 0.000000
121.208333 122.208333   11.45 0.000  0.82 0.000 9.999 0.259000  0.14 0.000000  0.024 0.000000   0.225 0.000   0.315 0.000 99.99 0.259000   3.981 0.000   1.856 0.000   2.125 0.000 0.011 0.000  0.298 0.000000
124.208333 125.208333   12.38 0.000  0.56 0.000 9.999 0.259000  0.26 0.000000  0.011 0.559000   0.439 0.000   0.615 0.000 99.99 0.259000   3.317 0.000   1.401 0.000   1.917 0.000 0.015 0.000  0.193 0.559000
127.208333 128.208333   21.79 0.000  0.88 0.000 9.999 0.259000  0.33 0.000000  0.010 0.559000   0.216 0.000   0.302 0.000 99.99 0.259000   3.362 0.000   1.174 0.000   2.188 0.000 0.015 0.000  0.270 0.559000
130.208333 131.208333   34.87 0.000  1.76 0.000 9.999 0.259000  0.18 0.000000  0.025 0.559000   1.039 0.000   1.454 0.000 99.99 0.259000   8.483 0.000   3.467 0.000   5.015 0.000 0.044 0.000  0.486 0.559000
133.208333 134.208333    9.99 0.000  0.45 0.000 9.999 0.259000  0.18 0.000000  0.015 0.000000   0.289 0.000   0.405 0.000 99.99 0.259000   2.727 0.000   0.722 0.000   2.005 0.000 0.011 0.000  0.172 0.000000
136.208333 137.208333    9.63 0.000  0.37 0.000 9.999 0.259000  0.13 0.000000  0.006 0.559000   0.113 0.000   0.158 0.000 99.99 0.259000   3.383 0.000   2.081 0.000   1.302 0.000 0.011 0.000  0.132 0.559000
139.208333 140.208333   10.62 0.000  0.94 0.000 9.999 0.259000  0.22 0.000000  0.010 0.559000   0.341 0.000   0.477 0.000 99.99 0.259000   3.627 0.000   1.660 0.000   1.967 0.000 0.014 0.000  0.187 0.559000
142.208333 143.208333   50.87 0.699  1.66 0.699 9.999 0.699259 99.99 0.699259  0.060 0.559000   1.580 0.000   2.212 0.000 99.99 0.699259  21.053 0.000  11.806 0.000   9.248 0.699 0.035 0.699  1.154 0.559000
145.208333 146.208333   23.89 0.699  1.71 0.699 9.999 0.699259  0.15 0.699000  0.084 0.000000   1.951 0.000   2.731 0.000 99.99 0.699259  11.006 0.000   4.986 0.000   6.021 0.699 0.037 0.699  0.500 0.000000
148.208333 149.208333   27.53 0.559  3.09 0.559 0.078 0.559000  0.37 0.559000  0.122 0.559000   1.849 0.000   2.588 0.000 99.99 0.559259  18.328 0.000   4.472 0.000  13.856 0.559 0.028 0.559  1.991 0.559000
151.208333 152.208333   43.85 0.000  0.48 0.000 0.041 0.000000  0.20 0.000000  0.067 0.000000  10.053 0.000  14.075 0.000 99.99 0.259000  27.733 0.000  11.112 0.000  16.622 0.000 0.134 0.000  0.331 0.000000
154.208333 155.208333   19.09 0.559  1.12 0.559 0.092 0.559000  0.57 0.559000  0.058 0.559000   0.515 0.000   0.721 0.000 99.99 0.559259   7.018 0.000   1.854 0.000   5.164 0.559 0.015 0.559  0.770 0.559000
157.208333 158.208333   30.53 0.559  1.51 0.559 9.999 0.559259  0.15 0.559000  0.054 0.559000   1.886 0.000   2.641 0.000 99.99 0.559259  19.960 0.000  11.329 0.000   8.631 0.559 0.038 0.559  0.658 0.559000
160.208333 161.208333   49.10 0.559  2.93 0.559 0.055 0.559000  0.44 0.559000  0.075 0.559000   1.898 0.000   2.657 0.000 99.99 0.559259  23.163 0.000   7.295 0.000  15.868 0.559 0.044 0.559  2.081 0.559000
163.208333 164.208333    8.05 0.000  0.95 0.000 9.999 0.259000  1.17 0.000000  0.025 0.000000   1.144 0.000   1.602 0.000 99.99 0.259000   7.652 0.000   3.012 0.000   4.640 0.000 0.014 0.000  0.434 0.000000
166.208333 167.208333    8.57 0.559  0.41 0.559 9.999 0.559259  0.31 0.559000  0.014 0.000000   1.517 0.000   2.124 0.000 99.99 0.559259   6.681 0.000   2.638 0.000   4.043 0.559 0.026 0.559  0.163 0.000000
169.208333 170.208333   43.28 0.559  2.21 0.559 9.999 0.559259 99.99 0.559259  0.048 0.000000   2.495 0.000   3.493 0.000 99.99 0.559259  20.309 0.000   6.928 0.000  13.381 0.559 0.082 0.559  1.378 0.000000
172.208333 173.208333   29.63 0.559  0.76 0.559 9.999 0.559259  0.15 0.559000  0.026 0.000000   1.667 0.000   2.334 0.000 99.99 0.559259  12.579 0.000   5.867 0.000   6.712 0.559 0.024 0.559  0.549 0.000000
175.208333 176.208333   29.43 0.559  0.99 0.559 9.999 0.559259  0.35 0.559000  0.045 0.000000   2.094 0.000   2.932 0.000 99.99 0.559259  13.858 0.000   3.779 0.000  10.079 0.559 0.048 0.559  1.094 0.000000
178.208333 179.208333   43.46 0.699  0.89 0.699 9.999 0.699259  0.92 0.699000  0.051 0.000000  13.165 0.000  18.430 0.000 99.99 0.699259  37.359 0.000   6.986 0.000  30.373 0.699 0.142 0.699  0.603 0.000000
181.208333 182.208333  176.63 0.559  0.58 0.559 9.999 0.559259  0.28 0.559000  0.034 0.000000   2.315 0.000   3.241 0.000 99.99 0.559259  22.873 0.000  11.985 0.000  10.889 0.559 0.072 0.559  0.960 0.000000
184.208333 185.208333   34.71 0.559  0.79 0.559 9.999 0.559259  0.23 0.559000  0.007 0.000000   0.675 0.000   0.946 0.000 99.99 0.559259  11.252 0.000   9.158 0.000   2.094 0.559 0.052 0.559  0.088 0.000000
187.208333 188.208333   53.64 0.699  1.31 0.699 9.999 0.699259  1.24 0.699000  0.038 0.000000   1.838 0.000   2.573 0.000 99.99 0.699259  14.636 0.000   7.216 0.000   7.420 0.699 0.071 0.699  0.569 0.000000
190.208333 191.208333   17.48 0.559  0.37 0.559 9.999 0.559259  0.83 0.559000  0.012 0.000000   1.464 0.000   2.050 0.000 99.99 0.559259   9.757 0.000   5.775 0.000   3.982 0.559 0.021 0.559  0.084 0.000000
193.208333 194.208333   39.55 0.559  1.15 0.559 0.048 0.559000  0.28 0.559000  0.017 0.000000   2.195 0.000   3.073 0.000 99.99 0.559259  13.933 0.000   5.807 0.000   8.126 0.559 0.029 0.559  0.519 0.000000
196.208333 197.208333   78.09 0.699  2.24 0.699 9.999 0.699259 99.99 0.699259  0.053 0.000000   2.219 0.000   3.106 0.000 99.99 0.699259  28.258 0.000  12.120 0.000  16.138 0.699 0.046 0.699  2.212 0.000000
199.208333 200.208333   44.28 0.699  0.26 0.699 9.999 0.699259  0.17 0.699000  0.013 0.000000   4.769 0.000   6.676 0.000 99.99 0.699259  17.757 0.000   7.467 0.000  10.289 0.699 0.041 0.699  0.152 0.000000
202.208333 203.208333   36.97 0.559  0.49 0.559 9.999 0.559259  0.11 0.559000  0.016 0.000000   1.440 0.000   2.016 0.000 99.99 0.559259  10.351 0.000   5.947 0.000   4.404 0.559 0.025 0.559  0.202 0.000000
205.208333 206.208333   20.62 0.394  0.94 0.394 9.999 0.394259  0.21 0.394000  0.030 0.559394   0.886 0.000   1.240 0.000 99.99 0.394259   8.871 0.000   4.129 0.000   4.742 0.000 0.016 0.394  0.373 0.559394
208.208333 209.208333   28.95 0.000  0.53 0.000 0.033 0.000000 99.99 0.259000  0.029 0.559000   1.522 0.000   2.130 0.000 99.99 0.259000   9.163 0.000   2.894 0.000   6.269 0.000 0.027 0.000  0.574 0.559000
211.208333 212.208333   19.91 0.559  0.67 0.559 9.999 0.559259  0.33 0.559000  0.017 0.000000   1.487 0.000   2.082 0.000 99.99 0.559259   9.507 0.000   4.528 0.000   4.979 0.559 0.027 0.559  0.308 0.000000
214.208333 215.208333   22.99 0.000  0.59 0.000 0.037 0.000000 99.99 0.259000  0.017 0.559000   0.912 0.000   1.277 0.000 99.99 0.259000   7.606 0.000   4.418 0.000   3.188 0.000 0.016 0.000  0.174 0.559000
217.208333 218.208333    7.35 0.000 99.99 0.259 0.016 0.000000  0.17 0.000000  0.003 0.559000   0.354 0.000   0.495 0.000 99.99 0.259000   5.054 0.000   3.747 0.000   1.308 0.000 0.011 0.000  0.047 0.559000
220.208333 221.208333   45.41 0.559  2.38 0.559 9.999 0.559259  0.13 0.559000  0.038 0.559000   1.785 0.000   2.499 0.000 99.99 0.559259  18.984 0.000   8.913 0.000  10.071 0.559 0.071 0.559  0.981 0.559000
223.208333 224.208333   24.60 0.000  0.38 0.000 9.999 0.259000 99.99 0.259000  0.019 0.559000   1.222 0.000   1.711 0.000 99.99 0.259000  10.807 0.000   5.082 0.000   5.724 0.000 0.021 0.000  0.467 0.559000
226.208333 227.208333   17.58 0.559  1.13 0.559 9.999 0.559259 99.99 0.559259  0.024 0.000000   1.279 0.000   1.791 0.000 99.99 0.559259   9.821 0.000   4.671 0.000   5.150 0.559 0.020 0.559  0.450 0.000000
229.208333 230.208333   12.97 0.394  0.26 0.394 9.999 0.394259 99.99 0.394259  0.006 0.394000   0.359 0.000   0.503 0.000 99.99 0.394259   4.353 0.000   2.484 0.000   1.869 0.000 0.009 0.394  0.097 0.394000
