scripts/IMPROVE-2019_partial/data/US0064R.20030103080000.20191216000000.filterpack..pm25.1y.1w.US03L_filterpack_US0064.US03L_IMPROVE_Davis.lev2.nas
66 1001
MISSING INFORMATION
US03L, IMPROVE, , , , , , , 
MISSING INFORMATION
IMPROVE sel_HTAP
1 1
2003 01 01 2019 12 16
3.000000
days from file reference point
27
1 1 1 1 1 1 1 1 1 1 1 1 1 1 1 1 1 1 1 1 1 1 1 1 1 1 1
999.999999 9999.99 9.999 99.99 9.999 9.999 9.999999 99.99 9.999999 9.999 9.999999 99.999 9.999 99.999 9.999 99.99 9.999999 999.999 9.999 999.999 9.999 999.999 9.999 9.999 9.999 9.999 9.999999
end_time of measurement, days from the file reference point
iron, ng/m3, Revision date=20181210133000
numflag iron, no unit, Revision date=20181210133000
lead, ng/m3, Revision date=20181210133000
numflag lead, no unit, Revision date=20181210133000
magnesium, ug/m3, Revision date=20181210133000
numflag magnesium, no unit, Revision date=20181210133000
nickel, ng/m3, Revision date=20181210133000
numflag nickel, no unit, Revision date=20181210133000
nitrate, ug N/m3, Revision date=20181210133000
numflag nitrate, no unit, Revision date=20181210133000
organic_carbon, ug C/m3, Revision date=20181210133000
numflag organic_carbon, no unit, Revision date=20181210133000
organic_mass, ug/m3, Revision date=20181210133000
numflag organic_mass, no unit, Revision date=20181210133000
phosphorus, ng/m3, Revision date=20181210133000
numflag phosphorus, no unit, Revision date=20181210133000
pm10_mass, ug/m3, Version=2, Version description=Data extracted from http://views.cira.colostate.edu/fed/DataWizard 2019-12-16, Sample duration=1d, Orig. time res.=3d, Matrix=pm10, Blank correction=Blank corrected, Volume std. temperature=ambient, Volume std. pressure=ambient
numflag pm10_mass, no unit, Version=2, Version description=Data extracted from http://views.cira.colostate.edu/fed/DataWizard 2019-12-16, Sample duration=1d, Orig. time res.=3d, Matrix=pm10, Blank correction=Blank corrected, Volume std. temperature=ambient, Volume std. pressure=ambient
pm10_pm25_mass, ug/m3, Revision date=20181210133000, Matrix=pm10_pm25
numflag pm10_pm25_mass, no unit, Revision date=20181210133000, Matrix=pm10_pm25
pm25_mass, ug/m3, Version=2, Version description=Data extracted from http://views.cira.colostate.edu/fed/DataWizard 2019-12-16, Sample duration=1d, Orig. time res.=3d, Blank correction=Blank corrected, Volume std. temperature=ambient, Volume std. pressure=ambient
numflag pm25_mass, no unit, Version=2, Version description=Data extracted from http://views.cira.colostate.edu/fed/DataWizard 2019-12-16, Sample duration=1d, Orig. time res.=3d, Blank correction=Blank corrected, Volume std. temperature=ambient, Volume std. pressure=ambient
potassium, ug/m3, Revision date=20181210133000
numflag potassium, no unit, Revision date=20181210133000
sulphate_total, ug S/m3, Revision date=20181210133000
numflag sulphate_total, no unit, Revision date=20181210133000
0
25
Data definition:              EBAS_1.1
Set type code:                TU
Timezone:                     UTC
File name:                    US0064R.20030103080000.20191216000000.filterpack..pm25.1y.1w.US03L_filterpack_US0064.US03L_IMPROVE_Davis.lev2.nas
File creation:                20191218115937
Startdate:                    20030103080000
Revision date:                20191216000000
Statistics:                   arithmetic mean
Data level:                   2
Period code:                  1y
Resolution code:              1w
Station code:                 US0064R
Platform code:                US0064S
Station name:                 Jarbidge Wilderness
Station latitude:             41.8926
Station longitude:            -115.4261
Station altitude:             1869.0 m
Regime:                       IMG
Component:                    
Matrix:                       pm25
Laboratory code:              US03L
Instrument type:              filterpack
Instrument name:              filterpack_US0064
Method ref:                   US03L_IMPROVE_Davis
starttime endtime Fe flag_Fe Pb flag_Pb Mg++ flag_Mg++ Ni flag_Ni NO3- flag_NO3- OC flag_OC OM flag_OM P flag_P PM10 flag_PM10 PM10-PM2.5 flag_PM10-PM2.5 PM2.5 flag_PM2.5 K+ flag_K+ SO4-- flag_SO4--
  2.333333   3.333333    2.75 0.000  0.11 0.000 9.999 0.259000 99.99 0.259000 0.002 0.559000  0.243 0.000  0.341 0.000 99.99 0.259000   0.703 0.000   0.265 0.000   0.438 0.000 0.004 0.000 0.031 0.559000
  5.333333   6.333333    0.50 0.000  0.06 0.000 9.999 0.259000 99.99 0.259000 0.004 0.559000  0.460 0.000  0.644 0.000 99.99 0.259000   0.460 0.000   0.156 0.000   0.305 0.000 0.002 0.000 0.010 0.559000
  8.333333   9.333333    5.05 0.000  0.27 0.000 9.999 0.259000 99.99 0.259000 0.183 0.559000  0.283 0.000  0.396 0.000 99.99 0.259000   2.744 0.000   0.839 0.000   1.905 0.000 0.010 0.000 0.126 0.559000
 11.333333  12.333333    2.20 0.000  0.24 0.000 9.999 0.259000 99.99 0.259000 0.013 0.000000  0.166 0.000  0.232 0.000 99.99 0.259000   0.790 0.000   0.272 0.000   0.518 0.000 0.003 0.000 0.052 0.000000
 14.333333  15.333333    0.49 0.000  0.12 0.000 0.009 0.000000 99.99 0.259000 0.002 0.000000  0.068 0.000  0.095 0.000 99.99 0.259000   0.208 0.000   0.147 0.000   0.061 0.000 0.001 0.000 0.010 0.000000
 17.333333  18.333333    0.73 0.000 99.99 0.259 0.008 0.000000 99.99 0.259000 0.001 0.559000  0.083 0.000  0.116 0.000 99.99 0.259000   0.165 0.000   0.135 0.000   0.030 0.000 0.001 0.000 0.018 0.559000
 20.333333  21.333333    4.48 0.000  0.34 0.000 9.999 0.259000  0.04 0.000000 0.049 0.000000  0.222 0.000  0.311 0.000 99.99 0.259000   1.128 0.000   0.414 0.000   0.714 0.000 0.008 0.000 0.036 0.000000
 23.333333  24.333333    3.11 0.000  0.12 0.000 9.999 0.259000 99.99 0.259000 0.008 0.559000  0.258 0.000  0.362 0.000 99.99 0.259000   0.951 0.000   0.511 0.000   0.440 0.000 0.005 0.000 0.058 0.559000
 26.333333  27.333333    3.52 0.000  0.74 0.000 9.999 0.259000 99.99 0.259000 0.004 0.000000  0.168 0.000  0.235 0.000 99.99 0.259000   1.364 0.000   0.673 0.000   0.691 0.000 0.010 0.000 0.105 0.000000
 29.333333  30.333333    2.23 0.000  0.10 0.000 9.999 0.259000 99.99 0.259000 0.003 0.559000  0.181 0.000  0.254 0.000 99.99 0.259000   0.703 0.000   0.366 0.000   0.337 0.000 0.004 0.000 0.030 0.559000
 32.333333  33.333333    2.55 0.000  0.08 0.000 0.015 0.000000  0.03 0.000000 0.022 0.000000  0.078 0.000  0.109 0.000 99.99 0.259000   0.544 0.000   0.297 0.000   0.247 0.000 0.002 0.000 0.036 0.000000
 35.333333  36.333333    1.35 0.000  0.11 0.000 9.999 0.259000 99.99 0.259000 0.043 0.559000  0.279 0.000  0.391 0.000 99.99 0.259000   0.832 0.000   0.181 0.000   0.651 0.000 0.004 0.000 0.047 0.559000
 38.333333  39.333333    2.37 0.000  0.09 0.000 9.999 0.259000 99.99 0.259000 0.060 0.559000  0.186 0.000  0.261 0.000 99.99 0.259000   0.627 0.000 999.999 0.259   0.640 0.000 0.005 0.000 0.043 0.559000
 41.333333  42.333333    3.58 0.000  0.16 0.000 9.999 0.259000 99.99 0.259000 0.002 0.559000  0.182 0.000  0.255 0.000  1.78 0.000000   0.669 0.000   0.284 0.000   0.385 0.000 0.007 0.000 0.037 0.559000
 44.333333  45.333333    0.39 0.000  0.13 0.000 9.999 0.259000 99.99 0.259000 0.002 0.000000  0.319 0.000  0.446 0.000 99.99 0.259000   0.291 0.000   0.168 0.000   0.123 0.000 0.004 0.000 0.008 0.000000
 47.333333  48.333333    4.98 0.000  0.19 0.000 9.999 0.259000 99.99 0.259000 0.009 0.000000  0.122 0.000  0.171 0.000 99.99 0.259000   1.157 0.000   0.393 0.000   0.765 0.000 0.007 0.000 0.097 0.000000
 50.333333  51.333333    3.42 0.000  0.21 0.000 9.999 0.259000 99.99 0.259000 0.066 0.559000  0.202 0.000  0.283 0.000 99.99 0.259000   1.206 0.000   0.655 0.000   0.551 0.000 0.006 0.000 0.065 0.559000
 53.333333  54.333333    4.03 0.000  0.11 0.000 9.999 0.259000  0.04 0.000000 0.038 0.559000  0.157 0.000  0.220 0.000 99.99 0.259000   1.129 0.000   0.543 0.000   0.586 0.000 0.005 0.000 0.051 0.559000
 56.333333  57.333333   12.35 0.000  0.28 0.000 9.999 0.259000 99.99 0.259000 0.015 0.559000  0.183 0.000  0.256 0.000 99.99 0.259000   1.663 0.000   0.649 0.000   1.014 0.000 0.013 0.000 0.094 0.559000
 59.333333  60.333333    7.95 0.000  0.30 0.000 9.999 0.259000 99.99 0.259000 0.094 0.000000  0.474 0.000  0.663 0.000 99.99 0.259000   2.426 0.000   0.442 0.000   1.984 0.000 0.015 0.000 0.160 0.000000
 62.333333  63.333333    4.43 0.000  0.07 0.000 9.999 0.259000 99.99 0.259000 0.011 0.559000  0.364 0.000  0.510 0.000 99.99 0.259000 999.999 0.456 999.999 0.999   0.476 0.000 0.006 0.000 0.045 0.559000
 65.333333  66.333333   41.46 0.559  0.85 0.559 9.999 0.559259 99.99 0.559259 0.029 0.000000  0.472 0.000  0.661 0.000 99.99 0.559259   3.059 0.000   1.421 0.000   1.638 0.559 0.037 0.559 0.196 0.000000
 68.333333  69.333333   45.25 0.456  0.38 0.456 9.999 0.456259 99.99 0.456259 0.009 0.000000  0.341 0.000  0.478 0.000 99.99 0.456259 999.999 0.456 999.999 0.999 999.999 0.456 0.032 0.456 0.067 0.000000
 71.333333  72.333333  132.39 0.000  0.59 0.000 9.999 0.259000  0.08 0.000000 0.059 0.000000  0.445 0.000  0.623 0.000 99.99 0.259000  20.792 0.000  14.921 0.000   5.871 0.000 0.124 0.000 0.162 0.000000
 74.333333  75.333333   38.07 0.000  0.17 0.000 9.999 0.259000 99.99 0.259000 0.018 0.000000  0.220 0.000  0.307 0.000 99.99 0.259000   5.946 0.000   4.644 0.000   1.302 0.000 0.026 0.000 0.027 0.000000
 77.333333  78.333333   22.23 0.000  0.38 0.000 9.999 0.259000 99.99 0.259000 0.027 0.000000  0.262 0.000  0.367 0.000 99.99 0.259000   2.935 0.000   1.416 0.000   1.519 0.000 0.018 0.000 0.075 0.000000
 80.333333  81.333333   24.84 0.000  0.41 0.000 9.999 0.259000  0.04 0.000000 0.020 0.559000  0.101 0.000  0.141 0.000 99.99 0.259000   3.945 0.000   2.612 0.000   1.333 0.000 0.022 0.000 0.073 0.559000
 83.333333  84.333333   60.80 0.000  0.36 0.000 9.999 0.259000 99.99 0.259000 0.017 0.559000  0.285 0.000  0.400 0.000 99.99 0.259000 999.999 0.456 999.999 0.999   2.482 0.000 0.040 0.000 0.103 0.559000
 86.333333  87.333333    3.26 0.000 99.99 0.259 0.013 0.000000 99.99 0.259000 0.027 0.000000  0.166 0.000  0.233 0.000 99.99 0.259000   0.998 0.000   0.412 0.000   0.586 0.000 0.004 0.000 0.040 0.000000
 89.333333  90.333333   23.92 0.000  0.28 0.000 9.999 0.259000 99.99 0.259000 0.017 0.000000  0.214 0.000  0.299 0.000 99.99 0.259000   3.246 0.000   1.919 0.000   1.327 0.000 0.017 0.000 0.081 0.000000
 92.333333  93.333333   14.79 0.000  0.42 0.000 0.010 0.000000 99.99 0.259000 0.007 0.559000  0.093 0.000  0.130 0.000 99.99 0.259000   2.329 0.000   1.561 0.000   0.768 0.000 0.016 0.000 0.059 0.559000
 95.333333  96.333333   13.69 0.000  0.39 0.000 9.999 0.259000 99.99 0.259000 0.004 0.000000  0.081 0.000  0.113 0.000 99.99 0.259000   1.331 0.000   0.482 0.000   0.848 0.000 0.012 0.000 0.093 0.000000
 98.333333  99.333333   36.12 0.000  0.47 0.000 9.999 0.259000 99.99 0.259000 0.009 0.000000  0.237 0.000  0.332 0.000 99.99 0.259000   4.232 0.000   2.481 0.000   1.752 0.000 0.027 0.000 0.103 0.000000
101.333333 102.333333  214.37 0.559  1.31 0.559 9.999 0.559259  0.06 0.559000 0.055 0.000000  0.552 0.000  0.772 0.000 99.99 0.559259  29.832 0.000  20.932 0.000   8.901 0.559 0.173 0.559 0.333 0.000000
104.333333 105.333333    7.04 0.000  0.15 0.000 9.999 0.259000 99.99 0.259000 0.006 0.000000  0.182 0.000  0.255 0.000 99.99 0.259000   1.211 0.000   0.516 0.000   0.695 0.000 0.009 0.000 0.049 0.000000
107.333333 108.333333   22.94 0.000  0.35 0.000 9.999 0.259000 99.99 0.259000 0.015 0.559000  0.595 0.000  0.833 0.000 99.99 0.259000   2.911 0.000   0.704 0.000   2.207 0.000 0.027 0.000 0.123 0.559000
110.333333 111.333333   31.83 0.394  0.64 0.394 9.999 0.394259 99.99 0.394259 0.020 0.394000  0.351 0.000  0.492 0.000 99.99 0.394259   3.585 0.000   1.726 0.000   1.858 0.000 0.025 0.394 0.168 0.394000
113.333333 114.333333   58.80 0.000  0.67 0.000 9.999 0.259000  0.05 0.000000 0.024 0.559000  0.503 0.000  0.705 0.000 99.99 0.259000   4.730 0.000   2.375 0.000   2.355 0.000 0.043 0.000 0.135 0.559000
116.333333 117.333333   30.53 0.000  0.52 0.000 9.999 0.259000 99.99 0.259000 0.014 0.000000  0.214 0.000  0.300 0.000 99.99 0.259000   2.661 0.000   0.965 0.000   1.697 0.000 0.025 0.000 0.151 0.000000
119.333333 120.333333    3.47 0.000  0.13 0.000 0.018 0.000000 99.99 0.259000 0.005 0.000000  0.202 0.000  0.283 0.000  1.35 0.000000   0.749 0.000   0.410 0.000   0.338 0.000 0.004 0.000 0.027 0.000000
122.333333 123.333333    5.86 0.000  0.18 0.000 9.999 0.259000 99.99 0.259000 0.003 0.000000  0.112 0.000  0.157 0.000 99.99 0.259000   0.909 0.000   0.568 0.000   0.341 0.000 0.003 0.000 0.031 0.000000
125.333333 126.333333   22.22 0.000  0.68 0.000 0.010 0.000000 99.99 0.259000 0.015 0.000000  0.748 0.000  1.047 0.000 99.99 0.259000   4.454 0.000   0.961 0.000   3.493 0.000 0.024 0.000 0.302 0.000000
128.333333 129.333333    1.28 0.000  0.17 0.000 0.024 0.000000 99.99 0.259000 0.002 0.000000  0.307 0.000  0.430 0.000 99.99 0.259000   0.499 0.000   0.115 0.000   0.384 0.000 0.001 0.000 0.025 0.000000
131.333333 132.333333   28.59 0.000  0.95 0.000 0.011 0.000000 99.99 0.259000 0.017 0.000000  0.440 0.000  0.616 0.000 99.99 0.259000   4.258 0.000   2.018 0.000   2.240 0.000 0.024 0.000 0.213 0.000000
134.333333 135.333333   83.26 0.000  1.13 0.000 9.999 0.259000  0.04 0.000000 0.033 0.000000  0.977 0.000  1.368 0.000 99.99 0.259000  14.135 0.000   8.823 0.000   5.312 0.000 0.070 0.000 0.282 0.000000
137.333333 138.333333   14.18 0.559  0.27 0.559 9.999 0.559259 99.99 0.559259 0.016 0.000000  0.585 0.000  0.819 0.000 99.99 0.559259 999.999 0.456 999.999 0.999   2.027 0.559 0.008 0.559 0.139 0.000000
140.333333 141.333333   41.79 0.000  0.48 0.000 9.999 0.259000 99.99 0.259000 0.012 0.000000  0.759 0.000  1.063 0.000 99.99 0.259000   9.040 0.000   6.113 0.000   2.927 0.000 0.036 0.000 0.111 0.000000
143.333333 144.333333  102.69 0.000  0.88 0.000 9.999 0.259000 99.99 0.259000 0.034 0.000000  1.058 0.000  1.481 0.000 99.99 0.259000  16.622 0.000  11.261 0.000   5.361 0.000 0.093 0.000 0.260 0.000000
146.333333 147.333333   78.70 0.000  0.64 0.000 9.999 0.259000 99.99 0.259000 0.011 0.559000  1.306 0.000  1.828 0.000 99.99 0.259000  18.021 0.000  13.171 0.000   4.851 0.000 0.074 0.000 0.152 0.559000
149.333333 150.333333   71.96 0.559  0.58 0.559 9.999 0.559259 99.99 0.559259 0.036 0.000000  1.255 0.000  1.757 0.000 99.99 0.559259  14.665 0.000   8.950 0.000   5.715 0.559 0.059 0.559 0.379 0.000000
152.333333 153.333333   35.64 0.000  0.76 0.000 9.999 0.259000 99.99 0.259000 0.026 0.000000  2.775 0.000  3.885 0.000 99.99 0.259000  11.657 0.000   4.176 0.000   7.481 0.000 0.045 0.000 0.249 0.000000
155.333333 156.333333   64.47 0.000  0.35 0.000 9.999 0.259000 99.99 0.259000 0.020 0.000000  1.897 0.000  2.656 0.000 99.99 0.259000  12.903 0.000   6.867 0.000   6.036 0.000 0.063 0.000 0.204 0.000000
158.333333 159.333333   36.37 0.000  0.63 0.000 9.999 0.259000 99.99 0.259000 0.010 0.000000  1.650 0.000  2.310 0.000 99.99 0.259000   9.028 0.000   4.603 0.000   4.425 0.000 0.031 0.000 0.195 0.000000
161.333333 162.333333   53.56 0.000  0.47 0.000 9.999 0.259000 99.99 0.259000 0.030 0.000000  1.240 0.000  1.736 0.000 99.99 0.259000   8.999 0.000   4.517 0.000   4.482 0.000 0.046 0.000 0.132 0.000000
164.333333 165.333333   93.13 0.559  0.81 0.559 9.999 0.559259  0.10 0.559000 0.032 0.559000  2.694 0.000  3.772 0.000 99.99 0.559259  15.039 0.000   6.120 0.000   8.919 0.559 0.095 0.559 0.304 0.559000
167.333333 168.333333   63.29 0.000  0.54 0.000 9.999 0.259000  0.04 0.000000 0.023 0.559000  1.946 0.000  2.725 0.000 99.99 0.259000  13.787 0.000   7.737 0.000   6.051 0.000 0.082 0.000 0.274 0.559000
170.333333 171.333333   31.13 0.000  0.22 0.000 9.999 0.259000 99.99 0.259000 0.038 0.000000  1.316 0.000  1.843 0.000 99.99 0.259000   6.616 0.000   2.615 0.000   4.000 0.000 0.031 0.000 0.170 0.000000
173.333333 174.333333   27.93 0.000 99.99 0.259 9.999 0.259000 99.99 0.259000 0.008 0.000000  0.338 0.000  0.473 0.000 99.99 0.259000   5.663 0.000   3.981 0.000   1.682 0.000 0.025 0.000 0.071 0.000000
176.333333 177.333333   39.07 0.000  0.40 0.000 9.999 0.259000 99.99 0.259000 0.009 0.559000  0.981 0.000  1.373 0.000 99.99 0.259000   6.777 0.000   3.570 0.000   3.208 0.000 0.033 0.000 0.100 0.559000
179.333333 180.333333   67.67 0.000  0.53 0.000 9.999 0.259000 99.99 0.259000 0.008 0.000000  1.024 0.000  1.433 0.000 99.99 0.259000  11.781 0.000   7.867 0.000   3.914 0.000 0.062 0.000 0.093 0.000000
182.333333 183.333333  101.61 0.000  0.38 0.000 9.999 0.259000 99.99 0.259000 0.015 0.000000  0.578 0.000  0.810 0.000 99.99 0.259000  11.170 0.000   6.822 0.000   4.348 0.000 0.080 0.000 0.138 0.000000
185.333333 186.333333  116.31 0.559  0.52 0.559 9.999 0.559259 99.99 0.559259 0.009 0.000000  1.103 0.000  1.544 0.000 99.99 0.559259  16.692 0.000  11.352 0.000   5.339 0.559 0.107 0.559 0.098 0.000000
188.333333 189.333333  221.20 0.559  0.45 0.559 9.999 0.559259  0.06 0.559000 0.024 0.559000  1.110 0.000  1.554 0.000 99.99 0.559259  35.045 0.000  26.557 0.000   8.488 0.559 0.211 0.559 0.162 0.559000
191.333333 192.333333  195.04 0.559  0.67 0.559 9.999 0.559259  0.05 0.559000 0.013 0.000000  1.532 0.000  2.145 0.000 99.99 0.559259  17.609 0.000   9.121 0.000   8.488 0.559 0.147 0.559 0.131 0.000000
194.333333 195.333333   97.20 0.000  0.37 0.000 9.999 0.259000 99.99 0.259000 0.008 0.000000  1.455 0.000  2.037 0.000 99.99 0.259000  14.947 0.000   9.622 0.000   5.325 0.000 0.073 0.000 0.088 0.000000
197.333333 198.333333  114.47 0.000  0.31 0.000 9.999 0.259000 99.99 0.259000 0.028 0.559000  1.193 0.000  1.670 0.000 99.99 0.259000  13.072 0.000   6.096 0.000   6.976 0.000 0.100 0.000 0.286 0.559000
200.333333 201.333333   88.15 0.559  0.42 0.559 9.999 0.559259  0.02 0.559000 0.024 0.559000  2.695 0.000  3.773 0.000 99.99 0.559259  16.953 0.000   8.345 0.000   8.607 0.559 0.125 0.559 0.336 0.559000
203.333333 204.333333  210.80 0.559  0.54 0.559 9.999 0.559259  0.11 0.559000 0.031 0.559000  2.816 0.000  3.943 0.000 99.99 0.559259  18.128 0.000   6.456 0.000  11.672 0.559 0.202 0.559 0.212 0.559000
206.333333 207.333333   40.76 0.000  0.26 0.000 9.999 0.259000  0.08 0.000000 0.026 0.559000  1.484 0.000  2.077 0.000 99.99 0.259000   8.007 0.000   3.473 0.000   4.533 0.000 0.040 0.000 0.195 0.559000
209.333333 210.333333   38.31 0.394  0.24 0.394 9.999 0.394259  0.17 0.394000 0.025 0.559394  1.960 0.000  2.744 0.000 99.99 0.394259   9.683 0.000   4.048 0.000   5.635 0.000 0.057 0.394 0.172 0.559394
212.333333 213.333333  131.31 0.559  0.36 0.559 9.999 0.559259 99.99 0.559259 0.019 0.559000  1.547 0.000  2.166 0.000 99.99 0.559259  18.478 0.000  11.070 0.000   7.407 0.559 0.127 0.559 0.153 0.559000
215.333333 216.333333   10.63 0.000  0.27 0.000 9.999 0.259000 99.99 0.259000 0.010 0.559000  1.167 0.000  1.634 0.000 99.99 0.259000   4.890 0.000   2.062 0.000   2.828 0.000 0.013 0.000 0.115 0.559000
218.333333 219.333333  106.29 0.000  0.25 0.000 9.999 0.259000 99.99 0.259000 0.013 0.559000  0.909 0.000  1.273 0.000 99.99 0.259000  20.544 0.000  15.611 0.000   4.933 0.000 0.104 0.000 0.118 0.559000
221.333333 222.333333   75.07 0.000  0.31 0.000 9.999 0.259000 99.99 0.259000 0.011 0.559000  0.712 0.000  0.997 0.000 99.99 0.259000  14.096 0.000  10.185 0.000   3.910 0.000 0.071 0.000 0.148 0.559000
224.333333 225.333333   66.21 0.000  0.32 0.000 9.999 0.259000  0.04 0.000000 0.012 0.559000  0.703 0.000  0.985 0.000 99.99 0.259000  10.747 0.000   7.025 0.000   3.723 0.000 0.063 0.000 0.149 0.559000
227.333333 228.333333   67.83 0.000  0.25 0.000 9.999 0.259000  0.04 0.000000 0.017 0.559000  1.061 0.000  1.485 0.000 99.99 0.259000  12.849 0.000   8.764 0.000   4.085 0.000 0.056 0.000 0.163 0.559000
230.333333 231.333333 9999.99 0.999 99.99 0.999 9.999 0.999000 99.99 0.999000 9.999 0.999000 99.999 0.999 99.999 0.999 99.99 0.999000 999.999 0.999 999.999 0.999 999.999 0.999 9.999 0.999 9.999 0.999000
233.333333 234.333333   19.92 0.000  0.19 0.000 9.999 0.259000  0.05 0.000000 0.009 0.559000  0.748 0.000  1.047 0.000 99.99 0.259000   3.720 0.000   1.672 0.000   2.048 0.000 0.019 0.000 0.108 0.559000
