scripts/IMPROVE-2019_partial/data/US0062R.19940101070000.20191216000000.filterpack...1y.3d.US03L_filterpack_US0062.US03L_IMPROVE_Davis.lev2.nas
51 1001
MISSING INFORMATION
US03L, IMPROVE, , , , , , , 
MISSING INFORMATION
IMPROVE sel_HTAP
1 1
1994 01 01 2019 12 16
0
days from file reference point
4
1 1 1 1
999.999999 999.999 99.999 9.999
end_time of measurement, days from the file reference point
pm10_mass, ug/m3, Matrix=pm10
pm25_mass, ug/m3, Matrix=pm25
numflag, no unit
0
33
Data definition:              EBAS_1.1
Set type code:                TI
Timezone:                     UTC
File name:                    US0062R.19940101070000.20191216000000.filterpack...1y.3d.US03L_filterpack_US0062.US03L_IMPROVE_Davis.lev2.nas
File creation:                20191218115923
Startdate:                    19940101070000
Revision date:                20191216000000
Version:                      2
Version description:          "Data extracted from http://views.cira.colostate.edu/fed/DataWizard 2019-12-16"
Statistics:                   arithmetic mean
Data level:                   2
Period code:                  1y
Resolution code:              3d
Sample duration:              1d
Orig. time res.:              3d
Station code:                 US0062R
Platform code:                US0062S
Station name:                 Bandelier NM
Station latitude:             35.7797
Station longitude:            -106.2664
Station altitude:             1988.0 m
Regime:                       IMG
Component:                    
Unit:                         ug/m3
Matrix:                       
Laboratory code:              US03L
Instrument type:              filterpack
Instrument name:              filterpack_US0062
Method ref:                   US03L_IMPROVE_Davis
Blank correction:             Blank corrected
Volume std. temperature:      ambient
Volume std. pressure:         ambient
starttime endtime PM10 PM2.5 flag
  0.291667   1.291667   6.787  2.978 0.000
  4.291667   5.291667  12.449  2.611 0.000
  7.291667   8.291667   5.061  1.879 0.000
 11.291667  12.291667   5.620  2.812 0.000
 14.291667  15.291667   7.236  3.450 0.000
 18.291667  19.291667   6.215  3.153 0.000
 21.291667  22.291667   9.602 99.999 0.000
 25.291667  26.291667   6.141  1.230 0.000
 28.291667  29.291667   7.593  3.301 0.000
 32.291667  33.291667   4.000  1.857 0.000
 35.291667  36.291667   3.660  2.606 0.000
 39.291667  40.291667 999.999 99.999 0.999
 42.291667  43.291667 999.999 99.999 0.999
 46.291667  47.291667 999.999 99.999 0.999
 49.291667  50.291667 999.999 99.999 0.999
 53.291667  54.291667   3.156  2.627 0.000
 56.291667  57.291667  14.016 99.999 0.000
 60.291667  61.291667   9.803  2.804 0.000
 63.291667  64.291667   7.520  3.176 0.000
 67.291667  68.291667   6.615  3.323 0.000
 70.291667  71.291667   5.962  2.538 0.000
 74.291667  75.291667   8.346  3.354 0.000
 77.291667  78.291667   6.024  4.817 0.000
 81.291667  82.291667   5.702  2.730 0.000
 84.291667  85.291667   7.702  4.000 0.000
 88.291667  89.291667   4.638  2.831 0.000
 91.291667  92.291667   5.236 99.999 0.000
 95.291667  96.291667   6.130  2.362 0.000
 98.291667  99.291667   6.264  3.981 0.000
102.291667 103.291667   7.303  3.018 0.000
105.291667 106.291667  18.689  9.568 0.000
109.291667 110.291667  15.018  6.837 0.000
112.291667 113.291667  11.449 99.999 0.000
116.291667 117.291667   7.899  3.545 0.000
119.291667 120.291667   3.333  2.364 0.000
123.291667 124.291667  11.697  7.583 0.000
126.291667 127.291667  11.631  6.556 0.000
130.291667 131.291667   8.842  3.207 0.000
133.291667 134.291667   6.000  3.695 0.000
137.291667 138.291667  13.345  9.483 0.000
140.291667 141.291667   7.606  4.346 0.000
144.291667 145.291667   3.500  2.406 0.000
147.291667 148.291667  10.367 99.999 0.000
151.291667 152.291667  10.200  5.206 0.000
154.291667 155.291667   8.262  4.265 0.000
158.291667 159.291667   7.105  4.243 0.000
161.291667 162.291667  12.993  5.252 0.000
165.291667 166.291667  10.762  2.627 0.000
168.291667 169.291667  14.106  5.285 0.000
172.291667 173.291667   5.461  3.626 0.000
175.291667 176.291667  10.033  4.147 0.000
179.291667 180.291667  13.673  8.179 0.000
182.291667 183.291667  10.769  7.300 0.000
186.291667 187.291667   9.406  4.364 0.000
189.291667 190.291667  10.552  5.491 0.000
193.291667 194.291667 999.999 99.999 0.999
196.291667 197.291667 999.999 99.999 0.999
200.291667 201.291667  12.107  4.307 0.000
203.291667 204.291667   8.261  3.127 0.000
207.291667 208.291667   5.831  3.958 0.000
210.291667 211.291667 999.999 99.999 0.999
214.291667 215.291667 999.999 99.999 0.999
217.291667 218.291667 999.999 99.999 0.999
221.291667 222.291667  11.788  5.946 0.000
224.291667 225.291667   9.536  5.135 0.000
228.291667 229.291667   8.545  4.238 0.000
231.291667 232.291667   4.509  2.440 0.000
235.291667 236.291667   8.640  4.513 0.000
238.291667 239.291667   6.728 99.999 0.000
242.291667 243.291667   6.679  2.335 0.000
245.291667 246.291667   6.581  2.515 0.000
249.291667 250.291667   6.098  3.678 0.000
252.291667 253.291667   7.500  4.773 0.000
256.291667 257.291667   5.188  2.258 0.000
259.291667 260.291667  10.949  5.224 0.000
263.291667 264.291667   7.331  3.003 0.000
266.291667 267.291667   7.092  2.601 0.000
270.291667 271.291667  15.645  8.210 0.000
273.291667 274.291667   4.234  1.782 0.000
277.291667 278.291667  13.755  4.393 0.000
280.291667 281.291667   4.612  2.291 0.000
284.291667 285.291667   8.166  3.269 0.000
287.291667 288.291667   6.638  3.301 0.000
291.291667 292.291667   4.213  2.698 0.000
294.291667 295.291667   5.042  3.111 0.000
298.291667 299.291667   7.797  4.572 0.000
301.291667 302.291667   5.975  2.928 0.000
305.291667 306.291667   5.588  2.975 0.000
308.291667 309.291667   4.328  3.481 0.000
312.291667 313.291667   4.721  2.778 0.000
315.291667 316.291667   1.502  0.722 0.000
319.291667 320.291667   7.650  4.384 0.000
322.291667 323.291667   4.318  1.558 0.000
326.291667 327.291667   4.313  2.342 0.000
329.291667 330.291667   9.779  2.870 0.000
333.291667 334.291667   5.068  1.527 0.000
336.291667 337.291667   4.163  2.313 0.000
340.291667 341.291667   3.045  1.964 0.000
343.291667 344.291667   2.545  1.727 0.000
347.291667 348.291667   5.000  2.714 0.000
350.291667 351.291667   6.875  2.000 0.000
354.291667 355.291667   6.789  1.802 0.000
357.291667 358.291667  20.405  1.943 0.000
361.291667 362.291667   5.280  2.635 0.000
364.291667 365.291667   4.766  2.671 0.000
