scripts/IMPROVE-2019_partial/data/US0080R.20110103050000.20191216000000.filterpack...1y.3d.US03L_filterpack_US0080.US03L_IMPROVE_Davis.lev2.nas
51 1001
MISSING INFORMATION
US03L, IMPROVE, , , , , , , 
MISSING INFORMATION
IMPROVE sel_HTAP
1 1
2011 01 01 2019 12 16
3.000000
days from file reference point
4
1 1 1 1
999.999999 999.999 999.999 9.999
end_time of measurement, days from the file reference point
pm10_mass, ug/m3, Matrix=pm10
pm25_mass, ug/m3, Matrix=pm25
numflag, no unit
0
33
Data definition:              EBAS_1.1
Set type code:                TU
Timezone:                     UTC
File name:                    US0080R.20110103050000.20191216000000.filterpack...1y.3d.US03L_filterpack_US0080.US03L_IMPROVE_Davis.lev2.nas
File creation:                20191218120051
Startdate:                    20110103050000
Revision date:                20191216000000
Version:                      2
Version description:          "Data extracted from http://views.cira.colostate.edu/fed/DataWizard 2019-12-16"
Statistics:                   arithmetic mean
Data level:                   2
Period code:                  1y
Resolution code:              3d
Sample duration:              1d
Orig. time res.:              3d
Station code:                 US0080R
Platform code:                US0080S
Station name:                 James River Face Wilderness
Station latitude:             37.6266
Station longitude:            -79.5125
Station altitude:             289.0 m
Regime:                       IMG
Component:                    
Unit:                         ug/m3
Matrix:                       
Laboratory code:              US03L
Instrument type:              filterpack
Instrument name:              filterpack_US0080
Method ref:                   US03L_IMPROVE_Davis
Blank correction:             Blank corrected
Volume std. temperature:      ambient
Volume std. pressure:         ambient
starttime endtime PM10 PM2.5 flag
  2.208333   3.208333   7.288   4.644 0.000
  5.208333   6.208333  15.139  10.664 0.000
  8.208333   9.208333   5.000   4.341 0.000
 11.208333  12.208333   8.305   6.121 0.000
 14.208333  15.208333  13.524   8.587 0.000
 17.208333  18.208333  19.072  15.943 0.000
 20.208333  21.208333   5.012   3.724 0.000
 23.208333  24.208333  15.902  12.879 0.000
 26.208333  27.208333  10.257   8.912 0.000
 29.208333  30.208333  12.229  10.968 0.000
 32.208333  33.208333   6.923   5.251 0.000
 35.208333  36.208333   7.871   6.235 0.000
 38.208333  39.208333   5.430   4.036 0.000
 41.208333  42.208333  11.267   8.144 0.000
 44.208333  45.208333   9.559   5.478 0.000
 47.208333  48.208333  24.040  16.387 0.000
 50.208333  51.208333   3.773   1.818 0.000
 53.208333  54.208333  14.827  12.498 0.000
 56.208333  57.208333   9.148   7.191 0.000
 59.208333  60.208333   7.725   4.516 0.000
 62.208333  63.208333   9.308   4.944 0.000
 65.208333  66.208333   4.186   3.045 0.000
 68.208333  69.208333   2.184   1.069 0.000
 71.208333  72.208333   5.914   3.124 0.000
 74.208333  75.208333   9.953   7.524 0.000
 77.208333  78.208333   8.428   4.160 0.000
 80.208333  81.208333  11.169  10.949 0.000
 83.208333  84.208333  10.193   7.760 0.000
 86.208333  87.208333  14.648  12.392 0.000
 89.208333  90.208333   5.458   4.868 0.000
 92.208333  93.208333   6.020   4.249 0.000
 95.208333  96.208333   7.304   3.659 0.000
 98.208333  99.208333   7.375   5.452 0.000
101.208333 102.208333   8.946   4.707 0.000
104.208333 105.208333  14.287   7.170 0.000
107.208333 108.208333  20.146   8.556 0.000
110.208333 111.208333   9.351   5.340 0.000
113.208333 114.208333  13.685   7.760 0.000
116.208333 117.208333  20.380   6.132 0.000
119.208333 120.208333  10.182   5.494 0.000
122.208333 123.208333  18.852   9.151 0.000
125.208333 126.208333  12.173   7.342 0.000
128.208333 129.208333  12.665   9.010 0.000
131.208333 132.208333  22.727  15.904 0.000
134.208333 135.208333  10.101   4.601 0.000
137.208333 138.208333  10.567   5.376 0.000
140.208333 141.208333  15.571  11.915 0.000
143.208333 144.208333  18.023   9.209 0.000
146.208333 147.208333  13.683   6.707 0.000
149.208333 150.208333  19.895  14.752 0.000
152.208333 153.208333  14.697   8.788 0.000
155.208333 156.208333  12.036   8.057 0.000
158.208333 159.208333  28.450  21.281 0.000
161.208333 162.208333  22.343  16.040 0.000
164.208333 165.208333  14.630   7.366 0.000
167.208333 168.208333  14.879   8.993 0.000
170.208333 171.208333  13.250   8.108 0.000
173.208333 174.208333  10.471   6.068 0.000
176.208333 177.208333  13.710  10.533 0.000
179.208333 180.208333  10.819   6.146 0.000
182.208333 183.208333  17.221  13.753 0.000
185.208333 186.208333  14.867   9.467 0.000
188.208333 189.208333  16.727  12.333 0.000
191.208333 192.208333  21.887  16.468 0.000
194.208333 195.208333  12.989   8.230 0.000
197.208333 198.208333  12.357   6.704 0.000
200.208333 201.208333  21.354  17.922 0.000
203.208333 204.208333  22.890  18.195 0.000
206.208333 207.208333  17.127  11.244 0.000
209.208333 210.208333  23.773  17.833 0.000
212.208333 213.208333  16.523  12.560 0.000
215.208333 216.208333  19.350  15.115 0.000
218.208333 219.208333  14.226   9.682 0.000
221.208333 222.208333  15.497  10.254 0.000
224.208333 225.208333  29.696  26.770 0.000
227.208333 228.208333  12.306   8.254 0.000
230.208333 231.208333  13.773   9.727 0.000
233.208333 234.208333  11.614   7.307 0.000
236.208333 237.208333  15.912  11.714 0.000
239.208333 240.208333  16.681  13.383 0.000
242.208333 243.208333  14.518  10.822 0.000
245.208333 246.208333  23.323  19.038 0.000
248.208333 249.208333   2.863   0.848 0.000
251.208333 252.208333  13.656   7.675 0.000
254.208333 255.208333  11.499   8.192 0.000
257.208333 258.208333  14.351  10.594 0.000
260.208333 261.208333   7.139   4.390 0.000
263.208333 264.208333  13.445   7.272 0.000
266.208333 267.208333  12.930   6.331 0.000
269.208333 270.208333  17.268   8.324 0.000
272.208333 273.208333  13.283   5.912 0.000
275.208333 276.208333   4.420   3.298 0.000
278.208333 279.208333  10.992   7.800 0.000
281.208333 282.208333  11.089   7.083 0.000
284.208333 285.208333   5.831   4.006 0.000
287.208333 288.208333   9.552   3.160 0.000
290.208333 291.208333  15.467  10.307 0.000
293.208333 294.208333   6.877   3.935 0.000
296.208333 297.208333  11.113   8.354 0.000
299.208333 300.208333  11.296   7.073 0.000
302.208333 303.208333   9.868   6.384 0.000
305.208333 306.208333 999.999 999.999 0.999
308.208333 309.208333 999.999 999.999 0.999
311.208333 312.208333 999.999 999.999 0.456
314.208333 315.208333 999.999 999.999 0.456
317.208333 318.208333 999.999 999.999 0.456
320.208333 321.208333   5.816   3.075 0.000
323.208333 324.208333  11.978   7.951 0.000
326.208333 327.208333   4.888   2.375 0.000
329.208333 330.208333  12.613  10.256 0.000
332.208333 333.208333   4.027   1.881 0.000
335.208333 336.208333  10.352   7.763 0.000
338.208333 339.208333  18.711  13.630 0.000
341.208333 342.208333   5.769   5.074 0.000
344.208333 345.208333  10.838  10.419 0.000
347.208333 348.208333  13.102  11.615 0.000
350.208333 351.208333   9.321   7.667 0.000
353.208333 354.208333  15.080   8.840 0.000
356.208333 357.208333   5.705   3.497 0.000
359.208333 360.208333   9.034   7.141 0.000
362.208333 363.208333   8.651   7.201 0.000
