scripts/IMPROVE-2019_partial/data/US0013R.20020102070000.20191216000000.filterpack..pm25.52w.1w.US03L_filterpack_US0013.US03L_IMPROVE_Davis.lev2.nas
66 1001
MISSING INFORMATION
US03L, IMPROVE, , , , , , , 
MISSING INFORMATION
IMPROVE sel_HTAP
1 1
2002 01 01 2019 12 16
3.000000
days from file reference point
27
1 1 1 1 1 1 1 1 1 1 1 1 1 1 1 1 1 1 1 1 1 1 1 1 1 1 1
999.999999 9999.99 9.999999 99.99 9.999999 9.999 9.999999999 9.99 9.999999 9.999 9.999 99.999 9.999 99.999 9.999 999.99 9.999999999 999.999 9.999 999.999 9.999 999.999 9.999 9.999 9.999999 9.999 9.999
end_time of measurement, days from the file reference point
iron, ng/m3, Revision date=20181210133000
numflag iron, no unit, Revision date=20181210133000
lead, ng/m3, Revision date=20181210133000
numflag lead, no unit, Revision date=20181210133000
magnesium, ug/m3, Revision date=20181210133000
numflag magnesium, no unit, Revision date=20181210133000
nickel, ng/m3, Revision date=20181210133000
numflag nickel, no unit, Revision date=20181210133000
nitrate, ug N/m3, Revision date=20181210133000
numflag nitrate, no unit, Revision date=20181210133000
organic_carbon, ug C/m3, Revision date=20181210133000
numflag organic_carbon, no unit, Revision date=20181210133000
organic_mass, ug/m3, Revision date=20181210133000
numflag organic_mass, no unit, Revision date=20181210133000
phosphorus, ng/m3, Revision date=20181210133000
numflag phosphorus, no unit, Revision date=20181210133000
pm10_mass, ug/m3, Version=2, Version description=Data extracted from http://views.cira.colostate.edu/fed/DataWizard 2019-12-16, Sample duration=1d, Orig. time res.=3d, Matrix=pm10, Blank correction=Blank corrected, Volume std. temperature=ambient, Volume std. pressure=ambient
numflag pm10_mass, no unit, Version=2, Version description=Data extracted from http://views.cira.colostate.edu/fed/DataWizard 2019-12-16, Sample duration=1d, Orig. time res.=3d, Matrix=pm10, Blank correction=Blank corrected, Volume std. temperature=ambient, Volume std. pressure=ambient
pm10_pm25_mass, ug/m3, Revision date=20181210133000, Matrix=pm10_pm25
numflag pm10_pm25_mass, no unit, Revision date=20181210133000, Matrix=pm10_pm25
pm25_mass, ug/m3, Version=2, Version description=Data extracted from http://views.cira.colostate.edu/fed/DataWizard 2019-12-16, Sample duration=1d, Orig. time res.=3d, Blank correction=Blank corrected, Volume std. temperature=ambient, Volume std. pressure=ambient
numflag pm25_mass, no unit, Version=2, Version description=Data extracted from http://views.cira.colostate.edu/fed/DataWizard 2019-12-16, Sample duration=1d, Orig. time res.=3d, Blank correction=Blank corrected, Volume std. temperature=ambient, Volume std. pressure=ambient
potassium, ug/m3, Revision date=20181210133000
numflag potassium, no unit, Revision date=20181210133000
sulphate_total, ug S/m3, Revision date=20181210133000
numflag sulphate_total, no unit, Revision date=20181210133000
0
25
Data definition:              EBAS_1.1
Set type code:                TU
Timezone:                     UTC
File name:                    US0013R.20020102070000.20191216000000.filterpack..pm25.52w.1w.US03L_filterpack_US0013.US03L_IMPROVE_Davis.lev2.nas
File creation:                20191218115613
Startdate:                    20020102070000
Revision date:                20191216000000
Statistics:                   arithmetic mean
Data level:                   2
Period code:                  52w
Resolution code:              1w
Station code:                 US0013R
Platform code:                US0013S
Station name:                 Hance Camp at Grand Canyon NP
Station latitude:             35.9731
Station longitude:            -111.9841
Station altitude:             2267.0 m
Regime:                       IMG
Component:                    
Matrix:                       pm25
Laboratory code:              US03L
Instrument type:              filterpack
Instrument name:              filterpack_US0013
Method ref:                   US03L_IMPROVE_Davis
starttime endtime Fe flag_Fe Pb flag_Pb Mg++ flag_Mg++ Ni flag_Ni NO3- flag_NO3- OC flag_OC OM flag_OM P flag_P PM10 flag_PM10 PM10-PM2.5 flag_PM10-PM2.5 PM2.5 flag_PM2.5 K+ flag_K+ SO4-- flag_SO4--
  1.291667   2.291667    2.11 0.000000  0.21 0.000000 9.999 0.259000000 9.99 0.259000 0.049 0.000  0.484 0.000  0.677 0.000 999.99 0.259000000   2.067 0.000 999.999 0.259   2.071 0.000 0.002 0.000000 0.236 0.000
  4.291667   5.291667    2.73 0.000000  0.32 0.000000 9.999 0.259000000 9.99 0.259000 0.014 0.000  0.137 0.000  0.192 0.000 999.99 0.259000000   0.868 0.000   0.359 0.000   0.509 0.000 0.003 0.000000 0.033 0.000
  7.291667   8.291667    1.73 0.000000  0.29 0.000000 9.999 0.259000000 9.99 0.259000 0.003 0.000  0.126 0.000  0.177 0.000 999.99 0.259000000   0.620 0.000   0.152 0.000   0.468 0.000 0.006 0.000000 0.021 0.000
 10.291667  11.291667    5.45 0.000000 99.99 0.259000 9.999 0.259000000 9.99 0.259000 0.010 0.000  0.033 0.000  0.046 0.000 999.99 0.259000000   1.356 0.000   0.790 0.000   0.566 0.000 0.004 0.000000 0.053 0.000
 13.291667  14.291667   13.64 0.000000  0.62 0.000000 9.999 0.259000000 9.99 0.259000 0.020 0.559  0.205 0.000  0.287 0.000 999.99 0.259000000   2.137 0.000   1.123 0.000   1.014 0.000 0.010 0.000000 0.048 0.559
 16.291667  17.291667   15.08 0.000000  0.56 0.000000 9.999 0.259000000 9.99 0.259000 0.141 0.000  0.350 0.000  0.490 0.000 999.99 0.259000000   3.273 0.000   1.217 0.000   2.055 0.000 0.016 0.000000 0.143 0.000
 19.291667  20.291667    8.29 0.000000  0.49 0.000000 9.999 0.259000000 9.99 0.259000 0.020 0.000  0.114 0.000  0.159 0.000 999.99 0.259000000   1.157 0.000   0.410 0.000   0.747 0.000 0.008 0.000000 0.049 0.000
 22.291667  23.291667    9.12 0.000000  0.53 0.000000 9.999 0.259000000 9.99 0.259000 0.027 0.000  0.017 0.000  0.023 0.000 999.99 0.259000000   1.277 0.000   0.530 0.000   0.747 0.000 0.009 0.000000 0.063 0.000
 25.291667  26.291667 9999.99 0.259000 99.99 0.259000 9.999 0.259000000 9.99 0.259000 9.999 0.259 99.999 0.259 99.999 0.259 999.99 0.259000000 999.999 0.259 999.999 0.259   0.062 0.000 9.999 0.259000 9.999 0.259
 28.291667  29.291667   11.29 0.000000  0.35 0.000000 9.999 0.259000000 9.99 0.259000 0.096 0.000  0.164 0.000  0.230 0.000 999.99 0.259000000   2.155 0.000   1.034 0.000   1.121 0.000 0.010 0.000000 0.090 0.000
 31.291667  32.291667    7.66 0.000000 99.99 0.259000 9.999 0.259000000 9.99 0.259000 0.043 0.000  0.057 0.000  0.079 0.000 999.99 0.259000000   1.117 0.000   0.432 0.000   0.685 0.000 0.005 0.000000 0.048 0.000
 34.291667  35.291667   13.47 0.000000 99.99 0.259000 9.999 0.259000000 9.99 0.259000 0.020 0.000  0.068 0.000  0.096 0.000 999.99 0.259000000   1.876 0.000   1.066 0.000   0.810 0.000 0.008 0.000000 0.077 0.000
 37.291667  38.291667    9.71 0.000000  0.40 0.000000 9.999 0.259000000 9.99 0.259000 0.010 0.000  0.095 0.000  0.134 0.000 999.99 0.259000000   0.945 0.000   0.260 0.000   0.685 0.000 0.008 0.000000 0.055 0.000
 40.291667  41.291667   10.39 0.000000  0.25 0.000000 9.999 0.259000000 9.99 0.259000 0.011 0.559  0.041 0.000  0.057 0.000 999.99 0.259000000   1.593 0.000   0.905 0.000   0.688 0.000 0.007 0.000000 0.074 0.559
 43.291667  44.291667   24.41 0.000000  1.20 0.000000 9.999 0.259000000 9.99 0.259000 0.047 0.000  0.167 0.000  0.234 0.000 999.99 0.259000000   2.900 0.000   1.156 0.000   1.744 0.000 0.019 0.000000 0.148 0.000
 46.291667  47.291667   24.04 0.000000  0.58 0.000000 9.999 0.259000000 9.99 0.259000 0.019 0.559  0.237 0.000  0.332 0.000 999.99 0.259000000   3.105 0.000   1.298 0.000   1.806 0.000 0.016 0.000000 0.159 0.559
 49.291667  50.291667    7.54 0.000000  0.39 0.000000 9.999 0.259000000 9.99 0.259000 0.039 0.559  0.181 0.000  0.254 0.000 999.99 0.259000000   1.348 0.000   0.102 0.000   1.246 0.000 0.009 0.000000 0.120 0.559
 52.291667  53.291667   13.75 0.000000 99.99 0.259000 9.999 0.259000000 9.99 0.259000 0.007 0.000 99.999 0.259 99.999 0.259 999.99 0.259000000   1.592 0.000   0.910 0.000   0.682 0.000 0.008 0.000000 0.042 0.000
 55.291667  56.291667   13.39 0.000000  0.24 0.000000 9.999 0.259000000 9.99 0.259000 0.008 0.559  0.075 0.000  0.105 0.000 999.99 0.259000000   1.055 0.000   0.339 0.000   0.716 0.000 0.009 0.000000 0.040 0.559
 58.291667  59.291667   14.97 0.000000  0.35 0.000000 9.999 0.259000000 0.05 0.000000 0.014 0.000  0.170 0.000  0.238 0.000 999.99 0.259000000   1.137 0.000   0.265 0.000   0.872 0.000 0.013 0.000000 0.056 0.000
 61.291667  62.291667   20.74 0.699000  0.44 0.699000 9.999 0.699259000 0.18 0.699000 0.044 0.559  0.189 0.000  0.265 0.000 999.99 0.699259000   1.838 0.000   0.362 0.000   1.476 0.699 0.014 0.699000 0.154 0.559
 64.291667  65.291667   42.42 0.559000  0.81 0.559000 9.999 0.559259000 0.18 0.559000 0.113 0.000  0.527 0.000  0.737 0.000 999.99 0.559259000   3.289 0.000   0.936 0.000   2.353 0.559 0.033 0.559000 0.092 0.000
 67.291667  68.291667   38.30 0.699000  0.61 0.699000 9.999 0.699259000 9.99 0.699259 0.017 0.559  0.166 0.000  0.232 0.000 999.99 0.699259000   1.584 0.000 999.999 0.259   1.768 0.699 0.023 0.699000 0.122 0.559
 70.291667  71.291667   17.63 0.559000  0.47 0.559000 9.999 0.559259000 0.15 0.559000 0.006 0.559  0.054 0.000  0.075 0.000 999.99 0.559259000   0.767 0.000   0.170 0.000   0.597 0.559 0.013 0.559000 0.036 0.559
 73.291667  74.291667    8.32 0.000000  0.16 0.000000 9.999 0.259000000 9.99 0.259000 0.019 0.000  0.034 0.000  0.048 0.000 999.99 0.259000000   1.663 0.000   0.960 0.000   0.703 0.000 0.007 0.000000 0.051 0.000
 76.291667  77.291667   19.09 0.000000  0.46 0.000000 9.999 0.259000000 9.99 0.259000 0.061 0.000  0.178 0.000  0.249 0.000 999.99 0.259000000   2.911 0.000   1.297 0.000   1.614 0.000 0.013 0.000000 0.149 0.000
 79.291667  80.291667   20.69 0.000000  0.47 0.000000 9.999 0.259000000 9.99 0.259000 0.009 0.000  0.162 0.000  0.227 0.000 999.99 0.259000000   2.589 0.000   1.397 0.000   1.192 0.000 0.011 0.000000 0.100 0.000
 82.291667  83.291667   11.16 0.000000 99.99 0.259000 9.999 0.259000000 0.10 0.000000 0.046 0.559  0.218 0.000  0.304 0.000 999.99 0.259000000   1.612 0.000   0.788 0.000   0.824 0.000 0.007 0.000000 0.079 0.559
 85.291667  86.291667   36.75 0.000000  0.71 0.000000 9.999 0.259000000 0.14 0.000000 0.020 0.000  0.269 0.000  0.376 0.000 999.99 0.259000000   3.164 0.000   1.525 0.000   1.639 0.000 0.023 0.000000 0.102 0.000
 88.291667  89.291667   57.27 0.000000  0.72 0.000000 9.999 0.259000000 0.10 0.000000 0.023 0.000  0.336 0.000  0.470 0.000 999.99 0.259000000   5.753 0.000   3.304 0.000   2.449 0.000 0.044 0.000000 0.116 0.000
 91.291667  92.291667   74.08 0.559000  1.43 0.559000 9.999 0.559259000 9.99 0.559259 0.031 0.000  0.454 0.000  0.635 0.000 999.99 0.559259000   6.863 0.000   3.277 0.000   3.586 0.559 0.054 0.559000 0.221 0.000
 94.291667  95.291667   31.51 0.000000  0.96 0.000000 9.999 0.259000000 0.18 0.000000 0.024 0.000  0.274 0.000  0.384 0.000 999.99 0.259000000   4.767 0.000   2.596 0.000   2.170 0.000 0.027 0.000000 0.187 0.000
 97.291667  98.291667   60.80 0.000000  1.02 0.000000 9.999 0.259000000 0.19 0.000000 0.060 0.000  0.639 0.000  0.894 0.000 999.99 0.259000000   8.876 0.000   4.649 0.000   4.227 0.000 0.043 0.000000 0.310 0.000
100.291667 101.291667   69.86 0.000000  0.82 0.000000 9.999 0.259000000 0.18 0.000000 0.061 0.000  0.528 0.000  0.739 0.000 999.99 0.259000000   6.904 0.000   3.344 0.000   3.560 0.000 0.042 0.000000 0.251 0.000
103.291667 104.291667   79.59 0.000000  0.58 0.000000 9.999 0.259000000 9.99 0.259000 0.030 0.559  0.328 0.000  0.459 0.000 999.99 0.259000000   5.433 0.000   2.724 0.000   2.709 0.000 0.040 0.000000 0.142 0.559
106.291667 107.291667   74.33 0.000000  0.53 0.000000 9.999 0.259000000 0.10 0.000000 0.050 0.000  0.110 0.000  0.153 0.000 999.99 0.259000000   9.600 0.000   6.881 0.000   2.719 0.000 0.042 0.000000 0.144 0.000
109.291667 110.291667   35.78 0.000000  0.40 0.000000 9.999 0.259000000 9.99 0.259000 0.053 0.000  0.199 0.000  0.278 0.000 999.99 0.259000000   4.382 0.000   2.660 0.000   1.722 0.000 0.022 0.000000 0.132 0.000
112.291667 113.291667  156.10 0.000000  2.58 0.000000 9.999 0.259000000 9.99 0.259000 0.053 0.559  0.396 0.000  0.555 0.000 999.99 0.259000000   8.958 0.000   4.175 0.000   4.783 0.000 0.098 0.000000 0.320 0.559
115.291667 116.291667   77.82 0.000000  0.87 0.000000 9.999 0.259000000 9.99 0.259000 0.047 0.000  0.333 0.000  0.466 0.000 999.99 0.259000000   9.477 0.000   6.345 0.000   3.132 0.000 0.047 0.000000 0.187 0.000
118.291667 119.291667   95.38 0.000000  0.96 0.000000 9.999 0.259000000 9.99 0.259000 0.049 0.000  0.222 0.000  0.311 0.000 999.99 0.259000000   6.944 0.000   3.890 0.000   3.054 0.000 0.058 0.000000 0.184 0.000
121.291667 122.291667   50.01 0.000000  0.92 0.000000 9.999 0.259000000 9.99 0.259000 0.048 0.559  0.300 0.000  0.420 0.000 999.99 0.259000000   5.219 0.000   2.435 0.000   2.784 0.000 0.045 0.000000 0.174 0.559
124.291667 125.291667  124.87 0.000000  1.05 0.000000 9.999 0.259000000 0.12 0.000000 0.095 0.559  0.383 0.000  0.536 0.000 999.99 0.259000000  10.355 0.000   5.412 0.000   4.943 0.000 0.069 0.000000 0.233 0.559
127.291667 128.291667  189.02 0.000000  0.69 0.000000 9.999 0.259000000 0.20 0.000000 0.121 0.000  0.585 0.000  0.820 0.000 999.99 0.259000000  20.053 0.000  12.008 0.000   8.044 0.000 0.110 0.000000 0.270 0.000
130.291667 131.291667  176.71 0.000000  0.91 0.000000 9.999 0.259000000 0.13 0.000000 0.162 0.559  0.504 0.000  0.706 0.000 999.99 0.259000000  16.067 0.000   9.756 0.000   6.310 0.000 0.098 0.000000 0.225 0.559
133.291667 134.291667   61.16 0.000000  0.62 0.000000 9.999 0.259000000 0.14 0.000000 0.058 0.559  0.467 0.000  0.654 0.000 999.99 0.259000000   8.129 0.000   4.894 0.000   3.235 0.000 0.038 0.000000 0.189 0.559
136.291667 137.291667   86.56 0.000000  0.64 0.000000 9.999 0.259000000 0.19 0.000000 0.066 0.559  0.414 0.000  0.580 0.000 999.99 0.259000000   9.355 0.000   4.774 0.000   4.580 0.000 0.054 0.000000 0.229 0.559
139.291667 140.291667   90.75 0.000000  0.55 0.000000 9.999 0.259000000 0.22 0.000000 0.052 0.559  0.274 0.000  0.384 0.000 999.99 0.259000000  12.949 0.000   8.795 0.000   4.154 0.000 0.054 0.000000 0.235 0.559
142.291667 143.291667   41.40 0.000000  0.39 0.000000 9.999 0.259000000 0.08 0.000000 0.066 0.559  0.293 0.000  0.410 0.000 999.99 0.259000000   5.876 0.000   3.867 0.000   2.010 0.000 0.025 0.000000 0.115 0.559
145.291667 146.291667   35.26 0.000000  0.43 0.000000 9.999 0.259000000 0.23 0.000000 0.043 0.559  0.392 0.000  0.549 0.000 999.99 0.259000000   5.841 0.000   3.319 0.000   2.523 0.000 0.030 0.000000 0.194 0.559
148.291667 149.291667   62.33 0.000000  0.67 0.000000 9.999 0.259000000 0.15 0.000000 0.059 0.559  0.634 0.000  0.888 0.000 999.99 0.259000000   7.966 0.000   4.478 0.000   3.488 0.000 0.043 0.000000 0.253 0.559
151.291667 152.291667   99.07 0.000000  0.41 0.000000 0.037 0.000000000 0.21 0.000000 0.032 0.559  0.610 0.000  0.854 0.000 999.99 0.259000000  12.183 0.000   7.584 0.000   4.600 0.000 0.080 0.000000 0.307 0.559
154.291667 155.291667   29.31 0.000000  0.73 0.000000 9.999 0.259000000 9.99 0.259000 0.029 0.559  0.693 0.000  0.970 0.000 999.99 0.259000000   5.801 0.000   2.372 0.000   3.429 0.000 0.025 0.000000 0.256 0.559
157.291667 158.291667   73.70 0.000000  0.90 0.000000 9.999 0.259000000 0.12 0.000000 0.057 0.559  1.000 0.000  1.400 0.000 999.99 0.259000000  14.214 0.000   8.684 0.000   5.530 0.000 0.071 0.000000 0.333 0.559
160.291667 161.291667  124.29 0.000000  0.54 0.000000 0.052 0.000000000 0.11 0.000000 0.085 0.559  0.653 0.000  0.914 0.000 999.99 0.259000000  15.564 0.000  10.264 0.000   5.300 0.000 0.086 0.000000 0.203 0.559
163.291667 164.291667   37.47 0.699000  0.47 0.699000 9.999 0.699259000 9.99 0.699259 0.027 0.000  0.815 0.000  1.141 0.000 999.99 0.699259000   6.781 0.000   3.660 0.000   3.122 0.699 0.041 0.699000 0.150 0.000
166.291667 167.291667   52.30 0.000000  0.58 0.000000 9.999 0.259000000 0.11 0.000000 0.058 0.000  0.648 0.000  0.907 0.000 999.99 0.259000000   6.985 0.000   3.670 0.000   3.316 0.000 0.048 0.000000 0.237 0.000
169.291667 170.291667  112.30 0.699000  0.95 0.699000 9.999 0.699259000 0.13 0.699000 0.079 0.000  1.257 0.000  1.760 0.000 999.99 0.699259000  11.193 0.000   5.085 0.000   6.108 0.699 0.121 0.699000 0.252 0.000
172.291667 173.291667   81.18 0.000000  0.58 0.000000 9.999 0.259000000 9.99 0.259000 0.066 0.000  0.389 0.000  0.544 0.000 999.99 0.259000000   9.097 0.000   5.387 0.000   3.710 0.000 0.183 0.000000 0.224 0.000
175.291667 176.291667   31.69 0.000000  0.46 0.000000 0.020 0.000000000 0.15 0.000000 0.023 0.000  0.394 0.000  0.551 0.000 999.99 0.259000000   4.386 0.000   2.261 0.000   2.125 0.000 0.038 0.000000 0.168 0.000
178.291667 179.291667   49.98 0.000000  0.86 0.000000 9.999 0.259000000 9.99 0.259000 0.038 0.000  1.217 0.000  1.704 0.000 999.99 0.259000000   8.987 0.000   4.400 0.000   4.587 0.000 0.086 0.000000 0.203 0.000
181.291667 182.291667   85.08 0.699000  0.39 0.699000 9.999 0.699259000 0.16 0.699000 0.062 0.000  2.667 0.000  3.734 0.000 999.99 0.699259000  16.054 0.000   5.969 0.000  10.085 0.699 0.105 0.699000 0.529 0.000
184.291667 185.291667   38.76 0.000000  0.27 0.000000 9.999 0.259000000 9.99 0.259000 0.022 0.559  0.770 0.000  1.078 0.000 999.99 0.259000000   6.657 0.000   2.649 0.000   4.008 0.000 0.040 0.000000 0.263 0.559
187.291667 188.291667   53.89 0.000000  0.45 0.000000 9.999 0.259000000 0.23 0.000000 0.062 0.559  0.686 0.000  0.960 0.000 999.99 0.259000000  10.784 0.000   5.447 0.000   5.337 0.000 0.062 0.000000 0.465 0.559
190.291667 191.291667   41.00 0.000000  0.21 0.000000 9.999 0.259000000 9.99 0.259000 0.015 0.000  0.489 0.000  0.684 0.000 999.99 0.259000000   7.147 0.000   3.800 0.000   3.347 0.000 0.029 0.000000 0.262 0.000
193.291667 194.291667  205.83 0.000000  0.34 0.000000 9.999 0.259000000 0.11 0.000000 0.026 0.559  1.095 0.000  1.533 0.000 999.99 0.259000000  17.851 0.000  11.574 0.000   6.277 0.000 0.138 0.000000 0.264 0.559
196.291667 197.291667   77.75 0.000000  0.32 0.000000 9.999 0.259000000 0.09 0.000000 0.038 0.000  3.312 0.000  4.637 0.000 999.99 0.259000000  11.397 0.000   2.087 0.000   9.310 0.000 0.113 0.000000 0.369 0.000
199.291667 200.291667   50.26 0.000000  0.22 0.000000 9.999 0.259000000 0.12 0.000000 0.022 0.000  0.709 0.000  0.993 0.000 999.99 0.259000000   6.040 0.000   3.073 0.000   2.967 0.000 0.050 0.000000 0.263 0.000
202.291667 203.291667   71.60 0.000000  0.35 0.000000 9.999 0.259000000 0.11 0.000000 0.031 0.000  0.407 0.000  0.570 0.000 999.99 0.259000000  11.765 0.000   8.216 0.000   3.549 0.000 0.072 0.000000 0.260 0.000
205.291667 206.291667   51.06 0.000000  0.33 0.000000 9.999 0.259000000 9.99 0.259000 0.022 0.559  0.360 0.000  0.504 0.000 999.99 0.259000000   6.051 0.000   3.292 0.000   2.759 0.000 0.037 0.000000 0.246 0.559
208.291667 209.291667  105.01 0.000000  0.32 0.000000 9.999 0.259000000 0.14 0.000000 0.061 0.559  0.540 0.000  0.756 0.000 999.99 0.259000000  11.493 0.000   6.728 0.000   4.765 0.000 0.064 0.000000 0.316 0.559
211.291667 212.291667  379.57 0.699000  0.80 0.699000 9.999 0.699259000 0.28 0.699000 0.088 0.000  1.890 0.000  2.647 0.000 999.99 0.699259000  42.974 0.000  27.453 0.000  15.521 0.699 0.271 0.699000 0.427 0.000
214.291667 215.291667   30.78 0.000000  0.29 0.000000 9.999 0.259000000 0.10 0.000000 0.043 0.559  0.709 0.000  0.992 0.000 999.99 0.259000000   6.536 0.000   2.678 0.000   3.858 0.000 0.035 0.000000 0.364 0.559
217.291667 218.291667   30.55 0.000000  0.53 0.000000 9.999 0.259000000 0.15 0.000000 0.037 0.559  0.498 0.000  0.697 0.000 999.99 0.259000000   6.616 0.000   3.761 0.000   2.854 0.000 0.044 0.000000 0.277 0.559
220.291667 221.291667   13.52 0.000000  0.26 0.000000 9.999 0.259000000 9.99 0.259000 0.025 0.559  0.445 0.000  0.623 0.000 999.99 0.259000000   4.386 0.000   2.183 0.000   2.203 0.000 0.020 0.000000 0.163 0.559
223.291667 224.291667   44.55 0.699000  0.49 0.699000 0.020 0.699000000 9.99 0.699259 0.049 0.000  1.537 0.000  2.152 0.000 999.99 0.699259000   9.016 0.000   3.148 0.000   5.868 0.699 0.060 0.699000 0.332 0.000
