scripts/IMPROVE-2019_partial/data/US0073R.20000101050000.20191216000000.filterpack...52w.3d.US03L_filterpack_US0073_GRSM1.US03L_IMPROVE_Davis.lev2.nas
52 1001
MISSING INFORMATION
US03L, IMPROVE, , , , , , , 
MISSING INFORMATION
IMPROVE sel_HTAP
1 1
2000 01 01 2019 12 16
0
days from file reference point
5
1 1 1 1 1
999.999999 999.999 9.999 999.999 9.999
end_time of measurement, days from the file reference point
pm10_mass, ug/m3, Matrix=pm10
numflag pm10_mass, no unit, Matrix=pm10
pm25_mass, ug/m3, Matrix=pm25
numflag pm25_mass, no unit, Matrix=pm25
0
33
Data definition:              EBAS_1.1
Set type code:                TI
Timezone:                     UTC
File name:                    US0073R.20000101050000.20191216000000.filterpack...52w.3d.US03L_filterpack_US0073_GRSM1.US03L_IMPROVE_Davis.lev2.nas
File creation:                20191218120025
Startdate:                    20000101050000
Revision date:                20191216000000
Version:                      2
Version description:          "Data extracted from http://views.cira.colostate.edu/fed/DataWizard 2019-12-16"
Statistics:                   arithmetic mean
Data level:                   2
Period code:                  52w
Resolution code:              3d
Sample duration:              1d
Orig. time res.:              3d
Station code:                 US0073R
Platform code:                US0073S
Station name:                 Great Smoky Mountains NP
Station latitude:             35.6334
Station longitude:            -83.9416
Station altitude:             810.0 m
Regime:                       IMG
Component:                    
Unit:                         ug/m3
Matrix:                       
Laboratory code:              US03L
Instrument type:              filterpack
Instrument name:              filterpack_US0073_GRSM1
Method ref:                   US03L_IMPROVE_Davis
Blank correction:             Blank corrected
Volume std. temperature:      ambient
Volume std. pressure:         ambient
starttime endtime PM10 flag_PM10 PM2.5 flag_PM2.5
  0.208333   1.208333  17.838 0.000  11.781 0.000
  4.208333   5.208333   9.409 0.000   6.667 0.000
  7.208333   8.208333   8.452 0.000   5.797 0.000
 11.208333  12.208333  15.132 0.000   5.833 0.000
 14.208333  15.208333   3.101 0.000   2.130 0.000
 18.208333  19.208333  11.319 0.000   7.418 0.000
 21.208333  22.208333   9.966 0.000   3.346 0.000
 25.208333  26.208333   6.992 0.559   5.122 0.000
 28.208333  29.208333   3.497 0.559   2.616 0.000
 32.208333  33.208333  10.893 0.000   7.812 0.000
 35.208333  36.208333  10.750 0.559   7.870 0.000
 39.208333  40.208333  28.072 0.000  16.482 0.000
 42.208333  43.208333   7.630 0.000   4.824 0.000
 46.208333  47.208333  26.423 0.000  12.137 0.000
 49.208333  50.208333   8.478 0.000   6.394 0.000
 53.208333  54.208333  16.891 0.000  11.285 0.000
 56.208333  57.208333  19.835 0.000  11.173 0.000
 60.208333  61.208333  23.481 0.559  12.823 0.000
 63.208333  64.208333  14.988 0.559   8.802 0.000
 67.208333  68.208333  40.045 0.000  28.909 0.000
 70.208333  71.208333   4.785 0.000   3.350 0.000
 74.208333  75.208333  17.162 0.000  12.200 0.000
 77.208333  78.208333  10.611 0.000   7.627 0.000
 81.208333  82.208333  13.300 0.000  12.691 0.000
 84.208333  85.208333  13.804 0.000  12.680 0.000
 88.208333  89.208333   6.128 0.000   4.803 0.000
 91.208333  92.208333  20.461 0.000  17.818 0.559
 95.208333  96.208333   9.165 0.000   5.012 0.000
 98.208333  99.208333   7.308 0.000   5.609 0.000
102.208333 103.208333   8.122 0.000   7.285 0.000
105.208333 106.208333   4.914 0.000   3.716 0.000
109.208333 110.208333  13.848 0.000  11.657 0.000
112.208333 113.208333   7.188 0.000   5.117 0.000
116.208333 117.208333   9.060 0.000   6.155 0.000
119.208333 120.208333  17.241 0.000  13.590 0.559
123.208333 124.208333  21.716 0.000  18.186 0.000
126.208333 127.208333  20.512 0.000  16.183 0.000
130.208333 131.208333  14.571 0.000   9.239 0.000
133.208333 134.208333  18.465 0.000  12.055 0.000
137.208333 138.208333  27.657 0.000  20.179 0.000
140.208333 141.208333  14.210 0.000  10.372 0.000
144.208333 145.208333  22.078 0.000  16.428 0.000
147.208333 148.208333  20.271 0.000  15.449 0.000
151.208333 152.208333  20.305 0.000  17.315 0.000
154.208333 155.208333  29.524 0.000  25.679 0.000
158.208333 159.208333  11.746 0.000   9.280 0.000
161.208333 162.208333  33.929 0.000  30.512 0.000
165.208333 166.208333  17.060 0.000  13.763 0.000
168.208333 169.208333  10.477 0.000   8.596 0.000
172.208333 173.208333  16.563 0.000  13.341 0.000
175.208333 176.208333  19.534 0.000  15.408 0.000
179.208333 180.208333  17.897 0.000  14.749 0.000
182.208333 183.208333  18.144 0.000  16.204 0.559
186.208333 187.208333  29.654 0.000  22.876 0.000
189.208333 190.208333  33.086 0.000  32.994 0.000
193.208333 194.208333  11.842 0.000  10.179 0.000
196.208333 197.208333  18.666 0.000  15.189 0.000
200.208333 201.208333 999.999 0.999 999.999 0.999
203.208333 204.208333  28.484 0.000  27.778 0.000
207.208333 208.208333   9.459 0.000   8.030 0.000
210.208333 211.208333 999.999 0.999 999.999 0.999
214.208333 215.208333   9.459 0.000   7.102 0.000
217.208333 218.208333  20.714 0.000  18.426 0.000
221.208333 222.208333 999.999 0.999 999.999 0.999
224.208333 225.208333  15.565 0.000  14.204 0.000
228.208333 229.208333  27.937 0.000  23.927 0.000
231.208333 232.208333  23.308 0.000  20.709 0.000
235.208333 236.208333  28.137 0.000  25.807 0.000
238.208333 239.208333  21.951 0.000  19.287 0.000
243.208333 244.208333 999.999 0.999 999.999 0.999
246.208333 247.208333 999.999 0.999 999.999 0.999
249.208333 250.208333 999.999 0.999 999.999 0.999
252.208333 253.208333 999.999 0.999 999.999 0.999
255.208333 256.208333 999.999 0.999 999.999 0.999
258.208333 259.208333  16.106 0.000  11.505 0.000
261.208333 262.208333  11.574 0.000   8.215 0.000
264.208333 265.208333   8.203 0.000   5.428 0.000
267.208333 268.208333  11.858 0.000   8.430 0.000
270.208333 271.208333   7.271 0.000   5.846 0.000
273.208333 274.208333  12.671 0.000  10.579 0.000
276.208333 277.208333  17.640 0.000  13.650 0.000
279.208333 280.208333  17.738 0.000  14.072 0.000
282.208333 283.208333   5.332 0.000   3.592 0.000
285.208333 286.208333  14.330 0.000   7.786 0.000
288.208333 289.208333  23.924 0.000  20.202 0.000
291.208333 292.208333  19.940 0.000  16.508 0.000
294.208333 295.208333  40.035 0.000  35.329 0.000
297.208333 298.208333  39.206 0.000  33.984 0.000
300.208333 301.208333  47.858 0.000  30.956 0.000
303.208333 304.208333  37.651 0.000  14.589 0.000
306.208333 307.208333  53.241 0.000  51.439 0.699
309.208333 310.208333  15.404 0.000  13.185 0.000
312.208333 313.208333  13.523 0.000  10.887 0.000
315.208333 316.208333   8.259 0.000   6.855 0.000
318.208333 319.208333   6.187 0.000   4.789 0.000
321.208333 322.208333   8.013 0.000   6.436 0.000
324.208333 325.208333   6.200 0.000   4.280 0.000
327.208333 328.208333  12.738 0.000   9.150 0.000
330.208333 331.208333   7.068 0.000   5.752 0.000
333.208333 334.208333   8.958 0.000   6.974 0.000
336.208333 337.208333  15.368 0.000  12.369 0.000
339.208333 340.208333  11.329 0.000  10.133 0.000
342.208333 343.208333  14.261 0.000  12.305 0.000
345.208333 346.208333  15.212 0.000  12.722 0.000
348.208333 349.208333   3.164 0.000   1.878 0.000
351.208333 352.208333  11.726 0.000  10.175 0.000
354.208333 355.208333   8.116 0.000   7.005 0.000
357.208333 358.208333   6.861 0.000   5.450 0.000
360.208333 361.208333   8.905 0.000   7.814 0.000
363.208333 364.208333  13.062 0.000  11.544 0.000
