scripts/IMPROVE-2019_partial/data/US0095R.20110103070000.20191216000000.filterpack...1y.3d.US03L_filterpack_US0095.US03L_IMPROVE_Davis.lev2.nas
52 1001
MISSING INFORMATION
US03L, IMPROVE, , , , , , , 
MISSING INFORMATION
IMPROVE sel_HTAP
1 1
2011 01 01 2019 12 16
3.000000
days from file reference point
5
1 1 1 1 1
999.999999 999.999 9.999 999.999 9.999
end_time of measurement, days from the file reference point
pm10_mass, ug/m3, Matrix=pm10
numflag pm10_mass, no unit, Matrix=pm10
pm25_mass, ug/m3, Matrix=pm25
numflag pm25_mass, no unit, Matrix=pm25
0
33
Data definition:              EBAS_1.1
Set type code:                TU
Timezone:                     UTC
File name:                    US0095R.20110103070000.20191216000000.filterpack...1y.3d.US03L_filterpack_US0095.US03L_IMPROVE_Davis.lev2.nas
File creation:                20191218120151
Startdate:                    20110103070000
Revision date:                20191216000000
Version:                      2
Version description:          "Data extracted from http://views.cira.colostate.edu/fed/DataWizard 2019-12-16"
Statistics:                   arithmetic mean
Data level:                   2
Period code:                  1y
Resolution code:              3d
Sample duration:              1d
Orig. time res.:              3d
Station code:                 US0095R
Platform code:                US0095S
Station name:                 Petrified Forest NP
Station latitude:             35.0777
Station longitude:            -109.7692
Station altitude:             1766.0 m
Regime:                       IMG
Component:                    
Unit:                         ug/m3
Matrix:                       
Laboratory code:              US03L
Instrument type:              filterpack
Instrument name:              filterpack_US0095
Method ref:                   US03L_IMPROVE_Davis
Blank correction:             Blank corrected
Volume std. temperature:      ambient
Volume std. pressure:         ambient
starttime endtime PM10 flag_PM10 PM2.5 flag_PM2.5
  2.291667   3.291667   3.736 0.000   3.326 0.000
  5.291667   6.291667   4.173 0.000   3.583 0.000
  8.291667   9.291667   4.252 0.000   3.041 0.000
 11.291667  12.291667   2.349 0.000   1.689 0.000
 14.291667  15.291667   1.990 0.000   1.387 0.000
 17.291667  18.291667 999.999 0.999 999.999 0.999
 20.291667  21.291667   2.979 0.000   1.273 0.000
 23.291667  24.291667   3.845 0.000   1.001 0.000
 26.291667  27.291667   4.790 0.000   1.493 0.000
 29.291667  30.291667   5.840 0.000   2.062 0.000
 32.291667  33.291667   7.146 0.000   2.458 0.000
 35.291667  36.291667   5.104 0.000   1.372 0.000
 38.291667  39.291667   3.572 0.000   1.252 0.659
 41.291667  42.291667 999.999 0.456   1.446 0.659
 44.291667  45.291667 999.999 0.456   1.937 0.659
 47.291667  48.291667   7.910 0.000   2.423 0.000
 50.291667  51.291667   1.035 0.000   0.847 0.000
 53.291667  54.291667   4.784 0.000   2.685 0.000
 56.291667  57.291667   8.540 0.000   2.591 0.000
 59.291667  60.291667   3.665 0.000   1.699 0.000
 62.291667  63.291667   7.291 0.000   2.527 0.000
 65.291667  66.291667  22.116 0.000   2.910 0.000
 68.291667  69.291667   5.189 0.000   2.625 0.000
 71.291667  72.291667 999.999 0.999 999.999 0.999
 74.291667  75.291667  10.849 0.000 999.999 0.456
 77.291667  78.291667  23.923 0.000 999.999 0.456
 80.291667  81.291667   2.006 0.000 999.999 0.456
 83.291667  84.291667  12.738 0.000   7.606 0.000
 86.291667  87.291667   8.320 0.000   3.363 0.000
 89.291667  90.291667   4.697 0.000   1.621 0.000
 92.291667  93.291667  30.905 0.000   5.142 0.000
 95.291667  96.291667  12.899 0.000   3.193 0.000
 98.291667  99.291667   9.421 0.000   3.161 0.000
101.291667 102.291667   7.436 0.000   3.786 0.000
104.291667 105.291667  20.822 0.000  12.054 0.000
107.291667 108.291667  16.827 0.000   6.507 0.000
110.291667 111.291667  11.845 0.000   5.079 0.000
113.291667 114.291667  13.444 0.000   4.753 0.000
116.291667 117.291667   4.897 0.000   2.769 0.000
119.291667 120.291667   8.441 0.000   2.419 0.000
122.291667 123.291667   7.385 0.000   3.146 0.000
125.291667 126.291667  13.034 0.000   5.472 0.000
128.291667 129.291667  23.773 0.000   5.996 0.000
131.291667 132.291667   5.962 0.000   2.093 0.000
134.291667 135.291667   9.547 0.000   3.993 0.000
137.291667 138.291667  10.815 0.000   2.806 0.000
140.291667 141.291667   3.676 0.000   2.703 0.000
143.291667 144.291667  20.265 0.000   6.681 0.000
146.291667 147.291667   7.154 0.000   3.483 0.000
149.291667 150.291667  14.072 0.000   3.171 0.000
152.291667 153.291667  12.812 0.000   4.417 0.000
155.291667 156.291667  17.981 0.000  11.388 0.000
158.291667 159.291667  13.895 0.000 999.999 0.456
161.291667 162.291667  14.100 0.000 999.999 0.456
164.291667 165.291667  11.631 0.000 999.999 0.456
167.291667 168.291667  14.216 0.000   4.240 0.000
170.291667 171.291667   3.996 0.000   1.270 0.000
173.291667 174.291667  12.714 0.000   5.153 0.000
176.291667 177.291667  13.681 0.000   5.523 0.000
179.291667 180.291667  19.581 0.000   7.350 0.000
182.291667 183.291667  13.798 0.000   4.463 0.000
185.291667 186.291667 999.999 0.999 999.999 0.999
188.291667 189.291667   9.789 0.000   4.918 0.000
191.291667 192.291667   7.427 0.000   4.224 0.000
194.291667 195.291667   8.766 0.000   2.218 0.000
197.291667 198.291667   9.543 0.000   5.450 0.000
200.291667 201.291667  10.870 0.000   5.999 0.000
203.291667 204.291667   8.584 0.000   5.418 0.000
206.291667 207.291667   6.796 0.000   3.470 0.000
209.291667 210.291667   6.583 0.000   3.184 0.000
212.291667 213.291667   5.109 0.000   3.121 0.000
215.291667 216.291667   7.401 0.000   2.606 0.000
218.291667 219.291667  11.367 0.000   4.524 0.000
221.291667 222.291667  12.746 0.000   5.820 0.000
224.291667 225.291667  11.847 0.000   4.839 0.000
227.291667 228.291667   5.905 0.000   2.994 0.000
230.291667 231.291667 999.999 0.999 999.999 0.999
233.291667 234.291667 999.999 0.999 999.999 0.999
236.291667 237.291667   7.239 0.000   2.494 0.000
239.291667 240.291667   8.004 0.000   4.623 0.000
242.291667 243.291667  12.970 0.000   6.837 0.000
245.291667 246.291667   6.446 0.000   3.743 0.000
248.291667 249.291667 999.999 0.999 999.999 0.999
251.291667 252.291667 999.999 0.999 999.999 0.999
254.291667 255.291667 999.999 0.999 999.999 0.999
257.291667 258.291667   4.241 0.000   3.104 0.000
260.291667 261.291667   5.735 0.000   3.614 0.000
263.291667 264.291667   6.855 0.000   2.681 0.000
266.291667 267.291667   5.424 0.000   3.124 0.000
269.291667 270.291667   6.511 0.000   3.075 0.000
272.291667 273.291667  23.504 0.000   5.466 0.000
275.291667 276.291667   4.354 0.000   2.425 0.000
278.291667 279.291667   6.592 0.000   2.313 0.000
281.291667 282.291667   1.599 0.000   1.401 0.000
284.291667 285.291667   3.948 0.000   2.389 0.000
287.291667 288.291667   4.108 0.000   2.450 0.000
290.291667 291.291667   4.931 0.000   1.397 0.000
293.291667 294.291667   7.071 0.000   3.290 0.000
296.291667 297.291667   8.500 0.000   3.140 0.000
299.291667 300.291667   2.916 0.000   2.751 0.000
302.291667 303.291667   3.874 0.000   3.077 0.000
305.291667 306.291667   6.472 0.000   1.898 0.000
308.291667 309.291667   2.424 0.000   1.148 0.000
311.291667 312.291667   1.912 0.000   1.534 0.000
314.291667 315.291667   5.022 0.000   3.264 0.000
317.291667 318.291667   2.109 0.000   1.503 0.000
320.291667 321.291667   4.127 0.000   2.209 0.000
323.291667 324.291667   5.138 0.000   3.080 0.000
326.291667 327.291667   2.828 0.000   2.140 0.000
329.291667 330.291667   5.000 0.000   1.700 0.000
332.291667 333.291667   3.554 0.000   1.863 0.000
335.291667 336.291667   5.826 0.000   3.036 0.000
338.291667 339.291667   1.737 0.000   1.465 0.000
341.291667 342.291667   4.306 0.000   3.706 0.000
344.291667 345.291667   5.309 0.000   3.830 0.000
347.291667 348.291667   0.626 0.000   0.644 0.000
350.291667 351.291667   3.337 0.000   2.602 0.000
353.291667 354.291667   3.054 0.000   2.651 0.000
356.291667 357.291667   1.936 0.000   1.231 0.000
359.291667 360.291667   2.388 0.000   1.943 0.000
362.291667 363.291667   3.194 0.000   1.718 0.000
