scripts/IMPROVE-2019_partial/data/US0052R.20090101060000.20191216000000.filterpack...52w.3d.US03L_filterpack_US0052.US03L_IMPROVE_Davis.lev2.nas
51 1001
MISSING INFORMATION
US03L, IMPROVE, , , , , , , 
MISSING INFORMATION
IMPROVE sel_HTAP
1 1
2009 01 01 2019 12 16
3.00
days from file reference point
4
1 1 1 1
999.99 999.999 999.999 9.999
end_time of measurement, days from the file reference point
pm10_mass, ug/m3, Matrix=pm10
pm25_mass, ug/m3, Matrix=pm25
numflag, no unit
0
33
Data definition:              EBAS_1.1
Set type code:                TU
Timezone:                     UTC
File name:                    US0052R.20090101060000.20191216000000.filterpack...52w.3d.US03L_filterpack_US0052.US03L_IMPROVE_Davis.lev2.nas
File creation:                20191218115835
Startdate:                    20090101060000
Revision date:                20191216000000
Version:                      2
Version description:          "Data extracted from http://views.cira.colostate.edu/fed/DataWizard 2019-12-16"
Statistics:                   arithmetic mean
Data level:                   2
Period code:                  52w
Resolution code:              3d
Sample duration:              1d
Orig. time res.:              3d
Station code:                 US0052R
Platform code:                US0052S
Station name:                 Hercules-Glades
Station latitude:             36.6138
Station longitude:            -92.9221
Station altitude:             404.0 m
Regime:                       IMG
Component:                    
Unit:                         ug/m3
Matrix:                       
Laboratory code:              US03L
Instrument type:              filterpack
Instrument name:              filterpack_US0052
Method ref:                   US03L_IMPROVE_Davis
Blank correction:             Blank corrected
Volume std. temperature:      ambient
Volume std. pressure:         ambient
starttime endtime PM10 PM2.5 flag
  0.25   1.25   8.178   4.670 0.000
  3.25   4.25  13.223   9.244 0.000
  6.25   7.25   8.474   3.689 0.000
  9.25  10.25  22.034  15.823 0.000
 12.25  13.25  10.389   5.230 0.000
 15.25  16.25  11.146   4.608 0.000
 18.25  19.25   8.673   4.811 0.000
 21.25  22.25  23.634  12.639 0.000
 24.25  25.25  12.896   7.088 0.000
 27.25  28.25 999.999 999.999 0.999
 30.25  31.25   9.877   4.016 0.000
 33.25  34.25   7.371   3.359 0.000
 36.25  37.25  17.291  10.769 0.000
 39.25  40.25   7.326   3.708 0.000
 42.25  43.25   5.377   3.757 0.000
 45.25  46.25  12.812  10.061 0.000
 48.25  49.25  13.104   8.954 0.000
 51.25  52.25  12.054   7.029 0.000
 54.25  55.25  12.121   7.614 0.000
 57.25  58.25  11.917   8.040 0.000
 60.25  61.25   9.249   6.179 0.000
 63.25  64.25  21.504   9.883 0.000
 66.25  67.25  14.836   5.991 0.000
 69.25  70.25   4.603   2.834 0.000
 72.25  73.25  12.253   9.154 0.000
 75.25  76.25  21.244  16.509 0.000
 78.25  79.25   8.325   4.971 0.000
 81.25  82.25  16.920  10.466 0.000
 84.25  85.25   7.846   4.703 0.000
 87.25  88.25   5.840   3.648 0.000
 90.25  91.25   8.406   3.911 0.000
 93.25  94.25  11.080   6.348 0.000
 96.25  97.25   9.094   4.967 0.000
 99.25 100.25  18.659  14.159 0.000
102.25 103.25   4.984   3.617 0.000
105.25 106.25  12.656   9.474 0.000
108.25 109.25   5.501   3.497 0.000
111.25 112.25  11.024   5.438 0.000
114.25 115.25  17.315  10.124 0.000
117.25 118.25   7.011   3.941 0.000
120.25 121.25   8.038   4.389 0.000
123.25 124.25  13.614   8.343 0.000
126.25 127.25  16.711   9.582 0.000
129.25 130.25  10.530   4.558 0.000
132.25 133.25  17.970  10.363 0.000
135.25 136.25   9.996   2.822 0.000
138.25 139.25  14.037   5.357 0.000
141.25 142.25  15.416   6.430 0.000
144.25 145.25   6.282   2.493 0.000
147.25 148.25   6.451   3.729 0.000
150.25 151.25  13.479   6.379 0.000
153.25 154.25   8.717   6.345 0.000
156.25 157.25  15.904   8.126 0.000
159.25 160.25  17.018  10.716 0.000
162.25 163.25   6.816   3.801 0.000
165.25 166.25  13.854   8.328 0.000
168.25 169.25  16.713   9.436 0.000
171.25 172.25  14.468   8.114 0.000
174.25 175.25  17.218  11.291 0.000
177.25 178.25  21.894  14.006 0.000
180.25 181.25  13.809   7.225 0.000
183.25 184.25  16.473   6.239 0.000
186.25 187.25  10.610   7.555 0.000
189.25 190.25  19.911  14.118 0.000
192.25 193.25  19.131  11.130 0.000
195.25 196.25  23.652  13.380 0.000
198.25 199.25  10.255   4.199 0.000
201.25 202.25   8.210   4.239 0.000
204.25 205.25  13.133   7.833 0.000
207.25 208.25  14.831   8.283 0.000
210.25 211.25  11.371   6.304 0.000
213.25 214.25   9.234   4.820 0.000
216.25 217.25  20.648  12.539 0.000
219.25 220.25  18.669  11.922 0.000
222.25 223.25   9.169   4.599 0.000
225.25 226.25  15.633  12.335 0.000
228.25 229.25  10.123   5.765 0.000
231.25 232.25   5.726   3.401 0.000
234.25 235.25   8.101   4.674 0.000
237.25 238.25  17.524  11.437 0.000
240.25 241.25  10.664   6.471 0.000
243.25 244.25  11.554   6.062 0.000
246.25 247.25  20.517  14.970 0.000
249.25 250.25  10.657   7.806 0.000
252.25 253.25  19.112  14.753 0.000
255.25 256.25  22.137  14.503 0.000
258.25 259.25  20.924  15.741 0.000
261.25 262.25  14.440   9.773 0.000
264.25 265.25   6.714   3.501 0.000
267.25 268.25   9.893   4.821 0.000
270.25 271.25  19.286   3.602 0.000
273.25 274.25  19.543   8.515 0.000
276.25 277.25   6.308   3.150 0.000
279.25 280.25   4.732   1.699 0.000
282.25 283.25   4.370   2.483 0.000
285.25 286.25   4.660   3.459 0.000
288.25 289.25   4.702   2.979 0.000
291.25 292.25   8.817   5.796 0.000
294.25 295.25   6.312   4.447 0.000
297.25 298.25   5.851   3.469 0.000
300.25 301.25   5.289   3.428 0.000
303.25 304.25   4.489   2.558 0.000
306.25 307.25   8.412   3.071 0.000
309.25 310.25  16.098  11.073 0.000
312.25 313.25  19.011  11.583 0.000
315.25 316.25  10.302   3.889 0.000
318.25 319.25  16.726  12.474 0.000
321.25 322.25   8.980   6.632 0.000
324.25 325.25  12.164   8.121 0.000
327.25 328.25   9.953   5.947 0.000
330.25 331.25   6.963   2.871 0.000
333.25 334.25   5.920   3.421 0.000
336.25 337.25   9.015   4.156 0.000
339.25 340.25   8.558   5.594 0.000
342.25 343.25   8.500   5.517 0.000
345.25 346.25   4.978   3.087 0.000
348.25 349.25  10.703   6.718 0.000
351.25 352.25  16.799  11.262 0.000
354.25 355.25  17.722  11.070 0.000
357.25 358.25   1.740   1.078 0.000
360.25 361.25   7.268   3.881 0.000
363.25 364.25   9.064   7.130 0.000
