scripts/IMPROVE-2019_partial/data/US0093R.20070103070000.20191216000000.filterpack...1y.3d.US03L_filterpack_US0093.US03L_IMPROVE_Davis.lev2.nas
52 1001
MISSING INFORMATION
US03L, IMPROVE, , , , , , , 
MISSING INFORMATION
IMPROVE sel_HTAP
1 1
2007 01 01 2019 12 16
3.000000
days from file reference point
5
1 1 1 1 1
999.999999 999.999 9.999 999.999 9.999
end_time of measurement, days from the file reference point
pm10_mass, ug/m3, Matrix=pm10
numflag pm10_mass, no unit, Matrix=pm10
pm25_mass, ug/m3, Matrix=pm25
numflag pm25_mass, no unit, Matrix=pm25
0
33
Data definition:              EBAS_1.1
Set type code:                TU
Timezone:                     UTC
File name:                    US0093R.20070103070000.20191216000000.filterpack...1y.3d.US03L_filterpack_US0093.US03L_IMPROVE_Davis.lev2.nas
File creation:                20191218120141
Startdate:                    20070103070000
Revision date:                20191216000000
Version:                      2
Version description:          "Data extracted from http://views.cira.colostate.edu/fed/DataWizard 2019-12-16"
Statistics:                   arithmetic mean
Data level:                   2
Period code:                  1y
Resolution code:              3d
Sample duration:              1d
Orig. time res.:              3d
Station code:                 US0093R
Platform code:                US0093S
Station name:                 Phoenix Colocated Sampler
Station latitude:             33.5038
Station longitude:            -112.0958
Station altitude:             342.0 m
Regime:                       IMG
Component:                    
Unit:                         ug/m3
Matrix:                       
Laboratory code:              US03L
Instrument type:              filterpack
Instrument name:              filterpack_US0093
Method ref:                   US03L_IMPROVE_Davis
Blank correction:             Blank corrected
Volume std. temperature:      ambient
Volume std. pressure:         ambient
starttime endtime PM10 flag_PM10 PM2.5 flag_PM2.5
  2.291667   3.291667  36.525 0.000 999.999 0.999
  5.291667   6.291667  17.177 0.000   9.515 0.000
  8.291667   9.291667  25.671 0.000   7.202 0.000
 11.291667  12.291667  27.350 0.000   6.455 0.000
 14.291667  15.291667  39.980 0.000  24.093 0.000
 17.291667  18.291667  26.594 0.000 999.999 0.999
 20.291667  21.291667  15.591 0.000 999.999 0.999
 23.291667  24.291667 999.999 0.456  11.395 0.000
 26.291667  27.291667 999.999 0.456   9.721 0.000
 29.291667  30.291667 999.999 0.456   6.940 0.000
 32.291667  33.291667  30.015 0.000  12.957 0.000
 35.291667  36.291667  35.738 0.000  13.106 0.000
 38.291667  39.291667  37.908 0.000  10.709 0.000
 41.291667  42.291667  26.571 0.000  10.257 0.000
 44.291667  45.291667  17.514 0.000   5.429 0.000
 47.291667  48.291667  20.866 0.000   7.402 0.000
 50.291667  51.291667  17.779 0.000   7.121 0.000
 53.291667  54.291667  35.239 0.000   6.261 0.000
 56.291667  57.291667  26.542 0.000   7.470 0.000
 59.291667  60.291667  25.678 0.000   6.748 0.000
 62.291667  63.291667   7.889 0.000   1.869 0.000
 65.291667  66.291667  39.232 0.000  11.490 0.000
 68.291667  69.291667  33.108 0.000  10.429 0.000
 71.291667  72.291667  36.080 0.000   9.631 0.000
 74.291667  75.291667  45.230 0.000  14.001 0.000
 77.291667  78.291667  30.976 0.000  11.014 0.000
 80.291667  81.291667 999.999 0.999 999.999 0.999
 83.291667  84.291667 999.999 0.999 999.999 0.999
 86.291667  87.291667  31.326 0.000   6.965 0.659
 89.291667  90.291667  20.441 0.000   6.765 0.659
 92.291667  93.291667  22.149 0.000   7.971 0.659
 95.291667  96.291667  27.864 0.000   8.847 0.000
 98.291667  99.291667  28.185 0.000   8.619 0.659
101.291667 102.291667  72.053 0.000  14.738 0.659
104.291667 105.291667  26.817 0.000   8.406 0.659
107.291667 108.291667  39.705 0.000  12.028 0.000
110.291667 111.291667  16.608 0.000   5.987 0.659
113.291667 114.291667  10.690 0.000   3.255 0.659
116.291667 117.291667  25.359 0.000   8.038 0.659
119.291667 120.291667  22.417 0.000   7.956 0.000
122.291667 123.291667  38.002 0.000  10.634 0.659
125.291667 126.291667  12.495 0.000   3.342 0.659
128.291667 129.291667  27.496 0.000   7.821 0.000
131.291667 132.291667  25.566 0.000   7.417 0.000
134.291667 135.291667  29.042 0.000   8.676 0.659
137.291667 138.291667  29.310 0.000  10.229 0.000
140.291667 141.291667  40.778 0.000  12.551 0.000
143.291667 144.291667  32.035 0.000   9.886 0.000
146.291667 147.291667  17.495 0.000   6.398 0.659
149.291667 150.291667  29.270 0.000   7.979 0.000
152.291667 153.291667  23.308 0.000   7.507 0.000
155.291667 156.291667  38.022 0.000   9.145 0.659
158.291667 159.291667  46.194 0.000  14.222 0.659
161.291667 162.291667  34.337 0.000   6.459 0.659
164.291667 165.291667 999.999 0.999  14.748 0.000
167.291667 168.291667 999.999 0.999   7.263 0.659
170.291667 171.291667  22.315 0.000 999.999 0.456
173.291667 174.291667  23.466 0.000   8.365 0.000
176.291667 177.291667  29.308 0.000   8.709 0.659
179.291667 180.291667  29.526 0.000   8.561 0.000
182.291667 183.291667  26.667 0.000   8.094 0.659
185.291667 186.291667  50.118 0.000  12.826 0.000
188.291667 189.291667  51.787 0.000  11.712 0.000
191.291667 192.291667  41.821 0.000   9.952 0.000
194.291667 195.291667  39.821 0.000  13.460 0.000
197.291667 198.291667  41.095 0.000  10.786 0.000
200.291667 201.291667  39.499 0.000   9.167 0.000
203.291667 204.291667  31.095 0.000   6.104 0.000
206.291667 207.291667  24.507 0.000   5.538 0.000
209.291667 210.291667  11.710 0.000   4.626 0.000
212.291667 213.291667 999.999 0.456   5.016 0.000
215.291667 216.291667 999.999 0.456   4.975 0.000
218.291667 219.291667 999.999 0.456   5.346 0.000
221.291667 222.291667  33.711 0.000   7.790 0.000
224.291667 225.291667  63.273 0.000  11.647 0.659
227.291667 228.291667  37.036 0.000   8.699 0.000
230.291667 231.291667  32.731 0.000   9.035 0.659
233.291667 234.291667  39.292 0.000   9.970 0.000
236.291667 237.291667  17.411 0.000   5.178 0.000
239.291667 240.291667  22.604 0.000   7.250 0.659
242.291667 243.291667  16.711 0.000   4.700 0.659
245.291667 246.291667  18.152 0.000   7.048 0.659
248.291667 249.291667  30.220 0.000   6.604 0.000
251.291667 252.291667  21.413 0.000   8.018 0.000
254.291667 255.291667  25.466 0.000   6.173 0.000
257.291667 258.291667  38.489 0.000   9.778 0.000
260.291667 261.291667  21.199 0.000   4.835 0.000
263.291667 264.291667  30.770 0.000   9.515 0.000
266.291667 267.291667  20.847 0.000   5.382 0.000
269.291667 270.291667  35.406 0.000   8.312 0.000
272.291667 273.291667  27.689 0.000   8.151 0.000
275.291667 276.291667  30.741 0.000   8.476 0.000
278.291667 279.291667  28.834 0.000   6.149 0.000
281.291667 282.291667  32.878 0.000   8.207 0.000
284.291667 285.291667  39.230 0.000   7.843 0.000
287.291667 288.291667  32.189 0.000   8.994 0.000
290.291667 291.291667  47.314 0.000  12.897 0.000
293.291667 294.291667  33.056 0.000   5.871 0.000
296.291667 297.291667  33.915 0.000   5.207 0.000
299.291667 300.291667  41.558 0.000  11.274 0.000
302.291667 303.291667  29.068 0.000   7.929 0.000
305.291667 306.291667 999.999 0.999 999.999 0.999
308.291667 309.291667 999.999 0.999 999.999 0.999
311.291667 312.291667  72.879 0.000  19.134 0.000
314.291667 315.291667  36.762 0.000  12.112 0.000
317.291667 318.291667  48.821 0.000  12.101 0.000
320.291667 321.291667  50.109 0.000  16.070 0.000
323.291667 324.291667  47.069 0.000  12.803 0.000
326.291667 327.291667  37.768 0.000  13.109 0.000
329.291667 330.291667  52.088 0.000  16.662 0.000
332.291667 333.291667  66.090 0.000  16.355 0.000
335.291667 336.291667  28.863 0.000  10.736 0.659
338.291667 339.291667  41.951 0.000  21.401 0.000
341.291667 342.291667  14.296 0.000   5.965 0.659
344.291667 345.291667   9.067 0.000   5.624 0.659
347.291667 348.291667  22.596 0.000  10.521 0.659
350.291667 351.291667  37.190 0.000  16.647 0.659
353.291667 354.291667  35.488 0.000  19.596 0.000
356.291667 357.291667  37.751 0.000  24.773 0.000
359.291667 360.291667  30.218 0.000  15.706 0.000
362.291667 363.291667  30.139 0.000  17.288 0.000
