scripts/IMPROVE-2019_partial/data/US0073R.19940101050000.20191216000000.filterpack...1y.3d.US03L_filterpack_US0073_GRSM1.US03L_IMPROVE_Davis.lev2.nas
51 1001
MISSING INFORMATION
US03L, IMPROVE, , , , , , , 
MISSING INFORMATION
IMPROVE sel_HTAP
1 1
1994 01 01 2019 12 16
0
days from file reference point
4
1 1 1 1
999.999999 999.999 999.999 9.999
end_time of measurement, days from the file reference point
pm10_mass, ug/m3, Matrix=pm10
pm25_mass, ug/m3, Matrix=pm25
numflag, no unit
0
33
Data definition:              EBAS_1.1
Set type code:                TI
Timezone:                     UTC
File name:                    US0073R.19940101050000.20191216000000.filterpack...1y.3d.US03L_filterpack_US0073_GRSM1.US03L_IMPROVE_Davis.lev2.nas
File creation:                20191218120025
Startdate:                    19940101050000
Revision date:                20191216000000
Version:                      2
Version description:          "Data extracted from http://views.cira.colostate.edu/fed/DataWizard 2019-12-16"
Statistics:                   arithmetic mean
Data level:                   2
Period code:                  1y
Resolution code:              3d
Sample duration:              1d
Orig. time res.:              3d
Station code:                 US0073R
Platform code:                US0073S
Station name:                 Great Smoky Mountains NP
Station latitude:             35.6334
Station longitude:            -83.9416
Station altitude:             810.0 m
Regime:                       IMG
Component:                    
Unit:                         ug/m3
Matrix:                       
Laboratory code:              US03L
Instrument type:              filterpack
Instrument name:              filterpack_US0073_GRSM1
Method ref:                   US03L_IMPROVE_Davis
Blank correction:             Blank corrected
Volume std. temperature:      ambient
Volume std. pressure:         ambient
starttime endtime PM10 PM2.5 flag
  0.208333   1.208333   5.985   3.404 0.000
  4.208333   5.208333   7.870   5.693 0.000
  7.208333   8.208333  18.097   7.130 0.000
 11.208333  12.208333 999.999 999.999 0.999
 14.208333  15.208333   6.460   4.234 0.000
 18.208333  19.208333 999.999 999.999 0.999
 21.208333  22.208333   6.055   4.088 0.000
 25.208333  26.208333  10.674   8.806 0.000
 28.208333  29.208333  11.667  10.478 0.000
 32.208333  33.208333   8.819   5.378 0.000
 35.208333  36.208333  12.038   8.243 0.000
 39.208333  40.208333   6.050   4.243 0.000
 42.208333  43.208333   5.812   4.336 0.000
 46.208333  47.208333  13.852   8.644 0.000
 49.208333  50.208333  12.708   6.499 0.000
 53.208333  54.208333   8.399   2.878 0.000
 56.208333  57.208333  12.647   9.091 0.000
 60.208333  61.208333   5.106   2.078 0.000
 63.208333  64.208333  13.212   5.988 0.000
 67.208333  68.208333  13.873  11.182 0.000
 70.208333  71.208333  14.764  11.780 0.000
 74.208333  75.208333   7.235   4.424 0.000
 77.208333  78.208333  13.172   5.963 0.000
 81.208333  82.208333  16.029  13.981 0.000
 84.208333  85.208333  13.603   6.796 0.000
 88.208333  89.208333  11.345   8.959 0.000
 91.208333  92.208333  14.185  10.000 0.000
 95.208333  96.208333   7.597   4.743 0.000
 98.208333  99.208333  17.509  11.934 0.000
102.208333 103.208333   7.628   4.675 0.000
105.208333 106.208333   8.876   4.234 0.000
109.208333 110.208333  25.125  17.290 0.000
112.208333 113.208333  28.222  18.696 0.000
116.208333 117.208333 999.999 999.999 0.999
119.208333 120.208333 999.999 999.999 0.999
123.208333 124.208333 999.999 999.999 0.999
126.208333 127.208333  28.732  21.015 0.000
130.208333 131.208333 999.999 999.999 0.999
133.208333 134.208333  29.852  20.000 0.000
137.208333 138.208333  12.747   9.788 0.000
140.208333 141.208333  23.919  20.615 0.000
144.208333 145.208333  42.764  40.642 0.000
147.208333 148.208333  16.357  11.333 0.000
151.208333 152.208333  23.386  19.425 0.000
154.208333 155.208333  23.043  17.189 0.000
158.208333 159.208333 999.999 999.999 0.999
161.208333 162.208333 999.999 999.999 0.999
165.208333 166.208333 999.999 999.999 0.999
168.208333 169.208333 999.999 999.999 0.999
172.208333 173.208333  46.015  45.209 0.000
175.208333 176.208333  17.121  14.000 0.000
179.208333 180.208333  78.074  20.256 0.000
182.208333 183.208333  37.799  33.023 0.000
186.208333 187.208333  15.744   8.156 0.000
189.208333 190.208333  18.788  10.125 0.000
193.208333 194.208333  13.252   9.410 0.000
196.208333 197.208333  19.215  11.429 0.000
200.208333 201.208333  23.109  17.635 0.000
203.208333 204.208333 999.999  16.266 0.000
207.208333 208.208333   8.311   5.427 0.000
210.208333 211.208333  32.763  32.409 0.000
214.208333 215.208333  21.189  15.258 0.000
217.208333 218.208333  25.986  21.341 0.000
221.208333 222.208333  49.295  38.785 0.000
224.208333 225.208333  15.447   7.173 0.000
228.208333 229.208333  12.841   6.416 0.000
231.208333 232.208333  38.144  32.117 0.000
235.208333 236.208333  34.726  25.457 0.000
238.208333 239.208333  61.402  52.722 0.000
242.208333 243.208333  26.740  21.015 0.000
245.208333 246.208333  15.735   8.117 0.000
249.208333 250.208333  22.179  18.447 0.000
252.208333 253.208333  27.607  22.375 0.000
256.208333 257.208333  41.285  29.748 0.000
259.208333 260.208333   9.716   7.453 0.000
263.208333 264.208333  22.408  16.344 0.000
266.208333 267.208333  16.860   9.719 0.000
270.208333 271.208333  10.000   7.795 0.000
273.208333 274.208333  18.980  13.012 0.000
277.208333 278.208333  14.592   9.814 0.000
280.208333 281.208333  20.986  15.576 0.000
284.208333 285.208333   5.340   3.620 0.000
287.208333 288.208333   4.696   3.313 0.000
291.208333 292.208333  12.508   7.116 0.000
294.208333 295.208333  10.936   7.680 0.000
298.208333 299.208333  10.481   6.438 0.000
301.208333 302.208333  15.619  12.820 0.000
305.208333 306.208333  21.495   4.845 0.000
308.208333 309.208333  15.709   7.422 0.000
312.208333 313.208333  25.497  12.892 0.000
315.208333 316.208333  12.023   6.467 0.000
319.208333 320.208333  16.263  13.151 0.000
322.208333 323.208333  22.381  18.750 0.000
326.208333 327.208333   6.007   3.820 0.000
329.208333 330.208333   7.560   5.281 0.000
333.208333 334.208333  10.909   4.778 0.000
336.208333 337.208333   8.667   4.814 0.000
340.208333 341.208333  12.754   7.623 0.000
343.208333 344.208333   6.679   4.969 0.000
347.208333 348.208333  15.284  10.000 0.000
350.208333 351.208333   4.249   3.224 0.000
354.208333 355.208333  11.282   7.395 0.000
357.208333 358.208333  31.527  18.051 0.000
361.208333 362.208333  10.000   7.895 0.000
364.208333 365.208333   7.276   5.976 0.000
