scripts/IMPROVE-2019_partial/data/US0082R.20120101050000.20191216000000.filterpack...9mo.3d.US03L_filterpack_US0082.US03L_IMPROVE_Davis.lev2.nas
51 1001
MISSING INFORMATION
US03L, IMPROVE, , , , , , , 
MISSING INFORMATION
IMPROVE sel_HTAP
1 1
2012 01 01 2019 12 16
3.000000
days from file reference point
4
1 1 1 1
999.999999 999.999 999.999 9.999
end_time of measurement, days from the file reference point
pm10_mass, ug/m3, Matrix=pm10
pm25_mass, ug/m3, Matrix=pm25
numflag, no unit
0
33
Data definition:              EBAS_1.1
Set type code:                TU
Timezone:                     UTC
File name:                    US0082R.20120101050000.20191216000000.filterpack...9mo.3d.US03L_filterpack_US0082.US03L_IMPROVE_Davis.lev2.nas
File creation:                20191218120058
Startdate:                    20120101050000
Revision date:                20191216000000
Version:                      2
Version description:          "Data extracted from http://views.cira.colostate.edu/fed/DataWizard 2019-12-16"
Statistics:                   arithmetic mean
Data level:                   2
Period code:                  9mo
Resolution code:              3d
Sample duration:              1d
Orig. time res.:              3d
Station code:                 US0082R
Platform code:                US0082S
Station name:                 Lye Brook Wilderness
Station latitude:             43.1482
Station longitude:            -73.1268
Station altitude:             1015.0 m
Regime:                       IMG
Component:                    
Unit:                         ug/m3
Matrix:                       
Laboratory code:              US03L
Instrument type:              filterpack
Instrument name:              filterpack_US0082
Method ref:                   US03L_IMPROVE_Davis
Blank correction:             Blank corrected
Volume std. temperature:      ambient
Volume std. pressure:         ambient
starttime endtime PM10 PM2.5 flag
  0.208333   1.208333   2.127   1.555 0.000
  3.208333   4.208333   7.054   3.829 0.000
  6.208333   7.208333   9.445   6.522 0.000
  9.208333  10.208333   5.791   4.400 0.000
 12.208333  13.208333 999.999 999.999 0.999
 15.208333  16.208333 999.999 999.999 0.999
 18.208333  19.208333   2.670   1.444 0.000
 21.208333  22.208333   2.703   1.948 0.000
 24.208333  25.208333   2.314   1.519 0.000
 27.208333  28.208333   2.894   2.115 0.000
 30.208333  31.208333   6.688   4.433 0.000
 33.208333  34.208333   3.513   2.257 0.000
 36.208333  37.208333   4.983   3.234 0.000
 39.208333  40.208333   7.009   4.405 0.000
 42.208333  43.208333   2.778   1.748 0.000
 45.208333  46.208333  10.846   7.195 0.000
 48.208333  49.208333   2.144   1.651 0.000
 51.208333  52.208333   3.673   1.904 0.000
 54.208333  55.208333   2.607   1.670 0.000
 57.208333  58.208333   7.050   4.758 0.000
 60.208333  61.208333   2.070   1.037 0.000
 63.208333  64.208333   3.498   2.982 0.000
 66.208333  67.208333   9.276   5.492 0.000
 69.208333  70.208333   2.750   2.067 0.000
 72.208333  73.208333   8.703   5.716 0.000
 75.208333  76.208333   2.468   2.179 0.000
 78.208333  79.208333  11.892   8.500 0.000
 81.208333  82.208333   6.852   4.045 0.000
 84.208333  85.208333   2.013   1.326 0.000
 87.208333  88.208333   8.480   4.029 0.000
 90.208333  91.208333   3.458   2.233 0.000
 93.208333  94.208333   3.500   1.903 0.000
 96.208333  97.208333   2.741   1.361 0.000
 99.208333 100.208333   5.408   2.694 0.000
102.208333 103.208333   3.473   2.055 0.000
105.208333 106.208333   7.444   5.478 0.000
108.208333 109.208333   3.565   1.594 0.000
111.208333 112.208333   4.853   3.150 0.000
114.208333 115.208333   2.394   1.760 0.000
117.208333 118.208333   1.346   0.752 0.000
120.208333 121.208333   4.261   2.413 0.000
123.208333 124.208333   1.325   0.986 0.000
126.208333 127.208333   5.941   3.538 0.000
129.208333 130.208333   3.819   2.553 0.000
132.208333 133.208333   8.163   4.387 0.000
135.208333 136.208333   0.833   0.457 0.000
138.208333 139.208333   4.462   2.053 0.000
141.208333 142.208333   4.809   2.621 0.000
144.208333 145.208333   3.996   2.497 0.000
147.208333 148.208333  16.712  11.723 0.000
150.208333 151.208333  10.686   5.063 0.000
153.208333 154.208333   2.782   0.803 0.000
156.208333 157.208333 999.999 999.999 0.999
159.208333 160.208333 999.999 999.999 0.999
162.208333 163.208333 999.999 999.999 0.999
165.208333 166.208333 999.999 999.999 0.999
168.208333 169.208333 999.999 999.999 0.999
171.208333 172.208333 999.999 999.999 0.999
174.208333 175.208333   7.034   3.702 0.000
177.208333 178.208333   2.263   0.280 0.000
180.208333 181.208333  19.788   9.676 0.000
183.208333 184.208333   6.803   3.611 0.000
186.208333 187.208333   5.175   3.085 0.000
189.208333 190.208333   6.353   4.434 0.000
192.208333 193.208333   5.146   3.254 0.000
195.208333 196.208333  15.722  12.902 0.000
198.208333 199.208333  15.524  10.570 0.000
201.208333 202.208333   7.115   4.537 0.000
204.208333 205.208333  15.199  12.259 0.000
207.208333 208.208333   5.533   4.246 0.000
210.208333 211.208333   5.662   4.424 0.000
213.208333 214.208333   7.405   5.740 0.000
216.208333 217.208333  16.041  12.844 0.000
219.208333 220.208333   5.528   3.351 0.000
222.208333 223.208333   8.899   7.114 0.000
225.208333 226.208333   4.356   3.047 0.000
228.208333 229.208333   7.942   5.745 0.000
231.208333 232.208333   3.258   2.042 0.000
234.208333 235.208333   5.933   3.915 0.000
237.208333 238.208333  14.462  10.185 0.000
240.208333 241.208333   4.601   2.523 0.000
243.208333 244.208333  12.293   7.267 0.000
246.208333 247.208333   5.000   2.947 0.000
249.208333 250.208333   4.552   3.239 0.000
252.208333 253.208333 999.999 999.999 0.999
255.208333 256.208333   4.974   2.580 0.000
258.208333 259.208333   2.049   1.025 0.000
261.208333 262.208333   4.536   2.631 0.000
264.208333 265.208333   5.500   2.566 0.000
267.208333 268.208333 999.999 999.999 0.999
270.208333 271.208333 999.999 999.999 0.999
273.208333 274.208333 999.999 999.999 0.999
