scripts/IMPROVE-2019_partial/data/US0069R.20020102080000.20191216000000.filterpack..pm25.52w.1w.US03L_filterpack_US0069.US03L_IMPROVE_Davis.lev2.nas
66 1001
MISSING INFORMATION
US03L, IMPROVE, , , , , , , 
MISSING INFORMATION
IMPROVE sel_HTAP
1 1
2002 01 01 2019 12 16
3.000000
days from file reference point
27
1 1 1 1 1 1 1 1 1 1 1 1 1 1 1 1 1 1 1 1 1 1 1 1 1 1 1
999.999999 9999.99 9.999999 99.99 9.999999999 9.999 9.999999 9.99 9.999999 9.999 9.999999999 9999.999 9.999 9999.999 9.999 999.99 9.999999999 999.999 9.999 99.999 9.999 999.999 9.999 9.999 9.999999 9.999 9.999999
end_time of measurement, days from the file reference point
iron, ng/m3, Revision date=20181210133000
numflag iron, no unit, Revision date=20181210133000
lead, ng/m3, Revision date=20181210133000
numflag lead, no unit, Revision date=20181210133000
magnesium, ug/m3, Revision date=20181210133000
numflag magnesium, no unit, Revision date=20181210133000
nickel, ng/m3, Revision date=20181210133000
numflag nickel, no unit, Revision date=20181210133000
nitrate, ug N/m3, Revision date=20181210133000
numflag nitrate, no unit, Revision date=20181210133000
organic_carbon, ug C/m3, Revision date=20181210133000
numflag organic_carbon, no unit, Revision date=20181210133000
organic_mass, ug/m3, Revision date=20181210133000
numflag organic_mass, no unit, Revision date=20181210133000
phosphorus, ng/m3, Revision date=20181210133000
numflag phosphorus, no unit, Revision date=20181210133000
pm10_mass, ug/m3, Version=2, Version description=Data extracted from http://views.cira.colostate.edu/fed/DataWizard 2019-12-16, Sample duration=1d, Orig. time res.=3d, Matrix=pm10, Blank correction=Blank corrected, Volume std. temperature=ambient, Volume std. pressure=ambient
numflag pm10_mass, no unit, Version=2, Version description=Data extracted from http://views.cira.colostate.edu/fed/DataWizard 2019-12-16, Sample duration=1d, Orig. time res.=3d, Matrix=pm10, Blank correction=Blank corrected, Volume std. temperature=ambient, Volume std. pressure=ambient
pm10_pm25_mass, ug/m3, Revision date=20181210133000, Matrix=pm10_pm25
numflag pm10_pm25_mass, no unit, Revision date=20181210133000, Matrix=pm10_pm25
pm25_mass, ug/m3, Version=2, Version description=Data extracted from http://views.cira.colostate.edu/fed/DataWizard 2019-12-16, Sample duration=1d, Orig. time res.=3d, Blank correction=Blank corrected, Volume std. temperature=ambient, Volume std. pressure=ambient
numflag pm25_mass, no unit, Version=2, Version description=Data extracted from http://views.cira.colostate.edu/fed/DataWizard 2019-12-16, Sample duration=1d, Orig. time res.=3d, Blank correction=Blank corrected, Volume std. temperature=ambient, Volume std. pressure=ambient
potassium, ug/m3, Revision date=20181210133000
numflag potassium, no unit, Revision date=20181210133000
sulphate_total, ug S/m3, Revision date=20181210133000
numflag sulphate_total, no unit, Revision date=20181210133000
0
25
Data definition:              EBAS_1.1
Set type code:                TU
Timezone:                     UTC
File name:                    US0069R.20020102080000.20191216000000.filterpack..pm25.52w.1w.US03L_filterpack_US0069.US03L_IMPROVE_Davis.lev2.nas
File creation:                20191218115956
Startdate:                    20020102080000
Revision date:                20191216000000
Statistics:                   arithmetic mean
Data level:                   2
Period code:                  52w
Resolution code:              1w
Station code:                 US0069R
Platform code:                US0069S
Station name:                 Kalmiopsis
Station latitude:             42.552
Station longitude:            -124.0589
Station altitude:             80.0 m
Regime:                       IMG
Component:                    
Matrix:                       pm25
Laboratory code:              US03L
Instrument type:              filterpack
Instrument name:              filterpack_US0069
Method ref:                   US03L_IMPROVE_Davis
starttime endtime Fe flag_Fe Pb flag_Pb Mg++ flag_Mg++ Ni flag_Ni NO3- flag_NO3- OC flag_OC OM flag_OM P flag_P PM10 flag_PM10 PM10-PM2.5 flag_PM10-PM2.5 PM2.5 flag_PM2.5 K+ flag_K+ SO4-- flag_SO4--
[from data line 72]
217.333333 218.333333   20.22 0.559000  0.23 0.559000000 9.999 0.559259 0.37 0.559000 0.081 0.559000000    6.760 0.000    9.465 0.000 999.99 0.559259000  15.595 0.000  2.358 0.000  13.236 0.559 0.051 0.559000 0.274 0.559000
220.333333 221.333333 9999.99 0.699000 99.99 0.699000000 9.999 0.699000 9.99 0.699000 0.462 0.699000000   69.227 0.000   96.917 0.000 999.99 0.699000000  64.134 0.699 99.999 0.999 999.999 0.699 9.999 0.699000 0.435 0.699000
223.333333 224.333333 9999.99 0.699000 99.99 0.699000000 9.999 0.699000 9.99 0.699000 9.999 0.699000000  107.215 0.000  150.100 0.000 999.99 0.699000000  66.894 0.699 99.999 0.999 999.999 0.699 9.999 0.699000 9.999 0.699000
226.333333 227.333333 9999.99 0.699000 99.99 0.699000000 9.999 0.699000 9.99 0.699000 9.999 0.699000000 9999.999 0.999 9999.999 0.999 999.99 0.699000000  48.007 0.699 99.999 0.999 999.999 0.699 9.999 0.699000 9.999 0.699000
229.333333 230.333333 9999.99 0.699000 99.99 0.699000000 9.999 0.699000 9.99 0.699000 0.470 0.699000000   80.305 0.000  112.428 0.000 999.99 0.699000000  55.815 0.699 99.999 0.999 999.999 0.699 9.999 0.699000 0.438 0.699000
232.333333 233.333333 9999.99 0.699000 99.99 0.699000000 9.999 0.699000 9.99 0.699000 0.147 0.559000000   61.206 0.000   85.689 0.000 999.99 0.699000000  86.550 0.699 99.999 0.999 999.999 0.699 9.999 0.699000 0.239 0.559000
235.333333 236.333333   10.99 0.000000  0.28 0.000000000 9.999 0.259000 0.16 0.000000 0.022 0.559000000    2.510 0.000    3.514 0.000 999.99 0.259000000   6.774 0.000  1.836 0.000   4.938 0.000 0.017 0.000000 0.165 0.559000
238.333333 239.333333 9999.99 0.699000 99.99 0.699000000 9.999 0.699000 9.99 0.699000 0.068 0.559000000   27.393 0.000   38.350 0.000 999.99 0.699000000  59.181 0.559 99.999 0.999 999.999 0.699 9.999 0.699000 0.235 0.559000
241.333333 242.333333 9999.99 0.699000 99.99 0.699000000 9.999 0.699000 9.99 0.699000 0.103 0.559000000    7.310 0.000   10.234 0.000 999.99 0.699000000  20.535 0.000 99.999 0.999 999.999 0.699 9.999 0.699000 0.401 0.559000
244.333333 245.333333 9999.99 0.699000 99.99 0.699000000 9.999 0.699000 9.99 0.699000 0.029 0.559000000   17.274 0.000   24.184 0.000 999.99 0.699000000  30.564 0.000 99.999 0.999 999.999 0.699 9.999 0.699000 0.134 0.559000
247.333333 248.333333 9999.99 0.699000 99.99 0.699000000 9.999 0.699000 9.99 0.699000 0.046 0.559000000   10.223 0.000   14.312 0.000 999.99 0.699000000  19.669 0.000 99.999 0.999 999.999 0.699 9.999 0.699000 0.321 0.559000
250.333333 251.333333 9999.99 0.699000 99.99 0.699000000 9.999 0.699000 9.99 0.699000 0.028 0.559000000    6.112 0.000    8.556 0.000 999.99 0.699000000  12.732 0.000 99.999 0.999 999.999 0.699 9.999 0.699000 0.275 0.559000
253.333333 254.333333 9999.99 0.699000 99.99 0.699000000 9.999 0.699000 9.99 0.699000 0.042 0.559000000    9.579 0.000   13.411 0.000 999.99 0.699000000 999.999 0.456 99.999 0.999 999.999 0.699 9.999 0.699000 0.280 0.559000
256.333333 257.333333   12.71 0.000000  0.41 0.000000000 9.999 0.259000 0.20 0.000000 0.023 0.559000000    1.085 0.000    1.520 0.000 999.99 0.259000000 999.999 0.456 99.999 0.999   3.017 0.000 0.015 0.000000 0.234 0.559000
259.333333 260.333333    2.03 0.000000  0.49 0.000000000 9.999 0.259000 9.99 0.259000 0.016 0.559000000    1.191 0.000    1.667 0.000 999.99 0.259000000 999.999 0.456 99.999 0.999   2.852 0.000 0.012 0.000000 0.184 0.559000
262.333333 263.333333   20.11 0.699000  0.81 0.699000000 9.999 0.699259 0.35 0.699000 0.044 0.559000000    3.905 0.000    5.467 0.000   6.66 0.699000000  11.247 0.000  2.683 0.000   8.565 0.699 0.033 0.699000 0.153 0.559000
265.333333 266.333333   37.97 0.699000  0.72 0.699000000 0.026 0.699000 0.35 0.699000 0.063 0.559000000    4.840 0.000    6.776 0.000 999.99 0.699259000  13.548 0.000  3.185 0.000  10.363 0.699 0.051 0.699000 0.170 0.559000
268.333333 269.333333 9999.99 0.699000 99.99 0.699000000 9.999 0.699000 9.99 0.699000 0.053 0.559000000    7.334 0.000   10.268 0.000 999.99 0.699000000  17.661 0.000 99.999 0.999 999.999 0.699 9.999 0.699000 0.225 0.559000
271.333333 272.333333    4.82 0.000000  0.58 0.000000000 9.999 0.259000 0.20 0.000000 0.038 0.559000000    0.730 0.000    1.022 0.000   3.86 0.000000000   5.794 0.000  2.862 0.000   2.932 0.000 0.025 0.000000 0.233 0.559000
274.333333 275.333333    9.42 0.000000  0.79 0.000000000 9.999 0.259000 0.12 0.000000 0.046 0.559000000    2.065 0.000    2.891 0.000 999.99 0.259000000   5.965 0.000  1.669 0.000   4.296 0.000 0.028 0.000000 0.187 0.559000
277.333333 278.333333   10.99 0.000000  0.32 0.000000000 0.011 0.000000 0.05 0.000000 0.011 0.559000000    2.339 0.000    3.274 0.000 999.99 0.259000000   4.985 0.000  1.250 0.000   3.735 0.000 0.036 0.000000 0.091 0.559000
280.333333 281.333333   14.13 0.000000  0.97 0.000000000 9.999 0.259000 0.07 0.000000 0.020 0.559000000    3.363 0.000    4.708 0.000 999.99 0.259000000   7.754 0.000  1.851 0.000   5.903 0.000 0.041 0.000000 0.206 0.559000
283.333333 284.333333    8.39 0.000000  0.37 0.000000000 0.016 0.000000 9.99 0.259000 0.054 0.559000000    1.875 0.000    2.625 0.000 999.99 0.259000000   6.313 0.000  2.345 0.000   3.968 0.000 0.031 0.000000 0.113 0.559000
286.333333 287.333333   28.77 0.000000  0.80 0.000000000 9.999 0.259000 0.10 0.000000 0.029 0.559000000    4.289 0.000    6.004 0.000 999.99 0.259000000  10.732 0.000  3.574 0.000   7.159 0.000 0.050 0.000000 0.132 0.559000
289.333333 290.333333   18.83 0.000000  0.79 0.000000000 9.999 0.259000 0.28 0.000000 0.054 0.559000000    1.953 0.000    2.734 0.000 999.99 0.259000000   6.860 0.000  1.977 0.000   4.883 0.000 0.038 0.000000 0.236 0.559000
292.333333 293.333333   13.96 0.000000  0.73 0.000000000 9.999 0.259000 0.15 0.000000 0.044 0.559000000    1.290 0.000    1.806 0.000 999.99 0.259000000   5.293 0.000  2.131 0.000   3.162 0.000 0.032 0.000000 0.202 0.559000
295.333333 296.333333    8.07 0.000000  0.92 0.000000000 9.999 0.259000 0.17 0.000000 0.033 0.559000000    1.118 0.000    1.566 0.000 999.99 0.259000000   4.673 0.000  1.586 0.000   3.086 0.000 0.022 0.000000 0.193 0.559000
298.333333 299.333333   24.02 0.000000  1.49 0.000000000 0.010 0.000000 0.16 0.000000 0.036 0.559000000    1.691 0.000    2.368 0.000 999.99 0.259000000   7.287 0.000  2.243 0.000   5.045 0.000 0.053 0.000000 0.282 0.559000
301.333333 302.333333   14.54 0.000000  0.39 0.000000000 0.010 0.000000 0.13 0.000000 0.056 0.559000000    1.551 0.000    2.172 0.000  13.19 0.000000000   7.366 0.000  3.715 0.000   3.652 0.000 0.054 0.000000 0.132 0.559000
304.333333 305.333333   51.73 0.699000  0.57 0.699000000 0.014 0.699000 0.20 0.699000 0.020 0.559000000    3.075 0.000    4.305 0.000 999.99 0.699259000   9.071 0.000  3.065 0.000   6.006 0.699 0.070 0.699000 0.134 0.559000
307.333333 308.333333   29.13 0.000000  0.81 0.000000000 9.999 0.259000 0.18 0.000000 0.022 0.559000000    3.149 0.000    4.409 0.000 999.99 0.259000000   8.756 0.000  2.522 0.000   6.234 0.000 0.036 0.000000 0.087 0.559000
310.333333 311.333333    5.83 0.559000  0.14 0.559000000 0.009 0.559000 0.10 0.559000 0.012 0.559000000    0.673 0.000    0.942 0.000   2.71 0.559000000   3.323 0.000  1.489 0.000   1.834 0.559 0.021 0.559000 0.037 0.559000
313.333333 314.333333    1.02 0.000000  0.36 0.000000000 0.025 0.000000 9.99 0.259000 0.018 0.559000000    0.937 0.000    1.312 0.000 999.99 0.259000000   4.244 0.000  1.929 0.000   2.315 0.000 0.019 0.000000 0.057 0.559000
316.333333 317.333333    0.98 0.000000  0.26 0.000000000 0.006 0.000000 9.99 0.259000 0.021 0.000000000    1.991 0.000    2.787 0.000 999.99 0.259000000   7.030 0.000  3.130 0.000   3.900 0.000 0.027 0.000000 0.066 0.000000
319.333333 320.333333    3.84 0.000000  0.77 0.000000000 0.018 0.000000 0.14 0.000000 0.059 0.000000000    1.964 0.000    2.750 0.000 999.99 0.259000000   5.744 0.000  1.730 0.000   4.014 0.000 0.031 0.000000 0.150 0.000000
322.333333 323.333333    2.23 0.000000  2.64 0.000000000 0.007 0.000000 9.99 0.259000 0.013 0.000000000    2.792 0.000    3.909 0.000 999.99 0.259000000   8.230 0.000  3.031 0.000   5.199 0.000 0.030 0.000000 0.066 0.000000
325.333333 326.333333   11.70 0.000000  1.08 0.000000000 9.999 0.259000 9.99 0.259000 0.011 0.000000000    5.244 0.000    7.342 0.000 999.99 0.259000000  12.260 0.000  2.133 0.000  10.127 0.000 0.059 0.000000 0.050 0.000000
328.333333 329.333333    1.56 0.000000  4.00 0.000000000 9.999 0.259000 9.99 0.259000 0.010 0.000000000    1.511 0.000    2.115 0.000 999.99 0.259000000   5.230 0.000  1.804 0.000   3.425 0.000 0.023 0.000000 0.064 0.000000
331.333333 332.333333    6.04 0.000000  0.56 0.000000000 9.999 0.259000 9.99 0.259000 0.011 0.000000000    2.548 0.000    3.568 0.000 999.99 0.259000000   6.387 0.000  1.662 0.000   4.725 0.000 0.026 0.000000 0.030 0.000000
334.333333 335.333333    2.41 0.000000  0.91 0.000000000 9.999 0.259000 9.99 0.259000 0.010 0.000000000    2.652 0.000    3.713 0.000   1.58 0.000000000   5.909 0.000  1.045 0.000   4.864 0.000 0.031 0.000000 0.055 0.000000
337.333333 338.333333    4.79 0.000000  1.12 0.000000000 9.999 0.259000 9.99 0.259000 0.010 0.000000000    2.074 0.000    2.904 0.000 999.99 0.259000000   4.874 0.000  1.109 0.000   3.765 0.000 0.036 0.000000 0.066 0.000000
340.333333 341.333333    8.39 0.000000  0.55 0.000000000 0.018 0.000000 9.99 0.259000 0.006 0.000000000    2.089 0.000    2.925 0.000 999.99 0.259000000   4.874 0.000  1.128 0.000   3.746 0.000 0.021 0.000000 0.033 0.000000
343.333333 344.333333    3.62 0.000000  0.20 0.000000000 9.999 0.259000 9.99 0.259000 0.010 0.000000000    1.024 0.000    1.434 0.000 999.99 0.259000000   4.332 0.000  2.034 0.000   2.298 0.000 0.022 0.000000 0.065 0.000000
346.333333 347.333333    1.14 0.000000  0.29 0.000000000 9.999 0.259000 9.99 0.259000 0.006 0.000000000    0.755 0.000    1.056 0.000 999.99 0.259000000   2.422 0.000  1.329 0.000   1.094 0.000 0.017 0.000000 0.012 0.000000
349.333333 350.333333 9999.99 0.999000 99.99 0.999000000 9.999 0.999000 9.99 0.999000 9.999 0.999000000 9999.999 0.999 9999.999 0.999 999.99 0.999000000 999.999 0.999 99.999 0.999 999.999 0.999 9.999 0.999000 9.999 0.999000
352.333333 353.333333    1.37 0.000000  0.13 0.000000000 9.999 0.259000 9.99 0.259000 0.009 0.000000000    0.414 0.000    0.580 0.000 999.99 0.259000000   1.543 0.000  0.711 0.000   0.832 0.000 0.009 0.000000 0.036 0.000000
355.333333 356.333333    1.13 0.000000  0.11 0.000000000 9.999 0.259000 9.99 0.259000 0.012 0.000000000    0.630 0.000    0.882 0.000 999.99 0.259000000   2.615 0.000  1.407 0.000   1.208 0.000 0.009 0.000000 0.042 0.000000
358.333333 359.333333    2.48 0.000000  1.76 0.000000000 9.999 0.259000 9.99 0.259000 0.011 0.000000000    0.730 0.000    1.022 0.000 999.99 0.259000000   2.572 0.000  1.202 0.000   1.370 0.000 0.010 0.000000 0.047 0.000000
361.333333 362.333333    1.53 0.000000  0.12 0.000000000 9.999 0.259000 9.99 0.259000 0.001 0.000000000    0.272 0.000    0.381 0.000 999.99 0.259000000   0.863 0.000  0.431 0.000   0.432 0.000 0.009 0.000000 0.003 0.000000
364.333333 365.333333    2.42 0.000000  0.05 0.000000000 0.020 0.000000 9.99 0.259000 0.004 0.000000000    0.599 0.000    0.839 0.000 999.99 0.259000000   2.005 0.000  0.608 0.000   1.397 0.000 0.006 0.000000 0.014 0.000000
