scripts/IMPROVE-2019_partial/data/US0064R.19890104080000.20191216000000.filterpack...1y.3d.US03L_filterpack_US0064.US03L_IMPROVE_Davis.lev2.nas
51 1001
MISSING INFORMATION
US03L, IMPROVE, , , , , , , 
MISSING INFORMATION
IMPROVE sel_HTAP
1 1
1989 01 01 2019 12 16
0
days from file reference point
4
1 1 1 1
999.999999 999.999 999.999 9.999
end_time of measurement, days from the file reference point
pm10_mass, ug/m3, Matrix=pm10
pm25_mass, ug/m3, Matrix=pm25
numflag, no unit
0
33
Data definition:              EBAS_1.1
Set type code:                TI
Timezone:                     UTC
File name:                    US0064R.19890104080000.20191216000000.filterpack...1y.3d.US03L_filterpack_US0064.US03L_IMPROVE_Davis.lev2.nas
File creation:                20191218115935
Startdate:                    19890104080000
Revision date:                20191216000000
Version:                      2
Version description:          "Data extracted from http://views.cira.colostate.edu/fed/DataWizard 2019-12-16"
Statistics:                   arithmetic mean
Data level:                   2
Period code:                  1y
Resolution code:              3d
Sample duration:              1d
Orig. time res.:              3d
Station code:                 US0064R
Platform code:                US0064S
Station name:                 Jarbidge Wilderness
Station latitude:             41.8926
Station longitude:            -115.4261
Station altitude:             1869.0 m
Regime:                       IMG
Component:                    
Unit:                         ug/m3
Matrix:                       
Laboratory code:              US03L
Instrument type:              filterpack
Instrument name:              filterpack_US0064
Method ref:                   US03L_IMPROVE_Davis
Blank correction:             Blank corrected
Volume std. temperature:      ambient
Volume std. pressure:         ambient
starttime endtime PM10 PM2.5 flag
  3.333333   4.333333 999.999   0.997 0.000
  6.333333   7.333333   0.936   0.731 0.000
 10.333333  11.333333   0.897   0.471 0.000
 13.333333  14.333333   0.750   0.425 0.000
 17.333333  18.333333   1.266   0.678 0.000
 20.333333  21.333333 999.999   0.475 0.000
 24.333333  25.333333   1.097   0.521 0.000
 27.333333  28.333333   1.392   0.521 0.000
 31.333333  32.333333   1.826   1.234 0.000
 34.333333  35.333333   9.348   7.078 0.000
 38.333333  39.333333   2.179   2.115 0.000
 41.333333  42.333333   3.125 999.999 0.000
 45.333333  46.333333   1.909   1.250 0.000
 48.333333  49.333333   1.992   1.031 0.000
 52.333333  53.333333 999.999 999.999 0.999
 55.333333  56.333333 999.999 999.999 0.999
 59.333333  60.333333 999.999 999.999 0.999
 62.333333  63.333333 999.999 999.999 0.999
 66.333333  67.333333   2.439   1.389 0.000
 69.333333  70.333333   6.545   2.484 0.000
 73.333333  74.333333   1.878   0.535 0.000
 76.333333  77.333333   1.265   0.503 0.000
 80.333333  81.333333   2.245   1.805 0.000
 83.333333  84.333333   1.510   1.073 0.000
 87.333333  88.333333   1.903   1.562 0.000
 90.333333  91.333333   2.664   1.730 0.000
 94.333333  95.333333   2.600   1.200 0.000
 97.333333  98.333333 999.999 999.999 0.999
101.333333 102.333333   9.147   4.277 0.000
104.333333 105.333333 999.999 999.999 0.999
108.333333 109.333333   4.959   2.201 0.000
111.333333 112.333333  11.667   3.208 0.000
115.333333 116.333333   3.083   1.144 0.000
118.333333 119.333333   4.180   1.526 0.000
122.333333 123.333333   5.176   2.716 0.000
125.333333 126.333333   7.460   3.926 0.000
129.333333 130.333333   8.571   3.645 0.000
132.333333 133.333333   5.469   2.508 0.000
136.333333 137.333333   9.061   5.235 0.000
139.333333 140.333333   5.992   2.727 0.000
143.333333 144.333333   4.215   2.118 0.000
146.333333 147.333333  18.719   4.890 0.000
150.333333 151.333333   6.039   2.810 0.000
153.333333 154.333333   5.446   2.796 0.000
157.333333 158.333333   9.607   5.729 0.000
160.333333 161.333333   9.083   5.651 0.000
164.333333 165.333333  12.064   4.456 0.000
167.333333 168.333333  12.793   2.622 0.000
171.333333 172.333333  12.533   3.253 0.000
174.333333 175.333333  20.811   3.564 0.000
178.333333 179.333333  12.996   5.084 0.000
181.333333 182.333333  31.154   4.780 0.000
185.333333 186.333333  26.407 999.999 0.000
188.333333 189.333333  27.904  13.194 0.000
192.333333 193.333333 999.999 999.999 0.999
195.333333 196.333333  11.422   4.948 0.000
199.333333 200.333333  16.933   4.949 0.000
202.333333 203.333333   8.739   5.390 0.000
206.333333 207.333333 999.999 999.999 0.999
209.333333 210.333333 999.999 999.999 0.999
213.333333 214.333333  12.863   4.096 0.000
216.333333 217.333333  17.821   6.177 0.000
220.333333 221.333333   5.794   3.446 0.000
223.333333 224.333333  21.202   4.155 0.000
227.333333 228.333333  15.574   6.690 0.000
230.333333 231.333333  10.129   4.169 0.000
234.333333 235.333333   5.064   2.271 0.000
237.333333 238.333333   9.780 999.999 0.000
241.333333 242.333333  10.381   5.171 0.000
244.333333 245.333333  16.578   6.606 0.000
248.333333 249.333333  12.159   5.839 0.000
251.333333 252.333333   9.498   6.751 0.000
255.333333 256.333333   6.367   2.707 0.000
258.333333 259.333333  10.750   4.560 0.000
262.333333 263.333333 999.999 999.999 0.999
265.333333 266.333333 999.999 999.999 0.999
269.333333 270.333333 999.999 999.999 0.999
272.333333 273.333333   3.852   2.215 0.000
276.333333 277.333333   4.183   2.270 0.000
279.333333 280.333333   9.641   3.650 0.000
283.333333 284.333333   9.109   5.189 0.000
286.333333 287.333333  11.700   5.562 0.000
290.333333 291.333333   4.634   2.577 0.000
293.333333 294.333333  20.539   9.216 0.000
297.333333 298.333333   2.185   1.387 0.000
300.333333 301.333333   2.857   2.258 0.000
304.333333 305.333333   2.618   2.417 0.000
307.333333 308.333333   4.518   1.609 0.000
311.333333 312.333333 999.999 999.999 0.999
314.333333 315.333333 999.999 999.999 0.999
318.333333 319.333333 999.999 999.999 0.999
321.333333 322.333333 999.999 999.999 0.999
325.333333 326.333333 999.999 999.999 0.999
328.333333 329.333333 999.999 999.999 0.999
332.333333 333.333333 999.999 999.999 0.999
335.333333 336.333333 999.999 999.999 0.999
339.333333 340.333333 999.999   1.044 0.000
342.333333 343.333333 999.999 999.999 0.999
346.333333 347.333333 999.999   0.831 0.000
349.333333 350.333333 999.999   0.990 0.000
353.333333 354.333333 999.999   0.846 0.000
356.333333 357.333333 999.999   0.862 0.000
360.333333 361.333333 999.999 999.999 0.999
363.333333 364.333333 999.999 999.999 0.999
