scripts/IMPROVE-2019_partial/data/US0015R.20010101070000.20191216000000.filterpack..pm25.52w.1w.US03L_filterpack_US0015.US03L_IMPROVE_Davis.lev2.nas
64 1001
MISSING INFORMATION
US03L, IMPROVE, , , , , , , 
MISSING INFORMATION
IMPROVE sel_HTAP
1 1
2001 01 01 2019 12 16
3.000000
days from file reference point
25
1 1 1 1 1 1 1 1 1 1 1 1 1 1 1 1 1 1 1 1 1 1 1 1 1
999.999999 9999.99 9.999 99.99 9.999 9.999 9.999999 9.99 9.999999 9.999 9.999 99.999 9.999 99.999 9.999 999.999 9.999 999.999 9.999 999.999 9.999 9.999 9.999 9.999 9.999
end_time of measurement, days from the file reference point
iron, ng/m3, Revision date=20181210133000
numflag iron, no unit, Revision date=20181210133000
lead, ng/m3, Revision date=20181210133000
numflag lead, no unit, Revision date=20181210133000
magnesium, ug/m3, Revision date=20181210133000
numflag magnesium, no unit, Revision date=20181210133000
nickel, ng/m3, Revision date=20181210133000
numflag nickel, no unit, Revision date=20181210133000
nitrate, ug N/m3, Revision date=20181210133000
numflag nitrate, no unit, Revision date=20181210133000
organic_carbon, ug C/m3, Revision date=20181210133000
numflag organic_carbon, no unit, Revision date=20181210133000
organic_mass, ug/m3, Revision date=20181210133000
numflag organic_mass, no unit, Revision date=20181210133000
pm10_mass, ug/m3, Version=2, Version description=Data extracted from http://views.cira.colostate.edu/fed/DataWizard 2019-12-16, Sample duration=1d, Orig. time res.=3d, Matrix=pm10, Blank correction=Blank corrected, Volume std. temperature=ambient, Volume std. pressure=ambient
numflag pm10_mass, no unit, Version=2, Version description=Data extracted from http://views.cira.colostate.edu/fed/DataWizard 2019-12-16, Sample duration=1d, Orig. time res.=3d, Matrix=pm10, Blank correction=Blank corrected, Volume std. temperature=ambient, Volume std. pressure=ambient
pm10_pm25_mass, ug/m3, Revision date=20181210133000, Matrix=pm10_pm25
numflag pm10_pm25_mass, no unit, Revision date=20181210133000, Matrix=pm10_pm25
pm25_mass, ug/m3, Version=2, Version description=Data extracted from http://views.cira.colostate.edu/fed/DataWizard 2019-12-16, Sample duration=1d, Orig. time res.=3d, Blank correction=Blank corrected, Volume std. temperature=ambient, Volume std. pressure=ambient
numflag pm25_mass, no unit, Version=2, Version description=Data extracted from http://views.cira.colostate.edu/fed/DataWizard 2019-12-16, Sample duration=1d, Orig. time res.=3d, Blank correction=Blank corrected, Volume std. temperature=ambient, Volume std. pressure=ambient
potassium, ug/m3, Revision date=20181210133000
numflag potassium, no unit, Revision date=20181210133000
sulphate_total, ug S/m3, Revision date=20181210133000
numflag sulphate_total, no unit, Revision date=20181210133000
0
25
Data definition:              EBAS_1.1
Set type code:                TU
Timezone:                     UTC
File name:                    US0015R.20010101070000.20191216000000.filterpack..pm25.52w.1w.US03L_filterpack_US0015.US03L_IMPROVE_Davis.lev2.nas
File creation:                20191218115623
Startdate:                    20010101070000
Revision date:                20191216000000
Statistics:                   arithmetic mean
Data level:                   2
Period code:                  52w
Resolution code:              1w
Station code:                 US0015R
Platform code:                US0015S
Station name:                 Ike's Backbone
Station latitude:             34.3405
Station longitude:            -111.6832
Station altitude:             1297.0 m
Regime:                       IMG
Component:                    
Matrix:                       pm25
Laboratory code:              US03L
Instrument type:              filterpack
Instrument name:              filterpack_US0015
Method ref:                   US03L_IMPROVE_Davis
starttime endtime Fe flag_Fe Pb flag_Pb Mg++ flag_Mg++ Ni flag_Ni NO3- flag_NO3- OC flag_OC OM flag_OM PM10 flag_PM10 PM10-PM2.5 flag_PM10-PM2.5 PM2.5 flag_PM2.5 K+ flag_K+ SO4-- flag_SO4--
[from data line 89]
267.291667 268.291667   33.64 0.559  0.44 0.559 9.999 0.559259 9.99 0.559259 0.027 0.559  1.221 0.000  1.709 0.000   8.721 0.000   4.170 0.000   4.551 0.559 0.031 0.559 0.361 0.559
270.291667 271.291667   38.52 0.000  0.66 0.000 9.999 0.259000 0.08 0.000000 0.016 0.000  0.766 0.000  1.072 0.000   7.227 0.000   4.076 0.000   3.151 0.000 0.032 0.000 0.207 0.000
273.291667 274.291667   55.73 0.000  0.90 0.000 9.999 0.259000 9.99 0.259000 0.030 0.000  1.150 0.000  1.610 0.000  14.051 0.000   7.367 0.000   6.685 0.000 0.064 0.000 0.600 0.000
276.291667 277.291667 9999.99 0.999 99.99 0.999 9.999 0.999000 9.99 0.999000 9.999 0.999 99.999 0.999 99.999 0.999 999.999 0.999 999.999 0.999 999.999 0.999 9.999 0.999 9.999 0.999
279.291667 280.291667    7.95 0.000  0.23 0.000 9.999 0.259000 9.99 0.259000 0.026 0.000  0.563 0.000  0.787 0.000   3.023 0.000   1.082 0.000   1.941 0.000 0.012 0.000 0.148 0.000
282.291667 283.291667   36.52 0.000  0.91 0.000 9.999 0.259000 0.17 0.000000 0.065 0.000  0.590 0.000  0.827 0.000   8.285 0.000   4.601 0.000   3.684 0.000 0.029 0.000 0.346 0.000
285.291667 286.291667   25.06 0.000  0.73 0.000 9.999 0.259000 9.99 0.259000 0.022 0.559  0.328 0.000  0.459 0.000   5.726 0.000   4.029 0.000   1.697 0.000 0.018 0.000 0.083 0.559
288.291667 289.291667  393.67 0.559  1.40 0.559 9.999 0.559259 9.99 0.559259 0.044 0.559  1.270 0.000  1.778 0.000  25.552 0.000  12.435 0.000  13.117 0.559 0.248 0.559 0.157 0.559
291.291667 292.291667   82.05 0.000  1.27 0.000 9.999 0.259000 0.09 0.000000 0.053 0.000  1.387 0.000  1.942 0.000  12.995 0.000   7.626 0.000   5.369 0.000 0.056 0.000 0.218 0.000
294.291667 295.291667   58.84 0.000  2.23 0.000 9.999 0.259000 0.49 0.000000 0.068 0.000  0.560 0.000  0.783 0.000  12.061 0.000   7.795 0.000   4.266 0.000 0.050 0.000 0.361 0.000
297.291667 298.291667   93.17 0.000  1.54 0.000 9.999 0.259000 9.99 0.259000 0.060 0.559  1.686 0.000  2.361 0.000  12.427 0.000   6.290 0.000   6.137 0.000 0.060 0.000 0.224 0.559
300.291667 301.291667   62.07 0.559  1.69 0.559 9.999 0.559259 0.19 0.559000 0.052 0.000  0.884 0.000  1.237 0.000  13.320 0.000   6.894 0.000   6.426 0.559 0.061 0.559 0.656 0.000
303.291667 304.291667   72.60 0.000  1.49 0.000 9.999 0.259000 9.99 0.259000 0.117 0.000  0.632 0.000  0.885 0.000  13.113 0.000   8.430 0.000   4.683 0.000 0.052 0.000 0.384 0.000
306.291667 307.291667   33.11 0.000  0.92 0.000 9.999 0.259000 0.10 0.000000 0.034 0.000  0.766 0.000  1.072 0.000   7.513 0.000   3.976 0.000   3.537 0.000 0.029 0.000 0.284 0.000
309.291667 310.291667   19.50 0.559  0.86 0.559 9.999 0.559259 0.14 0.559000 0.085 0.559  0.489 0.000  0.684 0.000   6.729 0.000   1.939 0.000   4.789 0.559 0.026 0.559 0.679 0.559
312.291667 313.291667   82.23 0.000  0.79 0.000 9.999 0.259000 9.99 0.259000 0.048 0.559  0.871 0.000  1.219 0.000  20.098 0.000  13.854 0.000   6.244 0.000 0.074 0.000 0.510 0.559
315.291667 316.291667   45.35 0.000  1.70 0.000 9.999 0.259000 0.14 0.000000 0.059 0.559  0.565 0.000  0.791 0.000  10.621 0.000   6.557 0.000   4.064 0.000 0.038 0.000 0.412 0.559
318.291667 319.291667   33.53 0.000  0.77 0.000 9.999 0.259000 9.99 0.259000 0.038 0.559  0.413 0.000  0.578 0.000   6.132 0.000   3.361 0.000   2.772 0.000 0.023 0.000 0.266 0.559
321.291667 322.291667   24.96 0.000  1.70 0.000 9.999 0.259000 9.99 0.259000 0.024 0.559  0.435 0.000  0.609 0.000   6.618 0.000   3.796 0.000   2.821 0.000 0.021 0.000 0.278 0.559
324.291667 325.291667   60.69 0.000  1.72 0.000 9.999 0.259000 9.99 0.259000 0.079 0.559  1.372 0.000  1.921 0.000  11.806 0.000   6.320 0.000   5.486 0.000 0.044 0.000 0.331 0.559
327.291667 328.291667   22.88 0.000  0.55 0.000 9.999 0.259000 9.99 0.259000 0.026 0.559  0.132 0.000  0.185 0.000   5.219 0.000   4.046 0.000   1.173 0.000 0.018 0.000 0.051 0.559
330.291667 331.291667 9999.99 0.456 99.99 0.456 9.999 0.456000 9.99 0.456000 0.035 0.559  0.280 0.000  0.392 0.000  13.701 0.000 999.999 0.999 999.999 0.456 9.999 0.456 0.117 0.559
333.291667 334.291667 9999.99 0.456 99.99 0.456 9.999 0.456000 9.99 0.456000 0.087 0.000  0.495 0.000  0.693 0.000  12.607 0.000 999.999 0.999 999.999 0.456 9.999 0.456 0.205 0.000
336.291667 337.291667 9999.99 0.456 99.99 0.456 9.999 0.456000 9.99 0.456000 0.059 0.559  0.556 0.000  0.778 0.000   7.602 0.000 999.999 0.999 999.999 0.456 9.999 0.456 0.176 0.559
339.291667 340.291667 9999.99 0.456 99.99 0.456 9.999 0.456000 9.99 0.456000 0.045 0.559  1.204 0.000  1.686 0.000   4.588 0.000 999.999 0.999 999.999 0.456 9.999 0.456 0.092 0.559
342.291667 343.291667   22.54 0.000  0.66 0.000 9.999 0.259000 0.19 0.000000 0.031 0.559  0.223 0.000  0.312 0.000   2.794 0.000   1.150 0.000   1.645 0.000 0.014 0.000 0.093 0.559
345.291667 346.291667    8.32 0.000  0.67 0.000 0.044 0.000000 0.04 0.000000 0.246 0.000  0.449 0.000  0.629 0.000   2.480 0.000   0.544 0.000   1.936 0.000 0.011 0.000 0.156 0.000
348.291667 349.291667    7.31 0.000  2.34 0.000 9.999 0.259000 9.99 0.259000 0.297 0.000  0.429 0.000  0.600 0.000   2.728 0.000   0.464 0.000   2.264 0.000 0.013 0.000 0.197 0.000
351.291667 352.291667   10.07 0.000  0.36 0.000 9.999 0.259000 9.99 0.259000 0.042 0.000  0.538 0.000  0.754 0.000   3.197 0.000   1.443 0.000   1.754 0.000 0.012 0.000 0.075 0.000
354.291667 355.291667   21.75 0.000  2.20 0.000 9.999 0.259000 9.99 0.259000 0.209 0.000  0.392 0.000  0.549 0.000   5.828 0.000   3.696 0.000   2.132 0.000 0.037 0.000 0.105 0.000
357.291667 358.291667    5.79 0.000  0.42 0.000 9.999 0.259000 9.99 0.259000 0.032 0.000  0.261 0.000  0.366 0.000   2.026 0.000   0.710 0.000   1.316 0.000 0.007 0.000 0.111 0.000
360.291667 361.291667 9999.99 0.999 99.99 0.999 9.999 0.999000 9.99 0.999000 9.999 0.999 99.999 0.999 99.999 0.999 999.999 0.999 999.999 0.999 999.999 0.999 9.999 0.999 9.999 0.999
363.291667 364.291667    3.50 0.000  0.54 0.000 9.999 0.259000 9.99 0.259000 0.088 0.000  0.757 0.000  1.060 0.000   2.219 0.000   0.452 0.000   1.767 0.000 0.011 0.000 0.112 0.000
