scripts/IMPROVE-2019_partial/data/US0079R.20030103070000.20191216000000.filterpack..pm25.1y.1w.US03L_filterpack_US0079.US03L_IMPROVE_Davis.lev2.nas
66 1001
MISSING INFORMATION
US03L, IMPROVE, , , , , , , 
MISSING INFORMATION
IMPROVE sel_HTAP
1 1
2003 01 01 2019 12 16
3.000000
days from file reference point
27
1 1 1 1 1 1 1 1 1 1 1 1 1 1 1 1 1 1 1 1 1 1 1 1 1 1 1
999.999999 9999.99 9.999 99.99 9.999 9.999 9.999999 99.99 9.999999 9.999 9.999 99.999 9.999 999.999 9.999 999.99 9.999999 999.999 9.999 999.999 9.999 99.999 9.999 9.999 9.999 9.999 9.999
end_time of measurement, days from the file reference point
iron, ng/m3, Revision date=20181210133000
numflag iron, no unit, Revision date=20181210133000
lead, ng/m3, Revision date=20181210133000
numflag lead, no unit, Revision date=20181210133000
magnesium, ug/m3, Revision date=20181210133000
numflag magnesium, no unit, Revision date=20181210133000
nickel, ng/m3, Revision date=20181210133000
numflag nickel, no unit, Revision date=20181210133000
nitrate, ug N/m3, Revision date=20181210133000
numflag nitrate, no unit, Revision date=20181210133000
organic_carbon, ug C/m3, Revision date=20181210133000
numflag organic_carbon, no unit, Revision date=20181210133000
organic_mass, ug/m3, Revision date=20181210133000
numflag organic_mass, no unit, Revision date=20181210133000
phosphorus, ng/m3, Revision date=20181210133000
numflag phosphorus, no unit, Revision date=20181210133000
pm10_mass, ug/m3, Version=2, Version description=Data extracted from http://views.cira.colostate.edu/fed/DataWizard 2019-12-16, Sample duration=1d, Orig. time res.=3d, Matrix=pm10, Blank correction=Blank corrected, Volume std. temperature=ambient, Volume std. pressure=ambient
numflag pm10_mass, no unit, Version=2, Version description=Data extracted from http://views.cira.colostate.edu/fed/DataWizard 2019-12-16, Sample duration=1d, Orig. time res.=3d, Matrix=pm10, Blank correction=Blank corrected, Volume std. temperature=ambient, Volume std. pressure=ambient
pm10_pm25_mass, ug/m3, Revision date=20181210133000, Matrix=pm10_pm25
numflag pm10_pm25_mass, no unit, Revision date=20181210133000, Matrix=pm10_pm25
pm25_mass, ug/m3, Version=2, Version description=Data extracted from http://views.cira.colostate.edu/fed/DataWizard 2019-12-16, Sample duration=1d, Orig. time res.=3d, Blank correction=Blank corrected, Volume std. temperature=ambient, Volume std. pressure=ambient
numflag pm25_mass, no unit, Version=2, Version description=Data extracted from http://views.cira.colostate.edu/fed/DataWizard 2019-12-16, Sample duration=1d, Orig. time res.=3d, Blank correction=Blank corrected, Volume std. temperature=ambient, Volume std. pressure=ambient
potassium, ug/m3, Revision date=20181210133000
numflag potassium, no unit, Revision date=20181210133000
sulphate_total, ug S/m3, Revision date=20181210133000
numflag sulphate_total, no unit, Revision date=20181210133000
0
25
Data definition:              EBAS_1.1
Set type code:                TU
Timezone:                     UTC
File name:                    US0079R.20030103070000.20191216000000.filterpack..pm25.1y.1w.US03L_filterpack_US0079.US03L_IMPROVE_Davis.lev2.nas
File creation:                20191218120045
Startdate:                    20030103070000
Revision date:                20191216000000
Statistics:                   arithmetic mean
Data level:                   2
Period code:                  1y
Resolution code:              1w
Station code:                 US0079R
Platform code:                US0079S
Station name:                 Capitol Reef NP
Station latitude:             38.3022
Station longitude:            -111.2926
Station altitude:             1896.0 m
Regime:                       IMG
Component:                    
Matrix:                       pm25
Laboratory code:              US03L
Instrument type:              filterpack
Instrument name:              filterpack_US0079
Method ref:                   US03L_IMPROVE_Davis
starttime endtime Fe flag_Fe Pb flag_Pb Mg++ flag_Mg++ Ni flag_Ni NO3- flag_NO3- OC flag_OC OM flag_OM P flag_P PM10 flag_PM10 PM10-PM2.5 flag_PM10-PM2.5 PM2.5 flag_PM2.5 K+ flag_K+ SO4-- flag_SO4--
[from data line 81]
245.291667 246.291667 9999.99 0.999 99.99 0.999 9.999 0.999000 99.99 0.999000 9.999 0.999 99.999 0.999 999.999 0.999 999.99 0.999000 999.999 0.999 999.999 0.999 99.999 0.999 9.999 0.999 9.999 0.999
248.291667 249.291667   28.71 0.000  0.35 0.000 9.999 0.259000  0.50 0.000000 0.011 0.000  0.562 0.000   0.787 0.000 999.99 0.259000   2.959 0.000   1.001 0.000  1.958 0.000 0.017 0.000 0.111 0.000
251.291667 252.291667   71.20 0.000  0.39 0.000 9.999 0.259000  1.00 0.000000 0.024 0.000  0.346 0.000   0.485 0.000 999.99 0.259000   8.875 0.000   5.719 0.000  3.156 0.000 0.039 0.000 0.194 0.000
254.291667 255.291667   52.55 0.000  0.31 0.000 9.999 0.259000  1.15 0.000000 0.006 0.000  0.291 0.000   0.408 0.000 999.99 0.259000   3.922 0.000   2.171 0.000  1.751 0.000 0.023 0.000 0.060 0.000
257.291667 258.291667   49.41 0.000  0.28 0.000 9.999 0.259000  0.86 0.000000 0.014 0.000  0.519 0.000   0.727 0.000 999.99 0.259000   6.495 0.000   3.694 0.000  2.802 0.000 0.032 0.000 0.122 0.000
260.291667 261.291667 9999.99 0.999 99.99 0.999 9.999 0.999000 99.99 0.999000 9.999 0.999 99.999 0.999 999.999 0.999 999.99 0.999000 999.999 0.999 999.999 0.999 99.999 0.999 9.999 0.999 9.999 0.999
263.291667 264.291667   71.69 0.000  1.18 0.000 9.999 0.259000  0.83 0.000000 0.016 0.000  0.338 0.000   0.473 0.000 999.99 0.259000   5.753 0.000   2.619 0.000  3.134 0.000 0.055 0.000 0.178 0.000
266.291667 267.291667   57.93 0.000  0.61 0.000 0.033 0.000000  0.86 0.000000 0.014 0.000  0.903 0.000   1.265 0.000 999.99 0.259000   7.189 0.000   3.581 0.000  3.609 0.000 0.051 0.000 0.098 0.000
269.291667 270.291667   69.08 0.000  0.56 0.000 9.999 0.259000  0.99 0.000000 0.014 0.000  0.792 0.000   1.109 0.000 999.99 0.259000   8.013 0.000   4.231 0.000  3.782 0.000 0.046 0.000 0.090 0.000
272.291667 273.291667   87.93 0.000  0.65 0.000 9.999 0.259000  1.56 0.000000 0.019 0.000  0.342 0.000   0.479 0.000 999.99 0.259000   8.256 0.000   3.949 0.000  4.307 0.000 0.048 0.000 0.223 0.000
275.291667 276.291667   16.12 0.000  0.17 0.000 9.999 0.259000  0.28 0.000000 0.020 0.000  0.572 0.000   0.801 0.000 999.99 0.259000   3.575 0.000   1.817 0.000  1.758 0.000 0.011 0.000 0.086 0.000
278.291667 279.291667   19.91 0.559  0.19 0.559 0.024 0.559000  0.76 0.559000 0.010 0.000  0.608 0.000   0.852 0.000 999.99 0.559259   3.698 0.000   0.892 0.000  2.806 0.559 0.015 0.559 0.186 0.000
281.291667 282.291667   35.51 0.000  0.32 0.000 0.018 0.000000  0.47 0.000000 0.014 0.000  0.627 0.000   0.877 0.000 999.99 0.259000   5.588 0.000   2.100 0.000  3.488 0.000 0.026 0.000 0.205 0.000
284.291667 285.291667   49.82 0.000  0.25 0.000 0.044 0.000000  0.77 0.000000 0.020 0.000  0.291 0.000   0.408 0.000 999.99 0.259000   6.944 0.000   4.114 0.000  2.830 0.000 0.034 0.000 0.095 0.000
287.291667 288.291667   64.18 0.000  0.70 0.000 9.999 0.259000  0.83 0.000000 0.027 0.000  0.359 0.000   0.502 0.000 999.99 0.259000   8.300 0.000   4.456 0.000  3.845 0.000 0.041 0.000 0.163 0.000
290.291667 291.291667  106.35 0.000  0.84 0.000 9.999 0.259000  0.74 0.000000 0.016 0.000  0.416 0.000   0.583 0.000 999.99 0.259000   9.615 0.000   4.623 0.000  4.992 0.000 0.069 0.000 0.193 0.000
293.291667 294.291667   83.91 0.000 99.99 0.259 9.999 0.259000 99.99 0.259000 0.013 0.000  0.357 0.000   0.499 0.000 999.99 0.259000   8.637 0.000   3.959 0.000  4.678 0.000 0.052 0.000 0.195 0.000
296.291667 297.291667   99.13 0.000  0.82 0.000 9.999 0.259000  0.99 0.000000 0.021 0.000  0.179 0.000   0.250 0.000 999.99 0.259000  12.286 0.000   8.168 0.000  4.119 0.000 0.065 0.000 0.106 0.000
299.291667 300.291667   59.01 0.000  0.41 0.000 0.028 0.000000  1.33 0.000000 0.011 0.000  0.163 0.000   0.228 0.000 999.99 0.259000   5.301 0.000   2.802 0.000  2.499 0.000 0.036 0.000 0.035 0.000
302.291667 303.291667 9999.99 0.699 99.99 0.699 9.999 0.699000 99.99 0.699000 0.454 0.000  9.932 0.000  13.905 0.000 999.99 0.699000  59.428 0.000 999.999 0.999 99.999 0.699 9.999 0.699 0.296 0.000
305.291667 306.291667   55.26 0.000  0.76 0.000 9.999 0.259000  0.87 0.000000 0.050 0.000  0.759 0.000   1.062 0.000  26.50 0.000000   5.002 0.000   0.010 0.000  4.991 0.000 0.103 0.000 0.146 0.000
308.291667 309.291667   51.47 0.000  0.51 0.000 0.044 0.000000  0.33 0.000000 0.051 0.000  0.368 0.000   0.515 0.000 999.99 0.259000   5.572 0.000   2.990 0.000  2.582 0.000 0.035 0.000 0.078 0.000
311.291667 312.291667   15.18 0.000  0.44 0.000 9.999 0.259000 99.99 0.259000 0.045 0.000  0.519 0.000   0.726 0.000 999.99 0.259000   4.258 0.000   2.121 0.000  2.137 0.000 0.016 0.000 0.121 0.000
314.291667 315.291667   10.88 0.000  0.61 0.000 9.999 0.259000 99.99 0.259000 0.026 0.000  0.236 0.000   0.331 0.000 999.99 0.259000   2.646 0.000   1.054 0.000  1.591 0.000 0.011 0.000 0.136 0.000
317.291667 318.291667    7.40 0.559  0.29 0.559 9.999 0.559259  0.06 0.559000 0.020 0.000  0.347 0.000   0.486 0.000 999.99 0.559259   2.646 0.000   1.302 0.000  1.343 0.559 0.007 0.559 0.100 0.000
320.291667 321.291667   64.07 0.000  0.32 0.000 0.051 0.000000  0.93 0.000000 0.009 0.000  0.178 0.000   0.249 0.000 999.99 0.259000   1.819 0.000 999.999 0.259  2.190 0.000 0.038 0.000 0.034 0.000
323.291667 324.291667   18.13 0.000  0.33 0.000 0.029 0.000000  0.29 0.000000 0.042 0.000  0.591 0.000   0.827 0.000   5.92 0.000000   2.952 0.000   0.981 0.000  1.971 0.000 0.013 0.000 0.065 0.000
326.291667 327.291667   46.56 0.000  0.42 0.000 9.999 0.259000  1.34 0.000000 0.015 0.000  0.211 0.000   0.295 0.000 999.99 0.259000   2.385 0.000   0.089 0.000  2.296 0.000 0.031 0.000 0.073 0.000
329.291667 330.291667   38.83 0.000  0.51 0.000 9.999 0.259000  0.87 0.000000 0.022 0.000  0.262 0.000   0.366 0.000 999.99 0.259000   2.204 0.000   0.153 0.000  2.051 0.000 0.023 0.000 0.059 0.000
332.291667 333.291667   28.15 0.000  0.38 0.000 9.999 0.259000  0.61 0.000000 0.041 0.000  0.548 0.000   0.768 0.000 999.99 0.259000   3.285 0.000   0.829 0.000  2.456 0.000 0.022 0.000 0.070 0.000
335.291667 336.291667   45.24 0.000  0.58 0.000 9.999 0.259000  0.72 0.000000 0.055 0.000  0.325 0.000   0.455 0.000 999.99 0.259000   3.759 0.000   1.359 0.000  2.400 0.000 0.032 0.000 0.088 0.000
338.291667 339.291667   32.09 0.000  0.29 0.000 0.051 0.000000  0.61 0.000000 0.061 0.000  0.566 0.000   0.793 0.000 999.99 0.259000   4.075 0.000   1.760 0.000  2.315 0.000 0.023 0.000 0.077 0.000
341.291667 342.291667   10.45 0.000  0.35 0.000 0.017 0.000000  0.49 0.000000 0.011 0.000  0.127 0.000   0.178 0.000 999.99 0.259000   1.206 0.000   0.396 0.000  0.810 0.000 0.008 0.000 0.029 0.000
344.291667 345.291667   19.63 0.000  0.21 0.000 9.999 0.259000  0.37 0.000000 0.136 0.000  0.367 0.000   0.513 0.000 999.99 0.259000   2.828 0.000   0.641 0.000  2.187 0.000 0.013 0.000 0.060 0.000
347.291667 348.291667   21.79 0.000  0.40 0.000 9.999 0.259000  0.21 0.000000 0.056 0.000  0.316 0.000   0.442 0.000 999.99 0.259000   4.948 0.000   3.273 0.000  1.675 0.000 0.018 0.000 0.064 0.000
350.291667 351.291667   31.71 0.000  0.25 0.000 9.999 0.259000  0.68 0.000000 0.042 0.000  0.395 0.000   0.553 0.000 999.99 0.259000   2.761 0.000   1.090 0.000  1.671 0.000 0.022 0.000 0.047 0.000
353.291667 354.291667   24.50 0.000  0.32 0.000 9.999 0.259000  0.46 0.000000 0.103 0.000  0.591 0.000   0.828 0.000 999.99 0.259000   3.202 0.000   0.897 0.000  2.305 0.000 0.019 0.000 0.085 0.000
356.291667 357.291667   31.88 0.559  0.41 0.559 9.999 0.559259  0.72 0.559000 0.028 0.000  0.361 0.000   0.505 0.000  10.83 0.559000   2.343 0.000   0.837 0.000  1.506 0.559 0.021 0.559 0.074 0.000
359.291667 360.291667   12.04 0.559  0.16 0.559 9.999 0.559259  0.38 0.559000 0.002 0.000  0.170 0.000   0.238 0.000 999.99 0.559259   1.663 0.000   1.181 0.000  0.482 0.559 0.008 0.559 0.015 0.000
362.291667 363.291667   11.16 0.559  0.22 0.559 9.999 0.559259  0.39 0.559000 0.011 0.000  0.163 0.000   0.228 0.000 999.99 0.559259   1.464 0.000   0.652 0.000  0.812 0.559 0.008 0.559 0.033 0.000
