scripts/IMPROVE-2019_partial/data/US0042R.20070103050000.20191216000000.filterpack...1y.3d.US03L_filterpack_US0042.US03L_IMPROVE_Davis.lev2.nas
52 1001
MISSING INFORMATION
US03L, IMPROVE, , , , , , , 
MISSING INFORMATION
IMPROVE sel_HTAP
1 1
2007 01 01 2019 12 16
3.000000
days from file reference point
5
1 1 1 1 1
999.999999 999.999 9.999 999.999 9.999
end_time of measurement, days from the file reference point
pm10_mass, ug/m3, Matrix=pm10
numflag pm10_mass, no unit, Matrix=pm10
pm25_mass, ug/m3, Matrix=pm25
numflag pm25_mass, no unit, Matrix=pm25
0
33
Data definition:              EBAS_1.1
Set type code:                TU
Timezone:                     UTC
File name:                    US0042R.20070103050000.20191216000000.filterpack...1y.3d.US03L_filterpack_US0042.US03L_IMPROVE_Davis.lev2.nas
File creation:                20191218115802
Startdate:                    20070103050000
Revision date:                20191216000000
Version:                      2
Version description:          "Data extracted from http://views.cira.colostate.edu/fed/DataWizard 2019-12-16"
Statistics:                   arithmetic mean
Data level:                   2
Period code:                  1y
Resolution code:              3d
Sample duration:              1d
Orig. time res.:              3d
Station code:                 US0042R
Platform code:                US0042S
Station name:                 Cape Cod
Station latitude:             41.9758
Station longitude:            -70.0242
Station altitude:             49.0 m
Regime:                       IMG
Component:                    
Unit:                         ug/m3
Matrix:                       
Laboratory code:              US03L
Instrument type:              filterpack
Instrument name:              filterpack_US0042
Method ref:                   US03L_IMPROVE_Davis
Blank correction:             Blank corrected
Volume std. temperature:      ambient
Volume std. pressure:         ambient
starttime endtime PM10 flag_PM10 PM2.5 flag_PM2.5
  2.208333   3.208333 999.999 0.999 999.999 0.999
  5.208333   6.208333   2.789 0.000   2.268 0.000
  8.208333   9.208333   5.212 0.000   2.782 0.000
 11.208333  12.208333  15.333 0.000   7.634 0.000
 14.208333  15.208333   3.497 0.000   2.147 0.000
 17.208333  18.208333 999.999 0.456   4.180 0.000
 20.208333  21.208333 999.999 0.456   4.582 0.000
 23.208333  24.208333   7.606 0.000   6.012 0.000
 26.208333  27.208333   6.209 0.000   4.126 0.000
 29.208333  30.208333   6.865 0.000   4.440 0.000
 32.208333  33.208333   8.704 0.000   5.526 0.000
 35.208333  36.208333   8.071 0.000   4.046 0.000
 38.208333  39.208333   7.139 0.000   3.864 0.000
 41.208333  42.208333   6.632 0.000   4.643 0.000
 44.208333  45.208333  11.262 0.000   6.073 0.000
 47.208333  48.208333  10.579 0.000   6.817 0.000
 50.208333  51.208333  18.943 0.000  11.030 0.000
 53.208333  54.208333   8.092 0.000   4.116 0.000
 56.208333  57.208333   6.646 0.000   3.066 0.000
 59.208333  60.208333   8.466 0.000   3.966 0.000
 62.208333  63.208333   6.739 0.000   4.705 0.000
 65.208333  66.208333   5.530 0.000   3.198 0.000
 68.208333  69.208333   8.514 0.000   4.943 0.000
 71.208333  72.208333   9.553 0.000   5.669 0.000
 74.208333  75.208333  11.253 0.000   6.146 0.000
 77.208333  78.208333   5.999 0.000   3.265 0.000
 80.208333  81.208333  14.347 0.000   8.772 0.000
 83.208333  84.208333   4.032 0.000   2.557 0.000
 86.208333  87.208333   7.398 0.000   3.688 0.000
 89.208333  90.208333   9.092 0.000   3.097 0.000
 92.208333  93.208333   4.849 0.000   2.576 0.000
 95.208333  96.208333   4.412 0.000   2.592 0.000
 98.208333  99.208333   5.249 0.000   2.818 0.000
101.208333 102.208333   8.808 0.000   4.604 0.000
104.208333 105.208333  10.209 0.000   5.321 0.000
107.208333 108.208333  14.353 0.000   7.830 0.000
110.208333 111.208333  10.215 0.000   5.729 0.000
113.208333 114.208333  32.361 0.000   8.559 0.000
116.208333 117.208333   6.000 0.000   4.041 0.000
119.208333 120.208333 999.999 0.999 999.999 0.999
122.208333 123.208333   6.245 0.000   2.876 0.000
125.208333 126.208333   6.577 0.000   2.698 0.000
128.208333 129.208333   7.471 0.000   4.000 0.000
131.208333 132.208333   6.670 0.000   2.824 0.000
134.208333 135.208333  19.764 0.000   8.903 0.000
137.208333 138.208333   7.162 0.000   2.877 0.000
140.208333 141.208333   4.668 0.000   1.982 0.000
143.208333 144.208333  16.643 0.000   9.840 0.000
146.208333 147.208333  23.767 0.000  10.167 0.000
149.208333 150.208333  16.924 0.000   6.292 0.000
152.208333 153.208333  29.912 0.000  22.929 0.000
155.208333 156.208333  20.906 0.000  14.093 0.000
158.208333 159.208333 999.999 0.999 999.999 0.999
161.208333 162.208333 999.999 0.999 999.999 0.999
164.208333 165.208333 999.999 0.999 999.999 0.999
167.208333 168.208333  17.908 0.000  13.245 0.000
170.208333 171.208333  26.215 0.000   9.208 0.000
173.208333 174.208333   9.008 0.000   2.945 0.000
176.208333 177.208333  30.596 0.000  23.920 0.000
179.208333 180.208333  18.035 0.000   5.130 0.000
182.208333 183.208333   5.577 0.000   2.313 0.000
185.208333 186.208333  23.390 0.000   9.361 0.000
188.208333 189.208333 999.999 0.999 999.999 0.999
191.208333 192.208333  10.183 0.000   5.767 0.000
194.208333 195.208333  18.769 0.000  14.847 0.000
197.208333 198.208333  17.238 0.000  11.836 0.000
200.208333 201.208333  24.949 0.000  16.512 0.000
203.208333 204.208333   6.571 0.000   4.266 0.000
206.208333 207.208333  15.062 0.000  10.019 0.000
209.208333 210.208333  12.161 0.000  10.057 0.000
212.208333 213.208333  13.363 0.000  11.053 0.000
215.208333 216.208333  19.720 0.000  15.172 0.000
218.208333 219.208333  18.344 0.000  17.029 0.000
221.208333 222.208333   6.042 0.000   1.892 0.000
224.208333 225.208333  13.993 0.000  11.069 0.000
227.208333 228.208333  21.483 0.000  15.040 0.000
230.208333 231.208333 999.999 0.999 999.999 0.999
233.208333 234.208333   7.766 0.000   2.295 0.000
236.208333 237.208333  20.739 0.000  19.218 0.000
239.208333 240.208333   6.314 0.000   3.235 0.000
242.208333 243.208333   3.210 0.000   1.755 0.000
245.208333 246.208333 999.999 0.456   7.532 0.000
248.208333 249.208333   5.715 0.000   2.222 0.000
251.208333 252.208333  18.514 0.000   7.824 0.000
254.208333 255.208333   8.511 0.000   4.619 0.000
257.208333 258.208333 999.999 0.999 999.999 0.999
260.208333 261.208333 999.999 0.999 999.999 0.999
263.208333 264.208333  15.548 0.000  14.131 0.000
266.208333 267.208333   8.011 0.000   3.569 0.000
269.208333 270.208333  15.536 0.000   8.788 0.000
272.208333 273.208333   8.780 0.000   4.946 0.000
275.208333 276.208333   2.381 0.000   1.429 0.000
278.208333 279.208333  17.605 0.000  15.342 0.000
281.208333 282.208333   8.448 0.000   3.450 0.000
284.208333 285.208333  10.207 0.000   5.342 0.000
287.208333 288.208333   4.124 0.000   2.086 0.000
290.208333 291.208333  25.340 0.000  22.627 0.000
293.208333 294.208333  11.538 0.000   6.523 0.000
296.208333 297.208333   7.275 0.000   3.293 0.000
299.208333 300.208333  10.645 0.000   5.063 0.000
302.208333 303.208333 999.999 0.999 999.999 0.999
305.208333 306.208333   7.905 0.000   2.388 0.000
308.208333 309.208333 999.999 0.999 999.999 0.999
311.208333 312.208333   4.633 0.000   2.204 0.000
314.208333 315.208333   8.882 0.000   3.753 0.000
317.208333 318.208333   8.968 0.000   7.427 0.000
320.208333 321.208333   3.192 0.000   2.066 0.000
323.208333 324.208333   6.544 0.000   2.253 0.000
326.208333 327.208333   4.858 0.000   2.274 0.000
329.208333 330.208333   5.713 0.000   4.382 0.000
332.208333 333.208333  10.378 0.000   5.304 0.000
335.208333 336.208333   5.087 0.000   2.845 0.000
338.208333 339.208333   4.101 0.000   2.596 0.000
341.208333 342.208333  11.204 0.000   9.909 0.000
344.208333 345.208333   5.500 0.000   4.138 0.000
347.208333 348.208333   7.112 0.000   4.594 0.000
350.208333 351.208333   6.453 0.000   3.011 0.000
353.208333 354.208333   8.518 0.000   3.921 0.000
356.208333 357.208333  12.484 0.000   5.364 0.000
359.208333 360.208333 999.999 0.999 999.999 0.999
362.208333 363.208333   9.273 0.000   7.068 0.000
