scripts/IMPROVE-2019_partial/data/US0014R.20020117070000.20191216000000.filterpack..pm25.11mo.1w.US03L_filterpack_US0014.US03L_IMPROVE_Davis.lev2.nas
66 1001
MISSING INFORMATION
US03L, IMPROVE, , , , , , , 
MISSING INFORMATION
IMPROVE sel_HTAP
1 1
2002 01 01 2019 12 16
3.000000
days from file reference point
27
1 1 1 1 1 1 1 1 1 1 1 1 1 1 1 1 1 1 1 1 1 1 1 1 1 1 1
999.999999 9999.99 9.999 99.99 9.999 9.999 9.999999 9.99 9.999999 9.999 9.999 99.999 9.999 99.999 9.999 999.99 9.999999 999.999 9.999 999.999 9.999 99.999 9.999 9.999 9.999 9.999 9.999
end_time of measurement, days from the file reference point
iron, ng/m3, Revision date=20181210133000
numflag iron, no unit, Revision date=20181210133000
lead, ng/m3, Revision date=20181210133000
numflag lead, no unit, Revision date=20181210133000
magnesium, ug/m3, Revision date=20181210133000
numflag magnesium, no unit, Revision date=20181210133000
nickel, ng/m3, Revision date=20181210133000
numflag nickel, no unit, Revision date=20181210133000
nitrate, ug N/m3, Revision date=20181210133000
numflag nitrate, no unit, Revision date=20181210133000
organic_carbon, ug C/m3, Revision date=20181210133000
numflag organic_carbon, no unit, Revision date=20181210133000
organic_mass, ug/m3, Revision date=20181210133000
numflag organic_mass, no unit, Revision date=20181210133000
phosphorus, ng/m3, Revision date=20181210133000
numflag phosphorus, no unit, Revision date=20181210133000
pm10_mass, ug/m3, Version=2, Version description=Data extracted from http://views.cira.colostate.edu/fed/DataWizard 2019-12-16, Sample duration=1d, Orig. time res.=3d, Matrix=pm10, Blank correction=Blank corrected, Volume std. temperature=ambient, Volume std. pressure=ambient
numflag pm10_mass, no unit, Version=2, Version description=Data extracted from http://views.cira.colostate.edu/fed/DataWizard 2019-12-16, Sample duration=1d, Orig. time res.=3d, Matrix=pm10, Blank correction=Blank corrected, Volume std. temperature=ambient, Volume std. pressure=ambient
pm10_pm25_mass, ug/m3, Revision date=20181210133000, Matrix=pm10_pm25
numflag pm10_pm25_mass, no unit, Revision date=20181210133000, Matrix=pm10_pm25
pm25_mass, ug/m3, Version=2, Version description=Data extracted from http://views.cira.colostate.edu/fed/DataWizard 2019-12-16, Sample duration=1d, Orig. time res.=3d, Blank correction=Blank corrected, Volume std. temperature=ambient, Volume std. pressure=ambient
numflag pm25_mass, no unit, Version=2, Version description=Data extracted from http://views.cira.colostate.edu/fed/DataWizard 2019-12-16, Sample duration=1d, Orig. time res.=3d, Blank correction=Blank corrected, Volume std. temperature=ambient, Volume std. pressure=ambient
potassium, ug/m3, Revision date=20181210133000
numflag potassium, no unit, Revision date=20181210133000
sulphate_total, ug S/m3, Revision date=20181210133000
numflag sulphate_total, no unit, Revision date=20181210133000
0
25
Data definition:              EBAS_1.1
Set type code:                TU
Timezone:                     UTC
File name:                    US0014R.20020117070000.20191216000000.filterpack..pm25.11mo.1w.US03L_filterpack_US0014.US03L_IMPROVE_Davis.lev2.nas
File creation:                20191218115619
Startdate:                    20020117070000
Revision date:                20191216000000
Statistics:                   arithmetic mean
Data level:                   2
Period code:                  11mo
Resolution code:              1w
Station code:                 US0014R
Platform code:                US0014S
Station name:                 Indian Gardens
Station latitude:             36.0778
Station longitude:            -112.1288
Station altitude:             1166.0 m
Regime:                       IMG
Component:                    
Matrix:                       pm25
Laboratory code:              US03L
Instrument type:              filterpack
Instrument name:              filterpack_US0014
Method ref:                   US03L_IMPROVE_Davis
starttime endtime Fe flag_Fe Pb flag_Pb Mg++ flag_Mg++ Ni flag_Ni NO3- flag_NO3- OC flag_OC OM flag_OM P flag_P PM10 flag_PM10 PM10-PM2.5 flag_PM10-PM2.5 PM2.5 flag_PM2.5 K+ flag_K+ SO4-- flag_SO4--
[from data line 82]
262.291667 263.291667   15.67 0.000  0.24 0.000 9.999 0.259000 9.99 0.259000 0.014 0.000  0.454 0.000  0.635 0.000 999.99 0.259000   5.144 0.000   3.400 0.000  1.744 0.000 0.018 0.000 0.115 0.000
265.291667 266.291667   25.30 0.000  0.38 0.000 0.014 0.000000 9.99 0.259000 0.015 0.000  0.776 0.000  1.087 0.000 999.99 0.259000   7.858 0.000   5.310 0.000  2.548 0.000 0.027 0.000 0.108 0.000
268.291667 269.291667   58.86 0.000  1.30 0.000 9.999 0.259000 9.99 0.259000 0.040 0.000  2.362 0.000  3.306 0.000  25.04 0.000000   8.700 0.000   2.698 0.000  6.002 0.000 0.098 0.000 0.215 0.000
271.291667 272.291667   25.19 0.000  0.70 0.000 9.999 0.259000 9.99 0.259000 0.025 0.000  0.938 0.000  1.313 0.000 999.99 0.259000   6.410 0.000   4.276 0.000  2.134 0.000 0.022 0.000 0.194 0.000
274.291667 275.291667  163.95 0.559  1.39 0.559 0.049 0.559000 0.14 0.559000 0.104 0.000  1.509 0.000  2.113 0.000 999.99 0.559259  19.836 0.000  11.790 0.000  8.046 0.559 0.135 0.559 0.357 0.000
277.291667 278.291667   43.36 0.000  0.82 0.000 0.017 0.000000 0.06 0.000000 0.022 0.000  0.847 0.000  1.186 0.000 999.99 0.259000  10.232 0.000   6.272 0.000  3.960 0.000 0.041 0.000 0.203 0.000
280.291667 281.291667   36.10 0.000  0.46 0.000 9.999 0.259000 0.15 0.000000 0.008 0.000  0.728 0.000  1.019 0.000 999.99 0.259000   7.576 0.000   4.475 0.000  3.101 0.000 0.035 0.000 0.110 0.000
283.291667 284.291667 9999.99 0.999 99.99 0.999 9.999 0.999000 9.99 0.999000 9.999 0.999 99.999 0.999 99.999 0.999 999.99 0.999000 999.999 0.999 999.999 0.999 99.999 0.999 9.999 0.999 9.999 0.999
286.291667 287.291667 9999.99 0.999 99.99 0.999 9.999 0.999000 9.99 0.999000 9.999 0.999 99.999 0.999 99.999 0.999 999.99 0.999000 999.999 0.999 999.999 0.999 99.999 0.999 9.999 0.999 9.999 0.999
289.291667 290.291667   35.04 0.000  0.64 0.000 0.016 0.000000 0.07 0.000000 0.021 0.000  0.619 0.000  0.867 0.000 999.99 0.259000   5.984 0.000   2.810 0.000  3.174 0.000 0.030 0.000 0.190 0.000
292.291667 293.291667   42.92 0.000  0.85 0.000 0.020 0.000000 9.99 0.259000 0.032 0.000  0.732 0.000  1.025 0.000 999.99 0.259000  11.636 0.000   7.352 0.000  4.284 0.000 0.039 0.000 0.237 0.000
295.291667 296.291667   39.16 0.000  0.77 0.000 9.999 0.259000 0.13 0.000000 0.053 0.000  0.896 0.000  1.255 0.000 999.99 0.259000   5.311 0.000   1.391 0.000  3.920 0.000 0.044 0.000 0.368 0.000
298.291667 299.291667   32.35 0.000  1.85 0.000 9.999 0.259000 0.12 0.000000 0.049 0.000  0.619 0.000  0.867 0.000 999.99 0.259000   6.761 0.000   2.600 0.000  4.160 0.000 0.039 0.000 0.460 0.000
301.291667 302.291667   27.55 0.000  1.83 0.000 0.010 0.000000 0.08 0.000000 0.141 0.000  0.735 0.000  1.029 0.000 999.99 0.259000   6.316 0.000   1.996 0.000  4.320 0.000 0.035 0.000 0.433 0.000
304.291667 305.291667   33.19 0.000  1.05 0.000 9.999 0.259000 0.16 0.000000 0.083 0.000  0.401 0.000  0.561 0.000 999.99 0.259000   7.243 0.000   3.722 0.000  3.521 0.000 0.037 0.000 0.361 0.000
307.291667 308.291667   30.13 0.000  0.55 0.000 9.999 0.259000 0.30 0.000000 0.023 0.000  0.304 0.000  0.426 0.000 999.99 0.259000   6.384 0.000   4.153 0.000  2.231 0.000 0.022 0.000 0.165 0.000
310.291667 311.291667   44.53 0.000  0.89 0.000 0.010 0.000000 0.13 0.000000 0.029 0.000  1.130 0.000  1.582 0.000 999.99 0.259000   8.617 0.000   4.796 0.000  3.821 0.000 0.036 0.000 0.128 0.000
313.291667 314.291667   27.17 0.000  0.20 0.000 9.999 0.259000 0.17 0.000000 0.011 0.000  0.320 0.000  0.447 0.000 999.99 0.259000   2.966 0.000   1.636 0.000  1.330 0.000 0.020 0.000 0.061 0.000
316.291667 317.291667   27.04 0.000  0.43 0.000 0.011 0.000000 0.12 0.000000 0.007 0.000  0.240 0.000  0.336 0.000 999.99 0.259000   3.091 0.000   1.474 0.000  1.616 0.000 0.022 0.000 0.062 0.000
319.291667 320.291667   24.37 0.000  0.66 0.000 0.015 0.000000 0.12 0.000000 0.013 0.000  0.559 0.000  0.783 0.000 999.99 0.259000   6.177 0.000   3.417 0.000  2.760 0.000 0.030 0.000 0.213 0.000
322.291667 323.291667   29.01 0.000  0.48 0.000 9.999 0.259000 0.06 0.000000 0.014 0.000  0.338 0.000  0.473 0.000 999.99 0.259000   7.799 0.000   5.536 0.000  2.262 0.000 0.024 0.000 0.117 0.000
325.291667 326.291667   29.27 0.000  0.45 0.000 9.999 0.259000 9.99 0.259000 0.010 0.000  0.357 0.000  0.499 0.000  14.99 0.000000   5.867 0.000   3.784 0.000  2.083 0.000 0.023 0.000 0.063 0.000
328.291667 329.291667   12.50 0.000  0.36 0.000 9.999 0.259000 9.99 0.259000 0.013 0.000  0.376 0.000  0.526 0.000 999.99 0.259000   2.599 0.000   1.077 0.000  1.522 0.000 0.011 0.000 0.101 0.000
331.291667 332.291667   32.11 0.000  0.36 0.000 9.999 0.259000 0.17 0.000000 0.015 0.000  0.282 0.000  0.395 0.000 999.99 0.259000   4.359 0.000   2.074 0.000  2.285 0.000 0.025 0.000 0.155 0.000
334.291667 335.291667    5.50 0.000  1.35 0.000 9.999 0.259000 9.99 0.259000 0.083 0.000  0.548 0.000  0.767 0.000 999.99 0.259000   1.810 0.000   0.415 0.000  1.395 0.000 0.007 0.000 0.107 0.000
337.291667 338.291667    4.44 0.000  0.13 0.000 9.999 0.259000 0.04 0.000000 0.024 0.000  0.532 0.000  0.745 0.000 999.99 0.259000   2.340 0.000   0.368 0.000  1.971 0.000 0.005 0.000 0.180 0.000
340.291667 341.291667    7.17 0.000  0.23 0.000 9.999 0.259000 0.03 0.000000 0.071 0.000  1.144 0.000  1.601 0.000 999.99 0.259000   4.828 0.000   0.899 0.000  3.929 0.000 0.006 0.000 0.350 0.000
343.291667 344.291667    7.95 0.000  0.36 0.000 9.999 0.259000 0.03 0.000000 0.025 0.000  0.695 0.000  0.972 0.000 999.99 0.259000   3.546 0.000   0.750 0.000  2.796 0.000 0.007 0.000 0.253 0.000
346.291667 347.291667   18.15 0.000  0.52 0.000 9.999 0.259000 0.04 0.000000 0.011 0.000  0.296 0.000  0.415 0.000 999.99 0.259000   3.177 0.000   1.848 0.000  1.329 0.000 0.015 0.000 0.078 0.000
349.291667 350.291667   57.08 0.000  1.39 0.000 9.999 0.259000 0.06 0.000000 0.180 0.000  0.616 0.000  0.862 0.000 999.99 0.259000   8.865 0.000   6.357 0.000  2.509 0.000 0.064 0.000 0.161 0.000
352.291667 353.291667    2.82 0.000 99.99 0.259 9.999 0.259000 9.99 0.259000 0.005 0.559  0.322 0.000  0.451 0.000 999.99 0.259000   1.219 0.000   0.585 0.000  0.634 0.000 0.003 0.000 0.034 0.559
355.291667 356.291667    4.28 0.000  0.42 0.000 9.999 0.259000 9.99 0.259000 0.017 0.000  0.244 0.000  0.342 0.000 999.99 0.259000   1.662 0.000   0.358 0.000  1.304 0.000 0.004 0.000 0.168 0.000
358.291667 359.291667    5.05 0.000  0.30 0.000 9.999 0.259000 9.99 0.259000 0.023 0.000  0.250 0.000  0.350 0.000 999.99 0.259000   2.042 0.000   0.110 0.000  1.932 0.000 0.004 0.000 0.157 0.000
361.291667 362.291667    7.94 0.000  3.19 0.000 9.999 0.259000 9.99 0.259000 0.032 0.000  0.473 0.000  0.663 0.000 999.99 0.259000   4.605 0.000   0.567 0.000  4.038 0.000 0.006 0.000 0.586 0.000
364.291667 365.291667   16.07 0.000  0.22 0.000 0.016 0.000000 9.99 0.259000 0.027 0.000  0.183 0.000  0.257 0.000 999.99 0.259000   3.509 0.000   2.257 0.000  1.252 0.000 0.015 0.000 0.075 0.000
