scripts/IMPROVE-2019_partial/data/US0086R.19970101050000.20191216000000.filterpack...1y.3d.US03L_filterpack_US0086.US03L_IMPROVE_Davis.lev2.nas
51 1001
MISSING INFORMATION
US03L, IMPROVE, , , , , , , 
MISSING INFORMATION
IMPROVE sel_HTAP
1 1
1997 01 01 2019 12 16
0
days from file reference point
4
1 1 1 1
999.999999 999.999 999.999 9.999
end_time of measurement, days from the file reference point
pm10_mass, ug/m3, Matrix=pm10
pm25_mass, ug/m3, Matrix=pm25
numflag, no unit
0
33
Data definition:              EBAS_1.1
Set type code:                TI
Timezone:                     UTC
File name:                    US0086R.19970101050000.20191216000000.filterpack...1y.3d.US03L_filterpack_US0086.US03L_IMPROVE_Davis.lev2.nas
File creation:                20191218120111
Startdate:                    19970101050000
Revision date:                20191216000000
Version:                      2
Version description:          "Data extracted from http://views.cira.colostate.edu/fed/DataWizard 2019-12-16"
Statistics:                   arithmetic mean
Data level:                   2
Period code:                  1y
Resolution code:              3d
Sample duration:              1d
Orig. time res.:              3d
Station code:                 US0086R
Platform code:                US0086S
Station name:                 Dolly Sods Wilderness
Station latitude:             39.1053
Station longitude:            -79.4261
Station altitude:             1182.0 m
Regime:                       IMG
Component:                    
Unit:                         ug/m3
Matrix:                       
Laboratory code:              US03L
Instrument type:              filterpack
Instrument name:              filterpack_US0086
Method ref:                   US03L_IMPROVE_Davis
Blank correction:             Blank corrected
Volume std. temperature:      ambient
Volume std. pressure:         ambient
starttime endtime PM10 PM2.5 flag
  0.208333   1.208333   8.617   8.765 0.000
  3.208333   4.208333  11.248  10.400 0.000
  7.208333   8.208333  11.866  11.905 0.000
 10.208333  11.208333  12.139   9.488 0.000
 14.208333  15.208333 999.999   3.324 0.000
 17.208333  18.208333  10.318   6.418 0.000
 21.208333  22.208333  20.344   8.698 0.000
 24.208333  25.208333  20.833   9.668 0.000
 28.208333  29.208333   9.178   6.570 0.000
 31.208333  32.208333  23.990   9.736 0.000
 35.208333  36.208333  10.154   7.727 0.000
 38.208333  39.208333  10.645 999.999 0.000
 42.208333  43.208333  13.204  13.074 0.000
 45.208333  46.208333 999.999   8.412 0.000
 49.208333  50.208333  14.217  11.977 0.000
 52.208333  53.208333   7.789   5.495 0.000
 56.208333  57.208333  11.159   5.398 0.000
 59.208333  60.208333   5.747   1.876 0.000
 63.208333  64.208333   6.729   6.877 0.000
 66.208333  67.208333  14.245  12.921 0.000
 70.208333  71.208333  13.102  12.945 0.000
 73.208333  74.208333  17.222   7.518 0.000
 77.208333  78.208333   5.071   3.715 0.000
 80.208333  81.208333  12.975  11.747 0.000
 84.208333  85.208333   7.830   5.655 0.000
 87.208333  88.208333  11.512   9.325 0.000
 91.208333  92.208333  10.300   9.148 0.000
 94.208333  95.208333  37.905  18.348 0.000
 98.208333  99.208333   9.148   8.261 0.000
101.208333 102.208333  11.399   7.308 0.000
105.208333 106.208333  17.717  13.758 0.000
108.208333 109.208333  14.060  11.052 0.000
112.208333 113.208333 999.999  18.217 0.000
115.208333 116.208333  11.739  12.039 0.000
119.208333 120.208333   9.772   8.623 0.000
122.208333 123.208333   7.734   6.584 0.000
126.208333 127.208333   9.015   7.441 0.000
129.208333 130.208333 999.999   3.749 0.000
133.208333 134.208333   9.945   7.501 0.000
136.208333 137.208333  13.348   8.234 0.000
140.208333 141.208333  10.236   7.561 0.000
143.208333 144.208333  26.694  17.491 0.000
147.208333 148.208333  18.909  13.428 0.000
150.208333 151.208333  18.072 999.999 0.000
154.208333 155.208333  19.260  10.020 0.000
157.208333 158.208333  15.309  11.029 0.000
161.208333 162.208333  40.061  22.939 0.000
164.208333 165.208333  26.585  24.164 0.000
168.208333 169.208333  18.047   9.747 0.000
171.208333 172.208333  27.986  21.265 0.000
175.208333 176.208333 999.999  30.871 0.000
178.208333 179.208333  14.516   8.617 0.000
182.208333 183.208333  18.089  16.466 0.000
185.208333 186.208333  13.889   9.467 0.000
189.208333 190.208333  23.244  14.907 0.000
192.208333 193.208333  28.443  28.704 0.000
196.208333 197.208333  31.527  25.056 0.000
199.208333 200.208333  34.680  32.271 0.000
203.208333 204.208333  12.739   7.730 0.000
206.208333 207.208333  58.854  48.643 0.000
210.208333 211.208333  14.195 999.999 0.000
213.208333 214.208333  23.963  23.990 0.000
217.208333 218.208333  14.656  14.827 0.000
220.208333 221.208333  29.908  25.866 0.000
224.208333 225.208333  21.089  18.434 0.000
227.208333 228.208333  21.430  13.700 0.000
231.208333 232.208333  11.060   8.902 0.000
234.208333 235.208333  10.331 999.999 0.000
238.208333 239.208333  35.992  30.718 0.000
241.208333 242.208333  19.563  17.924 0.000
245.208333 246.208333  17.421  15.284 0.000
248.208333 249.208333  14.250  10.832 0.000
252.208333 253.208333   8.987   7.065 0.000
255.208333 256.208333  14.583  13.258 0.000
259.208333 260.208333  28.110  25.942 0.000
262.208333 263.208333  18.754  14.592 0.000
266.208333 267.208333  10.760   7.654 0.000
269.208333 270.208333  17.104  11.699 0.000
273.208333 274.208333   8.697   6.739 0.000
276.208333 277.208333  19.568  16.282 0.000
280.208333 281.208333  36.962  33.738 0.000
283.208333 284.208333  12.303  12.587 0.000
287.208333 288.208333  10.666   7.606 0.000
290.208333 291.208333  11.397   9.440 0.000
294.208333 295.208333  10.329   6.728 0.000
297.208333 298.208333   7.082   7.500 0.000
301.208333 302.208333   8.691   6.463 0.000
304.208333 305.208333   6.173   4.197 0.000
308.208333 309.208333  12.839   4.689 0.000
311.208333 312.208333   5.572   5.104 0.000
315.208333 316.208333  13.766  14.066 0.000
318.208333 319.208333 999.999   9.131 0.000
322.208333 323.208333  15.585   8.024 0.000
325.208333 326.208333   9.730   8.403 0.000
329.208333 330.208333  14.579   9.052 0.000
332.208333 333.208333  12.183  10.268 0.000
336.208333 337.208333   9.681   4.208 0.000
339.208333 340.208333   7.271   5.561 0.000
343.208333 344.208333 999.999   6.218 0.000
346.208333 347.208333  14.365   9.318 0.000
350.208333 351.208333  19.452  10.754 0.000
353.208333 354.208333  20.794  14.797 0.000
357.208333 358.208333 999.999  12.061 0.000
360.208333 361.208333  12.492   2.784 0.000
364.208333 365.208333   9.163   8.015 0.000
