scripts/IMPROVE-2019_partial/data/US0083R.20010101080000.20191216000000.filterpack..pm25.52w.1w.US03L_filterpack_US0083.US03L_IMPROVE_Davis.lev2.nas
64 1001
MISSING INFORMATION
US03L, IMPROVE, , , , , , , 
MISSING INFORMATION
IMPROVE sel_HTAP
1 1
2001 01 01 2019 12 16
3.000000
days from file reference point
25
1 1 1 1 1 1 1 1 1 1 1 1 1 1 1 1 1 1 1 1 1 1 1 1 1
999.999999 9999.99 9.999 99.99 9.999 9.999 9.999999 9.99 9.999999 99.999 9.999 99.999 9.999 99.999 9.999 999.999 9.999 999.999 9.999 999.999 9.999 9.999 9.999 99.999 9.999
end_time of measurement, days from the file reference point
iron, ng/m3, Revision date=20181210133000
numflag iron, no unit, Revision date=20181210133000
lead, ng/m3, Revision date=20181210133000
numflag lead, no unit, Revision date=20181210133000
magnesium, ug/m3, Revision date=20181210133000
numflag magnesium, no unit, Revision date=20181210133000
nickel, ng/m3, Revision date=20181210133000
numflag nickel, no unit, Revision date=20181210133000
nitrate, ug N/m3, Revision date=20181210133000
numflag nitrate, no unit, Revision date=20181210133000
organic_carbon, ug C/m3, Revision date=20181210133000
numflag organic_carbon, no unit, Revision date=20181210133000
organic_mass, ug/m3, Revision date=20181210133000
numflag organic_mass, no unit, Revision date=20181210133000
pm10_mass, ug/m3, Version=2, Version description=Data extracted from http://views.cira.colostate.edu/fed/DataWizard 2019-12-16, Sample duration=1d, Orig. time res.=3d, Matrix=pm10, Blank correction=Blank corrected, Volume std. temperature=ambient, Volume std. pressure=ambient
numflag pm10_mass, no unit, Version=2, Version description=Data extracted from http://views.cira.colostate.edu/fed/DataWizard 2019-12-16, Sample duration=1d, Orig. time res.=3d, Matrix=pm10, Blank correction=Blank corrected, Volume std. temperature=ambient, Volume std. pressure=ambient
pm10_pm25_mass, ug/m3, Revision date=20181210133000, Matrix=pm10_pm25
numflag pm10_pm25_mass, no unit, Revision date=20181210133000, Matrix=pm10_pm25
pm25_mass, ug/m3, Version=2, Version description=Data extracted from http://views.cira.colostate.edu/fed/DataWizard 2019-12-16, Sample duration=1d, Orig. time res.=3d, Blank correction=Blank corrected, Volume std. temperature=ambient, Volume std. pressure=ambient
numflag pm25_mass, no unit, Version=2, Version description=Data extracted from http://views.cira.colostate.edu/fed/DataWizard 2019-12-16, Sample duration=1d, Orig. time res.=3d, Blank correction=Blank corrected, Volume std. temperature=ambient, Volume std. pressure=ambient
potassium, ug/m3, Revision date=20181210133000
numflag potassium, no unit, Revision date=20181210133000
sulphate_total, ug S/m3, Revision date=20181210133000
numflag sulphate_total, no unit, Revision date=20181210133000
0
25
Data definition:              EBAS_1.1
Set type code:                TU
Timezone:                     UTC
File name:                    US0083R.20010101080000.20191216000000.filterpack..pm25.52w.1w.US03L_filterpack_US0083.US03L_IMPROVE_Davis.lev2.nas
File creation:                20191218120101
Startdate:                    20010101080000
Revision date:                20191216000000
Statistics:                   arithmetic mean
Data level:                   2
Period code:                  52w
Resolution code:              1w
Station code:                 US0083R
Platform code:                US0083S
Station name:                 Columbia River Gorge
Station latitude:             45.6644
Station longitude:            -121.0008
Station altitude:             178.0 m
Regime:                       IMG
Component:                    
Matrix:                       pm25
Laboratory code:              US03L
Instrument type:              filterpack
Instrument name:              filterpack_US0083
Method ref:                   US03L_IMPROVE_Davis
starttime endtime Fe flag_Fe Pb flag_Pb Mg++ flag_Mg++ Ni flag_Ni NO3- flag_NO3- OC flag_OC OM flag_OM PM10 flag_PM10 PM10-PM2.5 flag_PM10-PM2.5 PM2.5 flag_PM2.5 K+ flag_K+ SO4-- flag_SO4--
[from data line 88]
264.333333 265.333333   90.86 0.000  0.77 0.000 9.999 0.259000 9.99 0.259000  0.029 0.000  0.972 0.000  1.361 0.000   9.021 0.000   4.955 0.000   4.066 0.000 0.041 0.000  0.253 0.000
267.333333 268.333333   92.84 0.000  1.28 0.000 9.999 0.259000 9.99 0.259000  0.041 0.000  1.610 0.000  2.254 0.000  18.633 0.000  13.037 0.000   5.596 0.000 0.060 0.000  0.351 0.000
270.333333 271.333333   41.75 0.000  0.83 0.000 9.999 0.259000 0.12 0.000000  0.099 0.000  0.914 0.000  1.279 0.000   6.910 0.000   3.378 0.000   3.532 0.000 0.023 0.000  0.244 0.000
273.333333 274.333333  109.52 0.000  1.28 0.000 9.999 0.259000 9.99 0.259000  0.041 0.000  1.587 0.000  2.221 0.000  10.263 0.000   4.882 0.000   5.380 0.000 0.043 0.000  0.249 0.000
276.333333 277.333333  215.93 0.000  0.81 0.000 9.999 0.259000 9.99 0.259000  0.043 0.000  1.265 0.000  1.772 0.000  34.072 0.000  27.759 0.000   6.313 0.000 0.073 0.000  0.176 0.000
279.333333 280.333333   53.81 0.000  1.34 0.000 9.999 0.259000 0.10 0.000000  0.137 0.000  1.107 0.000  1.550 0.000   5.701 0.000   1.132 0.000   4.569 0.000 0.041 0.000  0.284 0.000
282.333333 283.333333  105.30 0.000  1.15 0.000 9.999 0.259000 0.14 0.000000  0.177 0.000  1.549 0.000  2.168 0.000   8.174 0.000   2.839 0.000   5.335 0.000 0.043 0.000  0.261 0.000
285.333333 286.333333    9.91 0.000  1.46 0.000 9.999 0.259000 0.08 0.000000  0.102 0.000  1.011 0.000  1.415 0.000   5.901 0.000   2.561 0.000   3.340 0.000 0.033 0.000  0.172 0.000
288.333333 289.333333   73.11 0.000  1.04 0.000 9.999 0.259000 9.99 0.259000  0.053 0.559  1.889 0.000  2.644 0.000  13.057 0.000   7.930 0.000   5.127 0.000 0.060 0.000  0.135 0.559
291.333333 292.333333   46.73 0.000  0.62 0.000 9.999 0.259000 0.06 0.000000  0.031 0.000  1.107 0.000  1.550 0.000   8.913 0.000   5.791 0.000   3.122 0.000 0.029 0.000  0.110 0.000
294.333333 295.333333   17.58 0.000  1.19 0.000 9.999 0.259000 0.06 0.000000  0.040 0.000  0.743 0.000  1.040 0.000   6.336 0.000   3.724 0.000   2.612 0.000 0.026 0.000  0.098 0.000
297.333333 298.333333   44.54 0.000  1.02 0.000 9.999 0.259000 9.99 0.259000  0.142 0.000  2.890 0.000  4.046 0.000   9.715 0.000   2.677 0.000   7.038 0.000 0.060 0.000  0.159 0.000
300.333333 301.333333   25.36 0.000  0.51 0.000 9.999 0.259000 9.99 0.259000  0.065 0.000  0.760 0.000  1.064 0.000   3.651 0.000   0.983 0.000   2.669 0.000 0.024 0.000  0.215 0.000
303.333333 304.333333   13.21 0.000  1.87 0.000 9.999 0.259000 9.99 0.259000  0.053 0.000  0.864 0.000  1.209 0.000  11.162 0.000   7.871 0.000   3.291 0.000 0.028 0.000  0.109 0.000
306.333333 307.333333   42.36 0.000  1.20 0.000 9.999 0.259000 9.99 0.259000  0.258 0.000  5.318 0.000  7.445 0.000  12.610 0.000   1.982 0.000  10.628 0.000 0.074 0.000  0.254 0.000
309.333333 310.333333   32.69 0.000  0.73 0.000 9.999 0.259000 9.99 0.259000  0.180 0.000  6.063 0.000  8.488 0.000  14.515 0.000   3.892 0.000  10.623 0.000 0.063 0.000  0.204 0.000
312.333333 313.333333   61.65 0.559  1.53 0.559 9.999 0.559259 9.99 0.559259  1.819 0.000  4.174 0.000  5.843 0.000  27.047 0.000  10.603 0.000  16.444 0.559 0.063 0.559  0.685 0.000
315.333333 316.333333   61.70 0.000  2.89 0.000 9.999 0.259000 9.99 0.259000  1.701 0.000  6.433 0.000  9.006 0.000  24.854 0.000   6.462 0.000  18.392 0.000 0.090 0.000  0.570 0.000
318.333333 319.333333   47.58 0.000  0.59 0.000 9.999 0.259000 9.99 0.259000  0.032 0.000  1.323 0.000  1.852 0.000   6.330 0.000   2.715 0.000   3.615 0.000 0.044 0.000  0.072 0.000
321.333333 322.333333   20.68 0.000  0.77 0.000 9.999 0.259000 9.99 0.259000  0.508 0.000  1.630 0.000  2.283 0.000   6.545 0.000   0.995 0.000   5.550 0.000 0.023 0.000  0.310 0.000
324.333333 325.333333   28.14 0.000  0.60 0.000 9.999 0.259000 9.99 0.259000  0.137 0.000  0.983 0.000  1.376 0.000   6.538 0.000   2.780 0.000   3.758 0.000 0.028 0.000  0.127 0.000
327.333333 328.333333   10.52 0.000  0.27 0.000 9.999 0.259000 9.99 0.259000  0.095 0.000  0.627 0.000  0.878 0.000   2.897 0.000   1.266 0.000   1.630 0.000 0.020 0.000  0.072 0.000
330.333333 331.333333   22.62 0.000  0.94 0.000 9.999 0.259000 9.99 0.259000  0.255 0.000  1.603 0.000  2.244 0.000   6.004 0.000   1.642 0.000   4.362 0.000 0.035 0.000  0.168 0.000
333.333333 334.333333   28.21 0.000  0.40 0.000 9.999 0.259000 0.05 0.000000  0.089 0.000  1.011 0.000  1.415 0.000   5.190 0.000   2.311 0.000   2.879 0.000 0.027 0.000  0.088 0.000
336.333333 337.333333   13.82 0.000  0.78 0.000 9.999 0.259000 9.99 0.259000  0.094 0.000  0.643 0.000  0.900 0.000   5.044 0.000   2.562 0.000   2.482 0.000 0.018 0.000  0.120 0.000
339.333333 340.333333    7.60 0.000  0.47 0.000 9.999 0.259000 9.99 0.259000  0.030 0.000  0.312 0.000  0.437 0.000   5.080 0.000   3.200 0.000   1.880 0.000 0.012 0.000  0.066 0.000
342.333333 343.333333   17.29 0.000  0.54 0.000 9.999 0.259000 9.99 0.259000  0.094 0.000  0.342 0.000  0.478 0.000   6.581 0.000   3.567 0.000   3.014 0.000 0.024 0.000  0.152 0.000
345.333333 346.333333   25.01 0.000  2.75 0.000 9.999 0.259000 0.13 0.000000  1.193 0.000  1.627 0.000  2.278 0.000  12.493 0.000   2.685 0.000   9.807 0.000 0.039 0.000  0.372 0.000
348.333333 349.333333   17.41 0.000  0.65 0.000 9.999 0.259000 9.99 0.259000  0.081 0.000  0.726 0.000  1.016 0.000   2.691 0.000   0.998 0.000   1.692 0.000 0.011 0.000  0.044 0.000
351.333333 352.333333   33.59 0.000  1.25 0.000 9.999 0.259000 9.99 0.259000  0.310 0.000  1.124 0.000  1.574 0.000   6.759 0.000   2.338 0.000   4.421 0.000 0.024 0.000  0.175 0.000
354.333333 355.333333   19.44 0.000  0.26 0.000 9.999 0.259000 9.99 0.259000  0.458 0.000  1.129 0.000  1.580 0.000   8.114 0.000   3.603 0.000   4.511 0.000 0.013 0.000  0.339 0.000
357.333333 358.333333   12.05 0.000  0.89 0.000 9.999 0.259000 9.99 0.259000  0.873 0.559  1.242 0.000  1.739 0.000   8.108 0.000   0.955 0.000   7.153 0.000 0.021 0.000  0.398 0.559
360.333333 361.333333 9999.99 0.999 99.99 0.999 9.999 0.999000 9.99 0.999000 99.999 0.999 99.999 0.999 99.999 0.999 999.999 0.999 999.999 0.999 999.999 0.999 9.999 0.999 99.999 0.999
363.333333 364.333333   14.06 0.699  0.89 0.699 9.999 0.699259 9.99 0.699259  1.782 0.000  1.779 0.000  2.490 0.000  16.338 0.000   1.447 0.000  14.890 0.699 0.024 0.699  0.887 0.000
