scripts/IMPROVE-2019_partial/data/US0098R.19980103080000.20191216000000.filterpack...1y.3d.US03L_filterpack_US0098.US03L_IMPROVE_Davis.lev2.nas
51 1001
MISSING INFORMATION
US03L, IMPROVE, , , , , , , 
MISSING INFORMATION
IMPROVE sel_HTAP
1 1
1998 01 01 2019 12 16
0
days from file reference point
4
1 1 1 1
999.999999 999.999 999.999 9.999
end_time of measurement, days from the file reference point
pm10_mass, ug/m3, Matrix=pm10
pm25_mass, ug/m3, Matrix=pm25
numflag, no unit
0
33
Data definition:              EBAS_1.1
Set type code:                TI
Timezone:                     UTC
File name:                    US0098R.19980103080000.20191216000000.filterpack...1y.3d.US03L_filterpack_US0098.US03L_IMPROVE_Davis.lev2.nas
File creation:                20191218120207
Startdate:                    19980103080000
Revision date:                20191216000000
Version:                      2
Version description:          "Data extracted from http://views.cira.colostate.edu/fed/DataWizard 2019-12-16"
Statistics:                   arithmetic mean
Data level:                   2
Period code:                  1y
Resolution code:              3d
Sample duration:              1d
Orig. time res.:              3d
Station code:                 US0098R
Platform code:                US0098S
Station name:                 Point Reyes National Seashore
Station latitude:             38.1224
Station longitude:            -122.9085
Station altitude:             97.0 m
Regime:                       IMG
Component:                    
Unit:                         ug/m3
Matrix:                       
Laboratory code:              US03L
Instrument type:              filterpack
Instrument name:              filterpack_US0098
Method ref:                   US03L_IMPROVE_Davis
Blank correction:             Blank corrected
Volume std. temperature:      ambient
Volume std. pressure:         ambient
starttime endtime PM10 PM2.5 flag
  2.333333   3.333333 999.999 999.999 0.999
  6.333333   7.333333 999.999 999.999 0.999
  9.333333  10.333333 999.999 999.999 0.999
 13.333333  14.333333 999.999 999.999 0.999
 16.333333  17.333333 999.999 999.999 0.999
 20.333333  21.333333  12.045   4.650 0.000
 23.333333  24.333333   7.788   4.528 0.000
 27.333333  28.333333  12.484   7.672 0.000
 30.333333  31.333333  13.927   6.429 0.000
 34.333333  35.333333  14.727   5.162 0.000
 37.333333  38.333333  17.473   8.393 0.000
 41.333333  42.333333  13.445   5.476 0.000
 44.333333  45.333333  15.254   5.828 0.000
 48.333333  49.333333  16.488   5.009 0.000
 51.333333  52.333333  10.476   4.179 0.000
 55.333333  56.333333  18.492   6.207 0.000
 58.333333  59.333333  10.841   4.325 0.000
 62.333333  63.333333   7.558   1.963 0.000
 65.333333  66.333333   8.918   5.696 0.000
 69.333333  70.333333  11.714   3.396 0.000
 72.333333  73.333333  27.287  10.904 0.000
 76.333333  77.333333 999.999 999.999 0.999
 79.333333  80.333333 999.999 999.999 0.999
 83.333333  84.333333 999.999 999.999 0.999
 86.333333  87.333333 999.999 999.999 0.999
 90.333333  91.333333  17.224   5.117 0.000
 93.333333  94.333333   5.844   2.967 0.000
 97.333333  98.333333  13.026   4.506 0.000
100.333333 101.333333  14.236   4.752 0.000
104.333333 105.333333 999.999 999.999 0.999
107.333333 108.333333 999.999 999.999 0.999
111.333333 112.333333 999.999 999.999 0.999
114.333333 115.333333 999.999 999.999 0.999
118.333333 119.333333  17.983   7.710 0.000
121.333333 122.333333  13.889   6.120 0.000
125.333333 126.333333  12.341   4.710 0.000
128.333333 129.333333  17.507   6.762 0.000
132.333333 133.333333  10.039   3.442 0.000
135.333333 136.333333  10.158   3.066 0.000
139.333333 140.333333  12.346   4.295 0.000
142.333333 143.333333  11.889   4.913 0.000
146.333333 147.333333   4.182   1.497 0.000
149.333333 150.333333  15.270   4.609 0.000
153.333333 154.333333  30.864  11.759 0.000
156.333333 157.333333  21.023  10.216 0.000
160.333333 161.333333  32.420  17.299 0.000
163.333333 164.333333  15.763   7.542 0.000
167.333333 168.333333 999.999 999.999 0.999
170.333333 171.333333 999.999 999.999 0.999
174.333333 175.333333   6.327   3.291 0.000
177.333333 178.333333  17.286   8.182 0.000
181.333333 182.333333  16.029   6.884 0.000
184.333333 185.333333  12.346   5.328 0.000
188.333333 189.333333   4.869   2.234 0.000
191.333333 192.333333  17.605   7.941 0.000
195.333333 196.333333  20.248   6.368 0.000
198.333333 199.333333  33.120  12.767 0.000
202.333333 203.333333   4.350   3.398 0.000
205.333333 206.333333   6.536   4.891 0.000
209.333333 210.333333   5.856   3.457 0.000
212.333333 213.333333  11.921   5.717 0.000
216.333333 217.333333  14.557   8.816 0.000
219.333333 220.333333  13.411   7.508 0.000
223.333333 224.333333   7.170   4.088 0.000
226.333333 227.333333  13.852   6.855 0.000
230.333333 231.333333 999.999 999.999 0.999
233.333333 234.333333 999.999 999.999 0.999
237.333333 238.333333 999.999 999.999 0.999
240.333333 241.333333 999.999 999.999 0.999
244.333333 245.333333   5.682   3.336 0.000
247.333333 248.333333  13.272   5.757 0.000
251.333333 252.333333  23.858  10.522 0.000
254.333333 255.333333  24.671  12.084 0.000
258.333333 259.333333   8.929   4.691 0.000
261.333333 262.333333  20.870   8.681 0.000
265.333333 266.333333  11.158   5.629 0.000
268.333333 269.333333  14.690   6.129 0.000
272.333333 273.333333   8.019   4.500 0.000
275.333333 276.333333  19.857   4.359 0.000
279.333333 280.333333  10.002   4.088 0.000
282.333333 283.333333  11.387   3.307 0.000
286.333333 287.333333  17.245   6.092 0.000
289.333333 290.333333  16.404   7.614 0.000
293.333333 294.333333  20.752   7.685 0.000
296.333333 297.333333  12.006   4.391 0.000
300.333333 301.333333 999.999 999.999 0.999
303.333333 304.333333  22.964  13.525 0.000
307.333333 308.333333  21.033  16.351 0.000
310.333333 311.333333  10.048   4.508 0.000
314.333333 315.333333   8.349   3.382 0.000
317.333333 318.333333  19.269  12.379 0.000
321.333333 322.333333  15.857   5.361 0.000
324.333333 325.333333   6.143   3.700 0.000
328.333333 329.333333 999.999 999.999 0.999
331.333333 332.333333  16.454   4.185 0.000
335.333333 336.333333 999.999 999.999 0.999
338.333333 339.333333  31.802  18.665 0.000
342.333333 343.333333 999.999 999.999 0.999
345.333333 346.333333 999.999 999.999 0.999
349.333333 350.333333  22.866   9.817 0.000
352.333333 353.333333  11.991   3.910 0.000
356.333333 357.333333   9.915   5.363 0.000
359.333333 360.333333   7.229   3.193 0.000
363.333333 364.333333  11.295   3.638 0.000
