scripts/IMPROVE-2019_partial/data/US0015R.20160101070000.20191216000000.filterpack...52w.3d.US03L_filterpack_US0015.US03L_IMPROVE_Davis.lev2.nas
51 1001
MISSING INFORMATION
US03L, IMPROVE, , , , , , , 
MISSING INFORMATION
IMPROVE sel_HTAP
1 1
2016 01 01 2019 12 16
3.000000
days from file reference point
4
1 1 1 1
999.999999 999.999 999.999 9.999
end_time of measurement, days from the file reference point
pm10_mass, ug/m3, Matrix=pm10
pm25_mass, ug/m3, Matrix=pm25
numflag, no unit
0
33
Data definition:              EBAS_1.1
Set type code:                TU
Timezone:                     UTC
File name:                    US0015R.20160101070000.20191216000000.filterpack...52w.3d.US03L_filterpack_US0015.US03L_IMPROVE_Davis.lev2.nas
File creation:                20191218115626
Startdate:                    20160101070000
Revision date:                20191216000000
Version:                      2
Version description:          "Data extracted from http://views.cira.colostate.edu/fed/DataWizard 2019-12-16"
Statistics:                   arithmetic mean
Data level:                   2
Period code:                  52w
Resolution code:              3d
Sample duration:              1d
Orig. time res.:              3d
Station code:                 US0015R
Platform code:                US0015S
Station name:                 Ike's Backbone
Station latitude:             34.3405
Station longitude:            -111.6832
Station altitude:             1297.0 m
Regime:                       IMG
Component:                    
Unit:                         ug/m3
Matrix:                       
Laboratory code:              US03L
Instrument type:              filterpack
Instrument name:              filterpack_US0015
Method ref:                   US03L_IMPROVE_Davis
Blank correction:             Blank corrected
Volume std. temperature:      ambient
Volume std. pressure:         ambient
starttime endtime PM10 PM2.5 flag
  0.291667   1.291667   5.161   2.456 0.000
  3.291667   4.291667   3.951   2.296 0.000
  6.291667   7.291667 999.999 999.999 0.999
  9.291667  10.291667 999.999 999.999 0.999
 12.291667  13.291667   1.178   0.738 0.000
 15.291667  16.291667   1.645   0.834 0.000
 18.291667  19.291667   2.505   1.080 0.000
 21.291667  22.291667   1.048   0.667 0.000
 24.291667  25.291667   1.133   0.799 0.000
 27.291667  28.291667   2.271   1.183 0.000
 30.291667  31.291667   7.738   2.059 0.000
 33.291667  34.291667 999.999 999.999 0.999
 36.291667  37.291667   1.352   0.578 0.000
 39.291667  40.291667   2.434   0.711 0.000
 42.291667  43.291667   2.942   1.244 0.000
 45.291667  46.291667   1.942   0.730 0.000
 48.291667  49.291667   7.278   1.941 0.000
 51.291667  52.291667   6.901   2.215 0.000
 54.291667  55.291667   3.031   1.454 0.000
 57.291667  58.291667   6.572   2.214 0.000
 60.291667  61.291667   6.091   2.597 0.000
 63.291667  64.291667  11.135   4.346 0.000
 66.291667  67.291667  22.172   5.542 0.000
 69.291667  70.291667   5.385   1.575 0.000
 72.291667  73.291667  13.641   3.148 0.000
 75.291667  76.291667  11.673   4.875 0.000
 78.291667  79.291667   6.996   2.529 0.000
 81.291667  82.291667  22.761   5.290 0.000
 84.291667  85.291667   9.893   2.521 0.000
 87.291667  88.291667  18.361   4.792 0.000
 90.291667  91.291667   4.785   1.721 0.000
 93.291667  94.291667   4.620   1.577 0.000
 96.291667  97.291667   6.938   2.236 0.000
 99.291667 100.291667   3.957   2.041 0.000
102.291667 103.291667   2.493   1.575 0.000
105.291667 106.291667  26.476   6.863 0.000
108.291667 109.291667   2.441   1.074 0.000
111.291667 112.291667   7.761   3.120 0.000
114.291667 115.291667   5.538   1.445 0.000
117.291667 118.291667  13.896   3.748 0.000
120.291667 121.291667   6.981   2.518 0.000
123.291667 124.291667   4.332   2.364 0.000
126.291667 127.291667  11.028   3.506 0.000
129.291667 130.291667   4.292   1.967 0.000
132.291667 133.291667   6.676   2.938 0.000
135.291667 136.291667   6.342   2.295 0.000
138.291667 139.291667   4.259   2.247 0.000
141.291667 142.291667  16.171   3.789 0.000
144.291667 145.291667  13.466   4.736 0.000
147.291667 148.291667  15.389   5.440 0.000
150.291667 151.291667   9.457   3.284 0.000
153.291667 154.291667  15.998   5.954 0.000
156.291667 157.291667  13.223   7.289 0.000
159.291667 160.291667  20.336   7.733 0.000
162.291667 163.291667  12.472   7.191 0.000
165.291667 166.291667   6.617   2.180 0.000
168.291667 169.291667   7.986   2.494 0.000
171.291667 172.291667  16.181   6.420 0.000
174.291667 175.291667  21.252   6.872 0.000
177.291667 178.291667  17.063   5.645 0.000
180.291667 181.291667   7.769   3.002 0.000
183.291667 184.291667   6.544   2.941 0.000
186.291667 187.291667   8.331   3.484 0.000
189.291667 190.291667   8.373   3.173 0.000
192.291667 193.291667  11.945   3.181 0.000
195.291667 196.291667  10.044   3.489 0.000
198.291667 199.291667  14.284   3.910 0.000
201.291667 202.291667   7.258   3.715 0.000
204.291667 205.291667   7.959   3.438 0.000
207.291667 208.291667   6.480   3.221 0.000
210.291667 211.291667  10.892   4.754 0.000
213.291667 214.291667  15.854   3.757 0.000
216.291667 217.291667   5.618   2.978 0.000
219.291667 220.291667   6.515   3.798 0.000
222.291667 223.291667   9.496   3.249 0.000
225.291667 226.291667   5.885   3.069 0.000
228.291667 229.291667   7.179   3.516 0.000
231.291667 232.291667   5.649   3.805 0.000
234.291667 235.291667  62.138  10.316 0.000
237.291667 238.291667   8.713   4.697 0.000
240.291667 241.291667   3.977   2.164 0.000
243.291667 244.291667 999.999 999.999 0.999
246.291667 247.291667  10.470   4.072 0.000
249.291667 250.291667   9.082   2.736 0.000
252.291667 253.291667   8.391   3.058 0.000
255.291667 256.291667   7.549   2.742 0.000
258.291667 259.291667   7.577   2.149 0.000
261.291667 262.291667   8.171   4.947 0.000
264.291667 265.291667   8.901   5.381 0.000
267.291667 268.291667   9.294   3.300 0.000
270.291667 271.291667   4.248   1.973 0.000
273.291667 274.291667   2.781   1.609 0.000
276.291667 277.291667   9.679   3.147 0.000
279.291667 280.291667   8.866   3.229 0.000
282.291667 283.291667   4.502   2.319 0.000
285.291667 286.291667   5.998   2.000 0.000
288.291667 289.291667   8.249   2.546 0.000
291.291667 292.291667  10.415   2.678 0.000
294.291667 295.291667  15.982   4.399 0.000
297.291667 298.291667  11.402   4.452 0.000
300.291667 301.291667   5.890   2.583 0.000
303.291667 304.291667   5.454   2.156 0.000
306.291667 307.291667   7.316   3.067 0.000
309.291667 310.291667   2.259   1.537 0.000
312.291667 313.291667   4.190   2.588 0.000
315.291667 316.291667   3.427   2.120 0.000
318.291667 319.291667   3.865   2.140 0.000
321.291667 322.291667   9.355   1.970 0.000
324.291667 325.291667   8.273   2.267 0.000
327.291667 328.291667   3.195   2.227 0.000
330.291667 331.291667  10.427   3.054 0.000
333.291667 334.291667   1.904   0.892 0.000
336.291667 337.291667   3.300   1.748 0.000
339.291667 340.291667   4.077   2.017 0.000
342.291667 343.291667   8.716   3.647 0.000
345.291667 346.291667   5.220   2.295 0.000
348.291667 349.291667   3.109   1.532 0.000
351.291667 352.291667  14.376   2.559 0.000
354.291667 355.291667   4.352   1.779 0.000
357.291667 358.291667   0.792   0.361 0.000
360.291667 361.291667   2.697   1.947 0.000
363.291667 364.291667   3.736   1.599 0.000
