scripts/IMPROVE-2019_partial/data/US0067R.20150103060000.20191216000000.filterpack...10mo.3d.US03L_filterpack_US0067.US03L_IMPROVE_Davis.lev2.nas
52 1001
MISSING INFORMATION
US03L, IMPROVE, , , , , , , 
MISSING INFORMATION
IMPROVE sel_HTAP
1 1
2015 01 01 2019 12 16
3.00
days from file reference point
5
1 1 1 1 1
999.99 999.999 9.999 999.999 9.999
end_time of measurement, days from the file reference point
pm10_mass, ug/m3, Matrix=pm10
numflag pm10_mass, no unit, Matrix=pm10
pm25_mass, ug/m3, Matrix=pm25
numflag pm25_mass, no unit, Matrix=pm25
0
33
Data definition:              EBAS_1.1
Set type code:                TU
Timezone:                     UTC
File name:                    US0067R.20150103060000.20191216000000.filterpack...10mo.3d.US03L_filterpack_US0067.US03L_IMPROVE_Davis.lev2.nas
File creation:                20191218115950
Startdate:                    20150103060000
Revision date:                20191216000000
Version:                      2
Version description:          "Data extracted from http://views.cira.colostate.edu/fed/DataWizard 2019-12-16"
Statistics:                   arithmetic mean
Data level:                   2
Period code:                  10mo
Resolution code:              3d
Sample duration:              1d
Orig. time res.:              3d
Station code:                 US0067R
Platform code:                US0067S
Station name:                 Ellis
Station latitude:             36.0853
Station longitude:            -99.9354
Station altitude:             697.0 m
Regime:                       IMG
Component:                    
Unit:                         ug/m3
Matrix:                       
Laboratory code:              US03L
Instrument type:              filterpack
Instrument name:              filterpack_US0067
Method ref:                   US03L_IMPROVE_Davis
Blank correction:             Blank corrected
Volume std. temperature:      ambient
Volume std. pressure:         ambient
starttime endtime PM10 flag_PM10 PM2.5 flag_PM2.5
  2.25   3.25  10.404 0.000   6.775 0.000
  5.25   6.25   7.751 0.000   3.140 0.000
  8.25   9.25   8.066 0.000   2.428 0.000
 11.25  12.25  12.374 0.000   8.033 0.000
 14.25  15.25   9.952 0.000   5.471 0.000
 17.25  18.25  10.975 0.000   1.979 0.000
 20.25  21.25   3.246 0.000   0.808 0.000
 23.25  24.25   2.409 0.000   0.868 0.000
 26.25  27.25   4.664 0.000   1.027 0.000
 29.25  30.25   9.434 0.000   2.902 0.000
 32.25  33.25   4.300 0.000   1.984 0.000
 35.25  36.25   8.718 0.000   4.964 0.000
 38.25  39.25  11.640 0.000   2.201 0.000
 41.25  42.25  16.184 0.000   8.904 0.000
 44.25  45.25  14.895 0.000   2.553 0.000
 47.25  48.25   6.752 0.000   2.393 0.000
 50.25  51.25  17.721 0.000  11.804 0.000
 53.25  54.25   7.646 0.000   4.413 0.000
 56.25  57.25 999.999 0.999 999.999 0.999
 59.25  60.25 999.999 0.999 999.999 0.999
 62.25  63.25   7.346 0.000   3.220 0.000
 65.25  66.25   4.709 0.000   2.359 0.000
 68.25  69.25  14.592 0.000   5.543 0.000
 71.25  72.25  20.586 0.000   7.348 0.000
 74.25  75.25  10.474 0.000   2.743 0.000
 77.25  78.25  10.939 0.000   8.623 0.000
 80.25  81.25   6.991 0.000   3.268 0.000
 83.25  84.25  20.399 0.000   6.047 0.000
 86.25  87.25  18.076 0.000   3.405 0.000
 89.25  90.25  22.079 0.000   7.774 0.000
 92.25  93.25  68.162 0.000   7.024 0.000
 95.25  96.25  38.712 0.000   8.088 0.000
 98.25  99.25  26.666 0.000   4.045 0.000
101.25 102.25  11.266 0.000   7.234 0.000
104.25 105.25   6.994 0.000   2.169 0.000
107.25 108.25   6.913 0.000   2.439 0.000
110.25 111.25   8.054 0.000   3.536 0.000
113.25 114.25  18.067 0.000   4.028 0.000
116.25 117.25   4.261 0.000   3.340 0.000
119.25 120.25   9.866 0.000   4.144 0.000
122.25 123.25  12.540 0.000   5.945 0.000
125.25 126.25 999.999 0.456   5.030 0.000
128.25 129.25 999.999 0.456   2.130 0.000
131.25 132.25   8.345 0.000   3.181 0.000
134.25 135.25   8.941 0.000   4.505 0.000
137.25 138.25   8.595 0.000   2.096 0.000
140.25 141.25   3.177 0.000   1.837 0.000
143.25 144.25   4.379 0.000   2.342 0.000
146.25 147.25  11.997 0.000   6.393 0.000
149.25 150.25   6.151 0.000   2.923 0.000
152.25 153.25  12.617 0.000   5.511 0.000
155.25 156.25  12.569 0.000   6.235 0.000
158.25 159.25   7.051 0.000   2.986 0.000
161.25 162.25  14.664 0.000   5.804 0.000
164.25 165.25   6.146 0.000   2.926 0.000
167.25 168.25  11.521 0.000   5.698 0.000
170.25 171.25  16.665 0.000   6.834 0.000
173.25 174.25 999.999 0.456  32.053 0.000
176.25 177.25  16.566 0.000   5.869 0.000
179.25 180.25  17.964 0.000   5.361 0.000
182.25 183.25  23.448 0.000   7.350 0.000
185.25 186.25  20.422 0.000   9.611 0.000
188.25 189.25  15.616 0.000  12.538 0.000
191.25 192.25  22.286 0.000  10.607 0.000
194.25 195.25  24.339 0.000   9.952 0.000
197.25 198.25  17.274 0.000   7.257 0.000
200.25 201.25  13.238 0.000   5.677 0.000
203.25 204.25  17.774 0.000   9.063 0.000
206.25 207.25  16.571 0.000   8.469 0.000
209.25 210.25  22.182 0.000   6.774 0.000
212.25 213.25  11.504 0.000   6.589 0.000
215.25 216.25  12.578 0.000   7.145 0.000
218.25 219.25  19.979 0.000   9.558 0.000
221.25 222.25  15.772 0.000   7.982 0.000
224.25 225.25  18.054 0.000   7.500 0.000
227.25 228.25  20.867 0.000  13.444 0.000
230.25 231.25 999.999 0.456 999.999 0.456
233.25 234.25 999.999 0.456 999.999 0.456
236.25 237.25  21.527 0.000  10.335 0.000
239.25 240.25 999.999 0.456 999.999 0.456
242.25 243.25 999.999 0.456 999.999 0.456
245.25 246.25  15.171 0.000   4.317 0.000
248.25 249.25  17.787 0.000   8.690 0.000
251.25 252.25  10.258 0.000   4.697 0.000
254.25 255.25  11.353 0.000   4.680 0.000
257.25 258.25  16.307 0.000   5.378 0.000
260.25 261.25  21.032 0.000   5.555 0.000
263.25 264.25  12.260 0.000   8.463 0.000
266.25 267.25  16.641 0.000   9.386 0.000
269.25 270.25  15.833 0.000  10.573 0.000
272.25 273.25  21.048 0.000   8.845 0.000
275.25 276.25   8.209 0.000   3.212 0.000
278.25 279.25 999.999 0.999 999.999 0.999
281.25 282.25 999.999 0.999 999.999 0.999
284.25 285.25 999.999 0.999 999.999 0.999
287.25 288.25 999.999 0.999 999.999 0.999
290.25 291.25 999.999 0.999 999.999 0.999
