scripts/IMPROVE-2019_partial/data/US0070R.19910102080000.20191216000000.filterpack...1y.3d.US03L_filterpack_US0070.US03L_IMPROVE_Davis.lev2.nas
52 1001
MISSING INFORMATION
US03L, IMPROVE, , , , , , , 
MISSING INFORMATION
IMPROVE sel_HTAP
1 1
1991 01 01 2019 12 16
0
days from file reference point
5
1 1 1 1 1
999.999999 999.999 9.999 99.999 9.999999
end_time of measurement, days from the file reference point
pm10_mass, ug/m3, Matrix=pm10
numflag pm10_mass, no unit, Matrix=pm10
pm25_mass, ug/m3, Matrix=pm25
numflag pm25_mass, no unit, Matrix=pm25
0
33
Data definition:              EBAS_1.1
Set type code:                TI
Timezone:                     UTC
File name:                    US0070R.19910102080000.20191216000000.filterpack...1y.3d.US03L_filterpack_US0070.US03L_IMPROVE_Davis.lev2.nas
File creation:                20191218120008
Startdate:                    19910102080000
Revision date:                20191216000000
Version:                      2
Version description:          "Data extracted from http://views.cira.colostate.edu/fed/DataWizard 2019-12-16"
Statistics:                   arithmetic mean
Data level:                   2
Period code:                  1y
Resolution code:              3d
Sample duration:              1d
Orig. time res.:              3d
Station code:                 US0070R
Platform code:                US0070S
Station name:                 Crater Lake NP
Station latitude:             42.8958
Station longitude:            -122.1361
Station altitude:             1996.0 m
Regime:                       IMG
Component:                    
Unit:                         ug/m3
Matrix:                       
Laboratory code:              US03L
Instrument type:              filterpack
Instrument name:              filterpack_US0070
Method ref:                   US03L_IMPROVE_Davis
Blank correction:             Blank corrected
Volume std. temperature:      ambient
Volume std. pressure:         ambient
starttime endtime PM10 flag_PM10 PM2.5 flag_PM2.5
  1.333333   2.333333   4.024 0.000  1.503 0.559000
  4.333333   5.333333   3.293 0.000 99.999 0.559259
  8.333333   9.333333 999.999 0.999 99.999 0.999000
 11.333333  12.333333 999.999 0.999 99.999 0.999000
 15.333333  16.333333 999.999 0.999 99.999 0.999000
 18.333333  19.333333 999.999 0.999 99.999 0.999000
 22.333333  23.333333 999.999 0.999 99.999 0.999000
 25.333333  26.333333 999.999 0.999 99.999 0.999000
 29.333333  30.333333 999.999 0.999 99.999 0.999000
 32.333333  33.333333 999.999 0.999 99.999 0.999000
 36.333333  37.333333   1.833 0.000  1.687 0.559000
 39.333333  40.333333   7.298 0.000  4.815 0.559000
 43.333333  44.333333   1.215 0.000  1.000 0.559000
 46.333333  47.333333 999.999 0.999  0.515 0.559000
 50.333333  51.333333   4.491 0.000  2.165 0.559000
 53.333333  54.333333  13.206 0.000  5.122 0.559000
 57.333333  58.333333   9.758 0.000  4.006 0.559000
 60.333333  61.333333   1.371 0.000  1.242 0.559000
 64.333333  65.333333   2.055 0.000  1.169 0.559000
 67.333333  68.333333   6.102 0.000  2.954 0.559000
 71.333333  72.333333   1.883 0.000  1.049 0.559000
 74.333333  75.333333   5.402 0.000  2.744 0.559000
 78.333333  79.333333 999.999 0.999  6.136 0.559000
 81.333333  82.333333   8.259 0.000  7.119 0.559000
 85.333333  86.333333   7.882 0.000  4.123 0.559000
 88.333333  89.333333  15.242 0.000  7.955 0.559000
 92.333333  93.333333 999.999 0.999 99.999 0.999000
 95.333333  96.333333 999.999 0.999 99.999 0.999000
 99.333333 100.333333 999.999 0.999 99.999 0.999000
102.333333 103.333333 999.999 0.999 99.999 0.999000
106.333333 107.333333  10.039 0.000  4.431 0.559000
109.333333 110.333333   8.417 0.000  2.948 0.559000
113.333333 114.333333 999.999 0.999  0.876 0.559000
116.333333 117.333333   4.414 0.000  2.810 0.559000
120.333333 121.333333  14.213 0.000  6.378 0.559000
123.333333 124.333333  18.135 0.000  9.684 0.559000
127.333333 128.333333   3.977 0.000  2.132 0.559000
130.333333 131.333333   4.286 0.000  1.802 0.559000
134.333333 135.333333  11.260 0.000  3.423 0.559000
137.333333 138.333333   4.713 0.000  0.571 0.559000
141.333333 142.333333  16.873 0.000  4.953 0.559000
144.333333 145.333333   8.008 0.000  4.587 0.559000
148.333333 149.333333   6.887 0.000  4.847 0.559000
151.333333 152.333333   7.960 0.000  2.818 0.559000
155.333333 156.333333  13.939 0.000  5.921 0.559000
158.333333 159.333333   9.392 0.000  2.060 0.559000
162.333333 163.333333   8.962 0.000  1.988 0.559000
165.333333 166.333333   6.932 0.000  2.866 0.559000
169.333333 170.333333   4.196 0.000  2.096 0.559000
172.333333 173.333333   9.492 0.000  3.675 0.559000
176.333333 177.333333   8.308 0.000  3.167 0.559000
179.333333 180.333333   8.459 0.000  1.994 0.559000
183.333333 184.333333  16.768 0.000  5.976 0.559000
186.333333 187.333333  12.316 0.000  6.276 0.559000
190.333333 191.333333   9.533 0.000  4.655 0.559000
193.333333 194.333333  14.147 0.000  3.694 0.559000
197.333333 198.333333  14.855 0.000  2.160 0.559000
200.333333 201.333333  13.643 0.000  4.024 0.559000
204.333333 205.333333   7.963 0.000 99.999 0.559259
207.333333 208.333333   5.735 0.000 99.999 0.559259
211.333333 212.333333  11.934 0.000  3.855 0.559000
214.333333 215.333333  14.037 0.000  6.557 0.559000
218.333333 219.333333  12.482 0.000  4.006 0.559000
221.333333 222.333333   9.373 0.000 99.999 0.559259
225.333333 226.333333  21.331 0.000  5.257 0.559000
228.333333 229.333333  13.106 0.000  4.740 0.559000
232.333333 233.333333  12.920 0.000  4.394 0.559000
235.333333 236.333333   9.114 0.000  4.252 0.559000
239.333333 240.333333   4.943 0.000  1.522 0.559000
242.333333 243.333333   7.647 0.000  2.351 0.559000
246.333333 247.333333  10.852 0.000 99.999 0.559259
249.333333 250.333333   5.206 0.000 99.999 0.559259
253.333333 254.333333  16.481 0.000  5.347 0.559000
256.333333 257.333333   5.889 0.000  2.326 0.559000
260.333333 261.333333  21.655 0.000  5.194 0.559000
263.333333 264.333333   8.321 0.000  2.348 0.559000
267.333333 268.333333 999.999 0.999 99.999 0.999000
270.333333 271.333333 999.999 0.999 99.999 0.999000
274.333333 275.333333 999.999 0.999 99.999 0.999000
277.333333 278.333333 999.999 0.999 99.999 0.999000
281.333333 282.333333 999.999 0.999 99.999 0.999000
284.333333 285.333333 999.999 0.999 99.999 0.999000
288.333333 289.333333 999.999 0.999 99.999 0.999000
291.333333 292.333333 999.999 0.999 99.999 0.999000
295.333333 296.333333 999.999 0.999 99.999 0.999000
298.333333 299.333333 999.999 0.999 99.999 0.999000
302.333333 303.333333 999.999 0.999 99.999 0.999000
305.333333 306.333333 999.999 0.999 99.999 0.999000
309.333333 310.333333 999.999 0.999 99.999 0.999000
312.333333 313.333333 999.999 0.999 99.999 0.999000
316.333333 317.333333 999.999 0.999 99.999 0.999000
319.333333 320.333333 999.999 0.999 99.999 0.999000
323.333333 324.333333 999.999 0.999 99.999 0.999000
326.333333 327.333333 999.999 0.999 99.999 0.999000
330.333333 331.333333 999.999 0.999 99.999 0.999000
333.333333 334.333333 999.999 0.999 99.999 0.999000
337.333333 338.333333 999.999 0.999 99.999 0.999000
340.333333 341.333333 999.999 0.999 99.999 0.999000
344.333333 345.333333 999.999 0.999 99.999 0.999000
347.333333 348.333333 999.999 0.999 99.999 0.999000
351.333333 352.333333   2.918 0.000  0.435 0.559000
354.333333 355.333333  22.066 0.000  0.909 0.559000
358.333333 359.333333 999.999 0.999  1.551 0.559000
361.333333 362.333333 999.999 0.999  2.293 0.559000
