scripts/IMPROVE-2019_partial/data/US0096R.20020102070000.20191216000000.filterpack..pm25.52w.1w.US03L_filterpack_US0096.US03L_IMPROVE_Davis.lev2.nas
66 1001
MISSING INFORMATION
US03L, IMPROVE, , , , , , , 
MISSING INFORMATION
IMPROVE sel_HTAP
1 1
2002 01 01 2019 12 16
3.000000
days from file reference point
27
1 1 1 1 1 1 1 1 1 1 1 1 1 1 1 1 1 1 1 1 1 1 1 1 1 1 1
999.999999 9999.99 9.999 999.99 9.999 9.999 9.999999 9.99 9.999999 99.999 9.999 99.999 9.999 99.999 9.999 999.99 9.999999 999.999 9.999 999.999 9.999 999.999 9.999 9.999 9.999 9.999 9.999
end_time of measurement, days from the file reference point
iron, ng/m3, Revision date=20181210133000
numflag iron, no unit, Revision date=20181210133000
lead, ng/m3, Revision date=20181210133000
numflag lead, no unit, Revision date=20181210133000
magnesium, ug/m3, Revision date=20181210133000
numflag magnesium, no unit, Revision date=20181210133000
nickel, ng/m3, Revision date=20181210133000
numflag nickel, no unit, Revision date=20181210133000
nitrate, ug N/m3, Revision date=20181210133000
numflag nitrate, no unit, Revision date=20181210133000
organic_carbon, ug C/m3, Revision date=20181210133000
numflag organic_carbon, no unit, Revision date=20181210133000
organic_mass, ug/m3, Revision date=20181210133000
numflag organic_mass, no unit, Revision date=20181210133000
phosphorus, ng/m3, Revision date=20181210133000
numflag phosphorus, no unit, Revision date=20181210133000
pm10_mass, ug/m3, Version=2, Version description=Data extracted from http://views.cira.colostate.edu/fed/DataWizard 2019-12-16, Sample duration=1d, Orig. time res.=3d, Matrix=pm10, Blank correction=Blank corrected, Volume std. temperature=ambient, Volume std. pressure=ambient
numflag pm10_mass, no unit, Version=2, Version description=Data extracted from http://views.cira.colostate.edu/fed/DataWizard 2019-12-16, Sample duration=1d, Orig. time res.=3d, Matrix=pm10, Blank correction=Blank corrected, Volume std. temperature=ambient, Volume std. pressure=ambient
pm10_pm25_mass, ug/m3, Revision date=20181210133000, Matrix=pm10_pm25
numflag pm10_pm25_mass, no unit, Revision date=20181210133000, Matrix=pm10_pm25
pm25_mass, ug/m3, Version=2, Version description=Data extracted from http://views.cira.colostate.edu/fed/DataWizard 2019-12-16, Sample duration=1d, Orig. time res.=3d, Blank correction=Blank corrected, Volume std. temperature=ambient, Volume std. pressure=ambient
numflag pm25_mass, no unit, Version=2, Version description=Data extracted from http://views.cira.colostate.edu/fed/DataWizard 2019-12-16, Sample duration=1d, Orig. time res.=3d, Blank correction=Blank corrected, Volume std. temperature=ambient, Volume std. pressure=ambient
potassium, ug/m3, Revision date=20181210133000
numflag potassium, no unit, Revision date=20181210133000
sulphate_total, ug S/m3, Revision date=20181210133000
numflag sulphate_total, no unit, Revision date=20181210133000
0
25
Data definition:              EBAS_1.1
Set type code:                TU
Timezone:                     UTC
File name:                    US0096R.20020102070000.20191216000000.filterpack..pm25.52w.1w.US03L_filterpack_US0096.US03L_IMPROVE_Davis.lev2.nas
File creation:                20191218120154
Startdate:                    20020102070000
Revision date:                20191216000000
Statistics:                   arithmetic mean
Data level:                   2
Period code:                  52w
Resolution code:              1w
Station code:                 US0096R
Platform code:                US0096S
Station name:                 Queen Valley
Station latitude:             33.2939
Station longitude:            -111.2858
Station altitude:             661.0 m
Regime:                       IMG
Component:                    
Matrix:                       pm25
Laboratory code:              US03L
Instrument type:              filterpack
Instrument name:              filterpack_US0096
Method ref:                   US03L_IMPROVE_Davis
starttime endtime Fe flag_Fe Pb flag_Pb Mg++ flag_Mg++ Ni flag_Ni NO3- flag_NO3- OC flag_OC OM flag_OM P flag_P PM10 flag_PM10 PM10-PM2.5 flag_PM10-PM2.5 PM2.5 flag_PM2.5 K+ flag_K+ SO4-- flag_SO4--
[from data line 81]
244.291667 245.291667   46.88 0.000   2.65 0.000 9.999 0.259000 0.20 0.000000  0.040 0.000  0.898 0.000  1.257 0.000 999.99 0.259000  12.500 0.000   6.877 0.000   5.623 0.000 0.066 0.000 0.589 0.000
247.291667 248.291667  193.34 0.000   3.66 0.000 0.068 0.000000 0.12 0.000000  0.058 0.000  1.124 0.000  1.574 0.000 999.99 0.259000  37.190 0.000  27.132 0.000  10.059 0.000 0.151 0.000 0.901 0.000
250.291667 251.291667   32.94 0.000   1.04 0.000 9.999 0.259000 0.21 0.000000  0.148 0.000  0.761 0.000  1.066 0.000 999.99 0.259000   8.158 0.000   3.202 0.000   4.956 0.000 0.032 0.000 0.679 0.000
253.291667 254.291667   35.14 0.000  15.35 0.000 0.030 0.000000 9.99 0.259000  0.023 0.000  0.384 0.000  0.537 0.000 999.99 0.259000   5.652 0.000   2.468 0.000   3.184 0.000 0.029 0.000 0.355 0.000
256.291667 257.291667   14.82 0.000   1.28 0.000 9.999 0.259000 9.99 0.259000  0.012 0.000  0.489 0.000  0.685 0.000 999.99 0.259000   4.914 0.000   2.447 0.000   2.467 0.000 0.011 0.000 0.267 0.000
259.291667 260.291667  136.28 0.000   1.30 0.000 9.999 0.259000 9.99 0.259000  0.056 0.000  0.483 0.000  0.676 0.000 999.99 0.259000  28.464 0.000  21.520 0.000   6.944 0.000 0.111 0.000 0.601 0.000
262.291667 263.291667   90.73 0.000   3.17 0.000 0.019 0.000000 9.99 0.259000  0.090 0.000  0.532 0.000  0.745 0.000  26.68 0.000000  17.666 0.000  12.918 0.000   4.748 0.000 0.062 0.000 0.310 0.000
265.291667 266.291667   58.31 0.000   7.88 0.000 9.999 0.259000 9.99 0.259000  0.019 0.000  0.648 0.000  0.907 0.000 999.99 0.259000  14.254 0.000  10.366 0.000   3.889 0.000 0.043 0.000 0.270 0.000
268.291667 269.291667  111.52 0.000   3.73 0.000 9.999 0.259000 0.31 0.000000  0.031 0.000  1.012 0.000  1.417 0.000 999.99 0.259000  15.665 0.000   9.364 0.000   6.301 0.000 0.098 0.000 0.465 0.000
271.291667 272.291667   79.87 0.000   2.05 0.000 9.999 0.259000 9.99 0.259000  0.048 0.000  0.537 0.000  0.752 0.000 999.99 0.259000  19.057 0.000  14.510 0.000   4.547 0.000 0.067 0.000 0.413 0.000
274.291667 275.291667  171.63 0.000   0.85 0.000 0.042 0.000000 0.24 0.000000  0.093 0.000  0.704 0.000  0.985 0.000 999.99 0.259000  27.209 0.000  20.634 0.000   6.576 0.000 0.129 0.000 0.312 0.000
277.291667 278.291667  109.52 0.000   4.08 0.000 0.045 0.000000 9.99 0.259000  0.047 0.000  0.924 0.000  1.293 0.000 999.99 0.259000  16.013 0.000  11.281 0.000   4.732 0.000 0.078 0.000 0.208 0.000
280.291667 281.291667   35.30 0.000   8.69 0.000 9.999 0.259000 9.99 0.259000  0.015 0.000  0.599 0.000  0.839 0.000 999.99 0.259000   9.550 0.000   6.570 0.000   2.981 0.000 0.030 0.000 0.218 0.000
283.291667 284.291667  124.35 0.000   5.79 0.000 9.999 0.259000 0.09 0.000000  0.026 0.000  0.793 0.000  1.111 0.000 999.99 0.259000  17.688 0.000  12.301 0.000   5.387 0.000 0.081 0.000 0.303 0.000
286.291667 287.291667   72.74 0.000   3.54 0.000 9.999 0.259000 9.99 0.259000  0.022 0.000  1.261 0.000  1.765 0.000 999.99 0.259000  17.464 0.000  11.384 0.000   6.080 0.000 0.053 0.000 0.485 0.000
289.291667 290.291667  108.98 0.000   0.85 0.000 9.999 0.259000 0.40 0.000000  0.087 0.000  0.500 0.000  0.701 0.000 999.99 0.259000  19.369 0.000  14.053 0.000   5.316 0.000 0.086 0.000 0.344 0.000
292.291667 293.291667   85.17 0.000  15.09 0.000 0.031 0.000000 0.05 0.000000  0.075 0.000  0.616 0.000  0.862 0.000 999.99 0.259000  17.169 0.000  10.101 0.000   7.069 0.000 0.066 0.000 0.863 0.000
295.291667 296.291667   91.58 0.000   1.32 0.000 0.017 0.000000 0.36 0.000000  0.134 0.000  0.686 0.000  0.960 0.000 999.99 0.259000  20.506 0.000  14.272 0.000   6.235 0.000 0.071 0.000 0.620 0.000
298.291667 299.291667   58.21 0.000   1.67 0.000 9.999 0.259000 0.19 0.000000  0.081 0.000  0.538 0.000  0.753 0.000 999.99 0.259000  12.985 0.000   8.355 0.000   4.630 0.000 0.058 0.000 0.447 0.000
301.291667 302.291667   45.81 0.000   2.62 0.000 9.999 0.259000 0.10 0.000000  0.094 0.000  0.576 0.000  0.806 0.000 999.99 0.259000  10.898 0.000   6.999 0.000   3.899 0.000 0.037 0.000 0.335 0.000
304.291667 305.291667   83.13 0.000   2.63 0.000 9.999 0.259000 0.13 0.000000  0.084 0.000  0.715 0.000  1.002 0.000 999.99 0.259000  18.750 0.000  13.092 0.000   5.658 0.000 0.068 0.000 0.487 0.000
307.291667 308.291667   95.73 0.000   3.17 0.000 9.999 0.259000 0.11 0.000000  0.135 0.000  0.891 0.000  1.247 0.000 999.99 0.259000  18.203 0.000  13.088 0.000   5.115 0.000 0.071 0.000 0.310 0.000
310.291667 311.291667  133.35 0.000   3.26 0.000 9.999 0.259000 0.29 0.000000  0.040 0.000  0.697 0.000  0.976 0.000 999.99 0.259000  17.258 0.000  12.311 0.000   4.947 0.000 0.085 0.000 0.245 0.000
313.291667 314.291667   75.54 0.000   0.90 0.000 9.999 0.259000 9.99 0.259000  0.045 0.000  0.524 0.000  0.733 0.000 999.99 0.259000  16.848 0.000  14.125 0.000   2.723 0.000 0.051 0.000 0.103 0.000
316.291667 317.291667   81.99 0.000   1.70 0.000 9.999 0.259000 0.15 0.000000  0.030 0.000  0.493 0.000  0.691 0.000 999.99 0.259000  13.117 0.000   9.584 0.000   3.534 0.000 0.061 0.000 0.201 0.000
319.291667 320.291667   28.37 0.000   8.71 0.000 0.020 0.000000 0.05 0.000000  0.013 0.559  0.436 0.000  0.611 0.000 999.99 0.259000   6.092 0.000   3.767 0.000   2.325 0.000 0.025 0.000 0.198 0.559
322.291667 323.291667   33.62 0.000   3.00 0.000 9.999 0.259000 9.99 0.259000  0.022 0.000  1.062 0.000  1.487 0.000 999.99 0.259000   7.018 0.000   3.275 0.000   3.743 0.000 0.027 0.000 0.182 0.000
325.291667 326.291667   76.02 0.000   9.09 0.000 9.999 0.259000 9.99 0.259000  0.015 0.000  0.704 0.000  0.986 0.000 999.99 0.259000   7.635 0.000   4.255 0.000   3.380 0.000 0.056 0.000 0.164 0.000
328.291667 329.291667  134.24 0.000   6.64 0.000 9.999 0.259000 9.99 0.259000  0.213 0.000  0.786 0.000  1.101 0.000 999.99 0.259000  21.701 0.000  16.127 0.000   5.574 0.000 0.092 0.000 0.254 0.000
331.291667 332.291667   59.13 0.000   8.87 0.000 0.023 0.000000 0.15 0.000000  0.035 0.000  0.886 0.000  1.240 0.000 999.99 0.259000  13.726 0.000   8.145 0.000   5.581 0.000 0.052 0.000 0.609 0.000
334.291667 335.291667   10.36 0.000   1.07 0.000 0.041 0.000000 9.99 0.259000  0.066 0.000  0.587 0.000  0.822 0.000 999.99 0.259000   3.023 0.000   1.123 0.000   1.900 0.000 0.013 0.000 0.230 0.000
337.291667 338.291667   46.66 0.000   4.03 0.000 9.999 0.259000 0.13 0.000000  3.975 0.000  1.494 0.000  2.092 0.000 999.99 0.259000  27.818 0.000   2.735 0.000  25.082 0.000 0.020 0.000 0.464 0.000
340.291667 341.291667   22.06 0.000   4.49 0.000 0.020 0.000000 0.10 0.000000  0.220 0.000  0.871 0.000  1.220 0.000 999.99 0.259000   8.581 0.000   4.501 0.000   4.080 0.000 0.023 0.000 0.316 0.000
343.291667 344.291667   25.22 0.000  13.15 0.000 9.999 0.259000 9.99 0.259000  0.097 0.000  0.609 0.000  0.852 0.000 999.99 0.259000   7.308 0.000   4.977 0.000   2.331 0.000 0.020 0.000 0.196 0.000
346.291667 347.291667   66.58 0.000   4.39 0.000 9.999 0.259000 9.99 0.259000  0.319 0.000  0.920 0.000  1.288 0.000 999.99 0.259000  12.811 0.000   8.278 0.000   4.533 0.000 0.045 0.000 0.275 0.000
349.291667 350.291667  191.34 0.000   6.89 0.000 0.071 0.000000 9.99 0.259000  0.045 0.000  0.667 0.000  0.934 0.000 999.99 0.259000  18.439 0.000  11.912 0.000   6.527 0.000 0.163 0.000 0.245 0.000
352.291667 353.291667   30.19 0.000   8.59 0.000 0.035 0.000000 0.08 0.000000  0.037 0.000  0.352 0.000  0.493 0.000 999.99 0.259000   3.411 0.000   1.637 0.000   1.774 0.000 0.023 0.000 0.120 0.000
355.291667 356.291667   27.83 0.000  12.46 0.000 9.999 0.259000 9.99 0.259000  0.205 0.000  0.733 0.000  1.026 0.000 999.99 0.259000   7.026 0.000   4.156 0.000   2.870 0.000 0.078 0.000 0.149 0.000
358.291667 359.291667 9999.99 0.999 999.99 0.999 9.999 0.999000 9.99 0.999000 99.999 0.999 99.999 0.999 99.999 0.999 999.99 0.999000 999.999 0.999 999.999 0.999 999.999 0.999 9.999 0.999 9.999 0.999
361.291667 362.291667   14.45 0.000   4.22 0.000 9.999 0.259000 9.99 0.259000  0.008 0.000  0.344 0.000  0.482 0.000 999.99 0.259000   3.957 0.000   2.774 0.000   1.183 0.000 0.013 0.000 0.118 0.000
364.291667 365.291667   24.36 0.000   8.01 0.000 9.999 0.259000 9.99 0.259000  0.102 0.000  0.567 0.000  0.794 0.000 999.99 0.259000   6.811 0.000   4.462 0.000   2.349 0.000 0.025 0.000 0.187 0.000
