scripts/IMPROVE-2019_partial/data/US0079R.20000419070000.20191216000000.filterpack..pm25.8mo.1w.US03L_filterpack_US0079.US03L_IMPROVE_Davis.lev2.nas
64 1001
MISSING INFORMATION
US03L, IMPROVE, , , , , , , 
MISSING INFORMATION
IMPROVE sel_HTAP
1 1
2000 01 01 2019 12 16
0
days from file reference point
25
1 1 1 1 1 1 1 1 1 1 1 1 1 1 1 1 1 1 1 1 1 1 1 1 1
999.999999 9999.99 9.999 99.99 9.999999 9.999 9.999 9.99 9.999999 9.999 9.999 99.999 9.999 99.999 9.999 999.999 9.999 999.999 9.999 999.999 9.999 9.999 9.999 9.999 9.999
end_time of measurement, days from the file reference point
iron, ng/m3, Revision date=20181210133000
numflag iron, no unit, Revision date=20181210133000
lead, ng/m3, Revision date=20181210133000
numflag lead, no unit, Revision date=20181210133000
magnesium, ug/m3, Revision date=20181210133000
numflag magnesium, no unit, Revision date=20181210133000
nickel, ng/m3, Revision date=20181210133000
numflag nickel, no unit, Revision date=20181210133000
nitrate, ug N/m3, Revision date=20181210133000
numflag nitrate, no unit, Revision date=20181210133000
organic_carbon, ug C/m3, Revision date=20181210133000
numflag organic_carbon, no unit, Revision date=20181210133000
organic_mass, ug/m3, Revision date=20181210133000
numflag organic_mass, no unit, Revision date=20181210133000
pm10_mass, ug/m3, Version=2, Version description=Data extracted from http://views.cira.colostate.edu/fed/DataWizard 2019-12-16, Sample duration=1d, Orig. time res.=3d, Matrix=pm10, Blank correction=Blank corrected, Volume std. temperature=ambient, Volume std. pressure=ambient
numflag pm10_mass, no unit, Version=2, Version description=Data extracted from http://views.cira.colostate.edu/fed/DataWizard 2019-12-16, Sample duration=1d, Orig. time res.=3d, Matrix=pm10, Blank correction=Blank corrected, Volume std. temperature=ambient, Volume std. pressure=ambient
pm10_pm25_mass, ug/m3, Revision date=20181210133000, Matrix=pm10_pm25
numflag pm10_pm25_mass, no unit, Revision date=20181210133000, Matrix=pm10_pm25
pm25_mass, ug/m3, Version=2, Version description=Data extracted from http://views.cira.colostate.edu/fed/DataWizard 2019-12-16, Sample duration=1d, Orig. time res.=3d, Blank correction=Blank corrected, Volume std. temperature=ambient, Volume std. pressure=ambient
numflag pm25_mass, no unit, Version=2, Version description=Data extracted from http://views.cira.colostate.edu/fed/DataWizard 2019-12-16, Sample duration=1d, Orig. time res.=3d, Blank correction=Blank corrected, Volume std. temperature=ambient, Volume std. pressure=ambient
potassium, ug/m3, Revision date=20181210133000
numflag potassium, no unit, Revision date=20181210133000
sulphate_total, ug S/m3, Revision date=20181210133000
numflag sulphate_total, no unit, Revision date=20181210133000
0
25
Data definition:              EBAS_1.1
Set type code:                TI
Timezone:                     UTC
File name:                    US0079R.20000419070000.20191216000000.filterpack..pm25.8mo.1w.US03L_filterpack_US0079.US03L_IMPROVE_Davis.lev2.nas
File creation:                20191218120044
Startdate:                    20000419070000
Revision date:                20191216000000
Statistics:                   arithmetic mean
Data level:                   2
Period code:                  8mo
Resolution code:              1w
Station code:                 US0079R
Platform code:                US0079S
Station name:                 Capitol Reef NP
Station latitude:             38.3022
Station longitude:            -111.2926
Station altitude:             1896.0 m
Regime:                       IMG
Component:                    
Matrix:                       pm25
Laboratory code:              US03L
Instrument type:              filterpack
Instrument name:              filterpack_US0079
Method ref:                   US03L_IMPROVE_Davis
starttime endtime Fe flag_Fe Pb flag_Pb Mg++ flag_Mg++ Ni flag_Ni NO3- flag_NO3- OC flag_OC OM flag_OM PM10 flag_PM10 PM10-PM2.5 flag_PM10-PM2.5 PM2.5 flag_PM2.5 K+ flag_K+ SO4-- flag_SO4--
109.291667 110.291667    9.42 0.559 99.99 0.559259 0.011 0.559 9.99 0.559259 0.013 0.000  0.538 0.000  0.754 0.000   3.041 0.000   2.159 0.000   0.882 0.559 0.009 0.559 0.071 0.000
112.291667 113.291667   70.84 0.000  0.48 0.000000 9.999 0.259 9.99 0.259000 0.053 0.000  0.596 0.000  0.834 0.000  11.629 0.000   8.330 0.000   3.299 0.000 0.043 0.000 0.155 0.000
116.291667 117.291667  211.87 0.000  1.73 0.000000 0.184 0.000 9.99 0.259000 0.061 0.000  1.257 0.000  1.760 0.000  13.525 0.000   6.864 0.000   6.662 0.000 0.143 0.000 0.282 0.000
119.291667 120.291667  169.10 0.000  1.12 0.000000 0.119 0.000 9.99 0.259000 0.094 0.000  0.875 0.000  1.226 0.000  19.663 0.000  13.387 0.000   6.276 0.000 0.113 0.000 0.284 0.000
123.291667 124.291667  116.10 0.000  0.84 0.000000 9.999 0.259 9.99 0.259000 0.065 0.559  1.861 0.000  2.606 0.000  13.889 0.000   7.893 0.000   5.996 0.000 0.084 0.000 0.223 0.559
126.291667 127.291667   88.35 0.000  1.05 0.000000 0.048 0.000 9.99 0.259000 0.054 0.000  0.993 0.000  1.390 0.000  11.382 0.000   7.266 0.000   4.116 0.000 0.060 0.000 0.221 0.000
130.291667 131.291667  104.98 0.000  0.60 0.000000 9.999 0.259 9.99 0.259000 0.038 0.000  0.972 0.000  1.361 0.000  24.366 0.000  19.849 0.000   4.517 0.000 0.079 0.000 0.202 0.000
133.291667 134.291667   30.44 0.000  0.54 0.000000 9.999 0.259 9.99 0.259000 0.021 0.000  0.604 0.000  0.845 0.000   5.970 0.000   3.766 0.000   2.204 0.000 0.024 0.000 0.133 0.000
137.291667 138.291667   29.04 0.000  0.25 0.000000 9.999 0.259 0.13 0.000000 0.020 0.000  0.512 0.000  0.716 0.000   4.995 0.000   3.354 0.000   1.641 0.000 0.024 0.000 0.075 0.000
140.291667 141.291667   51.31 0.000  0.73 0.000000 9.999 0.259 9.99 0.259000 0.038 0.000  1.008 0.000  1.411 0.000   7.554 0.000   3.630 0.000   3.924 0.000 0.044 0.000 0.223 0.000
144.291667 145.291667   39.00 0.000  0.65 0.000000 9.999 0.259 9.99 0.259000 0.016 0.000  1.108 0.000  1.551 0.000   6.376 0.000   4.232 0.000   2.144 0.000 0.030 0.000 0.124 0.000
147.291667 148.291667   35.62 0.000  0.71 0.000000 9.999 0.259 9.99 0.259000 0.020 0.000  1.078 0.000  1.510 0.000   7.716 0.000   4.397 0.000   3.319 0.000 0.033 0.000 0.208 0.000
151.291667 152.291667   57.36 0.000  0.74 0.000000 9.999 0.259 9.99 0.259000 0.037 0.000  0.835 0.000  1.168 0.000  11.777 0.000   8.173 0.000   3.604 0.000 0.047 0.000 0.186 0.000
154.291667 155.291667   27.59 0.000 99.99 0.259000 9.999 0.259 9.99 0.259000 0.045 0.000  0.822 0.000  1.151 0.000   6.741 0.000   3.523 0.000   3.219 0.000 0.028 0.000 0.214 0.000
158.291667 159.291667   62.38 0.000 99.99 0.259000 9.999 0.259 9.99 0.259000 0.057 0.559  0.734 0.000  1.027 0.000  12.833 0.000   8.193 0.000   4.640 0.000 0.088 0.000 0.383 0.559
161.291667 162.291667   52.20 0.000  0.22 0.000000 9.999 0.259 9.99 0.259000 0.034 0.559  0.393 0.000  0.550 0.000   9.503 0.000   6.791 0.000   2.712 0.000 0.038 0.000 0.147 0.559
165.291667 166.291667   24.16 0.000 99.99 0.259000 9.999 0.259 9.99 0.259000 0.010 0.000  0.310 0.000  0.434 0.000   6.701 0.000   5.060 0.000   1.641 0.000 0.019 0.000 0.086 0.000
168.291667 169.291667   20.66 0.000 99.99 0.259000 9.999 0.259 9.99 0.259000 0.018 0.559  0.283 0.000  0.396 0.000   6.457 0.000   4.056 0.000   2.402 0.000 0.014 0.000 0.244 0.559
172.291667 173.291667   20.37 0.000 99.99 0.259000 9.999 0.259 9.99 0.259000 0.018 0.559  0.390 0.000  0.546 0.000   4.495 0.000   2.948 0.000   1.547 0.000 0.019 0.000 0.103 0.559
175.291667 176.291667   35.34 0.000 99.99 0.259000 9.999 0.259 9.99 0.259000 0.030 0.559  0.688 0.000  0.964 0.000   8.122 0.000   5.308 0.000   2.814 0.000 0.040 0.000 0.206 0.559
179.291667 180.291667   23.63 0.000  0.30 0.000000 9.999 0.259 9.99 0.259000 0.022 0.559  0.606 0.000  0.849 0.000   5.970 0.000   3.477 0.000   2.493 0.000 0.027 0.000 0.186 0.559
182.291667 183.291667   24.05 0.000 99.99 0.259000 9.999 0.259 9.99 0.259000 0.020 0.559  0.511 0.000  0.716 0.000   6.833 0.000   4.292 0.000   2.541 0.000 0.042 0.000 0.227 0.559
186.291667 187.291667   24.04 0.000 99.99 0.259000 9.999 0.259 9.99 0.259000 0.023 0.559  0.429 0.000  0.601 0.000   5.686 0.000   3.994 0.000   1.692 0.000 0.048 0.000 0.105 0.559
189.291667 190.291667   38.01 0.000  0.12 0.000000 9.999 0.259 9.99 0.259000 0.076 0.559  0.506 0.000  0.708 0.000   9.178 0.000   6.131 0.000   3.047 0.000 0.051 0.000 0.333 0.559
193.291667 194.291667   21.67 0.000 99.99 0.259000 9.999 0.259 9.99 0.259000 0.023 0.559  0.423 0.000  0.593 0.000   6.376 0.000   4.442 0.000   1.934 0.000 0.022 0.000 0.208 0.559
196.291667 197.291667   22.62 0.000  0.25 0.000000 9.999 0.259 9.99 0.259000 0.027 0.559  0.509 0.000  0.712 0.000   8.000 0.000   4.884 0.000   3.116 0.000 0.035 0.000 0.350 0.559
200.291667 201.291667   22.22 0.000 99.99 0.259000 9.999 0.259 9.99 0.259000 0.017 0.559  0.414 0.000  0.579 0.000   5.854 0.000   4.343 0.000   1.511 0.000 0.023 0.000 0.091 0.559
203.291667 204.291667   26.74 0.000 99.99 0.259000 9.999 0.259 9.99 0.259000 0.036 0.559  1.202 0.000  1.682 0.000   8.519 0.000   5.290 0.000   3.229 0.000 0.052 0.000 0.141 0.559
207.291667 208.291667   38.49 0.000 99.99 0.259000 9.999 0.259 9.99 0.259000 0.044 0.559  1.007 0.000  1.410 0.000  11.295 0.000   6.962 0.000   4.333 0.000 0.041 0.000 0.398 0.559
210.291667 211.291667   45.22 0.000 99.99 0.259000 9.999 0.259 9.99 0.259000 0.077 0.559  3.293 0.000  4.610 0.000  15.086 0.000   5.806 0.000   9.280 0.000 0.138 0.000 0.397 0.559
214.291667 215.291667   52.23 0.000 99.99 0.259000 9.999 0.259 9.99 0.259000 0.058 0.699  5.277 0.000  7.387 0.000  25.518 0.000  11.757 0.000  13.761 0.000 0.213 0.000 0.472 0.699
217.291667 218.291667 9999.99 0.999 99.99 0.999000 9.999 0.999 9.99 0.999000 9.999 0.999 99.999 0.999 99.999 0.999 999.999 0.999 999.999 0.999 999.999 0.999 9.999 0.999 9.999 0.999
221.291667 222.291667   34.52 0.000 99.99 0.259000 9.999 0.259 9.99 0.259000 0.031 0.559  1.151 0.000  1.611 0.000  12.630 0.000   7.515 0.000   5.115 0.000 0.066 0.000 0.392 0.559
224.291667 225.291667   24.47 0.000 99.99 0.259000 9.999 0.259 9.99 0.259000 0.019 0.559  0.560 0.000  0.784 0.000   7.066 0.000   4.069 0.000   2.997 0.000 0.028 0.000 0.261 0.559
228.291667 229.291667   28.87 0.000 99.99 0.259000 9.999 0.259 9.99 0.259000 0.025 0.559  0.826 0.000  1.156 0.000   6.904 0.000   3.669 0.000   3.235 0.000 0.034 0.000 0.279 0.559
231.291667 232.291667   56.81 0.000 99.99 0.259000 9.999 0.259 9.99 0.259000 0.096 0.559  0.894 0.000  1.252 0.000  30.661 0.000  25.649 0.000   5.012 0.000 0.053 0.000 0.531 0.559
234.291667 235.291667 9999.99 0.999 99.99 0.999000 9.999 0.999 9.99 0.999000 9.999 0.999 99.999 0.999 99.999 0.999 999.999 0.999 999.999 0.999 999.999 0.999 9.999 0.999 9.999 0.999
237.291667 238.291667 9999.99 0.999 99.99 0.999000 9.999 0.999 9.99 0.999000 9.999 0.999 99.999 0.999 99.999 0.999 999.999 0.999 999.999 0.999 999.999 0.999 9.999 0.999 9.999 0.999
240.291667 241.291667 9999.99 0.999 99.99 0.999000 9.999 0.999 9.99 0.999000 9.999 0.999 99.999 0.999 99.999 0.999 999.999 0.999 999.999 0.999 999.999 0.999 9.999 0.999 9.999 0.999
243.291667 244.291667 9999.99 0.999 99.99 0.999000 9.999 0.999 9.99 0.999000 9.999 0.999 99.999 0.999 99.999 0.999 999.999 0.999 999.999 0.999 999.999 0.999 9.999 0.999 9.999 0.999
246.291667 247.291667   10.74 0.000  0.24 0.000000 9.999 0.259 9.99 0.259000 0.020 0.000  0.367 0.000  0.513 0.000   2.761 0.000   1.559 0.000   1.203 0.000 0.015 0.000 0.172 0.000
249.291667 250.291667 9999.99 0.999 99.99 0.999000 9.999 0.999 9.99 0.999000 9.999 0.999 99.999 0.999 99.999 0.999 999.999 0.999 999.999 0.999 999.999 0.999 9.999 0.999 9.999 0.999
252.291667 253.291667 9999.99 0.999 99.99 0.999000 9.999 0.999 9.99 0.999000 9.999 0.999 99.999 0.999 99.999 0.999 999.999 0.999 999.999 0.999 999.999 0.999 9.999 0.999 9.999 0.999
255.291667 256.291667 9999.99 0.999 99.99 0.999000 9.999 0.999 9.99 0.999000 9.999 0.999 99.999 0.999 99.999 0.999 999.999 0.999 999.999 0.999 999.999 0.999 9.999 0.999 9.999 0.999
258.291667 259.291667   37.61 0.000  0.51 0.000000 9.999 0.259 9.99 0.259000 0.053 0.000  0.741 0.000  1.037 0.000   7.960 0.000   4.441 0.000   3.518 0.000 0.031 0.000 0.365 0.000
261.291667 262.291667   25.89 0.000  0.30 0.000000 9.999 0.259 9.99 0.259000 0.129 0.000  1.179 0.000  1.651 0.000   7.312 0.000   3.530 0.000   3.782 0.000 0.041 0.000 0.377 0.000
264.291667 265.291667   58.21 0.000  0.17 0.000000 9.999 0.259 9.99 0.259000 0.047 0.000  0.639 0.000  0.894 0.000  13.154 0.000   9.313 0.000   3.840 0.000 0.048 0.000 0.314 0.000
267.291667 268.291667    8.88 0.000 99.99 0.259000 9.999 0.259 9.99 0.259000 0.022 0.000  0.310 0.000  0.434 0.000   3.514 0.000   1.934 0.000   1.580 0.000 0.008 0.000 0.251 0.000
270.291667 271.291667   18.61 0.000  0.32 0.000000 9.999 0.259 9.99 0.259000 0.021 0.000  0.478 0.000  0.669 0.000   6.328 0.000   3.089 0.000   3.239 0.000 0.018 0.000 0.357 0.000
273.291667 274.291667   18.36 0.000  0.22 0.000000 9.999 0.259 9.99 0.259000 0.016 0.000  0.428 0.000  0.599 0.000   7.476 0.000   3.067 0.000   4.408 0.000 0.017 0.000 0.715 0.000
276.291667 277.291667   33.47 0.000  0.30 0.000000 9.999 0.259 9.99 0.259000 0.037 0.000  0.673 0.000  0.942 0.000   9.640 0.000   5.234 0.000   4.407 0.000 0.035 0.000 0.517 0.000
279.291667 280.291667   37.72 0.000  0.62 0.000000 9.999 0.259 9.99 0.259000 0.022 0.000  0.469 0.000  0.656 0.000   7.848 0.000   4.703 0.000   3.145 0.000 0.038 0.000 0.328 0.000
282.291667 283.291667   17.57 0.000 99.99 0.259000 9.999 0.259 9.99 0.259000 0.059 0.000  0.655 0.000  0.916 0.000   6.287 0.000   2.934 0.000   3.353 0.000 0.018 0.000 0.477 0.000
285.291667 286.291667   12.15 0.000  0.20 0.000000 9.999 0.259 9.99 0.259000 0.031 0.000  0.240 0.000  0.336 0.000   3.018 0.000   1.763 0.000   1.254 0.000 0.011 0.000 0.146 0.000
288.291667 289.291667    8.56 0.000  0.26 0.000000 9.999 0.259 9.99 0.259000 0.020 0.000  0.533 0.000  0.746 0.000   3.224 0.000   1.022 0.000   2.203 0.000 0.013 0.000 0.243 0.000
291.291667 292.291667   21.22 0.000  0.57 0.000000 9.999 0.259 9.99 0.259000 9.999 0.456  0.459 0.000  0.642 0.000   5.219 0.000   2.660 0.000   2.558 0.000 0.019 0.000 9.999 0.456
294.291667 295.291667   24.13 0.000  0.38 0.000000 9.999 0.259 9.99 0.259000 0.026 0.000  0.364 0.000  0.509 0.000   4.712 0.000   2.085 0.000   2.628 0.000 0.025 0.000 0.348 0.000
297.291667 298.291667    7.47 0.000  0.23 0.000000 9.999 0.259 9.99 0.259000 0.024 0.000  0.511 0.000  0.716 0.000   1.455 0.000   0.349 0.000   1.106 0.000 0.010 0.000 0.094 0.000
300.291667 301.291667 9999.99 0.999 99.99 0.999000 9.999 0.999 9.99 0.999000 9.999 0.999 99.999 0.999 99.999 0.999 999.999 0.999 999.999 0.999 999.999 0.999 9.999 0.999 9.999 0.999
303.291667 304.291667 9999.99 0.999 99.99 0.999000 9.999 0.999 9.99 0.999000 9.999 0.999 99.999 0.999 99.999 0.999 999.999 0.999 999.999 0.999 999.999 0.999 9.999 0.999 9.999 0.999
306.291667 307.291667   11.23 0.000  0.14 0.000000 9.999 0.259 9.99 0.259000 0.039 0.000  0.474 0.000  0.664 0.000   1.913 0.000   0.398 0.000   1.515 0.000 0.015 0.000 0.130 0.000
309.291667 310.291667   10.80 0.000  0.30 0.000000 9.999 0.259 9.99 0.259000 0.046 0.000  0.296 0.000  0.415 0.000   3.784 0.000   2.401 0.000   1.383 0.000 0.011 0.000 0.171 0.000
312.291667 313.291667    6.47 0.000  0.48 0.000000 9.999 0.259 9.99 0.259000 0.124 0.000  0.259 0.000  0.362 0.000   2.828 0.000   0.703 0.000   2.125 0.000 0.012 0.000 0.244 0.000
315.291667 316.291667    5.31 0.000  0.17 0.000000 9.999 0.259 9.99 0.259000 0.116 0.000  0.131 0.000  0.183 0.000   1.882 0.000   0.463 0.000   1.420 0.000 0.011 0.000 0.152 0.000
318.291667 319.291667    6.12 0.000  0.49 0.000000 9.999 0.259 9.99 0.259000 9.999 0.456  0.428 0.000  0.599 0.000   3.297 0.000   0.428 0.000   2.869 0.000 0.010 0.000 9.999 0.456
321.291667 322.291667    5.14 0.000  0.39 0.000000 0.020 0.000 9.99 0.259000 9.999 0.456  0.230 0.000  0.322 0.000   3.305 0.000   0.916 0.000   2.389 0.000 0.013 0.000 9.999 0.456
324.291667 325.291667    8.60 0.000  0.42 0.000000 9.999 0.259 9.99 0.259000 9.999 0.456  0.422 0.000  0.590 0.000   2.994 0.000   0.803 0.000   2.191 0.000 0.013 0.000 9.999 0.456
327.291667 328.291667   15.93 0.000  0.75 0.000000 9.999 0.259 9.99 0.259000 0.385 0.000  0.410 0.000  0.574 0.000   4.533 0.000   1.060 0.000   3.472 0.000 0.015 0.000 0.238 0.000
330.291667 331.291667    7.87 0.000  0.58 0.000000 9.999 0.259 9.99 0.259000 0.047 0.000  0.267 0.000  0.374 0.000   2.495 0.000   1.020 0.000   1.475 0.000 0.012 0.000 0.132 0.000
333.291667 334.291667    8.55 0.000  0.29 0.000000 9.999 0.259 9.99 0.259000 0.038 0.000  0.397 0.000  0.555 0.000   2.079 0.000   0.758 0.000   1.321 0.000 0.011 0.000 0.101 0.000
336.291667 337.291667    9.53 0.000  0.66 0.000000 9.999 0.259 9.99 0.259000 0.076 0.000  0.416 0.000  0.582 0.000   3.036 0.000   1.770 0.000   1.265 0.000 0.012 0.000 0.085 0.000
339.291667 340.291667    8.51 0.000  0.28 0.000000 9.999 0.259 9.99 0.259000 0.026 0.000  0.297 0.000  0.415 0.000   2.673 0.000   1.746 0.000   0.927 0.000 0.011 0.000 0.115 0.000
342.291667 343.291667    9.31 0.000  0.66 0.000000 9.999 0.259 9.99 0.259000 0.155 0.000  0.530 0.000  0.741 0.000   3.285 0.000   1.349 0.000   1.936 0.000 0.012 0.000 0.212 0.000
345.291667 346.291667    3.96 0.000  0.15 0.000000 9.999 0.259 9.99 0.259000 0.032 0.000  0.337 0.000  0.472 0.000   2.175 0.000   1.064 0.000   1.111 0.000 0.007 0.000 0.176 0.000
348.291667 349.291667    9.97 0.000  0.27 0.000000 9.999 0.259 9.99 0.259000 0.097 0.000  0.334 0.000  0.468 0.000   2.869 0.000   1.354 0.000   1.515 0.000 0.017 0.000 0.128 0.000
351.291667 352.291667    7.26 0.000 99.99 0.259000 9.999 0.259 9.99 0.259000 0.018 0.000  0.144 0.000  0.202 0.000   4.449 0.000   3.647 0.000   0.802 0.000 0.009 0.000 0.083 0.000
354.291667 355.291667    4.69 0.000 99.99 0.259000 9.999 0.259 9.99 0.259000 0.047 0.000  0.200 0.000  0.280 0.000   3.618 0.000   2.754 0.000   0.864 0.000 0.007 0.000 0.109 0.000
357.291667 358.291667   13.35 0.000  0.43 0.000000 0.017 0.000 9.99 0.259000 0.082 0.000  0.355 0.000  0.496 0.000   4.242 0.000   2.637 0.000   1.605 0.000 0.013 0.000 0.125 0.000
360.291667 361.291667    5.46 0.000  0.43 0.000000 9.999 0.259 9.99 0.259000 0.137 0.000  0.261 0.000  0.366 0.000   2.869 0.000   1.048 0.000   1.821 0.000 0.008 0.000 0.310 0.000
363.291667 364.291667    7.71 0.000  0.20 0.000000 9.999 0.259 9.99 0.259000 0.091 0.000  0.246 0.000  0.345 0.000   2.828 0.000   1.291 0.000   1.536 0.000 0.008 0.000 0.165 0.000
