scripts/IMPROVE-2019_partial/data/US0044R.20110103050000.20191216000000.filterpack...1y.3d.US03L_filterpack_US0044.US03L_IMPROVE_Davis.lev2.nas
51 1001
MISSING INFORMATION
US03L, IMPROVE, , , , , , , 
MISSING INFORMATION
IMPROVE sel_HTAP
1 1
2011 01 01 2019 12 16
3.000000
days from file reference point
4
1 1 1 1
999.999999 999.999 999.999 9.999
end_time of measurement, days from the file reference point
pm10_mass, ug/m3, Matrix=pm10
pm25_mass, ug/m3, Matrix=pm25
numflag, no unit
0
33
Data definition:              EBAS_1.1
Set type code:                TU
Timezone:                     UTC
File name:                    US0044R.20110103050000.20191216000000.filterpack...1y.3d.US03L_filterpack_US0044.US03L_IMPROVE_Davis.lev2.nas
File creation:                20191218115807
Startdate:                    20110103050000
Revision date:                20191216000000
Version:                      2
Version description:          "Data extracted from http://views.cira.colostate.edu/fed/DataWizard 2019-12-16"
Statistics:                   arithmetic mean
Data level:                   2
Period code:                  1y
Resolution code:              3d
Sample duration:              1d
Orig. time res.:              3d
Station code:                 US0044R
Platform code:                US0044S
Station name:                 Frostberg Reservoir (Big Piney Run)
Station latitude:             39.7058
Station longitude:            -79.0122
Station altitude:             767.0 m
Regime:                       IMG
Component:                    
Unit:                         ug/m3
Matrix:                       
Laboratory code:              US03L
Instrument type:              filterpack
Instrument name:              filterpack_US0044
Method ref:                   US03L_IMPROVE_Davis
Blank correction:             Blank corrected
Volume std. temperature:      ambient
Volume std. pressure:         ambient
starttime endtime PM10 PM2.5 flag
  2.208333   3.208333   6.616   3.246 0.000
  5.208333   6.208333  11.525   7.070 0.000
  8.208333   9.208333   7.260   5.681 0.000
 11.208333  12.208333   6.514   4.698 0.000
 14.208333  15.208333  10.376   6.909 0.000
 17.208333  18.208333   7.574   5.898 0.000
 20.208333  21.208333   7.396   6.553 0.000
 23.208333  24.208333  19.280  11.777 0.000
 26.208333  27.208333   8.741   7.581 0.000
 29.208333  30.208333  12.902  11.265 0.000
 32.208333  33.208333   5.409   3.515 0.000
 35.208333  36.208333   7.044   4.907 0.000
 38.208333  39.208333   6.187   3.276 0.000
 41.208333  42.208333   8.523   4.487 0.000
 44.208333  45.208333   8.745   4.869 0.000
 47.208333  48.208333  19.047  12.723 0.000
 50.208333  51.208333   7.339   4.280 0.000
 53.208333  54.208333   9.993   8.395 0.000
 56.208333  57.208333   7.629   6.250 0.000
 59.208333  60.208333   7.198   4.450 0.000
 62.208333  63.208333   9.231   4.730 0.000
 65.208333  66.208333   5.322   4.117 0.000
 68.208333  69.208333   0.623   0.431 0.000
 71.208333  72.208333   7.745   6.598 0.000
 74.208333  75.208333   8.265   7.909 0.000
 77.208333  78.208333   7.044   4.432 0.000
 80.208333  81.208333  13.569   8.873 0.000
 83.208333  84.208333   6.726   4.442 0.000
 86.208333  87.208333   8.110   4.321 0.000
 89.208333  90.208333 999.999 999.999 0.999
 92.208333  93.208333 999.999 999.999 0.999
 95.208333  96.208333   6.014   3.581 0.000
 98.208333  99.208333   4.255   3.180 0.000
101.208333 102.208333   3.668   3.111 0.000
104.208333 105.208333  10.986   6.843 0.000
107.208333 108.208333  17.724   9.615 0.000
110.208333 111.208333   7.697   5.050 0.000
113.208333 114.208333   5.973   4.704 0.000
116.208333 117.208333  11.403   6.083 0.000
119.208333 120.208333   5.115   3.231 0.000
122.208333 123.208333  13.887   8.937 0.000
125.208333 126.208333  11.854   7.210 0.000
128.208333 129.208333  11.651   6.080 0.000
131.208333 132.208333  17.656  11.893 0.000
134.208333 135.208333   7.934   5.010 0.000
137.208333 138.208333   6.736   4.214 0.000
140.208333 141.208333  10.842   7.449 0.000
143.208333 144.208333  16.617   7.381 0.000
146.208333 147.208333   9.115   5.497 0.000
149.208333 150.208333 999.999 999.999 0.999
152.208333 153.208333  17.892   5.932 0.000
155.208333 156.208333  22.007  15.402 0.000
158.208333 159.208333  32.270  23.298 0.000
161.208333 162.208333  19.451  14.063 0.000
164.208333 165.208333  16.073   4.836 0.000
167.208333 168.208333  19.873  10.141 0.000
170.208333 171.208333  23.397  15.135 0.000
173.208333 174.208333  11.013   5.602 0.000
176.208333 177.208333  11.620   7.519 0.000
179.208333 180.208333  12.947   5.474 0.000
182.208333 183.208333  36.253  25.574 0.000
185.208333 186.208333  30.573  17.504 0.000
188.208333 189.208333  16.812  12.753 0.000
191.208333 192.208333  18.324  11.925 0.000
194.208333 195.208333   8.020   4.409 0.000
197.208333 198.208333  10.493   7.565 0.000
200.208333 201.208333 999.999 999.999 0.999
203.208333 204.208333 999.999 999.999 0.999
206.208333 207.208333 999.999 999.999 0.999
209.208333 210.208333  24.254  18.550 0.000
212.208333 213.208333  15.667  11.745 0.000
215.208333 216.208333  18.152  16.176 0.000
218.208333 219.208333  18.645  18.320 0.000
221.208333 222.208333  11.829   7.013 0.000
224.208333 225.208333  18.426  15.519 0.000
227.208333 228.208333  11.076   7.160 0.000
230.208333 231.208333  20.598  17.879 0.000
233.208333 234.208333   7.752   5.017 0.000
236.208333 237.208333  15.278  11.549 0.000
239.208333 240.208333  13.451   9.984 0.000
242.208333 243.208333  13.920   7.717 0.000
245.208333 246.208333  28.444  20.988 0.000
248.208333 249.208333   2.140   1.308 0.000
251.208333 252.208333   8.592   6.337 0.000
254.208333 255.208333  13.529  11.417 0.000
257.208333 258.208333   6.887   4.249 0.000
260.208333 261.208333   6.650   3.721 0.000
263.208333 264.208333  10.242   6.217 0.000
266.208333 267.208333  11.793   6.774 0.000
269.208333 270.208333  10.672   3.943 0.000
272.208333 273.208333  11.060   4.035 0.000
275.208333 276.208333   3.377   1.488 0.000
278.208333 279.208333  13.528   7.102 0.000
281.208333 282.208333  13.819   7.559 0.000
284.208333 285.208333   5.631   4.123 0.000
287.208333 288.208333   9.691   3.464 0.000
290.208333 291.208333  11.689   5.817 0.000
293.208333 294.208333   4.770   3.053 0.000
296.208333 297.208333  12.487   8.719 0.000
299.208333 300.208333   3.948   2.794 0.000
302.208333 303.208333   6.650   5.548 0.000
305.208333 306.208333  12.065   8.452 0.000
308.208333 309.208333   4.264   2.679 0.000
311.208333 312.208333  10.896   5.945 0.000
314.208333 315.208333   9.899   5.323 0.000
317.208333 318.208333  13.110   6.104 0.000
320.208333 321.208333   8.518   3.382 0.000
323.208333 324.208333   7.111   5.827 0.000
326.208333 327.208333   2.474   1.853 0.000
329.208333 330.208333   6.094   3.677 0.000
332.208333 333.208333   3.991   2.293 0.000
335.208333 336.208333   8.617   6.172 0.000
338.208333 339.208333  10.633   7.040 0.000
341.208333 342.208333   6.517   5.443 0.000
344.208333 345.208333   8.669   6.511 0.000
347.208333 348.208333  11.376   9.044 0.000
350.208333 351.208333   7.142   5.253 0.000
353.208333 354.208333   5.726   4.704 0.000
356.208333 357.208333   3.265   2.563 0.000
359.208333 360.208333   3.720   2.746 0.000
362.208333 363.208333   5.853   3.617 0.000
