scripts/IMPROVE-2019_partial/data/US0035R.20100102060000.20191216000000.filterpack...52w.3d.US03L_filterpack_US0035.US03L_IMPROVE_Davis.lev2.nas
52 1001
MISSING INFORMATION
US03L, IMPROVE, , , , , , , 
MISSING INFORMATION
IMPROVE sel_HTAP
1 1
2010 01 01 2019 12 16
3.00
days from file reference point
5
1 1 1 1 1
999.99 999.999 9.999 999.999 9.999
end_time of measurement, days from the file reference point
pm10_mass, ug/m3, Matrix=pm10
numflag pm10_mass, no unit, Matrix=pm10
pm25_mass, ug/m3, Matrix=pm25
numflag pm25_mass, no unit, Matrix=pm25
0
33
Data definition:              EBAS_1.1
Set type code:                TU
Timezone:                     UTC
File name:                    US0035R.20100102060000.20191216000000.filterpack...52w.3d.US03L_filterpack_US0035.US03L_IMPROVE_Davis.lev2.nas
File creation:                20191218115742
Startdate:                    20100102060000
Revision date:                20191216000000
Version:                      2
Version description:          "Data extracted from http://views.cira.colostate.edu/fed/DataWizard 2019-12-16"
Statistics:                   arithmetic mean
Data level:                   2
Period code:                  52w
Resolution code:              3d
Sample duration:              1d
Orig. time res.:              3d
Station code:                 US0035R
Platform code:                US0035S
Station name:                 Bondville
Station latitude:             40.05
Station longitude:            -88.36667
Station altitude:             213.0 m
Regime:                       IMG
Component:                    
Unit:                         ug/m3
Matrix:                       
Laboratory code:              US03L
Instrument type:              filterpack
Instrument name:              filterpack_US0035
Method ref:                   US03L_IMPROVE_Davis
Blank correction:             Blank corrected
Volume std. temperature:      ambient
Volume std. pressure:         ambient
starttime endtime PM10 flag_PM10 PM2.5 flag_PM2.5
  1.25   2.25  16.322 0.000  13.091 0.000
  4.25   5.25  22.687 0.000  18.528 0.000
  7.25   8.25  10.915 0.000   7.655 0.000
 10.25  11.25  18.344 0.000  14.956 0.000
 13.25  14.25  17.601 0.000  13.387 0.000
 16.25  17.25   6.734 0.000   6.555 0.000
 19.25  20.25  14.556 0.000  14.132 0.000
 22.25  23.25  14.469 0.000  12.487 0.000
 25.25  26.25   9.565 0.000   5.398 0.000
 28.25  29.25  17.553 0.000  10.395 0.000
 31.25  32.25  25.120 0.000  19.114 0.000
 34.25  35.25  32.157 0.000  28.776 0.000
 37.25  38.25  12.199 0.000   9.867 0.000
 40.25  41.25   6.703 0.000   5.473 0.000
 43.25  44.25  17.011 0.000  14.371 0.000
 46.25  47.25  10.270 0.000   8.704 0.000
 49.25  50.25 999.999 0.456  26.481 0.000
 52.25  53.25  18.259 0.000  17.152 0.000
 55.25  56.25   9.812 0.000   6.510 0.000
 58.25  59.25  18.051 0.000  12.933 0.000
 61.25  62.25  10.444 0.000   7.246 0.000
 64.25  65.25  16.851 0.000  13.166 0.000
 67.25  68.25  22.369 0.000  19.876 0.000
 70.25  71.25   7.029 0.000   6.054 0.000
 73.25  74.25   6.486 0.000   4.345 0.000
 76.25  77.25  13.198 0.000   9.848 0.000
 79.25  80.25  11.143 0.000   8.707 0.000
 82.25  83.25  16.691 0.000   9.922 0.000
 85.25  86.25   9.184 0.000   6.615 0.000
 88.25  89.25  10.841 0.000   7.205 0.000
 91.25  92.25  19.520 0.000  10.293 0.000
 94.25  95.25  13.231 0.000   9.167 0.000
 97.25  98.25   6.742 0.000   2.151 0.000
100.25 101.25  26.270 0.000  14.758 0.000
103.25 104.25  33.535 0.000  14.790 0.000
106.25 107.25  17.339 0.000   3.811 0.000
109.25 110.25  29.153 0.000   7.861 0.000
112.25 113.25  26.567 0.000  19.397 0.000
115.25 116.25   8.947 0.000   4.440 0.000
118.25 119.25  21.165 0.000   7.535 0.000
121.25 122.25   6.855 0.000   4.087 0.000
124.25 125.25  26.311 0.000   5.045 0.000
127.25 128.25   9.414 0.000   2.799 0.000
130.25 131.25   9.425 0.000   5.678 0.000
133.25 134.25   7.864 0.000   2.776 0.000
136.25 137.25   7.351 0.000   5.585 0.000
139.25 140.25  13.087 0.000  10.187 0.000
142.25 143.25  14.484 0.000   9.921 0.000
145.25 146.25  27.744 0.000  17.201 0.000
148.25 149.25  24.528 0.000  13.388 0.000
151.25 152.25  15.605 0.000  10.803 0.000
154.25 155.25  16.526 0.000  10.541 0.000
157.25 158.25  13.310 0.000   5.024 0.000
160.25 161.25  13.027 0.000   5.313 0.000
163.25 164.25   7.438 0.000   4.041 0.000
166.25 167.25   9.924 0.000   3.428 0.000
169.25 170.25   6.399 0.000   2.929 0.000
172.25 173.25   8.134 0.000   4.844 0.000
175.25 176.25   9.967 0.000   6.508 0.000
178.25 179.25  13.552 0.000   5.246 0.000
181.25 182.25  12.718 0.000   5.472 0.000
184.25 185.25  21.980 0.000  16.814 0.000
187.25 188.25  18.562 0.000  12.483 0.000
190.25 191.25  12.806 0.000   7.333 0.000
193.25 194.25  13.767 0.000  10.341 0.000
196.25 197.25  14.599 0.000   6.900 0.000
199.25 200.25   9.789 0.000   4.556 0.000
202.25 203.25  21.890 0.000  11.713 0.000
205.25 206.25   9.089 0.000   4.573 0.000
208.25 209.25  20.187 0.000  10.111 0.000
211.25 212.25  19.182 0.000  13.647 0.000
214.25 215.25  27.434 0.000 999.999 0.999
217.25 218.25  27.170 0.000 999.999 0.999
220.25 221.25  28.132 0.000 999.999 0.999
223.25 224.25  17.043 0.000   8.673 0.000
226.25 227.25 999.999 0.999   6.705 0.000
229.25 230.25 999.999 0.999   8.221 0.000
232.25 233.25  14.758 0.000  10.097 0.000
235.25 236.25  21.006 0.000  10.579 0.000
238.25 239.25  12.502 0.000   4.849 0.000
241.25 242.25  15.325 0.000   8.309 0.000
244.25 245.25  18.071 0.000   7.710 0.000
247.25 248.25  10.554 0.000   4.009 0.000
250.25 251.25  15.725 0.000   5.507 0.000
253.25 254.25  13.268 0.000   6.853 0.000
256.25 257.25  23.342 0.000   7.247 0.000
259.25 260.25  16.176 0.000   4.347 0.000
262.25 263.25  18.122 0.000   9.214 0.000
265.25 266.25  32.963 0.000  12.923 0.000
268.25 269.25   6.988 0.000   3.206 0.000
271.25 272.25  21.390 0.000   8.304 0.000
274.25 275.25   7.731 0.000   2.980 0.000
277.25 278.25  22.217 0.000   5.843 0.000
280.25 281.25  28.073 0.000   7.538 0.000
283.25 284.25  37.468 0.000  10.152 0.000
286.25 287.25  15.122 0.000   3.447 0.000
289.25 290.25  28.321 0.000   7.284 0.000
292.25 293.25  22.382 0.000   5.499 0.000
295.25 296.25  24.015 0.000   8.151 0.000
298.25 299.25   9.063 0.000   3.883 0.000
301.25 302.25  14.485 0.000   7.436 0.000
304.25 305.25  10.838 0.000   4.121 0.000
307.25 308.25  10.084 0.000   2.483 0.000
310.25 311.25  13.992 0.000   7.366 0.000
313.25 314.25  21.472 0.000  12.224 0.000
316.25 317.25  14.045 0.000   9.797 0.000
319.25 320.25  28.025 0.000  16.547 0.000
322.25 323.25  20.070 0.000  16.631 0.000
325.25 326.25  12.803 0.000   6.818 0.000
328.25 329.25   5.697 0.000   4.886 0.000
331.25 332.25  12.164 0.000  10.085 0.000
334.25 335.25   8.123 0.000   5.091 0.000
337.25 338.25  10.950 0.000  10.107 0.000
340.25 341.25  15.836 0.000  11.866 0.000
343.25 344.25  23.683 0.000  17.970 0.000
346.25 347.25   7.339 0.000   4.497 0.000
349.25 350.25  11.276 0.000  10.698 0.000
352.25 353.25  21.421 0.000  14.250 0.000
355.25 356.25  19.240 0.000  15.999 0.000
358.25 359.25   7.908 0.000   7.190 0.000
361.25 362.25  15.637 0.000  13.670 0.000
364.25 365.25  11.353 0.000   8.276 0.000
