scripts/IMPROVE-2019_partial/data/US0034R.20050101060000.20191216000000.filterpack..pm25.52w.1w.US03L_filterpack_US0034.US03L_IMPROVE_Davis.lev2.nas
66 1001
MISSING INFORMATION
US03L, IMPROVE, , , , , , , 
MISSING INFORMATION
IMPROVE sel_HTAP
1 1
2005 01 01 2019 12 16
3.00
days from file reference point
27
1 1 1 1 1 1 1 1 1 1 1 1 1 1 1 1 1 1 1 1 1 1 1 1 1 1 1
999.99 9999.99 9.999 999.99 9.999 9.999 9.999999 9.99 9.999999 99.999 9.999 99.999 9.999 99.999 9.999 999.99 9.999999 999.999 9.999 999.999 9.999 999.999 9.999 9.999 9.999 99.999 9.999
end_time of measurement, days from the file reference point
iron, ng/m3, Revision date=20181210133000
numflag iron, no unit, Revision date=20181210133000
lead, ng/m3, Revision date=20181210133000
numflag lead, no unit, Revision date=20181210133000
magnesium, ug/m3, Revision date=20181210133000
numflag magnesium, no unit, Revision date=20181210133000
nickel, ng/m3, Revision date=20181210133000
numflag nickel, no unit, Revision date=20181210133000
nitrate, ug N/m3, Revision date=20181210133000
numflag nitrate, no unit, Revision date=20181210133000
organic_carbon, ug C/m3, Revision date=20181210133000
numflag organic_carbon, no unit, Revision date=20181210133000
organic_mass, ug/m3, Revision date=20181210133000
numflag organic_mass, no unit, Revision date=20181210133000
phosphorus, ng/m3, Revision date=20181210133000
numflag phosphorus, no unit, Revision date=20181210133000
pm10_mass, ug/m3, Version=2, Version description=Data extracted from http://views.cira.colostate.edu/fed/DataWizard 2019-12-16, Sample duration=1d, Orig. time res.=3d, Matrix=pm10, Blank correction=Blank corrected, Volume std. temperature=ambient, Volume std. pressure=ambient
numflag pm10_mass, no unit, Version=2, Version description=Data extracted from http://views.cira.colostate.edu/fed/DataWizard 2019-12-16, Sample duration=1d, Orig. time res.=3d, Matrix=pm10, Blank correction=Blank corrected, Volume std. temperature=ambient, Volume std. pressure=ambient
pm10_pm25_mass, ug/m3, Revision date=20181210133000, Matrix=pm10_pm25
numflag pm10_pm25_mass, no unit, Revision date=20181210133000, Matrix=pm10_pm25
pm25_mass, ug/m3, Version=2, Version description=Data extracted from http://views.cira.colostate.edu/fed/DataWizard 2019-12-16, Sample duration=1d, Orig. time res.=3d, Blank correction=Blank corrected, Volume std. temperature=ambient, Volume std. pressure=ambient
numflag pm25_mass, no unit, Version=2, Version description=Data extracted from http://views.cira.colostate.edu/fed/DataWizard 2019-12-16, Sample duration=1d, Orig. time res.=3d, Blank correction=Blank corrected, Volume std. temperature=ambient, Volume std. pressure=ambient
potassium, ug/m3, Revision date=20181210133000
numflag potassium, no unit, Revision date=20181210133000
sulphate_total, ug S/m3, Revision date=20181210133000
numflag sulphate_total, no unit, Revision date=20181210133000
0
25
Data definition:              EBAS_1.1
Set type code:                TU
Timezone:                     UTC
File name:                    US0034R.20050101060000.20191216000000.filterpack..pm25.52w.1w.US03L_filterpack_US0034.US03L_IMPROVE_Davis.lev2.nas
File creation:                20191218115739
Startdate:                    20050101060000
Revision date:                20191216000000
Statistics:                   arithmetic mean
Data level:                   2
Period code:                  52w
Resolution code:              1w
Station code:                 US0034R
Platform code:                US0034S
Station name:                 Lake Sugema 2
Station latitude:             40.6932
Station longitude:            -92.0059
Station altitude:             229.0 m
Regime:                       IMG
Component:                    
Matrix:                       pm25
Laboratory code:              US03L
Instrument type:              filterpack
Instrument name:              filterpack_US0034
Method ref:                   US03L_IMPROVE_Davis
starttime endtime Fe flag_Fe Pb flag_Pb Mg++ flag_Mg++ Ni flag_Ni NO3- flag_NO3- OC flag_OC OM flag_OM P flag_P PM10 flag_PM10 PM10-PM2.5 flag_PM10-PM2.5 PM2.5 flag_PM2.5 K+ flag_K+ SO4-- flag_SO4--
[from data line 84]
252.25 253.25   49.20 0.000   2.71 0.000 9.999 0.259000 9.99 0.259000  0.072 0.000  1.701 0.000  3.062 0.000 999.99 0.259000  42.344 0.000  14.369 0.000  27.660 0.000 0.076 0.000  4.098 0.000
255.25 256.25   39.64 0.394   2.28 0.394 9.999 0.394259 0.25 0.394000  0.061 0.394  4.646 0.000  8.363 0.000 999.99 0.394259  27.765 0.000  10.651 0.000  16.977 0.000 0.073 0.394  2.374 0.394
258.25 259.25   21.98 0.000   2.70 0.000 9.999 0.259000 0.08 0.000000  0.202 0.000  1.025 0.000  1.845 0.000 999.99 0.259000  12.415 0.000   7.684 0.000   4.621 0.000 0.026 0.000  0.436 0.000
261.25 262.25   44.13 0.000   3.51 0.000 9.999 0.259000 9.99 0.259000  0.065 0.000  2.031 0.000  3.656 0.000 999.99 0.259000  17.729 0.000   7.306 0.000  10.283 0.000 0.045 0.000  1.132 0.000
264.25 265.25   44.95 0.000   2.93 0.000 9.999 0.259000 0.18 0.000000  0.088 0.000  2.090 0.000  3.763 0.000 999.99 0.259000  30.137 0.000  16.802 0.000  13.075 0.000 0.051 0.000  1.524 0.000
267.25 268.25   32.72 0.000   2.61 0.000 9.999 0.259000 0.31 0.000000  0.094 0.000  1.528 0.000  2.751 0.000 999.99 0.259000  20.470 0.000   7.397 0.000  12.916 0.000 0.035 0.000  1.855 0.000
270.25 271.25   13.68 0.000   2.33 0.000 0.014 0.000000 9.99 0.259000  0.160 0.000  0.640 0.000  1.153 0.000 999.99 0.259000  11.340 0.000   5.530 0.000   5.780 0.000 0.022 0.000  0.786 0.000
273.25 274.25   30.02 0.000   3.02 0.000 9.999 0.259000 9.99 0.259000  0.039 0.000  1.440 0.000  2.592 0.000 999.99 0.259000  16.724 0.000   9.050 0.000   7.532 0.000 0.042 0.000  0.774 0.000
276.25 277.25   12.92 0.000   1.16 0.000 0.042 0.000000 0.37 0.000000  0.058 0.000  1.864 0.000  3.354 0.000 999.99 0.259000  17.737 0.000   7.801 0.000   9.794 0.000 0.036 0.000  1.212 0.000
279.25 280.25    6.25 0.000   0.41 0.000 0.013 0.000000 9.99 0.259000  0.083 0.000  0.423 0.000  0.761 0.000 999.99 0.259000   9.533 0.000   6.820 0.000   2.623 0.000 0.009 0.000  0.369 0.000
282.25 283.25   33.99 0.000   3.77 0.000 0.027 0.000000 9.99 0.259000  0.384 0.000  1.554 0.000  2.797 0.000 999.99 0.259000  26.545 0.000  19.355 0.000   6.937 0.000 0.039 0.000  0.747 0.000
285.25 286.25   15.53 0.000   2.25 0.000 0.027 0.000000 9.99 0.259000  0.389 0.000  1.193 0.000  2.147 0.000 999.99 0.259000  14.910 0.000   5.732 0.000   9.062 0.000 0.028 0.000  1.395 0.000
288.25 289.25   36.50 0.000   1.94 0.000 0.054 0.000000 9.99 0.259000  0.068 0.000  1.306 0.000  2.350 0.000  42.75 0.000000  29.411 0.000  24.123 0.000   4.997 0.000 0.059 0.000  0.181 0.000
291.25 292.25   37.21 0.000   1.32 0.000 0.045 0.000000 9.99 0.259000  0.093 0.000  1.152 0.000  2.074 0.000  55.53 0.000000  31.948 0.000  26.268 0.000   5.364 0.000 0.037 0.000  0.423 0.000
294.25 295.25   18.86 0.000   1.40 0.000 0.013 0.000000 9.99 0.259000  0.399 0.000  0.939 0.000  1.691 0.000 999.99 0.259000  13.607 0.000   8.890 0.000   4.594 0.000 0.038 0.000  0.321 0.000
297.25 298.25    8.74 0.000   0.48 0.000 9.999 0.259000 9.99 0.259000  0.079 0.000  0.677 0.000  1.218 0.000  19.40 0.000000  12.171 0.000   9.658 0.000   2.529 0.000 0.015 0.000  0.174 0.000
300.25 301.25   21.80 0.000   2.58 0.000 0.019 0.000000 9.99 0.259000  0.542 0.000  1.209 0.000  2.177 0.000 999.99 0.259000  17.288 0.000  10.657 0.000   6.588 0.000 0.028 0.000  0.546 0.000
303.25 304.25   28.72 0.000   2.52 0.000 0.010 0.000000 9.99 0.259000  0.730 0.000  1.966 0.000  3.538 0.000 999.99 0.259000  22.051 0.000   8.523 0.000  13.356 0.000 0.074 0.000  1.116 0.000
306.25 307.25   41.92 0.000   3.56 0.000 9.999 0.259000 9.99 0.259000  0.042 0.000  1.362 0.000  2.451 0.000 999.99 0.259000  22.869 0.000  16.191 0.000   6.464 0.000 0.052 0.000  0.557 0.000
309.25 310.25   19.66 0.000   3.53 0.000 9.999 0.259000 9.99 0.259000  1.284 0.000  1.454 0.000  2.617 0.000 999.99 0.259000  20.680 0.000   3.906 0.000  16.635 0.000 0.050 0.000  1.511 0.000
312.25 313.25   32.27 0.000   0.47 0.000 9.999 0.259000 9.99 0.259000  0.091 0.000  0.715 0.000  1.288 0.000 999.99 0.259000  22.698 0.000  18.625 0.000   3.849 0.000 0.027 0.000  0.372 0.000
315.25 316.25   33.46 0.000   1.86 0.000 9.999 0.259000 0.27 0.000000  0.127 0.000  3.110 0.000  5.598 0.000 999.99 0.259000  22.879 0.000  11.827 0.000  10.859 0.000 0.112 0.000  0.998 0.000
318.25 319.25   16.13 0.000   1.43 0.000 9.999 0.259000 9.99 0.259000  1.011 0.000  0.572 0.000  1.029 0.000 999.99 0.259000  10.561 0.000   2.367 0.000   8.120 0.000 0.021 0.000  0.443 0.000
321.25 322.25   12.35 0.000   1.08 0.000 9.999 0.259000 9.99 0.259000  0.347 0.000  0.863 0.000  1.553 0.000 999.99 0.259000   8.767 0.000   5.135 0.000   3.629 0.000 0.029 0.000  0.207 0.000
324.25 325.25    7.68 0.000   0.84 0.000 9.999 0.259000 9.99 0.259000  0.254 0.000  0.597 0.000  1.075 0.000 999.99 0.259000   6.519 0.000   3.235 0.000   3.230 0.000 0.016 0.000  0.306 0.000
327.25 328.25 9999.99 0.999 999.99 0.999 9.999 0.999000 9.99 0.999000 99.999 0.999 99.999 0.999 99.999 0.999 999.99 0.999000 999.999 0.999 999.999 0.999 999.999 0.999 9.999 0.999 99.999 0.999
330.25 331.25   15.36 0.000   3.12 0.000 9.999 0.259000 0.33 0.000000  0.258 0.000  1.765 0.000  3.177 0.000 999.99 0.259000  11.350 0.000   1.788 0.000   9.487 0.000 0.059 0.000  1.013 0.000
333.25 334.25    7.95 0.000   2.28 0.000 9.999 0.259000 9.99 0.259000  0.293 0.000  0.431 0.000  0.776 0.000 999.99 0.259000   6.264 0.000   2.728 0.000   3.545 0.000 0.016 0.000  0.333 0.000
336.25 337.25   23.66 0.000   4.64 0.000 9.999 0.259000 0.16 0.000000  1.589 0.000  1.029 0.000  1.853 0.000 999.99 0.259000  16.482 0.000   2.252 0.000  14.121 0.000 0.035 0.000  0.664 0.000
339.25 340.25   13.42 0.000   2.38 0.000 9.999 0.259000 0.14 0.000000  1.535 0.000  0.941 0.000  1.693 0.000 999.99 0.259000  17.322 0.000   3.527 0.000  13.676 0.000 0.041 0.000  0.739 0.000
342.25 343.25   26.91 0.000   4.59 0.000 9.999 0.259000 0.20 0.000000  1.476 0.000  1.111 0.000  1.999 0.000 999.99 0.259000  16.309 0.000   2.954 0.000  13.243 0.000 0.038 0.000  0.564 0.000
345.25 346.25    9.16 0.000  12.02 0.000 9.999 0.259000 9.99 0.259000  1.375 0.000  0.968 0.000  1.742 0.000 999.99 0.259000  18.328 0.000   3.168 0.000  15.037 0.000 0.026 0.000  1.596 0.000
348.25 349.25    6.99 0.000   1.00 0.000 9.999 0.259000 9.99 0.259000  0.219 0.000  0.328 0.000  0.590 0.000 999.99 0.259000   5.491 0.000   1.544 0.000   3.907 0.000 0.012 0.000  0.553 0.000
351.25 352.25   10.69 0.000   1.36 0.000 9.999 0.259000 9.99 0.259000  0.685 0.000  0.467 0.000  0.840 0.000 999.99 0.259000  14.317 0.000   7.100 0.000   7.098 0.000 0.018 0.000  0.498 0.000
354.25 355.25   22.73 0.000   4.30 0.000 9.999 0.259000 0.26 0.000000  2.261 0.000  1.174 0.000  2.113 0.000 999.99 0.259000  24.548 0.000   5.428 0.000  19.028 0.000 0.045 0.000  0.835 0.000
357.25 358.25   17.95 0.000   3.69 0.000 9.999 0.259000 0.18 0.000000  1.983 0.000  1.518 0.000  2.733 0.000 999.99 0.259000  20.946 0.000   2.569 0.000  18.241 0.000 0.037 0.000  0.923 0.000
360.25 361.25   21.43 0.000   5.30 0.000 9.999 0.259000 0.19 0.000000  0.950 0.000  1.440 0.000  2.592 0.000 999.99 0.259000  14.921 0.000   2.295 0.000  12.525 0.000 0.050 0.000  0.975 0.000
363.25 364.25    9.41 0.000   3.50 0.000 9.999 0.259000 9.99 0.259000  0.680 0.000  0.653 0.000  1.176 0.000 999.99 0.259000  11.534 0.000   1.496 0.000   9.962 0.000 0.021 0.000  1.165 0.000
