scripts/IMPROVE-2019_partial/data/US0048R.19970101060000.20191216000000.filterpack...1y.3d.US03L_filterpack_US0048.US03L_IMPROVE_Davis.lev2.nas
51 1001
MISSING INFORMATION
US03L, IMPROVE, , , , , , , 
MISSING INFORMATION
IMPROVE sel_HTAP
1 1
1997 01 01 2019 12 16
0
days from file reference point
4
1 1 1 1
999.99 999.999 999.999 9.999
end_time of measurement, days from the file reference point
pm10_mass, ug/m3, Matrix=pm10
pm25_mass, ug/m3, Matrix=pm25
numflag, no unit
0
33
Data definition:              EBAS_1.1
Set type code:                TI
Timezone:                     UTC
File name:                    US0048R.19970101060000.20191216000000.filterpack...1y.3d.US03L_filterpack_US0048.US03L_IMPROVE_Davis.lev2.nas
File creation:                20191218115817
Startdate:                    19970101060000
Revision date:                20191216000000
Version:                      2
Version description:          "Data extracted from http://views.cira.colostate.edu/fed/DataWizard 2019-12-16"
Statistics:                   arithmetic mean
Data level:                   2
Period code:                  1y
Resolution code:              3d
Sample duration:              1d
Orig. time res.:              3d
Station code:                 US0048R
Platform code:                US0048S
Station name:                 Boundary Waters Canoe Area
Station latitude:             47.9466
Station longitude:            -91.4955
Station altitude:             526.0 m
Regime:                       IMG
Component:                    
Unit:                         ug/m3
Matrix:                       
Laboratory code:              US03L
Instrument type:              filterpack
Instrument name:              filterpack_US0048
Method ref:                   US03L_IMPROVE_Davis
Blank correction:             Blank corrected
Volume std. temperature:      ambient
Volume std. pressure:         ambient
starttime endtime PM10 PM2.5 flag
  0.25   1.25  21.254  18.989 0.000
  3.25   4.25   5.208   4.015 0.000
  7.25   8.25  13.992   7.916 0.000
 10.25  11.25   2.643   1.835 0.000
 14.25  15.25  10.442   8.299 0.000
 17.25  18.25   4.297   2.812 0.000
 21.25  22.25   2.675   3.123 0.000
 24.25  25.25   3.131   3.527 0.000
 28.25  29.25   8.302   3.542 0.000
 31.25  32.25   9.336   9.119 0.000
 35.25  36.25   5.515   4.223 0.000
 38.25  39.25   7.047   4.257 0.000
 42.25  43.25   4.546   3.924 0.000
 45.25  46.25   6.045   4.132 0.000
 49.25  50.25  21.446   4.500 0.000
 52.25  53.25   2.655   2.126 0.000
 56.25  57.25   6.793   4.314 0.000
 59.25  60.25  12.631   4.384 0.000
 63.25  64.25   4.546   4.546 0.000
 66.25  67.25   7.444   5.692 0.000
 70.25  71.25   8.017   2.055 0.000
 73.25  74.25   6.025   4.464 0.000
 77.25  78.25  18.944   7.866 0.000
 80.25  81.25   6.587   3.083 0.000
 84.25  85.25   7.666   3.575 0.000
 87.25  88.25   3.066   2.888 0.000
 91.25  92.25  12.865   8.114 0.000
 94.25  95.25   8.814   7.936 0.000
 98.25  99.25   3.602   2.911 0.000
101.25 102.25   4.514   3.297 0.000
105.25 106.25   3.576   3.404 0.000
108.25 109.25   5.697   4.229 0.000
112.25 113.25  10.776   1.626 0.000
115.25 116.25  15.366   7.554 0.000
119.25 120.25   6.513   1.736 0.000
122.25 123.25   4.159   4.119 0.000
126.25 127.25   5.682   4.215 0.000
129.25 130.25   5.051   2.937 0.000
133.25 134.25   4.602   2.888 0.000
136.25 137.25   8.911   3.997 0.000
140.25 141.25   1.859   2.226 0.000
143.25 144.25  13.851   4.619 0.000
147.25 148.25  10.508   2.625 0.000
150.25 151.25  17.196  11.031 0.000
154.25 155.25 999.999 999.999 0.999
157.25 158.25  14.748   9.995 0.000
161.25 162.25 999.999 999.999 0.999
164.25 165.25 999.999 999.999 0.999
168.25 169.25 999.999 999.999 0.999
171.25 172.25 999.999 999.999 0.999
175.25 176.25   7.235   3.375 0.000
178.25 179.25  15.380   3.680 0.000
182.25 183.25   4.403   3.160 0.000
185.25 186.25   5.155   3.620 0.000
189.25 190.25   5.729   4.101 0.000
192.25 193.25  20.521  16.997 0.000
196.25 197.25   9.898   4.769 0.000
199.25 200.25   4.965   3.373 0.000
203.25 204.25 999.999 999.999 0.999
206.25 207.25   8.819   8.995 0.000
210.25 211.25   7.747   3.671 0.000
213.25 214.25   8.759   6.521 0.000
217.25 218.25   5.793   4.652 0.000
220.25 221.25  21.049  15.338 0.000
224.25 225.25   2.099   1.247 0.000
227.25 228.25   2.949   2.158 0.000
231.25 232.25   5.013   3.999 0.000
234.25 235.25   8.950   4.991 0.000
238.25 239.25   5.910   3.645 0.000
241.25 242.25  11.992   9.155 0.000
245.25 246.25   3.947   1.226 0.000
248.25 249.25   7.324   4.053 0.000
252.25 253.25   6.906   2.304 0.000
255.25 256.25  15.685   9.947 0.000
259.25 260.25   5.858   2.388 0.000
262.25 263.25   2.793   0.974 0.000
266.25 267.25  10.035   3.968 0.000
269.25 270.25  14.399   8.251 0.000
273.25 274.25   4.966   1.998 0.000
276.25 277.25  10.341   4.839 0.000
280.25 281.25  26.552  13.664 0.000
283.25 284.25  18.628  11.863 0.000
287.25 288.25   8.838   3.198 0.000
290.25 291.25  17.929  11.854 0.000
294.25 295.25   6.862   1.561 0.000
297.25 298.25   3.817 999.999 0.000
301.25 302.25   6.944   3.168 0.000
304.25 305.25   7.516   1.952 0.000
308.25 309.25 999.999   1.472 0.000
311.25 312.25  13.550  10.465 0.000
315.25 316.25   8.167   4.522 0.000
318.25 319.25   4.324   1.970 0.000
322.25 323.25 999.999 999.999 0.999
325.25 326.25 999.999 999.999 0.999
329.25 330.25   6.182   2.860 0.000
332.25 333.25  16.980   9.647 0.000
336.25 337.25   6.606   1.984 0.000
339.25 340.25   3.303 999.999 0.000
343.25 344.25   9.903   7.296 0.000
346.25 347.25   5.630   0.576 0.000
350.25 351.25   5.166   3.230 0.000
353.25 354.25   3.980   2.455 0.000
357.25 358.25  16.878  13.430 0.000
360.25 361.25   2.285   1.324 0.000
364.25 365.25   3.494   2.067 0.000
