scripts/IMPROVE-2019_partial/data/US0098R.20010101080000.20191216000000.filterpack..pm25.52w.1w.US03L_filterpack_US0098.US03L_IMPROVE_Davis.lev2.nas
66 1001
MISSING INFORMATION
US03L, IMPROVE, , , , , , , 
MISSING INFORMATION
IMPROVE sel_HTAP
1 1
2001 01 01 2019 12 16
3.000000
days from file reference point
27
1 1 1 1 1 1 1 1 1 1 1 1 1 1 1 1 1 1 1 1 1 1 1 1 1 1 1
999.999999 9999.99 9.999 99.99 9.999 9.999 9.999999 99.99 9.999999 99.999 9.999 99.999 9.999 999.999 9.999 999.99 9.999999 9999.999 9.999 999.999 9.999 999.999 9.999 9.999 9.999 99.999 9.999999
end_time of measurement, days from the file reference point
iron, ng/m3, Revision date=20181210133000
numflag iron, no unit, Revision date=20181210133000
lead, ng/m3, Revision date=20181210133000
numflag lead, no unit, Revision date=20181210133000
magnesium, ug/m3, Revision date=20181210133000
numflag magnesium, no unit, Revision date=20181210133000
nickel, ng/m3, Revision date=20181210133000
numflag nickel, no unit, Revision date=20181210133000
nitrate, ug N/m3, Revision date=20181210133000
numflag nitrate, no unit, Revision date=20181210133000
organic_carbon, ug C/m3, Revision date=20181210133000
numflag organic_carbon, no unit, Revision date=20181210133000
organic_mass, ug/m3, Revision date=20181210133000
numflag organic_mass, no unit, Revision date=20181210133000
phosphorus, ng/m3, Revision date=20181210133000
numflag phosphorus, no unit, Revision date=20181210133000
pm10_mass, ug/m3, Version=2, Version description=Data extracted from http://views.cira.colostate.edu/fed/DataWizard 2019-12-16, Sample duration=1d, Orig. time res.=3d, Matrix=pm10, Blank correction=Blank corrected, Volume std. temperature=ambient, Volume std. pressure=ambient
numflag pm10_mass, no unit, Version=2, Version description=Data extracted from http://views.cira.colostate.edu/fed/DataWizard 2019-12-16, Sample duration=1d, Orig. time res.=3d, Matrix=pm10, Blank correction=Blank corrected, Volume std. temperature=ambient, Volume std. pressure=ambient
pm10_pm25_mass, ug/m3, Revision date=20181210133000, Matrix=pm10_pm25
numflag pm10_pm25_mass, no unit, Revision date=20181210133000, Matrix=pm10_pm25
pm25_mass, ug/m3, Version=2, Version description=Data extracted from http://views.cira.colostate.edu/fed/DataWizard 2019-12-16, Sample duration=1d, Orig. time res.=3d, Blank correction=Blank corrected, Volume std. temperature=ambient, Volume std. pressure=ambient
numflag pm25_mass, no unit, Version=2, Version description=Data extracted from http://views.cira.colostate.edu/fed/DataWizard 2019-12-16, Sample duration=1d, Orig. time res.=3d, Blank correction=Blank corrected, Volume std. temperature=ambient, Volume std. pressure=ambient
potassium, ug/m3, Revision date=20181210133000
numflag potassium, no unit, Revision date=20181210133000
sulphate_total, ug S/m3, Revision date=20181210133000
numflag sulphate_total, no unit, Revision date=20181210133000
0
25
Data definition:              EBAS_1.1
Set type code:                TU
Timezone:                     UTC
File name:                    US0098R.20010101080000.20191216000000.filterpack..pm25.52w.1w.US03L_filterpack_US0098.US03L_IMPROVE_Davis.lev2.nas
File creation:                20191218120207
Startdate:                    20010101080000
Revision date:                20191216000000
Statistics:                   arithmetic mean
Data level:                   2
Period code:                  52w
Resolution code:              1w
Station code:                 US0098R
Platform code:                US0098S
Station name:                 Point Reyes National Seashore
Station latitude:             38.1224
Station longitude:            -122.9085
Station altitude:             97.0 m
Regime:                       IMG
Component:                    
Matrix:                       pm25
Laboratory code:              US03L
Instrument type:              filterpack
Instrument name:              filterpack_US0098
Method ref:                   US03L_IMPROVE_Davis
starttime endtime Fe flag_Fe Pb flag_Pb Mg++ flag_Mg++ Ni flag_Ni NO3- flag_NO3- OC flag_OC OM flag_OM P flag_P PM10 flag_PM10 PM10-PM2.5 flag_PM10-PM2.5 PM2.5 flag_PM2.5 K+ flag_K+ SO4-- flag_SO4--
  0.333333   1.333333   28.77 0.559  3.36 0.559 9.999 0.559259  0.33 0.559000  2.286 0.000  3.725 0.000   5.215 0.000 999.99 0.559259 9999.999 0.456 999.999 0.999  20.516 0.559 0.092 0.559  0.381 0.000000
  3.333333   4.333333   41.00 0.000  2.84 0.000 9.999 0.259000  0.11 0.000000  1.130 0.000  3.409 0.000   4.772 0.000 999.99 0.259000   18.913 0.000   5.248 0.000  13.665 0.000 0.101 0.000  0.279 0.000000
  6.333333   7.333333   39.37 0.000  2.02 0.000 9.999 0.259000  1.49 0.000000  1.740 0.000  2.537 0.000   3.552 0.000 999.99 0.259000   33.868 0.000  11.947 0.000  21.921 0.000 0.063 0.000  0.864 0.000000
  9.333333  10.333333    3.44 0.000  0.14 0.000 9.999 0.259000  0.31 0.000000  0.067 0.000  0.413 0.000   0.579 0.000 999.99 0.259000   16.157 0.000  10.535 0.000   5.622 0.000 0.042 0.000  0.202 0.000000
 12.333333  13.333333    1.43 0.000 99.99 0.259 9.999 0.259000  0.25 0.000000  0.044 0.000  0.527 0.000   0.738 0.000 999.99 0.259000   13.555 0.000   9.810 0.000   3.744 0.000 0.026 0.000  0.171 0.000000
 15.333333  16.333333    2.25 0.000  0.16 0.000 9.999 0.259000 99.99 0.259000  0.031 0.000  0.441 0.000   0.618 0.000 999.99 0.259000    7.280 0.000   4.822 0.000   2.458 0.000 0.025 0.000  0.233 0.000000
 18.333333  19.333333   33.58 0.559  2.62 0.559 9.999 0.559259 99.99 0.559259  1.740 0.000  3.932 0.000   5.504 0.000 999.99 0.559259   36.950 0.000  14.574 0.000  22.377 0.559 0.122 0.559  0.415 0.000000
 21.333333  22.333333   22.02 0.559  2.02 0.559 9.999 0.559259  0.56 0.559000  1.062 0.000  2.732 0.000   3.825 0.000 999.99 0.559259   16.290 0.000   3.844 0.000  12.446 0.559 0.060 0.559  0.528 0.000000
 24.333333  25.333333    1.65 0.000 99.99 0.259 9.999 0.259000  0.18 0.000000  0.044 0.000  0.230 0.000   0.322 0.000 999.99 0.259000    9.247 0.000   6.032 0.000   3.215 0.000 0.024 0.000  0.142 0.000000
 27.333333  28.333333    6.99 0.559  0.28 0.559 9.999 0.559259  0.71 0.559000  0.166 0.000  2.076 0.000   2.906 0.000 999.99 0.559259   14.335 0.000   7.063 0.000   7.272 0.559 0.035 0.559  0.273 0.000000
 30.333333  31.333333    8.80 0.000  0.91 0.000 9.999 0.259000 99.99 0.259000  0.109 0.000  0.768 0.000   1.076 0.000 999.99 0.259000   10.766 0.000   7.623 0.000   3.142 0.000 0.027 0.000  0.144 0.000000
 33.333333  34.333333   34.87 0.000  2.25 0.000 9.999 0.259000 99.99 0.259000  0.770 0.000  2.354 0.000   3.296 0.000 999.99 0.259000   28.035 0.000  13.378 0.000  14.657 0.000 0.101 0.000  0.421 0.000000
 36.333333  37.333333 9999.99 0.456 99.99 0.456 9.999 0.456000 99.99 0.456000 99.999 0.456 99.999 0.999 999.999 0.999 999.99 0.456000 9999.999 0.456 999.999 0.999 999.999 0.456 9.999 0.456 99.999 0.456000
 39.333333  40.333333 9999.99 0.456 99.99 0.456 9.999 0.456000 99.99 0.456000 99.999 0.456 99.999 0.999 999.999 0.999 999.99 0.456000 9999.999 0.456 999.999 0.999 999.999 0.456 9.999 0.456 99.999 0.456000
 42.333333  43.333333 9999.99 0.456 99.99 0.456 9.999 0.456000 99.99 0.456000 99.999 0.456 99.999 0.999 999.999 0.999 999.99 0.456000 9999.999 0.456 999.999 0.999 999.999 0.456 9.999 0.456 99.999 0.456000
 45.333333  46.333333    5.55 0.000  0.21 0.000 9.999 0.259000  0.75 0.000000  0.197 0.000  0.928 0.000   1.300 0.000 999.99 0.259000    9.994 0.000   5.292 0.000   4.702 0.000 0.021 0.000  0.359 0.000000
 48.333333  49.333333    9.46 0.000  0.38 0.000 9.999 0.259000  0.32 0.000000  0.108 0.000  0.389 0.000   0.544 0.000 999.99 0.259000    5.364 0.000   2.886 0.000   2.478 0.000 0.023 0.000  0.188 0.000000
 51.333333  52.333333    2.51 0.000  0.19 0.000 9.999 0.259000  0.28 0.000000  0.041 0.000  0.699 0.000   0.978 0.000 999.99 0.259000   11.317 0.000   7.258 0.000   4.059 0.000 0.023 0.000  0.213 0.000000
 54.333333  55.333333    2.43 0.559  0.10 0.559 9.999 0.559259  0.16 0.559000  0.031 0.000  0.809 0.000   1.132 0.000 999.99 0.559259   14.554 0.000   7.643 0.000   6.910 0.559 0.037 0.559  0.165 0.000000
 57.333333  58.333333   10.37 0.559  0.94 0.559 9.999 0.559259  0.57 0.559000  0.077 0.000  0.632 0.000   0.885 0.000 999.99 0.559259 9999.999 0.999 999.999 0.999   3.509 0.559 0.031 0.559  0.158 0.000000
 60.333333  61.333333   10.48 0.559  0.92 0.559 9.999 0.559259  0.77 0.559000  0.075 0.000  0.358 0.000   0.501 0.000 999.99 0.559259 9999.999 0.999 999.999 0.999   4.336 0.559 0.035 0.559  0.208 0.000000
 63.333333  64.333333 9999.99 0.999 99.99 0.999 9.999 0.999000 99.99 0.999000 99.999 0.999 99.999 0.999 999.999 0.999 999.99 0.999000 9999.999 0.999 999.999 0.999 999.999 0.999 9.999 0.999 99.999 0.999000
 66.333333  67.333333   15.92 0.559  1.13 0.559 9.999 0.559259  0.74 0.559000  0.088 0.000  0.425 0.000   0.595 0.000 999.99 0.559259 9999.999 0.999 999.999 0.999   9.053 0.559 0.068 0.559  0.567 0.000000
 69.333333  70.333333   16.56 0.559  0.73 0.559 9.999 0.559259  1.01 0.559000  0.214 0.000  0.513 0.000   0.718 0.000 999.99 0.559259 9999.999 0.999 999.999 0.999  11.491 0.559 0.070 0.559  0.674 0.000000
 72.333333  73.333333   28.26 0.559  0.78 0.559 9.999 0.559259  0.69 0.559000  0.082 0.000  0.234 0.000   0.327 0.000 999.99 0.559259 9999.999 0.999 999.999 0.999  10.467 0.559 0.073 0.559  0.414 0.000000
 75.333333  76.333333    9.47 0.559  0.73 0.559 9.999 0.559259  0.60 0.559000  0.074 0.000  0.126 0.000   0.176 0.000 999.99 0.559259 9999.999 0.999 999.999 0.999   5.727 0.559 0.045 0.559  0.223 0.000000
 78.333333  79.333333   26.32 0.559  1.49 0.559 9.999 0.559259  1.79 0.559000  0.360 0.000  1.444 0.000   2.022 0.000 999.99 0.559259 9999.999 0.999 999.999 0.999   8.626 0.559 0.055 0.559  0.530 0.000000
 81.333333  82.333333    6.20 0.559  0.59 0.559 9.999 0.559259  1.25 0.559000  0.034 0.000  0.292 0.000   0.409 0.000 999.99 0.559259 9999.999 0.999 999.999 0.999   1.960 0.559 0.009 0.559  0.245 0.000000
 84.333333  85.333333   16.56 0.559  1.28 0.559 9.999 0.559259  1.11 0.559000  0.083 0.000  0.251 0.000   0.351 0.000 999.99 0.559259 9999.999 0.999 999.999 0.999   9.810 0.559 0.071 0.559  0.394 0.000000
 87.333333  88.333333    3.94 0.000  0.61 0.000 9.999 0.259000  0.84 0.000000  0.060 0.000  0.170 0.000   0.238 0.000 999.99 0.259000 9999.999 0.999 999.999 0.999   3.861 0.000 0.030 0.000  0.180 0.000000
 90.333333  91.333333   26.09 0.000  0.73 0.000 9.999 0.259000  0.65 0.000000  0.062 0.000  0.149 0.000   0.209 0.000 999.99 0.259000 9999.999 0.999 999.999 0.999   6.719 0.000 0.055 0.000  0.311 0.000000
 93.333333  94.333333   29.25 0.000  1.41 0.000 9.999 0.259000  0.91 0.000000  0.073 0.559  0.358 0.000   0.501 0.000 999.99 0.259000 9999.999 0.999 999.999 0.999   3.581 0.000 0.039 0.000  0.200 0.559000
 96.333333  97.333333    7.87 0.559  0.54 0.559 9.999 0.559259  0.86 0.559000  0.019 0.000  0.740 0.000   1.036 0.000 999.99 0.559259 9999.999 0.999 999.999 0.999   4.509 0.559 0.032 0.559  0.145 0.000000
 99.333333 100.333333   14.26 0.559  1.13 0.559 9.999 0.559259  0.63 0.559000  0.080 0.000  0.217 0.000   0.303 0.000 999.99 0.559259 9999.999 0.999 999.999 0.999   7.978 0.559 0.059 0.559  0.399 0.000000
102.333333 103.333333    8.70 0.559  0.64 0.559 9.999 0.559259  0.98 0.559000  0.055 0.000  0.084 0.000   0.117 0.000 999.99 0.559259 9999.999 0.999 999.999 0.999   7.209 0.559 0.049 0.559  0.295 0.000000
105.333333 106.333333  292.40 0.559  1.30 0.559 9.999 0.559259  0.35 0.559000  0.107 0.000  0.278 0.000   0.389 0.000 999.99 0.559259 9999.999 0.999 999.999 0.999   8.129 0.559 0.148 0.559  0.379 0.000000
108.333333 109.333333 9999.99 0.999 99.99 0.999 9.999 0.999000 99.99 0.999000 99.999 0.999 99.999 0.999 999.999 0.999 999.99 0.999000 9999.999 0.999 999.999 0.999 999.999 0.999 9.999 0.999 99.999 0.999000
111.333333 112.333333 9999.99 0.999 99.99 0.999 9.999 0.999000 99.99 0.999000 99.999 0.999 99.999 0.999 999.999 0.999 999.99 0.999000 9999.999 0.999 999.999 0.999 999.999 0.999 9.999 0.999 99.999 0.999000
114.333333 115.333333    8.31 0.559  0.60 0.559 9.999 0.559259  0.94 0.559000  0.021 0.000  0.084 0.000   0.118 0.000 999.99 0.559259 9999.999 0.999 999.999 0.999   1.179 0.559 0.008 0.559  0.129 0.000000
117.333333 118.333333   12.38 0.559  0.93 0.559 9.999 0.559259  0.69 0.559000  0.070 0.000  0.292 0.000   0.408 0.000 999.99 0.559259 9999.999 0.999 999.999 0.999   3.968 0.559 0.028 0.559  0.240 0.000000
120.333333 121.333333 9999.99 0.456 99.99 0.456 9.999 0.456000 99.99 0.456000  0.062 0.000  0.388 0.000   0.543 0.000 999.99 0.456000 9999.999 0.999 999.999 0.999 999.999 0.456 9.999 0.456  0.517 0.000000
123.333333 124.333333   58.02 0.559  1.03 0.559 9.999 0.559259  2.82 0.559000  0.448 0.000  0.802 0.000   1.123 0.000 999.99 0.559259 9999.999 0.999 999.999 0.999  11.905 0.559 0.103 0.559  0.556 0.000000
126.333333 127.333333   88.68 0.699  2.02 0.699 9.999 0.699259 99.99 0.699259  0.275 0.000  0.998 0.000   1.397 0.000 999.99 0.699259 9999.999 0.999 999.999 0.999  14.034 0.699 0.128 0.699  0.533 0.000000
129.333333 130.333333 9999.99 0.999 99.99 0.999 9.999 0.999000 99.99 0.999000 99.999 0.999 99.999 0.999 999.999 0.999 999.99 0.999000 9999.999 0.999 999.999 0.999 999.999 0.999 9.999 0.999 99.999 0.999000
132.333333 133.333333 9999.99 0.999 99.99 0.999 9.999 0.999000 99.99 0.999000 99.999 0.999 99.999 0.999 999.999 0.999 999.99 0.999000 9999.999 0.999 999.999 0.999 999.999 0.999 9.999 0.999 99.999 0.999000
135.333333 136.333333   22.40 0.000  0.73 0.000 9.999 0.259000  0.73 0.000000  0.050 0.559  0.330 0.000   0.461 0.000 999.99 0.259000   15.642 0.000  10.353 0.000   5.290 0.000 0.043 0.000  0.289 0.559000
138.333333 139.333333   26.65 0.000  0.74 0.000 0.212 0.000000  1.41 0.000000  0.330 0.559  0.583 0.000   0.816 0.000 999.99 0.259000   32.934 0.000  18.090 0.000  14.845 0.000 0.085 0.000  0.668 0.559000
141.333333 142.333333   23.54 0.000  0.75 0.000 9.999 0.259000  1.23 0.000000  0.081 0.559  0.440 0.000   0.615 0.000 999.99 0.259000    6.738 0.000   2.278 0.000   4.460 0.000 0.028 0.000  0.553 0.559000
144.333333 145.333333    7.18 0.000  0.48 0.000 9.999 0.259000  1.09 0.000000  0.036 0.000 99.999 0.999 999.999 0.999 999.99 0.259000    4.975 0.000   2.599 0.000   2.376 0.000 0.014 0.000  0.263 0.000000
147.333333 148.333333   20.05 0.000  0.90 0.000 9.999 0.259000  0.83 0.000000  0.065 0.559 99.999 0.999 999.999 0.999 999.99 0.259000   20.043 0.000  13.006 0.000   7.037 0.000 0.048 0.000  0.425 0.559000
150.333333 151.333333   42.90 0.000  0.95 0.000 9.999 0.259000  2.44 0.000000  0.536 0.559  1.156 0.000   1.618 0.000 999.99 0.259000   27.401 0.000  15.807 0.000  11.595 0.000 0.067 0.000  0.541 0.559000
153.333333 154.333333    9.94 0.000  0.34 0.000 9.999 0.259000  0.19 0.000000  0.053 0.000  0.519 0.000   0.727 0.000 999.99 0.259000   29.084 0.000  18.084 0.000  11.001 0.000 0.069 0.000  0.462 0.000000
156.333333 157.333333    6.81 0.000  0.39 0.000 9.999 0.259000  0.69 0.000000  0.090 0.559  0.241 0.000   0.338 0.000 999.99 0.259000   15.608 0.000   9.790 0.000   5.817 0.000 0.037 0.000  0.323 0.559000
159.333333 160.333333    2.76 0.000  0.21 0.000 9.999 0.259000  0.18 0.000000  0.035 0.559  0.092 0.000   0.129 0.000 999.99 0.259000   11.139 0.000   7.124 0.000   4.014 0.000 0.024 0.000  0.155 0.559000
162.333333 163.333333    2.25 0.000  0.15 0.000 9.999 0.259000  0.25 0.000000  0.053 0.000  0.078 0.000   0.109 0.000 999.99 0.259000   10.924 0.000   4.832 0.000   6.092 0.000 0.032 0.000  0.188 0.000000
165.333333 166.333333    5.24 0.000  0.27 0.000 0.208 0.000000  0.35 0.000000  0.101 0.000  0.335 0.000   0.469 0.000 999.99 0.259000   48.886 0.000  35.027 0.000  13.859 0.000 0.077 0.000  0.392 0.000000
168.333333 169.333333 9999.99 0.699 99.99 0.699 9.999 0.699000 99.99 0.699000  0.137 0.000  0.410 0.000   0.574 0.000 999.99 0.699000  119.259 0.000 999.999 0.999 999.999 0.699 9.999 0.699  0.552 0.000000
171.333333 172.333333   18.33 0.000  0.10 0.000 0.198 0.000000  0.72 0.000000 99.999 0.456  0.383 0.000   0.537 0.000 999.99 0.259000   39.352 0.000  29.617 0.000   9.735 0.000 0.060 0.000 99.999 0.456000
174.333333 175.333333    3.75 0.000  0.16 0.000 0.082 0.000000  0.70 0.000000  0.100 0.000  0.192 0.000   0.268 0.000 999.99 0.259000   17.671 0.000  11.396 0.000   6.274 0.000 0.032 0.000  0.436 0.000000
177.333333 178.333333 9999.99 0.999 99.99 0.999 9.999 0.999000 99.99 0.999000 99.999 0.999 99.999 0.999 999.999 0.999 999.99 0.999000 9999.999 0.456 999.999 0.999 999.999 0.999 9.999 0.999 99.999 0.999000
180.333333 181.333333    7.09 0.000  0.44 0.000 9.999 0.259000  0.94 0.000000  0.131 0.559  0.599 0.000   0.839 0.000 999.99 0.259000 9999.999 0.456 999.999 0.999  13.436 0.000 0.061 0.000  1.062 0.559000
183.333333 184.333333    8.61 0.000  0.21 0.000 9.999 0.259000  0.68 0.000000  0.217 0.000  0.425 0.000   0.595 0.000 999.99 0.259000 9999.999 0.456 999.999 0.999  15.332 0.000 0.071 0.000  0.608 0.000000
186.333333 187.333333 9999.99 0.456 99.99 0.456 9.999 0.456000 99.99 0.456000  0.002 0.559  0.314 0.000   0.440 0.000 999.99 0.456000   28.259 0.000 999.999 0.999 999.999 0.456 9.999 0.456 99.999 0.559259
189.333333 190.333333 9999.99 0.456 99.99 0.456 9.999 0.456000 99.99 0.456000  0.002 0.559  0.098 0.000   0.137 0.000 999.99 0.456000    5.918 0.000 999.999 0.999 999.999 0.456 9.999 0.456 99.999 0.559259
192.333333 193.333333    4.51 0.000  0.22 0.000 9.999 0.259000  0.36 0.000000  0.045 0.000  0.084 0.000   0.117 0.000 999.99 0.259000    6.394 0.000   3.461 0.000   2.933 0.000 0.014 0.000  0.390 0.000000
195.333333 196.333333    3.79 0.000 99.99 0.259 9.999 0.259000  0.30 0.000000  0.086 0.000  0.215 0.000   0.301 0.000 999.99 0.259000   22.552 0.000  12.775 0.000   9.777 0.000 0.046 0.000  0.581 0.000000
198.333333 199.333333    3.93 0.000  0.08 0.000 0.090 0.000000  0.74 0.000000  0.121 0.000  0.055 0.000   0.076 0.000 999.99 0.259000   13.587 0.000   7.010 0.000   6.577 0.000 0.033 0.000  0.549 0.000000
201.333333 202.333333    1.08 0.000  0.04 0.000 9.999 0.259000  0.33 0.000000  0.071 0.000 99.999 0.259 999.999 0.259 999.99 0.259000    9.628 0.000   6.112 0.000   3.516 0.000 0.014 0.000  0.285 0.000000
204.333333 205.333333    3.58 0.000  0.07 0.000 9.999 0.259000  0.74 0.000000  0.073 0.000  0.178 0.000   0.249 0.000 999.99 0.259000    6.246 0.000   2.024 0.000   4.222 0.000 0.017 0.000  0.593 0.000000
207.333333 208.333333    3.99 0.000  0.19 0.000 9.999 0.259000  0.62 0.000000  0.076 0.000  0.149 0.000   0.208 0.000 999.99 0.259000    7.481 0.000   3.040 0.000   4.441 0.000 0.023 0.000  0.582 0.000000
210.333333 211.333333    2.75 0.000  0.08 0.000 9.999 0.259000  0.23 0.000000  0.042 0.000 99.999 0.259 999.999 0.259 999.99 0.259000    3.221 0.000   0.896 0.000   2.325 0.000 0.009 0.000  0.285 0.000000
213.333333 214.333333    7.80 0.000  0.07 0.000 9.999 0.259000  0.20 0.000000  0.012 0.000 99.999 0.259 999.999 0.259 999.99 0.259000    1.510 0.000   0.686 0.000   0.824 0.000 0.006 0.000  0.053 0.000000
216.333333 217.333333    4.12 0.000  0.10 0.000 9.999 0.259000  0.84 0.000000  0.064 0.000 99.999 0.259 999.999 0.259 999.99 0.259000    3.724 0.000   0.863 0.000   2.861 0.000 0.012 0.000  0.372 0.000000
219.333333 220.333333 9999.99 0.999 99.99 0.999 9.999 0.999000 99.99 0.999000 99.999 0.999 99.999 0.999 999.999 0.999 999.99 0.999000 9999.999 0.999 999.999 0.999 999.999 0.999 9.999 0.999 99.999 0.999000
222.333333 223.333333    3.11 0.000  0.19 0.000 9.999 0.259000  0.46 0.000000  0.060 0.000  0.140 0.000   0.195 0.000 999.99 0.259000    5.166 0.000   2.484 0.000   2.682 0.000 0.015 0.000  0.394 0.000000
225.333333 226.333333    3.04 0.000  0.21 0.000 9.999 0.259000  0.28 0.000000  0.048 0.000  0.316 0.000   0.442 0.000 999.99 0.259000    6.173 0.000   2.495 0.000   3.678 0.000 0.018 0.000  0.404 0.000000
228.333333 229.333333    8.65 0.000  0.19 0.000 0.124 0.000000  0.29 0.000000  0.079 0.000  0.182 0.000   0.255 0.000 999.99 0.259000   25.564 0.000  17.151 0.000   8.413 0.000 0.040 0.000  0.581 0.000000
231.333333 232.333333    2.37 0.000  0.11 0.000 9.999 0.259000  0.54 0.000000  0.116 0.000  0.045 0.000   0.063 0.000 999.99 0.259000   18.653 0.000  10.087 0.000   8.566 0.000 0.038 0.000  0.666 0.000000
