scripts/IMPROVE-2019_partial/data/US0034R.20140102060000.20191216000000.filterpack...52w.3d.US03L_filterpack_US0034.US03L_IMPROVE_Davis.lev2.nas
52 1001
MISSING INFORMATION
US03L, IMPROVE, , , , , , , 
MISSING INFORMATION
IMPROVE sel_HTAP
1 1
2014 01 01 2019 12 16
3.00
days from file reference point
5
1 1 1 1 1
999.99 999.999 9.999 999.999 9.999
end_time of measurement, days from the file reference point
pm10_mass, ug/m3, Matrix=pm10
numflag pm10_mass, no unit, Matrix=pm10
pm25_mass, ug/m3, Matrix=pm25
numflag pm25_mass, no unit, Matrix=pm25
0
33
Data definition:              EBAS_1.1
Set type code:                TU
Timezone:                     UTC
File name:                    US0034R.20140102060000.20191216000000.filterpack...52w.3d.US03L_filterpack_US0034.US03L_IMPROVE_Davis.lev2.nas
File creation:                20191218115740
Startdate:                    20140102060000
Revision date:                20191216000000
Version:                      2
Version description:          "Data extracted from http://views.cira.colostate.edu/fed/DataWizard 2019-12-16"
Statistics:                   arithmetic mean
Data level:                   2
Period code:                  52w
Resolution code:              3d
Sample duration:              1d
Orig. time res.:              3d
Station code:                 US0034R
Platform code:                US0034S
Station name:                 Lake Sugema 2
Station latitude:             40.6932
Station longitude:            -92.0059
Station altitude:             229.0 m
Regime:                       IMG
Component:                    
Unit:                         ug/m3
Matrix:                       
Laboratory code:              US03L
Instrument type:              filterpack
Instrument name:              filterpack_US0034
Method ref:                   US03L_IMPROVE_Davis
Blank correction:             Blank corrected
Volume std. temperature:      ambient
Volume std. pressure:         ambient
starttime endtime PM10 flag_PM10 PM2.5 flag_PM2.5
  1.25   2.25  10.978 0.000   7.225 0.000
  4.25   5.25  13.565 0.000   4.510 0.000
  7.25   8.25  20.159 0.000  11.421 0.000
 10.25  11.25   8.924 0.000   7.747 0.000
 13.25  14.25   8.915 0.000   4.188 0.000
 16.25  17.25  12.049 0.000   2.897 0.000
 19.25  20.25   6.752 0.000   5.127 0.000
 22.25  23.25   9.138 0.000   2.180 0.000
 25.25  26.25  14.021 0.000   1.994 0.000
 28.25  29.25  12.868 0.000   3.800 0.000
 31.25  32.25  13.964 0.000  10.271 0.000
 34.25  35.25  21.153 0.000  16.335 0.000
 37.25  38.25  11.334 0.000   7.724 0.000
 40.25  41.25   8.655 0.000   5.662 0.000
 43.25  44.25  21.309 0.000  16.422 0.000
 46.25  47.25  23.120 0.000  18.997 0.000
 49.25  50.25  10.065 0.000   5.160 0.000
 52.25  53.25   5.264 0.000   3.454 0.000
 55.25  56.25   6.217 0.000   4.183 0.000
 58.25  59.25  17.228 0.000   8.646 0.000
 61.25  62.25   9.122 0.000   6.138 0.000
 64.25  65.25  27.934 0.000  23.490 0.000
 67.25  68.25  13.890 0.000  10.499 0.000
 70.25  71.25   4.151 0.000   2.456 0.000
 73.25  74.25   5.614 0.000   2.603 0.000
 76.25  77.25  16.944 0.000   7.805 0.000
 79.25  80.25  17.673 0.000   8.145 0.000
 82.25  83.25  13.776 0.000   8.035 0.000
 85.25  86.25  12.812 0.000   9.870 0.000
 88.25  89.25  14.959 0.000  11.752 0.000
 91.25  92.25  19.863 0.000  11.898 0.000
 94.25  95.25   8.552 0.000   6.036 0.000
 97.25  98.25   9.034 0.000   3.680 0.000
100.25 101.25  23.595 0.000   7.302 0.000
103.25 104.25   4.058 0.000   2.706 0.000
106.25 107.25  18.518 0.000   9.409 0.000
109.25 110.25  21.119 0.000  12.118 0.000
112.25 113.25  11.521 0.000   3.109 0.000
115.25 116.25  11.556 0.000   4.062 0.000
118.25 119.25   5.275 0.000   1.004 0.000
121.25 122.25   9.004 0.000   2.248 0.000
124.25 125.25  22.073 0.000   4.607 0.000
127.25 128.25  17.290 0.000   8.391 0.000
130.25 131.25  11.727 0.000   6.501 0.000
133.25 134.25  10.268 0.000   3.296 0.000
136.25 137.25  14.459 0.000   4.727 0.000
139.25 140.25  31.177 0.000  10.610 0.000
142.25 143.25  32.571 0.000   4.976 0.000
145.25 146.25  14.919 0.000   9.018 0.000
148.25 149.25  23.674 0.000  11.706 0.000
151.25 152.25  10.273 0.000   5.430 0.000
154.25 155.25   8.566 0.000   5.495 0.000
157.25 158.25  17.442 0.000  13.650 0.000
160.25 161.25  15.289 0.000  10.615 0.000
163.25 164.25  12.339 0.000   2.573 0.000
166.25 167.25  14.049 0.000   7.121 0.000
169.25 170.25  14.470 0.000   7.587 0.000
172.25 173.25  10.062 0.000   4.772 0.000
175.25 176.25  13.770 0.659   5.666 0.000
178.25 179.25  13.469 0.000   6.379 0.000
181.25 182.25  16.166 0.000   5.602 0.000
184.25 185.25  16.558 0.000   5.559 0.000
187.25 188.25  17.044 0.000   9.181 0.000
190.25 191.25  17.067 0.000   6.273 0.000
193.25 194.25  14.161 0.000   7.210 0.000
196.25 197.25  27.664 0.000   4.040 0.000
199.25 200.25  23.134 0.000  10.596 0.000
202.25 203.25  25.047 0.000  13.255 0.000
205.25 206.25  13.074 0.000   6.024 0.000
208.25 209.25  12.982 0.000   3.589 0.000
211.25 212.25  30.850 0.000   9.251 0.000
214.25 215.25  21.868 0.000  13.434 0.000
217.25 218.25  13.517 0.000   8.405 0.000
220.25 221.25  21.443 0.000  14.926 0.000
223.25 224.25  16.253 0.000   4.926 0.000
226.25 227.25  16.194 0.000   9.285 0.000
229.25 230.25  17.824 0.000  12.717 0.000
232.25 233.25  29.123 0.000  11.969 0.000
235.25 236.25  15.600 0.000   6.585 0.000
238.25 239.25  23.176 0.000   4.393 0.000
241.25 242.25  14.597 0.000   6.893 0.000
244.25 245.25  11.158 0.000   4.624 0.000
247.25 248.25  17.585 0.000   6.025 0.000
250.25 251.25  12.276 0.000   4.864 0.000
253.25 254.25   5.566 0.000   1.460 0.000
256.25 257.25   5.278 0.000   2.525 0.000
259.25 260.25 999.999 0.456 999.999 0.456
262.25 263.25 999.999 0.456 999.999 0.456
265.25 266.25  12.235 0.000   4.351 0.000
268.25 269.25  21.377 0.000   9.886 0.000
271.25 272.25  25.539 0.000  13.764 0.000
274.25 275.25   7.521 0.000   3.964 0.000
277.25 278.25   6.156 0.000   2.115 0.000
280.25 281.25  15.626 0.000   3.122 0.000
283.25 284.25  12.085 0.000   4.013 0.000
286.25 287.25   2.041 0.000   0.698 0.000
289.25 290.25  20.790 0.000   4.288 0.000
292.25 293.25  19.038 0.000   4.237 0.000
295.25 296.25  13.967 0.000   6.066 0.000
298.25 299.25  19.999 0.000   4.700 0.000
301.25 302.25  18.099 0.000   2.921 0.000
304.25 305.25  17.697 0.000   3.106 0.000
307.25 308.25   9.424 0.000   3.981 0.000
310.25 311.25  22.144 0.000   4.035 0.000
313.25 314.25  27.610 0.000   5.781 0.000
316.25 317.25  14.374 0.000   4.306 0.000
319.25 320.25  15.993 0.000 999.999 0.999
322.25 323.25  13.479 0.000 999.999 0.999
325.25 326.25  13.618 0.000  10.613 0.000
328.25 329.25   5.234 0.000   2.990 0.000
331.25 332.25  10.120 0.000   8.399 0.000
334.25 335.25  13.645 0.000   4.041 0.000
337.25 338.25  24.267 0.000  14.310 0.000
340.25 341.25  28.965 0.000  21.715 0.000
343.25 344.25  13.040 0.000  11.982 0.000
346.25 347.25  17.044 0.000  14.835 0.000
349.25 350.25   6.616 0.000   5.107 0.000
352.25 353.25  21.065 0.000  15.298 0.000
355.25 356.25  10.790 0.000   9.832 0.000
358.25 359.25 999.999 0.999 999.999 0.999
361.25 362.25 999.999 0.999 999.999 0.999
364.25 365.25   8.674 0.000   4.353 0.000
