scripts/IMPROVE-2019_partial/data/US0091R.20060102070000.20191216000000.filterpack..pm25.52w.1w.US03L_filterpack_US0091.US03L_IMPROVE_Davis.lev2.nas
64 1001
MISSING INFORMATION
US03L, IMPROVE, , , , , , , 
MISSING INFORMATION
IMPROVE sel_HTAP
1 1
2006 01 01 2019 12 16
3.000000
days from file reference point
25
1 1 1 1 1 1 1 1 1 1 1 1 1 1 1 1 1 1 1 1 1 1 1 1 1
999.999999 9999.99 9.999 99.99 9.999 9.999 9.999999 9.99 9.999999 9.999 9.999 99.999 9.999 99.999 9.999 999.999 9.999 999.999 9.999999 99.999 9.999 9.999 9.999 9.999 9.999
end_time of measurement, days from the file reference point
iron, ng/m3, Revision date=20181210133000
numflag iron, no unit, Revision date=20181210133000
lead, ng/m3, Revision date=20181210133000
numflag lead, no unit, Revision date=20181210133000
magnesium, ug/m3, Revision date=20181210133000
numflag magnesium, no unit, Revision date=20181210133000
nickel, ng/m3, Revision date=20181210133000
numflag nickel, no unit, Revision date=20181210133000
nitrate, ug N/m3, Revision date=20181210133000
numflag nitrate, no unit, Revision date=20181210133000
organic_carbon, ug C/m3, Revision date=20181210133000
numflag organic_carbon, no unit, Revision date=20181210133000
organic_mass, ug/m3, Revision date=20181210133000
numflag organic_mass, no unit, Revision date=20181210133000
pm10_mass, ug/m3, Version=2, Version description=Data extracted from http://views.cira.colostate.edu/fed/DataWizard 2019-12-16, Sample duration=1d, Orig. time res.=3d, Matrix=pm10, Blank correction=Blank corrected, Volume std. temperature=ambient, Volume std. pressure=ambient
numflag pm10_mass, no unit, Version=2, Version description=Data extracted from http://views.cira.colostate.edu/fed/DataWizard 2019-12-16, Sample duration=1d, Orig. time res.=3d, Matrix=pm10, Blank correction=Blank corrected, Volume std. temperature=ambient, Volume std. pressure=ambient
pm10_pm25_mass, ug/m3, Revision date=20181210133000, Matrix=pm10_pm25
numflag pm10_pm25_mass, no unit, Revision date=20181210133000, Matrix=pm10_pm25
pm25_mass, ug/m3, Version=2, Version description=Data extracted from http://views.cira.colostate.edu/fed/DataWizard 2019-12-16, Sample duration=1d, Orig. time res.=3d, Blank correction=Blank corrected, Volume std. temperature=ambient, Volume std. pressure=ambient
numflag pm25_mass, no unit, Version=2, Version description=Data extracted from http://views.cira.colostate.edu/fed/DataWizard 2019-12-16, Sample duration=1d, Orig. time res.=3d, Blank correction=Blank corrected, Volume std. temperature=ambient, Volume std. pressure=ambient
potassium, ug/m3, Revision date=20181210133000
numflag potassium, no unit, Revision date=20181210133000
sulphate_total, ug S/m3, Revision date=20181210133000
numflag sulphate_total, no unit, Revision date=20181210133000
0
25
Data definition:              EBAS_1.1
Set type code:                TU
Timezone:                     UTC
File name:                    US0091R.20060102070000.20191216000000.filterpack..pm25.52w.1w.US03L_filterpack_US0091.US03L_IMPROVE_Davis.lev2.nas
File creation:                20191218120134
Startdate:                    20060102070000
Revision date:                20191216000000
Statistics:                   arithmetic mean
Data level:                   2
Period code:                  52w
Resolution code:              1w
Station code:                 US0091R
Platform code:                US0091S
Station name:                 Mount Baldy
Station latitude:             34.0584
Station longitude:            -109.4406
Station altitude:             2508.0 m
Regime:                       IMG
Component:                    
Matrix:                       pm25
Laboratory code:              US03L
Instrument type:              filterpack
Instrument name:              filterpack_US0091
Method ref:                   US03L_IMPROVE_Davis
starttime endtime Fe flag_Fe Pb flag_Pb Mg++ flag_Mg++ Ni flag_Ni NO3- flag_NO3- OC flag_OC OM flag_OM PM10 flag_PM10 PM10-PM2.5 flag_PM10-PM2.5 PM2.5 flag_PM2.5 K+ flag_K+ SO4-- flag_SO4--
[from data line 88]
265.291667 266.291667   27.20 0.559  0.51 0.559 9.999 0.559259 9.99 0.559259 0.042 0.559  0.780 0.559  1.404 0.559   7.121 0.000   3.945 0.559000  3.176 0.659 0.029 0.559 0.212 0.559
268.291667 269.291667    9.23 0.559  0.28 0.559 9.999 0.559259 9.99 0.559259 0.007 0.559  0.645 0.000  1.161 0.000   3.561 0.000   1.834 0.559000  1.727 0.659 0.009 0.559 0.121 0.559
271.291667 272.291667   18.34 0.559  0.19 0.559 9.999 0.559259 9.99 0.559259 0.009 0.559  0.697 0.559  1.255 0.559   4.374 0.000   2.048 0.559000  2.326 0.659 0.032 0.559 0.090 0.559
274.291667 275.291667   25.14 0.559  1.13 0.559 0.010 0.559000 0.39 0.559000 0.021 0.559  0.888 0.559  1.598 0.559   8.851 0.000   4.613 0.559000  4.238 0.659 0.044 0.559 0.364 0.559
277.291667 278.291667   17.63 0.559  0.69 0.559 9.999 0.559259 0.22 0.559000 0.024 0.559  0.659 0.559  1.186 0.559   7.892 0.000   3.453 0.559000  4.440 0.659 0.023 0.559 0.518 0.559
280.291667 281.291667    2.86 0.559  0.24 0.559 9.999 0.559259 9.99 0.559259 0.006 0.559  0.266 0.559  0.479 0.559   2.014 0.000   0.678 0.559000  1.336 0.659 0.005 0.559 0.160 0.559
283.291667 284.291667   14.22 0.559  0.88 0.559 0.008 0.559000 9.99 0.559259 0.015 0.559  0.529 0.559  0.952 0.559   4.564 0.000   2.429 0.559000  2.135 0.659 0.016 0.559 0.168 0.559
286.291667 287.291667    5.65 0.559  0.33 0.559 9.999 0.559259 9.99 0.559259 0.009 0.559  0.318 0.559  0.572 0.559   2.873 0.000   1.503 0.559000  1.370 0.659 0.008 0.559 0.145 0.559
289.291667 290.291667   11.69 0.559  0.57 0.559 0.010 0.559000 9.99 0.559259 0.027 0.559  0.211 0.559  0.380 0.559   4.407 0.000   2.406 0.559000  2.001 0.659 0.014 0.559 0.243 0.559
292.291667 293.291667    5.87 0.559  0.40 0.559 9.999 0.559259 9.99 0.559259 0.002 0.559  0.308 0.559  0.554 0.559   1.938 0.000   0.685 0.559000  1.253 0.659 0.009 0.559 0.120 0.559
295.291667 296.291667   10.62 0.559  0.73 0.559 0.005 0.559000 9.99 0.559259 0.008 0.559  0.565 0.559  1.017 0.559   3.594 0.000   1.483 0.559000  2.111 0.659 0.012 0.559 0.174 0.559
298.291667 299.291667    9.67 0.559  0.32 0.559 9.999 0.559259 9.99 0.559259 0.012 0.559  0.402 0.559  0.724 0.559   2.973 0.000   1.640 0.559000  1.333 0.659 0.008 0.559 0.054 0.559
301.291667 302.291667    6.44 0.559  0.39 0.559 9.999 0.559259 9.99 0.559259 0.003 0.559  0.218 0.000  0.392 0.000   2.030 0.000   1.069 0.559000  0.962 0.659 0.006 0.559 0.068 0.559
304.291667 305.291667   19.36 0.559  1.20 0.559 9.999 0.559259 9.99 0.559259 0.026 0.559  0.874 0.559  1.574 0.559   5.600 0.000   2.090 0.559000  3.510 0.659 0.042 0.559 0.241 0.559
307.291667 308.291667    6.36 0.559  0.53 0.559 9.999 0.559259 9.99 0.559259 0.003 0.559  0.242 0.559  0.435 0.559   1.695 0.000   0.757 0.559000  0.938 0.659 0.007 0.559 0.073 0.559
310.291667 311.291667    5.81 0.559  0.18 0.559 9.999 0.559259 9.99 0.559259 0.002 0.559  0.108 0.000  0.194 0.000   1.653 0.000   1.067 0.559000  0.587 0.659 0.004 0.559 0.021 0.559
313.291667 314.291667   15.63 0.559  0.96 0.559 9.999 0.559259 0.12 0.559000 0.010 0.559  0.355 0.000  0.638 0.000   4.366 0.000   2.089 0.559000  2.277 0.659 0.016 0.559 0.196 0.559
316.291667 317.291667   15.64 0.559  0.94 0.559 9.999 0.559259 0.19 0.559000 0.020 0.559  0.381 0.000  0.685 0.000   3.749 0.000   1.720 0.559000  2.029 0.659 0.015 0.559 0.173 0.559
319.291667 320.291667    5.64 0.559  0.26 0.559 9.999 0.559259 9.99 0.559259 0.002 0.559  0.226 0.559  0.407 0.559   1.212 0.000   0.759 0.559000  0.453 0.659 0.004 0.559 0.037 0.559
322.291667 323.291667   10.18 0.559  0.55 0.559 9.999 0.559259 9.99 0.559259 0.005 0.559  0.339 0.559  0.611 0.559   2.064 0.000   0.807 0.559000  1.257 0.659 0.010 0.559 0.079 0.559
325.291667 326.291667   19.92 0.559  0.41 0.559 9.999 0.559259 9.99 0.559259 0.004 0.559  0.367 0.000  0.661 0.000   3.388 0.000   2.020 0.559000  1.369 0.659 0.016 0.559 0.088 0.559
328.291667 329.291667   13.45 0.559  0.69 0.559 9.999 0.559259 0.16 0.559000 0.007 0.559  0.165 0.000  0.297 0.000   3.977 0.000   2.536 0.559000  1.441 0.659 0.013 0.559 0.141 0.559
331.291667 332.291667    6.12 0.559  0.91 0.559 9.999 0.559259 9.99 0.559259 0.015 0.559  0.028 0.000  0.050 0.000   4.021 0.000   2.468 0.559000  1.553 0.659 0.007 0.559 0.229 0.559
334.291667 335.291667    5.22 0.559  0.31 0.559 9.999 0.559259 9.99 0.559259 0.009 0.559  1.045 0.559  1.882 0.559   2.440 0.000   0.517 0.559000  1.923 0.659 0.025 0.559 0.048 0.559
337.291667 338.291667   10.14 0.559  1.24 0.559 0.011 0.559000 9.99 0.559259 0.005 0.559  0.239 0.000  0.430 0.000   1.744 0.000   0.806 0.559000  0.938 0.659 0.010 0.559 0.109 0.559
340.291667 341.291667   10.44 0.559  0.19 0.559 9.999 0.559259 9.99 0.559259 0.016 0.559  0.909 0.000  1.636 0.000   3.808 0.000   2.601 0.559000  1.206 0.659 0.008 0.559 0.063 0.559
343.291667 344.291667   11.79 0.559  0.60 0.559 0.006 0.559000 9.99 0.559259 0.020 0.559  0.305 0.000  0.550 0.000   5.227 0.000   3.533 0.559000  1.694 0.659 0.014 0.559 0.183 0.559
346.291667 347.291667    7.79 0.559  0.38 0.559 9.999 0.559259 9.99 0.559259 0.005 0.559  0.331 0.000  0.597 0.000   2.028 0.000   1.090 0.559000  0.938 0.659 0.006 0.559 0.060 0.559
349.291667 350.291667   11.97 0.559  0.51 0.559 9.999 0.559259 9.99 0.559259 0.005 0.559  0.182 0.000  0.328 0.000   2.511 0.000   1.436 0.559000  1.075 0.659 0.017 0.559 0.102 0.559
352.291667 353.291667    8.19 0.559  0.61 0.559 0.009 0.559000 0.07 0.559000 0.031 0.559  0.601 0.000  1.082 0.000   3.955 0.000   1.895 0.559000  2.060 0.659 0.012 0.559 0.208 0.559
355.291667 356.291667    3.13 0.559  0.29 0.559 9.999 0.559259 9.99 0.559259 0.006 0.559  0.267 0.000  0.480 0.000   1.707 0.000   0.743 0.559000  0.964 0.659 0.004 0.559 0.090 0.559
358.291667 359.291667 9999.99 0.456 99.99 0.456 9.999 0.456000 9.99 0.456000 0.005 0.559  0.440 0.000  0.791 0.000   1.267 0.000 999.999 0.456000 99.999 0.456 9.999 0.456 0.030 0.559
361.291667 362.291667   67.64 0.559  0.68 0.559 9.999 0.559259 0.11 0.559000 0.044 0.559  0.521 0.000  0.938 0.000  12.670 0.000   9.573 0.559000  3.096 0.659 0.134 0.559 0.105 0.559
364.291667 365.291667    1.84 0.559  0.20 0.559 0.007 0.559000 0.13 0.559000 0.004 0.559  0.423 0.000  0.761 0.000   1.627 0.000   0.396 0.559000  1.231 0.659 0.007 0.559 0.062 0.559
