scripts/IMPROVE-2019_partial/data/US0050R.20090101060000.20191216000000.filterpack...52w.3d.US03L_filterpack_US0050.US03L_IMPROVE_Davis.lev2.nas
52 1001
MISSING INFORMATION
US03L, IMPROVE, , , , , , , 
MISSING INFORMATION
IMPROVE sel_HTAP
1 1
2009 01 01 2019 12 16
3.00
days from file reference point
5
1 1 1 1 1
999.99 999.999 9.999 999.999 9.999
end_time of measurement, days from the file reference point
pm10_mass, ug/m3, Matrix=pm10
numflag pm10_mass, no unit, Matrix=pm10
pm25_mass, ug/m3, Matrix=pm25
numflag pm25_mass, no unit, Matrix=pm25
0
33
Data definition:              EBAS_1.1
Set type code:                TU
Timezone:                     UTC
File name:                    US0050R.20090101060000.20191216000000.filterpack...52w.3d.US03L_filterpack_US0050.US03L_IMPROVE_Davis.lev2.nas
File creation:                20191218115827
Startdate:                    20090101060000
Revision date:                20191216000000
Version:                      2
Version description:          "Data extracted from http://views.cira.colostate.edu/fed/DataWizard 2019-12-16"
Statistics:                   arithmetic mean
Data level:                   2
Period code:                  52w
Resolution code:              3d
Sample duration:              1d
Orig. time res.:              3d
Station code:                 US0050R
Platform code:                US0050S
Station name:                 Blue Mounds
Station latitude:             43.7158
Station longitude:            -96.1913
Station altitude:             473.0 m
Regime:                       IMG
Component:                    
Unit:                         ug/m3
Matrix:                       
Laboratory code:              US03L
Instrument type:              filterpack
Instrument name:              filterpack_US0050
Method ref:                   US03L_IMPROVE_Davis
Blank correction:             Blank corrected
Volume std. temperature:      ambient
Volume std. pressure:         ambient
starttime endtime PM10 flag_PM10 PM2.5 flag_PM2.5
  0.25   1.25  10.515 0.000   4.844 0.000
  3.25   4.25   9.558 0.000   5.425 0.000
  6.25   7.25  18.600 0.000  12.144 0.000
  9.25  10.25 999.999 0.456   9.120 0.000
 12.25  13.25   8.307 0.000   3.258 0.000
 15.25  16.25  15.938 0.000   9.866 0.000
 18.25  19.25   8.388 0.000   6.632 0.000
 21.25  22.25  20.556 0.000  14.867 0.000
 24.25  25.25  11.285 0.000   9.808 0.000
 27.25  28.25  14.379 0.000  11.693 0.000
 30.25  31.25   4.013 0.000   3.120 0.000
 33.25  34.25   8.966 0.000   4.086 0.000
 36.25  37.25  26.352 0.000  19.491 0.000
 39.25  40.25  14.260 0.000  14.991 0.000
 42.25  43.25   6.262 0.000   6.079 0.000
 45.25  46.25   4.564 0.000   3.319 0.000
 48.25  49.25   9.327 0.000   6.373 0.000
 51.25  52.25   8.735 0.000   6.950 0.000
 54.25  55.25  25.427 0.000  14.786 0.000
 57.25  58.25   6.505 0.000   4.579 0.000
 60.25  61.25  10.644 0.000   8.603 0.000
 63.25  64.25  22.027 0.000  21.828 0.000
 66.25  67.25   8.130 0.000   7.412 0.000
 69.25  70.25   4.979 0.000 999.999 0.456
 72.25  73.25  12.916 0.000  12.380 0.000
 75.25  76.25  13.540 0.000   5.739 0.000
 78.25  79.25  17.484 0.000   8.840 0.000
 81.25  82.25  14.983 0.000  14.597 0.000
 84.25  85.25   4.953 0.000   4.312 0.000
 87.25  88.25   5.337 0.000   5.253 0.000
 90.25  91.25   4.086 0.000   4.388 0.000
 93.25  94.25   4.305 0.000   4.900 0.000
 96.25  97.25   4.963 0.000   4.234 0.000
 99.25 100.25 999.999 0.999 999.999 0.999
102.25 103.25 999.999 0.999 999.999 0.999
105.25 106.25  20.097 0.000   9.042 0.000
108.25 109.25   4.443 0.000   3.643 0.000
111.25 112.25 999.999 0.699 999.999 0.699
114.25 115.25   5.180 0.000   4.201 0.000
117.25 118.25   6.357 0.000   7.004 0.000
120.25 121.25   7.737 0.000   5.106 0.000
123.25 124.25  15.569 0.000   8.099 0.000
126.25 127.25 999.999 0.999 999.999 0.999
129.25 130.25 999.999 0.999 999.999 0.999
132.25 133.25 999.999 0.999 999.999 0.999
135.25 136.25 999.999 0.999 999.999 0.999
138.25 139.25 999.999 0.999 999.999 0.999
141.25 142.25  11.318 0.000   7.933 0.000
144.25 145.25  14.463 0.000   9.778 0.000
147.25 148.25   7.439 0.000   4.306 0.000
150.25 151.25  19.793 0.000   5.919 0.000
153.25 154.25  11.195 0.000   4.909 0.000
156.25 157.25   3.491 0.000   2.557 0.000
159.25 160.25   3.031 0.000   2.527 0.000
162.25 163.25   4.893 0.000   4.436 0.000
165.25 166.25   7.300 0.000   8.626 0.000
168.25 169.25   6.050 0.000   4.765 0.000
171.25 172.25 999.999 0.999 999.999 0.999
174.25 175.25   5.785 0.000   4.517 0.000
177.25 178.25   6.851 0.000   5.151 0.000
180.25 181.25   7.810 0.000   2.673 0.000
183.25 184.25  11.092 0.000   6.040 0.000
186.25 187.25   4.984 0.000   3.568 0.000
189.25 190.25 999.999 0.999 999.999 0.999
192.25 193.25 999.999 0.999 999.999 0.999
195.25 196.25   6.968 0.000   3.262 0.000
198.25 199.25   6.301 0.000   2.755 0.000
201.25 202.25   7.025 0.000 999.999 0.456
204.25 205.25  12.849 0.000   7.298 0.000
207.25 208.25  11.797 0.000   6.130 0.000
210.25 211.25   4.379 0.000   4.617 0.000
213.25 214.25   6.771 0.000   5.313 0.000
216.25 217.25   8.645 0.000   3.350 0.000
219.25 220.25  10.517 0.000   8.960 0.000
222.25 223.25   9.762 0.000   6.717 0.000
225.25 226.25  20.061 0.000  11.137 0.000
228.25 229.25   4.633 0.000   3.342 0.000
231.25 232.25   4.366 0.000   3.155 0.000
234.25 235.25   7.263 0.000   4.889 0.000
237.25 238.25   5.456 0.000   4.008 0.000
240.25 241.25   6.133 0.000   3.640 0.000
243.25 244.25   9.978 0.000   5.096 0.000
246.25 247.25  13.454 0.000  12.492 0.000
249.25 250.25  12.898 0.000  13.407 0.000
252.25 253.25  18.998 0.000  16.204 0.000
255.25 256.25  11.896 0.000  10.531 0.000
258.25 259.25  16.200 0.000  11.034 0.000
261.25 262.25 999.999 0.999 999.999 0.999
264.25 265.25 999.999 0.999 999.999 0.999
267.25 268.25   6.108 0.000   4.800 0.000
270.25 271.25  12.259 0.000   2.395 0.000
273.25 274.25   7.469 0.000   3.428 0.000
276.25 277.25   1.706 0.000   0.871 0.000
279.25 280.25   5.147 0.000   2.768 0.000
282.25 283.25 999.999 0.999 999.999 0.999
285.25 286.25 999.999 0.999 999.999 0.999
288.25 289.25 999.999 0.999 999.999 0.999
291.25 292.25 999.999 0.999 999.999 0.999
294.25 295.25   2.939 0.000   2.430 0.000
297.25 298.25   4.131 0.000   3.023 0.000
300.25 301.25  11.596 0.000   7.291 0.000
303.25 304.25   6.030 0.000   5.042 0.000
306.25 307.25 999.999 0.999 999.999 0.999
309.25 310.25  30.517 0.000   9.370 0.000
312.25 313.25  29.084 0.000   5.925 0.000
315.25 316.25  38.422 0.000  19.747 0.000
318.25 319.25  17.082 0.000   7.756 0.000
321.25 322.25  38.906 0.000  12.920 0.000
324.25 325.25  40.850 0.000  17.413 0.000
327.25 328.25   9.283 0.000   6.296 0.000
330.25 331.25  12.555 0.000   7.911 0.000
333.25 334.25  12.964 0.000   3.748 0.000
336.25 337.25   7.893 0.000   3.308 0.000
339.25 340.25  12.120 0.000   8.384 0.000
342.25 343.25   9.679 0.000   6.783 0.000
345.25 346.25  27.893 0.000  20.249 0.000
348.25 349.25  16.095 0.000   6.399 0.000
351.25 352.25  50.689 0.000  34.933 0.000
354.25 355.25  11.264 0.000   8.162 0.000
357.25 358.25  12.235 0.000   5.185 0.000
360.25 361.25   6.397 0.000   5.213 0.000
363.25 364.25  26.770 0.000  20.462 0.000
