scripts/IMPROVE-2019_partial/data/US0078R.19970101070000.20191216000000.filterpack...1y.3d.US03L_filterpack_US0078.US03L_IMPROVE_Davis.lev2.nas
51 1001
MISSING INFORMATION
US03L, IMPROVE, , , , , , , 
MISSING INFORMATION
IMPROVE sel_HTAP
1 1
1997 01 01 2019 12 16
0
days from file reference point
4
1 1 1 1
999.999999 999.999 999.999 9.999
end_time of measurement, days from the file reference point
pm10_mass, ug/m3, Matrix=pm10
pm25_mass, ug/m3, Matrix=pm25
numflag, no unit
0
33
Data definition:              EBAS_1.1
Set type code:                TI
Timezone:                     UTC
File name:                    US0078R.19970101070000.20191216000000.filterpack...1y.3d.US03L_filterpack_US0078.US03L_IMPROVE_Davis.lev2.nas
File creation:                20191218120041
Startdate:                    19970101070000
Revision date:                20191216000000
Version:                      2
Version description:          "Data extracted from http://views.cira.colostate.edu/fed/DataWizard 2019-12-16"
Statistics:                   arithmetic mean
Data level:                   2
Period code:                  1y
Resolution code:              3d
Sample duration:              1d
Orig. time res.:              3d
Station code:                 US0078R
Platform code:                US0078S
Station name:                 Lone Peak Wilderness
Station latitude:             40.4449
Station longitude:            -111.7081
Station altitude:             1768.0 m
Regime:                       IMG
Component:                    
Unit:                         ug/m3
Matrix:                       
Laboratory code:              US03L
Instrument type:              filterpack
Instrument name:              filterpack_US0078
Method ref:                   US03L_IMPROVE_Davis
Blank correction:             Blank corrected
Volume std. temperature:      ambient
Volume std. pressure:         ambient
starttime endtime PM10 PM2.5 flag
  0.291667   1.291667   1.171   0.811 0.000
  3.291667   4.291667   5.465   2.044 0.000
  7.291667   8.291667 999.999 999.999 0.999
 10.291667  11.291667 999.999 999.999 0.999
 14.291667  15.291667   9.129   8.537 0.000
 17.291667  18.291667  16.464   7.804 0.000
 21.291667  22.291667   4.079   1.357 0.000
 24.291667  25.291667   5.218   1.831 0.000
 28.291667  29.291667 999.999   9.407 0.000
 31.291667  32.291667   7.355   3.663 0.000
 35.291667  36.291667  11.462   8.744 0.000
 38.291667  39.291667   9.972   5.208 0.000
 42.291667  43.291667   3.953   2.482 0.000
 45.291667  46.291667   8.226   3.893 0.000
 49.291667  50.291667 999.999 999.999 0.999
 52.291667  53.291667  10.746   6.845 0.000
 56.291667  57.291667  21.660   8.557 0.000
 59.291667  60.291667  10.965   5.445 0.000
 63.291667  64.291667   6.454   1.728 0.000
 66.291667  67.291667  12.255   3.600 0.000
 70.291667  71.291667  11.056   5.513 0.000
 73.291667  74.291667   5.651   2.697 0.000
 77.291667  78.291667  10.451   4.650 0.000
 80.291667  81.291667  11.608   5.223 0.000
 84.291667  85.291667   9.296   4.040 0.000
 87.291667  88.291667   7.312   3.782 0.000
 91.291667  92.291667   5.710   2.907 0.000
 94.291667  95.291667   9.722   2.740 0.000
 98.291667  99.291667   4.590   3.840 0.000
101.291667 102.291667  10.240   6.847 0.000
105.291667 106.291667   7.337   2.713 0.000
108.291667 109.291667  11.299   4.891 0.000
112.291667 113.291667   2.763   1.846 0.000
115.291667 116.291667   7.790   5.634 0.000
119.291667 120.291667   6.564   3.644 0.000
122.291667 123.291667  15.547   7.423 0.000
126.291667 127.291667  10.064   5.748 0.000
129.291667 130.291667  21.504   7.092 0.000
133.291667 134.291667  11.960   5.961 0.000
136.291667 137.291667  16.526   5.989 0.000
140.291667 141.291667   7.217   4.650 0.000
143.291667 144.291667   5.669   3.083 0.000
147.291667 148.291667   6.128   3.073 0.000
150.291667 151.291667  11.029   5.162 0.000
154.291667 155.291667   8.514   4.262 0.000
157.291667 158.291667  10.016   5.660 0.000
161.291667 162.291667   8.783   4.701 0.000
164.291667 165.291667  11.205   9.986 0.000
168.291667 169.291667   6.844   3.655 0.000
171.291667 172.291667  12.513   6.391 0.000
175.291667 176.291667  10.400   3.472 0.000
178.291667 179.291667  17.677   5.724 0.000
182.291667 183.291667  12.693   3.841 0.000
185.291667 186.291667  12.327   5.377 0.000
189.291667 190.291667  13.822   6.142 0.000
192.291667 193.291667   9.631   4.983 0.000
196.291667 197.291667  11.077   5.648 0.000
199.291667 200.291667  11.970   6.360 0.000
203.291667 204.291667   6.548   4.700 0.000
206.291667 207.291667  11.243   6.492 0.000
210.291667 211.291667   7.381   3.472 0.000
213.291667 214.291667  12.970   6.585 0.000
217.291667 218.291667   7.495   4.081 0.000
220.291667 221.291667  17.378   7.797 0.000
224.291667 225.291667   6.410   3.899 0.000
227.291667 228.291667  22.392  10.257 0.000
231.291667 232.291667   9.859   4.305 0.000
234.291667 235.291667  10.255   4.784 0.000
238.291667 239.291667   7.932   4.154 0.000
241.291667 242.291667  14.062   6.656 0.000
245.291667 246.291667   4.691   3.154 0.000
248.291667 249.291667   7.853   4.544 0.000
252.291667 253.291667 999.999 999.999 0.999
255.291667 256.291667 999.999 999.999 0.999
259.291667 260.291667   7.639   3.536 0.000
262.291667 263.291667   5.787   2.899 0.000
266.291667 267.291667   6.527   4.083 0.000
269.291667 270.291667   7.438   3.650 0.000
273.291667 274.291667   8.187   4.835 0.000
276.291667 277.291667   9.941   4.437 0.000
280.291667 281.291667 999.999   5.019 0.000
283.291667 284.291667   3.012   0.478 0.000
287.291667 288.291667  12.267   4.505 0.000
290.291667 291.291667  12.674   4.915 0.000
294.291667 295.291667  10.398   5.357 0.000
297.291667 298.291667   5.925   3.342 0.000
301.291667 302.291667  13.851   2.931 0.000
304.291667 305.291667   8.467   2.651 0.000
308.291667 309.291667  15.159   4.946 0.000
311.291667 312.291667  13.849   6.257 0.000
315.291667 316.291667 999.999 999.999 0.999
318.291667 319.291667 999.999 999.999 0.999
322.291667 323.291667   5.155   2.414 0.000
325.291667 326.291667   4.218   3.571 0.000
329.291667 330.291667 999.999 999.999 0.999
332.291667 333.291667 999.999 999.999 0.999
336.291667 337.291667   5.737   3.877 0.000
339.291667 340.291667   5.003   2.621 0.000
343.291667 344.291667   8.873   6.301 0.000
346.291667 347.291667   5.530   2.852 0.000
350.291667 351.291667   2.588   1.820 0.000
353.291667 354.291667  10.783   7.251 0.000
357.291667 358.291667  10.439   7.670 0.000
360.291667 361.291667 999.999   3.625 0.000
364.291667 365.291667 999.999 999.999 0.999
