scripts/IMPROVE-2019_partial/data/US0063R.20040101070000.20191216000000.filterpack..pm25.52w.1w.US03L_filterpack_US0063.US03L_IMPROVE_Davis.lev2.nas
66 1001
MISSING INFORMATION
US03L, IMPROVE, , , , , , , 
MISSING INFORMATION
IMPROVE sel_HTAP
1 1
2004 01 01 2019 12 16
3.000000
days from file reference point
27
1 1 1 1 1 1 1 1 1 1 1 1 1 1 1 1 1 1 1 1 1 1 1 1 1 1 1
999.999999 9999.99 9.999 99.99 9.999 9.999 9.999999 9.99 9.999999 9.999 9.999 99.999 9.999 99.999 9.999 99.99 9.999999 999.999 9.999 999.999 9.999 999.999 9.999 9.999 9.999 9.999 9.999
end_time of measurement, days from the file reference point
iron, ng/m3, Revision date=20181210133000
numflag iron, no unit, Revision date=20181210133000
lead, ng/m3, Revision date=20181210133000
numflag lead, no unit, Revision date=20181210133000
magnesium, ug/m3, Revision date=20181210133000
numflag magnesium, no unit, Revision date=20181210133000
nickel, ng/m3, Revision date=20181210133000
numflag nickel, no unit, Revision date=20181210133000
nitrate, ug N/m3, Revision date=20181210133000
numflag nitrate, no unit, Revision date=20181210133000
organic_carbon, ug C/m3, Revision date=20181210133000
numflag organic_carbon, no unit, Revision date=20181210133000
organic_mass, ug/m3, Revision date=20181210133000
numflag organic_mass, no unit, Revision date=20181210133000
phosphorus, ng/m3, Revision date=20181210133000
numflag phosphorus, no unit, Revision date=20181210133000
pm10_mass, ug/m3, Version=2, Version description=Data extracted from http://views.cira.colostate.edu/fed/DataWizard 2019-12-16, Sample duration=1d, Orig. time res.=3d, Matrix=pm10, Blank correction=Blank corrected, Volume std. temperature=ambient, Volume std. pressure=ambient
numflag pm10_mass, no unit, Version=2, Version description=Data extracted from http://views.cira.colostate.edu/fed/DataWizard 2019-12-16, Sample duration=1d, Orig. time res.=3d, Matrix=pm10, Blank correction=Blank corrected, Volume std. temperature=ambient, Volume std. pressure=ambient
pm10_pm25_mass, ug/m3, Revision date=20181210133000, Matrix=pm10_pm25
numflag pm10_pm25_mass, no unit, Revision date=20181210133000, Matrix=pm10_pm25
pm25_mass, ug/m3, Version=2, Version description=Data extracted from http://views.cira.colostate.edu/fed/DataWizard 2019-12-16, Sample duration=1d, Orig. time res.=3d, Blank correction=Blank corrected, Volume std. temperature=ambient, Volume std. pressure=ambient
numflag pm25_mass, no unit, Version=2, Version description=Data extracted from http://views.cira.colostate.edu/fed/DataWizard 2019-12-16, Sample duration=1d, Orig. time res.=3d, Blank correction=Blank corrected, Volume std. temperature=ambient, Volume std. pressure=ambient
potassium, ug/m3, Revision date=20181210133000
numflag potassium, no unit, Revision date=20181210133000
sulphate_total, ug S/m3, Revision date=20181210133000
numflag sulphate_total, no unit, Revision date=20181210133000
0
25
Data definition:              EBAS_1.1
Set type code:                TU
Timezone:                     UTC
File name:                    US0063R.20040101070000.20191216000000.filterpack..pm25.52w.1w.US03L_filterpack_US0063.US03L_IMPROVE_Davis.lev2.nas
File creation:                20191218115930
Startdate:                    20040101070000
Revision date:                20191216000000
Statistics:                   arithmetic mean
Data level:                   2
Period code:                  52w
Resolution code:              1w
Station code:                 US0063R
Platform code:                US0063S
Station name:                 Bosque del Apache
Station latitude:             33.8695
Station longitude:            -106.852
Station altitude:             1389.0 m
Regime:                       IMG
Component:                    
Matrix:                       pm25
Laboratory code:              US03L
Instrument type:              filterpack
Instrument name:              filterpack_US0063
Method ref:                   US03L_IMPROVE_Davis
starttime endtime Fe flag_Fe Pb flag_Pb Mg++ flag_Mg++ Ni flag_Ni NO3- flag_NO3- OC flag_OC OM flag_OM P flag_P PM10 flag_PM10 PM10-PM2.5 flag_PM10-PM2.5 PM2.5 flag_PM2.5 K+ flag_K+ SO4-- flag_SO4--
  0.291667   1.291667   54.11 0.559  1.00 0.559 9.999 0.559259 9.99 0.559259 0.143 0.000  1.200 0.000  1.680 0.000 99.99 0.559259   9.698 0.000   5.405 0.000   4.292 0.559 0.086 0.559 0.094 0.000
  3.291667   4.291667    9.89 0.000  0.41 0.000 9.999 0.259000 9.99 0.259000 0.020 0.000  0.411 0.000  0.576 0.000 99.99 0.259000   4.849 0.000   3.507 0.000   1.342 0.000 0.014 0.000 0.062 0.000
  6.291667   7.291667   41.81 0.000  0.51 0.000 9.999 0.259000 9.99 0.259000 0.090 0.559  1.082 0.000  1.515 0.000 99.99 0.259000  11.781 0.000   8.324 0.000   3.457 0.000 0.048 0.000 0.166 0.559
  9.291667  10.291667   36.50 0.000  0.86 0.000 9.999 0.259000 9.99 0.259000 0.062 0.559  0.720 0.000  1.009 0.000 99.99 0.259000   8.177 0.000   5.862 0.000   2.315 0.000 0.037 0.000 0.101 0.559
 12.291667  13.291667   28.11 0.000  0.55 0.000 9.999 0.259000 0.07 0.000000 0.074 0.559  0.981 0.000  1.374 0.000 99.99 0.259000  10.025 0.000   6.763 0.000   3.263 0.000 0.033 0.000 0.200 0.559
 15.291667  16.291667    7.11 0.000  0.33 0.000 9.999 0.259000 0.06 0.000000 0.466 0.000  1.002 0.000  1.404 0.000 99.99 0.259000   4.890 0.000   0.913 0.000   3.977 0.000 0.013 0.000 0.313 0.000
 18.291667  19.291667   12.27 0.000  0.54 0.000 9.999 0.259000 9.99 0.259000 0.147 0.000  1.317 0.000  1.843 0.000 99.99 0.259000   5.126 0.000   1.232 0.000   3.894 0.000 0.024 0.000 0.355 0.000
 21.291667  22.291667   22.54 0.000  0.54 0.000 9.999 0.259000 0.07 0.000000 0.478 0.559  1.377 0.000  1.929 0.000 99.99 0.259000   8.805 0.000   2.688 0.000   6.116 0.000 0.027 0.000 0.365 0.559
 24.291667  25.291667    5.79 0.000  0.37 0.000 9.999 0.259000 0.12 0.000000 0.010 0.559  0.298 0.000  0.418 0.000 99.99 0.259000   2.794 0.000   1.562 0.000   1.233 0.000 0.008 0.000 0.166 0.559
 27.291667  28.291667   27.90 0.000  0.67 0.000 9.999 0.259000 9.99 0.259000 0.143 0.559  0.988 0.000  1.384 0.000 99.99 0.259000   7.441 0.000   4.912 0.000   2.528 0.000 0.027 0.000 0.070 0.559
 30.291667  31.291667   17.62 0.000  0.67 0.000 9.999 0.259000 9.99 0.259000 0.029 0.000  0.665 0.000  0.931 0.000 99.99 0.259000   4.150 0.000   2.245 0.000   1.905 0.000 0.026 0.000 0.102 0.000
 33.291667  34.291667   26.03 0.000  0.45 0.000 9.999 0.259000 0.11 0.000000 0.053 0.559  0.406 0.000  0.568 0.000 99.99 0.259000   8.939 0.000   6.895 0.000   2.044 0.000 0.028 0.000 0.120 0.559
 36.291667  37.291667   13.72 0.000  0.44 0.000 9.999 0.259000 9.99 0.259000 0.043 0.559  0.523 0.000  0.732 0.000 99.99 0.259000   6.159 0.000   3.328 0.000   2.831 0.000 0.015 0.000 0.344 0.559
 39.291667  40.291667   27.60 0.000  0.67 0.000 9.999 0.259000 9.99 0.259000 0.092 0.559  0.797 0.000  1.116 0.000 99.99 0.259000  11.326 0.000   8.900 0.000   2.426 0.000 0.036 0.000 0.084 0.559
 42.291667  43.291667   20.27 0.000  0.42 0.000 9.999 0.259000 9.99 0.259000 0.186 0.559  0.396 0.000  0.554 0.000 99.99 0.259000   8.019 0.000   5.103 0.000   2.916 0.000 0.016 0.000 0.243 0.559
 45.291667  46.291667   17.77 0.000  0.63 0.000 9.999 0.259000 9.99 0.259000 0.118 0.559  1.149 0.000  1.608 0.000 99.99 0.259000   5.095 0.000   2.236 0.000   2.860 0.000 0.022 0.000 0.125 0.559
 48.291667  49.291667   33.41 0.000  1.22 0.000 9.999 0.259000 0.14 0.000000 0.067 0.000  0.856 0.000  1.198 0.000 99.99 0.259000   8.588 0.000   5.612 0.000   2.976 0.000 0.039 0.000 0.175 0.000
 51.291667  52.291667   24.88 0.000  0.48 0.000 9.999 0.259000 0.09 0.000000 0.028 0.559  0.420 0.000  0.588 0.000 99.99 0.259000   7.598 0.000   5.473 0.000   2.125 0.000 0.022 0.000 0.179 0.559
 54.291667  55.291667    8.97 0.000  0.27 0.000 9.999 0.259000 9.99 0.259000 0.119 0.559  0.392 0.000  0.549 0.000 99.99 0.259000   1.940 0.000   0.801 0.000   1.139 0.000 0.009 0.000 0.141 0.559
 57.291667  58.291667   33.09 0.000  1.88 0.000 9.999 0.259000 0.17 0.000000 0.021 0.559  0.506 0.000  0.708 0.000 99.99 0.259000   7.802 0.000   5.031 0.000   2.772 0.000 0.033 0.000 0.236 0.559
 60.291667  61.291667    5.89 0.000  0.34 0.000 9.999 0.259000 9.99 0.259000 0.016 0.000  0.267 0.000  0.374 0.000 99.99 0.259000   1.430 0.000   0.490 0.000   0.940 0.000 0.006 0.000 0.113 0.000
 63.291667  64.291667    7.28 0.000  0.59 0.000 9.999 0.259000 9.99 0.259000 0.061 0.000  0.232 0.000  0.325 0.000 99.99 0.259000   2.342 0.000   0.813 0.000   1.530 0.000 0.008 0.000 0.213 0.000
 66.291667  67.291667   33.32 0.000  0.62 0.000 9.999 0.259000 0.04 0.000000 0.063 0.000  0.458 0.000  0.641 0.000 99.99 0.259000   4.330 0.000   2.256 0.000   2.074 0.000 0.024 0.000 0.125 0.000
 69.291667  70.291667   41.41 0.000  1.00 0.000 9.999 0.259000 0.04 0.000000 0.025 0.000  0.650 0.000  0.911 0.000 99.99 0.259000  10.131 0.000   6.721 0.000   3.410 0.000 0.041 0.000 0.268 0.000
 72.291667  73.291667   14.66 0.000  0.52 0.000 9.999 0.259000 0.11 0.000000 0.090 0.000  0.446 0.000  0.625 0.000 99.99 0.259000   2.655 0.000   0.711 0.000   1.944 0.000 0.009 0.000 0.217 0.000
 75.291667  76.291667   57.74 0.000  1.15 0.000 0.049 0.000000 9.99 0.259000 0.019 0.000  0.410 0.000  0.574 0.000 99.99 0.259000   8.462 0.000   6.113 0.000   2.350 0.000 0.037 0.000 0.114 0.000
 78.291667  79.291667   39.98 0.000  2.28 0.000 9.999 0.259000 9.99 0.259000 0.015 0.559  0.610 0.000  0.854 0.000 99.99 0.259000   6.250 0.000   3.527 0.000   2.723 0.000 0.040 0.000 0.193 0.559
 81.291667  82.291667   18.96 0.000  0.73 0.000 0.038 0.000000 9.99 0.259000 0.023 0.559  0.572 0.000  0.801 0.000 99.99 0.259000   6.699 0.000   3.867 0.000   2.833 0.000 0.023 0.000 0.292 0.559
 84.291667  85.291667   29.20 0.000  1.10 0.000 9.999 0.259000 0.19 0.000000 0.034 0.559  0.522 0.000  0.730 0.000 99.99 0.259000   7.554 0.000   4.146 0.000   3.407 0.000 0.030 0.000 0.323 0.559
 87.291667  88.291667   32.37 0.000  0.47 0.000 9.999 0.259000 9.99 0.259000 0.016 0.559  0.659 0.000  0.923 0.000 99.99 0.259000   7.843 0.000   6.017 0.000   1.826 0.000 0.023 0.000 0.096 0.559
 90.291667  91.291667   44.22 0.000  0.71 0.000 9.999 0.259000 0.09 0.000000 0.024 0.559  0.300 0.000  0.421 0.000 99.99 0.259000   7.230 0.000   4.501 0.000   2.729 0.000 0.032 0.000 0.245 0.559
 93.291667  94.291667   25.68 0.000  0.38 0.000 9.999 0.259000 0.09 0.000000 0.063 0.559  0.647 0.000  0.906 0.000 99.99 0.259000   4.737 0.000   2.452 0.000   2.285 0.000 0.026 0.000 0.158 0.559
 96.291667  97.291667    6.68 0.000  0.34 0.000 0.023 0.000000 9.99 0.259000 0.026 0.559  0.329 0.000  0.460 0.000 99.99 0.259000   2.188 0.000   0.501 0.000   1.687 0.000 0.009 0.000 0.211 0.559
 99.291667 100.291667   27.60 0.000  0.48 0.000 0.033 0.000000 9.99 0.259000 0.070 0.000  0.324 0.000  0.453 0.000 99.99 0.259000   3.858 0.000   1.432 0.000   2.426 0.000 0.017 0.000 0.288 0.000
102.291667 103.291667   27.08 0.000  1.15 0.000 9.999 0.259000 9.99 0.259000 0.056 0.000  0.340 0.000  0.476 0.000 99.99 0.259000   3.227 0.000   0.437 0.000   2.790 0.000 0.019 0.000 0.335 0.000
105.291667 106.291667   70.25 0.000  1.72 0.000 9.999 0.259000 0.09 0.000000 0.023 0.000  0.391 0.000  0.547 0.000 99.99 0.259000   6.417 0.000   2.740 0.000   3.676 0.000 0.053 0.000 0.291 0.000
108.291667 109.291667  140.14 0.000  1.81 0.000 0.090 0.000000 0.13 0.000000 0.046 0.559  0.380 0.000  0.531 0.000 99.99 0.259000  24.935 0.000  18.546 0.000   6.389 0.000 0.117 0.000 0.317 0.559
111.291667 112.291667   87.10 0.559  3.90 0.559 0.028 0.559000 9.99 0.559259 0.043 0.000  0.701 0.000  0.981 0.000 99.99 0.559259   9.273 0.000   3.881 0.000   5.392 0.559 0.080 0.559 0.589 0.000
114.291667 115.291667   14.18 0.559  0.36 0.559 9.999 0.559259 9.99 0.559259 0.012 0.000  0.332 0.000  0.465 0.000 99.99 0.559259   3.371 0.000   2.111 0.000   1.260 0.559 0.011 0.559 0.180 0.000
117.291667 118.291667   70.33 0.559  2.47 0.559 9.999 0.559259 9.99 0.559259 0.021 0.000  0.513 0.000  0.718 0.000 99.99 0.559259   9.659 0.000   5.839 0.000   3.820 0.559 0.049 0.559 0.403 0.000
120.291667 121.291667   96.80 0.559  1.22 0.559 9.999 0.559259 9.99 0.559259 0.060 0.559  0.519 0.000  0.726 0.000 99.99 0.559259  15.286 0.000  11.226 0.000   4.060 0.559 0.068 0.559 0.250 0.559
123.291667 124.291667   62.66 0.559  0.94 0.559 9.999 0.559259 9.99 0.559259 0.028 0.559  0.464 0.000  0.650 0.000 99.99 0.559259   7.721 0.000   4.780 0.000   2.940 0.559 0.040 0.559 0.256 0.559
126.291667 127.291667   97.58 0.559  1.44 0.559 0.064 0.559000 0.10 0.559000 0.053 0.000  1.027 0.000  1.438 0.000 99.99 0.559259  12.874 0.000   7.953 0.000   4.920 0.559 0.082 0.559 0.298 0.000
129.291667 130.291667   79.79 0.559  1.07 0.559 0.043 0.559000 0.13 0.559000 0.043 0.000  1.668 0.000  2.335 0.000 99.99 0.559259  14.051 0.000   8.217 0.000   5.835 0.559 0.071 0.559 0.490 0.000
132.291667 133.291667 9999.99 0.999 99.99 0.999 9.999 0.999000 9.99 0.999000 9.999 0.999 99.999 0.999 99.999 0.999 99.99 0.999000 999.999 0.999 999.999 0.999 999.999 0.999 9.999 0.999 9.999 0.999
135.291667 136.291667   80.38 0.559  0.78 0.559 0.064 0.559000 0.10 0.559000 0.043 0.559  0.731 0.000  1.024 0.000 99.99 0.559259  25.219 0.000  19.227 0.000   5.992 0.559 0.064 0.559 0.547 0.559
138.291667 139.291667   38.72 0.559  0.46 0.559 9.999 0.559259 0.13 0.559000 0.023 0.559  0.449 0.000  0.628 0.000 99.99 0.559259   6.985 0.000   4.427 0.000   2.558 0.559 0.032 0.559 0.150 0.559
141.291667 142.291667   60.51 0.394  0.63 0.394 0.041 0.394000 0.30 0.394000 0.017 0.394  0.457 0.000  0.640 0.000 99.99 0.394259   8.193 0.000   5.864 0.000   2.328 0.000 0.042 0.394 0.130 0.394
144.291667 145.291667  144.81 0.000  1.80 0.000 0.087 0.000000 0.16 0.000000 0.045 0.000  0.468 0.000  0.655 0.000 99.99 0.259000  10.497 0.000   5.169 0.000   5.328 0.000 0.095 0.000 0.315 0.000
147.291667 148.291667   29.59 0.000  0.61 0.000 9.999 0.259000 0.15 0.000000 0.020 0.000  0.563 0.000  0.788 0.000 99.99 0.259000   5.652 0.000   3.011 0.000   2.641 0.000 0.040 0.000 0.266 0.000
150.291667 151.291667   52.99 0.000  1.05 0.000 9.999 0.259000 9.99 0.259000 0.028 0.000  0.733 0.000  1.026 0.000 99.99 0.259000   7.707 0.000   4.893 0.000   2.814 0.000 0.039 0.000 0.194 0.000
153.291667 154.291667   75.01 0.000  0.78 0.000 9.999 0.259000 0.09 0.000000 0.025 0.000  0.825 0.000  1.155 0.000 99.99 0.259000   9.828 0.000   5.966 0.000   3.861 0.000 0.061 0.000 0.198 0.000
156.291667 157.291667  128.06 0.000  0.61 0.000 9.999 0.259000 0.14 0.000000 0.027 0.559  1.134 0.000  1.587 0.000 99.99 0.259000  15.019 0.000   9.464 0.000   5.556 0.000 0.100 0.000 0.253 0.559
159.291667 160.291667  214.84 0.000  1.02 0.000 9.999 0.259000 0.13 0.000000 0.036 0.000  1.028 0.000  1.439 0.000 99.99 0.259000  28.143 0.000  20.477 0.000   7.666 0.000 0.183 0.000 0.242 0.000
162.291667 163.291667  109.84 0.000  1.52 0.000 9.999 0.259000 0.06 0.000000 0.050 0.559  1.078 0.000  1.510 0.000 99.99 0.259000  12.630 0.000   7.631 0.000   4.999 0.000 0.134 0.000 0.248 0.559
165.291667 166.291667  104.61 0.000  2.05 0.000 9.999 0.259000 0.12 0.000000 0.049 0.559  2.086 0.000  2.921 0.000 99.99 0.259000  13.280 0.000   6.425 0.000   6.854 0.000 0.115 0.000 0.362 0.559
168.291667 169.291667   71.02 0.000  0.80 0.000 9.999 0.259000 0.14 0.000000 0.030 0.559  1.063 0.000  1.488 0.000 99.99 0.259000  12.516 0.000   8.176 0.000   4.340 0.000 0.090 0.000 0.198 0.559
171.291667 172.291667   72.30 0.000  0.71 0.000 9.999 0.259000 0.13 0.000000 0.018 0.559  0.727 0.000  1.018 0.000 99.99 0.259000  15.856 0.000  11.964 0.000   3.891 0.000 0.058 0.000 0.257 0.559
174.291667 175.291667   53.07 0.000  0.52 0.000 9.999 0.259000 0.10 0.000000 0.025 0.000  1.109 0.000  1.553 0.000 99.99 0.259000   8.711 0.000   4.140 0.000   4.570 0.000 0.069 0.000 0.255 0.000
177.291667 178.291667   40.82 0.000  0.67 0.000 9.999 0.259000 0.10 0.000000 0.014 0.000  0.756 0.000  1.059 0.000 99.99 0.259000   7.792 0.000   4.590 0.000   3.203 0.000 0.041 0.000 0.212 0.000
180.291667 181.291667   28.89 0.000  0.50 0.000 9.999 0.259000 0.14 0.000000 0.018 0.559  0.744 0.000  1.041 0.000 99.99 0.259000   4.719 0.000   1.647 0.000   3.072 0.000 0.035 0.000 0.233 0.559
183.291667 184.291667   28.38 0.000  0.42 0.000 9.999 0.259000 9.99 0.259000 0.020 0.000  0.958 0.000  1.341 0.000 99.99 0.259000   7.269 0.000   4.199 0.000   3.070 0.000 0.044 0.000 0.177 0.000
186.291667 187.291667   25.39 0.000  0.64 0.000 9.999 0.259000 9.99 0.259000 0.026 0.000  1.528 0.000  2.139 0.000 99.99 0.259000   6.051 0.000   2.160 0.000   3.891 0.000 0.111 0.000 0.159 0.000
189.291667 190.291667   48.37 0.000  0.65 0.000 9.999 0.259000 0.18 0.000000 0.097 0.000  6.061 0.000  8.485 0.000 99.99 0.259000  22.280 0.000   8.772 0.000  13.508 0.000 0.267 0.000 0.352 0.000
192.291667 193.291667   92.93 0.000 99.99 0.259 9.999 0.259000 9.99 0.259000 0.031 0.000  1.178 0.000  1.649 0.000 99.99 0.259000  11.830 0.000   5.958 0.000   5.872 0.000 0.078 0.000 0.347 0.000
195.291667 196.291667  132.92 0.000  0.37 0.000 0.090 0.000000 9.99 0.259000 0.035 0.559  0.738 0.000  1.034 0.000 99.99 0.259000  15.706 0.000  10.497 0.000   5.208 0.000 0.076 0.000 0.277 0.559
198.291667 199.291667  113.61 0.000 99.99 0.259 9.999 0.259000 9.99 0.259000 0.029 0.559  0.767 0.000  1.074 0.000 99.99 0.259000  11.561 0.000   6.801 0.000   4.759 0.000 0.050 0.000 0.373 0.559
201.291667 202.291667   40.65 0.000  0.53 0.000 9.999 0.259000 9.99 0.259000 0.015 0.559  0.749 0.000  1.048 0.000 99.99 0.259000  10.425 0.000   7.582 0.000   2.843 0.000 0.029 0.000 0.252 0.559
204.291667 205.291667   40.17 0.000  0.42 0.000 9.999 0.259000 9.99 0.259000 0.019 0.559  0.903 0.000  1.265 0.000 99.99 0.259000   6.863 0.000   2.912 0.000   3.951 0.000 0.035 0.000 0.378 0.559
207.291667 208.291667    7.67 0.000  0.41 0.000 9.999 0.259000 9.99 0.259000 0.008 0.559  0.372 0.000  0.521 0.000 99.99 0.259000   2.140 0.000   1.279 0.000   0.861 0.000 0.008 0.000 0.130 0.559
210.291667 211.291667   47.71 0.000  0.33 0.000 0.087 0.000000 0.09 0.000000 0.012 0.000  0.787 0.000  1.102 0.000 99.99 0.259000   5.572 0.000   2.824 0.000   2.748 0.000 0.034 0.000 0.152 0.000
213.291667 214.291667   38.50 0.000  0.21 0.000 9.999 0.259000 9.99 0.259000 0.015 0.000  1.021 0.000  1.430 0.000 99.99 0.259000   9.835 0.000   5.255 0.000   4.580 0.000 0.039 0.000 0.470 0.000
216.291667 217.291667   31.57 0.000 99.99 0.259 9.999 0.259000 0.14 0.000000 0.014 0.000  1.184 0.000  1.657 0.000 99.99 0.259000   4.496 0.000   1.873 0.000   2.623 0.000 0.024 0.000 0.233 0.000
219.291667 220.291667   12.56 0.000 99.99 0.259 9.999 0.259000 9.99 0.259000 0.013 0.000  0.499 0.000  0.699 0.000 99.99 0.259000   3.270 0.000   1.474 0.000   1.796 0.000 0.011 0.000 0.197 0.000
222.291667 223.291667   26.23 0.000  0.38 0.000 9.999 0.259000 9.99 0.259000 0.012 0.559  0.591 0.000  0.828 0.000 99.99 0.259000   8.731 0.000   5.117 0.000   3.614 0.000 0.024 0.000 0.404 0.559
225.291667 226.291667   46.14 0.000  0.30 0.000 9.999 0.259000 9.99 0.259000 0.020 0.559  0.827 0.000  1.158 0.000 99.99 0.259000   9.569 0.000   6.304 0.000   3.264 0.000 0.038 0.000 0.266 0.559
228.291667 229.291667   10.69 0.000  0.21 0.000 9.999 0.259000 9.99 0.259000 0.046 0.000  0.472 0.000  0.661 0.000 99.99 0.259000   3.777 0.000   1.899 0.000   1.878 0.000 0.012 0.000 0.195 0.000
231.291667 232.291667   16.13 0.000 99.99 0.259 9.999 0.259000 0.11 0.000000 0.012 0.000  0.610 0.000  0.854 0.000 99.99 0.259000   4.885 0.000   2.541 0.000   2.345 0.000 0.018 0.000 0.203 0.000
234.291667 235.291667   15.47 0.000  0.60 0.000 9.999 0.259000 0.10 0.000000 0.015 0.000  1.115 0.000  1.561 0.000 99.99 0.259000   3.916 0.000   1.115 0.000   2.802 0.000 0.017 0.000 0.273 0.000
237.291667 238.291667   10.33 0.000 99.99 0.259 9.999 0.259000 9.99 0.259000 0.015 0.000  0.282 0.000  0.395 0.000 99.99 0.259000   2.745 0.000   1.647 0.000   1.098 0.000 0.011 0.000 0.150 0.000
240.291667 241.291667   33.66 0.000  0.22 0.000 9.999 0.259000 9.99 0.259000 0.023 0.000  0.810 0.000  1.134 0.000 99.99 0.259000  11.507 0.000   8.020 0.000   3.487 0.000 0.036 0.000 0.331 0.000
