scripts/IMPROVE-2019_partial/data/US0018U.20080101080000.20191216000000.filterpack...52w.3d.US03L_filterpack_US0018.US03L_IMPROVE_Davis.lev2.nas
52 1001
MISSING INFORMATION
US03L, IMPROVE, , , , , , , 
MISSING INFORMATION
IMPROVE sel_HTAP
1 1
2008 01 01 2019 12 16
3.000000
days from file reference point
5
1 1 1 1 1
999.999999 9999.999 9.999 999.999 9.999
end_time of measurement, days from the file reference point
pm10_mass, ug/m3, Matrix=pm10
numflag pm10_mass, no unit, Matrix=pm10
pm25_mass, ug/m3, Matrix=pm25
numflag pm25_mass, no unit, Matrix=pm25
0
33
Data definition:              EBAS_1.1
Set type code:                TU
Timezone:                     UTC
File name:                    US0018U.20080101080000.20191216000000.filterpack...52w.3d.US03L_filterpack_US0018.US03L_IMPROVE_Davis.lev2.nas
File creation:                20191218115634
Startdate:                    20080101080000
Revision date:                20191216000000
Version:                      2
Version description:          "Data extracted from http://views.cira.colostate.edu/fed/DataWizard 2019-12-16"
Statistics:                   arithmetic mean
Data level:                   2
Period code:                  52w
Resolution code:              3d
Sample duration:              1d
Orig. time res.:              3d
Station code:                 US0018U
Platform code:                US0018S
Station name:                 Fresno
Station latitude:             36.7818
Station longitude:            -119.7732
Station altitude:             100.0 m
Regime:                       IMG
Component:                    
Unit:                         ug/m3
Matrix:                       
Laboratory code:              US03L
Instrument type:              filterpack
Instrument name:              filterpack_US0018
Method ref:                   US03L_IMPROVE_Davis
Blank correction:             Blank corrected
Volume std. temperature:      ambient
Volume std. pressure:         ambient
starttime endtime PM10 flag_PM10 PM2.5 flag_PM2.5
  0.333333   1.333333   50.051 0.659 999.999 0.699
  3.333333   4.333333   45.112 0.000  11.487 0.000
  6.333333   7.333333   15.531 0.000  11.347 0.000
  9.333333  10.333333   34.008 0.000  27.358 0.000
 12.333333  13.333333   37.711 0.000  29.160 0.000
 15.333333  16.333333   42.443 0.000  35.207 0.000
 18.333333  19.333333   44.810 0.000  46.204 0.659
 21.333333  22.333333   11.549 0.000   6.742 0.000
 24.333333  25.333333    6.505 0.000   1.663 0.000
 27.333333  28.333333   10.292 0.000   7.103 0.000
 30.333333  31.333333   29.047 0.000  20.082 0.000
 33.333333  34.333333    5.296 0.000   3.946 0.000
 36.333333  37.333333   34.647 0.000  24.148 0.000
 39.333333  40.333333   61.897 0.000  45.430 0.000
 42.333333  43.333333   54.898 0.000  43.788 0.000
 45.333333  46.333333   25.851 0.000  13.292 0.000
 48.333333  49.333333   39.428 0.000  26.794 0.000
 51.333333  52.333333   12.262 0.000   8.428 0.000
 54.333333  55.333333   15.068 0.000   5.389 0.000
 57.333333  58.333333   25.599 0.000  15.328 0.000
 60.333333  61.333333    9.909 0.000   3.685 0.000
 63.333333  64.333333   32.850 0.000  18.601 0.000
 66.333333  67.333333   39.708 0.000  28.155 0.000
 69.333333  70.333333   25.174 0.000  16.114 0.000
 72.333333  73.333333   22.808 0.000   7.032 0.000
 75.333333  76.333333   10.848 0.000   3.998 0.000
 78.333333  79.333333   27.267 0.000   9.081 0.000
 81.333333  82.333333   27.124 0.000  10.191 0.000
 84.333333  85.333333   14.825 0.000   3.722 0.000
 87.333333  88.333333   26.579 0.000   7.782 0.000
 90.333333  91.333333   18.796 0.000   5.890 0.000
 93.333333  94.333333   29.066 0.000   8.807 0.000
 96.333333  97.333333   14.696 0.000   3.263 0.000
 99.333333 100.333333   22.243 0.000   4.735 0.000
102.333333 103.333333   30.304 0.000  10.613 0.000
105.333333 106.333333   18.898 0.000   4.172 0.000
108.333333 109.333333   43.372 0.000  12.249 0.000
111.333333 112.333333   18.564 0.000   5.791 0.000
114.333333 115.333333   30.069 0.000   5.392 0.000
117.333333 118.333333   33.933 0.000  15.329 0.000
120.333333 121.333333 9999.999 0.999 999.999 0.999
123.333333 124.333333 9999.999 0.999 999.999 0.999
126.333333 127.333333 9999.999 0.999 999.999 0.999
129.333333 130.333333   46.154 0.000  12.566 0.000
132.333333 133.333333   55.631 0.000   9.266 0.000
135.333333 136.333333   62.407 0.000  16.076 0.000
138.333333 139.333333   27.452 0.000   7.583 0.000
141.333333 142.333333  102.375 0.000   8.668 0.000
144.333333 145.333333   22.170 0.000   7.754 0.000
147.333333 148.333333   15.826 0.000   5.832 0.000
150.333333 151.333333   25.433 0.000   6.604 0.000
153.333333 154.333333   24.890 0.000   6.750 0.000
156.333333 157.333333   34.603 0.000   6.646 0.000
159.333333 160.333333   21.960 0.000   6.025 0.000
162.333333 163.333333   38.534 0.000   5.918 0.000
165.333333 166.333333   38.304 0.000  15.565 0.000
168.333333 169.333333   35.768 0.000   9.127 0.000
171.333333 172.333333   48.457 0.000  11.949 0.000
174.333333 175.333333   49.502 0.000  31.153 0.000
177.333333 178.333333   98.586 0.000  58.584 0.000
180.333333 181.333333   36.376 0.000  22.097 0.000
183.333333 184.333333   41.084 0.000  11.300 0.000
186.333333 187.333333   21.488 0.000   9.463 0.000
189.333333 190.333333   75.572 0.000  47.383 0.000
192.333333 193.333333   66.176 0.000  37.788 0.000
195.333333 196.333333   38.809 0.000  15.908 0.000
198.333333 199.333333   41.204 0.000  11.591 0.000
201.333333 202.333333   37.333 0.000  14.543 0.000
204.333333 205.333333   48.847 0.000  15.893 0.000
207.333333 208.333333   53.438 0.000  28.254 0.000
210.333333 211.333333   27.155 0.000   5.937 0.000
213.333333 214.333333   34.680 0.000   6.610 0.000
216.333333 217.333333   33.259 0.000   8.697 0.000
219.333333 220.333333   45.036 0.000   8.435 0.000
222.333333 223.333333   19.222 0.000   4.800 0.000
225.333333 226.333333   59.797 0.000  20.670 0.000
228.333333 229.333333   39.097 0.000  12.344 0.000
231.333333 232.333333   21.256 0.000   3.239 0.000
234.333333 235.333333   30.849 0.000   5.475 0.000
237.333333 238.333333   37.519 0.000   7.452 0.000
240.333333 241.333333   74.563 0.000  14.717 0.000
243.333333 244.333333   36.339 0.000   6.753 0.000
246.333333 247.333333   75.151 0.000  15.669 0.000
249.333333 250.333333   57.045 0.000  13.881 0.000
252.333333 253.333333   48.704 0.000  11.850 0.000
255.333333 256.333333   64.638 0.000  16.487 0.000
258.333333 259.333333   56.458 0.000  17.055 0.000
261.333333 262.333333   62.884 0.000  12.504 0.000
264.333333 265.333333   19.553 0.000   4.600 0.000
267.333333 268.333333   71.493 0.000  21.448 0.000
270.333333 271.333333   56.784 0.000  13.501 0.000
273.333333 274.333333   61.626 0.000  12.571 0.000
276.333333 277.333333   32.159 0.000   6.141 0.000
279.333333 280.333333   26.141 0.000   7.474 0.000
282.333333 283.333333   80.731 0.000   9.608 0.000
285.333333 286.333333   30.445 0.000   8.127 0.000
288.333333 289.333333   68.168 0.000  14.062 0.000
291.333333 292.333333   49.384 0.000  12.384 0.000
294.333333 295.333333   45.817 0.000  10.550 0.000
297.333333 298.333333   68.408 0.000  18.347 0.000
300.333333 301.333333   68.947 0.000  24.012 0.000
303.333333 304.333333  124.373 0.000  26.225 0.000
306.333333 307.333333    6.549 0.000   2.379 0.000
309.333333 310.333333   24.238 0.000  13.185 0.000
312.333333 313.333333   56.674 0.000  38.971 0.000
315.333333 316.333333   25.647 0.000  14.687 0.000
318.333333 319.333333   55.187 0.000  37.972 0.000
321.333333 322.333333   42.708 0.000  21.506 0.000
324.333333 325.333333   26.635 0.000  13.733 0.000
327.333333 328.333333   70.944 0.659  50.521 0.000
330.333333 331.333333   38.740 0.000  34.817 0.000
333.333333 334.333333   30.483 0.000  24.680 0.000
336.333333 337.333333   17.215 0.000  13.489 0.000
339.333333 340.333333   52.227 0.000  44.280 0.000
342.333333 343.333333   35.674 0.000  29.607 0.000
345.333333 346.333333   52.963 0.659  38.919 0.659
348.333333 349.333333   18.147 0.000  12.479 0.000
351.333333 352.333333   24.418 0.000  18.427 0.000
354.333333 355.333333   20.819 0.000  15.915 0.000
357.333333 358.333333   21.415 0.000  14.928 0.000
360.333333 361.333333   19.932 0.000  14.389 0.000
363.333333 364.333333   44.121 0.000  34.442 0.000
