scripts/IMPROVE-2019_partial/data/US0050R.20120101060000.20191216000000.filterpack...52w.3d.US03L_filterpack_US0050.US03L_IMPROVE_Davis.lev2.nas
51 1001
MISSING INFORMATION
US03L, IMPROVE, , , , , , , 
MISSING INFORMATION
IMPROVE sel_HTAP
1 1
2012 01 01 2019 12 16
3.00
days from file reference point
4
1 1 1 1
999.99 999.999 999.999 9.999
end_time of measurement, days from the file reference point
pm10_mass, ug/m3, Matrix=pm10
pm25_mass, ug/m3, Matrix=pm25
numflag, no unit
0
33
Data definition:              EBAS_1.1
Set type code:                TU
Timezone:                     UTC
File name:                    US0050R.20120101060000.20191216000000.filterpack...52w.3d.US03L_filterpack_US0050.US03L_IMPROVE_Davis.lev2.nas
File creation:                20191218115827
Startdate:                    20120101060000
Revision date:                20191216000000
Version:                      2
Version description:          "Data extracted from http://views.cira.colostate.edu/fed/DataWizard 2019-12-16"
Statistics:                   arithmetic mean
Data level:                   2
Period code:                  52w
Resolution code:              3d
Sample duration:              1d
Orig. time res.:              3d
Station code:                 US0050R
Platform code:                US0050S
Station name:                 Blue Mounds
Station latitude:             43.7158
Station longitude:            -96.1913
Station altitude:             473.0 m
Regime:                       IMG
Component:                    
Unit:                         ug/m3
Matrix:                       
Laboratory code:              US03L
Instrument type:              filterpack
Instrument name:              filterpack_US0050
Method ref:                   US03L_IMPROVE_Davis
Blank correction:             Blank corrected
Volume std. temperature:      ambient
Volume std. pressure:         ambient
starttime endtime PM10 PM2.5 flag
  0.25   1.25   6.221   4.221 0.000
  3.25   4.25   5.189   2.292 0.000
  6.25   7.25   7.311   2.947 0.000
  9.25  10.25  11.549   4.385 0.000
 12.25  13.25 999.999 999.999 0.999
 15.25  16.25   9.302   4.194 0.000
 18.25  19.25 999.999 999.999 0.999
 21.25  22.25 999.999 999.999 0.999
 24.25  25.25  17.692  16.996 0.000
 27.25  28.25   3.639   1.782 0.000
 30.25  31.25   3.352   4.260 0.000
 33.25  34.25  12.998  11.685 0.000
 36.25  37.25   6.426   4.498 0.000
 39.25  40.25  11.615   6.566 0.000
 42.25  43.25 999.999 999.999 0.999
 45.25  46.25  21.752  18.748 0.000
 48.25  49.25   9.957   6.229 0.000
 51.25  52.25   5.216   4.468 0.000
 54.25  55.25   6.223   4.912 0.000
 57.25  58.25   6.331   4.105 0.000
 60.25  61.25   5.829   5.290 0.000
 63.25  64.25  10.915   9.701 0.000
 66.25  67.25 999.999 999.999 0.999
 69.25  70.25  21.529   5.688 0.000
 72.25  73.25  13.276   7.599 0.000
 75.25  76.25  20.777  11.156 0.000
 78.25  79.25  14.834   7.243 0.000
 81.25  82.25   6.679   4.073 0.000
 84.25  85.25   5.361   2.689 0.000
 87.25  88.25  11.901   3.656 0.000
 90.25  91.25  17.645  10.266 0.000
 93.25  94.25   9.391   2.836 0.000
 96.25  97.25  27.277   6.000 0.000
 99.25 100.25  13.218   3.294 0.000
102.25 103.25  30.552   8.614 0.000
105.25 106.25   8.340   3.330 0.000
108.25 109.25   6.484   3.548 0.000
111.25 112.25   7.013   3.412 0.000
114.25 115.25  26.483   6.222 0.000
117.25 118.25  25.514   5.231 0.000
120.25 121.25  13.077   8.706 0.000
123.25 124.25  15.599   8.066 0.000
126.25 127.25   5.095   2.286 0.000
129.25 130.25   5.778   2.315 0.000
132.25 133.25  10.517   3.289 0.000
135.25 136.25  27.201   5.945 0.000
138.25 139.25  42.141  11.018 0.000
141.25 142.25  10.572   4.945 0.000
144.25 145.25   6.628   3.668 0.000
147.25 148.25  21.357   9.364 0.000
150.25 151.25   3.368   1.049 0.000
153.25 154.25   6.355   2.922 0.000
156.25 157.25  17.653   4.563 0.000
159.25 160.25  35.349  10.418 0.000
162.25 163.25  14.012   2.494 0.000
165.25 166.25  22.985   6.479 0.000
168.25 169.25  23.843   5.044 0.000
171.25 172.25  10.452   4.198 0.000
174.25 175.25   9.089   4.683 0.000
177.25 178.25  25.605   7.397 0.000
180.25 181.25  32.346   9.311 0.000
183.25 184.25  28.033   9.007 0.000
186.25 187.25  28.756  13.280 0.000
189.25 190.25  16.553   5.257 0.000
192.25 193.25  20.715   7.667 0.000
195.25 196.25  23.464  11.054 0.000
198.25 199.25  29.320   9.557 0.000
201.25 202.25  23.991   9.440 0.000
204.25 205.25  21.691   7.946 0.000
207.25 208.25  24.799   5.569 0.000
210.25 211.25  12.032   5.654 0.000
213.25 214.25  27.576   7.364 0.000
216.25 217.25   7.479   3.165 0.000
219.25 220.25  20.660   6.017 0.000
222.25 223.25  10.463   3.919 0.000
225.25 226.25   9.068   3.415 0.000
228.25 229.25  14.195   2.679 0.000
231.25 232.25   7.076   3.694 0.000
234.25 235.25  26.674   6.926 0.000
237.25 238.25  10.730   7.919 0.000
240.25 241.25  40.785  11.300 0.000
243.25 244.25  22.337   4.813 0.000
246.25 247.25  30.373  10.885 0.000
249.25 250.25  19.343   4.238 0.000
252.25 253.25   9.308   1.879 0.000
255.25 256.25  16.733   7.275 0.000
258.25 259.25  25.883   6.832 0.000
261.25 262.25  15.058   2.360 0.000
264.25 265.25  40.974   7.893 0.000
267.25 268.25  54.047   7.597 0.000
270.25 271.25  61.428  12.120 0.000
273.25 274.25  66.594  16.431 0.000
276.25 277.25  70.942  11.451 0.000
279.25 280.25  28.868   4.716 0.000
282.25 283.25  26.812   5.372 0.000
285.25 286.25  48.634   6.386 0.000
288.25 289.25  47.021  11.833 0.000
291.25 292.25   3.397   2.095 0.000
294.25 295.25  11.645   5.343 0.000
297.25 298.25  10.640   6.801 0.000
300.25 301.25   7.944   5.780 0.000
303.25 304.25  26.629   7.728 0.000
306.25 307.25  18.274   4.195 0.000
309.25 310.25  14.316  11.177 0.000
312.25 313.25  19.554   6.995 0.000
315.25 316.25   6.111   3.505 0.000
318.25 319.25  21.424  11.027 0.000
321.25 322.25  29.441  14.132 0.000
324.25 325.25  29.262  13.470 0.000
327.25 328.25   9.433   3.166 0.000
330.25 331.25  14.668   6.789 0.000
333.25 334.25  43.325  14.971 0.000
336.25 337.25  26.298  16.733 0.000
339.25 340.25  22.013   4.304 0.000
342.25 343.25  13.105   9.047 0.000
345.25 346.25   6.861   4.311 0.000
348.25 349.25  38.442  15.733 0.000
351.25 352.25   9.916   8.114 0.000
354.25 355.25  10.355   8.047 0.000
357.25 358.25   9.113   7.409 0.000
360.25 361.25   5.394   3.247 0.000
363.25 364.25  13.382  11.467 0.000
