scripts/IMPROVE-2019_partial/data/US0082R.20020102050000.20191216000000.filterpack..pm25.52w.1w.US03L_filterpack_US0082.US03L_IMPROVE_Davis.lev2.nas
66 1001
MISSING INFORMATION
US03L, IMPROVE, , , , , , , 
MISSING INFORMATION
IMPROVE sel_HTAP
1 1
2002 01 01 2019 12 16
3.000000
days from file reference point
27
1 1 1 1 1 1 1 1 1 1 1 1 1 1 1 1 1 1 1 1 1 1 1 1 1 1 1
999.999999 9999.99 9.999 99.99 9.999 9.999 9.999999 99.99 9.999999 9.999 9.999 999.999 9.999 999.999 9.999 99.99 9.999999 999.999 9.999 99.999 9.999 999.999 9.999 9.999 9.999 99.999 9.999
end_time of measurement, days from the file reference point
iron, ng/m3, Revision date=20181210133000
numflag iron, no unit, Revision date=20181210133000
lead, ng/m3, Revision date=20181210133000
numflag lead, no unit, Revision date=20181210133000
magnesium, ug/m3, Revision date=20181210133000
numflag magnesium, no unit, Revision date=20181210133000
nickel, ng/m3, Revision date=20181210133000
numflag nickel, no unit, Revision date=20181210133000
nitrate, ug N/m3, Revision date=20181210133000
numflag nitrate, no unit, Revision date=20181210133000
organic_carbon, ug C/m3, Revision date=20181210133000
numflag organic_carbon, no unit, Revision date=20181210133000
organic_mass, ug/m3, Revision date=20181210133000
numflag organic_mass, no unit, Revision date=20181210133000
phosphorus, ng/m3, Revision date=20181210133000
numflag phosphorus, no unit, Revision date=20181210133000
pm10_mass, ug/m3, Version=2, Version description=Data extracted from http://views.cira.colostate.edu/fed/DataWizard 2019-12-16, Sample duration=1d, Orig. time res.=3d, Matrix=pm10, Blank correction=Blank corrected, Volume std. temperature=ambient, Volume std. pressure=ambient
numflag pm10_mass, no unit, Version=2, Version description=Data extracted from http://views.cira.colostate.edu/fed/DataWizard 2019-12-16, Sample duration=1d, Orig. time res.=3d, Matrix=pm10, Blank correction=Blank corrected, Volume std. temperature=ambient, Volume std. pressure=ambient
pm10_pm25_mass, ug/m3, Revision date=20181210133000, Matrix=pm10_pm25
numflag pm10_pm25_mass, no unit, Revision date=20181210133000, Matrix=pm10_pm25
pm25_mass, ug/m3, Version=2, Version description=Data extracted from http://views.cira.colostate.edu/fed/DataWizard 2019-12-16, Sample duration=1d, Orig. time res.=3d, Blank correction=Blank corrected, Volume std. temperature=ambient, Volume std. pressure=ambient
numflag pm25_mass, no unit, Version=2, Version description=Data extracted from http://views.cira.colostate.edu/fed/DataWizard 2019-12-16, Sample duration=1d, Orig. time res.=3d, Blank correction=Blank corrected, Volume std. temperature=ambient, Volume std. pressure=ambient
potassium, ug/m3, Revision date=20181210133000
numflag potassium, no unit, Revision date=20181210133000
sulphate_total, ug S/m3, Revision date=20181210133000
numflag sulphate_total, no unit, Revision date=20181210133000
0
25
Data definition:              EBAS_1.1
Set type code:                TU
Timezone:                     UTC
File name:                    US0082R.20020102050000.20191216000000.filterpack..pm25.52w.1w.US03L_filterpack_US0082.US03L_IMPROVE_Davis.lev2.nas
File creation:                20191218120056
Startdate:                    20020102050000
Revision date:                20191216000000
Statistics:                   arithmetic mean
Data level:                   2
Period code:                  52w
Resolution code:              1w
Station code:                 US0082R
Platform code:                US0082S
Station name:                 Lye Brook Wilderness
Station latitude:             43.1482
Station longitude:            -73.1268
Station altitude:             1015.0 m
Regime:                       IMG
Component:                    
Matrix:                       pm25
Laboratory code:              US03L
Instrument type:              filterpack
Instrument name:              filterpack_US0082
Method ref:                   US03L_IMPROVE_Davis
starttime endtime Fe flag_Fe Pb flag_Pb Mg++ flag_Mg++ Ni flag_Ni NO3- flag_NO3- OC flag_OC OM flag_OM P flag_P PM10 flag_PM10 PM10-PM2.5 flag_PM10-PM2.5 PM2.5 flag_PM2.5 K+ flag_K+ SO4-- flag_SO4--
[from data line 81]
244.208333 245.208333    1.87 0.000  0.45 0.000 9.999 0.259000  0.12 0.000000 0.048 0.000   0.538 0.000   0.754 0.000 99.99 0.259000   4.224 0.000  1.295 0.000   2.929 0.000 0.015 0.000  0.192 0.000
247.208333 248.208333    7.58 0.000  1.18 0.000 9.999 0.259000 99.99 0.259000 0.024 0.000   0.552 0.000   0.773 0.000 99.99 0.259000   3.917 0.000  1.801 0.000   2.116 0.000 0.013 0.000  0.223 0.000
250.208333 251.208333   31.34 0.000  2.92 0.000 0.027 0.000000  0.43 0.000000 0.027 0.000   1.477 0.000   2.068 0.000 99.99 0.259000  10.027 0.000  2.424 0.000   7.603 0.000 0.035 0.000  0.921 0.000
253.208333 254.208333   30.55 0.000  1.76 0.000 9.999 0.259000  0.78 0.000000 9.999 0.699   0.975 0.000   1.365 0.000 99.99 0.259000  12.896 0.000  1.011 0.000  11.885 0.000 0.023 0.000 99.999 0.699
256.208333 257.208333   43.64 0.000  2.81 0.000 9.999 0.259000  0.57 0.000000 0.128 0.000   2.226 0.000   3.116 0.000 99.99 0.259000  18.803 0.000  4.103 0.000  14.701 0.000 0.037 0.000  2.016 0.000
259.208333 260.208333    9.47 0.000  1.50 0.000 9.999 0.259000 99.99 0.259000 0.039 0.000   0.810 0.000   1.134 0.000 99.99 0.259000   5.578 0.000  1.612 0.000   3.966 0.000 0.014 0.000  0.448 0.000
262.208333 263.208333   35.19 0.000  2.59 0.000 9.999 0.259000  1.55 0.000000 0.113 0.000   2.523 0.000   3.532 0.000 99.99 0.259000  22.631 0.559  3.371 0.000  19.259 0.000 0.025 0.000  3.307 0.000
265.208333 266.208333    3.68 0.000  0.83 0.000 9.999 0.259000  0.26 0.000000 0.030 0.000   0.478 0.000   0.669 0.000 99.99 0.259000   4.142 0.000  1.595 0.000   2.547 0.000 0.011 0.000  0.387 0.000
268.208333 269.208333   15.54 0.000  1.73 0.000 9.999 0.259000  0.38 0.000000 0.029 0.000   0.991 0.000   1.388 0.000 99.99 0.259000   8.252 0.559  3.451 0.000   4.801 0.000 0.020 0.000  0.530 0.000
271.208333 272.208333    6.08 0.000  1.74 0.000 0.046 0.000000 99.99 0.259000 0.013 0.000   0.795 0.000   1.113 0.000 99.99 0.259000   3.636 0.559  1.221 0.000   2.414 0.000 0.020 0.000  0.196 0.000
274.208333 275.208333   31.13 0.000  2.46 0.000 9.999 0.259000  0.31 0.000000 0.097 0.000   1.944 0.000   2.722 0.000 99.99 0.259000  23.284 0.559  3.308 0.000  19.977 0.000 0.034 0.000  3.553 0.000
277.208333 278.208333    7.37 0.000  1.23 0.000 9.999 0.259000  0.23 0.000000 0.040 0.000   0.611 0.000   0.856 0.000 99.99 0.259000   5.474 0.559  1.835 0.000   3.639 0.000 0.016 0.000  0.525 0.000
280.208333 281.208333    3.74 0.000  0.93 0.000 9.999 0.259000 99.99 0.259000 0.029 0.000   0.465 0.000   0.651 0.000 99.99 0.259000   2.890 0.559  1.158 0.000   1.732 0.000 0.015 0.000  0.232 0.000
283.208333 284.208333    6.01 0.000  0.85 0.000 9.999 0.259000  0.46 0.000000 0.036 0.000   0.473 0.000   0.662 0.000 99.99 0.259000   4.085 0.559  0.524 0.000   3.561 0.000 0.013 0.000  0.582 0.000
286.208333 287.208333    2.54 0.000  0.36 0.000 9.999 0.259000 99.99 0.259000 0.018 0.000   0.317 0.000   0.444 0.000 99.99 0.259000   2.055 0.559  0.743 0.000   1.311 0.000 0.012 0.000  0.149 0.000
289.208333 290.208333    2.48 0.000  0.76 0.000 9.999 0.259000  0.13 0.000000 0.025 0.000   0.251 0.000   0.352 0.000 99.99 0.259000   2.124 0.559  0.517 0.000   1.607 0.000 0.004 0.000  0.224 0.000
292.208333 293.208333    1.73 0.000  0.52 0.000 0.015 0.000000 99.99 0.259000 0.048 0.000   0.322 0.000   0.451 0.000 99.99 0.259000   2.876 0.559  0.481 0.000   2.396 0.000 0.005 0.000  0.351 0.000
295.208333 296.208333    3.91 0.000  1.22 0.000 9.999 0.259000 99.99 0.259000 0.072 0.000   0.471 0.000   0.660 0.000 99.99 0.259000   3.348 0.559  0.691 0.000   2.657 0.000 0.016 0.000  0.314 0.000
298.208333 299.208333    1.61 0.000  0.61 0.000 0.022 0.000000 99.99 0.259000 0.026 0.000   0.201 0.000   0.281 0.000 99.99 0.259000   1.356 0.559  0.299 0.000   1.057 0.000 0.003 0.000  0.141 0.000
301.208333 302.208333    8.46 0.000  1.07 0.000 9.999 0.259000 99.99 0.259000 0.076 0.000   0.430 0.000   0.603 0.000 99.99 0.259000   3.592 0.559  1.233 0.000   2.360 0.000 0.011 0.000  0.279 0.000
304.208333 305.208333    3.65 0.000  0.52 0.000 9.999 0.259000 99.99 0.259000 0.076 0.000   0.374 0.000   0.523 0.000 99.99 0.259000   3.041 0.559  1.542 0.000   1.499 0.000 0.007 0.000  0.218 0.000
307.208333 308.208333    8.94 0.000  1.57 0.000 0.015 0.000000  0.82 0.000000 0.145 0.000   0.735 0.000   1.028 0.000 99.99 0.259000   5.084 0.559  1.490 0.000   3.594 0.000 0.015 0.000  0.529 0.000
310.208333 311.208333    3.53 0.000  0.74 0.000 9.999 0.259000  0.13 0.000000 0.026 0.000   0.185 0.000   0.259 0.000 99.99 0.259000   3.183 0.559  1.576 0.000   1.607 0.000 0.012 0.000  0.240 0.000
313.208333 314.208333   18.90 0.000  2.00 0.000 9.999 0.259000  0.71 0.000000 0.120 0.000   1.614 0.000   2.260 0.000 99.99 0.259000  11.193 0.559  2.238 0.000   8.955 0.000 0.030 0.000  1.285 0.000
316.208333 317.208333    1.86 0.000  0.56 0.000 9.999 0.259000 99.99 0.259000 0.039 0.000   0.223 0.000   0.313 0.000 99.99 0.259000   1.849 0.559  0.466 0.000   1.383 0.000 0.005 0.000  0.203 0.000
319.208333 320.208333    1.45 0.000  0.81 0.000 0.015 0.000000 99.99 0.259000 0.031 0.000   0.292 0.000   0.409 0.000 99.99 0.259000   1.529 0.559  0.171 0.000   1.359 0.000 0.007 0.000  0.157 0.000
322.208333 323.208333 9999.99 0.999 99.99 0.999 9.999 0.999000 99.99 0.999000 9.999 0.999 999.999 0.999 999.999 0.999 99.99 0.999000 999.999 0.999 99.999 0.999 999.999 0.999 9.999 0.999 99.999 0.999
325.208333 326.208333 9999.99 0.999 99.99 0.999 9.999 0.999000 99.99 0.999000 9.999 0.999 999.999 0.999 999.999 0.999 99.99 0.999000 999.999 0.999 99.999 0.999 999.999 0.999 9.999 0.999 99.999 0.999
328.208333 329.208333    2.64 0.000  0.77 0.000 9.999 0.259000  0.09 0.000000 0.139 0.000   0.217 0.000   0.304 0.000 99.99 0.259000   1.890 0.559  0.592 0.000   1.298 0.000 0.008 0.000  0.135 0.000
331.208333 332.208333    9.17 0.000  0.81 0.000 9.999 0.259000  0.15 0.000000 0.112 0.000   0.321 0.000   0.449 0.000 99.99 0.259000   3.389 0.559  1.369 0.000   2.019 0.000 0.011 0.000  0.178 0.000
334.208333 335.208333    1.75 0.000  0.57 0.000 0.017 0.000000  0.10 0.000000 0.026 0.000   0.147 0.000   0.206 0.000 99.99 0.259000   1.715 0.559  0.583 0.000   1.132 0.000 0.010 0.000  0.143 0.000
337.208333 338.208333    4.05 0.000  1.18 0.000 9.999 0.259000  0.22 0.000000 0.099 0.000   0.372 0.000   0.521 0.000 99.99 0.259000   4.352 0.559  2.185 0.000   2.167 0.000 0.014 0.000  0.268 0.000
340.208333 341.208333   80.66 0.000  2.80 0.000 0.038 0.000000  0.41 0.000000 0.310 0.000   1.097 0.000   1.537 0.000 99.99 0.259000   7.568 0.559  1.139 0.000   6.429 0.000 0.032 0.000  0.824 0.000
343.208333 344.208333   23.42 0.000  2.14 0.000 9.999 0.259000  0.35 0.000000 0.446 0.000   0.955 0.000   1.337 0.000 99.99 0.259000   8.312 0.559  2.311 0.000   6.002 0.000 0.028 0.000  0.455 0.000
346.208333 347.208333    2.53 0.000  0.51 0.000 0.027 0.000000 99.99 0.259000 0.042 0.000   0.145 0.000   0.203 0.000 99.99 0.259000   2.014 0.559  0.987 0.000   1.027 0.000 0.007 0.000  0.124 0.000
349.208333 350.208333    3.04 0.000  0.84 0.000 0.052 0.000000  0.13 0.000000 0.065 0.000   0.296 0.000   0.414 0.000 99.99 0.259000   1.653 0.559  0.104 0.000   1.550 0.000 0.010 0.000  0.221 0.000
352.208333 353.208333   23.62 0.000  1.24 0.000 9.999 0.259000  0.88 0.000000 0.072 0.000   0.642 0.000   0.899 0.000 99.99 0.259000   7.482 0.559  2.772 0.000   4.710 0.000 0.026 0.000  0.668 0.000
355.208333 356.208333   13.74 0.000  1.37 0.000 9.999 0.259000  0.10 0.000000 0.219 0.000   0.551 0.000   0.771 0.000 99.99 0.259000   5.622 0.559  1.873 0.000   3.749 0.000 0.017 0.000  0.526 0.000
358.208333 359.208333    1.98 0.000  0.32 0.000 0.055 0.000000  0.14 0.000000 0.088 0.000   0.270 0.000   0.378 0.000 99.99 0.259000   3.018 0.559  0.981 0.000   2.037 0.000 0.015 0.000  0.174 0.000
361.208333 362.208333    6.04 0.000  0.90 0.000 0.049 0.000000  0.12 0.000000 0.165 0.000   0.501 0.000   0.702 0.000 99.99 0.259000   5.323 0.559  1.247 0.000   4.076 0.000 0.013 0.000  0.732 0.000
364.208333 365.208333    5.49 0.000  0.70 0.000 0.028 0.000000  0.20 0.000000 0.066 0.000   0.382 0.000   0.535 0.000 99.99 0.259000   3.862 0.559  1.177 0.000   2.685 0.000 0.010 0.000  0.432 0.000
