scripts/IMPROVE-2019_partial/data/US0091R.20040101070000.20191216000000.filterpack..pm25.52w.1w.US03L_filterpack_US0091.US03L_IMPROVE_Davis.lev2.nas
66 1001
MISSING INFORMATION
US03L, IMPROVE, , , , , , , 
MISSING INFORMATION
IMPROVE sel_HTAP
1 1
2004 01 01 2019 12 16
3.000000
days from file reference point
27
1 1 1 1 1 1 1 1 1 1 1 1 1 1 1 1 1 1 1 1 1 1 1 1 1 1 1
999.999999 9999.99 9.999 99.99 9.999 9.999 9.999999 9.99 9.999999 9.999 9.999 99.999 9.999 99.999 9.999 99.9 9.999999 999.999 9.999 999.999 9.999 99.999 9.999 9.999 9.999 9.999 9.999
end_time of measurement, days from the file reference point
iron, ng/m3, Revision date=20181210133000
numflag iron, no unit, Revision date=20181210133000
lead, ng/m3, Revision date=20181210133000
numflag lead, no unit, Revision date=20181210133000
magnesium, ug/m3, Revision date=20181210133000
numflag magnesium, no unit, Revision date=20181210133000
nickel, ng/m3, Revision date=20181210133000
numflag nickel, no unit, Revision date=20181210133000
nitrate, ug N/m3, Revision date=20181210133000
numflag nitrate, no unit, Revision date=20181210133000
organic_carbon, ug C/m3, Revision date=20181210133000
numflag organic_carbon, no unit, Revision date=20181210133000
organic_mass, ug/m3, Revision date=20181210133000
numflag organic_mass, no unit, Revision date=20181210133000
phosphorus, ng/m3, Revision date=20181210133000
numflag phosphorus, no unit, Revision date=20181210133000
pm10_mass, ug/m3, Version=2, Version description=Data extracted from http://views.cira.colostate.edu/fed/DataWizard 2019-12-16, Sample duration=1d, Orig. time res.=3d, Matrix=pm10, Blank correction=Blank corrected, Volume std. temperature=ambient, Volume std. pressure=ambient
numflag pm10_mass, no unit, Version=2, Version description=Data extracted from http://views.cira.colostate.edu/fed/DataWizard 2019-12-16, Sample duration=1d, Orig. time res.=3d, Matrix=pm10, Blank correction=Blank corrected, Volume std. temperature=ambient, Volume std. pressure=ambient
pm10_pm25_mass, ug/m3, Revision date=20181210133000, Matrix=pm10_pm25
numflag pm10_pm25_mass, no unit, Revision date=20181210133000, Matrix=pm10_pm25
pm25_mass, ug/m3, Version=2, Version description=Data extracted from http://views.cira.colostate.edu/fed/DataWizard 2019-12-16, Sample duration=1d, Orig. time res.=3d, Blank correction=Blank corrected, Volume std. temperature=ambient, Volume std. pressure=ambient
numflag pm25_mass, no unit, Version=2, Version description=Data extracted from http://views.cira.colostate.edu/fed/DataWizard 2019-12-16, Sample duration=1d, Orig. time res.=3d, Blank correction=Blank corrected, Volume std. temperature=ambient, Volume std. pressure=ambient
potassium, ug/m3, Revision date=20181210133000
numflag potassium, no unit, Revision date=20181210133000
sulphate_total, ug S/m3, Revision date=20181210133000
numflag sulphate_total, no unit, Revision date=20181210133000
0
25
Data definition:              EBAS_1.1
Set type code:                TU
Timezone:                     UTC
File name:                    US0091R.20040101070000.20191216000000.filterpack..pm25.52w.1w.US03L_filterpack_US0091.US03L_IMPROVE_Davis.lev2.nas
File creation:                20191218120133
Startdate:                    20040101070000
Revision date:                20191216000000
Statistics:                   arithmetic mean
Data level:                   2
Period code:                  52w
Resolution code:              1w
Station code:                 US0091R
Platform code:                US0091S
Station name:                 Mount Baldy
Station latitude:             34.0584
Station longitude:            -109.4406
Station altitude:             2508.0 m
Regime:                       IMG
Component:                    
Matrix:                       pm25
Laboratory code:              US03L
Instrument type:              filterpack
Instrument name:              filterpack_US0091
Method ref:                   US03L_IMPROVE_Davis
starttime endtime Fe flag_Fe Pb flag_Pb Mg++ flag_Mg++ Ni flag_Ni NO3- flag_NO3- OC flag_OC OM flag_OM P flag_P PM10 flag_PM10 PM10-PM2.5 flag_PM10-PM2.5 PM2.5 flag_PM2.5 K+ flag_K+ SO4-- flag_SO4--
  0.291667   1.291667    4.93 0.000  0.26 0.000 9.999 0.259000 0.09 0.000000 0.008 0.559  0.271 0.000  0.379 0.000 99.9 0.259000   1.599 0.000   0.788 0.000  0.812 0.000 0.009 0.000 0.075 0.559
  3.291667   4.291667    5.48 0.000  0.51 0.000 0.024 0.000000 0.11 0.000000 0.038 0.559  0.193 0.000  0.270 0.000 99.9 0.259000   1.355 0.000   0.301 0.000  1.054 0.000 0.006 0.000 0.075 0.559
  6.291667   7.291667    7.94 0.000  0.46 0.000 9.999 0.259000 0.13 0.000000 0.012 0.559  0.272 0.000  0.381 0.000 99.9 0.259000   2.301 0.000   1.179 0.000  1.122 0.000 0.011 0.000 0.092 0.559
  9.291667  10.291667    9.23 0.000  0.28 0.000 9.999 0.259000 9.99 0.259000 0.004 0.559  0.347 0.000  0.486 0.000 99.9 0.259000   1.936 0.000   1.052 0.000  0.884 0.000 0.011 0.000 0.053 0.559
 12.291667  13.291667   16.64 0.000  0.63 0.000 9.999 0.259000 0.10 0.000000 0.031 0.559  3.991 0.000  5.587 0.000 99.9 0.259000   8.460 0.000   1.708 0.000  6.752 0.000 0.022 0.000 0.193 0.559
 15.291667  16.291667    4.64 0.699  0.23 0.699 9.999 0.699259 9.99 0.699259 0.030 0.559  2.749 0.000  3.849 0.000 99.9 0.699259   5.219 0.000   0.497 0.000  4.722 0.699 0.009 0.699 0.155 0.559
 18.291667  19.291667    6.29 0.000  0.45 0.000 9.999 0.259000 9.99 0.259000 0.009 0.559  0.492 0.000  0.689 0.000 99.9 0.259000   2.287 0.000   0.335 0.000  1.952 0.000 0.007 0.000 0.191 0.559
 21.291667  22.291667    4.47 0.000  0.49 0.000 9.999 0.259000 0.12 0.000000 0.029 0.559  0.839 0.000  1.175 0.000 99.9 0.259000   4.293 0.000   1.340 0.000  2.953 0.000 0.009 0.000 0.358 0.559
 24.291667  25.291667    4.29 0.000  0.34 0.000 9.999 0.259000 0.12 0.000000 0.059 0.000  0.497 0.000  0.696 0.000 99.9 0.259000   3.283 0.000   1.950 0.000  1.333 0.000 0.005 0.000 0.119 0.000
 27.291667  28.291667    4.08 0.000  0.21 0.000 9.999 0.259000 9.99 0.259000 0.003 0.559  0.217 0.000  0.304 0.000 99.9 0.259000   0.884 0.000   0.241 0.000  0.642 0.000 0.006 0.000 0.042 0.559
 30.291667  31.291667    8.42 0.000  0.76 0.000 9.999 0.259000 0.21 0.000000 0.074 0.559  0.367 0.000  0.514 0.000 99.9 0.259000   2.483 0.000   1.028 0.000  1.456 0.000 0.010 0.000 0.108 0.559
 33.291667  34.291667    9.40 0.000  2.17 0.000 9.999 0.259000 9.99 0.259000 0.033 0.000  0.218 0.000  0.305 0.000 99.9 0.259000   3.535 0.000   2.409 0.000  1.126 0.000 0.011 0.000 0.138 0.000
 36.291667  37.291667    3.94 0.000  0.32 0.000 9.999 0.259000 9.99 0.259000 0.011 0.000  0.344 0.000  0.482 0.000 99.9 0.259000   1.863 0.000   0.401 0.000  1.462 0.000 0.005 0.000 0.198 0.000
 39.291667  40.291667    3.45 0.000  0.30 0.000 9.999 0.259000 0.07 0.000000 0.010 0.000  0.211 0.000  0.295 0.000 99.9 0.259000   1.059 0.000   0.370 0.000  0.688 0.000 0.005 0.000 0.061 0.000
 42.291667  43.291667    7.61 0.000  0.49 0.000 0.014 0.000000 0.13 0.000000 0.058 0.000  0.405 0.000  0.566 0.000 99.9 0.259000   2.837 0.000   1.140 0.000  1.698 0.000 0.007 0.000 0.141 0.000
 45.291667  46.291667    9.05 0.000  0.57 0.000 9.999 0.259000 0.09 0.000000 0.007 0.000  0.340 0.000  0.476 0.000 99.9 0.259000   1.810 0.000   0.575 0.000  1.235 0.000 0.009 0.000 0.057 0.000
 48.291667  49.291667 9999.99 0.999 99.99 0.999 9.999 0.999000 9.99 0.999000 9.999 0.999 99.999 0.999 99.999 0.999 99.9 0.999000 999.999 0.999 999.999 0.999 99.999 0.999 9.999 0.999 9.999 0.999
 51.291667  52.291667   19.42 0.000  0.57 0.000 9.999 0.259000 9.99 0.259000 0.043 0.559  0.400 0.000  0.560 0.000 99.9 0.259000   4.756 0.000   2.817 0.000  1.939 0.000 0.017 0.000 0.106 0.559
 54.291667  55.291667    4.49 0.000  0.12 0.000 9.999 0.259000 9.99 0.259000 0.010 0.559  0.136 0.000  0.190 0.000 99.9 0.259000   0.884 0.000   0.208 0.000  0.676 0.000 0.005 0.000 0.054 0.559
 57.291667  58.291667   10.52 0.000  1.75 0.000 9.999 0.259000 0.07 0.000000 0.014 0.000  0.366 0.000  0.512 0.000 99.9 0.259000   3.030 0.000   1.087 0.000  1.943 0.000 0.018 0.000 0.197 0.000
 60.291667  61.291667    7.42 0.000  0.58 0.000 9.999 0.259000 9.99 0.259000 0.136 0.559  0.210 0.000  0.294 0.000 99.9 0.259000   2.104 0.000   0.773 0.000  1.332 0.000 0.007 0.000 0.094 0.559
 63.291667  64.291667   10.47 0.000  0.58 0.000 9.999 0.259000 9.99 0.259000 0.018 0.559  0.360 0.000  0.504 0.000 99.9 0.259000   2.383 0.000   0.757 0.000  1.627 0.000 0.011 0.000 0.225 0.559
 66.291667  67.291667   26.07 0.000  0.42 0.000 9.999 0.259000 9.99 0.259000 0.015 0.559  0.423 0.000  0.593 0.000 99.9 0.259000   2.712 0.000   1.218 0.000  1.494 0.000 0.019 0.000 0.071 0.559
 69.291667  70.291667  100.95 0.000  0.91 0.000 9.999 0.259000 9.99 0.259000 0.031 0.559  0.610 0.000  0.853 0.000 99.9 0.259000  13.519 0.000   8.702 0.000  4.817 0.000 0.078 0.000 0.185 0.559
 72.291667  73.291667   19.61 0.000  0.68 0.000 0.023 0.000000 0.09 0.000000 0.017 0.559  0.582 0.000  0.815 0.000 99.9 0.259000   3.986 0.000   1.304 0.000  2.682 0.000 0.023 0.000 0.268 0.559
 75.291667  76.291667   45.89 0.000  0.70 0.000 0.074 0.000000 9.99 0.259000 0.015 0.559  0.280 0.000  0.391 0.000 99.9 0.259000   3.961 0.000   1.891 0.000  2.071 0.000 0.030 0.000 0.126 0.559
 78.291667  79.291667   27.02 0.000  1.81 0.000 9.999 0.259000 9.99 0.259000 0.010 0.559  0.418 0.000  0.586 0.000 99.9 0.259000   3.739 0.000   1.496 0.000  2.243 0.000 0.032 0.000 0.186 0.559
 81.291667  82.291667   24.04 0.000  0.58 0.000 0.032 0.000000 0.08 0.000000 0.023 0.559  0.477 0.000  0.668 0.000 99.9 0.259000   6.040 0.000   2.893 0.000  3.148 0.000 0.024 0.000 0.366 0.559
 84.291667  85.291667   41.57 0.000  1.10 0.000 9.999 0.259000 0.27 0.000000 0.053 0.559  0.311 0.000  0.435 0.000 99.9 0.259000   6.570 0.000   3.344 0.000  3.226 0.000 0.039 0.000 0.288 0.559
 87.291667  88.291667   35.83 0.000  0.52 0.000 9.999 0.259000 9.99 0.259000 0.016 0.559  0.219 0.000  0.307 0.000 99.9 0.259000   4.142 0.000   2.304 0.000  1.837 0.000 0.024 0.000 0.114 0.559
 90.291667  91.291667   62.58 0.000  1.15 0.000 9.999 0.259000 0.09 0.000000 0.036 0.559  0.517 0.000  0.724 0.000 99.9 0.259000   9.162 0.000   5.193 0.000  3.968 0.000 0.047 0.000 0.333 0.559
 93.291667  94.291667   17.41 0.000  0.86 0.000 9.999 0.259000 9.99 0.259000 0.021 0.559  0.101 0.000  0.141 0.000 99.9 0.259000   3.006 0.000   1.013 0.000  1.993 0.000 0.014 0.000 0.238 0.559
 96.291667  97.291667    5.87 0.000  0.40 0.000 0.021 0.000000 9.99 0.259000 0.010 0.559  0.457 0.000  0.640 0.000 99.9 0.259000   2.115 0.000   0.711 0.000  1.405 0.000 0.008 0.000 0.110 0.559
 99.291667 100.291667   49.42 0.559  0.95 0.559 9.999 0.559259 0.10 0.559000 0.173 0.559  0.613 0.000  0.858 0.000 99.9 0.559259   5.480 0.000   1.942 0.000  3.538 0.559 0.031 0.559 0.275 0.559
102.291667 103.291667 9999.99 0.999 99.99 0.999 9.999 0.999000 9.99 0.999000 9.999 0.999 99.999 0.999 99.999 0.999 99.9 0.999000 999.999 0.999 999.999 0.999 99.999 0.999 9.999 0.999 9.999 0.999
105.291667 106.291667   71.27 0.559  1.30 0.559 9.999 0.559259 0.11 0.559000 0.024 0.559  0.275 0.000  0.385 0.000 99.9 0.559259   5.648 0.000   2.227 0.000  3.421 0.559 0.047 0.559 0.239 0.559
108.291667 109.291667  118.52 0.000  1.43 0.000 9.999 0.259000 0.05 0.000000 0.043 0.559  0.284 0.000  0.398 0.000 99.9 0.259000   8.965 0.000   4.569 0.000  4.396 0.000 0.074 0.000 0.233 0.559
111.291667 112.291667   95.73 0.559  3.51 0.559 9.999 0.559259 9.99 0.559259 0.177 0.000  0.636 0.000  0.891 0.000 99.9 0.559259  10.584 0.000   4.878 0.000  5.705 0.559 0.078 0.559 0.525 0.000
114.291667 115.291667   26.41 0.000  0.50 0.000 9.999 0.259000 9.99 0.259000 0.019 0.559  0.475 0.000  0.665 0.000 99.9 0.259000   3.305 0.000   1.465 0.000  1.840 0.000 0.018 0.000 0.160 0.559
117.291667 118.291667   87.35 0.559  2.33 0.559 9.999 0.559259 0.04 0.559000 0.025 0.000  0.622 0.000  0.871 0.000 99.9 0.559259   6.976 0.000   2.660 0.000  4.316 0.559 0.050 0.559 0.334 0.000
120.291667 121.291667   42.34 0.000  0.28 0.000 0.045 0.000000 0.06 0.000000 0.029 0.000  0.272 0.000  0.381 0.000 99.9 0.259000   5.940 0.000   4.174 0.000  1.767 0.000 0.028 0.000 0.094 0.000
123.291667 124.291667   78.19 0.559  0.95 0.559 0.056 0.559000 9.99 0.559259 0.030 0.559  0.456 0.000  0.638 0.000 99.9 0.559259   6.903 0.000   3.284 0.000  3.619 0.559 0.045 0.559 0.224 0.559
126.291667 127.291667   96.18 0.000  1.25 0.000 9.999 0.259000 9.99 0.259000 0.058 0.559  0.913 0.000  1.278 0.000 99.9 0.259000  11.337 0.000   6.051 0.000  5.287 0.000 0.085 0.000 0.325 0.559
129.291667 130.291667   75.66 0.559  1.08 0.559 9.999 0.559259 0.15 0.559000 0.067 0.559  1.048 0.000  1.467 0.000 99.9 0.559259  10.835 0.000   4.902 0.000  5.933 0.559 0.082 0.559 0.416 0.559
132.291667 133.291667   68.59 0.000  1.08 0.000 9.999 0.259000 0.13 0.000000 0.077 0.559  0.489 0.000  0.684 0.000 99.9 0.259000   9.873 0.000   5.799 0.000  4.074 0.000 0.055 0.000 0.236 0.559
135.291667 136.291667  108.36 0.559  1.43 0.559 0.049 0.559000 0.08 0.559000 0.045 0.559  1.187 0.000  1.662 0.000 99.9 0.559259  14.684 0.000   8.707 0.000  5.976 0.559 0.076 0.559 0.264 0.559
138.291667 139.291667   44.56 0.000  0.78 0.000 9.999 0.259000 0.13 0.000000 0.035 0.559  0.324 0.000  0.454 0.000 99.9 0.259000   7.690 0.000   5.043 0.000  2.647 0.000 0.033 0.000 0.193 0.559
141.291667 142.291667   39.48 0.000  0.63 0.000 9.999 0.259000 0.13 0.000000 0.021 0.559  0.211 0.000  0.295 0.000 99.9 0.259000   6.279 0.000   4.133 0.000  2.147 0.000 0.026 0.000 0.143 0.559
144.291667 145.291667   93.06 0.000  1.74 0.000 9.999 0.259000 0.15 0.000000 0.037 0.559  0.214 0.000  0.300 0.000 99.9 0.259000   8.911 0.000   4.782 0.000  4.128 0.000 0.060 0.000 0.348 0.559
147.291667 148.291667  111.39 0.559  1.07 0.559 9.999 0.559259 0.14 0.559000 0.049 0.000  0.402 0.000  0.562 0.000 99.9 0.559259  14.220 0.000  10.237 0.000  3.982 0.559 0.056 0.559 0.214 0.000
150.291667 151.291667   89.04 0.000  0.79 0.000 9.999 0.259000 9.99 0.259000 0.033 0.000  0.652 0.000  0.913 0.000 99.9 0.259000   9.507 0.000   5.859 0.000  3.648 0.000 0.046 0.000 0.187 0.000
153.291667 154.291667   66.87 0.000  0.77 0.000 9.999 0.259000 0.06 0.000000 0.022 0.559  0.358 0.000  0.501 0.000 99.9 0.259000   6.531 0.000   4.015 0.000  2.517 0.000 0.040 0.000 0.149 0.559
156.291667 157.291667   65.27 0.000  0.82 0.000 9.999 0.259000 0.10 0.000000 0.032 0.559  0.631 0.000  0.884 0.000 99.9 0.259000   6.572 0.000   3.557 0.000  3.015 0.000 0.047 0.000 0.182 0.559
159.291667 160.291667   70.13 0.000  0.73 0.000 9.999 0.259000 0.10 0.000000 0.024 0.559  0.410 0.000  0.574 0.000 99.9 0.259000   6.558 0.000   3.699 0.000  2.859 0.000 0.053 0.000 0.188 0.559
162.291667 163.291667   94.42 0.000  1.44 0.000 9.999 0.259000 0.07 0.000000 0.062 0.000  0.529 0.000  0.741 0.000 99.9 0.259000   9.301 0.000   5.516 0.000  3.785 0.000 0.078 0.000 0.225 0.000
165.291667 166.291667   88.81 0.559  1.57 0.559 9.999 0.559259 0.09 0.559000 0.039 0.559  0.859 0.000  1.202 0.000 99.9 0.559259   7.523 0.000   3.350 0.000  4.173 0.559 0.069 0.559 0.292 0.559
168.291667 169.291667   78.81 0.000  1.09 0.000 9.999 0.259000 0.16 0.000000 0.043 0.000  0.423 0.000  0.592 0.000 99.9 0.259000  10.604 0.000   7.074 0.000  3.530 0.000 0.063 0.000 0.211 0.000
171.291667 172.291667   44.45 0.000  0.78 0.000 9.999 0.259000 9.99 0.259000 0.017 0.000  0.525 0.000  0.735 0.000 99.9 0.259000  11.491 0.000   8.743 0.000  2.749 0.000 0.036 0.000 0.216 0.000
174.291667 175.291667 9999.99 0.999 99.99 0.999 9.999 0.999000 9.99 0.999000 9.999 0.999 99.999 0.999 99.999 0.999 99.9 0.999000 999.999 0.999 999.999 0.999 99.999 0.999 9.999 0.999 9.999 0.999
177.291667 178.291667   61.86 0.000  0.60 0.000 9.999 0.259000 0.14 0.000000 0.042 0.000  1.643 0.000  2.301 0.000 99.9 0.259000  11.533 0.000   6.070 0.000  5.463 0.000 0.074 0.000 0.331 0.000
180.291667 181.291667 9999.99 0.999 99.99 0.999 9.999 0.999000 9.99 0.999000 9.999 0.999 99.999 0.999 99.999 0.999 99.9 0.999000 999.999 0.999 999.999 0.999 99.999 0.999 9.999 0.999 9.999 0.999
183.291667 184.291667   31.16 0.000  0.34 0.000 0.045 0.000000 9.99 0.259000 0.023 0.000  1.021 0.000  1.429 0.000 99.9 0.259000   6.040 0.000   3.245 0.000  2.795 0.000 0.035 0.000 0.100 0.000
186.291667 187.291667   31.02 0.000  1.24 0.000 9.999 0.259000 9.99 0.259000 0.041 0.000  1.587 0.000  2.221 0.000 99.9 0.259000   6.492 0.000   2.664 0.000  3.828 0.000 0.047 0.000 0.146 0.000
189.291667 190.291667   33.39 0.559  0.59 0.559 9.999 0.559259 0.22 0.559000 0.031 0.000  0.436 0.000  0.610 0.000 99.9 0.559259   7.725 0.000   4.724 0.000  3.001 0.559 0.033 0.559 0.296 0.000
192.291667 193.291667   17.19 0.559  0.32 0.559 9.999 0.559259 0.15 0.559000 0.019 0.000  1.129 0.000  1.581 0.000 99.9 0.559259   5.946 0.000   2.117 0.000  3.829 0.559 0.025 0.559 0.325 0.000
195.291667 196.291667   28.14 0.000  0.78 0.000 9.999 0.259000 9.99 0.259000 0.019 0.000  0.883 0.000  1.236 0.000 99.9 0.259000   6.862 0.000   2.972 0.000  3.890 0.000 0.027 0.000 0.306 0.000
198.291667 199.291667   49.26 0.000  0.52 0.000 9.999 0.259000 0.13 0.000000 0.019 0.000  0.674 0.000  0.943 0.000 99.9 0.259000   5.167 0.000   1.753 0.000  3.414 0.000 0.030 0.000 0.264 0.000
201.291667 202.291667   35.85 0.559  0.31 0.559 9.999 0.559259 0.13 0.559000 0.024 0.000  0.765 0.000  1.071 0.000 99.9 0.559259   5.813 0.000   2.362 0.000  3.451 0.559 0.027 0.559 0.289 0.000
204.291667 205.291667   30.94 0.559  0.33 0.559 9.999 0.559259 0.20 0.559000 0.024 0.000  1.148 0.000  1.607 0.000 99.9 0.559259   6.407 0.000   2.650 0.000  3.757 0.559 0.033 0.559 0.288 0.000
207.291667 208.291667    7.23 0.559  0.41 0.559 9.999 0.559259 0.10 0.559000 0.008 0.000  0.358 0.000  0.501 0.000 99.9 0.559259   3.059 0.000   1.152 0.000  1.907 0.559 0.007 0.559 0.142 0.000
210.291667 211.291667   37.84 0.000  0.41 0.000 9.999 0.259000 9.99 0.259000 0.035 0.000  0.635 0.000  0.889 0.000 99.9 0.259000   7.643 0.000   4.502 0.000  3.141 0.000 0.030 0.000 0.290 0.000
213.291667 214.291667   33.47 0.559  0.44 0.559 9.999 0.559259 0.07 0.559000 0.016 0.000  1.011 0.000  1.415 0.000 99.9 0.559259   6.575 0.000   2.732 0.000  3.842 0.559 0.033 0.559 0.324 0.000
216.291667 217.291667   25.55 0.559  0.64 0.559 9.999 0.559259 0.18 0.559000 0.024 0.000  1.061 0.000  1.485 0.000 99.9 0.559259   6.407 0.000   2.521 0.000  3.887 0.559 0.022 0.559 0.407 0.000
219.291667 220.291667   21.66 0.559  0.24 0.559 9.999 0.559259 0.14 0.559000 0.015 0.000  0.629 0.000  0.881 0.000 99.9 0.559259   3.927 0.000   1.878 0.000  2.049 0.559 0.017 0.559 0.221 0.000
222.291667 223.291667   23.16 0.000  0.20 0.000 9.999 0.259000 9.99 0.259000 0.011 0.000  1.252 0.000  1.753 0.000 99.9 0.259000   4.980 0.000   2.143 0.000  2.837 0.000 0.020 0.000 0.270 0.000
225.291667 226.291667   30.44 0.000  0.25 0.000 9.999 0.259000 0.11 0.000000 0.018 0.000  0.816 0.000  1.143 0.000 99.9 0.259000   6.738 0.000   3.639 0.000  3.099 0.000 0.029 0.000 0.289 0.000
228.291667 229.291667    3.13 0.000 99.99 0.259 9.999 0.259000 9.99 0.259000 0.006 0.000  0.594 0.000  0.831 0.000 99.9 0.259000   2.273 0.000   1.011 0.000  1.263 0.000 0.007 0.000 0.098 0.000
231.291667 232.291667   16.34 0.559  0.34 0.559 9.999 0.559259 0.16 0.559000 0.024 0.000  0.365 0.000  0.511 0.000 99.9 0.559259   3.762 0.000   1.761 0.000  2.001 0.559 0.016 0.559 0.251 0.000
234.291667 235.291667   12.83 0.000  0.69 0.000 9.999 0.259000 0.16 0.000000 0.015 0.000  0.335 0.000  0.470 0.000 99.9 0.259000   4.010 0.000   2.001 0.000  2.009 0.000 0.013 0.000 0.249 0.000
237.291667 238.291667   10.94 0.559  0.38 0.559 9.999 0.559259 0.21 0.559000 0.018 0.000  0.545 0.000  0.763 0.000 99.9 0.559259   3.077 0.000   1.591 0.000  1.486 0.559 0.010 0.559 0.188 0.000
240.291667 241.291667   20.25 0.559  0.89 0.559 9.999 0.559259 0.16 0.559000 0.018 0.000  0.850 0.000  1.190 0.000 99.9 0.559259   5.002 0.000   2.430 0.000  2.572 0.559 0.023 0.559 0.205 0.000
243.291667 244.291667   28.34 0.559  0.53 0.559 0.031 0.559000 9.99 0.559259 0.021 0.000  0.884 0.000  1.238 0.000 99.9 0.559259   6.862 0.000   3.290 0.000  3.572 0.559 0.024 0.559 0.312 0.000
