scripts/IMPROVE-2019_partial/data/US0035R.20140102060000.20191216000000.filterpack...52w.3d.US03L_filterpack_US0035.US03L_IMPROVE_Davis.lev2.nas
52 1001
MISSING INFORMATION
US03L, IMPROVE, , , , , , , 
MISSING INFORMATION
IMPROVE sel_HTAP
1 1
2014 01 01 2019 12 16
3.00
days from file reference point
5
1 1 1 1 1
999.99 999.999 9.999 999.999 9.999
end_time of measurement, days from the file reference point
pm10_mass, ug/m3, Matrix=pm10
numflag pm10_mass, no unit, Matrix=pm10
pm25_mass, ug/m3, Matrix=pm25
numflag pm25_mass, no unit, Matrix=pm25
0
33
Data definition:              EBAS_1.1
Set type code:                TU
Timezone:                     UTC
File name:                    US0035R.20140102060000.20191216000000.filterpack...52w.3d.US03L_filterpack_US0035.US03L_IMPROVE_Davis.lev2.nas
File creation:                20191218115742
Startdate:                    20140102060000
Revision date:                20191216000000
Version:                      2
Version description:          "Data extracted from http://views.cira.colostate.edu/fed/DataWizard 2019-12-16"
Statistics:                   arithmetic mean
Data level:                   2
Period code:                  52w
Resolution code:              3d
Sample duration:              1d
Orig. time res.:              3d
Station code:                 US0035R
Platform code:                US0035S
Station name:                 Bondville
Station latitude:             40.05
Station longitude:            -88.36667
Station altitude:             213.0 m
Regime:                       IMG
Component:                    
Unit:                         ug/m3
Matrix:                       
Laboratory code:              US03L
Instrument type:              filterpack
Instrument name:              filterpack_US0035
Method ref:                   US03L_IMPROVE_Davis
Blank correction:             Blank corrected
Volume std. temperature:      ambient
Volume std. pressure:         ambient
starttime endtime PM10 flag_PM10 PM2.5 flag_PM2.5
  1.25   2.25   9.154 0.000   4.999 0.000
  4.25   5.25  26.871 0.000   5.686 0.000
  7.25   8.25 999.999 0.999 999.999 0.999
 10.25  11.25  12.843 0.000 999.999 0.999
 13.25  14.25  12.588 0.000   6.786 0.000
 16.25  17.25  17.880 0.000   4.586 0.000
 19.25  20.25  11.165 0.000   7.163 0.000
 22.25  23.25  11.933 0.000   3.397 0.000
 25.25  26.25  10.453 0.000 999.999 0.456
 28.25  29.25  14.154 0.000   5.522 0.000
 31.25  32.25  22.089 0.000  17.469 0.000
 34.25  35.25  31.018 0.000  18.601 0.000
 37.25  38.25  17.241 0.000   9.351 0.000
 40.25  41.25  17.494 0.000  10.309 0.000
 43.25  44.25  36.913 0.000  27.007 0.000
 46.25  47.25  24.791 0.000  19.074 0.000
 49.25  50.25  14.481 0.000  10.257 0.000
 52.25  53.25   6.717 0.000   3.551 0.000
 55.25  56.25   7.703 0.000   3.750 0.000
 58.25  59.25  17.653 0.000   8.184 0.000
 61.25  62.25  12.307 0.000   5.494 0.000
 64.25  65.25  29.851 0.000  20.945 0.000
 67.25  68.25  22.652 0.000  18.579 0.000
 70.25  71.25   7.885 0.000   4.348 0.000
 73.25  74.25   5.332 0.000   2.559 0.000
 76.25  77.25  19.573 0.000  14.047 0.000
 79.25  80.25  25.079 0.000   9.351 0.000
 82.25  83.25  10.732 0.000   5.812 0.000
 85.25  86.25  18.659 0.000  11.354 0.000
 88.25  89.25  13.287 0.000   8.887 0.000
 91.25  92.25  13.556 0.000   7.742 0.000
 94.25  95.25   6.591 0.000   4.813 0.000
 97.25  98.25  13.522 0.000   9.391 0.000
100.25 101.25  16.968 0.000   6.230 0.000
103.25 104.25   2.365 0.000   1.242 0.000
106.25 107.25  26.585 0.000  10.851 0.000
109.25 110.25  27.495 0.000  16.798 0.000
112.25 113.25  22.226 0.000   3.734 0.000
115.25 116.25  17.379 0.000   4.601 0.000
118.25 119.25  11.294 0.000   2.648 0.000
121.25 122.25  11.938 0.000   2.447 0.000
124.25 125.25  26.445 0.000   5.390 0.000
127.25 128.25  42.564 0.000   8.727 0.000
130.25 131.25  12.458 0.000   6.111 0.000
133.25 134.25   9.039 0.000   2.612 0.000
136.25 137.25   9.121 0.000   4.067 0.000
139.25 140.25  22.563 0.000  10.127 0.000
142.25 143.25  19.780 0.000   4.458 0.000
145.25 146.25  22.209 0.000  10.547 0.000
148.25 149.25  22.055 0.000  11.492 0.000
151.25 152.25  21.751 0.000   9.185 0.000
154.25 155.25  11.405 0.000   3.858 0.000
157.25 158.25  21.049 0.000  11.471 0.000
160.25 161.25  14.028 0.000   9.665 0.000
163.25 164.25  17.332 0.000   3.020 0.000
166.25 167.25  18.965 0.000   9.951 0.000
169.25 170.25  23.392 0.000  11.567 0.000
172.25 173.25   8.647 0.000   4.316 0.000
175.25 176.25  15.585 0.000   7.146 0.000
178.25 179.25  14.421 0.000   9.231 0.000
181.25 182.25  10.889 0.000   4.314 0.000
184.25 185.25   7.871 0.000   4.281 0.000
187.25 188.25  21.774 0.000  14.924 0.000
190.25 191.25  10.441 0.000   4.127 0.000
193.25 194.25  10.786 0.000   5.615 0.000
196.25 197.25  16.386 0.000   3.671 0.000
199.25 200.25  16.967 0.000  11.352 0.000
202.25 203.25  25.385 0.000  17.270 0.000
205.25 206.25  12.497 0.000   7.871 0.000
208.25 209.25  13.943 0.000   4.363 0.000
211.25 212.25  24.619 0.000  11.646 0.000
214.25 215.25  28.850 0.000  16.994 0.000
217.25 218.25  20.479 0.000  15.138 0.000
220.25 221.25  23.818 0.000  15.698 0.000
223.25 224.25  15.010 0.000   4.176 0.000
226.25 227.25   9.063 0.000   5.885 0.000
229.25 230.25  16.956 0.000  14.808 0.000
232.25 233.25  33.472 0.000  15.760 0.000
235.25 236.25  20.534 0.000  11.073 0.000
238.25 239.25  19.007 0.000   8.609 0.000
241.25 242.25  13.645 0.000   8.636 0.000
244.25 245.25   8.655 0.000   4.062 0.000
247.25 248.25  21.810 0.000  10.480 0.000
250.25 251.25  11.905 0.000   7.464 0.000
253.25 254.25   7.958 0.000   3.774 0.000
256.25 257.25   5.250 0.000   3.656 0.000
259.25 260.25  10.272 0.000   6.200 0.000
262.25 263.25  22.971 0.000  12.450 0.000
265.25 266.25  10.201 0.000   4.282 0.000
268.25 269.25  22.659 0.000  10.556 0.000
271.25 272.25  42.465 0.000  12.921 0.000
274.25 275.25  13.832 0.000   5.787 0.000
277.25 278.25   8.000 0.000   3.124 0.000
280.25 281.25  25.817 0.000   3.831 0.000
283.25 284.25   9.561 0.000   3.834 0.000
286.25 287.25   6.579 0.000   2.293 0.000
289.25 290.25  23.493 0.000   5.644 0.000
292.25 293.25  21.307 0.000   5.091 0.000
295.25 296.25  19.796 0.000   6.760 0.000
298.25 299.25  18.941 0.000   3.773 0.000
301.25 302.25  15.342 0.000   3.607 0.000
304.25 305.25  40.200 0.000   4.472 0.000
307.25 308.25  12.861 0.000   7.734 0.000
310.25 311.25   7.804 0.000   4.231 0.000
313.25 314.25  16.344 0.000   6.967 0.000
316.25 317.25  16.846 0.000   6.816 0.000
319.25 320.25  30.031 0.000  21.983 0.000
322.25 323.25  15.913 0.000   9.259 0.000
325.25 326.25  19.565 0.000  15.260 0.000
328.25 329.25  10.488 0.000   7.668 0.000
331.25 332.25  14.974 0.000  12.215 0.000
334.25 335.25  11.279 0.000   6.125 0.000
337.25 338.25  17.388 0.000  12.172 0.000
340.25 341.25  13.725 0.000  11.046 0.000
343.25 344.25   6.214 0.000   4.991 0.000
346.25 347.25  22.212 0.000  18.007 0.000
349.25 350.25   6.002 0.000   4.347 0.000
352.25 353.25  16.148 0.000  10.536 0.000
355.25 356.25  14.778 0.000  13.342 0.000
358.25 359.25 999.999 0.999 999.999 0.999
361.25 362.25 999.999 0.999 999.999 0.999
364.25 365.25  11.156 0.000   3.571 0.000
