scripts/IMPROVE-2019_partial/data/US0049R.20070103060000.20191216000000.filterpack...1y.3d.US03L_filterpack_US0049.US03L_IMPROVE_Davis.lev2.nas
52 1001
MISSING INFORMATION
US03L, IMPROVE, , , , , , , 
MISSING INFORMATION
IMPROVE sel_HTAP
1 1
2007 01 01 2019 12 16
3.00
days from file reference point
5
1 1 1 1 1
999.99 999.999 9.999 999.999 9.999
end_time of measurement, days from the file reference point
pm10_mass, ug/m3, Matrix=pm10
numflag pm10_mass, no unit, Matrix=pm10
pm25_mass, ug/m3, Matrix=pm25
numflag pm25_mass, no unit, Matrix=pm25
0
33
Data definition:              EBAS_1.1
Set type code:                TU
Timezone:                     UTC
File name:                    US0049R.20070103060000.20191216000000.filterpack...1y.3d.US03L_filterpack_US0049.US03L_IMPROVE_Davis.lev2.nas
File creation:                20191218115823
Startdate:                    20070103060000
Revision date:                20191216000000
Version:                      2
Version description:          "Data extracted from http://views.cira.colostate.edu/fed/DataWizard 2019-12-16"
Statistics:                   arithmetic mean
Data level:                   2
Period code:                  1y
Resolution code:              3d
Sample duration:              1d
Orig. time res.:              3d
Station code:                 US0049R
Platform code:                US0049S
Station name:                 Great River Bluffs
Station latitude:             43.9373
Station longitude:            -91.4052
Station altitude:             370.0 m
Regime:                       IMG
Component:                    
Unit:                         ug/m3
Matrix:                       
Laboratory code:              US03L
Instrument type:              filterpack
Instrument name:              filterpack_US0049
Method ref:                   US03L_IMPROVE_Davis
Blank correction:             Blank corrected
Volume std. temperature:      ambient
Volume std. pressure:         ambient
starttime endtime PM10 flag_PM10 PM2.5 flag_PM2.5
  2.25   3.25   9.903 0.000   6.144 0.000
  5.25   6.25  10.527 0.000   8.105 0.000
  8.25   9.25   8.415 0.000   2.938 0.000
 11.25  12.25   7.902 0.000   4.384 0.000
 14.25  15.25   3.961 0.000   2.352 0.000
 17.25  18.25  20.216 0.000  14.520 0.000
 20.25  21.25  16.555 0.000  12.019 0.000
 23.25  24.25  20.314 0.000  13.928 0.000
 26.25  27.25   8.630 0.000   3.772 0.000
 29.25  30.25  10.764 0.000   5.104 0.000
 32.25  33.25  11.470 0.000   4.150 0.000
 35.25  36.25  13.767 0.000   6.315 0.000
 38.25  39.25  11.091 0.000   6.008 0.000
 41.25  42.25  30.399 0.000  18.568 0.000
 44.25  45.25   7.572 0.000   4.589 0.000
 47.25  48.25  16.623 0.000   8.270 0.000
 50.25  51.25  10.762 0.000   6.437 0.000
 53.25  54.25   8.778 0.000   5.087 0.000
 56.25  57.25 999.999 0.999 999.999 0.999
 59.25  60.25  13.783 0.000   7.133 0.000
 62.25  63.25  11.762 0.000   6.506 0.000
 65.25  66.25  27.959 0.000   7.178 0.000
 68.25  69.25  12.065 0.000   5.830 0.000
 71.25  72.25  18.011 0.000   7.880 0.000
 74.25  75.25  13.128 0.000   7.924 0.000
 77.25  78.25  12.691 0.000   7.733 0.000
 80.25  81.25   7.848 0.000   4.604 0.000
 83.25  84.25  16.262 0.000   9.739 0.000
 86.25  87.25   5.851 0.000   3.800 0.000
 89.25  90.25  17.565 0.000  11.120 0.000
 92.25  93.25   6.199 0.000   4.296 0.000
 95.25  96.25   4.196 0.000   2.185 0.000
 98.25  99.25  10.924 0.000   8.164 0.000
101.25 102.25   6.286 0.000   3.838 0.000
104.25 105.25  10.435 0.000   6.577 0.000
107.25 108.25   7.192 0.000   3.730 0.000
110.25 111.25  32.645 0.000  12.056 0.000
113.25 114.25   6.905 0.000   4.218 0.000
116.25 117.25   8.337 0.000   4.248 0.000
119.25 120.25   9.200 0.000   4.347 0.000
122.25 123.25  12.886 0.000   6.904 0.000
125.25 126.25  20.987 0.000   4.220 0.000
128.25 129.25  11.873 0.000   5.768 0.000
131.25 132.25   9.144 0.000   2.337 0.000
134.25 135.25  13.180 0.000   4.880 0.000
137.25 138.25  29.177 0.000   5.757 0.000
140.25 141.25  22.433 0.000   8.503 0.000
143.25 144.25  16.224 0.000   5.928 0.000
146.25 147.25   8.164 0.000   3.746 0.000
149.25 150.25  32.408 0.000  20.360 0.000
152.25 153.25   9.502 0.000   4.016 0.000
155.25 156.25   6.892 0.000   2.734 0.000
158.25 159.25  10.320 0.000   3.689 0.000
161.25 162.25  21.175 0.000  13.316 0.000
164.25 165.25  24.543 0.000  15.081 0.000
167.25 168.25  25.891 0.000  16.622 0.000
170.25 171.25  19.846 0.000   7.938 0.000
173.25 174.25  10.913 0.000   6.793 0.000
176.25 177.25  30.264 0.000  16.189 0.000
179.25 180.25   7.693 0.000   2.515 0.000
182.25 183.25  18.470 0.000   7.246 0.000
185.25 186.25  11.478 0.000   5.983 0.000
188.25 189.25  23.448 0.000   7.842 0.000
191.25 192.25  26.112 0.000   2.974 0.000
194.25 195.25  10.190 0.000   4.982 0.000
197.25 198.25  16.305 0.000  11.622 0.000
200.25 201.25   6.850 0.000   2.962 0.000
203.25 204.25  14.813 0.000  10.520 0.000
206.25 207.25  32.148 0.000  17.402 0.000
209.25 210.25  12.826 0.000   8.284 0.000
212.25 213.25  31.947 0.000  16.591 0.000
215.25 216.25  13.190 0.000   5.613 0.000
218.25 219.25  16.776 0.000 999.999 0.456
221.25 222.25  13.722 0.000   7.846 0.000
224.25 225.25  16.447 0.000   8.391 0.000
227.25 228.25  14.520 0.000   7.100 0.000
230.25 231.25   3.376 0.000   2.472 0.000
233.25 234.25   9.247 0.000   4.216 0.000
236.25 237.25  10.181 0.000   4.006 0.000
239.25 240.25  18.776 0.000   9.927 0.000
242.25 243.25  13.197 0.000   4.921 0.000
245.25 246.25  26.138 0.000  10.468 0.000
248.25 249.25  16.059 0.000   6.815 0.000
251.25 252.25   5.178 0.000   1.778 0.000
254.25 255.25   4.030 0.000   1.644 0.000
257.25 258.25   8.745 0.000   1.488 0.000
260.25 261.25  19.730 0.000   9.902 0.000
263.25 264.25  29.310 0.000  14.604 0.000
266.25 267.25  19.286 0.000  14.446 0.000
269.25 270.25  11.820 0.000   6.506 0.000
272.25 273.25  21.316 0.000   9.667 0.000
275.25 276.25  12.354 0.000   3.206 0.000
278.25 279.25  21.091 0.000   8.935 0.000
281.25 282.25   7.694 0.000   2.479 0.000
284.25 285.25   6.196 0.000   2.639 0.000
287.25 288.25  11.353 0.000   8.604 0.000
290.25 291.25   6.415 0.000   3.562 0.000
293.25 294.25  17.247 0.000   6.281 0.000
296.25 297.25   4.620 0.000   2.802 0.000
299.25 300.25   9.783 0.000   3.562 0.000
302.25 303.25  36.006 0.000   9.994 0.000
305.25 306.25  27.634 0.000   4.459 0.000
308.25 309.25  15.328 0.000   3.661 0.000
311.25 312.25  48.511 0.000  11.421 0.000
314.25 315.25  41.170 0.000  18.286 0.000
317.25 318.25  18.075 0.000   3.054 0.000
320.25 321.25  12.878 0.000   7.601 0.000
323.25 324.25  23.058 0.000  17.273 0.000
326.25 327.25  10.607 0.000   4.482 0.000
329.25 330.25  14.497 0.000   8.307 0.000
332.25 333.25  14.213 0.000   4.827 0.000
335.25 336.25  12.591 0.000  10.908 0.000
338.25 339.25   5.154 0.000   3.375 0.000
341.25 342.25  13.263 0.000   9.752 0.000
344.25 345.25 999.999 0.999 999.999 0.999
347.25 348.25  11.253 0.000   6.790 0.000
350.25 351.25  29.256 0.000  24.865 0.000
353.25 354.25 999.999 0.456  41.416 0.000
356.25 357.25  12.752 0.000   5.173 0.000
359.25 360.25 999.999 0.999 999.999 0.999
362.25 363.25 999.999 0.999 999.999 0.999
