scripts/IMPROVE-2019_partial/data/US0071R.20050101080000.20191216000000.filterpack..pm25.52w.1w.US03L_filterpack_US0071.US03L_IMPROVE_Davis.lev2.nas
66 1001
MISSING INFORMATION
US03L, IMPROVE, , , , , , , 
MISSING INFORMATION
IMPROVE sel_HTAP
1 1
2005 01 01 2019 12 16
3.000000
days from file reference point
27
1 1 1 1 1 1 1 1 1 1 1 1 1 1 1 1 1 1 1 1 1 1 1 1 1 1 1
999.999999 9999.99 9.999999 99.99 9.999999 9.999 9.999999 9.99 9.999999 99.999 9.999 99.999 9.999 999.999 9.999 999.99 9.999999999 999.999 9.999 999.999 9.999 999.999 9.999 9.999 9.999999 9.999 9.999
end_time of measurement, days from the file reference point
iron, ng/m3, Revision date=20181210133000
numflag iron, no unit, Revision date=20181210133000
lead, ng/m3, Revision date=20181210133000
numflag lead, no unit, Revision date=20181210133000
magnesium, ug/m3, Revision date=20181210133000
numflag magnesium, no unit, Revision date=20181210133000
nickel, ng/m3, Revision date=20181210133000
numflag nickel, no unit, Revision date=20181210133000
nitrate, ug N/m3, Revision date=20181210133000
numflag nitrate, no unit, Revision date=20181210133000
organic_carbon, ug C/m3, Revision date=20181210133000
numflag organic_carbon, no unit, Revision date=20181210133000
organic_mass, ug/m3, Revision date=20181210133000
numflag organic_mass, no unit, Revision date=20181210133000
phosphorus, ng/m3, Revision date=20181210133000
numflag phosphorus, no unit, Revision date=20181210133000
pm10_mass, ug/m3, Version=2, Version description=Data extracted from http://views.cira.colostate.edu/fed/DataWizard 2019-12-16, Sample duration=1d, Orig. time res.=3d, Matrix=pm10, Blank correction=Blank corrected, Volume std. temperature=ambient, Volume std. pressure=ambient
numflag pm10_mass, no unit, Version=2, Version description=Data extracted from http://views.cira.colostate.edu/fed/DataWizard 2019-12-16, Sample duration=1d, Orig. time res.=3d, Matrix=pm10, Blank correction=Blank corrected, Volume std. temperature=ambient, Volume std. pressure=ambient
pm10_pm25_mass, ug/m3, Revision date=20181210133000, Matrix=pm10_pm25
numflag pm10_pm25_mass, no unit, Revision date=20181210133000, Matrix=pm10_pm25
pm25_mass, ug/m3, Version=2, Version description=Data extracted from http://views.cira.colostate.edu/fed/DataWizard 2019-12-16, Sample duration=1d, Orig. time res.=3d, Blank correction=Blank corrected, Volume std. temperature=ambient, Volume std. pressure=ambient
numflag pm25_mass, no unit, Version=2, Version description=Data extracted from http://views.cira.colostate.edu/fed/DataWizard 2019-12-16, Sample duration=1d, Orig. time res.=3d, Blank correction=Blank corrected, Volume std. temperature=ambient, Volume std. pressure=ambient
potassium, ug/m3, Revision date=20181210133000
numflag potassium, no unit, Revision date=20181210133000
sulphate_total, ug S/m3, Revision date=20181210133000
numflag sulphate_total, no unit, Revision date=20181210133000
0
25
Data definition:              EBAS_1.1
Set type code:                TU
Timezone:                     UTC
File name:                    US0071R.20050101080000.20191216000000.filterpack..pm25.52w.1w.US03L_filterpack_US0071.US03L_IMPROVE_Davis.lev2.nas
File creation:                20191218120015
Startdate:                    20050101080000
Revision date:                20191216000000
Statistics:                   arithmetic mean
Data level:                   2
Period code:                  52w
Resolution code:              1w
Station code:                 US0071R
Platform code:                US0071S
Station name:                 Hells Canyon
Station latitude:             44.9702
Station longitude:            -116.8438
Station altitude:             655.0 m
Regime:                       IMG
Component:                    
Matrix:                       pm25
Laboratory code:              US03L
Instrument type:              filterpack
Instrument name:              filterpack_US0071
Method ref:                   US03L_IMPROVE_Davis
starttime endtime Fe flag_Fe Pb flag_Pb Mg++ flag_Mg++ Ni flag_Ni NO3- flag_NO3- OC flag_OC OM flag_OM P flag_P PM10 flag_PM10 PM10-PM2.5 flag_PM10-PM2.5 PM2.5 flag_PM2.5 K+ flag_K+ SO4-- flag_SO4--
  0.333333   1.333333    2.90 0.000000 99.99 0.259000 0.010 0.000000 9.99 0.259000  0.083 0.000  0.298 0.000   0.537 0.000 999.99 0.259000000   1.064 0.000   0.054 0.000   1.010 0.000 0.009 0.000000 0.075 0.000
  3.333333   4.333333    1.42 0.000000  0.28 0.000000 9.999 0.259000 0.16 0.000000  0.039 0.000  0.215 0.000   0.387 0.000 999.99 0.259000000   1.146 0.000   0.113 0.000   1.034 0.000 0.005 0.000000 0.056 0.000
  6.333333   7.333333    3.87 0.000000  0.36 0.000000 9.999 0.259000 9.99 0.259000  0.121 0.000  0.505 0.000   0.909 0.000 999.99 0.259000000   2.504 0.000   0.456 0.000   2.048 0.000 0.012 0.000000 0.135 0.000
  9.333333  10.333333    1.91 0.000000  0.24 0.000000 9.999 0.259000 0.21 0.000000  0.062 0.000  0.380 0.000   0.684 0.000 999.99 0.259000000   1.356 0.000   0.318 0.000   1.038 0.000 0.006 0.000000 0.051 0.000
 12.333333  13.333333    5.56 0.000000  0.35 0.000000 0.006 0.000000 9.99 0.259000  0.016 0.000  0.230 0.559   0.413 0.559 999.99 0.259000000   1.801 0.000   0.767 0.000   1.034 0.000 0.006 0.000000 0.083 0.000
 15.333333  16.333333    7.46 0.000000  0.82 0.000000 9.999 0.259000 0.19 0.000000  0.603 0.000  0.580 0.559   1.045 0.559 999.99 0.259000000   5.163 0.000   0.541 0.000   4.620 0.000 0.017 0.000000 0.221 0.000
 18.333333  19.333333    4.09 0.000000  0.52 0.000000 9.999 0.259000 9.99 0.259000  0.442 0.000  0.705 0.559   1.270 0.559 999.99 0.259000000   3.228 0.000   0.674 0.000   2.553 0.000 0.010 0.000000 0.129 0.000
 21.333333  22.333333    4.39 0.000000  0.43 0.000000 9.999 0.259000 0.20 0.000000  0.862 0.000  0.706 0.559   1.271 0.559 999.99 0.259000000   5.077 0.000   0.478 0.000   4.597 0.000 0.013 0.000000 0.178 0.000
 24.333333  25.333333    7.14 0.000000  0.69 0.000000 9.999 0.259000 9.99 0.259000  1.355 0.000  1.047 0.000   1.884 0.000 999.99 0.259000000  11.388 0.000   0.047 0.000  11.340 0.000 0.019 0.000000 0.489 0.000
 27.333333  28.333333   13.57 0.000000  1.12 0.000000 9.999 0.259000 9.99 0.259000  1.493 0.000  1.467 0.000   2.641 0.000 999.99 0.259000000  12.789 0.000   1.127 0.000  11.659 0.000 0.026 0.000000 0.439 0.000
 30.333333  31.333333    4.32 0.000000  1.06 0.000000 9.999 0.259000 0.14 0.000000  0.043 0.000  0.623 0.559   1.122 0.559 999.99 0.259000000   2.210 0.000   0.663 0.000   1.547 0.000 0.008 0.000000 0.061 0.000
 33.333333  34.333333   15.70 0.000000  2.06 0.000000 0.007 0.000000 0.15 0.000000  0.555 0.000  0.638 0.000   1.148 0.000 999.99 0.259000000   5.979 0.000   1.672 0.000   4.306 0.000 0.025 0.000000 0.238 0.000
 36.333333  37.333333    3.06 0.000000  0.43 0.000000 9.999 0.259000 9.99 0.259000  0.016 0.000  0.212 0.000   0.382 0.000 999.99 0.259000000   1.883 0.000   1.023 0.000   0.860 0.000 0.006 0.000000 0.048 0.000
 39.333333  40.333333   15.46 0.000000  0.16 0.000000 9.999 0.259000 9.99 0.259000  0.025 0.000  0.341 0.000   0.614 0.000 999.99 0.259000000   2.044 0.000   0.630 0.000   1.414 0.000 0.010 0.000000 0.050 0.000
 42.333333  43.333333   27.47 0.000000  0.99 0.000000 9.999 0.259000 0.17 0.000000  0.357 0.000  0.575 0.000   1.035 0.000 999.99 0.259000000   5.258 0.000   1.795 0.000   3.462 0.000 0.023 0.000000 0.278 0.000
 45.333333  46.333333    6.63 0.000000  0.50 0.000000 9.999 0.259000 9.99 0.259000  0.012 0.559  0.102 0.000   0.183 0.000 999.99 0.259000000   1.472 0.000   0.470 0.000   1.004 0.000 0.007 0.000000 0.105 0.559
 48.333333  49.333333   17.29 0.000000  0.79 0.000000 9.999 0.259000 9.99 0.259000  0.159 0.000  0.287 0.000   0.516 0.000 999.99 0.259000000   2.856 0.000   0.925 0.000   1.930 0.000 0.016 0.000000 0.132 0.000
 51.333333  52.333333    2.34 0.000000  0.77 0.000000 0.008 0.000000 9.99 0.259000  0.147 0.000  0.551 0.000   0.991 0.000 999.99 0.259000000   1.952 0.000   0.218 0.000   1.734 0.000 0.009 0.000000 0.103 0.000
 54.333333  55.333333   14.61 0.000000  0.57 0.000000 0.010 0.000000 9.99 0.259000  0.009 0.000  0.522 0.000   0.939 0.000 999.99 0.259000000   2.433 0.000   0.931 0.000   1.502 0.000 0.015 0.000000 0.065 0.000
 57.333333  58.333333   24.36 0.000000  0.92 0.000000 9.999 0.259000 9.99 0.259000  0.162 0.000  0.806 0.000   1.450 0.000 999.99 0.259000000   5.428 0.000   2.408 0.000   3.020 0.000 0.029 0.000000 0.150 0.000
 60.333333  61.333333   10.04 0.000000  0.63 0.000000 9.999 0.259000 9.99 0.259000  0.031 0.000  0.388 0.000   0.698 0.000 999.99 0.259000000   3.244 0.000   1.740 0.000   1.504 0.000 0.010 0.000000 0.087 0.000
 63.333333  64.333333   28.59 0.000000  0.57 0.000000 9.999 0.259000 9.99 0.259000  0.013 0.000  0.513 0.000   0.924 0.000 999.99 0.259000000   2.592 0.000   0.852 0.000   1.740 0.000 0.024 0.000000 0.093 0.000
 66.333333  67.333333   23.17 0.000000  0.66 0.000000 9.999 0.259000 9.99 0.259000  0.023 0.000  0.389 0.000   0.700 0.000 999.99 0.259000000   3.800 0.000   1.804 0.000   2.003 0.000 0.022 0.000000 0.112 0.000
 69.333333  70.333333   65.75 0.000000  0.54 0.000000 9.999 0.259000 9.99 0.259000  0.019 0.000  0.489 0.000   0.881 0.000 999.99 0.259000000   5.289 0.000   2.695 0.000   2.593 0.000 0.037 0.000000 0.056 0.000
 72.333333  73.333333   31.48 0.000000  0.68 0.000000 9.999 0.259000 9.99 0.259000  0.013 0.000  0.435 0.000   0.782 0.000 999.99 0.259000000   3.292 0.000   1.279 0.000   2.012 0.000 0.024 0.000000 0.107 0.000
 75.333333  76.333333   10.93 0.000000  0.77 0.000000 9.999 0.259000 9.99 0.259000  0.019 0.000  0.060 0.000   0.109 0.000 999.99 0.259000000   2.118 0.000   1.287 0.000   0.830 0.000 0.009 0.000000 0.095 0.000
 78.333333  79.333333   10.65 0.000000  0.54 0.000000 0.012 0.000000 9.99 0.259000  0.011 0.000  0.184 0.000   0.330 0.000 999.99 0.259000000   1.455 0.000   0.920 0.000   0.535 0.000 0.009 0.000000 0.035 0.000
 81.333333  82.333333    2.27 0.000000  1.04 0.000000 9.999 0.259000 9.99 0.259000  0.011 0.000  0.265 0.000   0.477 0.000 999.99 0.259000000   0.774 0.000   0.178 0.000   0.596 0.000 0.006 0.000000 0.060 0.000
 84.333333  85.333333    6.03 0.000000  0.65 0.000000 9.999 0.259000 9.99 0.259000  0.031 0.000  0.404 0.000   0.727 0.000 999.99 0.259000000   2.775 0.000   0.183 0.000   2.591 0.000 0.014 0.000000 0.377 0.000
 87.333333  88.333333    3.08 0.000000  0.33 0.000000 0.011 0.000000 9.99 0.259000  0.006 0.000  0.028 0.000   0.050 0.000 999.99 0.259000000   1.297 0.000   1.136 0.000   0.178 0.000 0.004 0.000000 0.059 0.000
 90.333333  91.333333   12.69 0.000000  0.96 0.000000 9.999 0.259000 9.99 0.259000  0.044 0.000  0.473 0.000   0.852 0.000 999.99 0.259000000   3.378 0.000   1.316 0.000   2.061 0.000 0.022 0.000000 0.227 0.000
 93.333333  94.333333    3.58 0.000000  0.55 0.000000 9.999 0.259000 0.18 0.000000  0.006 0.000  0.032 0.000   0.058 0.000 999.99 0.259000000   0.692 0.000   0.249 0.000   0.443 0.000 0.005 0.000000 0.096 0.000
 96.333333  97.333333   37.51 0.000000  1.47 0.000000 9.999 0.259000 9.99 0.259000  0.017 0.000  0.410 0.000   0.737 0.000 999.99 0.259000000   5.668 0.000   3.284 0.000   2.385 0.000 0.031 0.000000 0.203 0.000
 99.333333 100.333333   18.14 0.000000  0.80 0.000000 9.999 0.259000 9.99 0.259000  0.044 0.000  0.590 0.000   1.062 0.000 999.99 0.259000000   5.077 0.000   2.421 0.000   2.654 0.000 0.024 0.000000 0.270 0.000
102.333333 103.333333    4.43 0.000000  0.44 0.000000 9.999 0.259000 9.99 0.259000  0.007 0.000  0.072 0.000   0.131 0.000 999.99 0.259000000   1.262 0.000   0.523 0.000   0.739 0.000 0.005 0.000000 0.073 0.000
105.333333 106.333333   49.61 0.000000  1.49 0.000000 0.017 0.000000 9.99 0.259000  0.023 0.000  0.543 0.000   0.977 0.000 999.99 0.259000000   5.720 0.000   2.698 0.000   3.021 0.000 0.044 0.000000 0.221 0.000
108.333333 109.333333    7.16 0.000000  0.49 0.000000 9.999 0.259000 9.99 0.259000  0.007 0.000  0.242 0.000   0.435 0.000 999.99 0.259000000   1.864 0.000   0.715 0.000   1.152 0.000 0.007 0.000000 0.108 0.000
111.333333 112.333333   19.74 0.000000  0.64 0.000000 9.999 0.259000 9.99 0.259000  0.010 0.000  0.663 0.000   1.193 0.000 999.99 0.259000000   3.589 0.000   1.676 0.000   1.912 0.000 0.015 0.000000 0.130 0.000
114.333333 115.333333   29.84 0.000000  0.86 0.000000 9.999 0.259000 9.99 0.259000  0.020 0.000  0.947 0.000   1.705 0.000 999.99 0.259000000   5.879 0.000   2.232 0.000   3.647 0.000 0.025 0.000000 0.341 0.000
117.333333 118.333333   23.16 0.000000  1.08 0.000000 9.999 0.259000 0.19 0.000000  0.009 0.000  0.357 0.000   0.643 0.000 999.99 0.259000000   3.652 0.000   1.573 0.000   2.079 0.000 0.019 0.000000 0.245 0.000
120.333333 121.333333   42.24 0.000000  2.05 0.000000 9.999 0.259000 9.99 0.259000  0.014 0.000  0.718 0.000   1.292 0.000 999.99 0.259000000   6.356 0.000   3.107 0.000   3.248 0.000 0.031 0.000000 0.272 0.000
123.333333 124.333333   27.00 0.000000  0.90 0.000000 9.999 0.259000 0.26 0.000000  0.010 0.000  0.752 0.000   1.354 0.000 999.99 0.259000000   4.001 0.000   1.711 0.000   2.289 0.000 0.019 0.000000 0.136 0.000
126.333333 127.333333   15.84 0.000000  1.68 0.000000 9.999 0.259000 0.17 0.000000  0.025 0.000  0.717 0.000   1.290 0.000 999.99 0.259000000   4.418 0.000   1.747 0.000   2.670 0.000 0.019 0.000000 0.262 0.000
129.333333 130.333333    8.55 0.000000  0.55 0.000000 9.999 0.259000 9.99 0.259000  0.004 0.000  0.162 0.000   0.292 0.000 999.99 0.259000000   1.821 0.000   0.942 0.000   0.890 0.000 0.008 0.000000 0.048 0.000
132.333333 133.333333   44.30 0.000000  1.09 0.000000 9.999 0.259000 9.99 0.259000  0.017 0.000  0.921 0.000   1.658 0.000 999.99 0.259000000   6.954 0.000   2.706 0.000   4.248 0.000 0.042 0.000000 0.358 0.000
135.333333 136.333333    7.01 0.000000  0.61 0.000000 9.999 0.259000 9.99 0.259000  0.003 0.000  0.290 0.000   0.523 0.000 999.99 0.259000000   1.217 0.000   0.532 0.000   0.685 0.000 0.008 0.000000 0.058 0.000
138.333333 139.333333   17.04 0.000000  0.99 0.000000 0.013 0.000000 9.99 0.259000  0.017 0.000  0.426 0.000   0.766 0.000 999.99 0.259000000   3.422 0.000   1.722 0.000   1.700 0.000 0.015 0.000000 0.126 0.000
141.333333 142.333333   12.69 0.000000  0.57 0.000000 9.999 0.259000 9.99 0.259000  0.018 0.000  0.417 0.000   0.751 0.000 999.99 0.259000000   3.650 0.000   1.964 0.000   1.687 0.000 0.015 0.000000 0.102 0.000
144.333333 145.333333   17.79 0.000000  0.54 0.000000 9.999 0.259000 0.13 0.000000  0.017 0.000  0.381 0.000   0.685 0.000 999.99 0.259000000   3.951 0.000   2.202 0.000   1.748 0.000 0.013 0.000000 0.114 0.000
147.333333 148.333333   55.69 0.000000  0.74 0.000000 0.013 0.000000 9.99 0.259000  0.012 0.000  1.330 0.000   2.394 0.000 999.99 0.259000000   9.517 0.000   5.317 0.000   4.199 0.000 0.026 0.000000 0.270 0.000
150.333333 151.333333   36.45 0.000000  0.89 0.000000 0.008 0.000000 9.99 0.259000  0.019 0.000  1.191 0.000   2.143 0.000 999.99 0.259000000   7.236 0.000   3.351 0.000   3.936 0.000 0.023 0.000000 0.241 0.000
153.333333 154.333333   20.18 0.000000  0.55 0.000000 9.999 0.259000 9.99 0.259000  0.015 0.000  0.648 0.000   1.166 0.000 999.99 0.259000000   4.864 0.000   2.838 0.000   2.025 0.000 0.014 0.000000 0.141 0.000
156.333333 157.333333    7.03 0.000000 99.99 0.259000 9.999 0.259000 9.99 0.259000  0.004 0.000  0.254 0.000   0.457 0.000 999.99 0.259000000   2.993 0.000   1.982 0.000   1.012 0.000 0.007 0.000000 0.078 0.000
159.333333 160.333333   12.02 0.000000  0.83 0.000000 9.999 0.259000 9.99 0.259000  0.006 0.000  0.473 0.000   0.852 0.000 999.99 0.259000000   3.279 0.000   1.976 0.000   1.303 0.000 0.009 0.000000 0.073 0.000
162.333333 163.333333   14.59 0.000000  0.40 0.000000 9.999 0.259000 9.99 0.259000  0.011 0.000  0.253 0.000   0.456 0.000 999.99 0.259000000   4.568 0.000   3.347 0.000   1.221 0.000 0.010 0.000000 0.098 0.000
165.333333 166.333333   36.32 0.000000  0.80 0.000000 9.999 0.259000 9.99 0.259000  0.049 0.000  0.754 0.000   1.358 0.000 999.99 0.259000000   8.059 0.000   5.004 0.000   3.054 0.000 0.023 0.000000 0.236 0.000
168.333333 169.333333    6.31 0.000000  0.30 0.000000 0.010 0.000000 9.99 0.259000  0.009 0.000  0.677 0.000   1.219 0.000 999.99 0.259000000   3.000 0.000   1.594 0.000   1.406 0.000 0.009 0.000000 0.049 0.000
171.333333 172.333333   36.07 0.000000  0.73 0.000000 0.014 0.000000 9.99 0.259000  0.020 0.000  1.277 0.000   2.298 0.000 999.99 0.259000000   9.315 0.000   5.347 0.000   3.968 0.000 0.033 0.000000 0.297 0.000
174.333333 175.333333 9999.99 0.999000 99.99 0.999000 9.999 0.999000 9.99 0.999000 99.999 0.999 99.999 0.999 999.999 0.999 999.99 0.999000000 999.999 0.999 999.999 0.999 999.999 0.999 9.999 0.999000 9.999 0.999
177.333333 178.333333 9999.99 0.999000 99.99 0.999000 9.999 0.999000 9.99 0.999000 99.999 0.999 99.999 0.999 999.999 0.999 999.99 0.999000000 999.999 0.999 999.999 0.999 999.999 0.999 9.999 0.999000 9.999 0.999
180.333333 181.333333   48.21 0.559394  0.56 0.559394 0.014 0.559394 0.35 0.559394  0.011 0.394  0.969 0.000   1.743 0.000 999.99 0.559394259   7.476 0.000   4.781 0.559   2.754 0.659 0.024 0.559394 0.099 0.394
183.333333 184.333333   56.86 0.000000  0.34 0.000000 9.999 0.259000 0.35 0.000000  0.022 0.000  0.833 0.000   1.500 0.000 999.99 0.259000000   7.872 0.000   5.399 0.000   2.416 0.000 0.025 0.000000 0.148 0.000
186.333333 187.333333 9999.99 0.999000 99.99 0.999000 9.999 0.999000 9.99 0.999000 99.999 0.999 99.999 0.999 999.999 0.999 999.99 0.999000000 999.999 0.999 999.999 0.999 999.999 0.999 9.999 0.999000 9.999 0.999
189.333333 190.333333 9999.99 0.999000 99.99 0.999000 9.999 0.999000 9.99 0.999000 99.999 0.999 99.999 0.999 999.999 0.999 999.99 0.999000000 999.999 0.999 999.999 0.999 999.999 0.999 9.999 0.999000 9.999 0.999
192.333333 193.333333 9999.99 0.999000 99.99 0.999000 9.999 0.999000 9.99 0.999000 99.999 0.999 99.999 0.999 999.999 0.999 999.99 0.999000000 999.999 0.999 999.999 0.999 999.999 0.999 9.999 0.999000 9.999 0.999
195.333333 196.333333   59.63 0.000000  0.43 0.000000 9.999 0.259000 9.99 0.259000  0.013 0.000  1.202 0.000   2.164 0.000 999.99 0.259000000   8.989 0.000   5.885 0.000   3.041 0.000 0.020 0.000000 0.116 0.000
198.333333 199.333333   43.35 0.000000  0.20 0.000000 9.999 0.259000 9.99 0.259000  0.008 0.559  0.863 0.000   1.553 0.000   7.22 0.000000000   5.448 0.000   3.389 0.000   2.023 0.000 0.014 0.000000 0.042 0.559
201.333333 202.333333   77.50 0.000000  0.47 0.000000 0.014 0.000000 9.99 0.259000  0.011 0.559  1.454 0.000   2.617 0.000 999.99 0.259000000   9.529 0.000   5.882 0.000   3.584 0.000 0.042 0.000000 0.143 0.559
204.333333 205.333333   37.55 0.000000  0.53 0.000000 9.999 0.259000 9.99 0.259000  0.021 0.559  1.099 0.000   1.979 0.000 999.99 0.259000000   7.399 0.000   4.597 0.000   2.752 0.000 0.048 0.000000 0.159 0.559
207.333333 208.333333   56.17 0.000000  0.30 0.000000 9.999 0.259000 9.99 0.259000  0.008 0.559  1.147 0.000   2.064 0.000 999.99 0.259000000   6.739 0.000   4.214 0.000   2.480 0.000 0.030 0.000000 0.068 0.559
210.333333 211.333333   91.76 0.000000  0.42 0.000000 0.024 0.000000 9.99 0.259000  0.049 0.559  3.785 0.000   6.813 0.000 999.99 0.259000000  16.041 0.000   6.971 0.000   8.993 0.000 0.217 0.000000 0.214 0.559
213.333333 214.333333   65.17 0.000000  0.37 0.000000 9.999 0.259000 9.99 0.259000  0.024 0.559  1.260 0.000   2.268 0.000 999.99 0.259000000  10.419 0.000   7.122 0.000   3.373 0.000 0.072 0.000000 0.159 0.559
216.333333 217.333333   79.64 0.000000  0.49 0.000000 9.999 0.259000 0.05 0.000000  0.011 0.559  1.994 0.000   3.590 0.000 999.99 0.259000000  10.555 0.000   6.099 0.000   4.391 0.000 0.047 0.000000 0.107 0.559
219.333333 220.333333   74.01 0.000000  0.44 0.000000 9.999 0.259000 9.99 0.259000  0.041 0.559  7.201 0.000  12.962 0.000 999.99 0.259000000  22.758 0.000   7.259 0.000  15.418 0.000 0.166 0.000000 0.220 0.559
222.333333 223.333333  107.97 0.000000  0.28 0.000000 0.010 0.000000 9.99 0.259000  0.018 0.559  1.662 0.000   2.992 0.000 999.99 0.259000000  15.516 0.000  10.876 0.000   4.524 0.000 0.065 0.000000 0.121 0.559
