scripts/IMPROVE-2019_partial/data/US0027R.19900103070000.20191216000000.filterpack...1y.3d.US03L_filterpack_US0027.US03L_IMPROVE_Davis.lev2.nas
52 1001
MISSING INFORMATION
US03L, IMPROVE, , , , , , , 
MISSING INFORMATION
IMPROVE sel_HTAP
1 1
1990 01 01 2019 12 16
0
days from file reference point
5
1 1 1 1 1
999.999999 999.999 9.999 999.999 9.999999
end_time of measurement, days from the file reference point
pm10_mass, ug/m3, Matrix=pm10
numflag pm10_mass, no unit, Matrix=pm10
pm25_mass, ug/m3, Matrix=pm25
numflag pm25_mass, no unit, Matrix=pm25
0
33
Data definition:              EBAS_1.1
Set type code:                TI
Timezone:                     UTC
File name:                    US0027R.19900103070000.20191216000000.filterpack...1y.3d.US03L_filterpack_US0027.US03L_IMPROVE_Davis.lev2.nas
File creation:                20191218115715
Startdate:                    19900103070000
Revision date:                20191216000000
Version:                      2
Version description:          "Data extracted from http://views.cira.colostate.edu/fed/DataWizard 2019-12-16"
Statistics:                   arithmetic mean
Data level:                   2
Period code:                  1y
Resolution code:              3d
Sample duration:              1d
Orig. time res.:              3d
Station code:                 US0027R
Platform code:                US0027S
Station name:                 Great Sand Dunes NM
Station latitude:             37.7249
Station longitude:            -105.5185
Station altitude:             2498.0 m
Regime:                       IMG
Component:                    
Unit:                         ug/m3
Matrix:                       
Laboratory code:              US03L
Instrument type:              filterpack
Instrument name:              filterpack_US0027
Method ref:                   US03L_IMPROVE_Davis
Blank correction:             Blank corrected
Volume std. temperature:      ambient
Volume std. pressure:         ambient
starttime endtime PM10 flag_PM10 PM2.5 flag_PM2.5
  2.291667   3.291667   7.467 0.000 999.999 0.999000
  5.291667   6.291667  21.220 0.000   2.871 0.000000
  9.291667  10.291667   7.972 0.000 999.999 0.999000
 12.291667  13.291667  12.075 0.000 999.999 0.999000
 16.291667  17.291667  10.228 0.000   1.792 0.000000
 19.291667  20.291667  23.659 0.000   3.354 0.000000
 23.291667  24.291667  10.376 0.000   3.408 0.000000
 26.291667  27.291667   8.543 0.000   2.834 0.000000
 30.291667  31.291667   6.585 0.000   2.138 0.000000
 33.291667  34.291667   5.128 0.000   2.421 0.000000
 37.291667  38.291667  16.182 0.000   2.587 0.000000
 40.291667  41.291667   4.352 0.000   1.801 0.000000
 44.291667  45.291667  10.721 0.000   4.000 0.000000
 47.291667  48.291667  21.148 0.000   6.486 0.000000
 51.291667  52.291667   6.577 0.000   3.302 0.000000
 54.291667  55.291667   4.326 0.000   1.621 0.000000
 58.291667  59.291667   8.201 0.000 999.999 0.999000
 61.291667  62.291667   9.774 0.000   4.494 0.000000
 65.291667  66.291667   9.142 0.000   6.469 0.000000
 68.291667  69.291667  11.481 0.000   5.163 0.000000
 72.291667  73.291667   7.922 0.000   3.239 0.000000
 75.291667  76.291667  16.063 0.000   4.844 0.000000
 79.291667  80.291667  14.126 0.000   6.770 0.000000
 82.291667  83.291667   8.056 0.000   3.858 0.000000
 86.291667  87.291667   6.593 0.000   5.857 0.000000
 89.291667  90.291667 999.999 0.999   3.707 0.000000
 93.291667  94.291667   9.919 0.000   3.406 0.000000
 96.291667  97.291667  10.090 0.000   3.836 0.000000
100.291667 101.291667   8.565 0.000   4.969 0.000000
103.291667 104.291667  12.593 0.000   5.356 0.000000
107.291667 108.291667   5.750 0.000   5.168 0.000000
110.291667 111.291667   8.774 0.000   4.862 0.000000
114.291667 115.291667   3.624 0.000   2.975 0.000000
117.291667 118.291667  64.439 0.000  14.534 0.000000
121.291667 122.291667   5.847 0.000   3.070 0.000000
124.291667 125.291667   6.776 0.000   6.626 0.000000
128.291667 129.291667  14.640 0.000   9.787 0.000000
131.291667 132.291667  13.235 0.000   5.780 0.000000
135.291667 136.291667  15.244 0.000   5.854 0.000000
138.291667 139.291667  23.289 0.000 999.999 0.999000
142.291667 143.291667   9.075 0.000   4.100 0.000000
145.291667 146.291667  10.972 0.000   4.243 0.000000
149.291667 150.291667   3.938 0.000   3.524 0.000000
152.291667 153.291667   7.959 0.000   2.006 0.000000
156.291667 157.291667  21.324 0.000   3.879 0.000000
159.291667 160.291667  23.396 0.000   7.606 0.000000
163.291667 164.291667  15.590 0.000   3.904 0.000000
166.291667 167.291667  14.862 0.000 999.999 0.999000
170.291667 171.291667  19.444 0.000 999.999 0.999000
173.291667 174.291667  40.594 0.000   8.647 0.000000
177.291667 178.291667 999.999 0.999   8.589 0.000000
180.291667 181.291667 999.999 0.999  11.027 0.000000
184.291667 185.291667   7.458 0.000   7.173 0.000000
187.291667 188.291667  19.276 0.000   3.631 0.000000
191.291667 192.291667   6.340 0.000   4.118 0.000000
194.291667 195.291667  29.095 0.000   4.294 0.000000
198.291667 199.291667  20.288 0.000   4.881 0.000000
201.291667 202.291667  29.619 0.000   4.851 0.000000
205.291667 206.291667   9.958 0.000   3.976 0.000000
208.291667 209.291667   8.829 0.000 999.999 0.999000
212.291667 213.291667 999.999 0.999  11.325 0.000000
215.291667 216.291667  15.806 0.000   5.228 0.000000
219.291667 220.291667  13.755 0.000   5.166 0.000000
222.291667 223.291667  36.601 0.000  10.274 0.000000
226.291667 227.291667   5.020 0.000   2.389 0.000000
229.291667 230.291667   5.525 0.000   2.849 0.000000
233.291667 234.291667   6.157 0.000   4.659 0.000000
236.291667 237.291667  11.460 0.000   2.938 0.000000
240.291667 241.291667  13.205 0.000   4.320 0.000000
243.291667 244.291667  25.799 0.000   7.189 0.559000
247.291667 248.291667   9.273 0.000   2.810 0.559000
250.291667 251.291667   7.337 0.000 999.999 0.559259
254.291667 255.291667   9.954 0.000 999.999 0.559259
257.291667 258.291667  14.118 0.000   5.184 0.559000
261.291667 262.291667   8.472 0.000   3.303 0.559000
264.291667 265.291667  11.579 0.000 999.999 0.559259
268.291667 269.291667   6.034 0.000   1.101 0.559000
271.291667 272.291667 999.999 0.999   4.107 0.559000
275.291667 276.291667   9.868 0.000 999.999 0.559259
278.291667 279.291667 999.999 0.999   3.049 0.559000
282.291667 283.291667   4.167 0.000   1.315 0.559000
285.291667 286.291667  12.800 0.000   4.215 0.559000
289.291667 290.291667  11.712 0.000   4.722 0.559000
292.291667 293.291667  13.085 0.000 999.999 0.559259
296.291667 297.291667   5.022 0.000   2.599 0.559000
299.291667 300.291667   7.671 0.000   2.446 0.559000
303.291667 304.291667  24.619 0.000   7.206 0.559000
306.291667 307.291667  10.409 0.000   9.216 0.559000
310.291667 311.291667   5.907 0.000   3.750 0.559000
313.291667 314.291667 999.999 0.999   3.000 0.559000
317.291667 318.291667 999.999 0.999   3.727 0.559000
320.291667 321.291667   8.571 0.000   3.950 0.559000
324.291667 325.291667   8.153 0.000   2.618 0.559000
327.291667 328.291667   9.045 0.000   3.542 0.559000
331.291667 332.291667   3.721 0.000   1.572 0.559000
334.291667 335.291667 999.999 0.999   4.214 0.559000
338.291667 339.291667 999.999 0.999 999.999 0.999000
341.291667 342.291667   7.479 0.000   2.665 0.559000
345.291667 346.291667 999.999 0.999 999.999 0.999000
348.291667 349.291667 999.999 0.999 999.999 0.999000
352.291667 353.291667   4.766 0.000   4.258 0.559000
355.291667 356.291667   7.362 0.000   5.942 0.559000
359.291667 360.291667   3.934 0.000   3.738 0.559000
362.291667 363.291667   5.381 0.000   0.981 0.559000
