scripts/IMPROVE-2019_partial/data/US0091R.20040101070000.20191216000000.filterpack..pm25.52w.1w.US03L_filterpack_US0091.US03L_IMPROVE_Davis.lev2.nas
66 1001
MISSING INFORMATION
US03L, IMPROVE, , , , , , , 
MISSING INFORMATION
IMPROVE sel_HTAP
1 1
2004 01 01 2019 12 16
3.000000
days from file reference point
27
1 1 1 1 1 1 1 1 1 1 1 1 1 1 1 1 1 1 1 1 1 1 1 1 1 1 1
999.999999 9999.99 9.999 99.99 9.999 9.999 9.999999 9.99 9.999999 9.999 9.999 99.999 9.999 99.999 9.999 99.9 9.999999 999.999 9.999 999.999 9.999 99.999 9.999 9.999 9.999 9.999 9.999
end_time of measurement, days from the file reference point
iron, ng/m3, Revision date=20181210133000
numflag iron, no unit, Revision date=20181210133000
lead, ng/m3, Revision date=20181210133000
numflag lead, no unit, Revision date=20181210133000
magnesium, ug/m3, Revision date=20181210133000
numflag magnesium, no unit, Revision date=20181210133000
nickel, ng/m3, Revision date=20181210133000
numflag nickel, no unit, Revision date=20181210133000
nitrate, ug N/m3, Revision date=20181210133000
numflag nitrate, no unit, Revision date=20181210133000
organic_carbon, ug C/m3, Revision date=20181210133000
numflag organic_carbon, no unit, Revision date=20181210133000
organic_mass, ug/m3, Revision date=20181210133000
numflag organic_mass, no unit, Revision date=20181210133000
phosphorus, ng/m3, Revision date=20181210133000
numflag phosphorus, no unit, Revision date=20181210133000
pm10_mass, ug/m3, Version=2, Version description=Data extracted from http://views.cira.colostate.edu/fed/DataWizard 2019-12-16, Sample duration=1d, Orig. time res.=3d, Matrix=pm10, Blank correction=Blank corrected, Volume std. temperature=ambient, Volume std. pressure=ambient
numflag pm10_mass, no unit, Version=2, Version description=Data extracted from http://views.cira.colostate.edu/fed/DataWizard 2019-12-16, Sample duration=1d, Orig. time res.=3d, Matrix=pm10, Blank correction=Blank corrected, Volume std. temperature=ambient, Volume std. pressure=ambient
pm10_pm25_mass, ug/m3, Revision date=20181210133000, Matrix=pm10_pm25
numflag pm10_pm25_mass, no unit, Revision date=20181210133000, Matrix=pm10_pm25
pm25_mass, ug/m3, Version=2, Version description=Data extracted from http://views.cira.colostate.edu/fed/DataWizard 2019-12-16, Sample duration=1d, Orig. time res.=3d, Blank correction=Blank corrected, Volume std. temperature=ambient, Volume std. pressure=ambient
numflag pm25_mass, no unit, Version=2, Version description=Data extracted from http://views.cira.colostate.edu/fed/DataWizard 2019-12-16, Sample duration=1d, Orig. time res.=3d, Blank correction=Blank corrected, Volume std. temperature=ambient, Volume std. pressure=ambient
potassium, ug/m3, Revision date=20181210133000
numflag potassium, no unit, Revision date=20181210133000
sulphate_total, ug S/m3, Revision date=20181210133000
numflag sulphate_total, no unit, Revision date=20181210133000
0
25
Data definition:              EBAS_1.1
Set type code:                TU
Timezone:                     UTC
File name:                    US0091R.20040101070000.20191216000000.filterpack..pm25.52w.1w.US03L_filterpack_US0091.US03L_IMPROVE_Davis.lev2.nas
File creation:                20191218120133
Startdate:                    20040101070000
Revision date:                20191216000000
Statistics:                   arithmetic mean
Data level:                   2
Period code:                  52w
Resolution code:              1w
Station code:                 US0091R
Platform code:                US0091S
Station name:                 Mount Baldy
Station latitude:             34.0584
Station longitude:            -109.4406
Station altitude:             2508.0 m
Regime:                       IMG
Component:                    
Matrix:                       pm25
Laboratory code:              US03L
Instrument type:              filterpack
Instrument name:              filterpack_US0091
Method ref:                   US03L_IMPROVE_Davis
starttime endtime Fe flag_Fe Pb flag_Pb Mg++ flag_Mg++ Ni flag_Ni NO3- flag_NO3- OC flag_OC OM flag_OM P flag_P PM10 flag_PM10 PM10-PM2.5 flag_PM10-PM2.5 PM2.5 flag_PM2.5 K+ flag_K+ SO4-- flag_SO4--
[from data line 83]
249.291667 250.291667   28.33 0.000  0.17 0.000 9.999 0.259000 9.99 0.259000 0.014 0.000  0.697 0.000  0.976 0.000 99.9 0.259000   5.126 0.000   2.543 0.000  2.583 0.000 0.020 0.000 0.191 0.000
252.291667 253.291667   33.51 0.000  0.48 0.000 9.999 0.259000 0.13 0.000000 0.012 0.000  1.075 0.000  1.505 0.000 99.9 0.259000   6.903 0.000   3.647 0.000  3.256 0.000 0.024 0.000 0.252 0.000
255.291667 256.291667   25.53 0.000  0.51 0.000 9.999 0.259000 9.99 0.259000 0.009 0.000  0.697 0.000  0.976 0.000 99.9 0.259000   5.835 0.000   3.414 0.000  2.421 0.000 0.017 0.000 0.211 0.000
258.291667 259.291667   31.18 0.000  0.47 0.000 9.999 0.259000 9.99 0.259000 0.050 0.559  0.562 0.000  0.787 0.000 99.9 0.259000   6.944 0.000   4.178 0.000  2.766 0.000 0.025 0.000 0.264 0.559
261.291667 262.291667   13.02 0.000  0.71 0.000 9.999 0.259000 0.12 0.000000 0.010 0.000  0.471 0.000  0.659 0.000 99.9 0.259000   3.493 0.000   1.332 0.000  2.161 0.000 0.014 0.000 0.276 0.000
264.291667 265.291667   21.39 0.000  0.44 0.000 0.143 0.000000 0.18 0.000000 0.038 0.000  0.355 0.000  0.497 0.000 99.9 0.259000   4.377 0.000   2.431 0.000  1.946 0.000 0.016 0.000 0.234 0.000
267.291667 268.291667   24.09 0.000  0.60 0.000 9.999 0.259000 0.07 0.000000 0.011 0.000  0.540 0.000  0.756 0.000 99.9 0.259000   4.630 0.000   2.864 0.000  1.765 0.000 0.013 0.000 0.144 0.000
270.291667 271.291667 9999.99 0.999 99.99 0.999 9.999 0.999000 9.99 0.999000 9.999 0.999 99.999 0.999 99.999 0.999 99.9 0.999000 999.999 0.999 999.999 0.999 99.999 0.999 9.999 0.999 9.999 0.999
273.291667 274.291667   20.67 0.000  0.58 0.000 9.999 0.259000 0.13 0.000000 0.018 0.559  0.306 0.000  0.428 0.000 99.9 0.259000   3.784 0.000   2.186 0.000  1.598 0.000 0.016 0.000 0.155 0.559
276.291667 277.291667   15.93 0.000  1.06 0.000 9.999 0.259000 9.99 0.259000 0.015 0.559  0.752 0.000  1.053 0.000 99.9 0.259000   6.944 0.000   2.870 0.000  4.075 0.000 0.019 0.000 0.548 0.559
279.291667 280.291667   18.21 0.000  0.31 0.000 9.999 0.259000 9.99 0.259000 0.012 0.559  0.551 0.000  0.772 0.000 99.9 0.259000   4.740 0.000   2.358 0.000  2.383 0.000 0.012 0.000 0.247 0.559
282.291667 283.291667   17.89 0.000 99.99 0.259 0.083 0.000000 9.99 0.259000 0.010 0.559  1.093 0.000  1.531 0.000 99.9 0.259000   5.043 0.000   2.497 0.000  2.546 0.000 0.013 0.000 0.203 0.559
285.291667 286.291667   10.96 0.000  0.61 0.000 9.999 0.259000 9.99 0.259000 0.019 0.559  0.679 0.000  0.950 0.000 99.9 0.259000   5.279 0.000   1.547 0.000  3.732 0.000 0.014 0.000 0.525 0.559
288.291667 289.291667   17.24 0.559  0.50 0.559 9.999 0.559259 9.99 0.559259 0.006 0.559  0.591 0.000  0.827 0.000 99.9 0.559259   2.397 0.000   0.911 0.000  1.486 0.559 0.011 0.559 0.065 0.559
291.291667 292.291667   44.74 0.000  0.72 0.000 9.999 0.259000 9.99 0.259000 0.065 0.559  0.466 0.000  0.653 0.000 99.9 0.259000   9.107 0.000   5.884 0.000  3.223 0.000 0.040 0.000 0.234 0.559
294.291667 295.291667    6.10 0.000  0.18 0.000 9.999 0.259000 0.18 0.000000 0.019 0.000  0.422 0.000  0.591 0.000 99.9 0.259000   2.426 0.000   1.038 0.000  1.389 0.000 0.009 0.000 0.129 0.000
297.291667 298.291667    8.48 0.000  0.54 0.000 9.999 0.259000 9.99 0.259000 0.016 0.000  0.199 0.000  0.279 0.000 99.9 0.259000   1.943 0.000   0.612 0.000  1.331 0.000 0.008 0.000 0.189 0.000
300.291667 301.291667    4.29 0.000  0.19 0.000 0.053 0.000000 0.14 0.000000 0.017 0.000  0.185 0.000  0.258 0.000 99.9 0.259000   1.455 0.000   0.732 0.000  0.723 0.000 0.005 0.000 0.087 0.000
303.291667 304.291667    1.98 0.000  1.06 0.000 9.999 0.259000 9.99 0.259000 0.017 0.000  0.583 0.000  0.816 0.000 99.9 0.259000   1.590 0.000   0.248 0.000  1.342 0.000 0.007 0.000 0.067 0.000
306.291667 307.291667    4.58 0.000  0.36 0.000 0.124 0.000000 9.99 0.259000 0.024 0.000  3.002 0.000  4.202 0.000 99.9 0.259000   5.767 0.000   0.706 0.000  5.062 0.000 0.009 0.000 0.091 0.000
309.291667 310.291667    7.43 0.000  0.40 0.000 9.999 0.259000 0.19 0.000000 0.018 0.000  4.193 0.000  5.870 0.000 99.9 0.259000   8.722 0.000   1.662 0.000  7.060 0.000 0.012 0.000 0.091 0.000
312.291667 313.291667   11.26 0.000  1.03 0.000 0.110 0.000000 0.27 0.000000 0.021 0.000  0.508 0.000  0.712 0.000 99.9 0.259000   4.117 0.000   1.734 0.000  2.383 0.000 0.016 0.000 0.262 0.000
315.291667 316.291667    4.84 0.000  0.45 0.000 9.999 0.259000 9.99 0.259000 0.011 0.000  0.379 0.000  0.530 0.000 99.9 0.259000   1.673 0.000   0.607 0.000  1.066 0.000 0.006 0.000 0.081 0.000
318.291667 319.291667    3.73 0.000  0.31 0.000 0.091 0.000000 9.99 0.259000 0.016 0.000  0.356 0.000  0.499 0.000 99.9 0.259000   2.175 0.000   0.571 0.000  1.605 0.000 0.007 0.000 0.195 0.000
321.291667 322.291667    5.26 0.000  0.43 0.000 9.999 0.259000 0.17 0.000000 0.013 0.000  0.340 0.000  0.476 0.000 99.9 0.259000   2.175 0.000   0.281 0.000  1.894 0.000 0.004 0.000 0.194 0.000
324.291667 325.291667    9.15 0.000  0.92 0.000 9.999 0.259000 0.10 0.000000 0.032 0.000  0.551 0.000  0.772 0.000 99.9 0.259000   3.138 0.000   0.842 0.000  2.295 0.000 0.008 0.000 0.283 0.000
327.291667 328.291667    3.35 0.000  0.35 0.000 9.999 0.259000 9.99 0.259000 0.017 0.000  0.270 0.000  0.378 0.000 99.9 0.259000   1.214 0.000   0.073 0.000  1.140 0.000 0.004 0.000 0.141 0.000
330.291667 331.291667    6.49 0.000  0.59 0.000 9.999 0.259000 9.99 0.259000 0.032 0.000  0.347 0.000  0.486 0.000 99.9 0.259000   1.705 0.000   0.264 0.000  1.441 0.000 0.006 0.000 0.093 0.000
333.291667 334.291667    6.06 0.000  0.23 0.000 9.999 0.259000 0.09 0.000000 0.016 0.000  0.203 0.000  0.284 0.000 99.9 0.259000   2.033 0.000   0.685 0.000  1.348 0.000 0.005 0.000 0.154 0.000
336.291667 337.291667    6.37 0.000  0.43 0.000 9.999 0.259000 0.21 0.000000 0.010 0.000  0.388 0.000  0.543 0.000 99.9 0.259000   1.590 0.000   0.437 0.000  1.153 0.000 0.011 0.000 0.081 0.000
339.291667 340.291667    2.79 0.000  0.28 0.000 0.132 0.000000 0.38 0.000000 0.014 0.000  0.165 0.000  0.232 0.000 99.9 0.259000   1.123 0.000   0.247 0.000  0.875 0.000 0.008 0.000 0.108 0.000
342.291667 343.291667    2.21 0.000  0.52 0.000 9.999 0.259000 9.99 0.259000 0.006 0.000  0.047 0.000  0.066 0.000  2.1 0.000000   0.374 0.000   0.001 0.000  0.373 0.000 0.005 0.000 0.044 0.000
345.291667 346.291667    2.61 0.559  0.38 0.559 0.181 0.559000 0.12 0.559000 0.004 0.559  0.220 0.000  0.308 0.000 99.9 0.559259   0.620 0.000   0.163 0.000  0.457 0.559 0.009 0.559 0.029 0.559
348.291667 349.291667   10.37 0.000  0.94 0.000 9.999 0.259000 9.99 0.259000 0.020 0.000  0.593 0.000  0.830 0.000 99.9 0.259000   2.811 0.000   0.906 0.000  1.905 0.000 0.016 0.000 0.108 0.000
351.291667 352.291667    3.12 0.559  0.56 0.559 0.125 0.559000 0.11 0.559000 0.023 0.000  0.394 0.000  0.551 0.000 99.9 0.559259   1.715 0.000   0.572 0.000  1.143 0.559 0.008 0.559 0.098 0.000
354.291667 355.291667    6.88 0.000  0.51 0.000 9.999 0.259000 9.99 0.259000 0.006 0.559  0.132 0.000  0.185 0.000 99.9 0.259000   0.909 0.000   0.386 0.000  0.523 0.000 0.012 0.000 0.065 0.559
357.291667 358.291667    3.13 0.000  0.42 0.000 9.999 0.259000 0.22 0.000000 0.072 0.000  0.332 0.000  0.465 0.000 99.9 0.259000   1.255 0.000   0.321 0.000  0.934 0.000 0.007 0.000 0.085 0.000
360.291667 361.291667    1.27 0.559  0.52 0.559 9.999 0.559259 0.10 0.559000 0.003 0.000  0.138 0.000  0.194 0.000 99.9 0.559259   0.541 0.000   0.255 0.000  0.286 0.559 0.005 0.559 0.036 0.000
363.291667 364.291667    1.22 0.000  0.28 0.000 0.163 0.000000 0.15 0.000000 0.003 0.000  0.182 0.000  0.255 0.000 99.9 0.259000   0.457 0.000   0.113 0.000  0.344 0.000 0.005 0.000 0.047 0.000
