scripts/IMPROVE-2019_partial/data/US0044R.20090101050000.20191216000000.filterpack...52w.3d.US03L_filterpack_US0044.US03L_IMPROVE_Davis.lev2.nas
51 1001
MISSING INFORMATION
US03L, IMPROVE, , , , , , , 
MISSING INFORMATION
IMPROVE sel_HTAP
1 1
2009 01 01 2019 12 16
3.000000
days from file reference point
4
1 1 1 1
999.999999 999.999 999.999 9.999
end_time of measurement, days from the file reference point
pm10_mass, ug/m3, Matrix=pm10
pm25_mass, ug/m3, Matrix=pm25
numflag, no unit
0
33
Data definition:              EBAS_1.1
Set type code:                TU
Timezone:                     UTC
File name:                    US0044R.20090101050000.20191216000000.filterpack...52w.3d.US03L_filterpack_US0044.US03L_IMPROVE_Davis.lev2.nas
File creation:                20191218115806
Startdate:                    20090101050000
Revision date:                20191216000000
Version:                      2
Version description:          "Data extracted from http://views.cira.colostate.edu/fed/DataWizard 2019-12-16"
Statistics:                   arithmetic mean
Data level:                   2
Period code:                  52w
Resolution code:              3d
Sample duration:              1d
Orig. time res.:              3d
Station code:                 US0044R
Platform code:                US0044S
Station name:                 Frostberg Reservoir (Big Piney Run)
Station latitude:             39.7058
Station longitude:            -79.0122
Station altitude:             767.0 m
Regime:                       IMG
Component:                    
Unit:                         ug/m3
Matrix:                       
Laboratory code:              US03L
Instrument type:              filterpack
Instrument name:              filterpack_US0044
Method ref:                   US03L_IMPROVE_Davis
Blank correction:             Blank corrected
Volume std. temperature:      ambient
Volume std. pressure:         ambient
starttime endtime PM10 PM2.5 flag
  0.208333   1.208333   6.056   3.813 0.000
  3.208333   4.208333  10.720   7.956 0.000
  6.208333   7.208333   4.177   2.127 0.000
  9.208333  10.208333  10.061   7.931 0.000
 12.208333  13.208333   7.716   5.372 0.000
 15.208333  16.208333   7.497   4.944 0.000
 18.208333  19.208333   9.095   7.627 0.000
 21.208333  22.208333  12.284   7.839 0.000
 24.208333  25.208333   9.575   6.032 0.000
 27.208333  28.208333   7.686   7.305 0.000
 30.208333  31.208333   6.745   4.084 0.000
 33.208333  34.208333  11.298   8.611 0.000
 36.208333  37.208333  12.400   6.887 0.000
 39.208333  40.208333  19.150  13.367 0.000
 42.208333  43.208333   5.144   3.457 0.000
 45.208333  46.208333   5.792   4.799 0.000
 48.208333  49.208333   9.845   7.271 0.000
 51.208333  52.208333   9.466   5.923 0.000
 54.208333  55.208333   6.860   4.259 0.000
 57.208333  58.208333  10.934   8.447 0.000
 60.208333  61.208333   7.671   3.784 0.000
 63.208333  64.208333  16.113   8.535 0.000
 66.208333  67.208333  15.726   9.446 0.000
 69.208333  70.208333   8.630   5.211 0.000
 72.208333  73.208333  15.627  12.347 0.000
 75.208333  76.208333  10.784   8.968 0.000
 78.208333  79.208333  10.033   7.291 0.000
 81.208333  82.208333  10.428   5.456 0.000
 84.208333  85.208333   3.194   2.684 0.000
 87.208333  88.208333   2.717   2.050 0.000
 90.208333  91.208333   9.548   7.498 0.000
 93.208333  94.208333   4.640   3.398 0.000
 96.208333  97.208333   5.335   4.041 0.000
 99.208333 100.208333  13.973   9.592 0.000
102.208333 103.208333   7.272   4.592 0.000
105.208333 106.208333   8.578   5.854 0.000
108.208333 109.208333  15.384  12.325 0.000
111.208333 112.208333   4.270   3.758 0.000
114.208333 115.208333  12.108   7.017 0.000
117.208333 118.208333  13.131   7.367 0.000
120.208333 121.208333  10.563   7.427 0.000
123.208333 124.208333   2.641   1.907 0.000
126.208333 127.208333   9.180   7.431 0.000
129.208333 130.208333   7.372   5.103 0.000
132.208333 133.208333  14.976   9.661 0.000
135.208333 136.208333   8.915   5.795 0.000
138.208333 139.208333  10.601   4.971 0.000
141.208333 142.208333  14.907   8.664 0.000
144.208333 145.208333  18.596  14.075 0.000
147.208333 148.208333   6.414   3.809 0.000
150.208333 151.208333  11.017   6.786 0.000
153.208333 154.208333  12.016   9.088 0.000
156.208333 157.208333  14.264  10.360 0.000
159.208333 160.208333  20.949  16.807 0.000
162.208333 163.208333  16.085  13.825 0.000
165.208333 166.208333  13.166   9.690 0.000
168.208333 169.208333 999.999 999.999 0.999
171.208333 172.208333 999.999 999.999 0.999
174.208333 175.208333 999.999 999.999 0.999
177.208333 178.208333  11.505   8.519 0.000
180.208333 181.208333  12.081   7.660 0.000
183.208333 184.208333  10.320   7.888 0.000
186.208333 187.208333  13.473  10.507 0.000
189.208333 190.208333  13.866  10.340 0.000
192.208333 193.208333  13.582  10.071 0.000
195.208333 196.208333  12.339   7.710 0.000
198.208333 199.208333   9.128   5.741 0.000
201.208333 202.208333  14.450  10.633 0.000
204.208333 205.208333  17.664  13.269 0.000
207.208333 208.208333  12.777   8.874 0.000
210.208333 211.208333  13.304  10.557 0.000
213.208333 214.208333  11.756   9.113 0.000
216.208333 217.208333  17.477  14.078 0.000
219.208333 220.208333  18.922  14.396 0.000
222.208333 223.208333  13.645  10.066 0.000
225.208333 226.208333  11.730   8.629 0.000
228.208333 229.208333  17.527  11.093 0.000
231.208333 232.208333  10.356   6.640 0.000
234.208333 235.208333  12.172   9.057 0.000
237.208333 238.208333  22.864  19.631 0.000
240.208333 241.208333  14.227  10.214 0.000
243.208333 244.208333   4.967   2.679 0.000
246.208333 247.208333  10.913   7.399 0.000
249.208333 250.208333  14.096   9.964 0.000
252.208333 253.208333  10.279   6.493 0.000
255.208333 256.208333   9.772   6.346 0.000
258.208333 259.208333   9.475   5.989 0.000
261.208333 262.208333   9.729   6.819 0.000
264.208333 265.208333  11.307   6.054 0.000
267.208333 268.208333   8.460   4.657 0.000
270.208333 271.208333  14.767   5.834 0.000
273.208333 274.208333   7.600   4.712 0.000
276.208333 277.208333   8.241   4.051 0.000
279.208333 280.208333   7.831   2.538 0.000
282.208333 283.208333   4.175   2.380 0.000
285.208333 286.208333  11.919   7.667 0.000
288.208333 289.208333   1.460   1.156 0.000
291.208333 292.208333   7.339   5.231 0.000
294.208333 295.208333  14.874   6.598 0.000
297.208333 298.208333   6.561   3.220 0.000
300.208333 301.208333   4.256   2.992 0.000
303.208333 304.208333   5.324   3.640 0.000
306.208333 307.208333  11.077   7.278 0.000
309.208333 310.208333   3.841   2.641 0.000
312.208333 313.208333  15.035  10.512 0.000
315.208333 316.208333   4.636   1.954 0.000
318.208333 319.208333  11.986   8.074 0.000
321.208333 322.208333   9.235   5.196 0.000
324.208333 325.208333  14.030   9.024 0.000
327.208333 328.208333   3.934   2.527 0.000
330.208333 331.208333   3.004   2.491 0.000
333.208333 334.208333   3.719   2.193 0.000
336.208333 337.208333   3.764   2.771 0.000
339.208333 340.208333  13.027  10.706 0.000
342.208333 343.208333   4.602   2.235 0.000
345.208333 346.208333   8.702   4.923 0.000
348.208333 349.208333   7.143   4.874 0.000
351.208333 352.208333  15.018   9.430 0.000
354.208333 355.208333   7.985   6.790 0.000
357.208333 358.208333   8.774   6.075 0.000
360.208333 361.208333   5.518   2.727 0.000
363.208333 364.208333   9.256   6.491 0.000
