scripts/IMPROVE-2019_partial/data/US0063R.20050101070000.20191216000000.filterpack..pm25.52w.1w.US03L_filterpack_US0063.US03L_IMPROVE_Davis.lev2.nas
64 1001
MISSING INFORMATION
US03L, IMPROVE, , , , , , , 
MISSING INFORMATION
IMPROVE sel_HTAP
1 1
2005 01 01 2019 12 16
3.000000
days from file reference point
25
1 1 1 1 1 1 1 1 1 1 1 1 1 1 1 1 1 1 1 1 1 1 1 1 1
999.999999 9999.99 9.999 99.99 9.999 9.999 9.999 99.99 9.999 9.999 9.999 99.999 9.999 99.999 9.999 999.999 9.999 999.999 9.999 99.999 9.999 9.999 9.999 99.999 9.999
end_time of measurement, days from the file reference point
iron, ng/m3, Revision date=20181210133000
numflag iron, no unit, Revision date=20181210133000
lead, ng/m3, Revision date=20181210133000
numflag lead, no unit, Revision date=20181210133000
magnesium, ug/m3, Revision date=20181210133000
numflag magnesium, no unit, Revision date=20181210133000
nickel, ng/m3, Revision date=20181210133000
numflag nickel, no unit, Revision date=20181210133000
nitrate, ug N/m3, Revision date=20181210133000
numflag nitrate, no unit, Revision date=20181210133000
organic_carbon, ug C/m3, Revision date=20181210133000
numflag organic_carbon, no unit, Revision date=20181210133000
organic_mass, ug/m3, Revision date=20181210133000
numflag organic_mass, no unit, Revision date=20181210133000
pm10_mass, ug/m3, Version=2, Version description=Data extracted from http://views.cira.colostate.edu/fed/DataWizard 2019-12-16, Sample duration=1d, Orig. time res.=3d, Matrix=pm10, Blank correction=Blank corrected, Volume std. temperature=ambient, Volume std. pressure=ambient
numflag pm10_mass, no unit, Version=2, Version description=Data extracted from http://views.cira.colostate.edu/fed/DataWizard 2019-12-16, Sample duration=1d, Orig. time res.=3d, Matrix=pm10, Blank correction=Blank corrected, Volume std. temperature=ambient, Volume std. pressure=ambient
pm10_pm25_mass, ug/m3, Revision date=20181210133000, Matrix=pm10_pm25
numflag pm10_pm25_mass, no unit, Revision date=20181210133000, Matrix=pm10_pm25
pm25_mass, ug/m3, Version=2, Version description=Data extracted from http://views.cira.colostate.edu/fed/DataWizard 2019-12-16, Sample duration=1d, Orig. time res.=3d, Blank correction=Blank corrected, Volume std. temperature=ambient, Volume std. pressure=ambient
numflag pm25_mass, no unit, Version=2, Version description=Data extracted from http://views.cira.colostate.edu/fed/DataWizard 2019-12-16, Sample duration=1d, Orig. time res.=3d, Blank correction=Blank corrected, Volume std. temperature=ambient, Volume std. pressure=ambient
potassium, ug/m3, Revision date=20181210133000
numflag potassium, no unit, Revision date=20181210133000
sulphate_total, ug S/m3, Revision date=20181210133000
numflag sulphate_total, no unit, Revision date=20181210133000
0
25
Data definition:              EBAS_1.1
Set type code:                TU
Timezone:                     UTC
File name:                    US0063R.20050101070000.20191216000000.filterpack..pm25.52w.1w.US03L_filterpack_US0063.US03L_IMPROVE_Davis.lev2.nas
File creation:                20191218115930
Startdate:                    20050101070000
Revision date:                20191216000000
Statistics:                   arithmetic mean
Data level:                   2
Period code:                  52w
Resolution code:              1w
Station code:                 US0063R
Platform code:                US0063S
Station name:                 Bosque del Apache
Station latitude:             33.8695
Station longitude:            -106.852
Station altitude:             1389.0 m
Regime:                       IMG
Component:                    
Matrix:                       pm25
Laboratory code:              US03L
Instrument type:              filterpack
Instrument name:              filterpack_US0063
Method ref:                   US03L_IMPROVE_Davis
starttime endtime Fe flag_Fe Pb flag_Pb Mg++ flag_Mg++ Ni flag_Ni NO3- flag_NO3- OC flag_OC OM flag_OM PM10 flag_PM10 PM10-PM2.5 flag_PM10-PM2.5 PM2.5 flag_PM2.5 K+ flag_K+ SO4-- flag_SO4--
[from data line 91]
273.291667 274.291667   28.31 0.000  0.60 0.000 9.999 0.259 99.99 0.259 0.041 0.000  1.216 0.000  2.188 0.000   4.361 0.000   1.535 0.000  2.808 0.000 0.014 0.000  0.213 0.000
276.291667 277.291667   25.92 0.000  1.02 0.000 0.012 0.000  0.35 0.000 0.017 0.000  0.645 0.000  1.160 0.000   9.017 0.000   4.660 0.000  4.379 0.000 0.026 0.000  0.685 0.000
279.291667 280.291667   10.08 0.000  0.48 0.000 9.999 0.259 99.99 0.259 0.047 0.000  0.783 0.000  1.410 0.000   2.584 0.000   0.820 0.000  1.755 0.000 0.018 0.000  0.138 0.000
282.291667 283.291667   16.43 0.000  0.51 0.000 9.999 0.259 99.99 0.259 0.030 0.000  0.566 0.000  1.020 0.000   2.553 0.000   0.931 0.000  1.612 0.000 0.015 0.000  0.221 0.000
285.291667 286.291667   20.27 0.000  0.53 0.000 9.999 0.259  0.09 0.000 0.039 0.000  0.979 0.000  1.763 0.000   7.418 0.000   3.335 0.000  4.046 0.000 0.017 0.000  0.429 0.000
288.291667 289.291667   12.72 0.000  0.50 0.000 9.999 0.259  0.17 0.000 0.031 0.000  0.677 0.000  1.219 0.000   4.868 0.000   2.608 0.000  2.231 0.000 0.012 0.000  0.264 0.000
291.291667 292.291667   10.76 0.000  0.75 0.000 0.010 0.000  0.07 0.000 0.020 0.000  0.292 0.000  0.525 0.000   3.210 0.000   1.793 0.000  1.398 0.000 0.015 0.000  0.205 0.000
294.291667 295.291667   41.01 0.000  0.86 0.000 9.999 0.259  0.11 0.000 0.045 0.000  0.776 0.000  1.396 0.000   5.517 0.000   2.915 0.000  2.570 0.000 0.017 0.000  0.215 0.000
297.291667 298.291667   29.20 0.000  0.83 0.000 9.999 0.259  0.11 0.000 0.033 0.000  0.638 0.000  1.149 0.000   7.855 0.000   4.140 0.000  3.670 0.000 0.025 0.000  0.467 0.000
300.291667 301.291667   28.83 0.000  0.99 0.000 0.012 0.000  0.21 0.000 0.025 0.000  0.843 0.000  1.518 0.000  11.324 0.000   4.862 0.000  6.407 0.000 0.031 0.000  1.008 0.000
303.291667 304.291667   44.93 0.000  2.08 0.000 9.999 0.259  0.14 0.000 0.026 0.000  0.362 0.000  0.652 0.000   7.925 0.000   4.378 0.000  3.499 0.000 0.039 0.000  0.439 0.000
306.291667 307.291667   50.73 0.000  1.91 0.000 9.999 0.259 99.99 0.259 0.016 0.000  0.756 0.000  1.361 0.000  10.061 0.000   5.874 0.000  4.124 0.000 0.044 0.000  0.430 0.000
309.291667 310.291667   33.34 0.000  0.60 0.000 9.999 0.259  0.15 0.000 0.015 0.000  0.638 0.000  1.149 0.000   5.525 0.000   3.343 0.000  2.145 0.000 0.029 0.000  0.165 0.000
312.291667 313.291667   88.34 0.000  1.60 0.000 9.999 0.259  0.21 0.000 0.045 0.000  1.539 0.000  2.770 0.000  18.748 0.000  12.436 0.000  6.178 0.000 0.072 0.000  0.419 0.000
315.291667 316.291667   19.68 0.000  0.45 0.000 0.007 0.000 99.99 0.259 0.016 0.000  0.385 0.000  0.693 0.000   4.911 0.000   2.978 0.000  1.901 0.000 0.017 0.000  0.228 0.000
318.291667 319.291667   28.08 0.000  0.30 0.000 9.999 0.259 99.99 0.259 0.012 0.559  0.394 0.000  0.710 0.000   7.270 0.000   5.761 0.000  1.448 0.000 0.020 0.000  0.083 0.559
321.291667 322.291667   20.80 0.000  0.39 0.000 9.999 0.259 99.99 0.259 0.051 0.000  0.388 0.000  0.699 0.000   8.086 0.000   6.343 0.000  1.675 0.000 0.016 0.000  0.159 0.000
324.291667 325.291667   47.01 0.000  0.49 0.000 9.999 0.259 99.99 0.259 0.073 0.000  1.045 0.000  1.881 0.000  10.108 0.000   7.012 0.000  3.020 0.000 0.041 0.000  0.118 0.000
327.291667 328.291667   81.31 0.000  1.04 0.000 9.999 0.259 99.99 0.259 0.121 0.000  1.682 0.000  3.028 0.000  15.692 0.000   9.567 0.000  6.023 0.000 0.088 0.000  0.148 0.000
330.291667 331.291667   29.02 0.000  0.24 0.000 9.999 0.259 99.99 0.259 0.011 0.000  0.355 0.000  0.639 0.000  10.009 0.000   8.723 0.000  1.194 0.000 0.020 0.000  0.058 0.000
333.291667 334.291667   30.42 0.000  0.51 0.000 9.999 0.259 99.99 0.259 0.023 0.000  0.504 0.000  0.908 0.000   4.901 0.000   3.115 0.000  1.752 0.000 0.025 0.000  0.080 0.000
336.291667 337.291667   18.63 0.000  0.29 0.000 0.017 0.000 99.99 0.259 0.003 0.000  0.062 0.000  0.112 0.000   5.034 0.000   4.211 0.000  0.778 0.000 0.012 0.000  0.065 0.000
339.291667 340.291667   36.87 0.000  0.63 0.000 0.005 0.000 99.99 0.259 0.089 0.000  0.854 0.000  1.537 0.000   6.725 0.000   3.939 0.000  2.809 0.000 0.042 0.000  0.075 0.000
342.291667 343.291667   56.07 0.000  0.81 0.000 0.011 0.000 99.99 0.259 0.207 0.000  1.046 0.000  1.882 0.000  13.554 0.000   8.454 0.000  5.009 0.000 0.067 0.000  0.174 0.000
345.291667 346.291667  103.51 0.000  1.04 0.000 0.023 0.000 99.99 0.259 0.431 0.000  2.088 0.000  3.758 0.000  21.908 0.000  12.726 0.000  9.044 0.000 0.165 0.000  0.131 0.000
348.291667 349.291667 9999.99 0.999 99.99 0.999 9.999 0.999 99.99 0.999 9.999 0.999 99.999 0.999 99.999 0.999 999.999 0.999 999.999 0.999 99.999 0.999 9.999 0.999 99.999 0.999
351.291667 352.291667   37.78 0.000  1.13 0.000 9.999 0.259 99.99 0.259 0.064 0.000  0.915 0.000  1.647 0.000   7.827 0.000   4.963 0.000  2.810 0.000 0.050 0.000  0.134 0.000
354.291667 355.291667   35.35 0.000  0.77 0.000 9.999 0.259 99.99 0.259 0.079 0.000  0.846 0.000  1.523 0.000   9.633 0.000   7.161 0.000  2.396 0.000 0.054 0.000  0.075 0.000
357.291667 358.291667   30.85 0.000  1.07 0.000 0.012 0.000 99.99 0.259 0.023 0.000  0.454 0.000  0.817 0.000   6.940 0.000   5.222 0.000  1.661 0.000 0.031 0.000  0.068 0.000
360.291667 361.291667   22.89 0.000  0.32 0.000 9.999 0.259 99.99 0.259 0.012 0.000  0.098 0.000  0.177 0.000   5.521 0.000   4.501 0.000  0.973 0.000 0.018 0.000  0.048 0.000
363.291667 364.291667   38.87 0.000  0.80 0.000 0.010 0.000 99.99 0.259 0.013 0.000  0.508 0.000  0.914 0.000   6.448 0.000   4.736 0.000  1.661 0.000 0.031 0.000  0.053 0.000
