scripts/IMPROVE-2019_partial/data/US0072R.19920101070000.20191216000000.filterpack...1y.3d.US03L_filterpack_US0072.US03L_IMPROVE_Davis.lev2.nas
52 1001
MISSING INFORMATION
US03L, IMPROVE, , , , , , , 
MISSING INFORMATION
IMPROVE sel_HTAP
1 1
1992 01 01 2019 12 16
0
days from file reference point
5
1 1 1 1 1
999.999999 999.999 9.999 999.999 9.999999
end_time of measurement, days from the file reference point
pm10_mass, ug/m3, Matrix=pm10
numflag pm10_mass, no unit, Matrix=pm10
pm25_mass, ug/m3, Matrix=pm25
numflag pm25_mass, no unit, Matrix=pm25
0
33
Data definition:              EBAS_1.1
Set type code:                TI
Timezone:                     UTC
File name:                    US0072R.19920101070000.20191216000000.filterpack...1y.3d.US03L_filterpack_US0072.US03L_IMPROVE_Davis.lev2.nas
File creation:                20191218120020
Startdate:                    19920101070000
Revision date:                20191216000000
Version:                      2
Version description:          "Data extracted from http://views.cira.colostate.edu/fed/DataWizard 2019-12-16"
Statistics:                   arithmetic mean
Data level:                   2
Period code:                  1y
Resolution code:              3d
Sample duration:              1d
Orig. time res.:              3d
Station code:                 US0072R
Platform code:                US0072S
Station name:                 Badlands NP
Station latitude:             43.7435
Station longitude:            -101.9412
Station altitude:             736.0 m
Regime:                       IMG
Component:                    
Unit:                         ug/m3
Matrix:                       
Laboratory code:              US03L
Instrument type:              filterpack
Instrument name:              filterpack_US0072
Method ref:                   US03L_IMPROVE_Davis
Blank correction:             Blank corrected
Volume std. temperature:      ambient
Volume std. pressure:         ambient
starttime endtime PM10 flag_PM10 PM2.5 flag_PM2.5
  0.291667   1.291667  12.177 0.000   4.686 0.559000
  3.291667   4.291667   8.306 0.000   2.401 0.559000
  7.291667   8.291667 999.999 0.999 999.999 0.999000
 10.291667  11.291667   3.670 0.000   1.395 0.559000
 14.291667  15.291667   8.740 0.000 999.999 0.559259
 17.291667  18.291667  11.142 0.000   1.475 0.559000
 21.291667  22.291667  23.468 0.000   4.262 0.559000
 24.291667  25.291667   4.938 0.000   3.180 0.559000
 28.291667  29.291667   4.054 0.000   2.955 0.559000
 31.291667  32.291667   3.347 0.000   2.026 0.559000
 35.291667  36.291667  12.765 0.000   2.293 0.559000
 38.291667  39.291667   5.732 0.000   4.148 0.559000
 42.291667  43.291667  12.024 0.000   6.020 0.559000
 45.291667  46.291667   8.715 0.000   3.980 0.559000
 49.291667  50.291667   5.887 0.000   4.412 0.559000
 52.291667  53.291667  10.000 0.000   4.653 0.559000
 56.291667  57.291667  24.450 0.000   2.140 0.559000
 59.291667  60.291667   7.768 0.000   1.933 0.000000
 63.291667  64.291667   5.149 0.000   4.966 0.000000
 66.291667  67.291667   3.233 0.000   2.500 0.000000
 70.291667  71.291667   9.194 0.000   3.323 0.000000
 73.291667  74.291667   3.388 0.000   1.581 0.000000
 77.291667  78.291667  10.474 0.000   3.235 0.000000
 80.291667  81.291667   7.460 0.000   4.917 0.000000
 84.291667  85.291667  11.880 0.000   5.298 0.000000
 87.291667  88.291667  23.534 0.000   7.726 0.000000
 91.291667  92.291667  12.118 0.000   4.502 0.000000
 94.291667  95.291667  15.345 0.000   4.469 0.000000
 98.291667  99.291667   8.475 0.000   4.903 0.000000
101.291667 102.291667   9.188 0.000   7.240 0.000000
105.291667 106.291667  16.737 0.000  11.475 0.000000
108.291667 109.291667   3.563 0.000   1.429 0.000000
112.291667 113.291667   7.102 0.000   6.238 0.000000
115.291667 116.291667   7.769 0.000   5.434 0.000000
119.291667 120.291667  13.268 0.000   4.277 0.000000
122.291667 123.291667   9.323 0.000   2.843 0.000000
126.291667 127.291667  28.922 0.000   7.389 0.000000
129.291667 130.291667  26.163 0.000   8.280 0.000000
133.291667 134.291667   7.985 0.000   4.717 0.000000
136.291667 137.291667   7.064 0.000   3.464 0.000000
140.291667 141.291667  24.810 0.000   7.042 0.000000
143.291667 144.291667   5.927 0.000   2.968 0.000000
147.291667 148.291667   8.638 0.000   4.172 0.000000
150.291667 151.291667   9.431 0.000   4.295 0.000000
154.291667 155.291667  10.728 0.000   6.113 0.000000
157.291667 158.291667   5.833 0.000   2.414 0.000000
161.291667 162.291667  15.620 0.000   7.429 0.000000
164.291667 165.291667  30.211 0.000  20.412 0.000000
168.291667 169.291667  10.418 0.000   3.994 0.000000
171.291667 172.291667   6.693 0.000   4.601 0.000000
175.291667 176.291667   9.363 0.000   4.514 0.000000
178.291667 179.291667   8.485 0.000   4.196 0.000000
182.291667 183.291667   8.371 0.000   2.562 0.000000
185.291667 186.291667   8.697 0.000   3.208 0.000000
189.291667 190.291667   7.192 0.000   2.346 0.000000
192.291667 193.291667   7.757 0.000   4.907 0.000000
196.291667 197.291667   7.004 0.000   2.943 0.000000
199.291667 200.291667   9.019 0.000   4.985 0.000000
203.291667 204.291667   3.716 0.000   0.926 0.000000
206.291667 207.291667   6.163 0.000   3.230 0.000000
210.291667 211.291667   8.898 0.000   3.951 0.000000
213.291667 214.291667  11.494 0.000   3.969 0.000000
217.291667 218.291667   5.074 0.000   1.982 0.000000
220.291667 221.291667  13.902 0.000   5.793 0.000000
224.291667 225.291667  13.148 0.000   5.211 0.000000
227.291667 228.291667  13.826 0.000   7.061 0.000000
231.291667 232.291667   9.466 0.000   3.827 0.000000
234.291667 235.291667  24.440 0.000  10.807 0.000000
238.291667 239.291667   4.559 0.000   2.870 0.000000
241.291667 242.291667   8.235 0.000   2.901 0.000000
245.291667 246.291667  10.494 0.000   3.668 0.000000
248.291667 249.291667   6.379 0.000   3.209 0.000000
252.291667 253.291667   4.869 0.000   1.606 0.000000
255.291667 256.291667  20.659 0.000   6.067 0.000000
259.291667 260.291667 999.999 0.999 999.999 0.999000
262.291667 263.291667 999.999 0.999 999.999 0.999000
266.291667 267.291667  18.622 0.000   4.922 0.000000
269.291667 270.291667   3.226 0.000   1.199 0.000000
273.291667 274.291667  14.419 0.000   3.460 0.000000
276.291667 277.291667  29.761 0.000   9.711 0.000000
280.291667 281.291667   4.264 0.000   2.663 0.000000
283.291667 284.291667   6.977 0.000   3.832 0.000000
287.291667 288.291667  16.992 0.000   5.487 0.000000
290.291667 291.291667  13.148 0.000   5.844 0.000000
294.291667 295.291667  13.785 0.000   6.373 0.000000
297.291667 298.291667  14.758 0.000   5.779 0.000000
301.291667 302.291667   9.087 0.000   2.955 0.000000
304.291667 305.291667   5.485 0.000   4.082 0.000000
308.291667 309.291667   3.592 0.000   2.675 0.000000
311.291667 312.291667   7.149 0.000   4.359 0.000000
315.291667 316.291667   3.983 0.000   1.824 0.000000
318.291667 319.291667   6.527 0.000   3.453 0.000000
322.291667 323.291667  15.958 0.000   8.924 0.000000
325.291667 326.291667   4.298 0.000   2.564 0.000000
329.291667 330.291667   5.640 0.000   4.033 0.000000
332.291667 333.291667   4.344 0.000   3.564 0.000000
336.291667 337.291667   2.917 0.000   1.053 0.000000
339.291667 340.291667   4.199 0.000   2.270 0.000000
343.291667 344.291667   6.089 0.000   2.600 0.000000
346.291667 347.291667   7.373 0.000   3.960 0.000000
350.291667 351.291667   5.154 0.000   3.604 0.000000
353.291667 354.291667   5.815 0.000   3.377 0.000000
357.291667 358.291667   9.677 0.000   2.500 0.000000
360.291667 361.291667   6.557 0.000 999.999 0.999000
364.291667 365.291667 999.999 0.999   5.677 0.000000
