scripts/IMPROVE-2019_partial/data/US0057R.20070103050000.20191216000000.filterpack...1y.3d.US03L_filterpack_US0057.US03L_IMPROVE_Davis.lev2.nas
52 1001
MISSING INFORMATION
US03L, IMPROVE, , , , , , , 
MISSING INFORMATION
IMPROVE sel_HTAP
1 1
2007 01 01 2019 12 16
3.000000
days from file reference point
5
1 1 1 1 1
999.999999 999.999 9.999 999.999 9.999
end_time of measurement, days from the file reference point
pm10_mass, ug/m3, Matrix=pm10
numflag pm10_mass, no unit, Matrix=pm10
pm25_mass, ug/m3, Matrix=pm25
numflag pm25_mass, no unit, Matrix=pm25
0
33
Data definition:              EBAS_1.1
Set type code:                TU
Timezone:                     UTC
File name:                    US0057R.20070103050000.20191216000000.filterpack...1y.3d.US03L_filterpack_US0057.US03L_IMPROVE_Davis.lev2.nas
File creation:                20191218115859
Startdate:                    20070103050000
Revision date:                20191216000000
Version:                      2
Version description:          "Data extracted from http://views.cira.colostate.edu/fed/DataWizard 2019-12-16"
Statistics:                   arithmetic mean
Data level:                   2
Period code:                  1y
Resolution code:              3d
Sample duration:              1d
Orig. time res.:              3d
Station code:                 US0057R
Platform code:                US0057S
Station name:                 Linville Gorge
Station latitude:             35.9723
Station longitude:            -81.9331
Station altitude:             968.0 m
Regime:                       IMG
Component:                    
Unit:                         ug/m3
Matrix:                       
Laboratory code:              US03L
Instrument type:              filterpack
Instrument name:              filterpack_US0057
Method ref:                   US03L_IMPROVE_Davis
Blank correction:             Blank corrected
Volume std. temperature:      ambient
Volume std. pressure:         ambient
starttime endtime PM10 flag_PM10 PM2.5 flag_PM2.5
  2.208333   3.208333 999.999 0.999 999.999 0.999
  5.208333   6.208333   6.649 0.000   5.097 0.000
  8.208333   9.208333 999.999 0.999 999.999 0.999
 11.208333  12.208333 999.999 0.999 999.999 0.999
 14.208333  15.208333 999.999 0.999 999.999 0.999
 17.208333  18.208333 999.999 0.999 999.999 0.999
 20.208333  21.208333 999.999 0.999 999.999 0.999
 23.208333  24.208333 999.999 0.999 999.999 0.999
 26.208333  27.208333 999.999 0.999 999.999 0.999
 29.208333  30.208333   7.803 0.000   4.763 0.000
 32.208333  33.208333   5.609 0.000   5.063 0.000
 35.208333  36.208333   4.719 0.000   3.041 0.000
 38.208333  39.208333   4.838 0.000   2.996 0.000
 41.208333  42.208333   7.856 0.000   5.819 0.000
 44.208333  45.208333   6.536 0.000   5.494 0.000
 47.208333  48.208333   6.958 0.000   5.962 0.000
 50.208333  51.208333  11.601 0.000   8.978 0.000
 53.208333  54.208333   3.470 0.000   2.155 0.000
 56.208333  57.208333   4.458 0.000   3.324 0.000
 59.208333  60.208333 999.999 0.456   6.716 0.000
 62.208333  63.208333 999.999 0.456   4.759 0.000
 65.208333  66.208333   9.220 0.000   6.874 0.000
 68.208333  69.208333  18.647 0.000  15.727 0.000
 71.208333  72.208333  19.214 0.000  16.184 0.000
 74.208333  75.208333   4.173 0.000   3.692 0.000
 77.208333  78.208333   8.912 0.000   7.336 0.000
 80.208333  81.208333  16.881 0.000  14.193 0.000
 83.208333  84.208333 999.999 0.999 999.999 0.999
 86.208333  87.208333 999.999 0.999 999.999 0.999
 89.208333  90.208333 999.999 0.999 999.999 0.999
 92.208333  93.208333  12.312 0.000 999.999 0.456
 95.208333  96.208333   8.174 0.000   6.529 0.000
 98.208333  99.208333   8.978 0.000   7.114 0.000
101.208333 102.208333   6.715 0.000   4.678 0.000
104.208333 105.208333   4.171 0.000   3.404 0.000
107.208333 108.208333  10.623 0.000   7.450 0.000
110.208333 111.208333   9.007 0.000   7.395 0.000
113.208333 114.208333 999.999 0.999 999.999 0.999
116.208333 117.208333   9.248 0.000   5.883 0.000
119.208333 120.208333  11.573 0.000   7.175 0.000
122.208333 123.208333  14.578 0.000  11.990 0.000
125.208333 126.208333   9.870 0.000   6.156 0.000
128.208333 129.208333   6.398 0.000   3.846 0.000
131.208333 132.208333  21.826 0.000  18.013 0.000
134.208333 135.208333  19.551 0.000  15.316 0.000
137.208333 138.208333  12.405 0.000   8.503 0.000
140.208333 141.208333  11.845 0.000   8.408 0.000
143.208333 144.208333  20.162 0.000  12.113 0.000
146.208333 147.208333  19.157 0.000  14.852 0.000
149.208333 150.208333  17.021 0.000  12.599 0.000
152.208333 153.208333  21.017 0.000  15.993 0.000
155.208333 156.208333  11.618 0.000   7.891 0.000
158.208333 159.208333  13.491 0.000   8.499 0.000
161.208333 162.208333  40.184 0.000  36.402 0.000
164.208333 165.208333 999.999 0.456  17.409 0.000
167.208333 168.208333  23.738 0.000  19.607 0.000
170.208333 171.208333  14.108 0.000   7.754 0.000
173.208333 174.208333  16.596 0.000  14.143 0.000
176.208333 177.208333  25.260 0.000  20.472 0.000
179.208333 180.208333  24.746 0.000  18.549 0.000
182.208333 183.208333  20.572 0.000  17.890 0.000
185.208333 186.208333  21.671 0.000  17.187 0.000
188.208333 189.208333  21.790 0.000  19.500 0.000
191.208333 192.208333 999.999 0.999 999.999 0.999
194.208333 195.208333  13.123 0.000  10.520 0.000
197.208333 198.208333  14.612 0.000  11.395 0.000
200.208333 201.208333  13.335 0.000   9.722 0.000
203.208333 204.208333  16.247 0.000  12.057 0.000
206.208333 207.208333  13.297 0.000  10.240 0.000
209.208333 210.208333  13.408 0.000   9.809 0.000
212.208333 213.208333  23.563 0.000  18.631 0.000
215.208333 216.208333  31.510 0.000  27.951 0.000
218.208333 219.208333  23.362 0.000  20.840 0.000
221.208333 222.208333  20.727 0.000  15.731 0.000
224.208333 225.208333  22.930 0.000  19.941 0.000
227.208333 228.208333  23.766 0.000  19.625 0.000
230.208333 231.208333  27.601 0.000  24.299 0.000
233.208333 234.208333  14.242 0.000  11.361 0.000
236.208333 237.208333  15.775 0.000  12.146 0.000
239.208333 240.208333  24.883 0.000  20.651 0.000
242.208333 243.208333  31.905 0.000  27.719 0.000
245.208333 246.208333  28.097 0.000  24.056 0.000
248.208333 249.208333  25.007 0.000  20.621 0.000
251.208333 252.208333  21.166 0.000  18.319 0.000
254.208333 255.208333 999.999 0.999 999.999 0.999
257.208333 258.208333  12.026 0.000   8.393 0.000
260.208333 261.208333  13.529 0.000  11.317 0.000
263.208333 264.208333   7.086 0.000   5.576 0.000
266.208333 267.208333  20.105 0.000  16.237 0.000
269.208333 270.208333  24.909 0.000  21.979 0.000
272.208333 273.208333   6.990 0.000   5.010 0.000
275.208333 276.208333   8.971 0.000   5.501 0.000
278.208333 279.208333  11.095 0.000   6.912 0.000
281.208333 282.208333  16.743 0.000   9.807 0.000
284.208333 285.208333   7.481 0.000   5.619 0.000
287.208333 288.208333  12.433 0.000  10.179 0.000
290.208333 291.208333  10.743 0.000   8.873 0.000
293.208333 294.208333   5.844 0.000   4.076 0.000
296.208333 297.208333 999.999 0.999 999.999 0.999
299.208333 300.208333   7.125 0.000   4.764 0.000
302.208333 303.208333   6.054 0.000   4.179 0.000
305.208333 306.208333  10.396 0.000   7.701 0.000
308.208333 309.208333   7.797 0.000   4.153 0.000
311.208333 312.208333 999.999 0.999 999.999 0.999
314.208333 315.208333 999.999 0.999 999.999 0.999
317.208333 318.208333  10.740 0.000   8.635 0.000
320.208333 321.208333   6.612 0.000   5.386 0.000
323.208333 324.208333  10.395 0.000   7.646 0.659
326.208333 327.208333   5.713 0.000 999.999 0.999
329.208333 330.208333   2.324 0.000 999.999 0.999
332.208333 333.208333  10.130 0.000   8.259 0.000
335.208333 336.208333  10.172 0.000   7.149 0.000
338.208333 339.208333 999.999 0.999 999.999 0.999
341.208333 342.208333   8.938 0.000   8.163 0.000
344.208333 345.208333   7.632 0.000   6.417 0.000
347.208333 348.208333   2.909 0.000   1.956 0.000
350.208333 351.208333   3.027 0.000   2.458 0.000
353.208333 354.208333  10.938 0.000   9.441 0.000
356.208333 357.208333   1.714 0.000   1.058 0.000
359.208333 360.208333 999.999 0.999 999.999 0.999
362.208333 363.208333   5.269 0.000   3.484 0.000
