scripts/IMPROVE-2019_partial/data/US0096R.20120101070000.20191216000000.filterpack...52w.3d.US03L_filterpack_US0096.US03L_IMPROVE_Davis.lev2.nas
51 1001
MISSING INFORMATION
US03L, IMPROVE, , , , , , , 
MISSING INFORMATION
IMPROVE sel_HTAP
1 1
2012 01 01 2019 12 16
3.000000
days from file reference point
4
1 1 1 1
999.999999 999.999 999.999 9.999
end_time of measurement, days from the file reference point
pm10_mass, ug/m3, Matrix=pm10
pm25_mass, ug/m3, Matrix=pm25
numflag, no unit
0
33
Data definition:              EBAS_1.1
Set type code:                TU
Timezone:                     UTC
File name:                    US0096R.20120101070000.20191216000000.filterpack...52w.3d.US03L_filterpack_US0096.US03L_IMPROVE_Davis.lev2.nas
File creation:                20191218120155
Startdate:                    20120101070000
Revision date:                20191216000000
Version:                      2
Version description:          "Data extracted from http://views.cira.colostate.edu/fed/DataWizard 2019-12-16"
Statistics:                   arithmetic mean
Data level:                   2
Period code:                  52w
Resolution code:              3d
Sample duration:              1d
Orig. time res.:              3d
Station code:                 US0096R
Platform code:                US0096S
Station name:                 Queen Valley
Station latitude:             33.2939
Station longitude:            -111.2858
Station altitude:             661.0 m
Regime:                       IMG
Component:                    
Unit:                         ug/m3
Matrix:                       
Laboratory code:              US03L
Instrument type:              filterpack
Instrument name:              filterpack_US0096
Method ref:                   US03L_IMPROVE_Davis
Blank correction:             Blank corrected
Volume std. temperature:      ambient
Volume std. pressure:         ambient
starttime endtime PM10 PM2.5 flag
  0.291667   1.291667   5.329   1.428 0.000
  3.291667   4.291667   7.990   2.048 0.000
  6.291667   7.291667   7.300   2.806 0.000
  9.291667  10.291667   7.425   2.786 0.000
 12.291667  13.291667   3.628   1.209 0.000
 15.291667  16.291667   3.185   1.529 0.000
 18.291667  19.291667   7.462   8.756 0.000
 21.291667  22.291667  47.389  17.799 0.000
 24.291667  25.291667   5.870   1.704 0.000
 27.291667  28.291667   6.259   1.609 0.000
 30.291667  31.291667   7.000   2.977 0.000
 33.291667  34.291667   8.764   2.666 0.000
 36.291667  37.291667  16.073   4.666 0.000
 39.291667  40.291667  16.522   4.616 0.000
 42.291667  43.291667  15.714   3.479 0.000
 45.291667  46.291667   5.262   2.094 0.000
 48.291667  49.291667   6.977   2.629 0.000
 51.291667  52.291667   6.821   2.978 0.000
 54.291667  55.291667  11.466   3.277 0.000
 57.291667  58.291667  29.905   5.405 0.000
 60.291667  61.291667  11.998   3.871 0.000
 63.291667  64.291667   9.041   3.229 0.000
 66.291667  67.291667  41.801  11.648 0.000
 69.291667  70.291667  17.937   5.941 0.000
 72.291667  73.291667   9.884   3.454 0.000
 75.291667  76.291667  17.174   5.135 0.000
 78.291667  79.291667  10.142   3.172 0.000
 81.291667  82.291667   7.151   3.339 0.000
 84.291667  85.291667  10.138   3.697 0.000
 87.291667  88.291667  19.901   8.600 0.000
 90.291667  91.291667  15.326   5.126 0.000
 93.291667  94.291667  10.426   2.750 0.000
 96.291667  97.291667  20.212   9.115 0.000
 99.291667 100.291667  16.468   6.556 0.000
102.291667 103.291667  17.508   4.576 0.000
105.291667 106.291667  21.525   5.340 0.000
108.291667 109.291667  13.178   7.531 0.000
111.291667 112.291667  11.115   4.970 0.000
114.291667 115.291667  10.649   3.623 0.000
117.291667 118.291667  15.002   5.425 0.000
120.291667 121.291667  15.788   7.096 0.000
123.291667 124.291667  15.582   7.200 0.000
126.291667 127.291667  13.513   6.355 0.000
129.291667 130.291667  30.997   8.900 0.000
132.291667 133.291667  14.342   5.753 0.000
135.291667 136.291667  16.048   5.488 0.000
138.291667 139.291667  22.684   8.037 0.000
141.291667 142.291667  14.423   6.881 0.000
144.291667 145.291667  45.271  11.599 0.000
147.291667 148.291667  10.511   3.172 0.000
150.291667 151.291667  15.727   5.128 0.000
153.291667 154.291667  29.619  11.435 0.000
156.291667 157.291667  15.835   4.886 0.000
159.291667 160.291667  16.525   5.223 0.000
162.291667 163.291667  13.936   5.359 0.000
165.291667 166.291667  21.249   5.784 0.000
168.291667 169.291667  13.773   5.923 0.000
171.291667 172.291667  46.875  16.568 0.000
174.291667 175.291667  22.280   7.116 0.000
177.291667 178.291667  20.954   6.173 0.000
180.291667 181.291667  21.026   7.734 0.000
183.291667 184.291667  26.116   7.937 0.000
186.291667 187.291667  17.290   6.906 0.000
189.291667 190.291667   7.907   2.923 0.000
192.291667 193.291667   7.796   3.100 0.000
195.291667 196.291667  11.733   4.424 0.000
198.291667 199.291667  11.386   4.825 0.000
201.291667 202.291667  14.110   4.933 0.000
204.291667 205.291667   6.175   3.345 0.000
207.291667 208.291667  17.297   4.647 0.000
210.291667 211.291667   7.928   4.043 0.000
213.291667 214.291667  10.671   4.556 0.000
216.291667 217.291667  12.120   5.520 0.000
219.291667 220.291667  18.424   6.191 0.000
222.291667 223.291667  15.328   6.354 0.000
225.291667 226.291667  26.897  10.645 0.000
228.291667 229.291667  20.841   6.827 0.000
231.291667 232.291667   9.551   4.407 0.000
234.291667 235.291667   6.576   3.634 0.000
237.291667 238.291667   8.758   4.271 0.000
240.291667 241.291667  11.247   5.350 0.000
243.291667 244.291667  20.030   6.279 0.000
246.291667 247.291667  44.834   9.908 0.000
249.291667 250.291667  19.361   6.184 0.000
252.291667 253.291667  42.933   8.104 0.000
255.291667 256.291667   6.365   3.602 0.000
258.291667 259.291667  10.954   5.227 0.000
261.291667 262.291667  13.458   4.796 0.000
264.291667 265.291667  10.900   4.472 0.000
267.291667 268.291667  17.536   5.412 0.000
270.291667 271.291667  15.155   5.716 0.000
273.291667 274.291667  12.189   4.936 0.000
276.291667 277.291667  13.031   5.554 0.000
279.291667 280.291667  14.436   4.146 0.000
282.291667 283.291667  15.019   4.913 0.000
285.291667 286.291667  11.367   2.837 0.000
288.291667 289.291667   8.776   2.530 0.000
291.291667 292.291667  17.177   4.226 0.000
294.291667 295.291667   9.761   2.998 0.000
297.291667 298.291667  12.167   4.640 0.000
300.291667 301.291667  23.843   4.901 0.000
303.291667 304.291667  13.689   5.045 0.000
306.291667 307.291667  19.573   6.796 0.000
309.291667 310.291667  12.050   3.456 0.000
312.291667 313.291667  19.139   5.399 0.000
315.291667 316.291667   6.955   2.536 0.000
318.291667 319.291667  10.202   3.174 0.000
321.291667 322.291667  18.323   5.467 0.000
324.291667 325.291667   4.550   2.139 0.000
327.291667 328.291667  13.818   3.297 0.000
330.291667 331.291667  15.697   6.093 0.000
333.291667 334.291667  18.037   6.288 0.000
336.291667 337.291667  12.614   4.742 0.000
339.291667 340.291667  12.031   3.201 0.000
342.291667 343.291667  11.183   3.490 0.000
345.291667 346.291667   9.986   2.655 0.000
348.291667 349.291667   2.094   1.077 0.000
351.291667 352.291667 999.999 999.999 0.999
354.291667 355.291667   3.396   1.101 0.000
357.291667 358.291667   8.138   4.438 0.000
360.291667 361.291667   5.244   1.710 0.000
363.291667 364.291667   6.148   1.425 0.000
