scripts/IMPROVE-2019_partial/data/US0025R.20120101080000.20191216000000.filterpack...52w.3d.US03L_filterpack_US0025.US03L_IMPROVE_Davis.lev2.nas
51 1001
MISSING INFORMATION
US03L, IMPROVE, , , , , , , 
MISSING INFORMATION
IMPROVE sel_HTAP
1 1
2012 01 01 2019 12 16
3.000000
days from file reference point
4
1 1 1 1
999.999999 999.999 999.999 9.999
end_time of measurement, days from the file reference point
pm10_mass, ug/m3, Matrix=pm10
pm25_mass, ug/m3, Matrix=pm25
numflag, no unit
0
33
Data definition:              EBAS_1.1
Set type code:                TU
Timezone:                     UTC
File name:                    US0025R.20120101080000.20191216000000.filterpack...52w.3d.US03L_filterpack_US0025.US03L_IMPROVE_Davis.lev2.nas
File creation:                20191218115707
Startdate:                    20120101080000
Revision date:                20191216000000
Version:                      2
Version description:          "Data extracted from http://views.cira.colostate.edu/fed/DataWizard 2019-12-16"
Statistics:                   arithmetic mean
Data level:                   2
Period code:                  52w
Resolution code:              3d
Sample duration:              1d
Orig. time res.:              3d
Station code:                 US0025R
Platform code:                US0025S
Station name:                 Agua Tibia
Station latitude:             33.4636
Station longitude:            -116.9706
Station altitude:             507.0 m
Regime:                       IMG
Component:                    
Unit:                         ug/m3
Matrix:                       
Laboratory code:              US03L
Instrument type:              filterpack
Instrument name:              filterpack_US0025
Method ref:                   US03L_IMPROVE_Davis
Blank correction:             Blank corrected
Volume std. temperature:      ambient
Volume std. pressure:         ambient
starttime endtime PM10 PM2.5 flag
  0.333333   1.333333 999.999 999.999 0.999
  3.333333   4.333333 999.999 999.999 0.999
  6.333333   7.333333 999.999 999.999 0.999
  9.333333  10.333333   6.114   1.851 0.000
 12.333333  13.333333   2.877   0.855 0.000
 15.333333  16.333333   6.778   2.728 0.000
 18.333333  19.333333   7.064   3.716 0.000
 21.333333  22.333333   8.709   4.335 0.000
 24.333333  25.333333   2.717   1.102 0.000
 27.333333  28.333333   3.398   0.946 0.000
 30.333333  31.333333   8.015   3.792 0.000
 33.333333  34.333333   4.646   1.199 0.000
 36.333333  37.333333   5.209   2.387 0.000
 39.333333  40.333333 999.999 999.999 0.456
 42.333333  43.333333 999.999 999.999 0.456
 45.333333  46.333333   4.177   1.872 0.000
 48.333333  49.333333   7.736   3.891 0.000
 51.333333  52.333333   6.655   2.896 0.000
 54.333333  55.333333  10.175   3.138 0.000
 57.333333  58.333333   8.733   4.162 0.000
 60.333333  61.333333   6.906   2.808 0.000
 63.333333  64.333333   6.886   2.564 0.000
 66.333333  67.333333  24.367   5.008 0.000
 69.333333  70.333333  13.361   5.271 0.000
 72.333333  73.333333   8.508   4.128 0.000
 75.333333  76.333333   4.970   2.469 0.000
 78.333333  79.333333   5.553   2.249 0.000
 81.333333  82.333333  10.413   5.456 0.000
 84.333333  85.333333   5.981   2.514 0.000
 87.333333  88.333333 999.999 999.999 0.999
 90.333333  91.333333   8.227   4.779 0.000
 93.333333  94.333333 999.999 999.999 0.456
 96.333333  97.333333 999.999 999.999 0.999
 99.333333 100.333333 999.999 999.999 0.999
102.333333 103.333333 999.999 999.999 0.999
105.333333 106.333333 999.999 999.999 0.999
108.333333 109.333333 999.999 999.999 0.999
111.333333 112.333333 999.999 999.999 0.999
114.333333 115.333333 999.999 999.999 0.456
117.333333 118.333333   8.293   3.355 0.000
120.333333 121.333333  11.497   6.215 0.000
123.333333 124.333333  10.789   4.595 0.000
126.333333 127.333333  18.974   8.920 0.000
129.333333 130.333333 999.999 999.999 0.999
132.333333 133.333333  23.028  10.770 0.000
135.333333 136.333333  13.725   6.410 0.000
138.333333 139.333333  23.798  11.204 0.000
141.333333 142.333333  22.135   9.334 0.000
144.333333 145.333333  29.147  10.503 0.000
147.333333 148.333333  15.910   6.231 0.000
150.333333 151.333333  16.377   6.540 0.000
153.333333 154.333333  15.708   7.310 0.000
156.333333 157.333333  10.792   4.254 0.000
159.333333 160.333333  28.741  11.690 0.000
162.333333 163.333333  25.952  10.885 0.000
165.333333 166.333333  14.604   6.010 0.000
168.333333 169.333333  15.329   5.942 0.000
171.333333 172.333333 999.999 999.999 0.999
174.333333 175.333333  12.697   5.335 0.000
177.333333 178.333333  12.226   4.345 0.000
180.333333 181.333333  14.583   4.429 0.000
183.333333 184.333333  14.294   5.561 0.000
186.333333 187.333333  13.270   5.652 0.000
189.333333 190.333333   7.307   3.052 0.000
192.333333 193.333333  22.029   8.562 0.000
195.333333 196.333333  16.891   8.780 0.000
198.333333 199.333333  11.178   4.847 0.000
201.333333 202.333333  15.113   5.386 0.000
204.333333 205.333333  18.176   7.189 0.000
207.333333 208.333333 999.999 999.999 0.456
210.333333 211.333333 999.999 999.999 0.456
213.333333 214.333333 999.999 999.999 0.456
216.333333 217.333333 999.999 999.999 0.456
219.333333 220.333333 999.999 999.999 0.456
222.333333 223.333333 999.999 999.999 0.456
225.333333 226.333333 999.999 999.999 0.456
228.333333 229.333333  20.177   8.890 0.000
231.333333 232.333333  15.376   6.278 0.000
234.333333 235.333333 999.999 999.999 0.999
237.333333 238.333333   8.839   4.160 0.000
240.333333 241.333333  14.878   5.502 0.000
243.333333 244.333333  13.572   5.212 0.000
246.333333 247.333333  13.517   4.739 0.000
249.333333 250.333333  14.568   4.928 0.000
252.333333 253.333333  18.721   7.320 0.000
255.333333 256.333333  16.395   8.429 0.000
258.333333 259.333333   7.797   4.444 0.000
261.333333 262.333333  18.653   6.109 0.000
264.333333 265.333333  33.565   6.444 0.000
267.333333 268.333333  17.096   5.473 0.000
270.333333 271.333333  24.513   7.927 0.000
273.333333 274.333333  12.127   4.814 0.000
276.333333 277.333333  14.021   4.212 0.000
279.333333 280.333333  19.823   7.823 0.000
282.333333 283.333333  14.242   4.920 0.000
285.333333 286.333333   8.306   2.394 0.000
288.333333 289.333333   7.008   2.659 0.000
291.333333 292.333333  11.810   4.046 0.000
294.333333 295.333333   3.742   1.666 0.000
297.333333 298.333333   9.835   3.003 0.000
300.333333 301.333333   7.588   1.762 0.000
303.333333 304.333333  13.364   4.800 0.000
306.333333 307.333333  17.330   7.003 0.000
309.333333 310.333333   8.081   2.256 0.000
312.333333 313.333333   8.267   3.856 0.000
315.333333 316.333333   5.461   2.018 0.000
318.333333 319.333333 999.999 999.999 0.999
321.333333 322.333333   4.624   2.599 0.000
324.333333 325.333333   8.916   3.112 0.000
327.333333 328.333333   7.409   2.233 0.000
330.333333 331.333333   9.049   4.250 0.000
333.333333 334.333333   8.087   3.856 0.000
336.333333 337.333333   3.925   1.899 0.000
339.333333 340.333333   9.248   2.319 0.000
342.333333 343.333333   9.083   2.938 0.000
345.333333 346.333333  12.871   2.696 0.000
348.333333 349.333333  13.161   1.593 0.000
351.333333 352.333333   5.054   0.824 0.000
354.333333 355.333333   2.673   0.819 0.000
357.333333 358.333333   5.251   2.496 0.000
360.333333 361.333333 999.999 999.999 0.999
363.333333 364.333333   3.620   2.044 0.000
