scripts/IMPROVE-2019_partial/data/US0060R.20050101050000.20191216000000.filterpack..pm25.52w.1w.US03L_filterpack_US0060.US03L_IMPROVE_Davis.lev2.nas
66 1001
MISSING INFORMATION
US03L, IMPROVE, , , , , , , 
MISSING INFORMATION
IMPROVE sel_HTAP
1 1
2005 01 01 2019 12 16
3.000000
days from file reference point
27
1 1 1 1 1 1 1 1 1 1 1 1 1 1 1 1 1 1 1 1 1 1 1 1 1 1 1
999.999999 999.99 9.999 99.99 9.999 9.999 9.999999 99.99 9.999 9.999 9.999 99.999 9.999 999.999 9.999 99.99 9.999999 999.999 9.999 99.999 9.999 999.999 9.999 9.999 9.999 99.999 9.999
end_time of measurement, days from the file reference point
iron, ng/m3, Revision date=20181210133000
numflag iron, no unit, Revision date=20181210133000
lead, ng/m3, Revision date=20181210133000
numflag lead, no unit, Revision date=20181210133000
magnesium, ug/m3, Revision date=20181210133000
numflag magnesium, no unit, Revision date=20181210133000
nickel, ng/m3, Revision date=20181210133000
numflag nickel, no unit, Revision date=20181210133000
nitrate, ug N/m3, Revision date=20181210133000
numflag nitrate, no unit, Revision date=20181210133000
organic_carbon, ug C/m3, Revision date=20181210133000
numflag organic_carbon, no unit, Revision date=20181210133000
organic_mass, ug/m3, Revision date=20181210133000
numflag organic_mass, no unit, Revision date=20181210133000
phosphorus, ng/m3, Revision date=20181210133000
numflag phosphorus, no unit, Revision date=20181210133000
pm10_mass, ug/m3, Version=2, Version description=Data extracted from http://views.cira.colostate.edu/fed/DataWizard 2019-12-16, Sample duration=1d, Orig. time res.=3d, Matrix=pm10, Blank correction=Blank corrected, Volume std. temperature=ambient, Volume std. pressure=ambient
numflag pm10_mass, no unit, Version=2, Version description=Data extracted from http://views.cira.colostate.edu/fed/DataWizard 2019-12-16, Sample duration=1d, Orig. time res.=3d, Matrix=pm10, Blank correction=Blank corrected, Volume std. temperature=ambient, Volume std. pressure=ambient
pm10_pm25_mass, ug/m3, Revision date=20181210133000, Matrix=pm10_pm25
numflag pm10_pm25_mass, no unit, Revision date=20181210133000, Matrix=pm10_pm25
pm25_mass, ug/m3, Version=2, Version description=Data extracted from http://views.cira.colostate.edu/fed/DataWizard 2019-12-16, Sample duration=1d, Orig. time res.=3d, Blank correction=Blank corrected, Volume std. temperature=ambient, Volume std. pressure=ambient
numflag pm25_mass, no unit, Version=2, Version description=Data extracted from http://views.cira.colostate.edu/fed/DataWizard 2019-12-16, Sample duration=1d, Orig. time res.=3d, Blank correction=Blank corrected, Volume std. temperature=ambient, Volume std. pressure=ambient
potassium, ug/m3, Revision date=20181210133000
numflag potassium, no unit, Revision date=20181210133000
sulphate_total, ug S/m3, Revision date=20181210133000
numflag sulphate_total, no unit, Revision date=20181210133000
0
25
Data definition:              EBAS_1.1
Set type code:                TU
Timezone:                     UTC
File name:                    US0060R.20050101050000.20191216000000.filterpack..pm25.52w.1w.US03L_filterpack_US0060.US03L_IMPROVE_Davis.lev2.nas
File creation:                20191218115913
Startdate:                    20050101050000
Revision date:                20191216000000
Statistics:                   arithmetic mean
Data level:                   2
Period code:                  52w
Resolution code:              1w
Station code:                 US0060R
Platform code:                US0060S
Station name:                 Great Gulf Wilderness
Station latitude:             44.3082
Station longitude:            -71.2177
Station altitude:             453.0 m
Regime:                       IMG
Component:                    
Matrix:                       pm25
Laboratory code:              US03L
Instrument type:              filterpack
Instrument name:              filterpack_US0060
Method ref:                   US03L_IMPROVE_Davis
starttime endtime Fe flag_Fe Pb flag_Pb Mg++ flag_Mg++ Ni flag_Ni NO3- flag_NO3- OC flag_OC OM flag_OM P flag_P PM10 flag_PM10 PM10-PM2.5 flag_PM10-PM2.5 PM2.5 flag_PM2.5 K+ flag_K+ SO4-- flag_SO4--
[from data line 83]
249.208333 250.208333  11.19 0.000  1.99 0.000 9.999 0.259000  0.26 0.000 0.012 0.000  1.081 0.000   1.945 0.000 99.99 0.259000  13.396 0.000  5.556 0.000   7.838 0.000 0.021 0.000  1.143 0.000
252.208333 253.208333   7.80 0.000  0.87 0.000 9.999 0.259000  0.14 0.000 0.007 0.000  0.528 0.000   0.950 0.000 99.99 0.259000   4.648 0.000  3.092 0.000   1.556 0.000 0.013 0.000  0.093 0.000
255.208333 256.208333  33.54 0.000  2.28 0.000 9.999 0.259000  0.36 0.000 0.025 0.000  1.860 0.000   3.347 0.000 99.99 0.259000  19.899 0.000  4.913 0.000  14.984 0.000 0.041 0.000  2.087 0.000
258.208333 259.208333 999.99 0.999 99.99 0.999 9.999 0.999000 99.99 0.999 9.999 0.999 99.999 0.999 999.999 0.999 99.99 0.999000 999.999 0.999 99.999 0.999 999.999 0.999 9.999 0.999 99.999 0.999
261.208333 262.208333 999.99 0.999 99.99 0.999 9.999 0.999000 99.99 0.999 9.999 0.999 99.999 0.999 999.999 0.999 99.99 0.999000 999.999 0.999 99.999 0.999 999.999 0.999 9.999 0.999 99.999 0.999
264.208333 265.208333 999.99 0.999 99.99 0.999 9.999 0.999000 99.99 0.999 9.999 0.999 99.999 0.999 999.999 0.999 99.99 0.999000 999.999 0.999 99.999 0.999 999.999 0.999 9.999 0.999 99.999 0.999
267.208333 268.208333 999.99 0.999 99.99 0.999 9.999 0.999000 99.99 0.999 9.999 0.999 99.999 0.999 999.999 0.999 99.99 0.999000 999.999 0.999 99.999 0.999 999.999 0.999 9.999 0.999 99.999 0.999
270.208333 271.208333   8.88 0.000  1.87 0.000 9.999 0.259000  0.19 0.000 0.014 0.000  0.817 0.000   1.470 0.000 99.99 0.259000   6.500 0.000  3.427 0.000   3.077 0.000 0.016 0.000  0.079 0.000
273.208333 274.208333   8.16 0.000  0.86 0.000 9.999 0.259000  0.37 0.000 9.999 0.999  0.806 0.000   1.450 0.000 99.99 0.259000   5.788 0.000  2.639 0.000   3.103 0.000 0.016 0.000 99.999 0.999
276.208333 277.208333  25.63 0.000  2.11 0.000 9.999 0.259000  1.30 0.000 9.999 0.999  0.452 0.000   0.814 0.000 99.99 0.259000  16.028 0.000  5.894 0.000  10.103 0.000 0.040 0.000 99.999 0.999
279.208333 280.208333  14.03 0.000  0.71 0.000 9.999 0.259000  1.99 0.000 9.999 0.999  0.781 0.000   1.406 0.000 99.99 0.259000  11.307 0.000  4.085 0.000   7.136 0.000 0.022 0.000 99.999 0.999
282.208333 283.208333   2.26 0.000 99.99 0.259 9.999 0.259000  1.13 0.000 9.999 0.999 99.999 0.999 999.999 0.999 99.99 0.259000   3.478 0.000  2.231 0.000   1.215 0.000 0.012 0.000 99.999 0.999
285.208333 286.208333   2.71 0.000  0.30 0.000 0.037 0.000000  0.31 0.000 0.046 0.000  0.710 0.000   1.279 0.000 99.99 0.259000   8.719 0.000  5.810 0.000   2.829 0.000 0.020 0.000  0.226 0.000
288.208333 289.208333   0.49 0.000  0.24 0.000 9.999 0.259000 99.99 0.259 9.999 0.259 99.999 0.999 999.999 0.999 99.99 0.259000   0.537 0.000  0.291 0.000   0.241 0.000 0.003 0.000  0.022 0.000
291.208333 292.208333   4.82 0.000  0.69 0.000 9.999 0.259000  0.18 0.000 9.999 0.999  0.358 0.559   0.645 0.559 99.99 0.259000   3.311 0.000  1.531 0.000   1.791 0.000 0.010 0.000 99.999 0.999
294.208333 295.208333   7.28 0.000  0.68 0.000 9.999 0.259000  0.71 0.000 9.999 0.999  0.459 0.559   0.826 0.559 99.99 0.259000   2.614 0.000  0.811 0.000   1.783 0.000 0.016 0.000 99.999 0.999
297.208333 298.208333   1.04 0.000  0.25 0.000 9.999 0.259000  0.24 0.000 9.999 0.999 99.999 0.259 999.999 0.259 99.99 0.259000 999.999 0.456 99.999 0.999   0.211 0.000 0.005 0.000 99.999 0.999
300.208333 301.208333   8.09 0.000  0.80 0.000 9.999 0.259000  0.30 0.000 0.018 0.000  0.401 0.000   0.722 0.000 99.99 0.259000   3.731 0.000  0.941 0.000   2.790 0.000 0.009 0.000  0.444 0.000
303.208333 304.208333  22.76 0.000  2.69 0.000 9.999 0.259000  0.32 0.000 0.043 0.000  1.135 0.000   2.043 0.000 99.99 0.259000   8.395 0.000  1.787 0.000   6.607 0.000 0.038 0.000  0.882 0.000
306.208333 307.208333  24.07 0.000  2.15 0.000 9.999 0.259000  0.33 0.000 0.119 0.000  0.843 0.000   1.518 0.000 99.99 0.259000   8.831 0.000  4.180 0.000   4.578 0.000 0.037 0.000  0.541 0.000
309.208333 310.208333  13.36 0.000  2.18 0.000 0.012 0.000000  0.96 0.000 0.045 0.000  1.523 0.000   2.741 0.000 99.99 0.259000   9.930 0.000  1.435 0.000   8.431 0.000 0.043 0.000  1.131 0.000
312.208333 313.208333   3.31 0.000  0.23 0.000 9.999 0.259000 99.99 0.259 0.011 0.000  0.183 0.000   0.330 0.000 99.99 0.259000   1.244 0.000  0.540 0.000   0.705 0.000 0.005 0.000  0.055 0.000
315.208333 316.208333   4.12 0.000  0.68 0.000 0.008 0.000000 99.99 0.259 0.021 0.000  0.294 0.000   0.530 0.000 99.99 0.259000   2.198 0.000  0.557 0.000   1.625 0.659 0.010 0.000  0.193 0.000
318.208333 319.208333   3.87 0.000  0.33 0.000 9.999 0.259000  0.65 0.000 0.009 0.000  0.087 0.000   0.156 0.000 99.99 0.259000   1.426 0.000  0.538 0.000   0.887 0.000 0.006 0.000  0.084 0.000
321.208333 322.208333   3.91 0.000  0.70 0.000 9.999 0.259000 99.99 0.259 0.014 0.000  0.423 0.000   0.762 0.000 99.99 0.259000   2.109 0.000  0.903 0.000   1.189 0.659 0.011 0.000  0.167 0.000
324.208333 325.208333  24.60 0.000  2.22 0.000 9.999 0.259000  0.26 0.000 0.083 0.000  1.316 0.000   2.369 0.000 99.99 0.259000  10.439 0.000  3.919 0.000   6.440 0.000 0.042 0.000  0.717 0.000
327.208333 328.208333   2.82 0.000  0.48 0.000 9.999 0.259000  0.74 0.000 0.027 0.000  0.300 0.000   0.541 0.000 99.99 0.259000   2.092 0.000  0.611 0.000   1.466 0.000 0.016 0.000  0.213 0.000
330.208333 331.208333  11.63 0.559  2.82 0.559 9.999 0.559259  1.33 0.559 0.057 0.000  1.126 0.000   2.026 0.000 99.99 0.559259   7.186 0.000  0.905 0.559   6.235 0.659 0.054 0.559  0.874 0.000
333.208333 334.208333   3.46 0.000  0.32 0.000 9.999 0.259000 99.99 0.259 0.011 0.000  0.295 0.000   0.530 0.000 99.99 0.259000   2.820 0.000  0.989 0.000   1.810 0.000 0.007 0.000  0.295 0.000
336.208333 337.208333   1.10 0.000  0.51 0.000 0.006 0.000000 99.99 0.259 0.011 0.000  0.136 0.000   0.245 0.000 99.99 0.259000   1.786 0.000  1.041 0.000   0.730 0.000 0.004 0.000  0.109 0.000
339.208333 340.208333   5.59 0.000  0.80 0.000 9.999 0.259000  0.39 0.000 0.073 0.000  0.497 0.000   0.894 0.000 99.99 0.259000   4.330 0.000  0.917 0.000   3.397 0.000 0.023 0.000  0.500 0.000
342.208333 343.208333   9.59 0.000  1.30 0.000 0.008 0.000000  1.61 0.000 0.064 0.000  0.667 0.000   1.200 0.000 99.99 0.259000   3.661 0.000  0.782 0.000   2.852 0.000 0.030 0.000  0.359 0.000
345.208333 346.208333  13.08 0.000  1.70 0.000 9.999 0.259000  0.48 0.000 0.132 0.000  1.031 0.000   1.857 0.000 99.99 0.259000   7.015 0.000  0.640 0.000   6.332 0.000 0.032 0.000  0.920 0.000
348.208333 349.208333   9.05 0.559  1.52 0.559 9.999 0.559259  0.28 0.559 0.048 0.000  0.415 0.000   0.746 0.000 99.99 0.559259   3.653 0.000  1.587 0.559   2.037 0.659 0.024 0.559  0.223 0.000
351.208333 352.208333  10.79 0.000  0.72 0.000 0.017 0.000000  0.26 0.000 0.025 0.000  0.637 0.000   1.147 0.000 99.99 0.259000   6.523 0.000  0.936 0.000   5.545 0.659 0.015 0.000  1.140 0.000
354.208333 355.208333  11.01 0.559  1.23 0.559 0.017 0.559000  0.39 0.559 0.021 0.000  0.518 0.000   0.933 0.000 99.99 0.559259   7.030 0.000  3.928 0.559   3.120 0.659 0.033 0.559  0.186 0.000
357.208333 358.208333  15.20 0.000  2.42 0.000 9.999 0.259000  0.39 0.000 0.121 0.000  1.472 0.000   2.650 0.000 99.99 0.259000   9.596 0.000  0.961 0.000   8.575 0.000 0.043 0.000  1.239 0.000
360.208333 361.208333   2.78 0.000  0.46 0.000 9.999 0.259000  0.23 0.000 0.192 0.000  0.179 0.000   0.321 0.000 99.99 0.259000   1.644 0.000  0.316 0.000   1.322 0.000 0.011 0.000  0.227 0.000
363.208333 364.208333   3.49 0.000  0.44 0.000 9.999 0.259000  0.40 0.000 0.028 0.000  0.292 0.000   0.526 0.000 99.99 0.259000   1.826 0.000  0.199 0.000   1.616 0.000 0.009 0.000  0.227 0.000
