scripts/IMPROVE-2019_partial/data/US0092U.20100102070000.20191216000000.filterpack...52w.3d.US03L_filterpack_US0092.US03L_IMPROVE_Davis.lev2.nas
51 1001
MISSING INFORMATION
US03L, IMPROVE, , , , , , , 
MISSING INFORMATION
IMPROVE sel_HTAP
1 1
2010 01 01 2019 12 16
3.000000
days from file reference point
4
1 1 1 1
999.999999 999.999 999.999 9.999
end_time of measurement, days from the file reference point
pm10_mass, ug/m3, Matrix=pm10
pm25_mass, ug/m3, Matrix=pm25
numflag, no unit
0
33
Data definition:              EBAS_1.1
Set type code:                TU
Timezone:                     UTC
File name:                    US0092U.20100102070000.20191216000000.filterpack...52w.3d.US03L_filterpack_US0092.US03L_IMPROVE_Davis.lev2.nas
File creation:                20191218120139
Startdate:                    20100102070000
Revision date:                20191216000000
Version:                      2
Version description:          "Data extracted from http://views.cira.colostate.edu/fed/DataWizard 2019-12-16"
Statistics:                   arithmetic mean
Data level:                   2
Period code:                  52w
Resolution code:              3d
Sample duration:              1d
Orig. time res.:              3d
Station code:                 US0092U
Platform code:                US0092S
Station name:                 Phoenix
Station latitude:             33.5038
Station longitude:            -112.0958
Station altitude:             342.0 m
Regime:                       IMG
Component:                    
Unit:                         ug/m3
Matrix:                       
Laboratory code:              US03L
Instrument type:              filterpack
Instrument name:              filterpack_US0092
Method ref:                   US03L_IMPROVE_Davis
Blank correction:             Blank corrected
Volume std. temperature:      ambient
Volume std. pressure:         ambient
starttime endtime PM10 PM2.5 flag
  1.291667   2.291667  32.903  16.626 0.000
  4.291667   5.291667  28.873  10.021 0.000
  7.291667   8.291667  25.417   9.062 0.000
 10.291667  11.291667  26.202  10.033 0.000
 13.291667  14.291667  13.031   5.621 0.000
 16.291667  17.291667  26.945  12.963 0.000
 19.291667  20.291667   9.219   3.675 0.000
 22.291667  23.291667   8.629   5.600 0.000
 25.291667  26.291667  18.791   9.300 0.000
 28.291667  29.291667  20.144   6.123 0.000
 31.291667  32.291667  20.393  10.017 0.000
 34.291667  35.291667  15.268   5.983 0.000
 37.291667  38.291667   4.673   2.683 0.000
 40.291667  41.291667  12.264   5.947 0.000
 43.291667  44.291667  18.177  10.934 0.000
 46.291667  47.291667  17.168   6.122 0.000
 49.291667  50.291667  22.466   5.498 0.000
 52.291667  53.291667   6.939   3.053 0.000
 55.291667  56.291667  12.767   4.596 0.000
 58.291667  59.291667   3.332   1.976 0.000
 61.291667  62.291667  12.283   5.627 0.000
 64.291667  65.291667  18.325   6.250 0.000
 67.291667  68.291667   8.834   3.231 0.000
 70.291667  71.291667  15.524   6.740 0.000
 73.291667  74.291667  11.427   4.042 0.000
 76.291667  77.291667  19.337   6.159 0.000
 79.291667  80.291667  20.579   8.478 0.000
 82.291667  83.291667  15.036   6.092 0.000
 85.291667  86.291667  12.406   3.452 0.000
 88.291667  89.291667  21.284   7.238 0.000
 91.291667  92.291667  15.635   4.852 0.000
 94.291667  95.291667  24.122   7.214 0.000
 97.291667  98.291667  19.044   5.404 0.000
100.291667 101.291667  14.467   4.274 0.000
103.291667 104.291667  26.215   8.140 0.000
106.291667 107.291667  25.655   8.856 0.000
109.291667 110.291667  17.274   5.436 0.000
112.291667 113.291667  12.860   2.748 0.000
115.291667 116.291667  19.687   6.830 0.000
118.291667 119.291667  24.047   5.776 0.000
121.291667 122.291667  15.980   3.305 0.000
124.291667 125.291667  22.804   6.755 0.000
127.291667 128.291667  22.278   6.822 0.000
130.291667 131.291667  19.877   4.956 0.000
133.291667 134.291667  20.815   6.372 0.000
136.291667 137.291667  17.892   5.827 0.000
139.291667 140.291667  17.027   6.321 0.000
142.291667 143.291667  29.307   6.628 0.000
145.291667 146.291667  27.491   7.610 0.000
148.291667 149.291667  14.732   4.036 0.000
151.291667 152.291667  11.638   3.108 0.000
154.291667 155.291667  19.128   6.164 0.000
157.291667 158.291667  20.463   5.442 0.000
160.291667 161.291667  24.848   6.144 0.000
163.291667 164.291667  16.034   6.094 0.000
166.291667 167.291667  27.954   6.824 0.000
169.291667 170.291667  13.965   4.208 0.000
172.291667 173.291667  21.872   6.929 0.000
175.291667 176.291667  23.822   5.879 0.000
178.291667 179.291667  26.254   6.530 0.000
181.291667 182.291667  17.082   5.074 0.000
184.291667 185.291667  20.669   6.798 0.000
187.291667 188.291667  23.125   6.422 0.000
190.291667 191.291667  13.483   5.543 0.000
193.291667 194.291667  15.756   5.651 0.000
196.291667 197.291667  27.848   6.587 0.000
199.291667 200.291667   8.436   5.450 0.000
202.291667 203.291667 999.999   5.394 0.000
205.291667 206.291667 999.999   4.190 0.000
208.291667 209.291667 999.999   5.689 0.000
211.291667 212.291667 999.999   4.599 0.000
214.291667 215.291667 999.999   5.855 0.000
217.291667 218.291667 999.999   5.264 0.000
220.291667 221.291667 999.999   4.582 0.000
223.291667 224.291667 999.999   4.912 0.000
226.291667 227.291667 999.999   7.439 0.000
229.291667 230.291667 999.999   6.255 0.000
232.291667 233.291667 999.999   5.898 0.000
235.291667 236.291667 999.999   3.669 0.000
238.291667 239.291667   9.431   3.951 0.000
241.291667 242.291667  11.226   3.829 0.000
244.291667 245.291667  17.956   5.819 0.000
247.291667 248.291667  17.981   5.750 0.000
250.291667 251.291667  18.648   4.038 0.000
253.291667 254.291667  20.369   6.548 0.000
256.291667 257.291667  22.111   5.852 0.000
259.291667 260.291667  21.341   7.378 0.000
262.291667 263.291667  18.919   4.409 0.000
265.291667 266.291667  20.329   5.036 0.000
268.291667 269.291667  15.620   5.720 0.000
271.291667 272.291667  21.205   6.014 0.000
274.291667 275.291667  32.459   4.951 0.000
277.291667 278.291667  10.491   3.946 0.000
280.291667 281.291667  23.757   6.955 0.000
283.291667 284.291667  18.151   6.407 0.000
286.291667 287.291667  39.719   7.382 0.000
289.291667 290.291667  21.987   7.050 0.000
292.291667 293.291667  10.795   3.268 0.000
295.291667 296.291667  14.467   7.365 0.000
298.291667 299.291667  16.118   4.119 0.000
301.291667 302.291667  27.348   7.843 0.000
304.291667 305.291667  23.643   8.214 0.000
307.291667 308.291667  17.138   5.151 0.000
310.291667 311.291667  24.866   8.136 0.000
313.291667 314.291667  22.006   5.743 0.000
316.291667 317.291667  28.160  12.368 0.000
319.291667 320.291667  23.515   6.959 0.000
322.291667 323.291667  34.257  12.671 0.000
325.291667 326.291667  18.851   8.331 0.000
328.291667 329.291667  12.477   5.880 0.000
331.291667 332.291667  26.325   9.970 0.000
334.291667 335.291667  36.181  15.107 0.000
337.291667 338.291667  40.097  15.971 0.000
340.291667 341.291667  39.083  56.254 0.000
343.291667 344.291667  43.816  15.415 0.000
346.291667 347.291667  28.787   9.091 0.000
349.291667 350.291667  24.087   8.893 0.000
352.291667 353.291667  16.189   9.822 0.000
355.291667 356.291667  12.430   5.368 0.000
358.291667 359.291667  22.466  18.655 0.000
361.291667 362.291667  23.065  14.482 0.000
364.291667 365.291667  17.383  12.906 0.000
