scripts/IMPROVE-2019_partial/data/US0014R.20060102070000.20191216000000.filterpack..pm25.52w.1w.US03L_filterpack_US0014.US03L_IMPROVE_Davis.lev2.nas
66 1001
MISSING INFORMATION
US03L, IMPROVE, , , , , , , 
MISSING INFORMATION
IMPROVE sel_HTAP
1 1
2006 01 01 2019 12 16
3.000000
days from file reference point
27
1 1 1 1 1 1 1 1 1 1 1 1 1 1 1 1 1 1 1 1 1 1 1 1 1 1 1
999.999999 9999.99 9.999 99.99 9.999 9.999 9.999999 99.99 9.999999 9.999 9.999 99.999 9.999 99.999 9.999 999.99 9.999999 999.999 9.999 999.999 9.999 999.999 9.999 9.999 9.999 9.999 9.999
end_time of measurement, days from the file reference point
iron, ng/m3, Revision date=20181210133000
numflag iron, no unit, Revision date=20181210133000
lead, ng/m3, Revision date=20181210133000
numflag lead, no unit, Revision date=20181210133000
magnesium, ug/m3, Revision date=20181210133000
numflag magnesium, no unit, Revision date=20181210133000
nickel, ng/m3, Revision date=20181210133000
numflag nickel, no unit, Revision date=20181210133000
nitrate, ug N/m3, Revision date=20181210133000
numflag nitrate, no unit, Revision date=20181210133000
organic_carbon, ug C/m3, Revision date=20181210133000
numflag organic_carbon, no unit, Revision date=20181210133000
organic_mass, ug/m3, Revision date=20181210133000
numflag organic_mass, no unit, Revision date=20181210133000
phosphorus, ng/m3, Revision date=20181210133000
numflag phosphorus, no unit, Revision date=20181210133000
pm10_mass, ug/m3, Version=2, Version description=Data extracted from http://views.cira.colostate.edu/fed/DataWizard 2019-12-16, Sample duration=1d, Orig. time res.=3d, Matrix=pm10, Blank correction=Blank corrected, Volume std. temperature=ambient, Volume std. pressure=ambient
numflag pm10_mass, no unit, Version=2, Version description=Data extracted from http://views.cira.colostate.edu/fed/DataWizard 2019-12-16, Sample duration=1d, Orig. time res.=3d, Matrix=pm10, Blank correction=Blank corrected, Volume std. temperature=ambient, Volume std. pressure=ambient
pm10_pm25_mass, ug/m3, Revision date=20181210133000, Matrix=pm10_pm25
numflag pm10_pm25_mass, no unit, Revision date=20181210133000, Matrix=pm10_pm25
pm25_mass, ug/m3, Version=2, Version description=Data extracted from http://views.cira.colostate.edu/fed/DataWizard 2019-12-16, Sample duration=1d, Orig. time res.=3d, Blank correction=Blank corrected, Volume std. temperature=ambient, Volume std. pressure=ambient
numflag pm25_mass, no unit, Version=2, Version description=Data extracted from http://views.cira.colostate.edu/fed/DataWizard 2019-12-16, Sample duration=1d, Orig. time res.=3d, Blank correction=Blank corrected, Volume std. temperature=ambient, Volume std. pressure=ambient
potassium, ug/m3, Revision date=20181210133000
numflag potassium, no unit, Revision date=20181210133000
sulphate_total, ug S/m3, Revision date=20181210133000
numflag sulphate_total, no unit, Revision date=20181210133000
0
25
Data definition:              EBAS_1.1
Set type code:                TU
Timezone:                     UTC
File name:                    US0014R.20060102070000.20191216000000.filterpack..pm25.52w.1w.US03L_filterpack_US0014.US03L_IMPROVE_Davis.lev2.nas
File creation:                20191218115620
Startdate:                    20060102070000
Revision date:                20191216000000
Statistics:                   arithmetic mean
Data level:                   2
Period code:                  52w
Resolution code:              1w
Station code:                 US0014R
Platform code:                US0014S
Station name:                 Indian Gardens
Station latitude:             36.0778
Station longitude:            -112.1288
Station altitude:             1166.0 m
Regime:                       IMG
Component:                    
Matrix:                       pm25
Laboratory code:              US03L
Instrument type:              filterpack
Instrument name:              filterpack_US0014
Method ref:                   US03L_IMPROVE_Davis
starttime endtime Fe flag_Fe Pb flag_Pb Mg++ flag_Mg++ Ni flag_Ni NO3- flag_NO3- OC flag_OC OM flag_OM P flag_P PM10 flag_PM10 PM10-PM2.5 flag_PM10-PM2.5 PM2.5 flag_PM2.5 K+ flag_K+ SO4-- flag_SO4--
[from data line 81]
244.291667 245.291667   34.77 0.000  0.47 0.000 9.999 0.259000 99.99 0.259000 0.011 0.000  0.457 0.559  0.822 0.559 999.99 0.259000  10.905 0.000   8.250 0.000   2.656 0.000 0.031 0.000 0.237 0.000
247.291667 248.291667   21.14 0.000  0.22 0.000 9.999 0.259000  0.27 0.000000 0.005 0.000  0.634 0.559  1.141 0.559 999.99 0.259000   6.980 0.000   4.496 0.000   2.484 0.000 0.018 0.000 0.140 0.000
250.291667 251.291667   26.59 0.000  0.40 0.000 9.999 0.259000 99.99 0.259000 0.013 0.000  1.094 0.000  1.969 0.000 999.99 0.259000   8.076 0.000   4.355 0.000   3.721 0.000 0.073 0.000 0.183 0.000
253.291667 254.291667   17.68 0.000  0.62 0.000 9.999 0.259000 99.99 0.259000 0.010 0.000  0.603 0.559  1.086 0.559 999.99 0.259000   5.741 0.000   2.850 0.000   2.892 0.000 0.027 0.000 0.222 0.000
256.291667 257.291667   28.40 0.000  0.36 0.000 9.999 0.259000 99.99 0.259000 0.018 0.000  1.022 0.000  1.839 0.000 999.99 0.259000   8.248 0.000   4.496 0.000   3.753 0.000 0.038 0.000 0.224 0.000
259.291667 260.291667    9.90 0.000  0.16 0.000 0.015 0.000000 99.99 0.259000 0.012 0.000  0.483 0.000  0.869 0.000 999.99 0.259000   4.386 0.000   2.431 0.000   1.955 0.000 0.012 0.000 0.082 0.000
262.291667 263.291667   62.26 0.000  0.57 0.000 0.027 0.000000  0.15 0.000000 0.078 0.000  1.530 0.000  2.754 0.000 999.99 0.259000  16.888 0.000  10.835 0.000   6.054 0.000 0.082 0.000 0.196 0.000
265.291667 266.291667   10.19 0.000  0.35 0.000 9.999 0.259000 99.99 0.259000 0.008 0.000  0.186 0.000  0.334 0.000 999.99 0.259000   3.785 0.000   2.301 0.000   1.483 0.000 0.008 0.000 0.137 0.000
268.291667 269.291667   28.26 0.000  0.67 0.000 0.014 0.000000  0.09 0.000000 0.025 0.000  1.559 0.559  2.806 0.559 999.99 0.259000  11.281 0.000   6.390 0.000   4.892 0.000 0.041 0.000 0.200 0.000
271.291667 272.291667   49.27 0.000  0.50 0.000 0.034 0.000000  0.10 0.000000 0.012 0.000  0.563 0.000  1.014 0.000 999.99 0.259000   9.111 0.000   5.375 0.000   3.736 0.000 0.052 0.000 0.104 0.000
274.291667 275.291667   34.52 0.000  0.66 0.000 0.012 0.000000  0.36 0.000000 0.035 0.000  0.636 0.000  1.144 0.000 999.99 0.259000  10.955 0.000   6.862 0.000   4.093 0.000 0.043 0.000 0.372 0.000
277.291667 278.291667   33.22 0.000  0.72 0.000 0.018 0.000000  0.26 0.000000 0.029 0.000  1.410 0.000  2.538 0.000 999.99 0.259000   9.510 0.000   4.626 0.000   4.884 0.000 0.036 0.000 0.383 0.000
280.291667 281.291667   32.03 0.000  0.43 0.000 0.020 0.000000 99.99 0.259000 0.016 0.000  0.261 0.000  0.470 0.000 999.99 0.259000   5.794 0.000   3.726 0.000   2.067 0.000 0.021 0.000 0.173 0.000
283.291667 284.291667 9999.99 0.999 99.99 0.999 9.999 0.999000 99.99 0.999000 9.999 0.999 99.999 0.999 99.999 0.999 999.99 0.999000 999.999 0.999 999.999 0.999 999.999 0.999 9.999 0.999 9.999 0.999
286.291667 287.291667   16.80 0.000  0.44 0.000 0.006 0.000000 99.99 0.259000 0.018 0.000  0.775 0.000  1.396 0.000 999.99 0.259000   3.711 0.000   1.691 0.000   2.020 0.000 0.019 0.000 0.133 0.000
289.291667 290.291667   22.66 0.000  0.49 0.000 0.006 0.000000  0.23 0.000000 0.035 0.000  0.390 0.000  0.702 0.000 999.99 0.259000   4.808 0.000   2.829 0.000   1.979 0.000 0.020 0.000 0.180 0.000
292.291667 293.291667    7.36 0.000  1.34 0.000 0.005 0.000000 99.99 0.259000 0.004 0.000  0.501 0.000  0.901 0.000 999.99 0.259000   3.387 0.000   1.515 0.000   1.872 0.000 0.014 0.000 0.172 0.000
295.291667 296.291667   15.12 0.000  0.53 0.000 9.999 0.259000 99.99 0.259000 0.004 0.000  0.226 0.000  0.406 0.000 999.99 0.259000   4.265 0.000   3.017 0.000   1.248 0.000 0.010 0.000 0.095 0.000
298.291667 299.291667   11.02 0.000  0.09 0.000 9.999 0.259000 99.99 0.259000 0.008 0.000  0.257 0.000  0.463 0.000 999.99 0.259000   3.118 0.000   1.784 0.000   1.334 0.000 0.012 0.000 0.069 0.000
301.291667 302.291667   14.95 0.000  0.68 0.000 9.999 0.259000 99.99 0.259000 0.008 0.000  0.348 0.559  0.626 0.559 999.99 0.259000   4.481 0.000   2.498 0.000   1.983 0.000 0.014 0.000 0.173 0.000
304.291667 305.291667   50.36 0.000  2.03 0.000 0.013 0.000000  0.27 0.000000 0.065 0.000  1.807 0.000  3.253 0.000 999.99 0.259000  13.982 0.000   7.095 0.000   6.887 0.000 0.087 0.000 0.393 0.000
307.291667 308.291667   35.14 0.000  2.22 0.000 0.014 0.000000  0.21 0.000000 0.026 0.000  0.935 0.000  1.682 0.000 999.99 0.259000   9.815 0.000   6.425 0.000   3.390 0.000 0.032 0.000 0.190 0.000
310.291667 311.291667   15.67 0.000  0.36 0.000 9.999 0.259000 99.99 0.259000 0.006 0.000  0.220 0.000  0.395 0.000 999.99 0.259000   4.692 0.000   3.321 0.000   1.371 0.000 0.015 0.000 0.082 0.000
313.291667 314.291667   34.81 0.000  1.00 0.000 0.018 0.000000  0.13 0.000000 0.008 0.000  0.322 0.000  0.579 0.000 999.99 0.259000  12.317 0.000   9.247 0.000   3.069 0.000 0.038 0.000 0.241 0.000
316.291667 317.291667 9999.99 0.999 99.99 0.999 9.999 0.999000 99.99 0.999000 9.999 0.999 99.999 0.999 99.999 0.999 999.99 0.999000 999.999 0.999 999.999 0.999 999.999 0.999 9.999 0.999 9.999 0.999
319.291667 320.291667   27.87 0.000  1.97 0.000 9.999 0.259000 99.99 0.259000 0.006 0.000  0.293 0.000  0.528 0.000 999.99 0.259000   6.405 0.000   3.293 0.000   3.112 0.000 0.037 0.000 0.330 0.000
322.291667 323.291667   13.32 0.000  0.84 0.000 9.999 0.259000 99.99 0.259000 0.007 0.000  0.349 0.559  0.628 0.559 999.99 0.259000   3.638 0.000   1.847 0.000   1.791 0.000 0.017 0.000 0.161 0.000
325.291667 326.291667   63.07 0.000  1.54 0.000 0.023 0.000000  0.20 0.000000 0.018 0.000  0.537 0.559  0.966 0.559 999.99 0.259000  17.958 0.000  13.067 0.000   4.890 0.000 0.056 0.000 0.341 0.000
328.291667 329.291667   39.05 0.000  1.91 0.000 9.999 0.259000  0.24 0.000000 0.034 0.000  0.348 0.000  0.627 0.000 999.99 0.259000  11.082 0.000   7.561 0.000   3.521 0.000 0.034 0.000 0.356 0.000
331.291667 332.291667   20.76 0.394  0.67 0.394 9.999 0.394259 99.99 0.394259 0.090 0.394  0.168 0.394  0.302 0.394 999.99 0.394259   4.528 0.000   2.596 0.394   1.932 0.000 0.018 0.394 0.153 0.394
334.291667 335.291667   26.83 0.000  0.43 0.000 9.999 0.259000 99.99 0.259000 0.028 0.000  0.353 0.559  0.636 0.559 999.99 0.259000   5.351 0.000   3.608 0.000   1.743 0.000 0.022 0.000 0.080 0.000
337.291667 338.291667   14.63 0.559  0.51 0.559 9.999 0.559259 99.99 0.559259 0.020 0.000  0.300 0.000  0.540 0.000 999.99 0.559259   3.216 0.000   1.720 0.559   1.496 0.659 0.011 0.559 0.134 0.000
340.291667 341.291667   29.95 0.000  0.71 0.000 9.999 0.259000  0.06 0.000000 0.015 0.000  0.480 0.000  0.864 0.000 999.99 0.259000   7.078 0.000   4.944 0.000   2.134 0.000 0.018 0.000 0.122 0.000
343.291667 344.291667   29.85 0.000  1.20 0.000 9.999 0.259000  0.16 0.000000 0.046 0.000  0.644 0.000  1.159 0.000 999.99 0.259000   7.553 0.000   5.282 0.000   2.271 0.000 0.027 0.000 0.131 0.000
346.291667 347.291667    5.10 0.000  0.36 0.000 9.999 0.259000 99.99 0.259000 0.006 0.000  0.496 0.000  0.892 0.000 999.99 0.259000   1.915 0.000   0.787 0.000   1.128 0.000 0.005 0.000 0.044 0.000
349.291667 350.291667   34.25 0.000  0.72 0.000 0.018 0.000000 99.99 0.259000 0.031 0.000  0.516 0.000  0.929 0.000 999.99 0.259000   6.781 0.000   4.548 0.000   2.233 0.000 0.061 0.000 0.122 0.000
352.291667 353.291667    7.61 0.000  0.27 0.000 0.009 0.000000 99.99 0.259000 0.058 0.000  0.236 0.000  0.424 0.000 999.99 0.259000   2.977 0.000   1.460 0.000   1.517 0.000 0.008 0.000 0.145 0.000
355.291667 356.291667    6.45 0.000  0.23 0.000 9.999 0.259000 99.99 0.259000 0.030 0.000  0.430 0.000  0.774 0.000 999.99 0.259000   2.650 0.000   1.279 0.000   1.371 0.000 0.007 0.000 0.093 0.000
358.291667 359.291667    5.53 0.000  0.43 0.000 9.999 0.259000 99.99 0.259000 0.006 0.000  0.258 0.000  0.464 0.000 999.99 0.259000   2.401 0.000   1.421 0.000   0.980 0.000 0.004 0.000 0.074 0.000
361.291667 362.291667 9999.99 0.999 99.99 0.999 9.999 0.999000 99.99 0.999000 9.999 0.999 99.999 0.999 99.999 0.999 999.99 0.999000 999.999 0.999 999.999 0.999 999.999 0.999 9.999 0.999 9.999 0.999
364.291667 365.291667    5.40 0.000  0.56 0.000 9.999 0.259000 99.99 0.259000 0.015 0.000  0.470 0.000  0.845 0.000 999.99 0.259000   3.537 0.000   1.253 0.000   2.284 0.000 0.006 0.000 0.255 0.000
