scripts/IMPROVE-2019_partial/data/US0070R.19980103080000.20191216000000.filterpack...1y.3d.US03L_filterpack_US0070.US03L_IMPROVE_Davis.lev2.nas
52 1001
MISSING INFORMATION
US03L, IMPROVE, , , , , , , 
MISSING INFORMATION
IMPROVE sel_HTAP
1 1
1998 01 01 2019 12 16
0
days from file reference point
5
1 1 1 1 1
999.999999 999.999 9.999 999.999 9.999
end_time of measurement, days from the file reference point
pm10_mass, ug/m3, Matrix=pm10
numflag pm10_mass, no unit, Matrix=pm10
pm25_mass, ug/m3, Matrix=pm25
numflag pm25_mass, no unit, Matrix=pm25
0
33
Data definition:              EBAS_1.1
Set type code:                TI
Timezone:                     UTC
File name:                    US0070R.19980103080000.20191216000000.filterpack...1y.3d.US03L_filterpack_US0070.US03L_IMPROVE_Davis.lev2.nas
File creation:                20191218120008
Startdate:                    19980103080000
Revision date:                20191216000000
Version:                      2
Version description:          "Data extracted from http://views.cira.colostate.edu/fed/DataWizard 2019-12-16"
Statistics:                   arithmetic mean
Data level:                   2
Period code:                  1y
Resolution code:              3d
Sample duration:              1d
Orig. time res.:              3d
Station code:                 US0070R
Platform code:                US0070S
Station name:                 Crater Lake NP
Station latitude:             42.8958
Station longitude:            -122.1361
Station altitude:             1996.0 m
Regime:                       IMG
Component:                    
Unit:                         ug/m3
Matrix:                       
Laboratory code:              US03L
Instrument type:              filterpack
Instrument name:              filterpack_US0070
Method ref:                   US03L_IMPROVE_Davis
Blank correction:             Blank corrected
Volume std. temperature:      ambient
Volume std. pressure:         ambient
starttime endtime PM10 flag_PM10 PM2.5 flag_PM2.5
  2.333333   3.333333   4.512 0.000   1.296 0.000
  6.333333   7.333333   1.909 0.000   0.314 0.000
  9.333333  10.333333   4.548 0.000   0.539 0.000
 13.333333  14.333333   0.963 0.000   0.953 0.000
 16.333333  17.333333   3.653 0.000   1.603 0.000
 20.333333  21.333333 999.999 0.999 999.999 0.999
 23.333333  24.333333   6.295 0.000   1.117 0.000
 27.333333  28.333333   4.885 0.000   0.966 0.000
 30.333333  31.333333   6.056 0.000   1.142 0.000
 34.333333  35.333333   4.697 0.000   0.698 0.000
 37.333333  38.333333   0.482 0.000 999.999 0.999
 41.333333  42.333333   1.300 0.000   0.983 0.000
 44.333333  45.333333   2.030 0.000   0.997 0.000
 48.333333  49.333333 999.999 0.999 999.999 0.999
 51.333333  52.333333   0.439 0.000 999.999 0.259
 55.333333  56.333333   1.171 0.000   1.040 0.000
 58.333333  59.333333 999.999 0.259 999.999 0.259
 62.333333  63.333333 999.999 0.259 999.999 0.999
 65.333333  66.333333   1.413 0.000   1.085 0.000
 69.333333  70.333333   1.756 0.000 999.999 0.999
 72.333333  73.333333   1.776 0.000   1.085 0.000
 76.333333  77.333333  10.072 0.000   1.713 0.000
 79.333333  80.333333   4.135 0.000   3.097 0.000
 83.333333  84.333333   5.415 0.000   0.492 0.000
 86.333333  87.333333   5.787 0.000   1.168 0.000
 90.333333  91.333333   4.044 0.000 999.999 0.999
 93.333333  94.333333   9.028 0.000   1.736 0.000
 97.333333  98.333333   2.232 0.000   1.327 0.000
100.333333 101.333333   6.454 0.000   0.800 0.000
104.333333 105.333333   5.299 0.000   1.880 0.000
107.333333 108.333333   4.255 0.000   2.519 0.000
111.333333 112.333333  18.610 0.000   7.915 0.000
114.333333 115.333333   3.704 0.000 999.999 0.999
118.333333 119.333333  52.991 0.000  21.490 0.000
121.333333 122.333333   2.029 0.000   2.179 0.000
125.333333 126.333333   6.865 0.000   6.277 0.000
128.333333 129.333333   6.984 0.000   2.600 0.000
132.333333 133.333333   1.996 0.000 999.999 0.999
135.333333 136.333333   1.756 0.000   0.938 0.000
139.333333 140.333333 999.999 0.999   2.244 0.000
142.333333 143.333333   6.464 0.000   3.935 0.000
146.333333 147.333333   9.747 0.000   0.908 0.000
149.333333 150.333333   3.765 0.000   0.884 0.000
153.333333 154.333333  13.407 0.000   2.819 0.000
156.333333 157.333333  10.122 0.000   3.729 0.000
160.333333 161.333333 999.999 0.999 999.999 0.999
163.333333 164.333333 999.999 0.999 999.999 0.999
167.333333 168.333333  13.210 0.000   3.881 0.000
170.333333 171.333333   7.663 0.000   2.712 0.000
174.333333 175.333333   2.565 0.000 999.999 0.999
177.333333 178.333333   7.594 0.000 999.999 0.999
181.333333 182.333333   6.457 0.000   3.835 0.000
184.333333 185.333333   7.513 0.000   1.744 0.000
188.333333 189.333333  11.417 0.000   6.417 0.000
191.333333 192.333333 999.999 0.999   4.602 0.000
195.333333 196.333333   2.709 0.000 999.999 0.999
198.333333 199.333333   3.434 0.000   2.422 0.000
202.333333 203.333333  13.630 0.000   6.199 0.000
205.333333 206.333333   6.058 0.000   5.660 0.000
209.333333 210.333333   5.348 0.000   3.073 0.000
212.333333 213.333333   3.157 0.000   2.575 0.000
216.333333 217.333333   8.021 0.000   4.709 0.000
219.333333 220.333333   5.942 0.000   3.711 0.000
223.333333 224.333333 999.999 0.999  13.406 0.000
226.333333 227.333333 999.999 0.999   7.065 0.000
230.333333 231.333333   6.349 0.000   3.052 0.000
233.333333 234.333333   7.579 0.000   5.942 0.000
237.333333 238.333333   5.844 0.000   4.337 0.000
240.333333 241.333333   6.110 0.000   4.358 0.000
244.333333 245.333333  10.358 0.000   6.250 0.000
247.333333 248.333333   5.170 0.000   3.759 0.000
251.333333 252.333333   4.721 0.000   3.827 0.000
254.333333 255.333333   5.267 0.000   2.935 0.000
258.333333 259.333333   9.127 0.000   4.995 0.000
261.333333 262.333333   0.992 0.000   0.764 0.000
265.333333 266.333333   5.087 0.000   2.182 0.000
268.333333 269.333333   1.587 0.000   0.842 0.000
272.333333 273.333333   2.987 0.000   1.829 0.000
275.333333 276.333333   1.242 0.000   0.619 0.000
279.333333 280.333333  10.830 0.000   5.056 0.000
282.333333 283.333333   1.044 0.000   0.877 0.000
286.333333 287.333333 999.999 0.999 999.999 0.999
289.333333 290.333333   2.261 0.000   1.234 0.000
293.333333 294.333333   8.923 0.000   5.866 0.000
296.333333 297.333333   5.627 0.000   2.778 0.000
300.333333 301.333333   2.385 0.000 999.999 0.999
303.333333 304.333333   5.146 0.000   1.628 0.000
307.333333 308.333333   2.545 0.000   2.926 0.000
310.333333 311.333333   1.406 0.000   0.780 0.000
314.333333 315.333333   3.215 0.000   1.511 0.000
317.333333 318.333333   5.316 0.000   2.992 0.000
321.333333 322.333333   2.474 0.000   0.786 0.000
324.333333 325.333333 999.999 0.999 999.999 0.999
328.333333 329.333333   5.098 0.000   1.655 0.000
331.333333 332.333333   0.571 0.000 999.999 0.999
335.333333 336.333333   2.226 0.000   0.456 0.000
338.333333 339.333333   1.802 0.000   0.605 0.000
342.333333 343.333333   0.604 0.000 999.999 0.999
345.333333 346.333333   0.776 0.000 999.999 0.999
349.333333 350.333333   0.747 0.000 999.999 0.999
352.333333 353.333333   2.200 0.000   1.051 0.000
356.333333 357.333333   1.425 0.000 999.999 0.259
359.333333 360.333333   2.243 0.000   0.576 0.000
363.333333 364.333333   3.389 0.000   0.868 0.000
