scripts/IMPROVE-2019_partial/data/US0080R.20010101050000.20191216000000.filterpack..pm25.52w.1w.US03L_filterpack_US0080.US03L_IMPROVE_Davis.lev2.nas
64 1001
MISSING INFORMATION
US03L, IMPROVE, , , , , , , 
MISSING INFORMATION
IMPROVE sel_HTAP
1 1
2001 01 01 2019 12 16
3.000000
days from file reference point
25
1 1 1 1 1 1 1 1 1 1 1 1 1 1 1 1 1 1 1 1 1 1 1 1 1
999.999999 9999.99 9.999 999.99 9.999 9.999 9.999999 99.99 9.999999 99.999 9.999 999.999 9.999 999.999 9.999 999.999 9.999 999.999 9.999 999.999 9.999 9.999 9.999 99.999 9.999
end_time of measurement, days from the file reference point
iron, ng/m3, Revision date=20181210133000
numflag iron, no unit, Revision date=20181210133000
lead, ng/m3, Revision date=20181210133000
numflag lead, no unit, Revision date=20181210133000
magnesium, ug/m3, Revision date=20181210133000
numflag magnesium, no unit, Revision date=20181210133000
nickel, ng/m3, Revision date=20181210133000
numflag nickel, no unit, Revision date=20181210133000
nitrate, ug N/m3, Revision date=20181210133000
numflag nitrate, no unit, Revision date=20181210133000
organic_carbon, ug C/m3, Revision date=20181210133000
numflag organic_carbon, no unit, Revision date=20181210133000
organic_mass, ug/m3, Revision date=20181210133000
numflag organic_mass, no unit, Revision date=20181210133000
pm10_mass, ug/m3, Version=2, Version description=Data extracted from http://views.cira.colostate.edu/fed/DataWizard 2019-12-16, Sample duration=1d, Orig. time res.=3d, Matrix=pm10, Blank correction=Blank corrected, Volume std. temperature=ambient, Volume std. pressure=ambient
numflag pm10_mass, no unit, Version=2, Version description=Data extracted from http://views.cira.colostate.edu/fed/DataWizard 2019-12-16, Sample duration=1d, Orig. time res.=3d, Matrix=pm10, Blank correction=Blank corrected, Volume std. temperature=ambient, Volume std. pressure=ambient
pm10_pm25_mass, ug/m3, Revision date=20181210133000, Matrix=pm10_pm25
numflag pm10_pm25_mass, no unit, Revision date=20181210133000, Matrix=pm10_pm25
pm25_mass, ug/m3, Version=2, Version description=Data extracted from http://views.cira.colostate.edu/fed/DataWizard 2019-12-16, Sample duration=1d, Orig. time res.=3d, Blank correction=Blank corrected, Volume std. temperature=ambient, Volume std. pressure=ambient
numflag pm25_mass, no unit, Version=2, Version description=Data extracted from http://views.cira.colostate.edu/fed/DataWizard 2019-12-16, Sample duration=1d, Orig. time res.=3d, Blank correction=Blank corrected, Volume std. temperature=ambient, Volume std. pressure=ambient
potassium, ug/m3, Revision date=20181210133000
numflag potassium, no unit, Revision date=20181210133000
sulphate_total, ug S/m3, Revision date=20181210133000
numflag sulphate_total, no unit, Revision date=20181210133000
0
25
Data definition:              EBAS_1.1
Set type code:                TU
Timezone:                     UTC
File name:                    US0080R.20010101050000.20191216000000.filterpack..pm25.52w.1w.US03L_filterpack_US0080.US03L_IMPROVE_Davis.lev2.nas
File creation:                20191218120049
Startdate:                    20010101050000
Revision date:                20191216000000
Statistics:                   arithmetic mean
Data level:                   2
Period code:                  52w
Resolution code:              1w
Station code:                 US0080R
Platform code:                US0080S
Station name:                 James River Face Wilderness
Station latitude:             37.6266
Station longitude:            -79.5125
Station altitude:             289.0 m
Regime:                       IMG
Component:                    
Matrix:                       pm25
Laboratory code:              US03L
Instrument type:              filterpack
Instrument name:              filterpack_US0080
Method ref:                   US03L_IMPROVE_Davis
starttime endtime Fe flag_Fe Pb flag_Pb Mg++ flag_Mg++ Ni flag_Ni NO3- flag_NO3- OC flag_OC OM flag_OM PM10 flag_PM10 PM10-PM2.5 flag_PM10-PM2.5 PM2.5 flag_PM2.5 K+ flag_K+ SO4-- flag_SO4--
[from data line 86]
258.208333 259.208333   22.87 0.000  27.03 0.000 9.999 0.259000  0.23 0.000000  0.113 0.559   1.170 0.000   1.637 0.000   7.712 0.000   2.714 0.000   4.998 0.000 0.053 0.000  0.556 0.559
261.208333 262.208333   58.26 0.000   2.92 0.000 9.999 0.259000  0.13 0.000000  0.154 0.000   3.684 0.000   5.158 0.000  27.485 0.000   5.427 0.000  22.059 0.000 0.062 0.000  3.124 0.000
264.208333 265.208333   34.92 0.000  33.89 0.000 9.999 0.259000 99.99 0.259000  0.094 0.000   1.933 0.000   2.707 0.000  16.922 0.000   2.917 0.000  14.006 0.000 0.045 0.000  2.235 0.000
267.208333 268.208333    6.40 0.000   0.64 0.000 9.999 0.259000 99.99 0.259000  0.008 0.000   0.333 0.000   0.466 0.000   4.456 0.000   1.901 0.000   2.554 0.000 0.012 0.000  0.429 0.000
270.208333 271.208333   18.96 0.000   1.50 0.000 9.999 0.259000 99.99 0.259000  0.034 0.000   0.601 0.000   0.842 0.000   6.506 0.000   1.458 0.000   5.048 0.000 0.025 0.000  0.853 0.000
273.208333 274.208333   34.21 0.559   2.49 0.559 0.032 0.559000  0.19 0.559000  0.047 0.559   1.399 0.000   1.959 0.000   8.745 0.000   2.401 0.000   6.344 0.559 0.047 0.559  0.714 0.559
276.208333 277.208333   54.70 0.559   4.03 0.559 9.999 0.559259 99.99 0.559259  0.095 0.000   3.073 0.000   4.303 0.000  19.846 0.000   4.506 0.000  15.340 0.559 0.110 0.559  1.875 0.000
279.208333 280.208333   25.51 0.000   1.06 0.000 9.999 0.259000 99.99 0.259000  0.040 0.000   0.672 0.000   0.942 0.000   6.834 0.000   2.899 0.000   3.935 0.000 0.028 0.000  0.491 0.000
282.208333 283.208333   32.71 0.000   2.04 0.000 9.999 0.259000  0.20 0.000000  0.131 0.000   1.777 0.000   2.488 0.000  14.073 0.000   7.099 0.000   6.973 0.000 0.079 0.000  0.597 0.000
285.208333 286.208333   37.79 0.559   2.04 0.559 9.999 0.559259  0.11 0.559000  0.104 0.559   1.423 0.000   1.992 0.000  10.871 0.000   4.581 0.000   6.290 0.559 0.114 0.559  0.663 0.559
288.208333 289.208333   73.67 0.000   3.02 0.000 9.999 0.259000 99.99 0.259000  0.043 0.000   1.208 0.000   1.691 0.000   8.280 0.000   2.466 0.000   5.814 0.000 0.325 0.000  0.672 0.000
291.208333 292.208333   60.20 0.000   2.88 0.000 9.999 0.259000 99.99 0.259000  0.084 0.000   2.470 0.000   3.458 0.000  12.015 0.000   2.736 0.000   9.279 0.000 0.083 0.000  0.909 0.000
294.208333 295.208333   74.20 0.000   3.65 0.000 9.999 0.259000 99.99 0.259000  0.121 0.000   4.595 0.000   6.433 0.000  24.744 0.000   4.087 0.000  20.657 0.000 0.137 0.000  2.496 0.000
297.208333 298.208333   16.90 0.000   0.52 0.000 9.999 0.259000  0.09 0.000000  0.021 0.000   1.066 0.000   1.492 0.000   9.308 0.000   4.377 0.000   4.931 0.000 0.029 0.000  0.439 0.000
300.208333 301.208333   19.39 0.000   1.35 0.000 9.999 0.259000  0.14 0.000000  0.034 0.000   1.015 0.000   1.421 0.000   7.018 0.000   1.868 0.000   5.151 0.000 0.044 0.000  0.720 0.000
303.208333 304.208333   89.46 0.000   5.08 0.000 9.999 0.259000  0.77 0.000000  0.233 0.559   3.768 0.000   5.274 0.000  27.484 0.000   9.034 0.000  18.450 0.000 0.159 0.000  2.127 0.559
306.208333 307.208333   34.85 0.000   2.47 0.000 0.045 0.000000  0.16 0.000000  0.128 0.000   1.803 0.000   2.524 0.000  15.095 0.000   5.484 0.000   9.611 0.000 0.078 0.000  1.161 0.000
309.208333 310.208333   43.47 0.000   1.39 0.000 9.999 0.259000 99.99 0.259000  0.053 0.000   2.038 0.000   2.853 0.000   9.780 0.000   3.588 0.000   6.192 0.000 0.083 0.000  0.482 0.000
312.208333 313.208333   21.20 0.000   1.34 0.000 9.999 0.259000 99.99 0.259000  0.037 0.000   1.232 0.000   1.725 0.000   9.028 0.000   3.367 0.000   5.661 0.000 0.044 0.000  0.677 0.000
315.208333 316.208333   52.55 0.000   1.55 0.000 0.028 0.000000  0.11 0.000000  0.094 0.000   2.330 0.000   3.262 0.000  13.704 0.000   5.184 0.000   8.520 0.000 0.135 0.000  0.779 0.000
318.208333 319.208333   72.51 0.000   2.79 0.000 9.999 0.259000  0.16 0.000000  0.241 0.000  10.037 0.000  14.051 0.000  35.836 0.000   7.968 0.000  27.869 0.000 0.152 0.000  1.911 0.000
321.208333 322.208333   45.51 0.000   3.25 0.000 9.999 0.259000  0.54 0.000000  0.254 0.000   3.397 0.000   4.756 0.000  21.646 0.000   5.113 0.000  16.533 0.000 0.152 0.000  2.070 0.000
324.208333 325.208333   32.82 0.000   1.84 0.000 9.999 0.259000 99.99 0.259000  0.131 0.559   2.892 0.000   4.049 0.000  12.079 0.000   3.611 0.000   8.468 0.000 0.086 0.000  0.650 0.559
327.208333 328.208333   24.66 0.000   1.74 0.000 9.999 0.259000  0.67 0.000000  0.351 0.000   2.426 0.000   3.397 0.000  13.048 0.000   3.011 0.000  10.037 0.000 0.079 0.000  1.144 0.000
330.208333 331.208333   38.95 0.000   0.84 0.000 9.999 0.259000 99.99 0.259000  0.143 0.000   3.312 0.000   4.637 0.000  16.102 0.000   2.441 0.000  13.662 0.000 0.079 0.000  1.546 0.000
333.208333 334.208333   13.63 0.000   0.82 0.000 9.999 0.259000  0.37 0.000000  0.053 0.000   1.098 0.000   1.537 0.000  11.330 0.000   2.373 0.000   8.958 0.000 0.041 0.000  1.548 0.000
336.208333 337.208333   37.58 0.000   2.22 0.000 9.999 0.259000 99.99 0.259000  0.250 0.000   2.267 0.000   3.174 0.000  11.008 0.000   2.029 0.000   8.978 0.000 0.076 0.000  0.871 0.000
339.208333 340.208333   71.73 0.000   1.71 0.000 9.999 0.259000  0.16 0.000000  0.105 0.000   3.319 0.000   4.647 0.000  16.351 0.000   6.197 0.000  10.154 0.000 0.086 0.000  0.984 0.000
342.208333 343.208333   23.72 0.000   2.78 0.000 9.999 0.259000 99.99 0.259000  0.182 0.000   1.228 0.000   1.720 0.000   9.406 0.000   1.324 0.000   8.082 0.000 0.045 0.000  1.359 0.000
345.208333 346.208333   35.43 0.000   4.85 0.000 0.103 0.000000  2.36 0.000000  0.899 0.000   2.379 0.000   3.330 0.000  16.204 0.000   3.187 0.000  13.017 0.000 0.060 0.000  1.477 0.000
348.208333 349.208333   14.18 0.000   1.22 0.000 9.999 0.259000  0.10 0.000000  0.025 0.000   1.231 0.000   1.723 0.000   6.320 0.000   1.126 0.000   5.194 0.000 0.027 0.000  0.714 0.000
351.208333 352.208333   15.20 0.000   1.33 0.000 9.999 0.259000  0.11 0.000000  0.080 0.000   1.021 0.000   1.429 0.000   5.412 0.000   0.893 0.000   4.520 0.000 0.033 0.000  0.604 0.000
354.208333 355.208333   57.87 0.000   1.66 0.000 9.999 0.259000 99.99 0.259000 99.999 0.999   1.003 0.000   1.405 0.000   4.617 0.000   1.654 0.000   2.964 0.000 0.053 0.000 99.999 0.999
357.208333 358.208333   10.73 0.000   1.40 0.000 9.999 0.259000 99.99 0.259000  0.105 0.000   1.007 0.000   1.410 0.000   5.135 0.000   0.886 0.000   4.249 0.000 0.025 0.000  0.497 0.000
360.208333 361.208333   11.15 0.000   1.22 0.000 9.999 0.259000 99.99 0.259000  0.186 0.559   0.984 0.000   1.377 0.000   6.575 0.000   2.183 0.000   4.392 0.000 0.024 0.000  0.516 0.559
363.208333 364.208333    8.40 0.000   1.88 0.000 9.999 0.259000 99.99 0.259000  0.073 0.000   0.729 0.000   1.021 0.000   5.682 0.000   0.621 0.000   5.061 0.000 0.022 0.000  0.800 0.000
