scripts/IMPROVE-2019_partial/data/US0074R.19980103060000.20191216000000.filterpack...1y.3d.US03L_filterpack_US0074.US03L_IMPROVE_Davis.lev2.nas
51 1001
MISSING INFORMATION
US03L, IMPROVE, , , , , , , 
MISSING INFORMATION
IMPROVE sel_HTAP
1 1
1998 01 01 2019 12 16
0
days from file reference point
4
1 1 1 1
999.99 999.999 999.999 9.999
end_time of measurement, days from the file reference point
pm10_mass, ug/m3, Matrix=pm10
pm25_mass, ug/m3, Matrix=pm25
numflag, no unit
0
33
Data definition:              EBAS_1.1
Set type code:                TI
Timezone:                     UTC
File name:                    US0074R.19980103060000.20191216000000.filterpack...1y.3d.US03L_filterpack_US0074.US03L_IMPROVE_Davis.lev2.nas
File creation:                20191218120030
Startdate:                    19980103060000
Revision date:                20191216000000
Version:                      2
Version description:          "Data extracted from http://views.cira.colostate.edu/fed/DataWizard 2019-12-16"
Statistics:                   arithmetic mean
Data level:                   2
Period code:                  1y
Resolution code:              3d
Sample duration:              1d
Orig. time res.:              3d
Station code:                 US0074R
Platform code:                US0074S
Station name:                 Guadalupe Mountains NP
Station latitude:             31.833
Station longitude:            -104.8094
Station altitude:             1672.0 m
Regime:                       IMG
Component:                    
Unit:                         ug/m3
Matrix:                       
Laboratory code:              US03L
Instrument type:              filterpack
Instrument name:              filterpack_US0074
Method ref:                   US03L_IMPROVE_Davis
Blank correction:             Blank corrected
Volume std. temperature:      ambient
Volume std. pressure:         ambient
starttime endtime PM10 PM2.5 flag
  2.25   3.25  11.218   4.815 0.000
  6.25   7.25   3.613   2.809 0.000
  9.25  10.25   6.503   3.203 0.000
 13.25  14.25   3.899   3.819 0.000
 16.25  17.25  12.752   3.314 0.000
 20.25  21.25   5.348   2.442 0.000
 23.25  24.25  18.872   5.824 0.000
 27.25  28.25   6.313 999.999 0.000
 30.25  31.25  12.181   2.326 0.000
 34.25  35.25  15.916   5.006 0.000
 37.25  38.25  12.763   4.186 0.000
 41.25  42.25   3.112   1.920 0.000
 44.25  45.25   4.819   3.050 0.000
 48.25  49.25  22.295   4.482 0.000
 51.25  52.25   7.757   3.599 0.000
 55.25  56.25  29.969   7.427 0.000
 58.25  59.25   3.565   1.688 0.000
 62.25  63.25  17.738   6.027 0.000
 65.25  66.25 999.999  22.950 0.000
 69.25  70.25  17.230  10.770 0.000
 72.25  73.25   9.309   5.144 0.000
 76.25  77.25  19.868   6.408 0.000
 79.25  80.25   8.578   3.600 0.000
 83.25  84.25  13.660   5.787 0.000
 86.25  87.25  38.572   8.664 0.000
 90.25  91.25   4.982   2.564 0.000
 93.25  94.25  12.568   4.822 0.000
 97.25  98.25   7.493   3.026 0.000
100.25 101.25  25.044   8.430 0.000
104.25 105.25  65.460  15.201 0.000
107.25 108.25  16.050   3.862 0.000
111.25 112.25  11.178   9.216 0.000
114.25 115.25  41.852  10.367 0.000
118.25 119.25  18.202   5.771 0.000
121.25 122.25  13.040   6.189 0.000
125.25 126.25  27.348   6.632 0.000
128.25 129.25   6.980   2.967 0.000
132.25 133.25  14.395   5.988 0.000
135.25 136.25  21.053 999.999 0.000
139.25 140.25  29.659  19.692 0.000
142.25 143.25  16.001   7.856 0.000
146.25 147.25  22.492  12.020 0.000
149.25 150.25  20.623  10.198 0.000
153.25 154.25  19.345   9.331 0.000
156.25 157.25  20.253   7.897 0.000
160.25 161.25  21.009   7.832 0.000
163.25 164.25  27.990   8.327 0.000
167.25 168.25  20.413   5.125 0.000
170.25 171.25  12.472   5.216 0.000
174.25 175.25  16.204   8.006 0.000
177.25 178.25  11.540   3.818 0.000
181.25 182.25  17.724   9.873 0.000
184.25 185.25   7.287   4.490 0.000
188.25 189.25   9.578   5.290 0.000
191.25 192.25  13.748   7.157 0.000
195.25 196.25  16.096  10.790 0.000
198.25 199.25  25.625  13.611 0.000
202.25 203.25  13.094   4.239 0.000
205.25 206.25 999.999 999.999 0.999
209.25 210.25   9.553   4.295 0.000
212.25 213.25   8.566   5.239 0.000
216.25 217.25   3.772   3.323 0.000
219.25 220.25   7.156   4.370 0.000
223.25 224.25  15.271   6.420 0.000
226.25 227.25   8.445   6.366 0.000
230.25 231.25  13.645   7.793 0.000
233.25 234.25  20.018  17.346 0.000
237.25 238.25 999.999   7.036 0.000
240.25 241.25   6.909   5.039 0.000
244.25 245.25  15.492  12.137 0.000
247.25 248.25  23.540  16.910 0.000
251.25 252.25  14.793   9.807 0.000
254.25 255.25  12.427   4.149 0.000
258.25 259.25   8.662   4.024 0.000
261.25 262.25   6.323   3.130 0.000
265.25 266.25  11.096   7.097 0.000
268.25 269.25   8.488   4.397 0.000
272.25 273.25   7.312   3.578 0.000
275.25 276.25  10.658   3.518 0.000
279.25 280.25   4.847   2.641 0.000
282.25 283.25   8.608   3.245 0.000
286.25 287.25   9.133   4.588 0.000
289.25 290.25  17.399   4.116 0.000
293.25 294.25   0.645   0.806 0.000
296.25 297.25   4.288   2.356 0.000
300.25 301.25   3.565   2.050 0.000
303.25 304.25   3.565   2.284 0.000
307.25 308.25   2.633   0.529 0.000
310.25 311.25  14.983   3.879 0.000
314.25 315.25   9.586   2.469 0.000
317.25 318.25  14.194   4.074 0.000
321.25 322.25   9.284   5.623 0.000
324.25 325.25  13.117   4.444 0.000
328.25 329.25  13.295   3.906 0.000
331.25 332.25  16.897  10.135 0.000
335.25 336.25 999.999 999.999 0.999
338.25 339.25  11.484   2.505 0.000
342.25 343.25   6.242   3.630 0.000
345.25 346.25   6.476   3.914 0.000
349.25 350.25   8.652   3.346 0.000
352.25 353.25   5.742   3.581 0.000
356.25 357.25  13.423   6.976 0.000
359.25 360.25   8.535   3.203 0.000
363.25 364.25   4.884   3.142 0.000
