scripts/IMPROVE-2019_partial/data/US0048R.19960103060000.20191216000000.filterpack...1y.3d.US03L_filterpack_US0048.US03L_IMPROVE_Davis.lev2.nas
51 1001
MISSING INFORMATION
US03L, IMPROVE, , , , , , , 
MISSING INFORMATION
IMPROVE sel_HTAP
1 1
1996 01 01 2019 12 16
0
days from file reference point
4
1 1 1 1
999.99 999.999 999.999 9.999
end_time of measurement, days from the file reference point
pm10_mass, ug/m3, Matrix=pm10
pm25_mass, ug/m3, Matrix=pm25
numflag, no unit
0
33
Data definition:              EBAS_1.1
Set type code:                TI
Timezone:                     UTC
File name:                    US0048R.19960103060000.20191216000000.filterpack...1y.3d.US03L_filterpack_US0048.US03L_IMPROVE_Davis.lev2.nas
File creation:                20191218115817
Startdate:                    19960103060000
Revision date:                20191216000000
Version:                      2
Version description:          "Data extracted from http://views.cira.colostate.edu/fed/DataWizard 2019-12-16"
Statistics:                   arithmetic mean
Data level:                   2
Period code:                  1y
Resolution code:              3d
Sample duration:              1d
Orig. time res.:              3d
Station code:                 US0048R
Platform code:                US0048S
Station name:                 Boundary Waters Canoe Area
Station latitude:             47.9466
Station longitude:            -91.4955
Station altitude:             526.0 m
Regime:                       IMG
Component:                    
Unit:                         ug/m3
Matrix:                       
Laboratory code:              US03L
Instrument type:              filterpack
Instrument name:              filterpack_US0048
Method ref:                   US03L_IMPROVE_Davis
Blank correction:             Blank corrected
Volume std. temperature:      ambient
Volume std. pressure:         ambient
starttime endtime PM10 PM2.5 flag
  2.25   3.25 999.999 999.999 0.999
  5.25   6.25 999.999 999.999 0.999
  9.25  10.25   4.655   3.964 0.000
 12.25  13.25   3.569   2.490 0.000
 16.25  17.25   5.022   3.489 0.000
 19.25  20.25   4.708   3.554 0.000
 23.25  24.25   7.447   6.019 0.000
 26.25  27.25   4.142   2.849 0.000
 30.25  31.25 999.999 999.999 0.999
 33.25  34.25 999.999 999.999 0.999
 37.25  38.25 999.999 999.999 0.999
 40.25  41.25 999.999 999.999 0.999
 44.25  45.25   4.927   4.066 0.000
 47.25  48.25   3.802   2.699 0.000
 51.25  52.25 999.999 999.999 0.999
 54.25  55.25 999.999 999.999 0.999
 58.25  59.25 999.999 999.999 0.999
 61.25  62.25 999.999 999.999 0.999
 65.25  66.25   7.216   4.966 0.000
 68.25  69.25   6.595   3.886 0.000
 72.25  73.25  25.132  19.106 0.000
 75.25  76.25   7.826   3.332 0.000
 79.25  80.25   2.829   2.073 0.000
 82.25  83.25   6.026   3.973 0.000
 86.25  87.25   9.926   6.769 0.000
 89.25  90.25   7.284   6.123 0.000
 93.25  94.25   4.390   3.314 0.000
 96.25  97.25   4.652   3.489 0.000
100.25 101.25  20.222  12.058 0.000
103.25 104.25   4.462   2.384 0.000
107.25 108.25   6.348   4.630 0.000
110.25 111.25   4.498   2.348 0.000
114.25 115.25   3.768   1.862 0.000
117.25 118.25   5.109   2.178 0.000
121.25 122.25   6.117   1.578 0.000
124.25 125.25   2.843   2.336 0.000
128.25 129.25   9.861   8.929 0.000
131.25 132.25   4.104   3.582 0.000
135.25 136.25   7.588   7.100 0.000
138.25 139.25   5.203   2.976 0.000
142.25 143.25   4.263   2.357 0.000
145.25 146.25   5.947   2.985 0.000
149.25 150.25 999.999 999.999 0.999
152.25 153.25 999.999 999.999 0.999
156.25 157.25 999.999 999.999 0.999
159.25 160.25 999.999 999.999 0.999
163.25 164.25  14.200   9.484 0.000
166.25 167.25  57.154  31.230 0.000
170.25 171.25  15.687  14.040 0.000
173.25 174.25   4.534   2.234 0.000
177.25 178.25   5.909   4.428 0.000
180.25 181.25 999.999 999.999 0.999
184.25 185.25 999.999 999.999 0.999
187.25 188.25 999.999 999.999 0.999
191.25 192.25 999.999 999.999 0.999
194.25 195.25 999.999 999.999 0.999
198.25 199.25 999.999 999.999 0.999
201.25 202.25 999.999 999.999 0.999
205.25 206.25 999.999 999.999 0.999
208.25 209.25 999.999 999.999 0.999
212.25 213.25 999.999 999.999 0.999
215.25 216.25 999.999 999.999 0.999
219.25 220.25   7.890   4.344 0.000
222.25 223.25   5.437   3.182 0.000
226.25 227.25   4.639   3.090 0.000
229.25 230.25  15.603   7.250 0.000
233.25 234.25   9.180   6.574 0.000
236.25 237.25  13.501   7.469 0.000
240.25 241.25   9.457   5.508 0.000
243.25 244.25  25.981  11.738 0.000
247.25 248.25  10.236   5.279 0.000
250.25 251.25 999.999 999.999 0.999
254.25 255.25 999.999 999.999 0.999
257.25 258.25 999.999   1.854 0.000
261.25 262.25   5.526   3.111 0.000
264.25 265.25  13.105   8.673 0.000
268.25 269.25   6.907   4.598 0.000
271.25 272.25   3.714   1.917 0.000
275.25 276.25   2.542   1.695 0.000
278.25 279.25  20.036  10.990 0.000
282.25 283.25   2.440   0.806 0.000
285.25 286.25  21.884   7.726 0.000
289.25 290.25   8.159   3.217 0.000
292.25 293.25   4.915   3.184 0.000
296.25 297.25   3.335   2.485 0.000
299.25 300.25  18.479  11.117 0.000
303.25 304.25 999.999 999.999 0.999
306.25 307.25   2.315   1.856 0.000
310.25 311.25 999.999 999.999 0.999
313.25 314.25   3.884   1.507 0.000
317.25 318.25   5.024   1.999 0.000
320.25 321.25   7.312   3.184 0.000
324.25 325.25   2.198   1.878 0.000
327.25 328.25   2.329   1.701 0.000
331.25 332.25   7.876   5.753 0.000
334.25 335.25   5.208   4.221 0.000
338.25 339.25   5.251   4.045 0.000
341.25 342.25  11.645   7.046 0.000
345.25 346.25 999.999   8.361 0.000
348.25 349.25 999.999   6.944 0.000
352.25 353.25   7.639   3.257 0.000
355.25 356.25  11.861   5.846 0.000
359.25 360.25   5.727   3.490 0.000
362.25 363.25   6.742   3.118 0.000
