scripts/IMPROVE-2019_partial/data/US0025R.20150103080000.20191216000000.filterpack...1y.3d.US03L_filterpack_US0025.US03L_IMPROVE_Davis.lev2.nas
52 1001
MISSING INFORMATION
US03L, IMPROVE, , , , , , , 
MISSING INFORMATION
IMPROVE sel_HTAP
1 1
2015 01 01 2019 12 16
3.000000
days from file reference point
5
1 1 1 1 1
999.999999 999.999 9.999 999.999 9.999
end_time of measurement, days from the file reference point
pm10_mass, ug/m3, Matrix=pm10
numflag pm10_mass, no unit, Matrix=pm10
pm25_mass, ug/m3, Matrix=pm25
numflag pm25_mass, no unit, Matrix=pm25
0
33
Data definition:              EBAS_1.1
Set type code:                TU
Timezone:                     UTC
File name:                    US0025R.20150103080000.20191216000000.filterpack...1y.3d.US03L_filterpack_US0025.US03L_IMPROVE_Davis.lev2.nas
File creation:                20191218115707
Startdate:                    20150103080000
Revision date:                20191216000000
Version:                      2
Version description:          "Data extracted from http://views.cira.colostate.edu/fed/DataWizard 2019-12-16"
Statistics:                   arithmetic mean
Data level:                   2
Period code:                  1y
Resolution code:              3d
Sample duration:              1d
Orig. time res.:              3d
Station code:                 US0025R
Platform code:                US0025S
Station name:                 Agua Tibia
Station latitude:             33.4636
Station longitude:            -116.9706
Station altitude:             507.0 m
Regime:                       IMG
Component:                    
Unit:                         ug/m3
Matrix:                       
Laboratory code:              US03L
Instrument type:              filterpack
Instrument name:              filterpack_US0025
Method ref:                   US03L_IMPROVE_Davis
Blank correction:             Blank corrected
Volume std. temperature:      ambient
Volume std. pressure:         ambient
starttime endtime PM10 flag_PM10 PM2.5 flag_PM2.5
  2.333333   3.333333 999.999 0.999 999.999 0.999
  5.333333   6.333333 999.999 0.999 999.999 0.999
  8.333333   9.333333 999.999 0.999 999.999 0.999
 11.333333  12.333333 999.999 0.999 999.999 0.999
 14.333333  15.333333 999.999 0.999 999.999 0.999
 17.333333  18.333333   4.844 0.000   1.655 0.000
 20.333333  21.333333 999.999 0.999 999.999 0.999
 23.333333  24.333333 999.999 0.456   2.056 0.000
 26.333333  27.333333   5.418 0.000   1.817 0.000
 29.333333  30.333333 999.999 0.456   1.935 0.000
 32.333333  33.333333 999.999 0.456   2.016 0.000
 35.333333  36.333333   7.028 0.000   3.503 0.000
 38.333333  39.333333   6.558 0.000   3.751 0.000
 41.333333  42.333333 999.999 0.999 999.999 0.999
 44.333333  45.333333   5.888 0.000   2.786 0.000
 47.333333  48.333333   9.972 0.000   5.303 0.000
 50.333333  51.333333  11.880 0.000   6.709 0.000
 53.333333  54.333333   6.440 0.000   2.763 0.000
 56.333333  57.333333 999.999 0.999 999.999 0.999
 59.333333  60.333333   1.361 0.000   0.936 0.000
 62.333333  63.333333 999.999 0.999 999.999 0.999
 65.333333  66.333333  10.530 0.000   4.126 0.000
 68.333333  69.333333  10.491 0.000   4.786 0.000
 71.333333  72.333333   5.859 0.000   1.542 0.000
 74.333333  75.333333   8.480 0.000   3.438 0.000
 77.333333  78.333333  12.575 0.000   5.070 0.000
 80.333333  81.333333   9.226 0.000   4.662 0.000
 83.333333  84.333333  13.417 0.000   4.714 0.000
 86.333333  87.333333   7.256 0.000   2.724 0.000
 89.333333  90.333333  13.326 0.000   5.952 0.000
 92.333333  93.333333  15.259 0.000   5.620 0.000
 95.333333  96.333333   9.816 0.000   4.241 0.000
 98.333333  99.333333  10.462 0.000   3.098 0.000
101.333333 102.333333  16.468 0.000   7.489 0.000
104.333333 105.333333  33.597 0.000   9.839 0.000
107.333333 108.333333  20.153 0.000   6.487 0.000
110.333333 111.333333  13.683 0.000   6.075 0.000
113.333333 114.333333   5.353 0.000   2.562 0.000
116.333333 117.333333  12.559 0.000   6.532 0.000
119.333333 120.333333  12.511 0.000   6.679 0.000
122.333333 123.333333  25.478 0.000  11.429 0.000
125.333333 126.333333  10.108 0.000   4.069 0.000
128.333333 129.333333  11.197 0.000   5.311 0.000
131.333333 132.333333  17.856 0.000   8.037 0.000
134.333333 135.333333   5.105 0.000   2.878 0.000
137.333333 138.333333  12.561 0.000   5.146 0.000
140.333333 141.333333  10.432 0.000   4.500 0.000
143.333333 144.333333  12.796 0.000   6.908 0.000
146.333333 147.333333   8.001 0.000   4.167 0.000
149.333333 150.333333  15.980 0.000   8.393 0.000
152.333333 153.333333 999.999 0.456 999.999 0.456
155.333333 156.333333 999.999 0.456 999.999 0.456
158.333333 159.333333 999.999 0.456 999.999 0.456
161.333333 162.333333   7.600 0.000   3.645 0.000
164.333333 165.333333   7.890 0.000   3.301 0.000
167.333333 168.333333  16.016 0.000   6.429 0.000
170.333333 171.333333  18.785 0.000   8.231 0.000
173.333333 174.333333  15.016 0.000 999.999 0.456
176.333333 177.333333  23.992 0.000   7.531 0.000
179.333333 180.333333  19.509 0.000   6.471 0.000
182.333333 183.333333  14.784 0.000   6.332 0.000
185.333333 186.333333   9.468 0.000   4.391 0.000
188.333333 189.333333  12.572 0.000   4.785 0.000
191.333333 192.333333  10.764 0.000   3.530 0.000
194.333333 195.333333  14.912 0.000   5.380 0.000
197.333333 198.333333  14.765 0.000   5.911 0.000
200.333333 201.333333  11.536 0.000   4.194 0.000
203.333333 204.333333   6.291 0.000   2.907 0.000
206.333333 207.333333  11.742 0.000   4.510 0.000
209.333333 210.333333  12.353 0.000   5.238 0.000
212.333333 213.333333  14.654 0.000   6.447 0.000
215.333333 216.333333  16.291 0.000   6.327 0.000
218.333333 219.333333  28.785 0.000  11.996 0.000
221.333333 222.333333  15.657 0.000   6.971 0.000
224.333333 225.333333  21.780 0.000  10.674 0.000
227.333333 228.333333  10.106 0.000   4.690 0.000
230.333333 231.333333  16.626 0.000   7.915 0.000
233.333333 234.333333  22.263 0.000  12.671 0.000
236.333333 237.333333  20.751 0.000   9.109 0.000
239.333333 240.333333  13.642 0.000   5.301 0.000
242.333333 243.333333  19.525 0.000   7.226 0.000
245.333333 246.333333  15.408 0.000   5.972 0.000
248.333333 249.333333  12.310 0.000   4.986 0.000
251.333333 252.333333  34.753 0.000   9.336 0.000
254.333333 255.333333  13.326 0.000   5.866 0.000
257.333333 258.333333   3.599 0.000   1.381 0.000
260.333333 261.333333  13.875 0.000   5.555 0.000
263.333333 264.333333  15.529 0.000   6.498 0.000
266.333333 267.333333  18.318 0.000   7.552 0.000
269.333333 270.333333  10.767 0.000   4.147 0.000
272.333333 273.333333 999.999 0.999 999.999 0.999
275.333333 276.333333 999.999 0.999 999.999 0.999
278.333333 279.333333 999.999 0.999 999.999 0.999
281.333333 282.333333   6.443 0.000   2.293 0.000
284.333333 285.333333   9.266 0.000   4.106 0.000
287.333333 288.333333   7.313 0.000   3.600 0.000
290.333333 291.333333   8.255 0.000   4.178 0.000
293.333333 294.333333  12.717 0.000   4.683 0.000
296.333333 297.333333   8.876 0.000   3.579 0.000
299.333333 300.333333  12.594 0.000   4.429 0.000
302.333333 303.333333  12.783 0.000   2.249 0.000
305.333333 306.333333   7.518 0.000   2.491 0.000
308.333333 309.333333   4.319 0.000   1.319 0.000
311.333333 312.333333   6.863 0.000   2.124 0.000
314.333333 315.333333   5.240 0.000   1.198 0.000
317.333333 318.333333   6.766 0.000   2.697 0.000
320.333333 321.333333  12.094 0.000   2.346 0.000
323.333333 324.333333   4.349 0.000   1.008 0.000
326.333333 327.333333   5.264 0.000   1.852 0.000
329.333333 330.333333   6.743 0.000   2.253 0.000
332.333333 333.333333   4.969 0.000   1.898 0.000
335.333333 336.333333   3.779 0.000   1.046 0.000
338.333333 339.333333   3.850 0.000   1.251 0.000
341.333333 342.333333   3.633 0.000   1.498 0.000
344.333333 345.333333   9.312 0.000   3.429 0.000
347.333333 348.333333   3.762 0.000   1.851 0.000
350.333333 351.333333   5.018 0.000   2.345 0.000
353.333333 354.333333   6.032 0.000   2.557 0.000
356.333333 357.333333   7.929 0.000   2.996 0.000
359.333333 360.333333  25.076 0.000   3.717 0.000
362.333333 363.333333   4.536 0.000   2.145 0.000
