scripts/IMPROVE-2019_partial/data/US0028R.20110103050000.20191216000000.filterpack...1y.3d.US03L_filterpack_US0028.US03L_IMPROVE_Davis.lev2.nas
51 1001
MISSING INFORMATION
US03L, IMPROVE, , , , , , , 
MISSING INFORMATION
IMPROVE sel_HTAP
1 1
2011 01 01 2019 12 16
3.000000
days from file reference point
4
1 1 1 1
999.999999 999.999 999.999 9.999
end_time of measurement, days from the file reference point
pm10_mass, ug/m3, Matrix=pm10
pm25_mass, ug/m3, Matrix=pm25
numflag, no unit
0
33
Data definition:              EBAS_1.1
Set type code:                TU
Timezone:                     UTC
File name:                    US0028R.20110103050000.20191216000000.filterpack...1y.3d.US03L_filterpack_US0028.US03L_IMPROVE_Davis.lev2.nas
File creation:                20191218115722
Startdate:                    20110103050000
Revision date:                20191216000000
Version:                      2
Version description:          "Data extracted from http://views.cira.colostate.edu/fed/DataWizard 2019-12-16"
Statistics:                   arithmetic mean
Data level:                   2
Period code:                  1y
Resolution code:              3d
Sample duration:              1d
Orig. time res.:              3d
Station code:                 US0028R
Platform code:                US0028S
Station name:                 Cohutta
Station latitude:             34.7852
Station longitude:            -84.6265
Station altitude:             735.0 m
Regime:                       IMG
Component:                    
Unit:                         ug/m3
Matrix:                       
Laboratory code:              US03L
Instrument type:              filterpack
Instrument name:              filterpack_US0028
Method ref:                   US03L_IMPROVE_Davis
Blank correction:             Blank corrected
Volume std. temperature:      ambient
Volume std. pressure:         ambient
starttime endtime PM10 PM2.5 flag
  2.208333   3.208333 999.999   2.185 0.000
  5.208333   6.208333 999.999   4.928 0.000
  8.208333   9.208333 999.999   3.843 0.000
 11.208333  12.208333 999.999 999.999 0.999
 14.208333  15.208333 999.999 999.999 0.999
 17.208333  18.208333 999.999 999.999 0.999
 20.208333  21.208333   4.243   3.162 0.000
 23.208333  24.208333   6.502   4.361 0.000
 26.208333  27.208333 999.999 999.999 0.999
 29.208333  30.208333 999.999 999.999 0.999
 32.208333  33.208333   5.263   4.004 0.000
 35.208333  36.208333   2.269   0.873 0.000
 38.208333  39.208333   5.192   4.643 0.000
 41.208333  42.208333   6.566   4.328 0.000
 44.208333  45.208333   8.380   6.125 0.000
 47.208333  48.208333  25.148  18.523 0.000
 50.208333  51.208333   8.881   3.546 0.000
 53.208333  54.208333  13.784   9.254 0.000
 56.208333  57.208333   7.202   5.525 0.000
 59.208333  60.208333 999.999 999.999 0.999
 62.208333  63.208333  12.536   8.462 0.000
 65.208333  66.208333   6.845   5.293 0.000
 68.208333  69.208333   3.619   2.859 0.000
 71.208333  72.208333  11.926   8.470 0.000
 74.208333  75.208333   6.521   5.313 0.000
 77.208333  78.208333  19.775  17.269 0.000
 80.208333  81.208333  23.043  19.427 0.000
 83.208333  84.208333  11.729   8.630 0.000
 86.208333  87.208333 999.999 999.999 0.999
 89.208333  90.208333   6.535   6.171 0.000
 92.208333  93.208333   6.087   3.622 0.000
 95.208333  96.208333 999.999 999.999 0.999
 98.208333  99.208333 999.999 999.999 0.999
101.208333 102.208333 999.999 999.999 0.999
104.208333 105.208333  17.384  13.106 0.000
107.208333 108.208333  16.698  11.316 0.000
110.208333 111.208333   9.685   5.205 0.000
113.208333 114.208333  18.695  10.833 0.000
116.208333 117.208333 999.999 999.999 0.999
119.208333 120.208333 999.999 999.999 0.999
122.208333 123.208333 999.999 999.999 0.999
125.208333 126.208333  14.617   7.333 0.000
128.208333 129.208333  23.316  17.012 0.000
131.208333 132.208333  24.328  16.049 0.000
134.208333 135.208333   3.938   2.317 0.000
137.208333 138.208333  10.007   8.126 0.000
140.208333 141.208333  20.293  14.801 0.000
143.208333 144.208333  20.155  14.913 0.000
146.208333 147.208333   9.610   5.884 0.000
149.208333 150.208333  23.119  19.324 0.000
152.208333 153.208333  29.366  23.398 0.000
155.208333 156.208333  25.690  19.048 0.000
158.208333 159.208333 999.999 999.999 0.999
161.208333 162.208333  16.298  14.827 0.000
164.208333 165.208333  12.412   9.721 0.000
167.208333 168.208333  12.411   9.852 0.000
170.208333 171.208333  13.328  10.715 0.000
173.208333 174.208333   8.845   5.011 0.000
176.208333 177.208333  13.888   8.657 0.000
179.208333 180.208333 999.999 999.999 0.999
182.208333 183.208333  17.690  12.075 0.000
185.208333 186.208333  13.079  10.047 0.000
188.208333 189.208333 999.999 999.999 0.999
191.208333 192.208333 999.999 999.999 0.999
194.208333 195.208333  17.126  13.076 0.000
197.208333 198.208333  13.151   5.885 0.000
200.208333 201.208333 999.999 999.999 0.999
203.208333 204.208333  13.809  10.711 0.000
206.208333 207.208333  16.460  12.388 0.000
209.208333 210.208333   7.194   4.675 0.000
212.208333 213.208333  12.813  10.335 0.000
215.208333 216.208333  14.577  11.566 0.000
218.208333 219.208333  14.924  12.043 0.000
221.208333 222.208333  10.654   6.495 0.000
224.208333 225.208333  13.305  10.224 0.000
227.208333 228.208333  11.116   8.526 0.000
230.208333 231.208333  16.369  12.480 0.000
233.208333 234.208333  14.979   9.964 0.000
236.208333 237.208333  17.951  12.136 0.000
239.208333 240.208333  13.271   8.777 0.000
242.208333 243.208333  21.386  16.956 0.000
245.208333 246.208333  21.635  16.830 0.000
248.208333 249.208333   0.995   0.646 0.000
251.208333 252.208333   9.371   6.453 0.000
254.208333 255.208333  15.261  10.815 0.000
257.208333 258.208333 999.999 999.999 0.999
260.208333 261.208333   7.323   3.810 0.000
263.208333 264.208333   6.671   5.089 0.000
266.208333 267.208333   6.831   4.269 0.000
269.208333 270.208333   8.680   5.502 0.000
272.208333 273.208333  15.720   5.388 0.000
275.208333 276.208333   5.571   3.015 0.000
278.208333 279.208333   9.898   5.915 0.000
281.208333 282.208333   7.951   3.949 0.000
284.208333 285.208333 999.999 999.999 0.999
287.208333 288.208333   8.990   3.423 0.000
290.208333 291.208333  13.047   8.879 0.000
293.208333 294.208333   6.484   4.120 0.000
296.208333 297.208333   8.013   5.239 0.000
299.208333 300.208333 999.999 999.999 0.999
302.208333 303.208333   9.409   5.632 0.000
305.208333 306.208333 999.999 999.999 0.999
308.208333 309.208333  13.960  11.164 0.000
311.208333 312.208333   7.799   4.142 0.000
314.208333 315.208333   5.880   3.170 0.000
317.208333 318.208333  10.817   6.319 0.000
320.208333 321.208333   3.401   1.817 0.000
323.208333 324.208333   6.309   4.229 0.000
326.208333 327.208333   3.774   2.432 0.000
329.208333 330.208333   8.585   5.082 0.000
332.208333 333.208333 999.999 999.999 0.999
335.208333 336.208333   6.611   5.342 0.000
338.208333 339.208333  10.840   6.407 0.000
341.208333 342.208333   3.889   3.052 0.000
344.208333 345.208333   6.309   5.151 0.000
347.208333 348.208333 999.999 999.999 0.999
350.208333 351.208333   2.392   1.816 0.000
353.208333 354.208333   7.874   5.653 0.000
356.208333 357.208333   4.189   3.391 0.000
359.208333 360.208333   2.683   1.971 0.000
362.208333 363.208333   3.919   2.433 0.000
