scripts/IMPROVE-2019_partial/data/US0078R.19950104070000.20191216000000.filterpack...1y.3d.US03L_filterpack_US0078.US03L_IMPROVE_Davis.lev2.nas
51 1001
MISSING INFORMATION
US03L, IMPROVE, , , , , , , 
MISSING INFORMATION
IMPROVE sel_HTAP
1 1
1995 01 01 2019 12 16
0
days from file reference point
4
1 1 1 1
999.999999 999.999 999.999 9.999
end_time of measurement, days from the file reference point
pm10_mass, ug/m3, Matrix=pm10
pm25_mass, ug/m3, Matrix=pm25
numflag, no unit
0
33
Data definition:              EBAS_1.1
Set type code:                TI
Timezone:                     UTC
File name:                    US0078R.19950104070000.20191216000000.filterpack...1y.3d.US03L_filterpack_US0078.US03L_IMPROVE_Davis.lev2.nas
File creation:                20191218120041
Startdate:                    19950104070000
Revision date:                20191216000000
Version:                      2
Version description:          "Data extracted from http://views.cira.colostate.edu/fed/DataWizard 2019-12-16"
Statistics:                   arithmetic mean
Data level:                   2
Period code:                  1y
Resolution code:              3d
Sample duration:              1d
Orig. time res.:              3d
Station code:                 US0078R
Platform code:                US0078S
Station name:                 Lone Peak Wilderness
Station latitude:             40.4449
Station longitude:            -111.7081
Station altitude:             1768.0 m
Regime:                       IMG
Component:                    
Unit:                         ug/m3
Matrix:                       
Laboratory code:              US03L
Instrument type:              filterpack
Instrument name:              filterpack_US0078
Method ref:                   US03L_IMPROVE_Davis
Blank correction:             Blank corrected
Volume std. temperature:      ambient
Volume std. pressure:         ambient
starttime endtime PM10 PM2.5 flag
  3.291667   4.291667   3.915   2.465 0.000
  6.291667   7.291667   1.852   1.127 0.000
 10.291667  11.291667 999.999 999.999 0.999
 13.291667  14.291667 999.999 999.999 0.999
 17.291667  18.291667 999.999 999.999 0.999
 20.291667  21.291667 999.999 999.999 0.999
 24.291667  25.291667   4.978   3.891 0.000
 27.291667  28.291667   5.650   5.392 0.000
 31.291667  32.291667   3.913   3.788 0.000
 34.291667  35.291667   6.217   2.867 0.000
 38.291667  39.291667   3.030   1.730 0.000
 41.291667  42.291667   3.290   1.952 0.000
 45.291667  46.291667   7.288   3.413 0.000
 48.291667  49.291667   2.881   1.195 0.000
 52.291667  53.291667  15.041   6.556 0.000
 55.291667  56.291667   7.787   4.040 0.000
 59.291667  60.291667   5.984   3.313 0.000
 62.291667  63.291667   2.214   1.116 0.000
 66.291667  67.291667   2.829   2.022 0.000
 69.291667  70.291667   1.263   0.975 0.000
 73.291667  74.291667   6.053   2.374 0.000
 76.291667  77.291667   6.191   3.247 0.000
 80.291667  81.291667   3.958   1.736 0.000
 83.291667  84.291667   3.154   1.924 0.000
 87.291667  88.291667   8.835   3.901 0.000
 90.291667  91.291667   7.507   4.196 0.000
 94.291667  95.291667   6.910   2.223 0.000
 97.291667  98.291667   9.076   2.437 0.000
101.291667 102.291667   8.954   4.891 0.000
104.291667 105.291667  14.629   7.005 0.000
108.291667 109.291667   2.492   1.714 0.000
111.291667 112.291667   4.851   3.782 0.000
115.291667 116.291667   8.957   4.982 0.000
118.291667 119.291667   3.959   2.506 0.000
122.291667 123.291667   4.755   2.541 0.000
125.291667 126.291667  14.197   4.728 0.000
129.291667 130.291667   7.561   5.326 0.000
132.291667 133.291667   5.744   4.090 0.000
136.291667 137.291667   5.699   3.762 0.000
139.291667 140.291667   4.796   3.472 0.000
143.291667 144.291667   1.667   1.302 0.000
146.291667 147.291667   8.673   4.138 0.000
150.291667 151.291667 999.999 999.999 0.999
153.291667 154.291667 999.999 999.999 0.999
157.291667 158.291667 999.999 999.999 0.999
160.291667 161.291667 999.999 999.999 0.999
164.291667 165.291667  11.981   6.276 0.000
167.291667 168.291667  12.279   3.919 0.000
171.291667 172.291667  10.995   4.161 0.000
174.291667 175.291667  12.427   6.026 0.000
178.291667 179.291667   8.430   2.884 0.000
181.291667 182.291667   7.623   4.255 0.000
185.291667 186.291667   5.909   2.830 0.000
188.291667 189.291667  16.159   6.740 0.000
192.291667 193.291667 999.999 999.999 0.999
195.291667 196.291667  15.304   6.098 0.000
199.291667 200.291667 999.999 999.999 0.999
202.291667 203.291667   5.568   2.858 0.000
206.291667 207.291667   8.039   3.588 0.000
209.291667 210.291667  26.057   9.007 0.000
213.291667 214.291667  15.799   5.845 0.000
216.291667 217.291667  19.187   5.527 0.000
220.291667 221.291667  13.104   6.481 0.000
223.291667 224.291667   9.278   4.817 0.000
227.291667 228.291667  13.327   5.658 0.000
230.291667 231.291667  13.511   5.201 0.000
234.291667 235.291667   6.569   4.127 0.000
237.291667 238.291667  11.730   4.744 0.000
241.291667 242.291667   9.259   5.058 0.000
244.291667 245.291667  10.948   6.084 0.000
248.291667 249.291667 999.999 999.999 0.999
251.291667 252.291667 999.999 999.999 0.999
255.291667 256.291667 999.999 999.999 0.999
258.291667 259.291667 999.999 999.999 0.999
262.291667 263.291667 999.999 999.999 0.999
265.291667 266.291667 999.999 999.999 0.999
269.291667 270.291667 999.999 999.999 0.999
272.291667 273.291667 999.999 999.999 0.999
276.291667 277.291667   3.316   1.401 0.000
279.291667 280.291667   7.218   3.208 0.000
283.291667 284.291667 999.999 999.999 0.999
286.291667 287.291667 999.999 999.999 0.999
290.291667 291.291667 999.999 999.999 0.999
293.291667 294.291667 999.999 999.999 0.999
297.291667 298.291667   7.993   3.710 0.000
300.291667 301.291667   8.402   3.058 0.000
304.291667 305.291667  31.358   3.247 0.000
307.291667 308.291667 999.999 999.999 0.999
311.291667 312.291667 999.999 999.999 0.999
314.291667 315.291667 999.999 999.999 0.999
318.291667 319.291667 999.999 999.999 0.999
321.291667 322.291667 999.999 999.999 0.999
325.291667 326.291667 999.999 999.999 0.999
328.291667 329.291667 999.999 999.999 0.999
332.291667 333.291667 999.999 999.999 0.999
335.291667 336.291667 999.999 999.999 0.999
339.291667 340.291667 999.999 999.999 0.999
342.291667 343.291667   4.898   2.528 0.000
346.291667 347.291667  13.784   3.649 0.000
349.291667 350.291667   3.718   2.121 0.000
353.291667 354.291667  15.957  12.168 0.000
356.291667 357.291667  11.414   8.688 0.000
360.291667 361.291667  36.781  24.640 0.000
363.291667 364.291667   2.059   1.046 0.000
