scripts/IMPROVE-2019_partial/data/US0040R.20080101060000.20191216000000.filterpack...52w.3d.US03L_filterpack_US0040.US03L_IMPROVE_Davis.lev2.nas
52 1001
MISSING INFORMATION
US03L, IMPROVE, , , , , , , 
MISSING INFORMATION
IMPROVE sel_HTAP
1 1
2008 01 01 2019 12 16
3.00
days from file reference point
5
1 1 1 1 1
999.99 999.999 9.999 999.999 9.999
end_time of measurement, days from the file reference point
pm10_mass, ug/m3, Matrix=pm10
numflag pm10_mass, no unit, Matrix=pm10
pm25_mass, ug/m3, Matrix=pm25
numflag pm25_mass, no unit, Matrix=pm25
0
33
Data definition:              EBAS_1.1
Set type code:                TU
Timezone:                     UTC
File name:                    US0040R.20080101060000.20191216000000.filterpack...52w.3d.US03L_filterpack_US0040.US03L_IMPROVE_Davis.lev2.nas
File creation:                20191218115755
Startdate:                    20080101060000
Revision date:                20191216000000
Version:                      2
Version description:          "Data extracted from http://views.cira.colostate.edu/fed/DataWizard 2019-12-16"
Statistics:                   arithmetic mean
Data level:                   2
Period code:                  52w
Resolution code:              3d
Sample duration:              1d
Orig. time res.:              3d
Station code:                 US0040R
Platform code:                US0040S
Station name:                 Cadiz
Station latitude:             36.7842
Station longitude:            -87.8501
Station altitude:             191.0 m
Regime:                       IMG
Component:                    
Unit:                         ug/m3
Matrix:                       
Laboratory code:              US03L
Instrument type:              filterpack
Instrument name:              filterpack_US0040
Method ref:                   US03L_IMPROVE_Davis
Blank correction:             Blank corrected
Volume std. temperature:      ambient
Volume std. pressure:         ambient
starttime endtime PM10 flag_PM10 PM2.5 flag_PM2.5
  0.25   1.25   6.155 0.000   4.121 0.000
  3.25   4.25   9.612 0.000   6.710 0.000
  6.25   7.25   8.775 0.000   5.105 0.000
  9.25  10.25   7.971 0.000   5.612 0.000
 12.25  13.25  13.344 0.000  11.809 0.000
 15.25  16.25  11.628 0.000   8.952 0.000
 18.25  19.25   7.968 0.000   5.143 0.000
 21.25  22.25  11.288 0.000   9.202 0.000
 24.25  25.25  15.491 0.000  10.658 0.000
 27.25  28.25   7.462 0.000   5.684 0.000
 30.25  31.25   7.712 0.000   6.125 0.000
 33.25  34.25  10.233 0.000   7.021 0.000
 36.25  37.25 999.999 0.999 999.999 0.999
 39.25  40.25   6.165 0.000   3.404 0.000
 42.25  43.25   6.167 0.000   5.830 0.000
 45.25  46.25  19.830 0.000  17.261 0.000
 48.25  49.25   3.057 0.000   2.271 0.000
 51.25  52.25  18.119 0.000  15.410 0.000
 54.25  55.25  24.230 0.000  22.849 0.000
 57.25  58.25   6.271 0.000   4.885 0.000
 60.25  61.25   4.868 0.000   3.039 0.000
 63.25  64.25   3.063 0.000   2.727 0.000
 66.25  67.25  14.047 0.000  12.792 0.000
 69.25  70.25  10.795 0.000   8.423 0.000
 72.25  73.25  14.919 0.000   8.549 0.000
 75.25  76.25  14.082 0.000  12.245 0.000
 78.25  79.25   7.277 0.000   4.343 0.000
 81.25  82.25  11.216 0.000   8.973 0.000
 84.25  85.25  10.958 0.000   7.524 0.000
 87.25  88.25  14.761 0.000  10.733 0.000
 90.25  91.25  18.554 0.000  15.073 0.000
 93.25  94.25   7.815 0.000   7.013 0.000
 96.25  97.25  13.592 0.000  11.878 0.000
 99.25 100.25  17.619 0.000  14.774 0.000
102.25 103.25   3.602 0.000   2.280 0.000
105.25 106.25   8.933 0.000   6.493 0.000
108.25 109.25  15.629 0.000   9.950 0.000
111.25 112.25  16.122 0.000  12.436 0.000
114.25 115.25  26.108 0.000  16.888 0.000
117.25 118.25  13.739 0.000   8.625 0.000
120.25 121.25  19.195 0.000   8.999 0.000
123.25 124.25  15.562 0.000   3.993 0.000
126.25 127.25  18.394 0.000   8.688 0.000
129.25 130.25  20.972 0.000  10.095 0.000
132.25 133.25  13.093 0.000   4.230 0.000
135.25 136.25  20.602 0.000  10.245 0.000
138.25 139.25  26.760 0.000   8.356 0.000
141.25 142.25  19.855 0.000   6.901 0.000
144.25 145.25  18.109 0.000  11.145 0.000
147.25 148.25   9.569 0.000   4.191 0.000
150.25 151.25  22.923 0.000  13.624 0.000
153.25 154.25  17.475 0.000  10.395 0.000
156.25 157.25  16.462 0.000   7.073 0.000
159.25 160.25  18.114 0.000   8.502 0.000
162.25 163.25  17.171 0.000  10.171 0.000
165.25 166.25 999.999 0.999 999.999 0.999
168.25 169.25  17.660 0.000   5.882 0.000
171.25 172.25  21.723 0.000  13.217 0.000
174.25 175.25  18.853 0.000   9.415 0.000
177.25 178.25  23.370 0.000  13.128 0.000
180.25 181.25  12.107 0.000   4.500 0.000
183.25 184.25  17.416 0.000   9.359 0.000
186.25 187.25  20.021 0.000  15.275 0.000
189.25 190.25  29.297 0.000  16.261 0.000
192.25 193.25  10.720 0.000 999.999 0.999
195.25 196.25  13.065 0.000 999.999 0.999
198.25 199.25  25.476 0.000 999.999 0.999
201.25 202.25  28.463 0.000 999.999 0.999
204.25 205.25  15.102 0.000  10.426 0.000
207.25 208.25  15.658 0.000   9.468 0.000
210.25 211.25  24.511 0.000  15.456 0.000
213.25 214.25  17.426 0.000  14.010 0.000
216.25 217.25  15.254 0.000  11.600 0.000
219.25 220.25  15.294 0.000   9.440 0.000
222.25 223.25  17.738 0.000  14.866 0.000
225.25 226.25  18.032 0.000  12.569 0.000
228.25 229.25  17.765 0.000  12.504 0.000
231.25 232.25  26.886 0.000  20.566 0.000
234.25 235.25  23.261 0.000  16.787 0.000
237.25 238.25  12.152 0.000   7.751 0.000
240.25 241.25  23.203 0.000  18.945 0.000
243.25 244.25  28.096 0.000  22.162 0.000
246.25 247.25  29.965 0.000  21.131 0.000
249.25 250.25  13.269 0.000   9.734 0.000
252.25 253.25  17.731 0.000  13.498 0.000
255.25 256.25  15.607 0.000  10.285 0.000
258.25 259.25  11.311 0.000   4.929 0.000
261.25 262.25  18.925 0.000  11.006 0.000
264.25 265.25  22.802 0.000  18.273 0.000
267.25 268.25  24.449 0.000  16.554 0.000
270.25 271.25  24.427 0.000  10.950 0.000
273.25 274.25  13.348 0.000   7.208 0.000
276.25 277.25 999.999 0.999 999.999 0.999
279.25 280.25  35.308 0.000  21.197 0.000
282.25 283.25  14.576 0.000   7.797 0.000
285.25 286.25  11.984 0.000   8.899 0.000
288.25 289.25  15.074 0.000  11.370 0.000
291.25 292.25  14.632 0.000   9.390 0.000
294.25 295.25  34.553 0.000  10.464 0.000
297.25 298.25   4.662 0.000   3.374 0.000
300.25 301.25  15.615 0.000   3.036 0.000
303.25 304.25 999.999 0.999 999.999 0.999
306.25 307.25 999.999 0.999 999.999 0.999
309.25 310.25  12.226 0.000   9.865 0.000
312.25 313.25   8.159 0.000   4.909 0.000
315.25 316.25  12.514 0.000  10.248 0.000
318.25 319.25  10.790 0.000   9.134 0.000
321.25 322.25   7.728 0.000   6.196 0.000
324.25 325.25  18.076 0.000  13.595 0.000
327.25 328.25  14.424 0.000  11.493 0.000
330.25 331.25   9.053 0.000   5.950 0.000
333.25 334.25  12.124 0.000  11.230 0.000
336.25 337.25   6.140 0.000   5.915 0.000
339.25 340.25  10.815 0.000   9.088 0.000
342.25 343.25   6.840 0.000   5.498 0.000
345.25 346.25 999.999 0.456   8.708 0.000
348.25 349.25   6.961 0.000   4.766 0.000
351.25 352.25 999.999 0.456   8.945 0.000
354.25 355.25   7.579 0.000   7.203 0.000
357.25 358.25   8.825 0.000   8.197 0.000
360.25 361.25   6.675 0.000   5.954 0.000
363.25 364.25   4.508 0.000   2.667 0.000
