scripts/IMPROVE-2019_partial/data/US0081R.19980103050000.20191216000000.filterpack...1y.3d.US03L_filterpack_US0081.US03L_IMPROVE_Davis.lev2.nas
51 1001
MISSING INFORMATION
US03L, IMPROVE, , , , , , , 
MISSING INFORMATION
IMPROVE sel_HTAP
1 1
1998 01 01 2019 12 16
0
days from file reference point
4
1 1 1 1
999.999999 999.999 999.999 9.999
end_time of measurement, days from the file reference point
pm10_mass, ug/m3, Matrix=pm10
pm25_mass, ug/m3, Matrix=pm25
numflag, no unit
0
33
Data definition:              EBAS_1.1
Set type code:                TI
Timezone:                     UTC
File name:                    US0081R.19980103050000.20191216000000.filterpack...1y.3d.US03L_filterpack_US0081.US03L_IMPROVE_Davis.lev2.nas
File creation:                20191218120052
Startdate:                    19980103050000
Revision date:                20191216000000
Version:                      2
Version description:          "Data extracted from http://views.cira.colostate.edu/fed/DataWizard 2019-12-16"
Statistics:                   arithmetic mean
Data level:                   2
Period code:                  1y
Resolution code:              3d
Sample duration:              1d
Orig. time res.:              3d
Station code:                 US0081R
Platform code:                US0081S
Station name:                 Jefferson NF
Station latitude:             37.6167
Station longitude:            -79.4833
Station altitude:             219.0 m
Regime:                       IMG
Component:                    
Unit:                         ug/m3
Matrix:                       
Laboratory code:              US03L
Instrument type:              filterpack
Instrument name:              filterpack_US0081
Method ref:                   US03L_IMPROVE_Davis
Blank correction:             Blank corrected
Volume std. temperature:      ambient
Volume std. pressure:         ambient
starttime endtime PM10 PM2.5 flag
  2.208333   3.208333  15.147  16.067 0.000
  6.208333   7.208333  14.838   6.488 0.000
  9.208333  10.208333  11.032   9.336 0.000
 13.208333  14.208333  13.752   8.539 0.000
 16.208333  17.208333  19.823  11.634 0.000
 20.208333  21.208333  23.264  12.373 0.000
 23.208333  24.208333 999.999  14.941 0.000
 27.208333  28.208333 999.999  13.466 0.000
 30.208333  31.208333 999.999  15.833 0.000
 34.208333  35.208333   3.406   2.845 0.000
 37.208333  38.208333  15.083  11.728 0.000
 41.208333  42.208333  18.213  14.404 0.000
 44.208333  45.208333  16.902  13.797 0.000
 48.208333  49.208333  13.190   6.670 0.000
 51.208333  52.208333  16.075  11.745 0.000
 55.208333  56.208333  10.177   7.034 0.000
 58.208333  59.208333  28.206  20.803 0.000
 62.208333  63.208333  14.887  10.372 0.000
 65.208333  66.208333  19.529  15.482 0.000
 69.208333  70.208333   6.115   4.913 0.000
 72.208333  73.208333  17.425  10.904 0.000
 76.208333  77.208333  12.240  10.193 0.000
 79.208333  80.208333   7.673   3.219 0.000
 83.208333  84.208333  16.218  12.859 0.000
 86.208333  87.208333  19.759  10.461 0.000
 90.208333  91.208333  13.335   7.095 0.000
 93.208333  94.208333  10.097   6.855 0.000
 97.208333  98.208333  26.206  14.281 0.000
100.208333 101.208333  17.820  10.960 0.000
104.208333 105.208333  25.349  18.294 0.000
107.208333 108.208333  15.303  15.012 0.000
111.208333 112.208333  11.923   9.151 0.000
114.208333 115.208333  27.240  17.213 0.000
118.208333 119.208333  17.361  15.780 0.000
121.208333 122.208333  10.871   5.869 0.000
125.208333 126.208333  16.301  11.741 0.000
128.208333 129.208333  11.269   7.296 0.000
132.208333 133.208333   9.851   6.828 0.000
135.208333 136.208333  32.208  26.122 0.000
139.208333 140.208333  18.000  11.806 0.000
142.208333 143.208333  25.224  16.824 0.000
146.208333 147.208333  25.635  19.763 0.000
149.208333 150.208333  32.721  30.469 0.000
153.208333 154.208333  19.228  10.490 0.000
156.208333 157.208333  18.023  15.120 0.000
160.208333 161.208333  16.422  15.647 0.000
163.208333 164.208333  19.317  10.021 0.000
167.208333 168.208333  20.314  15.237 0.000
170.208333 171.208333  20.793  14.385 0.000
174.208333 175.208333  29.022  22.879 0.000
177.208333 178.208333  35.079  26.372 0.000
181.208333 182.208333  15.787  10.402 0.000
184.208333 185.208333  41.667  30.654 0.000
188.208333 189.208333  28.611  22.677 0.000
191.208333 192.208333  27.143  21.237 0.000
195.208333 196.208333  25.570  19.767 0.000
198.208333 199.208333  22.540  15.923 0.000
202.208333 203.208333  26.022  20.457 0.000
205.208333 206.208333  28.696  21.908 0.000
209.208333 210.208333  31.712  27.575 0.000
212.208333 213.208333  20.713  17.027 0.000
216.208333 217.208333  27.818  22.452 0.000
219.208333 220.208333  15.556  11.817 0.000
223.208333 224.208333  29.624  25.192 0.000
226.208333 227.208333  28.016  20.979 0.000
230.208333 231.208333  22.529  18.313 0.000
233.208333 234.208333  25.583  21.991 0.000
237.208333 238.208333  25.638  20.514 0.000
240.208333 241.208333  25.623  22.923 0.000
244.208333 245.208333 999.999  25.337 0.000
247.208333 248.208333  43.847  34.045 0.000
251.208333 252.208333   6.614   4.881 0.000
254.208333 255.208333  20.098  15.640 0.000
258.208333 259.208333  34.559  28.657 0.000
261.208333 262.208333  39.951  36.978 0.000
265.208333 266.208333   9.597   7.636 0.000
268.208333 269.208333  36.946  30.884 0.000
272.208333 273.208333  15.360  13.442 0.000
275.208333 276.208333  16.957  12.722 0.000
279.208333 280.208333  10.703   8.102 0.000
282.208333 283.208333  12.173  10.283 0.000
286.208333 287.208333 999.999 999.999 0.999
289.208333 290.208333  28.143  25.155 0.000
293.208333 294.208333   8.723   4.348 0.000
296.208333 297.208333  14.056   9.188 0.000
300.208333 301.208333  27.951  23.291 0.000
303.208333 304.208333  15.604  11.595 0.000
307.208333 308.208333  11.137   9.034 0.000
310.208333 311.208333  10.331   8.481 0.000
314.208333 315.208333   7.252   3.968 0.000
317.208333 318.208333  20.614  16.986 0.000
321.208333 322.208333  15.505  13.552 0.000
324.208333 325.208333  12.046   7.801 0.000
328.208333 329.208333  13.409   9.734 0.000
331.208333 332.208333  12.595   9.188 0.000
335.208333 336.208333  14.318   8.538 0.000
338.208333 339.208333  22.805  17.844 0.000
342.208333 343.208333   6.549   5.084 0.000
345.208333 346.208333  16.493  12.161 0.000
349.208333 350.208333  15.024  11.922 0.000
352.208333 353.208333  14.107  11.738 0.000
356.208333 357.208333   7.648   5.170 0.000
359.208333 360.208333  15.032  14.288 0.000
363.208333 364.208333   8.703   7.351 0.000
