scripts/IMPROVE-2019_partial/data/US0096R.20140102070000.20191216000000.filterpack...52w.3d.US03L_filterpack_US0096.US03L_IMPROVE_Davis.lev2.nas
51 1001
MISSING INFORMATION
US03L, IMPROVE, , , , , , , 
MISSING INFORMATION
IMPROVE sel_HTAP
1 1
2014 01 01 2019 12 16
3.000000
days from file reference point
4
1 1 1 1
999.999999 9999.999 999.999 9.999
end_time of measurement, days from the file reference point
pm10_mass, ug/m3, Matrix=pm10
pm25_mass, ug/m3, Matrix=pm25
numflag, no unit
0
33
Data definition:              EBAS_1.1
Set type code:                TU
Timezone:                     UTC
File name:                    US0096R.20140102070000.20191216000000.filterpack...52w.3d.US03L_filterpack_US0096.US03L_IMPROVE_Davis.lev2.nas
File creation:                20191218120156
Startdate:                    20140102070000
Revision date:                20191216000000
Version:                      2
Version description:          "Data extracted from http://views.cira.colostate.edu/fed/DataWizard 2019-12-16"
Statistics:                   arithmetic mean
Data level:                   2
Period code:                  52w
Resolution code:              3d
Sample duration:              1d
Orig. time res.:              3d
Station code:                 US0096R
Platform code:                US0096S
Station name:                 Queen Valley
Station latitude:             33.2939
Station longitude:            -111.2858
Station altitude:             661.0 m
Regime:                       IMG
Component:                    
Unit:                         ug/m3
Matrix:                       
Laboratory code:              US03L
Instrument type:              filterpack
Instrument name:              filterpack_US0096
Method ref:                   US03L_IMPROVE_Davis
Blank correction:             Blank corrected
Volume std. temperature:      ambient
Volume std. pressure:         ambient
starttime endtime PM10 PM2.5 flag
  1.291667   2.291667    9.230   1.940 0.000
  4.291667   5.291667    9.191   2.064 0.000
  7.291667   8.291667   10.184   3.440 0.000
 10.291667  11.291667   10.746   3.183 0.000
 13.291667  14.291667    8.322   2.000 0.000
 16.291667  17.291667    9.676   2.953 0.000
 19.291667  20.291667   10.659   3.139 0.000
 22.291667  23.291667   22.838   6.362 0.000
 25.291667  26.291667   19.536   5.589 0.000
 28.291667  29.291667   10.403   2.388 0.000
 31.291667  32.291667   17.864   3.289 0.000
 34.291667  35.291667    9.775   2.363 0.000
 37.291667  38.291667   10.923   2.994 0.000
 40.291667  41.291667    9.508   2.505 0.000
 43.291667  44.291667   16.449   3.168 0.000
 46.291667  47.291667   13.053   3.234 0.000
 49.291667  50.291667   16.727   4.138 0.000
 52.291667  53.291667   17.310   4.856 0.000
 55.291667  56.291667   22.354   6.029 0.000
 58.291667  59.291667   21.918   2.884 0.000
 61.291667  62.291667 9999.999 999.999 0.999
 64.291667  65.291667 9999.999 999.999 0.999
 67.291667  68.291667    4.526   1.001 0.000
 70.291667  71.291667   47.483   7.451 0.000
 73.291667  74.291667   13.920   3.362 0.000
 76.291667  77.291667   18.500   5.118 0.000
 79.291667  80.291667   19.430   5.661 0.000
 82.291667  83.291667   14.651   4.596 0.000
 85.291667  86.291667   53.702  11.079 0.000
 88.291667  89.291667   22.430   6.703 0.000
 91.291667  92.291667   23.087   5.441 0.000
 94.291667  95.291667   12.227   3.657 0.000
 97.291667  98.291667    8.031   3.938 0.000
100.291667 101.291667   10.500   4.173 0.000
103.291667 104.291667   10.053   3.863 0.000
106.291667 107.291667   22.834   5.559 0.000
109.291667 110.291667   12.203   3.771 0.000
112.291667 113.291667   21.657   6.552 0.000
115.291667 116.291667   38.651   8.337 0.000
118.291667 119.291667    9.788   2.930 0.000
121.291667 122.291667   15.122   6.440 0.000
124.291667 125.291667   26.532   6.838 0.000
127.291667 128.291667   19.076   6.898 0.000
130.291667 131.291667  100.729  17.444 0.000
133.291667 134.291667   32.121   6.567 0.000
136.291667 137.291667   19.913   6.964 0.000
139.291667 140.291667   24.373   5.935 0.000
142.291667 143.291667   22.281   4.769 0.000
145.291667 146.291667   20.607   6.234 0.000
148.291667 149.291667   16.342   5.111 0.000
151.291667 152.291667   13.322   3.853 0.000
154.291667 155.291667   15.604   4.026 0.000
157.291667 158.291667   19.851   6.787 0.000
160.291667 161.291667   26.011   9.565 0.000
163.291667 164.291667   24.337   6.971 0.000
166.291667 167.291667   14.292   4.420 0.000
169.291667 170.291667   16.738   3.924 0.000
172.291667 173.291667   13.358   3.744 0.000
175.291667 176.291667   22.148   5.089 0.000
178.291667 179.291667   22.097   5.264 0.000
181.291667 182.291667   19.255   4.319 0.000
184.291667 185.291667   13.888   5.730 0.000
187.291667 188.291667 9999.999 999.999 0.999
190.291667 191.291667   11.086   4.031 0.000
193.291667 194.291667   11.519   4.403 0.000
196.291667 197.291667   13.640   4.739 0.000
199.291667 200.291667   13.861   4.193 0.000
202.291667 203.291667   10.983   4.791 0.000
205.291667 206.291667  101.467  18.292 0.000
208.291667 209.291667    9.446   4.199 0.000
211.291667 212.291667   15.660   5.613 0.000
214.291667 215.291667    8.036   3.839 0.000
217.291667 218.291667   11.478   4.096 0.000
220.291667 221.291667   18.323   5.291 0.000
223.291667 224.291667   10.564   4.723 0.000
226.291667 227.291667   11.528   4.117 0.000
229.291667 230.291667   11.144   2.768 0.000
232.291667 233.291667   42.809   5.662 0.000
235.291667 236.291667    8.363   2.425 0.000
238.291667 239.291667   11.101   3.331 0.000
241.291667 242.291667   11.664   3.522 0.000
244.291667 245.291667   12.358   3.918 0.000
247.291667 248.291667   19.241   5.184 0.000
250.291667 251.291667    4.856   3.054 0.000
253.291667 254.291667    9.337   4.879 0.000
256.291667 257.291667    4.912   1.183 0.000
259.291667 260.291667    4.009   2.252 0.000
262.291667 263.291667   26.567   5.439 0.000
265.291667 266.291667   10.171   3.323 0.000
268.291667 269.291667   12.641   4.150 0.000
271.291667 272.291667   12.276   3.176 0.000
274.291667 275.291667    6.855   2.389 0.000
277.291667 278.291667   10.346   3.652 0.000
280.291667 281.291667   10.815   4.221 0.000
283.291667 284.291667   12.177   5.981 0.000
286.291667 287.291667    6.011   1.467 0.000
289.291667 290.291667   14.237   4.490 0.000
292.291667 293.291667    3.933   2.098 0.000
295.291667 296.291667    8.435   2.846 0.000
298.291667 299.291667   13.757   5.755 0.000
301.291667 302.291667   11.310   3.549 0.000
304.291667 305.291667   15.601   4.871 0.000
307.291667 308.291667    6.214   1.542 0.000
310.291667 311.291667   10.400   2.280 0.000
313.291667 314.291667   13.656   3.230 0.000
316.291667 317.291667   12.892   2.982 0.000
319.291667 320.291667    8.604   2.279 0.000
322.291667 323.291667   10.115   2.340 0.000
325.291667 326.291667   20.052   4.513 0.000
328.291667 329.291667    8.163   1.396 0.000
331.291667 332.291667   11.948   2.661 0.000
334.291667 335.291667   12.020   2.957 0.000
337.291667 338.291667    4.399   2.897 0.000
340.291667 341.291667    3.882   1.625 0.000
343.291667 344.291667   13.857   6.677 0.000
346.291667 347.291667    3.131   1.493 0.000
349.291667 350.291667    6.450   3.396 0.000
352.291667 353.291667    2.877   1.946 0.000
355.291667 356.291667    7.583   5.489 0.000
358.291667 359.291667 9999.999 999.999 0.999
361.291667 362.291667 9999.999 999.999 0.999
364.291667 365.291667    6.563   3.317 0.000
