scripts/IMPROVE-2019_partial/data/US0044R.20100102050000.20191216000000.filterpack...52w.3d.US03L_filterpack_US0044.US03L_IMPROVE_Davis.lev2.nas
51 1001
MISSING INFORMATION
US03L, IMPROVE, , , , , , , 
MISSING INFORMATION
IMPROVE sel_HTAP
1 1
2010 01 01 2019 12 16
3.000000
days from file reference point
4
1 1 1 1
999.999999 999.999 999.999 9.999
end_time of measurement, days from the file reference point
pm10_mass, ug/m3, Matrix=pm10
pm25_mass, ug/m3, Matrix=pm25
numflag, no unit
0
33
Data definition:              EBAS_1.1
Set type code:                TU
Timezone:                     UTC
File name:                    US0044R.20100102050000.20191216000000.filterpack...52w.3d.US03L_filterpack_US0044.US03L_IMPROVE_Davis.lev2.nas
File creation:                20191218115807
Startdate:                    20100102050000
Revision date:                20191216000000
Version:                      2
Version description:          "Data extracted from http://views.cira.colostate.edu/fed/DataWizard 2019-12-16"
Statistics:                   arithmetic mean
Data level:                   2
Period code:                  52w
Resolution code:              3d
Sample duration:              1d
Orig. time res.:              3d
Station code:                 US0044R
Platform code:                US0044S
Station name:                 Frostberg Reservoir (Big Piney Run)
Station latitude:             39.7058
Station longitude:            -79.0122
Station altitude:             767.0 m
Regime:                       IMG
Component:                    
Unit:                         ug/m3
Matrix:                       
Laboratory code:              US03L
Instrument type:              filterpack
Instrument name:              filterpack_US0044
Method ref:                   US03L_IMPROVE_Davis
Blank correction:             Blank corrected
Volume std. temperature:      ambient
Volume std. pressure:         ambient
starttime endtime PM10 PM2.5 flag
  1.208333   2.208333   7.135   3.746 0.000
  4.208333   5.208333   8.512   5.553 0.000
  7.208333   8.208333  12.505  11.322 0.000
 10.208333  11.208333   7.318   5.216 0.000
 13.208333  14.208333   6.441   3.887 0.000
 16.208333  17.208333   6.433   5.784 0.000
 19.208333  20.208333   9.875   7.721 0.000
 22.208333  23.208333  10.865   8.043 0.000
 25.208333  26.208333   4.648   3.225 0.000
 28.208333  29.208333   9.469   5.642 0.000
 31.208333  32.208333  14.673   9.143 0.000
 34.208333  35.208333  16.989  13.746 0.000
 37.208333  38.208333   8.853   7.112 0.000
 40.208333  41.208333  33.737   5.885 0.000
 43.208333  44.208333  38.772   6.451 0.000
 46.208333  47.208333 999.999 999.999 0.456
 49.208333  50.208333   7.278   6.240 0.000
 52.208333  53.208333  13.650  10.013 0.000
 55.208333  56.208333   8.106   6.161 0.000
 58.208333  59.208333   5.029   4.441 0.000
 61.208333  62.208333 999.999 999.999 0.999
 64.208333  65.208333  11.974   6.051 0.000
 67.208333  68.208333  22.634  12.767 0.000
 70.208333  71.208333   0.912   0.907 0.000
 73.208333  74.208333   3.722   3.234 0.000
 76.208333  77.208333  11.954   6.093 0.000
 79.208333  80.208333  18.396  12.411 0.000
 82.208333  83.208333  11.649   7.342 0.000
 85.208333  86.208333   6.677   3.785 0.000
 88.208333  89.208333   7.878   4.725 0.000
 91.208333  92.208333  19.512  12.197 0.000
 94.208333  95.208333  15.230   8.967 0.000
 97.208333  98.208333  12.409   6.112 0.000
100.208333 101.208333  17.407  11.117 0.000
103.208333 104.208333   7.648   5.141 0.000
106.208333 107.208333   6.401   3.812 0.000
109.208333 110.208333  10.123   5.237 0.000
112.208333 113.208333  19.987   9.454 0.000
115.208333 116.208333   2.555   1.687 0.000
118.208333 119.208333   7.829   3.565 0.000
121.208333 122.208333   9.153   6.507 0.000
124.208333 125.208333  10.271   5.713 0.000
127.208333 128.208333  12.396   4.650 0.000
130.208333 131.208333   6.102   3.597 0.000
133.208333 134.208333  19.099  12.514 0.000
136.208333 137.208333   3.965   2.462 0.000
139.208333 140.208333  11.803   7.626 0.000
142.208333 143.208333   8.215   5.703 0.000
145.208333 146.208333  11.522   6.788 0.000
148.208333 149.208333  13.770   9.868 0.000
151.208333 152.208333   0.281   0.087 0.000
154.208333 155.208333  18.657  13.620 0.000
157.208333 158.208333   9.044   5.616 0.000
160.208333 161.208333  14.332   7.984 0.000
163.208333 164.208333  13.380   9.821 0.000
166.208333 167.208333  12.264   8.623 0.000
169.208333 170.208333  16.337  11.352 0.000
172.208333 173.208333  17.309  11.025 0.000
175.208333 176.208333  20.483  14.617 0.000
178.208333 179.208333  11.281   8.615 0.000
181.208333 182.208333   7.665   3.320 0.000
184.208333 185.208333  17.567  13.544 0.000
187.208333 188.208333  25.523  20.770 0.000
190.208333 191.208333   8.114   5.131 0.000
193.208333 194.208333  10.983   6.985 0.000
196.208333 197.208333  21.496  17.758 0.000
199.208333 200.208333  13.484  10.569 0.000
202.208333 203.208333  16.219  11.339 0.000
205.208333 206.208333  21.585  12.240 0.000
208.208333 209.208333  20.263  16.840 0.000
211.208333 212.208333  15.160  11.036 0.000
214.208333 215.208333  16.587  12.155 0.000
217.208333 218.208333  19.122  14.363 0.000
220.208333 221.208333  17.657  14.068 0.000
223.208333 224.208333  18.729  16.129 0.000
226.208333 227.208333  13.443  10.417 0.000
229.208333 230.208333  12.478   8.711 0.000
232.208333 233.208333  18.984  13.847 0.000
235.208333 236.208333   4.354   1.948 0.000
238.208333 239.208333   9.832   6.199 0.000
241.208333 242.208333  17.004  12.620 0.000
244.208333 245.208333  14.188   8.944 0.000
247.208333 248.208333   5.675   3.076 0.000
250.208333 251.208333  16.634   5.652 0.000
253.208333 254.208333   7.921   3.938 0.000
256.208333 257.208333  11.787   5.151 0.000
259.208333 260.208333  12.085   5.310 0.000
262.208333 263.208333  11.460   7.286 0.000
265.208333 266.208333  20.933  13.431 0.000
268.208333 269.208333   8.851   4.838 0.000
271.208333 272.208333   7.997   5.685 0.000
274.208333 275.208333   6.303   4.097 0.000
277.208333 278.208333   4.053   2.455 0.000
280.208333 281.208333  10.322   4.801 0.000
283.208333 284.208333  22.046  11.433 0.000
286.208333 287.208333   7.956   4.732 0.000
289.208333 290.208333  15.990   6.793 0.000
292.208333 293.208333   9.678   5.843 0.000
295.208333 296.208333  12.518   5.862 0.000
298.208333 299.208333   8.320   3.749 0.000
301.208333 302.208333   6.269   3.567 0.000
304.208333 305.208333   6.381   3.790 0.000
307.208333 308.208333 999.999 999.999 0.999
310.208333 311.208333 999.999 999.999 0.999
313.208333 314.208333 999.999 999.999 0.999
316.208333 317.208333 999.999 999.999 0.999
319.208333 320.208333 999.999 999.999 0.999
322.208333 323.208333 999.999 999.999 0.999
325.208333 326.208333 999.999 999.999 0.999
328.208333 329.208333 999.999 999.999 0.999
331.208333 332.208333 999.999 999.999 0.999
334.208333 335.208333 999.999 999.999 0.999
337.208333 338.208333   8.720   6.842 0.000
340.208333 341.208333   6.303   5.753 0.000
343.208333 344.208333  13.725   8.834 0.000
346.208333 347.208333  10.690   3.914 0.000
349.208333 350.208333   6.189   5.130 0.000
352.208333 353.208333  11.382   9.763 0.000
355.208333 356.208333  13.504  10.210 0.000
358.208333 359.208333   8.629   7.571 0.000
361.208333 362.208333   9.191   4.753 0.000
364.208333 365.208333   8.810   6.853 0.000
