scripts/IMPROVE-2019_partial/data/US0010U.20090101060000.20191216000000.filterpack...52w.3d.US03L_filterpack_US0010.US03L_IMPROVE_Davis.lev2.nas
52 1001
MISSING INFORMATION
US03L, IMPROVE, , , , , , , 
MISSING INFORMATION
IMPROVE sel_HTAP
1 1
2009 01 01 2019 12 16
3.00
days from file reference point
5
1 1 1 1 1
999.99 999.999 9.999 999.999 9.999
end_time of measurement, days from the file reference point
pm10_mass, ug/m3, Matrix=pm10
numflag pm10_mass, no unit, Matrix=pm10
pm25_mass, ug/m3, Matrix=pm25
numflag pm25_mass, no unit, Matrix=pm25
0
33
Data definition:              EBAS_1.1
Set type code:                TU
Timezone:                     UTC
File name:                    US0010U.20090101060000.20191216000000.filterpack...52w.3d.US03L_filterpack_US0010.US03L_IMPROVE_Davis.lev2.nas
File creation:                20191218115604
Startdate:                    20090101060000
Revision date:                20191216000000
Version:                      2
Version description:          "Data extracted from http://views.cira.colostate.edu/fed/DataWizard 2019-12-16"
Statistics:                   arithmetic mean
Data level:                   2
Period code:                  52w
Resolution code:              3d
Sample duration:              1d
Orig. time res.:              3d
Station code:                 US0010U
Platform code:                US0010S
Station name:                 Birmingham
Station latitude:             33.5531
Station longitude:            -86.8148
Station altitude:             175.0 m
Regime:                       IMG
Component:                    
Unit:                         ug/m3
Matrix:                       
Laboratory code:              US03L
Instrument type:              filterpack
Instrument name:              filterpack_US0010
Method ref:                   US03L_IMPROVE_Davis
Blank correction:             Blank corrected
Volume std. temperature:      ambient
Volume std. pressure:         ambient
starttime endtime PM10 flag_PM10 PM2.5 flag_PM2.5
  0.25   1.25   8.290 0.000   5.265 0.000
  3.25   4.25   8.408 0.000   5.341 0.000
  6.25   7.25  10.064 0.000   4.434 0.000
  9.25  10.25  14.535 0.000   8.056 0.000
 12.25  13.25  29.333 0.000  16.177 0.000
 15.25  16.25   9.607 0.000   6.249 0.000
 18.25  19.25  14.024 0.000   7.976 0.000
 21.25  22.25  34.064 0.000  18.176 0.000
 24.25  25.25  22.088 0.000  19.252 0.000
 27.25  28.25   7.612 0.000   5.125 0.000
 30.25  31.25  27.988 0.000  12.145 0.000
 33.25  34.25  12.780 0.000   4.749 0.000
 36.25  37.25  21.533 0.000  10.962 0.000
 39.25  40.25  38.265 0.000  16.305 0.000
 42.25  43.25  17.853 0.000   6.635 0.000
 45.25  46.25  14.066 0.000  11.087 0.000
 48.25  49.25  17.267 0.000   9.873 0.000
 51.25  52.25  20.035 0.000  10.483 0.000
 54.25  55.25  21.728 0.000  13.016 0.000
 57.25  58.25 999.999 0.456   5.915 0.000
 60.25  61.25   9.908 0.000   6.813 0.000
 63.25  64.25  29.449 0.000  17.522 0.000
 66.25  67.25  15.784 0.000   7.412 0.000
 69.25  70.25  16.610 0.000   8.113 0.000
 72.25  73.25  12.907 0.000  10.323 0.000
 75.25  76.25  19.486 0.000  12.785 0.000
 78.25  79.25 999.999 0.999 999.999 0.999
 81.25  82.25 999.999 0.999 999.999 0.999
 84.25  85.25 999.999 0.999 999.999 0.999
 87.25  88.25 999.999 0.999 999.999 0.999
 90.25  91.25  16.424 0.000   8.156 0.000
 93.25  94.25  19.882 0.000  12.528 0.000
 96.25  97.25   7.656 0.000   4.124 0.000
 99.25 100.25  28.960 0.000  11.310 0.000
102.25 103.25   8.832 0.000   4.814 0.000
105.25 106.25  22.972 0.000  12.833 0.000
108.25 109.25  14.045 0.000   6.972 0.000
111.25 112.25  30.970 0.000  10.763 0.000
114.25 115.25  24.514 0.000  11.704 0.000
117.25 118.25  28.584 0.000  10.430 0.000
120.25 121.25  24.187 0.000   8.589 0.000
123.25 124.25  16.744 0.000   8.316 0.000
126.25 127.25  17.970 0.000  10.385 0.000
129.25 130.25  14.357 0.000   8.880 0.000
132.25 133.25  17.587 0.000  11.732 0.000
135.25 136.25   9.780 0.000   5.974 0.000
138.25 139.25  30.367 0.000  11.918 0.000
141.25 142.25  14.606 0.000   6.127 0.000
144.25 145.25   8.092 0.000   3.871 0.000
147.25 148.25  17.515 0.000   8.556 0.000
150.25 151.25  20.954 0.000  11.899 0.000
153.25 154.25  40.830 0.000  21.877 0.000
156.25 157.25  19.365 0.000  12.999 0.000
159.25 160.25  30.849 0.000  18.047 0.000
162.25 163.25  21.528 0.000  10.290 0.000
165.25 166.25  26.493 0.000  15.116 0.000
168.25 169.25  32.895 0.000  19.107 0.000
171.25 172.25  20.716 0.000  13.203 0.000
174.25 175.25  28.963 0.000  17.359 0.000
177.25 178.25  37.404 0.000  27.169 0.000
180.25 181.25  19.132 0.000   9.757 0.000
183.25 184.25  23.403 0.000   9.773 0.000
186.25 187.25  16.491 0.000  10.682 0.000
189.25 190.25  37.324 0.000  18.807 0.000
192.25 193.25  22.839 0.000  12.803 0.000
195.25 196.25  30.822 0.000  19.028 0.000
198.25 199.25  15.348 0.000   7.856 0.000
201.25 202.25  36.555 0.000  16.118 0.000
204.25 205.25  27.741 0.000  14.454 0.000
207.25 208.25  19.307 0.000  11.330 0.000
210.25 211.25  25.794 0.000  11.097 0.000
213.25 214.25 999.999 0.456   5.767 0.000
216.25 217.25  25.285 0.000  10.809 0.000
219.25 220.25  33.328 0.000  20.609 0.000
222.25 223.25  19.070 0.000   9.788 0.000
225.25 226.25  36.826 0.000  21.457 0.000
228.25 229.25  20.003 0.000   8.417 0.000
231.25 232.25  12.154 0.000   5.806 0.000
234.25 235.25   9.684 0.000   6.389 0.000
237.25 238.25  44.718 0.000  18.646 0.000
240.25 241.25  20.276 0.000  13.883 0.000
243.25 244.25  18.247 0.000 999.999 0.699
246.25 247.25  36.427 0.000  18.356 0.000
249.25 250.25  29.682 0.000  21.248 0.000
252.25 253.25  28.447 0.000  17.180 0.000
255.25 256.25  27.418 0.000  20.015 0.000
258.25 259.25  11.612 0.000   5.744 0.000
261.25 262.25   7.202 0.000   4.319 0.000
264.25 265.25  19.102 0.000  11.196 0.000
267.25 268.25  26.419 0.000  11.298 0.000
270.25 271.25  19.731 0.000   9.530 0.000
273.25 274.25  31.006 0.000  12.344 0.000
276.25 277.25  22.893 0.000  10.376 0.000
279.25 280.25  13.939 0.000   5.930 0.000
282.25 283.25   8.145 0.000   3.843 0.000
285.25 286.25  20.428 0.000  10.962 0.000
288.25 289.25   4.680 0.000   3.772 0.000
291.25 292.25  25.629 0.000  12.374 0.000
294.25 295.25  39.681 0.000   8.305 0.000
297.25 298.25  15.163 0.000   8.325 0.000
300.25 301.25  23.378 0.000  12.091 0.000
303.25 304.25   6.975 0.000   4.212 0.000
306.25 307.25  33.442 0.000  14.956 0.000
309.25 310.25  52.053 0.000  16.487 0.000
312.25 313.25  52.866 0.000  18.618 0.000
315.25 316.25  11.199 0.000   5.346 0.000
318.25 319.25  43.142 0.000  27.445 0.000
321.25 322.25  11.231 0.000   5.676 0.000
324.25 325.25  27.139 0.000  14.655 0.000
327.25 328.25  13.419 0.000   8.490 0.000
330.25 331.25  10.983 0.000   5.418 0.000
333.25 334.25  10.566 0.000   7.450 0.000
336.25 337.25  11.742 0.000   8.314 0.000
339.25 340.25  19.156 0.000  14.373 0.000
342.25 343.25  17.454 0.000   7.261 0.000
345.25 346.25  11.294 0.000   5.496 0.000
348.25 349.25  13.076 0.000   8.863 0.000
351.25 352.25   6.593 0.000   4.565 0.000
354.25 355.25  38.922 0.000  20.813 0.000
357.25 358.25  11.673 0.000   7.933 0.000
360.25 361.25   9.008 0.000   5.138 0.000
363.25 364.25  13.213 0.000   8.503 0.000
