scripts/IMPROVE-2019_partial/data/US0061R.20160101050000.20191216000000.filterpack...52w.3d.US03L_filterpack_US0061.US03L_IMPROVE_Davis.lev2.nas
52 1001
MISSING INFORMATION
US03L, IMPROVE, , , , , , , 
MISSING INFORMATION
IMPROVE sel_HTAP
1 1
2016 01 01 2019 12 16
3.000000
days from file reference point
5
1 1 1 1 1
999.999999 999.999 9.999 999.999 9.999
end_time of measurement, days from the file reference point
pm10_mass, ug/m3, Matrix=pm10
numflag pm10_mass, no unit, Matrix=pm10
pm25_mass, ug/m3, Matrix=pm25
numflag pm25_mass, no unit, Matrix=pm25
0
33
Data definition:              EBAS_1.1
Set type code:                TU
Timezone:                     UTC
File name:                    US0061R.20160101050000.20191216000000.filterpack...52w.3d.US03L_filterpack_US0061.US03L_IMPROVE_Davis.lev2.nas
File creation:                20191218115920
Startdate:                    20160101050000
Revision date:                20191216000000
Version:                      2
Version description:          "Data extracted from http://views.cira.colostate.edu/fed/DataWizard 2019-12-16"
Statistics:                   arithmetic mean
Data level:                   2
Period code:                  52w
Resolution code:              3d
Sample duration:              1d
Orig. time res.:              3d
Station code:                 US0061R
Platform code:                US0061S
Station name:                 Brigantine NWR
Station latitude:             39.465
Station longitude:            -74.4492
Station altitude:             5.0 m
Regime:                       IMG
Component:                    
Unit:                         ug/m3
Matrix:                       
Laboratory code:              US03L
Instrument type:              filterpack
Instrument name:              filterpack_US0061
Method ref:                   US03L_IMPROVE_Davis
Blank correction:             Blank corrected
Volume std. temperature:      ambient
Volume std. pressure:         ambient
starttime endtime PM10 flag_PM10 PM2.5 flag_PM2.5
  0.208333   1.208333  18.055 0.000   4.554 0.000
  3.208333   4.208333  11.428 0.000   3.058 0.000
  6.208333   7.208333  19.896 0.000   6.783 0.000
  9.208333  10.208333  15.471 0.000   4.884 0.000
 12.208333  13.208333  11.730 0.000   6.520 0.000
 15.208333  16.208333   6.595 0.000   4.544 0.000
 18.208333  19.208333  13.239 0.000 999.999 0.456
 21.208333  22.208333  16.948 0.000   2.911 0.000
 24.208333  25.208333  25.232 0.000  10.344 0.000
 27.208333  28.208333  42.913 0.000   6.873 0.000
 30.208333  31.208333  37.897 0.000   7.457 0.000
 33.208333  34.208333  42.960 0.000   5.900 0.000
 36.208333  37.208333  22.583 0.000   5.303 0.000
 39.208333  40.208333  15.458 0.000   3.742 0.000
 42.208333  43.208333   8.844 0.000   4.974 0.000
 45.208333  46.208333   7.921 0.000   3.762 0.000
 48.208333  49.208333   8.200 0.000   4.457 0.000
 51.208333  52.208333  18.035 0.000  12.421 0.000
 54.208333  55.208333  40.886 0.000   4.215 0.000
 57.208333  58.208333  14.530 0.000   4.513 0.000
 60.208333  61.208333 999.999 0.999 999.999 0.999
 63.208333  64.208333 999.999 0.999 999.999 0.999
 66.208333  67.208333 999.999 0.999 999.999 0.999
 69.208333  70.208333  37.399 0.000  11.450 0.000
 72.208333  73.208333  14.469 0.000   6.522 0.000
 75.208333  76.208333  23.959 0.000  13.867 0.000
 78.208333  79.208333  11.568 0.000   5.794 0.000
 81.208333  82.208333  14.890 0.000   4.407 0.000
 84.208333  85.208333  21.076 0.000   7.522 0.000
 87.208333  88.208333   7.506 0.000   2.973 0.000
 90.208333  91.208333  32.740 0.000   6.392 0.000
 93.208333  94.208333   7.764 0.000   2.184 0.000
 96.208333  97.208333  15.556 0.000   2.907 0.000
 99.208333 100.208333   7.555 0.000   3.372 0.000
102.208333 103.208333  19.717 0.000   5.482 0.000
105.208333 106.208333  38.415 0.000   3.397 0.000
108.208333 109.208333  30.810 0.000   6.710 0.000
111.208333 112.208333  32.274 0.000   4.912 0.000
114.208333 115.208333  12.252 0.000   3.030 0.000
117.208333 118.208333  12.225 0.000   3.035 0.000
120.208333 121.208333  14.493 0.000   4.053 0.000
123.208333 124.208333   7.676 0.000   2.052 0.000
126.208333 127.208333   9.285 0.000   2.624 0.000
129.208333 130.208333  12.931 0.000   7.235 0.000
132.208333 133.208333  40.821 0.000  11.578 0.000
135.208333 136.208333  16.066 0.000   2.127 0.000
138.208333 139.208333  19.177 0.000   4.381 0.000
141.208333 142.208333  12.669 0.000   4.487 0.000
144.208333 145.208333  17.088 0.000   7.398 0.000
147.208333 148.208333  24.846 0.000   9.187 0.000
150.208333 151.208333   6.353 0.000   2.474 0.000
153.208333 154.208333   9.538 0.000   5.255 0.000
156.208333 157.208333   8.240 0.000   3.611 0.000
159.208333 160.208333  21.114 0.000   2.463 0.000
162.208333 163.208333  29.064 0.000   8.833 0.000
165.208333 166.208333  22.405 0.000   3.629 0.000
168.208333 169.208333  30.449 0.000   3.866 0.000
171.208333 172.208333  36.120 0.000   9.400 0.000
174.208333 175.208333  20.677 0.000   8.223 0.000
177.208333 178.208333  14.740 0.000   5.226 0.000
180.208333 181.208333  26.094 0.000   8.649 0.000
183.208333 184.208333  20.239 0.000   4.729 0.000
186.208333 187.208333  19.931 0.000   6.844 0.000
189.208333 190.208333  36.837 0.000  13.500 0.000
192.208333 193.208333  12.315 0.000   2.655 0.000
195.208333 196.208333  29.371 0.000  11.609 0.000
198.208333 199.208333  17.940 0.000   7.097 0.000
201.208333 202.208333  12.426 0.000   4.398 0.000
204.208333 205.208333  18.241 0.000  11.345 0.000
207.208333 208.208333  17.716 0.000   8.290 0.000
210.208333 211.208333  15.163 0.000   6.116 0.000
213.208333 214.208333  18.826 0.000   5.755 0.000
216.208333 217.208333  17.756 0.000   4.123 0.000
219.208333 220.208333  13.494 0.000   5.649 0.000
222.208333 223.208333  20.352 0.000   5.695 0.000
225.208333 226.208333  14.805 0.000   7.115 0.000
228.208333 229.208333  17.157 0.000   5.928 0.000
231.208333 232.208333  24.013 0.000   8.996 0.000
234.208333 235.208333  12.156 0.000   3.347 0.000
237.208333 238.208333  15.466 0.000   4.417 0.000
240.208333 241.208333  13.148 0.000   3.851 0.000
243.208333 244.208333  27.150 0.000   6.791 0.000
246.208333 247.208333  20.165 0.000   3.464 0.000
249.208333 250.208333  13.308 0.000   3.481 0.000
252.208333 253.208333  31.072 0.000  15.299 0.000
255.208333 256.208333  16.648 0.000   3.112 0.000
258.208333 259.208333  10.768 0.000   2.399 0.000
261.208333 262.208333  11.723 0.000   3.462 0.000
264.208333 265.208333  14.526 0.000   5.722 0.000
267.208333 268.208333   8.569 0.000   3.298 0.000
270.208333 271.208333  12.308 0.000   5.106 0.000
273.208333 274.208333  11.690 0.000   3.229 0.000
276.208333 277.208333  15.318 0.000   5.840 0.000
279.208333 280.208333  20.124 0.000   3.108 0.000
282.208333 283.208333   6.796 0.000   1.735 0.000
285.208333 286.208333  13.118 0.000   2.584 0.000
288.208333 289.208333  14.037 0.000   4.477 0.000
291.208333 292.208333  31.156 0.000  12.734 0.000
294.208333 295.208333   7.278 0.000   2.372 0.000
297.208333 298.208333  11.919 0.000   4.264 0.000
300.208333 301.208333  12.710 0.000   3.307 0.000
303.208333 304.208333  13.612 0.000   7.899 0.000
306.208333 307.208333  15.453 0.000   6.463 0.000
309.208333 310.208333   9.204 0.000   4.758 0.000
312.208333 313.208333   9.914 0.000   4.168 0.000
315.208333 316.208333   9.749 0.000   3.082 0.000
318.208333 319.208333  11.458 0.000   5.835 0.000
321.208333 322.208333  17.545 0.000   8.439 0.000
324.208333 325.208333   5.249 0.000   1.551 0.000
327.208333 328.208333  10.599 0.000   7.156 0.000
330.208333 331.208333  10.961 0.000   8.471 0.000
333.208333 334.208333  24.724 0.000  11.148 0.000
336.208333 337.208333   2.973 0.000   3.060 0.000
339.208333 340.208333   6.044 0.000   5.125 0.000
342.208333 343.208333  11.627 0.000   8.452 0.000
345.208333 346.208333  10.250 0.000   7.050 0.000
348.208333 349.208333  17.248 0.000  10.554 0.000
351.208333 352.208333   6.535 0.000   4.449 0.000
354.208333 355.208333   9.455 0.000   4.961 0.000
357.208333 358.208333  13.774 0.000   9.266 0.000
360.208333 361.208333  11.202 0.000   3.234 0.000
363.208333 364.208333  10.003 0.000   5.106 0.000
