scripts/IMPROVE-2019_partial/data/US0098R.20030103080000.20191216000000.filterpack..pm25.1y.1w.US03L_filterpack_US0098.US03L_IMPROVE_Davis.lev2.nas
66 1001
MISSING INFORMATION
US03L, IMPROVE, , , , , , , 
MISSING INFORMATION
IMPROVE sel_HTAP
1 1
2003 01 01 2019 12 16
3.000000
days from file reference point
27
1 1 1 1 1 1 1 1 1 1 1 1 1 1 1 1 1 1 1 1 1 1 1 1 1 1 1
999.999999 9999.99 9.999 99.99 9.999999 9.999 9.999999 99.99 9.999 99.999 9.999 99.999 9.999 99.999 9.999 999.99 9.999999 999.999 9.999 999.999 9.999 999.999 9.999 9.999 9.999 99.999 9.999
end_time of measurement, days from the file reference point
iron, ng/m3, Revision date=20181210133000
numflag iron, no unit, Revision date=20181210133000
lead, ng/m3, Revision date=20181210133000
numflag lead, no unit, Revision date=20181210133000
magnesium, ug/m3, Revision date=20181210133000
numflag magnesium, no unit, Revision date=20181210133000
nickel, ng/m3, Revision date=20181210133000
numflag nickel, no unit, Revision date=20181210133000
nitrate, ug N/m3, Revision date=20181210133000
numflag nitrate, no unit, Revision date=20181210133000
organic_carbon, ug C/m3, Revision date=20181210133000
numflag organic_carbon, no unit, Revision date=20181210133000
organic_mass, ug/m3, Revision date=20181210133000
numflag organic_mass, no unit, Revision date=20181210133000
phosphorus, ng/m3, Revision date=20181210133000
numflag phosphorus, no unit, Revision date=20181210133000
pm10_mass, ug/m3, Version=2, Version description=Data extracted from http://views.cira.colostate.edu/fed/DataWizard 2019-12-16, Sample duration=1d, Orig. time res.=3d, Matrix=pm10, Blank correction=Blank corrected, Volume std. temperature=ambient, Volume std. pressure=ambient
numflag pm10_mass, no unit, Version=2, Version description=Data extracted from http://views.cira.colostate.edu/fed/DataWizard 2019-12-16, Sample duration=1d, Orig. time res.=3d, Matrix=pm10, Blank correction=Blank corrected, Volume std. temperature=ambient, Volume std. pressure=ambient
pm10_pm25_mass, ug/m3, Revision date=20181210133000, Matrix=pm10_pm25
numflag pm10_pm25_mass, no unit, Revision date=20181210133000, Matrix=pm10_pm25
pm25_mass, ug/m3, Version=2, Version description=Data extracted from http://views.cira.colostate.edu/fed/DataWizard 2019-12-16, Sample duration=1d, Orig. time res.=3d, Blank correction=Blank corrected, Volume std. temperature=ambient, Volume std. pressure=ambient
numflag pm25_mass, no unit, Version=2, Version description=Data extracted from http://views.cira.colostate.edu/fed/DataWizard 2019-12-16, Sample duration=1d, Orig. time res.=3d, Blank correction=Blank corrected, Volume std. temperature=ambient, Volume std. pressure=ambient
potassium, ug/m3, Revision date=20181210133000
numflag potassium, no unit, Revision date=20181210133000
sulphate_total, ug S/m3, Revision date=20181210133000
numflag sulphate_total, no unit, Revision date=20181210133000
0
25
Data definition:              EBAS_1.1
Set type code:                TU
Timezone:                     UTC
File name:                    US0098R.20030103080000.20191216000000.filterpack..pm25.1y.1w.US03L_filterpack_US0098.US03L_IMPROVE_Davis.lev2.nas
File creation:                20191218120208
Startdate:                    20030103080000
Revision date:                20191216000000
Statistics:                   arithmetic mean
Data level:                   2
Period code:                  1y
Resolution code:              1w
Station code:                 US0098R
Platform code:                US0098S
Station name:                 Point Reyes National Seashore
Station latitude:             38.1224
Station longitude:            -122.9085
Station altitude:             97.0 m
Regime:                       IMG
Component:                    
Matrix:                       pm25
Laboratory code:              US03L
Instrument type:              filterpack
Instrument name:              filterpack_US0098
Method ref:                   US03L_IMPROVE_Davis
starttime endtime Fe flag_Fe Pb flag_Pb Mg++ flag_Mg++ Ni flag_Ni NO3- flag_NO3- OC flag_OC OM flag_OM P flag_P PM10 flag_PM10 PM10-PM2.5 flag_PM10-PM2.5 PM2.5 flag_PM2.5 K+ flag_K+ SO4-- flag_SO4--
[from data line 81]
245.333333 246.333333   11.59 0.000  0.17 0.000000 0.067 0.000000  0.49 0.000  0.243 0.000  0.590 0.000  0.826 0.000 999.99 0.259000  18.130 0.000   9.145 0.000   8.985 0.000 0.071 0.000  1.077 0.000
248.333333 249.333333    7.88 0.000  0.18 0.000000 9.999 0.259000  0.86 0.000  0.161 0.000  0.456 0.000  0.638 0.000 999.99 0.259000   8.150 0.000   3.684 0.000   4.466 0.000 0.026 0.000  0.592 0.000
251.333333 252.333333    1.45 0.000  0.10 0.000000 0.024 0.000000  0.39 0.000  0.032 0.000  0.056 0.000  0.079 0.000 999.99 0.259000   6.681 0.000   4.152 0.000   2.530 0.000 0.013 0.000  0.245 0.000
254.333333 255.333333 9999.99 0.699 99.99 0.699000 9.999 0.699000 99.99 0.699  0.122 0.000  1.791 0.000  2.507 0.000 999.99 0.699000  33.854 0.000 999.999 0.999 999.999 0.699 9.999 0.699  0.394 0.000
257.333333 258.333333    7.64 0.000  0.34 0.000000 0.088 0.000000  0.93 0.000  0.246 0.000  1.040 0.000  1.456 0.000 999.99 0.259000  19.004 0.000   9.015 0.000   9.989 0.000 0.061 0.000  0.923 0.000
260.333333 261.333333 9999.99 0.699 99.99 0.699000 9.999 0.699000 99.99 0.699  0.164 0.000  1.924 0.000  2.693 0.000 999.99 0.699000  29.441 0.000 999.999 0.999 999.999 0.699 9.999 0.699  0.289 0.000
263.333333 264.333333   47.10 0.559  0.29 0.559000 9.999 0.559259  0.50 0.559  0.369 0.000  3.416 0.000  4.782 0.000 999.99 0.559259  28.315 0.000  15.611 0.000  12.704 0.559 0.086 0.559  0.404 0.000
266.333333 267.333333   10.62 0.000  0.74 0.000000 0.069 0.000000  0.58 0.000  0.218 0.000  0.895 0.000  1.253 0.000 999.99 0.259000  18.365 0.000   9.944 0.000   8.421 0.000 0.051 0.000  0.895 0.000
269.333333 270.333333    6.80 0.000  0.28 0.000000 0.022 0.000000  0.46 0.000  0.115 0.000  1.116 0.000  1.562 0.000 999.99 0.259000   9.245 0.000   4.315 0.000   4.930 0.000 0.021 0.000  0.440 0.000
272.333333 273.333333    2.47 0.000  0.08 0.000000 9.999 0.259000  0.21 0.000  0.033 0.000  1.423 0.000  1.993 0.000 999.99 0.259000   5.169 0.000   1.920 0.000   3.248 0.000 0.009 0.000  0.134 0.000
275.333333 276.333333    7.94 0.000  0.42 0.000000 0.012 0.000000  0.24 0.000  0.120 0.000  2.871 0.000  4.019 0.000 999.99 0.259000  10.229 0.000   1.564 0.000   8.665 0.000 0.024 0.000  0.409 0.000
278.333333 279.333333    3.14 0.000  0.15 0.000000 0.039 0.000000  0.18 0.000  0.044 0.000  0.892 0.000  1.248 0.000 999.99 0.259000   8.492 0.000   3.947 0.000   4.545 0.000 0.026 0.000  0.262 0.000
281.333333 282.333333   23.74 0.000  0.19 0.000000 0.118 0.000000  0.09 0.000  0.061 0.000  0.294 0.000  0.412 0.000 999.99 0.259000  44.536 0.000  31.484 0.000  13.052 0.000 0.086 0.000  0.340 0.000
284.333333 285.333333   41.06 0.000  0.14 0.000000 0.144 0.000000 99.99 0.259  0.048 0.000  0.229 0.000  0.321 0.000 999.99 0.259000  29.786 0.000  18.544 0.000  11.242 0.000 0.076 0.000  0.329 0.000
287.333333 288.333333    2.95 0.000  0.17 0.000000 0.025 0.000000  0.29 0.000  0.096 0.000  0.332 0.000  0.465 0.000 999.99 0.259000  12.475 0.000   7.471 0.000   5.004 0.000 0.034 0.000  0.250 0.000
290.333333 291.333333   10.01 0.000  0.28 0.000000 0.015 0.000000  0.33 0.000  0.065 0.000  0.065 0.000  0.091 0.000 999.99 0.259000   9.730 0.000   6.243 0.000   3.487 0.000 0.023 0.000  0.238 0.000
293.333333 294.333333    6.33 0.000  0.22 0.000000 0.012 0.000000  0.39 0.000  0.063 0.000  0.237 0.000  0.332 0.000 999.99 0.259000   6.404 0.000   4.258 0.000   2.146 0.000 0.015 0.000  0.155 0.000
296.333333 297.333333   59.42 0.000  0.67 0.000000 9.999 0.259000  0.23 0.000  0.191 0.000  0.890 0.000  1.247 0.000 999.99 0.259000  26.405 0.000  18.155 0.000   8.251 0.000 0.067 0.000  0.289 0.000
299.333333 300.333333   61.04 0.559  0.75 0.559000 9.999 0.559259  0.30 0.559  0.096 0.000  1.138 0.000  1.593 0.000 999.99 0.559259  18.518 0.000  13.726 0.000   4.793 0.559 0.032 0.559  0.188 0.000
302.333333 303.333333    4.24 0.000  0.07 0.000000 0.057 0.000000  0.29 0.000  0.040 0.000 99.999 0.259 99.999 0.259 999.99 0.259000  13.556 0.000   9.513 0.000   4.043 0.000 0.024 0.000  0.139 0.000
305.333333 306.333333   32.20 0.000  0.41 0.000000 9.999 0.259000  0.24 0.000  0.053 0.000  0.697 0.000  0.976 0.000 999.99 0.259000  11.463 0.000   7.508 0.000   3.955 0.000 0.032 0.000  0.186 0.000
308.333333 309.333333 9999.99 0.999 99.99 0.999000 9.999 0.999000 99.99 0.999 99.999 0.999 99.999 0.999 99.999 0.999 999.99 0.999000 999.999 0.999 999.999 0.999 999.999 0.999 9.999 0.999 99.999 0.999
311.333333 312.333333    3.77 0.000  0.26 0.000000 0.041 0.000000  0.51 0.000  0.054 0.000  0.270 0.000  0.378 0.000 999.99 0.259000   6.154 0.000   3.281 0.000   2.874 0.000 0.021 0.000  0.289 0.000
314.333333 315.333333    3.53 0.000  0.41 0.000000 0.038 0.000000  0.09 0.000  0.068 0.000  1.090 0.000  1.526 0.000 999.99 0.259000   7.900 0.000   4.361 0.000   3.539 0.000 0.046 0.000  0.110 0.000
317.333333 318.333333    3.75 0.000  0.19 0.000000 9.999 0.259000  0.39 0.000  0.052 0.000  0.256 0.000  0.358 0.000 999.99 0.259000  11.311 0.000   7.399 0.000   3.912 0.000 0.035 0.000  0.188 0.000
320.333333 321.333333    3.32 0.000  0.13 0.000000 0.271 0.000000  0.14 0.000  0.052 0.000  0.231 0.000  0.323 0.000 999.99 0.259000  23.370 0.000  12.841 0.000  10.529 0.000 0.073 0.000  0.254 0.000
323.333333 324.333333    6.85 0.000  0.15 0.000000 0.055 0.000000  0.10 0.000  0.036 0.000  0.480 0.000  0.673 0.000 999.99 0.259000  13.224 0.000   9.491 0.000   3.732 0.000 0.038 0.000  0.109 0.000
326.333333 327.333333   16.01 0.000  1.09 0.000000 9.999 0.259000  0.37 0.000  0.137 0.000  2.243 0.000  3.140 0.000 999.99 0.259000   9.831 0.000   4.598 0.000   5.233 0.000 0.044 0.000  0.114 0.000
329.333333 330.333333    4.25 0.000  0.56 0.000000 0.062 0.000000  0.11 0.000  0.055 0.000  0.219 0.000  0.306 0.000 999.99 0.259000  12.600 0.000   8.415 0.000   4.184 0.000 0.037 0.000  0.181 0.000
332.333333 333.333333   40.20 0.000  1.62 0.000000 9.999 0.259000  0.12 0.000  0.494 0.000  1.786 0.000  2.501 0.000 999.99 0.259000  10.793 0.000   3.880 0.000   6.913 0.000 0.053 0.000  0.221 0.000
335.333333 336.333333    1.94 0.000  0.12 0.000000 9.999 0.259000  0.46 0.000  0.062 0.000  0.202 0.000  0.283 0.000 999.99 0.259000   7.102 0.000   4.228 0.000   2.874 0.000 0.012 0.000  0.144 0.000
338.333333 339.333333    2.09 0.000  0.30 0.000000 0.021 0.000000  0.30 0.000  0.048 0.000  0.268 0.000  0.376 0.000 999.99 0.259000   3.036 0.000   1.322 0.000   1.713 0.000 0.008 0.000  0.158 0.000
341.333333 342.333333    5.01 0.000  0.20 0.000000 0.043 0.000000  0.10 0.000  0.042 0.000  0.410 0.000  0.574 0.000  15.09 0.000000  16.010 0.000  11.579 0.000   4.431 0.000 0.028 0.000  0.085 0.000
344.333333 345.333333    4.61 0.000  0.16 0.000000 9.999 0.259000  0.19 0.000  0.040 0.000  0.107 0.000  0.150 0.000 999.99 0.259000  23.204 0.000  16.321 0.000   6.882 0.000 0.044 0.000  0.239 0.000
347.333333 348.333333    0.93 0.000  0.11 0.000000 9.999 0.259000 99.99 0.259  0.017 0.000  0.137 0.000  0.191 0.000 999.99 0.259000  14.222 0.000  10.346 0.000   3.875 0.000 0.024 0.000  0.093 0.000
350.333333 351.333333   15.73 0.000  1.08 0.000000 9.999 0.259000  0.21 0.000  0.075 0.000  1.292 0.000  1.808 0.000 999.99 0.259000   5.531 0.000   2.106 0.000   3.425 0.000 0.027 0.000  0.126 0.000
353.333333 354.333333    8.32 0.000  0.61 0.000000 9.999 0.259000  0.26 0.000  0.449 0.000  1.027 0.000  1.437 0.000 999.99 0.259000   8.869 0.000   2.676 0.000   6.193 0.000 0.025 0.000  0.411 0.000
356.333333 357.333333   11.81 0.000  0.48 0.000000 0.036 0.000000  0.52 0.000  0.653 0.000  0.600 0.000  0.841 0.000 999.99 0.259000  12.522 0.000   3.187 0.000   9.336 0.000 0.026 0.000  0.744 0.000
359.333333 360.333333    1.43 0.000  0.16 0.000000 9.999 0.259000  0.07 0.000  0.019 0.000  0.058 0.000  0.081 0.000 999.99 0.259000  12.801 0.000   9.477 0.000   3.324 0.000 0.017 0.000  0.128 0.000
362.333333 363.333333    1.94 0.394  0.23 0.394000 9.999 0.394259  0.24 0.394  0.018 0.394 99.999 0.259 99.999 0.259   6.96 0.394000   9.741 0.000   5.455 0.000   4.286 0.000 0.019 0.394  0.128 0.394
