scripts/IMPROVE-2019_partial/data/US0054R.20030103070000.20191216000000.filterpack..pm25.1y.1w.US03L_filterpack_US0054.US03L_IMPROVE_Davis.lev2.nas
66 1001
MISSING INFORMATION
US03L, IMPROVE, , , , , , , 
MISSING INFORMATION
IMPROVE sel_HTAP
1 1
2003 01 01 2019 12 16
3.000000
days from file reference point
27
1 1 1 1 1 1 1 1 1 1 1 1 1 1 1 1 1 1 1 1 1 1 1 1 1 1 1
999.999999 999.99 9.999 99.99 9.999999 9.999 9.999999 99.99 9.999999 9.999 9.999 999.999 9.999 999.999 9.999 99.99 9.999999 999.999 9.999 99.999 9.999 999.999 9.999 9.999 9.999 9.999 9.999
end_time of measurement, days from the file reference point
iron, ng/m3, Revision date=20181210133000
numflag iron, no unit, Revision date=20181210133000
lead, ng/m3, Revision date=20181210133000
numflag lead, no unit, Revision date=20181210133000
magnesium, ug/m3, Revision date=20181210133000
numflag magnesium, no unit, Revision date=20181210133000
nickel, ng/m3, Revision date=20181210133000
numflag nickel, no unit, Revision date=20181210133000
nitrate, ug N/m3, Revision date=20181210133000
numflag nitrate, no unit, Revision date=20181210133000
organic_carbon, ug C/m3, Revision date=20181210133000
numflag organic_carbon, no unit, Revision date=20181210133000
organic_mass, ug/m3, Revision date=20181210133000
numflag organic_mass, no unit, Revision date=20181210133000
phosphorus, ng/m3, Revision date=20181210133000
numflag phosphorus, no unit, Revision date=20181210133000
pm10_mass, ug/m3, Version=2, Version description=Data extracted from http://views.cira.colostate.edu/fed/DataWizard 2019-12-16, Sample duration=1d, Orig. time res.=3d, Matrix=pm10, Blank correction=Blank corrected, Volume std. temperature=ambient, Volume std. pressure=ambient
numflag pm10_mass, no unit, Version=2, Version description=Data extracted from http://views.cira.colostate.edu/fed/DataWizard 2019-12-16, Sample duration=1d, Orig. time res.=3d, Matrix=pm10, Blank correction=Blank corrected, Volume std. temperature=ambient, Volume std. pressure=ambient
pm10_pm25_mass, ug/m3, Revision date=20181210133000, Matrix=pm10_pm25
numflag pm10_pm25_mass, no unit, Revision date=20181210133000, Matrix=pm10_pm25
pm25_mass, ug/m3, Version=2, Version description=Data extracted from http://views.cira.colostate.edu/fed/DataWizard 2019-12-16, Sample duration=1d, Orig. time res.=3d, Blank correction=Blank corrected, Volume std. temperature=ambient, Volume std. pressure=ambient
numflag pm25_mass, no unit, Version=2, Version description=Data extracted from http://views.cira.colostate.edu/fed/DataWizard 2019-12-16, Sample duration=1d, Orig. time res.=3d, Blank correction=Blank corrected, Volume std. temperature=ambient, Volume std. pressure=ambient
potassium, ug/m3, Revision date=20181210133000
numflag potassium, no unit, Revision date=20181210133000
sulphate_total, ug S/m3, Revision date=20181210133000
numflag sulphate_total, no unit, Revision date=20181210133000
0
25
Data definition:              EBAS_1.1
Set type code:                TU
Timezone:                     UTC
File name:                    US0054R.20030103070000.20191216000000.filterpack..pm25.1y.1w.US03L_filterpack_US0054.US03L_IMPROVE_Davis.lev2.nas
File creation:                20191218115843
Startdate:                    20030103070000
Revision date:                20191216000000
Statistics:                   arithmetic mean
Data level:                   2
Period code:                  1y
Resolution code:              1w
Station code:                 US0054R
Platform code:                US0054S
Station name:                 Gates of the Mountains
Station latitude:             46.8262
Station longitude:            -111.7107
Station altitude:             2387.0 m
Regime:                       IMG
Component:                    
Matrix:                       pm25
Laboratory code:              US03L
Instrument type:              filterpack
Instrument name:              filterpack_US0054
Method ref:                   US03L_IMPROVE_Davis
starttime endtime Fe flag_Fe Pb flag_Pb Mg++ flag_Mg++ Ni flag_Ni NO3- flag_NO3- OC flag_OC OM flag_OM P flag_P PM10 flag_PM10 PM10-PM2.5 flag_PM10-PM2.5 PM2.5 flag_PM2.5 K+ flag_K+ SO4-- flag_SO4--
[from data line 81]
245.291667 246.291667 999.99 0.699 99.99 0.699000 9.999 0.699000 99.99 0.699000 0.041 0.000   9.223 0.000  12.912 0.000 99.99 0.699000  24.455 0.000 99.999 0.999 999.999 0.699 9.999 0.699 0.228 0.000
248.291667 249.291667 999.99 0.699 99.99 0.699000 9.999 0.699000 99.99 0.699000 0.145 0.000  16.723 0.000  23.412 0.000 99.99 0.699000  38.234 0.000 99.999 0.999 999.999 0.699 9.999 0.699 0.292 0.000
251.291667 252.291667   4.24 0.000  0.17 0.000000 9.999 0.259000  0.06 0.000000 0.021 0.559   1.330 0.000   1.862 0.000 99.99 0.259000   3.746 0.000  1.333 0.000   2.413 0.000 0.011 0.000 0.059 0.559
254.291667 255.291667  10.21 0.000  0.13 0.000000 9.999 0.259000  0.03 0.000000 0.007 0.000   0.496 0.000   0.694 0.000 99.99 0.259000   0.987 0.000  0.080 0.000   0.907 0.000 0.009 0.000 0.027 0.000
257.291667 258.291667  11.37 0.559  0.24 0.559000 9.999 0.559259 99.99 0.559259 0.025 0.000   0.796 0.000   1.114 0.000 99.99 0.559259   3.454 0.000  1.530 0.000   1.924 0.559 0.013 0.559 0.104 0.000
260.291667 261.291667   9.85 0.000  0.21 0.000000 9.999 0.259000  0.10 0.000000 0.006 0.559   0.525 0.000   0.735 0.000  4.53 0.000000   1.560 0.000  0.246 0.000   1.314 0.000 0.008 0.000 0.034 0.559
263.291667 264.291667  16.38 0.559  0.33 0.559000 9.999 0.559259 99.99 0.559259 0.032 0.559   0.964 0.000   1.350 0.000 99.99 0.559259   5.171 0.000  2.144 0.000   3.028 0.559 0.014 0.559 0.138 0.559
266.291667 267.291667  23.74 0.000  0.26 0.000000 9.999 0.259000  0.62 0.000000 0.034 0.000   0.974 0.000   1.364 0.000 99.99 0.259000   4.556 0.000  1.434 0.000   3.122 0.000 0.030 0.000 0.085 0.000
269.291667 270.291667  22.12 0.000  0.20 0.000000 9.999 0.259000  0.06 0.000000 0.021 0.000   0.991 0.000   1.388 0.000 99.99 0.259000   6.683 0.000  3.769 0.000   2.914 0.000 0.020 0.000 0.098 0.000
272.291667 273.291667  29.12 0.000  0.29 0.000000 9.999 0.259000  1.80 0.000000 0.023 0.000   0.471 0.000   0.660 0.000 99.99 0.259000 999.999 0.456 99.999 0.999   3.457 0.000 0.021 0.000 0.208 0.000
275.291667 276.291667  36.42 0.559  0.29 0.559000 9.999 0.559259  0.05 0.559000 0.028 0.000   0.818 0.000   1.145 0.000 99.99 0.559259   6.944 0.000  3.075 0.000   3.869 0.559 0.023 0.559 0.196 0.000
278.291667 279.291667  47.81 0.559  0.45 0.559000 9.999 0.559259 99.99 0.559259 0.027 0.000   3.048 0.000   4.267 0.000 99.99 0.559259  10.807 0.000  3.069 0.000   7.738 0.559 0.049 0.559 0.218 0.000
281.291667 282.291667  28.65 0.000  0.21 0.000000 9.999 0.259000  0.08 0.000000 0.027 0.000   0.805 0.000   1.127 0.000 99.99 0.259000   5.451 0.000  2.604 0.000   2.847 0.000 0.029 0.000 0.086 0.000
284.291667 285.291667  13.45 0.000  0.18 0.000000 9.999 0.259000  0.32 0.000000 0.008 0.000   0.107 0.000   0.149 0.000 99.99 0.259000   1.551 0.000  0.551 0.000   1.001 0.000 0.011 0.000 0.034 0.000
287.291667 288.291667   6.65 0.000  0.23 0.000000 9.999 0.259000  0.21 0.000000 0.006 0.000   0.115 0.000   0.161 0.000 99.99 0.259000   4.813 0.000  4.140 0.000   0.673 0.000 0.006 0.000 0.035 0.000
290.291667 291.291667  23.96 0.000  0.55 0.000000 9.999 0.259000 99.99 0.259000 0.007 0.000   0.255 0.000   0.357 0.000 99.99 0.259000   9.507 0.000  8.023 0.000   1.484 0.000 0.019 0.000 0.089 0.000
293.291667 294.291667  16.45 0.000  0.20 0.000000 9.999 0.259000  0.12 0.000000 0.005 0.000   0.433 0.000   0.606 0.000 99.99 0.259000   3.180 0.000  1.531 0.000   1.650 0.000 0.013 0.000 0.055 0.000
296.291667 297.291667  12.57 0.000  0.16 0.000000 9.999 0.259000  0.19 0.000000 0.029 0.000   0.401 0.000   0.561 0.000 99.99 0.259000   4.032 0.000  2.372 0.000   1.661 0.000 0.018 0.000 0.048 0.000
299.291667 300.291667  21.02 0.000  0.35 0.000000 0.024 0.000000  0.12 0.000000 0.007 0.000   0.738 0.000   1.033 0.000 99.99 0.259000   4.753 0.000  2.636 0.000   2.118 0.000 0.020 0.000 0.047 0.000
302.291667 303.291667   2.46 0.000  0.15 0.000000 9.999 0.259000  0.07 0.000000 0.005 0.000 999.999 0.259 999.999 0.259 99.99 0.259000   0.981 0.000  0.377 0.000   0.604 0.000 0.004 0.000 0.066 0.000
305.291667 306.291667   5.57 0.000  0.35 0.000000 9.999 0.259000 99.99 0.259000 0.042 0.000   0.655 0.000   0.917 0.000 99.99 0.259000   3.323 0.000  1.223 0.000   2.099 0.000 0.012 0.000 0.125 0.000
308.291667 309.291667   3.71 0.699  0.87 0.699000 9.999 0.699259 99.99 0.699259 0.085 0.000   3.178 0.000   4.449 0.000 99.99 0.699259   7.482 0.000  0.431 0.000   7.051 0.699 0.050 0.699 0.302 0.000
311.291667 312.291667   4.07 0.000  0.49 0.000000 9.999 0.259000 99.99 0.259000 0.017 0.000   0.359 0.000   0.502 0.000 99.99 0.259000   2.464 0.000  0.935 0.000   1.530 0.000 0.011 0.000 0.093 0.000
314.291667 315.291667   1.06 0.000  0.24 0.000000 0.033 0.000000  0.06 0.000000 0.018 0.000   0.149 0.000   0.209 0.000 99.99 0.259000   1.120 0.000  0.665 0.000   0.455 0.000 0.007 0.000 0.025 0.000
317.291667 318.291667  18.34 0.559  0.86 0.559000 9.999 0.559259  0.04 0.559000 0.067 0.000   2.402 0.000   3.364 0.000 99.99 0.559259   7.357 0.000  2.244 0.000   5.113 0.559 0.044 0.559 0.132 0.000
320.291667 321.291667   4.87 0.000  0.12 0.000000 9.999 0.259000 99.99 0.259000 0.004 0.000   0.164 0.000   0.229 0.000 99.99 0.259000   2.166 0.000  1.587 0.000   0.579 0.000 0.006 0.000 0.010 0.000
323.291667 324.291667   3.09 0.000  0.33 0.000000 9.999 0.259000 99.99 0.259000 0.025 0.559   0.771 0.000   1.079 0.000 99.99 0.259000   3.379 0.000  1.758 0.000   1.621 0.000 0.032 0.000 0.043 0.559
326.291667 327.291667   1.66 0.000  0.34 0.000000 0.024 0.000000  0.05 0.000000 0.032 0.000   0.524 0.000   0.733 0.000 99.99 0.259000   7.757 0.000  6.318 0.000   1.439 0.000 0.013 0.000 0.068 0.000
329.291667 330.291667   0.77 0.000  0.16 0.000000 9.999 0.259000  0.05 0.000000 0.007 0.000   0.050 0.000   0.069 0.000  1.10 0.000000   1.588 0.000  1.121 0.000   0.467 0.000 0.006 0.000 0.018 0.000
332.291667 333.291667   4.80 0.000  0.27 0.000000 0.027 0.000000  0.04 0.000000 0.006 0.000   0.066 0.000   0.093 0.000 99.99 0.259000   3.472 0.000  2.961 0.000   0.511 0.000 0.006 0.000 0.028 0.000
335.291667 336.291667   1.20 0.000  0.17 0.000000 9.999 0.259000 99.99 0.259000 0.003 0.000   0.231 0.000   0.324 0.000 99.99 0.259000   0.788 0.000  0.393 0.000   0.395 0.000 0.005 0.000 0.019 0.000
338.291667 339.291667   8.55 0.000  0.45 0.000000 9.999 0.259000  0.05 0.000000 0.011 0.000   0.165 0.000   0.231 0.000 99.99 0.259000   2.414 0.000  1.534 0.000   0.879 0.000 0.007 0.000 0.043 0.000
341.291667 342.291667   2.04 0.000  0.13 0.000000 9.999 0.259000  0.05 0.000000 0.011 0.000   0.220 0.000   0.308 0.000 99.99 0.259000   1.426 0.000  0.937 0.000   0.489 0.000 0.008 0.000 0.019 0.000
344.291667 345.291667   2.05 0.000  0.12 0.000000 0.041 0.000000 99.99 0.259000 0.009 0.000   0.177 0.000   0.249 0.000 99.99 0.259000   1.269 0.000  0.548 0.000   0.722 0.000 0.007 0.000 0.036 0.000
347.291667 348.291667   2.86 0.000  0.12 0.000000 0.036 0.000000 99.99 0.259000 0.006 0.000   0.049 0.000   0.068 0.000 99.99 0.259000   1.003 0.000  0.598 0.000   0.405 0.000 0.006 0.000 0.009 0.000
350.291667 351.291667  13.88 0.000  0.65 0.000000 9.999 0.259000  0.10 0.000000 0.016 0.000   0.144 0.000   0.202 0.000 99.99 0.259000   2.427 0.000  1.259 0.000   1.168 0.000 0.012 0.000 0.083 0.000
353.291667 354.291667   3.86 0.000  0.19 0.000000 0.025 0.000000 99.99 0.259000 0.015 0.000   0.157 0.000   0.220 0.000 99.99 0.259000   1.293 0.000  0.559 0.000   0.734 0.000 0.005 0.000 0.024 0.000
356.291667 357.291667  12.01 0.000  0.33 0.000000 9.999 0.259000 99.99 0.259000 0.009 0.000   0.105 0.000   0.147 0.000 99.99 0.259000   2.883 0.000  2.091 0.000   0.792 0.000 0.009 0.000 0.033 0.000
359.291667 360.291667   4.70 0.000 99.99 0.259000 9.999 0.259000  0.19 0.000000 0.005 0.000 999.999 0.259 999.999 0.259 99.99 0.259000   0.520 0.000  0.028 0.000   0.492 0.000 0.004 0.000 0.011 0.000
362.291667 363.291667   7.93 0.000 99.99 0.259000 9.999 0.259000  0.19 0.000000 0.018 0.000   0.049 0.000   0.068 0.000 99.99 0.259000   1.083 0.000  0.325 0.000   0.758 0.000 0.007 0.000 0.038 0.000
