scripts/IMPROVE-2019_partial/data/US0026R.20060102080000.20191216000000.filterpack..pm25.52w.1w.US03L_filterpack_US0026.US03L_IMPROVE_Davis.lev2.nas
66 1001
MISSING INFORMATION
US03L, IMPROVE, , , , , , , 
MISSING INFORMATION
IMPROVE sel_HTAP
1 1
2006 01 01 2019 12 16
3.000000
days from file reference point
27
1 1 1 1 1 1 1 1 1 1 1 1 1 1 1 1 1 1 1 1 1 1 1 1 1 1 1
999.999999 9999.99 9.999 99.99 9.999 9.999 9.999999 9.99 9.999999 9.999 9.999 99.999 9.999 999.999 9.999 99.99 9.999999 999.999 9.999 99.999 9.999 999.999 9.999 9.999 9.999 9.999 9.999
end_time of measurement, days from the file reference point
iron, ng/m3, Revision date=20181210133000
numflag iron, no unit, Revision date=20181210133000
lead, ng/m3, Revision date=20181210133000
numflag lead, no unit, Revision date=20181210133000
magnesium, ug/m3, Revision date=20181210133000
numflag magnesium, no unit, Revision date=20181210133000
nickel, ng/m3, Revision date=20181210133000
numflag nickel, no unit, Revision date=20181210133000
nitrate, ug N/m3, Revision date=20181210133000
numflag nitrate, no unit, Revision date=20181210133000
organic_carbon, ug C/m3, Revision date=20181210133000
numflag organic_carbon, no unit, Revision date=20181210133000
organic_mass, ug/m3, Revision date=20181210133000
numflag organic_mass, no unit, Revision date=20181210133000
phosphorus, ng/m3, Revision date=20181210133000
numflag phosphorus, no unit, Revision date=20181210133000
pm10_mass, ug/m3, Version=2, Version description=Data extracted from http://views.cira.colostate.edu/fed/DataWizard 2019-12-16, Sample duration=1d, Orig. time res.=3d, Matrix=pm10, Blank correction=Blank corrected, Volume std. temperature=ambient, Volume std. pressure=ambient
numflag pm10_mass, no unit, Version=2, Version description=Data extracted from http://views.cira.colostate.edu/fed/DataWizard 2019-12-16, Sample duration=1d, Orig. time res.=3d, Matrix=pm10, Blank correction=Blank corrected, Volume std. temperature=ambient, Volume std. pressure=ambient
pm10_pm25_mass, ug/m3, Revision date=20181210133000, Matrix=pm10_pm25
numflag pm10_pm25_mass, no unit, Revision date=20181210133000, Matrix=pm10_pm25
pm25_mass, ug/m3, Version=2, Version description=Data extracted from http://views.cira.colostate.edu/fed/DataWizard 2019-12-16, Sample duration=1d, Orig. time res.=3d, Blank correction=Blank corrected, Volume std. temperature=ambient, Volume std. pressure=ambient
numflag pm25_mass, no unit, Version=2, Version description=Data extracted from http://views.cira.colostate.edu/fed/DataWizard 2019-12-16, Sample duration=1d, Orig. time res.=3d, Blank correction=Blank corrected, Volume std. temperature=ambient, Volume std. pressure=ambient
potassium, ug/m3, Revision date=20181210133000
numflag potassium, no unit, Revision date=20181210133000
sulphate_total, ug S/m3, Revision date=20181210133000
numflag sulphate_total, no unit, Revision date=20181210133000
0
25
Data definition:              EBAS_1.1
Set type code:                TU
Timezone:                     UTC
File name:                    US0026R.20060102080000.20191216000000.filterpack..pm25.52w.1w.US03L_filterpack_US0026.US03L_IMPROVE_Davis.lev2.nas
File creation:                20191218115711
Startdate:                    20060102080000
Revision date:                20191216000000
Statistics:                   arithmetic mean
Data level:                   2
Period code:                  52w
Resolution code:              1w
Station code:                 US0026R
Platform code:                US0026S
Station name:                 Lava Beds NM
Station latitude:             41.7117
Station longitude:            -121.5068
Station altitude:             1459.0 m
Regime:                       IMG
Component:                    
Matrix:                       pm25
Laboratory code:              US03L
Instrument type:              filterpack
Instrument name:              filterpack_US0026
Method ref:                   US03L_IMPROVE_Davis
starttime endtime Fe flag_Fe Pb flag_Pb Mg++ flag_Mg++ Ni flag_Ni NO3- flag_NO3- OC flag_OC OM flag_OM P flag_P PM10 flag_PM10 PM10-PM2.5 flag_PM10-PM2.5 PM2.5 flag_PM2.5 K+ flag_K+ SO4-- flag_SO4--
  1.333333   2.333333    0.61 0.000  0.09 0.000 9.999 0.259000 9.99 0.259000 0.008 0.000  0.173 0.000   0.242 0.000 99.99 0.259000   0.415 0.000  0.254 0.000 999.999 0.259 0.002 0.000 0.011 0.000
  4.333333   5.333333    2.90 0.000  0.34 0.000 9.999 0.259000 9.99 0.259000 0.006 0.000  0.590 0.000   0.826 0.000 99.99 0.259000   1.813 0.000  0.650 0.000   1.163 0.000 0.007 0.000 0.045 0.000
  7.333333   8.333333    1.12 0.000  0.27 0.000 9.999 0.259000 9.99 0.259000 0.008 0.000  0.123 0.000   0.172 0.000 99.99 0.259000   1.119 0.000  0.455 0.000   0.664 0.000 0.004 0.000 0.029 0.000
 10.333333  11.333333    1.90 0.000  0.15 0.000 0.019 0.000000 9.99 0.259000 0.009 0.000  0.047 0.000   0.066 0.000 99.99 0.259000   1.895 0.000  0.908 0.000   0.988 0.000 0.007 0.000 0.032 0.000
 13.333333  14.333333    0.62 0.000  0.25 0.000 9.999 0.259000 9.99 0.259000 0.008 0.000  0.072 0.000   0.102 0.000 99.99 0.259000   0.451 0.000  0.292 0.000   0.286 0.000 0.002 0.000 0.010 0.000
 16.333333  17.333333    0.70 0.000 99.99 0.259 0.005 0.000000 9.99 0.259000 0.002 0.000  0.070 0.000   0.098 0.000  1.34 0.000000   0.502 0.000  0.341 0.000   0.257 0.000 0.002 0.000 0.005 0.000
 19.333333  20.333333    1.96 0.394  0.28 0.394 9.999 0.394259 9.99 0.394259 0.003 0.394  0.054 0.394   0.075 0.394 99.99 0.394259   0.631 0.000  0.259 0.394   0.372 0.000 0.002 0.394 0.020 0.394
 22.333333  23.333333    6.87 0.000  0.50 0.000 9.999 0.259000 9.99 0.259000 0.052 0.000  0.665 0.000   0.931 0.000 99.99 0.259000   2.027 0.000  0.616 0.000   1.411 0.000 0.018 0.000 0.050 0.000
 25.333333  26.333333    1.74 0.000  0.14 0.000 9.999 0.259000 9.99 0.259000 0.011 0.000  0.137 0.000   0.192 0.000 99.99 0.259000   0.704 0.000  0.194 0.000   0.510 0.000 0.003 0.000 0.023 0.000
 28.333333  29.333333    2.33 0.000  0.15 0.000 9.999 0.259000 9.99 0.259000 0.018 0.000  0.156 0.000   0.218 0.000 99.99 0.259000   0.869 0.000  0.042 0.000   0.827 0.000 0.005 0.000 0.041 0.000
 31.333333  32.333333    2.28 0.000 99.99 0.259 9.999 0.259000 9.99 0.259000 0.002 0.000  0.012 0.000   0.017 0.000 99.99 0.259000   0.454 0.000  0.295 0.000   0.222 0.000 0.003 0.000 0.015 0.000
 34.333333  35.333333    2.18 0.000  0.34 0.000 9.999 0.259000 9.99 0.259000 0.005 0.000  0.081 0.000   0.113 0.000 99.99 0.259000   1.073 0.000  0.407 0.000   0.666 0.000 0.005 0.000 0.036 0.000
 37.333333  38.333333   15.82 0.000  0.80 0.000 9.999 0.259000 9.99 0.259000 0.066 0.000  1.056 0.000   1.478 0.000 99.99 0.259000   4.027 0.000  1.376 0.000   2.651 0.000 0.021 0.000 0.067 0.000
 40.333333  41.333333   14.48 0.000  0.71 0.000 9.999 0.259000 9.99 0.259000 0.054 0.000  0.832 0.000   1.165 0.000 99.99 0.259000   3.309 0.000  0.979 0.000   2.330 0.000 0.018 0.000 0.090 0.000
 43.333333  44.333333   12.22 0.000  1.05 0.000 0.009 0.000000 9.99 0.259000 0.025 0.000  0.823 0.000   1.152 0.000 99.99 0.259000   2.976 0.000  0.618 0.000   2.358 0.000 0.023 0.000 0.087 0.000
 46.333333  47.333333    7.18 0.000  0.53 0.000 9.999 0.259000 9.99 0.259000 0.039 0.000  0.400 0.000   0.559 0.000 99.99 0.259000   2.278 0.000  0.732 0.000   1.546 0.000 0.014 0.000 0.154 0.000
 49.333333  50.333333   14.66 0.000  0.59 0.000 9.999 0.259000 9.99 0.259000 0.147 0.000  0.468 0.000   0.655 0.000 99.99 0.259000   3.305 0.000  0.867 0.000   2.439 0.000 0.014 0.000 0.206 0.000
 52.333333  53.333333   27.47 0.000  1.74 0.000 0.010 0.000000 9.99 0.259000 0.015 0.000  0.323 0.000   0.452 0.000 99.99 0.259000   3.837 0.000  1.819 0.000   2.018 0.000 0.030 0.000 0.176 0.000
 55.333333  56.333333   28.08 0.000  1.42 0.000 0.009 0.000000 0.12 0.000000 0.044 0.000  0.883 0.000   1.236 0.000 99.99 0.259000   4.234 0.000  1.611 0.000   2.624 0.000 0.033 0.000 0.144 0.000
 58.333333  59.333333    0.39 0.000  0.24 0.000 9.999 0.259000 9.99 0.259000 0.002 0.000  0.040 0.000   0.055 0.000 99.99 0.259000 999.999 0.259  0.047 0.000 999.999 0.259 0.002 0.000 0.005 0.000
 61.333333  62.333333    7.48 0.000  0.32 0.000 9.999 0.259000 9.99 0.259000 0.024 0.000  0.050 0.000   0.069 0.000 99.99 0.259000   1.214 0.000  0.588 0.000   0.626 0.000 0.010 0.000 0.069 0.000
 64.333333  65.333333    1.43 0.000 99.99 0.259 9.999 0.259000 9.99 0.259000 0.002 0.000 99.999 0.259 999.999 0.259  2.05 0.000000   0.083 0.000  0.046 0.000   0.097 0.000 0.002 0.000 0.020 0.000
 67.333333  68.333333   11.16 0.000  0.61 0.000 9.999 0.259000 9.99 0.259000 0.012 0.000  0.041 0.000   0.058 0.000 99.99 0.259000   2.559 0.000  0.928 0.000   1.631 0.000 0.015 0.000 0.135 0.000
 70.333333  71.333333    5.14 0.000  0.23 0.000 0.015 0.000000 9.99 0.259000 0.018 0.000  0.061 0.000   0.085 0.000 99.99 0.259000   0.883 0.000  0.265 0.000   0.618 0.000 0.004 0.000 0.049 0.000
 73.333333  74.333333    7.96 0.000  0.13 0.000 9.999 0.259000 9.99 0.259000 0.014 0.000  0.145 0.000   0.204 0.000 99.99 0.259000   1.087 0.000  0.279 0.000   0.808 0.000 0.007 0.000 0.051 0.000
 76.333333  77.333333   34.54 0.000  0.52 0.000 9.999 0.259000 9.99 0.259000 0.013 0.000  0.283 0.000   0.396 0.000 99.99 0.259000   2.088 0.000  0.795 0.000   1.292 0.000 0.021 0.000 0.092 0.000
 79.333333  80.333333    4.61 0.000  0.18 0.000 9.999 0.259000 9.99 0.259000 0.004 0.000  0.075 0.000   0.105 0.000 99.99 0.259000   0.677 0.000  0.220 0.000   0.456 0.000 0.004 0.000 0.032 0.000
 82.333333  83.333333   11.39 0.000 99.99 0.259 9.999 0.259000 9.99 0.259000 0.014 0.000  0.243 0.000   0.341 0.000 99.99 0.259000   1.005 0.000  0.394 0.000   0.611 0.000 0.006 0.000 0.047 0.000
 85.333333  86.333333   25.70 0.000  0.82 0.000 9.999 0.259000 9.99 0.259000 0.033 0.000  0.272 0.000   0.381 0.000 99.99 0.259000   3.389 0.000  1.835 0.000   1.554 0.000 0.021 0.000 0.082 0.000
 88.333333  89.333333    3.16 0.000  0.27 0.000 0.022 0.000000 9.99 0.259000 0.010 0.000  0.052 0.000   0.073 0.000 99.99 0.259000   0.582 0.000  0.066 0.000   0.516 0.000 0.005 0.000 0.046 0.000
 91.333333  92.333333   16.60 0.000  0.89 0.000 9.999 0.259000 9.99 0.259000 0.017 0.000  0.048 0.000   0.068 0.000 99.99 0.259000   1.809 0.000  0.417 0.000   1.393 0.000 0.016 0.000 0.159 0.000
 94.333333  95.333333    3.52 0.000  0.32 0.000 0.007 0.000000 9.99 0.259000 0.004 0.000  0.148 0.000   0.207 0.000  4.88 0.000000   0.625 0.000  0.076 0.000   0.549 0.000 0.004 0.000 0.036 0.000
 97.333333  98.333333    6.76 0.000  0.34 0.000 0.009 0.000000 9.99 0.259000 0.010 0.000  0.007 0.000   0.010 0.000 99.99 0.259000   0.997 0.000  0.291 0.000   0.706 0.000 0.006 0.000 0.051 0.000
100.333333 101.333333    3.21 0.000 99.99 0.259 0.006 0.000000 9.99 0.259000 0.006 0.000  0.014 0.000   0.019 0.000 99.99 0.259000   0.293 0.000 99.999 0.259   0.422 0.000 0.006 0.000 0.031 0.000
103.333333 104.333333   14.00 0.000  0.50 0.000 0.009 0.000000 9.99 0.259000 0.009 0.000  0.078 0.000   0.110 0.000 99.99 0.259000   1.641 0.000  0.435 0.000   1.206 0.000 0.011 0.000 0.074 0.000
106.333333 107.333333   14.07 0.000  0.45 0.000 0.012 0.000000 9.99 0.259000 0.010 0.000  0.025 0.000   0.035 0.000 99.99 0.259000   1.421 0.000  0.473 0.000   0.948 0.000 0.011 0.000 0.063 0.000
109.333333 110.333333  100.80 0.000  1.17 0.000 0.060 0.000000 9.99 0.259000 0.023 0.559  0.518 0.000   0.725 0.000 99.99 0.259000   6.039 0.000  2.532 0.000   3.508 0.000 0.060 0.000 0.137 0.559
112.333333 113.333333   98.16 0.000  2.02 0.000 0.047 0.000000 9.99 0.259000 0.042 0.559  0.916 0.000   1.283 0.000 99.99 0.259000   7.619 0.000  3.805 0.000   3.814 0.000 0.064 0.000 0.139 0.559
115.333333 116.333333  175.93 0.000  2.85 0.000 0.092 0.000000 0.13 0.000000 0.088 0.559  1.318 0.000   1.846 0.000 99.99 0.259000  13.909 0.000  5.911 0.000   7.998 0.000 0.116 0.000 0.392 0.559
118.333333 119.333333   42.82 0.000  1.28 0.000 9.999 0.259000 0.10 0.000000 0.020 0.000  1.233 0.000   1.726 0.000 99.99 0.259000   6.530 0.000  2.946 0.000   3.583 0.000 0.040 0.000 0.114 0.000
121.333333 122.333333   79.34 0.000  1.37 0.000 9.999 0.259000 0.07 0.000000 0.039 0.559  0.591 0.000   0.827 0.000 99.99 0.259000   7.540 0.000  3.640 0.000   3.901 0.000 0.052 0.000 0.227 0.559
124.333333 125.333333  109.29 0.000  1.63 0.000 9.999 0.259000 9.99 0.259000 0.044 0.000  1.362 0.000   1.906 0.000 99.99 0.259000  13.437 0.000  7.008 0.000   6.429 0.000 0.074 0.000 0.372 0.000
127.333333 128.333333   49.47 0.000  1.13 0.000 0.011 0.000000 9.99 0.259000 0.030 0.000  0.626 0.000   0.876 0.000 99.99 0.259000   6.446 0.000  2.974 0.000   3.471 0.000 0.043 0.000 0.244 0.000
130.333333 131.333333  145.15 0.000  2.62 0.000 0.021 0.000000 0.10 0.000000 0.050 0.559  0.979 0.000   1.370 0.000 99.99 0.259000  14.345 0.000  7.494 0.000   6.851 0.000 0.094 0.000 0.468 0.559
133.333333 134.333333   71.91 0.000  1.75 0.000 9.999 0.259000 9.99 0.259000 0.032 0.559  1.363 0.000   1.909 0.000 99.99 0.259000  10.086 0.000  4.573 0.000   5.513 0.000 0.058 0.000 0.321 0.559
136.333333 137.333333   60.09 0.000  0.78 0.000 0.014 0.000000 9.99 0.259000 0.015 0.559  1.160 0.000   1.624 0.000 99.99 0.259000   9.952 0.000  5.712 0.000   4.240 0.000 0.029 0.000 0.176 0.559
139.333333 140.333333   17.28 0.000  0.29 0.000 9.999 0.259000 9.99 0.259000 0.010 0.000  0.265 0.000   0.371 0.000 99.99 0.259000   2.249 0.000  1.212 0.000   1.037 0.000 0.010 0.000 0.084 0.000
142.333333 143.333333    7.06 0.000  0.53 0.000 0.007 0.000000 9.99 0.259000 0.038 0.559  0.334 0.000   0.467 0.000 99.99 0.259000   2.471 0.000  0.763 0.000   1.707 0.000 0.011 0.000 0.162 0.559
145.333333 146.333333   13.19 0.000  0.23 0.000 9.999 0.259000 9.99 0.259000 0.005 0.559  0.242 0.000   0.338 0.000 99.99 0.259000   2.593 0.000  1.517 0.000   1.076 0.000 0.010 0.000 0.059 0.559
148.333333 149.333333   10.44 0.000 99.99 0.259 9.999 0.259000 9.99 0.259000 0.004 0.000  0.439 0.000   0.615 0.000 99.99 0.259000   1.849 0.000  0.562 0.000   1.286 0.000 0.011 0.000 0.067 0.000
151.333333 152.333333   29.32 0.000  0.79 0.000 0.009 0.000000 9.99 0.259000 0.018 0.000  0.518 0.000   0.726 0.000 99.99 0.259000   5.025 0.000  2.725 0.000   2.300 0.000 0.020 0.000 0.154 0.000
154.333333 155.333333   22.19 0.000  0.47 0.000 0.012 0.000000 9.99 0.259000 0.007 0.000  0.503 0.000   0.704 0.000 99.99 0.259000   2.885 0.000  1.028 0.000   1.856 0.000 0.019 0.000 0.140 0.000
157.333333 158.333333   38.74 0.000  0.70 0.000 9.999 0.259000 9.99 0.259000 0.022 0.559  1.266 0.000   1.773 0.000 99.99 0.259000   7.902 0.000  3.585 0.000   4.317 0.000 0.035 0.000 0.219 0.559
160.333333 161.333333   38.81 0.000  0.64 0.000 0.019 0.000000 0.11 0.000000 0.033 0.000  1.418 0.000   1.985 0.000 99.99 0.259000   8.342 0.000  3.211 0.000   5.131 0.000 0.030 0.000 0.311 0.000
163.333333 164.333333   30.92 0.000  0.51 0.000 0.019 0.000000 0.21 0.000000 0.055 0.000  0.790 0.000   1.107 0.000 99.99 0.259000   6.285 0.000  2.796 0.000   3.490 0.000 0.023 0.000 0.302 0.000
166.333333 167.333333   22.71 0.000  0.60 0.000 0.014 0.000000 9.99 0.259000 0.006 0.559  0.327 0.000   0.458 0.000 99.99 0.259000   3.039 0.000  1.364 0.000   1.676 0.000 0.020 0.000 0.092 0.559
169.333333 170.333333   25.91 0.000  0.62 0.000 9.999 0.259000 9.99 0.259000 0.027 0.000  0.569 0.000   0.797 0.000 99.99 0.259000   4.488 0.000  1.595 0.000   2.893 0.000 0.024 0.000 0.182 0.000
172.333333 173.333333   49.25 0.000  0.62 0.000 9.999 0.259000 9.99 0.259000 0.014 0.559  0.861 0.000   1.205 0.000 99.99 0.259000   7.425 0.000  3.749 0.000   3.676 0.000 0.031 0.000 0.205 0.559
175.333333 176.333333   53.00 0.000  0.38 0.000 9.999 0.259000 9.99 0.259000 0.008 0.559  1.319 0.000   1.847 0.000 99.99 0.259000   9.107 0.000  4.968 0.000   4.139 0.000 0.023 0.000 0.152 0.559
178.333333 179.333333 9999.99 0.999 99.99 0.999 9.999 0.999000 9.99 0.999000 9.999 0.999 99.999 0.999 999.999 0.999 99.99 0.999000 999.999 0.999 99.999 0.999 999.999 0.999 9.999 0.999 9.999 0.999
181.333333 182.333333   40.61 0.000  0.69 0.000 0.009 0.000000 0.15 0.000000 0.019 0.559  2.419 0.000   4.354 0.000 99.99 0.259000  10.153 0.000  3.371 0.000   6.782 0.000 0.039 0.000 0.216 0.559
184.333333 185.333333   18.27 0.000  0.59 0.000 9.999 0.259000 0.13 0.000000 0.018 0.559  0.737 0.000   1.327 0.000 99.99 0.259000   4.947 0.000  2.533 0.000   2.413 0.000 0.016 0.000 0.176 0.559
187.333333 188.333333   36.91 0.000  0.47 0.000 9.999 0.259000 0.10 0.000000 0.008 0.559  0.566 0.000   1.018 0.000 99.99 0.259000   6.394 0.000  4.125 0.000   2.268 0.000 0.017 0.000 0.082 0.559
190.333333 191.333333   30.76 0.000  0.97 0.000 0.007 0.000000 9.99 0.259000 0.016 0.559  1.228 0.000   2.210 0.000 99.99 0.259000   6.996 0.000  2.935 0.000   4.061 0.000 0.034 0.000 0.132 0.559
193.333333 194.333333   37.84 0.000  0.32 0.000 9.999 0.259000 9.99 0.259000 0.011 0.559  0.537 0.000   0.967 0.000 99.99 0.259000   5.618 0.000  3.496 0.000   2.122 0.000 0.013 0.000 0.092 0.559
196.333333 197.333333   28.08 0.000  0.52 0.000 9.999 0.259000 9.99 0.259000 0.009 0.559  1.253 0.000   2.256 0.000 99.99 0.259000   6.791 0.000  3.272 0.000   3.518 0.000 0.032 0.000 0.114 0.559
199.333333 200.333333   52.64 0.000  0.67 0.000 0.011 0.000000 9.99 0.259000 0.017 0.559  1.430 0.000   2.573 0.000 99.99 0.259000   9.780 0.000  5.495 0.000   4.285 0.000 0.027 0.000 0.149 0.559
202.333333 203.333333   89.82 0.000  0.49 0.000 0.018 0.000000 9.99 0.259000 0.012 0.559  1.810 0.000   3.258 0.000 99.99 0.259000  11.662 0.000  5.472 0.000   6.190 0.000 0.043 0.000 0.183 0.559
205.333333 206.333333   53.92 0.000  0.64 0.000 9.999 0.259000 0.20 0.000000 0.021 0.559  2.709 0.000   4.877 0.000 99.99 0.259000  12.619 0.000  5.125 0.000   7.493 0.000 0.034 0.000 0.194 0.559
208.333333 209.333333   79.24 0.000  0.66 0.000 0.019 0.000000 9.99 0.259000 0.027 0.559  3.966 0.000   7.138 0.000 99.99 0.259000  15.074 0.000  4.559 0.000  10.515 0.000 0.055 0.000 0.187 0.559
211.333333 212.333333   21.27 0.699  0.50 0.699 0.010 0.699000 0.14 0.699000 0.021 0.000  3.555 0.000   6.399 0.000 99.99 0.699259  10.782 0.000  2.570 0.699   8.212 0.000 0.030 0.699 0.110 0.000
214.333333 215.333333   57.26 0.000  0.55 0.000 9.999 0.259000 9.99 0.259000 0.018 0.559  2.792 0.000   5.025 0.000 99.99 0.259000  12.914 0.000  5.306 0.000   7.608 0.000 0.068 0.000 0.112 0.559
217.333333 218.333333   19.62 0.000  0.43 0.000 9.999 0.259000 9.99 0.259000 0.015 0.559  2.669 0.000   4.804 0.000 99.99 0.259000   9.302 0.000  2.593 0.000   6.709 0.000 0.039 0.000 0.228 0.559
220.333333 221.333333   34.64 0.000  0.70 0.000 9.999 0.259000 0.15 0.000000 0.014 0.559  1.582 0.000   2.847 0.000 99.99 0.259000   7.923 0.000  3.206 0.000   4.716 0.000 0.033 0.000 0.152 0.559
223.333333 224.333333   20.15 0.000  0.51 0.000 0.007 0.000000 0.11 0.000000 0.032 0.559  1.084 0.000   1.952 0.000 99.99 0.259000   5.718 0.000  2.579 0.000   3.139 0.000 0.045 0.000 0.107 0.559
226.333333 227.333333   32.77 0.000  0.91 0.000 0.006 0.000000 0.17 0.000000 0.035 0.559  3.358 0.000   6.044 0.000 99.99 0.259000  13.378 0.000  5.254 0.000   8.124 0.000 0.036 0.000 0.230 0.559
229.333333 230.333333   43.54 0.000  0.47 0.000 9.999 0.259000 9.99 0.259000 0.016 0.559  1.024 0.000   1.844 0.000 99.99 0.259000   7.637 0.000  4.273 0.000   3.364 0.000 0.029 0.000 0.089 0.559
232.333333 233.333333   32.65 0.000  0.75 0.000 0.009 0.000000 0.18 0.000000 0.027 0.559  0.919 0.000   1.655 0.000 99.99 0.259000   5.994 0.000  2.544 0.000   3.450 0.000 0.020 0.000 0.215 0.559
235.333333 236.333333   52.34 0.000  0.59 0.000 9.999 0.259000 9.99 0.259000 0.029 0.559  1.230 0.000   2.213 0.000 99.99 0.259000   7.245 0.000  3.160 0.000   4.085 0.000 0.036 0.000 0.111 0.559
238.333333 239.333333   53.48 0.000  0.39 0.000 9.999 0.259000 9.99 0.259000 0.010 0.559  2.263 0.000   4.073 0.000 99.99 0.259000  10.241 0.000  4.400 0.000   5.840 0.000 0.059 0.000 0.105 0.559
241.333333 242.333333   36.60 0.000  0.34 0.000 9.999 0.259000 9.99 0.259000 0.014 0.559  0.230 0.000   0.414 0.000 99.99 0.259000   4.276 0.000  2.480 0.000   1.796 0.000 0.015 0.000 0.078 0.559
