scripts/IMPROVE-2019_partial/data/US0024R.20160101080000.20191216000000.filterpack...52w.3d.US03L_filterpack_US0024.US03L_IMPROVE_Davis.lev2.nas
52 1001
MISSING INFORMATION
US03L, IMPROVE, , , , , , , 
MISSING INFORMATION
IMPROVE sel_HTAP
1 1
2016 01 01 2019 12 16
3.000000
days from file reference point
5
1 1 1 1 1
999.999999 999.999 9.999 999.999 9.999
end_time of measurement, days from the file reference point
pm10_mass, ug/m3, Matrix=pm10
numflag pm10_mass, no unit, Matrix=pm10
pm25_mass, ug/m3, Matrix=pm25
numflag pm25_mass, no unit, Matrix=pm25
0
33
Data definition:              EBAS_1.1
Set type code:                TU
Timezone:                     UTC
File name:                    US0024R.20160101080000.20191216000000.filterpack...52w.3d.US03L_filterpack_US0024.US03L_IMPROVE_Davis.lev2.nas
File creation:                20191218115702
Startdate:                    20160101080000
Revision date:                20191216000000
Version:                      2
Version description:          "Data extracted from http://views.cira.colostate.edu/fed/DataWizard 2019-12-16"
Statistics:                   arithmetic mean
Data level:                   2
Period code:                  52w
Resolution code:              3d
Sample duration:              1d
Orig. time res.:              3d
Station code:                 US0024R
Platform code:                US0024S
Station name:                 Kaiser
Station latitude:             37.2207
Station longitude:            -119.1546
Station altitude:             2597.0 m
Regime:                       IMG
Component:                    
Unit:                         ug/m3
Matrix:                       
Laboratory code:              US03L
Instrument type:              filterpack
Instrument name:              filterpack_US0024
Method ref:                   US03L_IMPROVE_Davis
Blank correction:             Blank corrected
Volume std. temperature:      ambient
Volume std. pressure:         ambient
starttime endtime PM10 flag_PM10 PM2.5 flag_PM2.5
  0.333333   1.333333   2.836 0.000   0.474 0.000
  3.333333   4.333333   2.771 0.000   1.191 0.000
  6.333333   7.333333   1.266 0.000   0.443 0.000
  9.333333  10.333333   1.347 0.000   0.412 0.000
 12.333333  13.333333   2.398 0.000   0.287 0.000
 15.333333  16.333333   0.671 0.000   0.190 0.000
 18.333333  19.333333   1.076 0.000   0.262 0.000
 21.333333  22.333333   1.758 0.000   0.793 0.000
 24.333333  25.333333   0.588 0.000 999.999 0.259
 27.333333  28.333333 999.999 0.999 999.999 0.999
 30.333333  31.333333 999.999 0.999 999.999 0.999
 33.333333  34.333333   1.643 0.000   0.284 0.000
 36.333333  37.333333   2.533 0.000   1.279 0.000
 39.333333  40.333333   1.194 0.000   0.706 0.000
 42.333333  43.333333   2.323 0.000   0.658 0.000
 45.333333  46.333333   1.116 0.000   0.406 0.000
 48.333333  49.333333 999.999 0.999 999.999 0.999
 51.333333  52.333333   3.665 0.000   1.571 0.000
 54.333333  55.333333   3.782 0.000   1.537 0.000
 57.333333  58.333333   1.835 0.000   1.038 0.000
 60.333333  61.333333   2.686 0.000   1.706 0.000
 63.333333  64.333333   2.037 0.000   0.946 0.000
 66.333333  67.333333   2.188 0.000   0.319 0.000
 69.333333  70.333333   0.416 0.000   0.595 0.000
 72.333333  73.333333   1.801 0.000   1.172 0.000
 75.333333  76.333333   6.166 0.000   3.318 0.000
 78.333333  79.333333   3.615 0.000   2.539 0.000
 81.333333  82.333333   2.396 0.000   0.478 0.000
 84.333333  85.333333   4.808 0.000   2.685 0.000
 87.333333  88.333333   3.875 0.000   1.602 0.000
 90.333333  91.333333   3.752 0.000   1.765 0.000
 93.333333  94.333333   5.787 0.000   2.989 0.000
 96.333333  97.333333   6.095 0.000   2.857 0.000
 99.333333 100.333333   0.416 0.000   0.190 0.000
102.333333 103.333333   3.124 0.000   2.282 0.000
105.333333 106.333333   2.465 0.000   0.756 0.000
108.333333 109.333333   6.798 0.000   3.841 0.000
111.333333 112.333333   3.323 0.000   1.944 0.000
114.333333 115.333333   3.474 0.000   2.468 0.000
117.333333 118.333333   4.802 0.000   2.869 0.000
120.333333 121.333333   2.121 0.000   1.236 0.000
123.333333 124.333333   4.508 0.000   2.438 0.000
126.333333 127.333333   1.967 0.000   1.406 0.000
129.333333 130.333333   4.670 0.000   3.604 0.000
132.333333 133.333333  10.270 0.000   5.426 0.000
135.333333 136.333333   6.312 0.000   3.690 0.000
138.333333 139.333333   7.375 0.000   2.949 0.000
141.333333 142.333333   6.013 0.000   2.581 0.000
144.333333 145.333333   5.402 0.000   3.455 0.000
147.333333 148.333333 999.999 0.999 999.999 0.999
150.333333 151.333333 999.999 0.999 999.999 0.999
153.333333 154.333333  12.773 0.000   5.320 0.000
156.333333 157.333333  16.416 0.000   7.657 0.000
159.333333 160.333333  14.356 0.000   7.568 0.000
162.333333 163.333333  11.429 0.000   4.594 0.000
165.333333 166.333333 999.999 0.999 999.999 0.999
168.333333 169.333333  12.242 0.000   7.015 0.000
171.333333 172.333333   5.392 0.000   2.791 0.000
174.333333 175.333333   5.294 0.000   1.620 0.000
177.333333 178.333333  24.388 0.000  17.495 0.000
180.333333 181.333333  10.670 0.000   4.210 0.000
183.333333 184.333333  20.584 0.000   8.899 0.000
186.333333 187.333333  14.223 0.000   7.075 0.000
189.333333 190.333333  15.382 0.000   5.772 0.000
192.333333 193.333333   7.420 0.000   2.682 0.000
195.333333 196.333333  16.456 0.000   6.637 0.000
198.333333 199.333333  17.369 0.000   6.776 0.000
201.333333 202.333333  10.296 0.000   2.771 0.000
204.333333 205.333333   5.865 0.000   1.802 0.000
207.333333 208.333333  10.828 0.000   5.192 0.000
210.333333 211.333333  18.724 0.000   9.262 0.000
213.333333 214.333333  17.555 0.000  10.223 0.000
216.333333 217.333333  16.950 0.000   8.092 0.000
219.333333 220.333333  17.450 0.000   7.750 0.000
222.333333 223.333333 999.999 0.999 999.999 0.999
225.333333 226.333333 999.999 0.999 999.999 0.999
228.333333 229.333333 999.999 0.999 999.999 0.999
231.333333 232.333333  21.976 0.000   9.318 0.000
234.333333 235.333333  24.002 0.000  11.934 0.000
237.333333 238.333333  16.171 0.000   7.448 0.000
240.333333 241.333333  14.917 0.000   7.755 0.000
243.333333 244.333333  15.485 0.000   4.218 0.000
246.333333 247.333333  22.750 0.000   6.318 0.000
249.333333 250.333333  17.226 0.000   6.373 0.000
252.333333 253.333333  22.036 0.000   8.003 0.000
255.333333 256.333333  18.753 0.000   7.686 0.000
258.333333 259.333333  13.473 0.000   4.915 0.000
261.333333 262.333333  18.269 0.000   8.149 0.000
264.333333 265.333333  31.034 0.000  13.832 0.000
267.333333 268.333333   4.929 0.000   2.119 0.000
270.333333 271.333333  14.543 0.000   5.209 0.000
273.333333 274.333333  20.628 0.000   5.461 0.000
276.333333 277.333333   1.525 0.000   0.598 0.000
279.333333 280.333333   6.208 0.000   2.225 0.000
282.333333 283.333333   7.119 0.000   2.284 0.000
285.333333 286.333333  10.007 0.000   6.913 0.000
288.333333 289.333333   4.607 0.000   1.859 0.000
291.333333 292.333333   3.052 0.000   1.836 0.000
294.333333 295.333333   4.377 0.000   2.436 0.000
297.333333 298.333333   4.910 0.000   3.158 0.000
300.333333 301.333333   6.749 0.000   5.475 0.000
303.333333 304.333333   0.382 0.000   0.156 0.000
306.333333 307.333333   1.638 0.000   1.195 0.000
309.333333 310.333333   4.543 0.000   3.124 0.000
312.333333 313.333333   2.154 0.000   1.516 0.000
315.333333 316.333333   6.200 0.000   3.912 0.000
318.333333 319.333333   0.914 0.000   0.551 0.000
321.333333 322.333333  14.306 0.000  13.313 0.000
324.333333 325.333333   8.946 0.000   5.721 0.000
327.333333 328.333333   4.614 0.000   2.878 0.000
330.333333 331.333333   5.569 0.000   3.707 0.000
333.333333 334.333333   1.693 0.000   1.093 0.000
336.333333 337.333333   1.666 0.000   0.627 0.000
339.333333 340.333333   1.144 0.000   0.536 0.000
342.333333 343.333333   0.043 0.000   0.125 0.000
345.333333 346.333333   0.296 0.000   0.217 0.000
348.333333 349.333333 999.999 0.999 999.999 0.999
351.333333 352.333333   0.810 0.000   0.474 0.000
354.333333 355.333333   1.503 0.000   0.722 0.000
357.333333 358.333333   2.772 0.000   0.820 0.000
360.333333 361.333333   0.934 0.000   0.376 0.000
363.333333 364.333333   3.630 0.000   1.265 0.000
