scripts/IMPROVE-2019_partial/data/US0072R.20120101070000.20191216000000.filterpack...52w.3d.US03L_filterpack_US0072.US03L_IMPROVE_Davis.lev2.nas
51 1001
MISSING INFORMATION
US03L, IMPROVE, , , , , , , 
MISSING INFORMATION
IMPROVE sel_HTAP
1 1
2012 01 01 2019 12 16
3.000000
days from file reference point
4
1 1 1 1
999.999999 999.999 999.999 9.999
end_time of measurement, days from the file reference point
pm10_mass, ug/m3, Matrix=pm10
pm25_mass, ug/m3, Matrix=pm25
numflag, no unit
0
33
Data definition:              EBAS_1.1
Set type code:                TU
Timezone:                     UTC
File name:                    US0072R.20120101070000.20191216000000.filterpack...52w.3d.US03L_filterpack_US0072.US03L_IMPROVE_Davis.lev2.nas
File creation:                20191218120023
Startdate:                    20120101070000
Revision date:                20191216000000
Version:                      2
Version description:          "Data extracted from http://views.cira.colostate.edu/fed/DataWizard 2019-12-16"
Statistics:                   arithmetic mean
Data level:                   2
Period code:                  52w
Resolution code:              3d
Sample duration:              1d
Orig. time res.:              3d
Station code:                 US0072R
Platform code:                US0072S
Station name:                 Badlands NP
Station latitude:             43.7435
Station longitude:            -101.9412
Station altitude:             736.0 m
Regime:                       IMG
Component:                    
Unit:                         ug/m3
Matrix:                       
Laboratory code:              US03L
Instrument type:              filterpack
Instrument name:              filterpack_US0072
Method ref:                   US03L_IMPROVE_Davis
Blank correction:             Blank corrected
Volume std. temperature:      ambient
Volume std. pressure:         ambient
starttime endtime PM10 PM2.5 flag
  0.291667   1.291667   1.513   0.803 0.000
  3.291667   4.291667   3.636   1.224 0.000
  6.291667   7.291667   1.955   0.656 0.000
  9.291667  10.291667   3.208   1.231 0.000
 12.291667  13.291667   3.986   1.600 0.000
 15.291667  16.291667   4.040   3.009 0.000
 18.291667  19.291667   7.163   3.415 0.000
 21.291667  22.291667   3.631   1.077 0.000
 24.291667  25.291667   2.835   1.010 0.000
 27.291667  28.291667   1.917   0.909 0.000
 30.291667  31.291667   1.766   0.503 0.000
 33.291667  34.291667   6.942   3.534 0.000
 36.291667  37.291667   4.882   3.070 0.000
 39.291667  40.291667   7.612   3.378 0.000
 42.291667  43.291667   4.311   1.747 0.000
 45.291667  46.291667   2.095   1.334 0.000
 48.291667  49.291667   4.056   2.183 0.000
 51.291667  52.291667   1.369   0.730 0.000
 54.291667  55.291667   1.742   1.198 0.000
 57.291667  58.291667   6.156   2.959 0.000
 60.291667  61.291667   2.246   0.992 0.000
 63.291667  64.291667   1.968   1.042 0.000
 66.291667  67.291667   2.050   1.325 0.000
 69.291667  70.291667   6.992   3.254 0.000
 72.291667  73.291667   9.688   3.954 0.000
 75.291667  76.291667   7.851   2.683 0.000
 78.291667  79.291667  10.310   1.618 0.000
 81.291667  82.291667   7.419   2.160 0.000
 84.291667  85.291667   5.926   2.869 0.000
 87.291667  88.291667  11.834   4.236 0.000
 90.291667  91.291667   3.738   1.538 0.000
 93.291667  94.291667   3.752   1.377 0.000
 96.291667  97.291667  11.134   3.925 0.000
 99.291667 100.291667   5.223   2.564 0.000
102.291667 103.291667  20.134   7.045 0.000
105.291667 106.291667   2.974   1.921 0.000
108.291667 109.291667   3.351   1.857 0.000
111.291667 112.291667   3.794   1.932 0.000
114.291667 115.291667 999.999 999.999 0.999
117.291667 118.291667 999.999 999.999 0.999
120.291667 121.291667 999.999 999.999 0.999
123.291667 124.291667   8.370   4.602 0.000
126.291667 127.291667   4.289   2.266 0.000
129.291667 130.291667   8.390   3.854 0.000
132.291667 133.291667   5.083   2.291 0.000
135.291667 136.291667  21.602   6.425 0.000
138.291667 139.291667  18.679   8.120 0.000
141.291667 142.291667  10.287   4.385 0.000
144.291667 145.291667   4.963   1.755 0.000
147.291667 148.291667   8.603   1.922 0.000
150.291667 151.291667   6.160   2.192 0.000
153.291667 154.291667   4.492   1.924 0.659
156.291667 157.291667 999.999 999.999 0.999
159.291667 160.291667  13.213   3.817 0.659
162.291667 163.291667   5.309   1.419 0.659
165.291667 166.291667  12.996   4.370 0.659
168.291667 169.291667   8.161   2.703 0.659
171.291667 172.291667  11.126   3.223 0.659
174.291667 175.291667  18.549   5.638 0.659
177.291667 178.291667  26.116  13.330 0.659
180.291667 181.291667  23.539   7.106 0.659
183.291667 184.291667  25.900  13.629 0.659
186.291667 187.291667  18.597   4.700 0.659
189.291667 190.291667  11.613   4.052 0.659
192.291667 193.291667  14.626   5.446 0.659
195.291667 196.291667  12.746   5.507 0.659
198.291667 199.291667 999.999 999.999 0.999
201.291667 202.291667 999.999 999.999 0.999
204.291667 205.291667 999.999 999.999 0.999
207.291667 208.291667  12.226   3.579 0.000
210.291667 211.291667   9.578   3.768 0.000
213.291667 214.291667  14.263   4.431 0.000
216.291667 217.291667   4.578   1.858 0.000
219.291667 220.291667  13.584   4.651 0.000
222.291667 223.291667  17.229   5.869 0.000
225.291667 226.291667  11.681   4.294 0.000
228.291667 229.291667   9.287   2.202 0.000
231.291667 232.291667  14.356   5.483 0.000
234.291667 235.291667  29.598   8.204 0.000
237.291667 238.291667  12.850   4.834 0.000
240.291667 241.291667  20.598   7.602 0.000
243.291667 244.291667  31.736  10.372 0.000
246.291667 247.291667  22.773   9.599 0.000
249.291667 250.291667  18.706   5.758 0.000
252.291667 253.291667  16.641   4.075 0.000
255.291667 256.291667  17.219   7.297 0.000
258.291667 259.291667  15.150   7.334 0.000
261.291667 262.291667  12.682   3.007 0.000
264.291667 265.291667  16.605   4.096 0.000
267.291667 268.291667  20.520   4.516 0.000
270.291667 271.291667  23.383   8.727 0.000
273.291667 274.291667  14.344   6.398 0.000
276.291667 277.291667  16.412   4.050 0.000
279.291667 280.291667   5.431   2.144 0.000
282.291667 283.291667   3.914   1.340 0.000
285.291667 286.291667  31.370   5.928 0.000
288.291667 289.291667   8.498   3.164 0.000
291.291667 292.291667  32.714   3.719 0.000
294.291667 295.291667   8.311   1.544 0.000
297.291667 298.291667   3.229   1.676 0.000
300.291667 301.291667   4.175   3.229 0.000
303.291667 304.291667   3.133   1.421 0.000
306.291667 307.291667   9.620   5.013 0.000
309.291667 310.291667   2.898   1.494 0.000
312.291667 313.291667 999.999 999.999 0.456
315.291667 316.291667 999.999 999.999 0.456
318.291667 319.291667   5.568   2.788 0.659
321.291667 322.291667   8.834   2.716 0.659
324.291667 325.291667   6.616   1.546 0.000
327.291667 328.291667   2.778   1.944 0.000
330.291667 331.291667   5.670   4.805 0.000
333.291667 334.291667   5.647   2.810 0.000
336.291667 337.291667   6.900   2.116 0.000
339.291667 340.291667   5.656   1.456 0.000
342.291667 343.291667   5.478   2.307 0.000
345.291667 346.291667   2.364   0.842 0.000
348.291667 349.291667   8.176   2.770 0.000
351.291667 352.291667   3.656   1.829 0.000
354.291667 355.291667   5.726   1.890 0.000
357.291667 358.291667   7.016   5.704 0.000
360.291667 361.291667   2.963   1.884 0.000
363.291667 364.291667   2.680   0.759 0.000
