scripts/IMPROVE-2019_partial/data/US0051R.20030103060000.20191216000000.filterpack..pm25.1y.1w.US03L_filterpack_US0051.US03L_IMPROVE_Davis.lev2.nas
66 1001
MISSING INFORMATION
US03L, IMPROVE, , , , , , , 
MISSING INFORMATION
IMPROVE sel_HTAP
1 1
2003 01 01 2019 12 16
3.00
days from file reference point
27
1 1 1 1 1 1 1 1 1 1 1 1 1 1 1 1 1 1 1 1 1 1 1 1 1 1 1
999.99 9999.99 9.999 99.99 9.999 9.999 9.999999 9.99 9.999 99.999 9.999 99.999 9.999 999.999 9.999 999.99 9.999999 999.999 9.999 999.999 9.999 999.999 9.999 9.999 9.999 99.999 9.999
end_time of measurement, days from the file reference point
iron, ng/m3, Revision date=20181210133000
numflag iron, no unit, Revision date=20181210133000
lead, ng/m3, Revision date=20181210133000
numflag lead, no unit, Revision date=20181210133000
magnesium, ug/m3, Revision date=20181210133000
numflag magnesium, no unit, Revision date=20181210133000
nickel, ng/m3, Revision date=20181210133000
numflag nickel, no unit, Revision date=20181210133000
nitrate, ug N/m3, Revision date=20181210133000
numflag nitrate, no unit, Revision date=20181210133000
organic_carbon, ug C/m3, Revision date=20181210133000
numflag organic_carbon, no unit, Revision date=20181210133000
organic_mass, ug/m3, Revision date=20181210133000
numflag organic_mass, no unit, Revision date=20181210133000
phosphorus, ng/m3, Revision date=20181210133000
numflag phosphorus, no unit, Revision date=20181210133000
pm10_mass, ug/m3, Version=2, Version description=Data extracted from http://views.cira.colostate.edu/fed/DataWizard 2019-12-16, Sample duration=1d, Orig. time res.=3d, Matrix=pm10, Blank correction=Blank corrected, Volume std. temperature=ambient, Volume std. pressure=ambient
numflag pm10_mass, no unit, Version=2, Version description=Data extracted from http://views.cira.colostate.edu/fed/DataWizard 2019-12-16, Sample duration=1d, Orig. time res.=3d, Matrix=pm10, Blank correction=Blank corrected, Volume std. temperature=ambient, Volume std. pressure=ambient
pm10_pm25_mass, ug/m3, Revision date=20181210133000, Matrix=pm10_pm25
numflag pm10_pm25_mass, no unit, Revision date=20181210133000, Matrix=pm10_pm25
pm25_mass, ug/m3, Version=2, Version description=Data extracted from http://views.cira.colostate.edu/fed/DataWizard 2019-12-16, Sample duration=1d, Orig. time res.=3d, Blank correction=Blank corrected, Volume std. temperature=ambient, Volume std. pressure=ambient
numflag pm25_mass, no unit, Version=2, Version description=Data extracted from http://views.cira.colostate.edu/fed/DataWizard 2019-12-16, Sample duration=1d, Orig. time res.=3d, Blank correction=Blank corrected, Volume std. temperature=ambient, Volume std. pressure=ambient
potassium, ug/m3, Revision date=20181210133000
numflag potassium, no unit, Revision date=20181210133000
sulphate_total, ug S/m3, Revision date=20181210133000
numflag sulphate_total, no unit, Revision date=20181210133000
0
25
Data definition:              EBAS_1.1
Set type code:                TU
Timezone:                     UTC
File name:                    US0051R.20030103060000.20191216000000.filterpack..pm25.1y.1w.US03L_filterpack_US0051.US03L_IMPROVE_Davis.lev2.nas
File creation:                20191218115829
Startdate:                    20030103060000
Revision date:                20191216000000
Statistics:                   arithmetic mean
Data level:                   2
Period code:                  1y
Resolution code:              1w
Station code:                 US0051R
Platform code:                US0051S
Station name:                 El Dorado Springs
Station latitude:             37.7009
Station longitude:            -94.0348
Station altitude:             297.0 m
Regime:                       IMG
Component:                    
Matrix:                       pm25
Laboratory code:              US03L
Instrument type:              filterpack
Instrument name:              filterpack_US0051
Method ref:                   US03L_IMPROVE_Davis
starttime endtime Fe flag_Fe Pb flag_Pb Mg++ flag_Mg++ Ni flag_Ni NO3- flag_NO3- OC flag_OC OM flag_OM P flag_P PM10 flag_PM10 PM10-PM2.5 flag_PM10-PM2.5 PM2.5 flag_PM2.5 K+ flag_K+ SO4-- flag_SO4--
[from data line 85]
257.25 258.25   19.85 0.000  2.32 0.000 9.999 0.259000 9.99 0.259  0.046 0.000  1.261 0.000   1.766 0.000 999.99 0.259000  14.053 0.000  10.316 0.000   3.737 0.000 0.036 0.000  0.225 0.000
260.25 261.25   29.97 0.000  1.17 0.000 9.999 0.259000 0.09 0.000  0.090 0.000  2.453 0.000   3.434 0.000 999.99 0.259000  18.820 0.000   8.684 0.000  10.136 0.000 0.050 0.000  1.070 0.000
263.25 264.25   19.90 0.000  1.17 0.000 9.999 0.259000 9.99 0.259  0.082 0.000  2.658 0.000   3.721 0.000 999.99 0.259000  16.067 0.000   5.576 0.000  10.491 0.000 0.082 0.000  1.047 0.000
266.25 267.25   38.61 0.000  1.59 0.000 0.046 0.000000 0.11 0.000  0.092 0.000  2.548 0.000   3.567 0.000 999.99 0.259000  27.092 0.000  14.785 0.000  12.307 0.000 0.055 0.000  1.490 0.000
269.25 270.25   21.16 0.000  1.07 0.000 9.999 0.259000 0.08 0.000  0.082 0.000  1.241 0.000   1.737 0.000 999.99 0.259000  14.509 0.000  11.326 0.000   3.183 0.000 0.024 0.000  0.231 0.000
272.25 273.25    7.06 0.000  0.75 0.000 9.999 0.259000 0.06 0.000  0.060 0.000  0.656 0.000   0.918 0.000 999.99 0.259000   4.370 0.000   1.646 0.000   2.724 0.000 0.031 0.000  0.237 0.000
275.25 276.25   33.93 0.000  2.19 0.000 9.999 0.259000 0.05 0.000  0.252 0.000  3.060 0.000   4.284 0.000 999.99 0.259000  13.390 0.000   4.150 0.000   9.240 0.000 0.070 0.000  0.730 0.000
278.25 279.25    9.96 0.000  3.07 0.000 0.064 0.000000 9.99 0.259  0.091 0.000  1.752 0.000   2.453 0.000 999.99 0.259000  11.352 0.000   4.554 0.000   6.798 0.000 0.052 0.000  0.720 0.000
281.25 282.25   16.95 0.000  1.69 0.000 9.999 0.259000 0.11 0.000  0.140 0.000  3.312 0.000   4.637 0.000 999.99 0.259000  17.692 0.000   3.094 0.000  14.598 0.000 0.088 0.000  1.776 0.000
284.25 285.25    7.86 0.000  0.87 0.000 9.999 0.259000 0.11 0.000  0.127 0.000  0.692 0.000   0.968 0.000 999.99 0.259000   5.655 0.000   2.854 0.000   2.801 0.000 0.042 0.000  0.211 0.000
287.25 288.25   14.93 0.559  1.17 0.559 9.999 0.559259 0.07 0.559  0.039 0.000  0.641 0.000   0.898 0.000 999.99 0.559259   7.520 0.000   5.224 0.000   2.296 0.559 0.015 0.559  0.092 0.000
290.25 291.25   22.62 0.000  2.06 0.000 9.999 0.259000 0.10 0.000  0.184 0.000  2.044 0.000   2.861 0.000 999.99 0.259000  13.972 0.000   7.527 0.000   6.444 0.000 0.040 0.000  0.401 0.000
293.25 294.25   64.61 0.000  1.64 0.000 0.035 0.000000 9.99 0.259  0.144 0.000  2.526 0.000   3.537 0.000  37.27 0.000000  35.666 0.000  28.589 0.000   7.077 0.000 0.049 0.000  0.487 0.000
296.25 297.25   65.43 0.000  2.30 0.000 9.999 0.259000 0.06 0.000  0.087 0.000  2.741 0.000   3.837 0.000 999.99 0.259000  26.668 0.000  17.320 0.000   9.348 0.000 0.104 0.000  0.646 0.000
299.25 300.25   14.33 0.000  0.67 0.000 9.999 0.259000 9.99 0.259  0.149 0.000  0.596 0.000   0.834 0.000 999.99 0.259000   9.466 0.000   6.363 0.000   3.103 0.000 0.018 0.000  0.314 0.000
302.25 303.25   54.47 0.000  0.90 0.000 9.999 0.259000 0.19 0.000  0.069 0.000  1.450 0.000   2.031 0.000 999.99 0.259000  23.774 0.000  15.932 0.000   7.842 0.000 0.042 0.000  0.788 0.000
305.25 306.25   20.40 0.000  1.17 0.000 9.999 0.259000 0.32 0.000  0.173 0.000  3.359 0.000   4.703 0.000 999.99 0.259000  17.053 0.000   5.439 0.000  11.614 0.000 0.057 0.000  1.585 0.000
308.25 309.25    5.05 0.000  1.87 0.000 0.032 0.000000 9.99 0.259  0.738 0.000  0.636 0.000   0.890 0.000 999.99 0.259000   7.534 0.000   1.878 0.000   5.655 0.000 0.014 0.000  0.513 0.000
311.25 312.25   18.54 0.000  2.83 0.000 9.999 0.259000 0.10 0.000  0.593 0.000  2.377 0.000   3.328 0.000 999.99 0.259000  12.416 0.000   4.100 0.000   8.316 0.000 0.058 0.000  0.557 0.000
314.25 315.25   28.06 0.000  2.47 0.000 9.999 0.259000 0.22 0.000  0.473 0.000  2.970 0.000   4.157 0.000 999.99 0.259000  16.262 0.000   3.100 0.000  13.162 0.000 0.077 0.000  1.702 0.000
317.25 318.25   12.22 0.000  0.95 0.000 9.999 0.259000 0.09 0.000  0.282 0.000  1.800 0.000   2.520 0.000 999.99 0.259000   6.484 0.000   1.825 0.000   4.659 0.000 0.050 0.000  0.206 0.000
320.25 321.25    7.02 0.000  0.91 0.000 9.999 0.259000 0.21 0.000  0.186 0.000  1.687 0.000   2.362 0.000 999.99 0.259000   7.234 0.000   1.324 0.000   5.910 0.000 0.041 0.000  0.589 0.000
323.25 324.25   22.66 0.000  1.31 0.000 9.999 0.259000 0.19 0.000  0.042 0.000  1.226 0.000   1.717 0.000 999.99 0.259000   8.649 0.000   5.504 0.000   3.146 0.000 0.031 0.000  0.138 0.000
326.25 327.25   16.24 0.394  1.49 0.394 0.037 0.394000 0.40 0.394  0.422 0.394  1.044 0.000   1.462 0.000 999.99 0.394259  11.529 0.000   4.802 0.000   6.727 0.000 0.025 0.394  0.672 0.394
329.25 330.25   29.86 0.000  1.26 0.000 9.999 0.259000 0.63 0.000  0.396 0.000  3.453 0.000   4.834 0.000 999.99 0.259000  16.848 0.000   5.930 0.000  10.917 0.000 0.088 0.000  0.851 0.000
332.25 333.25   20.73 0.000  1.01 0.000 9.999 0.259000 0.10 0.000  0.098 0.000  1.069 0.000   1.496 0.000 999.99 0.259000  10.003 0.000   6.793 0.000   3.210 0.000 0.035 0.000  0.122 0.000
335.25 336.25   31.07 0.000  1.60 0.000 9.999 0.259000 0.16 0.000  0.144 0.000  2.399 0.000   3.359 0.000 999.99 0.259000  13.169 0.000   7.878 0.000   5.291 0.000 0.069 0.000  0.106 0.000
338.25 339.25   31.01 0.000  1.27 0.000 9.999 0.259000 0.20 0.000  0.692 0.000  0.643 0.000   0.900 0.000 999.99 0.259000  14.263 0.000   4.273 0.000   9.990 0.000 0.031 0.000  1.016 0.000
341.25 342.25   29.72 0.000  3.08 0.000 9.999 0.259000 0.40 0.000  0.651 0.000  3.400 0.000   4.760 0.000 999.99 0.259000  18.162 0.000   3.152 0.000  15.010 0.000 0.117 0.000  1.470 0.000
344.25 345.25   16.74 0.000  1.28 0.000 0.126 0.000000 9.99 0.259  0.821 0.000  1.781 0.000   2.493 0.000 999.99 0.259000   9.980 0.000   1.889 0.000   8.091 0.000 0.043 0.000  0.286 0.000
347.25 348.25   21.33 0.000  3.87 0.000 0.051 0.000000 9.99 0.259  1.138 0.000  2.006 0.000   2.808 0.000 999.99 0.259000  18.671 0.000   1.558 0.000  17.113 0.000 0.045 0.000  1.760 0.000
350.25 351.25   21.11 0.000  1.28 0.000 9.999 0.259000 0.20 0.000  0.373 0.000  0.913 0.000   1.278 0.000 999.99 0.259000   6.735 0.000   3.462 0.000   3.273 0.000 0.024 0.000  0.143 0.000
353.25 354.25   28.64 0.000  1.84 0.000 9.999 0.259000 0.13 0.000  0.302 0.000  1.299 0.000   1.819 0.000 999.99 0.259000   8.649 0.000   4.781 0.000   3.868 0.000 0.048 0.000  0.103 0.000
356.25 357.25   32.59 0.000  2.53 0.000 0.124 0.000000 0.11 0.000  0.633 0.000  0.713 0.000   0.998 0.000 999.99 0.259000   8.110 0.000   1.185 0.000   6.925 0.000 0.027 0.000  0.500 0.000
359.25 360.25   13.57 0.000  1.75 0.000 9.999 0.259000 0.15 0.000  0.215 0.000  1.784 0.000   2.498 0.000 999.99 0.259000   7.530 0.000   2.360 0.000   5.170 0.000 0.048 0.000  0.392 0.000
362.25 363.25   17.28 0.000  0.90 0.000 0.046 0.000000 0.13 0.000  0.073 0.000  0.659 0.000   0.922 0.000 999.99 0.259000   5.156 0.000   2.729 0.000   2.428 0.000 0.019 0.000  0.176 0.000
