scripts/IMPROVE-2019_partial/data/US0071R.20010101080000.20191216000000.filterpack..pm25.52w.1w.US03L_filterpack_US0071.US03L_IMPROVE_Davis.lev2.nas
64 1001
MISSING INFORMATION
US03L, IMPROVE, , , , , , , 
MISSING INFORMATION
IMPROVE sel_HTAP
1 1
2001 01 01 2019 12 16
3.000000
days from file reference point
25
1 1 1 1 1 1 1 1 1 1 1 1 1 1 1 1 1 1 1 1 1 1 1 1 1
999.999999 9999.99 9.999 99.99 9.999 9.999 9.999999 99.99 9.999999 99.999 9.999999 99.999 9.999 999.999 9.999 999.999 9.999 999.999 9.999 999.999 9.999 9.999 9.999 9.999 9.999999
end_time of measurement, days from the file reference point
iron, ng/m3, Revision date=20181210133000
numflag iron, no unit, Revision date=20181210133000
lead, ng/m3, Revision date=20181210133000
numflag lead, no unit, Revision date=20181210133000
magnesium, ug/m3, Revision date=20181210133000
numflag magnesium, no unit, Revision date=20181210133000
nickel, ng/m3, Revision date=20181210133000
numflag nickel, no unit, Revision date=20181210133000
nitrate, ug N/m3, Revision date=20181210133000
numflag nitrate, no unit, Revision date=20181210133000
organic_carbon, ug C/m3, Revision date=20181210133000
numflag organic_carbon, no unit, Revision date=20181210133000
organic_mass, ug/m3, Revision date=20181210133000
numflag organic_mass, no unit, Revision date=20181210133000
pm10_mass, ug/m3, Version=2, Version description=Data extracted from http://views.cira.colostate.edu/fed/DataWizard 2019-12-16, Sample duration=1d, Orig. time res.=3d, Matrix=pm10, Blank correction=Blank corrected, Volume std. temperature=ambient, Volume std. pressure=ambient
numflag pm10_mass, no unit, Version=2, Version description=Data extracted from http://views.cira.colostate.edu/fed/DataWizard 2019-12-16, Sample duration=1d, Orig. time res.=3d, Matrix=pm10, Blank correction=Blank corrected, Volume std. temperature=ambient, Volume std. pressure=ambient
pm10_pm25_mass, ug/m3, Revision date=20181210133000, Matrix=pm10_pm25
numflag pm10_pm25_mass, no unit, Revision date=20181210133000, Matrix=pm10_pm25
pm25_mass, ug/m3, Version=2, Version description=Data extracted from http://views.cira.colostate.edu/fed/DataWizard 2019-12-16, Sample duration=1d, Orig. time res.=3d, Blank correction=Blank corrected, Volume std. temperature=ambient, Volume std. pressure=ambient
numflag pm25_mass, no unit, Version=2, Version description=Data extracted from http://views.cira.colostate.edu/fed/DataWizard 2019-12-16, Sample duration=1d, Orig. time res.=3d, Blank correction=Blank corrected, Volume std. temperature=ambient, Volume std. pressure=ambient
potassium, ug/m3, Revision date=20181210133000
numflag potassium, no unit, Revision date=20181210133000
sulphate_total, ug S/m3, Revision date=20181210133000
numflag sulphate_total, no unit, Revision date=20181210133000
0
25
Data definition:              EBAS_1.1
Set type code:                TU
Timezone:                     UTC
File name:                    US0071R.20010101080000.20191216000000.filterpack..pm25.52w.1w.US03L_filterpack_US0071.US03L_IMPROVE_Davis.lev2.nas
File creation:                20191218120014
Startdate:                    20010101080000
Revision date:                20191216000000
Statistics:                   arithmetic mean
Data level:                   2
Period code:                  52w
Resolution code:              1w
Station code:                 US0071R
Platform code:                US0071S
Station name:                 Hells Canyon
Station latitude:             44.9702
Station longitude:            -116.8438
Station altitude:             655.0 m
Regime:                       IMG
Component:                    
Matrix:                       pm25
Laboratory code:              US03L
Instrument type:              filterpack
Instrument name:              filterpack_US0071
Method ref:                   US03L_IMPROVE_Davis
starttime endtime Fe flag_Fe Pb flag_Pb Mg++ flag_Mg++ Ni flag_Ni NO3- flag_NO3- OC flag_OC OM flag_OM PM10 flag_PM10 PM10-PM2.5 flag_PM10-PM2.5 PM2.5 flag_PM2.5 K+ flag_K+ SO4-- flag_SO4--
  0.333333   1.333333   11.51 0.000  0.39 0.000 9.999 0.259000 99.99 0.259000  0.817 0.559000  0.504 0.000   0.706 0.000   7.189 0.000   0.181 0.000   7.009 0.000 0.016 0.000 0.412 0.559000
  3.333333   4.333333   11.06 0.394  1.37 0.394 9.999 0.394259 99.99 0.394259  0.915 0.559394  1.194 0.000   1.671 0.000   9.360 0.000   1.120 0.000   8.240 0.000 0.039 0.394 0.429 0.559394
  6.333333   7.333333   12.06 0.000  0.85 0.000 0.023 0.000000 99.99 0.259000  1.228 0.559000  1.081 0.000   1.514 0.000  12.173 0.000   0.780 0.000  11.393 0.000 0.030 0.000 0.372 0.559000
  9.333333  10.333333    7.61 0.000  1.27 0.000 9.999 0.259000 99.99 0.259000  0.897 0.000000  0.912 0.000   1.277 0.000   7.068 0.000   0.220 0.000   6.848 0.000 0.020 0.000 0.421 0.000000
 12.333333  13.333333    0.95 0.000 99.99 0.259 9.999 0.259000  0.27 0.000000  0.019 0.000000  0.352 0.000   0.492 0.000   1.109 0.000 999.999 0.259   1.195 0.000 0.004 0.000 0.150 0.000000
 15.333333  16.333333    3.71 0.000  0.16 0.000 9.999 0.259000 99.99 0.259000  0.148 0.000000  0.789 0.000   1.105 0.000   3.258 0.000   0.536 0.000   2.722 0.000 0.014 0.000 0.141 0.000000
 18.333333  19.333333    9.59 0.000  0.47 0.000 0.013 0.000000 99.99 0.259000  1.150 0.000000  0.801 0.000   1.122 0.000   9.862 0.000   0.165 0.000   9.697 0.000 0.019 0.000 0.376 0.000000
 21.333333  22.333333    6.36 0.000  0.17 0.000 9.999 0.259000 99.99 0.259000  0.913 0.000000  0.614 0.000   0.859 0.000   5.547 0.000 999.999 0.259   5.652 0.000 0.014 0.000 0.349 0.000000
 24.333333  25.333333    8.04 0.000  0.66 0.000 9.999 0.259000 99.99 0.259000  0.508 0.000000  0.823 0.000   1.152 0.000   6.614 0.000   0.026 0.000   6.588 0.000 0.014 0.000 0.257 0.000000
 27.333333  28.333333    2.21 0.000 99.99 0.259 9.999 0.259000 99.99 0.259000  0.178 0.000000  0.501 0.000   0.702 0.000   1.830 0.000   0.205 0.000   1.625 0.000 0.014 0.000 0.126 0.000000
 30.333333  31.333333    4.43 0.000  0.39 0.000 9.999 0.259000 99.99 0.259000  0.496 0.000000  0.751 0.000   1.052 0.000   4.325 0.000   0.384 0.000   3.941 0.000 0.018 0.000 0.190 0.000000
 33.333333  34.333333    5.95 0.000  0.42 0.000 9.999 0.259000 99.99 0.259000  0.952 0.000000  0.463 0.000   0.647 0.000   5.032 0.000 999.999 0.259   5.103 0.000 0.016 0.000 0.386 0.000000
 36.333333  37.333333 9999.99 0.456 99.99 0.456 9.999 0.456000 99.99 0.456000  0.058 0.000000  0.242 0.000   0.339 0.000   2.185 0.000 999.999 0.999 999.999 0.456 9.999 0.456 0.137 0.000000
 39.333333  40.333333   10.61 0.000  1.26 0.000 9.999 0.259000 99.99 0.259000  0.362 0.000000  0.479 0.000   0.671 0.000   3.992 0.000   0.585 0.000   3.407 0.000 0.015 0.000 0.271 0.000000
 42.333333  43.333333    9.43 0.559  0.76 0.559 9.999 0.559259 99.99 0.559259  0.399 0.000000  0.729 0.000   1.020 0.000   3.743 0.000   0.368 0.000   3.374 0.559 0.015 0.559 0.264 0.000000
 45.333333  46.333333   10.41 0.000  0.57 0.000 9.999 0.259000 99.99 0.259000  0.332 0.000000  0.831 0.000   1.164 0.000   4.453 0.000   1.087 0.000   3.365 0.000 0.019 0.000 0.246 0.000000
 48.333333  49.333333   15.20 0.000  0.56 0.000 9.999 0.259000  0.07 0.000000  0.589 0.559000  0.738 0.000   1.033 0.000   5.433 0.000   1.456 0.000   3.977 0.000 0.023 0.000 0.281 0.559000
 51.333333  52.333333    6.65 0.000  0.45 0.000 9.999 0.259000  0.96 0.000000  0.238 0.000000  0.722 0.000   1.011 0.000   2.646 0.000   0.373 0.000   2.273 0.000 0.014 0.000 0.109 0.000000
 54.333333  55.333333    4.81 0.000 99.99 0.259 9.999 0.259000 99.99 0.259000  0.018 0.000000  0.384 0.000   0.538 0.000   2.026 0.000   0.454 0.000   1.571 0.000 0.008 0.000 0.190 0.000000
 57.333333  58.333333   15.90 0.000  0.49 0.000 9.999 0.259000 99.99 0.259000  0.028 0.000000  0.518 0.000   0.725 0.000   3.239 0.000   1.016 0.000   2.223 0.000 0.016 0.000 0.164 0.000000
 60.333333  61.333333    6.95 0.000  0.45 0.000 9.999 0.259000 99.99 0.259000  0.181 0.000000  0.366 0.000   0.513 0.000 999.999 0.456 999.999 0.999   1.168 0.000 0.013 0.000 0.122 0.000000
 63.333333  64.333333   12.06 0.000  1.04 0.000 9.999 0.259000  0.47 0.000000  0.045 0.000000  0.515 0.000   0.721 0.000 999.999 0.456 999.999 0.999   1.653 0.000 0.013 0.000 0.156 0.000000
 66.333333  67.333333   15.18 0.000  0.91 0.000 9.999 0.259000 99.99 0.259000  0.155 0.000000  0.917 0.000   1.283 0.000 999.999 0.999 999.999 0.999   2.878 0.000 0.016 0.000 0.182 0.000000
 69.333333  70.333333   16.32 0.000  0.75 0.000 9.999 0.259000  0.54 0.000000  0.036 0.000000  0.380 0.000   0.532 0.000 999.999 0.999 999.999 0.999   2.020 0.000 0.014 0.000 0.209 0.000000
 72.333333  73.333333   11.72 0.000  0.39 0.000 9.999 0.259000  0.18 0.000000  0.017 0.000000  0.163 0.000   0.229 0.000   2.522 0.000   1.002 0.000   1.519 0.000 0.011 0.000 0.140 0.000000
 75.333333  76.333333    8.94 0.000  0.72 0.000 9.999 0.259000 99.99 0.259000  0.039 0.000000  0.363 0.000   0.509 0.000   2.383 0.000   0.506 0.000   1.877 0.000 0.015 0.000 0.163 0.000000
 78.333333  79.333333   39.17 0.000  1.14 0.000 9.999 0.259000  0.24 0.000000  0.050 0.000000  0.511 0.000   0.715 0.000   4.485 0.000   1.907 0.000   2.577 0.000 0.035 0.000 0.183 0.000000
 81.333333  82.333333   25.87 0.000  0.92 0.000 9.999 0.259000 99.99 0.259000  0.018 0.559000  0.977 0.000   1.368 0.000   5.054 0.000   1.981 0.000   3.073 0.000 0.035 0.000 0.149 0.559000
 84.333333  85.333333   13.88 0.000  1.10 0.000 9.999 0.259000 99.99 0.259000  0.015 0.000000  0.217 0.000   0.304 0.000   2.342 0.000   0.972 0.000   1.370 0.000 0.014 0.000 0.099 0.000000
 87.333333  88.333333   28.36 0.000  0.68 0.000 9.999 0.259000  0.43 0.000000  0.019 0.000000  0.394 0.000   0.552 0.000   3.164 0.000   0.767 0.000   2.397 0.000 0.024 0.000 0.253 0.000000
 90.333333  91.333333   62.27 0.000  2.48 0.000 9.999 0.259000  0.51 0.000000  0.038 0.000000  0.554 0.000   0.776 0.000   4.232 0.000   1.051 0.000   3.182 0.000 0.045 0.000 0.211 0.000000
 93.333333  94.333333   17.94 0.000  0.83 0.000 9.999 0.259000  0.31 0.000000  0.011 0.000000  0.274 0.000   0.384 0.000   2.383 0.000   0.957 0.000   1.426 0.000 0.016 0.000 0.157 0.000000
 96.333333  97.333333 9999.99 0.999 99.99 0.999 9.999 0.999000 99.99 0.999000  0.010 0.000000  0.132 0.000   0.185 0.000   0.827 0.000 999.999 0.999 999.999 0.999 9.999 0.999 0.036 0.000000
 99.333333 100.333333   18.37 0.000  0.85 0.000 0.023 0.000000  0.44 0.000000  0.018 0.000000  0.251 0.000   0.352 0.000   2.741 0.000   0.745 0.000   1.996 0.000 0.016 0.000 0.193 0.000000
102.333333 103.333333   12.24 0.000  0.54 0.000 9.999 0.259000  0.85 0.000000  0.027 0.000000  0.297 0.000   0.416 0.000   3.328 0.000   1.669 0.000   1.659 0.000 0.014 0.000 0.179 0.000000
105.333333 106.333333  600.18 0.559  3.07 0.559 9.999 0.559259 99.99 0.559259  0.088 0.559000  0.861 0.000   1.205 0.000  30.202 0.000  15.968 0.000  14.234 0.559 0.262 0.559 0.348 0.559000
108.333333 109.333333  120.32 0.000  0.27 0.000 9.999 0.259000 99.99 0.259000  0.025 0.000000  0.234 0.000   0.327 0.000   5.774 0.000   2.737 0.000   3.036 0.000 0.061 0.000 0.070 0.000000
111.333333 112.333333   81.04 0.000  0.80 0.000 9.999 0.259000 99.99 0.259000  0.041 0.000000  0.666 0.000   0.933 0.000   6.581 0.000   2.733 0.000   3.848 0.000 0.051 0.000 0.276 0.000000
114.333333 115.333333  189.60 0.394  3.56 0.394 9.999 0.394259  0.21 0.394000  0.057 0.394000  1.031 0.000   1.444 0.000 999.999 0.456 999.999 0.999   6.573 0.000 0.125 0.394 0.352 0.394000
117.333333 118.333333   43.95 0.000  0.94 0.000 9.999 0.259000 99.99 0.259000  0.022 0.000000  0.522 0.000   0.731 0.000 999.999 0.456 999.999 0.999   2.283 0.000 0.031 0.000 0.133 0.000000
120.333333 121.333333   23.72 0.000  0.39 0.000 9.999 0.259000  0.31 0.000000  0.021 0.000000  0.234 0.000   0.328 0.000 999.999 0.456 999.999 0.999   1.639 0.000 0.024 0.000 0.107 0.000000
123.333333 124.333333   77.85 0.000  1.09 0.000 9.999 0.259000  0.23 0.000000  0.025 0.000000  1.029 0.000   1.440 0.000   7.027 0.000   3.145 0.000   3.882 0.000 0.054 0.000 0.153 0.000000
126.333333 127.333333  272.32 0.559  1.87 0.559 9.999 0.559259 99.99 0.559259  0.055 0.000000  1.321 0.000   1.849 0.000  13.067 0.000   4.535 0.000   8.532 0.559 0.131 0.559 0.347 0.000000
129.333333 130.333333  222.30 0.000  2.29 0.000 9.999 0.259000 99.99 0.259000  0.068 0.000000  1.373 0.000   1.922 0.000  15.039 0.000   8.127 0.000   6.913 0.000 0.116 0.000 0.290 0.000000
132.333333 133.333333  135.51 0.000  1.44 0.000 9.999 0.259000 99.99 0.259000  0.083 0.000000  1.620 0.000   2.268 0.000  14.670 0.000   7.908 0.000   6.762 0.000 0.086 0.000 0.487 0.000000
135.333333 136.333333   21.53 0.000 99.99 0.259 9.999 0.259000 99.99 0.259000  0.009 0.000000  0.547 0.000   0.766 0.000   1.634 0.000   0.743 0.000   0.891 0.000 0.014 0.000 0.056 0.000000
138.333333 139.333333   61.35 0.000  2.44 0.000 9.999 0.259000  0.25 0.000000  0.026 0.000000  1.027 0.000   1.438 0.000   8.342 0.000   4.021 0.000   4.321 0.000 0.049 0.000 0.405 0.000000
141.333333 142.333333   47.01 0.000  0.50 0.000 9.999 0.259000 99.99 0.259000  0.012 0.000000  1.114 0.000   1.560 0.000   5.655 0.000   3.606 0.000   2.049 0.000 0.025 0.000 0.084 0.000000
144.333333 145.333333  107.99 0.000  0.81 0.000 9.999 0.259000 99.99 0.259000  0.029 0.000000  2.175 0.000   3.045 0.000  14.457 0.000   8.781 0.000   5.676 0.000 0.054 0.000 0.249 0.000000
147.333333 148.333333   84.06 0.000  1.54 0.000 9.999 0.259000 99.99 0.259000  0.065 0.000000  1.385 0.000   1.938 0.000  10.744 0.000   6.155 0.000   4.589 0.000 0.056 0.000 0.302 0.000000
150.333333 151.333333   59.01 0.000  0.89 0.000 9.999 0.259000 99.99 0.259000  0.018 0.000000  0.796 0.000   1.115 0.000   5.330 0.000   3.646 0.000   1.683 0.000 0.029 0.000 0.089 0.000000
153.333333 154.333333   14.00 0.000  0.27 0.000 9.999 0.259000 99.99 0.259000  0.008 0.000000  0.015 0.000   0.020 0.000   3.795 0.000   2.653 0.000   1.142 0.000 0.011 0.000 0.180 0.000000
156.333333 157.333333   10.61 0.000  0.25 0.000 9.999 0.259000 99.99 0.259000  0.022 0.000000  0.587 0.000   0.822 0.000   2.753 0.000   1.934 0.000   0.819 0.000 0.012 0.000 0.061 0.000000
159.333333 160.333333   47.43 0.000  0.89 0.000 9.999 0.259000 99.99 0.259000  0.024 0.000000  1.062 0.000   1.487 0.000   6.944 0.000   3.629 0.000   3.316 0.000 0.035 0.000 0.203 0.000000
162.333333 163.333333    4.46 0.000  0.13 0.000 9.999 0.259000 99.99 0.259000  0.007 0.000000  0.086 0.000   0.121 0.000   1.246 0.000   0.844 0.000   0.402 0.000 0.008 0.000 0.045 0.000000
165.333333 166.333333   45.63 0.000  0.32 0.000 9.999 0.259000 99.99 0.259000  0.016 0.000000  0.683 0.000   0.956 0.000   8.211 0.000   5.415 0.000   2.796 0.000 0.035 0.000 0.208 0.000000
168.333333 169.333333   33.06 0.000  0.78 0.000 9.999 0.259000 99.99 0.259000  0.025 0.000000  0.802 0.000   1.122 0.000   5.637 0.000   2.942 0.000   2.695 0.000 0.023 0.000 0.294 0.000000
171.333333 172.333333   86.79 0.000  0.32 0.000 9.999 0.259000  0.19 0.000000  0.017 0.000000  1.101 0.000   1.541 0.000   7.513 0.000   4.334 0.000   3.179 0.000 0.038 0.000 0.093 0.000000
174.333333 175.333333 9999.99 0.999 99.99 0.999 9.999 0.999000 99.99 0.999000 99.999 0.999000 99.999 0.999 999.999 0.999 999.999 0.999 999.999 0.999 999.999 0.999 9.999 0.999 9.999 0.999000
177.333333 178.333333 9999.99 0.999 99.99 0.999 9.999 0.999000 99.99 0.999000 99.999 0.999000 99.999 0.999 999.999 0.999 999.999 0.999 999.999 0.999 999.999 0.999 9.999 0.999 9.999 0.999000
180.333333 181.333333 9999.99 0.999 99.99 0.999 9.999 0.999000 99.99 0.999000 99.999 0.999000 99.999 0.999 999.999 0.999 999.999 0.999 999.999 0.999 999.999 0.999 9.999 0.999 9.999 0.999000
183.333333 184.333333 9999.99 0.999 99.99 0.999 9.999 0.999000 99.99 0.999000 99.999 0.999000 99.999 0.999 999.999 0.999 999.999 0.999 999.999 0.999 999.999 0.999 9.999 0.999 9.999 0.999000
186.333333 187.333333 9999.99 0.999 99.99 0.999 9.999 0.999000 99.99 0.999000 99.999 0.999000 99.999 0.999 999.999 0.999 999.999 0.999 999.999 0.999 999.999 0.999 9.999 0.999 9.999 0.999000
189.333333 190.333333 9999.99 0.999 99.99 0.999 9.999 0.999000 99.99 0.999000 99.999 0.999000 99.999 0.999 999.999 0.999 999.999 0.999 999.999 0.999 999.999 0.999 9.999 0.999 9.999 0.999000
192.333333 193.333333 9999.99 0.999 99.99 0.999 9.999 0.999000 99.99 0.999000 99.999 0.999000 99.999 0.999 999.999 0.999 999.999 0.999 999.999 0.999 999.999 0.999 9.999 0.999 9.999 0.999000
195.333333 196.333333 9999.99 0.999 99.99 0.999 9.999 0.999000 99.99 0.999000 99.999 0.999000 99.999 0.999 999.999 0.999 999.999 0.999 999.999 0.999 999.999 0.999 9.999 0.999 9.999 0.999000
198.333333 199.333333   24.21 0.000  0.12 0.000 9.999 0.259000  0.20 0.000000  0.019 0.000000  0.692 0.000   0.968 0.000   6.426 0.000   4.375 0.000   2.051 0.000 0.050 0.000 0.125 0.000000
201.333333 202.333333   35.87 0.000  0.25 0.000 9.999 0.259000  0.99 0.000000  0.031 0.000000  1.170 0.000   1.638 0.000   5.029 0.000   1.691 0.000   3.338 0.000 0.064 0.000 0.218 0.000000
204.333333 205.333333   31.63 0.000  0.30 0.000 9.999 0.259000 99.99 0.259000  0.013 0.000000  1.325 0.000   1.856 0.000   8.521 0.000   5.712 0.000   2.809 0.000 0.023 0.000 0.198 0.000000
207.333333 208.333333   66.78 0.000  0.26 0.000 9.999 0.259000 99.99 0.259000  0.022 0.000000  1.368 0.000   1.915 0.000  11.452 0.000   8.266 0.000   3.187 0.000 0.031 0.000 0.164 0.000000
210.333333 211.333333   38.08 0.000  0.17 0.000 9.999 0.259000  0.48 0.000000  0.011 0.000000  0.548 0.000   0.767 0.000   3.205 0.000   1.297 0.000   1.908 0.000 0.031 0.000 0.082 0.000000
213.333333 214.333333   34.26 0.000  0.26 0.000 9.999 0.259000 99.99 0.259000  0.018 0.559000  0.954 0.000   1.336 0.000   6.863 0.000   4.116 0.000   2.747 0.000 0.029 0.000 0.106 0.559000
216.333333 217.333333   57.53 0.000  0.21 0.000 9.999 0.259000 99.99 0.259000  0.009 0.559000  1.279 0.000   1.790 0.000   4.914 0.000   3.110 0.000   1.804 0.000 0.026 0.000 0.060 0.559000
219.333333 220.333333   73.25 0.000  0.35 0.000 9.999 0.259000 99.99 0.259000  0.020 0.000000  2.031 0.000   2.844 0.000  13.036 0.000   8.062 0.000   4.974 0.000 0.061 0.000 0.232 0.000000
222.333333 223.333333   75.88 0.000  0.27 0.000 9.999 0.259000 99.99 0.259000  0.022 0.559000  2.447 0.000   3.425 0.000  12.786 0.000   6.883 0.000   5.903 0.000 0.068 0.000 0.246 0.559000
225.333333 226.333333   75.93 0.699  0.51 0.699 9.999 0.699259 99.99 0.699259  0.042 0.000000  5.842 0.000   8.179 0.000  20.062 0.000   6.806 0.000  13.255 0.699 0.269 0.699 0.342 0.000000
228.333333 229.333333  147.98 0.699  0.49 0.699 9.999 0.699259 99.99 0.699259  0.069 0.559000  7.542 0.000  10.559 0.000  27.320 0.000   9.287 0.000  18.033 0.699 0.259 0.699 0.374 0.559000
231.333333 232.333333   75.52 0.000  0.34 0.000 9.999 0.259000 99.99 0.259000  0.021 0.000000  2.246 0.000   3.144 0.000  12.704 0.000   6.793 0.000   5.911 0.000 0.052 0.000 0.281 0.000000
234.333333 235.333333   62.55 0.000  0.33 0.000 9.999 0.259000 99.99 0.259000  0.020 0.000000  1.147 0.000   1.605 0.000  13.689 0.000   9.755 0.000   3.934 0.000 0.055 0.000 0.217 0.000000
237.333333 238.333333   67.34 0.000  0.21 0.000 9.999 0.259000 99.99 0.259000  0.015 0.000000  1.161 0.000   1.626 0.000   8.980 0.000   6.089 0.000   2.891 0.000 0.028 0.000 0.100 0.000000
240.333333 241.333333   65.29 0.000  0.23 0.000 9.999 0.259000 99.99 0.259000  0.019 0.000000  1.074 0.000   1.503 0.000  10.376 0.000   7.147 0.000   3.229 0.000 0.045 0.000 0.165 0.000000
243.333333 244.333333   67.87 0.000  0.23 0.000 9.999 0.259000 99.99 0.259000  0.015 0.000000  1.002 0.000   1.403 0.000  10.112 0.000   7.149 0.000   2.963 0.000 0.036 0.000 0.138 0.000000
246.333333 247.333333   74.57 0.000  0.19 0.000 9.999 0.259000 99.99 0.259000  0.023 0.000000  1.190 0.000   1.666 0.000  12.024 0.000   8.546 0.000   3.478 0.000 0.037 0.000 0.136 0.000000
249.333333 250.333333  122.77 0.000  0.17 0.000 9.999 0.259000 99.99 0.259000  0.033 0.000000  0.536 0.000   0.751 0.000  18.464 0.000  14.583 0.000   3.882 0.000 0.042 0.000 0.218 0.000000
