scripts/IMPROVE-2019_partial/data/US0032R.19960103100000.20191216000000.filterpack.pm25_mass.pm25.1y.3d.US03L_filterpack_US0032.US03L_IMPROVE_Davis.lev2.nas
50 1001
MISSING INFORMATION
US03L, IMPROVE, , , , , , , 
MISSING INFORMATION
IMPROVE sel_HTAP
1 1
1996 01 01 2019 12 16
0
days from file reference point
3
1 1 1
999.999999 999.999 9.999
end_time of measurement, days from the file reference point
pm25_mass, ug/m3
numflag pm25_mass, no unit
0
33
Data definition:              EBAS_1.1
Set type code:                TI
Timezone:                     UTC
File name:                    US0032R.19960103100000.20191216000000.filterpack.pm25_mass.pm25.1y.3d.US03L_filterpack_US0032.US03L_IMPROVE_Davis.lev2.nas
File creation:                20191218115735
Startdate:                    19960103100000
Revision date:                20191216000000
Version:                      2
Version description:          "Data extracted from http://views.cira.colostate.edu/fed/DataWizard 2019-12-16"
Statistics:                   arithmetic mean
Data level:                   2
Period code:                  1y
Resolution code:              3d
Sample duration:              1d
Orig. time res.:              3d
Station code:                 US0032R
Platform code:                US0032S
Station name:                 Haleakala NP
Station latitude:             20.8086
Station longitude:            -156.2823
Station altitude:             1153.0 m
Regime:                       IMG
Component:                    pm25_mass
Unit:                         ug/m3
Matrix:                       pm25
Laboratory code:              US03L
Instrument type:              filterpack
Instrument name:              filterpack_US0032
Method ref:                   US03L_IMPROVE_Davis
Blank correction:             Blank corrected
Volume std. temperature:      ambient
Volume std. pressure:         ambient
starttime endtime PM2.5 flag_PM2.5
  2.416667   3.416667   2.454 0.000
  5.416667   6.416667   0.864 0.000
  9.416667  10.416667   1.812 0.000
 12.416667  13.416667  12.373 0.000
 16.416667  17.416667   2.114 0.000
 19.416667  20.416667   5.913 0.000
 23.416667  24.416667   6.043 0.000
 26.416667  27.416667   2.736 0.000
 30.416667  31.416667 999.999 0.259
 33.416667  34.416667   1.049 0.000
 37.416667  38.416667   3.277 0.000
 40.416667  41.416667   3.848 0.000
 44.416667  45.416667   0.782 0.000
 47.416667  48.416667   1.714 0.000
 51.416667  52.416667   1.550 0.000
 54.416667  55.416667   1.766 0.000
 58.416667  59.416667   0.539 0.000
 61.416667  62.416667   4.769 0.000
 65.416667  66.416667   2.671 0.000
 68.416667  69.416667   3.947 0.000
 72.416667  73.416667   4.660 0.000
 75.416667  76.416667   3.638 0.000
 79.416667  80.416667   1.916 0.000
 82.416667  83.416667   0.958 0.000
 86.416667  87.416667   2.255 0.000
 89.416667  90.416667   0.988 0.000
 93.416667  94.416667   5.015 0.000
 96.416667  97.416667   5.238 0.000
100.416667 101.416667   1.916 0.000
103.416667 104.416667   1.976 0.000
107.416667 108.416667   1.492 0.000
110.416667 111.416667   2.467 0.000
114.416667 115.416667   4.092 0.000
117.416667 118.416667   4.907 0.000
121.416667 122.416667   3.382 0.000
124.416667 125.416667   2.498 0.000
128.416667 129.416667   5.388 0.000
131.416667 132.416667   3.622 0.000
135.416667 136.416667 999.999 0.999
138.416667 139.416667   2.968 0.000
142.416667 143.416667   6.915 0.000
145.416667 146.416667   3.956 0.000
149.416667 150.416667   3.809 0.000
152.416667 153.416667   3.809 0.000
156.416667 157.416667   3.561 0.000
159.416667 160.416667   3.294 0.000
163.416667 164.416667   7.627 0.000
166.416667 167.416667   3.073 0.000
170.416667 171.416667   1.395 0.000
173.416667 174.416667   0.912 0.000
177.416667 178.416667   3.189 0.000
180.416667 181.416667   1.818 0.000
184.416667 185.416667   1.950 0.000
187.416667 188.416667   2.305 0.000
191.416667 192.416667   2.597 0.000
194.416667 195.416667   3.210 0.000
198.416667 199.416667   1.891 0.000
201.416667 202.416667   2.501 0.000
205.416667 206.416667   4.355 0.000
208.416667 209.416667   4.679 0.000
212.416667 213.416667   1.217 0.000
215.416667 216.416667   1.573 0.000
219.416667 220.416667   2.872 0.000
222.416667 223.416667   1.406 0.000
226.416667 227.416667   3.001 0.000
229.416667 230.416667   1.677 0.000
233.416667 234.416667   2.760 0.000
236.416667 237.416667   2.877 0.000
240.416667 241.416667 999.999 0.999
243.416667 244.416667   3.382 0.000
247.416667 248.416667 999.999 0.999
250.416667 251.416667   1.153 0.000
254.416667 255.416667 999.999 0.999
257.416667 258.416667   3.442 0.000
261.416667 262.416667   2.772 0.000
264.416667 265.416667   3.235 0.000
268.416667 269.416667   3.001 0.000
271.416667 272.416667   6.268 0.000
275.416667 276.416667   4.131 0.000
278.416667 279.416667   5.091 0.000
282.416667 283.416667   3.251 0.000
285.416667 286.416667   1.988 0.000
289.416667 290.416667   4.083 0.000
292.416667 293.416667   5.812 0.000
296.416667 297.416667   3.398 0.000
299.416667 300.416667   5.448 0.000
303.416667 304.416667   2.772 0.000
306.416667 307.416667   4.488 0.000
310.416667 311.416667   7.756 0.000
313.416667 314.416667 999.999 0.259
317.416667 318.416667   4.649 0.000
320.416667 321.416667 999.999 0.999
324.416667 325.416667   2.604 0.000
327.416667 328.416667   1.449 0.000
331.416667 332.416667   3.680 0.000
334.416667 335.416667   4.214 0.000
338.416667 339.416667 999.999 0.999
341.416667 342.416667 999.999 0.999
345.416667 346.416667 999.999 0.999
348.416667 349.416667 999.999 0.999
352.416667 353.416667 999.999 0.999
355.416667 356.416667 999.999 0.999
359.416667 360.416667 999.999 0.999
362.416667 363.416667 999.999 0.999
