scripts/IMPROVE-2019_partial/data/US0077R.20020102070000.20191216000000.filterpack..pm25.52w.1w.US03L_filterpack_US0077.US03L_IMPROVE_Davis.lev2.nas
66 1001
MISSING INFORMATION
US03L, IMPROVE, , , , , , , 
MISSING INFORMATION
IMPROVE sel_HTAP
1 1
2002 01 01 2019 12 16
3.000000
days from file reference point
27
1 1 1 1 1 1 1 1 1 1 1 1 1 1 1 1 1 1 1 1 1 1 1 1 1 1 1
999.999999 9999.99 9.999 99.99 9.999 9.999 9.999999 9.99 9.999999 9.999 9.999 99.999 9.999 99.999 9.999 999.99 9.999999 999.999 9.999 999.999 9.999 999.999 9.999 9.999 9.999 9.999 9.999
end_time of measurement, days from the file reference point
iron, ng/m3, Revision date=20181210133000
numflag iron, no unit, Revision date=20181210133000
lead, ng/m3, Revision date=20181210133000
numflag lead, no unit, Revision date=20181210133000
magnesium, ug/m3, Revision date=20181210133000
numflag magnesium, no unit, Revision date=20181210133000
nickel, ng/m3, Revision date=20181210133000
numflag nickel, no unit, Revision date=20181210133000
nitrate, ug N/m3, Revision date=20181210133000
numflag nitrate, no unit, Revision date=20181210133000
organic_carbon, ug C/m3, Revision date=20181210133000
numflag organic_carbon, no unit, Revision date=20181210133000
organic_mass, ug/m3, Revision date=20181210133000
numflag organic_mass, no unit, Revision date=20181210133000
phosphorus, ng/m3, Revision date=20181210133000
numflag phosphorus, no unit, Revision date=20181210133000
pm10_mass, ug/m3, Version=2, Version description=Data extracted from http://views.cira.colostate.edu/fed/DataWizard 2019-12-16, Sample duration=1d, Orig. time res.=3d, Matrix=pm10, Blank correction=Blank corrected, Volume std. temperature=ambient, Volume std. pressure=ambient
numflag pm10_mass, no unit, Version=2, Version description=Data extracted from http://views.cira.colostate.edu/fed/DataWizard 2019-12-16, Sample duration=1d, Orig. time res.=3d, Matrix=pm10, Blank correction=Blank corrected, Volume std. temperature=ambient, Volume std. pressure=ambient
pm10_pm25_mass, ug/m3, Revision date=20181210133000, Matrix=pm10_pm25
numflag pm10_pm25_mass, no unit, Revision date=20181210133000, Matrix=pm10_pm25
pm25_mass, ug/m3, Version=2, Version description=Data extracted from http://views.cira.colostate.edu/fed/DataWizard 2019-12-16, Sample duration=1d, Orig. time res.=3d, Blank correction=Blank corrected, Volume std. temperature=ambient, Volume std. pressure=ambient
numflag pm25_mass, no unit, Version=2, Version description=Data extracted from http://views.cira.colostate.edu/fed/DataWizard 2019-12-16, Sample duration=1d, Orig. time res.=3d, Blank correction=Blank corrected, Volume std. temperature=ambient, Volume std. pressure=ambient
potassium, ug/m3, Revision date=20181210133000
numflag potassium, no unit, Revision date=20181210133000
sulphate_total, ug S/m3, Revision date=20181210133000
numflag sulphate_total, no unit, Revision date=20181210133000
0
25
Data definition:              EBAS_1.1
Set type code:                TU
Timezone:                     UTC
File name:                    US0077R.20020102070000.20191216000000.filterpack..pm25.52w.1w.US03L_filterpack_US0077.US03L_IMPROVE_Davis.lev2.nas
File creation:                20191218120038
Startdate:                    20020102070000
Revision date:                20191216000000
Statistics:                   arithmetic mean
Data level:                   2
Period code:                  52w
Resolution code:              1w
Station code:                 US0077R
Platform code:                US0077S
Station name:                 Canyonlands NP
Station latitude:             38.4587
Station longitude:            -109.821
Station altitude:             1798.0 m
Regime:                       IMG
Component:                    
Matrix:                       pm25
Laboratory code:              US03L
Instrument type:              filterpack
Instrument name:              filterpack_US0077
Method ref:                   US03L_IMPROVE_Davis
starttime endtime Fe flag_Fe Pb flag_Pb Mg++ flag_Mg++ Ni flag_Ni NO3- flag_NO3- OC flag_OC OM flag_OM P flag_P PM10 flag_PM10 PM10-PM2.5 flag_PM10-PM2.5 PM2.5 flag_PM2.5 K+ flag_K+ SO4-- flag_SO4--
  1.291667   2.291667 9999.99 0.999 99.99 0.999 9.999 0.999000 9.99 0.999000 9.999 0.999 99.999 0.999 99.999 0.999 999.99 0.999000 999.999 0.999 999.999 0.999 999.999 0.999 9.999 0.999 9.999 0.999
  4.291667   5.291667    2.37 0.000  0.29 0.000 9.999 0.259000 9.99 0.259000 0.096 0.559  0.406 0.000  0.568 0.000 999.99 0.259000   3.183 0.000   0.868 0.000   2.315 0.000 0.014 0.000 0.316 0.559
  7.291667   8.291667    6.31 0.000  0.74 0.000 9.999 0.259000 9.99 0.259000 0.489 0.559  0.709 0.000  0.993 0.000 999.99 0.259000   5.973 0.000   1.477 0.000   4.496 0.000 0.099 0.000 0.271 0.559
 10.291667  11.291667    3.78 0.000  0.25 0.000 9.999 0.259000 9.99 0.259000 0.048 0.000  0.213 0.000  0.299 0.000 999.99 0.259000   1.653 0.000   0.590 0.000   1.064 0.000 0.059 0.000 0.066 0.000
 13.291667  14.291667    7.80 0.000  0.38 0.000 9.999 0.259000 9.99 0.259000 0.032 0.000  0.245 0.000  0.343 0.000 999.99 0.259000   2.162 0.000   1.145 0.000   1.018 0.000 0.032 0.000 0.089 0.000
 16.291667  17.291667    6.07 0.000  0.49 0.000 9.999 0.259000 9.99 0.259000 0.141 0.559  0.335 0.000  0.468 0.000 999.99 0.259000   3.348 0.000   1.665 0.000   1.683 0.000 0.049 0.000 0.189 0.559
 19.291667  20.291667    4.71 0.000  0.38 0.000 9.999 0.259000 9.99 0.259000 0.022 0.559  0.120 0.000  0.168 0.000 999.99 0.259000   1.323 0.000   0.678 0.000   0.645 0.000 0.006 0.000 0.065 0.559
 22.291667  23.291667 9999.99 0.999 99.99 0.999 9.999 0.999000 9.99 0.999000 9.999 0.999 99.999 0.999 99.999 0.999 999.99 0.999000 999.999 0.999 999.999 0.999 999.999 0.999 9.999 0.999 9.999 0.999
 25.291667  26.291667   12.65 0.000  0.77 0.000 9.999 0.259000 9.99 0.259000 0.113 0.559  0.435 0.000  0.609 0.000 999.99 0.259000   3.886 0.000   2.010 0.000   1.875 0.000 0.020 0.000 0.109 0.559
 28.291667  29.291667    8.81 0.000  0.25 0.000 9.999 0.259000 0.31 0.000000 0.038 0.559  0.165 0.000  0.230 0.000 999.99 0.259000   1.671 0.000   0.699 0.000   0.972 0.000 0.008 0.000 0.086 0.559
 31.291667  32.291667    4.01 0.000  0.27 0.000 9.999 0.259000 9.99 0.259000 0.146 0.559  0.318 0.000  0.445 0.000 999.99 0.259000   2.480 0.000   0.917 0.000   1.563 0.000 0.023 0.000 0.084 0.559
 34.291667  35.291667   11.30 0.000  0.55 0.000 9.999 0.259000 0.18 0.000000 0.263 0.559  0.439 0.000  0.615 0.000 999.99 0.259000   4.010 0.000   1.443 0.000   2.566 0.000 0.027 0.000 0.115 0.559
 37.291667  38.291667   10.12 0.000  0.64 0.000 9.999 0.259000 9.99 0.259000 0.110 0.559  0.367 0.000  0.514 0.000 999.99 0.259000   4.423 0.000   2.177 0.000   2.246 0.000 0.066 0.000 0.151 0.559
 40.291667  41.291667    4.50 0.000 99.99 0.259 9.999 0.259000 9.99 0.259000 0.012 0.559  0.201 0.000  0.281 0.000 999.99 0.259000   1.653 0.000   0.898 0.000   0.755 0.000 0.006 0.000 0.082 0.559
 43.291667  44.291667   12.80 0.000  0.54 0.000 9.999 0.259000 9.99 0.259000 0.050 0.559  0.284 0.000  0.397 0.000 999.99 0.259000   3.555 0.000   1.959 0.000   1.596 0.000 0.015 0.000 0.110 0.559
 46.291667  47.291667   12.22 0.000  0.85 0.000 9.999 0.259000 9.99 0.259000 0.134 0.000  0.430 0.000  0.603 0.000 999.99 0.259000   4.547 0.000   2.016 0.000   2.531 0.000 0.026 0.000 0.277 0.000
 49.291667  50.291667   11.17 0.000  0.40 0.000 9.999 0.259000 9.99 0.259000 0.123 0.000  0.292 0.000  0.409 0.000 999.99 0.259000   2.812 0.000   1.203 0.000   1.609 0.000 0.012 0.000 0.178 0.000
 52.291667  53.291667   17.29 0.000 99.99 0.259 9.999 0.259000 0.20 0.000000 0.020 0.000  0.236 0.000  0.330 0.000 999.99 0.259000   2.959 0.000   1.728 0.000   1.231 0.000 0.068 0.000 0.087 0.000
 55.291667  56.291667   24.97 0.000  0.36 0.000 9.999 0.259000 0.19 0.000000 0.038 0.000  0.157 0.000  0.220 0.000 999.99 0.259000   7.151 0.000   5.715 0.000   1.436 0.000 0.023 0.000 0.107 0.000
 58.291667  59.291667   38.74 0.559  0.65 0.559 9.999 0.559259 0.49 0.559000 0.037 0.559  0.170 0.000  0.238 0.000 999.99 0.559259   6.575 0.000   4.838 0.000   1.736 0.559 0.041 0.559 0.109 0.559
 61.291667  62.291667   29.65 0.559  0.87 0.559 9.999 0.559259 0.76 0.559000 0.033 0.559  0.286 0.000  0.400 0.000 999.99 0.559259   3.743 0.000   1.212 0.000   2.530 0.559 0.031 0.559 0.294 0.559
 64.291667  65.291667   45.04 0.000  0.88 0.000 9.999 0.259000 0.54 0.000000 0.042 0.559  0.286 0.000  0.400 0.000 999.99 0.259000   4.861 0.000   2.537 0.000   2.325 0.000 0.035 0.000 0.115 0.559
 67.291667  68.291667   37.25 0.000  0.51 0.000 9.999 0.259000 0.52 0.000000 0.022 0.559  0.154 0.000  0.216 0.000 999.99 0.259000   4.547 0.000   2.348 0.000   2.199 0.000 0.027 0.000 0.158 0.559
 70.291667  71.291667   14.87 0.000  0.66 0.000 9.999 0.259000 0.23 0.000000 0.005 0.559  0.101 0.000  0.142 0.000 999.99 0.259000   1.775 0.000   0.841 0.000   0.934 0.000 0.017 0.000 0.070 0.559
 73.291667  74.291667    6.54 0.000  0.30 0.000 0.048 0.000000 0.12 0.000000 0.077 0.559  0.165 0.000  0.231 0.000 999.99 0.259000   2.383 0.000   1.085 0.000   1.298 0.000 0.008 0.000 0.145 0.559
 76.291667  77.291667   42.43 0.000  0.69 0.000 9.999 0.259000 9.99 0.259000 0.065 0.559  0.266 0.000  0.373 0.000 999.99 0.259000   5.622 0.000   3.277 0.000   2.345 0.000 0.027 0.000 0.183 0.559
 79.291667  80.291667   29.01 0.000 99.99 0.259 9.999 0.259000 0.54 0.000000 0.007 0.559  0.060 0.000  0.084 0.000 999.99 0.259000 999.999 0.456 999.999 0.999   1.436 0.000 0.061 0.000 0.105 0.559
 82.291667  83.291667   25.72 0.000  0.18 0.000 9.999 0.259000 0.44 0.000000 0.009 0.559  0.191 0.000  0.267 0.000 999.99 0.259000 999.999 0.456 999.999 0.999   1.268 0.000 0.020 0.000 0.050 0.559
 85.291667  86.291667   53.57 0.000  0.55 0.000 9.999 0.259000 0.28 0.000000 0.022 0.000  0.269 0.000  0.377 0.000 999.99 0.259000   7.761 0.000   5.669 0.000   2.092 0.000 0.043 0.000 0.128 0.000
 88.291667  89.291667  127.96 0.000  1.26 0.000 9.999 0.259000 0.52 0.000000 0.049 0.000  0.418 0.000  0.586 0.000 999.99 0.259000  14.910 0.000  10.201 0.000   4.709 0.000 0.100 0.000 0.207 0.000
 91.291667  92.291667  150.85 0.000  1.57 0.000 9.999 0.259000 0.30 0.000000 0.035 0.559  0.420 0.000  0.589 0.000 999.99 0.259000  13.666 0.000   8.784 0.000   4.882 0.000 0.105 0.000 0.179 0.559
 94.291667  95.291667   71.11 0.000  1.10 0.000 0.074 0.000000 0.11 0.000000 0.031 0.000  0.442 0.000  0.618 0.000 999.99 0.259000   8.325 0.000   5.160 0.000   3.165 0.000 0.079 0.000 0.183 0.000
 97.291667  98.291667   47.18 0.000  0.37 0.000 9.999 0.259000 9.99 0.259000 0.024 0.000  0.252 0.000  0.353 0.000 999.99 0.259000   7.635 0.000   5.569 0.000   2.065 0.000 0.031 0.000 0.087 0.000
100.291667 101.291667   91.23 0.000  0.68 0.000 9.999 0.259000 0.44 0.000000 0.044 0.000  0.363 0.000  0.508 0.000 999.99 0.259000   5.515 0.000   1.899 0.000   3.616 0.000 0.065 0.000 0.183 0.000
103.291667 104.291667  113.28 0.000  0.75 0.000 9.999 0.259000 9.99 0.259000 0.045 0.000  0.302 0.000  0.422 0.000 999.99 0.259000   8.041 0.000   4.756 0.000   3.285 0.000 0.060 0.000 0.143 0.000
106.291667 107.291667  123.48 0.000  0.53 0.000 9.999 0.259000 0.13 0.000000 0.041 0.559  0.213 0.000  0.298 0.000 999.99 0.259000  36.693 0.000  31.990 0.000   4.702 0.000 0.084 0.000 0.172 0.559
109.291667 110.291667   33.42 0.000  0.43 0.000 9.999 0.259000 9.99 0.259000 0.033 0.559  0.168 0.000  0.235 0.000 999.99 0.259000   7.884 0.000   5.862 0.000   2.022 0.000 0.023 0.000 0.137 0.559
112.291667 113.291667  179.57 0.000  2.47 0.000 0.057 0.000000 0.12 0.000000 0.054 0.559  0.293 0.000  0.410 0.000 999.99 0.259000  11.942 0.000   6.316 0.000   5.626 0.000 0.111 0.000 0.290 0.559
115.291667 116.291667   71.55 0.000  0.63 0.000 9.999 0.259000 0.16 0.000000 0.025 0.559  0.191 0.000  0.267 0.000 999.99 0.259000  11.005 0.000   7.812 0.000   3.193 0.000 0.055 0.000 0.179 0.559
118.291667 119.291667   85.23 0.000  0.89 0.000 9.999 0.259000 0.09 0.000000 0.041 0.559  0.163 0.000  0.228 0.000 999.99 0.259000   6.538 0.000   3.536 0.000   3.002 0.000 0.056 0.000 0.146 0.559
121.291667 122.291667   50.45 0.000  0.60 0.000 9.999 0.259000 9.99 0.259000 0.027 0.559  0.132 0.000  0.185 0.000 999.99 0.259000   7.761 0.000   4.918 0.000   2.844 0.000 0.035 0.000 0.160 0.559
124.291667 125.291667  134.51 0.000  0.51 0.000 9.999 0.259000 0.10 0.000000 0.069 0.559  0.304 0.000  0.426 0.000 999.99 0.259000  13.117 0.000   7.744 0.000   5.373 0.000 0.073 0.000 0.191 0.559
127.291667 128.291667   72.93 0.000  0.84 0.000 0.052 0.000000 0.08 0.000000 0.034 0.559  0.418 0.000  0.586 0.000 999.99 0.259000  22.765 0.000  18.866 0.000   3.899 0.000 0.055 0.000 0.149 0.559
130.291667 131.291667  217.64 0.000  0.87 0.000 9.999 0.259000 0.69 0.000000 0.059 0.000  0.396 0.000  0.555 0.000 999.99 0.259000  14.011 0.000   6.278 0.000   7.733 0.000 0.143 0.000 0.231 0.000
133.291667 134.291667   94.56 0.000  0.70 0.000 9.999 0.259000 0.25 0.000000 0.031 0.559  0.441 0.000  0.617 0.000 999.99 0.259000  10.054 0.000   5.438 0.000   4.616 0.000 0.064 0.000 0.220 0.559
136.291667 137.291667  135.92 0.000  0.83 0.000 9.999 0.259000 0.39 0.000000 0.032 0.559  0.474 0.000  0.663 0.000 999.99 0.259000   9.706 0.000   4.254 0.000   5.452 0.000 0.091 0.000 0.196 0.559
139.291667 140.291667  256.96 0.000  0.71 0.000 0.076 0.000000 0.63 0.000000 0.028 0.559  0.620 0.000  0.868 0.000 999.99 0.259000  24.448 0.000  15.168 0.000   9.280 0.000 0.184 0.000 0.181 0.559
142.291667 143.291667  101.94 0.000  0.21 0.000 9.999 0.259000 0.88 0.000000 0.012 0.559  0.126 0.000  0.176 0.000 999.99 0.259000   6.417 0.000   2.058 0.000   4.358 0.000 0.070 0.000 0.078 0.559
145.291667 146.291667   65.37 0.000  0.42 0.000 0.052 0.000000 0.59 0.000000 0.021 0.559  0.294 0.000  0.411 0.000 999.99 0.259000   5.929 0.000   2.617 0.000   3.312 0.000 0.052 0.000 0.123 0.559
148.291667 149.291667  101.78 0.000  0.58 0.000 9.999 0.259000 0.48 0.000000 0.049 0.559  0.471 0.000  0.659 0.000 999.99 0.259000  10.659 0.000   5.854 0.000   4.805 0.000 0.074 0.000 0.245 0.559
151.291667 152.291667  218.55 0.000  0.90 0.000 9.999 0.259000 0.46 0.000000 0.052 0.559  1.490 0.000  2.085 0.000 999.99 0.259000  28.626 0.000  18.241 0.000  10.384 0.000 0.195 0.000 0.314 0.559
154.291667 155.291667   64.15 0.000  0.49 0.000 9.999 0.259000 0.34 0.000000 0.027 0.559  0.664 0.000  0.929 0.000 999.99 0.259000   5.106 0.000   0.487 0.000   4.619 0.000 0.052 0.000 0.272 0.559
157.291667 158.291667   97.40 0.559  0.57 0.559 9.999 0.559259 0.39 0.559000 0.055 0.559  0.938 0.000  1.313 0.000 999.99 0.559259  10.437 0.000   4.151 0.000   6.286 0.559 0.091 0.559 0.239 0.559
160.291667 161.291667   99.73 0.000  0.28 0.000 9.999 0.259000 0.40 0.000000 0.035 0.559  0.579 0.000  0.810 0.000 999.99 0.259000   9.909 0.000   5.404 0.000   4.505 0.000 0.073 0.000 0.115 0.559
163.291667 164.291667  104.38 0.000  0.46 0.000 9.999 0.259000 0.43 0.000000 0.026 0.559  0.487 0.000  0.682 0.000 999.99 0.259000   9.690 0.000   5.112 0.000   4.578 0.000 0.076 0.000 0.138 0.559
166.291667 167.291667   82.76 0.559  0.77 0.559 9.999 0.559259 0.20 0.559000 0.058 0.559  0.786 0.000  1.100 0.000  21.96 0.559000  10.156 0.000   5.081 0.000   5.075 0.559 0.068 0.559 0.309 0.559
169.291667 170.291667  150.44 0.000  0.65 0.000 9.999 0.259000 0.32 0.000000 0.039 0.559  0.948 0.000  1.327 0.000 999.99 0.259000  14.417 0.000   7.183 0.000   7.234 0.000 0.123 0.000 0.168 0.559
172.291667 173.291667  175.07 0.559  0.62 0.559 9.999 0.559259 0.35 0.559000 0.060 0.559  1.887 0.000  2.642 0.000 999.99 0.559259  18.464 0.000   7.892 0.000  10.572 0.559 0.173 0.559 0.237 0.559
175.291667 176.291667   67.35 0.000  0.41 0.000 9.999 0.259000 0.39 0.000000 0.027 0.559  0.334 0.000  0.467 0.000 999.99 0.259000   5.271 0.000   1.621 0.000   3.650 0.000 0.093 0.000 0.169 0.559
178.291667 179.291667  109.57 0.559  0.63 0.559 0.020 0.559000 0.45 0.559000 0.055 0.559  2.273 0.000  3.182 0.000 999.99 0.559259  16.354 0.000   7.152 0.000   9.202 0.559 0.117 0.559 0.282 0.559
181.291667 182.291667   84.24 0.699  0.54 0.699 0.032 0.699000 0.35 0.699000 0.057 0.559  1.863 0.000  2.608 0.000 999.99 0.699259  12.630 0.000   4.177 0.000   8.453 0.699 0.100 0.699 0.386 0.559
184.291667 185.291667  218.88 0.000  0.24 0.000 9.999 0.259000 0.59 0.000000 0.023 0.559  1.799 0.000  2.519 0.000 999.99 0.259000  21.732 0.000   9.238 0.000  12.494 0.000 0.176 0.000 0.320 0.559
187.291667 188.291667  108.88 0.000  0.41 0.000 9.999 0.259000 0.49 0.000000 0.022 0.559  1.194 0.000  1.671 0.000 999.99 0.259000  12.630 0.000   5.040 0.000   7.590 0.000 0.093 0.000 0.341 0.559
190.291667 191.291667  406.39 0.559  0.69 0.559 9.999 0.559259 0.33 0.559000 0.025 0.559  0.764 0.000  1.069 0.000 999.99 0.559259  52.753 0.000  37.128 0.000  15.625 0.559 0.264 0.559 0.221 0.559
193.291667 194.291667  118.48 0.000  0.27 0.000 9.999 0.259000 0.36 0.000000 0.025 0.559  3.133 0.000  4.386 0.000 999.99 0.259000  12.839 0.000   3.149 0.000   9.690 0.000 0.115 0.000 0.134 0.559
196.291667 197.291667  256.86 0.699  0.56 0.699 9.999 0.699259 0.21 0.699000 0.045 0.559  5.119 0.000  7.167 0.000 999.99 0.699259  31.807 0.000  13.633 0.000  18.175 0.699 0.248 0.699 0.365 0.559
199.291667 200.291667  172.30 0.559  0.27 0.559 0.056 0.559000 0.37 0.559000 0.017 0.559  1.205 0.000  1.687 0.000 999.99 0.559259  12.792 0.000   3.304 0.000   9.488 0.559 0.140 0.559 0.250 0.559
202.291667 203.291667  129.38 0.559  0.63 0.559 9.999 0.559259 0.26 0.559000 0.023 0.559  1.236 0.000  1.730 0.000 999.99 0.559259  15.716 0.000   8.876 0.000   6.841 0.559 0.105 0.559 0.203 0.559
205.291667 206.291667  144.88 0.000  0.27 0.000 0.032 0.000000 0.32 0.000000 0.026 0.559  0.437 0.000  0.612 0.000 999.99 0.259000  10.559 0.000   4.324 0.000   6.235 0.000 0.110 0.000 0.225 0.559
208.291667 209.291667  125.38 0.559  0.28 0.559 0.042 0.559000 0.30 0.559000 0.036 0.559  1.174 0.000  1.644 0.000 999.99 0.559259  11.493 0.000   5.083 0.000   6.410 0.559 0.107 0.559 0.206 0.559
211.291667 212.291667   99.45 0.000  0.39 0.000 9.999 0.259000 0.41 0.000000 0.028 0.559  1.377 0.000  1.928 0.000 999.99 0.259000  10.538 0.000   4.521 0.000   6.016 0.000 0.100 0.000 0.144 0.559
214.291667 215.291667   57.52 0.000  0.32 0.000 9.999 0.259000 0.27 0.000000 0.032 0.559  0.910 0.000  1.275 0.000 999.99 0.259000   7.066 0.000   2.327 0.000   4.739 0.000 0.068 0.000 0.270 0.559
217.291667 218.291667   69.68 0.000  0.21 0.000 9.999 0.259000 0.28 0.000000 0.026 0.559  0.487 0.000  0.683 0.000 999.99 0.259000   9.792 0.000   5.340 0.000   4.452 0.000 0.066 0.000 0.273 0.559
220.291667 221.291667   73.44 0.559  0.38 0.559 9.999 0.559259 0.29 0.559000 0.060 0.000  2.319 0.000  3.246 0.000 999.99 0.559259  14.052 0.000   6.162 0.000   7.890 0.559 0.098 0.559 0.171 0.000
223.291667 224.291667  111.20 0.000  0.34 0.000 0.046 0.000000 0.30 0.000000 0.031 0.559  2.442 0.000  3.420 0.000 999.99 0.259000  16.231 0.000   8.442 0.000   7.788 0.000 0.133 0.000 0.107 0.559
226.291667 227.291667  151.43 0.000  0.22 0.000 9.999 0.259000 0.58 0.000000 0.011 0.559  0.796 0.000  1.115 0.000 999.99 0.259000   8.550 0.000   2.812 0.000   5.738 0.000 0.132 0.000 0.058 0.559
229.291667 230.291667  104.27 0.000  0.35 0.000 9.999 0.259000 0.37 0.000000 0.100 0.000  4.728 0.000  6.620 0.000 999.99 0.259000  19.322 0.000   5.592 0.000  13.730 0.000 0.125 0.000 0.317 0.000
232.291667 233.291667   97.39 0.000  0.18 0.000 0.031 0.000000 0.31 0.000000 0.056 0.000  0.989 0.000  1.385 0.000 999.99 0.259000  13.726 0.000   6.621 0.000   7.104 0.000 0.093 0.000 0.288 0.000
235.291667 236.291667   51.42 0.394  0.18 0.394 0.027 0.394000 0.51 0.394000 0.042 0.394  0.820 0.000  1.147 0.000 999.99 0.394259   7.960 0.000   4.174 0.000   3.786 0.000 0.061 0.394 0.212 0.394
238.291667 239.291667   39.31 0.559  0.46 0.559 9.999 0.559259 0.43 0.559000 0.037 0.000  1.096 0.000  1.535 0.000  16.28 0.559000  10.178 0.000   6.158 0.000   4.020 0.559 0.039 0.559 0.194 0.000
241.291667 242.291667 9999.99 0.999 99.99 0.999 9.999 0.999000 9.99 0.999000 9.999 0.999 99.999 0.999 99.999 0.999 999.99 0.999000 999.999 0.999 999.999 0.999 999.999 0.999 9.999 0.999 9.999 0.999
