scripts/IMPROVE-2019_partial/data/US0070R.19930102080000.20191216000000.filterpack...1y.3d.US03L_filterpack_US0070.US03L_IMPROVE_Davis.lev2.nas
51 1001
MISSING INFORMATION
US03L, IMPROVE, , , , , , , 
MISSING INFORMATION
IMPROVE sel_HTAP
1 1
1993 01 01 2019 12 16
0
days from file reference point
4
1 1 1 1
999.999999 999.999 99.999 9.999
end_time of measurement, days from the file reference point
pm10_mass, ug/m3, Matrix=pm10
pm25_mass, ug/m3, Matrix=pm25
numflag, no unit
0
33
Data definition:              EBAS_1.1
Set type code:                TI
Timezone:                     UTC
File name:                    US0070R.19930102080000.20191216000000.filterpack...1y.3d.US03L_filterpack_US0070.US03L_IMPROVE_Davis.lev2.nas
File creation:                20191218120008
Startdate:                    19930102080000
Revision date:                20191216000000
Version:                      2
Version description:          "Data extracted from http://views.cira.colostate.edu/fed/DataWizard 2019-12-16"
Statistics:                   arithmetic mean
Data level:                   2
Period code:                  1y
Resolution code:              3d
Sample duration:              1d
Orig. time res.:              3d
Station code:                 US0070R
Platform code:                US0070S
Station name:                 Crater Lake NP
Station latitude:             42.8958
Station longitude:            -122.1361
Station altitude:             1996.0 m
Regime:                       IMG
Component:                    
Unit:                         ug/m3
Matrix:                       
Laboratory code:              US03L
Instrument type:              filterpack
Instrument name:              filterpack_US0070
Method ref:                   US03L_IMPROVE_Davis
Blank correction:             Blank corrected
Volume std. temperature:      ambient
Volume std. pressure:         ambient
starttime endtime PM10 PM2.5 flag
  1.333333   2.333333   2.585  0.658 0.000
  5.333333   6.333333   2.176 99.999 0.000
  8.333333   9.333333 999.999 99.999 0.999
 12.333333  13.333333   2.116  2.006 0.000
 15.333333  16.333333 999.999  1.197 0.000
 19.333333  20.333333 999.999  1.338 0.000
 22.333333  23.333333   3.968  1.646 0.000
 26.333333  27.333333   6.000  1.650 0.000
 29.333333  30.333333   4.857  1.003 0.000
 33.333333  34.333333   5.020  3.323 0.000
 36.333333  37.333333   1.728 99.999 0.000
 40.333333  41.333333   1.926  1.258 0.000
 43.333333  44.333333   2.833  1.122 0.000
 47.333333  48.333333   4.215  4.000 0.000
 50.333333  51.333333   4.100  0.735 0.000
 54.333333  55.333333   3.130  1.644 0.000
 57.333333  58.333333   3.699  2.534 0.000
 61.333333  62.333333   1.260  1.009 0.000
 64.333333  65.333333 999.999  1.873 0.000
 68.333333  69.333333   2.200  1.321 0.000
 71.333333  72.333333   3.644  2.013 0.000
 75.333333  76.333333 999.999  1.013 0.000
 78.333333  79.333333   3.887  0.786 0.000
 82.333333  83.333333   5.407  1.591 0.000
 85.333333  86.333333   5.650  2.565 0.000
 89.333333  90.333333   5.813  4.313 0.000
 92.333333  93.333333 999.999 99.999 0.999
 96.333333  97.333333   7.561  4.423 0.000
 99.333333 100.333333   2.602  1.529 0.000
103.333333 104.333333   3.984  2.229 0.000
106.333333 107.333333   3.293  1.136 0.000
110.333333 111.333333   3.548  0.850 0.000
113.333333 114.333333   4.153  0.900 0.000
117.333333 118.333333  13.241  6.419 0.000
120.333333 121.333333   9.752  6.997 0.000
124.333333 125.333333   4.640  2.019 0.000
127.333333 128.333333   4.440  0.909 0.000
131.333333 132.333333   8.080  5.394 0.000
134.333333 135.333333   9.760  4.577 0.000
138.333333 139.333333  14.861  4.625 0.000
141.333333 142.333333   4.582  1.694 0.000
145.333333 146.333333   3.241  3.006 0.000
148.333333 149.333333   8.112 99.999 0.000
152.333333 153.333333   0.920  0.757 0.000
155.333333 156.333333   1.720  0.784 0.000
159.333333 160.333333   3.360  2.006 0.000
162.333333 163.333333   3.202  0.940 0.000
166.333333 167.333333   4.683  2.468 0.000
169.333333 170.333333  10.754  5.806 0.000
173.333333 174.333333   1.861  1.484 0.000
176.333333 177.333333   6.519  5.284 0.000
180.333333 181.333333   7.232  4.139 0.000
183.333333 184.333333   3.210  1.607 0.000
187.333333 188.333333   7.681  2.882 0.000
190.333333 191.333333   7.899  2.618 0.000
194.333333 195.333333   9.743  2.196 0.000
197.333333 198.333333   8.346  2.119 0.000
201.333333 202.333333   8.696  2.282 0.000
204.333333 205.333333   3.043  2.292 0.000
208.333333 209.333333  12.411  5.073 0.000
211.333333 212.333333  10.177  3.602 0.000
215.333333 216.333333  19.143  8.817 0.000
218.333333 219.333333  11.964  4.706 0.000
222.333333 223.333333  19.412  6.335 0.000
225.333333 226.333333   8.436  3.609 0.000
229.333333 230.333333  10.036  3.918 0.000
232.333333 233.333333   3.919 99.999 0.000
236.333333 237.333333 999.999 99.999 0.999
239.333333 240.333333 999.999 99.999 0.999
243.333333 244.333333 999.999 99.999 0.999
246.333333 247.333333 999.999 99.999 0.999
250.333333 251.333333 999.999 99.999 0.999
253.333333 254.333333 999.999 99.999 0.999
257.333333 258.333333   8.910  5.902 0.000
260.333333 261.333333 999.999  5.474 0.000
264.333333 265.333333   8.141  3.138 0.000
267.333333 268.333333   7.289  3.050 0.000
271.333333 272.333333 999.999 99.999 0.999
274.333333 275.333333  14.615  7.083 0.000
278.333333 279.333333 999.999 99.999 0.999
281.333333 282.333333   4.082  2.604 0.000
285.333333 286.333333   1.882  1.339 0.000
288.333333 289.333333   1.606  0.853 0.000
292.333333 293.333333   6.642  4.294 0.000
295.333333 296.333333   8.759  4.265 0.000
299.333333 300.333333   2.321  1.362 0.000
302.333333 303.333333   4.384  2.391 0.000
306.333333 307.333333   3.986  2.870 0.000
309.333333 310.333333   3.223  2.219 0.000
313.333333 314.333333  11.767  7.798 0.000
316.333333 317.333333  29.662  3.862 0.000
320.333333 321.333333   5.992  5.140 0.000
323.333333 324.333333   4.319  1.463 0.000
327.333333 328.333333   2.907  2.163 0.000
330.333333 331.333333   4.574  1.881 0.000
334.333333 335.333333   2.414  2.409 0.000
337.333333 338.333333   3.333  1.707 0.000
341.333333 342.333333   1.231  0.979 0.000
344.333333 345.333333   2.656  0.979 0.000
348.333333 349.333333   0.647  0.623 0.000
351.333333 352.333333   5.630  1.128 0.000
355.333333 356.333333   2.100  0.885 0.000
358.333333 359.333333   6.173  0.737 0.000
362.333333 363.333333   2.788  1.373 0.000
