scripts/IMPROVE-2019_partial/data/US0048R.19930102060000.20191216000000.filterpack...1y.3d.US03L_filterpack_US0048.US03L_IMPROVE_Davis.lev2.nas
51 1001
MISSING INFORMATION
US03L, IMPROVE, , , , , , , 
MISSING INFORMATION
IMPROVE sel_HTAP
1 1
1993 01 01 2019 12 16
0
days from file reference point
4
1 1 1 1
999.99 999.999 999.999 9.999
end_time of measurement, days from the file reference point
pm10_mass, ug/m3, Matrix=pm10
pm25_mass, ug/m3, Matrix=pm25
numflag, no unit
0
33
Data definition:              EBAS_1.1
Set type code:                TI
Timezone:                     UTC
File name:                    US0048R.19930102060000.20191216000000.filterpack...1y.3d.US03L_filterpack_US0048.US03L_IMPROVE_Davis.lev2.nas
File creation:                20191218115817
Startdate:                    19930102060000
Revision date:                20191216000000
Version:                      2
Version description:          "Data extracted from http://views.cira.colostate.edu/fed/DataWizard 2019-12-16"
Statistics:                   arithmetic mean
Data level:                   2
Period code:                  1y
Resolution code:              3d
Sample duration:              1d
Orig. time res.:              3d
Station code:                 US0048R
Platform code:                US0048S
Station name:                 Boundary Waters Canoe Area
Station latitude:             47.9466
Station longitude:            -91.4955
Station altitude:             526.0 m
Regime:                       IMG
Component:                    
Unit:                         ug/m3
Matrix:                       
Laboratory code:              US03L
Instrument type:              filterpack
Instrument name:              filterpack_US0048
Method ref:                   US03L_IMPROVE_Davis
Blank correction:             Blank corrected
Volume std. temperature:      ambient
Volume std. pressure:         ambient
starttime endtime PM10 PM2.5 flag
  1.25   2.25   4.612   4.007 0.000
  5.25   6.25   6.328   4.335 0.000
  8.25   9.25   5.352   3.585 0.000
 12.25  13.25   2.627   1.841 0.000
 15.25  16.25  18.196  15.143 0.000
 19.25  20.25  13.906   7.206 0.000
 22.25  23.25   3.945   3.836 0.000
 26.25  27.25   5.687   4.074 0.000
 29.25  30.25   6.870   5.031 0.000
 33.25  34.25   4.046   2.410 0.000
 36.25  37.25   4.542   3.284 0.000
 40.25  41.25   5.645   2.871 0.000
 43.25  44.25   6.613   3.387 0.000
 47.25  48.25   5.847   3.738 0.000
 50.25  51.25   8.492   6.474 0.000
 54.25  55.25   8.740   3.887 0.000
 57.25  58.25  17.287  10.658 0.000
 61.25  62.25   8.984   7.250 0.000
 64.25  65.25   9.492   6.938 0.000
 68.25  69.25   4.591   2.844 0.000
 71.25  72.25   4.514   3.500 0.000
 75.25  76.25   8.340   5.196 0.000
 78.25  79.25  11.901  11.340 0.000
 82.25  83.25   7.376   5.635 0.000
 85.25  86.25  22.129  21.604 0.000
 89.25  90.25   6.360   2.994 0.000
 92.25  93.25   5.709   2.037 0.000
 96.25  97.25   9.655   6.204 0.000
 99.25 100.25   5.871   4.939 0.000
103.25 104.25   5.551   3.119 0.000
106.25 107.25   4.867   3.425 0.000
110.25 111.25  10.116   6.123 0.000
113.25 114.25   8.909   7.562 0.000
117.25 118.25   5.056   2.068 0.000
120.25 121.25   5.037   2.767 0.000
124.25 125.25  13.226   5.195 0.000
127.25 128.25 999.999 999.999 0.999
131.25 132.25   9.746   2.783 0.000
134.25 135.25   4.337   3.517 0.000
138.25 139.25   5.438   4.220 0.000
141.25 142.25  10.693   6.049 0.000
145.25 146.25   4.559   2.699 0.000
148.25 149.25   6.875   3.034 0.000
152.25 153.25   2.482   1.890 0.000
155.25 156.25   7.518   4.055 0.000
159.25 160.25   7.704   4.892 0.000
162.25 163.25  13.553  10.094 0.000
166.25 167.25   6.291   2.979 0.000
169.25 170.25   7.266   3.485 0.000
173.25 174.25  25.616  14.085 0.000
176.25 177.25 999.999   1.485 0.000
180.25 181.25   5.255   2.905 0.000
183.25 184.25   7.653   4.954 0.000
187.25 188.25   4.380   1.763 0.000
190.25 191.25  13.755  12.822 0.000
194.25 195.25   6.823   2.909 0.000
197.25 198.25  18.520  13.121 0.000
201.25 202.25   4.000   2.478 0.000
204.25 205.25  18.286  14.407 0.000
208.25 209.25   6.496   4.225 0.000
211.25 212.25  16.204   8.654 0.000
215.25 216.25   4.229   1.343 0.000
218.25 219.25   8.029   5.970 0.000
222.25 223.25  12.338   7.216 0.000
225.25 226.25   7.518   3.952 0.000
229.25 230.25  10.863   7.576 0.000
232.25 233.25   7.554   4.495 0.000
236.25 237.25  13.640   8.421 0.000
239.25 240.25   6.471   3.839 0.000
243.25 244.25  11.018   5.502 0.000
246.25 247.25   5.818   3.161 0.000
250.25 251.25   6.360   3.497 0.000
253.25 254.25   7.500 999.999 0.000
257.25 258.25   5.693   1.094 0.000
260.25 261.25   5.730   2.462 0.000
264.25 265.25   4.907   3.580 0.000
267.25 268.25   8.030   5.062 0.000
271.25 272.25   3.094   1.000 0.000
274.25 275.25   3.433   1.818 0.000
278.25 279.25  17.008   7.882 0.000
281.25 282.25   2.659 999.999 0.000
285.25 286.25   5.390   2.539 0.000
288.25 289.25   7.206   5.370 0.000
292.25 293.25   9.213   7.196 0.000
295.25 296.25  10.112   6.006 0.000
299.25 300.25   5.133   2.327 0.000
302.25 303.25   1.264   1.000 0.000
306.25 307.25   3.902   2.642 0.000
309.25 310.25 999.999   4.094 0.000
313.25 314.25   6.978   3.738 0.000
316.25 317.25   2.799   2.399 0.000
320.25 321.25   3.783   2.894 0.000
323.25 324.25   4.494   2.315 0.000
327.25 328.25   4.563   1.624 0.000
330.25 331.25   5.209   4.873 0.000
334.25 335.25  18.676  14.141 0.000
337.25 338.25   9.596   7.055 0.000
341.25 342.25  14.962  12.656 0.000
344.25 345.25   2.857   1.844 0.000
348.25 349.25   5.692   4.051 0.000
351.25 352.25   6.680   6.494 0.000
355.25 356.25   3.811   1.650 0.000
358.25 359.25 999.999   3.016 0.000
362.25 363.25   5.059   3.067 0.000
