scripts/IMPROVE-2019_partial/data/US0019R.20040101080000.20191216000000.filterpack..pm25.52w.1w.US03L_filterpack_US0019.US03L_IMPROVE_Davis.lev2.nas
66 1001
MISSING INFORMATION
US03L, IMPROVE, , , , , , , 
MISSING INFORMATION
IMPROVE sel_HTAP
1 1
2004 01 01 2019 12 16
3.000000
days from file reference point
27
1 1 1 1 1 1 1 1 1 1 1 1 1 1 1 1 1 1 1 1 1 1 1 1 1 1 1
999.999999 9999.99 9.999 999.99 9.999 9.999 9.999999 99.99 9.999999 9.999 9.999 999.999 9.999 999.999 9.999 999.99 9.999999 999.999 9.999 99.999 9.999 999.999 9.999 9.999 9.999 9.999 9.999
end_time of measurement, days from the file reference point
iron, ng/m3, Revision date=20181210133000
numflag iron, no unit, Revision date=20181210133000
lead, ng/m3, Revision date=20181210133000
numflag lead, no unit, Revision date=20181210133000
magnesium, ug/m3, Revision date=20181210133000
numflag magnesium, no unit, Revision date=20181210133000
nickel, ng/m3, Revision date=20181210133000
numflag nickel, no unit, Revision date=20181210133000
nitrate, ug N/m3, Revision date=20181210133000
numflag nitrate, no unit, Revision date=20181210133000
organic_carbon, ug C/m3, Revision date=20181210133000
numflag organic_carbon, no unit, Revision date=20181210133000
organic_mass, ug/m3, Revision date=20181210133000
numflag organic_mass, no unit, Revision date=20181210133000
phosphorus, ng/m3, Revision date=20181210133000
numflag phosphorus, no unit, Revision date=20181210133000
pm10_mass, ug/m3, Version=2, Version description=Data extracted from http://views.cira.colostate.edu/fed/DataWizard 2019-12-16, Sample duration=1d, Orig. time res.=3d, Matrix=pm10, Blank correction=Blank corrected, Volume std. temperature=ambient, Volume std. pressure=ambient
numflag pm10_mass, no unit, Version=2, Version description=Data extracted from http://views.cira.colostate.edu/fed/DataWizard 2019-12-16, Sample duration=1d, Orig. time res.=3d, Matrix=pm10, Blank correction=Blank corrected, Volume std. temperature=ambient, Volume std. pressure=ambient
pm10_pm25_mass, ug/m3, Revision date=20181210133000, Matrix=pm10_pm25
numflag pm10_pm25_mass, no unit, Revision date=20181210133000, Matrix=pm10_pm25
pm25_mass, ug/m3, Version=2, Version description=Data extracted from http://views.cira.colostate.edu/fed/DataWizard 2019-12-16, Sample duration=1d, Orig. time res.=3d, Blank correction=Blank corrected, Volume std. temperature=ambient, Volume std. pressure=ambient
numflag pm25_mass, no unit, Version=2, Version description=Data extracted from http://views.cira.colostate.edu/fed/DataWizard 2019-12-16, Sample duration=1d, Orig. time res.=3d, Blank correction=Blank corrected, Volume std. temperature=ambient, Volume std. pressure=ambient
potassium, ug/m3, Revision date=20181210133000
numflag potassium, no unit, Revision date=20181210133000
sulphate_total, ug S/m3, Revision date=20181210133000
numflag sulphate_total, no unit, Revision date=20181210133000
0
25
Data definition:              EBAS_1.1
Set type code:                TU
Timezone:                     UTC
File name:                    US0019R.20040101080000.20191216000000.filterpack..pm25.52w.1w.US03L_filterpack_US0019.US03L_IMPROVE_Davis.lev2.nas
File creation:                20191218115639
Startdate:                    20040101080000
Revision date:                20191216000000
Statistics:                   arithmetic mean
Data level:                   2
Period code:                  52w
Resolution code:              1w
Station code:                 US0019R
Platform code:                US0019S
Station name:                 Bliss SP (TRPA)
Station latitude:             38.9761
Station longitude:            -120.1025
Station altitude:             2130.0 m
Regime:                       IMG
Component:                    
Matrix:                       pm25
Laboratory code:              US03L
Instrument type:              filterpack
Instrument name:              filterpack_US0019
Method ref:                   US03L_IMPROVE_Davis
starttime endtime Fe flag_Fe Pb flag_Pb Mg++ flag_Mg++ Ni flag_Ni NO3- flag_NO3- OC flag_OC OM flag_OM P flag_P PM10 flag_PM10 PM10-PM2.5 flag_PM10-PM2.5 PM2.5 flag_PM2.5 K+ flag_K+ SO4-- flag_SO4--
[from data line 81]
243.333333 244.333333   40.70 0.000   1.32 0.000 9.999 0.259000  0.09 0.000000 0.033 0.000   0.944 0.000   1.321 0.000 999.99 0.259000   7.030 0.000  2.591 0.000   4.439 0.000 0.026 0.000 0.437 0.000
246.333333 247.333333   36.03 0.000   0.28 0.000 9.999 0.259000 99.99 0.259000 0.022 0.000   0.617 0.000   0.863 0.000 999.99 0.259000   6.726 0.000  4.262 0.000   2.464 0.000 0.022 0.000 0.077 0.000
249.333333 250.333333   96.69 0.000   1.35 0.000 9.999 0.259000 99.99 0.259000 0.032 0.000   2.377 0.000   3.328 0.000 999.99 0.259000   8.918 0.000  2.802 0.000   6.116 0.000 0.103 0.000 0.099 0.000
252.333333 253.333333   62.37 0.000   0.52 0.000 9.999 0.259000 99.99 0.259000 0.045 0.000   1.539 0.000   2.154 0.000   6.27 0.000000   9.021 0.000  4.433 0.000   4.587 0.000 0.040 0.000 0.163 0.000
255.333333 256.333333   16.42 0.000   0.54 0.000 9.999 0.259000 99.99 0.259000 0.016 0.000   0.466 0.000   0.653 0.000 999.99 0.259000   4.403 0.000  3.256 0.000   1.147 0.000 0.011 0.000 0.108 0.000
258.333333 259.333333   50.10 0.000   0.38 0.000 9.999 0.259000 99.99 0.259000 0.035 0.000   0.598 0.000   0.838 0.000 999.99 0.259000   9.031 0.000  6.431 0.000   2.600 0.000 0.022 0.000 0.086 0.000
261.333333 262.333333   30.15 0.000   0.75 0.000 9.999 0.259000  0.25 0.000000 0.032 0.000   0.323 0.000   0.452 0.000 999.99 0.259000   6.250 0.000  4.092 0.000   2.158 0.000 0.021 0.000 0.210 0.000
264.333333 265.333333    5.43 0.000   0.41 0.000 0.168 0.000000 99.99 0.259000 0.012 0.000   0.464 0.000   0.649 0.000 999.99 0.259000   4.028 0.000  2.729 0.000   1.298 0.000 0.005 0.000 0.063 0.000
267.333333 268.333333   20.64 0.000   0.40 0.000 9.999 0.259000 99.99 0.259000 0.012 0.000   0.928 0.000   1.299 0.000 999.99 0.259000   4.616 0.000  2.384 0.000   2.232 0.000 0.015 0.000 0.066 0.000
270.333333 271.333333   20.15 0.000   0.45 0.000 9.999 0.259000 99.99 0.259000 0.019 0.000   0.770 0.000   1.078 0.000 999.99 0.259000   4.602 0.000  2.308 0.000   2.294 0.000 0.013 0.000 0.122 0.000
273.333333 274.333333   21.73 0.000   0.27 0.000 9.999 0.259000 99.99 0.259000 0.020 0.000   1.297 0.000   1.817 0.000 999.99 0.259000   5.794 0.000  2.103 0.000   3.691 0.000 0.024 0.000 0.140 0.000
276.333333 277.333333   26.75 0.000   0.68 0.000 9.999 0.259000  0.14 0.000000 0.028 0.000   1.129 0.000   1.581 0.000 999.99 0.259000   6.780 0.000  2.922 0.000   3.858 0.000 0.025 0.000 0.237 0.000
279.333333 280.333333   35.84 0.000   0.60 0.000 9.999 0.259000  0.12 0.000000 0.030 0.000   1.223 0.000   1.713 0.000 999.99 0.259000   7.396 0.000  3.087 0.000   4.309 0.000 0.028 0.000 0.252 0.000
282.333333 283.333333   16.94 0.000   0.49 0.000 9.999 0.259000  0.09 0.000000 0.090 0.000   0.407 0.000   0.570 0.000 999.99 0.259000   3.780 0.000  2.379 0.000   1.401 0.000 0.011 0.000 0.114 0.000
285.333333 286.333333   22.62 0.000   0.66 0.000 0.091 0.000000 99.99 0.259000 0.016 0.000   0.377 0.000   0.528 0.000 999.99 0.259000   5.197 0.000  3.047 0.000   2.150 0.000 0.017 0.000 0.198 0.000
288.333333 289.333333   48.08 0.699   0.81 0.699 0.062 0.699000 99.99 0.699259 0.468 0.000  34.394 0.000  48.151 0.000 999.99 0.699259  69.016 0.000 99.999 0.259  70.194 0.699 0.291 0.699 0.146 0.000
291.333333 292.333333    8.53 0.000   0.48 0.000 9.999 0.259000  0.20 0.000000 0.024 0.000   0.852 0.000   1.193 0.000 999.99 0.259000   2.397 0.000  0.292 0.000   2.105 0.000 0.012 0.000 0.115 0.000
294.333333 295.333333    3.98 0.000   0.58 0.000 9.999 0.259000 99.99 0.259000 0.026 0.000   1.413 0.000   1.978 0.000   1.78 0.000000   3.431 0.000  0.351 0.000   3.079 0.000 0.051 0.000 0.063 0.000
297.333333 298.333333    4.19 0.000   0.56 0.000 0.137 0.000000  0.09 0.000000 0.006 0.000   0.566 0.000   0.792 0.000 999.99 0.259000   1.695 0.000  0.293 0.000   1.401 0.000 0.011 0.000 0.073 0.000
300.333333 301.333333 9999.99 0.999 999.99 0.999 9.999 0.999000 99.99 0.999000 9.999 0.999 999.999 0.999 999.999 0.999 999.99 0.999000 999.999 0.999 99.999 0.999 999.999 0.999 9.999 0.999 9.999 0.999
303.333333 304.333333   24.40 0.000   1.59 0.000 9.999 0.259000 99.99 0.259000 0.034 0.000   1.027 0.000   1.438 0.000 999.99 0.259000   3.968 0.000  0.885 0.000   3.083 0.000 0.028 0.000 0.192 0.000
306.333333 307.333333    8.14 0.000   0.50 0.000 9.999 0.259000 99.99 0.259000 0.021 0.000   0.939 0.000   1.314 0.000 999.99 0.259000   2.948 0.000  0.734 0.000   2.214 0.000 0.016 0.000 0.057 0.000
309.333333 310.333333   14.38 0.000   0.60 0.000 9.999 0.259000 99.99 0.259000 0.080 0.000   0.457 0.000   0.640 0.000 999.99 0.259000   3.844 0.000  1.705 0.000   2.139 0.000 0.014 0.000 0.159 0.000
312.333333 313.333333    8.32 0.000   0.54 0.000 9.999 0.259000  0.11 0.000000 0.086 0.000   3.206 0.000   4.488 0.000 999.99 0.259000   8.400 0.000  1.052 0.000   7.348 0.000 0.072 0.000 0.166 0.000
315.333333 316.333333    3.72 0.000  11.55 0.000 9.999 0.259000 99.99 0.259000 0.034 0.000   1.338 0.000   1.873 0.000 999.99 0.259000   3.556 0.000  0.286 0.000   3.270 0.000 0.037 0.000 0.121 0.000
318.333333 319.333333    3.44 0.000   0.35 0.000 0.086 0.000000 99.99 0.259000 0.093 0.000   0.884 0.000   1.238 0.000 999.99 0.259000   3.472 0.000  0.571 0.000   2.901 0.000 0.008 0.000 0.233 0.000
321.333333 322.333333    4.13 0.000   0.25 0.000 0.139 0.000000  0.09 0.000000 0.026 0.000   0.715 0.000   1.001 0.000 999.99 0.259000   2.671 0.000  0.674 0.000   1.997 0.000 0.009 0.000 0.082 0.000
324.333333 325.333333    4.54 0.000   0.66 0.000 9.999 0.259000 99.99 0.259000 0.029 0.559   0.246 0.000   0.345 0.000 999.99 0.259000   2.079 0.000  0.989 0.000   1.090 0.000 0.007 0.000 0.085 0.559
327.333333 328.333333   11.47 0.000   0.76 0.000 9.999 0.259000 99.99 0.259000 0.063 0.000   0.955 0.000   1.337 0.000 999.99 0.259000   2.921 0.000  1.035 0.000   1.886 0.000 0.031 0.000 0.080 0.000
330.333333 331.333333    8.49 0.000   0.22 0.000 9.999 0.259000 99.99 0.259000 0.007 0.000   0.466 0.000   0.652 0.000 999.99 0.259000   1.984 0.000  1.178 0.000   0.806 0.000 0.006 0.000 0.028 0.000
333.333333 334.333333    3.08 0.000 999.99 0.259 9.999 0.259000 99.99 0.259000 0.010 0.000   0.175 0.000   0.245 0.000 999.99 0.259000   1.164 0.000  0.365 0.000   0.799 0.000 0.006 0.000 0.047 0.000
336.333333 337.333333    2.78 0.000   0.39 0.000 9.999 0.259000 99.99 0.259000 0.035 0.000   0.157 0.000   0.220 0.000   6.27 0.000000   1.539 0.000  0.304 0.000   1.235 0.000 0.007 0.000 0.115 0.000
339.333333 340.333333    9.42 0.000   0.72 0.000 9.999 0.259000 99.99 0.259000 0.117 0.000   0.683 0.000   0.956 0.000 999.99 0.259000   3.307 0.000  0.605 0.000   2.702 0.000 0.017 0.000 0.116 0.000
342.333333 343.333333    1.52 0.000   0.39 0.000 9.999 0.259000 99.99 0.259000 0.010 0.000   0.308 0.000   0.432 0.000 999.99 0.259000   1.123 0.000  0.607 0.000   0.516 0.000 0.007 0.000 0.047 0.000
345.333333 346.333333    2.42 0.000   0.46 0.000 0.167 0.000000 99.99 0.259000 0.004 0.000   0.295 0.000   0.413 0.000 999.99 0.259000   0.776 0.000  0.256 0.000   0.520 0.000 0.006 0.000 0.036 0.000
348.333333 349.333333    6.60 0.000   0.38 0.000 9.999 0.259000  0.18 0.000000 0.005 0.000   0.240 0.000   0.336 0.000 999.99 0.259000   0.940 0.000  0.426 0.000   0.513 0.000 0.007 0.000 0.028 0.000
351.333333 352.333333   11.21 0.000   0.54 0.000 0.103 0.000000 99.99 0.259000 0.061 0.000   0.607 0.000   0.849 0.000 999.99 0.259000   3.762 0.000  1.782 0.000   1.980 0.000 0.015 0.000 0.034 0.000
354.333333 355.333333    8.99 0.000   0.54 0.000 0.291 0.000000  0.18 0.000000 0.047 0.000   0.944 0.000   1.321 0.000 999.99 0.259000   3.411 0.000  1.096 0.000   2.315 0.000 0.018 0.000 0.036 0.000
357.333333 358.333333    3.16 0.000   0.84 0.000 9.999 0.259000 99.99 0.259000 0.025 0.000   0.115 0.000   0.161 0.000 999.99 0.259000   1.027 0.000  0.296 0.000   0.731 0.000 0.008 0.000 0.081 0.000
360.333333 361.333333    3.04 0.000   0.71 0.000 9.999 0.259000  0.20 0.000000 0.008 0.000   0.072 0.000   0.101 0.000 999.99 0.259000   1.233 0.000  0.551 0.000   0.682 0.000 0.008 0.000 0.074 0.000
363.333333 364.333333 9999.99 0.999 999.99 0.999 9.999 0.999000 99.99 0.999000 9.999 0.999 999.999 0.999 999.999 0.999 999.99 0.999000 999.999 0.999 99.999 0.999 999.999 0.999 9.999 0.999 9.999 0.999
