scripts/IMPROVE-2019_partial/data/US0067R.20140102060000.20191216000000.filterpack...52w.3d.US03L_filterpack_US0067.US03L_IMPROVE_Davis.lev2.nas
51 1001
MISSING INFORMATION
US03L, IMPROVE, , , , , , , 
MISSING INFORMATION
IMPROVE sel_HTAP
1 1
2014 01 01 2019 12 16
3.00
days from file reference point
4
1 1 1 1
999.99 9999.999 999.999 9.999
end_time of measurement, days from the file reference point
pm10_mass, ug/m3, Matrix=pm10
pm25_mass, ug/m3, Matrix=pm25
numflag, no unit
0
33
Data definition:              EBAS_1.1
Set type code:                TU
Timezone:                     UTC
File name:                    US0067R.20140102060000.20191216000000.filterpack...52w.3d.US03L_filterpack_US0067.US03L_IMPROVE_Davis.lev2.nas
File creation:                20191218115950
Startdate:                    20140102060000
Revision date:                20191216000000
Version:                      2
Version description:          "Data extracted from http://views.cira.colostate.edu/fed/DataWizard 2019-12-16"
Statistics:                   arithmetic mean
Data level:                   2
Period code:                  52w
Resolution code:              3d
Sample duration:              1d
Orig. time res.:              3d
Station code:                 US0067R
Platform code:                US0067S
Station name:                 Ellis
Station latitude:             36.0853
Station longitude:            -99.9354
Station altitude:             697.0 m
Regime:                       IMG
Component:                    
Unit:                         ug/m3
Matrix:                       
Laboratory code:              US03L
Instrument type:              filterpack
Instrument name:              filterpack_US0067
Method ref:                   US03L_IMPROVE_Davis
Blank correction:             Blank corrected
Volume std. temperature:      ambient
Volume std. pressure:         ambient
starttime endtime PM10 PM2.5 flag
  1.25   2.25 9999.999 999.999 0.456
  4.25   5.25 9999.999 999.999 0.456
  7.25   8.25   13.014   3.619 0.000
 10.25  11.25   13.628   2.476 0.000
 13.25  14.25   12.906   1.631 0.000
 16.25  17.25   42.016   6.010 0.000
 19.25  20.25   46.864   7.553 0.000
 22.25  23.25   16.409   2.572 0.000
 25.25  26.25   21.068   2.441 0.000
 28.25  29.25   18.084   2.630 0.000
 31.25  32.25   16.829   8.049 0.000
 34.25  35.25    8.597   6.894 0.000
 37.25  38.25   14.447  10.161 0.000
 40.25  41.25   12.659  10.343 0.000
 43.25  44.25    4.242   1.850 0.000
 46.25  47.25   10.214   4.174 0.000
 49.25  50.25   17.692   4.761 0.000
 52.25  53.25   17.759   2.516 0.000
 55.25  56.25   34.595   9.265 0.000
 58.25  59.25   31.279   7.084 0.000
 61.25  62.25    8.861   3.887 0.000
 64.25  65.25   14.416   8.087 0.000
 67.25  68.25   14.379   3.262 0.000
 70.25  71.25   19.673   3.141 0.000
 73.25  74.25   34.853   6.851 0.000
 76.25  77.25  151.618  13.464 0.000
 79.25  80.25   48.278   7.796 0.000
 82.25  83.25   33.749   6.525 0.000
 85.25  86.25   33.116   6.819 0.000
 88.25  89.25   31.325   6.370 0.000
 91.25  92.25   35.011   7.704 0.000
 94.25  95.25   13.563   4.684 0.000
 97.25  98.25   11.566   3.211 0.000
100.25 101.25   29.322  11.790 0.000
103.25 104.25    6.232   2.607 0.000
106.25 107.25   20.387   8.596 0.000
109.25 110.25   12.505   7.820 0.000
112.25 113.25   27.122   7.622 0.000
115.25 116.25   34.489  10.415 0.000
118.25 119.25   46.734   3.827 0.000
121.25 122.25   24.992   4.466 0.000
124.25 125.25   32.573   6.607 0.000
127.25 128.25   30.289   6.868 0.000
130.25 131.25   43.333   8.766 0.000
133.25 134.25   25.070   5.010 0.000
136.25 137.25   14.918   6.178 0.000
139.25 140.25   28.872   9.266 0.000
142.25 143.25   14.862   4.938 0.000
145.25 146.25    5.914   3.118 0.000
148.25 149.25   75.647   9.436 0.000
151.25 152.25   18.974   8.559 0.000
154.25 155.25   20.723   5.802 0.000
157.25 158.25   10.297   2.836 0.000
160.25 161.25    9.287   4.712 0.000
163.25 164.25   13.078   4.904 0.000
166.25 167.25   33.620  13.142 0.000
169.25 170.25 9999.999 999.999 0.999
172.25 173.25 9999.999 999.999 0.999
175.25 176.25    7.444   3.402 0.000
178.25 179.25   16.076   8.962 0.000
181.25 182.25    6.161   2.290 0.000
184.25 185.25   25.021  11.007 0.000
187.25 188.25   18.257   7.742 0.000
190.25 191.25   24.075   9.488 0.000
193.25 194.25   26.140   8.636 0.000
196.25 197.25   10.324   4.589 0.000
199.25 200.25    6.992   4.093 0.000
202.25 203.25   28.757  14.849 0.000
205.25 206.25   23.404  11.977 0.000
208.25 209.25   13.163   6.564 0.000
211.25 212.25   18.371   6.342 0.000
214.25 215.25   14.426   8.188 0.000
217.25 218.25   52.322  14.357 0.000
220.25 221.25   12.394   5.258 0.000
223.25 224.25   24.586   6.886 0.000
226.25 227.25   30.548   8.781 0.000
229.25 230.25   23.279   6.224 0.000
232.25 233.25   27.560  12.685 0.000
235.25 236.25   24.719  10.737 0.000
238.25 239.25   17.866  11.055 0.000
241.25 242.25   11.466   5.737 0.000
244.25 245.25   17.700   7.306 0.000
247.25 248.25   16.686   4.208 0.000
250.25 251.25   11.018   6.613 0.000
253.25 254.25   18.213   3.804 0.000
256.25 257.25    6.459   2.809 0.000
259.25 260.25   18.154   6.905 0.000
262.25 263.25   13.264   5.500 0.000
265.25 266.25   22.971   7.289 0.000
268.25 269.25   16.841   7.279 0.000
271.25 272.25   20.670  11.176 0.000
274.25 275.25   18.347   2.901 0.000
277.25 278.25   30.103   4.767 0.000
280.25 281.25   25.857   7.381 0.000
283.25 284.25    6.518   2.264 0.000
286.25 287.25    9.492   1.790 0.000
289.25 290.25   23.037   3.271 0.000
292.25 293.25   19.213   9.803 0.000
295.25 296.25   14.580  10.227 0.000
298.25 299.25   17.083   4.752 0.000
301.25 302.25   19.598   2.496 0.000
304.25 305.25   21.311   3.799 0.000
307.25 308.25    7.014   1.391 0.000
310.25 311.25   13.584   2.354 0.000
313.25 314.25   43.730   4.469 0.000
316.25 317.25   15.495   2.259 0.000
319.25 320.25   15.719   3.693 0.000
322.25 323.25   13.284   2.235 0.000
325.25 326.25    5.096   3.598 0.000
328.25 329.25    7.281   0.909 0.000
331.25 332.25   15.114   2.915 0.000
334.25 335.25   13.731   2.328 0.000
337.25 338.25    9.662   7.292 0.000
340.25 341.25    3.598   2.797 0.000
343.25 344.25    9.952   7.720 0.000
346.25 347.25    7.560   5.700 0.000
349.25 350.25    3.603   0.630 0.000
352.25 353.25    4.932   4.117 0.000
355.25 356.25    4.191   1.724 0.000
358.25 359.25 9999.999 999.999 0.999
361.25 362.25 9999.999 999.999 0.999
364.25 365.25    8.709   3.551 0.000
