scripts/IMPROVE-2019_partial/data/US0052R.20070103060000.20191216000000.filterpack...1y.3d.US03L_filterpack_US0052.US03L_IMPROVE_Davis.lev2.nas
51 1001
MISSING INFORMATION
US03L, IMPROVE, , , , , , , 
MISSING INFORMATION
IMPROVE sel_HTAP
1 1
2007 01 01 2019 12 16
3.00
days from file reference point
4
1 1 1 1
999.99 999.999 999.999 9.999
end_time of measurement, days from the file reference point
pm10_mass, ug/m3, Matrix=pm10
pm25_mass, ug/m3, Matrix=pm25
numflag, no unit
0
33
Data definition:              EBAS_1.1
Set type code:                TU
Timezone:                     UTC
File name:                    US0052R.20070103060000.20191216000000.filterpack...1y.3d.US03L_filterpack_US0052.US03L_IMPROVE_Davis.lev2.nas
File creation:                20191218115835
Startdate:                    20070103060000
Revision date:                20191216000000
Version:                      2
Version description:          "Data extracted from http://views.cira.colostate.edu/fed/DataWizard 2019-12-16"
Statistics:                   arithmetic mean
Data level:                   2
Period code:                  1y
Resolution code:              3d
Sample duration:              1d
Orig. time res.:              3d
Station code:                 US0052R
Platform code:                US0052S
Station name:                 Hercules-Glades
Station latitude:             36.6138
Station longitude:            -92.9221
Station altitude:             404.0 m
Regime:                       IMG
Component:                    
Unit:                         ug/m3
Matrix:                       
Laboratory code:              US03L
Instrument type:              filterpack
Instrument name:              filterpack_US0052
Method ref:                   US03L_IMPROVE_Davis
Blank correction:             Blank corrected
Volume std. temperature:      ambient
Volume std. pressure:         ambient
starttime endtime PM10 PM2.5 flag
  2.25   3.25   6.410   4.904 0.000
  5.25   6.25   4.775   3.352 0.000
  8.25   9.25   9.806   1.990 0.000
 11.25  12.25   6.700   4.148 0.000
 14.25  15.25   6.975   5.867 0.000
 17.25  18.25  12.215  10.052 0.000
 20.25  21.25   4.348   3.410 0.000
 23.25  24.25  12.556   8.927 0.000
 26.25  27.25   5.742   3.300 0.000
 29.25  30.25   6.976   3.165 0.000
 32.25  33.25  11.313   7.907 0.000
 35.25  36.25   8.375   4.182 0.000
 38.25  39.25   9.368   5.653 0.000
 41.25  42.25  18.884  13.972 0.000
 44.25  45.25   5.745   4.418 0.000
 47.25  48.25  10.995   6.902 0.000
 50.25  51.25  16.366   7.351 0.000
 53.25  54.25  10.505   5.427 0.000
 56.25  57.25   6.053   4.447 0.000
 59.25  60.25  13.433   7.521 0.000
 62.25  63.25   7.001   3.966 0.000
 65.25  66.25  28.918  18.655 0.000
 68.25  69.25  17.598  14.797 0.000
 71.25  72.25  20.176  13.926 0.000
 74.25  75.25   7.220   3.942 0.000
 77.25  78.25  19.098  14.935 0.000
 80.25  81.25  20.430  15.219 0.000
 83.25  84.25  17.791  10.733 0.000
 86.25  87.25  10.309   6.764 0.000
 89.25  90.25  12.094   6.383 0.000
 92.25  93.25  15.465   8.282 0.000
 95.25  96.25  15.012   6.934 0.000
 98.25  99.25  15.585   8.695 0.000
101.25 102.25  11.883   9.549 0.000
104.25 105.25  10.713   7.588 0.000
107.25 108.25  13.807   8.543 0.000
110.25 111.25  25.063  15.136 0.000
113.25 114.25  18.802  13.760 0.000
116.25 117.25   8.672   5.082 0.000
119.25 120.25  16.186   9.846 0.000
122.25 123.25  15.765  10.048 0.000
125.25 126.25  14.970   9.985 0.000
128.25 129.25  14.619   7.590 0.000
131.25 132.25  19.916   9.950 0.000
134.25 135.25  21.410   9.976 0.000
137.25 138.25  12.176   4.435 0.000
140.25 141.25  23.477  13.465 0.000
143.25 144.25  16.585   8.750 0.000
146.25 147.25  27.171  20.334 0.000
149.25 150.25  18.571  12.603 0.000
152.25 153.25  11.873   6.855 0.000
155.25 156.25  16.829   8.687 0.000
158.25 159.25  15.447   5.776 0.000
161.25 162.25  14.939  10.124 0.000
164.25 165.25  34.653  27.253 0.000
167.25 168.25  19.911  14.256 0.000
170.25 171.25  12.346   6.668 0.000
173.25 174.25  12.677   7.595 0.000
176.25 177.25  19.571  10.829 0.000
179.25 180.25  28.443  16.830 0.000
182.25 183.25  23.754  17.654 0.000
185.25 186.25  13.608   8.601 0.000
188.25 189.25  18.378  13.433 0.000
191.25 192.25  15.090   5.279 0.000
194.25 195.25  10.152   6.320 0.000
197.25 198.25  14.239   8.281 0.000
200.25 201.25  14.609   8.293 0.000
203.25 204.25  16.206  11.588 0.000
206.25 207.25  32.160  24.790 0.000
209.25 210.25  17.185  12.804 0.000
212.25 213.25  33.429  30.078 0.000
215.25 216.25  23.536  18.594 0.000
218.25 219.25  19.789   9.956 0.000
221.25 222.25  16.960   8.797 0.000
224.25 225.25  24.340  11.404 0.000
227.25 228.25  30.998  20.948 0.000
230.25 231.25  19.813  12.807 0.000
233.25 234.25  13.519   7.048 0.000
236.25 237.25   6.956   3.965 0.000
239.25 240.25  18.026  10.729 0.000
242.25 243.25  14.877   7.509 0.000
245.25 246.25  30.964  24.329 0.000
248.25 249.25  10.248   6.793 0.000
251.25 252.25   9.357   6.468 0.000
254.25 255.25   3.807   4.490 0.000
257.25 258.25  13.899   2.792 0.000
260.25 261.25  24.510  14.178 0.000
263.25 264.25  26.266  19.459 0.000
266.25 267.25  13.021   9.193 0.000
269.25 270.25   7.389   4.072 0.000
272.25 273.25  19.972  12.883 0.000
275.25 276.25   6.030   2.890 0.000
278.25 279.25  10.864   6.966 0.000
281.25 282.25   7.934   3.990 0.000
284.25 285.25   7.923   3.044 0.000
287.25 288.25   8.771   5.390 0.000
290.25 291.25  14.915   4.792 0.000
293.25 294.25  13.455   6.108 0.000
296.25 297.25   8.550   2.753 0.000
299.25 300.25  12.749   6.818 0.000
302.25 303.25  11.223   7.703 0.000
305.25 306.25  14.974   6.534 0.000
308.25 309.25  22.668  11.147 0.000
311.25 312.25  20.476   7.788 0.000
314.25 315.25  21.087  12.875 0.000
317.25 318.25  15.498   5.443 0.000
320.25 321.25  20.455   7.422 0.000
323.25 324.25  13.428   9.369 0.000
326.25 327.25   7.956   5.923 0.000
329.25 330.25   6.831   4.937 0.000
332.25 333.25   8.077   2.171 0.000
335.25 336.25  12.509   9.768 0.000
338.25 339.25  13.485   8.353 0.000
341.25 342.25   5.734   4.891 0.000
344.25 345.25   2.111   1.500 0.000
347.25 348.25   9.581   7.412 0.000
350.25 351.25   5.718   3.467 0.000
353.25 354.25   7.573   6.182 0.000
356.25 357.25   5.252   2.522 0.000
359.25 360.25   5.518   3.910 0.000
362.25 363.25   7.965   5.639 0.000
