scripts/IMPROVE-2019_partial/data/US0030R.20150103100000.20191216000000.filterpack...1y.3d.US03L_filterpack_US0030.US03L_IMPROVE_Davis.lev2.nas
52 1001
MISSING INFORMATION
US03L, IMPROVE, , , , , , , 
MISSING INFORMATION
IMPROVE sel_HTAP
1 1
2015 01 01 2019 12 16
3.000000
days from file reference point
5
1 1 1 1 1
999.999999 99.999 9.999 99.999 9.999
end_time of measurement, days from the file reference point
pm10_mass, ug/m3, Matrix=pm10
numflag pm10_mass, no unit, Matrix=pm10
pm25_mass, ug/m3, Matrix=pm25
numflag pm25_mass, no unit, Matrix=pm25
0
33
Data definition:              EBAS_1.1
Set type code:                TU
Timezone:                     UTC
File name:                    US0030R.20150103100000.20191216000000.filterpack...1y.3d.US03L_filterpack_US0030.US03L_IMPROVE_Davis.lev2.nas
File creation:                20191218115725
Startdate:                    20150103100000
Revision date:                20191216000000
Version:                      2
Version description:          "Data extracted from http://views.cira.colostate.edu/fed/DataWizard 2019-12-16"
Statistics:                   arithmetic mean
Data level:                   2
Period code:                  1y
Resolution code:              3d
Sample duration:              1d
Orig. time res.:              3d
Station code:                 US0030R
Platform code:                US0030S
Station name:                 Haleakala Crater
Station latitude:             20.7585
Station longitude:            -156.2479
Station altitude:             2158.0 m
Regime:                       IMG
Component:                    
Unit:                         ug/m3
Matrix:                       
Laboratory code:              US03L
Instrument type:              filterpack
Instrument name:              filterpack_US0030
Method ref:                   US03L_IMPROVE_Davis
Blank correction:             Blank corrected
Volume std. temperature:      ambient
Volume std. pressure:         ambient
starttime endtime PM10 flag_PM10 PM2.5 flag_PM2.5
  2.416667   3.416667 99.999 0.999 99.999 0.999
  5.416667   6.416667 99.999 0.999 99.999 0.999
  8.416667   9.416667  1.582 0.000  0.699 0.000
 11.416667  12.416667  1.136 0.000  0.941 0.000
 14.416667  15.416667  1.542 0.000  1.397 0.000
 17.416667  18.416667  2.718 0.000  1.761 0.000
 20.416667  21.416667  0.282 0.000  0.119 0.000
 23.416667  24.416667  0.243 0.000  0.090 0.000
 26.416667  27.416667  1.901 0.000  0.454 0.000
 29.416667  30.416667  4.075 0.000  1.678 0.000
 32.416667  33.416667  1.341 0.000  0.239 0.000
 35.416667  36.416667 99.999 0.999 99.999 0.999
 38.416667  39.416667  6.556 0.000  3.892 0.000
 41.416667  42.416667 99.999 0.999 99.999 0.999
 44.416667  45.416667 99.999 0.999 99.999 0.999
 47.416667  48.416667 99.999 0.999 99.999 0.999
 50.416667  51.416667  1.615 0.000  0.539 0.000
 53.416667  54.416667  1.791 0.000  1.327 0.000
 56.416667  57.416667  3.180 0.000  1.992 0.000
 59.416667  60.416667  1.100 0.000  0.726 0.000
 62.416667  63.416667  1.267 0.000  0.696 0.000
 65.416667  66.416667  3.259 0.000  1.429 0.000
 68.416667  69.416667  3.222 0.000  1.764 0.000
 71.416667  72.416667 99.999 0.999 99.999 0.999
 74.416667  75.416667 99.999 0.999 99.999 0.999
 77.416667  78.416667 99.999 0.999 99.999 0.999
 80.416667  81.416667 99.999 0.999 99.999 0.999
 83.416667  84.416667 99.999 0.999 99.999 0.999
 86.416667  87.416667 99.999 0.999 99.999 0.999
 89.416667  90.416667 99.999 0.999 99.999 0.999
 92.416667  93.416667  7.073 0.000  3.120 0.000
 95.416667  96.416667  6.366 0.000  2.592 0.000
 98.416667  99.416667  2.856 0.000  1.444 0.000
101.416667 102.416667  2.487 0.000  0.968 0.000
104.416667 105.416667 99.999 0.999 99.999 0.999
107.416667 108.416667  5.250 0.000  2.329 0.000
110.416667 111.416667  4.944 0.000  2.195 0.000
113.416667 114.416667  6.587 0.000  3.640 0.000
116.416667 117.416667  0.326 0.000  0.212 0.000
119.416667 120.416667  2.897 0.000  1.386 0.000
122.416667 123.416667  4.267 0.000  2.381 0.000
125.416667 126.416667  4.947 0.000  2.390 0.000
128.416667 129.416667  3.000 0.000  1.688 0.000
131.416667 132.416667  4.210 0.000  1.992 0.000
134.416667 135.416667  4.230 0.000  2.288 0.000
137.416667 138.416667  7.175 0.000  3.417 0.000
140.416667 141.416667  2.998 0.000  1.359 0.000
143.416667 144.416667  4.543 0.000  2.641 0.000
146.416667 147.416667  1.725 0.000  0.821 0.000
149.416667 150.416667  0.882 0.000  0.447 0.000
152.416667 153.416667  4.825 0.000  3.208 0.000
155.416667 156.416667  3.984 0.000  2.266 0.000
158.416667 159.416667  1.285 0.000  0.781 0.000
161.416667 162.416667 99.999 0.999 99.999 0.999
164.416667 165.416667  2.212 0.000  1.264 0.000
167.416667 168.416667  0.691 0.000  0.302 0.000
170.416667 171.416667  2.741 0.000  1.135 0.000
173.416667 174.416667  2.087 0.000  0.995 0.000
176.416667 177.416667  5.165 0.000  2.094 0.000
179.416667 180.416667  5.257 0.000  2.521 0.000
182.416667 183.416667  7.436 0.000  4.971 0.000
185.416667 186.416667  2.419 0.000  1.164 0.000
188.416667 189.416667  1.292 0.000  0.534 0.000
191.416667 192.416667  1.207 0.000  0.565 0.000
194.416667 195.416667  1.248 0.000  0.683 0.000
197.416667 198.416667 99.999 0.999 99.999 0.999
200.416667 201.416667 99.999 0.999 99.999 0.999
203.416667 204.416667  3.067 0.000  1.277 0.000
206.416667 207.416667  1.698 0.000  0.714 0.000
209.416667 210.416667  3.353 0.000  2.055 0.000
212.416667 213.416667  1.491 0.000  0.714 0.000
215.416667 216.416667  0.685 0.000  0.299 0.000
218.416667 219.416667 99.999 0.999 99.999 0.999
221.416667 222.416667 99.999 0.999 99.999 0.999
224.416667 225.416667  0.849 0.000  0.415 0.000
227.416667 228.416667  2.055 0.000  1.041 0.000
230.416667 231.416667  2.404 0.000  1.508 0.000
233.416667 234.416667  4.735 0.000  3.548 0.000
236.416667 237.416667 99.999 0.999 99.999 0.999
239.416667 240.416667  2.399 0.000  1.373 0.000
242.416667 243.416667  0.769 0.000  0.271 0.000
245.416667 246.416667  3.340 0.000  2.876 0.000
248.416667 249.416667  2.495 0.000  1.609 0.000
251.416667 252.416667  1.426 0.000  0.844 0.000
254.416667 255.416667  1.871 0.000  1.174 0.000
257.416667 258.416667  0.711 0.000  0.185 0.000
260.416667 261.416667  1.343 0.000  0.420 0.000
263.416667 264.416667  0.733 0.000  0.299 0.000
266.416667 267.416667  0.733 0.000  0.598 0.000
269.416667 270.416667  0.531 0.000  0.060 0.000
272.416667 273.416667  1.471 0.000  0.509 0.000
275.416667 276.416667  2.125 0.000  1.298 0.000
278.416667 279.416667  1.152 0.000  0.793 0.000
281.416667 282.416667  5.657 0.000  4.268 0.000
284.416667 285.416667  2.395 0.000  1.190 0.000
287.416667 288.416667  1.196 0.000  0.502 0.000
290.416667 291.416667  0.741 0.000  0.499 0.000
293.416667 294.416667  1.517 0.000  0.909 0.000
296.416667 297.416667  0.694 0.000  0.282 0.000
299.416667 300.416667  1.762 0.000  0.855 0.000
302.416667 303.416667  3.130 0.000 99.999 0.456
305.416667 306.416667  2.869 0.000  1.094 0.000
308.416667 309.416667 99.999 0.456 99.999 0.999
311.416667 312.416667 99.999 0.456 99.999 0.999
314.416667 315.416667  1.359 0.000  0.657 0.000
317.416667 318.416667  1.357 0.000  0.686 0.000
320.416667 321.416667  1.714 0.000  0.838 0.000
323.416667 324.416667  1.523 0.000  0.629 0.000
326.416667 327.416667  0.392 0.000  0.253 0.000
329.416667 330.416667  0.347 0.000  0.250 0.000
332.416667 333.416667  0.999 0.000  0.437 0.000
335.416667 336.416667  1.610 0.000  0.840 0.000
338.416667 339.416667  1.692 0.000  0.876 0.000
341.416667 342.416667  0.476 0.000  0.247 0.000
344.416667 345.416667  1.386 0.000  0.406 0.000
347.416667 348.416667  1.124 0.000  0.719 0.000
350.416667 351.416667  1.512 0.000  0.673 0.000
353.416667 354.416667  2.174 0.000  0.911 0.000
356.416667 357.416667  1.836 0.000  0.971 0.000
359.416667 360.416667  0.699 0.000  0.188 0.000
362.416667 363.416667  3.372 0.000  3.046 0.000
