scripts/IMPROVE-2019_partial/data/US0086R.19940101050000.20191216000000.filterpack...1y.3d.US03L_filterpack_US0086.US03L_IMPROVE_Davis.lev2.nas
51 1001
MISSING INFORMATION
US03L, IMPROVE, , , , , , , 
MISSING INFORMATION
IMPROVE sel_HTAP
1 1
1994 01 01 2019 12 16
0
days from file reference point
4
1 1 1 1
999.999999 999.999 999.999 9.999
end_time of measurement, days from the file reference point
pm10_mass, ug/m3, Matrix=pm10
pm25_mass, ug/m3, Matrix=pm25
numflag, no unit
0
33
Data definition:              EBAS_1.1
Set type code:                TI
Timezone:                     UTC
File name:                    US0086R.19940101050000.20191216000000.filterpack...1y.3d.US03L_filterpack_US0086.US03L_IMPROVE_Davis.lev2.nas
File creation:                20191218120111
Startdate:                    19940101050000
Revision date:                20191216000000
Version:                      2
Version description:          "Data extracted from http://views.cira.colostate.edu/fed/DataWizard 2019-12-16"
Statistics:                   arithmetic mean
Data level:                   2
Period code:                  1y
Resolution code:              3d
Sample duration:              1d
Orig. time res.:              3d
Station code:                 US0086R
Platform code:                US0086S
Station name:                 Dolly Sods Wilderness
Station latitude:             39.1053
Station longitude:            -79.4261
Station altitude:             1182.0 m
Regime:                       IMG
Component:                    
Unit:                         ug/m3
Matrix:                       
Laboratory code:              US03L
Instrument type:              filterpack
Instrument name:              filterpack_US0086
Method ref:                   US03L_IMPROVE_Davis
Blank correction:             Blank corrected
Volume std. temperature:      ambient
Volume std. pressure:         ambient
starttime endtime PM10 PM2.5 flag
  0.208333   1.208333  11.250   2.229 0.000
  4.208333   5.208333   9.746   8.786 0.000
  7.208333   8.208333   9.322   7.460 0.000
 11.208333  12.208333 999.999   3.481 0.000
 14.208333  15.208333  13.244  11.100 0.000
 18.208333  19.208333   6.096   5.469 0.000
 21.208333  22.208333  17.149  12.516 0.000
 25.208333  26.208333   4.800 999.999 0.000
 28.208333  29.208333  12.800  10.839 0.000
 32.208333  33.208333   9.914   7.492 0.000
 35.208333  36.208333  21.207  15.862 0.000
 39.208333  40.208333   9.620   6.062 0.000
 42.208333  43.208333   5.316   2.081 0.000
 46.208333  47.208333  19.180   9.358 0.000
 49.208333  50.208333  18.279   7.174 0.000
 53.208333  54.208333   5.833   2.105 0.000
 56.208333  57.208333  19.394  11.019 0.000
 60.208333  61.208333  17.830  10.784 0.000
 63.208333  64.208333  20.213  16.708 0.000
 67.208333  68.208333   6.970   5.472 0.000
 70.208333  71.208333  16.797  10.032 0.000
 74.208333  75.208333  15.022   8.738 0.000
 77.208333  78.208333  15.727  13.218 0.000
 81.208333  82.208333  11.106   6.824 0.000
 84.208333  85.208333  12.043   9.748 0.000
 88.208333  89.208333  17.787  10.332 0.000
 91.208333  92.208333  18.498  10.492 0.000
 95.208333  96.208333  15.418   6.806 0.000
 98.208333  99.208333  21.155  10.091 0.000
102.208333 103.208333   7.817   6.985 0.000
105.208333 106.208333  10.794   3.743 0.000
109.208333 110.208333  16.056   6.429 0.000
112.208333 113.208333   9.641   4.724 0.000
116.208333 117.208333  13.482  10.588 0.000
119.208333 120.208333  12.551   9.564 0.000
123.208333 124.208333  11.943   3.086 0.000
126.208333 127.208333  10.445   5.309 0.000
130.208333 131.208333  24.255   8.822 0.000
133.208333 134.208333  18.511   9.935 0.000
137.208333 138.208333  15.394  12.994 0.000
140.208333 141.208333  19.370   7.216 0.000
144.208333 145.208333  38.937  24.024 0.000
147.208333 148.208333  14.016   8.559 0.000
151.208333 152.208333  24.806  15.904 0.000
154.208333 155.208333  26.512  18.824 0.000
158.208333 159.208333 999.999  29.940 0.000
161.208333 162.208333  78.471  26.867 0.000
165.208333 166.208333  34.190  25.680 0.000
168.208333 169.208333 999.999 999.999 0.999
172.208333 173.208333  27.769  20.030 0.000
175.208333 176.208333  15.498  10.363 0.000
179.208333 180.208333  23.831  19.252 0.000
182.208333 183.208333  22.299  19.461 0.000
186.208333 187.208333  28.783  26.465 0.000
189.208333 190.208333  14.612  12.036 0.000
193.208333 194.208333  23.270  21.198 0.000
196.208333 197.208333  27.376  24.114 0.000
200.208333 201.208333  23.140  16.037 0.000
203.208333 204.208333  28.721  23.302 0.000
207.208333 208.208333  11.744  10.030 0.000
210.208333 211.208333  23.023  21.617 0.000
214.208333 215.208333  70.000  61.125 0.000
217.208333 218.208333  11.027   6.149 0.000
221.208333 222.208333  45.394  37.926 0.000
224.208333 225.208333  37.559  32.722 0.000
228.208333 229.208333  11.240   4.620 0.000
231.208333 232.208333  35.840  31.503 0.000
235.208333 236.208333  27.216  21.610 0.000
238.208333 239.208333  59.467  55.968 0.000
242.208333 243.208333  18.099  14.953 0.000
245.208333 246.208333  14.917  11.254 0.000
249.208333 250.208333  27.778  22.756 0.000
252.208333 253.208333  39.414  35.226 0.000
256.208333 257.208333  43.595  38.778 0.000
259.208333 260.208333  32.269  26.571 0.000
263.208333 264.208333  17.650  12.778 0.000
266.208333 267.208333  11.282   7.662 0.000
270.208333 271.208333  16.770  13.762 0.000
273.208333 274.208333  20.442  15.413 0.000
277.208333 278.208333  11.845  11.238 0.000
280.208333 281.208333  13.506  11.148 0.000
284.208333 285.208333   8.395   4.969 0.000
287.208333 288.208333  12.387   7.994 0.000
291.208333 292.208333  11.015   6.124 0.000
294.208333 295.208333  15.305  11.716 0.000
298.208333 299.208333  14.182   8.423 0.000
301.208333 302.208333  10.773   6.892 0.000
305.208333 306.208333   4.843   3.776 0.000
308.208333 309.208333  13.543   9.400 0.000
312.208333 313.208333 999.999 999.999 0.999
315.208333 316.208333  19.177   4.257 0.000
319.208333 320.208333   2.909   2.061 0.000
322.208333 323.208333   8.909   6.655 0.000
326.208333 327.208333   8.571   4.456 0.000
329.208333 330.208333  10.599   8.253 0.000
333.208333 334.208333   7.143   3.906 0.000
336.208333 337.208333   6.452   4.276 0.000
340.208333 341.208333   7.431   5.872 0.000
343.208333 344.208333   1.330   1.100 0.000
347.208333 348.208333   4.538   2.539 0.000
350.208333 351.208333  10.210   4.483 0.000
354.208333 355.208333   5.020   1.346 0.000
357.208333 358.208333  13.429  10.336 0.000
361.208333 362.208333  13.000   9.519 0.000
364.208333 365.208333   3.734   1.720 0.000
