scripts/IMPROVE-2019_partial/data/US0014R.20090101070000.20191216000000.filterpack...52w.3d.US03L_filterpack_US0014.US03L_IMPROVE_Davis.lev2.nas
51 1001
MISSING INFORMATION
US03L, IMPROVE, , , , , , , 
MISSING INFORMATION
IMPROVE sel_HTAP
1 1
2009 01 01 2019 12 16
3.000000
days from file reference point
4
1 1 1 1
999.999999 999.999 99.999 9.999
end_time of measurement, days from the file reference point
pm10_mass, ug/m3, Matrix=pm10
pm25_mass, ug/m3, Matrix=pm25
numflag, no unit
0
33
Data definition:              EBAS_1.1
Set type code:                TU
Timezone:                     UTC
File name:                    US0014R.20090101070000.20191216000000.filterpack...52w.3d.US03L_filterpack_US0014.US03L_IMPROVE_Davis.lev2.nas
File creation:                20191218115620
Startdate:                    20090101070000
Revision date:                20191216000000
Version:                      2
Version description:          "Data extracted from http://views.cira.colostate.edu/fed/DataWizard 2019-12-16"
Statistics:                   arithmetic mean
Data level:                   2
Period code:                  52w
Resolution code:              3d
Sample duration:              1d
Orig. time res.:              3d
Station code:                 US0014R
Platform code:                US0014S
Station name:                 Indian Gardens
Station latitude:             36.0778
Station longitude:            -112.1288
Station altitude:             1166.0 m
Regime:                       IMG
Component:                    
Unit:                         ug/m3
Matrix:                       
Laboratory code:              US03L
Instrument type:              filterpack
Instrument name:              filterpack_US0014
Method ref:                   US03L_IMPROVE_Davis
Blank correction:             Blank corrected
Volume std. temperature:      ambient
Volume std. pressure:         ambient
starttime endtime PM10 PM2.5 flag
  0.291667   1.291667   2.441  1.887 0.000
  3.291667   4.291667   1.343  0.919 0.000
  6.291667   7.291667   0.838  0.544 0.000
  9.291667  10.291667   1.344  0.512 0.000
 12.291667  13.291667   2.148  0.781 0.000
 15.291667  16.291667   1.425  1.052 0.000
 18.291667  19.291667   1.922  0.990 0.000
 21.291667  22.291667   5.470  3.126 0.000
 24.291667  25.291667   2.687  1.873 0.000
 27.291667  28.291667   1.892  1.152 0.000
 30.291667  31.291667   2.045  1.147 0.000
 33.291667  34.291667   1.704  0.902 0.000
 36.291667  37.291667   5.857  1.972 0.000
 39.291667  40.291667   0.921  0.609 0.000
 42.291667  43.291667   2.438  1.247 0.000
 45.291667  46.291667   1.552  0.911 0.000
 48.291667  49.291667   1.799  1.052 0.000
 51.291667  52.291667   3.532  1.710 0.000
 54.291667  55.291667   2.393  1.220 0.000
 57.291667  58.291667   8.406  3.184 0.000
 60.291667  61.291667   7.551  2.484 0.000
 63.291667  64.291667   5.852  2.256 0.000
 66.291667  67.291667   5.034  2.042 0.000
 69.291667  70.291667   8.213  2.814 0.000
 72.291667  73.291667   7.269  2.478 0.000
 75.291667  76.291667   9.322  3.395 0.000
 78.291667  79.291667  10.399  4.799 0.000
 81.291667  82.291667  18.026  5.042 0.000
 84.291667  85.291667  25.319  6.151 0.000
 87.291667  88.291667  13.245  4.356 0.000
 90.291667  91.291667  21.342  5.269 0.000
 93.291667  94.291667   3.520  1.569 0.000
 96.291667  97.291667   5.149  2.251 0.000
 99.291667 100.291667  13.994  3.395 0.000
102.291667 103.291667   2.546  1.486 0.000
105.291667 106.291667   6.756  2.642 0.000
108.291667 109.291667   5.037  2.627 0.000
111.291667 112.291667   9.037  2.626 0.000
114.291667 115.291667  10.989  4.090 0.000
117.291667 118.291667  13.633  5.201 0.000
120.291667 121.291667  13.842  7.728 0.000
123.291667 124.291667  19.014  7.188 0.000
126.291667 127.291667  19.037  6.519 0.000
129.291667 130.291667 999.999 99.999 0.999
132.291667 133.291667  24.375  9.394 0.000
135.291667 136.291667  16.483  7.524 0.000
138.291667 139.291667  15.137  8.313 0.000
141.291667 142.291667   7.227  4.113 0.000
144.291667 145.291667   8.162  4.153 0.000
147.291667 148.291667  10.888  4.266 0.000
150.291667 151.291667 999.999 99.999 0.999
153.291667 154.291667  10.022  2.517 0.000
156.291667 157.291667  11.068  3.229 0.000
159.291667 160.291667   9.931  2.636 0.000
162.291667 163.291667  15.405  5.660 0.000
165.291667 166.291667  12.986  5.389 0.000
168.291667 169.291667  19.638  7.030 0.000
171.291667 172.291667 999.999 99.999 0.999
174.291667 175.291667 999.999 99.999 0.999
177.291667 178.291667 999.999 99.999 0.999
180.291667 181.291667 999.999 99.999 0.999
183.291667 184.291667 999.999 99.999 0.999
186.291667 187.291667 999.999 99.999 0.999
189.291667 190.291667 999.999 99.999 0.999
192.291667 193.291667 999.999 99.999 0.999
195.291667 196.291667 999.999 99.999 0.999
198.291667 199.291667 999.999 99.999 0.999
201.291667 202.291667 999.999 99.999 0.999
204.291667 205.291667 999.999 99.999 0.999
207.291667 208.291667 999.999 99.999 0.999
210.291667 211.291667 999.999 99.999 0.999
213.291667 214.291667 999.999 99.999 0.999
216.291667 217.291667 999.999 99.999 0.999
219.291667 220.291667 999.999 99.999 0.999
222.291667 223.291667 999.999 99.999 0.999
225.291667 226.291667 999.999 99.999 0.999
228.291667 229.291667 999.999 99.999 0.999
231.291667 232.291667  17.254  5.914 0.000
234.291667 235.291667 999.999 99.999 0.999
237.291667 238.291667   8.572  3.835 0.000
240.291667 241.291667  12.902  4.038 0.000
243.291667 244.291667  11.220  5.477 0.000
246.291667 247.291667   9.629  5.000 0.000
249.291667 250.291667  13.711  4.109 0.000
252.291667 253.291667  11.281  3.541 0.000
255.291667 256.291667  10.904  3.525 0.000
258.291667 259.291667  11.747  3.574 0.000
261.291667 262.291667  17.572  4.975 0.000
264.291667 265.291667   4.057  1.682 0.000
267.291667 268.291667  19.200  5.420 0.000
270.291667 271.291667  20.934  6.033 0.000
273.291667 274.291667  15.239  5.164 0.000
276.291667 277.291667  34.032  5.909 0.000
279.291667 280.291667  11.478  3.529 0.000
282.291667 283.291667  20.402  4.325 0.000
285.291667 286.291667  11.254  3.070 0.000
288.291667 289.291667  13.315  3.560 0.000
291.291667 292.291667  16.686  3.617 0.000
294.291667 295.291667  14.966  4.589 0.000
297.291667 298.291667  10.055  2.377 0.000
300.291667 301.291667   9.115  3.658 0.000
303.291667 304.291667  10.827  2.734 0.000
306.291667 307.291667   8.693  3.038 0.000
309.291667 310.291667  17.678  6.037 0.000
312.291667 313.291667  12.475  3.330 0.000
315.291667 316.291667  16.726  6.816 0.000
318.291667 319.291667   3.785  1.532 0.000
321.291667 322.291667   7.942  2.832 0.000
324.291667 325.291667  10.223  3.344 0.000
327.291667 328.291667   4.373  1.000 0.000
330.291667 331.291667  15.777  4.146 0.000
333.291667 334.291667   4.202  2.433 0.000
336.291667 337.291667   7.679  2.324 0.000
339.291667 340.291667  13.686  5.254 0.000
342.291667 343.291667   4.362  1.773 0.000
345.291667 346.291667   3.272  2.611 0.000
348.291667 349.291667   1.308  0.960 0.000
351.291667 352.291667   2.644  2.314 0.000
354.291667 355.291667   3.525  2.101 0.000
357.291667 358.291667 999.999 99.999 0.999
360.291667 361.291667 999.999 99.999 0.999
363.291667 364.291667   1.887  1.192 0.000
