scripts/IMPROVE-2019_partial/data/US0095R.20070103070000.20191216000000.filterpack...1y.3d.US03L_filterpack_US0095.US03L_IMPROVE_Davis.lev2.nas
52 1001
MISSING INFORMATION
US03L, IMPROVE, , , , , , , 
MISSING INFORMATION
IMPROVE sel_HTAP
1 1
2007 01 01 2019 12 16
3.000000
days from file reference point
5
1 1 1 1 1
999.999999 999.999 9.999 999.999 9.999
end_time of measurement, days from the file reference point
pm10_mass, ug/m3, Matrix=pm10
numflag pm10_mass, no unit, Matrix=pm10
pm25_mass, ug/m3, Matrix=pm25
numflag pm25_mass, no unit, Matrix=pm25
0
33
Data definition:              EBAS_1.1
Set type code:                TU
Timezone:                     UTC
File name:                    US0095R.20070103070000.20191216000000.filterpack...1y.3d.US03L_filterpack_US0095.US03L_IMPROVE_Davis.lev2.nas
File creation:                20191218120151
Startdate:                    20070103070000
Revision date:                20191216000000
Version:                      2
Version description:          "Data extracted from http://views.cira.colostate.edu/fed/DataWizard 2019-12-16"
Statistics:                   arithmetic mean
Data level:                   2
Period code:                  1y
Resolution code:              3d
Sample duration:              1d
Orig. time res.:              3d
Station code:                 US0095R
Platform code:                US0095S
Station name:                 Petrified Forest NP
Station latitude:             35.0777
Station longitude:            -109.7692
Station altitude:             1766.0 m
Regime:                       IMG
Component:                    
Unit:                         ug/m3
Matrix:                       
Laboratory code:              US03L
Instrument type:              filterpack
Instrument name:              filterpack_US0095
Method ref:                   US03L_IMPROVE_Davis
Blank correction:             Blank corrected
Volume std. temperature:      ambient
Volume std. pressure:         ambient
starttime endtime PM10 flag_PM10 PM2.5 flag_PM2.5
  2.291667   3.291667   4.279 0.000   3.559 0.659
  5.291667   6.291667   1.869 0.000   1.452 0.659
  8.291667   9.291667 999.999 0.699 999.999 0.699
 11.291667  12.291667  13.924 0.000   2.103 0.659
 14.291667  15.291667   5.472 0.000   2.939 0.659
 17.291667  18.291667   6.545 0.000   3.096 0.659
 20.291667  21.291667   3.296 0.000   1.636 0.659
 23.291667  24.291667   4.706 0.000   3.305 0.659
 26.291667  27.291667   4.187 0.000   2.746 0.659
 29.291667  30.291667 999.999 0.456   2.019 0.659
 32.291667  33.291667   3.174 0.000   1.345 0.659
 35.291667  36.291667   3.072 0.000   1.968 0.659
 38.291667  39.291667   3.658 0.000   1.731 0.659
 41.291667  42.291667   3.333 0.000   1.847 0.659
 44.291667  45.291667   2.058 0.000   1.659 0.659
 47.291667  48.291667   1.994 0.000   0.167 0.659
 50.291667  51.291667 999.999 0.999   1.149 0.659
 53.291667  54.291667   6.000 0.000   1.238 0.659
 56.291667  57.291667 999.999 0.999 999.999 0.999
 59.291667  60.291667 999.999 0.999 999.999 0.999
 62.291667  63.291667 999.999 0.999 999.999 0.999
 65.291667  66.291667 999.999 0.999 999.999 0.999
 68.291667  69.291667   7.638 0.000   2.930 0.659
 71.291667  72.291667   3.489 0.000   2.045 0.659
 74.291667  75.291667   3.997 0.000   1.788 0.659
 77.291667  78.291667   6.848 0.000   2.235 0.659
 80.291667  81.291667   2.265 0.000   1.354 0.659
 83.291667  84.291667   2.278 0.000   1.852 0.659
 86.291667  87.291667  10.108 0.000   2.655 0.659
 89.291667  90.291667   3.543 0.000   2.009 0.000
 92.291667  93.291667   7.072 0.000   2.960 0.000
 95.291667  96.291667   6.113 0.000   3.107 0.000
 98.291667  99.291667  20.487 0.000   7.570 0.000
101.291667 102.291667  29.581 0.000   8.222 0.000
104.291667 105.291667 999.999 0.999 999.999 0.999
107.291667 108.291667 999.999 0.999 999.999 0.999
110.291667 111.291667  18.709 0.000   8.077 0.000
113.291667 114.291667   2.139 0.000   1.255 0.000
116.291667 117.291667   7.019 0.000   3.759 0.000
119.291667 120.291667   9.388 0.000   4.564 0.000
122.291667 123.291667  20.519 0.000   8.350 0.000
125.291667 126.291667   2.178 0.000   1.263 0.000
128.291667 129.291667   4.693 0.000   2.832 0.000
131.291667 132.291667   7.999 0.000   4.089 0.000
134.291667 135.291667  16.794 0.000  10.117 0.000
137.291667 138.291667   8.417 0.000   4.801 0.000
140.291667 141.291667  17.427 0.000   8.726 0.000
143.291667 144.291667   6.264 0.000   3.333 0.000
146.291667 147.291667  11.171 0.000   4.611 0.000
149.291667 150.291667   8.982 0.000   4.629 0.000
152.291667 153.291667   8.843 0.000   4.397 0.000
155.291667 156.291667  19.721 0.000   6.250 0.000
158.291667 159.291667  18.165 0.000   7.008 0.000
161.291667 162.291667   8.415 0.000   4.112 0.000
164.291667 165.291667   7.557 0.000   3.929 0.000
167.291667 168.291667   8.677 0.000   3.839 0.000
170.291667 171.291667   9.001 0.000   5.958 0.000
173.291667 174.291667   8.919 0.000   3.612 0.000
176.291667 177.291667   8.600 0.000   4.394 0.000
179.291667 180.291667  11.745 0.000   4.107 0.000
182.291667 183.291667   9.220 0.000   3.810 0.000
185.291667 186.291667 999.999 0.999 999.999 0.999
188.291667 189.291667 999.999 0.999 999.999 0.999
191.291667 192.291667  13.748 0.000   7.596 0.000
194.291667 195.291667  11.700 0.000   6.106 0.000
197.291667 198.291667   7.427 0.000   3.920 0.000
200.291667 201.291667  10.696 0.000   5.242 0.000
203.291667 204.291667   5.829 0.000   2.861 0.000
206.291667 207.291667   8.405 0.000   4.130 0.000
209.291667 210.291667   4.261 0.000   2.790 0.000
212.291667 213.291667   4.075 0.000   3.593 0.000
215.291667 216.291667   5.986 0.000   4.872 0.000
218.291667 219.291667   7.548 0.000   4.257 0.000
221.291667 222.291667   7.423 0.000   3.808 0.000
224.291667 225.291667   7.219 0.000   3.949 0.000
227.291667 228.291667   8.415 0.000   4.156 0.000
230.291667 231.291667  10.031 0.000   7.721 0.000
233.291667 234.291667  13.222 0.000   5.630 0.000
236.291667 237.291667  15.449 0.000   6.512 0.000
239.291667 240.291667 999.999 0.999 999.999 0.999
242.291667 243.291667 999.999 0.456   4.441 0.000
245.291667 246.291667 999.999 0.456   4.634 0.000
248.291667 249.291667  12.982 0.000   6.191 0.000
251.291667 252.291667  10.778 0.000   5.505 0.000
254.291667 255.291667   6.170 0.000   3.150 0.000
257.291667 258.291667  11.811 0.000   5.402 0.000
260.291667 261.291667 999.999 0.999 999.999 0.999
263.291667 264.291667 999.999 0.999 999.999 0.999
266.291667 267.291667 999.999 0.999 999.999 0.999
269.291667 270.291667 999.999 0.999 999.999 0.999
272.291667 273.291667 999.999 0.999 999.999 0.999
275.291667 276.291667   9.104 0.000   5.112 0.000
278.291667 279.291667  18.280 0.000   4.812 0.000
281.291667 282.291667   7.834 0.000   4.555 0.000
284.291667 285.291667   7.351 0.000   2.463 0.000
287.291667 288.291667   4.944 0.000   3.077 0.000
290.291667 291.291667   8.265 0.000   2.728 0.000
293.291667 294.291667   7.796 0.000   1.496 0.000
296.291667 297.291667 999.999 0.999 999.999 0.999
299.291667 300.291667   7.950 0.000   4.724 0.000
302.291667 303.291667  11.431 0.000   4.046 0.000
305.291667 306.291667  10.889 0.000   6.108 0.000
308.291667 309.291667  10.301 0.000   4.878 0.000
311.291667 312.291667  13.909 0.000   7.037 0.000
314.291667 315.291667   7.895 0.000   3.760 0.000
317.291667 318.291667   7.385 0.000   3.351 0.000
320.291667 321.291667   8.215 0.000   5.109 0.000
323.291667 324.291667   6.100 0.000   2.826 0.000
326.291667 327.291667   7.629 0.000   3.504 0.000
329.291667 330.291667   4.784 0.000   2.247 0.000
332.291667 333.291667   7.704 0.000   3.117 0.000
335.291667 336.291667 999.999 0.999 999.999 0.999
338.291667 339.291667 999.999 0.999 999.999 0.999
341.291667 342.291667   1.456 0.000   1.126 0.000
344.291667 345.291667 999.999 0.999 999.999 0.999
347.291667 348.291667 999.999 0.999 999.999 0.999
350.291667 351.291667 999.999 0.999 999.999 0.999
353.291667 354.291667   2.491 0.000   1.672 0.000
356.291667 357.291667   2.452 0.000   1.600 0.000
359.291667 360.291667 999.999 0.999 999.999 0.999
362.291667 363.291667   2.910 0.000   1.433 0.000
