scripts/IMPROVE-2019_partial/data/US0024R.20030103080000.20191216000000.filterpack..pm25.1y.1w.US03L_filterpack_US0024.US03L_IMPROVE_Davis.lev2.nas
66 1001
MISSING INFORMATION
US03L, IMPROVE, , , , , , , 
MISSING INFORMATION
IMPROVE sel_HTAP
1 1
2003 01 01 2019 12 16
3.000000
days from file reference point
27
1 1 1 1 1 1 1 1 1 1 1 1 1 1 1 1 1 1 1 1 1 1 1 1 1 1 1
999.999999 999.99 9.999 99.99 9.999999 9.999 9.999999 9.99 9.999999 9.999 9.999 99.999 9.999 99.999 9.999 99.99 9.999999 999.999 9.999 999.999 9.999 99.999 9.999 9.999 9.999 9.999 9.999
end_time of measurement, days from the file reference point
iron, ng/m3, Revision date=20181210133000
numflag iron, no unit, Revision date=20181210133000
lead, ng/m3, Revision date=20181210133000
numflag lead, no unit, Revision date=20181210133000
magnesium, ug/m3, Revision date=20181210133000
numflag magnesium, no unit, Revision date=20181210133000
nickel, ng/m3, Revision date=20181210133000
numflag nickel, no unit, Revision date=20181210133000
nitrate, ug N/m3, Revision date=20181210133000
numflag nitrate, no unit, Revision date=20181210133000
organic_carbon, ug C/m3, Revision date=20181210133000
numflag organic_carbon, no unit, Revision date=20181210133000
organic_mass, ug/m3, Revision date=20181210133000
numflag organic_mass, no unit, Revision date=20181210133000
phosphorus, ng/m3, Revision date=20181210133000
numflag phosphorus, no unit, Revision date=20181210133000
pm10_mass, ug/m3, Version=2, Version description=Data extracted from http://views.cira.colostate.edu/fed/DataWizard 2019-12-16, Sample duration=1d, Orig. time res.=3d, Matrix=pm10, Blank correction=Blank corrected, Volume std. temperature=ambient, Volume std. pressure=ambient
numflag pm10_mass, no unit, Version=2, Version description=Data extracted from http://views.cira.colostate.edu/fed/DataWizard 2019-12-16, Sample duration=1d, Orig. time res.=3d, Matrix=pm10, Blank correction=Blank corrected, Volume std. temperature=ambient, Volume std. pressure=ambient
pm10_pm25_mass, ug/m3, Revision date=20181210133000, Matrix=pm10_pm25
numflag pm10_pm25_mass, no unit, Revision date=20181210133000, Matrix=pm10_pm25
pm25_mass, ug/m3, Version=2, Version description=Data extracted from http://views.cira.colostate.edu/fed/DataWizard 2019-12-16, Sample duration=1d, Orig. time res.=3d, Blank correction=Blank corrected, Volume std. temperature=ambient, Volume std. pressure=ambient
numflag pm25_mass, no unit, Version=2, Version description=Data extracted from http://views.cira.colostate.edu/fed/DataWizard 2019-12-16, Sample duration=1d, Orig. time res.=3d, Blank correction=Blank corrected, Volume std. temperature=ambient, Volume std. pressure=ambient
potassium, ug/m3, Revision date=20181210133000
numflag potassium, no unit, Revision date=20181210133000
sulphate_total, ug S/m3, Revision date=20181210133000
numflag sulphate_total, no unit, Revision date=20181210133000
0
25
Data definition:              EBAS_1.1
Set type code:                TU
Timezone:                     UTC
File name:                    US0024R.20030103080000.20191216000000.filterpack..pm25.1y.1w.US03L_filterpack_US0024.US03L_IMPROVE_Davis.lev2.nas
File creation:                20191218115700
Startdate:                    20030103080000
Revision date:                20191216000000
Statistics:                   arithmetic mean
Data level:                   2
Period code:                  1y
Resolution code:              1w
Station code:                 US0024R
Platform code:                US0024S
Station name:                 Kaiser
Station latitude:             37.2207
Station longitude:            -119.1546
Station altitude:             2597.0 m
Regime:                       IMG
Component:                    
Matrix:                       pm25
Laboratory code:              US03L
Instrument type:              filterpack
Instrument name:              filterpack_US0024
Method ref:                   US03L_IMPROVE_Davis
starttime endtime Fe flag_Fe Pb flag_Pb Mg++ flag_Mg++ Ni flag_Ni NO3- flag_NO3- OC flag_OC OM flag_OM P flag_P PM10 flag_PM10 PM10-PM2.5 flag_PM10-PM2.5 PM2.5 flag_PM2.5 K+ flag_K+ SO4-- flag_SO4--
[from data line 82]
248.333333 249.333333  10.37 0.000  0.15 0.000000 0.022 0.000000 0.07 0.000000 0.022 0.000  0.441 0.000  0.617 0.000 99.99 0.259000   3.657 0.000   2.304 0.000  1.354 0.000 0.009 0.000 0.117 0.000
251.333333 252.333333 999.99 0.456 99.99 0.456000 9.999 0.456000 9.99 0.456000 0.031 0.000  0.727 0.000  1.018 0.000 99.99 0.456000 999.999 0.456 999.999 0.999 99.999 0.456 9.999 0.456 0.107 0.000
254.333333 255.333333 999.99 0.456 99.99 0.456000 9.999 0.456000 9.99 0.456000 0.056 0.000  2.389 0.000  3.345 0.000 99.99 0.456000 999.999 0.456 999.999 0.999 99.999 0.456 9.999 0.456 0.182 0.000
257.333333 258.333333 999.99 0.456 99.99 0.456000 9.999 0.456000 9.99 0.456000 0.297 0.000  1.740 0.000  2.437 0.000 99.99 0.456000 999.999 0.456 999.999 0.999 99.999 0.456 9.999 0.456 0.315 0.000
260.333333 261.333333  72.80 0.559  0.45 0.559000 9.999 0.559259 0.09 0.559000 0.081 0.000  1.726 0.000  2.416 0.000 99.99 0.559259  14.015 0.000   8.534 0.000  5.481 0.559 0.053 0.559 0.190 0.000
263.333333 264.333333  62.63 0.699  0.51 0.699000 9.999 0.699259 0.07 0.699000 0.036 0.000  3.129 0.000  4.381 0.000 99.99 0.699259  12.174 0.000   5.194 0.000  6.980 0.699 0.048 0.699 0.155 0.000
266.333333 267.333333  52.16 0.699  0.83 0.699000 9.999 0.699259 9.99 0.699259 0.027 0.000  2.773 0.000  3.883 0.000 99.99 0.699259  10.871 0.000   3.747 0.000  7.124 0.699 0.043 0.699 0.164 0.000
269.333333 270.333333  40.44 0.699  0.42 0.699000 9.999 0.699259 0.05 0.699000 0.022 0.000  3.128 0.000  4.379 0.000 99.99 0.699259  10.713 0.000   3.210 0.000  7.503 0.699 0.047 0.699 0.134 0.000
272.333333 273.333333  12.81 0.000  0.26 0.000000 9.999 0.259000 0.07 0.000000 0.012 0.000  0.383 0.000  0.536 0.000 99.99 0.259000   5.712 0.000   3.938 0.000  1.774 0.000 0.007 0.000 0.119 0.000
275.333333 276.333333  50.23 0.000  0.47 0.000000 9.999 0.259000 0.08 0.000000 0.121 0.000  3.588 0.000  5.024 0.000 99.99 0.259000  14.596 0.000   5.412 0.000  9.184 0.000 0.062 0.000 0.255 0.000
278.333333 279.333333  41.26 0.559  0.61 0.559000 9.999 0.559259 0.07 0.559000 0.092 0.000  1.845 0.000  2.583 0.000 99.99 0.559259  11.961 0.000   5.693 0.000  6.268 0.559 0.035 0.559 0.305 0.000
281.333333 282.333333  30.03 0.000  0.55 0.000000 9.999 0.259000 9.99 0.259000 0.184 0.000  0.823 0.000  1.152 0.000 99.99 0.259000   6.699 0.000   3.745 0.000  2.954 0.000 0.019 0.000 0.155 0.000
284.333333 285.333333  20.48 0.000  0.38 0.000000 9.999 0.259000 9.99 0.259000 0.016 0.000  0.449 0.000  0.629 0.000 99.99 0.259000   4.175 0.000   2.259 0.000  1.916 0.000 0.013 0.000 0.087 0.000
287.333333 288.333333  56.02 0.000  0.81 0.000000 9.999 0.259000 0.07 0.000000 0.269 0.000  0.787 0.000  1.102 0.000 99.99 0.259000   9.466 0.000   5.556 0.000  3.910 0.000 0.035 0.000 0.164 0.000
290.333333 291.333333  58.71 0.699  0.79 0.699000 0.034 0.699000 0.06 0.699000 0.215 0.000  3.319 0.000  4.647 0.000 99.99 0.699259  12.683 0.000   4.646 0.000  8.037 0.699 0.058 0.699 0.220 0.000
293.333333 294.333333  24.17 0.559  0.37 0.559000 9.999 0.559259 0.05 0.559000 0.026 0.000  1.600 0.000  2.240 0.000 99.99 0.559259   6.851 0.000   2.831 0.000  4.019 0.559 0.023 0.559 0.107 0.000
296.333333 297.333333  54.49 0.559  0.85 0.559000 0.033 0.559000 0.05 0.559000 0.059 0.000  2.611 0.000  3.655 0.000 99.99 0.559259   8.838 0.000   2.155 0.000  6.684 0.559 0.061 0.559 0.127 0.000
299.333333 300.333333  62.16 0.000  0.65 0.000000 0.028 0.000000 0.25 0.000000 0.011 0.000  0.697 0.000  0.976 0.000 99.99 0.259000   4.150 0.000   1.218 0.000  2.932 0.000 0.031 0.000 0.050 0.000
302.333333 303.333333  83.63 0.559  0.46 0.559000 0.043 0.559000 0.20 0.559000 0.270 0.000  0.938 0.000  1.313 0.000 99.99 0.559259  18.603 0.000  12.376 0.000  6.227 0.559 0.052 0.559 0.198 0.000
305.333333 306.333333   4.19 0.000  0.22 0.000000 9.999 0.259000 0.12 0.000000 0.281 0.000  0.734 0.000  1.027 0.000 99.99 0.259000   4.293 0.000   0.679 0.000  3.614 0.000 0.014 0.000 0.092 0.000
308.333333 309.333333   7.32 0.394  0.21 0.394000 0.022 0.394000 0.11 0.394000 0.012 0.394  0.386 0.000  0.540 0.000 99.99 0.394259   1.285 0.000   0.246 0.000  1.039 0.000 0.009 0.394 0.041 0.394
311.333333 312.333333  12.55 0.000  0.48 0.000000 9.999 0.259000 9.99 0.259000 0.027 0.000  0.230 0.000  0.321 0.000 99.99 0.259000   1.515 0.000   0.327 0.000  1.189 0.000 0.013 0.000 0.087 0.000
314.333333 315.333333   5.13 0.000  0.37 0.000000 9.999 0.259000 0.06 0.000000 0.012 0.000  0.293 0.000  0.411 0.000 99.99 0.259000   1.705 0.000   0.683 0.000  1.022 0.000 0.007 0.000 0.067 0.000
317.333333 318.333333 999.99 0.999 99.99 0.999000 9.999 0.999000 9.99 0.999000 9.999 0.999 99.999 0.999 99.999 0.999 99.99 0.999000 999.999 0.999 999.999 0.999 99.999 0.999 9.999 0.999 9.999 0.999
320.333333 321.333333 999.99 0.999 99.99 0.999000 9.999 0.999000 9.99 0.999000 9.999 0.999 99.999 0.999 99.999 0.999 99.99 0.999000 999.999 0.999 999.999 0.999 99.999 0.999 9.999 0.999 9.999 0.999
323.333333 324.333333   2.74 0.000  0.24 0.000000 9.999 0.259000 9.99 0.259000 9.999 0.259  1.380 0.000  1.932 0.000 99.99 0.259000   2.828 0.000   0.492 0.000  2.335 0.000 0.014 0.000 0.032 0.000
326.333333 327.333333  10.88 0.000  0.76 0.000000 9.999 0.259000 0.08 0.000000 0.006 0.000  0.169 0.000  0.236 0.000 99.99 0.259000   1.788 0.000   0.477 0.000  1.311 0.000 0.012 0.000 0.094 0.000
329.333333 330.333333   7.80 0.000  0.91 0.000000 9.999 0.259000 0.07 0.000000 0.012 0.000  0.241 0.000  0.338 0.000 99.99 0.259000   1.830 0.000   0.606 0.000  1.224 0.000 0.011 0.000 0.091 0.000
332.333333 333.333333   2.36 0.000  0.15 0.000000 0.015 0.000000 9.99 0.259000 0.002 0.000  0.111 0.000  0.155 0.000 99.99 0.259000   0.624 0.000   0.201 0.000  0.423 0.000 0.002 0.000 0.026 0.000
335.333333 336.333333   2.03 0.000  0.19 0.000000 9.999 0.259000 0.05 0.000000 0.004 0.000  0.351 0.000  0.491 0.000 99.99 0.259000   1.044 0.000   0.352 0.000  0.693 0.000 0.007 0.000 0.021 0.000
338.333333 339.333333   9.51 0.000  0.24 0.000000 9.999 0.259000 0.13 0.000000 0.004 0.000  0.393 0.000  0.550 0.000 99.99 0.259000   0.920 0.000   0.256 0.000  0.664 0.000 0.007 0.000 0.022 0.000
341.333333 342.333333   3.53 0.000  0.38 0.000000 9.999 0.259000 0.07 0.000000 0.005 0.000  0.291 0.000  0.408 0.000 99.99 0.259000   0.758 0.000   0.197 0.000  0.560 0.000 0.004 0.000 0.036 0.000
344.333333 345.333333   0.51 0.000  0.11 0.000000 0.019 0.000000 0.04 0.000000 0.004 0.000  0.106 0.000  0.148 0.000 99.99 0.259000   1.576 0.000   1.166 0.000  0.410 0.000 0.003 0.000 0.013 0.000
347.333333 348.333333   1.76 0.000  0.31 0.000000 9.999 0.259000 9.99 0.259000 0.011 0.000  0.187 0.000  0.262 0.000 99.99 0.259000   2.719 0.000   2.273 0.000  0.446 0.000 0.003 0.000 0.028 0.000
350.333333 351.333333   1.29 0.000  0.12 0.000000 9.999 0.259000 9.99 0.259000 0.000 0.000  0.151 0.000  0.212 0.000 99.99 0.259000   0.868 0.000   0.868 0.000 99.999 0.259 0.002 0.000 0.008 0.000
353.333333 354.333333   2.36 0.000  0.15 0.000000 9.999 0.259000 0.09 0.000000 0.014 0.000  0.221 0.000  0.310 0.000 99.99 0.259000   0.209 0.000   0.146 0.000  0.063 0.000 0.004 0.000 0.018 0.000
356.333333 357.333333   3.44 0.000 99.99 0.259000 9.999 0.259000 0.05 0.000000 0.001 0.000  0.173 0.000  0.242 0.000 99.99 0.259000   1.289 0.000   1.227 0.000  0.062 0.000 0.004 0.000 0.012 0.000
359.333333 360.333333   9.51 0.000  0.13 0.000000 9.999 0.259000 0.17 0.000000 0.031 0.000  0.312 0.000  0.437 0.000 99.99 0.259000   0.463 0.000 999.999 0.259  0.808 0.000 0.006 0.000 0.069 0.000
362.333333 363.333333   6.38 0.000  0.14 0.000000 0.021 0.000000 0.07 0.000000 0.003 0.000  0.130 0.000  0.182 0.000 99.99 0.259000   1.852 0.000   1.273 0.000  0.579 0.000 0.004 0.000 0.055 0.000
