scripts/IMPROVE-2019_partial/data/US0077R.19900103070000.20191216000000.filterpack...1y.3d.US03L_filterpack_US0077.US03L_IMPROVE_Davis.lev2.nas
52 1001
MISSING INFORMATION
US03L, IMPROVE, , , , , , , 
MISSING INFORMATION
IMPROVE sel_HTAP
1 1
1990 01 01 2019 12 16
0
days from file reference point
5
1 1 1 1 1
999.999999 999.999 9.999 99.999 9.999999
end_time of measurement, days from the file reference point
pm10_mass, ug/m3, Matrix=pm10
numflag pm10_mass, no unit, Matrix=pm10
pm25_mass, ug/m3, Matrix=pm25
numflag pm25_mass, no unit, Matrix=pm25
0
33
Data definition:              EBAS_1.1
Set type code:                TI
Timezone:                     UTC
File name:                    US0077R.19900103070000.20191216000000.filterpack...1y.3d.US03L_filterpack_US0077.US03L_IMPROVE_Davis.lev2.nas
File creation:                20191218120037
Startdate:                    19900103070000
Revision date:                20191216000000
Version:                      2
Version description:          "Data extracted from http://views.cira.colostate.edu/fed/DataWizard 2019-12-16"
Statistics:                   arithmetic mean
Data level:                   2
Period code:                  1y
Resolution code:              3d
Sample duration:              1d
Orig. time res.:              3d
Station code:                 US0077R
Platform code:                US0077S
Station name:                 Canyonlands NP
Station latitude:             38.4587
Station longitude:            -109.821
Station altitude:             1798.0 m
Regime:                       IMG
Component:                    
Unit:                         ug/m3
Matrix:                       
Laboratory code:              US03L
Instrument type:              filterpack
Instrument name:              filterpack_US0077
Method ref:                   US03L_IMPROVE_Davis
Blank correction:             Blank corrected
Volume std. temperature:      ambient
Volume std. pressure:         ambient
starttime endtime PM10 flag_PM10 PM2.5 flag_PM2.5
  2.291667   3.291667 999.999 0.999 99.999 0.999000
  5.291667   6.291667 999.999 0.999 99.999 0.999000
  9.291667  10.291667 999.999 0.999 99.999 0.999000
 12.291667  13.291667 999.999 0.999 99.999 0.999000
 16.291667  17.291667   3.409 0.000  2.400 0.000000
 19.291667  20.291667   5.216 0.000  4.343 0.000000
 23.291667  24.291667   4.358 0.000  1.839 0.000000
 26.291667  27.291667   4.143 0.000  0.897 0.000000
 30.291667  31.291667 999.999 0.999 99.999 0.999000
 33.291667  34.291667 999.999 0.999 99.999 0.999000
 37.291667  38.291667   6.394 0.000  3.778 0.000000
 40.291667  41.291667   3.609 0.000  1.556 0.000000
 44.291667  45.291667   5.455 0.000  2.857 0.000000
 47.291667  48.291667  10.078 0.000 99.999 0.999000
 51.291667  52.291667   3.346 0.000  1.830 0.000000
 54.291667  55.291667   4.699 0.000  2.603 0.000000
 58.291667  59.291667   4.338 0.000  3.094 0.000000
 61.291667  62.291667   6.842 0.000  4.757 0.000000
 65.291667  66.291667   4.061 0.000 99.999 0.999000
 68.291667  69.291667   5.754 0.000  2.787 0.000000
 72.291667  73.291667   4.852 0.000  2.933 0.000000
 75.291667  76.291667   4.120 0.000  2.300 0.000000
 79.291667  80.291667   4.787 0.000  1.852 0.000000
 82.291667  83.291667  11.489 0.000  3.364 0.000000
 86.291667  87.291667   9.965 0.000  6.044 0.000000
 89.291667  90.291667   6.312 0.000  3.894 0.000000
 93.291667  94.291667   3.474 0.000  2.764 0.000000
 96.291667  97.291667   5.745 0.000  3.313 0.000000
100.291667 101.291667 999.999 0.999  5.401 0.000000
103.291667 104.291667   6.092 0.000  3.025 0.000000
107.291667 108.291667  10.483 0.000  4.579 0.000000
110.291667 111.291667   9.930 0.000  4.734 0.000000
114.291667 115.291667   4.809 0.000  2.839 0.000000
117.291667 118.291667  59.492 0.000  8.961 0.000000
121.291667 122.291667 999.999 0.999  3.470 0.000000
124.291667 125.291667   5.956 0.000  2.839 0.000000
128.291667 129.291667   3.034 0.000  1.606 0.000000
131.291667 132.291667   7.993 0.000  4.116 0.000000
135.291667 136.291667   6.633 0.000  5.368 0.000000
138.291667 139.291667  18.815 0.000  6.812 0.000000
142.291667 143.291667   7.951 0.000  2.862 0.000000
145.291667 146.291667  10.253 0.000  4.783 0.000000
149.291667 150.291667   3.624 0.000  1.718 0.000000
152.291667 153.291667   2.847 0.000  1.667 0.000000
156.291667 157.291667  12.313 0.000 99.999 0.999000
159.291667 160.291667  20.204 0.000  5.873 0.000000
163.291667 164.291667   8.949 0.000  5.877 0.000000
166.291667 167.291667   8.076 0.000  4.400 0.000000
170.291667 171.291667  14.295 0.000 99.999 0.999000
173.291667 174.291667  32.315 0.000  4.606 0.000000
177.291667 178.291667  17.632 0.000  8.845 0.000000
180.291667 181.291667  14.814 0.000  8.889 0.000000
184.291667 185.291667   8.979 0.000  5.452 0.000000
187.291667 188.291667  33.527 0.000  3.801 0.000000
191.291667 192.291667   5.724 0.000  3.860 0.000000
194.291667 195.291667   8.627 0.000  3.678 0.000000
198.291667 199.291667   6.283 0.000  3.853 0.000000
201.291667 202.291667   7.584 0.000 99.999 0.999000
205.291667 206.291667  20.064 0.000 99.999 0.999000
208.291667 209.291667   6.556 0.000  4.789 0.000000
212.291667 213.291667  11.860 0.000  6.361 0.000000
215.291667 216.291667  11.763 0.000  4.939 0.000000
219.291667 220.291667  10.429 0.000  4.583 0.000000
222.291667 223.291667  13.186 0.000  5.271 0.000000
226.291667 227.291667   2.997 0.000 99.999 0.999000
229.291667 230.291667   6.655 0.000  4.312 0.000000
233.291667 234.291667   4.847 0.000  2.492 0.000000
236.291667 237.291667   5.052 0.000  4.738 0.000000
240.291667 241.291667  26.735 0.000  7.877 0.000000
243.291667 244.291667   7.263 0.000  5.692 0.559000
247.291667 248.291667 999.999 0.999  8.831 0.559000
250.291667 251.291667   7.244 0.000  4.224 0.559000
254.291667 255.291667  10.657 0.000  3.758 0.559000
257.291667 258.291667  21.866 0.000  5.669 0.559000
261.291667 262.291667   5.000 0.000  4.393 0.559000
264.291667 265.291667   6.654 0.000  3.229 0.559000
268.291667 269.291667   5.657 0.000  3.896 0.559000
271.291667 272.291667   6.113 0.000  3.864 0.559000
275.291667 276.291667   7.406 0.000  2.194 0.559000
278.291667 279.291667  12.577 0.000  4.167 0.559000
282.291667 283.291667  11.613 0.000  5.062 0.559000
285.291667 286.291667   6.434 0.000  2.844 0.559000
289.291667 290.291667  10.923 0.000  3.937 0.559000
292.291667 293.291667   6.151 0.000  3.397 0.559000
296.291667 297.291667   6.196 0.000  4.623 0.559000
299.291667 300.291667   9.778 0.000  3.082 0.559000
303.291667 304.291667  10.074 0.000  4.759 0.559000
306.291667 307.291667 999.999 0.999  2.532 0.559000
310.291667 311.291667   5.634 0.000  2.461 0.559000
313.291667 314.291667  11.260 0.000  3.524 0.559000
317.291667 318.291667   8.202 0.000 99.999 0.559259
320.291667 321.291667   9.848 0.000  5.272 0.559000
324.291667 325.291667   1.985 0.000  1.338 0.559000
327.291667 328.291667   5.551 0.000  2.557 0.559000
331.291667 332.291667   6.364 0.000  1.586 0.559000
334.291667 335.291667  14.980 0.000  3.811 0.559000
338.291667 339.291667   5.676 0.000  3.555 0.559000
341.291667 342.291667   6.320 0.000  3.452 0.559000
345.291667 346.291667   5.292 0.000  2.611 0.559000
348.291667 349.291667   4.223 0.000  1.401 0.559000
352.291667 353.291667  10.148 0.000  6.533 0.559000
355.291667 356.291667   8.485 0.000  4.512 0.559000
359.291667 360.291667   5.738 0.000  4.375 0.559000
362.291667 363.291667  11.597 0.000  3.127 0.559000
