scripts/IMPROVE-2019_partial/data/US0018U.20170101080000.20191216000000.filterpack...52w.3d.US03L_filterpack_US0018.US03L_IMPROVE_Davis.lev2.nas
52 1001
MISSING INFORMATION
US03L, IMPROVE, , , , , , , 
MISSING INFORMATION
IMPROVE sel_HTAP
1 1
2017 01 01 2019 12 16
3.000000
days from file reference point
5
1 1 1 1 1
999.999999 9999.999 9.999 999.999 9.999
end_time of measurement, days from the file reference point
pm10_mass, ug/m3, Matrix=pm10
numflag pm10_mass, no unit, Matrix=pm10
pm25_mass, ug/m3, Matrix=pm25
numflag pm25_mass, no unit, Matrix=pm25
0
33
Data definition:              EBAS_1.1
Set type code:                TU
Timezone:                     UTC
File name:                    US0018U.20170101080000.20191216000000.filterpack...52w.3d.US03L_filterpack_US0018.US03L_IMPROVE_Davis.lev2.nas
File creation:                20191218115634
Startdate:                    20170101080000
Revision date:                20191216000000
Version:                      2
Version description:          "Data extracted from http://views.cira.colostate.edu/fed/DataWizard 2019-12-16"
Statistics:                   arithmetic mean
Data level:                   2
Period code:                  52w
Resolution code:              3d
Sample duration:              1d
Orig. time res.:              3d
Station code:                 US0018U
Platform code:                US0018S
Station name:                 Fresno
Station latitude:             36.7818
Station longitude:            -119.7732
Station altitude:             100.0 m
Regime:                       IMG
Component:                    
Unit:                         ug/m3
Matrix:                       
Laboratory code:              US03L
Instrument type:              filterpack
Instrument name:              filterpack_US0018
Method ref:                   US03L_IMPROVE_Davis
Blank correction:             Blank corrected
Volume std. temperature:      ambient
Volume std. pressure:         ambient
starttime endtime PM10 flag_PM10 PM2.5 flag_PM2.5
  0.333333   1.333333   14.004 0.000  11.265 0.000
  3.333333   4.333333    3.553 0.000   1.788 0.000
  6.333333   7.333333   11.306 0.000   8.665 0.000
  9.333333  10.333333    8.047 0.000   2.938 0.000
 12.333333  13.333333    9.050 0.000   6.696 0.000
 15.333333  16.333333   30.853 0.000  24.621 0.000
 18.333333  19.333333    8.055 0.000   4.536 0.000
 21.333333  22.333333    2.807 0.000   1.765 0.000
 24.333333  25.333333 9999.999 0.999 999.999 0.999
 27.333333  28.333333 9999.999 0.999 999.999 0.999
 30.333333  31.333333   53.848 0.000  39.124 0.000
 33.333333  34.333333    9.562 0.000   6.401 0.000
 36.333333  37.333333    6.475 0.000   2.731 0.000
 39.333333  40.333333   14.632 0.000   6.806 0.000
 42.333333  43.333333   19.826 0.000  14.059 0.000
 45.333333  46.333333   32.335 0.000  18.022 0.000
 48.333333  49.333333    4.633 0.000   1.768 0.000
 51.333333  52.333333    8.580 0.000   3.411 0.000
 54.333333  55.333333   14.771 0.000   6.896 0.000
 57.333333  58.333333   13.018 0.000   8.911 0.000
 60.333333  61.333333   26.476 0.000  11.874 0.000
 63.333333  64.333333   10.143 0.000   5.724 0.000
 66.333333  67.333333   20.480 0.000   9.064 0.000
 69.333333  70.333333   28.401 0.000  17.035 0.000
 72.333333  73.333333   34.294 0.000  13.132 0.000
 75.333333  76.333333   25.862 0.000   8.459 0.000
 78.333333  79.333333   27.318 0.000   5.829 0.000
 81.333333  82.333333   11.250 0.000   4.824 0.000
 84.333333  85.333333   10.005 0.000   5.586 0.000
 87.333333  88.333333   17.987 0.000   7.249 0.000
 90.333333  91.333333   24.116 0.000  10.422 0.000
 93.333333  94.333333   22.156 0.000   7.032 0.000
 96.333333  97.333333    8.273 0.000   3.531 0.000
 99.333333 100.333333   10.441 0.000   4.949 0.000
102.333333 103.333333    8.797 0.000   2.704 0.000
105.333333 106.333333   18.095 0.000   8.575 0.000
108.333333 109.333333   10.691 0.000   4.351 0.000
111.333333 112.333333   19.782 0.000   9.056 0.000
114.333333 115.333333   12.874 0.000   3.291 0.000
117.333333 118.333333   25.849 0.000   5.263 0.000
120.333333 121.333333   28.144 0.000   8.701 0.000
123.333333 124.333333   39.632 0.000  10.696 0.000
126.333333 127.333333   11.671 0.000   5.607 0.000
129.333333 130.333333   34.482 0.000   9.050 0.000
132.333333 133.333333   17.082 0.000   3.642 0.000
135.333333 136.333333   22.617 0.000   4.838 0.000
138.333333 139.333333   30.886 0.000   7.692 0.000
141.333333 142.333333   27.420 0.000   8.172 0.000
144.333333 145.333333 9999.999 0.999 999.999 0.999
147.333333 148.333333   24.481 0.000   8.142 0.000
150.333333 151.333333   18.037 0.000   3.799 0.000
153.333333 154.333333   25.601 0.000   7.870 0.000
156.333333 157.333333   29.167 0.000   7.630 0.000
159.333333 160.333333   20.938 0.000   4.326 0.000
162.333333 163.333333   16.835 0.000   3.767 0.000
165.333333 166.333333   26.468 0.000   5.517 0.000
168.333333 169.333333   25.152 0.000   8.313 0.000
171.333333 172.333333   35.315 0.000  11.191 0.000
174.333333 175.333333   35.385 0.000  10.830 0.000
177.333333 178.333333   25.757 0.000   4.615 0.000
180.333333 181.333333   35.111 0.000   8.731 0.000
183.333333 184.333333   31.304 0.000   9.489 0.000
186.333333 187.333333   31.308 0.000   7.563 0.000
189.333333 190.333333   33.614 0.000  11.292 0.000
192.333333 193.333333   32.940 0.000   9.403 0.000
195.333333 196.333333   28.626 0.000   9.382 0.000
198.333333 199.333333   32.387 0.000   9.299 0.000
201.333333 202.333333   27.937 0.000   7.685 0.000
204.333333 205.333333   37.437 0.000   8.610 0.000
207.333333 208.333333   31.609 0.000   9.283 0.000
210.333333 211.333333   27.332 0.000   8.785 0.000
213.333333 214.333333   54.367 0.000  15.814 0.000
216.333333 217.333333   37.475 0.000  13.745 0.000
219.333333 220.333333   38.946 0.000  13.045 0.000
222.333333 223.333333   42.434 0.000  14.738 0.000
225.333333 226.333333   32.390 0.000   4.382 0.000
228.333333 229.333333   52.252 0.000  13.620 0.000
231.333333 232.333333   44.263 0.000  19.268 0.000
234.333333 235.333333   62.623 0.000  16.712 0.000
237.333333 238.333333   66.745 0.000  15.959 0.000
240.333333 241.333333   66.609 0.000  15.515 0.000
243.333333 244.333333   92.127 0.000  28.220 0.000
246.333333 247.333333   93.496 0.000  19.650 0.000
249.333333 250.333333   56.186 0.000  12.943 0.000
252.333333 253.333333   46.534 0.000  15.389 0.000
255.333333 256.333333   32.239 0.000   7.532 0.000
258.333333 259.333333   44.116 0.000  11.053 0.000
261.333333 262.333333   42.713 0.000   6.446 0.000
264.333333 265.333333   27.333 0.000   4.670 0.000
267.333333 268.333333   35.105 0.000   7.120 0.000
270.333333 271.333333   41.976 0.000   9.178 0.000
273.333333 274.333333   52.767 0.000   8.246 0.000
276.333333 277.333333   59.420 0.000  10.675 0.000
279.333333 280.333333   57.884 0.000  15.417 0.000
282.333333 283.333333   90.486 0.000  16.223 0.000
285.333333 286.333333   85.338 0.000  27.175 0.000
288.333333 289.333333   70.564 0.000  23.092 0.000
291.333333 292.333333   66.836 0.000  19.521 0.000
294.333333 295.333333   27.031 0.000  14.401 0.000
297.333333 298.333333   48.101 0.000  14.180 0.000
300.333333 301.333333   54.220 0.000  17.063 0.000
303.333333 304.333333   26.637 0.000   7.323 0.000
306.333333 307.333333   44.245 0.000  13.483 0.000
309.333333 310.333333   30.242 0.000  13.105 0.000
312.333333 313.333333   19.750 0.000   3.043 0.000
315.333333 316.333333   40.882 0.000  20.532 0.000
318.333333 319.333333   52.493 0.000  18.341 0.000
321.333333 322.333333   26.841 0.000  16.006 0.000
324.333333 325.333333   59.860 0.000  32.072 0.000
327.333333 328.333333   64.924 0.000  47.679 0.000
330.333333 331.333333    8.920 0.000   4.308 0.000
333.333333 334.333333   56.617 0.000  36.449 0.000
336.333333 337.333333   33.679 0.000  27.126 0.000
339.333333 340.333333   57.878 0.000  22.982 0.000
342.333333 343.333333   74.081 0.000  33.835 0.000
345.333333 346.333333   84.673 0.000  35.422 0.000
348.333333 349.333333  104.642 0.659  44.942 0.000
351.333333 352.333333   55.366 0.000  20.748 0.000
354.333333 355.333333   40.673 0.000  29.451 0.000
357.333333 358.333333   77.372 0.659  38.073 0.000
360.333333 361.333333   72.729 0.000  35.280 0.000
363.333333 364.333333   86.590 0.659 999.999 0.699
