scripts/IMPROVE-2019_partial/data/US0074R.20100102060000.20191216000000.filterpack...52w.3d.US03L_filterpack_US0074.US03L_IMPROVE_Davis.lev2.nas
52 1001
MISSING INFORMATION
US03L, IMPROVE, , , , , , , 
MISSING INFORMATION
IMPROVE sel_HTAP
1 1
2010 01 01 2019 12 16
3.00
days from file reference point
5
1 1 1 1 1
999.99 999.999 9.999 999.999 9.999
end_time of measurement, days from the file reference point
pm10_mass, ug/m3, Matrix=pm10
numflag pm10_mass, no unit, Matrix=pm10
pm25_mass, ug/m3, Matrix=pm25
numflag pm25_mass, no unit, Matrix=pm25
0
33
Data definition:              EBAS_1.1
Set type code:                TU
Timezone:                     UTC
File name:                    US0074R.20100102060000.20191216000000.filterpack...52w.3d.US03L_filterpack_US0074.US03L_IMPROVE_Davis.lev2.nas
File creation:                20191218120032
Startdate:                    20100102060000
Revision date:                20191216000000
Version:                      2
Version description:          "Data extracted from http://views.cira.colostate.edu/fed/DataWizard 2019-12-16"
Statistics:                   arithmetic mean
Data level:                   2
Period code:                  52w
Resolution code:              3d
Sample duration:              1d
Orig. time res.:              3d
Station code:                 US0074R
Platform code:                US0074S
Station name:                 Guadalupe Mountains NP
Station latitude:             31.833
Station longitude:            -104.8094
Station altitude:             1672.0 m
Regime:                       IMG
Component:                    
Unit:                         ug/m3
Matrix:                       
Laboratory code:              US03L
Instrument type:              filterpack
Instrument name:              filterpack_US0074
Method ref:                   US03L_IMPROVE_Davis
Blank correction:             Blank corrected
Volume std. temperature:      ambient
Volume std. pressure:         ambient
starttime endtime PM10 flag_PM10 PM2.5 flag_PM2.5
  1.25   2.25   1.274 0.000 999.999 0.999
  4.25   5.25   5.112 0.000 999.999 0.999
  7.25   8.25   6.929 0.000   2.211 0.000
 10.25  11.25   5.412 0.000   2.003 0.000
 13.25  14.25   8.543 0.000   3.142 0.000
 16.25  17.25   6.709 0.000   1.945 0.000
 19.25  20.25  36.526 0.000  10.071 0.000
 22.25  23.25   4.052 0.000   0.963 0.000
 25.25  26.25 999.999 0.999 999.999 0.999
 28.25  29.25   1.997 0.000   4.405 0.000
 31.25  32.25   4.597 0.000   2.558 0.000
 34.25  35.25   1.025 0.000   0.927 0.000
 37.25  38.25   3.700 0.000   2.000 0.000
 40.25  41.25   2.534 0.000   1.946 0.000
 43.25  44.25   3.752 0.000   1.685 0.000
 46.25  47.25   5.597 0.000   1.481 0.000
 49.25  50.25  10.525 0.000   3.508 0.000
 52.25  53.25   4.918 0.000   1.706 0.000
 55.25  56.25   5.517 0.000   2.348 0.000
 58.25  59.25  16.319 0.000   2.423 0.000
 61.25  62.25   4.834 0.000   2.701 0.000
 64.25  65.25   9.253 0.000   7.019 0.000
 67.25  68.25   5.193 0.000   1.897 0.000
 70.25  71.25   4.909 0.000   2.824 0.000
 73.25  74.25   4.646 0.000   1.836 0.000
 76.25  77.25   4.259 0.000   2.684 0.000
 79.25  80.25   5.191 0.000   2.762 0.000
 82.25  83.25   4.675 0.000   2.281 0.000
 85.25  86.25  11.967 0.000   3.439 0.000
 88.25  89.25  16.269 0.000   5.560 0.000
 91.25  92.25  11.044 0.000   3.470 0.000
 94.25  95.25  13.029 0.000   4.728 0.000
 97.25  98.25  12.175 0.000   4.968 0.000
100.25 101.25   9.731 0.000   3.511 0.000
103.25 104.25   2.094 0.000   1.302 0.000
106.25 107.25   1.306 0.000   0.858 0.000
109.25 110.25   6.558 0.000   4.239 0.000
112.25 113.25  12.284 0.000   2.112 0.000
115.25 116.25  13.920 0.000   4.537 0.000
118.25 119.25  68.488 0.000  20.403 0.000
121.25 122.25  17.497 0.000   3.490 0.000
124.25 125.25   8.711 0.000   2.855 0.000
127.25 128.25  21.003 0.000   3.511 0.000
130.25 131.25  21.549 0.000   7.135 0.000
133.25 134.25  15.683 0.000   7.272 0.000
136.25 137.25  11.829 0.000   6.486 0.000
139.25 140.25   7.853 0.000   3.501 0.000
142.25 143.25  16.256 0.000   5.989 0.000
145.25 146.25   9.843 0.000   6.990 0.000
148.25 149.25   8.043 0.000   4.995 0.000
151.25 152.25   8.325 0.000   3.772 0.000
154.25 155.25  12.126 0.000   4.702 0.000
157.25 158.25   0.366 0.000   0.241 0.000
160.25 161.25   5.491 0.000   2.167 0.000
163.25 164.25  14.870 0.000   4.750 0.000
166.25 167.25  13.132 0.000   3.938 0.659
169.25 170.25   7.317 0.000   2.609 0.659
172.25 173.25  23.289 0.000   5.464 0.659
175.25 176.25   9.188 0.000   3.751 0.659
178.25 179.25   7.727 0.000   2.420 0.659
181.25 182.25   5.002 0.000   3.600 0.659
184.25 185.25   5.625 0.000   2.671 0.659
187.25 188.25   7.761 0.000   3.961 0.659
190.25 191.25 999.999 0.999 999.999 0.999
193.25 194.25 999.999 0.999 999.999 0.999
196.25 197.25 999.999 0.999 999.999 0.999
199.25 200.25  17.262 0.000   7.585 0.659
202.25 203.25   6.176 0.000   2.816 0.659
205.25 206.25   7.292 0.000   3.311 0.659
208.25 209.25   8.454 0.000   4.714 0.659
211.25 212.25   2.702 0.000   1.598 0.659
214.25 215.25   5.046 0.000   2.797 0.659
217.25 218.25   9.553 0.000   3.728 0.659
220.25 221.25   4.928 0.000   2.506 0.659
223.25 224.25   9.867 0.000   4.514 0.659
226.25 227.25  16.168 0.000   9.220 0.659
229.25 230.25  11.827 0.000   5.197 0.659
232.25 233.25   7.729 0.000   4.390 0.659
235.25 236.25   6.044 0.000   2.538 0.659
238.25 239.25  12.126 0.000   6.607 0.659
241.25 242.25   4.993 0.000   3.475 0.659
244.25 245.25   3.479 0.000   1.896 0.659
247.25 248.25   5.258 0.000   2.293 0.659
250.25 251.25   3.477 0.000   1.462 0.659
253.25 254.25   6.824 0.000   2.168 0.659
256.25 257.25   5.795 0.000   3.694 0.659
259.25 260.25   1.984 0.000   1.234 0.659
262.25 263.25   1.822 0.000   0.953 0.659
265.25 266.25   2.200 0.000   0.721 0.659
268.25 269.25   7.582 0.000   4.073 0.659
271.25 272.25  13.758 0.000   3.677 0.659
274.25 275.25  13.834 0.000   4.621 0.659
277.25 278.25 999.999 0.456 999.999 0.456
280.25 281.25 999.999 0.456 999.999 0.456
283.25 284.25 999.999 0.456 999.999 0.456
286.25 287.25  16.102 0.000   5.305 0.659
289.25 290.25  11.295 0.000   4.317 0.659
292.25 293.25  17.575 0.000   9.111 0.659
295.25 296.25   7.138 0.000   1.992 0.659
298.25 299.25  11.578 0.000   2.151 0.659
301.25 302.25  13.621 0.000   4.022 0.659
304.25 305.25  10.186 0.000   2.591 0.659
307.25 308.25  12.692 0.000   3.147 0.659
310.25 311.25   8.193 0.000   2.177 0.659
313.25 314.25  10.383 0.000   2.389 0.659
316.25 317.25   5.619 0.000   2.058 0.659
319.25 320.25   7.315 0.000   1.868 0.659
322.25 323.25  16.125 0.000   3.910 0.659
325.25 326.25  10.453 0.000   2.313 0.659
328.25 329.25   6.462 0.000   3.189 0.659
331.25 332.25  70.218 0.000  17.405 0.659
334.25 335.25  15.220 0.000   4.997 0.659
337.25 338.25  25.563 0.000   3.992 0.659
340.25 341.25  15.202 0.000   2.990 0.659
343.25 344.25  23.595 0.000   4.636 0.659
346.25 347.25   9.598 0.000   2.600 0.659
349.25 350.25  18.089 0.000   5.047 0.659
352.25 353.25   5.858 0.000   5.063 0.659
355.25 356.25  15.779 0.000   6.908 0.659
358.25 359.25   3.438 0.000   1.525 0.659
361.25 362.25   8.624 0.000   2.864 0.659
364.25 365.25   6.313 0.000   4.460 0.659
