scripts/IMPROVE-2019_partial/data/US0061R.19980103050000.20191216000000.filterpack...1y.3d.US03L_filterpack_US0061.US03L_IMPROVE_Davis.lev2.nas
51 1001
MISSING INFORMATION
US03L, IMPROVE, , , , , , , 
MISSING INFORMATION
IMPROVE sel_HTAP
1 1
1998 01 01 2019 12 16
0
days from file reference point
4
1 1 1 1
999.999999 999.999 999.999 9.999
end_time of measurement, days from the file reference point
pm10_mass, ug/m3, Matrix=pm10
pm25_mass, ug/m3, Matrix=pm25
numflag, no unit
0
33
Data definition:              EBAS_1.1
Set type code:                TI
Timezone:                     UTC
File name:                    US0061R.19980103050000.20191216000000.filterpack...1y.3d.US03L_filterpack_US0061.US03L_IMPROVE_Davis.lev2.nas
File creation:                20191218115917
Startdate:                    19980103050000
Revision date:                20191216000000
Version:                      2
Version description:          "Data extracted from http://views.cira.colostate.edu/fed/DataWizard 2019-12-16"
Statistics:                   arithmetic mean
Data level:                   2
Period code:                  1y
Resolution code:              3d
Sample duration:              1d
Orig. time res.:              3d
Station code:                 US0061R
Platform code:                US0061S
Station name:                 Brigantine NWR
Station latitude:             39.465
Station longitude:            -74.4492
Station altitude:             5.0 m
Regime:                       IMG
Component:                    
Unit:                         ug/m3
Matrix:                       
Laboratory code:              US03L
Instrument type:              filterpack
Instrument name:              filterpack_US0061
Method ref:                   US03L_IMPROVE_Davis
Blank correction:             Blank corrected
Volume std. temperature:      ambient
Volume std. pressure:         ambient
starttime endtime PM10 PM2.5 flag
  2.208333   3.208333  26.891   9.921 0.000
  6.208333   7.208333  11.391   4.956 0.000
  9.208333  10.208333  16.579  10.995 0.000
 13.208333  14.208333  10.941   6.116 0.000
 16.208333  17.208333  13.838   5.518 0.000
 20.208333  21.208333  23.266  11.273 0.000
 23.208333  24.208333  14.146   4.598 0.000
 27.208333  28.208333  16.275   9.753 0.000
 30.208333  31.208333  26.738   8.175 0.000
 34.208333  35.208333  30.296  13.919 0.000
 37.208333  38.208333  41.992   6.408 0.000
 41.208333  42.208333  25.726   7.035 0.000
 44.208333  45.208333  17.835   2.724 0.000
 48.208333  49.208333  21.512   7.790 0.000
 51.208333  52.208333  18.072   6.822 0.000
 55.208333  56.208333 999.999 999.999 0.999
 58.208333  59.208333 999.999 999.999 0.999
 62.208333  63.208333  15.656   9.280 0.000
 65.208333  66.208333  11.976   7.097 0.000
 69.208333  70.208333  11.758   5.163 0.000
 72.208333  73.208333  40.230  11.614 0.000
 76.208333  77.208333  15.388   6.253 0.000
 79.208333  80.208333  29.514   4.441 0.000
 83.208333  84.208333  19.436   7.719 0.000
 86.208333  87.208333  43.024  12.309 0.000
 90.208333  91.208333  22.310   6.297 0.000
 93.208333  94.208333  25.942   6.024 0.000
 97.208333  98.208333 999.999 999.999 0.999
100.208333 101.208333  24.108   5.431 0.000
104.208333 105.208333  54.678  19.522 0.000
107.208333 108.208333  61.023   9.072 0.000
111.208333 112.208333  42.901   6.915 0.000
114.208333 115.208333  48.650   8.339 0.000
118.208333 119.208333  27.661   8.316 0.000
121.208333 122.208333  35.669   8.428 0.000
125.208333 126.208333  10.417   8.286 0.000
128.208333 129.208333   8.349   3.205 0.000
132.208333 133.208333  48.573  11.711 0.000
135.208333 136.208333  69.179  26.596 0.000
139.208333 140.208333  52.843  30.940 0.000
142.208333 143.208333  18.916   7.441 0.000
146.208333 147.208333  35.090  22.717 0.000
149.208333 150.208333  39.462  30.142 0.000
153.208333 154.208333  26.847  10.517 0.000
156.208333 157.208333  18.591   8.443 0.000
160.208333 161.208333  24.556  11.962 0.000
163.208333 164.208333  27.884  14.711 0.000
167.208333 168.208333 999.999 999.999 0.999
170.208333 171.208333 999.999 999.999 0.999
174.208333 175.208333  19.473  14.030 0.000
177.208333 178.208333  28.880  17.490 0.000
181.208333 182.208333  22.552  12.783 0.000
184.208333 185.208333  45.085  38.447 0.000
188.208333 189.208333  13.133   5.348 0.000
191.208333 192.208333  16.660   9.157 0.000
195.208333 196.208333  15.278   9.801 0.000
198.208333 199.208333  34.651  26.344 0.000
202.208333 203.208333  30.704  21.059 0.000
205.208333 206.208333  21.845   8.423 0.000
209.208333 210.208333  40.326  32.930 0.000
212.208333 213.208333  16.330   6.080 0.000
216.208333 217.208333  12.376   8.288 0.000
219.208333 220.208333  17.120   8.428 0.000
223.208333 224.208333  23.759  17.865 0.000
226.208333 227.208333  13.184   5.466 0.000
230.208333 231.208333  11.830   7.309 0.000
233.208333 234.208333  37.305  30.802 0.000
237.208333 238.208333  27.301  12.286 0.000
240.208333 241.208333  28.799  24.404 0.000
244.208333 245.208333  18.389  11.499 0.000
247.208333 248.208333  21.632  16.881 0.000
251.208333 252.208333  14.031   4.667 0.000
254.208333 255.208333  33.643  22.245 0.000
258.208333 259.208333  36.139  30.730 0.000
261.208333 262.208333  12.436   5.426 0.000
265.208333 266.208333   8.264   3.036 0.000
268.208333 269.208333  26.971  21.592 0.000
272.208333 273.208333  14.137   8.406 0.000
275.208333 276.208333   9.673   4.555 0.000
279.208333 280.208333  13.227   3.968 0.000
282.208333 283.208333   8.157   3.700 0.000
286.208333 287.208333  23.883   6.147 0.000
289.208333 290.208333  21.936   9.807 0.000
293.208333 294.208333  16.444   7.316 0.000
296.208333 297.208333  21.451   8.168 0.000
300.208333 301.208333  19.626  10.503 0.000
303.208333 304.208333   7.593   3.128 0.000
307.208333 308.208333  10.607   3.328 0.000
310.208333 311.208333  15.851   7.434 0.000
314.208333 315.208333  13.889   6.311 0.000
317.208333 318.208333  14.156   9.441 0.000
321.208333 322.208333  14.271  10.909 0.000
324.208333 325.208333  11.600   7.671 0.000
328.208333 329.208333   7.473   2.691 0.000
331.208333 332.208333  11.611   6.284 0.000
335.208333 336.208333  11.499   6.829 0.000
338.208333 339.208333  29.099  21.150 0.000
342.208333 343.208333  10.301   6.742 0.000
345.208333 346.208333  11.034   9.954 0.000
349.208333 350.208333  15.471   7.961 0.000
352.208333 353.208333  20.448   8.160 0.000
356.208333 357.208333  17.361   9.414 0.000
359.208333 360.208333  23.136  17.244 0.000
363.208333 364.208333  12.654  10.255 0.000
