scripts/IMPROVE-2019_partial/data/US0017R.20060102070000.20191216000000.filterpack..pm25.52w.1w.US03L_filterpack_US0017.US03L_IMPROVE_Davis.lev2.nas
66 1001
MISSING INFORMATION
US03L, IMPROVE, , , , , , , 
MISSING INFORMATION
IMPROVE sel_HTAP
1 1
2006 01 01 2019 12 16
3.000000
days from file reference point
27
1 1 1 1 1 1 1 1 1 1 1 1 1 1 1 1 1 1 1 1 1 1 1 1 1 1 1
999.999999 9999.99 9.999 999.99 9.999 9.999 9.999 99.99 9.999 9.999 9.999 99.999 9.999 99.999 9.999 9999.99 9.999 9999.999 9.999 9999.999 9.999 999.999 9.999 9.999 9.999 9.999 9.999
end_time of measurement, days from the file reference point
iron, ng/m3, Revision date=20181210133000
numflag iron, no unit, Revision date=20181210133000
lead, ng/m3, Revision date=20181210133000
numflag lead, no unit, Revision date=20181210133000
magnesium, ug/m3, Revision date=20181210133000
numflag magnesium, no unit, Revision date=20181210133000
nickel, ng/m3, Revision date=20181210133000
numflag nickel, no unit, Revision date=20181210133000
nitrate, ug N/m3, Revision date=20181210133000
numflag nitrate, no unit, Revision date=20181210133000
organic_carbon, ug C/m3, Revision date=20181210133000
numflag organic_carbon, no unit, Revision date=20181210133000
organic_mass, ug/m3, Revision date=20181210133000
numflag organic_mass, no unit, Revision date=20181210133000
phosphorus, ng/m3, Revision date=20181210133000
numflag phosphorus, no unit, Revision date=20181210133000
pm10_mass, ug/m3, Version=2, Version description=Data extracted from http://views.cira.colostate.edu/fed/DataWizard 2019-12-16, Sample duration=1d, Orig. time res.=3d, Matrix=pm10, Blank correction=Blank corrected, Volume std. temperature=ambient, Volume std. pressure=ambient
numflag pm10_mass, no unit, Version=2, Version description=Data extracted from http://views.cira.colostate.edu/fed/DataWizard 2019-12-16, Sample duration=1d, Orig. time res.=3d, Matrix=pm10, Blank correction=Blank corrected, Volume std. temperature=ambient, Volume std. pressure=ambient
pm10_pm25_mass, ug/m3, Revision date=20181210133000, Matrix=pm10_pm25
numflag pm10_pm25_mass, no unit, Revision date=20181210133000, Matrix=pm10_pm25
pm25_mass, ug/m3, Version=2, Version description=Data extracted from http://views.cira.colostate.edu/fed/DataWizard 2019-12-16, Sample duration=1d, Orig. time res.=3d, Blank correction=Blank corrected, Volume std. temperature=ambient, Volume std. pressure=ambient
numflag pm25_mass, no unit, Version=2, Version description=Data extracted from http://views.cira.colostate.edu/fed/DataWizard 2019-12-16, Sample duration=1d, Orig. time res.=3d, Blank correction=Blank corrected, Volume std. temperature=ambient, Volume std. pressure=ambient
potassium, ug/m3, Revision date=20181210133000
numflag potassium, no unit, Revision date=20181210133000
sulphate_total, ug S/m3, Revision date=20181210133000
numflag sulphate_total, no unit, Revision date=20181210133000
0
25
Data definition:              EBAS_1.1
Set type code:                TU
Timezone:                     UTC
File name:                    US0017R.20060102070000.20191216000000.filterpack..pm25.52w.1w.US03L_filterpack_US0017.US03L_IMPROVE_Davis.lev2.nas
File creation:                20191218115631
Startdate:                    20060102070000
Revision date:                20191216000000
Statistics:                   arithmetic mean
Data level:                   2
Period code:                  52w
Resolution code:              1w
Station code:                 US0017R
Platform code:                US0017S
Station name:                 Douglas
Station latitude:             31.3492
Station longitude:            -109.5397
Station altitude:             1230.0 m
Regime:                       IMG
Component:                    
Matrix:                       pm25
Laboratory code:              US03L
Instrument type:              filterpack
Instrument name:              filterpack_US0017
Method ref:                   US03L_IMPROVE_Davis
starttime endtime Fe flag_Fe Pb flag_Pb Mg++ flag_Mg++ Ni flag_Ni NO3- flag_NO3- OC flag_OC OM flag_OM P flag_P PM10 flag_PM10 PM10-PM2.5 flag_PM10-PM2.5 PM2.5 flag_PM2.5 K+ flag_K+ SO4-- flag_SO4--
[from data line 83]
250.291667 251.291667   53.08 0.000   3.12 0.000 0.010 0.000  0.20 0.000 0.019 0.559  0.568 0.559  1.022 0.559 9999.99 0.259   10.822 0.000    7.383 0.000   3.438 0.000 0.040 0.000 0.197 0.559
253.291667 254.291667   45.10 0.000   1.10 0.000 9.999 0.259 99.99 0.259 0.024 0.559  0.748 0.559  1.346 0.559 9999.99 0.259   11.083 0.000    7.020 0.000   4.064 0.000 0.051 0.000 0.290 0.559
256.291667 257.291667   59.68 0.000   3.46 0.000 9.999 0.259  0.21 0.000 0.052 0.559  1.063 0.000  1.914 0.000 9999.99 0.259   17.916 0.000   12.619 0.000   5.297 0.000 0.055 0.000 0.412 0.559
259.291667 260.291667   97.06 0.000   1.53 0.000 0.021 0.000 99.99 0.259 0.036 0.559  1.026 0.559  1.846 0.559 9999.99 0.259   24.340 0.000   18.943 0.000   5.397 0.000 0.081 0.000 0.178 0.559
262.291667 263.291667  160.09 0.000   3.17 0.000 0.032 0.000  0.39 0.000 0.032 0.559  0.899 0.000  1.619 0.000 9999.99 0.259   33.171 0.000   25.875 0.000   7.296 0.000 0.123 0.000 0.296 0.559
265.291667 266.291667   72.97 0.000   0.79 0.000 9.999 0.259  0.27 0.000 0.049 0.559  0.727 0.000  1.309 0.000 9999.99 0.259   23.488 0.000   18.406 0.000   5.081 0.000 0.064 0.000 0.319 0.559
268.291667 269.291667  160.46 0.000   2.29 0.000 0.031 0.000  0.12 0.000 0.029 0.559  1.483 0.000  2.670 0.000 9999.99 0.259   42.896 0.000   34.199 0.000   8.697 0.000 0.129 0.000 0.352 0.559
271.291667 272.291667  301.98 0.000   6.21 0.000 0.087 0.000 99.99 0.259 0.044 0.559  2.598 0.000  4.676 0.000 9999.99 0.259   36.989 0.000   22.257 0.000  14.732 0.000 0.277 0.000 0.215 0.559
274.291667 275.291667  177.88 0.000   2.30 0.000 0.059 0.000  0.31 0.000 0.040 0.559  1.471 0.000  2.648 0.000 9999.99 0.259   44.992 0.000   34.381 0.000  10.611 0.000 0.162 0.000 0.536 0.559
277.291667 278.291667  247.53 0.000   1.33 0.000 0.080 0.000  0.18 0.000 0.031 0.559  0.896 0.000  1.614 0.000 9999.99 0.259 9999.999 0.456 9999.999 0.999  11.012 0.000 0.186 0.000 0.559 0.559
280.291667 281.291667   51.85 0.000   2.00 0.000 9.999 0.259  0.18 0.000 0.033 0.559  1.117 0.000  2.010 0.000 9999.99 0.259 9999.999 0.456 9999.999 0.999   4.484 0.000 0.049 0.000 0.327 0.559
283.291667 284.291667  151.34 0.000   6.00 0.000 0.038 0.000  0.23 0.000 0.055 0.559  1.051 0.559  1.891 0.559 9999.99 0.259   28.906 0.000   20.215 0.000   8.692 0.000 0.113 0.000 0.582 0.559
286.291667 287.291667   61.61 0.000   3.13 0.000 9.999 0.259  0.18 0.000 0.047 0.559  0.806 0.000  1.451 0.000 9999.99 0.259   17.700 0.000   13.675 0.000   4.026 0.000 0.058 0.000 0.311 0.559
289.291667 290.291667  114.33 0.000   7.37 0.000 0.038 0.000  0.23 0.000 0.071 0.559  0.739 0.000  1.330 0.000 9999.99 0.259   29.368 0.000   23.035 0.000   6.333 0.000 0.093 0.000 0.415 0.559
292.291667 293.291667  132.70 0.000   1.96 0.000 9.999 0.259  0.10 0.000 0.060 0.559  0.916 0.559  1.648 0.559 9999.99 0.259   30.310 0.000   23.695 0.000   6.616 0.000 0.106 0.000 0.302 0.559
295.291667 296.291667  109.54 0.000   1.16 0.000 9.999 0.259 99.99 0.259 0.029 0.559  0.993 0.559  1.787 0.559 9999.99 0.259   21.682 0.000   15.848 0.000   5.833 0.000 0.084 0.000 0.298 0.559
298.291667 299.291667  113.73 0.000   1.11 0.000 0.034 0.000  0.27 0.000 0.060 0.559  0.647 0.000  1.165 0.000 9999.99 0.259   13.636 0.000    8.929 0.000   4.707 0.000 0.075 0.000 0.213 0.559
301.291667 302.291667  128.19 0.000   4.70 0.000 0.048 0.000  0.10 0.000 0.063 0.559  1.587 0.000  2.856 0.000 9999.99 0.259   31.931 0.000   25.129 0.000   6.802 0.000 0.135 0.000 0.188 0.559
304.291667 305.291667  192.73 0.000   2.10 0.000 0.047 0.000  0.30 0.000 0.041 0.559  1.200 0.559  2.160 0.559 9999.99 0.259   31.374 0.000   23.195 0.000   8.179 0.000 0.150 0.000 0.209 0.559
307.291667 308.291667  248.91 0.000   5.06 0.000 0.050 0.000 99.99 0.259 0.077 0.559  2.493 0.000  4.488 0.000 9999.99 0.259   47.136 0.000   34.757 0.000  12.380 0.000 0.216 0.000 0.297 0.559
310.291667 311.291667  212.29 0.000   1.93 0.000 9.999 0.259 99.99 0.259 0.042 0.559  1.878 0.559  3.381 0.559 9999.99 0.259   48.310 0.000   38.795 0.000   9.515 0.000 0.186 0.000 0.142 0.559
313.291667 314.291667  260.83 0.000   2.74 0.000 9.999 0.259  0.29 0.000 0.057 0.559  1.420 0.559  2.557 0.559 9999.99 0.259   33.405 0.000   22.049 0.000  11.356 0.000 0.209 0.000 0.289 0.559
316.291667 317.291667  122.67 0.000   1.83 0.000 9.999 0.259  0.29 0.000 0.061 0.559  1.091 0.559  1.964 0.559 9999.99 0.259   32.866 0.000   26.466 0.000   6.401 0.000 0.096 0.000 0.289 0.559
319.291667 320.291667  362.79 0.000   2.45 0.000 0.159 0.000 99.99 0.259 0.038 0.559  1.943 0.559  3.498 0.559 9999.99 0.259   33.974 0.000   21.060 0.000  12.914 0.000 0.268 0.000 0.122 0.559
322.291667 323.291667  132.96 0.000   1.47 0.000 0.027 0.000 99.99 0.259 0.030 0.559  1.093 0.559  1.967 0.559 9999.99 0.259   29.602 0.000   23.706 0.000   5.897 0.000 0.112 0.000 0.212 0.559
325.291667 326.291667  334.65 0.000   4.22 0.000 0.076 0.000  0.12 0.000 0.067 0.559  2.313 0.000  4.163 0.000 9999.99 0.259   59.235 0.000   45.270 0.000  13.964 0.000 0.251 0.000 0.478 0.559
328.291667 329.291667  199.98 0.000   2.70 0.000 0.043 0.000  0.26 0.000 0.047 0.559  2.079 0.000  3.742 0.000 9999.99 0.259   39.999 0.000   29.887 0.000  10.112 0.000 0.191 0.000 0.310 0.559
331.291667 332.291667   53.02 0.000   1.34 0.000 0.016 0.000  0.22 0.000 0.095 0.559  1.682 0.000  3.028 0.000 9999.99 0.259   22.833 0.000   17.413 0.000   5.420 0.000 0.076 0.000 0.245 0.559
334.291667 335.291667  224.87 0.000   1.52 0.000 0.054 0.000  0.14 0.000 0.049 0.559  2.206 0.000  3.971 0.000 9999.99 0.259   36.768 0.000   26.895 0.000   9.873 0.000 0.194 0.000 0.121 0.559
337.291667 338.291667   56.10 0.000   1.37 0.000 9.999 0.259 99.99 0.259 0.316 0.559  1.504 0.000  2.708 0.000 9999.99 0.259   20.931 0.000   14.120 0.000   6.811 0.000 0.064 0.000 0.471 0.559
340.291667 341.291667  282.02 0.000   1.91 0.000 9.999 0.259  0.19 0.000 0.125 0.559  1.455 0.000  2.619 0.000 9999.99 0.259   74.743 0.000   63.783 0.000  10.960 0.000 0.214 0.000 0.247 0.559
343.291667 344.291667  202.77 0.000   6.96 0.000 9.999 0.259 99.99 0.259 0.093 0.559  2.268 0.000  4.082 0.000 9999.99 0.259   35.313 0.000   24.621 0.000  10.693 0.000 0.196 0.000 0.247 0.559
346.291667 347.291667  263.73 0.000   2.10 0.000 9.999 0.259  0.23 0.000 0.070 0.559  2.253 0.000  4.055 0.000 9999.99 0.259   43.905 0.000   33.261 0.000  10.644 0.000 0.222 0.000 0.095 0.559
349.291667 350.291667  208.55 0.000  13.19 0.000 0.044 0.000 99.99 0.259 0.040 0.559  1.967 0.000  3.540 0.000 9999.99 0.259   43.083 0.000   33.107 0.000   9.975 0.000 0.189 0.000 0.244 0.559
352.291667 353.291667  109.90 0.000   0.75 0.000 0.029 0.000 99.99 0.259 0.067 0.559  0.778 0.000  1.400 0.000 9999.99 0.259   14.078 0.000    9.263 0.000   4.816 0.000 0.092 0.000 0.136 0.559
355.291667 356.291667  358.07 0.000   3.83 0.000 0.100 0.000 99.99 0.259 0.132 0.559  3.258 0.000  5.865 0.000 9999.99 0.259   59.066 0.000   42.589 0.000  16.476 0.000 0.320 0.000 0.237 0.559
358.291667 359.291667  134.88 0.000   3.34 0.000 0.026 0.000 99.99 0.259 0.073 0.559  1.900 0.000  3.420 0.000 9999.99 0.259   24.496 0.000   16.599 0.000   7.897 0.000 0.178 0.000 0.167 0.559
361.291667 362.291667  237.35 0.000   1.16 0.000 0.105 0.000 99.99 0.259 0.072 0.559  1.951 0.000  3.513 0.000 9999.99 0.259   28.661 0.000   18.466 0.000  10.195 0.000 0.214 0.000 0.063 0.559
364.291667 365.291667   76.82 0.000   3.60 0.000 9.999 0.259  0.15 0.000 0.528 0.559  2.740 0.000  4.932 0.000 9999.99 0.259   22.346 0.000   11.909 0.000  10.437 0.000 0.104 0.000 0.240 0.559
