scripts/IMPROVE-2019_partial/data/US0051R.20070103060000.20191216000000.filterpack...1y.3d.US03L_filterpack_US0051.US03L_IMPROVE_Davis.lev2.nas
51 1001
MISSING INFORMATION
US03L, IMPROVE, , , , , , , 
MISSING INFORMATION
IMPROVE sel_HTAP
1 1
2007 01 01 2019 12 16
3.00
days from file reference point
4
1 1 1 1
999.99 999.999 999.999 9.999
end_time of measurement, days from the file reference point
pm10_mass, ug/m3, Matrix=pm10
pm25_mass, ug/m3, Matrix=pm25
numflag, no unit
0
33
Data definition:              EBAS_1.1
Set type code:                TU
Timezone:                     UTC
File name:                    US0051R.20070103060000.20191216000000.filterpack...1y.3d.US03L_filterpack_US0051.US03L_IMPROVE_Davis.lev2.nas
File creation:                20191218115831
Startdate:                    20070103060000
Revision date:                20191216000000
Version:                      2
Version description:          "Data extracted from http://views.cira.colostate.edu/fed/DataWizard 2019-12-16"
Statistics:                   arithmetic mean
Data level:                   2
Period code:                  1y
Resolution code:              3d
Sample duration:              1d
Orig. time res.:              3d
Station code:                 US0051R
Platform code:                US0051S
Station name:                 El Dorado Springs
Station latitude:             37.7009
Station longitude:            -94.0348
Station altitude:             297.0 m
Regime:                       IMG
Component:                    
Unit:                         ug/m3
Matrix:                       
Laboratory code:              US03L
Instrument type:              filterpack
Instrument name:              filterpack_US0051
Method ref:                   US03L_IMPROVE_Davis
Blank correction:             Blank corrected
Volume std. temperature:      ambient
Volume std. pressure:         ambient
starttime endtime PM10 PM2.5 flag
  2.25   3.25 999.999 999.999 0.999
  5.25   6.25   5.765   4.411 0.000
  8.25   9.25   9.620   2.184 0.000
 11.25  12.25  10.833   7.949 0.000
 14.25  15.25   9.251   7.137 0.000
 17.25  18.25  10.255   7.948 0.000
 20.25  21.25   4.788   4.261 0.000
 23.25  24.25  15.553  13.196 0.000
 26.25  27.25   7.638   4.720 0.000
 29.25  30.25   9.164   3.835 0.000
 32.25  33.25   9.732   5.377 0.000
 35.25  36.25  12.044   6.080 0.000
 38.25  39.25  13.632   8.374 0.000
 41.25  42.25  18.833  13.425 0.000
 44.25  45.25  11.112   7.372 0.000
 47.25  48.25  14.957   7.753 0.000
 50.25  51.25  16.498   7.357 0.000
 53.25  54.25  17.310   5.552 0.000
 56.25  57.25   6.962   4.966 0.000
 59.25  60.25  15.768   8.567 0.000
 62.25  63.25  14.933   3.984 0.000
 65.25  66.25  33.620  19.999 0.000
 68.25  69.25  11.368   8.133 0.000
 71.25  72.25  26.604  17.619 0.000
 74.25  75.25  12.871   4.852 0.000
 77.25  78.25  29.193  19.021 0.000
 80.25  81.25  18.753   9.986 0.000
 83.25  84.25  14.842   8.527 0.000
 86.25  87.25  10.783   6.888 0.000
 89.25  90.25   6.784   4.060 0.000
 92.25  93.25  15.322   7.518 0.000
 95.25  96.25  20.681   7.781 0.000
 98.25  99.25  32.988   9.906 0.000
101.25 102.25  10.393   8.651 0.000
104.25 105.25  11.008   7.075 0.000
107.25 108.25  46.449   8.068 0.000
110.25 111.25  30.837  14.588 0.000
113.25 114.25  22.397  11.852 0.000
116.25 117.25   9.317   4.744 0.000
119.25 120.25  21.566  10.764 0.000
122.25 123.25  15.583   9.256 0.000
125.25 126.25  13.877   8.800 0.000
128.25 129.25 999.999 999.999 0.999
131.25 132.25 999.999 999.999 0.999
134.25 135.25 999.999 999.999 0.999
137.25 138.25  20.780   5.595 0.000
140.25 141.25  36.360  14.996 0.000
143.25 144.25  15.660   6.371 0.000
146.25 147.25  18.547  12.433 0.000
149.25 150.25  15.389  10.015 0.000
152.25 153.25   6.323   2.977 0.000
155.25 156.25  17.515   7.649 0.000
158.25 159.25  17.738   5.068 0.000
161.25 162.25  11.710   8.145 0.000
164.25 165.25  36.724  26.262 0.000
167.25 168.25  18.075  11.473 0.000
170.25 171.25  14.571   6.001 0.000
173.25 174.25  21.391   7.517 0.000
176.25 177.25  20.925   8.194 0.000
179.25 180.25  20.070  11.470 0.000
182.25 183.25  22.380  15.578 0.000
185.25 186.25  15.688   7.773 0.000
188.25 189.25  27.657  13.482 0.000
191.25 192.25  17.747   5.308 0.000
194.25 195.25  22.540   8.027 0.000
197.25 198.25  27.890  11.635 0.000
200.25 201.25  24.930   8.029 0.000
203.25 204.25  32.864  15.710 0.000
206.25 207.25  48.960  25.811 0.000
209.25 210.25  19.896  12.191 0.000
212.25 213.25 999.999 999.999 0.999
215.25 216.25 999.999 999.999 0.999
218.25 219.25 999.999 999.999 0.999
221.25 222.25  46.096  13.364 0.000
224.25 225.25  44.947  10.141 0.000
227.25 228.25  48.761  22.141 0.000
230.25 231.25  19.734   9.043 0.000
233.25 234.25  21.821   8.038 0.000
236.25 237.25  11.572   6.608 0.000
239.25 240.25  27.108  12.600 0.000
242.25 243.25  21.805   7.916 0.000
245.25 246.25  45.654  21.948 0.000
248.25 249.25  10.170   5.539 0.000
251.25 252.25  12.644   6.045 0.000
254.25 255.25 999.999 999.999 0.999
257.25 258.25 999.999 999.999 0.999
260.25 261.25 999.999 999.999 0.999
263.25 264.25 999.999 999.999 0.999
266.25 267.25 999.999 999.999 0.999
269.25 270.25  23.570   7.950 0.000
272.25 273.25  11.201   4.171 0.000
275.25 276.25  11.756   3.943 0.000
278.25 279.25  13.701   8.044 0.000
281.25 282.25   6.807   2.851 0.000
284.25 285.25  23.235   4.477 0.000
287.25 288.25   6.920   4.589 0.000
290.25 291.25  16.091   4.300 0.000
293.25 294.25  22.863   6.441 0.000
296.25 297.25  10.983   2.825 0.000
299.25 300.25  17.895   5.488 0.000
302.25 303.25  18.623   7.281 0.000
305.25 306.25  37.755   8.178 0.000
308.25 309.25  26.947   8.058 0.000
311.25 312.25  45.234   8.868 0.000
314.25 315.25  27.116  12.043 0.000
317.25 318.25  26.953   5.126 0.000
320.25 321.25  38.561   7.187 0.000
323.25 324.25  16.874  10.365 0.000
326.25 327.25  10.984   8.848 0.000
329.25 330.25  12.992   8.778 0.000
332.25 333.25  10.750   2.975 0.000
335.25 336.25  13.419   9.277 0.000
338.25 339.25  14.309   9.862 0.000
341.25 342.25   7.523   6.442 0.000
344.25 345.25 999.999 999.999 0.999
347.25 348.25 999.999 999.999 0.999
350.25 351.25 999.999 999.999 0.999
353.25 354.25  24.367  30.618 0.000
356.25 357.25   5.867   3.857 0.000
359.25 360.25 999.999 999.999 0.999
362.25 363.25  14.043  12.256 0.000
