scripts/IMPROVE-2019_partial/data/US0079R.20050101070000.20191216000000.filterpack..pm25.52w.1w.US03L_filterpack_US0079.US03L_IMPROVE_Davis.lev2.nas
66 1001
MISSING INFORMATION
US03L, IMPROVE, , , , , , , 
MISSING INFORMATION
IMPROVE sel_HTAP
1 1
2005 01 01 2019 12 16
3.000000
days from file reference point
27
1 1 1 1 1 1 1 1 1 1 1 1 1 1 1 1 1 1 1 1 1 1 1 1 1 1 1
999.999999 9999.99 9.999 99.99 9.999 9.999 9.999 9.99 9.999999 9.999 9.999 99.999 9.999 99.999 9.999 99.99 9.999999 999.999 9.999 999.999 9.999 99.999 9.999 9.999 9.999 9.999 9.999
end_time of measurement, days from the file reference point
iron, ng/m3, Revision date=20181210133000
numflag iron, no unit, Revision date=20181210133000
lead, ng/m3, Revision date=20181210133000
numflag lead, no unit, Revision date=20181210133000
magnesium, ug/m3, Revision date=20181210133000
numflag magnesium, no unit, Revision date=20181210133000
nickel, ng/m3, Revision date=20181210133000
numflag nickel, no unit, Revision date=20181210133000
nitrate, ug N/m3, Revision date=20181210133000
numflag nitrate, no unit, Revision date=20181210133000
organic_carbon, ug C/m3, Revision date=20181210133000
numflag organic_carbon, no unit, Revision date=20181210133000
organic_mass, ug/m3, Revision date=20181210133000
numflag organic_mass, no unit, Revision date=20181210133000
phosphorus, ng/m3, Revision date=20181210133000
numflag phosphorus, no unit, Revision date=20181210133000
pm10_mass, ug/m3, Version=2, Version description=Data extracted from http://views.cira.colostate.edu/fed/DataWizard 2019-12-16, Sample duration=1d, Orig. time res.=3d, Matrix=pm10, Blank correction=Blank corrected, Volume std. temperature=ambient, Volume std. pressure=ambient
numflag pm10_mass, no unit, Version=2, Version description=Data extracted from http://views.cira.colostate.edu/fed/DataWizard 2019-12-16, Sample duration=1d, Orig. time res.=3d, Matrix=pm10, Blank correction=Blank corrected, Volume std. temperature=ambient, Volume std. pressure=ambient
pm10_pm25_mass, ug/m3, Revision date=20181210133000, Matrix=pm10_pm25
numflag pm10_pm25_mass, no unit, Revision date=20181210133000, Matrix=pm10_pm25
pm25_mass, ug/m3, Version=2, Version description=Data extracted from http://views.cira.colostate.edu/fed/DataWizard 2019-12-16, Sample duration=1d, Orig. time res.=3d, Blank correction=Blank corrected, Volume std. temperature=ambient, Volume std. pressure=ambient
numflag pm25_mass, no unit, Version=2, Version description=Data extracted from http://views.cira.colostate.edu/fed/DataWizard 2019-12-16, Sample duration=1d, Orig. time res.=3d, Blank correction=Blank corrected, Volume std. temperature=ambient, Volume std. pressure=ambient
potassium, ug/m3, Revision date=20181210133000
numflag potassium, no unit, Revision date=20181210133000
sulphate_total, ug S/m3, Revision date=20181210133000
numflag sulphate_total, no unit, Revision date=20181210133000
0
25
Data definition:              EBAS_1.1
Set type code:                TU
Timezone:                     UTC
File name:                    US0079R.20050101070000.20191216000000.filterpack..pm25.52w.1w.US03L_filterpack_US0079.US03L_IMPROVE_Davis.lev2.nas
File creation:                20191218120045
Startdate:                    20050101070000
Revision date:                20191216000000
Statistics:                   arithmetic mean
Data level:                   2
Period code:                  52w
Resolution code:              1w
Station code:                 US0079R
Platform code:                US0079S
Station name:                 Capitol Reef NP
Station latitude:             38.3022
Station longitude:            -111.2926
Station altitude:             1896.0 m
Regime:                       IMG
Component:                    
Matrix:                       pm25
Laboratory code:              US03L
Instrument type:              filterpack
Instrument name:              filterpack_US0079
Method ref:                   US03L_IMPROVE_Davis
starttime endtime Fe flag_Fe Pb flag_Pb Mg++ flag_Mg++ Ni flag_Ni NO3- flag_NO3- OC flag_OC OM flag_OM P flag_P PM10 flag_PM10 PM10-PM2.5 flag_PM10-PM2.5 PM2.5 flag_PM2.5 K+ flag_K+ SO4-- flag_SO4--
  0.291667   1.291667    7.53 0.000  0.31 0.000 9.999 0.259 9.99 0.259000 0.022 0.000  0.119 0.000  0.214 0.000 99.99 0.259000   1.043 0.000   0.139 0.000  0.904 0.000 0.008 0.000 0.057 0.000
  3.291667   4.291667    0.46 0.000  0.28 0.000 9.999 0.259 0.18 0.000000 0.012 0.000  0.035 0.000  0.062 0.000 99.99 0.259000   0.267 0.000   0.008 0.000  0.259 0.000 0.000 0.000 0.020 0.000
  6.291667   7.291667    2.68 0.000  0.58 0.000 9.999 0.259 9.99 0.259000 0.034 0.000  0.257 0.000  0.462 0.000 99.99 0.259000   1.174 0.000   0.382 0.000  0.791 0.000 0.005 0.000 0.073 0.000
  9.291667  10.291667    1.48 0.000  0.22 0.000 9.999 0.259 0.17 0.000000 0.004 0.000  0.246 0.000  0.443 0.000 99.99 0.259000   0.373 0.000   0.072 0.000  0.301 0.000 0.002 0.000 0.008 0.000
 12.291667  13.291667   21.37 0.000  0.38 0.000 9.999 0.259 0.17 0.000000 0.013 0.000  0.092 0.000  0.165 0.000 99.99 0.259000   2.164 0.000   1.235 0.000  0.929 0.000 0.015 0.000 0.049 0.000
 15.291667  16.291667   15.63 0.000  0.36 0.000 9.999 0.259 9.99 0.259000 0.210 0.000  0.263 0.000  0.474 0.000 99.99 0.259000   3.048 0.000   0.963 0.000  2.084 0.000 0.010 0.000 0.097 0.000
 18.291667  19.291667    7.15 0.000  0.56 0.000 0.006 0.000 0.15 0.000000 0.092 0.000  0.332 0.000  0.597 0.000 99.99 0.259000   2.085 0.000   0.721 0.000  1.363 0.000 0.010 0.000 0.115 0.000
 21.291667  22.291667   10.71 0.000  0.15 0.000 9.999 0.259 9.99 0.259000 0.083 0.000  0.417 0.000  0.750 0.000 99.99 0.259000   2.007 0.000   0.631 0.000  1.376 0.000 0.015 0.000 0.103 0.000
 24.291667  25.291667   11.46 0.000  0.23 0.000 9.999 0.259 0.12 0.000000 0.266 0.000  0.399 0.000  0.719 0.000 99.99 0.259000   4.293 0.000   1.099 0.000  3.214 0.000 0.016 0.000 0.248 0.000
 27.291667  28.291667    1.44 0.000  0.19 0.000 9.999 0.259 0.29 0.000000 0.016 0.000  0.297 0.000  0.535 0.000 99.99 0.259000   0.539 0.000 999.999 0.259  0.576 0.000 0.002 0.000 0.060 0.000
 30.291667  31.291667    4.65 0.000  0.38 0.000 9.999 0.259 9.99 0.259000 0.065 0.000  0.190 0.000  0.342 0.000 99.99 0.259000   1.920 0.000   0.840 0.000  1.080 0.000 0.005 0.000 0.141 0.000
 33.291667  34.291667    8.35 0.000  0.67 0.000 9.999 0.259 9.99 0.259000 0.168 0.000  0.243 0.000  0.437 0.000 99.99 0.259000   2.465 0.000   0.643 0.000  1.821 0.000 0.009 0.000 0.156 0.000
 36.291667  37.291667    8.69 0.000  0.56 0.000 9.999 0.259 0.12 0.000000 0.057 0.000  0.273 0.000  0.491 0.000 99.99 0.259000   2.016 0.000   0.743 0.000  1.274 0.000 0.011 0.000 0.116 0.000
 39.291667  40.291667 9999.99 0.999 99.99 0.999 9.999 0.999 9.99 0.999000 9.999 0.999 99.999 0.999 99.999 0.999 99.99 0.999000 999.999 0.999 999.999 0.999 99.999 0.999 9.999 0.999 9.999 0.999
 42.291667  43.291667    7.39 0.000  0.40 0.000 9.999 0.259 9.99 0.259000 0.262 0.000  0.384 0.000  0.691 0.000 99.99 0.259000   3.518 0.000 999.999 0.259  3.557 0.000 0.008 0.000 0.386 0.000
 45.291667  46.291667   11.31 0.000  0.44 0.000 9.999 0.259 0.13 0.000000 0.036 0.000  0.210 0.000  0.377 0.000 99.99 0.259000   2.365 0.000   0.653 0.000  1.716 0.000 0.008 0.000 0.231 0.000
 48.291667  49.291667    6.74 0.000  0.56 0.000 9.999 0.259 9.99 0.259000 0.086 0.000  0.302 0.000  0.544 0.000 99.99 0.259000   3.003 0.000   0.270 0.000  2.733 0.000 0.006 0.000 0.437 0.000
 51.291667  52.291667    4.43 0.000  0.34 0.000 9.999 0.259 0.12 0.000000 0.015 0.000  0.189 0.000  0.339 0.000 99.99 0.259000   0.960 0.000   0.267 0.000  0.693 0.000 0.005 0.000 0.066 0.000
 54.291667  55.291667   15.45 0.000  0.31 0.000 9.999 0.259 0.10 0.000000 0.031 0.000  0.344 0.000  0.619 0.000 99.99 0.259000   2.829 0.000   1.113 0.000  1.716 0.000 0.010 0.000 0.149 0.000
 57.291667  58.291667   18.58 0.000  1.00 0.000 9.999 0.259 0.13 0.000000 0.231 0.000  0.352 0.000  0.634 0.000 99.99 0.259000   3.448 0.000   1.403 0.000  2.045 0.000 0.017 0.000 0.189 0.000
 60.291667  61.291667   20.44 0.000  1.00 0.000 9.999 0.259 9.99 0.259000 0.024 0.000  0.201 0.000  0.362 0.000 99.99 0.259000   2.702 0.000   1.503 0.000  1.199 0.000 0.013 0.000 0.144 0.000
 63.291667  64.291667   11.37 0.000  0.93 0.000 9.999 0.259 9.99 0.259000 0.025 0.000  0.350 0.000  0.630 0.000 99.99 0.259000   2.457 0.000   0.660 0.000  1.796 0.000 0.009 0.000 0.235 0.000
 66.291667  67.291667   29.58 0.000  1.08 0.000 9.999 0.259 9.99 0.259000 0.023 0.000  0.459 0.000  0.826 0.000 99.99 0.259000   3.308 0.000   1.600 0.000  1.730 0.000 0.030 0.000 0.118 0.000
 69.291667  70.291667   31.67 0.000  0.87 0.000 9.999 0.259 9.99 0.259000 0.165 0.000  0.652 0.000  1.175 0.000 99.99 0.259000   8.226 0.000   5.607 0.000  2.618 0.000 0.033 0.000 0.178 0.000
 72.291667  73.291667   29.19 0.000  0.99 0.000 9.999 0.259 9.99 0.259000 0.067 0.000  0.344 0.000  0.619 0.000 99.99 0.259000   4.588 0.000   2.868 0.000  1.720 0.000 0.020 0.000 0.189 0.000
 75.291667  76.291667   60.17 0.000  1.71 0.000 0.018 0.000 9.99 0.259000 0.031 0.000  0.439 0.000  0.789 0.000 99.99 0.259000   9.560 0.000   6.965 0.000  2.594 0.000 0.042 0.000 0.192 0.000
 78.291667  79.291667   10.41 0.000  0.36 0.000 9.999 0.259 9.99 0.259000 0.009 0.000  0.245 0.000  0.441 0.000 99.99 0.259000   1.085 0.000   0.602 0.000  0.483 0.000 0.008 0.000 0.051 0.000
 81.291667  82.291667    7.60 0.000  0.40 0.000 9.999 0.259 9.99 0.259000 0.009 0.000  0.012 0.000  0.021 0.000 99.99 0.259000   1.407 0.000   0.923 0.000  0.484 0.000 0.006 0.000 0.053 0.000
 84.291667  85.291667    5.65 0.000  0.39 0.000 9.999 0.259 9.99 0.259000 0.062 0.000  0.156 0.000  0.280 0.000 99.99 0.259000   1.707 0.000   0.599 0.000  1.108 0.000 0.008 0.000 0.151 0.000
 87.291667  88.291667    6.29 0.000  0.31 0.000 9.999 0.259 9.99 0.259000 0.006 0.000  0.066 0.000  0.119 0.000 99.99 0.259000   1.243 0.000   0.711 0.000  0.543 0.000 0.005 0.000 0.091 0.000
 90.291667  91.291667    9.17 0.000  0.74 0.000 9.999 0.259 0.13 0.000000 0.065 0.000  0.347 0.000  0.625 0.000 99.99 0.259000   2.532 0.000   1.131 0.000  1.401 0.000 0.011 0.000 0.192 0.000
 93.291667  94.291667   97.70 0.000  2.22 0.000 0.048 0.000 0.16 0.000000 0.066 0.000  0.334 0.000  0.601 0.000 99.99 0.259000   9.609 0.000   6.109 0.000  3.500 0.000 0.064 0.000 0.272 0.000
 96.291667  97.291667   72.63 0.000  1.95 0.000 0.032 0.000 9.99 0.259000 0.031 0.000  0.450 0.000  0.809 0.000 99.99 0.259000   7.632 0.000   3.952 0.000  3.679 0.000 0.060 0.000 0.320 0.000
 99.291667 100.291667   32.03 0.000  1.09 0.000 9.999 0.259 0.14 0.000000 0.050 0.000  0.109 0.000  0.197 0.000 99.99 0.259000   3.740 0.000   2.058 0.000  1.682 0.000 0.020 0.000 0.172 0.000
102.291667 103.291667  158.09 0.000  1.87 0.000 0.068 0.000 0.11 0.000000 0.037 0.000  0.344 0.000  0.620 0.000 99.99 0.259000   9.216 0.000   4.140 0.000  5.075 0.000 0.098 0.000 0.300 0.000
105.291667 106.291667  127.59 0.000  3.56 0.000 0.037 0.000 9.99 0.259000 0.054 0.000  0.451 0.000  0.811 0.000 99.99 0.259000  12.233 0.000   6.534 0.000  5.699 0.000 0.091 0.000 0.457 0.000
108.291667 109.291667  121.71 0.000  2.00 0.000 0.049 0.000 0.15 0.000000 0.100 0.000  0.458 0.000  0.824 0.000 99.99 0.259000  11.877 0.000   7.094 0.000  4.783 0.000 0.085 0.000 0.347 0.000
111.291667 112.291667   49.58 0.000  0.66 0.000 0.019 0.000 9.99 0.259000 0.026 0.000  0.339 0.000  0.610 0.000 99.99 0.259000   6.436 0.000   3.815 0.000  2.620 0.000 0.032 0.000 0.184 0.000
114.291667 115.291667    5.57 0.000  0.34 0.000 0.009 0.000 0.08 0.000000 0.005 0.000  0.203 0.000  0.365 0.000 99.99 0.259000   1.155 0.000   0.465 0.000  0.690 0.000 0.004 0.000 0.071 0.000
117.291667 118.291667   37.38 0.000  0.99 0.000 0.012 0.000 9.99 0.259000 0.042 0.000  0.286 0.000  0.514 0.000 99.99 0.259000   5.087 0.000   2.507 0.000  2.580 0.000 0.023 0.000 0.257 0.000
120.291667 121.291667   11.89 0.000  0.43 0.000 9.999 0.259 9.99 0.259000 0.013 0.000  0.231 0.000  0.417 0.000 99.99 0.259000   1.663 0.000   0.315 0.000  1.348 0.000 0.008 0.000 0.129 0.000
123.291667 124.291667   28.91 0.000  0.78 0.000 0.007 0.000 9.99 0.259000 0.021 0.000  0.293 0.000  0.527 0.000 99.99 0.259000   3.451 0.000   1.143 0.000  2.308 0.000 0.018 0.000 0.243 0.000
126.291667 127.291667   12.91 0.000  0.36 0.000 9.999 0.259 9.99 0.259000 0.004 0.000 99.999 0.259 99.999 0.259 99.99 0.259000   2.707 0.000   1.857 0.000  0.850 0.000 0.008 0.000 0.074 0.000
129.291667 130.291667  114.04 0.000  1.42 0.000 0.027 0.000 9.99 0.259000 0.042 0.000  0.266 0.000  0.479 0.000 99.99 0.259000  10.833 0.000   6.511 0.000  4.400 0.000 0.077 0.000 0.403 0.000
132.291667 133.291667   37.33 0.000  0.55 0.000 9.999 0.259 9.99 0.259000 0.014 0.000  0.170 0.000  0.306 0.000 99.99 0.259000   3.840 0.000   1.769 0.000  2.070 0.000 0.026 0.000 0.182 0.000
135.291667 136.291667  108.04 0.000  1.32 0.000 0.045 0.000 0.11 0.000000 0.053 0.000  0.594 0.000  1.068 0.000 99.99 0.259000  11.977 0.000   7.034 0.000  4.943 0.000 0.071 0.000 0.338 0.000
138.291667 139.291667   35.06 0.000  0.57 0.000 9.999 0.259 0.13 0.000000 0.029 0.000  0.755 0.000  1.359 0.000 99.99 0.259000   6.246 0.000   2.922 0.000  3.323 0.000 0.027 0.000 0.175 0.000
141.291667 142.291667   73.96 0.000  1.18 0.000 0.022 0.000 9.99 0.259000 0.027 0.000  0.702 0.000  1.264 0.000 99.99 0.259000   9.650 0.000   5.801 0.000  3.849 0.000 0.049 0.000 0.213 0.000
144.291667 145.291667   41.72 0.000  0.59 0.000 0.017 0.000 9.99 0.259000 0.028 0.000  0.693 0.000  1.247 0.000 99.99 0.259000   6.612 0.000   5.005 0.000  1.607 0.000 0.030 0.000 0.189 0.000
147.291667 148.291667   37.41 0.000  0.49 0.000 9.999 0.259 9.99 0.259000 0.032 0.000  0.703 0.000  1.265 0.000 99.99 0.259000  10.401 0.000   7.103 0.000  3.297 0.000 0.029 0.000 0.303 0.000
150.291667 151.291667   16.71 0.000  0.86 0.000 9.999 0.259 9.99 0.259000 0.011 0.000 99.999 0.999 99.999 0.999 99.99 0.259000   4.342 0.000   2.067 0.000  2.301 0.000 0.012 0.000 0.189 0.000
153.291667 154.291667   18.16 0.000  0.50 0.000 9.999 0.259 0.09 0.000000 0.017 0.000 99.999 0.999 99.999 0.999 99.99 0.259000   2.236 0.000   0.876 0.000  1.360 0.000 0.012 0.000 0.082 0.000
156.291667 157.291667   44.31 0.000  1.19 0.000 0.013 0.000 9.99 0.259000 0.065 0.000 99.999 0.999 99.999 0.999 99.99 0.259000   8.151 0.000   4.473 0.000  3.678 0.000 0.049 0.000 0.390 0.000
159.291667 160.291667   23.14 0.000  0.62 0.000 9.999 0.259 9.99 0.259000 0.028 0.000  0.428 0.000  0.771 0.000 99.99 0.259000   4.836 0.000   2.973 0.000  1.863 0.000 0.019 0.000 0.140 0.000
162.291667 163.291667   16.85 0.000  0.59 0.000 9.999 0.259 9.99 0.259000 0.010 0.000  0.422 0.000  0.760 0.000 99.99 0.259000   3.867 0.000   2.099 0.000  1.768 0.000 0.014 0.000 0.135 0.000
165.291667 166.291667   35.06 0.000  0.67 0.000 9.999 0.259 0.14 0.000000 0.028 0.000  1.240 0.000  2.231 0.000 99.99 0.259000   7.813 0.000   3.169 0.000  4.643 0.000 0.053 0.000 0.398 0.000
168.291667 169.291667   27.05 0.000  0.58 0.000 9.999 0.259 0.09 0.000000 0.018 0.000  0.375 0.000  0.674 0.000 99.99 0.259000   5.348 0.000   3.262 0.000  2.085 0.000 0.041 0.000 0.215 0.000
171.291667 172.291667   41.25 0.000  0.88 0.000 9.999 0.259 0.17 0.000000 0.024 0.000  1.518 0.000  2.733 0.000 99.99 0.259000  14.035 0.000   6.404 0.000  7.726 0.000 0.072 0.000 0.836 0.000
174.291667 175.291667   32.86 0.000  0.53 0.000 9.999 0.259 0.14 0.000000 0.033 0.000  1.706 0.000  3.070 0.000 99.99 0.259000   9.443 0.000   3.192 0.000  6.249 0.000 0.131 0.000 0.458 0.000
177.291667 178.291667   36.37 0.000  1.09 0.000 9.999 0.259 9.99 0.259000 0.047 0.000  1.704 0.000  3.067 0.000 99.99 0.259000   8.945 0.000   3.230 0.000  5.715 0.000 0.124 0.000 0.379 0.000
180.291667 181.291667   28.32 0.000  0.78 0.000 0.009 0.000 0.08 0.000000 0.032 0.000  1.605 0.000  2.889 0.000 99.99 0.259000   8.141 0.000   2.606 0.000  5.534 0.000 0.080 0.000 0.218 0.000
183.291667 184.291667   58.64 0.394  0.54 0.394 0.016 0.394 9.99 0.394259 0.090 0.394  1.971 0.000  3.549 0.000 99.99 0.394259  16.382 0.000   8.469 0.000  7.858 0.000 0.142 0.394 0.452 0.394
186.291667 187.291667   57.05 0.000  0.41 0.000 9.999 0.259 9.99 0.259000 0.013 0.000  0.718 0.000  1.293 0.000 99.99 0.259000   8.714 0.000   5.134 0.000  3.636 0.000 0.056 0.000 0.237 0.000
189.291667 190.291667 9999.99 0.999 99.99 0.999 9.999 0.999 9.99 0.999000 9.999 0.999 99.999 0.999 99.999 0.999 99.99 0.999000 999.999 0.999 999.999 0.999 99.999 0.999 9.999 0.999 9.999 0.999
192.291667 193.291667 9999.99 0.999 99.99 0.999 9.999 0.999 9.99 0.999000 9.999 0.999 99.999 0.999 99.999 0.999 99.99 0.999000 999.999 0.999 999.999 0.999 99.999 0.999 9.999 0.999 9.999 0.999
195.291667 196.291667   60.09 0.000  0.78 0.000 0.012 0.000 9.99 0.259000 0.019 0.000  1.466 0.000  2.639 0.000 99.99 0.259000  14.636 0.000   8.477 0.000  6.159 0.000 0.062 0.000 0.334 0.000
198.291667 199.291667   39.90 0.000  0.37 0.000 9.999 0.259 9.99 0.259000 0.094 0.000  3.494 0.000  6.288 0.000 99.99 0.259000  16.244 0.000   6.707 0.000  9.536 0.000 0.365 0.000 0.261 0.000
201.291667 202.291667   44.84 0.000  0.28 0.000 9.999 0.259 0.10 0.000000 0.030 0.000  2.996 0.000  5.393 0.000 99.99 0.259000  21.381 0.000  12.307 0.000  9.082 0.000 0.138 0.000 0.416 0.000
204.291667 205.291667   27.04 0.000  0.38 0.000 9.999 0.259 9.99 0.259000 0.023 0.000  3.439 0.000  6.190 0.000 99.99 0.259000  19.389 0.000   9.605 0.000  9.783 0.000 0.181 0.000 0.331 0.000
207.291667 208.291667   30.64 0.000  0.11 0.000 9.999 0.259 0.08 0.000000 0.012 0.000  0.559 0.559  1.006 0.559 99.99 0.259000   5.630 0.000   3.493 0.000  2.137 0.000 0.024 0.000 0.101 0.000
210.291667 211.291667   23.04 0.000  0.13 0.000 9.999 0.259 9.99 0.259000 0.009 0.000  0.624 0.559  1.124 0.559 99.99 0.259000   5.969 0.000   3.173 0.000  2.796 0.000 0.020 0.000 0.222 0.000
213.291667 214.291667   45.63 0.000  0.25 0.000 9.999 0.259 9.99 0.259000 0.013 0.000  0.819 0.559  1.475 0.559 99.99 0.259000   4.054 0.000   0.873 0.000  3.180 0.000 0.025 0.000 0.177 0.000
216.291667 217.291667   32.28 0.000  0.16 0.000 9.999 0.259 0.06 0.000000 0.010 0.000  0.610 0.559  1.098 0.559 99.99 0.259000   4.578 0.000   1.507 0.000  3.071 0.000 0.022 0.000 0.265 0.000
219.291667 220.291667   14.50 0.000  0.24 0.000 9.999 0.259 9.99 0.259000 0.005 0.000  0.415 0.559  0.747 0.559 99.99 0.259000   4.130 0.000   2.047 0.000  2.083 0.000 0.011 0.000 0.195 0.000
222.291667 223.291667   16.32 0.000  0.25 0.000 9.999 0.259 9.99 0.259000 0.009 0.000  0.676 0.559  1.216 0.559 99.99 0.259000   3.960 0.000   1.222 0.000  2.739 0.000 0.013 0.000 0.229 0.000
225.291667 226.291667   13.13 0.000  0.13 0.000 9.999 0.259 9.99 0.259000 0.006 0.000  0.439 0.559  0.791 0.559 99.99 0.259000   3.763 0.000   1.521 0.000  2.242 0.000 0.019 0.000 0.183 0.000
228.291667 229.291667   26.11 0.000 99.99 0.259 9.999 0.259 0.17 0.000000 0.018 0.000  0.280 0.000  0.503 0.000 99.99 0.259000   6.456 0.000   3.543 0.000  2.913 0.000 0.020 0.000 0.320 0.000
231.291667 232.291667   13.13 0.000  0.18 0.000 9.999 0.259 9.99 0.259000 0.008 0.000  0.188 0.000  0.339 0.000 99.99 0.259000   3.695 0.000   2.027 0.000  1.667 0.000 0.011 0.000 0.184 0.000
234.291667 235.291667   23.51 0.000  0.23 0.000 9.999 0.259 9.99 0.259000 0.007 0.000  0.417 0.000  0.750 0.000 99.99 0.259000   4.918 0.000   1.758 0.000  3.159 0.000 0.015 0.000 0.420 0.000
237.291667 238.291667   17.92 0.000  0.29 0.000 9.999 0.259 0.12 0.000000 0.024 0.000  0.300 0.000  0.540 0.000 99.99 0.259000   5.383 0.000   2.206 0.000  3.176 0.000 0.016 0.000 0.406 0.000
240.291667 241.291667 9999.99 0.999 99.99 0.999 9.999 0.999 9.99 0.999000 9.999 0.999 99.999 0.999 99.999 0.999 99.99 0.999000 999.999 0.999 999.999 0.999 99.999 0.999 9.999 0.999 9.999 0.999
243.291667 244.291667   60.57 0.000  0.47 0.000 9.999 0.259 0.04 0.000000 0.037 0.000  0.823 0.000  1.482 0.000 99.99 0.259000   9.024 0.000   5.067 0.000  3.957 0.000 0.088 0.000 0.136 0.000
246.291667 247.291667   25.31 0.000  0.50 0.000 9.999 0.259 0.11 0.000000 0.018 0.000  0.898 0.559  1.617 0.559 99.99 0.259000   4.801 0.000   1.804 0.000  2.996 0.000 0.021 0.000 0.227 0.000
