scripts/IMPROVE-2019_partial/data/US0020R.20000101080000.20191216000000.filterpack..pm25.52w.1w.US03L_filterpack_US0020.US03L_IMPROVE_Davis.lev2.nas
64 1001
MISSING INFORMATION
US03L, IMPROVE, , , , , , , 
MISSING INFORMATION
IMPROVE sel_HTAP
1 1
2000 01 01 2019 12 16
0
days from file reference point
25
1 1 1 1 1 1 1 1 1 1 1 1 1 1 1 1 1 1 1 1 1 1 1 1 1
999.999999 9999.99 9.999999 99.99 9.999999999 9.999 9.999999999 99.99 9.999999999 9.999 9.999999 99.999 9.999 99.999 9.999 999.999 9.999 999.999 9.999 999.999 9.999 9.999 9.999999 9.999 9.999999
end_time of measurement, days from the file reference point
iron, ng/m3, Revision date=20181210133000
numflag iron, no unit, Revision date=20181210133000
lead, ng/m3, Revision date=20181210133000
numflag lead, no unit, Revision date=20181210133000
magnesium, ug/m3, Revision date=20181210133000
numflag magnesium, no unit, Revision date=20181210133000
nickel, ng/m3, Revision date=20181210133000
numflag nickel, no unit, Revision date=20181210133000
nitrate, ug N/m3, Revision date=20181210133000
numflag nitrate, no unit, Revision date=20181210133000
organic_carbon, ug C/m3, Revision date=20181210133000
numflag organic_carbon, no unit, Revision date=20181210133000
organic_mass, ug/m3, Revision date=20181210133000
numflag organic_mass, no unit, Revision date=20181210133000
pm10_mass, ug/m3, Version=2, Version description=Data extracted from http://views.cira.colostate.edu/fed/DataWizard 2019-12-16, Sample duration=1d, Orig. time res.=3d, Matrix=pm10, Blank correction=Blank corrected, Volume std. temperature=ambient, Volume std. pressure=ambient
numflag pm10_mass, no unit, Version=2, Version description=Data extracted from http://views.cira.colostate.edu/fed/DataWizard 2019-12-16, Sample duration=1d, Orig. time res.=3d, Matrix=pm10, Blank correction=Blank corrected, Volume std. temperature=ambient, Volume std. pressure=ambient
pm10_pm25_mass, ug/m3, Revision date=20181210133000, Matrix=pm10_pm25
numflag pm10_pm25_mass, no unit, Revision date=20181210133000, Matrix=pm10_pm25
pm25_mass, ug/m3, Version=2, Version description=Data extracted from http://views.cira.colostate.edu/fed/DataWizard 2019-12-16, Sample duration=1d, Orig. time res.=3d, Blank correction=Blank corrected, Volume std. temperature=ambient, Volume std. pressure=ambient
numflag pm25_mass, no unit, Version=2, Version description=Data extracted from http://views.cira.colostate.edu/fed/DataWizard 2019-12-16, Sample duration=1d, Orig. time res.=3d, Blank correction=Blank corrected, Volume std. temperature=ambient, Volume std. pressure=ambient
potassium, ug/m3, Revision date=20181210133000
numflag potassium, no unit, Revision date=20181210133000
sulphate_total, ug S/m3, Revision date=20181210133000
numflag sulphate_total, no unit, Revision date=20181210133000
0
25
Data definition:              EBAS_1.1
Set type code:                TI
Timezone:                     UTC
File name:                    US0020R.20000101080000.20191216000000.filterpack..pm25.52w.1w.US03L_filterpack_US0020.US03L_IMPROVE_Davis.lev2.nas
File creation:                20191218115644
Startdate:                    20000101080000
Revision date:                20191216000000
Statistics:                   arithmetic mean
Data level:                   2
Period code:                  52w
Resolution code:              1w
Station code:                 US0020R
Platform code:                US0020S
Station name:                 Death Valley NP
Station latitude:             36.5089
Station longitude:            -116.8478
Station altitude:             130.0 m
Regime:                       IMG
Component:                    
Matrix:                       pm25
Laboratory code:              US03L
Instrument type:              filterpack
Instrument name:              filterpack_US0020
Method ref:                   US03L_IMPROVE_Davis
starttime endtime Fe flag_Fe Pb flag_Pb Mg++ flag_Mg++ Ni flag_Ni NO3- flag_NO3- OC flag_OC OM flag_OM PM10 flag_PM10 PM10-PM2.5 flag_PM10-PM2.5 PM2.5 flag_PM2.5 K+ flag_K+ SO4-- flag_SO4--
[from data line 78]
267.333333 268.333333   16.19 0.000000 99.99 0.259000000 9.999 0.259000000 99.99 0.259000000 0.017 0.000000  0.352 0.000  0.492 0.000   4.643 0.000   2.892 0.000   1.751 0.000 0.017 0.000000 0.154 0.000000
270.333333 271.333333   46.47 0.000000  0.26 0.000000000 9.999 0.259000000 99.99 0.259000000 0.029 0.000000  0.182 0.000  0.254 0.000   8.660 0.000   6.207 0.000   2.453 0.000 0.028 0.000000 0.245 0.000000
273.333333 274.333333   26.60 0.000000 99.99 0.259000000 9.999 0.259000000 99.99 0.259000000 0.037 0.000000  0.413 0.000  0.578 0.000   6.786 0.000   3.990 0.000   2.795 0.000 0.030 0.000000 0.389 0.000000
276.333333 277.333333   65.79 0.000000  0.55 0.000000000 9.999 0.259000000 99.99 0.259000000 0.064 0.000000  0.976 0.000  1.366 0.000  12.012 0.000   6.507 0.000   5.505 0.000 0.053 0.000000 0.540 0.000000
279.333333 280.333333   53.72 0.000000  0.30 0.000000000 9.999 0.259000000 99.99 0.259000000 0.037 0.000000  0.338 0.000  0.473 0.000  10.595 0.000   6.910 0.000   3.685 0.000 0.038 0.000000 0.481 0.000000
282.333333 283.333333  101.75 0.000000  0.58 0.000000000 9.999 0.259000000 99.99 0.259000000 0.092 0.000000  0.659 0.000  0.923 0.000  23.997 0.000  17.747 0.000   6.250 0.000 0.082 0.000000 0.658 0.000000
285.333333 286.333333   19.10 0.000000  0.24 0.000000000 9.999 0.259000000 99.99 0.259000000 0.108 0.000000  1.252 0.000  1.753 0.000   9.353 0.000   6.864 0.000   2.488 0.000 0.018 0.000000 0.201 0.000000
288.333333 289.333333   17.35 0.000000  0.43 0.000000000 9.999 0.259000000 99.99 0.259000000 0.017 0.000000  1.188 0.000  1.664 0.000   5.456 0.000   2.316 0.000   3.141 0.000 0.020 0.000000 0.382 0.000000
291.333333 292.333333   32.86 0.000000  0.33 0.000000000 9.999 0.259000000 99.99 0.259000000 0.028 0.000000  0.800 0.000  1.119 0.000   6.903 0.000   4.321 0.000   2.583 0.000 0.023 0.000000 0.324 0.000000
294.333333 295.333333  120.69 0.559000  0.24 0.559000000 9.999 0.559259000 99.99 0.559259000 0.054 0.000000  1.343 0.000  1.880 0.000  26.299 0.000  19.947 0.000   6.352 0.559 0.125 0.559000 0.330 0.000000
297.333333 298.333333   30.18 0.000000  0.21 0.000000000 9.999 0.259000000 99.99 0.259000000 0.038 0.000000  0.610 0.000  0.854 0.000   3.975 0.000   1.733 0.000   2.242 0.000 0.020 0.000000 0.213 0.000000
300.333333 301.333333   14.52 0.000000 99.99 0.259000000 9.999 0.259000000 99.99 0.259000000 0.082 0.000000  0.119 0.000  0.166 0.000   4.361 0.000   2.990 0.000   1.371 0.000 0.013 0.000000 0.139 0.000000
303.333333 304.333333   15.98 0.000000 99.99 0.259000000 9.999 0.259000000 99.99 0.259000000 0.019 0.000000  0.088 0.000  0.124 0.000   3.351 0.000   2.625 0.000   0.726 0.000 0.014 0.000000 0.062 0.000000
306.333333 307.333333   29.00 0.000000  0.37 0.000000000 9.999 0.259000000 99.99 0.259000000 0.021 0.000000  0.234 0.000  0.327 0.000   5.291 0.000   3.682 0.000   1.609 0.000 0.022 0.000000 0.110 0.000000
309.333333 310.333333   36.36 0.000000  0.49 0.000000000 9.999 0.259000000 99.99 0.259000000 0.029 0.000000  0.388 0.000  0.543 0.000   5.614 0.000   2.830 0.000   2.784 0.000 0.030 0.000000 0.381 0.000000
312.333333 313.333333   14.26 0.000000  0.21 0.000000000 9.999 0.259000000 99.99 0.259000000 0.024 0.000000  0.160 0.000  0.223 0.000   6.258 0.000   4.602 0.000   1.656 0.000 0.016 0.000000 0.134 0.000000
315.333333 316.333333    7.22 0.000000 99.99 0.259000000 9.999 0.259000000 99.99 0.259000000 0.019 0.000000  0.221 0.000  0.310 0.000   2.924 0.000   1.553 0.000   1.371 0.000 0.018 0.000000 0.096 0.000000
318.333333 319.333333   18.33 0.000000  0.39 0.000000000 9.999 0.259000000 99.99 0.259000000 0.094 0.000000  0.296 0.000  0.414 0.000   4.277 0.000   2.298 0.000   1.979 0.000 0.027 0.000000 0.133 0.000000
321.333333 322.333333   11.62 0.559000  0.20 0.559000000 9.999 0.559259000 99.99 0.559259000 0.011 0.000000  0.557 0.000  0.780 0.000   6.295 0.000   3.669 0.000   2.625 0.559 0.018 0.559000 0.253 0.000000
324.333333 325.333333   15.63 0.000000  0.38 0.000000000 9.999 0.259000000 99.99 0.259000000 0.008 0.000000  0.181 0.000  0.254 0.000   4.386 0.000   2.606 0.000   1.780 0.000 0.016 0.000000 0.159 0.000000
327.333333 328.333333   63.66 0.000000  0.52 0.000000000 9.999 0.259000000 99.99 0.259000000 0.070 0.000000  0.619 0.000  0.867 0.000  14.696 0.000  10.774 0.000   3.923 0.000 0.061 0.000000 0.184 0.000000
330.333333 331.333333   33.88 0.000000  1.08 0.000000000 9.999 0.259000000 99.99 0.259000000 0.017 0.000000  0.310 0.000  0.434 0.000   6.097 0.000   3.772 0.000   2.325 0.000 0.033 0.000000 0.140 0.000000
333.333333 334.333333   53.80 0.000000  0.63 0.000000000 9.999 0.259000000 99.99 0.259000000 0.067 0.559000  0.485 0.000  0.680 0.000   7.308 0.000   4.763 0.000   2.544 0.000 0.041 0.000000 0.131 0.559000
336.333333 337.333333   34.89 0.000000  0.61 0.000000000 9.999 0.259000000 99.99 0.259000000 0.035 0.000000  0.355 0.000  0.497 0.000   6.581 0.000   4.225 0.000   2.356 0.000 0.031 0.000000 0.153 0.000000
339.333333 340.333333   22.26 0.000000  0.83 0.000000000 9.999 0.259000000 99.99 0.259000000 0.023 0.000000  0.196 0.000  0.275 0.000   4.162 0.000   2.341 0.000   1.821 0.000 0.022 0.000000 0.180 0.000000
342.333333 343.333333   26.31 0.000000  0.91 0.000000000 9.999 0.259000000 99.99 0.259000000 0.015 0.000000  0.172 0.000  0.241 0.000   8.650 0.000   6.936 0.000   1.714 0.000 0.024 0.000000 0.161 0.000000
345.333333 346.333333   49.97 0.000000  0.98 0.000000000 9.999 0.259000000 99.99 0.259000000 0.298 0.000000  1.393 0.000  1.950 0.000  10.072 0.000   4.360 0.000   5.712 0.000 0.063 0.000000 0.361 0.000000
348.333333 349.333333   21.73 0.000000  0.33 0.000000000 9.999 0.259000000 99.99 0.259000000 0.125 0.000000  0.429 0.000  0.600 0.000   6.944 0.000   4.329 0.000   2.615 0.000 0.028 0.000000 0.152 0.000000
351.333333 352.333333   54.28 0.000000  0.24 0.000000000 9.999 0.259000000 99.99 0.259000000 0.037 0.000000  0.088 0.000  0.124 0.000  16.122 0.000  13.566 0.000   2.557 0.000 0.053 0.000000 0.108 0.000000
354.333333 355.333333   20.59 0.000000  0.18 0.000000000 9.999 0.259000000 99.99 0.259000000 0.008 0.000000  0.044 0.000  0.062 0.000   2.705 0.000   1.837 0.000   0.868 0.000 0.017 0.000000 0.055 0.000000
357.333333 358.333333   23.37 0.559000  0.43 0.559000000 9.999 0.559259000 99.99 0.559259000 0.078 0.000000  0.194 0.000  0.271 0.000   3.392 0.000   1.934 0.000   1.458 0.559 0.026 0.559000 0.126 0.000000
360.333333 361.333333   10.41 0.000000 99.99 0.259000000 9.999 0.259000000 99.99 0.259000000 0.010 0.000000  0.017 0.000  0.023 0.000   3.375 0.000   2.821 0.000   0.554 0.000 0.011 0.000000 0.069 0.000000
363.333333 364.333333   32.95 0.559000  0.53 0.559000000 9.999 0.559259000 99.99 0.559259000 0.011 0.000000  0.086 0.000  0.121 0.000   4.833 0.000   3.647 0.000   1.186 0.559 0.027 0.559000 0.083 0.000000
