scripts/IMPROVE-2019_partial/data/US0034R.20080101060000.20191216000000.filterpack...52w.3d.US03L_filterpack_US0034.US03L_IMPROVE_Davis.lev2.nas
52 1001
MISSING INFORMATION
US03L, IMPROVE, , , , , , , 
MISSING INFORMATION
IMPROVE sel_HTAP
1 1
2008 01 01 2019 12 16
3.00
days from file reference point
5
1 1 1 1 1
999.99 999.999 9.999 999.999 9.999
end_time of measurement, days from the file reference point
pm10_mass, ug/m3, Matrix=pm10
numflag pm10_mass, no unit, Matrix=pm10
pm25_mass, ug/m3, Matrix=pm25
numflag pm25_mass, no unit, Matrix=pm25
0
33
Data definition:              EBAS_1.1
Set type code:                TU
Timezone:                     UTC
File name:                    US0034R.20080101060000.20191216000000.filterpack...52w.3d.US03L_filterpack_US0034.US03L_IMPROVE_Davis.lev2.nas
File creation:                20191218115740
Startdate:                    20080101060000
Revision date:                20191216000000
Version:                      2
Version description:          "Data extracted from http://views.cira.colostate.edu/fed/DataWizard 2019-12-16"
Statistics:                   arithmetic mean
Data level:                   2
Period code:                  52w
Resolution code:              3d
Sample duration:              1d
Orig. time res.:              3d
Station code:                 US0034R
Platform code:                US0034S
Station name:                 Lake Sugema 2
Station latitude:             40.6932
Station longitude:            -92.0059
Station altitude:             229.0 m
Regime:                       IMG
Component:                    
Unit:                         ug/m3
Matrix:                       
Laboratory code:              US03L
Instrument type:              filterpack
Instrument name:              filterpack_US0034
Method ref:                   US03L_IMPROVE_Davis
Blank correction:             Blank corrected
Volume std. temperature:      ambient
Volume std. pressure:         ambient
starttime endtime PM10 flag_PM10 PM2.5 flag_PM2.5
  0.25   1.25  12.378 0.000 999.999 0.456
  3.25   4.25  12.347 0.000   7.326 0.000
  6.25   7.25  12.698 0.000   8.624 0.000
  9.25  10.25  19.905 0.000  18.539 0.000
 12.25  13.25  11.870 0.000  10.760 0.000
 15.25  16.25  18.787 0.000  14.300 0.000
 18.25  19.25  11.041 0.000   5.352 0.000
 21.25  22.25  13.965 0.000   9.364 0.000
 24.25  25.25  16.752 0.000   5.649 0.000
 27.25  28.25  14.647 0.000   5.967 0.000
 30.25  31.25  15.120 0.000   9.291 0.000
 33.25  34.25  29.547 0.000  23.400 0.000
 36.25  37.25   8.217 0.000   6.443 0.000
 39.25  40.25  21.161 0.000  14.549 0.000
 42.25  43.25  22.053 0.000  16.284 0.000
 45.25  46.25  12.301 0.000   7.940 0.000
 48.25  49.25   7.864 0.000   5.169 0.000
 51.25  52.25  15.409 0.000  13.247 0.000
 54.25  55.25  24.047 0.000  20.635 0.000
 57.25  58.25   6.101 0.000   4.647 0.000
 60.25  61.25   7.519 0.000   5.445 0.000
 63.25  64.25  12.841 0.000  10.199 0.000
 66.25  67.25  18.846 0.000  14.198 0.000
 69.25  70.25  25.325 0.000  20.868 0.000
 72.25  73.25   8.566 0.000   2.442 0.000
 75.25  76.25  12.347 0.000  11.051 0.000
 78.25  79.25  12.008 0.000  11.378 0.000
 81.25  82.25   9.610 0.000   7.627 0.000
 84.25  85.25  17.183 0.000   6.989 0.000
 87.25  88.25  10.966 0.000   8.226 0.000
 90.25  91.25   6.071 0.000   5.169 0.000
 93.25  94.25  12.154 0.000  10.024 0.000
 96.25  97.25  15.884 0.000  12.930 0.000
 99.25 100.25  15.030 0.000  13.826 0.000
102.25 103.25   2.910 0.000   2.412 0.000
105.25 106.25   9.991 0.000 999.999 0.456
108.25 109.25  13.206 0.000   9.334 0.000
111.25 112.25  15.455 0.000  10.550 0.000
114.25 115.25   9.516 0.000   6.256 0.000
117.25 118.25  11.485 0.000   8.314 0.000
120.25 121.25  17.950 0.000  10.006 0.000
123.25 124.25   6.892 0.000   3.180 0.000
126.25 127.25  27.491 0.000  11.461 0.000
129.25 130.25  15.570 0.000   5.514 0.000
132.25 133.25   6.701 0.000   3.511 0.000
135.25 136.25  17.005 0.000   5.278 0.000
138.25 139.25  40.641 0.000   5.407 0.000
141.25 142.25  21.138 0.000   4.309 0.000
144.25 145.25  10.093 0.000   6.107 0.000
147.25 148.25   8.305 0.000   4.051 0.000
150.25 151.25  14.742 0.000  10.648 0.000
153.25 154.25  13.526 0.000   5.603 0.000
156.25 157.25  15.307 0.000   6.800 0.000
159.25 160.25  11.744 0.000   6.824 0.000
162.25 163.25  12.232 0.000   6.697 0.000
165.25 166.25   9.152 0.000   2.458 0.000
168.25 169.25  16.966 0.000   4.929 0.000
171.25 172.25   9.244 0.000   3.735 0.000
174.25 175.25  16.628 0.000   4.672 0.000
177.25 178.25   6.146 0.000   3.170 0.000
180.25 181.25   8.059 0.000   3.467 0.000
183.25 184.25  17.580 0.000  10.283 0.000
186.25 187.25  20.040 0.000  13.516 0.000
189.25 190.25   7.130 0.000   3.338 0.000
192.25 193.25  11.443 0.000   6.356 0.000
195.25 196.25  19.945 0.000   4.938 0.000
198.25 199.25  25.088 0.000  14.741 0.000
201.25 202.25  19.337 0.000   9.522 0.000
204.25 205.25  16.078 0.000   5.835 0.000
207.25 208.25  19.071 0.000   9.570 0.000
210.25 211.25  14.752 0.000   7.341 0.000
213.25 214.25  20.758 0.000  10.197 0.000
216.25 217.25  24.434 0.000  14.891 0.000
219.25 220.25  22.561 0.000   6.157 0.000
222.25 223.25  15.880 0.000   6.804 0.000
225.25 226.25  14.053 0.000  10.231 0.000
228.25 229.25  16.965 0.000   6.928 0.000
231.25 232.25  31.090 0.000  13.780 0.000
234.25 235.25  15.202 0.000  10.113 0.000
237.25 238.25  12.286 0.000   4.570 0.000
240.25 241.25  29.835 0.000  24.730 0.000
243.25 244.25  21.385 0.000  14.185 0.000
246.25 247.25   8.339 0.000   3.230 0.000
249.25 250.25   7.843 0.000   3.911 0.000
252.25 253.25   5.261 0.000   2.649 0.000
255.25 256.25   8.778 0.000   6.602 0.000
258.25 259.25   3.224 0.000   1.296 0.000
261.25 262.25  13.285 0.000   6.635 0.000
264.25 265.25  16.034 0.000  12.172 0.000
267.25 268.25  12.282 0.000   6.871 0.000
270.25 271.25  32.856 0.000  19.509 0.000
273.25 274.25   9.349 0.000   3.097 0.000
276.25 277.25  26.310 0.000   6.761 0.000
279.25 280.25  27.359 0.000  18.171 0.000
282.25 283.25  11.463 0.000   2.988 0.000
285.25 286.25  15.900 0.000  10.677 0.000
288.25 289.25   6.164 0.000   2.889 0.000
291.25 292.25   6.427 0.000   5.202 0.000
294.25 295.25  12.255 0.000   3.865 0.000
297.25 298.25   5.306 0.000 999.999 0.456
300.25 301.25   8.845 0.000   2.141 0.000
303.25 304.25  23.700 0.000   7.056 0.000
306.25 307.25  28.076 0.000  18.197 0.000
309.25 310.25  24.129 0.000  10.517 0.000
312.25 313.25   2.464 0.000   1.324 0.000
315.25 316.25  12.093 0.000   9.723 0.000
318.25 319.25   6.560 0.000   5.319 0.000
321.25 322.25   7.326 0.000   4.800 0.000
324.25 325.25  13.762 0.000   4.362 0.000
327.25 328.25  23.132 0.000  12.400 0.000
330.25 331.25  29.945 0.000  10.374 0.000
333.25 334.25  18.942 0.000   7.632 0.000
336.25 337.25   8.056 0.000   6.045 0.000
339.25 340.25  11.277 0.000   5.021 0.000
342.25 343.25  12.940 0.000   8.751 0.000
345.25 346.25  10.810 0.000   8.636 0.000
348.25 349.25  13.889 0.000   7.642 0.000
351.25 352.25 999.999 0.999  11.049 0.000
354.25 355.25 999.999 0.999  13.874 0.000
357.25 358.25 999.999 0.999   6.188 0.000
360.25 361.25 999.999 0.999   6.622 0.000
363.25 364.25 999.999 0.999   3.186 0.000
