scripts/IMPROVE-2019_partial/data/US0079R.20020102070000.20191216000000.filterpack..pm25.52w.1w.US03L_filterpack_US0079.US03L_IMPROVE_Davis.lev2.nas
64 1001
MISSING INFORMATION
US03L, IMPROVE, , , , , , , 
MISSING INFORMATION
IMPROVE sel_HTAP
1 1
2002 01 01 2019 12 16
3.000000
days from file reference point
25
1 1 1 1 1 1 1 1 1 1 1 1 1 1 1 1 1 1 1 1 1 1 1 1 1
999.999999 9999.99 9.999 99.99 9.999 9.999 9.999999 9.99 9.999999 9.999 9.999999 99.999 9.999 99.999 9.999 999.999 9.999 999.999 9.999 999.999 9.999 9.999 9.999 9.999 9.999999
end_time of measurement, days from the file reference point
iron, ng/m3, Revision date=20181210133000
numflag iron, no unit, Revision date=20181210133000
lead, ng/m3, Revision date=20181210133000
numflag lead, no unit, Revision date=20181210133000
magnesium, ug/m3, Revision date=20181210133000
numflag magnesium, no unit, Revision date=20181210133000
nickel, ng/m3, Revision date=20181210133000
numflag nickel, no unit, Revision date=20181210133000
nitrate, ug N/m3, Revision date=20181210133000
numflag nitrate, no unit, Revision date=20181210133000
organic_carbon, ug C/m3, Revision date=20181210133000
numflag organic_carbon, no unit, Revision date=20181210133000
organic_mass, ug/m3, Revision date=20181210133000
numflag organic_mass, no unit, Revision date=20181210133000
pm10_mass, ug/m3, Version=2, Version description=Data extracted from http://views.cira.colostate.edu/fed/DataWizard 2019-12-16, Sample duration=1d, Orig. time res.=3d, Matrix=pm10, Blank correction=Blank corrected, Volume std. temperature=ambient, Volume std. pressure=ambient
numflag pm10_mass, no unit, Version=2, Version description=Data extracted from http://views.cira.colostate.edu/fed/DataWizard 2019-12-16, Sample duration=1d, Orig. time res.=3d, Matrix=pm10, Blank correction=Blank corrected, Volume std. temperature=ambient, Volume std. pressure=ambient
pm10_pm25_mass, ug/m3, Revision date=20181210133000, Matrix=pm10_pm25
numflag pm10_pm25_mass, no unit, Revision date=20181210133000, Matrix=pm10_pm25
pm25_mass, ug/m3, Version=2, Version description=Data extracted from http://views.cira.colostate.edu/fed/DataWizard 2019-12-16, Sample duration=1d, Orig. time res.=3d, Blank correction=Blank corrected, Volume std. temperature=ambient, Volume std. pressure=ambient
numflag pm25_mass, no unit, Version=2, Version description=Data extracted from http://views.cira.colostate.edu/fed/DataWizard 2019-12-16, Sample duration=1d, Orig. time res.=3d, Blank correction=Blank corrected, Volume std. temperature=ambient, Volume std. pressure=ambient
potassium, ug/m3, Revision date=20181210133000
numflag potassium, no unit, Revision date=20181210133000
sulphate_total, ug S/m3, Revision date=20181210133000
numflag sulphate_total, no unit, Revision date=20181210133000
0
25
Data definition:              EBAS_1.1
Set type code:                TU
Timezone:                     UTC
File name:                    US0079R.20020102070000.20191216000000.filterpack..pm25.52w.1w.US03L_filterpack_US0079.US03L_IMPROVE_Davis.lev2.nas
File creation:                20191218120045
Startdate:                    20020102070000
Revision date:                20191216000000
Statistics:                   arithmetic mean
Data level:                   2
Period code:                  52w
Resolution code:              1w
Station code:                 US0079R
Platform code:                US0079S
Station name:                 Capitol Reef NP
Station latitude:             38.3022
Station longitude:            -111.2926
Station altitude:             1896.0 m
Regime:                       IMG
Component:                    
Matrix:                       pm25
Laboratory code:              US03L
Instrument type:              filterpack
Instrument name:              filterpack_US0079
Method ref:                   US03L_IMPROVE_Davis
starttime endtime Fe flag_Fe Pb flag_Pb Mg++ flag_Mg++ Ni flag_Ni NO3- flag_NO3- OC flag_OC OM flag_OM PM10 flag_PM10 PM10-PM2.5 flag_PM10-PM2.5 PM2.5 flag_PM2.5 K+ flag_K+ SO4-- flag_SO4--
[from data line 86]
259.291667 260.291667 9999.99 0.999 99.99 0.999 9.999 0.999000 9.99 0.999000 9.999 0.999000 99.999 0.999 99.999 0.999 999.999 0.999 999.999 0.999 999.999 0.999 9.999 0.999 9.999 0.999000
262.291667 263.291667    8.59 0.000  0.45 0.000 9.999 0.259000 9.99 0.259000 0.018 0.000000  0.411 0.000  0.576 0.000   3.411 0.000   1.871 0.000   1.540 0.000 0.010 0.000 0.099 0.000000
265.291667 266.291667   17.97 0.000  0.75 0.000 0.025 0.000000 9.99 0.259000 0.016 0.000000  0.676 0.000  0.946 0.000   4.670 0.000   2.457 0.000   2.214 0.000 0.020 0.000 0.158 0.000000
268.291667 269.291667   21.41 0.559  0.76 0.559 9.999 0.559259 9.99 0.559259 0.021 0.000000  1.328 0.000  1.859 0.000   6.740 0.000   3.019 0.000   3.721 0.559 0.045 0.559 0.153 0.000000
271.291667 272.291667   12.67 0.000  0.24 0.000 9.999 0.259000 0.16 0.000000 0.010 0.000000  0.346 0.000  0.484 0.000   1.920 0.000   0.762 0.000   1.157 0.000 0.010 0.000 0.074 0.000000
274.291667 275.291667   48.70 0.000  0.87 0.000 9.999 0.259000 9.99 0.259000 0.038 0.000000  0.794 0.000  1.112 0.000   6.123 0.000   2.570 0.000   3.552 0.000 0.043 0.000 0.227 0.000000
277.291667 278.291667    8.37 0.000  0.49 0.000 0.013 0.000000 0.10 0.000000 0.026 0.559000  0.911 0.000  1.275 0.000   3.287 0.000   0.921 0.000   2.367 0.000 0.014 0.000 0.127 0.559000
280.291667 281.291667    6.70 0.000  0.58 0.000 9.999 0.259000 9.99 0.259000 0.017 0.000000  0.671 0.000  0.940 0.000   2.890 0.000   1.348 0.000   1.542 0.000 0.008 0.000 0.093 0.000000
283.291667 284.291667   57.21 0.559  0.73 0.559 9.999 0.559259 0.11 0.559000 0.086 0.000000  0.900 0.000  1.260 0.000  12.091 0.000   8.179 0.000   3.912 0.559 0.042 0.559 0.305 0.000000
286.291667 287.291667   22.53 0.000  0.29 0.000 9.999 0.259000 0.13 0.000000 0.013 0.000000  0.421 0.000  0.590 0.000   4.767 0.000   3.007 0.000   1.760 0.000 0.019 0.000 0.107 0.000000
289.291667 290.291667   25.75 0.000  0.47 0.000 9.999 0.259000 0.12 0.000000 0.014 0.000000  0.366 0.000  0.513 0.000   4.739 0.000   2.870 0.000   1.869 0.000 0.018 0.000 0.135 0.000000
292.291667 293.291667   33.28 0.000  0.72 0.000 9.999 0.259000 0.04 0.000000 0.037 0.000000  0.525 0.000  0.735 0.000   6.040 0.000   3.842 0.000   2.198 0.000 0.028 0.000 0.106 0.000000
295.291667 296.291667   17.37 0.000  0.96 0.000 0.012 0.000000 0.16 0.000000 0.044 0.000000  0.603 0.000  0.844 0.000   3.962 0.000   1.216 0.000   2.747 0.000 0.020 0.000 0.322 0.000000
298.291667 299.291667   20.41 0.000  1.60 0.000 0.019 0.000000 0.34 0.000000 0.095 0.000000  0.590 0.000  0.826 0.000   4.412 0.000   0.832 0.000   3.580 0.000 0.023 0.000 0.415 0.000000
301.291667 302.291667   18.79 0.000  0.93 0.000 9.999 0.259000 0.04 0.000000 0.059 0.559000  0.450 0.000  0.629 0.000   3.820 0.000   1.204 0.000   2.616 0.000 0.020 0.000 0.169 0.559000
304.291667 305.291667   25.17 0.000  1.03 0.000 9.999 0.259000 0.09 0.000000 0.481 0.559000  0.685 0.000  0.959 0.000   8.970 0.000   3.922 0.000   5.048 0.000 0.029 0.000 0.428 0.559000
307.291667 308.291667    9.02 0.000  0.43 0.000 9.999 0.259000 9.99 0.259000 0.079 0.000000  0.408 0.000  0.571 0.000   3.142 0.000   1.740 0.000   1.401 0.000 0.012 0.000 0.166 0.000000
310.291667 311.291667   12.81 0.000  0.43 0.000 9.999 0.259000 9.99 0.259000 0.044 0.000000  0.404 0.000  0.566 0.000   3.555 0.000   1.987 0.000   1.568 0.000 0.011 0.000 0.120 0.000000
313.291667 314.291667    9.98 0.000 99.99 0.259 9.999 0.259000 9.99 0.259000 0.013 0.000000  0.198 0.000  0.277 0.000   0.909 0.000   0.428 0.000   0.481 0.000 0.004 0.000 0.058 0.000000
316.291667 317.291667    5.21 0.000 99.99 0.259 0.023 0.000000 0.11 0.000000 0.046 0.000000  0.472 0.000  0.661 0.000   1.767 0.000   0.670 0.000   1.097 0.000 0.006 0.000 0.059 0.000000
319.291667 320.291667    7.09 0.000  0.42 0.000 0.011 0.000000 9.99 0.259000 0.018 0.559000  0.508 0.000  0.711 0.000   2.315 0.000   0.502 0.000   1.813 0.000 0.013 0.000 0.173 0.559000
322.291667 323.291667    8.41 0.000  0.24 0.000 9.999 0.259000 9.99 0.259000 0.010 0.559000  0.179 0.000  0.251 0.000   1.785 0.000   0.955 0.000   0.831 0.000 0.009 0.000 0.061 0.559000
325.291667 326.291667    8.05 0.000  0.40 0.000 9.999 0.259000 0.20 0.000000 0.022 0.000000  0.479 0.000  0.670 0.000   2.466 0.000   1.194 0.000   1.271 0.000 0.008 0.000 0.070 0.000000
328.291667 329.291667    4.98 0.000  0.31 0.000 9.999 0.259000 9.99 0.259000 0.024 0.000000  0.252 0.000  0.353 0.000   1.943 0.000   0.982 0.000   0.961 0.000 0.006 0.000 0.111 0.000000
331.291667 332.291667   12.48 0.000  0.38 0.000 0.013 0.000000 0.11 0.000000 0.023 0.559000  0.378 0.000  0.529 0.000   2.604 0.000   1.547 0.000   1.057 0.000 0.011 0.000 0.074 0.559000
334.291667 335.291667    3.20 0.000  0.19 0.000 9.999 0.259000 9.99 0.259000 0.089 0.559000  0.335 0.000  0.468 0.000   1.447 0.000   0.008 0.000   1.439 0.000 0.004 0.000 0.154 0.559000
337.291667 338.291667    6.51 0.000  0.54 0.000 9.999 0.259000 0.10 0.000000 0.322 0.559000  0.349 0.000  0.488 0.000   2.150 0.000   0.428 0.000   1.721 0.000 0.006 0.000 0.104 0.559000
340.291667 341.291667    6.19 0.000  0.46 0.000 9.999 0.259000 0.05 0.000000 0.130 0.559000  0.571 0.000  0.799 0.000   2.852 0.000   0.760 0.000   2.092 0.000 0.007 0.000 0.138 0.559000
343.291667 344.291667    8.35 0.000  0.20 0.000 9.999 0.259000 9.99 0.259000 0.080 0.000000  0.475 0.000  0.666 0.000   2.799 0.000   1.175 0.000   1.624 0.000 0.009 0.000 0.112 0.000000
346.291667 347.291667   12.67 0.000  0.46 0.000 9.999 0.259000 9.99 0.259000 0.028 0.559000  0.240 0.000  0.336 0.000   2.589 0.000   1.702 0.000   0.886 0.000 0.013 0.000 0.082 0.559000
349.291667 350.291667   20.77 0.000  0.32 0.000 9.999 0.259000 9.99 0.259000 0.041 0.559000  0.241 0.000  0.338 0.000   4.878 0.000   3.483 0.000   1.395 0.000 0.023 0.000 0.097 0.559000
352.291667 353.291667    1.78 0.000  0.09 0.000 0.017 0.000000 9.99 0.259000 0.020 0.559000  0.129 0.000  0.181 0.000   0.744 0.000   0.248 0.000   0.496 0.000 0.003 0.000 0.035 0.559000
355.291667 356.291667    5.86 0.000  0.31 0.000 9.999 0.259000 0.16 0.000000 0.088 0.000000  0.135 0.000  0.189 0.000   1.871 0.000   0.271 0.000   1.600 0.000 0.006 0.000 0.225 0.000000
358.291667 359.291667    5.44 0.000  0.16 0.000 9.999 0.259000 0.23 0.000000 0.081 0.559000  0.191 0.000  0.268 0.000   1.281 0.000   0.281 0.000   1.001 0.000 0.006 0.000 0.128 0.559000
361.291667 362.291667    7.17 0.000  0.60 0.000 9.999 0.259000 9.99 0.259000 0.242 0.559000  0.586 0.000  0.821 0.000   3.119 0.000   0.341 0.000   2.778 0.000 0.010 0.000 0.158 0.559000
364.291667 365.291667 9999.99 0.456 99.99 0.456 9.999 0.456000 9.99 0.456000 9.999 0.456000 99.999 0.999 99.999 0.999 999.999 0.456 999.999 0.999 999.999 0.456 9.999 0.456 9.999 0.456000
