scripts/IMPROVE-2019_partial/data/US0018U.20060102080000.20191216000000.filterpack..pm25.52w.1w.US03L_filterpack_US0018.US03L_IMPROVE_Davis.lev2.nas
66 1001
MISSING INFORMATION
US03L, IMPROVE, , , , , , , 
MISSING INFORMATION
IMPROVE sel_HTAP
1 1
2006 01 01 2019 12 16
3.000000
days from file reference point
27
1 1 1 1 1 1 1 1 1 1 1 1 1 1 1 1 1 1 1 1 1 1 1 1 1 1 1
999.999999 9999.99 9.999 99.99 9.999 9.999 9.999999 99.99 9.999 99.999 9.999 999.999 9.999 999.999 9.999 999.99 9.999999 9999.999 9.999 9999.999 9.999 999.999 9.999 99.999 9.999 99.999 9.999
end_time of measurement, days from the file reference point
iron, ng/m3, Revision date=20181210133000
numflag iron, no unit, Revision date=20181210133000
lead, ng/m3, Revision date=20181210133000
numflag lead, no unit, Revision date=20181210133000
magnesium, ug/m3, Revision date=20181210133000
numflag magnesium, no unit, Revision date=20181210133000
nickel, ng/m3, Revision date=20181210133000
numflag nickel, no unit, Revision date=20181210133000
nitrate, ug N/m3, Revision date=20181210133000
numflag nitrate, no unit, Revision date=20181210133000
organic_carbon, ug C/m3, Revision date=20181210133000
numflag organic_carbon, no unit, Revision date=20181210133000
organic_mass, ug/m3, Revision date=20181210133000
numflag organic_mass, no unit, Revision date=20181210133000
phosphorus, ng/m3, Revision date=20181210133000
numflag phosphorus, no unit, Revision date=20181210133000
pm10_mass, ug/m3, Version=2, Version description=Data extracted from http://views.cira.colostate.edu/fed/DataWizard 2019-12-16, Sample duration=1d, Orig. time res.=3d, Matrix=pm10, Blank correction=Blank corrected, Volume std. temperature=ambient, Volume std. pressure=ambient
numflag pm10_mass, no unit, Version=2, Version description=Data extracted from http://views.cira.colostate.edu/fed/DataWizard 2019-12-16, Sample duration=1d, Orig. time res.=3d, Matrix=pm10, Blank correction=Blank corrected, Volume std. temperature=ambient, Volume std. pressure=ambient
pm10_pm25_mass, ug/m3, Revision date=20181210133000, Matrix=pm10_pm25
numflag pm10_pm25_mass, no unit, Revision date=20181210133000, Matrix=pm10_pm25
pm25_mass, ug/m3, Version=2, Version description=Data extracted from http://views.cira.colostate.edu/fed/DataWizard 2019-12-16, Sample duration=1d, Orig. time res.=3d, Blank correction=Blank corrected, Volume std. temperature=ambient, Volume std. pressure=ambient
numflag pm25_mass, no unit, Version=2, Version description=Data extracted from http://views.cira.colostate.edu/fed/DataWizard 2019-12-16, Sample duration=1d, Orig. time res.=3d, Blank correction=Blank corrected, Volume std. temperature=ambient, Volume std. pressure=ambient
potassium, ug/m3, Revision date=20181210133000
numflag potassium, no unit, Revision date=20181210133000
sulphate_total, ug S/m3, Revision date=20181210133000
numflag sulphate_total, no unit, Revision date=20181210133000
0
25
Data definition:              EBAS_1.1
Set type code:                TU
Timezone:                     UTC
File name:                    US0018U.20060102080000.20191216000000.filterpack..pm25.52w.1w.US03L_filterpack_US0018.US03L_IMPROVE_Davis.lev2.nas
File creation:                20191218115634
Startdate:                    20060102080000
Revision date:                20191216000000
Statistics:                   arithmetic mean
Data level:                   2
Period code:                  52w
Resolution code:              1w
Station code:                 US0018U
Platform code:                US0018S
Station name:                 Fresno
Station latitude:             36.7818
Station longitude:            -119.7732
Station altitude:             100.0 m
Regime:                       IMG
Component:                    
Matrix:                       pm25
Laboratory code:              US03L
Instrument type:              filterpack
Instrument name:              filterpack_US0018
Method ref:                   US03L_IMPROVE_Davis
starttime endtime Fe flag_Fe Pb flag_Pb Mg++ flag_Mg++ Ni flag_Ni NO3- flag_NO3- OC flag_OC OM flag_OM P flag_P PM10 flag_PM10 PM10-PM2.5 flag_PM10-PM2.5 PM2.5 flag_PM2.5 K+ flag_K+ SO4-- flag_SO4--
  1.333333   2.333333   19.73 0.000  0.56 0.000 9.999 0.259000 99.99 0.259  0.084 0.000   1.468 0.000   2.055 0.000   4.53 0.000000    4.331 0.000    1.186 0.000   3.145 0.000  0.048 0.000  0.027 0.000
  4.333333   5.333333  136.05 0.000  5.46 0.000 9.999 0.259000  0.24 0.000  2.009 0.000   6.795 0.000   9.513 0.000 999.99 0.259000   37.683 0.000   10.014 0.000  27.669 0.000  0.143 0.000  0.295 0.000
  7.333333   8.333333   38.01 0.000  2.37 0.000 0.011 0.000000 99.99 0.259  1.285 0.000   3.228 0.000   4.519 0.000 999.99 0.259000   21.409 0.000    3.049 0.000  18.360 0.000  0.070 0.000  0.624 0.000
 10.333333  11.333333   89.67 0.000  5.90 0.000 9.999 0.259000  0.23 0.000  2.532 0.000   4.188 0.000   5.863 0.000 999.99 0.259000   35.711 0.000    5.620 0.000  30.091 0.000  0.113 0.000  0.875 0.000
 13.333333  14.333333   45.52 0.000  1.31 0.000 9.999 0.259000  0.32 0.000  0.838 0.000   3.396 0.000   4.754 0.000 999.99 0.259000   18.624 0.000    5.395 0.000  13.229 0.000  0.073 0.000  0.295 0.000
 16.333333  17.333333  121.00 0.000  8.73 0.000 0.017 0.000000  0.26 0.000  2.090 0.000   8.398 0.000  11.757 0.000 999.99 0.259000   41.467 0.000    8.828 0.000  32.639 0.000  0.564 0.000  0.311 0.000
 19.333333  20.333333 9999.99 0.999 99.99 0.999 9.999 0.999000 99.99 0.999 99.999 0.999 999.999 0.999 999.999 0.999 999.99 0.999000 9999.999 0.999 9999.999 0.999 999.999 0.999 99.999 0.999 99.999 0.999
 22.333333  23.333333  105.99 0.000  8.44 0.000 9.999 0.259000 99.99 0.259  2.752 0.000   8.582 0.000  12.015 0.000 999.99 0.259000   47.315 0.000    8.618 0.000  38.697 0.000  0.167 0.000  0.733 0.000
 25.333333  26.333333   67.61 0.000  2.87 0.000 0.007 0.000000  0.48 0.000  1.813 0.000   3.108 0.000   4.351 0.000 999.99 0.259000   29.919 0.000   10.919 0.000  19.000 0.000  0.062 0.000  0.425 0.000
 28.333333  29.333333   82.20 0.000  2.72 0.000 9.999 0.259000 99.99 0.259  1.224 0.000   9.903 0.000  13.864 0.000 999.99 0.259000   34.525 0.000    5.306 0.000  29.219 0.000  0.185 0.000  0.209 0.000
 31.333333  32.333333 9999.99 0.456 99.99 0.456 9.999 0.456000 99.99 0.456  2.744 0.000   9.312 0.000  13.037 0.000 999.99 0.456000 9999.999 0.699 9999.999 0.456 999.999 0.456 99.999 0.456  0.718 0.000
 34.333333  35.333333   98.57 0.000  3.00 0.000 9.999 0.259000 99.99 0.259  1.573 0.000   5.136 0.000   7.191 0.000 999.99 0.259000   27.715 0.000    6.179 0.000  21.536 0.000  0.134 0.000  0.430 0.000
 37.333333  38.333333  243.84 0.000  4.48 0.000 9.999 0.259000  0.12 0.000  1.780 0.000   6.066 0.000   8.493 0.000 999.99 0.259000   37.969 0.659   12.586 0.000  25.383 0.000  0.147 0.000  0.262 0.000
 40.333333  41.333333 9999.99 0.699 99.99 0.699 9.999 0.699000 99.99 0.699  5.952 0.000   6.951 0.000   9.731 0.000 999.99 0.699000 9999.999 0.699 9999.999 0.699 999.999 0.699 99.999 0.699  0.505 0.000
 43.333333  44.333333 9999.99 0.456 99.99 0.456 9.999 0.456000 99.99 0.456  7.484 0.000   7.954 0.000  11.135 0.000 999.99 0.456000 9999.999 0.456 9999.999 0.456 999.999 0.456 99.999 0.456  0.896 0.000
 46.333333  47.333333  131.73 0.000  2.76 0.000 9.999 0.259000  0.10 0.000  0.716 0.000   6.041 0.000   8.457 0.000 999.99 0.259000   28.457 0.659   11.169 0.000  17.288 0.000  0.164 0.000  0.171 0.000
 49.333333  50.333333   40.43 0.000  1.05 0.000 9.999 0.259000 99.99 0.259  0.299 0.000   4.363 0.000   6.108 0.000 999.99 0.259000   13.228 0.000    2.149 0.000  11.079 0.000  0.106 0.000  0.136 0.000
 52.333333  53.333333  178.27 0.699  2.97 0.699 9.999 0.699259  0.10 0.699  1.882 0.000   7.813 0.000  10.938 0.000 999.99 0.699259   36.451 0.659   10.746 0.699  25.705 0.000  0.174 0.699  0.244 0.000
 55.333333  56.333333  171.27 0.000  5.38 0.000 9.999 0.259000 99.99 0.259  2.474 0.000   6.019 0.000   8.426 0.000 999.99 0.259000   36.329 0.659   12.619 0.000  23.710 0.000  0.110 0.000  0.288 0.000
 58.333333  59.333333   34.17 0.000  0.61 0.000 9.999 0.259000 99.99 0.259  0.087 0.000   1.061 0.000   1.485 0.000 999.99 0.259000    6.640 0.000    3.864 0.000   2.777 0.000  0.023 0.000  0.078 0.000
 61.333333  62.333333   51.99 0.000  0.93 0.000 9.999 0.259000 99.99 0.259  0.212 0.000   2.531 0.000   3.543 0.000 999.99 0.259000    9.549 0.000    2.556 0.000   6.993 0.000  0.071 0.000  0.073 0.000
 64.333333  65.333333   67.15 0.000  2.89 0.000 9.999 0.259000 99.99 0.259  0.684 0.000   2.431 0.000   3.404 0.000 999.99 0.259000   14.092 0.000    4.154 0.000   9.938 0.000  0.055 0.000  0.181 0.000
 67.333333  68.333333   60.78 0.000  1.99 0.000 9.999 0.259000 99.99 0.259  0.710 0.000   1.844 0.000   2.581 0.000 999.99 0.259000   15.681 0.000    7.465 0.000   8.215 0.000  0.055 0.000  0.234 0.000
 70.333333  71.333333   46.36 0.000  2.66 0.000 9.999 0.259000 99.99 0.259  0.513 0.000   3.399 0.000   4.759 0.000 999.99 0.259000   14.235 0.000    3.294 0.000  10.940 0.000  0.086 0.000  0.288 0.000
 73.333333  74.333333  105.44 0.000  2.54 0.000 9.999 0.259000 99.99 0.259  0.630 0.000   4.626 0.000   6.477 0.000 999.99 0.259000   18.315 0.000    5.719 0.000  12.595 0.000  0.113 0.000  0.215 0.000
 76.333333  77.333333   51.92 0.000  3.50 0.000 9.999 0.259000 99.99 0.259  0.895 0.000   1.978 0.000   2.769 0.000 999.99 0.259000   14.216 0.000    4.070 0.000  10.146 0.000  0.054 0.000  0.266 0.000
 79.333333  80.333333   69.18 0.000  0.87 0.000 9.999 0.259000 99.99 0.259  0.312 0.000   2.988 0.000   4.183 0.000 999.99 0.259000   11.842 0.000    4.515 0.000   7.327 0.000  0.063 0.000  0.088 0.000
 82.333333  83.333333  177.81 0.000  2.72 0.000 0.019 0.000000  0.46 0.000  1.463 0.000   2.924 0.000   4.094 0.000 999.99 0.259000   28.949 0.000   15.409 0.000  13.539 0.000  0.059 0.000  0.248 0.000
 85.333333  86.333333   87.09 0.000  1.93 0.000 0.015 0.000000  0.45 0.000  0.736 0.000   2.758 0.000   3.862 0.000 999.99 0.259000   20.878 0.000    8.561 0.000  12.317 0.000  0.082 0.000  0.427 0.000
 88.333333  89.333333   50.68 0.000  1.20 0.000 9.999 0.259000  0.16 0.000  0.407 0.000   1.499 0.000   2.098 0.000 999.99 0.259000   12.722 0.000    6.693 0.000   6.029 0.000  0.039 0.000  0.250 0.000
 91.333333  92.333333   74.61 0.000  2.94 0.000 0.023 0.000000 99.99 0.259  0.402 0.000   2.041 0.000   2.858 0.000 999.99 0.259000   13.976 0.000    5.770 0.000   8.207 0.000  0.072 0.000  0.438 0.000
 94.333333  95.333333 9999.99 0.999 99.99 0.999 9.999 0.999000 99.99 0.999 99.999 0.999 999.999 0.999 999.999 0.999 999.99 0.999000 9999.999 0.999 9999.999 0.999 999.999 0.999 99.999 0.999 99.999 0.999
 97.333333  98.333333   36.50 0.000  1.39 0.000 0.017 0.000000  0.16 0.000  0.167 0.000   0.930 0.000   1.303 0.000 999.99 0.259000    7.335 0.000    4.471 0.000   2.864 0.000  0.025 0.000  0.141 0.000
100.333333 101.333333   52.62 0.000  1.19 0.000 0.016 0.000000  0.13 0.000  0.177 0.000   1.130 0.000   1.582 0.000 999.99 0.259000    7.936 0.000    4.717 0.000   3.220 0.000  0.023 0.000  0.157 0.000
103.333333 104.333333   92.73 0.000  3.61 0.000 9.999 0.259000  0.27 0.000  0.825 0.000   1.418 0.000   1.985 0.000 999.99 0.259000   14.307 0.000    6.497 0.000   7.809 0.000  0.039 0.000  0.271 0.000
106.333333 107.333333   24.38 0.000  1.08 0.000 9.999 0.259000  0.13 0.000  0.142 0.000   0.657 0.000   0.920 0.000 999.99 0.259000    6.500 0.000    3.664 0.000   2.836 0.000  0.021 0.000  0.169 0.000
109.333333 110.333333  141.97 0.000  3.47 0.000 0.018 0.000000 99.99 0.259  0.487 0.000   3.423 0.000   4.792 0.000  34.63 0.000000   22.429 0.000   13.264 0.000   9.165 0.000  0.066 0.000  0.289 0.000
112.333333 113.333333   43.60 0.000  1.54 0.000 0.019 0.000000  0.30 0.000  0.324 0.000   1.567 0.000   2.194 0.000 999.99 0.259000   11.249 0.000    4.914 0.000   6.335 0.000  0.040 0.000  0.267 0.000
115.333333 116.333333   69.87 0.000  1.77 0.000 0.012 0.000000  0.40 0.000  1.311 0.559   1.562 0.000   2.187 0.000 999.99 0.259000   19.605 0.000    8.061 0.000  11.544 0.000  0.038 0.000  0.666 0.559
118.333333 119.333333   74.26 0.000  2.69 0.000 0.026 0.000000  0.51 0.000  1.010 0.559   3.035 0.000   4.249 0.000 999.99 0.259000   26.402 0.000   14.751 0.000  11.651 0.000  0.054 0.000  0.822 0.559
121.333333 122.333333  186.22 0.000  2.65 0.000 0.036 0.000000  0.23 0.000  0.450 0.559   2.822 0.000   3.951 0.000 999.99 0.259000   29.535 0.000   18.492 0.000  11.043 0.000  0.118 0.000  0.481 0.559
124.333333 125.333333  124.49 0.000  2.38 0.000 0.029 0.000000  0.60 0.000  0.971 0.559   2.754 0.000   3.856 0.000 999.99 0.259000   39.290 0.000   24.518 0.000  14.773 0.000  0.096 0.000  0.934 0.559
127.333333 128.333333  169.99 0.000  3.17 0.000 0.021 0.000000  0.36 0.000  0.437 0.559   2.277 0.000   3.188 0.000 999.99 0.259000   34.861 0.000   23.616 0.000  11.245 0.000  0.102 0.000  0.717 0.559
130.333333 131.333333  231.71 0.000  2.58 0.000 0.016 0.000000  0.14 0.000  0.221 0.559   4.195 0.000   5.873 0.000 999.99 0.259000   45.942 0.000   30.382 0.000  15.560 0.000  0.113 0.000  0.802 0.559
133.333333 134.333333  152.75 0.000  3.13 0.000 0.045 0.000000  0.48 0.000  0.391 0.559   3.205 0.000   4.488 0.000 999.99 0.259000   32.314 0.000   19.971 0.000  12.343 0.000  0.118 0.000  0.672 0.559
136.333333 137.333333  214.93 0.000  3.31 0.000 0.014 0.000000  0.82 0.000  0.213 0.559   3.229 0.000   4.521 0.000 999.99 0.259000   46.441 0.000   31.935 0.000  14.506 0.000  0.100 0.000  0.893 0.559
139.333333 140.333333  103.78 0.000  2.72 0.000 9.999 0.259000  0.29 0.000  0.350 0.559   1.471 0.000   2.059 0.000 999.99 0.259000   29.031 0.000   23.157 0.000   5.875 0.000  0.063 0.000  0.353 0.559
142.333333 143.333333   51.89 0.000  1.25 0.000 9.999 0.259000  0.27 0.000  0.423 0.559   1.529 0.000   2.141 0.000 999.99 0.259000   14.100 0.000    8.436 0.000   5.664 0.000  0.031 0.000  0.381 0.559
145.333333 146.333333   64.53 0.000  0.88 0.000 9.999 0.259000  0.34 0.000  0.243 0.559   0.991 0.000   1.388 0.000 999.99 0.259000   20.093 0.000   15.304 0.000   4.788 0.000  0.037 0.000  0.254 0.559
148.333333 149.333333   41.54 0.000  1.93 0.000 9.999 0.259000  0.16 0.000  0.119 0.559   1.265 0.000   1.772 0.000 999.99 0.259000   13.688 0.000    9.372 0.000   4.315 0.000  0.044 0.000  0.206 0.559
151.333333 152.333333   80.40 0.000  1.92 0.000 0.018 0.000000 99.99 0.259  0.093 0.559   1.445 0.000   2.022 0.000 999.99 0.259000   27.035 0.000   21.406 0.000   5.629 0.000  0.041 0.000  0.337 0.559
154.333333 155.333333   43.75 0.000  1.08 0.000 0.022 0.000000 99.99 0.259  0.046 0.559   1.057 0.000   1.480 0.000 999.99 0.259000   15.024 0.000   10.785 0.000   4.239 0.000  0.026 0.000  0.269 0.559
157.333333 158.333333  148.56 0.000  2.99 0.000 0.026 0.000000  0.29 0.000  0.196 0.559   1.454 0.000   2.036 0.000 999.99 0.259000   44.709 0.000   33.416 0.000  11.293 0.000  0.070 0.000  0.365 0.559
160.333333 161.333333   81.49 0.000  1.25 0.000 0.074 0.000000  0.18 0.000  0.430 0.559   1.694 0.000   2.371 0.000 999.99 0.259000   24.945 0.000   17.694 0.000   7.251 0.000  0.084 0.000  0.560 0.559
163.333333 164.333333  100.25 0.000  1.67 0.000 0.046 0.000000 99.99 0.259  0.124 0.559   0.821 0.000   1.149 0.000 999.99 0.259000   32.344 0.000   25.408 0.000   6.936 0.000  0.062 0.000  0.380 0.559
166.333333 167.333333   78.33 0.000  2.58 0.000 0.074 0.000000  0.39 0.000  0.239 0.559   2.666 0.000   3.732 0.000 999.99 0.259000   27.882 0.000   19.474 0.000   8.408 0.000  0.075 0.000  0.665 0.559
169.333333 170.333333   38.39 0.000  0.96 0.000 0.020 0.000000  0.30 0.000  0.249 0.559   1.380 0.000   1.932 0.000 999.99 0.259000   15.866 0.000   11.831 0.000   4.035 0.000  0.030 0.000  0.400 0.559
172.333333 173.333333  282.13 0.000  2.66 0.000 0.062 0.000000 99.99 0.259  0.294 0.559   3.173 0.000   4.442 0.000 999.99 0.259000   61.914 0.000   47.053 0.000  14.862 0.000  0.238 0.000  0.789 0.559
175.333333 176.333333  107.52 0.000  3.65 0.000 0.037 0.000000  0.62 0.000  0.188 0.559   3.704 0.000   5.186 0.000 999.99 0.259000   34.547 0.000   20.345 0.000  14.202 0.000  0.079 0.000  0.891 0.559
178.333333 179.333333  166.37 0.000  1.92 0.000 0.041 0.000000  0.46 0.000  0.196 0.559   2.267 0.000   3.173 0.000 999.99 0.259000   45.074 0.000   35.451 0.000   9.623 0.000  0.256 0.000  0.693 0.559
181.333333 182.333333   78.87 0.000  2.45 0.000 9.999 0.259000  0.63 0.000  0.116 0.559   2.144 0.000   3.859 0.000 999.99 0.259000   24.631 0.000   16.978 0.000   7.653 0.000  0.087 0.000  0.569 0.559
184.333333 185.333333   63.69 0.000  4.67 0.000 0.198 0.000000  0.12 0.000  0.215 0.559   2.556 0.000   4.601 0.000 999.99 0.259000   28.821 0.000   16.157 0.000  12.664 0.000  1.530 0.000  0.878 0.559
187.333333 188.333333  178.36 0.000  3.16 0.000 0.026 0.000000  0.27 0.000  0.218 0.559   1.829 0.000   3.293 0.000 999.99 0.259000   44.517 0.000   35.611 0.000   8.907 0.000  0.110 0.000  0.414 0.559
190.333333 191.333333  121.72 0.000  2.80 0.000 0.018 0.000000  0.32 0.000  0.172 0.559   3.257 0.000   5.862 0.000 999.99 0.259000   35.671 0.000   24.895 0.000  10.775 0.000  0.087 0.000  0.549 0.559
193.333333 194.333333  175.11 0.000  3.75 0.000 0.020 0.000000  0.85 0.000  0.255 0.559   5.644 0.000  10.160 0.000 999.99 0.259000   54.614 0.000   38.619 0.000  15.995 0.000  0.289 0.000  0.537 0.559
196.333333 197.333333  106.10 0.000  4.73 0.000 9.999 0.259000  0.33 0.000  0.115 0.559   3.866 0.000   6.958 0.000 999.99 0.259000   33.439 0.000   20.152 0.000  13.287 0.000  0.121 0.000  0.782 0.559
199.333333 200.333333  240.20 0.000  2.43 0.000 9.999 0.259000  0.43 0.000  0.211 0.559   3.975 0.000   7.155 0.000 999.99 0.259000   50.992 0.000   34.416 0.000  16.575 0.000  0.133 0.000  0.865 0.559
202.333333 203.333333  157.43 0.000  2.92 0.000 9.999 0.259000  0.41 0.000  0.153 0.559   4.289 0.000   7.720 0.000 999.99 0.259000   39.660 0.000   24.697 0.000  14.963 0.000  0.131 0.000  0.873 0.559
205.333333 206.333333  152.91 0.000  1.49 0.000 0.010 0.000000  0.18 0.000  0.150 0.559   3.380 0.000   6.084 0.000 999.99 0.259000   32.934 0.000   20.310 0.000  12.624 0.000  0.304 0.000  0.619 0.559
208.333333 209.333333  221.51 0.000  2.95 0.000 0.010 0.000000  0.53 0.000  0.156 0.559   2.001 0.000   3.602 0.000 999.99 0.259000   45.436 0.000   34.142 0.000  11.294 0.000  0.107 0.000  0.691 0.559
211.333333 212.333333  102.05 0.000  2.15 0.000 9.999 0.259000  0.25 0.000  0.124 0.559   0.763 0.000   1.373 0.000 999.99 0.259000   31.060 0.000   26.148 0.000   4.912 0.000  0.059 0.000  0.195 0.559
214.333333 215.333333  252.77 0.000  4.04 0.000 0.048 0.000000  0.65 0.000  0.502 0.559   5.276 0.000   9.497 0.000 999.99 0.259000   67.840 0.000   49.688 0.000  18.151 0.000  0.157 0.000  0.576 0.559
217.333333 218.333333   65.19 0.000  2.37 0.000 0.041 0.000000  0.71 0.000  0.258 0.559   1.527 0.000   2.750 0.000 999.99 0.259000   25.847 0.000   17.709 0.000   8.138 0.000  0.062 0.000  0.761 0.559
220.333333 221.333333  203.10 0.000  4.28 0.000 0.038 0.000000  0.62 0.000  0.369 0.000   2.950 0.000   5.310 0.000 999.99 0.259000   46.937 0.000   34.281 0.000  12.656 0.000  0.111 0.000  0.708 0.000
223.333333 224.333333   90.90 0.000  2.04 0.000 0.059 0.000000  0.25 0.000  0.418 0.000   1.937 0.000   3.487 0.000 999.99 0.259000   28.309 0.000   20.242 0.000   8.067 0.000  0.072 0.000  0.362 0.000
226.333333 227.333333  115.97 0.000  2.37 0.000 0.031 0.000000  0.50 0.000  0.321 0.000   1.835 0.000   3.302 0.000 999.99 0.259000   33.344 0.000   25.101 0.000   8.244 0.000  0.060 0.000  0.565 0.000
229.333333 230.333333  195.37 0.000  3.21 0.000 0.041 0.000000  0.40 0.000  0.439 0.000   2.317 0.000   4.170 0.000 999.99 0.259000   47.772 0.000   36.552 0.000  11.221 0.000  0.100 0.000  0.533 0.000
232.333333 233.333333  144.93 0.000  3.39 0.000 0.032 0.000000  0.64 0.000  0.327 0.559   2.510 0.000   4.518 0.000 999.99 0.259000   41.827 0.000   30.351 0.000  11.476 0.000  0.067 0.000  0.780 0.559
235.333333 236.333333  320.49 0.000  3.71 0.000 0.064 0.000000  0.48 0.000  0.388 0.000   2.743 0.000   4.938 0.000 999.99 0.259000   60.540 0.000   47.240 0.000  13.300 0.000  0.147 0.000  0.601 0.000
