scripts/IMPROVE-2019_partial/data/US0012R.19980103070000.20191216000000.filterpack...1y.3d.US03L_filterpack_US0012.US03L_IMPROVE_Davis.lev2.nas
51 1001
MISSING INFORMATION
US03L, IMPROVE, , , , , , , 
MISSING INFORMATION
IMPROVE sel_HTAP
1 1
1998 01 01 2019 12 16
0
days from file reference point
4
1 1 1 1
999.999999 999.999 999.999 9.999
end_time of measurement, days from the file reference point
pm10_mass, ug/m3, Matrix=pm10
pm25_mass, ug/m3, Matrix=pm25
numflag, no unit
0
33
Data definition:              EBAS_1.1
Set type code:                TI
Timezone:                     UTC
File name:                    US0012R.19980103070000.20191216000000.filterpack...1y.3d.US03L_filterpack_US0012.US03L_IMPROVE_Davis.lev2.nas
File creation:                20191218115610
Startdate:                    19980103070000
Revision date:                20191216000000
Version:                      2
Version description:          "Data extracted from http://views.cira.colostate.edu/fed/DataWizard 2019-12-16"
Statistics:                   arithmetic mean
Data level:                   2
Period code:                  1y
Resolution code:              3d
Sample duration:              1d
Orig. time res.:              3d
Station code:                 US0012R
Platform code:                US0012S
Station name:                 Hopi Point #1
Station latitude:             36.0658
Station longitude:            -112.1539
Station altitude:             2164.0 m
Regime:                       IMG
Component:                    
Unit:                         ug/m3
Matrix:                       
Laboratory code:              US03L
Instrument type:              filterpack
Instrument name:              filterpack_US0012
Method ref:                   US03L_IMPROVE_Davis
Blank correction:             Blank corrected
Volume std. temperature:      ambient
Volume std. pressure:         ambient
starttime endtime PM10 PM2.5 flag
  2.291667   3.291667   4.796   1.318 0.000
  6.291667   7.291667   3.694   1.704 0.000
  9.291667  10.291667   3.722   1.785 0.000
 13.291667  14.291667  17.961   3.133 0.000
 16.291667  17.291667   3.472   1.272 0.000
 20.291667  21.291667   2.485   0.828 0.000
 23.291667  24.291667  13.154   1.454 0.000
 27.291667  28.291667   7.936   1.218 0.000
 30.291667  31.291667   4.875   1.421 0.000
 34.291667  35.291667   2.364   1.831 0.000
 37.291667  38.291667   3.833   0.932 0.000
 41.291667  42.291667 999.999 999.999 0.999
 44.291667  45.291667   2.529 999.999 0.000
 48.291667  49.291667   2.567   2.943 0.000
 51.291667  52.291667   4.401   4.167 0.000
 55.291667  56.291667   6.250   1.658 0.000
 58.291667  59.291667   8.120   0.764 0.000
 62.291667  63.291667   5.638   3.301 0.000
 65.291667  66.291667   8.526   1.651 0.000
 69.291667  70.291667   9.850   0.896 0.000
 72.291667  73.291667  15.958   2.048 0.000
 76.291667  77.291667   2.591   1.389 0.000
 79.291667  80.291667   3.282   1.689 0.000
 83.291667  84.291667  11.376   3.331 0.000
 86.291667  87.291667   3.278   1.900 0.000
 90.291667  91.291667   2.453   2.304 0.000
 93.291667  94.291667   4.051   2.337 0.000
 97.291667  98.291667   8.027   2.142 0.000
100.291667 101.291667  11.315   4.324 0.000
104.291667 105.291667   3.862   2.180 0.000
107.291667 108.291667   7.891   1.567 0.000
111.291667 112.291667  19.444   6.944 0.000
114.291667 115.291667   8.848   3.487 0.000
118.291667 119.291667   6.684   3.861 0.000
121.291667 122.291667  19.177  10.417 0.000
125.291667 126.291667   5.100   1.560 0.000
128.291667 129.291667   6.028   3.042 0.000
132.291667 133.291667   5.260   2.415 0.000
135.291667 136.291667   7.698   2.325 0.000
139.291667 140.291667  17.497   9.034 0.000
142.291667 143.291667  10.253   3.083 0.000
146.291667 147.291667   5.872   3.127 0.000
149.291667 150.291667  11.358   2.255 0.000
153.291667 154.291667  12.702   4.240 0.000
156.291667 157.291667  15.358   2.498 0.000
160.291667 161.291667   7.761   3.758 0.000
163.291667 164.291667   8.045   2.899 0.000
167.291667 168.291667   3.416   1.507 0.000
170.291667 171.291667   5.996   1.582 0.000
174.291667 175.291667   7.761   2.227 0.000
177.291667 178.291667   5.397   2.395 0.000
181.291667 182.291667  11.788   3.472 0.000
184.291667 185.291667  11.280   4.817 0.000
188.291667 189.291667   7.956   5.230 0.000
191.291667 192.291667   6.270   3.458 0.000
195.291667 196.291667   6.572   3.472 0.000
198.291667 199.291667  18.396   4.896 0.000
202.291667 203.291667   7.295 999.999 0.000
205.291667 206.291667  10.451   5.915 0.000
209.291667 210.291667  10.969   3.343 0.000
212.291667 213.291667   5.534   2.557 0.000
216.291667 217.291667   9.248   6.062 0.000
219.291667 220.291667   5.420   3.547 0.000
223.291667 224.291667  11.132   3.428 0.000
226.291667 227.291667   7.158   3.650 0.000
230.291667 231.291667   8.002   4.310 0.000
233.291667 234.291667  14.100   5.418 0.000
237.291667 238.291667  14.771   6.023 0.000
240.291667 241.291667  21.932   5.300 0.000
244.291667 245.291667 999.999 999.999 0.999
247.291667 248.291667 999.999 999.999 0.999
251.291667 252.291667 999.999 999.999 0.999
254.291667 255.291667 999.999 999.999 0.999
258.291667 259.291667 999.999 999.999 0.999
261.291667 262.291667 999.999 999.999 0.999
265.291667 266.291667 999.999 999.999 0.999
268.291667 269.291667 999.999 999.999 0.999
272.291667 273.291667 999.999 999.999 0.999
275.291667 276.291667 999.999 999.999 0.999
279.291667 280.291667 999.999 999.999 0.999
282.291667 283.291667 999.999 999.999 0.999
286.291667 287.291667 999.999 999.999 0.999
289.291667 290.291667 999.999 999.999 0.999
293.291667 294.291667 999.999 999.999 0.999
296.291667 297.291667 999.999 999.999 0.999
300.291667 301.291667 999.999 999.999 0.999
303.291667 304.291667 999.999 999.999 0.999
307.291667 308.291667 999.999 999.999 0.999
310.291667 311.291667 999.999 999.999 0.999
314.291667 315.291667 999.999 999.999 0.999
317.291667 318.291667 999.999 999.999 0.999
321.291667 322.291667 999.999 999.999 0.999
324.291667 325.291667 999.999 999.999 0.999
328.291667 329.291667 999.999 999.999 0.999
331.291667 332.291667 999.999 999.999 0.999
335.291667 336.291667 999.999 999.999 0.999
338.291667 339.291667 999.999 999.999 0.999
342.291667 343.291667 999.999 999.999 0.999
345.291667 346.291667 999.999 999.999 0.999
349.291667 350.291667 999.999 999.999 0.999
352.291667 353.291667 999.999 999.999 0.999
356.291667 357.291667 999.999 999.999 0.999
359.291667 360.291667 999.999 999.999 0.999
363.291667 364.291667 999.999 999.999 0.999
