scripts/IMPROVE-2019_partial/data/US0068R.20040101060000.20191216000000.filterpack..pm25.52w.1w.US03L_filterpack_US0068.US03L_IMPROVE_Davis.lev2.nas
66 1001
MISSING INFORMATION
US03L, IMPROVE, , , , , , , 
MISSING INFORMATION
IMPROVE sel_HTAP
1 1
2004 01 01 2019 12 16
3.00
days from file reference point
27
1 1 1 1 1 1 1 1 1 1 1 1 1 1 1 1 1 1 1 1 1 1 1 1 1 1 1
999.99 9999.99 9.999 99.99 9.999 9.999 9.999 9.99 9.999 99.999 9.999 999.999 9.999 999.999 9.999 999.99 9.999 999.999 9.999 999.999 9.999 999.999 9.999 9.999 9.999 99.999 9.999
end_time of measurement, days from the file reference point
iron, ng/m3, Revision date=20181210133000
numflag iron, no unit, Revision date=20181210133000
lead, ng/m3, Revision date=20181210133000
numflag lead, no unit, Revision date=20181210133000
magnesium, ug/m3, Revision date=20181210133000
numflag magnesium, no unit, Revision date=20181210133000
nickel, ng/m3, Revision date=20181210133000
numflag nickel, no unit, Revision date=20181210133000
nitrate, ug N/m3, Revision date=20181210133000
numflag nitrate, no unit, Revision date=20181210133000
organic_carbon, ug C/m3, Revision date=20181210133000
numflag organic_carbon, no unit, Revision date=20181210133000
organic_mass, ug/m3, Revision date=20181210133000
numflag organic_mass, no unit, Revision date=20181210133000
phosphorus, ng/m3, Revision date=20181210133000
numflag phosphorus, no unit, Revision date=20181210133000
pm10_mass, ug/m3, Version=2, Version description=Data extracted from http://views.cira.colostate.edu/fed/DataWizard 2019-12-16, Sample duration=1d, Orig. time res.=3d, Matrix=pm10, Blank correction=Blank corrected, Volume std. temperature=ambient, Volume std. pressure=ambient
numflag pm10_mass, no unit, Version=2, Version description=Data extracted from http://views.cira.colostate.edu/fed/DataWizard 2019-12-16, Sample duration=1d, Orig. time res.=3d, Matrix=pm10, Blank correction=Blank corrected, Volume std. temperature=ambient, Volume std. pressure=ambient
pm10_pm25_mass, ug/m3, Revision date=20181210133000, Matrix=pm10_pm25
numflag pm10_pm25_mass, no unit, Revision date=20181210133000, Matrix=pm10_pm25
pm25_mass, ug/m3, Version=2, Version description=Data extracted from http://views.cira.colostate.edu/fed/DataWizard 2019-12-16, Sample duration=1d, Orig. time res.=3d, Blank correction=Blank corrected, Volume std. temperature=ambient, Volume std. pressure=ambient
numflag pm25_mass, no unit, Version=2, Version description=Data extracted from http://views.cira.colostate.edu/fed/DataWizard 2019-12-16, Sample duration=1d, Orig. time res.=3d, Blank correction=Blank corrected, Volume std. temperature=ambient, Volume std. pressure=ambient
potassium, ug/m3, Revision date=20181210133000
numflag potassium, no unit, Revision date=20181210133000
sulphate_total, ug S/m3, Revision date=20181210133000
numflag sulphate_total, no unit, Revision date=20181210133000
0
25
Data definition:              EBAS_1.1
Set type code:                TU
Timezone:                     UTC
File name:                    US0068R.20040101060000.20191216000000.filterpack..pm25.52w.1w.US03L_filterpack_US0068.US03L_IMPROVE_Davis.lev2.nas
File creation:                20191218115952
Startdate:                    20040101060000
Revision date:                20191216000000
Statistics:                   arithmetic mean
Data level:                   2
Period code:                  52w
Resolution code:              1w
Station code:                 US0068R
Platform code:                US0068S
Station name:                 Cherokee Nation
Station latitude:             36.9562
Station longitude:            -97.0313
Station altitude:             342.0 m
Regime:                       IMG
Component:                    
Matrix:                       pm25
Laboratory code:              US03L
Instrument type:              filterpack
Instrument name:              filterpack_US0068
Method ref:                   US03L_IMPROVE_Davis
starttime endtime Fe flag_Fe Pb flag_Pb Mg++ flag_Mg++ Ni flag_Ni NO3- flag_NO3- OC flag_OC OM flag_OM P flag_P PM10 flag_PM10 PM10-PM2.5 flag_PM10-PM2.5 PM2.5 flag_PM2.5 K+ flag_K+ SO4-- flag_SO4--
  0.25   1.25   26.73 0.000  2.34 0.000 9.999 0.259 0.34 0.000  0.506 0.000   1.316 0.000   1.843 0.000 999.99 0.259  19.076 0.000   9.221 0.000   9.856 0.000 0.065 0.000  0.898 0.000
  3.25   4.25   11.00 0.000  1.09 0.000 0.040 0.000 9.99 0.259  0.549 0.000   0.724 0.000   1.014 0.000 999.99 0.259  12.248 0.000   4.311 0.000   7.936 0.000 0.021 0.000  0.717 0.000
  6.25   7.25   34.87 0.000  1.97 0.000 9.999 0.259 0.17 0.000  0.441 0.000   1.469 0.000   2.057 0.000 999.99 0.259  25.264 0.000  18.290 0.000   6.975 0.000 0.040 0.000  0.334 0.000
  9.25  10.25   59.17 0.000  2.83 0.000 0.031 0.000 0.14 0.000  2.047 0.000   1.971 0.000   2.759 0.000 999.99 0.259  46.113 0.000  25.491 0.000  20.622 0.000 0.062 0.000  1.141 0.000
 12.25  13.25  141.57 0.000  2.53 0.000 9.999 0.259 0.27 0.000  0.589 0.000   2.111 0.000   2.956 0.000 999.99 0.259  59.117 0.000  48.286 0.000  10.831 0.000 0.089 0.000  0.416 0.000
 15.25  16.25   19.02 0.000  2.66 0.000 9.999 0.259 0.10 0.000  0.490 0.000   2.210 0.000   3.094 0.000 999.99 0.259  12.558 0.000   3.208 0.000   9.351 0.000 0.049 0.000  0.579 0.000
 18.25  19.25   14.96 0.000  1.16 0.000 9.999 0.259 0.16 0.000  0.497 0.000   0.768 0.000   1.075 0.000 999.99 0.259  10.185 0.000   4.383 0.000   5.802 0.000 0.029 0.000  0.375 0.000
 21.25  22.25   29.46 0.000  1.63 0.000 9.999 0.259 0.13 0.000  0.806 0.000   0.787 0.000   1.102 0.000 999.99 0.259  13.342 0.000   5.260 0.000   8.082 0.000 0.022 0.000  0.365 0.000
 24.25  25.25    6.19 0.000  0.93 0.000 9.999 0.259 9.99 0.259  0.579 0.000   0.967 0.000   1.354 0.000  20.79 0.000   7.865 0.000   0.362 0.000   7.502 0.000 0.019 0.000  0.513 0.000
 27.25  28.25 9999.99 0.999 99.99 0.999 9.999 0.999 9.99 0.999 99.999 0.999 999.999 0.999 999.999 0.999 999.99 0.999 999.999 0.999 999.999 0.999 999.999 0.999 9.999 0.999 99.999 0.999
 30.25  31.25   26.65 0.000  2.90 0.000 9.999 0.259 0.22 0.000  1.269 0.000   1.703 0.000   2.384 0.000 999.99 0.259  20.071 0.000   5.786 0.000  14.285 0.000 0.051 0.000  0.847 0.000
 33.25  34.25 9999.99 0.456 99.99 0.456 9.999 0.456 9.99 0.456  1.416 0.000   1.201 0.000   1.681 0.000 999.99 0.456  12.260 0.000 999.999 0.999 999.999 0.456 9.999 0.456  0.694 0.000
 36.25  37.25   14.61 0.000  1.40 0.000 9.999 0.259 0.23 0.000  0.701 0.000   0.886 0.000   1.240 0.000 999.99 0.259  13.047 0.000   2.178 0.000  10.870 0.000 0.021 0.000  1.201 0.000
 39.25  40.25   35.35 0.000  2.83 0.000 9.999 0.259 0.27 0.000  0.667 0.000   1.136 0.000   1.590 0.000 999.99 0.259   7.990 0.000   1.521 0.000   6.470 0.000 0.019 0.000  0.260 0.000
 42.25  43.25   16.07 0.000  0.72 0.000 0.018 0.000 0.15 0.000  0.238 0.000   0.572 0.000   0.801 0.000 999.99 0.259   8.681 0.000   4.337 0.000   4.344 0.000 0.020 0.000  0.435 0.000
 45.25  46.25   30.61 0.000  1.44 0.000 9.999 0.259 9.99 0.259  2.159 0.000   1.384 0.000   1.938 0.000 999.99 0.259  28.199 0.000   9.431 0.000  18.768 0.000 0.034 0.000  0.556 0.000
 48.25  49.25   36.94 0.000  2.66 0.000 9.999 0.259 0.22 0.000  1.756 0.559   2.413 0.000   3.378 0.000 999.99 0.259  36.448 0.000  18.787 0.000  17.660 0.000 0.042 0.000  1.045 0.559
 51.25  52.25   62.08 0.000  0.99 0.000 9.999 0.259 9.99 0.259  0.158 0.000   0.702 0.000   0.982 0.000 999.99 0.259  19.919 0.000  16.610 0.000   3.308 0.000 0.033 0.000  0.143 0.000
 54.25  55.25   15.87 0.000  1.84 0.000 9.999 0.259 9.99 0.259  1.198 0.000   0.877 0.000   1.228 0.000 999.99 0.259  22.194 0.000   7.496 0.000  14.698 0.000 0.020 0.000  1.532 0.000
 57.25  58.25   81.91 0.000  4.28 0.000 9.999 0.259 0.12 0.000  0.754 0.000   2.815 0.000   3.941 0.000 999.99 0.259  40.530 0.000  26.309 0.000  14.221 0.000 0.066 0.000  1.195 0.000
 60.25  61.25   12.48 0.000  0.47 0.000 9.999 0.259 9.99 0.259  0.084 0.000   0.439 0.000   0.614 0.000 999.99 0.259   7.568 0.000   4.863 0.000   2.706 0.000 0.012 0.000  0.302 0.000
 63.25  64.25   18.72 0.000  0.79 0.000 9.999 0.259 9.99 0.259  0.182 0.000   0.554 0.000   0.775 0.000 999.99 0.259   4.824 0.000   2.650 0.000   2.174 0.000 0.013 0.000  0.160 0.000
 66.25  67.25   19.79 0.000  4.48 0.000 0.053 0.000 9.99 0.259  0.061 0.559   0.401 0.000   0.562 0.000 999.99 0.259   5.383 0.000   3.580 0.000   1.803 0.000 0.015 0.000  0.144 0.559
 69.25  70.25   32.97 0.000  1.73 0.000 9.999 0.259 0.14 0.000  0.213 0.000   2.994 0.000   4.191 0.000 999.99 0.259  22.081 0.000  15.436 0.000   6.645 0.000 0.043 0.000  0.221 0.000
 72.25  73.25   28.77 0.000  2.53 0.000 9.999 0.259 0.10 0.000  0.551 0.000   7.618 0.000  10.665 0.000 999.99 0.259  22.339 0.000   6.887 0.000  15.452 0.000 0.081 0.000  0.323 0.000
 75.25  76.25   21.93 0.000  0.78 0.000 9.999 0.259 9.99 0.259  0.792 0.000   5.211 0.000   7.295 0.000 999.99 0.259  26.053 0.000  10.651 0.000  15.402 0.000 0.052 0.000  0.574 0.000
 78.25  79.25   53.89 0.000  2.05 0.000 9.999 0.259 0.21 0.000  0.304 0.000   3.172 0.000   4.441 0.000 999.99 0.259  31.374 0.000  19.860 0.000  11.514 0.000 0.077 0.000  1.077 0.000
 81.25  82.25   56.47 0.000  2.87 0.000 0.041 0.000 9.99 0.259  0.377 0.000   3.683 0.000   5.156 0.000 999.99 0.259  29.966 0.000  19.278 0.000  10.688 0.000 0.074 0.000  0.499 0.000
 84.25  85.25   31.27 0.000  1.57 0.000 9.999 0.259 0.28 0.000  0.274 0.000   1.156 0.000   1.618 0.000 999.99 0.259  23.744 0.000  12.008 0.000  11.736 0.000 0.049 0.000  1.829 0.000
 87.25  88.25   18.68 0.000  0.94 0.000 9.999 0.259 9.99 0.259  0.039 0.000   0.549 0.000   0.769 0.000 999.99 0.259   5.002 0.000   3.251 0.000   1.751 0.000 0.012 0.000  0.083 0.000
 90.25  91.25   31.31 0.000  1.41 0.000 9.999 0.259 0.08 0.000  0.777 0.000   6.968 0.000   9.756 0.000 999.99 0.259  26.296 0.000   7.737 0.000  18.559 0.000 0.139 0.000  0.761 0.000
 93.25  94.25   70.47 0.000  3.24 0.000 9.999 0.259 9.99 0.259  1.253 0.000  11.045 0.000  15.463 0.000 999.99 0.259  49.982 0.000  21.802 0.000  28.181 0.000 0.281 0.000  0.660 0.000
 96.25  97.25  101.32 0.000  3.83 0.000 9.999 0.259 0.10 0.000  0.206 0.000   8.837 0.000  12.371 0.000 999.99 0.259  45.786 0.000  25.118 0.000  20.668 0.000 0.167 0.000  0.850 0.000
 99.25 100.25   45.09 0.000  2.66 0.000 9.999 0.259 0.08 0.000  0.382 0.000   4.037 0.000   5.652 0.000 999.99 0.259  21.837 0.000  10.212 0.000  11.625 0.000 0.083 0.000  0.439 0.000
102.25 103.25   28.48 0.000  2.33 0.000 9.999 0.259 9.99 0.259  0.675 0.000   1.511 0.000   2.115 0.000 999.99 0.259  15.646 0.000   6.627 0.000   9.019 0.000 0.052 0.000  0.702 0.000
105.25 106.25   67.37 0.000  2.98 0.000 9.999 0.259 9.99 0.259  0.085 0.000   3.979 0.000   5.571 0.000 999.99 0.259  28.394 0.000  17.386 0.000  11.008 0.000 0.119 0.000  0.752 0.000
108.25 109.25   56.31 0.000  1.55 0.000 9.999 0.259 0.21 0.000  0.136 0.000   1.302 0.000   1.823 0.000 999.99 0.259  28.394 0.000  18.390 0.000  10.004 0.000 0.100 0.000  1.425 0.000
111.25 112.25   45.85 0.000  1.82 0.000 0.091 0.000 9.99 0.259  0.081 0.000   0.801 0.000   1.121 0.000 999.99 0.259  12.541 0.000   8.568 0.000   3.973 0.000 0.039 0.000  0.396 0.000
114.25 115.25    7.00 0.000  0.63 0.000 9.999 0.259 9.99 0.259  0.043 0.000   0.380 0.000   0.531 0.000 999.99 0.259   3.411 0.000   1.992 0.000   1.419 0.000 0.007 0.000  0.190 0.000
117.25 118.25   52.25 0.000  2.16 0.000 9.999 0.259 9.99 0.259  0.086 0.000   1.066 0.000   1.493 0.000 999.99 0.259  18.081 0.000  13.150 0.000   4.930 0.000 0.043 0.000  0.461 0.000
120.25 121.25   45.21 0.000  2.69 0.000 9.999 0.259 9.99 0.259  0.667 0.000   1.063 0.000   1.488 0.000 999.99 0.259  18.684 0.000   8.373 0.000  10.310 0.000 0.040 0.000  1.041 0.000
123.25 124.25   39.85 0.000  2.38 0.000 9.999 0.259 0.08 0.000  0.133 0.000   0.979 0.000   1.370 0.000 999.99 0.259  16.717 0.000  11.404 0.000   5.312 0.000 0.049 0.000  0.584 0.000
126.25 127.25   89.58 0.000  1.99 0.000 9.999 0.259 0.27 0.000  0.116 0.000   1.879 0.000   2.631 0.000 999.99 0.259  34.804 0.000  24.251 0.000  10.553 0.000 0.066 0.000  1.255 0.000
129.25 130.25   53.00 0.000  1.43 0.000 9.999 0.259 0.34 0.000  0.117 0.000   1.290 0.000   1.806 0.000 999.99 0.259  24.446 0.000  14.694 0.000   9.752 0.000 0.051 0.000  1.541 0.000
132.25 133.25   61.80 0.000  1.60 0.000 9.999 0.259 0.32 0.000  0.133 0.000   1.303 0.000   1.824 0.000 999.99 0.259  29.011 0.000  18.579 0.000  10.432 0.000 0.074 0.000  1.531 0.000
135.25 136.25   16.31 0.000  1.93 0.000 9.999 0.259 0.11 0.000  0.281 0.000   0.724 0.000   1.014 0.000 999.99 0.259   9.383 0.000   5.390 0.000   3.994 0.000 0.015 0.000  0.533 0.000
138.25 139.25   49.99 0.000  1.56 0.000 9.999 0.259 0.31 0.000  0.125 0.000   1.399 0.000   1.959 0.000 999.99 0.259  22.107 0.000  13.193 0.000   8.914 0.000 0.062 0.000  1.212 0.000
141.25 142.25   55.98 0.000  0.90 0.000 9.999 0.259 0.23 0.000  0.178 0.000   1.325 0.000   1.855 0.000 999.99 0.259  30.366 0.000  21.739 0.000   8.628 0.000 0.056 0.000  1.069 0.000
144.25 145.25   59.57 0.000  0.99 0.000 9.999 0.259 0.33 0.000  0.148 0.000   2.056 0.000   2.878 0.000 999.99 0.259  33.202 0.000  21.210 0.000  11.992 0.000 0.096 0.000  1.490 0.000
147.25 148.25   58.53 0.000  1.13 0.000 9.999 0.259 0.45 0.000  0.127 0.000   2.181 0.000   3.053 0.000 999.99 0.259  31.333 0.000  19.606 0.000  11.726 0.000 0.099 0.000  1.402 0.000
150.25 151.25   54.94 0.000  0.55 0.000 9.999 0.259 0.15 0.000  0.042 0.000   1.355 0.000   1.897 0.000 999.99 0.259  30.490 0.000  24.091 0.000   6.399 0.000 0.078 0.000  0.480 0.000
153.25 154.25   45.99 0.000  0.75 0.000 9.999 0.259 0.14 0.000  0.023 0.000   0.911 0.000   1.275 0.000 999.99 0.259  20.302 0.000  16.845 0.000   3.457 0.000 0.031 0.000  0.231 0.000
156.25 157.25   32.32 0.000  2.12 0.000 9.999 0.259 0.07 0.000  0.105 0.000   2.156 0.000   3.018 0.000 999.99 0.259  18.327 0.000   7.592 0.000  10.735 0.000 0.051 0.000  1.223 0.000
159.25 160.25  108.38 0.000  0.66 0.000 9.999 0.259 0.19 0.000  0.072 0.000   0.863 0.000   1.208 0.000 999.99 0.259  22.653 0.000  17.100 0.000   5.553 0.000 0.065 0.000  0.473 0.000
162.25 163.25   97.22 0.000  0.94 0.000 0.089 0.000 0.22 0.000  0.151 0.000   1.423 0.000   1.992 0.000 999.99 0.259  24.469 0.000  16.093 0.000   8.376 0.000 0.067 0.000  0.811 0.000
165.25 166.25   96.65 0.000  1.74 0.000 9.999 0.259 0.16 0.000  0.062 0.000   1.713 0.000   2.398 0.000 999.99 0.259  29.971 0.000  22.996 0.000   6.974 0.000 0.057 0.000  0.605 0.000
168.25 169.25   67.29 0.000  1.01 0.000 9.999 0.259 0.14 0.000  0.032 0.000   1.649 0.000   2.308 0.000 999.99 0.259  30.296 0.000  22.445 0.000   7.850 0.000 0.091 0.000  0.715 0.000
171.25 172.25   18.46 0.000  1.67 0.000 9.999 0.259 0.14 0.000  0.038 0.000   1.066 0.000   1.492 0.000 999.99 0.259  11.054 0.000   5.913 0.000   5.141 0.000 0.024 0.000  0.574 0.000
174.25 175.25   37.83 0.000  0.69 0.000 0.057 0.000 0.16 0.000  0.028 0.000   1.365 0.000   1.911 0.000 999.99 0.259  19.263 0.000  15.114 0.000   4.149 0.000 0.031 0.000  0.338 0.000
177.25 178.25   77.37 0.000  1.71 0.000 0.067 0.000 9.99 0.259  0.058 0.000   1.567 0.000   2.194 0.000 999.99 0.259  30.901 0.000  23.350 0.000   7.551 0.000 0.096 0.000  0.626 0.000
180.25 181.25   29.23 0.000  2.50 0.000 0.064 0.000 0.08 0.000  0.075 0.000   1.410 0.000   1.974 0.000 999.99 0.259  16.776 0.000   7.092 0.000   9.684 0.000 0.074 0.000  1.274 0.000
183.25 184.25   19.30 0.000  0.82 0.000 9.999 0.259 9.99 0.259  0.027 0.000   0.691 0.000   0.968 0.000 999.99 0.259   8.415 0.000   5.595 0.000   2.820 0.000 0.057 0.000  0.282 0.000
186.25 187.25  185.02 0.000  0.20 0.000 9.999 0.259 9.99 0.259  0.074 0.000   1.611 0.000   2.256 0.000 999.99 0.259  24.959 0.000  15.883 0.000   9.076 0.000 0.147 0.000  0.504 0.000
189.25 190.25   86.57 0.000  0.63 0.000 0.060 0.000 0.18 0.000  0.085 0.000   1.588 0.000   2.223 0.000 999.99 0.259  29.380 0.000  21.405 0.000   7.976 0.000 0.081 0.000  0.699 0.000
192.25 193.25  151.33 0.000  1.55 0.000 9.999 0.259 0.18 0.000  0.103 0.000   1.404 0.000   1.966 0.000 999.99 0.259  24.673 0.000  15.272 0.000   9.401 0.000 0.083 0.000  0.830 0.000
195.25 196.25  412.95 0.000  0.95 0.000 9.999 0.259 0.22 0.000  0.134 0.000   1.607 0.000   2.250 0.000 999.99 0.259  50.245 0.000  38.039 0.000  12.206 0.000 0.201 0.000  0.527 0.000
198.25 199.25   50.33 0.000  1.56 0.000 9.999 0.259 9.99 0.259  0.035 0.000   2.664 0.000   3.730 0.000 999.99 0.259  26.961 0.000  18.136 0.000   8.825 0.000 0.065 0.000  0.583 0.000
201.25 202.25  121.73 0.000  1.32 0.000 9.999 0.259 0.14 0.000  0.057 0.000   3.905 0.000   5.467 0.000 999.99 0.259  46.481 0.000  33.435 0.000  13.046 0.000 0.126 0.000  0.738 0.000
204.25 205.25   47.79 0.000  0.77 0.000 9.999 0.259 9.99 0.259  0.036 0.000   2.548 0.000   3.568 0.000 999.99 0.259  22.859 0.000  12.138 0.000  10.721 0.000 0.066 0.000  1.001 0.000
207.25 208.25   49.24 0.000  3.00 0.000 9.999 0.259 0.08 0.000  0.057 0.000   1.781 0.000   2.493 0.000 999.99 0.259  17.981 0.000   7.625 0.000  10.356 0.000 0.037 0.000  1.354 0.000
210.25 211.25   25.50 0.000  2.11 0.000 9.999 0.259 9.99 0.259  0.037 0.000   3.245 0.000   4.543 0.000 999.99 0.259  12.235 0.000   1.248 0.000  10.988 0.000 0.031 0.000  1.450 0.000
213.25 214.25   29.43 0.000  1.56 0.000 9.999 0.259 0.16 0.000  0.036 0.000   2.575 0.000   3.605 0.000 999.99 0.259  20.425 0.000   9.356 0.000  11.069 0.000 0.043 0.000  1.240 0.000
216.25 217.25   42.71 0.000  1.06 0.000 9.999 0.259 0.18 0.000  0.039 0.000   1.939 0.000   2.715 0.000 999.99 0.259  22.363 0.000  12.298 0.000  10.065 0.000 0.048 0.000  1.190 0.000
219.25 220.25   66.06 0.000  2.03 0.000 9.999 0.259 9.99 0.259  0.070 0.000   2.992 0.000   4.188 0.000 999.99 0.259  35.714 0.000  23.166 0.000  12.549 0.000 0.051 0.000  1.243 0.000
222.25 223.25   56.10 0.000  2.08 0.000 9.999 0.259 0.10 0.000  0.039 0.000   1.410 0.000   1.974 0.000 999.99 0.259  20.551 0.000  14.449 0.000   6.102 0.000 0.037 0.000  0.549 0.000
225.25 226.25   30.35 0.000  0.65 0.000 9.999 0.259 0.16 0.000  0.044 0.000   1.277 0.000   1.788 0.000 999.99 0.259  18.039 0.000  11.336 0.000   6.703 0.000 0.026 0.000  0.797 0.000
228.25 229.25   38.52 0.000  2.71 0.000 9.999 0.259 9.99 0.259  0.063 0.000   3.301 0.000   4.621 0.000 999.99 0.259  28.398 0.000  14.387 0.000  14.011 0.000 0.068 0.000  1.435 0.000
231.25 232.25   55.99 0.000  1.66 0.000 9.999 0.259 0.20 0.000  0.195 0.000   2.793 0.000   3.911 0.000 999.99 0.259  23.412 0.000   8.635 0.000  14.776 0.000 0.065 0.000  1.622 0.000
234.25 235.25   30.92 0.000  1.68 0.000 9.999 0.259 9.99 0.259  0.097 0.000   1.856 0.000   2.598 0.000 999.99 0.259  19.477 0.000   9.974 0.000   9.503 0.000 0.031 0.000  1.282 0.000
237.25 238.25   76.54 0.000  0.83 0.000 9.999 0.259 0.38 0.000  0.074 0.000   1.898 0.000   2.658 0.000 999.99 0.259  30.311 0.000  21.274 0.000   9.037 0.000 0.071 0.000  0.989 0.000
240.25 241.25   57.68 0.000  1.42 0.000 9.999 0.259 9.99 0.259  0.046 0.000   1.022 0.000   1.431 0.000 999.99 0.259  16.560 0.000  11.699 0.000   4.861 0.000 0.038 0.000  0.405 0.000
243.25 244.25  139.99 0.000  2.34 0.000 9.999 0.259 0.11 0.000  0.048 0.000   1.702 0.000   2.383 0.000 999.99 0.259  49.537 0.000  40.011 0.000   9.526 0.000 0.074 0.000  0.729 0.000
246.25 247.25   96.19 0.000  3.42 0.000 9.999 0.259 9.99 0.259  0.034 0.000   3.229 0.000   4.521 0.000 999.99 0.259  46.958 0.000  24.426 0.000  22.532 0.000 0.072 0.000  3.368 0.000
249.25 250.25   22.57 0.000  2.55 0.000 9.999 0.259 9.99 0.259  0.020 0.000   1.450 0.000   2.029 0.000 999.99 0.259  12.697 0.000   9.240 0.000   3.457 0.000 0.025 0.000  0.134 0.000
252.25 253.25  156.05 0.000  1.13 0.000 9.999 0.259 9.99 0.259  0.049 0.000   1.593 0.000   2.230 0.000 999.99 0.259  47.247 0.000  38.883 0.000   8.364 0.000 0.085 0.000  0.416 0.000
255.25 256.25  118.82 0.000  2.76 0.000 9.999 0.259 9.99 0.259  0.032 0.000   4.368 0.000   6.115 0.000 999.99 0.259  48.074 0.000  28.056 0.000  20.018 0.000 0.116 0.000  2.192 0.000
