scripts/IMPROVE-2019_partial/data/US0077R.19970101070000.20191216000000.filterpack...1y.3d.US03L_filterpack_US0077.US03L_IMPROVE_Davis.lev2.nas
51 1001
MISSING INFORMATION
US03L, IMPROVE, , , , , , , 
MISSING INFORMATION
IMPROVE sel_HTAP
1 1
1997 01 01 2019 12 16
0
days from file reference point
4
1 1 1 1
999.999999 999.999 99.999 9.999
end_time of measurement, days from the file reference point
pm10_mass, ug/m3, Matrix=pm10
pm25_mass, ug/m3, Matrix=pm25
numflag, no unit
0
33
Data definition:              EBAS_1.1
Set type code:                TI
Timezone:                     UTC
File name:                    US0077R.19970101070000.20191216000000.filterpack...1y.3d.US03L_filterpack_US0077.US03L_IMPROVE_Davis.lev2.nas
File creation:                20191218120037
Startdate:                    19970101070000
Revision date:                20191216000000
Version:                      2
Version description:          "Data extracted from http://views.cira.colostate.edu/fed/DataWizard 2019-12-16"
Statistics:                   arithmetic mean
Data level:                   2
Period code:                  1y
Resolution code:              3d
Sample duration:              1d
Orig. time res.:              3d
Station code:                 US0077R
Platform code:                US0077S
Station name:                 Canyonlands NP
Station latitude:             38.4587
Station longitude:            -109.821
Station altitude:             1798.0 m
Regime:                       IMG
Component:                    
Unit:                         ug/m3
Matrix:                       
Laboratory code:              US03L
Instrument type:              filterpack
Instrument name:              filterpack_US0077
Method ref:                   US03L_IMPROVE_Davis
Blank correction:             Blank corrected
Volume std. temperature:      ambient
Volume std. pressure:         ambient
starttime endtime PM10 PM2.5 flag
  0.291667   1.291667   5.727  3.958 0.000
  3.291667   4.291667   2.176  0.430 0.000
  7.291667   8.291667   2.467  1.425 0.000
 10.291667  11.291667  24.625  0.973 0.000
 14.291667  15.291667   3.712  1.970 0.000
 17.291667  18.291667   7.835  5.809 0.000
 21.291667  22.291667   4.123  2.414 0.000
 24.291667  25.291667   4.006  1.685 0.000
 28.291667  29.291667   2.915  1.850 0.000
 31.291667  32.291667   5.352  3.258 0.000
 35.291667  36.291667   5.316  2.023 0.000
 38.291667  39.291667   5.081  3.061 0.000
 42.291667  43.291667   6.220  3.522 0.000
 45.291667  46.291667   3.366  1.098 0.000
 49.291667  50.291667   4.794  1.850 0.000
 52.291667  53.291667   4.584  0.880 0.000
 56.291667  57.291667   6.043  1.810 0.000
 59.291667  60.291667   5.749  2.957 0.000
 63.291667  64.291667   4.010  1.142 0.000
 66.291667  67.291667   8.060  2.944 0.000
 70.291667  71.291667  14.050  2.912 0.000
 73.291667  74.291667   4.885  2.093 0.000
 77.291667  78.291667   9.004  3.472 0.000
 80.291667  81.291667  15.100  4.722 0.000
 84.291667  85.291667   5.139  1.909 0.000
 87.291667  88.291667   8.269  2.390 0.000
 91.291667  92.291667   4.703  1.879 0.000
 94.291667  95.291667   9.054  1.989 0.000
 98.291667  99.291667  15.278  5.574 0.000
101.291667 102.291667  12.855  4.261 0.000
105.291667 106.291667   8.273  2.778 0.000
108.291667 109.291667  14.651  5.136 0.000
112.291667 113.291667  17.851  2.210 0.000
115.291667 116.291667   7.682  3.890 0.000
119.291667 120.291667   7.218  1.860 0.000
122.291667 123.291667  15.675  4.211 0.000
126.291667 127.291667   9.904  3.716 0.000
129.291667 130.291667   9.980  6.111 0.000
133.291667 134.291667  13.735  5.777 0.000
136.291667 137.291667  18.056  5.797 0.000
140.291667 141.291667  10.167  3.848 0.000
143.291667 144.291667   9.660  4.661 0.000
147.291667 148.291667   4.107  3.073 0.000
150.291667 151.291667  13.739  3.612 0.000
154.291667 155.291667  16.411  3.782 0.000
157.291667 158.291667   6.579  4.371 0.000
161.291667 162.291667  19.627  6.976 0.000
164.291667 165.291667  19.984  5.699 0.000
168.291667 169.291667   7.757  2.790 0.000
171.291667 172.291667  17.435  4.942 0.000
175.291667 176.291667   8.001  2.010 0.000
178.291667 179.291667  10.493  3.059 0.000
182.291667 183.291667  16.725  4.130 0.000
185.291667 186.291667   6.870  3.123 0.000
189.291667 190.291667  11.921  6.088 0.000
192.291667 193.291667  18.011  5.518 0.000
196.291667 197.291667  15.916  5.408 0.000
199.291667 200.291667   8.821  4.117 0.000
203.291667 204.291667 999.999 99.999 0.999
206.291667 207.291667 999.999 99.999 0.999
210.291667 211.291667   5.511  3.038 0.000
213.291667 214.291667   5.732  2.539 0.000
217.291667 218.291667   6.725  3.946 0.000
220.291667 221.291667   9.722  3.982 0.000
224.291667 225.291667  12.001  2.104 0.000
227.291667 228.291667  15.155  6.728 0.000
231.291667 232.291667  10.200  4.064 0.000
234.291667 235.291667  11.004  3.505 0.000
238.291667 239.291667  10.050  3.675 0.000
241.291667 242.291667  14.137  4.478 0.000
245.291667 246.291667  11.308  4.845 0.000
248.291667 249.291667   9.112  4.056 0.000
252.291667 253.291667   5.728  3.076 0.000
255.291667 256.291667   6.984  3.076 0.000
259.291667 260.291667   8.438  3.272 0.000
262.291667 263.291667   9.698  3.128 0.000
266.291667 267.291667 999.999 99.999 0.999
269.291667 270.291667   5.987  3.657 0.000
273.291667 274.291667  11.170  3.614 0.000
276.291667 277.291667   7.115  3.208 0.000
280.291667 281.291667   7.955  2.588 0.000
283.291667 284.291667  12.890  2.178 0.000
287.291667 288.291667  11.148  7.812 0.000
290.291667 291.291667  11.011  3.537 0.000
294.291667 295.291667 999.999 99.999 0.999
297.291667 298.291667 999.999 99.999 0.999
301.291667 302.291667   8.295  3.058 0.000
304.291667 305.291667   4.861  1.529 0.000
308.291667 309.291667   9.190  3.028 0.000
311.291667 312.291667  10.965  3.770 0.000
315.291667 316.291667   8.060  4.075 0.000
318.291667 319.291667   7.553  3.258 0.000
322.291667 323.291667  12.716  3.601 0.000
325.291667 326.291667   6.849  2.090 0.000
329.291667 330.291667  14.795  4.663 0.000
332.291667 333.291667   6.240  3.057 0.000
336.291667 337.291667   3.324  1.226 0.000
339.291667 340.291667   8.013  2.621 0.000
343.291667 344.291667  10.193  1.251 0.000
346.291667 347.291667  14.472  2.172 0.000
350.291667 351.291667  14.099  2.326 0.000
353.291667 354.291667   8.436  2.679 0.000
357.291667 358.291667  11.948  5.657 0.000
360.291667 361.291667   8.374  1.152 0.000
364.291667 365.291667  10.522  2.137 0.000
