scripts/IMPROVE-2019_partial/data/US0027R.20040101070000.20191216000000.filterpack..pm25.52w.1w.US03L_filterpack_US0027.US03L_IMPROVE_Davis.lev2.nas
64 1001
MISSING INFORMATION
US03L, IMPROVE, , , , , , , 
MISSING INFORMATION
IMPROVE sel_HTAP
1 1
2004 01 01 2019 12 16
3.000000
days from file reference point
25
1 1 1 1 1 1 1 1 1 1 1 1 1 1 1 1 1 1 1 1 1 1 1 1 1
999.999999 9999.99 9.999 99.99 9.999999 9.999 9.999999 9.99 9.999999 9.999 9.999 99.999 9.999 99.999 9.999 999.999 9.999 999.999 9.999 999.999 9.999 9.999 9.999 9.999 9.999
end_time of measurement, days from the file reference point
iron, ng/m3, Revision date=20181210133000
numflag iron, no unit, Revision date=20181210133000
lead, ng/m3, Revision date=20181210133000
numflag lead, no unit, Revision date=20181210133000
magnesium, ug/m3, Revision date=20181210133000
numflag magnesium, no unit, Revision date=20181210133000
nickel, ng/m3, Revision date=20181210133000
numflag nickel, no unit, Revision date=20181210133000
nitrate, ug N/m3, Revision date=20181210133000
numflag nitrate, no unit, Revision date=20181210133000
organic_carbon, ug C/m3, Revision date=20181210133000
numflag organic_carbon, no unit, Revision date=20181210133000
organic_mass, ug/m3, Revision date=20181210133000
numflag organic_mass, no unit, Revision date=20181210133000
pm10_mass, ug/m3, Version=2, Version description=Data extracted from http://views.cira.colostate.edu/fed/DataWizard 2019-12-16, Sample duration=1d, Orig. time res.=3d, Matrix=pm10, Blank correction=Blank corrected, Volume std. temperature=ambient, Volume std. pressure=ambient
numflag pm10_mass, no unit, Version=2, Version description=Data extracted from http://views.cira.colostate.edu/fed/DataWizard 2019-12-16, Sample duration=1d, Orig. time res.=3d, Matrix=pm10, Blank correction=Blank corrected, Volume std. temperature=ambient, Volume std. pressure=ambient
pm10_pm25_mass, ug/m3, Revision date=20181210133000, Matrix=pm10_pm25
numflag pm10_pm25_mass, no unit, Revision date=20181210133000, Matrix=pm10_pm25
pm25_mass, ug/m3, Version=2, Version description=Data extracted from http://views.cira.colostate.edu/fed/DataWizard 2019-12-16, Sample duration=1d, Orig. time res.=3d, Blank correction=Blank corrected, Volume std. temperature=ambient, Volume std. pressure=ambient
numflag pm25_mass, no unit, Version=2, Version description=Data extracted from http://views.cira.colostate.edu/fed/DataWizard 2019-12-16, Sample duration=1d, Orig. time res.=3d, Blank correction=Blank corrected, Volume std. temperature=ambient, Volume std. pressure=ambient
potassium, ug/m3, Revision date=20181210133000
numflag potassium, no unit, Revision date=20181210133000
sulphate_total, ug S/m3, Revision date=20181210133000
numflag sulphate_total, no unit, Revision date=20181210133000
0
25
Data definition:              EBAS_1.1
Set type code:                TU
Timezone:                     UTC
File name:                    US0027R.20040101070000.20191216000000.filterpack..pm25.52w.1w.US03L_filterpack_US0027.US03L_IMPROVE_Davis.lev2.nas
File creation:                20191218115717
Startdate:                    20040101070000
Revision date:                20191216000000
Statistics:                   arithmetic mean
Data level:                   2
Period code:                  52w
Resolution code:              1w
Station code:                 US0027R
Platform code:                US0027S
Station name:                 Great Sand Dunes NM
Station latitude:             37.7249
Station longitude:            -105.5185
Station altitude:             2498.0 m
Regime:                       IMG
Component:                    
Matrix:                       pm25
Laboratory code:              US03L
Instrument type:              filterpack
Instrument name:              filterpack_US0027
Method ref:                   US03L_IMPROVE_Davis
starttime endtime Fe flag_Fe Pb flag_Pb Mg++ flag_Mg++ Ni flag_Ni NO3- flag_NO3- OC flag_OC OM flag_OM PM10 flag_PM10 PM10-PM2.5 flag_PM10-PM2.5 PM2.5 flag_PM2.5 K+ flag_K+ SO4-- flag_SO4--
[from data line 87]
261.291667 262.291667   47.60 0.000  0.60 0.000000 9.999 0.259000 9.99 0.259000 0.018 0.000  0.666 0.000  0.933 0.000   8.846 0.000   5.662 0.000   3.184 0.000 0.032 0.000 0.265 0.000
264.291667 265.291667   25.67 0.000  0.66 0.000000 9.999 0.259000 9.99 0.259000 0.040 0.000  0.482 0.000  0.675 0.000   4.748 0.000   1.962 0.000   2.786 0.000 0.018 0.000 0.311 0.000
267.291667 268.291667   11.99 0.000  0.46 0.000000 9.999 0.259000 9.99 0.259000 0.017 0.000  0.442 0.000  0.619 0.000   3.285 0.000   1.799 0.000   1.486 0.000 0.008 0.000 0.105 0.000
270.291667 271.291667   18.31 0.000  0.40 0.000000 9.999 0.259000 9.99 0.259000 0.031 0.000  0.664 0.000  0.929 0.000   6.071 0.000   3.372 0.000   2.699 0.000 0.013 0.000 0.221 0.000
273.291667 274.291667   32.29 0.000  0.29 0.000000 9.999 0.259000 0.16 0.000000 0.017 0.000  0.406 0.000  0.569 0.000   7.818 0.000   5.759 0.000   2.059 0.000 0.028 0.000 0.138 0.000
276.291667 277.291667   11.65 0.000 99.99 0.259000 9.999 0.259000 0.26 0.000000 0.018 0.000  1.198 0.000  1.677 0.000   4.699 0.000   2.171 0.000   2.528 0.000 0.010 0.000 0.243 0.000
279.291667 280.291667    4.28 0.000  0.34 0.000000 0.101 0.000000 0.20 0.000000 0.032 0.000  0.529 0.000  0.741 0.000   1.901 0.000   0.211 0.000   1.690 0.000 0.004 0.000 0.117 0.000
282.291667 283.291667   17.50 0.000 99.99 0.259000 9.999 0.259000 9.99 0.259000 0.013 0.000  0.691 0.000  0.968 0.000   4.547 0.000   1.916 0.000   2.631 0.000 0.016 0.000 0.160 0.000
285.291667 286.291667   19.26 0.000  0.43 0.000000 9.999 0.259000 9.99 0.259000 0.049 0.000  0.642 0.000  0.899 0.000   5.057 0.000   1.475 0.000   3.582 0.000 0.017 0.000 0.365 0.000
288.291667 289.291667  112.44 0.000  0.59 0.000000 9.999 0.259000 0.05 0.000000 0.014 0.000  0.366 0.000  0.512 0.000   7.277 0.000   2.987 0.000   4.290 0.000 0.090 0.000 0.084 0.000
291.291667 292.291667   21.73 0.000 99.99 0.259000 9.999 0.259000 9.99 0.259000 0.039 0.000  0.375 0.000  0.525 0.000   5.374 0.000   2.905 0.000   2.469 0.000 0.016 0.000 0.239 0.000
294.291667 295.291667   15.75 0.000  0.40 0.000000 9.999 0.259000 0.16 0.000000 0.020 0.000  0.449 0.000  0.628 0.000   5.994 0.000   4.027 0.000   1.967 0.000 0.021 0.000 0.092 0.000
297.291667 298.291667 9999.99 0.999 99.99 0.999000 9.999 0.999000 9.99 0.999000 0.015 0.000  0.321 0.000  0.450 0.000   2.886 0.000 999.999 0.999 999.999 0.999 9.999 0.999 0.117 0.000
300.291667 301.291667    3.98 0.000 99.99 0.259000 0.127 0.000000 9.99 0.259000 0.008 0.000  0.495 0.000  0.693 0.000   1.924 0.000   0.937 0.000   0.988 0.000 0.005 0.000 0.079 0.000
303.291667 304.291667 9999.99 0.999 99.99 0.999000 9.999 0.999000 9.99 0.999000 0.008 0.000  0.499 0.000  0.698 0.000   1.894 0.000 999.999 0.999 999.999 0.999 9.999 0.999 0.093 0.000
306.291667 307.291667    8.17 0.000  0.38 0.000000 9.999 0.259000 9.99 0.259000 0.043 0.000  0.475 0.000  0.666 0.000   1.643 0.000   0.462 0.000   1.181 0.000 0.008 0.000 0.131 0.000
309.291667 310.291667   15.43 0.000 99.99 0.259000 9.999 0.259000 9.99 0.259000 0.011 0.000  0.528 0.000  0.739 0.000   3.179 0.000   1.772 0.000   1.407 0.000 0.014 0.000 0.056 0.000
312.291667 313.291667 9999.99 0.999 99.99 0.999000 9.999 0.999000 9.99 0.999000 9.999 0.259  0.663 0.000  0.929 0.000   3.576 0.000 999.999 0.999 999.999 0.999 9.999 0.999 9.999 0.259
315.291667 316.291667    6.85 0.000 99.99 0.259000 9.999 0.259000 0.18 0.000000 0.035 0.000  0.349 0.000  0.488 0.000   3.244 0.000   1.330 0.000   1.914 0.000 0.011 0.000 0.188 0.000
318.291667 319.291667    1.26 0.394 99.99 0.394259 9.999 0.394259 9.99 0.394259 0.010 0.000  0.515 0.000  0.721 0.000   1.052 0.000   0.064 0.000   0.988 0.000 0.006 0.394 0.062 0.000
321.291667 322.291667    8.99 0.000  0.53 0.000000 0.097 0.000000 0.27 0.000000 0.114 0.000  0.516 0.000  0.722 0.000   3.077 0.000   1.371 0.000   1.706 0.000 0.010 0.000 0.113 0.000
324.291667 325.291667    4.68 0.000  0.87 0.000000 0.179 0.000000 0.17 0.000000 0.049 0.000  0.362 0.000  0.507 0.000   2.468 0.000   0.732 0.000   1.736 0.000 0.008 0.000 0.207 0.000
327.291667 328.291667    5.72 0.000  0.57 0.000000 9.999 0.259000 9.99 0.259000 0.055 0.000  0.408 0.000  0.571 0.000   3.508 0.000   1.855 0.000   1.653 0.000 0.010 0.000 0.209 0.000
330.291667 331.291667   45.45 0.000  0.68 0.000000 9.999 0.259000 9.99 0.259000 0.015 0.000  0.247 0.000  0.345 0.000   5.229 0.000   3.245 0.000   1.984 0.000 0.037 0.000 0.064 0.000
333.291667 334.291667   13.80 0.000  0.41 0.000000 9.999 0.259000 0.57 0.000000 0.033 0.000  0.406 0.000  0.569 0.000   4.531 0.000   2.802 0.000   1.728 0.000 0.011 0.000 0.189 0.000
336.291667 337.291667    7.00 0.000  0.44 0.000000 9.999 0.259000 9.99 0.259000 0.028 0.000  0.332 0.000  0.465 0.000   1.609 0.000   0.577 0.000   1.032 0.000 0.009 0.000 0.078 0.000
339.291667 340.291667   12.65 0.000 99.99 0.259000 9.999 0.259000 9.99 0.259000 0.059 0.000  0.474 0.000  0.664 0.000   2.886 0.000   1.096 0.000   1.790 0.000 0.013 0.000 0.160 0.000
342.291667 343.291667    5.17 0.000  0.25 0.000000 9.999 0.259000 9.99 0.259000 0.019 0.000  0.273 0.000  0.383 0.000   2.020 0.000   0.588 0.000   1.433 0.000 0.007 0.000 0.161 0.000
345.291667 346.291667    8.85 0.000  1.00 0.000000 9.999 0.259000 9.99 0.259000 0.008 0.000  0.481 0.000  0.674 0.000   1.841 0.000   0.884 0.000   0.957 0.000 0.010 0.000 0.048 0.000
348.291667 349.291667   23.76 0.000  0.35 0.000000 9.999 0.259000 0.12 0.000000 0.100 0.000  0.814 0.000  1.140 0.000   5.008 0.000   2.548 0.000   2.460 0.000 0.022 0.000 0.098 0.000
351.291667 352.291667    5.42 0.000  0.44 0.000000 9.999 0.259000 0.08 0.000000 0.026 0.000  0.303 0.000  0.424 0.000   1.422 0.000   0.558 0.000   0.864 0.000 0.008 0.000 0.057 0.000
354.291667 355.291667  110.79 0.000  0.26 0.000000 9.999 0.259000 9.99 0.259000 0.015 0.000  0.289 0.000  0.405 0.000   6.610 0.000   3.153 0.000   3.457 0.000 0.094 0.000 0.048 0.000
357.291667 358.291667    9.72 0.000  0.51 0.000000 9.999 0.259000 0.20 0.000000 0.140 0.000  0.320 0.000  0.448 0.000   3.811 0.000   1.486 0.000   2.325 0.000 0.010 0.000 0.209 0.000
360.291667 361.291667    3.90 0.000 99.99 0.259000 9.999 0.259000 0.08 0.000000 0.037 0.000  0.257 0.000  0.360 0.000   1.557 0.000   0.595 0.000   0.962 0.000 0.007 0.000 0.053 0.000
363.291667 364.291667    8.08 0.000  0.25 0.000000 0.045 0.000000 0.05 0.000000 0.009 0.559  0.323 0.000  0.452 0.000   2.703 0.000   2.011 0.000   0.691 0.000 0.009 0.000 0.070 0.559
