scripts/IMPROVE-2019_partial/data/US0035R.20120101060000.20191216000000.filterpack...52w.3d.US03L_filterpack_US0035.US03L_IMPROVE_Davis.lev2.nas
51 1001
MISSING INFORMATION
US03L, IMPROVE, , , , , , , 
MISSING INFORMATION
IMPROVE sel_HTAP
1 1
2012 01 01 2019 12 16
3.00
days from file reference point
4
1 1 1 1
999.99 999.999 999.999 9.999
end_time of measurement, days from the file reference point
pm10_mass, ug/m3, Matrix=pm10
pm25_mass, ug/m3, Matrix=pm25
numflag, no unit
0
33
Data definition:              EBAS_1.1
Set type code:                TU
Timezone:                     UTC
File name:                    US0035R.20120101060000.20191216000000.filterpack...52w.3d.US03L_filterpack_US0035.US03L_IMPROVE_Davis.lev2.nas
File creation:                20191218115742
Startdate:                    20120101060000
Revision date:                20191216000000
Version:                      2
Version description:          "Data extracted from http://views.cira.colostate.edu/fed/DataWizard 2019-12-16"
Statistics:                   arithmetic mean
Data level:                   2
Period code:                  52w
Resolution code:              3d
Sample duration:              1d
Orig. time res.:              3d
Station code:                 US0035R
Platform code:                US0035S
Station name:                 Bondville
Station latitude:             40.05
Station longitude:            -88.36667
Station altitude:             213.0 m
Regime:                       IMG
Component:                    
Unit:                         ug/m3
Matrix:                       
Laboratory code:              US03L
Instrument type:              filterpack
Instrument name:              filterpack_US0035
Method ref:                   US03L_IMPROVE_Davis
Blank correction:             Blank corrected
Volume std. temperature:      ambient
Volume std. pressure:         ambient
starttime endtime PM10 PM2.5 flag
  0.25   1.25   5.722   3.000 0.000
  3.25   4.25  12.450   4.755 0.000
  6.25   7.25 999.999 999.999 0.999
  9.25  10.25  17.641   8.663 0.000
 12.25  13.25   6.457   5.562 0.000
 15.25  16.25  11.663   7.852 0.000
 18.25  19.25  12.728   6.314 0.000
 21.25  22.25  10.346   8.210 0.000
 24.25  25.25  13.423  11.699 0.000
 27.25  28.25   3.840   2.276 0.000
 30.25  31.25  10.987   6.939 0.000
 33.25  34.25  21.797  17.622 0.000
 36.25  37.25  10.386   7.606 0.000
 39.25  40.25  10.169   7.466 0.000
 42.25  43.25   7.668   2.851 0.000
 45.25  46.25  13.909  13.081 0.000
 48.25  49.25   9.847   7.846 0.000
 51.25  52.25   6.830   5.051 0.000
 54.25  55.25   7.112   5.893 0.000
 57.25  58.25  10.589   5.581 0.000
 60.25  61.25   8.570   6.127 0.000
 63.25  64.25   5.554   4.796 0.000
 66.25  67.25  19.060   7.747 0.000
 69.25  70.25   7.336   4.985 0.000
 72.25  73.25  14.083   6.551 0.000
 75.25  76.25  10.942   4.736 0.000
 78.25  79.25  11.413   6.261 0.000
 81.25  82.25  18.082   8.539 0.000
 84.25  85.25  13.159  11.950 0.000
 87.25  88.25  23.743   7.679 0.000
 90.25  91.25  11.198   9.226 0.000
 93.25  94.25  25.292  11.938 0.000
 96.25  97.25  14.424   3.465 0.000
 99.25 100.25  16.126   4.375 0.000
102.25 103.25  31.942   4.656 0.000
105.25 106.25  22.136  11.488 0.000
108.25 109.25   9.502   4.909 0.000
111.25 112.25   6.308   4.402 0.000
114.25 115.25  15.996   4.568 0.000
117.25 118.25  13.552   3.634 0.000
120.25 121.25   8.591   6.672 0.000
123.25 124.25  13.636   4.533 0.000
126.25 127.25  24.952  13.676 0.000
129.25 130.25  11.002   3.246 0.000
132.25 133.25  18.905   8.123 0.000
135.25 136.25  22.075   5.655 0.000
138.25 139.25  29.209   9.250 0.000
141.25 142.25   8.685   4.168 0.000
144.25 145.25  33.250  14.561 0.000
147.25 148.25  19.671  11.148 0.000
150.25 151.25  13.627   3.159 0.000
153.25 154.25   7.499   4.457 0.000
156.25 157.25   9.970   4.231 0.000
159.25 160.25  13.133   7.356 0.000
162.25 163.25   9.358   7.069 0.000
165.25 166.25  13.269   6.973 0.000
168.25 169.25   5.984   4.664 0.000
171.25 172.25  15.454   7.719 0.000
174.25 175.25  10.120   5.209 0.000
177.25 178.25   7.567   2.923 0.000
180.25 181.25  36.395  20.637 0.000
183.25 184.25  19.397  14.962 0.000
186.25 187.25  31.231  14.069 0.000
189.25 190.25  11.763   7.029 0.000
192.25 193.25  17.322   8.716 0.000
195.25 196.25  12.531   7.118 0.000
198.25 199.25  11.720   7.255 0.000
201.25 202.25  20.207  10.421 0.000
204.25 205.25  17.887  13.730 0.000
207.25 208.25 999.999 999.999 0.999
210.25 211.25  13.465   8.254 0.000
213.25 214.25  16.992   9.909 0.000
216.25 217.25  23.823  13.929 0.000
219.25 220.25  25.532   7.897 0.000
222.25 223.25  16.380   5.969 0.000
225.25 226.25  12.148   8.897 0.000
228.25 229.25  18.805   8.342 0.000
231.25 232.25  12.164   5.354 0.000
234.25 235.25  12.256   6.170 0.000
237.25 238.25  28.070  13.736 0.000
240.25 241.25  13.469   5.484 0.000
243.25 244.25  22.073   8.394 0.000
246.25 247.25  13.460   6.418 0.000
249.25 250.25  18.310   6.784 0.000
252.25 253.25  14.061   3.665 0.000
255.25 256.25  22.411   9.779 0.000
258.25 259.25  21.374   5.588 0.000
261.25 262.25   8.955   2.261 0.000
264.25 265.25  24.093   4.552 0.000
267.25 268.25  12.553   2.830 0.000
270.25 271.25  16.631   4.013 0.000
273.25 274.25  19.530   5.886 0.000
276.25 277.25  12.537   6.386 0.000
279.25 280.25  11.199   2.695 0.000
282.25 283.25  17.863   4.245 0.000
285.25 286.25  16.890   3.606 0.000
288.25 289.25  19.617   6.253 0.000
291.25 292.25  17.335   2.926 0.000
294.25 295.25  13.661   7.302 0.000
297.25 298.25  18.723   9.915 0.000
300.25 301.25   7.248   4.521 0.000
303.25 304.25  14.249   3.740 0.000
306.25 307.25  22.786   7.267 0.000
309.25 310.25  16.189  11.061 0.000
312.25 313.25  18.120  15.259 0.000
315.25 316.25   9.861   5.366 0.000
318.25 319.25  11.156   8.374 0.000
321.25 322.25  29.997  24.042 0.000
324.25 325.25  37.849  17.059 0.000
327.25 328.25  10.631   3.938 0.000
330.25 331.25  16.565   8.638 0.000
333.25 334.25  20.817  13.511 0.000
336.25 337.25  16.927  11.745 0.000
339.25 340.25   6.194   3.490 0.000
342.25 343.25  13.868  12.141 0.000
345.25 346.25   8.947   5.931 0.000
348.25 349.25  11.170   7.296 0.000
351.25 352.25  17.046  15.498 0.000
354.25 355.25   9.854   6.249 0.000
357.25 358.25  16.219  12.928 0.000
360.25 361.25   5.746   3.447 0.000
363.25 364.25  17.101  13.127 0.000
