scripts/IMPROVE-2019_partial/data/US0095R.20000101070000.20191216000000.filterpack..pm25.52w.1w.US03L_filterpack_US0095.US03L_IMPROVE_Davis.lev2.nas
64 1001
MISSING INFORMATION
US03L, IMPROVE, , , , , , , 
MISSING INFORMATION
IMPROVE sel_HTAP
1 1
2000 01 01 2019 12 16
0
days from file reference point
25
1 1 1 1 1 1 1 1 1 1 1 1 1 1 1 1 1 1 1 1 1 1 1 1 1
999.999999 9999.99 9.999 99.99 9.999999 9.999 9.999999 99.99 9.999999 9.999 9.999 99.999 9.999 99.999 9.999 999.999 9.999 999.999 9.999 99.999 9.999 9.999 9.999 9.999 9.999
end_time of measurement, days from the file reference point
iron, ng/m3, Revision date=20181210133000
numflag iron, no unit, Revision date=20181210133000
lead, ng/m3, Revision date=20181210133000
numflag lead, no unit, Revision date=20181210133000
magnesium, ug/m3, Revision date=20181210133000
numflag magnesium, no unit, Revision date=20181210133000
nickel, ng/m3, Revision date=20181210133000
numflag nickel, no unit, Revision date=20181210133000
nitrate, ug N/m3, Revision date=20181210133000
numflag nitrate, no unit, Revision date=20181210133000
organic_carbon, ug C/m3, Revision date=20181210133000
numflag organic_carbon, no unit, Revision date=20181210133000
organic_mass, ug/m3, Revision date=20181210133000
numflag organic_mass, no unit, Revision date=20181210133000
pm10_mass, ug/m3, Version=2, Version description=Data extracted from http://views.cira.colostate.edu/fed/DataWizard 2019-12-16, Sample duration=1d, Orig. time res.=3d, Matrix=pm10, Blank correction=Blank corrected, Volume std. temperature=ambient, Volume std. pressure=ambient
numflag pm10_mass, no unit, Version=2, Version description=Data extracted from http://views.cira.colostate.edu/fed/DataWizard 2019-12-16, Sample duration=1d, Orig. time res.=3d, Matrix=pm10, Blank correction=Blank corrected, Volume std. temperature=ambient, Volume std. pressure=ambient
pm10_pm25_mass, ug/m3, Revision date=20181210133000, Matrix=pm10_pm25
numflag pm10_pm25_mass, no unit, Revision date=20181210133000, Matrix=pm10_pm25
pm25_mass, ug/m3, Version=2, Version description=Data extracted from http://views.cira.colostate.edu/fed/DataWizard 2019-12-16, Sample duration=1d, Orig. time res.=3d, Blank correction=Blank corrected, Volume std. temperature=ambient, Volume std. pressure=ambient
numflag pm25_mass, no unit, Version=2, Version description=Data extracted from http://views.cira.colostate.edu/fed/DataWizard 2019-12-16, Sample duration=1d, Orig. time res.=3d, Blank correction=Blank corrected, Volume std. temperature=ambient, Volume std. pressure=ambient
potassium, ug/m3, Revision date=20181210133000
numflag potassium, no unit, Revision date=20181210133000
sulphate_total, ug S/m3, Revision date=20181210133000
numflag sulphate_total, no unit, Revision date=20181210133000
0
25
Data definition:              EBAS_1.1
Set type code:                TI
Timezone:                     UTC
File name:                    US0095R.20000101070000.20191216000000.filterpack..pm25.52w.1w.US03L_filterpack_US0095.US03L_IMPROVE_Davis.lev2.nas
File creation:                20191218120149
Startdate:                    20000101070000
Revision date:                20191216000000
Statistics:                   arithmetic mean
Data level:                   2
Period code:                  52w
Resolution code:              1w
Station code:                 US0095R
Platform code:                US0095S
Station name:                 Petrified Forest NP
Station latitude:             35.0777
Station longitude:            -109.7692
Station altitude:             1766.0 m
Regime:                       IMG
Component:                    
Matrix:                       pm25
Laboratory code:              US03L
Instrument type:              filterpack
Instrument name:              filterpack_US0095
Method ref:                   US03L_IMPROVE_Davis
starttime endtime Fe flag_Fe Pb flag_Pb Mg++ flag_Mg++ Ni flag_Ni NO3- flag_NO3- OC flag_OC OM flag_OM PM10 flag_PM10 PM10-PM2.5 flag_PM10-PM2.5 PM2.5 flag_PM2.5 K+ flag_K+ SO4-- flag_SO4--
[from data line 87]
294.291667 295.291667   21.44 0.000  0.20 0.000000 9.999 0.259000 99.99 0.259000 0.024 0.000  0.480 0.000  0.672 0.000   2.680 0.000   0.951 0.000  1.729 0.000 0.011 0.000 0.247 0.000
297.291667 298.291667   14.39 0.000 99.99 0.259000 9.999 0.259000 99.99 0.259000 0.033 0.559  0.342 0.000  0.479 0.000   1.447 0.000   0.368 0.000  1.079 0.000 0.015 0.000 0.119 0.559
300.291667 301.291667   29.76 0.000  0.68 0.000000 9.999 0.259000 99.99 0.259000 0.028 0.000  0.443 0.000  0.620 0.000   3.513 0.000   1.496 0.000  2.017 0.000 0.014 0.000 0.252 0.000
303.291667 304.291667   12.32 0.000  0.63 0.000000 9.999 0.259000 99.99 0.259000 0.029 0.000  0.347 0.000  0.486 0.000   3.513 0.000   2.332 0.000  1.181 0.000 0.008 0.000 0.158 0.000
306.291667 307.291667   10.96 0.000  0.24 0.000000 9.999 0.259000 99.99 0.259000 0.025 0.000  0.454 0.000  0.636 0.000   1.920 0.000   0.647 0.000  1.273 0.000 0.009 0.000 0.121 0.000
309.291667 310.291667   14.09 0.000  0.31 0.000000 9.999 0.259000 99.99 0.259000 0.061 0.000  0.417 0.000  0.584 0.000   2.589 0.000   0.968 0.000  1.620 0.000 0.010 0.000 0.224 0.000
312.291667 313.291667   13.49 0.000  0.23 0.000000 9.999 0.259000 99.99 0.259000 0.015 0.000 99.999 0.999 99.999 0.999   2.420 0.000   0.587 0.000  1.833 0.000 0.009 0.000 0.262 0.000
315.291667 316.291667    6.28 0.000  0.24 0.000000 9.999 0.259000 99.99 0.259000 0.069 0.559  0.285 0.000  0.399 0.000   1.538 0.000   0.538 0.000  0.999 0.000 0.008 0.000 0.132 0.559
318.291667 319.291667   15.87 0.000  0.90 0.000000 9.999 0.259000 99.99 0.259000 0.051 0.000  0.552 0.000  0.773 0.000   2.948 0.000   0.893 0.000  2.054 0.000 0.012 0.000 0.211 0.000
321.291667 322.291667   12.77 0.000  0.25 0.000000 9.999 0.259000 99.99 0.259000 0.035 0.559  0.559 0.000  0.782 0.000   2.753 0.000   1.093 0.000  1.661 0.000 0.011 0.000 0.131 0.559
324.291667 325.291667   17.95 0.559  0.33 0.559000 9.999 0.559259 99.99 0.559259 0.022 0.559  0.518 0.000  0.725 0.000   2.959 0.000   1.531 0.000  1.428 0.559 0.009 0.559 0.133 0.559
327.291667 328.291667   23.22 0.000  0.45 0.000000 9.999 0.259000 99.99 0.259000 0.070 0.000  0.381 0.000  0.534 0.000   4.446 0.000   2.238 0.000  2.208 0.000 0.018 0.000 0.284 0.000
330.291667 331.291667   21.02 0.000  0.36 0.000000 9.999 0.259000 99.99 0.259000 0.024 0.000  0.396 0.000  0.555 0.000   3.123 0.000   1.560 0.000  1.562 0.000 0.010 0.000 0.165 0.000
333.291667 334.291667   34.83 0.000  0.60 0.000000 9.999 0.259000 99.99 0.259000 0.021 0.559  0.600 0.000  0.840 0.000   3.925 0.000   2.015 0.000  1.910 0.000 0.017 0.000 0.113 0.559
336.291667 337.291667  114.79 0.000  0.67 0.000000 9.999 0.259000 99.99 0.259000 0.069 0.000  0.968 0.000  1.355 0.000  14.543 0.000   9.903 0.000  4.640 0.000 0.060 0.000 0.197 0.000
339.291667 340.291667   63.77 0.000  0.61 0.000000 9.999 0.259000 99.99 0.259000 0.045 0.559  0.837 0.000  1.171 0.000   8.252 0.000   4.618 0.000  3.634 0.000 0.029 0.000 0.246 0.559
342.291667 343.291667   39.42 0.000  0.88 0.000000 9.999 0.259000 99.99 0.259000 0.032 0.000  0.617 0.000  0.863 0.000   4.334 0.000   2.217 0.000  2.117 0.000 0.038 0.000 0.162 0.000
345.291667 346.291667   52.77 0.000  0.99 0.000000 9.999 0.259000  0.47 0.000000 0.109 0.000  0.607 0.000  0.850 0.000   4.356 0.000   1.560 0.000  2.796 0.000 0.042 0.000 0.200 0.000
348.291667 349.291667  124.52 0.000  2.03 0.000000 9.999 0.259000 99.99 0.259000 0.148 0.000  0.732 0.000  1.024 0.000  12.903 0.000   8.014 0.000  4.889 0.000 0.088 0.000 0.218 0.000
351.291667 352.291667   32.40 0.000  0.21 0.000000 9.999 0.259000 99.99 0.259000 0.025 0.000  0.340 0.000  0.476 0.000   7.068 0.000   5.470 0.000  1.598 0.000 0.018 0.000 0.099 0.000
354.291667 355.291667 9999.99 0.999 99.99 0.999000 9.999 0.999000 99.99 0.999000 9.999 0.999 99.999 0.999 99.999 0.999 999.999 0.999 999.999 0.999 99.999 0.999 9.999 0.999 9.999 0.999
357.291667 358.291667   32.15 0.000  1.12 0.000000 9.999 0.259000 99.99 0.259000 0.032 0.559  0.421 0.000  0.590 0.000   2.941 0.000   1.564 0.000  1.377 0.000 0.018 0.000 0.128 0.559
360.291667 361.291667    6.80 0.000 99.99 0.259000 9.999 0.259000 99.99 0.259000 0.045 0.000  0.401 0.000  0.561 0.000   5.896 0.000   3.606 0.000  2.290 0.000 0.008 0.000 0.389 0.000
363.291667 364.291667   27.20 0.000  0.44 0.000000 0.026 0.000000 99.99 0.259000 0.128 0.559  0.933 0.000  1.307 0.000   6.451 0.000   2.784 0.000  3.667 0.000 0.012 0.000 0.401 0.559
