scripts/IMPROVE-2019_partial/data/US0011R.20010101060000.20191216000000.filterpack..pm25.52w.1w.US03L_filterpack_US0011.US03L_IMPROVE_Davis.lev2.nas
62 1001
MISSING INFORMATION
US03L, IMPROVE, , , , , , , 
MISSING INFORMATION
IMPROVE sel_HTAP
1 1
2001 01 01 2019 12 16
3.00
days from file reference point
23
1 1 1 1 1 1 1 1 1 1 1 1 1 1 1 1 1 1 1 1 1 1 1
999.99 9999.99 9.999 99.99 9.999999 99.99 9.999999 9.999 9.999999 99.999 9.999 99.999 9.999 999.999 9.999 999.999 9.999 999.999 9.999 9.999 9.999 99.999 9.999999
end_time of measurement, days from the file reference point
iron, ng/m3, Revision date=20181210133000
numflag iron, no unit, Revision date=20181210133000
lead, ng/m3, Revision date=20181210133000
numflag lead, no unit, Revision date=20181210133000
nickel, ng/m3, Revision date=20181210133000
numflag nickel, no unit, Revision date=20181210133000
nitrate, ug N/m3, Revision date=20181210133000
numflag nitrate, no unit, Revision date=20181210133000
organic_carbon, ug C/m3, Revision date=20181210133000
numflag organic_carbon, no unit, Revision date=20181210133000
organic_mass, ug/m3, Revision date=20181210133000
numflag organic_mass, no unit, Revision date=20181210133000
pm10_mass, ug/m3, Version=2, Version description=Data extracted from http://views.cira.colostate.edu/fed/DataWizard 2019-12-16, Sample duration=1d, Orig. time res.=3d, Matrix=pm10, Blank correction=Blank corrected, Volume std. temperature=ambient, Volume std. pressure=ambient
numflag pm10_mass, no unit, Version=2, Version description=Data extracted from http://views.cira.colostate.edu/fed/DataWizard 2019-12-16, Sample duration=1d, Orig. time res.=3d, Matrix=pm10, Blank correction=Blank corrected, Volume std. temperature=ambient, Volume std. pressure=ambient
pm10_pm25_mass, ug/m3, Revision date=20181210133000, Matrix=pm10_pm25
numflag pm10_pm25_mass, no unit, Revision date=20181210133000, Matrix=pm10_pm25
pm25_mass, ug/m3, Version=2, Version description=Data extracted from http://views.cira.colostate.edu/fed/DataWizard 2019-12-16, Sample duration=1d, Orig. time res.=3d, Blank correction=Blank corrected, Volume std. temperature=ambient, Volume std. pressure=ambient
numflag pm25_mass, no unit, Version=2, Version description=Data extracted from http://views.cira.colostate.edu/fed/DataWizard 2019-12-16, Sample duration=1d, Orig. time res.=3d, Blank correction=Blank corrected, Volume std. temperature=ambient, Volume std. pressure=ambient
potassium, ug/m3, Revision date=20181210133000
numflag potassium, no unit, Revision date=20181210133000
sulphate_total, ug S/m3, Revision date=20181210133000
numflag sulphate_total, no unit, Revision date=20181210133000
0
25
Data definition:              EBAS_1.1
Set type code:                TU
Timezone:                     UTC
File name:                    US0011R.20010101060000.20191216000000.filterpack..pm25.52w.1w.US03L_filterpack_US0011.US03L_IMPROVE_Davis.lev2.nas
File creation:                20191218115607
Startdate:                    20010101060000
Revision date:                20191216000000
Statistics:                   arithmetic mean
Data level:                   2
Period code:                  52w
Resolution code:              1w
Station code:                 US0011R
Platform code:                US0011S
Station name:                 Caney Creek
Station latitude:             34.4544
Station longitude:            -94.1429
Station altitude:             683.0 m
Regime:                       IMG
Component:                    
Matrix:                       pm25
Laboratory code:              US03L
Instrument type:              filterpack
Instrument name:              filterpack_US0011
Method ref:                   US03L_IMPROVE_Davis
starttime endtime Fe flag_Fe Pb flag_Pb Ni flag_Ni NO3- flag_NO3- OC flag_OC OM flag_OM PM10 flag_PM10 PM10-PM2.5 flag_PM10-PM2.5 PM2.5 flag_PM2.5 K+ flag_K+ SO4-- flag_SO4--
  0.25   1.25 9999.99 0.999 99.99 0.999000 99.99 0.999000 9.999 0.999000 99.999 0.999 99.999 0.999 999.999 0.999 999.999 0.999 999.999 0.999 9.999 0.999 99.999 0.999000
  3.25   4.25 9999.99 0.999 99.99 0.999000 99.99 0.999000 9.999 0.999000 99.999 0.999 99.999 0.999 999.999 0.999 999.999 0.999 999.999 0.999 9.999 0.999 99.999 0.999000
  6.25   7.25 9999.99 0.999 99.99 0.999000 99.99 0.999000 9.999 0.999000 99.999 0.999 99.999 0.999 999.999 0.999 999.999 0.999 999.999 0.999 9.999 0.999 99.999 0.999000
  9.25  10.25 9999.99 0.999 99.99 0.999000 99.99 0.999000 9.999 0.999000 99.999 0.999 99.999 0.999 999.999 0.999 999.999 0.999 999.999 0.999 9.999 0.999 99.999 0.999000
 12.25  13.25 9999.99 0.999 99.99 0.999000 99.99 0.999000 9.999 0.999000 99.999 0.999 99.999 0.999 999.999 0.999 999.999 0.999 999.999 0.999 9.999 0.999 99.999 0.999000
 15.25  16.25 9999.99 0.999 99.99 0.999000 99.99 0.999000 9.999 0.999000 99.999 0.999 99.999 0.999 999.999 0.999 999.999 0.999 999.999 0.999 9.999 0.999 99.999 0.999000
 18.25  19.25   12.02 0.000  0.64 0.000000 99.99 0.259000 0.904 0.000000  0.621 0.000  0.870 0.000  11.784 0.000   3.223 0.000   8.562 0.000 0.021 0.000  0.821 0.000000
 21.25  22.25   12.65 0.000  1.28 0.000000  0.20 0.000000 0.576 0.000000  1.378 0.000  1.930 0.000  10.269 0.000   2.215 0.000   8.054 0.000 0.026 0.000  0.846 0.000000
 24.25  25.25   16.93 0.394  1.55 0.394000 99.99 0.394259 9.999 0.699000  1.265 0.000  1.771 0.000  13.279 0.000   6.314 0.000   6.965 0.000 0.038 0.394 99.999 0.699000
 27.25  28.25   14.48 0.000  1.87 0.000000  0.42 0.000000 0.393 0.559000  1.827 0.000  2.558 0.000  15.244 0.000   3.680 0.000  11.564 0.000 0.051 0.000  1.273 0.559000
 30.25  31.25   16.03 0.000  0.51 0.000000 99.99 0.259000 0.234 0.000000  0.433 0.000  0.606 0.000   4.912 0.000   2.265 0.000   2.647 0.000 0.016 0.000  0.302 0.000000
 33.25  34.25   18.07 0.000  1.53 0.000000 99.99 0.259000 0.307 0.000000  1.498 0.000  2.098 0.000   8.257 0.000   3.337 0.000   4.920 0.000 0.038 0.000  0.366 0.000000
 36.25  37.25   31.69 0.394  1.84 0.394000  0.24 0.394000 0.313 0.559394  2.009 0.000  2.812 0.000  15.446 0.000   5.397 0.000  10.050 0.000 0.053 0.394  0.829 0.559394
 39.25  40.25   12.17 0.000  0.55 0.000000 99.99 0.259000 0.063 0.559000  0.485 0.000  0.679 0.000   8.207 0.000   4.095 0.000   4.112 0.000 0.026 0.000  0.604 0.559000
 42.25  43.25    0.79 0.000  0.28 0.000000 99.99 0.259000 0.015 0.000000  0.201 0.000  0.282 0.000   1.641 0.000   0.528 0.000   1.113 0.000 0.017 0.000  0.114 0.000000
 45.25  46.25   11.43 0.000  0.25 0.000000 99.99 0.259000 0.053 0.000000  0.270 0.000  0.377 0.000   1.515 0.000   0.379 0.000   1.136 0.000 0.013 0.000  0.205 0.000000
 48.25  49.25   18.56 0.000  1.39 0.000000 99.99 0.259000 0.211 0.000000  1.495 0.000  2.093 0.000   6.521 0.000   1.723 0.000   4.798 0.000 0.045 0.000  0.324 0.000000
 51.25  52.25   10.27 0.000  1.10 0.000000  0.25 0.000000 0.175 0.000000  1.116 0.000  1.562 0.000   8.808 0.000   1.671 0.000   7.136 0.000 0.038 0.000  0.900 0.000000
 54.25  55.25 9999.99 0.999 99.99 0.999000 99.99 0.999000 9.999 0.999000 99.999 0.999 99.999 0.999 999.999 0.999 999.999 0.999 999.999 0.999 9.999 0.999 99.999 0.999000
 57.25  58.25 9999.99 0.999 99.99 0.999000 99.99 0.999000 9.999 0.999000 99.999 0.999 99.999 0.999 999.999 0.999 999.999 0.999 999.999 0.999 9.999 0.999 99.999 0.999000
 60.25  61.25    6.40 0.000  1.17 0.000000 99.99 0.259000 0.419 0.000000  1.154 0.000  1.616 0.000   7.152 0.000   1.381 0.000   5.772 0.000 0.016 0.000  0.631 0.000000
 63.25  64.25   20.00 0.559  1.34 0.559000 99.99 0.559259 0.439 0.000000  0.902 0.000  1.264 0.000   7.027 0.000   1.860 0.000   5.167 0.559 0.023 0.559  0.351 0.000000
 66.25  67.25   33.25 0.000  1.65 0.000000 99.99 0.259000 0.649 0.000000  2.361 0.000  3.306 0.000  16.342 0.000   6.941 0.000   9.401 0.000 0.041 0.000  0.847 0.000000
 69.25  70.25   25.23 0.000  1.65 0.000000  0.70 0.000000 0.146 0.000000  1.956 0.000  2.738 0.000  12.226 0.000   3.222 0.000   9.003 0.000 0.073 0.000  1.056 0.000000
 72.25  73.25   22.24 0.000  0.79 0.000000 99.99 0.259000 0.074 0.000000  1.048 0.000  1.467 0.000   5.281 0.000   1.686 0.000   3.595 0.000 0.031 0.000  0.261 0.000000
 75.25  76.25   10.41 0.000  0.84 0.000000  0.27 0.000000 0.279 0.000000  3.714 0.000  5.199 0.000  10.188 0.000   1.428 0.000   8.760 0.000 0.024 0.000  0.484 0.000000
 78.25  79.25   30.00 0.000  2.96 0.000000  0.26 0.000000 0.500 0.000000  1.812 0.000  2.537 0.000  12.292 0.000   3.084 0.000   9.208 0.000 0.041 0.000  1.110 0.000000
 81.25  82.25   78.85 0.559  2.94 0.559000  0.15 0.559000 0.202 0.000000  6.184 0.000  8.658 0.000  26.821 0.000   7.930 0.000  18.892 0.559 0.091 0.559  1.665 0.000000
 84.25  85.25   32.43 0.000  1.55 0.000000 99.99 0.259000 0.422 0.000000  1.910 0.000  2.674 0.000  11.768 0.000   3.885 0.000   7.883 0.000 0.048 0.000  0.611 0.000000
 87.25  88.25    2.74 0.000  0.66 0.000000 99.99 0.259000 0.073 0.000000  0.909 0.000  1.272 0.000   3.246 0.000   0.676 0.000   2.570 0.000 0.020 0.000  0.202 0.000000
 90.25  91.25   24.11 0.000  0.86 0.000000 99.99 0.259000 0.123 0.000000  1.255 0.000  1.757 0.000   8.218 0.000   3.568 0.000   4.650 0.000 0.033 0.000  0.413 0.000000
 93.25  94.25 9999.99 0.699 99.99 0.699000 99.99 0.699000 0.169 0.000000  3.010 0.000  4.214 0.000  31.746 0.000 999.999 0.999 999.999 0.699 9.999 0.699  3.443 0.000000
 96.25  97.25   43.40 0.000  0.81 0.000000  0.63 0.000000 0.212 0.000000  2.259 0.000  3.162 0.000  22.847 0.000   8.927 0.000  13.920 0.000 0.155 0.000  1.579 0.000000
 99.25 100.25   21.67 0.000  0.32 0.000000  0.73 0.000000 0.146 0.000000  2.001 0.000  2.802 0.000  16.734 0.000   4.508 0.000  12.226 0.000 0.098 0.000  1.538 0.000000
102.25 103.25 9999.99 0.999 99.99 0.999000 99.99 0.999000 9.999 0.999000 99.999 0.999 99.999 0.999 999.999 0.999 999.999 0.999 999.999 0.999 9.999 0.999 99.999 0.999000
105.25 106.25 9999.99 0.999 99.99 0.999000 99.99 0.999000 9.999 0.999000 99.999 0.999 99.999 0.999 999.999 0.999 999.999 0.999 999.999 0.999 9.999 0.999 99.999 0.999000
108.25 109.25   92.68 0.000  1.78 0.000000  0.32 0.000000 0.158 0.000000  2.417 0.000  3.383 0.000  18.368 0.000   8.196 0.000  10.172 0.000 0.088 0.000  0.961 0.000000
111.25 112.25  145.44 0.000  2.53 0.000000 99.99 0.259000 0.146 0.000000  1.443 0.000  2.020 0.000  25.436 0.000  14.313 0.000  11.123 0.000 0.146 0.000  1.230 0.000000
114.25 115.25  106.98 0.000  1.71 0.000000 99.99 0.259000 0.046 0.000000  1.344 0.000  1.882 0.000  13.848 0.000   8.032 0.000   5.816 0.000 0.088 0.000  0.397 0.000000
117.25 118.25  107.22 0.000  2.64 0.000000 99.99 0.259000 0.068 0.000000  2.749 0.000  3.848 0.000  23.314 0.000   7.594 0.000  15.719 0.000 0.093 0.000  1.451 0.000000
120.25 121.25  103.00 0.000  2.39 0.000000  1.00 0.000000 0.230 0.000000  2.356 0.000  3.299 0.000  32.289 0.000  18.724 0.000  13.565 0.000 0.107 0.000  1.648 0.000000
123.25 124.25   81.46 0.000  1.29 0.000000 99.99 0.259000 0.168 0.000000  1.669 0.000  2.336 0.000  20.176 0.000   9.541 0.000  10.635 0.000 0.084 0.000  0.937 0.000000
126.25 127.25   46.10 0.000  1.03 0.000000  2.43 0.000000 0.049 0.000000  1.088 0.000  1.524 0.000   8.917 0.000   4.634 0.000   4.282 0.000 0.040 0.000  0.383 0.000000
129.25 130.25   86.85 0.000  2.34 0.000000  0.72 0.000000 0.245 0.000000  2.279 0.000  3.191 0.000  31.375 0.000  14.768 0.000  16.608 0.000 0.080 0.000  2.731 0.000000
132.25 133.25  143.17 0.000  3.91 0.000000 99.99 0.259000 0.091 0.000000  2.026 0.000  2.836 0.000  20.331 0.000  10.974 0.000   9.357 0.000 0.118 0.000  0.799 0.000000
135.25 136.25   94.99 0.000  1.32 0.000000  0.68 0.000000 0.150 0.000000  2.773 0.000  3.882 0.000  24.766 0.000  10.343 0.000  14.423 0.000 0.103 0.000  1.527 0.000000
138.25 139.25   59.93 0.000  1.01 0.000000 99.99 0.259000 0.051 0.000000  1.713 0.000  2.398 0.000  11.685 0.000   4.918 0.000   6.767 0.000 0.052 0.000  0.535 0.000000
141.25 142.25  110.45 0.000  1.99 0.000000  1.90 0.000000 0.070 0.000000  1.056 0.000  1.478 0.000  19.036 0.000  14.288 0.000   4.747 0.000 0.039 0.000  0.453 0.000000
144.25 145.25  226.99 0.000  1.69 0.000000  5.97 0.000000 0.076 0.000000  1.111 0.000  1.555 0.000  10.937 0.000   6.346 0.000   4.590 0.000 0.033 0.000  0.455 0.000000
147.25 148.25  412.46 0.000  0.51 0.000000  5.13 0.000000 0.060 0.000000  0.466 0.000  0.652 0.000   5.572 0.000   3.344 0.000   2.228 0.000 0.011 0.000  0.179 0.000000
150.25 151.25   42.32 0.000  1.59 0.000000  1.50 0.000000 0.267 0.000000  1.412 0.000  1.976 0.000  13.231 0.000   4.950 0.000   8.281 0.000 0.058 0.000  1.024 0.000000
153.25 154.25   75.65 0.000  1.29 0.000000  0.77 0.000000 0.143 0.000000  2.182 0.000  3.054 0.000  22.735 0.000   7.117 0.000  15.618 0.000 0.086 0.000  1.769 0.000000
156.25 157.25   21.45 0.000  0.42 0.000000  0.50 0.000000 0.038 0.559000  0.447 0.000  0.626 0.000   4.191 0.000   1.182 0.000   3.009 0.000 0.028 0.000  0.222 0.559000
159.25 160.25   39.53 0.000  2.65 0.000000  0.48 0.000000 0.171 0.000000  1.754 0.000  2.456 0.000  22.487 0.000   5.433 0.000  17.053 0.000 0.050 0.000  2.762 0.000000
162.25 163.25   66.77 0.000  1.59 0.000000  0.36 0.000000 0.069 0.000000  3.086 0.000  4.321 0.000  23.016 0.000   6.049 0.000  16.966 0.000 0.104 0.000  1.774 0.000000
165.25 166.25   34.52 0.000  0.49 0.000000  0.86 0.000000 0.034 0.000000  0.801 0.000  1.122 0.000   8.218 0.000   3.744 0.000   4.475 0.000 0.033 0.000  0.320 0.000000
168.25 169.25   38.00 0.000  2.47 0.000000 99.99 0.259000 0.038 0.000000  2.824 0.000  3.953 0.000  22.156 0.000   8.297 0.000  13.860 0.000 0.127 0.000  1.165 0.000000
171.25 172.25   96.85 0.000  0.75 0.000000 99.99 0.259000 0.060 0.000000  2.312 0.000  3.237 0.000  19.128 0.000   6.516 0.000  12.613 0.000 0.056 0.000  1.469 0.000000
174.25 175.25   42.21 0.000  0.97 0.000000 99.99 0.259000 0.043 0.000000  2.581 0.000  3.614 0.000  19.253 0.000   5.808 0.000  13.446 0.000 0.054 0.000  1.479 0.000000
177.25 178.25   56.08 0.000  1.37 0.000000 99.99 0.259000 0.052 0.000000  3.329 0.000  4.661 0.000  26.565 0.000   6.918 0.000  19.646 0.000 0.067 0.000  2.528 0.000000
180.25 181.25   97.25 0.000  0.35 0.000000 99.99 0.259000 0.077 0.000000  1.005 0.000  1.407 0.000   9.647 0.000   3.082 0.000   6.565 0.000 0.053 0.000  0.613 0.000000
183.25 184.25  133.23 0.000  0.81 0.000000  0.19 0.000000 0.061 0.000000  2.483 0.000  3.476 0.000  20.759 0.000   6.635 0.000  14.124 0.000 0.133 0.000  1.301 0.000000
186.25 187.25 9999.99 0.999 99.99 0.999000 99.99 0.999000 9.999 0.999000 99.999 0.999 99.999 0.999 999.999 0.999 999.999 0.999 999.999 0.999 9.999 0.999 99.999 0.999000
189.25 190.25 9999.99 0.999 99.99 0.999000 99.99 0.999000 9.999 0.999000 99.999 0.999 99.999 0.999 999.999 0.999 999.999 0.999 999.999 0.999 9.999 0.999 99.999 0.999000
192.25 193.25  193.80 0.000  1.31 0.000000 99.99 0.259000 0.118 0.000000  1.954 0.000  2.736 0.000  26.364 0.000  12.028 0.000  14.336 0.000 0.091 0.000  1.493 0.000000
195.25 196.25   51.65 0.000  1.14 0.000000 99.99 0.259000 0.059 0.000000  2.682 0.000  3.754 0.000  21.083 0.000   5.222 0.000  15.860 0.000 0.035 0.000  2.107 0.000000
198.25 199.25  102.98 0.000  1.01 0.000000  0.55 0.000000 0.077 0.000000  3.503 0.000  4.904 0.000  28.363 0.000   6.177 0.000  22.187 0.000 0.078 0.000  3.144 0.000000
201.25 202.25   58.79 0.000  0.64 0.000000 99.99 0.259000 0.064 0.000000  2.676 0.000  3.746 0.000  26.397 0.000   6.009 0.000  20.388 0.000 0.040 0.000  3.039 0.000000
204.25 205.25   66.24 0.000  1.12 0.000000  0.22 0.000000 0.041 0.000000  4.383 0.000  6.136 0.000  29.961 0.000   5.670 0.000  24.291 0.000 0.065 0.000  3.380 0.000000
207.25 208.25   51.08 0.000  0.79 0.000000  0.36 0.000000 0.076 0.000000  3.396 0.000  4.754 0.000  23.994 0.000   5.436 0.000  18.558 0.000 0.064 0.000  2.307 0.000000
210.25 211.25  130.74 0.000  0.66 0.000000 99.99 0.259000 0.126 0.000000  2.161 0.000  3.025 0.000  20.334 0.000   7.593 0.000  12.741 0.000 0.077 0.000  1.187 0.000000
213.25 214.25   22.04 0.000  0.38 0.000000  0.38 0.000000 0.071 0.000000  2.593 0.000  3.630 0.000 999.999 0.456 999.999 0.999  12.284 0.000 0.036 0.000  1.626 0.000000
216.25 217.25   46.58 0.000  1.85 0.000000 99.99 0.259000 0.040 0.000000  2.401 0.000  3.361 0.000 999.999 0.456 999.999 0.999  16.401 0.000 0.041 0.000  2.421 0.000000
219.25 220.25   66.83 0.000  0.95 0.000000  0.45 0.000000 0.051 0.000000  3.553 0.000  4.974 0.000 999.999 0.456 999.999 0.999  18.343 0.000 0.074 0.000  2.288 0.000000
222.25 223.25   67.70 0.000  0.59 0.000000  0.34 0.000000 0.068 0.000000  1.746 0.000  2.444 0.000 999.999 0.456 999.999 0.999   8.321 0.000 0.048 0.000  0.812 0.000000
225.25 226.25   35.00 0.000  2.95 0.000000  0.28 0.000000 0.036 0.000000  3.558 0.000  4.981 0.000 999.999 0.456 999.999 0.999  16.087 0.000 0.045 0.000  1.888 0.000000
228.25 229.25   62.49 0.000  0.57 0.000000  3.54 0.000000 0.062 0.000000  2.287 0.000  3.202 0.000 999.999 0.456 999.999 0.999   9.664 0.000 0.051 0.000  0.780 0.000000
231.25 232.25  112.71 0.000  1.34 0.000000  1.69 0.000000 0.116 0.000000  2.299 0.000  3.219 0.000  19.138 0.000   8.476 0.000  10.662 0.000 0.069 0.000  0.993 0.000000
234.25 235.25   75.85 0.000  0.88 0.000000  1.00 0.000000 0.129 0.000000  2.734 0.000  3.827 0.000  22.092 0.000   6.641 0.000  15.451 0.000 0.106 0.000  2.028 0.000000
237.25 238.25   41.21 0.000  0.60 0.000000  0.90 0.000000 0.039 0.000000  1.692 0.000  2.369 0.000  16.513 0.000   4.036 0.000  12.477 0.000 0.053 0.000  1.800 0.000000
240.25 241.25   24.18 0.000  1.28 0.000000  0.50 0.000000 0.059 0.000000  0.909 0.000  1.273 0.000  10.274 0.000   3.793 0.000   6.481 0.000 0.027 0.000  0.967 0.000000
243.25 244.25 9999.99 0.999 99.99 0.999000 99.99 0.999000 9.999 0.999000 99.999 0.999 99.999 0.999 999.999 0.999 999.999 0.999 999.999 0.999 9.999 0.999 99.999 0.999000
246.25 247.25 9999.99 0.999 99.99 0.999000 99.99 0.999000 9.999 0.999000 99.999 0.999 99.999 0.999 999.999 0.999 999.999 0.999 999.999 0.999 9.999 0.999 99.999 0.999000
249.25 250.25   18.74 0.559  0.21 0.559000  0.39 0.559000 0.053 0.000000  0.856 0.000  1.199 0.000   8.923 0.000   0.369 0.000   8.553 0.559 0.031 0.559  0.995 0.000000
252.25 253.25   12.60 0.559  1.20 0.559000  0.08 0.559000 0.033 0.000000  1.312 0.000  1.837 0.000   8.934 0.000   3.564 0.000   5.370 0.559 0.031 0.559  0.651 0.000000
255.25 256.25   37.07 0.559  1.08 0.559000  0.24 0.559000 0.041 0.000000  2.917 0.000  4.084 0.000  21.970 0.000   7.224 0.000  14.747 0.559 0.057 0.559  2.031 0.000000
258.25 259.25   44.20 0.559  1.71 0.559000  0.16 0.559000 0.075 0.000000  2.846 0.000  3.985 0.000  22.508 0.000   5.473 0.000  17.035 0.559 0.088 0.559  2.524 0.000000
261.25 262.25 9999.99 0.999 99.99 0.999000 99.99 0.999000 9.999 0.999000 99.999 0.999 99.999 0.999 999.999 0.999 999.999 0.999 999.999 0.999 9.999 0.999 99.999 0.999000
264.25 265.25 9999.99 0.999 99.99 0.999000 99.99 0.999000 9.999 0.999000 99.999 0.999 99.999 0.999 999.999 0.999 999.999 0.999 999.999 0.999 9.999 0.999 99.999 0.999000
267.25 268.25 9999.99 0.999 99.99 0.999000 99.99 0.999000 9.999 0.999000 99.999 0.999 99.999 0.999 999.999 0.999 999.999 0.999 999.999 0.999 9.999 0.999 99.999 0.999000
270.25 271.25 9999.99 0.999 99.99 0.999000 99.99 0.999000 9.999 0.999000 99.999 0.999 99.999 0.999 999.999 0.999 999.999 0.999 999.999 0.999 9.999 0.999 99.999 0.999000
273.25 274.25 9999.99 0.999 99.99 0.999000 99.99 0.999000 9.999 0.999000 99.999 0.999 99.999 0.999 999.999 0.999 999.999 0.999 999.999 0.999 9.999 0.999 99.999 0.999000
276.25 277.25   42.49 0.000  1.39 0.000000  0.30 0.000000 0.083 0.000000  2.528 0.000  3.540 0.000  21.737 0.000   4.535 0.000  17.203 0.000 0.089 0.000  2.535 0.000000
279.25 280.25   18.81 0.559  1.54 0.559000 99.99 0.559259 0.051 0.000000  0.647 0.000  0.906 0.000   9.600 0.000   5.591 0.000   4.009 0.559 0.043 0.559  0.410 0.000000
