scripts/IMPROVE-2019_partial/data/US0095R.20030103070000.20191216000000.filterpack..pm25.1y.1w.US03L_filterpack_US0095.US03L_IMPROVE_Davis.lev2.nas
64 1001
MISSING INFORMATION
US03L, IMPROVE, , , , , , , 
MISSING INFORMATION
IMPROVE sel_HTAP
1 1
2003 01 01 2019 12 16
3.000000
days from file reference point
25
1 1 1 1 1 1 1 1 1 1 1 1 1 1 1 1 1 1 1 1 1 1 1 1 1
999.999999 9999.99 9.999 99.99 9.999 9.999 9.999999 99.99 9.999999 9.999 9.999 99.999 9.999 999.999 9.999 999.999 9.999 999.999 9.999 999.999 9.999 9.999 9.999 9.999 9.999
end_time of measurement, days from the file reference point
iron, ng/m3, Revision date=20181210133000
numflag iron, no unit, Revision date=20181210133000
lead, ng/m3, Revision date=20181210133000
numflag lead, no unit, Revision date=20181210133000
magnesium, ug/m3, Revision date=20181210133000
numflag magnesium, no unit, Revision date=20181210133000
nickel, ng/m3, Revision date=20181210133000
numflag nickel, no unit, Revision date=20181210133000
nitrate, ug N/m3, Revision date=20181210133000
numflag nitrate, no unit, Revision date=20181210133000
organic_carbon, ug C/m3, Revision date=20181210133000
numflag organic_carbon, no unit, Revision date=20181210133000
organic_mass, ug/m3, Revision date=20181210133000
numflag organic_mass, no unit, Revision date=20181210133000
pm10_mass, ug/m3, Version=2, Version description=Data extracted from http://views.cira.colostate.edu/fed/DataWizard 2019-12-16, Sample duration=1d, Orig. time res.=3d, Matrix=pm10, Blank correction=Blank corrected, Volume std. temperature=ambient, Volume std. pressure=ambient
numflag pm10_mass, no unit, Version=2, Version description=Data extracted from http://views.cira.colostate.edu/fed/DataWizard 2019-12-16, Sample duration=1d, Orig. time res.=3d, Matrix=pm10, Blank correction=Blank corrected, Volume std. temperature=ambient, Volume std. pressure=ambient
pm10_pm25_mass, ug/m3, Revision date=20181210133000, Matrix=pm10_pm25
numflag pm10_pm25_mass, no unit, Revision date=20181210133000, Matrix=pm10_pm25
pm25_mass, ug/m3, Version=2, Version description=Data extracted from http://views.cira.colostate.edu/fed/DataWizard 2019-12-16, Sample duration=1d, Orig. time res.=3d, Blank correction=Blank corrected, Volume std. temperature=ambient, Volume std. pressure=ambient
numflag pm25_mass, no unit, Version=2, Version description=Data extracted from http://views.cira.colostate.edu/fed/DataWizard 2019-12-16, Sample duration=1d, Orig. time res.=3d, Blank correction=Blank corrected, Volume std. temperature=ambient, Volume std. pressure=ambient
potassium, ug/m3, Revision date=20181210133000
numflag potassium, no unit, Revision date=20181210133000
sulphate_total, ug S/m3, Revision date=20181210133000
numflag sulphate_total, no unit, Revision date=20181210133000
0
25
Data definition:              EBAS_1.1
Set type code:                TU
Timezone:                     UTC
File name:                    US0095R.20030103070000.20191216000000.filterpack..pm25.1y.1w.US03L_filterpack_US0095.US03L_IMPROVE_Davis.lev2.nas
File creation:                20191218120150
Startdate:                    20030103070000
Revision date:                20191216000000
Statistics:                   arithmetic mean
Data level:                   2
Period code:                  1y
Resolution code:              1w
Station code:                 US0095R
Platform code:                US0095S
Station name:                 Petrified Forest NP
Station latitude:             35.0777
Station longitude:            -109.7692
Station altitude:             1766.0 m
Regime:                       IMG
Component:                    
Matrix:                       pm25
Laboratory code:              US03L
Instrument type:              filterpack
Instrument name:              filterpack_US0095
Method ref:                   US03L_IMPROVE_Davis
starttime endtime Fe flag_Fe Pb flag_Pb Mg++ flag_Mg++ Ni flag_Ni NO3- flag_NO3- OC flag_OC OM flag_OM PM10 flag_PM10 PM10-PM2.5 flag_PM10-PM2.5 PM2.5 flag_PM2.5 K+ flag_K+ SO4-- flag_SO4--
  2.291667   3.291667   14.47 0.559  0.25 0.559 9.999 0.559259 99.99 0.559259 0.113 0.000  0.746 0.000   1.044 0.000   4.027 0.000   1.768 0.000   2.259 0.559 0.007 0.559 0.106 0.000
  5.291667   6.291667   19.69 0.000  0.14 0.000 9.999 0.259000 99.99 0.259000 0.127 0.000  0.426 0.000   0.596 0.000   6.040 0.000   2.975 0.000   3.066 0.000 0.012 0.000 0.406 0.000
  8.291667   9.291667   22.93 0.559  0.61 0.559 9.999 0.559259  0.13 0.559000 0.223 0.000  0.637 0.000   0.892 0.000   4.779 0.000   1.539 0.000   3.241 0.559 0.014 0.559 0.363 0.000
 11.291667  12.291667   13.82 0.000  0.08 0.000 9.999 0.259000 99.99 0.259000 0.072 0.000  0.544 0.000   0.762 0.000   2.137 0.000   0.232 0.000   1.905 0.000 0.005 0.000 0.187 0.000
 14.291667  15.291667   17.93 0.000  0.13 0.000 9.999 0.259000 99.99 0.259000 0.018 0.000  0.475 0.000   0.665 0.000   2.696 0.000   1.125 0.000   1.571 0.000 0.007 0.000 0.120 0.000
 17.291667  18.291667   12.56 0.000  0.24 0.000 9.999 0.259000 99.99 0.259000 0.014 0.000  0.326 0.000   0.457 0.000   1.675 0.000   0.611 0.000   1.064 0.000 0.005 0.000 0.061 0.000
 20.291667  21.291667   13.77 0.000  0.73 0.000 9.999 0.259000 99.99 0.259000 0.030 0.000  0.607 0.000   0.850 0.000   1.787 0.000   0.650 0.000   1.137 0.000 0.007 0.000 0.089 0.000
 23.291667  24.291667 9999.99 0.999 99.99 0.999 9.999 0.999000 99.99 0.999000 9.999 0.999 99.999 0.999 999.999 0.999 999.999 0.999 999.999 0.999 999.999 0.999 9.999 0.999 9.999 0.999
 26.291667  27.291667 9999.99 0.999 99.99 0.999 9.999 0.999000 99.99 0.999000 9.999 0.999 99.999 0.999 999.999 0.999 999.999 0.999 999.999 0.999 999.999 0.999 9.999 0.999 9.999 0.999
 29.291667  30.291667   35.28 0.000  0.65 0.000 9.999 0.259000 99.99 0.259000 0.022 0.000  1.977 0.000   2.768 0.000   5.923 0.000   5.269 0.000   0.654 0.000 0.021 0.000 0.112 0.000
 32.291667  33.291667  180.54 0.000  1.23 0.000 9.999 0.259000 99.99 0.259000 0.025 0.000  0.854 0.000   1.196 0.000  52.900 0.000  47.611 0.000   5.290 0.000 0.112 0.000 0.172 0.000
 35.291667  36.291667   43.15 0.559  0.87 0.559 9.999 0.559259 99.99 0.559259 0.102 0.000  0.704 0.000   0.985 0.000   9.492 0.000   7.999 0.000   1.493 0.559 0.024 0.559 0.083 0.000
 38.291667  39.291667   29.23 0.000  0.47 0.000 9.999 0.259000 99.99 0.259000 0.075 0.000  0.908 0.000   1.272 0.000   5.136 0.000   3.063 0.000   2.074 0.000 0.014 0.000 0.244 0.000
 41.291667  42.291667   15.52 0.000  0.20 0.000 9.999 0.259000 99.99 0.259000 0.017 0.000  0.545 0.000   0.764 0.000   1.775 0.000   1.105 0.000   0.670 0.000 0.009 0.000 0.060 0.000
 44.291667  45.291667   63.28 0.000  0.14 0.000 9.999 0.259000  0.18 0.000000 0.023 0.000  0.722 0.000   1.011 0.000   1.021 0.000 999.999 0.259   1.564 0.000 0.030 0.000 0.031 0.000
 47.291667  48.291667   13.34 0.000  2.94 0.000 9.999 0.259000 99.99 0.259000 0.032 0.000  0.807 0.000   1.130 0.000   1.430 0.000   0.204 0.000   1.226 0.000 0.005 0.000 0.136 0.000
 50.291667  51.291667   20.55 0.559  0.21 0.559 9.999 0.559259 99.99 0.559259 0.056 0.000  0.547 0.000   0.766 0.000   2.328 0.000   1.116 0.000   1.212 0.559 0.014 0.559 0.177 0.000
 53.291667  54.291667  125.19 0.000  0.48 0.000 0.056 0.000000 99.99 0.259000 0.055 0.000  0.713 0.000   0.998 0.000  25.970 0.000  20.576 0.000   5.394 0.000 0.102 0.000 0.132 0.000
 56.291667  57.291667   11.67 0.000  0.06 0.000 9.999 0.259000 99.99 0.259000 0.011 0.000  0.532 0.000   0.745 0.000   0.654 0.000 999.999 0.259   0.679 0.000 0.007 0.000 0.021 0.000
 59.291667  60.291667    8.79 0.000  0.28 0.000 9.999 0.259000 99.99 0.259000 0.153 0.000  0.573 0.000   0.802 0.000   1.109 0.000 999.999 0.259   1.268 0.000 0.007 0.000 0.129 0.000
 62.291667  63.291667   21.12 0.000  1.30 0.000 9.999 0.259000 99.99 0.259000 0.198 0.000  0.546 0.000   0.765 0.000   3.239 0.000   1.109 0.000   2.130 0.000 0.012 0.000 0.221 0.000
 65.291667  66.291667   23.94 0.000  0.72 0.000 9.999 0.259000 99.99 0.259000 0.037 0.559  0.792 0.000   1.109 0.000   4.003 0.000   1.859 0.000   2.144 0.000 0.014 0.000 0.138 0.559
 68.291667  69.291667   26.84 0.000  0.65 0.000 0.011 0.000000 99.99 0.259000 0.014 0.000  0.466 0.000   0.652 0.000   1.137 0.000 999.999 0.259   1.799 0.000 0.016 0.000 0.115 0.000
 71.291667  72.291667   92.29 0.000  0.77 0.000 9.999 0.259000 99.99 0.259000 0.028 0.000  0.519 0.000   0.727 0.000   9.381 0.000   5.990 0.000   3.392 0.000 0.054 0.000 0.187 0.000
 74.291667  75.291667   25.92 0.000  1.56 0.000 9.999 0.259000  0.04 0.000000 0.022 0.000  0.481 0.000   0.674 0.000   4.494 0.000   2.765 0.000   1.728 0.000 0.019 0.000 0.150 0.000
 77.291667  78.291667   10.22 0.000  0.11 0.000 0.009 0.000000 99.99 0.259000 0.023 0.000  0.367 0.000   0.514 0.000   7.107 0.000   5.693 0.000   1.414 0.000 0.008 0.000 0.167 0.000
 80.291667  81.291667   39.55 0.000  0.58 0.000 9.999 0.259000 99.99 0.259000 0.050 0.000  0.542 0.000   0.758 0.000   8.905 0.000   6.407 0.000   2.499 0.000 0.027 0.000 0.186 0.000
 83.291667  84.291667  105.75 0.000  0.55 0.000 9.999 0.259000  1.00 0.000000 0.072 0.000  1.763 0.000   2.468 0.000   7.520 0.000   2.975 0.000   4.544 0.000 0.064 0.000 0.150 0.000
 86.291667  87.291667   12.72 0.000 99.99 0.259 9.999 0.259000 99.99 0.259000 0.033 0.000  0.365 0.000   0.511 0.000   7.191 0.000   5.773 0.000   1.418 0.000 0.010 0.000 0.153 0.000
 89.291667  90.291667   31.72 0.000  0.43 0.000 0.015 0.000000  0.10 0.000000 0.030 0.000  0.598 0.000   0.837 0.000   7.355 0.000   5.358 0.000   1.998 0.000 0.015 0.000 0.161 0.000
 92.291667  93.291667  135.44 0.000  1.42 0.000 9.999 0.259000  0.11 0.000000 0.151 0.000  0.792 0.000   1.109 0.000  24.926 0.000  18.704 0.000   6.222 0.000 0.089 0.000 0.355 0.000
 95.291667  96.291667   33.29 0.000  0.54 0.000 9.999 0.259000 99.99 0.259000 0.031 0.000  0.382 0.000   0.535 0.000   4.643 0.000   2.962 0.000   1.682 0.000 0.020 0.000 0.118 0.000
 98.291667  99.291667   79.03 0.000  1.04 0.000 9.999 0.259000  0.03 0.000000 0.028 0.000  0.721 0.000   1.010 0.000  10.725 0.000   7.159 0.000   3.566 0.000 0.045 0.000 0.271 0.000
101.291667 102.291667  155.75 0.559  2.86 0.559 9.999 0.559259  0.10 0.559000 0.063 0.000  1.076 0.000   1.507 0.000  14.344 0.000   8.031 0.000   6.313 0.559 0.087 0.559 0.346 0.000
104.291667 105.291667   30.06 0.000  0.82 0.000 9.999 0.259000  0.06 0.000000 0.023 0.559  0.370 0.000   0.518 0.000  10.589 0.000   8.850 0.000   1.739 0.000 0.018 0.000 0.131 0.559
107.291667 108.291667   75.23 0.000  0.59 0.000 9.999 0.259000  0.05 0.000000 0.060 0.000  0.390 0.000   0.546 0.000  11.243 0.000   7.708 0.000   3.535 0.000 0.044 0.000 0.156 0.000
110.291667 111.291667   95.88 0.000  0.64 0.000 9.999 0.259000  0.10 0.000000 0.055 0.000  0.623 0.000   0.872 0.000  13.644 0.000   9.300 0.000   4.344 0.000 0.063 0.000 0.209 0.000
113.291667 114.291667   88.47 0.000  1.30 0.000 9.999 0.259000  0.07 0.000000 0.065 0.000  0.749 0.000   1.049 0.000  11.698 0.000   7.402 0.000   4.296 0.000 0.056 0.000 0.246 0.000
116.291667 117.291667   90.76 0.559  1.22 0.559 9.999 0.559259 99.99 0.559259 0.139 0.000  0.816 0.000   1.142 0.000  10.396 0.000   6.043 0.000   4.353 0.559 0.069 0.559 0.257 0.000
119.291667 120.291667  148.60 0.559  0.93 0.559 9.999 0.559259  0.07 0.559000 0.082 0.000  0.518 0.000   0.726 0.000  15.400 0.000  10.804 0.000   4.597 0.559 0.092 0.559 0.188 0.000
122.291667 123.291667  154.25 0.000  1.62 0.000 9.999 0.259000 99.99 0.259000 0.052 0.000  0.327 0.000   0.457 0.000  26.750 0.000  21.392 0.000   5.359 0.000 0.107 0.000 0.172 0.000
125.291667 126.291667   76.16 0.559  0.80 0.559 9.999 0.559259 99.99 0.559259 0.077 0.000  0.748 0.000   1.048 0.000  12.962 0.000   8.329 0.000   4.633 0.559 0.055 0.559 0.260 0.000
128.291667 129.291667  249.34 0.000  1.57 0.000 9.999 0.259000 99.99 0.259000 0.101 0.000  1.120 0.000   1.568 0.000  63.774 0.000  54.525 0.000   9.249 0.000 0.186 0.000 0.365 0.000
131.291667 132.291667  130.50 0.559  2.25 0.559 9.999 0.559259 99.99 0.559259 0.048 0.000  0.787 0.000   1.102 0.000  11.078 0.000   5.285 0.000   5.793 0.559 0.096 0.559 0.258 0.000
134.291667 135.291667  368.97 0.559  1.37 0.559 9.999 0.559259  0.14 0.559000 0.078 0.000  0.937 0.000   1.312 0.000  47.743 0.000  36.858 0.000  10.885 0.559 0.310 0.559 0.407 0.000
137.291667 138.291667  105.28 0.559  1.16 0.559 9.999 0.559259 99.99 0.559259 0.076 0.000  1.697 0.000   2.375 0.000  17.974 0.000  10.349 0.000   7.625 0.559 0.091 0.559 0.404 0.000
140.291667 141.291667  158.31 0.559  1.12 0.559 9.999 0.559259  0.11 0.559000 0.077 0.000  1.207 0.000   1.689 0.000  27.367 0.000  18.927 0.000   8.440 0.559 0.133 0.559 0.446 0.000
143.291667 144.291667  103.74 0.559  1.06 0.559 9.999 0.559259  0.22 0.559000 0.081 0.000  1.228 0.000   1.719 0.000  17.770 0.000   9.975 0.000   7.795 0.559 0.110 0.559 0.724 0.000
146.291667 147.291667   50.73 0.000  0.51 0.000 9.999 0.259000 99.99 0.259000 0.045 0.000  1.181 0.000   1.653 0.000  13.622 0.000   8.547 0.000   5.075 0.000 0.051 0.000 0.442 0.000
149.291667 150.291667  357.68 0.559  1.01 0.559 9.999 0.559259  0.13 0.559000 0.067 0.000  1.368 0.000   1.915 0.000  43.844 0.000  30.683 0.000  13.162 0.559 0.311 0.559 0.494 0.000
152.291667 153.291667   87.88 0.559  0.65 0.559 9.999 0.559259  0.17 0.559000 0.057 0.000  0.965 0.000   1.351 0.000  15.933 0.000   9.289 0.000   6.644 0.559 0.096 0.559 0.607 0.000
155.291667 156.291667  136.32 0.559  0.84 0.559 9.999 0.559259  0.07 0.559000 0.047 0.000  1.086 0.000   1.521 0.000  21.119 0.000  13.262 0.000   7.857 0.559 0.115 0.559 0.527 0.000
158.291667 159.291667   85.68 0.699  0.56 0.699 9.999 0.699259 99.99 0.699259 0.052 0.000  1.066 0.000   1.492 0.000  15.919 0.000   8.137 0.000   7.782 0.699 0.089 0.699 0.858 0.000
161.291667 162.291667  169.82 0.559  0.49 0.559 0.038 0.559000  0.14 0.559000 0.047 0.000  0.373 0.000   0.522 0.000  15.850 0.000   9.677 0.000   6.173 0.559 0.108 0.559 0.268 0.000
164.291667 165.291667   81.93 0.559  0.54 0.559 9.999 0.559259 99.99 0.559259 0.056 0.000  0.688 0.000   0.963 0.000  10.681 0.000   5.745 0.000   4.936 0.559 0.125 0.559 0.318 0.000
167.291667 168.291667   98.88 0.699  0.50 0.699 9.999 0.699259 99.99 0.699259 0.031 0.000  2.169 0.000   3.037 0.000  13.720 0.000   6.020 0.000   7.700 0.699 0.086 0.699 0.452 0.000
170.291667 171.291667  184.02 0.559  1.47 0.559 9.999 0.559259  0.10 0.559000 0.065 0.000  3.388 0.000   4.743 0.000  30.572 0.000  18.376 0.000  12.196 0.559 0.160 0.559 0.316 0.000
173.291667 174.291667   83.53 0.559  0.81 0.559 0.017 0.559000  0.15 0.559000 0.030 0.000  1.350 0.000   1.890 0.000  20.425 0.000  14.956 0.000   5.469 0.559 0.074 0.559 0.174 0.000
176.291667 177.291667 9999.99 0.456 99.99 0.456 9.999 0.456000 99.99 0.456000 0.018 0.000  0.634 0.000   0.887 0.000  16.503 0.000 999.999 0.999 999.999 0.456 9.999 0.456 0.130 0.000
179.291667 180.291667   53.93 0.559  0.49 0.559 9.999 0.559259 99.99 0.559259 0.044 0.000  1.287 0.000   1.802 0.000  11.806 0.000   6.870 0.000   4.936 0.559 0.054 0.559 0.255 0.000
182.291667 183.291667   44.74 0.000  0.21 0.000 9.999 0.259000  0.05 0.000000 0.041 0.000  0.638 0.000   0.893 0.000  13.402 0.000   9.977 0.000   3.424 0.000 0.049 0.000 0.275 0.000
185.291667 186.291667   78.13 0.699  0.51 0.699 9.999 0.699259 99.99 0.699259 0.050 0.000  2.143 0.000   3.001 0.000  19.574 0.000  12.562 0.000   7.013 0.699 0.085 0.699 0.358 0.000
188.291667 189.291667   74.98 0.000  0.38 0.000 9.999 0.259000  0.10 0.000000 0.053 0.000  1.035 0.000   1.448 0.000  19.452 0.000  14.083 0.000   5.369 0.000 0.063 0.000 0.370 0.000
191.291667 192.291667  153.31 0.699  0.59 0.699 9.999 0.699259 99.99 0.699259 0.084 0.000  2.524 0.000   3.534 0.000  28.517 0.000  18.440 0.000  10.077 0.699 0.130 0.699 0.405 0.000
194.291667 195.291667  104.36 0.699  0.45 0.699 9.999 0.699259  0.08 0.699000 0.086 0.000  1.650 0.000   2.310 0.000  21.849 0.000  13.467 0.000   8.381 0.699 0.108 0.699 0.544 0.000
197.291667 198.291667  201.38 0.699  0.42 0.699 9.999 0.699259  0.12 0.699000 0.074 0.000  6.755 0.000   9.457 0.000  35.708 0.000  18.102 0.000  17.607 0.699 0.167 0.699 0.351 0.000
200.291667 201.291667   86.11 0.559  0.45 0.559 9.999 0.559259  0.08 0.559000 0.047 0.000  1.711 0.000   2.395 0.000  14.173 0.000   7.558 0.000   6.615 0.559 0.051 0.559 0.371 0.000
203.291667 204.291667   71.39 0.559  0.30 0.559 9.999 0.559259 99.99 0.559259 0.038 0.000  1.639 0.000   2.295 0.000  15.019 0.000   9.077 0.000   5.943 0.559 0.047 0.559 0.352 0.000
206.291667 207.291667   58.51 0.000  0.36 0.000 9.999 0.259000 99.99 0.259000 0.047 0.559  0.887 0.000   1.242 0.000  12.467 0.000   7.961 0.000   4.506 0.000 0.043 0.000 0.326 0.559
209.291667 210.291667   78.96 0.559  0.11 0.559 9.999 0.559259 99.99 0.559259 0.060 0.559  0.904 0.000   1.266 0.000   9.381 0.000   4.205 0.000   5.176 0.559 0.044 0.559 0.293 0.559
212.291667 213.291667   46.10 0.000  0.39 0.000 9.999 0.259000  0.07 0.000000 0.039 0.559  0.887 0.000   1.242 0.000  10.356 0.000   6.045 0.000   4.310 0.000 0.024 0.000 0.318 0.559
215.291667 216.291667   32.68 0.000  0.45 0.000 9.999 0.259000  0.12 0.000000 0.025 0.559  0.773 0.000   1.083 0.000  47.712 0.000  44.446 0.000   3.266 0.000 0.020 0.000 0.279 0.559
218.291667 219.291667   44.90 0.000  0.30 0.000 9.999 0.259000  0.06 0.000000 0.023 0.559  0.707 0.000   0.990 0.000  37.337 0.000  33.381 0.000   3.955 0.000 0.025 0.000 0.277 0.559
221.291667 222.291667   47.90 0.000  0.34 0.000 9.999 0.259000 99.99 0.259000 0.023 0.559  0.438 0.000   0.613 0.000  36.996 0.000  33.272 0.000   3.725 0.000 0.023 0.000 0.295 0.559
224.291667 225.291667   57.57 0.000  0.37 0.000 9.999 0.259000  0.05 0.000000 0.031 0.559  0.971 0.000   1.359 0.000  52.185 0.000  47.092 0.000   5.093 0.000 0.038 0.000 0.416 0.559
227.291667 228.291667   43.52 0.000  0.35 0.000 9.999 0.259000  0.06 0.000000 0.039 0.559  0.791 0.000   1.108 0.000  24.773 0.000  20.070 0.000   4.702 0.000 0.026 0.000 0.460 0.559
230.291667 231.291667   56.91 0.000  1.15 0.000 9.999 0.259000 99.99 0.259000 0.043 0.559  0.553 0.000   0.774 0.000  37.727 0.000  32.724 0.000   5.004 0.000 0.040 0.000 0.509 0.559
233.291667 234.291667   35.64 0.000  0.29 0.000 9.999 0.259000  0.05 0.000000 0.035 0.559  0.364 0.000   0.510 0.000  14.498 0.000  11.339 0.000   3.159 0.000 0.020 0.000 0.320 0.559
236.291667 237.291667   49.67 0.000  0.22 0.000 9.999 0.259000  0.04 0.000000 0.033 0.559  0.792 0.000   1.108 0.000  16.554 0.000  11.873 0.000   4.681 0.000 0.024 0.000 0.401 0.559
239.291667 240.291667   26.18 0.000  0.17 0.000 9.999 0.259000 99.99 0.259000 0.046 0.559  0.610 0.000   0.854 0.000   5.612 0.000   2.602 0.000   3.010 0.000 0.014 0.000 0.233 0.559
242.291667 243.291667   32.59 0.000  0.45 0.000 0.016 0.000000 99.99 0.259000 0.025 0.559  0.533 0.000   0.747 0.000  11.224 0.000   7.752 0.000   3.472 0.000 0.020 0.000 0.317 0.559
245.291667 246.291667   25.95 0.000  0.23 0.000 9.999 0.259000  0.05 0.000000 0.019 0.559  0.617 0.000   0.863 0.000  12.792 0.000   9.970 0.000   2.822 0.000 0.014 0.000 0.245 0.559
248.291667 249.291667   23.81 0.000  0.31 0.000 9.999 0.259000 99.99 0.259000 0.021 0.559  0.500 0.000   0.701 0.000   5.572 0.000   2.964 0.000   2.608 0.000 0.015 0.000 0.247 0.559
251.291667 252.291667   63.22 0.559  0.75 0.559 9.999 0.559259  0.11 0.559000 0.032 0.559  0.557 0.000   0.780 0.000   6.894 0.000   3.892 0.000   3.003 0.559 0.046 0.559 0.195 0.559
254.291667 255.291667   24.43 0.000  0.17 0.000 9.999 0.259000 99.99 0.259000 0.019 0.559  0.441 0.000   0.617 0.000   3.553 0.000   2.122 0.000   1.431 0.000 0.009 0.000 0.117 0.559
257.291667 258.291667   57.85 0.559  0.59 0.559 9.999 0.559259  0.06 0.559000 0.019 0.559  0.644 0.000   0.902 0.000   6.823 0.000   3.799 0.000   3.024 0.559 0.024 0.559 0.144 0.559
260.291667 261.291667   72.87 0.000  0.53 0.000 0.039 0.000000 99.99 0.259000 0.025 0.000  0.495 0.000   0.694 0.000  16.001 0.000  12.108 0.000   3.893 0.000 0.058 0.000 0.109 0.000
