scripts/IMPROVE-2019_partial/data/US0011R.20130101060000.20191216000000.filterpack...52w.3d.US03L_filterpack_US0011.US03L_IMPROVE_Davis.lev2.nas
52 1001
MISSING INFORMATION
US03L, IMPROVE, , , , , , , 
MISSING INFORMATION
IMPROVE sel_HTAP
1 1
2013 01 01 2019 12 16
3.00
days from file reference point
5
1 1 1 1 1
999.99 999.999 9.999 999.999 9.999
end_time of measurement, days from the file reference point
pm10_mass, ug/m3, Matrix=pm10
numflag pm10_mass, no unit, Matrix=pm10
pm25_mass, ug/m3, Matrix=pm25
numflag pm25_mass, no unit, Matrix=pm25
0
33
Data definition:              EBAS_1.1
Set type code:                TU
Timezone:                     UTC
File name:                    US0011R.20130101060000.20191216000000.filterpack...52w.3d.US03L_filterpack_US0011.US03L_IMPROVE_Davis.lev2.nas
File creation:                20191218115608
Startdate:                    20130101060000
Revision date:                20191216000000
Version:                      2
Version description:          "Data extracted from http://views.cira.colostate.edu/fed/DataWizard 2019-12-16"
Statistics:                   arithmetic mean
Data level:                   2
Period code:                  52w
Resolution code:              3d
Sample duration:              1d
Orig. time res.:              3d
Station code:                 US0011R
Platform code:                US0011S
Station name:                 Caney Creek
Station latitude:             34.4544
Station longitude:            -94.1429
Station altitude:             683.0 m
Regime:                       IMG
Component:                    
Unit:                         ug/m3
Matrix:                       
Laboratory code:              US03L
Instrument type:              filterpack
Instrument name:              filterpack_US0011
Method ref:                   US03L_IMPROVE_Davis
Blank correction:             Blank corrected
Volume std. temperature:      ambient
Volume std. pressure:         ambient
starttime endtime PM10 flag_PM10 PM2.5 flag_PM2.5
  0.25   1.25   3.139 0.000   1.007 0.000
  3.25   4.25   4.310 0.000   3.084 0.000
  6.25   7.25   4.545 0.000   3.323 0.000
  9.25  10.25   1.981 0.000   0.998 0.000
 12.25  13.25   4.625 0.000   3.085 0.000
 15.25  16.25   5.133 0.000   3.389 0.000
 18.25  19.25   9.288 0.000   5.493 0.000
 21.25  22.25   7.022 0.000   3.695 0.000
 24.25  25.25   8.031 0.000   5.003 0.000
 27.25  28.25   5.064 0.000   3.353 0.000
 30.25  31.25   4.627 0.000   1.673 0.000
 33.25  34.25   3.238 0.000   1.389 0.000
 36.25  37.25  11.309 0.000   8.980 0.000
 39.25  40.25   9.309 0.000   8.086 0.000
 42.25  43.25   2.623 0.000   1.708 0.000
 45.25  46.25   3.734 0.000   1.546 0.000
 48.25  49.25   9.333 0.000   4.234 0.000
 51.25  52.25   4.051 0.000   2.985 0.000
 54.25  55.25   8.729 0.000   5.478 0.000
 57.25  58.25   9.241 0.000 999.999 0.999
 60.25  61.25   7.144 0.000 999.999 0.999
 63.25  64.25  13.957 0.000 999.999 0.999
 66.25  67.25  17.369 0.000  11.011 0.000
 69.25  70.25   5.509 0.000   4.188 0.000
 72.25  73.25  12.598 0.000   7.335 0.000
 75.25  76.25  12.399 0.000   5.975 0.000
 78.25  79.25  11.429 0.000   6.763 0.000
 81.25  82.25   1.660 0.000   1.028 0.000
 84.25  85.25   5.704 0.000   2.728 0.000
 87.25  88.25  17.173 0.000  10.011 0.000
 90.25  91.25   8.125 0.000   4.391 0.000
 93.25  94.25   9.290 0.000   5.407 0.000
 96.25  97.25  14.034 0.000   7.458 0.000
 99.25 100.25   7.774 0.000   5.175 0.000
102.25 103.25   9.535 0.000   4.457 0.000
105.25 106.25  32.370 0.000  18.930 0.000
108.25 109.25  10.209 0.000   2.697 0.000
111.25 112.25  15.779 0.000   5.930 0.000
114.25 115.25  18.541 0.000   4.701 0.000
117.25 118.25  15.343 0.000   3.617 0.000
120.25 121.25  15.323 0.000   4.972 0.000
123.25 124.25   9.711 0.000   2.421 0.000
126.25 127.25  25.144 0.000   9.409 0.000
129.25 130.25  20.895 0.000   5.751 0.000
132.25 133.25  16.200 0.000   6.063 0.000
135.25 136.25  12.563 0.000   1.902 0.000
138.25 139.25  30.695 0.000  11.798 0.000
141.25 142.25   8.579 0.000   2.421 0.000
144.25 145.25  11.525 0.000   6.975 0.000
147.25 148.25  20.750 0.000   9.686 0.000
150.25 151.25  11.151 0.000   5.636 0.000
153.25 154.25   8.984 0.000   4.957 0.000
156.25 157.25   9.065 0.000   5.559 0.000
159.25 160.25  10.714 0.000   7.805 0.000
162.25 163.25  40.928 0.000  20.100 0.000
165.25 166.25  21.394 0.000  11.535 0.000
168.25 169.25  12.849 0.000   3.939 0.000
171.25 172.25  48.958 0.000  21.549 0.000
174.25 175.25  29.844 0.000  15.900 0.000
177.25 178.25  38.441 0.000  16.845 0.000
180.25 181.25  20.864 0.000   4.849 0.000
183.25 184.25  22.920 0.000  13.496 0.000
186.25 187.25  20.277 0.000  12.059 0.000
189.25 190.25  23.896 0.000   9.362 0.000
192.25 193.25  20.769 0.000  11.877 0.000
195.25 196.25  11.460 0.000   7.928 0.000
198.25 199.25  11.476 0.000   6.128 0.000
201.25 202.25  13.453 0.000   9.930 0.000
204.25 205.25   5.966 0.000   2.916 0.000
207.25 208.25   9.479 0.000   5.498 0.000
210.25 211.25  36.246 0.000  18.763 0.000
213.25 214.25  26.088 0.000  16.456 0.000
216.25 217.25  17.718 0.000  10.057 0.000
219.25 220.25  60.517 0.000  26.865 0.000
222.25 223.25  18.406 0.000  12.164 0.000
225.25 226.25  13.698 0.000   8.681 0.000
228.25 229.25  17.293 0.000  13.147 0.000
231.25 232.25  15.995 0.000   9.027 0.000
234.25 235.25  15.547 0.000   9.737 0.000
237.25 238.25  11.043 0.000   7.567 0.000
240.25 241.25  22.462 0.000  13.812 0.000
243.25 244.25  21.904 0.000  13.767 0.000
246.25 247.25  13.574 0.000   5.528 0.000
249.25 250.25  24.005 0.000  15.059 0.000
252.25 253.25  20.563 0.000  12.702 0.000
255.25 256.25  16.527 0.000   9.039 0.000
258.25 259.25  17.862 0.000  11.073 0.000
261.25 262.25  15.078 0.000   9.995 0.000
264.25 265.25   6.700 0.000   3.143 0.000
267.25 268.25  18.764 0.000   7.084 0.000
270.25 271.25  11.814 0.000   8.288 0.000
273.25 274.25   6.190 0.000   4.556 0.000
276.25 277.25   8.041 0.000   5.528 0.000
279.25 280.25   6.098 0.000   2.025 0.000
282.25 283.25  10.843 0.000   7.606 0.000
285.25 286.25  11.287 0.000   6.767 0.000
288.25 289.25   1.313 0.000   0.579 0.000
291.25 292.25   3.440 0.000   2.122 0.000
294.25 295.25   4.809 0.000   2.367 0.000
297.25 298.25   6.755 0.000   2.819 0.000
300.25 301.25   9.394 0.000   7.270 0.000
303.25 304.25   4.104 0.000   1.694 0.000
306.25 307.25   6.609 0.000   4.562 0.000
309.25 310.25   2.253 0.000   1.093 0.000
312.25 313.25   7.992 0.000   6.198 0.000
315.25 316.25   8.918 0.000   4.089 0.000
318.25 319.25   7.440 0.000   4.491 0.000
321.25 322.25  10.153 0.000   2.194 0.000
324.25 325.25  11.017 0.000   6.794 0.000
327.25 328.25   5.318 0.000   3.206 0.000
330.25 331.25   8.592 0.000   3.436 0.000
333.25 334.25   9.146 0.000   7.015 0.000
336.25 337.25  11.703 0.000   8.851 0.000
339.25 340.25 999.999 0.999 999.999 0.999
342.25 343.25 999.999 0.999 999.999 0.999
345.25 346.25 999.999 0.999 999.999 0.999
348.25 349.25 999.999 0.999 999.999 0.999
351.25 352.25 999.999 0.456   5.572 0.000
354.25 355.25 999.999 0.456   0.181 0.000
357.25 358.25 999.999 0.456   6.501 0.000
360.25 361.25 999.999 0.456   3.996 0.000
363.25 364.25 999.999 0.456   2.528 0.000
