scripts/IMPROVE-2019_partial/data/US0098R.20010101080000.20191216000000.filterpack..pm25.52w.1w.US03L_filterpack_US0098.US03L_IMPROVE_Davis.lev2.nas
66 1001
MISSING INFORMATION
US03L, IMPROVE, , , , , , , 
MISSING INFORMATION
IMPROVE sel_HTAP
1 1
2001 01 01 2019 12 16
3.000000
days from file reference point
27
1 1 1 1 1 1 1 1 1 1 1 1 1 1 1 1 1 1 1 1 1 1 1 1 1 1 1
999.999999 9999.99 9.999 99.99 9.999 9.999 9.999999 99.99 9.999999 99.999 9.999 99.999 9.999 999.999 9.999 999.99 9.999999 9999.999 9.999 999.999 9.999 999.999 9.999 9.999 9.999 99.999 9.999999
end_time of measurement, days from the file reference point
iron, ng/m3, Revision date=20181210133000
numflag iron, no unit, Revision date=20181210133000
lead, ng/m3, Revision date=20181210133000
numflag lead, no unit, Revision date=20181210133000
magnesium, ug/m3, Revision date=20181210133000
numflag magnesium, no unit, Revision date=20181210133000
nickel, ng/m3, Revision date=20181210133000
numflag nickel, no unit, Revision date=20181210133000
nitrate, ug N/m3, Revision date=20181210133000
numflag nitrate, no unit, Revision date=20181210133000
organic_carbon, ug C/m3, Revision date=20181210133000
numflag organic_carbon, no unit, Revision date=20181210133000
organic_mass, ug/m3, Revision date=20181210133000
numflag organic_mass, no unit, Revision date=20181210133000
phosphorus, ng/m3, Revision date=20181210133000
numflag phosphorus, no unit, Revision date=20181210133000
pm10_mass, ug/m3, Version=2, Version description=Data extracted from http://views.cira.colostate.edu/fed/DataWizard 2019-12-16, Sample duration=1d, Orig. time res.=3d, Matrix=pm10, Blank correction=Blank corrected, Volume std. temperature=ambient, Volume std. pressure=ambient
numflag pm10_mass, no unit, Version=2, Version description=Data extracted from http://views.cira.colostate.edu/fed/DataWizard 2019-12-16, Sample duration=1d, Orig. time res.=3d, Matrix=pm10, Blank correction=Blank corrected, Volume std. temperature=ambient, Volume std. pressure=ambient
pm10_pm25_mass, ug/m3, Revision date=20181210133000, Matrix=pm10_pm25
numflag pm10_pm25_mass, no unit, Revision date=20181210133000, Matrix=pm10_pm25
pm25_mass, ug/m3, Version=2, Version description=Data extracted from http://views.cira.colostate.edu/fed/DataWizard 2019-12-16, Sample duration=1d, Orig. time res.=3d, Blank correction=Blank corrected, Volume std. temperature=ambient, Volume std. pressure=ambient
numflag pm25_mass, no unit, Version=2, Version description=Data extracted from http://views.cira.colostate.edu/fed/DataWizard 2019-12-16, Sample duration=1d, Orig. time res.=3d, Blank correction=Blank corrected, Volume std. temperature=ambient, Volume std. pressure=ambient
potassium, ug/m3, Revision date=20181210133000
numflag potassium, no unit, Revision date=20181210133000
sulphate_total, ug S/m3, Revision date=20181210133000
numflag sulphate_total, no unit, Revision date=20181210133000
0
25
Data definition:              EBAS_1.1
Set type code:                TU
Timezone:                     UTC
File name:                    US0098R.20010101080000.20191216000000.filterpack..pm25.52w.1w.US03L_filterpack_US0098.US03L_IMPROVE_Davis.lev2.nas
File creation:                20191218120207
Startdate:                    20010101080000
Revision date:                20191216000000
Statistics:                   arithmetic mean
Data level:                   2
Period code:                  52w
Resolution code:              1w
Station code:                 US0098R
Platform code:                US0098S
Station name:                 Point Reyes National Seashore
Station latitude:             38.1224
Station longitude:            -122.9085
Station altitude:             97.0 m
Regime:                       IMG
Component:                    
Matrix:                       pm25
Laboratory code:              US03L
Instrument type:              filterpack
Instrument name:              filterpack_US0098
Method ref:                   US03L_IMPROVE_Davis
starttime endtime Fe flag_Fe Pb flag_Pb Mg++ flag_Mg++ Ni flag_Ni NO3- flag_NO3- OC flag_OC OM flag_OM P flag_P PM10 flag_PM10 PM10-PM2.5 flag_PM10-PM2.5 PM2.5 flag_PM2.5 K+ flag_K+ SO4-- flag_SO4--
[from data line 79]
237.333333 238.333333    4.58 0.000  0.39 0.000 0.094 0.000000  0.35 0.000000  0.173 0.000  0.368 0.000   0.516 0.000 999.99 0.259000   23.412 0.000  12.780 0.000  10.632 0.000 0.045 0.000  1.017 0.000000
240.333333 241.333333    2.61 0.000  0.20 0.000 9.999 0.259000  0.27 0.000000  0.069 0.000  0.058 0.000   0.081 0.000 999.99 0.259000   15.340 0.000   8.334 0.000   7.006 0.000 0.036 0.000  0.462 0.000000
243.333333 244.333333    1.70 0.000  0.24 0.000 9.999 0.259000  0.14 0.000000  0.059 0.559  0.122 0.000   0.171 0.000 999.99 0.259000    4.916 0.000   2.894 0.000   2.022 0.000 0.009 0.000  0.227 0.559000
246.333333 247.333333    2.71 0.000 99.99 0.259 9.999 0.259000  0.47 0.000000  0.067 0.559  0.114 0.000   0.159 0.000 999.99 0.259000   11.001 0.000   6.451 0.000   4.550 0.000 0.017 0.000  0.386 0.559000
249.333333 250.333333   21.92 0.000  0.26 0.000 9.999 0.259000  0.86 0.000000  0.260 0.559  0.809 0.000   1.132 0.000 999.99 0.259000   23.618 0.000  15.104 0.000   8.514 0.000 0.038 0.000  0.664 0.559000
252.333333 253.333333   18.93 0.000  0.13 0.000 9.999 0.259000  0.56 0.000000  0.173 0.559  0.303 0.000   0.424 0.000 999.99 0.259000   17.906 0.000  10.653 0.000   7.253 0.000 0.028 0.000  0.513 0.559000
255.333333 256.333333    3.68 0.000  0.15 0.000 9.999 0.259000  0.20 0.000000  0.050 0.559  0.291 0.000   0.407 0.000 999.99 0.259000    4.160 0.000   1.597 0.000   2.563 0.000 0.013 0.000  0.254 0.559000
258.333333 259.333333    4.83 0.000  0.10 0.000 9.999 0.259000  0.40 0.000000  0.070 0.000  0.141 0.000   0.198 0.000 999.99 0.259000    9.248 0.000   4.348 0.000   4.900 0.000 0.014 0.000  0.580 0.000000
261.333333 262.333333    5.80 0.000  0.27 0.000 9.999 0.259000  0.72 0.000000  0.100 0.559  0.681 0.000   0.953 0.000 999.99 0.259000    7.357 0.000   2.089 0.000   5.268 0.000 0.030 0.000  0.637 0.559000
264.333333 265.333333    5.24 0.000  0.19 0.000 9.999 0.259000  0.60 0.000000  0.067 0.000  0.243 0.000   0.340 0.000 999.99 0.259000    4.779 0.000   1.548 0.000   3.231 0.000 0.014 0.000  0.501 0.000000
267.333333 268.333333    5.73 0.000  0.25 0.000 9.999 0.259000  0.51 0.000000  0.090 0.559  0.095 0.000   0.133 0.000 999.99 0.259000    7.398 0.000   4.424 0.000   2.974 0.000 0.022 0.000  0.395 0.559000
270.333333 271.333333   17.02 0.000  0.25 0.000 9.999 0.259000  0.35 0.000000  0.126 0.000  0.043 0.000   0.060 0.000 999.99 0.259000   19.465 0.000  13.873 0.000   5.592 0.000 0.029 0.000  0.289 0.000000
273.333333 274.333333   11.59 0.000  0.76 0.000 9.999 0.259000  0.83 0.000000  0.192 0.000  0.654 0.000   0.915 0.000 999.99 0.259000   12.350 0.000   4.993 0.000   7.357 0.000 0.039 0.000  0.507 0.000000
276.333333 277.333333   15.63 0.000  0.49 0.000 9.999 0.259000  0.77 0.000000  0.138 0.559  0.456 0.000   0.639 0.000 999.99 0.259000   14.130 0.000   6.393 0.000   7.736 0.000 0.035 0.000  0.783 0.559000
279.333333 280.333333   14.72 0.000  0.46 0.000 9.999 0.259000  0.53 0.000000  0.157 0.559  0.672 0.000   0.941 0.000 999.99 0.259000   10.263 0.000   3.042 0.000   7.221 0.000 0.046 0.000  0.701 0.559000
282.333333 283.333333   12.03 0.000  0.27 0.000 9.999 0.259000  1.35 0.000000  0.148 0.000  0.424 0.000   0.594 0.000 999.99 0.259000   26.540 0.000  17.812 0.000   8.728 0.000 9.999 0.259  0.388 0.000000
285.333333 286.333333   33.11 0.000  0.40 0.000 9.999 0.259000 99.99 0.259000  0.127 0.000  0.654 0.000   0.915 0.000 999.99 0.259000   27.333 0.000  17.413 0.000   9.921 0.000 0.051 0.000  0.255 0.000000
288.333333 289.333333   24.27 0.000  0.43 0.000 9.999 0.259000  0.99 0.000000  0.275 0.559  0.495 0.000   0.693 0.000 999.99 0.259000   13.586 0.000   5.553 0.000   8.033 0.000 0.039 0.000  1.032 0.559000
291.333333 292.333333   14.15 0.000  0.35 0.000 9.999 0.259000  0.23 0.000000  0.085 0.000  0.665 0.000   0.932 0.000 999.99 0.259000   11.723 0.000   8.146 0.000   3.577 0.000 0.038 0.000  0.208 0.000000
294.333333 295.333333   20.85 0.000  0.17 0.000 9.999 0.259000  0.25 0.000000  0.084 0.000  0.368 0.000   0.516 0.000 999.99 0.259000    7.387 0.000   1.897 0.000   5.490 0.000 0.040 0.000  0.316 0.000000
297.333333 298.333333  143.84 0.000  1.00 0.000 9.999 0.259000  0.08 0.000000  0.154 0.000  0.778 0.000   1.089 0.000 999.99 0.259000   27.228 0.000  19.355 0.000   7.872 0.000 0.028 0.000  0.268 0.000000
300.333333 301.333333   23.45 0.000  0.59 0.000 9.999 0.259000  0.79 0.000000  0.257 0.559  0.497 0.000   0.695 0.000 999.99 0.259000    9.123 0.000   1.438 0.000   7.685 0.000 0.047 0.000  0.680 0.559000
303.333333 304.333333 9999.99 0.999 99.99 0.999 9.999 0.999000 99.99 0.999000  0.041 0.559  0.194 0.000   0.271 0.000 999.99 0.999000    3.094 0.000 999.999 0.999 999.999 0.999 9.999 0.999  0.176 0.559000
306.333333 307.333333 9999.99 0.999 99.99 0.999 9.999 0.999000 99.99 0.999000  0.049 0.559  1.067 0.000   1.494 0.000 999.99 0.999000    3.610 0.000 999.999 0.999 999.999 0.999 9.999 0.999  0.069 0.559000
309.333333 310.333333 9999.99 0.456 99.99 0.456 9.999 0.456000 99.99 0.456000  0.063 0.559  0.774 0.000   1.084 0.000 999.99 0.456000   20.455 0.000 999.999 0.999 999.999 0.456 9.999 0.456  0.189 0.559000
312.333333 313.333333 9999.99 0.999 99.99 0.999 9.999 0.999000 99.99 0.999000  1.557 0.000  9.273 0.000  12.982 0.000 999.99 0.999000   47.133 0.000 999.999 0.999 999.999 0.999 9.999 0.999  0.630 0.000000
315.333333 316.333333 9999.99 0.999 99.99 0.999 9.999 0.999000 99.99 0.999000  0.028 0.559  1.033 0.000   1.446 0.000 999.99 0.999000    8.758 0.000 999.999 0.999 999.999 0.999 9.999 0.999  0.099 0.559000
318.333333 319.333333   21.11 0.000  1.28 0.000 9.999 0.259000  0.67 0.000000  0.835 0.559  1.059 0.000   1.483 0.000 999.99 0.259000   16.791 0.000   8.196 0.000   8.595 0.000 0.023 0.000  0.909 0.559000
321.333333 322.333333   14.74 0.000  1.79 0.000 0.012 0.000000  0.44 0.000000  0.500 0.559  1.859 0.000   2.603 0.000 999.99 0.259000    9.317 0.000   2.610 0.000   6.707 0.000 0.037 0.000  0.364 0.559000
324.333333 325.333333    1.57 0.000  0.09 0.000 9.999 0.259000  0.69 0.000000  0.034 0.559  0.507 0.000   0.710 0.000 999.99 0.259000    6.473 0.000   3.652 0.000   2.820 0.000 0.010 0.000  0.191 0.559000
327.333333 328.333333    4.41 0.000  0.09 0.000 9.999 0.259000  0.12 0.000000  0.010 0.559 99.999 0.259 999.999 0.259 999.99 0.259000   11.283 0.000   7.622 0.000   3.661 0.000 9.999 0.259  0.078 0.559000
330.333333 331.333333    2.53 0.000  0.41 0.000 9.999 0.259000 99.99 0.259000  0.026 0.000  0.483 0.000   0.676 0.000 999.99 0.259000    3.462 0.000   2.207 0.000   1.255 0.000 0.015 0.000  0.042 0.000000
333.333333 334.333333   19.82 0.000 99.99 0.259 9.999 0.259000  0.19 0.000000  0.050 0.559  0.041 0.000   0.057 0.000  23.52 0.000000   19.191 0.000  14.231 0.000   4.960 0.000 0.027 0.000  0.138 0.559000
336.333333 337.333333    8.88 0.000 99.99 0.259 0.087 0.000000 99.99 0.259000  0.028 0.559  0.273 0.000   0.382 0.000 999.99 0.259000   18.977 0.000  13.630 0.000   5.347 0.000 0.039 0.000  0.127 0.559000
339.333333 340.333333    1.21 0.000 99.99 0.259 9.999 0.259000  0.25 0.000000  0.010 0.559  0.188 0.000   0.263 0.000 999.99 0.259000    3.250 0.000   2.412 0.000   0.838 0.000 0.005 0.000  0.053 0.559000
342.333333 343.333333    4.90 0.000 99.99 0.259 9.999 0.259000 99.99 0.259000  0.018 0.559  0.205 0.000   0.287 0.000 999.99 0.259000   16.330 0.000  12.264 0.000   4.066 0.000 0.048 0.000  0.078 0.559000
345.333333 346.333333 9999.99 0.456 99.99 0.456 9.999 0.456000 99.99 0.456000  0.057 0.559  0.687 0.000   0.962 0.000 999.99 0.456000   13.339 0.000 999.999 0.999 999.999 0.456 9.999 0.456  0.090 0.559000
348.333333 349.333333    2.69 0.000 99.99 0.259 9.999 0.259000  0.15 0.000000  0.033 0.559  0.272 0.000   0.381 0.000 999.99 0.259000   17.877 0.000  13.237 0.000   4.640 0.000 0.033 0.000  0.100 0.559000
351.333333 352.333333    4.18 0.000  0.34 0.000 9.999 0.259000  0.39 0.000000  0.065 0.559  0.159 0.000   0.222 0.000 999.99 0.259000   10.129 0.000   7.263 0.000   2.865 0.000 0.020 0.000  0.114 0.559000
354.333333 355.333333    6.00 0.000  0.27 0.000 9.999 0.259000  0.28 0.000000  0.166 0.559  0.837 0.000   1.172 0.000 999.99 0.259000    8.663 0.000   4.678 0.000   3.986 0.000 0.023 0.000  0.155 0.559000
357.333333 358.333333   10.29 0.000  0.72 0.000 9.999 0.259000  0.22 0.000000  0.640 0.559  1.131 0.000   1.584 0.000 999.99 0.259000   11.689 0.000   1.991 0.000   9.698 0.000 0.026 0.000  0.677 0.559000
360.333333 361.333333   14.96 0.000  1.13 0.000 0.054 0.000000 99.99 0.259000  0.889 0.559  1.154 0.000   1.615 0.000 999.99 0.259000   16.192 0.000   3.075 0.000  13.117 0.000 0.030 0.000  1.092 0.559000
363.333333 364.333333    1.50 0.000  0.25 0.000 9.999 0.259000  0.27 0.000000  0.045 0.559  0.447 0.000   0.626 0.000 999.99 0.259000    2.635 0.000   1.168 0.000   1.468 0.000 0.009 0.000  0.156 0.559000
