scripts/IMPROVE-2019_partial/data/US0059R.20030103070000.20191216000000.filterpack..pm25.1y.1w.US03L_filterpack_US0059.US03L_IMPROVE_Davis.lev2.nas
64 1001
MISSING INFORMATION
US03L, IMPROVE, , , , , , , 
MISSING INFORMATION
IMPROVE sel_HTAP
1 1
2003 01 01 2019 12 16
3.000000
days from file reference point
25
1 1 1 1 1 1 1 1 1 1 1 1 1 1 1 1 1 1 1 1 1 1 1 1 1
999.999999 9999.99 9.999 99.99 9.999 9.999 9.999 9.99 9.999 99.999 9.999 99.999 9.999 99.999 9.999 999.999 9.999 999.999 9.999 999.999 9.999 9.999 9.999 99.999 9.999
end_time of measurement, days from the file reference point
iron, ng/m3, Revision date=20181210133000
numflag iron, no unit, Revision date=20181210133000
lead, ng/m3, Revision date=20181210133000
numflag lead, no unit, Revision date=20181210133000
magnesium, ug/m3, Revision date=20181210133000
numflag magnesium, no unit, Revision date=20181210133000
nickel, ng/m3, Revision date=20181210133000
numflag nickel, no unit, Revision date=20181210133000
nitrate, ug N/m3, Revision date=20181210133000
numflag nitrate, no unit, Revision date=20181210133000
organic_carbon, ug C/m3, Revision date=20181210133000
numflag organic_carbon, no unit, Revision date=20181210133000
organic_mass, ug/m3, Revision date=20181210133000
numflag organic_mass, no unit, Revision date=20181210133000
pm10_mass, ug/m3, Version=2, Version description=Data extracted from http://views.cira.colostate.edu/fed/DataWizard 2019-12-16, Sample duration=1d, Orig. time res.=3d, Matrix=pm10, Blank correction=Blank corrected, Volume std. temperature=ambient, Volume std. pressure=ambient
numflag pm10_mass, no unit, Version=2, Version description=Data extracted from http://views.cira.colostate.edu/fed/DataWizard 2019-12-16, Sample duration=1d, Orig. time res.=3d, Matrix=pm10, Blank correction=Blank corrected, Volume std. temperature=ambient, Volume std. pressure=ambient
pm10_pm25_mass, ug/m3, Revision date=20181210133000, Matrix=pm10_pm25
numflag pm10_pm25_mass, no unit, Revision date=20181210133000, Matrix=pm10_pm25
pm25_mass, ug/m3, Version=2, Version description=Data extracted from http://views.cira.colostate.edu/fed/DataWizard 2019-12-16, Sample duration=1d, Orig. time res.=3d, Blank correction=Blank corrected, Volume std. temperature=ambient, Volume std. pressure=ambient
numflag pm25_mass, no unit, Version=2, Version description=Data extracted from http://views.cira.colostate.edu/fed/DataWizard 2019-12-16, Sample duration=1d, Orig. time res.=3d, Blank correction=Blank corrected, Volume std. temperature=ambient, Volume std. pressure=ambient
potassium, ug/m3, Revision date=20181210133000
numflag potassium, no unit, Revision date=20181210133000
sulphate_total, ug S/m3, Revision date=20181210133000
numflag sulphate_total, no unit, Revision date=20181210133000
0
25
Data definition:              EBAS_1.1
Set type code:                TU
Timezone:                     UTC
File name:                    US0059R.20030103070000.20191216000000.filterpack..pm25.1y.1w.US03L_filterpack_US0059.US03L_IMPROVE_Davis.lev2.nas
File creation:                20191218115907
Startdate:                    20030103070000
Revision date:                20191216000000
Statistics:                   arithmetic mean
Data level:                   2
Period code:                  1y
Resolution code:              1w
Station code:                 US0059R
Platform code:                US0059S
Station name:                 Crescent Lake
Station latitude:             41.7627
Station longitude:            -102.4336
Station altitude:             1207.0 m
Regime:                       IMG
Component:                    
Matrix:                       pm25
Laboratory code:              US03L
Instrument type:              filterpack
Instrument name:              filterpack_US0059
Method ref:                   US03L_IMPROVE_Davis
starttime endtime Fe flag_Fe Pb flag_Pb Mg++ flag_Mg++ Ni flag_Ni NO3- flag_NO3- OC flag_OC OM flag_OM PM10 flag_PM10 PM10-PM2.5 flag_PM10-PM2.5 PM2.5 flag_PM2.5 K+ flag_K+ SO4-- flag_SO4--
[from data line 91]
275.291667 276.291667   40.33 0.000  0.28 0.000 9.999 0.259 9.99 0.259  0.176 0.000  0.951 0.000  1.331 0.000   9.386 0.000   4.888 0.000   4.497 0.000 0.028 0.000  0.377 0.000
278.291667 279.291667   34.94 0.000  0.58 0.000 0.063 0.000 9.99 0.259  0.062 0.000  0.854 0.000  1.195 0.000   9.772 0.000   5.948 0.000   3.824 0.000 0.027 0.000  0.309 0.000
281.291667 282.291667   41.99 0.000  0.42 0.000 9.999 0.259 9.99 0.259  0.019 0.000  0.679 0.000  0.951 0.000  10.751 0.000   7.064 0.000   3.687 0.000 0.034 0.000  0.185 0.000
284.291667 285.291667   27.48 0.000  0.41 0.000 0.021 0.000 9.99 0.259  0.021 0.000  0.323 0.000  0.452 0.000 999.999 0.456 999.999 0.999   2.619 0.000 0.023 0.000  0.106 0.000
287.291667 288.291667   21.63 0.000  0.36 0.000 0.018 0.000 9.99 0.259  0.038 0.000  0.373 0.000  0.522 0.000   6.271 0.000   4.230 0.000   2.041 0.000 0.016 0.000  0.095 0.000
290.291667 291.291667   38.50 0.000  0.39 0.000 9.999 0.259 0.07 0.000  0.016 0.000  0.434 0.000  0.608 0.000   8.233 0.000   5.633 0.000   2.600 0.000 0.032 0.000  0.113 0.000
293.291667 294.291667   53.51 0.000  0.69 0.000 0.038 0.000 9.99 0.259  0.021 0.000  0.534 0.000  0.747 0.000  13.950 0.000  10.611 0.000   3.339 0.000 0.039 0.000  0.125 0.000
296.291667 297.291667   44.49 0.000  0.18 0.000 9.999 0.259 9.99 0.259  0.013 0.000  0.379 0.000  0.530 0.000  22.096 0.000  19.306 0.000   2.790 0.000 0.029 0.000  0.072 0.000
299.291667 300.291667   20.76 0.000  0.21 0.000 9.999 0.259 0.07 0.000  0.012 0.000  0.414 0.000  0.579 0.000  11.797 0.000   9.853 0.000   1.944 0.000 0.018 0.000  0.059 0.000
302.291667 303.291667    4.74 0.000  0.37 0.000 9.999 0.259 9.99 0.259  0.021 0.000  0.124 0.000  0.174 0.000   2.117 0.000   1.021 0.000   1.097 0.000 0.005 0.000  0.161 0.000
305.291667 306.291667   12.80 0.000  1.62 0.000 0.041 0.000 9.99 0.259  0.584 0.000  0.832 0.000  1.165 0.000   8.649 0.000   1.582 0.000   7.066 0.000 0.027 0.000  0.365 0.000
308.291667 309.291667    3.24 0.000  1.01 0.000 0.030 0.000 9.99 0.259  0.281 0.000  0.864 0.000  1.209 0.000   6.305 0.000   1.172 0.000   5.133 0.000 0.020 0.000  0.509 0.000
311.291667 312.291667   27.87 0.000  0.92 0.000 9.999 0.259 0.15 0.000  1.335 0.000  0.885 0.000  1.239 0.000  16.530 0.000   3.733 0.000  12.797 0.000 0.036 0.000  0.655 0.000
314.291667 315.291667   31.16 0.000  0.60 0.000 9.999 0.259 0.08 0.000  0.019 0.000  0.418 0.000  0.586 0.000  15.951 0.000  13.963 0.000   1.989 0.000 0.020 0.000  0.105 0.000
317.291667 318.291667   13.00 0.000  0.17 0.000 0.075 0.000 9.99 0.259  0.032 0.000  0.375 0.000  0.525 0.000   6.944 0.000   5.330 0.000   1.614 0.000 0.010 0.000  0.107 0.000
320.291667 321.291667   16.90 0.000  0.49 0.000 9.999 0.259 9.99 0.259  0.049 0.000  0.316 0.000  0.442 0.000   3.640 0.000   2.446 0.000   1.193 0.000 0.012 0.000  0.119 0.000
323.291667 324.291667   10.65 0.000  0.19 0.000 9.999 0.259 9.99 0.259  0.041 0.000  0.315 0.000  0.441 0.000   4.672 0.000   3.216 0.000   1.456 0.000 0.011 0.000  0.078 0.000
326.291667 327.291667   10.67 0.000  0.39 0.000 9.999 0.259 0.10 0.000  0.110 0.000  0.838 0.000  1.173 0.000   6.001 0.000   2.395 0.000   3.606 0.000 0.029 0.000  0.261 0.000
329.291667 330.291667   23.06 0.000  0.36 0.000 0.039 0.000 9.99 0.259  0.143 0.000  0.333 0.000  0.466 0.000   4.516 0.000   2.283 0.000   2.233 0.000 0.017 0.000  0.108 0.000
332.291667 333.291667   22.55 0.000  0.66 0.000 9.999 0.259 9.99 0.259  0.009 0.000  0.199 0.000  0.278 0.000   8.200 0.000   6.677 0.000   1.523 0.000 0.017 0.000  0.092 0.000
335.291667 336.291667   56.94 0.000  0.76 0.000 9.999 0.259 0.09 0.000  0.161 0.000  0.627 0.000  0.877 0.000   9.927 0.000   6.327 0.000   3.600 0.000 0.038 0.000  0.121 0.000
338.291667 339.291667   16.84 0.000  0.36 0.000 9.999 0.259 0.08 0.000  0.045 0.000  0.271 0.000  0.379 0.000   5.081 0.000   3.740 0.000   1.341 0.000 0.018 0.000  0.056 0.000
341.291667 342.291667    8.36 0.000  0.53 0.000 9.999 0.259 9.99 0.259  0.187 0.000  0.415 0.000  0.581 0.000   3.896 0.000   1.051 0.000   2.845 0.000 0.009 0.000  0.165 0.000
344.291667 345.291667   13.07 0.000  1.71 0.000 9.999 0.259 9.99 0.259  1.352 0.000  1.075 0.000  1.505 0.000  14.532 0.000   1.135 0.000  13.397 0.000 0.016 0.000  0.826 0.000
347.291667 348.291667   12.07 0.000  0.31 0.000 9.999 0.259 9.99 0.259  0.085 0.000  0.350 0.000  0.490 0.000   2.820 0.000   1.560 0.000   1.260 0.000 0.014 0.000  0.075 0.000
350.291667 351.291667   16.35 0.000  0.21 0.000 9.999 0.259 9.99 0.259  0.012 0.000  0.201 0.000  0.281 0.000   5.547 0.000   4.465 0.000   1.082 0.000 0.011 0.000  0.050 0.000
353.291667 354.291667   23.41 0.000  0.87 0.000 0.025 0.000 9.99 0.259  0.220 0.000  0.583 0.000  0.816 0.000   4.827 0.000   2.625 0.000   2.203 0.000 0.015 0.000  0.064 0.000
356.291667 357.291667   15.48 0.000  0.24 0.000 9.999 0.259 9.99 0.259  0.053 0.000  0.376 0.000  0.526 0.000   2.759 0.000   1.506 0.000   1.252 0.000 0.010 0.000  0.079 0.000
359.291667 360.291667   28.57 0.000  0.63 0.000 9.999 0.259 0.12 0.000  0.699 0.000  0.782 0.000  1.094 0.000  11.560 0.000   3.659 0.000   7.901 0.000 0.026 0.000  0.464 0.000
362.291667 363.291667   17.85 0.000  0.33 0.000 9.999 0.259 9.99 0.259  0.074 0.000  0.300 0.000  0.421 0.000   3.896 0.000   2.622 0.000   1.274 0.000 0.013 0.000  0.097 0.000
