scripts/IMPROVE-2019_partial/data/US0028R.20030103050000.20191216000000.filterpack..pm25.1y.1w.US03L_filterpack_US0028.US03L_IMPROVE_Davis.lev2.nas
66 1001
MISSING INFORMATION
US03L, IMPROVE, , , , , , , 
MISSING INFORMATION
IMPROVE sel_HTAP
1 1
2003 01 01 2019 12 16
3.000000
days from file reference point
27
1 1 1 1 1 1 1 1 1 1 1 1 1 1 1 1 1 1 1 1 1 1 1 1 1 1 1
999.999999 99.999 9.999999 9999.99 9.999 99.99 9.999 9.999 9.999999 9.99 9.999 9.999 9.999999 99.999 9.999 99.999 9.999 999.999 9.999 999.999 9.999 999.999 9.999 9.999 9.999 99.999 9.999999
end_time of measurement, days from the file reference point
ammonium, ug N/m3, Revision date=20181210133000
numflag ammonium, no unit, Revision date=20181210133000
iron, ng/m3, Revision date=20181210133000
numflag iron, no unit, Revision date=20181210133000
lead, ng/m3, Revision date=20181210133000
numflag lead, no unit, Revision date=20181210133000
magnesium, ug/m3, Revision date=20181210133000
numflag magnesium, no unit, Revision date=20181210133000
nickel, ng/m3, Revision date=20181210133000
numflag nickel, no unit, Revision date=20181210133000
nitrate, ug N/m3, Revision date=20181210133000
numflag nitrate, no unit, Revision date=20181210133000
organic_carbon, ug C/m3, Revision date=20181210133000
numflag organic_carbon, no unit, Revision date=20181210133000
organic_mass, ug/m3, Revision date=20181210133000
numflag organic_mass, no unit, Revision date=20181210133000
pm10_mass, ug/m3, Version=2, Version description=Data extracted from http://views.cira.colostate.edu/fed/DataWizard 2019-12-16, Sample duration=1d, Orig. time res.=3d, Matrix=pm10, Blank correction=Blank corrected, Volume std. temperature=ambient, Volume std. pressure=ambient
numflag pm10_mass, no unit, Version=2, Version description=Data extracted from http://views.cira.colostate.edu/fed/DataWizard 2019-12-16, Sample duration=1d, Orig. time res.=3d, Matrix=pm10, Blank correction=Blank corrected, Volume std. temperature=ambient, Volume std. pressure=ambient
pm10_pm25_mass, ug/m3, Revision date=20181210133000, Matrix=pm10_pm25
numflag pm10_pm25_mass, no unit, Revision date=20181210133000, Matrix=pm10_pm25
pm25_mass, ug/m3, Version=2, Version description=Data extracted from http://views.cira.colostate.edu/fed/DataWizard 2019-12-16, Sample duration=1d, Orig. time res.=3d, Blank correction=Blank corrected, Volume std. temperature=ambient, Volume std. pressure=ambient
numflag pm25_mass, no unit, Version=2, Version description=Data extracted from http://views.cira.colostate.edu/fed/DataWizard 2019-12-16, Sample duration=1d, Orig. time res.=3d, Blank correction=Blank corrected, Volume std. temperature=ambient, Volume std. pressure=ambient
potassium, ug/m3, Revision date=20181210133000
numflag potassium, no unit, Revision date=20181210133000
sulphate_total, ug S/m3, Revision date=20181210133000
numflag sulphate_total, no unit, Revision date=20181210133000
0
25
Data definition:              EBAS_1.1
Set type code:                TU
Timezone:                     UTC
File name:                    US0028R.20030103050000.20191216000000.filterpack..pm25.1y.1w.US03L_filterpack_US0028.US03L_IMPROVE_Davis.lev2.nas
File creation:                20191218115721
Startdate:                    20030103050000
Revision date:                20191216000000
Statistics:                   arithmetic mean
Data level:                   2
Period code:                  1y
Resolution code:              1w
Station code:                 US0028R
Platform code:                US0028S
Station name:                 Cohutta
Station latitude:             34.7852
Station longitude:            -84.6265
Station altitude:             735.0 m
Regime:                       IMG
Component:                    
Matrix:                       pm25
Laboratory code:              US03L
Instrument type:              filterpack
Instrument name:              filterpack_US0028
Method ref:                   US03L_IMPROVE_Davis
starttime endtime NH4+ flag_NH4+ Fe flag_Fe Pb flag_Pb Mg++ flag_Mg++ Ni flag_Ni NO3- flag_NO3- OC flag_OC OM flag_OM PM10 flag_PM10 PM10-PM2.5 flag_PM10-PM2.5 PM2.5 flag_PM2.5 K+ flag_K+ SO4-- flag_SO4--
  2.208333   3.208333  0.603 0.559000   12.23 0.000  1.26 0.000 9.999 0.259000 9.99 0.259 0.133 0.559000  0.590 0.000  0.826 0.000   4.898 0.000   0.429 0.000   4.469 0.000 0.017 0.000  0.810 0.559000
  5.208333   6.208333  0.855 0.000000   12.16 0.000  1.86 0.000 9.999 0.259000 9.99 0.259 0.305 0.000000  1.170 0.000  1.637 0.000   6.944 0.000   1.334 0.000   5.610 0.000 0.027 0.000  0.838 0.000000
  8.208333   9.208333  0.908 0.000000   25.52 0.000  1.49 0.000 9.999 0.259000 0.14 0.000 0.351 0.000000  2.480 0.000  3.472 0.000  11.466 0.000   2.502 0.000   8.963 0.000 0.059 0.000  0.878 0.000000
 11.208333  12.208333  0.303 0.000000   15.80 0.000  1.79 0.000 9.999 0.259000 9.99 0.259 0.213 0.000000  0.810 0.000  1.133 0.000   4.174 0.000   1.293 0.000   2.881 0.000 0.032 0.000  0.230 0.000000
 14.208333  15.208333  0.452 0.000000   12.41 0.000  1.14 0.000 0.020 0.000000 0.12 0.000 0.366 0.000000  0.685 0.000  0.959 0.000   5.622 0.000   2.134 0.000   3.487 0.000 0.022 0.000  0.291 0.000000
 17.208333  18.208333  0.843 0.559000   19.43 0.000  1.48 0.000 9.999 0.259000 0.11 0.000 0.713 0.559000  1.251 0.000  1.752 0.000   9.567 0.000   2.869 0.000   6.699 0.000 0.035 0.000  0.408 0.559000
 20.208333  21.208333  0.812 0.000000   12.77 0.000  1.09 0.000 9.999 0.259000 0.21 0.000 0.258 0.000000  2.071 0.000  2.900 0.000   9.174 0.000   0.864 0.000   8.310 0.000 0.065 0.000  0.960 0.000000
 23.208333  24.208333  0.397 0.559000   14.62 0.000  0.70 0.000 9.999 0.259000 9.99 0.259 0.330 0.559000  0.837 0.000  1.172 0.000   4.654 0.000   0.773 0.000   3.882 0.000 0.032 0.000  0.312 0.559000
 26.208333  27.208333  0.631 0.000000   20.27 0.000  1.76 0.000 9.999 0.259000 0.16 0.000 0.281 0.000000  0.734 0.000  1.027 0.000   5.769 0.000   1.088 0.000   4.681 0.000 0.038 0.000  0.605 0.000000
 29.208333  30.208333  0.298 0.559000    6.20 0.000  0.81 0.000 0.021 0.000000 9.99 0.259 0.068 0.559000  0.932 0.000  1.305 0.000   2.836 0.000 999.999 0.259   2.911 0.000 0.021 0.000  0.379 0.559000
 32.208333  33.208333  0.669 0.000000   13.29 0.000  1.02 0.000 0.018 0.000000 9.99 0.259 0.155 0.000000  1.398 0.000  1.957 0.000   6.872 0.000   1.474 0.000   5.398 0.000 0.035 0.000  0.664 0.000000
 35.208333  36.208333  0.275 0.000000   11.54 0.000  0.83 0.000 9.999 0.259000 9.99 0.259 0.128 0.000000  0.393 0.000  0.550 0.000   2.522 0.000   0.650 0.000   1.872 0.000 0.016 0.000  0.228 0.000000
 38.208333  39.208333  1.017 0.000000   15.76 0.000  1.78 0.000 9.999 0.259000 9.99 0.259 0.624 0.000000  0.891 0.000  1.247 0.000   7.425 0.000   0.935 0.000   6.490 0.000 0.025 0.000  0.636 0.000000
 41.208333  42.208333  0.846 0.559000    8.46 0.000  0.65 0.000 9.999 0.259000 0.14 0.000 0.259 0.559000  1.135 0.000  1.588 0.000   6.246 0.000   0.485 0.000   5.761 0.000 0.024 0.000  0.839 0.559000
 44.208333  45.208333  0.714 0.000000   17.15 0.000  1.81 0.000 0.019 0.000000 9.99 0.259 0.496 0.000000  3.373 0.000  4.723 0.000   9.795 0.000   1.023 0.000   8.772 0.000 0.052 0.000  0.473 0.000000
 47.208333  48.208333  0.184 0.000000    1.80 0.000  0.35 0.000 0.042 0.000000 9.99 0.259 0.104 0.000000  0.457 0.000  0.640 0.000   2.218 0.000   0.969 0.000   1.249 0.000 0.008 0.000  0.176 0.000000
 50.208333  51.208333  1.611 0.000000   36.96 0.000  3.39 0.000 9.999 0.259000 9.99 0.259 0.372 0.000000  2.701 0.000  3.782 0.000  14.834 0.000   2.158 0.000  12.676 0.000 0.071 0.000  1.624 0.000000
 53.208333  54.208333  0.979 0.000000    7.69 0.000  0.89 0.000 9.999 0.259000 9.99 0.259 0.233 0.000000  0.541 0.000  0.757 0.000   5.272 0.000   0.155 0.000   5.117 0.000 0.011 0.000  0.973 0.000000
 56.208333  57.208333  0.851 0.000000   13.25 0.000  1.45 0.000 9.999 0.259000 0.40 0.000 0.386 0.000000  2.108 0.000  2.951 0.000   7.890 0.000   0.703 0.000   7.187 0.000 0.034 0.000  0.757 0.000000
 59.208333  60.208333  0.689 0.000000    9.68 0.000  1.12 0.000 0.028 0.000000 0.24 0.000 0.422 0.000000  0.925 0.000  1.295 0.000   5.172 0.000   0.945 0.000   4.227 0.000 0.023 0.000  0.597 0.000000
 62.208333  63.208333  1.111 0.000000   24.27 0.000  1.30 0.000 9.999 0.259000 9.99 0.259 0.364 0.000000  1.682 0.000  2.355 0.000   9.149 0.000   0.865 0.000   8.284 0.000 0.036 0.000  1.122 0.000000
 65.208333  66.208333  0.999 0.000000   20.57 0.000  1.05 0.000 9.999 0.259000 0.12 0.000 0.225 0.000000  1.138 0.000  1.593 0.000   8.319 0.000   1.132 0.000   7.187 0.000 0.022 0.000  1.087 0.000000
 68.208333  69.208333  0.604 0.000000   19.16 0.000  1.22 0.000 0.021 0.000000 9.99 0.259 0.152 0.000000  1.196 0.000  1.675 0.000   6.872 0.000   1.444 0.000   5.428 0.000 0.026 0.000  0.663 0.000000
 71.208333  72.208333  1.466 0.000000   33.91 0.000  1.99 0.000 9.999 0.259000 0.29 0.000 0.175 0.000000  3.743 0.000  5.241 0.000  17.651 0.000   2.446 0.000  15.204 0.000 0.085 0.000  1.760 0.000000
 74.208333  75.208333  0.773 0.000000    8.10 0.000  1.67 0.000 0.029 0.000000 0.19 0.000 0.292 0.000000  2.625 0.000  3.676 0.000   7.957 0.000   0.676 0.000   7.281 0.000 0.035 0.000  0.783 0.000000
 77.208333  78.208333  0.420 0.000000    6.78 0.000  0.38 0.000 9.999 0.259000 0.28 0.000 0.083 0.000000  0.597 0.000  0.835 0.000   4.534 0.000   0.713 0.000   3.821 0.000 0.014 0.000  0.620 0.000000
 80.208333  81.208333  1.352 0.000000   16.68 0.000  1.73 0.000 9.999 0.259000 9.99 0.259 0.094 0.000000  1.174 0.000  1.643 0.000  11.285 0.000   1.394 0.000   9.891 0.000 0.025 0.000  1.852 0.000000
 83.208333  84.208333  1.173 0.000000   42.30 0.000  1.86 0.000 9.999 0.259000 9.99 0.259 0.161 0.000000  3.830 0.000  5.363 0.000  16.118 0.000   2.972 0.000  13.146 0.000 0.067 0.000  1.339 0.000000
 86.208333  87.208333  1.120 0.000000 9999.99 0.999 99.99 0.999 9.999 0.999000 9.99 0.999 0.220 0.000000  2.089 0.000  2.925 0.000  13.202 0.000 999.999 0.999 999.999 0.999 9.999 0.999  1.382 0.000000
 89.208333  90.208333  0.768 0.000000 9999.99 0.999 99.99 0.999 9.999 0.999000 9.99 0.999 0.268 0.000000  0.806 0.000  1.128 0.000   6.213 0.000 999.999 0.999 999.999 0.999 9.999 0.999  0.764 0.000000
 92.208333  93.208333  1.285 0.000000 9999.99 0.999 99.99 0.999 9.999 0.999000 9.99 0.999 0.105 0.000000  2.713 0.000  3.798 0.000  16.001 0.000 999.999 0.999 999.999 0.999 9.999 0.999  1.585 0.000000
 95.208333  96.208333  0.895 0.000000 9999.99 0.999 99.99 0.999 9.999 0.999000 9.99 0.999 0.088 0.000000  1.608 0.000  2.251 0.000  10.344 0.000 999.999 0.999 999.999 0.999 9.999 0.999  1.025 0.000000
 98.208333  99.208333 99.999 0.999000 9999.99 0.999 99.99 0.999 9.999 0.999000 9.99 0.999 9.999 0.999000 99.999 0.999 99.999 0.999 999.999 0.999 999.999 0.999 999.999 0.999 9.999 0.999 99.999 0.999000
101.208333 102.208333 99.999 0.999000 9999.99 0.999 99.99 0.999 9.999 0.999000 9.99 0.999 9.999 0.999000 99.999 0.999 99.999 0.999 999.999 0.999 999.999 0.999 999.999 0.999 9.999 0.999 99.999 0.999000
104.208333 105.208333 99.999 0.999000 9999.99 0.999 99.99 0.999 9.999 0.999000 9.99 0.999 9.999 0.999000 99.999 0.999 99.999 0.999 999.999 0.999 999.999 0.999 999.999 0.999 9.999 0.999 99.999 0.999000
107.208333 108.208333 99.999 0.999000 9999.99 0.999 99.99 0.999 9.999 0.999000 9.99 0.999 9.999 0.999000 99.999 0.999 99.999 0.999 999.999 0.999 999.999 0.999 999.999 0.999 9.999 0.999 99.999 0.999000
110.208333 111.208333 99.999 0.999000 9999.99 0.999 99.99 0.999 9.999 0.999000 9.99 0.999 9.999 0.999000 99.999 0.999 99.999 0.999 999.999 0.999 999.999 0.999 999.999 0.999 9.999 0.999 99.999 0.999000
113.208333 114.208333  0.937 0.000000 9999.99 0.999 99.99 0.999 9.999 0.999000 9.99 0.999 0.178 0.000000  2.216 0.000  3.102 0.000  13.672 0.000 999.999 0.999 999.999 0.999 9.999 0.999  1.050 0.000000
116.208333 117.208333  2.017 0.000000 9999.99 0.999 99.99 0.999 9.999 0.999000 9.99 0.999 0.032 0.000000  1.608 0.000  2.251 0.000  18.890 0.000 999.999 0.999 999.999 0.999 9.999 0.999  3.381 0.000000
119.208333 120.208333  2.072 0.000000   55.93 0.000  1.67 0.000 9.999 0.259000 0.12 0.000 0.075 0.000000  3.092 0.000  4.328 0.000  21.805 0.000   2.929 0.000  18.875 0.000 0.063 0.000  2.806 0.000000
122.208333 123.208333  1.227 0.000000   37.14 0.000  1.49 0.000 9.999 0.259000 0.12 0.000 0.089 0.000000  1.887 0.000  2.642 0.000  13.780 0.000   2.924 0.000  10.856 0.000 0.041 0.000  1.596 0.000000
125.208333 126.208333  0.086 0.000000   29.79 0.000  0.69 0.000 9.999 0.259000 0.09 0.000 0.063 0.000000  0.851 0.000  1.192 0.000   6.374 0.000   3.122 0.000   3.252 0.000 0.038 0.000  0.266 0.000000
128.208333 129.208333  1.061 0.000000   45.29 0.000  0.93 0.000 9.999 0.259000 0.51 0.000 0.120 0.000000  2.091 0.000  2.927 0.000  18.694 0.000   4.536 0.000  14.158 0.000 0.087 0.000  2.257 0.000000
131.208333 132.208333  0.248 0.000000   18.74 0.000  1.12 0.000 9.999 0.259000 0.10 0.000 0.025 0.000000  1.220 0.000  1.708 0.000   7.155 0.000   2.725 0.000   4.430 0.000 0.022 0.000  0.318 0.000000
134.208333 135.208333 99.999 0.999000   27.82 0.000  1.18 0.000 9.999 0.259000 0.34 0.000 9.999 0.999000  2.009 0.000  2.812 0.000  13.385 0.000   1.013 0.000  12.373 0.000 0.052 0.000 99.999 0.999000
137.208333 138.208333 99.999 0.999000    4.37 0.000  0.38 0.000 0.024 0.000000 9.99 0.259 9.999 0.999000  0.851 0.000  1.192 0.000   4.196 0.000   0.951 0.000   3.245 0.000 0.013 0.000 99.999 0.999000
140.208333 141.208333  0.222 0.000000    9.84 0.000  0.34 0.000 9.999 0.259000 9.99 0.259 0.102 0.000000  0.969 0.000  1.356 0.000   6.149 0.000   1.752 0.000   4.397 0.000 0.017 0.000  0.480 0.000000
143.208333 144.208333  2.291 0.000000   44.62 0.000  5.28 0.000 9.999 0.259000 0.13 0.000 0.049 0.000000  2.012 0.000  2.816 0.000  22.651 0.000   2.001 0.000  20.651 0.000 0.035 0.000  4.024 0.000000
146.208333 147.208333  1.728 0.000000   23.64 0.000  2.06 0.000 9.999 0.259000 0.28 0.000 0.034 0.000000  1.824 0.000  2.553 0.000  19.006 0.000   2.601 0.000  16.405 0.000 0.031 0.000  2.966 0.000000
149.208333 150.208333  1.043 0.000000   33.59 0.000  1.02 0.000 9.999 0.259000 9.99 0.259 0.056 0.000000  2.281 0.000  3.194 0.000  14.359 0.000   3.464 0.000  10.895 0.000 0.029 0.000  1.331 0.000000
152.208333 153.208333  0.772 0.000000   36.65 0.000  1.48 0.000 9.999 0.259000 0.18 0.000 0.054 0.000000  3.832 0.000  5.364 0.000  15.052 0.000   2.638 0.000  12.414 0.000 0.054 0.000  0.929 0.000000
155.208333 156.208333  1.591 0.000000   33.44 0.000  2.11 0.000 9.999 0.259000 0.24 0.000 0.029 0.000000  2.539 0.000  3.555 0.000  16.145 0.000   1.775 0.000  14.370 0.000 0.045 0.000  2.226 0.000000
158.208333 159.208333  0.757 0.000000   17.64 0.000  1.38 0.000 0.038 0.000000 0.11 0.000 0.029 0.000000  1.435 0.000  2.008 0.000   9.377 0.000   1.711 0.000   7.666 0.000 0.028 0.000  1.165 0.000000
161.208333 162.208333  1.239 0.000000   45.48 0.000  1.14 0.000 9.999 0.259000 0.16 0.000 0.080 0.000000  3.137 0.000  4.392 0.000  19.177 0.000   2.942 0.000  16.234 0.000 0.063 0.000  2.154 0.000000
164.208333 165.208333  0.594 0.000000   42.96 0.000 99.99 0.259 9.999 0.259000 0.13 0.000 0.053 0.000000  1.469 0.000  2.057 0.000  10.258 0.000   1.973 0.000   8.285 0.000 0.039 0.000  1.233 0.000000
167.208333 168.208333  0.578 0.000000   32.40 0.000 99.99 0.259 9.999 0.259000 0.16 0.000 0.034 0.000000  1.385 0.000  1.939 0.000  10.238 0.000   2.356 0.000   7.882 0.000 0.029 0.000  1.205 0.000000
170.208333 171.208333  1.592 0.000000   30.81 0.000  2.60 0.000 0.077 0.000000 0.14 0.000 0.056 0.000000  2.139 0.000  2.994 0.000  18.020 0.000   2.918 0.000  15.102 0.000 0.041 0.000  2.605 0.000000
173.208333 174.208333  1.031 0.000000   22.63 0.000  1.71 0.000 9.999 0.259000 0.10 0.000 0.029 0.000000  3.528 0.000  4.939 0.000  14.911 0.000   2.205 0.000  12.706 0.000 0.028 0.000  1.353 0.000000
176.208333 177.208333  3.953 0.000000   43.31 0.000  1.20 0.000 9.999 0.259000 0.15 0.000 0.030 0.000000  5.943 0.000  8.320 0.000  40.437 0.000   4.369 0.000  36.068 0.000 0.069 0.000  5.743 0.000000
179.208333 180.208333  1.717 0.000000   39.56 0.000  1.06 0.000 9.999 0.259000 0.22 0.000 0.077 0.000000  3.182 0.000  4.454 0.000  18.663 0.000   1.966 0.000  16.697 0.000 0.056 0.000  2.401 0.000000
182.208333 183.208333  0.046 0.000000   34.07 0.000  0.24 0.000 9.999 0.259000 0.07 0.000 0.019 0.000000  0.356 0.000  0.499 0.000   3.490 0.000   1.519 0.000   1.971 0.000 0.019 0.000  0.148 0.000000
185.208333 186.208333  0.713 0.000000   61.75 0.000  1.02 0.000 9.999 0.259000 0.07 0.000 0.053 0.000000  1.349 0.000  1.889 0.000  12.297 0.000   2.078 0.000  10.220 0.000 0.110 0.000  1.636 0.000000
188.208333 189.208333  0.552 0.000000  697.42 0.000  1.90 0.000 9.999 0.259000 0.30 0.000 0.141 0.000000  1.800 0.000  2.520 0.000  42.467 0.000  20.348 0.000  22.118 0.000 0.242 0.000  1.337 0.000000
191.208333 192.208333 99.999 0.999000 9999.99 0.999 99.99 0.999 9.999 0.999000 9.99 0.999 9.999 0.999000 99.999 0.999 99.999 0.999 999.999 0.999 999.999 0.999 999.999 0.999 9.999 0.999 99.999 0.999000
194.208333 195.208333 99.999 0.999000 9999.99 0.999 99.99 0.999 9.999 0.999000 9.99 0.999 9.999 0.999000 99.999 0.999 99.999 0.999 999.999 0.999 999.999 0.999 999.999 0.999 9.999 0.999 99.999 0.999000
197.208333 198.208333  1.660 0.559000   53.78 0.000  1.09 0.000 9.999 0.259000 0.10 0.000 0.060 0.559000  2.460 0.000  3.443 0.000  22.135 0.000   3.739 0.000  18.397 0.000 0.049 0.000  2.828 0.559000
200.208333 201.208333  2.321 0.000000   38.51 0.000  1.36 0.000 0.186 0.000000 9.99 0.259 0.031 0.000000  3.423 0.000  4.792 0.000  25.969 0.000   3.025 0.000  22.944 0.000 0.046 0.000  3.616 0.000000
203.208333 204.208333  0.945 0.000000   24.04 0.000  1.00 0.000 9.999 0.259000 0.04 0.000 0.049 0.000000  1.634 0.000  2.287 0.000  14.576 0.000   3.855 0.000  10.721 0.000 0.033 0.000  1.613 0.000000
206.208333 207.208333  0.650 0.559000  190.44 0.000  0.86 0.000 9.999 0.259000 0.14 0.000 0.071 0.559000  1.733 0.000  2.426 0.000  16.927 0.000   4.858 0.000  12.069 0.000 0.079 0.000  1.188 0.559000
209.208333 210.208333  0.355 0.559000  149.29 0.000  0.39 0.000 9.999 0.259000 9.99 0.259 0.048 0.559000  1.405 0.000  1.967 0.000  12.300 0.000   3.822 0.000   8.478 0.000 0.070 0.000  0.786 0.559000
212.208333 213.208333  1.038 0.559000   76.35 0.000  0.65 0.000 9.999 0.259000 0.05 0.000 0.047 0.559000  1.823 0.000  2.552 0.000  15.300 0.000   2.290 0.000  13.009 0.000 0.051 0.000  1.920 0.559000
215.208333 216.208333  0.738 0.000000   86.69 0.000  0.31 0.000 9.999 0.259000 9.99 0.259 0.035 0.000000  1.602 0.000  2.243 0.000  13.637 0.000   2.977 0.000  10.660 0.000 0.052 0.000  1.376 0.000000
218.208333 219.208333  1.374 0.000000   27.93 0.000  1.19 0.000 0.097 0.000000 0.15 0.000 0.073 0.000000  1.664 0.000  2.330 0.000  18.423 0.000   2.515 0.000  15.908 0.000 0.034 0.000  2.875 0.000000
221.208333 222.208333  1.701 0.000000   17.75 0.000  1.50 0.000 9.999 0.259000 9.99 0.259 0.026 0.000000  2.542 0.000  3.559 0.000  26.439 0.000   1.599 0.000  24.841 0.000 0.035 0.000  4.273 0.000000
224.208333 225.208333  1.003 0.559000   26.44 0.000  0.42 0.000 9.999 0.259000 0.26 0.000 0.072 0.559000  1.401 0.000  1.962 0.000  12.594 0.000   1.845 0.000  10.749 0.000 0.027 0.000  1.691 0.559000
227.208333 228.208333  1.900 0.559000   34.27 0.000  1.22 0.000 0.103 0.000000 0.09 0.000 0.032 0.559000  2.370 0.000  3.318 0.000  24.431 0.000   1.923 0.000  22.509 0.000 0.055 0.000  4.036 0.559000
230.208333 231.208333  2.956 0.000000   33.34 0.000  1.98 0.000 9.999 0.259000 9.99 0.259 0.057 0.000000  3.321 0.000  4.649 0.000  27.743 0.000   3.243 0.000  24.500 0.000 0.046 0.000  4.013 0.000000
233.208333 234.208333  2.862 0.000000   41.20 0.000  0.84 0.000 0.364 0.000000 0.43 0.000 0.056 0.000000  3.463 0.000  4.848 0.000  33.818 0.000   3.329 0.000  30.488 0.000 0.038 0.000  5.784 0.000000
236.208333 237.208333  3.208 0.000000   31.70 0.000  1.39 0.000 9.999 0.259000 0.28 0.000 0.048 0.000000  4.325 0.000  6.055 0.000  31.865 0.000   3.261 0.000  28.604 0.000 0.058 0.000  4.652 0.000000
