scripts/IMPROVE-2019_partial/data/US0022R.20010101080000.20191216000000.filterpack..pm25.52w.1w.US03L_filterpack_US0022.US03L_IMPROVE_Davis.lev2.nas
64 1001
MISSING INFORMATION
US03L, IMPROVE, , , , , , , 
MISSING INFORMATION
IMPROVE sel_HTAP
1 1
2001 01 01 2019 12 16
3.000000
days from file reference point
25
1 1 1 1 1 1 1 1 1 1 1 1 1 1 1 1 1 1 1 1 1 1 1 1 1
999.999999 9999.99 9.999 99.99 9.999999 9.999 9.999999 9.99 9.999999 99.999 9.999 99.999 9.999 99.999 9.999 999.999 9.999 999.999 9.999 999.999 9.999 9.999 9.999 9.999 9.999
end_time of measurement, days from the file reference point
iron, ng/m3, Revision date=20181210133000
numflag iron, no unit, Revision date=20181210133000
lead, ng/m3, Revision date=20181210133000
numflag lead, no unit, Revision date=20181210133000
magnesium, ug/m3, Revision date=20181210133000
numflag magnesium, no unit, Revision date=20181210133000
nickel, ng/m3, Revision date=20181210133000
numflag nickel, no unit, Revision date=20181210133000
nitrate, ug N/m3, Revision date=20181210133000
numflag nitrate, no unit, Revision date=20181210133000
organic_carbon, ug C/m3, Revision date=20181210133000
numflag organic_carbon, no unit, Revision date=20181210133000
organic_mass, ug/m3, Revision date=20181210133000
numflag organic_mass, no unit, Revision date=20181210133000
pm10_mass, ug/m3, Version=2, Version description=Data extracted from http://views.cira.colostate.edu/fed/DataWizard 2019-12-16, Sample duration=1d, Orig. time res.=3d, Matrix=pm10, Blank correction=Blank corrected, Volume std. temperature=ambient, Volume std. pressure=ambient
numflag pm10_mass, no unit, Version=2, Version description=Data extracted from http://views.cira.colostate.edu/fed/DataWizard 2019-12-16, Sample duration=1d, Orig. time res.=3d, Matrix=pm10, Blank correction=Blank corrected, Volume std. temperature=ambient, Volume std. pressure=ambient
pm10_pm25_mass, ug/m3, Revision date=20181210133000, Matrix=pm10_pm25
numflag pm10_pm25_mass, no unit, Revision date=20181210133000, Matrix=pm10_pm25
pm25_mass, ug/m3, Version=2, Version description=Data extracted from http://views.cira.colostate.edu/fed/DataWizard 2019-12-16, Sample duration=1d, Orig. time res.=3d, Blank correction=Blank corrected, Volume std. temperature=ambient, Volume std. pressure=ambient
numflag pm25_mass, no unit, Version=2, Version description=Data extracted from http://views.cira.colostate.edu/fed/DataWizard 2019-12-16, Sample duration=1d, Orig. time res.=3d, Blank correction=Blank corrected, Volume std. temperature=ambient, Volume std. pressure=ambient
potassium, ug/m3, Revision date=20181210133000
numflag potassium, no unit, Revision date=20181210133000
sulphate_total, ug S/m3, Revision date=20181210133000
numflag sulphate_total, no unit, Revision date=20181210133000
0
25
Data definition:              EBAS_1.1
Set type code:                TU
Timezone:                     UTC
File name:                    US0022R.20010101080000.20191216000000.filterpack..pm25.52w.1w.US03L_filterpack_US0022.US03L_IMPROVE_Davis.lev2.nas
File creation:                20191218115650
Startdate:                    20010101080000
Revision date:                20191216000000
Statistics:                   arithmetic mean
Data level:                   2
Period code:                  52w
Resolution code:              1w
Station code:                 US0022R
Platform code:                US0022S
Station name:                 Dome Lands Wilderness
Station latitude:             35.7278
Station longitude:            -118.1377
Station altitude:             927.0 m
Regime:                       IMG
Component:                    
Matrix:                       pm25
Laboratory code:              US03L
Instrument type:              filterpack
Instrument name:              filterpack_US0022
Method ref:                   US03L_IMPROVE_Davis
starttime endtime Fe flag_Fe Pb flag_Pb Mg++ flag_Mg++ Ni flag_Ni NO3- flag_NO3- OC flag_OC OM flag_OM PM10 flag_PM10 PM10-PM2.5 flag_PM10-PM2.5 PM2.5 flag_PM2.5 K+ flag_K+ SO4-- flag_SO4--
[from data line 87]
261.333333 262.333333 9999.99 0.999 99.99 0.999000 9.999 0.999000 9.99 0.999000 99.999 0.999 99.999 0.999 99.999 0.999 999.999 0.999 999.999 0.999 999.999 0.999 9.999 0.999 9.999 0.999
264.333333 265.333333 9999.99 0.999 99.99 0.999000 9.999 0.999000 9.99 0.999000 99.999 0.999 99.999 0.999 99.999 0.999 999.999 0.999 999.999 0.999 999.999 0.999 9.999 0.999 9.999 0.999
267.333333 268.333333 9999.99 0.999 99.99 0.999000 9.999 0.999000 9.99 0.999000 99.999 0.999 99.999 0.999 99.999 0.999 999.999 0.999 999.999 0.999 999.999 0.999 9.999 0.999 9.999 0.999
270.333333 271.333333  100.84 0.000  1.03 0.000000 9.999 0.259000 9.99 0.259000  0.433 0.559  1.875 0.000  2.625 0.000  30.572 0.000  22.644 0.000   7.928 0.000 0.111 0.000 0.416 0.559
273.333333 274.333333   63.57 0.000  4.26 0.000000 9.999 0.259000 0.05 0.000000  0.048 0.000  1.001 0.000  1.401 0.000  16.971 0.000  11.152 0.000   5.818 0.000 0.058 0.000 0.514 0.000
276.333333 277.333333  151.21 0.000  0.91 0.000000 9.999 0.259000 9.99 0.259000  0.216 0.000  1.756 0.000  2.458 0.000  32.312 0.000  23.170 0.000   9.143 0.000 0.087 0.000 0.630 0.000
279.333333 280.333333   70.18 0.559  1.00 0.559000 9.999 0.559259 0.13 0.559000  0.389 0.559  1.775 0.000  2.485 0.000  22.672 0.000  14.704 0.000   7.968 0.559 0.067 0.559 0.599 0.559
282.333333 283.333333 9999.99 0.999 99.99 0.999000 9.999 0.999000 9.99 0.999000 99.999 0.999 99.999 0.999 99.999 0.999 999.999 0.999 999.999 0.999 999.999 0.999 9.999 0.999 9.999 0.999
285.333333 286.333333   95.61 0.559  0.49 0.559000 9.999 0.559259 9.99 0.559259  0.060 0.000  0.617 0.000  0.864 0.000  16.748 0.000  12.922 0.000   3.827 0.559 0.074 0.559 0.115 0.000
288.333333 289.333333   45.75 0.000  0.74 0.000000 9.999 0.259000 9.99 0.259000  0.035 0.559  0.330 0.000  0.462 0.000   9.384 0.000   7.190 0.000   2.194 0.000 0.046 0.000 0.090 0.559
291.333333 292.333333   85.53 0.000  0.69 0.000000 9.999 0.259000 9.99 0.259000  0.089 0.559  0.854 0.000  1.196 0.000  18.614 0.000  13.840 0.000   4.774 0.000 0.058 0.000 0.215 0.559
294.333333 295.333333  117.96 0.000  1.77 0.000000 9.999 0.259000 0.11 0.000000  1.644 0.000  2.304 0.000  3.226 0.000  31.681 0.000  19.992 0.000  11.690 0.000 0.108 0.000 0.558 0.000
297.333333 298.333333   80.85 0.559  0.64 0.559000 9.999 0.559259 9.99 0.559259  0.050 0.000  0.464 0.000  0.650 0.000  12.327 0.000   9.094 0.000   3.233 0.559 0.059 0.559 0.126 0.000
300.333333 301.333333   71.09 0.000  1.01 0.000000 9.999 0.259000 0.20 0.000000  0.160 0.000  1.097 0.000  1.535 0.000  19.263 0.000  11.458 0.000   7.805 0.000 0.043 0.000 0.914 0.000
303.333333 304.333333    5.01 0.559  0.44 0.559000 9.999 0.559259 9.99 0.559259  0.129 0.000  0.603 0.000  0.844 0.000   6.473 0.000   4.673 0.000   1.799 0.559 0.015 0.559 0.132 0.000
306.333333 307.333333   16.15 0.559  0.75 0.559000 9.999 0.559259 9.99 0.559259  0.024 0.000  0.418 0.000  0.586 0.000   9.816 0.000   7.905 0.000   1.912 0.559 0.017 0.559 0.159 0.000
309.333333 310.333333   17.99 0.559  0.88 0.559000 9.999 0.559259 9.99 0.559259  0.090 0.559  0.724 0.000  1.014 0.000 999.999 0.456 999.999 0.999   3.462 0.559 0.021 0.559 0.298 0.559
312.333333 313.333333   14.42 0.559  2.81 0.559000 9.999 0.559259 9.99 0.559259  0.017 0.559  0.322 0.000  0.451 0.000   4.561 0.000   2.652 0.000   1.909 0.559 0.018 0.559 0.183 0.559
315.333333 316.333333    7.46 0.559  0.31 0.559000 9.999 0.559259 9.99 0.559259  0.040 0.559  0.653 0.000  0.914 0.000   3.927 0.000   2.099 0.000   1.828 0.559 0.011 0.559 0.152 0.559
318.333333 319.333333    5.62 0.559  0.22 0.559000 0.014 0.559000 9.99 0.559259  0.024 0.000  0.614 0.000  0.859 0.000   2.424 0.000   0.944 0.000   1.480 0.559 0.010 0.559 0.052 0.000
321.333333 322.333333   10.09 0.559  0.54 0.559000 9.999 0.559259 9.99 0.559259  0.094 0.000  0.607 0.000  0.850 0.000   3.452 0.000   1.304 0.000   2.147 0.559 0.019 0.559 0.147 0.000
324.333333 325.333333   22.00 0.559  0.64 0.559000 9.999 0.559259 9.99 0.559259  0.078 0.000  0.530 0.000  0.741 0.000   8.506 0.000   6.266 0.000   2.240 0.559 0.015 0.559 0.150 0.000
327.333333 328.333333    6.07 0.000  0.26 0.000000 9.999 0.259000 9.99 0.259000  0.070 0.000  0.369 0.000  0.517 0.000   3.968 0.000   2.239 0.000   1.729 0.000 0.018 0.000 0.129 0.000
330.333333 331.333333    4.44 0.000  0.22 0.000000 0.016 0.000000 9.99 0.259000  0.130 0.000  0.510 0.000  0.714 0.000   3.077 0.000   1.064 0.000   2.013 0.000 0.017 0.000 0.094 0.000
333.333333 334.333333 9999.99 0.999 99.99 0.999000 9.999 0.999000 9.99 0.999000 99.999 0.999 99.999 0.999 99.999 0.999 999.999 0.999 999.999 0.999 999.999 0.999 9.999 0.999 9.999 0.999
336.333333 337.333333    0.89 0.559 99.99 0.559259 9.999 0.559259 9.99 0.559259  0.036 0.000  0.363 0.000  0.508 0.000   1.943 0.000   1.006 0.000   0.937 0.559 0.007 0.559 0.032 0.000
339.333333 340.333333 9999.99 0.999 99.99 0.999000 9.999 0.999000 9.99 0.999000 99.999 0.999 99.999 0.999 99.999 0.999 999.999 0.999 999.999 0.999 999.999 0.999 9.999 0.999 9.999 0.999
342.333333 343.333333 9999.99 0.999 99.99 0.999000 9.999 0.999000 9.99 0.999000 99.999 0.999 99.999 0.999 99.999 0.999 999.999 0.999 999.999 0.999 999.999 0.999 9.999 0.999 9.999 0.999
345.333333 346.333333    5.40 0.000  0.54 0.000000 9.999 0.259000 9.99 0.259000  0.551 0.000  1.054 0.000  1.475 0.000   6.113 0.000   0.854 0.000   5.259 0.000 0.028 0.000 0.162 0.000
348.333333 349.333333    2.57 0.559 99.99 0.559259 9.999 0.559259 9.99 0.559259  0.158 0.559  0.481 0.000  0.674 0.000   2.578 0.000   0.891 0.000   1.687 0.559 0.018 0.559 0.053 0.559
351.333333 352.333333    4.06 0.559 99.99 0.559259 9.999 0.559259 9.99 0.559259  0.011 0.000  0.253 0.000  0.354 0.000   1.364 0.000   0.216 0.000   1.148 0.559 0.007 0.559 0.025 0.000
354.333333 355.333333    0.76 0.559  0.19 0.559000 9.999 0.559259 9.99 0.559259  0.026 0.559  0.222 0.000  0.311 0.000   0.992 0.000   0.361 0.000   0.631 0.559 0.007 0.559 0.021 0.559
357.333333 358.333333    3.93 0.559  0.30 0.559000 9.999 0.559259 9.99 0.559259  0.049 0.559  0.349 0.000  0.488 0.000   2.397 0.000   1.282 0.000   1.116 0.559 0.007 0.559 0.044 0.559
360.333333 361.333333 9999.99 0.999 99.99 0.999000 9.999 0.999000 9.99 0.999000 99.999 0.999 99.999 0.999 99.999 0.999 999.999 0.999 999.999 0.999 999.999 0.999 9.999 0.999 9.999 0.999
363.333333 364.333333    1.04 0.559 99.99 0.559259 9.999 0.559259 9.99 0.559259  0.029 0.559  1.147 0.000  1.605 0.000   2.769 0.000   0.753 0.000   2.016 0.559 0.008 0.559 0.019 0.559
