scripts/IMPROVE-2019_partial/data/US0089R.20060102070000.20191216000000.filterpack..pm25.52w.1w.US03L_filterpack_US0089.US03L_IMPROVE_Davis.lev2.nas
66 1001
MISSING INFORMATION
US03L, IMPROVE, , , , , , , 
MISSING INFORMATION
IMPROVE sel_HTAP
1 1
2006 01 01 2019 12 16
3.000000
days from file reference point
27
1 1 1 1 1 1 1 1 1 1 1 1 1 1 1 1 1 1 1 1 1 1 1 1 1 1 1
999.999999 9999.99 9.999 99.99 9.999 9.999 9.999999 9.99 9.999999 9.999 9.999 99.999 9.999 99.999 9.999 999.99 9.999999 999.999 9.999 99.999 9.999 999.999 9.999 9.999 9.999 9.999 9.999
end_time of measurement, days from the file reference point
iron, ng/m3, Revision date=20181210133000
numflag iron, no unit, Revision date=20181210133000
lead, ng/m3, Revision date=20181210133000
numflag lead, no unit, Revision date=20181210133000
magnesium, ug/m3, Revision date=20181210133000
numflag magnesium, no unit, Revision date=20181210133000
nickel, ng/m3, Revision date=20181210133000
numflag nickel, no unit, Revision date=20181210133000
nitrate, ug N/m3, Revision date=20181210133000
numflag nitrate, no unit, Revision date=20181210133000
organic_carbon, ug C/m3, Revision date=20181210133000
numflag organic_carbon, no unit, Revision date=20181210133000
organic_mass, ug/m3, Revision date=20181210133000
numflag organic_mass, no unit, Revision date=20181210133000
phosphorus, ng/m3, Revision date=20181210133000
numflag phosphorus, no unit, Revision date=20181210133000
pm10_mass, ug/m3, Version=2, Version description=Data extracted from http://views.cira.colostate.edu/fed/DataWizard 2019-12-16, Sample duration=1d, Orig. time res.=3d, Matrix=pm10, Blank correction=Blank corrected, Volume std. temperature=ambient, Volume std. pressure=ambient
numflag pm10_mass, no unit, Version=2, Version description=Data extracted from http://views.cira.colostate.edu/fed/DataWizard 2019-12-16, Sample duration=1d, Orig. time res.=3d, Matrix=pm10, Blank correction=Blank corrected, Volume std. temperature=ambient, Volume std. pressure=ambient
pm10_pm25_mass, ug/m3, Revision date=20181210133000, Matrix=pm10_pm25
numflag pm10_pm25_mass, no unit, Revision date=20181210133000, Matrix=pm10_pm25
pm25_mass, ug/m3, Version=2, Version description=Data extracted from http://views.cira.colostate.edu/fed/DataWizard 2019-12-16, Sample duration=1d, Orig. time res.=3d, Blank correction=Blank corrected, Volume std. temperature=ambient, Volume std. pressure=ambient
numflag pm25_mass, no unit, Version=2, Version description=Data extracted from http://views.cira.colostate.edu/fed/DataWizard 2019-12-16, Sample duration=1d, Orig. time res.=3d, Blank correction=Blank corrected, Volume std. temperature=ambient, Volume std. pressure=ambient
potassium, ug/m3, Revision date=20181210133000
numflag potassium, no unit, Revision date=20181210133000
sulphate_total, ug S/m3, Revision date=20181210133000
numflag sulphate_total, no unit, Revision date=20181210133000
0
25
Data definition:              EBAS_1.1
Set type code:                TU
Timezone:                     UTC
File name:                    US0089R.20060102070000.20191216000000.filterpack..pm25.52w.1w.US03L_filterpack_US0089.US03L_IMPROVE_Davis.lev2.nas
File creation:                20191218120127
Startdate:                    20060102070000
Revision date:                20191216000000
Statistics:                   arithmetic mean
Data level:                   2
Period code:                  52w
Resolution code:              1w
Station code:                 US0089R
Platform code:                US0089S
Station name:                 Bridger Wilderness
Station latitude:             42.9749
Station longitude:            -109.7579
Station altitude:             2626.0 m
Regime:                       IMG
Component:                    
Matrix:                       pm25
Laboratory code:              US03L
Instrument type:              filterpack
Instrument name:              filterpack_US0089
Method ref:                   US03L_IMPROVE_Davis
starttime endtime Fe flag_Fe Pb flag_Pb Mg++ flag_Mg++ Ni flag_Ni NO3- flag_NO3- OC flag_OC OM flag_OM P flag_P PM10 flag_PM10 PM10-PM2.5 flag_PM10-PM2.5 PM2.5 flag_PM2.5 K+ flag_K+ SO4-- flag_SO4--
  1.291667   2.291667    1.67 0.000  0.09 0.000 9.999 0.259000 9.99 0.259000 0.005 0.000  0.094 0.000  0.131 0.000 999.99 0.259000   0.970 0.000  0.284 0.000   0.685 0.000 0.002 0.000 0.110 0.000
  4.291667   5.291667    2.06 0.000  0.22 0.000 9.999 0.259000 9.99 0.259000 0.002 0.000  0.094 0.000  0.132 0.000 999.99 0.259000   0.295 0.000  0.058 0.000   0.276 0.000 0.004 0.000 0.037 0.000
  7.291667   8.291667    2.48 0.000  0.11 0.000 9.999 0.259000 9.99 0.259000 0.006 0.000  0.116 0.000  0.163 0.000 999.99 0.259000   0.676 0.000  0.525 0.000   0.030 0.000 0.002 0.000 0.018 0.000
 10.291667  11.291667   27.96 0.000  0.35 0.000 9.999 0.259000 9.99 0.259000 0.015 0.000  0.220 0.000  0.307 0.000 999.99 0.259000   3.547 0.000  2.328 0.000   1.218 0.000 0.019 0.000 0.047 0.000
 13.291667  14.291667   14.02 0.000  0.23 0.000 0.007 0.000000 9.99 0.259000 0.013 0.000  0.161 0.000  0.226 0.000 999.99 0.259000   1.815 0.000  0.987 0.000   0.828 0.000 0.009 0.000 0.032 0.000
 16.291667  17.291667    3.05 0.000  0.11 0.000 9.999 0.259000 9.99 0.259000 0.011 0.000  0.144 0.000  0.202 0.000 999.99 0.259000   0.804 0.000  0.377 0.000   0.427 0.000 0.006 0.000 0.040 0.000
 19.291667  20.291667    0.94 0.000  0.20 0.000 9.999 0.259000 9.99 0.259000 0.052 0.000  0.003 0.000  0.004 0.000 999.99 0.259000   0.681 0.000  0.220 0.000   0.461 0.000 0.002 0.000 0.054 0.000
 22.291667  23.291667   10.95 0.000  0.17 0.000 9.999 0.259000 9.99 0.259000 0.005 0.559  0.036 0.000  0.051 0.000 999.99 0.259000   1.731 0.000  1.182 0.000   0.549 0.000 0.008 0.000 0.030 0.559
 25.291667  26.291667   20.16 0.000  0.78 0.000 0.008 0.000000 9.99 0.259000 0.042 0.559  0.389 0.000  0.545 0.000 999.99 0.259000   4.482 0.000  2.265 0.000   2.217 0.000 0.018 0.000 0.196 0.559
 28.291667  29.291667    1.31 0.000  0.11 0.000 9.999 0.259000 9.99 0.259000 0.017 0.000  0.109 0.000  0.153 0.000 999.99 0.259000   0.804 0.000  0.311 0.000   0.493 0.000 0.002 0.000 0.050 0.000
 31.291667  32.291667    6.38 0.000 99.99 0.259 9.999 0.259000 9.99 0.259000 0.013 0.559  0.151 0.000  0.212 0.000 999.99 0.259000   0.893 0.000  0.371 0.000   0.522 0.000 0.004 0.000 0.044 0.559
 34.291667  35.291667   14.91 0.000  2.67 0.000 9.999 0.259000 9.99 0.259000 0.008 0.000  0.406 0.000  0.568 0.000 999.99 0.259000   3.071 0.000  0.637 0.000   2.434 0.000 0.027 0.000 0.330 0.000
 37.291667  38.291667    4.83 0.000  0.16 0.000 9.999 0.259000 9.99 0.259000 0.004 0.559  0.002 0.000  0.002 0.000 999.99 0.259000   0.549 0.000  0.084 0.000   0.466 0.000 0.004 0.000 0.028 0.559
 40.291667  41.291667    7.40 0.000  0.70 0.000 9.999 0.259000 9.99 0.259000 0.018 0.559  0.198 0.000  0.277 0.000 999.99 0.259000   1.631 0.000  0.376 0.000   1.255 0.000 0.010 0.000 0.119 0.559
 43.291667  44.291667   15.62 0.000  0.30 0.000 9.999 0.259000 9.99 0.259000 0.012 0.559  0.105 0.000  0.147 0.000 999.99 0.259000   1.228 0.000  0.320 0.000   0.908 0.000 0.013 0.000 0.055 0.559
 46.291667  47.291667    7.17 0.000  0.42 0.000 0.005 0.000000 9.99 0.259000 0.034 0.559  0.328 0.000  0.459 0.000 999.99 0.259000   2.573 0.000  0.643 0.000   1.930 0.000 0.010 0.000 0.236 0.559
 49.291667  50.291667   10.24 0.000  0.44 0.000 9.999 0.259000 0.10 0.000000 0.056 0.559  0.288 0.559  0.404 0.559 999.99 0.259000   2.875 0.000  0.706 0.000   2.169 0.000 0.011 0.000 0.238 0.559
 52.291667  53.291667 9999.99 0.999 99.99 0.999 9.999 0.999000 9.99 0.999000 9.999 0.999 99.999 0.999 99.999 0.999 999.99 0.999000 999.999 0.999 99.999 0.999 999.999 0.999 9.999 0.999 9.999 0.999
 55.291667  56.291667   19.39 0.000  0.63 0.000 9.999 0.259000 9.99 0.259000 0.044 0.000  0.346 0.000  0.484 0.000 999.99 0.259000   2.163 0.000  0.682 0.000   1.481 0.000 0.018 0.000 0.152 0.000
 58.291667  59.291667   13.52 0.000  0.45 0.000 9.999 0.259000 0.10 0.000000 0.032 0.000  0.341 0.000  0.478 0.000 999.99 0.259000   2.744 0.000  1.704 0.000   1.040 0.000 0.011 0.000 0.100 0.000
 61.291667  62.291667   24.16 0.000  0.53 0.000 9.999 0.259000 9.99 0.259000 0.050 0.000  0.427 0.000  0.598 0.000 999.99 0.259000   3.944 0.000  2.111 0.000   1.833 0.000 0.019 0.000 0.131 0.000
 64.291667  65.291667   19.45 0.000  0.52 0.000 0.008 0.000000 9.99 0.259000 0.053 0.559  0.186 0.000  0.260 0.000 999.99 0.259000   2.937 0.000  1.617 0.000   1.321 0.000 0.013 0.000 0.113 0.559
 67.291667  68.291667    7.28 0.000  0.24 0.000 9.999 0.259000 9.99 0.259000 0.061 0.000  0.200 0.000  0.280 0.000 999.99 0.259000   1.991 0.000  1.052 0.000   0.939 0.000 0.006 0.000 0.081 0.000
 70.291667  71.291667   14.21 0.000  0.56 0.000 9.999 0.259000 9.99 0.259000 0.031 0.000  0.207 0.000  0.290 0.000 999.99 0.259000   2.583 0.000  0.743 0.000   1.840 0.000 0.011 0.000 0.256 0.000
 73.291667  74.291667   12.54 0.000  0.54 0.000 9.999 0.259000 9.99 0.259000 0.059 0.000  0.152 0.000  0.213 0.000 999.99 0.259000   2.066 0.000  0.667 0.000   1.399 0.000 0.009 0.000 0.186 0.000
 76.291667  77.291667   32.21 0.000  0.84 0.000 9.999 0.259000 9.99 0.259000 0.071 0.000  0.418 0.000  0.586 0.000 999.99 0.259000   3.651 0.000  1.315 0.000   2.336 0.000 0.023 0.000 0.310 0.000
 79.291667  80.291667    8.50 0.000  0.39 0.000 9.999 0.259000 0.06 0.000000 0.016 0.559  0.362 0.000  0.507 0.000 999.99 0.259000   2.741 0.000  0.207 0.000   2.535 0.000 0.006 0.000 0.440 0.559
 82.291667  83.291667  244.63 0.000  0.91 0.000 0.138 0.000000 0.10 0.000000 0.058 0.000  0.467 0.000  0.654 0.000 999.99 0.259000  14.809 0.000  8.453 0.000   6.356 0.000 0.131 0.000 0.192 0.000
 85.291667  86.291667   47.21 0.000  0.63 0.000 0.017 0.000000 0.07 0.000000 0.061 0.000  0.122 0.000  0.170 0.000 999.99 0.259000   3.284 0.000  1.556 0.000   1.728 0.000 0.029 0.000 0.147 0.000
 88.291667  89.291667    6.61 0.000  0.30 0.000 9.999 0.259000 9.99 0.259000 0.010 0.000  0.040 0.000  0.056 0.000 999.99 0.259000   0.837 0.000  0.354 0.000   0.483 0.000 0.005 0.000 0.056 0.000
 91.291667  92.291667   16.73 0.000  0.49 0.000 0.010 0.000000 0.10 0.000000 0.016 0.000  0.038 0.000  0.054 0.000 999.99 0.259000   1.325 0.000  0.448 0.000   0.878 0.000 0.012 0.000 0.088 0.000
 94.291667  95.291667 9999.99 0.999 99.99 0.999 9.999 0.999000 9.99 0.999000 9.999 0.999 99.999 0.999 99.999 0.999 999.99 0.999000 999.999 0.999 99.999 0.999 999.999 0.999 9.999 0.999 9.999 0.999
 97.291667  98.291667  124.59 0.000  0.84 0.000 0.089 0.000000 0.09 0.000000 0.023 0.000  0.440 0.000  0.616 0.000 999.99 0.259000   9.875 0.000  8.161 0.000   1.714 0.000 0.076 0.000 0.188 0.000
100.291667 101.291667   26.71 0.000  0.81 0.000 0.012 0.000000 9.99 0.259000 0.030 0.000  0.228 0.000  0.320 0.000 999.99 0.259000   2.632 0.000  0.981 0.000   1.651 0.000 0.019 0.000 0.206 0.000
103.291667 104.291667   32.06 0.000  0.92 0.000 0.020 0.000000 0.08 0.000000 0.035 0.000  0.312 0.000  0.437 0.000 999.99 0.259000 999.999 0.456 99.999 0.999   2.182 0.000 0.028 0.000 0.237 0.000
106.291667 107.291667   93.77 0.000  0.85 0.000 0.067 0.000000 9.99 0.259000 0.030 0.000  0.190 0.000  0.266 0.000 999.99 0.259000 999.999 0.456 99.999 0.999   2.998 0.000 0.057 0.000 0.190 0.000
109.291667 110.291667   53.81 0.000  0.27 0.000 0.034 0.000000 9.99 0.259000 0.014 0.000  0.201 0.000  0.282 0.000 999.99 0.259000   3.092 0.000  1.261 0.000   1.831 0.000 0.030 0.000 0.085 0.000
112.291667 113.291667  105.14 0.000  0.87 0.000 0.056 0.000000 0.04 0.000000 0.044 0.000  0.411 0.000  0.575 0.000 999.99 0.259000   8.650 0.000  4.805 0.000   3.845 0.000 0.068 0.000 0.193 0.000
115.291667 116.291667  110.95 0.000  2.11 0.000 0.057 0.000000 0.05 0.000000 0.075 0.559  0.489 0.000  0.684 0.000 999.99 0.259000   7.696 0.000  2.568 0.000   5.128 0.000 0.072 0.000 0.398 0.559
118.291667 119.291667  102.82 0.000  1.69 0.000 0.045 0.000000 9.99 0.259000 0.029 0.559  0.843 0.000  1.181 0.000 999.99 0.259000   7.333 0.000  2.721 0.000   4.612 0.000 0.067 0.000 0.266 0.559
121.291667 122.291667  124.34 0.000  2.16 0.000 0.029 0.000000 0.05 0.000000 0.050 0.559  0.664 0.000  0.929 0.000 999.99 0.259000   9.232 0.000  4.103 0.000   5.129 0.000 0.084 0.000 0.350 0.559
124.291667 125.291667   56.82 0.000  0.74 0.000 9.999 0.259000 0.06 0.000000 0.029 0.559  0.286 0.000  0.400 0.000 999.99 0.259000   4.871 0.000  1.637 0.000   3.234 0.000 0.035 0.000 0.330 0.559
127.291667 128.291667   16.18 0.000  0.83 0.000 9.999 0.259000 9.99 0.259000 0.027 0.559  0.556 0.000  0.779 0.000 999.99 0.259000   2.895 0.000  0.849 0.000   2.046 0.000 0.019 0.000 0.184 0.559
130.291667 131.291667   76.44 0.000  1.28 0.000 9.999 0.259000 9.99 0.259000 0.031 0.559  0.504 0.000  0.706 0.000 999.99 0.259000   6.678 0.000  3.002 0.000   3.676 0.000 0.049 0.000 0.242 0.559
133.291667 134.291667   94.34 0.000  1.58 0.000 9.999 0.259000 0.08 0.000000 0.027 0.559  0.829 0.000  1.161 0.000 999.99 0.259000   8.086 0.000  3.450 0.000   4.636 0.000 0.066 0.000 0.285 0.559
136.291667 137.291667   56.58 0.000  0.76 0.000 0.011 0.000000 9.99 0.259000 0.015 0.559  1.131 0.000  1.583 0.000 999.99 0.259000   6.160 0.000  2.257 0.000   3.904 0.000 0.039 0.000 0.169 0.559
139.291667 140.291667   45.19 0.000  0.40 0.000 9.999 0.259000 9.99 0.259000 0.021 0.559  0.608 0.000  0.851 0.000 999.99 0.259000   6.165 0.000  3.098 0.000   3.067 0.000 0.030 0.000 0.203 0.559
142.291667 143.291667   22.91 0.000  0.44 0.000 9.999 0.259000 9.99 0.259000 0.016 0.559  0.319 0.000  0.447 0.000 999.99 0.259000   3.522 0.000  1.526 0.000   1.997 0.000 0.018 0.000 0.132 0.559
145.291667 146.291667   50.13 0.000  0.91 0.000 9.999 0.259000 9.99 0.259000 0.020 0.559  0.597 0.000  0.835 0.000 999.99 0.259000   6.214 0.000  3.200 0.000   3.014 0.000 0.036 0.000 0.181 0.559
148.291667 149.291667   10.65 0.000  0.29 0.000 9.999 0.259000 9.99 0.259000 0.021 0.559  0.217 0.000  0.303 0.000 999.99 0.259000   1.505 0.000  0.494 0.000   1.011 0.000 0.009 0.000 0.078 0.559
151.291667 152.291667   31.51 0.000  0.52 0.000 0.012 0.000000 9.99 0.259000 0.016 0.559  0.401 0.000  0.561 0.000 999.99 0.259000   4.146 0.000  1.869 0.000   2.276 0.000 0.020 0.000 0.148 0.559
154.291667 155.291667   20.41 0.000  0.24 0.000 0.011 0.000000 9.99 0.259000 0.007 0.559  0.383 0.000  0.536 0.000 999.99 0.259000   3.284 0.000  1.774 0.000   1.509 0.000 0.013 0.000 0.100 0.559
157.291667 158.291667   30.42 0.000  0.41 0.000 0.013 0.000000 0.06 0.000000 0.011 0.559  0.732 0.000  1.024 0.000 999.99 0.259000   7.431 0.000  4.294 0.000   3.138 0.000 0.026 0.000 0.194 0.559
160.291667 161.291667   29.50 0.000  0.40 0.000 0.006 0.000000 9.99 0.259000 0.018 0.559  0.501 0.000  0.702 0.000 999.99 0.259000   3.537 0.000  1.162 0.000   2.375 0.000 0.022 0.000 0.160 0.559
163.291667 164.291667   44.90 0.000  0.49 0.000 0.020 0.000000 0.06 0.000000 0.025 0.559  1.124 0.000  1.574 0.000 999.99 0.259000   8.169 0.000  3.881 0.000   4.288 0.000 0.046 0.000 0.267 0.559
166.291667 167.291667   17.97 0.000  0.35 0.000 0.006 0.000000 9.99 0.259000 0.011 0.559  0.670 0.000  0.938 0.000 999.99 0.259000   6.120 0.000  3.684 0.000   2.436 0.000 0.015 0.000 0.111 0.559
169.291667 170.291667   24.74 0.000  0.59 0.000 0.008 0.000000 9.99 0.259000 0.011 0.559  0.741 0.000  1.038 0.000  42.60 0.000000   7.029 0.000  3.519 0.000   3.511 0.000 0.024 0.000 0.257 0.559
172.291667 173.291667   27.65 0.000  0.51 0.000 0.007 0.000000 9.99 0.259000 0.009 0.559  0.499 0.000  0.699 0.000  42.43 0.000000   6.732 0.000  3.627 0.000   3.104 0.000 0.031 0.000 0.233 0.559
175.291667 176.291667   29.24 0.000  0.55 0.000 0.013 0.000000 9.99 0.259000 0.010 0.559  0.917 0.000  1.284 0.000 999.99 0.259000   7.158 0.000  3.436 0.000   3.722 0.000 0.026 0.000 0.248 0.559
178.291667 179.291667   25.55 0.000  0.31 0.000 0.010 0.000000 9.99 0.259000 0.011 0.559  1.070 0.000  1.498 0.000 999.99 0.259000   5.287 0.000  2.707 0.000   2.580 0.000 0.020 0.000 0.168 0.559
181.291667 182.291667   25.90 0.000  0.37 0.000 9.999 0.259000 9.99 0.259000 0.011 0.559  1.075 0.000  1.935 0.000 999.99 0.259000   5.903 0.000  2.765 0.000   3.138 0.000 0.032 0.000 0.174 0.559
184.291667 185.291667   14.00 0.000  0.40 0.000 9.999 0.259000 9.99 0.259000 0.010 0.559  0.795 0.000  1.430 0.000 999.99 0.259000   4.113 0.000  1.577 0.000   2.535 0.000 0.023 0.000 0.163 0.559
187.291667 188.291667   14.22 0.000  0.54 0.000 9.999 0.259000 9.99 0.259000 0.015 0.559  0.599 0.000  1.078 0.000 999.99 0.259000   3.896 0.000  1.978 0.000   1.918 0.000 0.027 0.000 0.155 0.559
190.291667 191.291667   15.14 0.000  0.26 0.000 9.999 0.259000 9.99 0.259000 0.007 0.559  0.734 0.559  1.321 0.559 999.99 0.259000   4.385 0.000  2.179 0.000   2.206 0.000 0.015 0.000 0.110 0.559
193.291667 194.291667   18.37 0.000  0.37 0.000 9.999 0.259000 0.06 0.000000 0.012 0.559  0.712 0.000  1.282 0.000 999.99 0.259000   4.862 0.000  2.395 0.000   2.467 0.000 0.028 0.000 0.126 0.559
196.291667 197.291667   30.84 0.559  0.43 0.559 9.999 0.559259 9.99 0.559259 0.038 0.559  2.262 0.000  4.072 0.000 999.99 0.559259   8.786 0.000  2.979 0.559   5.807 0.659 0.082 0.559 0.171 0.559
199.291667 200.291667   40.24 0.000  0.44 0.000 9.999 0.259000 0.45 0.000000 0.010 0.000  1.086 0.000  1.956 0.000 999.99 0.259000   7.328 0.000  3.297 0.000   4.031 0.000 0.040 0.000 0.118 0.000
202.291667 203.291667   43.42 0.000  0.34 0.000 9.999 0.259000 0.04 0.000000 0.015 0.000  2.797 0.000  5.035 0.000 999.99 0.259000  12.505 0.000  4.968 0.000   7.538 0.000 0.048 0.000 0.168 0.000
205.291667 206.291667   21.30 0.000  0.36 0.000 9.999 0.259000 0.23 0.000000 0.010 0.000  1.791 0.000  3.224 0.000 999.99 0.259000   9.457 0.000  4.746 0.000   4.711 0.000 0.028 0.000 0.137 0.000
208.291667 209.291667   25.17 0.000  0.40 0.000 9.999 0.259000 0.08 0.000000 0.023 0.000  1.985 0.000  3.572 0.000 999.99 0.259000   8.754 0.000  3.098 0.000   5.657 0.000 0.068 0.000 0.139 0.000
211.291667 212.291667   31.82 0.699  0.36 0.699 9.999 0.699259 9.99 0.699259 0.091 0.000  3.412 0.000  6.141 0.000 999.99 0.699259  12.661 0.000  3.872 0.699   8.789 0.659 0.306 0.699 0.161 0.000
214.291667 215.291667   17.68 0.000  0.33 0.000 9.999 0.259000 9.99 0.259000 0.017 0.000  1.257 0.000  2.262 0.000 999.99 0.259000   6.756 0.000  2.524 0.000   4.232 0.000 0.019 0.000 0.149 0.000
217.291667 218.291667   13.01 0.000  0.31 0.000 0.008 0.000000 0.10 0.000000 0.020 0.000  1.120 0.000  2.015 0.000 999.99 0.259000   5.888 0.000  1.953 0.000   3.936 0.000 0.065 0.000 0.200 0.000
220.291667 221.291667   30.46 0.000  0.39 0.000 0.014 0.000000 9.99 0.259000 0.018 0.000  0.555 0.000  0.999 0.000 999.99 0.259000   6.255 0.000  3.378 0.000   2.878 0.000 0.026 0.000 0.161 0.000
223.291667 224.291667 9999.99 0.999 99.99 0.999 9.999 0.999000 9.99 0.999000 9.999 0.999 99.999 0.999 99.999 0.999 999.99 0.999000 999.999 0.999 99.999 0.999 999.999 0.999 9.999 0.999 9.999 0.999
226.291667 227.291667 9999.99 0.999 99.99 0.999 9.999 0.999000 9.99 0.999000 9.999 0.999 99.999 0.999 99.999 0.999 999.99 0.999000 999.999 0.999 99.999 0.999 999.999 0.999 9.999 0.999 9.999 0.999
229.291667 230.291667   27.89 0.000  0.37 0.000 9.999 0.259000 0.08 0.000000 0.103 0.000  3.593 0.000  6.468 0.000 999.99 0.259000  10.872 0.000  2.168 0.000   8.704 0.000 0.262 0.000 0.172 0.000
232.291667 233.291667   27.93 0.000  0.27 0.000 0.009 0.000000 9.99 0.259000 0.035 0.000  1.884 0.000  3.392 0.000 999.99 0.259000   8.812 0.000  3.215 0.000   5.598 0.000 0.069 0.000 0.222 0.000
235.291667 236.291667   65.44 0.699  0.53 0.699 0.024 0.699000 9.99 0.699259 0.134 0.000  4.678 0.000  8.419 0.000 999.99 0.699259  17.866 0.000  5.633 0.699  12.233 0.659 0.386 0.699 0.203 0.000
238.291667 239.291667   14.14 0.000  0.44 0.000 0.006 0.000000 0.07 0.000000 0.020 0.000  2.247 0.000  4.044 0.000 999.99 0.259000   6.538 0.000  1.080 0.000   5.457 0.000 0.037 0.000 0.145 0.000
241.291667 242.291667   37.18 0.000  0.42 0.000 0.016 0.000000 0.07 0.000000 0.029 0.000  1.423 0.000  2.561 0.000 999.99 0.259000   9.551 0.000  4.964 0.000   4.587 0.000 0.038 0.000 0.139 0.000
