scripts/IMPROVE-2019_partial/data/US0092U.20060102070000.20191216000000.filterpack..pm25.52w.1w.US03L_filterpack_US0092.US03L_IMPROVE_Davis.lev2.nas
66 1001
MISSING INFORMATION
US03L, IMPROVE, , , , , , , 
MISSING INFORMATION
IMPROVE sel_HTAP
1 1
2006 01 01 2019 12 16
3.000000
days from file reference point
27
1 1 1 1 1 1 1 1 1 1 1 1 1 1 1 1 1 1 1 1 1 1 1 1 1 1 1
999.999999 99999.99 9.999 999.99 9.999 9.999 9.999 99.99 9.999 99.999 9.999 999.999 9.999 999.999 9.999 9999.99 9.999 9999.999 9.999 9999.999 9.999 999.999 9.999 9.999 9.999 9.999 9.999
end_time of measurement, days from the file reference point
iron, ng/m3, Revision date=20181210133000
numflag iron, no unit, Revision date=20181210133000
lead, ng/m3, Revision date=20181210133000
numflag lead, no unit, Revision date=20181210133000
magnesium, ug/m3, Revision date=20181210133000
numflag magnesium, no unit, Revision date=20181210133000
nickel, ng/m3, Revision date=20181210133000
numflag nickel, no unit, Revision date=20181210133000
nitrate, ug N/m3, Revision date=20181210133000
numflag nitrate, no unit, Revision date=20181210133000
organic_carbon, ug C/m3, Revision date=20181210133000
numflag organic_carbon, no unit, Revision date=20181210133000
organic_mass, ug/m3, Revision date=20181210133000
numflag organic_mass, no unit, Revision date=20181210133000
phosphorus, ng/m3, Revision date=20181210133000
numflag phosphorus, no unit, Revision date=20181210133000
pm10_mass, ug/m3, Version=2, Version description=Data extracted from http://views.cira.colostate.edu/fed/DataWizard 2019-12-16, Sample duration=1d, Orig. time res.=3d, Matrix=pm10, Blank correction=Blank corrected, Volume std. temperature=ambient, Volume std. pressure=ambient
numflag pm10_mass, no unit, Version=2, Version description=Data extracted from http://views.cira.colostate.edu/fed/DataWizard 2019-12-16, Sample duration=1d, Orig. time res.=3d, Matrix=pm10, Blank correction=Blank corrected, Volume std. temperature=ambient, Volume std. pressure=ambient
pm10_pm25_mass, ug/m3, Revision date=20181210133000, Matrix=pm10_pm25
numflag pm10_pm25_mass, no unit, Revision date=20181210133000, Matrix=pm10_pm25
pm25_mass, ug/m3, Version=2, Version description=Data extracted from http://views.cira.colostate.edu/fed/DataWizard 2019-12-16, Sample duration=1d, Orig. time res.=3d, Blank correction=Blank corrected, Volume std. temperature=ambient, Volume std. pressure=ambient
numflag pm25_mass, no unit, Version=2, Version description=Data extracted from http://views.cira.colostate.edu/fed/DataWizard 2019-12-16, Sample duration=1d, Orig. time res.=3d, Blank correction=Blank corrected, Volume std. temperature=ambient, Volume std. pressure=ambient
potassium, ug/m3, Revision date=20181210133000
numflag potassium, no unit, Revision date=20181210133000
sulphate_total, ug S/m3, Revision date=20181210133000
numflag sulphate_total, no unit, Revision date=20181210133000
0
25
Data definition:              EBAS_1.1
Set type code:                TU
Timezone:                     UTC
File name:                    US0092U.20060102070000.20191216000000.filterpack..pm25.52w.1w.US03L_filterpack_US0092.US03L_IMPROVE_Davis.lev2.nas
File creation:                20191218120139
Startdate:                    20060102070000
Revision date:                20191216000000
Statistics:                   arithmetic mean
Data level:                   2
Period code:                  52w
Resolution code:              1w
Station code:                 US0092U
Platform code:                US0092S
Station name:                 Phoenix
Station latitude:             33.5038
Station longitude:            -112.0958
Station altitude:             342.0 m
Regime:                       IMG
Component:                    
Matrix:                       pm25
Laboratory code:              US03L
Instrument type:              filterpack
Instrument name:              filterpack_US0092
Method ref:                   US03L_IMPROVE_Davis
starttime endtime Fe flag_Fe Pb flag_Pb Mg++ flag_Mg++ Ni flag_Ni NO3- flag_NO3- OC flag_OC OM flag_OM P flag_P PM10 flag_PM10 PM10-PM2.5 flag_PM10-PM2.5 PM2.5 flag_PM2.5 K+ flag_K+ SO4-- flag_SO4--
  1.291667   2.291667   184.04 0.000   4.24 0.000 0.044 0.000  0.12 0.000  0.147 0.000   3.309 0.000   4.632 0.000 9999.99 0.259   29.655 0.000   20.706 0.000   8.949 0.000 0.151 0.000 0.195 0.000
  4.291667   5.291667   805.75 0.000   4.59 0.000 0.174 0.000  0.81 0.000  0.207 0.000   3.712 0.000   5.197 0.000 9999.99 0.259   44.957 0.000   27.792 0.000  17.165 0.000 0.240 0.000 0.117 0.000
  7.291667   8.291667  1053.73 0.000   8.08 0.000 0.272 0.000 99.99 0.259  0.697 0.000   8.269 0.000  11.576 0.000 9999.99 0.259   59.489 0.000   27.823 0.000  31.665 0.000 0.485 0.000 0.236 0.000
 10.291667  11.291667  1174.52 0.000   7.44 0.000 0.332 0.000  0.95 0.000  0.308 0.000   5.106 0.000   7.148 0.000   89.40 0.000   69.014 0.000   43.087 0.000  25.927 0.000 0.361 0.000 0.175 0.000
 13.291667  14.291667   674.31 0.000  11.57 0.000 0.155 0.000  0.32 0.000  0.624 0.000   8.143 0.000  11.400 0.000 9999.99 0.259   64.071 0.000   40.016 0.000  24.055 0.000 0.365 0.000 0.261 0.000
 16.291667  17.291667   604.19 0.000   3.25 0.000 0.136 0.000  0.28 0.000  0.376 0.000   4.470 0.000   6.258 0.000 9999.99 0.259   41.705 0.000   24.576 0.000  17.129 0.000 0.205 0.000 0.087 0.000
 19.291667  20.291667   596.66 0.000  10.42 0.000 0.132 0.000  1.01 0.000  0.325 0.000   4.291 0.000   6.008 0.000 9999.99 0.259   50.607 0.000   33.279 0.000  17.327 0.000 0.213 0.000 0.098 0.000
 22.291667  23.291667   678.09 0.000   4.25 0.000 0.133 0.000  0.14 0.000  0.189 0.000   3.298 0.000   4.617 0.000 9999.99 0.259   31.797 0.000   15.184 0.000  16.613 0.000 0.222 0.000 0.232 0.000
 25.291667  26.291667   633.28 0.000   4.42 0.000 0.124 0.000  0.55 0.000  0.471 0.000 999.999 0.999 999.999 0.999 9999.99 0.259   55.081 0.000   36.939 0.000  18.142 0.000 0.242 0.000 0.340 0.000
 28.291667  29.291667   346.97 0.000   5.42 0.000 0.062 0.000  0.14 0.000  0.802 0.000 999.999 0.999 999.999 0.999 9999.99 0.259   39.663 0.000   22.111 0.000  17.553 0.000 0.255 0.000 0.207 0.000
 31.291667  32.291667   780.44 0.000   5.46 0.000 9.999 0.259  0.47 0.000  0.602 0.000 999.999 0.999 999.999 0.999 9999.99 0.259   48.999 0.000   28.686 0.000  20.313 0.000 0.421 0.000 0.231 0.000
 34.291667  35.291667   748.69 0.000   6.44 0.000 0.104 0.000  0.28 0.000  0.355 0.000 999.999 0.999 999.999 0.999 9999.99 0.259   48.025 0.000   27.761 0.000  20.265 0.000 0.268 0.000 0.261 0.000
 37.291667  38.291667   660.75 0.000   3.65 0.000 0.109 0.000  0.09 0.000  0.039 0.000 999.999 0.999 999.999 0.999 9999.99 0.259   34.309 0.000   22.420 0.000  11.889 0.000 0.158 0.000 0.129 0.000
 40.291667  41.291667   756.68 0.000   4.70 0.000 9.999 0.259  0.39 0.000  0.519 0.000   2.900 0.000   4.060 0.000 9999.99 0.259   44.884 0.000   26.511 0.000  18.373 0.000 0.260 0.000 0.386 0.000
 43.291667  44.291667   642.58 0.000   4.96 0.000 0.073 0.000  0.86 0.000  0.280 0.000   6.428 0.000   8.999 0.000 9999.99 0.259   53.852 0.000   32.565 0.000  21.287 0.000 0.202 0.000 0.199 0.000
 46.291667  47.291667   997.60 0.000   5.25 0.000 0.252 0.000  1.02 0.000  0.406 0.000   2.194 0.000   3.072 0.000 9999.99 0.259   67.775 0.000   43.325 0.000  24.450 0.000 0.385 0.000 0.444 0.000
 49.291667  50.291667   537.35 0.000   3.60 0.000 9.999 0.259  0.47 0.000  0.235 0.000   2.887 0.000   4.041 0.000 9999.99 0.259   27.686 0.000   13.218 0.000  14.468 0.000 0.221 0.000 0.161 0.000
 52.291667  53.291667   471.55 0.000   5.05 0.000 0.068 0.000  0.40 0.000  0.365 0.000   3.237 0.000   4.532 0.000 9999.99 0.259   48.573 0.000   35.958 0.000  12.615 0.000 0.162 0.000 0.184 0.000
 55.291667  56.291667   346.02 0.000   5.55 0.000 9.999 0.259  0.15 0.000  0.219 0.000   3.587 0.000   5.022 0.000 9999.99 0.259   44.853 0.000   32.613 0.000  12.241 0.000 0.161 0.000 0.260 0.000
 58.291667  59.291667   270.61 0.000   4.90 0.000 0.039 0.000  0.53 0.000  0.176 0.000   2.163 0.000   3.027 0.000 9999.99 0.259   31.873 0.000   23.553 0.000   8.320 0.000 0.124 0.000 0.228 0.000
 61.291667  62.291667   394.35 0.000   2.74 0.000 0.072 0.000  0.25 0.000  0.195 0.000   2.313 0.000   3.237 0.000 9999.99 0.259   37.941 0.000   27.581 0.000  10.359 0.000 0.153 0.000 0.177 0.000
 64.291667  65.291667   341.44 0.000   4.29 0.000 9.999 0.259  0.23 0.000  0.252 0.000   2.476 0.000   3.467 0.000 9999.99 0.259   36.835 0.000   26.224 0.000  10.612 0.000 0.175 0.000 0.282 0.000
 67.291667  68.291667   282.26 0.000   1.61 0.000 0.058 0.000  0.31 0.000  0.213 0.000   1.269 0.000   1.777 0.000 9999.99 0.259   31.089 0.000   24.171 0.000   6.918 0.000 0.117 0.000 0.237 0.000
 70.291667  71.291667    39.96 0.000   1.34 0.000 9.999 0.259  0.18 0.000  0.135 0.559   1.539 0.000   2.155 0.000 9999.99 0.259    7.630 0.000    3.919 0.000   3.711 0.000 0.042 0.000 0.108 0.559
 73.291667  74.291667   194.34 0.000   4.43 0.000 0.011 0.000  0.19 0.000  0.930 0.000   3.126 0.000   4.376 0.000 9999.99 0.259   25.574 0.000   14.785 0.000  10.789 0.000 0.079 0.000 0.278 0.000
 76.291667  77.291667   129.11 0.000   2.03 0.000 0.021 0.000  0.96 0.000  0.091 0.000   1.358 0.000   1.901 0.000 9999.99 0.259   18.061 0.000   13.468 0.000   4.593 0.000 0.064 0.000 0.188 0.000
 79.291667  80.291667    78.90 0.000   1.15 0.000 0.016 0.000  0.26 0.000  0.223 0.000   1.119 0.000   1.567 0.000 9999.99 0.259 9999.999 0.999 9999.999 0.999   4.295 0.000 0.039 0.000 0.246 0.000
 82.291667  83.291667   262.55 0.000   2.90 0.000 9.999 0.259  0.12 0.000  0.067 0.000   2.641 0.000   3.698 0.000 9999.99 0.259 9999.999 0.999 9999.999 0.999   8.504 0.000 0.087 0.000 0.392 0.000
 85.291667  86.291667   178.54 0.000   2.47 0.000 9.999 0.259  0.37 0.000  0.107 0.000   1.875 0.000   2.625 0.000 9999.99 0.259 9999.999 0.999 9999.999 0.999   6.437 0.000 0.090 0.000 0.236 0.000
 88.291667  89.291667   242.86 0.000   1.78 0.000 9.999 0.259  0.86 0.000  0.189 0.000   1.713 0.000   2.398 0.000 9999.99 0.259   34.657 0.000   26.162 0.000   8.495 0.000 0.086 0.000 0.231 0.000
 91.291667  92.291667   154.82 0.000   2.81 0.000 0.028 0.000  0.22 0.000 99.999 0.999   2.272 0.000   3.181 0.000 9999.99 0.259   28.183 0.000   20.721 0.000   7.462 0.000 0.078 0.000 9.999 0.999
 94.291667  95.291667   264.68 0.000   1.14 0.000 0.099 0.000  0.80 0.000 99.999 0.999   0.637 0.000   0.892 0.000 9999.99 0.259  116.575 0.000  111.199 0.000   5.376 0.000 0.095 0.000 9.999 0.999
 97.291667  98.291667   250.86 0.000   3.50 0.000 0.042 0.000 99.99 0.259 99.999 0.999   3.292 0.000   4.608 0.000   27.48 0.000   19.431 0.000   10.250 0.000   9.181 0.000 0.120 0.000 9.999 0.999
100.291667 101.291667   170.97 0.000   1.92 0.000 0.044 0.000  0.25 0.000 99.999 0.999   1.421 0.000   1.989 0.000 9999.99 0.259   20.509 0.000   14.683 0.000   5.826 0.000 0.068 0.000 9.999 0.999
103.291667 104.291667   739.69 0.000   2.87 0.000 0.493 0.000  0.24 0.000 99.999 0.999   1.887 0.000   2.642 0.000 9999.99 0.259   85.734 0.000   67.230 0.000  18.504 0.000 0.381 0.000 9.999 0.999
106.291667 107.291667   296.38 0.000   1.84 0.000 0.115 0.000  0.40 0.000 99.999 0.999   1.222 0.000   1.712 0.000 9999.99 0.259   30.440 0.000   21.993 0.000   8.447 0.000 0.141 0.000 9.999 0.999
109.291667 110.291667   465.42 0.000   2.71 0.000 0.160 0.000  0.24 0.000 99.999 0.999   2.322 0.000   3.251 0.000 9999.99 0.259   50.803 0.000   38.603 0.000  12.199 0.000 0.203 0.000 9.999 0.999
112.291667 113.291667   294.71 0.000   2.04 0.000 0.136 0.000  0.23 0.000 99.999 0.999   1.258 0.000   1.761 0.000 9999.99 0.259   23.936 0.000   15.307 0.000   8.629 0.000 0.156 0.000 9.999 0.999
115.291667 116.291667   373.35 0.000   2.83 0.000 0.151 0.000  0.99 0.000 99.999 0.999   1.254 0.000   1.756 0.000 9999.99 0.259   32.789 0.000   21.106 0.000  11.684 0.000 0.246 0.000 9.999 0.999
118.291667 119.291667   212.18 0.000   1.82 0.000 0.061 0.000  0.20 0.000  0.135 0.559   1.913 0.000   2.678 0.000 9999.99 0.259   26.194 0.000   17.435 0.000   8.759 0.000 0.319 0.000 0.405 0.559
121.291667 122.291667   231.02 0.000   1.60 0.000 9.999 0.259  0.95 0.000  0.043 0.559   1.085 0.000   1.519 0.000 9999.99 0.259   22.021 0.000   15.402 0.000   6.619 0.000 0.090 0.000 0.217 0.559
124.291667 125.291667   254.19 0.000   1.72 0.000 0.042 0.000 99.99 0.259  0.156 0.559   1.215 0.000   1.701 0.000 9999.99 0.259   30.814 0.000   21.372 0.000   9.442 0.000 0.123 0.000 0.511 0.559
127.291667 128.291667   215.62 0.000   2.07 0.000 0.021 0.000  0.63 0.000  0.156 0.559   1.104 0.000   1.546 0.000 9999.99 0.259   27.607 0.000   18.347 0.000   9.260 0.000 0.110 0.000 0.622 0.559
130.291667 131.291667   463.23 0.000   2.86 0.000 0.046 0.000  0.32 0.000  0.136 0.559   2.283 0.000   3.196 0.000 9999.99 0.259 9999.999 0.999 9999.999 0.999  14.741 0.000 0.194 0.000 0.542 0.559
133.291667 134.291667   313.66 0.000   1.97 0.000 0.039 0.000  0.41 0.000  0.079 0.559   1.647 0.000   2.306 0.000 9999.99 0.259 9999.999 0.999 9999.999 0.999  10.989 0.000 0.136 0.000 0.437 0.559
136.291667 137.291667   166.98 0.000   1.74 0.000 9.999 0.259 99.99 0.259  0.047 0.559   1.538 0.000   2.154 0.000 9999.99 0.259 9999.999 0.999 9999.999 0.999   6.930 0.000 0.080 0.000 0.356 0.559
139.291667 140.291667   162.31 0.000   1.06 0.000 9.999 0.259  0.47 0.000  0.060 0.559   1.395 0.000   1.952 0.000 9999.99 0.259 9999.999 0.999 9999.999 0.999   7.340 0.000 0.090 0.000 0.416 0.559
142.291667 143.291667   159.90 0.000   2.29 0.000 9.999 0.259  0.93 0.000  0.050 0.559   1.368 0.000   1.916 0.000 9999.99 0.259 9999.999 0.999 9999.999 0.999   6.146 0.000 0.078 0.000 0.200 0.559
145.291667 146.291667   200.43 0.000   1.36 0.000 0.032 0.000  0.26 0.000  0.064 0.559   1.073 0.000   1.502 0.000 9999.99 0.259   25.254 0.000   17.897 0.000   7.357 0.000 0.107 0.000 0.239 0.559
148.291667 149.291667   192.48 0.000   1.55 0.000 9.999 0.259  0.10 0.000  0.059 0.559   1.860 0.000   2.603 0.000 9999.99 0.259   23.943 0.000   16.125 0.000   7.818 0.000 0.105 0.000 0.245 0.559
151.291667 152.291667   413.42 0.000   2.47 0.000 0.104 0.000  0.59 0.000  0.068 0.000   2.230 0.000   3.122 0.000 9999.99 0.259   43.434 0.000   31.314 0.000  12.120 0.000 0.175 0.000 0.326 0.000
154.291667 155.291667   201.57 0.000   1.67 0.000 0.068 0.000  0.27 0.000  0.074 0.559   1.827 0.000   2.558 0.000 9999.99 0.259   28.328 0.000   17.672 0.000  10.656 0.000 0.168 0.000 0.615 0.559
157.291667 158.291667   256.24 0.000   1.39 0.000 0.095 0.000  0.31 0.000  0.053 0.559   1.354 0.000   1.896 0.000 9999.99 0.259   46.188 0.000   37.152 0.000   9.037 0.000 0.134 0.000 0.271 0.559
160.291667 161.291667   151.56 0.000   1.12 0.000 0.043 0.000  0.20 0.000  0.042 0.000   0.960 0.000   1.344 0.000 9999.99 0.259   16.132 0.000   10.405 0.000   5.727 0.000 0.079 0.000 0.341 0.000
163.291667 164.291667   213.14 0.000   3.71 0.000 0.047 0.000  0.25 0.000  0.043 0.559   1.395 0.000   1.953 0.000 9999.99 0.259   25.126 0.000   16.959 0.000   8.167 0.000 0.099 0.000 0.559 0.559
166.291667 167.291667   284.75 0.000   2.48 0.000 0.083 0.000  0.33 0.000  0.053 0.559   1.551 0.000   2.172 0.000 9999.99 0.259   25.123 0.000   15.968 0.000   9.155 0.000 0.168 0.000 0.314 0.559
169.291667 170.291667   205.82 0.000   1.53 0.000 0.089 0.000  1.07 0.000  0.135 0.559   1.448 0.000   2.027 0.000 9999.99 0.259   31.745 0.000   20.727 0.000  11.019 0.000 0.180 0.000 0.787 0.559
172.291667 173.291667   328.51 0.000   1.96 0.000 0.140 0.000  3.65 0.000  0.104 0.559   1.241 0.000   1.738 0.000   62.07 0.000   46.662 0.000   35.587 0.000  11.075 0.000 0.189 0.000 0.537 0.559
175.291667 176.291667   450.32 0.000   2.14 0.000 0.209 0.000  0.13 0.000  0.075 0.000   2.545 0.000   3.563 0.000 9999.99 0.259   74.132 0.000   58.250 0.000  15.882 0.000 0.298 0.000 0.463 0.000
178.291667 179.291667   268.30 0.000   2.00 0.000 0.091 0.000  0.32 0.000  0.061 0.559   1.634 0.000   2.287 0.000 9999.99 0.259   40.601 0.000   30.763 0.000   9.838 0.000 0.165 0.000 0.379 0.559
181.291667 182.291667   183.32 0.000   1.46 0.000 0.027 0.000  0.16 0.000  0.066 0.559   2.249 0.000   4.047 0.000 9999.99 0.259   33.249 0.000   23.650 0.000   9.599 0.000 0.145 0.000 0.420 0.559
184.291667 185.291667    78.81 0.000   1.09 0.000 9.999 0.259  0.56 0.000  0.167 0.559   0.933 0.000   1.679 0.000 9999.99 0.259   21.503 0.000   14.472 0.000   7.031 0.000 0.167 0.000 0.706 0.559
187.291667 188.291667   116.30 0.000   1.32 0.000 0.030 0.000  0.13 0.000  0.029 0.559   1.268 0.000   2.283 0.000 9999.99 0.259   25.146 0.000   20.583 0.000   4.563 0.000 0.058 0.000 0.192 0.559
190.291667 191.291667 99999.99 0.699 999.99 0.699 9.999 0.699 99.99 0.699  0.073 0.559   0.822 0.000   1.479 0.000 9999.99 0.699   19.475 0.000 9999.999 0.699 999.999 0.699 9.999 0.699 0.419 0.559
193.291667 194.291667 99999.99 0.999 999.99 0.999 9.999 0.999 99.99 0.999  0.097 0.000   0.763 0.000   1.374 0.000 9999.99 0.999   25.367 0.000 9999.999 0.999 999.999 0.999 9.999 0.999 0.678 0.000
196.291667 197.291667 99999.99 0.999 999.99 0.999 9.999 0.999 99.99 0.999  0.113 0.000   1.511 0.000   2.721 0.000 9999.99 0.999   51.106 0.000 9999.999 0.999 999.999 0.999 9.999 0.999 0.453 0.000
199.291667 200.291667 99999.99 0.999 999.99 0.999 9.999 0.999 99.99 0.999  0.050 0.000   0.786 0.000   1.415 0.000 9999.99 0.999   27.782 0.000 9999.999 0.999 999.999 0.999 9.999 0.999 0.287 0.000
202.291667 203.291667 99999.99 0.999 999.99 0.999 9.999 0.999 99.99 0.999  0.048 0.000   2.557 0.000   4.602 0.000 9999.99 0.999   25.068 0.000 9999.999 0.999 999.999 0.999 9.999 0.999 0.723 0.000
205.291667 206.291667 99999.99 0.999 999.99 0.999 9.999 0.999 99.99 0.999  0.130 0.000   1.131 0.000   2.036 0.000 9999.99 0.999   33.814 0.000 9999.999 0.999 999.999 0.999 9.999 0.999 0.750 0.000
208.291667 209.291667    84.89 0.000   0.92 0.000 0.015 0.000  0.53 0.000  0.134 0.000   0.651 0.000   1.172 0.000 9999.99 0.259 9999.999 0.456 9999.999 0.999   5.458 0.000 0.052 0.000 0.549 0.000
211.291667 212.291667    69.46 0.000   0.95 0.000 0.023 0.000  0.36 0.000  0.074 0.000   0.632 0.000   1.137 0.000 9999.99 0.259    6.745 0.000    2.238 0.000   4.507 0.000 0.047 0.000 0.463 0.000
214.291667 215.291667   153.48 0.000   1.22 0.000 0.028 0.000  0.59 0.000  0.079 0.000   0.784 0.000   1.412 0.000 9999.99 0.259   23.381 0.000   17.221 0.000   6.160 0.000 0.081 0.000 0.466 0.000
217.291667 218.291667   119.15 0.000   1.19 0.000 0.013 0.000 99.99 0.259  0.070 0.000   1.249 0.000   2.247 0.000 9999.99 0.259   15.242 0.000    9.811 0.000   5.432 0.000 0.059 0.000 0.316 0.000
220.291667 221.291667   233.94 0.000   1.34 0.000 9.999 0.259  0.35 0.000  0.050 0.000   0.898 0.000   1.617 0.000 9999.99 0.259   45.662 0.000   38.509 0.000   7.154 0.000 0.122 0.000 0.330 0.000
223.291667 224.291667    58.12 0.000   0.82 0.000 9.999 0.259  0.26 0.000  0.082 0.000   1.579 0.000   2.841 0.000 9999.99 0.259   10.223 0.000    4.782 0.000   5.441 0.000 0.038 0.000 0.313 0.000
226.291667 227.291667    93.04 0.000   2.04 0.000 9.999 0.259  0.23 0.000  0.065 0.000 999.999 0.456 999.999 0.456 9999.99 0.259   15.027 0.000    9.956 0.000   5.071 0.000 0.041 0.000 0.386 0.000
229.291667 230.291667   200.57 0.000   2.47 0.000 9.999 0.259  0.26 0.000  0.097 0.000   1.440 0.000   2.592 0.000 9999.99 0.259   26.922 0.000   19.907 0.000   7.014 0.000 0.080 0.000 0.370 0.000
232.291667 233.291667   148.64 0.000   2.49 0.000 9.999 0.259 99.99 0.259  0.143 0.000   1.310 0.000   2.357 0.000 9999.99 0.259   35.702 0.000   28.583 0.000   7.119 0.000 0.230 0.000 0.482 0.000
235.291667 236.291667   116.63 0.000   1.14 0.000 9.999 0.259 99.99 0.259  0.038 0.000   0.885 0.000   1.593 0.000 9999.99 0.259   13.878 0.000    9.182 0.000   4.696 0.000 0.048 0.000 0.284 0.000
238.291667 239.291667   148.64 0.000   1.72 0.000 9.999 0.259 99.99 0.259  0.083 0.000   1.490 0.000   2.683 0.000 9999.99 0.259   17.593 0.000   10.565 0.000   7.028 0.000 0.061 0.000 0.519 0.000
241.291667 242.291667   237.90 0.000   1.47 0.000 0.047 0.000  1.34 0.000  0.089 0.000   1.354 0.000   2.437 0.000 9999.99 0.259   36.089 0.000   27.237 0.000   8.851 0.000 0.099 0.000 0.521 0.000
