scripts/IMPROVE-2019_partial/data/US0024R.20170101080000.20191216000000.filterpack...52w.3d.US03L_filterpack_US0024.US03L_IMPROVE_Davis.lev2.nas
51 1001
MISSING INFORMATION
US03L, IMPROVE, , , , , , , 
MISSING INFORMATION
IMPROVE sel_HTAP
1 1
2017 01 01 2019 12 16
3.000000
days from file reference point
4
1 1 1 1
999.999999 999.999 999.999 9.999
end_time of measurement, days from the file reference point
pm10_mass, ug/m3, Matrix=pm10
pm25_mass, ug/m3, Matrix=pm25
numflag, no unit
0
33
Data definition:              EBAS_1.1
Set type code:                TU
Timezone:                     UTC
File name:                    US0024R.20170101080000.20191216000000.filterpack...52w.3d.US03L_filterpack_US0024.US03L_IMPROVE_Davis.lev2.nas
File creation:                20191218115702
Startdate:                    20170101080000
Revision date:                20191216000000
Version:                      2
Version description:          "Data extracted from http://views.cira.colostate.edu/fed/DataWizard 2019-12-16"
Statistics:                   arithmetic mean
Data level:                   2
Period code:                  52w
Resolution code:              3d
Sample duration:              1d
Orig. time res.:              3d
Station code:                 US0024R
Platform code:                US0024S
Station name:                 Kaiser
Station latitude:             37.2207
Station longitude:            -119.1546
Station altitude:             2597.0 m
Regime:                       IMG
Component:                    
Unit:                         ug/m3
Matrix:                       
Laboratory code:              US03L
Instrument type:              filterpack
Instrument name:              filterpack_US0024
Method ref:                   US03L_IMPROVE_Davis
Blank correction:             Blank corrected
Volume std. temperature:      ambient
Volume std. pressure:         ambient
starttime endtime PM10 PM2.5 flag
  0.333333   1.333333   2.378   1.465 0.000
  3.333333   4.333333   0.338   0.311 0.000
  6.333333   7.333333   0.339   0.123 0.000
  9.333333  10.333333   0.680   0.533 0.000
 12.333333  13.333333 999.999 999.999 0.999
 15.333333  16.333333 999.999 999.999 0.999
 18.333333  19.333333   0.594   0.407 0.000
 21.333333  22.333333 999.999 999.999 0.999
 24.333333  25.333333 999.999 999.999 0.999
 27.333333  28.333333   0.889   0.460 0.000
 30.333333  31.333333   0.981   0.469 0.000
 33.333333  34.333333   0.338   0.279 0.000
 36.333333  37.333333 999.999 999.999 0.259
 39.333333  40.333333   1.389   0.428 0.000
 42.333333  43.333333   0.548   0.061 0.000
 45.333333  46.333333   4.280   1.378 0.000
 48.333333  49.333333   0.126   0.219 0.000
 51.333333  52.333333   1.312   0.678 0.000
 54.333333  55.333333   1.740   0.904 0.000
 57.333333  58.333333   1.654   1.103 0.000
 60.333333  61.333333   3.872   1.037 0.000
 63.333333  64.333333   4.745   0.864 0.000
 66.333333  67.333333   0.543   0.761 0.000
 69.333333  70.333333   1.921   1.191 0.000
 72.333333  73.333333   1.941   1.324 0.000
 75.333333  76.333333   5.006   2.687 0.000
 78.333333  79.333333   2.685   1.739 0.000
 81.333333  82.333333   1.646   0.928 0.000
 84.333333  85.333333   0.759   0.339 0.000
 87.333333  88.333333 999.999 999.999 0.999
 90.333333  91.333333 999.999 999.999 0.999
 93.333333  94.333333 999.999 999.999 0.456
 96.333333  97.333333 999.999 999.999 0.456
 99.333333 100.333333 999.999 999.999 0.456
102.333333 103.333333   2.750   1.369 0.000
105.333333 106.333333   4.409   2.314 0.000
108.333333 109.333333 999.999 999.999 0.999
111.333333 112.333333 999.999 999.999 0.999
114.333333 115.333333 999.999 999.999 0.999
117.333333 118.333333 999.999 999.999 0.999
120.333333 121.333333 999.999 999.999 0.999
123.333333 124.333333 999.999 999.999 0.999
126.333333 127.333333   4.084   1.992 0.000
129.333333 130.333333  13.944   9.112 0.000
132.333333 133.333333   4.912   2.224 0.000
135.333333 136.333333   3.337   1.691 0.000
138.333333 139.333333   8.892   3.075 0.000
141.333333 142.333333   8.756   4.594 0.000
144.333333 145.333333  11.791   5.362 0.000
147.333333 148.333333   6.791   3.411 0.000
150.333333 151.333333  10.958   6.244 0.000
153.333333 154.333333  13.211   7.821 0.000
156.333333 157.333333   9.323   5.064 0.000
159.333333 160.333333   6.738   3.377 0.000
162.333333 163.333333   3.154   1.604 0.000
165.333333 166.333333 999.999 999.999 0.999
168.333333 169.333333   8.516   3.738 0.000
171.333333 172.333333  20.314   9.519 0.000
174.333333 175.333333  10.605   4.155 0.000
177.333333 178.333333   9.371   2.720 0.000
180.333333 181.333333  40.471   7.712 0.000
183.333333 184.333333  20.223   8.628 0.000
186.333333 187.333333  20.066   7.329 0.000
189.333333 190.333333  24.381  12.788 0.000
192.333333 193.333333 999.999 999.999 0.999
195.333333 196.333333  16.085  10.235 0.000
198.333333 199.333333  10.388   6.418 0.000
201.333333 202.333333  32.748  22.343 0.000
204.333333 205.333333  19.072   7.875 0.000
207.333333 208.333333  15.715   5.278 0.000
210.333333 211.333333  20.672   4.926 0.000
213.333333 214.333333  20.078   8.139 0.000
216.333333 217.333333 999.999 999.999 0.999
219.333333 220.333333 999.999 999.999 0.999
222.333333 223.333333 999.999 999.999 0.999
225.333333 226.333333 999.999 999.999 0.999
228.333333 229.333333  21.973  12.255 0.000
231.333333 232.333333  19.378   9.195 0.000
234.333333 235.333333 999.999 999.999 0.999
237.333333 238.333333  17.598   6.361 0.000
240.333333 241.333333 999.999 999.999 0.999
243.333333 244.333333  24.690  15.762 0.000
246.333333 247.333333  21.811   9.781 0.000
249.333333 250.333333 999.999 999.999 0.999
252.333333 253.333333 999.999 999.999 0.999
255.333333 256.333333 999.999 999.999 0.999
258.333333 259.333333 999.999 999.999 0.999
261.333333 262.333333 999.999 999.999 0.999
264.333333 265.333333 999.999 999.999 0.999
267.333333 268.333333   7.461   3.413 0.000
270.333333 271.333333   9.050   3.803 0.000
273.333333 274.333333   8.272   4.053 0.000
276.333333 277.333333  13.658   6.682 0.000
279.333333 280.333333   7.355   5.087 0.000
282.333333 283.333333  29.175  15.060 0.000
285.333333 286.333333   7.039   3.971 0.000
288.333333 289.333333   6.580   3.883 0.000
291.333333 292.333333  22.142   9.943 0.000
294.333333 295.333333   2.543   1.730 0.000
297.333333 298.333333 999.999 999.999 0.999
300.333333 301.333333 999.999 999.999 0.999
303.333333 304.333333   7.459   5.528 0.000
306.333333 307.333333  12.128   9.807 0.000
309.333333 310.333333   2.830   2.280 0.000
312.333333 313.333333   1.845   0.955 0.000
315.333333 316.333333   1.932   1.446 0.000
318.333333 319.333333   5.397   2.675 0.000
321.333333 322.333333   1.004   0.612 0.000
324.333333 325.333333   0.723   0.185 0.000
327.333333 328.333333   1.919   0.789 0.000
330.333333 331.333333   0.893   0.218 0.000
333.333333 334.333333   1.978   1.569 0.000
336.333333 337.333333   3.565   1.182 0.000
339.333333 340.333333 999.999 999.999 0.999
342.333333 343.333333   0.505   0.335 0.000
345.333333 346.333333   0.385   0.310 0.000
348.333333 349.333333  13.315  10.958 0.000
351.333333 352.333333   1.219   0.710 0.000
354.333333 355.333333   4.019   0.671 0.000
357.333333 358.333333   1.385   0.707 0.000
360.333333 361.333333   0.587   0.214 0.000
363.333333 364.333333   0.251   0.277 0.000
