scripts/IMPROVE-2019_partial/data/US0098R.19990102080000.20191216000000.filterpack...1y.3d.US03L_filterpack_US0098.US03L_IMPROVE_Davis.lev2.nas
51 1001
MISSING INFORMATION
US03L, IMPROVE, , , , , , , 
MISSING INFORMATION
IMPROVE sel_HTAP
1 1
1999 01 01 2019 12 16
0
days from file reference point
4
1 1 1 1
999.999999 999.999 999.999 9.999
end_time of measurement, days from the file reference point
pm10_mass, ug/m3, Matrix=pm10
pm25_mass, ug/m3, Matrix=pm25
numflag, no unit
0
33
Data definition:              EBAS_1.1
Set type code:                TI
Timezone:                     UTC
File name:                    US0098R.19990102080000.20191216000000.filterpack...1y.3d.US03L_filterpack_US0098.US03L_IMPROVE_Davis.lev2.nas
File creation:                20191218120207
Startdate:                    19990102080000
Revision date:                20191216000000
Version:                      2
Version description:          "Data extracted from http://views.cira.colostate.edu/fed/DataWizard 2019-12-16"
Statistics:                   arithmetic mean
Data level:                   2
Period code:                  1y
Resolution code:              3d
Sample duration:              1d
Orig. time res.:              3d
Station code:                 US0098R
Platform code:                US0098S
Station name:                 Point Reyes National Seashore
Station latitude:             38.1224
Station longitude:            -122.9085
Station altitude:             97.0 m
Regime:                       IMG
Component:                    
Unit:                         ug/m3
Matrix:                       
Laboratory code:              US03L
Instrument type:              filterpack
Instrument name:              filterpack_US0098
Method ref:                   US03L_IMPROVE_Davis
Blank correction:             Blank corrected
Volume std. temperature:      ambient
Volume std. pressure:         ambient
starttime endtime PM10 PM2.5 flag
  1.333333   2.333333  20.716  12.433 0.000
  5.333333   6.333333  18.820  12.543 0.000
  8.333333   9.333333  31.048  25.197 0.000
 12.333333  13.333333  11.371   4.740 0.000
 15.333333  16.333333  11.339   4.397 0.000
 19.333333  20.333333  18.558   8.619 0.000
 22.333333  23.333333  12.359   3.610 0.000
 26.333333  27.333333  19.452   6.638 0.000
 29.333333  30.333333  28.942  21.017 0.000
 33.333333  34.333333   8.108   3.231 0.000
 36.333333  37.333333   6.120   2.972 0.000
 40.333333  41.333333  14.210   3.411 0.000
 43.333333  44.333333  24.564  14.990 0.000
 47.333333  48.333333  17.517   6.431 0.000
 50.333333  51.333333   8.318   4.167 0.000
 54.333333  55.333333   6.671   3.059 0.000
 57.333333  58.333333  11.714   4.518 0.000
 61.333333  62.333333  26.181   8.727 0.000
 64.333333  65.333333  23.433   9.249 0.000
 68.333333  69.333333 999.999 999.999 0.999
 71.333333  72.333333 999.999 999.999 0.999
 75.333333  76.333333 999.999 999.999 0.999
 78.333333  79.333333 999.999 999.999 0.999
 82.333333  83.333333 999.999 999.999 0.999
 85.333333  86.333333 999.999 999.999 0.999
 89.333333  90.333333 999.999   3.960 0.000
 92.333333  93.333333  25.577  10.109 0.000
 96.333333  97.333333  27.778  10.189 0.000
 99.333333 100.333333  12.908   4.763 0.000
103.333333 104.333333  16.483   7.832 0.000
106.333333 107.333333  10.529   5.970 0.000
110.333333 111.333333  18.244   6.088 0.000
113.333333 114.333333  32.084  16.654 0.000
117.333333 118.333333  20.990   7.495 0.000
120.333333 121.333333  11.280   4.650 0.000
124.333333 125.333333  20.912   7.516 0.000
127.333333 128.333333  23.574  11.347 0.000
131.333333 132.333333  29.533   7.342 0.000
134.333333 135.333333  10.708   6.543 0.000
138.333333 139.333333  26.715   7.971 0.000
141.333333 142.333333  22.356  12.433 0.000
145.333333 146.333333  36.096  13.610 0.000
148.333333 149.333333  28.443  15.948 0.000
152.333333 153.333333   7.898   6.975 0.000
155.333333 156.333333  17.921   4.548 0.000
159.333333 160.333333 999.999   7.551 0.000
162.333333 163.333333  21.711   2.438 0.000
166.333333 167.333333  26.117   4.670 0.000
169.333333 170.333333  11.360   9.492 0.000
173.333333 174.333333   5.459   2.114 0.000
176.333333 177.333333  37.558   8.001 0.000
180.333333 181.333333 999.999 999.999 0.999
183.333333 184.333333  24.072 999.999 0.000
187.333333 188.333333 999.999 999.999 0.999
190.333333 191.333333  11.209   6.343 0.000
194.333333 195.333333  17.506  10.492 0.000
197.333333 198.333333   9.885   4.690 0.000
201.333333 202.333333   4.491   2.597 0.000
204.333333 205.333333   7.646   2.748 0.000
208.333333 209.333333 999.999 999.999 0.999
211.333333 212.333333 999.999 999.999 0.999
215.333333 216.333333 999.999 999.999 0.999
218.333333 219.333333 999.999 999.999 0.999
222.333333 223.333333   4.605   2.536 0.000
225.333333 226.333333  15.480   7.432 0.000
229.333333 230.333333   7.019   3.046 0.000
232.333333 233.333333  17.976   8.157 0.000
236.333333 237.333333   7.624   2.581 0.000
239.333333 240.333333   6.981   4.805 0.000
243.333333 244.333333  15.494   6.207 0.000
246.333333 247.333333   6.198   4.846 0.000
250.333333 251.333333  12.818   8.611 0.000
253.333333 254.333333  14.985   9.353 0.000
257.333333 258.333333  12.153   6.760 0.000
260.333333 261.333333   9.635   6.512 0.000
264.333333 265.333333   7.018   4.252 0.000
267.333333 268.333333  15.950   7.832 0.000
271.333333 272.333333 999.999 999.999 0.999
274.333333 275.333333  24.306  16.012 0.000
278.333333 279.333333 999.999 999.999 0.999
281.333333 282.333333  17.540   8.229 0.000
285.333333 286.333333  13.852   8.967 0.000
288.333333 289.333333  36.229  12.865 0.000
292.333333 293.333333  41.179  28.912 0.000
295.333333 296.333333  35.754  25.924 0.000
299.333333 300.333333   3.429   1.967 0.000
302.333333 303.333333  19.762   8.395 0.000
306.333333 307.333333  23.432  12.342 0.000
309.333333 310.333333  18.456  10.196 0.000
313.333333 314.333333  18.166   5.881 0.000
316.333333 317.333333  15.495  11.249 0.000
320.333333 321.333333 999.999 999.999 0.999
323.333333 324.333333  14.312   6.448 0.000
327.333333 328.333333   9.146   4.087 0.000
330.333333 331.333333   8.196   3.611 0.000
334.333333 335.333333  14.757   4.484 0.000
337.333333 338.333333  14.307   3.995 0.000
341.333333 342.333333 999.999 999.999 0.999
344.333333 345.333333 999.999 999.999 0.999
348.333333 349.333333 999.999 999.999 0.999
351.333333 352.333333 999.999 999.999 0.999
355.333333 356.333333  12.880   3.751 0.000
358.333333 359.333333  21.896  11.006 0.000
362.333333 363.333333  19.509   9.741 0.000
