scripts/IMPROVE-2019_partial/data/US0045R.20090101050000.20191216000000.filterpack...52w.3d.US03L_filterpack_US0045.US03L_IMPROVE_Davis.lev2.nas
51 1001
MISSING INFORMATION
US03L, IMPROVE, , , , , , , 
MISSING INFORMATION
IMPROVE sel_HTAP
1 1
2009 01 01 2019 12 16
3.000000
days from file reference point
4
1 1 1 1
999.999999 999.999 999.999 9.999
end_time of measurement, days from the file reference point
pm10_mass, ug/m3, Matrix=pm10
pm25_mass, ug/m3, Matrix=pm25
numflag, no unit
0
33
Data definition:              EBAS_1.1
Set type code:                TU
Timezone:                     UTC
File name:                    US0045R.20090101050000.20191216000000.filterpack...52w.3d.US03L_filterpack_US0045.US03L_IMPROVE_Davis.lev2.nas
File creation:                20191218115811
Startdate:                    20090101050000
Revision date:                20191216000000
Version:                      2
Version description:          "Data extracted from http://views.cira.colostate.edu/fed/DataWizard 2019-12-16"
Statistics:                   arithmetic mean
Data level:                   2
Period code:                  52w
Resolution code:              3d
Sample duration:              1d
Orig. time res.:              3d
Station code:                 US0045R
Platform code:                US0045S
Station name:                 Isle Royale NP
Station latitude:             47.4596
Station longitude:            -88.1491
Station altitude:             182.0 m
Regime:                       IMG
Component:                    
Unit:                         ug/m3
Matrix:                       
Laboratory code:              US03L
Instrument type:              filterpack
Instrument name:              filterpack_US0045
Method ref:                   US03L_IMPROVE_Davis
Blank correction:             Blank corrected
Volume std. temperature:      ambient
Volume std. pressure:         ambient
starttime endtime PM10 PM2.5 flag
  0.208333   1.208333  23.228   4.689 0.000
  3.208333   4.208333   7.997   2.403 0.000
  6.208333   7.208333   6.135   3.089 0.000
  9.208333  10.208333   1.883   1.456 0.000
 12.208333  13.208333   4.413   2.453 0.000
 15.208333  16.208333   9.114   2.169 0.000
 18.208333  19.208333   4.172   3.280 0.000
 21.208333  22.208333  12.726   1.983 0.000
 24.208333  25.208333  15.982   3.026 0.000
 27.208333  28.208333  15.665   8.334 0.000
 30.208333  31.208333  11.273   8.468 0.000
 33.208333  34.208333   2.767   1.249 0.000
 36.208333  37.208333  20.166  10.442 0.000
 39.208333  40.208333   9.017   7.357 0.000
 42.208333  43.208333   4.303   1.619 0.000
 45.208333  46.208333   3.100   2.434 0.000
 48.208333  49.208333   5.870   1.847 0.000
 51.208333  52.208333   2.785   2.185 0.000
 54.208333  55.208333   6.042   4.428 0.000
 57.208333  58.208333   5.130   2.121 0.000
 60.208333  61.208333   2.733   1.870 0.000
 63.208333  64.208333  23.578  16.018 0.000
 66.208333  67.208333   3.664   3.070 0.000
 69.208333  70.208333  10.977   2.698 0.000
 72.208333  73.208333   6.794   4.464 0.000
 75.208333  76.208333  13.472  10.699 0.000
 78.208333  79.208333   7.383   2.410 0.000
 81.208333  82.208333   3.462   2.023 0.000
 84.208333  85.208333   8.264   3.029 0.000
 87.208333  88.208333   3.057   2.058 0.000
 90.208333  91.208333   5.416   3.298 0.000
 93.208333  94.208333   2.873   2.237 0.000
 96.208333  97.208333   2.694   2.022 0.000
 99.208333 100.208333   3.963   2.838 0.000
102.208333 103.208333   5.142   3.296 0.000
105.208333 106.208333 999.999 999.999 0.999
108.208333 109.208333 999.999 999.999 0.999
111.208333 112.208333   2.856   2.538 0.000
114.208333 115.208333   2.154   1.960 0.000
117.208333 118.208333   1.003   0.835 0.000
120.208333 121.208333   3.546   2.503 0.000
123.208333 124.208333   4.522   4.533 0.000
126.208333 127.208333   8.447   5.932 0.000
129.208333 130.208333 999.999 999.999 0.999
132.208333 133.208333  10.001   5.737 0.000
135.208333 136.208333   2.123   1.389 0.000
138.208333 139.208333   1.848   0.911 0.000
141.208333 142.208333   5.308   2.393 0.000
144.208333 145.208333   6.635   3.558 0.000
147.208333 148.208333   6.619   2.845 0.000
150.208333 151.208333   2.598   1.334 0.000
153.208333 154.208333   9.054   1.789 0.000
156.208333 157.208333   2.025   0.782 0.000
159.208333 160.208333   1.775   1.139 0.000
162.208333 163.208333   3.338   1.380 0.000
165.208333 166.208333   6.013   2.353 0.000
168.208333 169.208333  19.195  10.474 0.000
171.208333 172.208333 999.999 999.999 0.999
174.208333 175.208333   9.120   4.595 0.000
177.208333 178.208333   8.464   4.805 0.000
180.208333 181.208333   1.074   0.423 0.000
183.208333 184.208333   3.649   1.476 0.000
186.208333 187.208333   2.999   1.511 0.000
189.208333 190.208333   9.362   3.004 0.000
192.208333 193.208333   3.965   1.514 0.000
195.208333 196.208333   9.353   4.740 0.000
198.208333 199.208333   2.801   1.270 0.000
201.208333 202.208333  14.856   8.290 0.000
204.208333 205.208333   9.149   5.700 0.000
207.208333 208.208333   9.687   5.167 0.000
210.208333 211.208333   6.322   3.268 0.000
213.208333 214.208333   4.554   1.824 0.000
216.208333 217.208333   5.085   1.723 0.000
219.208333 220.208333   7.232   5.721 0.000
222.208333 223.208333   9.931   3.953 0.000
225.208333 226.208333  17.704  10.820 0.000
228.208333 229.208333   5.619   2.475 0.000
231.208333 232.208333   6.704   3.205 0.000
234.208333 235.208333   2.558   1.058 0.000
237.208333 238.208333   3.916   1.138 0.000
240.208333 241.208333   2.108   1.379 0.000
243.208333 244.208333   9.732   4.334 0.000
246.208333 247.208333  16.882   9.673 0.000
249.208333 250.208333  20.711  13.442 0.000
252.208333 253.208333  23.302  15.445 0.000
255.208333 256.208333  11.199   7.935 0.000
258.208333 259.208333   9.773   1.405 0.000
261.208333 262.208333   7.678   2.559 0.000
264.208333 265.208333  13.479   9.116 0.000
267.208333 268.208333   7.375   3.563 0.000
270.208333 271.208333   2.062   1.185 0.000
273.208333 274.208333   3.844   0.984 0.000
276.208333 277.208333   1.278   0.509 0.000
279.208333 280.208333 999.999 999.999 0.999
282.208333 283.208333 999.999 999.999 0.999
285.208333 286.208333 999.999 999.999 0.999
288.208333 289.208333 999.999 999.999 0.999
291.208333 292.208333 999.999 999.999 0.999
294.208333 295.208333   2.054   0.832 0.000
297.208333 298.208333   0.964   0.951 0.000
300.208333 301.208333   4.795   3.440 0.000
303.208333 304.208333   1.206   0.573 0.000
306.208333 307.208333   1.713   1.273 0.000
309.208333 310.208333   6.291   3.746 0.000
312.208333 313.208333   2.862   1.730 0.000
315.208333 316.208333 999.999 999.999 0.999
318.208333 319.208333 999.999 999.999 0.999
321.208333 322.208333 999.999 999.999 0.999
324.208333 325.208333 999.999 999.999 0.999
327.208333 328.208333 999.999 999.999 0.999
330.208333 331.208333 999.999 999.999 0.999
333.208333 334.208333 999.999 999.999 0.999
336.208333 337.208333 999.999 999.999 0.999
339.208333 340.208333 999.999 999.999 0.999
342.208333 343.208333   3.551   1.218 0.000
345.208333 346.208333   9.577   7.789 0.000
348.208333 349.208333   2.130   1.373 0.000
351.208333 352.208333  11.517   7.781 0.000
354.208333 355.208333   4.958   3.240 0.000
357.208333 358.208333   1.621   1.383 0.000
360.208333 361.208333   2.744   1.864 0.000
363.208333 364.208333   9.012   7.240 0.000
