scripts/IMPROVE-2019_partial/data/US0013R.20060102070000.20191216000000.filterpack..pm25.52w.1w.US03L_filterpack_US0013.US03L_IMPROVE_Davis.lev2.nas
64 1001
MISSING INFORMATION
US03L, IMPROVE, , , , , , , 
MISSING INFORMATION
IMPROVE sel_HTAP
1 1
2006 01 01 2019 12 16
3.000000
days from file reference point
25
1 1 1 1 1 1 1 1 1 1 1 1 1 1 1 1 1 1 1 1 1 1 1 1 1
999.999999 9999.99 9.999 99.99 9.999 9.999 9.999999 9.99 9.999999 9.999 9.999 99.999 9.999 999.999 9.999 999.999 9.999 99.999 9.999 99.999 9.999 9.999 9.999 9.999 9.999
end_time of measurement, days from the file reference point
iron, ng/m3, Revision date=20181210133000
numflag iron, no unit, Revision date=20181210133000
lead, ng/m3, Revision date=20181210133000
numflag lead, no unit, Revision date=20181210133000
magnesium, ug/m3, Revision date=20181210133000
numflag magnesium, no unit, Revision date=20181210133000
nickel, ng/m3, Revision date=20181210133000
numflag nickel, no unit, Revision date=20181210133000
nitrate, ug N/m3, Revision date=20181210133000
numflag nitrate, no unit, Revision date=20181210133000
organic_carbon, ug C/m3, Revision date=20181210133000
numflag organic_carbon, no unit, Revision date=20181210133000
organic_mass, ug/m3, Revision date=20181210133000
numflag organic_mass, no unit, Revision date=20181210133000
pm10_mass, ug/m3, Version=2, Version description=Data extracted from http://views.cira.colostate.edu/fed/DataWizard 2019-12-16, Sample duration=1d, Orig. time res.=3d, Matrix=pm10, Blank correction=Blank corrected, Volume std. temperature=ambient, Volume std. pressure=ambient
numflag pm10_mass, no unit, Version=2, Version description=Data extracted from http://views.cira.colostate.edu/fed/DataWizard 2019-12-16, Sample duration=1d, Orig. time res.=3d, Matrix=pm10, Blank correction=Blank corrected, Volume std. temperature=ambient, Volume std. pressure=ambient
pm10_pm25_mass, ug/m3, Revision date=20181210133000, Matrix=pm10_pm25
numflag pm10_pm25_mass, no unit, Revision date=20181210133000, Matrix=pm10_pm25
pm25_mass, ug/m3, Version=2, Version description=Data extracted from http://views.cira.colostate.edu/fed/DataWizard 2019-12-16, Sample duration=1d, Orig. time res.=3d, Blank correction=Blank corrected, Volume std. temperature=ambient, Volume std. pressure=ambient
numflag pm25_mass, no unit, Version=2, Version description=Data extracted from http://views.cira.colostate.edu/fed/DataWizard 2019-12-16, Sample duration=1d, Orig. time res.=3d, Blank correction=Blank corrected, Volume std. temperature=ambient, Volume std. pressure=ambient
potassium, ug/m3, Revision date=20181210133000
numflag potassium, no unit, Revision date=20181210133000
sulphate_total, ug S/m3, Revision date=20181210133000
numflag sulphate_total, no unit, Revision date=20181210133000
0
25
Data definition:              EBAS_1.1
Set type code:                TU
Timezone:                     UTC
File name:                    US0013R.20060102070000.20191216000000.filterpack..pm25.52w.1w.US03L_filterpack_US0013.US03L_IMPROVE_Davis.lev2.nas
File creation:                20191218115614
Startdate:                    20060102070000
Revision date:                20191216000000
Statistics:                   arithmetic mean
Data level:                   2
Period code:                  52w
Resolution code:              1w
Station code:                 US0013R
Platform code:                US0013S
Station name:                 Hance Camp at Grand Canyon NP
Station latitude:             35.9731
Station longitude:            -111.9841
Station altitude:             2267.0 m
Regime:                       IMG
Component:                    
Matrix:                       pm25
Laboratory code:              US03L
Instrument type:              filterpack
Instrument name:              filterpack_US0013
Method ref:                   US03L_IMPROVE_Davis
starttime endtime Fe flag_Fe Pb flag_Pb Mg++ flag_Mg++ Ni flag_Ni NO3- flag_NO3- OC flag_OC OM flag_OM PM10 flag_PM10 PM10-PM2.5 flag_PM10-PM2.5 PM2.5 flag_PM2.5 K+ flag_K+ SO4-- flag_SO4--
[from data line 89]
268.291667 269.291667   14.37 0.559  0.48 0.559 9.999 0.559259 9.99 0.559259 0.016 0.559  0.403 0.000   0.725 0.000   4.880 0.000  2.859 0.559  2.020 0.659 0.014 0.559 0.160 0.559
271.291667 272.291667   17.75 0.559  0.17 0.559 0.004 0.559000 9.99 0.559259 0.011 0.559  0.507 0.559   0.913 0.559   5.174 0.000  3.165 0.559  2.009 0.659 0.023 0.559 0.087 0.559
274.291667 275.291667   27.73 0.559  0.39 0.559 9.999 0.559259 0.35 0.559000 0.031 0.559  0.503 0.000   0.906 0.000   8.477 0.000  5.115 0.559  3.362 0.659 0.034 0.559 0.332 0.559
277.291667 278.291667   20.64 0.559  0.41 0.559 9.999 0.559259 0.18 0.559000 0.035 0.000  0.949 0.000   1.708 0.000   6.480 0.000  2.305 0.559  4.175 0.659 0.021 0.559 0.391 0.000
280.291667 281.291667   26.99 0.559  0.25 0.559 9.999 0.559259 0.15 0.559000 0.016 0.000  0.128 0.000   0.230 0.000   5.193 0.000  3.274 0.559  1.919 0.659 0.017 0.559 0.157 0.000
283.291667 284.291667   28.41 0.559  0.62 0.559 0.008 0.559000 0.13 0.559000 0.041 0.000  0.297 0.000   0.535 0.000   6.350 0.000  3.895 0.559  2.455 0.659 0.027 0.559 0.224 0.000
286.291667 287.291667    7.17 0.559  0.40 0.559 9.999 0.559259 9.99 0.559259 0.022 0.559  0.447 0.000   0.805 0.000   2.619 0.000  0.842 0.559  1.777 0.659 0.007 0.559 0.114 0.559
289.291667 290.291667   18.27 0.559  0.57 0.559 9.999 0.559259 9.99 0.559259 0.064 0.000  0.225 0.000   0.406 0.000   3.558 0.000  1.563 0.559  1.995 0.659 0.016 0.559 0.176 0.000
292.291667 293.291667    4.50 0.559  0.51 0.559 9.999 0.559259 9.99 0.559259 0.002 0.000  0.191 0.000   0.344 0.000   1.800 0.000  0.423 0.559  1.378 0.659 0.007 0.559 0.143 0.000
295.291667 296.291667   13.59 0.559  0.29 0.559 9.999 0.559259 9.99 0.559259 0.004 0.000  0.495 0.000   0.892 0.000   3.192 0.000  1.842 0.559  1.350 0.659 0.008 0.559 0.096 0.000
298.291667 299.291667    5.60 0.559  0.17 0.559 9.999 0.559259 9.99 0.559259 0.006 0.559  0.207 0.559   0.372 0.559   2.237 0.000  1.208 0.559  1.029 0.659 0.006 0.559 0.054 0.559
301.291667 302.291667   15.12 0.559  0.62 0.559 9.999 0.559259 9.99 0.559259 0.007 0.559  0.165 0.559   0.296 0.559   3.588 0.000  1.842 0.559  1.746 0.659 0.013 0.559 0.128 0.559
304.291667 305.291667   42.72 0.000  1.60 0.000 0.006 0.000000 0.17 0.000000 0.060 0.559  1.036 0.559   1.864 0.559   9.450 0.000  4.439 0.000  5.012 0.000 0.066 0.000 0.319 0.559
307.291667 308.291667   26.52 0.000  0.85 0.000 9.999 0.259000 0.15 0.000000 0.044 0.559  3.471 0.559   6.247 0.559   9.601 0.000  2.969 0.000  6.631 0.000 0.025 0.000 0.158 0.559
310.291667 311.291667    2.44 0.559  0.19 0.559 9.999 0.559259 0.06 0.559000 0.002 0.559  0.111 0.559   0.201 0.559   1.011 0.000  0.465 0.559  0.546 0.659 0.004 0.559 0.034 0.559
313.291667 314.291667    9.95 0.559  0.61 0.559 9.999 0.559259 9.99 0.559259 0.007 0.559  0.164 0.559   0.296 0.559   4.016 0.000  2.214 0.559  1.802 0.659 0.013 0.559 0.194 0.559
316.291667 317.291667   13.53 0.559  0.49 0.559 9.999 0.559259 9.99 0.559259 0.010 0.559  0.413 0.559   0.744 0.559   3.811 0.000  2.008 0.559  1.803 0.659 0.010 0.559 0.154 0.559
319.291667 320.291667   10.96 0.559  0.79 0.559 0.004 0.559000 9.99 0.559259 0.004 0.000  0.156 0.000   0.281 0.000   2.920 0.000  1.491 0.559  1.429 0.659 0.011 0.559 0.152 0.000
322.291667 323.291667    8.79 0.559  0.57 0.559 9.999 0.559259 9.99 0.559259 0.007 0.000  0.413 0.000   0.744 0.000   3.200 0.000  1.364 0.559  1.836 0.659 0.011 0.559 0.156 0.000
325.291667 326.291667   29.72 0.559  0.94 0.559 9.999 0.559259 0.29 0.559000 0.011 0.000  0.566 0.000   1.018 0.000   6.483 0.000  3.737 0.559  2.746 0.659 0.025 0.559 0.247 0.000
328.291667 329.291667   26.50 0.559  1.56 0.559 9.999 0.559259 0.14 0.559000 0.059 0.000  0.498 0.000   0.896 0.000   6.891 0.000  3.893 0.559  2.998 0.659 0.022 0.559 0.317 0.000
331.291667 332.291667   11.42 0.559  0.44 0.559 0.008 0.559000 0.15 0.559000 0.116 0.000  0.203 0.000   0.364 0.000   3.954 0.000  2.041 0.559  1.913 0.659 0.012 0.559 0.151 0.000
334.291667 335.291667    2.64 0.559  0.18 0.559 9.999 0.559259 9.99 0.559259 0.004 0.559  0.147 0.000   0.264 0.000   1.049 0.000  0.273 0.559  0.776 0.659 0.003 0.559 0.046 0.559
337.291667 338.291667    6.71 0.559  0.36 0.559 9.999 0.559259 9.99 0.559259 0.015 0.559  0.172 0.000   0.310 0.000   1.816 0.000  0.568 0.559  1.248 0.659 0.008 0.559 0.101 0.559
340.291667 341.291667   12.19 0.559  0.28 0.559 9.999 0.559259 0.06 0.559000 0.010 0.559  0.212 0.000   0.382 0.000   2.554 0.000  1.478 0.559  1.076 0.659 0.008 0.559 0.090 0.559
343.291667 344.291667   20.58 0.559  0.84 0.559 0.009 0.559000 9.99 0.559259 0.067 0.000  0.351 0.000   0.631 0.000   5.045 0.000  3.348 0.559  1.696 0.659 0.020 0.559 0.116 0.000
346.291667 347.291667    3.39 0.559  0.30 0.559 0.007 0.559000 9.99 0.559259 0.004 0.559  0.111 0.000   0.200 0.000   1.217 0.000  0.709 0.559  0.508 0.659 0.003 0.559 0.085 0.559
349.291667 350.291667   31.25 0.559  0.70 0.559 0.007 0.559000 0.12 0.559000 0.036 0.000  0.230 0.000   0.413 0.000   5.249 0.000  3.620 0.559  1.629 0.659 0.056 0.559 0.107 0.000
352.291667 353.291667    4.11 0.559  0.12 0.559 9.999 0.559259 0.05 0.559000 0.040 0.000  0.146 0.000   0.264 0.000   1.880 0.000  0.840 0.559  1.040 0.659 0.005 0.559 0.139 0.000
355.291667 356.291667    6.83 0.559  0.29 0.559 9.999 0.559259 9.99 0.559259 0.017 0.000  0.232 0.000   0.418 0.000   1.955 0.000  0.871 0.559  1.084 0.659 0.006 0.559 0.132 0.000
358.291667 359.291667    2.63 0.559  0.12 0.559 9.999 0.559259 9.99 0.559259 0.002 0.000  0.005 0.000   0.008 0.000   0.891 0.000  0.430 0.559  0.461 0.659 0.003 0.559 0.098 0.000
361.291667 362.291667    3.43 0.559  0.44 0.559 9.999 0.559259 9.99 0.559259 0.028 0.000  0.109 0.000   0.197 0.000   1.872 0.000  0.701 0.559  1.171 0.659 0.009 0.559 0.187 0.000
364.291667 365.291667    2.64 0.559  0.28 0.559 9.999 0.559259 9.99 0.559259 0.008 0.000  0.020 0.559   0.035 0.559   1.419 0.000  0.639 0.559  0.780 0.659 0.003 0.559 0.092 0.000
