scripts/IMPROVE-2019_partial/data/US0048R.19980103060000.20191216000000.filterpack...1y.3d.US03L_filterpack_US0048.US03L_IMPROVE_Davis.lev2.nas
51 1001
MISSING INFORMATION
US03L, IMPROVE, , , , , , , 
MISSING INFORMATION
IMPROVE sel_HTAP
1 1
1998 01 01 2019 12 16
0
days from file reference point
4
1 1 1 1
999.99 999.999 999.999 9.999
end_time of measurement, days from the file reference point
pm10_mass, ug/m3, Matrix=pm10
pm25_mass, ug/m3, Matrix=pm25
numflag, no unit
0
33
Data definition:              EBAS_1.1
Set type code:                TI
Timezone:                     UTC
File name:                    US0048R.19980103060000.20191216000000.filterpack...1y.3d.US03L_filterpack_US0048.US03L_IMPROVE_Davis.lev2.nas
File creation:                20191218115817
Startdate:                    19980103060000
Revision date:                20191216000000
Version:                      2
Version description:          "Data extracted from http://views.cira.colostate.edu/fed/DataWizard 2019-12-16"
Statistics:                   arithmetic mean
Data level:                   2
Period code:                  1y
Resolution code:              3d
Sample duration:              1d
Orig. time res.:              3d
Station code:                 US0048R
Platform code:                US0048S
Station name:                 Boundary Waters Canoe Area
Station latitude:             47.9466
Station longitude:            -91.4955
Station altitude:             526.0 m
Regime:                       IMG
Component:                    
Unit:                         ug/m3
Matrix:                       
Laboratory code:              US03L
Instrument type:              filterpack
Instrument name:              filterpack_US0048
Method ref:                   US03L_IMPROVE_Davis
Blank correction:             Blank corrected
Volume std. temperature:      ambient
Volume std. pressure:         ambient
starttime endtime PM10 PM2.5 flag
  2.25   3.25  11.661   5.103 0.000
  6.25   7.25  12.464   3.620 0.000
  9.25  10.25   5.030   4.509 0.000
 13.25  14.25 999.999 999.999 0.999
 16.25  17.25 999.999 999.999 0.999
 20.25  21.25 999.999 999.999 0.999
 23.25  24.25 999.999 999.999 0.999
 27.25  28.25 999.999 999.999 0.999
 30.25  31.25 999.999 999.999 0.999
 34.25  35.25 999.999 999.999 0.999
 37.25  38.25  12.204   7.104 0.000
 41.25  42.25 999.999 999.999 0.999
 44.25  45.25   5.841   4.969 0.000
 48.25  49.25   6.495   5.702 0.000
 51.25  52.25 999.999   7.422 0.000
 55.25  56.25   8.573   3.097 0.000
 58.25  59.25   5.144 999.999 0.000
 62.25  63.25   4.448   2.315 0.000
 65.25  66.25  13.662   3.154 0.000
 69.25  70.25   3.134   1.998 0.000
 72.25  73.25   3.515   2.505 0.000
 76.25  77.25   7.622   4.661 0.000
 79.25  80.25   6.563   2.251 0.000
 83.25  84.25  14.014  12.145 0.000
 86.25  87.25   4.811   2.688 0.000
 90.25  91.25   1.726   0.969 0.000
 93.25  94.25   4.191   2.784 0.000
 97.25  98.25  13.808   3.568 0.000
100.25 101.25   6.783   6.536 0.000
104.25 105.25   1.905   1.439 0.000
107.25 108.25   7.576   3.441 0.000
111.25 112.25   5.131   4.154 0.000
114.25 115.25   2.045   1.444 0.000
118.25 119.25  24.561  14.757 0.000
121.25 122.25   8.553   4.991 0.000
125.25 126.25  20.057   5.468 0.000
128.25 129.25   9.621   5.342 0.000
132.25 133.25 999.999 999.999 0.999
135.25 136.25 999.999 999.999 0.999
139.25 140.25 999.999 999.999 0.999
142.25 143.25 999.999 999.999 0.999
146.25 147.25  17.203  11.771 0.000
149.25 150.25   3.551   2.678 0.000
153.25 154.25   5.478   2.385 0.000
156.25 157.25   6.597   1.661 0.000
160.25 161.25 999.999  14.962 0.000
163.25 164.25  13.925   8.941 0.000
167.25 168.25 999.999 999.999 0.999
170.25 171.25 999.999 999.999 0.999
174.25 175.25 999.999 999.999 0.999
177.25 178.25 999.999 999.999 0.999
181.25 182.25 999.999 999.999 0.999
184.25 185.25 999.999 999.999 0.999
188.25 189.25  14.624   7.098 0.000
191.25 192.25  21.588  11.422 0.000
195.25 196.25   4.796   2.356 0.000
198.25 199.25   9.323   6.696 0.000
202.25 203.25 999.999   6.049 0.000
205.25 206.25   4.355   3.179 0.000
209.25 210.25   5.990   3.718 0.000
212.25 213.25  10.264   7.129 0.000
216.25 217.25  11.779   9.249 0.000
219.25 220.25  14.388  12.618 0.000
223.25 224.25  33.023  27.839 0.000
226.25 227.25  20.649  16.777 0.000
230.25 231.25  14.441  10.088 0.000
233.25 234.25  14.204   8.622 0.000
237.25 238.25  13.507   8.909 0.000
240.25 241.25   6.029   4.268 0.000
244.25 245.25   5.218   5.393 0.000
247.25 248.25  25.581  15.440 0.000
251.25 252.25   3.939   1.466 0.000
254.25 255.25   8.203   6.072 0.000
258.25 259.25   8.365   4.886 0.000
261.25 262.25   5.327   2.931 0.000
265.25 266.25  13.091   5.653 0.000
268.25 269.25   3.672   1.780 0.000
272.25 273.25   2.826   1.410 0.000
275.25 276.25   3.826   2.538 0.000
279.25 280.25   4.016   2.385 0.000
282.25 283.25  18.382  10.241 0.000
286.25 287.25   6.125   1.929 0.000
289.25 290.25   0.733   0.491 0.000
293.25 294.25 999.999 999.999 0.999
296.25 297.25 999.999 999.999 0.999
300.25 301.25 999.999 999.999 0.999
303.25 304.25 999.999 999.999 0.999
307.25 308.25 999.999 999.999 0.999
310.25 311.25 999.999 999.999 0.999
314.25 315.25 999.999 999.999 0.999
317.25 318.25 999.999 999.999 0.999
321.25 322.25 999.999 999.999 0.999
324.25 325.25 999.999 999.999 0.999
328.25 329.25 999.999 999.999 0.999
331.25 332.25 999.999 999.999 0.999
335.25 336.25 999.999 999.999 0.999
338.25 339.25 999.999 999.999 0.999
342.25 343.25 999.999 999.999 0.999
345.25 346.25 999.999 999.999 0.999
349.25 350.25 999.999 999.999 0.999
352.25 353.25 999.999 999.999 0.999
356.25 357.25 999.999 999.999 0.999
359.25 360.25   7.026   4.254 0.000
363.25 364.25   5.313   4.308 0.000
