scripts/IMPROVE-2019_partial/data/US0020R.19960103080000.20191216000000.filterpack...1y.3d.US03L_filterpack_US0020.US03L_IMPROVE_Davis.lev2.nas
51 1001
MISSING INFORMATION
US03L, IMPROVE, , , , , , , 
MISSING INFORMATION
IMPROVE sel_HTAP
1 1
1996 01 01 2019 12 16
0
days from file reference point
4
1 1 1 1
999.999999 999.999 999.999 9.999
end_time of measurement, days from the file reference point
pm10_mass, ug/m3, Matrix=pm10
pm25_mass, ug/m3, Matrix=pm25
numflag, no unit
0
33
Data definition:              EBAS_1.1
Set type code:                TI
Timezone:                     UTC
File name:                    US0020R.19960103080000.20191216000000.filterpack...1y.3d.US03L_filterpack_US0020.US03L_IMPROVE_Davis.lev2.nas
File creation:                20191218115644
Startdate:                    19960103080000
Revision date:                20191216000000
Version:                      2
Version description:          "Data extracted from http://views.cira.colostate.edu/fed/DataWizard 2019-12-16"
Statistics:                   arithmetic mean
Data level:                   2
Period code:                  1y
Resolution code:              3d
Sample duration:              1d
Orig. time res.:              3d
Station code:                 US0020R
Platform code:                US0020S
Station name:                 Death Valley NP
Station latitude:             36.5089
Station longitude:            -116.8478
Station altitude:             130.0 m
Regime:                       IMG
Component:                    
Unit:                         ug/m3
Matrix:                       
Laboratory code:              US03L
Instrument type:              filterpack
Instrument name:              filterpack_US0020
Method ref:                   US03L_IMPROVE_Davis
Blank correction:             Blank corrected
Volume std. temperature:      ambient
Volume std. pressure:         ambient
starttime endtime PM10 PM2.5 flag
  2.333333   3.333333 999.999 999.999 0.999
  5.333333   6.333333 999.999 999.999 0.999
  9.333333  10.333333   3.724   0.594 0.000
 12.333333  13.333333   1.606   0.657 0.000
 16.333333  17.333333   9.619   1.326 0.000
 19.333333  20.333333   2.634   0.726 0.000
 23.333333  24.333333   6.867   1.131 0.000
 26.333333  27.333333   6.234   1.320 0.000
 30.333333  31.333333   8.063   3.142 0.000
 33.333333  34.333333   4.071   2.336 0.000
 37.333333  38.333333  16.152   2.702 0.000
 40.333333  41.333333   8.788   2.147 0.000
 44.333333  45.333333  10.635   5.429 0.000
 47.333333  48.333333   9.543   2.388 0.000
 51.333333  52.333333   9.312   1.001 0.000
 54.333333  55.333333  10.935   2.083 0.000
 58.333333  59.333333   6.747   1.415 0.000
 61.333333  62.333333   2.341   1.351 0.000
 65.333333  66.333333   4.183   0.505 0.000
 68.333333  69.333333   5.728   0.974 0.000
 72.333333  73.333333   2.079 999.999 0.000
 75.333333  76.333333  18.762   4.399 0.000
 79.333333  80.333333  17.382   3.457 0.000
 82.333333  83.333333  44.318   7.320 0.000
 86.333333  87.333333   8.136   3.347 0.000
 89.333333  90.333333  11.631   2.462 0.000
 93.333333  94.333333   9.515   1.998 0.000
 96.333333  97.333333   6.446   2.052 0.000
100.333333 101.333333  23.501   5.479 0.000
103.333333 104.333333   4.818   2.074 0.000
107.333333 108.333333  11.506   3.643 0.000
110.333333 111.333333  12.267   2.954 0.000
114.333333 115.333333  20.035   6.002 0.000
117.333333 118.333333  20.302   8.697 0.000
121.333333 122.333333  13.850   2.904 0.000
124.333333 125.333333  22.118   4.640 0.000
128.333333 129.333333 999.999 999.999 0.999
131.333333 132.333333 999.999 999.999 0.999
135.333333 136.333333 999.999 999.999 0.999
138.333333 139.333333 999.999 999.999 0.999
142.333333 143.333333  21.395   8.919 0.000
145.333333 146.333333   7.236   4.431 0.000
149.333333 150.333333  13.596   7.325 0.000
152.333333 153.333333  10.456   6.435 0.000
156.333333 157.333333  18.786  10.207 0.000
159.333333 160.333333  20.102  10.810 0.000
163.333333 164.333333  19.980   9.034 0.000
166.333333 167.333333  18.722   8.129 0.000
170.333333 171.333333  16.297   6.816 0.000
173.333333 174.333333  20.085   6.596 0.000
177.333333 178.333333   8.333   2.809 0.000
180.333333 181.333333   5.339   2.420 0.000
184.333333 185.333333  16.326   6.212 0.000
187.333333 188.333333   6.463   3.220 0.000
191.333333 192.333333  22.652   7.690 0.000
194.333333 195.333333  11.643   3.264 0.000
198.333333 199.333333  15.046   5.126 0.000
201.333333 202.333333  10.395   3.760 0.000
205.333333 206.333333  22.222   8.147 0.000
208.333333 209.333333 999.999  11.715 0.000
212.333333 213.333333  18.587   7.033 0.000
215.333333 216.333333  28.907   4.817 0.000
219.333333 220.333333  17.647   5.957 0.000
222.333333 223.333333  39.305   9.198 0.000
226.333333 227.333333  20.420   8.232 0.000
229.333333 230.333333  21.123   8.967 0.000
233.333333 234.333333  21.260  11.281 0.000
236.333333 237.333333  30.053   5.550 0.000
240.333333 241.333333  27.979  12.412 0.000
243.333333 244.333333  18.681   8.627 0.000
247.333333 248.333333  29.349   6.424 0.000
250.333333 251.333333  24.455   4.028 0.000
254.333333 255.333333  36.152   4.441 0.000
257.333333 258.333333  22.325   4.819 0.000
261.333333 262.333333  17.869   1.758 0.000
264.333333 265.333333  18.573   6.004 0.000
268.333333 269.333333  15.914   4.215 0.000
271.333333 272.333333  11.846   3.247 0.000
275.333333 276.333333  16.667   5.087 0.000
278.333333 279.333333  16.384   3.942 0.000
282.333333 283.333333  17.042   2.653 0.000
285.333333 286.333333  13.300   5.354 0.000
289.333333 290.333333  26.226   4.250 0.000
292.333333 293.333333  45.160   5.489 0.000
296.333333 297.333333  22.487   2.365 0.000
299.333333 300.333333  38.655   3.562 0.000
303.333333 304.333333  11.819   3.487 0.000
306.333333 307.333333   6.337   4.239 0.000
310.333333 311.333333  10.040   1.729 0.000
313.333333 314.333333   3.429   1.639 0.000
317.333333 318.333333   5.976   1.580 0.000
320.333333 321.333333 999.999   2.074 0.000
324.333333 325.333333  19.087   2.107 0.000
327.333333 328.333333   2.040   1.454 0.000
331.333333 332.333333   9.330   0.594 0.000
334.333333 335.333333  11.529   0.325 0.000
338.333333 339.333333  18.196   1.052 0.000
341.333333 342.333333  26.449   2.465 0.000
345.333333 346.333333  11.086   0.778 0.000
348.333333 349.333333   7.208   5.208 0.000
352.333333 353.333333   9.007   1.064 0.000
355.333333 356.333333  10.690   2.444 0.000
359.333333 360.333333   5.411   1.043 0.000
362.333333 363.333333   9.350   2.215 0.000
