scripts/IMPROVE-2019_partial/data/US0077R.20020102070000.20191216000000.filterpack..pm25.52w.1w.US03L_filterpack_US0077.US03L_IMPROVE_Davis.lev2.nas
66 1001
MISSING INFORMATION
US03L, IMPROVE, , , , , , , 
MISSING INFORMATION
IMPROVE sel_HTAP
1 1
2002 01 01 2019 12 16
3.000000
days from file reference point
27
1 1 1 1 1 1 1 1 1 1 1 1 1 1 1 1 1 1 1 1 1 1 1 1 1 1 1
999.999999 9999.99 9.999 99.99 9.999 9.999 9.999999 9.99 9.999999 9.999 9.999 99.999 9.999 99.999 9.999 999.99 9.999999 999.999 9.999 999.999 9.999 999.999 9.999 9.999 9.999 9.999 9.999
end_time of measurement, days from the file reference point
iron, ng/m3, Revision date=20181210133000
numflag iron, no unit, Revision date=20181210133000
lead, ng/m3, Revision date=20181210133000
numflag lead, no unit, Revision date=20181210133000
magnesium, ug/m3, Revision date=20181210133000
numflag magnesium, no unit, Revision date=20181210133000
nickel, ng/m3, Revision date=20181210133000
numflag nickel, no unit, Revision date=20181210133000
nitrate, ug N/m3, Revision date=20181210133000
numflag nitrate, no unit, Revision date=20181210133000
organic_carbon, ug C/m3, Revision date=20181210133000
numflag organic_carbon, no unit, Revision date=20181210133000
organic_mass, ug/m3, Revision date=20181210133000
numflag organic_mass, no unit, Revision date=20181210133000
phosphorus, ng/m3, Revision date=20181210133000
numflag phosphorus, no unit, Revision date=20181210133000
pm10_mass, ug/m3, Version=2, Version description=Data extracted from http://views.cira.colostate.edu/fed/DataWizard 2019-12-16, Sample duration=1d, Orig. time res.=3d, Matrix=pm10, Blank correction=Blank corrected, Volume std. temperature=ambient, Volume std. pressure=ambient
numflag pm10_mass, no unit, Version=2, Version description=Data extracted from http://views.cira.colostate.edu/fed/DataWizard 2019-12-16, Sample duration=1d, Orig. time res.=3d, Matrix=pm10, Blank correction=Blank corrected, Volume std. temperature=ambient, Volume std. pressure=ambient
pm10_pm25_mass, ug/m3, Revision date=20181210133000, Matrix=pm10_pm25
numflag pm10_pm25_mass, no unit, Revision date=20181210133000, Matrix=pm10_pm25
pm25_mass, ug/m3, Version=2, Version description=Data extracted from http://views.cira.colostate.edu/fed/DataWizard 2019-12-16, Sample duration=1d, Orig. time res.=3d, Blank correction=Blank corrected, Volume std. temperature=ambient, Volume std. pressure=ambient
numflag pm25_mass, no unit, Version=2, Version description=Data extracted from http://views.cira.colostate.edu/fed/DataWizard 2019-12-16, Sample duration=1d, Orig. time res.=3d, Blank correction=Blank corrected, Volume std. temperature=ambient, Volume std. pressure=ambient
potassium, ug/m3, Revision date=20181210133000
numflag potassium, no unit, Revision date=20181210133000
sulphate_total, ug S/m3, Revision date=20181210133000
numflag sulphate_total, no unit, Revision date=20181210133000
0
25
Data definition:              EBAS_1.1
Set type code:                TU
Timezone:                     UTC
File name:                    US0077R.20020102070000.20191216000000.filterpack..pm25.52w.1w.US03L_filterpack_US0077.US03L_IMPROVE_Davis.lev2.nas
File creation:                20191218120038
Startdate:                    20020102070000
Revision date:                20191216000000
Statistics:                   arithmetic mean
Data level:                   2
Period code:                  52w
Resolution code:              1w
Station code:                 US0077R
Platform code:                US0077S
Station name:                 Canyonlands NP
Station latitude:             38.4587
Station longitude:            -109.821
Station altitude:             1798.0 m
Regime:                       IMG
Component:                    
Matrix:                       pm25
Laboratory code:              US03L
Instrument type:              filterpack
Instrument name:              filterpack_US0077
Method ref:                   US03L_IMPROVE_Davis
starttime endtime Fe flag_Fe Pb flag_Pb Mg++ flag_Mg++ Ni flag_Ni NO3- flag_NO3- OC flag_OC OM flag_OM P flag_P PM10 flag_PM10 PM10-PM2.5 flag_PM10-PM2.5 PM2.5 flag_PM2.5 K+ flag_K+ SO4-- flag_SO4--
[from data line 82]
247.291667 248.291667 9999.99 0.999 99.99 0.999 9.999 0.999000 9.99 0.999000 9.999 0.999 99.999 0.999 99.999 0.999 999.99 0.999000 999.999 0.999 999.999 0.999 999.999 0.999 9.999 0.999 9.999 0.999
250.291667 251.291667 9999.99 0.999 99.99 0.999 9.999 0.999000 9.99 0.999000 9.999 0.999 99.999 0.999 99.999 0.999 999.99 0.999000 999.999 0.999 999.999 0.999 999.999 0.999 9.999 0.999 9.999 0.999
253.291667 254.291667    6.81 0.000  0.24 0.000 9.999 0.259000 0.42 0.000000 0.000 0.000  0.218 0.000  0.305 0.000 999.99 0.259000 999.999 0.456 999.999 0.999   0.944 0.000 0.011 0.000 0.064 0.000
256.291667 257.291667   15.59 0.000  0.67 0.000 9.999 0.259000 0.13 0.000000 0.016 0.000  0.680 0.000  0.952 0.000 999.99 0.259000 999.999 0.456 999.999 0.999   3.226 0.000 0.020 0.000 0.242 0.000
259.291667 260.291667   32.45 0.000  0.60 0.000 9.999 0.259000 9.99 0.259000 0.044 0.000  0.391 0.000  0.547 0.000 999.99 0.259000 999.999 0.456 999.999 0.999   2.127 0.000 0.029 0.000 0.165 0.000
262.291667 263.291667    6.00 0.000  0.40 0.000 9.999 0.259000 9.99 0.259000 0.011 0.559  0.328 0.000  0.459 0.000 999.99 0.259000   3.064 0.000   1.198 0.000   1.866 0.000 0.016 0.000 0.180 0.559
265.291667 266.291667   61.53 0.559  2.10 0.559 9.999 0.559259 9.99 0.559259 0.026 0.559  0.773 0.000  1.082 0.000 999.99 0.559259   6.410 0.000   2.045 0.000   4.365 0.559 0.064 0.559 0.300 0.559
268.291667 269.291667   29.84 0.000  1.26 0.000 9.999 0.259000 0.37 0.000000 0.028 0.000  1.712 0.000  2.397 0.000 999.99 0.259000   7.561 0.000   2.587 0.000   4.973 0.000 0.098 0.000 0.203 0.000
271.291667 272.291667 9999.99 0.999 99.99 0.999 9.999 0.999000 9.99 0.999000 9.999 0.999 99.999 0.999 99.999 0.999 999.99 0.999000 999.999 0.999 999.999 0.999 999.999 0.999 9.999 0.999 9.999 0.999
274.291667 275.291667   54.84 0.000  0.73 0.000 0.015 0.000000 0.08 0.000000 0.034 0.000  0.307 0.000  0.430 0.000 999.99 0.259000   4.963 0.000   2.407 0.000   2.556 0.000 0.046 0.000 0.157 0.000
277.291667 278.291667    8.13 0.000  0.60 0.000 9.999 0.259000 9.99 0.259000 0.022 0.000  0.353 0.000  0.494 0.000 999.99 0.259000   2.424 0.000   0.801 0.000   1.623 0.000 0.035 0.000 0.132 0.000
280.291667 281.291667   11.26 0.000  0.54 0.000 0.015 0.000000 9.99 0.259000 0.012 0.559  0.477 0.000  0.668 0.000 999.99 0.259000   3.696 0.000   1.635 0.000   2.060 0.000 0.013 0.000 0.140 0.559
283.291667 284.291667   44.65 0.559  0.77 0.559 0.015 0.559000 9.99 0.559259 0.033 0.000  0.786 0.000  1.101 0.000 999.99 0.559259   8.300 0.000   5.075 0.000   3.225 0.559 0.045 0.559 0.191 0.000
286.291667 287.291667   26.29 0.000  0.50 0.000 9.999 0.259000 9.99 0.259000 0.015 0.000  0.524 0.000  0.734 0.000 999.99 0.259000   5.167 0.000   3.106 0.000   2.061 0.000 0.034 0.000 0.141 0.000
289.291667 290.291667   31.64 0.000  0.77 0.000 9.999 0.259000 9.99 0.259000 0.019 0.000  0.416 0.000  0.583 0.000 999.99 0.259000   5.794 0.000   3.562 0.000   2.232 0.000 0.029 0.000 0.146 0.000
292.291667 293.291667   36.42 0.000  0.73 0.000 9.999 0.259000 9.99 0.259000 0.019 0.000  0.274 0.000  0.384 0.000 999.99 0.259000   5.580 0.000   3.223 0.000   2.358 0.000 0.058 0.000 0.152 0.000
295.291667 296.291667   15.97 0.000  0.68 0.000 9.999 0.259000 0.16 0.000000 0.022 0.000  0.172 0.000  0.241 0.000 999.99 0.259000   3.348 0.000   1.125 0.000   2.223 0.000 0.023 0.000 0.284 0.000
298.291667 299.291667   17.12 0.000  0.97 0.000 9.999 0.259000 0.09 0.000000 0.049 0.000  0.502 0.000  0.703 0.000 999.99 0.259000   4.657 0.000   1.764 0.000   2.893 0.000 0.050 0.000 0.328 0.000
301.291667 302.291667   16.16 0.000  0.88 0.000 0.011 0.000000 9.99 0.259000 0.037 0.000  0.326 0.000  0.456 0.000 999.99 0.259000   3.614 0.000   1.753 0.000   1.861 0.000 0.016 0.000 0.179 0.000
304.291667 305.291667   30.09 0.000  0.53 0.000 9.999 0.259000 0.15 0.000000 0.106 0.000  0.833 0.000  1.166 0.000 999.99 0.259000   5.905 0.000   2.402 0.000   3.503 0.000 0.042 0.000 0.361 0.000
307.291667 308.291667   15.12 0.000  0.82 0.000 9.999 0.259000 0.09 0.000000 0.046 0.000  0.482 0.000  0.675 0.000 999.99 0.259000   4.574 0.000   1.840 0.000   2.734 0.000 0.018 0.000 0.293 0.000
310.291667 311.291667   23.67 0.000  0.51 0.000 9.999 0.259000 0.19 0.000000 0.026 0.000  0.414 0.000  0.580 0.000 999.99 0.259000   4.948 0.000   2.812 0.000   2.137 0.000 0.026 0.000 0.137 0.000
313.291667 314.291667    3.92 0.000  0.14 0.000 9.999 0.259000 0.07 0.000000 0.015 0.000  0.209 0.000  0.293 0.000 999.99 0.259000   1.830 0.000   0.951 0.000   0.879 0.000 0.004 0.000 0.071 0.000
316.291667 317.291667    5.30 0.000  0.12 0.000 9.999 0.259000 0.12 0.000000 0.055 0.000  0.383 0.000  0.536 0.000 999.99 0.259000   2.343 0.000   0.893 0.000   1.449 0.000 0.058 0.000 0.080 0.000
319.291667 320.291667    8.55 0.000  0.56 0.000 9.999 0.259000 9.99 0.259000 0.028 0.000  0.583 0.000  0.816 0.000 999.99 0.259000   3.872 0.000   1.295 0.000   2.578 0.000 0.071 0.000 0.291 0.000
322.291667 323.291667   13.99 0.000  0.60 0.000 0.016 0.000000 0.11 0.000000 0.029 0.559  0.317 0.000  0.444 0.000 999.99 0.259000   4.312 0.000   2.472 0.000   1.840 0.000 0.047 0.000 0.140 0.559
325.291667 326.291667   16.46 0.000  0.39 0.000 9.999 0.259000 0.22 0.000000 0.050 0.000  0.488 0.000  0.683 0.000 999.99 0.259000   4.560 0.000   2.413 0.000   2.147 0.000 0.074 0.000 0.110 0.000
328.291667 329.291667    8.43 0.000  0.32 0.000 9.999 0.259000 0.15 0.000000 0.009 0.000  0.218 0.000  0.305 0.000 999.99 0.259000   4.058 0.000   2.890 0.000   1.167 0.000 0.009 0.000 0.142 0.000
331.291667 332.291667   10.96 0.000  0.47 0.000 9.999 0.259000 9.99 0.259000 0.114 0.000  0.485 0.000  0.679 0.000 999.99 0.259000   3.598 0.000   1.596 0.000   2.002 0.000 0.046 0.000 0.108 0.000
334.291667 335.291667   11.46 0.000  0.36 0.000 9.999 0.259000 9.99 0.259000 0.056 0.000  0.493 0.000  0.691 0.000 999.99 0.259000   3.681 0.000   1.790 0.000   1.891 0.000 0.042 0.000 0.163 0.000
337.291667 338.291667   10.75 0.000  0.27 0.000 0.010 0.000000 9.99 0.259000 0.047 0.000  0.222 0.000  0.310 0.000 999.99 0.259000   3.619 0.000   1.778 0.000   1.842 0.000 0.023 0.000 0.241 0.000
340.291667 341.291667   11.47 0.000  0.62 0.000 9.999 0.259000 9.99 0.259000 0.135 0.000  0.688 0.000  0.964 0.000 999.99 0.259000   5.640 0.000   2.543 0.000   3.096 0.000 0.052 0.000 0.290 0.000
343.291667 344.291667   10.96 0.000  0.38 0.000 9.999 0.259000 9.99 0.259000 0.077 0.000  0.527 0.000  0.737 0.000 999.99 0.259000   4.944 0.000   2.549 0.000   2.395 0.000 0.045 0.000 0.197 0.000
346.291667 347.291667   14.65 0.000  0.53 0.000 9.999 0.259000 9.99 0.259000 0.038 0.000  0.183 0.000  0.257 0.000 999.99 0.259000   3.956 0.000   2.688 0.000   1.268 0.000 0.055 0.000 0.113 0.000
349.291667 350.291667   60.78 0.000  0.48 0.000 9.999 0.259000 9.99 0.259000 0.052 0.000  0.129 0.000  0.181 0.000 999.99 0.259000  10.354 0.000   7.761 0.000   2.593 0.000 0.056 0.000 0.116 0.000
352.291667 353.291667    3.65 0.000  0.25 0.000 0.022 0.000000 9.99 0.259000 0.016 0.000  0.009 0.000  0.012 0.000 999.99 0.259000   1.179 0.000   0.571 0.000   0.608 0.000 0.004 0.000 0.048 0.000
355.291667 356.291667    3.43 0.000  0.34 0.000 9.999 0.259000 9.99 0.259000 0.143 0.000  0.466 0.000  0.652 0.000 999.99 0.259000   2.567 0.000   0.751 0.000   1.817 0.000 0.015 0.000 0.229 0.000
358.291667 359.291667    5.19 0.000  0.33 0.000 0.013 0.000000 0.06 0.000000 0.059 0.000  0.250 0.000  0.350 0.000 999.99 0.259000   1.094 0.000 999.999 0.259   1.858 0.000 0.009 0.000 0.253 0.000
361.291667 362.291667    6.62 0.000  0.23 0.000 9.999 0.259000 9.99 0.259000 0.129 0.000  0.314 0.000  0.439 0.000 999.99 0.259000   3.157 0.000   1.293 0.000   1.864 0.000 0.010 0.000 0.161 0.000
364.291667 365.291667    5.10 0.000  0.27 0.000 9.999 0.259000 9.99 0.259000 0.095 0.000  0.224 0.000  0.313 0.000 999.99 0.259000   2.509 0.000   1.219 0.000   1.290 0.000 0.009 0.000 0.108 0.000
