scripts/IMPROVE-2019_partial/data/US0020R.20040101080000.20191216000000.filterpack..pm25.52w.1w.US03L_filterpack_US0020.US03L_IMPROVE_Davis.lev2.nas
64 1001
MISSING INFORMATION
US03L, IMPROVE, , , , , , , 
MISSING INFORMATION
IMPROVE sel_HTAP
1 1
2004 01 01 2019 12 16
3.000000
days from file reference point
25
1 1 1 1 1 1 1 1 1 1 1 1 1 1 1 1 1 1 1 1 1 1 1 1 1
999.999999 9999.99 9.999 999.99 9.999 9.999 9.999 9.99 9.999 9.999 9.999 99.999 9.999 99.999 9.999 999.999 9.999 999.999 9.999 999.999 9.999 9.999 9.999 9.999 9.999
end_time of measurement, days from the file reference point
iron, ng/m3, Revision date=20181210133000
numflag iron, no unit, Revision date=20181210133000
lead, ng/m3, Revision date=20181210133000
numflag lead, no unit, Revision date=20181210133000
magnesium, ug/m3, Revision date=20181210133000
numflag magnesium, no unit, Revision date=20181210133000
nickel, ng/m3, Revision date=20181210133000
numflag nickel, no unit, Revision date=20181210133000
nitrate, ug N/m3, Revision date=20181210133000
numflag nitrate, no unit, Revision date=20181210133000
organic_carbon, ug C/m3, Revision date=20181210133000
numflag organic_carbon, no unit, Revision date=20181210133000
organic_mass, ug/m3, Revision date=20181210133000
numflag organic_mass, no unit, Revision date=20181210133000
pm10_mass, ug/m3, Version=2, Version description=Data extracted from http://views.cira.colostate.edu/fed/DataWizard 2019-12-16, Sample duration=1d, Orig. time res.=3d, Matrix=pm10, Blank correction=Blank corrected, Volume std. temperature=ambient, Volume std. pressure=ambient
numflag pm10_mass, no unit, Version=2, Version description=Data extracted from http://views.cira.colostate.edu/fed/DataWizard 2019-12-16, Sample duration=1d, Orig. time res.=3d, Matrix=pm10, Blank correction=Blank corrected, Volume std. temperature=ambient, Volume std. pressure=ambient
pm10_pm25_mass, ug/m3, Revision date=20181210133000, Matrix=pm10_pm25
numflag pm10_pm25_mass, no unit, Revision date=20181210133000, Matrix=pm10_pm25
pm25_mass, ug/m3, Version=2, Version description=Data extracted from http://views.cira.colostate.edu/fed/DataWizard 2019-12-16, Sample duration=1d, Orig. time res.=3d, Blank correction=Blank corrected, Volume std. temperature=ambient, Volume std. pressure=ambient
numflag pm25_mass, no unit, Version=2, Version description=Data extracted from http://views.cira.colostate.edu/fed/DataWizard 2019-12-16, Sample duration=1d, Orig. time res.=3d, Blank correction=Blank corrected, Volume std. temperature=ambient, Volume std. pressure=ambient
potassium, ug/m3, Revision date=20181210133000
numflag potassium, no unit, Revision date=20181210133000
sulphate_total, ug S/m3, Revision date=20181210133000
numflag sulphate_total, no unit, Revision date=20181210133000
0
25
Data definition:              EBAS_1.1
Set type code:                TU
Timezone:                     UTC
File name:                    US0020R.20040101080000.20191216000000.filterpack..pm25.52w.1w.US03L_filterpack_US0020.US03L_IMPROVE_Davis.lev2.nas
File creation:                20191218115645
Startdate:                    20040101080000
Revision date:                20191216000000
Statistics:                   arithmetic mean
Data level:                   2
Period code:                  52w
Resolution code:              1w
Station code:                 US0020R
Platform code:                US0020S
Station name:                 Death Valley NP
Station latitude:             36.5089
Station longitude:            -116.8478
Station altitude:             130.0 m
Regime:                       IMG
Component:                    
Matrix:                       pm25
Laboratory code:              US03L
Instrument type:              filterpack
Instrument name:              filterpack_US0020
Method ref:                   US03L_IMPROVE_Davis
starttime endtime Fe flag_Fe Pb flag_Pb Mg++ flag_Mg++ Ni flag_Ni NO3- flag_NO3- OC flag_OC OM flag_OM PM10 flag_PM10 PM10-PM2.5 flag_PM10-PM2.5 PM2.5 flag_PM2.5 K+ flag_K+ SO4-- flag_SO4--
[from data line 91]
273.333333 274.333333   64.60 0.000   0.89 0.000 9.999 0.259 0.17 0.000 0.077 0.000  0.775 0.000  1.085 0.000  19.087 0.000  13.894 0.000   5.193 0.000 0.042 0.000 0.444 0.000
276.333333 277.333333   36.45 0.000   1.33 0.000 9.999 0.259 9.99 0.259 0.063 0.000  0.356 0.000  0.499 0.000   9.674 0.000   5.741 0.000   3.933 0.000 0.032 0.000 0.409 0.000
279.333333 280.333333   58.48 0.000   0.44 0.000 0.075 0.000 9.99 0.259 0.018 0.000  0.463 0.000  0.648 0.000  13.608 0.000  10.059 0.000   3.549 0.000 0.042 0.000 0.226 0.000
282.333333 283.333333   69.28 0.000   0.96 0.000 9.999 0.259 0.15 0.000 0.043 0.000  0.745 0.000  1.043 0.000  16.392 0.000  11.410 0.000   4.983 0.000 0.044 0.000 0.326 0.000
285.333333 286.333333   29.69 0.000   0.46 0.000 9.999 0.259 9.99 0.259 0.024 0.000  0.474 0.000  0.664 0.000   9.949 0.000   6.588 0.000   3.361 0.000 0.025 0.000 0.298 0.000
288.333333 289.333333   45.18 0.000   0.47 0.000 0.097 0.000 9.99 0.259 0.018 0.000  0.063 0.000  0.088 0.000   8.963 0.000   6.782 0.000   2.182 0.000 0.034 0.000 0.095 0.000
291.333333 292.333333   27.67 0.000   0.45 0.000 9.999 0.259 0.17 0.000 0.068 0.000 99.999 0.999 99.999 0.999   8.569 0.000   5.889 0.000   2.680 0.000 0.033 0.000 0.203 0.000
294.333333 295.333333   98.50 0.000 999.99 0.259 9.999 0.259 9.99 0.259 0.021 0.000 99.999 0.999 99.999 0.999  28.513 0.000  23.823 0.000   4.691 0.000 0.084 0.000 0.075 0.000
297.333333 298.333333   15.16 0.000   0.87 0.000 9.999 0.259 9.99 0.259 0.071 0.000 99.999 0.999 99.999 0.999   5.686 0.000   1.817 0.000   3.868 0.000 0.018 0.000 0.210 0.000
300.333333 301.333333    7.40 0.000 999.99 0.259 0.252 0.000 9.99 0.259 0.017 0.000  0.231 0.000  0.324 0.000   3.493 0.000   3.063 0.000   0.430 0.000 0.006 0.000 0.036 0.000
303.333333 304.333333    4.17 0.000   0.64 0.000 9.999 0.259 0.09 0.000 0.014 0.000  0.470 0.000  0.658 0.000   2.655 0.000   0.836 0.000   1.820 0.000 0.009 0.000 0.133 0.000
306.333333 307.333333    5.85 0.000   0.60 0.000 0.110 0.000 9.99 0.259 0.011 0.000  0.091 0.000  0.127 0.000   2.191 0.000   1.096 0.000   1.095 0.000 0.010 0.000 0.100 0.000
309.333333 310.333333   20.83 0.000   1.21 0.000 9.999 0.259 9.99 0.259 0.035 0.000  0.347 0.000  0.486 0.000   7.931 0.000   5.262 0.000   2.669 0.000 0.017 0.000 0.251 0.000
312.333333 313.333333    8.53 0.000   0.74 0.000 9.999 0.259 0.10 0.000 0.051 0.000  0.725 0.000  1.015 0.000   2.383 0.000   0.594 0.000   1.789 0.000 0.009 0.000 0.166 0.000
315.333333 316.333333   15.94 0.000   0.81 0.000 0.175 0.000 9.99 0.259 0.220 0.000  0.728 0.000  1.019 0.000   5.515 0.000   1.616 0.000   3.899 0.000 0.017 0.000 0.396 0.000
318.333333 319.333333    4.47 0.000   0.20 0.000 9.999 0.259 0.16 0.000 0.009 0.000  0.436 0.000  0.610 0.000   4.085 0.000   1.466 0.000   2.619 0.000 0.006 0.000 0.345 0.000
321.333333 322.333333    7.46 0.000   0.31 0.000 9.999 0.259 0.15 0.000 0.011 0.000  0.333 0.000  0.466 0.000   4.873 0.000   2.389 0.000   2.484 0.000 0.008 0.000 0.300 0.000
324.333333 325.333333   85.74 0.000   0.32 0.000 9.999 0.259 9.99 0.259 0.020 0.000  0.301 0.000  0.421 0.000  40.564 0.000  36.205 0.000   4.359 0.000 0.080 0.000 0.219 0.000
327.333333 328.333333    4.84 0.000   0.48 0.000 9.999 0.259 9.99 0.259 0.088 0.559  0.512 0.000  0.716 0.000   3.037 0.000   1.184 0.000   1.853 0.000 0.005 0.000 0.131 0.559
330.333333 331.333333   10.21 0.000   0.90 0.000 9.999 0.259 9.99 0.259 0.022 0.000  0.346 0.000  0.484 0.000   2.982 0.000   1.299 0.000   1.683 0.000 0.012 0.000 0.107 0.000
333.333333 334.333333   10.33 0.000   0.49 0.000 9.999 0.259 9.99 0.259 0.016 0.000  0.116 0.000  0.163 0.000   2.671 0.000   1.568 0.000   1.103 0.000 0.011 0.000 0.100 0.000
336.333333 337.333333   24.97 0.000 999.99 0.259 0.046 0.000 0.18 0.000 0.013 0.000  0.115 0.000  0.161 0.000   7.648 0.000   6.294 0.000   1.355 0.000 0.024 0.000 0.099 0.000
339.333333 340.333333   18.15 0.000   0.97 0.000 9.999 0.259 0.25 0.000 0.127 0.000  0.309 0.000  0.433 0.000   4.520 0.000   2.701 0.000   1.820 0.000 0.018 0.000 0.142 0.000
342.333333 343.333333   26.45 0.000   1.12 0.000 0.140 0.000 0.20 0.000 0.209 0.000  0.738 0.000  1.033 0.000  12.533 0.000   8.366 0.000   4.167 0.000 0.029 0.000 0.408 0.000
345.333333 346.333333    9.26 0.000   0.81 0.000 0.076 0.000 0.15 0.000 0.038 0.000  0.313 0.000  0.438 0.000   3.696 0.000   1.772 0.000   1.924 0.000 0.012 0.000 0.171 0.000
348.333333 349.333333   13.55 0.000   1.11 0.000 9.999 0.259 9.99 0.259 0.018 0.000  0.271 0.000  0.380 0.000   4.483 0.000   2.967 0.000   1.516 0.000 0.012 0.000 0.098 0.000
351.333333 352.333333   26.15 0.000   0.40 0.000 0.065 0.000 9.99 0.259 0.006 0.000 99.999 0.999 99.999 0.999   2.802 0.000   1.916 0.000   0.886 0.000 0.020 0.000 0.029 0.000
354.333333 355.333333   31.22 0.000   0.50 0.000 9.999 0.259 0.10 0.000 0.008 0.000 99.999 0.999 99.999 0.999   4.995 0.000   3.943 0.000   1.052 0.000 0.025 0.000 0.052 0.000
357.333333 358.333333   92.32 0.000   0.41 0.000 0.072 0.000 0.08 0.000 0.018 0.000  0.088 0.000  0.124 0.000  24.691 0.000  21.622 0.000   3.070 0.000 0.099 0.000 0.119 0.000
360.333333 361.333333   12.96 0.000   0.56 0.000 0.038 0.000 0.20 0.000 0.009 0.000  0.567 0.000  0.794 0.000   2.860 0.000   1.652 0.000   1.208 0.000 0.015 0.000 0.108 0.000
363.333333 364.333333    5.20 0.000   0.37 0.000 9.999 0.259 9.99 0.259 0.049 0.000  0.208 0.000  0.292 0.000   1.015 0.000   0.625 0.000   0.391 0.000 0.007 0.000 0.061 0.000
