scripts/IMPROVE-2019_partial/data/US0028R.20020102050000.20191216000000.filterpack..pm25.52w.1w.US03L_filterpack_US0028.US03L_IMPROVE_Davis.lev2.nas
66 1001
MISSING INFORMATION
US03L, IMPROVE, , , , , , , 
MISSING INFORMATION
IMPROVE sel_HTAP
1 1
2002 01 01 2019 12 16
3.000000
days from file reference point
27
1 1 1 1 1 1 1 1 1 1 1 1 1 1 1 1 1 1 1 1 1 1 1 1 1 1 1
999.999999 99.999 9.999999 9999.99 9.999 99.99 9.999 9.999 9.999999 9.99 9.999999 9.999 9.999 99.999 9.999 999.999 9.999 999.999 9.999 999.999 9.999 999.999 9.999 9.999 9.999 99.999 9.999
end_time of measurement, days from the file reference point
ammonium, ug N/m3, Revision date=20181210133000
numflag ammonium, no unit, Revision date=20181210133000
iron, ng/m3, Revision date=20181210133000
numflag iron, no unit, Revision date=20181210133000
lead, ng/m3, Revision date=20181210133000
numflag lead, no unit, Revision date=20181210133000
magnesium, ug/m3, Revision date=20181210133000
numflag magnesium, no unit, Revision date=20181210133000
nickel, ng/m3, Revision date=20181210133000
numflag nickel, no unit, Revision date=20181210133000
nitrate, ug N/m3, Revision date=20181210133000
numflag nitrate, no unit, Revision date=20181210133000
organic_carbon, ug C/m3, Revision date=20181210133000
numflag organic_carbon, no unit, Revision date=20181210133000
organic_mass, ug/m3, Revision date=20181210133000
numflag organic_mass, no unit, Revision date=20181210133000
pm10_mass, ug/m3, Version=2, Version description=Data extracted from http://views.cira.colostate.edu/fed/DataWizard 2019-12-16, Sample duration=1d, Orig. time res.=3d, Matrix=pm10, Blank correction=Blank corrected, Volume std. temperature=ambient, Volume std. pressure=ambient
numflag pm10_mass, no unit, Version=2, Version description=Data extracted from http://views.cira.colostate.edu/fed/DataWizard 2019-12-16, Sample duration=1d, Orig. time res.=3d, Matrix=pm10, Blank correction=Blank corrected, Volume std. temperature=ambient, Volume std. pressure=ambient
pm10_pm25_mass, ug/m3, Revision date=20181210133000, Matrix=pm10_pm25
numflag pm10_pm25_mass, no unit, Revision date=20181210133000, Matrix=pm10_pm25
pm25_mass, ug/m3, Version=2, Version description=Data extracted from http://views.cira.colostate.edu/fed/DataWizard 2019-12-16, Sample duration=1d, Orig. time res.=3d, Blank correction=Blank corrected, Volume std. temperature=ambient, Volume std. pressure=ambient
numflag pm25_mass, no unit, Version=2, Version description=Data extracted from http://views.cira.colostate.edu/fed/DataWizard 2019-12-16, Sample duration=1d, Orig. time res.=3d, Blank correction=Blank corrected, Volume std. temperature=ambient, Volume std. pressure=ambient
potassium, ug/m3, Revision date=20181210133000
numflag potassium, no unit, Revision date=20181210133000
sulphate_total, ug S/m3, Revision date=20181210133000
numflag sulphate_total, no unit, Revision date=20181210133000
0
25
Data definition:              EBAS_1.1
Set type code:                TU
Timezone:                     UTC
File name:                    US0028R.20020102050000.20191216000000.filterpack..pm25.52w.1w.US03L_filterpack_US0028.US03L_IMPROVE_Davis.lev2.nas
File creation:                20191218115721
Startdate:                    20020102050000
Revision date:                20191216000000
Statistics:                   arithmetic mean
Data level:                   2
Period code:                  52w
Resolution code:              1w
Station code:                 US0028R
Platform code:                US0028S
Station name:                 Cohutta
Station latitude:             34.7852
Station longitude:            -84.6265
Station altitude:             735.0 m
Regime:                       IMG
Component:                    
Matrix:                       pm25
Laboratory code:              US03L
Instrument type:              filterpack
Instrument name:              filterpack_US0028
Method ref:                   US03L_IMPROVE_Davis
starttime endtime NH4+ flag_NH4+ Fe flag_Fe Pb flag_Pb Mg++ flag_Mg++ Ni flag_Ni NO3- flag_NO3- OC flag_OC OM flag_OM PM10 flag_PM10 PM10-PM2.5 flag_PM10-PM2.5 PM2.5 flag_PM2.5 K+ flag_K+ SO4-- flag_SO4--
[from data line 81]
244.208333 245.208333  0.458 0.000000    8.09 0.000  0.76 0.000 9.999 0.259000 9.99 0.259000 0.026 0.000  1.350 0.000   1.890 0.000   5.952 0.000 999.999 0.259   5.965 0.000 0.016 0.000  0.750 0.000
247.208333 248.208333  2.396 0.000000   47.32 0.000  2.19 0.000 0.083 0.000000 9.99 0.259000 0.045 0.000  2.283 0.000   3.196 0.000  24.755 0.000 999.999 0.259  25.503 0.000 0.066 0.000  4.306 0.000
250.208333 251.208333  2.157 0.394000   41.58 0.394  3.34 0.394 9.999 0.394259 0.99 0.394000 0.040 0.394  2.825 0.000   3.954 0.000  30.081 0.000   8.102 0.000  21.980 0.000 0.045 0.394  3.482 0.394
253.208333 254.208333  3.782 0.000000   60.11 0.456  2.27 0.456 9.999 0.456259 0.26 0.456000 0.038 0.000  1.923 0.000   2.692 0.000  33.221 0.000 999.999 0.999 999.999 0.456 0.060 0.456  5.128 0.000
256.208333 257.208333  0.188 0.000000   14.42 0.000  0.62 0.000 9.999 0.259000 9.99 0.259000 0.042 0.000  0.643 0.000   0.900 0.000  11.910 0.000   9.276 0.000   2.634 0.000 0.019 0.000  0.364 0.000
259.208333 260.208333  1.860 0.000000   35.42 0.000  1.69 0.000 0.041 0.000000 9.99 0.259000 0.121 0.000  3.472 0.000   4.861 0.000  25.016 0.000   5.741 0.000  19.275 0.000 0.085 0.000  2.675 0.000
262.208333 263.208333  1.658 0.000000   16.68 0.000  0.91 0.000 9.999 0.259000 0.34 0.000000 0.106 0.000  1.810 0.000   2.535 0.000  29.253 0.000  14.424 0.000  14.829 0.000 0.031 0.000  2.789 0.000
265.208333 266.208333  1.310 0.000000   17.48 0.000  2.20 0.000 0.046 0.000000 9.99 0.259000 0.029 0.000  1.750 0.000   2.449 0.000  28.646 0.000  15.391 0.000  13.255 0.000 0.040 0.000  2.417 0.000
268.208333 269.208333  0.064 0.000000   12.98 0.000  0.51 0.000 0.046 0.000000 9.99 0.259000 0.033 0.000  0.558 0.000   0.781 0.000  16.404 0.000  13.894 0.000   2.510 0.000 0.016 0.000  0.299 0.000
271.208333 272.208333  1.106 0.000000    9.55 0.000  1.31 0.000 9.999 0.259000 9.99 0.259000 0.039 0.000  1.529 0.000   2.140 0.000  14.287 0.000   3.491 0.000  10.796 0.000 0.021 0.000  1.735 0.000
274.208333 275.208333  1.259 0.000000   16.96 0.000  1.16 0.000 0.046 0.000000 9.99 0.259000 0.120 0.000  1.981 0.000   2.773 0.000  17.919 0.000   4.936 0.000  12.983 0.000 0.035 0.000  2.040 0.000
277.208333 278.208333  0.938 0.000000   23.38 0.000  1.71 0.000 9.999 0.259000 0.32 0.000000 0.070 0.000  2.467 0.000   3.454 0.000  17.795 0.000   4.972 0.000  12.823 0.000 0.047 0.000  1.739 0.000
280.208333 281.208333  1.820 0.000000   27.37 0.000  2.10 0.000 0.038 0.000000 0.21 0.000000 0.126 0.000  2.400 0.000   3.359 0.000  19.408 0.000   4.396 0.000  15.011 0.000 0.048 0.000  2.259 0.000
283.208333 284.208333  0.668 0.000000    8.12 0.000  0.58 0.000 9.999 0.259000 0.29 0.000000 0.073 0.000  1.304 0.000   1.825 0.000  10.634 0.000   2.325 0.000   8.309 0.000 0.026 0.000  1.393 0.000
286.208333 287.208333  0.897 0.559000    9.50 0.000  1.29 0.000 9.999 0.259000 0.16 0.000000 0.039 0.559  1.109 0.000   1.552 0.000  10.417 0.000   2.835 0.000   7.581 0.000 0.022 0.000  1.323 0.559
289.208333 290.208333  0.768 0.000000   27.60 0.000  2.08 0.000 0.044 0.000000 0.12 0.000000 0.119 0.000  1.159 0.000   1.622 0.000  10.289 0.000   3.345 0.000   6.944 0.000 0.046 0.000  0.893 0.000
292.208333 293.208333  1.263 0.000000   26.64 0.000  2.66 0.000 0.024 0.000000 0.11 0.000000 0.178 0.000  3.214 0.000   4.500 0.000  15.643 0.000   2.394 0.000  13.249 0.000 0.050 0.000  1.585 0.000
295.208333 296.208333  1.090 0.000000   14.56 0.000  1.55 0.000 0.042 0.000000 0.15 0.000000 0.203 0.000  1.884 0.000   2.638 0.000  13.085 0.000   3.308 0.000   9.777 0.000 0.033 0.000  1.354 0.000
298.208333 299.208333  0.519 0.000000    7.30 0.000  0.64 0.000 9.999 0.259000 0.13 0.000000 0.154 0.000  1.336 0.000   1.870 0.000   7.383 0.000   1.773 0.000   5.610 0.000 0.026 0.000  0.705 0.000
301.208333 302.208333  0.292 0.000000    6.21 0.000  0.62 0.000 9.999 0.259000 0.22 0.000000 0.110 0.000  0.967 0.000   1.353 0.000   5.007 0.000   0.587 0.000   4.421 0.000 0.016 0.000  0.610 0.000
304.208333 305.208333  0.887 0.000000   21.86 0.000  1.13 0.000 9.999 0.259000 0.08 0.000000 0.058 0.000  0.913 0.000   1.278 0.000   9.562 0.000   1.018 0.000   8.545 0.000 0.024 0.000  1.585 0.000
307.208333 308.208333  0.238 0.000000    4.43 0.000  0.68 0.000 0.035 0.000000 0.07 0.000000 0.039 0.000  0.963 0.000   1.348 0.000   4.836 0.000   1.045 0.000   3.791 0.000 0.018 0.000  0.493 0.000
310.208333 311.208333  1.085 0.000000   22.85 0.000  1.61 0.000 0.022 0.000000 0.10 0.000000 0.056 0.000  0.895 0.000   1.254 0.000   8.472 0.000   0.926 0.000   7.546 0.000 0.029 0.000  1.310 0.000
313.208333 314.208333  0.638 0.000000    6.63 0.000  0.68 0.000 9.999 0.259000 0.21 0.000000 0.075 0.000  1.442 0.000   2.018 0.000  10.051 0.000   1.761 0.000   8.290 0.000 0.029 0.000  1.384 0.000
316.208333 317.208333  0.821 0.000000   13.43 0.000  1.19 0.000 9.999 0.259000 9.99 0.259000 0.090 0.000  0.977 0.000   1.367 0.000   7.639 0.000   1.298 0.000   6.341 0.000 0.025 0.000  1.042 0.000
319.208333 320.208333  0.146 0.000000    2.55 0.000  0.41 0.000 9.999 0.259000 0.12 0.000000 0.081 0.000  0.842 0.000   1.179 0.000   2.961 0.000   0.402 0.000   2.558 0.000 0.016 0.000  0.252 0.000
322.208333 323.208333  0.899 0.000000   22.51 0.000  1.31 0.000 9.999 0.259000 0.17 0.000000 0.284 0.000  2.704 0.000   3.786 0.000  10.287 0.000   0.554 0.000   9.733 0.000 0.050 0.000  1.044 0.000
325.208333 326.208333  0.683 0.000000   16.47 0.000  0.69 0.000 9.999 0.259000 0.07 0.000000 0.189 0.000  0.539 0.000   0.755 0.000   4.934 0.000   0.901 0.000   4.033 0.000 0.026 0.000  0.681 0.000
328.208333 329.208333  0.740 0.000000   22.95 0.000  1.70 0.000 9.999 0.259000 0.13 0.000000 0.079 0.000  2.309 0.000   3.232 0.000  10.141 0.000   1.937 0.000   8.204 0.000 0.055 0.000  0.824 0.000
331.208333 332.208333  0.865 0.000000   14.66 0.000  1.24 0.000 9.999 0.259000 0.15 0.000000 0.111 0.000  0.953 0.000   1.334 0.000   6.837 0.000   0.578 0.000   6.259 0.000 0.023 0.000  1.082 0.000
334.208333 335.208333  0.622 0.000000   17.33 0.000  0.50 0.000 0.050 0.000000 9.99 0.259000 0.540 0.000  0.793 0.000   1.110 0.000  12.478 0.000   3.850 0.000   8.628 0.000 0.060 0.000  0.740 0.000
337.208333 338.208333  0.775 0.000000   16.16 0.000  1.53 0.000 9.999 0.259000 0.19 0.000000 0.456 0.000  2.074 0.000   2.904 0.000   9.283 0.000   1.677 0.000   7.606 0.000 0.049 0.000  0.700 0.000
340.208333 341.208333  0.520 0.559000    9.87 0.000  0.71 0.000 9.999 0.259000 9.99 0.259000 0.162 0.559  0.868 0.000   1.215 0.000   2.663 0.000 999.999 0.259   4.155 0.000 0.019 0.000  0.529 0.559
343.208333 344.208333  0.685 0.000000    7.46 0.000  1.36 0.000 0.055 0.000000 0.17 0.000000 0.218 0.000  0.913 0.000   1.278 0.000   6.764 0.000   0.901 0.000   5.863 0.000 0.025 0.000  0.821 0.000
346.208333 347.208333  0.299 0.000000    6.07 0.000  0.49 0.000 9.999 0.259000 0.10 0.000000 0.256 0.000  0.615 0.000   0.861 0.000   2.506 0.000   0.211 0.000   2.295 0.000 0.010 0.000  0.284 0.000
349.208333 350.208333  0.719 0.000000   21.51 0.000  1.87 0.000 9.999 0.259000 0.20 0.000000 0.293 0.000  1.646 0.000   2.304 0.000   9.823 0.000   2.070 0.000   7.753 0.000 0.045 0.000  0.766 0.000
352.208333 353.208333  1.447 0.000000   19.97 0.000  1.41 0.000 0.021 0.000000 0.59 0.000000 0.472 0.000  1.938 0.000   2.714 0.000  11.719 0.000   1.894 0.000   9.825 0.000 0.046 0.000  1.444 0.000
355.208333 356.208333  0.379 0.000000   15.43 0.000  1.10 0.000 9.999 0.259000 0.19 0.000000 0.084 0.000  1.138 0.000   1.593 0.000   7.162 0.000   2.825 0.000   4.337 0.000 0.036 0.000  0.426 0.000
358.208333 359.208333  0.726 0.000000   13.11 0.000  1.29 0.000 0.047 0.000000 9.99 0.259000 0.164 0.000  0.573 0.000   0.802 0.000   5.044 0.000   0.384 0.000   4.660 0.000 0.018 0.000  0.806 0.000
361.208333 362.208333  0.632 0.000000   13.18 0.000  1.68 0.000 9.999 0.259000 0.10 0.000000 0.365 0.000  1.575 0.000   2.205 0.000   6.726 0.000   1.086 0.000   5.641 0.000 0.037 0.000  0.518 0.000
364.208333 365.208333  0.841 0.000000   15.53 0.000  1.53 0.000 9.999 0.259000 0.38 0.000000 0.404 0.000  2.645 0.000   3.703 0.000  10.563 0.000   1.523 0.000   9.040 0.000 0.063 0.000  0.800 0.000
