scripts/IMPROVE-2019_partial/data/US0089R.19960103070000.20191216000000.filterpack...1y.3d.US03L_filterpack_US0089.US03L_IMPROVE_Davis.lev2.nas
51 1001
MISSING INFORMATION
US03L, IMPROVE, , , , , , , 
MISSING INFORMATION
IMPROVE sel_HTAP
1 1
1996 01 01 2019 12 16
0
days from file reference point
4
1 1 1 1
999.999999 999.999 999.999 9.999
end_time of measurement, days from the file reference point
pm10_mass, ug/m3, Matrix=pm10
pm25_mass, ug/m3, Matrix=pm25
numflag, no unit
0
33
Data definition:              EBAS_1.1
Set type code:                TI
Timezone:                     UTC
File name:                    US0089R.19960103070000.20191216000000.filterpack...1y.3d.US03L_filterpack_US0089.US03L_IMPROVE_Davis.lev2.nas
File creation:                20191218120125
Startdate:                    19960103070000
Revision date:                20191216000000
Version:                      2
Version description:          "Data extracted from http://views.cira.colostate.edu/fed/DataWizard 2019-12-16"
Statistics:                   arithmetic mean
Data level:                   2
Period code:                  1y
Resolution code:              3d
Sample duration:              1d
Orig. time res.:              3d
Station code:                 US0089R
Platform code:                US0089S
Station name:                 Bridger Wilderness
Station latitude:             42.9749
Station longitude:            -109.7579
Station altitude:             2626.0 m
Regime:                       IMG
Component:                    
Unit:                         ug/m3
Matrix:                       
Laboratory code:              US03L
Instrument type:              filterpack
Instrument name:              filterpack_US0089
Method ref:                   US03L_IMPROVE_Davis
Blank correction:             Blank corrected
Volume std. temperature:      ambient
Volume std. pressure:         ambient
starttime endtime PM10 PM2.5 flag
  2.291667   3.291667 999.999 999.999 0.999
  5.291667   6.291667 999.999 999.999 0.999
  9.291667  10.291667   1.823   0.534 0.000
 12.291667  13.291667 999.999 999.999 0.999
 16.291667  17.291667   1.433   1.235 0.000
 19.291667  20.291667   1.396   0.642 0.000
 23.291667  24.291667   2.038   0.848 0.000
 26.291667  27.291667   0.906   0.723 0.000
 30.291667  31.291667   2.101   0.612 0.000
 33.291667  34.291667   0.890   0.637 0.000
 37.291667  38.291667   1.228   0.607 0.000
 40.291667  41.291667   0.737   0.509 0.000
 44.291667  45.291667   1.526   0.660 0.000
 47.291667  48.291667   1.336   1.042 0.000
 51.291667  52.291667   3.414   1.459 0.000
 54.291667  55.291667   6.563   2.917 0.000
 58.291667  59.291667   2.436   2.243 0.000
 61.291667  62.291667   2.909   2.623 0.000
 65.291667  66.291667   1.551   0.661 0.000
 68.291667  69.291667   1.354   0.792 0.000
 72.291667  73.291667   0.907   0.661 0.000
 75.291667  76.291667   2.478   1.336 0.000
 79.291667  80.291667   6.446   2.376 0.000
 82.291667  83.291667   1.816   0.970 0.000
 86.291667  87.291667 999.999 999.999 0.999
 89.291667  90.291667   3.160   2.657 0.000
 93.291667  94.291667   1.693   0.591 0.000
 96.291667  97.291667   4.042   1.714 0.000
100.291667 101.291667   9.175   2.704 0.000
103.291667 104.291667   2.159   1.480 0.000
107.291667 108.291667  10.695   3.215 0.000
110.291667 111.291667   2.228   1.516 0.000
114.291667 115.291667   3.582   2.041 0.000
117.291667 118.291667   6.579   4.721 0.000
121.291667 122.291667   9.889   5.323 0.000
124.291667 125.291667   8.980   6.115 0.000
128.291667 129.291667   9.335   5.766 0.000
131.291667 132.291667   9.790   6.228 0.000
135.291667 136.291667   8.591   3.578 0.000
138.291667 139.291667   3.836   1.152 0.000
142.291667 143.291667   7.855   5.636 0.000
145.291667 146.291667   4.819   1.265 0.000
149.291667 150.291667   6.502   3.575 0.000
152.291667 153.291667   4.970   4.161 0.000
156.291667 157.291667   6.330   3.442 0.000
159.291667 160.291667  10.344   6.050 0.000
163.291667 164.291667   9.117   4.530 0.000
166.291667 167.291667   5.717   3.796 0.000
170.291667 171.291667   5.451   1.812 0.000
173.291667 174.291667   8.326   5.254 0.000
177.291667 178.291667   8.550   4.422 0.000
180.291667 181.291667   2.647   1.854 0.000
184.291667 185.291667   8.100   4.464 0.000
187.291667 188.291667   5.391   3.442 0.000
191.291667 192.291667   7.429   4.223 0.000
194.291667 195.291667   8.651   4.235 0.000
198.291667 199.291667   4.440   2.600 0.000
201.291667 202.291667   4.630   2.325 0.000
205.291667 206.291667   8.010   3.986 0.000
208.291667 209.291667   7.339   4.514 0.000
212.291667 213.291667   8.660   5.461 0.000
215.291667 216.291667   9.559   4.261 0.000
219.291667 220.291667   2.965   1.468 0.000
222.291667 223.291667   7.865   5.125 0.000
226.291667 227.291667  10.841   6.457 0.000
229.291667 230.291667   8.719   6.115 0.000
233.291667 234.291667  22.024  10.623 0.000
236.291667 237.291667   9.127   4.960 0.000
240.291667 241.291667  13.929   8.681 0.000
243.291667 244.291667  17.800  11.203 0.000
247.291667 248.291667  14.870   6.222 0.000
250.291667 251.291667   7.224   3.488 0.000
254.291667 255.291667   9.681   4.544 0.000
257.291667 258.291667   5.006   3.168 0.000
261.291667 262.291667   2.251   1.417 0.000
264.291667 265.291667   5.125   2.374 0.000
268.291667 269.291667   3.367   1.720 0.000
271.291667 272.291667   5.230   2.861 0.000
275.291667 276.291667  10.058   4.644 0.000
278.291667 279.291667   8.776   3.793 0.000
282.291667 283.291667   8.177   4.077 0.000
285.291667 286.291667  12.410   4.276 0.000
289.291667 290.291667  21.916   3.833 0.000
292.291667 293.291667   5.727   2.195 0.000
296.291667 297.291667   2.823   1.500 0.000
299.291667 300.291667   2.195   1.239 0.000
303.291667 304.291667   4.690   2.857 0.000
306.291667 307.291667   1.714   0.856 0.000
310.291667 311.291667   3.407   1.993 0.000
313.291667 314.291667   1.354   1.286 0.000
317.291667 318.291667   2.631   1.174 0.000
320.291667 321.291667   2.070   1.467 0.000
324.291667 325.291667   9.560   2.304 0.000
327.291667 328.291667   1.533   1.076 0.000
331.291667 332.291667   2.363 999.999 0.000
334.291667 335.291667 999.999 999.999 0.999
338.291667 339.291667   1.389 999.999 0.000
341.291667 342.291667   2.284 999.999 0.000
345.291667 346.291667   4.815 999.999 0.000
348.291667 349.291667   2.878   0.843 0.000
352.291667 353.291667   5.887   3.638 0.000
355.291667 356.291667   1.334   1.422 0.000
359.291667 360.291667   0.484   0.391 0.000
362.291667 363.291667   0.564   0.326 0.000
