scripts/IMPROVE-2019_partial/data/US0094R.20080101070000.20191216000000.filterpack...52w.3d.US03L_filterpack_US0094.US03L_IMPROVE_Davis.lev2.nas
52 1001
MISSING INFORMATION
US03L, IMPROVE, , , , , , , 
MISSING INFORMATION
IMPROVE sel_HTAP
1 1
2008 01 01 2019 12 16
3.000000
days from file reference point
5
1 1 1 1 1
999.999999 999.999 9.999 999.999 9.999
end_time of measurement, days from the file reference point
pm10_mass, ug/m3, Matrix=pm10
numflag pm10_mass, no unit, Matrix=pm10
pm25_mass, ug/m3, Matrix=pm25
numflag pm25_mass, no unit, Matrix=pm25
0
33
Data definition:              EBAS_1.1
Set type code:                TU
Timezone:                     UTC
File name:                    US0094R.20080101070000.20191216000000.filterpack...52w.3d.US03L_filterpack_US0094.US03L_IMPROVE_Davis.lev2.nas
File creation:                20191218120145
Startdate:                    20080101070000
Revision date:                20191216000000
Version:                      2
Version description:          "Data extracted from http://views.cira.colostate.edu/fed/DataWizard 2019-12-16"
Statistics:                   arithmetic mean
Data level:                   2
Period code:                  52w
Resolution code:              3d
Sample duration:              1d
Orig. time res.:              3d
Station code:                 US0094R
Platform code:                US0094S
Station name:                 Meadview
Station latitude:             36.0193
Station longitude:            -114.0684
Station altitude:             902.0 m
Regime:                       IMG
Component:                    
Unit:                         ug/m3
Matrix:                       
Laboratory code:              US03L
Instrument type:              filterpack
Instrument name:              filterpack_US0094
Method ref:                   US03L_IMPROVE_Davis
Blank correction:             Blank corrected
Volume std. temperature:      ambient
Volume std. pressure:         ambient
starttime endtime PM10 flag_PM10 PM2.5 flag_PM2.5
  0.291667   1.291667   3.236 0.000   2.942 0.000
  3.291667   4.291667   9.913 0.000   3.446 0.000
  6.291667   7.291667   1.617 0.000   1.195 0.000
  9.291667  10.291667   2.145 0.000   1.547 0.000
 12.291667  13.291667   1.911 0.000   1.785 0.000
 15.291667  16.291667 999.999 0.456   3.273 0.000
 18.291667  19.291667 999.999 0.456   1.968 0.000
 21.291667  22.291667   8.925 0.000   4.090 0.000
 24.291667  25.291667 999.999 0.456   1.699 0.000
 27.291667  28.291667 999.999 0.456   1.008 0.000
 30.291667  31.291667   1.080 0.000   0.693 0.000
 33.291667  34.291667   6.594 0.000   2.170 0.000
 36.291667  37.291667   1.660 0.000   1.544 0.000
 39.291667  40.291667   1.692 0.000   1.057 0.000
 42.291667  43.291667   2.129 0.000   1.351 0.000
 45.291667  46.291667   4.432 0.000   2.431 0.000
 48.291667  49.291667   3.389 0.000   2.102 0.000
 51.291667  52.291667   4.255 0.000   2.314 0.000
 54.291667  55.291667   6.459 0.000   2.115 0.000
 57.291667  58.291667   2.134 0.000   0.817 0.000
 60.291667  61.291667  10.605 0.000   3.484 0.000
 63.291667  64.291667   4.707 0.000   3.893 0.000
 66.291667  67.291667   3.314 0.000   2.660 0.000
 69.291667  70.291667   2.220 0.000   2.521 0.000
 72.291667  73.291667   9.965 0.000   5.059 0.000
 75.291667  76.291667   3.322 0.000   2.199 0.000
 78.291667  79.291667   7.623 0.000   3.903 0.000
 81.291667  82.291667   9.569 0.000   4.242 0.000
 84.291667  85.291667  12.009 0.000   5.209 0.000
 87.291667  88.291667  10.592 0.000   4.097 0.000
 90.291667  91.291667  12.972 0.000   5.274 0.000
 93.291667  94.291667   8.884 0.000   4.676 0.000
 96.291667  97.291667  16.047 0.000   7.076 0.000
 99.291667 100.291667  13.782 0.000   5.669 0.000
102.291667 103.291667   5.823 0.000   3.321 0.000
105.291667 106.291667  17.574 0.000 999.999 0.456
108.291667 109.291667  10.306 0.000   5.446 0.000
111.291667 112.291667  25.108 0.000  14.099 0.000
114.291667 115.291667  15.865 0.000   7.584 0.000
117.291667 118.291667  18.660 0.000   9.412 0.000
120.291667 121.291667  31.507 0.000  12.156 0.000
123.291667 124.291667   9.286 0.000   4.004 0.000
126.291667 127.291667  14.392 0.000   6.979 0.000
129.291667 130.291667  27.185 0.000  11.755 0.000
132.291667 133.291667  28.832 0.000  12.244 0.000
135.291667 136.291667  18.481 0.000   4.659 0.000
138.291667 139.291667  10.137 0.000   4.348 0.000
141.291667 142.291667  40.091 0.000   9.919 0.000
144.291667 145.291667   5.990 0.000   3.781 0.000
147.291667 148.291667   7.061 0.000   3.052 0.000
150.291667 151.291667  10.053 0.000   5.540 0.000
153.291667 154.291667  10.269 0.000   5.035 0.000
156.291667 157.291667   4.637 0.000   1.596 0.000
159.291667 160.291667   5.048 0.000   2.246 0.000
162.291667 163.291667 999.999 0.456   7.858 0.000
165.291667 166.291667 999.999 0.456   3.613 0.000
168.291667 169.291667   9.518 0.000   3.988 0.000
171.291667 172.291667 999.999 0.456   2.389 0.000
174.291667 175.291667 999.999 0.456   5.101 0.000
177.291667 178.291667  16.564 0.000   7.589 0.000
180.291667 181.291667   9.999 0.000   4.726 0.000
183.291667 184.291667  14.511 0.000   6.328 0.000
186.291667 187.291667  21.957 0.000   7.611 0.000
189.291667 190.291667  13.460 0.000   5.324 0.000
192.291667 193.291667   8.923 0.000   3.751 0.000
195.291667 196.291667   8.467 0.000   4.750 0.000
198.291667 199.291667  14.757 0.000   8.347 0.000
201.291667 202.291667  12.883 0.000   5.996 0.000
204.291667 205.291667  13.343 0.000   5.840 0.000
207.291667 208.291667   6.614 0.000   3.965 0.000
210.291667 211.291667  13.952 0.000   6.043 0.000
213.291667 214.291667   9.828 0.000   4.831 0.000
216.291667 217.291667  10.011 0.000   4.422 0.000
219.291667 220.291667   5.694 0.000   3.889 0.000
222.291667 223.291667  11.803 0.000   4.447 0.000
225.291667 226.291667  11.114 0.000   4.470 0.000
228.291667 229.291667  14.492 0.000   5.946 0.000
231.291667 232.291667 999.999 0.999 999.999 0.999
234.291667 235.291667   8.819 0.000   2.750 0.000
237.291667 238.291667  10.077 0.000   4.006 0.000
240.291667 241.291667 999.999 0.999 999.999 0.999
243.291667 244.291667 999.999 0.999 999.999 0.999
246.291667 247.291667  10.759 0.000   4.760 0.000
249.291667 250.291667   8.750 0.000   3.641 0.000
252.291667 253.291667 999.999 0.999 999.999 0.999
255.291667 256.291667   7.928 0.000   4.400 0.000
258.291667 259.291667   7.915 0.000   4.831 0.000
261.291667 262.291667  11.180 0.000   4.295 0.000
264.291667 265.291667   9.044 0.000   2.883 0.000
267.291667 268.291667   9.000 0.000   4.215 0.000
270.291667 271.291667   7.976 0.000   3.540 0.000
273.291667 274.291667  12.424 0.000   6.226 0.000
276.291667 277.291667  14.711 0.000   4.783 0.000
279.291667 280.291667   3.008 0.000   1.968 0.000
282.291667 283.291667   8.475 0.000   3.639 0.000
285.291667 286.291667   3.620 0.000   1.851 0.000
288.291667 289.291667   5.465 0.000   2.750 0.000
291.291667 292.291667   8.905 0.000   3.913 0.000
294.291667 295.291667 999.999 0.999 999.999 0.999
297.291667 298.291667 999.999 0.999 999.999 0.999
300.291667 301.291667 999.999 0.999 999.999 0.999
303.291667 304.291667  18.491 0.000   6.415 0.000
306.291667 307.291667   7.042 0.000   2.356 0.000
309.291667 310.291667   2.225 0.000   1.421 0.000
312.291667 313.291667   4.316 0.000   1.427 0.000
315.291667 316.291667   4.865 0.000   2.170 0.000
318.291667 319.291667   8.265 0.000   2.123 0.000
321.291667 322.291667   4.557 0.000   1.951 0.000
324.291667 325.291667 999.999 0.999 999.999 0.999
327.291667 328.291667 999.999 0.999 999.999 0.999
330.291667 331.291667   6.161 0.000   3.588 0.000
333.291667 334.291667 999.999 0.999 999.999 0.999
336.291667 337.291667 999.999 0.999 999.999 0.999
339.291667 340.291667   3.599 0.000   1.430 0.000
342.291667 343.291667   3.160 0.000   1.315 0.000
345.291667 346.291667 999.999 0.999 999.999 0.999
348.291667 349.291667   4.245 0.000   1.209 0.000
351.291667 352.291667   1.040 0.000   0.634 0.000
354.291667 355.291667   3.133 0.000   1.763 0.000
357.291667 358.291667   2.188 0.000   1.217 0.000
360.291667 361.291667   1.686 0.000   0.560 0.000
363.291667 364.291667   1.523 0.000   0.934 0.000
