scripts/IMPROVE-2019_partial/data/US0067R.20020303060000.20191216000000.filterpack..pm25.10mo.1w.US03L_filterpack_US0067.US03L_IMPROVE_Davis.lev2.nas
66 1001
MISSING INFORMATION
US03L, IMPROVE, , , , , , , 
MISSING INFORMATION
IMPROVE sel_HTAP
1 1
2002 01 01 2019 12 16
3.00
days from file reference point
27
1 1 1 1 1 1 1 1 1 1 1 1 1 1 1 1 1 1 1 1 1 1 1 1 1 1 1
999.99 9999.99 9.999 99.99 9.999 9.999 9.999 9.99 9.999 99.999 9.999 99.999 9.999 99.999 9.999 999.99 9.999 999.999 9.999 999.999 9.999 999.999 9.999 9.999 9.999 99.999 9.999
end_time of measurement, days from the file reference point
iron, ng/m3, Revision date=20181210133000
numflag iron, no unit, Revision date=20181210133000
lead, ng/m3, Revision date=20181210133000
numflag lead, no unit, Revision date=20181210133000
magnesium, ug/m3, Revision date=20181210133000
numflag magnesium, no unit, Revision date=20181210133000
nickel, ng/m3, Revision date=20181210133000
numflag nickel, no unit, Revision date=20181210133000
nitrate, ug N/m3, Revision date=20181210133000
numflag nitrate, no unit, Revision date=20181210133000
organic_carbon, ug C/m3, Revision date=20181210133000
numflag organic_carbon, no unit, Revision date=20181210133000
organic_mass, ug/m3, Revision date=20181210133000
numflag organic_mass, no unit, Revision date=20181210133000
phosphorus, ng/m3, Revision date=20181210133000
numflag phosphorus, no unit, Revision date=20181210133000
pm10_mass, ug/m3, Version=2, Version description=Data extracted from http://views.cira.colostate.edu/fed/DataWizard 2019-12-16, Sample duration=1d, Orig. time res.=3d, Matrix=pm10, Blank correction=Blank corrected, Volume std. temperature=ambient, Volume std. pressure=ambient
numflag pm10_mass, no unit, Version=2, Version description=Data extracted from http://views.cira.colostate.edu/fed/DataWizard 2019-12-16, Sample duration=1d, Orig. time res.=3d, Matrix=pm10, Blank correction=Blank corrected, Volume std. temperature=ambient, Volume std. pressure=ambient
pm10_pm25_mass, ug/m3, Revision date=20181210133000, Matrix=pm10_pm25
numflag pm10_pm25_mass, no unit, Revision date=20181210133000, Matrix=pm10_pm25
pm25_mass, ug/m3, Version=2, Version description=Data extracted from http://views.cira.colostate.edu/fed/DataWizard 2019-12-16, Sample duration=1d, Orig. time res.=3d, Blank correction=Blank corrected, Volume std. temperature=ambient, Volume std. pressure=ambient
numflag pm25_mass, no unit, Version=2, Version description=Data extracted from http://views.cira.colostate.edu/fed/DataWizard 2019-12-16, Sample duration=1d, Orig. time res.=3d, Blank correction=Blank corrected, Volume std. temperature=ambient, Volume std. pressure=ambient
potassium, ug/m3, Revision date=20181210133000
numflag potassium, no unit, Revision date=20181210133000
sulphate_total, ug S/m3, Revision date=20181210133000
numflag sulphate_total, no unit, Revision date=20181210133000
0
25
Data definition:              EBAS_1.1
Set type code:                TU
Timezone:                     UTC
File name:                    US0067R.20020303060000.20191216000000.filterpack..pm25.10mo.1w.US03L_filterpack_US0067.US03L_IMPROVE_Davis.lev2.nas
File creation:                20191218115948
Startdate:                    20020303060000
Revision date:                20191216000000
Statistics:                   arithmetic mean
Data level:                   2
Period code:                  10mo
Resolution code:              1w
Station code:                 US0067R
Platform code:                US0067S
Station name:                 Ellis
Station latitude:             36.0853
Station longitude:            -99.9354
Station altitude:             697.0 m
Regime:                       IMG
Component:                    
Matrix:                       pm25
Laboratory code:              US03L
Instrument type:              filterpack
Instrument name:              filterpack_US0067
Method ref:                   US03L_IMPROVE_Davis
starttime endtime Fe flag_Fe Pb flag_Pb Mg++ flag_Mg++ Ni flag_Ni NO3- flag_NO3- OC flag_OC OM flag_OM P flag_P PM10 flag_PM10 PM10-PM2.5 flag_PM10-PM2.5 PM2.5 flag_PM2.5 K+ flag_K+ SO4-- flag_SO4--
[from data line 88]
325.25 326.25   26.07 0.000  0.45 0.000 0.019 0.000 9.99 0.259  0.049 0.000  0.515 0.000  0.722 0.000 999.99 0.259   9.559 0.000   7.845 0.000   1.714 0.000 0.015 0.000  0.065 0.000
328.25 329.25   14.06 0.000  0.24 0.000 9.999 0.259 0.14 0.000  0.135 0.000  0.274 0.000  0.384 0.000 999.99 0.259  12.029 0.000   9.053 0.000   2.976 0.000 0.021 0.000  0.329 0.000
331.25 332.25   18.38 0.000  0.49 0.000 9.999 0.259 9.99 0.259  0.175 0.000  0.391 0.000  0.547 0.000 999.99 0.259   8.864 0.000   6.638 0.000   2.227 0.000 0.016 0.000  0.197 0.000
334.25 335.25   25.97 0.000  0.44 0.000 9.999 0.259 0.08 0.000  0.026 0.000  0.447 0.000  0.626 0.000 999.99 0.259  14.012 0.000  11.932 0.000   2.080 0.000 0.027 0.000  0.101 0.000
337.25 338.25   18.93 0.000  0.83 0.000 9.999 0.259 9.99 0.259  0.617 0.000  0.356 0.000  0.499 0.000 999.99 0.259   7.606 0.000   1.986 0.000   5.620 0.000 0.023 0.000  0.252 0.000
340.25 341.25    9.75 0.000  0.55 0.000 9.999 0.259 9.99 0.259  1.990 0.000  0.828 0.000  1.159 0.000 999.99 0.259  18.629 0.000   0.497 0.000  18.133 0.000 0.015 0.000  0.943 0.000
343.25 344.25    4.73 0.000  0.83 0.000 0.031 0.000 9.99 0.259  0.894 0.000  0.852 0.000  1.193 0.000 999.99 0.259  11.423 0.000   0.384 0.000  11.040 0.000 0.011 0.000  1.021 0.000
346.25 347.25   11.17 0.000  0.39 0.000 0.015 0.000 0.08 0.000  0.135 0.000  0.426 0.000  0.597 0.000 999.99 0.259   3.927 0.000   2.331 0.000   1.596 0.000 0.010 0.000  0.111 0.000
349.25 350.25 9999.99 0.999 99.99 0.999 9.999 0.999 9.99 0.999 99.999 0.999 99.999 0.999 99.999 0.999 999.99 0.999 999.999 0.999 999.999 0.999 999.999 0.999 9.999 0.999 99.999 0.999
352.25 353.25   15.97 0.000  0.21 0.000 0.016 0.000 9.99 0.259  0.187 0.000  0.180 0.000  0.252 0.000 999.99 0.259   6.283 0.000   4.569 0.000   1.714 0.000 0.008 0.000  0.067 0.000
355.25 356.25   18.05 0.000  0.26 0.000 9.999 0.259 9.99 0.259  0.205 0.000  0.352 0.000  0.492 0.000 999.99 0.259   6.324 0.000   4.156 0.000   2.168 0.000 0.012 0.000  0.081 0.000
358.25 359.25    8.20 0.000  0.48 0.000 9.999 0.259 0.08 0.000  1.397 0.000  0.450 0.000  0.630 0.000 999.99 0.259  11.337 0.000   0.297 0.000  11.040 0.000 0.010 0.000  0.414 0.000
361.25 362.25    9.66 0.000  1.18 0.000 9.999 0.259 0.06 0.000  0.744 0.000  0.459 0.000  0.643 0.000 999.99 0.259   5.704 0.000   0.342 0.000   5.362 0.000 0.007 0.000  0.253 0.000
364.25 365.25   12.99 0.000  0.57 0.000 9.999 0.259 9.99 0.259  0.031 0.000  0.238 0.000  0.334 0.000 999.99 0.259   4.739 0.000   3.527 0.000   1.212 0.000 0.009 0.000  0.109 0.000
