scripts/IMPROVE-2019_partial/data/US0050R.20040101060000.20191216000000.filterpack..pm25.52w.1w.US03L_filterpack_US0050.US03L_IMPROVE_Davis.lev2.nas
64 1001
MISSING INFORMATION
US03L, IMPROVE, , , , , , , 
MISSING INFORMATION
IMPROVE sel_HTAP
1 1
2004 01 01 2019 12 16
3.00
days from file reference point
25
1 1 1 1 1 1 1 1 1 1 1 1 1 1 1 1 1 1 1 1 1 1 1 1 1
999.99 9999.99 9.999 99.99 9.999 9.999 9.999 9.99 9.999 99.999 9.999 99.999 9.999 99.999 9.999 999.999 9.999 999.999 9.999 999.999 9.999 9.999 9.999 99.999 9.999
end_time of measurement, days from the file reference point
iron, ng/m3, Revision date=20181210133000
numflag iron, no unit, Revision date=20181210133000
lead, ng/m3, Revision date=20181210133000
numflag lead, no unit, Revision date=20181210133000
magnesium, ug/m3, Revision date=20181210133000
numflag magnesium, no unit, Revision date=20181210133000
nickel, ng/m3, Revision date=20181210133000
numflag nickel, no unit, Revision date=20181210133000
nitrate, ug N/m3, Revision date=20181210133000
numflag nitrate, no unit, Revision date=20181210133000
organic_carbon, ug C/m3, Revision date=20181210133000
numflag organic_carbon, no unit, Revision date=20181210133000
organic_mass, ug/m3, Revision date=20181210133000
numflag organic_mass, no unit, Revision date=20181210133000
pm10_mass, ug/m3, Version=2, Version description=Data extracted from http://views.cira.colostate.edu/fed/DataWizard 2019-12-16, Sample duration=1d, Orig. time res.=3d, Matrix=pm10, Blank correction=Blank corrected, Volume std. temperature=ambient, Volume std. pressure=ambient
numflag pm10_mass, no unit, Version=2, Version description=Data extracted from http://views.cira.colostate.edu/fed/DataWizard 2019-12-16, Sample duration=1d, Orig. time res.=3d, Matrix=pm10, Blank correction=Blank corrected, Volume std. temperature=ambient, Volume std. pressure=ambient
pm10_pm25_mass, ug/m3, Revision date=20181210133000, Matrix=pm10_pm25
numflag pm10_pm25_mass, no unit, Revision date=20181210133000, Matrix=pm10_pm25
pm25_mass, ug/m3, Version=2, Version description=Data extracted from http://views.cira.colostate.edu/fed/DataWizard 2019-12-16, Sample duration=1d, Orig. time res.=3d, Blank correction=Blank corrected, Volume std. temperature=ambient, Volume std. pressure=ambient
numflag pm25_mass, no unit, Version=2, Version description=Data extracted from http://views.cira.colostate.edu/fed/DataWizard 2019-12-16, Sample duration=1d, Orig. time res.=3d, Blank correction=Blank corrected, Volume std. temperature=ambient, Volume std. pressure=ambient
potassium, ug/m3, Revision date=20181210133000
numflag potassium, no unit, Revision date=20181210133000
sulphate_total, ug S/m3, Revision date=20181210133000
numflag sulphate_total, no unit, Revision date=20181210133000
0
25
Data definition:              EBAS_1.1
Set type code:                TU
Timezone:                     UTC
File name:                    US0050R.20040101060000.20191216000000.filterpack..pm25.52w.1w.US03L_filterpack_US0050.US03L_IMPROVE_Davis.lev2.nas
File creation:                20191218115826
Startdate:                    20040101060000
Revision date:                20191216000000
Statistics:                   arithmetic mean
Data level:                   2
Period code:                  52w
Resolution code:              1w
Station code:                 US0050R
Platform code:                US0050S
Station name:                 Blue Mounds
Station latitude:             43.7158
Station longitude:            -96.1913
Station altitude:             473.0 m
Regime:                       IMG
Component:                    
Matrix:                       pm25
Laboratory code:              US03L
Instrument type:              filterpack
Instrument name:              filterpack_US0050
Method ref:                   US03L_IMPROVE_Davis
starttime endtime Fe flag_Fe Pb flag_Pb Mg++ flag_Mg++ Ni flag_Ni NO3- flag_NO3- OC flag_OC OM flag_OM PM10 flag_PM10 PM10-PM2.5 flag_PM10-PM2.5 PM2.5 flag_PM2.5 K+ flag_K+ SO4-- flag_SO4--
  0.25   1.25   21.62 0.000  1.51 0.000 9.999 0.259 9.99 0.259  0.770 0.000  0.850 0.000  1.190 0.000  15.485 0.000   7.460 0.000   8.025 0.000 0.029 0.000  0.403 0.000
  3.25   4.25   15.83 0.000  0.46 0.000 9.999 0.259 0.11 0.000  0.171 0.000  0.328 0.000  0.459 0.000   6.686 0.000   3.807 0.000   2.879 0.000 0.019 0.000  0.177 0.000
  6.25   7.25   64.42 0.000  2.54 0.000 9.999 0.259 0.12 0.000  0.822 0.000  1.398 0.000  1.958 0.000  24.817 0.000  13.548 0.000  11.270 0.000 0.052 0.000  0.522 0.000
  9.25  10.25   22.92 0.000  5.08 0.000 9.999 0.259 9.99 0.259  2.840 0.559  1.855 0.000  2.597 0.000  35.057 0.000   4.778 0.000  30.279 0.000 0.057 0.000  1.829 0.559
 12.25  13.25    9.68 0.000  0.92 0.000 9.999 0.259 0.07 0.000  0.721 0.559  0.762 0.000  1.067 0.000  13.639 0.000   4.661 0.000   8.978 0.000 0.025 0.000  0.551 0.559
 15.25  16.25   46.59 0.000  3.44 0.000 9.999 0.259 9.99 0.259  1.957 0.000  1.553 0.000  2.174 0.000  32.630 0.000  13.511 0.000  19.119 0.000 0.052 0.000  0.707 0.000
 18.25  19.25   18.61 0.000  0.62 0.000 0.062 0.000 9.99 0.259  0.142 0.559  0.374 0.000  0.523 0.000  10.859 0.000   7.272 0.000   3.587 0.000 0.027 0.000  0.151 0.559
 21.25  22.25   25.47 0.000  0.76 0.000 9.999 0.259 0.11 0.000  0.120 0.000  0.324 0.000  0.453 0.000   8.796 0.000   6.279 0.000   2.517 0.000 0.019 0.000  0.147 0.000
 24.25  25.25   23.76 0.000  1.88 0.000 9.999 0.259 9.99 0.259  1.082 0.000  0.987 0.000  1.382 0.000  20.665 0.000  10.984 0.000   9.681 0.000 0.029 0.000  0.295 0.000
 27.25  28.25   26.39 0.000  2.87 0.000 9.999 0.259 0.15 0.000  0.153 0.000  0.820 0.000  1.148 0.000   8.215 0.000   3.691 0.000   4.524 0.000 0.061 0.000  0.364 0.000
 30.25  31.25   15.38 0.000  2.69 0.000 9.999 0.259 0.15 0.000  0.891 0.000  0.844 0.000  1.181 0.000  13.678 0.000   4.787 0.000   8.891 0.000 0.021 0.000  0.388 0.000
 33.25  34.25   16.76 0.000  1.98 0.000 9.999 0.259 0.27 0.000  0.900 0.000  1.310 0.000  1.834 0.000  13.648 0.000   2.355 0.000  11.293 0.000 0.038 0.000  0.773 0.000
 36.25  37.25   21.20 0.000  1.55 0.000 9.999 0.259 0.11 0.000  1.125 0.000  1.455 0.000  2.038 0.000  17.654 0.000   3.467 0.000  14.187 0.000 0.068 0.000  1.048 0.000
 39.25  40.25   12.62 0.000  0.32 0.000 9.999 0.259 9.99 0.259  0.248 0.000  0.546 0.000  0.765 0.000   5.332 0.000   1.293 0.000   4.039 0.000 0.026 0.000  0.371 0.000
 42.25  43.25    9.88 0.000  0.77 0.000 0.033 0.000 9.99 0.259  0.253 0.559  0.853 0.000  1.194 0.000   8.158 0.000   2.891 0.000   5.266 0.000 0.027 0.000  0.422 0.559
 45.25  46.25   13.63 0.000  1.28 0.000 0.042 0.000 0.12 0.000  0.570 0.559  0.910 0.000  1.274 0.000  11.616 0.000   4.411 0.000   7.205 0.000 0.022 0.000  0.305 0.559
 48.25  49.25   32.07 0.000  3.35 0.000 9.999 0.259 9.99 0.259  4.040 0.000  1.586 0.000  2.220 0.000  35.471 0.000   4.772 0.000  30.699 0.000 0.027 0.000  0.759 0.000
 51.25  52.25   11.97 0.000  0.89 0.000 9.999 0.259 9.99 0.259  0.764 0.000  1.150 0.000  1.610 0.000  10.458 0.000   2.131 0.000   8.327 0.000 0.037 0.000  0.233 0.000
 54.25  55.25    7.11 0.000  1.67 0.000 0.033 0.000 9.99 0.259  0.886 0.559  0.610 0.000  0.853 0.000  13.492 0.000   0.714 0.000  12.778 0.000 0.018 0.000  1.417 0.559
 57.25  58.25   29.43 0.000  3.85 0.000 9.999 0.259 0.24 0.000  2.467 0.000  1.040 0.000  1.456 0.000  24.016 0.000   2.949 0.000  21.067 0.000 0.030 0.000  0.837 0.000
 60.25  61.25    8.64 0.000  1.97 0.000 9.999 0.259 0.13 0.000  0.760 0.000  1.422 0.000  1.990 0.000  12.040 0.000   0.160 0.000  11.879 0.000 0.023 0.000  1.012 0.000
 63.25  64.25    5.47 0.000  1.02 0.000 9.999 0.259 9.99 0.259  0.853 0.000  0.598 0.000  0.837 0.000  10.560 0.000 999.999 0.259  10.783 0.000 0.012 0.000  1.070 0.000
 66.25  67.25    8.83 0.000  0.42 0.000 9.999 0.259 9.99 0.259  0.244 0.000  0.514 0.000  0.720 0.000   4.479 0.000   0.919 0.000   3.560 0.000 0.024 0.000  0.336 0.000
 69.25  70.25   14.77 0.000  0.73 0.000 9.999 0.259 9.99 0.259  0.198 0.000  0.378 0.000  0.529 0.000   7.725 0.000   4.824 0.000   2.901 0.000 0.016 0.000  0.221 0.000
 72.25  73.25   27.04 0.000  1.97 0.000 9.999 0.259 9.99 0.259  0.621 0.000  1.438 0.000  2.013 0.000  14.916 0.000   7.026 0.000   7.890 0.000 0.044 0.000  0.417 0.000
 75.25  76.25   13.28 0.000  1.90 0.000 0.061 0.000 9.99 0.259  1.203 0.000  0.778 0.000  1.090 0.000  13.909 0.000   0.498 0.000  13.411 0.000 0.020 0.000  1.135 0.000
 78.25  79.25   27.67 0.000  1.31 0.000 9.999 0.259 9.99 0.259  0.871 0.000  0.862 0.000  1.207 0.000  13.358 0.000   4.758 0.000   8.599 0.000 0.025 0.000  0.581 0.000
 81.25  82.25   29.68 0.000  2.04 0.000 9.999 0.259 9.99 0.259  0.686 0.000  0.843 0.000  1.180 0.000  14.505 0.000   6.980 0.000   7.526 0.000 0.036 0.000  0.388 0.000
 84.25  85.25   59.61 0.000  3.98 0.000 9.999 0.259 0.15 0.000  1.504 0.000  2.255 0.000  3.158 0.000  33.252 0.000   7.240 0.000  26.012 0.000 0.056 0.000  2.819 0.000
 87.25  88.25    6.39 0.000  0.70 0.000 0.054 0.000 9.99 0.259  0.094 0.559  0.343 0.000  0.480 0.000   2.924 0.000   1.400 0.000   1.524 0.000 0.018 0.000  0.191 0.559
 90.25  91.25   19.19 0.000  0.72 0.000 9.999 0.259 0.05 0.000  0.511 0.559  0.544 0.000  0.762 0.000   6.660 0.000   2.089 0.000   4.571 0.000 0.023 0.000  0.322 0.559
 93.25  94.25   21.33 0.000  0.57 0.000 9.999 0.259 9.99 0.259  0.158 0.559  0.263 0.000  0.368 0.000   5.726 0.000   3.217 0.000   2.509 0.000 0.023 0.000  0.291 0.559
 96.25  97.25   79.74 0.000  2.12 0.000 0.088 0.000 0.11 0.000  0.285 0.559  0.848 0.000  1.187 0.000  14.209 0.000   8.571 0.000   5.638 0.000 0.070 0.000  0.457 0.559
 99.25 100.25   42.54 0.000  0.92 0.000 9.999 0.259 9.99 0.259  0.261 0.000  0.973 0.000  1.362 0.000  13.478 0.000   8.057 0.000   5.421 0.000 0.033 0.000  0.473 0.000
102.25 103.25   29.57 0.000  1.24 0.000 0.059 0.000 9.99 0.259  0.306 0.559  0.703 0.000  0.984 0.000  11.070 0.000   6.110 0.000   4.960 0.000 0.031 0.000  0.430 0.559
105.25 106.25  119.81 0.000  2.52 0.000 9.999 0.259 0.13 0.000  0.291 0.000  1.947 0.000  2.726 0.000  30.296 0.000  21.444 0.000   8.852 0.000 0.113 0.000  0.621 0.000
108.25 109.25   80.55 0.000  1.93 0.000 9.999 0.259 0.25 0.000  0.353 0.000  1.350 0.000  1.890 0.000  34.763 0.000  24.437 0.000  10.326 0.000 0.080 0.000  1.200 0.000
111.25 112.25   19.50 0.000  2.90 0.000 9.999 0.259 9.99 0.259  0.681 0.000  0.662 0.000  0.927 0.000   7.966 0.000   2.345 0.000   5.620 0.000 0.023 0.000  0.525 0.000
114.25 115.25   30.71 0.000  2.25 0.000 9.999 0.259 9.99 0.259  0.498 0.559  0.808 0.000  1.132 0.000  12.173 0.000   5.199 0.000   6.974 0.000 0.042 0.000  0.503 0.559
117.25 118.25   58.88 0.000  1.98 0.000 9.999 0.259 9.99 0.259  0.084 0.000  0.562 0.000  0.787 0.000  16.264 0.000  12.560 0.000   3.704 0.000 0.047 0.000  0.287 0.000
120.25 121.25   58.04 0.000  1.12 0.000 0.053 0.000 9.99 0.259  0.098 0.559  0.683 0.000  0.956 0.000  19.859 0.000  15.072 0.000   4.787 0.000 0.039 0.000  0.482 0.559
123.25 124.25   51.17 0.000  2.44 0.000 9.999 0.259 0.15 0.000  0.308 0.559  1.529 0.000  2.141 0.000  22.427 0.000  15.452 0.000   6.974 0.000 0.084 0.000  0.543 0.559
126.25 127.25   93.11 0.000  1.12 0.000 9.999 0.259 9.99 0.259  0.043 0.000  1.094 0.000  1.531 0.000  26.519 0.000  21.428 0.000   5.091 0.000 0.069 0.000  0.249 0.000
129.25 130.25   65.64 0.000  2.79 0.000 9.999 0.259 0.13 0.000  0.656 0.000  1.317 0.000  1.843 0.000  20.593 0.000  13.022 0.000   7.570 0.000 0.054 0.000  0.819 0.000
132.25 133.25   17.80 0.000  0.96 0.000 9.999 0.259 0.15 0.000  0.222 0.559  0.553 0.000  0.774 0.000   8.156 0.000   3.298 0.000   4.858 0.000 0.018 0.000  0.721 0.559
135.25 136.25   28.69 0.000  4.27 0.000 9.999 0.259 0.10 0.000  0.800 0.000  0.689 0.000  0.964 0.000  13.686 0.000   5.423 0.000   8.263 0.000 0.030 0.000  0.584 0.000
138.25 139.25   21.46 0.000  2.48 0.000 9.999 0.259 0.10 0.000  0.511 0.559  0.805 0.000  1.126 0.000   7.182 0.000   2.711 0.000   4.471 0.000 0.034 0.000  0.433 0.559
141.25 142.25   40.59 0.000  2.14 0.000 9.999 0.259 0.09 0.000  0.606 0.000  1.233 0.000  1.726 0.000   9.730 0.000   3.227 0.000   6.503 0.000 0.032 0.000  0.614 0.000
144.25 145.25    5.82 0.000  0.75 0.000 9.999 0.259 0.13 0.000  0.319 0.000  0.338 0.000  0.473 0.000   4.305 0.000   0.730 0.000   3.575 0.000 0.007 0.000  0.389 0.000
147.25 148.25   22.36 0.000  0.85 0.000 9.999 0.259 0.09 0.000  0.125 0.000  0.694 0.000  0.972 0.000   8.269 0.000   4.782 0.000   3.487 0.000 0.015 0.000  0.369 0.000
150.25 151.25   17.42 0.000  0.65 0.000 9.999 0.259 9.99 0.259  0.091 0.000  0.634 0.000  0.888 0.000   4.320 0.000   1.387 0.000   2.933 0.000 0.015 0.000  0.286 0.000
153.25 154.25   16.30 0.000  0.76 0.000 9.999 0.259 9.99 0.259  0.085 0.000  0.724 0.000  1.014 0.000   6.864 0.000   3.787 0.000   3.077 0.000 0.014 0.000  0.283 0.000
156.25 157.25   36.60 0.000  2.28 0.000 9.999 0.259 0.09 0.000  0.113 0.000  1.012 0.000  1.417 0.000  11.386 0.000   5.421 0.000   5.965 0.000 0.030 0.000  0.674 0.000
159.25 160.25   52.95 0.000  1.33 0.000 9.999 0.259 0.15 0.000  0.154 0.000  0.745 0.000  1.043 0.000  14.535 0.000   8.600 0.000   5.935 0.000 0.037 0.000  0.726 0.000
162.25 163.25   35.60 0.000  2.03 0.000 9.999 0.259 0.10 0.000  0.124 0.000  0.498 0.000  0.697 0.000   7.184 0.000   4.258 0.000   2.925 0.000 0.023 0.000  0.266 0.000
165.25 166.25   19.97 0.000  1.30 0.000 9.999 0.259 0.10 0.000  0.023 0.000  0.374 0.000  0.523 0.000   5.018 0.000   2.792 0.000   2.226 0.000 0.022 0.000  0.163 0.000
168.25 169.25    7.53 0.000  1.36 0.000 0.060 0.000 0.16 0.000  0.072 0.000  0.393 0.000  0.551 0.000   5.531 0.000   3.383 0.000   2.148 0.000 0.010 0.000  0.202 0.000
171.25 172.25   15.30 0.000  1.75 0.000 9.999 0.259 9.99 0.259  0.278 0.000  0.442 0.000  0.619 0.000   7.513 0.000   3.698 0.000   3.815 0.000 0.014 0.000  0.478 0.000
174.25 175.25   49.62 0.000  0.95 0.000 9.999 0.259 9.99 0.259  0.049 0.000  1.138 0.000  1.593 0.000  17.846 0.000  13.356 0.000   4.490 0.000 0.030 0.000  0.336 0.000
177.25 178.25   41.60 0.000  2.68 0.000 9.999 0.259 9.99 0.259 99.999 0.999  0.891 0.000  1.248 0.000  12.524 0.000   8.649 0.000   3.875 0.000 0.045 0.000 99.999 0.999
180.25 181.25   74.08 0.000  1.78 0.000 0.116 0.000 9.99 0.259 99.999 0.999  0.931 0.000  1.303 0.000  16.850 0.000  11.272 0.000   5.578 0.000 0.039 0.000 99.999 0.999
183.25 184.25   80.50 0.000  3.02 0.000 9.999 0.259 0.09 0.000 99.999 0.999  1.582 0.000  2.214 0.000  23.094 0.000   8.907 0.000  14.187 0.000 0.065 0.000 99.999 0.999
186.25 187.25   10.78 0.000  3.54 0.000 0.094 0.000 9.99 0.259 99.999 0.999  1.209 0.000  1.693 0.000  10.497 0.000   2.811 0.000   7.686 0.000 0.236 0.000 99.999 0.999
189.25 190.25   16.92 0.000  1.71 0.000 9.999 0.259 9.99 0.259  0.131 0.000  0.496 0.000  0.694 0.000   9.097 0.000   5.789 0.000   3.308 0.000 0.015 0.000  0.273 0.000
192.25 193.25   14.92 0.000  0.70 0.000 0.137 0.000 9.99 0.259  0.086 0.000  0.885 0.000  1.239 0.000   6.142 0.000   2.160 0.000   3.981 0.000 0.030 0.000  0.426 0.000
195.25 196.25   18.26 0.000  0.83 0.000 9.999 0.259 9.99 0.259  0.046 0.000  1.476 0.000  2.066 0.000   8.911 0.000   4.769 0.000   4.143 0.000 0.026 0.000  0.176 0.000
198.25 199.25   25.75 0.000  3.39 0.000 9.999 0.259 9.99 0.259  0.065 0.000  2.456 0.000  3.438 0.000  10.296 0.000   3.411 0.000   6.885 0.000 0.042 0.000  0.246 0.000
201.25 202.25   84.34 0.000  1.16 0.000 9.999 0.259 9.99 0.259  0.098 0.000  1.975 0.000  2.765 0.000  20.400 0.000  12.289 0.000   8.111 0.000 0.062 0.000  0.507 0.000
204.25 205.25   32.81 0.000  0.79 0.000 9.999 0.259 9.99 0.259  0.050 0.000  3.451 0.000  4.832 0.000  14.898 0.000   6.470 0.000   8.428 0.000 0.060 0.000  0.224 0.000
207.25 208.25   59.51 0.000  2.56 0.000 9.999 0.259 9.99 0.259  0.173 0.000  1.943 0.000  2.720 0.000  17.078 0.000   9.036 0.000   8.043 0.000 0.042 0.000  0.665 0.000
210.25 211.25   20.90 0.000  1.70 0.000 9.999 0.259 9.99 0.259  0.166 0.000  2.053 0.000  2.874 0.000  10.215 0.000   4.288 0.000   5.927 0.000 0.035 0.000  0.401 0.000
213.25 214.25   26.35 0.000  1.54 0.000 9.999 0.259 9.99 0.259  0.171 0.000  2.056 0.000  2.879 0.000  12.476 0.000   2.965 0.000   9.511 0.000 0.043 0.000  1.083 0.000
216.25 217.25   19.88 0.000  0.42 0.000 9.999 0.259 0.12 0.000  0.053 0.000  1.946 0.000  2.724 0.000   8.519 0.000   3.730 0.000   4.789 0.000 0.033 0.000  0.174 0.000
219.25 220.25   42.42 0.000  1.62 0.000 9.999 0.259 0.09 0.000  0.174 0.000  1.893 0.000  2.650 0.000  19.218 0.000  11.101 0.000   8.117 0.000 0.037 0.000  0.774 0.000
222.25 223.25   15.62 0.000 99.99 0.259 9.999 0.259 9.99 0.259  0.017 0.000  0.273 0.000  0.382 0.000   6.607 0.000   5.711 0.000   0.896 0.000 0.009 0.000  0.054 0.000
225.25 226.25   18.89 0.000  0.93 0.000 0.035 0.000 9.99 0.259  0.043 0.000  1.129 0.000  1.581 0.000   8.691 0.000   5.026 0.000   3.664 0.000 0.020 0.000  0.266 0.000
228.25 229.25   36.10 0.000  1.50 0.000 9.999 0.259 9.99 0.259  0.152 0.000  1.729 0.000  2.420 0.000  17.056 0.000   9.511 0.000   7.546 0.000 0.037 0.000  0.719 0.000
231.25 232.25   63.92 0.000  0.92 0.000 9.999 0.259 9.99 0.259  0.048 0.000  0.734 0.000  1.027 0.000  18.290 0.000  14.994 0.000   3.296 0.000 0.029 0.000  0.204 0.000
234.25 235.25   41.11 0.000  1.30 0.000 9.999 0.259 9.99 0.259  0.079 0.000  1.582 0.000  2.214 0.000  14.414 0.000   8.547 0.000   5.867 0.000 0.044 0.000  0.394 0.000
237.25 238.25   19.68 0.000  0.92 0.000 9.999 0.259 9.99 0.259  0.241 0.000  1.143 0.000  1.600 0.000  10.134 0.000   5.324 0.000   4.810 0.000 0.028 0.000  0.466 0.000
240.25 241.25    6.54 0.000  3.70 0.000 0.025 0.000 9.99 0.259  0.052 0.000  0.661 0.000  0.925 0.000   4.966 0.000   2.999 0.000   1.967 0.000 0.022 0.000  0.133 0.000
243.25 244.25   30.14 0.000  2.07 0.000 9.999 0.259 9.99 0.259  0.158 0.000  1.371 0.000  1.920 0.000  10.825 0.000   5.522 0.000   5.303 0.000 0.033 0.000  0.508 0.000
246.25 247.25   56.75 0.000  2.13 0.000 9.999 0.259 9.99 0.259  0.218 0.000  2.486 0.000  3.480 0.000  26.567 0.000  10.363 0.000  16.204 0.000 0.045 0.000  2.055 0.000
249.25 250.25    8.21 0.000  0.54 0.000 9.999 0.259 0.09 0.000  0.040 0.000  0.764 0.000  1.070 0.000   8.630 0.000   6.434 0.000   2.196 0.000 0.017 0.000  0.131 0.000
252.25 253.25   52.16 0.000  2.08 0.000 9.999 0.259 9.99 0.259  0.116 0.000  1.128 0.000  1.579 0.000  20.346 0.000  14.385 0.000   5.961 0.000 0.027 0.000  0.528 0.000
255.25 256.25   65.36 0.000  3.00 0.000 9.999 0.259 9.99 0.259  0.276 0.000  2.598 0.000  3.637 0.000  28.717 0.000  14.006 0.000  14.711 0.000 0.080 0.000  1.567 0.000
258.25 259.25    8.85 0.000  0.65 0.000 9.999 0.259 0.18 0.000  0.021 0.000  0.364 0.000  0.509 0.000   3.472 0.000   2.053 0.000   1.419 0.000 0.010 0.000  0.129 0.000
261.25 262.25   28.38 0.000  1.78 0.000 9.999 0.259 0.09 0.000  0.153 0.000  1.200 0.000  1.679 0.000  12.296 0.000   6.844 0.000   5.452 0.000 0.025 0.000  0.538 0.000
264.25 265.25   23.25 0.000  1.24 0.000 9.999 0.259 9.99 0.259  0.152 0.000  1.073 0.000  1.502 0.000   9.842 0.000   4.504 0.000   5.338 0.000 0.030 0.000  0.476 0.000
267.25 268.25   18.78 0.000  1.01 0.000 9.999 0.259 0.11 0.000  0.033 0.000  0.574 0.000  0.804 0.000   6.283 0.000   3.948 0.000   2.335 0.000 0.016 0.000  0.195 0.000
270.25 271.25   52.78 0.000  2.15 0.000 9.999 0.259 9.99 0.259  0.274 0.000  1.492 0.000  2.090 0.000  19.190 0.000  13.768 0.000   5.421 0.000 0.039 0.000  0.393 0.000
273.25 274.25  119.16 0.000  1.82 0.000 0.176 0.000 9.99 0.259  0.115 0.000  1.596 0.000  2.235 0.000  41.913 0.000  32.806 0.000   9.107 0.000 0.062 0.000  0.703 0.000
276.25 277.25   29.79 0.000  0.97 0.000 0.196 0.000 9.99 0.259  0.054 0.000  0.900 0.000  1.259 0.000  12.451 0.000   9.740 0.000   2.711 0.000 0.024 0.000  0.129 0.000
279.25 280.25  126.24 0.000  1.93 0.000 9.999 0.259 9.99 0.259  0.183 0.000  1.640 0.000  2.296 0.000  35.679 0.000  27.881 0.000   7.797 0.000 0.084 0.000  0.418 0.000
