scripts/IMPROVE-2019_partial/data/US0089R.20030103070000.20191216000000.filterpack..pm25.1y.1w.US03L_filterpack_US0089.US03L_IMPROVE_Davis.lev2.nas
66 1001
MISSING INFORMATION
US03L, IMPROVE, , , , , , , 
MISSING INFORMATION
IMPROVE sel_HTAP
1 1
2003 01 01 2019 12 16
3.000000
days from file reference point
27
1 1 1 1 1 1 1 1 1 1 1 1 1 1 1 1 1 1 1 1 1 1 1 1 1 1 1
999.999999 9999.99 9.999 99.99 9.999999 9.999 9.999999 9.99 9.999999 9.999 9.999 99.999 9.999 999.999 9.999 999.99 9.999999 999.999 9.999 999.999 9.999 999.999 9.999 9.999 9.999 9.999 9.999
end_time of measurement, days from the file reference point
iron, ng/m3, Revision date=20181210133000
numflag iron, no unit, Revision date=20181210133000
lead, ng/m3, Revision date=20181210133000
numflag lead, no unit, Revision date=20181210133000
magnesium, ug/m3, Revision date=20181210133000
numflag magnesium, no unit, Revision date=20181210133000
nickel, ng/m3, Revision date=20181210133000
numflag nickel, no unit, Revision date=20181210133000
nitrate, ug N/m3, Revision date=20181210133000
numflag nitrate, no unit, Revision date=20181210133000
organic_carbon, ug C/m3, Revision date=20181210133000
numflag organic_carbon, no unit, Revision date=20181210133000
organic_mass, ug/m3, Revision date=20181210133000
numflag organic_mass, no unit, Revision date=20181210133000
phosphorus, ng/m3, Revision date=20181210133000
numflag phosphorus, no unit, Revision date=20181210133000
pm10_mass, ug/m3, Version=2, Version description=Data extracted from http://views.cira.colostate.edu/fed/DataWizard 2019-12-16, Sample duration=1d, Orig. time res.=3d, Matrix=pm10, Blank correction=Blank corrected, Volume std. temperature=ambient, Volume std. pressure=ambient
numflag pm10_mass, no unit, Version=2, Version description=Data extracted from http://views.cira.colostate.edu/fed/DataWizard 2019-12-16, Sample duration=1d, Orig. time res.=3d, Matrix=pm10, Blank correction=Blank corrected, Volume std. temperature=ambient, Volume std. pressure=ambient
pm10_pm25_mass, ug/m3, Revision date=20181210133000, Matrix=pm10_pm25
numflag pm10_pm25_mass, no unit, Revision date=20181210133000, Matrix=pm10_pm25
pm25_mass, ug/m3, Version=2, Version description=Data extracted from http://views.cira.colostate.edu/fed/DataWizard 2019-12-16, Sample duration=1d, Orig. time res.=3d, Blank correction=Blank corrected, Volume std. temperature=ambient, Volume std. pressure=ambient
numflag pm25_mass, no unit, Version=2, Version description=Data extracted from http://views.cira.colostate.edu/fed/DataWizard 2019-12-16, Sample duration=1d, Orig. time res.=3d, Blank correction=Blank corrected, Volume std. temperature=ambient, Volume std. pressure=ambient
potassium, ug/m3, Revision date=20181210133000
numflag potassium, no unit, Revision date=20181210133000
sulphate_total, ug S/m3, Revision date=20181210133000
numflag sulphate_total, no unit, Revision date=20181210133000
0
25
Data definition:              EBAS_1.1
Set type code:                TU
Timezone:                     UTC
File name:                    US0089R.20030103070000.20191216000000.filterpack..pm25.1y.1w.US03L_filterpack_US0089.US03L_IMPROVE_Davis.lev2.nas
File creation:                20191218120126
Startdate:                    20030103070000
Revision date:                20191216000000
Statistics:                   arithmetic mean
Data level:                   2
Period code:                  1y
Resolution code:              1w
Station code:                 US0089R
Platform code:                US0089S
Station name:                 Bridger Wilderness
Station latitude:             42.9749
Station longitude:            -109.7579
Station altitude:             2626.0 m
Regime:                       IMG
Component:                    
Matrix:                       pm25
Laboratory code:              US03L
Instrument type:              filterpack
Instrument name:              filterpack_US0089
Method ref:                   US03L_IMPROVE_Davis
starttime endtime Fe flag_Fe Pb flag_Pb Mg++ flag_Mg++ Ni flag_Ni NO3- flag_NO3- OC flag_OC OM flag_OM P flag_P PM10 flag_PM10 PM10-PM2.5 flag_PM10-PM2.5 PM2.5 flag_PM2.5 K+ flag_K+ SO4-- flag_SO4--
[from data line 80]
242.291667 243.291667    9.25 0.000  0.19 0.000000 9.999 0.259000 9.99 0.259000 0.015 0.559  1.672 0.000   2.341 0.000 999.99 0.259000   4.657 0.000   1.231 0.000   3.426 0.000 0.014 0.000 0.095 0.559
245.291667 246.291667   15.02 0.000  0.19 0.000000 9.999 0.259000 0.05 0.000000 0.014 0.559  1.702 0.000   2.382 0.000 999.99 0.259000   6.168 0.000   1.570 0.000   4.598 0.000 0.020 0.000 0.288 0.559
248.291667 249.291667   20.90 0.000  0.30 0.000000 9.999 0.259000 0.05 0.000000 0.022 0.559  1.450 0.000   2.031 0.000 999.99 0.259000   5.596 0.000   1.448 0.000   4.148 0.000 0.029 0.000 0.240 0.559
251.291667 252.291667   11.51 0.000  0.29 0.000000 9.999 0.259000 9.99 0.259000 0.013 0.559  0.659 0.000   0.923 0.000 999.99 0.259000   4.037 0.000   1.827 0.000   2.210 0.000 0.011 0.000 0.127 0.559
254.291667 255.291667   10.00 0.000  0.15 0.000000 9.999 0.259000 9.99 0.259000 0.010 0.559  0.545 0.000   0.763 0.000 999.99 0.259000   3.821 0.000   2.093 0.000   1.728 0.000 0.011 0.000 0.092 0.559
257.291667 258.291667   17.09 0.000  0.39 0.000000 9.999 0.259000 0.05 0.000000 0.018 0.000  1.170 0.000   1.638 0.000 999.99 0.259000   5.013 0.000   2.146 0.000   2.867 0.000 0.021 0.000 0.093 0.000
260.291667 261.291667    5.27 0.000  0.20 0.000000 9.999 0.259000 0.05 0.000000 0.020 0.559  0.266 0.000   0.373 0.000 999.99 0.259000   1.612 0.000   0.680 0.000   0.932 0.000 0.006 0.000 0.043 0.559
263.291667 264.291667   28.01 0.000  0.46 0.000000 9.999 0.259000 9.99 0.259000 0.016 0.559  0.497 0.000   0.695 0.000 999.99 0.259000   4.984 0.000   2.700 0.000   2.284 0.000 0.033 0.000 0.111 0.559
266.291667 267.291667   27.65 0.000  0.45 0.000000 9.999 0.259000 0.03 0.000000 0.009 0.559  0.607 0.000   0.849 0.000 999.99 0.259000   6.577 0.000   4.179 0.000   2.398 0.000 0.028 0.000 0.069 0.559
269.291667 270.291667   18.11 0.000  0.27 0.000000 9.999 0.259000 9.99 0.259000 0.010 0.559  0.702 0.000   0.983 0.000 999.99 0.259000   4.548 0.000   2.378 0.000   2.170 0.000 0.021 0.000 0.083 0.559
272.291667 273.291667   48.46 0.000  0.36 0.000000 0.034 0.000000 0.60 0.000000 0.030 0.000  1.023 0.000   1.432 0.000 999.99 0.259000  12.648 0.000   8.301 0.000   4.347 0.000 0.035 0.000 0.214 0.000
275.291667 276.291667   27.17 0.000  0.41 0.000000 9.999 0.259000 0.06 0.000000 0.016 0.000  1.046 0.000   1.465 0.000 999.99 0.259000   6.820 0.000   3.132 0.000   3.687 0.000 0.030 0.000 0.182 0.000
278.291667 279.291667   27.90 0.000  0.20 0.000000 0.024 0.000000 9.99 0.259000 0.015 0.000  1.006 0.000   1.408 0.000  26.35 0.000000   7.110 0.000   3.465 0.000   3.645 0.000 0.032 0.000 0.180 0.000
281.291667 282.291667   32.34 0.000  0.47 0.000000 0.022 0.000000 0.07 0.000000 0.026 0.000  1.001 0.000   1.402 0.000  10.68 0.000000   8.350 0.000   4.354 0.000   3.995 0.000 0.034 0.000 0.137 0.000
284.291667 285.291667   19.31 0.000  0.27 0.000000 9.999 0.259000 9.99 0.259000 0.012 0.000  0.154 0.000   0.215 0.000 999.99 0.259000   3.992 0.000   2.603 0.000   1.389 0.000 0.014 0.000 0.066 0.000
287.291667 288.291667   35.78 0.000  0.40 0.000000 9.999 0.259000 0.15 0.000000 0.018 0.000  0.217 0.000   0.304 0.000 999.99 0.259000   5.020 0.000   2.736 0.000   2.284 0.000 0.025 0.000 0.088 0.000
290.291667 291.291667   46.18 0.000  0.62 0.000000 9.999 0.259000 0.09 0.000000 0.025 0.000  0.564 0.000   0.790 0.000  15.72 0.000000   5.828 0.000   2.664 0.000   3.165 0.000 0.060 0.000 0.120 0.000
293.291667 294.291667   17.08 0.000  0.40 0.000000 0.018 0.000000 9.99 0.259000 0.010 0.000  0.535 0.000   0.749 0.000  10.92 0.000000   4.344 0.000   2.227 0.000   2.117 0.000 0.018 0.000 0.077 0.000
296.291667 297.291667  108.59 0.000  0.41 0.000000 0.041 0.000000 0.08 0.000000 0.028 0.000  0.475 0.000   0.664 0.000  14.71 0.000000  16.148 0.000  11.169 0.000   4.978 0.000 0.069 0.000 0.086 0.000
299.291667 300.291667   66.39 0.000  0.31 0.000000 9.999 0.259000 0.23 0.000000 0.010 0.000  0.410 0.000   0.574 0.000   7.32 0.000000   4.657 0.000   1.704 0.000   2.954 0.000 0.044 0.000 0.032 0.000
302.291667 303.291667   14.00 0.000  0.68 0.000000 0.033 0.000000 9.99 0.259000 0.026 0.000  0.506 0.000   0.709 0.000 999.99 0.259000   3.704 0.000   1.346 0.000   2.358 0.000 0.029 0.000 0.075 0.000
305.291667 306.291667    6.30 0.000  0.24 0.000000 9.999 0.259000 0.05 0.000000 0.044 0.000  2.011 0.000   2.815 0.000 999.99 0.259000   5.387 0.000   0.799 0.000   4.588 0.000 0.014 0.000 0.163 0.000
308.291667 309.291667    4.71 0.000  0.45 0.000000 9.999 0.259000 9.99 0.259000 0.043 0.000  0.495 0.000   0.693 0.000 999.99 0.259000   2.922 0.000   0.801 0.000   2.120 0.000 0.013 0.000 0.170 0.000
311.291667 312.291667    2.48 0.000  0.45 0.000000 9.999 0.259000 0.05 0.000000 0.013 0.000  0.363 0.000   0.509 0.000 999.99 0.259000   1.263 0.000   0.131 0.000   1.132 0.000 0.005 0.000 0.081 0.000
314.291667 315.291667   11.43 0.000  0.20 0.000000 9.999 0.259000 9.99 0.259000 0.024 0.000  0.285 0.000   0.400 0.000 999.99 0.259000   2.722 0.000   1.454 0.000   1.268 0.000 0.031 0.000 0.059 0.000
317.291667 318.291667    6.66 0.000  0.11 0.000000 0.027 0.000000 0.09 0.000000 0.018 0.000  0.520 0.000   0.728 0.000 999.99 0.259000   1.726 0.000   0.299 0.000   1.426 0.000 0.013 0.000 0.100 0.000
320.291667 321.291667    1.76 0.000  0.09 0.000000 0.038 0.000000 0.05 0.000000 0.006 0.000  0.030 0.000   0.041 0.000 999.99 0.259000   0.711 0.000   0.370 0.000   0.341 0.000 0.003 0.000 0.011 0.000
323.291667 324.291667    6.71 0.000  0.36 0.000000 9.999 0.259000 0.07 0.000000 0.015 0.000  0.193 0.000   0.270 0.000 999.99 0.259000   1.768 0.000   0.758 0.000   1.010 0.000 0.007 0.000 0.048 0.000
326.291667 327.291667    3.81 0.000  0.35 0.000000 0.026 0.000000 0.07 0.000000 0.023 0.000  0.270 0.000   0.378 0.000 999.99 0.259000   1.694 0.000   0.542 0.000   1.152 0.000 0.008 0.000 0.075 0.000
329.291667 330.291667    2.12 0.000  0.16 0.000000 0.044 0.000000 0.05 0.000000 0.028 0.000  0.380 0.000   0.532 0.000 999.99 0.259000   1.736 0.000   0.626 0.000   1.110 0.000 0.006 0.000 0.044 0.000
332.291667 333.291667   14.85 0.000  0.31 0.000000 9.999 0.259000 0.06 0.000000 0.005 0.000  0.187 0.000   0.262 0.000 999.99 0.259000   1.171 0.000   0.277 0.000   0.894 0.000 0.005 0.000 0.048 0.000
335.291667 336.291667    8.93 0.000  0.35 0.000000 9.999 0.259000 0.09 0.000000 0.056 0.000  0.457 0.000   0.640 0.000 999.99 0.259000   2.114 0.000   0.449 0.000   1.665 0.000 0.009 0.000 0.102 0.000
338.291667 339.291667    9.82 0.000  0.31 0.000000 0.028 0.000000 9.99 0.259000 0.024 0.000  0.464 0.000   0.650 0.000 999.99 0.259000   1.339 0.000   0.256 0.000   1.082 0.000 0.008 0.000 0.045 0.000
341.291667 342.291667    2.01 0.000  0.12 0.000000 9.999 0.259000 0.06 0.000000 0.013 0.000  0.285 0.000   0.399 0.000 999.99 0.259000   0.720 0.000   0.091 0.000   0.628 0.000 0.004 0.000 0.017 0.000
344.291667 345.291667    5.77 0.559  0.35 0.559000 9.999 0.559259 9.99 0.559259 0.016 0.000  0.142 0.000   0.199 0.000 999.99 0.559259   1.313 0.000   0.074 0.000   1.239 0.559 0.006 0.559 0.099 0.000
347.291667 348.291667    5.98 0.000  0.32 0.000000 9.999 0.259000 9.99 0.259000 0.031 0.000  0.183 0.000   0.256 0.000 999.99 0.259000   1.799 0.000   0.881 0.000   0.918 0.000 0.006 0.000 0.052 0.000
350.291667 351.291667    5.02 0.000  0.27 0.000000 9.999 0.259000 9.99 0.259000 0.006 0.000  0.124 0.000   0.174 0.000 999.99 0.259000 999.999 0.999 999.999 0.999   0.481 0.000 0.004 0.000 0.021 0.000
353.291667 354.291667    3.31 0.000  0.14 0.000000 9.999 0.259000 9.99 0.259000 0.009 0.000  0.237 0.000   0.332 0.000 999.99 0.259000 999.999 0.999 999.999 0.999   0.518 0.000 0.003 0.000 0.024 0.000
356.291667 357.291667    5.03 0.000  0.16 0.000000 9.999 0.259000 9.99 0.259000 0.001 0.000  0.093 0.000   0.131 0.000 999.99 0.259000   0.955 0.000   0.652 0.000   0.303 0.000 0.004 0.000 0.010 0.000
359.291667 360.291667    1.47 0.000  0.14 0.000000 0.029 0.000000 9.99 0.259000 0.006 0.000  0.232 0.000   0.325 0.000 999.99 0.259000   1.068 0.000   0.544 0.000   0.525 0.000 9.999 0.259 0.034 0.000
362.291667 363.291667    4.95 0.000  0.26 0.000000 9.999 0.259000 9.99 0.259000 0.009 0.000  0.152 0.000   0.213 0.000 999.99 0.259000   1.644 0.000   0.726 0.000   0.918 0.000 0.004 0.000 0.088 0.000
