scripts/IMPROVE-2019_partial/data/US0090R.20050101090000.20191216000000.filterpack..pm25.52w.1w.US03L_filterpack_US0090.US03L_IMPROVE_Davis.lev2.nas
66 1001
MISSING INFORMATION
US03L, IMPROVE, , , , , , , 
MISSING INFORMATION
IMPROVE sel_HTAP
1 1
2005 01 01 2019 12 16
3.000
days from file reference point
27
1 1 1 1 1 1 1 1 1 1 1 1 1 1 1 1 1 1 1 1 1 1 1 1 1 1 1
999.999 999.99 9.999 99.99 9.999 9.999 9.999 9.99 9.999 9.999 9.999 99.999 9.999 99.999 9.999 999.99 9.999 999.999 9.999 99.999 9.999 99.999 9.999 9.999 9.999 9.999 9.999
end_time of measurement, days from the file reference point
iron, ng/m3, Revision date=20181210133000
numflag iron, no unit, Revision date=20181210133000
lead, ng/m3, Revision date=20181210133000
numflag lead, no unit, Revision date=20181210133000
magnesium, ug/m3, Revision date=20181210133000
numflag magnesium, no unit, Revision date=20181210133000
nickel, ng/m3, Revision date=20181210133000
numflag nickel, no unit, Revision date=20181210133000
nitrate, ug N/m3, Revision date=20181210133000
numflag nitrate, no unit, Revision date=20181210133000
organic_carbon, ug C/m3, Revision date=20181210133000
numflag organic_carbon, no unit, Revision date=20181210133000
organic_mass, ug/m3, Revision date=20181210133000
numflag organic_mass, no unit, Revision date=20181210133000
phosphorus, ng/m3, Revision date=20181210133000
numflag phosphorus, no unit, Revision date=20181210133000
pm10_mass, ug/m3, Version=2, Version description=Data extracted from http://views.cira.colostate.edu/fed/DataWizard 2019-12-16, Sample duration=1d, Orig. time res.=3d, Matrix=pm10, Blank correction=Blank corrected, Volume std. temperature=ambient, Volume std. pressure=ambient
numflag pm10_mass, no unit, Version=2, Version description=Data extracted from http://views.cira.colostate.edu/fed/DataWizard 2019-12-16, Sample duration=1d, Orig. time res.=3d, Matrix=pm10, Blank correction=Blank corrected, Volume std. temperature=ambient, Volume std. pressure=ambient
pm10_pm25_mass, ug/m3, Revision date=20181210133000, Matrix=pm10_pm25
numflag pm10_pm25_mass, no unit, Revision date=20181210133000, Matrix=pm10_pm25
pm25_mass, ug/m3, Version=2, Version description=Data extracted from http://views.cira.colostate.edu/fed/DataWizard 2019-12-16, Sample duration=1d, Orig. time res.=3d, Blank correction=Blank corrected, Volume std. temperature=ambient, Volume std. pressure=ambient
numflag pm25_mass, no unit, Version=2, Version description=Data extracted from http://views.cira.colostate.edu/fed/DataWizard 2019-12-16, Sample duration=1d, Orig. time res.=3d, Blank correction=Blank corrected, Volume std. temperature=ambient, Volume std. pressure=ambient
potassium, ug/m3, Revision date=20181210133000
numflag potassium, no unit, Revision date=20181210133000
sulphate_total, ug S/m3, Revision date=20181210133000
numflag sulphate_total, no unit, Revision date=20181210133000
0
25
Data definition:              EBAS_1.1
Set type code:                TU
Timezone:                     UTC
File name:                    US0090R.20050101090000.20191216000000.filterpack..pm25.52w.1w.US03L_filterpack_US0090.US03L_IMPROVE_Davis.lev2.nas
File creation:                20191218120129
Startdate:                    20050101090000
Revision date:                20191216000000
Statistics:                   arithmetic mean
Data level:                   2
Period code:                  52w
Resolution code:              1w
Station code:                 US0090R
Platform code:                US0090S
Station name:                 Petersburg
Station latitude:             56.61076
Station longitude:            -132.81234
Station altitude:             0.0 m
Regime:                       IMG
Component:                    
Matrix:                       pm25
Laboratory code:              US03L
Instrument type:              filterpack
Instrument name:              filterpack_US0090
Method ref:                   US03L_IMPROVE_Davis
starttime endtime Fe flag_Fe Pb flag_Pb Mg++ flag_Mg++ Ni flag_Ni NO3- flag_NO3- OC flag_OC OM flag_OM P flag_P PM10 flag_PM10 PM10-PM2.5 flag_PM10-PM2.5 PM2.5 flag_PM2.5 K+ flag_K+ SO4-- flag_SO4--
  0.375   1.375 999.99 0.999 99.99 0.999 9.999 0.999 9.99 0.999 9.999 0.999 99.999 0.999 99.999 0.999 999.99 0.999 999.999 0.999 99.999 0.999 99.999 0.999 9.999 0.999 9.999 0.999
  3.375   4.375 999.99 0.999 99.99 0.999 9.999 0.999 9.99 0.999 9.999 0.999 99.999 0.999 99.999 0.999 999.99 0.999 999.999 0.999 99.999 0.999 99.999 0.999 9.999 0.999 9.999 0.999
  6.375   7.375   2.20 0.000  0.26 0.000 9.999 0.259 9.99 0.259 0.006 0.000  0.213 0.000  0.383 0.000 999.99 0.259   1.208 0.000  0.164 0.000  1.044 0.000 0.003 0.000 0.098 0.000
  9.375  10.375  30.59 0.000  0.52 0.000 9.999 0.259 0.06 0.000 0.009 0.000  0.096 0.000  0.174 0.000 999.99 0.259   2.650 0.000  1.487 0.000  1.162 0.000 0.014 0.000 0.083 0.000
 12.375  13.375   8.56 0.000  0.47 0.000 9.999 0.259 0.08 0.000 0.010 0.000  0.099 0.000  0.178 0.000 999.99 0.259   1.712 0.000  0.796 0.000  0.916 0.000 0.007 0.000 0.123 0.000
 15.375  16.375   9.54 0.000  0.27 0.000 9.999 0.259 9.99 0.259 0.005 0.000  0.615 0.000  1.107 0.000 999.99 0.259   0.866 0.000  0.136 0.000  0.730 0.000 0.005 0.000 0.052 0.000
 18.375  19.375   2.62 0.000  0.31 0.000 9.999 0.259 0.06 0.000 0.004 0.000  0.042 0.000  0.075 0.000 999.99 0.259   0.451 0.000 99.999 0.259  0.554 0.000 0.003 0.000 0.053 0.000
 21.375  22.375   0.33 0.000 99.99 0.259 9.999 0.259 0.10 0.000 0.003 0.000  0.208 0.000  0.375 0.000 999.99 0.259   0.409 0.000 99.999 0.259  0.460 0.000 0.001 0.000 0.007 0.000
 24.375  25.375   0.17 0.000  0.20 0.000 9.999 0.259 9.99 0.259 0.004 0.000  0.009 0.000  0.016 0.000 999.99 0.259   0.082 0.000 99.999 0.259  0.123 0.000 0.001 0.000 0.012 0.000
 27.375  28.375   0.49 0.000  0.12 0.000 0.015 0.000 0.05 0.000 0.003 0.000 99.999 0.259 99.999 0.259 999.99 0.259   0.041 0.000 99.999 0.259  0.062 0.000 0.001 0.000 0.004 0.000
 30.375  31.375   0.37 0.000  0.22 0.000 0.013 0.000 0.07 0.000 0.006 0.000 99.999 0.259 99.999 0.259 999.99 0.259   0.452 0.000  0.048 0.000  0.403 0.000 0.003 0.000 0.020 0.000
 33.375  34.375 999.99 0.999 99.99 0.999 9.999 0.999 9.99 0.999 9.999 0.999 99.999 0.999 99.999 0.999 999.99 0.999 999.999 0.999 99.999 0.999 99.999 0.999 9.999 0.999 9.999 0.999
 36.375  37.375 999.99 0.999 99.99 0.999 9.999 0.999 9.99 0.999 9.999 0.999 99.999 0.999 99.999 0.999 999.99 0.999 999.999 0.999 99.999 0.999 99.999 0.999 9.999 0.999 9.999 0.999
 39.375  40.375   1.49 0.000  0.21 0.000 0.010 0.000 9.99 0.259 0.002 0.000 99.999 0.259 99.999 0.259 999.99 0.259   0.903 0.000  0.285 0.000  0.618 0.000 0.004 0.000 0.027 0.000
 42.375  43.375   1.38 0.000  0.14 0.000 9.999 0.259 0.08 0.000 0.003 0.000  0.507 0.000  0.912 0.000 999.99 0.259   1.723 0.000  0.332 0.000  1.391 0.000 0.005 0.000 0.050 0.000
 45.375  46.375   3.00 0.000  0.34 0.000 0.007 0.000 9.99 0.259 0.011 0.000  0.077 0.559  0.139 0.559 999.99 0.259   1.735 0.000  0.503 0.000  1.237 0.000 0.006 0.000 0.090 0.000
 48.375  49.375   1.44 0.000  0.24 0.000 9.999 0.259 9.99 0.259 0.001 0.000  0.028 0.000  0.050 0.000 999.99 0.259   0.906 0.000  0.077 0.000  0.829 0.000 0.002 0.000 0.076 0.000
 51.375  52.375   3.42 0.000  0.21 0.000 9.999 0.259 0.06 0.000 0.002 0.000  0.062 0.000  0.111 0.000 999.99 0.259   0.740 0.000  0.020 0.000  0.720 0.000 0.003 0.000 0.037 0.000
 54.375  55.375   5.18 0.000  0.32 0.000 9.999 0.259 0.14 0.000 0.006 0.000  0.261 0.000  0.470 0.000 999.99 0.259   1.070 0.000  0.030 0.000  1.040 0.000 0.008 0.000 0.067 0.000
 57.375  58.375   2.42 0.000  0.16 0.000 9.999 0.259 0.11 0.000 0.002 0.000  0.319 0.000  0.574 0.000 999.99 0.259   1.150 0.000  0.109 0.000  1.041 0.000 0.014 0.000 0.082 0.000
 60.375  61.375   0.33 0.000  0.31 0.000 0.009 0.000 9.99 0.259 9.999 0.259 99.999 0.259 99.999 0.259 999.99 0.259   0.328 0.000  0.144 0.000  0.183 0.000 0.001 0.000 0.004 0.000
 63.375  64.375   0.27 0.000 99.99 0.259 0.011 0.000 9.99 0.259 9.999 0.259  0.132 0.000  0.237 0.000 999.99 0.259   0.571 0.000  0.113 0.000  0.457 0.000 0.002 0.000 0.008 0.000
 66.375  67.375   0.74 0.000  0.29 0.000 0.010 0.000 0.16 0.000 0.002 0.000  0.063 0.000  0.114 0.000 999.99 0.259   0.572 0.000  0.181 0.000  0.392 0.000 0.003 0.000 0.012 0.000
 69.375  70.375   0.83 0.000  0.20 0.000 0.030 0.000 9.99 0.259 0.006 0.000  0.036 0.000  0.065 0.000 999.99 0.259   1.553 0.000  0.399 0.000  1.154 0.000 0.008 0.000 0.041 0.000
 72.375  73.375   4.57 0.000  0.83 0.000 9.999 0.259 9.99 0.259 0.006 0.000  0.202 0.000  0.363 0.000 999.99 0.259   1.472 0.000  0.353 0.000  1.119 0.000 0.007 0.000 0.112 0.000
 75.375  76.375   6.30 0.000  0.59 0.000 9.999 0.259 0.15 0.000 0.005 0.000  0.032 0.000  0.057 0.000 999.99 0.259   1.068 0.000  0.343 0.000  0.725 0.000 0.005 0.000 0.077 0.000
 78.375  79.375  70.10 0.000  0.71 0.000 9.999 0.259 9.99 0.259 0.015 0.000  0.203 0.000  0.365 0.000 999.99 0.259  12.001 0.000  8.194 0.000  3.805 0.000 0.035 0.000 0.516 0.000
 81.375  82.375  13.15 0.000  0.94 0.000 9.999 0.259 0.12 0.000 0.009 0.000  0.343 0.000  0.617 0.000 999.99 0.259   3.281 0.000  1.435 0.000  1.846 0.000 0.018 0.000 0.241 0.000
 84.375  85.375   3.76 0.000  0.45 0.000 9.999 0.259 0.12 0.000 0.000 0.000  0.190 0.000  0.341 0.000 999.99 0.259   0.938 0.000  0.257 0.000  0.680 0.000 0.005 0.000 0.084 0.000
 87.375  88.375   2.11 0.000  0.64 0.000 9.999 0.259 0.07 0.000 0.004 0.000  0.037 0.000  0.067 0.000 999.99 0.259   1.554 0.000  0.758 0.000  0.805 0.000 0.007 0.000 0.099 0.000
 90.375  91.375   1.97 0.000  0.44 0.000 9.999 0.259 9.99 0.259 0.003 0.000 99.999 0.259 99.999 0.259 999.99 0.259   1.272 0.000  0.460 0.000  0.812 0.000 0.007 0.000 0.085 0.000
 93.375  94.375 999.99 0.456 99.99 0.456 9.999 0.456 9.99 0.456 0.004 0.000  0.036 0.000  0.064 0.000 999.99 0.456   0.899 0.000 99.999 0.456 99.999 0.456 9.999 0.456 0.060 0.000
 96.375  97.375   3.06 0.000  0.34 0.000 0.005 0.000 0.22 0.000 0.012 0.000  0.133 0.000  0.238 0.000 999.99 0.259   1.471 0.000  0.485 0.000  0.986 0.000 0.007 0.000 0.085 0.000
 99.375 100.375   5.52 0.000  0.93 0.000 0.006 0.000 9.99 0.259 0.013 0.000  0.169 0.000  0.305 0.000 999.99 0.259   2.178 0.000  0.619 0.000  1.559 0.000 0.023 0.000 0.165 0.000
102.375 103.375   1.28 0.000  0.21 0.000 9.999 0.259 0.08 0.000 0.002 0.000  0.078 0.000  0.140 0.000 999.99 0.259   0.657 0.000  0.259 0.000  0.398 0.000 0.003 0.000 0.038 0.000
105.375 106.375   3.48 0.000  0.31 0.000 9.999 0.259 9.99 0.259 0.001 0.000  0.188 0.000  0.338 0.000 999.99 0.259   0.857 0.000  0.334 0.000  0.523 0.000 0.005 0.000 0.028 0.000
108.375 109.375   0.20 0.000 99.99 0.259 9.999 0.259 0.13 0.000 9.999 0.259  0.010 0.000  0.018 0.000 999.99 0.259   0.285 0.000  0.225 0.000  0.061 0.000 0.001 0.000 0.003 0.000
111.375 112.375   2.54 0.000  0.29 0.000 9.999 0.259 9.99 0.259 0.006 0.000  0.217 0.000  0.391 0.000 999.99 0.259   1.425 0.000  0.583 0.000  0.842 0.000 0.007 0.000 0.044 0.000
114.375 115.375  36.71 0.000  0.68 0.000 0.008 0.000 9.99 0.259 0.013 0.000  0.781 0.000  1.406 0.000 999.99 0.259   5.397 0.000  2.419 0.000  2.975 0.000 0.026 0.000 0.190 0.000
117.375 118.375  57.42 0.000  1.07 0.000 9.999 0.259 0.07 0.000 0.008 0.000  0.594 0.000  1.069 0.000 999.99 0.259  10.117 0.000  7.002 0.000  3.114 0.000 0.033 0.000 0.277 0.000
120.375 121.375  34.61 0.000  1.17 0.000 9.999 0.259 0.07 0.000 0.008 0.000  0.573 0.000  1.032 0.000 999.99 0.259   6.301 0.000  3.339 0.000  2.959 0.000 0.028 0.000 0.283 0.000
123.375 124.375  12.43 0.000  0.72 0.000 9.999 0.259 0.07 0.000 0.004 0.000  0.260 0.000  0.467 0.000 999.99 0.259   3.588 0.000  1.817 0.000  1.770 0.000 0.013 0.000 0.167 0.000
126.375 127.375  23.10 0.000  0.72 0.000 9.999 0.259 9.99 0.259 0.004 0.000  0.361 0.000  0.650 0.000 999.99 0.259   4.585 0.000  2.330 0.000  2.254 0.000 0.020 0.000 0.184 0.000
129.375 130.375  70.30 0.000  1.45 0.000 0.009 0.000 9.99 0.259 0.007 0.000  1.267 0.000  2.280 0.000 999.99 0.259   9.090 0.000  3.647 0.000  5.488 0.000 0.047 0.000 0.331 0.000
132.375 133.375  15.36 0.000  0.65 0.000 9.999 0.259 9.99 0.259 0.003 0.000  0.390 0.000  0.703 0.000 999.99 0.259   3.509 0.000  1.868 0.000  1.640 0.000 0.015 0.000 0.114 0.000
135.375 136.375   3.97 0.000  0.55 0.000 0.007 0.000 9.99 0.259 0.017 0.000  0.147 0.000  0.266 0.000 999.99 0.259   2.968 0.000  1.279 0.000  1.689 0.000 0.014 0.000 0.146 0.000
138.375 139.375   3.25 0.000  0.23 0.000 9.999 0.259 0.28 0.000 0.012 0.000  0.203 0.000  0.365 0.000 999.99 0.259   2.492 0.000  1.350 0.000  1.141 0.000 0.011 0.000 0.077 0.000
141.375 142.375   3.24 0.000 99.99 0.259 9.999 0.259 0.22 0.000 0.012 0.000  0.495 0.000  0.891 0.000   8.20 0.000   2.929 0.000  1.462 0.000  1.467 0.000 0.013 0.000 0.061 0.000
144.375 145.375   8.85 0.000  0.46 0.000 9.999 0.259 9.99 0.259 0.011 0.000  0.358 0.000  0.644 0.000  15.54 0.000   3.672 0.000  2.132 0.000  1.540 0.000 0.018 0.000 0.103 0.000
147.375 148.375   5.73 0.000  0.55 0.000 0.010 0.000 0.28 0.000 0.030 0.000  0.487 0.000  0.876 0.000  16.31 0.000   3.839 0.000  1.982 0.000  1.856 0.000 0.017 0.000 0.146 0.000
150.375 151.375   6.57 0.000  0.60 0.000 0.006 0.000 0.38 0.000 0.019 0.000  0.528 0.000  0.950 0.000 999.99 0.259   3.333 0.000  1.306 0.000  2.031 0.000 0.014 0.000 0.124 0.000
153.375 154.375  17.66 0.000  0.44 0.000 0.018 0.000 0.24 0.000 0.054 0.000  0.625 0.000  1.124 0.000 999.99 0.259   6.780 0.000  3.692 0.000  3.088 0.000 0.025 0.000 0.289 0.000
156.375 157.375  12.75 0.000  0.26 0.000 9.999 0.259 0.23 0.000 0.024 0.000  0.711 0.000  1.281 0.000 999.99 0.259   5.112 0.000  2.672 0.000  2.439 0.000 0.014 0.000 0.137 0.000
159.375 160.375  26.37 0.000  0.24 0.000 9.999 0.259 0.17 0.000 0.042 0.000  0.578 0.000  1.041 0.000 999.99 0.259   6.580 0.000  3.515 0.000  3.064 0.000 0.020 0.000 0.264 0.000
162.375 163.375   1.46 0.000  0.20 0.000 9.999 0.259 9.99 0.259 0.021 0.000  0.240 0.000  0.433 0.000 999.99 0.259   3.032 0.000  1.496 0.000  1.535 0.000 0.013 0.000 0.124 0.000
165.375 166.375   0.69 0.000  0.18 0.000 9.999 0.259 0.06 0.000 0.003 0.000  0.277 0.000  0.499 0.000  11.86 0.000   2.194 0.000  1.287 0.000  0.907 0.000 0.007 0.000 0.063 0.000
168.375 169.375   8.48 0.000  0.28 0.000 9.999 0.259 0.11 0.000 0.010 0.000  2.009 0.000  3.617 0.000 999.99 0.259   6.328 0.000  1.576 0.000  4.746 0.000 0.026 0.000 0.074 0.000
171.375 172.375   0.98 0.000 99.99 0.259 0.006 0.000 0.17 0.000 0.014 0.000  0.136 0.000  0.245 0.000 999.99 0.259   3.481 0.000  1.600 0.000  1.904 0.000 0.016 0.000 0.187 0.000
174.375 175.375   5.82 0.000  0.16 0.000 9.999 0.259 9.99 0.259 0.001 0.000  0.225 0.000  0.404 0.000   9.24 0.000   2.598 0.000  1.688 0.000  0.909 0.000 0.013 0.000 0.022 0.000
177.375 178.375   9.05 0.000  0.37 0.000 9.999 0.259 0.26 0.000 0.018 0.000  1.546 0.000  2.783 0.000 999.99 0.259   5.968 0.000  2.200 0.000  3.765 0.000 0.022 0.000 0.130 0.000
180.375 181.375   0.42 0.000  0.10 0.000 9.999 0.259 9.99 0.259 0.001 0.000  0.166 0.000  0.300 0.000   9.40 0.000   2.678 0.000  1.715 0.000  0.962 0.000 0.011 0.000 0.038 0.000
183.375 184.375   0.63 0.000  0.27 0.000 9.999 0.259 9.99 0.259 9.999 0.259  0.125 0.000  0.225 0.000 999.99 0.259   1.545 0.000  0.684 0.000  0.861 0.000 0.008 0.000 0.016 0.000
186.375 187.375   1.80 0.000 99.99 0.259 9.999 0.259 9.99 0.259 0.002 0.000  0.242 0.000  0.435 0.000 999.99 0.259   3.164 0.000  1.949 0.000  1.215 0.000 0.008 0.000 0.046 0.000
189.375 190.375   1.34 0.000  0.37 0.000 9.999 0.259 0.07 0.000 0.003 0.000  0.583 0.000  1.050 0.000   8.53 0.000   3.090 0.000  1.485 0.000  1.604 0.000 0.009 0.000 0.042 0.000
192.375 193.375   1.77 0.000  0.36 0.000 9.999 0.259 0.12 0.000 0.007 0.000  0.479 0.000  0.862 0.000 999.99 0.259   3.621 0.000  1.431 0.000  2.207 0.000 0.008 0.000 0.139 0.000
195.375 196.375   0.54 0.000  0.25 0.000 9.999 0.259 9.99 0.259 0.000 0.000  0.174 0.000  0.313 0.000   4.53 0.000   2.424 0.000  1.809 0.000  0.615 0.000 0.008 0.000 0.012 0.000
198.375 199.375   0.53 0.000  0.07 0.000 0.016 0.000 0.09 0.000 0.013 0.000  0.201 0.000  0.362 0.000 999.99 0.259   3.002 0.000  1.273 0.000  1.728 0.000 0.011 0.000 0.156 0.000
201.375 202.375   0.96 0.000 99.99 0.259 9.999 0.259 0.09 0.000 0.009 0.000  0.395 0.000  0.712 0.000 999.99 0.259   3.534 0.000  1.614 0.000  1.919 0.000 0.012 0.000 0.178 0.000
204.375 205.375   1.34 0.000 99.99 0.259 9.999 0.259 0.14 0.000 0.016 0.000  0.579 0.000  1.043 0.000 999.99 0.259   3.887 0.000  1.243 0.000  2.642 0.000 0.012 0.000 0.162 0.000
207.375 208.375   0.55 0.000  0.18 0.000 0.008 0.000 0.08 0.000 0.001 0.000  0.211 0.000  0.379 0.000 999.99 0.259   1.624 0.000  0.885 0.000  0.738 0.000 0.006 0.000 0.033 0.000
210.375 211.375   0.88 0.000  0.14 0.000 9.999 0.259 0.12 0.000 0.008 0.000  0.295 0.000  0.532 0.000 999.99 0.259   3.046 0.000  1.283 0.000  1.763 0.000 0.008 0.000 0.179 0.000
213.375 214.375   2.06 0.000  0.18 0.000 0.009 0.000 0.13 0.000 0.011 0.000  0.283 0.000  0.509 0.000 999.99 0.259   6.329 0.000  4.601 0.000  1.786 0.000 0.008 0.000 0.193 0.000
216.375 217.375   1.52 0.000  0.25 0.000 9.999 0.259 0.39 0.000 0.010 0.000  0.361 0.000  0.650 0.000 999.99 0.259   3.707 0.000  1.603 0.000  2.103 0.000 0.009 0.000 0.198 0.000
219.375 220.375   4.99 0.000  0.84 0.000 9.999 0.259 0.27 0.000 0.010 0.000  2.141 0.000  3.854 0.000 999.99 0.259   7.090 0.000  2.239 0.000  4.849 0.000 0.022 0.000 0.121 0.000
222.375 223.375  10.37 0.000  0.35 0.000 9.999 0.259 0.20 0.000 0.007 0.000  2.930 0.000  5.274 0.000 999.99 0.259  12.192 0.000  5.857 0.000  6.330 0.000 0.023 0.000 0.058 0.000
225.375 226.375  11.35 0.000  0.29 0.000 9.999 0.259 0.35 0.000 0.019 0.000  2.678 0.000  4.820 0.000 999.99 0.259   9.107 0.000  2.673 0.000  6.432 0.000 0.015 0.000 0.216 0.000
228.375 229.375   6.46 0.000  0.48 0.000 9.999 0.259 0.24 0.000 0.006 0.000  1.445 0.000  2.601 0.000 999.99 0.259   5.723 0.000  2.325 0.000  3.396 0.000 0.013 0.000 0.127 0.000
231.375 232.375   0.60 0.000  0.14 0.000 0.005 0.000 0.07 0.000 0.003 0.000  1.235 0.000  2.223 0.000 999.99 0.259   3.240 0.000  1.123 0.000  2.117 0.000 0.005 0.000 0.081 0.000
234.375 235.375   0.98 0.000  0.13 0.000 9.999 0.259 9.99 0.259 0.014 0.000  2.162 0.000  3.892 0.000 999.99 0.259   7.112 0.000  1.785 0.000  5.349 0.000 0.023 0.000 0.215 0.000
237.375 238.375   0.67 0.000  0.16 0.000 9.999 0.259 0.22 0.000 0.015 0.000  0.164 0.000  0.295 0.000 999.99 0.259   3.425 0.000  1.455 0.000  1.969 0.000 0.010 0.000 0.165 0.000
240.375 241.375   1.81 0.000  0.19 0.000 9.999 0.259 9.99 0.259 0.006 0.000  0.332 0.000  0.597 0.000 999.99 0.259   2.605 0.000  1.111 0.000  1.494 0.000 0.007 0.000 0.046 0.000
243.375 244.375   0.39 0.000  0.20 0.000 0.005 0.000 9.99 0.259 0.000 0.000  0.189 0.000  0.340 0.000   3.15 0.000   1.605 0.000  0.974 0.000  0.630 0.000 0.004 0.000 0.044 0.000
246.375 247.375   0.16 0.000  0.26 0.000 9.999 0.259 0.12 0.000 0.004 0.000  0.251 0.000  0.451 0.000 999.99 0.259   2.301 0.000  1.301 0.000  1.000 0.000 0.005 0.000 0.068 0.000
249.375 250.375   0.65 0.000  0.23 0.000 0.016 0.000 0.05 0.000 0.005 0.000  0.010 0.000  0.018 0.000   6.32 0.000   2.342 0.000  0.973 0.000  1.369 0.000 0.008 0.000 0.103 0.000
252.375 253.375   1.79 0.000  0.34 0.000 9.999 0.259 0.28 0.000 0.005 0.000  0.896 0.000  1.614 0.000 999.99 0.259   4.074 0.000  1.904 0.000  2.168 0.000 0.007 0.000 0.061 0.000
255.375 256.375   0.34 0.000  0.23 0.000 9.999 0.259 9.99 0.259 0.008 0.000  0.129 0.000  0.231 0.000 999.99 0.259   3.034 0.000  1.671 0.000  1.381 0.000 0.009 0.000 0.104 0.000
258.375 259.375   0.99 0.000  0.51 0.000 9.999 0.259 0.29 0.000 0.031 0.000  0.415 0.000  0.747 0.000 999.99 0.259   4.488 0.000  2.249 0.000  2.238 0.000 0.010 0.000 0.165 0.000
261.375 262.375   0.55 0.000  0.10 0.000 9.999 0.259 9.99 0.259 0.005 0.000 99.999 0.259 99.999 0.259 999.99 0.259   2.264 0.000  1.014 0.000  1.249 0.000 0.009 0.000 0.090 0.000
264.375 265.375   0.33 0.000  0.28 0.000 0.013 0.000 0.25 0.000 0.017 0.000  1.129 0.000  2.032 0.000 999.99 0.259   4.355 0.000  1.756 0.000  2.598 0.000 0.006 0.000 0.173 0.000
