scripts/IMPROVE-2019_partial/data/US0074R.20000101060000.20191216000000.filterpack..pm25.52w.1w.US03L_filterpack_US0074.US03L_IMPROVE_Davis.lev2.nas
64 1001
MISSING INFORMATION
US03L, IMPROVE, , , , , , , 
MISSING INFORMATION
IMPROVE sel_HTAP
1 1
2000 01 01 2019 12 16
0
days from file reference point
25
1 1 1 1 1 1 1 1 1 1 1 1 1 1 1 1 1 1 1 1 1 1 1 1 1
999.99 9999.99 9.999 99.99 9.999999 9.999 9.999999 99.99 9.999999 9.999 9.999 99.999 9.999 99.999 9.999 999.999 9.999 999.999 9.999 999.999 9.999 9.999 9.999999 99.999 9.999
end_time of measurement, days from the file reference point
iron, ng/m3, Revision date=20181210133000
numflag iron, no unit, Revision date=20181210133000
lead, ng/m3, Revision date=20181210133000
numflag lead, no unit, Revision date=20181210133000
magnesium, ug/m3, Revision date=20181210133000
numflag magnesium, no unit, Revision date=20181210133000
nickel, ng/m3, Revision date=20181210133000
numflag nickel, no unit, Revision date=20181210133000
nitrate, ug N/m3, Revision date=20181210133000
numflag nitrate, no unit, Revision date=20181210133000
organic_carbon, ug C/m3, Revision date=20181210133000
numflag organic_carbon, no unit, Revision date=20181210133000
organic_mass, ug/m3, Revision date=20181210133000
numflag organic_mass, no unit, Revision date=20181210133000
pm10_mass, ug/m3, Version=2, Version description=Data extracted from http://views.cira.colostate.edu/fed/DataWizard 2019-12-16, Sample duration=1d, Orig. time res.=3d, Matrix=pm10, Blank correction=Blank corrected, Volume std. temperature=ambient, Volume std. pressure=ambient
numflag pm10_mass, no unit, Version=2, Version description=Data extracted from http://views.cira.colostate.edu/fed/DataWizard 2019-12-16, Sample duration=1d, Orig. time res.=3d, Matrix=pm10, Blank correction=Blank corrected, Volume std. temperature=ambient, Volume std. pressure=ambient
pm10_pm25_mass, ug/m3, Revision date=20181210133000, Matrix=pm10_pm25
numflag pm10_pm25_mass, no unit, Revision date=20181210133000, Matrix=pm10_pm25
pm25_mass, ug/m3, Version=2, Version description=Data extracted from http://views.cira.colostate.edu/fed/DataWizard 2019-12-16, Sample duration=1d, Orig. time res.=3d, Blank correction=Blank corrected, Volume std. temperature=ambient, Volume std. pressure=ambient
numflag pm25_mass, no unit, Version=2, Version description=Data extracted from http://views.cira.colostate.edu/fed/DataWizard 2019-12-16, Sample duration=1d, Orig. time res.=3d, Blank correction=Blank corrected, Volume std. temperature=ambient, Volume std. pressure=ambient
potassium, ug/m3, Revision date=20181210133000
numflag potassium, no unit, Revision date=20181210133000
sulphate_total, ug S/m3, Revision date=20181210133000
numflag sulphate_total, no unit, Revision date=20181210133000
0
25
Data definition:              EBAS_1.1
Set type code:                TI
Timezone:                     UTC
File name:                    US0074R.20000101060000.20191216000000.filterpack..pm25.52w.1w.US03L_filterpack_US0074.US03L_IMPROVE_Davis.lev2.nas
File creation:                20191218120030
Startdate:                    20000101060000
Revision date:                20191216000000
Statistics:                   arithmetic mean
Data level:                   2
Period code:                  52w
Resolution code:              1w
Station code:                 US0074R
Platform code:                US0074S
Station name:                 Guadalupe Mountains NP
Station latitude:             31.833
Station longitude:            -104.8094
Station altitude:             1672.0 m
Regime:                       IMG
Component:                    
Matrix:                       pm25
Laboratory code:              US03L
Instrument type:              filterpack
Instrument name:              filterpack_US0074
Method ref:                   US03L_IMPROVE_Davis
starttime endtime Fe flag_Fe Pb flag_Pb Mg++ flag_Mg++ Ni flag_Ni NO3- flag_NO3- OC flag_OC OM flag_OM PM10 flag_PM10 PM10-PM2.5 flag_PM10-PM2.5 PM2.5 flag_PM2.5 K+ flag_K+ SO4-- flag_SO4--
[from data line 89]
300.25 301.25   15.81 0.000  0.65 0.000000 9.999 0.259000 99.99 0.259000 0.110 0.000  0.578 0.000  0.809 0.000   9.731 0.000   1.975 0.000   7.756 0.000 0.021 0.000000  1.494 0.000
303.25 304.25    8.94 0.559  0.23 0.559000 9.999 0.559259 99.99 0.559259 0.025 0.000  0.096 0.000  0.135 0.000   2.401 0.000   1.012 0.000   1.389 0.559 9.999 0.559259  0.205 0.000
306.25 307.25    9.64 0.000  0.51 0.000000 0.029 0.000000 99.99 0.259000 0.024 0.000  0.265 0.000  0.371 0.000   3.344 0.000   2.078 0.000   1.266 0.000 0.013 0.000000  0.179 0.000
309.25 310.25   14.65 0.000  0.30 0.000000 9.999 0.259000 99.99 0.259000 0.034 0.000  0.287 0.000  0.402 0.000   3.901 0.000   2.376 0.000   1.525 0.000 0.016 0.000000  0.227 0.000
312.25 313.25    5.53 0.000  0.51 0.000000 9.999 0.259000 99.99 0.259000 0.067 0.559  0.141 0.000  0.197 0.000   2.835 0.000   0.563 0.000   2.272 0.000 0.008 0.000000  0.311 0.559
315.25 316.25   10.24 0.559  0.90 0.559000 9.999 0.559259 99.99 0.559259 0.027 0.000  0.092 0.000  0.129 0.000   4.978 0.000   2.826 0.000   2.152 0.559 0.012 0.559000  0.267 0.000
318.25 319.25    6.93 0.559  0.48 0.559000 9.999 0.559259 99.99 0.559259 0.125 0.000  0.237 0.000  0.333 0.000   4.481 0.000   1.568 0.000   2.913 0.559 0.010 0.559000  0.352 0.000
321.25 322.25   17.63 0.559  1.31 0.559000 9.999 0.559259 99.99 0.559259 0.242 0.000  0.469 0.000  0.656 0.000   7.618 0.000   3.329 0.000   4.289 0.559 0.023 0.559000  0.487 0.000
324.25 325.25   12.85 0.559  0.44 0.559000 9.999 0.559259 99.99 0.559259 0.194 0.000  0.365 0.000  0.512 0.000   5.093 0.000   2.341 0.000   2.752 0.559 0.014 0.559000  0.273 0.000
327.25 328.25   28.07 0.559  1.21 0.559000 9.999 0.559259  0.34 0.559000 0.047 0.000  0.337 0.000  0.471 0.000   6.652 0.000   2.553 0.000   4.099 0.559 0.030 0.559000  0.505 0.000
330.25 331.25   18.80 0.559  0.72 0.559000 9.999 0.559259 99.99 0.559259 0.098 0.000  0.358 0.000  0.501 0.000   6.024 0.000   3.318 0.000   2.706 0.559 0.023 0.559000  0.247 0.000
333.25 334.25 9999.99 0.999 99.99 0.999000 9.999 0.999000 99.99 0.999000 9.999 0.999 99.999 0.999 99.999 0.999 999.999 0.999 999.999 0.999 999.999 0.999 9.999 0.999000 99.999 0.999
336.25 337.25   17.01 0.559  0.35 0.559000 9.999 0.559259 99.99 0.559259 0.167 0.000  0.456 0.000  0.639 0.000  18.849 0.000  16.790 0.000   2.059 0.559 0.016 0.559000  0.225 0.000
339.25 340.25   21.79 0.559  0.58 0.559000 9.999 0.559259  0.08 0.559000 0.317 0.000  0.773 0.000  1.083 0.000   8.939 0.000   4.037 0.000   4.902 0.559 0.021 0.559000  0.618 0.000
342.25 343.25   32.28 0.559  1.18 0.559000 9.999 0.559259  0.10 0.559000 0.227 0.000  0.772 0.000  1.081 0.000 999.999 0.456 999.999 0.999   3.270 0.559 0.029 0.559000  0.211 0.000
345.25 346.25   23.41 0.559  0.59 0.559000 9.999 0.559259 99.99 0.559259 0.124 0.000  0.404 0.000  0.566 0.000 999.999 0.456 999.999 0.999   2.560 0.559 0.033 0.559000  0.298 0.000
348.25 349.25   39.48 0.559  0.89 0.559000 9.999 0.559259  0.56 0.559000 0.091 0.000  0.431 0.000  0.603 0.000   6.321 0.000   2.798 0.000   3.523 0.559 0.035 0.559000  0.296 0.000
351.25 352.25   23.03 0.559  0.81 0.559000 9.999 0.559259  0.53 0.559000 0.067 0.000  0.625 0.000  0.875 0.000   3.027 0.000   0.843 0.000   2.184 0.559 0.026 0.559000  0.152 0.000
354.25 355.25   54.73 0.559  1.20 0.559000 9.999 0.559259  0.36 0.559000 0.058 0.000  0.537 0.000  0.752 0.000  15.842 0.000  12.545 0.000   3.297 0.559 0.045 0.559000  0.140 0.000
357.25 358.25   49.62 0.559  1.76 0.559000 9.999 0.559259  0.18 0.559000 0.075 0.000  0.643 0.000  0.900 0.000  11.301 0.000   7.443 0.000   3.858 0.559 0.053 0.559000  0.273 0.000
360.25 361.25   13.12 0.559  0.48 0.559000 9.999 0.559259  0.56 0.559000 0.244 0.000  0.541 0.000  0.757 0.000   4.619 0.000   1.452 0.000   3.167 0.559 0.013 0.559000  0.346 0.000
363.25 364.25   30.73 0.559  0.26 0.559000 9.999 0.559259 99.99 0.559259 0.251 0.000  0.316 0.000  0.442 0.000  16.509 0.000  13.923 0.000   2.587 0.559 0.023 0.559000  0.193 0.000
