scripts/IMPROVE-2019_partial/data/US0097R.19960103080000.20191216000000.filterpack...1y.3d.US03L_filterpack_US0097.US03L_IMPROVE_Davis.lev2.nas
51 1001
MISSING INFORMATION
US03L, IMPROVE, , , , , , , 
MISSING INFORMATION
IMPROVE sel_HTAP
1 1
1996 01 01 2019 12 16
0
days from file reference point
4
1 1 1 1
999.999999 999.999 999.999 9.999
end_time of measurement, days from the file reference point
pm10_mass, ug/m3, Matrix=pm10
pm25_mass, ug/m3, Matrix=pm25
numflag, no unit
0
33
Data definition:              EBAS_1.1
Set type code:                TI
Timezone:                     UTC
File name:                    US0097R.19960103080000.20191216000000.filterpack...1y.3d.US03L_filterpack_US0097.US03L_IMPROVE_Davis.lev2.nas
File creation:                20191218120200
Startdate:                    19960103080000
Revision date:                20191216000000
Version:                      2
Version description:          "Data extracted from http://views.cira.colostate.edu/fed/DataWizard 2019-12-16"
Statistics:                   arithmetic mean
Data level:                   2
Period code:                  1y
Resolution code:              3d
Sample duration:              1d
Orig. time res.:              3d
Station code:                 US0097R
Platform code:                US0097S
Station name:                 Redwood NP
Station latitude:             41.5608
Station longitude:            -124.0839
Station altitude:             243.0 m
Regime:                       IMG
Component:                    
Unit:                         ug/m3
Matrix:                       
Laboratory code:              US03L
Instrument type:              filterpack
Instrument name:              filterpack_US0097
Method ref:                   US03L_IMPROVE_Davis
Blank correction:             Blank corrected
Volume std. temperature:      ambient
Volume std. pressure:         ambient
starttime endtime PM10 PM2.5 flag
  2.333333   3.333333 999.999 999.999 0.999
  5.333333   6.333333 999.999 999.999 0.999
  9.333333  10.333333 999.999 999.999 0.999
 12.333333  13.333333 999.999 999.999 0.999
 16.333333  17.333333 999.999 999.999 0.999
 19.333333  20.333333 999.999 999.999 0.999
 23.333333  24.333333   3.486   2.029 0.000
 26.333333  27.333333   4.676   2.230 0.000
 30.333333  31.333333   5.085   5.696 0.000
 33.333333  34.333333   2.733 999.999 0.000
 37.333333  38.333333  12.893   7.001 0.000
 40.333333  41.333333   8.882   6.461 0.000
 44.333333  45.333333  10.905   6.436 0.000
 47.333333  48.333333   4.190   1.886 0.000
 51.333333  52.333333   3.680   1.112 0.000
 54.333333  55.333333   5.119   1.142 0.000
 58.333333  59.333333   0.407   0.329 0.000
 61.333333  62.333333   2.906   1.907 0.000
 65.333333  66.333333   1.643   1.082 0.000
 68.333333  69.333333   5.907   3.714 0.000
 72.333333  73.333333   6.303   3.219 0.000
 75.333333  76.333333  21.893   9.632 0.000
 79.333333  80.333333  19.582   8.614 0.000
 82.333333  83.333333  10.049   3.110 0.000
 86.333333  87.333333   2.063   1.389 0.000
 89.333333  90.333333   9.084   7.839 0.000
 93.333333  94.333333   5.359   2.265 0.000
 96.333333  97.333333   5.487   3.192 0.000
100.333333 101.333333   3.434   1.268 0.000
103.333333 104.333333   7.294   2.578 0.000
107.333333 108.333333   3.587   1.752 0.000
110.333333 111.333333  11.767   3.215 0.000
114.333333 115.333333  10.454   4.239 0.000
117.333333 118.333333  17.025   8.983 0.000
121.333333 122.333333  12.561   6.057 0.000
124.333333 125.333333   9.790   5.314 0.000
128.333333 129.333333  12.115   6.516 0.000
131.333333 132.333333  11.436   7.337 0.000
135.333333 136.333333   2.072   0.837 0.000
138.333333 139.333333  11.157   4.486 0.000
142.333333 143.333333 999.999 999.999 0.999
145.333333 146.333333 999.999 999.999 0.999
149.333333 150.333333   8.955   5.156 0.000
152.333333 153.333333   4.642   3.023 0.000
156.333333 157.333333  11.863   6.474 0.000
159.333333 160.333333   9.028   4.649 0.000
163.333333 164.333333  15.469   8.017 0.000
166.333333 167.333333  19.988   9.309 0.000
170.333333 171.333333  15.746  10.610 0.000
173.333333 174.333333  10.323   6.765 0.000
177.333333 178.333333   4.317   3.110 0.000
180.333333 181.333333  10.628   4.995 0.000
184.333333 185.333333   4.718   2.729 0.000
187.333333 188.333333  26.595  13.612 0.000
191.333333 192.333333  23.060  12.114 0.000
194.333333 195.333333  10.907   5.966 0.000
198.333333 199.333333   5.410   2.566 0.000
201.333333 202.333333   9.937   5.111 0.000
205.333333 206.333333   2.609 999.999 0.000
208.333333 209.333333   4.029   2.578 0.000
212.333333 213.333333  11.562   7.581 0.000
215.333333 216.333333   6.603   3.780 0.000
219.333333 220.333333  16.179   8.774 0.000
222.333333 223.333333   5.275   2.262 0.000
226.333333 227.333333   8.524 999.999 0.000
229.333333 230.333333  18.592   8.481 0.000
233.333333 234.333333   4.248   2.528 0.000
236.333333 237.333333   6.608   5.548 0.000
240.333333 241.333333   8.913   4.886 0.000
243.333333 244.333333  15.213   7.590 0.000
247.333333 248.333333   6.729   2.924 0.000
250.333333 251.333333   8.735   3.732 0.000
254.333333 255.333333   7.643   7.654 0.000
257.333333 258.333333   6.798   2.571 0.000
261.333333 262.333333  11.958   6.944 0.000
264.333333 265.333333  15.894   7.032 0.000
268.333333 269.333333  16.095   7.648 0.000
271.333333 272.333333   4.045   2.247 0.000
275.333333 276.333333   7.448   3.989 0.000
278.333333 279.333333 999.999 999.999 0.999
282.333333 283.333333   6.025   4.885 0.000
285.333333 286.333333   3.574   1.641 0.000
289.333333 290.333333   9.391   4.669 0.000
292.333333 293.333333   5.073   1.618 0.000
296.333333 297.333333   5.854   2.187 0.000
299.333333 300.333333   7.963   4.036 0.000
303.333333 304.333333   8.851   4.314 0.000
306.333333 307.333333  18.361  14.398 0.000
310.333333 311.333333 999.999   6.474 0.000
313.333333 314.333333   9.486   6.348 0.000
317.333333 318.333333   5.073   2.886 0.000
320.333333 321.333333   5.921   1.924 0.000
324.333333 325.333333   4.498   1.034 0.000
327.333333 328.333333   3.107   1.133 0.000
331.333333 332.333333   7.487   2.523 0.000
334.333333 335.333333  10.051   3.680 0.000
338.333333 339.333333   9.034   5.439 0.000
341.333333 342.333333 999.999 999.999 0.999
345.333333 346.333333   3.890   1.714 0.000
348.333333 349.333333   3.672   1.241 0.000
352.333333 353.333333   4.865   2.218 0.000
355.333333 356.333333   2.956   0.759 0.000
359.333333 360.333333 999.999 999.999 0.999
362.333333 363.333333 999.999 999.999 0.999
