scripts/IMPROVE-2019_partial/data/US0023R.20050101080000.20191216000000.filterpack..pm25.52w.1w.US03L_filterpack_US0023.US03L_IMPROVE_Davis.lev2.nas
66 1001
MISSING INFORMATION
US03L, IMPROVE, , , , , , , 
MISSING INFORMATION
IMPROVE sel_HTAP
1 1
2005 01 01 2019 12 16
3.000000
days from file reference point
27
1 1 1 1 1 1 1 1 1 1 1 1 1 1 1 1 1 1 1 1 1 1 1 1 1 1 1
999.999999 9999.99 9.999 99.99 9.999 9.999 9.999999 9.99 9.999999 9.999 9.999 99.999 9.999 99.999 9.999 99.9 9.999999 999.999 9.999 99.999 9.999 99.999 9.999 9.999 9.999 9.999 9.999
end_time of measurement, days from the file reference point
iron, ng/m3, Revision date=20181210133000
numflag iron, no unit, Revision date=20181210133000
lead, ng/m3, Revision date=20181210133000
numflag lead, no unit, Revision date=20181210133000
magnesium, ug/m3, Revision date=20181210133000
numflag magnesium, no unit, Revision date=20181210133000
nickel, ng/m3, Revision date=20181210133000
numflag nickel, no unit, Revision date=20181210133000
nitrate, ug N/m3, Revision date=20181210133000
numflag nitrate, no unit, Revision date=20181210133000
organic_carbon, ug C/m3, Revision date=20181210133000
numflag organic_carbon, no unit, Revision date=20181210133000
organic_mass, ug/m3, Revision date=20181210133000
numflag organic_mass, no unit, Revision date=20181210133000
phosphorus, ng/m3, Revision date=20181210133000
numflag phosphorus, no unit, Revision date=20181210133000
pm10_mass, ug/m3, Version=2, Version description=Data extracted from http://views.cira.colostate.edu/fed/DataWizard 2019-12-16, Sample duration=1d, Orig. time res.=3d, Matrix=pm10, Blank correction=Blank corrected, Volume std. temperature=ambient, Volume std. pressure=ambient
numflag pm10_mass, no unit, Version=2, Version description=Data extracted from http://views.cira.colostate.edu/fed/DataWizard 2019-12-16, Sample duration=1d, Orig. time res.=3d, Matrix=pm10, Blank correction=Blank corrected, Volume std. temperature=ambient, Volume std. pressure=ambient
pm10_pm25_mass, ug/m3, Revision date=20181210133000, Matrix=pm10_pm25
numflag pm10_pm25_mass, no unit, Revision date=20181210133000, Matrix=pm10_pm25
pm25_mass, ug/m3, Version=2, Version description=Data extracted from http://views.cira.colostate.edu/fed/DataWizard 2019-12-16, Sample duration=1d, Orig. time res.=3d, Blank correction=Blank corrected, Volume std. temperature=ambient, Volume std. pressure=ambient
numflag pm25_mass, no unit, Version=2, Version description=Data extracted from http://views.cira.colostate.edu/fed/DataWizard 2019-12-16, Sample duration=1d, Orig. time res.=3d, Blank correction=Blank corrected, Volume std. temperature=ambient, Volume std. pressure=ambient
potassium, ug/m3, Revision date=20181210133000
numflag potassium, no unit, Revision date=20181210133000
sulphate_total, ug S/m3, Revision date=20181210133000
numflag sulphate_total, no unit, Revision date=20181210133000
0
25
Data definition:              EBAS_1.1
Set type code:                TU
Timezone:                     UTC
File name:                    US0023R.20050101080000.20191216000000.filterpack..pm25.52w.1w.US03L_filterpack_US0023.US03L_IMPROVE_Davis.lev2.nas
File creation:                20191218115655
Startdate:                    20050101080000
Revision date:                20191216000000
Statistics:                   arithmetic mean
Data level:                   2
Period code:                  52w
Resolution code:              1w
Station code:                 US0023R
Platform code:                US0023S
Station name:                 Hoover
Station latitude:             38.0881
Station longitude:            -119.1771
Station altitude:             2560.0 m
Regime:                       IMG
Component:                    
Matrix:                       pm25
Laboratory code:              US03L
Instrument type:              filterpack
Instrument name:              filterpack_US0023
Method ref:                   US03L_IMPROVE_Davis
starttime endtime Fe flag_Fe Pb flag_Pb Mg++ flag_Mg++ Ni flag_Ni NO3- flag_NO3- OC flag_OC OM flag_OM P flag_P PM10 flag_PM10 PM10-PM2.5 flag_PM10-PM2.5 PM2.5 flag_PM2.5 K+ flag_K+ SO4-- flag_SO4--
[from data line 83]
249.333333 250.333333   64.80 0.394  0.67 0.394 9.999 0.394259 0.26 0.394000 0.031 0.394  1.602 0.000  2.883 0.000 99.9 0.394259   7.603 0.000  3.491 0.000  4.112 0.000 0.044 0.394 0.133 0.394
252.333333 253.333333   29.06 0.000  0.47 0.000 9.999 0.259000 0.15 0.000000 9.999 0.999  0.608 0.000  1.094 0.000 99.9 0.259000   4.852 0.000  2.850 0.000  1.960 0.000 0.015 0.000 9.999 0.999
255.333333 256.333333   54.59 0.000  0.58 0.000 9.999 0.259000 9.99 0.259000 0.040 0.000  0.776 0.000  1.397 0.000 99.9 0.259000  11.204 0.000  8.471 0.000  2.772 0.000 0.032 0.000 0.091 0.000
258.333333 259.333333   49.01 0.000  0.91 0.000 9.999 0.259000 0.13 0.000000 0.122 0.000  0.967 0.000  1.741 0.000 99.9 0.259000  10.061 0.000  5.983 0.000  3.989 0.000 0.033 0.000 0.242 0.000
261.333333 262.333333   49.18 0.000  0.94 0.000 9.999 0.259000 0.07 0.000000 0.027 0.000  0.653 0.000  1.175 0.000 99.9 0.259000   8.193 0.000  5.194 0.000  2.924 0.000 0.034 0.000 0.206 0.000
264.333333 265.333333   40.94 0.000  0.74 0.000 0.010 0.000000 0.09 0.000000 0.018 0.000  0.869 0.000  1.564 0.000 99.9 0.259000   6.416 0.000  3.218 0.000  3.144 0.000 0.026 0.000 0.212 0.000
267.333333 268.333333   35.99 0.000  0.54 0.000 9.999 0.259000 0.06 0.000000 0.042 0.000  0.671 0.000  1.209 0.000 99.9 0.259000   6.663 0.000  3.979 0.000  2.625 0.000 0.029 0.000 0.122 0.000
270.333333 271.333333   31.79 0.000  0.72 0.000 9.999 0.259000 0.08 0.000000 0.016 0.000  0.682 0.000  1.227 0.000 99.9 0.259000   4.762 0.000  2.179 0.000  2.588 0.000 0.023 0.000 0.121 0.000
273.333333 274.333333   21.23 0.000  0.35 0.000 9.999 0.259000 9.99 0.259000 0.076 0.000  1.147 0.000  2.065 0.000 99.9 0.259000   6.468 0.000  2.969 0.000  3.445 0.000 0.084 0.000 0.177 0.000
276.333333 277.333333   10.89 0.000  0.23 0.000 9.999 0.259000 9.99 0.259000 0.025 0.000  0.243 0.000  0.437 0.000 99.9 0.259000   2.965 0.000  1.813 0.000  1.152 0.000 0.008 0.000 0.079 0.000
279.333333 280.333333   19.11 0.000  0.25 0.000 9.999 0.259000 9.99 0.259000 0.008 0.000  0.592 0.000  1.066 0.000 99.9 0.259000   3.698 0.000  1.725 0.000  1.943 0.000 0.013 0.000 0.069 0.000
282.333333 283.333333   16.57 0.000  0.19 0.000 0.004 0.000000 9.99 0.259000 0.016 0.000  0.270 0.000  0.486 0.000 99.9 0.259000   2.898 0.000  1.783 0.000  1.090 0.000 0.012 0.000 0.058 0.000
285.333333 286.333333   32.59 0.000  0.29 0.000 9.999 0.259000 9.99 0.259000 0.005 0.000  0.236 0.000  0.425 0.000 99.9 0.259000   3.075 0.000  1.580 0.000  1.469 0.000 0.018 0.000 0.086 0.000
288.333333 289.333333   28.07 0.000  0.36 0.000 0.012 0.000000 9.99 0.259000 0.021 0.000  0.331 0.000  0.596 0.000 99.9 0.259000   6.068 0.000  3.978 0.000  2.034 0.000 0.022 0.000 0.142 0.000
291.333333 292.333333   18.66 0.000  0.32 0.000 9.999 0.259000 9.99 0.259000 0.024 0.000  2.042 0.000  3.675 0.000 99.9 0.259000   6.748 0.000  1.629 0.000  5.117 0.000 0.021 0.000 0.154 0.000
294.333333 295.333333   16.77 0.000  0.35 0.000 9.999 0.259000 9.99 0.259000 0.010 0.000  1.146 0.000  2.062 0.000 99.9 0.259000   4.542 0.000  1.777 0.000  2.729 0.000 0.017 0.000 0.112 0.000
297.333333 298.333333   12.03 0.000  0.32 0.000 9.999 0.259000 0.22 0.000000 0.035 0.000  0.783 0.000  1.409 0.000 99.9 0.259000   5.221 0.000  2.999 0.000  2.222 0.000 0.009 0.000 0.180 0.000
300.333333 301.333333   12.39 0.000  0.44 0.000 9.999 0.259000 9.99 0.259000 0.009 0.000  0.860 0.000  1.547 0.000 99.9 0.259000   2.649 0.000  0.613 0.000  2.018 0.000 0.010 0.000 0.108 0.000
303.333333 304.333333   26.03 0.000  1.23 0.000 9.999 0.259000 9.99 0.259000 0.011 0.000 99.999 0.899 99.999 0.899 99.9 0.259000   3.094 0.000  1.051 0.000  2.019 0.000 0.022 0.000 0.236 0.000
306.333333 307.333333    9.63 0.000  0.31 0.000 9.999 0.259000 9.99 0.259000 0.033 0.000  0.271 0.000  0.488 0.000 99.9 0.259000   2.492 0.000  1.227 0.000  1.245 0.000 0.010 0.000 0.108 0.000
309.333333 310.333333    1.44 0.000  0.13 0.000 9.999 0.259000 9.99 0.259000 0.002 0.000  0.213 0.000  0.383 0.000 99.9 0.259000   1.029 0.000  0.638 0.000  0.381 0.000 0.003 0.000 0.028 0.000
312.333333 313.333333   11.65 0.000  0.31 0.000 9.999 0.259000 0.32 0.000000 0.043 0.000  0.808 0.000  1.454 0.000 99.9 0.259000   4.188 0.000  1.933 0.000  2.245 0.000 0.012 0.000 0.215 0.000
315.333333 316.333333    6.53 0.000  0.64 0.000 9.999 0.259000 9.99 0.259000 0.004 0.000  0.162 0.000  0.291 0.000 99.9 0.259000   1.451 0.000  0.442 0.000  0.998 0.000 0.010 0.000 0.113 0.000
318.333333 319.333333   29.36 0.000  0.28 0.000 9.999 0.259000 9.99 0.259000 0.014 0.000  0.269 0.000  0.485 0.000 99.9 0.259000   4.580 0.000  2.924 0.000  1.650 0.000 0.022 0.000 0.046 0.000
321.333333 322.333333    5.98 0.000  0.38 0.000 9.999 0.259000 9.99 0.259000 0.003 0.000  0.615 0.000  1.107 0.000 99.9 0.259000   1.774 0.000  0.916 0.000  0.843 0.659 0.006 0.000 0.044 0.000
324.333333 325.333333   11.88 0.000  0.35 0.000 9.999 0.259000 9.99 0.259000 0.005 0.000  0.277 0.000  0.498 0.000 99.9 0.259000   2.237 0.000  1.107 0.000  1.112 0.000 0.013 0.000 0.052 0.000
327.333333 328.333333    7.72 0.000  0.22 0.000 9.999 0.259000 9.99 0.259000 0.005 0.000  0.352 0.000  0.633 0.000 99.9 0.259000   1.879 0.000  0.513 0.000  1.351 0.000 0.016 0.000 0.113 0.000
330.333333 331.333333    2.49 0.000  0.24 0.000 9.999 0.259000 9.99 0.259000 0.001 0.000  0.038 0.000  0.068 0.000 99.9 0.259000   0.837 0.000  0.071 0.000  0.760 0.000 0.003 0.000 0.066 0.000
333.333333 334.333333    2.89 0.000  0.15 0.000 9.999 0.259000 9.99 0.259000 9.999 0.259 99.999 0.259 99.999 0.259 99.9 0.259000   0.704 0.000  0.356 0.000  0.351 0.000 0.002 0.000 0.028 0.000
336.333333 337.333333    3.98 0.000  0.45 0.000 9.999 0.259000 0.17 0.000000 0.014 0.000  0.229 0.000  0.412 0.000 99.9 0.259000   1.843 0.000  0.591 0.000  1.253 0.000 0.007 0.000 0.105 0.000
339.333333 340.333333 9999.99 0.899 99.99 0.899 9.999 0.899000 9.99 0.899000 9.999 0.899 99.999 0.999 99.999 0.999 99.9 0.899000   1.309 0.000 99.999 0.999  0.827 0.000 9.999 0.899 9.999 0.899
342.333333 343.333333 9999.99 0.899 99.99 0.899 9.999 0.899000 9.99 0.899000 9.999 0.899 99.999 0.999 99.999 0.999 99.9 0.899000   1.648 0.000 99.999 0.999  0.650 0.659 9.999 0.899 9.999 0.899
345.333333 346.333333 9999.99 0.899 99.99 0.899 9.999 0.899000 9.99 0.899000 9.999 0.899 99.999 0.999 99.999 0.999 99.9 0.899000   0.789 0.000 99.999 0.999  0.585 0.000 9.999 0.899 9.999 0.899
348.333333 349.333333    2.59 0.000  0.19 0.000 9.999 0.259000 9.99 0.259000 0.007 0.000  0.097 0.000  0.174 0.000  2.5 0.000000   0.791 0.000  0.199 0.000  0.586 0.000 0.003 0.000 0.025 0.000
351.333333 352.333333    0.55 0.000 99.99 0.259 9.999 0.259000 0.09 0.000000 0.001 0.000  0.020 0.000  0.035 0.000 99.9 0.259000   0.250 0.000  0.190 0.000  0.058 0.659 0.001 0.000 0.003 0.000
354.333333 355.333333    2.60 0.559  0.09 0.559 9.999 0.559259 9.99 0.559259 0.002 0.000  0.197 0.000  0.355 0.000 99.9 0.559259   0.981 0.000  0.639 0.559  0.342 0.659 0.002 0.559 0.022 0.000
357.333333 358.333333    3.31 0.000  0.19 0.000 9.999 0.259000 9.99 0.259000 0.004 0.000  0.241 0.000  0.433 0.000 99.9 0.259000   0.870 0.000  0.197 0.000  0.667 0.659 0.003 0.000 0.030 0.000
360.333333 361.333333    2.31 0.000 99.99 0.259 9.999 0.259000 9.99 0.259000 0.004 0.000  0.084 0.000  0.152 0.000 99.9 0.259000   0.787 0.000  0.466 0.000  0.320 0.659 0.002 0.000 0.029 0.000
363.333333 364.333333    0.91 0.000  0.20 0.000 9.999 0.259000 9.99 0.259000 0.001 0.000 99.999 0.259 99.999 0.259 99.9 0.259000   0.416 0.000  0.238 0.000  0.174 0.659 0.001 0.000 0.011 0.000
