scripts/IMPROVE-2019_partial/data/US0013R.20010101070000.20191216000000.filterpack..pm25.52w.1w.US03L_filterpack_US0013.US03L_IMPROVE_Davis.lev2.nas
64 1001
MISSING INFORMATION
US03L, IMPROVE, , , , , , , 
MISSING INFORMATION
IMPROVE sel_HTAP
1 1
2001 01 01 2019 12 16
3.000000
days from file reference point
25
1 1 1 1 1 1 1 1 1 1 1 1 1 1 1 1 1 1 1 1 1 1 1 1 1
999.999999 9999.99 9.999 99.99 9.999999 9.999 9.999999 99.99 9.999999 9.999 9.999999 99.999 9.999 99.999 9.999 999.999 9.999 999.999 9.999 99.999 9.999 9.999 9.999999 9.999 9.999
end_time of measurement, days from the file reference point
iron, ng/m3, Revision date=20181210133000
numflag iron, no unit, Revision date=20181210133000
lead, ng/m3, Revision date=20181210133000
numflag lead, no unit, Revision date=20181210133000
magnesium, ug/m3, Revision date=20181210133000
numflag magnesium, no unit, Revision date=20181210133000
nickel, ng/m3, Revision date=20181210133000
numflag nickel, no unit, Revision date=20181210133000
nitrate, ug N/m3, Revision date=20181210133000
numflag nitrate, no unit, Revision date=20181210133000
organic_carbon, ug C/m3, Revision date=20181210133000
numflag organic_carbon, no unit, Revision date=20181210133000
organic_mass, ug/m3, Revision date=20181210133000
numflag organic_mass, no unit, Revision date=20181210133000
pm10_mass, ug/m3, Version=2, Version description=Data extracted from http://views.cira.colostate.edu/fed/DataWizard 2019-12-16, Sample duration=1d, Orig. time res.=3d, Matrix=pm10, Blank correction=Blank corrected, Volume std. temperature=ambient, Volume std. pressure=ambient
numflag pm10_mass, no unit, Version=2, Version description=Data extracted from http://views.cira.colostate.edu/fed/DataWizard 2019-12-16, Sample duration=1d, Orig. time res.=3d, Matrix=pm10, Blank correction=Blank corrected, Volume std. temperature=ambient, Volume std. pressure=ambient
pm10_pm25_mass, ug/m3, Revision date=20181210133000, Matrix=pm10_pm25
numflag pm10_pm25_mass, no unit, Revision date=20181210133000, Matrix=pm10_pm25
pm25_mass, ug/m3, Version=2, Version description=Data extracted from http://views.cira.colostate.edu/fed/DataWizard 2019-12-16, Sample duration=1d, Orig. time res.=3d, Blank correction=Blank corrected, Volume std. temperature=ambient, Volume std. pressure=ambient
numflag pm25_mass, no unit, Version=2, Version description=Data extracted from http://views.cira.colostate.edu/fed/DataWizard 2019-12-16, Sample duration=1d, Orig. time res.=3d, Blank correction=Blank corrected, Volume std. temperature=ambient, Volume std. pressure=ambient
potassium, ug/m3, Revision date=20181210133000
numflag potassium, no unit, Revision date=20181210133000
sulphate_total, ug S/m3, Revision date=20181210133000
numflag sulphate_total, no unit, Revision date=20181210133000
0
25
Data definition:              EBAS_1.1
Set type code:                TU
Timezone:                     UTC
File name:                    US0013R.20010101070000.20191216000000.filterpack..pm25.52w.1w.US03L_filterpack_US0013.US03L_IMPROVE_Davis.lev2.nas
File creation:                20191218115613
Startdate:                    20010101070000
Revision date:                20191216000000
Statistics:                   arithmetic mean
Data level:                   2
Period code:                  52w
Resolution code:              1w
Station code:                 US0013R
Platform code:                US0013S
Station name:                 Hance Camp at Grand Canyon NP
Station latitude:             35.9731
Station longitude:            -111.9841
Station altitude:             2267.0 m
Regime:                       IMG
Component:                    
Matrix:                       pm25
Laboratory code:              US03L
Instrument type:              filterpack
Instrument name:              filterpack_US0013
Method ref:                   US03L_IMPROVE_Davis
starttime endtime Fe flag_Fe Pb flag_Pb Mg++ flag_Mg++ Ni flag_Ni NO3- flag_NO3- OC flag_OC OM flag_OM PM10 flag_PM10 PM10-PM2.5 flag_PM10-PM2.5 PM2.5 flag_PM2.5 K+ flag_K+ SO4-- flag_SO4--
[from data line 85]
255.291667 256.291667   28.71 0.000  0.52 0.000000 9.999 0.259000 99.99 0.259000 0.029 0.000000  0.521 0.000  0.730 0.000   4.120 0.000   0.464 0.000  3.656 0.000 0.030 0.000000 0.397 0.000
258.291667 259.291667    9.09 0.000  0.14 0.000000 9.999 0.259000  0.12 0.000000 0.024 0.559000  0.343 0.000  0.480 0.000   3.095 0.000   1.111 0.000  1.984 0.000 0.016 0.000000 0.240 0.559
261.291667 262.291667   22.66 0.000  0.30 0.000000 9.999 0.259000  0.07 0.000000 0.014 0.000000  0.401 0.000  0.562 0.000   3.095 0.000   0.912 0.000  2.183 0.000 0.023 0.000000 0.208 0.000
264.291667 265.291667   15.17 0.000  0.21 0.000000 9.999 0.259000  0.08 0.000000 0.016 0.000000  1.549 0.000  2.169 0.000   3.472 0.000 999.999 0.259  3.591 0.000 0.024 0.000000 0.175 0.000
267.291667 268.291667   31.39 0.000  0.36 0.000000 9.999 0.259000 99.99 0.259000 0.015 0.000000  0.699 0.000  0.978 0.000   3.929 0.000   0.227 0.000  3.702 0.000 0.029 0.000000 0.311 0.000
270.291667 271.291667   24.63 0.000  0.69 0.000000 9.999 0.259000 99.99 0.259000 0.014 0.000000  1.728 0.000  2.419 0.000   4.325 0.000 999.999 0.259  4.517 0.000 0.025 0.000000 0.198 0.000
273.291667 274.291667   31.01 0.000  0.48 0.000000 9.999 0.259000 99.99 0.259000 0.021 0.000000  0.849 0.000  1.188 0.000   7.183 0.000   1.745 0.000  5.437 0.000 0.036 0.000000 0.538 0.000
276.291667 277.291667   48.92 0.000  0.85 0.000000 9.999 0.259000 99.99 0.259000 0.031 0.000000  0.808 0.000  1.131 0.000   4.405 0.000   0.041 0.000  4.364 0.000 0.045 0.000000 0.354 0.000
279.291667 280.291667    4.16 0.000  0.16 0.000000 0.010 0.000000 99.99 0.259000 0.007 0.000000  0.474 0.000  0.664 0.000   1.956 0.000   0.964 0.000  0.992 0.000 0.006 0.000000 0.067 0.000
282.291667 283.291667   24.27 0.000  0.44 0.000000 9.999 0.259000 99.99 0.259000 0.018 0.000000  0.422 0.000  0.591 0.000   2.368 0.000   0.234 0.000  2.134 0.000 0.020 0.000000 0.152 0.000
285.291667 286.291667    6.48 0.000 99.99 0.259000 9.999 0.259000 99.99 0.259000 0.013 0.000000  2.185 0.000  3.059 0.000   3.592 0.000   0.385 0.000  3.207 0.000 0.011 0.000000 0.048 0.000
288.291667 289.291667   19.84 0.000  0.39 0.000000 9.999 0.259000 99.99 0.259000 0.008 0.000000  0.576 0.000  0.807 0.000   4.721 0.000   2.664 0.000  2.058 0.000 0.014 0.000000 0.090 0.000
291.291667 292.291667   31.95 0.000  0.53 0.000000 9.999 0.259000 99.99 0.259000 0.025 0.000000  1.755 0.000  2.457 0.000   8.917 0.000   4.592 0.000  4.325 0.000 0.028 0.000000 0.118 0.000
294.291667 295.291667   17.84 0.000  0.63 0.000000 9.999 0.259000 99.99 0.259000 0.023 0.000000  0.260 0.000  0.364 0.000   5.794 0.000   4.065 0.000  1.729 0.000 0.017 0.000000 0.153 0.000
297.291667 298.291667   38.00 0.000  0.31 0.000000 9.999 0.259000 99.99 0.259000 0.011 0.000000  0.416 0.000  0.583 0.000   6.986 0.000   4.796 0.000  2.190 0.000 0.027 0.000000 0.070 0.000
300.291667 301.291667   50.57 0.000  1.78 0.000000 9.999 0.259000  0.19 0.000000 0.030 0.000000  0.671 0.000  0.939 0.000  11.315 0.000   6.189 0.000  5.126 0.000 0.040 0.000000 0.511 0.000
303.291667 304.291667   22.74 0.000  0.72 0.000000 9.999 0.259000  0.11 0.000000 0.034 0.000000  0.263 0.000  0.369 0.000   4.849 0.000   2.394 0.000  2.454 0.000 0.023 0.000000 0.289 0.000
306.291667 307.291667   17.74 0.559  0.37 0.559000 0.016 0.559000 99.99 0.559259 0.009 0.000000  0.278 0.000  0.389 0.000   3.780 0.000   1.760 0.000  2.021 0.559 0.012 0.559000 0.183 0.000
309.291667 310.291667   11.87 0.559  0.45 0.559000 9.999 0.559259 99.99 0.559259 0.018 0.000000  0.397 0.000  0.556 0.000   4.109 0.000   0.937 0.000  3.172 0.559 0.018 0.559000 0.402 0.000
312.291667 313.291667   13.40 0.000  0.55 0.000000 9.999 0.259000 99.99 0.259000 0.032 0.559000  0.566 0.000  0.792 0.000   4.397 0.000   1.508 0.000  2.889 0.000 0.016 0.000000 0.286 0.559
315.291667 316.291667   29.98 0.000  1.06 0.000000 9.999 0.259000  0.07 0.000000 0.031 0.000000  0.405 0.000  0.566 0.000   6.575 0.000   3.361 0.000  3.214 0.000 0.033 0.000000 0.326 0.000
318.291667 319.291667   15.52 0.000  0.45 0.000000 9.999 0.259000 99.99 0.259000 0.014 0.000000  0.246 0.000  0.345 0.000   3.534 0.000   1.330 0.000  2.204 0.000 0.015 0.000000 0.251 0.000
321.291667 322.291667   16.11 0.000  0.81 0.000000 9.999 0.259000 99.99 0.259000 0.017 0.000000  0.342 0.000  0.478 0.000   4.109 0.000   1.990 0.000  2.119 0.000 0.016 0.000000 0.243 0.000
324.291667 325.291667   14.60 0.000  0.67 0.000000 0.017 0.000000 99.99 0.259000 0.008 0.000000  0.251 0.000  0.352 0.000   3.000 0.000   1.234 0.000  1.766 0.000 0.011 0.000000 0.152 0.000
327.291667 328.291667    8.75 0.000  0.35 0.000000 9.999 0.259000  0.04 0.000000 0.022 0.000000 99.999 0.259 99.999 0.259   2.646 0.000   1.858 0.000  0.788 0.000 0.013 0.000000 0.048 0.000
330.291667 331.291667    6.80 0.000  0.26 0.000000 9.999 0.259000 99.99 0.259000 0.013 0.000000  0.019 0.000  0.026 0.000   1.289 0.000   0.367 0.000  0.922 0.000 0.007 0.000000 0.104 0.000
333.291667 334.291667    9.45 0.000  0.42 0.000000 9.999 0.259000 99.99 0.259000 0.074 0.000000  0.198 0.000  0.277 0.000   2.204 0.000   0.904 0.000  1.300 0.000 0.014 0.000000 0.123 0.000
336.291667 337.291667   13.62 0.000  0.86 0.000000 0.039 0.000000  2.68 0.000000 0.047 0.000000  0.308 0.000  0.431 0.000   2.852 0.000   1.368 0.000  1.484 0.000 0.027 0.000000 0.118 0.000
339.291667 340.291667    7.24 0.559  0.38 0.559000 9.999 0.559259 99.99 0.559259 0.010 0.559000  0.214 0.000  0.299 0.000   0.827 0.000   0.201 0.000  0.626 0.559 0.006 0.559000 0.044 0.559
342.291667 343.291667   11.70 0.000  0.56 0.000000 9.999 0.259000 99.99 0.259000 0.013 0.559000  0.213 0.000  0.298 0.000   1.653 0.000   0.641 0.000  1.013 0.000 0.008 0.000000 0.062 0.559
345.291667 346.291667    3.24 0.000  0.55 0.000000 9.999 0.259000 99.99 0.259000 0.059 0.559000  0.133 0.000  0.187 0.000   1.164 0.000   0.121 0.000  1.043 0.000 0.003 0.000000 0.102 0.559
348.291667 349.291667    2.60 0.000  1.00 0.000000 9.999 0.259000 99.99 0.259000 0.052 0.559000  0.208 0.000  0.291 0.000   1.123 0.000   0.168 0.000  0.955 0.000 0.006 0.000000 0.089 0.559
351.291667 352.291667   10.24 0.559  0.40 0.559000 9.999 0.559259 99.99 0.559259 9.999 0.559259  0.145 0.000  0.203 0.000   1.447 0.000   0.735 0.000  0.712 0.559 0.007 0.559000 0.040 0.559
354.291667 355.291667   18.06 0.000  1.16 0.000000 9.999 0.259000 99.99 0.259000 0.250 0.559000  0.471 0.000  0.659 0.000   4.340 0.000   1.736 0.000  2.604 0.000 0.032 0.000000 0.103 0.559
357.291667 358.291667    6.93 0.000  0.29 0.000000 9.999 0.259000 99.99 0.259000 0.030 0.559000  0.121 0.000  0.169 0.000   1.116 0.000   0.204 0.000  0.912 0.000 0.005 0.000000 0.055 0.559
360.291667 361.291667   11.04 0.000  0.31 0.000000 9.999 0.259000 99.99 0.259000 9.999 0.259000  0.071 0.000  0.099 0.000   1.726 0.000   1.245 0.000  0.481 0.000 0.003 0.000000 0.031 0.000
363.291667 364.291667    0.37 0.000 99.99 0.259000 9.999 0.259000 99.99 0.259000 0.016 0.000000  0.249 0.000  0.349 0.000   0.493 0.000 999.999 0.259  0.552 0.000 0.004 0.000000 0.019 0.000
