scripts/IMPROVE-2019_partial/data/US0063R.20160101070000.20191216000000.filterpack...52w.3d.US03L_filterpack_US0063.US03L_IMPROVE_Davis.lev2.nas
52 1001
MISSING INFORMATION
US03L, IMPROVE, , , , , , , 
MISSING INFORMATION
IMPROVE sel_HTAP
1 1
2016 01 01 2019 12 16
3.000000
days from file reference point
5
1 1 1 1 1
999.999999 999.999 9.999 999.999 9.999
end_time of measurement, days from the file reference point
pm10_mass, ug/m3, Matrix=pm10
numflag pm10_mass, no unit, Matrix=pm10
pm25_mass, ug/m3, Matrix=pm25
numflag pm25_mass, no unit, Matrix=pm25
0
33
Data definition:              EBAS_1.1
Set type code:                TU
Timezone:                     UTC
File name:                    US0063R.20160101070000.20191216000000.filterpack...52w.3d.US03L_filterpack_US0063.US03L_IMPROVE_Davis.lev2.nas
File creation:                20191218115931
Startdate:                    20160101070000
Revision date:                20191216000000
Version:                      2
Version description:          "Data extracted from http://views.cira.colostate.edu/fed/DataWizard 2019-12-16"
Statistics:                   arithmetic mean
Data level:                   2
Period code:                  52w
Resolution code:              3d
Sample duration:              1d
Orig. time res.:              3d
Station code:                 US0063R
Platform code:                US0063S
Station name:                 Bosque del Apache
Station latitude:             33.8695
Station longitude:            -106.852
Station altitude:             1389.0 m
Regime:                       IMG
Component:                    
Unit:                         ug/m3
Matrix:                       
Laboratory code:              US03L
Instrument type:              filterpack
Instrument name:              filterpack_US0063
Method ref:                   US03L_IMPROVE_Davis
Blank correction:             Blank corrected
Volume std. temperature:      ambient
Volume std. pressure:         ambient
starttime endtime PM10 flag_PM10 PM2.5 flag_PM2.5
  0.291667   1.291667   6.761 0.000   4.812 0.000
  3.291667   4.291667   8.145 0.000   6.469 0.000
  6.291667   7.291667   0.459 0.000   0.665 0.000
  9.291667  10.291667   1.600 0.000   1.111 0.000
 12.291667  13.291667   4.397 0.000   2.259 0.000
 15.291667  16.291667   2.010 0.000 999.999 0.999
 18.291667  19.291667   3.499 0.000 999.999 0.999
 21.291667  22.291667   6.261 0.000 999.999 0.999
 24.291667  25.291667   1.550 0.000 999.999 0.999
 27.291667  28.291667  10.992 0.000 999.999 0.999
 30.291667  31.291667   4.159 0.000 999.999 0.999
 33.291667  34.291667 999.999 0.999 999.999 0.999
 36.291667  37.291667   3.863 0.000 999.999 0.999
 39.291667  40.291667   7.160 0.000 999.999 0.999
 42.291667  43.291667   8.014 0.000   2.202 0.000
 45.291667  46.291667   4.571 0.000   1.453 0.000
 48.291667  49.291667   8.330 0.000   2.960 0.000
 51.291667  52.291667   8.047 0.000   2.474 0.000
 54.291667  55.291667   5.770 0.000   2.629 0.000
 57.291667  58.291667  10.034 0.000   3.162 0.000
 60.291667  61.291667   5.710 0.000   1.722 0.000
 63.291667  64.291667   9.679 0.000   2.964 0.000
 66.291667  67.291667   5.809 0.000   2.216 0.000
 69.291667  70.291667   5.601 0.000   1.923 0.000
 72.291667  73.291667   5.173 0.000   1.906 0.000
 75.291667  76.291667  10.124 0.000   3.331 0.000
 78.291667  79.291667  11.146 0.000   3.637 0.000
 81.291667  82.291667  21.178 0.000   3.273 0.000
 84.291667  85.291667   9.545 0.000   2.457 0.000
 87.291667  88.291667  11.368 0.000   2.740 0.000
 90.291667  91.291667   8.152 0.000   2.343 0.000
 93.291667  94.291667   4.737 0.000   1.424 0.000
 96.291667  97.291667   9.531 0.000   2.101 0.000
 99.291667 100.291667   3.835 0.000   2.503 0.000
102.291667 103.291667   3.014 0.000   1.807 0.000
105.291667 106.291667   8.555 0.000   3.233 0.000
108.291667 109.291667   5.295 0.000   1.624 0.000
111.291667 112.291667   5.422 0.000   2.207 0.000
114.291667 115.291667   7.566 0.000   3.642 0.000
117.291667 118.291667  11.401 0.000   3.503 0.000
120.291667 121.291667   4.370 0.000   1.893 0.000
123.291667 124.291667 999.999 0.999 999.999 0.999
126.291667 127.291667  25.530 0.000   5.791 0.000
129.291667 130.291667   5.501 0.000   2.220 0.000
132.291667 133.291667  10.510 0.000   3.463 0.000
135.291667 136.291667   7.866 0.000   2.653 0.000
138.291667 139.291667 999.999 0.999 999.999 0.999
141.291667 142.291667 999.999 0.999 999.999 0.999
144.291667 145.291667 999.999 0.999 999.999 0.999
147.291667 148.291667   8.638 0.000   3.520 0.000
150.291667 151.291667  15.698 0.000   4.385 0.000
153.291667 154.291667   6.667 0.000   2.544 0.000
156.291667 157.291667  15.287 0.000   4.146 0.000
159.291667 160.291667  23.356 0.000   9.018 0.000
162.291667 163.291667  12.224 0.000   4.830 0.000
165.291667 166.291667   7.246 0.000   3.586 0.000
168.291667 169.291667  26.816 0.000  19.988 0.000
171.291667 172.291667  15.341 0.000   6.269 0.000
174.291667 175.291667  13.126 0.000   4.817 0.000
177.291667 178.291667   7.916 0.000   3.700 0.000
180.291667 181.291667   8.050 0.000   3.466 0.000
183.291667 184.291667   5.885 0.000   3.161 0.000
186.291667 187.291667  11.175 0.000   7.213 0.000
189.291667 190.291667   8.588 0.000   3.194 0.000
192.291667 193.291667   7.078 0.000   2.779 0.000
195.291667 196.291667  72.842 0.000   4.486 0.000
198.291667 199.291667  15.056 0.000   4.874 0.000
201.291667 202.291667   9.926 0.000   3.973 0.000
204.291667 205.291667   5.952 0.000   2.094 0.000
207.291667 208.291667 999.999 0.999 999.999 0.999
210.291667 211.291667  13.986 0.000   6.194 0.000
213.291667 214.291667   6.691 0.000   3.286 0.000
216.291667 217.291667   8.201 0.000   2.259 0.000
219.291667 220.291667   6.395 0.000   2.962 0.000
222.291667 223.291667 999.999 0.999 999.999 0.999
225.291667 226.291667   6.171 0.000   3.883 0.000
228.291667 229.291667   8.099 0.000   4.023 0.000
231.291667 232.291667   6.387 0.000   2.767 0.000
234.291667 235.291667   3.499 0.000   2.033 0.000
237.291667 238.291667   7.975 0.000   2.870 0.000
240.291667 241.291667   5.005 0.000   2.003 0.000
243.291667 244.291667   3.744 0.000   1.525 0.000
246.291667 247.291667   6.633 0.000   3.229 0.000
249.291667 250.291667   9.718 0.000 999.999 0.456
252.291667 253.291667   6.226 0.000   2.272 0.000
255.291667 256.291667   5.623 0.000   2.066 0.000
258.291667 259.291667   5.815 0.000   2.486 0.000
261.291667 262.291667   5.656 0.000   2.207 0.000
264.291667 265.291667  12.252 0.000   3.467 0.000
267.291667 268.291667   8.298 0.000   2.793 0.000
270.291667 271.291667   5.269 0.000   1.878 0.000
273.291667 274.291667   3.342 0.000   1.492 0.000
276.291667 277.291667   4.067 0.000   1.240 0.000
279.291667 280.291667   8.591 0.000   2.420 0.000
282.291667 283.291667 999.999 0.999 999.999 0.999
285.291667 286.291667   4.974 0.000   2.434 0.000
288.291667 289.291667   4.843 0.000   1.745 0.000
291.291667 292.291667   7.097 0.000   3.402 0.000
294.291667 295.291667  13.268 0.000   3.628 0.000
297.291667 298.291667  10.032 0.000   3.555 0.000
300.291667 301.291667   7.532 0.000   2.726 0.000
303.291667 304.291667   7.889 0.000   2.983 0.000
306.291667 307.291667   5.198 0.000   1.913 0.000
309.291667 310.291667   3.669 0.000   3.231 0.000
312.291667 313.291667   6.479 0.000   2.948 0.000
315.291667 316.291667   5.864 0.000   2.203 0.000
318.291667 319.291667   6.160 0.000   2.545 0.000
321.291667 322.291667  15.924 0.000   2.463 0.000
324.291667 325.291667  10.446 0.000   2.797 0.000
327.291667 328.291667   3.542 0.000   1.421 0.000
330.291667 331.291667   6.890 0.000   3.276 0.000
333.291667 334.291667   1.430 0.000   0.242 0.000
336.291667 337.291667 999.999 0.999 999.999 0.999
339.291667 340.291667 999.999 0.999 999.999 0.999
342.291667 343.291667   7.963 0.000   3.687 0.000
345.291667 346.291667   5.566 0.000   2.266 0.000
348.291667 349.291667 999.999 0.999 999.999 0.999
351.291667 352.291667   5.100 0.000   1.134 0.000
354.291667 355.291667   6.514 0.000   2.754 0.000
357.291667 358.291667   4.281 0.000   2.995 0.000
360.291667 361.291667   3.020 0.000   1.665 0.000
363.291667 364.291667   6.187 0.000   3.025 0.000
