scripts/IMPROVE-2019_partial/data/US0051R.20150103060000.20191216000000.filterpack...1y.3d.US03L_filterpack_US0051.US03L_IMPROVE_Davis.lev2.nas
52 1001
MISSING INFORMATION
US03L, IMPROVE, , , , , , , 
MISSING INFORMATION
IMPROVE sel_HTAP
1 1
2015 01 01 2019 12 16
3.00
days from file reference point
5
1 1 1 1 1
999.99 999.999 9.999 999.999 9.999
end_time of measurement, days from the file reference point
pm10_mass, ug/m3, Matrix=pm10
numflag pm10_mass, no unit, Matrix=pm10
pm25_mass, ug/m3, Matrix=pm25
numflag pm25_mass, no unit, Matrix=pm25
0
33
Data definition:              EBAS_1.1
Set type code:                TU
Timezone:                     UTC
File name:                    US0051R.20150103060000.20191216000000.filterpack...1y.3d.US03L_filterpack_US0051.US03L_IMPROVE_Davis.lev2.nas
File creation:                20191218115831
Startdate:                    20150103060000
Revision date:                20191216000000
Version:                      2
Version description:          "Data extracted from http://views.cira.colostate.edu/fed/DataWizard 2019-12-16"
Statistics:                   arithmetic mean
Data level:                   2
Period code:                  1y
Resolution code:              3d
Sample duration:              1d
Orig. time res.:              3d
Station code:                 US0051R
Platform code:                US0051S
Station name:                 El Dorado Springs
Station latitude:             37.7009
Station longitude:            -94.0348
Station altitude:             297.0 m
Regime:                       IMG
Component:                    
Unit:                         ug/m3
Matrix:                       
Laboratory code:              US03L
Instrument type:              filterpack
Instrument name:              filterpack_US0051
Method ref:                   US03L_IMPROVE_Davis
Blank correction:             Blank corrected
Volume std. temperature:      ambient
Volume std. pressure:         ambient
starttime endtime PM10 flag_PM10 PM2.5 flag_PM2.5
  2.25   3.25   3.569 0.000   3.225 0.000
  5.25   6.25  15.324 0.000   8.341 0.000
  8.25   9.25  14.885 0.000   4.050 0.000
 11.25  12.25   8.864 0.000   6.836 0.000
 14.25  15.25  15.176 0.000   6.990 0.000
 17.25  18.25   8.115 0.000   1.757 0.000
 20.25  21.25   4.633 0.000   1.659 0.000
 23.25  24.25   9.285 0.000   2.930 0.000
 26.25  27.25   5.962 0.000   2.566 0.000
 29.25  30.25  17.650 0.000   4.000 0.000
 32.25  33.25   7.061 0.000   5.221 0.000
 35.25  36.25   7.070 0.000   5.167 0.000
 38.25  39.25   9.206 0.000   5.178 0.000
 41.25  42.25  13.332 0.000   9.726 0.000
 44.25  45.25  14.415 0.000   6.211 0.000
 47.25  48.25  12.656 0.000  10.386 0.000
 50.25  51.25  13.402 0.000   9.701 0.000
 53.25  54.25   8.476 0.000   4.058 0.000
 56.25  57.25  11.083 0.000   7.125 0.000
 59.25  60.25  14.264 0.000  12.800 0.000
 62.25  63.25   7.322 0.000   4.510 0.000
 65.25  66.25   8.280 0.000   4.343 0.000
 68.25  69.25   8.689 0.000   6.627 0.000
 71.25  72.25   9.983 0.000   8.100 0.000
 74.25  75.25  10.452 0.000   5.348 0.000
 77.25  78.25   7.521 0.000   5.868 0.000
 80.25  81.25  13.103 0.000   8.423 0.000
 83.25  84.25  10.038 0.000   7.490 0.000
 86.25  87.25   9.616 0.000   4.662 0.000
 89.25  90.25  29.596 0.000  16.755 0.000
 92.25  93.25   7.677 0.000   3.551 0.000
 95.25  96.25   8.994 0.000   6.851 0.000
 98.25  99.25 999.999 0.999 999.999 0.999
101.25 102.25 999.999 0.999 999.999 0.999
104.25 105.25   5.556 0.000   3.488 0.000
107.25 108.25   5.836 0.000   3.262 0.000
110.25 111.25  11.215 0.000   3.772 0.000
113.25 114.25   9.088 0.000   4.430 0.000
116.25 117.25  10.138 0.000   4.676 0.000
119.25 120.25  19.901 0.000   5.836 0.000
122.25 123.25  36.945 0.000  11.336 0.000
125.25 126.25  36.112 0.000   6.140 0.000
128.25 129.25   9.129 0.000   3.486 0.000
131.25 132.25   9.996 0.000   3.631 0.659
134.25 135.25  17.832 0.000   9.203 0.000
137.25 138.25   8.966 0.000   3.138 0.659
140.25 141.25   4.655 0.000   2.024 0.000
143.25 144.25   4.739 0.000   2.815 0.000
146.25 147.25   7.389 0.000   3.503 0.659
149.25 150.25   7.495 0.000   3.251 0.000
152.25 153.25  10.851 0.000   5.530 0.000
155.25 156.25   9.602 0.000   5.851 0.000
158.25 159.25  12.777 0.000   4.732 0.000
161.25 162.25  21.210 0.000  10.475 0.000
164.25 165.25  10.821 0.000   5.191 0.000
167.25 168.25  17.691 0.000   8.256 0.000
170.25 171.25  19.419 0.000   8.270 0.000
173.25 174.25  46.633 0.000  17.317 0.000
176.25 177.25   6.637 0.000   3.084 0.000
179.25 180.25  18.686 0.000  10.647 0.000
182.25 183.25  10.212 0.000   5.238 0.000
185.25 186.25  19.672 0.000  11.362 0.000
188.25 189.25   9.203 0.000   5.999 0.000
191.25 192.25  37.774 0.000  15.963 0.000
194.25 195.25  15.994 0.000   6.685 0.000
197.25 198.25  21.425 0.000   8.038 0.000
200.25 201.25  10.495 0.000   4.335 0.000
203.25 204.25  10.044 0.000   6.117 0.000
206.25 207.25  22.223 0.000   9.713 0.000
209.25 210.25  15.786 0.000   5.362 0.000
212.25 213.25  20.203 0.000   6.523 0.000
215.25 216.25  36.300 0.000  12.753 0.000
218.25 219.25  16.217 0.000   9.009 0.000
221.25 222.25   8.881 0.000   4.821 0.000
224.25 225.25  15.494 0.000   5.230 0.000
227.25 228.25  20.243 0.000  10.521 0.000
230.25 231.25   5.833 0.000   2.131 0.000
233.25 234.25   8.829 0.000   5.919 0.000
236.25 237.25  11.710 0.000   2.760 0.000
239.25 240.25  19.330 0.000   9.198 0.000
242.25 243.25  30.877 0.000  14.745 0.000
245.25 246.25  27.030 0.000  10.139 0.000
248.25 249.25  27.778 0.000  12.457 0.000
251.25 252.25   7.941 0.000   4.046 0.000
254.25 255.25   8.631 0.000   3.010 0.000
257.25 258.25  19.168 0.000   7.999 0.000
260.25 261.25  22.875 0.000   6.330 0.000
263.25 264.25  14.664 0.000   4.255 0.000
266.25 267.25  33.694 0.000  10.461 0.000
269.25 270.25  14.746 0.000   4.652 0.000
272.25 273.25 999.999 0.999 999.999 0.999
275.25 276.25 999.999 0.999 999.999 0.999
278.25 279.25 999.999 0.999 999.999 0.999
281.25 282.25 999.999 0.999 999.999 0.999
284.25 285.25 999.999 0.999 999.999 0.999
287.25 288.25 999.999 0.999 999.999 0.999
290.25 291.25 999.999 0.999 999.999 0.999
293.25 294.25  31.552 0.000   7.992 0.000
296.25 297.25   4.864 0.000   2.414 0.000
299.25 300.25   5.542 0.000   2.447 0.000
302.25 303.25   7.569 0.000   4.951 0.000
305.25 306.25   7.321 0.000   4.247 0.000
308.25 309.25   8.396 0.000   4.349 0.000
311.25 312.25  12.434 0.000  10.184 0.000
314.25 315.25  17.855 0.000   8.182 0.000
317.25 318.25   9.843 0.000   3.744 0.000
320.25 321.25   5.020 0.000   1.395 0.000
323.25 324.25   5.249 0.000   2.147 0.000
326.25 327.25   6.882 0.000   3.179 0.000
329.25 330.25   6.388 0.000   4.542 0.000
332.25 333.25   4.379 0.000   3.766 0.000
335.25 336.25   3.345 0.000   2.467 0.000
338.25 339.25   6.647 0.000   5.563 0.000
341.25 342.25   9.061 0.000   4.149 0.000
344.25 345.25  10.986 0.000   7.347 0.000
347.25 348.25   1.192 0.000   0.621 0.000
350.25 351.25   4.028 0.000   2.726 0.000
353.25 354.25   6.229 0.000   4.120 0.000
356.25 357.25   6.365 0.000   2.860 0.000
359.25 360.25   2.768 0.000   2.139 0.000
362.25 363.25   5.247 0.000   4.396 0.000
