scripts/IMPROVE-2019_partial/data/US0037R.20050101050000.20191216000000.filterpack..pm25.52w.1w.US03L_filterpack_US0037.US03L_IMPROVE_Davis.lev2.nas
64 1001
MISSING INFORMATION
US03L, IMPROVE, , , , , , , 
MISSING INFORMATION
IMPROVE sel_HTAP
1 1
2005 01 01 2019 12 16
3.000000
days from file reference point
25
1 1 1 1 1 1 1 1 1 1 1 1 1 1 1 1 1 1 1 1 1 1 1 1 1
999.999999 999.99 9.999 999.99 9.999 9.999 9.999999 9.99 9.999 99.999 9.999 99.999 9.999 99.999 9.999 999.999 9.999 999.999 9.999 999.999 9.999 9.999 9.999 99.999 9.999
end_time of measurement, days from the file reference point
iron, ng/m3, Revision date=20181210133000
numflag iron, no unit, Revision date=20181210133000
lead, ng/m3, Revision date=20181210133000
numflag lead, no unit, Revision date=20181210133000
magnesium, ug/m3, Revision date=20181210133000
numflag magnesium, no unit, Revision date=20181210133000
nickel, ng/m3, Revision date=20181210133000
numflag nickel, no unit, Revision date=20181210133000
nitrate, ug N/m3, Revision date=20181210133000
numflag nitrate, no unit, Revision date=20181210133000
organic_carbon, ug C/m3, Revision date=20181210133000
numflag organic_carbon, no unit, Revision date=20181210133000
organic_mass, ug/m3, Revision date=20181210133000
numflag organic_mass, no unit, Revision date=20181210133000
pm10_mass, ug/m3, Version=2, Version description=Data extracted from http://views.cira.colostate.edu/fed/DataWizard 2019-12-16, Sample duration=1d, Orig. time res.=3d, Matrix=pm10, Blank correction=Blank corrected, Volume std. temperature=ambient, Volume std. pressure=ambient
numflag pm10_mass, no unit, Version=2, Version description=Data extracted from http://views.cira.colostate.edu/fed/DataWizard 2019-12-16, Sample duration=1d, Orig. time res.=3d, Matrix=pm10, Blank correction=Blank corrected, Volume std. temperature=ambient, Volume std. pressure=ambient
pm10_pm25_mass, ug/m3, Revision date=20181210133000, Matrix=pm10_pm25
numflag pm10_pm25_mass, no unit, Revision date=20181210133000, Matrix=pm10_pm25
pm25_mass, ug/m3, Version=2, Version description=Data extracted from http://views.cira.colostate.edu/fed/DataWizard 2019-12-16, Sample duration=1d, Orig. time res.=3d, Blank correction=Blank corrected, Volume std. temperature=ambient, Volume std. pressure=ambient
numflag pm25_mass, no unit, Version=2, Version description=Data extracted from http://views.cira.colostate.edu/fed/DataWizard 2019-12-16, Sample duration=1d, Orig. time res.=3d, Blank correction=Blank corrected, Volume std. temperature=ambient, Volume std. pressure=ambient
potassium, ug/m3, Revision date=20181210133000
numflag potassium, no unit, Revision date=20181210133000
sulphate_total, ug S/m3, Revision date=20181210133000
numflag sulphate_total, no unit, Revision date=20181210133000
0
25
Data definition:              EBAS_1.1
Set type code:                TU
Timezone:                     UTC
File name:                    US0037R.20050101050000.20191216000000.filterpack..pm25.52w.1w.US03L_filterpack_US0037.US03L_IMPROVE_Davis.lev2.nas
File creation:                20191218115747
Startdate:                    20050101050000
Revision date:                20191216000000
Statistics:                   arithmetic mean
Data level:                   2
Period code:                  52w
Resolution code:              1w
Station code:                 US0037R
Platform code:                US0037S
Station name:                 Livonia
Station latitude:             38.5346
Station longitude:            -86.2604
Station altitude:             281.0 m
Regime:                       IMG
Component:                    
Matrix:                       pm25
Laboratory code:              US03L
Instrument type:              filterpack
Instrument name:              filterpack_US0037
Method ref:                   US03L_IMPROVE_Davis
starttime endtime Fe flag_Fe Pb flag_Pb Mg++ flag_Mg++ Ni flag_Ni NO3- flag_NO3- OC flag_OC OM flag_OM PM10 flag_PM10 PM10-PM2.5 flag_PM10-PM2.5 PM2.5 flag_PM2.5 K+ flag_K+ SO4-- flag_SO4--
[from data line 89]
267.208333 268.208333  32.73 0.699   4.53 0.699 9.999 0.699259 0.27 0.699  0.081 0.000  2.104 0.000  3.787 0.000  28.758 0.000   8.188 0.699  20.569 0.659 0.044 0.699  3.331 0.000
270.208333 271.208333  35.79 0.000   3.03 0.000 9.999 0.259000 0.13 0.000  0.161 0.000  1.040 0.000  1.873 0.000  19.478 0.000   7.869 0.000  11.607 0.000 0.038 0.000  1.872 0.000
273.208333 274.208333  28.98 0.000   4.17 0.000 0.022 0.000000 0.28 0.000  0.091 0.000  1.725 0.000  3.105 0.000  16.993 0.000   4.551 0.000  12.438 0.000 0.046 0.000  2.004 0.000
276.208333 277.208333  35.01 0.000   4.71 0.000 9.999 0.259000 0.33 0.000  0.057 0.000  2.114 0.000  3.804 0.000  34.690 0.000   7.348 0.000  27.446 0.000 0.050 0.000  4.947 0.000
279.208333 280.208333  23.31 0.000   1.52 0.000 0.009 0.000000 9.99 0.259  0.143 0.000  0.687 0.000  1.237 0.000  14.919 0.000  11.536 0.000   3.383 0.000 0.018 0.000  0.446 0.000
282.208333 283.208333  13.41 0.000   1.70 0.000 0.041 0.000000 9.99 0.259  0.210 0.000  0.676 0.000  1.217 0.000  11.722 0.000   4.164 0.000   7.558 0.000 0.016 0.000  1.539 0.000
285.208333 286.208333  47.05 0.000   6.79 0.000 9.999 0.259000 0.61 0.000  0.138 0.000  1.358 0.000  2.444 0.000  40.333 0.000  12.353 0.000  27.975 0.000 0.035 0.000  6.038 0.000
288.208333 289.208333 999.99 0.699 999.99 0.699 9.999 0.699000 9.99 0.699 99.999 0.699 99.999 0.699 99.999 0.699  16.986 0.000 999.999 0.699   5.096 0.000 9.999 0.699 99.999 0.699
291.208333 292.208333 999.99 0.999 999.99 0.999 9.999 0.999000 9.99 0.999 99.999 0.999 99.999 0.999 99.999 0.999 999.999 0.999 999.999 0.999 999.999 0.999 9.999 0.999 99.999 0.999
294.208333 295.208333  32.79 0.000   2.96 0.000 9.999 0.259000 0.30 0.000  0.665 0.000  1.242 0.000  2.235 0.000 999.999 0.456   4.211 0.000   8.464 0.000 0.038 0.000  1.030 0.000
297.208333 298.208333  18.21 0.000   1.07 0.000 0.019 0.000000 9.99 0.259  0.227 0.000  0.630 0.000  1.133 0.000 999.999 0.456   4.211 0.000   3.721 0.000 0.019 0.000  0.440 0.000
300.208333 301.208333  28.81 0.000   2.63 0.000 9.999 0.259000 0.19 0.000  0.397 0.000  1.246 0.000  2.243 0.000   9.710 0.000   3.338 0.000   6.372 0.000 0.035 0.000  0.690 0.000
303.208333 304.208333  49.95 0.000   3.36 0.000 9.999 0.259000 0.28 0.000  0.066 0.000  2.989 0.000  5.379 0.000  23.007 0.000   6.044 0.000  16.963 0.000 0.095 0.000  2.175 0.000
306.208333 307.208333  50.05 0.000   2.27 0.000 9.999 0.259000 0.21 0.000  0.083 0.000  1.632 0.000  2.937 0.000  16.970 0.000   9.355 0.000   7.616 0.000 0.066 0.000  0.908 0.000
309.208333 310.208333  27.58 0.000   1.79 0.000 9.999 0.259000 9.99 0.259  0.286 0.000  1.612 0.000  2.902 0.000  16.424 0.000   6.127 0.000  10.297 0.000 0.046 0.000  1.432 0.000
312.208333 313.208333  28.01 0.000   1.30 0.000 9.999 0.259000 0.51 0.000  0.129 0.000  2.060 0.000  3.708 0.000  20.185 0.000  11.391 0.000   8.793 0.000 0.064 0.000  1.052 0.000
315.208333 316.208333  46.23 0.000   3.60 0.000 9.999 0.259000 9.99 0.259  0.109 0.000  2.225 0.000  4.006 0.000  14.604 0.000   6.925 0.000   7.677 0.000 0.066 0.000  0.672 0.000
318.208333 319.208333   6.74 0.000   0.44 0.000 9.999 0.259000 0.31 0.000  0.051 0.000  0.698 0.000  1.256 0.000   6.322 0.000   2.158 0.000   4.164 0.000 0.018 0.000  0.665 0.000
321.208333 322.208333  32.09 0.000   4.13 0.000 9.999 0.259000 0.17 0.000  0.532 0.000  1.555 0.000  2.800 0.000  14.296 0.000   5.232 0.000   9.063 0.000 0.075 0.000  0.804 0.000
324.208333 325.208333  27.85 0.000   5.33 0.000 9.999 0.259000 0.23 0.000  0.965 0.000  2.324 0.000  4.184 0.000  20.913 0.000   6.239 0.000  14.672 0.000 0.087 0.000  1.240 0.000
327.208333 328.208333  12.21 0.000   0.45 0.000 9.999 0.259000 9.99 0.259  0.221 0.000  0.495 0.000  0.891 0.000   8.896 0.000   5.187 0.000   3.709 0.000 0.017 0.000  0.490 0.000
330.208333 331.208333  22.67 0.000   1.90 0.000 9.999 0.259000 0.49 0.000  0.192 0.000  2.577 0.000  4.638 0.000  14.067 0.000   2.852 0.000  11.213 0.000 0.074 0.000  1.108 0.000
333.208333 334.208333  22.61 0.000   2.24 0.000 9.999 0.259000 9.99 0.259  0.596 0.000  0.820 0.000  1.476 0.000  13.538 0.000   4.535 0.000   9.003 0.000 0.042 0.000  0.954 0.000
336.208333 337.208333  19.52 0.000   3.15 0.000 9.999 0.259000 9.99 0.259  0.765 0.000  1.592 0.000  2.866 0.000  12.728 0.000   2.786 0.000   9.941 0.000 0.057 0.000  0.597 0.000
339.208333 340.208333  40.32 0.000   3.36 0.000 9.999 0.259000 0.26 0.000  1.468 0.000  1.906 0.000  3.430 0.000  22.359 0.000   5.308 0.000  17.067 0.000 0.068 0.000  1.215 0.000
342.208333 343.208333  29.76 0.000   3.64 0.000 0.008 0.000000 0.13 0.000  1.339 0.000  1.474 0.000  2.654 0.000  18.153 0.000   2.412 0.000  15.740 0.000 0.057 0.000  1.165 0.000
345.208333 346.208333  11.19 0.000   1.50 0.000 9.999 0.259000 9.99 0.259  0.864 0.000  1.339 0.000  2.409 0.000  11.716 0.000   1.498 0.000  10.219 0.000 0.037 0.000  0.724 0.000
348.208333 349.208333  10.98 0.000   1.57 0.000 9.999 0.259000 0.27 0.000  0.349 0.000  0.824 0.000  1.483 0.000   7.341 0.000   1.171 0.000   6.169 0.000 0.026 0.000  0.595 0.000
351.208333 352.208333  19.72 0.000   2.73 0.000 0.011 0.000000 0.23 0.000  0.997 0.000  1.446 0.000  2.603 0.000  15.608 0.000   3.678 0.000  11.929 0.000 0.058 0.000  0.763 0.000
354.208333 355.208333  29.94 0.000   5.02 0.000 0.010 0.000000 0.14 0.000  0.996 0.000  1.422 0.000  2.560 0.000  19.744 0.000   6.474 0.000  13.269 0.000 0.064 0.000  0.981 0.000
357.208333 358.208333  25.83 0.000   2.46 0.000 9.999 0.259000 0.29 0.000  0.429 0.000  2.468 0.000  4.443 0.000  15.151 0.000   1.890 0.000  13.258 0.000 0.077 0.000  1.186 0.000
360.208333 361.208333  28.62 0.000   2.38 0.000 9.999 0.259000 0.14 0.000  0.368 0.000  0.973 0.000  1.751 0.000  12.760 0.000   3.462 0.000   9.300 0.000 0.045 0.000  1.378 0.000
363.208333 364.208333  33.12 0.000   2.00 0.000 0.020 0.000000 0.17 0.000  0.859 0.000  0.994 0.000  1.789 0.000  17.628 0.000   2.236 0.000  15.393 0.000 0.042 0.000  2.070 0.000
