scripts/IMPROVE-2019_partial/data/US0071R.20040101080000.20191216000000.filterpack..pm25.52w.1w.US03L_filterpack_US0071.US03L_IMPROVE_Davis.lev2.nas
66 1001
MISSING INFORMATION
US03L, IMPROVE, , , , , , , 
MISSING INFORMATION
IMPROVE sel_HTAP
1 1
2004 01 01 2019 12 16
3.000000
days from file reference point
27
1 1 1 1 1 1 1 1 1 1 1 1 1 1 1 1 1 1 1 1 1 1 1 1 1 1 1
999.999999 9999.99 9.999999 99.99 9.999999 9.999 9.999999 9.99 9.999999 99.999 9.999999 99.999 9.999 99.999 9.999 99.9 9.999999999 999.999 9.999 999.999 9.999 999.999 9.999 9.999 9.999999 9.999 9.999999
end_time of measurement, days from the file reference point
iron, ng/m3, Revision date=20181210133000
numflag iron, no unit, Revision date=20181210133000
lead, ng/m3, Revision date=20181210133000
numflag lead, no unit, Revision date=20181210133000
magnesium, ug/m3, Revision date=20181210133000
numflag magnesium, no unit, Revision date=20181210133000
nickel, ng/m3, Revision date=20181210133000
numflag nickel, no unit, Revision date=20181210133000
nitrate, ug N/m3, Revision date=20181210133000
numflag nitrate, no unit, Revision date=20181210133000
organic_carbon, ug C/m3, Revision date=20181210133000
numflag organic_carbon, no unit, Revision date=20181210133000
organic_mass, ug/m3, Revision date=20181210133000
numflag organic_mass, no unit, Revision date=20181210133000
phosphorus, ng/m3, Revision date=20181210133000
numflag phosphorus, no unit, Revision date=20181210133000
pm10_mass, ug/m3, Version=2, Version description=Data extracted from http://views.cira.colostate.edu/fed/DataWizard 2019-12-16, Sample duration=1d, Orig. time res.=3d, Matrix=pm10, Blank correction=Blank corrected, Volume std. temperature=ambient, Volume std. pressure=ambient
numflag pm10_mass, no unit, Version=2, Version description=Data extracted from http://views.cira.colostate.edu/fed/DataWizard 2019-12-16, Sample duration=1d, Orig. time res.=3d, Matrix=pm10, Blank correction=Blank corrected, Volume std. temperature=ambient, Volume std. pressure=ambient
pm10_pm25_mass, ug/m3, Revision date=20181210133000, Matrix=pm10_pm25
numflag pm10_pm25_mass, no unit, Revision date=20181210133000, Matrix=pm10_pm25
pm25_mass, ug/m3, Version=2, Version description=Data extracted from http://views.cira.colostate.edu/fed/DataWizard 2019-12-16, Sample duration=1d, Orig. time res.=3d, Blank correction=Blank corrected, Volume std. temperature=ambient, Volume std. pressure=ambient
numflag pm25_mass, no unit, Version=2, Version description=Data extracted from http://views.cira.colostate.edu/fed/DataWizard 2019-12-16, Sample duration=1d, Orig. time res.=3d, Blank correction=Blank corrected, Volume std. temperature=ambient, Volume std. pressure=ambient
potassium, ug/m3, Revision date=20181210133000
numflag potassium, no unit, Revision date=20181210133000
sulphate_total, ug S/m3, Revision date=20181210133000
numflag sulphate_total, no unit, Revision date=20181210133000
0
25
Data definition:              EBAS_1.1
Set type code:                TU
Timezone:                     UTC
File name:                    US0071R.20040101080000.20191216000000.filterpack..pm25.52w.1w.US03L_filterpack_US0071.US03L_IMPROVE_Davis.lev2.nas
File creation:                20191218120015
Startdate:                    20040101080000
Revision date:                20191216000000
Statistics:                   arithmetic mean
Data level:                   2
Period code:                  52w
Resolution code:              1w
Station code:                 US0071R
Platform code:                US0071S
Station name:                 Hells Canyon
Station latitude:             44.9702
Station longitude:            -116.8438
Station altitude:             655.0 m
Regime:                       IMG
Component:                    
Matrix:                       pm25
Laboratory code:              US03L
Instrument type:              filterpack
Instrument name:              filterpack_US0071
Method ref:                   US03L_IMPROVE_Davis
starttime endtime Fe flag_Fe Pb flag_Pb Mg++ flag_Mg++ Ni flag_Ni NO3- flag_NO3- OC flag_OC OM flag_OM P flag_P PM10 flag_PM10 PM10-PM2.5 flag_PM10-PM2.5 PM2.5 flag_PM2.5 K+ flag_K+ SO4-- flag_SO4--
[from data line 75]
225.333333 226.333333   89.60 0.000000  0.43 0.000000 0.055 0.000000 9.99 0.259000  0.016 0.000000  2.612 0.000  3.657 0.000 99.9 0.259000000  14.248 0.000   8.206 0.000   6.043 0.000 0.059 0.000000 0.124 0.000000
228.333333 229.333333   57.32 0.000000  0.61 0.000000 9.999 0.259000 9.99 0.259000  0.014 0.000000  3.018 0.000  4.226 0.000 99.9 0.259000000  12.404 0.000   5.280 0.000   7.123 0.000 0.060 0.000000 0.166 0.000000
231.333333 232.333333   51.70 0.000000  0.55 0.000000 9.999 0.259000 9.99 0.259000  0.027 0.000000  5.214 0.000  7.300 0.000 99.9 0.259000000  17.198 0.000   5.302 0.000  11.896 0.000 0.101 0.000000 0.272 0.000000
234.333333 235.333333   52.35 0.000000  1.15 0.000000 9.999 0.259000 9.99 0.259000  0.016 0.000000  0.896 0.000  1.255 0.000 99.9 0.259000000   8.252 0.000   5.917 0.000   2.335 0.000 0.036 0.000000 0.075 0.000000
237.333333 238.333333   10.31 0.000000 99.99 0.259000 9.999 0.259000 9.99 0.259000  0.015 0.000000  0.597 0.000  0.836 0.000 99.9 0.259000000   2.451 0.000   1.104 0.000   1.347 0.000 0.011 0.000000 0.060 0.000000
240.333333 241.333333    3.91 0.000000  0.43 0.000000 9.999 0.259000 9.99 0.259000  0.013 0.000000  0.864 0.000  1.210 0.000 99.9 0.259000000   2.867 0.000   1.596 0.000   1.271 0.000 0.009 0.000000 0.087 0.000000
243.333333 244.333333   25.11 0.000000  0.46 0.000000 9.999 0.259000 9.99 0.259000  0.013 0.000000  1.176 0.000  1.646 0.000 99.9 0.259000000   5.247 0.000   3.087 0.000   2.160 0.000 0.025 0.000000 0.096 0.000000
246.333333 247.333333   13.98 0.000000  0.41 0.000000 0.124 0.000000 9.99 0.259000  0.015 0.000000  0.736 0.000  1.030 0.000 99.9 0.259000000   4.427 0.000   2.624 0.000   1.803 0.000 0.012 0.000000 0.096 0.000000
249.333333 250.333333   30.64 0.000000  0.72 0.000000 9.999 0.259000 0.10 0.000000  0.027 0.000000  0.837 0.000  1.172 0.000 99.9 0.259000000   6.092 0.000   3.343 0.000   2.748 0.000 0.017 0.000000 0.201 0.000000
252.333333 253.333333   46.65 0.000000  0.89 0.000000 9.999 0.259000 9.99 0.259000  0.018 0.000000  1.936 0.000  2.710 0.000 99.9 0.259000000   8.349 0.000   5.946 0.000   2.404 0.000 0.042 0.000000 0.111 0.000000
255.333333 256.333333    6.90 0.000000  0.52 0.000000 9.999 0.259000 9.99 0.259000  0.045 0.000000  0.461 0.000  0.645 0.000 99.9 0.259000000   2.624 0.000   1.117 0.000   1.507 0.000 0.013 0.000000 0.107 0.000000
258.333333 259.333333 9999.99 0.999000 99.99 0.999000 9.999 0.999000 9.99 0.999000 99.999 0.999000 99.999 0.999 99.999 0.999 99.9 0.999000000 999.999 0.999 999.999 0.999 999.999 0.999 9.999 0.999000 9.999 0.999000
261.333333 262.333333   12.60 0.000000  0.85 0.000000 9.999 0.259000 9.99 0.259000  0.015 0.000000  0.395 0.000  0.552 0.000 99.9 0.259000000   2.826 0.000   1.509 0.000   1.317 0.000 0.013 0.000000 0.120 0.000000
264.333333 265.333333    7.48 0.000000  0.85 0.000000 9.999 0.259000 9.99 0.259000  0.011 0.000000  0.731 0.000  1.024 0.000 99.9 0.259000000   4.188 0.000   2.472 0.000   1.715 0.000 0.013 0.000000 0.150 0.000000
267.333333 268.333333   30.54 0.000000  0.81 0.000000 0.150 0.000000 9.99 0.259000  0.014 0.000000  1.386 0.000  1.940 0.000 99.9 0.259000000   7.590 0.000   3.837 0.000   3.753 0.000 0.043 0.000000 0.116 0.000000
270.333333 271.333333   31.82 0.000000  0.78 0.000000 9.999 0.259000 9.99 0.259000  0.011 0.000000  2.230 0.000  3.122 0.000 99.9 0.259000000  11.022 0.000   5.532 0.000   5.490 0.000 0.041 0.000000 0.130 0.000000
273.333333 274.333333  107.16 0.000000  0.94 0.000000 0.103 0.000000 9.99 0.259000  0.025 0.000000  2.822 0.000  3.951 0.000 99.9 0.259000000  23.661 0.000  15.083 0.000   8.578 0.000 0.084 0.000000 0.249 0.000000
276.333333 277.333333   76.82 0.000000  0.89 0.000000 9.999 0.259000 0.10 0.000000  0.019 0.000000  2.838 0.000  3.973 0.000 99.9 0.259000000  16.093 0.000   8.174 0.000   7.919 0.000 0.071 0.000000 0.217 0.000000
279.333333 280.333333   74.08 0.000000  0.73 0.000000 9.999 0.259000 9.99 0.259000  0.016 0.000000  2.355 0.000  3.297 0.000 99.9 0.259000000  13.431 0.000   6.833 0.000   6.599 0.000 0.042 0.000000 0.165 0.000000
282.333333 283.333333   20.05 0.000000  0.24 0.000000 9.999 0.259000 9.99 0.259000  0.014 0.000000  0.511 0.000  0.716 0.000 99.9 0.259000000   6.196 0.000   4.185 0.000   2.011 0.000 0.021 0.000000 0.066 0.000000
285.333333 286.333333   10.24 0.000000  0.50 0.000000 9.999 0.259000 9.99 0.259000  0.013 0.000000  0.659 0.000  0.923 0.000 99.9 0.259000000   4.525 0.000   2.307 0.000   2.218 0.000 0.012 0.000000 0.080 0.000000
288.333333 289.333333   35.48 0.000000  0.16 0.000000 9.999 0.259000 9.99 0.259000  0.016 0.000000  4.341 0.000  6.077 0.000 99.9 0.259000000  13.556 0.000   4.566 0.000   8.991 0.000 0.029 0.000000 0.089 0.000000
291.333333 292.333333    2.92 0.000000  0.40 0.000000 9.999 0.259000 0.14 0.000000  0.006 0.000000  0.545 0.000  0.762 0.000 99.9 0.259000000   4.242 0.000   2.890 0.000   1.352 0.000 0.006 0.000000 0.040 0.000000
294.333333 295.333333    5.97 0.000000  3.09 0.000000 0.123 0.000000 9.99 0.259000  0.015 0.000000  1.125 0.000  1.575 0.000 99.9 0.259000000   3.249 0.000   0.884 0.000   2.365 0.000 0.017 0.000000 0.067 0.000000
297.333333 298.333333    4.98 0.000000  0.90 0.000000 9.999 0.259000 9.99 0.259000  0.018 0.000000  0.638 0.000  0.894 0.000 99.9 0.259000000   2.655 0.000   0.756 0.000   1.899 0.000 0.017 0.000000 0.137 0.000000
300.333333 301.333333   10.74 0.000000  1.02 0.000000 9.999 0.259000 0.18 0.000000  0.018 0.000000  1.422 0.000  1.991 0.000 99.9 0.259000000   4.698 0.000   0.639 0.000   4.058 0.000 0.023 0.000000 0.207 0.000000
303.333333 304.333333    8.84 0.000000  1.07 0.000000 9.999 0.259000 0.21 0.000000  0.033 0.000000  1.430 0.000  2.002 0.000 99.9 0.259000000   4.902 0.000   1.074 0.000   3.828 0.000 0.034 0.000000 0.220 0.000000
306.333333 307.333333   10.97 0.000000  0.90 0.000000 9.999 0.259000 0.09 0.000000  0.043 0.000000  0.724 0.000  1.013 0.000 99.9 0.259000000   4.374 0.000   1.811 0.000   2.563 0.000 0.024 0.000000 0.125 0.000000
309.333333 310.333333    6.91 0.000000  1.00 0.000000 9.999 0.259000 9.99 0.259000  0.045 0.000000  3.549 0.000  4.969 0.000 99.9 0.259000000   7.766 0.000   0.702 0.000   7.065 0.000 0.038 0.000000 0.107 0.000000
312.333333 313.333333   10.22 0.000000  1.73 0.000000 9.999 0.259000 0.10 0.000000  0.334 0.000000  1.910 0.000  2.674 0.000 99.9 0.259000000   6.328 0.000   0.850 0.000   5.478 0.000 0.027 0.000000 0.220 0.000000
315.333333 316.333333   12.70 0.000000  1.33 0.000000 0.129 0.000000 9.99 0.259000  0.060 0.000000  2.297 0.000  3.216 0.000 99.9 0.259000000   7.647 0.000   1.239 0.000   6.408 0.000 0.034 0.000000 0.165 0.000000
318.333333 319.333333    3.24 0.000000  0.72 0.000000 9.999 0.259000 0.09 0.000000  0.011 0.000000  1.518 0.000  2.126 0.000 99.9 0.259000000   4.808 0.000   0.730 0.000   4.078 0.000 0.029 0.000000 0.149 0.000000
321.333333 322.333333    6.41 0.000000  0.65 0.000000 9.999 0.259000 0.14 0.000000  0.069 0.000000  1.711 0.000  2.395 0.000 99.9 0.259000000   7.109 0.000   1.386 0.000   5.723 0.000 0.023 0.000000 0.367 0.000000
324.333333 325.333333    4.49 0.000000  0.56 0.000000 0.166 0.000000 0.18 0.000000  0.035 0.000000  0.902 0.000  1.264 0.000  5.4 0.000000000   3.287 0.000   0.587 0.000   2.701 0.000 0.024 0.000000 0.088 0.000000
327.333333 328.333333   20.46 0.000000  1.18 0.000000 0.064 0.000000 9.99 0.259000  0.115 0.000000  2.730 0.000  3.822 0.000 99.9 0.259000000   8.735 0.000   2.500 0.000   6.235 0.000 0.051 0.000000 0.107 0.000000
330.333333 331.333333    3.82 0.000000  0.24 0.000000 9.999 0.259000 9.99 0.259000  0.049 0.000000  0.505 0.000  0.708 0.000 99.9 0.259000000   2.769 0.000   0.914 0.000   1.856 0.000 0.010 0.000000 0.106 0.000000
333.333333 334.333333    2.23 0.000000  0.43 0.000000 9.999 0.259000 9.99 0.259000  0.012 0.000000  0.569 0.000  0.796 0.000 99.9 0.259000000   1.882 0.000   0.339 0.000   1.543 0.000 0.012 0.000000 0.046 0.000000
336.333333 337.333333    2.74 0.000000  0.95 0.000000 9.999 0.259000 0.21 0.000000  0.173 0.000000  1.383 0.000  1.937 0.000 99.9 0.259000000   3.821 0.000   0.232 0.000   3.590 0.000 0.024 0.000000 0.169 0.000000
339.333333 340.333333   10.43 0.000000  2.30 0.000000 0.053 0.000000 0.08 0.000000  0.865 0.000000  1.450 0.000  2.030 0.000 99.9 0.259000000   8.970 0.000   0.643 0.000   8.327 0.000 0.025 0.000000 0.242 0.000000
342.333333 343.333333    4.04 0.000000  0.26 0.000000 9.999 0.259000 0.19 0.000000  0.009 0.000000  0.225 0.000  0.314 0.000 99.9 0.259000000   0.740 0.000   0.171 0.000   0.569 0.000 0.005 0.000000 0.020 0.000000
345.333333 346.333333    4.18 0.000000  0.54 0.000000 0.053 0.000000 9.99 0.259000  0.062 0.000000  1.116 0.000  1.562 0.000 99.9 0.259000000   3.799 0.000   0.637 0.000   3.162 0.000 0.009 0.000000 0.106 0.000000
348.333333 349.333333    7.40 0.000000  0.65 0.000000 0.047 0.000000 0.14 0.000000  0.091 0.000000  0.830 0.000  1.162 0.000 99.9 0.259000000   3.470 0.000   0.867 0.000   2.604 0.000 0.014 0.000000 0.122 0.000000
351.333333 352.333333    7.43 0.000000  0.61 0.000000 9.999 0.259000 9.99 0.259000  0.541 0.000000  0.952 0.000  1.333 0.000 99.9 0.259000000   5.219 0.000   0.853 0.000   4.366 0.000 0.020 0.000000 0.220 0.000000
354.333333 355.333333    3.58 0.000000  0.61 0.000000 0.077 0.000000 9.99 0.259000  0.603 0.000000  1.009 0.000  1.412 0.000 99.9 0.259000000   4.232 0.000   0.568 0.000   3.664 0.000 0.009 0.000000 0.187 0.000000
357.333333 358.333333    3.79 0.000000  0.59 0.000000 9.999 0.259000 9.99 0.259000  0.015 0.000000  0.422 0.000  0.591 0.000 99.9 0.259000000   2.055 0.000   0.472 0.000   1.582 0.000 0.015 0.000000 0.105 0.000000
360.333333 361.333333    7.28 0.000000  0.90 0.000000 0.065 0.000000 0.15 0.000000  0.181 0.000000  0.629 0.000  0.881 0.000 99.9 0.259000000   3.595 0.000   1.280 0.000   2.315 0.000 0.019 0.000000 0.126 0.000000
363.333333 364.333333    5.16 0.000000  0.95 0.000000 9.999 0.259000 0.23 0.000000  0.056 0.000000  0.548 0.000  0.768 0.000 99.9 0.259000000   2.437 0.000   0.551 0.000   1.886 0.000 0.019 0.000000 0.134 0.000000
