scripts/IMPROVE-2019_partial/data/US0086R.20040101050000.20191216000000.filterpack..pm25.52w.1w.US03L_filterpack_US0086.US03L_IMPROVE_Davis.lev2.nas
66 1001
MISSING INFORMATION
US03L, IMPROVE, , , , , , , 
MISSING INFORMATION
IMPROVE sel_HTAP
1 1
2004 01 01 2019 12 16
3.000000
days from file reference point
27
1 1 1 1 1 1 1 1 1 1 1 1 1 1 1 1 1 1 1 1 1 1 1 1 1 1 1
999.999999 99.999 9.999 999.99 9.999 99.99 9.999 9.999 9.999 9.99 9.999999 9.999 9.999 99.999 9.999 999.999 9.999 999.999 9.999 99.999 9.999 999.999 9.999 9.999 9.999 99.999 9.999
end_time of measurement, days from the file reference point
ammonium, ug N/m3, Revision date=20181210133000
numflag ammonium, no unit, Revision date=20181210133000
iron, ng/m3, Revision date=20181210133000
numflag iron, no unit, Revision date=20181210133000
lead, ng/m3, Revision date=20181210133000
numflag lead, no unit, Revision date=20181210133000
magnesium, ug/m3, Revision date=20181210133000
numflag magnesium, no unit, Revision date=20181210133000
nickel, ng/m3, Revision date=20181210133000
numflag nickel, no unit, Revision date=20181210133000
nitrate, ug N/m3, Revision date=20181210133000
numflag nitrate, no unit, Revision date=20181210133000
organic_carbon, ug C/m3, Revision date=20181210133000
numflag organic_carbon, no unit, Revision date=20181210133000
organic_mass, ug/m3, Revision date=20181210133000
numflag organic_mass, no unit, Revision date=20181210133000
pm10_mass, ug/m3, Version=2, Version description=Data extracted from http://views.cira.colostate.edu/fed/DataWizard 2019-12-16, Sample duration=1d, Orig. time res.=3d, Matrix=pm10, Blank correction=Blank corrected, Volume std. temperature=ambient, Volume std. pressure=ambient
numflag pm10_mass, no unit, Version=2, Version description=Data extracted from http://views.cira.colostate.edu/fed/DataWizard 2019-12-16, Sample duration=1d, Orig. time res.=3d, Matrix=pm10, Blank correction=Blank corrected, Volume std. temperature=ambient, Volume std. pressure=ambient
pm10_pm25_mass, ug/m3, Revision date=20181210133000, Matrix=pm10_pm25
numflag pm10_pm25_mass, no unit, Revision date=20181210133000, Matrix=pm10_pm25
pm25_mass, ug/m3, Version=2, Version description=Data extracted from http://views.cira.colostate.edu/fed/DataWizard 2019-12-16, Sample duration=1d, Orig. time res.=3d, Blank correction=Blank corrected, Volume std. temperature=ambient, Volume std. pressure=ambient
numflag pm25_mass, no unit, Version=2, Version description=Data extracted from http://views.cira.colostate.edu/fed/DataWizard 2019-12-16, Sample duration=1d, Orig. time res.=3d, Blank correction=Blank corrected, Volume std. temperature=ambient, Volume std. pressure=ambient
potassium, ug/m3, Revision date=20181210133000
numflag potassium, no unit, Revision date=20181210133000
sulphate_total, ug S/m3, Revision date=20181210133000
numflag sulphate_total, no unit, Revision date=20181210133000
0
25
Data definition:              EBAS_1.1
Set type code:                TU
Timezone:                     UTC
File name:                    US0086R.20040101050000.20191216000000.filterpack..pm25.52w.1w.US03L_filterpack_US0086.US03L_IMPROVE_Davis.lev2.nas
File creation:                20191218120113
Startdate:                    20040101050000
Revision date:                20191216000000
Statistics:                   arithmetic mean
Data level:                   2
Period code:                  52w
Resolution code:              1w
Station code:                 US0086R
Platform code:                US0086S
Station name:                 Dolly Sods Wilderness
Station latitude:             39.1053
Station longitude:            -79.4261
Station altitude:             1182.0 m
Regime:                       IMG
Component:                    
Matrix:                       pm25
Laboratory code:              US03L
Instrument type:              filterpack
Instrument name:              filterpack_US0086
Method ref:                   US03L_IMPROVE_Davis
starttime endtime NH4+ flag_NH4+ Fe flag_Fe Pb flag_Pb Mg++ flag_Mg++ Ni flag_Ni NO3- flag_NO3- OC flag_OC OM flag_OM PM10 flag_PM10 PM10-PM2.5 flag_PM10-PM2.5 PM2.5 flag_PM2.5 K+ flag_K+ SO4-- flag_SO4--
  0.208333   1.208333  0.323 0.000  19.16 0.000  1.75 0.000 9.999 0.259 0.13 0.000000 0.090 0.000  1.692 0.000   2.369 0.000   6.738 0.000  2.357 0.000   4.381 0.000 0.033 0.000  0.358 0.000
  3.208333   4.208333  0.372 0.000   4.65 0.000  0.65 0.000 9.999 0.259 0.31 0.000000 0.056 0.000  0.746 0.000   1.044 0.000   7.067 0.000  1.440 0.000   5.627 0.000 0.034 0.000  0.940 0.000
  6.208333   7.208333  0.412 0.000  13.37 0.000  1.57 0.000 9.999 0.259 0.20 0.000000 0.174 0.000  0.807 0.000   1.129 0.000   6.191 0.000  2.180 0.000   4.011 0.000 0.023 0.000  0.478 0.000
  9.208333  10.208333  0.432 0.000  20.55 0.000  2.54 0.000 9.999 0.259 0.20 0.000000 0.216 0.000  3.918 0.000   5.485 0.000  11.911 0.000  2.007 0.000   9.903 0.000 0.044 0.000  0.523 0.000
 12.208333  13.208333  0.882 0.394   7.97 0.394  1.05 0.394 0.132 0.394 9.99 0.394259 0.243 0.394  2.240 0.000   3.136 0.000   8.665 0.000  0.089 0.000   8.576 0.000 0.020 0.394  1.111 0.394
 15.208333  16.208333  0.302 0.000  16.07 0.000  1.28 0.000 9.999 0.259 0.32 0.000000 0.115 0.000  3.390 0.000   4.747 0.000   8.418 0.000  0.563 0.000   7.854 0.000 0.028 0.000  0.524 0.000
 18.208333  19.208333  0.421 0.000  10.28 0.000  2.19 0.000 9.999 0.259 0.13 0.000000 0.115 0.000  3.030 0.000   4.242 0.000   7.865 0.000 99.999 0.259   7.915 0.000 0.030 0.000  0.670 0.000
 21.208333  22.208333  0.890 0.559  32.58 0.000  2.20 0.000 9.999 0.259 9.99 0.259000 0.423 0.559  1.975 0.000   2.764 0.000  11.560 0.000  3.312 0.000   8.248 0.000 0.043 0.000  0.684 0.559
 24.208333  25.208333  0.768 0.000  24.59 0.000  1.52 0.000 0.048 0.000 0.19 0.000000 0.364 0.000  1.478 0.000   2.070 0.000   7.363 0.000  0.811 0.000   6.552 0.000 0.037 0.000  0.630 0.000
 27.208333  28.208333  0.635 0.559  18.25 0.000  1.40 0.000 9.999 0.259 0.22 0.000000 0.152 0.559  1.851 0.000   2.591 0.000   7.323 0.000  0.288 0.000   7.035 0.000 0.031 0.000  0.891 0.559
 30.208333  31.208333  0.386 0.559  16.17 0.000  2.05 0.000 9.999 0.259 0.21 0.000000 0.161 0.559  1.657 0.000   2.320 0.000   5.313 0.000  0.413 0.000   4.900 0.000 0.032 0.000  0.524 0.559
 33.208333  34.208333  0.203 0.000   1.93 0.000  0.63 0.000 9.999 0.259 0.12 0.000000 0.021 0.000  0.549 0.000   0.769 0.000   3.307 0.000  0.451 0.000   2.856 0.000 0.008 0.000  0.458 0.000
 36.208333  37.208333  0.064 0.000   3.86 0.000  0.38 0.000 9.999 0.259 0.17 0.000000 0.009 0.000  0.490 0.000   0.686 0.000   1.849 0.000  0.333 0.000   1.516 0.000 0.012 0.000  0.152 0.000
 39.208333  40.208333  0.491 0.000   9.59 0.000  1.30 0.000 0.068 0.000 0.08 0.000000 0.047 0.000  1.076 0.000   1.506 0.000   5.704 0.000  1.283 0.000   4.422 0.000 0.044 0.000  0.634 0.000
 42.208333  43.208333  0.478 0.000  13.94 0.000  1.86 0.000 0.021 0.000 0.29 0.000000 0.144 0.000  1.187 0.000   1.662 0.000   5.994 0.000  1.809 0.000   4.184 0.000 0.029 0.000  0.505 0.000
 45.208333  46.208333  1.247 0.559  39.33 0.000  3.60 0.000 9.999 0.259 0.21 0.000000 0.444 0.559  1.903 0.000   2.664 0.000  11.976 0.000  2.158 0.000   9.818 0.000 0.042 0.000  1.154 0.559
 48.208333  49.208333  1.140 0.559  86.26 0.000  6.94 0.000 0.031 0.000 0.42 0.000000 0.451 0.559  3.853 0.000   5.394 0.000  17.528 0.000  5.106 0.000  12.422 0.000 0.063 0.000  1.031 0.559
 51.208333  52.208333  0.912 0.559   9.14 0.000  0.61 0.000 9.999 0.259 0.15 0.000000 0.078 0.559  0.760 0.000   1.064 0.000   7.443 0.000  0.559 0.000   6.885 0.000 0.015 0.000  1.355 0.559
 54.208333  55.208333  0.725 0.559  19.94 0.000  3.05 0.000 9.999 0.259 9.99 0.259000 0.068 0.559  1.739 0.000   2.435 0.000  11.352 0.000  1.371 0.000   9.981 0.000 0.034 0.000  1.607 0.559
 57.208333  58.208333  0.321 0.000  19.31 0.000  2.76 0.000 9.999 0.259 0.19 0.000000 0.122 0.000  0.618 0.000   0.865 0.000   7.564 0.000  4.373 0.000   3.192 0.000 0.028 0.000  0.356 0.000
 60.208333  61.208333  0.310 0.559  19.49 0.000  1.37 0.000 9.999 0.259 9.99 0.259000 0.080 0.559  1.015 0.000   1.421 0.000   6.451 0.000  2.237 0.000   4.214 0.000 0.046 0.000  0.438 0.559
 63.208333  64.208333  0.284 0.000   6.40 0.000  0.59 0.000 9.999 0.259 9.99 0.259000 0.039 0.000  0.567 0.000   0.793 0.000   5.054 0.000  0.603 0.000   4.452 0.000 0.023 0.000  0.733 0.000
 66.208333  67.208333  0.652 0.000  16.42 0.000  1.25 0.000 9.999 0.259 9.99 0.259000 0.052 0.000  0.452 0.000   0.633 0.000   4.948 0.000  0.238 0.000   4.710 0.000 0.019 0.000  0.873 0.000
 69.208333  70.208333  0.814 0.559  32.41 0.000  2.83 0.000 9.999 0.259 0.18 0.000000 0.094 0.559  1.271 0.000   1.780 0.000  10.812 0.000  1.960 0.000   8.852 0.000 0.031 0.000  1.588 0.559
 72.208333  73.208333  1.288 0.559  32.79 0.000  3.21 0.000 0.060 0.000 0.10 0.000000 0.621 0.559  1.625 0.000   2.275 0.000  12.392 0.000  2.497 0.000   9.895 0.000 0.047 0.000  1.136 0.559
 75.208333  76.208333  0.307 0.559  14.37 0.000  1.94 0.000 9.999 0.259 9.99 0.259000 0.113 0.559  0.825 0.000   1.155 0.000   5.043 0.000  0.949 0.000   4.094 0.000 0.016 0.000  0.688 0.559
 78.208333  79.208333  0.646 0.559  35.46 0.000  4.38 0.000 0.117 0.000 0.20 0.000000 0.061 0.559  1.964 0.000   2.749 0.000  12.979 0.000  0.583 0.000  12.396 0.000 0.025 0.000  1.994 0.559
 81.208333  82.208333  0.404 0.000  24.10 0.000  4.10 0.000 9.999 0.259 0.20 0.000000 0.060 0.000  1.575 0.000   2.206 0.000   6.735 0.000  0.783 0.000   5.952 0.000 0.029 0.000  0.829 0.000
 84.208333  85.208333  1.115 0.000  59.20 0.000  2.94 0.000 9.999 0.259 9.99 0.259000 0.192 0.000  4.786 0.000   6.700 0.000  19.428 0.000  6.146 0.000  13.282 0.000 0.079 0.000  1.193 0.000
 87.208333  88.208333  0.960 0.000  22.91 0.000  3.69 0.000 9.999 0.259 9.99 0.259000 0.126 0.000  0.853 0.000   1.194 0.000   8.342 0.000  0.954 0.000   7.388 0.000 0.022 0.000  1.311 0.000
 90.208333  91.208333  0.296 0.000   5.55 0.000  0.47 0.000 9.999 0.259 0.09 0.000000 0.026 0.000  0.512 0.000   0.717 0.000   3.100 0.000  0.364 0.000   2.736 0.000 0.010 0.000  0.435 0.000
 93.208333  94.208333  0.333 0.000   9.96 0.000  4.80 0.000 9.999 0.259 0.12 0.000000 0.040 0.000  2.137 0.000   2.992 0.000   6.612 0.000  0.090 0.000   6.522 0.000 0.027 0.000  0.729 0.000
 96.208333  97.208333  0.469 0.000  32.57 0.000  3.77 0.000 0.075 0.000 9.99 0.259000 0.207 0.000  0.968 0.000   1.355 0.000   7.069 0.000  2.770 0.000   4.299 0.000 0.036 0.000  0.474 0.000
 99.208333 100.208333  1.980 0.000  44.33 0.000  3.85 0.000 9.999 0.259 0.12 0.000000 0.674 0.000  1.745 0.000   2.443 0.000  15.542 0.000  2.801 0.000  12.742 0.000 0.041 0.000  1.867 0.000
102.208333 103.208333  0.141 0.000   1.89 0.000  0.88 0.000 9.999 0.259 9.99 0.259000 0.020 0.000  0.210 0.000   0.294 0.000   2.067 0.000  0.308 0.000   1.758 0.000 0.005 0.000  0.271 0.000
105.208333 106.208333  0.986 0.000  52.71 0.000  4.04 0.000 9.999 0.259 0.19 0.000000 0.303 0.000  2.553 0.000   3.574 0.000  11.491 0.000  3.050 0.000   8.441 0.000 0.037 0.000  0.879 0.000
108.208333 109.208333  1.002 0.000  57.44 0.000  2.74 0.000 9.999 0.259 0.18 0.000000 0.063 0.000  2.229 0.000   3.121 0.000  14.382 0.000  3.995 0.000  10.387 0.000 0.073 0.000  1.186 0.000
111.208333 112.208333  1.013 0.559  76.34 0.000  2.33 0.000 9.999 0.259 0.17 0.000000 0.085 0.559  2.003 0.000   2.804 0.000  15.033 0.000  4.375 0.000  10.658 0.000 0.074 0.000  1.249 0.559
114.208333 115.208333  1.171 0.000  43.30 0.000  3.75 0.000 0.037 0.000 9.99 0.259000 0.093 0.000  1.062 0.000   1.487 0.000  11.834 0.000  2.160 0.000   9.675 0.000 0.033 0.000  1.679 0.000
117.208333 118.208333  0.821 0.559  34.22 0.000  1.90 0.000 9.999 0.259 9.99 0.259000 0.198 0.559  0.891 0.000   1.248 0.000   9.755 0.000  4.104 0.000   5.652 0.000 0.034 0.000  0.844 0.559
120.208333 121.208333  1.249 0.559  46.99 0.000  2.15 0.000 9.999 0.259 0.15 0.000000 0.091 0.559  1.989 0.000   2.784 0.000  16.095 0.000  4.459 0.000  11.636 0.000 0.053 0.000  1.510 0.559
123.208333 124.208333  0.557 0.000  15.11 0.000  1.38 0.000 9.999 0.259 0.19 0.000000 0.030 0.000  1.578 0.000   2.208 0.000   9.053 0.000  0.612 0.000   8.441 0.000 0.012 0.000  1.268 0.000
126.208333 127.208333  1.070 0.000  36.88 0.000  2.31 0.000 9.999 0.259 9.99 0.259000 0.111 0.000  1.371 0.000   1.919 0.000  13.358 0.000  4.797 0.000   8.561 0.000 0.032 0.000  1.233 0.000
129.208333 130.208333  1.546 0.000  72.74 0.000  2.67 0.000 9.999 0.259 0.16 0.000000 0.045 0.000  2.421 0.000   3.390 0.000  20.384 0.000  4.430 0.000  15.954 0.000 0.068 0.000  2.265 0.000
132.208333 133.208333  1.563 0.000  55.10 0.000  1.59 0.000 9.999 0.259 9.99 0.259000 0.040 0.000  2.440 0.000   3.415 0.000  19.087 0.000  3.350 0.000  15.737 0.000 0.052 0.000  2.226 0.000
135.208333 136.208333  0.733 0.000  53.68 0.000  1.01 0.000 9.999 0.259 0.15 0.000000 0.095 0.000  1.632 0.000   2.285 0.000  16.108 0.000  7.029 0.000   9.079 0.000 0.059 0.000  1.235 0.000
138.208333 139.208333  0.852 0.000  32.12 0.000  1.19 0.000 0.088 0.000 0.27 0.000000 0.076 0.000  1.357 0.000   1.901 0.000  17.482 0.000  7.621 0.000   9.861 0.000 0.041 0.000  1.520 0.000
141.208333 142.208333  0.526 0.000  16.99 0.000  0.79 0.000 0.080 0.000 0.21 0.000000 0.049 0.000  1.204 0.000   1.685 0.000  15.114 0.000  6.607 0.000   8.508 0.000 0.033 0.000  1.336 0.000
144.208333 145.208333  1.363 0.000  33.40 0.000  0.87 0.000 9.999 0.259 0.31 0.000000 0.065 0.000  2.062 0.000   2.887 0.000  23.203 0.000  8.495 0.000  14.708 0.000 0.047 0.000  2.181 0.000
147.208333 148.208333  0.460 0.000  15.56 0.000  0.85 0.000 9.999 0.259 0.14 0.000000 0.036 0.000  1.242 0.000   1.739 0.000   8.136 0.000  1.859 0.000   6.277 0.000 0.031 0.000  0.940 0.000
150.208333 151.208333  1.321 0.559  28.52 0.000  2.33 0.000 9.999 0.259 0.15 0.000000 0.026 0.559  1.651 0.000   2.311 0.000  13.067 0.000  1.513 0.000  11.554 0.000 0.041 0.000  1.721 0.559
153.208333 154.208333  0.492 0.559  26.58 0.000  1.45 0.000 9.999 0.259 0.14 0.000000 0.020 0.559  0.882 0.000   1.236 0.000   8.864 0.000  3.814 0.000   5.051 0.000 0.032 0.000  0.678 0.559
156.208333 157.208333  0.363 0.000   6.26 0.000  1.59 0.000 9.999 0.259 0.29 0.000000 0.033 0.000  0.574 0.000   0.803 0.000   4.616 0.000  0.227 0.000   4.389 0.000 0.008 0.000  0.781 0.000
159.208333 160.208333  2.209 0.000  42.11 0.000  2.89 0.000 9.999 0.259 0.15 0.000000 0.024 0.000  2.297 0.000   3.216 0.000  25.641 0.000  2.072 0.000  23.569 0.000 0.063 0.000  4.147 0.000
162.208333 163.208333  0.638 0.000  52.02 0.000  0.41 0.000 9.999 0.259 0.13 0.000000 0.029 0.000  1.783 0.000   2.496 0.000   9.355 0.000 99.999 0.259   9.364 0.000 0.060 0.000  1.592 0.000
165.208333 166.208333  1.119 0.559  34.96 0.000  1.55 0.000 9.999 0.259 0.21 0.000000 0.032 0.559  2.007 0.000   2.810 0.000  15.107 0.000  0.524 0.000  14.583 0.000 0.064 0.000  2.242 0.559
168.208333 169.208333  0.749 0.000  47.30 0.000  1.36 0.000 9.999 0.259 0.14 0.000000 0.046 0.000  1.526 0.000   2.136 0.000  14.624 0.000  1.619 0.000  13.006 0.000 0.041 0.000  2.166 0.000
171.208333 172.208333  0.166 0.000  15.25 0.000  1.85 0.000 0.079 0.000 9.99 0.259000 0.030 0.000  0.609 0.000   0.853 0.000   3.636 0.000  1.200 0.000   2.435 0.000 0.019 0.000  0.252 0.000
174.208333 175.208333  1.096 0.000  29.49 0.000  2.98 0.000 9.999 0.259 9.99 0.259000 0.086 0.000  1.577 0.000   2.208 0.000  13.437 0.000  3.503 0.000   9.934 0.000 0.047 0.000  1.538 0.000
177.208333 178.208333  1.124 0.000  31.66 0.000  2.10 0.000 9.999 0.259 0.22 0.000000 0.029 0.000  1.350 0.000   1.889 0.000  13.562 0.000  1.675 0.000  11.887 0.000 0.034 0.000  2.064 0.000
180.208333 181.208333  0.959 0.000  25.41 0.000  1.58 0.000 9.999 0.259 0.42 0.000000 0.032 0.000  0.882 0.000   1.235 0.000  10.031 0.000  0.309 0.000   9.722 0.000 0.030 0.000  1.617 0.000
183.208333 184.208333  2.886 0.000  39.43 0.000  1.53 0.000 0.400 0.000 9.99 0.259000 0.022 0.000  1.705 0.000   2.386 0.000  35.253 0.000  1.441 0.000  33.812 0.000 0.045 0.000  6.490 0.000
186.208333 187.208333  1.270 0.000  28.69 0.000  1.81 0.000 9.999 0.259 9.99 0.259000 0.029 0.000  1.488 0.000   2.083 0.000  16.789 0.000  1.809 0.000  14.981 0.000 0.121 0.000  2.715 0.000
189.208333 190.208333  1.090 0.000  16.11 0.000  1.81 0.000 9.999 0.259 9.99 0.259000 0.019 0.000  1.063 0.000   1.488 0.000  14.579 0.000  2.321 0.000  12.258 0.000 0.022 0.000  2.203 0.000
192.208333 193.208333  1.034 0.000  25.38 0.000  1.62 0.000 0.255 0.000 0.11 0.000000 0.017 0.000  1.039 0.000   1.454 0.000  15.432 0.000  0.366 0.000  15.066 0.000 0.028 0.000  2.658 0.000
195.208333 196.208333  1.205 0.000  34.05 0.000  2.04 0.000 0.142 0.000 0.14 0.000000 0.028 0.000  1.753 0.000   2.454 0.000  16.244 0.000  3.487 0.000  12.757 0.000 0.035 0.000  2.001 0.000
198.208333 199.208333  1.190 0.000  17.64 0.000  0.78 0.000 9.999 0.259 9.99 0.259000 0.026 0.000  7.825 0.000  10.955 0.000  28.227 0.000  4.866 0.000  23.361 0.000 0.116 0.000  1.746 0.000
201.208333 202.208333  1.513 0.000  20.80 0.000  2.08 0.000 9.999 0.259 9.99 0.259000 0.025 0.000  3.128 0.000   4.379 0.000  22.181 0.000  1.136 0.000  21.046 0.000 0.070 0.000  3.020 0.000
204.208333 205.208333  0.774 0.000  16.88 0.000  1.37 0.000 0.172 0.000 0.10 0.000000 0.049 0.000  0.962 0.000   1.347 0.000  11.830 0.000  0.461 0.000  11.369 0.000 0.018 0.000  1.915 0.000
207.208333 208.208333  0.244 0.000   2.99 0.000  0.58 0.000 0.109 0.000 0.31 0.000000 0.015 0.000  0.501 0.000   0.702 0.000   4.183 0.000  0.966 0.000   3.217 0.000 0.010 0.000  0.495 0.000
210.208333 211.208333  1.699 0.000  13.92 0.000  0.96 0.000 9.999 0.259 9.99 0.259000 0.021 0.000  1.455 0.000   2.037 0.000  21.199 0.000  1.700 0.000  19.499 0.000 0.023 0.000  3.567 0.000
213.208333 214.208333  0.745 0.000  12.31 0.000  0.47 0.000 9.999 0.259 9.99 0.259000 0.014 0.000  1.092 0.000   1.529 0.000  15.310 0.000  0.763 0.000  14.547 0.000 0.024 0.000  2.563 0.000
216.208333 217.208333  1.957 0.000  29.15 0.000  1.45 0.000 9.999 0.259 9.99 0.259000 0.023 0.000  1.710 0.000   2.395 0.000  27.083 0.000  0.943 0.000  26.140 0.000 0.043 0.000  4.668 0.000
219.208333 220.208333  0.649 0.000  23.18 0.000  1.72 0.000 9.999 0.259 0.20 0.000000 0.032 0.000  1.264 0.000   1.770 0.000  10.150 0.000  1.492 0.000   8.658 0.000 0.024 0.000  1.361 0.000
222.208333 223.208333  1.738 0.000  27.86 0.000  1.19 0.000 9.999 0.259 9.99 0.259000 0.018 0.000  2.402 0.000   3.363 0.000  28.306 0.000  3.227 0.000  25.079 0.000 0.040 0.000  3.991 0.000
225.208333 226.208333  0.501 0.000  11.05 0.000  2.01 0.000 9.999 0.259 9.99 0.259000 0.016 0.000  0.769 0.000   1.077 0.000  10.457 0.000  0.735 0.000   9.722 0.000 0.014 0.000  1.700 0.000
228.208333 229.208333  1.506 0.000  63.90 0.000  2.03 0.000 9.999 0.259 9.99 0.259000 0.016 0.000  1.317 0.000   1.844 0.000  32.108 0.000  0.918 0.000  31.190 0.000 0.031 0.000  5.496 0.000
231.208333 232.208333  1.649 0.000  33.27 0.000  1.34 0.000 9.999 0.259 0.09 0.000000 0.021 0.000  3.029 0.000   4.241 0.000  21.487 0.000  3.673 0.000  17.814 0.000 0.072 0.000  2.659 0.000
234.208333 235.208333  0.963 0.000  87.15 0.000  1.87 0.000 9.999 0.259 9.99 0.259000 0.026 0.000  2.063 0.000   2.888 0.000  13.399 0.000  1.542 0.000  11.857 0.000 0.050 0.000  1.859 0.000
237.208333 238.208333  2.334 0.000  29.05 0.000  1.83 0.000 9.999 0.259 0.30 0.000000 0.019 0.000  3.775 0.000   5.285 0.000  25.707 0.000  2.367 0.000  23.339 0.000 0.055 0.000  3.966 0.000
240.208333 241.208333  1.464 0.000  67.89 0.000  1.84 0.000 9.999 0.259 0.27 0.000000 0.023 0.000  1.692 0.000   2.369 0.000  24.894 0.000  2.853 0.000  22.041 0.000 0.049 0.000  4.008 0.000
243.208333 244.208333  0.586 0.000  27.25 0.000  2.04 0.000 9.999 0.259 0.15 0.000000 0.019 0.000  0.539 0.000   0.755 0.000  10.597 0.000  0.964 0.000   9.634 0.000 0.012 0.000  1.846 0.000
246.208333 247.208333  1.413 0.000  24.04 0.000  0.97 0.000 9.999 0.259 0.48 0.000000 0.042 0.000  1.776 0.000   2.487 0.000  16.422 0.000  3.273 0.000  13.148 0.000 0.021 0.000  2.166 0.000
