scripts/IMPROVE-2019_partial/data/US0024R.20050101080000.20191216000000.filterpack..pm25.52w.1w.US03L_filterpack_US0024.US03L_IMPROVE_Davis.lev2.nas
66 1001
MISSING INFORMATION
US03L, IMPROVE, , , , , , , 
MISSING INFORMATION
IMPROVE sel_HTAP
1 1
2005 01 01 2019 12 16
3.000000
days from file reference point
27
1 1 1 1 1 1 1 1 1 1 1 1 1 1 1 1 1 1 1 1 1 1 1 1 1 1 1
999.999999 9999.99 9.999 99.99 9.999 9.999 9.999 9.99 9.999 9.999 9.999 99.999 9.999 99.999 9.999 99.99 9.999 999.999 9.999 999.999 9.999 999.999 9.999 9.999 9.999 9.999 9.999999
end_time of measurement, days from the file reference point
iron, ng/m3, Revision date=20181210133000
numflag iron, no unit, Revision date=20181210133000
lead, ng/m3, Revision date=20181210133000
numflag lead, no unit, Revision date=20181210133000
magnesium, ug/m3, Revision date=20181210133000
numflag magnesium, no unit, Revision date=20181210133000
nickel, ng/m3, Revision date=20181210133000
numflag nickel, no unit, Revision date=20181210133000
nitrate, ug N/m3, Revision date=20181210133000
numflag nitrate, no unit, Revision date=20181210133000
organic_carbon, ug C/m3, Revision date=20181210133000
numflag organic_carbon, no unit, Revision date=20181210133000
organic_mass, ug/m3, Revision date=20181210133000
numflag organic_mass, no unit, Revision date=20181210133000
phosphorus, ng/m3, Revision date=20181210133000
numflag phosphorus, no unit, Revision date=20181210133000
pm10_mass, ug/m3, Version=2, Version description=Data extracted from http://views.cira.colostate.edu/fed/DataWizard 2019-12-16, Sample duration=1d, Orig. time res.=3d, Matrix=pm10, Blank correction=Blank corrected, Volume std. temperature=ambient, Volume std. pressure=ambient
numflag pm10_mass, no unit, Version=2, Version description=Data extracted from http://views.cira.colostate.edu/fed/DataWizard 2019-12-16, Sample duration=1d, Orig. time res.=3d, Matrix=pm10, Blank correction=Blank corrected, Volume std. temperature=ambient, Volume std. pressure=ambient
pm10_pm25_mass, ug/m3, Revision date=20181210133000, Matrix=pm10_pm25
numflag pm10_pm25_mass, no unit, Revision date=20181210133000, Matrix=pm10_pm25
pm25_mass, ug/m3, Version=2, Version description=Data extracted from http://views.cira.colostate.edu/fed/DataWizard 2019-12-16, Sample duration=1d, Orig. time res.=3d, Blank correction=Blank corrected, Volume std. temperature=ambient, Volume std. pressure=ambient
numflag pm25_mass, no unit, Version=2, Version description=Data extracted from http://views.cira.colostate.edu/fed/DataWizard 2019-12-16, Sample duration=1d, Orig. time res.=3d, Blank correction=Blank corrected, Volume std. temperature=ambient, Volume std. pressure=ambient
potassium, ug/m3, Revision date=20181210133000
numflag potassium, no unit, Revision date=20181210133000
sulphate_total, ug S/m3, Revision date=20181210133000
numflag sulphate_total, no unit, Revision date=20181210133000
0
25
Data definition:              EBAS_1.1
Set type code:                TU
Timezone:                     UTC
File name:                    US0024R.20050101080000.20191216000000.filterpack..pm25.52w.1w.US03L_filterpack_US0024.US03L_IMPROVE_Davis.lev2.nas
File creation:                20191218115701
Startdate:                    20050101080000
Revision date:                20191216000000
Statistics:                   arithmetic mean
Data level:                   2
Period code:                  52w
Resolution code:              1w
Station code:                 US0024R
Platform code:                US0024S
Station name:                 Kaiser
Station latitude:             37.2207
Station longitude:            -119.1546
Station altitude:             2597.0 m
Regime:                       IMG
Component:                    
Matrix:                       pm25
Laboratory code:              US03L
Instrument type:              filterpack
Instrument name:              filterpack_US0024
Method ref:                   US03L_IMPROVE_Davis
starttime endtime Fe flag_Fe Pb flag_Pb Mg++ flag_Mg++ Ni flag_Ni NO3- flag_NO3- OC flag_OC OM flag_OM P flag_P PM10 flag_PM10 PM10-PM2.5 flag_PM10-PM2.5 PM2.5 flag_PM2.5 K+ flag_K+ SO4-- flag_SO4--
  0.333333   1.333333    0.86 0.000  0.17 0.000 9.999 0.259 0.15 0.000 0.011 0.000  0.123 0.000  0.222 0.000 99.99 0.259   0.338 0.000 999.999 0.259   0.364 0.000 0.002 0.000 0.030 0.000000
  3.333333   4.333333    1.39 0.000 99.99 0.259 9.999 0.259 0.15 0.000 0.005 0.000  0.048 0.000  0.086 0.000 99.99 0.259   0.088 0.000 999.999 0.259   0.190 0.000 0.001 0.000 0.012 0.000000
  6.333333   7.333333    7.49 0.000  0.54 0.000 9.999 0.259 9.99 0.259 0.009 0.000  0.093 0.000  0.168 0.000 99.99 0.259   3.619 0.000   3.171 0.000   0.449 0.000 0.007 0.000 0.034 0.000000
  9.333333  10.333333    1.32 0.000  0.39 0.000 9.999 0.259 9.99 0.259 0.006 0.000 99.999 0.259 99.999 0.259 99.99 0.259   0.291 0.000   0.172 0.000   0.119 0.000 0.001 0.000 0.014 0.000000
 12.333333  13.333333    3.62 0.000 99.99 0.259 9.999 0.259 0.11 0.000 0.006 0.000 99.999 0.259 99.999 0.259 99.99 0.259   0.580 0.000   0.285 0.000   0.294 0.000 0.003 0.000 0.024 0.000000
 15.333333  16.333333    2.80 0.000  0.16 0.000 9.999 0.259 0.24 0.000 0.004 0.000  0.198 0.000  0.357 0.000 99.99 0.259   0.579 0.000   0.226 0.000   0.353 0.000 0.005 0.000 0.032 0.000000
 18.333333  19.333333    6.65 0.000 99.99 0.259 9.999 0.259 9.99 0.259 0.006 0.000  0.296 0.000  0.533 0.000 99.99 0.259  15.558 0.000  15.086 0.000   0.472 0.000 0.025 0.000 0.049 0.000000
 21.333333  22.333333    3.20 0.000  0.28 0.000 9.999 0.259 0.16 0.000 0.004 0.000  0.291 0.000  0.525 0.000 99.99 0.259   2.219 0.000   1.686 0.000   0.532 0.000 0.007 0.000 0.021 0.000000
 24.333333  25.333333 9999.99 0.456 99.99 0.456 9.999 0.456 9.99 0.456 9.999 0.456 99.999 0.456 99.999 0.456 99.99 0.456 999.999 0.456 999.999 0.456 999.999 0.456 9.999 0.456 9.999 0.456000
 27.333333  28.333333    0.15 0.000  0.22 0.000 0.018 0.000 9.99 0.259 9.999 0.259  0.008 0.000  0.015 0.000 99.99 0.259   0.041 0.000   0.041 0.000 999.999 0.259 9.999 0.259 9.999 0.259000
 30.333333  31.333333    4.49 0.000 99.99 0.259 9.999 0.259 0.46 0.000 9.999 0.259  0.031 0.000  0.056 0.000 99.99 0.259   0.081 0.000 999.999 0.259   0.179 0.000 0.007 0.000 9.999 0.259000
 33.333333  34.333333    3.81 0.000  0.29 0.000 9.999 0.259 0.16 0.000 0.002 0.000  0.073 0.000  0.132 0.000 99.99 0.259   1.155 0.000   0.742 0.000   0.414 0.000 0.005 0.000 0.024 0.000000
 36.333333  37.333333   17.46 0.000  1.23 0.000 9.999 0.259 0.10 0.000 0.656 0.000  0.761 0.000  1.369 0.000 99.99 0.259   7.382 0.000   0.835 0.000   6.546 0.000 0.014 0.000 0.189 0.000000
 39.333333  40.333333   17.61 0.000  0.58 0.000 9.999 0.259 0.16 0.000 0.091 0.000  0.423 0.559  0.762 0.559 99.99 0.259   4.046 0.000   1.902 0.000   2.144 0.000 0.012 0.000 0.119 0.000000
 42.333333  43.333333    3.14 0.000 99.99 0.259 9.999 0.259 0.14 0.000 0.003 0.000  0.063 0.559  0.114 0.559 99.99 0.259   0.990 0.000   0.722 0.000   0.268 0.000 0.002 0.000 0.010 0.000000
 45.333333  46.333333    0.46 0.000 99.99 0.259 9.999 0.259 9.99 0.259 0.000 0.000  0.008 0.559  0.014 0.559 99.99 0.259   0.293 0.000   0.113 0.000   0.181 0.000 0.001 0.000 9.999 0.259000
 48.333333  49.333333    3.36 0.000  0.27 0.000 9.999 0.259 0.27 0.000 0.011 0.000  0.045 0.559  0.082 0.559 99.99 0.259   1.203 0.000   0.692 0.000   0.511 0.000 0.004 0.000 0.031 0.000000
 51.333333  52.333333    2.89 0.000 99.99 0.259 9.999 0.259 9.99 0.259 0.001 0.000  0.006 0.559  0.011 0.559 99.99 0.259   0.457 0.000   0.338 0.000   0.119 0.000 0.002 0.000 0.004 0.000000
 54.333333  55.333333 9999.99 0.456 99.99 0.456 9.999 0.456 9.99 0.456 9.999 0.456 99.999 0.456 99.999 0.456 99.99 0.456 999.999 0.456 999.999 0.456 999.999 0.456 9.999 0.456 9.999 0.456000
 57.333333  58.333333 9999.99 0.456 99.99 0.456 9.999 0.456 9.99 0.456 9.999 0.456 99.999 0.456 99.999 0.456 99.99 0.456 999.999 0.456 999.999 0.456 999.999 0.456 9.999 0.456 9.999 0.456000
 60.333333  61.333333   11.02 0.000  0.49 0.000 9.999 0.259 9.99 0.259 0.069 0.000  0.435 0.559  0.783 0.559 99.99 0.259   1.659 0.000   0.683 0.000   0.976 0.000 0.013 0.000 0.106 0.000000
 63.333333  64.333333   14.10 0.000  0.59 0.000 0.012 0.000 9.99 0.259 0.010 0.000  0.125 0.559  0.226 0.559 99.99 0.259   1.152 0.000   0.352 0.000   0.800 0.000 0.011 0.000 0.092 0.000000
 66.333333  67.333333   15.25 0.000  0.70 0.000 9.999 0.259 9.99 0.259 9.999 0.999 99.999 0.999 99.999 0.999 99.99 0.259   1.676 0.000   0.577 0.000   1.115 0.000 0.024 0.000 9.999 0.999000
 69.333333  70.333333   19.35 0.000  0.78 0.000 9.999 0.259 9.99 0.259 0.010 0.000  0.348 0.559  0.626 0.559 99.99 0.259   2.417 0.000   1.091 0.000   1.327 0.000 0.024 0.000 0.106 0.000000
 72.333333  73.333333   47.85 0.000  2.09 0.000 9.999 0.259 0.03 0.000 0.015 0.000  0.275 0.559  0.496 0.559 99.99 0.259   4.393 0.000   2.275 0.000   2.118 0.000 0.042 0.000 0.234 0.000000
 75.333333  76.333333   58.17 0.000  2.08 0.000 0.012 0.000 9.99 0.259 0.045 0.000  0.403 0.559  0.726 0.559 99.99 0.259   4.093 0.000   1.382 0.000   2.711 0.000 0.045 0.000 0.265 0.000000
 78.333333  79.333333    4.92 0.000  0.36 0.000 9.999 0.259 9.99 0.259 0.012 0.000  0.045 0.559  0.080 0.559 99.99 0.259   0.456 0.000   0.248 0.000   0.208 0.000 0.005 0.000 0.041 0.000000
 81.333333  82.333333    1.75 0.000  0.58 0.000 9.999 0.259 9.99 0.259 0.026 0.000  0.329 0.000  0.591 0.000 99.99 0.259   0.333 0.000   0.154 0.000   0.179 0.000 0.002 0.000 0.019 0.000000
 84.333333  85.333333    9.93 0.000  0.37 0.000 9.999 0.259 9.99 0.259 0.004 0.000  0.142 0.000  0.255 0.000 99.99 0.259   0.863 0.000   0.390 0.000   0.473 0.000 0.008 0.000 0.039 0.000000
 87.333333  88.333333   11.16 0.000  0.49 0.000 0.008 0.000 9.99 0.259 0.007 0.000  0.093 0.000  0.168 0.000 99.99 0.259   0.833 0.000   0.211 0.000   0.622 0.000 0.008 0.000 0.076 0.000000
 90.333333  91.333333   32.47 0.000  0.96 0.000 9.999 0.259 0.08 0.000 0.015 0.000  0.245 0.000  0.442 0.000 99.99 0.259   2.335 0.000   0.805 0.000   1.530 0.000 0.018 0.000 0.133 0.000000
 93.333333  94.333333 9999.99 0.999 99.99 0.999 9.999 0.999 9.99 0.999 9.999 0.999 99.999 0.999 99.999 0.999 99.99 0.999 999.999 0.999 999.999 0.999 999.999 0.999 9.999 0.999 9.999 0.999000
 96.333333  97.333333   50.72 0.000  2.23 0.000 0.009 0.000 0.07 0.000 0.271 0.000  0.416 0.000  0.749 0.000 99.99 0.259  13.438 0.000   9.421 0.000   4.018 0.000 0.040 0.000 0.319 0.000000
 99.333333 100.333333  181.12 0.000  2.05 0.000 0.075 0.000 9.99 0.259 0.053 0.000  0.303 0.000  0.546 0.000 99.99 0.259  13.531 0.000   8.506 0.000   5.023 0.000 0.111 0.000 0.263 0.000000
102.333333 103.333333  108.38 0.000  2.29 0.000 0.032 0.000 9.99 0.259 0.267 0.000  0.718 0.000  1.293 0.000 99.99 0.259  15.693 0.000   9.492 0.000   6.199 0.000 0.077 0.000 0.488 0.000000
105.333333 106.333333   76.60 0.000  1.50 0.000 0.027 0.000 0.11 0.000 0.065 0.000  0.927 0.000  1.669 0.000 99.99 0.259   7.407 0.000   2.776 0.000   4.630 0.000 0.056 0.000 0.302 0.000000
108.333333 109.333333   29.95 0.000  0.69 0.000 9.999 0.259 9.99 0.259 0.110 0.000  0.442 0.000  0.796 0.000 99.99 0.259   5.003 0.000   3.061 0.000   2.000 0.000 0.021 0.000 0.155 0.000000
111.333333 112.333333   65.46 0.000  0.83 0.000 9.999 0.259 0.13 0.000 0.234 0.000  0.482 0.000  0.868 0.000 99.99 0.259   8.018 0.000   4.499 0.000   3.518 0.000 0.037 0.000 0.197 0.000000
114.333333 115.333333   33.81 0.000  0.73 0.000 9.999 0.259 9.99 0.259 0.048 0.000  0.521 0.000  0.938 0.000 99.99 0.259   3.501 0.000   1.192 0.000   2.309 0.000 0.024 0.000 0.228 0.000000
117.333333 118.333333    7.18 0.000 99.99 0.259 0.006 0.000 0.11 0.000 0.039 0.000  0.388 0.000  0.699 0.000  5.78 0.000   2.476 0.000   1.788 0.000   0.688 0.000 0.005 0.000 0.072 0.000000
120.333333 121.333333   21.51 0.000  0.95 0.000 9.999 0.259 9.99 0.259 0.162 0.000  0.603 0.000  1.085 0.000 99.99 0.259   3.756 0.000   0.842 0.000   2.914 0.000 0.015 0.000 0.267 0.000000
123.333333 124.333333   55.63 0.000  1.73 0.000 9.999 0.259 0.19 0.000 0.062 0.000  0.393 0.000  0.707 0.000 99.99 0.259 999.999 0.456   3.330 0.000   3.495 0.000 0.034 0.000 0.358 0.000000
126.333333 127.333333   23.23 0.000  1.00 0.000 9.999 0.259 9.99 0.259 0.047 0.000  0.567 0.000  1.021 0.000 99.99 0.259 999.999 0.456   3.330 0.000   1.996 0.000 0.022 0.000 0.217 0.000000
129.333333 130.333333   15.94 0.000  0.63 0.000 0.015 0.000 9.99 0.259 0.015 0.000  0.304 0.000  0.547 0.000 99.99 0.259 999.999 0.456   3.330 0.000   1.169 0.000 0.013 0.000 0.143 0.000000
132.333333 133.333333   29.67 0.000  0.76 0.000 9.999 0.259 9.99 0.259 0.049 0.000  0.723 0.000  1.302 0.000 99.99 0.259   4.951 0.000   2.024 0.000   2.927 0.000 0.019 0.000 0.206 0.000000
135.333333 136.333333   21.29 0.000  1.04 0.000 9.999 0.259 0.23 0.000 0.066 0.000  0.381 0.000  0.685 0.000 99.99 0.259   3.364 0.000   1.085 0.000   2.279 0.000 0.020 0.000 0.292 0.000000
138.333333 139.333333   10.33 0.000  0.41 0.000 9.999 0.259 9.99 0.259 0.010 0.000  0.333 0.000  0.599 0.000 99.99 0.259   1.561 0.000   0.560 0.000   1.001 0.000 0.010 0.000 0.080 0.000000
141.333333 142.333333   15.85 0.000  0.74 0.000 9.999 0.259 0.14 0.000 0.012 0.000  0.442 0.000  0.796 0.000 99.99 0.259   2.545 0.000   0.769 0.000   1.776 0.000 0.013 0.000 0.156 0.000000
144.333333 145.333333   31.46 0.000  0.91 0.000 9.999 0.259 9.99 0.259 0.047 0.000  1.622 0.000  2.920 0.000 99.99 0.259   7.398 0.000   2.893 0.000   4.504 0.000 0.023 0.000 0.277 0.000000
147.333333 148.333333   54.99 0.000  1.21 0.000 0.009 0.000 9.99 0.259 0.249 0.000  1.947 0.000  3.505 0.000 99.99 0.259  11.957 0.000   4.611 0.000   7.345 0.000 0.037 0.000 0.547 0.000000
150.333333 151.333333   24.77 0.000  0.57 0.000 9.999 0.259 9.99 0.259 0.045 0.000  2.008 0.000  3.615 0.000 99.99 0.259   7.181 0.000   2.355 0.000   4.856 0.000 0.029 0.000 0.257 0.000000
153.333333 154.333333   46.06 0.000  1.13 0.000 9.999 0.259 9.99 0.259 0.159 0.000  1.585 0.000  2.853 0.000 99.99 0.259  10.809 0.000   5.476 0.000   5.332 0.000 0.033 0.000 0.330 0.000000
156.333333 157.333333   22.34 0.000  0.63 0.000 0.014 0.000 0.22 0.000 0.124 0.000  1.936 0.000  3.485 0.000 99.99 0.259   7.366 0.000   2.214 0.000   5.151 0.000 0.037 0.000 0.267 0.000000
159.333333 160.333333    9.30 0.000  0.25 0.000 9.999 0.259 9.99 0.259 0.025 0.000  0.442 0.000  0.796 0.000 99.99 0.259   2.546 0.000   1.297 0.000   1.249 0.000 0.008 0.000 0.085 0.000000
162.333333 163.333333   22.96 0.000  0.60 0.000 9.999 0.259 9.99 0.259 0.058 0.000  1.263 0.000  2.274 0.000 99.99 0.259   6.602 0.000   1.835 0.000   4.766 0.000 0.019 0.000 0.424 0.000000
165.333333 166.333333   48.49 0.000  0.60 0.000 0.011 0.000 0.13 0.000 0.287 0.000  1.754 0.000  3.157 0.000 99.99 0.259  15.911 0.000   8.252 0.000   7.657 0.000 0.046 0.000 0.571 0.000000
168.333333 169.333333   12.99 0.000  0.45 0.000 0.007 0.000 9.99 0.259 0.223 0.000  0.770 0.000  1.386 0.000 99.99 0.259   5.654 0.000   2.134 0.000   3.519 0.000 0.021 0.000 0.304 0.000000
171.333333 172.333333   30.71 0.000  0.56 0.000 9.999 0.259 0.12 0.000 0.023 0.000  1.291 0.000  2.325 0.000 99.99 0.259   9.612 0.000   5.658 0.000   3.953 0.000 0.029 0.000 0.481 0.000000
174.333333 175.333333   40.20 0.000  0.64 0.000 9.999 0.259 0.12 0.000 0.312 0.000  1.380 0.000  2.484 0.000 99.99 0.259  15.429 0.000   8.879 0.000   6.549 0.000 0.031 0.000 0.605 0.000000
177.333333 178.333333   33.88 0.000  0.40 0.000 9.999 0.259 9.99 0.259 0.203 0.000  1.836 0.000  3.306 0.000 99.99 0.259  12.030 0.000   4.644 0.000   7.384 0.000 0.034 0.000 0.600 0.000000
180.333333 181.333333   42.45 0.000  0.54 0.000 9.999 0.259 9.99 0.259 0.031 0.000  2.070 0.000  3.725 0.000 99.99 0.259  12.382 0.000   5.591 0.000   6.790 0.000 0.034 0.000 0.474 0.000000
183.333333 184.333333   32.75 0.000  0.75 0.000 9.999 0.259 9.99 0.259 0.058 0.000  1.978 0.000  3.561 0.000 99.99 0.259   9.646 0.000   3.613 0.000   6.032 0.000 0.072 0.000 0.348 0.000000
186.333333 187.333333   60.29 0.000  1.86 0.000 9.999 0.259 0.06 0.000 0.290 0.000  2.879 0.000  5.181 0.000 99.99 0.259  18.923 0.000   7.747 0.000  11.175 0.000 0.259 0.000 0.702 0.000000
189.333333 190.333333   30.39 0.000  0.29 0.000 9.999 0.259 9.99 0.259 0.043 0.000  0.803 0.000  1.445 0.000 99.99 0.259   6.654 0.000   3.309 0.000   3.344 0.000 0.020 0.000 0.273 0.000000
192.333333 193.333333   55.40 0.000  0.70 0.000 9.999 0.259 0.08 0.000 0.076 0.000  1.910 0.000  3.437 0.000 99.99 0.259  14.212 0.000   6.967 0.000   7.257 0.000 0.038 0.000 0.550 0.000000
195.333333 196.333333   41.55 0.000  0.54 0.000 9.999 0.259 9.99 0.259 0.019 0.000  1.536 0.000  2.765 0.000 99.99 0.259  12.666 0.000   7.528 0.000   5.137 0.000 0.031 0.000 0.333 0.000000
198.333333 199.333333   70.58 0.000  0.96 0.000 9.999 0.259 0.10 0.000 0.092 0.000  3.043 0.000  5.477 0.000 99.99 0.259  17.827 0.000   6.769 0.000  11.056 0.000 0.045 0.000 0.782 0.000000
201.333333 202.333333  105.74 0.000  1.21 0.000 9.999 0.259 0.11 0.000 0.214 0.000  2.530 0.000  4.553 0.000 99.99 0.259  24.074 0.000  13.367 0.000  10.705 0.000 0.090 0.000 0.739 0.000000
204.333333 205.333333   41.59 0.000  0.55 0.000 9.999 0.259 9.99 0.259 0.078 0.000  1.933 0.000  3.480 0.000 99.99 0.259  11.572 0.000   5.083 0.000   6.488 0.000 0.036 0.000 0.428 0.000000
207.333333 208.333333   85.48 0.000  0.62 0.000 9.999 0.259 0.05 0.000 0.073 0.000  1.959 0.000  3.526 0.000 99.99 0.259  19.503 0.000  12.057 0.000   7.445 0.000 0.060 0.000 0.424 0.000000
210.333333 211.333333   42.36 0.000  0.62 0.000 9.999 0.259 9.99 0.259 0.093 0.000  1.341 0.000  2.413 0.000 99.99 0.259  10.562 0.000   5.896 0.000   4.666 0.000 0.029 0.000 0.360 0.000000
213.333333 214.333333   32.36 0.000  0.54 0.000 9.999 0.259 9.99 0.259 0.033 0.000  1.199 0.000  2.159 0.000 99.99 0.259  10.041 0.000   6.317 0.000   3.812 0.000 0.031 0.000 0.264 0.000000
216.333333 217.333333   83.47 0.000  0.51 0.000 0.010 0.000 9.99 0.259 0.022 0.000  1.037 0.000  1.867 0.000 99.99 0.259  10.549 0.000   5.766 0.000   4.782 0.000 0.042 0.000 0.341 0.000000
219.333333 220.333333   69.13 0.000  0.78 0.000 9.999 0.259 0.10 0.000 0.216 0.000  2.612 0.000  4.702 0.000 99.99 0.259  16.102 0.000   7.937 0.000   8.164 0.000 0.041 0.000 0.468 0.000000
222.333333 223.333333   77.40 0.000  0.51 0.000 9.999 0.259 9.99 0.259 0.035 0.000  1.771 0.000  3.187 0.000 99.99 0.259  15.623 0.000   9.403 0.000   6.219 0.000 0.050 0.000 0.268 0.000000
225.333333 226.333333   58.48 0.000  0.72 0.000 9.999 0.259 0.12 0.000 0.132 0.000  2.513 0.000  4.523 0.000 99.99 0.259  14.230 0.000   6.614 0.000   7.615 0.000 0.056 0.000 0.407 0.000000
228.333333 229.333333   48.73 0.000  0.56 0.000 9.999 0.259 0.12 0.000 0.254 0.000  1.672 0.000  3.009 0.000 99.99 0.259  12.840 0.000   6.099 0.000   6.740 0.000 0.039 0.000 0.441 0.000000
231.333333 232.333333   67.76 0.000  0.67 0.000 9.999 0.259 9.99 0.259 0.126 0.000  1.734 0.000  3.121 0.000 99.99 0.259  13.784 0.000   7.300 0.000   6.367 0.000 0.038 0.000 0.391 0.000000
234.333333 235.333333   55.17 0.000  0.75 0.000 9.999 0.259 0.16 0.000 0.098 0.000  1.793 0.000  3.228 0.000 99.99 0.259  17.376 0.000  11.139 0.000   6.246 0.000 0.040 0.000 0.366 0.000000
237.333333 238.333333   34.40 0.000  0.41 0.000 9.999 0.259 9.99 0.259 0.035 0.000  0.892 0.000  1.606 0.000 99.99 0.259   7.276 0.000   4.405 0.000   2.806 0.000 0.021 0.000 0.157 0.000000
240.333333 241.333333   29.05 0.000  0.47 0.000 9.999 0.259 9.99 0.259 0.022 0.000  0.797 0.000  1.436 0.000 99.99 0.259   6.570 0.000   3.615 0.000   2.898 0.000 0.022 0.000 0.197 0.000000
243.333333 244.333333   91.05 0.000  0.71 0.000 9.999 0.259 0.17 0.000 0.068 0.000  1.159 0.000  2.087 0.000 99.99 0.259  12.030 0.000   7.230 0.000   4.693 0.000 0.046 0.000 0.201 0.000000
246.333333 247.333333   68.83 0.000  0.85 0.000 9.999 0.259 9.99 0.259 0.229 0.000  1.268 0.000  2.282 0.000 99.99 0.259  14.329 0.000   8.802 0.000   5.399 0.000 0.041 0.000 0.368 0.000000
249.333333 250.333333   75.79 0.000  1.01 0.000 9.999 0.259 0.15 0.000 0.118 0.000  1.534 0.000  2.760 0.000 99.99 0.259  11.371 0.000   6.579 0.000   4.791 0.000 0.058 0.000 0.184 0.000000
