scripts/IMPROVE-2019_partial/data/US0022R.20160101080000.20191216000000.filterpack...52w.3d.US03L_filterpack_US0022.US03L_IMPROVE_Davis.lev2.nas
51 1001
MISSING INFORMATION
US03L, IMPROVE, , , , , , , 
MISSING INFORMATION
IMPROVE sel_HTAP
1 1
2016 01 01 2019 12 16
3.000000
days from file reference point
4
1 1 1 1
999.999999 999.999 999.999 9.999
end_time of measurement, days from the file reference point
pm10_mass, ug/m3, Matrix=pm10
pm25_mass, ug/m3, Matrix=pm25
numflag, no unit
0
33
Data definition:              EBAS_1.1
Set type code:                TU
Timezone:                     UTC
File name:                    US0022R.20160101080000.20191216000000.filterpack...52w.3d.US03L_filterpack_US0022.US03L_IMPROVE_Davis.lev2.nas
File creation:                20191218115652
Startdate:                    20160101080000
Revision date:                20191216000000
Version:                      2
Version description:          "Data extracted from http://views.cira.colostate.edu/fed/DataWizard 2019-12-16"
Statistics:                   arithmetic mean
Data level:                   2
Period code:                  52w
Resolution code:              3d
Sample duration:              1d
Orig. time res.:              3d
Station code:                 US0022R
Platform code:                US0022S
Station name:                 Dome Lands Wilderness
Station latitude:             35.7278
Station longitude:            -118.1377
Station altitude:             927.0 m
Regime:                       IMG
Component:                    
Unit:                         ug/m3
Matrix:                       
Laboratory code:              US03L
Instrument type:              filterpack
Instrument name:              filterpack_US0022
Method ref:                   US03L_IMPROVE_Davis
Blank correction:             Blank corrected
Volume std. temperature:      ambient
Volume std. pressure:         ambient
starttime endtime PM10 PM2.5 flag
  0.333333   1.333333   2.631   0.708 0.000
  3.333333   4.333333   6.323   2.851 0.000
  6.333333   7.333333   1.260   0.807 0.000
  9.333333  10.333333   1.214   0.859 0.000
 12.333333  13.333333 999.999 999.999 0.999
 15.333333  16.333333   2.319   1.273 0.000
 18.333333  19.333333   1.225   0.771 0.000
 21.333333  22.333333   2.222   1.107 0.000
 24.333333  25.333333   2.246   1.262 0.000
 27.333333  28.333333 999.999 999.999 0.999
 30.333333  31.333333   1.516   0.592 0.000
 33.333333  34.333333   2.042   1.039 0.000
 36.333333  37.333333   2.448   1.075 0.000
 39.333333  40.333333   2.604   0.973 0.000
 42.333333  43.333333   3.330   1.111 0.000
 45.333333  46.333333   4.211   2.155 0.000
 48.333333  49.333333   2.812   1.145 0.000
 51.333333  52.333333   6.613   4.454 0.000
 54.333333  55.333333   4.426   1.235 0.000
 57.333333  58.333333   8.618   4.186 0.000
 60.333333  61.333333   6.842   3.330 0.000
 63.333333  64.333333   8.966   3.466 0.000
 66.333333  67.333333   2.486   1.188 0.000
 69.333333  70.333333   2.368   1.263 0.000
 72.333333  73.333333   4.636   1.725 0.000
 75.333333  76.333333   7.445   2.776 0.000
 78.333333  79.333333   7.874   4.232 0.000
 81.333333  82.333333   8.639   2.607 0.000
 84.333333  85.333333  11.523   4.817 0.000
 87.333333  88.333333  16.305   3.826 0.000
 90.333333  91.333333   7.947   3.368 0.000
 93.333333  94.333333  10.063   4.314 0.000
 96.333333  97.333333 999.999 999.999 0.999
 99.333333 100.333333   2.984   1.698 0.000
102.333333 103.333333   9.676   4.965 0.000
105.333333 106.333333  12.857   4.222 0.000
108.333333 109.333333  11.754   4.509 0.000
111.333333 112.333333  11.547   4.003 0.000
114.333333 115.333333  11.155   4.258 0.000
117.333333 118.333333  23.012   5.507 0.000
120.333333 121.333333  14.301   4.702 0.000
123.333333 124.333333   5.846   1.779 0.000
126.333333 127.333333   5.133   1.682 0.000
129.333333 130.333333  11.867   5.531 0.000
132.333333 133.333333   8.642   2.789 0.000
135.333333 136.333333  15.438   3.873 0.000
138.333333 139.333333  16.984   4.368 0.000
141.333333 142.333333  17.885   3.737 0.000
144.333333 145.333333  16.679   4.362 0.000
147.333333 148.333333  19.586   6.777 0.000
150.333333 151.333333  24.891   9.005 0.000
153.333333 154.333333  39.953   8.693 0.000
156.333333 157.333333  37.656   9.448 0.000
159.333333 160.333333  45.073  11.158 0.000
162.333333 163.333333  37.501   8.543 0.000
165.333333 166.333333  25.994   6.262 0.000
168.333333 169.333333  26.520   5.786 0.000
171.333333 172.333333  30.296   8.471 0.000
174.333333 175.333333 999.999 999.999 0.999
177.333333 178.333333 999.999 999.999 0.999
180.333333 181.333333 999.999 999.999 0.999
183.333333 184.333333  48.541  12.577 0.000
186.333333 187.333333  30.332   9.039 0.000
189.333333 190.333333  32.446   7.332 0.000
192.333333 193.333333  25.706   5.331 0.000
195.333333 196.333333  93.149  12.366 0.000
198.333333 199.333333  32.203   6.903 0.000
201.333333 202.333333 999.999 999.999 0.999
204.333333 205.333333  43.786   8.812 0.000
207.333333 208.333333  28.358   9.690 0.000
210.333333 211.333333  40.312  15.514 0.000
213.333333 214.333333  31.890  12.951 0.000
216.333333 217.333333  38.376  17.421 0.000
219.333333 220.333333  23.653   9.971 0.000
222.333333 223.333333 999.999 999.999 0.999
225.333333 226.333333  24.914   7.742 0.000
228.333333 229.333333  19.295   6.090 0.000
231.333333 232.333333  22.381   6.060 0.000
234.333333 235.333333  55.800  33.779 0.000
237.333333 238.333333  76.754  50.942 0.000
240.333333 241.333333  45.506  18.886 0.000
243.333333 244.333333  45.005  10.999 0.000
246.333333 247.333333  41.705   7.640 0.000
249.333333 250.333333  31.665   8.830 0.000
252.333333 253.333333  41.777  12.145 0.000
255.333333 256.333333  36.363   9.003 0.000
258.333333 259.333333  31.376   7.196 0.000
261.333333 262.333333  17.526   4.718 0.000
264.333333 265.333333 999.999 999.999 0.999
267.333333 268.333333  19.667   3.551 0.000
270.333333 271.333333   9.580   3.208 0.000
273.333333 274.333333  26.534   6.660 0.000
276.333333 277.333333  19.576   4.169 0.000
279.333333 280.333333  18.849   3.867 0.000
282.333333 283.333333  13.218   3.117 0.000
285.333333 286.333333  31.652   7.860 0.000
288.333333 289.333333  22.810   3.406 0.000
291.333333 292.333333  16.173   5.214 0.000
294.333333 295.333333  12.402   3.470 0.000
297.333333 298.333333  13.538   4.483 0.000
300.333333 301.333333  10.080   4.255 0.000
303.333333 304.333333   4.305   1.833 0.000
306.333333 307.333333 999.999 999.999 0.999
309.333333 310.333333   8.213   3.753 0.000
312.333333 313.333333   6.647   2.769 0.000
315.333333 316.333333   7.949   2.994 0.000
318.333333 319.333333  27.290  19.853 0.000
321.333333 322.333333   8.225   4.126 0.000
324.333333 325.333333   6.732   1.750 0.000
327.333333 328.333333 999.999 999.999 0.999
330.333333 331.333333   7.117   2.560 0.000
333.333333 334.333333   1.765   0.920 0.000
336.333333 337.333333  11.247   5.502 0.000
339.333333 340.333333   8.931   5.427 0.000
342.333333 343.333333 999.999   1.867 0.000
345.333333 346.333333 999.999   1.321 0.000
348.333333 349.333333 999.999   0.628 0.000
351.333333 352.333333 999.999   1.898 0.000
354.333333 355.333333 999.999   0.841 0.000
357.333333 358.333333 999.999   1.573 0.000
360.333333 361.333333 999.999   0.656 0.000
363.333333 364.333333   2.579   0.745 0.000
