scripts/IMPROVE-2019_partial/data/US0096R.20030103070000.20191216000000.filterpack..pm25.1y.1w.US03L_filterpack_US0096.US03L_IMPROVE_Davis.lev2.nas
64 1001
MISSING INFORMATION
US03L, IMPROVE, , , , , , , 
MISSING INFORMATION
IMPROVE sel_HTAP
1 1
2003 01 01 2019 12 16
3.000000
days from file reference point
25
1 1 1 1 1 1 1 1 1 1 1 1 1 1 1 1 1 1 1 1 1 1 1 1 1
999.999999 9999.99 9.999 999.99 9.999 9.999 9.999999 9.99 9.999 99.999 9.999999 99.999 9.999 999.999 9.999 9999.999 9.999 999.999 9.999 999.999 9.999 9.999 9.999 99.999 9.999999
end_time of measurement, days from the file reference point
iron, ng/m3, Revision date=20181210133000
numflag iron, no unit, Revision date=20181210133000
lead, ng/m3, Revision date=20181210133000
numflag lead, no unit, Revision date=20181210133000
magnesium, ug/m3, Revision date=20181210133000
numflag magnesium, no unit, Revision date=20181210133000
nickel, ng/m3, Revision date=20181210133000
numflag nickel, no unit, Revision date=20181210133000
nitrate, ug N/m3, Revision date=20181210133000
numflag nitrate, no unit, Revision date=20181210133000
organic_carbon, ug C/m3, Revision date=20181210133000
numflag organic_carbon, no unit, Revision date=20181210133000
organic_mass, ug/m3, Revision date=20181210133000
numflag organic_mass, no unit, Revision date=20181210133000
pm10_mass, ug/m3, Version=2, Version description=Data extracted from http://views.cira.colostate.edu/fed/DataWizard 2019-12-16, Sample duration=1d, Orig. time res.=3d, Matrix=pm10, Blank correction=Blank corrected, Volume std. temperature=ambient, Volume std. pressure=ambient
numflag pm10_mass, no unit, Version=2, Version description=Data extracted from http://views.cira.colostate.edu/fed/DataWizard 2019-12-16, Sample duration=1d, Orig. time res.=3d, Matrix=pm10, Blank correction=Blank corrected, Volume std. temperature=ambient, Volume std. pressure=ambient
pm10_pm25_mass, ug/m3, Revision date=20181210133000, Matrix=pm10_pm25
numflag pm10_pm25_mass, no unit, Revision date=20181210133000, Matrix=pm10_pm25
pm25_mass, ug/m3, Version=2, Version description=Data extracted from http://views.cira.colostate.edu/fed/DataWizard 2019-12-16, Sample duration=1d, Orig. time res.=3d, Blank correction=Blank corrected, Volume std. temperature=ambient, Volume std. pressure=ambient
numflag pm25_mass, no unit, Version=2, Version description=Data extracted from http://views.cira.colostate.edu/fed/DataWizard 2019-12-16, Sample duration=1d, Orig. time res.=3d, Blank correction=Blank corrected, Volume std. temperature=ambient, Volume std. pressure=ambient
potassium, ug/m3, Revision date=20181210133000
numflag potassium, no unit, Revision date=20181210133000
sulphate_total, ug S/m3, Revision date=20181210133000
numflag sulphate_total, no unit, Revision date=20181210133000
0
25
Data definition:              EBAS_1.1
Set type code:                TU
Timezone:                     UTC
File name:                    US0096R.20030103070000.20191216000000.filterpack..pm25.1y.1w.US03L_filterpack_US0096.US03L_IMPROVE_Davis.lev2.nas
File creation:                20191218120154
Startdate:                    20030103070000
Revision date:                20191216000000
Statistics:                   arithmetic mean
Data level:                   2
Period code:                  1y
Resolution code:              1w
Station code:                 US0096R
Platform code:                US0096S
Station name:                 Queen Valley
Station latitude:             33.2939
Station longitude:            -111.2858
Station altitude:             661.0 m
Regime:                       IMG
Component:                    
Matrix:                       pm25
Laboratory code:              US03L
Instrument type:              filterpack
Instrument name:              filterpack_US0096
Method ref:                   US03L_IMPROVE_Davis
starttime endtime Fe flag_Fe Pb flag_Pb Mg++ flag_Mg++ Ni flag_Ni NO3- flag_NO3- OC flag_OC OM flag_OM PM10 flag_PM10 PM10-PM2.5 flag_PM10-PM2.5 PM2.5 flag_PM2.5 K+ flag_K+ SO4-- flag_SO4--
  2.291667   3.291667   31.74 0.000   9.89 0.000 9.999 0.259000 9.99 0.259  0.016 0.000000  0.275 0.000   0.385 0.000    4.978 0.000   3.302 0.000   1.675 0.000 0.024 0.000  0.086 0.000000
  5.291667   6.291667  129.95 0.000   8.27 0.000 9.999 0.259000 0.05 0.000  0.042 0.000000  0.595 0.000   0.833 0.000   36.915 0.000  31.538 0.000   5.377 0.000 0.092 0.000  0.308 0.000000
  8.291667   9.291667   53.26 0.000   1.50 0.000 9.999 0.259000 0.25 0.000  0.453 0.000000  0.694 0.000   0.972 0.000    9.559 0.000   4.419 0.000   5.139 0.000 0.053 0.000  0.542 0.000000
 11.291667  12.291667   39.31 0.000   5.16 0.000 9.999 0.259000 0.16 0.000  1.474 0.000000  0.984 0.000   1.378 0.000   13.437 0.000   5.396 0.000   8.041 0.000 0.035 0.000  0.340 0.000000
 14.291667  15.291667   67.42 0.000   7.61 0.000 9.999 0.259000 0.05 0.000  0.540 0.000000  0.908 0.000   1.271 0.000   13.404 0.000   8.334 0.000   5.070 0.000 0.053 0.000  0.273 0.000000
 17.291667  18.291667   32.36 0.000   6.60 0.000 9.999 0.259000 9.99 0.259  0.021 0.000000  0.347 0.000   0.486 0.000    7.627 0.000   5.608 0.000   2.019 0.000 0.022 0.000  0.112 0.000000
 20.291667  21.291667   35.95 0.000  10.17 0.000 9.999 0.259000 9.99 0.259  0.502 0.000000  0.843 0.000   1.180 0.000    7.793 0.000   3.539 0.000   4.254 0.000 0.031 0.000  0.285 0.000000
 23.291667  24.291667   65.17 0.000  15.86 0.000 9.999 0.259000 9.99 0.259  0.155 0.000000  0.807 0.000   1.130 0.000   10.497 0.000   6.782 0.000   3.716 0.000 0.046 0.000  0.238 0.000000
 26.291667  27.291667   27.20 0.000  10.43 0.000 9.999 0.259000 9.99 0.259  0.013 0.000000  0.387 0.000   0.541 0.000    6.621 0.000   4.624 0.000   1.997 0.000 0.021 0.000  0.169 0.000000
 29.291667  30.291667  122.17 0.000   4.52 0.000 9.999 0.259000 0.12 0.000  0.209 0.000000  1.019 0.000   1.427 0.000   14.535 0.000   8.820 0.000   5.715 0.000 0.092 0.000  0.332 0.000000
 32.291667  33.291667  170.80 0.000   1.50 0.000 0.080 0.000000 0.09 0.000  0.062 0.000000  0.653 0.000   0.914 0.000   40.196 0.000  34.239 0.000   5.957 0.000 0.128 0.000  0.178 0.000000
 35.291667  36.291667  104.68 0.000   2.01 0.000 9.999 0.259000 9.99 0.259  0.261 0.000000  0.636 0.000   0.890 0.000   25.723 0.000  21.927 0.000   3.796 0.000 0.072 0.000  0.130 0.000000
 38.291667  39.291667   67.96 0.000   2.29 0.000 9.999 0.259000 9.99 0.259  0.477 0.000000  0.896 0.000   1.254 0.000   15.073 0.000   9.549 0.000   5.525 0.000 0.056 0.000  0.304 0.000000
 41.291667  42.291667   33.21 0.000  16.53 0.000 9.999 0.259000 9.99 0.259  0.030 0.000000  0.428 0.000   0.600 0.000    7.596 0.000   5.091 0.000   2.504 0.000 0.028 0.000  0.198 0.000000
 44.291667  45.291667   10.94 0.000   0.36 0.000 9.999 0.259000 9.99 0.259  0.272 0.000000  0.529 0.000   0.740 0.000    3.371 0.000   0.851 0.000   2.520 0.000 0.032 0.000  0.083 0.000000
 47.291667  48.291667   11.11 0.000   3.90 0.000 9.999 0.259000 9.99 0.259  0.017 0.000000  0.580 0.000   0.812 0.000    4.779 0.000   1.628 0.000   3.151 0.000 0.008 0.000  0.394 0.000000
 50.291667  51.291667   55.58 0.000   3.41 0.000 9.999 0.259000 0.08 0.000  0.368 0.000000  0.724 0.000   1.013 0.000   14.762 0.000  10.071 0.000   4.691 0.000 0.036 0.000  0.307 0.000000
 53.291667  54.291667   46.15 0.000   2.14 0.000 9.999 0.259000 9.99 0.259  0.080 0.000000  0.553 0.000   0.774 0.000    9.078 0.000   6.300 0.000   2.778 0.000 0.041 0.000  0.188 0.000000
 56.291667  57.291667    7.43 0.000   0.32 0.000 0.026 0.000000 9.99 0.259  0.073 0.000000  0.347 0.000   0.486 0.000    2.533 0.000   1.391 0.000   1.142 0.000 0.007 0.000  0.086 0.000000
 59.291667  60.291667   10.84 0.000   0.70 0.000 9.999 0.259000 0.12 0.000  0.214 0.000000  0.572 0.000   0.801 0.000    4.126 0.000   2.058 0.000   2.068 0.000 0.014 0.000  0.191 0.000000
 62.291667  63.291667   21.25 0.000   1.18 0.000 9.999 0.259000 0.20 0.000  0.163 0.000000  0.549 0.000   0.769 0.000    6.519 0.000   3.756 0.000   2.764 0.000 0.015 0.000  0.292 0.000000
 65.291667  66.291667   39.61 0.000   2.16 0.000 9.999 0.259000 9.99 0.259  0.140 0.000000  0.691 0.000   0.968 0.000    7.476 0.000   4.280 0.000   3.196 0.000 0.031 0.000  0.281 0.000000
 68.291667  69.291667   50.04 0.000   5.35 0.000 9.999 0.259000 9.99 0.259  0.060 0.000000  1.093 0.000   1.530 0.000   10.989 0.000   7.051 0.000   3.937 0.000 0.034 0.000  0.304 0.000000
 71.291667  72.291667   58.08 0.000   2.37 0.000 9.999 0.259000 0.07 0.000  0.042 0.000000  0.603 0.000   0.845 0.000   11.777 0.000   8.459 0.000   3.319 0.000 0.044 0.000  0.265 0.000000
 74.291667  75.291667   53.09 0.000   1.01 0.000 9.999 0.259000 0.12 0.000  0.052 0.000000  0.578 0.000   0.809 0.000    6.821 0.000   4.310 0.000   2.511 0.000 0.044 0.000  0.151 0.000000
 77.291667  78.291667   57.30 0.000   0.58 0.000 0.030 0.000000 0.06 0.000  0.168 0.000000  0.632 0.000   0.885 0.000   13.026 0.000   9.369 0.000   3.657 0.000 0.045 0.000  0.103 0.000000
 80.291667  81.291667   45.44 0.000   1.37 0.000 9.999 0.259000 9.99 0.259  0.074 0.000000  0.697 0.000   0.976 0.000    9.763 0.000   6.646 0.000   3.117 0.000 0.032 0.000  0.232 0.000000
 83.291667  84.291667   72.40 0.000   1.41 0.000 0.017 0.000000 0.11 0.000  0.068 0.000000  0.891 0.000   1.247 0.000   12.333 0.000   8.530 0.000   3.803 0.000 0.045 0.000  0.176 0.000000
 86.291667  87.291667   47.16 0.000   0.26 0.000 9.999 0.259000 0.56 0.000  0.030 0.000000  0.352 0.000   0.492 0.000   13.971 0.000  11.397 0.000   2.574 0.000 0.031 0.000  0.143 0.000000
 89.291667  90.291667   30.79 0.000  12.53 0.000 9.999 0.259000 9.99 0.259  0.026 0.000000  0.383 0.000   0.536 0.000    7.396 0.000   5.181 0.000   2.215 0.000 0.025 0.000  0.218 0.000000
 92.291667  93.291667   79.38 0.000   1.61 0.000 9.999 0.259000 0.31 0.000  0.116 0.000000  0.636 0.000   0.891 0.000   17.445 0.000  12.010 0.000   5.435 0.000 0.062 0.000  0.413 0.000000
 95.291667  96.291667   47.44 0.000   1.02 0.000 9.999 0.259000 9.99 0.259  0.106 0.000000  0.509 0.000   0.713 0.000    9.806 0.000   7.281 0.000   2.525 0.000 0.033 0.000  0.173 0.000000
 98.291667  99.291667  120.86 0.000   1.66 0.000 9.999 0.259000 0.15 0.000  0.047 0.000000  0.639 0.000   0.895 0.000   22.477 0.000  16.746 0.000   5.731 0.000 0.082 0.000  0.401 0.000000
101.291667 102.291667  181.86 0.000   3.07 0.000 9.999 0.259000 0.06 0.000  0.094 0.000000  0.794 0.000   1.112 0.000   20.751 0.000  14.378 0.000   6.373 0.000 0.109 0.000  0.398 0.000000
104.291667 105.291667   50.81 0.000   0.69 0.000 9.999 0.259000 9.99 0.259  0.060 0.000000  0.456 0.000   0.639 0.000   10.547 0.000   8.198 0.000   2.349 0.000 0.033 0.000  0.119 0.000000
107.291667 108.291667  108.10 0.000   0.85 0.000 9.999 0.259000 0.12 0.000  0.054 0.000000  0.451 0.000   0.631 0.000   13.848 0.000   9.880 0.000   3.968 0.000 0.075 0.000  0.170 0.000000
110.291667 111.291667   91.89 0.000   1.11 0.000 9.999 0.259000 0.10 0.000  0.091 0.000000  0.501 0.000   0.702 0.000   14.922 0.000  10.283 0.000   4.640 0.000 0.071 0.000  0.353 0.000000
113.291667 114.291667  117.35 0.000   2.14 0.000 9.999 0.259000 0.16 0.000  0.182 0.000000  0.879 0.000   1.231 0.000   20.299 0.000  14.858 0.000   5.441 0.000 0.081 0.000  0.310 0.000000
116.291667 117.291667  136.40 0.000   1.62 0.000 9.999 0.259000 9.99 0.259  0.065 0.000000  0.841 0.000   1.177 0.000   16.683 0.000  11.054 0.000   5.629 0.000 0.108 0.000  0.313 0.000000
119.291667 120.291667  145.36 0.000   0.94 0.000 0.056 0.000000 0.12 0.000  0.065 0.000000  0.660 0.000   0.924 0.000   20.422 0.000  15.282 0.000   5.141 0.000 0.098 0.000  0.164 0.000000
122.291667 123.291667  134.92 0.000   1.04 0.000 9.999 0.259000 9.99 0.259  0.042 0.000000  0.459 0.000   0.642 0.000   16.848 0.000  12.632 0.000   4.215 0.000 0.108 0.000  0.160 0.000000
125.291667 126.291667   95.39 0.000   1.32 0.000 9.999 0.259000 9.99 0.259  0.088 0.000000  0.944 0.000   1.322 0.000   18.045 0.000  12.690 0.000   5.356 0.000 0.071 0.000  0.324 0.000000
128.291667 129.291667  137.41 0.000   1.62 0.000 9.999 0.259000 9.99 0.259  0.109 0.000000  1.240 0.000   1.735 0.000   31.002 0.000  23.363 0.000   7.639 0.000 0.124 0.000  0.380 0.000000
131.291667 132.291667  105.03 0.000   2.27 0.000 9.999 0.259000 9.99 0.259  0.066 0.000000  1.348 0.000   1.887 0.000   16.724 0.000  10.450 0.000   6.274 0.000 0.089 0.000  0.376 0.000000
134.291667 135.291667  585.17 0.000   2.41 0.000 9.999 0.259000 0.17 0.000  0.156 0.000000  1.427 0.000   1.998 0.000   73.577 0.000  54.273 0.000  19.304 0.000 0.491 0.000  0.498 0.000000
137.291667 138.291667  135.23 0.000   1.39 0.000 9.999 0.259000 0.13 0.000  0.080 0.000000  2.164 0.000   3.030 0.000   21.886 0.000  13.190 0.000   8.696 0.000 0.121 0.000  0.446 0.000000
140.291667 141.291667  439.97 0.000   2.14 0.000 9.999 0.259000 0.10 0.000  0.113 0.000000  1.753 0.000   2.454 0.000   78.444 0.000  61.752 0.000  16.691 0.000 0.448 0.000  0.555 0.000000
143.291667 144.291667  152.34 0.000   1.56 0.000 9.999 0.259000 0.37 0.000  0.127 0.000000  1.114 0.000   1.559 0.000   28.023 0.000  18.337 0.000   9.686 0.000 0.159 0.000  0.790 0.000000
146.291667 147.291667  131.17 0.000   2.77 0.000 9.999 0.259000 0.15 0.000  0.094 0.000000  1.445 0.000   2.024 0.000   24.025 0.000  14.461 0.000   9.564 0.000 0.127 0.000  0.794 0.000000
149.291667 150.291667  143.51 0.000   0.73 0.000 9.999 0.259000 0.21 0.000  0.061 0.000000  1.172 0.000   1.641 0.000   24.020 0.000  15.893 0.000   8.127 0.000 0.150 0.000  0.554 0.000000
152.291667 153.291667   95.97 0.000   0.70 0.000 9.999 0.259000 0.30 0.000  0.069 0.000000  1.133 0.000   1.586 0.000   20.630 0.000  13.348 0.000   7.282 0.000 0.151 0.000  0.684 0.000000
155.291667 156.291667   91.89 0.000   0.75 0.000 9.999 0.259000 0.17 0.000  0.036 0.000000  0.670 0.000   0.938 0.000   18.112 0.000  12.545 0.000   5.568 0.000 0.078 0.000  0.446 0.000000
158.291667 159.291667   79.96 0.000   1.13 0.000 9.999 0.259000 0.24 0.000  0.062 0.000000  1.288 0.000   1.803 0.000   18.943 0.000  11.081 0.000   7.862 0.000 0.118 0.000  0.847 0.000000
161.291667 162.291667  158.43 0.000   1.00 0.000 9.999 0.259000 0.18 0.000  0.063 0.000000  0.673 0.000   0.942 0.000   24.142 0.000  16.531 0.000   7.612 0.000 0.164 0.000  0.445 0.000000
164.291667 165.291667   90.10 0.000   1.21 0.000 0.056 0.000000 0.14 0.000  0.062 0.000000  1.068 0.000   1.495 0.000   15.902 0.000  10.494 0.000   5.408 0.000 0.211 0.000  0.333 0.000000
167.291667 168.291667  464.95 0.000   1.19 0.000 9.999 0.259000 0.14 0.000  0.065 0.000000  1.487 0.000   2.082 0.000   53.926 0.000  38.176 0.000  15.751 0.000 0.368 0.000  0.481 0.000000
170.291667 171.291667  175.93 0.000   0.79 0.000 9.999 0.259000 0.17 0.000  0.046 0.000000  0.772 0.000   1.080 0.000   35.008 0.000  27.513 0.000   7.495 0.000 0.137 0.000  0.347 0.000000
173.291667 174.291667   64.70 0.000 999.99 0.259 9.999 0.259000 0.21 0.000  0.038 0.000000  0.608 0.000   0.852 0.000   17.239 0.000  12.975 0.000   4.264 0.000 0.054 0.000  0.234 0.000000
176.291667 177.291667  106.41 0.000   1.18 0.000 9.999 0.259000 9.99 0.259  0.051 0.000000  1.258 0.000   1.761 0.000   18.491 0.000  12.709 0.000   5.782 0.000 0.101 0.000  0.227 0.000000
179.291667 180.291667   79.05 0.000   1.05 0.000 9.999 0.259000 0.18 0.000  0.103 0.000000  1.961 0.000   2.746 0.000   21.633 0.000  13.194 0.000   8.439 0.000 0.253 0.000  0.546 0.000000
182.291667 183.291667  165.33 0.000   1.01 0.000 9.999 0.259000 0.24 0.000  0.123 0.000000  0.985 0.000   1.378 0.000   30.474 0.000  21.647 0.000   8.827 0.000 0.215 0.000  0.550 0.000000
185.291667 186.291667  102.87 0.000   2.04 0.000 9.999 0.259000 0.11 0.000  0.073 0.000000  1.586 0.000   2.221 0.000   20.547 0.000  12.700 0.000   7.848 0.000 0.318 0.000  0.480 0.000000
188.291667 189.291667  173.27 0.000   0.70 0.000 9.999 0.259000 0.29 0.000  0.118 0.000000  0.818 0.000   1.145 0.000   27.451 0.000  18.439 0.000   9.012 0.000 0.160 0.000  0.610 0.000000
191.291667 192.291667  194.95 0.000   1.15 0.000 9.999 0.259000 0.45 0.000  0.218 0.000000  1.457 0.000   2.039 0.000   30.801 0.000  17.128 0.000  13.673 0.000 0.211 0.000  1.073 0.000000
194.291667 195.291667  379.13 0.000   1.60 0.000 9.999 0.259000 0.11 0.000  0.084 0.000000  2.191 0.000   3.068 0.000   52.124 0.000  37.239 0.000  14.885 0.000 0.318 0.000  0.611 0.000000
197.291667 198.291667  697.65 0.000   2.12 0.000 9.999 0.259000 9.99 0.259  0.133 0.000000  3.180 0.000   4.452 0.000  123.708 0.000  96.085 0.000  27.623 0.000 0.465 0.000  0.546 0.000000
200.291667 201.291667  115.42 0.000   1.04 0.000 9.999 0.259000 0.28 0.000  0.095 0.559000  2.265 0.000   3.170 0.000   34.323 0.000  24.060 0.000  10.263 0.000 0.171 0.000  0.764 0.559000
203.291667 204.291667  161.38 0.000   1.92 0.000 9.999 0.259000 0.24 0.000  0.078 0.000000  1.447 0.000   2.026 0.000   28.021 0.000  18.945 0.000   9.076 0.000 0.131 0.000  0.542 0.000000
206.291667 207.291667  115.02 0.000   0.88 0.000 9.999 0.259000 0.18 0.000  0.078 0.559000  0.938 0.000   1.313 0.000   25.057 0.000  18.539 0.000   6.518 0.000 0.088 0.000  0.463 0.559000
209.291667 210.291667   66.62 0.000   0.67 0.000 9.999 0.259000 0.11 0.000  0.057 0.000000  1.183 0.000   1.656 0.000   14.489 0.000   9.565 0.000   4.925 0.000 0.053 0.000  0.343 0.000000
212.291667 213.291667   50.80 0.000   0.65 0.000 9.999 0.259000 0.19 0.000  0.067 0.000000  1.144 0.000   1.602 0.000   12.671 0.000   7.879 0.000   4.791 0.000 0.033 0.000  0.441 0.000000
215.291667 216.291667   47.37 0.000   0.81 0.000 9.999 0.259000 0.15 0.000  0.045 0.000000  1.115 0.000   1.561 0.000   13.031 0.000   8.432 0.000   4.599 0.000 0.052 0.000  0.432 0.000000
218.291667 219.291667   90.86 0.000   6.89 0.000 9.999 0.259000 0.18 0.000  0.042 0.559000  0.813 0.000   1.138 0.000   18.450 0.000  12.846 0.000   5.604 0.000 0.060 0.000  0.456 0.559000
221.291667 222.291667   58.51 0.000   0.85 0.000 9.999 0.259000 0.14 0.000  0.041 0.559000  1.000 0.000   1.400 0.000   13.723 0.000   8.850 0.000   4.873 0.000 0.052 0.000  0.480 0.559000
224.291667 225.291667  174.10 0.000   1.56 0.000 9.999 0.259000 0.34 0.000  0.048 0.559000  1.190 0.000   1.666 0.000   37.791 0.000  29.194 0.000   8.596 0.000 0.132 0.000  0.620 0.559000
227.291667 228.291667   40.25 0.000   1.32 0.000 9.999 0.259000 9.99 0.259  0.024 0.559000  0.936 0.000   1.310 0.000   11.046 0.000   6.125 0.000   4.921 0.000 0.037 0.000  0.565 0.559000
230.291667 231.291667   34.47 0.000   1.26 0.000 9.999 0.259000 9.99 0.259  0.031 0.559000  0.778 0.000   1.089 0.000    7.387 0.000   3.924 0.000   3.463 0.000 0.024 0.000  0.341 0.559000
233.291667 234.291667   88.54 0.394   6.58 0.394 9.999 0.394259 0.18 0.394  0.054 0.559394  0.857 0.000   1.199 0.000   17.465 0.000  11.376 0.000   6.089 0.000 0.059 0.394  0.544 0.559394
236.291667 237.291667   53.51 0.000   1.27 0.000 9.999 0.259000 0.11 0.000  0.034 0.559000  0.973 0.000   1.363 0.000   15.757 0.000  10.884 0.000   4.873 0.000 0.042 0.000  0.422 0.559000
239.291667 240.291667   48.93 0.000   0.58 0.000 9.999 0.259000 9.99 0.259  0.313 0.559000  0.906 0.000   1.268 0.000   11.736 0.000   7.036 0.000   4.700 0.000 0.036 0.000  0.496 0.559000
242.291667 243.291667   39.51 0.000   3.26 0.000 9.999 0.259000 0.12 0.000  0.034 0.559000  0.801 0.000   1.122 0.000   12.711 0.000   7.920 0.000   4.791 0.000 0.035 0.000  0.489 0.559000
245.291667 246.291667   44.07 0.000   5.49 0.000 9.999 0.259000 0.13 0.000  0.017 0.559000  0.785 0.000   1.099 0.000   13.081 0.000   8.309 0.000   4.772 0.000 0.036 0.000  0.452 0.559000
248.291667 249.291667   56.15 0.000   0.70 0.000 9.999 0.259000 0.22 0.000  0.062 0.559000  0.653 0.000   0.915 0.000   13.402 0.000   8.559 0.000   4.843 0.000 0.137 0.000  0.500 0.559000
251.291667 252.291667  130.83 0.000   0.21 0.000 9.999 0.259000 0.15 0.000  0.033 0.000000  0.399 0.000   0.558 0.000   32.941 0.000  27.902 0.000   5.039 0.000 0.096 0.000  0.230 0.000000
