scripts/IMPROVE-2019_partial/data/US0091R.20060102070000.20191216000000.filterpack..pm25.52w.1w.US03L_filterpack_US0091.US03L_IMPROVE_Davis.lev2.nas
64 1001
MISSING INFORMATION
US03L, IMPROVE, , , , , , , 
MISSING INFORMATION
IMPROVE sel_HTAP
1 1
2006 01 01 2019 12 16
3.000000
days from file reference point
25
1 1 1 1 1 1 1 1 1 1 1 1 1 1 1 1 1 1 1 1 1 1 1 1 1
999.999999 9999.99 9.999 99.99 9.999 9.999 9.999999 9.99 9.999999 9.999 9.999 99.999 9.999 99.999 9.999 999.999 9.999 999.999 9.999999 99.999 9.999 9.999 9.999 9.999 9.999
end_time of measurement, days from the file reference point
iron, ng/m3, Revision date=20181210133000
numflag iron, no unit, Revision date=20181210133000
lead, ng/m3, Revision date=20181210133000
numflag lead, no unit, Revision date=20181210133000
magnesium, ug/m3, Revision date=20181210133000
numflag magnesium, no unit, Revision date=20181210133000
nickel, ng/m3, Revision date=20181210133000
numflag nickel, no unit, Revision date=20181210133000
nitrate, ug N/m3, Revision date=20181210133000
numflag nitrate, no unit, Revision date=20181210133000
organic_carbon, ug C/m3, Revision date=20181210133000
numflag organic_carbon, no unit, Revision date=20181210133000
organic_mass, ug/m3, Revision date=20181210133000
numflag organic_mass, no unit, Revision date=20181210133000
pm10_mass, ug/m3, Version=2, Version description=Data extracted from http://views.cira.colostate.edu/fed/DataWizard 2019-12-16, Sample duration=1d, Orig. time res.=3d, Matrix=pm10, Blank correction=Blank corrected, Volume std. temperature=ambient, Volume std. pressure=ambient
numflag pm10_mass, no unit, Version=2, Version description=Data extracted from http://views.cira.colostate.edu/fed/DataWizard 2019-12-16, Sample duration=1d, Orig. time res.=3d, Matrix=pm10, Blank correction=Blank corrected, Volume std. temperature=ambient, Volume std. pressure=ambient
pm10_pm25_mass, ug/m3, Revision date=20181210133000, Matrix=pm10_pm25
numflag pm10_pm25_mass, no unit, Revision date=20181210133000, Matrix=pm10_pm25
pm25_mass, ug/m3, Version=2, Version description=Data extracted from http://views.cira.colostate.edu/fed/DataWizard 2019-12-16, Sample duration=1d, Orig. time res.=3d, Blank correction=Blank corrected, Volume std. temperature=ambient, Volume std. pressure=ambient
numflag pm25_mass, no unit, Version=2, Version description=Data extracted from http://views.cira.colostate.edu/fed/DataWizard 2019-12-16, Sample duration=1d, Orig. time res.=3d, Blank correction=Blank corrected, Volume std. temperature=ambient, Volume std. pressure=ambient
potassium, ug/m3, Revision date=20181210133000
numflag potassium, no unit, Revision date=20181210133000
sulphate_total, ug S/m3, Revision date=20181210133000
numflag sulphate_total, no unit, Revision date=20181210133000
0
25
Data definition:              EBAS_1.1
Set type code:                TU
Timezone:                     UTC
File name:                    US0091R.20060102070000.20191216000000.filterpack..pm25.52w.1w.US03L_filterpack_US0091.US03L_IMPROVE_Davis.lev2.nas
File creation:                20191218120134
Startdate:                    20060102070000
Revision date:                20191216000000
Statistics:                   arithmetic mean
Data level:                   2
Period code:                  52w
Resolution code:              1w
Station code:                 US0091R
Platform code:                US0091S
Station name:                 Mount Baldy
Station latitude:             34.0584
Station longitude:            -109.4406
Station altitude:             2508.0 m
Regime:                       IMG
Component:                    
Matrix:                       pm25
Laboratory code:              US03L
Instrument type:              filterpack
Instrument name:              filterpack_US0091
Method ref:                   US03L_IMPROVE_Davis
starttime endtime Fe flag_Fe Pb flag_Pb Mg++ flag_Mg++ Ni flag_Ni NO3- flag_NO3- OC flag_OC OM flag_OM PM10 flag_PM10 PM10-PM2.5 flag_PM10-PM2.5 PM2.5 flag_PM2.5 K+ flag_K+ SO4-- flag_SO4--
  1.291667   2.291667    6.13 0.000  0.47 0.000 0.010 0.000000 9.99 0.259000 0.009 0.000  0.309 0.000  0.432 0.000   1.573 0.000   0.864 0.000000  0.709 0.000 0.012 0.000 0.056 0.000
  4.291667   5.291667   18.25 0.000  0.21 0.000 9.999 0.259000 0.07 0.000000 0.007 0.000  0.771 0.000  1.079 0.000   2.917 0.000   1.104 0.000000  1.812 0.000 0.012 0.000 0.055 0.000
  7.291667   8.291667   85.04 0.000  0.71 0.000 0.038 0.000000 9.99 0.259000 0.011 0.000  0.556 0.000  0.778 0.000   7.083 0.000   4.238 0.000000  2.845 0.000 0.059 0.000 0.067 0.000
 10.291667  11.291667 9999.99 0.999 99.99 0.999 9.999 0.999000 9.99 0.999000 9.999 0.999 99.999 0.999 99.999 0.999 999.999 0.999 999.999 0.999000 99.999 0.999 9.999 0.999 9.999 0.999
 13.291667  14.291667 9999.99 0.999 99.99 0.999 9.999 0.999000 9.99 0.999000 9.999 0.999 99.999 0.999 99.999 0.999 999.999 0.999 999.999 0.999000 99.999 0.999 9.999 0.999 9.999 0.999
 16.291667  17.291667 9999.99 0.999 99.99 0.999 9.999 0.999000 9.99 0.999000 9.999 0.999 99.999 0.999 99.999 0.999 999.999 0.999 999.999 0.999000 99.999 0.999 9.999 0.999 9.999 0.999
 19.291667  20.291667    5.07 0.000  0.23 0.000 9.999 0.259000 9.99 0.259000 0.014 0.000  0.579 0.000  0.810 0.000   1.985 0.000   0.866 0.000000  1.119 0.000 0.005 0.000 0.047 0.000
 22.291667  23.291667   19.76 0.000  0.98 0.000 9.999 0.259000 0.10 0.000000 0.039 0.000  0.677 0.000  0.948 0.000   4.882 0.000   2.490 0.000000  2.393 0.000 0.020 0.000 0.134 0.000
 25.291667  26.291667   31.14 0.000  0.87 0.000 9.999 0.259000 0.16 0.000000 0.024 0.000  0.465 0.000  0.651 0.000   5.664 0.000   3.555 0.000000  2.108 0.000 0.028 0.000 0.136 0.000
 28.291667  29.291667    9.66 0.000  0.31 0.000 9.999 0.259000 9.99 0.259000 0.011 0.000  0.212 0.000  0.297 0.000   1.458 0.000   0.931 0.000000  0.527 0.000 0.008 0.000 0.038 0.000
 31.291667  32.291667   15.09 0.000  0.26 0.000 9.999 0.259000 9.99 0.259000 0.015 0.000  0.336 0.000  0.470 0.000   1.927 0.000   1.213 0.000000  0.715 0.000 0.011 0.000 0.047 0.000
 34.291667  35.291667   23.33 0.000  1.30 0.000 9.999 0.259000 9.99 0.259000 0.006 0.000  0.231 0.000  0.324 0.000   2.486 0.000   1.158 0.000000  1.328 0.000 0.022 0.000 0.127 0.000
 37.291667  38.291667   14.38 0.000  0.27 0.000 9.999 0.259000 9.99 0.259000 0.006 0.000  0.175 0.000  0.245 0.000   1.796 0.000   1.024 0.000000  0.773 0.000 0.012 0.000 0.047 0.000
 40.291667  41.291667   22.06 0.000  0.49 0.000 9.999 0.259000 9.99 0.259000 0.018 0.000  0.629 0.000  0.881 0.000   3.569 0.000   1.741 0.000000  1.828 0.000 0.018 0.000 0.080 0.000
 43.291667  44.291667   14.44 0.000 99.99 0.259 9.999 0.259000 9.99 0.259000 0.010 0.000  0.190 0.000  0.267 0.000   1.848 0.000   0.951 0.000000  0.898 0.000 0.011 0.000 0.061 0.000
 46.291667  47.291667   40.74 0.000  0.59 0.000 9.999 0.259000 9.99 0.259000 0.065 0.000  0.202 0.000  0.282 0.000   6.950 0.000   4.289 0.000000  2.660 0.000 0.033 0.000 0.134 0.000
 49.291667  50.291667   11.42 0.000  0.50 0.000 0.008 0.000000 9.99 0.259000 0.026 0.000  0.127 0.000  0.178 0.000   1.780 0.000   0.808 0.000000  0.973 0.000 0.011 0.000 0.064 0.000
 52.291667  53.291667   20.84 0.000  1.33 0.000 9.999 0.259000 9.99 0.259000 0.054 0.000  0.322 0.000  0.451 0.000   3.658 0.000   1.986 0.000000  1.672 0.000 0.021 0.000 0.122 0.000
 55.291667  56.291667   23.68 0.000  1.14 0.000 9.999 0.259000 0.07 0.000000 0.013 0.000  0.328 0.000  0.459 0.000   4.022 0.000   2.023 0.000000  1.999 0.000 0.022 0.000 0.188 0.000
 58.291667  59.291667    7.90 0.000  0.76 0.000 9.999 0.259000 9.99 0.259000 0.006 0.000  0.207 0.000  0.290 0.000   1.411 0.000   0.730 0.000000  0.680 0.000 0.010 0.000 0.066 0.000
 61.291667  62.291667   28.20 0.000  0.34 0.000 9.999 0.259000 0.19 0.000000 0.019 0.000  0.213 0.000  0.298 0.000   4.791 0.000   2.610 0.000000  2.180 0.000 0.040 0.000 0.207 0.000
 64.291667  65.291667   30.96 0.000  1.20 0.000 9.999 0.259000 9.99 0.259000 0.011 0.000  0.200 0.000  0.280 0.000   3.247 0.000   1.785 0.000000  1.463 0.000 0.025 0.000 0.110 0.000
 67.291667  68.291667   23.16 0.000  0.62 0.000 9.999 0.259000 9.99 0.259000 0.036 0.000  0.233 0.000  0.326 0.000   3.751 0.000   2.782 0.000000  0.969 0.000 0.015 0.000 0.076 0.000
 70.291667  71.291667   19.82 0.000  0.72 0.000 9.999 0.259000 9.99 0.259000 0.042 0.000  0.248 0.000  0.347 0.000   1.475 0.000   0.520 0.000000  0.955 0.000 0.011 0.000 0.070 0.000
 73.291667  74.291667   18.94 0.000  1.50 0.000 9.999 0.259000 9.99 0.259000 0.034 0.000  0.201 0.000  0.281 0.000   3.258 0.000   2.081 0.000000  1.178 0.000 0.017 0.000 0.116 0.000
 76.291667  77.291667   36.32 0.000  1.67 0.000 9.999 0.259000 9.99 0.259000 0.046 0.000  0.264 0.000  0.369 0.000   4.846 0.000   2.645 0.000000  2.200 0.000 0.031 0.000 0.252 0.000
 79.291667  80.291667   39.41 0.000  0.49 0.000 9.999 0.259000 0.13 0.000000 0.080 0.000  0.216 0.000  0.302 0.000   4.094 0.000   1.893 0.000000  2.200 0.000 0.025 0.000 0.199 0.000
 82.291667  83.291667   42.48 0.000  0.60 0.000 9.999 0.259000 9.99 0.259000 0.050 0.000  0.553 0.000  0.775 0.000   5.244 0.000   2.106 0.000000  3.137 0.000 0.027 0.000 0.249 0.000
 85.291667  86.291667   39.69 0.394  1.30 0.394 9.999 0.394259 9.99 0.394259 0.049 0.394  0.440 0.394  0.617 0.394   4.859 0.000   2.455 0.394000  2.404 0.000 0.032 0.394 0.197 0.394
 88.291667  89.291667   37.59 0.000  0.31 0.000 9.999 0.259000 0.53 0.000000 0.042 0.000  0.337 0.000  0.472 0.000   4.109 0.000   1.586 0.000000  2.523 0.000 0.025 0.000 0.126 0.000
 91.291667  92.291667   46.58 0.559  1.47 0.559 0.020 0.559000 9.99 0.559259 0.034 0.000  0.320 0.000  0.448 0.000   3.748 0.000   1.245 0.559000  2.503 0.659 0.032 0.559 0.234 0.000
 94.291667  95.291667 9999.99 0.999 99.99 0.999 9.999 0.999000 9.99 0.999000 9.999 0.999 99.999 0.999 99.999 0.999 999.999 0.999 999.999 0.999000 99.999 0.999 9.999 0.999 9.999 0.999
 97.291667  98.291667 9999.99 0.999 99.99 0.999 9.999 0.999000 9.99 0.999000 9.999 0.999 99.999 0.999 99.999 0.999 999.999 0.999 999.999 0.999000 99.999 0.999 9.999 0.999 9.999 0.999
100.291667 101.291667 9999.99 0.999 99.99 0.999 9.999 0.999000 9.99 0.999000 9.999 0.999 99.999 0.999 99.999 0.999 999.999 0.999 999.999 0.999000 99.999 0.999 9.999 0.999 9.999 0.999
103.291667 104.291667   53.16 0.559  0.70 0.559 0.024 0.559000 9.99 0.559259 0.017 0.000  0.375 0.000  0.524 0.000   8.864 0.000   6.250 0.559000  2.614 0.659 0.047 0.559 0.214 0.000
106.291667 107.291667  169.14 0.559  1.45 0.559 0.105 0.559000 9.99 0.559259 0.040 0.000  0.216 0.000  0.303 0.000  10.674 0.000   6.468 0.559000  4.206 0.659 0.094 0.559 0.160 0.000
109.291667 110.291667  113.78 0.559  1.34 0.559 0.058 0.559000 9.99 0.559259 0.033 0.559  0.424 0.000  0.593 0.000   7.804 0.000   4.366 0.559000  3.438 0.659 0.065 0.559 0.149 0.559
112.291667 113.291667  192.56 0.559  2.22 0.559 0.115 0.559000 0.20 0.559000 0.060 0.559  0.394 0.559  0.551 0.559  10.523 0.000   4.467 0.559000  6.055 0.659 0.116 0.559 0.290 0.559
115.291667 116.291667  125.14 0.000  1.99 0.000 0.065 0.000000 0.11 0.000000 0.033 0.559  0.367 0.559  0.514 0.559   8.963 0.000   4.388 0.000000  4.574 0.000 0.087 0.000 0.262 0.559
118.291667 119.291667  179.08 0.000  2.24 0.000 0.091 0.000000 9.99 0.259000 0.052 0.559  0.642 0.000  0.899 0.000  11.311 0.000   5.007 0.000000  6.304 0.000 0.110 0.000 0.338 0.559
121.291667 122.291667   47.16 0.000  0.86 0.000 9.999 0.259000 9.99 0.259000 0.030 0.559  0.506 0.559  0.708 0.559   5.636 0.000   2.853 0.000000  2.783 0.000 0.032 0.000 0.158 0.559
124.291667 125.291667  111.75 0.000  1.33 0.000 9.999 0.259000 0.15 0.000000 0.048 0.559  0.319 0.559  0.447 0.559  11.508 0.000   7.239 0.000000  4.269 0.000 0.070 0.000 0.240 0.559
127.291667 128.291667   84.10 0.000  1.44 0.000 9.999 0.259000 9.99 0.259000 0.096 0.559  0.580 0.000  0.812 0.000  10.250 0.000   5.084 0.000000  5.166 0.000 0.056 0.000 0.388 0.559
130.291667 131.291667  147.45 0.000  1.39 0.000 9.999 0.259000 9.99 0.259000 0.055 0.559  0.552 0.000  0.773 0.000  11.859 0.000   6.208 0.000000  5.652 0.000 0.084 0.000 0.312 0.559
133.291667 134.291667  108.25 0.000  1.22 0.000 0.029 0.000000 0.13 0.000000 0.054 0.559  0.818 0.000  1.145 0.000   9.742 0.000   4.567 0.000000  5.176 0.000 0.065 0.000 0.325 0.559
136.291667 137.291667   40.82 0.000  0.50 0.000 9.999 0.259000 9.99 0.259000 0.021 0.559  0.587 0.000  0.822 0.000   4.699 0.000   1.981 0.000000  2.718 0.000 0.026 0.000 0.195 0.559
139.291667 140.291667   49.72 0.000  0.67 0.000 9.999 0.259000 9.99 0.259000 0.038 0.559  0.718 0.000  1.005 0.000   7.284 0.000   3.235 0.000000  4.050 0.000 0.045 0.000 0.335 0.559
142.291667 143.291667   79.15 0.000  0.50 0.000 0.025 0.000000 9.99 0.259000 0.048 0.559  0.511 0.000  0.716 0.000  10.058 0.000   6.571 0.000000  3.488 0.000 0.053 0.000 0.150 0.559
145.291667 146.291667   45.45 0.000  0.49 0.000 9.999 0.259000 9.99 0.259000 0.023 0.559  0.499 0.000  0.698 0.000   6.857 0.000   4.478 0.000000  2.380 0.000 0.037 0.000 0.126 0.559
148.291667 149.291667   51.36 0.000  0.95 0.000 9.999 0.259000 9.99 0.259000 0.062 0.559  0.553 0.000  0.775 0.000   7.291 0.000   3.524 0.000000  3.766 0.000 0.051 0.000 0.229 0.559
151.291667 152.291667  155.28 0.559  1.11 0.559 0.062 0.559000 0.12 0.559000 0.035 0.559  1.038 0.559  1.453 0.559  19.732 0.000  13.086 0.559000  6.646 0.659 0.116 0.559 0.259 0.559
154.291667 155.291667   69.02 0.559  0.86 0.559 9.999 0.559259 0.11 0.559000 0.048 0.559  1.139 0.559  1.594 0.559  14.544 0.000   8.776 0.559000  5.767 0.659 0.064 0.559 0.406 0.559
157.291667 158.291667   75.00 0.559  0.46 0.559 0.033 0.559000 0.16 0.559000 0.021 0.559  0.725 0.000  1.015 0.000  13.062 0.000   8.863 0.559000  4.198 0.659 0.054 0.559 0.248 0.559
160.291667 161.291667   41.45 0.559  0.81 0.559 0.021 0.559000 0.26 0.559000 0.016 0.559  0.433 0.559  0.606 0.559   6.362 0.000   3.509 0.559000  2.854 0.659 0.036 0.559 0.261 0.559
163.291667 164.291667   35.50 0.559  0.88 0.559 0.018 0.559000 9.99 0.559259 0.017 0.559  1.039 0.559  1.454 0.559   7.852 0.000   3.269 0.559000  4.583 0.659 0.041 0.559 0.421 0.559
166.291667 167.291667   65.61 0.559  0.54 0.559 0.018 0.559000 9.99 0.559259 0.019 0.559  0.497 0.000  0.696 0.000  11.075 0.000   7.520 0.559000  3.555 0.659 0.051 0.559 0.177 0.559
169.291667 170.291667   40.48 0.559  1.31 0.559 0.019 0.559000 0.14 0.559000 0.036 0.559  0.740 0.559  1.035 0.559   8.499 0.000   4.572 0.559000  3.927 0.659 0.060 0.559 0.303 0.559
172.291667 173.291667   49.53 0.559  0.89 0.559 0.013 0.559000 0.28 0.559000 0.072 0.559  1.376 0.559  1.926 0.559  12.707 0.000   7.288 0.559000  5.419 0.659 0.061 0.559 0.317 0.559
175.291667 176.291667   31.82 0.559  0.37 0.559 0.011 0.559000 9.99 0.559259 0.022 0.559  1.849 0.559  2.588 0.559  10.915 0.000   6.007 0.559000  4.908 0.659 0.032 0.559 0.265 0.559
178.291667 179.291667 9999.99 0.456 99.99 0.456 9.999 0.456000 9.99 0.456000 9.999 0.456 99.999 0.456 99.999 0.456 999.999 0.456 999.999 0.456000 99.999 0.456 9.999 0.456 9.999 0.456
181.291667 182.291667 9999.99 0.456 99.99 0.456 9.999 0.456000 9.99 0.456000 9.999 0.456 99.999 0.456 99.999 0.456 999.999 0.456 999.999 0.456000 99.999 0.456 9.999 0.456 9.999 0.456
184.291667 185.291667 9999.99 0.456 99.99 0.456 9.999 0.456000 9.99 0.456000 9.999 0.456 99.999 0.456 99.999 0.456 999.999 0.456 999.999 0.456000 99.999 0.456 9.999 0.456 9.999 0.456
187.291667 188.291667    8.55 0.559  0.30 0.559 9.999 0.559259 9.99 0.559259 0.007 0.559  0.555 0.559  1.000 0.559   3.446 0.000   1.580 0.559000  1.866 0.659 0.010 0.559 0.104 0.559
190.291667 191.291667   20.58 0.559  0.65 0.559 9.999 0.559259 9.99 0.559259 0.023 0.559  0.359 0.559  0.646 0.559   6.232 0.000   2.870 0.559000  3.362 0.659 0.038 0.559 0.235 0.559
193.291667 194.291667   17.73 0.559  0.44 0.559 9.999 0.559259 0.18 0.559000 0.027 0.559  0.339 0.000  0.611 0.000   5.184 0.000   2.472 0.559000  2.712 0.659 0.028 0.559 0.294 0.559
196.291667 197.291667   36.86 0.559  0.52 0.559 9.999 0.559259 9.99 0.559259 0.021 0.559  0.563 0.000  1.013 0.000   7.685 0.000   4.452 0.559000  3.233 0.659 0.033 0.559 0.266 0.559
199.291667 200.291667   23.46 0.559  0.31 0.559 9.999 0.559259 9.99 0.559259 0.011 0.559  0.460 0.000  0.827 0.000   3.776 0.000   1.048 0.559000  2.728 0.659 0.014 0.559 0.191 0.559
202.291667 203.291667   22.42 0.559  0.29 0.559 9.999 0.559259 9.99 0.559259 0.016 0.559  1.289 0.559  2.321 0.559   9.098 0.000   3.341 0.559000  5.758 0.659 0.030 0.559 0.471 0.559
205.291667 206.291667 9999.99 0.999 99.99 0.999 9.999 0.999000 9.99 0.999000 9.999 0.999 99.999 0.999 99.999 0.999 999.999 0.999 999.999 0.999000 99.999 0.999 9.999 0.999 9.999 0.999
208.291667 209.291667 9999.99 0.999 99.99 0.999 9.999 0.999000 9.99 0.999000 9.999 0.999 99.999 0.999 99.999 0.999 999.999 0.999 999.999 0.999000 99.999 0.999 9.999 0.999 9.999 0.999
211.291667 212.291667 9999.99 0.999 99.99 0.999 9.999 0.999000 9.99 0.999000 9.999 0.999 99.999 0.999 99.999 0.999 999.999 0.999 999.999 0.999000 99.999 0.999 9.999 0.999 9.999 0.999
214.291667 215.291667   16.10 0.559  0.32 0.559 0.008 0.559000 9.99 0.559259 0.020 0.559  0.561 0.559  1.010 0.559   5.763 0.000   2.719 0.559000  3.045 0.659 0.018 0.559 0.317 0.559
217.291667 218.291667    5.04 0.559  0.25 0.559 9.999 0.559259 9.99 0.559259 0.005 0.559  0.502 0.559  0.903 0.559 999.999 0.456 999.999 0.559999  1.680 0.659 0.008 0.559 0.113 0.559
220.291667 221.291667   16.90 0.559  0.24 0.559 0.008 0.559000 9.99 0.559259 0.009 0.559  0.610 0.000  1.099 0.000   5.282 0.000   2.650 0.559000  2.632 0.659 0.014 0.559 0.217 0.559
223.291667 224.291667    5.58 0.559  0.22 0.559 9.999 0.559259 9.99 0.559259 0.005 0.559  0.446 0.000  0.804 0.000   3.527 0.000   2.009 0.559000  1.518 0.659 0.010 0.559 0.102 0.559
226.291667 227.291667    3.52 0.559  0.32 0.559 9.999 0.559259 9.99 0.559259 0.006 0.559  0.422 0.559  0.760 0.559   4.068 0.000   2.767 0.559000  1.301 0.659 0.006 0.559 0.106 0.559
229.291667 230.291667   14.17 0.559  0.17 0.559 9.999 0.559259 9.99 0.559259 0.023 0.559  0.413 0.559  0.744 0.559   5.589 0.000   3.363 0.559000  2.226 0.659 0.016 0.559 0.182 0.559
232.291667 233.291667    5.69 0.559  0.24 0.559 9.999 0.559259 9.99 0.559259 0.006 0.559  0.490 0.559  0.882 0.559   4.339 0.000   2.453 0.559000  1.886 0.659 0.008 0.559 0.162 0.559
235.291667 236.291667   10.49 0.559  0.50 0.559 9.999 0.559259 9.99 0.559259 0.020 0.559  0.359 0.559  0.647 0.559 999.999 0.999 999.999 0.559999  2.378 0.659 0.009 0.559 0.270 0.559
238.291667 239.291667   18.51 0.559  0.40 0.559 0.010 0.559000 9.99 0.559259 0.031 0.559  0.362 0.559  0.652 0.559 999.999 0.999 999.999 0.559999  2.704 0.659 0.020 0.559 0.296 0.559
241.291667 242.291667   10.65 0.559  0.49 0.559 9.999 0.559259 9.99 0.559259 0.010 0.559  0.564 0.559  1.016 0.559 999.999 0.999 999.999 0.559999  2.692 0.659 0.011 0.559 0.268 0.559
244.291667 245.291667    7.83 0.559  0.31 0.559 9.999 0.559259 9.99 0.559259 0.006 0.559  0.582 0.559  1.048 0.559 999.999 0.999 999.999 0.559999  2.125 0.659 0.011 0.559 0.170 0.559
247.291667 248.291667    1.13 0.559  0.09 0.559 0.013 0.559000 9.99 0.559259 0.001 0.559  0.213 0.559  0.384 0.559 999.999 0.999 999.999 0.559999  0.513 0.659 0.003 0.559 0.041 0.559
250.291667 251.291667    6.12 0.559  0.42 0.559 9.999 0.559259 9.99 0.559259 0.005 0.559  0.726 0.559  1.307 0.559   3.186 0.000   1.213 0.559000  1.973 0.659 0.040 0.559 0.114 0.559
253.291667 254.291667    8.68 0.559  0.36 0.559 9.999 0.559259 0.13 0.559000 0.010 0.559  0.328 0.559  0.590 0.559   3.679 0.000   1.580 0.559000  2.099 0.659 0.012 0.559 0.223 0.559
256.291667 257.291667   11.38 0.559  0.59 0.559 9.999 0.559259 0.23 0.559000 0.011 0.559  0.304 0.559  0.548 0.559   3.668 0.000   1.741 0.559000  1.927 0.659 0.014 0.559 0.217 0.559
259.291667 260.291667   29.88 0.559  0.17 0.559 0.018 0.559000 9.99 0.559259 0.022 0.559  0.630 0.559  1.134 0.559   6.113 0.000   3.694 0.559000  2.419 0.659 0.027 0.559 0.113 0.559
