scripts/IMPROVE-2019_partial/data/US0063R.20120101070000.20191216000000.filterpack...52w.3d.US03L_filterpack_US0063.US03L_IMPROVE_Davis.lev2.nas
51 1001
MISSING INFORMATION
US03L, IMPROVE, , , , , , , 
MISSING INFORMATION
IMPROVE sel_HTAP
1 1
2012 01 01 2019 12 16
3.000000
days from file reference point
4
1 1 1 1
999.999999 9999.999 999.999 9.999
end_time of measurement, days from the file reference point
pm10_mass, ug/m3, Matrix=pm10
pm25_mass, ug/m3, Matrix=pm25
numflag, no unit
0
33
Data definition:              EBAS_1.1
Set type code:                TU
Timezone:                     UTC
File name:                    US0063R.20120101070000.20191216000000.filterpack...52w.3d.US03L_filterpack_US0063.US03L_IMPROVE_Davis.lev2.nas
File creation:                20191218115931
Startdate:                    20120101070000
Revision date:                20191216000000
Version:                      2
Version description:          "Data extracted from http://views.cira.colostate.edu/fed/DataWizard 2019-12-16"
Statistics:                   arithmetic mean
Data level:                   2
Period code:                  52w
Resolution code:              3d
Sample duration:              1d
Orig. time res.:              3d
Station code:                 US0063R
Platform code:                US0063S
Station name:                 Bosque del Apache
Station latitude:             33.8695
Station longitude:            -106.852
Station altitude:             1389.0 m
Regime:                       IMG
Component:                    
Unit:                         ug/m3
Matrix:                       
Laboratory code:              US03L
Instrument type:              filterpack
Instrument name:              filterpack_US0063
Method ref:                   US03L_IMPROVE_Davis
Blank correction:             Blank corrected
Volume std. temperature:      ambient
Volume std. pressure:         ambient
starttime endtime PM10 PM2.5 flag
  0.291667   1.291667   13.151   3.600 0.000
  3.291667   4.291667 9999.999 999.999 0.999
  6.291667   7.291667 9999.999 999.999 0.999
  9.291667  10.291667 9999.999 999.999 0.999
 12.291667  13.291667   10.519   3.020 0.000
 15.291667  16.291667   15.356   1.439 0.000
 18.291667  19.291667    6.296   1.147 0.000
 21.291667  22.291667   21.802   2.654 0.000
 24.291667  25.291667    4.474   1.776 0.000
 27.291667  28.291667    8.652   1.916 0.000
 30.291667  31.291667   12.534   3.003 0.000
 33.291667  34.291667    6.121   2.434 0.000
 36.291667  37.291667   14.759   3.153 0.000
 39.291667  40.291667   10.260   3.333 0.000
 42.291667  43.291667   17.098   5.022 0.000
 45.291667  46.291667    4.055   1.479 0.000
 48.291667  49.291667    6.048   2.212 0.000
 51.291667  52.291667    6.035   2.478 0.000
 54.291667  55.291667 9999.999 999.999 0.999
 57.291667  58.291667 9999.999 999.999 0.999
 60.291667  61.291667   22.465   4.090 0.000
 63.291667  64.291667   12.094   2.807 0.000
 66.291667  67.291667  105.571  10.450 0.000
 69.291667  70.291667    5.513   2.436 0.000
 72.291667  73.291667   10.698   3.619 0.000
 75.291667  76.291667    5.890   3.433 0.000
 78.291667  79.291667 9999.999 999.999 0.999
 81.291667  82.291667 9999.999 999.999 0.999
 84.291667  85.291667 9999.999 999.999 0.999
 87.291667  88.291667   17.571   5.483 0.000
 90.291667  91.291667   14.005   4.701 0.000
 93.291667  94.291667    8.164   1.184 0.000
 96.291667  97.291667   17.832   4.714 0.000
 99.291667 100.291667   29.793   4.974 0.000
102.291667 103.291667   19.703   3.744 0.000
105.291667 106.291667   15.610   2.204 0.000
108.291667 109.291667   17.009   4.694 0.000
111.291667 112.291667   11.695   3.042 0.000
114.291667 115.291667   18.240   5.633 0.000
117.291667 118.291667 9999.999 999.999 0.999
120.291667 121.291667 9999.999 999.999 0.999
123.291667 124.291667    9.808   3.453 0.000
126.291667 127.291667   12.616   5.431 0.000
129.291667 130.291667   15.469   3.929 0.000
132.291667 133.291667   22.486   3.149 0.000
135.291667 136.291667   10.175   4.890 0.000
138.291667 139.291667   19.283   6.915 0.000
141.291667 142.291667   30.226   8.616 0.000
144.291667 145.291667  103.590  53.270 0.000
147.291667 148.291667   28.931  11.784 0.000
150.291667 151.291667   55.740  36.970 0.000
153.291667 154.291667   40.953  22.414 0.000
156.291667 157.291667   13.115   6.579 0.000
159.291667 160.291667   33.636  16.100 0.000
162.291667 163.291667   15.565   6.768 0.000
165.291667 166.291667   16.918   5.863 0.000
168.291667 169.291667   13.735   5.396 0.000
171.291667 172.291667 9999.999 999.999 0.999
174.291667 175.291667 9999.999 999.999 0.999
177.291667 178.291667   18.595   5.955 0.000
180.291667 181.291667   18.805   5.446 0.000
183.291667 184.291667   18.848   5.636 0.000
186.291667 187.291667 9999.999 999.999 0.999
189.291667 190.291667    8.950   4.532 0.000
192.291667 193.291667    7.098   5.513 0.000
195.291667 196.291667   13.391   7.867 0.000
198.291667 199.291667    7.819   3.066 0.000
201.291667 202.291667 9999.999 999.999 0.999
204.291667 205.291667 9999.999 999.999 0.999
207.291667 208.291667    7.648   4.968 0.000
210.291667 211.291667   16.868   7.566 0.000
213.291667 214.291667    8.027   3.157 0.000
216.291667 217.291667    8.577   2.449 0.000
219.291667 220.291667   10.668   6.454 0.000
222.291667 223.291667 9999.999 999.999 0.999
225.291667 226.291667 9999.999 999.999 0.999
228.291667 229.291667   11.960   6.370 0.000
231.291667 232.291667   23.484   8.139 0.000
234.291667 235.291667    6.738   3.953 0.000
237.291667 238.291667    6.745   3.443 0.000
240.291667 241.291667   10.415   5.555 0.000
243.291667 244.291667   11.492   5.459 0.000
246.291667 247.291667    9.061   4.518 0.000
249.291667 250.291667   13.920   4.835 0.000
252.291667 253.291667    9.186   6.927 0.000
255.291667 256.291667    4.925   2.601 0.000
258.291667 259.291667    8.736   5.594 0.000
261.291667 262.291667   12.958   6.790 0.000
264.291667 265.291667   11.220   5.591 0.000
267.291667 268.291667   11.775   6.487 0.000
270.291667 271.291667 9999.999 999.999 0.999
273.291667 274.291667 9999.999 999.999 0.999
276.291667 277.291667 9999.999 999.999 0.999
279.291667 280.291667 9999.999 999.999 0.999
282.291667 283.291667 9999.999 999.999 0.999
285.291667 286.291667   28.910   4.584 0.000
288.291667 289.291667    7.107   2.747 0.000
291.291667 292.291667    7.985   2.497 0.000
294.291667 295.291667    8.261   2.822 0.000
297.291667 298.291667    6.509   2.458 0.000
300.291667 301.291667    7.762   3.676 0.000
303.291667 304.291667    5.400   4.028 0.000
306.291667 307.291667    8.051   6.693 0.000
309.291667 310.291667    5.117   3.583 0.000
312.291667 313.291667   12.798   4.609 0.000
315.291667 316.291667    8.482   2.793 0.000
318.291667 319.291667    7.524   3.783 0.000
321.291667 322.291667   19.449   6.947 0.000
324.291667 325.291667    4.854   2.476 0.000
327.291667 328.291667 9999.999 999.999 0.999
330.291667 331.291667 9999.999 999.999 0.999
333.291667 334.291667   11.736   5.932 0.000
336.291667 337.291667    7.868   4.676 0.000
339.291667 340.291667    8.290   3.064 0.000
342.291667 343.291667    5.043   2.005 0.000
345.291667 346.291667    6.856   2.425 0.000
348.291667 349.291667    5.219   2.031 0.000
351.291667 352.291667    4.894   2.260 0.000
354.291667 355.291667    4.181   2.227 0.000
357.291667 358.291667    8.884   5.538 0.000
360.291667 361.291667 9999.999 999.999 0.999
363.291667 364.291667 9999.999 999.999 0.999
