scripts/IMPROVE-2019_partial/data/US0031R.20170101100000.20191216000000.filterpack...52w.3d.US03L_filterpack_US0031.US03L_IMPROVE_Davis.lev2.nas
52 1001
MISSING INFORMATION
US03L, IMPROVE, , , , , , , 
MISSING INFORMATION
IMPROVE sel_HTAP
1 1
2017 01 01 2019 12 16
3.000000
days from file reference point
5
1 1 1 1 1
999.999999 999.999 9.999 999.999 9.999
end_time of measurement, days from the file reference point
pm10_mass, ug/m3, Matrix=pm10
numflag pm10_mass, no unit, Matrix=pm10
pm25_mass, ug/m3, Matrix=pm25
numflag pm25_mass, no unit, Matrix=pm25
0
33
Data definition:              EBAS_1.1
Set type code:                TU
Timezone:                     UTC
File name:                    US0031R.20170101100000.20191216000000.filterpack...52w.3d.US03L_filterpack_US0031.US03L_IMPROVE_Davis.lev2.nas
File creation:                20191218115730
Startdate:                    20170101100000
Revision date:                20191216000000
Version:                      2
Version description:          "Data extracted from http://views.cira.colostate.edu/fed/DataWizard 2019-12-16"
Statistics:                   arithmetic mean
Data level:                   2
Period code:                  52w
Resolution code:              3d
Sample duration:              1d
Orig. time res.:              3d
Station code:                 US0031R
Platform code:                US0031S
Station name:                 Hawaii Volcanoes NP
Station latitude:             19.4309
Station longitude:            -155.2579
Station altitude:             1258.0 m
Regime:                       IMG
Component:                    
Unit:                         ug/m3
Matrix:                       
Laboratory code:              US03L
Instrument type:              filterpack
Instrument name:              filterpack_US0031
Method ref:                   US03L_IMPROVE_Davis
Blank correction:             Blank corrected
Volume std. temperature:      ambient
Volume std. pressure:         ambient
starttime endtime PM10 flag_PM10 PM2.5 flag_PM2.5
  0.416667   1.416667   3.085 0.000   2.825 0.000
  3.416667   4.416667  15.015 0.000  13.352 0.000
  6.416667   7.416667   9.557 0.000 999.999 0.456
  9.416667  10.416667  15.288 0.000  14.347 0.000
 12.416667  13.416667   9.012 0.000   6.793 0.000
 15.416667  16.416667   2.649 0.000   0.837 0.000
 18.416667  19.416667   0.956 0.000   0.528 0.000
 21.416667  22.416667   0.350 0.000   0.217 0.000
 24.416667  25.416667   1.223 0.000   0.404 0.000
 27.416667  28.416667   2.876 0.000   1.562 0.000
 30.416667  31.416667   7.991 0.000 999.999 0.456
 33.416667  34.416667  32.010 0.000  29.599 0.000
 36.416667  37.416667   9.221 0.000   7.826 0.000
 39.416667  40.416667   8.203 0.000   6.526 0.000
 42.416667  43.416667   5.957 0.000   3.128 0.000
 45.416667  46.416667  22.610 0.000  19.858 0.000
 48.416667  49.416667  15.463 0.000  15.286 0.000
 51.416667  52.416667   6.689 0.000   2.852 0.000
 54.416667  55.416667   5.116 0.000   2.377 0.000
 57.416667  58.416667   4.556 0.000   5.097 0.000
 60.416667  61.416667   3.850 0.000   2.453 0.000
 63.416667  64.416667  24.626 0.000  24.578 0.000
 66.416667  67.416667  20.017 0.000  19.261 0.000
 69.416667  70.416667   8.545 0.000   6.825 0.000
 72.416667  73.416667   5.783 0.000   4.381 0.000
 75.416667  76.416667   3.615 0.000   2.367 0.000
 78.416667  79.416667   1.749 0.000   0.778 0.000
 81.416667  82.416667   4.017 0.000   2.916 0.000
 84.416667  85.416667   7.454 0.000   3.265 0.000
 87.416667  88.416667   3.847 0.000   1.740 0.000
 90.416667  91.416667   3.689 0.000   2.023 0.000
 93.416667  94.416667   4.679 0.000   2.009 0.000
 96.416667  97.416667   5.557 0.000   2.522 0.000
 99.416667 100.416667   7.421 0.000   4.844 0.000
102.416667 103.416667   2.749 0.000   1.242 0.000
105.416667 106.416667   2.713 0.000   1.147 0.000
108.416667 109.416667 999.999 0.999 999.999 0.999
111.416667 112.416667 999.999 0.999 999.999 0.999
114.416667 115.416667 999.999 0.999 999.999 0.999
117.416667 118.416667   9.918 0.000   7.687 0.000
120.416667 121.416667   5.236 0.000   4.672 0.000
123.416667 124.416667   3.982 0.000   2.113 0.000
126.416667 127.416667   3.720 0.000   1.642 0.000
129.416667 130.416667   4.640 0.000   2.336 0.000
132.416667 133.416667   6.143 0.000   2.546 0.000
135.416667 136.416667   2.950 0.000   1.370 0.000
138.416667 139.416667   3.416 0.000   0.871 0.000
141.416667 142.416667   2.425 0.000   0.995 0.000
144.416667 145.416667 999.999 0.999 999.999 0.999
147.416667 148.416667 999.999 0.999 999.999 0.999
150.416667 151.416667 999.999 0.999 999.999 0.999
153.416667 154.416667 999.999 0.999 999.999 0.999
156.416667 157.416667 999.999 0.999 999.999 0.999
159.416667 160.416667 999.999 0.999 999.999 0.999
162.416667 163.416667   2.042 0.000   1.097 0.000
165.416667 166.416667   2.974 0.000   1.549 0.000
168.416667 169.416667   1.185 0.000   0.684 0.000
171.416667 172.416667   4.411 0.000   1.929 0.000
174.416667 175.416667   2.143 0.000   0.994 0.000
177.416667 178.416667   5.156 0.000   2.699 0.000
180.416667 181.416667   4.297 0.000   2.148 0.000
183.416667 184.416667   6.145 0.000   3.216 0.000
186.416667 187.416667   3.712 0.000   1.620 0.000
189.416667 190.416667   2.768 0.000   1.528 0.000
192.416667 193.416667   2.882 0.000   1.643 0.000
195.416667 196.416667   3.121 0.000   1.464 0.000
198.416667 199.416667   5.311 0.000   2.228 0.000
201.416667 202.416667   2.727 0.000   1.214 0.000
204.416667 205.416667   4.718 0.000   2.416 0.000
207.416667 208.416667   2.156 0.000   0.778 0.000
210.416667 211.416667   4.177 0.000   1.525 0.000
213.416667 214.416667   3.674 0.000   1.551 0.000
216.416667 217.416667   7.882 0.000   2.823 0.000
219.416667 220.416667   4.042 0.000   1.903 0.000
222.416667 223.416667   1.318 0.000   0.280 0.000
225.416667 226.416667   2.371 0.000   1.027 0.000
228.416667 229.416667   3.748 0.000   1.459 0.000
231.416667 232.416667   1.453 0.000   0.590 0.000
234.416667 235.416667   5.264 0.000   2.420 0.000
237.416667 238.416667   3.899 0.000   1.675 0.000
240.416667 241.416667   1.733 0.000   0.631 0.000
243.416667 244.416667   4.425 0.000   2.114 0.000
246.416667 247.416667  15.080 0.000  14.535 0.000
249.416667 250.416667   2.941 0.000   1.836 0.000
252.416667 253.416667   4.463 0.000   3.167 0.000
255.416667 256.416667  10.797 0.000   9.542 0.000
258.416667 259.416667   3.725 0.000   1.459 0.000
261.416667 262.416667   3.995 0.000   1.456 0.000
264.416667 265.416667   3.246 0.000   1.333 0.000
267.416667 268.416667   1.779 0.000   0.788 0.000
270.416667 271.416667   1.807 0.000   0.637 0.000
273.416667 274.416667  10.057 0.000   9.261 0.000
276.416667 277.416667   2.595 0.000   1.488 0.000
279.416667 280.416667   9.365 0.000   9.237 0.000
282.416667 283.416667   2.440 0.000   1.369 0.000
285.416667 286.416667   3.909 0.000   3.561 0.000
288.416667 289.416667   3.593 0.000   1.580 0.000
291.416667 292.416667   2.727 0.000   0.970 0.000
294.416667 295.416667   7.422 0.000   7.123 0.000
297.416667 298.416667   2.369 0.000   1.815 0.000
300.416667 301.416667   6.090 0.000   5.047 0.000
303.416667 304.416667   2.907 0.000   1.452 0.000
306.416667 307.416667   3.539 0.000   2.346 0.000
309.416667 310.416667   2.802 0.000   1.186 0.000
312.416667 313.416667   2.102 0.000   0.884 0.000
315.416667 316.416667   2.484 0.000   2.147 0.000
318.416667 319.416667   1.118 0.000   0.488 0.000
321.416667 322.416667  18.246 0.000  18.106 0.000
324.416667 325.416667   7.036 0.000   6.676 0.000
327.416667 328.416667   1.159 0.000   0.306 0.000
330.416667 331.416667   0.868 0.000   0.486 0.000
333.416667 334.416667 999.999 0.999 999.999 0.999
336.416667 337.416667 999.999 0.999 999.999 0.999
339.416667 340.416667  12.655 0.000   4.444 0.000
342.416667 343.416667  14.277 0.000  13.100 0.000
345.416667 346.416667 999.999 0.456 999.999 0.456
348.416667 349.416667 999.999 0.456 999.999 0.456
351.416667 352.416667 999.999 0.456 999.999 0.456
354.416667 355.416667   1.118 0.000   0.521 0.000
357.416667 358.416667   3.354 0.000   1.129 0.000
360.416667 361.416667 999.999 0.999 999.999 0.999
363.416667 364.416667   1.409 0.000   0.730 0.000
