scripts/IMPROVE-2019_partial/data/US0048R.20110103060000.20191216000000.filterpack...1y.3d.US03L_filterpack_US0048.US03L_IMPROVE_Davis.lev2.nas
52 1001
MISSING INFORMATION
US03L, IMPROVE, , , , , , , 
MISSING INFORMATION
IMPROVE sel_HTAP
1 1
2011 01 01 2019 12 16
3.00
days from file reference point
5
1 1 1 1 1
999.99 999.999 9.999 999.999 9.999
end_time of measurement, days from the file reference point
pm10_mass, ug/m3, Matrix=pm10
numflag pm10_mass, no unit, Matrix=pm10
pm25_mass, ug/m3, Matrix=pm25
numflag pm25_mass, no unit, Matrix=pm25
0
33
Data definition:              EBAS_1.1
Set type code:                TU
Timezone:                     UTC
File name:                    US0048R.20110103060000.20191216000000.filterpack...1y.3d.US03L_filterpack_US0048.US03L_IMPROVE_Davis.lev2.nas
File creation:                20191218115819
Startdate:                    20110103060000
Revision date:                20191216000000
Version:                      2
Version description:          "Data extracted from http://views.cira.colostate.edu/fed/DataWizard 2019-12-16"
Statistics:                   arithmetic mean
Data level:                   2
Period code:                  1y
Resolution code:              3d
Sample duration:              1d
Orig. time res.:              3d
Station code:                 US0048R
Platform code:                US0048S
Station name:                 Boundary Waters Canoe Area
Station latitude:             47.9466
Station longitude:            -91.4955
Station altitude:             526.0 m
Regime:                       IMG
Component:                    
Unit:                         ug/m3
Matrix:                       
Laboratory code:              US03L
Instrument type:              filterpack
Instrument name:              filterpack_US0048
Method ref:                   US03L_IMPROVE_Davis
Blank correction:             Blank corrected
Volume std. temperature:      ambient
Volume std. pressure:         ambient
starttime endtime PM10 flag_PM10 PM2.5 flag_PM2.5
  2.25   3.25   3.011 0.000   2.457 0.000
  5.25   6.25   2.606 0.000   2.185 0.000
  8.25   9.25   2.196 0.000   1.538 0.000
 11.25  12.25   0.510 0.000 999.999 0.456
 14.25  15.25   1.120 0.000   0.709 0.000
 17.25  18.25   0.952 0.000   0.775 0.000
 20.25  21.25 999.999 0.999 999.999 0.999
 23.25  24.25   8.444 0.000   6.884 0.000
 26.25  27.25   4.534 0.000   3.713 0.000
 29.25  30.25   1.903 0.000   1.414 0.000
 32.25  33.25   2.554 0.000   1.771 0.000
 35.25  36.25   1.517 0.000   1.282 0.000
 38.25  39.25   3.558 0.000   2.451 0.000
 41.25  42.25   8.154 0.000   5.378 0.000
 44.25  45.25   2.585 0.000   2.283 0.000
 47.25  48.25   7.300 0.000   5.466 0.000
 50.25  51.25   2.354 0.000   1.658 0.000
 53.25  54.25   9.877 0.000   8.225 0.000
 56.25  57.25   5.171 0.000   3.200 0.000
 59.25  60.25 999.999 0.999 999.999 0.999
 62.25  63.25 999.999 0.999 999.999 0.999
 65.25  66.25 999.999 0.999 999.999 0.999
 68.25  69.25   5.396 0.000   4.704 0.000
 71.25  72.25   3.502 0.000   2.844 0.000
 74.25  75.25   5.810 0.000   3.899 0.000
 77.25  78.25   3.940 0.000   2.908 0.000
 80.25  81.25   2.727 0.000   2.631 0.000
 83.25  84.25   2.999 0.000   1.962 0.000
 86.25  87.25   2.380 0.000   1.615 0.000
 89.25  90.25   5.487 0.000   3.580 0.000
 92.25  93.25   1.628 0.000   1.048 0.000
 95.25  96.25   3.574 0.000   2.810 0.000
 98.25  99.25   8.548 0.000   6.850 0.000
101.25 102.25   6.956 0.000   3.870 0.000
104.25 105.25   2.925 0.000   1.894 0.000
107.25 108.25   3.129 0.000   2.112 0.000
110.25 111.25   3.974 0.000   2.595 0.000
113.25 114.25   5.960 0.000   3.952 0.000
116.25 117.25   2.392 0.000   1.323 0.000
119.25 120.25   5.032 0.000   3.233 0.000
122.25 123.25   2.828 0.000   1.986 0.000
125.25 126.25   2.744 0.000   1.809 0.000
128.25 129.25   7.044 0.000   4.377 0.000
131.25 132.25   1.806 0.000   0.830 0.000
134.25 135.25   2.997 0.000   1.971 0.000
137.25 138.25   4.986 0.000   2.350 0.000
140.25 141.25   6.764 0.000   4.686 0.000
143.25 144.25   2.178 0.000   0.831 0.000
146.25 147.25   4.414 0.000   2.293 0.000
149.25 150.25   7.525 0.000   4.351 0.000
152.25 153.25   7.750 0.000   2.304 0.000
155.25 156.25  10.016 0.000   3.362 0.000
158.25 159.25  10.079 0.000   4.366 0.000
161.25 162.25   5.820 0.000   1.732 0.000
164.25 165.25  17.057 0.000   7.079 0.000
167.25 168.25  15.126 0.000   9.529 0.000
170.25 171.25   8.708 0.000   3.880 0.000
173.25 174.25   4.897 0.000   2.472 0.000
176.25 177.25  13.590 0.000   9.596 0.000
179.25 180.25   8.826 0.000   4.204 0.000
182.25 183.25   9.548 0.000   3.153 0.000
185.25 186.25   9.040 0.000   3.813 0.659
188.25 189.25  11.998 0.000   7.463 0.000
191.25 192.25   7.999 0.000   2.943 0.000
194.25 195.25 999.999 0.999 999.999 0.999
197.25 198.25 999.999 0.999 999.999 0.999
200.25 201.25  16.195 0.000   7.289 0.000
203.25 204.25   7.394 0.000   5.407 0.000
206.25 207.25   4.934 0.000   1.954 0.000
209.25 210.25  10.161 0.000   3.986 0.000
212.25 213.25   7.944 0.000   4.196 0.000
215.25 216.25  10.589 0.000   4.469 0.000
218.25 219.25  18.806 0.000  15.802 0.000
221.25 222.25   3.176 0.000   1.592 0.000
224.25 225.25   7.344 0.000   4.027 0.000
227.25 228.25 999.999 0.456   6.534 0.000
230.25 231.25   8.598 0.000   3.652 0.000
233.25 234.25   7.753 0.000   3.281 0.000
236.25 237.25   5.612 0.000   3.053 0.000
239.25 240.25   9.476 0.000   7.770 0.000
242.25 243.25   4.621 0.000   3.465 0.000
245.25 246.25   5.947 0.000   4.093 0.000
248.25 249.25  47.750 0.000  38.411 0.000
251.25 252.25  29.424 0.000  23.784 0.000
254.25 255.25  63.806 0.000  49.995 0.000
257.25 258.25   3.004 0.000   0.976 0.000
260.25 261.25  22.595 0.000  19.998 0.000
263.25 264.25   6.225 0.000   4.737 0.000
266.25 267.25   9.244 0.000   7.771 0.000
269.25 270.25   7.445 0.000   4.832 0.000
272.25 273.25   1.247 0.000   0.635 0.000
275.25 276.25  30.040 0.000   8.697 0.000
278.25 279.25  33.434 0.000  19.679 0.000
281.25 282.25  10.872 0.000   6.714 0.000
284.25 285.25  16.140 0.000  12.281 0.000
287.25 288.25   1.614 0.000   0.856 0.000
290.25 291.25   0.419 0.000   0.277 0.000
293.25 294.25   5.011 0.000   2.529 0.000
296.25 297.25   1.336 0.000   0.894 0.000
299.25 300.25   2.437 0.000   1.925 0.000
302.25 303.25   5.827 0.000   3.619 0.000
305.25 306.25   4.159 0.000   2.724 0.000
308.25 309.25   6.605 0.000   5.066 0.000
311.25 312.25   5.253 0.000   3.557 0.000
314.25 315.25   6.057 0.000   3.298 0.000
317.25 318.25   7.090 0.000   4.072 0.000
320.25 321.25   2.257 0.000   1.488 0.000
323.25 324.25   1.653 0.000   1.280 0.000
326.25 327.25  11.529 0.000   9.562 0.000
329.25 330.25   0.645 0.000   0.610 0.000
332.25 333.25   1.457 0.000   0.998 0.659
335.25 336.25   4.192 0.000   2.063 0.000
338.25 339.25   1.895 0.000   1.424 0.000
341.25 342.25   5.238 0.000   2.374 0.000
344.25 345.25  12.301 0.000   8.979 0.000
347.25 348.25   3.540 0.000   2.746 0.000
350.25 351.25   5.063 0.000   4.150 0.000
353.25 354.25   3.136 0.000   1.725 0.000
356.25 357.25   4.486 0.000   2.117 0.000
359.25 360.25   4.324 0.000   1.228 0.000
362.25 363.25   4.096 0.000   2.945 0.000
