scripts/IMPROVE-2019_partial/data/US0059R.20120101070000.20191216000000.filterpack...52w.3d.US03L_filterpack_US0059.US03L_IMPROVE_Davis.lev2.nas
51 1001
MISSING INFORMATION
US03L, IMPROVE, , , , , , , 
MISSING INFORMATION
IMPROVE sel_HTAP
1 1
2012 01 01 2019 12 16
3.000000
days from file reference point
4
1 1 1 1
999.999999 999.999 999.999 9.999
end_time of measurement, days from the file reference point
pm10_mass, ug/m3, Matrix=pm10
pm25_mass, ug/m3, Matrix=pm25
numflag, no unit
0
33
Data definition:              EBAS_1.1
Set type code:                TU
Timezone:                     UTC
File name:                    US0059R.20120101070000.20191216000000.filterpack...52w.3d.US03L_filterpack_US0059.US03L_IMPROVE_Davis.lev2.nas
File creation:                20191218115908
Startdate:                    20120101070000
Revision date:                20191216000000
Version:                      2
Version description:          "Data extracted from http://views.cira.colostate.edu/fed/DataWizard 2019-12-16"
Statistics:                   arithmetic mean
Data level:                   2
Period code:                  52w
Resolution code:              3d
Sample duration:              1d
Orig. time res.:              3d
Station code:                 US0059R
Platform code:                US0059S
Station name:                 Crescent Lake
Station latitude:             41.7627
Station longitude:            -102.4336
Station altitude:             1207.0 m
Regime:                       IMG
Component:                    
Unit:                         ug/m3
Matrix:                       
Laboratory code:              US03L
Instrument type:              filterpack
Instrument name:              filterpack_US0059
Method ref:                   US03L_IMPROVE_Davis
Blank correction:             Blank corrected
Volume std. temperature:      ambient
Volume std. pressure:         ambient
starttime endtime PM10 PM2.5 flag
  0.291667   1.291667   1.704   0.763 0.000
  3.291667   4.291667   5.611   1.485 0.000
  6.291667   7.291667   3.191   1.100 0.000
  9.291667  10.291667   5.341   1.195 0.000
 12.291667  13.291667   5.032   0.981 0.000
 15.291667  16.291667  10.758   2.139 0.000
 18.291667  19.291667  10.853   5.180 0.000
 21.291667  22.291667   7.282   1.896 0.000
 24.291667  25.291667   4.473   1.073 0.000
 27.291667  28.291667   3.308   1.374 0.000
 30.291667  31.291667   2.131   0.827 0.000
 33.291667  34.291667   7.847   5.200 0.000
 36.291667  37.291667  10.614   8.682 0.000
 39.291667  40.291667   7.846   4.938 0.000
 42.291667  43.291667   7.937   4.266 0.000
 45.291667  46.291667   2.489   1.260 0.000
 48.291667  49.291667   6.617   4.983 0.000
 51.291667  52.291667   5.002   1.352 0.000
 54.291667  55.291667   1.314   0.549 0.000
 57.291667  58.291667  10.710   2.898 0.000
 60.291667  61.291667   2.707   1.049 0.000
 63.291667  64.291667   5.236   1.413 0.000
 66.291667  67.291667   4.703   1.200 0.000
 69.291667  70.291667   7.507   2.733 0.000
 72.291667  73.291667  10.410   4.323 0.000
 75.291667  76.291667  11.842   3.447 0.000
 78.291667  79.291667  11.472   1.913 0.000
 81.291667  82.291667   7.560   2.607 0.000
 84.291667  85.291667  13.337   8.804 0.000
 87.291667  88.291667  14.592   5.350 0.000
 90.291667  91.291667   6.566   2.166 0.000
 93.291667  94.291667   4.300   1.101 0.000
 96.291667  97.291667  14.009   4.035 0.000
 99.291667 100.291667   6.625   3.110 0.000
102.291667 103.291667   9.899   5.146 0.000
105.291667 106.291667   2.319   1.896 0.000
108.291667 109.291667 999.999 999.999 0.999
111.291667 112.291667   4.415   3.307 0.000
114.291667 115.291667   7.839   3.125 0.000
117.291667 118.291667  10.492   4.031 0.000
120.291667 121.291667   7.441   4.215 0.000
123.291667 124.291667   8.433   3.869 0.000
126.291667 127.291667   5.496   2.342 0.000
129.291667 130.291667   8.183   3.901 0.000
132.291667 133.291667   5.250   2.857 0.000
135.291667 136.291667  17.191   6.009 0.000
138.291667 139.291667  19.341   6.772 0.000
141.291667 142.291667  12.864   4.961 0.000
144.291667 145.291667   3.717   1.609 0.000
147.291667 148.291667  20.084   4.273 0.000
150.291667 151.291667  11.918   3.222 0.000
153.291667 154.291667   8.525   2.685 0.000
156.291667 157.291667  13.552   4.872 0.000
159.291667 160.291667  16.832   5.813 0.000
162.291667 163.291667   5.974   1.332 0.000
165.291667 166.291667  16.503   3.979 0.000
168.291667 169.291667  13.557   3.593 0.000
171.291667 172.291667   7.695   1.966 0.000
174.291667 175.291667  17.398   7.174 0.000
177.291667 178.291667  19.265   8.381 0.000
180.291667 181.291667  14.272   6.662 0.000
183.291667 184.291667  19.869   9.439 0.000
186.291667 187.291667 999.999 999.999 0.999
189.291667 190.291667   7.322   3.466 0.000
192.291667 193.291667  15.710   5.499 0.000
195.291667 196.291667  16.912   6.985 0.000
198.291667 199.291667  13.814   5.209 0.000
201.291667 202.291667  22.102   6.836 0.000
204.291667 205.291667  18.039   7.071 0.000
207.291667 208.291667  10.627   5.335 0.000
210.291667 211.291667   9.953   4.343 0.000
213.291667 214.291667  11.604   5.347 0.000
216.291667 217.291667   6.835   2.865 0.000
219.291667 220.291667  14.013   6.202 0.000
222.291667 223.291667  18.438   5.109 0.000
225.291667 226.291667  10.444   5.021 0.000
228.291667 229.291667   6.780   2.249 0.000
231.291667 232.291667  10.828   3.791 0.000
234.291667 235.291667  22.997  10.266 0.000
237.291667 238.291667  14.491   6.437 0.000
240.291667 241.291667  20.810   8.930 0.000
243.291667 244.291667  26.438  11.485 0.000
246.291667 247.291667  11.928   4.042 0.000
249.291667 250.291667  30.331  11.964 0.000
252.291667 253.291667  19.812   4.738 0.000
255.291667 256.291667  13.129   8.111 0.000
258.291667 259.291667  14.236   5.217 0.000
261.291667 262.291667  17.737   5.200 0.000
264.291667 265.291667  20.454   4.899 0.000
267.291667 268.291667  27.644   5.408 0.000
270.291667 271.291667  15.502   6.761 0.000
273.291667 274.291667  15.812   6.812 0.000
276.291667 277.291667  36.527   5.679 0.000
279.291667 280.291667   2.537   1.655 0.000
282.291667 283.291667   3.242   1.814 0.000
285.291667 286.291667  29.896   5.881 0.000
288.291667 289.291667  10.630   4.109 0.000
291.291667 292.291667  72.715   6.899 0.000
294.291667 295.291667   9.783   1.731 0.000
297.291667 298.291667   2.690   1.088 0.000
300.291667 301.291667   3.597   2.442 0.000
303.291667 304.291667   4.781   1.289 0.000
306.291667 307.291667   6.792   2.093 0.000
309.291667 310.291667   4.524   1.076 0.000
312.291667 313.291667   6.652   2.488 0.000
315.291667 316.291667   4.752   2.544 0.000
318.291667 319.291667   3.979   1.512 0.000
321.291667 322.291667  10.075   3.158 0.000
324.291667 325.291667   5.565   2.181 0.000
327.291667 328.291667   5.362   1.440 0.000
330.291667 331.291667   3.137   1.912 0.000
333.291667 334.291667   9.093   2.669 0.000
336.291667 337.291667  13.461   3.474 0.000
339.291667 340.291667  10.734   2.246 0.000
342.291667 343.291667   5.462   1.441 0.000
345.291667 346.291667   3.400   1.131 0.000
348.291667 349.291667  21.453   4.418 0.000
351.291667 352.291667   9.817   1.560 0.000
354.291667 355.291667  42.236   1.298 0.000
357.291667 358.291667   9.760   2.456 0.000
360.291667 361.291667  29.251   4.198 0.000
363.291667 364.291667   4.168   2.594 0.000
