scripts/IMPROVE-2019_partial/data/US0051R.20030103060000.20191216000000.filterpack..pm25.1y.1w.US03L_filterpack_US0051.US03L_IMPROVE_Davis.lev2.nas
66 1001
MISSING INFORMATION
US03L, IMPROVE, , , , , , , 
MISSING INFORMATION
IMPROVE sel_HTAP
1 1
2003 01 01 2019 12 16
3.00
days from file reference point
27
1 1 1 1 1 1 1 1 1 1 1 1 1 1 1 1 1 1 1 1 1 1 1 1 1 1 1
999.99 9999.99 9.999 99.99 9.999 9.999 9.999999 9.99 9.999 99.999 9.999 99.999 9.999 999.999 9.999 999.99 9.999999 999.999 9.999 999.999 9.999 999.999 9.999 9.999 9.999 99.999 9.999
end_time of measurement, days from the file reference point
iron, ng/m3, Revision date=20181210133000
numflag iron, no unit, Revision date=20181210133000
lead, ng/m3, Revision date=20181210133000
numflag lead, no unit, Revision date=20181210133000
magnesium, ug/m3, Revision date=20181210133000
numflag magnesium, no unit, Revision date=20181210133000
nickel, ng/m3, Revision date=20181210133000
numflag nickel, no unit, Revision date=20181210133000
nitrate, ug N/m3, Revision date=20181210133000
numflag nitrate, no unit, Revision date=20181210133000
organic_carbon, ug C/m3, Revision date=20181210133000
numflag organic_carbon, no unit, Revision date=20181210133000
organic_mass, ug/m3, Revision date=20181210133000
numflag organic_mass, no unit, Revision date=20181210133000
phosphorus, ng/m3, Revision date=20181210133000
numflag phosphorus, no unit, Revision date=20181210133000
pm10_mass, ug/m3, Version=2, Version description=Data extracted from http://views.cira.colostate.edu/fed/DataWizard 2019-12-16, Sample duration=1d, Orig. time res.=3d, Matrix=pm10, Blank correction=Blank corrected, Volume std. temperature=ambient, Volume std. pressure=ambient
numflag pm10_mass, no unit, Version=2, Version description=Data extracted from http://views.cira.colostate.edu/fed/DataWizard 2019-12-16, Sample duration=1d, Orig. time res.=3d, Matrix=pm10, Blank correction=Blank corrected, Volume std. temperature=ambient, Volume std. pressure=ambient
pm10_pm25_mass, ug/m3, Revision date=20181210133000, Matrix=pm10_pm25
numflag pm10_pm25_mass, no unit, Revision date=20181210133000, Matrix=pm10_pm25
pm25_mass, ug/m3, Version=2, Version description=Data extracted from http://views.cira.colostate.edu/fed/DataWizard 2019-12-16, Sample duration=1d, Orig. time res.=3d, Blank correction=Blank corrected, Volume std. temperature=ambient, Volume std. pressure=ambient
numflag pm25_mass, no unit, Version=2, Version description=Data extracted from http://views.cira.colostate.edu/fed/DataWizard 2019-12-16, Sample duration=1d, Orig. time res.=3d, Blank correction=Blank corrected, Volume std. temperature=ambient, Volume std. pressure=ambient
potassium, ug/m3, Revision date=20181210133000
numflag potassium, no unit, Revision date=20181210133000
sulphate_total, ug S/m3, Revision date=20181210133000
numflag sulphate_total, no unit, Revision date=20181210133000
0
25
Data definition:              EBAS_1.1
Set type code:                TU
Timezone:                     UTC
File name:                    US0051R.20030103060000.20191216000000.filterpack..pm25.1y.1w.US03L_filterpack_US0051.US03L_IMPROVE_Davis.lev2.nas
File creation:                20191218115829
Startdate:                    20030103060000
Revision date:                20191216000000
Statistics:                   arithmetic mean
Data level:                   2
Period code:                  1y
Resolution code:              1w
Station code:                 US0051R
Platform code:                US0051S
Station name:                 El Dorado Springs
Station latitude:             37.7009
Station longitude:            -94.0348
Station altitude:             297.0 m
Regime:                       IMG
Component:                    
Matrix:                       pm25
Laboratory code:              US03L
Instrument type:              filterpack
Instrument name:              filterpack_US0051
Method ref:                   US03L_IMPROVE_Davis
starttime endtime Fe flag_Fe Pb flag_Pb Mg++ flag_Mg++ Ni flag_Ni NO3- flag_NO3- OC flag_OC OM flag_OM P flag_P PM10 flag_PM10 PM10-PM2.5 flag_PM10-PM2.5 PM2.5 flag_PM2.5 K+ flag_K+ SO4-- flag_SO4--
  2.25   3.25   37.13 0.000  2.77 0.000 9.999 0.259000 9.99 0.259  1.549 0.000  2.113 0.000   2.959 0.000  53.98 0.000000  26.010 0.000  11.506 0.000  14.504 0.000 0.060 0.000  0.507 0.000
  5.25   6.25   10.23 0.000  1.68 0.000 9.999 0.259000 9.99 0.259  1.043 0.000  0.908 0.000   1.271 0.000 999.99 0.259000  14.642 0.000   3.473 0.000  11.169 0.000 0.031 0.000  0.904 0.000
  8.25   9.25   26.48 0.000  0.87 0.000 9.999 0.259000 9.99 0.259  0.191 0.000  0.942 0.000   1.319 0.000 999.99 0.259000  21.249 0.000  17.323 0.000   3.926 0.000 0.039 0.000  0.227 0.000
 11.25  12.25   17.66 0.000  1.61 0.000 9.999 0.259000 9.99 0.259  0.645 0.000  2.769 0.000   3.876 0.000 999.99 0.259000  17.487 0.000   8.608 0.000   8.878 0.000 0.054 0.000  0.173 0.000
 14.25  15.25   21.01 0.000  1.16 0.000 9.999 0.259000 9.99 0.259  0.442 0.000  1.224 0.000   1.713 0.000 999.99 0.259000  26.798 0.000  21.306 0.000   5.492 0.000 0.042 0.000  0.139 0.000
 17.25  18.25   19.09 0.000  1.03 0.000 9.999 0.259000 9.99 0.259  0.674 0.000  1.132 0.000   1.584 0.000 999.99 0.259000  11.475 0.000   4.415 0.000   7.060 0.000 0.041 0.000  0.335 0.000
 20.25  21.25   21.78 0.000  2.71 0.000 9.999 0.259000 0.06 0.000  0.742 0.000  0.962 0.000   1.347 0.000 999.99 0.259000  15.190 0.000   8.143 0.000   7.047 0.000 0.045 0.000  0.347 0.000
 23.25  24.25   34.94 0.000  1.36 0.000 9.999 0.259000 0.15 0.000  0.801 0.000  1.649 0.000   2.309 0.000 999.99 0.259000  19.890 0.000  10.767 0.000   9.124 0.000 0.063 0.000  0.276 0.000
 26.25  27.25   25.17 0.000  2.47 0.000 9.999 0.259000 9.99 0.259  1.122 0.000  2.000 0.000   2.799 0.000 999.99 0.259000  25.084 0.000  12.895 0.000  12.189 0.000 0.058 0.000  0.662 0.000
 29.25  30.25   16.42 0.000  1.37 0.000 9.999 0.259000 9.99 0.259  1.514 0.000  1.742 0.000   2.439 0.000 999.99 0.259000  19.697 0.000   3.523 0.000  16.174 0.000 0.051 0.000  0.985 0.000
 32.25  33.25   28.61 0.000  1.94 0.000 0.021 0.000000 0.17 0.000  0.422 0.000  3.859 0.000   5.403 0.000 999.99 0.259000  21.170 0.000   6.566 0.000  14.604 0.000 0.080 0.000  1.499 0.000
 35.25  36.25   19.70 0.000  1.73 0.000 9.999 0.259000 9.99 0.259  0.486 0.000  1.992 0.000   2.789 0.000 999.99 0.259000  14.391 0.000   8.057 0.000   6.334 0.000 0.047 0.000  0.214 0.000
 38.25  39.25   15.51 0.000  1.53 0.000 0.020 0.000000 9.99 0.259  1.095 0.000  1.323 0.000   1.852 0.000 999.99 0.259000  14.352 0.000   3.950 0.000  10.402 0.000 0.039 0.000  0.518 0.000
 41.25  42.25   21.82 0.000  0.93 0.000 9.999 0.259000 9.99 0.259  0.431 0.000  1.075 0.000   1.506 0.000 999.99 0.259000  10.715 0.000   5.415 0.000   5.300 0.000 0.040 0.000  0.383 0.000
 44.25  45.25   10.43 0.000  0.60 0.000 0.026 0.000000 0.19 0.000  0.355 0.000  1.073 0.000   1.502 0.000 999.99 0.259000   7.027 0.000   1.554 0.000   5.473 0.000 0.031 0.000  0.719 0.000
 47.25  48.25   10.74 0.000  1.31 0.000 0.037 0.000000 9.99 0.259  0.787 0.000  0.837 0.000   1.172 0.000 999.99 0.259000  12.466 0.000   2.182 0.000  10.285 0.000 0.028 0.000  1.255 0.000
 50.25  51.25   15.97 0.000  1.37 0.000 9.999 0.259000 9.99 0.259  0.761 0.000  1.850 0.000   2.590 0.000 999.99 0.259000   9.398 0.000   1.809 0.000   7.589 0.000 0.039 0.000  0.628 0.000
 53.25  54.25   10.98 0.000  1.46 0.000 9.999 0.259000 9.99 0.259  0.841 0.000  0.725 0.000   1.014 0.000 999.99 0.259000  14.391 0.000   5.630 0.000   8.761 0.000 0.029 0.000  0.791 0.000
 56.25  57.25 9999.99 0.999 99.99 0.999 9.999 0.999000 9.99 0.999 99.999 0.999 99.999 0.999 999.999 0.999 999.99 0.999000 999.999 0.999 999.999 0.999 999.999 0.999 9.999 0.999 99.999 0.999
 59.25  60.25   15.28 0.000  2.50 0.000 9.999 0.259000 0.14 0.000  1.483 0.000  1.795 0.000   2.513 0.000 999.99 0.259000  19.739 0.000   1.103 0.000  18.636 0.000 0.038 0.000  2.096 0.000
 62.25  63.25   15.77 0.000  1.50 0.000 0.016 0.000000 0.14 0.000  0.860 0.000  1.364 0.000   1.909 0.000 999.99 0.259000  12.767 0.000   3.032 0.000   9.735 0.000 0.036 0.000  1.135 0.000
 65.25  66.25   24.82 0.000  2.37 0.000 9.999 0.259000 9.99 0.259  0.752 0.000  2.736 0.000   3.830 0.000 999.99 0.259000  15.741 0.000   4.541 0.000  11.200 0.000 0.062 0.000  1.331 0.000
 68.25  69.25   25.99 0.000  1.87 0.000 9.999 0.259000 9.99 0.259  0.448 0.000  1.356 0.000   1.898 0.000 999.99 0.259000  22.993 0.000  16.195 0.000   6.798 0.000 0.049 0.000  0.559 0.000
 71.25  72.25   45.85 0.000  3.53 0.000 9.999 0.259000 9.99 0.259  3.923 0.000  3.436 0.000   4.810 0.000 999.99 0.259000  46.717 0.000  10.185 0.000  36.532 0.000 0.073 0.000  2.571 0.000
 74.25  75.25   45.14 0.000  3.08 0.000 0.034 0.000000 0.23 0.000  0.605 0.000  5.113 0.000   7.158 0.000 999.99 0.259000  25.042 0.000   5.752 0.000  19.290 0.000 0.085 0.000  2.185 0.000
 77.25  78.25   20.88 0.000  1.94 0.000 9.999 0.259000 9.99 0.259  0.205 0.000  0.860 0.000   1.204 0.000 999.99 0.259000   7.234 0.000   1.839 0.000   5.395 0.000 0.029 0.000  0.772 0.000
 80.25  81.25   16.95 0.000  2.02 0.000 9.999 0.259000 9.99 0.259  0.400 0.000  1.475 0.000   2.066 0.000 999.99 0.259000  11.574 0.000   6.241 0.000   5.333 0.000 0.029 0.000  0.553 0.000
 83.25  84.25   28.88 0.000  1.48 0.000 9.999 0.259000 9.99 0.259  0.151 0.000  1.534 0.000   2.147 0.000 999.99 0.259000   7.853 0.000   3.762 0.000   4.091 0.000 0.051 0.000  0.179 0.000
 86.25  87.25   23.79 0.000  1.65 0.000 9.999 0.259000 9.99 0.259  0.810 0.000  0.637 0.000   0.892 0.000 999.99 0.259000  13.178 0.000   3.098 0.000  10.080 0.000 0.016 0.000  1.374 0.000
 89.25  90.25   32.87 0.000  2.30 0.000 9.999 0.259000 9.99 0.259  0.367 0.000  3.436 0.000   4.811 0.000 999.99 0.259000  17.091 0.000   8.603 0.000   8.488 0.000 0.072 0.000  0.416 0.000
 92.25  93.25   35.26 0.000  0.59 0.000 9.999 0.259000 0.20 0.000  0.209 0.000  2.770 0.000   3.878 0.000 999.99 0.259000  23.463 0.000  11.690 0.000  11.773 0.000 0.056 0.000  1.398 0.000
 95.25  96.25   13.81 0.000  2.27 0.000 9.999 0.259000 9.99 0.259  0.552 0.000  1.483 0.000   2.076 0.000 999.99 0.259000   9.772 0.000   1.587 0.000   8.186 0.000 0.035 0.000  0.819 0.000
 98.25  99.25   17.05 0.000  2.17 0.000 9.999 0.259000 0.13 0.000  0.532 0.000  0.864 0.000   1.209 0.000 999.99 0.259000   9.075 0.000   2.479 0.000   6.596 0.000 0.027 0.000  1.098 0.000
101.25 102.25   78.49 0.000  3.87 0.000 9.999 0.259000 9.99 0.259  0.627 0.000  9.080 0.000  12.712 0.000 999.99 0.259000  46.153 0.000  23.942 0.000  22.210 0.000 0.208 0.000  0.724 0.000
104.25 105.25   70.79 0.000  1.86 0.000 9.999 0.259000 0.32 0.000  0.119 0.000  2.739 0.000   3.834 0.000 999.99 0.259000  29.218 0.000  17.954 0.000  11.264 0.000 0.066 0.000  1.158 0.000
107.25 108.25   77.48 0.000  2.12 0.000 9.999 0.259000 0.14 0.000  0.807 0.000  2.000 0.000   2.800 0.000 999.99 0.259000  28.030 0.000  15.489 0.000  12.541 0.000 0.065 0.000  1.731 0.000
110.25 111.25   19.93 0.000  0.85 0.000 9.999 0.259000 0.05 0.000  0.058 0.000  0.762 0.000   1.067 0.000 999.99 0.259000   7.697 0.000   5.209 0.000   2.488 0.000 0.029 0.000  0.217 0.000
113.25 114.25   42.82 0.000  1.17 0.000 9.999 0.259000 9.99 0.259  0.100 0.000  1.171 0.000   1.639 0.000 999.99 0.259000  11.755 0.000   6.057 0.000   5.698 0.000 0.050 0.000  0.601 0.000
116.25 117.25   72.84 0.000  3.80 0.000 9.999 0.259000 9.99 0.259  0.167 0.000  2.085 0.000   2.919 0.000 999.99 0.259000  24.475 0.000  12.469 0.000  12.006 0.000 0.081 0.000  1.631 0.000
119.25 120.25   47.41 0.000  1.37 0.000 9.999 0.259000 0.25 0.000  0.139 0.000  2.961 0.000   4.146 0.000 999.99 0.259000  18.056 0.000   4.314 0.000  13.741 0.000 0.068 0.000  1.708 0.000
122.25 123.25   33.02 0.000  3.17 0.000 9.999 0.259000 9.99 0.259  0.140 0.000  1.399 0.000   1.959 0.000 999.99 0.259000  30.038 0.000  23.093 0.000   6.944 0.000 0.031 0.000  1.047 0.000
125.25 126.25   45.88 0.000  0.75 0.000 9.999 0.259000 9.99 0.259  0.074 0.000  1.795 0.000   2.512 0.000 999.99 0.259000  23.364 0.000  16.227 0.000   7.137 0.000 0.072 0.000  0.679 0.000
128.25 129.25  202.11 0.000  1.34 0.000 9.999 0.259000 0.34 0.000  0.357 0.000  6.629 0.000   9.280 0.000 999.99 0.259000  49.063 0.000  21.078 0.000  27.985 0.000 0.403 0.000  2.511 0.000
131.25 132.25   29.28 0.000  0.95 0.000 0.017 0.000000 9.99 0.259  0.054 0.000  0.950 0.000   1.330 0.000 999.99 0.259000  15.450 0.000  11.255 0.000   4.196 0.000 0.022 0.000  0.369 0.000
134.25 135.25   34.06 0.000  1.71 0.000 9.999 0.259000 9.99 0.259  0.146 0.000  1.363 0.000   1.908 0.000 999.99 0.259000  10.948 0.000   4.912 0.000   6.036 0.000 0.037 0.000  0.526 0.000
137.25 138.25   28.25 0.000  3.15 0.000 9.999 0.259000 9.99 0.259  0.143 0.559  1.967 0.000   2.753 0.000 999.99 0.259000  21.943 0.000   2.853 0.000  19.090 0.000 0.045 0.000  3.588 0.559
140.25 141.25   16.82 0.000  1.18 0.000 0.027 0.000000 9.99 0.259  0.084 0.000  1.247 0.000   1.746 0.000 999.99 0.259000  14.784 0.000   9.415 0.000   5.369 0.000 0.022 0.000  0.591 0.000
143.25 144.25   31.58 0.000  3.48 0.000 9.999 0.259000 9.99 0.259  0.204 0.000  2.719 0.000   3.806 0.000 999.99 0.259000  20.459 0.000   8.182 0.000  12.277 0.000 0.042 0.000  1.504 0.000
146.25 147.25   33.54 0.000  2.49 0.000 9.999 0.259000 9.99 0.259  0.186 0.000  2.369 0.000   3.317 0.000 999.99 0.259000  21.805 0.000  12.723 0.000   9.082 0.000 0.040 0.000  0.845 0.000
149.25 150.25   66.72 0.000  1.80 0.000 9.999 0.259000 9.99 0.259  0.104 0.559  3.840 0.000   5.375 0.000 999.99 0.259000  33.350 0.000  22.286 0.000  11.064 0.000 0.074 0.000  0.749 0.559
152.25 153.25   13.16 0.000  1.95 0.000 9.999 0.259000 0.08 0.000  0.089 0.000  1.523 0.000   2.132 0.000 999.99 0.259000   9.287 0.000   2.877 0.000   6.410 0.000 0.039 0.000  0.711 0.000
155.25 156.25   21.91 0.000  2.18 0.000 0.024 0.000000 9.99 0.259  0.076 0.000  2.905 0.000   4.067 0.000 999.99 0.259000  22.549 0.000  11.209 0.000  11.340 0.000 0.041 0.000  1.237 0.000
158.25 159.25   10.51 0.000 99.99 0.259 9.999 0.259000 9.99 0.259  0.071 0.000  0.661 0.000   0.925 0.000 999.99 0.259000   9.120 0.000   6.883 0.000   2.237 0.000 0.012 0.000  0.152 0.000
161.25 162.25   14.07 0.000  0.81 0.000 9.999 0.259000 0.08 0.000  0.056 0.000  0.654 0.000   0.916 0.000 999.99 0.259000   9.763 0.000   6.071 0.000   3.692 0.000 0.025 0.000  0.450 0.000
164.25 165.25   21.55 0.000  1.47 0.000 9.999 0.259000 9.99 0.259  0.046 0.000  1.036 0.000   1.450 0.000 999.99 0.259000  19.534 0.000  12.502 0.000   7.032 0.000 0.020 0.000  1.015 0.000
167.25 168.25   37.50 0.000  2.35 0.000 9.999 0.259000 0.06 0.000  0.036 0.000  2.257 0.000   3.159 0.000 999.99 0.259000  28.648 0.000  12.582 0.000  16.066 0.000 0.038 0.000  2.458 0.000
170.25 171.25   45.17 0.000  1.59 0.000 9.999 0.259000 9.99 0.259  0.082 0.000  2.066 0.000   2.892 0.000 999.99 0.259000  31.372 0.000  22.456 0.000   8.916 0.000 0.044 0.000  0.835 0.000
173.25 174.25   38.46 0.000  1.54 0.000 9.999 0.259000 0.07 0.000  0.066 0.000  3.422 0.000   4.791 0.000 999.99 0.259000  31.944 0.000  17.051 0.000  14.894 0.000 0.110 0.000  1.608 0.000
176.25 177.25   24.15 0.000  1.05 0.000 9.999 0.259000 9.99 0.259  0.099 0.000  0.691 0.000   0.968 0.000 999.99 0.259000  13.108 0.000   8.400 0.000   4.708 0.000 0.034 0.000  0.581 0.000
179.25 180.25   53.78 0.000  3.39 0.000 9.999 0.259000 9.99 0.259  0.098 0.000  2.772 0.000   3.881 0.000 999.99 0.259000  30.229 0.000  19.000 0.000  11.229 0.000 0.111 0.000  0.896 0.000
182.25 183.25  135.29 0.000  1.18 0.000 9.999 0.259000 0.08 0.000  0.093 0.000  1.730 0.000   2.422 0.000 999.99 0.259000  59.371 0.000  48.407 0.000  10.963 0.000 0.100 0.000  1.173 0.000
185.25 186.25  135.73 0.000  6.17 0.000 9.999 0.259000 9.99 0.259  0.124 0.559  3.667 0.000   5.134 0.000 999.99 0.259000  53.158 0.000  32.975 0.000  20.183 0.000 0.560 0.000  2.362 0.559
188.25 189.25  237.86 0.000  1.04 0.000 0.068 0.000000 0.23 0.000  0.116 0.000  1.187 0.000   1.662 0.000 999.99 0.259000  34.008 0.000  22.661 0.000  11.348 0.000 0.095 0.000  1.177 0.000
191.25 192.25   70.57 0.000  1.71 0.000 9.999 0.259000 9.99 0.259  0.073 0.000  1.629 0.000   2.281 0.000 999.99 0.259000  20.002 0.000  12.557 0.000   7.445 0.000 0.045 0.000  0.605 0.000
194.25 195.25  101.80 0.000  0.96 0.000 9.999 0.259000 0.18 0.000  0.058 0.000  1.833 0.000   2.567 0.000 999.99 0.259000  21.412 0.000  11.530 0.000   9.883 0.000 0.061 0.000  1.006 0.000
197.25 198.25  279.80 0.000  1.66 0.000 9.999 0.259000 0.25 0.000  0.165 0.000  1.665 0.000   2.331 0.000 999.99 0.259000  46.462 0.000  32.840 0.000  13.622 0.000 0.107 0.000  1.112 0.000
200.25 201.25  249.66 0.000  1.28 0.000 9.999 0.259000 9.99 0.259  0.095 0.000  2.351 0.000   3.292 0.000 999.99 0.259000  40.544 0.000  27.803 0.000  12.741 0.000 0.108 0.000  0.927 0.000
203.25 204.25   32.25 0.000  0.67 0.000 9.999 0.259000 0.04 0.000  0.030 0.000  0.877 0.000   1.227 0.000 999.99 0.259000  12.540 0.000   8.861 0.000   3.678 0.000 0.023 0.000  0.237 0.000
206.25 207.25  219.93 0.000  2.36 0.000 9.999 0.259000 0.18 0.000  0.108 0.000  2.471 0.000   3.459 0.000 999.99 0.259000  40.864 0.000  22.646 0.000  18.218 0.000 0.108 0.000  1.967 0.000
209.25 210.25   58.49 0.000  1.05 0.000 9.999 0.259000 0.06 0.000  0.050 0.000  1.986 0.000   2.781 0.000 999.99 0.259000  18.167 0.000   6.684 0.000  11.483 0.000 0.054 0.000  1.469 0.000
212.25 213.25  121.16 0.000  1.03 0.000 9.999 0.259000 9.99 0.259  0.064 0.000  2.775 0.000   3.885 0.000 999.99 0.259000  25.570 0.000  13.966 0.000  11.604 0.000 0.083 0.000  0.867 0.000
215.25 216.25  182.56 0.000  0.84 0.000 9.999 0.259000 0.13 0.000  0.232 0.000  9.930 0.000  13.901 0.000 999.99 0.259000  36.806 0.000  15.341 0.000  21.465 0.000 0.366 0.000  1.035 0.000
218.25 219.25   50.46 0.000  1.38 0.000 9.999 0.259000 0.09 0.000  0.041 0.000  1.712 0.000   2.396 0.000 999.99 0.259000  28.139 0.000  15.780 0.000  12.359 0.000 0.040 0.000  1.834 0.000
221.25 222.25   70.88 0.000  2.72 0.000 9.999 0.259000 9.99 0.259  0.036 0.000  2.325 0.000   3.256 0.000 999.99 0.259000  36.208 0.000  24.702 0.000  11.505 0.000 0.044 0.000  1.268 0.000
224.25 225.25   67.06 0.000  1.55 0.000 9.999 0.259000 9.99 0.259  0.066 0.000  2.288 0.000   3.203 0.000 999.99 0.259000  33.965 0.000  13.131 0.000  20.833 0.000 0.057 0.000  3.520 0.000
227.25 228.25  101.23 0.000  6.89 0.000 9.999 0.259000 0.11 0.000  0.135 0.000  1.911 0.000   2.676 0.000 999.99 0.259000  34.028 0.000  23.335 0.000  10.693 0.000 0.070 0.000  1.201 0.000
230.25 231.25  190.26 0.000  1.92 0.000 9.999 0.259000 0.06 0.000  0.074 0.000  2.750 0.000   3.850 0.000 999.99 0.259000  66.336 0.000  46.419 0.000  19.918 0.000 0.085 0.000  2.342 0.000
233.25 234.25  218.38 0.000  0.97 0.000 9.999 0.259000 9.99 0.259  0.057 0.000  3.362 0.000   4.707 0.000 999.99 0.259000  27.124 0.000  15.008 0.000  12.117 0.000 0.105 0.000  0.740 0.000
236.25 237.25  127.71 0.000  1.56 0.000 9.999 0.259000 0.10 0.000  0.080 0.000  3.588 0.000   5.023 0.000 999.99 0.259000  58.514 0.000  34.120 0.000  24.395 0.000 0.104 0.000  3.049 0.000
239.25 240.25   50.68 0.000  0.95 0.000 0.031 0.000000 0.13 0.000  0.091 0.000  2.359 0.000   3.303 0.000 999.99 0.259000  21.943 0.000   7.760 0.000  14.183 0.000 0.056 0.000  1.702 0.000
242.25 243.25   39.28 0.000  1.18 0.000 9.999 0.259000 0.10 0.000  0.051 0.000  0.955 0.000   1.336 0.000 999.99 0.259000  10.086 0.000   4.536 0.000   5.550 0.000 0.036 0.000  0.608 0.000
245.25 246.25   40.81 0.000  2.00 0.000 9.999 0.259000 0.07 0.000  0.151 0.000  1.412 0.000   1.977 0.000 999.99 0.259000  15.809 0.000   4.750 0.000  11.059 0.000 0.035 0.000  1.629 0.000
248.25 249.25   25.59 0.000  2.03 0.000 9.999 0.259000 9.99 0.259  0.062 0.000  1.997 0.000   2.795 0.000 999.99 0.259000  14.423 0.000   6.895 0.000   7.528 0.000 0.049 0.000  0.754 0.000
251.25 252.25   40.13 0.000  1.55 0.000 0.065 0.000000 0.09 0.000  0.061 0.000  3.010 0.000   4.215 0.000 999.99 0.259000  33.478 0.000   9.775 0.000  23.703 0.000 0.051 0.000  3.990 0.000
