scripts/IMPROVE-2019_partial/data/US0051R.20080101060000.20191216000000.filterpack...52w.3d.US03L_filterpack_US0051.US03L_IMPROVE_Davis.lev2.nas
51 1001
MISSING INFORMATION
US03L, IMPROVE, , , , , , , 
MISSING INFORMATION
IMPROVE sel_HTAP
1 1
2008 01 01 2019 12 16
3.00
days from file reference point
4
1 1 1 1
999.99 999.999 999.999 9.999
end_time of measurement, days from the file reference point
pm10_mass, ug/m3, Matrix=pm10
pm25_mass, ug/m3, Matrix=pm25
numflag, no unit
0
33
Data definition:              EBAS_1.1
Set type code:                TU
Timezone:                     UTC
File name:                    US0051R.20080101060000.20191216000000.filterpack...52w.3d.US03L_filterpack_US0051.US03L_IMPROVE_Davis.lev2.nas
File creation:                20191218115831
Startdate:                    20080101060000
Revision date:                20191216000000
Version:                      2
Version description:          "Data extracted from http://views.cira.colostate.edu/fed/DataWizard 2019-12-16"
Statistics:                   arithmetic mean
Data level:                   2
Period code:                  52w
Resolution code:              3d
Sample duration:              1d
Orig. time res.:              3d
Station code:                 US0051R
Platform code:                US0051S
Station name:                 El Dorado Springs
Station latitude:             37.7009
Station longitude:            -94.0348
Station altitude:             297.0 m
Regime:                       IMG
Component:                    
Unit:                         ug/m3
Matrix:                       
Laboratory code:              US03L
Instrument type:              filterpack
Instrument name:              filterpack_US0051
Method ref:                   US03L_IMPROVE_Davis
Blank correction:             Blank corrected
Volume std. temperature:      ambient
Volume std. pressure:         ambient
starttime endtime PM10 PM2.5 flag
  0.25   1.25   6.941   4.182 0.000
  3.25   4.25  15.937   6.216 0.000
  6.25   7.25  15.391   7.465 0.000
  9.25  10.25  10.090   7.858 0.000
 12.25  13.25  13.039  11.200 0.000
 15.25  16.25  12.464   9.167 0.000
 18.25  19.25  11.583   7.240 0.000
 21.25  22.25  17.936  13.217 0.000
 24.25  25.25  17.242   6.450 0.000
 27.25  28.25  12.709   6.393 0.000
 30.25  31.25  12.085   6.321 0.000
 33.25  34.25  25.363  17.624 0.000
 36.25  37.25   9.116   8.031 0.000
 39.25  40.25   5.008   2.004 0.000
 42.25  43.25  15.498  10.561 0.000
 45.25  46.25  17.492  13.033 0.000
 48.25  49.25   2.860   1.482 0.000
 51.25  52.25  12.739  10.312 0.000
 54.25  55.25  10.300   9.258 0.000
 57.25  58.25   8.844   6.170 0.000
 60.25  61.25  13.438   5.998 0.000
 63.25  64.25   7.702   4.765 0.000
 66.25  67.25  16.569   9.632 0.000
 69.25  70.25  13.059   7.157 0.000
 72.25  73.25  12.384   3.728 0.000
 75.25  76.25  13.185  11.202 0.000
 78.25  79.25  10.425   8.193 0.000
 81.25  82.25  11.444   6.808 0.000
 84.25  85.25  24.706  11.686 0.000
 87.25  88.25  12.814   9.022 0.000
 90.25  91.25   6.758   4.153 0.000
 93.25  94.25   6.066   4.876 0.000
 96.25  97.25  18.805  13.987 0.000
 99.25 100.25   4.292   3.002 0.000
102.25 103.25   3.745   2.288 0.000
105.25 106.25  26.637  20.366 0.000
108.25 109.25   5.014   2.950 0.000
111.25 112.25  21.197  12.513 0.000
114.25 115.25  10.144   6.061 0.000
117.25 118.25   7.772   5.434 0.000
120.25 121.25  23.730  11.267 0.000
123.25 124.25  15.331   4.870 0.000
126.25 127.25  19.863  11.381 0.000
129.25 130.25   9.550   5.339 0.000
132.25 133.25   9.307   3.713 0.000
135.25 136.25   8.993   4.136 0.000
138.25 139.25  30.015   8.051 0.000
141.25 142.25  23.118   6.773 0.000
144.25 145.25   9.992   6.084 0.000
147.25 148.25   7.520   3.337 0.000
150.25 151.25  23.492  13.248 0.000
153.25 154.25  13.105   7.591 0.000
156.25 157.25  19.445   6.549 0.000
159.25 160.25  14.570   7.217 0.000
162.25 163.25  11.594   5.987 0.000
165.25 166.25   7.601   3.891 0.000
168.25 169.25  11.324   3.891 0.000
171.25 172.25   8.759   4.309 0.000
174.25 175.25   8.221   3.834 0.000
177.25 178.25  38.846  15.087 0.000
180.25 181.25  13.944   4.607 0.000
183.25 184.25  31.269  13.235 0.000
186.25 187.25  21.126  11.916 0.000
189.25 190.25  22.907   9.276 0.000
192.25 193.25  18.977   8.311 0.000
195.25 196.25  19.576   4.908 0.000
198.25 199.25  40.027  15.233 0.000
201.25 202.25  30.646  15.637 0.000
204.25 205.25  17.577   9.264 0.000
207.25 208.25  27.195  10.209 0.000
210.25 211.25  47.911  19.454 0.000
213.25 214.25  21.944  11.225 0.000
216.25 217.25  32.531  15.363 0.000
219.25 220.25  15.958   7.821 0.000
222.25 223.25  17.782  10.915 0.000
225.25 226.25  16.430   7.953 0.000
228.25 229.25  18.908  12.017 0.000
231.25 232.25  33.825  18.527 0.000
234.25 235.25  17.688   9.594 0.000
237.25 238.25  12.732   5.220 0.000
240.25 241.25  33.716  14.610 0.000
243.25 244.25  27.911  12.530 0.000
246.25 247.25   4.833   2.617 0.000
249.25 250.25   7.835   4.222 0.000
252.25 253.25   9.139   3.038 0.000
255.25 256.25  15.807   8.613 0.000
258.25 259.25   8.030   2.306 0.000
261.25 262.25  21.953   8.638 0.000
264.25 265.25  23.655  14.335 0.000
267.25 268.25  24.942  13.002 0.000
270.25 271.25  40.025  16.982 0.000
273.25 274.25  16.575   4.421 0.000
276.25 277.25  33.618   5.355 0.000
279.25 280.25  23.550  14.898 0.000
282.25 283.25  11.349   4.837 0.000
285.25 286.25  15.213   8.033 0.000
288.25 289.25   7.732   4.900 0.000
291.25 292.25  14.514   6.009 0.000
294.25 295.25  29.249  12.547 0.000
297.25 298.25   3.406   2.103 0.000
300.25 301.25  11.092   2.129 0.000
303.25 304.25  25.114   8.654 0.000
306.25 307.25  21.469  11.631 0.000
309.25 310.25  29.847  11.112 0.000
312.25 313.25   8.531   3.526 0.000
315.25 316.25  14.075   8.513 0.000
318.25 319.25   8.399   5.157 0.000
321.25 322.25   6.404   3.477 0.000
324.25 325.25  13.953   5.509 0.000
327.25 328.25  27.628  15.203 0.000
330.25 331.25  27.771   9.971 0.000
333.25 334.25  21.829   8.666 0.000
336.25 337.25   7.369   3.464 0.000
339.25 340.25  14.849   5.486 0.000
342.25 343.25  16.594   7.992 0.000
345.25 346.25   9.603   6.758 0.000
348.25 349.25  18.759   8.444 0.000
351.25 352.25   9.339   7.225 0.000
354.25 355.25  19.201  15.770 0.000
357.25 358.25   8.283   4.621 0.000
360.25 361.25  10.301   7.583 0.000
363.25 364.25   7.532   3.241 0.000
