scripts/IMPROVE-2019_partial/data/US0035R.20150103060000.20191216000000.filterpack...1y.3d.US03L_filterpack_US0035.US03L_IMPROVE_Davis.lev2.nas
52 1001
MISSING INFORMATION
US03L, IMPROVE, , , , , , , 
MISSING INFORMATION
IMPROVE sel_HTAP
1 1
2015 01 01 2019 12 16
3.00
days from file reference point
5
1 1 1 1 1
999.99 999.999 9.999 999.999 9.999
end_time of measurement, days from the file reference point
pm10_mass, ug/m3, Matrix=pm10
numflag pm10_mass, no unit, Matrix=pm10
pm25_mass, ug/m3, Matrix=pm25
numflag pm25_mass, no unit, Matrix=pm25
0
33
Data definition:              EBAS_1.1
Set type code:                TU
Timezone:                     UTC
File name:                    US0035R.20150103060000.20191216000000.filterpack...1y.3d.US03L_filterpack_US0035.US03L_IMPROVE_Davis.lev2.nas
File creation:                20191218115742
Startdate:                    20150103060000
Revision date:                20191216000000
Version:                      2
Version description:          "Data extracted from http://views.cira.colostate.edu/fed/DataWizard 2019-12-16"
Statistics:                   arithmetic mean
Data level:                   2
Period code:                  1y
Resolution code:              3d
Sample duration:              1d
Orig. time res.:              3d
Station code:                 US0035R
Platform code:                US0035S
Station name:                 Bondville
Station latitude:             40.05
Station longitude:            -88.36667
Station altitude:             213.0 m
Regime:                       IMG
Component:                    
Unit:                         ug/m3
Matrix:                       
Laboratory code:              US03L
Instrument type:              filterpack
Instrument name:              filterpack_US0035
Method ref:                   US03L_IMPROVE_Davis
Blank correction:             Blank corrected
Volume std. temperature:      ambient
Volume std. pressure:         ambient
starttime endtime PM10 flag_PM10 PM2.5 flag_PM2.5
  2.25   3.25   5.512 0.000   5.136 0.000
  5.25   6.25   8.872 0.000   6.837 0.000
  8.25   9.25  39.949 0.000   4.837 0.000
 11.25  12.25  13.108 0.000  10.115 0.000
 14.25  15.25  20.278 0.000  14.924 0.000
 17.25  18.25   2.898 0.000   1.538 0.000
 20.25  21.25  13.686 0.000  11.037 0.000
 23.25  24.25  12.392 0.000   9.142 0.000
 26.25  27.25  16.497 0.000  13.904 0.000
 29.25  30.25   5.933 0.000   3.083 0.000
 32.25  33.25   7.899 0.000   4.408 0.000
 35.25  36.25  13.562 0.000  10.070 0.000
 38.25  39.25  20.278 0.000  17.599 0.000
 41.25  42.25  14.408 0.000   9.872 0.000
 44.25  45.25  14.267 0.000 999.999 0.456
 47.25  48.25  14.636 0.000   7.140 0.000
 50.25  51.25  18.457 0.000   8.689 0.000
 53.25  54.25  12.186 0.000   8.130 0.000
 56.25  57.25  14.587 0.000   7.711 0.000
 59.25  60.25  14.468 0.000  12.008 0.000
 62.25  63.25  14.735 0.000   6.883 0.000
 65.25  66.25  11.508 0.000   7.903 0.000
 68.25  69.25  15.971 0.000  12.923 0.000
 71.25  72.25  11.739 0.000   8.909 0.000
 74.25  75.25  10.017 0.000   5.374 0.000
 77.25  78.25  12.947 0.000   6.865 0.000
 80.25  81.25   6.503 0.000   4.689 0.000
 83.25  84.25  13.558 0.000  11.408 0.000
 86.25  87.25   6.242 0.000   3.965 0.000
 89.25  90.25  10.687 0.000   4.614 0.000
 92.25  93.25  14.765 0.000   3.954 0.000
 95.25  96.25  13.115 0.000   7.633 0.000
 98.25  99.25  10.381 0.000   5.564 0.000
101.25 102.25  10.555 0.000   5.887 0.000
104.25 105.25  12.161 0.000   3.261 0.000
107.25 108.25  24.671 0.000  11.033 0.000
110.25 111.25   8.747 0.000   2.190 0.000
113.25 114.25  23.559 0.000   6.110 0.000
116.25 117.25   6.408 0.000   2.774 0.000
119.25 120.25  18.473 0.000   3.501 0.000
122.25 123.25  28.034 0.000   8.238 0.000
125.25 126.25  32.310 0.000  11.697 0.000
128.25 129.25   8.512 0.000   4.463 0.000
131.25 132.25  10.111 0.000   2.345 0.000
134.25 135.25  18.656 0.000   9.837 0.000
137.25 138.25  18.038 0.000   5.430 0.000
140.25 141.25  11.834 0.000   3.122 0.000
143.25 144.25  30.115 0.000  10.645 0.000
146.25 147.25  14.176 0.000   4.708 0.000
149.25 150.25   6.522 0.000   3.640 0.000
152.25 153.25  10.511 0.000   5.484 0.000
155.25 156.25  19.294 0.000   9.342 0.000
158.25 159.25   9.265 0.000   3.902 0.000
161.25 162.25  18.684 0.000   9.506 0.000
164.25 165.25  12.967 0.000   7.130 0.000
167.25 168.25   8.763 0.000   3.878 0.000
170.25 171.25  16.791 0.000   9.854 0.000
173.25 174.25  15.903 0.000   4.044 0.000
176.25 177.25   8.658 0.000   6.049 0.000
179.25 180.25  11.420 0.000   7.583 0.000
182.25 183.25  13.829 0.000   7.645 0.000
185.25 186.25  25.759 0.000  22.104 0.000
188.25 189.25   8.157 0.000   5.282 0.000
191.25 192.25  17.151 0.000  11.814 0.000
194.25 195.25  15.064 0.000   5.059 0.000
197.25 198.25  19.736 0.000  11.911 0.000
200.25 201.25   8.726 0.000   4.506 0.000
203.25 204.25  15.928 0.000   8.499 0.000
206.25 207.25   8.620 0.000   5.933 0.000
209.25 210.25 999.999 0.999 999.999 0.999
212.25 213.25  10.962 0.000   3.961 0.000
215.25 216.25  14.192 0.000   4.003 0.000
218.25 219.25   9.712 0.000   6.056 0.000
221.25 222.25  15.560 0.000  12.099 0.000
224.25 225.25  11.623 0.000   6.340 0.000
227.25 228.25  19.444 0.000  13.471 0.000
230.25 231.25   8.149 0.000   3.521 0.000
233.25 234.25  12.807 0.000   7.697 0.000
236.25 237.25   9.376 0.000   2.710 0.000
239.25 240.25  16.128 0.000   8.559 0.000
242.25 243.25  24.415 0.000  17.009 0.000
245.25 246.25  22.938 0.000  13.739 0.000
248.25 249.25  23.561 0.000  16.037 0.000
251.25 252.25  16.131 0.000   5.146 0.000
254.25 255.25   5.822 0.000   2.221 0.000
257.25 258.25  15.534 0.000   5.551 0.000
260.25 261.25  19.229 0.000  11.054 0.000
263.25 264.25   7.815 0.000   3.302 0.000
266.25 267.25  22.069 0.000   9.436 0.000
269.25 270.25  10.971 0.000   5.104 0.000
272.25 273.25  12.573 0.000   3.069 0.000
275.25 276.25  14.389 0.000   3.189 0.000
278.25 279.25  15.506 0.000   9.314 0.000
281.25 282.25  19.264 0.000   4.744 0.000
284.25 285.25  34.942 0.000   7.751 0.000
287.25 288.25  27.500 0.000   3.890 0.000
290.25 291.25  15.743 0.000   3.538 0.000
293.25 294.25  34.104 0.000   9.457 0.000
296.25 297.25   7.883 0.000   3.922 0.000
299.25 300.25   6.496 0.000   4.104 0.000
302.25 303.25   4.086 0.000   2.381 0.000
305.25 306.25   7.703 0.000   4.824 0.000
308.25 309.25  13.029 0.000   8.020 0.000
311.25 312.25  10.784 0.000   8.100 0.000
314.25 315.25  14.314 0.000   8.518 0.000
317.25 318.25  10.879 0.000   5.097 0.000
320.25 321.25   8.417 0.000   5.876 0.000
323.25 324.25   3.624 0.000   1.176 0.000
326.25 327.25   4.839 0.000   2.746 0.000
329.25 330.25   9.094 0.000   4.937 0.000
332.25 333.25   7.828 0.000   6.197 0.000
335.25 336.25   5.480 0.000   4.937 0.000
338.25 339.25   7.910 0.000   6.706 0.000
341.25 342.25  14.827 0.000  11.604 0.000
344.25 345.25  15.097 0.000  10.913 0.000
347.25 348.25   2.639 0.000   0.825 0.000
350.25 351.25   3.461 0.000   2.609 0.000
353.25 354.25   5.719 0.000   3.132 0.000
356.25 357.25   6.765 0.000   3.263 0.000
359.25 360.25   4.300 0.000   2.808 0.000
362.25 363.25   3.799 0.000   3.124 0.000
