scripts/IMPROVE-2019_partial/data/US0069R.20050101080000.20191216000000.filterpack..pm25.52w.1w.US03L_filterpack_US0069.US03L_IMPROVE_Davis.lev2.nas
66 1001
MISSING INFORMATION
US03L, IMPROVE, , , , , , , 
MISSING INFORMATION
IMPROVE sel_HTAP
1 1
2005 01 01 2019 12 16
3.000000
days from file reference point
27
1 1 1 1 1 1 1 1 1 1 1 1 1 1 1 1 1 1 1 1 1 1 1 1 1 1 1
999.999999 999.99 9.999 99.99 9.999 9.999 9.999999 9.99 9.999999 9.999 9.999 999.999 9.999 999.999 9.999 999.99 9.999999 999.999 9.999 999.999 9.999 999.999 9.999 9.999 9.999 9.999 9.999
end_time of measurement, days from the file reference point
iron, ng/m3, Revision date=20181210133000
numflag iron, no unit, Revision date=20181210133000
lead, ng/m3, Revision date=20181210133000
numflag lead, no unit, Revision date=20181210133000
magnesium, ug/m3, Revision date=20181210133000
numflag magnesium, no unit, Revision date=20181210133000
nickel, ng/m3, Revision date=20181210133000
numflag nickel, no unit, Revision date=20181210133000
nitrate, ug N/m3, Revision date=20181210133000
numflag nitrate, no unit, Revision date=20181210133000
organic_carbon, ug C/m3, Revision date=20181210133000
numflag organic_carbon, no unit, Revision date=20181210133000
organic_mass, ug/m3, Revision date=20181210133000
numflag organic_mass, no unit, Revision date=20181210133000
phosphorus, ng/m3, Revision date=20181210133000
numflag phosphorus, no unit, Revision date=20181210133000
pm10_mass, ug/m3, Version=2, Version description=Data extracted from http://views.cira.colostate.edu/fed/DataWizard 2019-12-16, Sample duration=1d, Orig. time res.=3d, Matrix=pm10, Blank correction=Blank corrected, Volume std. temperature=ambient, Volume std. pressure=ambient
numflag pm10_mass, no unit, Version=2, Version description=Data extracted from http://views.cira.colostate.edu/fed/DataWizard 2019-12-16, Sample duration=1d, Orig. time res.=3d, Matrix=pm10, Blank correction=Blank corrected, Volume std. temperature=ambient, Volume std. pressure=ambient
pm10_pm25_mass, ug/m3, Revision date=20181210133000, Matrix=pm10_pm25
numflag pm10_pm25_mass, no unit, Revision date=20181210133000, Matrix=pm10_pm25
pm25_mass, ug/m3, Version=2, Version description=Data extracted from http://views.cira.colostate.edu/fed/DataWizard 2019-12-16, Sample duration=1d, Orig. time res.=3d, Blank correction=Blank corrected, Volume std. temperature=ambient, Volume std. pressure=ambient
numflag pm25_mass, no unit, Version=2, Version description=Data extracted from http://views.cira.colostate.edu/fed/DataWizard 2019-12-16, Sample duration=1d, Orig. time res.=3d, Blank correction=Blank corrected, Volume std. temperature=ambient, Volume std. pressure=ambient
potassium, ug/m3, Revision date=20181210133000
numflag potassium, no unit, Revision date=20181210133000
sulphate_total, ug S/m3, Revision date=20181210133000
numflag sulphate_total, no unit, Revision date=20181210133000
0
25
Data definition:              EBAS_1.1
Set type code:                TU
Timezone:                     UTC
File name:                    US0069R.20050101080000.20191216000000.filterpack..pm25.52w.1w.US03L_filterpack_US0069.US03L_IMPROVE_Davis.lev2.nas
File creation:                20191218115957
Startdate:                    20050101080000
Revision date:                20191216000000
Statistics:                   arithmetic mean
Data level:                   2
Period code:                  52w
Resolution code:              1w
Station code:                 US0069R
Platform code:                US0069S
Station name:                 Kalmiopsis
Station latitude:             42.552
Station longitude:            -124.0589
Station altitude:             80.0 m
Regime:                       IMG
Component:                    
Matrix:                       pm25
Laboratory code:              US03L
Instrument type:              filterpack
Instrument name:              filterpack_US0069
Method ref:                   US03L_IMPROVE_Davis
starttime endtime Fe flag_Fe Pb flag_Pb Mg++ flag_Mg++ Ni flag_Ni NO3- flag_NO3- OC flag_OC OM flag_OM P flag_P PM10 flag_PM10 PM10-PM2.5 flag_PM10-PM2.5 PM2.5 flag_PM2.5 K+ flag_K+ SO4-- flag_SO4--
[from data line 81]
243.333333 244.333333  44.32 0.000  1.16 0.000 9.999 0.259000 0.15 0.000000 0.033 0.000   1.329 0.000   2.392 0.000 999.99 0.259000   9.689 0.000   5.734 0.000   3.928 0.000 0.032 0.000 0.258 0.000
246.333333 247.333333  11.28 0.000  0.46 0.000 0.007 0.000000 9.99 0.259000 0.017 0.000   0.695 0.000   1.252 0.000 999.99 0.259000   4.333 0.000   2.612 0.000   1.682 0.000 0.009 0.000 0.137 0.000
249.333333 250.333333  37.70 0.000  1.37 0.000 9.999 0.259000 0.25 0.000000 0.064 0.000   1.287 0.000   2.316 0.000 999.99 0.259000  10.372 0.000   5.892 0.000   4.505 0.000 0.038 0.000 0.293 0.000
252.333333 253.333333   2.66 0.000  0.38 0.000 0.090 0.000000 9.99 0.259000 0.028 0.000   1.257 0.000   2.262 0.000 999.99 0.259000   7.377 0.000   3.818 0.000   3.534 0.000 0.031 0.000 0.195 0.000
255.333333 256.333333   6.44 0.000  0.81 0.000 9.999 0.259000 0.14 0.000000 0.075 0.000   0.751 0.000   1.353 0.000 999.99 0.259000   5.966 0.000   2.415 0.000   3.542 0.000 0.029 0.000 0.153 0.000
258.333333 259.333333   6.30 0.000  0.82 0.000 9.999 0.259000 9.99 0.259000 0.032 0.000   0.504 0.000   0.908 0.000 999.99 0.259000   4.088 0.000   1.982 0.000   2.072 0.000 0.015 0.000 0.154 0.000
261.333333 262.333333  14.00 0.000  1.19 0.000 9.999 0.259000 9.99 0.259000 0.030 0.000   1.296 0.000   2.333 0.000 999.99 0.259000   6.015 0.000   2.426 0.000   3.540 0.000 0.040 0.000 0.164 0.000
264.333333 265.333333  34.08 0.000  1.02 0.000 9.999 0.259000 0.28 0.000000 0.126 0.000   0.997 0.000   1.795 0.000 999.99 0.259000  10.332 0.000   6.145 0.000   4.095 0.000 0.034 0.000 0.206 0.000
267.333333 268.333333  15.20 0.000  0.87 0.000 9.999 0.259000 0.16 0.000000 0.032 0.000   0.977 0.000   1.758 0.000 999.99 0.259000   5.418 0.000   2.552 0.000   2.821 0.000 0.052 0.000 0.119 0.000
270.333333 271.333333  42.56 0.000  1.22 0.000 9.999 0.259000 0.22 0.000000 0.055 0.000   2.094 0.000   3.770 0.000 999.99 0.259000  10.132 0.000   4.683 0.000   5.488 0.000 0.056 0.000 0.266 0.000
273.333333 274.333333   1.21 0.000  0.39 0.000 0.020 0.000000 9.99 0.259000 0.013 0.000   0.464 0.000   0.835 0.000 999.99 0.259000   4.447 0.000   2.724 0.000   1.684 0.000 0.017 0.000 0.093 0.000
276.333333 277.333333   1.18 0.000  0.28 0.000 0.005 0.000000 9.99 0.259000 0.006 0.000   0.737 0.000   1.327 0.000   5.31 0.000000   3.892 0.000   2.329 0.000   1.571 0.000 0.011 0.000 0.044 0.000
279.333333 280.333333   2.85 0.000  0.17 0.000 0.037 0.000000 9.99 0.259000 0.044 0.000   0.892 0.000   1.606 0.000  19.10 0.000000   6.971 0.000   3.887 0.000   3.023 0.000 0.033 0.000 0.161 0.000
282.333333 283.333333   3.35 0.000  0.28 0.000 0.039 0.000000 9.99 0.259000 0.069 0.000   0.905 0.000   1.628 0.000 999.99 0.259000   6.308 0.000   3.177 0.000   3.077 0.000 0.039 0.000 0.112 0.000
285.333333 286.333333   7.66 0.000  0.48 0.000 0.027 0.000000 9.99 0.259000 0.062 0.000   1.150 0.000   2.069 0.000 999.99 0.259000   6.677 0.000   2.977 0.000   3.645 0.000 0.032 0.000 0.175 0.000
288.333333 289.333333   0.85 0.000  0.25 0.000 9.999 0.259000 9.99 0.259000 0.004 0.000   0.604 0.000   1.087 0.000   7.75 0.000000   5.150 0.000   3.883 0.000   1.217 0.000 0.028 0.000 0.026 0.000
291.333333 292.333333   2.16 0.000  0.43 0.000 9.999 0.259000 0.28 0.000000 0.021 0.000   0.696 0.000   1.252 0.000 999.99 0.259000   4.588 0.000   2.635 0.000   1.967 0.000 0.022 0.000 0.110 0.000
294.333333 295.333333   5.16 0.000  0.91 0.000 0.013 0.000000 9.99 0.259000 0.022 0.000   1.839 0.000   3.310 0.000 999.99 0.259000   8.662 0.000   4.325 0.000   4.263 0.000 0.065 0.000 0.093 0.000
297.333333 298.333333   4.65 0.000  0.34 0.000 0.007 0.000000 0.23 0.000000 0.041 0.000   6.702 0.000  12.063 0.000 999.99 0.259000  15.771 0.000   3.592 0.000  12.126 0.000 0.135 0.000 0.128 0.000
300.333333 301.333333   1.76 0.000  0.21 0.000 0.027 0.000000 9.99 0.259000 0.009 0.000   0.667 0.000   1.200 0.000  14.87 0.000000   6.118 0.000   3.879 0.000   2.183 0.000 0.022 0.000 0.056 0.000
303.333333 304.333333   5.99 0.000  1.65 0.000 9.999 0.259000 9.99 0.259000 0.007 0.000   1.417 0.000   2.550 0.000 999.99 0.259000   9.741 0.000   6.669 0.000   2.981 0.000 0.031 0.000 0.077 0.000
306.333333 307.333333   1.87 0.394  0.32 0.394 9.999 0.394259 0.46 0.394000 0.002 0.394   0.529 0.000   0.951 0.000 999.99 0.394259   3.027 0.000   1.878 0.000   1.141 0.000 0.013 0.394 0.025 0.394
309.333333 310.333333   0.80 0.000  0.24 0.000 9.999 0.259000 0.12 0.000000 0.008 0.000   0.707 0.000   1.272 0.000 999.99 0.259000   2.073 0.000   0.863 0.000   1.193 0.000 0.010 0.000 0.014 0.000
312.333333 313.333333   2.32 0.000  0.40 0.000 9.999 0.259000 9.99 0.259000 0.007 0.000   3.649 0.000   6.568 0.000 999.99 0.259000   8.150 0.000   1.489 0.000   6.604 0.000 0.051 0.000 0.049 0.000
315.333333 316.333333   1.64 0.000  0.22 0.000 0.031 0.000000 9.99 0.259000 0.008 0.000   0.451 0.000   0.812 0.000 999.99 0.259000   4.063 0.000   2.547 0.000   1.479 0.000 0.016 0.000 0.038 0.000
318.333333 319.333333   4.13 0.000  0.47 0.000 0.007 0.000000 9.99 0.259000 0.015 0.000   1.681 0.559   3.025 0.559 999.99 0.259000   6.652 0.000   2.966 0.000   3.665 0.000 0.071 0.000 0.108 0.000
321.333333 322.333333   3.11 0.000  0.49 0.000 9.999 0.259000 9.99 0.259000 0.008 0.000   2.647 0.559   4.765 0.559 999.99 0.259000   7.174 0.000   1.896 0.000   5.225 0.000 0.037 0.000 0.049 0.000
324.333333 325.333333   3.04 0.000  0.80 0.000 9.999 0.259000 9.99 0.259000 0.006 0.000   3.225 0.000   5.806 0.000 999.99 0.259000   8.462 0.000   1.663 0.000   6.739 0.000 0.037 0.000 0.047 0.000
327.333333 328.333333   4.34 0.000  0.68 0.000 9.999 0.259000 9.99 0.259000 0.014 0.000   2.243 0.000   4.038 0.000 999.99 0.259000   6.805 0.000   1.246 0.000   5.511 0.000 0.053 0.000 0.059 0.000
330.333333 331.333333   0.59 0.000  0.26 0.000 9.999 0.259000 9.99 0.259000 0.005 0.000   0.477 0.000   0.859 0.000 999.99 0.259000   2.495 0.000   1.531 0.000   0.942 0.000 0.010 0.000 0.028 0.000
333.333333 334.333333   0.56 0.000  0.24 0.000 9.999 0.259000 9.99 0.259000 0.005 0.000   0.553 0.000   0.995 0.000   0.79 0.000000   2.118 0.000   0.965 0.000   1.154 0.000 0.012 0.000 0.018 0.000
336.333333 337.333333   0.89 0.000  0.10 0.000 9.999 0.259000 9.99 0.259000 0.001 0.000   0.732 0.000   1.318 0.000   2.93 0.000000   1.871 0.000   0.714 0.000   1.142 0.000 0.007 0.000 0.016 0.000
339.333333 340.333333   2.93 0.000  0.39 0.000 9.999 0.259000 9.99 0.259000 0.004 0.000   1.169 0.000   2.103 0.000 999.99 0.259000   3.455 0.000   1.016 0.000   2.430 0.000 0.019 0.000 0.049 0.000
342.333333 343.333333   1.70 0.000  0.41 0.000 9.999 0.259000 9.99 0.259000 0.005 0.000   1.115 0.000   2.006 0.000 999.99 0.259000   3.734 0.000   1.529 0.000   2.175 0.000 0.020 0.000 0.024 0.000
345.333333 346.333333   2.19 0.000  0.93 0.000 9.999 0.259000 9.99 0.259000 0.005 0.000   0.745 0.000   1.342 0.000 999.99 0.259000   2.330 0.000   0.690 0.000   1.622 0.000 0.015 0.000 0.037 0.000
348.333333 349.333333   5.46 0.000  0.69 0.000 9.999 0.259000 9.99 0.259000 0.011 0.000   2.047 0.000   3.685 0.000 999.99 0.259000   4.684 0.000   0.365 0.000   4.294 0.000 0.040 0.000 0.072 0.000
351.333333 352.333333   2.38 0.000  0.70 0.000 9.999 0.259000 9.99 0.259000 0.020 0.000   1.221 0.000   2.198 0.000 999.99 0.259000   2.672 0.000   0.153 0.000   2.502 0.000 0.025 0.000 0.032 0.000
354.333333 355.333333   0.95 0.000 99.99 0.259 9.999 0.259000 9.99 0.259000 0.003 0.000   0.637 0.000   1.146 0.000 999.99 0.259000   1.276 0.000   0.323 0.000   0.949 0.000 0.007 0.000 0.005 0.000
357.333333 358.333333   1.42 0.000  0.17 0.000 9.999 0.259000 9.99 0.259000 0.009 0.000   0.794 0.000   1.428 0.000   4.45 0.000000   3.254 0.000   1.711 0.000   1.532 0.000 0.014 0.000 0.027 0.000
360.333333 361.333333   0.69 0.000 99.99 0.259 0.009 0.000000 0.07 0.000000 0.005 0.000   0.553 0.000   0.995 0.000 999.99 0.259000   1.424 0.000   0.426 0.000   0.994 0.000 0.008 0.000 0.008 0.000
363.333333 364.333333   3.46 0.394  0.39 0.394 9.999 0.394259 9.99 0.394259 0.003 0.394   0.714 0.000   1.284 0.000 999.99 0.394259   1.981 0.000   0.612 0.000   1.359 0.000 0.009 0.394 0.015 0.394
