scripts/IMPROVE-2019_partial/data/US0083R.20110103080000.20191216000000.filterpack...1y.3d.US03L_filterpack_US0083.US03L_IMPROVE_Davis.lev2.nas
52 1001
MISSING INFORMATION
US03L, IMPROVE, , , , , , , 
MISSING INFORMATION
IMPROVE sel_HTAP
1 1
2011 01 01 2019 12 16
3.000000
days from file reference point
5
1 1 1 1 1
999.999999 999.999 9.999 999.999 9.999
end_time of measurement, days from the file reference point
pm10_mass, ug/m3, Matrix=pm10
numflag pm10_mass, no unit, Matrix=pm10
pm25_mass, ug/m3, Matrix=pm25
numflag pm25_mass, no unit, Matrix=pm25
0
33
Data definition:              EBAS_1.1
Set type code:                TU
Timezone:                     UTC
File name:                    US0083R.20110103080000.20191216000000.filterpack...1y.3d.US03L_filterpack_US0083.US03L_IMPROVE_Davis.lev2.nas
File creation:                20191218120103
Startdate:                    20110103080000
Revision date:                20191216000000
Version:                      2
Version description:          "Data extracted from http://views.cira.colostate.edu/fed/DataWizard 2019-12-16"
Statistics:                   arithmetic mean
Data level:                   2
Period code:                  1y
Resolution code:              3d
Sample duration:              1d
Orig. time res.:              3d
Station code:                 US0083R
Platform code:                US0083S
Station name:                 Columbia River Gorge
Station latitude:             45.6644
Station longitude:            -121.0008
Station altitude:             178.0 m
Regime:                       IMG
Component:                    
Unit:                         ug/m3
Matrix:                       
Laboratory code:              US03L
Instrument type:              filterpack
Instrument name:              filterpack_US0083
Method ref:                   US03L_IMPROVE_Davis
Blank correction:             Blank corrected
Volume std. temperature:      ambient
Volume std. pressure:         ambient
starttime endtime PM10 flag_PM10 PM2.5 flag_PM2.5
  2.333333   3.333333  13.267 0.000   9.725 0.000
  5.333333   6.333333   9.238 0.000   5.666 0.000
  8.333333   9.333333   2.300 0.000   1.556 0.000
 11.333333  12.333333   7.937 0.000   5.177 0.000
 14.333333  15.333333   2.243 0.000   2.099 0.000
 17.333333  18.333333   1.421 0.000   0.944 0.000
 20.333333  21.333333 999.999 0.999   0.849 0.000
 23.333333  24.333333   4.680 0.000   3.096 0.000
 26.333333  27.333333   3.010 0.000   1.306 0.000
 29.333333  30.333333   4.664 0.000   2.533 0.000
 32.333333  33.333333 999.999 0.999   3.743 0.000
 35.333333  36.333333   1.505 0.000   0.883 0.000
 38.333333  39.333333   4.398 0.000   1.527 0.000
 41.333333  42.333333 999.999 0.999   5.052 0.000
 44.333333  45.333333   5.316 0.000   2.986 0.000
 47.333333  48.333333 999.999 0.999   1.695 0.000
 50.333333  51.333333   7.655 0.000   3.444 0.000
 53.333333  54.333333   3.430 0.000   1.348 0.000
 56.333333  57.333333   5.955 0.000   3.290 0.000
 59.333333  60.333333   2.275 0.000   1.737 0.000
 62.333333  63.333333   6.441 0.000   2.772 0.000
 65.333333  66.333333   7.360 0.000   3.251 0.000
 68.333333  69.333333   4.130 0.000   1.278 0.000
 71.333333  72.333333   2.837 0.000   1.712 0.000
 74.333333  75.333333   4.766 0.000   1.348 0.000
 77.333333  78.333333   2.046 0.000   1.384 0.000
 80.333333  81.333333   4.993 0.000   2.267 0.000
 83.333333  84.333333   3.954 0.000   1.323 0.000
 86.333333  87.333333   2.079 0.000   1.371 0.000
 89.333333  90.333333 999.999 0.999   0.635 0.000
 92.333333  93.333333   6.614 0.000   2.578 0.000
 95.333333  96.333333   5.226 0.000   1.838 0.000
 98.333333  99.333333  19.302 0.000   5.367 0.000
101.333333 102.333333   5.216 0.000   2.108 0.000
104.333333 105.333333 999.999 0.999   1.034 0.000
107.333333 108.333333  17.220 0.000   3.371 0.000
110.333333 111.333333  22.528 0.000   3.603 0.000
113.333333 114.333333   5.252 0.000   2.504 0.000
116.333333 117.333333 999.999 0.999   1.522 0.000
119.333333 120.333333  16.279 0.000   3.451 0.000
122.333333 123.333333  13.862 0.000   2.546 0.000
125.333333 126.333333 999.999 0.999   2.130 0.000
128.333333 129.333333 999.999 0.999   4.507 0.000
131.333333 132.333333 999.999 0.999   3.267 0.000
134.333333 135.333333 999.999 0.999   1.045 0.000
137.333333 138.333333  11.657 0.000   3.175 0.000
140.333333 141.333333  23.460 0.000   4.174 0.000
143.333333 144.333333   6.700 0.000   3.111 0.000
146.333333 147.333333  12.130 0.000   1.461 0.000
149.333333 150.333333   4.046 0.000   1.464 0.000
152.333333 153.333333  14.418 0.000   2.577 0.000
155.333333 156.333333  11.152 0.000   5.046 0.000
158.333333 159.333333 999.999 0.999 999.999 0.999
161.333333 162.333333  11.982 0.000   5.354 0.000
164.333333 165.333333   9.211 0.000   2.731 0.000
167.333333 168.333333  21.352 0.000   3.903 0.000
170.333333 171.333333   7.260 0.000   2.120 0.000
173.333333 174.333333  19.476 0.000   4.347 0.000
176.333333 177.333333   8.443 0.000   3.159 0.000
179.333333 180.333333  21.072 0.000   2.328 0.000
182.333333 183.333333  13.223 0.000   4.610 0.000
185.333333 186.333333  16.564 0.000  10.024 0.000
188.333333 189.333333  24.733 0.000   3.374 0.000
191.333333 192.333333  14.665 0.000   4.474 0.000
194.333333 195.333333  20.337 0.000   3.409 0.000
197.333333 198.333333  12.249 0.000   2.508 0.000
200.333333 201.333333  21.793 0.000   2.907 0.000
203.333333 204.333333   6.942 0.000   3.784 0.000
206.333333 207.333333  12.340 0.000   4.071 0.000
209.333333 210.333333  35.121 0.000   8.167 0.000
212.333333 213.333333   9.364 0.000   3.977 0.000
215.333333 216.333333  33.580 0.000   8.694 0.000
218.333333 219.333333  17.070 0.000   4.710 0.000
221.333333 222.333333  25.477 0.000   4.761 0.000
224.333333 225.333333 999.999 0.999 999.999 0.999
227.333333 228.333333 999.999 0.999 999.999 0.999
230.333333 231.333333 999.999 0.999   4.522 0.000
233.333333 234.333333  16.765 0.000   3.253 0.000
236.333333 237.333333  18.288 0.000   4.947 0.000
239.333333 240.333333  17.895 0.000   7.206 0.000
242.333333 243.333333  38.183 0.000   7.886 0.000
245.333333 246.333333  14.301 0.000   3.180 0.000
248.333333 249.333333  17.563 0.000   9.152 0.000
251.333333 252.333333  52.689 0.000  21.537 0.000
254.333333 255.333333  28.643 0.000  11.990 0.000
257.333333 258.333333  34.247 0.000   5.065 0.000
260.333333 261.333333   5.797 0.000   2.395 0.000
263.333333 264.333333  29.446 0.000   9.982 0.000
266.333333 267.333333  13.315 0.000   5.124 0.000
269.333333 270.333333  10.767 0.000   2.422 0.000
272.333333 273.333333  28.709 0.000  11.800 0.000
275.333333 276.333333   5.587 0.000   6.091 0.000
278.333333 279.333333 999.999 0.456   3.796 0.000
281.333333 282.333333   6.814 0.000   3.978 0.000
284.333333 285.333333  13.710 0.000   2.798 0.000
287.333333 288.333333   8.578 0.000   4.477 0.000
290.333333 291.333333  14.780 0.000   8.331 0.000
293.333333 294.333333   8.882 0.000   4.014 0.000
296.333333 297.333333   9.800 0.000   3.105 0.000
299.333333 300.333333  12.602 0.000   3.871 0.000
302.333333 303.333333   6.610 0.000   4.087 0.000
305.333333 306.333333  13.785 0.000   5.488 0.000
308.333333 309.333333  15.166 0.000   7.286 0.000
311.333333 312.333333  12.678 0.000   5.793 0.000
314.333333 315.333333  16.928 0.000  30.621 0.000
317.333333 318.333333  20.715 0.000   2.038 0.000
320.333333 321.333333 999.999 0.456 999.999 0.456
323.333333 324.333333 999.999 0.456 999.999 0.456
326.333333 327.333333 999.999 0.999   1.373 0.000
329.333333 330.333333   6.970 0.000   3.472 0.000
332.333333 333.333333   5.923 0.000   3.233 0.000
335.333333 336.333333   9.779 0.000   2.312 0.000
338.333333 339.333333  11.106 0.000   3.733 0.000
341.333333 342.333333 999.999 0.456 999.999 0.456
344.333333 345.333333 999.999 0.456 999.999 0.456
347.333333 348.333333  27.601 0.000   9.551 0.000
350.333333 351.333333   5.220 0.000   4.146 0.000
353.333333 354.333333   3.835 0.000   3.104 0.000
356.333333 357.333333   9.809 0.000   6.063 0.000
359.333333 360.333333   6.362 0.000   4.653 0.000
362.333333 363.333333   4.720 0.000   3.897 0.000
