scripts/IMPROVE-2019_partial/data/US0083R.20020102080000.20191216000000.filterpack..pm25.52w.1w.US03L_filterpack_US0083.US03L_IMPROVE_Davis.lev2.nas
64 1001
MISSING INFORMATION
US03L, IMPROVE, , , , , , , 
MISSING INFORMATION
IMPROVE sel_HTAP
1 1
2002 01 01 2019 12 16
3.000000
days from file reference point
25
1 1 1 1 1 1 1 1 1 1 1 1 1 1 1 1 1 1 1 1 1 1 1 1 1
999.999999 99999.99 9.999999 99.99 9.999999 9.999 9.999999999 99.99 9.999999 99.999 9.999999 999.999 9.999 999.999 9.999 999.999 9.999 999.999 9.999 999.999 9.999 9.999 9.999999 99.999 9.999999
end_time of measurement, days from the file reference point
iron, ng/m3, Revision date=20181210133000
numflag iron, no unit, Revision date=20181210133000
lead, ng/m3, Revision date=20181210133000
numflag lead, no unit, Revision date=20181210133000
magnesium, ug/m3, Revision date=20181210133000
numflag magnesium, no unit, Revision date=20181210133000
nickel, ng/m3, Revision date=20181210133000
numflag nickel, no unit, Revision date=20181210133000
nitrate, ug N/m3, Revision date=20181210133000
numflag nitrate, no unit, Revision date=20181210133000
organic_carbon, ug C/m3, Revision date=20181210133000
numflag organic_carbon, no unit, Revision date=20181210133000
organic_mass, ug/m3, Revision date=20181210133000
numflag organic_mass, no unit, Revision date=20181210133000
pm10_mass, ug/m3, Version=2, Version description=Data extracted from http://views.cira.colostate.edu/fed/DataWizard 2019-12-16, Sample duration=1d, Orig. time res.=3d, Matrix=pm10, Blank correction=Blank corrected, Volume std. temperature=ambient, Volume std. pressure=ambient
numflag pm10_mass, no unit, Version=2, Version description=Data extracted from http://views.cira.colostate.edu/fed/DataWizard 2019-12-16, Sample duration=1d, Orig. time res.=3d, Matrix=pm10, Blank correction=Blank corrected, Volume std. temperature=ambient, Volume std. pressure=ambient
pm10_pm25_mass, ug/m3, Revision date=20181210133000, Matrix=pm10_pm25
numflag pm10_pm25_mass, no unit, Revision date=20181210133000, Matrix=pm10_pm25
pm25_mass, ug/m3, Version=2, Version description=Data extracted from http://views.cira.colostate.edu/fed/DataWizard 2019-12-16, Sample duration=1d, Orig. time res.=3d, Blank correction=Blank corrected, Volume std. temperature=ambient, Volume std. pressure=ambient
numflag pm25_mass, no unit, Version=2, Version description=Data extracted from http://views.cira.colostate.edu/fed/DataWizard 2019-12-16, Sample duration=1d, Orig. time res.=3d, Blank correction=Blank corrected, Volume std. temperature=ambient, Volume std. pressure=ambient
potassium, ug/m3, Revision date=20181210133000
numflag potassium, no unit, Revision date=20181210133000
sulphate_total, ug S/m3, Revision date=20181210133000
numflag sulphate_total, no unit, Revision date=20181210133000
0
25
Data definition:              EBAS_1.1
Set type code:                TU
Timezone:                     UTC
File name:                    US0083R.20020102080000.20191216000000.filterpack..pm25.52w.1w.US03L_filterpack_US0083.US03L_IMPROVE_Davis.lev2.nas
File creation:                20191218120102
Startdate:                    20020102080000
Revision date:                20191216000000
Statistics:                   arithmetic mean
Data level:                   2
Period code:                  52w
Resolution code:              1w
Station code:                 US0083R
Platform code:                US0083S
Station name:                 Columbia River Gorge
Station latitude:             45.6644
Station longitude:            -121.0008
Station altitude:             178.0 m
Regime:                       IMG
Component:                    
Matrix:                       pm25
Laboratory code:              US03L
Instrument type:              filterpack
Instrument name:              filterpack_US0083
Method ref:                   US03L_IMPROVE_Davis
starttime endtime Fe flag_Fe Pb flag_Pb Mg++ flag_Mg++ Ni flag_Ni NO3- flag_NO3- OC flag_OC OM flag_OM PM10 flag_PM10 PM10-PM2.5 flag_PM10-PM2.5 PM2.5 flag_PM2.5 K+ flag_K+ SO4-- flag_SO4--
[from data line 79]
238.333333 239.333333   165.22 0.659654  0.92 0.659654 9.999 0.659654259  3.60 0.659654  0.029 0.659654 999.999 0.999 999.999 0.999  10.897 0.659 999.999 0.999   5.841 0.659 0.074 0.659654  0.314 0.659654
241.333333 242.333333   226.13 0.000000  0.81 0.000000 9.999 0.259000000  3.38 0.000000  0.139 0.000000   0.567 0.000   0.794 0.000  24.469 0.000  17.465 0.000   7.004 0.000 0.080 0.000000  0.457 0.000000
244.333333 245.333333   108.95 0.000000  1.24 0.000000 9.999 0.259000000  2.92 0.000000  0.015 0.559000   0.483 0.000   0.676 0.000   5.389 0.000   2.677 0.000   2.712 0.000 0.034 0.000000  0.150 0.559000
247.333333 248.333333   275.21 0.000000  1.42 0.000000 9.999 0.259000000  3.24 0.000000  0.115 0.559000   0.856 0.000   1.199 0.000  25.037 0.000  17.823 0.000   7.214 0.000 0.083 0.000000  0.345 0.559000
250.333333 251.333333   129.74 0.000000  1.17 0.000000 9.999 0.259000000  2.95 0.000000  0.042 0.000000   0.550 0.000   0.769 0.000   6.433 0.000   2.486 0.000   3.947 0.000 0.033 0.000000  0.249 0.000000
253.333333 254.333333   233.80 0.000000  2.09 0.000000 9.999 0.259000000  2.07 0.000000  0.048 0.559000   0.390 0.000   0.546 0.000  18.019 0.659 999.999 0.999   8.237 0.000 0.083 0.000000  0.358 0.559000
256.333333 257.333333   283.52 0.000000  2.62 0.000000 0.049 0.000000000  2.21 0.000000  0.054 0.559000   2.909 0.000   4.072 0.000  16.057 0.659 999.999 0.999  10.327 0.000 0.093 0.000000  0.380 0.559000
259.333333 260.333333   196.71 0.000000  0.57 0.000000 9.999 0.259000000  1.63 0.000000  0.044 0.559000   1.904 0.000   2.666 0.000  16.534 0.659 999.999 0.999   4.162 0.000 0.053 0.000000  0.181 0.559000
262.333333 263.333333   119.08 0.000000  0.72 0.000000 9.999 0.259000000  0.17 0.000000  0.019 0.559000   0.396 0.000   0.554 0.000  10.417 0.659 999.999 0.999   2.742 0.000 0.032 0.000000  0.127 0.559000
265.333333 266.333333   200.80 0.000000  1.21 0.000000 9.999 0.259000000 99.99 0.259000  0.038 0.559000   1.592 0.000   2.228 0.000  13.352 0.659 999.999 0.999   6.103 0.000 0.059 0.000000  0.180 0.559000
268.333333 269.333333   245.34 0.000000  1.10 0.000000 9.999 0.259000000  0.22 0.000000  0.071 0.000000   2.381 0.000   3.333 0.000  27.266 0.659 999.999 0.999   8.757 0.000 0.083 0.000000  0.209 0.000000
271.333333 272.333333   143.12 0.000000  0.75 0.000000 9.999 0.259000000 99.99 0.259000  0.039 0.000000   0.484 0.000   0.678 0.000  31.704 0.659 999.999 0.999   3.973 0.000 0.046 0.000000  0.163 0.000000
274.333333 275.333333   106.84 0.000000  1.64 0.000000 0.028 0.000000000  0.21 0.000000  0.065 0.000000   1.277 0.000   1.787 0.000  17.180 0.000  12.660 0.000   4.520 0.000 0.043 0.000000  0.204 0.000000
277.333333 278.333333   189.71 0.000000  0.85 0.000000 9.999 0.259000000  0.26 0.000000  0.033 0.559000   0.596 0.000   0.834 0.000  16.746 0.000  13.080 0.000   3.666 0.000 0.053 0.000000  0.095 0.559000
280.333333 281.333333    90.88 0.000000  1.89 0.000000 0.025 0.000000000  0.31 0.000000  0.056 0.559000   1.842 0.000   2.578 0.000  11.817 0.000   5.223 0.000   6.594 0.000 0.061 0.000000  0.464 0.559000
283.333333 284.333333   259.65 0.000000  0.87 0.000000 0.026 0.000000000  1.84 0.000000  0.102 0.559000   0.470 0.000   0.658 0.000   9.838 0.000   3.665 0.000   6.173 0.000 0.088 0.000000  0.151 0.559000
286.333333 287.333333   373.90 0.000000  1.37 0.000000 0.078 0.000000000  1.22 0.000000  0.187 0.559000   1.958 0.000   2.742 0.000  17.253 0.000   7.983 0.000   9.269 0.000 0.129 0.000000  0.207 0.559000
289.333333 290.333333   543.08 0.000000  1.59 0.000000 0.071 0.000000000  1.41 0.000000  0.119 0.559000   1.880 0.000   2.632 0.000  19.502 0.000   8.507 0.000  10.995 0.000 0.193 0.000000  0.206 0.559000
292.333333 293.333333    63.60 0.000000  2.31 0.000000 0.027 0.000000000  0.19 0.000000  0.054 0.559000   1.087 0.000   1.522 0.000   9.175 0.000   5.897 0.000   3.279 0.000 0.044 0.000000  0.232 0.559000
295.333333 296.333333   539.00 0.000000  1.03 0.000000 9.999 0.259000000  0.66 0.000000  0.046 0.000000   1.290 0.000   1.806 0.000  19.905 0.000  13.205 0.000   6.700 0.000 0.071 0.000000  0.277 0.000000
298.333333 299.333333   270.18 0.000000  1.67 0.000000 9.999 0.259000000 99.99 0.259000  0.420 0.000000   3.147 0.000   4.406 0.000  18.431 0.000   8.458 0.000   9.973 0.000 0.129 0.000000  0.292 0.000000
301.333333 302.333333   516.47 0.000000  1.20 0.000000 9.999 0.259000000  2.35 0.000000  0.070 0.559000   0.950 0.000   1.329 0.000  21.217 0.000  10.076 0.000  11.140 0.000 0.148 0.000000  0.405 0.559000
304.333333 305.333333   146.63 0.000000  0.91 0.000000 9.999 0.259000000  0.09 0.000000  0.727 0.000000   2.671 0.000   3.739 0.000  16.881 0.000   5.855 0.000  11.026 0.000 0.140 0.000000  0.340 0.000000
307.333333 308.333333   325.56 0.000000  2.06 0.000000 9.999 0.259000000  0.92 0.000000  2.118 0.559000   4.437 0.000   6.212 0.000  27.482 0.000   3.377 0.000  24.105 0.000 0.160 0.000000  0.510 0.559000
310.333333 311.333333   442.27 0.699000  3.82 0.699000 9.999 0.699259000  0.48 0.699000  2.937 0.000000   8.450 0.000  11.829 0.000  38.712 0.000   4.021 0.000  34.690 0.699 0.273 0.699000  0.470 0.000000
313.333333 314.333333   141.31 0.000000  1.52 0.000000 9.999 0.259000000  1.02 0.000000  0.095 0.000000   2.202 0.000   3.083 0.000   5.592 0.000 999.999 0.259   6.335 0.000 0.063 0.000000  0.045 0.000000
316.333333 317.333333   177.33 0.000000  0.69 0.000000 9.999 0.259000000  1.69 0.000000  0.149 0.000000   2.210 0.000   3.095 0.000   9.235 0.000   1.960 0.000   7.275 0.000 0.090 0.000000  0.105 0.000000
319.333333 320.333333   115.45 0.000000  3.36 0.000000 9.999 0.259000000  1.11 0.000000  0.518 0.000000  11.358 0.000  15.900 0.000  19.577 0.000 999.999 0.259  22.267 0.000 0.163 0.000000  0.449 0.000000
322.333333 323.333333   134.06 0.000000  1.30 0.000000 9.999 0.259000000  1.16 0.000000  0.154 0.000000   3.914 0.000   5.480 0.000   8.267 0.000 999.999 0.259   8.696 0.000 0.122 0.000000  0.109 0.000000
325.333333 326.333333   143.16 0.000000  2.40 0.000000 9.999 0.259000000  1.46 0.000000  1.338 0.000000   4.965 0.000   6.952 0.000  17.471 0.000 999.999 0.259  18.206 0.000 0.086 0.000000  0.835 0.000000
328.333333 329.333333   251.45 0.000000  1.58 0.000000 0.026 0.000000000  2.87 0.000000  0.254 0.000000   1.730 0.000   2.422 0.000   6.323 0.000 999.999 0.259   7.453 0.000 0.097 0.000000  0.185 0.000000
331.333333 332.333333   290.66 0.000000  1.77 0.000000 9.999 0.259000000  2.55 0.000000  2.237 0.559000   3.008 0.000   4.212 0.000  21.238 0.000 999.999 0.259  25.698 0.000 0.140 0.000000  1.218 0.559000
334.333333 335.333333   121.90 0.000000  2.03 0.000000 0.038 0.000000000  2.53 0.000000  0.709 0.000000   3.765 0.000   5.271 0.000  13.448 0.000 999.999 0.259  16.375 0.000 0.087 0.000000  1.176 0.000000
337.333333 338.333333   115.61 0.000000  1.04 0.000000 9.999 0.259000000  2.78 0.000000  0.758 0.559000   1.658 0.000   2.321 0.000   7.672 0.000 999.999 0.259   9.229 0.000 0.081 0.000000  0.729 0.559000
340.333333 341.333333    98.55 0.000000  0.34 0.000000 9.999 0.259000000  2.43 0.000000  0.190 0.559000   1.184 0.000   1.657 0.000   3.821 0.000 999.999 0.259   4.965 0.000 0.038 0.000000  0.324 0.559000
343.333333 344.333333 99999.99 0.456000 99.99 0.456000 9.999 0.456000000 99.99 0.456000  0.929 0.559000   1.830 0.000   2.562 0.000   7.926 0.000 999.999 0.999 999.999 0.456 9.999 0.456000  0.750 0.559000
346.333333 347.333333 99999.99 0.456000 99.99 0.456000 9.999 0.456000000 99.99 0.456000  0.178 0.000000   1.144 0.000   1.602 0.000   4.617 0.000 999.999 0.999 999.999 0.456 9.999 0.456000  0.046 0.000000
349.333333 350.333333 99999.99 0.456000 99.99 0.456000 9.999 0.456000000 99.99 0.456000  0.048 0.000000   0.646 0.000   0.905 0.000   5.163 0.000 999.999 0.999 999.999 0.456 9.999 0.456000  0.043 0.000000
352.333333 353.333333   127.39 0.000000  0.61 0.000000 0.023 0.000000000  1.63 0.000000  0.526 0.559000   1.166 0.000   1.632 0.000   5.127 0.000   0.166 0.000   4.960 0.000 0.051 0.000000  0.116 0.559000
355.333333 356.333333    36.64 0.000000  1.25 0.000000 9.999 0.259000000  0.18 0.000000  0.148 0.559000   1.534 0.000   2.147 0.000   3.709 0.000   0.115 0.000   3.594 0.000 0.030 0.000000  0.180 0.559000
358.333333 359.333333    37.16 0.000000  1.10 0.000000 9.999 0.259000000  0.21 0.000000  0.585 0.559000   1.344 0.000   1.881 0.000   6.506 0.000   1.178 0.000   5.328 0.000 0.028 0.000000  0.430 0.559000
361.333333 362.333333    28.62 0.000000  0.79 0.000000 0.017 0.000000000 99.99 0.259000  0.164 0.559000   1.335 0.000   1.868 0.000   3.054 0.000   0.355 0.000   2.699 0.000 0.025 0.000000  0.074 0.559000
364.333333 365.333333    10.54 0.000000  0.54 0.000000 9.999 0.259000000 99.99 0.259000  0.106 0.559000   0.744 0.000   1.042 0.000   4.005 0.000   1.575 0.000   2.430 0.000 0.018 0.000000  0.101 0.559000
