scripts/IMPROVE-2019_partial/data/US0052R.20020102060000.20191216000000.filterpack..pm25.52w.1w.US03L_filterpack_US0052.US03L_IMPROVE_Davis.lev2.nas
64 1001
MISSING INFORMATION
US03L, IMPROVE, , , , , , , 
MISSING INFORMATION
IMPROVE sel_HTAP
1 1
2002 01 01 2019 12 16
3.00
days from file reference point
25
1 1 1 1 1 1 1 1 1 1 1 1 1 1 1 1 1 1 1 1 1 1 1 1 1
999.99 99999.99 9.999 99.99 9.999 9.999 9.999999 9.99 9.999999 99.999 9.999 99.999 9.999 99.999 9.999 999.999 9.999 999.999 9.999 999.999 9.999 9.999 9.999 99.999 9.999
end_time of measurement, days from the file reference point
iron, ng/m3, Revision date=20181210133000
numflag iron, no unit, Revision date=20181210133000
lead, ng/m3, Revision date=20181210133000
numflag lead, no unit, Revision date=20181210133000
magnesium, ug/m3, Revision date=20181210133000
numflag magnesium, no unit, Revision date=20181210133000
nickel, ng/m3, Revision date=20181210133000
numflag nickel, no unit, Revision date=20181210133000
nitrate, ug N/m3, Revision date=20181210133000
numflag nitrate, no unit, Revision date=20181210133000
organic_carbon, ug C/m3, Revision date=20181210133000
numflag organic_carbon, no unit, Revision date=20181210133000
organic_mass, ug/m3, Revision date=20181210133000
numflag organic_mass, no unit, Revision date=20181210133000
pm10_mass, ug/m3, Version=2, Version description=Data extracted from http://views.cira.colostate.edu/fed/DataWizard 2019-12-16, Sample duration=1d, Orig. time res.=3d, Matrix=pm10, Blank correction=Blank corrected, Volume std. temperature=ambient, Volume std. pressure=ambient
numflag pm10_mass, no unit, Version=2, Version description=Data extracted from http://views.cira.colostate.edu/fed/DataWizard 2019-12-16, Sample duration=1d, Orig. time res.=3d, Matrix=pm10, Blank correction=Blank corrected, Volume std. temperature=ambient, Volume std. pressure=ambient
pm10_pm25_mass, ug/m3, Revision date=20181210133000, Matrix=pm10_pm25
numflag pm10_pm25_mass, no unit, Revision date=20181210133000, Matrix=pm10_pm25
pm25_mass, ug/m3, Version=2, Version description=Data extracted from http://views.cira.colostate.edu/fed/DataWizard 2019-12-16, Sample duration=1d, Orig. time res.=3d, Blank correction=Blank corrected, Volume std. temperature=ambient, Volume std. pressure=ambient
numflag pm25_mass, no unit, Version=2, Version description=Data extracted from http://views.cira.colostate.edu/fed/DataWizard 2019-12-16, Sample duration=1d, Orig. time res.=3d, Blank correction=Blank corrected, Volume std. temperature=ambient, Volume std. pressure=ambient
potassium, ug/m3, Revision date=20181210133000
numflag potassium, no unit, Revision date=20181210133000
sulphate_total, ug S/m3, Revision date=20181210133000
numflag sulphate_total, no unit, Revision date=20181210133000
0
25
Data definition:              EBAS_1.1
Set type code:                TU
Timezone:                     UTC
File name:                    US0052R.20020102060000.20191216000000.filterpack..pm25.52w.1w.US03L_filterpack_US0052.US03L_IMPROVE_Davis.lev2.nas
File creation:                20191218115834
Startdate:                    20020102060000
Revision date:                20191216000000
Statistics:                   arithmetic mean
Data level:                   2
Period code:                  52w
Resolution code:              1w
Station code:                 US0052R
Platform code:                US0052S
Station name:                 Hercules-Glades
Station latitude:             36.6138
Station longitude:            -92.9221
Station altitude:             404.0 m
Regime:                       IMG
Component:                    
Matrix:                       pm25
Laboratory code:              US03L
Instrument type:              filterpack
Instrument name:              filterpack_US0052
Method ref:                   US03L_IMPROVE_Davis
starttime endtime Fe flag_Fe Pb flag_Pb Mg++ flag_Mg++ Ni flag_Ni NO3- flag_NO3- OC flag_OC OM flag_OM PM10 flag_PM10 PM10-PM2.5 flag_PM10-PM2.5 PM2.5 flag_PM2.5 K+ flag_K+ SO4-- flag_SO4--
[from data line 91]
274.25 275.25    28.41 0.000  1.53 0.000 9.999 0.259000 0.40 0.000000  0.048 0.000  3.739 0.000  5.235 0.000  17.260 0.000   4.191 0.000  13.068 0.000 0.070 0.000  1.398 0.000
277.25 278.25    31.96 0.000  1.63 0.000 9.999 0.259000 9.99 0.259000  0.025 0.000  1.063 0.000  1.488 0.000   8.000 0.000   4.586 0.000   3.414 0.000 0.036 0.000  0.294 0.000
280.25 281.25     8.53 0.000  2.28 0.000 9.999 0.259000 9.99 0.259000  0.046 0.000  1.535 0.000  2.149 0.000   7.764 0.000   3.324 0.000   4.440 0.000 0.033 0.000  0.351 0.000
283.25 284.25     9.70 0.000  2.76 0.000 0.062 0.000000 9.99 0.259000  0.044 0.000  1.154 0.000  1.616 0.000   9.706 0.000   1.274 0.000   8.432 0.000 0.025 0.000  1.559 0.000
286.25 287.25    11.22 0.000  2.05 0.000 9.999 0.259000 9.99 0.259000  0.087 0.000  0.882 0.000  1.235 0.000   6.410 0.000   3.172 0.000   3.239 0.000 0.031 0.000  0.374 0.000
289.25 290.25    12.64 0.000  1.16 0.000 9.999 0.259000 0.15 0.000000  0.127 0.000  0.885 0.000  1.239 0.000   6.413 0.000   3.425 0.000   2.989 0.000 0.030 0.000  0.249 0.000
292.25 293.25    10.24 0.000  3.02 0.000 9.999 0.259000 9.99 0.259000  0.193 0.000  0.992 0.000  1.389 0.000   6.168 0.000   2.071 0.000   4.097 0.000 0.034 0.000  0.451 0.000
295.25 296.25    65.26 0.000  7.86 0.000 0.030 0.000000 9.99 0.259000  0.409 0.000  2.328 0.000  3.259 0.000  26.879 0.000  13.629 0.000  13.250 0.000 0.065 0.000  1.826 0.000
298.25 299.25    12.63 0.000  1.57 0.000 0.025 0.000000 9.99 0.259000  0.108 0.000  0.830 0.000  1.162 0.000   6.698 0.000   1.229 0.000   5.469 0.000 0.016 0.000  0.875 0.000
301.25 302.25     5.76 0.000  2.17 0.000 9.999 0.259000 0.14 0.000000  0.053 0.000  0.865 0.000  1.211 0.000   5.366 0.000   1.491 0.000   3.876 0.000 0.013 0.000  0.527 0.000
304.25 305.25     6.37 0.000  0.78 0.000 9.999 0.259000 0.11 0.000000  0.527 0.000  0.825 0.000  1.155 0.000   6.944 0.000   1.505 0.000   5.440 0.000 0.017 0.000  0.784 0.000
307.25 308.25     4.89 0.000  0.83 0.000 0.015 0.000000 9.99 0.259000  0.162 0.000  0.778 0.000  1.090 0.000   5.013 0.000   1.352 0.000   3.661 0.000 0.010 0.000  0.509 0.000
310.25 311.25    16.76 0.000  1.68 0.000 9.999 0.259000 9.99 0.259000  0.130 0.000  1.515 0.000  2.121 0.000   7.394 0.000   3.262 0.000   4.131 0.000 0.033 0.000  0.257 0.000
313.25 314.25    66.17 0.000  1.73 0.000 9.999 0.259000 0.36 0.000000  0.060 0.000  1.615 0.000  2.261 0.000  17.075 0.000  11.076 0.000   5.999 0.000 0.059 0.000  0.457 0.000
316.25 317.25    19.01 0.000  1.15 0.000 9.999 0.259000 0.11 0.000000  0.209 0.000  1.231 0.000  1.723 0.000   8.129 0.000   4.570 0.000   3.559 0.000 0.041 0.000  0.221 0.000
319.25 320.25    17.76 0.000  1.94 0.000 9.999 0.259000 9.99 0.259000  1.646 0.559  1.856 0.000  2.598 0.000  17.341 0.000   3.306 0.000  14.035 0.000 0.045 0.000  0.874 0.559
322.25 323.25    20.13 0.000  1.12 0.000 9.999 0.259000 9.99 0.259000  0.384 0.000  1.268 0.000  1.775 0.000  10.279 0.000   6.622 0.000   3.656 0.000 0.036 0.000  0.193 0.000
325.25 326.25    16.03 0.000  1.25 0.000 9.999 0.259000 9.99 0.259000  0.908 0.000  1.252 0.000  1.753 0.000  12.738 0.000   4.889 0.000   7.849 0.000 0.053 0.000  0.537 0.000
328.25 329.25    12.31 0.000  1.15 0.000 9.999 0.259000 9.99 0.259000  0.475 0.000  0.941 0.000  1.317 0.000  11.822 0.000   5.636 0.000   6.186 0.000 0.066 0.000  0.570 0.000
331.25 332.25    28.16 0.000  1.39 0.000 9.999 0.259000 0.10 0.000000  1.108 0.000  2.053 0.000  2.875 0.000  19.765 0.000   8.171 0.000  11.594 0.000 0.053 0.000  0.679 0.000
334.25 335.25    26.71 0.000  1.09 0.000 9.999 0.259000 0.07 0.000000  0.173 0.000  1.152 0.000  1.613 0.000  10.971 0.000   6.845 0.000   4.126 0.000 0.062 0.000  0.214 0.000
337.25 338.25    18.52 0.000  3.74 0.000 9.999 0.259000 0.20 0.000000  0.433 0.559  1.103 0.000  1.545 0.000   6.986 0.000   0.446 0.000   6.539 0.000 0.040 0.000  0.611 0.559
340.25 341.25    12.29 0.000  1.87 0.000 9.999 0.259000 9.99 0.259000  1.239 0.559  2.227 0.000  3.118 0.000  15.212 0.000   3.088 0.000  12.124 0.000 0.056 0.000  0.683 0.559
343.25 344.25    26.01 0.000  2.57 0.000 9.999 0.259000 9.99 0.259000  0.608 0.000  2.680 0.000  3.751 0.000  13.565 0.000   3.756 0.000   9.810 0.000 0.081 0.000  0.742 0.000
346.25 347.25    15.82 0.000  2.53 0.000 0.020 0.000000 9.99 0.259000  0.808 0.000  1.573 0.000  2.202 0.000  13.889 0.000   2.121 0.000  11.768 0.000 0.042 0.000  1.277 0.000
349.25 350.25    21.23 0.000  1.29 0.000 0.027 0.000000 0.31 0.000000  0.181 0.000  1.910 0.000  2.675 0.000  12.786 0.000   2.911 0.000   9.875 0.000 0.046 0.000  1.360 0.000
352.25 353.25    18.44 0.000  0.91 0.000 0.011 0.000000 0.09 0.000000  0.200 0.000  0.906 0.000  1.268 0.000   6.659 0.000   3.985 0.000   2.673 0.000 0.024 0.000  0.188 0.000
355.25 356.25    24.92 0.000  1.62 0.000 0.018 0.000000 0.13 0.000000  0.632 0.000  0.932 0.000  1.305 0.000  11.012 0.000   5.965 0.000   5.048 0.000 0.033 0.000  0.289 0.000
358.25 359.25    20.45 0.000  1.94 0.000 9.999 0.259000 9.99 0.259000  0.895 0.000  0.896 0.000  1.254 0.000  14.385 0.000   5.842 0.000   8.543 0.000 0.038 0.000  0.430 0.000
361.25 362.25    10.82 0.000  1.50 0.000 9.999 0.259000 9.99 0.259000  0.666 0.000  1.386 0.000  1.940 0.000   8.252 0.000   1.975 0.000   6.276 0.000 0.030 0.000  0.432 0.000
364.25 365.25     9.06 0.000  0.92 0.000 9.999 0.259000 9.99 0.259000  0.278 0.000  0.397 0.000  0.555 0.000   5.077 0.000   3.013 0.000   2.064 0.000 0.017 0.000  0.218 0.000
