scripts/IMPROVE-2019_partial/data/US0074R.20110103060000.20191216000000.filterpack...1y.3d.US03L_filterpack_US0074.US03L_IMPROVE_Davis.lev2.nas
52 1001
MISSING INFORMATION
US03L, IMPROVE, , , , , , , 
MISSING INFORMATION
IMPROVE sel_HTAP
1 1
2011 01 01 2019 12 16
3.00
days from file reference point
5
1 1 1 1 1
999.99 9999.999 9.999 999.999 9.999
end_time of measurement, days from the file reference point
pm10_mass, ug/m3, Matrix=pm10
numflag pm10_mass, no unit, Matrix=pm10
pm25_mass, ug/m3, Matrix=pm25
numflag pm25_mass, no unit, Matrix=pm25
0
33
Data definition:              EBAS_1.1
Set type code:                TU
Timezone:                     UTC
File name:                    US0074R.20110103060000.20191216000000.filterpack...1y.3d.US03L_filterpack_US0074.US03L_IMPROVE_Davis.lev2.nas
File creation:                20191218120032
Startdate:                    20110103060000
Revision date:                20191216000000
Version:                      2
Version description:          "Data extracted from http://views.cira.colostate.edu/fed/DataWizard 2019-12-16"
Statistics:                   arithmetic mean
Data level:                   2
Period code:                  1y
Resolution code:              3d
Sample duration:              1d
Orig. time res.:              3d
Station code:                 US0074R
Platform code:                US0074S
Station name:                 Guadalupe Mountains NP
Station latitude:             31.833
Station longitude:            -104.8094
Station altitude:             1672.0 m
Regime:                       IMG
Component:                    
Unit:                         ug/m3
Matrix:                       
Laboratory code:              US03L
Instrument type:              filterpack
Instrument name:              filterpack_US0074
Method ref:                   US03L_IMPROVE_Davis
Blank correction:             Blank corrected
Volume std. temperature:      ambient
Volume std. pressure:         ambient
starttime endtime PM10 flag_PM10 PM2.5 flag_PM2.5
  2.25   3.25    4.609 0.000   3.520 0.659
  5.25   6.25    2.847 0.000   3.064 0.659
  8.25   9.25    7.434 0.000   2.661 0.659
 11.25  12.25    9.357 0.000   4.501 0.659
 14.25  15.25   14.992 0.000   4.768 0.659
 17.25  18.25    6.911 0.000   1.546 0.659
 20.25  21.25   19.682 0.000   3.991 0.659
 23.25  24.25   14.229 0.000   3.660 0.659
 26.25  27.25    4.977 0.000   1.910 0.659
 29.25  30.25   10.076 0.000   2.557 0.659
 32.25  33.25 9999.999 0.999 999.999 0.999
 35.25  36.25    7.614 0.000   2.676 0.659
 38.25  39.25   31.084 0.000   8.387 0.659
 41.25  42.25    5.018 0.000   2.160 0.659
 44.25  45.25    9.149 0.000   2.739 0.659
 47.25  48.25   16.037 0.000   7.118 0.659
 50.25  51.25   28.508 0.000   5.466 0.659
 53.25  54.25   11.376 0.000   4.091 0.659
 56.25  57.25    6.383 0.000   2.433 0.659
 59.25  60.25    9.746 0.000   2.397 0.659
 62.25  63.25   11.971 0.000   5.690 0.659
 65.25  66.25   74.080 0.000  36.164 0.659
 68.25  69.25   19.260 0.000   5.713 0.659
 71.25  72.25   10.211 0.000   3.141 0.659
 74.25  75.25   19.723 0.000   5.701 0.659
 77.25  78.25   25.765 0.000   8.086 0.659
 80.25  81.25   30.076 0.000   7.237 0.659
 83.25  84.25   19.128 0.000   6.706 0.659
 86.25  87.25   13.309 0.000   5.647 0.659
 89.25  90.25    9.075 0.000   4.595 0.659
 92.25  93.25  100.351 0.000  20.620 0.659
 95.25  96.25 9999.999 0.999 999.999 0.999
 98.25  99.25   90.693 0.000  43.073 0.659
101.25 102.25   36.331 0.000  13.545 0.659
104.25 105.25   39.761 0.000  13.715 0.659
107.25 108.25   31.133 0.000  10.294 0.659
110.25 111.25   26.154 0.000  11.339 0.659
113.25 114.25   29.534 0.000   7.800 0.659
116.25 117.25   36.633 0.000   8.522 0.659
119.25 120.25   27.091 0.000   7.358 0.659
122.25 123.25   10.854 0.000   3.029 0.659
125.25 126.25   36.895 0.000  10.796 0.659
128.25 129.25   34.648 0.000  11.516 0.659
131.25 132.25    9.422 0.000   4.630 0.000
134.25 135.25   16.782 0.000   4.489 0.000
137.25 138.25   33.938 0.000   9.803 0.000
140.25 141.25    9.995 0.000   3.581 0.000
143.25 144.25   50.417 0.000  11.630 0.000
146.25 147.25   29.033 0.000  11.512 0.000
149.25 150.25   35.331 0.000  10.956 0.000
152.25 153.25   34.771 0.000  16.601 0.000
155.25 156.25   17.607 0.000   7.175 0.000
158.25 159.25   31.997 0.000  12.834 0.000
161.25 162.25   16.304 0.000   8.706 0.000
164.25 165.25   26.812 0.000  10.253 0.000
167.25 168.25   24.768 0.000   8.357 0.000
170.25 171.25   34.091 0.000  11.075 0.000
173.25 174.25   11.234 0.000   5.016 0.000
176.25 177.25   16.349 0.000   4.907 0.000
179.25 180.25   18.598 0.000   5.509 0.000
182.25 183.25   19.036 0.000   8.727 0.000
185.25 186.25   18.898 0.000   8.809 0.000
188.25 189.25   16.657 0.000   8.002 0.000
191.25 192.25   14.812 0.000   6.413 0.000
194.25 195.25    6.923 0.000   4.095 0.000
197.25 198.25   13.360 0.000   5.309 0.000
200.25 201.25   21.295 0.000   6.590 0.000
203.25 204.25    8.161 0.000   5.251 0.000
206.25 207.25    4.869 0.000   2.657 0.000
209.25 210.25   13.258 0.000   8.123 0.000
212.25 213.25    8.713 0.000   4.476 0.000
215.25 216.25   11.291 0.000   4.920 0.000
218.25 219.25   11.407 0.000   4.330 0.000
221.25 222.25   13.671 0.000  10.725 0.000
224.25 225.25   13.825 0.000   5.958 0.000
227.25 228.25   10.189 0.000   5.048 0.000
230.25 231.25   10.326 0.000   5.131 0.000
233.25 234.25   10.531 0.000   5.226 0.000
236.25 237.25   10.447 0.000   5.481 0.000
239.25 240.25    8.699 0.000   7.670 0.000
242.25 243.25   13.970 0.000   6.785 0.000
245.25 246.25   11.281 0.000   5.096 0.000
248.25 249.25   17.069 0.000   4.896 0.000
251.25 252.25   25.413 0.000   7.576 0.000
254.25 255.25   20.570 0.000   8.203 0.000
257.25 258.25 9999.999 0.999 999.999 0.999
260.25 261.25 9999.999 0.999 999.999 0.999
263.25 264.25 9999.999 0.999 999.999 0.999
266.25 267.25   14.591 0.000 999.999 0.999
269.25 270.25   26.135 0.000 999.999 0.999
272.25 273.25   48.109 0.000   8.771 0.000
275.25 276.25   13.879 0.000   5.970 0.000
278.25 279.25   11.580 0.000   4.134 0.000
281.25 282.25    4.598 0.000   1.975 0.000
284.25 285.25    7.185 0.000   3.105 0.000
287.25 288.25   11.784 0.000   3.985 0.000
290.25 291.25   17.803 0.000   3.438 0.000
293.25 294.25   14.695 0.000   4.075 0.000
296.25 297.25   13.328 0.000   4.809 0.000
299.25 300.25    6.101 0.000   1.854 0.000
302.25 303.25    9.742 0.000   4.923 0.000
305.25 306.25 9999.999 0.999 999.999 0.999
308.25 309.25   70.116 0.000  13.256 0.000
311.25 312.25 9999.999 0.999 999.999 0.999
314.25 315.25 9999.999 0.999 999.999 0.999
317.25 318.25    1.656 0.000   0.846 0.000
320.25 321.25   19.246 0.000   3.687 0.000
323.25 324.25    8.790 0.000   3.181 0.000
326.25 327.25    6.000 0.000   4.884 0.000
329.25 330.25   13.764 0.000   2.467 0.000
332.25 333.25   10.962 0.000   3.050 0.000
335.25 336.25    2.466 0.000   1.340 0.000
338.25 339.25    1.065 0.000   0.980 0.000
341.25 342.25    6.691 0.000   3.356 0.000
344.25 345.25    6.339 0.000   4.252 0.000
347.25 348.25    1.465 0.000   0.456 0.000
350.25 351.25    5.362 0.000   3.073 0.000
353.25 354.25    1.107 0.000   0.549 0.000
356.25 357.25    1.197 0.000   1.120 0.000
359.25 360.25    3.256 0.000   1.326 0.000
362.25 363.25    4.213 0.000   1.681 0.000
