scripts/IMPROVE-2019_partial/data/US0036U.20040101060000.20191216000000.filterpack..pm25.52w.1w.US03L_filterpack_US0036.US03L_IMPROVE_Davis.lev2.nas
66 1001
MISSING INFORMATION
US03L, IMPROVE, , , , , , , 
MISSING INFORMATION
IMPROVE sel_HTAP
1 1
2004 01 01 2019 12 16
3.00
days from file reference point
27
1 1 1 1 1 1 1 1 1 1 1 1 1 1 1 1 1 1 1 1 1 1 1 1 1 1 1
999.99 9999.99 9.999 999.99 9.999 9.999 9.999999 99.99 9.999 99.999 9.999 99.999 9.999 99.999 9.999 999.99 9.999999 999.999 9.999 999.999 9.999 999.999 9.999 9.999 9.999 99.999 9.999
end_time of measurement, days from the file reference point
iron, ng/m3, Revision date=20181210133000
numflag iron, no unit, Revision date=20181210133000
lead, ng/m3, Revision date=20181210133000
numflag lead, no unit, Revision date=20181210133000
magnesium, ug/m3, Revision date=20181210133000
numflag magnesium, no unit, Revision date=20181210133000
nickel, ng/m3, Revision date=20181210133000
numflag nickel, no unit, Revision date=20181210133000
nitrate, ug N/m3, Revision date=20181210133000
numflag nitrate, no unit, Revision date=20181210133000
organic_carbon, ug C/m3, Revision date=20181210133000
numflag organic_carbon, no unit, Revision date=20181210133000
organic_mass, ug/m3, Revision date=20181210133000
numflag organic_mass, no unit, Revision date=20181210133000
phosphorus, ng/m3, Revision date=20181210133000
numflag phosphorus, no unit, Revision date=20181210133000
pm10_mass, ug/m3, Version=2, Version description=Data extracted from http://views.cira.colostate.edu/fed/DataWizard 2019-12-16, Sample duration=1d, Orig. time res.=3d, Matrix=pm10, Blank correction=Blank corrected, Volume std. temperature=ambient, Volume std. pressure=ambient
numflag pm10_mass, no unit, Version=2, Version description=Data extracted from http://views.cira.colostate.edu/fed/DataWizard 2019-12-16, Sample duration=1d, Orig. time res.=3d, Matrix=pm10, Blank correction=Blank corrected, Volume std. temperature=ambient, Volume std. pressure=ambient
pm10_pm25_mass, ug/m3, Revision date=20181210133000, Matrix=pm10_pm25
numflag pm10_pm25_mass, no unit, Revision date=20181210133000, Matrix=pm10_pm25
pm25_mass, ug/m3, Version=2, Version description=Data extracted from http://views.cira.colostate.edu/fed/DataWizard 2019-12-16, Sample duration=1d, Orig. time res.=3d, Blank correction=Blank corrected, Volume std. temperature=ambient, Volume std. pressure=ambient
numflag pm25_mass, no unit, Version=2, Version description=Data extracted from http://views.cira.colostate.edu/fed/DataWizard 2019-12-16, Sample duration=1d, Orig. time res.=3d, Blank correction=Blank corrected, Volume std. temperature=ambient, Volume std. pressure=ambient
potassium, ug/m3, Revision date=20181210133000
numflag potassium, no unit, Revision date=20181210133000
sulphate_total, ug S/m3, Revision date=20181210133000
numflag sulphate_total, no unit, Revision date=20181210133000
0
25
Data definition:              EBAS_1.1
Set type code:                TU
Timezone:                     UTC
File name:                    US0036U.20040101060000.20191216000000.filterpack..pm25.52w.1w.US03L_filterpack_US0036.US03L_IMPROVE_Davis.lev2.nas
File creation:                20191218115743
Startdate:                    20040101060000
Revision date:                20191216000000
Statistics:                   arithmetic mean
Data level:                   2
Period code:                  52w
Resolution code:              1w
Station code:                 US0036U
Platform code:                US0036S
Station name:                 Chicago
Station latitude:             41.7514
Station longitude:            -87.7135
Station altitude:             194.0 m
Regime:                       IMG
Component:                    
Matrix:                       pm25
Laboratory code:              US03L
Instrument type:              filterpack
Instrument name:              filterpack_US0036
Method ref:                   US03L_IMPROVE_Davis
starttime endtime Fe flag_Fe Pb flag_Pb Mg++ flag_Mg++ Ni flag_Ni NO3- flag_NO3- OC flag_OC OM flag_OM P flag_P PM10 flag_PM10 PM10-PM2.5 flag_PM10-PM2.5 PM2.5 flag_PM2.5 K+ flag_K+ SO4-- flag_SO4--
[from data line 85]
255.25 256.25  244.56 0.000  13.37 0.000 9.999 0.259000 99.99 0.259  0.281 0.000  3.463 0.000  4.848 0.000 999.99 0.259000 999.999 0.999 999.999 0.999  26.408 0.000 0.149 0.000  4.047 0.000
258.25 259.25   52.82 0.000   1.62 0.000 9.999 0.259000  0.20 0.000  0.125 0.000  1.544 0.000  2.162 0.000 999.99 0.259000 999.999 0.999 999.999 0.999  14.552 0.000 0.032 0.000  2.033 0.000
261.25 262.25  196.07 0.000   9.86 0.000 9.999 0.259000  0.15 0.000  0.169 0.000  4.070 0.000  5.698 0.000 999.99 0.259000 999.999 0.999 999.999 0.999   9.773 0.000 0.072 0.000  0.491 0.000
264.25 265.25  134.86 0.000   4.38 0.000 9.999 0.259000  0.12 0.000  0.106 0.000  3.133 0.000  4.387 0.000 999.99 0.259000 999.999 0.999 999.999 0.999  14.611 0.000 0.058 0.000  1.570 0.000
267.25 268.25   86.25 0.000   5.02 0.000 9.999 0.259000  0.22 0.000  0.142 0.000  3.056 0.000  4.279 0.000 999.99 0.259000 999.999 0.999 999.999 0.999  10.985 0.000 0.041 0.000  1.010 0.000
270.25 271.25  348.62 0.000   9.46 0.000 9.999 0.259000  0.26 0.000  0.451 0.000  6.531 0.000  9.143 0.000 999.99 0.259000 999.999 0.999 999.999 0.999  18.101 0.000 0.106 0.000  1.234 0.000
273.25 274.25  266.91 0.000  12.89 0.000 9.999 0.259000  0.20 0.000  0.509 0.000  4.932 0.000  6.905 0.000 999.99 0.259000 999.999 0.999 999.999 0.999  12.177 0.000 0.080 0.000  0.587 0.000
276.25 277.25   47.37 0.000   6.07 0.000 9.999 0.259000 99.99 0.259  0.176 0.000  2.184 0.000  3.057 0.000 999.99 0.259000 999.999 0.999 999.999 0.999   6.405 0.000 0.073 0.000  0.352 0.000
279.25 280.25  207.58 0.000   3.51 0.000 9.999 0.259000  0.17 0.000  0.220 0.000  2.261 0.000  3.165 0.000 999.99 0.259000 999.999 0.999 999.999 0.999   8.233 0.000 0.051 0.000  0.458 0.000
282.25 283.25  303.80 0.000   6.09 0.000 9.999 0.259000  0.86 0.000  0.111 0.000  4.032 0.000  5.644 0.000 999.99 0.259000 999.999 0.999 999.999 0.999   9.925 0.000 0.092 0.000  0.393 0.000
285.25 286.25  320.64 0.394  14.72 0.394 9.999 0.394259  0.92 0.394  0.750 0.394  2.297 0.000  3.216 0.000 999.99 0.394259 999.999 0.999 999.999 0.999  13.980 0.000 0.131 0.394  1.163 0.394
288.25 289.25   75.92 0.000   2.19 0.000 9.999 0.259000  0.69 0.000  0.461 0.000  1.460 0.000  2.043 0.000 999.99 0.259000 999.999 0.999 999.999 0.999   9.115 0.000 0.029 0.000  0.867 0.000
291.25 292.25  531.62 0.000  25.81 0.000 9.999 0.259000  0.13 0.000  0.756 0.000  3.119 0.000  4.367 0.000 999.99 0.259000 999.999 0.999 999.999 0.999  14.290 0.000 0.187 0.000  0.936 0.000
294.25 295.25  161.86 0.000   4.45 0.000 9.999 0.259000  0.11 0.000  0.659 0.000  2.409 0.000  3.373 0.000 999.99 0.259000  20.048 0.000   7.789 0.000  12.258 0.000 0.044 0.000  1.122 0.000
297.25 298.25   88.27 0.000   5.52 0.000 0.086 0.000000 99.99 0.259  0.165 0.000  2.790 0.000  3.906 0.000 999.99 0.259000  11.822 0.000   4.726 0.000   7.096 0.000 0.049 0.000  0.285 0.000
300.25 301.25  227.85 0.000  10.98 0.000 9.999 0.259000  0.45 0.000  2.504 0.000  4.270 0.000  5.978 0.000 999.99 0.259000  39.993 0.000  10.472 0.000  29.521 0.000 0.064 0.000  2.208 0.000
303.25 304.25   61.68 0.000   4.08 0.000 9.999 0.259000  0.33 0.000  0.060 0.000  0.869 0.000  1.216 0.000 999.99 0.259000  15.368 0.000   9.953 0.000   5.415 0.000 0.016 0.000  0.636 0.000
306.25 307.25   21.26 0.000   1.38 0.000 9.999 0.259000  0.15 0.000  0.258 0.000  1.024 0.000  1.433 0.000 999.99 0.259000   8.547 0.000   3.994 0.000   4.553 0.000 0.022 0.000  0.536 0.000
309.25 310.25   64.27 0.000   2.73 0.000 9.999 0.259000 99.99 0.259  0.171 0.000  1.604 0.000  2.246 0.000 999.99 0.259000  14.180 0.000   8.509 0.000   5.671 0.000 0.056 0.000  0.328 0.000
312.25 313.25   97.31 0.000   2.32 0.000 0.114 0.000000  0.36 0.000  0.237 0.000  2.101 0.000  2.942 0.000 999.99 0.259000  17.803 0.000  11.100 0.000   6.703 0.000 0.050 0.000  0.197 0.000
315.25 316.25   51.05 0.000   2.68 0.000 0.090 0.000000  0.12 0.000  0.220 0.000  1.156 0.000  1.619 0.000 999.99 0.259000  19.234 0.000  14.123 0.000   5.111 0.000 0.033 0.000  0.363 0.000
318.25 319.25  144.29 0.000  14.76 0.000 9.999 0.259000  0.22 0.000  0.893 0.000  2.892 0.000  4.049 0.000 999.99 0.259000  20.750 0.000   7.280 0.000  13.470 0.000 0.092 0.000  0.539 0.000
321.25 322.25   90.37 0.000   5.46 0.000 9.999 0.259000  0.21 0.000  1.702 0.000  2.127 0.000  2.977 0.000 999.99 0.259000  32.547 0.000   7.706 0.000  24.841 0.000 0.052 0.000  2.174 0.000
324.25 325.25   24.60 0.000   1.86 0.000 9.999 0.259000  0.10 0.000  0.824 0.000  0.856 0.000  1.199 0.000 999.99 0.259000  12.174 0.000   3.097 0.000   9.076 0.000 0.019 0.000  0.741 0.000
327.25 328.25   68.03 0.000   3.26 0.000 9.999 0.259000  0.10 0.000  1.351 0.000  1.299 0.000  1.819 0.000 999.99 0.259000  21.918 0.000   6.114 0.000  15.804 0.000 0.036 0.000  1.346 0.000
330.25 331.25   36.40 0.000   2.56 0.000 0.114 0.000000  0.15 0.000  0.720 0.000  1.445 0.000  2.023 0.000 999.99 0.259000  11.027 0.000   2.308 0.000   8.719 0.000 0.026 0.000  0.330 0.000
333.25 334.25  221.03 0.000  12.19 0.000 9.999 0.259000  0.85 0.000  0.704 0.000  2.824 0.000  3.954 0.000 999.99 0.259000  18.140 0.000   4.373 0.000  13.767 0.000 0.090 0.000  0.880 0.000
336.25 337.25  153.26 0.000   7.27 0.000 0.050 0.000000  0.61 0.000  1.843 0.000  4.170 0.000  5.838 0.000 999.99 0.259000  35.188 0.000  12.788 0.000  22.400 0.000 0.065 0.000  0.630 0.000
339.25 340.25  350.33 0.000  18.13 0.000 9.999 0.259000 99.99 0.259  2.009 0.000  4.967 0.000  6.954 0.000 999.99 0.259000  33.614 0.000   6.709 0.000  26.906 0.000 0.150 0.000  0.756 0.000
342.25 343.25   50.86 0.000   2.99 0.000 9.999 0.259000  0.12 0.000  0.947 0.000  0.992 0.000  1.389 0.000 999.99 0.259000  15.802 0.000   3.634 0.000  12.168 0.000 0.020 0.000  1.076 0.000
345.25 346.25   27.66 0.000   1.76 0.000 9.999 0.259000  0.69 0.000  0.314 0.000  0.815 0.000  1.141 0.000 999.99 0.259000   7.610 0.000   1.454 0.000   6.156 0.000 0.014 0.000  0.706 0.000
348.25 349.25   56.18 0.000   2.25 0.000 0.052 0.000000  1.08 0.000  0.335 0.559  1.593 0.000  2.230 0.000 999.99 0.259000  16.874 0.000   9.147 0.000   7.727 0.000 0.042 0.000  0.412 0.559
351.25 352.25  106.80 0.000   4.21 0.000 9.999 0.259000  0.39 0.000  0.815 0.000  3.139 0.000  4.394 0.000 999.99 0.259000  24.640 0.000  10.419 0.000  14.221 0.000 0.053 0.000  0.716 0.000
354.25 355.25   47.97 0.000   1.92 0.000 9.999 0.259000  0.13 0.000  0.323 0.000  1.130 0.000  1.581 0.000 999.99 0.259000  21.044 0.000  14.827 0.000   6.217 0.000 0.035 0.000  0.353 0.000
357.25 358.25   54.61 0.000   2.12 0.000 9.999 0.259000  0.15 0.000  0.346 0.000  1.676 0.000  2.347 0.000 999.99 0.259000  24.814 0.000  17.208 0.000   7.606 0.000 0.044 0.000  0.320 0.000
360.25 361.25   78.23 0.000   3.39 0.000 9.999 0.259000  0.20 0.000  1.695 0.000  3.156 0.000  4.418 0.000 999.99 0.259000  32.155 0.000  10.416 0.000  21.739 0.000 0.073 0.000  0.996 0.000
363.25 364.25  208.36 0.000  13.25 0.000 9.999 0.259000  0.24 0.000  3.241 0.000  3.844 0.000  5.382 0.000 999.99 0.259000  47.087 0.000  10.232 0.000  36.854 0.000 0.112 0.000  1.501 0.000
