scripts/IMPROVE-2019_partial/data/US0098R.19880302080000.20191216000000.filterpack...10mo.3d.US03L_filterpack_US0098.US03L_IMPROVE_Davis.lev2.nas
51 1001
MISSING INFORMATION
US03L, IMPROVE, , , , , , , 
MISSING INFORMATION
IMPROVE sel_HTAP
1 1
1988 01 01 2019 12 16
0
days from file reference point
4
1 1 1 1
999.999999 999.999 999.999 9.999
end_time of measurement, days from the file reference point
pm10_mass, ug/m3, Matrix=pm10
pm25_mass, ug/m3, Matrix=pm25
numflag, no unit
0
33
Data definition:              EBAS_1.1
Set type code:                TI
Timezone:                     UTC
File name:                    US0098R.19880302080000.20191216000000.filterpack...10mo.3d.US03L_filterpack_US0098.US03L_IMPROVE_Davis.lev2.nas
File creation:                20191218120206
Startdate:                    19880302080000
Revision date:                20191216000000
Version:                      2
Version description:          "Data extracted from http://views.cira.colostate.edu/fed/DataWizard 2019-12-16"
Statistics:                   arithmetic mean
Data level:                   2
Period code:                  10mo
Resolution code:              3d
Sample duration:              1d
Orig. time res.:              3d
Station code:                 US0098R
Platform code:                US0098S
Station name:                 Point Reyes National Seashore
Station latitude:             38.1224
Station longitude:            -122.9085
Station altitude:             97.0 m
Regime:                       IMG
Component:                    
Unit:                         ug/m3
Matrix:                       
Laboratory code:              US03L
Instrument type:              filterpack
Instrument name:              filterpack_US0098
Method ref:                   US03L_IMPROVE_Davis
Blank correction:             Blank corrected
Volume std. temperature:      ambient
Volume std. pressure:         ambient
starttime endtime PM10 PM2.5 flag
 61.333333  62.333333  20.000 999.999 0.000
 64.333333  65.333333  13.734   5.017 0.000
 68.333333  69.333333  25.779   8.859 0.000
 71.333333  72.333333  24.027   8.446 0.000
 75.333333  76.333333  21.627  10.845 0.000
 78.333333  79.333333  17.749   9.561 0.000
 82.333333  83.333333  32.915  10.537 0.000
 85.333333  86.333333  31.701  12.718 0.000
 89.333333  90.333333  35.020  16.321 0.000
 92.333333  93.333333  16.622   7.659 0.000
 96.333333  97.333333  16.755   6.200 0.000
 99.333333 100.333333  21.621   7.700 0.000
103.333333 104.333333 999.999  11.246 0.000
106.333333 107.333333  24.218   8.605 0.000
110.333333 111.333333  10.100   4.266 0.000
113.333333 114.333333 999.999   3.481 0.000
117.333333 118.333333   8.906   5.436 0.000
120.333333 121.333333  17.815   5.567 0.000
124.333333 125.333333 999.999   6.667 0.000
127.333333 128.333333  12.511   2.640 0.000
131.333333 132.333333  14.395   5.833 0.000
134.333333 135.333333  22.149   7.467 0.000
138.333333 139.333333  26.032  12.375 0.000
141.333333 142.333333  23.700  10.000 0.000
145.333333 146.333333  23.852   9.233 0.000
148.333333 149.333333   9.669   2.600 0.000
152.333333 153.333333   8.571   3.987 0.000
155.333333 156.333333  16.988   4.554 0.000
159.333333 160.333333   9.000   3.591 0.000
162.333333 163.333333  28.496  11.717 0.000
166.333333 167.333333  15.556   4.548 0.000
169.333333 170.333333  30.921   8.653 0.000
173.333333 174.333333  19.182   9.088 0.000
176.333333 177.333333  34.421  14.133 0.000
180.333333 181.333333  35.612  12.229 0.000
183.333333 184.333333 999.999 999.999 0.999
187.333333 188.333333  19.758   9.154 0.000
190.333333 191.333333 999.999 999.999 0.999
194.333333 195.333333 999.999   3.075 0.000
197.333333 198.333333 999.999  12.801 0.000
201.333333 202.333333   5.942   4.036 0.000
204.333333 205.333333  14.045   7.463 0.000
208.333333 209.333333  11.098   5.663 0.000
211.333333 212.333333  13.264   5.000 0.000
215.333333 216.333333   7.177   3.373 0.000
218.333333 219.333333 999.999 999.999 0.999
222.333333 223.333333 999.999 999.999 0.999
225.333333 226.333333 999.999 999.999 0.999
229.333333 230.333333 999.999 999.999 0.999
232.333333 233.333333 999.999 999.999 0.999
236.333333 237.333333  13.144   4.044 0.000
239.333333 240.333333 999.999 999.999 0.999
243.333333 244.333333  22.808  11.900 0.000
246.333333 247.333333 999.999 999.999 0.999
250.333333 251.333333   8.314   4.921 0.000
253.333333 254.333333 999.999 999.999 0.999
257.333333 258.333333 999.999 999.999 0.999
260.333333 261.333333  38.304 999.999 0.000
264.333333 265.333333 999.999 999.999 0.999
267.333333 268.333333  13.587   7.692 0.000
271.333333 272.333333  12.500   5.566 0.000
274.333333 275.333333   9.031   4.698 0.000
278.333333 279.333333   4.843   1.342 0.000
281.333333 282.333333  18.134   5.340 0.000
285.333333 286.333333   8.870   4.103 0.000
288.333333 289.333333  17.834   3.542 0.000
292.333333 293.333333  18.185 999.999 0.000
295.333333 296.333333   8.453   3.941 0.000
299.333333 300.333333  15.105   7.846 0.000
302.333333 303.333333  33.066   7.184 0.000
306.333333 307.333333   3.333   0.943 0.000
309.333333 310.333333 999.999 999.999 0.999
313.333333 314.333333  11.349   5.304 0.000
316.333333 317.333333  11.406   3.873 0.000
320.333333 321.333333  12.338   4.920 0.000
323.333333 324.333333  15.041   3.407 0.000
327.333333 328.333333  12.635   3.569 0.000
330.333333 331.333333  14.561   4.277 0.000
334.333333 335.333333 999.999 999.999 0.999
337.333333 338.333333 999.999 999.999 0.999
341.333333 342.333333  23.879   7.697 0.000
344.333333 345.333333 999.999 999.999 0.999
348.333333 349.333333  25.755  11.076 0.000
351.333333 352.333333 999.999 999.999 0.999
355.333333 356.333333  20.696   7.410 0.000
358.333333 359.333333  10.657   2.516 0.000
362.333333 363.333333  23.074   6.375 0.000
365.333333 366.333333  18.571   6.881 0.000
