scripts/IMPROVE-2019_partial/data/US0024R.20150103080000.20191216000000.filterpack...1y.3d.US03L_filterpack_US0024.US03L_IMPROVE_Davis.lev2.nas
52 1001
MISSING INFORMATION
US03L, IMPROVE, , , , , , , 
MISSING INFORMATION
IMPROVE sel_HTAP
1 1
2015 01 01 2019 12 16
3.000000
days from file reference point
5
1 1 1 1 1
999.999999 999.999 9.999 999.999 9.999
end_time of measurement, days from the file reference point
pm10_mass, ug/m3, Matrix=pm10
numflag pm10_mass, no unit, Matrix=pm10
pm25_mass, ug/m3, Matrix=pm25
numflag pm25_mass, no unit, Matrix=pm25
0
33
Data definition:              EBAS_1.1
Set type code:                TU
Timezone:                     UTC
File name:                    US0024R.20150103080000.20191216000000.filterpack...1y.3d.US03L_filterpack_US0024.US03L_IMPROVE_Davis.lev2.nas
File creation:                20191218115702
Startdate:                    20150103080000
Revision date:                20191216000000
Version:                      2
Version description:          "Data extracted from http://views.cira.colostate.edu/fed/DataWizard 2019-12-16"
Statistics:                   arithmetic mean
Data level:                   2
Period code:                  1y
Resolution code:              3d
Sample duration:              1d
Orig. time res.:              3d
Station code:                 US0024R
Platform code:                US0024S
Station name:                 Kaiser
Station latitude:             37.2207
Station longitude:            -119.1546
Station altitude:             2597.0 m
Regime:                       IMG
Component:                    
Unit:                         ug/m3
Matrix:                       
Laboratory code:              US03L
Instrument type:              filterpack
Instrument name:              filterpack_US0024
Method ref:                   US03L_IMPROVE_Davis
Blank correction:             Blank corrected
Volume std. temperature:      ambient
Volume std. pressure:         ambient
starttime endtime PM10 flag_PM10 PM2.5 flag_PM2.5
  2.333333   3.333333   1.735 0.000   0.561 0.000
  5.333333   6.333333   0.432 0.000   0.158 0.000
  8.333333   9.333333   1.133 0.000   0.468 0.000
 11.333333  12.333333   3.176 0.000   2.194 0.000
 14.333333  15.333333   0.630 0.000   0.372 0.000
 17.333333  18.333333   0.209 0.000   0.247 0.000
 20.333333  21.333333 999.999 0.999 999.999 0.999
 23.333333  24.333333 999.999 0.999 999.999 0.999
 26.333333  27.333333 999.999 0.999 999.999 0.999
 29.333333  30.333333   0.717 0.000   0.655 0.000
 32.333333  33.333333   0.546 0.000   0.435 0.000
 35.333333  36.333333   1.511 0.000   0.682 0.000
 38.333333  39.333333   1.220 0.000   0.626 0.000
 41.333333  42.333333   2.881 0.000   0.864 0.000
 44.333333  45.333333   1.420 0.000   0.742 0.000
 47.333333  48.333333   4.489 0.000   2.529 0.000
 50.333333  51.333333   7.415 0.000   1.420 0.000
 53.333333  54.333333   3.545 0.000   1.046 0.000
 56.333333  57.333333   4.389 0.000   2.798 0.000
 59.333333  60.333333   1.144 0.000   0.730 0.000
 62.333333  63.333333   2.910 0.000   1.708 0.000
 65.333333  66.333333   5.171 0.000   2.930 0.000
 68.333333  69.333333   6.052 0.000   3.167 0.000
 71.333333  72.333333   3.224 0.000   1.980 0.000
 74.333333  75.333333   6.451 0.000   3.397 0.000
 77.333333  78.333333   3.130 0.000   2.120 0.000
 80.333333  81.333333   6.340 0.000   3.678 0.000
 83.333333  84.333333   2.981 0.000   1.921 0.000
 86.333333  87.333333   7.245 0.000   4.424 0.000
 89.333333  90.333333  11.109 0.000   5.596 0.000
 92.333333  93.333333   9.416 0.000   3.758 0.000
 95.333333  96.333333   4.501 0.000   2.628 0.000
 98.333333  99.333333   8.234 0.000   1.096 0.000
101.333333 102.333333   7.686 0.000   2.857 0.000
104.333333 105.333333   7.303 0.000   3.272 0.000
107.333333 108.333333  11.658 0.000   4.866 0.000
110.333333 111.333333   9.769 0.000   4.801 0.000
113.333333 114.333333   7.334 0.000   3.836 0.000
116.333333 117.333333   4.429 0.000   2.424 0.000
119.333333 120.333333   9.452 0.000   4.818 0.000
122.333333 123.333333   9.063 0.000   3.454 0.000
125.333333 126.333333  15.395 0.000   8.479 0.000
128.333333 129.333333   5.680 0.000   3.365 0.000
131.333333 132.333333  11.962 0.000   4.963 0.000
134.333333 135.333333   3.656 0.000   2.203 0.000
137.333333 138.333333   6.251 0.000   3.984 0.000
140.333333 141.333333   6.530 0.000   5.245 0.000
143.333333 144.333333   5.017 0.000   4.050 0.000
146.333333 147.333333  13.206 0.000   5.050 0.000
149.333333 150.333333   9.532 0.000   4.136 0.000
152.333333 153.333333   8.054 0.000   3.012 0.000
155.333333 156.333333   8.800 0.000   3.281 0.000
158.333333 159.333333 999.999 0.999 999.999 0.999
161.333333 162.333333   7.460 0.000   4.257 0.000
164.333333 165.333333   8.353 0.000   4.407 0.000
167.333333 168.333333  14.493 0.000   5.538 0.000
170.333333 171.333333   8.929 0.000   3.719 0.000
173.333333 174.333333  10.331 0.000   3.853 0.000
176.333333 177.333333  21.361 0.000   5.060 0.000
179.333333 180.333333   8.216 0.000   3.200 0.000
182.333333 183.333333  10.735 0.000   2.708 0.000
185.333333 186.333333   5.098 0.000   2.647 0.000
188.333333 189.333333 999.999 0.999 999.999 0.999
191.333333 192.333333  11.551 0.000   5.628 0.000
194.333333 195.333333  16.321 0.000   6.034 0.000
197.333333 198.333333  10.249 0.000   4.138 0.000
200.333333 201.333333  10.072 0.000   6.723 0.000
203.333333 204.333333  14.448 0.000   4.624 0.000
206.333333 207.333333  17.295 0.000   9.871 0.000
209.333333 210.333333  12.969 0.000   6.381 0.000
212.333333 213.333333  12.773 0.000 999.999 0.999
215.333333 216.333333   8.589 0.000   4.724 0.000
218.333333 219.333333  18.179 0.000   6.107 0.000
221.333333 222.333333  19.681 0.000   9.942 0.000
224.333333 225.333333  14.743 0.000   8.606 0.000
227.333333 228.333333  13.110 0.000   7.397 0.000
230.333333 231.333333 999.999 0.999 999.999 0.999
233.333333 234.333333  61.728 0.000  47.363 0.000
236.333333 237.333333  23.886 0.000 999.999 0.456
239.333333 240.333333  28.376 0.000  19.903 0.000
242.333333 243.333333  31.809 0.000  24.909 0.000
245.333333 246.333333  49.477 0.000  29.956 0.000
248.333333 249.333333  94.509 0.000  77.237 0.000
251.333333 252.333333  17.738 0.000   8.170 0.000
254.333333 255.333333  62.136 0.000 999.999 0.456
257.333333 258.333333   6.374 0.000   5.467 0.000
260.333333 261.333333   9.642 0.000   5.424 0.000
263.333333 264.333333  15.968 0.000   9.374 0.000
266.333333 267.333333   8.707 0.000   4.251 0.000
269.333333 270.333333  18.393 0.000   6.262 0.000
272.333333 273.333333   9.164 0.000   5.622 0.000
275.333333 276.333333   7.487 0.000   4.403 0.000
278.333333 279.333333   6.496 0.000   3.092 0.000
281.333333 282.333333   6.045 0.000   3.448 0.000
284.333333 285.333333  11.988 0.000   5.120 0.000
287.333333 288.333333   5.321 0.000   2.766 0.000
290.333333 291.333333   2.338 0.000   1.620 0.000
293.333333 294.333333   3.607 0.000   2.339 0.000
296.333333 297.333333   3.525 0.000   2.323 0.000
299.333333 300.333333   4.158 0.000   2.751 0.000
302.333333 303.333333   0.870 0.000   0.430 0.000
305.333333 306.333333   1.343 0.000   0.939 0.000
308.333333 309.333333   1.469 0.000   0.500 0.000
311.333333 312.333333   1.628 0.000   1.178 0.000
314.333333 315.333333   1.424 0.000   0.653 0.000
317.333333 318.333333   2.337 0.000   1.144 0.000
320.333333 321.333333   0.666 0.000   0.248 0.000
323.333333 324.333333   2.322 0.000   1.351 0.000
326.333333 327.333333   1.381 0.000   0.714 0.000
329.333333 330.333333   7.082 0.000   0.475 0.000
332.333333 333.333333   2.918 0.000   0.945 0.000
335.333333 336.333333   1.046 0.000   0.186 0.000
338.333333 339.333333   2.256 0.000   1.026 0.000
341.333333 342.333333   0.538 0.000   0.276 0.000
344.333333 345.333333 999.999 0.999 999.999 0.999
347.333333 348.333333 999.999 0.999 999.999 0.999
350.333333 351.333333   0.668 0.000   0.343 0.000
353.333333 354.333333   0.673 0.000   0.346 0.000
356.333333 357.333333   2.393 0.000   1.039 0.000
359.333333 360.333333   1.275 0.000 999.999 0.259
362.333333 363.333333   1.446 0.000   0.448 0.000
