scripts/IMPROVE-2019_partial/data/US0011R.20040101060000.20191216000000.filterpack..pm25.52w.1w.US03L_filterpack_US0011.US03L_IMPROVE_Davis.lev2.nas
64 1001
MISSING INFORMATION
US03L, IMPROVE, , , , , , , 
MISSING INFORMATION
IMPROVE sel_HTAP
1 1
2004 01 01 2019 12 16
3.00
days from file reference point
25
1 1 1 1 1 1 1 1 1 1 1 1 1 1 1 1 1 1 1 1 1 1 1 1 1
999.99 9999.99 9.999 99.99 9.999 9.999 9.999 99.99 9.999 99.999 9.999999 99.999 9.999 99.999 9.999 999.999 9.999 999.999 9.999 999.999 9.999 9.999 9.999 99.999 9.999999
end_time of measurement, days from the file reference point
iron, ng/m3, Revision date=20181210133000
numflag iron, no unit, Revision date=20181210133000
lead, ng/m3, Revision date=20181210133000
numflag lead, no unit, Revision date=20181210133000
magnesium, ug/m3, Revision date=20181210133000
numflag magnesium, no unit, Revision date=20181210133000
nickel, ng/m3, Revision date=20181210133000
numflag nickel, no unit, Revision date=20181210133000
nitrate, ug N/m3, Revision date=20181210133000
numflag nitrate, no unit, Revision date=20181210133000
organic_carbon, ug C/m3, Revision date=20181210133000
numflag organic_carbon, no unit, Revision date=20181210133000
organic_mass, ug/m3, Revision date=20181210133000
numflag organic_mass, no unit, Revision date=20181210133000
pm10_mass, ug/m3, Version=2, Version description=Data extracted from http://views.cira.colostate.edu/fed/DataWizard 2019-12-16, Sample duration=1d, Orig. time res.=3d, Matrix=pm10, Blank correction=Blank corrected, Volume std. temperature=ambient, Volume std. pressure=ambient
numflag pm10_mass, no unit, Version=2, Version description=Data extracted from http://views.cira.colostate.edu/fed/DataWizard 2019-12-16, Sample duration=1d, Orig. time res.=3d, Matrix=pm10, Blank correction=Blank corrected, Volume std. temperature=ambient, Volume std. pressure=ambient
pm10_pm25_mass, ug/m3, Revision date=20181210133000, Matrix=pm10_pm25
numflag pm10_pm25_mass, no unit, Revision date=20181210133000, Matrix=pm10_pm25
pm25_mass, ug/m3, Version=2, Version description=Data extracted from http://views.cira.colostate.edu/fed/DataWizard 2019-12-16, Sample duration=1d, Orig. time res.=3d, Blank correction=Blank corrected, Volume std. temperature=ambient, Volume std. pressure=ambient
numflag pm25_mass, no unit, Version=2, Version description=Data extracted from http://views.cira.colostate.edu/fed/DataWizard 2019-12-16, Sample duration=1d, Orig. time res.=3d, Blank correction=Blank corrected, Volume std. temperature=ambient, Volume std. pressure=ambient
potassium, ug/m3, Revision date=20181210133000
numflag potassium, no unit, Revision date=20181210133000
sulphate_total, ug S/m3, Revision date=20181210133000
numflag sulphate_total, no unit, Revision date=20181210133000
0
25
Data definition:              EBAS_1.1
Set type code:                TU
Timezone:                     UTC
File name:                    US0011R.20040101060000.20191216000000.filterpack..pm25.52w.1w.US03L_filterpack_US0011.US03L_IMPROVE_Davis.lev2.nas
File creation:                20191218115607
Startdate:                    20040101060000
Revision date:                20191216000000
Statistics:                   arithmetic mean
Data level:                   2
Period code:                  52w
Resolution code:              1w
Station code:                 US0011R
Platform code:                US0011S
Station name:                 Caney Creek
Station latitude:             34.4544
Station longitude:            -94.1429
Station altitude:             683.0 m
Regime:                       IMG
Component:                    
Matrix:                       pm25
Laboratory code:              US03L
Instrument type:              filterpack
Instrument name:              filterpack_US0011
Method ref:                   US03L_IMPROVE_Davis
starttime endtime Fe flag_Fe Pb flag_Pb Mg++ flag_Mg++ Ni flag_Ni NO3- flag_NO3- OC flag_OC OM flag_OM PM10 flag_PM10 PM10-PM2.5 flag_PM10-PM2.5 PM2.5 flag_PM2.5 K+ flag_K+ SO4-- flag_SO4--
  0.25   1.25    8.00 0.000  1.35 0.000 9.999 0.259  0.25 0.000  0.089 0.559000  1.422 0.000  1.991 0.000   5.794 0.000   1.355 0.000   4.438 0.000 0.056 0.000  0.348 0.559000
  3.25   4.25    2.90 0.000  0.48 0.000 9.999 0.259  0.13 0.000  0.132 0.559000  0.523 0.000  0.732 0.000   3.164 0.000   0.416 0.000   2.748 0.000 0.011 0.000  0.392 0.559000
  6.25   7.25   12.84 0.000  1.58 0.000 9.999 0.259 99.99 0.259  0.247 0.559000  1.036 0.000  1.450 0.000  14.182 0.000  10.620 0.000   3.561 0.000 0.036 0.000  0.163 0.559000
  9.25  10.25   28.61 0.000  3.83 0.000 0.045 0.000  0.15 0.000  1.813 0.559000  2.591 0.000  3.628 0.000  23.066 0.000   5.794 0.000  17.271 0.000 0.062 0.000  0.824 0.559000
 12.25  13.25   26.83 0.000  2.75 0.000 9.999 0.259  0.46 0.000  0.275 0.559000  3.236 0.000  4.530 0.000  17.628 0.000   3.799 0.000  13.829 0.000 0.059 0.000  1.850 0.559000
 15.25  16.25   14.66 0.000  1.45 0.000 9.999 0.259  0.16 0.000  0.258 0.559000  2.055 0.000  2.878 0.000  10.665 0.000   3.690 0.000   6.974 0.000 0.041 0.000  0.656 0.559000
 18.25  19.25   16.10 0.000  1.47 0.000 0.036 0.000  0.11 0.000  0.509 0.559000  1.222 0.000  1.711 0.000   8.691 0.000   1.896 0.000   6.795 0.000 0.039 0.000  0.468 0.559000
 21.25  22.25   23.57 0.000  1.85 0.000 0.038 0.000 99.99 0.259  0.803 0.559000  2.346 0.000  3.285 0.000  15.046 0.000   4.989 0.000  10.057 0.000 0.058 0.000  0.698 0.559000
 24.25  25.25    7.72 0.000  0.58 0.000 9.999 0.259  0.15 0.000  0.063 0.559000  0.774 0.000  1.084 0.000   4.657 0.000   2.121 0.000   2.536 0.000 0.018 0.000  0.260 0.559000
 27.25  28.25   14.56 0.000  0.67 0.000 9.999 0.259  0.08 0.000  0.223 0.559000  0.862 0.000  1.207 0.000   6.531 0.000   3.044 0.000   3.487 0.000 0.032 0.000  0.295 0.559000
 30.25  31.25   23.72 0.000  2.38 0.000 9.999 0.259  0.09 0.000  0.394 0.559000  1.257 0.000  1.759 0.000   7.647 0.000   1.785 0.000   5.862 0.000 0.040 0.000  0.571 0.559000
 33.25  34.25    7.89 0.000  0.88 0.000 0.069 0.000  0.13 0.000  0.369 0.559000  0.819 0.000  1.147 0.000   4.981 0.000   0.714 0.000   4.268 0.000 0.016 0.000  0.402 0.559000
 36.25  37.25   13.95 0.000  1.68 0.000 9.999 0.259  0.10 0.000  0.486 0.559000  0.884 0.000  1.237 0.000   9.897 0.000   1.522 0.000   8.375 0.000 0.020 0.000  1.277 0.559000
 39.25  40.25    3.51 0.000  1.03 0.000 0.057 0.000  0.11 0.000  0.205 0.559000  1.128 0.000  1.579 0.000   5.489 0.000   0.800 0.000   4.689 0.000 0.032 0.000  0.476 0.559000
 42.25  43.25   23.26 0.000  0.55 0.000 9.999 0.259  0.06 0.000  0.569 0.559000  0.600 0.000  0.840 0.000   6.407 0.000   1.867 0.000   4.541 0.000 0.021 0.000  0.356 0.559000
 45.25  46.25   18.35 0.000  2.01 0.000 9.999 0.259  0.07 0.000  1.706 0.559000  1.757 0.000  2.460 0.000  14.633 0.000   1.787 0.000  12.846 0.000 0.035 0.000  0.513 0.559000
 48.25  49.25   17.81 0.000  2.83 0.000 9.999 0.259  0.05 0.000  0.454 0.559000  1.958 0.000  2.742 0.000  11.987 0.000   2.390 0.000   9.597 0.000 0.048 0.000  1.217 0.559000
 51.25  52.25   11.91 0.000  0.61 0.000 9.999 0.259 99.99 0.259  0.124 0.559000  1.396 0.000  1.955 0.000   6.862 0.000   3.375 0.000   3.487 0.000 0.019 0.000  0.155 0.559000
 54.25  55.25   23.27 0.000  3.40 0.000 9.999 0.259 99.99 0.259  0.806 0.559000  4.267 0.000  5.974 0.000  19.142 0.000   3.765 0.000  15.378 0.000 0.054 0.000  1.243 0.559000
 57.25  58.25   22.53 0.000  2.29 0.000 9.999 0.259  0.14 0.000  0.265 0.000000  2.379 0.000  3.331 0.000  14.177 0.000   2.374 0.000  11.803 0.000 0.051 0.000  1.634 0.000000
 60.25  61.25   14.25 0.000  0.78 0.000 9.999 0.259 99.99 0.259  0.090 0.559000  0.428 0.000  0.599 0.000   5.678 0.000   3.284 0.000   2.395 0.000 0.015 0.000  0.258 0.559000
 63.25  64.25    5.62 0.000  0.95 0.000 9.999 0.259  0.30 0.000  0.090 0.000000  1.142 0.000  1.599 0.000   7.557 0.000   1.695 0.000   5.862 0.000 0.078 0.000  0.742 0.000000
 66.25  67.25   14.64 0.000  0.94 0.000 9.999 0.259 99.99 0.259  0.055 0.000000  0.876 0.000  1.227 0.000   5.106 0.000   2.053 0.000   3.053 0.000 0.019 0.000  0.207 0.000000
 69.25  70.25   20.46 0.000  1.77 0.000 0.046 0.000 99.99 0.259  0.208 0.559000  2.413 0.000  3.377 0.000  11.822 0.000   3.405 0.000   8.418 0.000 0.036 0.000  0.872 0.559000
 72.25  73.25   26.74 0.000  1.79 0.000 9.999 0.259 99.99 0.259  0.360 0.000000  3.885 0.000  5.440 0.000  13.765 0.000   4.605 0.000   9.159 0.000 0.057 0.000  0.400 0.000000
 75.25  76.25    7.96 0.000  1.04 0.000 9.999 0.259 99.99 0.259  0.214 0.559000  0.732 0.000  1.025 0.000   4.941 0.000   1.598 0.000   3.343 0.000 0.014 0.000  0.401 0.559000
 78.25  79.25   20.23 0.000  1.10 0.000 9.999 0.259  0.43 0.000  0.120 0.000000  2.453 0.000  3.435 0.000  16.503 0.000   3.430 0.000  13.074 0.000 0.054 0.000  1.943 0.000000
 81.25  82.25   28.94 0.000  2.72 0.000 0.071 0.000 99.99 0.259  0.207 0.559000  1.404 0.000  1.965 0.000  10.086 0.000   3.262 0.000   6.824 0.000 0.043 0.000  0.873 0.559000
 84.25  85.25   23.88 0.000  1.57 0.000 9.999 0.259  0.27 0.000  0.143 0.559000  2.144 0.000  3.001 0.000  13.685 0.000   3.597 0.000  10.087 0.000 0.064 0.000  1.297 0.559000
 87.25  88.25    9.94 0.000  0.87 0.000 9.999 0.259  0.17 0.000  0.070 0.559000  0.958 0.000  1.342 0.000   6.618 0.000   2.740 0.000   3.878 0.000 0.031 0.000  0.424 0.559000
 90.25  91.25   17.21 0.000  0.73 0.000 0.031 0.000  0.08 0.000  0.290 0.559000  2.711 0.000  3.796 0.000  10.334 0.000   3.630 0.000   6.704 0.000 0.028 0.000  0.584 0.559000
 93.25  94.25   40.32 0.000  2.04 0.000 9.999 0.259 99.99 0.259  0.183 0.559000  3.844 0.000  5.382 0.000  17.916 0.000   6.688 0.000  11.227 0.000 0.066 0.000  0.740 0.559000
 96.25  97.25   56.05 0.000  2.66 0.000 9.999 0.259 99.99 0.259  0.078 0.559000  2.632 0.000  3.684 0.000  20.637 0.000  10.911 0.000   9.726 0.000 0.078 0.000  0.778 0.559000
 99.25 100.25   55.14 0.000  2.76 0.000 0.064 0.000  0.08 0.000  0.085 0.559000  2.898 0.000  4.057 0.000  23.080 0.000  12.542 0.000  10.538 0.000 0.077 0.000  0.883 0.559000
102.25 103.25   31.73 0.000  3.26 0.000 9.999 0.259 99.99 0.259  0.424 0.559000  1.469 0.000  2.056 0.000  12.360 0.000   4.273 0.000   8.087 0.000 0.041 0.000  1.009 0.559000
105.25 106.25   48.26 0.000  2.07 0.000 9.999 0.259  0.10 0.000  0.144 0.559000  2.226 0.000  3.116 0.000  20.213 0.000  10.310 0.000   9.903 0.000 0.060 0.000  1.084 0.559000
108.25 109.25   37.42 0.000  1.84 0.000 9.999 0.259  0.46 0.000  0.080 0.559000  1.547 0.000  2.166 0.000  18.820 0.000   8.388 0.000  10.432 0.000 0.058 0.000  1.439 0.559000
111.25 112.25   38.05 0.000  1.19 0.000 9.999 0.259  0.30 0.000  0.133 0.559000  1.767 0.000  2.474 0.000  17.752 0.000   8.249 0.000   9.503 0.000 0.097 0.000  1.136 0.559000
114.25 115.25   28.80 0.000  1.15 0.000 9.999 0.259  0.17 0.000  0.042 0.559000  1.178 0.000  1.649 0.000   8.946 0.000   4.549 0.000   4.397 0.000 0.052 0.000  0.355 0.559000
117.25 118.25   37.01 0.000  2.04 0.000 9.999 0.259  0.09 0.000  0.022 0.559000  0.742 0.000  1.039 0.000   8.916 0.000   5.484 0.000   3.432 0.000 0.042 0.000  0.323 0.559000
120.25 121.25   20.40 0.000  1.37 0.000 9.999 0.259  0.16 0.000  0.059 0.559000  1.103 0.000  1.544 0.000  12.459 0.000   5.879 0.000   6.580 0.000 0.046 0.000  0.897 0.559000
123.25 124.25   25.90 0.000  2.23 0.000 9.999 0.259 99.99 0.259  0.092 0.559000  0.719 0.000  1.007 0.000   8.136 0.000   4.255 0.000   3.882 0.000 0.031 0.000  0.468 0.559000
126.25 127.25   54.05 0.000  2.45 0.000 9.999 0.259  0.25 0.000  0.076 0.000000  2.233 0.000  3.126 0.000  19.935 0.000   9.762 0.000  10.173 0.000 0.051 0.000  1.203 0.000000
129.25 130.25   50.10 0.000  2.12 0.000 9.999 0.259  0.52 0.000  0.089 0.559000  2.033 0.000  2.846 0.000  24.101 0.000   9.421 0.000  14.681 0.000 0.067 0.000  2.134 0.559000
132.25 133.25    1.69 0.000 99.99 0.259 9.999 0.259  0.18 0.000  0.016 0.559000  0.182 0.000  0.255 0.000   2.165 0.000   1.652 0.000   0.513 0.000 0.007 0.000  0.064 0.559000
135.25 136.25   11.74 0.000  0.30 0.000 9.999 0.259  0.10 0.000  0.045 0.559000  0.836 0.000  1.170 0.000   6.046 0.000   3.490 0.000   2.555 0.000 0.028 0.000  0.218 0.559000
138.25 139.25   20.42 0.000  0.88 0.000 9.999 0.259  0.34 0.000  0.095 0.559000  0.950 0.000  1.331 0.000  13.911 0.000   6.373 0.000   7.538 0.000 0.041 0.000  1.183 0.559000
141.25 142.25   35.36 0.000  0.97 0.000 9.999 0.259  0.41 0.000  0.116 0.559000  1.348 0.000  1.887 0.000  18.112 0.000   8.058 0.000  10.054 0.000 0.055 0.000  1.518 0.559000
144.25 145.25   27.65 0.000  1.82 0.000 9.999 0.259  0.43 0.000  0.118 0.559000  1.603 0.000  2.244 0.000  15.441 0.000   4.646 0.000  10.796 0.000 0.056 0.000  1.537 0.559000
147.25 148.25   23.94 0.000  0.81 0.000 9.999 0.259  0.33 0.000  0.082 0.559000  2.002 0.000  2.802 0.000  18.056 0.000   4.962 0.000  13.094 0.000 0.094 0.000  2.031 0.559000
150.25 151.25   45.01 0.000  0.70 0.000 9.999 0.259  0.46 0.000  0.076 0.559000  2.709 0.000  3.793 0.000  17.321 0.000   3.878 0.000  13.443 0.000 0.157 0.000  1.745 0.559000
153.25 154.25   25.35 0.394  0.65 0.394 0.107 0.394  0.22 0.394  0.046 0.559394  2.021 0.000  2.829 0.000  11.149 0.000   4.467 0.000   6.682 0.000 0.047 0.394  0.671 0.559394
156.25 157.25   24.35 0.000  2.27 0.000 0.112 0.000  0.20 0.000  0.063 0.559000  2.756 0.000  3.858 0.000  17.198 0.000   3.829 0.000  13.369 0.000 0.094 0.000  1.494 0.559000
159.25 160.25   90.00 0.000  0.51 0.000 9.999 0.259  0.28 0.000  0.067 0.559000  1.162 0.000  1.627 0.000  11.109 0.000   4.473 0.000   6.636 0.000 0.085 0.000  0.767 0.559000
162.25 163.25   96.12 0.000  1.07 0.000 9.999 0.259  0.32 0.000  0.099 0.559000  1.408 0.000  1.971 0.000  13.440 0.000   4.344 0.000   9.095 0.000 0.075 0.000  1.176 0.559000
165.25 166.25   57.64 0.000  1.20 0.000 9.999 0.259  0.17 0.000  0.035 0.559000  1.188 0.000  1.663 0.000   8.650 0.000   3.411 0.000   5.239 0.000 0.040 0.000  0.482 0.559000
168.25 169.25   17.51 0.000  0.62 0.000 9.999 0.259  0.20 0.000  0.043 0.000000  1.474 0.000  2.064 0.000  14.216 0.000   3.647 0.000  10.569 0.000 0.030 0.000  1.711 0.000000
171.25 172.25   26.98 0.000  1.22 0.000 9.999 0.259 99.99 0.259  0.070 0.000000  1.942 0.000  2.719 0.000  12.868 0.000   3.864 0.000   9.003 0.000 0.136 0.000  1.022 0.000000
174.25 175.25   11.72 0.000  0.95 0.000 0.060 0.000 99.99 0.259  0.043 0.559000  1.244 0.000  1.742 0.000   7.067 0.000   2.894 0.000   4.173 0.000 0.024 0.000  0.431 0.559000
177.25 178.25   47.73 0.000  2.45 0.000 9.999 0.259  0.14 0.000  0.092 0.000000  2.190 0.000  3.066 0.000  18.286 0.000   2.062 0.000  16.224 0.000 0.081 0.000  2.297 0.000000
180.25 181.25  137.86 0.000  0.50 0.000 9.999 0.259  0.17 0.000  0.083 0.000000  1.274 0.000  1.784 0.000  11.517 0.000   2.985 0.000   8.532 0.000 0.061 0.000  0.939 0.000000
183.25 184.25   22.00 0.000  0.46 0.000 9.999 0.259  0.22 0.000  0.058 0.559000  1.155 0.000  1.617 0.000   9.191 0.000   1.881 0.000   7.310 0.000 0.032 0.000  1.080 0.559000
186.25 187.25  326.94 0.000  2.29 0.000 9.999 0.259  0.30 0.000  0.103 0.559000  1.665 0.000  2.331 0.000  27.655 0.000  13.370 0.000  14.285 0.000 0.256 0.000  1.269 0.559000
189.25 190.25   57.65 0.000  0.27 0.000 9.999 0.259  0.21 0.000  0.058 0.559000  1.715 0.000  2.401 0.000  19.387 0.000  11.623 0.000   7.763 0.000 0.048 0.000  0.876 0.559000
192.25 193.25   66.89 0.000  0.73 0.000 9.999 0.259  0.24 0.000  0.034 0.559000  1.547 0.000  2.166 0.000  40.220 0.000  30.479 0.000   9.741 0.000 0.049 0.000  1.228 0.559000
195.25 196.25  478.80 0.000  1.23 0.000 9.999 0.259  0.24 0.000  0.127 0.559000  1.952 0.000  2.733 0.000  32.986 0.000  19.865 0.000  13.121 0.000 0.197 0.000  0.601 0.559000
198.25 199.25  188.41 0.000  1.35 0.000 9.999 0.259  0.11 0.000  0.047 0.559000  2.316 0.000  3.242 0.000  22.179 0.000  10.386 0.000  11.793 0.000 0.103 0.000  0.997 0.559000
201.25 202.25   40.88 0.000  1.45 0.000 9.999 0.259 99.99 0.259  0.033 0.559000  5.371 0.000  7.520 0.000  26.473 0.000   9.357 0.000  17.116 0.000 0.093 0.000  1.419 0.559000
204.25 205.25  102.56 0.000  0.58 0.000 9.999 0.259  0.16 0.000  0.052 0.559000  2.365 0.000  3.311 0.000  18.750 0.000   7.289 0.000  11.461 0.000 0.063 0.000  1.258 0.559000
207.25 208.25   10.78 0.000  1.31 0.000 0.172 0.000 99.99 0.259  0.034 0.559000  1.072 0.000  1.501 0.000  11.844 0.000   2.933 0.000   8.911 0.000 0.020 0.000  1.576 0.559000
210.25 211.25   26.41 0.000  2.06 0.000 9.999 0.259  0.12 0.000  0.051 0.559000  2.559 0.000  3.583 0.000  20.174 0.000   3.785 0.000  16.389 0.000 0.047 0.000  2.663 0.559000
213.25 214.25   24.90 0.000  1.56 0.000 9.999 0.259 99.99 0.259  0.027 0.559000  2.451 0.000  3.432 0.000  13.845 0.000   2.880 0.000  10.965 0.000 0.037 0.000  1.447 0.559000
216.25 217.25   52.13 0.000  0.89 0.000 9.999 0.259  0.22 0.000  0.030 0.559000  4.684 0.000  6.558 0.000  27.562 0.000   7.558 0.000  20.004 0.000 0.060 0.000  2.320 0.559000
219.25 220.25   30.20 0.000  1.27 0.000 9.999 0.259  0.15 0.000  0.028 0.559000  2.331 0.000  3.263 0.000  16.406 0.000   5.480 0.000  10.926 0.000 0.035 0.000  1.396 0.559000
222.25 223.25   42.23 0.000  1.37 0.000 9.999 0.259  0.19 0.000  0.026 0.559000  4.707 0.000  6.590 0.000  25.621 0.000   6.816 0.000  18.805 0.000 0.050 0.000  2.213 0.559000
225.25 226.25   14.01 0.000  0.63 0.000 9.999 0.259  0.12 0.000  0.020 0.559000  1.053 0.000  1.474 0.000   7.839 0.000   3.867 0.000   3.973 0.000 0.022 0.000  0.442 0.559000
228.25 229.25   35.16 0.000  1.17 0.000 9.999 0.259 99.99 0.259  0.030 0.559000  3.141 0.000  4.398 0.000  20.407 0.000   6.365 0.000  14.043 0.000 0.062 0.000  1.629 0.559000
231.25 232.25   41.30 0.000  0.93 0.000 9.999 0.259  0.18 0.000  0.061 0.559000  2.193 0.000  3.070 0.000  14.457 0.000   4.470 0.000   9.986 0.000 0.084 0.000  1.231 0.559000
234.25 235.25   39.49 0.000  0.79 0.000 9.999 0.259  0.19 0.000  0.078 0.559000  1.143 0.000  1.600 0.000  11.819 0.000   3.030 0.000   8.788 0.000 0.035 0.000  1.266 0.559000
237.25 238.25   44.80 0.000  0.71 0.000 9.999 0.259  0.34 0.000  0.054 0.559000  1.478 0.000  2.069 0.000  13.716 0.000   4.478 0.000   9.239 0.000 0.055 0.000  1.435 0.559000
240.25 241.25  164.51 0.000  0.67 0.000 9.999 0.259  0.14 0.000  0.064 0.000000  1.742 0.000  2.439 0.000  13.437 0.000   5.019 0.000   8.418 0.000 0.101 0.000  0.580 0.000000
243.25 244.25   21.14 0.000  1.73 0.000 9.999 0.259  1.84 0.000  0.018 0.000000  1.423 0.000  1.992 0.000  12.045 0.000   6.065 0.000   5.981 0.000 0.034 0.000  0.730 0.000000
246.25 247.25   38.61 0.000  1.44 0.000 9.999 0.259  0.24 0.000  0.019 0.000000  3.028 0.000  4.239 0.000  23.340 0.000   3.048 0.000  20.292 0.000 0.062 0.000  3.145 0.000000
249.25 250.25   14.54 0.000  0.69 0.000 0.074 0.000 99.99 0.259  0.023 0.000000  1.511 0.000  2.115 0.000   8.547 0.000   3.129 0.000   5.418 0.000 0.027 0.000  0.532 0.000000
252.25 253.25   32.73 0.000  1.40 0.000 0.082 0.000  0.15 0.000  0.030 0.000000  1.723 0.000  2.412 0.000  10.721 0.000   4.018 0.000   6.703 0.000 0.042 0.000  0.539 0.000000
255.25 256.25   40.54 0.000  1.08 0.000 9.999 0.259 99.99 0.259  0.024 0.000000  5.634 0.000  7.888 0.000  19.818 0.000   1.178 0.000  18.640 0.000 0.145 0.000  2.406 0.000000
258.25 259.25   16.99 0.000  0.97 0.000 9.999 0.259  0.25 0.000  0.064 0.000000  2.650 0.000  3.711 0.000  10.740 0.000   0.428 0.000  10.311 0.000 0.081 0.000  1.164 0.000000
261.25 262.25   46.00 0.000  2.05 0.000 9.999 0.259 99.99 0.259  0.075 0.000000  4.861 0.000  6.805 0.000  18.681 0.000   4.427 0.000  14.254 0.000 0.343 0.000  0.896 0.000000
264.25 265.25   23.84 0.000  1.25 0.000 9.999 0.259  0.24 0.000  0.044 0.000000  3.632 0.000  5.084 0.000  12.979 0.000   1.357 0.000  11.622 0.000 0.086 0.000  0.863 0.000000
267.25 268.25   25.55 0.000  0.73 0.000 9.999 0.259  0.40 0.000  0.093 0.000000  2.054 0.000  2.876 0.000   9.462 0.000   2.157 0.000   7.305 0.000 0.066 0.000  0.536 0.000000
