scripts/IMPROVE-2019_partial/data/US0048R.19950104060000.20191216000000.filterpack...1y.3d.US03L_filterpack_US0048.US03L_IMPROVE_Davis.lev2.nas
51 1001
MISSING INFORMATION
US03L, IMPROVE, , , , , , , 
MISSING INFORMATION
IMPROVE sel_HTAP
1 1
1995 01 01 2019 12 16
0
days from file reference point
4
1 1 1 1
999.99 999.999 999.999 9.999
end_time of measurement, days from the file reference point
pm10_mass, ug/m3, Matrix=pm10
pm25_mass, ug/m3, Matrix=pm25
numflag, no unit
0
33
Data definition:              EBAS_1.1
Set type code:                TI
Timezone:                     UTC
File name:                    US0048R.19950104060000.20191216000000.filterpack...1y.3d.US03L_filterpack_US0048.US03L_IMPROVE_Davis.lev2.nas
File creation:                20191218115817
Startdate:                    19950104060000
Revision date:                20191216000000
Version:                      2
Version description:          "Data extracted from http://views.cira.colostate.edu/fed/DataWizard 2019-12-16"
Statistics:                   arithmetic mean
Data level:                   2
Period code:                  1y
Resolution code:              3d
Sample duration:              1d
Orig. time res.:              3d
Station code:                 US0048R
Platform code:                US0048S
Station name:                 Boundary Waters Canoe Area
Station latitude:             47.9466
Station longitude:            -91.4955
Station altitude:             526.0 m
Regime:                       IMG
Component:                    
Unit:                         ug/m3
Matrix:                       
Laboratory code:              US03L
Instrument type:              filterpack
Instrument name:              filterpack_US0048
Method ref:                   US03L_IMPROVE_Davis
Blank correction:             Blank corrected
Volume std. temperature:      ambient
Volume std. pressure:         ambient
starttime endtime PM10 PM2.5 flag
  3.25   4.25  12.717   2.452 0.000
  6.25   7.25   7.874   2.032 0.000
 10.25  11.25 999.999 999.999 0.999
 13.25  14.25   8.251   5.016 0.000
 17.25  18.25 999.999 999.999 0.999
 20.25  21.25 999.999 999.999 0.999
 24.25  25.25 999.999 999.999 0.999
 27.25  28.25   4.848   2.177 0.000
 31.25  32.25   3.906   3.510 0.000
 34.25  35.25   3.477   3.059 0.000
 38.25  39.25 999.999 999.999 0.999
 41.25  42.25   5.231   3.627 0.000
 45.25  46.25 999.999 999.999 0.999
 48.25  49.25  10.766   8.350 0.000
 52.25  53.25  12.627   8.543 0.000
 55.25  56.25  24.196   2.632 0.000
 59.25  60.25   3.704   3.094 0.000
 62.25  63.25   3.935   3.324 0.000
 66.25  67.25   3.132   2.600 0.000
 69.25  70.25  19.475  16.204 0.000
 73.25  74.25   5.057   4.494 0.000
 76.25  77.25   3.989   3.457 0.000
 80.25  81.25   4.529   2.790 0.000
 83.25  84.25   3.208   1.998 0.000
 87.25  88.25   5.003   2.205 0.000
 90.25  91.25   7.803   5.628 0.000
 94.25  95.25   6.982   4.312 0.000
 97.25  98.25   7.675   4.312 0.000
101.25 102.25   2.010   1.634 0.000
104.25 105.25   2.010   1.484 0.000
108.25 109.25   3.399   2.854 0.000
111.25 112.25   3.582   2.715 0.000
115.25 116.25   3.958   3.097 0.000
118.25 119.25   2.564   1.314 0.000
122.25 123.25   7.229   4.022 0.000
125.25 126.25   4.416   3.048 0.000
129.25 130.25   5.741   3.472 0.000
132.25 133.25   9.867   7.348 0.000
136.25 137.25   6.134   2.647 0.000
139.25 140.25   5.217   1.962 0.000
143.25 144.25   1.752 999.999 0.000
146.25 147.25   5.056   3.291 0.000
150.25 151.25  10.170   5.384 0.000
153.25 154.25  12.145   9.320 0.000
157.25 158.25   1.881   0.576 0.000
160.25 161.25   5.787   3.609 0.000
164.25 165.25 999.999 999.999 0.999
167.25 168.25 999.999 999.999 0.999
171.25 172.25 999.999 999.999 0.999
174.25 175.25 999.999 999.999 0.999
178.25 179.25 999.999 999.999 0.999
181.25 182.25  19.918   7.403 0.000
185.25 186.25 999.999 999.999 0.999
188.25 189.25  24.683  18.098 0.000
192.25 193.25  16.616  12.084 0.000
195.25 196.25  10.586   6.693 0.000
199.25 200.25  17.739  13.739 0.000
202.25 203.25   9.679   5.857 0.000
206.25 207.25   4.642   2.808 0.000
209.25 210.25   7.412   2.506 0.000
213.25 214.25   8.898   4.124 0.000
216.25 217.25   5.606   3.578 0.000
220.25 221.25  13.638  10.123 0.000
223.25 224.25  22.172  19.259 0.000
227.25 228.25 999.999 999.999 0.999
230.25 231.25 999.999 999.999 0.999
234.25 235.25 999.999 999.999 0.999
237.25 238.25 999.999 999.999 0.999
241.25 242.25 999.999 999.999 0.999
244.25 245.25 999.999 999.999 0.999
248.25 249.25 999.999 999.999 0.999
251.25 252.25 999.999 999.999 0.999
255.25 256.25 999.999 999.999 0.999
258.25 259.25   8.027   3.973 0.000
262.25 263.25   3.360   1.908 0.000
265.25 266.25   5.952   2.815 0.000
269.25 270.25   8.729   5.005 0.000
272.25 273.25   2.211   1.131 0.000
276.25 277.25   1.793   1.376 0.000
279.25 280.25   2.595   0.970 0.000
283.25 284.25   7.699   3.519 0.000
286.25 287.25   1.183   0.407 0.000
290.25 291.25   1.144   0.484 0.000
293.25 294.25   0.710   0.354 0.000
297.25 298.25   5.768   4.154 0.000
300.25 301.25   3.985 999.999 0.000
304.25 305.25   3.927   4.179 0.000
307.25 308.25   4.134 999.999 0.000
311.25 312.25   1.766   1.204 0.000
314.25 315.25   2.730   2.315 0.000
318.25 319.25   9.115   7.743 0.000
321.25 322.25   8.066   5.421 0.000
325.25 326.25   3.545   2.068 0.000
328.25 329.25   3.291   2.253 0.000
332.25 333.25   4.883   3.270 0.000
335.25 336.25   5.534   4.547 0.000
339.25 340.25   9.466   4.715 0.000
342.25 343.25   4.175   2.327 0.000
346.25 347.25   4.617   2.259 0.000
349.25 350.25   3.945   2.293 0.000
353.25 354.25 999.999 999.999 0.999
356.25 357.25 999.999 999.999 0.999
360.25 361.25 999.999 999.999 0.999
363.25 364.25 999.999 999.999 0.999
