scripts/IMPROVE-2019_partial/data/US0022R.20030103080000.20191216000000.filterpack..pm25.1y.1w.US03L_filterpack_US0022.US03L_IMPROVE_Davis.lev2.nas
64 1001
MISSING INFORMATION
US03L, IMPROVE, , , , , , , 
MISSING INFORMATION
IMPROVE sel_HTAP
1 1
2003 01 01 2019 12 16
3.000000
days from file reference point
25
1 1 1 1 1 1 1 1 1 1 1 1 1 1 1 1 1 1 1 1 1 1 1 1 1
999.999999 9999.99 9.999999 99.99 9.999999 9.999 9.999999999 9.99 9.999999999 99.999 9.999999 99.999 9.999 99.999 9.999 999.999 9.999 999.999 9.999 999.999 9.999 9.999 9.999999 99.999 9.999999
end_time of measurement, days from the file reference point
iron, ng/m3, Revision date=20181210133000
numflag iron, no unit, Revision date=20181210133000
lead, ng/m3, Revision date=20181210133000
numflag lead, no unit, Revision date=20181210133000
magnesium, ug/m3, Revision date=20181210133000
numflag magnesium, no unit, Revision date=20181210133000
nickel, ng/m3, Revision date=20181210133000
numflag nickel, no unit, Revision date=20181210133000
nitrate, ug N/m3, Revision date=20181210133000
numflag nitrate, no unit, Revision date=20181210133000
organic_carbon, ug C/m3, Revision date=20181210133000
numflag organic_carbon, no unit, Revision date=20181210133000
organic_mass, ug/m3, Revision date=20181210133000
numflag organic_mass, no unit, Revision date=20181210133000
pm10_mass, ug/m3, Version=2, Version description=Data extracted from http://views.cira.colostate.edu/fed/DataWizard 2019-12-16, Sample duration=1d, Orig. time res.=3d, Matrix=pm10, Blank correction=Blank corrected, Volume std. temperature=ambient, Volume std. pressure=ambient
numflag pm10_mass, no unit, Version=2, Version description=Data extracted from http://views.cira.colostate.edu/fed/DataWizard 2019-12-16, Sample duration=1d, Orig. time res.=3d, Matrix=pm10, Blank correction=Blank corrected, Volume std. temperature=ambient, Volume std. pressure=ambient
pm10_pm25_mass, ug/m3, Revision date=20181210133000, Matrix=pm10_pm25
numflag pm10_pm25_mass, no unit, Revision date=20181210133000, Matrix=pm10_pm25
pm25_mass, ug/m3, Version=2, Version description=Data extracted from http://views.cira.colostate.edu/fed/DataWizard 2019-12-16, Sample duration=1d, Orig. time res.=3d, Blank correction=Blank corrected, Volume std. temperature=ambient, Volume std. pressure=ambient
numflag pm25_mass, no unit, Version=2, Version description=Data extracted from http://views.cira.colostate.edu/fed/DataWizard 2019-12-16, Sample duration=1d, Orig. time res.=3d, Blank correction=Blank corrected, Volume std. temperature=ambient, Volume std. pressure=ambient
potassium, ug/m3, Revision date=20181210133000
numflag potassium, no unit, Revision date=20181210133000
sulphate_total, ug S/m3, Revision date=20181210133000
numflag sulphate_total, no unit, Revision date=20181210133000
0
25
Data definition:              EBAS_1.1
Set type code:                TU
Timezone:                     UTC
File name:                    US0022R.20030103080000.20191216000000.filterpack..pm25.1y.1w.US03L_filterpack_US0022.US03L_IMPROVE_Davis.lev2.nas
File creation:                20191218115650
Startdate:                    20030103080000
Revision date:                20191216000000
Statistics:                   arithmetic mean
Data level:                   2
Period code:                  1y
Resolution code:              1w
Station code:                 US0022R
Platform code:                US0022S
Station name:                 Dome Lands Wilderness
Station latitude:             35.7278
Station longitude:            -118.1377
Station altitude:             927.0 m
Regime:                       IMG
Component:                    
Matrix:                       pm25
Laboratory code:              US03L
Instrument type:              filterpack
Instrument name:              filterpack_US0022
Method ref:                   US03L_IMPROVE_Davis
starttime endtime Fe flag_Fe Pb flag_Pb Mg++ flag_Mg++ Ni flag_Ni NO3- flag_NO3- OC flag_OC OM flag_OM PM10 flag_PM10 PM10-PM2.5 flag_PM10-PM2.5 PM2.5 flag_PM2.5 K+ flag_K+ SO4-- flag_SO4--
[from data line 79]
239.333333 240.333333   45.53 0.559000  0.85 0.559000 9.999 0.559259000 0.08 0.559000000  0.057 0.559000  2.142 0.000  2.999 0.000  17.666 0.000  10.465 0.000   7.201 0.559 0.049 0.559000  0.464 0.559000
242.333333 243.333333   59.83 0.000000  0.92 0.000000 0.043 0.000000000 0.11 0.000000000  0.076 0.559000  2.481 0.000  3.473 0.000  20.590 0.000  12.088 0.000   8.502 0.000 0.098 0.000000  0.468 0.559000
245.333333 246.333333   25.03 0.000000  0.44 0.000000 9.999 0.259000000 0.07 0.000000000  0.031 0.559000  1.748 0.000  2.447 0.000  11.143 0.000   6.318 0.000   4.826 0.000 0.032 0.000000  0.280 0.559000
248.333333 249.333333   24.41 0.000000  0.39 0.000000 0.018 0.000000000 0.10 0.000000000  0.033 0.559000  1.105 0.000  1.547 0.000   9.259 0.000   5.933 0.000   3.326 0.000 0.018 0.000000  0.232 0.559000
251.333333 252.333333   46.52 0.000000  0.77 0.000000 9.999 0.259000000 9.99 0.259000000  0.206 0.559000  1.904 0.000  2.666 0.000  21.424 0.000  15.505 0.000   5.919 0.000 0.154 0.000000  0.276 0.559000
254.333333 255.333333   60.14 0.000000  0.63 0.000000 9.999 0.259000000 0.05 0.000000000  0.037 0.559000  3.050 0.000  4.270 0.000  19.859 0.000  11.721 0.000   8.137 0.000 0.051 0.000000  0.260 0.559000
257.333333 258.333333   64.24 0.000000  0.79 0.000000 9.999 0.259000000 0.08 0.000000000  0.048 0.559000  1.804 0.000  2.526 0.000  21.081 0.000  14.700 0.000   6.381 0.000 0.044 0.000000  0.353 0.559000
260.333333 261.333333   57.66 0.000000  0.52 0.000000 0.036 0.000000000 0.11 0.000000000  0.058 0.000000  1.185 0.000  1.660 0.000  16.772 0.000  12.301 0.000   4.471 0.000 0.053 0.000000  0.164 0.000000
263.333333 264.333333   46.90 0.000000  0.50 0.000000 9.999 0.259000000 0.04 0.000000000  0.028 0.559000  1.889 0.000  2.645 0.000  13.970 0.000   8.579 0.000   5.391 0.000 0.043 0.000000  0.166 0.559000
266.333333 267.333333  115.94 0.699000  1.10 0.699000 9.999 0.699259000 0.12 0.699000000  0.092 0.000000  5.848 0.000  8.187 0.000  31.482 0.000  16.638 0.000  14.843 0.699 0.094 0.699000  0.429 0.000000
269.333333 270.333333   92.97 0.699000  0.86 0.699000 0.018 0.699000000 0.08 0.699000000  0.061 0.559000  4.055 0.000  5.678 0.000  23.915 0.000  12.797 0.000  11.118 0.699 0.080 0.699000  0.341 0.559000
272.333333 273.333333   41.69 0.000000  0.69 0.000000 9.999 0.259000000 0.14 0.000000000  0.043 0.559000  1.087 0.000  1.521 0.000  13.871 0.000   9.182 0.000   4.689 0.000 0.028 0.000000  0.324 0.559000
275.333333 276.333333  102.37 0.699000  0.99 0.699000 9.999 0.699259000 0.07 0.699000000  0.230 0.559000  5.277 0.000  7.387 0.000  33.777 0.000  19.667 0.000  14.110 0.699 0.132 0.699000  0.413 0.559000
278.333333 279.333333   55.03 0.000000  0.93 0.000000 9.999 0.259000000 0.08 0.000000000  0.084 0.559000  2.837 0.000  3.971 0.000  22.018 0.000  12.827 0.000   9.191 0.000 0.068 0.000000  0.469 0.559000
281.333333 282.333333 9999.99 0.999000 99.99 0.999000 9.999 0.999000000 9.99 0.999000000 99.999 0.999000 99.999 0.999 99.999 0.999 999.999 0.999 999.999 0.999 999.999 0.999 9.999 0.999000 99.999 0.999000
284.333333 285.333333  181.57 0.699000  0.92 0.699000 0.059 0.699000000 0.07 0.699000000  0.185 0.559000  2.645 0.000  3.704 0.000  41.500 0.000  31.502 0.000   9.999 0.699 0.111 0.699000  0.249 0.559000
287.333333 288.333333  106.86 0.699000  0.85 0.699000 9.999 0.699259000 0.08 0.699000000  0.203 0.559000  2.035 0.000  2.849 0.000  26.879 0.000  19.901 0.000   6.978 0.699 0.075 0.699000  0.240 0.559000
290.333333 291.333333   41.83 0.000000  0.75 0.000000 9.999 0.259000000 0.04 0.000000000  0.037 0.559000  1.228 0.000  1.719 0.000  12.949 0.000   8.770 0.000   4.179 0.000 0.037 0.000000  0.207 0.559000
293.333333 294.333333   28.68 0.000000  0.49 0.000000 0.020 0.000000000 0.06 0.000000000  0.016 0.559000  0.854 0.000  1.195 0.000  11.274 0.000   8.132 0.000   3.143 0.000 0.024 0.000000  0.131 0.559000
296.333333 297.333333   91.18 0.000000  1.75 0.000000 9.999 0.259000000 0.12 0.000000000  0.136 0.559000  3.824 0.000  5.354 0.000  28.271 0.000  17.731 0.000  10.540 0.000 0.082 0.000000  0.263 0.559000
299.333333 300.333333   26.27 0.000000  0.36 0.000000 9.999 0.259000000 9.99 0.259000000  0.020 0.559000  1.629 0.000  2.281 0.000  11.520 0.000   7.491 0.000   4.028 0.000 0.025 0.000000  0.067 0.559000
302.333333 303.333333  106.01 0.000000  0.54 0.000000 9.999 0.259000000 0.10 0.000000000  0.280 0.559000  0.920 0.000  1.288 0.000  65.605 0.000  58.749 0.000   6.855 0.000 0.065 0.000000  0.280 0.559000
305.333333 306.333333    5.27 0.000000  0.48 0.000000 0.017 0.000000000 0.04 0.000000000  0.713 0.559000  1.431 0.000  2.004 0.000   9.821 0.000   2.502 0.000   7.319 0.000 0.064 0.000000  0.236 0.559000
308.333333 309.333333    9.66 0.699000  0.36 0.699000 9.999 0.699259000 0.08 0.699000000  0.935 0.559000  1.480 0.000  2.071 0.000  10.499 0.000   1.740 0.000   8.760 0.699 0.060 0.699000  0.246 0.559000
311.333333 312.333333   14.78 0.559000  0.61 0.559000 9.999 0.559259000 0.06 0.559000000  0.114 0.559000  1.095 0.000  1.533 0.000   4.833 0.000   2.032 0.000   2.801 0.559 0.031 0.559000  0.148 0.559000
314.333333 315.333333    7.08 0.000000  0.52 0.000000 0.035 0.000000000 9.99 0.259000000  0.043 0.559000  0.572 0.000  0.801 0.000   2.778 0.000   1.354 0.000   1.424 0.000 0.009 0.000000  0.139 0.559000
317.333333 318.333333   10.59 0.559000  0.66 0.559000 9.999 0.559259000 0.07 0.559000000  0.313 0.559000  0.957 0.000  1.340 0.000   6.082 0.000   1.977 0.000   4.105 0.559 0.015 0.559000  0.257 0.559000
320.333333 321.333333    6.27 0.559000  0.45 0.559000 9.999 0.559259000 9.99 0.559259000  0.303 0.559000  1.017 0.000  1.424 0.000   4.438 0.000   1.259 0.000   3.179 0.559 0.014 0.559000  0.167 0.559000
323.333333 324.333333    6.85 0.559000  0.36 0.559000 9.999 0.559259000 9.99 0.559259000  0.090 0.559000  0.683 0.000  0.956 0.000   3.168 0.000   1.740 0.000   1.428 0.559 0.010 0.559000  0.051 0.559000
326.333333 327.333333    6.93 0.000000  0.34 0.000000 9.999 0.259000000 0.08 0.000000000  0.015 0.559000  0.476 0.000  0.666 0.000   3.328 0.000   2.295 0.000   1.033 0.000 0.011 0.000000  0.047 0.559000
329.333333 330.333333 9999.99 0.699000 99.99 0.699000 9.999 0.699000000 9.99 0.699000000  2.472 0.559000  2.801 0.000  3.922 0.000  26.134 0.000 999.999 0.999 999.999 0.699 9.999 0.699000  0.224 0.559000
332.333333 333.333333   25.78 0.559000  0.73 0.559000 9.999 0.559259000 9.99 0.559259000  0.008 0.559000  0.324 0.000  0.453 0.000   7.766 0.000   6.534 0.000   1.232 0.559 0.019 0.559000  0.057 0.559000
335.333333 336.333333   18.32 0.000000  0.99 0.000000 9.999 0.259000000 0.05 0.000000000  0.171 0.559000  0.852 0.000  1.192 0.000   5.987 0.000   3.664 0.000   2.322 0.000 0.060 0.000000  0.098 0.559000
338.333333 339.333333   21.23 0.559000  0.47 0.559000 9.999 0.559259000 9.99 0.559259000  0.019 0.559000  0.422 0.000  0.591 0.000   6.213 0.000   4.906 0.000   1.307 0.559 0.021 0.559000  0.058 0.559000
341.333333 342.333333    4.98 0.559000  0.19 0.559000 9.999 0.559259000 0.05 0.559000000  0.047 0.559000  0.353 0.000  0.494 0.000   3.105 0.000   1.794 0.000   1.311 0.559 0.009 0.559000  0.091 0.559000
344.333333 345.333333    2.66 0.559000  0.17 0.559000 0.027 0.559000000 9.99 0.559259000  0.106 0.000000  0.619 0.000  0.867 0.000   2.860 0.000   1.556 0.000   1.304 0.559 0.026 0.559000  0.075 0.000000
347.333333 348.333333    2.20 0.559000  0.42 0.559000 9.999 0.559259000 0.08 0.559000000  0.061 0.559000  0.427 0.000  0.598 0.000   1.233 0.000   0.439 0.000   0.794 0.559 0.010 0.559000  0.052 0.559000
350.333333 351.333333 9999.99 0.999000 99.99 0.999000 9.999 0.999000000 9.99 0.999000000 99.999 0.999000 99.999 0.999 99.999 0.999 999.999 0.999 999.999 0.999 999.999 0.999 9.999 0.999000 99.999 0.999000
353.333333 354.333333   11.11 0.559000  0.37 0.559000 0.018 0.559000000 0.05 0.559000000  0.087 0.559000  0.525 0.000  0.734 0.000   3.350 0.000   2.067 0.000   1.283 0.559 0.015 0.559000  0.053 0.559000
356.333333 357.333333   10.42 0.559000  0.42 0.559000 9.999 0.559259000 9.99 0.559259000  0.018 0.559000  0.636 0.000  0.891 0.000   2.860 0.000   1.636 0.000   1.224 0.559 0.012 0.559000  0.043 0.559000
359.333333 360.333333    3.85 0.559000  0.21 0.559000 9.999 0.559259000 0.09 0.559000000  0.057 0.559000  0.321 0.000  0.449 0.000   2.096 0.000   1.053 0.000   1.043 0.559 0.007 0.559000  0.079 0.559000
362.333333 363.333333    7.26 0.559000  0.45 0.559000 9.999 0.559259000 9.99 0.559259000  0.017 0.559000  0.687 0.000  0.962 0.000   2.137 0.000   0.606 0.000   1.531 0.559 0.016 0.559000  0.085 0.559000
