scripts/IMPROVE-2019_partial/data/US0096R.20060102070000.20191216000000.filterpack..pm25.52w.1w.US03L_filterpack_US0096.US03L_IMPROVE_Davis.lev2.nas
64 1001
MISSING INFORMATION
US03L, IMPROVE, , , , , , , 
MISSING INFORMATION
IMPROVE sel_HTAP
1 1
2006 01 01 2019 12 16
3.000000
days from file reference point
25
1 1 1 1 1 1 1 1 1 1 1 1 1 1 1 1 1 1 1 1 1 1 1 1 1
999.999999 9999.99 9.999 999.99 9.999 9.999 9.999 9.99 9.999 9.999 9.999 99.999 9.999 99.999 9.999 999.999 9.999 999.999 9.999 999.999 9.999 9.999 9.999 9.999 9.999
end_time of measurement, days from the file reference point
iron, ng/m3, Revision date=20181210133000
numflag iron, no unit, Revision date=20181210133000
lead, ng/m3, Revision date=20181210133000
numflag lead, no unit, Revision date=20181210133000
magnesium, ug/m3, Revision date=20181210133000
numflag magnesium, no unit, Revision date=20181210133000
nickel, ng/m3, Revision date=20181210133000
numflag nickel, no unit, Revision date=20181210133000
nitrate, ug N/m3, Revision date=20181210133000
numflag nitrate, no unit, Revision date=20181210133000
organic_carbon, ug C/m3, Revision date=20181210133000
numflag organic_carbon, no unit, Revision date=20181210133000
organic_mass, ug/m3, Revision date=20181210133000
numflag organic_mass, no unit, Revision date=20181210133000
pm10_mass, ug/m3, Version=2, Version description=Data extracted from http://views.cira.colostate.edu/fed/DataWizard 2019-12-16, Sample duration=1d, Orig. time res.=3d, Matrix=pm10, Blank correction=Blank corrected, Volume std. temperature=ambient, Volume std. pressure=ambient
numflag pm10_mass, no unit, Version=2, Version description=Data extracted from http://views.cira.colostate.edu/fed/DataWizard 2019-12-16, Sample duration=1d, Orig. time res.=3d, Matrix=pm10, Blank correction=Blank corrected, Volume std. temperature=ambient, Volume std. pressure=ambient
pm10_pm25_mass, ug/m3, Revision date=20181210133000, Matrix=pm10_pm25
numflag pm10_pm25_mass, no unit, Revision date=20181210133000, Matrix=pm10_pm25
pm25_mass, ug/m3, Version=2, Version description=Data extracted from http://views.cira.colostate.edu/fed/DataWizard 2019-12-16, Sample duration=1d, Orig. time res.=3d, Blank correction=Blank corrected, Volume std. temperature=ambient, Volume std. pressure=ambient
numflag pm25_mass, no unit, Version=2, Version description=Data extracted from http://views.cira.colostate.edu/fed/DataWizard 2019-12-16, Sample duration=1d, Orig. time res.=3d, Blank correction=Blank corrected, Volume std. temperature=ambient, Volume std. pressure=ambient
potassium, ug/m3, Revision date=20181210133000
numflag potassium, no unit, Revision date=20181210133000
sulphate_total, ug S/m3, Revision date=20181210133000
numflag sulphate_total, no unit, Revision date=20181210133000
0
25
Data definition:              EBAS_1.1
Set type code:                TU
Timezone:                     UTC
File name:                    US0096R.20060102070000.20191216000000.filterpack..pm25.52w.1w.US03L_filterpack_US0096.US03L_IMPROVE_Davis.lev2.nas
File creation:                20191218120155
Startdate:                    20060102070000
Revision date:                20191216000000
Statistics:                   arithmetic mean
Data level:                   2
Period code:                  52w
Resolution code:              1w
Station code:                 US0096R
Platform code:                US0096S
Station name:                 Queen Valley
Station latitude:             33.2939
Station longitude:            -111.2858
Station altitude:             661.0 m
Regime:                       IMG
Component:                    
Matrix:                       pm25
Laboratory code:              US03L
Instrument type:              filterpack
Instrument name:              filterpack_US0096
Method ref:                   US03L_IMPROVE_Davis
starttime endtime Fe flag_Fe Pb flag_Pb Mg++ flag_Mg++ Ni flag_Ni NO3- flag_NO3- OC flag_OC OM flag_OM PM10 flag_PM10 PM10-PM2.5 flag_PM10-PM2.5 PM2.5 flag_PM2.5 K+ flag_K+ SO4-- flag_SO4--
[from data line 91]
274.291667 275.291667 9999.99 0.456 999.99 0.456 9.999 0.456 9.99 0.456 0.042 0.559  0.810 0.000  1.459 0.000  16.397 0.000 999.999 0.456 999.999 0.456 9.999 0.456 0.440 0.559
277.291667 278.291667   40.20 0.000   1.68 0.000 9.999 0.259 0.17 0.000 0.022 0.559  0.783 0.000  1.409 0.000  14.796 0.000   9.166 0.000   5.630 0.000 0.040 0.000 0.612 0.559
280.291667 281.291667   26.55 0.000   2.25 0.000 0.008 0.000 0.14 0.000 0.019 0.559  0.496 0.000  0.893 0.000   7.620 0.000   4.963 0.000   2.656 0.000 0.023 0.000 0.275 0.559
283.291667 284.291667   35.12 0.000   3.56 0.000 0.012 0.000 0.28 0.000 0.031 0.559  0.315 0.000  0.567 0.000   9.423 0.000   6.001 0.000   3.422 0.000 0.031 0.000 0.349 0.559
286.291667 287.291667 9999.99 0.456 999.99 0.456 9.999 0.456 9.99 0.456 0.083 0.559  0.345 0.000  0.621 0.000  10.759 0.000 999.999 0.456 999.999 0.456 9.999 0.456 0.216 0.559
289.291667 290.291667   48.57 0.000   0.93 0.000 9.999 0.259 0.40 0.000 0.074 0.000  0.589 0.000  1.060 0.000  18.246 0.000  14.063 0.000   4.183 0.000 0.042 0.000 0.414 0.000
292.291667 293.291667   50.44 0.000   2.02 0.000 9.999 0.259 0.06 0.000 0.014 0.559  0.500 0.000  0.901 0.000  10.127 0.000   6.810 0.000   3.317 0.000 0.035 0.000 0.246 0.559
295.291667 296.291667   44.57 0.000   1.30 0.000 9.999 0.259 9.99 0.259 0.018 0.559  0.480 0.559  0.864 0.559  13.552 0.000   9.982 0.000   3.570 0.000 0.037 0.000 0.293 0.559
298.291667 299.291667   33.64 0.000   0.38 0.000 0.014 0.000 9.99 0.259 0.011 0.559  0.298 0.000  0.537 0.000   5.475 0.000   3.420 0.000   2.054 0.000 0.024 0.000 0.107 0.559
301.291667 302.291667   54.87 0.000   1.92 0.000 9.999 0.259 0.14 0.000 0.010 0.559  0.319 0.000  0.574 0.000  11.905 0.000   9.098 0.000   2.807 0.000 0.040 0.000 0.164 0.559
304.291667 305.291667  100.39 0.000   2.59 0.000 0.015 0.000 0.29 0.000 0.051 0.559  1.446 0.000  2.603 0.000  18.775 0.000  11.676 0.000   7.100 0.000 0.140 0.000 0.370 0.559
307.291667 308.291667   98.97 0.000   4.63 0.000 9.999 0.259 0.13 0.000 0.071 0.559  1.073 0.000  1.931 0.000  21.327 0.000  14.913 0.000   6.414 0.000 0.074 0.000 0.475 0.559
310.291667 311.291667   56.96 0.000   3.58 0.000 9.999 0.259 9.99 0.259 0.013 0.559  0.365 0.000  0.656 0.000 999.999 0.456 999.999 0.999   2.675 0.000 0.033 0.000 0.129 0.559
313.291667 314.291667   98.65 0.000   2.18 0.000 9.999 0.259 0.24 0.000 0.028 0.559  0.641 0.559  1.155 0.559 999.999 0.456 999.999 0.999   4.682 0.000 0.061 0.000 0.286 0.559
316.291667 317.291667   93.06 0.000   5.73 0.000 0.021 0.000 0.24 0.000 0.095 0.559  0.852 0.000  1.533 0.000 999.999 0.456 999.999 0.999   5.745 0.000 0.067 0.000 0.379 0.559
319.291667 320.291667   80.06 0.000   5.33 0.000 0.018 0.000 0.07 0.000 0.016 0.559  0.771 0.559  1.388 0.559  12.237 0.000   7.810 0.000   4.427 0.000 0.052 0.000 0.158 0.559
322.291667 323.291667   38.11 0.000   1.93 0.000 9.999 0.259 9.99 0.259 0.013 0.559  0.612 0.559  1.101 0.559   7.361 0.000   4.264 0.000   3.097 0.000 0.031 0.000 0.151 0.559
325.291667 326.291667   89.67 0.000   4.14 0.000 9.999 0.259 0.25 0.000 0.021 0.559  0.512 0.000  0.922 0.000  15.960 0.000  10.116 0.000   5.844 0.000 0.080 0.000 0.499 0.559
328.291667 329.291667   85.09 0.000   5.16 0.000 0.011 0.000 0.24 0.000 0.035 0.559 99.999 0.999 99.999 0.999  16.679 0.000  11.776 0.000   4.903 0.000 0.072 0.000 0.413 0.559
331.291667 332.291667   35.24 0.000   1.48 0.000 9.999 0.259 0.23 0.000 0.121 0.394  0.385 0.559  0.692 0.559  14.352 0.000  10.774 0.000   3.578 0.000 0.036 0.000 0.287 0.394
334.291667 335.291667   82.29 0.000   8.45 0.000 9.999 0.259 9.99 0.259 0.088 0.000  0.668 0.000  1.202 0.000  11.063 0.000   7.919 0.000   3.143 0.000 0.052 0.000 0.114 0.000
337.291667 338.291667   33.07 0.000   5.57 0.000 9.999 0.259 9.99 0.259 9.999 0.999  0.519 0.000  0.934 0.000  11.058 0.000   8.439 0.000   2.620 0.000 0.028 0.000 9.999 0.999
340.291667 341.291667   66.40 0.000   1.09 0.000 9.999 0.259 0.09 0.000 9.999 0.999  0.579 0.000  1.042 0.000  14.117 0.000  10.808 0.000   3.308 0.000 0.046 0.000 9.999 0.999
343.291667 344.291667   76.76 0.000   8.87 0.000 9.999 0.259 0.13 0.000 0.044 0.559  0.592 0.000  1.065 0.000  23.959 0.000  20.116 0.000   3.843 0.000 0.058 0.000 0.187 0.559
346.291667 347.291667  156.99 0.000  15.26 0.000 9.999 0.259 0.10 0.000 9.999 0.999  0.796 0.000  1.432 0.000  23.246 0.000  18.140 0.000   5.106 0.000 0.087 0.000 9.999 0.999
349.291667 350.291667  204.77 0.000   4.95 0.000 9.999 0.259 0.18 0.000 9.999 0.999  0.667 0.000  1.201 0.000  48.483 0.000  42.307 0.000   6.176 0.000 0.154 0.000 9.999 0.999
352.291667 353.291667   25.58 0.000   0.45 0.000 9.999 0.259 0.14 0.000 0.074 0.000  0.786 0.000  1.414 0.000   9.318 0.000   7.640 0.000   1.679 0.000 0.025 0.000 0.083 0.000
355.291667 356.291667   87.37 0.000   6.23 0.000 9.999 0.259 9.99 0.259 0.862 0.394  1.270 0.000  2.286 0.000  20.390 0.000  12.223 0.000   8.167 0.000 0.055 0.000 0.202 0.394
358.291667 359.291667   14.18 0.000   3.17 0.000 9.999 0.259 9.99 0.259 9.999 0.999  0.471 0.000  0.849 0.000   5.342 0.000   4.092 0.000   1.250 0.000 0.012 0.000 9.999 0.999
361.291667 362.291667  138.72 0.000   0.19 0.000 0.049 0.000 0.12 0.000 9.999 0.999  0.711 0.000  1.280 0.000  18.416 0.000  13.961 0.000   4.455 0.000 0.086 0.000 9.999 0.999
364.291667 365.291667   18.40 0.000   2.67 0.000 9.999 0.259 9.99 0.259 9.999 0.999  0.747 0.000  1.345 0.000   8.339 0.000   4.372 0.000   3.967 0.000 0.028 0.000 9.999 0.999
