scripts/IMPROVE-2019_partial/data/US0020R.20030103080000.20191216000000.filterpack..pm25.1y.1w.US03L_filterpack_US0020.US03L_IMPROVE_Davis.lev2.nas
66 1001
MISSING INFORMATION
US03L, IMPROVE, , , , , , , 
MISSING INFORMATION
IMPROVE sel_HTAP
1 1
2003 01 01 2019 12 16
3.000000
days from file reference point
27
1 1 1 1 1 1 1 1 1 1 1 1 1 1 1 1 1 1 1 1 1 1 1 1 1 1 1
999.999999 9999.99 9.999 99.99 9.999 9.999 9.999999 99.99 9.999 9.999 9.999 99.999 9.999 99.999 9.999 99.99 9.999999 999.999 9.999 999.999 9.999 999.999 9.999 9.999 9.999 9.999 9.999
end_time of measurement, days from the file reference point
iron, ng/m3, Revision date=20181210133000
numflag iron, no unit, Revision date=20181210133000
lead, ng/m3, Revision date=20181210133000
numflag lead, no unit, Revision date=20181210133000
magnesium, ug/m3, Revision date=20181210133000
numflag magnesium, no unit, Revision date=20181210133000
nickel, ng/m3, Revision date=20181210133000
numflag nickel, no unit, Revision date=20181210133000
nitrate, ug N/m3, Revision date=20181210133000
numflag nitrate, no unit, Revision date=20181210133000
organic_carbon, ug C/m3, Revision date=20181210133000
numflag organic_carbon, no unit, Revision date=20181210133000
organic_mass, ug/m3, Revision date=20181210133000
numflag organic_mass, no unit, Revision date=20181210133000
phosphorus, ng/m3, Revision date=20181210133000
numflag phosphorus, no unit, Revision date=20181210133000
pm10_mass, ug/m3, Version=2, Version description=Data extracted from http://views.cira.colostate.edu/fed/DataWizard 2019-12-16, Sample duration=1d, Orig. time res.=3d, Matrix=pm10, Blank correction=Blank corrected, Volume std. temperature=ambient, Volume std. pressure=ambient
numflag pm10_mass, no unit, Version=2, Version description=Data extracted from http://views.cira.colostate.edu/fed/DataWizard 2019-12-16, Sample duration=1d, Orig. time res.=3d, Matrix=pm10, Blank correction=Blank corrected, Volume std. temperature=ambient, Volume std. pressure=ambient
pm10_pm25_mass, ug/m3, Revision date=20181210133000, Matrix=pm10_pm25
numflag pm10_pm25_mass, no unit, Revision date=20181210133000, Matrix=pm10_pm25
pm25_mass, ug/m3, Version=2, Version description=Data extracted from http://views.cira.colostate.edu/fed/DataWizard 2019-12-16, Sample duration=1d, Orig. time res.=3d, Blank correction=Blank corrected, Volume std. temperature=ambient, Volume std. pressure=ambient
numflag pm25_mass, no unit, Version=2, Version description=Data extracted from http://views.cira.colostate.edu/fed/DataWizard 2019-12-16, Sample duration=1d, Orig. time res.=3d, Blank correction=Blank corrected, Volume std. temperature=ambient, Volume std. pressure=ambient
potassium, ug/m3, Revision date=20181210133000
numflag potassium, no unit, Revision date=20181210133000
sulphate_total, ug S/m3, Revision date=20181210133000
numflag sulphate_total, no unit, Revision date=20181210133000
0
25
Data definition:              EBAS_1.1
Set type code:                TU
Timezone:                     UTC
File name:                    US0020R.20030103080000.20191216000000.filterpack..pm25.1y.1w.US03L_filterpack_US0020.US03L_IMPROVE_Davis.lev2.nas
File creation:                20191218115645
Startdate:                    20030103080000
Revision date:                20191216000000
Statistics:                   arithmetic mean
Data level:                   2
Period code:                  1y
Resolution code:              1w
Station code:                 US0020R
Platform code:                US0020S
Station name:                 Death Valley NP
Station latitude:             36.5089
Station longitude:            -116.8478
Station altitude:             130.0 m
Regime:                       IMG
Component:                    
Matrix:                       pm25
Laboratory code:              US03L
Instrument type:              filterpack
Instrument name:              filterpack_US0020
Method ref:                   US03L_IMPROVE_Davis
starttime endtime Fe flag_Fe Pb flag_Pb Mg++ flag_Mg++ Ni flag_Ni NO3- flag_NO3- OC flag_OC OM flag_OM P flag_P PM10 flag_PM10 PM10-PM2.5 flag_PM10-PM2.5 PM2.5 flag_PM2.5 K+ flag_K+ SO4-- flag_SO4--
  2.333333   3.333333   40.60 0.000  0.51 0.000 9.999 0.259000  0.16 0.000 0.008 0.000  0.147 0.000  0.205 0.000 99.99 0.259000   3.636 0.000   2.125 0.000   1.511 0.000 0.031 0.000 0.046 0.000
  5.333333   6.333333   38.70 0.000  0.28 0.000 9.999 0.259000  0.21 0.000 0.012 0.559  0.126 0.000  0.177 0.000 99.99 0.259000   3.431 0.000   1.724 0.000   1.707 0.000 0.027 0.000 0.087 0.559
  8.333333   9.333333   51.44 0.000  0.54 0.000 9.999 0.259000  0.28 0.000 0.035 0.000  0.356 0.000  0.499 0.000 99.99 0.259000   7.353 0.000   4.159 0.000   3.194 0.000 0.043 0.000 0.271 0.000
 11.333333  12.333333   40.56 0.000  0.87 0.000 9.999 0.259000  0.25 0.000 0.150 0.000  0.781 0.000  1.094 0.000 99.99 0.259000   8.629 0.000   4.077 0.000   4.552 0.000 0.037 0.000 0.399 0.000
 14.333333  15.333333   76.71 0.000  0.41 0.000 0.032 0.000000  0.62 0.000 0.017 0.559  0.564 0.000  0.789 0.000 99.99 0.259000   3.168 0.000 999.999 0.259   3.297 0.000 0.053 0.000 0.098 0.559
 17.333333  18.333333   19.80 0.000  0.22 0.000 0.035 0.000000  0.09 0.000 0.004 0.000  0.128 0.000  0.179 0.000 99.99 0.259000   2.518 0.000   1.492 0.000   1.026 0.000 0.018 0.000 0.036 0.000
 20.333333  21.333333   34.51 0.000  0.59 0.000 9.999 0.259000 99.99 0.259 0.017 0.000  0.211 0.000  0.295 0.000 99.99 0.259000   5.614 0.000   3.749 0.000   1.865 0.000 0.025 0.000 0.077 0.000
 23.333333  24.333333   35.26 0.000  0.65 0.000 0.023 0.000000  0.10 0.000 0.017 0.000  0.387 0.000  0.541 0.000 99.99 0.259000   6.616 0.000   4.418 0.000   2.198 0.000 0.026 0.000 0.102 0.000
 26.333333  27.333333   15.79 0.000  0.77 0.000 9.999 0.259000 99.99 0.259 0.008 0.000  0.152 0.000  0.213 0.000 99.99 0.259000   3.574 0.000   2.392 0.000   1.182 0.000 0.017 0.000 0.089 0.000
 29.333333  30.333333   13.90 0.000  0.45 0.000 9.999 0.259000 99.99 0.259 0.004 0.559  0.068 0.000  0.095 0.000 99.99 0.259000   2.843 0.000   1.813 0.000   1.030 0.000 0.015 0.000 0.069 0.559
 32.333333  33.333333  788.52 0.000  0.64 0.000 0.653 0.000000  0.12 0.000 0.014 0.000  0.730 0.000  1.022 0.000 99.99 0.259000  44.588 0.000  13.189 0.000  31.400 0.000 0.868 0.000 0.351 0.000
 35.333333  36.333333   78.50 0.000  0.25 0.000 9.999 0.259000 99.99 0.259 0.012 0.000  0.164 0.000  0.229 0.000 99.99 0.259000   8.391 0.000   5.449 0.000   2.943 0.000 0.072 0.000 0.052 0.000
 38.333333  39.333333    3.94 0.000  0.20 0.000 9.999 0.259000 99.99 0.259 0.023 0.559  0.190 0.000  0.266 0.000 99.99 0.259000   1.726 0.000   1.223 0.000   0.502 0.000 0.006 0.000 0.094 0.559
 41.333333  42.333333   13.83 0.000  0.14 0.000 9.999 0.259000 99.99 0.259 0.013 0.000  0.236 0.000  0.330 0.000 99.99 0.259000   2.699 0.000   1.986 0.000   0.714 0.000 0.013 0.000 0.055 0.000
 44.333333  45.333333    9.79 0.000  0.15 0.000 9.999 0.259000 99.99 0.259 0.128 0.000  0.518 0.000  0.726 0.000 99.99 0.259000   7.026 0.000   6.085 0.000   0.942 0.000 0.009 0.000 0.029 0.000
 47.333333  48.333333   10.24 0.000  0.59 0.000 9.999 0.259000 99.99 0.259 0.032 0.000  0.429 0.000  0.601 0.000 99.99 0.259000   3.493 0.000   1.779 0.000   1.714 0.000 0.012 0.000 0.197 0.000
 50.333333  51.333333   60.19 0.000  0.28 0.000 9.999 0.259000 99.99 0.259 0.120 0.559  0.722 0.000  1.010 0.000 99.99 0.259000  13.440 0.000  11.016 0.000   2.423 0.000 0.064 0.000 0.164 0.559
 53.333333  54.333333   30.99 0.000 99.99 0.259 0.032 0.000000 99.99 0.259 0.010 0.000  0.322 0.000  0.450 0.000 99.99 0.259000   3.514 0.000   2.351 0.000   1.162 0.000 0.023 0.000 0.086 0.000
 56.333333  57.333333   24.34 0.000  0.41 0.000 9.999 0.259000 99.99 0.259 0.057 0.000  0.392 0.000  0.549 0.000 99.99 0.259000   3.227 0.000   1.484 0.000   1.744 0.000 0.021 0.000 0.125 0.000
 59.333333  60.333333   15.98 0.000  0.49 0.000 9.999 0.259000 99.99 0.259 0.085 0.000  0.453 0.000  0.634 0.000 99.99 0.259000   3.636 0.000   1.914 0.000   1.721 0.000 0.017 0.000 0.171 0.000
 62.333333  63.333333   38.04 0.000  0.79 0.000 9.999 0.259000  0.21 0.000 0.182 0.000  1.096 0.000  1.535 0.000 99.99 0.259000   7.723 0.000   3.465 0.000   4.258 0.000 0.036 0.000 0.336 0.000
 65.333333  66.333333   39.36 0.000  0.87 0.000 9.999 0.259000 99.99 0.259 0.096 0.559  0.904 0.000  1.266 0.000 99.99 0.259000   7.396 0.000   4.057 0.000   3.339 0.000 0.031 0.000 0.211 0.559
 68.333333  69.333333   36.11 0.000  1.07 0.000 9.999 0.259000 99.99 0.259 0.031 0.000  0.736 0.000  1.030 0.000 99.99 0.259000   5.482 0.000   2.413 0.000   3.070 0.000 0.031 0.000 0.230 0.000
 71.333333  72.333333   72.84 0.000  1.03 0.000 9.999 0.259000  0.16 0.000 0.096 0.000  1.127 0.000  1.579 0.000 99.99 0.259000  12.765 0.000   7.761 0.000   5.004 0.000 0.054 0.000 0.292 0.000
 74.333333  75.333333   22.61 0.000  0.88 0.000 9.999 0.259000 99.99 0.259 0.028 0.559  0.337 0.000  0.472 0.000 99.99 0.259000   2.810 0.000   1.014 0.000   1.796 0.000 0.022 0.000 0.144 0.559
 77.333333  78.333333  324.20 0.000  0.45 0.000 9.999 0.259000  0.93 0.000 0.028 0.000  0.247 0.000  0.346 0.000 99.99 0.259000   4.589 0.000 999.999 0.259  10.168 0.000 0.247 0.000 0.067 0.000
 80.333333  81.333333   93.65 0.000  0.57 0.000 9.999 0.259000  0.26 0.000 0.037 0.000  0.325 0.000  0.455 0.000 99.99 0.259000   3.616 0.000   0.420 0.000   3.196 0.000 0.074 0.000 0.104 0.000
 83.333333  84.333333   57.47 0.000  0.55 0.000 9.999 0.259000 99.99 0.259 0.033 0.559  0.367 0.000  0.514 0.000 99.99 0.259000   4.145 0.000   1.903 0.000   2.242 0.000 0.042 0.000 0.153 0.559
 86.333333  87.333333   56.75 0.000  0.25 0.000 9.999 0.259000  0.16 0.000 0.031 0.000  0.097 0.000  0.136 0.000 99.99 0.259000   3.208 0.000   1.191 0.000   2.017 0.000 0.043 0.000 0.100 0.000
 89.333333  90.333333   81.78 0.000  0.39 0.000 9.999 0.259000  0.22 0.000 0.025 0.000  0.323 0.000  0.453 0.000 99.99 0.259000   6.618 0.000   3.029 0.000   3.589 0.000 0.065 0.000 0.109 0.000
 92.333333  93.333333 9999.99 0.999 99.99 0.999 9.999 0.999000 99.99 0.999 9.999 0.999 99.999 0.999 99.999 0.999 99.99 0.999000 999.999 0.999 999.999 0.999 999.999 0.999 9.999 0.999 9.999 0.999
 95.333333  96.333333 9999.99 0.999 99.99 0.999 9.999 0.999000 99.99 0.999 9.999 0.999 99.999 0.999 99.999 0.999 99.99 0.999000 999.999 0.999 999.999 0.999 999.999 0.999 9.999 0.999 9.999 0.999
 98.333333  99.333333   93.97 0.000  0.94 0.000 9.999 0.259000  0.09 0.000 0.019 0.559  0.404 0.000  0.566 0.000 99.99 0.259000  11.290 0.000   7.760 0.000   3.530 0.000 0.067 0.000 0.183 0.559
101.333333 102.333333 9999.99 0.999 99.99 0.999 9.999 0.999000 99.99 0.999 9.999 0.999 99.999 0.999 99.999 0.999 99.99 0.999000 999.999 0.999 999.999 0.999 999.999 0.999 9.999 0.999 9.999 0.999
104.333333 105.333333 9999.99 0.999 99.99 0.999 9.999 0.999000 99.99 0.999 9.999 0.999 99.999 0.999 99.999 0.999 99.99 0.999000 999.999 0.999 999.999 0.999 999.999 0.999 9.999 0.999 9.999 0.999
107.333333 108.333333  262.81 0.000  0.72 0.000 9.999 0.259000  0.91 0.000 0.046 0.000  0.465 0.000  0.652 0.000 99.99 0.259000   9.886 0.000 999.999 0.259  10.283 0.000 0.206 0.000 0.206 0.000
110.333333 111.333333   88.58 0.000  1.55 0.000 9.999 0.259000 99.99 0.259 0.116 0.000  0.945 0.000  1.322 0.000 99.99 0.259000  13.358 0.000   7.486 0.000   5.872 0.000 0.070 0.000 0.443 0.000
113.333333 114.333333   94.88 0.000  1.33 0.000 9.999 0.259000  0.18 0.000 0.154 0.000  1.040 0.000  1.456 0.000 99.99 0.259000  14.762 0.000   8.057 0.000   6.705 0.000 0.078 0.000 0.549 0.000
116.333333 117.333333   90.21 0.000  0.84 0.000 9.999 0.259000 99.99 0.259 0.072 0.000  0.488 0.000  0.684 0.000 99.99 0.259000   5.327 0.000   1.350 0.000   3.977 0.000 0.065 0.000 0.243 0.000
119.333333 120.333333   33.71 0.000  0.30 0.000 9.999 0.259000 99.99 0.259 0.081 0.000  0.525 0.000  0.734 0.000 99.99 0.259000   7.976 0.000   5.073 0.000   2.904 0.000 0.033 0.000 0.189 0.000
122.333333 123.333333   18.74 0.000  0.25 0.000 9.999 0.259000  0.08 0.000 0.025 0.000  0.208 0.000  0.291 0.000 99.99 0.259000   1.389 0.000   0.266 0.000   1.123 0.000 0.010 0.000 0.078 0.000
125.333333 126.333333   51.81 0.000  1.45 0.000 9.999 0.259000 99.99 0.259 0.066 0.000  0.955 0.000  1.338 0.000 99.99 0.259000   4.491 0.000 999.999 0.259   6.114 0.000 0.046 0.000 0.624 0.000
128.333333 129.333333   21.20 0.000  0.38 0.000 0.017 0.000000 99.99 0.259 0.019 0.000  0.813 0.000  1.138 0.000 99.99 0.259000   2.619 0.000 999.999 0.259   2.879 0.000 0.021 0.000 0.150 0.000
131.333333 132.333333   56.65 0.000  1.30 0.000 9.999 0.259000 99.99 0.259 0.087 0.000  1.363 0.000  1.909 0.000 99.99 0.259000   5.238 0.000 999.999 0.259   5.717 0.000 0.040 0.000 0.410 0.000
134.333333 135.333333 9999.99 0.456 99.99 0.456 9.999 0.456000 99.99 0.456 9.999 0.999 99.999 0.999 99.999 0.999 99.99 0.456000 999.999 0.999 999.999 0.999 999.999 0.456 9.999 0.456 9.999 0.999
137.333333 138.333333 9999.99 0.456 99.99 0.456 9.999 0.456000 99.99 0.456 9.999 0.999 99.999 0.999 99.999 0.999 99.99 0.456000 999.999 0.999 999.999 0.999 999.999 0.456 9.999 0.456 9.999 0.999
140.333333 141.333333 9999.99 0.456 99.99 0.456 9.999 0.456000 99.99 0.456 9.999 0.999 99.999 0.999 99.999 0.999 99.99 0.456000 999.999 0.999 999.999 0.999 999.999 0.456 9.999 0.456 9.999 0.999
143.333333 144.333333  272.17 0.000  4.08 0.000 9.999 0.259000  0.97 0.000 0.135 0.000  2.148 0.000  3.007 0.000 99.99 0.259000 999.999 0.999 999.999 0.999  13.889 0.000 0.205 0.000 0.909 0.000
146.333333 147.333333  215.83 0.000  3.90 0.000 9.999 0.259000  1.00 0.000 0.046 0.000  0.803 0.000  1.124 0.000 99.99 0.259000 999.999 0.999 999.999 0.999   8.597 0.000 0.150 0.000 0.487 0.000
149.333333 150.333333  311.35 0.000  3.95 0.000 9.999 0.259000  1.18 0.000 0.072 0.000  1.458 0.000  2.042 0.000 99.99 0.259000 999.999 0.999 999.999 0.999  12.797 0.000 0.216 0.000 0.676 0.000
152.333333 153.333333  188.92 0.000  2.13 0.000 0.036 0.000000  0.61 0.000 0.061 0.000  1.429 0.000  2.000 0.000 99.99 0.259000 999.999 0.999 999.999 0.999   9.489 0.000 0.133 0.000 0.727 0.000
155.333333 156.333333  164.61 0.000  3.14 0.000 9.999 0.259000  0.40 0.000 0.040 0.000  1.682 0.000  2.355 0.000 99.99 0.259000 999.999 0.999 999.999 0.999   9.228 0.000 0.125 0.000 0.457 0.000
158.333333 159.333333  156.84 0.000  1.86 0.000 9.999 0.259000  0.37 0.000 0.061 0.000  2.059 0.000  2.882 0.000 99.99 0.259000 999.999 0.999 999.999 0.999  10.402 0.000 0.110 0.000 0.773 0.000
161.333333 162.333333  323.54 0.000  4.15 0.000 9.999 0.259000  1.31 0.000 0.057 0.000  1.475 0.000  2.065 0.000 99.99 0.259000 999.999 0.999 999.999 0.999  11.875 0.000 0.199 0.000 0.466 0.000
164.333333 165.333333  145.79 0.000  1.21 0.000 9.999 0.259000  0.29 0.000 0.076 0.000  1.291 0.000  1.808 0.000 99.99 0.259000 999.999 0.999 999.999 0.999   9.740 0.000 0.105 0.000 0.874 0.000
167.333333 168.333333  123.39 0.000  1.31 0.000 9.999 0.259000  0.37 0.000 9.999 0.456 99.999 0.999 99.999 0.999 99.99 0.259000 999.999 0.999 999.999 0.999   8.012 0.000 0.131 0.000 9.999 0.456
170.333333 171.333333  325.55 0.000  3.73 0.000 9.999 0.259000  0.98 0.000 0.132 0.000  1.201 0.000  1.682 0.000 99.99 0.259000 999.999 0.999 999.999 0.999  12.175 0.000 0.203 0.000 0.475 0.000
173.333333 174.333333  235.48 0.000  1.23 0.000 9.999 0.259000  0.34 0.000 0.104 0.000  1.207 0.000  1.690 0.000 99.99 0.259000 999.999 0.999 999.999 0.999  10.071 0.000 0.179 0.000 0.406 0.000
176.333333 177.333333   33.99 0.000  0.97 0.000 9.999 0.259000  3.95 0.000 0.017 0.000  1.006 0.000  1.409 0.000 99.99 0.259000  12.382 0.000   9.250 0.000   3.131 0.000 0.029 0.000 0.137 0.000
179.333333 180.333333   59.20 0.000  0.98 0.000 9.999 0.259000  0.61 0.000 0.041 0.000  1.677 0.000  2.348 0.000 99.99 0.259000  15.345 0.000   9.786 0.000   5.560 0.000 0.046 0.000 0.316 0.000
182.333333 183.333333   40.14 0.000  0.46 0.000 9.999 0.259000  0.50 0.000 0.035 0.000  1.231 0.000  1.723 0.000 99.99 0.259000  10.269 0.000   6.336 0.000   3.933 0.000 0.036 0.000 0.244 0.000
185.333333 186.333333   55.54 0.000  0.67 0.000 9.999 0.259000  0.32 0.000 0.051 0.000  1.667 0.000  2.334 0.000 99.99 0.259000  12.603 0.000   7.481 0.000   5.122 0.000 0.085 0.000 0.407 0.000
188.333333 189.333333   83.99 0.000  0.80 0.000 9.999 0.259000  0.65 0.000 0.068 0.000  1.615 0.000  2.261 0.000 99.99 0.259000  15.493 0.000   9.989 0.000   5.504 0.000 0.082 0.000 0.345 0.000
191.333333 192.333333   77.32 0.000  0.70 0.000 9.999 0.259000  0.92 0.000 0.057 0.000  2.034 0.000  2.848 0.000 99.99 0.259000  18.619 0.000  11.310 0.000   7.309 0.000 0.078 0.000 0.482 0.000
194.333333 195.333333   62.84 0.000  0.42 0.000 9.999 0.259000  0.58 0.000 0.044 0.000  1.278 0.000  1.789 0.000 99.99 0.259000  13.066 0.000   8.049 0.000   5.016 0.000 0.053 0.000 0.327 0.000
197.333333 198.333333  198.12 0.000  0.93 0.000 9.999 0.259000  0.71 0.000 0.084 0.000  2.625 0.000  3.675 0.000 99.99 0.259000  37.425 0.000  25.197 0.000  12.229 0.000 0.209 0.000 0.574 0.000
200.333333 201.333333  141.23 0.000  1.01 0.000 9.999 0.259000  1.45 0.000 0.087 0.000  1.928 0.000  2.699 0.000 99.99 0.259000  18.364 0.000   8.294 0.000  10.070 0.000 0.148 0.000 0.637 0.000
203.333333 204.333333   95.26 0.000  1.45 0.000 9.999 0.259000  0.92 0.000 0.087 0.000  1.665 0.000  2.331 0.000 99.99 0.259000  18.213 0.000  10.273 0.000   7.940 0.000 0.089 0.000 0.649 0.000
206.333333 207.333333  114.99 0.000  1.66 0.000 9.999 0.259000  0.83 0.000 0.058 0.000  1.236 0.000  1.731 0.000 99.99 0.259000  16.378 0.000   9.008 0.000   7.370 0.000 0.150 0.000 0.478 0.000
209.333333 210.333333  128.53 0.000  1.03 0.000 9.999 0.259000  0.42 0.000 9.999 0.456 99.999 0.999 99.999 0.999 99.99 0.259000  19.496 0.000  11.557 0.000   7.938 0.000 0.105 0.000 9.999 0.456
212.333333 213.333333   77.98 0.000  1.20 0.000 9.999 0.259000  1.03 0.000 9.999 0.456 99.999 0.999 99.999 0.999 99.99 0.259000  10.545 0.000   5.704 0.000   4.841 0.000 0.057 0.000 9.999 0.456
215.333333 216.333333   31.35 0.000  0.77 0.000 9.999 0.259000  0.19 0.000 9.999 0.456 99.999 0.999 99.999 0.999 99.99 0.259000   8.629 0.000   4.537 0.000   4.092 0.000 0.026 0.000 9.999 0.456
218.333333 219.333333   40.20 0.000  0.89 0.000 9.999 0.259000  0.30 0.000 0.028 0.000  0.535 0.000  0.749 0.000 99.99 0.259000   9.719 0.000   6.852 0.000   2.867 0.000 0.027 0.000 0.174 0.000
221.333333 222.333333   45.05 0.000  0.95 0.000 9.999 0.259000  0.34 0.000 0.038 0.559  0.770 0.000  1.078 0.000 99.99 0.259000   7.737 0.000   3.725 0.000   4.012 0.000 0.031 0.000 0.394 0.559
224.333333 225.333333   66.17 0.000  0.58 0.000 9.999 0.259000  0.25 0.000 0.040 0.000  0.731 0.000  1.023 0.000 99.99 0.259000  10.880 0.000   7.766 0.000   3.114 0.000 0.026 0.000 0.222 0.000
227.333333 228.333333  127.07 0.000  1.18 0.000 9.999 0.259000  0.40 0.000 0.072 0.559  0.827 0.000  1.157 0.000 99.99 0.259000  21.593 0.000  14.814 0.000   6.780 0.000 0.098 0.000 0.436 0.559
230.333333 231.333333  109.32 0.000  1.05 0.000 9.999 0.259000  0.20 0.000 0.110 0.559  1.129 0.000  1.580 0.000 99.99 0.259000  24.352 0.000  16.740 0.000   7.611 0.000 0.097 0.000 0.564 0.559
233.333333 234.333333   40.16 0.000  0.85 0.000 9.999 0.259000  0.31 0.000 0.042 0.559  0.466 0.000  0.653 0.000 99.99 0.259000   8.695 0.000   5.084 0.000   3.611 0.000 0.026 0.000 0.348 0.559
236.333333 237.333333   61.24 0.000  0.76 0.000 9.999 0.259000  0.23 0.000 0.037 0.559  0.451 0.000  0.631 0.000 99.99 0.259000   9.439 0.000   5.117 0.000   4.323 0.000 0.056 0.000 0.443 0.559
239.333333 240.333333   70.24 0.000  1.19 0.000 9.999 0.259000  0.23 0.000 0.052 0.000  1.113 0.000  1.559 0.000 99.99 0.259000  18.317 0.000  11.602 0.000   6.715 0.000 0.059 0.000 0.581 0.000
242.333333 243.333333   42.58 0.000  0.72 0.000 9.999 0.259000  0.22 0.000 0.046 0.559  0.622 0.000  0.871 0.000 99.99 0.259000   9.732 0.000   5.328 0.000   4.404 0.000 0.037 0.000 0.409 0.559
245.333333 246.333333   42.72 0.000  0.44 0.000 9.999 0.259000  0.22 0.000 0.022 0.000  0.645 0.000  0.903 0.000 99.99 0.259000  11.110 0.000   8.268 0.000   2.842 0.000 0.035 0.000 0.200 0.000
