scripts/IMPROVE-2019_partial/data/US0051R.20100102060000.20191216000000.filterpack...52w.3d.US03L_filterpack_US0051.US03L_IMPROVE_Davis.lev2.nas
51 1001
MISSING INFORMATION
US03L, IMPROVE, , , , , , , 
MISSING INFORMATION
IMPROVE sel_HTAP
1 1
2010 01 01 2019 12 16
3.00
days from file reference point
4
1 1 1 1
999.99 999.999 999.999 9.999
end_time of measurement, days from the file reference point
pm10_mass, ug/m3, Matrix=pm10
pm25_mass, ug/m3, Matrix=pm25
numflag, no unit
0
33
Data definition:              EBAS_1.1
Set type code:                TU
Timezone:                     UTC
File name:                    US0051R.20100102060000.20191216000000.filterpack...52w.3d.US03L_filterpack_US0051.US03L_IMPROVE_Davis.lev2.nas
File creation:                20191218115831
Startdate:                    20100102060000
Revision date:                20191216000000
Version:                      2
Version description:          "Data extracted from http://views.cira.colostate.edu/fed/DataWizard 2019-12-16"
Statistics:                   arithmetic mean
Data level:                   2
Period code:                  52w
Resolution code:              3d
Sample duration:              1d
Orig. time res.:              3d
Station code:                 US0051R
Platform code:                US0051S
Station name:                 El Dorado Springs
Station latitude:             37.7009
Station longitude:            -94.0348
Station altitude:             297.0 m
Regime:                       IMG
Component:                    
Unit:                         ug/m3
Matrix:                       
Laboratory code:              US03L
Instrument type:              filterpack
Instrument name:              filterpack_US0051
Method ref:                   US03L_IMPROVE_Davis
Blank correction:             Blank corrected
Volume std. temperature:      ambient
Volume std. pressure:         ambient
starttime endtime PM10 PM2.5 flag
  1.25   2.25  10.205   6.034 0.000
  4.25   5.25  17.811  13.811 0.000
  7.25   8.25   8.979   5.684 0.000
 10.25  11.25  13.921  10.751 0.000
 13.25  14.25  18.718  14.986 0.000
 16.25  17.25  14.163  12.701 0.000
 19.25  20.25  10.672   8.560 0.000
 22.25  23.25   6.725   5.798 0.000
 25.25  26.25   7.222   2.843 0.000
 28.25  29.25   8.778   6.420 0.000
 31.25  32.25  18.296  15.427 0.000
 34.25  35.25  17.461  15.251 0.000
 37.25  38.25  10.896  10.081 0.000
 40.25  41.25  10.758   7.222 0.000
 43.25  44.25  22.718  20.308 0.000
 46.25  47.25   9.557   6.317 0.000
 49.25  50.25  10.301   4.954 0.000
 52.25  53.25  11.564   9.641 0.000
 55.25  56.25   7.694   3.066 0.000
 58.25  59.25  11.227   6.670 0.000
 61.25  62.25  16.970  10.734 0.000
 64.25  65.25  35.087  21.183 0.000
 67.25  68.25   9.485   4.563 0.000
 70.25  71.25   2.880   2.029 0.000
 73.25  74.25  14.442  11.912 0.000
 76.25  77.25   9.659   7.287 0.000
 79.25  80.25   5.367   4.140 0.000
 82.25  83.25 999.999 999.999 0.456
 85.25  86.25 999.999 999.999 0.456
 88.25  89.25 999.999 999.999 0.456
 91.25  92.25  14.537   6.959 0.000
 94.25  95.25  18.711  14.121 0.000
 97.25  98.25  10.463   4.104 0.000
100.25 101.25  24.188  10.451 0.000
103.25 104.25  34.410  11.735 0.000
106.25 107.25  16.343   4.450 0.000
109.25 110.25  52.063  11.247 0.000
112.25 113.25  24.369   9.319 0.000
115.25 116.25  10.563   4.796 0.000
118.25 119.25  25.129   8.162 0.000
121.25 122.25   9.964   3.421 0.000
124.25 125.25  17.514   5.744 0.000
127.25 128.25   8.826   3.182 0.000
130.25 131.25  13.120   5.717 0.000
133.25 134.25   6.121   3.048 0.000
136.25 137.25   8.068   5.056 0.000
139.25 140.25   9.605   4.796 0.000
142.25 143.25  13.168   7.295 0.000
145.25 146.25  16.939   9.208 0.000
148.25 149.25  21.719   7.925 0.000
151.25 152.25  23.745  10.214 0.000
154.25 155.25  19.576   8.883 0.000
157.25 158.25  11.016   3.554 0.000
160.25 161.25 999.999 999.999 0.999
163.25 164.25 999.999 999.999 0.999
166.25 167.25  10.888   4.842 0.000
169.25 170.25  16.064   5.898 0.000
172.25 173.25  25.107  13.867 0.000
175.25 176.25  34.523  10.099 0.000
178.25 179.25  12.273   5.481 0.000
181.25 182.25  25.784   8.090 0.000
184.25 185.25  21.016  10.933 0.000
187.25 188.25   9.380   4.495 0.000
190.25 191.25  13.113   6.144 0.000
193.25 194.25  14.161   6.772 0.000
196.25 197.25  15.563   6.014 0.000
199.25 200.25  32.585  14.883 0.000
202.25 203.25  28.892  11.225 0.000
205.25 206.25   6.831   3.281 0.000
208.25 209.25  22.445  11.140 0.000
211.25 212.25  20.035   8.220 0.000
214.25 215.25  27.649   8.982 0.000
217.25 218.25  20.448  11.865 0.000
220.25 221.25  20.238   8.821 0.000
223.25 224.25  35.017  12.459 0.000
226.25 227.25  11.318   5.800 0.000
229.25 230.25  15.192   8.901 0.000
232.25 233.25  15.702   6.395 0.000
235.25 236.25  22.281  12.296 0.000
238.25 239.25  13.160   8.492 0.000
241.25 242.25   9.084   6.231 0.000
244.25 245.25  13.950   5.871 0.000
247.25 248.25  12.745   4.798 0.000
250.25 251.25   9.938   4.135 0.000
253.25 254.25   9.038   4.440 0.000
256.25 257.25  10.150   5.998 0.000
259.25 260.25  12.729   4.229 0.000
262.25 263.25  26.690  14.709 0.000
265.25 266.25  18.127   7.221 0.000
268.25 269.25   3.993   1.681 0.000
271.25 272.25  23.363   4.523 0.000
274.25 275.25  18.312   3.952 0.000
277.25 278.25  30.276   5.913 0.000
280.25 281.25  42.895  10.804 0.000
283.25 284.25   9.865   4.460 0.000
286.25 287.25  18.283   3.976 0.000
289.25 290.25  27.970   9.171 0.000
292.25 293.25  23.277   6.717 0.000
295.25 296.25  15.417   9.485 0.000
298.25 299.25   6.965   1.837 0.000
301.25 302.25  23.424   5.131 0.000
304.25 305.25  21.776   7.734 0.000
307.25 308.25  14.313   2.524 0.000
310.25 311.25  15.172   5.101 0.000
313.25 314.25  22.043   9.219 0.000
316.25 317.25   2.802   1.675 0.000
319.25 320.25   8.598   4.422 0.000
322.25 323.25   7.607   5.051 0.000
325.25 326.25  12.471   6.989 0.000
328.25 329.25 999.999 999.999 0.999
331.25 332.25   7.731   4.687 0.000
334.25 335.25  13.165   4.398 0.000
337.25 338.25  23.585  13.978 0.000
340.25 341.25  24.336  10.003 0.000
343.25 344.25  20.476  10.162 0.000
346.25 347.25   9.118   4.205 0.000
349.25 350.25  33.003  20.544 0.000
352.25 353.25  20.549  12.190 0.000
355.25 356.25  21.540  13.558 0.000
358.25 359.25  11.802  10.831 0.000
361.25 362.25 999.999 999.999 0.999
364.25 365.25   8.420   4.421 0.000
