scripts/IMPROVE-2019_partial/data/US0026R.20020102080000.20191216000000.filterpack..pm25.52w.1w.US03L_filterpack_US0026.US03L_IMPROVE_Davis.lev2.nas
66 1001
MISSING INFORMATION
US03L, IMPROVE, , , , , , , 
MISSING INFORMATION
IMPROVE sel_HTAP
1 1
2002 01 01 2019 12 16
3.000000
days from file reference point
27
1 1 1 1 1 1 1 1 1 1 1 1 1 1 1 1 1 1 1 1 1 1 1 1 1 1 1
999.999999 9999.99 9.999 99.99 9.999 9.999 9.999999 9.99 9.999999 9.999 9.999999 999.999 9.999 999.999 9.999 99.99 9.999999 999.999 9.999 99.999 9.999 999.999 9.999 9.999 9.999 9.999 9.999
end_time of measurement, days from the file reference point
iron, ng/m3, Revision date=20181210133000
numflag iron, no unit, Revision date=20181210133000
lead, ng/m3, Revision date=20181210133000
numflag lead, no unit, Revision date=20181210133000
magnesium, ug/m3, Revision date=20181210133000
numflag magnesium, no unit, Revision date=20181210133000
nickel, ng/m3, Revision date=20181210133000
numflag nickel, no unit, Revision date=20181210133000
nitrate, ug N/m3, Revision date=20181210133000
numflag nitrate, no unit, Revision date=20181210133000
organic_carbon, ug C/m3, Revision date=20181210133000
numflag organic_carbon, no unit, Revision date=20181210133000
organic_mass, ug/m3, Revision date=20181210133000
numflag organic_mass, no unit, Revision date=20181210133000
phosphorus, ng/m3, Revision date=20181210133000
numflag phosphorus, no unit, Revision date=20181210133000
pm10_mass, ug/m3, Version=2, Version description=Data extracted from http://views.cira.colostate.edu/fed/DataWizard 2019-12-16, Sample duration=1d, Orig. time res.=3d, Matrix=pm10, Blank correction=Blank corrected, Volume std. temperature=ambient, Volume std. pressure=ambient
numflag pm10_mass, no unit, Version=2, Version description=Data extracted from http://views.cira.colostate.edu/fed/DataWizard 2019-12-16, Sample duration=1d, Orig. time res.=3d, Matrix=pm10, Blank correction=Blank corrected, Volume std. temperature=ambient, Volume std. pressure=ambient
pm10_pm25_mass, ug/m3, Revision date=20181210133000, Matrix=pm10_pm25
numflag pm10_pm25_mass, no unit, Revision date=20181210133000, Matrix=pm10_pm25
pm25_mass, ug/m3, Version=2, Version description=Data extracted from http://views.cira.colostate.edu/fed/DataWizard 2019-12-16, Sample duration=1d, Orig. time res.=3d, Blank correction=Blank corrected, Volume std. temperature=ambient, Volume std. pressure=ambient
numflag pm25_mass, no unit, Version=2, Version description=Data extracted from http://views.cira.colostate.edu/fed/DataWizard 2019-12-16, Sample duration=1d, Orig. time res.=3d, Blank correction=Blank corrected, Volume std. temperature=ambient, Volume std. pressure=ambient
potassium, ug/m3, Revision date=20181210133000
numflag potassium, no unit, Revision date=20181210133000
sulphate_total, ug S/m3, Revision date=20181210133000
numflag sulphate_total, no unit, Revision date=20181210133000
0
25
Data definition:              EBAS_1.1
Set type code:                TU
Timezone:                     UTC
File name:                    US0026R.20020102080000.20191216000000.filterpack..pm25.52w.1w.US03L_filterpack_US0026.US03L_IMPROVE_Davis.lev2.nas
File creation:                20191218115710
Startdate:                    20020102080000
Revision date:                20191216000000
Statistics:                   arithmetic mean
Data level:                   2
Period code:                  52w
Resolution code:              1w
Station code:                 US0026R
Platform code:                US0026S
Station name:                 Lava Beds NM
Station latitude:             41.7117
Station longitude:            -121.5068
Station altitude:             1459.0 m
Regime:                       IMG
Component:                    
Matrix:                       pm25
Laboratory code:              US03L
Instrument type:              filterpack
Instrument name:              filterpack_US0026
Method ref:                   US03L_IMPROVE_Davis
starttime endtime Fe flag_Fe Pb flag_Pb Mg++ flag_Mg++ Ni flag_Ni NO3- flag_NO3- OC flag_OC OM flag_OM P flag_P PM10 flag_PM10 PM10-PM2.5 flag_PM10-PM2.5 PM2.5 flag_PM2.5 K+ flag_K+ SO4-- flag_SO4--
  1.333333   2.333333    0.27 0.000 99.99 0.259 9.999 0.259000 9.99 0.259000 9.999 0.559259   0.312 0.000   0.436 0.000 99.99 0.259000   0.165 0.000 99.999 0.259   0.208 0.000 9.999 0.259 0.001 0.559
  4.333333   5.333333    0.86 0.000  0.27 0.000 9.999 0.259000 9.99 0.259000 9.999 0.559259   0.153 0.000   0.214 0.000  4.26 0.000000   0.413 0.000  0.208 0.000   0.205 0.000 0.003 0.000 0.015 0.559
  7.333333   8.333333    1.04 0.000  0.25 0.000 9.999 0.259000 9.99 0.259000 9.999 0.559259   0.327 0.000   0.457 0.000 99.99 0.259000   0.713 0.000  0.265 0.000   0.448 0.000 0.007 0.000 0.013 0.559
 10.333333  11.333333    2.31 0.000  0.34 0.000 9.999 0.259000 9.99 0.259000 0.014 0.559000   0.787 0.000   1.101 0.000 99.99 0.259000   2.646 0.000 99.999 0.259   2.985 0.000 0.008 0.000 0.028 0.559
 13.333333  14.333333    9.78 0.000  0.59 0.000 9.999 0.259000 9.99 0.259000 0.048 0.000000   0.537 0.000   0.752 0.000 99.99 0.259000   4.158 0.000  1.509 0.000   2.650 0.000 0.013 0.000 0.122 0.000
 16.333333  17.333333    1.67 0.000  0.21 0.000 9.999 0.259000 9.99 0.259000 0.029 0.000000   0.362 0.000   0.507 0.000 99.99 0.259000   1.455 0.000  0.523 0.000   0.932 0.000 0.009 0.000 0.021 0.000
 19.333333  20.333333    9.18 0.000  0.81 0.000 9.999 0.259000 9.99 0.259000 0.017 0.559000   0.272 0.000   0.380 0.000 99.99 0.259000   2.315 0.000  0.981 0.000   1.334 0.000 0.012 0.000 0.121 0.559
 22.333333  23.333333 9999.99 0.999 99.99 0.999 9.999 0.999000 9.99 0.999000 9.999 0.999000 999.999 0.999 999.999 0.999 99.99 0.999000 999.999 0.999 99.999 0.999 999.999 0.999 9.999 0.999 9.999 0.999
 25.333333  26.333333    1.15 0.000  0.21 0.000 9.999 0.259000 9.99 0.259000 0.004 0.000000   0.067 0.000   0.093 0.000 99.99 0.259000   1.372 0.000  0.881 0.000   0.492 0.000 0.004 0.000 0.015 0.000
 28.333333  29.333333    2.49 0.000  0.30 0.000 0.022 0.000000 9.99 0.259000 0.044 0.000000   0.242 0.000   0.338 0.000 99.99 0.259000   1.270 0.000  0.449 0.000   0.821 0.000 0.011 0.000 0.015 0.000
 31.333333  32.333333    9.75 0.000 99.99 0.259 9.999 0.259000 9.99 0.259000 0.044 0.000000   0.387 0.000   0.542 0.000 99.99 0.259000   1.455 0.000  0.415 0.000   1.040 0.000 0.009 0.000 0.027 0.000
 34.333333  35.333333    6.03 0.000  0.38 0.000 9.999 0.259000 9.99 0.259000 0.021 0.000000   0.357 0.000   0.500 0.000 99.99 0.259000   1.788 0.000  0.636 0.000   1.153 0.000 0.007 0.000 0.046 0.000
 37.333333  38.333333    2.07 0.000 99.99 0.259 9.999 0.259000 9.99 0.259000 0.075 0.559000   0.312 0.000   0.437 0.000 99.99 0.259000   2.397 0.000  1.518 0.000   0.879 0.000 0.005 0.000 0.044 0.559
 40.333333  41.333333   15.31 0.000  0.51 0.000 9.999 0.259000 9.99 0.259000 0.012 0.559000   0.319 0.000   0.446 0.000 99.99 0.259000   2.578 0.000  1.392 0.000   1.186 0.000 0.013 0.000 0.048 0.559
 43.333333  44.333333   19.58 0.000  0.78 0.000 9.999 0.259000 9.99 0.259000 0.014 0.000000   0.225 0.000   0.315 0.000 99.99 0.259000   3.638 0.000  2.213 0.000   1.425 0.000 0.019 0.000 0.077 0.000
 46.333333  47.333333   18.20 0.000  0.74 0.000 9.999 0.259000 9.99 0.259000 0.180 0.000000   0.637 0.000   0.892 0.000 99.99 0.259000   4.382 0.000  1.526 0.000   2.856 0.000 0.018 0.000 0.207 0.000
 49.333333  50.333333    0.42 0.000 99.99 0.259 9.999 0.259000 9.99 0.259000 0.005 0.000000   0.119 0.000   0.166 0.000 99.99 0.259000   0.710 0.000  0.382 0.000   0.329 0.000 9.999 0.259 0.008 0.000
 52.333333  53.333333   10.42 0.000  0.35 0.000 9.999 0.259000 0.06 0.000000 0.067 0.559000   0.379 0.000   0.531 0.000 99.99 0.259000   2.876 0.000  1.337 0.000   1.540 0.000 0.010 0.000 0.060 0.559
 55.333333  56.333333    8.12 0.000  0.64 0.000 9.999 0.259000 0.12 0.000000 0.028 0.559000   0.409 0.000   0.572 0.000 99.99 0.259000   2.646 0.000  0.688 0.000   1.958 0.000 0.012 0.000 0.135 0.559
 58.333333  59.333333   20.50 0.000  0.49 0.000 9.999 0.259000 9.99 0.259000 0.029 0.000000   0.525 0.000   0.735 0.000 99.99 0.259000   3.992 0.000  1.839 0.000   2.153 0.000 0.026 0.000 0.160 0.000
 61.333333  62.333333   18.49 0.000  0.47 0.000 9.999 0.259000 9.99 0.259000 0.012 0.559000   0.379 0.000   0.531 0.000 99.99 0.259000   3.535 0.000  1.799 0.000   1.736 0.000 0.015 0.000 0.143 0.559
 64.333333  65.333333    9.49 0.000  0.21 0.000 9.999 0.259000 9.99 0.259000 0.007 0.000000   0.181 0.000   0.254 0.000 99.99 0.259000   0.537 0.000  0.133 0.000   0.405 0.000 0.006 0.000 0.019 0.000
 67.333333  68.333333   12.47 0.000  0.52 0.000 9.999 0.259000 0.11 0.000000 0.031 0.000000   0.490 0.000   0.686 0.000 99.99 0.259000   2.952 0.000  1.186 0.000   1.767 0.000 0.013 0.000 0.095 0.000
 70.333333  71.333333   23.67 0.000  1.41 0.000 9.999 0.259000 9.99 0.259000 0.031 0.000000   0.252 0.000   0.353 0.000 99.99 0.259000   3.049 0.000  1.102 0.000   1.948 0.000 0.031 0.000 0.203 0.000
 73.333333  74.333333   14.15 0.000  0.68 0.000 9.999 0.259000 0.08 0.000000 0.028 0.000000   0.252 0.000   0.353 0.000 99.99 0.259000   2.121 0.000  0.953 0.000   1.168 0.000 0.013 0.000 0.091 0.000
 76.333333  77.333333    6.01 0.000  0.33 0.000 9.999 0.259000 9.99 0.259000 0.020 0.000000   0.213 0.000   0.298 0.000 99.99 0.259000   1.289 0.000  0.310 0.000   0.979 0.000 0.008 0.000 0.081 0.000
 79.333333  80.333333   11.73 0.000  0.65 0.000 9.999 0.259000 9.99 0.259000 0.048 0.000000   0.567 0.000   0.794 0.000 99.99 0.259000   2.794 0.000  1.058 0.000   1.736 0.000 0.014 0.000 0.092 0.000
 82.333333  83.333333    2.80 0.000  0.16 0.000 9.999 0.259000 9.99 0.259000 0.004 0.000000   0.197 0.000   0.276 0.000 99.99 0.259000   0.827 0.000  0.503 0.000   0.324 0.000 0.003 0.000 0.021 0.000
 85.333333  86.333333   62.73 0.000  1.06 0.000 9.999 0.259000 9.99 0.259000 0.034 0.000000   0.626 0.000   0.877 0.000 99.99 0.259000   5.291 0.000  1.984 0.000   3.307 0.000 0.049 0.000 0.143 0.000
 88.333333  89.333333  144.52 0.000  1.96 0.000 9.999 0.259000 0.13 0.000000 0.036 0.000000   0.606 0.000   0.849 0.000 99.99 0.259000  10.169 0.000  4.534 0.000   5.635 0.000 0.088 0.000 0.306 0.000
 91.333333  92.333333   37.53 0.000  0.38 0.000 9.999 0.259000 9.99 0.259000 0.019 0.000000   0.878 0.000   1.229 0.000 99.99 0.259000   5.481 0.000  2.940 0.000   2.541 0.000 0.034 0.000 0.056 0.000
 94.333333  95.333333   45.84 0.000  1.15 0.000 9.999 0.259000 0.18 0.000000 0.224 0.000000   1.064 0.000   1.490 0.000 99.99 0.259000   7.848 0.000  2.454 0.000   5.394 0.000 0.040 0.000 0.451 0.000
 97.333333  98.333333   35.25 0.000  0.75 0.000 9.999 0.259000 9.99 0.259000 0.036 0.000000   0.745 0.000   1.043 0.000 99.99 0.259000   5.424 0.000  2.407 0.000   3.017 0.000 0.024 0.000 0.151 0.000
100.333333 101.333333   51.30 0.000  0.91 0.000 9.999 0.259000 0.12 0.000000 0.025 0.559000   0.288 0.000   0.404 0.000 99.99 0.259000   3.739 0.000  1.683 0.000   2.057 0.000 0.029 0.000 0.180 0.559
103.333333 104.333333   22.72 0.000  0.26 0.000 9.999 0.259000 0.12 0.000000 0.013 0.000000   0.278 0.000   0.389 0.000 99.99 0.259000   2.630 0.000  1.452 0.000   1.177 0.000 0.013 0.000 0.062 0.000
106.333333 107.333333    2.64 0.000 99.99 0.259 9.999 0.259000 0.15 0.000000 0.003 0.000000   0.088 0.000   0.123 0.000 99.99 0.259000   0.374 0.000  0.162 0.000   0.212 0.000 0.003 0.000 0.019 0.000
109.333333 110.333333   34.57 0.000  1.28 0.000 9.999 0.259000 0.12 0.000000 0.031 0.000000   0.549 0.000   0.769 0.000 99.99 0.259000   4.506 0.000  1.460 0.000   3.046 0.000 0.027 0.000 0.258 0.000
112.333333 113.333333  185.82 0.000  3.34 0.000 9.999 0.259000 9.99 0.259000 0.064 0.000000   0.793 0.000   1.110 0.000 99.99 0.259000  11.834 0.000  5.547 0.000   6.287 0.000 0.128 0.000 0.367 0.000
115.333333 116.333333   87.28 0.000  1.70 0.000 9.999 0.259000 0.11 0.000000 0.075 0.000000   0.801 0.000   1.121 0.000 99.99 0.259000   9.714 0.000  4.812 0.000   4.902 0.000 0.058 0.000 0.226 0.000
118.333333 119.333333   72.11 0.000  2.68 0.000 9.999 0.259000 9.99 0.259000 0.046 0.559000   0.456 0.000   0.639 0.000 99.99 0.259000   6.159 0.000  2.382 0.000   3.777 0.000 0.062 0.000 0.306 0.559
121.333333 122.333333   47.53 0.000  0.89 0.000 9.999 0.259000 9.99 0.259000 0.046 0.559000   0.951 0.000   1.331 0.000 99.99 0.259000   6.534 0.000  2.618 0.000   3.916 0.000 0.037 0.000 0.194 0.559
124.333333 125.333333   58.58 0.000  0.90 0.000 9.999 0.259000 0.09 0.000000 0.032 0.559000   0.427 0.000   0.598 0.000 99.99 0.259000   5.054 0.000  2.354 0.000   2.701 0.000 0.041 0.000 0.124 0.559
127.333333 128.333333   17.07 0.000  0.35 0.000 0.049 0.000000 9.99 0.259000 0.020 0.000000   0.486 0.000   0.680 0.000 99.99 0.259000   4.216 0.000  2.202 0.000   2.014 0.000 0.013 0.000 0.136 0.000
130.333333 131.333333   27.10 0.000  0.75 0.000 9.999 0.259000 9.99 0.259000 0.041 0.559000   0.620 0.000   0.868 0.000 99.99 0.259000   5.136 0.000  1.922 0.000   3.215 0.000 0.020 0.000 0.278 0.559
133.333333 134.333333   28.89 0.000  0.53 0.000 9.999 0.259000 9.99 0.259000 0.017 0.559000   0.584 0.000   0.818 0.000 99.99 0.259000   4.929 0.000  2.630 0.000   2.299 0.000 0.021 0.000 0.120 0.559
136.333333 137.333333   35.47 0.000  0.55 0.000 9.999 0.259000 9.99 0.259000 0.044 0.000000   0.905 0.000   1.267 0.000 99.99 0.259000   6.250 0.000  3.130 0.000   3.120 0.000 0.030 0.000 0.155 0.000
139.333333 140.333333    3.76 0.000  0.22 0.000 9.999 0.259000 9.99 0.259000 0.007 0.000000   0.177 0.000   0.247 0.000 99.99 0.259000   1.529 0.000  0.650 0.000   0.879 0.000 0.004 0.000 0.053 0.000
142.333333 143.333333   12.07 0.000 99.99 0.259 9.999 0.259000 9.99 0.259000 0.011 0.000000   0.414 0.000   0.580 0.000 99.99 0.259000   3.244 0.000  2.016 0.000   1.227 0.000 0.008 0.000 0.055 0.000
145.333333 146.333333   23.30 0.000  0.67 0.000 9.999 0.259000 9.99 0.259000 0.023 0.000000   0.971 0.000   1.360 0.000 99.99 0.259000   4.811 0.000  2.145 0.000   2.666 0.000 0.018 0.000 0.133 0.000
148.333333 149.333333   14.51 0.000  0.37 0.000 9.999 0.259000 9.99 0.259000 0.006 0.559000   0.570 0.000   0.798 0.000 99.99 0.259000   2.794 0.000  1.374 0.000   1.420 0.000 0.010 0.000 0.069 0.559
151.333333 152.333333   27.40 0.000  1.16 0.000 9.999 0.259000 0.18 0.000000 0.065 0.000000   1.430 0.000   2.002 0.000 99.99 0.259000   5.746 0.000  1.733 0.000   4.012 0.000 0.038 0.000 0.203 0.000
154.333333 155.333333   21.63 0.000  0.62 0.000 9.999 0.259000 9.99 0.259000 0.043 0.000000   1.655 0.000   2.317 0.000 99.99 0.259000   6.723 0.000  2.221 0.000   4.502 0.000 0.041 0.000 0.148 0.000
157.333333 158.333333   24.97 0.000  0.53 0.000 9.999 0.259000 9.99 0.259000 0.032 0.000000   0.531 0.000   0.743 0.000 99.99 0.259000   5.905 0.000  3.519 0.000   2.386 0.000 0.018 0.000 0.129 0.000
160.333333 161.333333   11.09 0.000  0.39 0.000 9.999 0.259000 9.99 0.259000 0.022 0.000000   0.449 0.000   0.628 0.000 99.99 0.259000   3.844 0.000  1.710 0.000   2.134 0.000 0.011 0.000 0.174 0.000
163.333333 164.333333   72.13 0.000  0.53 0.000 9.999 0.259000 9.99 0.259000 0.051 0.000000   1.132 0.000   1.585 0.000 99.99 0.259000  10.437 0.000  6.339 0.000   4.098 0.000 0.064 0.000 0.210 0.000
166.333333 167.333333   49.00 0.000  0.85 0.000 9.999 0.259000 0.12 0.000000 0.057 0.000000   1.285 0.000   1.799 0.000 99.99 0.259000   9.481 0.000  4.761 0.000   4.720 0.000 0.056 0.000 0.311 0.000
169.333333 170.333333   36.15 0.000  0.38 0.000 9.999 0.259000 9.99 0.259000 0.023 0.000000   0.648 0.000   0.907 0.000 99.99 0.259000   9.481 0.000  7.096 0.000   2.385 0.000 0.027 0.000 0.094 0.000
172.333333 173.333333   28.55 0.000  0.58 0.000 0.035 0.000000 9.99 0.259000 0.031 0.000000   1.444 0.000   2.022 0.000 99.99 0.259000   6.362 0.000  2.680 0.000   3.682 0.000 0.028 0.000 0.166 0.000
175.333333 176.333333   40.97 0.000  0.52 0.000 9.999 0.259000 9.99 0.259000 0.018 0.000000   1.510 0.000   2.115 0.000 99.99 0.259000   7.824 0.000  3.934 0.000   3.890 0.000 0.024 0.000 0.144 0.000
178.333333 179.333333   25.10 0.000  0.45 0.000 0.027 0.000000 0.10 0.000000 0.018 0.000000   0.798 0.000   1.117 0.000 99.99 0.259000   5.787 0.000  3.214 0.000   2.573 0.000 0.017 0.000 0.115 0.000
181.333333 182.333333   19.55 0.000  0.51 0.000 9.999 0.259000 9.99 0.259000 0.013 0.000000   0.593 0.000   0.830 0.000 99.99 0.259000   4.960 0.000  2.804 0.000   2.156 0.000 0.017 0.000 0.071 0.000
184.333333 185.333333   33.13 0.000  0.45 0.000 9.999 0.259000 9.99 0.259000 0.032 0.000000   0.731 0.000   1.023 0.000 99.99 0.259000   6.154 0.000  3.464 0.000   2.690 0.000 0.022 0.000 0.116 0.000
187.333333 188.333333   33.68 0.000  0.95 0.000 9.999 0.259000 9.99 0.259000 0.038 0.000000   0.899 0.000   1.258 0.000 99.99 0.259000   8.241 0.000  5.088 0.000   3.154 0.000 0.059 0.000 0.143 0.000
190.333333 191.333333   56.73 0.000  0.28 0.000 9.999 0.259000 9.99 0.259000 0.013 0.000000   1.467 0.000   2.054 0.000 99.99 0.259000   9.855 0.000  5.841 0.000   4.014 0.000 0.021 0.000 0.054 0.000
193.333333 194.333333   67.01 0.000  0.70 0.000 9.999 0.259000 0.21 0.000000 0.033 0.000000   2.455 0.000   3.437 0.000 99.99 0.259000  13.182 0.000  5.762 0.000   7.420 0.000 0.050 0.000 0.349 0.000
196.333333 197.333333   25.58 0.000  0.19 0.000 9.999 0.259000 9.99 0.259000 0.025 0.000000   0.557 0.000   0.779 0.000 99.99 0.259000   6.429 0.000  4.164 0.000   2.265 0.000 0.016 0.000 0.100 0.000
199.333333 200.333333   57.14 0.699  0.19 0.699 9.999 0.699259 0.15 0.699000 0.023 0.000000   4.612 0.000   6.457 0.000 99.99 0.699259  14.646 0.000  4.267 0.000  10.380 0.699 0.062 0.699 0.133 0.000
202.333333 203.333333   88.55 0.699  0.45 0.699 0.032 0.699000 9.99 0.699259 0.035 0.000000   9.842 0.000  13.778 0.000 99.99 0.699259  26.031 0.000  5.545 0.000  20.486 0.699 0.080 0.699 0.177 0.000
205.333333 206.333333 9999.99 0.699 99.99 0.699 9.999 0.699000 9.99 0.699000 0.199 0.000000  22.601 0.000  31.641 0.000 99.99 0.699000  48.611 0.000 99.999 0.999 999.999 0.699 9.999 0.699 0.272 0.000
208.333333 209.333333 9999.99 0.699 99.99 0.699 9.999 0.699000 9.99 0.699000 0.129 0.000000  28.248 0.000  39.548 0.000 99.99 0.699000  56.515 0.000 99.999 0.999 999.999 0.699 9.999 0.699 0.155 0.000
211.333333 212.333333 9999.99 0.699 99.99 0.699 9.999 0.699000 9.99 0.699000 0.146 0.000000  25.612 0.000  35.856 0.000 99.99 0.699000  52.707 0.000 99.999 0.999 999.999 0.699 9.999 0.699 0.147 0.000
214.333333 215.333333 9999.99 0.699 99.99 0.699 9.999 0.699000 9.99 0.699000 0.149 0.000000  24.218 0.000  33.905 0.000 99.99 0.699000  51.692 0.000 99.999 0.999 999.999 0.699 9.999 0.699 0.269 0.000
217.333333 218.333333 9999.99 0.699 99.99 0.699 9.999 0.699000 9.99 0.699000 0.192 0.000000  16.796 0.000  23.514 0.000 99.99 0.699000  35.614 0.000 99.999 0.999 999.999 0.699 9.999 0.699 0.267 0.000
220.333333 221.333333   90.85 0.699  0.36 0.699 9.999 0.699259 0.11 0.699000 0.042 0.000000   9.214 0.000  12.900 0.000 99.99 0.699259  23.062 0.000  2.447 0.000  20.615 0.699 0.074 0.699 0.104 0.000
223.333333 224.333333 9999.99 0.699 99.99 0.699 9.999 0.699000 9.99 0.699000 0.046 0.000000  15.426 0.000  21.596 0.000 99.99 0.699000  33.272 0.000 99.999 0.999 999.999 0.699 9.999 0.699 0.093 0.000
226.333333 227.333333 9999.99 0.699 99.99 0.699 9.999 0.699000 9.99 0.699000 0.156 0.699000  21.831 0.000  30.563 0.000 99.99 0.699000  44.872 0.699 99.999 0.999 999.999 0.699 9.999 0.699 0.122 0.699
229.333333 230.333333 9999.99 0.699 99.99 0.699 9.999 0.699000 9.99 0.699000 0.317 0.699000  31.474 0.000  44.064 0.000 99.99 0.699000  65.074 0.699 99.999 0.999 999.999 0.699 9.999 0.699 0.253 0.699
232.333333 233.333333   41.58 0.699  0.15 0.699 9.999 0.699259 0.41 0.699000 0.057 0.000000   4.474 0.000   6.264 0.000 99.99 0.699259  12.257 0.000  2.634 0.000   9.623 0.699 0.081 0.699 0.083 0.000
235.333333 236.333333   69.16 0.000  0.48 0.000 0.020 0.000000 0.14 0.000000 0.030 0.000000   4.184 0.000   5.858 0.000 99.99 0.259000  15.336 0.000  5.665 0.000   9.670 0.000 0.064 0.000 0.153 0.000
238.333333 239.333333   73.36 0.559  0.40 0.559 9.999 0.559259 0.09 0.559000 0.037 0.000000   4.814 0.000   6.740 0.000 99.99 0.559259  18.182 0.000  5.848 0.000  12.334 0.559 0.062 0.559 0.180 0.000
