scripts/IMPROVE-2019_partial/data/US0086R.20010101050000.20191216000000.filterpack..pm25.52w.1w.US03L_filterpack_US0086.US03L_IMPROVE_Davis.lev2.nas
66 1001
MISSING INFORMATION
US03L, IMPROVE, , , , , , , 
MISSING INFORMATION
IMPROVE sel_HTAP
1 1
2001 01 01 2019 12 16
3.000000
days from file reference point
27
1 1 1 1 1 1 1 1 1 1 1 1 1 1 1 1 1 1 1 1 1 1 1 1 1 1 1
999.999999 99.999 9.999 9999.99 9.999 99.99 9.999 9.999 9.999999 99.99 9.999999 9.999 9.999 99.999 9.999 99.999 9.999 999.999 9.999 999.999 9.999 999.999 9.999 9.999 9.999 99.999 9.999
end_time of measurement, days from the file reference point
ammonium, ug N/m3, Revision date=20181210133000
numflag ammonium, no unit, Revision date=20181210133000
iron, ng/m3, Revision date=20181210133000
numflag iron, no unit, Revision date=20181210133000
lead, ng/m3, Revision date=20181210133000
numflag lead, no unit, Revision date=20181210133000
magnesium, ug/m3, Revision date=20181210133000
numflag magnesium, no unit, Revision date=20181210133000
nickel, ng/m3, Revision date=20181210133000
numflag nickel, no unit, Revision date=20181210133000
nitrate, ug N/m3, Revision date=20181210133000
numflag nitrate, no unit, Revision date=20181210133000
organic_carbon, ug C/m3, Revision date=20181210133000
numflag organic_carbon, no unit, Revision date=20181210133000
organic_mass, ug/m3, Revision date=20181210133000
numflag organic_mass, no unit, Revision date=20181210133000
pm10_mass, ug/m3, Version=2, Version description=Data extracted from http://views.cira.colostate.edu/fed/DataWizard 2019-12-16, Sample duration=1d, Orig. time res.=3d, Matrix=pm10, Blank correction=Blank corrected, Volume std. temperature=ambient, Volume std. pressure=ambient
numflag pm10_mass, no unit, Version=2, Version description=Data extracted from http://views.cira.colostate.edu/fed/DataWizard 2019-12-16, Sample duration=1d, Orig. time res.=3d, Matrix=pm10, Blank correction=Blank corrected, Volume std. temperature=ambient, Volume std. pressure=ambient
pm10_pm25_mass, ug/m3, Revision date=20181210133000, Matrix=pm10_pm25
numflag pm10_pm25_mass, no unit, Revision date=20181210133000, Matrix=pm10_pm25
pm25_mass, ug/m3, Version=2, Version description=Data extracted from http://views.cira.colostate.edu/fed/DataWizard 2019-12-16, Sample duration=1d, Orig. time res.=3d, Blank correction=Blank corrected, Volume std. temperature=ambient, Volume std. pressure=ambient
numflag pm25_mass, no unit, Version=2, Version description=Data extracted from http://views.cira.colostate.edu/fed/DataWizard 2019-12-16, Sample duration=1d, Orig. time res.=3d, Blank correction=Blank corrected, Volume std. temperature=ambient, Volume std. pressure=ambient
potassium, ug/m3, Revision date=20181210133000
numflag potassium, no unit, Revision date=20181210133000
sulphate_total, ug S/m3, Revision date=20181210133000
numflag sulphate_total, no unit, Revision date=20181210133000
0
25
Data definition:              EBAS_1.1
Set type code:                TU
Timezone:                     UTC
File name:                    US0086R.20010101050000.20191216000000.filterpack..pm25.52w.1w.US03L_filterpack_US0086.US03L_IMPROVE_Davis.lev2.nas
File creation:                20191218120112
Startdate:                    20010101050000
Revision date:                20191216000000
Statistics:                   arithmetic mean
Data level:                   2
Period code:                  52w
Resolution code:              1w
Station code:                 US0086R
Platform code:                US0086S
Station name:                 Dolly Sods Wilderness
Station latitude:             39.1053
Station longitude:            -79.4261
Station altitude:             1182.0 m
Regime:                       IMG
Component:                    
Matrix:                       pm25
Laboratory code:              US03L
Instrument type:              filterpack
Instrument name:              filterpack_US0086
Method ref:                   US03L_IMPROVE_Davis
starttime endtime NH4+ flag_NH4+ Fe flag_Fe Pb flag_Pb Mg++ flag_Mg++ Ni flag_Ni NO3- flag_NO3- OC flag_OC OM flag_OM PM10 flag_PM10 PM10-PM2.5 flag_PM10-PM2.5 PM2.5 flag_PM2.5 K+ flag_K+ SO4-- flag_SO4--
  0.208333   1.208333  0.417 0.000    7.27 0.000  1.58 0.000 9.999 0.259000 99.99 0.259000 0.103 0.000  2.624 0.000  3.674 0.000   8.977 0.000   0.703 0.000   8.274 0.000 0.022 0.000  0.889 0.000
  3.208333   4.208333  0.627 0.000   10.29 0.000  1.32 0.000 9.999 0.259000 99.99 0.259000 0.104 0.000  2.289 0.000  3.204 0.000   9.951 0.000   0.524 0.000   9.427 0.000 0.045 0.000  1.299 0.000
  6.208333   7.208333  0.474 0.000   19.63 0.000  1.92 0.000 9.999 0.259000 99.99 0.259000 9.999 0.259  1.132 0.000  1.584 0.000   5.899 0.000   2.060 0.000   3.838 0.000 0.032 0.000  0.352 0.000
  9.208333  10.208333  0.662 0.000   16.39 0.000  2.42 0.000 9.999 0.259000 99.99 0.259000 0.356 0.000  1.031 0.000  1.443 0.000   6.650 0.000   1.715 0.000   4.935 0.000 0.031 0.000  0.453 0.000
 12.208333  13.208333  0.814 0.000   19.15 0.000  2.54 0.000 9.999 0.259000  0.13 0.000000 0.248 0.000  1.620 0.000  2.268 0.000   9.606 0.000   2.691 0.000   6.914 0.000 0.049 0.000  0.765 0.000
 15.208333  16.208333  0.840 0.000   10.60 0.000  1.79 0.000 9.999 0.259000 99.99 0.259000 0.151 0.000  2.257 0.000  3.159 0.000   9.782 0.000 999.999 0.259  10.388 0.000 0.022 0.000  1.477 0.000
 18.208333  19.208333  0.088 0.000    2.85 0.000  1.02 0.000 0.048 0.000000  0.08 0.000000 0.011 0.000  1.081 0.000  1.514 0.000   2.092 0.000 999.999 0.259   2.130 0.000 0.021 0.000  0.140 0.000
 21.208333  22.208333  0.689 0.000   10.57 0.000  1.80 0.000 9.999 0.259000 99.99 0.259000 0.249 0.000  1.427 0.000  1.998 0.000   5.724 0.000   0.398 0.000   5.326 0.000 0.035 0.000  0.614 0.000
 24.208333  25.208333  1.078 0.000   20.16 0.000  2.82 0.000 9.999 0.259000  0.17 0.000000 0.472 0.000  2.505 0.000  3.507 0.000  10.671 0.000   0.877 0.000   9.793 0.000 0.047 0.000  0.902 0.000
 27.208333  28.208333  0.920 0.000   12.94 0.000  2.66 0.000 9.999 0.259000 99.99 0.259000 0.312 0.000  0.944 0.000  1.322 0.000   6.734 0.000   0.883 0.000   5.851 0.000 0.047 0.000  0.829 0.000
 30.208333  31.208333  0.339 0.394    7.84 0.394  1.00 0.394 9.999 0.394259 99.99 0.394259 0.039 0.394  0.579 0.000  0.810 0.000   5.107 0.000   0.253 0.000   4.854 0.000 0.020 0.394  0.617 0.394
 33.208333  34.208333  0.541 0.000   23.42 0.000  1.55 0.000 9.999 0.259000 99.99 0.259000 0.190 0.000  1.205 0.000  1.687 0.000   5.886 0.000   0.596 0.000   5.290 0.000 0.041 0.000  0.573 0.000
 36.208333  37.208333 99.999 0.999 9999.99 0.999 99.99 0.999 9.999 0.999000 99.99 0.999000 9.999 0.999 99.999 0.999 99.999 0.999 999.999 0.999 999.999 0.999 999.999 0.999 9.999 0.999 99.999 0.999
 39.208333  40.208333  0.614 0.000   25.09 0.000  2.00 0.000 9.999 0.259000 99.99 0.259000 0.057 0.000  2.527 0.000  3.538 0.000  12.766 0.000   3.566 0.000   9.200 0.000 0.070 0.000  0.711 0.000
 42.208333  43.208333  0.591 0.000   16.77 0.000  1.05 0.000 9.999 0.259000 99.99 0.259000 0.149 0.000  1.468 0.000  2.055 0.000   9.596 0.000   3.328 0.000   6.268 0.000 0.036 0.000  0.717 0.000
 45.208333  46.208333  0.110 0.000    3.35 0.000 99.99 0.259 9.999 0.259000 99.99 0.259000 0.027 0.000  0.442 0.000  0.619 0.000   2.162 0.000   0.044 0.000   2.119 0.000 0.015 0.000  0.421 0.000
 48.208333  49.208333  0.664 0.000   10.08 0.000  1.57 0.000 9.999 0.259000  0.12 0.000000 0.122 0.000  1.272 0.000  1.781 0.000   6.902 0.000   0.700 0.000   6.202 0.000 0.039 0.000  0.835 0.000
 51.208333  52.208333  1.359 0.000   25.37 0.000  2.22 0.000 0.082 0.000000 99.99 0.259000 0.856 0.000  2.525 0.000  3.535 0.000  14.394 0.000   2.375 0.000  12.019 0.000 0.055 0.000  0.711 0.000
 54.208333  55.208333  1.326 0.000   17.15 0.000  2.49 0.000 9.999 0.259000  0.18 0.000000 0.274 0.000  1.231 0.000  1.723 0.000   9.722 0.000   0.983 0.000   8.739 0.000 0.030 0.000  1.437 0.000
 57.208333  58.208333  1.038 0.000   18.59 0.000  1.73 0.000 9.999 0.259000 99.99 0.259000 0.208 0.000  1.938 0.000  2.713 0.000  10.484 0.000   1.794 0.000   8.690 0.000 0.035 0.000  1.049 0.000
 60.208333  61.208333  0.551 0.000   20.65 0.000  2.35 0.000 9.999 0.259000  0.93 0.000000 0.109 0.000  1.048 0.000  1.467 0.000   8.418 0.000   1.922 0.000   6.495 0.000 0.040 0.000  1.001 0.000
 63.208333  64.208333  0.430 0.000    8.64 0.000  1.76 0.000 9.999 0.259000 99.99 0.259000 0.086 0.000  2.142 0.000  2.998 0.000   6.566 0.000 999.999 0.259   6.644 0.000 0.045 0.000  0.619 0.000
 66.208333  67.208333  1.210 0.000   23.13 0.000  2.27 0.000 9.999 0.259000 99.99 0.259000 0.569 0.000  1.149 0.000  1.608 0.000   9.413 0.000   2.023 0.000   7.390 0.000 0.032 0.000  0.948 0.000
 69.208333  70.208333  0.904 0.000   25.52 0.000  3.34 0.000 9.999 0.259000  0.79 0.000000 0.303 0.000  2.364 0.000  3.309 0.000  11.253 0.000   2.884 0.000   8.369 0.000 0.044 0.000  0.813 0.000
 72.208333  73.208333  0.727 0.000   11.96 0.000  0.57 0.000 9.999 0.259000 99.99 0.259000 0.128 0.000  0.699 0.000  0.979 0.000   5.522 0.000   0.794 0.000   4.728 0.000 0.016 0.000  0.764 0.000
 75.208333  76.208333  0.364 0.000    8.84 0.000 99.99 0.259 9.999 0.259000 99.99 0.259000 0.073 0.000  0.977 0.000  1.368 0.000   5.522 0.000   0.137 0.000   5.385 0.000 0.014 0.000  0.776 0.000
 78.208333  79.208333  0.591 0.000   30.01 0.000  1.82 0.000 9.999 0.259000  1.37 0.000000 0.353 0.000  0.750 0.000  1.050 0.000   7.188 0.000   2.787 0.000   4.401 0.000 0.030 0.000  0.431 0.000
 81.208333  82.208333  1.940 0.000   53.53 0.000  4.64 0.000 9.999 0.259000  0.50 0.000000 0.721 0.000  2.545 0.000  3.563 0.000  17.803 0.000   3.528 0.000  14.275 0.000 0.063 0.000  1.495 0.000
 84.208333  85.208333  0.795 0.559   18.15 0.000  2.01 0.000 9.999 0.259000 99.99 0.259000 0.253 0.559  1.877 0.000  2.628 0.000   8.892 0.000   1.409 0.000   7.483 0.000 0.028 0.000  0.774 0.559
 87.208333  88.208333  0.647 0.000   16.28 0.000  0.74 0.000 9.999 0.259000 99.99 0.259000 0.231 0.000  1.049 0.000  1.469 0.000   6.442 0.000   1.685 0.000   4.758 0.000 0.032 0.000  0.642 0.000
 90.208333  91.208333  1.410 0.000   16.95 0.000  2.42 0.000 9.999 0.259000  0.62 0.000000 0.188 0.000  1.051 0.000  1.471 0.000  11.797 0.000   0.243 0.000  11.554 0.000 0.029 0.000  2.153 0.000
 93.208333  94.208333  1.604 0.000   22.61 0.000  2.69 0.000 9.999 0.259000  0.30 0.000000 0.280 0.000  0.807 0.000  1.130 0.000  10.668 0.000   1.752 0.000   8.916 0.000 0.026 0.000  1.634 0.000
 96.208333  97.208333  1.414 0.000   31.68 0.000  1.65 0.000 9.999 0.259000  1.34 0.000000 0.153 0.000  1.894 0.000  2.651 0.000  15.832 0.000   2.973 0.000  12.859 0.000 0.094 0.000  1.855 0.000
 99.208333 100.208333  0.615 0.000   66.10 0.000  1.22 0.000 9.999 0.259000 99.99 0.259000 0.104 0.000  1.099 0.000  1.539 0.000   9.524 0.000   2.120 0.000   7.404 0.000 0.067 0.000  0.918 0.000
102.208333 103.208333  0.604 0.000   76.82 0.000  1.58 0.000 9.999 0.259000 99.99 0.259000 0.076 0.000  2.334 0.000  3.267 0.000  14.138 0.000   5.332 0.000   8.806 0.000 0.073 0.000  0.716 0.000
105.208333 106.208333  0.472 0.000   45.64 0.000  1.93 0.000 9.999 0.259000 99.99 0.259000 0.072 0.000  1.455 0.000  2.037 0.000   8.409 0.000   1.788 0.000   6.621 0.000 0.045 0.000  0.740 0.000
108.208333 109.208333  0.881 0.000  125.15 0.000  2.87 0.000 9.999 0.259000 99.99 0.259000 0.306 0.000  1.338 0.000  1.873 0.000  20.541 0.000  12.676 0.000   7.864 0.000 0.101 0.000  0.828 0.000
111.208333 112.208333  1.111 0.000  270.00 0.000  1.94 0.000 9.999 0.259000  0.16 0.000000 0.182 0.000  2.172 0.000  3.041 0.000  27.695 0.000  12.121 0.000  15.573 0.000 0.152 0.000  1.535 0.000
114.208333 115.208333  0.621 0.000  122.51 0.000  1.77 0.000 9.999 0.259000 99.99 0.259000 0.096 0.000  1.241 0.000  1.737 0.000  12.182 0.000   5.494 0.000   6.689 0.000 0.080 0.000  0.698 0.000
117.208333 118.208333  0.741 0.000   58.99 0.000  5.10 0.000 9.999 0.259000 99.99 0.259000 0.315 0.000  1.859 0.000  2.602 0.000  11.477 0.000   4.621 0.000   6.856 0.000 0.050 0.000  0.640 0.000
120.208333 121.208333 99.999 0.999 9999.99 0.999 99.99 0.999 9.999 0.999000 99.99 0.999000 9.999 0.999 99.999 0.999 99.999 0.999 999.999 0.999 999.999 0.999 999.999 0.999 9.999 0.999 99.999 0.999
123.208333 124.208333  2.926 0.559  138.48 0.000  1.74 0.000 9.999 0.259000 99.99 0.259000 0.067 0.559  1.473 0.000  2.062 0.000  46.199 0.000   6.701 0.000  39.498 0.000 0.085 0.000  6.679 0.559
126.208333 127.208333  0.730 0.000   36.41 0.000  0.98 0.000 9.999 0.259000  0.52 0.000000 0.139 0.000  0.861 0.000  1.205 0.000   9.938 0.000   4.156 0.000   5.782 0.000 0.032 0.000  0.823 0.000
129.208333 130.208333  1.800 0.000  133.59 0.000  2.81 0.000 9.999 0.259000 99.99 0.259000 0.137 0.000  1.467 0.000  2.053 0.000  20.875 0.000   7.134 0.000  13.741 0.000 0.083 0.000  2.062 0.000
132.208333 133.208333  1.290 0.000   48.41 0.000  3.51 0.000 9.999 0.259000 99.99 0.259000 0.107 0.000  1.675 0.000  2.345 0.000  12.383 0.000   2.158 0.000  10.225 0.000 0.039 0.000  1.694 0.000
135.208333 136.208333  0.891 0.000   49.37 0.000  1.99 0.000 9.999 0.259000 99.99 0.259000 0.149 0.000  1.042 0.000  1.458 0.000   8.994 0.000   2.050 0.000   6.944 0.000 0.037 0.000  0.965 0.000
138.208333 139.208333  0.862 0.000   51.31 0.000  3.60 0.000 9.999 0.259000 99.99 0.259000 0.050 0.000  0.850 0.000  1.189 0.000   9.838 0.000   2.099 0.000   7.739 0.000 0.034 0.000  1.313 0.000
141.208333 142.208333  0.607 0.000   12.13 0.000  1.20 0.000 9.999 0.259000 99.99 0.259000 0.068 0.000  0.825 0.000  1.155 0.000   7.108 0.000   1.638 0.000   5.469 0.000 0.018 0.000  0.925 0.000
144.208333 145.208333  0.383 0.000   14.51 0.000 99.99 0.259 9.999 0.259000 99.99 0.259000 0.021 0.000  0.976 0.000  1.366 0.000   6.030 0.000   1.154 0.000   4.876 0.000 0.019 0.000  0.591 0.000
147.208333 148.208333  0.958 0.000    9.58 0.000  1.29 0.000 9.999 0.259000 99.99 0.259000 0.024 0.000  0.773 0.000  1.082 0.000   9.631 0.000   1.150 0.000   8.481 0.000 0.015 0.000  1.695 0.000
150.208333 151.208333  0.201 0.000   35.44 0.000  1.49 0.000 9.999 0.259000  0.44 0.000000 0.045 0.000  0.721 0.000  1.009 0.000   5.655 0.000   2.683 0.000   2.972 0.000 0.036 0.000  0.271 0.000
153.208333 154.208333  0.670 0.000    6.92 0.000  0.34 0.000 9.999 0.259000 99.99 0.259000 0.046 0.000  0.574 0.000  0.804 0.000   7.823 0.000   0.521 0.000   7.302 0.000 0.021 0.000  1.282 0.000
156.208333 157.208333  0.779 0.000   15.85 0.000  1.24 0.000 9.999 0.259000 99.99 0.259000 0.039 0.000  0.752 0.000  1.053 0.000  11.976 0.000   1.428 0.000  10.549 0.000 0.031 0.000  1.881 0.000
159.208333 160.208333  1.097 0.000   54.83 0.000  2.64 0.000 9.999 0.259000 99.99 0.259000 0.054 0.000  1.837 0.000  2.572 0.000  14.513 0.000   3.396 0.000  11.117 0.000 0.035 0.000  1.569 0.000
162.208333 163.208333  3.513 0.000   38.57 0.000  2.01 0.000 9.999 0.259000 99.99 0.259000 0.041 0.000  2.263 0.000  3.168 0.000  32.038 0.000   3.938 0.000  28.100 0.000 0.051 0.000  5.165 0.000
165.208333 166.208333  1.606 0.000   75.76 0.000  0.58 0.000 9.999 0.259000  0.94 0.000000 0.080 0.000  1.148 0.000  1.608 0.000  17.881 0.000   3.253 0.000  14.628 0.000 0.056 0.000  2.608 0.000
168.208333 169.208333  0.616 0.559   19.06 0.000  1.36 0.000 9.999 0.259000 99.99 0.259000 0.031 0.559  1.216 0.000  1.702 0.000   8.515 0.000   2.596 0.000   5.919 0.000 0.025 0.000  0.741 0.559
171.208333 172.208333  2.093 0.000   27.73 0.000  1.79 0.000 9.999 0.259000  0.12 0.000000 0.033 0.000  1.989 0.000  2.785 0.000  24.802 0.000   3.615 0.000  21.186 0.000 0.048 0.000  3.562 0.000
174.208333 175.208333  1.022 0.000   17.18 0.000  1.77 0.000 9.999 0.259000  0.34 0.000000 0.038 0.000  0.755 0.000  1.058 0.000  14.180 0.000   2.372 0.000  11.809 0.000 0.017 0.000  2.017 0.000
177.208333 178.208333  1.217 0.000   17.38 0.000  0.74 0.000 9.999 0.259000  0.49 0.000000 9.999 0.259  1.721 0.000  2.409 0.000  15.625 0.000   1.415 0.000  14.210 0.000 0.037 0.000  2.080 0.000
180.208333 181.208333  0.700 0.000   40.86 0.000  0.91 0.000 9.999 0.259000 99.99 0.259000 9.999 0.259  1.078 0.000  1.509 0.000  13.108 0.000   1.338 0.000  11.770 0.000 0.034 0.000  1.670 0.000
183.208333 184.208333  0.888 0.000   22.35 0.000  1.42 0.000 9.999 0.259000 99.99 0.259000 9.999 0.259  1.280 0.000  1.793 0.000  13.617 0.000   4.527 0.000   9.090 0.000 0.033 0.000  1.291 0.000
186.208333 187.208333  0.642 0.000   19.27 0.000  1.63 0.000 9.999 0.259000  0.31 0.000000 9.999 0.259  1.069 0.000  1.497 0.000   9.218 0.000   2.509 0.000   6.709 0.000 0.032 0.000  0.878 0.000
189.208333 190.208333  1.162 0.000   32.73 0.000  1.95 0.000 9.999 0.259000  0.13 0.000000 9.999 0.259  2.884 0.000  4.038 0.000  17.444 0.000   4.146 0.000  13.298 0.000 0.041 0.000  1.651 0.000
192.208333 193.208333  0.918 0.000   24.22 0.000  1.06 0.000 9.999 0.259000  0.29 0.000000 0.052 0.000  1.075 0.000  1.505 0.000  11.946 0.000   2.519 0.000   9.427 0.000 0.020 0.000  1.526 0.000
195.208333 196.208333  0.857 0.000   22.99 0.000  1.84 0.000 9.999 0.259000 99.99 0.259000 0.031 0.000  1.031 0.000  1.443 0.000  12.773 0.000   2.089 0.000  10.684 0.000 0.021 0.000  1.714 0.000
198.208333 199.208333  0.818 0.000    9.50 0.000  0.97 0.000 9.999 0.259000 99.99 0.259000 0.023 0.000  0.822 0.000  1.151 0.000  12.891 0.000   0.356 0.000  12.535 0.000 0.024 0.000  2.036 0.000
201.208333 202.208333  1.346 0.000   20.02 0.000  0.77 0.000 9.999 0.259000  0.77 0.000000 0.048 0.000  1.529 0.000  2.141 0.000  14.013 0.000   2.676 0.000  11.337 0.000 0.017 0.000  1.746 0.000
204.208333 205.208333  1.069 0.000   18.95 0.000  1.14 0.000 9.999 0.259000 99.99 0.259000 0.037 0.000  1.370 0.000  1.917 0.000  15.539 0.000   2.872 0.000  12.667 0.000 0.028 0.000  1.885 0.000
207.208333 208.208333  0.659 0.000   10.24 0.000  1.22 0.000 9.999 0.259000  0.22 0.000000 0.070 0.000  1.119 0.000  1.567 0.000   9.259 0.000   2.727 0.000   6.532 0.000 0.019 0.000  0.891 0.000
210.208333 211.208333  0.343 0.559    3.55 0.000  0.31 0.000 9.999 0.259000 99.99 0.259000 0.014 0.559  0.297 0.000  0.415 0.000   4.175 0.000   0.922 0.000   3.252 0.000 0.015 0.000  0.515 0.559
213.208333 214.208333  2.623 0.000   16.34 0.000  0.99 0.000 9.999 0.259000 99.99 0.259000 0.028 0.000  1.240 0.000  1.736 0.000  30.730 0.000   0.981 0.000  29.749 0.000 0.027 0.000  5.159 0.000
216.208333 217.208333  3.379 0.000   22.70 0.000  1.07 0.000 9.999 0.259000  0.21 0.000000 0.019 0.000 99.999 0.999 99.999 0.999  43.675 0.000   2.067 0.000  41.607 0.000 0.036 0.000  7.578 0.000
219.208333 220.208333  4.506 0.000   43.33 0.000  2.33 0.000 9.999 0.259000  0.21 0.000000 0.017 0.000  1.428 0.000  1.999 0.000  48.735 0.000   1.483 0.000  47.252 0.000 0.040 0.000  8.404 0.000
222.208333 223.208333 99.999 0.999 9999.99 0.999 99.99 0.999 9.999 0.999000 99.99 0.999000 9.999 0.999 99.999 0.999 99.999 0.999 999.999 0.999 999.999 0.999 999.999 0.999 9.999 0.999 99.999 0.999
225.208333 226.208333 99.999 0.999 9999.99 0.999 99.99 0.999 9.999 0.999000 99.99 0.999000 9.999 0.999 99.999 0.999 99.999 0.999 999.999 0.999 999.999 0.999 999.999 0.999 9.999 0.999 99.999 0.999
228.208333 229.208333 99.999 0.999 9999.99 0.999 99.99 0.999 9.999 0.999000 99.99 0.999000 9.999 0.999 99.999 0.999 99.999 0.999 999.999 0.999 999.999 0.999 999.999 0.999 9.999 0.999 99.999 0.999
231.208333 232.208333 99.999 0.999 9999.99 0.999 99.99 0.999 9.999 0.999000 99.99 0.999000 9.999 0.999 99.999 0.999 99.999 0.999 999.999 0.999 999.999 0.999 999.999 0.999 9.999 0.999 99.999 0.999
234.208333 235.208333  1.346 0.000   29.87 0.000  1.02 0.000 9.999 0.259000  0.22 0.000000 0.042 0.000  1.156 0.000  1.618 0.000  15.286 0.000   0.577 0.000  14.709 0.000 0.041 0.000  2.365 0.000
237.208333 238.208333  2.831 0.000   29.93 0.000  2.01 0.000 9.999 0.259000  0.47 0.000000 0.024 0.000  1.571 0.000  2.200 0.000  27.326 0.000   0.961 0.000  26.365 0.000 0.044 0.000  4.417 0.000
240.208333 241.208333  2.704 0.000   26.61 0.000  3.03 0.000 9.999 0.259000 99.99 0.259000 0.027 0.000  0.903 0.000  1.264 0.000  33.900 0.000   1.171 0.000  32.730 0.000 0.042 0.000  6.405 0.000
