scripts/IMPROVE-2019_partial/data/US0096R.20010419070000.20191216000000.filterpack..pm25.8mo.1w.US03L_filterpack_US0096.US03L_IMPROVE_Davis.lev2.nas
62 1001
MISSING INFORMATION
US03L, IMPROVE, , , , , , , 
MISSING INFORMATION
IMPROVE sel_HTAP
1 1
2001 01 01 2019 12 16
3.000000
days from file reference point
23
1 1 1 1 1 1 1 1 1 1 1 1 1 1 1 1 1 1 1 1 1 1 1
999.999999 9999.99 9.999 999.99 9.999 9.99 9.999999 99.999 9.999 99.999 9.999 99.999 9.999 9999.999 9.999 999.999 9.999 999.999 9.999 9.999 9.999 9.999 9.999
end_time of measurement, days from the file reference point
iron, ng/m3, Revision date=20181210133000
numflag iron, no unit, Revision date=20181210133000
lead, ng/m3, Revision date=20181210133000
numflag lead, no unit, Revision date=20181210133000
nickel, ng/m3, Revision date=20181210133000
numflag nickel, no unit, Revision date=20181210133000
nitrate, ug N/m3, Revision date=20181210133000
numflag nitrate, no unit, Revision date=20181210133000
organic_carbon, ug C/m3, Revision date=20181210133000
numflag organic_carbon, no unit, Revision date=20181210133000
organic_mass, ug/m3, Revision date=20181210133000
numflag organic_mass, no unit, Revision date=20181210133000
pm10_mass, ug/m3, Version=2, Version description=Data extracted from http://views.cira.colostate.edu/fed/DataWizard 2019-12-16, Sample duration=1d, Orig. time res.=3d, Matrix=pm10, Blank correction=Blank corrected, Volume std. temperature=ambient, Volume std. pressure=ambient
numflag pm10_mass, no unit, Version=2, Version description=Data extracted from http://views.cira.colostate.edu/fed/DataWizard 2019-12-16, Sample duration=1d, Orig. time res.=3d, Matrix=pm10, Blank correction=Blank corrected, Volume std. temperature=ambient, Volume std. pressure=ambient
pm10_pm25_mass, ug/m3, Revision date=20181210133000, Matrix=pm10_pm25
numflag pm10_pm25_mass, no unit, Revision date=20181210133000, Matrix=pm10_pm25
pm25_mass, ug/m3, Version=2, Version description=Data extracted from http://views.cira.colostate.edu/fed/DataWizard 2019-12-16, Sample duration=1d, Orig. time res.=3d, Blank correction=Blank corrected, Volume std. temperature=ambient, Volume std. pressure=ambient
numflag pm25_mass, no unit, Version=2, Version description=Data extracted from http://views.cira.colostate.edu/fed/DataWizard 2019-12-16, Sample duration=1d, Orig. time res.=3d, Blank correction=Blank corrected, Volume std. temperature=ambient, Volume std. pressure=ambient
potassium, ug/m3, Revision date=20181210133000
numflag potassium, no unit, Revision date=20181210133000
sulphate_total, ug S/m3, Revision date=20181210133000
numflag sulphate_total, no unit, Revision date=20181210133000
0
25
Data definition:              EBAS_1.1
Set type code:                TU
Timezone:                     UTC
File name:                    US0096R.20010419070000.20191216000000.filterpack..pm25.8mo.1w.US03L_filterpack_US0096.US03L_IMPROVE_Davis.lev2.nas
File creation:                20191218120154
Startdate:                    20010419070000
Revision date:                20191216000000
Statistics:                   arithmetic mean
Data level:                   2
Period code:                  8mo
Resolution code:              1w
Station code:                 US0096R
Platform code:                US0096S
Station name:                 Queen Valley
Station latitude:             33.2939
Station longitude:            -111.2858
Station altitude:             661.0 m
Regime:                       IMG
Component:                    
Matrix:                       pm25
Laboratory code:              US03L
Instrument type:              filterpack
Instrument name:              filterpack_US0096
Method ref:                   US03L_IMPROVE_Davis
starttime endtime Fe flag_Fe Pb flag_Pb Ni flag_Ni NO3- flag_NO3- OC flag_OC OM flag_OM PM10 flag_PM10 PM10-PM2.5 flag_PM10-PM2.5 PM2.5 flag_PM2.5 K+ flag_K+ SO4-- flag_SO4--
108.291667 109.291667 9999.99 0.999 999.99 0.999 9.99 0.999000 99.999 0.999 99.999 0.999 99.999 0.999 9999.999 0.999 999.999 0.999 999.999 0.999 9.999 0.999 9.999 0.999
111.291667 112.291667 9999.99 0.999 999.99 0.999 9.99 0.999000 99.999 0.999 99.999 0.999 99.999 0.999 9999.999 0.999 999.999 0.999 999.999 0.999 9.999 0.999 9.999 0.999
114.291667 115.291667 9999.99 0.999 999.99 0.999 9.99 0.999000 99.999 0.999 99.999 0.999 99.999 0.999 9999.999 0.999 999.999 0.999 999.999 0.999 9.999 0.999 9.999 0.999
117.291667 118.291667   94.25 0.394   3.91 0.394 0.36 0.394000  0.032 0.394  0.952 0.000  1.333 0.000   10.303 0.000   5.361 0.000   4.942 0.000 0.055 0.394 0.401 0.394
120.291667 121.291667  284.62 0.559   3.57 0.559 9.99 0.559259  0.077 0.000  1.346 0.000  1.885 0.000   19.631 0.000   9.981 0.000   9.651 0.559 0.149 0.559 0.454 0.000
123.291667 124.291667  125.92 0.559   1.14 0.559 9.99 0.559259  0.096 0.000  0.754 0.000  1.056 0.000   14.468 0.000   8.873 0.000   5.595 0.559 0.079 0.559 0.224 0.000
126.291667 127.291667  211.16 0.559   2.04 0.559 9.99 0.559259  0.063 0.000  1.368 0.000  1.915 0.000   16.971 0.000   9.138 0.000   7.833 0.559 0.117 0.559 0.336 0.000
129.291667 130.291667  222.85 0.559   2.21 0.559 9.99 0.559259  0.062 0.000  1.829 0.000  2.561 0.000   18.368 0.000   9.502 0.000   8.866 0.559 0.125 0.559 0.443 0.000
132.291667 133.291667 9999.99 0.999 999.99 0.999 9.99 0.999000 99.999 0.999 99.999 0.999 99.999 0.999 9999.999 0.999 999.999 0.999 999.999 0.999 9.999 0.999 9.999 0.999
135.291667 136.291667  154.69 0.559   1.15 0.559 0.19 0.559000  0.057 0.000  0.804 0.000  1.125 0.000   14.379 0.000   8.704 0.000   5.675 0.559 0.082 0.559 0.255 0.000
138.291667 139.291667   69.39 0.559   0.60 0.559 0.33 0.559000  0.021 0.000  0.806 0.000  1.128 0.000    3.701 0.000   0.146 0.000   3.554 0.559 0.055 0.559 0.260 0.000
141.291667 142.291667  122.50 0.559   3.54 0.559 9.99 0.559259  0.028 0.000  0.918 0.000  1.285 0.000   11.803 0.000   5.152 0.000   6.650 0.559 0.066 0.559 0.219 0.000
144.291667 145.291667  164.93 0.559   1.81 0.559 9.99 0.559259  0.072 0.000  1.331 0.000  1.864 0.000   16.519 0.000   8.839 0.000   7.679 0.559 0.246 0.559 0.455 0.000
147.291667 148.291667  104.86 0.559   1.05 0.559 9.99 0.559259  0.045 0.000  0.577 0.000  0.808 0.000    9.656 0.000   4.379 0.000   5.278 0.559 0.084 0.559 0.187 0.000
150.291667 151.291667  192.19 0.559   1.90 0.559 9.99 0.559259  0.063 0.000  1.217 0.000  1.704 0.000   18.671 0.000  10.533 0.000   8.138 0.559 0.131 0.559 0.455 0.000
153.291667 154.291667  126.82 0.559   0.90 0.559 0.15 0.559000  0.064 0.000  0.494 0.000  0.691 0.000   16.022 0.000   9.645 0.000   6.378 0.559 0.300 0.559 0.368 0.000
156.291667 157.291667  125.05 0.559   1.23 0.559 9.99 0.559259  0.096 0.000  0.898 0.000  1.257 0.000   20.016 0.000  11.608 0.000   8.408 0.559 0.098 0.559 0.447 0.000
159.291667 160.291667   95.05 0.559   1.48 0.559 9.99 0.559259  0.055 0.000  0.765 0.000  1.072 0.000   15.073 0.000   8.676 0.000   6.397 0.559 0.070 0.559 0.402 0.000
162.291667 163.291667   77.25 0.000   0.56 0.000 0.23 0.000000  0.060 0.000  0.354 0.000  0.496 0.000   15.239 0.000  10.017 0.000   5.222 0.000 0.071 0.000 0.373 0.000
165.291667 166.291667   96.54 0.000   1.36 0.000 9.99 0.259000  0.046 0.000  0.640 0.000  0.896 0.000   17.851 0.000  12.772 0.000   5.080 0.000 0.072 0.000 0.213 0.000
168.291667 169.291667   84.30 0.559   1.11 0.559 0.19 0.559000  0.069 0.000  0.943 0.000  1.320 0.000   19.642 0.000  12.225 0.000   7.416 0.559 0.116 0.559 0.525 0.000
171.291667 172.291667  110.19 0.000   0.91 0.000 0.06 0.000000  0.042 0.000  0.742 0.000  1.039 0.000   15.114 0.000   8.554 0.000   6.560 0.000 0.094 0.000 0.392 0.000
174.291667 175.291667   89.23 0.559   0.79 0.559 0.25 0.559000  0.059 0.000  0.545 0.000  0.763 0.000   14.379 0.000   8.358 0.000   6.021 0.559 0.074 0.559 0.551 0.000
177.291667 178.291667   86.55 0.559   0.58 0.559 0.20 0.559000  0.060 0.000  0.454 0.000  0.636 0.000   11.506 0.000   5.859 0.000   5.647 0.559 0.086 0.559 0.490 0.000
180.291667 181.291667   94.11 0.559   1.32 0.559 0.26 0.559000  0.069 0.000  0.946 0.000  1.324 0.000   16.912 0.000   8.877 0.000   8.035 0.559 0.241 0.559 0.673 0.000
183.291667 184.291667  107.99 0.559   0.86 0.559 9.99 0.559259  0.034 0.000  0.796 0.000  1.114 0.000   12.296 0.000   6.075 0.000   6.220 0.559 0.068 0.559 0.383 0.000
186.291667 187.291667   70.27 0.559   3.60 0.559 0.11 0.559000  0.034 0.000  0.903 0.000  1.264 0.000    9.862 0.000   4.266 0.000   5.596 0.559 0.052 0.559 0.378 0.000
189.291667 190.291667   62.19 0.559   1.01 0.559 9.99 0.559259  0.064 0.000  0.812 0.000  1.137 0.000   12.204 0.000   6.987 0.000   5.217 0.559 0.050 0.559 0.431 0.000
192.291667 193.291667   61.90 0.559   1.67 0.559 0.10 0.559000  0.036 0.000  0.599 0.000  0.839 0.000   10.210 0.000   5.297 0.000   4.913 0.559 0.066 0.559 0.466 0.000
195.291667 196.291667   55.93 0.559   3.73 0.559 0.19 0.559000  0.060 0.000  0.404 0.000  0.566 0.000   12.184 0.000   6.877 0.000   5.307 0.559 0.051 0.559 0.655 0.000
198.291667 199.291667  104.95 0.559   0.57 0.559 0.96 0.559000  0.092 0.000  0.448 0.000  0.627 0.000   18.301 0.000  10.935 0.000   7.365 0.559 0.092 0.559 0.754 0.000
201.291667 202.291667   63.91 0.559   0.68 0.559 0.31 0.559000  0.060 0.000  0.435 0.000  0.609 0.000   14.134 0.000   8.200 0.000   5.934 0.559 0.056 0.559 0.724 0.000
204.291667 205.291667 9999.99 0.999 999.99 0.999 9.99 0.999000 99.999 0.999 99.999 0.999 99.999 0.999 9999.999 0.999 999.999 0.999 999.999 0.999 9.999 0.999 9.999 0.999
207.291667 208.291667   64.70 0.000   0.85 0.000 0.36 0.000000  0.101 0.000  0.660 0.000  0.924 0.000   16.378 0.000  11.267 0.000   5.111 0.000 0.056 0.000 0.465 0.000
210.291667 211.291667   12.39 0.559   2.73 0.559 0.19 0.559000  0.037 0.000  0.635 0.000  0.889 0.000    5.807 0.000   2.533 0.000   3.275 0.559 0.020 0.559 0.358 0.000
213.291667 214.291667   29.51 0.000   4.98 0.000 0.15 0.000000  0.019 0.000  0.425 0.000  0.595 0.000    7.386 0.000   3.512 0.000   3.874 0.000 0.022 0.000 0.407 0.000
216.291667 217.291667   22.08 0.000   3.78 0.000 9.99 0.259000  0.020 0.000  0.750 0.000  1.051 0.000    7.267 0.000   3.734 0.000   3.533 0.000 0.015 0.000 0.352 0.000
219.291667 220.291667   98.44 0.000   8.16 0.000 9.99 0.259000  0.032 0.000  0.806 0.000  1.128 0.000   16.756 0.000   8.616 0.000   8.139 0.000 0.063 0.000 0.838 0.000
222.291667 223.291667   20.29 0.559   3.87 0.559 0.03 0.559000  0.019 0.000  0.863 0.000  1.208 0.000    7.106 0.000   2.420 0.000   4.686 0.559 0.025 0.559 0.512 0.000
225.291667 226.291667   17.65 0.000   5.39 0.000 9.99 0.259000  0.015 0.000  0.651 0.000  0.912 0.000    6.487 0.000   2.713 0.000   3.774 0.000 0.019 0.000 0.375 0.000
228.291667 229.291667   53.47 0.000   4.20 0.000 9.99 0.259000  0.023 0.000  2.114 0.000  2.960 0.000   15.463 0.000   7.098 0.000   8.366 0.000 0.128 0.000 0.532 0.000
231.291667 232.291667   69.56 0.559   2.65 0.559 0.13 0.559000  0.044 0.000  0.745 0.000  1.043 0.000   14.252 0.000   7.472 0.000   6.780 0.559 0.074 0.559 0.601 0.000
234.291667 235.291667 9999.99 0.999 999.99 0.999 9.99 0.999000 99.999 0.999 99.999 0.999 99.999 0.999 9999.999 0.999 999.999 0.999 999.999 0.999 9.999 0.999 9.999 0.999
237.291667 238.291667 9999.99 0.999 999.99 0.999 9.99 0.999000 99.999 0.999 99.999 0.999 99.999 0.999 9999.999 0.999 999.999 0.999 999.999 0.999 9.999 0.999 9.999 0.999
240.291667 241.291667 9999.99 0.999 999.99 0.999 9.99 0.999000 99.999 0.999 99.999 0.999 99.999 0.999 9999.999 0.999 999.999 0.999 999.999 0.999 9.999 0.999 9.999 0.999
243.291667 244.291667   67.57 0.000   0.97 0.000 0.05 0.000000  0.056 0.000  0.451 0.000  0.632 0.000   14.939 0.000  10.693 0.000   4.245 0.000 0.051 0.000 0.378 0.000
246.291667 247.291667   49.50 0.000   2.64 0.000 9.99 0.259000  0.030 0.000  0.542 0.000  0.759 0.000   11.936 0.000   8.690 0.000   3.246 0.000 0.039 0.000 0.313 0.000
249.291667 250.291667   79.65 0.000   0.51 0.000 0.21 0.000000  0.058 0.000  0.357 0.000  0.500 0.000   15.585 0.000  11.678 0.000   3.906 0.000 0.066 0.000 0.302 0.000
252.291667 253.291667  104.25 0.000   6.95 0.000 0.06 0.000000  0.043 0.000  0.762 0.000  1.066 0.000   22.489 0.000  16.927 0.000   5.562 0.000 0.077 0.000 0.429 0.000
255.291667 256.291667   61.76 0.559   0.98 0.559 0.13 0.559000  0.026 0.000  0.521 0.000  0.729 0.000   10.174 0.000   6.234 0.000   3.940 0.559 0.038 0.559 0.347 0.000
258.291667 259.291667   40.45 0.000   0.46 0.000 0.16 0.000000  0.072 0.000  0.437 0.000  0.612 0.000   12.243 0.000   8.817 0.000   3.426 0.000 0.039 0.000 0.382 0.000
261.291667 262.291667   64.08 0.000   1.50 0.000 0.08 0.000000  0.042 0.000  0.704 0.000  0.986 0.000   12.839 0.000   8.507 0.000   4.332 0.000 0.044 0.000 0.362 0.000
264.291667 265.291667   48.09 0.559   2.21 0.559 0.14 0.559000  0.027 0.000  0.492 0.000  0.689 0.000   10.053 0.000   6.907 0.000   3.146 0.559 0.031 0.559 0.316 0.000
267.291667 268.291667   48.77 0.000   0.91 0.000 0.06 0.000000  0.021 0.000  0.669 0.000  0.936 0.000   11.342 0.000   6.695 0.000   4.647 0.000 0.039 0.000 0.429 0.000
270.291667 271.291667   41.57 0.000   2.89 0.000 9.99 0.259000  0.011 0.000  0.316 0.000  0.442 0.000    9.973 0.000   6.889 0.000   3.083 0.000 0.025 0.000 0.297 0.000
273.291667 274.291667   68.02 0.000   2.23 0.000 9.99 0.259000  0.030 0.000  1.343 0.000  1.880 0.000   16.975 0.000   9.745 0.000   7.230 0.000 0.072 0.000 0.733 0.000
276.291667 277.291667   66.71 0.000   0.80 0.000 9.99 0.259000  0.068 0.000  0.529 0.000  0.741 0.000   12.827 0.000   8.701 0.000   4.126 0.000 0.046 0.000 0.383 0.000
279.291667 280.291667   18.20 0.000   5.70 0.000 9.99 0.259000  0.028 0.000  0.743 0.000  1.040 0.000    4.943 0.000   1.439 0.000   3.503 0.000 0.022 0.000 0.432 0.000
282.291667 283.291667   73.62 0.559   2.19 0.559 0.18 0.559000  0.085 0.000  0.825 0.000  1.155 0.000   14.502 0.000   9.426 0.000   5.076 0.559 0.043 0.559 0.502 0.000
285.291667 286.291667   43.26 0.559   0.89 0.559 9.99 0.559259  0.021 0.000  0.614 0.000  0.860 0.000    9.681 0.000   7.561 0.000   2.120 0.559 0.029 0.559 0.100 0.000
288.291667 289.291667  990.11 0.559   4.77 0.559 9.99 0.559259  0.074 0.559  1.503 0.000  2.104 0.000  102.842 0.000  74.753 0.000  28.089 0.559 0.466 0.559 0.239 0.559
291.291667 292.291667  203.99 0.000   4.85 0.000 0.16 0.000000  0.076 0.000  1.422 0.000  1.991 0.000   27.860 0.000  18.692 0.000   9.168 0.000 0.140 0.000 0.532 0.000
294.291667 295.291667   60.45 0.000   2.42 0.000 0.25 0.000000  0.045 0.000  0.408 0.000  0.571 0.000   11.290 0.000   7.455 0.000   3.835 0.000 0.044 0.000 0.286 0.000
297.291667 298.291667  170.23 0.000   3.73 0.000 9.99 0.259000  0.055 0.000  1.075 0.000  1.505 0.000   20.184 0.000  12.129 0.000   8.054 0.000 0.119 0.000 0.471 0.000
300.291667 301.291667  103.78 0.559   1.76 0.559 0.16 0.559000  0.052 0.000  1.039 0.000  1.454 0.000   16.813 0.000  10.277 0.000   6.536 0.559 0.093 0.559 0.511 0.000
303.291667 304.291667  119.31 0.000   2.07 0.000 0.08 0.000000  0.053 0.000  0.676 0.000  0.947 0.000   19.980 0.000  13.328 0.000   6.652 0.000 0.069 0.000 0.535 0.000
306.291667 307.291667   65.75 0.000   9.15 0.000 9.99 0.259000  0.036 0.000  0.638 0.000  0.893 0.000   14.051 0.000   9.108 0.000   4.943 0.000 0.043 0.000 0.478 0.000
309.291667 310.291667   36.54 0.000   3.12 0.000 0.12 0.000000  0.055 0.000  0.675 0.000  0.945 0.000    8.864 0.000   2.889 0.000   5.976 0.000 0.025 0.000 0.807 0.000
312.291667 313.291667  188.30 0.000   2.51 0.000 9.99 0.259000  0.061 0.000  0.939 0.000  1.315 0.000   39.027 0.000  29.951 0.000   9.076 0.000 0.153 0.000 0.631 0.000
315.291667 316.291667   92.13 0.000   3.39 0.000 9.99 0.259000  0.077 0.000  0.668 0.000  0.935 0.000   18.056 0.000  11.638 0.000   6.417 0.000 0.082 0.000 0.696 0.000
318.291667 319.291667  137.11 0.000   5.79 0.000 9.99 0.259000  0.104 0.000  0.788 0.000  1.103 0.000   17.320 0.000  11.283 0.000   6.037 0.000 0.111 0.000 0.362 0.000
321.291667 322.291667   81.38 0.000   7.23 0.000 9.99 0.259000  0.039 0.000  0.643 0.000  0.901 0.000   15.832 0.000  10.739 0.000   5.093 0.000 0.056 0.000 0.409 0.000
324.291667 325.291667   85.56 0.000   9.60 0.000 9.99 0.259000  0.048 0.000  0.857 0.000  1.200 0.000   16.122 0.000   9.898 0.000   6.225 0.000 0.081 0.000 0.591 0.000
327.291667 328.291667   57.61 0.559   1.55 0.559 9.99 0.559259  0.034 0.000  0.230 0.000  0.322 0.000   10.866 0.000   8.297 0.000   2.569 0.559 0.045 0.559 0.105 0.000
330.291667 331.291667   46.26 0.000   2.62 0.000 9.99 0.259000  0.127 0.000  0.347 0.000  0.485 0.000    8.388 0.000   5.815 0.000   2.573 0.000 0.035 0.000 0.138 0.000
333.291667 334.291667   56.08 0.000   1.53 0.000 0.10 0.000000  0.065 0.000  0.336 0.000  0.470 0.000   11.382 0.000   7.881 0.000   3.501 0.000 0.066 0.000 0.214 0.000
336.291667 337.291667   62.81 0.000   3.30 0.000 9.99 0.259000  0.077 0.000  0.565 0.000  0.791 0.000   13.072 0.000   9.466 0.000   3.606 0.000 0.057 0.000 0.220 0.000
339.291667 340.291667   23.89 0.559  11.74 0.559 9.99 0.559259  0.292 0.000  2.224 0.000  3.113 0.000    6.328 0.000   2.714 0.000   3.615 0.559 0.017 0.559 0.157 0.000
342.291667 343.291667   19.68 0.000   7.75 0.000 9.99 0.259000  0.021 0.000  0.249 0.000  0.349 0.000    6.046 0.000   4.496 0.000   1.550 0.000 0.014 0.000 0.109 0.000
345.291667 346.291667   12.13 0.000   0.56 0.000 9.99 0.259000  0.709 0.000  0.696 0.000  0.974 0.000    5.704 0.000   1.796 0.000   3.908 0.000 0.013 0.000 0.232 0.000
348.291667 349.291667   23.70 0.559   4.50 0.559 9.99 0.559259  1.008 0.000  1.237 0.000  1.731 0.000    9.342 0.000   2.114 0.000   7.228 0.559 0.049 0.559 0.259 0.000
351.291667 352.291667   26.95 0.000  12.53 0.000 9.99 0.259000  0.275 0.000  0.809 0.000  1.133 0.000    6.732 0.000   3.701 0.000   3.031 0.000 0.020 0.000 0.192 0.000
354.291667 355.291667   37.82 0.000   3.46 0.000 9.99 0.259000  0.158 0.000  0.784 0.000  1.097 0.000   11.711 0.000   8.146 0.000   3.565 0.000 0.129 0.000 0.109 0.000
357.291667 358.291667   14.59 0.000   3.35 0.000 9.99 0.259000  0.052 0.000  0.464 0.000  0.649 0.000    3.973 0.000   2.088 0.000   1.885 0.000 0.014 0.000 0.156 0.000
360.291667 361.291667   51.61 0.559   9.79 0.559 9.99 0.559259  0.233 0.000  0.787 0.000  1.101 0.000   10.146 0.000   6.491 0.000   3.655 0.559 0.034 0.559 0.206 0.000
363.291667 364.291667   81.50 0.559   7.84 0.559 9.99 0.559259  0.476 0.000  1.543 0.000  2.160 0.000   14.887 0.000   9.841 0.000   5.046 0.559 0.095 0.559 0.162 0.000
