scripts/IMPROVE-2019_partial/data/US0042R.20120101050000.20191216000000.filterpack...52w.3d.US03L_filterpack_US0042.US03L_IMPROVE_Davis.lev2.nas
51 1001
MISSING INFORMATION
US03L, IMPROVE, , , , , , , 
MISSING INFORMATION
IMPROVE sel_HTAP
1 1
2012 01 01 2019 12 16
3.000000
days from file reference point
4
1 1 1 1
999.999999 999.999 999.999 9.999
end_time of measurement, days from the file reference point
pm10_mass, ug/m3, Matrix=pm10
pm25_mass, ug/m3, Matrix=pm25
numflag, no unit
0
33
Data definition:              EBAS_1.1
Set type code:                TU
Timezone:                     UTC
File name:                    US0042R.20120101050000.20191216000000.filterpack...52w.3d.US03L_filterpack_US0042.US03L_IMPROVE_Davis.lev2.nas
File creation:                20191218115802
Startdate:                    20120101050000
Revision date:                20191216000000
Version:                      2
Version description:          "Data extracted from http://views.cira.colostate.edu/fed/DataWizard 2019-12-16"
Statistics:                   arithmetic mean
Data level:                   2
Period code:                  52w
Resolution code:              3d
Sample duration:              1d
Orig. time res.:              3d
Station code:                 US0042R
Platform code:                US0042S
Station name:                 Cape Cod
Station latitude:             41.9758
Station longitude:            -70.0242
Station altitude:             49.0 m
Regime:                       IMG
Component:                    
Unit:                         ug/m3
Matrix:                       
Laboratory code:              US03L
Instrument type:              filterpack
Instrument name:              filterpack_US0042
Method ref:                   US03L_IMPROVE_Davis
Blank correction:             Blank corrected
Volume std. temperature:      ambient
Volume std. pressure:         ambient
starttime endtime PM10 PM2.5 flag
  0.208333   1.208333   8.135   6.559 0.000
  3.208333   4.208333   7.000   5.075 0.000
  6.208333   7.208333  15.966   9.508 0.000
  9.208333  10.208333   6.631   3.733 0.000
 12.208333  13.208333  11.545   6.212 0.000
 15.208333  16.208333   4.567   2.371 0.000
 18.208333  19.208333   6.028   2.214 0.000
 21.208333  22.208333   8.495   3.324 0.000
 24.208333  25.208333   5.539   3.420 0.000
 27.208333  28.208333   5.154   3.047 0.000
 30.208333  31.208333   9.094   4.604 0.000
 33.208333  34.208333   7.641   3.519 0.000
 36.208333  37.208333  11.233   6.703 0.000
 39.208333  40.208333   7.036   3.516 0.000
 42.208333  43.208333   8.099   3.674 0.000
 45.208333  46.208333   7.201   4.524 0.000
 48.208333  49.208333   5.917   3.838 0.000
 51.208333  52.208333   6.822   3.165 0.000
 54.208333  55.208333   8.361   4.371 0.000
 57.208333  58.208333   8.940   5.396 0.000
 60.208333  61.208333 999.999 999.999 0.999
 63.208333  64.208333 999.999 999.999 0.999
 66.208333  67.208333 999.999 999.999 0.999
 69.208333  70.208333 999.999 999.999 0.999
 72.208333  73.208333 999.999 999.999 0.999
 75.208333  76.208333   5.088   2.621 0.000
 78.208333  79.208333  10.720   9.126 0.000
 81.208333  82.208333   5.102   4.159 0.000
 84.208333  85.208333   8.398   3.873 0.000
 87.208333  88.208333 999.999 999.999 0.999
 90.208333  91.208333 999.999 999.999 0.999
 93.208333  94.208333 999.999 999.999 0.999
 96.208333  97.208333  10.084   2.139 0.000
 99.208333 100.208333   9.775   4.712 0.000
102.208333 103.208333   8.940   4.637 0.000
105.208333 106.208333  19.018  12.702 0.000
108.208333 109.208333  11.345   3.236 0.000
111.208333 112.208333   6.938   4.351 0.000
114.208333 115.208333 999.999 999.999 0.999
117.208333 118.208333   7.137   3.891 0.000
120.208333 121.208333   7.072   3.203 0.000
123.208333 124.208333   8.685   3.225 0.000
126.208333 127.208333   4.822   2.473 0.000
129.208333 130.208333   8.993   5.930 0.000
132.208333 133.208333  10.677   5.395 0.000
135.208333 136.208333  10.122   5.282 0.000
138.208333 139.208333  12.521   3.463 0.000
141.208333 142.208333   4.330   2.990 0.000
144.208333 145.208333   2.580   1.171 0.000
147.208333 148.208333  10.789   7.201 0.000
150.208333 151.208333  13.000   8.387 0.000
153.208333 154.208333  11.859   6.162 0.000
156.208333 157.208333  11.508   4.747 0.000
159.208333 160.208333   6.948   5.197 0.000
162.208333 163.208333   4.610   2.913 0.000
165.208333 166.208333   8.286   3.486 0.000
168.208333 169.208333  11.845   4.955 0.000
171.208333 172.208333  19.699  13.028 0.000
174.208333 175.208333  12.988  10.599 0.000
177.208333 178.208333 999.999 999.999 0.456
180.208333 181.208333  24.602  16.090 0.000
183.208333 184.208333   9.657   6.478 0.000
186.208333 187.208333  11.447   8.751 0.000
189.208333 190.208333  11.063   7.952 0.000
192.208333 193.208333   8.042   3.968 0.000
195.208333 196.208333  10.811   7.383 0.000
198.208333 199.208333  15.509  11.479 0.000
201.208333 202.208333   7.170   2.786 0.000
204.208333 205.208333   7.195   3.506 0.000
207.208333 208.208333   8.695   4.604 0.000
210.208333 211.208333  11.368   8.502 0.000
213.208333 214.208333  15.426   7.835 0.000
216.208333 217.208333   7.799   4.045 0.000
219.208333 220.208333   7.109   3.066 0.000
222.208333 223.208333   8.658   6.023 0.000
225.208333 226.208333  13.100   8.692 0.000
228.208333 229.208333   7.314   4.429 0.000
231.208333 232.208333   8.026   4.409 0.000
234.208333 235.208333  10.377   7.168 0.000
237.208333 238.208333   8.392   4.950 0.000
240.208333 241.208333  11.777   6.597 0.000
243.208333 244.208333  15.318   9.504 0.000
246.208333 247.208333   6.210   2.350 0.000
249.208333 250.208333   6.104   2.891 0.000
252.208333 253.208333   7.942   3.089 0.000
255.208333 256.208333   5.630   2.798 0.000
258.208333 259.208333   4.777   2.194 0.000
261.208333 262.208333   9.900   5.048 0.000
264.208333 265.208333   7.481   2.535 0.000
267.208333 268.208333   4.612   1.758 0.000
270.208333 271.208333  10.975   5.375 0.000
273.208333 274.208333   5.039   2.480 0.000
276.208333 277.208333   8.054   6.224 0.000
279.208333 280.208333  18.266  11.602 0.000
282.208333 283.208333   9.180   2.894 0.000
285.208333 286.208333   8.655   3.161 0.000
288.208333 289.208333  21.408   9.493 0.000
291.208333 292.208333   7.569   3.633 0.000
294.208333 295.208333  11.236   5.426 0.000
297.208333 298.208333 999.999 999.999 0.999
300.208333 301.208333 999.999 999.999 0.999
303.208333 304.208333 999.999 999.999 0.999
306.208333 307.208333   4.194   2.280 0.000
309.208333 310.208333   5.274   2.550 0.000
312.208333 313.208333  16.909   7.303 0.000
315.208333 316.208333  11.699   7.800 0.000
318.208333 319.208333   9.330   2.940 0.000
321.208333 322.208333  11.926   5.798 0.000
324.208333 325.208333   7.170   3.085 0.000
327.208333 328.208333   8.323   4.060 0.000
330.208333 331.208333   7.092   4.639 0.000
333.208333 334.208333   8.129   4.918 0.000
336.208333 337.208333  12.972   5.987 0.000
339.208333 340.208333   8.023   4.951 0.000
342.208333 343.208333   2.924   2.392 0.000
345.208333 346.208333   4.197   2.228 0.000
348.208333 349.208333   9.164   6.122 0.000
351.208333 352.208333   9.753   4.350 0.000
354.208333 355.208333   9.913   2.574 0.000
357.208333 358.208333   3.424   2.143 0.000
360.208333 361.208333   7.319   2.828 0.000
363.208333 364.208333   5.539   2.929 0.000
