scripts/IMPROVE-2019_partial/data/US0049R.20040101060000.20191216000000.filterpack..pm25.52w.1w.US03L_filterpack_US0049.US03L_IMPROVE_Davis.lev2.nas
66 1001
MISSING INFORMATION
US03L, IMPROVE, , , , , , , 
MISSING INFORMATION
IMPROVE sel_HTAP
1 1
2004 01 01 2019 12 16
3.00
days from file reference point
27
1 1 1 1 1 1 1 1 1 1 1 1 1 1 1 1 1 1 1 1 1 1 1 1 1 1 1
999.99 9999.99 9.999 99.99 9.999 9.999 9.999999 9.99 9.999 99.999 9.999999 99.999 9.999 99.999 9.999 999.99 9.999999 999.999 9.999 999.999 9.999 999.999 9.999 9.999 9.999 99.999 9.999999
end_time of measurement, days from the file reference point
iron, ng/m3, Revision date=20181210133000
numflag iron, no unit, Revision date=20181210133000
lead, ng/m3, Revision date=20181210133000
numflag lead, no unit, Revision date=20181210133000
magnesium, ug/m3, Revision date=20181210133000
numflag magnesium, no unit, Revision date=20181210133000
nickel, ng/m3, Revision date=20181210133000
numflag nickel, no unit, Revision date=20181210133000
nitrate, ug N/m3, Revision date=20181210133000
numflag nitrate, no unit, Revision date=20181210133000
organic_carbon, ug C/m3, Revision date=20181210133000
numflag organic_carbon, no unit, Revision date=20181210133000
organic_mass, ug/m3, Revision date=20181210133000
numflag organic_mass, no unit, Revision date=20181210133000
phosphorus, ng/m3, Revision date=20181210133000
numflag phosphorus, no unit, Revision date=20181210133000
pm10_mass, ug/m3, Version=2, Version description=Data extracted from http://views.cira.colostate.edu/fed/DataWizard 2019-12-16, Sample duration=1d, Orig. time res.=3d, Matrix=pm10, Blank correction=Blank corrected, Volume std. temperature=ambient, Volume std. pressure=ambient
numflag pm10_mass, no unit, Version=2, Version description=Data extracted from http://views.cira.colostate.edu/fed/DataWizard 2019-12-16, Sample duration=1d, Orig. time res.=3d, Matrix=pm10, Blank correction=Blank corrected, Volume std. temperature=ambient, Volume std. pressure=ambient
pm10_pm25_mass, ug/m3, Revision date=20181210133000, Matrix=pm10_pm25
numflag pm10_pm25_mass, no unit, Revision date=20181210133000, Matrix=pm10_pm25
pm25_mass, ug/m3, Version=2, Version description=Data extracted from http://views.cira.colostate.edu/fed/DataWizard 2019-12-16, Sample duration=1d, Orig. time res.=3d, Blank correction=Blank corrected, Volume std. temperature=ambient, Volume std. pressure=ambient
numflag pm25_mass, no unit, Version=2, Version description=Data extracted from http://views.cira.colostate.edu/fed/DataWizard 2019-12-16, Sample duration=1d, Orig. time res.=3d, Blank correction=Blank corrected, Volume std. temperature=ambient, Volume std. pressure=ambient
potassium, ug/m3, Revision date=20181210133000
numflag potassium, no unit, Revision date=20181210133000
sulphate_total, ug S/m3, Revision date=20181210133000
numflag sulphate_total, no unit, Revision date=20181210133000
0
25
Data definition:              EBAS_1.1
Set type code:                TU
Timezone:                     UTC
File name:                    US0049R.20040101060000.20191216000000.filterpack..pm25.52w.1w.US03L_filterpack_US0049.US03L_IMPROVE_Davis.lev2.nas
File creation:                20191218115822
Startdate:                    20040101060000
Revision date:                20191216000000
Statistics:                   arithmetic mean
Data level:                   2
Period code:                  52w
Resolution code:              1w
Station code:                 US0049R
Platform code:                US0049S
Station name:                 Great River Bluffs
Station latitude:             43.9373
Station longitude:            -91.4052
Station altitude:             370.0 m
Regime:                       IMG
Component:                    
Matrix:                       pm25
Laboratory code:              US03L
Instrument type:              filterpack
Instrument name:              filterpack_US0049
Method ref:                   US03L_IMPROVE_Davis
starttime endtime Fe flag_Fe Pb flag_Pb Mg++ flag_Mg++ Ni flag_Ni NO3- flag_NO3- OC flag_OC OM flag_OM P flag_P PM10 flag_PM10 PM10-PM2.5 flag_PM10-PM2.5 PM2.5 flag_PM2.5 K+ flag_K+ SO4-- flag_SO4--
[from data line 83]
249.25 250.25   11.83 0.000  0.93 0.000 9.999 0.259000 9.99 0.259  0.056 0.000000  1.956 0.000  2.738 0.000 999.99 0.259000  11.999 0.000   6.175 0.000   5.823 0.000 0.023 0.000  0.785 0.000000
252.25 253.25   18.49 0.000  0.84 0.000 9.999 0.259000 0.10 0.000  0.035 0.559000  0.896 0.000  1.254 0.000 999.99 0.259000   7.191 0.000   3.626 0.000   3.565 0.000 0.019 0.000  0.334 0.559000
255.25 256.25   56.86 0.000 99.99 0.259 9.999 0.259000 9.99 0.259  0.100 0.000000  2.664 0.000  3.730 0.000 999.99 0.259000  29.101 0.000  15.559 0.000  13.542 0.000 0.097 0.000  1.336 0.000000
258.25 259.25   12.49 0.394  0.75 0.394 9.999 0.394259 0.33 0.394  0.034 0.394000  0.901 0.000  1.262 0.000 999.99 0.394259  11.680 0.000   8.113 0.000   3.568 0.000 0.029 0.394  0.373 0.394000
261.25 262.25   50.30 0.000  3.97 0.000 9.999 0.259000 9.99 0.259  0.105 0.000000  1.597 0.000  2.235 0.000 999.99 0.259000  12.766 0.000   6.246 0.000   6.520 0.000 0.028 0.000  0.609 0.000000
264.25 265.25   48.67 0.000  2.38 0.000 9.999 0.259000 9.99 0.259  0.088 0.000000  3.158 0.000  4.421 0.000 999.99 0.259000  29.499 0.000  16.801 0.000  12.698 0.000 0.110 0.000  1.101 0.000000
267.25 268.25   12.29 0.000  1.52 0.000 0.126 0.000000 0.24 0.000  0.052 0.000000  0.795 0.000  1.113 0.000 999.99 0.259000   6.737 0.000   3.845 0.000   2.891 0.000 0.015 0.000  0.254 0.000000
270.25 271.25   34.83 0.000  2.73 0.000 9.999 0.259000 9.99 0.259  0.074 0.000000  1.227 0.000  1.718 0.000 999.99 0.259000  18.353 0.000  12.845 0.000   5.508 0.000 0.034 0.000  0.369 0.000000
273.25 274.25   36.86 0.000  1.74 0.000 9.999 0.259000 0.24 0.000  0.097 0.000000  1.015 0.000  1.421 0.000  30.10 0.000000  26.156 0.000  21.136 0.000   5.020 0.000 0.030 0.000  0.335 0.000000
276.25 277.25   22.46 0.000  1.99 0.000 9.999 0.259000 9.99 0.259  0.061 0.000000  1.661 0.000  2.325 0.000 999.99 0.259000  11.170 0.000   8.344 0.000   2.826 0.000 0.025 0.000  0.135 0.000000
279.25 280.25   49.77 0.000  2.37 0.000 9.999 0.259000 0.16 0.000  0.070 0.000000  1.238 0.000  1.733 0.000  37.99 0.000000  27.943 0.000  22.442 0.000   5.501 0.000 0.046 0.000  0.322 0.000000
282.25 283.25   21.76 0.000  2.46 0.000 0.127 0.000000 0.28 0.000  0.040 0.000000  0.940 0.000  1.316 0.000 999.99 0.259000   8.109 0.000   5.090 0.000   3.019 0.000 0.038 0.000  0.142 0.000000
285.25 286.25 9999.99 0.456 99.99 0.456 9.999 0.456000 9.99 0.456  0.251 0.000000  1.424 0.000  1.993 0.000 999.99 0.456000   8.271 0.000 999.999 0.999 999.999 0.456 9.999 0.456  0.432 0.000000
288.25 289.25   18.17 0.000  1.15 0.000 9.999 0.259000 9.99 0.259  0.518 0.000000  0.640 0.000  0.896 0.000 999.99 0.259000   7.907 0.000   3.125 0.000   4.782 0.000 0.017 0.000  0.544 0.000000
291.25 292.25  166.42 0.000  1.82 0.000 0.155 0.000000 9.99 0.259  0.274 0.000000  0.926 0.000  1.296 0.000 999.99 0.259000   7.236 0.000   3.464 0.000   3.772 0.000 0.031 0.000  0.328 0.000000
294.25 295.25   22.42 0.000  2.79 0.000 9.999 0.259000 0.13 0.000  0.866 0.000000  0.919 0.000  1.287 0.000 999.99 0.259000  13.345 0.000   3.856 0.000   9.489 0.000 0.019 0.000  1.546 0.000000
297.25 298.25    8.58 0.000  1.47 0.000 9.999 0.259000 9.99 0.259  0.190 0.000000  0.783 0.000  1.096 0.000 999.99 0.259000   6.404 0.000   3.368 0.000   3.036 0.000 0.018 0.000  0.248 0.000000
300.25 301.25   11.66 0.000  1.86 0.000 9.999 0.259000 0.24 0.000  0.726 0.000000  1.131 0.000  1.584 0.000 999.99 0.259000  11.111 0.000   3.069 0.000   8.043 0.000 0.020 0.000  1.009 0.000000
303.25 304.25    6.92 0.000  0.94 0.000 9.999 0.259000 0.26 0.000  0.069 0.000000  0.402 0.000  0.563 0.000 999.99 0.259000   7.195 0.000   4.759 0.000   2.437 0.000 0.012 0.000  0.314 0.000000
306.25 307.25   10.61 0.000  1.56 0.000 0.104 0.000000 9.99 0.259  0.122 0.000000  0.785 0.000  1.099 0.000 999.99 0.259000   5.147 0.000   1.585 0.000   3.562 0.000 0.018 0.000  0.411 0.000000
309.25 310.25   23.87 0.000  1.53 0.000 0.069 0.000000 0.10 0.000  0.220 0.000000  0.712 0.000  0.997 0.000 999.99 0.259000  15.437 0.000  11.904 0.000   3.533 0.000 0.035 0.000  0.181 0.000000
312.25 313.25   25.42 0.000  2.30 0.000 9.999 0.259000 9.99 0.259  0.144 0.000000  0.841 0.000  1.178 0.000 999.99 0.259000   6.861 0.000   3.774 0.000   3.086 0.000 0.031 0.000  0.110 0.000000
315.25 316.25   13.56 0.000  0.85 0.000 0.215 0.000000 9.99 0.259  0.080 0.559000  0.485 0.000  0.679 0.000 999.99 0.259000   4.040 0.000   1.924 0.000   2.116 0.000 0.024 0.000  0.152 0.559000
318.25 319.25   59.51 0.000  7.19 0.000 9.999 0.259000 0.13 0.000  1.351 0.559000  1.368 0.000  1.915 0.000 999.99 0.259000  17.615 0.000   5.664 0.000  11.952 0.000 0.062 0.000  0.388 0.559000
321.25 322.25   15.55 0.000  2.13 0.000 9.999 0.259000 0.17 0.000  1.035 0.000000  1.140 0.000  1.596 0.000 999.99 0.259000  16.758 0.000   6.910 0.000   9.848 0.000 0.025 0.000  1.323 0.000000
324.25 325.25    8.19 0.000  1.96 0.000 9.999 0.259000 9.99 0.259  0.395 0.000000  0.593 0.000  0.830 0.000 999.99 0.259000   6.692 0.000   1.655 0.000   5.037 0.000 0.056 0.000  0.596 0.000000
327.25 328.25   21.91 0.000  1.36 0.000 0.098 0.000000 0.21 0.000  0.524 0.000000  0.588 0.000  0.823 0.000 999.99 0.259000   8.077 0.000   3.101 0.000   4.976 0.000 0.029 0.000  0.406 0.000000
330.25 331.25   27.50 0.000  2.40 0.000 9.999 0.259000 9.99 0.259  1.731 0.000000  0.943 0.000  1.320 0.000 999.99 0.259000  18.801 0.000   4.821 0.000  13.980 0.000 0.046 0.000  0.326 0.000000
333.25 334.25    9.82 0.000  2.76 0.000 9.999 0.259000 0.24 0.000  1.144 0.000000  0.960 0.000  1.344 0.000 999.99 0.259000  13.423 0.000   2.059 0.000  11.364 0.000 0.033 0.000  0.739 0.000000
336.25 337.25   18.05 0.000  1.84 0.000 9.999 0.259000 0.07 0.000  1.049 0.000000  0.988 0.000  1.383 0.000 999.99 0.259000  12.788 0.000   3.150 0.000   9.638 0.000 0.039 0.000  0.436 0.000000
339.25 340.25   11.96 0.000  1.74 0.000 9.999 0.259000 9.99 0.259  0.235 0.000000  0.839 0.000  1.175 0.000 999.99 0.259000   5.682 0.000   1.152 0.000   4.530 0.000 0.032 0.000  0.501 0.000000
342.25 343.25   12.00 0.000  1.54 0.000 9.999 0.259000 0.09 0.000  1.532 0.000000  0.668 0.000  0.935 0.000 999.99 0.259000  14.436 0.000   2.283 0.000  12.153 0.000 0.017 0.000  0.754 0.000000
345.25 346.25    7.73 0.000  1.13 0.000 9.999 0.259000 9.99 0.259  0.520 0.000000  0.505 0.000  0.707 0.000 999.99 0.259000   6.734 0.000   1.226 0.000   5.508 0.000 0.019 0.000  0.607 0.000000
348.25 349.25   26.42 0.000  0.78 0.000 0.070 0.000000 0.13 0.000  0.199 0.559000  1.103 0.000  1.545 0.000 999.99 0.259000  13.131 0.000   9.893 0.000   3.238 0.000 0.033 0.000  0.145 0.559000
351.25 352.25   25.46 0.000  1.23 0.000 0.069 0.000000 9.99 0.259  0.363 0.000000  0.741 0.000  1.037 0.000 999.99 0.259000  15.794 0.000  10.126 0.000   5.668 0.000 0.043 0.000  0.426 0.000000
354.25 355.25   25.43 0.000  2.26 0.000 9.999 0.259000 0.06 0.000  0.310 0.000000  0.668 0.000  0.936 0.000 999.99 0.259000  13.931 0.000   9.052 0.000   4.879 0.000 0.037 0.000  0.213 0.000000
357.25 358.25   33.22 0.000  1.87 0.000 9.999 0.259000 0.19 0.000  0.209 0.559000  0.841 0.000  1.177 0.000 999.99 0.259000   9.288 0.000   4.589 0.000   4.699 0.000 0.039 0.000  0.243 0.559000
360.25 361.25   13.58 0.000  2.23 0.000 9.999 0.259000 0.05 0.000  0.698 0.000000  1.340 0.000  1.876 0.000 999.99 0.259000  11.546 0.000   3.117 0.000   8.428 0.000 0.065 0.000  0.339 0.000000
363.25 364.25   49.46 0.699  3.82 0.699 0.080 0.699000 0.15 0.699  2.838 0.000000  1.565 0.000  2.191 0.000 999.99 0.699259  40.820 0.000   8.037 0.000  32.783 0.699 0.074 0.699  2.346 0.000000
