scripts/IMPROVE-2019_partial/data/US0070R.20050101080000.20191216000000.filterpack..pm25.52w.1w.US03L_filterpack_US0070.US03L_IMPROVE_Davis.lev2.nas
64 1001
MISSING INFORMATION
US03L, IMPROVE, , , , , , , 
MISSING INFORMATION
IMPROVE sel_HTAP
1 1
2005 01 01 2019 12 16
3.000000
days from file reference point
25
1 1 1 1 1 1 1 1 1 1 1 1 1 1 1 1 1 1 1 1 1 1 1 1 1
999.999999 999.99 9.999 99.99 9.999 9.999 9.999999 9.99 9.999999 9.999 9.999 99.999 9.999 99.999 9.999 999.999 9.999 99.999 9.999 99.999 9.999 9.999 9.999 9.999 9.999
end_time of measurement, days from the file reference point
iron, ng/m3, Revision date=20181210133000
numflag iron, no unit, Revision date=20181210133000
lead, ng/m3, Revision date=20181210133000
numflag lead, no unit, Revision date=20181210133000
magnesium, ug/m3, Revision date=20181210133000
numflag magnesium, no unit, Revision date=20181210133000
nickel, ng/m3, Revision date=20181210133000
numflag nickel, no unit, Revision date=20181210133000
nitrate, ug N/m3, Revision date=20181210133000
numflag nitrate, no unit, Revision date=20181210133000
organic_carbon, ug C/m3, Revision date=20181210133000
numflag organic_carbon, no unit, Revision date=20181210133000
organic_mass, ug/m3, Revision date=20181210133000
numflag organic_mass, no unit, Revision date=20181210133000
pm10_mass, ug/m3, Version=2, Version description=Data extracted from http://views.cira.colostate.edu/fed/DataWizard 2019-12-16, Sample duration=1d, Orig. time res.=3d, Matrix=pm10, Blank correction=Blank corrected, Volume std. temperature=ambient, Volume std. pressure=ambient
numflag pm10_mass, no unit, Version=2, Version description=Data extracted from http://views.cira.colostate.edu/fed/DataWizard 2019-12-16, Sample duration=1d, Orig. time res.=3d, Matrix=pm10, Blank correction=Blank corrected, Volume std. temperature=ambient, Volume std. pressure=ambient
pm10_pm25_mass, ug/m3, Revision date=20181210133000, Matrix=pm10_pm25
numflag pm10_pm25_mass, no unit, Revision date=20181210133000, Matrix=pm10_pm25
pm25_mass, ug/m3, Version=2, Version description=Data extracted from http://views.cira.colostate.edu/fed/DataWizard 2019-12-16, Sample duration=1d, Orig. time res.=3d, Blank correction=Blank corrected, Volume std. temperature=ambient, Volume std. pressure=ambient
numflag pm25_mass, no unit, Version=2, Version description=Data extracted from http://views.cira.colostate.edu/fed/DataWizard 2019-12-16, Sample duration=1d, Orig. time res.=3d, Blank correction=Blank corrected, Volume std. temperature=ambient, Volume std. pressure=ambient
potassium, ug/m3, Revision date=20181210133000
numflag potassium, no unit, Revision date=20181210133000
sulphate_total, ug S/m3, Revision date=20181210133000
numflag sulphate_total, no unit, Revision date=20181210133000
0
25
Data definition:              EBAS_1.1
Set type code:                TU
Timezone:                     UTC
File name:                    US0070R.20050101080000.20191216000000.filterpack..pm25.52w.1w.US03L_filterpack_US0070.US03L_IMPROVE_Davis.lev2.nas
File creation:                20191218120010
Startdate:                    20050101080000
Revision date:                20191216000000
Statistics:                   arithmetic mean
Data level:                   2
Period code:                  52w
Resolution code:              1w
Station code:                 US0070R
Platform code:                US0070S
Station name:                 Crater Lake NP
Station latitude:             42.8958
Station longitude:            -122.1361
Station altitude:             1996.0 m
Regime:                       IMG
Component:                    
Matrix:                       pm25
Laboratory code:              US03L
Instrument type:              filterpack
Instrument name:              filterpack_US0070
Method ref:                   US03L_IMPROVE_Davis
starttime endtime Fe flag_Fe Pb flag_Pb Mg++ flag_Mg++ Ni flag_Ni NO3- flag_NO3- OC flag_OC OM flag_OM PM10 flag_PM10 PM10-PM2.5 flag_PM10-PM2.5 PM2.5 flag_PM2.5 K+ flag_K+ SO4-- flag_SO4--
  0.333333   1.333333   2.38 0.000  0.41 0.000 9.999 0.259000 0.22 0.000000 0.004 0.000  0.289 0.000  0.521 0.000   0.662 0.000  0.172 0.000  0.489 0.000 0.008 0.000 0.010 0.000
  3.333333   4.333333   2.64 0.000  0.38 0.000 9.999 0.259000 0.19 0.000000 0.034 0.000  0.131 0.000  0.235 0.000   0.947 0.000 99.999 0.259  0.963 0.000 0.006 0.000 0.117 0.000
  6.333333   7.333333   9.43 0.000  0.45 0.000 9.999 0.259000 9.99 0.259000 0.021 0.000  0.250 0.000  0.450 0.000   0.784 0.000  0.050 0.000  0.733 0.000 0.006 0.000 0.036 0.000
  9.333333  10.333333   1.11 0.000 99.99 0.259 9.999 0.259000 0.15 0.000000 0.010 0.000  0.474 0.000  0.852 0.000   0.949 0.000  0.287 0.000  0.662 0.000 0.002 0.000 0.023 0.000
 12.333333  13.333333   9.57 0.000 99.99 0.259 9.999 0.259000 9.99 0.259000 0.007 0.000  0.040 0.000  0.071 0.000   0.741 0.000  0.354 0.000  0.387 0.000 0.006 0.000 0.024 0.000
 15.333333  16.333333   2.66 0.000  0.39 0.000 9.999 0.259000 0.19 0.000000 0.009 0.559  0.069 0.000  0.124 0.000   0.737 0.000  0.176 0.000  0.561 0.000 0.005 0.000 0.027 0.559
 18.333333  19.333333  10.69 0.000 99.99 0.259 9.999 0.259000 9.99 0.259000 0.003 0.000  0.177 0.000  0.319 0.000   1.343 0.000  0.694 0.000  0.649 0.000 0.018 0.000 0.066 0.000
 21.333333  22.333333  11.97 0.000  0.23 0.000 9.999 0.259000 0.24 0.000000 0.004 0.000  0.133 0.000  0.240 0.000   2.656 0.000  1.942 0.000  0.714 0.000 0.010 0.000 0.046 0.000
 24.333333  25.333333  13.89 0.000  1.04 0.000 9.999 0.259000 9.99 0.259000 0.058 0.000  0.655 0.000  1.179 0.000   4.107 0.000  1.831 0.000  2.304 0.000 0.021 0.000 0.223 0.000
 27.333333  28.333333   3.24 0.000 99.99 0.259 9.999 0.259000 9.99 0.259000 0.013 0.000  0.087 0.000  0.157 0.000   0.410 0.000  0.049 0.000  0.360 0.000 0.003 0.000 0.022 0.000
 30.333333  31.333333  13.78 0.000  1.12 0.000 9.999 0.259000 9.99 0.259000 0.006 0.000  0.049 0.000  0.089 0.000   1.472 0.000  0.763 0.000  0.709 0.000 0.012 0.000 0.067 0.000
 33.333333  34.333333  25.04 0.000  0.55 0.000 9.999 0.259000 0.12 0.000000 0.002 0.000  0.254 0.000  0.456 0.000   2.856 0.000  2.149 0.000  0.706 0.000 0.011 0.000 0.035 0.000
 36.333333  37.333333   2.59 0.000  0.28 0.000 9.999 0.259000 9.99 0.259000 0.001 0.000  0.014 0.000  0.025 0.000   0.328 0.000  0.147 0.000  0.181 0.000 0.002 0.000 0.014 0.000
 39.333333  40.333333  14.91 0.000  0.33 0.000 0.011 0.000000 9.99 0.259000 0.014 0.000  0.454 0.000  0.818 0.000   3.538 0.000  2.161 0.000  1.376 0.000 0.018 0.000 0.036 0.000
 42.333333  43.333333  13.70 0.000  0.49 0.000 9.999 0.259000 0.22 0.000000 0.090 0.000  0.710 0.000  1.278 0.000   2.631 0.000  0.615 0.000  2.016 0.000 0.017 0.000 0.093 0.000
 45.333333  46.333333  13.80 0.000  0.45 0.000 9.999 0.259000 0.15 0.000000 0.005 0.000  0.140 0.000  0.253 0.000   1.564 0.000  0.877 0.000  0.687 0.000 0.008 0.000 0.050 0.000
 48.333333  49.333333  17.54 0.000  0.54 0.000 9.999 0.259000 0.16 0.000000 0.021 0.000  0.394 0.000  0.708 0.000   2.835 0.000  1.605 0.000  1.230 0.000 0.012 0.000 0.123 0.000
 51.333333  52.333333   3.38 0.000  0.31 0.000 0.010 0.000000 9.99 0.259000 0.006 0.000  0.147 0.000  0.265 0.000   0.737 0.000  0.348 0.000  0.389 0.000 0.003 0.000 0.028 0.000
 54.333333  55.333333  19.49 0.000  0.46 0.000 9.999 0.259000 9.99 0.259000 0.013 0.000  0.327 0.000  0.589 0.000   3.740 0.000  2.369 0.000  1.372 0.000 0.015 0.000 0.083 0.000
 57.333333  58.333333  10.04 0.000  0.93 0.000 9.999 0.259000 9.99 0.259000 0.115 0.000  0.560 0.000  1.009 0.000   2.382 0.000  0.823 0.000  1.559 0.000 0.017 0.000 0.136 0.000
 60.333333  61.333333   6.73 0.000  0.54 0.000 9.999 0.259000 9.99 0.259000 0.005 0.000  0.009 0.000  0.016 0.000   0.368 0.000 99.999 0.259  0.417 0.000 0.003 0.000 0.011 0.000
 63.333333  64.333333  38.83 0.000  0.50 0.000 9.999 0.259000 9.99 0.259000 0.018 0.000  0.357 0.000  0.643 0.000   4.377 0.000  2.510 0.000  1.868 0.000 0.016 0.000 0.056 0.000
 66.333333  67.333333  62.34 0.000  0.76 0.000 9.999 0.259000 9.99 0.259000 0.006 0.000  0.253 0.000  0.456 0.000   4.195 0.000  2.223 0.000  1.972 0.000 0.027 0.000 0.059 0.000
 69.333333  70.333333  58.34 0.000  0.86 0.000 9.999 0.259000 9.99 0.259000 0.009 0.000  0.454 0.000  0.817 0.000   6.091 0.000  3.529 0.000  2.562 0.000 0.031 0.000 0.087 0.000
 72.333333  73.333333  96.29 0.000  2.37 0.000 9.999 0.259000 9.99 0.259000 0.016 0.000  0.324 0.000  0.583 0.000   7.322 0.000  4.017 0.000  3.304 0.000 0.061 0.000 0.228 0.000
 75.333333  76.333333  63.87 0.000  0.63 0.000 9.999 0.259000 9.99 0.259000 0.018 0.000  0.179 0.000  0.323 0.000   2.635 0.000  0.205 0.000  2.431 0.000 0.023 0.000 0.113 0.000
 78.333333  79.333333  19.71 0.000  0.31 0.000 9.999 0.259000 0.05 0.000000 0.002 0.000 99.999 0.259 99.999 0.259   0.574 0.000 99.999 0.259  0.633 0.000 0.007 0.000 0.016 0.000
 81.333333  82.333333  16.25 0.000  0.58 0.000 9.999 0.259000 9.99 0.259000 0.011 0.000  0.080 0.000  0.143 0.000   1.310 0.000  0.465 0.000  0.845 0.000 0.009 0.000 0.075 0.000
 84.333333  85.333333   4.06 0.000  0.39 0.000 9.999 0.259000 9.99 0.259000 0.005 0.000  0.124 0.000  0.223 0.000   0.246 0.000 99.999 0.259  0.328 0.000 0.006 0.000 0.033 0.000
 87.333333  88.333333  10.97 0.000  0.39 0.000 9.999 0.259000 9.99 0.259000 0.003 0.000  0.041 0.000  0.074 0.000   0.699 0.000  0.007 0.000  0.692 0.000 0.007 0.000 0.063 0.000
 90.333333  91.333333  12.81 0.000  0.95 0.000 0.010 0.000000 9.99 0.259000 0.027 0.000  0.300 0.000  0.541 0.000   2.703 0.000  1.123 0.000  1.580 0.000 0.012 0.000 0.152 0.000
 93.333333  94.333333   4.71 0.000  1.16 0.000 9.999 0.259000 9.99 0.259000 0.006 0.000  0.031 0.000  0.056 0.000   1.110 0.000  0.329 0.000  0.780 0.000 0.009 0.000 0.142 0.000
 96.333333  97.333333  36.44 0.000  1.45 0.000 9.999 0.259000 0.15 0.000000 0.074 0.000  0.342 0.000  0.616 0.000   2.619 0.000  0.631 0.000  1.988 0.000 0.024 0.000 0.191 0.000
 99.333333 100.333333  82.54 0.000  4.94 0.000 0.017 0.000000 9.99 0.259000 0.027 0.000  0.406 0.000  0.732 0.000   8.439 0.000  3.319 0.000  5.119 0.000 0.089 0.000 0.686 0.000
102.333333 103.333333  10.21 0.000  0.21 0.000 9.999 0.259000 9.99 0.259000 0.005 0.000  0.020 0.000  0.036 0.000   0.820 0.000  0.131 0.000  0.688 0.000 0.008 0.000 0.039 0.000
105.333333 106.333333  20.84 0.000  0.64 0.000 9.999 0.259000 9.99 0.259000 0.003 0.000  0.151 0.000  0.272 0.000   1.263 0.000  0.520 0.000  0.743 0.000 0.012 0.000 0.046 0.000
108.333333 109.333333  16.75 0.000  0.64 0.000 0.008 0.000000 0.26 0.000000 0.029 0.000  0.238 0.000  0.428 0.000   2.820 0.000  1.511 0.000  1.333 0.000 0.010 0.000 0.140 0.000
111.333333 112.333333  66.24 0.000  0.77 0.000 0.020 0.000000 9.99 0.259000 0.036 0.000  0.511 0.000  0.920 0.000   6.235 0.000  2.891 0.000  3.343 0.000 0.039 0.000 0.232 0.000
114.333333 115.333333  41.39 0.000  0.72 0.000 9.999 0.259000 0.15 0.000000 0.013 0.000  0.410 0.000  0.739 0.000   3.595 0.000  1.881 0.000  1.714 0.000 0.026 0.000 0.055 0.000
117.333333 118.333333  57.42 0.000  0.68 0.000 0.017 0.000000 0.14 0.000000 0.027 0.000  0.428 0.000  0.770 0.000   4.725 0.000  1.713 0.000  3.015 0.000 0.034 0.000 0.210 0.000
120.333333 121.333333  27.82 0.000  0.50 0.000 0.008 0.000000 9.99 0.259000 0.008 0.000  0.269 0.000  0.485 0.000   2.280 0.000  0.261 0.000  2.019 0.000 0.016 0.000 0.155 0.000
123.333333 124.333333  49.46 0.000  1.46 0.000 0.011 0.000000 9.99 0.259000 0.010 0.000  0.252 0.000  0.453 0.000   3.507 0.000  1.178 0.000  2.329 0.000 0.033 0.000 0.263 0.000
126.333333 127.333333  42.62 0.000  0.57 0.000 9.999 0.259000 9.99 0.259000 0.004 0.000  0.044 0.000  0.080 0.000   2.780 0.000  1.470 0.000  1.310 0.000 0.023 0.000 0.084 0.000
129.333333 130.333333  12.89 0.000  0.25 0.000 9.999 0.259000 0.32 0.000000 9.999 0.259  0.197 0.000  0.354 0.000   0.164 0.000 99.999 0.259  0.357 0.000 0.004 0.000 0.002 0.000
132.333333 133.333333  59.36 0.000  0.83 0.000 9.999 0.259000 9.99 0.259000 0.016 0.000  0.644 0.000  1.159 0.000   4.373 0.000  1.611 0.000  2.762 0.000 0.035 0.000 0.141 0.000
135.333333 136.333333   6.41 0.000  0.70 0.000 9.999 0.259000 9.99 0.259000 0.004 0.000  0.022 0.000  0.040 0.000   0.655 0.000  0.115 0.000  0.540 0.000 0.007 0.000 0.076 0.000
138.333333 139.333333  22.49 0.000  0.43 0.000 9.999 0.259000 9.99 0.259000 0.016 0.000  0.073 0.000  0.131 0.000   1.467 0.000  0.251 0.000  1.219 0.000 0.013 0.000 0.070 0.000
141.333333 142.333333  24.84 0.000  0.75 0.000 9.999 0.259000 9.99 0.259000 0.028 0.000  0.176 0.000  0.317 0.000   3.180 0.000  1.219 0.000  1.961 0.000 0.022 0.000 0.137 0.000
144.333333 145.333333 999.99 0.999 99.99 0.999 9.999 0.999000 9.99 0.999000 9.999 0.999 99.999 0.999 99.999 0.999 999.999 0.999 99.999 0.999 99.999 0.999 9.999 0.999 9.999 0.999
147.333333 148.333333  32.70 0.000  0.56 0.000 9.999 0.259000 0.13 0.000000 0.014 0.000  0.780 0.000  1.404 0.000   4.567 0.000  1.432 0.000  3.135 0.000 0.033 0.000 0.249 0.000
150.333333 151.333333  37.12 0.000  0.91 0.000 9.999 0.259000 0.13 0.000000 0.016 0.000  0.680 0.000  1.223 0.000   3.755 0.000  0.899 0.000  2.856 0.000 0.024 0.000 0.213 0.000
153.333333 154.333333  30.27 0.000  0.49 0.000 0.007 0.000000 9.99 0.259000 0.015 0.000  0.429 0.000  0.772 0.000   2.726 0.000  0.661 0.000  2.065 0.000 0.017 0.000 0.123 0.000
156.333333 157.333333  10.52 0.000  0.24 0.000 9.999 0.259000 9.99 0.259000 0.002 0.000  0.055 0.000  0.099 0.000   0.575 0.000 99.999 0.259  1.198 0.000 0.005 0.000 0.032 0.000
159.333333 160.333333  33.08 0.000  0.45 0.000 0.013 0.000000 9.99 0.259000 0.012 0.000  0.370 0.000  0.667 0.000   4.129 0.000  2.189 0.000  1.940 0.000 0.016 0.000 0.073 0.000
162.333333 163.333333  11.86 0.000  0.35 0.000 9.999 0.259000 0.07 0.000000 0.005 0.000  0.065 0.000  0.116 0.000   1.423 0.000  0.530 0.000  0.893 0.000 0.008 0.000 0.072 0.000
165.333333 166.333333  20.99 0.000  0.37 0.000 9.999 0.259000 9.99 0.259000 0.016 0.000  0.273 0.000  0.491 0.000   3.376 0.000  1.821 0.000  1.555 0.000 0.014 0.000 0.111 0.000
168.333333 169.333333   1.69 0.000  0.36 0.000 9.999 0.259000 9.99 0.259000 0.005 0.000 99.999 0.259 99.999 0.259   0.739 0.000  0.258 0.000  0.480 0.000 0.002 0.000 0.025 0.000
171.333333 172.333333  20.12 0.000  0.54 0.000 0.012 0.000000 9.99 0.259000 0.062 0.000  0.933 0.000  1.679 0.000   6.434 0.000  2.949 0.000  3.485 0.000 0.025 0.000 0.269 0.000
174.333333 175.333333  32.86 0.000  1.09 0.000 9.999 0.259000 9.99 0.259000 0.026 0.000  0.736 0.000  1.325 0.000   5.652 0.000  2.690 0.000  2.963 0.000 0.023 0.000 0.154 0.000
177.333333 178.333333   3.84 0.000  0.41 0.000 9.999 0.259000 9.99 0.259000 0.004 0.000  0.184 0.000  0.331 0.000   1.425 0.000  0.587 0.000  0.837 0.000 0.007 0.000 0.066 0.000
180.333333 181.333333  45.70 0.000  0.60 0.000 9.999 0.259000 9.99 0.259000 0.008 0.000  0.884 0.000  1.591 0.000   6.132 0.000  3.229 0.000  2.907 0.000 0.022 0.000 0.122 0.000
183.333333 184.333333  15.27 0.000 99.99 0.259 9.999 0.259000 9.99 0.259000 0.006 0.000  0.622 0.000  1.119 0.000   3.773 0.000  1.544 0.000  2.246 0.000 0.021 0.000 0.100 0.000
186.333333 187.333333  23.86 0.000  0.26 0.000 9.999 0.259000 9.99 0.259000 0.007 0.000  0.399 0.000  0.717 0.000   3.810 0.000  2.016 0.000  1.794 0.000 0.017 0.000 0.156 0.000
189.333333 190.333333   9.12 0.000  0.26 0.000 9.999 0.259000 9.99 0.259000 0.004 0.000  0.233 0.000  0.419 0.000   1.703 0.000  0.790 0.000  0.921 0.000 0.010 0.000 0.119 0.000
192.333333 193.333333  15.06 0.000  0.25 0.000 9.999 0.259000 9.99 0.259000 0.006 0.000  0.349 0.000  0.628 0.000   3.769 0.000  2.538 0.000  1.265 0.000 0.009 0.000 0.063 0.000
195.333333 196.333333  42.14 0.000  0.29 0.000 9.999 0.259000 9.99 0.259000 0.013 0.000  1.153 0.000  2.075 0.000   7.918 0.000  3.512 0.000  4.406 0.000 0.027 0.000 0.258 0.000
198.333333 199.333333  25.34 0.000  0.22 0.000 9.999 0.259000 9.99 0.259000 0.009 0.000  0.704 0.000  1.266 0.000   7.640 0.000  4.723 0.000  2.921 0.000 0.025 0.000 0.228 0.000
201.333333 202.333333  56.84 0.000  0.42 0.000 9.999 0.259000 9.99 0.259000 0.013 0.000  1.313 0.000  2.364 0.000  10.494 0.000  5.806 0.000  4.749 0.000 0.049 0.000 0.257 0.000
204.333333 205.333333  14.83 0.000 99.99 0.259 9.999 0.259000 9.99 0.259000 0.030 0.000  0.448 0.000  0.807 0.000   3.994 0.000  1.626 0.000  2.368 0.000 0.022 0.000 0.169 0.000
207.333333 208.333333  79.33 0.000  0.40 0.000 0.009 0.000000 9.99 0.259000 0.011 0.000  1.493 0.000  2.688 0.000  10.691 0.000  6.244 0.000  4.447 0.000 0.038 0.000 0.104 0.000
210.333333 211.333333  44.52 0.000  0.35 0.000 9.999 0.259000 9.99 0.259000 0.011 0.000  1.513 0.000  2.723 0.000   6.888 0.000  2.718 0.000  4.170 0.000 0.027 0.000 0.184 0.000
213.333333 214.333333  23.18 0.000 99.99 0.259 9.999 0.259000 9.99 0.259000 0.006 0.000  0.425 0.000  0.765 0.000   3.783 0.000  2.150 0.000  1.662 0.000 0.019 0.000 0.079 0.000
216.333333 217.333333  70.63 0.000  0.29 0.000 9.999 0.259000 9.99 0.259000 0.021 0.000  2.086 0.000  3.755 0.000  10.960 0.000  4.861 0.000  6.099 0.000 0.058 0.000 0.177 0.000
219.333333 220.333333  42.20 0.000  0.34 0.000 9.999 0.259000 0.12 0.000000 0.012 0.000  1.362 0.000  2.452 0.000   8.297 0.000  4.192 0.000  4.105 0.000 0.024 0.000 0.155 0.000
222.333333 223.333333  52.76 0.000  0.27 0.000 9.999 0.259000 0.08 0.000000 0.011 0.000  0.406 0.000  0.730 0.000   4.551 0.000  2.503 0.000  2.051 0.000 0.043 0.000 0.142 0.000
225.333333 226.333333  92.12 0.000  0.36 0.000 9.999 0.259000 9.99 0.259000 0.008 0.000  1.240 0.000  2.232 0.000  10.418 0.000  6.636 0.000  3.781 0.000 0.037 0.000 0.086 0.000
228.333333 229.333333  42.00 0.000  0.21 0.000 9.999 0.259000 0.09 0.000000 0.007 0.000  0.781 0.000  1.406 0.000   4.421 0.000  2.094 0.000  2.327 0.000 0.021 0.000 0.082 0.000
231.333333 232.333333  37.00 0.000  0.37 0.000 9.999 0.259000 0.09 0.000000 0.009 0.000  1.631 0.000  2.936 0.000   7.427 0.000  2.970 0.000  4.456 0.000 0.060 0.000 0.166 0.000
234.333333 235.333333  19.26 0.000 99.99 0.259 0.006 0.000000 0.09 0.000000 0.016 0.000  0.752 0.000  1.353 0.000   3.257 0.000  1.287 0.000  1.970 0.000 0.013 0.000 0.095 0.000
237.333333 238.333333  85.50 0.000  0.58 0.000 9.999 0.259000 0.35 0.000000 0.039 0.000  2.456 0.000  4.420 0.000  11.254 0.000  3.653 0.000  7.590 0.000 0.101 0.000 0.198 0.000
240.333333 241.333333   7.70 0.000  0.10 0.000 0.009 0.000000 9.99 0.259000 0.018 0.000  0.206 0.000  0.371 0.000   2.355 0.000  0.916 0.000  1.421 0.000 0.010 0.000 0.124 0.000
243.333333 244.333333 999.99 0.999 99.99 0.999 9.999 0.999000 9.99 0.999000 9.999 0.999 99.999 0.999 99.999 0.999 999.999 0.999 99.999 0.999 99.999 0.999 9.999 0.999 9.999 0.999
246.333333 247.333333  12.45 0.000  0.41 0.000 0.006 0.000000 9.99 0.259000 0.014 0.000  0.464 0.000  0.835 0.000   2.229 0.000  1.040 0.000  1.171 0.000 0.010 0.000 0.110 0.000
249.333333 250.333333  44.30 0.000  0.58 0.000 9.999 0.259000 0.08 0.000000 0.016 0.000  0.845 0.000  1.520 0.000   6.487 0.000  3.801 0.000  2.686 0.000 0.030 0.000 0.125 0.000
252.333333 253.333333   0.82 0.000  0.24 0.000 9.999 0.259000 9.99 0.259000 0.005 0.000  0.115 0.000  0.208 0.000   0.958 0.000  0.358 0.000  0.593 0.000 0.004 0.000 0.045 0.000
255.333333 256.333333   9.85 0.000  0.54 0.000 9.999 0.259000 9.99 0.259000 0.035 0.000  0.989 0.000  1.779 0.000   4.474 0.000  1.626 0.000  2.815 0.000 0.054 0.000 0.084 0.000
258.333333 259.333333  10.51 0.000  0.50 0.000 9.999 0.259000 9.99 0.259000 0.017 0.000  0.550 0.000  0.990 0.000   2.390 0.000  0.667 0.000  1.722 0.000 0.039 0.000 0.102 0.000
261.333333 262.333333  15.39 0.000  0.61 0.000 9.999 0.259000 9.99 0.259000 0.009 0.000  0.628 0.000  1.131 0.000   3.229 0.000  1.205 0.000  2.000 0.000 0.015 0.000 0.129 0.000
264.333333 265.333333  17.35 0.000  0.57 0.000 9.999 0.259000 0.11 0.000000 0.026 0.000  0.739 0.000  1.329 0.000   3.736 0.000  1.799 0.000  1.926 0.000 0.036 0.000 0.106 0.000
