scripts/IMPROVE-2019_partial/data/US0035R.20160101060000.20191216000000.filterpack...52w.3d.US03L_filterpack_US0035.US03L_IMPROVE_Davis.lev2.nas
52 1001
MISSING INFORMATION
US03L, IMPROVE, , , , , , , 
MISSING INFORMATION
IMPROVE sel_HTAP
1 1
2016 01 01 2019 12 16
3.00
days from file reference point
5
1 1 1 1 1
999.99 999.999 9.999 999.999 9.999
end_time of measurement, days from the file reference point
pm10_mass, ug/m3, Matrix=pm10
numflag pm10_mass, no unit, Matrix=pm10
pm25_mass, ug/m3, Matrix=pm25
numflag pm25_mass, no unit, Matrix=pm25
0
33
Data definition:              EBAS_1.1
Set type code:                TU
Timezone:                     UTC
File name:                    US0035R.20160101060000.20191216000000.filterpack...52w.3d.US03L_filterpack_US0035.US03L_IMPROVE_Davis.lev2.nas
File creation:                20191218115742
Startdate:                    20160101060000
Revision date:                20191216000000
Version:                      2
Version description:          "Data extracted from http://views.cira.colostate.edu/fed/DataWizard 2019-12-16"
Statistics:                   arithmetic mean
Data level:                   2
Period code:                  52w
Resolution code:              3d
Sample duration:              1d
Orig. time res.:              3d
Station code:                 US0035R
Platform code:                US0035S
Station name:                 Bondville
Station latitude:             40.05
Station longitude:            -88.36667
Station altitude:             213.0 m
Regime:                       IMG
Component:                    
Unit:                         ug/m3
Matrix:                       
Laboratory code:              US03L
Instrument type:              filterpack
Instrument name:              filterpack_US0035
Method ref:                   US03L_IMPROVE_Davis
Blank correction:             Blank corrected
Volume std. temperature:      ambient
Volume std. pressure:         ambient
starttime endtime PM10 flag_PM10 PM2.5 flag_PM2.5
  0.25   1.25   8.714 0.000   8.446 0.000
  3.25   4.25   2.700 0.000   1.847 0.000
  6.25   7.25   9.920 0.000   6.405 0.000
  9.25  10.25   6.654 0.000   3.116 0.000
 12.25  13.25  10.141 0.000   4.248 0.000
 15.25  16.25  13.966 0.000  10.040 0.000
 18.25  19.25   8.262 0.000   3.638 0.000
 21.25  22.25  21.487 0.000  18.511 0.000
 24.25  25.25   9.432 0.000   8.002 0.000
 27.25  28.25   5.239 0.000   4.418 0.000
 30.25  31.25  12.117 0.000   8.701 0.000
 33.25  34.25   6.181 0.000   2.732 0.000
 36.25  37.25  16.997 0.000  13.003 0.000
 39.25  40.25  14.818 0.000   5.663 0.000
 42.25  43.25  13.589 0.000   6.420 0.000
 45.25  46.25  19.839 0.000  16.473 0.000
 48.25  49.25  18.064 0.000  14.163 0.000
 51.25  52.25   7.280 0.000   5.691 0.000
 54.25  55.25   8.144 0.000 999.999 0.456
 57.25  58.25  12.161 0.000 999.999 0.456
 60.25  61.25   6.410 0.000 999.999 0.456
 63.25  64.25  14.156 0.000   9.654 0.000
 66.25  67.25  10.536 0.000   6.235 0.000
 69.25  70.25   9.690 0.000   6.224 0.000
 72.25  73.25   4.817 0.000   4.401 0.000
 75.25  76.25   4.518 0.000   1.144 0.000
 78.25  79.25  11.630 0.000   7.922 0.000
 81.25  82.25  22.629 0.000   6.670 0.000
 84.25  85.25   6.483 0.000   4.213 0.000
 87.25  88.25   4.500 0.000   2.594 0.000
 90.25  91.25   6.636 0.000   3.066 0.000
 93.25  94.25   8.753 0.000   4.851 0.000
 96.25  97.25   7.813 0.000   1.564 0.000
 99.25 100.25   2.721 0.000   1.880 0.000
102.25 103.25   8.637 0.000   3.485 0.000
105.25 106.25  19.490 0.000   7.767 0.000
108.25 109.25  38.100 0.000   8.735 0.000
111.25 112.25  11.963 0.000   4.748 0.000
114.25 115.25  26.085 0.000   8.092 0.000
117.25 118.25  26.335 0.000  19.372 0.000
120.25 121.25  11.596 0.000   9.570 0.000
123.25 124.25   9.013 0.000   4.620 0.000
126.25 127.25  31.663 0.000   5.064 0.000
129.25 130.25  14.201 0.000  10.568 0.000
132.25 133.25  11.309 0.000   3.783 0.000
135.25 136.25   6.002 0.000   2.037 0.000
138.25 139.25  15.343 0.000   4.638 0.000
141.25 142.25  23.374 0.000   6.684 0.000
144.25 145.25  27.776 0.000   9.756 0.000
147.25 148.25  11.804 0.000   5.341 0.000
150.25 151.25   9.377 0.000   4.068 0.000
153.25 154.25  12.834 0.000   3.522 0.000
156.25 157.25  12.149 0.000   3.980 0.000
159.25 160.25  11.022 0.000   3.111 0.000
162.25 163.25  22.112 0.000  10.398 0.000
165.25 166.25  14.080 0.000   8.466 0.000
168.25 169.25  17.219 0.000   7.342 0.000
171.25 172.25  19.595 0.000  10.102 0.000
174.25 175.25  19.420 0.000   8.484 0.000
177.25 178.25  12.115 0.000   7.288 0.000
180.25 181.25   8.468 0.000   3.238 0.000
183.25 184.25   5.920 0.000   3.027 0.000
186.25 187.25   8.575 0.000   6.032 0.000
189.25 190.25   7.710 0.000   3.473 0.000
192.25 193.25  18.412 0.000  11.801 0.000
195.25 196.25   8.867 0.000   3.956 0.000
198.25 199.25  13.601 0.000   7.664 0.000
201.25 202.25   7.914 0.000   4.852 0.000
204.25 205.25  10.321 0.000   7.320 0.000
207.25 208.25  11.098 0.000   5.997 0.000
210.25 211.25  10.436 0.000   4.571 0.000
213.25 214.25  13.171 0.000   8.693 0.000
216.25 217.25  17.283 0.000  10.838 0.000
219.25 220.25   7.992 0.000   4.119 0.000
222.25 223.25  19.047 0.000  12.286 0.000
225.25 226.25   8.090 0.000   4.589 0.000
228.25 229.25   9.725 0.000   5.726 0.000
231.25 232.25  13.753 0.000   8.826 0.000
234.25 235.25   6.721 0.000   3.948 0.000
237.25 238.25   8.930 0.000   4.337 0.000
240.25 241.25  12.229 0.000   6.935 0.000
243.25 244.25  12.148 0.000   5.160 0.000
246.25 247.25  10.516 0.000   4.942 0.000
249.25 250.25  18.413 0.000   8.734 0.000
252.25 253.25  12.364 0.000   4.439 0.000
255.25 256.25  11.156 0.000   4.899 0.000
258.25 259.25  16.796 0.000   6.910 0.000
261.25 262.25  11.921 0.000   3.815 0.000
264.25 265.25  27.274 0.000   8.971 0.000
267.25 268.25  33.309 0.000  15.470 0.000
270.25 271.25  20.235 0.000   3.094 0.000
273.25 274.25  11.018 0.000   3.028 0.000
276.25 277.25  13.934 0.000   3.920 0.000
279.25 280.25  27.500 0.000   9.954 0.000
282.25 283.25  16.846 0.000   4.350 0.000
285.25 286.25  21.026 0.000   8.611 0.000
288.25 289.25  16.931 0.000   8.997 0.000
291.25 292.25  22.382 0.000   8.103 0.000
294.25 295.25   7.950 0.000   2.364 0.000
297.25 298.25  17.014 0.000   3.976 0.000
300.25 301.25   4.295 0.000   2.587 0.000
303.25 304.25   8.445 0.000   4.266 0.000
306.25 307.25  21.088 0.000   9.811 0.000
309.25 310.25   7.179 0.000   4.197 0.000
312.25 313.25  18.448 0.000  11.042 0.000
315.25 316.25   8.842 0.000   2.433 0.000
318.25 319.25  17.889 0.000   7.839 0.000
321.25 322.25  25.525 0.000  10.595 0.000
324.25 325.25   5.559 0.000   3.254 0.000
327.25 328.25  10.916 0.000   9.314 0.000
330.25 331.25  12.339 0.000   9.157 0.000
333.25 334.25  10.547 0.000   3.912 0.000
336.25 337.25   7.300 0.000   4.880 0.000
339.25 340.25   7.060 0.000   5.904 0.000
342.25 343.25  10.141 0.000   3.950 0.000
345.25 346.25   8.989 0.000   6.967 0.000
348.25 349.25   8.598 0.000   4.038 0.000
351.25 352.25  10.396 0.000   9.311 0.000
354.25 355.25  13.038 0.000   8.727 0.000
357.25 358.25  14.268 0.000  11.833 0.000
360.25 361.25   6.356 0.000   2.566 0.000
363.25 364.25   3.452 0.000   1.141 0.000
