scripts/IMPROVE-2019_partial/data/US0041R.20030103060000.20191216000000.filterpack..pm25.1y.1w.US03L_filterpack_US0041.US03L_IMPROVE_Davis.lev2.nas
64 1001
MISSING INFORMATION
US03L, IMPROVE, , , , , , , 
MISSING INFORMATION
IMPROVE sel_HTAP
1 1
2003 01 01 2019 12 16
3.00
days from file reference point
25
1 1 1 1 1 1 1 1 1 1 1 1 1 1 1 1 1 1 1 1 1 1 1 1 1
999.99 9999.99 9.999 99.99 9.999 9.999 9.999999 99.99 9.999 9.999 9.999 99.999 9.999 99.999 9.999 999.999 9.999 999.999 9.999 999.999 9.999 9.999 9.999 99.999 9.999
end_time of measurement, days from the file reference point
iron, ng/m3, Revision date=20181210133000
numflag iron, no unit, Revision date=20181210133000
lead, ng/m3, Revision date=20181210133000
numflag lead, no unit, Revision date=20181210133000
magnesium, ug/m3, Revision date=20181210133000
numflag magnesium, no unit, Revision date=20181210133000
nickel, ng/m3, Revision date=20181210133000
numflag nickel, no unit, Revision date=20181210133000
nitrate, ug N/m3, Revision date=20181210133000
numflag nitrate, no unit, Revision date=20181210133000
organic_carbon, ug C/m3, Revision date=20181210133000
numflag organic_carbon, no unit, Revision date=20181210133000
organic_mass, ug/m3, Revision date=20181210133000
numflag organic_mass, no unit, Revision date=20181210133000
pm10_mass, ug/m3, Version=2, Version description=Data extracted from http://views.cira.colostate.edu/fed/DataWizard 2019-12-16, Sample duration=1d, Orig. time res.=3d, Matrix=pm10, Blank correction=Blank corrected, Volume std. temperature=ambient, Volume std. pressure=ambient
numflag pm10_mass, no unit, Version=2, Version description=Data extracted from http://views.cira.colostate.edu/fed/DataWizard 2019-12-16, Sample duration=1d, Orig. time res.=3d, Matrix=pm10, Blank correction=Blank corrected, Volume std. temperature=ambient, Volume std. pressure=ambient
pm10_pm25_mass, ug/m3, Revision date=20181210133000, Matrix=pm10_pm25
numflag pm10_pm25_mass, no unit, Revision date=20181210133000, Matrix=pm10_pm25
pm25_mass, ug/m3, Version=2, Version description=Data extracted from http://views.cira.colostate.edu/fed/DataWizard 2019-12-16, Sample duration=1d, Orig. time res.=3d, Blank correction=Blank corrected, Volume std. temperature=ambient, Volume std. pressure=ambient
numflag pm25_mass, no unit, Version=2, Version description=Data extracted from http://views.cira.colostate.edu/fed/DataWizard 2019-12-16, Sample duration=1d, Orig. time res.=3d, Blank correction=Blank corrected, Volume std. temperature=ambient, Volume std. pressure=ambient
potassium, ug/m3, Revision date=20181210133000
numflag potassium, no unit, Revision date=20181210133000
sulphate_total, ug S/m3, Revision date=20181210133000
numflag sulphate_total, no unit, Revision date=20181210133000
0
25
Data definition:              EBAS_1.1
Set type code:                TU
Timezone:                     UTC
File name:                    US0041R.20030103060000.20191216000000.filterpack..pm25.1y.1w.US03L_filterpack_US0041.US03L_IMPROVE_Davis.lev2.nas
File creation:                20191218115757
Startdate:                    20030103060000
Revision date:                20191216000000
Statistics:                   arithmetic mean
Data level:                   2
Period code:                  1y
Resolution code:              1w
Station code:                 US0041R
Platform code:                US0041S
Station name:                 Breton
Station latitude:             29.1189
Station longitude:            -89.2066
Station altitude:             11.0 m
Regime:                       IMG
Component:                    
Matrix:                       pm25
Laboratory code:              US03L
Instrument type:              filterpack
Instrument name:              filterpack_US0041
Method ref:                   US03L_IMPROVE_Davis
starttime endtime Fe flag_Fe Pb flag_Pb Mg++ flag_Mg++ Ni flag_Ni NO3- flag_NO3- OC flag_OC OM flag_OM PM10 flag_PM10 PM10-PM2.5 flag_PM10-PM2.5 PM2.5 flag_PM2.5 K+ flag_K+ SO4-- flag_SO4--
  2.25   3.25   11.15 0.000  1.52 0.000 9.999 0.259000  1.07 0.000 0.123 0.000  0.902 0.000  1.262 0.000   7.304 0.000   1.994 0.000   5.311 0.000 0.030 0.000  0.725 0.000
  5.25   6.25   13.80 0.000  1.15 0.000 9.999 0.259000  0.97 0.000 0.320 0.000  1.293 0.000  1.810 0.000  10.758 0.000   5.325 0.000   5.434 0.000 0.034 0.000  0.524 0.000
  8.25   9.25   15.61 0.000  0.87 0.000 0.017 0.000000  2.00 0.000 0.292 0.000  1.670 0.000  2.338 0.000  14.824 0.000   6.771 0.000   8.053 0.000 0.026 0.000  0.872 0.000
 11.25  12.25   15.08 0.000  1.17 0.000 0.036 0.000000  0.19 0.000 0.118 0.000  1.170 0.000  1.638 0.000   9.967 0.000   5.463 0.000   4.504 0.000 0.036 0.000  0.404 0.000
 14.25  15.25   21.49 0.000  2.10 0.000 0.030 0.000000  0.35 0.000 0.767 0.000  2.391 0.000  3.348 0.000  19.379 0.000   6.628 0.000  12.751 0.000 0.058 0.000  1.175 0.000
 17.25  18.25   12.73 0.000  0.99 0.000 9.999 0.259000  0.53 0.000 0.216 0.000  1.601 0.000  2.241 0.000   7.270 0.000   2.409 0.000   4.861 0.000 0.127 0.000  0.339 0.000
 20.25  21.25 9999.99 0.456 99.99 0.456 9.999 0.456000 99.99 0.456 0.172 0.000  0.647 0.000  0.906 0.000  11.806 0.000 999.999 0.999 999.999 0.456 9.999 0.456  0.583 0.000
 23.25  24.25   11.06 0.000  1.45 0.000 9.999 0.259000 99.99 0.259 0.227 0.000  0.881 0.000  1.234 0.000   7.808 0.000   4.002 0.000   3.806 0.000 0.026 0.000  0.385 0.000
 26.25  27.25   20.77 0.000  2.20 0.000 9.999 0.259000  0.14 0.000 0.557 0.000  4.059 0.000  5.682 0.000  18.279 0.000   6.705 0.000  11.574 0.000 0.071 0.000  0.837 0.000
 29.25  30.25    7.38 0.000  0.61 0.000 9.999 0.259000  0.92 0.000 0.275 0.000  1.380 0.000  1.932 0.000   8.233 0.000   2.578 0.000   5.655 0.000 0.027 0.000  0.661 0.000
 32.25  33.25    7.42 0.000  1.57 0.000 0.018 0.000000  2.58 0.000 0.477 0.000  1.153 0.000  1.615 0.000  11.741 0.000   3.526 0.000   8.215 0.000 0.038 0.000  1.176 0.000
 35.25  36.25    8.39 0.000  0.77 0.000 0.026 0.000000 99.99 0.259 0.106 0.000  0.992 0.000  1.388 0.000   9.379 0.000   5.347 0.000   4.031 0.000 0.024 0.000  0.459 0.000
 38.25  39.25    9.50 0.000  0.98 0.000 0.039 0.000000  0.17 0.000 0.094 0.000  0.741 0.000  1.038 0.000  10.453 0.000   3.918 0.000   6.534 0.000 0.022 0.000  1.151 0.000
 41.25  42.25    8.61 0.000  0.83 0.000 9.999 0.259000 99.99 0.259 0.205 0.000  0.758 0.000  1.061 0.000   8.169 0.000   3.017 0.000   5.152 0.000 0.027 0.000  0.820 0.000
 44.25  45.25   18.55 0.000  0.76 0.000 9.999 0.259000  0.64 0.000 0.168 0.000  1.907 0.000  2.669 0.000  20.475 0.000   9.895 0.000  10.581 0.000 0.080 0.000  1.201 0.000
 47.25  48.25    8.10 0.000  0.38 0.000 9.999 0.259000  1.04 0.000 0.029 0.000  0.650 0.000  0.910 0.000   6.189 0.000   0.988 0.000   5.201 0.000 0.012 0.000  0.951 0.000
 50.25  51.25    4.72 0.000  0.32 0.000 0.018 0.000000  0.45 0.000 0.096 0.000  0.541 0.000  0.758 0.000  10.256 0.000   4.342 0.000   5.915 0.000 0.026 0.000  1.001 0.000
 53.25  54.25    6.05 0.000  0.62 0.000 9.999 0.259000  0.25 0.000 0.101 0.000  0.511 0.000  0.715 0.000   6.698 0.000   2.891 0.000   3.806 0.000 0.014 0.000  0.590 0.000
 56.25  57.25   11.65 0.000  0.40 0.000 9.999 0.259000  0.59 0.000 0.143 0.000  0.667 0.000  0.935 0.000   8.370 0.000   3.147 0.000   5.223 0.000 0.036 0.000  0.752 0.000
 59.25  60.25    9.72 0.000  0.64 0.000 9.999 0.259000  0.29 0.000 0.357 0.000  1.241 0.000  1.738 0.000  15.950 0.000   4.655 0.000  11.296 0.000 0.039 0.000  1.504 0.000
 62.25  63.25    4.32 0.000 99.99 0.259 0.032 0.000000  0.20 0.000 0.093 0.000  0.287 0.000  0.402 0.000  11.098 0.000   7.673 0.000   3.425 0.000 0.029 0.000  0.279 0.000
 65.25  66.25   10.41 0.000  0.17 0.000 9.999 0.259000  0.19 0.000 0.150 0.000  0.653 0.000  0.914 0.000  10.969 0.000   6.826 0.000   4.143 0.000 0.031 0.000  0.423 0.000
 68.25  69.25   33.09 0.000  3.22 0.000 9.999 0.259000  0.82 0.000 0.408 0.000  2.426 0.000  3.397 0.000  20.225 0.000   5.079 0.000  15.146 0.000 0.048 0.000  2.117 0.000
 71.25  72.25   11.58 0.000  0.45 0.000 9.999 0.259000  0.42 0.000 0.160 0.000  0.620 0.000  0.867 0.000  13.611 0.000   8.280 0.000   5.331 0.000 0.052 0.000  0.670 0.000
 74.25  75.25   11.09 0.000  0.23 0.000 9.999 0.259000  0.37 0.000 0.175 0.000  0.502 0.000  0.703 0.000   6.587 0.000   3.356 0.000   3.231 0.000 0.024 0.000  0.393 0.000
 77.25  78.25   27.90 0.000  1.18 0.000 0.020 0.000000  1.52 0.000 0.091 0.000  1.018 0.000  1.425 0.000   8.405 0.000   2.873 0.000   5.532 0.000 0.056 0.000  0.645 0.000
 80.25  81.25   16.50 0.000  0.82 0.000 9.999 0.259000  1.36 0.000 0.226 0.559  2.545 0.000  3.563 0.000  13.424 0.000   1.830 0.000  11.594 0.000 0.035 0.000  1.562 0.559
 83.25  84.25   22.26 0.000  1.18 0.000 9.999 0.259000  0.30 0.000 0.169 0.000  1.266 0.000  1.772 0.000  13.351 0.000   3.702 0.000   9.649 0.000 0.038 0.000  1.360 0.000
 86.25  87.25   14.71 0.000  0.32 0.000 0.026 0.000000  0.53 0.000 0.136 0.000  0.375 0.000  0.525 0.000   5.912 0.000   2.529 0.000   3.382 0.000 0.025 0.000  0.443 0.000
 89.25  90.25   11.71 0.000  0.85 0.000 9.999 0.259000  0.20 0.000 0.102 0.000  1.406 0.000  1.969 0.000   7.625 0.000   2.217 0.000   5.408 0.000 0.027 0.000  0.633 0.000
 92.25  93.25   25.77 0.000  1.01 0.000 9.999 0.259000  0.46 0.000 0.118 0.000  0.550 0.000  0.770 0.000  18.399 0.000  10.531 0.000   7.868 0.000 0.051 0.000  1.238 0.000
 95.25  96.25   19.96 0.000  1.25 0.000 9.999 0.259000  0.75 0.000 0.137 0.000  0.605 0.000  0.847 0.000  18.056 0.000  10.239 0.000   7.816 0.000 0.091 0.000  1.186 0.000
 98.25  99.25   11.86 0.000  1.41 0.000 0.020 0.000000  0.22 0.000 0.164 0.000  0.845 0.000  1.183 0.000  11.623 0.000   3.272 0.000   8.351 0.000 0.024 0.000  1.617 0.000
101.25 102.25   36.43 0.000  2.33 0.000 9.999 0.259000  1.88 0.000 0.171 0.000  2.358 0.000  3.301 0.000  17.597 0.000   3.768 0.000  13.829 0.000 0.047 0.000  1.863 0.000
104.25 105.25   38.90 0.000  2.01 0.000 9.999 0.259000  2.72 0.000 0.666 0.000  2.034 0.000  2.848 0.000  26.198 0.000   4.164 0.000  22.033 0.000 0.055 0.000  3.312 0.000
107.25 108.25   58.52 0.000  1.08 0.000 9.999 0.259000  1.56 0.000 0.322 0.000  1.619 0.000  2.267 0.000 999.999 0.999 999.999 0.999  19.414 0.000 0.103 0.000  3.324 0.000
110.25 111.25   37.05 0.000  1.31 0.000 9.999 0.259000  1.96 0.000 0.233 0.000  1.223 0.000  1.713 0.000 999.999 0.999 999.999 0.999  14.190 0.000 0.094 0.000  2.253 0.000
113.25 114.25   45.29 0.000  1.33 0.000 9.999 0.259000  0.60 0.000 0.138 0.000  1.267 0.000  1.773 0.000 999.999 0.999 999.999 0.999  10.779 0.000 0.102 0.000  1.515 0.000
116.25 117.25   13.82 0.000  1.26 0.000 0.029 0.000000  0.22 0.000 0.052 0.000  1.122 0.000  1.570 0.000 999.999 0.999 999.999 0.999   9.813 0.000 0.029 0.000  1.588 0.000
119.25 120.25   38.22 0.000  0.72 0.000 9.999 0.259000  0.73 0.000 0.323 0.000  1.195 0.000  1.672 0.000 999.999 0.999 999.999 0.999  13.829 0.000 0.107 0.000  2.532 0.000
122.25 123.25   97.39 0.000  0.59 0.000 9.999 0.259000  0.53 0.000 0.231 0.000  1.017 0.000  1.423 0.000 999.999 0.999 999.999 0.999   8.688 0.000 0.160 0.000  0.953 0.000
125.25 126.25  452.27 0.000  0.87 0.000 9.999 0.259000  0.76 0.000 0.187 0.000  0.674 0.000  0.944 0.000  38.782 0.000  20.659 0.000  18.124 0.000 0.289 0.000  1.480 0.000
128.25 129.25   20.62 0.000  0.59 0.000 9.999 0.259000  1.00 0.000 0.109 0.000  0.566 0.000  0.792 0.000  20.550 0.000  12.005 0.000   8.545 0.000 0.080 0.000  1.605 0.000
131.25 132.25   89.14 0.000  0.67 0.000 9.999 0.259000  0.57 0.000 0.119 0.000  1.954 0.000  2.736 0.000  17.467 0.000   8.862 0.000   8.605 0.000 0.085 0.000  0.829 0.000
134.25 135.25   70.43 0.000  0.78 0.000 9.999 0.259000  0.60 0.000 0.121 0.000  1.031 0.000  1.444 0.000  14.594 0.000   5.982 0.000   8.612 0.000 0.125 0.000  1.110 0.000
137.25 138.25  127.38 0.000  0.96 0.000 9.999 0.259000  1.27 0.000 0.137 0.000  0.577 0.000  0.808 0.000  19.212 0.000   9.343 0.000   9.868 0.000 0.118 0.000  1.596 0.000
140.25 141.25   24.97 0.000  0.31 0.000 9.999 0.259000  0.47 0.000 0.118 0.000  1.185 0.000  1.659 0.000  10.959 0.000   4.348 0.000   6.611 0.000 0.081 0.000  0.869 0.000
143.25 144.25   24.30 0.000  1.11 0.000 9.999 0.259000  0.88 0.000 0.149 0.000  1.990 0.000  2.786 0.000  22.802 0.000   3.576 0.000  19.226 0.000 0.028 0.000  3.435 0.000
146.25 147.25   27.22 0.000  2.53 0.000 9.999 0.259000  1.28 0.000 0.172 0.000  2.033 0.000  2.846 0.000  21.342 0.000   4.646 0.000  16.696 0.000 0.038 0.000  2.809 0.000
149.25 150.25   37.91 0.000  1.78 0.000 9.999 0.259000  0.80 0.000 0.106 0.000  3.714 0.000  5.200 0.000  27.566 0.000   7.098 0.000  20.468 0.000 0.052 0.000  2.689 0.000
152.25 153.25  205.91 0.000  1.52 0.000 9.999 0.259000  0.65 0.000 0.158 0.000  0.533 0.000  0.747 0.000  18.648 0.000   8.901 0.000   9.747 0.000 0.116 0.000  1.196 0.000
155.25 156.25  121.36 0.000 99.99 0.259 0.024 0.000000  0.25 0.000 0.096 0.000  0.237 0.000  0.332 0.000  11.210 0.000   5.684 0.000   5.525 0.000 0.064 0.000  0.454 0.000
158.25 159.25   30.23 0.000 99.99 0.259 9.999 0.259000  0.91 0.000 0.075 0.000  1.264 0.000  1.769 0.000  16.568 0.000   3.407 0.000  13.161 0.000 0.046 0.000  2.150 0.000
161.25 162.25   31.56 0.000  0.32 0.000 9.999 0.259000  0.83 0.000 0.134 0.000  0.217 0.000  0.303 0.000  11.668 0.000   6.233 0.000   5.435 0.000 0.034 0.000  0.946 0.000
164.25 165.25  127.90 0.000  0.50 0.000 9.999 0.259000  0.95 0.000 0.076 0.000  0.298 0.000  0.417 0.000  15.405 0.000   6.867 0.000   8.538 0.000 0.061 0.000  1.308 0.000
167.25 168.25   19.19 0.000  0.39 0.000 0.031 0.000000  0.38 0.000 0.052 0.000  0.282 0.000  0.395 0.000   9.369 0.000   4.956 0.000   4.413 0.000 0.025 0.000  0.752 0.000
170.25 171.25   73.34 0.000 99.99 0.259 9.999 0.259000  0.68 0.000 0.065 0.000  0.202 0.000  0.282 0.000   7.759 0.000   4.423 0.000   3.337 0.000 0.039 0.000  0.232 0.000
173.25 174.25  120.57 0.000 99.99 0.259 9.999 0.259000  0.49 0.000 0.140 0.000  0.367 0.000  0.513 0.000  13.216 0.000   7.804 0.000   5.411 0.000 0.062 0.000  0.361 0.000
176.25 177.25  122.83 0.000 99.99 0.259 9.999 0.259000  0.35 0.000 0.075 0.000  0.237 0.000  0.333 0.000  10.787 0.000   5.489 0.000   5.298 0.000 0.054 0.000  0.502 0.000
179.25 180.25  248.42 0.000  0.50 0.000 9.999 0.259000  0.19 0.000 0.054 0.000  0.119 0.000  0.166 0.000  15.563 0.000   9.012 0.000   6.550 0.000 0.104 0.000  0.337 0.000
182.25 183.25   45.76 0.000  0.35 0.000 9.999 0.259000  0.82 0.000 0.072 0.000  0.180 0.000  0.252 0.000   8.934 0.000   5.250 0.000   3.684 0.000 0.025 0.000  0.358 0.000
185.25 186.25  429.23 0.000  0.47 0.000 9.999 0.259000  0.25 0.000 0.078 0.000  0.182 0.000  0.254 0.000  24.899 0.000  14.992 0.000   9.908 0.000 0.156 0.000  0.472 0.000
188.25 189.25   82.90 0.394  0.19 0.394 9.999 0.394259  0.35 0.394 0.085 0.394  0.208 0.000  0.292 0.000  13.428 0.000   8.758 0.000   4.670 0.000 0.049 0.394  0.488 0.394
191.25 192.25  235.62 0.000  0.54 0.000 9.999 0.259000  0.92 0.000 0.169 0.000  0.379 0.000  0.530 0.000  20.797 0.000  12.579 0.000   8.218 0.000 0.086 0.000  0.688 0.000
194.25 195.25  107.55 0.000 99.99 0.259 9.999 0.259000  0.23 0.000 0.069 0.000  0.174 0.000  0.243 0.000  16.493 0.000  11.004 0.000   5.489 0.000 0.058 0.000  0.408 0.000
197.25 198.25  240.08 0.000  0.65 0.000 9.999 0.259000  1.81 0.000 0.112 0.000  0.838 0.000  1.174 0.000  20.985 0.000  10.388 0.000  10.597 0.000 0.101 0.000  1.009 0.000
200.25 201.25  294.52 0.000  0.64 0.000 9.999 0.259000  0.87 0.000 0.093 0.000  0.453 0.000  0.634 0.000  23.076 0.000  11.818 0.000  11.258 0.000 0.117 0.000  1.139 0.000
203.25 204.25  168.34 0.000  0.22 0.000 9.999 0.259000  0.83 0.000 0.061 0.559  0.883 0.000  1.236 0.000  15.372 0.000   8.671 0.000   6.701 0.000 0.065 0.000  0.699 0.559
206.25 207.25  283.06 0.000  0.46 0.000 9.999 0.259000  0.82 0.000 0.037 0.559  0.453 0.000  0.634 0.000  22.316 0.000  13.288 0.000   9.028 0.000 0.103 0.000  0.564 0.559
209.25 210.25  246.16 0.000  0.80 0.000 9.999 0.259000  0.71 0.000 0.033 0.559  0.323 0.000  0.453 0.000  18.901 0.000  10.109 0.000   8.792 0.000 0.089 0.000  0.642 0.559
212.25 213.25   10.42 0.000  0.38 0.000 9.999 0.259000  0.73 0.000 0.013 0.559  0.042 0.000  0.059 0.000   6.045 0.000   2.891 0.000   3.154 0.000 0.011 0.000  0.358 0.559
215.25 216.25   17.72 0.000  0.18 0.000 9.999 0.259000  1.15 0.000 0.017 0.559  0.090 0.000  0.126 0.000   7.487 0.000   2.736 0.000   4.752 0.000 0.013 0.000  0.671 0.559
218.25 219.25   83.79 0.000  0.07 0.000 9.999 0.259000  0.90 0.000 0.027 0.559  0.298 0.000  0.417 0.000  12.406 0.000   6.528 0.000   5.878 0.000 0.046 0.000  0.451 0.559
221.25 222.25   24.07 0.000  1.96 0.000 0.130 0.000000  1.12 0.000 0.035 0.559  1.810 0.000  2.534 0.000  27.087 0.000   2.797 0.000  24.290 0.000 0.031 0.000  2.815 0.559
224.25 225.25   74.02 0.000  0.24 0.000 9.999 0.259000  0.32 0.000 0.010 0.559  0.162 0.000  0.226 0.000   7.422 0.000   4.315 0.000   3.107 0.000 0.040 0.000  0.123 0.559
227.25 228.25   37.62 0.000  0.17 0.000 9.999 0.259000  0.70 0.000 0.021 0.559  0.362 0.000  0.507 0.000  10.141 0.000   5.085 0.000   5.056 0.000 0.042 0.000  0.424 0.559
230.25 231.25   39.49 0.000  0.36 0.000 9.999 0.259000  0.68 0.000 0.027 0.559  0.324 0.000  0.453 0.000   8.228 0.000   2.702 0.000   5.526 0.000 0.023 0.000  0.592 0.559
233.25 234.25    9.63 0.000  0.20 0.000 9.999 0.259000  0.21 0.000 0.034 0.559  0.316 0.000  0.442 0.000   7.993 0.000   4.873 0.000   3.120 0.000 0.015 0.000  0.410 0.559
236.25 237.25   11.14 0.000  0.30 0.000 9.999 0.259000  0.40 0.000 0.010 0.559  0.144 0.000  0.201 0.000   7.776 0.000   2.768 0.000   5.009 0.000 0.014 0.000  0.734 0.559
239.25 240.25    6.29 0.000  0.15 0.000 9.999 0.259000  0.50 0.000 0.012 0.559  0.030 0.000  0.042 0.000   4.688 0.000   1.429 0.000   3.259 0.000 0.012 0.000  0.388 0.559
242.25 243.25   34.25 0.000  0.17 0.000 9.999 0.259000  0.41 0.000 0.014 0.559 99.999 0.259 99.999 0.259  12.912 0.000   9.149 0.000   3.763 0.000 0.033 0.000  0.180 0.559
245.25 246.25   10.70 0.000  0.26 0.000 9.999 0.259000  0.53 0.000 0.026 0.559  0.123 0.000  0.172 0.000   8.816 0.000   4.612 0.000   4.203 0.000 0.016 0.000  0.619 0.559
248.25 249.25   23.37 0.000  1.59 0.000 9.999 0.259000  0.09 0.000 0.036 0.559  0.291 0.000  0.408 0.000  23.112 0.000   5.751 0.000  17.361 0.000 0.039 0.000  1.926 0.559
251.25 252.25   13.97 0.000  0.85 0.000 9.999 0.259000  0.31 0.000 0.014 0.559 99.999 0.999 99.999 0.999  12.113 0.000   2.518 0.000   9.596 0.000 0.020 0.000  0.953 0.559
254.25 255.25   16.43 0.000  0.99 0.000 9.999 0.259000  0.38 0.000 0.022 0.559 99.999 0.999 99.999 0.999  19.170 0.000   4.420 0.000  14.749 0.000 0.036 0.000  1.941 0.559
257.25 258.25   19.63 0.000  0.93 0.000 9.999 0.259000  0.27 0.000 0.023 0.559 99.999 0.999 99.999 0.999  15.517 0.000   6.145 0.000   9.372 0.000 0.029 0.000  0.863 0.559
260.25 261.25   27.73 0.000  0.94 0.000 0.062 0.000000  0.21 0.000 0.033 0.559 99.999 0.999 99.999 0.999  22.461 0.000   6.308 0.000  16.153 0.000 0.040 0.000  1.809 0.559
263.25 264.25   14.07 0.000  0.70 0.000 0.032 0.000000  1.29 0.000 0.024 0.559 99.999 0.999 99.999 0.999  15.770 0.000   6.109 0.000   9.661 0.000 0.029 0.000  1.321 0.559
266.25 267.25   14.22 0.000  1.27 0.000 9.999 0.259000  0.09 0.000 0.019 0.000 99.999 0.999 99.999 0.999  14.109 0.000   4.109 0.000  10.000 0.000 0.027 0.000  0.850 0.000
269.25 270.25    8.79 0.000  0.22 0.000 9.999 0.259000  0.57 0.000 0.011 0.000 99.999 0.999 99.999 0.999   5.629 0.000   3.212 0.000   2.417 0.000 0.010 0.000  0.230 0.000
272.25 273.25   19.54 0.000  0.89 0.000 9.999 0.259000 99.99 0.259 0.028 0.559 99.999 0.999 99.999 0.999  16.703 0.000   7.915 0.000   8.788 0.000 0.028 0.000  0.592 0.559
275.25 276.25   22.21 0.000  0.91 0.000 9.999 0.259000  0.12 0.000 0.041 0.000 99.999 0.999 99.999 0.999  20.110 0.000   6.989 0.000  13.121 0.000 0.044 0.000  1.299 0.000
278.25 279.25   16.44 0.000  0.72 0.000 9.999 0.259000  0.33 0.000 0.036 0.559 99.999 0.999 99.999 0.999  16.819 0.000   4.282 0.000  12.537 0.000 0.030 0.000  1.646 0.559
