scripts/IMPROVE-2019_partial/data/US0064R.20010101080000.20191216000000.filterpack..pm25.52w.1w.US03L_filterpack_US0064.US03L_IMPROVE_Davis.lev2.nas
64 1001
MISSING INFORMATION
US03L, IMPROVE, , , , , , , 
MISSING INFORMATION
IMPROVE sel_HTAP
1 1
2001 01 01 2019 12 16
3.000000
days from file reference point
25
1 1 1 1 1 1 1 1 1 1 1 1 1 1 1 1 1 1 1 1 1 1 1 1 1
999.999999 9999.99 9.999 99.99 9.999999 9.999 9.999999 9.99 9.999999 9.999 9.999 99.999 9.999 99.999 9.999 999.999 9.999 999.999 9.999 999.999 9.999 9.999 9.999999 9.999 9.999
end_time of measurement, days from the file reference point
iron, ng/m3, Revision date=20181210133000
numflag iron, no unit, Revision date=20181210133000
lead, ng/m3, Revision date=20181210133000
numflag lead, no unit, Revision date=20181210133000
magnesium, ug/m3, Revision date=20181210133000
numflag magnesium, no unit, Revision date=20181210133000
nickel, ng/m3, Revision date=20181210133000
numflag nickel, no unit, Revision date=20181210133000
nitrate, ug N/m3, Revision date=20181210133000
numflag nitrate, no unit, Revision date=20181210133000
organic_carbon, ug C/m3, Revision date=20181210133000
numflag organic_carbon, no unit, Revision date=20181210133000
organic_mass, ug/m3, Revision date=20181210133000
numflag organic_mass, no unit, Revision date=20181210133000
pm10_mass, ug/m3, Version=2, Version description=Data extracted from http://views.cira.colostate.edu/fed/DataWizard 2019-12-16, Sample duration=1d, Orig. time res.=3d, Matrix=pm10, Blank correction=Blank corrected, Volume std. temperature=ambient, Volume std. pressure=ambient
numflag pm10_mass, no unit, Version=2, Version description=Data extracted from http://views.cira.colostate.edu/fed/DataWizard 2019-12-16, Sample duration=1d, Orig. time res.=3d, Matrix=pm10, Blank correction=Blank corrected, Volume std. temperature=ambient, Volume std. pressure=ambient
pm10_pm25_mass, ug/m3, Revision date=20181210133000, Matrix=pm10_pm25
numflag pm10_pm25_mass, no unit, Revision date=20181210133000, Matrix=pm10_pm25
pm25_mass, ug/m3, Version=2, Version description=Data extracted from http://views.cira.colostate.edu/fed/DataWizard 2019-12-16, Sample duration=1d, Orig. time res.=3d, Blank correction=Blank corrected, Volume std. temperature=ambient, Volume std. pressure=ambient
numflag pm25_mass, no unit, Version=2, Version description=Data extracted from http://views.cira.colostate.edu/fed/DataWizard 2019-12-16, Sample duration=1d, Orig. time res.=3d, Blank correction=Blank corrected, Volume std. temperature=ambient, Volume std. pressure=ambient
potassium, ug/m3, Revision date=20181210133000
numflag potassium, no unit, Revision date=20181210133000
sulphate_total, ug S/m3, Revision date=20181210133000
numflag sulphate_total, no unit, Revision date=20181210133000
0
25
Data definition:              EBAS_1.1
Set type code:                TU
Timezone:                     UTC
File name:                    US0064R.20010101080000.20191216000000.filterpack..pm25.52w.1w.US03L_filterpack_US0064.US03L_IMPROVE_Davis.lev2.nas
File creation:                20191218115936
Startdate:                    20010101080000
Revision date:                20191216000000
Statistics:                   arithmetic mean
Data level:                   2
Period code:                  52w
Resolution code:              1w
Station code:                 US0064R
Platform code:                US0064S
Station name:                 Jarbidge Wilderness
Station latitude:             41.8926
Station longitude:            -115.4261
Station altitude:             1869.0 m
Regime:                       IMG
Component:                    
Matrix:                       pm25
Laboratory code:              US03L
Instrument type:              filterpack
Instrument name:              filterpack_US0064
Method ref:                   US03L_IMPROVE_Davis
starttime endtime Fe flag_Fe Pb flag_Pb Mg++ flag_Mg++ Ni flag_Ni NO3- flag_NO3- OC flag_OC OM flag_OM PM10 flag_PM10 PM10-PM2.5 flag_PM10-PM2.5 PM2.5 flag_PM2.5 K+ flag_K+ SO4-- flag_SO4--
[from data line 86]
258.333333 259.333333   21.16 0.394  0.22 0.394000 9.999 0.394259 9.99 0.394259 0.012 0.394  1.133 0.000  1.587 0.000 999.999 0.456 999.999 0.999   3.118 0.000 0.032 0.394000 0.141 0.394
261.333333 262.333333   28.93 0.000  0.36 0.000000 9.999 0.259000 9.99 0.259000 0.012 0.000  1.115 0.000  1.561 0.000   6.575 0.000   3.057 0.000   3.518 0.000 0.039 0.000000 0.163 0.000
264.333333 265.333333  111.20 0.000  0.99 0.000000 9.999 0.259000 9.99 0.259000 0.018 0.000  0.989 0.000  1.384 0.000  18.491 0.000  13.438 0.000   5.053 0.000 0.101 0.000000 0.217 0.000
267.333333 268.333333  105.58 0.000  0.53 0.000000 9.999 0.259000 9.99 0.259000 0.021 0.000  0.708 0.000  0.991 0.000  17.774 0.000  12.878 0.000   4.897 0.000 0.099 0.000000 0.269 0.000
270.333333 271.333333   84.85 0.000  0.39 0.000000 9.999 0.259000 9.99 0.259000 0.022 0.000  0.549 0.000  0.768 0.000  14.998 0.000  10.912 0.000   4.087 0.000 0.076 0.000000 0.114 0.000
273.333333 274.333333   43.14 0.000  0.50 0.000000 9.999 0.259000 9.99 0.259000 0.017 0.000  0.444 0.000  0.621 0.000   6.944 0.000   4.405 0.000   2.539 0.000 0.042 0.000000 0.189 0.000
276.333333 277.333333   72.44 0.000  0.32 0.000000 9.999 0.259000 9.99 0.259000 0.011 0.559  0.444 0.000  0.622 0.000  11.243 0.000   8.133 0.000   3.110 0.000 0.070 0.000000 0.070 0.559
279.333333 280.333333   80.36 0.000  0.63 0.000000 9.999 0.259000 9.99 0.259000 0.022 0.000  1.033 0.000  1.446 0.000  12.607 0.000   7.696 0.000   4.911 0.000 0.081 0.000000 0.177 0.000
282.333333 283.333333   37.46 0.000  0.22 0.000000 9.999 0.259000 9.99 0.259000 0.024 0.000  0.195 0.000  0.273 0.000   4.671 0.000   2.552 0.000   2.119 0.000 0.035 0.000000 0.096 0.000
285.333333 286.333333    8.24 0.000  0.34 0.000000 9.999 0.259000 9.99 0.259000 0.007 0.000  0.314 0.000  0.440 0.000   2.067 0.000   1.229 0.000   0.838 0.000 0.013 0.000000 0.054 0.000
288.333333 289.333333   26.86 0.000  0.54 0.000000 9.999 0.259000 9.99 0.259000 0.007 0.000  0.343 0.000  0.480 0.000   4.397 0.000   2.857 0.000   1.540 0.000 0.028 0.000000 0.056 0.000
291.333333 292.333333   16.71 0.000  0.25 0.000000 0.012 0.000000 9.99 0.259000 0.006 0.000  0.304 0.000  0.425 0.000   3.514 0.000   2.474 0.000   1.040 0.000 0.027 0.000000 0.039 0.000
294.333333 295.333333   30.65 0.000  0.35 0.000000 9.999 0.259000 9.99 0.259000 0.021 0.000  0.669 0.000  0.937 0.000   5.828 0.000   3.454 0.000   2.374 0.000 0.029 0.000000 0.074 0.000
297.333333 298.333333   29.48 0.000  0.59 0.000000 9.999 0.259000 9.99 0.259000 0.014 0.000  0.287 0.000  0.402 0.000   4.295 0.000   2.726 0.000   1.569 0.000 0.033 0.000000 0.083 0.000
300.333333 301.333333   53.42 0.000  0.53 0.000000 9.999 0.259000 9.99 0.259000 0.020 0.000  0.567 0.000  0.793 0.000  11.274 0.000   7.521 0.000   3.753 0.000 0.055 0.000000 0.320 0.000
303.333333 304.333333   11.20 0.000  0.21 0.000000 9.999 0.259000 9.99 0.259000 0.007 0.559  0.312 0.000  0.437 0.000   1.571 0.000   0.566 0.000   1.005 0.000 0.011 0.000000 0.052 0.559
306.333333 307.333333   10.55 0.000  0.68 0.000000 9.999 0.259000 9.99 0.259000 0.007 0.559  0.311 0.000  0.435 0.000   2.786 0.000   1.170 0.000   1.616 0.000 0.014 0.000000 0.155 0.559
309.333333 310.333333 9999.99 0.456 99.99 0.456000 9.999 0.456000 9.99 0.456000 0.121 0.000  0.620 0.000  0.868 0.000   5.806 0.000 999.999 0.999 999.999 0.456 9.999 0.456000 0.271 0.000
312.333333 313.333333   13.42 0.000  0.39 0.000000 9.999 0.259000 9.99 0.259000 0.007 0.000  0.185 0.000  0.259 0.000   3.618 0.000   2.015 0.000   1.603 0.000 0.018 0.000000 0.112 0.000
315.333333 316.333333   22.12 0.000  0.75 0.000000 9.999 0.259000 0.08 0.000000 0.021 0.000  0.223 0.000  0.312 0.000   5.208 0.000   2.923 0.000   2.285 0.000 0.024 0.000000 0.243 0.000
318.333333 319.333333    4.00 0.000  0.23 0.000000 9.999 0.259000 9.99 0.259000 0.004 0.000  0.113 0.000  0.159 0.000   0.909 0.000   0.556 0.000   0.353 0.000 0.007 0.000000 0.029 0.000
321.333333 322.333333    2.03 0.000  0.46 0.000000 9.999 0.259000 9.99 0.259000 0.013 0.000  0.319 0.000  0.447 0.000   1.455 0.000   0.161 0.000   1.295 0.000 0.008 0.000000 0.128 0.000
324.333333 325.333333   29.31 0.000  0.36 0.000000 9.999 0.259000 9.99 0.259000 0.016 0.000  0.192 0.000  0.269 0.000   8.887 0.000   7.469 0.000   1.418 0.000 0.017 0.000000 0.081 0.000
327.333333 328.333333    6.65 0.000  0.15 0.000000 9.999 0.259000 9.99 0.259000 0.007 0.000  0.119 0.000  0.167 0.000   4.476 0.000   3.928 0.000   0.548 0.000 0.009 0.000000 0.039 0.000
330.333333 331.333333    2.34 0.000  0.16 0.000000 9.999 0.259000 9.99 0.259000 0.008 0.000  0.116 0.000  0.162 0.000   0.627 0.000   0.091 0.000   0.536 0.000 0.007 0.000000 0.038 0.000
333.333333 334.333333    9.44 0.000  0.30 0.000000 9.999 0.259000 9.99 0.259000 0.012 0.000  0.102 0.000  0.143 0.000   1.422 0.000   0.486 0.000   0.936 0.000 0.008 0.000000 0.078 0.000
336.333333 337.333333    1.68 0.000  0.16 0.000000 9.999 0.259000 9.99 0.259000 0.010 0.000  0.126 0.000  0.176 0.000   0.624 0.000   0.271 0.000   0.353 0.000 0.004 0.000000 0.038 0.000
339.333333 340.333333    2.06 0.000  0.17 0.000000 9.999 0.259000 9.99 0.259000 0.011 0.559  0.068 0.000  0.096 0.000   0.956 0.000   0.868 0.000   0.089 0.000 9.999 0.259000 0.018 0.559
342.333333 343.333333    9.04 0.000  0.70 0.000000 9.999 0.259000 9.99 0.259000 0.140 0.000  0.222 0.000  0.311 0.000   2.134 0.000   0.564 0.000   1.570 0.000 0.009 0.000000 0.101 0.000
345.333333 346.333333    2.77 0.000  0.22 0.000000 9.999 0.259000 9.99 0.259000 0.009 0.000  0.174 0.000  0.243 0.000   0.295 0.000   0.147 0.000   0.148 0.000 0.006 0.000000 0.023 0.000
348.333333 349.333333    0.69 0.000  0.20 0.000000 9.999 0.259000 9.99 0.259000 0.017 0.559  0.066 0.000  0.093 0.000   0.586 0.000   0.376 0.000   0.209 0.000 0.004 0.000000 0.016 0.559
351.333333 352.333333    4.75 0.000  0.40 0.000000 9.999 0.259000 9.99 0.259000 0.011 0.559  0.061 0.000  0.085 0.000   0.759 0.000   0.386 0.000   0.373 0.000 0.006 0.000000 0.045 0.559
354.333333 355.333333    4.41 0.000  0.32 0.000000 9.999 0.259000 9.99 0.259000 0.018 0.000  0.172 0.000  0.240 0.000   0.753 0.000   0.237 0.000   0.515 0.000 0.007 0.000000 0.030 0.000
357.333333 358.333333    3.00 0.000  0.20 0.000000 9.999 0.259000 9.99 0.259000 0.006 0.000  0.100 0.000  0.140 0.000 999.999 0.259 999.999 0.259   0.030 0.000 0.005 0.000000 0.015 0.000
360.333333 361.333333    9.35 0.000  0.37 0.000000 9.999 0.259000 9.99 0.259000 0.000 0.000  0.279 0.000  0.391 0.000   0.707 0.000   0.081 0.000   0.626 0.000 0.006 0.000000 0.034 0.000
363.333333 364.333333    0.47 0.000  0.22 0.000000 9.999 0.259000 9.99 0.259000 0.004 0.000  0.420 0.000  0.589 0.000   0.790 0.000   0.066 0.000   0.725 0.000 0.007 0.000000 0.050 0.000
