scripts/IMPROVE-2019_partial/data/US0057R.20020102050000.20191216000000.filterpack..pm25.52w.1w.US03L_filterpack_US0057.US03L_IMPROVE_Davis.lev2.nas
68 1001
MISSING INFORMATION
US03L, IMPROVE, , , , , , , 
MISSING INFORMATION
IMPROVE sel_HTAP
1 1
2002 01 01 2019 12 16
3.000000
days from file reference point
29
1 1 1 1 1 1 1 1 1 1 1 1 1 1 1 1 1 1 1 1 1 1 1 1 1 1 1 1 1
999.999999 99.999 9.999999 999.99 9.999 99.99 9.999 9.999 9.999999 9.99 9.999 9.999 9.999 99.999 9.999 99.999 9.999 999.99 9.999999 999.999 9.999 99.999 9.999 999.999 9.999 9.999 9.999 99.999 9.999
end_time of measurement, days from the file reference point
ammonium, ug N/m3, Revision date=20181210133000
numflag ammonium, no unit, Revision date=20181210133000
iron, ng/m3, Revision date=20181210133000
numflag iron, no unit, Revision date=20181210133000
lead, ng/m3, Revision date=20181210133000
numflag lead, no unit, Revision date=20181210133000
magnesium, ug/m3, Revision date=20181210133000
numflag magnesium, no unit, Revision date=20181210133000
nickel, ng/m3, Revision date=20181210133000
numflag nickel, no unit, Revision date=20181210133000
nitrate, ug N/m3, Revision date=20181210133000
numflag nitrate, no unit, Revision date=20181210133000
organic_carbon, ug C/m3, Revision date=20181210133000
numflag organic_carbon, no unit, Revision date=20181210133000
organic_mass, ug/m3, Revision date=20181210133000
numflag organic_mass, no unit, Revision date=20181210133000
phosphorus, ng/m3, Revision date=20181210133000
numflag phosphorus, no unit, Revision date=20181210133000
pm10_mass, ug/m3, Version=2, Version description=Data extracted from http://views.cira.colostate.edu/fed/DataWizard 2019-12-16, Sample duration=1d, Orig. time res.=3d, Matrix=pm10, Blank correction=Blank corrected, Volume std. temperature=ambient, Volume std. pressure=ambient
numflag pm10_mass, no unit, Version=2, Version description=Data extracted from http://views.cira.colostate.edu/fed/DataWizard 2019-12-16, Sample duration=1d, Orig. time res.=3d, Matrix=pm10, Blank correction=Blank corrected, Volume std. temperature=ambient, Volume std. pressure=ambient
pm10_pm25_mass, ug/m3, Revision date=20181210133000, Matrix=pm10_pm25
numflag pm10_pm25_mass, no unit, Revision date=20181210133000, Matrix=pm10_pm25
pm25_mass, ug/m3, Version=2, Version description=Data extracted from http://views.cira.colostate.edu/fed/DataWizard 2019-12-16, Sample duration=1d, Orig. time res.=3d, Blank correction=Blank corrected, Volume std. temperature=ambient, Volume std. pressure=ambient
numflag pm25_mass, no unit, Version=2, Version description=Data extracted from http://views.cira.colostate.edu/fed/DataWizard 2019-12-16, Sample duration=1d, Orig. time res.=3d, Blank correction=Blank corrected, Volume std. temperature=ambient, Volume std. pressure=ambient
potassium, ug/m3, Revision date=20181210133000
numflag potassium, no unit, Revision date=20181210133000
sulphate_total, ug S/m3, Revision date=20181210133000
numflag sulphate_total, no unit, Revision date=20181210133000
0
25
Data definition:              EBAS_1.1
Set type code:                TU
Timezone:                     UTC
File name:                    US0057R.20020102050000.20191216000000.filterpack..pm25.52w.1w.US03L_filterpack_US0057.US03L_IMPROVE_Davis.lev2.nas
File creation:                20191218115858
Startdate:                    20020102050000
Revision date:                20191216000000
Statistics:                   arithmetic mean
Data level:                   2
Period code:                  52w
Resolution code:              1w
Station code:                 US0057R
Platform code:                US0057S
Station name:                 Linville Gorge
Station latitude:             35.9723
Station longitude:            -81.9331
Station altitude:             968.0 m
Regime:                       IMG
Component:                    
Matrix:                       pm25
Laboratory code:              US03L
Instrument type:              filterpack
Instrument name:              filterpack_US0057
Method ref:                   US03L_IMPROVE_Davis
starttime endtime NH4+ flag_NH4+ Fe flag_Fe Pb flag_Pb Mg++ flag_Mg++ Ni flag_Ni NO3- flag_NO3- OC flag_OC OM flag_OM P flag_P PM10 flag_PM10 PM10-PM2.5 flag_PM10-PM2.5 PM2.5 flag_PM2.5 K+ flag_K+ SO4-- flag_SO4--
  1.208333   2.208333 99.999 0.999000 999.99 0.999 99.99 0.999 9.999 0.999000 9.99 0.999 9.999 0.999 99.999 0.999 99.999 0.999 999.99 0.999000 999.999 0.999 99.999 0.999 999.999 0.999 9.999 0.999 99.999 0.999
  4.208333   5.208333 99.999 0.999000  12.99 0.000  2.32 0.000 9.999 0.259000 9.99 0.259 0.046 0.000  1.280 0.000  1.791 0.000 999.99 0.259000   4.461 0.000  1.556 0.000   2.906 0.000 0.054 0.000  0.168 0.000
  7.208333   8.208333 99.999 0.999000   7.84 0.000  0.79 0.000 9.999 0.259000 9.99 0.259 0.049 0.000  0.860 0.000  1.204 0.000 999.99 0.259000   3.573 0.000  0.502 0.000   3.070 0.000 0.022 0.000  0.414 0.000
 10.208333  11.208333 99.999 0.999000   6.82 0.000  0.88 0.000 9.999 0.259000 9.99 0.259 0.037 0.000  0.463 0.000  0.649 0.000 999.99 0.259000   4.434 0.000  1.558 0.000   2.877 0.000 0.017 0.000  0.412 0.000
 13.208333  14.208333 99.999 0.999000  13.52 0.000  1.58 0.000 9.999 0.259000 9.99 0.259 0.186 0.000  2.425 0.000  3.395 0.000 999.99 0.259000   8.165 0.000  1.892 0.000   6.273 0.000 0.052 0.000  0.258 0.000
 16.208333  17.208333 99.999 0.999000  20.76 0.000  1.49 0.000 9.999 0.259000 0.14 0.000 0.134 0.000  2.429 0.000  3.401 0.000 999.99 0.259000  12.759 0.000  3.947 0.000   8.812 0.000 0.082 0.000  0.890 0.000
 19.208333  20.208333 99.999 0.999000   6.03 0.000  1.65 0.000 9.999 0.259000 9.99 0.259 0.016 0.000  0.628 0.000  0.880 0.000 999.99 0.259000   6.271 0.000  0.285 0.000   5.986 0.000 0.018 0.000  1.039 0.000
 22.208333  23.208333 99.999 0.999000   3.49 0.000  0.68 0.000 9.999 0.259000 0.07 0.000 0.025 0.000  0.500 0.000  0.700 0.000 999.99 0.259000   2.385 0.000  0.670 0.000   1.714 0.000 0.016 0.000  0.133 0.000
 25.208333  26.208333 99.999 0.999000  14.76 0.000  2.02 0.000 9.999 0.259000 9.99 0.259 0.055 0.000  1.501 0.000  2.102 0.000 999.99 0.259000   4.924 0.000  0.439 0.000   4.485 0.000 0.057 0.000  0.271 0.000
 28.208333  29.208333 99.999 0.999000  16.16 0.000  1.20 0.000 9.999 0.259000 9.99 0.259 0.033 0.000  1.334 0.000  1.868 0.000 999.99 0.259000   9.203 0.000  1.980 0.000   7.222 0.000 0.045 0.000  0.991 0.000
 31.208333  32.208333 99.999 0.999000   8.16 0.000  0.66 0.000 9.999 0.259000 9.99 0.259 0.060 0.000  1.137 0.000  1.592 0.000 999.99 0.259000   7.447 0.000  2.245 0.000   5.201 0.000 0.050 0.000  0.739 0.000
 34.208333  35.208333 99.999 0.999000   9.82 0.000  1.06 0.000 9.999 0.259000 9.99 0.259 0.149 0.000  0.617 0.000  0.864 0.000 999.99 0.259000   5.632 0.000  1.839 0.000   3.793 0.000 0.017 0.000  0.546 0.000
 37.208333  38.208333 99.999 0.999000   1.95 0.000 99.99 0.259 9.999 0.259000 9.99 0.259 0.028 0.000  0.754 0.000  1.055 0.000 999.99 0.259000   3.500 0.000  0.717 0.000   2.783 0.000 0.014 0.000  0.270 0.000
 40.208333  41.208333 99.999 0.999000  10.92 0.000  1.87 0.000 9.999 0.259000 0.17 0.000 0.064 0.000  1.531 0.000  2.143 0.000 999.99 0.259000   9.915 0.000 99.999 0.259   9.979 0.000 0.046 0.000  1.278 0.000
 43.208333  44.208333 99.999 0.999000  18.44 0.000  0.95 0.000 9.999 0.259000 9.99 0.259 0.210 0.000  0.667 0.000  0.934 0.000 999.99 0.259000   6.818 0.000  3.113 0.000   3.706 0.000 0.028 0.000  0.441 0.000
 46.208333  47.208333 99.999 0.999000  20.20 0.000  1.34 0.000 9.999 0.259000 9.99 0.259 0.140 0.000  2.137 0.000  2.992 0.000 999.99 0.259000  10.417 0.000  2.212 0.000   8.204 0.000 0.049 0.000  0.815 0.000
 49.208333  50.208333 99.999 0.999000  15.81 0.000  0.73 0.000 9.999 0.259000 9.99 0.259 0.090 0.000  2.400 0.000  3.361 0.000 999.99 0.259000   8.460 0.000  2.991 0.000   5.469 0.000 0.050 0.000  0.292 0.000
 52.208333  53.208333 99.999 0.999000  12.05 0.000  1.02 0.000 9.999 0.259000 9.99 0.259 0.093 0.000  1.008 0.000  1.412 0.000 999.99 0.259000   9.512 0.000  1.542 0.000   7.970 0.000 0.026 0.000  1.361 0.000
 55.208333  56.208333 99.999 0.999000  20.29 0.000  2.08 0.000 9.999 0.259000 9.99 0.259 0.089 0.000  3.115 0.000  4.361 0.000 999.99 0.259000  16.119 0.000  1.994 0.000  14.125 0.000 0.062 0.000  1.837 0.000
 58.208333  59.208333 99.999 0.999000   9.87 0.000  0.95 0.000 9.999 0.259000 9.99 0.259 0.117 0.000  0.568 0.000  0.795 0.000 999.99 0.259000   5.081 0.000  1.478 0.000   3.603 0.000 0.020 0.000  0.588 0.000
 61.208333  62.208333 99.999 0.999000   7.51 0.000  0.53 0.000 9.999 0.259000 9.99 0.259 0.027 0.000  0.641 0.000  0.898 0.000 999.99 0.259000   4.644 0.000  1.055 0.000   3.589 0.000 0.017 0.000  0.539 0.000
 64.208333  65.208333 99.999 0.999000 999.99 0.999 99.99 0.999 9.999 0.999000 9.99 0.999 9.999 0.999 99.999 0.999 99.999 0.999 999.99 0.999000 999.999 0.999 99.999 0.999 999.999 0.999 9.999 0.999 99.999 0.999
 67.208333  68.208333 99.999 0.559999  10.42 0.000  0.94 0.000 9.999 0.259000 0.23 0.000 0.061 0.559  2.165 0.000  3.032 0.000 999.99 0.259000   8.241 0.000  2.020 0.000   6.221 0.000 0.031 0.000  0.478 0.559
 70.208333  71.208333 99.999 0.999000  10.67 0.000  0.80 0.000 9.999 0.259000 9.99 0.259 0.073 0.000  1.877 0.000  2.628 0.000 999.99 0.259000   6.426 0.000  0.935 0.000   5.491 0.000 0.029 0.000  0.473 0.000
 73.208333  74.208333 99.999 0.999000  23.20 0.000  1.30 0.000 9.999 0.259000 9.99 0.259 0.041 0.000  2.713 0.000  3.798 0.000 999.99 0.259000  12.600 0.000  2.169 0.000  10.431 0.000 0.071 0.000  0.947 0.000
 76.208333  77.208333 99.999 0.999000  10.86 0.000  0.51 0.000 9.999 0.259000 9.99 0.259 0.017 0.000  0.452 0.000  0.633 0.000 999.99 0.259000   2.994 0.000  1.409 0.000   1.585 0.000 0.026 0.000  0.157 0.000
 79.208333  80.208333 99.999 0.999000  20.62 0.000  1.85 0.000 9.999 0.259000 9.99 0.259 0.061 0.000  0.689 0.000  0.964 0.000 999.99 0.259000   8.200 0.000  1.865 0.000   6.334 0.000 0.022 0.000  1.288 0.000
 82.208333  83.208333 99.999 0.999000  28.88 0.000  2.53 0.000 9.999 0.259000 9.99 0.259 0.060 0.000  1.562 0.000  2.187 0.000 999.99 0.259000   8.123 0.000  1.383 0.000   6.740 0.000 0.046 0.000  0.741 0.000
 85.208333  86.208333 99.999 0.999000   9.55 0.000  0.81 0.000 9.999 0.259000 9.99 0.259 0.017 0.000  0.494 0.000  0.692 0.000 999.99 0.259000   8.367 0.000  1.189 0.000   7.178 0.000 0.016 0.000  1.452 0.000
 88.208333  89.208333 99.999 0.559999  10.77 0.000  1.14 0.000 9.999 0.259000 0.23 0.000 0.027 0.559  1.479 0.000  2.071 0.000 999.99 0.259000   6.487 0.000  1.315 0.000   5.172 0.000 0.040 0.000  0.486 0.559
 91.208333  92.208333 99.999 0.999000  28.48 0.000  1.91 0.000 9.999 0.259000 9.99 0.259 0.050 0.000  1.863 0.000  2.607 0.000 999.99 0.259000   9.497 0.000  2.245 0.000   7.252 0.000 0.045 0.000  0.833 0.000
 94.208333  95.208333 99.999 0.999000  25.23 0.000  1.78 0.000 9.999 0.259000 0.24 0.000 0.125 0.000  1.250 0.000  1.750 0.000 999.99 0.259000  10.668 0.000  3.375 0.000   7.293 0.000 0.031 0.000  1.004 0.000
 97.208333  98.208333 99.999 0.999000  40.89 0.000  2.15 0.000 9.999 0.259000 0.34 0.000 0.140 0.000  1.453 0.000  2.034 0.000 999.99 0.259000  18.658 0.000  6.454 0.000  12.204 0.000 0.060 0.000  1.978 0.000
100.208333 101.208333 99.999 0.999000  36.10 0.000  1.55 0.000 0.084 0.000000 0.39 0.000 0.113 0.000  1.055 0.000  1.477 0.000 999.99 0.259000  13.931 0.000  2.433 0.000  11.497 0.000 0.039 0.000  1.989 0.000
103.208333 104.208333 99.999 0.999000  19.94 0.000  1.15 0.000 9.999 0.259000 0.25 0.000 0.059 0.000  0.997 0.000  1.396 0.000 999.99 0.259000   8.275 0.000  3.045 0.000   5.230 0.000 0.036 0.000  0.647 0.000
106.208333 107.208333 99.999 0.999000  18.89 0.394  1.39 0.394 9.999 0.394259 0.34 0.394 0.045 0.394  1.852 0.000  2.593 0.000 999.99 0.394259  13.011 0.000  3.512 0.000   9.499 0.000 0.043 0.394  1.243 0.394
109.208333 110.208333 99.999 0.999000  24.48 0.000  0.97 0.000 9.999 0.259000 0.39 0.000 0.052 0.000  1.622 0.000  2.271 0.000 999.99 0.259000  13.434 0.000  3.381 0.000  10.053 0.000 0.044 0.000  1.391 0.000
112.208333 113.208333 99.999 0.999000 999.99 0.456 99.99 0.456 9.999 0.456000 9.99 0.456 0.033 0.000  0.593 0.000  0.830 0.000 999.99 0.456000   7.186 0.000 99.999 0.999 999.999 0.456 9.999 0.456  0.689 0.000
115.208333 116.208333 99.999 0.999000  64.98 0.000  1.25 0.000 9.999 0.259000 9.99 0.259 0.067 0.000  0.894 0.000  1.252 0.000 999.99 0.259000  10.584 0.000  5.723 0.000   4.861 0.000 0.061 0.000  0.484 0.000
118.208333 119.208333 99.999 0.999000  23.36 0.000  0.73 0.000 9.999 0.259000 9.99 0.259 0.024 0.000  0.563 0.000  0.788 0.000 999.99 0.259000   7.942 0.000  3.799 0.000   4.143 0.000 0.025 0.000  0.591 0.000
121.208333 122.208333 99.999 0.999000  42.31 0.000  1.25 0.000 9.999 0.259000 0.44 0.000 0.079 0.000  2.736 0.000  3.831 0.000 999.99 0.259000  22.942 0.000  6.110 0.000  16.831 0.000 0.202 0.000  2.149 0.000
124.208333 125.208333 99.999 0.999000  23.57 0.000  1.19 0.000 9.999 0.259000 9.99 0.259 0.025 0.000  1.177 0.000  1.648 0.000 999.99 0.259000   9.481 0.000  3.815 0.000   5.666 0.000 0.037 0.000  0.675 0.000
127.208333 128.208333 99.999 0.999000  54.20 0.000  1.34 0.000 9.999 0.259000 0.77 0.000 0.068 0.000  2.252 0.000  3.154 0.000 999.99 0.259000  22.569 0.000  4.362 0.000  18.207 0.000 0.089 0.000  2.620 0.000
130.208333 131.208333 99.999 0.999000  42.51 0.000  1.64 0.000 9.999 0.259000 0.26 0.000 0.073 0.000  2.447 0.000  3.425 0.000 999.99 0.259000  17.964 0.000  5.761 0.000  12.204 0.000 0.068 0.000  1.613 0.000
133.208333 134.208333 99.999 0.999000  22.16 0.000  1.15 0.000 0.085 0.000000 9.99 0.259 0.022 0.000  0.570 0.000  0.798 0.000 999.99 0.259000  11.136 0.000  3.590 0.000   7.546 0.000 0.019 0.000  1.385 0.000
136.208333 137.208333 99.999 0.999000  51.88 0.000  1.26 0.000 9.999 0.259000 9.99 0.259 0.087 0.000  3.192 0.000  4.469 0.000 999.99 0.259000  21.665 0.000  6.721 0.000  14.944 0.000 0.090 0.000  1.570 0.000
139.208333 140.208333 99.999 0.999000  20.94 0.000  2.11 0.000 9.999 0.259000 9.99 0.259 0.022 0.000  0.907 0.000  1.270 0.000 999.99 0.259000  10.751 0.000  2.290 0.000   8.462 0.000 0.027 0.000  1.469 0.000
142.208333 143.208333 99.999 0.999000  32.80 0.000  1.72 0.000 9.999 0.259000 0.24 0.000 0.046 0.000  1.894 0.000  2.652 0.000 999.99 0.259000  17.236 0.000  3.580 0.000  13.655 0.000 0.054 0.000  1.972 0.000
145.208333 146.208333 99.999 0.999000  37.77 0.000  1.46 0.000 9.999 0.259000 9.99 0.259 0.055 0.000  3.538 0.000  4.953 0.000 999.99 0.259000  19.419 0.000  2.776 0.000  16.643 0.000 0.054 0.000  1.814 0.000
148.208333 149.208333 99.999 0.999000  38.35 0.000  1.43 0.000 9.999 0.259000 0.41 0.000 0.073 0.000  2.015 0.000  2.821 0.000 999.99 0.259000  22.039 0.000  5.414 0.000  16.625 0.000 0.106 0.000  2.626 0.000
151.208333 152.208333 99.999 0.999000  36.02 0.000  1.56 0.000 9.999 0.259000 9.99 0.259 0.047 0.000  2.064 0.000  2.889 0.000 999.99 0.259000  23.495 0.000  4.168 0.000  19.326 0.000 0.049 0.000  2.944 0.000
154.208333 155.208333 99.999 0.999000 999.99 0.456 99.99 0.456 9.999 0.456000 9.99 0.456 0.057 0.000  5.076 0.000  7.107 0.000 999.99 0.456000  30.952 0.000 99.999 0.999 999.999 0.456 9.999 0.456  2.681 0.000
157.208333 158.208333 99.999 0.999000   8.14 0.000  0.61 0.000 9.999 0.259000 9.99 0.259 0.037 0.000  1.021 0.000  1.429 0.000 999.99 0.259000  10.706 0.000  3.937 0.000   6.769 0.000 0.022 0.000  0.865 0.000
160.208333 161.208333 99.999 0.456000 999.99 0.456 99.99 0.456 9.999 0.456000 9.99 0.456 9.999 0.456 99.999 0.999 99.999 0.999 999.99 0.456000 999.999 0.456 99.999 0.999 999.999 0.456 9.999 0.456 99.999 0.456
163.208333 164.208333 99.999 0.456000 999.99 0.456 99.99 0.456 9.999 0.456000 9.99 0.456 9.999 0.456 99.999 0.999 99.999 0.999 999.99 0.456000 999.999 0.456 99.999 0.999 999.999 0.456 9.999 0.456 99.999 0.456
166.208333 167.208333 99.999 0.456000 999.99 0.456 99.99 0.456 9.999 0.456000 9.99 0.456 9.999 0.456 99.999 0.999 99.999 0.999 999.99 0.456000 999.999 0.456 99.999 0.999 999.999 0.456 9.999 0.456 99.999 0.456
169.208333 170.208333 99.999 0.999000  32.10 0.000  1.46 0.000 9.999 0.259000 9.99 0.259 0.042 0.000  4.335 0.000  6.069 0.000 999.99 0.259000  26.821 0.000  3.831 0.000  22.991 0.000 0.080 0.000  3.029 0.000
172.208333 173.208333 99.999 0.999000  26.40 0.000  0.65 0.000 9.999 0.259000 9.99 0.259 0.062 0.000  1.488 0.000  2.083 0.000 999.99 0.259000  13.598 0.000  4.163 0.000   9.435 0.000 0.041 0.000  1.365 0.000
175.208333 176.208333 99.999 0.999000  23.71 0.000  0.53 0.000 9.999 0.259000 0.15 0.000 0.084 0.000  1.609 0.000  2.253 0.000 999.99 0.259000  10.169 0.000  2.407 0.000   7.761 0.000 0.030 0.000  0.921 0.000
178.208333 179.208333 99.999 0.999000  47.85 0.000  0.70 0.000 9.999 0.259000 9.99 0.259 0.040 0.000  1.375 0.000  1.926 0.000 999.99 0.259000  11.685 0.000  5.300 0.000   6.385 0.000 0.034 0.000  0.885 0.000
181.208333 182.208333 99.999 0.456000 999.99 0.456 99.99 0.456 9.999 0.456000 9.99 0.456 9.999 0.456 99.999 0.999 99.999 0.999 999.99 0.456000 999.999 0.456 99.999 0.999 999.999 0.456 9.999 0.456 99.999 0.456
184.208333 185.208333 99.999 0.456000 999.99 0.456 99.99 0.456 9.999 0.456000 9.99 0.456 9.999 0.456 99.999 0.999 99.999 0.999 999.99 0.456000 999.999 0.456 99.999 0.999 999.999 0.456 9.999 0.456 99.999 0.456
187.208333 188.208333 99.999 0.456000 999.99 0.456 99.99 0.456 9.999 0.456000 9.99 0.456 9.999 0.456 99.999 0.999 99.999 0.999 999.99 0.456000 999.999 0.456 99.999 0.999 999.999 0.456 9.999 0.456 99.999 0.456
190.208333 191.208333 99.999 0.999000  48.19 0.000  0.77 0.000 9.999 0.259000 0.18 0.000 0.029 0.000  3.496 0.000  4.894 0.000 999.99 0.259000  27.154 0.000  3.757 0.000  23.396 0.000 0.062 0.000  3.218 0.000
193.208333 194.208333 99.999 0.999000  18.19 0.000  1.15 0.000 9.999 0.259000 0.34 0.000 0.076 0.000  2.609 0.000  3.652 0.000 999.99 0.259000  16.456 0.000  2.330 0.000  14.126 0.000 0.039 0.000  1.389 0.000
196.208333 197.208333 99.999 0.999000 999.99 0.456 99.99 0.456 9.999 0.456000 9.99 0.456 0.016 0.000  1.911 0.000  2.676 0.000 999.99 0.456000  32.062 0.000 99.999 0.999 999.999 0.456 9.999 0.456  4.833 0.000
199.208333 200.208333 99.999 0.999000  26.38 0.000  0.98 0.000 0.092 0.000000 9.99 0.259 0.020 0.000  0.959 0.000  1.343 0.000 999.99 0.259000  12.296 0.000  2.867 0.000   9.429 0.000 0.024 0.000  1.536 0.000
202.208333 203.208333 99.999 0.999000  23.72 0.000  0.79 0.000 9.999 0.259000 9.99 0.259 0.025 0.000  2.621 0.000  3.670 0.000 999.99 0.259000  25.531 0.000  3.171 0.000  22.360 0.000 0.034 0.000  3.596 0.000
205.208333 206.208333 99.999 0.999000  17.09 0.000  0.45 0.000 9.999 0.259000 9.99 0.259 0.031 0.000  2.048 0.000  2.867 0.000 999.99 0.259000  24.077 0.000  2.889 0.000  21.188 0.000 0.054 0.000  3.292 0.000
208.208333 209.208333 99.999 0.999000  38.17 0.000  0.57 0.000 9.999 0.259000 9.99 0.259 0.021 0.000  1.721 0.000  2.410 0.000 999.99 0.259000  15.635 0.000  3.520 0.000  12.116 0.000 0.047 0.000  1.638 0.000
211.208333 212.208333 99.999 0.999000  55.99 0.000  1.08 0.000 9.999 0.259000 9.99 0.259 0.025 0.000  1.440 0.000  2.015 0.000 999.99 0.259000  21.660 0.000  3.841 0.000  17.819 0.000 0.039 0.000  3.244 0.000
214.208333 215.208333 99.999 0.999000  29.16 0.000  1.25 0.000 0.124 0.000000 0.48 0.000 0.028 0.000  3.042 0.000  4.259 0.000 999.99 0.259000  27.404 0.000  3.202 0.000  24.201 0.000 0.040 0.000  3.530 0.000
217.208333 218.208333 99.999 0.999000  38.94 0.000  1.39 0.000 9.999 0.259000 0.15 0.000 0.039 0.000  1.902 0.000  2.664 0.000 999.99 0.259000  22.776 0.000  3.681 0.000  19.095 0.000 0.039 0.000  2.990 0.000
220.208333 221.208333 99.999 0.999000  34.98 0.000  1.10 0.000 9.999 0.259000 0.12 0.000 0.032 0.000  3.217 0.000  4.504 0.000 999.99 0.259000  20.667 0.000  4.453 0.000  16.214 0.000 0.054 0.000  1.711 0.000
223.208333 224.208333 99.999 0.999000  37.23 0.000  1.29 0.000 9.999 0.259000 9.99 0.259 0.027 0.000  4.191 0.000  5.867 0.000 999.99 0.259000  40.077 0.000  5.265 0.000  34.812 0.000 0.043 0.000  5.028 0.000
226.208333 227.208333 99.999 0.999000  15.31 0.000  0.34 0.000 9.999 0.259000 9.99 0.259 0.039 0.000  1.646 0.000  2.305 0.000 999.99 0.259000 999.999 0.456 99.999 0.999  11.200 0.000 0.039 0.000  1.479 0.000
