scripts/IMPROVE-2019_partial/data/US0056R.20050101070000.20191216000000.filterpack..pm25.52w.1w.US03L_filterpack_US0056.US03L_IMPROVE_Davis.lev2.nas
66 1001
MISSING INFORMATION
US03L, IMPROVE, , , , , , , 
MISSING INFORMATION
IMPROVE sel_HTAP
1 1
2005 01 01 2019 12 16
3.000000
days from file reference point
27
1 1 1 1 1 1 1 1 1 1 1 1 1 1 1 1 1 1 1 1 1 1 1 1 1 1 1
999.999999 9999.99 9.999 99.99 9.999 9.999 9.999999 9.99 9.999 9.999 9.999 99.999 9.999 99.999 9.999 999.99 9.999999 999.999 9.999 999.999 9.999 99.999 9.999 9.999 9.999 9.999 9.999
end_time of measurement, days from the file reference point
iron, ng/m3, Revision date=20181210133000
numflag iron, no unit, Revision date=20181210133000
lead, ng/m3, Revision date=20181210133000
numflag lead, no unit, Revision date=20181210133000
magnesium, ug/m3, Revision date=20181210133000
numflag magnesium, no unit, Revision date=20181210133000
nickel, ng/m3, Revision date=20181210133000
numflag nickel, no unit, Revision date=20181210133000
nitrate, ug N/m3, Revision date=20181210133000
numflag nitrate, no unit, Revision date=20181210133000
organic_carbon, ug C/m3, Revision date=20181210133000
numflag organic_carbon, no unit, Revision date=20181210133000
organic_mass, ug/m3, Revision date=20181210133000
numflag organic_mass, no unit, Revision date=20181210133000
phosphorus, ng/m3, Revision date=20181210133000
numflag phosphorus, no unit, Revision date=20181210133000
pm10_mass, ug/m3, Version=2, Version description=Data extracted from http://views.cira.colostate.edu/fed/DataWizard 2019-12-16, Sample duration=1d, Orig. time res.=3d, Matrix=pm10, Blank correction=Blank corrected, Volume std. temperature=ambient, Volume std. pressure=ambient
numflag pm10_mass, no unit, Version=2, Version description=Data extracted from http://views.cira.colostate.edu/fed/DataWizard 2019-12-16, Sample duration=1d, Orig. time res.=3d, Matrix=pm10, Blank correction=Blank corrected, Volume std. temperature=ambient, Volume std. pressure=ambient
pm10_pm25_mass, ug/m3, Revision date=20181210133000, Matrix=pm10_pm25
numflag pm10_pm25_mass, no unit, Revision date=20181210133000, Matrix=pm10_pm25
pm25_mass, ug/m3, Version=2, Version description=Data extracted from http://views.cira.colostate.edu/fed/DataWizard 2019-12-16, Sample duration=1d, Orig. time res.=3d, Blank correction=Blank corrected, Volume std. temperature=ambient, Volume std. pressure=ambient
numflag pm25_mass, no unit, Version=2, Version description=Data extracted from http://views.cira.colostate.edu/fed/DataWizard 2019-12-16, Sample duration=1d, Orig. time res.=3d, Blank correction=Blank corrected, Volume std. temperature=ambient, Volume std. pressure=ambient
potassium, ug/m3, Revision date=20181210133000
numflag potassium, no unit, Revision date=20181210133000
sulphate_total, ug S/m3, Revision date=20181210133000
numflag sulphate_total, no unit, Revision date=20181210133000
0
25
Data definition:              EBAS_1.1
Set type code:                TU
Timezone:                     UTC
File name:                    US0056R.20050101070000.20191216000000.filterpack..pm25.52w.1w.US03L_filterpack_US0056.US03L_IMPROVE_Davis.lev2.nas
File creation:                20191218115853
Startdate:                    20050101070000
Revision date:                20191216000000
Statistics:                   arithmetic mean
Data level:                   2
Period code:                  52w
Resolution code:              1w
Station code:                 US0056R
Platform code:                US0056S
Station name:                 Fort Peck (IMPROVE)
Station latitude:             48.308
Station longitude:            -105.1022
Station altitude:             638.0 m
Regime:                       IMG
Component:                    
Matrix:                       pm25
Laboratory code:              US03L
Instrument type:              filterpack
Instrument name:              filterpack_US0056
Method ref:                   US03L_IMPROVE_Davis
starttime endtime Fe flag_Fe Pb flag_Pb Mg++ flag_Mg++ Ni flag_Ni NO3- flag_NO3- OC flag_OC OM flag_OM P flag_P PM10 flag_PM10 PM10-PM2.5 flag_PM10-PM2.5 PM2.5 flag_PM2.5 K+ flag_K+ SO4-- flag_SO4--
  0.291667   1.291667   19.30 0.000  1.53 0.000 9.999 0.259000 0.31 0.000 0.048 0.559  0.515 0.000  0.928 0.000 999.99 0.259000   1.667 0.000 999.999 0.259  2.258 0.000 0.019 0.000 0.297 0.559
  3.291667   4.291667    9.42 0.000  0.91 0.000 9.999 0.259000 0.24 0.000 0.409 0.559  0.849 0.000  1.528 0.000 999.99 0.259000   5.409 0.000 999.999 0.259  6.186 0.000 0.030 0.000 0.518 0.559
  6.291667   7.291667    6.74 0.000  0.44 0.000 9.999 0.259000 9.99 0.259 0.068 0.559  0.399 0.000  0.718 0.000 999.99 0.259000   2.030 0.000   0.375 0.000  1.655 0.000 0.026 0.000 0.223 0.559
  9.291667  10.291667    7.45 0.000  0.68 0.000 9.999 0.259000 0.15 0.000 0.264 0.559  0.654 0.000  1.177 0.000 999.99 0.259000   2.863 0.000 999.999 0.259  2.869 0.000 0.053 0.000 0.161 0.559
 12.291667  13.291667   20.83 0.000  1.01 0.000 9.999 0.259000 0.19 0.000 0.084 0.559  0.440 0.000  0.791 0.000 999.99 0.259000   4.604 0.000   2.203 0.000  2.401 0.000 0.020 0.000 0.234 0.559
 15.291667  16.291667   11.29 0.000  0.92 0.000 0.017 0.000000 0.20 0.000 0.174 0.559  0.884 0.000  1.591 0.000 999.99 0.259000   4.605 0.000   1.183 0.000  3.423 0.000 0.024 0.000 0.238 0.559
 18.291667  19.291667    8.49 0.000  0.31 0.000 9.999 0.259000 0.21 0.000 0.408 0.559  0.597 0.000  1.075 0.000 999.99 0.259000   4.794 0.000   1.261 0.000  3.532 0.000 0.023 0.000 0.289 0.559
 21.291667  22.291667    9.84 0.000  1.23 0.000 9.999 0.259000 0.14 0.000 0.026 0.559  0.213 0.000  0.383 0.000 999.99 0.259000   5.304 0.000   3.494 0.000  1.809 0.000 0.018 0.000 0.217 0.559
 24.291667  25.291667    7.07 0.000  0.34 0.000 9.999 0.259000 0.23 0.000 0.036 0.559  0.242 0.000  0.435 0.000 999.99 0.259000   1.744 0.000   0.442 0.000  1.310 0.000 0.011 0.000 0.118 0.559
 27.291667  28.291667   11.22 0.000  0.42 0.000 9.999 0.259000 9.99 0.259 0.409 0.559  0.676 0.000  1.216 0.000 999.99 0.259000   6.761 0.000   0.762 0.000  6.005 0.000 0.026 0.000 0.676 0.559
 30.291667  31.291667   10.94 0.000  1.17 0.000 9.999 0.259000 0.11 0.000 0.491 0.559  0.506 0.000  0.911 0.000 999.99 0.259000   3.602 0.000   0.849 0.000  2.755 0.000 0.013 0.000 0.122 0.559
 33.291667  34.291667   27.30 0.000  1.29 0.000 9.999 0.259000 0.11 0.000 0.027 0.559  0.205 0.000  0.368 0.000 999.99 0.259000   5.625 0.000   3.950 0.000  1.675 0.000 0.018 0.000 0.108 0.559
 36.291667  37.291667    3.93 0.000  0.75 0.000 9.999 0.259000 0.10 0.000 0.042 0.559  0.129 0.000  0.233 0.000 999.99 0.259000   2.016 0.000   0.624 0.000  1.393 0.000 0.026 0.000 0.138 0.559
 39.291667  40.291667   23.10 0.000  0.72 0.000 9.999 0.259000 0.58 0.000 0.220 0.559  0.380 0.000  0.684 0.000 999.99 0.259000   5.044 0.000   2.637 0.000  2.411 0.000 0.017 0.000 0.160 0.559
 42.291667  43.291667   75.77 0.000  0.71 0.000 0.023 0.000000 9.99 0.259 0.038 0.000  0.282 0.000  0.507 0.000 999.99 0.259000   4.999 0.000   2.555 0.000  2.446 0.000 0.034 0.000 0.104 0.000
 45.291667  46.291667   15.06 0.000  0.61 0.000 9.999 0.259000 9.99 0.259 0.162 0.000  0.400 0.000  0.720 0.000 999.99 0.259000   4.230 0.000   1.383 0.000  2.948 0.000 0.021 0.000 0.255 0.000
 48.291667  49.291667   18.30 0.000  0.40 0.000 9.999 0.259000 0.14 0.000 0.142 0.559  0.509 0.000  0.917 0.000 999.99 0.259000   4.539 0.000   1.395 0.000  3.143 0.000 0.031 0.000 0.338 0.559
 51.291667  52.291667   21.18 0.000  0.84 0.000 0.005 0.000000 9.99 0.259 0.651 0.559  0.542 0.000  0.976 0.000 999.99 0.259000   9.967 0.000   2.988 0.000  6.977 0.000 0.027 0.000 0.557 0.559
 54.291667  55.291667   31.09 0.000  0.91 0.000 9.999 0.259000 9.99 0.259 0.112 0.559  0.494 0.000  0.889 0.000 999.99 0.259000   5.879 0.000   3.526 0.000  2.352 0.000 0.022 0.000 0.153 0.559
 57.291667  58.291667    9.98 0.000  0.50 0.000 9.999 0.259000 9.99 0.259 0.243 0.559  0.792 0.000  1.426 0.000 999.99 0.259000   4.730 0.000   0.920 0.000  3.809 0.000 0.038 0.000 0.305 0.559
 60.291667  61.291667   72.03 0.000  0.38 0.000 9.999 0.259000 9.99 0.259 0.374 0.000  0.527 0.000  0.950 0.000 999.99 0.259000  13.092 0.000   8.990 0.000  4.101 0.000 0.036 0.000 0.285 0.000
 63.291667  64.291667   34.41 0.000  0.67 0.000 9.999 0.259000 9.99 0.259 0.059 0.000  0.619 0.000  1.113 0.000 999.99 0.259000   4.974 0.000   2.766 0.000  2.207 0.000 0.023 0.000 0.135 0.000
 66.291667  67.291667    6.22 0.000  0.43 0.000 0.008 0.000000 9.99 0.259 0.099 0.000  0.233 0.000  0.420 0.000 999.99 0.259000   2.745 0.000   1.122 0.000  1.638 0.000 0.007 0.000 0.301 0.000
 69.291667  70.291667   43.85 0.000  0.55 0.000 9.999 0.259000 9.99 0.259 0.042 0.000  0.310 0.000  0.558 0.000 999.99 0.259000   4.183 0.000   2.619 0.000  1.564 0.000 0.022 0.000 0.106 0.000
 72.291667  73.291667    9.43 0.000  0.62 0.000 9.999 0.259000 9.99 0.259 0.042 0.000  0.096 0.000  0.173 0.000 999.99 0.259000   2.220 0.000   0.883 0.000  1.337 0.000 0.008 0.000 0.200 0.000
 75.291667  76.291667   18.92 0.000  0.96 0.000 9.999 0.259000 9.99 0.259 0.570 0.000  0.334 0.000  0.602 0.000 999.99 0.259000   8.559 0.000   1.172 0.000  7.385 0.000 0.018 0.000 0.851 0.000
 78.291667  79.291667   16.26 0.000  1.06 0.000 0.012 0.000000 9.99 0.259 0.472 0.000  0.532 0.000  0.959 0.000 999.99 0.259000   6.284 0.000   2.170 0.000  4.112 0.000 0.019 0.000 0.297 0.000
 81.291667  82.291667    7.33 0.000  1.23 0.000 9.999 0.259000 9.99 0.259 0.468 0.000  0.416 0.000  0.749 0.000 999.99 0.259000 999.999 0.999   1.618 0.000  6.996 0.000 0.015 0.000 0.873 0.000
 84.291667  85.291667   13.40 0.000  0.98 0.000 9.999 0.259000 9.99 0.259 0.107 0.000  0.336 0.000  0.604 0.000 999.99 0.259000 999.999 0.999   1.618 0.000  3.128 0.000 0.012 0.000 0.471 0.000
 87.291667  88.291667   11.71 0.000  0.37 0.000 9.999 0.259000 9.99 0.259 0.025 0.000  0.031 0.000  0.056 0.000 999.99 0.259000 999.999 0.999   1.618 0.000  0.839 0.000 0.006 0.000 0.105 0.000
 90.291667  91.291667   40.76 0.000  1.07 0.000 9.999 0.259000 9.99 0.259 0.023 0.559  0.277 0.000  0.498 0.000 999.99 0.259000 999.999 0.999   4.018 0.000  2.165 0.000 0.025 0.000 0.207 0.559
 93.291667  94.291667   34.80 0.000  1.56 0.000 0.011 0.000000 0.10 0.000 0.238 0.000  0.880 0.000  1.584 0.000 999.99 0.259000 999.999 0.999   4.018 0.000  3.945 0.000 0.041 0.000 0.338 0.000
 96.291667  97.291667   88.36 0.000  1.14 0.000 0.028 0.000000 9.99 0.259 0.025 0.000  0.521 0.000  0.938 0.000 999.99 0.259000 999.999 0.999   4.018 0.000  3.580 0.000 0.048 0.000 0.265 0.000
 99.291667 100.291667   10.04 0.000 99.99 0.259 0.009 0.000000 9.99 0.259 0.010 0.000  0.138 0.000  0.249 0.000 999.99 0.259000 999.999 0.999   4.018 0.000  1.219 0.000 0.008 0.000 0.152 0.000
102.291667 103.291667   66.50 0.000  1.62 0.000 9.999 0.259000 0.18 0.000 0.152 0.000  0.392 0.000  0.705 0.000 999.99 0.259000 999.999 0.999   4.018 0.000  5.044 0.000 0.036 0.000 0.750 0.000
105.291667 106.291667   79.63 0.000  0.62 0.000 0.020 0.000000 9.99 0.259 0.021 0.000  0.357 0.000  0.642 0.000 999.99 0.259000 999.999 0.999   4.018 0.000  2.989 0.000 0.039 0.000 0.180 0.000
108.291667 109.291667 9999.99 0.456 99.99 0.456 9.999 0.456000 9.99 0.456 0.016 0.000 99.999 0.456 99.999 0.456 999.99 0.456000 999.999 0.999 999.999 0.456 99.999 0.456 9.999 0.456 0.135 0.000
111.291667 112.291667 9999.99 0.456 99.99 0.456 9.999 0.456000 9.99 0.456 9.999 0.456 99.999 0.456 99.999 0.456 999.99 0.456000 999.999 0.999 999.999 0.456 99.999 0.456 9.999 0.456 9.999 0.456
114.291667 115.291667 9999.99 0.456 99.99 0.456 9.999 0.456000 9.99 0.456 9.999 0.456 99.999 0.456 99.999 0.456 999.99 0.456000 999.999 0.999 999.999 0.456 99.999 0.456 9.999 0.456 9.999 0.456
117.291667 118.291667 9999.99 0.456 99.99 0.456 9.999 0.456000 9.99 0.456 9.999 0.456 99.999 0.456 99.999 0.456 999.99 0.456000 999.999 0.999 999.999 0.456 99.999 0.456 9.999 0.456 9.999 0.456
120.291667 121.291667 9999.99 0.456 99.99 0.456 9.999 0.456000 9.99 0.456 9.999 0.456 99.999 0.456 99.999 0.456 999.99 0.456000 999.999 0.999 999.999 0.456 99.999 0.456 9.999 0.456 9.999 0.456
123.291667 124.291667 9999.99 0.999 99.99 0.999 9.999 0.999000 9.99 0.999 9.999 0.999 99.999 0.999 99.999 0.999 999.99 0.999000 999.999 0.999 999.999 0.999 99.999 0.999 9.999 0.999 9.999 0.999
126.291667 127.291667   93.90 0.000  1.58 0.000 0.016 0.000000 9.99 0.259 0.100 0.000  1.450 0.000  2.610 0.000 999.99 0.259000 999.999 0.999   4.018 0.000  8.299 0.000 0.082 0.000 0.825 0.000
129.291667 130.291667   35.01 0.000  1.75 0.000 9.999 0.259000 0.16 0.000 0.151 0.559  1.343 0.000  2.418 0.000 999.99 0.259000 999.999 0.999   4.018 0.000  6.807 0.000 0.100 0.000 0.737 0.559
132.291667 133.291667   37.26 0.000  0.85 0.000 9.999 0.259000 9.99 0.259 0.090 0.559  0.344 0.000  0.618 0.000 999.99 0.259000 999.999 0.999   4.018 0.000  2.563 0.000 0.033 0.000 0.271 0.559
135.291667 136.291667   47.45 0.000  2.03 0.000 9.999 0.259000 9.99 0.259 0.112 0.000  0.680 0.000  1.224 0.000 999.99 0.259000 999.999 0.999   4.018 0.000  4.419 0.000 0.033 0.000 0.495 0.000
138.291667 139.291667   29.89 0.000  1.07 0.000 0.011 0.000000 9.99 0.259 0.013 0.000  0.263 0.000  0.474 0.000 999.99 0.259000 999.999 0.999   4.018 0.000  1.778 0.000 0.019 0.000 0.129 0.000
141.291667 142.291667   18.58 0.000  0.88 0.000 9.999 0.259000 9.99 0.259 0.010 0.559  0.485 0.000  0.874 0.000 999.99 0.259000 999.999 0.999   4.018 0.000  1.835 0.000 0.013 0.000 0.171 0.559
144.291667 145.291667   16.72 0.000  0.66 0.000 9.999 0.259000 9.99 0.259 0.012 0.000  0.531 0.000  0.956 0.000 999.99 0.259000 999.999 0.999   4.018 0.000  2.594 0.000 0.013 0.000 0.316 0.000
147.291667 148.291667   21.16 0.000  0.70 0.000 9.999 0.259000 9.99 0.259 0.008 0.000  0.316 0.000  0.569 0.000 999.99 0.259000   3.659 0.000   2.225 0.000  1.434 0.000 0.013 0.000 0.137 0.000
150.291667 151.291667    8.84 0.000  0.86 0.000 9.999 0.259000 0.19 0.000 0.043 0.000  0.755 0.000  1.359 0.000 999.99 0.259000   4.191 0.000   1.497 0.000  2.715 0.000 0.011 0.000 0.347 0.000
153.291667 154.291667    6.05 0.000  0.47 0.000 9.999 0.259000 9.99 0.259 0.006 0.000  0.303 0.000  0.546 0.000 999.99 0.259000   2.418 0.000   1.805 0.000  0.612 0.000 0.012 0.000 0.029 0.000
156.291667 157.291667   28.22 0.000  0.56 0.000 0.008 0.000000 9.99 0.259 0.046 0.000  0.730 0.000  1.314 0.000 999.99 0.259000   9.856 0.000   7.225 0.000  2.646 0.000 0.020 0.000 0.276 0.000
159.291667 160.291667    6.33 0.000  0.37 0.000 9.999 0.259000 9.99 0.259 0.004 0.000  0.548 0.000  0.986 0.000 999.99 0.259000   3.729 0.000   2.404 0.000  1.324 0.000 0.010 0.000 0.050 0.000
162.291667 163.291667   10.32 0.000  0.65 0.000 9.999 0.259000 9.99 0.259 0.011 0.000  0.650 0.000  1.170 0.000 999.99 0.259000   4.769 0.000   2.723 0.000  2.047 0.000 0.009 0.000 0.210 0.000
165.291667 166.291667   35.30 0.000  0.73 0.000 9.999 0.259000 9.99 0.259 0.011 0.000  0.810 0.000  1.459 0.000 999.99 0.259000  11.321 0.000   8.669 0.000  2.651 0.000 0.015 0.000 0.209 0.000
168.291667 169.291667   20.58 0.000  0.75 0.000 9.999 0.259000 0.12 0.000 0.010 0.000  0.953 0.000  1.715 0.000 999.99 0.259000   6.842 0.000   4.297 0.000  2.545 0.000 0.021 0.000 0.200 0.000
171.291667 172.291667   27.88 0.000  0.48 0.000 0.008 0.000000 9.99 0.259 0.011 0.559  0.740 0.000  1.332 0.000 999.99 0.259000   8.458 0.000   5.924 0.000  2.616 0.000 0.024 0.000 0.218 0.559
174.291667 175.291667   16.04 0.000  0.35 0.000 0.006 0.000000 9.99 0.259 0.005 0.000  0.651 0.000  1.171 0.000 999.99 0.259000   5.556 0.000   3.737 0.000  1.818 0.000 0.009 0.000 0.134 0.000
177.291667 178.291667    7.73 0.000  0.47 0.000 9.999 0.259000 9.99 0.259 0.010 0.000  0.477 0.000  0.859 0.000 999.99 0.259000   4.327 0.000   2.263 0.000  2.064 0.000 0.010 0.000 0.221 0.000
180.291667 181.291667    9.10 0.000  0.50 0.000 9.999 0.259000 9.99 0.259 0.019 0.000  1.033 0.000  1.859 0.000 999.99 0.259000   7.437 0.000   3.360 0.000  4.076 0.000 0.014 0.000 0.354 0.000
183.291667 184.291667    6.88 0.000 99.99 0.259 9.999 0.259000 9.99 0.259 0.004 0.000  0.789 0.000  1.421 0.000 999.99 0.259000   7.346 0.000   4.463 0.000  2.883 0.000 0.016 0.000 0.133 0.000
186.291667 187.291667   87.95 0.000  0.88 0.000 9.999 0.259000 9.99 0.259 0.015 0.000  1.254 0.000  2.257 0.000 999.99 0.259000  14.668 0.000  10.212 0.000  4.495 0.000 0.049 0.000 0.228 0.000
189.291667 190.291667   86.78 0.000  1.03 0.000 9.999 0.259000 9.99 0.259 0.016 0.000  1.751 0.000  3.153 0.000 999.99 0.259000  18.314 0.000  12.182 0.000  6.130 0.000 0.061 0.000 0.397 0.000
192.291667 193.291667   51.33 0.000 99.99 0.259 9.999 0.259000 9.99 0.259 0.010 0.000  0.765 0.000  1.376 0.000 999.99 0.259000   8.501 0.000   5.878 0.000  2.699 0.000 0.033 0.000 0.108 0.000
195.291667 196.291667   57.84 0.000  0.42 0.000 0.010 0.000000 9.99 0.259 0.008 0.000  0.871 0.000  1.568 0.000 999.99 0.259000  11.553 0.000   8.157 0.000  3.395 0.000 0.023 0.000 0.177 0.000
198.291667 199.291667   15.02 0.000 99.99 0.259 9.999 0.259000 9.99 0.259 0.010 0.000  1.366 0.000  2.458 0.000 999.99 0.259000   7.784 0.000   3.742 0.000  4.041 0.000 0.021 0.000 0.243 0.000
201.291667 202.291667   60.40 0.000  0.26 0.000 9.999 0.259000 9.99 0.259 0.019 0.000  1.146 0.000  2.063 0.000 999.99 0.259000  14.260 0.000   8.340 0.000  5.919 0.000 0.028 0.000 0.494 0.000
204.291667 205.291667   26.20 0.000  0.38 0.000 9.999 0.259000 9.99 0.259 0.008 0.000  0.866 0.000  1.558 0.000 999.99 0.259000   9.759 0.000   7.279 0.000  2.481 0.000 0.025 0.000 0.142 0.000
207.291667 208.291667   32.28 0.000  0.35 0.000 9.999 0.259000 9.99 0.259 0.013 0.000  0.930 0.000  1.674 0.000 999.99 0.259000   8.048 0.000   4.125 0.000  3.922 0.000 0.017 0.000 0.317 0.000
210.291667 211.291667   55.18 0.000  0.13 0.000 9.999 0.259000 9.99 0.259 0.013 0.000  1.777 0.000  3.198 0.000 999.99 0.259000  15.243 0.000   9.790 0.000  5.452 0.000 0.038 0.000 0.353 0.000
213.291667 214.291667   52.65 0.000  1.14 0.000 9.999 0.259000 9.99 0.259 0.021 0.000  1.608 0.000  2.895 0.000 999.99 0.259000  15.236 0.000  10.037 0.000  5.339 0.000 0.039 0.000 0.338 0.000
216.291667 217.291667   39.63 0.000 99.99 0.259 9.999 0.259000 9.99 0.259 0.012 0.000  1.562 0.000  2.811 0.000 999.99 0.259000  10.837 0.000   6.515 0.000  4.321 0.000 0.033 0.000 0.169 0.000
219.291667 220.291667   47.34 0.000  0.39 0.000 9.999 0.259000 9.99 0.259 0.010 0.000  1.285 0.000  2.313 0.000  16.24 0.000000  12.327 0.000   8.588 0.000  3.739 0.000 0.036 0.000 0.115 0.000
222.291667 223.291667   33.38 0.000  0.51 0.000 9.999 0.259000 9.99 0.259 0.020 0.000  0.843 0.000  1.518 0.000 999.99 0.259000   9.967 0.000   6.259 0.000  3.708 0.000 0.027 0.000 0.206 0.000
225.291667 226.291667   28.33 0.000  0.27 0.000 9.999 0.259000 9.99 0.259 0.015 0.000  2.349 0.000  4.227 0.000 999.99 0.259000  12.800 0.000   5.848 0.000  6.951 0.000 0.037 0.000 0.197 0.000
228.291667 229.291667   55.16 0.000  0.87 0.000 9.999 0.259000 9.99 0.259 0.028 0.000  1.269 0.000  2.285 0.000 999.99 0.259000  11.244 0.000   5.994 0.000  5.248 0.000 0.050 0.000 0.364 0.000
231.291667 232.291667   20.26 0.000  0.33 0.000 9.999 0.259000 9.99 0.259 0.011 0.000  0.865 0.000  1.556 0.000 999.99 0.259000   9.879 0.000   6.561 0.000  3.317 0.000 0.013 0.000 0.384 0.000
234.291667 235.291667   81.44 0.000  0.50 0.000 9.999 0.259000 9.99 0.259 0.016 0.000  1.449 0.000  2.609 0.000 999.99 0.259000  16.704 0.000  11.475 0.000  5.286 0.000 0.041 0.000 0.379 0.000
237.291667 238.291667   77.53 0.000  1.81 0.000 9.999 0.259000 0.15 0.000 0.017 0.000  3.481 0.000  6.266 0.000 999.99 0.259000  16.908 0.000   8.098 0.000  8.807 0.000 0.051 0.000 0.225 0.000
240.291667 241.291667   97.53 0.000  0.47 0.000 0.023 0.000000 9.99 0.259 0.010 0.000  2.005 0.000  3.610 0.000 999.99 0.259000  17.860 0.000  12.165 0.000  5.695 0.000 0.049 0.000 0.209 0.000
243.291667 244.291667   63.86 0.394  0.80 0.394 9.999 0.394259 0.08 0.394 0.011 0.394  0.661 0.000  1.190 0.000 999.99 0.394259  10.176 0.000   7.061 0.000  3.200 0.000 0.026 0.394 0.208 0.394
