scripts/IMPROVE-2019_partial/data/US0032R.19940101100000.20191216000000.filterpack.pm25_mass.pm25.1y.3d.US03L_filterpack_US0032.US03L_IMPROVE_Davis.lev2.nas
50 1001
MISSING INFORMATION
US03L, IMPROVE, , , , , , , 
MISSING INFORMATION
IMPROVE sel_HTAP
1 1
1994 01 01 2019 12 16
0
days from file reference point
3
1 1 1
999.999999 99.999 9.999
end_time of measurement, days from the file reference point
pm25_mass, ug/m3
numflag pm25_mass, no unit
0
33
Data definition:              EBAS_1.1
Set type code:                TI
Timezone:                     UTC
File name:                    US0032R.19940101100000.20191216000000.filterpack.pm25_mass.pm25.1y.3d.US03L_filterpack_US0032.US03L_IMPROVE_Davis.lev2.nas
File creation:                20191218115735
Startdate:                    19940101100000
Revision date:                20191216000000
Version:                      2
Version description:          "Data extracted from http://views.cira.colostate.edu/fed/DataWizard 2019-12-16"
Statistics:                   arithmetic mean
Data level:                   2
Period code:                  1y
Resolution code:              3d
Sample duration:              1d
Orig. time res.:              3d
Station code:                 US0032R
Platform code:                US0032S
Station name:                 Haleakala NP
Station latitude:             20.8086
Station longitude:            -156.2823
Station altitude:             1153.0 m
Regime:                       IMG
Component:                    pm25_mass
Unit:                         ug/m3
Matrix:                       pm25
Laboratory code:              US03L
Instrument type:              filterpack
Instrument name:              filterpack_US0032
Method ref:                   US03L_IMPROVE_Davis
Blank correction:             Blank corrected
Volume std. temperature:      ambient
Volume std. pressure:         ambient
starttime endtime PM2.5 flag_PM2.5
  0.416667   1.416667  3.129 0.000
  4.416667   5.416667  2.848 0.000
  7.416667   8.416667  1.976 0.000
 11.416667  12.416667  2.744 0.000
 14.416667  15.416667  2.988 0.000
 18.416667  19.416667  1.576 0.000
 21.416667  22.416667 99.999 0.999
 25.416667  26.416667  1.576 0.000
 28.416667  29.416667  5.749 0.000
 32.416667  33.416667 99.999 0.999
 35.416667  36.416667  0.937 0.000
 39.416667  40.416667 99.999 0.999
 42.416667  43.416667  1.424 0.000
 46.416667  47.416667  2.091 0.000
 49.416667  50.416667  0.788 0.000
 53.416667  54.416667  3.077 0.000
 56.416667  57.416667  3.600 0.000
 60.416667  61.416667  5.736 0.000
 63.416667  64.416667  5.195 0.000
 67.416667  68.416667  4.847 0.000
 70.416667  71.416667  0.429 0.000
 74.416667  75.416667 99.999 0.999
 77.416667  78.416667  2.736 0.000
 81.416667  82.416667  0.453 0.000
 84.416667  85.416667  0.997 0.000
 88.416667  89.416667  8.000 0.000
 91.416667  92.416667  4.559 0.000
 95.416667  96.416667  3.190 0.000
 98.416667  99.416667  4.049 0.000
102.416667 103.416667  1.555 0.000
105.416667 106.416667  4.006 0.000
109.416667 110.416667  0.898 0.000
112.416667 113.416667  3.424 0.000
116.416667 117.416667  1.951 0.000
119.416667 120.416667  3.293 0.000
123.416667 124.416667  4.062 0.000
126.416667 127.416667  5.108 0.000
130.416667 131.416667  5.429 0.000
133.416667 134.416667  3.792 0.000
137.416667 138.416667  1.617 0.000
140.416667 141.416667  3.142 0.000
144.416667 145.416667  2.861 0.000
147.416667 148.416667  3.404 0.000
151.416667 152.416667  3.818 0.000
154.416667 155.416667  1.091 0.000
158.416667 159.416667  3.415 0.000
161.416667 162.416667  2.439 0.000
165.416667 166.416667  3.303 0.000
168.416667 169.416667  1.037 0.000
172.416667 173.416667 99.999 0.999
175.416667 176.416667  1.723 0.000
179.416667 180.416667  4.532 0.000
182.416667 183.416667  3.724 0.000
186.416667 187.416667  1.672 0.000
189.416667 190.416667  3.123 0.000
193.416667 194.416667  4.333 0.000
196.416667 197.416667  4.364 0.000
200.416667 201.416667  4.316 0.000
203.416667 204.416667  2.888 0.000
207.416667 208.416667  3.104 0.000
210.416667 211.416667  4.209 0.000
214.416667 215.416667  3.343 0.000
217.416667 218.416667  2.036 0.000
221.416667 222.416667  3.343 0.000
224.416667 225.416667  5.562 0.000
228.416667 229.416667  2.622 0.000
231.416667 232.416667  3.811 0.000
235.416667 236.416667  2.733 0.000
238.416667 239.416667  2.844 0.000
242.416667 243.416667  2.173 0.000
245.416667 246.416667  3.133 0.000
249.416667 250.416667  1.939 0.000
252.416667 253.416667  3.233 0.000
256.416667 257.416667  3.323 0.000
259.416667 260.416667  2.447 0.000
263.416667 264.416667  2.870 0.000
266.416667 267.416667  2.417 0.000
270.416667 271.416667  4.294 0.000
273.416667 274.416667  3.934 0.000
277.416667 278.416667  1.717 0.000
280.416667 281.416667  3.133 0.000
284.416667 285.416667  3.242 0.000
287.416667 288.416667  4.152 0.000
291.416667 292.416667  2.853 0.000
294.416667 295.416667  2.975 0.000
298.416667 299.416667  2.152 0.000
301.416667 302.416667  3.727 0.000
305.416667 306.416667  2.810 0.000
308.416667 309.416667  1.752 0.000
312.416667 313.416667  3.243 0.000
315.416667 316.416667  2.853 0.000
319.416667 320.416667  2.048 0.000
322.416667 323.416667  1.777 0.000
326.416667 327.416667  2.273 0.000
329.416667 330.416667  2.697 0.000
333.416667 334.416667  0.848 0.000
336.416667 337.416667  2.273 0.000
340.416667 341.416667  0.904 0.000
343.416667 344.416667  2.182 0.000
347.416667 348.416667  1.909 0.000
350.416667 351.416667  2.455 0.000
354.416667 355.416667  3.535 0.000
357.416667 358.416667  2.477 0.000
361.416667 362.416667  2.175 0.000
364.416667 365.416667  4.109 0.000
