scripts/IMPROVE-2019_partial/data/US0087R.20010101070000.20191216000000.filterpack..pm25.52w.1w.US03L_filterpack_US0087.US03L_IMPROVE_Davis.lev2.nas
64 1001
MISSING INFORMATION
US03L, IMPROVE, , , , , , , 
MISSING INFORMATION
IMPROVE sel_HTAP
1 1
2001 01 01 2019 12 16
3.000000
days from file reference point
25
1 1 1 1 1 1 1 1 1 1 1 1 1 1 1 1 1 1 1 1 1 1 1 1 1
999.999999 9999.99 9.999999 99.99 9.999999 9.999 9.999999999 9.99 9.999999999 9.999 9.999 99.999 9.999 99.999 9.999 999.999 9.999 99.999 9.999 999.999 9.999 9.999 9.999999 9.999 9.999
end_time of measurement, days from the file reference point
iron, ng/m3, Revision date=20181210133000
numflag iron, no unit, Revision date=20181210133000
lead, ng/m3, Revision date=20181210133000
numflag lead, no unit, Revision date=20181210133000
magnesium, ug/m3, Revision date=20181210133000
numflag magnesium, no unit, Revision date=20181210133000
nickel, ng/m3, Revision date=20181210133000
numflag nickel, no unit, Revision date=20181210133000
nitrate, ug N/m3, Revision date=20181210133000
numflag nitrate, no unit, Revision date=20181210133000
organic_carbon, ug C/m3, Revision date=20181210133000
numflag organic_carbon, no unit, Revision date=20181210133000
organic_mass, ug/m3, Revision date=20181210133000
numflag organic_mass, no unit, Revision date=20181210133000
pm10_mass, ug/m3, Version=2, Version description=Data extracted from http://views.cira.colostate.edu/fed/DataWizard 2019-12-16, Sample duration=1d, Orig. time res.=3d, Matrix=pm10, Blank correction=Blank corrected, Volume std. temperature=ambient, Volume std. pressure=ambient
numflag pm10_mass, no unit, Version=2, Version description=Data extracted from http://views.cira.colostate.edu/fed/DataWizard 2019-12-16, Sample duration=1d, Orig. time res.=3d, Matrix=pm10, Blank correction=Blank corrected, Volume std. temperature=ambient, Volume std. pressure=ambient
pm10_pm25_mass, ug/m3, Revision date=20181210133000, Matrix=pm10_pm25
numflag pm10_pm25_mass, no unit, Revision date=20181210133000, Matrix=pm10_pm25
pm25_mass, ug/m3, Version=2, Version description=Data extracted from http://views.cira.colostate.edu/fed/DataWizard 2019-12-16, Sample duration=1d, Orig. time res.=3d, Blank correction=Blank corrected, Volume std. temperature=ambient, Volume std. pressure=ambient
numflag pm25_mass, no unit, Version=2, Version description=Data extracted from http://views.cira.colostate.edu/fed/DataWizard 2019-12-16, Sample duration=1d, Orig. time res.=3d, Blank correction=Blank corrected, Volume std. temperature=ambient, Volume std. pressure=ambient
potassium, ug/m3, Revision date=20181210133000
numflag potassium, no unit, Revision date=20181210133000
sulphate_total, ug S/m3, Revision date=20181210133000
numflag sulphate_total, no unit, Revision date=20181210133000
0
25
Data definition:              EBAS_1.1
Set type code:                TU
Timezone:                     UTC
File name:                    US0087R.20010101070000.20191216000000.filterpack..pm25.52w.1w.US03L_filterpack_US0087.US03L_IMPROVE_Davis.lev2.nas
File creation:                20191218120116
Startdate:                    20010101070000
Revision date:                20191216000000
Statistics:                   arithmetic mean
Data level:                   2
Period code:                  52w
Resolution code:              1w
Station code:                 US0087R
Platform code:                US0087S
Station name:                 Brooklyn Lake
Station latitude:             41.3662
Station longitude:            -106.2418
Station altitude:             3196.0 m
Regime:                       IMG
Component:                    
Matrix:                       pm25
Laboratory code:              US03L
Instrument type:              filterpack
Instrument name:              filterpack_US0087
Method ref:                   US03L_IMPROVE_Davis
starttime endtime Fe flag_Fe Pb flag_Pb Mg++ flag_Mg++ Ni flag_Ni NO3- flag_NO3- OC flag_OC OM flag_OM PM10 flag_PM10 PM10-PM2.5 flag_PM10-PM2.5 PM2.5 flag_PM2.5 K+ flag_K+ SO4-- flag_SO4--
[from data line 83]
249.291667 250.291667    9.80 0.000000 99.99 0.259000 9.999 0.259000000 9.99 0.259000000 0.017 0.000  0.242 0.000  0.339 0.000   2.438 0.000  1.164 0.000   1.274 0.000 0.010 0.000000 0.126 0.000
252.291667 253.291667   11.00 0.000000  0.21 0.000000 0.014 0.000000000 9.99 0.259000000 0.007 0.000  0.358 0.000  0.501 0.000   2.498 0.000  1.562 0.000   0.937 0.000 0.010 0.000000 0.080 0.000
255.291667 256.291667   20.18 0.000000  0.20 0.000000 9.999 0.259000000 9.99 0.259000000 0.015 0.000  0.631 0.000  0.884 0.000   4.740 0.000  1.956 0.000   2.784 0.000 0.017 0.000000 0.213 0.000
258.291667 259.291667   20.33 0.000000 99.99 0.259000 9.999 0.259000000 9.99 0.259000000 0.030 0.000  0.657 0.000  0.920 0.000   4.997 0.000  1.683 0.000   3.314 0.000 0.020 0.000000 0.288 0.000
261.291667 262.291667   15.56 0.000000  0.32 0.000000 9.999 0.259000000 9.99 0.259000000 0.034 0.559  0.711 0.000  0.995 0.000   3.768 0.000  0.971 0.000   2.797 0.000 0.015 0.000000 0.158 0.559
264.291667 265.291667   44.88 0.000000  0.33 0.000000 9.999 0.259000000 9.99 0.259000000 0.024 0.559  0.917 0.000  1.285 0.000   6.280 0.000  3.197 0.000   3.083 0.000 0.038 0.000000 0.176 0.559
267.291667 268.291667   24.46 0.000000  0.36 0.000000 9.999 0.259000000 9.99 0.259000000 0.024 0.559  1.525 0.000  2.135 0.000   6.089 0.000  2.421 0.000   3.668 0.000 0.032 0.000000 0.263 0.559
270.291667 271.291667   50.16 0.000000  0.47 0.000000 9.999 0.259000000 9.99 0.259000000 0.023 0.559  1.648 0.000  2.306 0.000   9.198 0.000  4.822 0.000   4.376 0.000 0.038 0.000000 0.223 0.559
273.291667 274.291667   27.25 0.000000  0.44 0.000000 9.999 0.259000000 9.99 0.259000000 0.020 0.000  0.894 0.000  1.251 0.000   6.357 0.000  2.806 0.000   3.551 0.000 0.027 0.000000 0.331 0.000
276.291667 277.291667   37.97 0.000000  0.27 0.000000 9.999 0.259000000 9.99 0.259000000 0.055 0.000  0.557 0.000  0.780 0.000   5.989 0.000  3.696 0.000   2.294 0.000 0.039 0.000000 0.125 0.000
279.291667 280.291667   32.97 0.000000  0.43 0.000000 9.999 0.259000000 9.99 0.259000000 0.057 0.000  0.684 0.000  0.957 0.000   7.606 0.000  3.976 0.000   3.630 0.000 0.034 0.000000 0.327 0.000
282.291667 283.291667   15.63 0.000000 99.99 0.259000 9.999 0.259000000 9.99 0.259000000 0.059 0.000  0.276 0.000  0.387 0.000   3.659 0.000  2.025 0.000   1.634 0.000 0.020 0.000000 0.141 0.000
285.291667 286.291667   13.74 0.000000  0.32 0.000000 9.999 0.259000000 9.99 0.259000000 0.036 0.000  0.159 0.000  0.223 0.000   2.875 0.000  2.168 0.000   0.707 0.000 0.033 0.000000 0.093 0.000
288.291667 289.291667   36.70 0.559000  0.36 0.559000 9.999 0.559259000 0.23 0.559000000 0.012 0.559  0.147 0.000  0.206 0.000   4.741 0.000  1.581 0.000   3.160 0.559 0.067 0.559000 0.123 0.559
291.291667 292.291667   14.53 0.000000  0.17 0.000000 9.999 0.259000000 9.99 0.259000000 0.009 0.000  0.212 0.000  0.297 0.000   2.228 0.000  1.227 0.000   1.001 0.000 0.017 0.000000 0.056 0.000
294.291667 295.291667   24.64 0.000000  0.23 0.000000 9.999 0.259000000 9.99 0.259000000 0.056 0.000  0.429 0.000  0.601 0.000   4.642 0.000  2.681 0.000   1.961 0.000 0.025 0.000000 0.118 0.000
297.291667 298.291667   20.55 0.000000 99.99 0.259000 9.999 0.259000000 9.99 0.259000000 0.033 0.000  0.083 0.000  0.117 0.000   2.688 0.000  1.400 0.000   1.288 0.000 0.020 0.000000 0.084 0.000
300.291667 301.291667   32.26 0.000000  1.01 0.000000 9.999 0.259000000 0.15 0.000000000 0.024 0.000  0.621 0.000  0.869 0.000   7.388 0.000  3.015 0.000   4.372 0.000 0.028 0.000000 0.494 0.000
303.291667 304.291667    4.59 0.000000 99.99 0.259000 9.999 0.259000000 9.99 0.259000000 0.013 0.559  0.223 0.000  0.312 0.000   1.745 0.000  0.826 0.000   0.920 0.000 0.008 0.000000 0.084 0.559
306.291667 307.291667    7.58 0.000000  0.54 0.000000 9.999 0.259000000 9.99 0.259000000 0.007 0.559  0.234 0.000  0.328 0.000   1.367 0.000  0.301 0.000   1.066 0.000 0.008 0.000000 0.135 0.559
309.291667 310.291667   15.77 0.000000  0.40 0.000000 9.999 0.259000000 0.11 0.000000000 0.030 0.000  0.490 0.000  0.685 0.000   5.636 0.000  1.921 0.000   3.715 0.000 0.017 0.000000 0.501 0.000
312.291667 313.291667   11.29 0.000000  0.38 0.000000 9.999 0.259000000 9.99 0.259000000 0.005 0.000  0.174 0.000  0.243 0.000   1.226 0.000  0.365 0.000   0.860 0.000 0.011 0.000000 0.082 0.000
315.291667 316.291667   27.94 0.000000  0.49 0.000000 9.999 0.259000000 0.09 0.000000000 0.030 0.000  0.346 0.000  0.484 0.000   5.979 0.000  2.284 0.000   3.695 0.000 0.029 0.000000 0.454 0.000
318.291667 319.291667    7.66 0.000000  0.47 0.000000 9.999 0.259000000 9.99 0.259000000 0.011 0.000  0.318 0.000  0.445 0.000   2.047 0.000  0.677 0.000   1.370 0.000 0.009 0.000000 0.153 0.000
321.291667 322.291667    7.02 0.000000  0.33 0.000000 9.999 0.259000000 9.99 0.259000000 0.023 0.000  0.305 0.000  0.427 0.000   2.632 0.000  0.514 0.000   2.118 0.000 0.010 0.000000 0.294 0.000
324.291667 325.291667    7.89 0.000000  0.41 0.000000 9.999 0.259000000 9.99 0.259000000 0.027 0.000  0.129 0.000  0.180 0.000   2.376 0.000  1.130 0.000   1.246 0.000 0.009 0.000000 0.106 0.000
327.291667 328.291667    4.18 0.000000 99.99 0.259000 9.999 0.259000000 9.99 0.259000000 0.016 0.000  0.056 0.000  0.078 0.000   0.804 0.000  0.244 0.000   0.560 0.000 0.004 0.000000 0.066 0.000
330.291667 331.291667    1.21 0.000000  0.29 0.000000 9.999 0.259000000 9.99 0.259000000 0.002 0.000 99.999 0.259 99.999 0.259   0.370 0.000 99.999 0.259   0.378 0.000 0.008 0.000000 0.041 0.000
333.291667 334.291667    9.11 0.000000  0.15 0.000000 9.999 0.259000000 9.99 0.259000000 0.004 0.000  0.059 0.000  0.082 0.000   1.425 0.000  0.180 0.000   1.246 0.000 0.006 0.000000 0.133 0.000
336.291667 337.291667   10.74 0.000000  0.21 0.000000 9.999 0.259000000 9.99 0.259000000 0.011 0.000  0.129 0.000  0.180 0.000   1.206 0.000  0.396 0.000   0.810 0.000 0.009 0.000000 0.068 0.000
339.291667 340.291667 9999.99 0.999000 99.99 0.999000 9.999 0.999000000 9.99 0.999000000 9.999 0.999 99.999 0.999 99.999 0.999 999.999 0.999 99.999 0.999 999.999 0.999 9.999 0.999000 9.999 0.999
342.291667 343.291667 9999.99 0.999000 99.99 0.999000 9.999 0.999000000 9.99 0.999000000 9.999 0.999 99.999 0.999 99.999 0.999 999.999 0.999 99.999 0.999 999.999 0.999 9.999 0.999000 9.999 0.999
345.291667 346.291667   10.56 0.000000  0.37 0.000000 9.999 0.259000000 0.05 0.000000000 0.036 0.000  0.236 0.000  0.331 0.000   2.010 0.000  0.235 0.000   1.775 0.000 0.006 0.000000 0.213 0.000
348.291667 349.291667   10.93 0.000000 99.99 0.259000 9.999 0.259000000 9.99 0.259000000 0.014 0.559  0.221 0.000  0.309 0.000   1.572 0.000  0.520 0.000   1.051 0.000 0.008 0.000000 0.112 0.559
351.291667 352.291667   10.09 0.000000  0.28 0.000000 9.999 0.259000000 9.99 0.259000000 0.009 0.559  0.179 0.000  0.251 0.000   1.216 0.000  0.431 0.000   0.785 0.000 0.007 0.000000 0.072 0.559
354.291667 355.291667   28.19 0.559000  0.45 0.559000 9.999 0.559259000 9.99 0.559259000 0.051 0.559  0.273 0.000  0.382 0.000   2.522 0.000  1.048 0.000   1.474 0.559 0.021 0.559000 0.103 0.559
357.291667 358.291667    6.91 0.000000 99.99 0.259000 9.999 0.259000000 9.99 0.259000000 0.008 0.000 99.999 0.259 99.999 0.259   0.402 0.000  0.099 0.000   0.303 0.000 0.005 0.000000 0.016 0.000
360.291667 361.291667 9999.99 0.999000 99.99 0.999000 9.999 0.999000000 9.99 0.999000000 9.999 0.999 99.999 0.999 99.999 0.999 999.999 0.999 99.999 0.999 999.999 0.999 9.999 0.999000 9.999 0.999
363.291667 364.291667 9999.99 0.999000 99.99 0.999000 9.999 0.999000000 9.99 0.999000000 9.999 0.999 99.999 0.999 99.999 0.999 999.999 0.999 99.999 0.999 999.999 0.999 9.999 0.999000 9.999 0.999
