scripts/IMPROVE-2019_partial/data/US0019R.20000101080000.20191216000000.filterpack..pm25.52w.1w.US03L_filterpack_US0019.US03L_IMPROVE_Davis.lev2.nas
64 1001
MISSING INFORMATION
US03L, IMPROVE, , , , , , , 
MISSING INFORMATION
IMPROVE sel_HTAP
1 1
2000 01 01 2019 12 16
0
days from file reference point
25
1 1 1 1 1 1 1 1 1 1 1 1 1 1 1 1 1 1 1 1 1 1 1 1 1
999.999999 9999.99 9.999999 99.99 9.999999999 9.999 9.999999999 9.99 9.999999999 9.999 9.999 99.999 9.999 99.999 9.999 99.999 9.999 99.999 9.999 99.999 9.999 9.999 9.999999 9.999 9.999
end_time of measurement, days from the file reference point
iron, ng/m3, Revision date=20181210133000
numflag iron, no unit, Revision date=20181210133000
lead, ng/m3, Revision date=20181210133000
numflag lead, no unit, Revision date=20181210133000
magnesium, ug/m3, Revision date=20181210133000
numflag magnesium, no unit, Revision date=20181210133000
nickel, ng/m3, Revision date=20181210133000
numflag nickel, no unit, Revision date=20181210133000
nitrate, ug N/m3, Revision date=20181210133000
numflag nitrate, no unit, Revision date=20181210133000
organic_carbon, ug C/m3, Revision date=20181210133000
numflag organic_carbon, no unit, Revision date=20181210133000
organic_mass, ug/m3, Revision date=20181210133000
numflag organic_mass, no unit, Revision date=20181210133000
pm10_mass, ug/m3, Version=2, Version description=Data extracted from http://views.cira.colostate.edu/fed/DataWizard 2019-12-16, Sample duration=1d, Orig. time res.=3d, Matrix=pm10, Blank correction=Blank corrected, Volume std. temperature=ambient, Volume std. pressure=ambient
numflag pm10_mass, no unit, Version=2, Version description=Data extracted from http://views.cira.colostate.edu/fed/DataWizard 2019-12-16, Sample duration=1d, Orig. time res.=3d, Matrix=pm10, Blank correction=Blank corrected, Volume std. temperature=ambient, Volume std. pressure=ambient
pm10_pm25_mass, ug/m3, Revision date=20181210133000, Matrix=pm10_pm25
numflag pm10_pm25_mass, no unit, Revision date=20181210133000, Matrix=pm10_pm25
pm25_mass, ug/m3, Version=2, Version description=Data extracted from http://views.cira.colostate.edu/fed/DataWizard 2019-12-16, Sample duration=1d, Orig. time res.=3d, Blank correction=Blank corrected, Volume std. temperature=ambient, Volume std. pressure=ambient
numflag pm25_mass, no unit, Version=2, Version description=Data extracted from http://views.cira.colostate.edu/fed/DataWizard 2019-12-16, Sample duration=1d, Orig. time res.=3d, Blank correction=Blank corrected, Volume std. temperature=ambient, Volume std. pressure=ambient
potassium, ug/m3, Revision date=20181210133000
numflag potassium, no unit, Revision date=20181210133000
sulphate_total, ug S/m3, Revision date=20181210133000
numflag sulphate_total, no unit, Revision date=20181210133000
0
25
Data definition:              EBAS_1.1
Set type code:                TI
Timezone:                     UTC
File name:                    US0019R.20000101080000.20191216000000.filterpack..pm25.52w.1w.US03L_filterpack_US0019.US03L_IMPROVE_Davis.lev2.nas
File creation:                20191218115638
Startdate:                    20000101080000
Revision date:                20191216000000
Statistics:                   arithmetic mean
Data level:                   2
Period code:                  52w
Resolution code:              1w
Station code:                 US0019R
Platform code:                US0019S
Station name:                 Bliss SP (TRPA)
Station latitude:             38.9761
Station longitude:            -120.1025
Station altitude:             2130.0 m
Regime:                       IMG
Component:                    
Matrix:                       pm25
Laboratory code:              US03L
Instrument type:              filterpack
Instrument name:              filterpack_US0019
Method ref:                   US03L_IMPROVE_Davis
starttime endtime Fe flag_Fe Pb flag_Pb Mg++ flag_Mg++ Ni flag_Ni NO3- flag_NO3- OC flag_OC OM flag_OM PM10 flag_PM10 PM10-PM2.5 flag_PM10-PM2.5 PM2.5 flag_PM2.5 K+ flag_K+ SO4-- flag_SO4--
  0.333333   1.333333    6.03 0.000000  0.86 0.000000000 9.999 0.259000000 9.99 0.259000000 0.208 0.000  1.182 0.000  1.655 0.000  4.580 0.000  1.213 0.000  3.367 0.000 0.024 0.000000 0.111 0.000
  4.333333   5.333333    4.25 0.000000  0.21 0.000000000 0.005 0.000000000 9.99 0.259000000 0.034 0.000  0.468 0.000  0.655 0.000  1.745 0.000  0.793 0.000  0.953 0.000 0.009 0.000000 0.042 0.000
  7.333333   8.333333   12.05 0.000000  0.62 0.000000000 0.007 0.000000000 9.99 0.259000000 0.020 0.000  0.553 0.000  0.774 0.000  2.154 0.000  0.463 0.000  1.691 0.000 0.014 0.000000 0.060 0.000
 11.333333  12.333333 9999.99 0.999000 99.99 0.999000000 9.999 0.999000000 9.99 0.999000000 9.999 0.999 99.999 0.999 99.999 0.999 99.999 0.999 99.999 0.999 99.999 0.999 9.999 0.999000 9.999 0.999
 14.333333  15.333333 9999.99 0.999000 99.99 0.999000000 9.999 0.999000000 9.99 0.999000000 9.999 0.999 99.999 0.999 99.999 0.999 99.999 0.999 99.999 0.999 99.999 0.999 9.999 0.999000 9.999 0.999
 18.333333  19.333333 9999.99 0.999000 99.99 0.999000000 9.999 0.999000000 9.99 0.999000000 9.999 0.999 99.999 0.999 99.999 0.999 99.999 0.999 99.999 0.999 99.999 0.999 9.999 0.999000 9.999 0.999
 21.333333  22.333333    9.24 0.000000  0.38 0.000000000 9.999 0.259000000 9.99 0.259000000 0.010 0.000  0.252 0.000  0.353 0.000 99.999 0.999 99.999 0.999  1.078 0.000 0.009 0.000000 0.038 0.000
 25.333333  26.333333    8.28 0.000000  0.21 0.000000000 9.999 0.259000000 0.69 0.000000000 0.021 0.559  1.020 0.000  1.428 0.000  2.241 0.000  0.262 0.000  1.980 0.000 0.008 0.000000 0.034 0.559
 28.333333  29.333333   13.29 0.000000  0.51 0.000000000 9.999 0.259000000 0.44 0.000000000 0.137 0.559  1.232 0.000  1.725 0.000  3.968 0.000  0.734 0.000  3.234 0.000 0.015 0.000000 0.079 0.559
 32.333333  33.333333    2.40 0.000000  0.32 0.000000000 9.999 0.259000000 0.41 0.000000000 0.073 0.699  0.623 0.000  0.872 0.000  1.608 0.559  0.346 0.000  1.263 0.000 0.005 0.000000 0.031 0.699
 35.333333  36.333333    5.28 0.000000  0.20 0.000000000 9.999 0.259000000 0.67 0.000000000 0.019 0.559  0.371 0.000  0.520 0.000  1.097 0.559  0.591 0.000  0.505 0.000 0.006 0.000000 0.041 0.559
 39.333333  40.333333   10.87 0.000000  0.42 0.000000000 9.999 0.259000000 9.99 0.259000000 0.219 0.699  0.505 0.000  0.707 0.000  2.866 0.000  0.837 0.000  2.029 0.000 0.014 0.000000 0.149 0.699
 42.333333  43.333333    1.23 0.000000 99.99 0.259000000 0.002 0.000000000 9.99 0.259000000 0.006 0.699  0.126 0.000  0.176 0.000  0.184 0.000  0.152 0.000  0.031 0.000 9.999 0.259000 0.005 0.699
 46.333333  47.333333    2.24 0.000000 99.99 0.259000000 9.999 0.259000000 9.99 0.259000000 0.004 0.559  0.299 0.000  0.418 0.000  0.554 0.000 99.999 0.259  0.573 0.000 0.005 0.000000 0.017 0.559
 49.333333  50.333333   12.79 0.000000 99.99 0.259000000 9.999 0.259000000 9.99 0.259000000 0.072 0.699  0.586 0.000  0.820 0.000  3.288 0.000  1.716 0.000  1.571 0.000 0.011 0.000000 0.061 0.699
 53.333333  54.333333    5.72 0.000000  0.30 0.000000000 9.999 0.259000000 9.99 0.259000000 0.012 0.559  0.215 0.000  0.301 0.000  1.478 0.000  0.458 0.000  1.019 0.000 0.006 0.000000 0.044 0.559
 56.333333  57.333333   10.52 0.000000  0.37 0.000000000 9.999 0.259000000 9.99 0.259000000 0.009 0.699  0.124 0.000  0.174 0.000  1.551 0.000  0.596 0.000  0.956 0.000 0.010 0.000000 0.054 0.699
 60.333333  61.333333    6.55 0.000000  0.37 0.000000000 0.008 0.000000000 9.99 0.259000000 0.014 0.000  0.332 0.000  0.465 0.000  1.514 0.000 99.999 0.259  1.561 0.000 0.009 0.000000 0.058 0.000
 63.333333  64.333333   11.02 0.000000  0.51 0.000000000 9.999 0.259000000 9.99 0.259000000 0.030 0.559  0.722 0.000  1.011 0.000  2.586 0.000  0.163 0.000  2.422 0.000 0.014 0.000000 0.105 0.559
 67.333333  68.333333    2.60 0.000000  0.21 0.000000000 9.999 0.259000000 9.99 0.259000000 0.004 0.000  0.083 0.000  0.117 0.000  0.763 0.559  0.222 0.000  0.541 0.000 0.006 0.000000 0.030 0.000
 70.333333  71.333333   14.21 0.000000  2.09 0.000000000 0.010 0.000000000 9.99 0.259000000 0.024 0.559  0.449 0.000  0.628 0.000  2.909 0.559  1.157 0.000  1.752 0.000 0.025 0.000000 0.229 0.559
 74.333333  75.333333   25.62 0.000000  0.54 0.000000000 9.999 0.259000000 9.99 0.259000000 0.018 0.559  0.676 0.000  0.947 0.000  3.653 0.559  1.909 0.000  1.744 0.000 0.017 0.000000 0.087 0.559
 77.333333  78.333333   19.92 0.000000  1.34 0.000000000 9.999 0.259000000 9.99 0.259000000 0.021 0.559  0.634 0.000  0.888 0.000  3.328 0.559  0.774 0.000  2.554 0.000 0.023 0.000000 0.138 0.559
 81.333333  82.333333   28.85 0.000000  0.49 0.000000000 9.999 0.259000000 9.99 0.259000000 0.048 0.559  0.630 0.000  0.882 0.000  5.100 0.559  2.691 0.000  2.409 0.000 0.028 0.000000 0.123 0.559
 84.333333  85.333333   30.05 0.000000  1.09 0.000000000 9.999 0.259000000 9.99 0.259000000 0.111 0.000  1.099 0.000  1.539 0.000  6.076 0.559  2.271 0.000  3.805 0.000 0.035 0.000000 0.227 0.000
 88.333333  89.333333   38.99 0.000000  1.25 0.000000000 9.999 0.259000000 9.99 0.259000000 0.082 0.000  0.945 0.000  1.323 0.000  4.955 0.559  1.799 0.000  3.157 0.000 0.033 0.000000 0.197 0.000
 91.333333  92.333333  114.09 0.000000  2.71 0.000000000 0.073 0.000000000 9.99 0.259000000 0.050 0.000  0.544 0.000  0.762 0.000  7.632 0.559  3.471 0.000  4.160 0.000 0.085 0.000000 0.230 0.000
 95.333333  96.333333   45.44 0.000000  0.81 0.000000000 9.999 0.259000000 9.99 0.259000000 0.042 0.000  0.959 0.000  1.342 0.000  4.472 0.559  1.350 0.000  3.122 0.000 0.038 0.000000 0.181 0.000
 98.333333  99.333333   58.80 0.000000  1.44 0.000000000 9.999 0.259000000 9.99 0.259000000 0.133 0.000  0.796 0.000  1.114 0.000  6.617 0.559  2.890 0.000  3.727 0.000 0.045 0.000000 0.291 0.000
102.333333 103.333333   41.19 0.559000  1.14 0.559000000 9.999 0.559259000 9.99 0.559259000 0.055 0.000  1.287 0.000  1.802 0.000  5.873 0.000  1.353 0.000  4.520 0.559 0.039 0.559000 0.254 0.000
105.333333 106.333333   36.94 0.559000  0.52 0.559000000 9.999 0.559259000 9.99 0.559259000 0.130 0.000  0.694 0.000  0.972 0.000  4.876 0.000  1.338 0.000  3.538 0.559 0.029 0.559000 0.212 0.000
109.333333 110.333333   11.42 0.000000  0.28 0.000000000 9.999 0.259000000 9.99 0.259000000 0.018 0.000  0.616 0.000  0.863 0.000  2.026 0.559  0.510 0.000  1.515 0.000 0.013 0.000000 0.055 0.000
112.333333 113.333333   67.98 0.000000  1.30 0.000000000 9.999 0.259000000 9.99 0.259000000 0.053 0.000  0.691 0.000  0.968 0.000  5.425 0.559  1.905 0.000  3.520 0.000 0.049 0.000000 0.210 0.000
116.333333 117.333333  139.61 0.000000  1.07 0.000000000 9.999 0.259000000 9.99 0.259000000 0.050 0.000  0.928 0.000  1.299 0.000  8.528 0.559  3.206 0.000  5.322 0.000 0.095 0.000000 0.197 0.000
119.333333 120.333333   56.79 0.000000  1.10 0.000000000 9.999 0.259000000 9.99 0.259000000 0.045 0.000  0.691 0.000  0.968 0.000  4.462 0.559  1.217 0.000  3.245 0.000 0.042 0.000000 0.154 0.000
123.333333 124.333333   49.97 0.559000  0.89 0.559000000 9.999 0.559259000 9.99 0.559259000 0.022 0.000  0.908 0.000  1.271 0.000  4.354 0.559  1.458 0.000  2.896 0.559 0.039 0.559000 0.141 0.000
126.333333 127.333333  112.25 0.000000  2.77 0.000000000 9.999 0.259000000 9.99 0.259000000 0.032 0.000  1.017 0.000  1.424 0.000  7.592 0.559  2.238 0.000  5.354 0.000 0.097 0.000000 0.291 0.000
130.333333 131.333333 9999.99 0.999000 99.99 0.999000000 9.999 0.999000000 9.99 0.999000000 9.999 0.999 99.999 0.999 99.999 0.999 99.999 0.999 99.999 0.999 99.999 0.999 9.999 0.999000 9.999 0.999
133.333333 134.333333 9999.99 0.999000 99.99 0.999000000 9.999 0.999000000 9.99 0.999000000 9.999 0.999 99.999 0.999 99.999 0.999 99.999 0.999 99.999 0.999 99.999 0.999 9.999 0.999000 9.999 0.999
137.333333 138.333333   45.25 0.000000  1.50 0.000000000 9.999 0.259000000 9.99 0.259000000 0.063 0.000  1.524 0.000  2.134 0.000  6.659 0.559  1.795 0.000  4.864 0.000 0.036 0.000000 0.331 0.000
140.333333 141.333333   55.48 0.000000  1.20 0.000000000 9.999 0.259000000 9.99 0.259000000 0.034 0.000  1.592 0.000  2.228 0.000  5.805 0.559  2.080 0.000  3.725 0.000 0.041 0.000000 0.159 0.000
144.333333 145.333333   19.89 0.000000  0.31 0.000000000 0.017 0.000000000 0.12 0.000000000 0.020 0.000  1.181 0.000  1.654 0.000  3.274 0.559  0.938 0.000  2.336 0.000 0.013 0.000000 0.089 0.000
147.333333 148.333333   49.68 0.000000  0.92 0.000000000 0.024 0.000000000 9.99 0.259000000 0.048 0.000  1.113 0.000  1.558 0.000  4.714 0.559  1.433 0.000  3.281 0.000 0.037 0.000000 0.201 0.000
151.333333 152.333333   38.76 0.000000  0.78 0.000000000 9.999 0.259000000 9.99 0.259000000 0.042 0.559  2.587 0.000  3.622 0.000  5.405 0.559  2.188 0.000  3.217 0.000 0.027 0.000000 0.119 0.559
154.333333 155.333333   39.13 0.000000  0.77 0.000000000 0.021 0.000000000 9.99 0.259000000 0.035 0.559  2.567 0.000  3.594 0.000  6.372 0.559  2.262 0.000  4.109 0.000 0.040 0.000000 0.157 0.559
158.333333 159.333333   38.32 0.559000  0.34 0.559000000 0.023 0.559000000 9.99 0.559259000 0.146 0.559  0.648 0.000  0.907 0.000  7.448 0.559  3.137 0.000  4.311 0.559 0.033 0.559000 0.438 0.559
161.333333 162.333333   15.42 0.000000 99.99 0.259000000 9.999 0.259000000 9.99 0.259000000 0.026 0.559  0.448 0.000  0.627 0.000  2.735 0.559  0.820 0.000  1.915 0.000 0.018 0.000000 0.155 0.559
165.333333 166.333333   26.08 0.000000 99.99 0.259000000 9.999 0.259000000 9.99 0.259000000 0.013 0.559  0.939 0.000  1.315 0.000  4.174 0.559  1.902 0.000  2.272 0.000 0.012 0.000000 0.045 0.559
168.333333 169.333333   39.94 0.559000 99.99 0.559259000 9.999 0.559259000 9.99 0.559259000 0.030 0.559  0.978 0.000  1.369 0.000  7.700 0.559  3.660 0.000  4.040 0.559 0.026 0.559000 0.201 0.559
172.333333 173.333333   44.76 0.559000 99.99 0.559259000 9.999 0.559259000 9.99 0.559259000 0.030 0.000  1.733 0.000  2.426 0.000  7.936 0.559  3.129 0.000  4.808 0.559 0.034 0.559000 0.149 0.000
175.333333 176.333333   53.63 0.559000  1.12 0.559000000 9.999 0.559259000 9.99 0.559259000 0.129 0.000  1.461 0.000  2.045 0.000  8.999 0.559  2.665 0.000  6.335 0.559 0.044 0.559000 0.342 0.000
179.333333 180.333333   56.01 0.559000 99.99 0.559259000 9.999 0.559259000 9.99 0.559259000 0.041 0.559  2.096 0.000  2.934 0.000  9.701 0.559  2.958 0.000  6.742 0.559 0.038 0.559000 0.249 0.559
182.333333 183.333333   19.99 0.559000  0.18 0.559000000 9.999 0.559259000 9.99 0.559259000 0.043 0.559  0.626 0.000  0.877 0.000  3.580 0.559  1.220 0.000  2.360 0.559 0.018 0.559000 0.119 0.559
186.333333 187.333333 9999.99 0.999000 99.99 0.999000000 9.999 0.999000000 9.99 0.999000000 9.999 0.999 99.999 0.999 99.999 0.999 99.999 0.999 99.999 0.999 99.999 0.999 9.999 0.999000 9.999 0.999
189.333333 190.333333   22.47 0.000000 99.99 0.259000000 9.999 0.259000000 9.99 0.259000000 0.082 0.000  0.979 0.000  1.371 0.000  6.944 0.000  3.289 0.000  3.655 0.000 0.026 0.000000 0.251 0.000
193.333333 194.333333   39.51 0.000000 99.99 0.259000000 9.999 0.259000000 9.99 0.259000000 0.057 0.000  1.551 0.000  2.171 0.000  9.198 0.000  4.416 0.000  4.782 0.000 0.027 0.000000 0.314 0.000
196.333333 197.333333   23.27 0.000000 99.99 0.259000000 9.999 0.259000000 9.99 0.259000000 0.037 0.000  1.589 0.000  2.224 0.000  6.058 0.000  2.647 0.000  3.411 0.000 0.017 0.000000 0.234 0.000
200.333333 201.333333   23.02 0.000000 99.99 0.259000000 9.999 0.259000000 9.99 0.259000000 0.030 0.000  1.166 0.000  1.632 0.000  5.282 0.000  2.678 0.000  2.604 0.000 0.013 0.000000 0.146 0.000
203.333333 204.333333   26.30 0.000000  0.41 0.000000000 9.999 0.259000000 9.99 0.259000000 0.026 0.000  1.093 0.000  1.530 0.000  5.245 0.000  2.641 0.000  2.604 0.000 0.019 0.000000 0.146 0.000
207.333333 208.333333   27.22 0.000000 99.99 0.259000000 9.999 0.259000000 9.99 0.259000000 0.032 0.000  1.073 0.000  1.503 0.000  5.527 0.000  2.604 0.000  2.922 0.000 0.013 0.000000 0.139 0.000
210.333333 211.333333   35.28 0.000000  0.35 0.000000000 9.999 0.259000000 9.99 0.259000000 0.031 0.000  1.768 0.000  2.475 0.000  7.744 0.000  3.639 0.000  4.105 0.000 0.028 0.000000 0.157 0.000
214.333333 215.333333   39.55 0.000000 99.99 0.259000000 9.999 0.259000000 9.99 0.259000000 0.020 0.000  3.279 0.000  4.591 0.000 99.999 0.999 99.999 0.999  7.008 0.000 0.065 0.000000 0.262 0.000
217.333333 218.333333   47.95 0.000000  0.71 0.000000000 9.999 0.259000000 9.99 0.259000000 0.065 0.000  1.872 0.000  2.620 0.000 99.999 0.999 99.999 0.999  5.993 0.000 0.051 0.000000 0.453 0.000
221.333333 222.333333   37.02 0.000000 99.99 0.259000000 9.999 0.259000000 9.99 0.259000000 0.067 0.000  1.208 0.000  1.691 0.000  8.047 0.000  4.293 0.000  3.754 0.000 0.035 0.000000 0.249 0.000
224.333333 225.333333   24.76 0.000000 99.99 0.259000000 9.999 0.259000000 9.99 0.259000000 0.024 0.000  0.928 0.000  1.299 0.000  4.666 0.000  2.383 0.000  2.283 0.000 0.020 0.000000 0.114 0.000
228.333333 229.333333   21.90 0.000000  0.22 0.000000000 9.999 0.259000000 9.99 0.259000000 0.029 0.000  0.877 0.000  1.228 0.000  4.898 0.000  2.626 0.000  2.272 0.000 0.012 0.000000 0.080 0.000
231.333333 232.333333   24.51 0.000000 99.99 0.259000000 9.999 0.259000000 9.99 0.259000000 0.053 0.000  0.552 0.000  0.773 0.000  5.263 0.000  3.183 0.000  2.080 0.000 0.016 0.000000 0.097 0.000
234.333333 235.333333 9999.99 0.999000 99.99 0.999000000 9.999 0.999000000 9.99 0.999000000 9.999 0.999 99.999 0.999 99.999 0.999 99.999 0.999 99.999 0.999 99.999 0.999 9.999 0.999000 9.999 0.999
237.333333 238.333333 9999.99 0.999000 99.99 0.999000000 9.999 0.999000000 9.99 0.999000000 9.999 0.999 99.999 0.999 99.999 0.999 99.999 0.999 99.999 0.999 99.999 0.999 9.999 0.999000 9.999 0.999
240.333333 241.333333 9999.99 0.999000 99.99 0.999000000 9.999 0.999000000 9.99 0.999000000 9.999 0.999 99.999 0.999 99.999 0.999 99.999 0.999 99.999 0.999 99.999 0.999 9.999 0.999000 9.999 0.999
243.333333 244.333333   32.40 0.000000  0.19 0.000000000 9.999 0.259000000 9.99 0.259000000 0.152 0.559  1.499 0.000  2.098 0.000  7.975 0.000  2.145 0.000  5.830 0.000 0.046 0.000000 0.385 0.559
246.333333 247.333333    6.40 0.000000 99.99 0.259000000 0.021 0.000000000 9.99 0.259000000 0.069 0.000  0.611 0.000  0.855 0.000  3.082 0.000  1.089 0.000  1.993 0.000 0.014 0.000000 0.227 0.000
249.333333 250.333333    9.03 0.000000  0.14 0.000000000 9.999 0.259000000 9.99 0.259000000 0.021 0.000  0.816 0.000  1.142 0.000  2.414 0.000  0.526 0.000  1.888 0.000 0.011 0.000000 0.138 0.000
252.333333 253.333333   23.50 0.000000  0.71 0.000000000 9.999 0.259000000 9.99 0.259000000 0.033 0.000  0.890 0.000  1.246 0.000  3.731 0.000  1.437 0.000  2.294 0.000 0.021 0.000000 0.174 0.000
255.333333 256.333333   37.79 0.000000  1.02 0.000000000 9.999 0.259000000 9.99 0.259000000 0.048 0.000  1.413 0.000  1.979 0.000  6.788 0.000  2.671 0.000  4.117 0.000 0.035 0.000000 0.232 0.000
258.333333 259.333333   20.00 0.000000  0.19 0.000000000 9.999 0.259000000 9.99 0.259000000 0.028 0.000  1.099 0.000  1.539 0.000  4.913 0.000  2.683 0.000  2.230 0.000 0.024 0.000000 0.213 0.000
261.333333 262.333333   24.86 0.000000 99.99 0.259000000 9.999 0.259000000 9.99 0.259000000 0.016 0.000  1.081 0.000  1.513 0.000  5.098 0.000  2.581 0.000  2.517 0.000 0.029 0.000000 0.173 0.000
264.333333 265.333333   38.27 0.559000  0.33 0.559000000 9.999 0.559259000 9.99 0.559259000 0.075 0.000  1.572 0.000  2.201 0.000  7.905 0.000  3.450 0.000  4.455 0.559 0.027 0.559000 0.306 0.000
267.333333 268.333333   17.38 0.000000 99.99 0.259000000 9.999 0.259000000 9.99 0.259000000 0.032 0.000  1.139 0.000  1.595 0.000  4.753 0.000  2.193 0.000  2.560 0.000 0.022 0.000000 0.143 0.000
270.333333 271.333333   41.93 0.000000  0.45 0.000000000 9.999 0.259000000 9.99 0.259000000 0.056 0.000  1.400 0.000  1.960 0.000  7.535 0.000  3.375 0.000  4.160 0.000 0.040 0.000000 0.269 0.000
273.333333 274.333333   43.02 0.559000  0.47 0.559000000 9.999 0.559259000 9.99 0.559259000 0.031 0.000  1.334 0.000  1.868 0.000  7.166 0.000  3.071 0.000  4.095 0.559 0.041 0.559000 0.312 0.000
