scripts/IMPROVE-2019_partial/data/US0082R.19940101050000.20191216000000.filterpack...1y.3d.US03L_filterpack_US0082.US03L_IMPROVE_Davis.lev2.nas
51 1001
MISSING INFORMATION
US03L, IMPROVE, , , , , , , 
MISSING INFORMATION
IMPROVE sel_HTAP
1 1
1994 01 01 2019 12 16
0
days from file reference point
4
1 1 1 1
999.999999 999.999 999.999 9.999
end_time of measurement, days from the file reference point
pm10_mass, ug/m3, Matrix=pm10
pm25_mass, ug/m3, Matrix=pm25
numflag, no unit
0
33
Data definition:              EBAS_1.1
Set type code:                TI
Timezone:                     UTC
File name:                    US0082R.19940101050000.20191216000000.filterpack...1y.3d.US03L_filterpack_US0082.US03L_IMPROVE_Davis.lev2.nas
File creation:                20191218120055
Startdate:                    19940101050000
Revision date:                20191216000000
Version:                      2
Version description:          "Data extracted from http://views.cira.colostate.edu/fed/DataWizard 2019-12-16"
Statistics:                   arithmetic mean
Data level:                   2
Period code:                  1y
Resolution code:              3d
Sample duration:              1d
Orig. time res.:              3d
Station code:                 US0082R
Platform code:                US0082S
Station name:                 Lye Brook Wilderness
Station latitude:             43.1482
Station longitude:            -73.1268
Station altitude:             1015.0 m
Regime:                       IMG
Component:                    
Unit:                         ug/m3
Matrix:                       
Laboratory code:              US03L
Instrument type:              filterpack
Instrument name:              filterpack_US0082
Method ref:                   US03L_IMPROVE_Davis
Blank correction:             Blank corrected
Volume std. temperature:      ambient
Volume std. pressure:         ambient
starttime endtime PM10 PM2.5 flag
  0.208333   1.208333  10.661  10.588 0.000
  4.208333   5.208333 999.999 999.999 0.999
  7.208333   8.208333   4.631   4.136 0.000
 11.208333  12.208333 999.999 999.999 0.999
 14.208333  15.208333 999.999 999.999 0.999
 18.208333  19.208333 999.999 999.999 0.999
 21.208333  22.208333 999.999 999.999 0.999
 25.208333  26.208333   6.842   2.630 0.000
 28.208333  29.208333 999.999 999.999 0.999
 32.208333  33.208333  12.418   8.771 0.000
 35.208333  36.208333  16.929  13.493 0.000
 39.208333  40.208333  12.583 999.999 0.000
 42.208333  43.208333   8.017 999.999 0.000
 46.208333  47.208333  13.202   8.742 0.000
 49.208333  50.208333  20.320  13.746 0.000
 53.208333  54.208333   6.016   3.238 0.000
 56.208333  57.208333   4.766   2.540 0.000
 60.208333  61.208333 999.999 999.999 0.999
 63.208333  64.208333  14.859   8.317 0.000
 67.208333  68.208333 999.999 999.999 0.999
 70.208333  71.208333 999.999 999.999 0.999
 74.208333  75.208333 999.999 999.999 0.999
 77.208333  78.208333 999.999 999.999 0.999
 81.208333  82.208333  18.845  12.866 0.000
 84.208333  85.208333   7.689   3.592 0.000
 88.208333  89.208333 999.999 999.999 0.999
 91.208333  92.208333 999.999 999.999 0.999
 95.208333  96.208333 999.999 999.999 0.999
 98.208333  99.208333 999.999 999.999 0.999
102.208333 103.208333   4.630   1.582 0.000
105.208333 106.208333   9.300   5.160 0.000
109.208333 110.208333   7.550   3.811 0.000
112.208333 113.208333   9.423   6.761 0.000
116.208333 117.208333  25.057  18.179 0.000
119.208333 120.208333   8.030   4.760 0.000
123.208333 124.208333  11.479   6.454 0.000
126.208333 127.208333  13.113   8.974 0.000
130.208333 131.208333  10.078   5.410 0.000
133.208333 134.208333   8.949   2.361 0.000
137.208333 138.208333   9.771   3.333 0.000
140.208333 141.208333 999.999   8.966 0.000
144.208333 145.208333   8.943   5.078 0.000
147.208333 148.208333  12.900   3.887 0.000
151.208333 152.208333  11.667   5.016 0.000
154.208333 155.208333  10.449   4.889 0.000
158.208333 159.208333   9.588   5.274 0.000
161.208333 162.208333  18.914   8.818 0.000
165.208333 166.208333  22.879  16.404 0.000
168.208333 169.208333  36.105  31.182 0.000
172.208333 173.208333  17.689   6.190 0.000
175.208333 176.208333  13.788   9.776 0.000
179.208333 180.208333  19.815  15.981 0.000
182.208333 183.208333  27.926  22.184 0.000
186.208333 187.208333  20.699  18.392 0.000
189.208333 190.208333  29.917  25.587 0.000
193.208333 194.208333 999.999 999.999 0.999
196.208333 197.208333 999.999 999.999 0.999
200.208333 201.208333 999.999 999.999 0.999
203.208333 204.208333 999.999 999.999 0.999
207.208333 208.208333 999.999 999.999 0.999
210.208333 211.208333 999.999 999.999 0.999
214.208333 215.208333 999.999 999.999 0.999
217.208333 218.208333   3.529   1.651 0.000
221.208333 222.208333 999.999 999.999 0.999
224.208333 225.208333 999.999 999.999 0.999
228.208333 229.208333  29.008  18.390 0.000
231.208333 232.208333  43.208  34.540 0.000
235.208333 236.208333  11.333   4.540 0.000
238.208333 239.208333  14.877  10.422 0.000
242.208333 243.208333  18.500   9.068 0.000
245.208333 246.208333   8.708   6.913 0.000
249.208333 250.208333 999.999 999.999 0.999
252.208333 253.208333 999.999 999.999 0.999
256.208333 257.208333 999.999 999.999 0.999
259.208333 260.208333 999.999 999.999 0.999
263.208333 264.208333 999.999   8.007 0.000
266.208333 267.208333 999.999 999.999 0.999
270.208333 271.208333  20.136   9.316 0.000
273.208333 274.208333   6.640   2.007 0.000
277.208333 278.208333   2.437   0.906 0.000
280.208333 281.208333  22.605  16.633 0.000
284.208333 285.208333   4.837   2.752 0.000
287.208333 288.208333   7.446   3.458 0.000
291.208333 292.208333  18.854  11.233 0.000
294.208333 295.208333   8.513   5.470 0.000
298.208333 299.208333   8.010   4.373 0.000
301.208333 302.208333  14.845   9.625 0.000
305.208333 306.208333 999.999   0.845 0.000
308.208333 309.208333 999.999  13.048 0.000
312.208333 313.208333 999.999 999.999 0.999
315.208333 316.208333   7.513 999.999 0.000
319.208333 320.208333   4.868   1.414 0.000
322.208333 323.208333  10.542   5.159 0.000
326.208333 327.208333   6.012   2.113 0.000
329.208333 330.208333   5.029   3.182 0.000
333.208333 334.208333 999.999   4.014 0.000
336.208333 337.208333 999.999   8.532 0.000
340.208333 341.208333 999.999   0.938 0.000
343.208333 344.208333 999.999   2.483 0.000
347.208333 348.208333 999.999 999.999 0.999
350.208333 351.208333 999.999 999.999 0.999
354.208333 355.208333 999.999 999.999 0.999
357.208333 358.208333 999.999 999.999 0.999
361.208333 362.208333   8.134   4.056 0.000
364.208333 365.208333   7.239   3.007 0.000
