scripts/IMPROVE-2019_partial/data/US0025R.20040101080000.20191216000000.filterpack..pm25.52w.1w.US03L_filterpack_US0025.US03L_IMPROVE_Davis.lev2.nas
66 1001
MISSING INFORMATION
US03L, IMPROVE, , , , , , , 
MISSING INFORMATION
IMPROVE sel_HTAP
1 1
2004 01 01 2019 12 16
3.000000
days from file reference point
27
1 1 1 1 1 1 1 1 1 1 1 1 1 1 1 1 1 1 1 1 1 1 1 1 1 1 1
999.999999 9999.99 9.999 99.99 9.999 9.999 9.999 99.99 9.999 99.999 9.999 999.999 9.999 999.999 9.999 999.99 9.999 999.999 9.999 999.999 9.999 999.999 9.999 9.999 9.999 99.999 9.999
end_time of measurement, days from the file reference point
iron, ng/m3, Revision date=20181210133000
numflag iron, no unit, Revision date=20181210133000
lead, ng/m3, Revision date=20181210133000
numflag lead, no unit, Revision date=20181210133000
magnesium, ug/m3, Revision date=20181210133000
numflag magnesium, no unit, Revision date=20181210133000
nickel, ng/m3, Revision date=20181210133000
numflag nickel, no unit, Revision date=20181210133000
nitrate, ug N/m3, Revision date=20181210133000
numflag nitrate, no unit, Revision date=20181210133000
organic_carbon, ug C/m3, Revision date=20181210133000
numflag organic_carbon, no unit, Revision date=20181210133000
organic_mass, ug/m3, Revision date=20181210133000
numflag organic_mass, no unit, Revision date=20181210133000
phosphorus, ng/m3, Revision date=20181210133000
numflag phosphorus, no unit, Revision date=20181210133000
pm10_mass, ug/m3, Version=2, Version description=Data extracted from http://views.cira.colostate.edu/fed/DataWizard 2019-12-16, Sample duration=1d, Orig. time res.=3d, Matrix=pm10, Blank correction=Blank corrected, Volume std. temperature=ambient, Volume std. pressure=ambient
numflag pm10_mass, no unit, Version=2, Version description=Data extracted from http://views.cira.colostate.edu/fed/DataWizard 2019-12-16, Sample duration=1d, Orig. time res.=3d, Matrix=pm10, Blank correction=Blank corrected, Volume std. temperature=ambient, Volume std. pressure=ambient
pm10_pm25_mass, ug/m3, Revision date=20181210133000, Matrix=pm10_pm25
numflag pm10_pm25_mass, no unit, Revision date=20181210133000, Matrix=pm10_pm25
pm25_mass, ug/m3, Version=2, Version description=Data extracted from http://views.cira.colostate.edu/fed/DataWizard 2019-12-16, Sample duration=1d, Orig. time res.=3d, Blank correction=Blank corrected, Volume std. temperature=ambient, Volume std. pressure=ambient
numflag pm25_mass, no unit, Version=2, Version description=Data extracted from http://views.cira.colostate.edu/fed/DataWizard 2019-12-16, Sample duration=1d, Orig. time res.=3d, Blank correction=Blank corrected, Volume std. temperature=ambient, Volume std. pressure=ambient
potassium, ug/m3, Revision date=20181210133000
numflag potassium, no unit, Revision date=20181210133000
sulphate_total, ug S/m3, Revision date=20181210133000
numflag sulphate_total, no unit, Revision date=20181210133000
0
25
Data definition:              EBAS_1.1
Set type code:                TU
Timezone:                     UTC
File name:                    US0025R.20040101080000.20191216000000.filterpack..pm25.52w.1w.US03L_filterpack_US0025.US03L_IMPROVE_Davis.lev2.nas
File creation:                20191218115706
Startdate:                    20040101080000
Revision date:                20191216000000
Statistics:                   arithmetic mean
Data level:                   2
Period code:                  52w
Resolution code:              1w
Station code:                 US0025R
Platform code:                US0025S
Station name:                 Agua Tibia
Station latitude:             33.4636
Station longitude:            -116.9706
Station altitude:             507.0 m
Regime:                       IMG
Component:                    
Matrix:                       pm25
Laboratory code:              US03L
Instrument type:              filterpack
Instrument name:              filterpack_US0025
Method ref:                   US03L_IMPROVE_Davis
starttime endtime Fe flag_Fe Pb flag_Pb Mg++ flag_Mg++ Ni flag_Ni NO3- flag_NO3- OC flag_OC OM flag_OM P flag_P PM10 flag_PM10 PM10-PM2.5 flag_PM10-PM2.5 PM2.5 flag_PM2.5 K+ flag_K+ SO4-- flag_SO4--
[from data line 83]
249.333333 250.333333  320.63 0.000  2.02 0.000 9.999 0.259  0.67 0.000  0.094 0.000   1.093 0.000   1.530 0.000 999.99 0.259  14.788 0.000   4.876 0.000   9.912 0.000 0.145 0.000  0.354 0.000
252.333333 253.333333  127.65 0.000  2.08 0.000 9.999 0.259  1.26 0.000  0.408 0.000   1.917 0.000   2.683 0.000 999.99 0.259  31.332 0.000  20.183 0.000  11.149 0.000 0.097 0.000  1.101 0.000
255.333333 256.333333   46.23 0.000  0.82 0.000 9.999 0.259  0.41 0.000  0.113 0.000   0.633 0.000   0.886 0.000 999.99 0.259  10.539 0.000   6.035 0.000   4.505 0.000 0.030 0.000  0.554 0.000
258.333333 259.333333   72.85 0.000  2.29 0.000 9.999 0.259  0.63 0.000  0.529 0.000   1.336 0.000   1.871 0.000 999.99 0.259  24.408 0.000  16.343 0.000   8.066 0.000 0.045 0.000  0.754 0.000
261.333333 262.333333   57.56 0.000  2.29 0.000 0.091 0.000  0.73 0.000  0.411 0.000   1.482 0.000   2.074 0.000 999.99 0.259  19.924 0.000  11.243 0.000   8.681 0.000 0.041 0.000  1.115 0.000
264.333333 265.333333   45.33 0.000  0.57 0.000 9.999 0.259  0.32 0.000  0.097 0.000   0.583 0.000   0.816 0.000 999.99 0.259  13.396 0.000  10.684 0.000   2.712 0.000 0.022 0.000  0.187 0.000
267.333333 268.333333 9999.99 0.999 99.99 0.999 9.999 0.999 99.99 0.999 99.999 0.999 999.999 0.999 999.999 0.999 999.99 0.999 999.999 0.999 999.999 0.999 999.999 0.999 9.999 0.999 99.999 0.999
270.333333 271.333333   58.72 0.000  1.00 0.000 9.999 0.259  0.38 0.000  0.057 0.000   0.715 0.000   1.001 0.000 999.99 0.259  13.026 0.000   8.467 0.000   4.559 0.000 0.028 0.000  0.510 0.000
273.333333 274.333333   27.82 0.000  0.99 0.000 9.999 0.259  0.48 0.000  0.213 0.559   0.644 0.000   0.902 0.000 999.99 0.259  14.302 0.000   9.109 0.000   5.194 0.000 0.023 0.000  0.711 0.559
276.333333 277.333333   59.57 0.000  1.70 0.000 9.999 0.259  1.52 0.000  0.284 0.559   1.469 0.000   2.057 0.000 999.99 0.259  21.201 0.000  11.336 0.000   9.865 0.000 0.035 0.000  1.319 0.559
279.333333 280.333333   73.82 0.000  1.66 0.000 0.074 0.000  0.50 0.000  0.129 0.559   1.261 0.000   1.766 0.000 999.99 0.259  18.023 0.000  10.567 0.000   7.455 0.000 0.033 0.000  0.874 0.559
282.333333 283.333333   63.77 0.000  1.27 0.000 9.999 0.259  0.66 0.000  0.241 0.559   1.123 0.000   1.571 0.000 999.99 0.259  16.758 0.000   9.365 0.000   7.393 0.000 0.033 0.000  0.883 0.559
285.333333 286.333333   75.52 0.000  1.66 0.000 9.999 0.259  0.47 0.000  0.457 0.559   0.949 0.000   1.328 0.000 999.99 0.259  26.984 0.000  18.539 0.000   8.445 0.000 0.059 0.000  0.708 0.559
288.333333 289.333333  150.11 0.000  2.39 0.000 9.999 0.259  1.09 0.000  0.179 0.559   1.674 0.000   2.344 0.000 999.99 0.259  23.107 0.000  13.385 0.000   9.722 0.000 0.063 0.000  0.825 0.559
291.333333 292.333333    8.48 0.000  0.43 0.000 9.999 0.259  0.15 0.000  0.050 0.559   0.359 0.000   0.503 0.000 999.99 0.259   5.167 0.000   2.783 0.000   2.384 0.000 0.021 0.000  0.242 0.559
294.333333 295.333333    6.54 0.000  0.25 0.000 9.999 0.259  0.41 0.000  0.157 0.559   0.563 0.000   0.787 0.000 999.99 0.259   6.035 0.000   3.551 0.000   2.484 0.000 0.015 0.000  0.184 0.559
297.333333 298.333333   29.20 0.000  2.62 0.000 0.114 0.000  1.11 0.000  0.582 0.559   1.710 0.000   2.394 0.000 999.99 0.259  14.014 0.000   5.656 0.000   8.357 0.000 0.020 0.000  0.654 0.559
300.333333 301.333333    4.43 0.000  0.12 0.000 0.185 0.000 99.99 0.259  0.012 0.559   0.120 0.000   0.168 0.000   2.53 0.000   1.901 0.000   1.243 0.000   0.658 0.000 0.006 0.000  0.048 0.559
303.333333 304.333333   16.88 0.000  1.48 0.000 0.069 0.000 99.99 0.259  0.231 0.559   0.956 0.000   1.338 0.000 999.99 0.259   6.735 0.000   3.768 0.000   2.968 0.000 0.015 0.000  0.151 0.559
306.333333 307.333333   22.41 0.000  0.31 0.000 9.999 0.259 99.99 0.259  0.014 0.559   0.118 0.000   0.166 0.000 999.99 0.259   2.942 0.000   1.595 0.000   1.347 0.000 0.016 0.000  0.087 0.559
309.333333 310.333333   26.32 0.000  1.82 0.000 9.999 0.259  0.29 0.000  0.394 0.000   0.831 0.000   1.163 0.000 999.99 0.259  15.749 0.000  10.802 0.000   4.947 0.000 0.025 0.000  0.274 0.000
312.333333 313.333333    4.72 0.000  0.91 0.000 9.999 0.259 99.99 0.259  0.037 0.559   1.079 0.000   1.511 0.000 999.99 0.259   5.126 0.000   2.574 0.000   2.552 0.000 0.030 0.000  0.080 0.559
315.333333 316.333333   32.39 0.000  2.04 0.000 9.999 0.259  0.75 0.000  0.782 0.559   1.074 0.000   1.504 0.000 999.99 0.259  13.639 0.000   5.063 0.000   8.577 0.000 0.027 0.000  0.769 0.559
318.333333 319.333333   17.43 0.000  0.78 0.000 0.077 0.000 99.99 0.259  0.056 0.559   0.620 0.000   0.868 0.000 999.99 0.259   7.109 0.000   4.111 0.000   2.997 0.000 0.014 0.000  0.280 0.559
321.333333 322.333333   50.72 0.000  2.13 0.000 9.999 0.259  0.26 0.000  0.355 0.559   1.086 0.000   1.520 0.000 999.99 0.259  11.781 0.000   6.587 0.000   5.194 0.000 0.022 0.000  0.292 0.559
324.333333 325.333333   31.62 0.000  4.46 0.000 9.999 0.259  0.62 0.000  0.792 0.559   1.245 0.000   1.743 0.000 999.99 0.259  17.236 0.000   7.221 0.000  10.014 0.000 0.031 0.000  0.673 0.559
327.333333 328.333333   35.21 0.000  2.11 0.000 9.999 0.259  0.53 0.000  0.612 0.559   1.393 0.000   1.950 0.000  10.61 0.000  10.982 0.000   4.783 0.000   6.199 0.000 0.022 0.000  0.258 0.559
330.333333 331.333333   30.30 0.000  1.54 0.000 9.999 0.259  0.59 0.000  0.544 0.559   2.291 0.000   3.207 0.000 999.99 0.259  12.267 0.000   4.699 0.000   7.568 0.000 0.048 0.000  0.386 0.559
333.333333 334.333333   23.71 0.000  0.34 0.000 9.999 0.259 99.99 0.259  0.029 0.000   0.252 0.000   0.353 0.000 999.99 0.259   5.622 0.000   4.085 0.000   1.537 0.000 0.018 0.000  0.112 0.000
336.333333 337.333333 9999.99 0.999 99.99 0.999 9.999 0.999 99.99 0.999 99.999 0.999 999.999 0.999 999.999 0.999 999.99 0.999 999.999 0.999 999.999 0.999 999.999 0.999 9.999 0.999 99.999 0.999
339.333333 340.333333    8.10 0.000  1.17 0.000 9.999 0.259 99.99 0.259  0.064 0.559   0.529 0.000   0.740 0.000 999.99 0.259   2.869 0.000   0.834 0.000   2.035 0.000 0.022 0.000  0.217 0.559
342.333333 343.333333 9999.99 0.999 99.99 0.999 9.999 0.999 99.99 0.999 99.999 0.999 999.999 0.999 999.999 0.999 999.99 0.999 999.999 0.999 999.999 0.999 999.999 0.999 9.999 0.999 99.999 0.999
345.333333 346.333333   18.55 0.000  1.10 0.000 9.999 0.259  0.16 0.000  0.015 0.559 999.999 0.999 999.999 0.999 999.99 0.259   3.616 0.000   2.523 0.000   1.093 0.000 0.013 0.000  0.038 0.559
348.333333 349.333333   24.76 0.000  0.71 0.000 9.999 0.259 99.99 0.259  0.045 0.559 999.999 0.999 999.999 0.999 999.99 0.259   5.671 0.000   3.986 0.000   1.684 0.000 0.015 0.000  0.071 0.559
351.333333 352.333333   23.30 0.000  0.34 0.000 9.999 0.259 99.99 0.259  0.011 0.559 999.999 0.999 999.999 0.999 999.99 0.259   5.465 0.000   4.342 0.000   1.123 0.000 0.012 0.000  0.099 0.559
354.333333 355.333333   56.06 0.000  3.70 0.000 9.999 0.259  0.38 0.000  0.152 0.000 999.999 0.999 999.999 0.999 999.99 0.259   8.465 0.000   5.467 0.000   2.997 0.000 0.035 0.000  0.116 0.000
357.333333 358.333333   44.31 0.000  0.39 0.000 0.114 0.000 99.99 0.259  0.037 0.559   0.230 0.000   0.323 0.000 999.99 0.259  12.360 0.000  10.905 0.000   1.454 0.000 0.023 0.000  0.093 0.559
360.333333 361.333333   32.39 0.000  1.80 0.000 9.999 0.259  0.49 0.000  0.644 0.559   1.039 0.000   1.454 0.000 999.99 0.259  12.483 0.000   6.075 0.000   6.408 0.000 0.045 0.000  0.185 0.559
363.333333 364.333333 9999.99 0.999 99.99 0.999 9.999 0.999 99.99 0.999 99.999 0.999 999.999 0.999 999.999 0.999 999.99 0.999 999.999 0.999 999.999 0.999 999.999 0.999 9.999 0.999 99.999 0.999
