scripts/IMPROVE-2019_partial/data/US0064R.19980103080000.20191216000000.filterpack...1y.3d.US03L_filterpack_US0064.US03L_IMPROVE_Davis.lev2.nas
52 1001
MISSING INFORMATION
US03L, IMPROVE, , , , , , , 
MISSING INFORMATION
IMPROVE sel_HTAP
1 1
1998 01 01 2019 12 16
0
days from file reference point
5
1 1 1 1 1
999.999999 999.999 9.999 99.999 9.999
end_time of measurement, days from the file reference point
pm10_mass, ug/m3, Matrix=pm10
numflag pm10_mass, no unit, Matrix=pm10
pm25_mass, ug/m3, Matrix=pm25
numflag pm25_mass, no unit, Matrix=pm25
0
33
Data definition:              EBAS_1.1
Set type code:                TI
Timezone:                     UTC
File name:                    US0064R.19980103080000.20191216000000.filterpack...1y.3d.US03L_filterpack_US0064.US03L_IMPROVE_Davis.lev2.nas
File creation:                20191218115936
Startdate:                    19980103080000
Revision date:                20191216000000
Version:                      2
Version description:          "Data extracted from http://views.cira.colostate.edu/fed/DataWizard 2019-12-16"
Statistics:                   arithmetic mean
Data level:                   2
Period code:                  1y
Resolution code:              3d
Sample duration:              1d
Orig. time res.:              3d
Station code:                 US0064R
Platform code:                US0064S
Station name:                 Jarbidge Wilderness
Station latitude:             41.8926
Station longitude:            -115.4261
Station altitude:             1869.0 m
Regime:                       IMG
Component:                    
Unit:                         ug/m3
Matrix:                       
Laboratory code:              US03L
Instrument type:              filterpack
Instrument name:              filterpack_US0064
Method ref:                   US03L_IMPROVE_Davis
Blank correction:             Blank corrected
Volume std. temperature:      ambient
Volume std. pressure:         ambient
starttime endtime PM10 flag_PM10 PM2.5 flag_PM2.5
  2.333333   3.333333   2.464 0.000  1.331 0.000
  6.333333   7.333333   3.685 0.000  0.625 0.000
  9.333333  10.333333  10.531 0.000  0.595 0.000
 13.333333  14.333333   4.866 0.000  1.068 0.000
 16.333333  17.333333   0.898 0.000  0.434 0.000
 20.333333  21.333333   3.181 0.000  0.418 0.000
 23.333333  24.333333   8.199 0.000  0.836 0.000
 27.333333  28.333333   2.919 0.000  1.663 0.000
 30.333333  31.333333   1.415 0.000  0.848 0.000
 34.333333  35.333333   3.086 0.000  1.720 0.000
 37.333333  38.333333   1.044 0.000  0.529 0.000
 41.333333  42.333333   0.709 0.000  0.332 0.000
 44.333333  45.333333   1.653 0.000  0.664 0.000
 48.333333  49.333333   7.576 0.000  1.247 0.000
 51.333333  52.333333  13.027 0.000  1.296 0.000
 55.333333  56.333333   5.302 0.000  1.885 0.000
 58.333333  59.333333   1.570 0.000  1.107 0.000
 62.333333  63.333333 999.999 0.259  1.257 0.000
 65.333333  66.333333   7.029 0.000  2.922 0.000
 69.333333  70.333333   1.143 0.000 99.999 0.999
 72.333333  73.333333   4.234 0.000  2.487 0.000
 76.333333  77.333333   3.707 0.000  1.966 0.000
 79.333333  80.333333   6.220 0.000  2.061 0.000
 83.333333  84.333333   2.769 0.000  1.257 0.000
 86.333333  87.333333   3.105 0.000  1.111 0.000
 90.333333  91.333333   1.978 0.000  1.841 0.000
 93.333333  94.333333   1.890 0.000  1.421 0.000
 97.333333  98.333333   1.589 0.000  1.224 0.000
100.333333 101.333333   4.857 0.000  2.943 0.000
104.333333 105.333333   1.875 0.000  1.383 0.000
107.333333 108.333333   4.686 0.000  2.727 0.000
111.333333 112.333333  12.589 0.000 99.999 0.999
114.333333 115.333333   3.005 0.000  1.846 0.000
118.333333 119.333333   9.543 0.000  4.410 0.000
121.333333 122.333333  19.444 0.000  9.508 0.000
125.333333 126.333333   3.580 0.000  1.858 0.000
128.333333 129.333333   1.984 0.000  0.714 0.000
132.333333 133.333333   2.134 0.000  1.395 0.000
135.333333 136.333333   5.425 0.000  5.216 0.000
139.333333 140.333333  10.798 0.000  3.424 0.000
142.333333 143.333333   5.607 0.000  3.680 0.000
146.333333 147.333333   6.016 0.000  2.008 0.000
149.333333 150.333333   5.529 0.000  0.946 0.000
153.333333 154.333333 999.999 0.999 99.999 0.999
156.333333 157.333333   4.529 0.000  2.134 0.000
160.333333 161.333333   5.538 0.000  2.304 0.000
163.333333 164.333333   7.328 0.000  4.224 0.000
167.333333 168.333333   2.819 0.000  1.300 0.000
170.333333 171.333333   8.987 0.000  2.093 0.000
174.333333 175.333333   8.488 0.000  2.896 0.000
177.333333 178.333333  14.279 0.000  2.086 0.000
181.333333 182.333333  16.054 0.000  4.326 0.000
184.333333 185.333333  18.505 0.000  4.561 0.000
188.333333 189.333333   7.690 0.000  3.031 0.000
191.333333 192.333333  15.660 0.000  3.266 0.000
195.333333 196.333333   8.566 0.000  2.641 0.000
198.333333 199.333333  17.132 0.000  6.529 0.000
202.333333 203.333333  23.854 0.000  6.648 0.000
205.333333 206.333333  20.208 0.000  8.890 0.000
209.333333 210.333333  24.546 0.000  8.053 0.000
212.333333 213.333333   7.495 0.000  3.487 0.000
216.333333 217.333333  28.872 0.000  6.371 0.000
219.333333 220.333333  27.118 0.000  7.958 0.000
223.333333 224.333333  22.817 0.000  7.835 0.000
226.333333 227.333333  21.490 0.000  6.043 0.000
230.333333 231.333333  11.357 0.000  5.149 0.000
233.333333 234.333333  14.034 0.000  4.101 0.000
237.333333 238.333333  19.079 0.000  6.702 0.000
240.333333 241.333333  13.672 0.000  5.321 0.000
244.333333 245.333333  13.780 0.000  7.824 0.000
247.333333 248.333333  19.924 0.000  7.249 0.000
251.333333 252.333333   4.074 0.000  3.033 0.000
254.333333 255.333333   2.557 0.000  1.789 0.000
258.333333 259.333333   5.381 0.000  2.914 0.000
261.333333 262.333333   3.734 0.000  1.198 0.000
265.333333 266.333333   5.510 0.000  2.662 0.000
268.333333 269.333333   2.566 0.000  1.372 0.000
272.333333 273.333333   4.779 0.000  2.376 0.000
275.333333 276.333333   2.875 0.000  1.661 0.000
279.333333 280.333333   3.520 0.000  1.131 0.000
282.333333 283.333333   5.218 0.000  2.615 0.000
286.333333 287.333333  12.429 0.000  3.440 0.000
289.333333 290.333333   8.128 0.000 99.999 0.999
293.333333 294.333333  10.975 0.000  3.519 0.000
296.333333 297.333333   5.348 0.000  3.301 0.000
300.333333 301.333333   3.723 0.000  2.058 0.000
303.333333 304.333333   2.886 0.000  1.529 0.000
307.333333 308.333333   2.760 0.000  2.579 0.000
310.333333 311.333333   4.702 0.000  1.191 0.000
314.333333 315.333333   1.875 0.000  1.337 0.000
317.333333 318.333333   1.619 0.000  0.620 0.000
321.333333 322.333333   7.850 0.000  2.910 0.000
324.333333 325.333333   3.753 0.000  2.778 0.000
328.333333 329.333333   4.658 0.000  0.997 0.000
331.333333 332.333333   6.901 0.000 99.999 0.999
335.333333 336.333333   2.486 0.000  0.823 0.000
338.333333 339.333333   1.059 0.000 99.999 0.999
342.333333 343.333333   4.431 0.000 99.999 0.999
345.333333 346.333333   3.877 0.000  1.834 0.000
349.333333 350.333333   1.672 0.000 99.999 0.259
352.333333 353.333333   2.572 0.000  0.797 0.000
356.333333 357.333333   1.515 0.000  1.669 0.000
359.333333 360.333333   2.694 0.000  0.735 0.000
363.333333 364.333333   4.175 0.000 99.999 0.259
