scripts/IMPROVE-2019_partial/data/US0084R.20110103080000.20191216000000.filterpack...43w.3d.US03L_filterpack_US0084.US03L_IMPROVE_Davis.lev2.nas
51 1001
MISSING INFORMATION
US03L, IMPROVE, , , , , , , 
MISSING INFORMATION
IMPROVE sel_HTAP
1 1
2011 01 01 2019 12 16
3.000000
days from file reference point
4
1 1 1 1
999.999999 999.999 999.999 9.999
end_time of measurement, days from the file reference point
pm10_mass, ug/m3, Matrix=pm10
pm25_mass, ug/m3, Matrix=pm25
numflag, no unit
0
33
Data definition:              EBAS_1.1
Set type code:                TU
Timezone:                     UTC
File name:                    US0084R.20110103080000.20191216000000.filterpack...43w.3d.US03L_filterpack_US0084.US03L_IMPROVE_Davis.lev2.nas
File creation:                20191218120108
Startdate:                    20110103080000
Revision date:                20191216000000
Version:                      2
Version description:          "Data extracted from http://views.cira.colostate.edu/fed/DataWizard 2019-12-16"
Statistics:                   arithmetic mean
Data level:                   2
Period code:                  43w
Resolution code:              3d
Sample duration:              1d
Orig. time res.:              3d
Station code:                 US0084R
Platform code:                US0084S
Station name:                 Columbia Gorge #1
Station latitude:             45.5693
Station longitude:            -122.2103
Station altitude:             230.0 m
Regime:                       IMG
Component:                    
Unit:                         ug/m3
Matrix:                       
Laboratory code:              US03L
Instrument type:              filterpack
Instrument name:              filterpack_US0084
Method ref:                   US03L_IMPROVE_Davis
Blank correction:             Blank corrected
Volume std. temperature:      ambient
Volume std. pressure:         ambient
starttime endtime PM10 PM2.5 flag
  2.333333   3.333333  11.958   8.157 0.000
  5.333333   6.333333   3.370   2.573 0.000
  8.333333   9.333333   2.388   1.776 0.000
 11.333333  12.333333   2.388   1.679 0.000
 14.333333  15.333333   1.285   0.783 0.000
 17.333333  18.333333   2.010   1.550 0.000
 20.333333  21.333333   2.338   1.918 0.000
 23.333333  24.333333   4.035   2.640 0.000
 26.333333  27.333333   5.075   3.320 0.000
 29.333333  30.333333   4.425   2.964 0.000
 32.333333  33.333333   7.873   3.987 0.000
 35.333333  36.333333   5.105   4.278 0.000
 38.333333  39.333333 999.999 999.999 0.999
 41.333333  42.333333 999.999 999.999 0.999
 44.333333  45.333333 999.999 999.999 0.999
 47.333333  48.333333   1.379   0.772 0.000
 50.333333  51.333333   7.190   3.785 0.000
 53.333333  54.333333   2.930   1.873 0.000
 56.333333  57.333333   6.895   4.553 0.000
 59.333333  60.333333   1.561   0.828 0.000
 62.333333  63.333333   3.701   2.615 0.000
 65.333333  66.333333   6.838   4.276 0.000
 68.333333  69.333333   4.427   2.369 0.000
 71.333333  72.333333   1.504   1.316 0.000
 74.333333  75.333333   1.509   0.844 0.000
 77.333333  78.333333   1.839   1.228 0.000
 80.333333  81.333333   5.942   2.342 0.000
 83.333333  84.333333   1.968   1.445 0.000
 86.333333  87.333333   2.830   1.151 0.000
 89.333333  90.333333   1.950   1.257 0.000
 92.333333  93.333333   7.690   4.514 0.000
 95.333333  96.333333   2.722   1.990 0.000
 98.333333  99.333333  10.667   5.578 0.000
101.333333 102.333333   3.994   2.248 0.000
104.333333 105.333333   0.790   0.428 0.000
107.333333 108.333333   6.173   2.971 0.000
110.333333 111.333333   5.223   2.555 0.000
113.333333 114.333333   4.465   2.989 0.000
116.333333 117.333333   3.956   2.096 0.000
119.333333 120.333333   8.590   4.463 0.000
122.333333 123.333333   5.790   2.861 0.000
125.333333 126.333333   4.183   2.689 0.000
128.333333 129.333333   5.983   3.394 0.000
131.333333 132.333333   6.392   3.481 0.000
134.333333 135.333333   3.691   2.390 0.000
137.333333 138.333333   8.509   4.382 0.000
140.333333 141.333333   6.243   3.518 0.000
143.333333 144.333333   7.624   4.219 0.000
146.333333 147.333333   2.782   1.820 0.000
149.333333 150.333333   2.682   1.392 0.000
152.333333 153.333333   3.154   1.546 0.000
155.333333 156.333333  12.266   6.106 0.000
158.333333 159.333333  17.585   7.505 0.000
161.333333 162.333333   9.913   5.283 0.000
164.333333 165.333333   5.975   2.771 0.000
167.333333 168.333333  10.961   4.424 0.000
170.333333 171.333333   6.285   3.562 0.000
173.333333 174.333333   7.425   2.234 0.000
176.333333 177.333333  10.589   4.189 0.000
179.333333 180.333333   4.061   1.718 0.000
182.333333 183.333333  10.380   5.551 0.000
185.333333 186.333333  25.102  14.896 0.000
188.333333 189.333333  13.088   2.941 0.000
191.333333 192.333333   9.115   3.171 0.000
194.333333 195.333333   7.086   2.856 0.000
197.333333 198.333333   4.339   2.235 0.000
200.333333 201.333333   5.311   2.567 0.000
203.333333 204.333333   9.245   5.081 0.000
206.333333 207.333333   5.952   1.975 0.000
209.333333 210.333333  13.060   6.364 0.000
212.333333 213.333333  11.051   3.810 0.000
215.333333 216.333333  17.603   4.677 0.000
218.333333 219.333333  13.349   5.680 0.000
221.333333 222.333333  13.143   4.385 0.000
224.333333 225.333333   9.932   5.210 0.000
227.333333 228.333333  20.691   3.747 0.000
230.333333 231.333333 999.999 999.999 0.999
233.333333 234.333333  11.460   2.443 0.000
236.333333 237.333333  15.064   6.028 0.000
239.333333 240.333333  17.027   5.407 0.000
242.333333 243.333333  12.953   4.328 0.000
245.333333 246.333333  16.074   2.994 0.000
248.333333 249.333333  21.780   6.761 0.000
251.333333 252.333333  24.563  11.733 0.000
254.333333 255.333333  21.557   6.222 0.000
257.333333 258.333333  16.906   3.921 0.000
260.333333 261.333333   5.303   2.458 0.000
263.333333 264.333333  13.892   4.436 0.000
266.333333 267.333333  14.385   6.122 0.000
269.333333 270.333333   5.282   2.276 0.000
272.333333 273.333333  15.890   6.036 0.000
275.333333 276.333333   3.489   1.893 0.000
278.333333 279.333333   6.918   4.994 0.000
281.333333 282.333333   9.577   6.860 0.000
284.333333 285.333333   9.560   4.165 0.000
287.333333 288.333333   7.247   4.285 0.000
290.333333 291.333333  14.578   7.925 0.000
293.333333 294.333333  10.510   5.524 0.000
296.333333 297.333333   8.774   4.281 0.000
299.333333 300.333333 999.999 999.999 0.999
302.333333 303.333333 999.999 999.999 0.999
