scripts/IMPROVE-2019_partial/data/US0070R.19900103080000.20191216000000.filterpack...1y.3d.US03L_filterpack_US0070.US03L_IMPROVE_Davis.lev2.nas
52 1001
MISSING INFORMATION
US03L, IMPROVE, , , , , , , 
MISSING INFORMATION
IMPROVE sel_HTAP
1 1
1990 01 01 2019 12 16
0
days from file reference point
5
1 1 1 1 1
999.999999 999.999 9.999 999.999 9.999999
end_time of measurement, days from the file reference point
pm10_mass, ug/m3, Matrix=pm10
numflag pm10_mass, no unit, Matrix=pm10
pm25_mass, ug/m3, Matrix=pm25
numflag pm25_mass, no unit, Matrix=pm25
0
33
Data definition:              EBAS_1.1
Set type code:                TI
Timezone:                     UTC
File name:                    US0070R.19900103080000.20191216000000.filterpack...1y.3d.US03L_filterpack_US0070.US03L_IMPROVE_Davis.lev2.nas
File creation:                20191218120008
Startdate:                    19900103080000
Revision date:                20191216000000
Version:                      2
Version description:          "Data extracted from http://views.cira.colostate.edu/fed/DataWizard 2019-12-16"
Statistics:                   arithmetic mean
Data level:                   2
Period code:                  1y
Resolution code:              3d
Sample duration:              1d
Orig. time res.:              3d
Station code:                 US0070R
Platform code:                US0070S
Station name:                 Crater Lake NP
Station latitude:             42.8958
Station longitude:            -122.1361
Station altitude:             1996.0 m
Regime:                       IMG
Component:                    
Unit:                         ug/m3
Matrix:                       
Laboratory code:              US03L
Instrument type:              filterpack
Instrument name:              filterpack_US0070
Method ref:                   US03L_IMPROVE_Davis
Blank correction:             Blank corrected
Volume std. temperature:      ambient
Volume std. pressure:         ambient
starttime endtime PM10 flag_PM10 PM2.5 flag_PM2.5
  2.333333   3.333333   5.282 0.000   1.517 0.000000
  5.333333   6.333333 999.999 0.999 999.999 0.999000
  9.333333  10.333333  10.329 0.000   1.894 0.000000
 12.333333  13.333333   5.473 0.000 999.999 0.999000
 16.333333  17.333333 999.999 0.999 999.999 0.999000
 19.333333  20.333333 999.999 0.999 999.999 0.999000
 23.333333  24.333333 999.999 0.999 999.999 0.999000
 26.333333  27.333333 999.999 0.999 999.999 0.999000
 30.333333  31.333333   2.059 0.000   1.285 0.000000
 33.333333  34.333333   3.067 0.000   1.034 0.000000
 37.333333  38.333333 999.999 0.999 999.999 0.999000
 40.333333  41.333333 999.999 0.999 999.999 0.999000
 44.333333  45.333333   3.264 0.000   1.861 0.000000
 47.333333  48.333333   1.765 0.000   1.356 0.000000
 51.333333  52.333333   1.451 0.000   0.793 0.000000
 54.333333  55.333333   3.098 0.000   1.433 0.000000
 58.333333  59.333333   6.087 0.000   2.462 0.000000
 61.333333  62.333333 999.999 0.999   0.979 0.000000
 65.333333  66.333333 999.999 0.999 999.999 0.999000
 68.333333  69.333333   4.143 0.000   0.807 0.000000
 72.333333  73.333333 999.999 0.999 999.999 0.999000
 75.333333  76.333333   5.709 0.000   2.586 0.000000
 79.333333  80.333333   5.019 0.000   2.632 0.000000
 82.333333  83.333333   4.054 0.000   1.155 0.000000
 86.333333  87.333333   8.269 0.000   4.486 0.000000
 89.333333  90.333333  10.311 0.000   7.350 0.000000
 93.333333  94.333333  14.264 0.000   8.822 0.000000
 96.333333  97.333333  14.070 0.000  10.955 0.000000
100.333333 101.333333   7.589 0.000   5.327 0.000000
103.333333 104.333333   4.032 0.000   2.677 0.000000
107.333333 108.333333 999.999 0.999 999.999 0.999000
110.333333 111.333333 999.999 0.999 999.999 0.999000
114.333333 115.333333 999.999 0.999 999.999 0.999000
117.333333 118.333333 999.999 0.999 999.999 0.999000
121.333333 122.333333   5.040 0.000   1.858 0.000000
124.333333 125.333333  10.680 0.000   5.635 0.000000
128.333333 129.333333 999.999 0.999 999.999 0.999000
131.333333 132.333333 999.999 0.999 999.999 0.999000
135.333333 136.333333 999.999 0.999 999.999 0.999000
138.333333 139.333333 999.999 0.999 999.999 0.999000
142.333333 143.333333 999.999 0.999 999.999 0.999000
145.333333 146.333333 999.999 0.999   0.903 0.000000
149.333333 150.333333 999.999 0.999 999.999 0.999000
152.333333 153.333333   3.175 0.000   1.750 0.000000
156.333333 157.333333 999.999 0.999 999.999 0.999000
159.333333 160.333333 999.999 0.999 999.999 0.999000
163.333333 164.333333 999.999 0.999 999.999 0.999000
166.333333 167.333333 999.999 0.999 999.999 0.999000
170.333333 171.333333   8.544 0.000   3.262 0.000000
173.333333 174.333333   8.966 0.000   3.795 0.000000
177.333333 178.333333  20.078 0.000   6.242 0.000000
180.333333 181.333333   7.597 0.000   4.758 0.000000
184.333333 185.333333  10.263 0.000   3.323 0.000000
187.333333 188.333333   3.058 0.000   1.404 0.000000
191.333333 192.333333   6.237 0.000   4.564 0.000000
194.333333 195.333333   6.416 0.000   6.158 0.000000
198.333333 199.333333  53.162 0.000   6.706 0.000000
201.333333 202.333333  17.794 0.000 999.999 0.999000
205.333333 206.333333  11.099 0.000 999.999 0.999000
208.333333 209.333333  12.400 0.000 999.999 0.999000
212.333333 213.333333   5.749 0.000   3.746 0.000000
215.333333 216.333333  15.784 0.000  10.344 0.000000
219.333333 220.333333  12.429 0.000  11.866 0.000000
222.333333 223.333333 999.999 0.999 999.999 0.999000
226.333333 227.333333  11.365 0.000  10.801 0.000000
229.333333 230.333333   6.642 0.000   1.386 0.000000
233.333333 234.333333 999.999 0.999   5.000 0.000000
236.333333 237.333333   9.148 0.000   5.118 0.000000
240.333333 241.333333  12.291 0.000   2.816 0.000000
243.333333 244.333333   5.830 0.000 999.999 0.559259
247.333333 248.333333 999.999 0.999 999.999 0.999000
250.333333 251.333333  29.746 0.000 999.999 0.559259
254.333333 255.333333 999.999 0.999 999.999 0.999000
257.333333 258.333333   6.119 0.000 999.999 0.559259
261.333333 262.333333  13.209 0.000 999.999 0.559259
264.333333 265.333333  12.000 0.000 999.999 0.559259
268.333333 269.333333 999.999 0.999   6.113 0.559000
271.333333 272.333333   8.989 0.000   5.104 0.559000
275.333333 276.333333 999.999 0.999   2.365 0.559000
278.333333 279.333333   2.741 0.000   2.006 0.559000
282.333333 283.333333 999.999 0.999 999.999 0.999000
285.333333 286.333333 999.999 0.999 999.999 0.999000
289.333333 290.333333 999.999 0.999 999.999 0.999000
292.333333 293.333333 999.999 0.999 999.999 0.999000
296.333333 297.333333   7.421 0.000   7.310 0.559000
299.333333 300.333333   6.786 0.000 999.999 0.559259
303.333333 304.333333 999.999 0.999   2.669 0.559000
306.333333 307.333333   7.840 0.000   1.564 0.559000
310.333333 311.333333 999.999 0.999   1.548 0.559000
313.333333 314.333333   1.374 0.000   1.042 0.559000
317.333333 318.333333 999.999 0.999   2.313 0.559000
320.333333 321.333333   2.510 0.000   2.222 0.559000
324.333333 325.333333   3.760 0.000   1.975 0.559000
327.333333 328.333333   3.430 0.000 999.999 0.559259
331.333333 332.333333   2.227 0.000   0.856 0.559000
334.333333 335.333333   1.822 0.000   1.368 0.559000
338.333333 339.333333   5.299 0.000   3.645 0.559000
341.333333 342.333333   5.219 0.000 999.999 0.559259
345.333333 346.333333 999.999 0.999   1.957 0.559000
348.333333 349.333333   5.350 0.000   3.839 0.559000
352.333333 353.333333   4.502 0.000   3.260 0.559000
355.333333 356.333333   3.147 0.000   2.226 0.559000
359.333333 360.333333 999.999 0.999   1.108 0.559000
362.333333 363.333333   3.482 0.000   2.043 0.559000
