scripts/IMPROVE-2019_partial/data/US0097R.19990102080000.20191216000000.filterpack...1y.3d.US03L_filterpack_US0097.US03L_IMPROVE_Davis.lev2.nas
51 1001
MISSING INFORMATION
US03L, IMPROVE, , , , , , , 
MISSING INFORMATION
IMPROVE sel_HTAP
1 1
1999 01 01 2019 12 16
0
days from file reference point
4
1 1 1 1
999.999999 9999.999 999.999 9.999
end_time of measurement, days from the file reference point
pm10_mass, ug/m3, Matrix=pm10
pm25_mass, ug/m3, Matrix=pm25
numflag, no unit
0
33
Data definition:              EBAS_1.1
Set type code:                TI
Timezone:                     UTC
File name:                    US0097R.19990102080000.20191216000000.filterpack...1y.3d.US03L_filterpack_US0097.US03L_IMPROVE_Davis.lev2.nas
File creation:                20191218120200
Startdate:                    19990102080000
Revision date:                20191216000000
Version:                      2
Version description:          "Data extracted from http://views.cira.colostate.edu/fed/DataWizard 2019-12-16"
Statistics:                   arithmetic mean
Data level:                   2
Period code:                  1y
Resolution code:              3d
Sample duration:              1d
Orig. time res.:              3d
Station code:                 US0097R
Platform code:                US0097S
Station name:                 Redwood NP
Station latitude:             41.5608
Station longitude:            -124.0839
Station altitude:             243.0 m
Regime:                       IMG
Component:                    
Unit:                         ug/m3
Matrix:                       
Laboratory code:              US03L
Instrument type:              filterpack
Instrument name:              filterpack_US0097
Method ref:                   US03L_IMPROVE_Davis
Blank correction:             Blank corrected
Volume std. temperature:      ambient
Volume std. pressure:         ambient
starttime endtime PM10 PM2.5 flag
  1.333333   2.333333    3.896   1.808 0.000
  5.333333   6.333333    8.701   4.352 0.000
  8.333333   9.333333    3.305   1.998 0.000
 12.333333  13.333333    7.029   4.555 0.000
 15.333333  16.333333   15.837   6.269 0.000
 19.333333  20.333333   12.897   4.983 0.000
 22.333333  23.333333    8.885   3.232 0.000
 26.333333  27.333333   10.182   3.186 0.000
 29.333333  30.333333   21.178   6.977 0.000
 33.333333  34.333333    6.380   2.422 0.000
 36.333333  37.333333    8.967   4.093 0.000
 40.333333  41.333333    7.419   2.336 0.000
 43.333333  44.333333    4.852   2.347 0.000
 47.333333  48.333333   16.430   6.944 0.000
 50.333333  51.333333    5.607   2.154 0.000
 54.333333  55.333333    4.616   1.728 0.000
 57.333333  58.333333    1.852   0.573 0.000
 61.333333  62.333333   15.934   6.064 0.000
 64.333333  65.333333    6.902   3.618 0.000
 68.333333  69.333333    4.404   1.720 0.000
 71.333333  72.333333   14.961   4.800 0.000
 75.333333  76.333333   11.247   4.758 0.000
 78.333333  79.333333    7.285   2.829 0.000
 82.333333  83.333333 9999.999 999.999 0.999
 85.333333  86.333333    9.123   2.939 0.000
 89.333333  90.333333   10.460   2.861 0.000
 92.333333  93.333333    9.375   4.160 0.000
 96.333333  97.333333 9999.999 999.999 0.999
 99.333333 100.333333    3.762   0.896 0.000
103.333333 104.333333   11.136   5.993 0.000
106.333333 107.333333   10.883   6.532 0.000
110.333333 111.333333   11.009   3.678 0.000
113.333333 114.333333   10.755   6.152 0.000
117.333333 118.333333    7.580   3.232 0.000
120.333333 121.333333    2.879   1.395 0.000
124.333333 125.333333    9.799   3.834 0.000
127.333333 128.333333   10.566   4.022 0.000
131.333333 132.333333   10.036   3.393 0.000
134.333333 135.333333    5.335   2.612 0.000
138.333333 139.333333 9999.999 999.999 0.999
141.333333 142.333333   16.910   8.453 0.000
145.333333 146.333333   18.001   7.573 0.000
148.333333 149.333333   28.955  12.279 0.000
152.333333 153.333333    9.969 999.999 0.000
155.333333 156.333333    4.340   1.682 0.000
159.333333 160.333333   10.743   4.915 0.000
162.333333 163.333333    5.897   2.931 0.000
166.333333 167.333333    5.862   2.273 0.000
169.333333 170.333333    9.069   4.786 0.000
173.333333 174.333333   12.162   6.882 0.000
176.333333 177.333333   11.451   5.412 0.000
180.333333 181.333333    3.328   2.139 0.000
183.333333 184.333333    6.053   2.765 0.000
187.333333 188.333333    5.668   2.841 0.000
190.333333 191.333333    7.245   5.287 0.000
194.333333 195.333333   24.015  12.474 0.000
197.333333 198.333333    7.565   4.205 0.000
201.333333 202.333333    4.434   2.907 0.000
204.333333 205.333333    2.659   1.696 0.000
208.333333 209.333333    5.302   3.991 0.000
211.333333 212.333333    3.607   2.368 0.000
215.333333 216.333333    4.567   2.943 0.000
218.333333 219.333333    3.688   1.861 0.000
222.333333 223.333333    4.917   2.139 0.000
225.333333 226.333333    5.143   1.915 0.000
229.333333 230.333333    2.837   0.764 0.000
232.333333 233.333333   13.278   4.393 0.000
236.333333 237.333333    3.394   1.561 0.000
239.333333 240.333333 9999.999 999.999 0.999
243.333333 244.333333    5.885   3.986 0.000
246.333333 247.333333   14.632   9.427 0.000
250.333333 251.333333    5.071   2.668 0.000
253.333333 254.333333   17.937  11.914 0.000
257.333333 258.333333    5.980   3.299 0.000
260.333333 261.333333    4.244   3.237 0.000
264.333333 265.333333    9.613   7.346 0.000
267.333333 268.333333   20.721  11.031 0.000
271.333333 272.333333   25.528  22.405 0.000
274.333333 275.333333   17.802  13.188 0.000
278.333333 279.333333    4.489   1.673 0.000
281.333333 282.333333   10.573   4.776 0.000
285.333333 286.333333   11.387   7.318 0.000
288.333333 289.333333    6.177   3.017 0.000
292.333333 293.333333  138.422  77.945 0.000
295.333333 296.333333   15.556  12.405 0.000
299.333333 300.333333   15.155   9.930 0.000
302.333333 303.333333   13.148   8.071 0.000
306.333333 307.333333    8.987   5.750 0.000
309.333333 310.333333   15.482   7.476 0.000
313.333333 314.333333    5.714   2.294 0.000
316.333333 317.333333   20.311  14.549 0.000
320.333333 321.333333    6.383   1.752 0.000
323.333333 324.333333   11.479   3.791 0.000
327.333333 328.333333    8.415   2.931 0.000
330.333333 331.333333   16.136   5.989 0.000
334.333333 335.333333 9999.999 999.999 0.999
337.333333 338.333333 9999.999 999.999 0.999
341.333333 342.333333    4.602   1.376 0.000
344.333333 345.333333    3.821   1.254 0.000
348.333333 349.333333    9.072   2.464 0.000
351.333333 352.333333    7.978   3.393 0.000
355.333333 356.333333    4.615   1.681 0.000
358.333333 359.333333    3.515   2.651 0.000
362.333333 363.333333    9.946   6.721 0.000
