scripts/IMPROVE-2019_partial/data/US0051R.20120101060000.20191216000000.filterpack...52w.3d.US03L_filterpack_US0051.US03L_IMPROVE_Davis.lev2.nas
51 1001
MISSING INFORMATION
US03L, IMPROVE, , , , , , , 
MISSING INFORMATION
IMPROVE sel_HTAP
1 1
2012 01 01 2019 12 16
3.00
days from file reference point
4
1 1 1 1
999.99 999.999 999.999 9.999
end_time of measurement, days from the file reference point
pm10_mass, ug/m3, Matrix=pm10
pm25_mass, ug/m3, Matrix=pm25
numflag, no unit
0
33
Data definition:              EBAS_1.1
Set type code:                TU
Timezone:                     UTC
File name:                    US0051R.20120101060000.20191216000000.filterpack...52w.3d.US03L_filterpack_US0051.US03L_IMPROVE_Davis.lev2.nas
File creation:                20191218115831
Startdate:                    20120101060000
Revision date:                20191216000000
Version:                      2
Version description:          "Data extracted from http://views.cira.colostate.edu/fed/DataWizard 2019-12-16"
Statistics:                   arithmetic mean
Data level:                   2
Period code:                  52w
Resolution code:              3d
Sample duration:              1d
Orig. time res.:              3d
Station code:                 US0051R
Platform code:                US0051S
Station name:                 El Dorado Springs
Station latitude:             37.7009
Station longitude:            -94.0348
Station altitude:             297.0 m
Regime:                       IMG
Component:                    
Unit:                         ug/m3
Matrix:                       
Laboratory code:              US03L
Instrument type:              filterpack
Instrument name:              filterpack_US0051
Method ref:                   US03L_IMPROVE_Davis
Blank correction:             Blank corrected
Volume std. temperature:      ambient
Volume std. pressure:         ambient
starttime endtime PM10 PM2.5 flag
  0.25   1.25   5.068   1.656 0.000
  3.25   4.25  14.861   5.749 0.000
  6.25   7.25  19.097  10.776 0.000
  9.25  10.25  39.199   9.421 0.000
 12.25  13.25  20.124   3.202 0.000
 15.25  16.25  18.041   5.491 0.000
 18.25  19.25  15.713   8.347 0.000
 21.25  22.25  31.243  15.413 0.000
 24.25  25.25   4.679   2.680 0.000
 27.25  28.25  11.905   3.210 0.000
 30.25  31.25  21.029   7.665 0.000
 33.25  34.25   7.861   2.829 0.000
 36.25  37.25   6.192   3.849 0.000
 39.25  40.25  14.200  12.505 0.000
 42.25  43.25   7.225   3.322 0.000
 45.25  46.25   9.915   7.695 0.000
 48.25  49.25   8.515   5.513 0.000
 51.25  52.25   6.796   1.498 0.000
 54.25  55.25   6.186   1.739 0.000
 57.25  58.25  12.356   5.348 0.000
 60.25  61.25  22.770   6.431 0.000
 63.25  64.25  12.832   3.649 0.000
 66.25  67.25  16.973   6.219 0.000
 69.25  70.25  16.699  10.442 0.000
 72.25  73.25  16.288   7.276 0.000
 75.25  76.25  19.282   8.898 0.000
 78.25  79.25  12.471   5.634 0.000
 81.25  82.25   6.309   2.811 0.000
 84.25  85.25  14.310   7.462 0.000
 87.25  88.25  25.025  13.798 0.000
 90.25  91.25  32.034  12.727 0.000
 93.25  94.25  21.419   8.786 0.000
 96.25  97.25  22.124   5.878 0.000
 99.25 100.25  18.186   5.293 0.000
102.25 103.25  44.572   7.807 0.000
105.25 106.25  18.256   6.814 0.000
108.25 109.25  16.836   4.589 0.000
111.25 112.25  14.573   3.558 0.000
114.25 115.25  46.516   7.328 0.000
117.25 118.25  36.806  10.553 0.000
120.25 121.25   8.014   4.267 0.000
123.25 124.25  18.477   8.116 0.000
126.25 127.25  24.989  13.458 0.000
129.25 130.25  11.442   4.525 0.000
132.25 133.25  20.005   8.358 0.000
135.25 136.25  47.906   8.092 0.000
138.25 139.25  42.004  12.671 0.000
141.25 142.25  16.977   4.412 0.000
144.25 145.25  40.909  14.234 0.000
147.25 148.25  27.622   8.876 0.000
150.25 151.25  13.074   4.749 0.000
153.25 154.25  15.825   4.598 0.000
156.25 157.25  30.949   8.119 0.000
159.25 160.25  35.303  10.214 0.000
162.25 163.25   9.946   5.614 0.000
165.25 166.25  30.568   8.667 0.000
168.25 169.25  13.998   7.775 0.000
171.25 172.25  24.108   6.361 0.000
174.25 175.25  25.995   9.539 0.000
177.25 178.25  39.766  13.412 0.000
180.25 181.25  50.331  18.782 0.000
183.25 184.25  48.713  13.055 0.000
186.25 187.25  44.106  16.206 0.000
189.25 190.25  18.130  10.684 0.000
192.25 193.25  43.961  16.323 0.000
195.25 196.25  36.794  11.644 0.000
198.25 199.25  57.192  17.041 0.000
201.25 202.25  25.412   7.511 0.000
204.25 205.25  43.101  13.478 0.000
207.25 208.25  26.125   8.854 0.000
210.25 211.25  40.275  14.252 0.000
213.25 214.25 999.999 999.999 0.999
216.25 217.25  38.163  14.344 0.000
219.25 220.25  37.004   9.774 0.000
222.25 223.25  12.814   6.963 0.000
225.25 226.25  14.405   6.468 0.000
228.25 229.25  36.712   9.682 0.000
231.25 232.25  18.201   4.639 0.000
234.25 235.25  43.780  10.258 0.000
237.25 238.25  17.958   8.366 0.000
240.25 241.25  23.049   9.945 0.000
243.25 244.25   5.111   2.149 0.000
246.25 247.25  14.700   6.467 0.000
249.25 250.25  15.230   5.332 0.000
252.25 253.25  14.275   3.035 0.000
255.25 256.25  40.869  10.249 0.000
258.25 259.25   8.893   6.435 0.000
261.25 262.25  10.226   2.850 0.000
264.25 265.25  27.261   6.936 0.000
267.25 268.25  28.975   5.672 0.000
270.25 271.25   8.325   3.951 0.000
273.25 274.25  20.690   6.794 0.000
276.25 277.25  38.011   8.970 0.000
279.25 280.25  11.183   3.134 0.000
282.25 283.25  23.456   6.950 0.000
285.25 286.25  17.483   9.089 0.000
288.25 289.25  20.192   6.984 0.000
291.25 292.25  42.178   4.193 0.000
294.25 295.25  27.062  11.311 0.000
297.25 298.25  61.320  23.303 0.000
300.25 301.25   9.479   4.182 0.000
303.25 304.25  59.314   8.578 0.000
306.25 307.25  65.748  10.362 0.000
309.25 310.25  18.872  11.060 0.000
312.25 313.25  25.564   4.398 0.000
315.25 316.25   8.155   3.975 0.000
318.25 319.25  14.718   6.427 0.000
321.25 322.25  19.539   8.687 0.000
324.25 325.25  24.391  13.546 0.000
327.25 328.25  12.679   2.307 0.000
330.25 331.25  17.253   7.376 0.000
333.25 334.25  22.944   7.733 0.000
336.25 337.25  20.876   8.782 0.000
339.25 340.25   5.652   2.452 0.000
342.25 343.25  19.953  12.311 0.000
345.25 346.25  34.719   8.510 0.000
348.25 349.25  25.680   6.121 0.000
351.25 352.25  23.094  19.117 0.000
354.25 355.25  11.885   4.759 0.000
357.25 358.25  21.758   9.527 0.000
360.25 361.25 999.999 999.999 0.999
363.25 364.25  29.563  14.159 0.000
