scripts/IMPROVE-2019_partial/data/US0067R.20130101060000.20191216000000.filterpack...52w.3d.US03L_filterpack_US0067.US03L_IMPROVE_Davis.lev2.nas
51 1001
MISSING INFORMATION
US03L, IMPROVE, , , , , , , 
MISSING INFORMATION
IMPROVE sel_HTAP
1 1
2013 01 01 2019 12 16
3.00
days from file reference point
4
1 1 1 1
999.99 999.999 999.999 9.999
end_time of measurement, days from the file reference point
pm10_mass, ug/m3, Matrix=pm10
pm25_mass, ug/m3, Matrix=pm25
numflag, no unit
0
33
Data definition:              EBAS_1.1
Set type code:                TU
Timezone:                     UTC
File name:                    US0067R.20130101060000.20191216000000.filterpack...52w.3d.US03L_filterpack_US0067.US03L_IMPROVE_Davis.lev2.nas
File creation:                20191218115950
Startdate:                    20130101060000
Revision date:                20191216000000
Version:                      2
Version description:          "Data extracted from http://views.cira.colostate.edu/fed/DataWizard 2019-12-16"
Statistics:                   arithmetic mean
Data level:                   2
Period code:                  52w
Resolution code:              3d
Sample duration:              1d
Orig. time res.:              3d
Station code:                 US0067R
Platform code:                US0067S
Station name:                 Ellis
Station latitude:             36.0853
Station longitude:            -99.9354
Station altitude:             697.0 m
Regime:                       IMG
Component:                    
Unit:                         ug/m3
Matrix:                       
Laboratory code:              US03L
Instrument type:              filterpack
Instrument name:              filterpack_US0067
Method ref:                   US03L_IMPROVE_Davis
Blank correction:             Blank corrected
Volume std. temperature:      ambient
Volume std. pressure:         ambient
starttime endtime PM10 PM2.5 flag
  0.25   1.25  14.668  13.145 0.000
  3.25   4.25   4.778   2.702 0.000
  6.25   7.25   5.902   1.849 0.000
  9.25  10.25   2.173   1.648 0.000
 12.25  13.25   3.304   1.676 0.000
 15.25  16.25   6.094   2.891 0.000
 18.25  19.25   8.146   2.015 0.000
 21.25  22.25  13.563   4.761 0.000
 24.25  25.25  30.801  11.992 0.000
 27.25  28.25  12.011   3.304 0.000
 30.25  31.25  10.111   2.157 0.000
 33.25  34.25  13.030   2.042 0.000
 36.25  37.25  15.380   7.021 0.000
 39.25  40.25  12.834   7.483 0.000
 42.25  43.25   5.604   3.005 0.000
 45.25  46.25   4.994   1.498 0.000
 48.25  49.25  11.388   1.904 0.000
 51.25  52.25   4.152   2.642 0.000
 54.25  55.25  16.762  12.987 0.000
 57.25  58.25 999.999 999.999 0.999
 60.25  61.25   6.305   4.260 0.000
 63.25  64.25  10.747   1.949 0.000
 66.25  67.25  19.015   8.553 0.000
 69.25  70.25   7.830   2.567 0.000
 72.25  73.25  24.781   6.206 0.000
 75.25  76.25  20.712  11.486 0.000
 78.25  79.25  21.889   4.853 0.000
 81.25  82.25   8.432   6.066 0.000
 84.25  85.25  10.391   3.600 0.000
 87.25  88.25  17.619   9.914 0.000
 90.25  91.25   8.242   5.838 0.000
 93.25  94.25   3.124   1.930 0.000
 96.25  97.25  14.707   6.903 0.000
 99.25 100.25  17.737   2.724 0.000
102.25 103.25  18.121   5.450 0.000
105.25 106.25  24.401   6.447 0.000
108.25 109.25   7.643   2.470 0.000
111.25 112.25  21.261   6.279 0.000
114.25 115.25 999.999 999.999 0.999
117.25 118.25  16.729   7.052 0.000
120.25 121.25  13.729   3.813 0.000
123.25 124.25   8.631   2.561 0.000
126.25 127.25  16.369   4.557 0.000
129.25 130.25  12.325   4.325 0.000
132.25 133.25  15.538   5.219 0.000
135.25 136.25  12.659   4.246 0.000
138.25 139.25  22.712  11.879 0.000
141.25 142.25  14.862   2.869 0.000
144.25 145.25  12.022   5.307 0.000
147.25 148.25  21.941   7.788 0.000
150.25 151.25  24.261   4.937 0.000
153.25 154.25  27.446   4.883 0.000
156.25 157.25  22.431   3.229 0.000
159.25 160.25   7.543   3.365 0.000
162.25 163.25  18.655   6.302 0.000
165.25 166.25   9.291   3.359 0.000
168.25 169.25  11.349   3.949 0.000
171.25 172.25  33.223  11.899 0.000
174.25 175.25  35.361  13.984 0.000
177.25 178.25  49.668  14.733 0.000
180.25 181.25  16.313   5.728 0.000
183.25 184.25  29.919  11.809 0.000
186.25 187.25  23.987  11.190 0.000
189.25 190.25  19.343   5.837 0.000
192.25 193.25  20.072   7.983 0.000
195.25 196.25   8.127   5.037 0.000
198.25 199.25  10.095   4.569 0.000
201.25 202.25   8.185   4.069 0.000
204.25 205.25  17.203   5.795 0.000
207.25 208.25  10.523   5.074 0.000
210.25 211.25   8.186   4.752 0.000
213.25 214.25  24.386   9.823 0.000
216.25 217.25  15.851   4.748 0.000
219.25 220.25   5.583   2.529 0.000
222.25 223.25  16.727   7.881 0.000
225.25 226.25  13.571   8.310 0.000
228.25 229.25  14.917   9.462 0.000
231.25 232.25  23.506  13.919 0.000
234.25 235.25  25.201   7.397 0.000
237.25 238.25  25.531   7.978 0.000
240.25 241.25  34.527  10.877 0.000
243.25 244.25  16.651   6.534 0.000
246.25 247.25  24.753   7.418 0.000
249.25 250.25  32.334  10.175 0.000
252.25 253.25  12.248   2.894 0.000
255.25 256.25  21.010   7.403 0.000
258.25 259.25 999.999 999.999 0.999
261.25 262.25   8.397   3.001 0.000
264.25 265.25  10.224   3.825 0.000
267.25 268.25  29.336   4.936 0.000
270.25 271.25   2.724   1.318 0.000
273.25 274.25  14.815   5.059 0.000
276.25 277.25  38.139   5.598 0.000
279.25 280.25  19.434   3.624 0.000
282.25 283.25  21.522   6.403 0.000
285.25 286.25  16.235   6.192 0.000
288.25 289.25   5.520   3.018 0.000
291.25 292.25   4.183   1.508 0.000
294.25 295.25  10.074   2.662 0.000
297.25 298.25  15.738   4.876 0.000
300.25 301.25  11.638   7.268 0.000
303.25 304.25   5.582   1.762 0.000
306.25 307.25  21.907 999.999 0.000
309.25 310.25   5.438 999.999 0.000
312.25 313.25   8.395   2.833 0.000
315.25 316.25   7.659   1.663 0.000
318.25 319.25  18.362   4.460 0.000
321.25 322.25  18.411   2.538 0.000
324.25 325.25  15.475   6.326 0.000
327.25 328.25   5.173   3.039 0.000
330.25 331.25   7.216   2.736 0.000
333.25 334.25  11.130   3.379 0.000
336.25 337.25  28.508   3.155 0.000
339.25 340.25   8.549   2.868 0.000
342.25 343.25  27.750   8.548 0.000
345.25 346.25  17.382   4.853 0.000
348.25 349.25  29.105   3.709 0.000
351.25 352.25 999.999 999.999 0.999
354.25 355.25 999.999 999.999 0.456
357.25 358.25 999.999 999.999 0.456
360.25 361.25   8.351   2.478 0.000
363.25 364.25   7.567   1.449 0.000
