scripts/IMPROVE-2019_partial/data/US0074R.20030103060000.20191216000000.filterpack..pm25.1y.1w.US03L_filterpack_US0074.US03L_IMPROVE_Davis.lev2.nas
64 1001
MISSING INFORMATION
US03L, IMPROVE, , , , , , , 
MISSING INFORMATION
IMPROVE sel_HTAP
1 1
2003 01 01 2019 12 16
3.00
days from file reference point
25
1 1 1 1 1 1 1 1 1 1 1 1 1 1 1 1 1 1 1 1 1 1 1 1 1
999.99 99999.99 9.999999 99.99 9.999999 9.999 9.999999999 9.99 9.999999 9.999 9.999 99.999 9.999 99.999 9.999 9999.999 9.999 9999.999 9.999 999.999 9.999 99.999 9.999999 99.999 9.999
end_time of measurement, days from the file reference point
iron, ng/m3, Revision date=20181210133000
numflag iron, no unit, Revision date=20181210133000
lead, ng/m3, Revision date=20181210133000
numflag lead, no unit, Revision date=20181210133000
magnesium, ug/m3, Revision date=20181210133000
numflag magnesium, no unit, Revision date=20181210133000
nickel, ng/m3, Revision date=20181210133000
numflag nickel, no unit, Revision date=20181210133000
nitrate, ug N/m3, Revision date=20181210133000
numflag nitrate, no unit, Revision date=20181210133000
organic_carbon, ug C/m3, Revision date=20181210133000
numflag organic_carbon, no unit, Revision date=20181210133000
organic_mass, ug/m3, Revision date=20181210133000
numflag organic_mass, no unit, Revision date=20181210133000
pm10_mass, ug/m3, Version=2, Version description=Data extracted from http://views.cira.colostate.edu/fed/DataWizard 2019-12-16, Sample duration=1d, Orig. time res.=3d, Matrix=pm10, Blank correction=Blank corrected, Volume std. temperature=ambient, Volume std. pressure=ambient
numflag pm10_mass, no unit, Version=2, Version description=Data extracted from http://views.cira.colostate.edu/fed/DataWizard 2019-12-16, Sample duration=1d, Orig. time res.=3d, Matrix=pm10, Blank correction=Blank corrected, Volume std. temperature=ambient, Volume std. pressure=ambient
pm10_pm25_mass, ug/m3, Revision date=20181210133000, Matrix=pm10_pm25
numflag pm10_pm25_mass, no unit, Revision date=20181210133000, Matrix=pm10_pm25
pm25_mass, ug/m3, Version=2, Version description=Data extracted from http://views.cira.colostate.edu/fed/DataWizard 2019-12-16, Sample duration=1d, Orig. time res.=3d, Blank correction=Blank corrected, Volume std. temperature=ambient, Volume std. pressure=ambient
numflag pm25_mass, no unit, Version=2, Version description=Data extracted from http://views.cira.colostate.edu/fed/DataWizard 2019-12-16, Sample duration=1d, Orig. time res.=3d, Blank correction=Blank corrected, Volume std. temperature=ambient, Volume std. pressure=ambient
potassium, ug/m3, Revision date=20181210133000
numflag potassium, no unit, Revision date=20181210133000
sulphate_total, ug S/m3, Revision date=20181210133000
numflag sulphate_total, no unit, Revision date=20181210133000
0
25
Data definition:              EBAS_1.1
Set type code:                TU
Timezone:                     UTC
File name:                    US0074R.20030103060000.20191216000000.filterpack..pm25.1y.1w.US03L_filterpack_US0074.US03L_IMPROVE_Davis.lev2.nas
File creation:                20191218120031
Startdate:                    20030103060000
Revision date:                20191216000000
Statistics:                   arithmetic mean
Data level:                   2
Period code:                  1y
Resolution code:              1w
Station code:                 US0074R
Platform code:                US0074S
Station name:                 Guadalupe Mountains NP
Station latitude:             31.833
Station longitude:            -104.8094
Station altitude:             1672.0 m
Regime:                       IMG
Component:                    
Matrix:                       pm25
Laboratory code:              US03L
Instrument type:              filterpack
Instrument name:              filterpack_US0074
Method ref:                   US03L_IMPROVE_Davis
starttime endtime Fe flag_Fe Pb flag_Pb Mg++ flag_Mg++ Ni flag_Ni NO3- flag_NO3- OC flag_OC OM flag_OM PM10 flag_PM10 PM10-PM2.5 flag_PM10-PM2.5 PM2.5 flag_PM2.5 K+ flag_K+ SO4-- flag_SO4--
  2.25   3.25     9.84 0.559000  0.28 0.559000 9.999 0.559259000 0.06 0.559000 0.061 0.000  0.381 0.000  0.533 0.000    5.250 0.000    3.361 0.000   1.889 0.559  0.034 0.559000  0.083 0.000
  5.25   6.25    27.59 0.559000  0.63 0.559000 9.999 0.559259000 9.99 0.559259 0.394 0.000  0.812 0.000  1.136 0.000   14.509 0.000   10.082 0.000   4.427 0.559  0.039 0.559000  0.457 0.000
  8.25   9.25    17.86 0.559000  0.55 0.559000 9.999 0.559259000 0.14 0.559000 0.079 0.559  0.440 0.000  0.615 0.000    8.432 0.000    5.783 0.000   2.649 0.559  0.037 0.559000  0.265 0.559
 11.25  12.25    19.10 0.559000  0.46 0.559000 0.021 0.559000000 9.99 0.559259 0.126 0.559  0.552 0.000  0.773 0.000    7.527 0.000    4.898 0.000   2.628 0.559  0.029 0.559000  0.234 0.559
 14.25  15.25    26.19 0.559000  0.73 0.559000 9.999 0.559259000 9.99 0.559259 0.028 0.000  0.487 0.000  0.682 0.000   14.674 0.000   12.220 0.000   2.454 0.559  0.033 0.559000  0.187 0.000
 17.25  18.25    42.85 0.559000  0.33 0.559000 9.999 0.559259000 0.06 0.559000 0.024 0.559  0.398 0.000  0.557 0.000   17.340 0.000   14.740 0.000   2.601 0.559  0.040 0.559000  0.175 0.559
 20.25  21.25    16.53 0.559000  0.75 0.559000 0.018 0.559000000 0.09 0.559000 0.016 0.559  0.305 0.000  0.427 0.000   13.784 0.000   11.945 0.000   1.839 0.559  0.020 0.559000  0.182 0.559
 23.25  24.25    28.92 0.559000  1.46 0.559000 0.025 0.559000000 9.99 0.559259 0.176 0.559  0.776 0.000  1.086 0.000   15.053 0.000    9.970 0.000   5.083 0.559  0.039 0.559000  0.604 0.559
 26.25  27.25    10.64 0.559000  0.64 0.559000 9.999 0.559259000 9.99 0.559259 0.097 0.000  0.423 0.000  0.592 0.000    6.490 0.000    3.740 0.000   2.750 0.559  0.023 0.559000  0.356 0.000
 29.25  30.25    63.31 0.559000  1.47 0.559000 9.999 0.559259000 9.99 0.559259 0.050 0.559  0.604 0.000  0.846 0.000   17.898 0.000   14.246 0.000   3.652 0.559  0.053 0.559000  0.198 0.559
 32.25  33.25   250.59 0.000000  1.25 0.000000 0.138 0.000000000 0.17 0.000000 0.040 0.000  1.210 0.000  1.693 0.000  120.151 0.000  107.174 0.000  12.977 0.000  0.220 0.000000  0.523 0.000
 35.25  36.25    52.39 0.000000  0.61 0.000000 9.999 0.259000000 9.99 0.259000 0.029 0.000  0.475 0.000  0.665 0.000   11.078 0.000    7.969 0.000   3.109 0.000  0.046 0.000000  0.140 0.000
 38.25  39.25     1.68 0.559000  0.22 0.559000 9.999 0.559259000 0.10 0.559000 0.123 0.559  0.333 0.000  0.467 0.000    4.808 0.000    3.112 0.000   1.695 0.559  0.008 0.559000  0.203 0.559
 41.25  42.25    15.09 0.559000  1.62 0.559000 0.017 0.559000000 9.99 0.559259 0.047 0.000  0.374 0.000  0.523 0.000    4.720 0.000    3.161 0.000   1.559 0.559  0.017 0.559000  0.161 0.000
 44.25  45.25     8.71 0.559000  0.73 0.559000 9.999 0.559259000 0.07 0.559000 0.016 0.000  0.343 0.000  0.480 0.000    5.539 0.000    4.699 0.000   0.840 0.559  0.008 0.559000  0.070 0.000
 47.25  48.25     8.88 0.559000  0.74 0.559000 9.999 0.559259000 0.14 0.559000 0.034 0.000  0.453 0.000  0.634 0.000    8.013 0.000    6.005 0.000   2.008 0.559  0.009 0.559000  0.240 0.000
 50.25  51.25     2.97 0.559000  0.14 0.559000 9.999 0.559259000 9.99 0.559259 0.040 0.559  0.115 0.000  0.161 0.000    1.571 0.000    0.985 0.000   0.586 0.559  0.004 0.559000  0.052 0.559
 53.25  54.25    57.90 0.559000  0.49 0.559000 9.999 0.559259000 9.99 0.559259 0.038 0.000  0.382 0.000  0.535 0.000   16.493 0.000   13.609 0.000   2.884 0.559  0.043 0.559000  0.115 0.000
 56.25  57.25    25.46 0.559000  0.51 0.559000 9.999 0.559259000 0.09 0.559000 0.052 0.559  0.250 0.000  0.349 0.000   15.873 0.000   13.168 0.000   2.705 0.559  0.025 0.559000  0.356 0.559
 59.25  60.25    17.88 0.559000  0.46 0.559000 9.999 0.559259000 0.13 0.559000 0.073 0.559  0.245 0.000  0.342 0.000    6.944 0.000    4.536 0.000   2.408 0.559  0.018 0.559000  0.261 0.559
 62.25  63.25   644.51 0.000000  0.86 0.000000 9.999 0.259000000 0.07 0.000000 0.041 0.000  1.087 0.000  1.521 0.000   99.842 0.000   79.168 0.000  20.674 0.000  0.477 0.000000  0.221 0.000
 65.25  66.25    30.56 0.559000  0.51 0.559000 9.999 0.559259000 0.23 0.559000 0.018 0.559  0.305 0.000  0.427 0.000    8.177 0.000    6.261 0.000   1.917 0.559  0.025 0.559000  0.151 0.559
 68.25  69.25    16.57 0.559000  0.74 0.559000 9.999 0.559259000 9.99 0.559259 0.011 0.559  0.456 0.000  0.638 0.000    6.575 0.000    4.398 0.000   2.177 0.559  0.022 0.559000  0.257 0.559
 71.25  72.25   117.48 0.559000  0.98 0.559000 9.999 0.559259000 0.12 0.559000 0.041 0.000  0.782 0.000  1.094 0.000   20.217 0.000   14.103 0.000   6.114 0.559  0.098 0.559000  0.440 0.000
 74.25  75.25   193.31 0.559000  0.62 0.559000 9.999 0.559259000 0.25 0.559000 0.038 0.000  0.598 0.000  0.837 0.000   38.051 0.000   31.414 0.000   6.636 0.559  0.144 0.559000  0.175 0.000
 77.25  78.25    50.35 0.000000  0.34 0.000000 9.999 0.259000000 9.99 0.259000 0.051 0.559  0.349 0.000  0.488 0.000   25.711 0.000   22.412 0.000   3.299 0.000  0.037 0.000000  0.194 0.559
 80.25  81.25    21.83 0.559000  0.37 0.559000 9.999 0.559259000 9.99 0.559259 0.041 0.000  0.321 0.000  0.449 0.000    5.126 0.000    2.885 0.000   2.241 0.559  0.016 0.559000  0.280 0.000
 83.25  84.25    34.49 0.559000  0.76 0.559000 9.999 0.559259000 0.06 0.559000 0.174 0.000  0.412 0.000  0.578 0.000    8.678 0.000    5.142 0.000   3.537 0.559  0.028 0.559000  0.341 0.000
 86.25  87.25    21.67 0.559000  0.27 0.559000 9.999 0.559259000 9.99 0.559259 0.096 0.559  0.265 0.000  0.371 0.000    8.691 0.000    6.330 0.000   2.361 0.559  0.017 0.559000  0.339 0.559
 89.25  90.25    22.57 0.559000  0.34 0.559000 0.015 0.559000000 9.99 0.559259 0.030 0.000  0.227 0.000  0.317 0.000    5.465 0.000    3.641 0.000   1.825 0.559  0.016 0.559000  0.199 0.000
 92.25  93.25 99999.99 0.999000 99.99 0.999000 9.999 0.999000000 9.99 0.999000 9.999 0.999 99.999 0.999 99.999 0.999 9999.999 0.999 9999.999 0.999 999.999 0.999 99.999 0.999000 99.999 0.999
 95.25  96.25    63.20 0.559000  1.04 0.559000 9.999 0.559259000 0.10 0.559000 0.056 0.000  0.250 0.000  0.350 0.000   16.883 0.000   13.654 0.000   3.229 0.559  0.043 0.559000  0.242 0.000
 98.25  99.25    38.41 0.559000  0.31 0.559000 9.999 0.559259000 9.99 0.559259 9.999 0.999  0.336 0.000  0.470 0.000    8.999 0.000    6.548 0.000   2.451 0.559  0.027 0.559000 99.999 0.999
101.25 102.25    77.03 0.559000  1.41 0.559000 9.999 0.559259000 0.12 0.559000 9.999 0.999  0.768 0.000  1.075 0.000   17.834 0.000   12.371 0.000   5.462 0.559  0.058 0.559000 99.999 0.999
104.25 105.25   926.66 0.000000  0.96 0.000000 9.999 0.259000000 0.16 0.000000 9.999 0.999  3.167 0.000  4.433 0.000  173.350 0.000  133.533 0.000  39.817 0.000  1.089 0.000000 99.999 0.999
107.25 108.25   484.25 0.559000  0.80 0.559000 9.999 0.559259000 0.12 0.559000 9.999 0.999  0.834 0.000  1.168 0.000   68.700 0.000   54.043 0.000  14.657 0.559  0.326 0.559000 99.999 0.999
110.25 111.25    40.51 0.559000  0.55 0.559000 9.999 0.559259000 9.99 0.559259 9.999 0.999  0.618 0.000  0.865 0.000   17.774 0.000   14.596 0.000   3.178 0.559  0.040 0.559000 99.999 0.999
113.25 114.25   212.58 0.559000  1.30 0.559000 9.999 0.559259000 0.17 0.559000 9.999 0.999  0.581 0.000  0.813 0.000   37.845 0.000   29.851 0.000   7.994 0.559  0.157 0.559000 99.999 0.999
116.25 117.25   101.02 0.559000  1.50 0.559000 9.999 0.559259000 0.11 0.559000 9.999 0.999  0.741 0.000  1.038 0.000   14.624 0.000    9.933 0.000   4.691 0.559  0.086 0.559000 99.999 0.999
119.25 120.25   173.27 0.559000  1.44 0.559000 9.999 0.559259000 0.19 0.559000 9.999 0.999  0.922 0.000  1.291 0.000   41.256 0.000   33.116 0.000   8.140 0.559  0.131 0.559000 99.999 0.999
122.25 123.25   233.46 0.559000  0.70 0.559000 9.999 0.559259000 0.22 0.559000 9.999 0.999  0.714 0.000  1.000 0.000   29.044 0.000   21.252 0.000   7.792 0.559  0.177 0.559000 99.999 0.999
125.25 126.25    73.82 0.559000  1.41 0.559000 9.999 0.559259000 9.99 0.559259 9.999 0.999  0.995 0.000  1.393 0.000   15.613 0.000   11.299 0.000   4.314 0.559  0.059 0.559000 99.999 0.999
128.25 129.25   328.62 0.559000  2.52 0.559000 9.999 0.559259000 0.16 0.559000 9.999 0.999  0.970 0.000  1.358 0.000   41.461 0.000   31.195 0.000  10.266 0.559  0.287 0.559000 99.999 0.999
131.25 132.25    71.98 0.559000  0.76 0.559000 9.999 0.559259000 0.06 0.559000 9.999 0.999  2.710 0.000  3.794 0.000   27.533 0.000   16.551 0.000  10.982 0.559  0.125 0.559000 99.999 0.999
134.25 135.25   694.80 0.559000  1.21 0.559000 9.999 0.559259000 0.05 0.559000 9.999 0.999  2.067 0.000  2.893 0.000  139.300 0.000  112.872 0.000  26.428 0.559  0.833 0.559000 99.999 0.999
137.25 138.25   105.15 0.559000  0.92 0.559000 9.999 0.559259000 0.08 0.559000 9.999 0.999  1.020 0.000  1.428 0.000   24.001 0.000   19.048 0.000   4.953 0.559  0.090 0.559000 99.999 0.999
140.25 141.25    50.15 0.559000  0.52 0.559000 9.999 0.559259000 9.99 0.559259 9.999 0.999  1.192 0.000  1.670 0.000   21.867 0.000   15.691 0.000   6.176 0.559  0.093 0.559000 99.999 0.999
143.25 144.25    56.88 0.559000  0.40 0.559000 9.999 0.559259000 9.99 0.559259 9.999 0.999  1.182 0.000  1.654 0.000   18.137 0.000   13.138 0.000   4.999 0.559  0.063 0.559000 99.999 0.999
146.25 147.25    12.55 0.559000  0.78 0.559000 9.999 0.559259000 9.99 0.559259 9.999 0.999  0.777 0.000  1.087 0.000    9.357 0.000    4.888 0.000   4.468 0.559  0.018 0.559000 99.999 0.999
149.25 150.25   107.69 0.559000  0.63 0.559000 9.999 0.559259000 0.10 0.559000 9.999 0.999  1.160 0.000  1.624 0.000   20.997 0.000   14.456 0.000   6.541 0.559  0.086 0.559000 99.999 0.999
152.25 153.25   114.94 0.559000  0.20 0.559000 9.999 0.559259000 9.99 0.559259 9.999 0.999  1.126 0.000  1.577 0.000   34.641 0.000   28.769 0.000   5.872 0.559  0.093 0.559000 99.999 0.999
155.25 156.25   196.64 0.559394  0.60 0.559394 9.999 0.559394259 0.12 0.559394 9.999 0.999  0.929 0.000  1.300 0.000   42.343 0.000   33.706 0.000   8.637 0.559  0.141 0.559394 99.999 0.999
158.25 159.25   133.64 0.559000 99.99 0.559259 9.999 0.559259000 9.99 0.559259 9.999 0.999  1.005 0.000  1.407 0.000   51.413 0.000   44.190 0.000   7.223 0.559  0.092 0.559000 99.999 0.999
161.25 162.25   143.97 0.559000  0.74 0.559000 9.999 0.559259000 9.99 0.559259 9.999 0.999  1.011 0.000  1.415 0.000   34.363 0.000   26.494 0.000   7.869 0.559  0.146 0.559000 99.999 0.999
164.25 165.25    67.88 0.559000  0.33 0.559000 9.999 0.559259000 0.09 0.559000 9.999 0.999  1.007 0.000  1.410 0.000   22.869 0.000   17.005 0.000   5.864 0.559  0.073 0.559000 99.999 0.999
167.25 168.25    36.57 0.559000  0.81 0.559000 9.999 0.559259000 9.99 0.559259 9.999 0.999  1.104 0.000  1.545 0.000   18.119 0.000   12.283 0.000   5.837 0.559  0.035 0.559000 99.999 0.999
170.25 171.25    95.82 0.559000  0.86 0.559000 9.999 0.559259000 9.99 0.559259 0.031 0.000  0.839 0.000  1.175 0.000   16.270 0.000    9.621 0.000   6.648 0.559  0.072 0.559000  0.670 0.000
173.25 174.25    81.79 0.559000  0.66 0.559000 9.999 0.559259000 9.99 0.559259 0.029 0.000  0.923 0.000  1.292 0.000   20.833 0.000   15.639 0.000   5.195 0.559  0.074 0.559000  0.473 0.000
176.25 177.25 99999.99 0.999000 99.99 0.999000 9.999 0.999000000 9.99 0.999000 9.999 0.999 99.999 0.999 99.999 0.999 9999.999 0.999 9999.999 0.999 999.999 0.999 99.999 0.999000 99.999 0.999
179.25 180.25 99999.99 0.999000 99.99 0.999000 9.999 0.999000000 9.99 0.999000 9.999 0.999 99.999 0.999 99.999 0.999 9999.999 0.999 9999.999 0.999 999.999 0.999 99.999 0.999000 99.999 0.999
182.25 183.25 99999.99 0.999000 99.99 0.999000 9.999 0.999000000 9.99 0.999000 9.999 0.999 99.999 0.999 99.999 0.999 9999.999 0.999 9999.999 0.999 999.999 0.999 99.999 0.999000 99.999 0.999
185.25 186.25 99999.99 0.999000 99.99 0.999000 9.999 0.999000000 9.99 0.999000 9.999 0.999 99.999 0.999 99.999 0.999 9999.999 0.999 9999.999 0.999 999.999 0.999 99.999 0.999000 99.999 0.999
188.25 189.25 99999.99 0.999000 99.99 0.999000 9.999 0.999000000 9.99 0.999000 9.999 0.999 99.999 0.999 99.999 0.999 9999.999 0.999 9999.999 0.999 999.999 0.999 99.999 0.999000 99.999 0.999
191.25 192.25 99999.99 0.999000 99.99 0.999000 9.999 0.999000000 9.99 0.999000 9.999 0.999 99.999 0.999 99.999 0.999 9999.999 0.999 9999.999 0.999 999.999 0.999 99.999 0.999000 99.999 0.999
194.25 195.25 99999.99 0.999000 99.99 0.999000 9.999 0.999000000 9.99 0.999000 9.999 0.999 99.999 0.999 99.999 0.999 9999.999 0.999 9999.999 0.999 999.999 0.999 99.999 0.999000 99.999 0.999
197.25 198.25 99999.99 0.999000 99.99 0.999000 9.999 0.999000000 9.99 0.999000 9.999 0.999 99.999 0.999 99.999 0.999 9999.999 0.999 9999.999 0.999 999.999 0.999 99.999 0.999000 99.999 0.999
200.25 201.25 99999.99 0.999000 99.99 0.999000 9.999 0.999000000 9.99 0.999000 9.999 0.999 99.999 0.999 99.999 0.999 9999.999 0.999 9999.999 0.999 999.999 0.999 99.999 0.999000 99.999 0.999
203.25 204.25   473.27 0.559000  0.49 0.559000 9.999 0.559259000 0.15 0.559000 0.070 0.559  1.630 0.000  2.282 0.000  121.347 0.000  104.227 0.000  17.120 0.559  0.289 0.559000  0.784 0.559
206.25 207.25   365.83 0.559000  0.25 0.559000 9.999 0.559259000 0.24 0.559000 0.105 0.559  0.998 0.000  1.397 0.000   33.317 0.000   19.485 0.000  13.832 0.559  0.161 0.559000  1.083 0.559
209.25 210.25   169.24 0.559000  0.54 0.559000 9.999 0.559259000 0.10 0.559000 0.070 0.559  0.390 0.000  0.546 0.000    9.316 0.000    4.060 0.000   5.256 0.559  0.065 0.559000  0.419 0.559
212.25 213.25   213.53 0.559000  0.48 0.559000 9.999 0.559259000 0.22 0.559000 0.053 0.559  0.595 0.000  0.833 0.000   20.202 0.000   12.254 0.000   7.949 0.559  0.095 0.559000  0.561 0.559
215.25 216.25   267.47 0.559000  1.08 0.559000 9.999 0.559259000 0.16 0.559000 0.038 0.559  1.066 0.000  1.493 0.000   54.512 0.000   44.705 0.000   9.807 0.559  0.181 0.559000  0.460 0.559
218.25 219.25    89.42 0.559000  0.28 0.559000 9.999 0.559259000 0.09 0.559000 0.028 0.559  1.278 0.000  1.789 0.000   17.481 0.000   12.371 0.000   5.109 0.559  0.056 0.559000  0.358 0.559
221.25 222.25    46.95 0.559000  0.20 0.559000 9.999 0.559259000 0.07 0.559000 0.048 0.559  2.015 0.000  2.821 0.000   12.771 0.000    5.686 0.000   7.085 0.559  0.044 0.559000  0.682 0.559
224.25 225.25    32.25 0.559000  0.55 0.559000 9.999 0.559259000 0.07 0.559000 0.135 0.559  1.346 0.000  1.885 0.000   13.568 0.000    6.623 0.000   6.944 0.559  0.034 0.559000  0.931 0.559
227.25 228.25   208.48 0.559000  0.38 0.559000 9.999 0.559259000 0.11 0.559000 0.114 0.559  0.540 0.000  0.757 0.000   15.976 0.000    6.991 0.000   8.985 0.559  0.094 0.559000  1.000 0.559
230.25 231.25   105.02 0.559000  0.28 0.559000 9.999 0.559259000 0.14 0.559000 0.030 0.559  0.497 0.000  0.695 0.000   22.635 0.000   17.135 0.000   5.500 0.559  0.070 0.559000  0.385 0.559
233.25 234.25    53.72 0.559000  0.35 0.559000 9.999 0.559259000 0.08 0.559000 0.031 0.559  0.560 0.000  0.784 0.000   21.034 0.000   16.130 0.000   4.904 0.559  0.041 0.559000  0.447 0.559
236.25 237.25    17.15 0.559000  0.08 0.559000 9.999 0.559259000 0.14 0.559000 0.015 0.559  0.406 0.000  0.569 0.000    6.583 0.000    3.494 0.000   3.090 0.559  0.016 0.559000  0.358 0.559
239.25 240.25   127.11 0.559000  0.61 0.559000 9.999 0.559259000 0.17 0.559000 0.025 0.559  0.429 0.000  0.601 0.000   23.603 0.000   18.133 0.000   5.471 0.559  0.084 0.559000  0.265 0.559
242.25 243.25    10.63 0.000000  0.28 0.000000 9.999 0.259000000 0.32 0.000000 0.038 0.000  0.531 0.000  0.744 0.000   19.006 0.000   16.383 0.000   2.623 0.000  0.009 0.000000  0.296 0.000
245.25 246.25    35.60 0.000000  0.28 0.000000 9.999 0.259000000 0.84 0.000000 0.017 0.000  0.831 0.000  1.163 0.000    7.232 0.000    2.489 0.000   4.743 0.000  0.029 0.000000  0.352 0.000
248.25 249.25    14.20 0.000000  0.64 0.000000 0.040 0.000000000 0.08 0.000000 0.016 0.000  0.787 0.000  1.102 0.000   10.067 0.000    5.907 0.000   4.160 0.000  0.015 0.000000  0.449 0.000
251.25 252.25    49.80 0.000000  0.58 0.000000 9.999 0.259000000 0.22 0.000000 0.025 0.000  0.452 0.000  0.633 0.000   14.834 0.000   10.432 0.000   4.402 0.000  0.039 0.000000  0.450 0.000
