scripts/IMPROVE-2019_partial/data/US0074R.19940101060000.20191216000000.filterpack...1y.3d.US03L_filterpack_US0074.US03L_IMPROVE_Davis.lev2.nas
51 1001
MISSING INFORMATION
US03L, IMPROVE, , , , , , , 
MISSING INFORMATION
IMPROVE sel_HTAP
1 1
1994 01 01 2019 12 16
0
days from file reference point
4
1 1 1 1
999.99 999.999 999.999 9.999
end_time of measurement, days from the file reference point
pm10_mass, ug/m3, Matrix=pm10
pm25_mass, ug/m3, Matrix=pm25
numflag, no unit
0
33
Data definition:              EBAS_1.1
Set type code:                TI
Timezone:                     UTC
File name:                    US0074R.19940101060000.20191216000000.filterpack...1y.3d.US03L_filterpack_US0074.US03L_IMPROVE_Davis.lev2.nas
File creation:                20191218120029
Startdate:                    19940101060000
Revision date:                20191216000000
Version:                      2
Version description:          "Data extracted from http://views.cira.colostate.edu/fed/DataWizard 2019-12-16"
Statistics:                   arithmetic mean
Data level:                   2
Period code:                  1y
Resolution code:              3d
Sample duration:              1d
Orig. time res.:              3d
Station code:                 US0074R
Platform code:                US0074S
Station name:                 Guadalupe Mountains NP
Station latitude:             31.833
Station longitude:            -104.8094
Station altitude:             1672.0 m
Regime:                       IMG
Component:                    
Unit:                         ug/m3
Matrix:                       
Laboratory code:              US03L
Instrument type:              filterpack
Instrument name:              filterpack_US0074
Method ref:                   US03L_IMPROVE_Davis
Blank correction:             Blank corrected
Volume std. temperature:      ambient
Volume std. pressure:         ambient
starttime endtime PM10 PM2.5 flag
  0.25   1.25   7.399   4.543 0.000
  4.25   5.25  11.956   3.651 0.000
  7.25   8.25   5.224   2.595 0.000
 11.25  12.25   7.836   3.103 0.000
 14.25  15.25   7.052   2.978 0.000
 18.25  19.25  12.620   4.094 0.000
 21.25  22.25   5.472   3.250 0.000
 25.25  26.25   9.808   2.251 0.000
 28.25  29.25   5.216   4.019 0.000
 32.25  33.25   5.399   2.468 0.000
 35.25  36.25   5.133   2.286 0.000
 39.25  40.25   6.134   4.682 0.000
 42.25  43.25   2.937   2.611 0.000
 46.25  47.25   8.271   3.722 0.000
 49.25  50.25   8.897   2.652 0.000
 53.25  54.25   9.219   2.000 0.000
 56.25  57.25  13.120   4.434 0.000
 60.25  61.25   8.598   2.386 0.000
 63.25  64.25  12.414   5.545 0.000
 67.25  68.25   4.328   3.139 0.000
 70.25  71.25  12.799   5.858 0.000
 74.25  75.25   9.962   5.115 0.000
 77.25  78.25  11.462   4.393 0.000
 81.25  82.25  10.881   4.551 0.000
 84.25  85.25  40.392   7.176 0.000
 88.25  89.25  12.015   5.049 0.000
 91.25  92.25  19.500   5.430 0.000
 95.25  96.25  14.131   5.380 0.000
 98.25  99.25  23.008   6.711 0.000
102.25 103.25  10.000   4.625 0.000
105.25 106.25  16.412   6.149 0.000
109.25 110.25  15.189   7.843 0.000
112.25 113.25   9.886   6.176 0.000
116.25 117.25 999.999 999.999 0.999
119.25 120.25 999.999 999.999 0.999
123.25 124.25 999.999 999.999 0.999
126.25 127.25 999.999 999.999 0.999
130.25 131.25 999.999 999.999 0.999
133.25 134.25 999.999 999.999 0.999
137.25 138.25 999.999 999.999 0.999
140.25 141.25  14.469  11.529 0.000
144.25 145.25  10.364   4.089 0.000
147.25 148.25  10.436   5.911 0.000
151.25 152.25  12.308   7.215 0.000
154.25 155.25  14.674   9.650 0.000
158.25 159.25  17.526   5.719 0.000
161.25 162.25  15.746   8.604 0.000
165.25 166.25  22.192   7.459 0.000
168.25 169.25  15.903   8.240 0.000
172.25 173.25  16.484   7.986 0.000
175.25 176.25   9.098   5.631 0.000
179.25 180.25 999.999 999.999 0.999
182.25 183.25  90.430  25.952 0.000
186.25 187.25  16.364  11.801 0.000
189.25 190.25  20.613   7.994 0.000
193.25 194.25  16.704   9.216 0.000
196.25 197.25 999.999 999.999 0.999
200.25 201.25 999.999 999.999 0.999
203.25 204.25 999.999 999.999 0.999
207.25 208.25 999.999 999.999 0.999
210.25 211.25 999.999 999.999 0.999
214.25 215.25 999.999 999.999 0.999
217.25 218.25 999.999 999.999 0.999
221.25 222.25  11.445  10.548 0.000
224.25 225.25 999.999 999.999 0.999
228.25 229.25  14.539   6.390 0.000
231.25 232.25 999.999 999.999 0.999
235.25 236.25  14.280   7.827 0.000
238.25 239.25   8.340   5.016 0.000
242.25 243.25  14.528   5.265 0.000
245.25 246.25  10.302   5.235 0.000
249.25 250.25  11.720   6.946 0.000
252.25 253.25   9.391   4.880 0.000
256.25 257.25   4.676   3.033 0.000
259.25 260.25  10.719   4.599 0.000
263.25 264.25  15.921   5.689 0.000
266.25 267.25  11.155   3.554 0.000
270.25 271.25  10.358   5.663 0.000
273.25 274.25  30.108   7.788 0.000
277.25 278.25  19.926   9.000 0.000
280.25 281.25   6.494   3.424 0.000
284.25 285.25   5.613   2.840 0.000
287.25 288.25  53.755   8.571 0.000
291.25 292.25   5.056   3.131 0.000
294.25 295.25   6.541   3.333 0.000
298.25 299.25   1.111   1.075 0.000
301.25 302.25  11.536   4.384 0.000
305.25 306.25  19.331   5.321 0.000
308.25 309.25   6.090   3.313 0.000
312.25 313.25   5.662   2.746 0.000
315.25 316.25   9.740   5.851 0.000
319.25 320.25   5.651   3.982 0.000
322.25 323.25  43.011   6.317 0.000
326.25 327.25   7.305   5.857 0.000
329.25 330.25  61.172  13.817 0.000
333.25 334.25   3.282   1.159 0.000
336.25 337.25   8.803   3.773 0.000
340.25 341.25   2.917   1.429 0.000
343.25 344.25   4.751   2.492 0.000
347.25 348.25   6.616   1.476 0.000
350.25 351.25 999.999 999.999 0.999
354.25 355.25   4.618   2.351 0.000
357.25 358.25   2.085   1.424 0.000
361.25 362.25   8.906   6.489 0.000
364.25 365.25   5.212   2.181 0.000
