scripts/IMPROVE-2019_partial/data/US0071R.20050101080000.20191216000000.filterpack..pm25.52w.1w.US03L_filterpack_US0071.US03L_IMPROVE_Davis.lev2.nas
66 1001
MISSING INFORMATION
US03L, IMPROVE, , , , , , , 
MISSING INFORMATION
IMPROVE sel_HTAP
1 1
2005 01 01 2019 12 16
3.000000
days from file reference point
27
1 1 1 1 1 1 1 1 1 1 1 1 1 1 1 1 1 1 1 1 1 1 1 1 1 1 1
999.999999 9999.99 9.999999 99.99 9.999999 9.999 9.999999 9.99 9.999999 99.999 9.999 99.999 9.999 999.999 9.999 999.99 9.999999999 999.999 9.999 999.999 9.999 999.999 9.999 9.999 9.999999 9.999 9.999
end_time of measurement, days from the file reference point
iron, ng/m3, Revision date=20181210133000
numflag iron, no unit, Revision date=20181210133000
lead, ng/m3, Revision date=20181210133000
numflag lead, no unit, Revision date=20181210133000
magnesium, ug/m3, Revision date=20181210133000
numflag magnesium, no unit, Revision date=20181210133000
nickel, ng/m3, Revision date=20181210133000
numflag nickel, no unit, Revision date=20181210133000
nitrate, ug N/m3, Revision date=20181210133000
numflag nitrate, no unit, Revision date=20181210133000
organic_carbon, ug C/m3, Revision date=20181210133000
numflag organic_carbon, no unit, Revision date=20181210133000
organic_mass, ug/m3, Revision date=20181210133000
numflag organic_mass, no unit, Revision date=20181210133000
phosphorus, ng/m3, Revision date=20181210133000
numflag phosphorus, no unit, Revision date=20181210133000
pm10_mass, ug/m3, Version=2, Version description=Data extracted from http://views.cira.colostate.edu/fed/DataWizard 2019-12-16, Sample duration=1d, Orig. time res.=3d, Matrix=pm10, Blank correction=Blank corrected, Volume std. temperature=ambient, Volume std. pressure=ambient
numflag pm10_mass, no unit, Version=2, Version description=Data extracted from http://views.cira.colostate.edu/fed/DataWizard 2019-12-16, Sample duration=1d, Orig. time res.=3d, Matrix=pm10, Blank correction=Blank corrected, Volume std. temperature=ambient, Volume std. pressure=ambient
pm10_pm25_mass, ug/m3, Revision date=20181210133000, Matrix=pm10_pm25
numflag pm10_pm25_mass, no unit, Revision date=20181210133000, Matrix=pm10_pm25
pm25_mass, ug/m3, Version=2, Version description=Data extracted from http://views.cira.colostate.edu/fed/DataWizard 2019-12-16, Sample duration=1d, Orig. time res.=3d, Blank correction=Blank corrected, Volume std. temperature=ambient, Volume std. pressure=ambient
numflag pm25_mass, no unit, Version=2, Version description=Data extracted from http://views.cira.colostate.edu/fed/DataWizard 2019-12-16, Sample duration=1d, Orig. time res.=3d, Blank correction=Blank corrected, Volume std. temperature=ambient, Volume std. pressure=ambient
potassium, ug/m3, Revision date=20181210133000
numflag potassium, no unit, Revision date=20181210133000
sulphate_total, ug S/m3, Revision date=20181210133000
numflag sulphate_total, no unit, Revision date=20181210133000
0
25
Data definition:              EBAS_1.1
Set type code:                TU
Timezone:                     UTC
File name:                    US0071R.20050101080000.20191216000000.filterpack..pm25.52w.1w.US03L_filterpack_US0071.US03L_IMPROVE_Davis.lev2.nas
File creation:                20191218120015
Startdate:                    20050101080000
Revision date:                20191216000000
Statistics:                   arithmetic mean
Data level:                   2
Period code:                  52w
Resolution code:              1w
Station code:                 US0071R
Platform code:                US0071S
Station name:                 Hells Canyon
Station latitude:             44.9702
Station longitude:            -116.8438
Station altitude:             655.0 m
Regime:                       IMG
Component:                    
Matrix:                       pm25
Laboratory code:              US03L
Instrument type:              filterpack
Instrument name:              filterpack_US0071
Method ref:                   US03L_IMPROVE_Davis
starttime endtime Fe flag_Fe Pb flag_Pb Mg++ flag_Mg++ Ni flag_Ni NO3- flag_NO3- OC flag_OC OM flag_OM P flag_P PM10 flag_PM10 PM10-PM2.5 flag_PM10-PM2.5 PM2.5 flag_PM2.5 K+ flag_K+ SO4-- flag_SO4--
[from data line 76]
228.333333 229.333333  122.96 0.000000  0.31 0.000000 9.999 0.259000 9.99 0.259000  0.016 0.559  1.181 0.000   2.126 0.000 999.99 0.259000000  16.670 0.000  12.098 0.000   4.443 0.000 0.078 0.000000 0.108 0.559
231.333333 232.333333   48.73 0.000000  0.21 0.000000 9.999 0.259000 9.99 0.259000  0.011 0.559  2.160 0.000   3.889 0.000 999.99 0.259000000   9.769 0.000   4.986 0.000   4.729 0.000 0.052 0.000000 0.120 0.559
234.333333 235.333333   40.15 0.000000  0.45 0.000000 9.999 0.259000 9.99 0.259000  0.024 0.559  1.476 0.000   2.656 0.000 999.99 0.259000000  10.067 0.000   6.150 0.000   3.971 0.000 0.068 0.000000 0.172 0.559
237.333333 238.333333   61.64 0.000000  0.28 0.000000 9.999 0.259000 9.99 0.259000  0.012 0.000  1.505 0.000   2.709 0.000 999.99 0.259000000  10.242 0.000   6.080 0.000   4.096 0.000 0.032 0.000000 0.088 0.000
240.333333 241.333333   62.58 0.000000  0.53 0.000000 9.999 0.259000 9.99 0.259000  0.024 0.559  0.761 0.000   1.369 0.000 999.99 0.259000000  15.767 0.000  12.686 0.000   2.946 0.000 0.037 0.000000 0.136 0.559
243.333333 244.333333 9999.99 0.999000 99.99 0.999000 9.999 0.999000 9.99 0.999000 99.999 0.999 99.999 0.999 999.999 0.999 999.99 0.999000000 999.999 0.999 999.999 0.999 999.999 0.999 9.999 0.999000 9.999 0.999
246.333333 247.333333 9999.99 0.999000 99.99 0.999000 9.999 0.999000 9.99 0.999000 99.999 0.999 99.999 0.999 999.999 0.999 999.99 0.999000000 999.999 0.999 999.999 0.999 999.999 0.999 9.999 0.999000 9.999 0.999
249.333333 250.333333 9999.99 0.999000 99.99 0.999000 9.999 0.999000 9.99 0.999000 99.999 0.999 99.999 0.999 999.999 0.999 999.99 0.999000000 999.999 0.999 999.999 0.999 999.999 0.999 9.999 0.999000 9.999 0.999
252.333333 253.333333   31.67 0.000000  0.39 0.000000 9.999 0.259000 9.99 0.259000  0.054 0.559  0.285 0.000   0.512 0.000 999.99 0.259000000   6.078 0.000   4.242 0.000   1.791 0.000 0.015 0.000000 0.120 0.559
255.333333 256.333333   22.49 0.000000  0.59 0.000000 9.999 0.259000 9.99 0.259000  0.011 0.559  0.712 0.000   1.281 0.000 999.99 0.259000000   4.509 0.000   2.554 0.000   1.962 0.000 0.011 0.000000 0.103 0.559
258.333333 259.333333   70.79 0.000000  0.70 0.000000 9.999 0.259000 0.06 0.000000  0.034 0.559  1.532 0.000   2.757 0.000 999.99 0.259000000  11.389 0.000   6.572 0.000   4.746 0.000 0.082 0.000000 0.186 0.559
261.333333 262.333333   48.12 0.000000  0.66 0.000000 9.999 0.259000 9.99 0.259000  0.013 0.559  0.712 0.000   1.281 0.000 999.99 0.259000000   5.772 0.000   3.338 0.000   2.399 0.000 0.023 0.000000 0.124 0.559
264.333333 265.333333 9999.99 0.999000 99.99 0.999000 9.999 0.999000 9.99 0.999000 99.999 0.999 99.999 0.999 999.999 0.999 999.99 0.999000000  10.669 0.000 999.999 0.999   3.392 0.000 9.999 0.999000 9.999 0.999
267.333333 268.333333 9999.99 0.999000 99.99 0.999000 9.999 0.999000 9.99 0.999000 99.999 0.999 99.999 0.999 999.999 0.999 999.99 0.999000000   6.522 0.000 999.999 0.999   3.204 0.000 9.999 0.999000 9.999 0.999
270.333333 271.333333 9999.99 0.999000 99.99 0.999000 9.999 0.999000 9.99 0.999000 99.999 0.999 99.999 0.999 999.999 0.999 999.99 0.999000000   9.278 0.000 999.999 0.999   2.745 0.000 9.999 0.999000 9.999 0.999
273.333333 274.333333 9999.99 0.999000 99.99 0.999000 9.999 0.999000 9.99 0.999000 99.999 0.999 99.999 0.999 999.999 0.999 999.99 0.999000000   2.698 0.000 999.999 0.999   1.313 0.000 9.999 0.999000 9.999 0.999
276.333333 277.333333 9999.99 0.999000 99.99 0.999000 9.999 0.999000 9.99 0.999000 99.999 0.999 99.999 0.999 999.999 0.999 999.99 0.999000000   1.762 0.000 999.999 0.999   1.219 0.000 9.999 0.999000 9.999 0.999
279.333333 280.333333 9999.99 0.999000 99.99 0.999000 9.999 0.999000 9.99 0.999000 99.999 0.999 99.999 0.999 999.999 0.999 999.99 0.999000000   9.196 0.000 999.999 0.999   6.117 0.000 9.999 0.999000 9.999 0.999
282.333333 283.333333 9999.99 0.999000 99.99 0.999000 9.999 0.999000 9.99 0.999000 99.999 0.999 99.999 0.999 999.999 0.999 999.99 0.999000000   3.066 0.000 999.999 0.999   2.477 0.000 9.999 0.999000 9.999 0.999
285.333333 286.333333   14.44 0.000000  0.70 0.000000 9.999 0.259000 9.99 0.259000  0.014 0.559  1.275 0.000   2.296 0.000 999.99 0.259000000   4.788 0.000   1.602 0.000   3.169 0.000 0.018 0.000000 0.152 0.559
288.333333 289.333333   13.05 0.000000  0.19 0.000000 9.999 0.259000 9.99 0.259000  0.009 0.559  0.713 0.000   1.284 0.000 999.99 0.259000000   3.524 0.000   1.774 0.000   1.731 0.000 0.013 0.000000 0.045 0.559
291.333333 292.333333   47.09 0.000000  0.59 0.000000 0.014 0.000000 9.99 0.259000  0.016 0.559  1.801 0.000   3.241 0.000 999.99 0.259000000   9.106 0.000   3.737 0.000   5.327 0.000 0.031 0.000000 0.168 0.559
294.333333 295.333333   23.40 0.000000  0.49 0.000000 9.999 0.259000 9.99 0.259000  0.006 0.559  1.691 0.000   3.044 0.000 999.99 0.259000000   5.631 0.000   1.770 0.000   3.840 0.000 0.021 0.000000 0.067 0.559
297.333333 298.333333   73.29 0.000000  0.56 0.000000 9.999 0.259000 9.99 0.259000  0.028 0.559  1.594 0.000   2.868 0.000 999.99 0.259000000  10.109 0.000   4.989 0.000   5.145 0.000 0.074 0.000000 0.139 0.559
300.333333 301.333333    6.71 0.000000  0.31 0.000000 0.004 0.000000 9.99 0.259000  0.014 0.559  1.454 0.000   2.616 0.000 999.99 0.259000000   3.598 0.000   0.758 0.000   2.831 0.000 0.017 0.000000 0.056 0.559
303.333333 304.333333    9.28 0.000000  0.51 0.000000 0.012 0.000000 9.99 0.259000  0.018 0.559  0.943 0.000   1.698 0.000 999.99 0.259000000   2.972 0.000   0.690 0.000   2.274 0.000 0.019 0.000000 0.117 0.559
306.333333 307.333333    4.55 0.000000  0.50 0.000000 0.008 0.000000 9.99 0.259000  0.024 0.000  1.711 0.000   3.080 0.000 999.99 0.259000000   3.952 0.000   0.416 0.000   3.530 0.000 0.044 0.000000 0.117 0.000
309.333333 310.333333    0.68 0.000000  0.23 0.000000 9.999 0.259000 9.99 0.259000  0.009 0.000  0.664 0.000   1.195 0.000 999.99 0.259000000   1.300 0.000   0.173 0.000   1.125 0.000 0.003 0.000000 0.012 0.000
312.333333 313.333333   15.79 0.000000  0.97 0.000000 9.999 0.259000 9.99 0.259000  0.065 0.559  5.134 0.000   9.241 0.000 999.99 0.259000000  10.044 0.000   0.966 0.000   9.065 0.000 0.037 0.000000 0.146 0.559
315.333333 316.333333    2.09 0.000000  0.27 0.000000 9.999 0.259000 9.99 0.259000  0.008 0.559  0.442 0.000   0.796 0.000 999.99 0.259000000   1.592 0.000   0.542 0.000   1.044 0.000 0.006 0.000000 0.028 0.559
318.333333 319.333333   17.77 0.000000  0.35 0.000000 9.999 0.259000 9.99 0.259000  0.008 0.559  0.878 0.000   1.581 0.000 999.99 0.259000000   4.185 0.000   2.065 0.000   2.133 0.000 0.023 0.000000 0.056 0.559
321.333333 322.333333   42.24 0.000000  0.77 0.000000 0.009 0.000000 9.99 0.259000  0.046 0.000  1.407 0.000   2.533 0.000 999.99 0.259000000   8.474 0.000   4.447 0.000   3.978 0.000 0.023 0.000000 0.085 0.000
324.333333 325.333333   25.66 0.000000  0.74 0.000000 9.999 0.259000 9.99 0.259000  0.144 0.000  1.616 0.000   2.908 0.000 999.99 0.259000000   7.907 0.000   3.553 0.000   4.314 0.000 0.041 0.000000 0.133 0.000
327.333333 328.333333    6.97 0.000000  0.66 0.000000 9.999 0.259000 9.99 0.259000  0.647 0.000  1.232 0.000   2.218 0.000 999.99 0.259000000   5.214 0.000   0.221 0.000   4.990 0.000 0.021 0.000000 0.148 0.000
330.333333 331.333333    1.90 0.000000  0.32 0.000000 0.022 0.000000 9.99 0.259000  0.024 0.000  0.229 0.000   0.413 0.000 999.99 0.259000000   1.264 0.000   0.241 0.000   1.020 0.000 0.007 0.000000 0.075 0.000
333.333333 334.333333   64.22 0.000000  0.21 0.000000 9.999 0.259000 9.99 0.259000  0.011 0.000  0.379 0.000   0.682 0.000 999.99 0.259000000   9.850 0.000   7.587 0.000   2.182 0.000 0.013 0.000000 0.045 0.000
336.333333 337.333333    1.73 0.000000  0.25 0.000000 9.999 0.259000 9.99 0.259000  0.010 0.000  0.092 0.000   0.166 0.000 999.99 0.259000000   0.846 0.000   0.235 0.000   0.608 0.000 0.004 0.000000 0.023 0.000
339.333333 340.333333   33.24 0.000000  0.74 0.000000 9.999 0.259000 9.99 0.259000  0.191 0.559  0.909 0.000   1.637 0.000 999.99 0.259000000   9.439 0.000   6.210 0.000   3.283 0.000 0.016 0.000000 0.101 0.559
342.333333 343.333333   14.92 0.000000  1.40 0.000000 9.999 0.259000 9.99 0.259000  0.478 0.000  1.327 0.000   2.389 0.000 999.99 0.259000000   6.048 0.000   1.007 0.000   5.029 0.000 0.030 0.000000 0.132 0.000
345.333333 346.333333   14.78 0.000000  1.13 0.000000 9.999 0.259000 9.99 0.259000  1.235 0.000  1.631 0.000   2.936 0.000  56.51 0.000000000  13.071 0.000   2.133 0.000  10.912 0.000 0.031 0.000000 0.337 0.000
348.333333 349.333333   37.61 0.000000  0.57 0.000000 9.999 0.259000 9.99 0.259000  0.735 0.000  1.013 0.000   1.824 0.000 999.99 0.259000000  12.389 0.000   5.028 0.000   7.306 0.000 0.025 0.000000 0.216 0.000
351.333333 352.333333    4.83 0.000000  1.24 0.000000 9.999 0.259000 9.99 0.259000  0.494 0.000  0.582 0.000   1.048 0.000 999.99 0.259000000   4.645 0.000   0.348 0.000   4.292 0.000 0.018 0.000000 0.166 0.000
354.333333 355.333333   19.37 0.000000  0.64 0.000000 9.999 0.259000 9.99 0.259000  0.234 0.000  0.805 0.000   1.449 0.000 999.99 0.259000000   4.462 0.000   1.820 0.000   2.621 0.000 0.009 0.000000 0.131 0.000
357.333333 358.333333    2.20 0.000000  0.26 0.000000 0.006 0.000000 9.99 0.259000  0.082 0.000  0.724 0.000   1.303 0.000 999.99 0.259000000   1.632 0.000   0.204 0.000   1.426 0.000 0.005 0.000000 0.051 0.000
360.333333 361.333333    1.94 0.000000  0.23 0.000000 9.999 0.259000 9.99 0.259000  0.026 0.000  0.318 0.000   0.573 0.000   5.61 0.000000000   0.515 0.000 999.999 0.259   0.616 0.000 0.003 0.000000 0.027 0.000
363.333333 364.333333    1.74 0.000000 99.99 0.259000 9.999 0.259000 9.99 0.259000  0.008 0.000  0.078 0.000   0.140 0.000 999.99 0.259000000 999.999 0.259 999.999 0.259 999.999 0.259 0.002 0.000000 0.004 0.000
