scripts/IMPROVE-2019_partial/data/US0064R.19940101080000.20191216000000.filterpack...1y.3d.US03L_filterpack_US0064.US03L_IMPROVE_Davis.lev2.nas
52 1001
MISSING INFORMATION
US03L, IMPROVE, , , , , , , 
MISSING INFORMATION
IMPROVE sel_HTAP
1 1
1994 01 01 2019 12 16
0
days from file reference point
5
1 1 1 1 1
999.999999 999.999 9.999 999.999 9.999
end_time of measurement, days from the file reference point
pm10_mass, ug/m3, Matrix=pm10
numflag pm10_mass, no unit, Matrix=pm10
pm25_mass, ug/m3, Matrix=pm25
numflag pm25_mass, no unit, Matrix=pm25
0
33
Data definition:              EBAS_1.1
Set type code:                TI
Timezone:                     UTC
File name:                    US0064R.19940101080000.20191216000000.filterpack...1y.3d.US03L_filterpack_US0064.US03L_IMPROVE_Davis.lev2.nas
File creation:                20191218115935
Startdate:                    19940101080000
Revision date:                20191216000000
Version:                      2
Version description:          "Data extracted from http://views.cira.colostate.edu/fed/DataWizard 2019-12-16"
Statistics:                   arithmetic mean
Data level:                   2
Period code:                  1y
Resolution code:              3d
Sample duration:              1d
Orig. time res.:              3d
Station code:                 US0064R
Platform code:                US0064S
Station name:                 Jarbidge Wilderness
Station latitude:             41.8926
Station longitude:            -115.4261
Station altitude:             1869.0 m
Regime:                       IMG
Component:                    
Unit:                         ug/m3
Matrix:                       
Laboratory code:              US03L
Instrument type:              filterpack
Instrument name:              filterpack_US0064
Method ref:                   US03L_IMPROVE_Davis
Blank correction:             Blank corrected
Volume std. temperature:      ambient
Volume std. pressure:         ambient
starttime endtime PM10 flag_PM10 PM2.5 flag_PM2.5
  0.333333   1.333333   3.294 0.000   0.779 0.000
  4.333333   5.333333   0.847 0.000   0.383 0.000
  7.333333   8.333333 999.999 0.999   2.444 0.000
 11.333333  12.333333   3.400 0.000   0.654 0.000
 14.333333  15.333333   3.143 0.000   1.215 0.000
 18.333333  19.333333   2.317 0.000   1.013 0.000
 21.333333  22.333333   1.777 0.000   0.701 0.000
 25.333333  26.333333   1.915 0.000   0.935 0.000
 28.333333  29.333333   3.787 0.000   1.419 0.000
 32.333333  33.333333   3.034 0.000   1.133 0.000
 35.333333  36.333333   2.707 0.000   1.942 0.000
 39.333333  40.333333   1.613 0.000   1.051 0.000
 42.333333  43.333333   3.387 0.000   1.635 0.000
 46.333333  47.333333   6.218 0.000 999.999 0.999
 49.333333  50.333333   2.273 0.000   1.895 0.000
 53.333333  54.333333   3.333 0.000   1.500 0.000
 56.333333  57.333333   5.513 0.000   1.864 0.000
 60.333333  61.333333   3.711 0.000   1.925 0.000
 63.333333  64.333333   2.617 0.000   1.522 0.000
 67.333333  68.333333   2.846 0.000 999.999 0.999
 70.333333  71.333333   4.071 0.000   1.724 0.000
 74.333333  75.333333  13.110 0.000   2.893 0.000
 77.333333  78.333333   5.236 0.000   2.547 0.000
 81.333333  82.333333   4.627 0.000   2.156 0.000
 84.333333  85.333333  10.319 0.000   3.789 0.000
 88.333333  89.333333   6.200 0.000   2.312 0.000
 91.333333  92.333333   6.681 0.000   2.753 0.000
 95.333333  96.333333   5.950 0.000 999.999 0.999
 98.333333  99.333333   4.906 0.000   1.590 0.000
102.333333 103.333333  13.333 0.000   6.192 0.000
105.333333 106.333333  14.071 0.000   4.037 0.000
109.333333 110.333333   9.725 0.000   4.633 0.000
112.333333 113.333333   6.301 0.000   3.829 0.000
116.333333 117.333333   2.654 0.000   2.329 0.000
119.333333 120.333333   6.471 0.000   2.702 0.000
123.333333 124.333333   8.308 0.000   3.166 0.000
126.333333 127.333333 999.999 0.999 999.999 0.999
130.333333 131.333333  13.438 0.000   6.950 0.000
133.333333 134.333333  10.278 0.000   6.349 0.000
137.333333 138.333333   4.120 0.000   2.043 0.000
140.333333 141.333333  12.403 0.000   1.748 0.000
144.333333 145.333333   9.412 0.000   5.061 0.000
147.333333 148.333333   9.251 0.000   4.787 0.000
151.333333 152.333333  11.712 0.000   3.449 0.000
154.333333 155.333333  13.135 0.000   4.620 0.000
158.333333 159.333333   6.870 0.000   1.318 0.000
161.333333 162.333333  10.464 0.000   4.309 0.000
165.333333 166.333333   8.479 0.000   3.282 0.000
168.333333 169.333333  16.047 0.000   4.591 0.000
172.333333 173.333333  14.796 0.000   5.244 0.000
175.333333 176.333333  13.829 0.000   4.543 0.000
179.333333 180.333333  12.451 0.000   3.949 0.000
182.333333 183.333333  24.786 0.000   9.427 0.000
186.333333 187.333333  13.168 0.000   5.469 0.000
189.333333 190.333333  14.729 0.000   5.469 0.000
193.333333 194.333333  13.857 0.000   6.231 0.000
196.333333 197.333333  17.200 0.000   6.369 0.000
200.333333 201.333333  29.786 0.000   7.485 0.000
203.333333 204.333333  19.058 0.000   8.242 0.000
207.333333 208.333333  11.287 0.000   6.019 0.000
210.333333 211.333333  19.559 0.000   9.198 0.000
214.333333 215.333333 999.999 0.999 999.999 0.999
217.333333 218.333333 999.999 0.999 999.999 0.999
221.333333 222.333333 999.999 0.999 999.999 0.999
224.333333 225.333333 999.999 0.999 999.999 0.999
228.333333 229.333333  20.145 0.000   9.969 0.000
231.333333 232.333333  21.667 0.000  12.930 0.000
235.333333 236.333333  14.071 0.000   7.323 0.000
238.333333 239.333333  12.582 0.000   6.269 0.000
242.333333 243.333333  23.477 0.000  17.756 0.000
245.333333 246.333333  18.423 0.000   6.314 0.000
249.333333 250.333333  10.534 0.000   4.038 0.000
252.333333 253.333333  20.909 0.000   4.890 0.000
256.333333 257.333333  12.213 0.000   4.936 0.000
259.333333 260.333333  10.167 0.000   4.071 0.000
263.333333 264.333333  24.059 0.000  11.048 0.000
266.333333 267.333333  14.397 0.000   6.794 0.000
270.333333 271.333333  17.049 0.000   5.745 0.000
273.333333 274.333333  20.277 0.000  11.969 0.000
277.333333 278.333333 999.999 0.999 999.999 0.999
280.333333 281.333333   5.409 0.000   2.570 0.000
284.333333 285.333333   7.108 0.000   3.165 0.000
287.333333 288.333333   2.651 0.000   1.487 0.000
291.333333 292.333333  14.722 0.000   2.264 0.000
294.333333 295.333333   6.459 0.000 999.999 0.999
298.333333 299.333333   6.025 0.000   2.332 0.000
301.333333 302.333333   3.893 0.000   2.204 0.000
305.333333 306.333333   3.304 0.000   1.836 0.000
308.333333 309.333333   4.217 0.000   0.623 0.000
312.333333 313.333333   9.220 0.000   1.782 0.000
315.333333 316.333333   1.972 0.000   0.984 0.000
319.333333 320.333333   4.886 0.000   1.196 0.000
322.333333 323.333333   2.466 0.000   1.628 0.000
326.333333 327.333333   1.322 0.000   0.719 0.000
329.333333 330.333333   1.278 0.000 999.999 0.259
333.333333 334.333333   1.624 0.000   0.327 0.000
336.333333 337.333333   1.068 0.000 999.999 0.999
340.333333 341.333333   6.816 0.000   0.888 0.000
343.333333 344.333333   3.004 0.000   0.757 0.000
347.333333 348.333333   8.943 0.000   0.809 0.000
350.333333 351.333333   6.035 0.000   0.322 0.000
354.333333 355.333333   6.737 0.000   1.097 0.000
357.333333 358.333333   2.754 0.000   2.692 0.000
361.333333 362.333333  11.485 0.000   9.544 0.000
364.333333 365.333333   2.017 0.000   1.036 0.000
