scripts/IMPROVE-2019_partial/data/US0063R.20070103070000.20191216000000.filterpack...1y.3d.US03L_filterpack_US0063.US03L_IMPROVE_Davis.lev2.nas
51 1001
MISSING INFORMATION
US03L, IMPROVE, , , , , , , 
MISSING INFORMATION
IMPROVE sel_HTAP
1 1
2007 01 01 2019 12 16
3.000000
days from file reference point
4
1 1 1 1
999.999999 999.999 999.999 9.999
end_time of measurement, days from the file reference point
pm10_mass, ug/m3, Matrix=pm10
pm25_mass, ug/m3, Matrix=pm25
numflag, no unit
0
33
Data definition:              EBAS_1.1
Set type code:                TU
Timezone:                     UTC
File name:                    US0063R.20070103070000.20191216000000.filterpack...1y.3d.US03L_filterpack_US0063.US03L_IMPROVE_Davis.lev2.nas
File creation:                20191218115931
Startdate:                    20070103070000
Revision date:                20191216000000
Version:                      2
Version description:          "Data extracted from http://views.cira.colostate.edu/fed/DataWizard 2019-12-16"
Statistics:                   arithmetic mean
Data level:                   2
Period code:                  1y
Resolution code:              3d
Sample duration:              1d
Orig. time res.:              3d
Station code:                 US0063R
Platform code:                US0063S
Station name:                 Bosque del Apache
Station latitude:             33.8695
Station longitude:            -106.852
Station altitude:             1389.0 m
Regime:                       IMG
Component:                    
Unit:                         ug/m3
Matrix:                       
Laboratory code:              US03L
Instrument type:              filterpack
Instrument name:              filterpack_US0063
Method ref:                   US03L_IMPROVE_Davis
Blank correction:             Blank corrected
Volume std. temperature:      ambient
Volume std. pressure:         ambient
starttime endtime PM10 PM2.5 flag
  2.291667   3.291667  23.699  22.565 0.000
  5.291667   6.291667   1.033 999.999 0.000
  8.291667   9.291667   5.746   3.913 0.000
 11.291667  12.291667   9.208   2.691 0.000
 14.291667  15.291667   5.996 999.999 0.000
 17.291667  18.291667  11.753   6.519 0.000
 20.291667  21.291667   2.392 999.999 0.000
 23.291667  24.291667 999.999 999.999 0.999
 26.291667  27.291667 999.999 999.999 0.999
 29.291667  30.291667 999.999 999.999 0.999
 32.291667  33.291667   2.914   1.607 0.000
 35.291667  36.291667   5.453   2.125 0.000
 38.291667  39.291667   5.776   2.049 0.000
 41.291667  42.291667   7.185   2.752 0.000
 44.291667  45.291667   2.639   1.814 0.000
 47.291667  48.291667   2.527   0.827 0.000
 50.291667  51.291667   2.068   1.094 0.000
 53.291667  54.291667 999.999 999.999 0.999
 56.291667  57.291667 999.999 999.999 0.999
 59.291667  60.291667   2.729   0.746 0.000
 62.291667  63.291667   4.534   1.970 0.000
 65.291667  66.291667 999.999 999.999 0.999
 68.291667  69.291667 999.999 999.999 0.999
 71.291667  72.291667 999.999 999.999 0.999
 74.291667  75.291667 999.999 999.999 0.999
 77.291667  78.291667   8.121   2.583 0.000
 80.291667  81.291667   3.733   1.331 0.000
 83.291667  84.291667   2.986   1.592 0.000
 86.291667  87.291667 999.999 999.999 0.999
 89.291667  90.291667   2.390   1.272 0.000
 92.291667  93.291667   6.681   2.304 0.000
 95.291667  96.291667  19.773   6.151 0.000
 98.291667  99.291667  13.092   3.788 0.000
101.291667 102.291667  10.826   3.920 0.000
104.291667 105.291667  11.212   4.616 0.000
107.291667 108.291667   9.387   4.195 0.000
110.291667 111.291667  10.605   3.904 0.000
113.291667 114.291667   4.093   1.521 0.000
116.291667 117.291667   9.365   3.707 0.000
119.291667 120.291667   5.508   3.194 0.000
122.291667 123.291667   9.649   4.247 0.000
125.291667 126.291667   5.972   2.552 0.000
128.291667 129.291667   4.443   2.269 0.000
131.291667 132.291667   7.079   3.138 0.000
134.291667 135.291667   7.991   3.226 0.000
137.291667 138.291667   4.325   2.370 0.000
140.291667 141.291667   9.610   4.909 0.000
143.291667 144.291667   6.786   2.972 0.000
146.291667 147.291667   7.369   3.683 0.000
149.291667 150.291667 999.999 999.999 0.999
152.291667 153.291667  12.895   4.402 0.000
155.291667 156.291667   9.410   4.185 0.000
158.291667 159.291667  20.643   5.961 0.000
161.291667 162.291667 999.999 999.999 0.999
164.291667 165.291667 999.999 999.999 0.999
167.291667 168.291667   2.160   3.874 0.000
170.291667 171.291667  13.755   4.836 0.000
173.291667 174.291667  11.488 999.999 0.000
176.291667 177.291667  16.011 999.999 0.000
179.291667 180.291667   8.518 999.999 0.000
182.291667 183.291667  13.683 999.999 0.000
185.291667 186.291667   8.508   3.943 0.000
188.291667 189.291667   9.690 999.999 0.000
191.291667 192.291667   9.021 999.999 0.000
194.291667 195.291667   6.900   3.852 0.000
197.291667 198.291667   7.704   4.297 0.000
200.291667 201.291667   7.878   4.027 0.000
203.291667 204.291667   4.933   2.734 0.000
206.291667 207.291667   8.754   4.169 0.000
209.291667 210.291667   7.022   3.368 0.000
212.291667 213.291667   5.350   2.351 0.000
215.291667 216.291667   4.114   1.928 0.000
218.291667 219.291667   4.132   2.053 0.000
221.291667 222.291667   4.824   1.827 0.000
224.291667 225.291667   7.667   4.091 0.000
227.291667 228.291667  16.138   9.793 0.000
230.291667 231.291667  12.045   7.199 0.000
233.291667 234.291667  21.452   5.979 0.000
236.291667 237.291667   8.293   2.993 0.000
239.291667 240.291667   7.328   3.164 0.000
242.291667 243.291667 999.999 999.999 0.999
245.291667 246.291667   8.329   5.215 0.000
248.291667 249.291667   4.692   2.180 0.000
251.291667 252.291667   7.166   3.704 0.000
254.291667 255.291667   5.106   2.299 0.000
257.291667 258.291667   9.328   4.646 0.000
260.291667 261.291667   7.943   3.357 0.000
263.291667 264.291667   4.547   1.969 0.000
266.291667 267.291667   3.955   2.161 0.000
269.291667 270.291667 999.999 999.999 0.999
272.291667 273.291667  10.783   3.764 0.000
275.291667 276.291667   6.954   3.193 0.000
278.291667 279.291667   8.603   2.978 0.000
281.291667 282.291667   9.931   3.013 0.000
284.291667 285.291667   8.597   2.921 0.000
287.291667 288.291667   6.189   2.466 0.000
290.291667 291.291667   8.804   2.470 0.000
293.291667 294.291667  13.656   2.134 0.000
296.291667 297.291667   8.672   2.394 0.000
299.291667 300.291667   6.910   3.726 0.000
302.291667 303.291667   8.335   3.566 0.000
305.291667 306.291667  24.835   7.758 0.000
308.291667 309.291667  15.911   4.603 0.000
311.291667 312.291667  18.858   7.023 0.000
314.291667 315.291667   9.575   3.851 0.000
317.291667 318.291667 999.999 999.999 0.999
320.291667 321.291667  14.402   4.590 0.000
323.291667 324.291667   6.491   2.199 0.000
326.291667 327.291667   8.839   4.823 0.000
329.291667 330.291667   8.045   4.220 0.000
332.291667 333.291667   6.885   2.444 0.000
335.291667 336.291667   4.637   2.566 0.000
338.291667 339.291667   6.134   2.853 0.000
341.291667 342.291667   5.927   2.230 0.000
344.291667 345.291667   1.325   1.103 0.000
347.291667 348.291667   4.587   3.825 0.000
350.291667 351.291667   4.811   3.457 0.000
353.291667 354.291667   3.070   1.997 0.000
356.291667 357.291667   4.477   2.693 0.000
359.291667 360.291667 999.999 999.999 0.999
362.291667 363.291667 999.999 999.999 0.999
