scripts/IMPROVE-2019_partial/data/US0073R.19930102050000.20191216000000.filterpack...1y.3d.US03L_filterpack_US0073_GRSM1.US03L_IMPROVE_Davis.lev2.nas
51 1001
MISSING INFORMATION
US03L, IMPROVE, , , , , , , 
MISSING INFORMATION
IMPROVE sel_HTAP
1 1
1993 01 01 2019 12 16
0
days from file reference point
4
1 1 1 1
999.999999 999.999 999.999 9.999
end_time of measurement, days from the file reference point
pm10_mass, ug/m3, Matrix=pm10
pm25_mass, ug/m3, Matrix=pm25
numflag, no unit
0
33
Data definition:              EBAS_1.1
Set type code:                TI
Timezone:                     UTC
File name:                    US0073R.19930102050000.20191216000000.filterpack...1y.3d.US03L_filterpack_US0073_GRSM1.US03L_IMPROVE_Davis.lev2.nas
File creation:                20191218120025
Startdate:                    19930102050000
Revision date:                20191216000000
Version:                      2
Version description:          "Data extracted from http://views.cira.colostate.edu/fed/DataWizard 2019-12-16"
Statistics:                   arithmetic mean
Data level:                   2
Period code:                  1y
Resolution code:              3d
Sample duration:              1d
Orig. time res.:              3d
Station code:                 US0073R
Platform code:                US0073S
Station name:                 Great Smoky Mountains NP
Station latitude:             35.6334
Station longitude:            -83.9416
Station altitude:             810.0 m
Regime:                       IMG
Component:                    
Unit:                         ug/m3
Matrix:                       
Laboratory code:              US03L
Instrument type:              filterpack
Instrument name:              filterpack_US0073_GRSM1
Method ref:                   US03L_IMPROVE_Davis
Blank correction:             Blank corrected
Volume std. temperature:      ambient
Volume std. pressure:         ambient
starttime endtime PM10 PM2.5 flag
  1.208333   2.208333   8.633   5.574 0.000
  5.208333   6.208333   8.069   6.561 0.000
  8.208333   9.208333   6.443   3.722 0.000
 12.208333  13.208333   7.218   4.140 0.000
 15.208333  16.208333  12.669   9.551 0.000
 19.208333  20.208333  11.600   8.833 0.000
 22.208333  23.208333   9.586   4.169 0.000
 26.208333  27.208333  13.358   6.242 0.000
 29.208333  30.208333  14.407   7.525 0.000
 33.208333  34.208333  12.910   9.091 0.000
 36.208333  37.208333  20.667  15.000 0.000
 40.208333  41.208333  17.428  10.684 0.000
 43.208333  44.208333   7.986   6.058 0.000
 47.208333  48.208333  22.243  17.764 0.000
 50.208333  51.208333  18.577   9.771 0.000
 54.208333  55.208333  13.494   5.163 0.000
 57.208333  58.208333  28.327  20.032 0.000
 61.208333  62.208333   6.740   4.827 0.000
 64.208333  65.208333  16.579  11.516 0.000
 68.208333  69.208333 999.999 999.999 0.999
 71.208333  72.208333  16.067   8.241 0.000
 75.208333  76.208333 999.999 999.999 0.999
 78.208333  79.208333 999.999 999.999 0.999
 82.208333  83.208333  10.840   8.471 0.000
 85.208333  86.208333   6.948   4.650 0.000
 89.208333  90.208333 999.999 999.999 0.999
 92.208333  93.208333  17.925  11.959 0.000
 96.208333  97.208333  14.036   8.971 0.000
 99.208333 100.208333  11.750   6.879 0.000
103.208333 104.208333  19.273  12.424 0.000
106.208333 107.208333   7.992   4.853 0.000
110.208333 111.208333   9.362   3.188 0.000
113.208333 114.208333  13.091   8.597 0.000
117.208333 118.208333  12.915   7.754 0.000
120.208333 121.208333  22.941  13.174 0.000
124.208333 125.208333  14.646  11.304 0.000
127.208333 128.208333  25.352  21.294 0.000
131.208333 132.208333  28.110  21.376 0.000
134.208333 135.208333  25.986  17.240 0.000
138.208333 139.208333  13.605  10.118 0.000
141.208333 142.208333  15.753  10.743 0.000
145.208333 146.208333  18.785  10.698 0.000
148.208333 149.208333  33.675  25.523 0.000
152.208333 153.208333  19.761  14.261 0.000
155.208333 156.208333  24.190  16.345 0.000
159.208333 160.208333  24.126  17.345 0.000
162.208333 163.208333  29.559  22.625 0.000
166.208333 167.208333  20.532  16.941 0.000
169.208333 170.208333  29.857  25.539 0.000
173.208333 174.208333  27.627  23.509 0.000
176.208333 177.208333  23.511  18.246 0.000
180.208333 181.208333  47.910  19.188 0.000
183.208333 184.208333 999.999  26.727 0.000
187.208333 188.208333  49.314  27.191 0.000
190.208333 191.208333  35.370  25.757 0.000
194.208333 195.208333  20.427  17.404 0.000
197.208333 198.208333  38.898  26.853 0.000
201.208333 202.208333  25.190  20.206 0.000
204.208333 205.208333  34.504  28.432 0.000
208.208333 209.208333  45.833  35.778 0.000
211.208333 212.208333  36.416   8.820 0.000
215.208333 216.208333  15.815  12.733 0.000
218.208333 219.208333  19.011  12.773 0.000
222.208333 223.208333  28.924  27.389 0.000
225.208333 226.208333  19.807  18.437 0.000
229.208333 230.208333  25.040  23.215 0.000
232.208333 233.208333  24.480  19.735 0.000
236.208333 237.208333  33.827  31.573 0.000
239.208333 240.208333  32.594  29.614 0.000
243.208333 244.208333  41.388  37.895 0.000
246.208333 247.208333  11.569   8.534 0.000
250.208333 251.208333  31.352  24.985 0.000
253.208333 254.208333  12.191   5.162 0.000
257.208333 258.208333  18.687  14.631 0.000
260.208333 261.208333  16.780  13.038 0.000
264.208333 265.208333  15.243  11.114 0.000
267.208333 268.208333  28.479  23.422 0.000
271.208333 272.208333   8.944   4.395 0.000
274.208333 275.208333  17.379  12.124 0.000
278.208333 279.208333  21.953  14.481 0.000
281.208333 282.208333  19.764  15.905 0.000
285.208333 286.208333  14.075  11.298 0.000
288.208333 289.208333  10.508   8.230 0.000
292.208333 293.208333  17.238  14.307 0.000
295.208333 296.208333   8.905   5.498 0.000
299.208333 300.208333  19.539  14.909 0.000
302.208333 303.208333   7.912   2.356 0.000
306.208333 307.208333  10.484   8.876 0.000
309.208333 310.208333  15.925  10.152 0.000
313.208333 314.208333  18.057  14.954 0.000
316.208333 317.208333  12.650   8.584 0.000
320.208333 321.208333  10.240   7.418 0.000
323.208333 324.208333   6.726   4.451 0.000
327.208333 328.208333  17.936  13.607 0.000
330.208333 331.208333   5.901   1.040 0.000
334.208333 335.208333  16.130  13.639 0.000
337.208333 338.208333   4.589   3.519 0.000
341.208333 342.208333  11.957   9.216 0.000
344.208333 345.208333   8.309   5.945 0.000
348.208333 349.208333   4.982   3.082 0.000
351.208333 352.208333  12.832  10.247 0.000
355.208333 356.208333   4.401   3.515 0.000
358.208333 359.208333   6.560   4.337 0.000
362.208333 363.208333   9.600   4.401 0.000
