scripts/IMPROVE-2019_partial/data/US0026R.20050101080000.20191216000000.filterpack..pm25.52w.1w.US03L_filterpack_US0026.US03L_IMPROVE_Davis.lev2.nas
64 1001
MISSING INFORMATION
US03L, IMPROVE, , , , , , , 
MISSING INFORMATION
IMPROVE sel_HTAP
1 1
2005 01 01 2019 12 16
3.000000
days from file reference point
25
1 1 1 1 1 1 1 1 1 1 1 1 1 1 1 1 1 1 1 1 1 1 1 1 1
999.999999 9999.99 9.999 99.99 9.999 9.999 9.999999 9.99 9.999 9.999 9.999 99.999 9.999 99.999 9.999 999.999 9.999 999.999 9.999 999.999 9.999 9.999 9.999 9.999 9.999
end_time of measurement, days from the file reference point
iron, ng/m3, Revision date=20181210133000
numflag iron, no unit, Revision date=20181210133000
lead, ng/m3, Revision date=20181210133000
numflag lead, no unit, Revision date=20181210133000
magnesium, ug/m3, Revision date=20181210133000
numflag magnesium, no unit, Revision date=20181210133000
nickel, ng/m3, Revision date=20181210133000
numflag nickel, no unit, Revision date=20181210133000
nitrate, ug N/m3, Revision date=20181210133000
numflag nitrate, no unit, Revision date=20181210133000
organic_carbon, ug C/m3, Revision date=20181210133000
numflag organic_carbon, no unit, Revision date=20181210133000
organic_mass, ug/m3, Revision date=20181210133000
numflag organic_mass, no unit, Revision date=20181210133000
pm10_mass, ug/m3, Version=2, Version description=Data extracted from http://views.cira.colostate.edu/fed/DataWizard 2019-12-16, Sample duration=1d, Orig. time res.=3d, Matrix=pm10, Blank correction=Blank corrected, Volume std. temperature=ambient, Volume std. pressure=ambient
numflag pm10_mass, no unit, Version=2, Version description=Data extracted from http://views.cira.colostate.edu/fed/DataWizard 2019-12-16, Sample duration=1d, Orig. time res.=3d, Matrix=pm10, Blank correction=Blank corrected, Volume std. temperature=ambient, Volume std. pressure=ambient
pm10_pm25_mass, ug/m3, Revision date=20181210133000, Matrix=pm10_pm25
numflag pm10_pm25_mass, no unit, Revision date=20181210133000, Matrix=pm10_pm25
pm25_mass, ug/m3, Version=2, Version description=Data extracted from http://views.cira.colostate.edu/fed/DataWizard 2019-12-16, Sample duration=1d, Orig. time res.=3d, Blank correction=Blank corrected, Volume std. temperature=ambient, Volume std. pressure=ambient
numflag pm25_mass, no unit, Version=2, Version description=Data extracted from http://views.cira.colostate.edu/fed/DataWizard 2019-12-16, Sample duration=1d, Orig. time res.=3d, Blank correction=Blank corrected, Volume std. temperature=ambient, Volume std. pressure=ambient
potassium, ug/m3, Revision date=20181210133000
numflag potassium, no unit, Revision date=20181210133000
sulphate_total, ug S/m3, Revision date=20181210133000
numflag sulphate_total, no unit, Revision date=20181210133000
0
25
Data definition:              EBAS_1.1
Set type code:                TU
Timezone:                     UTC
File name:                    US0026R.20050101080000.20191216000000.filterpack..pm25.52w.1w.US03L_filterpack_US0026.US03L_IMPROVE_Davis.lev2.nas
File creation:                20191218115711
Startdate:                    20050101080000
Revision date:                20191216000000
Statistics:                   arithmetic mean
Data level:                   2
Period code:                  52w
Resolution code:              1w
Station code:                 US0026R
Platform code:                US0026S
Station name:                 Lava Beds NM
Station latitude:             41.7117
Station longitude:            -121.5068
Station altitude:             1459.0 m
Regime:                       IMG
Component:                    
Matrix:                       pm25
Laboratory code:              US03L
Instrument type:              filterpack
Instrument name:              filterpack_US0026
Method ref:                   US03L_IMPROVE_Davis
starttime endtime Fe flag_Fe Pb flag_Pb Mg++ flag_Mg++ Ni flag_Ni NO3- flag_NO3- OC flag_OC OM flag_OM PM10 flag_PM10 PM10-PM2.5 flag_PM10-PM2.5 PM2.5 flag_PM2.5 K+ flag_K+ SO4-- flag_SO4--
  0.333333   1.333333    0.36 0.000 99.99 0.259 9.999 0.259000 0.27 0.000 0.003 0.000 99.999 0.259 99.999 0.259   0.205 0.000   0.205 0.000 999.999 0.259 0.001 0.000 0.009 0.000
  3.333333   4.333333    2.36 0.000  0.38 0.000 0.007 0.000000 9.99 0.259 0.106 0.000  0.395 0.000  0.712 0.000   1.276 0.000   0.007 0.000   1.269 0.000 0.008 0.000 0.144 0.000
  6.333333   7.333333    2.39 0.000  0.35 0.000 9.999 0.259000 9.99 0.259 0.023 0.000  0.170 0.000  0.306 0.000   1.060 0.000   0.522 0.000   0.539 0.000 0.005 0.000 0.050 0.000
  9.333333  10.333333    0.89 0.000  0.20 0.000 9.999 0.259000 0.16 0.000 0.012 0.000  0.263 0.000  0.473 0.000   0.652 0.000   0.144 0.000   0.509 0.000 0.003 0.000 0.030 0.000
 12.333333  13.333333    6.02 0.000  1.01 0.000 9.999 0.259000 9.99 0.259 0.030 0.000  0.645 0.000  1.162 0.000   1.814 0.000   0.438 0.000   1.376 0.000 0.011 0.000 0.039 0.000
 15.333333  16.333333   16.34 0.000  0.66 0.000 9.999 0.259000 9.99 0.259 0.041 0.000  0.595 0.000  1.070 0.000   2.130 0.000   0.564 0.000   1.566 0.000 0.019 0.000 0.054 0.000
 18.333333  19.333333    4.59 0.000  0.43 0.000 9.999 0.259000 9.99 0.259 0.013 0.000  0.666 0.000  1.199 0.000   1.877 0.000   0.266 0.000   1.610 0.000 0.012 0.000 0.055 0.000
 21.333333  22.333333    5.94 0.000  0.46 0.000 9.999 0.259000 9.99 0.259 0.036 0.000  0.842 0.000  1.515 0.000   2.161 0.000   0.305 0.000   1.856 0.000 0.013 0.000 0.053 0.000
 24.333333  25.333333    7.25 0.000  0.85 0.000 9.999 0.259000 9.99 0.259 0.015 0.000  0.516 0.000  0.929 0.000   2.522 0.000   0.437 0.000   2.089 0.000 0.014 0.000 0.204 0.000
 27.333333  28.333333    0.41 0.000  0.22 0.000 9.999 0.259000 9.99 0.259 0.007 0.000  0.109 0.000  0.196 0.000   0.370 0.000   0.190 0.000   0.180 0.000 0.002 0.000 0.015 0.000
 30.333333  31.333333    6.19 0.000  0.81 0.000 9.999 0.259000 9.99 0.259 0.029 0.000  0.477 0.000  0.860 0.000   1.430 0.000   0.216 0.000   1.214 0.000 0.010 0.000 0.034 0.000
 33.333333  34.333333   13.13 0.000  0.70 0.000 0.019 0.000000 9.99 0.259 0.006 0.000  0.281 0.000  0.505 0.000   2.158 0.000   0.845 0.000   1.312 0.000 0.012 0.000 0.071 0.000
 36.333333  37.333333    2.90 0.000  0.39 0.000 9.999 0.259000 9.99 0.259 0.012 0.000  0.109 0.000  0.195 0.000   0.944 0.000   0.189 0.000   0.754 0.000 0.006 0.000 0.025 0.000
 39.333333  40.333333    7.13 0.000  0.41 0.000 9.999 0.259000 0.22 0.000 0.055 0.000  0.327 0.000  0.589 0.000   1.675 0.000   0.393 0.000   1.281 0.000 0.006 0.000 0.074 0.000
 42.333333  43.333333   13.59 0.000  0.58 0.000 9.999 0.259000 0.19 0.000 0.055 0.000  0.689 0.000  1.240 0.000   3.014 0.000   0.621 0.000   2.393 0.000 0.014 0.000 0.143 0.000
 45.333333  46.333333   13.54 0.000  0.50 0.000 9.999 0.259000 9.99 0.259 0.023 0.000  0.496 0.000  0.893 0.000   2.024 0.000   0.303 0.000   1.724 0.000 0.013 0.000 0.096 0.000
 48.333333  49.333333   13.07 0.000  0.42 0.000 9.999 0.259000 9.99 0.259 0.010 0.000  0.167 0.000  0.301 0.000   1.547 0.000   0.224 0.000   1.323 0.000 0.007 0.000 0.106 0.000
 51.333333  52.333333    3.64 0.000  0.19 0.000 9.999 0.259000 9.99 0.259 0.009 0.000  0.196 0.000  0.353 0.000   0.993 0.000   0.265 0.000   0.731 0.000 0.005 0.000 0.041 0.000
 54.333333  55.333333    7.23 0.000  0.45 0.000 9.999 0.259000 9.99 0.259 0.010 0.000  0.412 0.000  0.742 0.000   1.752 0.000   0.469 0.000   1.282 0.000 0.006 0.000 0.117 0.000
 57.333333  58.333333    7.32 0.000  0.79 0.000 9.999 0.259000 9.99 0.259 0.088 0.000  0.475 0.000  0.856 0.000   2.417 0.000   0.428 0.000   1.988 0.000 0.011 0.000 0.154 0.000
 60.333333  61.333333    0.64 0.000  0.33 0.000 9.999 0.259000 9.99 0.259 0.003 0.000  0.129 0.000  0.232 0.000   0.409 0.000   0.021 0.000   0.388 0.000 0.002 0.000 0.013 0.000
 63.333333  64.333333   10.98 0.000  0.62 0.000 9.999 0.259000 9.99 0.259 0.021 0.000  0.693 0.000  1.248 0.000   2.885 0.000   1.038 0.000   1.847 0.000 0.022 0.000 0.070 0.000
 66.333333  67.333333   26.04 0.000  1.02 0.000 9.999 0.259000 9.99 0.259 0.013 0.000  0.740 0.000  1.331 0.000   3.729 0.000   1.329 0.000   2.427 0.000 0.028 0.000 0.108 0.000
 69.333333  70.333333   31.84 0.000  0.68 0.000 9.999 0.259000 9.99 0.259 0.014 0.000  0.707 0.000  1.273 0.000   5.164 0.000   2.608 0.000   2.555 0.000 0.034 0.000 0.114 0.000
 72.333333  73.333333   85.53 0.000  1.80 0.000 9.999 0.259000 9.99 0.259 0.037 0.000  0.689 0.000  1.240 0.000   7.407 0.000   3.482 0.000   3.923 0.000 0.071 0.000 0.209 0.000
 75.333333  76.333333   70.42 0.000  1.80 0.000 9.999 0.259000 9.99 0.259 0.172 0.000  1.096 0.000  1.973 0.000   9.378 0.000   4.227 0.000   5.150 0.000 0.058 0.000 0.356 0.000
 78.333333  79.333333    1.31 0.000  0.32 0.000 9.999 0.259000 9.99 0.259 0.005 0.000  0.033 0.000  0.059 0.000   0.204 0.000   0.144 0.000   0.060 0.000 0.002 0.000 0.009 0.000
 81.333333  82.333333    5.49 0.000  0.45 0.000 0.010 0.000000 9.99 0.259 0.014 0.000  0.294 0.000  0.530 0.000   1.270 0.000   0.454 0.000   0.816 0.000 0.008 0.000 0.083 0.000
 84.333333  85.333333    9.20 0.000  0.52 0.000 9.999 0.259000 9.99 0.259 0.021 0.000  0.415 0.000  0.748 0.000   1.548 0.000   0.381 0.000   1.168 0.000 0.011 0.000 0.103 0.000
 87.333333  88.333333    1.50 0.000  0.23 0.000 9.999 0.259000 9.99 0.259 0.006 0.000  0.171 0.000  0.307 0.000   1.363 0.000   0.706 0.000   0.665 0.000 0.006 0.000 0.074 0.000
 90.333333  91.333333   16.78 0.000  1.44 0.000 9.999 0.259000 9.99 0.259 0.203 0.000  0.774 0.000  1.394 0.000   4.401 0.000   1.262 0.000   3.138 0.000 0.023 0.000 0.322 0.000
 93.333333  94.333333    7.80 0.000  0.76 0.000 9.999 0.259000 0.07 0.000 0.011 0.000  0.173 0.000  0.312 0.000   1.555 0.000   0.181 0.000   1.374 0.000 0.012 0.000 0.231 0.000
 96.333333  97.333333   17.76 0.000  1.02 0.000 9.999 0.259000 9.99 0.259 0.135 0.000  0.393 0.000  0.708 0.000   2.498 0.000   1.014 0.000   1.483 0.000 0.014 0.000 0.175 0.000
 99.333333 100.333333   57.57 0.000  3.21 0.000 0.012 0.000000 9.99 0.259 0.029 0.000  0.331 0.000  0.596 0.000   7.591 0.000   4.074 0.000   3.515 0.000 0.067 0.000 0.479 0.000
102.333333 103.333333    2.95 0.000 99.99 0.259 9.999 0.259000 9.99 0.259 0.009 0.000  0.152 0.000  0.273 0.000   0.863 0.000   0.444 0.000   0.419 0.000 0.005 0.000 0.047 0.000
105.333333 106.333333   49.00 0.000  1.38 0.000 9.999 0.259000 9.99 0.259 0.016 0.000  0.543 0.000  0.978 0.000   3.660 0.000   1.472 0.000   2.188 0.000 0.040 0.000 0.164 0.000
108.333333 109.333333   12.73 0.000  0.75 0.000 9.999 0.259000 0.21 0.000 0.025 0.000  0.278 0.000  0.501 0.000   2.678 0.000   1.471 0.000   1.234 0.000 0.014 0.000 0.129 0.000
111.333333 112.333333   56.40 0.000  0.85 0.000 0.015 0.000000 9.99 0.259 0.103 0.000  0.594 0.000  1.069 0.000   8.414 0.000   4.608 0.000   3.805 0.000 0.037 0.000 0.279 0.000
114.333333 115.333333   24.21 0.000  0.72 0.000 9.999 0.259000 9.99 0.259 0.017 0.000  0.312 0.000  0.561 0.000   2.155 0.000   0.898 0.000   1.256 0.000 0.016 0.000 0.095 0.000
117.333333 118.333333   30.62 0.000  1.12 0.000 9.999 0.259000 0.23 0.000 0.022 0.000  0.685 0.000  1.233 0.000   4.681 0.000   2.293 0.000   2.387 0.000 0.019 0.000 0.194 0.000
120.333333 121.333333   17.54 0.000  1.07 0.000 0.007 0.000000 0.22 0.000 0.019 0.000  0.443 0.000  0.797 0.000   2.361 0.000   0.619 0.000   1.742 0.000 0.015 0.000 0.185 0.000
123.333333 124.333333   50.03 0.000  1.69 0.000 9.999 0.259000 9.99 0.259 0.032 0.000  0.399 0.000  0.717 0.000   4.923 0.000   1.896 0.000   3.027 0.000 0.044 0.000 0.398 0.000
126.333333 127.333333   25.47 0.000  0.76 0.000 9.999 0.259000 0.30 0.000 0.010 0.000  0.307 0.000  0.553 0.000   2.555 0.000   1.832 0.000   0.724 0.000 0.016 0.000 0.082 0.000
129.333333 130.333333    3.55 0.000  0.49 0.000 9.999 0.259000 9.99 0.259 0.004 0.000 99.999 0.259 99.999 0.259   0.616 0.000   0.290 0.000   0.331 0.000 0.004 0.000 0.046 0.000
132.333333 133.333333   33.44 0.000  1.25 0.000 9.999 0.259000 0.15 0.000 0.019 0.000  0.839 0.000  1.509 0.000   4.192 0.000   1.328 0.000   2.864 0.000 0.029 0.000 0.169 0.000
135.333333 136.333333    7.77 0.000  0.53 0.000 9.999 0.259000 9.99 0.259 0.006 0.000  0.104 0.000  0.187 0.000   0.939 0.000   0.248 0.000   0.691 0.000 0.007 0.000 0.083 0.000
138.333333 139.333333   16.93 0.000  0.84 0.000 9.999 0.259000 9.99 0.259 0.025 0.000  0.047 0.000  0.084 0.000   3.530 0.000   2.329 0.000   1.200 0.000 0.011 0.000 0.101 0.000
141.333333 142.333333   13.68 0.000  0.91 0.000 9.999 0.259000 9.99 0.259 0.027 0.000  0.675 0.000  1.214 0.000   3.037 0.000   1.429 0.000   1.607 0.000 0.016 0.000 0.130 0.000
144.333333 145.333333   28.69 0.000  0.73 0.000 0.013 0.000000 0.26 0.000 0.036 0.000  0.875 0.000  1.575 0.000   5.014 0.000   2.081 0.000   2.931 0.000 0.022 0.000 0.193 0.000
147.333333 148.333333   41.70 0.000  0.93 0.000 0.011 0.000000 9.99 0.259 0.041 0.000  1.324 0.000  2.384 0.000   9.076 0.000   4.336 0.000   4.739 0.000 0.037 0.000 0.331 0.000
150.333333 151.333333   25.53 0.000  0.92 0.000 9.999 0.259000 9.99 0.259 0.025 0.000  1.136 0.000  2.044 0.000   6.154 0.000   1.949 0.000   4.228 0.000 0.025 0.000 0.278 0.000
153.333333 154.333333   20.76 0.000  0.49 0.000 0.013 0.000000 9.99 0.259 0.015 0.000  0.292 0.000  0.526 0.000   3.825 0.000   2.023 0.000   1.802 0.000 0.013 0.000 0.123 0.000
156.333333 157.333333    4.02 0.000  0.25 0.000 9.999 0.259000 9.99 0.259 0.007 0.000  0.136 0.000  0.244 0.000   1.311 0.000   0.226 0.000   1.085 0.000 0.005 0.000 0.069 0.000
159.333333 160.333333    4.77 0.000  0.31 0.000 9.999 0.259000 9.99 0.259 0.006 0.000  0.344 0.000  0.618 0.000   2.144 0.000   1.305 0.000   0.839 0.000 0.008 0.000 0.038 0.000
162.333333 163.333333   12.53 0.000  0.51 0.000 0.008 0.000000 9.99 0.259 0.016 0.000  0.178 0.000  0.321 0.000   2.566 0.000   1.281 0.000   1.285 0.000 0.012 0.000 0.121 0.000
165.333333 166.333333   21.73 0.000  0.64 0.000 0.013 0.000000 9.99 0.259 0.047 0.000  0.547 0.000  0.984 0.000   5.091 0.000   2.456 0.000   2.635 0.000 0.025 0.000 0.173 0.000
168.333333 169.333333    1.30 0.000  0.16 0.000 9.999 0.259000 9.99 0.259 0.027 0.000  0.170 0.000  0.305 0.000   1.704 0.000   0.715 0.000   0.988 0.000 0.004 0.000 0.104 0.000
171.333333 172.333333   18.97 0.000  0.66 0.000 9.999 0.259000 9.99 0.259 0.091 0.000  0.826 0.000  1.487 0.000   7.656 0.000   3.653 0.000   4.048 0.000 0.024 0.000 0.388 0.000
174.333333 175.333333   37.07 0.000  0.84 0.000 9.999 0.259000 0.12 0.000 0.030 0.000  1.339 0.000  2.411 0.000   9.165 0.000   4.689 0.000   4.476 0.000 0.036 0.000 0.278 0.000
177.333333 178.333333   18.13 0.000  0.67 0.000 9.999 0.259000 9.99 0.259 0.040 0.000  1.019 0.000  1.835 0.000   6.483 0.000   2.496 0.000   3.986 0.000 0.017 0.000 0.336 0.000
180.333333 181.333333   25.18 0.000  0.48 0.000 9.999 0.259000 9.99 0.259 0.009 0.000  1.124 0.000  2.022 0.000   5.700 0.000   2.838 0.000   2.862 0.000 0.017 0.000 0.108 0.000
183.333333 184.333333   20.30 0.000  0.36 0.000 9.999 0.259000 0.05 0.000 0.012 0.000  1.805 0.000  3.248 0.000   6.670 0.000   2.023 0.000   4.645 0.000 0.041 0.000 0.139 0.000
186.333333 187.333333   39.05 0.000  0.68 0.000 9.999 0.259000 9.99 0.259 0.014 0.000  0.854 0.000  1.538 0.000   6.810 0.000   3.781 0.000   3.028 0.000 0.040 0.000 0.202 0.000
189.333333 190.333333   25.51 0.000  0.60 0.000 9.999 0.259000 9.99 0.259 0.017 0.000  0.369 0.000  0.664 0.000   5.449 0.000   2.749 0.000   2.699 0.000 0.028 0.000 0.347 0.000
192.333333 193.333333   26.26 0.000  0.27 0.000 9.999 0.259000 0.06 0.000 0.012 0.000  0.840 0.000  1.512 0.000   6.060 0.000   3.703 0.000   2.366 0.000 0.012 0.000 0.077 0.000
195.333333 196.333333   52.09 0.000  0.69 0.000 9.999 0.259000 9.99 0.259 0.018 0.000  1.552 0.000  2.793 0.000  10.525 0.000   5.424 0.000   5.101 0.000 0.032 0.000 0.364 0.000
198.333333 199.333333   31.79 0.000  0.62 0.000 9.999 0.259000 9.99 0.259 0.013 0.000  0.958 0.000  1.725 0.000   7.772 0.000   3.830 0.000   3.942 0.000 0.031 0.000 0.351 0.000
201.333333 202.333333   58.21 0.000  0.58 0.000 0.008 0.000000 9.99 0.259 0.017 0.000  1.333 0.000  2.400 0.000  10.584 0.000   5.396 0.000   5.187 0.000 0.040 0.000 0.380 0.000
204.333333 205.333333   18.02 0.000  0.38 0.000 9.999 0.259000 9.99 0.259 0.024 0.000  0.781 0.000  1.406 0.000   5.656 0.000   2.877 0.000   2.779 0.000 0.025 0.000 0.184 0.000
207.333333 208.333333   43.28 0.000  0.33 0.000 9.999 0.259000 9.99 0.259 0.017 0.000  1.041 0.000  1.874 0.000   7.476 0.000   4.450 0.000   3.025 0.000 0.024 0.000 0.140 0.000
210.333333 211.333333   50.59 0.000  0.44 0.000 0.010 0.000000 9.99 0.259 0.019 0.000  2.121 0.000  3.818 0.000   9.817 0.000   3.995 0.000   5.821 0.000 0.037 0.000 0.276 0.000
213.333333 214.333333   28.84 0.000  0.47 0.000 9.999 0.259000 9.99 0.259 0.011 0.000  0.839 0.000  1.509 0.000   6.052 0.000   3.832 0.000   2.279 0.000 0.024 0.000 0.118 0.000
216.333333 217.333333   62.50 0.000  0.85 0.000 0.010 0.000000 0.09 0.000 0.016 0.000  1.776 0.000  3.196 0.000  11.144 0.000   6.133 0.000   5.011 0.000 0.041 0.000 0.205 0.000
219.333333 220.333333   40.71 0.000  0.60 0.000 9.999 0.259000 9.99 0.259 0.015 0.000  1.379 0.000  2.483 0.000   7.665 0.000   3.903 0.000   3.761 0.000 0.029 0.000 0.197 0.000
222.333333 223.333333   39.00 0.000  0.28 0.000 9.999 0.259000 0.06 0.000 0.021 0.000  0.630 0.000  1.135 0.000   5.703 0.000   3.312 0.000   2.391 0.000 0.031 0.000 0.136 0.000
225.333333 226.333333  100.63 0.000  0.37 0.000 9.999 0.259000 9.99 0.259 0.011 0.000  1.228 0.000  2.211 0.000  14.169 0.000  10.184 0.000   3.985 0.000 0.045 0.000 0.074 0.000
228.333333 229.333333 9999.99 0.999 99.99 0.999 9.999 0.999000 9.99 0.999 9.999 0.999 99.999 0.999 99.999 0.999 999.999 0.999 999.999 0.999 999.999 0.999 9.999 0.999 9.999 0.999
231.333333 232.333333   30.46 0.000  0.59 0.000 9.999 0.259000 9.99 0.259 0.011 0.000  0.730 0.000  1.313 0.000   6.083 0.000   3.387 0.000   2.695 0.000 0.014 0.000 0.242 0.000
234.333333 235.333333   31.79 0.000  0.54 0.000 9.999 0.259000 9.99 0.259 0.014 0.000  0.968 0.000  1.742 0.000   6.638 0.000   3.576 0.000   3.107 0.000 0.024 0.000 0.182 0.000
237.333333 238.333333   62.24 0.394  0.67 0.394 9.999 0.394259 0.57 0.394 0.041 0.394  0.906 0.000  1.631 0.000   9.517 0.000   5.880 0.000   3.737 0.000 0.040 0.394 0.193 0.394
240.333333 241.333333   21.64 0.000  0.25 0.000 9.999 0.259000 0.22 0.000 0.023 0.000  0.420 0.000  0.757 0.000  13.861 0.000  11.808 0.000   1.914 0.000 0.013 0.000 0.106 0.000
243.333333 244.333333   42.08 0.000  0.61 0.000 9.999 0.259000 9.99 0.259 0.016 0.000  0.910 0.000  1.638 0.000   7.737 0.000   4.750 0.000   2.990 0.000 0.027 0.000 0.143 0.000
246.333333 247.333333   26.15 0.000  0.44 0.000 9.999 0.259000 9.99 0.259 0.025 0.000  0.626 0.000  1.126 0.000   5.826 0.000   3.201 0.000   2.576 0.000 0.022 0.000 0.156 0.000
249.333333 250.333333   79.38 0.000  0.50 0.000 9.999 0.259000 0.17 0.000 0.021 0.000  0.918 0.000  1.652 0.000   8.136 0.000   4.494 0.000   3.676 0.000 0.044 0.000 0.126 0.000
252.333333 253.333333    7.32 0.000  0.35 0.000 9.999 0.259000 9.99 0.259 0.024 0.000  0.200 0.000  0.360 0.000   3.050 0.000   1.649 0.000   1.375 0.000 0.009 0.000 0.093 0.000
255.333333 256.333333   19.84 0.000  0.37 0.000 9.999 0.259000 9.99 0.259 0.034 0.000  0.684 0.000  1.230 0.000   5.094 0.000   2.900 0.000   2.210 0.000 0.016 0.000 0.071 0.000
258.333333 259.333333   19.27 0.000  0.64 0.000 9.999 0.259000 9.99 0.259 0.015 0.000  0.654 0.000  1.177 0.000   4.804 0.000   2.502 0.000   2.263 0.000 0.027 0.000 0.108 0.000
261.333333 262.333333   32.75 0.000  0.72 0.000 9.999 0.259000 9.99 0.259 0.017 0.000  0.703 0.000  1.265 0.000   5.324 0.000   2.621 0.000   2.659 0.000 0.022 0.000 0.154 0.000
264.333333 265.333333   62.65 0.000  1.01 0.000 9.999 0.259000 0.09 0.000 0.030 0.000  1.478 0.000  2.661 0.000   9.120 0.000   4.503 0.000   4.541 0.000 0.054 0.000 0.169 0.000
