scripts/IMPROVE-2019_partial/data/US0090R.20040702090000.20191216000000.filterpack..pm25.6mo.1w.US03L_filterpack_US0090.US03L_IMPROVE_Davis.lev2.nas
66 1001
MISSING INFORMATION
US03L, IMPROVE, , , , , , , 
MISSING INFORMATION
IMPROVE sel_HTAP
1 1
2004 01 01 2019 12 16
3.000
days from file reference point
27
1 1 1 1 1 1 1 1 1 1 1 1 1 1 1 1 1 1 1 1 1 1 1 1 1 1 1
999.999 9999.99 9.999 99.99 9.999999 9.999 9.999999 9.99 9.999999 9.999 9.999 99.999 9.999 99.999 9.999 99.99 9.999999 999.999 9.999 999.999 9.999 999.999 9.999 9.999 9.999 9.999 9.999
end_time of measurement, days from the file reference point
iron, ng/m3, Revision date=20181210133000
numflag iron, no unit, Revision date=20181210133000
lead, ng/m3, Revision date=20181210133000
numflag lead, no unit, Revision date=20181210133000
magnesium, ug/m3, Revision date=20181210133000
numflag magnesium, no unit, Revision date=20181210133000
nickel, ng/m3, Revision date=20181210133000
numflag nickel, no unit, Revision date=20181210133000
nitrate, ug N/m3, Revision date=20181210133000
numflag nitrate, no unit, Revision date=20181210133000
organic_carbon, ug C/m3, Revision date=20181210133000
numflag organic_carbon, no unit, Revision date=20181210133000
organic_mass, ug/m3, Revision date=20181210133000
numflag organic_mass, no unit, Revision date=20181210133000
phosphorus, ng/m3, Revision date=20181210133000
numflag phosphorus, no unit, Revision date=20181210133000
pm10_mass, ug/m3, Version=2, Version description=Data extracted from http://views.cira.colostate.edu/fed/DataWizard 2019-12-16, Sample duration=1d, Orig. time res.=3d, Matrix=pm10, Blank correction=Blank corrected, Volume std. temperature=ambient, Volume std. pressure=ambient
numflag pm10_mass, no unit, Version=2, Version description=Data extracted from http://views.cira.colostate.edu/fed/DataWizard 2019-12-16, Sample duration=1d, Orig. time res.=3d, Matrix=pm10, Blank correction=Blank corrected, Volume std. temperature=ambient, Volume std. pressure=ambient
pm10_pm25_mass, ug/m3, Revision date=20181210133000, Matrix=pm10_pm25
numflag pm10_pm25_mass, no unit, Revision date=20181210133000, Matrix=pm10_pm25
pm25_mass, ug/m3, Version=2, Version description=Data extracted from http://views.cira.colostate.edu/fed/DataWizard 2019-12-16, Sample duration=1d, Orig. time res.=3d, Blank correction=Blank corrected, Volume std. temperature=ambient, Volume std. pressure=ambient
numflag pm25_mass, no unit, Version=2, Version description=Data extracted from http://views.cira.colostate.edu/fed/DataWizard 2019-12-16, Sample duration=1d, Orig. time res.=3d, Blank correction=Blank corrected, Volume std. temperature=ambient, Volume std. pressure=ambient
potassium, ug/m3, Revision date=20181210133000
numflag potassium, no unit, Revision date=20181210133000
sulphate_total, ug S/m3, Revision date=20181210133000
numflag sulphate_total, no unit, Revision date=20181210133000
0
25
Data definition:              EBAS_1.1
Set type code:                TU
Timezone:                     UTC
File name:                    US0090R.20040702090000.20191216000000.filterpack..pm25.6mo.1w.US03L_filterpack_US0090.US03L_IMPROVE_Davis.lev2.nas
File creation:                20191218120129
Startdate:                    20040702090000
Revision date:                20191216000000
Statistics:                   arithmetic mean
Data level:                   2
Period code:                  6mo
Resolution code:              1w
Station code:                 US0090R
Platform code:                US0090S
Station name:                 Petersburg
Station latitude:             56.61076
Station longitude:            -132.81234
Station altitude:             0.0 m
Regime:                       IMG
Component:                    
Matrix:                       pm25
Laboratory code:              US03L
Instrument type:              filterpack
Instrument name:              filterpack_US0090
Method ref:                   US03L_IMPROVE_Davis
starttime endtime Fe flag_Fe Pb flag_Pb Mg++ flag_Mg++ Ni flag_Ni NO3- flag_NO3- OC flag_OC OM flag_OM P flag_P PM10 flag_PM10 PM10-PM2.5 flag_PM10-PM2.5 PM2.5 flag_PM2.5 K+ flag_K+ SO4-- flag_SO4--
183.375 184.375    2.93 0.000  0.35 0.000000 0.022 0.000000 0.18 0.000000 0.007 0.000  1.002 0.000  1.403 0.000 99.99 0.259000   3.411 0.000   1.321 0.000   2.090 0.000 0.018 0.000 0.098 0.000
186.375 187.375    1.54 0.000 99.99 0.259000 9.999 0.259000 9.99 0.259000 0.007 0.000  0.327 0.000  0.458 0.000 99.99 0.259000   2.195 0.000   1.177 0.000   1.017 0.000 0.035 0.000 0.076 0.000
189.375 190.375    2.78 0.000  0.37 0.000000 9.999 0.259000 0.35 0.000000 0.015 0.000  3.004 0.000  4.206 0.000 99.99 0.259000   7.716 0.000   1.683 0.000   6.033 0.000 0.034 0.000 0.152 0.000
192.375 193.375    1.31 0.000 99.99 0.259000 9.999 0.259000 0.12 0.000000 0.004 0.000  0.607 0.000  0.849 0.000 99.99 0.259000   3.028 0.000   1.720 0.000   1.308 0.000 0.014 0.000 0.063 0.000
195.375 196.375   12.73 0.559  0.24 0.559000 9.999 0.559259 0.38 0.559000 0.017 0.000  4.598 0.000  6.438 0.000 99.99 0.559259  13.317 0.000   3.764 0.000   9.553 0.559 0.055 0.559 0.180 0.000
198.375 199.375    2.52 0.000 99.99 0.259000 9.999 0.259000 9.99 0.259000 0.006 0.000  0.899 0.000  1.258 0.000 99.99 0.259000   3.799 0.000   1.505 0.000   2.294 0.000 0.019 0.000 0.071 0.000
201.375 202.375    1.88 0.000  0.33 0.000000 9.999 0.259000 9.99 0.259000 0.011 0.000  0.671 0.000  0.940 0.000 99.99 0.259000   3.591 0.000   1.837 0.000   1.754 0.000 0.014 0.000 0.091 0.000
204.375 205.375    4.01 0.000 99.99 0.259000 9.999 0.259000 0.26 0.000000 0.014 0.000  1.094 0.000  1.531 0.000 99.99 0.259000   4.657 0.000   2.195 0.000   2.462 0.000 0.016 0.000 0.133 0.000
207.375 208.375    3.61 0.000  0.17 0.000000 9.999 0.259000 0.10 0.000000 0.006 0.000  0.277 0.000  0.387 0.000 99.99 0.259000   2.655 0.000   1.518 0.000   1.137 0.000 0.009 0.000 0.097 0.000
210.375 211.375    1.56 0.000  0.24 0.000000 9.999 0.259000 0.24 0.000000 0.011 0.000  0.161 0.000  0.225 0.000 99.99 0.259000   3.309 0.000   1.794 0.000   1.515 0.000 0.009 0.000 0.157 0.000
213.375 214.375    3.00 0.000  0.35 0.000000 9.999 0.259000 9.99 0.259000 0.010 0.000  0.606 0.000  0.848 0.000 99.99 0.259000   4.356 0.000   1.652 0.000   2.704 0.000 0.012 0.000 0.212 0.000
216.375 217.375    1.40 0.000  0.56 0.000000 9.999 0.259000 0.15 0.000000 0.009 0.000  0.617 0.000  0.864 0.000 99.99 0.259000   4.207 0.000   2.564 0.000   1.643 0.000 0.009 0.000 0.081 0.000
219.375 220.375    0.97 0.000  0.25 0.000000 0.024 0.000000 9.99 0.259000 0.005 0.000  0.665 0.000  0.931 0.000 99.99 0.259000   3.881 0.000   2.375 0.000   1.506 0.000 0.008 0.000 0.033 0.000
222.375 223.375    7.13 0.000 99.99 0.259000 0.036 0.000000 0.16 0.000000 0.015 0.000  1.218 0.000  1.706 0.000 99.99 0.259000   6.991 0.000   3.933 0.000   3.058 0.000 0.015 0.000 0.099 0.000
225.375 226.375    4.36 0.000  0.28 0.000000 9.999 0.259000 0.27 0.000000 0.015 0.000  1.165 0.000  1.632 0.000 99.99 0.259000   6.087 0.000   2.913 0.000   3.174 0.000 0.012 0.000 0.171 0.000
228.375 229.375   35.92 0.000  0.37 0.000000 9.999 0.259000 0.08 0.000000 0.012 0.000  5.510 0.000  7.714 0.000 99.99 0.259000  16.452 0.000   5.392 0.000  11.060 0.000 0.049 0.000 0.097 0.000
231.375 232.375    7.54 0.000  0.55 0.000000 9.999 0.259000 0.43 0.000000 0.010 0.000  1.183 0.000  1.657 0.000 99.99 0.259000   5.106 0.000   2.041 0.000   3.066 0.000 0.012 0.000 0.141 0.000
234.375 235.375    4.20 0.000 99.99 0.259000 9.999 0.259000 0.26 0.000000 0.006 0.000  0.587 0.000  0.821 0.000 99.99 0.259000   3.493 0.000   1.953 0.000   1.540 0.000 0.009 0.000 0.054 0.000
237.375 238.375   16.53 0.000  0.33 0.000000 9.999 0.259000 0.18 0.000000 0.010 0.000  1.203 0.000  1.685 0.000 99.99 0.259000   5.678 0.000   2.463 0.000   3.215 0.000 0.013 0.000 0.075 0.000
240.375 241.375    1.26 0.000  0.28 0.000000 9.999 0.259000 0.21 0.000000 0.013 0.000  0.270 0.000  0.378 0.000 99.99 0.259000   4.248 0.000   1.652 0.000   2.596 0.000 0.015 0.000 0.343 0.000
243.375 244.375    1.25 0.000  0.35 0.000000 9.999 0.259000 9.99 0.259000 0.007 0.000  0.610 0.000  0.854 0.000 99.99 0.259000   2.972 0.000   1.240 0.000   1.732 0.000 0.006 0.000 0.069 0.000
246.375 247.375    1.01 0.000 99.99 0.259000 0.046 0.000000 0.24 0.000000 0.012 0.000  0.371 0.000  0.519 0.000  2.45 0.000000   2.451 0.000   1.341 0.000   1.110 0.000 0.006 0.000 0.093 0.000
249.375 250.375    2.00 0.000  0.22 0.000000 0.117 0.000000 0.27 0.000000 0.014 0.000  0.314 0.000  0.439 0.000 99.99 0.259000   2.712 0.000   1.317 0.000   1.395 0.000 0.008 0.000 0.103 0.000
252.375 253.375    2.37 0.559  0.20 0.559000 9.999 0.559259 9.99 0.559259 0.002 0.000  0.612 0.000  0.857 0.000 99.99 0.559259   2.835 0.000   1.716 0.000   1.119 0.559 0.007 0.559 0.042 0.000
255.375 256.375    1.08 0.000  0.28 0.000000 0.065 0.000000 0.13 0.000000 0.006 0.000  0.223 0.000  0.312 0.000 99.99 0.259000   1.726 0.000   0.815 0.000   0.911 0.000 0.005 0.000 0.063 0.000
258.375 259.375    0.70 0.000  0.20 0.000000 0.119 0.000000 0.22 0.000000 0.016 0.000  0.185 0.000  0.258 0.000 99.99 0.259000   2.342 0.000   1.010 0.000   1.332 0.000 0.006 0.000 0.117 0.000
261.375 262.375    1.08 0.000  0.45 0.000000 9.999 0.259000 0.14 0.000000 0.005 0.000  0.443 0.000  0.620 0.000 99.99 0.259000   3.265 0.000   2.034 0.000   1.231 0.000 0.008 0.000 0.035 0.000
264.375 265.375    0.92 0.000 99.99 0.259000 0.031 0.000000 9.99 0.259000 0.007 0.000  0.204 0.000  0.286 0.000 99.99 0.259000   3.146 0.000   1.587 0.000   1.559 0.000 0.010 0.000 0.081 0.000
267.375 268.375    0.91 0.000 99.99 0.259000 0.054 0.000000 0.25 0.000000 0.006 0.000  0.108 0.000  0.151 0.000  1.71 0.000000   2.137 0.000   1.221 0.000   0.915 0.000 0.006 0.000 0.054 0.000
270.375 271.375    0.87 0.000  0.11 0.000000 0.113 0.000000 0.13 0.000000 0.008 0.000  0.171 0.000  0.239 0.000  3.93 0.000000   3.844 0.000   2.242 0.000   1.603 0.000 0.013 0.000 0.077 0.000
273.375 274.375    1.60 0.000  0.22 0.000000 0.096 0.000000 0.17 0.000000 0.009 0.000  0.227 0.000  0.317 0.000 99.99 0.259000   4.643 0.000   3.267 0.000   1.376 0.000 0.009 0.000 0.071 0.000
276.375 277.375    1.38 0.000  0.28 0.000000 0.081 0.000000 0.13 0.000000 0.007 0.000  0.385 0.000  0.539 0.000 99.99 0.259000   3.493 0.000   2.199 0.000   1.294 0.000 0.007 0.000 0.070 0.000
279.375 280.375    0.62 0.000  0.18 0.000000 0.077 0.000000 0.18 0.000000 0.002 0.000  0.125 0.000  0.175 0.000 99.99 0.259000   2.014 0.000   0.989 0.000   1.024 0.000 0.004 0.000 0.023 0.000
282.375 283.375    0.40 0.000  0.29 0.000000 9.999 0.259000 9.99 0.259000 9.999 0.259  0.080 0.000  0.111 0.000 99.99 0.259000   1.726 0.000   1.282 0.000   0.444 0.000 0.003 0.000 0.012 0.000
285.375 286.375    1.91 0.000 99.99 0.259000 9.999 0.259000 0.16 0.000000 9.999 0.259  0.110 0.000  0.153 0.000 99.99 0.259000   1.506 0.000   0.806 0.000   0.700 0.000 0.005 0.000 0.016 0.000
288.375 289.375    0.86 0.000 99.99 0.259000 0.064 0.000000 9.99 0.259000 0.006 0.000  0.317 0.000  0.443 0.000 99.99 0.259000   2.959 0.000   2.110 0.000   0.848 0.000 0.006 0.000 0.031 0.000
291.375 292.375    3.74 0.000  0.23 0.000000 9.999 0.259000 9.99 0.259000 0.002 0.000  0.065 0.000  0.091 0.000 99.99 0.259000   2.952 0.000   2.184 0.000   0.768 0.000 0.005 0.000 0.059 0.000
294.375 295.375   17.58 0.559 99.99 0.559259 9.999 0.559259 0.10 0.559000 0.004 0.000  0.151 0.000  0.211 0.000 99.99 0.559259   4.824 0.000   3.520 0.000   1.304 0.559 0.009 0.559 0.057 0.000
297.375 298.375    0.85 0.000  0.34 0.000000 9.999 0.259000 9.99 0.259000 0.003 0.000  0.350 0.000  0.490 0.000 99.99 0.259000   1.405 0.000   0.502 0.000   0.903 0.000 0.005 0.000 0.020 0.000
300.375 301.375    0.57 0.000  1.32 0.000000 9.999 0.259000 0.10 0.000000 0.005 0.000  0.109 0.000  0.152 0.000 99.99 0.259000   1.736 0.000   0.762 0.000   0.974 0.000 0.005 0.000 0.023 0.000
303.375 304.375    0.67 0.000 99.99 0.259000 9.999 0.259000 9.99 0.259000 0.004 0.000 99.999 0.259 99.999 0.259 99.99 0.259000   2.121 0.000   0.901 0.000   1.220 0.000 0.006 0.000 0.036 0.000
306.375 307.375    1.58 0.000  0.17 0.000000 9.999 0.259000 9.99 0.259000 0.006 0.000  0.153 0.000  0.214 0.000  7.74 0.000000   4.763 0.000   2.238 0.000   2.525 0.000 0.019 0.000 0.099 0.000
309.375 310.375    0.54 0.000 99.99 0.259000 9.999 0.259000 9.99 0.259000 0.004 0.000  0.035 0.000  0.049 0.000 99.99 0.259000   1.274 0.000   0.526 0.000   0.747 0.000 0.003 0.000 0.037 0.000
312.375 313.375    8.93 0.000 99.99 0.259000 9.999 0.259000 0.07 0.000000 0.009 0.000  0.308 0.000  0.431 0.000  2.31 0.000000   2.287 0.000   1.264 0.000   1.023 0.000 0.007 0.000 0.060 0.000
315.375 316.375  182.73 0.000  0.79 0.000000 9.999 0.259000 0.10 0.000000 0.007 0.000  2.628 0.000  3.679 0.000 99.99 0.259000  19.345 0.000  14.577 0.000   4.768 0.000 0.081 0.000 0.119 0.000
318.375 319.375    0.50 0.000 99.99 0.259000 0.077 0.000000 9.99 0.259000 0.004 0.000  0.063 0.000  0.088 0.000 99.99 0.259000   1.103 0.000   0.561 0.000   0.541 0.000 0.003 0.000 0.022 0.000
321.375 322.375    0.69 0.000  0.08 0.000000 0.185 0.000000 9.99 0.259000 0.003 0.000  0.781 0.000  1.093 0.000 99.99 0.259000   0.909 0.000   0.148 0.000   0.761 0.000 0.003 0.000 0.030 0.000
324.375 325.375    0.52 0.000 99.99 0.259000 9.999 0.259000 0.05 0.000000 0.003 0.000  0.038 0.000  0.053 0.000 99.99 0.259000   0.531 0.000   0.064 0.000   0.467 0.000 0.004 0.000 0.012 0.000
327.375 328.375    0.34 0.000  0.14 0.000000 9.999 0.259000 0.12 0.000000 0.004 0.000  0.139 0.000  0.195 0.000 99.99 0.259000   0.621 0.000   0.245 0.000   0.377 0.000 0.003 0.000 0.019 0.000
330.375 331.375    0.86 0.000 99.99 0.259000 9.999 0.259000 9.99 0.259000 9.999 0.259  0.045 0.000  0.063 0.000 99.99 0.259000   0.657 0.000   0.284 0.000   0.374 0.000 0.003 0.000 0.013 0.000
333.375 334.375    8.10 0.000 99.99 0.259000 9.999 0.259000 0.07 0.000000 0.002 0.000  0.902 0.000  1.263 0.000 99.99 0.259000   2.548 0.000   1.285 0.000   1.263 0.000 0.003 0.000 0.014 0.000
336.375 337.375    0.45 0.000  0.08 0.000000 9.999 0.259000 9.99 0.259000 0.005 0.000  0.134 0.000  0.188 0.000 99.99 0.259000   2.124 0.000   0.761 0.000   1.363 0.000 0.009 0.000 0.039 0.000
339.375 340.375   13.20 0.000  0.37 0.000000 9.999 0.259000 9.99 0.259000 0.006 0.000  0.015 0.000  0.020 0.000 99.99 0.259000   2.728 0.000   2.040 0.000   0.688 0.000 0.007 0.000 0.031 0.000
342.375 343.375   27.50 0.000  0.23 0.000000 0.029 0.000000 0.05 0.000000 0.007 0.000  0.164 0.000  0.229 0.000 99.99 0.259000   4.315 0.000   3.089 0.000   1.226 0.000 0.014 0.000 0.047 0.000
345.375 346.375    1.48 0.000  0.22 0.000000 0.044 0.000000 9.99 0.259000 0.004 0.000  0.588 0.000  0.823 0.000 99.99 0.259000   0.493 0.000   0.160 0.000   0.334 0.000 0.002 0.000 0.023 0.000
348.375 349.375    0.15 0.000  0.09 0.000000 9.999 0.259000 0.07 0.000000 0.003 0.000  0.017 0.000  0.024 0.000 99.99 0.259000   0.207 0.000 999.999 0.259   0.215 0.000 0.001 0.000 0.010 0.000
351.375 352.375    0.69 0.000 99.99 0.259000 9.999 0.259000 9.99 0.259000 0.010 0.000  0.020 0.000  0.028 0.000 99.99 0.259000   2.507 0.000   0.717 0.000   1.790 0.000 0.012 0.000 0.064 0.000
354.375 355.375    0.39 0.000  0.20 0.000000 0.055 0.000000 9.99 0.259000 0.004 0.000 99.999 0.259 99.999 0.259 99.99 0.259000   1.479 0.000   0.773 0.000   0.707 0.000 0.006 0.000 0.049 0.000
357.375 358.375 9999.99 0.999 99.99 0.999000 9.999 0.999000 9.99 0.999000 9.999 0.999 99.999 0.999 99.999 0.999 99.99 0.999000 999.999 0.999 999.999 0.999 999.999 0.999 9.999 0.999 9.999 0.999
360.375 361.375 9999.99 0.999 99.99 0.999000 9.999 0.999000 9.99 0.999000 9.999 0.999 99.999 0.999 99.999 0.999 99.99 0.999000 999.999 0.999 999.999 0.999 999.999 0.999 9.999 0.999 9.999 0.999
363.375 364.375 9999.99 0.999 99.99 0.999000 9.999 0.999000 9.99 0.999000 9.999 0.999 99.999 0.999 99.999 0.999 99.99 0.999000 999.999 0.999 999.999 0.999 999.999 0.999 9.999 0.999 9.999 0.999
