scripts/IMPROVE-2019_partial/data/US0026R.20010101080000.20191216000000.filterpack..pm25.52w.1w.US03L_filterpack_US0026.US03L_IMPROVE_Davis.lev2.nas
66 1001
MISSING INFORMATION
US03L, IMPROVE, , , , , , , 
MISSING INFORMATION
IMPROVE sel_HTAP
1 1
2001 01 01 2019 12 16
3.000000
days from file reference point
27
1 1 1 1 1 1 1 1 1 1 1 1 1 1 1 1 1 1 1 1 1 1 1 1 1 1 1
999.999999 9999.99 9.999 99.99 9.999999 9.999 9.999999 99.99 9.999999 9.999 9.999999 99.999 9.999 99.999 9.999 99.99 9.999999 999.999 9.999 999.999 9.999 999.999 9.999 9.999 9.999999 9.999 9.999
end_time of measurement, days from the file reference point
iron, ng/m3, Revision date=20181210133000
numflag iron, no unit, Revision date=20181210133000
lead, ng/m3, Revision date=20181210133000
numflag lead, no unit, Revision date=20181210133000
magnesium, ug/m3, Revision date=20181210133000
numflag magnesium, no unit, Revision date=20181210133000
nickel, ng/m3, Revision date=20181210133000
numflag nickel, no unit, Revision date=20181210133000
nitrate, ug N/m3, Revision date=20181210133000
numflag nitrate, no unit, Revision date=20181210133000
organic_carbon, ug C/m3, Revision date=20181210133000
numflag organic_carbon, no unit, Revision date=20181210133000
organic_mass, ug/m3, Revision date=20181210133000
numflag organic_mass, no unit, Revision date=20181210133000
phosphorus, ng/m3, Revision date=20181210133000
numflag phosphorus, no unit, Revision date=20181210133000
pm10_mass, ug/m3, Version=2, Version description=Data extracted from http://views.cira.colostate.edu/fed/DataWizard 2019-12-16, Sample duration=1d, Orig. time res.=3d, Matrix=pm10, Blank correction=Blank corrected, Volume std. temperature=ambient, Volume std. pressure=ambient
numflag pm10_mass, no unit, Version=2, Version description=Data extracted from http://views.cira.colostate.edu/fed/DataWizard 2019-12-16, Sample duration=1d, Orig. time res.=3d, Matrix=pm10, Blank correction=Blank corrected, Volume std. temperature=ambient, Volume std. pressure=ambient
pm10_pm25_mass, ug/m3, Revision date=20181210133000, Matrix=pm10_pm25
numflag pm10_pm25_mass, no unit, Revision date=20181210133000, Matrix=pm10_pm25
pm25_mass, ug/m3, Version=2, Version description=Data extracted from http://views.cira.colostate.edu/fed/DataWizard 2019-12-16, Sample duration=1d, Orig. time res.=3d, Blank correction=Blank corrected, Volume std. temperature=ambient, Volume std. pressure=ambient
numflag pm25_mass, no unit, Version=2, Version description=Data extracted from http://views.cira.colostate.edu/fed/DataWizard 2019-12-16, Sample duration=1d, Orig. time res.=3d, Blank correction=Blank corrected, Volume std. temperature=ambient, Volume std. pressure=ambient
potassium, ug/m3, Revision date=20181210133000
numflag potassium, no unit, Revision date=20181210133000
sulphate_total, ug S/m3, Revision date=20181210133000
numflag sulphate_total, no unit, Revision date=20181210133000
0
25
Data definition:              EBAS_1.1
Set type code:                TU
Timezone:                     UTC
File name:                    US0026R.20010101080000.20191216000000.filterpack..pm25.52w.1w.US03L_filterpack_US0026.US03L_IMPROVE_Davis.lev2.nas
File creation:                20191218115710
Startdate:                    20010101080000
Revision date:                20191216000000
Statistics:                   arithmetic mean
Data level:                   2
Period code:                  52w
Resolution code:              1w
Station code:                 US0026R
Platform code:                US0026S
Station name:                 Lava Beds NM
Station latitude:             41.7117
Station longitude:            -121.5068
Station altitude:             1459.0 m
Regime:                       IMG
Component:                    
Matrix:                       pm25
Laboratory code:              US03L
Instrument type:              filterpack
Instrument name:              filterpack_US0026
Method ref:                   US03L_IMPROVE_Davis
starttime endtime Fe flag_Fe Pb flag_Pb Mg++ flag_Mg++ Ni flag_Ni NO3- flag_NO3- OC flag_OC OM flag_OM P flag_P PM10 flag_PM10 PM10-PM2.5 flag_PM10-PM2.5 PM2.5 flag_PM2.5 K+ flag_K+ SO4-- flag_SO4--
  0.333333   1.333333    5.90 0.559  0.69 0.559000 9.999 0.559259 99.99 0.559259 0.047 0.000000  0.492 0.000  0.689 0.000 99.99 0.559259   2.589 0.000   1.046 0.000   1.543 0.559 0.016 0.559000 0.112 0.000
  3.333333   4.333333    6.86 0.000  0.45 0.000000 9.999 0.259000 99.99 0.259000 0.015 0.000000  0.472 0.000  0.660 0.000 99.99 0.259000   2.424 0.000   1.592 0.000   0.832 0.000 0.013 0.000000 0.084 0.000
  6.333333   7.333333   17.94 0.559  1.34 0.559000 9.999 0.559259 99.99 0.559259 0.154 0.000000  0.915 0.000  1.281 0.000 99.99 0.559259   4.561 0.000   1.482 0.000   3.079 0.559 0.032 0.559000 0.135 0.000
  9.333333  10.333333    1.53 0.559 99.99 0.559259 9.999 0.559259 99.99 0.559259 0.035 0.000000  0.344 0.000  0.482 0.000 99.99 0.559259   2.067 0.000   1.359 0.000   0.708 0.559 0.006 0.559000 0.062 0.000
 12.333333  13.333333    0.67 0.000  0.12 0.000000 9.999 0.259000 99.99 0.259000 0.027 0.000000  0.310 0.000  0.433 0.000 99.99 0.259000   1.040 0.000   0.423 0.000   0.617 0.000 9.999 0.259000 0.063 0.000
 15.333333  16.333333    1.20 0.559 99.99 0.559259 9.999 0.559259 99.99 0.559259 0.036 0.000000  0.509 0.000  0.712 0.000 99.99 0.559259   1.389 0.000   0.239 0.000   1.149 0.559 0.004 0.559000 0.164 0.000
 18.333333  19.333333    3.89 0.000  0.23 0.000000 9.999 0.259000 99.99 0.259000 0.019 0.000000  0.279 0.000  0.391 0.000 99.99 0.259000   2.026 0.000   0.669 0.000   1.357 0.000 0.008 0.000000 0.129 0.000
 21.333333  22.333333    4.55 0.559  0.45 0.559000 9.999 0.559259  0.12 0.559000 0.040 0.000000  0.492 0.000  0.689 0.000 99.99 0.559259   2.428 0.000   1.118 0.000   1.310 0.559 0.017 0.559000 0.111 0.000
 24.333333  25.333333    0.68 0.559 99.99 0.559259 0.024 0.559000 99.99 0.559259 0.008 0.000000  0.056 0.000  0.078 0.000 99.99 0.559259   0.832 0.000   0.326 0.000   0.506 0.559 0.010 0.559000 0.039 0.000
 27.333333  28.333333    3.25 0.000  0.14 0.000000 9.999 0.259000 99.99 0.259000 0.028 0.559000  0.200 0.000  0.280 0.000 99.99 0.259000   1.364 0.000   0.363 0.000   1.001 0.000 0.008 0.000000 0.116 0.559
 30.333333  31.333333    6.41 0.000  0.60 0.000000 9.999 0.259000 99.99 0.259000 0.033 0.000000  0.236 0.000  0.330 0.000 99.99 0.259000 999.999 0.456 999.999 0.999   1.331 0.000 0.015 0.000000 0.137 0.000
 33.333333  34.333333    7.13 0.000  0.36 0.000000 9.999 0.259000 99.99 0.259000 0.023 0.000000  0.466 0.000  0.652 0.000 99.99 0.259000 999.999 0.456 999.999 0.999   1.447 0.000 0.009 0.000000 0.124 0.000
 36.333333  37.333333    3.26 0.559  0.15 0.559000 9.999 0.559259  0.06 0.559000 0.048 0.000000  0.212 0.000  0.297 0.000 99.99 0.559259 999.999 0.456 999.999 0.999   0.689 0.559 0.014 0.559000 0.112 0.000
 39.333333  40.333333    3.63 0.559  0.34 0.559000 9.999 0.559259 99.99 0.559259 0.169 0.000000  0.415 0.000  0.581 0.000 99.99 0.559259   2.121 0.000   0.798 0.000   1.323 0.559 0.016 0.559000 0.129 0.000
 42.333333  43.333333    0.90 0.559  0.34 0.559000 9.999 0.559259 99.99 0.559259 0.011 0.000000  0.125 0.000  0.176 0.000 99.99 0.559259   0.707 0.000   0.211 0.000   0.496 0.559 0.004 0.559000 0.039 0.000
 45.333333  46.333333    7.65 0.559  0.36 0.559000 9.999 0.559259 99.99 0.559259 0.114 0.000000  0.497 0.000  0.696 0.000 99.99 0.559259   2.886 0.000   1.134 0.000   1.753 0.559 0.011 0.559000 0.153 0.000
 48.333333  49.333333    1.29 0.559 99.99 0.559259 9.999 0.559259 99.99 0.559259 0.010 0.000000  0.313 0.000  0.438 0.000 99.99 0.559259   0.669 0.000   0.171 0.000   0.498 0.559 9.999 0.559259 0.051 0.000
 51.333333  52.333333    4.18 0.559  0.14 0.559000 9.999 0.559259  0.06 0.559000 0.012 0.000000  0.116 0.000  0.162 0.000 99.99 0.559259   1.213 0.000   0.618 0.000   0.595 0.559 0.004 0.559000 0.075 0.000
 54.333333  55.333333    2.11 0.559 99.99 0.559259 9.999 0.559259 99.99 0.559259 0.025 0.000000  0.244 0.000  0.342 0.000 99.99 0.559259   0.669 0.000   0.171 0.000   0.498 0.559 0.009 0.559000 0.072 0.000
 57.333333  58.333333   12.04 0.559  0.66 0.559000 0.030 0.559000  0.06 0.559000 0.040 0.000000 99.999 0.999 99.999 0.999 99.99 0.559259   2.342 0.000   0.524 0.000   1.817 0.559 0.019 0.559000 0.160 0.000
 60.333333  61.333333    4.05 0.559  0.46 0.559000 9.999 0.559259 99.99 0.559259 0.012 0.000000 99.999 0.999 99.999 0.999 99.99 0.559259   1.506 0.000   0.835 0.000   0.671 0.559 0.008 0.559000 0.047 0.000
 63.333333  64.333333   10.15 0.559 99.99 0.559259 9.999 0.559259 99.99 0.559259 0.013 0.000000 99.999 0.999 99.999 0.999 99.99 0.559259   2.301 0.000   0.639 0.000   1.661 0.559 0.009 0.559000 0.125 0.000
 66.333333  67.333333   14.61 0.559  0.69 0.559000 9.999 0.559259 99.99 0.559259 0.048 0.000000  0.630 0.000  0.881 0.000 99.99 0.559259   3.305 0.000   0.923 0.000   2.382 0.559 0.019 0.559000 0.160 0.000
 69.333333  70.333333   14.98 0.559  0.83 0.559000 9.999 0.559259  0.56 0.559000 0.030 0.000000  0.506 0.000  0.708 0.000 99.99 0.559259   3.096 0.000   0.759 0.000   2.337 0.559 0.022 0.559000 0.237 0.000
 72.333333  73.333333   31.39 0.559  0.58 0.559000 9.999 0.559259  0.29 0.559000 0.032 0.000000  0.340 0.000  0.476 0.000 99.99 0.559259   4.560 0.000   2.278 0.000   2.282 0.559 0.035 0.559000 0.176 0.000
 75.333333  76.333333   13.78 0.559  0.66 0.559000 9.999 0.559259 99.99 0.559259 0.020 0.000000  0.468 0.000  0.654 0.000 99.99 0.559259   2.175 0.000   0.694 0.000   1.481 0.559 0.015 0.559000 0.087 0.000
 78.333333  79.333333    7.98 0.559 99.99 0.559259 9.999 0.559259  0.48 0.559000 0.010 0.000000  0.425 0.000  0.595 0.000 99.99 0.559259   1.809 0.000   0.721 0.000   1.089 0.559 0.018 0.559000 0.068 0.000
 81.333333  82.333333   16.38 0.559  0.61 0.559000 9.999 0.559259 99.99 0.559259 0.042 0.000000  0.948 0.000  1.327 0.000 99.99 0.559259   4.366 0.000   0.774 0.000   3.592 0.559 0.025 0.559000 0.237 0.000
 84.333333  85.333333   35.93 0.559  2.14 0.559000 9.999 0.559259 99.99 0.559259 0.047 0.000000  0.346 0.000  0.484 0.000 99.99 0.559259   4.393 0.000   1.174 0.000   3.218 0.559 0.042 0.559000 0.302 0.000
 87.333333  88.333333   15.90 0.559 99.99 0.559259 9.999 0.559259 99.99 0.559259 9.999 0.259000  0.343 0.000  0.480 0.000 99.99 0.559259   2.204 0.000   1.118 0.000   1.086 0.559 0.012 0.559000 0.073 0.000
 90.333333  91.333333  111.63 0.559  2.46 0.559000 9.999 0.559259 99.99 0.559259 9.999 0.259000  0.435 0.000  0.609 0.000 99.99 0.559259   6.526 0.000   2.353 0.000   4.173 0.559 0.078 0.559000 0.245 0.000
 93.333333  94.333333   21.16 0.559  1.02 0.559000 9.999 0.559259 99.99 0.559259 0.016 0.000000  0.198 0.000  0.277 0.000 99.99 0.559259   2.273 0.000   0.857 0.000   1.416 0.559 0.019 0.559000 0.099 0.000
 96.333333  97.333333    2.76 0.559 99.99 0.559259 9.999 0.559259  0.32 0.559000 0.009 0.000000  0.126 0.000  0.176 0.000  7.08 0.559000   0.968 0.000   0.439 0.000   0.529 0.559 0.005 0.559000 0.030 0.000
 99.333333 100.333333 9999.99 0.456 99.99 0.456000 9.999 0.456000 99.99 0.456000 0.011 0.000000  0.176 0.000  0.247 0.000 99.99 0.456000   2.706 0.000 999.999 0.999 999.999 0.456 9.999 0.456000 0.153 0.000
102.333333 103.333333   33.06 0.559  0.77 0.559000 9.999 0.559259 99.99 0.559259 0.030 0.000000  0.355 0.000  0.497 0.000 99.99 0.559259   5.480 0.000   3.367 0.000   2.114 0.559 0.029 0.559000 0.113 0.000
105.333333 106.333333  854.06 0.559  3.03 0.559000 9.999 0.559259 99.99 0.559259 0.197 0.000000  0.905 0.000  1.267 0.000 99.99 0.559259  43.173 0.000  22.301 0.000  20.872 0.559 0.346 0.559000 0.435 0.000
108.333333 109.333333   63.99 0.000  0.32 0.000000 9.999 0.259000  0.20 0.000000 0.011 0.000000  0.297 0.000  0.416 0.000 99.99 0.259000   2.900 0.000   1.108 0.000   1.792 0.000 0.033 0.000000 0.035 0.000
111.333333 112.333333   85.62 0.559  1.07 0.559000 9.999 0.559259 99.99 0.559259 0.039 0.000000  0.946 0.000  1.325 0.000 99.99 0.559259   6.659 0.000   2.192 0.000   4.467 0.559 0.056 0.559000 0.293 0.000
114.333333 115.333333  159.31 0.559  1.43 0.559000 9.999 0.559259 99.99 0.559259 0.041 0.000000  1.061 0.000  1.486 0.000 99.99 0.559259  11.382 0.000   5.357 0.000   6.025 0.559 0.104 0.559000 0.209 0.000
117.333333 118.333333   41.78 0.559  1.07 0.559000 9.999 0.559259 99.99 0.559259 0.015 0.000000  0.349 0.000  0.488 0.000 99.99 0.559259   3.369 0.000   1.466 0.000   1.903 0.559 0.032 0.559000 0.106 0.000
120.333333 121.333333   32.42 0.559  0.82 0.559000 9.999 0.559259 99.99 0.559259 0.035 0.000000  0.380 0.000  0.532 0.000 99.99 0.559259   4.927 0.000   2.022 0.000   2.904 0.559 0.035 0.559000 0.190 0.000
123.333333 124.333333  206.33 0.559  1.36 0.559000 9.999 0.559259 99.99 0.559259 0.046 0.000000  1.208 0.000  1.691 0.000 99.99 0.559259  11.168 0.000   3.943 0.000   7.225 0.559 0.117 0.559000 0.178 0.000
126.333333 127.333333  175.04 0.699  1.26 0.699000 9.999 0.699259 99.99 0.699259 0.029 0.000000  1.307 0.000  1.829 0.000 99.99 0.699259   9.543 0.000   2.995 0.000   6.549 0.699 0.100 0.699000 0.138 0.000
129.333333 130.333333  203.87 0.559  2.57 0.559000 9.999 0.559259 99.99 0.559259 0.039 0.000000  1.088 0.000  1.523 0.000 99.99 0.559259  12.786 0.000   5.111 0.000   7.675 0.559 0.127 0.559000 0.551 0.000
132.333333 133.333333  181.01 0.559  1.61 0.559000 9.999 0.559259 99.99 0.559259 0.093 0.000000  0.759 0.000  1.063 0.000 99.99 0.559259  11.438 0.000   5.184 0.000   6.253 0.559 0.109 0.559000 0.343 0.000
135.333333 136.333333   34.00 0.559  0.55 0.559000 9.999 0.559259  0.30 0.559000 0.013 0.000000  0.371 0.000  0.519 0.000 99.99 0.559259   3.149 0.000   1.505 0.000   1.644 0.559 0.023 0.559000 0.088 0.000
138.333333 139.333333  125.77 0.559  3.38 0.559000 9.999 0.559259 99.99 0.559259 0.046 0.000000  1.161 0.000  1.625 0.000 99.99 0.559259  11.264 0.000   4.913 0.000   6.351 0.559 0.104 0.559000 0.408 0.000
141.333333 142.333333   45.18 0.559  1.23 0.559000 9.999 0.559259 99.99 0.559259 0.014 0.000000  0.940 0.000  1.316 0.000 99.99 0.559259   5.508 0.000   3.113 0.000   2.395 0.559 0.033 0.559000 0.089 0.000
144.333333 145.333333   79.04 0.559  0.79 0.559000 9.999 0.559259  0.16 0.559000 0.029 0.000000  0.650 0.000  0.910 0.000 99.99 0.559259  10.478 0.000   4.453 0.000   6.025 0.559 0.054 0.559000 0.276 0.000
147.333333 148.333333   70.38 0.559  1.87 0.559000 9.999 0.559259 99.99 0.559259 0.028 0.000000  1.704 0.000  2.386 0.000 99.99 0.559259   6.780 0.000 999.999 0.259   6.844 0.559 0.050 0.559000 0.261 0.000
150.333333 151.333333   72.15 0.559  0.38 0.559000 9.999 0.559259 99.99 0.559259 0.016 0.000000  0.723 0.000  1.012 0.000 99.99 0.559259   6.328 0.000   3.699 0.000   2.629 0.559 0.035 0.559000 0.094 0.000
153.333333 154.333333   13.18 0.559  0.34 0.559000 9.999 0.559259 99.99 0.559259 0.008 0.000000  0.115 0.000  0.161 0.000 99.99 0.559259   3.556 0.000   2.187 0.000   1.369 0.559 0.013 0.559000 0.150 0.000
156.333333 157.333333   16.96 0.559  0.49 0.559000 9.999 0.559259 99.99 0.559259 0.013 0.000000  0.376 0.000  0.526 0.000 99.99 0.559259   4.216 0.000   2.735 0.000   1.481 0.559 0.020 0.559000 0.086 0.000
159.333333 160.333333   46.07 0.559  1.18 0.559000 9.999 0.559259  0.14 0.559000 0.028 0.000000  0.565 0.000  0.791 0.000 99.99 0.559259   5.870 0.000   2.860 0.000   3.009 0.559 0.044 0.559000 0.250 0.000
162.333333 163.333333    8.42 0.559  0.22 0.559000 9.999 0.559259 99.99 0.559259 0.005 0.000000  0.110 0.000  0.154 0.000 99.99 0.559259   2.311 0.000   1.613 0.000   0.698 0.559 0.009 0.559000 0.066 0.000
165.333333 166.333333   23.68 0.559  0.56 0.559000 9.999 0.559259 99.99 0.559259 0.018 0.000000  0.765 0.000  1.070 0.000 99.99 0.559259   5.415 0.000   2.942 0.000   2.473 0.559 0.024 0.559000 0.111 0.000
168.333333 169.333333   25.42 0.559  0.50 0.559000 9.999 0.559259 99.99 0.559259 0.017 0.000000  0.396 0.000  0.554 0.000 99.99 0.559259   4.340 0.000   2.049 0.000   2.292 0.559 0.025 0.559000 0.155 0.000
171.333333 172.333333   56.05 0.559  0.87 0.559000 9.999 0.559259  0.12 0.559000 0.028 0.000000  1.754 0.000  2.456 0.000 99.99 0.559259  11.177 0.000   5.495 0.000   5.682 0.559 0.042 0.559000 0.288 0.000
174.333333 175.333333   19.28 0.559  0.43 0.559000 9.999 0.559259 99.99 0.559259 0.025 0.000000  0.448 0.000  0.627 0.000 99.99 0.559259   4.878 0.000   2.540 0.000   2.338 0.559 0.026 0.559000 0.114 0.000
177.333333 178.333333    6.49 0.559  0.19 0.559000 9.999 0.559259 99.99 0.559259 0.008 0.000000  0.136 0.000  0.190 0.000 99.99 0.559259   1.705 0.000   0.926 0.000   0.779 0.559 0.011 0.559000 0.062 0.000
180.333333 181.333333   13.78 0.559  0.41 0.559000 9.999 0.559259  0.12 0.559000 0.016 0.000000  1.030 0.000  1.441 0.000 99.99 0.559259   4.808 0.000   1.736 0.000   3.072 0.559 0.023 0.559000 0.098 0.000
183.333333 184.333333   36.22 0.559  0.55 0.559000 9.999 0.559259 99.99 0.559259 0.021 0.000000  1.220 0.000  1.708 0.000 99.99 0.559259 999.999 0.456 999.999 0.999   4.407 0.559 0.033 0.559000 0.239 0.000
186.333333 187.333333   27.87 0.559  1.65 0.559000 9.999 0.559259 99.99 0.559259 0.041 0.000000  1.066 0.000  1.492 0.000 99.99 0.559259 999.999 0.456 999.999 0.999   4.003 0.559 0.092 0.559000 0.205 0.000
189.333333 190.333333   29.50 0.559  0.52 0.559000 9.999 0.559259 99.99 0.559259 0.034 0.000000  1.915 0.000  2.681 0.000 99.99 0.559259 999.999 0.456 999.999 0.999   4.898 0.559 0.035 0.559000 0.156 0.000
192.333333 193.333333   25.37 0.559  0.48 0.559000 9.999 0.559259  0.17 0.559000 0.035 0.000000  0.934 0.000  1.307 0.000 99.99 0.559259   5.301 0.000   1.309 0.000   3.992 0.559 0.031 0.559000 0.278 0.000
195.333333 196.333333   26.13 0.559  0.50 0.559000 9.999 0.559259  0.14 0.559000 0.029 0.000000  0.908 0.000  1.271 0.000 99.99 0.559259   5.167 0.000   1.926 0.000   3.241 0.559 0.024 0.559000 0.171 0.000
198.333333 199.333333   14.98 0.559  0.14 0.559000 9.999 0.559259 99.99 0.559259 0.017 0.000000  0.324 0.000  0.454 0.000 99.99 0.559259   3.224 0.000   1.783 0.000   1.441 0.559 0.013 0.559000 0.075 0.000
201.333333 202.333333   17.05 0.559  0.29 0.559000 9.999 0.559259 99.99 0.559259 0.022 0.000000  0.592 0.000  0.828 0.000 99.99 0.559259   4.340 0.000   2.059 0.000   2.282 0.559 0.022 0.559000 0.132 0.000
204.333333 205.333333   38.69 0.559  0.50 0.559000 9.999 0.559259 99.99 0.559259 0.014 0.000000  1.342 0.000  1.879 0.000 99.99 0.559259   7.474 0.000   3.130 0.000   4.344 0.559 0.022 0.559000 0.179 0.000
207.333333 208.333333   40.42 0.559  0.45 0.559000 9.999 0.559259 99.99 0.559259 0.035 0.000000  1.279 0.000  1.791 0.000 99.99 0.559259   8.300 0.000   3.785 0.000   4.516 0.559 0.027 0.559000 0.167 0.000
210.333333 211.333333   11.04 0.559  0.20 0.559000 9.999 0.559259 99.99 0.559259 0.008 0.000000  0.200 0.000  0.280 0.000 99.99 0.559259   4.134 0.000   3.050 0.000   1.084 0.559 0.012 0.559000 0.037 0.000
213.333333 214.333333   30.39 0.559  0.54 0.559000 9.999 0.559259  0.11 0.559000 0.033 0.000000  0.953 0.000  1.333 0.000 99.99 0.559259   7.358 0.000   4.019 0.000   3.339 0.559 0.041 0.559000 0.152 0.000
216.333333 217.333333   14.20 0.559  0.29 0.559000 9.999 0.559259 99.99 0.559259 0.007 0.000000  0.361 0.000  0.505 0.000 99.99 0.559259   2.728 0.000   1.576 0.000   1.152 0.559 0.017 0.559000 0.058 0.000
219.333333 220.333333   45.17 0.559  0.37 0.559000 9.999 0.559259 99.99 0.559259 0.016 0.000000  1.880 0.000  2.633 0.000 99.99 0.559259   9.533 0.000   4.480 0.000   5.054 0.559 0.028 0.559000 0.178 0.000
222.333333 223.333333   46.76 0.699  0.69 0.699000 9.999 0.699259 99.99 0.699259 0.030 0.000000  3.289 0.000  4.604 0.000 99.99 0.699259  12.656 0.000   3.748 0.000   8.909 0.699 0.055 0.699000 0.323 0.000
225.333333 226.333333   40.67 0.559  0.46 0.559000 9.999 0.559259 99.99 0.559259 0.015 0.000000  2.390 0.000  3.346 0.000 99.99 0.559259   9.260 0.000   2.968 0.000   6.292 0.559 0.030 0.559000 0.287 0.000
228.333333 229.333333  162.35 0.699  0.63 0.699000 9.999 0.699259 99.99 0.699259 0.023 0.000000  3.691 0.000  5.168 0.000 99.99 0.699259  28.687 0.000  16.618 0.000  12.069 0.699 0.067 0.699000 0.308 0.000
