scripts/IMPROVE-2019_partial/data/US0063R.20140102070000.20191216000000.filterpack...52w.3d.US03L_filterpack_US0063.US03L_IMPROVE_Davis.lev2.nas
52 1001
MISSING INFORMATION
US03L, IMPROVE, , , , , , , 
MISSING INFORMATION
IMPROVE sel_HTAP
1 1
2014 01 01 2019 12 16
3.000000
days from file reference point
5
1 1 1 1 1
999.999999 999.999 9.999 999.999 9.999
end_time of measurement, days from the file reference point
pm10_mass, ug/m3, Matrix=pm10
numflag pm10_mass, no unit, Matrix=pm10
pm25_mass, ug/m3, Matrix=pm25
numflag pm25_mass, no unit, Matrix=pm25
0
33
Data definition:              EBAS_1.1
Set type code:                TU
Timezone:                     UTC
File name:                    US0063R.20140102070000.20191216000000.filterpack...52w.3d.US03L_filterpack_US0063.US03L_IMPROVE_Davis.lev2.nas
File creation:                20191218115931
Startdate:                    20140102070000
Revision date:                20191216000000
Version:                      2
Version description:          "Data extracted from http://views.cira.colostate.edu/fed/DataWizard 2019-12-16"
Statistics:                   arithmetic mean
Data level:                   2
Period code:                  52w
Resolution code:              3d
Sample duration:              1d
Orig. time res.:              3d
Station code:                 US0063R
Platform code:                US0063S
Station name:                 Bosque del Apache
Station latitude:             33.8695
Station longitude:            -106.852
Station altitude:             1389.0 m
Regime:                       IMG
Component:                    
Unit:                         ug/m3
Matrix:                       
Laboratory code:              US03L
Instrument type:              filterpack
Instrument name:              filterpack_US0063
Method ref:                   US03L_IMPROVE_Davis
Blank correction:             Blank corrected
Volume std. temperature:      ambient
Volume std. pressure:         ambient
starttime endtime PM10 flag_PM10 PM2.5 flag_PM2.5
  1.291667   2.291667   6.100 0.000   1.781 0.000
  4.291667   5.291667   3.540 0.000   0.957 0.000
  7.291667   8.291667  10.178 0.000   4.221 0.000
 10.291667  11.291667   2.916 0.000   1.471 0.000
 13.291667  14.291667   6.984 0.000   2.204 0.000
 16.291667  17.291667  10.769 0.000   3.503 0.000
 19.291667  20.291667   8.078 0.000   2.892 0.000
 22.291667  23.291667  21.534 0.000   6.149 0.000
 25.291667  26.291667  10.661 0.000   3.538 0.000
 28.291667  29.291667  11.905 0.000   2.619 0.000
 31.291667  32.291667   4.247 0.000   1.425 0.000
 34.291667  35.291667   5.205 0.000   1.820 0.000
 37.291667  38.291667   9.089 0.000   3.452 0.000
 40.291667  41.291667   3.597 0.000   0.950 0.000
 43.291667  44.291667   5.074 0.000   1.349 0.000
 46.291667  47.291667   4.472 0.000   1.098 0.000
 49.291667  50.291667 999.999 0.999 999.999 0.999
 52.291667  53.291667   8.053 0.000   2.666 0.000
 55.291667  56.291667   9.326 0.000   3.074 0.000
 58.291667  59.291667   6.843 0.000   1.463 0.000
 61.291667  62.291667   2.944 0.000   1.229 0.000
 64.291667  65.291667   7.839 0.000   2.333 0.000
 67.291667  68.291667   2.112 0.000   1.012 0.000
 70.291667  71.291667  22.592 0.000   4.305 0.000
 73.291667  74.291667  17.674 0.000   3.169 0.000
 76.291667  77.291667  19.207 0.000   6.765 0.000
 79.291667  80.291667  17.312 0.000   4.669 0.000
 82.291667  83.291667  14.702 0.000   4.594 0.000
 85.291667  86.291667  13.504 0.000   3.970 0.000
 88.291667  89.291667  12.119 0.000   4.007 0.000
 91.291667  92.291667 999.999 0.456 999.999 0.456
 94.291667  95.291667 999.999 0.456 999.999 0.456
 97.291667  98.291667 999.999 0.456 999.999 0.456
100.291667 101.291667 999.999 0.456 999.999 0.456
103.291667 104.291667 999.999 0.456 999.999 0.456
106.291667 107.291667 999.999 0.456 999.999 0.456
109.291667 110.291667 999.999 0.456 999.999 0.456
112.291667 113.291667 999.999 0.999 999.999 0.999
115.291667 116.291667  32.550 0.000   5.622 0.000
118.291667 119.291667  11.911 0.000   3.590 0.000
121.291667 122.291667  17.937 0.000 999.999 0.456
124.291667 125.291667  12.586 0.000   4.202 0.000
127.291667 128.291667  17.440 0.000   5.025 0.000
130.291667 131.291667  24.778 0.000   6.609 0.000
133.291667 134.291667   9.986 0.000   2.763 0.000
136.291667 137.291667  33.294 0.000   9.598 0.000
139.291667 140.291667  13.965 0.000   3.273 0.000
142.291667 143.291667  11.658 0.000   3.260 0.000
145.291667 146.291667  15.804 0.000   5.033 0.000
148.291667 149.291667  16.343 0.000   4.326 0.000
151.291667 152.291667  16.522 0.000   5.856 0.000
154.291667 155.291667  12.120 0.000   4.054 0.000
157.291667 158.291667  17.067 0.000   5.503 0.000
160.291667 161.291667  16.455 0.000   5.172 0.000
163.291667 164.291667  25.906 0.000   8.205 0.000
166.291667 167.291667  13.081 0.000   3.741 0.000
169.291667 170.291667  14.881 0.000   3.839 0.000
172.291667 173.291667  12.330 0.000   3.655 0.000
175.291667 176.291667  17.768 0.000   4.103 0.000
178.291667 179.291667  17.457 0.000   4.593 0.000
181.291667 182.291667  27.241 0.000   7.137 0.000
184.291667 185.291667  12.474 0.000   4.614 0.000
187.291667 188.291667  13.121 0.000   4.015 0.000
190.291667 191.291667  11.691 0.000   4.763 0.000
193.291667 194.291667   9.004 0.000   3.953 0.000
196.291667 197.291667   7.413 0.000   2.256 0.000
199.291667 200.291667  12.153 0.000   5.188 0.000
202.291667 203.291667 999.999 0.999 999.999 0.999
205.291667 206.291667 999.999 0.456   8.358 0.000
208.291667 209.291667   5.897 0.000   5.542 0.000
211.291667 212.291667  16.255 0.000  15.261 0.000
214.291667 215.291667   9.310 0.000   5.833 0.000
217.291667 218.291667 999.999 0.999 999.999 0.999
220.291667 221.291667  10.007 0.000   3.604 0.000
223.291667 224.291667   9.924 0.000   5.259 0.000
226.291667 227.291667   4.574 0.000   2.393 0.000
229.291667 230.291667   7.604 0.000   3.443 0.000
232.291667 233.291667   7.471 0.000   2.494 0.000
235.291667 236.291667   5.762 0.000   2.802 0.000
238.291667 239.291667   3.011 0.000   2.203 0.000
241.291667 242.291667   6.507 0.000   2.295 0.000
244.291667 245.291667   8.545 0.000   2.850 0.000
247.291667 248.291667   4.249 0.000   1.793 0.000
250.291667 251.291667   4.646 0.000   2.300 0.000
253.291667 254.291667  10.526 0.000   4.028 0.000
256.291667 257.291667   3.316 0.000   0.944 0.000
259.291667 260.291667   2.519 0.000   1.095 0.000
262.291667 263.291667   4.016 0.000   1.884 0.000
265.291667 266.291667   4.211 0.000   1.698 0.000
268.291667 269.291667  10.162 0.000   5.183 0.000
271.291667 272.291667   5.969 0.000   3.021 0.000
274.291667 275.291667   4.978 0.000   1.657 0.000
277.291667 278.291667   4.424 0.000   1.444 0.000
280.291667 281.291667   6.171 0.000   2.720 0.000
283.291667 284.291667 999.999 0.456   1.377 0.000
286.291667 287.291667 999.999 0.456   1.025 0.000
289.291667 290.291667   7.497 0.000   3.336 0.000
292.291667 293.291667   8.441 0.000   7.141 0.000
295.291667 296.291667   6.346 0.000   4.321 0.000
298.291667 299.291667   6.102 0.000   3.123 0.000
301.291667 302.291667 999.999 0.999 999.999 0.999
304.291667 305.291667 999.999 0.999 999.999 0.999
307.291667 308.291667 999.999 0.999 999.999 0.999
310.291667 311.291667   3.793 0.000   1.591 0.000
313.291667 314.291667   5.784 0.000   1.968 0.000
316.291667 317.291667 999.999 0.999 999.999 0.999
319.291667 320.291667 999.999 0.999 999.999 0.999
322.291667 323.291667 999.999 0.999 999.999 0.999
325.291667 326.291667   7.614 0.000   3.133 0.000
328.291667 329.291667   3.378 0.000   1.107 0.000
331.291667 332.291667 999.999 0.999 999.999 0.999
334.291667 335.291667 999.999 0.999 999.999 0.999
337.291667 338.291667   6.071 0.000   3.718 0.000
340.291667 341.291667   3.153 0.000   2.208 0.000
343.291667 344.291667 999.999 0.999 999.999 0.999
346.291667 347.291667 999.999 0.999 999.999 0.999
349.291667 350.291667 999.999 0.999 999.999 0.999
352.291667 353.291667 999.999 0.999 999.999 0.999
355.291667 356.291667   1.644 0.000   0.653 0.000
358.291667 359.291667 999.999 0.999 999.999 0.999
361.291667 362.291667 999.999 0.999 999.999 0.999
364.291667 365.291667   6.800 0.000   3.846 0.000
