scripts/IMPROVE-2019_partial/data/US0031R.20160101100000.20191216000000.filterpack...52w.3d.US03L_filterpack_US0031.US03L_IMPROVE_Davis.lev2.nas
51 1001
MISSING INFORMATION
US03L, IMPROVE, , , , , , , 
MISSING INFORMATION
IMPROVE sel_HTAP
1 1
2016 01 01 2019 12 16
3.000000
days from file reference point
4
1 1 1 1
999.999999 999.999 999.999 9.999
end_time of measurement, days from the file reference point
pm10_mass, ug/m3, Matrix=pm10
pm25_mass, ug/m3, Matrix=pm25
numflag, no unit
0
33
Data definition:              EBAS_1.1
Set type code:                TU
Timezone:                     UTC
File name:                    US0031R.20160101100000.20191216000000.filterpack...52w.3d.US03L_filterpack_US0031.US03L_IMPROVE_Davis.lev2.nas
File creation:                20191218115730
Startdate:                    20160101100000
Revision date:                20191216000000
Version:                      2
Version description:          "Data extracted from http://views.cira.colostate.edu/fed/DataWizard 2019-12-16"
Statistics:                   arithmetic mean
Data level:                   2
Period code:                  52w
Resolution code:              3d
Sample duration:              1d
Orig. time res.:              3d
Station code:                 US0031R
Platform code:                US0031S
Station name:                 Hawaii Volcanoes NP
Station latitude:             19.4309
Station longitude:            -155.2579
Station altitude:             1258.0 m
Regime:                       IMG
Component:                    
Unit:                         ug/m3
Matrix:                       
Laboratory code:              US03L
Instrument type:              filterpack
Instrument name:              filterpack_US0031
Method ref:                   US03L_IMPROVE_Davis
Blank correction:             Blank corrected
Volume std. temperature:      ambient
Volume std. pressure:         ambient
starttime endtime PM10 PM2.5 flag
  0.416667   1.416667   5.995   3.905 0.000
  3.416667   4.416667   3.471   1.597 0.000
  6.416667   7.416667   7.517   6.857 0.000
  9.416667  10.416667  13.205  12.986 0.000
 12.416667  13.416667   7.948   6.122 0.000
 15.416667  16.416667   8.602   6.593 0.000
 18.416667  19.416667  17.873  16.398 0.000
 21.416667  22.416667   1.380   0.778 0.000
 24.416667  25.416667   4.667   4.302 0.000
 27.416667  28.416667 999.999 999.999 0.999
 30.416667  31.416667   3.197   2.132 0.000
 33.416667  34.416667   4.228   1.878 0.000
 36.416667  37.416667   8.064   7.644 0.000
 39.416667  40.416667  23.597  21.025 0.000
 42.416667  43.416667   7.093   2.881 0.000
 45.416667  46.416667  14.893   6.409 0.000
 48.416667  49.416667   3.657   1.568 0.000
 51.416667  52.416667  24.559  23.581 0.000
 54.416667  55.416667  13.220  11.817 0.000
 57.416667  58.416667   7.457   7.808 0.000
 60.416667  61.416667  28.858  27.431 0.000
 63.416667  64.416667  18.563  17.450 0.000
 66.416667  67.416667  14.804  13.897 0.000
 69.416667  70.416667   8.086   3.127 0.000
 72.416667  73.416667   1.217   0.593 0.000
 75.416667  76.416667  15.497  14.418 0.000
 78.416667  79.416667   0.476   0.406 0.000
 81.416667  82.416667  17.325  17.615 0.000
 84.416667  85.416667   5.672   3.401 0.000
 87.416667  88.416667  14.963  14.094 0.000
 90.416667  91.416667  41.352  39.585 0.000
 93.416667  94.416667   3.382   1.593 0.000
 96.416667  97.416667 999.999 999.999 0.999
 99.416667 100.416667 999.999 999.999 0.999
102.416667 103.416667 999.999 999.999 0.999
105.416667 106.416667   6.788   3.144 0.000
108.416667 109.416667   0.477   0.187 0.000
111.416667 112.416667   3.982   2.062 0.000
114.416667 115.416667   2.033   0.935 0.000
117.416667 118.416667   2.518   1.470 0.000
120.416667 121.416667   4.764   2.744 0.000
123.416667 124.416667   4.456   2.139 0.000
126.416667 127.416667   7.971   7.055 0.000
129.416667 130.416667   3.069   1.948 0.000
132.416667 133.416667 999.999 999.999 0.999
135.416667 136.416667   3.073   1.722 0.000
138.416667 139.416667   3.679   1.966 0.000
141.416667 142.416667   2.744   1.311 0.000
144.416667 145.416667   2.257   1.064 0.000
147.416667 148.416667   4.536   3.659 0.000
150.416667 151.416667   4.590   3.132 0.000
153.416667 154.416667   1.220   0.630 0.000
156.416667 157.416667  23.062  23.699 0.000
159.416667 160.416667   4.783   2.230 0.000
162.416667 163.416667   2.766   1.374 0.000
165.416667 166.416667   1.969   1.237 0.000
168.416667 169.416667   4.435   1.869 0.000
171.416667 172.416667   3.854   1.988 0.000
174.416667 175.416667   2.652   1.214 0.000
177.416667 178.416667   3.308   1.715 0.000
180.416667 181.416667   6.922   3.226 0.000
183.416667 184.416667  10.136   4.611 0.000
186.416667 187.416667   1.363   0.791 0.000
189.416667 190.416667   5.168   2.059 0.000
192.416667 193.416667   3.867   2.185 0.000
195.416667 196.416667   3.860   2.710 0.000
198.416667 199.416667   6.546   6.164 0.000
201.416667 202.416667   2.551   0.938 0.000
204.416667 205.416667   1.013   0.593 0.000
207.416667 208.416667   8.761   4.521 0.000
210.416667 211.416667   5.512   2.259 0.000
213.416667 214.416667   3.053   1.629 0.000
216.416667 217.416667   5.033   2.596 0.000
219.416667 220.416667   2.185   1.681 0.000
222.416667 223.416667   4.265   2.001 0.000
225.416667 226.416667   0.689   0.282 0.000
228.416667 229.416667   1.775   0.938 0.000
231.416667 232.416667   1.595   0.812 0.000
234.416667 235.416667   5.653   5.030 0.000
237.416667 238.416667   2.275   1.151 0.000
240.416667 241.416667   1.633   0.907 0.000
243.416667 244.416667   1.046   0.278 0.000
246.416667 247.416667  13.423  13.421 0.000
249.416667 250.416667   2.676   1.029 0.000
252.416667 253.416667   3.323   1.222 0.000
255.416667 256.416667  14.622  13.084 0.000
258.416667 259.416667   2.899   1.779 0.000
261.416667 262.416667   1.857   0.844 0.000
264.416667 265.416667   1.773   0.781 0.000
267.416667 268.416667   0.911   0.530 0.000
270.416667 271.416667   2.693   1.007 0.000
273.416667 274.416667   2.462   0.971 0.000
276.416667 277.416667   3.333   1.916 0.000
279.416667 280.416667   2.858   1.405 0.000
282.416667 283.416667   2.545   1.245 0.000
285.416667 286.416667   1.643   0.831 0.000
288.416667 289.416667   1.397   0.747 0.000
291.416667 292.416667   2.046   0.971 0.000
294.416667 295.416667   4.847   2.071 0.000
297.416667 298.416667   3.984   1.531 0.000
300.416667 301.416667   3.771   1.668 0.000
303.416667 304.416667   2.601   1.282 0.000
306.416667 307.416667 999.999 999.999 0.999
309.416667 310.416667   4.332   2.061 0.000
312.416667 313.416667   0.862   0.562 0.000
315.416667 316.416667  20.353  20.435 0.000
318.416667 319.416667   0.607   0.251 0.000
321.416667 322.416667   5.503   2.104 0.000
324.416667 325.416667   1.212   0.501 0.000
327.416667 328.416667 999.999 999.999 0.999
330.416667 331.416667   5.200   1.898 0.000
333.416667 334.416667   2.224   0.947 0.000
336.416667 337.416667   1.528   1.037 0.000
339.416667 340.416667   3.246   2.928 0.000
342.416667 343.416667   8.623   6.525 0.000
345.416667 346.416667   1.600   0.811 0.000
348.416667 349.416667   1.568   0.973 0.000
351.416667 352.416667   4.184   2.759 0.000
354.416667 355.416667   2.904   1.096 0.000
357.416667 358.416667   0.565   0.281 0.000
360.416667 361.416667   1.787   0.968 0.000
363.416667 364.416667   2.751   0.786 0.000
