scripts/IMPROVE-2019_partial/data/US0070R.20040101080000.20191216000000.filterpack..pm25.52w.1w.US03L_filterpack_US0070.US03L_IMPROVE_Davis.lev2.nas
66 1001
MISSING INFORMATION
US03L, IMPROVE, , , , , , , 
MISSING INFORMATION
IMPROVE sel_HTAP
1 1
2004 01 01 2019 12 16
3.000000
days from file reference point
27
1 1 1 1 1 1 1 1 1 1 1 1 1 1 1 1 1 1 1 1 1 1 1 1 1 1 1
999.999999 9999.99 9.999 99.99 9.999 9.999 9.999999 9.99 9.999 9.999 9.999 99.999 9.999 99.999 9.999 99.99 9.999999 999.999 9.999 99.999 9.999 999.999 9.999 9.999 9.999 9.999 9.999999
end_time of measurement, days from the file reference point
iron, ng/m3, Revision date=20181210133000
numflag iron, no unit, Revision date=20181210133000
lead, ng/m3, Revision date=20181210133000
numflag lead, no unit, Revision date=20181210133000
magnesium, ug/m3, Revision date=20181210133000
numflag magnesium, no unit, Revision date=20181210133000
nickel, ng/m3, Revision date=20181210133000
numflag nickel, no unit, Revision date=20181210133000
nitrate, ug N/m3, Revision date=20181210133000
numflag nitrate, no unit, Revision date=20181210133000
organic_carbon, ug C/m3, Revision date=20181210133000
numflag organic_carbon, no unit, Revision date=20181210133000
organic_mass, ug/m3, Revision date=20181210133000
numflag organic_mass, no unit, Revision date=20181210133000
phosphorus, ng/m3, Revision date=20181210133000
numflag phosphorus, no unit, Revision date=20181210133000
pm10_mass, ug/m3, Version=2, Version description=Data extracted from http://views.cira.colostate.edu/fed/DataWizard 2019-12-16, Sample duration=1d, Orig. time res.=3d, Matrix=pm10, Blank correction=Blank corrected, Volume std. temperature=ambient, Volume std. pressure=ambient
numflag pm10_mass, no unit, Version=2, Version description=Data extracted from http://views.cira.colostate.edu/fed/DataWizard 2019-12-16, Sample duration=1d, Orig. time res.=3d, Matrix=pm10, Blank correction=Blank corrected, Volume std. temperature=ambient, Volume std. pressure=ambient
pm10_pm25_mass, ug/m3, Revision date=20181210133000, Matrix=pm10_pm25
numflag pm10_pm25_mass, no unit, Revision date=20181210133000, Matrix=pm10_pm25
pm25_mass, ug/m3, Version=2, Version description=Data extracted from http://views.cira.colostate.edu/fed/DataWizard 2019-12-16, Sample duration=1d, Orig. time res.=3d, Blank correction=Blank corrected, Volume std. temperature=ambient, Volume std. pressure=ambient
numflag pm25_mass, no unit, Version=2, Version description=Data extracted from http://views.cira.colostate.edu/fed/DataWizard 2019-12-16, Sample duration=1d, Orig. time res.=3d, Blank correction=Blank corrected, Volume std. temperature=ambient, Volume std. pressure=ambient
potassium, ug/m3, Revision date=20181210133000
numflag potassium, no unit, Revision date=20181210133000
sulphate_total, ug S/m3, Revision date=20181210133000
numflag sulphate_total, no unit, Revision date=20181210133000
0
25
Data definition:              EBAS_1.1
Set type code:                TU
Timezone:                     UTC
File name:                    US0070R.20040101080000.20191216000000.filterpack..pm25.52w.1w.US03L_filterpack_US0070.US03L_IMPROVE_Davis.lev2.nas
File creation:                20191218120010
Startdate:                    20040101080000
Revision date:                20191216000000
Statistics:                   arithmetic mean
Data level:                   2
Period code:                  52w
Resolution code:              1w
Station code:                 US0070R
Platform code:                US0070S
Station name:                 Crater Lake NP
Station latitude:             42.8958
Station longitude:            -122.1361
Station altitude:             1996.0 m
Regime:                       IMG
Component:                    
Matrix:                       pm25
Laboratory code:              US03L
Instrument type:              filterpack
Instrument name:              filterpack_US0070
Method ref:                   US03L_IMPROVE_Davis
starttime endtime Fe flag_Fe Pb flag_Pb Mg++ flag_Mg++ Ni flag_Ni NO3- flag_NO3- OC flag_OC OM flag_OM P flag_P PM10 flag_PM10 PM10-PM2.5 flag_PM10-PM2.5 PM2.5 flag_PM2.5 K+ flag_K+ SO4-- flag_SO4--
  0.333333   1.333333    2.80 0.000  0.17 0.000 9.999 0.259000 0.10 0.000 0.002 0.000  0.061 0.000  0.086 0.000 99.99 0.259000   3.100 0.000  2.843 0.000   0.258 0.000 0.003 0.000 0.005 0.000000
  3.333333   4.333333    2.85 0.000  0.12 0.000 0.025 0.000000 0.08 0.000 9.999 0.259  0.022 0.000  0.032 0.000 99.99 0.259000   0.265 0.000  0.106 0.000   0.159 0.000 0.004 0.000 0.001 0.000000
  6.333333   7.333333    3.60 0.000  0.20 0.000 9.999 0.259000 0.11 0.000 0.011 0.000  0.228 0.000  0.319 0.000 99.99 0.259000   0.514 0.000  0.208 0.000   0.306 0.000 0.004 0.000 0.017 0.000000
  9.333333  10.333333    1.61 0.000  0.14 0.000 9.999 0.259000 0.11 0.000 0.015 0.000  0.238 0.000  0.333 0.000 99.99 0.259000   0.698 0.000  0.293 0.000   0.405 0.000 0.004 0.000 0.024 0.000000
 12.333333  13.333333   13.28 0.000  0.83 0.000 9.999 0.259000 0.08 0.000 0.117 0.000  0.571 0.000  0.800 0.000 99.99 0.259000   2.918 0.000  0.886 0.000   2.032 0.000 0.015 0.000 0.085 0.000000
 15.333333  16.333333    2.81 0.000  0.12 0.000 9.999 0.259000 9.99 0.259 0.003 0.000  0.194 0.000  0.271 0.000 99.99 0.259000   0.292 0.000  0.203 0.000   0.089 0.000 0.003 0.000 0.012 0.000000
 18.333333  19.333333    0.79 0.000  0.11 0.000 9.999 0.259000 0.07 0.000 0.002 0.000  0.080 0.000  0.112 0.000 99.99 0.259000   0.182 0.000  0.028 0.000   0.154 0.000 0.002 0.000 0.006 0.000000
 21.333333  22.333333    2.10 0.000  0.37 0.000 9.999 0.259000 9.99 0.259 0.001 0.000  0.025 0.000  0.034 0.000 99.99 0.259000   0.691 0.000  0.511 0.000   0.180 0.000 0.002 0.000 0.017 0.000000
 24.333333  25.333333    0.38 0.000  0.14 0.000 0.037 0.000000 9.99 0.259 0.003 0.000  0.105 0.000  0.148 0.000 99.99 0.259000   0.365 0.000  0.209 0.000   0.156 0.000 0.001 0.000 0.012 0.000000
 27.333333  28.333333 9999.99 0.999 99.99 0.999 9.999 0.999000 9.99 0.999 9.999 0.999 99.999 0.999 99.999 0.999 99.99 0.999000 999.999 0.999 99.999 0.999 999.999 0.999 9.999 0.999 9.999 0.999000
 30.333333  31.333333    1.07 0.000  0.14 0.000 9.999 0.259000 0.14 0.000 0.000 0.000  0.284 0.000  0.398 0.000 99.99 0.259000   0.434 0.000  0.031 0.000   0.403 0.000 0.003 0.000 0.023 0.000000
 33.333333  34.333333    1.37 0.000  0.13 0.000 9.999 0.259000 9.99 0.259 0.000 0.000  0.083 0.000  0.116 0.000 99.99 0.259000   0.292 0.000 99.999 0.259   0.356 0.000 0.002 0.000 0.014 0.000000
 36.333333  37.333333    2.36 0.000  0.24 0.000 9.999 0.259000 0.07 0.000 0.008 0.000  0.279 0.000  0.391 0.000 99.99 0.259000   0.654 0.000  0.200 0.000   0.455 0.000 0.005 0.000 0.024 0.000000
 39.333333  40.333333   13.90 0.000  0.41 0.000 0.031 0.000000 0.10 0.000 0.004 0.000  0.226 0.000  0.316 0.000 99.99 0.259000   0.945 0.000  0.300 0.000   0.645 0.000 0.007 0.000 0.059 0.000000
 42.333333  43.333333   13.36 0.000  0.36 0.000 9.999 0.259000 9.99 0.259 0.000 0.000  0.647 0.000  0.906 0.000 99.99 0.259000   2.909 0.000  1.532 0.000   1.377 0.000 0.008 0.000 0.059 0.000000
 45.333333  46.333333    9.86 0.000  0.59 0.000 9.999 0.259000 0.09 0.000 0.040 0.000  0.304 0.000  0.426 0.000 99.99 0.259000   1.097 0.000  0.183 0.000   0.914 0.000 0.007 0.000 0.059 0.000000
 48.333333  49.333333 9999.99 0.999 99.99 0.999 9.999 0.999000 9.99 0.999 9.999 0.999 99.999 0.999 99.999 0.999 99.99 0.999000 999.999 0.999 99.999 0.999 999.999 0.999 9.999 0.999 9.999 0.999000
 51.333333  52.333333    2.09 0.000  0.10 0.000 9.999 0.259000 9.99 0.259 0.022 0.000  0.451 0.000  0.632 0.000 99.99 0.259000   1.337 0.000  0.295 0.000   1.042 0.000 0.003 0.000 0.054 0.000000
 54.333333  55.333333    2.25 0.000  0.22 0.000 0.027 0.000000 9.99 0.259 0.027 0.000  0.200 0.000  0.280 0.000 99.99 0.259000   1.114 0.000  0.292 0.000   0.822 0.000 0.005 0.000 0.038 0.000000
 57.333333  58.333333    1.06 0.000  0.19 0.000 9.999 0.259000 9.99 0.259 0.000 0.000  0.085 0.000  0.118 0.000 99.99 0.259000   0.218 0.000  0.035 0.000   0.183 0.000 0.001 0.000 0.007 0.000000
 60.333333  61.333333    1.54 0.000  0.19 0.000 0.048 0.000000 9.99 0.259 0.012 0.000  0.329 0.000  0.461 0.000 99.99 0.259000   0.773 0.000  0.247 0.000   0.526 0.000 0.005 0.000 0.031 0.000000
 63.333333  64.333333    8.51 0.000  0.21 0.000 9.999 0.259000 9.99 0.259 0.004 0.000  0.055 0.000  0.076 0.000 99.99 0.259000   0.759 0.000  0.156 0.000   0.604 0.000 0.005 0.000 0.023 0.000000
 66.333333  67.333333   31.22 0.000  1.00 0.000 0.037 0.000000 9.99 0.259 0.014 0.559  0.361 0.000  0.505 0.000 99.99 0.259000   3.098 0.000  1.078 0.000   2.020 0.000 0.024 0.000 0.112 0.559000
 69.333333  70.333333   98.92 0.000  1.40 0.000 9.999 0.259000 0.11 0.000 0.019 0.000  0.308 0.000  0.431 0.000  9.62 0.000000  10.253 0.000  6.896 0.000   3.357 0.000 0.053 0.000 0.139 0.000000
 72.333333  73.333333   29.81 0.000  0.49 0.000 9.999 0.259000 9.99 0.259 0.012 0.000  0.461 0.000  0.645 0.000 99.99 0.259000   8.253 0.000  6.517 0.000   1.736 0.000 0.017 0.000 0.057 0.000000
 75.333333  76.333333   30.98 0.000  0.67 0.000 9.999 0.259000 9.99 0.259 0.012 0.000  1.077 0.000  1.508 0.000 99.99 0.259000   4.262 0.000  2.398 0.000   1.864 0.000 0.023 0.000 0.086 0.000000
 78.333333  79.333333   33.40 0.000  0.64 0.000 9.999 0.259000 0.09 0.000 0.016 0.000  0.395 0.000  0.552 0.000 99.99 0.259000   2.763 0.000  0.962 0.000   1.801 0.000 0.021 0.000 0.105 0.000000
 81.333333  82.333333   39.56 0.000  1.46 0.000 9.999 0.259000 9.99 0.259 0.026 0.000  1.744 0.000  2.441 0.000 99.99 0.259000   7.126 0.000  2.884 0.000   4.242 0.000 0.048 0.000 0.147 0.000000
 84.333333  85.333333   10.62 0.000  0.37 0.000 9.999 0.259000 9.99 0.259 0.013 0.000  0.173 0.000  0.242 0.000  2.16 0.000000   1.091 0.000  0.241 0.000   0.850 0.000 0.008 0.000 0.046 0.000000
 87.333333  88.333333   41.66 0.000  2.60 0.000 9.999 0.259000 9.99 0.259 0.015 0.000  0.509 0.000  0.712 0.000 99.99 0.259000   5.018 0.000  2.170 0.000   2.848 0.000 0.032 0.000 0.242 0.000000
 90.333333  91.333333   11.30 0.000  0.44 0.000 9.999 0.259000 0.13 0.000 0.017 0.000  0.046 0.000  0.065 0.000 99.99 0.259000   1.745 0.000  0.670 0.000   1.075 0.000 0.010 0.000 0.072 0.000000
 93.333333  94.333333   28.75 0.000  0.75 0.000 9.999 0.259000 9.99 0.259 0.030 0.000  0.851 0.000  1.191 0.000 99.99 0.259000   5.218 0.000  2.111 0.000   3.106 0.000 0.032 0.000 0.179 0.000000
 96.333333  97.333333   44.75 0.000  1.25 0.000 0.054 0.000000 0.07 0.000 0.051 0.000  0.757 0.000  1.060 0.000 99.99 0.259000   5.532 0.000  1.906 0.000   3.627 0.000 0.039 0.000 0.260 0.000000
 99.333333 100.333333   52.56 0.000  1.13 0.000 9.999 0.259000 9.99 0.259 0.022 0.000  0.658 0.000  0.921 0.000 99.99 0.259000   6.726 0.000  3.604 0.000   3.122 0.000 0.032 0.000 0.186 0.000000
102.333333 103.333333   50.20 0.000  1.23 0.000 9.999 0.259000 9.99 0.259 0.057 0.000  1.438 0.000  2.014 0.000 99.99 0.259000   8.053 0.000  2.954 0.000   5.098 0.000 0.048 0.000 0.282 0.000000
105.333333 106.333333   11.83 0.000  0.18 0.000 9.999 0.259000 9.99 0.259 0.002 0.000  0.022 0.000  0.030 0.000 99.99 0.259000   0.331 0.000 99.999 0.259   0.498 0.000 0.005 0.000 0.026 0.000000
108.333333 109.333333    8.49 0.000  0.27 0.000 9.999 0.259000 9.99 0.259 0.004 0.000  0.021 0.000  0.030 0.000 99.99 0.259000   0.582 0.000  0.086 0.000   0.496 0.000 0.008 0.000 0.048 0.000000
111.333333 112.333333    9.84 0.000  0.12 0.000 9.999 0.259000 9.99 0.259 0.004 0.000  0.072 0.000  0.101 0.000 99.99 0.259000   0.694 0.000  0.171 0.000   0.523 0.000 0.004 0.000 0.021 0.000000
114.333333 115.333333   63.19 0.000  2.78 0.000 9.999 0.259000 9.99 0.259 0.015 0.000  0.391 0.000  0.547 0.000 99.99 0.259000   6.506 0.000  3.034 0.000   3.472 0.000 0.061 0.000 0.352 0.000000
117.333333 118.333333  139.36 0.000  4.45 0.000 0.115 0.000000 9.99 0.259 0.038 0.000  0.874 0.000  1.224 0.000 99.99 0.259000  11.976 0.000  5.759 0.000   6.217 0.000 0.112 0.000 0.496 0.000000
120.333333 121.333333   55.16 0.000  1.15 0.000 9.999 0.259000 9.99 0.259 0.015 0.000  2.475 0.000  3.466 0.000 99.99 0.259000   7.596 0.000  2.249 0.000   5.346 0.000 0.040 0.000 0.140 0.000000
123.333333 124.333333   31.69 0.000  0.75 0.000 9.999 0.259000 0.15 0.000 0.025 0.000  0.992 0.000  1.389 0.000 99.99 0.259000   4.282 0.000  1.707 0.000   2.575 0.000 0.031 0.000 0.113 0.000000
126.333333 127.333333 9999.99 0.999 99.99 0.999 9.999 0.999000 9.99 0.999 9.999 0.999 99.999 0.999 99.999 0.999 99.99 0.999000 999.999 0.999 99.999 0.999 999.999 0.999 9.999 0.999 9.999 0.999000
129.333333 130.333333 9999.99 0.999 99.99 0.999 9.999 0.999000 9.99 0.999 9.999 0.999 99.999 0.999 99.999 0.999 99.99 0.999000 999.999 0.999 99.999 0.999 999.999 0.999 9.999 0.999 9.999 0.999000
132.333333 133.333333   14.82 0.000  0.37 0.000 9.999 0.259000 9.99 0.259 0.016 0.000  0.287 0.000  0.403 0.000 99.99 0.259000   2.109 0.000  1.096 0.000   1.013 0.000 0.011 0.000 0.071 0.000000
135.333333 136.333333   26.75 0.000  0.68 0.000 9.999 0.259000 0.15 0.000 0.039 0.000  0.422 0.000  0.591 0.000 99.99 0.259000   3.143 0.000  1.342 0.000   1.801 0.000 0.027 0.000 0.161 0.000000
138.333333 139.333333   23.29 0.000  0.43 0.000 9.999 0.259000 0.18 0.000 0.003 0.000  0.064 0.000  0.090 0.000 99.99 0.259000   0.216 0.000 99.999 0.259   0.347 0.000 0.007 0.000 0.007 0.000000
141.333333 142.333333   59.56 0.000  1.46 0.000 9.999 0.259000 0.14 0.000 0.054 0.000  0.882 0.000  1.235 0.000 99.99 0.259000   5.885 0.000  1.700 0.000   4.184 0.000 0.050 0.000 0.357 0.000000
144.333333 145.333333   15.16 0.000  0.49 0.000 9.999 0.259000 9.99 0.259 0.020 0.559  0.420 0.000  0.589 0.000 99.99 0.259000   2.872 0.000  1.715 0.000   1.157 0.000 0.011 0.000 0.069 0.559000
147.333333 148.333333   25.76 0.000  0.54 0.000 0.111 0.000000 9.99 0.259 0.012 0.000  0.115 0.000  0.161 0.000 99.99 0.259000   1.410 0.000  0.426 0.000   0.984 0.000 0.016 0.000 0.079 0.000000
150.333333 151.333333   30.76 0.559  0.98 0.559 9.999 0.559259 0.14 0.559 0.022 0.000  0.335 0.000  0.469 0.000 99.99 0.559259   3.314 0.000  1.293 0.000   2.021 0.559 0.030 0.559 0.207 0.000000
153.333333 154.333333   44.20 0.000  0.60 0.000 9.999 0.259000 0.09 0.000 0.017 0.000  0.773 0.000  1.083 0.000 99.99 0.259000   5.727 0.000  2.996 0.000   2.731 0.000 0.032 0.000 0.151 0.000000
156.333333 157.333333   11.48 0.000  0.66 0.000 9.999 0.259000 0.15 0.000 0.015 0.000  0.239 0.000  0.334 0.000 99.99 0.259000   1.835 0.000  0.847 0.000   0.988 0.000 0.012 0.000 0.096 0.000000
159.333333 160.333333   16.47 0.000  0.29 0.000 9.999 0.259000 0.19 0.000 0.004 0.000  0.086 0.000  0.120 0.000 99.99 0.259000   1.002 0.000  0.331 0.000   0.671 0.000 0.007 0.000 0.047 0.000000
162.333333 163.333333   40.96 0.000  0.87 0.000 9.999 0.259000 0.25 0.000 0.015 0.000  0.356 0.000  0.499 0.000 99.99 0.259000   2.195 0.000  0.161 0.000   2.034 0.000 0.023 0.000 0.153 0.000000
165.333333 166.333333    9.37 0.000  0.45 0.000 0.070 0.000000 9.99 0.259 0.011 0.559  0.267 0.000  0.374 0.000 99.99 0.259000   2.112 0.000  1.305 0.000   0.807 0.000 0.008 0.000 0.071 0.559000
168.333333 169.333333   35.63 0.000  0.57 0.000 9.999 0.259000 0.12 0.000 0.012 0.000  0.762 0.000  1.067 0.000 99.99 0.259000   4.915 0.000  2.725 0.000   2.190 0.000 0.018 0.000 0.086 0.000000
171.333333 172.333333   52.75 0.000  0.88 0.000 9.999 0.259000 0.19 0.000 0.013 0.000  0.963 0.000  1.348 0.000 99.99 0.259000   5.405 0.000  1.788 0.000   3.617 0.000 0.029 0.000 0.202 0.000000
174.333333 175.333333   37.17 0.000  0.81 0.000 9.999 0.259000 0.25 0.000 0.017 0.000  1.582 0.000  2.215 0.000 99.99 0.259000   7.728 0.000  2.780 0.000   4.948 0.000 0.031 0.000 0.241 0.000000
177.333333 178.333333   13.24 0.000  0.92 0.000 0.064 0.000000 9.99 0.259 0.010 0.000  0.691 0.000  0.968 0.000 99.99 0.259000   3.401 0.000  1.300 0.000   2.101 0.000 0.017 0.000 0.131 0.000000
180.333333 181.333333   26.60 0.000  0.77 0.000 9.999 0.259000 0.16 0.000 0.016 0.000  0.894 0.000  1.252 0.000 99.99 0.259000   5.806 0.000  2.533 0.000   3.273 0.000 0.023 0.000 0.152 0.000000
183.333333 184.333333   23.27 0.000  0.43 0.000 9.999 0.259000 0.12 0.000 0.010 0.000  0.337 0.000  0.472 0.000 99.99 0.259000   2.554 0.000  1.043 0.000   1.512 0.000 0.015 0.000 0.074 0.000000
186.333333 187.333333   17.01 0.000  0.91 0.000 9.999 0.259000 0.08 0.000 0.017 0.000  0.545 0.000  0.763 0.000 99.99 0.259000   3.276 0.000  1.222 0.000   2.054 0.000 0.088 0.000 0.108 0.000000
189.333333 190.333333   52.04 0.000  0.33 0.000 9.999 0.259000 0.19 0.000 0.019 0.000  2.102 0.000  2.943 0.000 99.99 0.259000   6.366 0.000  0.798 0.000   5.567 0.000 0.037 0.000 0.082 0.000000
192.333333 193.333333   13.06 0.000  0.21 0.000 9.999 0.259000 9.99 0.259 0.016 0.000  1.194 0.000  1.671 0.000 99.99 0.259000   4.689 0.000  1.551 0.000   3.138 0.000 0.018 0.000 0.099 0.000000
195.333333 196.333333   96.69 0.000  0.88 0.000 9.999 0.259000 0.50 0.000 0.030 0.000  1.824 0.000  2.553 0.000 99.99 0.259000 999.999 0.456 99.999 0.999   5.684 0.000 0.051 0.000 0.181 0.000000
198.333333 199.333333   36.88 0.000 99.99 0.259 9.999 0.259000 0.14 0.000 0.012 0.000  1.714 0.000  2.400 0.000 99.99 0.259000 999.999 0.456 99.999 0.999   3.845 0.000 0.041 0.000 0.108 0.000000
201.333333 202.333333   29.98 0.000  0.47 0.000 9.999 0.259000 0.19 0.000 0.016 0.000  0.628 0.000  0.880 0.000 99.99 0.259000 999.999 0.456 99.999 0.999   2.517 0.000 0.019 0.000 0.086 0.000000
204.333333 205.333333   49.14 0.000  0.46 0.000 9.999 0.259000 0.13 0.000 0.013 0.000  1.675 0.000  2.345 0.000 99.99 0.259000   6.662 0.000  2.970 0.000   3.692 0.000 0.022 0.000 0.096 0.000000
207.333333 208.333333   30.73 0.000  0.84 0.000 9.999 0.259000 0.22 0.000 0.035 0.000  1.711 0.000  2.396 0.000 99.99 0.259000   6.380 0.000  2.308 0.000   4.073 0.000 0.025 0.000 0.161 0.000000
210.333333 211.333333   50.72 0.000  0.31 0.000 0.080 0.000000 9.99 0.259 0.041 0.000  4.830 0.000  6.762 0.000 99.99 0.259000  12.126 0.000  1.754 0.000  10.373 0.000 0.088 0.000 0.166 0.000000
213.333333 214.333333   33.74 0.000  1.32 0.000 9.999 0.259000 0.14 0.000 0.034 0.000  2.624 0.000  3.673 0.000 99.99 0.259000   7.861 0.000  2.118 0.000   5.743 0.000 0.070 0.000 0.222 0.000000
216.333333 217.333333   31.82 0.000  0.82 0.000 9.999 0.259000 9.99 0.259 0.020 0.000  0.777 0.000  1.087 0.000 99.99 0.259000   4.534 0.000  1.541 0.000   2.993 0.000 0.045 0.000 0.206 0.000000
219.333333 220.333333    7.85 0.000 99.99 0.259 9.999 0.259000 0.29 0.000 0.006 0.000  0.485 0.000  0.679 0.000 99.99 0.259000   1.933 0.000  1.065 0.000   0.868 0.000 0.007 0.000 0.043 0.000000
222.333333 223.333333   29.55 0.000  0.65 0.000 9.999 0.259000 9.99 0.259 0.016 0.000  1.782 0.000  2.495 0.000 99.99 0.259000   7.963 0.000  2.605 0.000   5.358 0.000 0.025 0.000 0.114 0.000000
225.333333 226.333333   58.21 0.000  0.47 0.000 9.999 0.259000 0.09 0.000 0.022 0.000  3.188 0.000  4.464 0.000 99.99 0.259000  11.705 0.000  4.325 0.000   7.380 0.000 0.060 0.000 0.218 0.000000
228.333333 229.333333   36.37 0.000  0.63 0.000 9.999 0.259000 0.15 0.000 0.049 0.000  3.865 0.000  5.411 0.000 99.99 0.259000  12.486 0.000  4.059 0.000   8.426 0.000 0.053 0.000 0.330 0.000000
231.333333 232.333333   68.86 0.000  0.46 0.000 9.999 0.259000 0.12 0.000 0.017 0.000  2.074 0.000  2.904 0.000 99.99 0.259000   8.341 0.000  2.326 0.000   6.015 0.000 0.065 0.000 0.166 0.000000
234.333333 235.333333    1.99 0.000 99.99 0.259 9.999 0.259000 9.99 0.259 0.016 0.000  1.057 0.000  1.480 0.000 99.99 0.259000   2.279 0.000  0.228 0.000   2.051 0.000 0.024 0.000 0.057 0.000000
237.333333 238.333333    3.44 0.000  0.27 0.000 9.999 0.259000 9.99 0.259 0.007 0.000  0.092 0.000  0.129 0.000 99.99 0.259000   0.612 0.000  0.232 0.000   0.379 0.000 0.005 0.000 0.037 0.000000
240.333333 241.333333   27.20 0.000  0.52 0.000 9.999 0.259000 0.14 0.000 0.008 0.000  0.697 0.000  0.976 0.000 99.99 0.259000   2.519 0.000  0.746 0.000   1.772 0.000 0.021 0.000 0.058 0.000000
243.333333 244.333333   25.34 0.000  0.70 0.000 9.999 0.259000 9.99 0.259 0.014 0.000  1.645 0.000  2.303 0.000 99.99 0.259000   5.962 0.000  2.203 0.000   3.759 0.000 0.043 0.000 0.124 0.000000
