scripts/IMPROVE-2019_partial/data/US0038R.20080101060000.20191216000000.filterpack...52w.3d.US03L_filterpack_US0038.US03L_IMPROVE_Davis.lev2.nas
52 1001
MISSING INFORMATION
US03L, IMPROVE, , , , , , , 
MISSING INFORMATION
IMPROVE sel_HTAP
1 1
2008 01 01 2019 12 16
3.00
days from file reference point
5
1 1 1 1 1
999.99 999.999 9.999 999.999 9.999
end_time of measurement, days from the file reference point
pm10_mass, ug/m3, Matrix=pm10
numflag pm10_mass, no unit, Matrix=pm10
pm25_mass, ug/m3, Matrix=pm25
numflag pm25_mass, no unit, Matrix=pm25
0
33
Data definition:              EBAS_1.1
Set type code:                TU
Timezone:                     UTC
File name:                    US0038R.20080101060000.20191216000000.filterpack...52w.3d.US03L_filterpack_US0038.US03L_IMPROVE_Davis.lev2.nas
File creation:                20191218115751
Startdate:                    20080101060000
Revision date:                20191216000000
Version:                      2
Version description:          "Data extracted from http://views.cira.colostate.edu/fed/DataWizard 2019-12-16"
Statistics:                   arithmetic mean
Data level:                   2
Period code:                  52w
Resolution code:              3d
Sample duration:              1d
Orig. time res.:              3d
Station code:                 US0038R
Platform code:                US0038S
Station name:                 Cedar Bluff
Station latitude:             38.7701
Station longitude:            -99.7634
Station altitude:             665.0 m
Regime:                       IMG
Component:                    
Unit:                         ug/m3
Matrix:                       
Laboratory code:              US03L
Instrument type:              filterpack
Instrument name:              filterpack_US0038
Method ref:                   US03L_IMPROVE_Davis
Blank correction:             Blank corrected
Volume std. temperature:      ambient
Volume std. pressure:         ambient
starttime endtime PM10 flag_PM10 PM2.5 flag_PM2.5
  0.25   1.25   3.122 0.000   1.530 0.000
  3.25   4.25  13.076 0.000   7.210 0.000
  6.25   7.25   3.887 0.000   2.003 0.000
  9.25  10.25   3.322 0.000   2.121 0.000
 12.25  13.25   4.213 0.000   3.438 0.000
 15.25  16.25 999.999 0.456   1.762 0.000
 18.25  19.25   7.142 0.000   4.213 0.000
 21.25  22.25   8.512 0.000   5.720 0.000
 24.25  25.25  13.674 0.000   6.094 0.000
 27.25  28.25  26.717 0.000   3.088 0.000
 30.25  31.25  14.582 0.000   7.524 0.000
 33.25  34.25  17.208 0.000  12.798 0.000
 36.25  37.25   7.251 0.000   5.844 0.000
 39.25  40.25   5.310 0.000   2.367 0.000
 42.25  43.25   7.841 0.000   3.328 0.000
 45.25  46.25  11.434 0.000   8.136 0.000
 48.25  49.25   4.659 0.000   2.299 0.000
 51.25  52.25  18.252 0.000   9.198 0.000
 54.25  55.25   8.712 0.000   5.963 0.000
 57.25  58.25   5.940 0.000   2.457 0.000
 60.25  61.25  16.878 0.000   3.715 0.000
 63.25  64.25   7.008 0.000   2.950 0.000
 66.25  67.25   7.868 0.000   3.398 0.000
 69.25  70.25   8.993 0.000   3.684 0.000
 72.25  73.25  10.341 0.000   2.706 0.000
 75.25  76.25  13.513 0.000  11.374 0.000
 78.25  79.25   7.117 0.000   3.453 0.000
 81.25  82.25   8.767 0.000   4.343 0.000
 84.25  85.25  26.998 0.000   6.753 0.000
 87.25  88.25  10.563 0.000   6.908 0.000
 90.25  91.25   2.807 0.000   2.192 0.000
 93.25  94.25   8.633 0.000   7.570 0.000
 96.25  97.25   8.639 0.000   2.395 0.000
 99.25 100.25   8.386 0.000   6.903 0.000
102.25 103.25   5.295 0.000   3.541 0.000
105.25 106.25  30.377 0.000   8.349 0.000
108.25 109.25  12.257 0.000   3.989 0.000
111.25 112.25  29.054 0.000   7.561 0.000
114.25 115.25  29.139 0.000   9.270 0.000
117.25 118.25   7.683 0.000   6.349 0.000
120.25 121.25  26.720 0.000   8.855 0.000
123.25 124.25  12.580 0.000   5.364 0.000
126.25 127.25   8.299 0.000   4.371 0.000
129.25 130.25   6.344 0.000   3.555 0.000
132.25 133.25  18.832 0.000   5.414 0.000
135.25 136.25   7.519 0.000   3.817 0.000
138.25 139.25  25.145 0.000   9.589 0.000
141.25 142.25  20.753 0.000   6.785 0.000
144.25 145.25 999.999 0.999 999.999 0.999
147.25 148.25   3.415 0.000   1.843 0.000
150.25 151.25  11.822 0.000   5.792 0.000
153.25 154.25  13.520 0.000   8.155 0.000
156.25 157.25  29.000 0.000   6.121 0.000
159.25 160.25  13.235 0.000   3.293 0.000
162.25 163.25  29.663 0.000   6.314 0.000
165.25 166.25  16.870 0.000   4.300 0.000
168.25 169.25   8.203 0.000   5.090 0.000
171.25 172.25  10.929 0.000   4.574 0.000
174.25 175.25  17.246 0.000   5.438 0.000
177.25 178.25  30.977 0.000  10.989 0.000
180.25 181.25  11.601 0.000   5.360 0.000
183.25 184.25  32.869 0.000  12.201 0.000
186.25 187.25  22.282 0.000  10.080 0.000
189.25 190.25  11.317 0.000   5.166 0.000
192.25 193.25  17.534 0.000   5.699 0.000
195.25 196.25  12.395 0.000   4.631 0.000
198.25 199.25  20.666 0.000   8.339 0.000
201.25 202.25  16.966 0.000   7.950 0.000
204.25 205.25  26.367 0.000  13.139 0.000
207.25 208.25  11.441 0.000   6.279 0.000
210.25 211.25  10.972 0.000   7.620 0.000
213.25 214.25  19.329 0.000   8.789 0.000
216.25 217.25  23.947 0.000   6.119 0.000
219.25 220.25   6.677 0.000   3.845 0.000
222.25 223.25   8.680 0.000   6.360 0.000
225.25 226.25   6.414 0.000   3.207 0.000
228.25 229.25  13.774 0.000  10.101 0.000
231.25 232.25  14.936 0.000  10.985 0.000
234.25 235.25  15.769 0.000   6.802 0.000
237.25 238.25   7.951 0.000   4.819 0.000
240.25 241.25  21.915 0.000  10.631 0.000
243.25 244.25  18.592 0.000   9.927 0.000
246.25 247.25   5.491 0.000   1.797 0.000
249.25 250.25   4.307 0.000   3.125 0.000
252.25 253.25  12.735 0.000   3.230 0.000
255.25 256.25   3.265 0.000   1.542 0.000
258.25 259.25   6.167 0.000   2.322 0.000
261.25 262.25  16.358 0.000   6.121 0.000
264.25 265.25  25.717 0.000  14.952 0.000
267.25 268.25  20.587 0.000  10.783 0.000
270.25 271.25  23.238 0.000  11.767 0.000
273.25 274.25  20.109 0.000   4.342 0.000
276.25 277.25  25.603 0.000   6.994 0.000
279.25 280.25   3.772 0.000   2.209 0.000
282.25 283.25  11.157 0.000   4.157 0.000
285.25 286.25  17.820 0.000  15.245 0.000
288.25 289.25   3.597 0.000   1.690 0.000
291.25 292.25   7.825 0.000   3.665 0.000
294.25 295.25  15.479 0.000  10.699 0.000
297.25 298.25   3.863 0.000   2.417 0.000
300.25 301.25   7.744 0.000   2.069 0.000
303.25 304.25  14.732 0.000   4.743 0.000
306.25 307.25  17.337 0.000   5.625 0.000
309.25 310.25  13.086 0.000   3.915 0.000
312.25 313.25   6.550 0.000   2.054 0.000
315.25 316.25   2.005 0.000   1.629 0.000
318.25 319.25   2.966 0.000   0.903 0.000
321.25 322.25   3.627 0.000   1.854 0.000
324.25 325.25   9.025 0.000   4.530 0.000
327.25 328.25  12.627 0.000   4.391 0.000
330.25 331.25  12.392 0.000   3.100 0.000
333.25 334.25   4.495 0.000   2.096 0.000
336.25 337.25   5.670 0.000   1.781 0.000
339.25 340.25   8.830 0.000   4.266 0.000
342.25 343.25  16.114 0.000   6.109 0.000
345.25 346.25   4.751 0.000   1.395 0.000
348.25 349.25  13.800 0.000   3.852 0.000
351.25 352.25  14.241 0.000 999.999 0.999
354.25 355.25  11.057 0.000 999.999 0.999
357.25 358.25  15.839 0.000 999.999 0.999
360.25 361.25  21.905 0.000 999.999 0.999
363.25 364.25   4.048 0.000 999.999 0.999
