scripts/IMPROVE-2019_partial/data/US0077R.19890104070000.20191216000000.filterpack...1y.3d.US03L_filterpack_US0077.US03L_IMPROVE_Davis.lev2.nas
51 1001
MISSING INFORMATION
US03L, IMPROVE, , , , , , , 
MISSING INFORMATION
IMPROVE sel_HTAP
1 1
1989 01 01 2019 12 16
0
days from file reference point
4
1 1 1 1
999.999999 999.999 99.999 9.999
end_time of measurement, days from the file reference point
pm10_mass, ug/m3, Matrix=pm10
pm25_mass, ug/m3, Matrix=pm25
numflag, no unit
0
33
Data definition:              EBAS_1.1
Set type code:                TI
Timezone:                     UTC
File name:                    US0077R.19890104070000.20191216000000.filterpack...1y.3d.US03L_filterpack_US0077.US03L_IMPROVE_Davis.lev2.nas
File creation:                20191218120037
Startdate:                    19890104070000
Revision date:                20191216000000
Version:                      2
Version description:          "Data extracted from http://views.cira.colostate.edu/fed/DataWizard 2019-12-16"
Statistics:                   arithmetic mean
Data level:                   2
Period code:                  1y
Resolution code:              3d
Sample duration:              1d
Orig. time res.:              3d
Station code:                 US0077R
Platform code:                US0077S
Station name:                 Canyonlands NP
Station latitude:             38.4587
Station longitude:            -109.821
Station altitude:             1798.0 m
Regime:                       IMG
Component:                    
Unit:                         ug/m3
Matrix:                       
Laboratory code:              US03L
Instrument type:              filterpack
Instrument name:              filterpack_US0077
Method ref:                   US03L_IMPROVE_Davis
Blank correction:             Blank corrected
Volume std. temperature:      ambient
Volume std. pressure:         ambient
starttime endtime PM10 PM2.5 flag
  3.291667   4.291667   6.498  6.198 0.000
  6.291667   7.291667 999.999  0.857 0.000
 10.291667  11.291667   1.865  1.681 0.000
 13.291667  14.291667   5.792  4.784 0.000
 17.291667  18.291667   7.985  6.342 0.000
 20.291667  21.291667  10.970  7.881 0.000
 24.291667  25.291667   3.885  3.494 0.000
 27.291667  28.291667   3.257  2.507 0.000
 31.291667  32.291667   6.831  3.214 0.000
 34.291667  35.291667   6.255  3.735 0.000
 38.291667  39.291667   7.208  6.343 0.000
 41.291667  42.291667  11.336 99.999 0.000
 45.291667  46.291667   7.388  6.168 0.000
 48.291667  49.291667  10.000  6.839 0.000
 52.291667  53.291667   3.911  2.355 0.000
 55.291667  56.291667   4.729  2.802 0.000
 59.291667  60.291667   4.015  1.734 0.000
 62.291667  63.291667   5.714  3.233 0.000
 66.291667  67.291667   3.948  2.273 0.000
 69.291667  70.291667   5.791  2.687 0.000
 73.291667  74.291667   4.743  1.494 0.000
 76.291667  77.291667  15.431  4.116 0.000
 80.291667  81.291667 999.999 99.999 0.999
 83.291667  84.291667 999.999 99.999 0.999
 87.291667  88.291667  11.972  3.234 0.000
 90.291667  91.291667   4.064  1.534 0.000
 94.291667  95.291667 999.999 99.999 0.999
 97.291667  98.291667  15.230  2.738 0.000
101.291667 102.291667  12.626  5.976 0.000
104.291667 105.291667  32.115  6.509 0.000
108.291667 109.291667   9.867  3.550 0.000
111.291667 112.291667  18.441  6.618 0.000
115.291667 116.291667  20.383  4.806 0.000
118.291667 119.291667   5.766  2.708 0.000
122.291667 123.291667  11.362  4.754 0.000
125.291667 126.291667   9.490  4.812 0.000
129.291667 130.291667  24.037  6.377 0.000
132.291667 133.291667   8.284  2.904 0.000
136.291667 137.291667   8.451  3.614 0.000
139.291667 140.291667  14.601  4.455 0.000
143.291667 144.291667  23.974  6.082 0.000
146.291667 147.291667  15.724  4.474 0.000
150.291667 151.291667   4.865  1.853 0.000
153.291667 154.291667  10.115  4.112 0.000
157.291667 158.291667   8.340  4.142 0.000
160.291667 161.291667   9.617  5.440 0.000
164.291667 165.291667  17.345  4.239 0.000
167.291667 168.291667 999.999  3.042 0.000
171.291667 172.291667  13.931  2.549 0.000
174.291667 175.291667  21.654  7.110 0.000
178.291667 179.291667  17.692  8.278 0.000
181.291667 182.291667   6.320  2.751 0.000
185.291667 186.291667  21.907  4.833 0.000
188.291667 189.291667  26.031  8.816 0.000
192.291667 193.291667  16.821  6.000 0.000
195.291667 196.291667  12.778  3.938 0.000
199.291667 200.291667  16.598  7.415 0.000
202.291667 203.291667  19.595  5.833 0.000
206.291667 207.291667 999.999 99.999 0.999
209.291667 210.291667  11.071  5.420 0.000
213.291667 214.291667  10.783  4.027 0.000
216.291667 217.291667  13.605  4.430 0.000
220.291667 221.291667  12.455  3.960 0.000
223.291667 224.291667  11.182  2.745 0.000
227.291667 228.291667 999.999 99.999 0.999
230.291667 231.291667 999.999 99.999 0.999
234.291667 235.291667 999.999 99.999 0.999
237.291667 238.291667 999.999 99.999 0.999
241.291667 242.291667 999.999 99.999 0.999
244.291667 245.291667 999.999 99.999 0.999
248.291667 249.291667 999.999 99.999 0.999
251.291667 252.291667 999.999 99.999 0.999
255.291667 256.291667 999.999 99.999 0.999
258.291667 259.291667 999.999 99.999 0.999
262.291667 263.291667   6.480  2.453 0.000
265.291667 266.291667   9.701  4.906 0.000
269.291667 270.291667  13.490 99.999 0.000
272.291667 273.291667  18.459  5.304 0.000
276.291667 277.291667   8.267  3.544 0.000
279.291667 280.291667   6.496  3.055 0.000
283.291667 284.291667   5.951  2.928 0.000
286.291667 287.291667  15.827  4.969 0.000
290.291667 291.291667   7.402  4.109 0.000
293.291667 294.291667  11.455  5.166 0.000
297.291667 298.291667  10.784  4.116 0.000
300.291667 301.291667   5.057  1.415 0.000
304.291667 305.291667   5.084  3.686 0.000
307.291667 308.291667   4.655  2.628 0.000
311.291667 312.291667   5.667  2.797 0.000
314.291667 315.291667   8.123  2.830 0.000
318.291667 319.291667   5.693  2.250 0.000
321.291667 322.291667   6.929  2.750 0.000
325.291667 326.291667   7.462  3.408 0.000
328.291667 329.291667  10.787  5.820 0.000
332.291667 333.291667   4.023  2.748 0.000
335.291667 336.291667   6.342  2.816 0.000
339.291667 340.291667   7.748  3.987 0.000
342.291667 343.291667 999.999 99.999 0.999
346.291667 347.291667   5.272  2.345 0.000
349.291667 350.291667   5.254  2.459 0.000
353.291667 354.291667   4.784  2.347 0.000
356.291667 357.291667   6.185  2.783 0.000
360.291667 361.291667   8.523  2.516 0.000
363.291667 364.291667   8.488 99.999 0.000
