scripts/IMPROVE-2019_partial/data/US0083R.20060102080000.20191216000000.filterpack..pm25.52w.1w.US03L_filterpack_US0083.US03L_IMPROVE_Davis.lev2.nas
66 1001
MISSING INFORMATION
US03L, IMPROVE, , , , , , , 
MISSING INFORMATION
IMPROVE sel_HTAP
1 1
2006 01 01 2019 12 16
3.000000
days from file reference point
27
1 1 1 1 1 1 1 1 1 1 1 1 1 1 1 1 1 1 1 1 1 1 1 1 1 1 1
999.999999 9999.99 9.999 99.99 9.999 9.999 9.999 9.99 9.999 99.999 9.999 99.999 9.999 999.999 9.999 99.99 9.999999 999.999 9.999 999.999 9.999 999.999 9.999 9.999 9.999 99.999 9.999
end_time of measurement, days from the file reference point
iron, ng/m3, Revision date=20181210133000
numflag iron, no unit, Revision date=20181210133000
lead, ng/m3, Revision date=20181210133000
numflag lead, no unit, Revision date=20181210133000
magnesium, ug/m3, Revision date=20181210133000
numflag magnesium, no unit, Revision date=20181210133000
nickel, ng/m3, Revision date=20181210133000
numflag nickel, no unit, Revision date=20181210133000
nitrate, ug N/m3, Revision date=20181210133000
numflag nitrate, no unit, Revision date=20181210133000
organic_carbon, ug C/m3, Revision date=20181210133000
numflag organic_carbon, no unit, Revision date=20181210133000
organic_mass, ug/m3, Revision date=20181210133000
numflag organic_mass, no unit, Revision date=20181210133000
phosphorus, ng/m3, Revision date=20181210133000
numflag phosphorus, no unit, Revision date=20181210133000
pm10_mass, ug/m3, Version=2, Version description=Data extracted from http://views.cira.colostate.edu/fed/DataWizard 2019-12-16, Sample duration=1d, Orig. time res.=3d, Matrix=pm10, Blank correction=Blank corrected, Volume std. temperature=ambient, Volume std. pressure=ambient
numflag pm10_mass, no unit, Version=2, Version description=Data extracted from http://views.cira.colostate.edu/fed/DataWizard 2019-12-16, Sample duration=1d, Orig. time res.=3d, Matrix=pm10, Blank correction=Blank corrected, Volume std. temperature=ambient, Volume std. pressure=ambient
pm10_pm25_mass, ug/m3, Revision date=20181210133000, Matrix=pm10_pm25
numflag pm10_pm25_mass, no unit, Revision date=20181210133000, Matrix=pm10_pm25
pm25_mass, ug/m3, Version=2, Version description=Data extracted from http://views.cira.colostate.edu/fed/DataWizard 2019-12-16, Sample duration=1d, Orig. time res.=3d, Blank correction=Blank corrected, Volume std. temperature=ambient, Volume std. pressure=ambient
numflag pm25_mass, no unit, Version=2, Version description=Data extracted from http://views.cira.colostate.edu/fed/DataWizard 2019-12-16, Sample duration=1d, Orig. time res.=3d, Blank correction=Blank corrected, Volume std. temperature=ambient, Volume std. pressure=ambient
potassium, ug/m3, Revision date=20181210133000
numflag potassium, no unit, Revision date=20181210133000
sulphate_total, ug S/m3, Revision date=20181210133000
numflag sulphate_total, no unit, Revision date=20181210133000
0
25
Data definition:              EBAS_1.1
Set type code:                TU
Timezone:                     UTC
File name:                    US0083R.20060102080000.20191216000000.filterpack..pm25.52w.1w.US03L_filterpack_US0083.US03L_IMPROVE_Davis.lev2.nas
File creation:                20191218120103
Startdate:                    20060102080000
Revision date:                20191216000000
Statistics:                   arithmetic mean
Data level:                   2
Period code:                  52w
Resolution code:              1w
Station code:                 US0083R
Platform code:                US0083S
Station name:                 Columbia River Gorge
Station latitude:             45.6644
Station longitude:            -121.0008
Station altitude:             178.0 m
Regime:                       IMG
Component:                    
Matrix:                       pm25
Laboratory code:              US03L
Instrument type:              filterpack
Instrument name:              filterpack_US0083
Method ref:                   US03L_IMPROVE_Davis
starttime endtime Fe flag_Fe Pb flag_Pb Mg++ flag_Mg++ Ni flag_Ni NO3- flag_NO3- OC flag_OC OM flag_OM P flag_P PM10 flag_PM10 PM10-PM2.5 flag_PM10-PM2.5 PM2.5 flag_PM2.5 K+ flag_K+ SO4-- flag_SO4--
  1.333333   2.333333   73.41 0.000  0.86 0.000 9.999 0.259 9.99 0.259  0.130 0.000  1.491 0.000   2.088 0.000 99.99 0.259000   4.213 0.000   0.590 0.000   3.624 0.000 0.051 0.000  0.081 0.000
  4.333333   5.333333  109.22 0.000  1.42 0.000 9.999 0.259 9.99 0.259  0.490 0.000  1.583 0.000   2.216 0.000 99.99 0.259000   7.604 0.000   2.353 0.000   5.251 0.000 0.040 0.000  0.144 0.000
  7.333333   8.333333   64.44 0.000  1.04 0.000 9.999 0.259 9.99 0.259  0.058 0.000  0.851 0.000   1.192 0.000  3.25 0.000000   3.478 0.000   1.278 0.000   2.201 0.000 0.018 0.000  0.041 0.000
 10.333333  11.333333   37.02 0.000  0.15 0.000 0.019 0.000 9.99 0.259  0.015 0.000  0.195 0.000   0.273 0.000 99.99 0.259000   6.382 0.000   4.786 0.000   1.596 0.000 0.013 0.000  0.036 0.000
 13.333333  14.333333   30.28 0.000  0.52 0.000 9.999 0.259 9.99 0.259  0.053 0.000  0.523 0.000   0.733 0.000 99.99 0.259000   2.810 0.000   1.084 0.000   1.726 0.000 0.014 0.000  0.065 0.000
 16.333333  17.333333   25.20 0.000  0.62 0.000 9.999 0.259 9.99 0.259  0.147 0.000  0.869 0.000   1.217 0.000 99.99 0.259000   2.164 0.000   0.124 0.000   2.040 0.000 0.020 0.000  0.051 0.000
 19.333333  20.333333   23.38 0.000  0.50 0.000 0.004 0.000 9.99 0.259  0.070 0.000  0.454 0.000   0.635 0.000  2.28 0.000000   2.549 0.000   1.105 0.000   1.444 0.000 0.011 0.000  0.035 0.000
 22.333333  23.333333   49.53 0.000  1.16 0.000 9.999 0.259 9.99 0.259  0.056 0.000  0.848 0.000   1.187 0.000 99.99 0.259000 999.999 0.456 999.999 0.999   2.176 0.000 0.019 0.000  0.061 0.000
 25.333333  26.333333  141.97 0.000  0.21 0.000 9.999 0.259 0.07 0.000  0.078 0.000  0.840 0.000   1.176 0.000 99.99 0.259000   7.877 0.000   4.797 0.000   3.080 0.000 0.031 0.000  0.059 0.000
 28.333333  29.333333   23.79 0.000  0.33 0.000 0.013 0.000 9.99 0.259  0.082 0.000  0.546 0.000   0.764 0.000 99.99 0.259000   2.460 0.000   0.816 0.000   1.645 0.000 0.011 0.000  0.044 0.000
 31.333333  32.333333   50.40 0.000  0.26 0.000 9.999 0.259 9.99 0.259  0.102 0.000  0.592 0.000   0.828 0.000 99.99 0.259000   8.800 0.000   3.710 0.000   5.090 0.000 0.042 0.000  0.125 0.000
 34.333333  35.333333   33.34 0.000  0.60 0.000 9.999 0.259 9.99 0.259  0.038 0.000  0.406 0.000   0.568 0.000 99.99 0.259000   4.021 0.000   1.397 0.000   2.623 0.000 0.022 0.000  0.090 0.000
 37.333333  38.333333  126.08 0.000  1.06 0.000 9.999 0.259 0.08 0.000  0.461 0.000  1.268 0.000   1.775 0.000 99.99 0.259000  11.389 0.000   6.558 0.000   4.832 0.000 0.036 0.000  0.167 0.000
 40.333333  41.333333  100.11 0.000  0.86 0.000 9.999 0.259 9.99 0.259  0.182 0.000  1.042 0.000   1.458 0.000 99.99 0.259000  10.742 0.000   7.577 0.000   3.165 0.000 0.038 0.000  0.098 0.000
 43.333333  44.333333  145.05 0.000  2.19 0.000 0.017 0.000 9.99 0.259  0.250 0.000  1.953 0.000   2.734 0.000 99.99 0.259000  16.605 0.000  10.707 0.000   5.898 0.000 0.058 0.000  0.172 0.000
 46.333333  47.333333  126.50 0.000  0.85 0.000 0.012 0.000 9.99 0.259  0.138 0.000  1.160 0.000   1.624 0.000 99.99 0.259000  11.862 0.000   7.583 0.000   4.279 0.000 0.042 0.000  0.209 0.000
 49.333333  50.333333   78.74 0.000  0.68 0.000 9.999 0.259 9.99 0.259  0.111 0.000  0.900 0.000   1.260 0.000 99.99 0.259000   6.380 0.000   3.584 0.000   2.796 0.000 0.025 0.000  0.151 0.000
 52.333333  53.333333   86.76 0.000  0.92 0.000 9.999 0.259 9.99 0.259  0.027 0.000  0.366 0.000   0.512 0.000 99.99 0.259000   9.700 0.000   7.998 0.000   1.702 0.000 0.020 0.000  0.053 0.000
 55.333333  56.333333  183.94 0.000  1.36 0.000 9.999 0.259 9.99 0.259  0.229 0.000  1.349 0.000   1.888 0.000 99.99 0.259000  14.150 0.000   9.090 0.000   5.059 0.000 0.054 0.000  0.185 0.000
 58.333333  59.333333   42.17 0.000  1.70 0.000 9.999 0.259 0.08 0.000  0.155 0.000  1.167 0.000   1.633 0.000 99.99 0.259000   3.359 0.000   0.306 0.000   3.052 0.000 0.029 0.000  0.105 0.000
 61.333333  62.333333  112.41 0.000  0.97 0.000 9.999 0.259 0.09 0.000  0.188 0.000  1.395 0.000   1.953 0.000 99.99 0.259000   9.591 0.000   5.647 0.000   3.944 0.000 0.031 0.000  0.088 0.000
 64.333333  65.333333   63.68 0.000  0.88 0.000 0.009 0.000 9.99 0.259  0.137 0.000  0.837 0.000   1.172 0.000 99.99 0.259000   7.017 0.000   4.392 0.000   2.625 0.000 0.023 0.000  0.087 0.000
 67.333333  68.333333   70.20 0.000  1.15 0.000 9.999 0.259 9.99 0.259  0.028 0.000  0.361 0.000   0.506 0.000 99.99 0.259000   6.694 0.000   4.239 0.000   2.455 0.000 0.026 0.000  0.189 0.000
 70.333333  71.333333   55.68 0.000  1.24 0.000 0.010 0.000 9.99 0.259  0.253 0.000  1.193 0.000   1.671 0.000 99.99 0.259000   5.488 0.000   1.189 0.000   4.299 0.000 0.048 0.000  0.319 0.000
 73.333333  74.333333   89.00 0.000  0.85 0.000 9.999 0.259 9.99 0.259  0.229 0.000  0.877 0.000   1.228 0.000 99.99 0.259000   9.999 0.000   6.800 0.000   3.199 0.000 0.023 0.000  0.101 0.000
 76.333333  77.333333  190.16 0.000  0.94 0.000 0.017 0.000 9.99 0.259  0.069 0.000  0.482 0.000   0.674 0.000 99.99 0.259000  30.792 0.000  26.052 0.000   4.740 0.000 0.059 0.000  0.228 0.000
 79.333333  80.333333   99.63 0.000  1.10 0.000 9.999 0.259 9.99 0.259  0.131 0.000  0.980 0.000   1.372 0.000 99.99 0.259000   6.824 0.000   2.956 0.000   3.869 0.000 0.037 0.000  0.167 0.000
 82.333333  83.333333  136.08 0.000  2.15 0.000 9.999 0.259 9.99 0.259  0.054 0.000  0.690 0.000   0.966 0.000 99.99 0.259000  13.559 0.000   9.691 0.000   3.868 0.000 0.046 0.000  0.142 0.000
 85.333333  86.333333  120.88 0.000  0.69 0.000 9.999 0.259 9.99 0.259  0.136 0.000  0.908 0.000   1.272 0.000 99.99 0.259000   8.170 0.000   4.325 0.000   3.845 0.000 0.037 0.000  0.127 0.000
 88.333333  89.333333   89.44 0.000  0.69 0.000 9.999 0.259 9.99 0.259  0.077 0.000  1.144 0.000   1.601 0.000 99.99 0.259000   7.559 0.000   4.340 0.000   3.220 0.000 0.055 0.000  0.104 0.000
 91.333333  92.333333  117.64 0.000  1.55 0.000 9.999 0.259 9.99 0.259  0.110 0.000  0.709 0.000   0.992 0.000 99.99 0.259000   6.662 0.000   3.058 0.000   3.604 0.000 0.053 0.000  0.211 0.000
 94.333333  95.333333  176.31 0.000  1.54 0.000 0.030 0.000 9.99 0.259  0.374 0.000  1.298 0.000   1.817 0.000 99.99 0.259000  30.501 0.000  24.593 0.000   5.908 0.000 0.057 0.000  0.309 0.000
 97.333333  98.333333   69.72 0.000  1.70 0.000 9.999 0.259 9.99 0.259  0.064 0.000  0.826 0.000   1.156 0.000 99.99 0.259000   5.857 0.000   2.622 0.000   3.235 0.000 0.032 0.000  0.224 0.000
100.333333 101.333333   90.57 0.000  1.29 0.000 0.017 0.000 0.10 0.000  0.064 0.000  0.877 0.000   1.228 0.000 99.99 0.259000   4.084 0.000   1.503 0.000   2.582 0.000 0.019 0.000  0.101 0.000
103.333333 104.333333  104.96 0.000  0.32 0.000 0.021 0.000 0.13 0.000  0.037 0.000  0.289 0.000   0.405 0.000 99.99 0.259000  16.337 0.000  14.007 0.000   2.330 0.000 0.026 0.000  0.085 0.000
106.333333 107.333333  112.52 0.000  0.37 0.000 0.027 0.000 0.14 0.000  0.031 0.000  0.289 0.000   0.405 0.000 99.99 0.259000  11.638 0.000   9.399 0.000   2.239 0.000 0.028 0.000  0.075 0.000
109.333333 110.333333 9999.99 0.999 99.99 0.999 9.999 0.999 9.99 0.999 99.999 0.999 99.999 0.999 999.999 0.999 99.99 0.999000 999.999 0.999 999.999 0.999 999.999 0.999 9.999 0.999 99.999 0.999
112.333333 113.333333 9999.99 0.999 99.99 0.999 9.999 0.999 9.99 0.999 99.999 0.999 99.999 0.999 999.999 0.999 99.99 0.999000 999.999 0.999 999.999 0.999 999.999 0.999 9.999 0.999 99.999 0.999
115.333333 116.333333  256.99 0.000  2.40 0.000 0.081 0.000 0.38 0.000  0.171 0.559  1.680 0.000   2.351 0.000 99.99 0.259000  31.687 0.000  22.926 0.000   8.761 0.000 0.105 0.000  0.479 0.559
118.333333 119.333333  433.36 0.000  2.29 0.000 0.112 0.000 9.99 0.259  0.067 0.559  1.303 0.000   1.824 0.000 99.99 0.259000  58.983 0.000  50.051 0.000   8.933 0.000 0.143 0.000  0.269 0.559
121.333333 122.333333  175.62 0.000  0.42 0.000 9.999 0.259 0.24 0.000  0.111 0.559  0.637 0.000   0.892 0.000 99.99 0.259000  11.199 0.000   6.329 0.000   4.870 0.000 0.060 0.000  0.219 0.559
124.333333 125.333333  451.85 0.000  1.95 0.000 0.064 0.000 0.22 0.000  0.104 0.000  1.686 0.000   2.360 0.000 99.99 0.259000  30.146 0.000  18.909 0.000  11.237 0.000 0.150 0.000  0.567 0.000
127.333333 128.333333  268.96 0.000  0.56 0.000 9.999 0.259 0.33 0.000  0.094 0.559  0.573 0.000   0.802 0.000 99.99 0.259000  18.878 0.000  12.145 0.000   6.733 0.000 0.090 0.000  0.287 0.559
130.333333 131.333333  396.07 0.000  1.67 0.000 9.999 0.259 0.32 0.000  0.116 0.559  1.642 0.000   2.299 0.000 99.99 0.259000  39.238 0.000  28.108 0.000  11.130 0.000 0.135 0.000  0.453 0.559
133.333333 134.333333  290.24 0.000  1.78 0.000 0.014 0.000 0.21 0.000  0.091 0.559  2.301 0.000   3.221 0.000 99.99 0.259000  18.628 0.000   9.657 0.000   8.971 0.000 0.103 0.000  0.457 0.559
136.333333 137.333333  328.32 0.000  1.67 0.000 0.043 0.000 0.53 0.000  0.188 0.559  2.770 0.000   3.878 0.000 99.99 0.259000  48.101 0.000  35.198 0.000  12.903 0.000 0.117 0.000  0.524 0.559
139.333333 140.333333   93.77 0.000  1.02 0.000 9.999 0.259 0.25 0.000  0.058 0.559  0.945 0.000   1.323 0.000 99.99 0.259000   7.694 0.000   3.782 0.000   3.912 0.000 0.041 0.000  0.189 0.559
142.333333 143.333333  113.33 0.000  0.66 0.000 9.999 0.259 0.14 0.000  0.049 0.559  1.272 0.000   1.781 0.000 99.99 0.259000  10.969 0.000   6.575 0.000   4.394 0.000 0.038 0.000  0.164 0.559
145.333333 146.333333  166.77 0.000 99.99 0.259 0.023 0.000 0.12 0.000  0.034 0.559  0.387 0.000   0.542 0.000 99.99 0.259000  18.710 0.000  15.615 0.000   3.095 0.000 0.039 0.000  0.064 0.559
148.333333 149.333333   91.79 0.000  0.47 0.000 0.012 0.000 0.18 0.000  0.034 0.559  0.596 0.000   0.834 0.000 99.99 0.259000   4.598 0.000   1.714 0.000   2.884 0.000 0.030 0.000  0.143 0.559
151.333333 152.333333  115.97 0.000  1.54 0.000 0.012 0.000 9.99 0.259  0.029 0.559  1.394 0.000   1.952 0.000 99.99 0.259000  17.800 0.000  13.204 0.000   4.596 0.000 0.036 0.000  0.125 0.559
154.333333 155.333333   35.16 0.000  0.72 0.000 0.012 0.000 9.99 0.259  0.028 0.559  0.786 0.000   1.101 0.000 99.99 0.259000   7.200 0.000   5.024 0.000   2.176 0.000 0.017 0.000  0.114 0.559
157.333333 158.333333  330.23 0.000  1.36 0.000 0.072 0.000 0.14 0.000  0.044 0.559  0.959 0.000   1.342 0.000 99.99 0.259000  48.980 0.000  40.776 0.000   8.204 0.000 0.098 0.000  0.305 0.559
160.333333 161.333333  119.71 0.000  0.91 0.000 0.029 0.000 0.33 0.000  0.029 0.559  0.755 0.000   1.057 0.000 99.99 0.259000  14.282 0.000   9.812 0.000   4.470 0.000 0.038 0.000  0.314 0.559
163.333333 164.333333  163.67 0.000  1.28 0.000 0.030 0.000 9.99 0.259  0.025 0.559  0.991 0.000   1.388 0.000 99.99 0.259000  26.200 0.000  21.262 0.000   4.939 0.000 0.052 0.000  0.190 0.559
166.333333 167.333333  126.94 0.000  0.61 0.000 0.029 0.000 0.14 0.000  0.018 0.559  0.470 0.000   0.659 0.000 99.99 0.259000  26.446 0.000  23.376 0.000   3.070 0.000 0.037 0.000  0.083 0.559
169.333333 170.333333  585.99 0.000  0.83 0.000 0.184 0.000 0.30 0.000  0.057 0.559  0.815 0.000   1.141 0.000 99.99 0.259000  65.302 0.000  54.337 0.000  10.964 0.000 0.165 0.000  0.334 0.559
172.333333 173.333333  387.09 0.000  1.32 0.000 0.098 0.000 0.44 0.000  0.054 0.559  1.123 0.000   1.572 0.000 99.99 0.259000  37.108 0.000  27.792 0.000   9.317 0.000 0.114 0.000  0.393 0.559
175.333333 176.333333  272.34 0.000  1.45 0.000 0.046 0.000 0.28 0.000  0.023 0.559  1.887 0.000   2.642 0.000 99.99 0.259000  19.716 0.000  11.349 0.000   8.368 0.000 0.072 0.000  0.321 0.559
178.333333 179.333333  212.95 0.000  0.83 0.000 0.074 0.000 0.21 0.000  0.169 0.559  1.184 0.000   1.658 0.000 99.99 0.259000  37.193 0.000  30.088 0.000   7.105 0.000 0.076 0.000  0.225 0.559
181.333333 182.333333  197.95 0.000  1.37 0.000 9.999 0.259 0.31 0.000  0.083 0.559  1.697 0.000   3.055 0.000 99.99 0.259000  17.885 0.000  10.695 0.000   7.189 0.000 0.088 0.000  0.254 0.559
184.333333 185.333333  196.45 0.000  2.03 0.000 9.999 0.259 0.29 0.000  0.110 0.559  2.063 0.000   3.713 0.000 99.99 0.259000  31.022 0.000  21.416 0.000   9.605 0.000 0.182 0.000  0.541 0.559
187.333333 188.333333  151.47 0.000  0.61 0.000 0.017 0.000 0.16 0.000  0.029 0.559  0.484 0.000   0.872 0.000 99.99 0.259000  23.710 0.000  19.877 0.000   3.833 0.000 0.039 0.000  0.153 0.559
190.333333 191.333333  174.94 0.000  0.63 0.000 0.015 0.000 9.99 0.259  0.015 0.559  0.381 0.000   0.686 0.000 99.99 0.259000  17.266 0.000  13.556 0.000   3.710 0.000 0.046 0.000  0.121 0.559
193.333333 194.333333  151.20 0.000  0.68 0.000 9.999 0.259 9.99 0.259  0.013 0.559  0.619 0.000   1.115 0.000 99.99 0.259000  18.005 0.000  14.487 0.000   3.518 0.000 0.035 0.000  0.093 0.559
196.333333 197.333333  124.05 0.000  1.05 0.000 9.999 0.259 0.23 0.000  0.040 0.559  0.976 0.000   1.757 0.000 99.99 0.259000  13.525 0.000   8.863 0.000   4.662 0.000 0.046 0.000  0.201 0.559
199.333333 200.333333  216.55 0.000  0.91 0.000 9.999 0.259 0.35 0.000  0.059 0.559  1.090 0.000   1.962 0.000 99.99 0.259000  31.694 0.000  24.541 0.000   7.153 0.000 0.060 0.000  0.345 0.559
202.333333 203.333333  224.80 0.000  1.23 0.000 9.999 0.259 0.25 0.000  0.037 0.559  4.399 0.000   7.917 0.000 99.99 0.259000  24.894 0.000  11.761 0.000  13.133 0.000 0.061 0.000  0.259 0.559
205.333333 206.333333  320.69 0.000  0.84 0.000 9.999 0.259 0.30 0.000  0.102 0.559  1.364 0.000   2.456 0.000 99.99 0.259000  42.843 0.000  34.514 0.000   8.328 0.000 0.089 0.000  0.252 0.559
208.333333 209.333333  617.88 0.000  1.06 0.000 9.999 0.259 0.17 0.000  0.096 0.559  0.515 0.000   0.928 0.000 99.99 0.259000  61.206 0.000  49.930 0.000  11.276 0.000 0.157 0.000  0.259 0.559
211.333333 212.333333  257.03 0.000  0.78 0.000 0.047 0.000 0.25 0.000  0.022 0.559  0.539 0.000   0.970 0.000 99.99 0.259000  26.360 0.000  21.267 0.000   5.094 0.000 0.066 0.000  0.147 0.559
214.333333 215.333333  371.81 0.000  1.14 0.000 0.072 0.000 0.48 0.000  0.051 0.559  1.177 0.000   2.119 0.000 99.99 0.259000  38.541 0.000  29.618 0.000   8.924 0.000 0.108 0.000  0.318 0.559
217.333333 218.333333  243.47 0.000  1.53 0.000 0.051 0.000 0.51 0.000  0.052 0.559  2.797 0.000   5.035 0.000 99.99 0.259000  18.681 0.000   8.810 0.000   9.872 0.000 0.079 0.000  0.321 0.559
220.333333 221.333333  219.65 0.000  0.74 0.000 0.038 0.000 0.18 0.000  0.025 0.000  0.962 0.000   1.731 0.000 99.99 0.259000  28.055 0.000  22.737 0.000   5.318 0.000 0.075 0.000  0.198 0.000
223.333333 224.333333  137.99 0.000  0.78 0.000 0.031 0.000 0.27 0.000  0.073 0.559  0.938 0.000   1.688 0.000 99.99 0.259000  10.464 0.000   5.390 0.000   5.074 0.000 0.043 0.000  0.307 0.559
226.333333 227.333333  392.03 0.000  0.49 0.000 9.999 0.259 9.99 0.259  0.111 0.000  0.730 0.000   1.314 0.000 99.99 0.259000  45.379 0.000  37.297 0.000   8.082 0.000 0.110 0.000  0.237 0.000
229.333333 230.333333  318.83 0.394  0.86 0.394 0.065 0.394 0.31 0.394  0.116 0.394  4.474 0.394   8.054 0.394 99.99 0.394259  62.938 0.000  48.795 0.394  14.144 0.000 0.105 0.394  0.353 0.394
232.333333 233.333333  303.50 0.000  1.73 0.000 0.068 0.000 0.73 0.000  0.150 0.000  2.620 0.000   4.717 0.000 99.99 0.259000  72.031 0.000  60.249 0.000  11.782 0.000 0.105 0.000  0.454 0.000
235.333333 236.333333  105.22 0.000  0.30 0.000 9.999 0.259 0.12 0.000  0.017 0.000  0.318 0.000   0.572 0.000 99.99 0.259000  17.454 0.000  14.822 0.000   2.632 0.000 0.027 0.000  0.140 0.000
238.333333 239.333333  138.43 0.000  0.70 0.000 0.016 0.000 9.99 0.259  0.024 0.000  3.575 0.000   6.434 0.000 99.99 0.259000  19.920 0.000  10.341 0.000   9.579 0.000 0.054 0.000  0.202 0.000
241.333333 242.333333   99.20 0.000  0.51 0.000 0.018 0.000 9.99 0.259  0.043 0.000  0.137 0.000   0.247 0.000 99.99 0.259000  15.793 0.000  12.523 0.000   3.270 0.000 0.030 0.000  0.172 0.000
244.333333 245.333333  220.89 0.000  0.68 0.000 0.026 0.000 9.99 0.259  0.041 0.000  4.494 0.000   8.090 0.000 99.99 0.259000  34.502 0.000  22.477 0.000  12.025 0.000 0.097 0.000  0.129 0.000
