scripts/IMPROVE-2019_partial/data/US0098R.19930102080000.20191216000000.filterpack...1y.3d.US03L_filterpack_US0098.US03L_IMPROVE_Davis.lev2.nas
51 1001
MISSING INFORMATION
US03L, IMPROVE, , , , , , , 
MISSING INFORMATION
IMPROVE sel_HTAP
1 1
1993 01 01 2019 12 16
0
days from file reference point
4
1 1 1 1
999.999999 999.999 999.999 9.999
end_time of measurement, days from the file reference point
pm10_mass, ug/m3, Matrix=pm10
pm25_mass, ug/m3, Matrix=pm25
numflag, no unit
0
33
Data definition:              EBAS_1.1
Set type code:                TI
Timezone:                     UTC
File name:                    US0098R.19930102080000.20191216000000.filterpack...1y.3d.US03L_filterpack_US0098.US03L_IMPROVE_Davis.lev2.nas
File creation:                20191218120206
Startdate:                    19930102080000
Revision date:                20191216000000
Version:                      2
Version description:          "Data extracted from http://views.cira.colostate.edu/fed/DataWizard 2019-12-16"
Statistics:                   arithmetic mean
Data level:                   2
Period code:                  1y
Resolution code:              3d
Sample duration:              1d
Orig. time res.:              3d
Station code:                 US0098R
Platform code:                US0098S
Station name:                 Point Reyes National Seashore
Station latitude:             38.1224
Station longitude:            -122.9085
Station altitude:             97.0 m
Regime:                       IMG
Component:                    
Unit:                         ug/m3
Matrix:                       
Laboratory code:              US03L
Instrument type:              filterpack
Instrument name:              filterpack_US0098
Method ref:                   US03L_IMPROVE_Davis
Blank correction:             Blank corrected
Volume std. temperature:      ambient
Volume std. pressure:         ambient
starttime endtime PM10 PM2.5 flag
  1.333333   2.333333   6.127   1.748 0.000
  5.333333   6.333333   8.768   2.215 0.000
  8.333333   9.333333   7.613   6.239 0.000
 12.333333  13.333333  12.024   4.092 0.000
 15.333333  16.333333  11.637   3.569 0.000
 19.333333  20.333333   8.846   4.742 0.000
 22.333333  23.333333  10.655   3.100 0.000
 26.333333  27.333333  51.346  19.301 0.000
 29.333333  30.333333  14.259   1.970 0.000
 33.333333  34.333333  49.188  28.050 0.000
 36.333333  37.333333  14.000   6.758 0.000
 40.333333  41.333333  31.486   3.486 0.000
 43.333333  44.333333  19.740   3.891 0.000
 47.333333  48.333333 999.999 999.999 0.999
 50.333333  51.333333 999.999 999.999 0.999
 54.333333  55.333333  35.102   3.283 0.000
 57.333333  58.333333  13.724   4.157 0.000
 61.333333  62.333333  26.763   6.777 0.000
 64.333333  65.333333  22.817   8.072 0.000
 68.333333  69.333333  22.061   1.886 0.000
 71.333333  72.333333  13.511   3.976 0.000
 75.333333  76.333333  23.607   5.723 0.000
 78.333333  79.333333  17.920   4.414 0.000
 82.333333  83.333333  30.504   6.242 0.000
 85.333333  86.333333  24.880   6.918 0.000
 89.333333  90.333333  11.667   3.814 0.000
 92.333333  93.333333  16.404   4.775 0.000
 96.333333  97.333333  22.430   5.723 0.000
 99.333333 100.333333  33.925   8.343 0.000
103.333333 104.333333  14.271   1.964 0.000
106.333333 107.333333  22.941   5.976 0.000
110.333333 111.333333  19.608   4.371 0.000
113.333333 114.333333  24.600   6.078 0.000
117.333333 118.333333  50.202  13.750 0.000
120.333333 121.333333  63.529  17.147 0.000
124.333333 125.333333  33.495   6.905 0.000
127.333333 128.333333  45.243   9.760 0.000
131.333333 132.333333  46.275   3.946 0.000
134.333333 135.333333  24.949   5.392 0.000
138.333333 139.333333   8.021   1.813 0.000
141.333333 142.333333  27.812   5.701 0.000
145.333333 146.333333  16.316   4.895 0.000
148.333333 149.333333  10.842   3.063 0.000
152.333333 153.333333  22.316   2.627 0.000
155.333333 156.333333  17.895   2.870 0.000
159.333333 160.333333  43.864   5.801 0.000
162.333333 163.333333  38.511   8.792 0.000
166.333333 167.333333  46.848  12.083 0.000
169.333333 170.333333  21.895   6.647 0.000
173.333333 174.333333  51.477  11.162 0.000
176.333333 177.333333  24.886   6.280 0.000
180.333333 181.333333  63.736  13.678 0.000
183.333333 184.333333  47.033  14.438 0.000
187.333333 188.333333  23.034   4.090 0.000
190.333333 191.333333  26.484   9.012 0.000
194.333333 195.333333  26.235   9.664 0.000
197.333333 198.333333  23.731   9.113 0.000
201.333333 202.333333  19.373   7.095 0.000
204.333333 205.333333  25.019  10.491 0.000
208.333333 209.333333   7.621   3.077 0.000
211.333333 212.333333  28.713   9.676 0.000
215.333333 216.333333   7.154   2.591 0.000
218.333333 219.333333  23.569   8.354 0.000
222.333333 223.333333  14.535   5.106 0.000
225.333333 226.333333  16.743   7.629 0.000
229.333333 230.333333  11.149   4.655 0.000
232.333333 233.333333  16.098   5.257 0.000
236.333333 237.333333  43.605  16.789 0.000
239.333333 240.333333  29.621  14.417 0.000
243.333333 244.333333  15.830   5.799 0.000
246.333333 247.333333  12.287   3.636 0.000
250.333333 251.333333   3.096   1.741 0.000
253.333333 254.333333  14.639   6.467 0.000
257.333333 258.333333  14.516   8.491 0.000
260.333333 261.333333  18.201   9.277 0.000
264.333333 265.333333  25.284  11.824 0.000
267.333333 268.333333  13.048   4.497 0.000
271.333333 272.333333  14.196   8.540 0.000
274.333333 275.333333   9.381   4.921 0.000
278.333333 279.333333   6.643   3.762 0.000
281.333333 282.333333  14.983   7.508 0.000
285.333333 286.333333   3.357   1.792 0.000
288.333333 289.333333   8.118   3.386 0.000
292.333333 293.333333  13.646   6.854 0.000
295.333333 296.333333  17.030   9.844 0.000
299.333333 300.333333  22.648   5.331 0.000
302.333333 303.333333  31.267  19.647 0.000
306.333333 307.333333  20.140   7.893 0.000
309.333333 310.333333  18.951   8.127 0.000
313.333333 314.333333   5.302   2.984 0.000
316.333333 317.333333  15.699   7.968 0.000
320.333333 321.333333  12.578   6.867 0.000
323.333333 324.333333  16.376   9.290 0.000
327.333333 328.333333   9.791   4.462 0.000
330.333333 331.333333  18.606  12.413 0.000
334.333333 335.333333  11.454   5.475 0.000
337.333333 338.333333  14.149   6.139 0.000
341.333333 342.333333   8.949   4.497 0.000
344.333333 345.333333   9.930   3.868 0.000
348.333333 349.333333  22.519   5.273 0.000
351.333333 352.333333   9.438   5.113 0.000
355.333333 356.333333  50.230  25.960 0.000
358.333333 359.333333  23.100  17.194 0.000
362.333333 363.333333  12.194  10.259 0.000
