scripts/IMPROVE-2019_partial/data/US0097R.20000101080000.20191216000000.filterpack..pm25.52w.1w.US03L_filterpack_US0097.US03L_IMPROVE_Davis.lev2.nas
66 1001
MISSING INFORMATION
US03L, IMPROVE, , , , , , , 
MISSING INFORMATION
IMPROVE sel_HTAP
1 1
2000 01 01 2019 12 16
0
days from file reference point
27
1 1 1 1 1 1 1 1 1 1 1 1 1 1 1 1 1 1 1 1 1 1 1 1 1 1 1
999.999999 999.99 9.999 99.99 9.999999 9.999 9.999999 9.99 9.999999 9.999 9.999 99.999 9.999 99.999 9.999 99.99 9.999999 999.999 9.999 999.999 9.999 999.999 9.999 9.999 9.999 9.999 9.999
end_time of measurement, days from the file reference point
iron, ng/m3, Revision date=20181210133000
numflag iron, no unit, Revision date=20181210133000
lead, ng/m3, Revision date=20181210133000
numflag lead, no unit, Revision date=20181210133000
magnesium, ug/m3, Revision date=20181210133000
numflag magnesium, no unit, Revision date=20181210133000
nickel, ng/m3, Revision date=20181210133000
numflag nickel, no unit, Revision date=20181210133000
nitrate, ug N/m3, Revision date=20181210133000
numflag nitrate, no unit, Revision date=20181210133000
organic_carbon, ug C/m3, Revision date=20181210133000
numflag organic_carbon, no unit, Revision date=20181210133000
organic_mass, ug/m3, Revision date=20181210133000
numflag organic_mass, no unit, Revision date=20181210133000
phosphorus, ng/m3, Revision date=20181210133000
numflag phosphorus, no unit, Revision date=20181210133000
pm10_mass, ug/m3, Version=2, Version description=Data extracted from http://views.cira.colostate.edu/fed/DataWizard 2019-12-16, Sample duration=1d, Orig. time res.=3d, Matrix=pm10, Blank correction=Blank corrected, Volume std. temperature=ambient, Volume std. pressure=ambient
numflag pm10_mass, no unit, Version=2, Version description=Data extracted from http://views.cira.colostate.edu/fed/DataWizard 2019-12-16, Sample duration=1d, Orig. time res.=3d, Matrix=pm10, Blank correction=Blank corrected, Volume std. temperature=ambient, Volume std. pressure=ambient
pm10_pm25_mass, ug/m3, Revision date=20181210133000, Matrix=pm10_pm25
numflag pm10_pm25_mass, no unit, Revision date=20181210133000, Matrix=pm10_pm25
pm25_mass, ug/m3, Version=2, Version description=Data extracted from http://views.cira.colostate.edu/fed/DataWizard 2019-12-16, Sample duration=1d, Orig. time res.=3d, Blank correction=Blank corrected, Volume std. temperature=ambient, Volume std. pressure=ambient
numflag pm25_mass, no unit, Version=2, Version description=Data extracted from http://views.cira.colostate.edu/fed/DataWizard 2019-12-16, Sample duration=1d, Orig. time res.=3d, Blank correction=Blank corrected, Volume std. temperature=ambient, Volume std. pressure=ambient
potassium, ug/m3, Revision date=20181210133000
numflag potassium, no unit, Revision date=20181210133000
sulphate_total, ug S/m3, Revision date=20181210133000
numflag sulphate_total, no unit, Revision date=20181210133000
0
25
Data definition:              EBAS_1.1
Set type code:                TI
Timezone:                     UTC
File name:                    US0097R.20000101080000.20191216000000.filterpack..pm25.52w.1w.US03L_filterpack_US0097.US03L_IMPROVE_Davis.lev2.nas
File creation:                20191218120200
Startdate:                    20000101080000
Revision date:                20191216000000
Statistics:                   arithmetic mean
Data level:                   2
Period code:                  52w
Resolution code:              1w
Station code:                 US0097R
Platform code:                US0097S
Station name:                 Redwood NP
Station latitude:             41.5608
Station longitude:            -124.0839
Station altitude:             243.0 m
Regime:                       IMG
Component:                    
Matrix:                       pm25
Laboratory code:              US03L
Instrument type:              filterpack
Instrument name:              filterpack_US0097
Method ref:                   US03L_IMPROVE_Davis
starttime endtime Fe flag_Fe Pb flag_Pb Mg++ flag_Mg++ Ni flag_Ni NO3- flag_NO3- OC flag_OC OM flag_OM P flag_P PM10 flag_PM10 PM10-PM2.5 flag_PM10-PM2.5 PM2.5 flag_PM2.5 K+ flag_K+ SO4-- flag_SO4--
[from data line 81]
276.333333 277.333333  18.45 0.559  0.88 0.559000 9.999 0.559259 9.99 0.559259 0.210 0.000  0.675 0.000  0.945 0.000 99.99 0.559259  16.850 0.000   9.569 0.000   7.281 0.559 0.070 0.559 0.385 0.000
279.333333 280.333333   7.84 0.559  0.52 0.559000 0.018 0.559000 9.99 0.559259 0.044 0.000  0.559 0.000  0.783 0.000 99.99 0.559259   2.191 0.000   0.528 0.000   1.663 0.559 0.037 0.559 0.117 0.000
282.333333 283.333333   4.26 0.559 99.99 0.559259 9.999 0.559259 9.99 0.559259 0.034 0.000  0.176 0.000  0.246 0.000 99.99 0.559259   2.377 0.000   1.370 0.000   1.006 0.559 0.013 0.559 0.137 0.000
285.333333 286.333333   4.25 0.000  0.30 0.000000 9.999 0.259000 0.12 0.000000 0.122 0.000  0.640 0.000  0.896 0.000  5.22 0.000000   7.130 0.000   3.579 0.000   3.551 0.000 0.028 0.000 0.286 0.000
288.333333 289.333333   1.93 0.559  0.29 0.559000 9.999 0.559259 0.24 0.559000 0.058 0.000  0.631 0.000  0.883 0.000 99.99 0.559259   5.273 0.000   2.502 0.000   2.771 0.559 0.027 0.559 0.180 0.000
291.333333 292.333333  10.39 0.559  0.50 0.559000 9.999 0.559259 9.99 0.559259 0.083 0.000  1.570 0.000  2.197 0.000 99.99 0.559259   8.596 0.000   3.923 0.000   4.673 0.559 0.114 0.559 0.187 0.000
294.333333 295.333333   3.18 0.559  0.35 0.559000 9.999 0.559259 0.05 0.559000 0.034 0.000  0.498 0.000  0.697 0.000 99.99 0.559259   7.282 0.000   4.057 0.000   3.225 0.559 0.039 0.559 0.118 0.000
297.333333 298.333333  33.24 0.559  0.14 0.559000 9.999 0.559259 9.99 0.559259 0.122 0.000  1.353 0.000  1.894 0.000 99.99 0.559259  12.214 0.000   7.525 0.000   4.689 0.559 0.046 0.559 0.207 0.000
300.333333 301.333333  17.01 0.559  0.57 0.559000 9.999 0.559259 9.99 0.559259 0.152 0.559  4.501 0.000  6.302 0.000 99.99 0.559259  14.152 0.000   2.507 0.000  11.644 0.559 0.101 0.559 0.422 0.559
303.333333 304.333333   2.69 0.559 99.99 0.559259 9.999 0.559259 9.99 0.559259 0.066 0.559  0.973 0.000  1.362 0.000 99.99 0.559259   8.709 0.000   5.286 0.000   3.423 0.559 0.037 0.559 0.087 0.559
306.333333 307.333333   2.87 0.559  0.28 0.559000 9.999 0.559259 9.99 0.559259 0.033 0.559  1.020 0.000  1.428 0.000 99.99 0.559259   4.167 0.000   1.632 0.000   2.534 0.559 0.033 0.559 0.066 0.559
309.333333 310.333333   4.36 0.559  0.27 0.559000 9.999 0.559259 9.99 0.559259 0.070 0.559  3.093 0.000  4.330 0.000 99.99 0.559259  13.626 0.000   5.760 0.000   7.866 0.559 0.063 0.559 0.152 0.559
312.333333 313.333333 999.99 0.999 99.99 0.999000 9.999 0.999000 9.99 0.999000 9.999 0.999 99.999 0.999 99.999 0.999 99.99 0.999000 999.999 0.999 999.999 0.999 999.999 0.999 9.999 0.999 9.999 0.999
315.333333 316.333333   2.67 0.559  0.43 0.559000 9.999 0.559259 9.99 0.559259 0.038 0.000  2.592 0.000  3.628 0.000  4.67 0.559000   8.393 0.000   2.365 0.000   6.027 0.559 0.045 0.559 0.109 0.000
318.333333 319.333333   1.91 0.000 99.99 0.259000 9.999 0.259000 9.99 0.259000 0.010 0.000  0.577 0.000  0.808 0.000  5.53 0.000000   2.627 0.000   0.865 0.000   1.762 0.000 0.026 0.000 0.068 0.000
321.333333 322.333333   6.39 0.559  0.72 0.559000 0.009 0.559000 9.99 0.559259 0.032 0.000  2.889 0.000  4.044 0.000 99.99 0.559259   9.284 0.000   2.340 0.000   6.944 0.559 0.059 0.559 0.166 0.000
324.333333 325.333333   9.86 0.559  2.47 0.559000 0.024 0.559000 9.99 0.559259 0.068 0.000  4.806 0.000  6.729 0.000 99.99 0.559259  13.815 0.000   2.757 0.000  11.057 0.559 0.077 0.559 0.188 0.000
327.333333 328.333333 999.99 0.999 99.99 0.999000 9.999 0.999000 9.99 0.999000 9.999 0.999 99.999 0.999 99.999 0.999 99.99 0.999000 999.999 0.999 999.999 0.999 999.999 0.999 9.999 0.999 9.999 0.999
330.333333 331.333333 999.99 0.999 99.99 0.999000 9.999 0.999000 9.99 0.999000 9.999 0.999 99.999 0.999 99.999 0.999 99.99 0.999000 999.999 0.999 999.999 0.999 999.999 0.999 9.999 0.999 9.999 0.999
333.333333 334.333333 999.99 0.259 99.99 0.259000 9.999 0.259000 9.99 0.259000 0.017 0.000  0.378 0.000  0.529 0.000 99.99 0.259000   6.246 0.000   4.050 0.000   2.196 0.000 0.024 0.000 0.078 0.000
336.333333 337.333333   2.77 0.000  0.40 0.000000 9.999 0.259000 9.99 0.259000 0.020 0.000  0.762 0.000  1.067 0.000 99.99 0.259000   7.545 0.000   4.729 0.000   2.816 0.000 0.020 0.000 0.114 0.000
339.333333 340.333333   6.92 0.559  0.47 0.559000 9.999 0.559259 9.99 0.559259 0.016 0.000  1.192 0.000  1.669 0.000 99.99 0.559259   5.311 0.000   2.118 0.000   3.193 0.559 0.021 0.559 0.161 0.000
342.333333 343.333333  13.57 0.559  1.60 0.559000 9.999 0.559259 0.45 0.559000 0.159 0.000  2.307 0.000  3.230 0.000 99.99 0.559259  11.354 0.000   4.042 0.000   7.312 0.559 0.050 0.559 0.509 0.000
345.333333 346.333333   1.60 0.559  0.09 0.559000 0.027 0.559000 9.99 0.559259 0.011 0.000  0.360 0.000  0.504 0.000 99.99 0.559259   2.252 0.000   1.035 0.000   1.218 0.559 0.010 0.559 0.084 0.000
348.333333 349.333333   2.63 0.000  0.09 0.000000 9.999 0.259000 9.99 0.259000 0.019 0.000  0.202 0.000  0.283 0.000 99.99 0.259000   6.871 0.000   3.964 0.000   2.907 0.000 0.018 0.000 0.103 0.000
351.333333 352.333333   1.29 0.559  0.07 0.559000 9.999 0.559259 9.99 0.559259 0.019 0.000  0.230 0.000  0.322 0.000 99.99 0.559259  11.649 0.000   8.177 0.000   3.472 0.559 0.020 0.559 0.106 0.000
354.333333 355.333333  26.49 0.000  0.35 0.000000 9.999 0.259000 0.32 0.000000 0.070 0.000  1.011 0.000  1.415 0.000 99.99 0.259000   7.873 0.000   4.829 0.000   3.044 0.000 0.030 0.000 0.152 0.000
357.333333 358.333333   0.72 0.559  0.15 0.559000 0.017 0.559000 9.99 0.559259 0.007 0.000  0.246 0.000  0.344 0.000 99.99 0.559259   2.785 0.000   1.999 0.000   0.786 0.559 0.007 0.559 0.053 0.000
360.333333 361.333333 999.99 0.999 99.99 0.999000 9.999 0.999000 9.99 0.999000 9.999 0.999 99.999 0.999 99.999 0.999 99.99 0.999000 999.999 0.999 999.999 0.999 999.999 0.999 9.999 0.999 9.999 0.999
363.333333 364.333333   8.55 0.000  0.42 0.000000 9.999 0.259000 0.24 0.000000 0.049 0.000  0.930 0.000  1.301 0.000 99.99 0.259000   4.485 0.000   1.945 0.000   2.540 0.000 0.021 0.000 0.150 0.000
