scripts/IMPROVE-2019_partial/data/US0096R.20130101070000.20191216000000.filterpack...52w.3d.US03L_filterpack_US0096.US03L_IMPROVE_Davis.lev2.nas
52 1001
MISSING INFORMATION
US03L, IMPROVE, , , , , , , 
MISSING INFORMATION
IMPROVE sel_HTAP
1 1
2013 01 01 2019 12 16
3.000000
days from file reference point
5
1 1 1 1 1
999.999999 999.999 9.999 999.999 9.999
end_time of measurement, days from the file reference point
pm10_mass, ug/m3, Matrix=pm10
numflag pm10_mass, no unit, Matrix=pm10
pm25_mass, ug/m3, Matrix=pm25
numflag pm25_mass, no unit, Matrix=pm25
0
33
Data definition:              EBAS_1.1
Set type code:                TU
Timezone:                     UTC
File name:                    US0096R.20130101070000.20191216000000.filterpack...52w.3d.US03L_filterpack_US0096.US03L_IMPROVE_Davis.lev2.nas
File creation:                20191218120156
Startdate:                    20130101070000
Revision date:                20191216000000
Version:                      2
Version description:          "Data extracted from http://views.cira.colostate.edu/fed/DataWizard 2019-12-16"
Statistics:                   arithmetic mean
Data level:                   2
Period code:                  52w
Resolution code:              3d
Sample duration:              1d
Orig. time res.:              3d
Station code:                 US0096R
Platform code:                US0096S
Station name:                 Queen Valley
Station latitude:             33.2939
Station longitude:            -111.2858
Station altitude:             661.0 m
Regime:                       IMG
Component:                    
Unit:                         ug/m3
Matrix:                       
Laboratory code:              US03L
Instrument type:              filterpack
Instrument name:              filterpack_US0096
Method ref:                   US03L_IMPROVE_Davis
Blank correction:             Blank corrected
Volume std. temperature:      ambient
Volume std. pressure:         ambient
starttime endtime PM10 flag_PM10 PM2.5 flag_PM2.5
  0.291667   1.291667   4.450 0.000   2.488 0.000
  3.291667   4.291667   5.064 0.000   2.852 0.000
  6.291667   7.291667  12.942 0.000   5.364 0.000
  9.291667  10.291667  24.617 0.000   4.050 0.000
 12.291667  13.291667   4.352 0.000   1.433 0.000
 15.291667  16.291667  11.473 0.000   2.116 0.000
 18.291667  19.291667   7.688 0.000   2.177 0.000
 21.291667  22.291667   7.456 0.000   1.959 0.000
 24.291667  25.291667  19.556 0.000   2.365 0.000
 27.291667  28.291667   9.798 0.000   2.039 0.000
 30.291667  31.291667   3.708 0.000   1.221 0.000
 33.291667  34.291667   6.679 0.000   2.418 0.000
 36.291667  37.291667   7.316 0.000   3.849 0.000
 39.291667  40.291667   6.660 0.000   1.292 0.000
 42.291667  43.291667   5.307 0.000   2.792 0.000
 45.291667  46.291667   3.494 0.000   1.026 0.000
 48.291667  49.291667   7.085 0.000   3.063 0.000
 51.291667  52.291667   5.297 0.000   1.768 0.000
 54.291667  55.291667   2.917 0.000   1.036 0.000
 57.291667  58.291667   3.887 0.000   1.207 0.000
 60.291667  61.291667   6.279 0.000   1.958 0.000
 63.291667  64.291667   9.911 0.000   2.955 0.000
 66.291667  67.291667   3.493 0.000   1.498 0.000
 69.291667  70.291667   4.746 0.000   1.933 0.000
 72.291667  73.291667   8.574 0.000   2.817 0.000
 75.291667  76.291667  15.928 0.000   5.112 0.000
 78.291667  79.291667  17.488 0.000   6.367 0.000
 81.291667  82.291667  21.909 0.000 999.999 0.456
 84.291667  85.291667  13.671 0.000   3.844 0.000
 87.291667  88.291667  15.816 0.000   4.756 0.000
 90.291667  91.291667  15.308 0.000   4.231 0.000
 93.291667  94.291667  12.145 0.000   3.166 0.000
 96.291667  97.291667  15.526 0.000   4.901 0.000
 99.291667 100.291667   6.702 0.000   2.157 0.000
102.291667 103.291667  14.216 0.000   3.917 0.000
105.291667 106.291667  21.350 0.000   5.503 0.000
108.291667 109.291667  13.278 0.000   3.525 0.000
111.291667 112.291667  14.985 0.000   4.886 0.000
114.291667 115.291667  21.946 0.000   6.103 0.000
117.291667 118.291667  14.428 0.000   6.075 0.000
120.291667 121.291667  24.721 0.000   7.434 0.000
123.291667 124.291667  60.612 0.000  13.538 0.000
126.291667 127.291667  16.650 0.000   4.078 0.000
129.291667 130.291667  18.508 0.000   4.919 0.000
132.291667 133.291667  17.332 0.000   7.125 0.000
135.291667 136.291667  20.996 0.000   6.043 0.000
138.291667 139.291667  18.880 0.000   6.254 0.000
141.291667 142.291667  23.018 0.000   6.265 0.000
144.291667 145.291667  15.033 0.000   6.045 0.000
147.291667 148.291667  22.172 0.000   7.692 0.000
150.291667 151.291667  28.603 0.000   9.108 0.000
153.291667 154.291667  14.339 0.000   4.014 0.000
156.291667 157.291667  22.281 0.000   6.118 0.000
159.291667 160.291667  17.109 0.000   5.258 0.000
162.291667 163.291667 999.999 0.999 999.999 0.999
165.291667 166.291667 999.999 0.999 999.999 0.999
168.291667 169.291667 999.999 0.999 999.999 0.999
171.291667 172.291667  18.543 0.000   4.554 0.000
174.291667 175.291667  19.697 0.000   4.254 0.000
177.291667 178.291667  18.426 0.000   5.044 0.000
180.291667 181.291667  37.103 0.000  10.966 0.000
183.291667 184.291667  20.829 0.000   5.455 0.000
186.291667 187.291667  38.379 0.000   9.256 0.000
189.291667 190.291667  30.810 0.000   8.833 0.000
192.291667 193.291667  11.623 0.000   6.035 0.000
195.291667 196.291667  19.573 0.000   5.688 0.000
198.291667 199.291667   7.178 0.000   1.888 0.000
201.291667 202.291667   6.051 0.000   2.941 0.000
204.291667 205.291667  13.825 0.000   5.774 0.000
207.291667 208.291667  12.118 0.000   5.923 0.000
210.291667 211.291667  11.075 0.000   3.999 0.000
213.291667 214.291667   9.681 0.000   4.575 0.000
216.291667 217.291667  12.328 0.000   4.982 0.000
219.291667 220.291667  11.155 0.000   5.143 0.000
222.291667 223.291667  12.546 0.000   5.492 0.000
225.291667 226.291667  15.459 0.000   5.566 0.000
228.291667 229.291667  19.732 0.000   6.663 0.000
231.291667 232.291667  26.325 0.000   7.306 0.000
234.291667 235.291667  23.785 0.000   6.124 0.000
237.291667 238.291667  27.151 0.000   6.838 0.000
240.291667 241.291667   9.189 0.000   2.832 0.000
243.291667 244.291667   5.649 0.000   2.141 0.000
246.291667 247.291667  10.436 0.000   5.075 0.000
249.291667 250.291667  15.279 0.000   4.573 0.000
252.291667 253.291667   6.215 0.000   2.143 0.000
255.291667 256.291667   6.096 0.000   2.688 0.000
258.291667 259.291667   7.761 0.000   3.019 0.000
261.291667 262.291667  17.977 0.000   4.378 0.000
264.291667 265.291667  23.470 0.000   5.257 0.000
267.291667 268.291667  16.119 0.000   3.564 0.000
270.291667 271.291667   8.019 0.000   1.969 0.000
273.291667 274.291667  12.586 0.000   3.263 0.000
276.291667 277.291667  17.177 0.000   4.482 0.000
279.291667 280.291667  11.310 0.000   2.385 0.000
282.291667 283.291667  14.621 0.000   4.293 0.000
285.291667 286.291667  12.168 0.000   3.623 0.000
288.291667 289.291667   9.000 0.000   3.601 0.000
291.291667 292.291667   7.201 0.000   3.239 0.000
294.291667 295.291667  10.059 0.000   2.881 0.000
297.291667 298.291667  15.480 0.000   4.518 0.000
300.291667 301.291667  30.804 0.000   5.178 0.000
303.291667 304.291667  11.568 0.000   2.705 0.000
306.291667 307.291667   6.300 0.000   1.522 0.000
309.291667 310.291667   4.979 0.000   1.333 0.000
312.291667 313.291667   9.198 0.000   2.768 0.000
315.291667 316.291667  17.495 0.000   3.755 0.000
318.291667 319.291667  48.052 0.000   7.761 0.000
321.291667 322.291667  10.938 0.000   3.699 0.000
324.291667 325.291667  15.217 0.000   4.129 0.000
327.291667 328.291667   3.062 0.000   0.764 0.000
330.291667 331.291667   3.944 0.000   1.369 0.000
333.291667 334.291667  13.699 0.000   5.369 0.000
336.291667 337.291667   7.434 0.000   2.367 0.000
339.291667 340.291667   9.145 0.000   3.222 0.000
342.291667 343.291667   9.570 0.000   3.205 0.000
345.291667 346.291667  24.124 0.000   4.051 0.000
348.291667 349.291667   4.298 0.000   1.156 0.000
351.291667 352.291667   6.718 0.000   1.677 0.000
354.291667 355.291667   4.096 0.000   2.006 0.000
357.291667 358.291667   3.342 0.000   0.998 0.000
360.291667 361.291667   5.864 0.000   1.271 0.000
363.291667 364.291667   6.601 0.000   1.805 0.000
