scripts/IMPROVE-2019_partial/data/US0067R.20100102060000.20191216000000.filterpack...52w.3d.US03L_filterpack_US0067.US03L_IMPROVE_Davis.lev2.nas
52 1001
MISSING INFORMATION
US03L, IMPROVE, , , , , , , 
MISSING INFORMATION
IMPROVE sel_HTAP
1 1
2010 01 01 2019 12 16
3.00
days from file reference point
5
1 1 1 1 1
999.99 999.999 9.999 999.999 9.999
end_time of measurement, days from the file reference point
pm10_mass, ug/m3, Matrix=pm10
numflag pm10_mass, no unit, Matrix=pm10
pm25_mass, ug/m3, Matrix=pm25
numflag pm25_mass, no unit, Matrix=pm25
0
33
Data definition:              EBAS_1.1
Set type code:                TU
Timezone:                     UTC
File name:                    US0067R.20100102060000.20191216000000.filterpack...52w.3d.US03L_filterpack_US0067.US03L_IMPROVE_Davis.lev2.nas
File creation:                20191218115949
Startdate:                    20100102060000
Revision date:                20191216000000
Version:                      2
Version description:          "Data extracted from http://views.cira.colostate.edu/fed/DataWizard 2019-12-16"
Statistics:                   arithmetic mean
Data level:                   2
Period code:                  52w
Resolution code:              3d
Sample duration:              1d
Orig. time res.:              3d
Station code:                 US0067R
Platform code:                US0067S
Station name:                 Ellis
Station latitude:             36.0853
Station longitude:            -99.9354
Station altitude:             697.0 m
Regime:                       IMG
Component:                    
Unit:                         ug/m3
Matrix:                       
Laboratory code:              US03L
Instrument type:              filterpack
Instrument name:              filterpack_US0067
Method ref:                   US03L_IMPROVE_Davis
Blank correction:             Blank corrected
Volume std. temperature:      ambient
Volume std. pressure:         ambient
starttime endtime PM10 flag_PM10 PM2.5 flag_PM2.5
  1.25   2.25  20.508 0.000  16.089 0.000
  4.25   5.25  12.171 0.000   9.550 0.000
  7.25   8.25   5.734 0.000   2.293 0.000
 10.25  11.25   7.646 0.000   2.321 0.000
 13.25  14.25   8.986 0.000   4.254 0.000
 16.25  17.25   8.111 0.000   4.587 0.000
 19.25  20.25  13.558 0.000   9.198 0.000
 22.25  23.25   2.069 0.000   1.474 0.000
 25.25  26.25  33.606 0.000   3.546 0.000
 28.25  29.25   4.230 0.000   4.410 0.000
 31.25  32.25   4.616 0.000   4.221 0.000
 34.25  35.25   2.181 0.000   1.864 0.000
 37.25  38.25  10.198 0.000   9.488 0.000
 40.25  41.25  11.198 0.000   9.304 0.000
 43.25  44.25   4.409 0.000   3.176 0.000
 46.25  47.25   3.087 0.000   0.963 0.000
 49.25  50.25  19.455 0.000  12.351 0.000
 52.25  53.25   9.253 0.000   7.842 0.000
 55.25  56.25   9.711 0.000   6.723 0.000
 58.25  59.25   6.831 0.000   4.147 0.000
 61.25  62.25  15.110 0.000  11.470 0.000
 64.25  65.25   8.222 0.000   5.663 0.000
 67.25  68.25   3.963 0.000   1.923 0.000
 70.25  71.25   3.627 0.000   1.918 0.000
 73.25  74.25   1.849 0.000   1.488 0.000
 76.25  77.25  10.613 0.000   6.074 0.000
 79.25  80.25   4.091 0.000   1.753 0.000
 82.25  83.25 999.999 0.999 999.999 0.999
 85.25  86.25 999.999 0.999 999.999 0.999
 88.25  89.25 999.999 0.456   4.299 0.000
 91.25  92.25   9.873 0.000   1.889 0.000
 94.25  95.25  18.806 0.000   9.076 0.000
 97.25  98.25  13.433 0.000   5.508 0.000
100.25 101.25  16.112 0.000   7.841 0.000
103.25 104.25  13.817 0.000   6.978 0.000
106.25 107.25  11.123 0.000   6.266 0.000
109.25 110.25 999.999 0.456   3.653 0.000
112.25 113.25 999.999 0.456   2.698 0.000
115.25 116.25 999.999 0.456   2.297 0.000
118.25 119.25  26.784 0.000   8.644 0.000
121.25 122.25   6.208 0.000   1.818 0.000
124.25 125.25  22.060 0.000   4.619 0.000
127.25 128.25  11.064 0.000   2.847 0.000
130.25 131.25  30.631 0.000   9.045 0.000
133.25 134.25   6.774 0.000   2.418 0.000
136.25 137.25   6.071 0.000   2.163 0.000
139.25 140.25   4.185 0.000   1.535 0.000
142.25 143.25  12.490 0.000   5.904 0.000
145.25 146.25  11.685 0.000   6.478 0.000
148.25 149.25  18.204 0.000  10.755 0.000
151.25 152.25  16.058 0.000   5.899 0.000
154.25 155.25  18.599 0.000   6.778 0.000
157.25 158.25  25.367 0.000  10.838 0.000
160.25 161.25  26.545 0.000  13.358 0.000
163.25 164.25  13.479 0.000   6.088 0.000
166.25 167.25  11.613 0.000   4.951 0.000
169.25 170.25  12.203 0.000   5.019 0.000
172.25 173.25  11.997 0.000   4.935 0.000
175.25 176.25  16.706 0.000   7.491 0.000
178.25 179.25  14.551 0.000   4.059 0.000
181.25 182.25  18.035 0.000   9.529 0.000
184.25 185.25   5.854 0.000   3.057 0.000
187.25 188.25   6.401 0.000   3.031 0.000
190.25 191.25   7.841 0.000   5.380 0.000
193.25 194.25  10.207 0.000   5.439 0.000
196.25 197.25  18.900 0.000   8.143 0.000
199.25 200.25  19.552 0.000   8.168 0.000
202.25 203.25  18.739 0.000   6.038 0.000
205.25 206.25  12.314 0.000   5.506 0.000
208.25 209.25  10.226 0.000   5.749 0.000
211.25 212.25  15.365 0.000   6.717 0.000
214.25 215.25  14.293 0.000   5.578 0.000
217.25 218.25   7.667 0.000   4.286 0.000
220.25 221.25  11.826 0.000   6.085 0.000
223.25 224.25  12.123 0.000   5.556 0.000
226.25 227.25  13.411 0.000   6.427 0.000
229.25 230.25   7.481 0.000   4.663 0.000
232.25 233.25  12.643 0.000   4.985 0.000
235.25 236.25  11.181 0.000   2.925 0.000
238.25 239.25  18.197 0.000   6.927 0.000
241.25 242.25  19.153 0.000  10.909 0.000
244.25 245.25  28.291 0.000   4.975 0.000
247.25 248.25  19.043 0.000   4.786 0.000
250.25 251.25   9.597 0.000   4.342 0.000
253.25 254.25  10.935 0.000   3.709 0.000
256.25 257.25   8.880 0.000   4.462 0.000
259.25 260.25   9.528 0.000   4.611 0.000
262.25 263.25  15.653 0.000   8.639 0.000
265.25 266.25   7.653 0.000   3.533 0.000
268.25 269.25   5.152 0.000   2.669 0.000
271.25 272.25  19.613 0.000   5.019 0.000
274.25 275.25  24.713 0.000   4.448 0.000
277.25 278.25  21.836 0.000   6.789 0.000
280.25 281.25  18.830 0.000   6.029 0.000
283.25 284.25  20.011 0.000   4.064 0.000
286.25 287.25  32.418 0.000   5.830 0.000
289.25 290.25  27.495 0.000   6.899 0.000
292.25 293.25  38.901 0.000   7.510 0.000
295.25 296.25 999.999 0.999 999.999 0.999
298.25 299.25   3.353 0.000   0.741 0.000
301.25 302.25  15.143 0.000   2.696 0.000
304.25 305.25  28.000 0.000   6.019 0.000
307.25 308.25  12.655 0.000   2.449 0.000
310.25 311.25  21.471 0.000   3.761 0.000
313.25 314.25  16.960 0.000   2.593 0.000
316.25 317.25   4.338 0.000   3.197 0.000
319.25 320.25   3.087 0.000   1.795 0.000
322.25 323.25  12.485 0.000   3.642 0.000
325.25 326.25   9.710 0.000   2.182 0.000
328.25 329.25  17.583 0.000   3.561 0.000
331.25 332.25  16.270 0.000   3.840 0.000
334.25 335.25  35.726 0.000   4.056 0.000
337.25 338.25  18.062 0.000   2.938 0.000
340.25 341.25  22.673 0.000   5.512 0.000
343.25 344.25  14.982 0.000   3.934 0.000
346.25 347.25  12.770 0.000   3.294 0.000
349.25 350.25  22.231 0.000   3.517 0.000
352.25 353.25   9.271 0.000   5.147 0.000
355.25 356.25  12.273 0.000   7.221 0.000
358.25 359.25  11.822 0.000  10.234 0.000
361.25 362.25  16.743 0.000  10.012 0.000
364.25 365.25   5.379 0.000   1.983 0.000
