scripts/IMPROVE-2019_partial/data/US0011R.20100102060000.20191216000000.filterpack...52w.3d.US03L_filterpack_US0011.US03L_IMPROVE_Davis.lev2.nas
52 1001
MISSING INFORMATION
US03L, IMPROVE, , , , , , , 
MISSING INFORMATION
IMPROVE sel_HTAP
1 1
2010 01 01 2019 12 16
3.00
days from file reference point
5
1 1 1 1 1
999.99 999.999 9.999 999.999 9.999
end_time of measurement, days from the file reference point
pm10_mass, ug/m3, Matrix=pm10
numflag pm10_mass, no unit, Matrix=pm10
pm25_mass, ug/m3, Matrix=pm25
numflag pm25_mass, no unit, Matrix=pm25
0
33
Data definition:              EBAS_1.1
Set type code:                TU
Timezone:                     UTC
File name:                    US0011R.20100102060000.20191216000000.filterpack...52w.3d.US03L_filterpack_US0011.US03L_IMPROVE_Davis.lev2.nas
File creation:                20191218115608
Startdate:                    20100102060000
Revision date:                20191216000000
Version:                      2
Version description:          "Data extracted from http://views.cira.colostate.edu/fed/DataWizard 2019-12-16"
Statistics:                   arithmetic mean
Data level:                   2
Period code:                  52w
Resolution code:              3d
Sample duration:              1d
Orig. time res.:              3d
Station code:                 US0011R
Platform code:                US0011S
Station name:                 Caney Creek
Station latitude:             34.4544
Station longitude:            -94.1429
Station altitude:             683.0 m
Regime:                       IMG
Component:                    
Unit:                         ug/m3
Matrix:                       
Laboratory code:              US03L
Instrument type:              filterpack
Instrument name:              filterpack_US0011
Method ref:                   US03L_IMPROVE_Davis
Blank correction:             Blank corrected
Volume std. temperature:      ambient
Volume std. pressure:         ambient
starttime endtime PM10 flag_PM10 PM2.5 flag_PM2.5
  1.25   2.25   9.375 0.000   7.548 0.000
  4.25   5.25   7.714 0.000   5.561 0.000
  7.25   8.25   7.726 0.000   4.342 0.000
 10.25  11.25  10.354 0.000   6.037 0.000
 13.25  14.25  11.101 0.000   8.397 0.000
 16.25  17.25   6.569 0.000   5.675 0.000
 19.25  20.25   8.227 0.000   6.063 0.000
 22.25  23.25   4.243 0.000   3.425 0.000
 25.25  26.25   4.660 0.000   1.548 0.000
 28.25  29.25   3.291 0.000   2.291 0.000
 31.25  32.25   9.388 0.000   8.072 0.000
 34.25  35.25   2.898 0.000   2.195 0.000
 37.25  38.25   7.040 0.000   6.121 0.000
 40.25  41.25   6.100 0.000   5.229 0.000
 43.25  44.25   9.297 0.000   8.204 0.000
 46.25  47.25   4.535 0.000   2.649 0.000
 49.25  50.25  10.919 0.000   6.142 0.000
 52.25  53.25  11.003 0.000   9.181 0.000
 55.25  56.25   6.942 0.000   3.959 0.000
 58.25  59.25  10.261 0.000   6.862 0.000
 61.25  62.25  10.726 0.000   5.210 0.000
 64.25  65.25  14.875 0.000  11.090 0.000
 67.25  68.25   6.478 0.000   2.450 0.000
 70.25  71.25   4.144 0.000   2.469 0.000
 73.25  74.25  12.209 0.000   8.942 0.000
 76.25  77.25  10.957 0.000   7.057 0.000
 79.25  80.25   0.998 0.000   0.795 0.000
 82.25  83.25  12.796 0.000   7.142 0.000
 85.25  86.25   9.891 0.000   4.740 0.000
 88.25  89.25  17.477 0.000   9.095 0.000
 91.25  92.25  11.195 0.000   6.486 0.000
 94.25  95.25  24.981 0.000  12.082 0.000
 97.25  98.25   8.777 0.000   3.815 0.000
100.25 101.25  13.313 0.000   8.120 0.000
103.25 104.25  25.785 0.000   9.915 0.000
106.25 107.25  21.398 0.000   9.176 0.000
109.25 110.25  20.377 0.000   8.506 0.000
112.25 113.25  14.652 0.000   6.354 0.000
115.25 116.25  16.720 0.000   4.555 0.000
118.25 119.25  40.525 0.000   8.288 0.000
121.25 122.25  16.161 0.000   4.399 0.000
124.25 125.25  21.695 0.000   6.083 0.000
127.25 128.25  16.106 0.000   2.827 0.000
130.25 131.25  50.864 0.000  14.595 0.000
133.25 134.25  33.748 0.000   7.917 0.000
136.25 137.25  17.186 0.000   6.505 0.000
139.25 140.25   6.205 0.000   2.611 0.000
142.25 143.25  10.986 0.000   6.199 0.000
145.25 146.25  14.906 0.000   9.822 0.000
148.25 149.25  21.229 0.000  11.908 0.000
151.25 152.25  20.267 0.000  11.915 0.000
154.25 155.25  11.803 0.000   8.342 0.000
157.25 158.25  12.829 0.000   7.089 0.000
160.25 161.25   7.130 0.000   4.573 0.000
163.25 164.25  14.934 0.000  10.464 0.000
166.25 167.25  17.644 0.000  12.629 0.000
169.25 170.25  15.353 0.000   9.747 0.000
172.25 173.25  24.085 0.000  13.615 0.000
175.25 176.25  16.760 0.000  13.059 0.000
178.25 179.25   9.525 0.000   5.809 0.000
181.25 182.25  21.215 0.000  14.447 0.000
184.25 185.25  17.076 0.000  10.639 0.000
187.25 188.25   6.349 0.000   3.843 0.000
190.25 191.25  15.734 0.000   9.540 0.000
193.25 194.25  34.082 0.000  18.122 0.000
196.25 197.25  39.551 0.000  18.820 0.000
199.25 200.25 999.999 0.999 999.999 0.999
202.25 203.25  27.737 0.000  13.983 0.000
205.25 206.25  28.485 0.000  11.891 0.000
208.25 209.25 999.999 0.999 999.999 0.999
211.25 212.25 999.999 0.999 999.999 0.999
214.25 215.25  17.911 0.000  10.960 0.000
217.25 218.25 999.999 0.999 999.999 0.999
220.25 221.25 999.999 0.999 999.999 0.999
223.25 224.25 999.999 0.999 999.999 0.999
226.25 227.25 999.999 0.999 999.999 0.999
229.25 230.25 999.999 0.456 999.999 0.456
232.25 233.25 999.999 0.456 999.999 0.456
235.25 236.25 999.999 0.456 999.999 0.456
238.25 239.25  21.212 0.000   8.982 0.000
241.25 242.25   9.915 0.000   4.213 0.000
244.25 245.25   8.400 0.000   7.141 0.000
247.25 248.25  17.457 0.000   7.944 0.000
250.25 251.25   8.106 0.000   5.458 0.000
253.25 254.25  17.830 0.000   9.748 0.000
256.25 257.25  19.339 0.000  11.802 0.000
259.25 260.25  22.855 0.000  13.527 0.000
262.25 263.25  19.397 0.000  12.994 0.000
265.25 266.25  13.059 0.000   6.919 0.000
268.25 269.25   6.493 0.000   3.988 0.000
271.25 272.25  13.560 0.000   6.467 0.000
274.25 275.25  16.073 0.000   4.319 0.000
277.25 278.25  24.975 0.000  15.820 0.000
280.25 281.25  18.925 0.000   9.364 0.000
283.25 284.25  10.863 0.000   7.457 0.000
286.25 287.25  14.506 0.000   2.697 0.000
289.25 290.25  16.976 0.000   9.042 0.000
292.25 293.25   7.179 0.000   4.783 0.000
295.25 296.25  14.318 0.000  10.312 0.000
298.25 299.25   9.645 0.000 999.999 0.456
301.25 302.25   8.822 0.000   1.874 0.000
304.25 305.25  14.128 0.000  10.872 0.000
307.25 308.25  10.444 0.000   1.738 0.000
310.25 311.25   9.371 0.000   5.818 0.000
313.25 314.25   9.356 0.000   6.797 0.000
316.25 317.25   2.498 0.000   1.766 0.000
319.25 320.25   5.859 0.000   4.171 0.000
322.25 323.25   7.893 0.000   6.272 0.000
325.25 326.25   5.570 0.000   4.205 0.000
328.25 329.25   3.761 0.000   2.438 0.000
331.25 332.25   9.737 0.000   4.456 0.000
334.25 335.25   6.565 0.000   2.255 0.000
337.25 338.25  14.392 0.000   7.766 0.000
340.25 341.25   6.825 0.000   3.255 0.000
343.25 344.25  12.502 0.000   9.664 0.000
346.25 347.25   3.906 0.000   1.939 0.000
349.25 350.25  17.849 0.000  10.774 0.000
352.25 353.25  13.732 0.000  10.215 0.000
355.25 356.25  21.273 0.000  14.833 0.000
358.25 359.25   9.327 0.000   9.028 0.000
361.25 362.25   5.662 0.000   3.762 0.000
364.25 365.25   8.434 0.000   4.284 0.000
