scripts/IMPROVE-2019_partial/data/US0062R.20020102070000.20191216000000.filterpack..pm25.52w.1w.US03L_filterpack_US0062.US03L_IMPROVE_Davis.lev2.nas
66 1001
MISSING INFORMATION
US03L, IMPROVE, , , , , , , 
MISSING INFORMATION
IMPROVE sel_HTAP
1 1
2002 01 01 2019 12 16
3.000000
days from file reference point
27
1 1 1 1 1 1 1 1 1 1 1 1 1 1 1 1 1 1 1 1 1 1 1 1 1 1 1
999.999999 9999.99 9.999 99.99 9.999 9.999 9.999999 99.99 9.999999 9.999 9.999999 99.999 9.999 999.999 9.999 999.99 9.999999 999.999 9.999 999.999 9.999 999.999 9.999 9.999 9.999 9.999 9.999999
end_time of measurement, days from the file reference point
iron, ng/m3, Revision date=20181210133000
numflag iron, no unit, Revision date=20181210133000
lead, ng/m3, Revision date=20181210133000
numflag lead, no unit, Revision date=20181210133000
magnesium, ug/m3, Revision date=20181210133000
numflag magnesium, no unit, Revision date=20181210133000
nickel, ng/m3, Revision date=20181210133000
numflag nickel, no unit, Revision date=20181210133000
nitrate, ug N/m3, Revision date=20181210133000
numflag nitrate, no unit, Revision date=20181210133000
organic_carbon, ug C/m3, Revision date=20181210133000
numflag organic_carbon, no unit, Revision date=20181210133000
organic_mass, ug/m3, Revision date=20181210133000
numflag organic_mass, no unit, Revision date=20181210133000
phosphorus, ng/m3, Revision date=20181210133000
numflag phosphorus, no unit, Revision date=20181210133000
pm10_mass, ug/m3, Version=2, Version description=Data extracted from http://views.cira.colostate.edu/fed/DataWizard 2019-12-16, Sample duration=1d, Orig. time res.=3d, Matrix=pm10, Blank correction=Blank corrected, Volume std. temperature=ambient, Volume std. pressure=ambient
numflag pm10_mass, no unit, Version=2, Version description=Data extracted from http://views.cira.colostate.edu/fed/DataWizard 2019-12-16, Sample duration=1d, Orig. time res.=3d, Matrix=pm10, Blank correction=Blank corrected, Volume std. temperature=ambient, Volume std. pressure=ambient
pm10_pm25_mass, ug/m3, Revision date=20181210133000, Matrix=pm10_pm25
numflag pm10_pm25_mass, no unit, Revision date=20181210133000, Matrix=pm10_pm25
pm25_mass, ug/m3, Version=2, Version description=Data extracted from http://views.cira.colostate.edu/fed/DataWizard 2019-12-16, Sample duration=1d, Orig. time res.=3d, Blank correction=Blank corrected, Volume std. temperature=ambient, Volume std. pressure=ambient
numflag pm25_mass, no unit, Version=2, Version description=Data extracted from http://views.cira.colostate.edu/fed/DataWizard 2019-12-16, Sample duration=1d, Orig. time res.=3d, Blank correction=Blank corrected, Volume std. temperature=ambient, Volume std. pressure=ambient
potassium, ug/m3, Revision date=20181210133000
numflag potassium, no unit, Revision date=20181210133000
sulphate_total, ug S/m3, Revision date=20181210133000
numflag sulphate_total, no unit, Revision date=20181210133000
0
25
Data definition:              EBAS_1.1
Set type code:                TU
Timezone:                     UTC
File name:                    US0062R.20020102070000.20191216000000.filterpack..pm25.52w.1w.US03L_filterpack_US0062.US03L_IMPROVE_Davis.lev2.nas
File creation:                20191218115924
Startdate:                    20020102070000
Revision date:                20191216000000
Statistics:                   arithmetic mean
Data level:                   2
Period code:                  52w
Resolution code:              1w
Station code:                 US0062R
Platform code:                US0062S
Station name:                 Bandelier NM
Station latitude:             35.7797
Station longitude:            -106.2664
Station altitude:             1988.0 m
Regime:                       IMG
Component:                    
Matrix:                       pm25
Laboratory code:              US03L
Instrument type:              filterpack
Instrument name:              filterpack_US0062
Method ref:                   US03L_IMPROVE_Davis
starttime endtime Fe flag_Fe Pb flag_Pb Mg++ flag_Mg++ Ni flag_Ni NO3- flag_NO3- OC flag_OC OM flag_OM P flag_P PM10 flag_PM10 PM10-PM2.5 flag_PM10-PM2.5 PM2.5 flag_PM2.5 K+ flag_K+ SO4-- flag_SO4--
  1.291667   2.291667   15.74 0.000  0.64 0.000 9.999 0.259000  0.70 0.000000 0.150 0.000000  0.716 0.000   1.002 0.000 999.99 0.259000   3.877 0.000   0.437 0.000   3.440 0.000 0.012 0.000 0.428 0.000000
  4.291667   5.291667   11.43 0.000  0.39 0.000 9.999 0.259000  0.41 0.000000 0.065 0.000000  0.712 0.000   0.997 0.000 999.99 0.259000   3.877 0.000   0.776 0.000   3.101 0.000 0.013 0.000 0.322 0.000000
  7.291667   8.291667    7.62 0.000 99.99 0.259 9.999 0.259000 99.99 0.259000 0.017 0.000000  0.433 0.000   0.606 0.000 999.99 0.259000   2.353 0.000   1.021 0.000   1.332 0.000 0.015 0.000 0.059 0.000000
 10.291667  11.291667    5.51 0.559  0.20 0.559 9.999 0.559259 99.99 0.559259 0.032 0.000000  0.502 0.000   0.703 0.000 999.99 0.559259   1.948 0.000   0.383 0.000   1.565 0.559 0.008 0.559 0.095 0.000000
 13.291667  14.291667    8.42 0.559  0.30 0.559 0.019 0.559000 99.99 0.559259 0.075 0.000000  0.450 0.000   0.630 0.000 999.99 0.559259   2.684 0.000   1.229 0.000   1.455 0.559 0.011 0.559 0.075 0.000000
 16.291667  17.291667   12.87 0.000  0.61 0.000 9.999 0.259000 99.99 0.259000 0.086 0.000000  0.334 0.000   0.467 0.000 999.99 0.259000   4.446 0.000   2.035 0.000   2.411 0.000 0.022 0.000 0.229 0.000000
 19.291667  20.291667   11.68 0.000 99.99 0.259 9.999 0.259000 99.99 0.259000 0.048 0.000000  0.299 0.000   0.418 0.000 999.99 0.259000   2.897 0.000   1.708 0.000   1.190 0.000 0.012 0.000 0.060 0.000000
 22.291667  23.291667   23.39 0.559  1.10 0.559 9.999 0.559259 99.99 0.559259 0.126 0.000000  0.406 0.000   0.568 0.000 999.99 0.559259   5.325 0.000   2.815 0.000   2.510 0.559 0.026 0.559 0.182 0.000000
 25.291667  26.291667   22.79 0.000  0.75 0.000 9.999 0.259000 99.99 0.259000 0.098 0.000000  0.690 0.000   0.965 0.000 999.99 0.259000   4.985 0.000   2.541 0.000   2.443 0.000 0.031 0.000 0.104 0.000000
 28.291667  29.291667   21.41 0.559  0.42 0.559 9.999 0.559259  0.27 0.559000 0.026 0.000000  0.270 0.000   0.378 0.000 999.99 0.559259   1.925 0.000   0.634 0.000   1.291 0.559 0.017 0.559 0.052 0.000000
 31.291667  32.291667   29.46 0.559  0.49 0.559 9.999 0.559259  1.09 0.559000 0.109 0.000000  1.010 0.000   1.414 0.000 999.99 0.559259   4.458 0.000   1.067 0.000   3.391 0.559 0.027 0.559 0.147 0.000000
 34.291667  35.291667   19.69 0.559  0.47 0.559 9.999 0.559259  0.37 0.559000 0.193 0.000000  1.410 0.000   1.975 0.000 999.99 0.559259   5.624 0.000   1.614 0.000   4.010 0.559 0.031 0.559 0.111 0.000000
 37.291667  38.291667   12.10 0.559  0.50 0.559 9.999 0.559259 99.99 0.559259 0.058 0.559000  0.900 0.000   1.260 0.000 999.99 0.559259   3.642 0.000   1.173 0.000   2.468 0.559 0.017 0.559 0.134 0.559000
 40.291667  41.291667    9.85 0.000 99.99 0.259 9.999 0.259000 99.99 0.259000 0.019 0.559000  0.289 0.000   0.404 0.000 999.99 0.259000   2.514 0.000   1.228 0.000   1.286 0.000 0.009 0.000 0.104 0.559000
 43.291667  44.291667   70.07 0.000  0.61 0.000 9.999 0.259000  1.30 0.000000 0.210 0.559000  0.358 0.000   0.501 0.000 999.99 0.259000   8.478 0.000   5.037 0.000   3.441 0.000 0.046 0.000 0.119 0.559000
 46.291667  47.291667   16.31 0.000  0.51 0.000 9.999 0.259000  0.30 0.000000 0.032 0.559000  0.450 0.000   0.631 0.000 999.99 0.259000   3.664 0.000   1.413 0.000   2.251 0.000 0.018 0.000 0.165 0.559000
 49.291667  50.291667   11.82 0.000  0.21 0.000 9.999 0.259000 99.99 0.259000 0.051 0.559000  0.374 0.000   0.523 0.000 999.99 0.259000   3.530 0.000   1.373 0.000   2.157 0.000 0.014 0.000 0.222 0.559000
 52.291667  53.291667   14.51 0.559  0.48 0.559 9.999 0.559259 99.99 0.559259 0.023 0.559000  0.395 0.000   0.553 0.000 999.99 0.559259   3.049 0.000   1.647 0.000   1.402 0.559 0.014 0.559 0.074 0.559000
 55.291667  56.291667   25.74 0.000  0.30 0.000 9.999 0.259000 99.99 0.259000 0.014 0.559000  0.134 0.000   0.188 0.000 999.99 0.259000   7.283 0.000   5.991 0.000   1.292 0.000 0.020 0.000 0.052 0.559000
 58.291667  59.291667   34.39 0.000  0.63 0.000 9.999 0.259000 99.99 0.259000 0.149 0.559000  0.319 0.000   0.447 0.000 999.99 0.259000   6.521 0.000   3.840 0.000   2.681 0.000 0.026 0.000 0.117 0.559000
 61.291667  62.291667   17.25 0.000  0.63 0.000 9.999 0.259000 99.99 0.259000 0.044 0.559000  0.326 0.000   0.457 0.000 999.99 0.259000   3.858 0.000   1.310 0.000   2.548 0.000 0.018 0.000 0.252 0.559000
 64.291667  65.291667   23.98 0.559  0.72 0.559 9.999 0.559259 99.99 0.559259 0.024 0.559000  0.249 0.000   0.349 0.000 999.99 0.559259   4.167 0.000   2.406 0.000   1.761 0.559 0.019 0.559 0.099 0.559000
 67.291667  68.291667   30.32 0.000  0.51 0.000 9.999 0.259000  0.07 0.000000 0.018 0.559000  0.288 0.000   0.404 0.000 999.99 0.259000   6.479 0.000   4.291 0.000   2.188 0.000 0.027 0.000 0.135 0.559000
 70.291667  71.291667   15.44 0.000  0.33 0.000 9.999 0.259000 99.99 0.259000 0.015 0.559000  0.344 0.000   0.481 0.000 999.99 0.259000   3.509 0.000   2.007 0.000   1.501 0.000 0.019 0.000 0.098 0.559000
 73.291667  74.291667   50.89 0.559  0.62 0.559 9.999 0.559259  0.13 0.559000 0.066 0.559000  0.277 0.000   0.388 0.000  11.78 0.559000  11.264 0.000   8.119 0.000   3.145 0.559 0.036 0.559 0.186 0.559000
 76.291667  77.291667   46.63 0.559  0.90 0.559 9.999 0.559259  0.15 0.559000 0.062 0.559000  0.267 0.000   0.373 0.000 999.99 0.559259   7.072 0.000   4.300 0.000   2.771 0.559 0.030 0.559 0.161 0.559000
 79.291667  80.291667   37.54 0.000  0.80 0.000 9.999 0.259000  0.14 0.000000 0.065 0.559000  0.558 0.000   0.781 0.000 999.99 0.259000   9.358 0.000   5.367 0.000   3.991 0.000 0.034 0.000 0.363 0.559000
 82.291667  83.291667   68.84 0.559  0.50 0.559 9.999 0.559259  0.15 0.559000 0.051 0.559000  0.177 0.000   0.248 0.000 999.99 0.559259   8.123 0.000   5.338 0.000   2.784 0.559 0.038 0.559 0.145 0.559000
 85.291667  86.291667   44.91 0.000  1.81 0.000 9.999 0.259000  0.11 0.000000 0.049 0.000000  0.461 0.000   0.645 0.000 999.99 0.259000   7.925 0.000   4.812 0.000   3.113 0.000 0.034 0.000 0.267 0.000000
 88.291667  89.291667   49.02 0.000  0.90 0.000 9.999 0.259000 99.99 0.259000 0.040 0.000000  0.607 0.000   0.850 0.000 999.99 0.259000   9.698 0.000   5.826 0.000   3.872 0.000 0.040 0.000 0.322 0.000000
 91.291667  92.291667   69.98 0.394  0.84 0.394 9.999 0.394259 99.99 0.394259 0.038 0.559394  0.517 0.000   0.723 0.000 999.99 0.394259  13.131 0.000   9.508 0.000   3.624 0.000 0.051 0.394 0.200 0.559394
 94.291667  95.291667   51.87 0.000  0.91 0.000 9.999 0.259000  0.16 0.000000 0.033 0.000000  0.902 0.000   1.264 0.000 999.99 0.259000  12.459 0.000   7.652 0.000   4.808 0.000 0.042 0.000 0.347 0.000000
 97.291667  98.291667   22.93 0.000  0.49 0.000 9.999 0.259000 99.99 0.259000 0.048 0.559000  0.675 0.000   0.945 0.000 999.99 0.259000   4.534 0.000   1.451 0.000   3.083 0.000 0.020 0.000 0.277 0.559000
100.291667 101.291667   59.27 0.000  0.74 0.000 9.999 0.259000  0.12 0.000000 0.040 0.000000  0.339 0.000   0.474 0.000 999.99 0.259000   6.660 0.000   3.667 0.000   2.993 0.000 0.034 0.000 0.171 0.000000
103.291667 104.291667   63.74 0.000  0.49 0.000 9.999 0.259000  0.10 0.000000 0.030 0.559000  0.453 0.000   0.633 0.000 999.99 0.259000   6.173 0.000   3.227 0.000   2.946 0.000 0.034 0.000 0.151 0.559000
106.291667 107.291667   58.46 0.000  0.95 0.000 9.999 0.259000  0.19 0.000000 0.037 0.559000  0.281 0.000   0.394 0.000 999.99 0.259000   7.271 0.000   4.671 0.000   2.600 0.000 0.038 0.000 0.231 0.559000
109.291667 110.291667   87.25 0.000  0.72 0.000 9.999 0.259000  0.10 0.000000 0.064 0.000000  0.523 0.000   0.732 0.000 999.99 0.259000  16.013 0.000  11.925 0.000   4.088 0.000 0.060 0.000 0.266 0.000000
112.291667 113.291667  125.88 0.000  2.22 0.000 9.999 0.259000  0.13 0.000000 0.040 0.000000  0.392 0.000   0.548 0.000 999.99 0.259000   8.495 0.000   4.172 0.000   4.323 0.000 0.079 0.000 0.275 0.000000
115.291667 116.291667  183.02 0.000  1.33 0.000 9.999 0.259000  0.13 0.000000 0.064 0.559000  0.750 0.000   1.050 0.000 999.99 0.259000  33.915 0.000  26.569 0.000   7.346 0.000 0.118 0.000 0.318 0.559000
118.291667 119.291667   56.47 0.000  0.74 0.000 9.999 0.259000  0.11 0.000000 0.030 0.000000  0.362 0.000   0.506 0.000 999.99 0.259000   4.926 0.000   2.691 0.000   2.234 0.000 0.034 0.000 0.124 0.000000
121.291667 122.291667  115.30 0.000  1.21 0.000 9.999 0.259000 99.99 0.259000 0.061 0.000000  0.288 0.000   0.404 0.000 999.99 0.259000   9.165 0.000   5.391 0.000   3.774 0.000 0.066 0.000 0.173 0.000000
124.291667 125.291667  134.81 0.000  1.02 0.000 9.999 0.259000  0.14 0.000000 0.056 0.000000  0.429 0.000   0.601 0.000 999.99 0.259000   9.165 0.000   4.664 0.000   4.501 0.000 0.074 0.000 0.182 0.000000
127.291667 128.291667  162.67 0.000  0.88 0.000 0.076 0.000000  0.20 0.000000 0.132 0.000000  0.636 0.000   0.891 0.000 999.99 0.259000  16.150 0.000   9.820 0.000   6.330 0.000 0.097 0.000 0.312 0.000000
130.291667 131.291667  141.22 0.000  1.07 0.000 9.999 0.259000  0.13 0.000000 0.054 0.559000  0.344 0.000   0.482 0.000 999.99 0.259000  10.255 0.000   5.802 0.000   4.453 0.000 0.076 0.000 0.173 0.559000
133.291667 134.291667  109.63 0.000  0.71 0.000 9.999 0.259000  0.10 0.000000 0.054 0.000000  0.802 0.000   1.122 0.000 999.99 0.259000  16.744 0.000  10.875 0.000   5.869 0.000 0.085 0.000 0.384 0.000000
136.291667 137.291667   93.37 0.000  0.86 0.000 9.999 0.259000  0.10 0.000000 0.083 0.000000  1.199 0.000   1.678 0.000 999.99 0.259000  13.485 0.000   6.833 0.000   6.652 0.000 0.068 0.000 0.485 0.000000
139.291667 140.291667   62.56 0.000  0.47 0.000 9.999 0.259000 99.99 0.259000 0.030 0.559000  0.916 0.000   1.283 0.000 999.99 0.259000   7.994 0.000   3.957 0.000   4.037 0.000 0.053 0.000 0.219 0.559000
142.291667 143.291667   49.05 0.000  0.64 0.000 9.999 0.259000  0.10 0.000000 0.038 0.559000  0.986 0.000   1.381 0.000 999.99 0.259000   7.429 0.000   3.910 0.000   3.519 0.000 0.032 0.000 0.118 0.559000
145.291667 146.291667   58.47 0.559  0.65 0.559 9.999 0.559259  0.15 0.559000 0.062 0.000000  2.651 0.000   3.712 0.000 999.99 0.559259  11.628 0.000   4.350 0.000   7.278 0.559 0.059 0.559 0.298 0.000000
148.291667 149.291667   66.53 0.559  0.43 0.559 9.999 0.559259  0.15 0.559000 0.035 0.559000  1.161 0.000   1.626 0.000 999.99 0.559259   8.911 0.000   4.194 0.000   4.717 0.559 0.046 0.559 0.292 0.559000
151.291667 152.291667   47.94 0.000  0.55 0.000 9.999 0.259000  0.09 0.000000 0.036 0.000000  0.763 0.000   1.068 0.000 999.99 0.259000  10.838 0.000   6.330 0.000   4.508 0.000 0.045 0.000 0.406 0.000000
154.291667 155.291667 9999.99 0.456 99.99 0.456 9.999 0.456000 99.99 0.456000 9.999 0.456000 99.999 0.999 999.999 0.999 999.99 0.456000 999.999 0.456 999.999 0.999 999.999 0.456 9.999 0.456 9.999 0.456000
157.291667 158.291667  229.70 0.000  0.75 0.000 0.054 0.000000 99.99 0.259000 0.050 0.000000  1.027 0.000   1.438 0.000 999.99 0.259000  26.212 0.000  17.006 0.000   9.206 0.000 0.149 0.000 0.398 0.000000
160.291667 161.291667   84.44 0.559  0.63 0.559 9.999 0.559259  0.25 0.559000 0.052 0.000000  0.931 0.000   1.304 0.000 999.99 0.559259  12.645 0.000   7.004 0.000   5.640 0.559 0.083 0.559 0.310 0.000000
163.291667 164.291667   63.33 0.559  0.49 0.559 0.032 0.559000  0.14 0.559000 0.049 0.000000  2.426 0.000   3.397 0.000 999.99 0.559259  10.718 0.000   3.909 0.000   6.808 0.559 0.068 0.559 0.192 0.000000
166.291667 167.291667   85.82 0.000  0.50 0.000 9.999 0.259000 99.99 0.259000 0.074 0.000000  1.204 0.000   1.686 0.000 999.99 0.259000  15.896 0.000   9.698 0.000   6.198 0.000 0.071 0.000 0.313 0.000000
169.291667 170.291667  108.56 0.000  0.88 0.000 9.999 0.259000 99.99 0.259000 0.052 0.559000  1.373 0.000   1.922 0.000 999.99 0.259000   9.658 0.000   4.566 0.000   5.093 0.000 0.114 0.000 0.195 0.559000
172.291667 173.291667 9999.99 0.999 99.99 0.999 9.999 0.999000 99.99 0.999000 9.999 0.999000 99.999 0.999 999.999 0.999 999.99 0.999000 999.999 0.999 999.999 0.999 999.999 0.999 9.999 0.999 9.999 0.999000
175.291667 176.291667 9999.99 0.999 99.99 0.999 9.999 0.999000 99.99 0.999000 9.999 0.999000 99.999 0.999 999.999 0.999 999.99 0.999000 999.999 0.999 999.999 0.999 999.999 0.999 9.999 0.999 9.999 0.999000
178.291667 179.291667 9999.99 0.999 99.99 0.999 9.999 0.999000 99.99 0.999000 9.999 0.999000 99.999 0.999 999.999 0.999 999.99 0.999000 999.999 0.999 999.999 0.999 999.999 0.999 9.999 0.999 9.999 0.999000
181.291667 182.291667 9999.99 0.699 99.99 0.699 9.999 0.699000 99.99 0.699000 0.067 0.559000  5.293 0.000   7.410 0.000 999.99 0.699000  18.382 0.000 999.999 0.999 999.999 0.699 9.999 0.699 0.421 0.559000
184.291667 185.291667   72.24 0.000  0.45 0.000 9.999 0.259000  0.10 0.000000 0.026 0.559000  2.455 0.000   3.437 0.000 999.99 0.259000  11.668 0.000   3.361 0.000   8.307 0.000 0.080 0.000 0.319 0.559000
187.291667 188.291667   30.77 0.000  0.41 0.000 9.999 0.259000 99.99 0.259000 0.023 0.559000  0.884 0.000   1.237 0.000 999.99 0.259000   4.078 0.000   0.394 0.000   3.684 0.000 0.031 0.000 0.251 0.559000
190.291667 191.291667   33.73 0.000  0.26 0.000 9.999 0.259000 99.99 0.259000 0.019 0.000000  0.542 0.000   0.759 0.000 999.99 0.259000   5.814 0.000   2.248 0.000   3.566 0.000 0.029 0.000 0.310 0.000000
193.291667 194.291667   33.22 0.000  0.30 0.000 9.999 0.259000 99.99 0.259000 0.018 0.000000  0.844 0.000   1.181 0.000 999.99 0.259000   6.783 0.000   3.007 0.000   3.776 0.000 0.026 0.000 0.305 0.000000
196.291667 197.291667   27.34 0.000  0.24 0.000 9.999 0.259000 99.99 0.259000 0.013 0.559000  0.550 0.000   0.769 0.000 999.99 0.259000   3.794 0.000   1.393 0.000   2.402 0.000 0.020 0.000 0.169 0.559000
199.291667 200.291667   45.89 0.000  0.26 0.000 9.999 0.259000 99.99 0.259000 0.022 0.000000  0.782 0.000   1.094 0.000 999.99 0.259000   5.098 0.000   1.482 0.000   3.616 0.000 0.034 0.000 0.237 0.000000
202.291667 203.291667   22.46 0.000  0.19 0.000 9.999 0.259000 99.99 0.259000 0.011 0.000000  0.570 0.000   0.798 0.000 999.99 0.259000   2.624 0.000   0.606 0.000   2.018 0.000 0.013 0.000 0.147 0.000000
205.291667 206.291667   42.03 0.000  0.25 0.000 9.999 0.259000 99.99 0.259000 0.017 0.000000  1.087 0.000   1.522 0.000  10.98 0.000000   5.091 0.000   1.439 0.000   3.651 0.000 0.035 0.000 0.172 0.000000
208.291667 209.291667   94.48 0.000  0.39 0.000 9.999 0.259000 99.99 0.259000 0.036 0.000000  0.770 0.000   1.078 0.000 999.99 0.259000  12.355 0.000   7.195 0.000   5.160 0.000 0.073 0.000 0.316 0.000000
211.291667 212.291667   49.13 0.000  0.52 0.000 9.999 0.259000 99.99 0.259000 0.021 0.000000  1.007 0.000   1.410 0.000 999.99 0.259000   7.547 0.000   3.417 0.000   4.130 0.000 0.038 0.000 0.238 0.000000
214.291667 215.291667   14.51 0.000  0.19 0.000 9.999 0.259000 99.99 0.259000 0.027 0.000000  0.634 0.000   0.888 0.000  10.34 0.000000   2.382 0.000   0.441 0.000   1.941 0.000 0.015 0.000 0.136 0.000000
217.291667 218.291667   78.17 0.000  0.56 0.000 9.999 0.259000 99.99 0.259000 0.033 0.000000  0.795 0.000   1.113 0.000 999.99 0.259000   7.466 0.000   1.555 0.000   5.911 0.000 0.046 0.000 0.640 0.000000
220.291667 221.291667   28.29 0.000  0.28 0.000 9.999 0.259000  0.15 0.000000 0.017 0.559000  0.605 0.000   0.847 0.000 999.99 0.259000   6.302 0.000   1.705 0.000   4.598 0.000 0.024 0.000 0.514 0.559000
223.291667 224.291667   38.79 0.699  0.51 0.699 0.022 0.699000 99.99 0.699259 0.033 0.559000  1.293 0.000   1.811 0.000 999.99 0.699259  11.641 0.000   6.459 0.000   5.182 0.699 0.042 0.699 0.304 0.559000
226.291667 227.291667   49.20 0.000  0.31 0.000 9.999 0.259000 99.99 0.259000 0.015 0.559000  0.674 0.000   0.944 0.000 999.99 0.259000   8.461 0.000   4.155 0.000   4.306 0.000 0.040 0.000 0.099 0.559000
229.291667 230.291667   42.87 0.000  0.42 0.000 0.025 0.000000 99.99 0.259000 0.024 0.559000  0.883 0.000   1.237 0.000 999.99 0.259000   8.149 0.000   4.056 0.000   4.092 0.000 0.040 0.000 0.296 0.559000
232.291667 233.291667   40.71 0.000  0.33 0.000 9.999 0.259000 99.99 0.259000 0.035 0.000000  0.746 0.000   1.044 0.000 999.99 0.259000   5.459 0.000   1.846 0.000   3.614 0.000 0.038 0.000 0.277 0.000000
