scripts/IMPROVE-2019_partial/data/US0031R.20020102100000.20191216000000.filterpack..pm25.52w.1w.US03L_filterpack_US0031.US03L_IMPROVE_Davis.lev2.nas
66 1001
MISSING INFORMATION
US03L, IMPROVE, , , , , , , 
MISSING INFORMATION
IMPROVE sel_HTAP
1 1
2002 01 01 2019 12 16
3.000000
days from file reference point
27
1 1 1 1 1 1 1 1 1 1 1 1 1 1 1 1 1 1 1 1 1 1 1 1 1 1 1
999.999999 999.99 9.999 99.99 9.999999 9.999 9.999999 9.99 9.999999 9.999 9.999999 99.999 9.999 99.999 9.999 999.99 9.999999 999.999 9.999 99.999 9.999 999.999 9.999 9.999 9.999 99.999 9.999
end_time of measurement, days from the file reference point
iron, ng/m3, Revision date=20181210133000
numflag iron, no unit, Revision date=20181210133000
lead, ng/m3, Revision date=20181210133000
numflag lead, no unit, Revision date=20181210133000
magnesium, ug/m3, Revision date=20181210133000
numflag magnesium, no unit, Revision date=20181210133000
nickel, ng/m3, Revision date=20181210133000
numflag nickel, no unit, Revision date=20181210133000
nitrate, ug N/m3, Revision date=20181210133000
numflag nitrate, no unit, Revision date=20181210133000
organic_carbon, ug C/m3, Revision date=20181210133000
numflag organic_carbon, no unit, Revision date=20181210133000
organic_mass, ug/m3, Revision date=20181210133000
numflag organic_mass, no unit, Revision date=20181210133000
phosphorus, ng/m3, Revision date=20181210133000
numflag phosphorus, no unit, Revision date=20181210133000
pm10_mass, ug/m3, Version=2, Version description=Data extracted from http://views.cira.colostate.edu/fed/DataWizard 2019-12-16, Sample duration=1d, Orig. time res.=3d, Matrix=pm10, Blank correction=Blank corrected, Volume std. temperature=ambient, Volume std. pressure=ambient
numflag pm10_mass, no unit, Version=2, Version description=Data extracted from http://views.cira.colostate.edu/fed/DataWizard 2019-12-16, Sample duration=1d, Orig. time res.=3d, Matrix=pm10, Blank correction=Blank corrected, Volume std. temperature=ambient, Volume std. pressure=ambient
pm10_pm25_mass, ug/m3, Revision date=20181210133000, Matrix=pm10_pm25
numflag pm10_pm25_mass, no unit, Revision date=20181210133000, Matrix=pm10_pm25
pm25_mass, ug/m3, Version=2, Version description=Data extracted from http://views.cira.colostate.edu/fed/DataWizard 2019-12-16, Sample duration=1d, Orig. time res.=3d, Blank correction=Blank corrected, Volume std. temperature=ambient, Volume std. pressure=ambient
numflag pm25_mass, no unit, Version=2, Version description=Data extracted from http://views.cira.colostate.edu/fed/DataWizard 2019-12-16, Sample duration=1d, Orig. time res.=3d, Blank correction=Blank corrected, Volume std. temperature=ambient, Volume std. pressure=ambient
potassium, ug/m3, Revision date=20181210133000
numflag potassium, no unit, Revision date=20181210133000
sulphate_total, ug S/m3, Revision date=20181210133000
numflag sulphate_total, no unit, Revision date=20181210133000
0
25
Data definition:              EBAS_1.1
Set type code:                TU
Timezone:                     UTC
File name:                    US0031R.20020102100000.20191216000000.filterpack..pm25.52w.1w.US03L_filterpack_US0031.US03L_IMPROVE_Davis.lev2.nas
File creation:                20191218115728
Startdate:                    20020102100000
Revision date:                20191216000000
Statistics:                   arithmetic mean
Data level:                   2
Period code:                  52w
Resolution code:              1w
Station code:                 US0031R
Platform code:                US0031S
Station name:                 Hawaii Volcanoes NP
Station latitude:             19.4309
Station longitude:            -155.2579
Station altitude:             1258.0 m
Regime:                       IMG
Component:                    
Matrix:                       pm25
Laboratory code:              US03L
Instrument type:              filterpack
Instrument name:              filterpack_US0031
Method ref:                   US03L_IMPROVE_Davis
starttime endtime Fe flag_Fe Pb flag_Pb Mg++ flag_Mg++ Ni flag_Ni NO3- flag_NO3- OC flag_OC OM flag_OM P flag_P PM10 flag_PM10 PM10-PM2.5 flag_PM10-PM2.5 PM2.5 flag_PM2.5 K+ flag_K+ SO4-- flag_SO4--
[from data line 80]
241.416667 242.416667   1.82 0.559  1.36 0.559000 0.052 0.559000 9.99 0.559259 0.003 0.000000  0.528 0.000  0.739 0.000 999.99 0.559259   8.929 0.000 99.999 0.259   9.225 0.559 0.018 0.559  1.579 0.000
244.416667 245.416667   3.12 0.559  0.40 0.559000 0.017 0.559000 9.99 0.559259 0.030 0.000000  0.558 0.000  0.781 0.000 999.99 0.559259   2.785 0.000  1.148 0.000   1.638 0.559 0.010 0.559  0.147 0.000
247.416667 248.416667   4.27 0.000  0.31 0.000000 9.999 0.259000 9.99 0.259000 0.020 0.000000  0.328 0.000  0.459 0.000 999.99 0.259000   2.694 0.000  1.234 0.000   1.460 0.000 0.010 0.000  0.134 0.000
250.416667 251.416667   0.50 0.000  0.22 0.000000 9.999 0.259000 9.99 0.259000 0.006 0.000000  0.315 0.000  0.441 0.000 999.99 0.259000   0.954 0.000  0.420 0.000   0.534 0.000 0.006 0.000  0.042 0.000
253.416667 254.416667   6.87 0.000  0.35 0.000000 9.999 0.259000 9.99 0.259000 0.025 0.000000  0.370 0.000  0.518 0.000 999.99 0.259000   3.472 0.000  1.460 0.000   2.012 0.000 0.016 0.000  0.217 0.000
256.416667 257.416667   6.41 0.559  0.36 0.559000 9.999 0.559259 9.99 0.559259 0.012 0.000000  0.385 0.000  0.539 0.000   3.70 0.559000   1.946 0.000  0.721 0.000   1.226 0.559 0.011 0.559  0.131 0.000
259.416667 260.416667   1.11 0.559  0.21 0.559000 0.015 0.559000 9.99 0.559259 0.014 0.000000  0.397 0.000  0.555 0.000 999.99 0.559259   2.720 0.000  0.850 0.000   1.870 0.559 0.011 0.559  0.186 0.000
262.416667 263.416667   2.31 0.559  0.43 0.559000 9.999 0.559259 0.38 0.559000 0.023 0.000000  0.513 0.000  0.719 0.000 999.99 0.559259   3.739 0.000  0.467 0.000   3.272 0.559 0.013 0.559  0.606 0.000
265.416667 266.416667   8.27 0.699  5.34 0.699000 0.064 0.699000 9.99 0.699259 0.006 0.000000  0.744 0.000  1.042 0.000 999.99 0.699259  31.059 0.000 99.999 0.259  32.475 0.699 0.033 0.699  5.854 0.000
268.416667 269.416667   5.62 0.559  1.62 0.559000 0.025 0.559000 9.99 0.559259 0.012 0.000000  0.498 0.000  0.697 0.000 999.99 0.559259   9.119 0.000 99.999 0.259   9.886 0.559 0.018 0.559  1.738 0.000
271.416667 272.416667   5.66 0.559  0.39 0.559000 0.017 0.559000 0.26 0.559000 0.022 0.000000  0.405 0.000  0.566 0.000 999.99 0.559259   3.129 0.000  1.277 0.000   1.852 0.559 0.019 0.559  0.188 0.000
274.416667 275.416667   1.17 0.559 99.99 0.559259 9.999 0.559259 9.99 0.559259 0.009 0.000000  0.697 0.000  0.976 0.000 999.99 0.559259   2.671 0.000  1.033 0.000   1.638 0.559 0.012 0.559  0.307 0.000
277.416667 278.416667   0.06 0.000  0.13 0.000000 9.999 0.259000 0.06 0.000000 0.008 0.000000  0.580 0.000  0.812 0.000 999.99 0.259000   0.534 0.000  0.152 0.000   0.382 0.000 0.004 0.000  0.232 0.000
280.416667 281.416667   1.62 0.000  0.19 0.000000 0.017 0.000000 0.27 0.000000 0.022 0.000000  0.478 0.000  0.669 0.000 999.99 0.259000   2.657 0.000  1.267 0.000   1.390 0.000 0.015 0.000  0.197 0.000
283.416667 284.416667   1.05 0.559 99.99 0.559259 9.999 0.559259 9.99 0.559259 0.017 0.000000  0.592 0.000  0.829 0.000 999.99 0.559259   1.564 0.000  1.237 0.000   0.328 0.559 0.007 0.559  0.097 0.000
286.416667 287.416667   1.81 0.559  0.80 0.559000 0.018 0.559000 9.99 0.559259 0.009 0.000000  0.958 0.000  1.341 0.000 999.99 0.559259   4.655 0.000 99.999 0.259   4.785 0.559 0.018 0.559  0.995 0.000
289.416667 290.416667   5.52 0.559  2.23 0.559000 0.071 0.559000 0.07 0.559000 0.011 0.000000  1.211 0.000  1.695 0.000 999.99 0.559259  15.453 0.000  0.148 0.000  15.305 0.559 0.045 0.559  3.141 0.000
292.416667 293.416667   1.03 0.000 99.99 0.259000 9.999 0.259000 0.16 0.000000 0.012 0.000000  0.545 0.000  0.763 0.000 999.99 0.259000   1.973 0.000  0.827 0.000   1.147 0.000 0.009 0.000  0.138 0.000
295.416667 296.416667   4.80 0.000  0.39 0.000000 9.999 0.259000 0.13 0.000000 0.034 0.000000  0.439 0.000  0.614 0.000 999.99 0.259000   3.377 0.000  1.384 0.000   1.993 0.000 0.015 0.000  0.169 0.000
298.416667 299.416667   8.95 0.559  0.62 0.559000 9.999 0.559259 9.99 0.559259 0.042 0.000000  0.716 0.000  1.002 0.000 999.99 0.559259   5.800 0.000  2.687 0.000   3.113 0.559 0.029 0.559  0.275 0.000
301.416667 302.416667   4.99 0.559  0.58 0.559000 0.010 0.559000 0.27 0.559000 0.033 0.000000  0.718 0.000  1.005 0.000   2.24 0.559000   3.875 0.000  1.769 0.000   2.106 0.559 0.011 0.559  0.258 0.000
304.416667 305.416667   4.32 0.559  0.32 0.559000 9.999 0.559259 0.24 0.559000 0.033 0.000000  0.786 0.000  1.101 0.000 999.99 0.559259   2.998 0.000  1.128 0.000   1.870 0.559 0.012 0.559  0.266 0.000
307.416667 308.416667   4.08 0.000  0.20 0.000000 9.999 0.259000 0.14 0.000000 0.020 0.000000  0.811 0.000  1.135 0.000 999.99 0.259000   2.671 0.000  0.886 0.000   1.785 0.000 0.009 0.000  0.302 0.000
310.416667 311.416667  51.45 0.559  0.26 0.559000 0.010 0.559000 9.99 0.559259 0.019 0.000000  0.883 0.000  1.236 0.000 999.99 0.559259   1.784 0.000  0.791 0.000   0.992 0.559 0.006 0.559  0.125 0.000
313.416667 314.416667   5.10 0.559  0.54 0.559000 9.999 0.559259 0.15 0.559000 0.024 0.000000  1.143 0.000  1.600 0.000 999.99 0.559259   6.755 0.000  1.737 0.000   5.017 0.559 0.028 0.559  0.986 0.000
316.416667 317.416667   2.53 0.000  0.19 0.000000 9.999 0.259000 0.17 0.000000 0.030 0.000000  0.599 0.000  0.839 0.000 999.99 0.259000   2.960 0.000  1.326 0.000   1.634 0.000 0.012 0.000  0.149 0.000
319.416667 320.416667   1.70 0.000 99.99 0.259000 9.999 0.259000 9.99 0.259000 0.032 0.000000  0.373 0.000  0.522 0.000  23.37 0.000000   4.655 0.000  1.852 0.000   2.803 0.000 0.023 0.000  0.150 0.000
322.416667 323.416667   0.89 0.000 99.99 0.259000 9.999 0.259000 0.12 0.000000 0.013 0.000000  0.372 0.000  0.521 0.000 999.99 0.259000   2.794 0.000  1.842 0.000   0.953 0.000 0.007 0.000  0.081 0.000
325.416667 326.416667  14.14 0.000  0.19 0.000000 9.999 0.259000 0.21 0.000000 0.027 0.000000  0.341 0.000  0.478 0.000 999.99 0.259000   4.849 0.000  3.215 0.000   1.634 0.000 0.010 0.000  0.231 0.000
328.416667 329.416667   1.97 0.000  0.16 0.000000 0.019 0.000000 9.99 0.259000 0.022 0.000000  0.727 0.000  1.018 0.000 999.99 0.259000   5.801 0.000  2.535 0.000   3.266 0.000 0.028 0.000  0.482 0.000
331.416667 332.416667   8.52 0.000  0.95 0.000000 0.065 0.000000 0.28 0.000000 0.043 0.000000  0.332 0.000  0.465 0.000 999.99 0.259000  11.356 0.000  0.503 0.000  10.853 0.000 0.029 0.000  2.063 0.000
334.416667 335.416667   4.73 0.000  0.20 0.000000 0.018 0.000000 9.99 0.259000 9.999 0.999000  0.257 0.000  0.360 0.000 999.99 0.259000   4.068 0.000  2.407 0.000   1.661 0.000 0.011 0.000 99.999 0.999
337.416667 338.416667   3.98 0.000 99.99 0.259000 9.999 0.259000 9.99 0.259000 0.026 0.000000  0.184 0.000  0.257 0.000 999.99 0.259000   3.164 0.000  1.719 0.000   1.446 0.000 0.013 0.000  0.145 0.000
340.416667 341.416667   6.50 0.559  0.13 0.559000 0.020 0.559000 9.99 0.559259 0.012 0.000000  0.158 0.000  0.221 0.000 999.99 0.559259   2.178 0.000  0.966 0.000   1.212 0.559 0.010 0.559  0.157 0.000
343.416667 344.416667   4.57 0.000 99.99 0.259000 9.999 0.259000 9.99 0.259000 0.006 0.000000  0.161 0.000  0.225 0.000 999.99 0.259000   1.153 0.000  0.527 0.000   0.626 0.000 0.007 0.000  0.029 0.000
346.416667 347.416667  44.29 0.559  0.19 0.559000 0.008 0.559000 0.15 0.559000 0.029 0.000000  0.236 0.000  0.331 0.000 999.99 0.559259   5.301 0.000  2.975 0.000   2.326 0.559 0.035 0.559  0.186 0.000
349.416667 350.416667  42.57 0.000  0.12 0.000000 9.999 0.259000 0.13 0.000000 0.025 0.000000  0.099 0.000  0.138 0.000 999.99 0.259000   4.167 0.000  1.884 0.000   2.283 0.000 0.038 0.000  0.184 0.000
352.416667 353.416667   4.85 0.559  0.35 0.559000 9.999 0.559259 9.99 0.559259 0.016 0.000000  0.363 0.000  0.508 0.000 999.99 0.559259   6.536 0.000  2.060 0.000   4.476 0.559 0.019 0.559  0.854 0.000
355.416667 356.416667   2.00 0.559  0.28 0.559000 9.999 0.559259 9.99 0.559259 0.011 0.000000  0.131 0.000  0.184 0.000 999.99 0.559259   5.506 0.000  0.223 0.000   5.283 0.559 0.009 0.559  0.978 0.000
358.416667 359.416667   0.95 0.000  0.21 0.000000 9.999 0.259000 0.18 0.000000 0.025 0.000000  0.229 0.000  0.321 0.000 999.99 0.259000   4.412 0.000  2.423 0.000   1.989 0.000 0.013 0.000  0.143 0.000
361.416667 362.416667   2.48 0.000  0.08 0.000000 0.017 0.000000 9.99 0.259000 0.017 0.000000  0.170 0.000  0.238 0.000 999.99 0.259000   3.513 0.000  1.636 0.000   1.877 0.000 0.015 0.000  0.102 0.000
364.416667 365.416667  10.72 0.000  2.59 0.000000 0.079 0.000000 9.99 0.259000 0.024 0.000000  0.412 0.000  0.577 0.000 999.99 0.259000  16.381 0.000  2.070 0.000  14.311 0.000 0.063 0.000  2.873 0.000
