scripts/IMPROVE-2019_partial/data/US0051R.20090101060000.20191216000000.filterpack...52w.3d.US03L_filterpack_US0051.US03L_IMPROVE_Davis.lev2.nas
52 1001
MISSING INFORMATION
US03L, IMPROVE, , , , , , , 
MISSING INFORMATION
IMPROVE sel_HTAP
1 1
2009 01 01 2019 12 16
3.00
days from file reference point
5
1 1 1 1 1
999.99 999.999 9.999 999.999 9.999
end_time of measurement, days from the file reference point
pm10_mass, ug/m3, Matrix=pm10
numflag pm10_mass, no unit, Matrix=pm10
pm25_mass, ug/m3, Matrix=pm25
numflag pm25_mass, no unit, Matrix=pm25
0
33
Data definition:              EBAS_1.1
Set type code:                TU
Timezone:                     UTC
File name:                    US0051R.20090101060000.20191216000000.filterpack...52w.3d.US03L_filterpack_US0051.US03L_IMPROVE_Davis.lev2.nas
File creation:                20191218115831
Startdate:                    20090101060000
Revision date:                20191216000000
Version:                      2
Version description:          "Data extracted from http://views.cira.colostate.edu/fed/DataWizard 2019-12-16"
Statistics:                   arithmetic mean
Data level:                   2
Period code:                  52w
Resolution code:              3d
Sample duration:              1d
Orig. time res.:              3d
Station code:                 US0051R
Platform code:                US0051S
Station name:                 El Dorado Springs
Station latitude:             37.7009
Station longitude:            -94.0348
Station altitude:             297.0 m
Regime:                       IMG
Component:                    
Unit:                         ug/m3
Matrix:                       
Laboratory code:              US03L
Instrument type:              filterpack
Instrument name:              filterpack_US0051
Method ref:                   US03L_IMPROVE_Davis
Blank correction:             Blank corrected
Volume std. temperature:      ambient
Volume std. pressure:         ambient
starttime endtime PM10 flag_PM10 PM2.5 flag_PM2.5
  0.25   1.25  11.914 0.000   5.408 0.000
  3.25   4.25  13.238 0.000   9.518 0.000
  6.25   7.25  19.107 0.000   3.996 0.000
  9.25  10.25  22.149 0.000  15.928 0.000
 12.25  13.25  12.491 0.000   3.521 0.000
 15.25  16.25  19.429 0.000   8.268 0.000
 18.25  19.25   9.554 0.000   5.757 0.000
 21.25  22.25  43.390 0.000  11.394 0.000
 24.25  25.25  13.562 0.000   7.132 0.000
 27.25  28.25 999.999 0.999 999.999 0.999
 30.25  31.25   8.631 0.000   3.092 0.000
 33.25  34.25  10.340 0.000   4.026 0.000
 36.25  37.25  18.699 0.000   7.654 0.000
 39.25  40.25   8.134 0.000   3.676 0.000
 42.25  43.25   7.257 0.000   4.899 0.000
 45.25  46.25 999.999 0.999 999.999 0.999
 48.25  49.25  23.664 0.000  17.067 0.000
 51.25  52.25  17.006 0.000   6.788 0.000
 54.25  55.25  15.818 0.000   8.063 0.000
 57.25  58.25  12.156 0.000   8.994 0.000
 60.25  61.25  13.660 0.000   9.404 0.000
 63.25  64.25 999.999 0.456  10.535 0.000
 66.25  67.25  11.488 0.000   5.324 0.000
 69.25  70.25   5.713 0.000   3.261 0.000
 72.25  73.25  22.540 0.000  12.992 0.000
 75.25  76.25  25.347 0.000  12.545 0.000
 78.25  79.25  13.738 0.000   4.574 0.000
 81.25  82.25  19.022 0.000  10.327 0.000
 84.25  85.25   6.633 0.000   3.406 0.000
 87.25  88.25   6.988 0.000   4.045 0.000
 90.25  91.25  12.337 0.000   4.438 0.000
 93.25  94.25  11.995 0.000   5.904 0.000
 96.25  97.25  17.939 0.000 999.999 0.456
 99.25 100.25   9.861 0.000   6.372 0.000
102.25 103.25   4.883 0.000   4.146 0.000
105.25 106.25  15.796 0.000   7.168 0.000
108.25 109.25   7.317 0.000   4.261 0.000
111.25 112.25  24.131 0.000   8.694 0.000
114.25 115.25  23.018 0.000  13.362 0.000
117.25 118.25   4.347 0.000   2.164 0.000
120.25 121.25   6.695 0.000   3.209 0.000
123.25 124.25  12.578 0.000   6.994 0.000
126.25 127.25  18.914 0.000  10.780 0.000
129.25 130.25   7.204 0.000   4.143 0.000
132.25 133.25  18.311 0.000   8.840 0.000
135.25 136.25   9.435 0.000   3.322 0.000
138.25 139.25  18.106 0.000   5.761 0.000
141.25 142.25  27.843 0.000   9.322 0.000
144.25 145.25   9.805 0.000   7.821 0.000
147.25 148.25   8.820 0.000   6.430 0.000
150.25 151.25  16.724 0.000   7.692 0.000
153.25 154.25   8.648 0.000   5.674 0.000
156.25 157.25  18.015 0.000   7.397 0.000
159.25 160.25  10.128 0.000   5.376 0.000
162.25 163.25   9.106 0.000   6.652 0.000
165.25 166.25  13.805 0.000   9.845 0.000
168.25 169.25  16.375 0.000   8.685 0.000
171.25 172.25  16.695 0.000   8.214 0.000
174.25 175.25  21.304 0.000   8.383 0.000
177.25 178.25  31.108 0.000  14.621 0.000
180.25 181.25  14.204 0.000   6.453 0.000
183.25 184.25  12.589 0.000   6.866 0.000
186.25 187.25  11.120 0.000   5.475 0.000
189.25 190.25  31.435 0.000  13.525 0.000
192.25 193.25  12.726 0.000   6.531 0.000
195.25 196.25  21.790 0.000  11.367 0.000
198.25 199.25  12.303 0.000   4.273 0.000
201.25 202.25  12.620 0.000   8.622 0.000
204.25 205.25  22.768 0.000   9.066 0.000
207.25 208.25  23.997 0.000  11.278 0.000
210.25 211.25  14.387 0.000   6.971 0.000
213.25 214.25  16.565 0.000   5.487 0.000
216.25 217.25  23.401 0.000  10.205 0.000
219.25 220.25  34.371 0.000  11.505 0.000
222.25 223.25  10.497 0.000   5.734 0.000
225.25 226.25  31.679 0.000  12.973 0.000
228.25 229.25  10.483 0.000   6.436 0.000
231.25 232.25   5.610 0.000   2.530 0.000
234.25 235.25  10.260 0.000   4.356 0.000
237.25 238.25  24.231 0.000  11.297 0.000
240.25 241.25  11.353 0.000   6.325 0.000
243.25 244.25  18.886 0.000   6.537 0.000
246.25 247.25  12.001 0.000   8.712 0.000
249.25 250.25  10.775 0.000   7.085 0.000
252.25 253.25  17.440 0.000  12.696 0.000
255.25 256.25  25.234 0.000  16.716 0.000
258.25 259.25  19.095 0.000  13.005 0.000
261.25 262.25  15.974 0.000   8.586 0.000
264.25 265.25   8.291 0.000   4.792 0.000
267.25 268.25 999.999 0.456   4.547 0.000
270.25 271.25 999.999 0.456   2.954 0.000
273.25 274.25 999.999 0.456   6.554 0.000
276.25 277.25 999.999 0.456   2.790 0.000
279.25 280.25   5.221 0.000   2.016 0.000
282.25 283.25   4.267 0.000   2.705 0.000
285.25 286.25   5.039 0.000   4.186 0.000
288.25 289.25   4.138 0.000   2.736 0.000
291.25 292.25  11.717 0.000   6.027 0.000
294.25 295.25   5.915 0.000   4.212 0.000
297.25 298.25   6.627 0.000   4.536 0.000
300.25 301.25   8.798 0.000   3.983 0.000
303.25 304.25   5.253 0.000   2.768 0.000
306.25 307.25  10.860 0.000   3.011 0.000
309.25 310.25  19.781 0.000  10.441 0.000
312.25 313.25  23.599 0.000  13.964 0.000
315.25 316.25  17.261 0.000   7.741 0.000
318.25 319.25   3.875 0.000   2.571 0.000
321.25 322.25  13.069 0.000   9.828 0.000
324.25 325.25  11.547 0.000   9.229 0.000
327.25 328.25   8.417 0.000   4.115 0.000
330.25 331.25  13.116 0.000   3.950 0.000
333.25 334.25  16.257 0.000   8.097 0.000
336.25 337.25  12.322 0.000   4.819 0.000
339.25 340.25  10.817 0.000   7.425 0.000
342.25 343.25  10.672 0.000   5.605 0.000
345.25 346.25   7.443 0.000   4.628 0.000
348.25 349.25  12.333 0.000   8.176 0.000
351.25 352.25  30.301 0.000  20.307 0.000
354.25 355.25  18.209 0.000  14.150 0.000
357.25 358.25   2.819 0.000   1.946 0.000
360.25 361.25   5.134 0.000   3.831 0.000
363.25 364.25   9.343 0.000   8.295 0.000
