scripts/IMPROVE-2019_partial/data/US0052R.20060102060000.20191216000000.filterpack..pm25.52w.1w.US03L_filterpack_US0052.US03L_IMPROVE_Davis.lev2.nas
64 1001
MISSING INFORMATION
US03L, IMPROVE, , , , , , , 
MISSING INFORMATION
IMPROVE sel_HTAP
1 1
2006 01 01 2019 12 16
3.00
days from file reference point
25
1 1 1 1 1 1 1 1 1 1 1 1 1 1 1 1 1 1 1 1 1 1 1 1 1
999.99 9999.99 9.999 99.99 9.999 9.999 9.999999 99.99 9.999999 99.999 9.999 99.999 9.999 999.999 9.999 999.999 9.999 999.999 9.999 999.999 9.999 9.999 9.999 99.999 9.999
end_time of measurement, days from the file reference point
iron, ng/m3, Revision date=20181210133000
numflag iron, no unit, Revision date=20181210133000
lead, ng/m3, Revision date=20181210133000
numflag lead, no unit, Revision date=20181210133000
magnesium, ug/m3, Revision date=20181210133000
numflag magnesium, no unit, Revision date=20181210133000
nickel, ng/m3, Revision date=20181210133000
numflag nickel, no unit, Revision date=20181210133000
nitrate, ug N/m3, Revision date=20181210133000
numflag nitrate, no unit, Revision date=20181210133000
organic_carbon, ug C/m3, Revision date=20181210133000
numflag organic_carbon, no unit, Revision date=20181210133000
organic_mass, ug/m3, Revision date=20181210133000
numflag organic_mass, no unit, Revision date=20181210133000
pm10_mass, ug/m3, Version=2, Version description=Data extracted from http://views.cira.colostate.edu/fed/DataWizard 2019-12-16, Sample duration=1d, Orig. time res.=3d, Matrix=pm10, Blank correction=Blank corrected, Volume std. temperature=ambient, Volume std. pressure=ambient
numflag pm10_mass, no unit, Version=2, Version description=Data extracted from http://views.cira.colostate.edu/fed/DataWizard 2019-12-16, Sample duration=1d, Orig. time res.=3d, Matrix=pm10, Blank correction=Blank corrected, Volume std. temperature=ambient, Volume std. pressure=ambient
pm10_pm25_mass, ug/m3, Revision date=20181210133000, Matrix=pm10_pm25
numflag pm10_pm25_mass, no unit, Revision date=20181210133000, Matrix=pm10_pm25
pm25_mass, ug/m3, Version=2, Version description=Data extracted from http://views.cira.colostate.edu/fed/DataWizard 2019-12-16, Sample duration=1d, Orig. time res.=3d, Blank correction=Blank corrected, Volume std. temperature=ambient, Volume std. pressure=ambient
numflag pm25_mass, no unit, Version=2, Version description=Data extracted from http://views.cira.colostate.edu/fed/DataWizard 2019-12-16, Sample duration=1d, Orig. time res.=3d, Blank correction=Blank corrected, Volume std. temperature=ambient, Volume std. pressure=ambient
potassium, ug/m3, Revision date=20181210133000
numflag potassium, no unit, Revision date=20181210133000
sulphate_total, ug S/m3, Revision date=20181210133000
numflag sulphate_total, no unit, Revision date=20181210133000
0
25
Data definition:              EBAS_1.1
Set type code:                TU
Timezone:                     UTC
File name:                    US0052R.20060102060000.20191216000000.filterpack..pm25.52w.1w.US03L_filterpack_US0052.US03L_IMPROVE_Davis.lev2.nas
File creation:                20191218115835
Startdate:                    20060102060000
Revision date:                20191216000000
Statistics:                   arithmetic mean
Data level:                   2
Period code:                  52w
Resolution code:              1w
Station code:                 US0052R
Platform code:                US0052S
Station name:                 Hercules-Glades
Station latitude:             36.6138
Station longitude:            -92.9221
Station altitude:             404.0 m
Regime:                       IMG
Component:                    
Matrix:                       pm25
Laboratory code:              US03L
Instrument type:              filterpack
Instrument name:              filterpack_US0052
Method ref:                   US03L_IMPROVE_Davis
starttime endtime Fe flag_Fe Pb flag_Pb Mg++ flag_Mg++ Ni flag_Ni NO3- flag_NO3- OC flag_OC OM flag_OM PM10 flag_PM10 PM10-PM2.5 flag_PM10-PM2.5 PM2.5 flag_PM2.5 K+ flag_K+ SO4-- flag_SO4--
  1.25   2.25   42.69 0.000  1.84 0.000 0.032 0.000000 99.99 0.259000  0.985 0.000  2.962 0.000   4.148 0.000  29.856 0.000  13.777 0.000  16.079 0.000 0.104 0.000  1.400 0.000
  4.25   5.25   19.13 0.000  1.11 0.000 9.999 0.259000 99.99 0.259000  0.382 0.000  0.674 0.000   0.943 0.000   8.201 0.000   3.923 0.000   4.278 0.000 0.020 0.000  0.350 0.000
  7.25   8.25   48.13 0.000  1.32 0.000 0.012 0.000000 99.99 0.259000  0.091 0.000  1.715 0.000   2.401 0.000  19.442 0.000  14.293 0.000   5.150 0.000 0.056 0.000  0.234 0.000
 10.25  11.25   13.37 0.000  0.92 0.000 9.999 0.259000  0.16 0.000000  0.474 0.000  0.905 0.000   1.267 0.000   8.091 0.000   4.137 0.000   3.954 0.000 0.029 0.000  0.457 0.000
 13.25  14.25   16.16 0.000  0.90 0.000 9.999 0.259000 99.99 0.259000  0.435 0.000  0.856 0.000   1.199 0.000   8.095 0.000   3.598 0.000   4.497 0.000 0.030 0.000  0.533 0.000
 16.25  17.25   10.52 0.000  0.79 0.000 9.999 0.259000 99.99 0.259000  0.507 0.000  0.408 0.000   0.571 0.000  11.296 0.000   4.444 0.000   6.851 0.000 0.017 0.000  1.058 0.000
 19.25  20.25   21.09 0.000  1.23 0.000 0.035 0.000000  0.35 0.000000  0.456 0.000  1.060 0.000   1.484 0.000  15.758 0.000   8.292 0.000   7.467 0.000 0.045 0.000  0.711 0.000
 22.25  23.25   21.48 0.000  5.11 0.000 9.999 0.259000 99.99 0.259000  0.805 0.000  1.895 0.000   2.653 0.000  13.464 0.000   2.549 0.000  10.915 0.000 0.059 0.000  1.206 0.000
 25.25  26.25   15.99 0.000  2.50 0.000 9.999 0.259000 99.99 0.259000  0.116 0.000  2.347 0.000   3.286 0.000   9.124 0.000   3.756 0.000   5.369 0.000 0.053 0.000  0.150 0.000
 28.25  29.25   17.93 0.000  1.11 0.000 9.999 0.259000  0.14 0.000000  0.134 0.000  0.936 0.000   1.311 0.000   6.848 0.000   3.574 0.000   3.275 0.000 0.036 0.000  0.266 0.000
 31.25  32.25 9999.99 0.456 99.99 0.456 9.999 0.456000 99.99 0.456000 99.999 0.456 99.999 0.456 999.999 0.456 999.999 0.456 999.999 0.456 999.999 0.456 9.999 0.456 99.999 0.456
 34.25  35.25 9999.99 0.456 99.99 0.456 9.999 0.456000 99.99 0.456000 99.999 0.456 99.999 0.456 999.999 0.456 999.999 0.456 999.999 0.456 999.999 0.456 9.999 0.456 99.999 0.456
 37.25  38.25   34.86 0.000  2.12 0.000 9.999 0.259000 99.99 0.259000  0.582 0.000  1.164 0.000   1.629 0.000  13.852 0.000   7.316 0.000   6.536 0.000 0.052 0.000  0.526 0.000
 40.25  41.25 9999.99 0.999 99.99 0.999 9.999 0.999000 99.99 0.999000 99.999 0.999 99.999 0.999 999.999 0.999 999.999 0.999 999.999 0.999 999.999 0.999 9.999 0.999 99.999 0.999
 43.25  44.25 9999.99 0.999 99.99 0.999 9.999 0.999000 99.99 0.999000 99.999 0.999 99.999 0.999 999.999 0.999 999.999 0.999 999.999 0.999 999.999 0.999 9.999 0.999 99.999 0.999
 46.25  47.25   74.83 0.000  2.67 0.000 9.999 0.259000  0.42 0.000000  0.896 0.000  4.169 0.000   5.837 0.000  32.604 0.000   8.680 0.000  23.925 0.000 0.116 0.000  1.647 0.000
 49.25  50.25   46.25 0.000  6.21 0.000 0.016 0.000000 99.99 0.259000  1.053 0.000  2.253 0.000   3.154 0.000  22.416 0.000  13.927 0.000   8.489 0.000 0.100 0.000  1.044 0.000
 52.25  53.25   29.13 0.000  2.74 0.000 9.999 0.259000 99.99 0.259000  1.194 0.000  2.735 0.000   3.829 0.000  23.248 0.000   6.641 0.000  16.607 0.000 0.098 0.000  1.464 0.000
 55.25  56.25   26.31 0.000  1.88 0.000 9.999 0.259000 99.99 0.259000  0.460 0.000  1.364 0.000   1.909 0.000  11.342 0.000   5.333 0.000   6.009 0.000 0.047 0.000  0.400 0.000
 58.25  59.25   39.40 0.699  1.58 0.699 0.013 0.699000  0.18 0.699000  0.225 0.000  9.842 0.000  13.779 0.000  33.230 0.659  12.477 0.699  20.753 0.659 0.132 0.699  1.045 0.000
 61.25  62.25   39.80 0.000  2.12 0.000 9.999 0.259000 99.99 0.259000  0.646 0.000  2.092 0.000   2.929 0.000  22.735 0.000  10.722 0.000  12.012 0.000 0.066 0.000  1.072 0.000
 64.25  65.25   36.35 0.000  3.28 0.000 9.999 0.259000 99.99 0.259000  0.637 0.000  2.447 0.000   3.426 0.000  13.837 0.000   5.130 0.000   8.707 0.000 0.064 0.000  0.783 0.000
 67.25  68.25   19.24 0.000  0.80 0.000 9.999 0.259000 99.99 0.259000  0.078 0.000  0.510 0.000   0.714 0.000   3.942 0.000   1.515 0.000   2.426 0.000 0.022 0.000  0.275 0.000
 70.25  71.25   26.42 0.000  1.01 0.000 0.028 0.000000  0.79 0.000000  0.179 0.000  2.326 0.000   3.256 0.000  18.518 0.000   5.892 0.000  12.626 0.000 0.154 0.000  1.487 0.000
 73.25  74.25   26.34 0.000  1.26 0.000 9.999 0.259000 99.99 0.259000  0.224 0.000  2.600 0.000   3.640 0.000  12.647 0.000   5.138 0.000   7.509 0.000 0.071 0.000  0.489 0.000
 76.25  77.25   33.85 0.000  3.90 0.000 9.999 0.259000  0.12 0.000000  0.335 0.000  2.123 0.000   2.972 0.000  14.285 0.000   3.458 0.000  10.827 0.000 0.053 0.000  1.385 0.000
 79.25  80.25   11.81 0.000  1.06 0.000 0.011 0.000000 99.99 0.259000  0.083 0.000  0.775 0.000   1.085 0.000   6.162 0.000   0.292 0.000   5.871 0.000 0.020 0.000  1.028 0.000
 82.25  83.25   19.51 0.000  2.66 0.000 9.999 0.259000 99.99 0.259000  0.588 0.000  0.992 0.000   1.389 0.000   8.133 0.000   3.322 0.000   4.810 0.000 0.035 0.000  0.318 0.000
 85.25  86.25   20.71 0.000  1.74 0.000 9.999 0.259000  0.15 0.000000  0.201 0.000  2.185 0.000   3.058 0.000  12.769 0.000   4.408 0.000   8.361 0.000 0.049 0.000  0.810 0.000
 88.25  89.25   30.43 0.000  2.13 0.000 9.999 0.259000  0.22 0.000000  0.124 0.000  3.829 0.000   5.361 0.000  17.666 0.000   5.264 0.000  12.403 0.000 0.072 0.000  1.052 0.000
 91.25  92.25   33.66 0.000  0.91 0.000 9.999 0.259000  0.34 0.000000  0.090 0.000  1.127 0.000   1.577 0.000  10.104 0.000   3.435 0.000   6.669 0.000 0.071 0.000  0.874 0.000
 94.25  95.25   51.61 0.000  2.68 0.000 0.019 0.000000  0.16 0.000000  0.112 0.000  3.497 0.000   4.896 0.000  15.328 0.000   4.389 0.000  10.940 0.000 0.089 0.000  0.729 0.000
 97.25  98.25   51.26 0.000  2.24 0.000 9.999 0.259000  0.17 0.000000  0.270 0.000  0.954 0.000   1.335 0.000  12.321 0.000   6.481 0.000   5.840 0.000 0.057 0.000  0.711 0.000
100.25 101.25   71.62 0.000  3.05 0.000 0.020 0.000000  0.25 0.000000  0.063 0.000  2.539 0.000   3.554 0.000  20.366 0.000   8.563 0.000  11.803 0.000 0.079 0.000  1.267 0.000
103.25 104.25   49.35 0.000  0.87 0.000 0.043 0.000000  0.41 0.000000  0.183 0.000  2.401 0.000   3.361 0.000  22.744 0.000  11.901 0.000  10.842 0.000 0.072 0.000  1.157 0.000
106.25 107.25   76.88 0.000  1.50 0.000 0.031 0.000000 99.99 0.259000  0.075 0.000  2.181 0.000   3.053 0.000  18.407 0.000  11.123 0.000   7.284 0.000 0.082 0.000  0.482 0.000
109.25 110.25   62.04 0.394  1.67 0.394 9.999 0.394259  1.28 0.394000  0.059 0.394  1.673 0.394   2.342 0.394  15.040 0.000   7.583 0.394   7.457 0.000 0.060 0.394  0.639 0.394
112.25 113.25  149.19 0.000  2.44 0.000 0.061 0.000000  1.93 0.000000  0.055 0.000  2.844 0.000   3.982 0.000  18.593 0.000   6.538 0.000  12.055 0.000 0.124 0.000  0.797 0.000
115.25 116.25   31.91 0.000  1.58 0.000 0.024 0.000000 99.99 0.259000  0.590 0.559  0.993 0.000   1.390 0.000   9.499 0.000   2.225 0.000   7.274 0.000 0.031 0.000  1.099 0.559
118.25 119.25   48.56 0.000  2.27 0.000 9.999 0.259000  0.16 0.000000  0.085 0.559  1.550 0.000   2.170 0.000   9.122 0.000   1.413 0.000   7.709 0.000 0.066 0.000  0.740 0.559
121.25 122.25   57.18 0.000  1.68 0.000 9.999 0.259000 99.99 0.259000  0.070 0.559  1.574 0.000   2.203 0.000   9.310 0.000   2.233 0.000   7.077 0.000 0.055 0.000  0.551 0.559
124.25 125.25   27.55 0.000  2.97 0.000 9.999 0.259000 99.99 0.259000  0.062 0.559  0.984 0.000   1.378 0.000   7.551 0.000   3.751 0.000   3.800 0.000 0.028 0.000  0.300 0.559
127.25 128.25   23.37 0.000  1.55 0.000 9.999 0.259000  0.13 0.000000  0.029 0.559  1.061 0.000   1.485 0.000   9.323 0.000   1.600 0.000   7.723 0.000 0.034 0.000  1.062 0.559
130.25 131.25   31.08 0.000  1.01 0.000 9.999 0.259000 99.99 0.259000  0.043 0.559  0.742 0.000   1.039 0.000   7.195 0.000   3.752 0.000   3.443 0.000 0.033 0.000  0.346 0.559
133.25 134.25   21.36 0.000  2.21 0.000 9.999 0.259000  0.10 0.000000  0.036 0.559  0.760 0.000   1.064 0.000   5.838 0.000   2.397 0.000   3.441 0.000 0.026 0.000  0.356 0.559
136.25 137.25   29.83 0.559  3.79 0.559 9.999 0.559259  0.04 0.559000  0.065 0.559  1.030 0.559   1.442 0.559   7.126 0.000   2.798 0.559   4.328 0.659 0.034 0.559  0.400 0.559
139.25 140.25   74.09 0.000  6.24 0.000 9.999 0.259000  0.14 0.000000  0.059 0.559  2.845 0.000   3.984 0.000  16.110 0.000   5.127 0.000  10.983 0.000 0.080 0.000  1.035 0.559
142.25 143.25   64.26 0.559  2.74 0.559 9.999 0.559259 99.99 0.559259  0.080 0.559  2.674 0.000   3.743 0.000  18.419 0.000   2.459 0.559  15.960 0.659 0.066 0.559  1.932 0.559
145.25 146.25   71.91 0.559  1.38 0.559 0.009 0.559000  0.21 0.559000  0.077 0.559  1.793 0.000   2.510 0.000  11.039 0.000   2.760 0.559   8.279 0.659 0.075 0.559  0.852 0.559
148.25 149.25  115.02 0.559  0.89 0.559 9.999 0.559259  0.42 0.559000  0.093 0.559  1.413 0.000   1.978 0.000  11.248 0.000   3.056 0.559   8.192 0.659 0.084 0.559  0.885 0.559
151.25 152.25   22.66 0.559  0.88 0.559 0.013 0.559000  0.17 0.559000  0.043 0.559  1.477 0.000   2.067 0.000   7.699 0.000   1.592 0.559   6.107 0.659 0.040 0.559  0.647 0.559
154.25 155.25   31.51 0.559  1.21 0.559 0.018 0.559000 99.99 0.559259  0.026 0.559  1.782 0.000   2.494 0.000   8.730 0.000   2.118 0.559   6.612 0.659 0.054 0.559  0.481 0.559
157.25 158.25   34.57 0.559  1.78 0.559 0.021 0.559000  0.09 0.559000  0.057 0.559  1.784 0.000   2.497 0.000  11.048 0.000   2.655 0.559   8.393 0.659 0.065 0.559  0.917 0.559
160.25 161.25   70.83 0.000  2.38 0.000 0.024 0.000000  0.08 0.000000  0.038 0.559  4.020 0.000   5.628 0.000  18.481 0.000   2.905 0.000  15.576 0.000 0.164 0.000  1.333 0.559
163.25 164.25   31.82 0.559  2.07 0.559 0.011 0.559000 99.99 0.559259  0.030 0.559  1.232 0.559   1.726 0.559   9.685 0.000   2.129 0.559   7.556 0.659 0.032 0.559  0.907 0.559
166.25 167.25   66.45 0.559  1.80 0.559 9.999 0.559259  0.27 0.559000  0.037 0.559  3.172 0.559   4.440 0.559  20.217 0.000   2.008 0.559  18.209 0.659 0.117 0.559  2.387 0.559
169.25 170.25   26.90 0.559  1.06 0.559 0.015 0.559000 99.99 0.559259  0.030 0.559  1.638 0.559   2.293 0.559   9.231 0.000   2.005 0.559   7.226 0.659 0.039 0.559  0.702 0.559
172.25 173.25   88.31 0.000  1.22 0.000 9.999 0.259000  0.45 0.000000  0.052 0.559  1.916 0.559   2.683 0.559  12.426 0.000   2.159 0.000  10.266 0.000 0.060 0.000  1.086 0.559
175.25 176.25   25.23 0.559  1.88 0.559 9.999 0.559259 99.99 0.559259  0.024 0.559  1.637 0.000   2.292 0.000  10.380 0.000   2.056 0.559   8.324 0.659 0.052 0.559  0.870 0.559
178.25 179.25   29.00 0.559  1.02 0.559 0.015 0.559000 99.99 0.559259  0.022 0.559  2.322 0.000   3.252 0.000  10.748 0.000   3.692 0.559   7.056 0.659 0.052 0.559  0.562 0.559
181.25 182.25   38.09 0.559  1.82 0.559 0.009 0.559000 99.99 0.559259  0.024 0.559  3.619 0.000   6.515 0.000  15.699 0.000   2.879 0.559  12.820 0.659 0.081 0.559  1.063 0.559
184.25 185.25   31.25 0.559  1.54 0.559 9.999 0.559259  0.25 0.559000  0.039 0.559  1.605 0.000   2.889 0.000  10.082 0.000   1.336 0.559   8.746 0.659 0.097 0.559  1.159 0.559
187.25 188.25   28.17 0.559  1.57 0.559 0.006 0.559000  0.12 0.559000  0.022 0.559  1.564 0.559   2.815 0.559  10.378 0.000   2.005 0.559   8.374 0.659 0.041 0.559  0.882 0.559
190.25 191.25   30.89 0.559  1.48 0.559 9.999 0.559259 99.99 0.559259  0.024 0.559  2.293 0.000   4.127 0.000  11.306 0.000   2.012 0.559   9.294 0.659 0.051 0.559  0.837 0.559
193.25 194.25  432.74 0.559  1.58 0.559 0.089 0.559000  0.27 0.559000  0.090 0.559  1.768 0.000   3.183 0.000  17.787 0.000   4.721 0.559  13.066 0.659 0.156 0.559  0.610 0.559
196.25 197.25   44.41 0.559  2.52 0.559 0.007 0.559000 99.99 0.559259  0.018 0.559  2.591 0.000   4.663 0.000  11.586 0.000   2.494 0.559   9.092 0.659 0.054 0.559  0.769 0.559
199.25 200.25   66.31 0.559  1.42 0.559 9.999 0.559259  0.14 0.559000  0.023 0.559  4.734 0.000   8.522 0.000  20.242 0.000   3.062 0.559  17.180 0.659 0.066 0.559  1.581 0.559
202.25 203.25   18.90 0.559  1.20 0.559 0.006 0.559000 99.99 0.559259  0.026 0.559  1.136 0.000   2.045 0.000   6.500 0.000   1.649 0.559   4.851 0.659 0.027 0.559  0.493 0.559
205.25 206.25   31.01 0.559  1.49 0.559 9.999 0.559259 99.99 0.559259  0.019 0.559  2.803 0.000   5.046 0.000  13.964 0.000   2.690 0.559  11.274 0.659 0.034 0.559  1.179 0.559
208.25 209.25  345.53 0.559  1.14 0.559 9.999 0.559259  0.30 0.559000  0.095 0.559  1.187 0.559   2.137 0.559  15.133 0.000   4.224 0.559  10.909 0.659 0.150 0.559  0.731 0.559
211.25 212.25   42.17 0.559  0.90 0.559 9.999 0.559259  0.46 0.559000  0.041 0.559  1.615 0.000   2.906 0.000   9.801 0.000   1.842 0.559   7.960 0.659 0.030 0.559  0.939 0.559
214.25 215.25  882.38 0.559  2.76 0.559 0.430 0.559000  0.58 0.559000  0.261 0.559  2.078 0.000   3.741 0.000  37.412 0.000  13.367 0.559  24.045 0.659 0.384 0.559  1.320 0.559
217.25 218.25  160.42 0.559  1.33 0.559 0.044 0.559000  0.15 0.559000  0.042 0.559  2.170 0.000   3.907 0.000  15.919 0.000   3.089 0.559  12.830 0.659 0.086 0.559  1.338 0.559
220.25 221.25  142.95 0.559  0.52 0.559 9.999 0.559259  0.36 0.559000  0.046 0.559  1.485 0.559   2.674 0.559  12.730 0.000   3.188 0.559   9.542 0.659 0.076 0.559  1.032 0.559
223.25 224.25   34.13 0.559  1.00 0.559 0.013 0.559000 99.99 0.559259  0.019 0.559  1.027 0.559   1.848 0.559  10.135 0.000   2.235 0.559   7.900 0.659 0.033 0.559  1.190 0.559
226.25 227.25   18.26 0.559  2.07 0.559 0.007 0.559000 99.99 0.559259  0.025 0.559  1.293 0.559   2.328 0.559   8.537 0.000   2.686 0.559   5.851 0.659 0.035 0.559  0.611 0.559
229.25 230.25   66.07 0.559  2.09 0.559 0.028 0.559000 99.99 0.559259  0.025 0.559  2.422 0.559   4.359 0.559  17.491 0.000   3.331 0.559  14.161 0.659 0.052 0.559  1.732 0.559
232.25 233.25   18.51 0.559  0.66 0.559 0.014 0.559000 99.99 0.559259  0.026 0.559  1.370 0.559   2.466 0.559   9.504 0.000   1.799 0.559   7.705 0.659 0.028 0.559  0.964 0.559
235.25 236.25   34.23 0.559  2.43 0.559 9.999 0.559259  0.16 0.559000  0.024 0.559  2.238 0.559   4.028 0.559  25.104 0.000   0.407 0.559  24.697 0.659 0.056 0.559  4.076 0.559
238.25 239.25   10.85 0.559  0.97 0.559 9.999 0.559259 99.99 0.559259  0.019 0.559  0.989 0.559   1.781 0.559   6.531 0.000   1.873 0.559   4.657 0.659 0.024 0.559  0.531 0.559
241.25 242.25   18.17 0.559  5.00 0.559 9.999 0.559259 99.99 0.559259  0.058 0.559  1.197 0.559   2.154 0.559   8.492 0.000   1.882 0.559   6.610 0.659 0.034 0.559  0.781 0.559
244.25 245.25   30.51 0.559  2.54 0.559 0.014 0.559000  0.20 0.559000  0.021 0.559  1.322 0.559   2.380 0.559  16.868 0.000   1.414 0.559  15.454 0.659 0.027 0.559  2.974 0.559
247.25 248.25   15.15 0.559  1.70 0.559 9.999 0.559259 99.99 0.559259  0.025 0.559  0.882 0.559   1.588 0.559   7.370 0.000   2.008 0.559   5.362 0.659 0.024 0.559  0.630 0.559
250.25 251.25   28.83 0.559  1.62 0.559 9.999 0.559259 99.99 0.559259  0.018 0.559  1.736 0.559   3.126 0.559  13.424 0.000   2.261 0.559  11.163 0.659 0.073 0.559  1.445 0.559
253.25 254.25   19.93 0.559  0.97 0.559 9.999 0.559259 99.99 0.559259  0.022 0.559  2.345 0.559   4.221 0.559  12.248 0.000   1.630 0.559  10.618 0.659 0.081 0.559  1.158 0.559
256.25 257.25   20.06 0.559  1.58 0.559 9.999 0.559259 99.99 0.559259  0.023 0.559  1.033 0.559   1.860 0.559   7.397 0.000   2.444 0.559   4.953 0.659 0.046 0.559  0.463 0.559
259.25 260.25   22.62 0.559  1.20 0.559 9.999 0.559259  0.28 0.559000  0.033 0.559  2.176 0.559   3.916 0.559  11.584 0.000   2.367 0.559   9.217 0.659 0.075 0.559  0.921 0.559
262.25 263.25   15.15 0.559  1.03 0.559 9.999 0.559259 99.99 0.559259  0.023 0.559  0.978 0.559   1.761 0.559   6.139 0.000   2.480 0.559   3.658 0.659 0.028 0.559  0.315 0.559
265.25 266.25   16.36 0.559  0.84 0.559 9.999 0.559259  0.13 0.559000  0.025 0.559  0.780 0.000   1.405 0.000   4.798 0.000   1.981 0.559   2.817 0.659 0.025 0.559  0.241 0.559
268.25 269.25   19.93 0.559  1.07 0.559 9.999 0.559259 99.99 0.559259  0.030 0.559  1.003 0.559   1.806 0.559   7.319 0.000   3.123 0.559   4.196 0.659 0.031 0.559  0.367 0.559
