scripts/IMPROVE-2019_partial/data/US0068R.20020902060000.20191216000000.filterpack..pm25.4mo.1w.US03L_filterpack_US0068.US03L_IMPROVE_Davis.lev2.nas
64 1001
MISSING INFORMATION
US03L, IMPROVE, , , , , , , 
MISSING INFORMATION
IMPROVE sel_HTAP
1 1
2002 01 01 2019 12 16
3.00
days from file reference point
25
1 1 1 1 1 1 1 1 1 1 1 1 1 1 1 1 1 1 1 1 1 1 1 1 1
999.99 999.99 9.999 99.99 9.999 9.999 9.999999 9.99 9.999999 99.999 9.999 99.999 9.999 99.999 9.999 999.999 9.999 999.999 9.999 999.999 9.999 9.999 9.999 99.999 9.999
end_time of measurement, days from the file reference point
iron, ng/m3, Revision date=20181210133000
numflag iron, no unit, Revision date=20181210133000
lead, ng/m3, Revision date=20181210133000
numflag lead, no unit, Revision date=20181210133000
magnesium, ug/m3, Revision date=20181210133000
numflag magnesium, no unit, Revision date=20181210133000
nickel, ng/m3, Revision date=20181210133000
numflag nickel, no unit, Revision date=20181210133000
nitrate, ug N/m3, Revision date=20181210133000
numflag nitrate, no unit, Revision date=20181210133000
organic_carbon, ug C/m3, Revision date=20181210133000
numflag organic_carbon, no unit, Revision date=20181210133000
organic_mass, ug/m3, Revision date=20181210133000
numflag organic_mass, no unit, Revision date=20181210133000
pm10_mass, ug/m3, Version=2, Version description=Data extracted from http://views.cira.colostate.edu/fed/DataWizard 2019-12-16, Sample duration=1d, Orig. time res.=3d, Matrix=pm10, Blank correction=Blank corrected, Volume std. temperature=ambient, Volume std. pressure=ambient
numflag pm10_mass, no unit, Version=2, Version description=Data extracted from http://views.cira.colostate.edu/fed/DataWizard 2019-12-16, Sample duration=1d, Orig. time res.=3d, Matrix=pm10, Blank correction=Blank corrected, Volume std. temperature=ambient, Volume std. pressure=ambient
pm10_pm25_mass, ug/m3, Revision date=20181210133000, Matrix=pm10_pm25
numflag pm10_pm25_mass, no unit, Revision date=20181210133000, Matrix=pm10_pm25
pm25_mass, ug/m3, Version=2, Version description=Data extracted from http://views.cira.colostate.edu/fed/DataWizard 2019-12-16, Sample duration=1d, Orig. time res.=3d, Blank correction=Blank corrected, Volume std. temperature=ambient, Volume std. pressure=ambient
numflag pm25_mass, no unit, Version=2, Version description=Data extracted from http://views.cira.colostate.edu/fed/DataWizard 2019-12-16, Sample duration=1d, Orig. time res.=3d, Blank correction=Blank corrected, Volume std. temperature=ambient, Volume std. pressure=ambient
potassium, ug/m3, Revision date=20181210133000
numflag potassium, no unit, Revision date=20181210133000
sulphate_total, ug S/m3, Revision date=20181210133000
numflag sulphate_total, no unit, Revision date=20181210133000
0
25
Data definition:              EBAS_1.1
Set type code:                TU
Timezone:                     UTC
File name:                    US0068R.20020902060000.20191216000000.filterpack..pm25.4mo.1w.US03L_filterpack_US0068.US03L_IMPROVE_Davis.lev2.nas
File creation:                20191218115951
Startdate:                    20020902060000
Revision date:                20191216000000
Statistics:                   arithmetic mean
Data level:                   2
Period code:                  4mo
Resolution code:              1w
Station code:                 US0068R
Platform code:                US0068S
Station name:                 Cherokee Nation
Station latitude:             36.9562
Station longitude:            -97.0313
Station altitude:             342.0 m
Regime:                       IMG
Component:                    
Matrix:                       pm25
Laboratory code:              US03L
Instrument type:              filterpack
Instrument name:              filterpack_US0068
Method ref:                   US03L_IMPROVE_Davis
starttime endtime Fe flag_Fe Pb flag_Pb Mg++ flag_Mg++ Ni flag_Ni NO3- flag_NO3- OC flag_OC OM flag_OM PM10 flag_PM10 PM10-PM2.5 flag_PM10-PM2.5 PM2.5 flag_PM2.5 K+ flag_K+ SO4-- flag_SO4--
244.25 245.25 999.99 0.999 99.99 0.999 9.999 0.999000 9.99 0.999000 99.999 0.999 99.999 0.999 99.999 0.999 999.999 0.999 999.999 0.999 999.999 0.999 9.999 0.999 99.999 0.999
247.25 248.25 999.99 0.999 99.99 0.999 9.999 0.999000 9.99 0.999000 99.999 0.999 99.999 0.999 99.999 0.999 999.999 0.999 999.999 0.999 999.999 0.999 9.999 0.999 99.999 0.999
250.25 251.25 999.99 0.999 99.99 0.999 9.999 0.999000 9.99 0.999000 99.999 0.999 99.999 0.999 99.999 0.999 999.999 0.999 999.999 0.999 999.999 0.999 9.999 0.999 99.999 0.999
253.25 254.25 999.99 0.999 99.99 0.999 9.999 0.999000 9.99 0.999000 99.999 0.999 99.999 0.999 99.999 0.999 999.999 0.999 999.999 0.999 999.999 0.999 9.999 0.999 99.999 0.999
256.25 257.25 999.99 0.999 99.99 0.999 9.999 0.999000 9.99 0.999000 99.999 0.999 99.999 0.999 99.999 0.999 999.999 0.999 999.999 0.999 999.999 0.999 9.999 0.999 99.999 0.999
259.25 260.25 999.99 0.999 99.99 0.999 9.999 0.999000 9.99 0.999000 99.999 0.999 99.999 0.999 99.999 0.999 999.999 0.999 999.999 0.999 999.999 0.999 9.999 0.999 99.999 0.999
262.25 263.25  24.98 0.000  1.77 0.000 9.999 0.259000 9.99 0.259000  0.075 0.000  1.220 0.000  1.708 0.000  12.985 0.000   8.893 0.000   4.092 0.000 0.026 0.000  0.330 0.000
265.25 266.25  55.90 0.559  1.00 0.559 9.999 0.559259 9.99 0.559259  0.028 0.000  0.893 0.000  1.250 0.000  19.212 0.000  15.527 0.000   3.685 0.559 0.034 0.559  0.250 0.000
268.25 269.25  85.01 0.000  2.00 0.000 0.050 0.000000 9.99 0.259000  0.111 0.000  2.048 0.000  2.868 0.000  33.978 0.000  18.324 0.000  15.654 0.000 0.059 0.000  2.414 0.000
271.25 272.25  99.99 0.000  2.94 0.000 9.999 0.259000 9.99 0.259000  0.065 0.000  3.708 0.000  5.191 0.000  46.896 0.000  29.607 0.000  17.289 0.000 0.093 0.000  1.862 0.000
274.25 275.25  40.21 0.000  0.59 0.000 9.999 0.259000 0.28 0.000000  0.059 0.000  1.174 0.000  1.643 0.000  15.779 0.000   9.868 0.000   5.911 0.000 0.035 0.000  0.829 0.000
277.25 278.25  52.07 0.559  2.27 0.559 9.999 0.559259 0.05 0.559000  0.171 0.000  1.343 0.000  1.880 0.000  15.460 0.000  10.308 0.000   5.151 0.559 0.046 0.559  0.651 0.000
280.25 281.25  35.16 0.559  1.88 0.559 9.999 0.559259 9.99 0.559259  0.076 0.000  1.729 0.000  2.421 0.000  13.241 0.000   8.122 0.000   5.119 0.559 0.045 0.559  0.296 0.000
283.25 284.25  25.71 0.559  0.74 0.559 9.999 0.559259 0.12 0.559000  0.163 0.000  0.968 0.000  1.355 0.000  14.793 0.000   7.220 0.000   7.573 0.559 0.025 0.559  1.252 0.000
286.25 287.25  65.84 0.559  1.36 0.559 9.999 0.559259 9.99 0.559259  0.130 0.000  1.306 0.000  1.828 0.000  26.821 0.000  21.869 0.000   4.952 0.559 0.046 0.559  0.336 0.000
289.25 290.25  70.25 0.559  1.15 0.559 9.999 0.559259 9.99 0.559259  0.182 0.000  1.150 0.000  1.610 0.000  27.485 0.000  22.865 0.000   4.620 0.559 0.048 0.559  0.327 0.000
292.25 293.25   8.30 0.559  0.92 0.559 0.023 0.559000 9.99 0.559259  0.114 0.000  0.781 0.000  1.093 0.000   6.614 0.000   3.796 0.000   2.818 0.559 0.017 0.559  0.272 0.000
295.25 296.25  19.65 0.000  3.19 0.000 9.999 0.259000 9.99 0.259000  0.872 0.000  0.715 0.000  1.001 0.000  14.397 0.000   4.927 0.000   9.470 0.000 0.021 0.000  0.818 0.000
298.25 299.25   4.95 0.559  1.44 0.559 0.028 0.559000 9.99 0.559259  0.450 0.000  0.626 0.000  0.876 0.000   6.693 0.000   1.351 0.000   5.342 0.559 0.017 0.559  0.561 0.000
301.25 302.25   6.82 0.559  1.13 0.559 9.999 0.559259 9.99 0.559259  0.096 0.000  0.514 0.000  0.720 0.000   1.966 0.000 999.999 0.259   2.972 0.559 0.009 0.559  0.448 0.000
304.25 305.25  10.74 0.559  1.31 0.559 9.999 0.559259 9.99 0.559259  0.626 0.000  0.686 0.000  0.960 0.000  11.136 0.000   2.470 0.000   8.666 0.559 0.016 0.559  1.198 0.000
307.25 308.25  17.74 0.559  2.78 0.559 9.999 0.559259 9.99 0.559259  0.511 0.559  1.398 0.000  1.957 0.000   8.628 0.000   2.562 0.000   6.066 0.559 0.027 0.559  0.479 0.559
310.25 311.25 999.99 0.999 99.99 0.999 9.999 0.999000 9.99 0.999000 99.999 0.999 99.999 0.999 99.999 0.999 999.999 0.999 999.999 0.999 999.999 0.999 9.999 0.999 99.999 0.999
313.25 314.25 999.99 0.999 99.99 0.999 9.999 0.999000 9.99 0.999000 99.999 0.999 99.999 0.999 99.999 0.999 999.999 0.999 999.999 0.999 999.999 0.999 9.999 0.999 99.999 0.999
316.25 317.25  34.30 0.559  0.73 0.559 9.999 0.559259 9.99 0.559259  0.103 0.000  0.830 0.000  1.162 0.000  21.577 0.000  18.246 0.000   3.331 0.559 0.025 0.559  0.213 0.000
319.25 320.25  38.08 0.559  1.90 0.559 9.999 0.559259 9.99 0.559259  0.742 0.000  1.262 0.000  1.767 0.000  13.806 0.000   6.043 0.000   7.763 0.559 0.044 0.559  0.480 0.000
322.25 323.25  69.54 0.559  2.08 0.559 9.999 0.559259 9.99 0.559259  0.089 0.000  1.018 0.000  1.425 0.000  24.102 0.000  20.565 0.000   3.537 0.559 0.045 0.559  0.111 0.000
325.25 326.25  92.01 0.559  2.06 0.559 0.022 0.559000 9.99 0.559259  0.305 0.000  3.307 0.000  4.630 0.000  38.215 0.000  29.464 0.000   8.751 0.559 0.117 0.559  0.244 0.000
328.25 329.25  39.29 0.559  0.63 0.559 9.999 0.559259 9.99 0.559259  0.278 0.000  0.714 0.000  1.000 0.000  20.080 0.000  15.007 0.000   5.074 0.559 0.047 0.559  0.412 0.000
331.25 332.25  74.60 0.559  0.80 0.559 9.999 0.559259 0.06 0.559000  0.394 0.000  0.778 0.000  1.089 0.000  25.033 0.000  19.279 0.000   5.754 0.559 0.049 0.559  0.310 0.000
334.25 335.25  67.41 0.559  1.01 0.559 9.999 0.559259 9.99 0.559259  0.069 0.000  0.833 0.000  1.166 0.000  36.427 0.000  32.729 0.000   3.698 0.559 0.046 0.559  0.167 0.000
337.25 338.25  23.66 0.559  1.67 0.559 0.012 0.559000 0.08 0.559000  1.047 0.000  1.263 0.000  1.768 0.000  14.016 0.000   3.969 0.000  10.047 0.559 0.039 0.559  0.429 0.000
340.25 341.25  12.57 0.559  2.69 0.559 9.999 0.559259 9.99 0.559259  1.112 0.000  1.833 0.000  2.566 0.000  14.312 0.000   2.946 0.000  11.366 0.559 0.024 0.559  0.602 0.000
343.25 344.25  14.46 0.559  1.93 0.559 9.999 0.559259 0.12 0.559000  1.425 0.000  1.648 0.000  2.308 0.000  18.335 0.000   2.246 0.000  16.089 0.559 0.035 0.559  1.122 0.000
346.25 347.25  20.48 0.559  1.75 0.559 9.999 0.559259 9.99 0.559259  0.924 0.000  0.884 0.000  1.238 0.000  12.216 0.000   3.535 0.000   8.681 0.559 0.025 0.559  0.528 0.000
349.25 350.25  52.92 0.559  2.23 0.559 9.999 0.559259 0.14 0.559000  0.454 0.000  1.430 0.000  2.001 0.000  19.746 0.000  13.627 0.000   6.119 0.559 0.042 0.559  0.353 0.000
352.25 353.25  29.67 0.000  1.09 0.000 0.022 0.000000 9.99 0.259000  0.181 0.000  0.544 0.000  0.762 0.000   8.754 0.000   6.573 0.000   2.181 0.000 0.018 0.000  0.103 0.000
355.25 356.25  51.65 0.559  0.62 0.559 9.999 0.559259 9.99 0.559259  0.234 0.000  0.772 0.000  1.080 0.000  27.651 0.000  24.193 0.000   3.458 0.559 0.033 0.559  0.105 0.000
358.25 359.25  13.43 0.559  1.27 0.559 9.999 0.559259 9.99 0.559259  1.675 0.000  1.091 0.000  1.528 0.000  15.657 0.000   3.447 0.000  12.210 0.559 0.025 0.559  0.218 0.000
361.25 362.25  13.47 0.559  2.42 0.559 9.999 0.559259 9.99 0.559259  1.476 0.000  1.550 0.000  2.169 0.000  14.475 0.000   2.236 0.000  12.238 0.559 0.024 0.559  0.359 0.000
364.25 365.25  14.74 0.559  0.77 0.559 9.999 0.559259 9.99 0.559259  0.052 0.000  0.390 0.000  0.545 0.000   7.522 0.000   6.980 0.000   0.542 0.559 0.014 0.559  0.206 0.000
