scripts/IMPROVE-2019_partial/data/US0063R.20040101070000.20191216000000.filterpack..pm25.52w.1w.US03L_filterpack_US0063.US03L_IMPROVE_Davis.lev2.nas
66 1001
MISSING INFORMATION
US03L, IMPROVE, , , , , , , 
MISSING INFORMATION
IMPROVE sel_HTAP
1 1
2004 01 01 2019 12 16
3.000000
days from file reference point
27
1 1 1 1 1 1 1 1 1 1 1 1 1 1 1 1 1 1 1 1 1 1 1 1 1 1 1
999.999999 9999.99 9.999 99.99 9.999 9.999 9.999999 9.99 9.999999 9.999 9.999 99.999 9.999 99.999 9.999 99.99 9.999999 999.999 9.999 999.999 9.999 999.999 9.999 9.999 9.999 9.999 9.999
end_time of measurement, days from the file reference point
iron, ng/m3, Revision date=20181210133000
numflag iron, no unit, Revision date=20181210133000
lead, ng/m3, Revision date=20181210133000
numflag lead, no unit, Revision date=20181210133000
magnesium, ug/m3, Revision date=20181210133000
numflag magnesium, no unit, Revision date=20181210133000
nickel, ng/m3, Revision date=20181210133000
numflag nickel, no unit, Revision date=20181210133000
nitrate, ug N/m3, Revision date=20181210133000
numflag nitrate, no unit, Revision date=20181210133000
organic_carbon, ug C/m3, Revision date=20181210133000
numflag organic_carbon, no unit, Revision date=20181210133000
organic_mass, ug/m3, Revision date=20181210133000
numflag organic_mass, no unit, Revision date=20181210133000
phosphorus, ng/m3, Revision date=20181210133000
numflag phosphorus, no unit, Revision date=20181210133000
pm10_mass, ug/m3, Version=2, Version description=Data extracted from http://views.cira.colostate.edu/fed/DataWizard 2019-12-16, Sample duration=1d, Orig. time res.=3d, Matrix=pm10, Blank correction=Blank corrected, Volume std. temperature=ambient, Volume std. pressure=ambient
numflag pm10_mass, no unit, Version=2, Version description=Data extracted from http://views.cira.colostate.edu/fed/DataWizard 2019-12-16, Sample duration=1d, Orig. time res.=3d, Matrix=pm10, Blank correction=Blank corrected, Volume std. temperature=ambient, Volume std. pressure=ambient
pm10_pm25_mass, ug/m3, Revision date=20181210133000, Matrix=pm10_pm25
numflag pm10_pm25_mass, no unit, Revision date=20181210133000, Matrix=pm10_pm25
pm25_mass, ug/m3, Version=2, Version description=Data extracted from http://views.cira.colostate.edu/fed/DataWizard 2019-12-16, Sample duration=1d, Orig. time res.=3d, Blank correction=Blank corrected, Volume std. temperature=ambient, Volume std. pressure=ambient
numflag pm25_mass, no unit, Version=2, Version description=Data extracted from http://views.cira.colostate.edu/fed/DataWizard 2019-12-16, Sample duration=1d, Orig. time res.=3d, Blank correction=Blank corrected, Volume std. temperature=ambient, Volume std. pressure=ambient
potassium, ug/m3, Revision date=20181210133000
numflag potassium, no unit, Revision date=20181210133000
sulphate_total, ug S/m3, Revision date=20181210133000
numflag sulphate_total, no unit, Revision date=20181210133000
0
25
Data definition:              EBAS_1.1
Set type code:                TU
Timezone:                     UTC
File name:                    US0063R.20040101070000.20191216000000.filterpack..pm25.52w.1w.US03L_filterpack_US0063.US03L_IMPROVE_Davis.lev2.nas
File creation:                20191218115930
Startdate:                    20040101070000
Revision date:                20191216000000
Statistics:                   arithmetic mean
Data level:                   2
Period code:                  52w
Resolution code:              1w
Station code:                 US0063R
Platform code:                US0063S
Station name:                 Bosque del Apache
Station latitude:             33.8695
Station longitude:            -106.852
Station altitude:             1389.0 m
Regime:                       IMG
Component:                    
Matrix:                       pm25
Laboratory code:              US03L
Instrument type:              filterpack
Instrument name:              filterpack_US0063
Method ref:                   US03L_IMPROVE_Davis
starttime endtime Fe flag_Fe Pb flag_Pb Mg++ flag_Mg++ Ni flag_Ni NO3- flag_NO3- OC flag_OC OM flag_OM P flag_P PM10 flag_PM10 PM10-PM2.5 flag_PM10-PM2.5 PM2.5 flag_PM2.5 K+ flag_K+ SO4-- flag_SO4--
[from data line 82]
246.291667 247.291667   28.67 0.000  0.92 0.000 9.999 0.259000 0.19 0.000000 0.013 0.000  0.726 0.000  1.017 0.000 99.99 0.259000   7.954 0.000   4.332 0.000   3.622 0.000 0.022 0.000 0.382 0.000
249.291667 250.291667   23.37 0.000  0.26 0.000 9.999 0.259000 9.99 0.259000 0.016 0.000  0.622 0.000  0.870 0.000 99.99 0.259000   5.239 0.000   3.033 0.000   2.205 0.000 0.021 0.000 0.149 0.000
252.291667 253.291667   25.89 0.000  0.68 0.000 9.999 0.259000 9.99 0.259000 0.011 0.000  0.718 0.000  1.005 0.000 99.99 0.259000   7.472 0.000   4.712 0.000   2.760 0.000 0.022 0.000 0.211 0.000
255.291667 256.291667   19.14 0.000  0.52 0.000 9.999 0.259000 0.20 0.000000 0.010 0.000  0.936 0.000  1.310 0.000 99.99 0.259000   8.691 0.000   4.947 0.000   3.744 0.000 0.016 0.000 0.345 0.000
258.291667 259.291667   31.32 0.000  0.66 0.000 9.999 0.259000 9.99 0.259000 0.031 0.000  0.898 0.000  1.257 0.000 99.99 0.259000   9.004 0.000   5.501 0.000   3.502 0.000 0.044 0.000 0.235 0.000
261.291667 262.291667   40.10 0.000  0.54 0.000 0.102 0.000000 0.22 0.000000 0.019 0.000  0.673 0.000  0.943 0.000 99.99 0.259000  12.233 0.000   7.463 0.000   4.771 0.000 0.033 0.000 0.499 0.000
264.291667 265.291667   10.45 0.000  0.59 0.000 9.999 0.259000 9.99 0.259000 0.029 0.000  0.438 0.000  0.613 0.000 99.99 0.259000   5.521 0.000   3.243 0.000   2.277 0.000 0.010 0.000 0.256 0.000
267.291667 268.291667   27.67 0.000  1.15 0.000 9.999 0.259000 0.11 0.000000 0.021 0.000  0.712 0.000  0.997 0.000 99.99 0.259000   7.391 0.000   4.613 0.000   2.778 0.000 0.026 0.000 0.242 0.000
270.291667 271.291667    7.89 0.000 99.99 0.259 0.096 0.000000 9.99 0.259000 0.014 0.000  0.482 0.000  0.675 0.000 99.99 0.259000   1.655 0.000   0.498 0.000   1.157 0.000 0.004 0.000 0.096 0.000
273.291667 274.291667   11.15 0.000  0.34 0.000 9.999 0.259000 9.99 0.259000 0.026 0.000  0.619 0.000  0.866 0.000 99.99 0.259000   3.696 0.000   1.678 0.000   2.018 0.000 0.012 0.000 0.183 0.000
276.291667 277.291667   16.24 0.000  0.96 0.000 9.999 0.259000 0.23 0.000000 0.016 0.000  0.980 0.000  1.372 0.000 99.99 0.259000   8.317 0.000   2.530 0.000   5.787 0.000 0.021 0.000 0.827 0.000
279.291667 280.291667   13.21 0.000  0.37 0.000 9.999 0.259000 9.99 0.259000 0.028 0.559  0.441 0.000  0.618 0.000 99.99 0.259000   5.726 0.000   3.691 0.000   2.035 0.000 0.009 0.000 0.187 0.559
282.291667 283.291667   12.58 0.000  0.61 0.000 9.999 0.259000 0.09 0.000000 0.013 0.000  0.615 0.000  0.861 0.000 99.99 0.259000   8.905 0.000   6.170 0.000   2.736 0.000 0.012 0.000 0.257 0.000
285.291667 286.291667   10.56 0.000  0.41 0.000 0.183 0.000000 0.21 0.000000 0.078 0.000  0.501 0.000  0.701 0.000 99.99 0.259000   3.368 0.000   0.431 0.000   2.937 0.000 0.007 0.000 0.286 0.000
288.291667 289.291667   12.93 0.000  0.45 0.000 9.999 0.259000 0.16 0.000000 0.015 0.559 99.999 0.259 99.999 0.259 99.99 0.259000   2.518 0.000   0.952 0.000   1.566 0.000 0.009 0.000 0.104 0.559
291.291667 292.291667   33.08 0.000  0.36 0.000 9.999 0.259000 0.13 0.000000 0.070 0.000 99.999 0.259 99.999 0.259 99.99 0.259000   8.450 0.000   5.072 0.000   3.378 0.000 0.035 0.000 0.250 0.000
294.291667 295.291667   17.37 0.000  0.31 0.000 9.999 0.259000 9.99 0.259000 0.020 0.000  0.278 0.000  0.389 0.000  4.65 0.000000   7.154 0.000   5.086 0.000   2.068 0.000 0.027 0.000 0.148 0.000
297.291667 298.291667   11.40 0.000  0.47 0.000 9.999 0.259000 9.99 0.259000 0.015 0.559  0.212 0.000  0.297 0.000 99.99 0.259000   3.221 0.000   1.616 0.000   1.605 0.000 0.010 0.000 0.137 0.559
300.291667 301.291667 9999.99 0.999 99.99 0.999 9.999 0.999000 9.99 0.999000 9.999 0.999 99.999 0.999 99.999 0.999 99.99 0.999000 999.999 0.999 999.999 0.999 999.999 0.999 9.999 0.999 9.999 0.999
303.291667 304.291667    9.54 0.000  0.72 0.000 9.999 0.259000 9.99 0.259000 0.023 0.000  0.427 0.000  0.598 0.000 99.99 0.259000   2.451 0.000   0.871 0.000   1.580 0.000 0.007 0.000 0.121 0.000
306.291667 307.291667   13.90 0.000  0.55 0.000 9.999 0.259000 9.99 0.259000 0.026 0.559  0.468 0.000  0.655 0.000 99.99 0.259000   4.309 0.000   2.373 0.000   1.937 0.000 0.016 0.000 0.140 0.559
309.291667 310.291667   25.76 0.000  0.48 0.000 9.999 0.259000 9.99 0.259000 0.031 0.000  0.594 0.000  0.832 0.000 99.99 0.259000   4.726 0.000   2.616 0.000   2.110 0.000 0.022 0.000 0.106 0.000
312.291667 313.291667   21.82 0.000  0.83 0.000 9.999 0.259000 9.99 0.259000 0.016 0.000  0.572 0.000  0.801 0.000 99.99 0.259000   5.024 0.000   2.690 0.000   2.335 0.000 0.024 0.000 0.191 0.000
315.291667 316.291667   11.03 0.000  0.47 0.000 0.089 0.000000 9.99 0.259000 0.023 0.559  0.509 0.000  0.712 0.000 99.99 0.259000   4.068 0.000   2.185 0.000   1.883 0.000 0.017 0.000 0.271 0.559
318.291667 319.291667    2.17 0.000  0.31 0.000 9.999 0.259000 0.16 0.000000 0.040 0.559  0.337 0.000  0.472 0.000 99.99 0.259000   1.315 0.000   0.314 0.000   1.000 0.000 0.004 0.000 0.165 0.559
321.291667 322.291667    4.43 0.000  0.52 0.000 9.999 0.259000 9.99 0.259000 0.071 0.559  0.715 0.000  1.001 0.000 99.99 0.259000   2.234 0.000   0.250 0.000   1.984 0.000 0.009 0.000 0.084 0.559
324.291667 325.291667   11.96 0.000  1.31 0.000 9.999 0.259000 9.99 0.259000 0.037 0.000  0.499 0.000  0.698 0.000 99.99 0.259000   3.696 0.000   0.965 0.000   2.730 0.000 0.008 0.000 0.274 0.000
327.291667 328.291667    4.11 0.000  0.43 0.000 0.202 0.000000 0.13 0.000000 0.030 0.000  0.220 0.000  0.307 0.000 99.99 0.259000   1.351 0.000   0.279 0.000   1.073 0.000 0.013 0.000 0.097 0.000
330.291667 331.291667    6.83 0.000  0.89 0.000 9.999 0.259000 9.99 0.259000 0.018 0.559  0.273 0.000  0.382 0.000 99.99 0.259000   2.492 0.000   1.138 0.000   1.354 0.000 0.007 0.000 0.107 0.559
333.291667 334.291667    8.79 0.000  0.51 0.000 9.999 0.259000 9.99 0.259000 0.022 0.559  0.238 0.000  0.334 0.000 99.99 0.259000   2.548 0.000   1.135 0.000   1.412 0.000 0.011 0.000 0.153 0.559
336.291667 337.291667   35.10 0.000  0.81 0.000 0.119 0.000000 0.12 0.000000 0.268 0.559  1.398 0.000  1.957 0.000 99.99 0.259000   7.602 0.000   2.629 0.000   4.973 0.000 0.047 0.000 0.132 0.559
339.291667 340.291667    6.00 0.000  0.40 0.000 9.999 0.259000 0.12 0.000000 0.071 0.000  0.335 0.000  0.470 0.000 99.99 0.259000   1.462 0.000   0.394 0.000   1.068 0.000 0.010 0.000 0.090 0.000
342.291667 343.291667    8.70 0.000  0.36 0.000 9.999 0.259000 9.99 0.259000 0.100 0.000  0.827 0.000  1.158 0.000 99.99 0.259000   3.227 0.000   0.853 0.000   2.374 0.000 0.020 0.000 0.187 0.000
345.291667 346.291667   20.16 0.000  1.32 0.000 0.175 0.000000 9.99 0.259000 0.197 0.000  1.804 0.000  2.526 0.000 99.99 0.259000   6.082 0.000   1.472 0.000   4.610 0.000 0.123 0.000 0.182 0.000
348.291667 349.291667   12.49 0.000  0.27 0.000 9.999 0.259000 0.15 0.000000 0.103 0.000  0.645 0.000  0.902 0.000 99.99 0.259000   5.046 0.000   3.180 0.000   1.865 0.000 0.021 0.000 0.110 0.000
351.291667 352.291667   13.73 0.000  0.83 0.000 9.999 0.259000 0.18 0.000000 0.133 0.000  0.677 0.000  0.948 0.000 99.99 0.259000   3.493 0.000   1.159 0.000   2.334 0.000 0.020 0.000 0.152 0.000
354.291667 355.291667   14.10 0.000  0.65 0.000 9.999 0.259000 0.25 0.000000 0.038 0.000  0.450 0.000  0.629 0.000 99.99 0.259000   4.453 0.000   2.325 0.000   2.128 0.000 0.021 0.000 0.227 0.000
357.291667 358.291667    8.44 0.000  0.77 0.000 9.999 0.259000 0.25 0.000000 0.236 0.000  0.844 0.000  1.181 0.000 99.99 0.259000   4.712 0.000   1.005 0.000   3.708 0.000 0.026 0.000 0.224 0.000
360.291667 361.291667    9.70 0.000  0.93 0.000 0.123 0.000000 0.16 0.000000 0.128 0.000  1.083 0.000  1.516 0.000 99.99 0.259000   4.808 0.000   1.806 0.000   3.001 0.000 0.028 0.000 0.119 0.000
363.291667 364.291667   28.30 0.000  1.44 0.000 9.999 0.259000 0.34 0.000000 0.127 0.000  0.742 0.000  1.038 0.000 99.99 0.259000   9.110 0.000   5.814 0.000   3.296 0.000 0.044 0.000 0.254 0.000
