scripts/IMPROVE-2019_partial/data/US0080R.20030103050000.20191216000000.filterpack..pm25.1y.1w.US03L_filterpack_US0080.US03L_IMPROVE_Davis.lev2.nas
68 1001
MISSING INFORMATION
US03L, IMPROVE, , , , , , , 
MISSING INFORMATION
IMPROVE sel_HTAP
1 1
2003 01 01 2019 12 16
3.000000
days from file reference point
29
1 1 1 1 1 1 1 1 1 1 1 1 1 1 1 1 1 1 1 1 1 1 1 1 1 1 1 1 1
999.999999 99.999 9.999 9999.99 9.999 999.99 9.999 9.999 9.999999 99.99 9.999 99.999 9.999 99.999 9.999 99.999 9.999 99.99 9.999999 999.999 9.999 99.999 9.999 999.999 9.999 9.999 9.999 99.999 9.999
end_time of measurement, days from the file reference point
ammonium, ug N/m3, Revision date=20181210133000
numflag ammonium, no unit, Revision date=20181210133000
iron, ng/m3, Revision date=20181210133000
numflag iron, no unit, Revision date=20181210133000
lead, ng/m3, Revision date=20181210133000
numflag lead, no unit, Revision date=20181210133000
magnesium, ug/m3, Revision date=20181210133000
numflag magnesium, no unit, Revision date=20181210133000
nickel, ng/m3, Revision date=20181210133000
numflag nickel, no unit, Revision date=20181210133000
nitrate, ug N/m3, Revision date=20181210133000
numflag nitrate, no unit, Revision date=20181210133000
organic_carbon, ug C/m3, Revision date=20181210133000
numflag organic_carbon, no unit, Revision date=20181210133000
organic_mass, ug/m3, Revision date=20181210133000
numflag organic_mass, no unit, Revision date=20181210133000
phosphorus, ng/m3, Revision date=20181210133000
numflag phosphorus, no unit, Revision date=20181210133000
pm10_mass, ug/m3, Version=2, Version description=Data extracted from http://views.cira.colostate.edu/fed/DataWizard 2019-12-16, Sample duration=1d, Orig. time res.=3d, Matrix=pm10, Blank correction=Blank corrected, Volume std. temperature=ambient, Volume std. pressure=ambient
numflag pm10_mass, no unit, Version=2, Version description=Data extracted from http://views.cira.colostate.edu/fed/DataWizard 2019-12-16, Sample duration=1d, Orig. time res.=3d, Matrix=pm10, Blank correction=Blank corrected, Volume std. temperature=ambient, Volume std. pressure=ambient
pm10_pm25_mass, ug/m3, Revision date=20181210133000, Matrix=pm10_pm25
numflag pm10_pm25_mass, no unit, Revision date=20181210133000, Matrix=pm10_pm25
pm25_mass, ug/m3, Version=2, Version description=Data extracted from http://views.cira.colostate.edu/fed/DataWizard 2019-12-16, Sample duration=1d, Orig. time res.=3d, Blank correction=Blank corrected, Volume std. temperature=ambient, Volume std. pressure=ambient
numflag pm25_mass, no unit, Version=2, Version description=Data extracted from http://views.cira.colostate.edu/fed/DataWizard 2019-12-16, Sample duration=1d, Orig. time res.=3d, Blank correction=Blank corrected, Volume std. temperature=ambient, Volume std. pressure=ambient
potassium, ug/m3, Revision date=20181210133000
numflag potassium, no unit, Revision date=20181210133000
sulphate_total, ug S/m3, Revision date=20181210133000
numflag sulphate_total, no unit, Revision date=20181210133000
0
25
Data definition:              EBAS_1.1
Set type code:                TU
Timezone:                     UTC
File name:                    US0080R.20030103050000.20191216000000.filterpack..pm25.1y.1w.US03L_filterpack_US0080.US03L_IMPROVE_Davis.lev2.nas
File creation:                20191218120050
Startdate:                    20030103050000
Revision date:                20191216000000
Statistics:                   arithmetic mean
Data level:                   2
Period code:                  1y
Resolution code:              1w
Station code:                 US0080R
Platform code:                US0080S
Station name:                 James River Face Wilderness
Station latitude:             37.6266
Station longitude:            -79.5125
Station altitude:             289.0 m
Regime:                       IMG
Component:                    
Matrix:                       pm25
Laboratory code:              US03L
Instrument type:              filterpack
Instrument name:              filterpack_US0080
Method ref:                   US03L_IMPROVE_Davis
starttime endtime NH4+ flag_NH4+ Fe flag_Fe Pb flag_Pb Mg++ flag_Mg++ Ni flag_Ni NO3- flag_NO3- OC flag_OC OM flag_OM P flag_P PM10 flag_PM10 PM10-PM2.5 flag_PM10-PM2.5 PM2.5 flag_PM2.5 K+ flag_K+ SO4-- flag_SO4--
[from data line 77]
233.208333 234.208333  2.928 0.000   52.52 0.000   1.13 0.000 9.999 0.259000  0.12 0.000  0.090 0.000  2.415 0.000  3.381 0.000 99.99 0.259000  30.728 0.000  5.501 0.000  25.227 0.000 0.041 0.000  4.171 0.000
236.208333 237.208333  1.594 0.000   33.69 0.000   1.58 0.000 9.999 0.259000  0.12 0.000  0.062 0.000  3.179 0.000  4.451 0.000 99.99 0.259000  21.625 0.000  3.446 0.000  18.179 0.000 0.080 0.000  2.238 0.000
239.208333 240.208333  1.934 0.000   43.33 0.000   1.02 0.000 0.089 0.000000  0.09 0.000  0.042 0.000  3.469 0.000  4.857 0.000 99.99 0.259000  24.162 0.000  4.675 0.000  19.487 0.000 0.091 0.000  2.540 0.000
242.208333 243.208333  1.545 0.000   19.80 0.000   3.02 0.000 9.999 0.259000  0.64 0.000  0.038 0.000  2.369 0.000  3.317 0.000 99.99 0.259000  19.965 0.000  5.741 0.000  14.224 0.000 0.063 0.000  2.082 0.000
245.208333 246.208333  0.963 0.000   20.62 0.000   0.48 0.000 9.999 0.259000  0.12 0.000  0.090 0.000  1.873 0.000  2.622 0.000 99.99 0.259000  15.292 0.000  4.327 0.000  10.965 0.000 0.102 0.000  1.340 0.000
248.208333 249.208333  1.355 0.000   18.48 0.000   3.89 0.000 0.089 0.000000  0.15 0.000  0.036 0.000  1.286 0.000  1.801 0.000 99.99 0.259000  13.529 0.000  3.112 0.000  10.417 0.000 0.051 0.000  1.614 0.000
251.208333 252.208333  1.560 0.000   37.55 0.000   2.79 0.000 9.999 0.259000  0.35 0.000  0.236 0.000  2.941 0.000  4.118 0.000 99.99 0.259000  18.165 0.000  3.203 0.000  14.963 0.000 0.058 0.000  1.731 0.000
254.208333 255.208333  0.834 0.000   51.33 0.000   2.56 0.000 0.068 0.000000  0.87 0.000  0.138 0.000  1.736 0.000  2.430 0.000 99.99 0.259000  12.153 0.000  2.680 0.000   9.473 0.000 0.089 0.000  0.997 0.000
257.208333 258.208333  1.893 0.000   34.18 0.000   1.33 0.000 9.999 0.259000  0.25 0.000  0.070 0.000  2.100 0.000  2.941 0.000 99.99 0.259000  21.621 0.000  4.880 0.000  16.741 0.000 0.041 0.000  2.490 0.000
260.208333 261.208333  0.866 0.000   24.64 0.000   1.73 0.000 9.999 0.259000  0.34 0.000  0.177 0.000  1.442 0.000  2.019 0.000 99.99 0.259000  10.127 0.000  2.442 0.000   7.685 0.000 0.044 0.000  0.927 0.000
263.208333 264.208333  3.705 0.000   36.47 0.000  72.12 0.000 9.999 0.259000  1.44 0.000  0.171 0.000  4.304 0.000  6.025 0.000 99.99 0.259000  34.039 0.000  3.874 0.000  30.165 0.000 0.282 0.000  4.476 0.000
266.208333 267.208333  0.812 0.000   24.47 0.000   0.77 0.000 9.999 0.259000 99.99 0.259  0.066 0.000  1.154 0.000  1.615 0.000 99.99 0.259000  11.046 0.000  2.817 0.000   8.229 0.000 0.077 0.000  1.127 0.000
269.208333 270.208333  2.164 0.000   51.65 0.000   1.50 0.000 0.079 0.000000  0.22 0.000  0.085 0.000  3.520 0.000  4.928 0.000 99.99 0.259000  25.727 0.000  4.678 0.000  21.048 0.000 0.056 0.000  3.048 0.000
272.208333 273.208333  0.901 0.000   17.90 0.000   1.25 0.000 0.066 0.000000 99.99 0.259  0.049 0.000  0.902 0.000  1.264 0.000 99.99 0.259000   8.699 0.000  1.712 0.000   6.987 0.000 0.038 0.000  1.096 0.000
275.208333 276.208333  0.363 0.000   19.30 0.456   1.03 0.456 9.999 0.456259  0.11 0.456  0.033 0.000  0.901 0.000  1.262 0.000 99.99 0.456259   5.599 0.000 99.999 0.999 999.999 0.456 0.022 0.456  0.458 0.000
278.208333 279.208333  0.943 0.000   56.88 0.456   1.84 0.456 0.047 0.456000  0.14 0.456  0.046 0.000  1.839 0.000  2.574 0.000 99.99 0.456259  15.089 0.000 99.999 0.999 999.999 0.456 0.059 0.456  1.241 0.000
281.208333 282.208333  1.436 0.000   56.84 0.000   1.81 0.000 9.999 0.259000  0.39 0.000  0.148 0.000  3.389 0.000  4.744 0.000 99.99 0.259000  17.919 0.000  2.812 0.000  15.107 0.000 0.064 0.000  1.594 0.000
284.208333 285.208333  1.716 0.000   25.84 0.000   1.33 0.000 9.999 0.259000  0.38 0.000  0.197 0.000  1.623 0.000  2.273 0.000 99.99 0.259000  15.191 0.000  2.679 0.000  12.512 0.000 0.033 0.000  1.928 0.000
287.208333 288.208333  0.306 0.000    7.28 0.000   0.59 0.000 9.999 0.259000 99.99 0.259  0.009 0.000  0.361 0.000  0.506 0.000 99.99 0.259000   4.991 0.000  1.976 0.000   3.015 0.000 0.011 0.000  0.348 0.000
290.208333 291.208333  1.449 0.000   28.91 0.000   2.06 0.000 9.999 0.259000  0.10 0.000  0.500 0.000  1.269 0.000  1.776 0.000 99.99 0.259000  10.091 0.000  1.721 0.000   8.370 0.000 0.029 0.000  1.147 0.000
293.208333 294.208333  1.080 0.000   51.29 0.000   2.17 0.000 9.999 0.259000  0.16 0.000  0.110 0.000  2.776 0.000  3.886 0.000 99.99 0.259000  18.003 0.000  5.359 0.000  12.644 0.000 0.160 0.000  1.307 0.000
296.208333 297.208333  0.835 0.000   33.67 0.000   2.26 0.000 9.999 0.259000  0.26 0.000  0.073 0.000  1.920 0.000  2.688 0.000 99.99 0.259000  10.798 0.000  2.073 0.000   8.726 0.000 0.128 0.000  0.978 0.000
299.208333 300.208333  0.499 0.000   13.67 0.000   1.32 0.000 0.043 0.000000  0.10 0.000  0.052 0.000  1.228 0.000  1.720 0.000 99.99 0.259000   8.246 0.000  2.132 0.000   6.115 0.000 0.034 0.000  0.669 0.000
302.208333 303.208333  0.355 0.000   33.11 0.000   1.34 0.000 0.042 0.000000 99.99 0.259  0.041 0.000  1.580 0.000  2.213 0.000 99.99 0.259000   8.260 0.000  2.504 0.000   5.757 0.000 0.055 0.000  0.440 0.000
305.208333 306.208333  1.129 0.000   41.99 0.000   3.04 0.000 9.999 0.259000  0.30 0.000  0.074 0.000  3.254 0.000  4.555 0.000 99.99 0.259000  16.999 0.000  2.988 0.000  14.011 0.000 0.076 0.000  1.428 0.000
308.208333 309.208333  0.522 0.000   44.52 0.000   1.35 0.000 0.030 0.000000  0.31 0.000  0.082 0.000  2.423 0.000  3.392 0.000 99.99 0.259000  13.238 0.000  3.826 0.000   9.412 0.000 0.148 0.000  0.893 0.000
311.208333 312.208333  0.772 0.000   24.19 0.000   4.58 0.000 9.999 0.259000  0.18 0.000  0.168 0.000  1.320 0.000  1.848 0.000 99.99 0.259000   8.078 0.000  1.651 0.000   6.427 0.000 0.039 0.000  0.728 0.000
314.208333 315.208333  0.700 0.000   51.30 0.000   2.78 0.000 0.035 0.000000  0.41 0.000  0.138 0.000  4.277 0.000  5.988 0.000 99.99 0.259000  15.101 0.000  2.902 0.000  12.199 0.000 0.117 0.000  0.867 0.000
317.208333 318.208333  0.333 0.000   19.39 0.000   1.08 0.000 9.999 0.259000  0.14 0.000  0.217 0.000  0.527 0.000  0.737 0.000 99.99 0.259000   4.581 0.000  1.700 0.000   2.881 0.000 0.019 0.000  0.243 0.000
320.208333 321.208333  0.486 0.000   27.31 0.000   2.27 0.000 9.999 0.259000  0.22 0.000  0.089 0.000  2.116 0.000  2.963 0.000 99.99 0.259000   9.017 0.000  1.491 0.000   7.526 0.000 0.060 0.000  0.579 0.000
323.208333 324.208333  0.203 0.000   19.36 0.000   0.55 0.000 9.999 0.259000 99.99 0.259  0.037 0.000  0.713 0.000  0.998 0.000 99.99 0.259000   3.890 0.000  1.161 0.000   2.729 0.000 0.017 0.000  0.207 0.000
326.208333 327.208333  0.695 0.000   45.85 0.000   6.03 0.000 9.999 0.259000  0.17 0.000  0.084 0.000  4.074 0.000  5.703 0.000 99.99 0.259000  13.380 0.000  1.365 0.000  12.014 0.000 0.097 0.000  0.794 0.000
329.208333 330.208333  0.625 0.000   54.62 0.000   2.58 0.000 9.999 0.259000  0.14 0.000  0.110 0.000  2.901 0.000  4.061 0.000 99.99 0.259000  11.184 0.000  2.187 0.000   8.998 0.000 0.138 0.000  0.710 0.000
332.208333 333.208333  0.774 0.000    5.92 0.000   0.90 0.000 0.040 0.000000 99.99 0.259  0.039 0.000  0.534 0.000  0.747 0.000 99.99 0.259000   5.527 0.000  0.523 0.000   5.004 0.000 0.014 0.000  0.847 0.000
335.208333 336.208333  0.154 0.000   17.13 0.000   0.96 0.000 9.999 0.259000 99.99 0.259  0.078 0.000  0.559 0.000  0.782 0.000 99.99 0.259000   3.767 0.000  1.845 0.000   1.922 0.000 0.021 0.000  0.123 0.000
338.208333 339.208333  1.529 0.000   20.59 0.000   2.17 0.000 9.999 0.259000  1.19 0.000  0.543 0.000  2.866 0.000  4.013 0.000 99.99 0.259000  12.902 0.000 99.999 0.259  12.914 0.000 0.093 0.000  1.051 0.000
341.208333 342.208333  0.704 0.000   40.22 0.000   1.91 0.000 9.999 0.259000  0.18 0.000  0.146 0.000  2.827 0.000  3.957 0.000 99.99 0.259000  10.746 0.000  1.648 0.000   9.098 0.000 0.107 0.000  0.696 0.000
344.208333 345.208333  0.365 0.000    6.59 0.000   0.55 0.000 9.999 0.259000 99.99 0.259  0.028 0.000  0.449 0.000  0.629 0.000 99.99 0.259000   3.581 0.000  0.583 0.000   2.998 0.000 0.009 0.000  0.515 0.000
347.208333 348.208333  0.878 0.000   17.89 0.000   1.78 0.000 9.999 0.259000  0.67 0.000  0.380 0.000  1.455 0.000  2.037 0.000 99.99 0.259000   6.577 0.000  0.089 0.000   6.488 0.000 0.051 0.000  0.555 0.000
350.208333 351.208333  0.774 0.000   16.57 0.000   0.88 0.000 9.999 0.259000  0.30 0.000  0.099 0.000  1.248 0.000  1.748 0.000 99.99 0.259000   7.712 0.000  0.889 0.000   6.823 0.000 0.037 0.000  0.979 0.000
353.208333 354.208333  0.615 0.000   11.06 0.000   1.11 0.000 9.999 0.259000  0.11 0.000  0.090 0.000  0.693 0.000  0.970 0.000 99.99 0.259000   4.569 0.000  0.396 0.000   4.173 0.000 0.020 0.000  0.639 0.000
356.208333 357.208333  0.775 0.000   33.98 0.000   1.28 0.000 9.999 0.259000  0.24 0.000  0.143 0.000  2.713 0.000  3.798 0.000 99.99 0.259000  12.595 0.000  3.104 0.000   9.491 0.000 0.073 0.000  0.800 0.000
359.208333 360.208333  0.578 0.000   16.66 0.000   0.90 0.000 9.999 0.259000  0.08 0.000  0.197 0.000  0.851 0.000  1.191 0.000 99.99 0.259000   5.044 0.000  1.028 0.000   4.016 0.000 0.025 0.000  0.466 0.000
362.208333 363.208333  0.687 0.000   60.89 0.000   3.60 0.000 9.999 0.259000  0.30 0.000  0.133 0.000  3.501 0.000  4.902 0.000 99.99 0.259000  12.689 0.000  2.349 0.000  10.340 0.000 0.154 0.000  0.728 0.000
