scripts/IMPROVE-2019_partial/data/US0096R.20040101070000.20191216000000.filterpack..pm25.52w.1w.US03L_filterpack_US0096.US03L_IMPROVE_Davis.lev2.nas
66 1001
MISSING INFORMATION
US03L, IMPROVE, , , , , , , 
MISSING INFORMATION
IMPROVE sel_HTAP
1 1
2004 01 01 2019 12 16
3.000000
days from file reference point
27
1 1 1 1 1 1 1 1 1 1 1 1 1 1 1 1 1 1 1 1 1 1 1 1 1 1 1
999.999999 9999.99 9.999 999.99 9.999 9.999 9.999 9.99 9.999 99.999 9.999 99.999 9.999 99.999 9.999 9.99 9.999 999.999 9.999 999.999 9.999 99.999 9.999 9.999 9.999 9.999 9.999
end_time of measurement, days from the file reference point
iron, ng/m3, Revision date=20181210133000
numflag iron, no unit, Revision date=20181210133000
lead, ng/m3, Revision date=20181210133000
numflag lead, no unit, Revision date=20181210133000
magnesium, ug/m3, Revision date=20181210133000
numflag magnesium, no unit, Revision date=20181210133000
nickel, ng/m3, Revision date=20181210133000
numflag nickel, no unit, Revision date=20181210133000
nitrate, ug N/m3, Revision date=20181210133000
numflag nitrate, no unit, Revision date=20181210133000
organic_carbon, ug C/m3, Revision date=20181210133000
numflag organic_carbon, no unit, Revision date=20181210133000
organic_mass, ug/m3, Revision date=20181210133000
numflag organic_mass, no unit, Revision date=20181210133000
phosphorus, ng/m3, Revision date=20181210133000
numflag phosphorus, no unit, Revision date=20181210133000
pm10_mass, ug/m3, Version=2, Version description=Data extracted from http://views.cira.colostate.edu/fed/DataWizard 2019-12-16, Sample duration=1d, Orig. time res.=3d, Matrix=pm10, Blank correction=Blank corrected, Volume std. temperature=ambient, Volume std. pressure=ambient
numflag pm10_mass, no unit, Version=2, Version description=Data extracted from http://views.cira.colostate.edu/fed/DataWizard 2019-12-16, Sample duration=1d, Orig. time res.=3d, Matrix=pm10, Blank correction=Blank corrected, Volume std. temperature=ambient, Volume std. pressure=ambient
pm10_pm25_mass, ug/m3, Revision date=20181210133000, Matrix=pm10_pm25
numflag pm10_pm25_mass, no unit, Revision date=20181210133000, Matrix=pm10_pm25
pm25_mass, ug/m3, Version=2, Version description=Data extracted from http://views.cira.colostate.edu/fed/DataWizard 2019-12-16, Sample duration=1d, Orig. time res.=3d, Blank correction=Blank corrected, Volume std. temperature=ambient, Volume std. pressure=ambient
numflag pm25_mass, no unit, Version=2, Version description=Data extracted from http://views.cira.colostate.edu/fed/DataWizard 2019-12-16, Sample duration=1d, Orig. time res.=3d, Blank correction=Blank corrected, Volume std. temperature=ambient, Volume std. pressure=ambient
potassium, ug/m3, Revision date=20181210133000
numflag potassium, no unit, Revision date=20181210133000
sulphate_total, ug S/m3, Revision date=20181210133000
numflag sulphate_total, no unit, Revision date=20181210133000
0
25
Data definition:              EBAS_1.1
Set type code:                TU
Timezone:                     UTC
File name:                    US0096R.20040101070000.20191216000000.filterpack..pm25.52w.1w.US03L_filterpack_US0096.US03L_IMPROVE_Davis.lev2.nas
File creation:                20191218120154
Startdate:                    20040101070000
Revision date:                20191216000000
Statistics:                   arithmetic mean
Data level:                   2
Period code:                  52w
Resolution code:              1w
Station code:                 US0096R
Platform code:                US0096S
Station name:                 Queen Valley
Station latitude:             33.2939
Station longitude:            -111.2858
Station altitude:             661.0 m
Regime:                       IMG
Component:                    
Matrix:                       pm25
Laboratory code:              US03L
Instrument type:              filterpack
Instrument name:              filterpack_US0096
Method ref:                   US03L_IMPROVE_Davis
starttime endtime Fe flag_Fe Pb flag_Pb Mg++ flag_Mg++ Ni flag_Ni NO3- flag_NO3- OC flag_OC OM flag_OM P flag_P PM10 flag_PM10 PM10-PM2.5 flag_PM10-PM2.5 PM2.5 flag_PM2.5 K+ flag_K+ SO4-- flag_SO4--
  0.291667   1.291667   22.79 0.000   3.07 0.000 9.999 0.259 0.19 0.000  0.049 0.559  0.399 0.000  0.558 0.000 9.99 0.259   4.712 0.000   2.592 0.000  2.120 0.000 0.038 0.000 0.215 0.559
  3.291667   4.291667   16.81 0.000   1.65 0.000 9.999 0.259 0.11 0.000  0.058 0.000  0.551 0.000  0.771 0.000 9.99 0.259   4.533 0.000   3.175 0.000  1.358 0.000 0.030 0.000 0.137 0.000
  6.291667   7.291667   76.55 0.000  11.44 0.000 9.999 0.259 0.12 0.000  0.110 0.559  0.792 0.000  1.108 0.000 9.99 0.259  16.683 0.000  12.320 0.000  4.363 0.000 0.056 0.000 0.252 0.559
  9.291667  10.291667   39.78 0.000   4.02 0.000 9.999 0.259 9.99 0.259  0.023 0.559  0.408 0.000  0.571 0.000 9.99 0.259   8.456 0.000   6.336 0.000  2.120 0.000 0.039 0.000 0.151 0.559
 12.291667  13.291667   23.31 0.000  12.12 0.000 9.999 0.259 0.08 0.000  0.021 0.559  0.879 0.000  1.231 0.000 9.99 0.259   7.059 0.000   3.426 0.000  3.633 0.000 0.033 0.000 0.333 0.559
 15.291667  16.291667   46.78 0.000  12.34 0.000 9.999 0.259 0.09 0.000  0.371 0.559  1.000 0.000  1.401 0.000 9.99 0.259  12.245 0.000   6.998 0.000  5.247 0.000 0.036 0.000 0.362 0.559
 18.291667  19.291667   34.84 0.000   5.94 0.000 9.999 0.259 9.99 0.259  0.047 0.559  0.739 0.000  1.035 0.000 9.99 0.259   9.673 0.000   5.239 0.000  4.433 0.000 0.033 0.000 0.564 0.559
 21.291667  22.291667    9.75 0.000   3.75 0.000 9.999 0.259 9.99 0.259  0.064 0.559  0.426 0.000  0.597 0.000 9.99 0.259   3.493 0.000   1.137 0.000  2.356 0.000 0.012 0.000 0.337 0.559
 24.291667  25.291667    7.64 0.000   0.65 0.000 9.999 0.259 0.17 0.000  0.226 0.559  0.486 0.000  0.680 0.000 9.99 0.259   4.833 0.000   2.141 0.000  2.692 0.000 0.012 0.000 0.268 0.559
 27.291667  28.291667   33.42 0.000   8.12 0.000 9.999 0.259 9.99 0.259  0.282 0.559  0.554 0.000  0.776 0.000 9.99 0.259   6.101 0.000   3.686 0.000  2.415 0.000 0.020 0.000 0.086 0.559
 30.291667  31.291667   30.74 0.000   1.94 0.000 9.999 0.259 9.99 0.259  0.292 0.559  0.837 0.000  1.172 0.000 9.99 0.259  13.046 0.000   9.091 0.000  3.955 0.000 0.033 0.000 0.230 0.559
 33.291667  34.291667    0.20 0.000   0.17 0.000 9.999 0.259 0.10 0.000  0.075 0.559  0.363 0.000  0.509 0.000 0.85 0.000   5.178 0.000   5.178 0.000 99.999 0.259 0.002 0.000 0.148 0.559
 36.291667  37.291667 9999.99 0.999 999.99 0.999 9.999 0.999 9.99 0.999  0.031 0.559  0.330 0.000  0.461 0.000 9.99 0.999   3.817 0.000 999.999 0.999 99.999 0.999 9.999 0.999 0.276 0.559
 39.291667  40.291667 9999.99 0.999 999.99 0.999 9.999 0.999 9.99 0.999  0.122 0.559  0.406 0.000  0.569 0.000 9.99 0.999   6.092 0.000 999.999 0.999 99.999 0.999 9.999 0.999 0.064 0.559
 42.291667  43.291667 9999.99 0.999 999.99 0.999 9.999 0.999 9.99 0.999  0.135 0.559  0.436 0.000  0.610 0.000 9.99 0.999   7.027 0.000 999.999 0.999 99.999 0.999 9.999 0.999 0.167 0.559
 45.291667  46.291667 9999.99 0.999 999.99 0.999 9.999 0.999 9.99 0.999  0.381 0.559  0.839 0.000  1.174 0.000 9.99 0.999  14.426 0.000 999.999 0.999 99.999 0.999 9.999 0.999 0.189 0.559
 48.291667  49.291667 9999.99 0.999 999.99 0.999 9.999 0.999 9.99 0.999  0.027 0.559  0.452 0.000  0.633 0.000 9.99 0.999  14.543 0.000 999.999 0.999 99.999 0.999 9.999 0.999 0.179 0.559
 51.291667  52.291667   68.96 0.000   0.73 0.000 0.051 0.000 0.29 0.000  0.125 0.559  0.648 0.000  0.907 0.000 9.99 0.259  15.409 0.000  11.459 0.000  3.951 0.000 0.064 0.000 0.194 0.559
 54.291667  55.291667   12.12 0.000   0.68 0.000 9.999 0.259 9.99 0.259  0.417 0.559  0.580 0.000  0.812 0.000 9.99 0.259   4.386 0.000   1.126 0.000  3.260 0.000 0.009 0.000 0.119 0.559
 57.291667  58.291667   29.76 0.000   3.93 0.000 0.034 0.000 9.99 0.259  0.078 0.559  0.504 0.000  0.706 0.000 9.99 0.259   6.076 0.000   3.007 0.000  3.069 0.000 0.037 0.000 0.265 0.559
 60.291667  61.291667   14.31 0.000   1.79 0.000 9.999 0.259 9.99 0.259  0.083 0.559  0.474 0.000  0.663 0.000 9.99 0.259   5.301 0.000   3.017 0.000  2.284 0.000 0.015 0.000 0.185 0.559
 63.291667  64.291667    6.12 0.000   0.52 0.000 9.999 0.259 9.99 0.259  0.128 0.559  0.281 0.000  0.393 0.000 9.99 0.259   1.529 0.000   0.449 0.000  1.080 0.000 0.006 0.000 0.104 0.559
 66.291667  67.291667   36.89 0.000   3.73 0.000 9.999 0.259 0.08 0.000  0.145 0.559  0.585 0.000  0.820 0.000 9.99 0.259   6.159 0.000   3.266 0.000  2.893 0.000 0.030 0.000 0.203 0.559
 69.291667  70.291667  179.38 0.000   3.72 0.000 9.999 0.259 9.99 0.259  0.042 0.559  0.751 0.000  1.052 0.000 9.99 0.259  33.585 0.000  25.551 0.000  8.034 0.000 0.135 0.000 0.329 0.559
 72.291667  73.291667   21.61 0.000   2.18 0.000 9.999 0.259 9.99 0.259  0.018 0.559  0.611 0.000  0.856 0.000 9.99 0.259   5.433 0.000   1.606 0.000  3.827 0.000 0.024 0.000 0.448 0.559
 75.291667  76.291667   55.95 0.000   2.12 0.000 9.999 0.259 9.99 0.259  0.038 0.559  0.744 0.000  1.042 0.000 9.99 0.259  10.670 0.000   6.803 0.000  3.867 0.000 0.038 0.000 0.267 0.559
 78.291667  79.291667   88.74 0.000   3.74 0.000 9.999 0.259 9.99 0.259  0.040 0.559  0.945 0.000  1.323 0.000 9.99 0.259  14.173 0.000   9.195 0.000  4.978 0.000 0.064 0.000 0.335 0.559
 81.291667  82.291667   51.75 0.000   1.29 0.000 9.999 0.259 9.99 0.259  0.031 0.559  0.602 0.000  0.843 0.000 9.99 0.259  13.399 0.000   8.893 0.000  4.506 0.000 0.045 0.000 0.438 0.559
 84.291667  85.291667   82.52 0.000   1.57 0.000 9.999 0.259 0.17 0.000  0.003 0.559  0.582 0.000  0.815 0.000 9.99 0.259  13.402 0.000   8.679 0.000  4.722 0.000 0.063 0.000 0.000 0.559
 87.291667  88.291667   58.94 0.000   1.25 0.000 9.999 0.259 0.18 0.000 99.999 0.456  0.486 0.000  0.680 0.000 9.99 0.259   9.816 0.000   7.386 0.000  2.430 0.000 0.039 0.000 9.999 0.456
 90.291667  91.291667   81.31 0.000   2.21 0.000 0.043 0.000 0.38 0.000  0.046 0.000  0.713 0.000  0.998 0.000 9.99 0.259  16.473 0.000  11.242 0.000  5.231 0.000 0.066 0.000 0.492 0.000
 93.291667  94.291667   23.01 0.000   2.87 0.000 9.999 0.259 0.12 0.000  0.111 0.000  0.453 0.000  0.634 0.000 9.99 0.259   6.254 0.000   3.400 0.000  2.854 0.000 0.029 0.000 0.262 0.000
 96.291667  97.291667   24.23 0.000   2.30 0.000 9.999 0.259 9.99 0.259  0.103 0.000  0.736 0.000  1.030 0.000 9.99 0.259   7.926 0.000   3.495 0.000  4.431 0.000 0.018 0.000 0.510 0.000
 99.291667 100.291667   71.24 0.000   2.10 0.000 9.999 0.259 9.99 0.259  0.143 0.000  0.900 0.000  1.260 0.000 9.99 0.259  13.808 0.000   8.548 0.000  5.260 0.000 0.047 0.000 0.394 0.000
102.291667 103.291667   34.81 0.000   4.65 0.000 9.999 0.259 9.99 0.259  0.019 0.000  0.462 0.000  0.647 0.000 9.99 0.259   7.066 0.000   4.300 0.000  2.766 0.000 0.025 0.000 0.287 0.000
105.291667 106.291667   97.34 0.000   2.16 0.000 0.076 0.000 0.22 0.000  0.040 0.000  0.409 0.000  0.572 0.000 9.99 0.259  11.356 0.000   6.598 0.000  4.758 0.000 0.066 0.000 0.355 0.000
108.291667 109.291667  128.68 0.000   1.57 0.000 9.999 0.259 9.99 0.259  0.040 0.000  0.356 0.000  0.499 0.000 9.99 0.259  23.587 0.000  19.143 0.000  4.443 0.000 0.086 0.000 0.174 0.000
111.291667 112.291667  132.95 0.000   4.44 0.000 9.999 0.259 9.99 0.259  0.136 0.000  0.933 0.000  1.306 0.000 9.99 0.259  22.498 0.000  15.225 0.000  7.274 0.000 0.103 0.000 0.610 0.000
114.291667 115.291667   52.49 0.000   1.24 0.000 9.999 0.259 9.99 0.259  0.033 0.000  0.493 0.000  0.691 0.000 9.99 0.259   7.873 0.000   5.361 0.000  2.512 0.000 0.035 0.000 0.160 0.000
117.291667 118.291667   97.52 0.000   3.36 0.000 0.068 0.000 9.99 0.259  0.034 0.000  0.565 0.000  0.791 0.000 9.99 0.259  14.360 0.000   9.089 0.000  5.271 0.000 0.066 0.000 0.476 0.000
120.291667 121.291667   56.80 0.000   0.94 0.000 9.999 0.259 9.99 0.259  0.036 0.000  0.405 0.000  0.567 0.000 9.99 0.259  11.547 0.000   9.006 0.000  2.541 0.000 0.033 0.000 0.091 0.000
123.291667 124.291667   78.08 0.000   3.47 0.000 0.036 0.000 0.18 0.000  0.029 0.000  0.510 0.000  0.714 0.000 9.99 0.259  12.203 0.000   8.226 0.000  3.977 0.000 0.048 0.000 0.319 0.000
126.291667 127.291667  161.30 0.000   2.17 0.000 9.999 0.259 0.29 0.000  0.087 0.000  1.216 0.000  1.702 0.000 9.99 0.259  21.849 0.000  13.984 0.000  7.864 0.000 0.114 0.000 0.419 0.000
129.291667 130.291667  109.74 0.000   1.52 0.000 9.999 0.259 0.32 0.000  0.087 0.000  1.310 0.000  1.834 0.000 9.99 0.259  17.869 0.000  10.562 0.000  7.307 0.000 0.113 0.000 0.548 0.000
132.291667 133.291667  106.12 0.000   1.47 0.000 9.999 0.259 0.23 0.000  0.107 0.000  0.564 0.000  0.790 0.000 9.99 0.259  19.945 0.000  13.861 0.000  6.084 0.000 0.083 0.000 0.312 0.000
135.291667 136.291667  110.63 0.000   3.15 0.000 9.999 0.259 9.99 0.259  0.054 0.000  0.811 0.000  1.135 0.000 9.99 0.259  15.972 0.000  10.435 0.000  5.538 0.000 0.072 0.000 0.350 0.000
138.291667 139.291667   70.60 0.000   1.10 0.000 9.999 0.259 0.29 0.000  0.063 0.000  0.364 0.000  0.509 0.000 9.99 0.259  11.080 0.000   7.212 0.000  3.869 0.000 0.053 0.000 0.241 0.000
141.291667 142.291667  102.73 0.000   0.86 0.000 0.070 0.000 0.10 0.000  0.054 0.000  0.336 0.000  0.471 0.000 9.99 0.259  15.473 0.000  11.051 0.000  4.422 0.000 0.067 0.000 0.179 0.000
144.291667 145.291667   75.30 0.000   1.50 0.000 9.999 0.259 0.12 0.000  0.043 0.000  0.283 0.000  0.396 0.000 9.99 0.259  10.699 0.000   6.881 0.000  3.818 0.000 0.051 0.000 0.274 0.000
147.291667 148.291667  109.57 0.000   1.73 0.000 9.999 0.259 0.12 0.000  0.110 0.000  0.654 0.000  0.915 0.000 9.99 0.259  20.631 0.000  15.148 0.000  5.484 0.000 0.083 0.000 0.318 0.000
150.291667 151.291667  106.43 0.000   1.32 0.000 9.999 0.259 0.11 0.000  0.079 0.000  0.853 0.000  1.194 0.000 9.99 0.259  21.402 0.000  15.858 0.000  5.544 0.000 0.074 0.000 0.342 0.000
153.291667 154.291667  135.64 0.000   1.53 0.000 0.100 0.000 0.11 0.000  0.056 0.000  0.710 0.000  0.995 0.000 9.99 0.259  27.915 0.000  22.611 0.000  5.303 0.000 0.097 0.000 0.330 0.000
156.291667 157.291667   92.14 0.000   1.97 0.000 9.999 0.259 0.15 0.000  0.063 0.000  0.847 0.000  1.186 0.000 9.99 0.259  23.322 0.000  18.413 0.000  4.909 0.000 0.083 0.000 0.344 0.000
159.291667 160.291667   98.42 0.000   0.50 0.000 9.999 0.259 0.20 0.000  0.079 0.000 99.999 0.999 99.999 0.999 9.99 0.259  15.341 0.000  10.419 0.000  4.921 0.000 0.087 0.000 0.335 0.000
162.291667 163.291667  160.79 0.000   1.55 0.000 9.999 0.259 9.99 0.259  0.147 0.000 99.999 0.999 99.999 0.999 9.99 0.259  24.082 0.000  17.197 0.000  6.885 0.000 0.150 0.000 0.311 0.000
165.291667 166.291667  137.51 0.000   2.06 0.000 9.999 0.259 0.22 0.000  0.074 0.000 99.999 0.999 99.999 0.999 9.99 0.259  14.979 0.000   9.297 0.000  5.682 0.000 0.109 0.000 0.458 0.000
168.291667 169.291667  118.94 0.000   1.56 0.000 9.999 0.259 0.29 0.000  0.103 0.000  0.609 0.000  0.853 0.000 9.99 0.259  20.308 0.000  14.497 0.000  5.812 0.000 0.105 0.000 0.407 0.000
171.291667 172.291667   62.07 0.000   0.88 0.000 9.999 0.259 0.12 0.000  0.021 0.000  0.268 0.000  0.376 0.000 9.99 0.259   7.106 0.000   4.960 0.000  2.146 0.000 0.044 0.000 0.154 0.000
174.291667 175.291667   66.04 0.000   1.62 0.000 9.999 0.259 0.18 0.000  0.046 0.000  1.468 0.000  2.055 0.000 9.99 0.259  19.790 0.000  16.005 0.000  3.785 0.000 0.056 0.000 0.355 0.000
177.291667 178.291667   81.87 0.000   1.24 0.000 9.999 0.259 0.15 0.000  0.048 0.000  0.647 0.000  0.906 0.000 9.99 0.259  13.036 0.000   8.726 0.000  4.310 0.000 0.083 0.000 0.341 0.000
180.291667 181.291667   98.04 0.000   1.87 0.000 9.999 0.259 0.14 0.000  0.045 0.000  0.510 0.000  0.714 0.000 9.99 0.259  13.548 0.000   9.767 0.000  3.781 0.000 0.099 0.000 0.264 0.000
183.291667 184.291667   97.73 0.000   0.44 0.000 9.999 0.259 9.99 0.259  0.021 0.000  0.505 0.000  0.707 0.000 9.99 0.259  12.960 0.000  10.218 0.000  2.742 0.000 0.067 0.000 0.101 0.000
186.291667 187.291667   63.85 0.000   1.57 0.000 9.999 0.259 9.99 0.259  0.032 0.000  0.423 0.000  0.592 0.000 9.99 0.259   7.833 0.000   4.989 0.000  2.844 0.000 0.097 0.000 0.187 0.000
189.291667 190.291667  102.22 0.000   0.67 0.000 9.999 0.259 0.25 0.000  0.051 0.000  0.657 0.000  0.920 0.000 9.99 0.259  18.452 0.000  13.990 0.000  4.462 0.000 0.079 0.000 0.314 0.000
192.291667 193.291667   39.01 0.000   2.40 0.000 9.999 0.259 0.10 0.000  0.027 0.000  0.983 0.000  1.376 0.000 9.99 0.259  10.198 0.000   5.825 0.000  4.373 0.000 0.046 0.000 0.377 0.000
195.291667 196.291667   62.20 0.000   0.30 0.000 9.999 0.259 0.16 0.000  0.069 0.000  1.064 0.000  1.489 0.000 9.99 0.259  11.508 0.000   7.171 0.000  4.337 0.000 0.064 0.000 0.372 0.000
198.291667 199.291667   71.62 0.000   1.55 0.000 0.030 0.000 9.99 0.259  0.060 0.000  0.865 0.000  1.211 0.000 9.99 0.259  14.762 0.000  10.243 0.000  4.518 0.000 0.060 0.000 0.394 0.000
201.291667 202.291667   71.39 0.000   0.55 0.000 9.999 0.259 0.15 0.000  0.047 0.000  0.591 0.000  0.828 0.000 9.99 0.259  10.951 0.000   7.032 0.000  3.919 0.000 0.057 0.000 0.376 0.000
204.291667 205.291667  104.16 0.000   1.68 0.000 9.999 0.259 0.36 0.000  0.170 0.000  0.672 0.000  0.941 0.000 9.99 0.259  20.992 0.000  14.257 0.000  6.735 0.000 0.096 0.000 0.611 0.000
207.291667 208.291667   18.47 0.000   1.80 0.000 0.025 0.000 9.99 0.259  0.015 0.000  0.566 0.000  0.793 0.000 9.99 0.259   4.405 0.000   2.699 0.000  1.706 0.000 0.017 0.000 0.150 0.000
210.291667 211.291667   88.86 0.000   0.70 0.000 9.999 0.259 0.33 0.000  0.102 0.000  0.598 0.000  0.837 0.000 9.99 0.259  18.169 0.000  12.422 0.000  5.747 0.000 0.079 0.000 0.577 0.000
213.291667 214.291667   65.97 0.000   1.24 0.000 9.999 0.259 0.10 0.000  0.040 0.000  0.742 0.000  1.039 0.000 9.99 0.259  12.355 0.000   8.026 0.000  4.329 0.000 0.050 0.000 0.488 0.000
216.291667 217.291667  100.36 0.000   0.86 0.000 0.039 0.000 0.23 0.000  0.052 0.000  0.562 0.000  0.787 0.000 9.99 0.259  16.473 0.000  11.615 0.000  4.858 0.000 0.077 0.000 0.444 0.000
219.291667 220.291667   71.49 0.000   1.67 0.000 9.999 0.259 9.99 0.259  0.041 0.000  0.723 0.000  1.013 0.000 9.99 0.259  12.920 0.000   8.789 0.000  4.131 0.000 0.056 0.000 0.384 0.000
222.291667 223.291667   33.67 0.000   2.50 0.000 9.999 0.259 9.99 0.259  0.022 0.000  0.604 0.000  0.846 0.000 9.99 0.259   8.772 0.000   5.369 0.000  3.403 0.000 0.029 0.000 0.376 0.000
225.291667 226.291667   98.62 0.000   0.77 0.000 9.999 0.259 9.99 0.259  0.051 0.000  0.865 0.000  1.211 0.000 9.99 0.259  22.417 0.000  17.089 0.000  5.328 0.000 0.070 0.000 0.420 0.000
228.291667 229.291667   37.78 0.000   3.29 0.000 9.999 0.259 0.14 0.000  0.031 0.000  0.736 0.000  1.030 0.000 9.99 0.259  10.094 0.000   6.622 0.000  3.472 0.000 0.033 0.000 0.322 0.000
231.291667 232.291667   36.99 0.000   1.98 0.000 9.999 0.259 0.11 0.000  0.034 0.000  0.326 0.000  0.456 0.000 9.99 0.259   8.317 0.000   5.307 0.000  3.010 0.000 0.031 0.000 0.340 0.000
234.291667 235.291667   24.27 0.000   0.50 0.000 9.999 0.259 9.99 0.259  0.014 0.000  0.236 0.000  0.330 0.000 9.99 0.259   7.267 0.000   5.082 0.000  2.185 0.000 0.022 0.000 0.305 0.000
237.291667 238.291667   31.16 0.000   1.62 0.000 9.999 0.259 0.12 0.000  0.036 0.000  0.168 0.000  0.235 0.000 9.99 0.259   7.792 0.000   4.170 0.000  3.622 0.000 0.025 0.000 0.340 0.000
240.291667 241.291667   54.84 0.000   0.82 0.000 9.999 0.259 9.99 0.259  0.027 0.000  0.317 0.000  0.444 0.000 9.99 0.259  12.380 0.000   7.126 0.000  5.254 0.000 0.039 0.000 0.267 0.000
243.291667 244.291667   48.94 0.000   2.50 0.000 0.047 0.000 0.12 0.000  0.045 0.000  0.756 0.000  1.059 0.000 9.99 0.259  13.099 0.000   8.465 0.000  4.634 0.000 0.038 0.000 0.350 0.000
246.291667 247.291667  176.30 0.000   0.60 0.000 9.999 0.259 0.29 0.000  0.061 0.000  0.610 0.000  0.854 0.000 9.99 0.259  41.423 0.000  33.820 0.000  7.603 0.000 0.122 0.000 0.590 0.000
249.291667 250.291667   48.88 0.000   2.50 0.000 9.999 0.259 9.99 0.259  0.040 0.000  0.623 0.000  0.872 0.000 9.99 0.259  12.061 0.000   8.015 0.000  4.046 0.000 0.053 0.000 0.346 0.000
252.291667 253.291667   63.72 0.000   0.71 0.000 0.072 0.000 0.09 0.000  0.017 0.000  0.782 0.000  1.095 0.000 9.99 0.259  12.966 0.000   8.937 0.000  4.028 0.000 0.043 0.000 0.277 0.000
