scripts/IMPROVE-2019_partial/data/US0019R.20000101080000.20191216000000.filterpack..pm25.52w.1w.US03L_filterpack_US0019.US03L_IMPROVE_Davis.lev2.nas
64 1001
MISSING INFORMATION
US03L, IMPROVE, , , , , , , 
MISSING INFORMATION
IMPROVE sel_HTAP
1 1
2000 01 01 2019 12 16
0
days from file reference point
25
1 1 1 1 1 1 1 1 1 1 1 1 1 1 1 1 1 1 1 1 1 1 1 1 1
999.999999 9999.99 9.999999 99.99 9.999999999 9.999 9.999999999 9.99 9.999999999 9.999 9.999 99.999 9.999 99.999 9.999 99.999 9.999 99.999 9.999 99.999 9.999 9.999 9.999999 9.999 9.999
end_time of measurement, days from the file reference point
iron, ng/m3, Revision date=20181210133000
numflag iron, no unit, Revision date=20181210133000
lead, ng/m3, Revision date=20181210133000
numflag lead, no unit, Revision date=20181210133000
magnesium, ug/m3, Revision date=20181210133000
numflag magnesium, no unit, Revision date=20181210133000
nickel, ng/m3, Revision date=20181210133000
numflag nickel, no unit, Revision date=20181210133000
nitrate, ug N/m3, Revision date=20181210133000
numflag nitrate, no unit, Revision date=20181210133000
organic_carbon, ug C/m3, Revision date=20181210133000
numflag organic_carbon, no unit, Revision date=20181210133000
organic_mass, ug/m3, Revision date=20181210133000
numflag organic_mass, no unit, Revision date=20181210133000
pm10_mass, ug/m3, Version=2, Version description=Data extracted from http://views.cira.colostate.edu/fed/DataWizard 2019-12-16, Sample duration=1d, Orig. time res.=3d, Matrix=pm10, Blank correction=Blank corrected, Volume std. temperature=ambient, Volume std. pressure=ambient
numflag pm10_mass, no unit, Version=2, Version description=Data extracted from http://views.cira.colostate.edu/fed/DataWizard 2019-12-16, Sample duration=1d, Orig. time res.=3d, Matrix=pm10, Blank correction=Blank corrected, Volume std. temperature=ambient, Volume std. pressure=ambient
pm10_pm25_mass, ug/m3, Revision date=20181210133000, Matrix=pm10_pm25
numflag pm10_pm25_mass, no unit, Revision date=20181210133000, Matrix=pm10_pm25
pm25_mass, ug/m3, Version=2, Version description=Data extracted from http://views.cira.colostate.edu/fed/DataWizard 2019-12-16, Sample duration=1d, Orig. time res.=3d, Blank correction=Blank corrected, Volume std. temperature=ambient, Volume std. pressure=ambient
numflag pm25_mass, no unit, Version=2, Version description=Data extracted from http://views.cira.colostate.edu/fed/DataWizard 2019-12-16, Sample duration=1d, Orig. time res.=3d, Blank correction=Blank corrected, Volume std. temperature=ambient, Volume std. pressure=ambient
potassium, ug/m3, Revision date=20181210133000
numflag potassium, no unit, Revision date=20181210133000
sulphate_total, ug S/m3, Revision date=20181210133000
numflag sulphate_total, no unit, Revision date=20181210133000
0
25
Data definition:              EBAS_1.1
Set type code:                TI
Timezone:                     UTC
File name:                    US0019R.20000101080000.20191216000000.filterpack..pm25.52w.1w.US03L_filterpack_US0019.US03L_IMPROVE_Davis.lev2.nas
File creation:                20191218115638
Startdate:                    20000101080000
Revision date:                20191216000000
Statistics:                   arithmetic mean
Data level:                   2
Period code:                  52w
Resolution code:              1w
Station code:                 US0019R
Platform code:                US0019S
Station name:                 Bliss SP (TRPA)
Station latitude:             38.9761
Station longitude:            -120.1025
Station altitude:             2130.0 m
Regime:                       IMG
Component:                    
Matrix:                       pm25
Laboratory code:              US03L
Instrument type:              filterpack
Instrument name:              filterpack_US0019
Method ref:                   US03L_IMPROVE_Davis
starttime endtime Fe flag_Fe Pb flag_Pb Mg++ flag_Mg++ Ni flag_Ni NO3- flag_NO3- OC flag_OC OM flag_OM PM10 flag_PM10 PM10-PM2.5 flag_PM10-PM2.5 PM2.5 flag_PM2.5 K+ flag_K+ SO4-- flag_SO4--
[from data line 82]
279.333333 280.333333   48.89 0.559000  0.58 0.559000000 9.999 0.559259000 9.99 0.559259000 0.029 0.000  0.954 0.000  1.335 0.000  6.206 0.000  2.651 0.000  3.554 0.559 0.053 0.559000 0.315 0.000
282.333333 283.333333   30.44 0.000000  0.39 0.000000000 9.999 0.259000000 9.99 0.259000000 0.156 0.559  0.876 0.000  1.226 0.000  7.204 0.000  3.218 0.000  3.987 0.000 0.034 0.000000 0.475 0.559
285.333333 286.333333    6.19 0.000000 99.99 0.259000000 9.999 0.259000000 9.99 0.259000000 0.021 0.000  0.566 0.000  0.792 0.000  1.208 0.000  0.328 0.000  0.879 0.000 0.015 0.000000 0.079 0.000
288.333333 289.333333   13.52 0.000000  0.77 0.000000000 9.999 0.259000000 9.99 0.259000000 0.031 0.000  1.354 0.000  1.895 0.000  4.467 0.000  1.010 0.000  3.457 0.000 0.024 0.000000 0.280 0.000
291.333333 292.333333   19.23 0.559000  0.44 0.559000000 9.999 0.559259000 9.99 0.559259000 0.056 0.000  0.985 0.000  1.379 0.000  5.339 0.000  1.951 0.000  3.388 0.559 0.026 0.559000 0.311 0.000
294.333333 295.333333    6.20 0.559000  0.12 0.559000000 9.999 0.559259000 9.99 0.559259000 0.029 0.000  0.457 0.000  0.640 0.000  1.963 0.000  0.854 0.000  1.109 0.559 0.015 0.559000 0.108 0.000
297.333333 298.333333   28.62 0.000000  0.29 0.000000000 9.999 0.259000000 9.99 0.259000000 0.061 0.000  1.413 0.000  1.978 0.000  6.295 0.000  2.608 0.000  3.687 0.000 0.035 0.000000 0.137 0.000
300.333333 301.333333    2.85 0.000000  0.30 0.000000000 0.013 0.000000000 9.99 0.259000000 0.044 0.000  1.354 0.000  1.896 0.000  2.717 0.000  0.235 0.000  2.482 0.000 0.032 0.000000 0.062 0.000
303.333333 304.333333    2.28 0.000000 99.99 0.259000000 9.999 0.259000000 9.99 0.259000000 0.023 0.000  0.669 0.000  0.936 0.000  1.316 0.000  0.211 0.000  1.105 0.000 9.999 0.259000 0.081 0.000
306.333333 307.333333   39.40 0.000000  0.53 0.000000000 9.999 0.259000000 9.99 0.259000000 0.077 0.000  1.088 0.000  1.523 0.000  5.236 0.000  2.348 0.000  2.888 0.000 0.036 0.000000 0.098 0.000
309.333333 310.333333    6.63 0.000000  0.27 0.000000000 9.999 0.259000000 9.99 0.259000000 0.012 0.000  0.773 0.000  1.082 0.000  2.098 0.000  0.252 0.000  1.846 0.000 0.014 0.000000 0.114 0.000
312.333333 313.333333    5.97 0.000000  0.34 0.000000000 9.999 0.259000000 9.99 0.259000000 0.141 0.000  0.775 0.000  1.085 0.000  3.103 0.000  0.610 0.000  2.493 0.000 0.023 0.000000 0.138 0.000
315.333333 316.333333    2.15 0.000000 99.99 0.259000000 0.016 0.000000000 9.99 0.259000000 0.076 0.000  0.605 0.000  0.847 0.000  1.870 0.000  0.248 0.000  1.621 0.000 0.025 0.000000 0.124 0.000
318.333333 319.333333    8.46 0.000000  0.23 0.000000000 9.999 0.259000000 9.99 0.259000000 0.089 0.000  0.660 0.000  0.925 0.000  2.228 0.000  0.497 0.000  1.730 0.000 0.041 0.000000 0.105 0.000
321.333333 322.333333    7.93 0.000000  0.40 0.000000000 9.999 0.259000000 9.99 0.259000000 0.055 0.000  0.349 0.000  0.488 0.000  2.010 0.000  0.621 0.000  1.389 0.000 0.018 0.000000 0.153 0.000
324.333333 325.333333    7.82 0.000000  0.51 0.000000000 9.999 0.259000000 9.99 0.259000000 0.030 0.000  1.048 0.000  1.467 0.000  2.982 0.000  0.855 0.000  2.127 0.000 0.016 0.000000 0.098 0.000
327.333333 328.333333   19.96 0.000000  0.44 0.000000000 9.999 0.259000000 9.99 0.259000000 0.054 0.559  1.063 0.000  1.488 0.000  4.076 0.000  1.625 0.000  2.451 0.000 0.022 0.000000 0.102 0.559
330.333333 331.333333    5.86 0.000000  0.15 0.000000000 9.999 0.259000000 9.99 0.259000000 0.007 0.000  0.118 0.000  0.166 0.000  1.018 0.000  0.595 0.000  0.423 0.000 0.008 0.000000 0.077 0.000
333.333333 334.333333    5.31 0.559394 99.99 0.559394259 9.999 0.559394259 9.99 0.559394259 0.069 0.394  0.088 0.000  0.123 0.000  2.734 0.000  1.789 0.000  0.945 0.559 0.016 0.559394 0.086 0.394
336.333333 337.333333    5.13 0.000000  0.57 0.000000000 9.999 0.259000000 9.99 0.259000000 0.118 0.000  0.940 0.000  1.315 0.000  3.397 0.000  0.380 0.000  3.017 0.000 0.011 0.000000 0.157 0.000
339.333333 340.333333   10.95 0.000000  0.64 0.000000000 9.999 0.259000000 9.99 0.259000000 0.125 0.000  1.539 0.000  2.154 0.000  6.102 0.000  1.625 0.000  4.477 0.000 0.020 0.000000 0.165 0.000
342.333333 343.333333    9.00 0.559000  0.68 0.559000000 9.999 0.559259000 9.99 0.559259000 0.024 0.000  0.891 0.000  1.248 0.000  3.359 0.000  0.718 0.000  2.641 0.559 0.014 0.559000 0.157 0.000
345.333333 346.333333    6.85 0.000000  0.19 0.000000000 9.999 0.259000000 9.99 0.259000000 0.010 0.000  0.346 0.000  0.484 0.000  2.156 0.000  1.151 0.000  1.006 0.000 0.008 0.000000 0.154 0.000
348.333333 349.333333    0.95 0.000000  0.11 0.000000000 9.999 0.259000000 9.99 0.259000000 0.005 0.000  0.011 0.000  0.015 0.000  0.475 0.000  0.287 0.000  0.189 0.000 9.999 0.259000 0.030 0.000
351.333333 352.333333   10.23 0.394000 99.99 0.394259000 9.999 0.394259000 9.99 0.394259000 0.034 0.394  0.322 0.000  0.450 0.000  2.902 0.000  1.474 0.000  1.428 0.000 0.010 0.394000 0.144 0.394
354.333333 355.333333   10.05 0.000000  0.40 0.000000000 9.999 0.259000000 9.99 0.259000000 0.011 0.000  0.280 0.000  0.392 0.000  3.345 0.000  2.313 0.000  1.032 0.000 0.008 0.000000 0.135 0.000
357.333333 358.333333    9.43 0.000000  0.32 0.000000000 9.999 0.259000000 9.99 0.259000000 0.018 0.000  0.401 0.000  0.562 0.000  3.163 0.000  1.969 0.000  1.194 0.000 0.009 0.000000 0.124 0.000
360.333333 361.333333    6.95 0.000000  0.24 0.000000000 9.999 0.259000000 9.99 0.259000000 0.014 0.000  0.290 0.000  0.406 0.000  2.278 0.000  1.579 0.000  0.699 0.000 0.007 0.000000 0.057 0.000
363.333333 364.333333   18.78 0.559000  0.43 0.559000000 9.999 0.559259000 9.99 0.559259000 0.083 0.559  2.037 0.000  2.852 0.000  6.341 0.000  1.907 0.000  4.434 0.559 0.025 0.559000 0.063 0.559
