scripts/IMPROVE-2019_partial/data/US0077R.19880302070000.20191216000000.filterpack...10mo.3d.US03L_filterpack_US0077.US03L_IMPROVE_Davis.lev2.nas
51 1001
MISSING INFORMATION
US03L, IMPROVE, , , , , , , 
MISSING INFORMATION
IMPROVE sel_HTAP
1 1
1988 01 01 2019 12 16
0
days from file reference point
4
1 1 1 1
999.999999 999.999 99.999 9.999
end_time of measurement, days from the file reference point
pm10_mass, ug/m3, Matrix=pm10
pm25_mass, ug/m3, Matrix=pm25
numflag, no unit
0
33
Data definition:              EBAS_1.1
Set type code:                TI
Timezone:                     UTC
File name:                    US0077R.19880302070000.20191216000000.filterpack...10mo.3d.US03L_filterpack_US0077.US03L_IMPROVE_Davis.lev2.nas
File creation:                20191218120037
Startdate:                    19880302070000
Revision date:                20191216000000
Version:                      2
Version description:          "Data extracted from http://views.cira.colostate.edu/fed/DataWizard 2019-12-16"
Statistics:                   arithmetic mean
Data level:                   2
Period code:                  10mo
Resolution code:              3d
Sample duration:              1d
Orig. time res.:              3d
Station code:                 US0077R
Platform code:                US0077S
Station name:                 Canyonlands NP
Station latitude:             38.4587
Station longitude:            -109.821
Station altitude:             1798.0 m
Regime:                       IMG
Component:                    
Unit:                         ug/m3
Matrix:                       
Laboratory code:              US03L
Instrument type:              filterpack
Instrument name:              filterpack_US0077
Method ref:                   US03L_IMPROVE_Davis
Blank correction:             Blank corrected
Volume std. temperature:      ambient
Volume std. pressure:         ambient
starttime endtime PM10 PM2.5 flag
 61.291667  62.291667   2.123  1.610 0.000
 64.291667  65.291667   6.267  2.724 0.000
 68.291667  69.291667   4.770  1.897 0.000
 71.291667  72.291667   3.521  2.371 0.000
 75.291667  76.291667   4.418  2.966 0.000
 78.291667  79.291667   5.070  3.759 0.000
 82.291667  83.291667  41.532  7.637 0.000
 85.291667  86.291667   4.464  1.301 0.000
 89.291667  90.291667 999.999 99.999 0.999
 92.291667  93.291667 999.999 99.999 0.999
 96.291667  97.291667   5.548  3.172 0.000
 99.291667 100.291667   5.959  3.034 0.000
103.291667 104.291667 999.999 99.999 0.999
106.291667 107.291667 999.999 99.999 0.999
110.291667 111.291667   7.649  3.806 0.000
113.291667 114.291667   3.614  2.007 0.000
117.291667 118.291667   4.795 99.999 0.000
120.291667 121.291667  15.813  5.276 0.000
124.291667 125.291667   5.779  3.345 0.000
127.291667 128.291667   4.476  2.123 0.000
131.291667 132.291667 999.999 99.999 0.999
134.291667 135.291667 999.999 99.999 0.999
138.291667 139.291667   5.288  4.000 0.000
141.291667 142.291667   5.685  3.219 0.000
145.291667 146.291667   9.792  4.062 0.000
148.291667 149.291667  12.332  5.868 0.000
152.291667 153.291667   4.454  1.711 0.000
155.291667 156.291667  12.085  3.825 0.000
159.291667 160.291667  11.222  2.736 0.000
162.291667 163.291667  19.667  6.735 0.000
166.291667 167.291667   8.787  3.603 0.000
169.291667 170.291667   6.258  2.727 0.000
173.291667 174.291667  10.847  5.492 0.000
176.291667 177.291667   7.741  3.864 0.000
180.291667 181.291667   6.457  3.569 0.000
183.291667 184.291667   7.770  3.939 0.000
187.291667 188.291667   7.189  4.800 0.000
190.291667 191.291667   6.283  2.933 0.000
194.291667 195.291667  11.387 99.999 0.000
197.291667 198.291667   8.710  4.868 0.000
201.291667 202.291667   7.476  3.783 0.000
204.291667 205.291667  10.511  4.567 0.000
208.291667 209.291667   7.110  4.169 0.000
211.291667 212.291667   5.000  3.220 0.000
215.291667 216.291667   6.254  3.199 0.000
218.291667 219.291667   7.411  3.144 0.000
222.291667 223.291667   6.181  2.100 0.000
225.291667 226.291667   4.936  2.167 0.000
229.291667 230.291667   5.139  2.544 0.000
232.291667 233.291667   7.594  4.118 0.000
236.291667 237.291667   8.117  4.491 0.000
239.291667 240.291667   8.312  5.719 0.000
243.291667 244.291667 999.999  4.240 0.000
246.291667 247.291667 999.999 99.999 0.999
250.291667 251.291667 999.999 99.999 0.999
253.291667 254.291667   8.557  5.780 0.000
257.291667 258.291667   7.760  6.738 0.000
260.291667 261.291667  10.439  6.667 0.000
264.291667 265.291667  10.356  3.606 0.000
267.291667 268.291667   6.080  3.722 0.000
271.291667 272.291667 999.999 99.999 0.999
274.291667 275.291667 999.999 99.999 0.999
278.291667 279.291667 999.999 99.999 0.999
281.291667 282.291667 999.999 99.999 0.999
285.291667 286.291667   7.416  3.870 0.000
288.291667 289.291667   6.082  3.282 0.000
292.291667 293.291667 999.999 99.999 0.999
295.291667 296.291667   4.983  1.887 0.000
299.291667 300.291667   6.735  2.404 0.000
302.291667 303.291667   7.700  4.263 0.000
306.291667 307.291667   5.294  3.478 0.000
309.291667 310.291667   3.860  1.460 0.000
313.291667 314.291667   3.269  2.083 0.000
316.291667 317.291667   1.538  1.218 0.000
320.291667 321.291667   2.939  2.582 0.000
323.291667 324.291667   3.725  2.727 0.000
327.291667 328.291667  12.955  3.137 0.000
330.291667 331.291667   5.909  0.909 0.000
334.291667 335.291667   3.346  1.787 0.000
337.291667 338.291667   5.564  2.742 0.000
341.291667 342.291667   3.516  2.125 0.000
344.291667 345.291667   4.324  2.773 0.000
348.291667 349.291667   5.743  2.840 0.000
351.291667 352.291667   8.072  5.890 0.000
355.291667 356.291667   2.605  1.429 0.000
358.291667 359.291667 999.999  1.624 0.000
362.291667 363.291667   5.194  4.540 0.000
365.291667 366.291667   5.444  4.971 0.000
