scripts/IMPROVE-2019_partial/data/US0064R.20060102080000.20191216000000.filterpack..pm25.52w.1w.US03L_filterpack_US0064.US03L_IMPROVE_Davis.lev2.nas
66 1001
MISSING INFORMATION
US03L, IMPROVE, , , , , , , 
MISSING INFORMATION
IMPROVE sel_HTAP
1 1
2006 01 01 2019 12 16
3.000000
days from file reference point
27
1 1 1 1 1 1 1 1 1 1 1 1 1 1 1 1 1 1 1 1 1 1 1 1 1 1 1
999.999999 9999.99 9.999 99.99 9.999 9.999 9.999999 9.99 9.999999 9.999 9.999999 99.999 9.999999 999.999 9.999999 99.99 9.999999 999.999 9.999 999.999 9.999 999.999 9.999 9.999 9.999 9.999 9.999999
end_time of measurement, days from the file reference point
iron, ng/m3, Revision date=20181210133000
numflag iron, no unit, Revision date=20181210133000
lead, ng/m3, Revision date=20181210133000
numflag lead, no unit, Revision date=20181210133000
magnesium, ug/m3, Revision date=20181210133000
numflag magnesium, no unit, Revision date=20181210133000
nickel, ng/m3, Revision date=20181210133000
numflag nickel, no unit, Revision date=20181210133000
nitrate, ug N/m3, Revision date=20181210133000
numflag nitrate, no unit, Revision date=20181210133000
organic_carbon, ug C/m3, Revision date=20181210133000
numflag organic_carbon, no unit, Revision date=20181210133000
organic_mass, ug/m3, Revision date=20181210133000
numflag organic_mass, no unit, Revision date=20181210133000
phosphorus, ng/m3, Revision date=20181210133000
numflag phosphorus, no unit, Revision date=20181210133000
pm10_mass, ug/m3, Version=2, Version description=Data extracted from http://views.cira.colostate.edu/fed/DataWizard 2019-12-16, Sample duration=1d, Orig. time res.=3d, Matrix=pm10, Blank correction=Blank corrected, Volume std. temperature=ambient, Volume std. pressure=ambient
numflag pm10_mass, no unit, Version=2, Version description=Data extracted from http://views.cira.colostate.edu/fed/DataWizard 2019-12-16, Sample duration=1d, Orig. time res.=3d, Matrix=pm10, Blank correction=Blank corrected, Volume std. temperature=ambient, Volume std. pressure=ambient
pm10_pm25_mass, ug/m3, Revision date=20181210133000, Matrix=pm10_pm25
numflag pm10_pm25_mass, no unit, Revision date=20181210133000, Matrix=pm10_pm25
pm25_mass, ug/m3, Version=2, Version description=Data extracted from http://views.cira.colostate.edu/fed/DataWizard 2019-12-16, Sample duration=1d, Orig. time res.=3d, Blank correction=Blank corrected, Volume std. temperature=ambient, Volume std. pressure=ambient
numflag pm25_mass, no unit, Version=2, Version description=Data extracted from http://views.cira.colostate.edu/fed/DataWizard 2019-12-16, Sample duration=1d, Orig. time res.=3d, Blank correction=Blank corrected, Volume std. temperature=ambient, Volume std. pressure=ambient
potassium, ug/m3, Revision date=20181210133000
numflag potassium, no unit, Revision date=20181210133000
sulphate_total, ug S/m3, Revision date=20181210133000
numflag sulphate_total, no unit, Revision date=20181210133000
0
25
Data definition:              EBAS_1.1
Set type code:                TU
Timezone:                     UTC
File name:                    US0064R.20060102080000.20191216000000.filterpack..pm25.52w.1w.US03L_filterpack_US0064.US03L_IMPROVE_Davis.lev2.nas
File creation:                20191218115937
Startdate:                    20060102080000
Revision date:                20191216000000
Statistics:                   arithmetic mean
Data level:                   2
Period code:                  52w
Resolution code:              1w
Station code:                 US0064R
Platform code:                US0064S
Station name:                 Jarbidge Wilderness
Station latitude:             41.8926
Station longitude:            -115.4261
Station altitude:             1869.0 m
Regime:                       IMG
Component:                    
Matrix:                       pm25
Laboratory code:              US03L
Instrument type:              filterpack
Instrument name:              filterpack_US0064
Method ref:                   US03L_IMPROVE_Davis
starttime endtime Fe flag_Fe Pb flag_Pb Mg++ flag_Mg++ Ni flag_Ni NO3- flag_NO3- OC flag_OC OM flag_OM P flag_P PM10 flag_PM10 PM10-PM2.5 flag_PM10-PM2.5 PM2.5 flag_PM2.5 K+ flag_K+ SO4-- flag_SO4--
  1.333333   2.333333    0.96 0.000  0.15 0.000 9.999 0.259000 9.99 0.259000 0.003 0.000000  0.175 0.000000   0.245 0.000000  2.12 0.000000   0.683 0.000   0.340 0.000   0.343 0.000 0.003 0.000 0.012 0.000000
  4.333333   5.333333    5.00 0.000  0.25 0.000 0.008 0.000000 9.99 0.259000 0.003 0.000000  0.131 0.000000   0.183 0.000000 99.99 0.259000   1.282 0.000   0.641 0.000   0.641 0.000 0.009 0.000 0.067 0.000000
  7.333333   8.333333    4.56 0.000  0.11 0.000 0.006 0.000000 9.99 0.259000 0.004 0.000000  0.015 0.000000   0.021 0.000000 99.99 0.259000   0.644 0.000   0.275 0.000   0.369 0.000 0.004 0.000 0.014 0.000000
 10.333333  11.333333   31.23 0.000  0.31 0.000 9.999 0.259000 9.99 0.259000 0.009 0.000000  0.155 0.000000   0.217 0.000000 99.99 0.259000   3.710 0.000   2.658 0.000   1.052 0.000 0.021 0.000 0.047 0.000000
 13.333333  14.333333   33.90 0.000  0.38 0.000 9.999 0.259000 9.99 0.259000 0.016 0.000000  0.161 0.000000   0.226 0.000000 99.99 0.259000   3.906 0.000   2.669 0.000   1.237 0.000 0.023 0.000 0.030 0.000000
 16.333333  17.333333   13.55 0.000  0.16 0.000 9.999 0.259000 9.99 0.259000 0.011 0.559000  0.196 0.000000   0.274 0.000000 99.99 0.259000   1.961 0.000   1.209 0.000   0.753 0.000 0.009 0.000 0.045 0.559000
 19.333333  20.333333    1.97 0.000  0.15 0.000 9.999 0.259000 9.99 0.259000 0.014 0.559000  0.045 0.000000   0.063 0.000000 99.99 0.259000   1.335 0.000   0.624 0.000   0.710 0.000 0.003 0.000 0.062 0.559000
 22.333333  23.333333    6.03 0.000  0.56 0.000 9.999 0.259000 9.99 0.259000 0.003 0.559000  0.089 0.000000   0.125 0.000000 99.99 0.259000   1.253 0.000   0.673 0.000   0.580 0.000 0.007 0.000 0.047 0.559000
 25.333333  26.333333   14.73 0.000  0.79 0.000 9.999 0.259000 9.99 0.259000 0.066 0.000000  0.284 0.000000   0.397 0.000000 99.99 0.259000   3.331 0.000   1.666 0.000   1.666 0.000 0.015 0.000 0.124 0.000000
 28.333333  29.333333    2.67 0.000  0.27 0.000 9.999 0.259000 9.99 0.259000 0.010 0.000000  0.032 0.000000   0.044 0.000000 99.99 0.259000   0.941 0.000   0.358 0.000   0.583 0.000 0.003 0.000 0.052 0.000000
 31.333333  32.333333    4.83 0.000  0.22 0.000 9.999 0.259000 9.99 0.259000 0.002 0.000000  0.104 0.000000   0.145 0.000000 99.99 0.259000   1.022 0.000   0.527 0.000   0.495 0.000 0.004 0.000 0.032 0.000000
 34.333333  35.333333   10.44 0.000  0.92 0.000 9.999 0.259000 9.99 0.259000 0.006 0.000000  0.237 0.000000   0.332 0.000000 99.99 0.259000   2.267 0.000   0.974 0.000   1.293 0.000 0.013 0.000 0.109 0.000000
 37.333333  38.333333   10.66 0.000  0.18 0.000 9.999 0.259000 9.99 0.259000 0.005 0.000000  0.195 0.000000   0.272 0.000000 99.99 0.259000   1.306 0.000   0.596 0.000   0.710 0.000 0.011 0.000 0.047 0.000000
 40.333333  41.333333    9.52 0.000  0.56 0.000 9.999 0.259000 9.99 0.259000 0.067 0.000000  0.276 0.000000   0.386 0.000000 99.99 0.259000   1.933 0.000   0.744 0.000   1.189 0.000 0.011 0.000 0.104 0.000000
 43.333333  44.333333   17.65 0.000  0.68 0.000 9.999 0.259000 9.99 0.259000 0.014 0.000000  0.444 0.000000   0.622 0.000000 99.99 0.259000   2.178 0.000   0.625 0.000   1.554 0.000 0.020 0.000 0.075 0.000000
 46.333333  47.333333    4.03 0.000  0.63 0.000 0.007 0.000000 9.99 0.259000 0.014 0.000000  0.183 0.000000   0.256 0.000000 99.99 0.259000   1.581 0.000   0.387 0.000   1.194 0.000 0.007 0.000 0.143 0.000000
 49.333333  50.333333    7.36 0.000  0.59 0.000 9.999 0.259000 9.99 0.259000 0.075 0.000000  0.345 0.000000   0.483 0.000000 99.99 0.259000   3.091 0.000   0.727 0.000   2.364 0.000 0.012 0.000 0.281 0.000000
 52.333333  53.333333   27.85 0.000  1.19 0.000 9.999 0.259000 9.99 0.259000 0.008 0.000000  0.130 0.000000   0.183 0.000000 99.99 0.259000   3.845 0.000   2.421 0.000   1.424 0.000 0.021 0.000 0.135 0.000000
 55.333333  56.333333   25.07 0.000  0.94 0.000 9.999 0.259000 9.99 0.259000 0.028 0.000000  0.463 0.000000   0.648 0.000000 99.99 0.259000   3.589 0.000   1.790 0.000   1.799 0.000 0.026 0.000 0.144 0.000000
 58.333333  59.333333    4.99 0.000 99.99 0.259 9.999 0.259000 9.99 0.259000 0.005 0.000000  0.186 0.000000   0.261 0.000000 99.99 0.259000   1.453 0.000   1.291 0.000   0.290 0.000 0.004 0.000 0.021 0.000000
 61.333333  62.333333   21.06 0.000  0.69 0.000 9.999 0.259000 9.99 0.259000 0.111 0.000000  0.145 0.000000   0.203 0.000000 99.99 0.259000   3.861 0.000   2.633 0.000   1.227 0.000 0.017 0.000 0.068 0.000000
 64.333333  65.333333   14.18 0.000  0.48 0.000 0.014 0.000000 9.99 0.259000 0.017 0.000000  0.149 0.000000   0.208 0.000000 99.99 0.259000   1.949 0.000   1.140 0.000   0.809 0.000 0.010 0.000 0.078 0.000000
 67.333333  68.333333    7.25 0.394  0.26 0.394 9.999 0.394259 9.99 0.394259 0.008 0.394000 99.999 0.394259 999.999 0.394259 99.99 0.394259   1.923 0.000   1.126 0.394   0.797 0.000 0.008 0.394 0.071 0.394000
 70.333333  71.333333   16.13 0.000  0.69 0.000 9.999 0.259000 9.99 0.259000 0.044 0.000000  0.141 0.000000   0.197 0.000000 99.99 0.259000   1.575 0.000   0.315 0.000   1.260 0.000 0.013 0.000 0.150 0.000000
 73.333333  74.333333   22.88 0.000  0.44 0.000 0.009 0.000000 9.99 0.259000 0.013 0.000000  0.045 0.000000   0.063 0.000000 99.99 0.259000   1.861 0.000   1.142 0.000   0.720 0.000 0.015 0.000 0.071 0.000000
 76.333333  77.333333    9.72 0.000  0.28 0.000 9.999 0.259000 9.99 0.259000 0.050 0.000000  0.103 0.000000   0.144 0.000000 99.99 0.259000   1.259 0.000   0.601 0.000   0.658 0.000 0.006 0.000 0.045 0.000000
 79.333333  80.333333   15.26 0.000  0.56 0.000 9.999 0.259000 9.99 0.259000 0.013 0.000000  0.123 0.000000   0.173 0.000000 99.99 0.259000   1.516 0.000   0.418 0.000   1.099 0.000 0.010 0.000 0.098 0.000000
 82.333333  83.333333  143.92 0.000  0.89 0.000 0.072 0.000000 0.15 0.000000 0.045 0.000000  0.271 0.000000   0.379 0.000000 99.99 0.259000   8.369 0.000   4.117 0.000   4.253 0.000 0.076 0.000 0.147 0.000000
 85.333333  86.333333   74.57 0.000  0.98 0.000 9.999 0.259000 0.07 0.000000 0.028 0.000000  0.262 0.000000   0.366 0.000000 99.99 0.259000   5.085 0.000   2.422 0.000   2.663 0.000 0.047 0.000 0.140 0.000000
 88.333333  89.333333   13.17 0.000  0.35 0.000 9.999 0.259000 9.99 0.259000 0.006 0.559000  0.124 0.000000   0.173 0.000000 99.99 0.259000   1.399 0.000   0.448 0.000   0.951 0.000 0.010 0.000 0.103 0.559000
 91.333333  92.333333   59.63 0.000  1.81 0.000 0.019 0.000000 9.99 0.259000 0.021 0.559000  0.132 0.000000   0.185 0.000000 99.99 0.259000   4.395 0.000   1.981 0.000   2.414 0.000 0.043 0.000 0.257 0.559000
 94.333333  95.333333    2.06 0.000  0.20 0.000 9.999 0.259000 9.99 0.259000 0.002 0.000000  0.130 0.000000   0.181 0.000000 99.99 0.259000   0.338 0.000   0.057 0.000   0.186 0.000 0.003 0.000 0.025 0.000000
 97.333333  98.333333   18.33 0.000  0.67 0.000 9.999 0.259000 9.99 0.259000 0.021 0.559000  0.291 0.000000   0.407 0.000000 99.99 0.259000   3.052 0.000   1.861 0.000   1.191 0.000 0.013 0.000 0.086 0.559000
100.333333 101.333333   11.80 0.000  0.37 0.000 0.014 0.000000 9.99 0.259000 0.007 0.559000  0.130 0.000000   0.182 0.000000 99.99 0.259000   1.168 0.000   0.511 0.000   0.658 0.000 0.008 0.000 0.084 0.559000
103.333333 104.333333   32.84 0.000  0.78 0.000 0.014 0.000000 9.99 0.259000 0.019 0.000000  0.277 0.000000   0.387 0.000000 99.99 0.259000   3.586 0.000   1.434 0.000   2.152 0.000 0.028 0.000 0.227 0.000000
106.333333 107.333333   15.00 0.000  0.51 0.000 0.011 0.000000 0.10 0.000000 0.010 0.000000  0.020 0.000000   0.027 0.000000 99.99 0.259000   1.148 0.000   0.535 0.000   0.614 0.000 0.010 0.000 0.072 0.000000
109.333333 110.333333  136.71 0.000  0.57 0.000 0.092 0.000000 9.99 0.259000 0.024 0.559000  0.251 0.000000   0.352 0.000000 99.99 0.259000   8.143 0.000   4.720 0.000   3.423 0.000 0.077 0.000 0.096 0.559000
112.333333 113.333333   82.09 0.000  1.16 0.000 0.034 0.000000 0.09 0.000000 0.051 0.559000  0.469 0.000000   0.657 0.000000 99.99 0.259000   7.596 0.000   4.045 0.000   3.551 0.000 0.054 0.000 0.251 0.559000
115.333333 116.333333  152.19 0.000  2.27 0.000 0.073 0.000000 0.08 0.000000 0.063 0.559000  0.539 0.000000   0.754 0.000000 99.99 0.259000  11.027 0.000   5.320 0.000   5.707 0.000 0.095 0.000 0.338 0.559000
118.333333 119.333333   74.50 0.000  0.90 0.000 9.999 0.259000 9.99 0.259000 0.026 0.559000  0.698 0.000000   0.977 0.000000 99.99 0.259000   8.406 0.000   4.935 0.000   3.470 0.000 0.051 0.000 0.140 0.559000
121.333333 122.333333  113.79 0.000  1.60 0.000 9.999 0.259000 9.99 0.259000 0.041 0.559000  0.563 0.000000   0.788 0.000000 99.99 0.259000  13.132 0.000   8.929 0.000   4.203 0.000 0.071 0.000 0.261 0.559000
124.333333 125.333333  104.78 0.000  1.83 0.000 9.999 0.259000 9.99 0.259000 0.041 0.559000  0.774 0.000000   1.083 0.000000 99.99 0.259000  11.580 0.000   6.171 0.000   5.409 0.000 0.072 0.000 0.427 0.559000
127.333333 128.333333   50.91 0.000  0.87 0.000 0.016 0.000000 9.99 0.259000 0.023 0.559000  0.664 0.000000   0.929 0.000000 99.99 0.259000   5.022 0.000   1.893 0.000   3.130 0.000 0.039 0.000 0.218 0.559000
130.333333 131.333333  133.26 0.000  1.68 0.000 0.024 0.000000 9.99 0.259000 0.039 0.559000  0.524 0.000000   0.733 0.000000 99.99 0.259000   9.464 0.000   4.366 0.000   5.098 0.000 0.086 0.000 0.331 0.559000
133.333333 134.333333  152.00 0.000  2.17 0.000 9.999 0.259000 9.99 0.259000 0.041 0.559000  1.010 0.000000   1.413 0.000000 99.99 0.259000  19.886 0.000  13.665 0.000   6.221 0.000 0.112 0.000 0.307 0.559000
136.333333 137.333333  112.72 0.000  0.85 0.000 0.020 0.000000 9.99 0.259000 0.024 0.559000  0.672 0.000000   0.941 0.000000 99.99 0.259000  13.901 0.000   8.746 0.000   5.155 0.000 0.083 0.000 0.248 0.559000
139.333333 140.333333   40.64 0.000  0.21 0.000 9.999 0.259000 9.99 0.259000 0.014 0.000000  0.544 0.000000   0.762 0.000000 99.99 0.259000   6.688 0.000   4.019 0.000   2.669 0.000 0.032 0.000 0.169 0.000000
142.333333 143.333333   16.83 0.000  0.52 0.000 9.999 0.259000 9.99 0.259000 0.006 0.559000  0.471 0.000000   0.660 0.000000 99.99 0.259000   3.384 0.000   1.642 0.000   1.743 0.000 0.017 0.000 0.132 0.559000
145.333333 146.333333  100.43 0.000  0.79 0.000 9.999 0.259000 0.08 0.000000 0.040 0.559000  0.834 0.000000   1.167 0.000000 99.99 0.259000  18.788 0.000  14.093 0.000   4.694 0.000 0.077 0.000 0.225 0.559000
148.333333 149.333333    6.81 0.000  0.16 0.000 9.999 0.259000 9.99 0.259000 0.002 0.000000  0.295 0.000000   0.413 0.000000 99.99 0.259000   1.942 0.000   1.230 0.000   0.711 0.000 0.007 0.000 0.062 0.000000
151.333333 152.333333   63.28 0.000  1.30 0.000 0.028 0.000000 9.99 0.259000 0.011 0.559000  0.581 0.000000   0.814 0.000000 99.99 0.259000   5.350 0.000   2.243 0.000   3.108 0.000 0.045 0.000 0.162 0.559000
154.333333 155.333333   38.55 0.000  0.49 0.000 0.022 0.000000 9.99 0.259000 0.006 0.559000  0.484 0.000000   0.677 0.000000 99.99 0.259000   5.873 0.000   3.688 0.000   2.185 0.000 0.026 0.000 0.131 0.559000
157.333333 158.333333 9999.99 0.999 99.99 0.999 9.999 0.999000 9.99 0.999000 0.011 0.559000  1.027 0.000000   1.438 0.000000 99.99 0.999000   8.848 0.000 999.999 0.999 999.999 0.999 9.999 0.999 0.194 0.559000
160.333333 161.333333 9999.99 0.999 99.99 0.999 9.999 0.999000 9.99 0.999000 0.014 0.559000  0.800 0.000000   1.120 0.000000 99.99 0.999000   6.729 0.000 999.999 0.999 999.999 0.999 9.999 0.999 0.211 0.559000
163.333333 164.333333 9999.99 0.999 99.99 0.999 9.999 0.999000 9.99 0.999000 0.035 0.559394  0.578 0.394000   0.809 0.394000 99.99 0.999000   7.151 0.000 999.999 0.999 999.999 0.999 9.999 0.999 0.263 0.559394
166.333333 167.333333   23.48 0.000  0.43 0.000 0.012 0.000000 9.99 0.259000 0.004 0.559000  0.373 0.000000   0.523 0.000000 99.99 0.259000   3.894 0.000   1.871 0.000   2.023 0.000 0.026 0.000 0.076 0.559000
169.333333 170.333333   55.64 0.000  0.86 0.000 9.999 0.259000 9.99 0.259000 0.010 0.559000  0.997 0.000000   1.396 0.000000 99.99 0.259000  12.371 0.000   7.924 0.000   4.446 0.000 0.059 0.000 0.273 0.559000
172.333333 173.333333   70.12 0.000  0.62 0.000 9.999 0.259000 9.99 0.259000 0.008 0.559000  0.657 0.000000   0.920 0.000000 99.99 0.259000  10.036 0.000   6.158 0.000   3.878 0.000 0.068 0.000 0.215 0.559000
175.333333 176.333333   64.07 0.000  0.52 0.000 0.013 0.000000 9.99 0.259000 0.005 0.559000  0.962 0.000000   1.347 0.000000 99.99 0.259000  13.778 0.000  10.015 0.000   3.763 0.000 0.059 0.000 0.157 0.559000
178.333333 179.333333  223.65 0.000  1.13 0.000 0.057 0.000000 9.99 0.259000 0.013 0.559000  1.873 0.000000   2.622 0.000000 99.99 0.259000  34.247 0.000  24.391 0.000   9.856 0.000 0.270 0.000 0.206 0.559000
181.333333 182.333333   34.45 0.000  0.34 0.000 9.999 0.259000 9.99 0.259000 0.007 0.559000  0.824 0.000000   1.483 0.000000 99.99 0.259000  11.698 0.000   7.880 0.000   3.818 0.000 0.050 0.000 0.192 0.559000
184.333333 185.333333   71.69 0.000  0.99 0.000 9.999 0.259000 9.99 0.259000 0.013 0.559000  1.145 0.000000   2.061 0.000000 99.99 0.259000  17.616 0.000  12.276 0.000   5.340 0.000 0.109 0.000 0.230 0.559000
187.333333 188.333333   53.21 0.000  0.50 0.000 0.009 0.000000 9.99 0.259000 0.012 0.559000  0.881 0.000000   1.586 0.000000 99.99 0.259000  10.528 0.000   6.469 0.000   4.059 0.000 0.077 0.000 0.157 0.559000
190.333333 191.333333   42.98 0.000  0.49 0.000 9.999 0.259000 9.99 0.259000 0.012 0.559000  0.950 0.000000   1.709 0.000000 99.99 0.259000  10.625 0.000   6.833 0.000   3.792 0.000 0.052 0.000 0.183 0.559000
193.333333 194.333333  110.08 0.000  0.67 0.000 9.999 0.259000 9.99 0.259000 0.015 0.559000 99.999 0.456000 999.999 0.456000 99.99 0.259000   9.680 0.000   4.600 0.000   5.080 0.000 0.138 0.000 0.111 0.559000
196.333333 197.333333  101.18 0.000  0.39 0.000 9.999 0.259000 9.99 0.259000 0.008 0.559000 99.999 0.456000 999.999 0.456000 99.99 0.259000  15.875 0.000  10.513 0.000   5.362 0.000 0.117 0.000 0.119 0.559000
199.333333 200.333333  159.43 0.000  0.69 0.000 9.999 0.259000 9.99 0.259000 0.010 0.559000 99.999 0.456000 999.999 0.456000 99.99 0.259000  24.941 0.000  17.605 0.000   7.337 0.000 0.169 0.000 0.132 0.559000
202.333333 203.333333   69.53 0.000  0.67 0.000 9.999 0.259000 0.08 0.000000 0.011 0.000000 99.999 0.456000 999.999 0.456000 99.99 0.259000  13.309 0.000   7.719 0.000   5.590 0.000 0.086 0.000 0.207 0.000000
205.333333 206.333333   46.14 0.000  0.34 0.000 9.999 0.259000 0.18 0.000000 0.010 0.000000 99.999 0.456000 999.999 0.456000 99.99 0.259000  12.106 0.000   6.849 0.000   5.257 0.000 0.093 0.000 0.163 0.000000
208.333333 209.333333   62.67 0.000  0.48 0.000 0.017 0.000000 9.99 0.259000 0.133 0.000000  5.204 0.000000   9.368 0.000000 99.99 0.259000  20.420 0.000   5.663 0.000  14.757 0.000 0.516 0.000 0.232 0.000000
211.333333 212.333333   77.65 0.000  0.50 0.000 0.013 0.000000 9.99 0.259000 0.058 0.000000  3.609 0.000000   6.496 0.000000 99.99 0.259000  19.330 0.000   8.297 0.000  11.033 0.000 0.236 0.000 0.137 0.000000
214.333333 215.333333  111.03 0.000  0.37 0.000 9.999 0.259000 9.99 0.259000 0.017 0.000000  1.509 0.000000   2.716 0.000000 99.99 0.259000  15.640 0.000   8.856 0.000   6.784 0.000 0.111 0.000 0.171 0.000000
217.333333 218.333333   39.49 0.000  0.44 0.000 0.009 0.000000 9.99 0.259000 0.015 0.000000  0.609 0.000000   1.095 0.000000 99.99 0.259000   7.229 0.000   4.723 0.000   2.506 0.000 0.049 0.000 0.140 0.000000
220.333333 221.333333   93.60 0.000  0.43 0.000 9.999 0.259000 0.10 0.000000 0.042 0.000000  1.173 0.559000   2.112 0.559000 99.99 0.259000  13.244 0.000   7.772 0.000   5.472 0.000 0.128 0.000 0.167 0.000000
223.333333 224.333333  128.12 0.000  0.54 0.000 9.999 0.259000 0.12 0.000000 0.017 0.000000  1.281 0.000000   2.305 0.000000 99.99 0.259000  18.220 0.000  11.847 0.000   6.373 0.000 0.158 0.000 0.103 0.000000
226.333333 227.333333  121.19 0.000  0.63 0.000 0.026 0.000000 9.99 0.259000 0.014 0.000000  2.222 0.000000   3.999 0.000000 99.99 0.259000  19.128 0.000  10.521 0.000   8.607 0.000 0.194 0.000 0.144 0.000000
