scripts/IMPROVE-2019_partial/data/US0014R.20030103070000.20191216000000.filterpack..pm25.1y.1w.US03L_filterpack_US0014.US03L_IMPROVE_Davis.lev2.nas
64 1001
MISSING INFORMATION
US03L, IMPROVE, , , , , , , 
MISSING INFORMATION
IMPROVE sel_HTAP
1 1
2003 01 01 2019 12 16
3.000000
days from file reference point
25
1 1 1 1 1 1 1 1 1 1 1 1 1 1 1 1 1 1 1 1 1 1 1 1 1
999.999999 9999.99 9.999 999.99 9.999 9.999 9.999999 9.99 9.999999 9.999 9.999 999.999 9.999 999.999 9.999 999.999 9.999 999.999 9.999 999.999 9.999 9.999 9.999 9.999 9.999
end_time of measurement, days from the file reference point
iron, ng/m3, Revision date=20181210133000
numflag iron, no unit, Revision date=20181210133000
lead, ng/m3, Revision date=20181210133000
numflag lead, no unit, Revision date=20181210133000
magnesium, ug/m3, Revision date=20181210133000
numflag magnesium, no unit, Revision date=20181210133000
nickel, ng/m3, Revision date=20181210133000
numflag nickel, no unit, Revision date=20181210133000
nitrate, ug N/m3, Revision date=20181210133000
numflag nitrate, no unit, Revision date=20181210133000
organic_carbon, ug C/m3, Revision date=20181210133000
numflag organic_carbon, no unit, Revision date=20181210133000
organic_mass, ug/m3, Revision date=20181210133000
numflag organic_mass, no unit, Revision date=20181210133000
pm10_mass, ug/m3, Version=2, Version description=Data extracted from http://views.cira.colostate.edu/fed/DataWizard 2019-12-16, Sample duration=1d, Orig. time res.=3d, Matrix=pm10, Blank correction=Blank corrected, Volume std. temperature=ambient, Volume std. pressure=ambient
numflag pm10_mass, no unit, Version=2, Version description=Data extracted from http://views.cira.colostate.edu/fed/DataWizard 2019-12-16, Sample duration=1d, Orig. time res.=3d, Matrix=pm10, Blank correction=Blank corrected, Volume std. temperature=ambient, Volume std. pressure=ambient
pm10_pm25_mass, ug/m3, Revision date=20181210133000, Matrix=pm10_pm25
numflag pm10_pm25_mass, no unit, Revision date=20181210133000, Matrix=pm10_pm25
pm25_mass, ug/m3, Version=2, Version description=Data extracted from http://views.cira.colostate.edu/fed/DataWizard 2019-12-16, Sample duration=1d, Orig. time res.=3d, Blank correction=Blank corrected, Volume std. temperature=ambient, Volume std. pressure=ambient
numflag pm25_mass, no unit, Version=2, Version description=Data extracted from http://views.cira.colostate.edu/fed/DataWizard 2019-12-16, Sample duration=1d, Orig. time res.=3d, Blank correction=Blank corrected, Volume std. temperature=ambient, Volume std. pressure=ambient
potassium, ug/m3, Revision date=20181210133000
numflag potassium, no unit, Revision date=20181210133000
sulphate_total, ug S/m3, Revision date=20181210133000
numflag sulphate_total, no unit, Revision date=20181210133000
0
25
Data definition:              EBAS_1.1
Set type code:                TU
Timezone:                     UTC
File name:                    US0014R.20030103070000.20191216000000.filterpack..pm25.1y.1w.US03L_filterpack_US0014.US03L_IMPROVE_Davis.lev2.nas
File creation:                20191218115619
Startdate:                    20030103070000
Revision date:                20191216000000
Statistics:                   arithmetic mean
Data level:                   2
Period code:                  1y
Resolution code:              1w
Station code:                 US0014R
Platform code:                US0014S
Station name:                 Indian Gardens
Station latitude:             36.0778
Station longitude:            -112.1288
Station altitude:             1166.0 m
Regime:                       IMG
Component:                    
Matrix:                       pm25
Laboratory code:              US03L
Instrument type:              filterpack
Instrument name:              filterpack_US0014
Method ref:                   US03L_IMPROVE_Davis
starttime endtime Fe flag_Fe Pb flag_Pb Mg++ flag_Mg++ Ni flag_Ni NO3- flag_NO3- OC flag_OC OM flag_OM PM10 flag_PM10 PM10-PM2.5 flag_PM10-PM2.5 PM2.5 flag_PM2.5 K+ flag_K+ SO4-- flag_SO4--
[from data line 87]
263.291667 264.291667   36.20 0.000   1.39 0.000 9.999 0.259000 9.99 0.259000 0.014 0.000   1.326 0.000   1.857 0.000   8.787 0.000   4.873 0.000   3.914 0.000 0.040 0.000 0.105 0.000
266.291667 267.291667  273.25 0.394   1.14 0.394 0.101 0.394000 0.07 0.394000 9.999 0.456   1.941 0.000   2.717 0.000  42.417 0.000  30.895 0.000  11.522 0.000 0.205 0.394 9.999 0.456
269.291667 270.291667 9999.99 0.999 999.99 0.999 9.999 0.999000 9.99 0.999000 9.999 0.999 999.999 0.999 999.999 0.999 999.999 0.999 999.999 0.999 999.999 0.999 9.999 0.999 9.999 0.999
272.291667 273.291667 9999.99 0.999 999.99 0.999 9.999 0.999000 9.99 0.999000 9.999 0.999 999.999 0.999 999.999 0.999 999.999 0.999 999.999 0.999 999.999 0.999 9.999 0.999 9.999 0.999
275.291667 276.291667 9999.99 0.999 999.99 0.999 9.999 0.999000 9.99 0.999000 9.999 0.999 999.999 0.999 999.999 0.999 999.999 0.999 999.999 0.999 999.999 0.999 9.999 0.999 9.999 0.999
278.291667 279.291667   18.94 0.000   0.26 0.000 9.999 0.259000 0.09 0.000000 0.014 0.000   0.739 0.000   1.034 0.000   5.047 0.000   2.011 0.000   3.036 0.000 0.015 0.000 0.246 0.000
281.291667 282.291667   13.74 0.000   0.32 0.000 9.999 0.259000 0.05 0.000000 0.020 0.000   0.956 0.000   1.338 0.000   5.704 0.000   2.356 0.000   3.348 0.000 0.016 0.000 0.251 0.000
284.291667 285.291667   52.03 0.000   0.57 0.000 9.999 0.259000 9.99 0.259000 0.039 0.000   1.024 0.000   1.433 0.000  12.180 0.000   7.988 0.000   4.191 0.000 0.040 0.000 0.215 0.000
287.291667 288.291667 9999.99 0.999 999.99 0.999 9.999 0.999000 9.99 0.999000 9.999 0.999 999.999 0.999 999.999 0.999 999.999 0.999 999.999 0.999 999.999 0.999 9.999 0.999 9.999 0.999
290.291667 291.291667 9999.99 0.999 999.99 0.999 9.999 0.999000 9.99 0.999000 9.999 0.999 999.999 0.999 999.999 0.999 999.999 0.999 999.999 0.999 999.999 0.999 9.999 0.999 9.999 0.999
293.291667 294.291667   34.40 0.000   0.66 0.000 9.999 0.259000 9.99 0.259000 0.015 0.000   0.803 0.000   1.125 0.000   7.947 0.000   4.139 0.000   3.807 0.000 0.025 0.000 0.231 0.000
296.291667 297.291667 9999.99 0.699 999.99 0.699 9.999 0.699000 9.99 0.699000 0.120 0.559  17.604 0.000  24.645 0.000  30.330 0.000 999.999 0.999 999.999 0.699 9.999 0.699 0.210 0.559
299.291667 300.291667 9999.99 0.699 999.99 0.699 9.999 0.699000 9.99 0.699000 0.080 0.000  13.895 0.000  19.453 0.000  36.140 0.000 999.999 0.999 999.999 0.699 9.999 0.699 0.115 0.000
302.291667 303.291667  226.19 0.699   1.74 0.699 0.075 0.699000 0.19 0.699000 0.231 0.000   7.328 0.000  10.259 0.000  45.512 0.000  22.339 0.000  23.173 0.699 0.531 0.699 0.336 0.000
305.291667 306.291667   28.89 0.000   0.69 0.000 9.999 0.259000 0.05 0.000000 0.075 0.000   1.023 0.000   1.432 0.000   8.114 0.000   4.323 0.000   3.791 0.000 0.087 0.000 0.180 0.000
308.291667 309.291667   35.58 0.000   0.30 0.000 9.999 0.259000 0.07 0.000000 0.045 0.000   2.572 0.000   3.601 0.000   8.304 0.000   2.962 0.000   5.342 0.000 0.031 0.000 0.159 0.000
311.291667 312.291667   54.65 0.559   1.05 0.559 9.999 0.559259 0.13 0.559000 0.022 0.000   0.559 0.000   0.783 0.000   8.297 0.000   5.035 0.000   3.261 0.559 0.047 0.559 0.088 0.000
314.291667 315.291667   13.25 0.000   0.83 0.000 0.045 0.000000 9.99 0.259000 0.024 0.000   0.878 0.000   1.229 0.000   3.911 0.000   1.732 0.000   2.179 0.000 0.019 0.000 0.120 0.000
317.291667 318.291667    5.44 0.559   0.30 0.559 9.999 0.559259 0.07 0.559000 0.038 0.000   0.753 0.000   1.055 0.000   2.462 0.000   0.522 0.000   1.940 0.559 0.015 0.559 0.095 0.000
320.291667 321.291667    2.87 0.000   0.16 0.000 9.999 0.259000 9.99 0.259000 0.046 0.000   0.418 0.000   0.585 0.000   1.206 0.000   0.294 0.000   0.912 0.000 0.003 0.000 0.068 0.000
323.291667 324.291667    7.18 0.000   0.57 0.000 0.023 0.000000 0.06 0.000000 0.008 0.000   0.392 0.000   0.549 0.000   1.984 0.000   0.846 0.000   1.138 0.000 0.006 0.000 0.054 0.000
326.291667 327.291667 9999.99 0.999 999.99 0.999 9.999 0.999000 9.99 0.999000 9.999 0.999 999.999 0.999 999.999 0.999 999.999 0.999 999.999 0.999 999.999 0.999 9.999 0.999 9.999 0.999
329.291667 330.291667 9999.99 0.999 999.99 0.999 9.999 0.999000 9.99 0.999000 9.999 0.999 999.999 0.999 999.999 0.999 999.999 0.999 999.999 0.999 999.999 0.999 9.999 0.999 9.999 0.999
332.291667 333.291667 9999.99 0.999 999.99 0.999 9.999 0.999000 9.99 0.999000 9.999 0.999 999.999 0.999 999.999 0.999 999.999 0.999 999.999 0.999 999.999 0.999 9.999 0.999 9.999 0.999
335.291667 336.291667   24.62 0.000   0.95 0.000 9.999 0.259000 9.99 0.259000 0.012 0.000   0.516 0.000   0.722 0.000   5.585 0.000   3.377 0.000   2.208 0.000 0.020 0.000 0.118 0.000
338.291667 339.291667   21.58 0.000   0.40 0.000 9.999 0.259000 9.99 0.259000 0.013 0.000   0.336 0.000   0.470 0.000   4.094 0.000   2.802 0.000   1.291 0.000 0.015 0.000 0.102 0.000
341.291667 342.291667    6.14 0.456   0.80 0.456 9.999 0.456259 9.99 0.456259 0.019 0.000   0.257 0.000   0.360 0.000   2.472 0.000 999.999 0.999 999.999 0.456 0.008 0.456 0.075 0.000
344.291667 345.291667   11.76 0.559   0.46 0.559 9.999 0.559259 9.99 0.559259 0.078 0.000   0.442 0.000   0.619 0.000   3.045 0.000   1.674 0.000   1.372 0.559 0.016 0.559 0.068 0.000
347.291667 348.291667    4.72 0.000   0.54 0.000 9.999 0.259000 0.07 0.000000 0.021 0.000   0.433 0.000   0.606 0.000   1.560 0.000   0.580 0.000   0.980 0.000 0.007 0.000 0.051 0.000
350.291667 351.291667    7.00 0.559   0.11 0.559 0.021 0.559000 9.99 0.559259 0.008 0.000   0.257 0.000   0.360 0.000   1.608 0.000   0.870 0.000   0.738 0.559 0.005 0.559 0.041 0.000
353.291667 354.291667   17.81 0.559   0.44 0.559 0.025 0.559000 0.09 0.559000 0.011 0.000   0.512 0.000   0.717 0.000   2.976 0.000   1.414 0.000   1.562 0.559 0.012 0.559 0.068 0.000
356.291667 357.291667    6.19 0.000   0.15 0.000 9.999 0.259000 0.09 0.000000 0.007 0.000   0.191 0.000   0.267 0.000   1.791 0.000   0.633 0.000   1.157 0.000 0.005 0.000 0.118 0.000
359.291667 360.291667    4.26 0.559   0.15 0.559 9.999 0.559259 0.07 0.559000 0.017 0.000   0.267 0.000   0.374 0.000   1.514 0.000   0.767 0.000   0.747 0.559 0.008 0.559 0.055 0.000
362.291667 363.291667    4.79 0.559   0.19 0.559 9.999 0.559259 0.11 0.559000 0.005 0.000   0.182 0.000   0.255 0.000   1.139 0.000   0.615 0.000   0.524 0.559 0.005 0.559 0.035 0.000
