scripts/IMPROVE-2019_partial/data/US0052R.20110103060000.20191216000000.filterpack...1y.3d.US03L_filterpack_US0052.US03L_IMPROVE_Davis.lev2.nas
52 1001
MISSING INFORMATION
US03L, IMPROVE, , , , , , , 
MISSING INFORMATION
IMPROVE sel_HTAP
1 1
2011 01 01 2019 12 16
3.00
days from file reference point
5
1 1 1 1 1
999.99 999.999 9.999 999.999 9.999
end_time of measurement, days from the file reference point
pm10_mass, ug/m3, Matrix=pm10
numflag pm10_mass, no unit, Matrix=pm10
pm25_mass, ug/m3, Matrix=pm25
numflag pm25_mass, no unit, Matrix=pm25
0
33
Data definition:              EBAS_1.1
Set type code:                TU
Timezone:                     UTC
File name:                    US0052R.20110103060000.20191216000000.filterpack...1y.3d.US03L_filterpack_US0052.US03L_IMPROVE_Davis.lev2.nas
File creation:                20191218115835
Startdate:                    20110103060000
Revision date:                20191216000000
Version:                      2
Version description:          "Data extracted from http://views.cira.colostate.edu/fed/DataWizard 2019-12-16"
Statistics:                   arithmetic mean
Data level:                   2
Period code:                  1y
Resolution code:              3d
Sample duration:              1d
Orig. time res.:              3d
Station code:                 US0052R
Platform code:                US0052S
Station name:                 Hercules-Glades
Station latitude:             36.6138
Station longitude:            -92.9221
Station altitude:             404.0 m
Regime:                       IMG
Component:                    
Unit:                         ug/m3
Matrix:                       
Laboratory code:              US03L
Instrument type:              filterpack
Instrument name:              filterpack_US0052
Method ref:                   US03L_IMPROVE_Davis
Blank correction:             Blank corrected
Volume std. temperature:      ambient
Volume std. pressure:         ambient
starttime endtime PM10 flag_PM10 PM2.5 flag_PM2.5
  2.25   3.25   8.293 0.000   4.821 0.000
  5.25   6.25   8.695 0.000   3.429 0.000
  8.25   9.25   6.295 0.000   3.879 0.000
 11.25  12.25  14.928 0.000   8.229 0.000
 14.25  15.25  21.280 0.000  10.543 0.000
 17.25  18.25  21.953 0.000  15.008 0.000
 20.25  21.25  12.758 0.000   9.960 0.000
 23.25  24.25  21.793 0.000  16.253 0.000
 26.25  27.25  24.480 0.000  15.255 0.000
 29.25  30.25  27.865 0.000  16.679 0.000
 32.25  33.25 999.999 0.999 999.999 0.999
 35.25  36.25  12.397 0.000   9.109 0.000
 38.25  39.25   5.653 0.000   3.901 0.000
 41.25  42.25   6.437 0.000   4.115 0.000
 44.25  45.25   7.122 0.000   4.148 0.000
 47.25  48.25  19.451 0.000   9.163 0.000
 50.25  51.25  12.689 0.000   8.366 0.000
 53.25  54.25  16.503 0.000   8.644 0.000
 56.25  57.25  14.754 0.000  10.199 0.000
 59.25  60.25   8.178 0.000   4.784 0.000
 62.25  63.25  21.090 0.000  11.565 0.000
 65.25  66.25   9.557 0.000   7.803 0.000
 68.25  69.25   7.248 0.000   6.080 0.000
 71.25  72.25  11.904 0.000   8.045 0.000
 74.25  75.25   8.756 0.000   5.791 0.000
 77.25  78.25  11.174 0.000   7.267 0.000
 80.25  81.25  20.101 0.000  12.825 0.000
 83.25  84.25  16.622 0.000  11.956 0.000
 86.25  87.25 999.999 0.999 999.999 0.999
 89.25  90.25  14.252 0.000  11.894 0.000
 92.25  93.25  20.004 0.000  11.960 0.000
 95.25  96.25  19.692 0.000   9.362 0.000
 98.25  99.25  17.133 0.000  10.552 0.000
101.25 102.25  14.371 0.000   7.523 0.000
104.25 105.25  12.267 0.000   6.297 0.000
107.25 108.25  24.577 0.000  13.902 0.000
110.25 111.25   8.229 0.000   4.691 0.000
113.25 114.25   3.619 0.000   2.587 0.000
116.25 117.25   5.983 0.000   3.045 0.000
119.25 120.25  13.931 0.000   7.631 0.000
122.25 123.25  10.601 0.000   3.647 0.000
125.25 126.25  10.462 0.000   4.423 0.000
128.25 129.25  22.363 0.000  13.484 0.000
131.25 132.25  14.734 0.000   6.502 0.000
134.25 135.25   9.052 0.000   2.693 0.000
137.25 138.25  16.885 0.000   7.025 0.000
140.25 141.25  15.377 0.000   6.316 0.000
143.25 144.25  19.741 0.000   9.486 0.000
146.25 147.25   9.876 0.000   4.724 0.000
149.25 150.25  12.807 0.000   6.796 0.000
152.25 153.25  25.590 0.000  13.760 0.000
155.25 156.25  31.954 0.000  14.256 0.000
158.25 159.25  29.996 0.000  20.465 0.000
161.25 162.25  20.273 0.000  13.163 0.000
164.25 165.25  28.699 0.000  15.502 0.000
167.25 168.25  22.720 0.000  11.502 0.000
170.25 171.25  17.851 0.000   7.401 0.000
173.25 174.25  12.254 0.000   4.190 0.000
176.25 177.25  13.966 0.000   6.926 0.000
179.25 180.25  22.982 0.000  11.697 0.000
182.25 183.25  33.508 0.000  16.449 0.000
185.25 186.25  36.198 0.000  17.391 0.000
188.25 189.25  19.970 0.000  14.522 0.000
191.25 192.25 999.999 0.999 999.999 0.999
194.25 195.25  23.812 0.000  13.817 0.000
197.25 198.25  27.802 0.000  15.031 0.000
200.25 201.25  13.625 0.000   7.602 0.000
203.25 204.25  11.398 0.000   8.035 0.000
206.25 207.25  17.532 0.000   8.979 0.000
209.25 210.25 999.999 0.999 999.999 0.999
212.25 213.25 999.999 0.999 999.999 0.999
215.25 216.25  11.759 0.000   7.079 0.000
218.25 219.25  12.083 0.000   6.765 0.000
221.25 222.25   7.344 0.000   3.795 0.000
224.25 225.25   6.684 0.000   3.489 0.000
227.25 228.25  12.852 0.000  10.059 0.000
230.25 231.25  16.318 0.000  10.475 0.000
233.25 234.25  14.114 0.000   9.224 0.000
236.25 237.25 999.999 0.456   5.655 0.000
239.25 240.25 999.999 0.456   7.577 0.000
242.25 243.25  28.156 0.000  16.996 0.000
245.25 246.25  19.152 0.000  12.441 0.000
248.25 249.25   7.419 0.000   1.997 0.000
251.25 252.25  13.931 0.000   5.899 0.000
254.25 255.25  12.104 0.000   6.827 0.000
257.25 258.25   7.738 0.000   2.824 0.000
260.25 261.25   9.744 0.000   6.689 0.000
263.25 264.25   9.372 0.000   3.506 0.000
266.25 267.25  10.450 0.000   5.322 0.000
269.25 270.25  13.395 0.000   5.181 0.000
272.25 273.25  17.297 0.000   3.399 0.000
275.25 276.25   7.650 0.000   3.715 0.000
278.25 279.25  23.148 0.000  12.051 0.000
281.25 282.25  23.636 0.000  13.893 0.000
284.25 285.25   6.465 0.000   4.258 0.000
287.25 288.25  11.031 0.000   3.526 0.000
290.25 291.25   7.118 0.000   3.186 0.000
293.25 294.25  15.432 0.000   4.774 0.000
296.25 297.25  10.043 0.000   5.640 0.000
299.25 300.25   9.466 0.000   3.708 0.000
302.25 303.25  11.324 0.000   5.767 0.000
305.25 306.25  16.274 0.000  10.494 0.000
308.25 309.25  12.015 0.000  10.051 0.000
311.25 312.25   4.724 0.000   2.296 0.000
314.25 315.25   8.394 0.000   3.300 0.000
317.25 318.25  12.401 0.000   5.292 0.000
320.25 321.25   8.525 0.000   2.761 0.000
323.25 324.25  12.899 0.000   7.751 0.000
326.25 327.25   8.746 0.000   5.459 0.000
329.25 330.25   8.523 0.000   5.364 0.000
332.25 333.25   8.118 0.000   3.800 0.000
335.25 336.25  16.848 0.000   8.943 0.000
338.25 339.25   8.863 0.000   6.951 0.000
341.25 342.25   8.287 0.000   5.357 0.000
344.25 345.25   8.484 0.000   6.332 0.000
347.25 348.25   4.998 0.000   4.027 0.000
350.25 351.25   8.554 0.000   5.917 0.000
353.25 354.25   5.310 0.000   4.087 0.000
356.25 357.25   7.617 0.000   5.184 0.000
359.25 360.25   3.597 0.000   2.360 0.000
362.25 363.25   6.359 0.000   3.822 0.000
