scripts/IMPROVE-2019_partial/data/US0096R.20110103070000.20191216000000.filterpack...1y.3d.US03L_filterpack_US0096.US03L_IMPROVE_Davis.lev2.nas
51 1001
MISSING INFORMATION
US03L, IMPROVE, , , , , , , 
MISSING INFORMATION
IMPROVE sel_HTAP
1 1
2011 01 01 2019 12 16
3.000000
days from file reference point
4
1 1 1 1
999.999999 9999.999 999.999 9.999
end_time of measurement, days from the file reference point
pm10_mass, ug/m3, Matrix=pm10
pm25_mass, ug/m3, Matrix=pm25
numflag, no unit
0
33
Data definition:              EBAS_1.1
Set type code:                TU
Timezone:                     UTC
File name:                    US0096R.20110103070000.20191216000000.filterpack...1y.3d.US03L_filterpack_US0096.US03L_IMPROVE_Davis.lev2.nas
File creation:                20191218120155
Startdate:                    20110103070000
Revision date:                20191216000000
Version:                      2
Version description:          "Data extracted from http://views.cira.colostate.edu/fed/DataWizard 2019-12-16"
Statistics:                   arithmetic mean
Data level:                   2
Period code:                  1y
Resolution code:              3d
Sample duration:              1d
Orig. time res.:              3d
Station code:                 US0096R
Platform code:                US0096S
Station name:                 Queen Valley
Station latitude:             33.2939
Station longitude:            -111.2858
Station altitude:             661.0 m
Regime:                       IMG
Component:                    
Unit:                         ug/m3
Matrix:                       
Laboratory code:              US03L
Instrument type:              filterpack
Instrument name:              filterpack_US0096
Method ref:                   US03L_IMPROVE_Davis
Blank correction:             Blank corrected
Volume std. temperature:      ambient
Volume std. pressure:         ambient
starttime endtime PM10 PM2.5 flag
  2.291667   3.291667    6.120   3.324 0.000
  5.291667   6.291667    4.888   2.217 0.000
  8.291667   9.291667    5.815   2.235 0.000
 11.291667  12.291667   10.521   2.898 0.000
 14.291667  15.291667    5.913   1.467 0.000
 17.291667  18.291667    8.670   3.194 0.000
 20.291667  21.291667    6.273   1.785 0.000
 23.291667  24.291667    4.619   1.446 0.000
 26.291667  27.291667    6.016   1.955 0.000
 29.291667  30.291667   11.962   3.200 0.000
 32.291667  33.291667    5.276   2.451 0.000
 35.291667  36.291667   12.435   4.819 0.000
 38.291667  39.291667   19.391   4.452 0.000
 41.291667  42.291667    5.170   2.061 0.000
 44.291667  45.291667    8.969   2.976 0.000
 47.291667  48.291667   14.964   2.895 0.000
 50.291667  51.291667    3.630   1.270 0.000
 53.291667  54.291667    6.551   2.822 0.000
 56.291667  57.291667   17.952   4.005 0.000
 59.291667  60.291667    7.308   2.183 0.000
 62.291667  63.291667    7.437   3.054 0.000
 65.291667  66.291667   44.992   6.175 0.000
 68.291667  69.291667   12.301   3.814 0.000
 71.291667  72.291667   11.701   3.990 0.000
 74.291667  75.291667 9999.999 999.999 0.999
 77.291667  78.291667   38.407  14.844 0.000
 80.291667  81.291667    4.451   1.889 0.000
 83.291667  84.291667   21.544  10.533 0.000
 86.291667  87.291667   11.425   3.604 0.000
 89.291667  90.291667    9.642   3.022 0.000
 92.291667  93.291667    8.321   3.700 0.000
 95.291667  96.291667   12.639   3.078 0.000
 98.291667  99.291667 9999.999 999.999 0.999
101.291667 102.291667    5.956   2.507 0.000
104.291667 105.291667   28.163  14.030 0.000
107.291667 108.291667   25.036   8.454 0.000
110.291667 111.291667   12.829   4.988 0.000
113.291667 114.291667   21.512   5.084 0.000
116.291667 117.291667 9999.999 999.999 0.999
119.291667 120.291667   22.123   5.574 0.000
122.291667 123.291667   15.195   3.812 0.000
125.291667 126.291667   18.009   6.305 0.000
128.291667 129.291667   24.437   6.589 0.000
131.291667 132.291667   10.998   3.617 0.000
134.291667 135.291667   16.006   5.272 0.000
137.291667 138.291667   27.585   5.488 0.000
140.291667 141.291667   11.623   3.683 0.000
143.291667 144.291667   20.832   7.199 0.000
146.291667 147.291667   13.045   4.988 0.000
149.291667 150.291667   23.251   7.041 0.000
152.291667 153.291667   19.388   6.307 0.000
155.291667 156.291667   11.812   4.986 0.000
158.291667 159.291667   14.889   3.965 0.000
161.291667 162.291667   16.129   5.797 0.000
164.291667 165.291667   11.380   3.864 0.000
167.291667 168.291667   19.573   6.527 0.000
170.291667 171.291667   16.879   5.242 0.000
173.291667 174.291667 9999.999 999.999 0.456
176.291667 177.291667 9999.999 999.999 0.456
179.291667 180.291667   50.082  11.356 0.000
182.291667 183.291667   33.425   6.794 0.000
185.291667 186.291667   73.799  14.351 0.000
188.291667 189.291667  103.169  17.396 0.000
191.291667 192.291667   16.920   6.424 0.000
194.291667 195.291667   16.443   3.225 0.000
197.291667 198.291667   16.128   4.295 0.000
200.291667 201.291667   24.614   7.450 0.000
203.291667 204.291667   33.350   7.647 0.000
206.291667 207.291667   13.912   3.822 0.000
209.291667 210.291667    8.867   2.600 0.000
212.291667 213.291667   10.983   3.454 0.000
215.291667 216.291667   25.082   6.442 0.000
218.291667 219.291667   29.246   7.602 0.000
221.291667 222.291667   19.686   5.755 0.000
224.291667 225.291667   13.365   5.399 0.000
227.291667 228.291667   17.871   5.591 0.000
230.291667 231.291667   35.401   7.688 0.000
233.291667 234.291667   11.185   5.235 0.000
236.291667 237.291667   19.319   6.556 0.000
239.291667 240.291667   94.913  31.156 0.000
242.291667 243.291667   28.012  11.717 0.000
245.291667 246.291667   41.421   9.096 0.000
248.291667 249.291667   29.330   8.704 0.000
251.291667 252.291667   18.146   6.041 0.000
254.291667 255.291667    9.064   3.565 0.000
257.291667 258.291667    9.470   4.216 0.000
260.291667 261.291667    8.947   3.444 0.000
263.291667 264.291667   52.206   9.824 0.000
266.291667 267.291667   25.404   5.974 0.000
269.291667 270.291667   18.961   5.865 0.000
272.291667 273.291667   29.346   7.510 0.000
275.291667 276.291667   14.538   3.530 0.000
278.291667 279.291667   13.133   3.105 0.000
281.291667 282.291667    4.587   1.364 0.000
284.291667 285.291667    8.731   2.897 0.000
287.291667 288.291667   12.439   4.690 0.000
290.291667 291.291667    7.786   2.175 0.000
293.291667 294.291667   22.343   6.094 0.000
296.291667 297.291667   14.413   5.336 0.000
299.291667 300.291667    5.851   2.676 0.000
302.291667 303.291667    8.819   3.881 0.000
305.291667 306.291667   12.919   2.975 0.000
308.291667 309.291667   34.001   4.597 0.000
311.291667 312.291667    5.680   2.759 0.000
314.291667 315.291667   11.521   3.228 0.000
317.291667 318.291667    4.343   2.353 0.000
320.291667 321.291667    6.335   3.335 0.000
323.291667 324.291667   13.132   4.013 0.000
326.291667 327.291667    4.729   2.114 0.000
329.291667 330.291667    8.085   2.386 0.000
332.291667 333.291667   10.218   3.347 0.000
335.291667 336.291667   14.780   4.851 0.000
338.291667 339.291667    4.092   2.399 0.000
341.291667 342.291667    5.897   2.474 0.000
344.291667 345.291667    9.822   4.659 0.000
347.291667 348.291667    1.688   0.944 0.000
350.291667 351.291667    8.804   3.528 0.000
353.291667 354.291667    7.191   4.961 0.000
356.291667 357.291667    2.539   1.125 0.000
359.291667 360.291667    5.261   1.794 0.000
362.291667 363.291667    7.819   3.524 0.000
