scripts/IMPROVE-2019_partial/data/US0068R.20030103060000.20191216000000.filterpack..pm25.1y.1w.US03L_filterpack_US0068.US03L_IMPROVE_Davis.lev2.nas
66 1001
MISSING INFORMATION
US03L, IMPROVE, , , , , , , 
MISSING INFORMATION
IMPROVE sel_HTAP
1 1
2003 01 01 2019 12 16
3.00
days from file reference point
27
1 1 1 1 1 1 1 1 1 1 1 1 1 1 1 1 1 1 1 1 1 1 1 1 1 1 1
999.99 9999.99 9.999 99.99 9.999999 9.999 9.999999 9.99 9.999999 99.999 9.999 999.999 9.999 999.999 9.999 999.99 9.999999 999.999 9.999 999.999 9.999 999.999 9.999 9.999 9.999 99.999 9.999
end_time of measurement, days from the file reference point
iron, ng/m3, Revision date=20181210133000
numflag iron, no unit, Revision date=20181210133000
lead, ng/m3, Revision date=20181210133000
numflag lead, no unit, Revision date=20181210133000
magnesium, ug/m3, Revision date=20181210133000
numflag magnesium, no unit, Revision date=20181210133000
nickel, ng/m3, Revision date=20181210133000
numflag nickel, no unit, Revision date=20181210133000
nitrate, ug N/m3, Revision date=20181210133000
numflag nitrate, no unit, Revision date=20181210133000
organic_carbon, ug C/m3, Revision date=20181210133000
numflag organic_carbon, no unit, Revision date=20181210133000
organic_mass, ug/m3, Revision date=20181210133000
numflag organic_mass, no unit, Revision date=20181210133000
phosphorus, ng/m3, Revision date=20181210133000
numflag phosphorus, no unit, Revision date=20181210133000
pm10_mass, ug/m3, Version=2, Version description=Data extracted from http://views.cira.colostate.edu/fed/DataWizard 2019-12-16, Sample duration=1d, Orig. time res.=3d, Matrix=pm10, Blank correction=Blank corrected, Volume std. temperature=ambient, Volume std. pressure=ambient
numflag pm10_mass, no unit, Version=2, Version description=Data extracted from http://views.cira.colostate.edu/fed/DataWizard 2019-12-16, Sample duration=1d, Orig. time res.=3d, Matrix=pm10, Blank correction=Blank corrected, Volume std. temperature=ambient, Volume std. pressure=ambient
pm10_pm25_mass, ug/m3, Revision date=20181210133000, Matrix=pm10_pm25
numflag pm10_pm25_mass, no unit, Revision date=20181210133000, Matrix=pm10_pm25
pm25_mass, ug/m3, Version=2, Version description=Data extracted from http://views.cira.colostate.edu/fed/DataWizard 2019-12-16, Sample duration=1d, Orig. time res.=3d, Blank correction=Blank corrected, Volume std. temperature=ambient, Volume std. pressure=ambient
numflag pm25_mass, no unit, Version=2, Version description=Data extracted from http://views.cira.colostate.edu/fed/DataWizard 2019-12-16, Sample duration=1d, Orig. time res.=3d, Blank correction=Blank corrected, Volume std. temperature=ambient, Volume std. pressure=ambient
potassium, ug/m3, Revision date=20181210133000
numflag potassium, no unit, Revision date=20181210133000
sulphate_total, ug S/m3, Revision date=20181210133000
numflag sulphate_total, no unit, Revision date=20181210133000
0
25
Data definition:              EBAS_1.1
Set type code:                TU
Timezone:                     UTC
File name:                    US0068R.20030103060000.20191216000000.filterpack..pm25.1y.1w.US03L_filterpack_US0068.US03L_IMPROVE_Davis.lev2.nas
File creation:                20191218115952
Startdate:                    20030103060000
Revision date:                20191216000000
Statistics:                   arithmetic mean
Data level:                   2
Period code:                  1y
Resolution code:              1w
Station code:                 US0068R
Platform code:                US0068S
Station name:                 Cherokee Nation
Station latitude:             36.9562
Station longitude:            -97.0313
Station altitude:             342.0 m
Regime:                       IMG
Component:                    
Matrix:                       pm25
Laboratory code:              US03L
Instrument type:              filterpack
Instrument name:              filterpack_US0068
Method ref:                   US03L_IMPROVE_Davis
starttime endtime Fe flag_Fe Pb flag_Pb Mg++ flag_Mg++ Ni flag_Ni NO3- flag_NO3- OC flag_OC OM flag_OM P flag_P PM10 flag_PM10 PM10-PM2.5 flag_PM10-PM2.5 PM2.5 flag_PM2.5 K+ flag_K+ SO4-- flag_SO4--
[from data line 82]
248.25 249.25   58.95 0.559  1.01 0.559000 9.999 0.559259 9.99 0.559259  0.089 0.559   1.449 0.000   2.029 0.000 999.99 0.559259  27.531 0.000  20.615 0.000   6.916 0.559 0.038 0.559  0.633 0.559
251.25 252.25   71.91 0.000  1.39 0.000000 9.999 0.259000 0.11 0.000000  0.049 0.559   3.927 0.000   5.497 0.000 999.99 0.259000  40.403 0.000  19.147 0.000  21.256 0.000 0.076 0.000  2.793 0.559
254.25 255.25   16.41 0.559  0.42 0.559000 9.999 0.559259 9.99 0.559259  0.053 0.000   0.834 0.000   1.168 0.000 999.99 0.559259   7.884 0.000   5.226 0.000   2.658 0.559 0.012 0.559  0.176 0.000
257.25 258.25   18.20 0.559  0.86 0.559000 9.999 0.559259 9.99 0.559259  0.033 0.559   1.106 0.000   1.549 0.000 999.99 0.559259  12.868 0.000   9.395 0.000   3.472 0.559 0.015 0.559  0.206 0.559
260.25 261.25   21.50 0.559  0.67 0.559000 9.999 0.559259 9.99 0.559259  0.053 0.000   1.773 0.000   2.482 0.000 999.99 0.559259  17.072 0.000  10.327 0.000   6.744 0.559 0.027 0.559  0.649 0.000
263.25 264.25   25.43 0.000  1.03 0.000000 0.036 0.000000 0.13 0.000000  0.179 0.000   2.114 0.000   2.960 0.000 999.99 0.259000  12.368 0.000   3.817 0.000   8.551 0.000 0.044 0.000  0.940 0.000
266.25 267.25   32.68 0.000  1.06 0.000000 9.999 0.259000 0.14 0.000000  0.054 0.559   2.032 0.000   2.844 0.000 999.99 0.259000  25.324 0.000  13.510 0.000  11.814 0.000 0.043 0.000  1.458 0.559
269.25 270.25   48.61 0.559  0.64 0.559000 9.999 0.559259 9.99 0.559259  0.025 0.000   0.643 0.000   0.901 0.000 999.99 0.559259  25.740 0.000  22.425 0.000   3.315 0.559 0.030 0.559  0.168 0.000
272.25 273.25   12.56 0.000  0.49 0.000000 9.999 0.259000 9.99 0.259000  0.074 0.559   0.771 0.000   1.079 0.000 999.99 0.259000   6.595 0.000   3.202 0.000   3.393 0.000 0.021 0.000  0.322 0.559
275.25 276.25   35.07 0.000  1.72 0.000000 9.999 0.259000 0.08 0.000000  0.211 0.559   3.064 0.000   4.289 0.000 999.99 0.259000  18.047 0.000   6.665 0.000  11.382 0.000 0.076 0.000  0.963 0.559
278.25 279.25   21.22 0.559  1.24 0.559000 9.999 0.559259 9.99 0.559259  0.057 0.559   1.108 0.000   1.551 0.000 999.99 0.559259   8.816 0.000   3.615 0.000   5.201 0.559 0.020 0.559  0.645 0.559
281.25 282.25   14.28 0.000  0.46 0.000000 9.999 0.259000 0.10 0.000000  0.015 0.559   0.843 0.000   1.180 0.000 999.99 0.259000   6.108 0.000   1.814 0.000   4.293 0.000 0.017 0.000  0.506 0.559
284.25 285.25   17.34 0.000  3.38 0.000000 9.999 0.259000 9.99 0.259000  0.058 0.559   1.323 0.000   1.852 0.000 999.99 0.259000   8.333 0.000   5.263 0.000   3.071 0.000 0.066 0.000  0.119 0.559
287.25 288.25   44.26 0.559  0.70 0.559000 9.999 0.559259 0.10 0.559000  0.031 0.000   0.607 0.000   0.849 0.000 999.99 0.559259  24.265 0.000  20.750 0.000   3.515 0.559 0.024 0.559  0.155 0.000
290.25 291.25   80.41 0.559  1.57 0.559000 9.999 0.559259 0.13 0.559000  0.090 0.000   1.208 0.000   1.691 0.000 999.99 0.559259  24.755 0.000  18.868 0.000   5.887 0.559 0.060 0.559  0.390 0.000
293.25 294.25  133.36 0.000  1.58 0.000000 9.999 0.259000 9.99 0.259000  0.076 0.000   1.730 0.000   2.422 0.000 999.99 0.259000  64.453 0.000  55.397 0.000   9.056 0.000 0.082 0.000  0.504 0.000
296.25 297.25   98.49 0.000  1.61 0.000000 9.999 0.259000 0.14 0.000000  0.066 0.000   1.725 0.000   2.414 0.000 999.99 0.259000  46.063 0.000  38.226 0.000   7.838 0.000 0.084 0.000  0.402 0.000
299.25 300.25   57.72 0.000  0.38 0.000000 9.999 0.259000 0.09 0.000000  0.051 0.000   0.703 0.000   0.984 0.000 999.99 0.259000  31.291 0.000  27.257 0.000   4.034 0.000 0.155 0.000  0.209 0.000
302.25 303.25   56.29 0.000  1.52 0.000000 9.999 0.259000 0.14 0.000000  0.231 0.000   1.082 0.000   1.515 0.000 999.99 0.259000  38.732 0.000  32.077 0.000   6.655 0.000 0.040 0.000  0.414 0.000
305.25 306.25   19.78 0.000  1.44 0.000000 9.999 0.259000 0.30 0.000000  0.363 0.000   1.455 0.000   2.038 0.000 999.99 0.259000  21.655 0.000  11.195 0.000  10.460 0.000 0.036 0.000  1.678 0.000
308.25 309.25   17.62 0.000  1.11 0.000000 0.053 0.000000 0.10 0.000000  0.673 0.559   0.669 0.000   0.936 0.000 999.99 0.259000  15.228 0.000   7.336 0.000   7.891 0.000 0.019 0.000  0.761 0.559
311.25 312.25   25.47 0.559  5.59 0.559000 9.999 0.559259 0.11 0.559000 99.999 0.999   1.644 0.000   2.302 0.000 999.99 0.559259  21.045 0.000   9.700 0.000  11.345 0.559 0.038 0.559 99.999 0.999
314.25 315.25   34.99 0.000  1.05 0.000000 9.999 0.259000 0.21 0.000000 99.999 0.999   2.238 0.000   3.133 0.000 999.99 0.259000  28.235 0.000  17.356 0.000  10.880 0.000 0.045 0.000 99.999 0.999
317.25 318.25   20.47 0.000  1.21 0.000000 9.999 0.259000 0.12 0.000000 99.999 0.999   1.426 0.000   1.997 0.000 999.99 0.259000  11.797 0.000   6.402 0.000   5.395 0.000 0.041 0.000 99.999 0.999
320.25 321.25   12.70 0.000  0.84 0.000000 9.999 0.259000 0.19 0.000000 99.999 0.999   1.247 0.000   1.746 0.000 999.99 0.259000  10.229 0.000   3.343 0.000   6.887 0.000 0.031 0.000 99.999 0.999
323.25 324.25   58.43 0.000  1.40 0.000000 9.999 0.259000 0.27 0.000000  0.028 0.000   1.026 0.000   1.436 0.000 999.99 0.259000  19.201 0.000  15.477 0.000   3.724 0.000 0.031 0.000  0.144 0.000
326.25 327.25   14.02 0.000  1.15 0.000000 9.999 0.259000 0.05 0.000000  0.298 0.000   0.741 0.000   1.038 0.000 999.99 0.259000  17.887 0.000  12.566 0.000   5.321 0.000 0.026 0.000  0.346 0.000
329.25 330.25   87.54 0.000  4.15 0.000000 9.999 0.259000 0.22 0.000000  0.347 0.000   1.974 0.000   2.763 0.000 999.99 0.259000  37.475 0.000  29.160 0.000   8.315 0.000 0.081 0.000  0.343 0.000
332.25 333.25   60.79 0.000  0.77 0.000000 9.999 0.259000 9.99 0.259000  0.047 0.000   0.718 0.000   1.005 0.000 999.99 0.259000  31.208 0.000  27.374 0.000   3.835 0.000 0.045 0.000  0.148 0.000
335.25 336.25   57.27 0.000  1.44 0.000000 9.999 0.259000 9.99 0.259000  0.073 0.000   1.420 0.000   1.988 0.000 999.99 0.259000  23.578 0.000  19.099 0.000   4.479 0.000 0.060 0.000  0.153 0.000
338.25 339.25   24.38 0.000  0.34 0.000000 0.037 0.000000 9.99 0.259000  0.175 0.000   0.601 0.000   0.841 0.000 999.99 0.259000  12.843 0.000   9.047 0.000   3.796 0.000 0.025 0.000  0.330 0.000
341.25 342.25   59.31 0.000  1.93 0.000000 9.999 0.259000 0.29 0.000000  0.139 0.000   1.808 0.000   2.532 0.000 999.99 0.259000  26.606 0.000  18.163 0.000   8.444 0.000 0.069 0.000  0.788 0.000
344.25 345.25   53.94 0.000  0.83 0.000000 0.036 0.000000 9.99 0.259000  0.682 0.000   1.139 0.000   1.595 0.000 999.99 0.259000  10.564 0.000   2.392 0.000   8.172 0.000 0.050 0.000  0.341 0.000
347.25 348.25   27.98 0.000  1.49 0.000000 9.999 0.259000 0.25 0.000000  0.890 0.000   1.829 0.000   2.561 0.000 999.99 0.259000  14.646 0.000   2.116 0.000  12.530 0.000 0.036 0.000  0.912 0.000
350.25 351.25   16.90 0.000  0.44 0.000000 0.046 0.000000 9.99 0.259000  0.214 0.000   1.121 0.000   1.569 0.000 999.99 0.259000   6.861 0.000   3.987 0.000   2.874 0.000 0.013 0.000  0.059 0.000
353.25 354.25   28.48 0.000  0.82 0.000000 9.999 0.259000 9.99 0.259000  0.128 0.000   0.995 0.000   1.393 0.000 999.99 0.259000  13.303 0.000  10.490 0.000   2.814 0.000 0.029 0.000  0.145 0.000
356.25 357.25   18.16 0.000  0.68 0.000000 9.999 0.259000 9.99 0.259000  0.154 0.000   0.599 0.000   0.838 0.000 999.99 0.259000   4.490 0.000   2.066 0.000   2.425 0.000 0.019 0.000  0.066 0.000
359.25 360.25   27.95 0.000  1.58 0.000000 9.999 0.259000 0.35 0.000000  0.186 0.000   1.947 0.000   2.726 0.000 999.99 0.259000  16.051 0.000   7.869 0.000   8.182 0.000 0.067 0.000  0.879 0.000
362.25 363.25   44.69 0.000  1.00 0.000000 9.999 0.259000 0.06 0.000000  0.049 0.000   0.640 0.000   0.895 0.000 999.99 0.259000  24.180 0.000  21.480 0.000   2.701 0.000 0.034 0.000  0.110 0.000
