scripts/IMPROVE-2019_partial/data/US0083R.20040101080000.20191216000000.filterpack..pm25.52w.1w.US03L_filterpack_US0083.US03L_IMPROVE_Davis.lev2.nas
66 1001
MISSING INFORMATION
US03L, IMPROVE, , , , , , , 
MISSING INFORMATION
IMPROVE sel_HTAP
1 1
2004 01 01 2019 12 16
3.000000
days from file reference point
27
1 1 1 1 1 1 1 1 1 1 1 1 1 1 1 1 1 1 1 1 1 1 1 1 1 1 1
999.999999 99999.99 9.999 99.99 9.999 9.999 9.999 99.99 9.999 99.999 9.999 99.999 9.999 99.999 9.999 99.99 9.999 999.999 9.999 999.999 9.999 999.999 9.999 9.999 9.999 99.999 9.999
end_time of measurement, days from the file reference point
iron, ng/m3, Revision date=20181210133000
numflag iron, no unit, Revision date=20181210133000
lead, ng/m3, Revision date=20181210133000
numflag lead, no unit, Revision date=20181210133000
magnesium, ug/m3, Revision date=20181210133000
numflag magnesium, no unit, Revision date=20181210133000
nickel, ng/m3, Revision date=20181210133000
numflag nickel, no unit, Revision date=20181210133000
nitrate, ug N/m3, Revision date=20181210133000
numflag nitrate, no unit, Revision date=20181210133000
organic_carbon, ug C/m3, Revision date=20181210133000
numflag organic_carbon, no unit, Revision date=20181210133000
organic_mass, ug/m3, Revision date=20181210133000
numflag organic_mass, no unit, Revision date=20181210133000
phosphorus, ng/m3, Revision date=20181210133000
numflag phosphorus, no unit, Revision date=20181210133000
pm10_mass, ug/m3, Version=2, Version description=Data extracted from http://views.cira.colostate.edu/fed/DataWizard 2019-12-16, Sample duration=1d, Orig. time res.=3d, Matrix=pm10, Blank correction=Blank corrected, Volume std. temperature=ambient, Volume std. pressure=ambient
numflag pm10_mass, no unit, Version=2, Version description=Data extracted from http://views.cira.colostate.edu/fed/DataWizard 2019-12-16, Sample duration=1d, Orig. time res.=3d, Matrix=pm10, Blank correction=Blank corrected, Volume std. temperature=ambient, Volume std. pressure=ambient
pm10_pm25_mass, ug/m3, Revision date=20181210133000, Matrix=pm10_pm25
numflag pm10_pm25_mass, no unit, Revision date=20181210133000, Matrix=pm10_pm25
pm25_mass, ug/m3, Version=2, Version description=Data extracted from http://views.cira.colostate.edu/fed/DataWizard 2019-12-16, Sample duration=1d, Orig. time res.=3d, Blank correction=Blank corrected, Volume std. temperature=ambient, Volume std. pressure=ambient
numflag pm25_mass, no unit, Version=2, Version description=Data extracted from http://views.cira.colostate.edu/fed/DataWizard 2019-12-16, Sample duration=1d, Orig. time res.=3d, Blank correction=Blank corrected, Volume std. temperature=ambient, Volume std. pressure=ambient
potassium, ug/m3, Revision date=20181210133000
numflag potassium, no unit, Revision date=20181210133000
sulphate_total, ug S/m3, Revision date=20181210133000
numflag sulphate_total, no unit, Revision date=20181210133000
0
25
Data definition:              EBAS_1.1
Set type code:                TU
Timezone:                     UTC
File name:                    US0083R.20040101080000.20191216000000.filterpack..pm25.52w.1w.US03L_filterpack_US0083.US03L_IMPROVE_Davis.lev2.nas
File creation:                20191218120102
Startdate:                    20040101080000
Revision date:                20191216000000
Statistics:                   arithmetic mean
Data level:                   2
Period code:                  52w
Resolution code:              1w
Station code:                 US0083R
Platform code:                US0083S
Station name:                 Columbia River Gorge
Station latitude:             45.6644
Station longitude:            -121.0008
Station altitude:             178.0 m
Regime:                       IMG
Component:                    
Matrix:                       pm25
Laboratory code:              US03L
Instrument type:              filterpack
Instrument name:              filterpack_US0083
Method ref:                   US03L_IMPROVE_Davis
starttime endtime Fe flag_Fe Pb flag_Pb Mg++ flag_Mg++ Ni flag_Ni NO3- flag_NO3- OC flag_OC OM flag_OM P flag_P PM10 flag_PM10 PM10-PM2.5 flag_PM10-PM2.5 PM2.5 flag_PM2.5 K+ flag_K+ SO4-- flag_SO4--
  0.333333   1.333333     7.52 0.000  0.79 0.000 9.999 0.259 99.99 0.259  0.474 0.000  1.186 0.000  1.661 0.000 99.99 0.259   8.177 0.000   5.005 0.000   3.171 0.000 0.034 0.000  0.146 0.000
  3.333333   4.333333    44.42 0.000  0.44 0.000 0.038 0.000 99.99 0.259  0.194 0.000  0.976 0.000  1.366 0.000 99.99 0.259  10.719 0.000   7.432 0.000   3.286 0.000 0.033 0.000  0.166 0.000
  6.333333   7.333333 99999.99 0.999 99.99 0.999 9.999 0.999 99.99 0.999 99.999 0.999 99.999 0.999 99.999 0.999 99.99 0.999 999.999 0.999 999.999 0.999 999.999 0.999 9.999 0.999 99.999 0.999
  9.333333  10.333333 99999.99 0.999 99.99 0.999 9.999 0.999 99.99 0.999 99.999 0.999 99.999 0.999 99.999 0.999 99.99 0.999 999.999 0.999 999.999 0.999 999.999 0.999 9.999 0.999 99.999 0.999
 12.333333  13.333333    23.89 0.000  0.64 0.000 0.040 0.000 99.99 0.259  0.137 0.000  1.500 0.000  2.100 0.000 99.99 0.259   5.936 0.000   1.296 0.000   4.640 0.000 0.016 0.000  0.570 0.000
 15.333333  16.333333    16.27 0.000  0.39 0.000 9.999 0.259  0.11 0.000  0.446 0.000  1.484 0.000  2.078 0.000 99.99 0.259   6.280 0.000   2.356 0.000   3.924 0.000 0.026 0.000  0.245 0.000
 18.333333  19.333333    24.61 0.000  0.40 0.000 9.999 0.259 99.99 0.259  0.408 0.000  1.128 0.000  1.579 0.000 99.99 0.259   5.805 0.000   1.496 0.000   4.309 0.000 0.006 0.000  0.527 0.000
 21.333333  22.333333    71.76 0.000  0.71 0.000 0.018 0.000 99.99 0.259  0.884 0.000  1.844 0.000  2.581 0.000 99.99 0.259  14.000 0.000   6.246 0.000   7.754 0.000 0.015 0.000  0.307 0.000
 24.333333  25.333333     7.97 0.000  0.53 0.000 0.041 0.000  0.13 0.000  0.048 0.000  0.371 0.000  0.520 0.000 99.99 0.259   3.454 0.000   2.010 0.000   1.444 0.000 0.013 0.000  0.070 0.000
 27.333333  28.333333    28.77 0.000  0.43 0.000 9.999 0.259 99.99 0.259  0.079 0.000  0.798 0.000  1.117 0.000 99.99 0.259   7.129 0.000   5.746 0.000   1.383 0.000 0.012 0.000  0.043 0.000
 30.333333  31.333333    20.69 0.000  0.16 0.000 9.999 0.259  0.21 0.000  0.045 0.000  0.471 0.000  0.660 0.000 99.99 0.259   3.418 0.000   2.096 0.000   1.321 0.000 0.011 0.000  0.052 0.000
 33.333333  34.333333    15.25 0.000  0.79 0.000 9.999 0.259 99.99 0.259  0.148 0.000  1.284 0.000  1.798 0.000 99.99 0.259   4.395 0.000   1.482 0.000   2.913 0.000 0.015 0.000  0.201 0.000
 36.333333  37.333333    35.01 0.000  0.78 0.000 9.999 0.259 99.99 0.259  0.744 0.000  1.412 0.000  1.977 0.000 99.99 0.259  12.529 0.000   7.674 0.000   4.855 0.000 0.018 0.000  0.231 0.000
 39.333333  40.333333    42.42 0.000  1.00 0.000 9.999 0.259 99.99 0.259  0.116 0.000  1.215 0.000  1.701 0.000 99.99 0.259   5.994 0.000   2.674 0.000   3.320 0.000 0.022 0.000  0.209 0.000
 42.333333  43.333333    54.20 0.000  1.35 0.000 9.999 0.259 99.99 0.259  1.204 0.000  1.933 0.000  2.706 0.000 99.99 0.259  15.065 0.000   3.173 0.000  11.892 0.000 0.035 0.000  0.571 0.000
 45.333333  46.333333    24.29 0.000  0.86 0.000 9.999 0.259 99.99 0.259  1.387 0.000  1.550 0.000  2.170 0.000 99.99 0.259  13.926 0.000   0.932 0.000  12.994 0.000 0.017 0.000  1.161 0.000
 48.333333  49.333333    31.37 0.000  0.83 0.000 9.999 0.259 99.99 0.259  0.379 0.000  1.261 0.000  1.766 0.000 99.99 0.259   5.024 0.000   1.551 0.000   3.472 0.000 0.020 0.000  0.268 0.000
 51.333333  52.333333    37.80 0.000  3.87 0.000 9.999 0.259 99.99 0.259  0.985 0.000  1.681 0.000  2.353 0.000 99.99 0.259   9.050 0.000   2.043 0.000   7.007 0.000 0.017 0.000  0.271 0.000
 54.333333  55.333333    61.43 0.000  1.21 0.000 9.999 0.259 99.99 0.259  0.932 0.000  1.772 0.000  2.481 0.000 99.99 0.259   8.744 0.000   3.042 0.000   5.702 0.000 0.027 0.000  0.192 0.000
 57.333333  58.333333    68.30 0.000  0.82 0.000 9.999 0.259 99.99 0.259  0.274 0.000  1.545 0.000  2.163 0.000 99.99 0.259   4.556 0.000   1.377 0.000   3.179 0.000 0.025 0.000  0.119 0.000
 60.333333  61.333333    46.90 0.000  0.78 0.000 9.999 0.259 99.99 0.259  0.387 0.000  1.053 0.000  1.474 0.000 99.99 0.259   5.599 0.000   2.530 0.000   3.069 0.000 0.016 0.000  0.209 0.000
 63.333333  64.333333    36.77 0.000  0.56 0.000 9.999 0.259 99.99 0.259  0.039 0.000  0.239 0.000  0.334 0.000 99.99 0.259  12.362 0.000  10.771 0.000   1.591 0.000 0.015 0.000  0.070 0.000
 66.333333  67.333333    60.98 0.000  3.68 0.000 9.999 0.259  0.09 0.000  0.143 0.000  1.800 0.000  2.520 0.000 99.99 0.259  13.629 0.000   7.655 0.000   5.974 0.000 0.060 0.000  0.337 0.000
 69.333333  70.333333    55.39 0.000  1.46 0.000 9.999 0.259  0.22 0.000  0.205 0.000  0.933 0.000  1.306 0.000 99.99 0.259  15.300 0.000  11.055 0.000   4.245 0.000 0.046 0.000  0.258 0.000
 72.333333  73.333333    64.37 0.000  0.88 0.000 9.999 0.259 99.99 0.259  0.085 0.000  0.989 0.000  1.384 0.000 99.99 0.259   9.137 0.000   6.439 0.000   2.699 0.000 0.029 0.000  0.148 0.000
 75.333333  76.333333    48.71 0.000  1.98 0.000 9.999 0.259  0.27 0.000  0.144 0.000  1.659 0.000  2.323 0.000 99.99 0.259  10.307 0.000   6.319 0.000   3.988 0.000 0.040 0.000  0.185 0.000
 78.333333  79.333333    44.85 0.000  1.01 0.000 9.999 0.259 99.99 0.259  0.105 0.000  0.565 0.000  0.792 0.000 99.99 0.259  11.721 0.000   8.961 0.000   2.760 0.000 0.025 0.000  0.159 0.000
 81.333333  82.333333   155.48 0.000  4.66 0.000 9.999 0.259 99.99 0.259  0.113 0.000  4.242 0.000  5.939 0.000 99.99 0.259  17.213 0.000   8.245 0.000   8.969 0.000 0.090 0.000  0.278 0.000
 84.333333  85.333333    64.22 0.000  1.30 0.000 9.999 0.259 99.99 0.259  0.177 0.000  1.448 0.000  2.028 0.000 99.99 0.259   9.517 0.000   5.689 0.000   3.827 0.000 0.053 0.000  0.114 0.000
 87.333333  88.333333    43.81 0.000  1.38 0.000 0.073 0.000  0.88 0.000  0.071 0.000  1.238 0.000  1.733 0.000 99.99 0.259   6.467 0.000   3.859 0.000   2.608 0.000 0.034 0.000  0.159 0.000
 90.333333  91.333333    23.36 0.000  0.50 0.000 9.999 0.259 99.99 0.259  0.100 0.000  0.548 0.000  0.767 0.000 99.99 0.259   7.757 0.000   4.667 0.000   3.090 0.000 0.027 0.000  0.174 0.000
 93.333333  94.333333   128.13 0.000  0.80 0.000 9.999 0.259 99.99 0.259  0.056 0.000  1.380 0.000  1.931 0.000 99.99 0.259  12.162 0.000   8.044 0.000   4.117 0.000 0.025 0.000  0.183 0.000
 96.333333  97.333333    59.67 0.000  2.78 0.000 9.999 0.259  0.61 0.000  0.248 0.000  2.077 0.000  2.908 0.000 99.99 0.259  13.697 0.000   5.600 0.000   8.096 0.000 0.058 0.000  0.665 0.000
 99.333333 100.333333    92.62 0.000  1.89 0.000 9.999 0.259  0.23 0.000  0.070 0.000  1.801 0.000  2.521 0.000 99.99 0.259  14.471 0.000   8.105 0.000   6.366 0.000 0.047 0.000  0.396 0.000
102.333333 103.333333    91.72 0.000  1.80 0.000 9.999 0.259  0.10 0.000  0.139 0.000  2.071 0.000  2.899 0.000 99.99 0.259  18.056 0.000  10.185 0.000   7.870 0.000 0.060 0.000  0.550 0.000
105.333333 106.333333    47.92 0.000  0.73 0.000 0.088 0.000 99.99 0.259  0.027 0.000  0.612 0.000  0.857 0.000 99.99 0.259   5.599 0.000   3.878 0.000   1.721 0.000 0.021 0.000  0.055 0.000
108.333333 109.333333    24.10 0.000  1.18 0.000 0.048 0.000 99.99 0.259  0.029 0.000  0.660 0.000  0.925 0.000 99.99 0.259   3.564 0.000   1.759 0.000   1.805 0.000 0.011 0.000  0.095 0.000
111.333333 112.333333    27.77 0.000  0.46 0.000 9.999 0.259 99.99 0.259  0.047 0.000  0.741 0.000  1.037 0.000 99.99 0.259   3.968 0.000   2.616 0.000   1.352 0.000 0.013 0.000  0.056 0.000
114.333333 115.333333    34.78 0.000  1.83 0.000 9.999 0.259  0.16 0.000  0.128 0.000  0.676 0.000  0.946 0.000 99.99 0.259   7.272 0.000   3.539 0.000   3.732 0.000 0.043 0.000  0.287 0.000
117.333333 118.333333   159.34 0.000  4.75 0.000 9.999 0.259  0.06 0.000  0.081 0.000  1.807 0.000  2.529 0.000 99.99 0.259  30.032 0.000  21.980 0.000   8.053 0.000 0.092 0.000  0.657 0.000
120.333333 121.333333   140.12 0.000  2.17 0.000 9.999 0.259 99.99 0.259  0.058 0.000  2.471 0.000  3.459 0.000 99.99 0.259  17.931 0.000  11.889 0.000   6.041 0.000 0.042 0.000  0.233 0.000
123.333333 124.333333    94.88 0.000  2.02 0.000 9.999 0.259  0.21 0.000  0.065 0.000  1.404 0.000  1.966 0.000 99.99 0.259  13.634 0.000   9.387 0.000   4.247 0.000 0.051 0.000  0.215 0.000
126.333333 127.333333    92.52 0.000  0.92 0.000 9.999 0.259  0.14 0.000  0.076 0.000  2.111 0.000  2.956 0.000 99.99 0.259  19.415 0.000  13.773 0.000   5.642 0.000 0.033 0.000  0.218 0.000
129.333333 130.333333    24.48 0.000  0.45 0.000 9.999 0.259 99.99 0.259  0.058 0.000  0.596 0.000  0.834 0.000 99.99 0.259   5.373 0.000   3.367 0.000   2.006 0.000 0.019 0.000  0.142 0.000
132.333333 133.333333    36.48 0.000  0.78 0.000 9.999 0.259  0.18 0.000  0.079 0.000  0.663 0.000  0.929 0.000 99.99 0.259   8.089 0.000   5.268 0.000   2.821 0.000 0.020 0.000  0.249 0.000
135.333333 136.333333    56.42 0.000  2.48 0.000 9.999 0.259  0.39 0.000  0.163 0.000  1.824 0.000  2.553 0.000 99.99 0.259  15.028 0.000   8.858 0.000   6.169 0.000 0.044 0.000  0.534 0.000
138.333333 139.333333   113.51 0.000  1.82 0.000 9.999 0.259  0.13 0.000  0.070 0.000  1.178 0.000  1.649 0.000 99.99 0.259  21.496 0.000  16.139 0.000   5.357 0.000 0.052 0.000  0.439 0.000
141.333333 142.333333   147.14 0.000  1.83 0.000 0.068 0.000  0.22 0.000  0.078 0.000  1.099 0.000  1.539 0.000 99.99 0.259  20.501 0.000  14.478 0.000   6.023 0.000 0.060 0.000  0.494 0.000
144.333333 145.333333    29.90 0.000  1.41 0.000 9.999 0.259  0.10 0.000  0.058 0.000  0.875 0.000  1.225 0.000 99.99 0.259   3.854 0.000   1.622 0.000   2.232 0.000 0.017 0.000  0.148 0.000
147.333333 148.333333    47.34 0.000  0.52 0.000 9.999 0.259  0.11 0.000  0.014 0.000  0.300 0.000  0.420 0.000 99.99 0.259   5.781 0.000   4.608 0.000   1.173 0.000 0.013 0.000  0.060 0.000
150.333333 151.333333    20.70 0.000  0.82 0.000 0.038 0.000 99.99 0.259  0.020 0.000  0.452 0.000  0.632 0.000 99.99 0.259   4.459 0.000   3.046 0.000   1.413 0.000 0.012 0.000  0.109 0.000
153.333333 154.333333    62.09 0.000  2.00 0.000 9.999 0.259  0.13 0.000  0.042 0.000  1.085 0.000  1.519 0.000 99.99 0.259  10.560 0.000   6.688 0.000   3.872 0.000 0.034 0.000  0.241 0.000
156.333333 157.333333    21.48 0.000  0.63 0.000 9.999 0.259 99.99 0.259  0.031 0.000  0.302 0.000  0.423 0.000 99.99 0.259   5.433 0.000   3.866 0.000   1.567 0.000 0.014 0.000  0.130 0.000
159.333333 160.333333    18.68 0.000  0.38 0.000 9.999 0.259  0.10 0.000  0.019 0.000  0.726 0.000  1.016 0.000 99.99 0.259   3.266 0.000   1.381 0.000   1.884 0.000 0.009 0.000  0.084 0.000
162.333333 163.333333    50.83 0.000  0.84 0.000 9.999 0.259  0.18 0.000  0.034 0.000  0.310 0.000  0.434 0.000 99.99 0.259  14.285 0.000  12.103 0.000   2.182 0.000 0.021 0.000  0.174 0.000
165.333333 166.333333    36.56 0.000  0.87 0.000 9.999 0.259  0.28 0.000  0.073 0.000  0.369 0.000  0.516 0.000 99.99 0.259  12.044 0.000   9.279 0.000   2.765 0.000 0.024 0.000  0.228 0.000
168.333333 169.333333   149.30 0.000  0.73 0.000 9.999 0.259  0.08 0.000  0.028 0.000  2.117 0.000  2.964 0.000 99.99 0.259  18.063 0.000  12.507 0.000   5.556 0.000 0.043 0.000  0.110 0.000
171.333333 172.333333    67.23 0.000  1.47 0.000 9.999 0.259 99.99 0.259  0.022 0.000  2.015 0.000  2.821 0.000 99.99 0.259   9.164 0.000   4.133 0.000   5.031 0.000 0.027 0.000  0.233 0.000
174.333333 175.333333    79.06 0.000  1.71 0.000 9.999 0.259  0.29 0.000  0.026 0.000  1.875 0.000  2.625 0.000 99.99 0.259  20.225 0.000  13.405 0.000   6.820 0.000 0.036 0.000  0.510 0.000
177.333333 178.333333   127.83 0.000  2.27 0.000 9.999 0.259  0.17 0.000  0.040 0.000  1.516 0.000  2.122 0.000 99.99 0.259  25.210 0.000  19.685 0.000   5.525 0.000 0.058 0.000  0.330 0.000
180.333333 181.333333   126.78 0.000  2.48 0.000 0.071 0.000  0.37 0.000  0.113 0.000  1.612 0.000  2.257 0.000 99.99 0.259  22.087 0.000  15.506 0.000   6.581 0.000 0.070 0.000  0.421 0.000
183.333333 184.333333   122.77 0.000  1.44 0.000 9.999 0.259 99.99 0.259  0.039 0.000  1.476 0.000  2.066 0.000 99.99 0.259  22.416 0.000  16.455 0.000   5.961 0.000 0.061 0.000  0.357 0.000
186.333333 187.333333    49.24 0.000  5.79 0.000 0.137 0.000  0.16 0.000  0.131 0.000  1.215 0.000  1.701 0.000 99.99 0.259  10.810 0.000   4.360 0.000   6.451 0.000 0.639 0.000  0.577 0.000
189.333333 190.333333    72.61 0.000  1.75 0.000 9.999 0.259  0.08 0.000  0.058 0.000  2.818 0.000  3.945 0.000 99.99 0.259  17.667 0.000  10.041 0.000   7.627 0.000 0.052 0.000  0.233 0.000
192.333333 193.333333    49.94 0.000  0.74 0.000 9.999 0.259 99.99 0.259  0.015 0.000  1.711 0.000  2.396 0.000 99.99 0.259   5.289 0.000   2.331 0.000   2.958 0.000 0.026 0.000  0.148 0.000
195.333333 196.333333   254.37 0.000  2.23 0.000 0.109 0.000  0.28 0.000  0.063 0.000  3.650 0.000  5.109 0.000 99.99 0.259  33.547 0.000  22.882 0.000  10.665 0.000 0.105 0.000  0.475 0.000
198.333333 199.333333  1087.91 0.000  3.51 0.000 9.999 0.259  1.10 0.000  0.037 0.000  3.578 0.000  5.009 0.000 99.99 0.259  18.459 0.000   1.717 0.000  16.741 0.000 0.294 0.000  0.279 0.000
201.333333 202.333333   556.46 0.000  1.50 0.000 0.197 0.000  0.90 0.000  0.041 0.000  0.797 0.000  1.116 0.000 99.99 0.259   7.594 0.000 999.999 0.259   8.949 0.000 0.158 0.000  0.213 0.000
204.333333 205.333333 99999.99 0.456 99.99 0.456 9.999 0.456 99.99 0.456  0.040 0.000  1.818 0.000  2.545 0.000 99.99 0.456  22.864 0.000 999.999 0.999 999.999 0.456 9.999 0.456  0.130 0.000
207.333333 208.333333    80.38 0.000  0.65 0.000 9.999 0.259  0.77 0.000  0.188 0.000  1.238 0.000  1.733 0.000 99.99 0.259  23.148 0.000  17.179 0.000   5.969 0.000 0.056 0.000  0.328 0.000
210.333333 211.333333   160.24 0.000  1.12 0.000 9.999 0.259  0.40 0.000  0.154 0.000  5.809 0.000  8.133 0.000 99.99 0.259  38.051 0.000  23.892 0.000  14.158 0.000 0.115 0.000  0.462 0.000
213.333333 214.333333    93.68 0.000  2.14 0.000 0.059 0.000  0.21 0.000  0.112 0.000  1.480 0.000  2.072 0.000 99.99 0.259  24.366 0.000  17.662 0.000   6.705 0.000 0.060 0.000  0.538 0.000
216.333333 217.333333    89.49 0.000  2.07 0.000 9.999 0.259  0.21 0.000 99.999 0.456  1.070 0.000  1.498 0.000 99.99 0.259  25.327 0.000  20.148 0.000   5.178 0.000 0.060 0.000 99.999 0.456
219.333333 220.333333    14.59 0.000 99.99 0.259 9.999 0.259 99.99 0.259 99.999 0.456  0.466 0.000  0.653 0.000 99.99 0.259   5.188 0.000   3.746 0.000   1.442 0.000 0.011 0.000 99.999 0.456
222.333333 223.333333    89.55 0.000  1.01 0.000 0.045 0.000  0.11 0.000 99.999 0.456  2.480 0.000  3.472 0.000 99.99 0.259  17.318 0.000  11.440 0.000   5.878 0.000 0.040 0.000 99.999 0.456
225.333333 226.333333   198.20 0.000  1.55 0.000 9.999 0.259  0.45 0.000 99.999 0.456  2.953 0.000  4.134 0.000 99.99 0.259  41.707 0.000  31.231 0.000  10.476 0.000 0.075 0.000 99.999 0.456
228.333333 229.333333   252.08 0.000  2.09 0.000 9.999 0.259  0.45 0.000 99.999 0.456  2.418 0.000  3.385 0.000 99.99 0.259  76.430 0.000  65.283 0.000  11.147 0.000 0.100 0.000 99.999 0.456
231.333333 232.333333   117.72 0.000  1.32 0.000 9.999 0.259  0.30 0.000  0.046 0.000  1.977 0.000  2.768 0.000 99.99 0.259  37.827 0.000  30.823 0.000   7.004 0.000 0.049 0.000  0.432 0.000
234.333333 235.333333    11.10 0.000 99.99 0.259 9.999 0.259  0.18 0.000  0.018 0.000  0.391 0.000  0.548 0.000 99.99 0.259   4.657 0.000   3.524 0.000   1.133 0.000 0.016 0.000  0.096 0.000
237.333333 238.333333    27.05 0.000  0.36 0.000 9.999 0.259  0.09 0.000  0.025 0.000  0.215 0.000  0.301 0.000 99.99 0.259  12.663 0.000  11.173 0.000   1.490 0.000 0.013 0.000  0.102 0.000
240.333333 241.333333    41.91 0.000  0.49 0.000 9.999 0.259 99.99 0.259  0.046 0.000  0.929 0.000  1.301 0.000 99.99 0.259  14.665 0.000  11.608 0.000   3.057 0.000 0.023 0.000  0.281 0.000
243.333333 244.333333    73.85 0.000  1.04 0.000 0.040 0.000 99.99 0.259  0.022 0.000  2.062 0.000  2.887 0.000 99.99 0.259  13.806 0.000   9.970 0.000   3.836 0.000 0.034 0.000  0.180 0.000
246.333333 247.333333    42.60 0.000  0.64 0.000 9.999 0.259  0.22 0.000  0.082 0.000  4.512 0.000  6.317 0.000 99.99 0.259  39.134 0.000  27.868 0.000  11.266 0.000 0.059 0.000  0.396 0.000
