scripts/IMPROVE-2019_partial/data/US0086R.19930102050000.20191216000000.filterpack...1y.3d.US03L_filterpack_US0086.US03L_IMPROVE_Davis.lev2.nas
51 1001
MISSING INFORMATION
US03L, IMPROVE, , , , , , , 
MISSING INFORMATION
IMPROVE sel_HTAP
1 1
1993 01 01 2019 12 16
0
days from file reference point
4
1 1 1 1
999.999999 999.999 999.999 9.999
end_time of measurement, days from the file reference point
pm10_mass, ug/m3, Matrix=pm10
pm25_mass, ug/m3, Matrix=pm25
numflag, no unit
0
33
Data definition:              EBAS_1.1
Set type code:                TI
Timezone:                     UTC
File name:                    US0086R.19930102050000.20191216000000.filterpack...1y.3d.US03L_filterpack_US0086.US03L_IMPROVE_Davis.lev2.nas
File creation:                20191218120111
Startdate:                    19930102050000
Revision date:                20191216000000
Version:                      2
Version description:          "Data extracted from http://views.cira.colostate.edu/fed/DataWizard 2019-12-16"
Statistics:                   arithmetic mean
Data level:                   2
Period code:                  1y
Resolution code:              3d
Sample duration:              1d
Orig. time res.:              3d
Station code:                 US0086R
Platform code:                US0086S
Station name:                 Dolly Sods Wilderness
Station latitude:             39.1053
Station longitude:            -79.4261
Station altitude:             1182.0 m
Regime:                       IMG
Component:                    
Unit:                         ug/m3
Matrix:                       
Laboratory code:              US03L
Instrument type:              filterpack
Instrument name:              filterpack_US0086
Method ref:                   US03L_IMPROVE_Davis
Blank correction:             Blank corrected
Volume std. temperature:      ambient
Volume std. pressure:         ambient
starttime endtime PM10 PM2.5 flag
  1.208333   2.208333  10.038   5.354 0.000
  5.208333   6.208333   7.406   6.646 0.000
  8.208333   9.208333  10.000   4.325 0.000
 12.208333  13.208333 999.999 999.999 0.999
 15.208333  16.208333 999.999 999.999 0.999
 19.208333  20.208333 999.999 999.999 0.999
 22.208333  23.208333 999.999 999.999 0.999
 26.208333  27.208333 999.999 999.999 0.999
 29.208333  30.208333 999.999 999.999 0.999
 33.208333  34.208333 999.999 999.999 0.999
 36.208333  37.208333 999.999 999.999 0.999
 40.208333  41.208333 999.999 999.999 0.999
 43.208333  44.208333 999.999 999.999 0.999
 47.208333  48.208333 999.999 999.999 0.999
 50.208333  51.208333 999.999 999.999 0.999
 54.208333  55.208333  11.473  10.612 0.000
 57.208333  58.208333  33.178  29.474 0.000
 61.208333  62.208333  13.140  10.123 0.000
 64.208333  65.208333  12.674  10.741 0.000
 68.208333  69.208333  12.952   7.169 0.000
 71.208333  72.208333  10.775   9.066 0.000
 75.208333  76.208333  10.075   7.331 0.000
 78.208333  79.208333  11.124   7.055 0.000
 82.208333  83.208333   7.407   6.687 0.000
 85.208333  86.208333  11.360   8.882 0.000
 89.208333  90.208333  16.264  11.722 0.000
 92.208333  93.208333  14.889  11.692 0.000
 96.208333  97.208333  20.723   8.228 0.000
 99.208333 100.208333   9.398   8.589 0.000
103.208333 104.208333  22.672  14.831 0.000
106.208333 107.208333  13.603  10.061 0.000
110.208333 111.208333  12.048   5.723 0.000
113.208333 114.208333  20.683  10.488 0.000
117.208333 118.208333   8.745   6.433 0.000
120.208333 121.208333  31.053  20.031 0.000
124.208333 125.208333  15.000  10.898 0.000
127.208333 128.208333  27.677  19.624 0.000
131.208333 132.208333  37.823  27.754 0.000
134.208333 135.208333  20.766  12.769 0.000
138.208333 139.208333  17.421  15.542 0.000
141.208333 142.208333  19.603  12.530 0.000
145.208333 146.208333  14.839  10.669 0.000
148.208333 149.208333  18.427  12.171 0.000
152.208333 153.208333  11.036   8.239 0.000
155.208333 156.208333  20.080  11.821 0.000
159.208333 160.208333  22.817  13.193 0.000
162.208333 163.208333  20.357  13.697 0.000
166.208333 167.208333  21.270  12.485 0.000
169.208333 170.208333  51.905  36.215 0.000
173.208333 174.208333  20.510  15.476 0.000
176.208333 177.208333  25.569  16.707 0.000
180.208333 181.208333  35.057  33.705 0.000
183.208333 184.208333  32.912  29.880 0.000
187.208333 188.208333  40.632  25.455 0.000
190.208333 191.208333  33.123  22.730 0.000
194.208333 195.208333  29.627  26.119 0.000
197.208333 198.208333  16.045  10.597 0.000
201.208333 202.208333  17.652  14.154 0.000
204.208333 205.208333  26.364  23.056 0.000
208.208333 209.208333  44.297  40.090 0.000
211.208333 212.208333  14.411  12.530 0.000
215.208333 216.208333  26.298  24.084 0.000
218.208333 219.208333 999.999  29.036 0.000
222.208333 223.208333  22.337  21.250 0.000
225.208333 226.208333  34.630  33.142 0.000
229.208333 230.208333  26.593  24.836 0.000
232.208333 233.208333  16.296  14.315 0.000
236.208333 237.208333  39.699  38.388 0.000
239.208333 240.208333  73.910 999.999 0.000
243.208333 244.208333  34.922  33.353 0.000
246.208333 247.208333  13.876  12.113 0.000
250.208333 251.208333  45.682  43.653 0.000
253.208333 254.208333  12.500   5.799 0.000
257.208333 258.208333  15.569  12.681 0.000
260.208333 261.208333  25.137  21.829 0.000
264.208333 265.208333  18.520  15.688 0.000
267.208333 268.208333  12.760  10.092 0.000
271.208333 272.208333   7.320   5.482 0.000
274.208333 275.208333  15.760  11.463 0.000
278.208333 279.208333  17.125  11.832 0.000
281.208333 282.208333  24.833  20.155 0.000
285.208333 286.208333  18.583  15.031 0.000
288.208333 289.208333  23.117  13.665 0.000
292.208333 293.208333  11.815   9.421 0.000
295.208333 296.208333   9.718   5.366 0.000
299.208333 300.208333  18.138  13.106 0.000
302.208333 303.208333   6.802   4.845 0.000
306.208333 307.208333  10.565   9.815 0.000
309.208333 310.208333  11.129   9.169 0.000
313.208333 314.208333  14.240  10.182 0.000
316.208333 317.208333  11.880  10.000 0.000
320.208333 321.208333  10.524   8.215 0.000
323.208333 324.208333  10.524   5.262 0.000
327.208333 328.208333  14.082  10.743 0.000
330.208333 331.208333   5.714   1.641 0.000
334.208333 335.208333   9.496   7.516 0.000
337.208333 338.208333   5.168   4.088 0.000
341.208333 342.208333   9.664   8.416 0.000
344.208333 345.208333   6.134   5.435 0.000
348.208333 349.208333   3.668   3.279 0.000
351.208333 352.208333   7.118   6.438 0.000
355.208333 356.208333   9.039   6.442 0.000
358.208333 359.208333  11.156   7.710 0.000
362.208333 363.208333  12.411  11.635 0.000
