scripts/IMPROVE-2019_partial/data/US0050R.20040101060000.20191216000000.filterpack..pm25.52w.1w.US03L_filterpack_US0050.US03L_IMPROVE_Davis.lev2.nas
64 1001
MISSING INFORMATION
US03L, IMPROVE, , , , , , , 
MISSING INFORMATION
IMPROVE sel_HTAP
1 1
2004 01 01 2019 12 16
3.00
days from file reference point
25
1 1 1 1 1 1 1 1 1 1 1 1 1 1 1 1 1 1 1 1 1 1 1 1 1
999.99 9999.99 9.999 99.99 9.999 9.999 9.999 9.99 9.999 99.999 9.999 99.999 9.999 99.999 9.999 999.999 9.999 999.999 9.999 999.999 9.999 9.999 9.999 99.999 9.999
end_time of measurement, days from the file reference point
iron, ng/m3, Revision date=20181210133000
numflag iron, no unit, Revision date=20181210133000
lead, ng/m3, Revision date=20181210133000
numflag lead, no unit, Revision date=20181210133000
magnesium, ug/m3, Revision date=20181210133000
numflag magnesium, no unit, Revision date=20181210133000
nickel, ng/m3, Revision date=20181210133000
numflag nickel, no unit, Revision date=20181210133000
nitrate, ug N/m3, Revision date=20181210133000
numflag nitrate, no unit, Revision date=20181210133000
organic_carbon, ug C/m3, Revision date=20181210133000
numflag organic_carbon, no unit, Revision date=20181210133000
organic_mass, ug/m3, Revision date=20181210133000
numflag organic_mass, no unit, Revision date=20181210133000
pm10_mass, ug/m3, Version=2, Version description=Data extracted from http://views.cira.colostate.edu/fed/DataWizard 2019-12-16, Sample duration=1d, Orig. time res.=3d, Matrix=pm10, Blank correction=Blank corrected, Volume std. temperature=ambient, Volume std. pressure=ambient
numflag pm10_mass, no unit, Version=2, Version description=Data extracted from http://views.cira.colostate.edu/fed/DataWizard 2019-12-16, Sample duration=1d, Orig. time res.=3d, Matrix=pm10, Blank correction=Blank corrected, Volume std. temperature=ambient, Volume std. pressure=ambient
pm10_pm25_mass, ug/m3, Revision date=20181210133000, Matrix=pm10_pm25
numflag pm10_pm25_mass, no unit, Revision date=20181210133000, Matrix=pm10_pm25
pm25_mass, ug/m3, Version=2, Version description=Data extracted from http://views.cira.colostate.edu/fed/DataWizard 2019-12-16, Sample duration=1d, Orig. time res.=3d, Blank correction=Blank corrected, Volume std. temperature=ambient, Volume std. pressure=ambient
numflag pm25_mass, no unit, Version=2, Version description=Data extracted from http://views.cira.colostate.edu/fed/DataWizard 2019-12-16, Sample duration=1d, Orig. time res.=3d, Blank correction=Blank corrected, Volume std. temperature=ambient, Volume std. pressure=ambient
potassium, ug/m3, Revision date=20181210133000
numflag potassium, no unit, Revision date=20181210133000
sulphate_total, ug S/m3, Revision date=20181210133000
numflag sulphate_total, no unit, Revision date=20181210133000
0
25
Data definition:              EBAS_1.1
Set type code:                TU
Timezone:                     UTC
File name:                    US0050R.20040101060000.20191216000000.filterpack..pm25.52w.1w.US03L_filterpack_US0050.US03L_IMPROVE_Davis.lev2.nas
File creation:                20191218115826
Startdate:                    20040101060000
Revision date:                20191216000000
Statistics:                   arithmetic mean
Data level:                   2
Period code:                  52w
Resolution code:              1w
Station code:                 US0050R
Platform code:                US0050S
Station name:                 Blue Mounds
Station latitude:             43.7158
Station longitude:            -96.1913
Station altitude:             473.0 m
Regime:                       IMG
Component:                    
Matrix:                       pm25
Laboratory code:              US03L
Instrument type:              filterpack
Instrument name:              filterpack_US0050
Method ref:                   US03L_IMPROVE_Davis
starttime endtime Fe flag_Fe Pb flag_Pb Mg++ flag_Mg++ Ni flag_Ni NO3- flag_NO3- OC flag_OC OM flag_OM PM10 flag_PM10 PM10-PM2.5 flag_PM10-PM2.5 PM2.5 flag_PM2.5 K+ flag_K+ SO4-- flag_SO4--
[from data line 95]
285.25 286.25  172.64 0.000  3.32 0.000 9.999 0.259 0.09 0.000  0.711 0.000  1.802 0.000  2.523 0.000  43.434 0.000  32.940 0.000  10.495 0.000 0.069 0.000  0.398 0.000
288.25 289.25   22.72 0.000  0.56 0.000 9.999 0.259 9.99 0.259  0.050 0.000  0.571 0.000  0.799 0.000   8.309 0.000   5.789 0.000   2.520 0.000 0.034 0.000  0.250 0.000
291.25 292.25   61.23 0.000  2.92 0.000 9.999 0.259 9.99 0.259  0.526 0.000  1.159 0.000  1.623 0.000  27.541 0.000  21.293 0.000   6.247 0.000 0.040 0.000  0.260 0.000
294.25 295.25    7.07 0.000  1.25 0.000 9.999 0.259 0.15 0.000  0.521 0.000  0.261 0.000  0.366 0.000   6.986 0.000   1.229 0.000   5.757 0.000 0.006 0.000  0.585 0.000
297.25 298.25   13.85 0.000  6.00 0.000 9.999 0.259 9.99 0.259  0.234 0.000  0.741 0.000  1.037 0.000   8.857 0.000   5.123 0.000   3.735 0.000 0.032 0.000  0.249 0.000
300.25 301.25    8.66 0.000  1.88 0.000 9.999 0.259 9.99 0.259  0.971 0.000  0.361 0.000  0.505 0.000  14.137 0.000   3.994 0.000  10.143 0.000 0.011 0.000  0.976 0.000
303.25 304.25    5.29 0.000  0.36 0.000 9.999 0.259 9.99 0.259  0.163 0.000  0.302 0.000  0.423 0.000   9.574 0.000   5.840 0.000   3.735 0.000 0.016 0.000  0.540 0.000
306.25 307.25   10.38 0.000  1.54 0.000 9.999 0.259 9.99 0.259  0.472 0.000  0.852 0.000  1.193 0.000   9.980 0.000   4.467 0.000   5.513 0.000 0.045 0.000  0.351 0.000
309.25 310.25   43.55 0.000  2.03 0.000 9.999 0.259 9.99 0.259  0.151 0.000  0.691 0.000  0.968 0.000  15.771 0.000  12.193 0.000   3.578 0.000 0.031 0.000  0.205 0.000
312.25 313.25   73.43 0.000  1.51 0.000 9.999 0.259 0.10 0.000  0.295 0.000  0.604 0.000  0.845 0.000  27.445 0.000  22.071 0.000   5.374 0.000 0.045 0.000  0.209 0.000
315.25 316.25   91.68 0.000  0.95 0.000 9.999 0.259 9.99 0.259  0.130 0.000  0.670 0.000  0.938 0.000   9.938 0.000   4.534 0.000   5.405 0.000 0.054 0.000  0.185 0.000
318.25 319.25 9999.99 0.899 99.99 0.899 9.999 0.899 9.99 0.899  1.743 0.000  1.574 0.000  2.203 0.000 999.999 0.899 999.999 0.999 999.999 0.899 9.999 0.899  0.428 0.000
321.25 322.25 9999.99 0.899 99.99 0.899 9.999 0.899 9.99 0.899  0.444 0.000  1.364 0.000  1.910 0.000 999.999 0.899 999.999 0.999 999.999 0.899 9.999 0.899  0.362 0.000
324.25 325.25   11.90 0.000  0.95 0.000 0.089 0.000 9.99 0.259  0.520 0.000  0.808 0.000  1.131 0.000   9.873 0.000   2.561 0.000   7.312 0.000 0.113 0.000  0.609 0.000
327.25 328.25   12.34 0.000  2.85 0.000 9.999 0.259 9.99 0.259  0.135 0.000  1.026 0.000  1.437 0.000   7.629 0.000   4.269 0.000   3.360 0.000 0.042 0.000  0.242 0.000
330.25 331.25   17.28 0.000  3.51 0.000 9.999 0.259 0.15 0.000  0.866 0.000  1.051 0.000  1.472 0.000  11.227 0.000   2.857 0.000   8.370 0.000 0.035 0.000  0.259 0.000
333.25 334.25   10.43 0.000  4.13 0.000 9.999 0.259 9.99 0.259  0.761 0.000  0.701 0.000  0.981 0.000  12.341 0.000   2.716 0.000   9.625 0.000 0.095 0.000  0.830 0.000
336.25 337.25   23.04 0.000  1.01 0.000 9.999 0.259 9.99 0.259  0.481 0.000  0.815 0.000  1.141 0.000  11.851 0.000   5.611 0.000   6.241 0.000 0.050 0.000  0.252 0.000
339.25 340.25   12.10 0.000  2.46 0.000 9.999 0.259 0.14 0.000  0.612 0.000  0.998 0.000  1.397 0.000  11.964 0.000   1.731 0.000  10.234 0.000 0.044 0.000  0.860 0.000
342.25 343.25   26.12 0.000  4.00 0.000 9.999 0.259 9.99 0.259  1.528 0.000  1.085 0.000  1.518 0.000  18.713 0.000   2.591 0.000  16.122 0.000 0.028 0.000  1.085 0.000
345.25 346.25    9.30 0.000  1.13 0.000 9.999 0.259 0.17 0.000  0.780 0.000  0.504 0.000  0.706 0.000  12.277 0.000   1.403 0.000  10.873 0.000 0.018 0.000  1.089 0.000
348.25 349.25   28.77 0.000  1.49 0.000 0.164 0.000 9.99 0.259  0.330 0.000  0.274 0.000  0.384 0.000  12.139 0.000   7.064 0.000   5.075 0.000 0.029 0.000  0.313 0.000
351.25 352.25   29.18 0.000  2.48 0.000 9.999 0.259 9.99 0.259  0.630 0.000  0.979 0.000  1.370 0.000  15.228 0.000   7.317 0.000   7.911 0.000 0.048 0.000  0.429 0.000
354.25 355.25 9999.99 0.999 99.99 0.999 9.999 0.999 9.99 0.999 99.999 0.999 99.999 0.999 99.999 0.999 999.999 0.999 999.999 0.999 999.999 0.999 9.999 0.999 99.999 0.999
357.25 358.25   28.59 0.000  1.31 0.000 0.176 0.000 9.99 0.259  0.184 0.000  0.304 0.000  0.425 0.000   9.049 0.000   5.093 0.000   3.955 0.000 0.028 0.000  0.288 0.000
360.25 361.25   20.81 0.000  2.18 0.000 9.999 0.259 0.18 0.000  1.582 0.000  0.911 0.000  1.275 0.000  22.758 0.000   7.721 0.000  15.036 0.000 0.047 0.000  0.558 0.000
363.25 364.25   32.54 0.000  2.76 0.000 9.999 0.259 0.13 0.000  1.615 0.000  0.844 0.000  1.182 0.000  26.447 0.000  10.435 0.000  16.012 0.000 0.050 0.000  0.883 0.000
