scripts/IMPROVE-2019_partial/data/US0098R.20050101080000.20191216000000.filterpack..pm25.52w.1w.US03L_filterpack_US0098.US03L_IMPROVE_Davis.lev2.nas
66 1001
MISSING INFORMATION
US03L, IMPROVE, , , , , , , 
MISSING INFORMATION
IMPROVE sel_HTAP
1 1
2005 01 01 2019 12 16
3.000000
days from file reference point
27
1 1 1 1 1 1 1 1 1 1 1 1 1 1 1 1 1 1 1 1 1 1 1 1 1 1 1
999.999999 999.99 9.999 999.99 9.999 9.999 9.999 99.99 9.999 99.999 9.999 99.999 9.999 99.999 9.999 999.99 9.999 999.999 9.999 999.999 9.999 999.999 9.999 9.999 9.999 99.999 9.999
end_time of measurement, days from the file reference point
iron, ng/m3, Revision date=20181210133000
numflag iron, no unit, Revision date=20181210133000
lead, ng/m3, Revision date=20181210133000
numflag lead, no unit, Revision date=20181210133000
magnesium, ug/m3, Revision date=20181210133000
numflag magnesium, no unit, Revision date=20181210133000
nickel, ng/m3, Revision date=20181210133000
numflag nickel, no unit, Revision date=20181210133000
nitrate, ug N/m3, Revision date=20181210133000
numflag nitrate, no unit, Revision date=20181210133000
organic_carbon, ug C/m3, Revision date=20181210133000
numflag organic_carbon, no unit, Revision date=20181210133000
organic_mass, ug/m3, Revision date=20181210133000
numflag organic_mass, no unit, Revision date=20181210133000
phosphorus, ng/m3, Revision date=20181210133000
numflag phosphorus, no unit, Revision date=20181210133000
pm10_mass, ug/m3, Version=2, Version description=Data extracted from http://views.cira.colostate.edu/fed/DataWizard 2019-12-16, Sample duration=1d, Orig. time res.=3d, Matrix=pm10, Blank correction=Blank corrected, Volume std. temperature=ambient, Volume std. pressure=ambient
numflag pm10_mass, no unit, Version=2, Version description=Data extracted from http://views.cira.colostate.edu/fed/DataWizard 2019-12-16, Sample duration=1d, Orig. time res.=3d, Matrix=pm10, Blank correction=Blank corrected, Volume std. temperature=ambient, Volume std. pressure=ambient
pm10_pm25_mass, ug/m3, Revision date=20181210133000, Matrix=pm10_pm25
numflag pm10_pm25_mass, no unit, Revision date=20181210133000, Matrix=pm10_pm25
pm25_mass, ug/m3, Version=2, Version description=Data extracted from http://views.cira.colostate.edu/fed/DataWizard 2019-12-16, Sample duration=1d, Orig. time res.=3d, Blank correction=Blank corrected, Volume std. temperature=ambient, Volume std. pressure=ambient
numflag pm25_mass, no unit, Version=2, Version description=Data extracted from http://views.cira.colostate.edu/fed/DataWizard 2019-12-16, Sample duration=1d, Orig. time res.=3d, Blank correction=Blank corrected, Volume std. temperature=ambient, Volume std. pressure=ambient
potassium, ug/m3, Revision date=20181210133000
numflag potassium, no unit, Revision date=20181210133000
sulphate_total, ug S/m3, Revision date=20181210133000
numflag sulphate_total, no unit, Revision date=20181210133000
0
25
Data definition:              EBAS_1.1
Set type code:                TU
Timezone:                     UTC
File name:                    US0098R.20050101080000.20191216000000.filterpack..pm25.52w.1w.US03L_filterpack_US0098.US03L_IMPROVE_Davis.lev2.nas
File creation:                20191218120208
Startdate:                    20050101080000
Revision date:                20191216000000
Statistics:                   arithmetic mean
Data level:                   2
Period code:                  52w
Resolution code:              1w
Station code:                 US0098R
Platform code:                US0098S
Station name:                 Point Reyes National Seashore
Station latitude:             38.1224
Station longitude:            -122.9085
Station altitude:             97.0 m
Regime:                       IMG
Component:                    
Matrix:                       pm25
Laboratory code:              US03L
Instrument type:              filterpack
Instrument name:              filterpack_US0098
Method ref:                   US03L_IMPROVE_Davis
starttime endtime Fe flag_Fe Pb flag_Pb Mg++ flag_Mg++ Ni flag_Ni NO3- flag_NO3- OC flag_OC OM flag_OM P flag_P PM10 flag_PM10 PM10-PM2.5 flag_PM10-PM2.5 PM2.5 flag_PM2.5 K+ flag_K+ SO4-- flag_SO4--
  0.333333   1.333333   0.72 0.000   0.49 0.000 0.039 0.000  0.29 0.000  0.014 0.000  0.010 0.000  0.017 0.000 999.99 0.259   7.486 0.000   5.329 0.000   2.156 0.000 0.023 0.000  0.066 0.000
  3.333333   4.333333   8.14 0.000   0.72 0.000 0.027 0.000  0.59 0.000  0.117 0.000  0.663 0.000  1.193 0.000 999.99 0.259   6.645 0.000   3.542 0.000   3.155 0.000 0.021 0.000  0.161 0.000
  6.333333   7.333333   3.45 0.000   0.57 0.000 0.040 0.000  0.27 0.000  0.313 0.000  0.431 0.000  0.776 0.000 999.99 0.259   7.548 0.000   3.031 0.000   4.516 0.000 0.028 0.000  0.298 0.000
  9.333333  10.333333   2.00 0.000   0.29 0.000 0.050 0.000  0.41 0.000  0.054 0.000  0.498 0.000  0.896 0.000 999.99 0.259   5.871 0.000   3.161 0.000   2.709 0.000 0.027 0.000  0.106 0.000
 12.333333  13.333333  16.98 0.000   0.98 0.000 9.999 0.259  0.31 0.000  1.249 0.000  1.106 0.000  1.991 0.000 999.99 0.259  12.190 0.000   0.708 0.000  11.481 0.000 0.030 0.000  0.414 0.000
 15.333333  16.333333  23.84 0.000   1.94 0.000 9.999 0.259  0.71 0.000  1.500 0.000  1.631 0.000  2.936 0.000 999.99 0.259  17.058 0.000   0.884 0.000  16.171 0.000 0.052 0.000  0.989 0.000
 18.333333  19.333333  21.94 0.000   1.29 0.000 9.999 0.259  0.49 0.000  0.936 0.000  1.205 0.000  2.170 0.000 999.99 0.259  13.754 0.000   0.432 0.000  13.325 0.000 0.046 0.000  1.408 0.000
 21.333333  22.333333  13.88 0.000   1.45 0.000 0.022 0.000  0.29 0.000  0.836 0.000  1.402 0.000  2.524 0.000 999.99 0.259  16.788 0.000   0.117 0.000  16.668 0.000 0.038 0.000  1.874 0.000
 24.333333  25.333333  26.65 0.000   1.38 0.000 0.018 0.000  1.22 0.000  0.343 0.000  1.068 0.000  1.922 0.000 999.99 0.259  13.476 0.000   3.680 0.000   9.794 0.000 0.045 0.000  1.255 0.000
 27.333333  28.333333   0.81 0.000   0.17 0.000 0.198 0.000  0.50 0.000  0.034 0.000  0.113 0.000  0.203 0.000 999.99 0.259  19.971 0.000  14.102 0.000   5.870 0.000 0.048 0.000  0.155 0.000
 30.333333  31.333333   4.24 0.000   0.56 0.000 0.141 0.000  0.24 0.000  0.148 0.000  0.892 0.000  1.606 0.000 999.99 0.259  19.932 0.000  12.853 0.000   7.079 0.000 0.057 0.000  0.161 0.000
 33.333333  34.333333  36.08 0.000   2.12 0.000 0.016 0.000  1.63 0.000  0.677 0.000  1.635 0.000  2.942 0.000 999.99 0.259  16.380 0.000   9.621 0.000   6.757 0.000 0.043 0.000  0.370 0.000
 36.333333  37.333333   4.09 0.000   0.29 0.000 0.059 0.000  0.11 0.000  0.041 0.000  0.958 0.000  1.724 0.000 999.99 0.259  11.475 0.000   7.274 0.000   4.201 0.000 0.040 0.000  0.115 0.000
 39.333333  40.333333 999.99 0.999 999.99 0.999 9.999 0.999 99.99 0.999 99.999 0.999 99.999 0.999 99.999 0.999 999.99 0.999 999.999 0.999 999.999 0.999 999.999 0.999 9.999 0.999 99.999 0.999
 42.333333  43.333333  21.26 0.000   1.14 0.000 0.021 0.000  0.71 0.000  0.324 0.000  0.949 0.000  1.708 0.000 999.99 0.259  14.855 0.000   8.063 0.000   6.792 0.000 0.040 0.000  0.512 0.000
 45.333333  46.333333   8.67 0.000   0.55 0.000 9.999 0.259  0.19 0.000  0.386 0.000  0.686 0.000  1.235 0.000 999.99 0.259   4.848 0.000   0.960 0.000   3.901 0.000 0.019 0.000  0.292 0.000
 48.333333  49.333333  10.80 0.000   0.81 0.000 9.999 0.259  0.21 0.000  0.074 0.000  0.480 0.000  0.864 0.000 999.99 0.259   3.563 0.000   1.281 0.000   2.282 0.000 0.015 0.000  0.154 0.000
 51.333333  52.333333   7.65 0.000   0.55 0.000 9.999 0.259  0.19 0.000  0.150 0.000  0.643 0.000  1.157 0.000 999.99 0.259   3.386 0.000   1.555 0.000   1.832 0.000 0.010 0.000  0.151 0.000
 54.333333  55.333333   5.82 0.000   0.51 0.000 0.036 0.000  0.53 0.000  0.154 0.000  0.528 0.000  0.951 0.000 999.99 0.259  11.363 0.000   6.353 0.000   5.010 0.000 0.027 0.000  0.528 0.000
 57.333333  58.333333   4.02 0.000   0.29 0.000 0.031 0.000  0.39 0.000  0.037 0.000  0.200 0.000  0.360 0.000 999.99 0.259   4.833 0.000   2.950 0.000   1.883 0.000 0.018 0.000  0.124 0.000
 60.333333  61.333333 999.99 0.999 999.99 0.999 9.999 0.999 99.99 0.999 99.999 0.999 99.999 0.999 99.999 0.999 999.99 0.999 999.999 0.999 999.999 0.999 999.999 0.999 9.999 0.999 99.999 0.999
 63.333333  64.333333   3.45 0.000   0.70 0.000 0.241 0.000 99.99 0.259  0.095 0.000  0.672 0.000  1.209 0.000 999.99 0.259  24.745 0.000  16.703 0.000   8.040 0.000 0.073 0.000  0.226 0.000
 66.333333  67.333333   7.30 0.000   0.76 0.000 9.999 0.259  0.51 0.000  0.121 0.000  0.640 0.000  1.153 0.000 999.99 0.259   8.263 0.000   3.848 0.000   4.432 0.000 0.040 0.000  0.322 0.000
 69.333333  70.333333  47.73 0.000   1.37 0.000 0.063 0.000  0.43 0.000  0.167 0.000  1.309 0.000  2.356 0.000 999.99 0.259  22.475 0.000  15.676 0.000   6.798 0.000 0.073 0.000  0.272 0.000
 72.333333  73.333333  44.38 0.000   1.59 0.000 9.999 0.259 99.99 0.259  0.026 0.000  0.677 0.000  1.220 0.000 999.99 0.259  12.415 0.000   9.064 0.000   3.350 0.000 0.046 0.000  0.258 0.000
 75.333333  76.333333  88.35 0.000   2.83 0.000 0.029 0.000  1.12 0.000  0.158 0.000  0.746 0.000  1.343 0.000 999.99 0.259  14.523 0.000   8.943 0.000   5.578 0.000 0.066 0.000  0.620 0.000
 78.333333  79.333333   5.73 0.000   0.36 0.000 0.224 0.000  0.42 0.000  0.047 0.000  0.234 0.000  0.420 0.000 999.99 0.259  20.502 0.000  13.860 0.000   6.642 0.000 0.059 0.000  0.236 0.000
 81.333333  82.333333  16.61 0.000   1.93 0.000 0.075 0.000  0.39 0.000  0.081 0.000  0.298 0.000  0.537 0.000 999.99 0.259  15.368 0.000  10.005 0.000   5.363 0.000 0.058 0.000  0.504 0.000
 84.333333  85.333333  10.66 0.000   1.04 0.000 0.020 0.000  0.93 0.000  0.111 0.000  0.483 0.000  0.870 0.000 999.99 0.259   7.281 0.000   4.595 0.000   2.685 0.000 0.022 0.000  0.251 0.000
 87.333333  88.333333   7.72 0.000   1.07 0.000 0.156 0.000  0.33 0.000  0.043 0.000  0.141 0.000  0.254 0.000 999.99 0.259  16.224 0.000  10.458 0.000   5.906 0.000 0.051 0.000  0.306 0.000
 90.333333  91.333333  11.18 0.000   1.18 0.000 0.100 0.000  0.29 0.000  0.133 0.000  0.532 0.000  0.957 0.000 999.99 0.259  15.726 0.000   9.411 0.000   6.314 0.000 0.056 0.000  0.624 0.000
 93.333333  94.333333   4.46 0.000   0.72 0.000 0.080 0.000 99.99 0.259  0.034 0.000  0.064 0.000  0.115 0.000 999.99 0.259  16.149 0.000  13.049 0.000   3.101 0.000 0.032 0.000  0.263 0.000
 96.333333  97.333333   2.69 0.000 999.99 0.259 9.999 0.259  0.27 0.000  0.032 0.000  0.124 0.000  0.223 0.000 999.99 0.259  11.650 0.000   8.819 0.000   2.832 0.000 0.031 0.000  0.180 0.000
 99.333333 100.333333   9.95 0.000   1.24 0.000 0.148 0.000 99.99 0.259  0.077 0.000  0.259 0.000  0.467 0.000 999.99 0.259  20.378 0.000  14.313 0.000   6.065 0.000 0.064 0.000  0.351 0.000
102.333333 103.333333   5.43 0.000 999.99 0.259 0.107 0.000 99.99 0.259  0.025 0.000  0.136 0.000  0.244 0.000 999.99 0.259  14.648 0.000  11.139 0.000   3.509 0.000 0.033 0.000  0.137 0.000
105.333333 106.333333  21.19 0.000   0.99 0.000 0.023 0.000  0.52 0.000  0.036 0.000  0.053 0.000  0.095 0.000 999.99 0.259   7.085 0.000   4.780 0.000   2.304 0.000 0.033 0.000  0.310 0.000
108.333333 109.333333  10.46 0.000   0.39 0.000 0.144 0.000  0.23 0.000  0.101 0.000  0.442 0.000  0.796 0.000 999.99 0.259  21.248 0.000  14.977 0.000   6.488 0.000 0.062 0.000  0.242 0.000
111.333333 112.333333  37.37 0.000   0.87 0.000 0.042 0.000  0.60 0.000  0.233 0.000  0.875 0.000  1.575 0.000 999.99 0.259  14.992 0.000   8.362 0.000   6.629 0.000 0.051 0.000  0.601 0.000
114.333333 115.333333  13.45 0.000   0.83 0.000 0.031 0.000  0.43 0.000  0.090 0.000  0.301 0.000  0.543 0.000 999.99 0.259   8.476 0.000   5.200 0.000   3.275 0.000 0.027 0.000  0.358 0.000
117.333333 118.333333  14.01 0.000   0.70 0.000 9.999 0.259  1.03 0.000  0.104 0.000  0.497 0.000  0.894 0.000 999.99 0.259   7.446 0.000   4.215 0.000   3.231 0.000 0.024 0.000  0.418 0.000
120.333333 121.333333  36.02 0.000   0.57 0.000 9.999 0.259  1.05 0.000  0.119 0.000  0.162 0.000  0.291 0.000 999.99 0.259   5.702 0.000   3.474 0.000   2.228 0.000 0.014 0.000  0.303 0.000
123.333333 124.333333  10.62 0.000   0.66 0.000 9.999 0.259  0.44 0.000  0.038 0.000  0.329 0.000  0.591 0.000 999.99 0.259   3.637 0.000   1.596 0.000   2.041 0.000 0.019 0.000  0.296 0.000
126.333333 127.333333   3.57 0.000   0.55 0.000 9.999 0.259  0.56 0.000  0.034 0.000  0.268 0.000  0.483 0.000 999.99 0.259   4.168 0.000   2.800 0.000   1.368 0.000 0.010 0.000  0.177 0.000
129.333333 130.333333   7.14 0.000   0.45 0.000 9.999 0.259  0.29 0.000  0.040 0.000  0.382 0.000  0.688 0.000 999.99 0.259   9.165 0.000   6.811 0.000   2.498 0.000 0.022 0.000  0.195 0.000
132.333333 133.333333  10.28 0.000   0.57 0.000 0.044 0.000  0.63 0.000  0.116 0.000  0.440 0.000  0.792 0.000 999.99 0.259  10.605 0.000   6.284 0.000   4.321 0.000 0.033 0.000  0.479 0.000
135.333333 136.333333  12.66 0.000   1.04 0.000 0.055 0.000  0.27 0.000  0.068 0.000  0.287 0.000  0.517 0.000 999.99 0.259  13.204 0.000   8.368 0.000   4.836 0.000 0.045 0.000  0.533 0.000
138.333333 139.333333   9.50 0.000   0.67 0.000 0.058 0.000  1.04 0.000  0.111 0.000  0.225 0.000  0.406 0.000 999.99 0.259   7.502 0.000   3.899 0.000   3.603 0.000 0.028 0.000  0.445 0.000
141.333333 142.333333   6.44 0.000   0.40 0.000 0.330 0.000 99.99 0.259  0.070 0.000  0.605 0.000  1.088 0.000 999.99 0.259  24.839 0.000  16.758 0.000   8.081 0.000 0.074 0.000  0.348 0.000
144.333333 145.333333  12.34 0.000   0.60 0.000 0.223 0.000  1.62 0.000  0.359 0.000  0.733 0.000  1.320 0.000 999.99 0.259  22.601 0.000  11.069 0.000  11.531 0.000 0.088 0.000  0.886 0.000
147.333333 148.333333   7.58 0.000 999.99 0.259 0.048 0.000  0.57 0.000  0.104 0.000  0.571 0.000  1.028 0.000 999.99 0.259  13.464 0.000   8.190 0.000   5.274 0.000 0.033 0.000  0.527 0.000
150.333333 151.333333   7.38 0.000   0.15 0.000 0.222 0.000  0.49 0.000  0.102 0.000  0.405 0.000  0.728 0.000 999.99 0.259  21.915 0.000  12.873 0.000   9.232 0.000 0.070 0.000  0.658 0.000
153.333333 154.333333   4.16 0.000 999.99 0.259 0.420 0.000  0.33 0.000  0.117 0.000  0.468 0.000  0.842 0.000 999.99 0.259  30.483 0.000  18.308 0.000  12.174 0.000 0.097 0.000  0.556 0.000
156.333333 157.333333   5.00 0.000   0.26 0.000 0.148 0.000  0.24 0.000  0.076 0.000  0.530 0.000  0.953 0.000 999.99 0.259  17.889 0.000  11.495 0.000   6.394 0.000 0.049 0.000  0.491 0.000
159.333333 160.333333   0.37 0.000   0.23 0.000 0.024 0.000  0.20 0.000  0.025 0.000  0.130 0.000  0.235 0.000 999.99 0.259   2.961 0.000   1.557 0.000   1.404 0.000 0.008 0.000  0.135 0.000
162.333333 163.333333   2.62 0.000  13.52 0.000 0.460 0.000 99.99 0.259  0.063 0.000  0.368 0.000  0.663 0.000 999.99 0.259  30.214 0.000  19.589 0.000  10.625 0.000 0.093 0.000  0.374 0.000
165.333333 166.333333 999.99 0.999 999.99 0.999 9.999 0.999 99.99 0.999 99.999 0.999 99.999 0.999 99.999 0.999 999.99 0.999 999.999 0.999 999.999 0.999 999.999 0.999 9.999 0.999 99.999 0.999
168.333333 169.333333   3.97 0.000   0.18 0.000 0.121 0.000  0.49 0.000  0.077 0.000  0.317 0.000  0.571 0.000 999.99 0.259  12.928 0.000   7.908 0.000   5.020 0.000 0.038 0.000  0.312 0.000
171.333333 172.333333   2.35 0.000   0.22 0.000 0.033 0.000  0.72 0.000  0.101 0.000  0.978 0.000  1.760 0.000 999.99 0.259   6.122 0.000   2.540 0.000   3.620 0.000 0.014 0.000  0.500 0.000
174.333333 175.333333   2.47 0.000   0.39 0.000 0.044 0.000  0.27 0.000  0.062 0.000  0.312 0.000  0.562 0.000 999.99 0.259   6.868 0.000   2.753 0.000   4.114 0.000 0.022 0.000  0.505 0.000
177.333333 178.333333   1.56 0.000   0.28 0.000 0.010 0.000  0.24 0.000  0.029 0.000  0.235 0.000  0.424 0.000 999.99 0.259   4.866 0.000   2.614 0.000   2.252 0.000 0.010 0.000  0.310 0.000
180.333333 181.333333   2.04 0.000   0.34 0.000 9.999 0.259  1.28 0.000  0.109 0.000  0.592 0.000  1.065 0.000 999.99 0.259   7.534 0.000   2.449 0.000   5.085 0.000 0.021 0.000  0.764 0.000
183.333333 184.333333   2.52 0.000   0.57 0.000 0.217 0.000  0.20 0.000  0.113 0.000  0.456 0.000  0.821 0.000 999.99 0.259  22.299 0.000  13.037 0.000   9.261 0.000 0.079 0.000  0.487 0.000
186.333333 187.333333   0.66 0.000 999.99 0.259 0.084 0.000  0.23 0.000  0.031 0.000 99.999 0.259 99.999 0.259 999.99 0.259   6.184 0.000   3.456 0.000   2.727 0.000 0.018 0.000  0.186 0.000
189.333333 190.333333   0.66 0.000   0.23 0.000 9.999 0.259  0.75 0.000  0.026 0.000  0.111 0.000  0.200 0.000 999.99 0.259   2.695 0.000   1.026 0.000   1.669 0.000 0.004 0.000  0.260 0.000
192.333333 193.333333   1.82 0.000   0.26 0.000 0.203 0.000  0.11 0.000  0.052 0.000  0.059 0.000  0.105 0.000 999.99 0.259   6.838 0.000 999.999 0.259   7.120 0.000 0.053 0.000  0.385 0.000
195.333333 196.333333   2.84 0.000   0.34 0.000 0.061 0.000  0.33 0.000  0.042 0.000  0.384 0.000  0.692 0.000 999.99 0.259   7.122 0.000   2.988 0.000   4.133 0.000 0.024 0.000  0.375 0.000
198.333333 199.333333   1.93 0.000   0.53 0.000 9.999 0.259  0.56 0.000  0.023 0.000  3.314 0.000  5.965 0.000 999.99 0.259   3.875 0.000   0.771 0.000   3.103 0.000 0.010 0.000  0.464 0.000
201.333333 202.333333   6.46 0.000 999.99 0.259 0.075 0.000  0.36 0.000  0.091 0.000  0.355 0.000  0.640 0.000 999.99 0.259  11.021 0.000   5.085 0.000   5.936 0.000 0.037 0.000  0.732 0.000
204.333333 205.333333   6.25 0.000   0.19 0.000 0.269 0.000  0.60 0.000  0.251 0.000  0.810 0.000  1.459 0.000 999.99 0.259  21.794 0.000   9.109 0.000  12.683 0.000 0.086 0.000  0.964 0.000
207.333333 208.333333   3.93 0.000   0.31 0.000 0.026 0.000  0.76 0.000  0.071 0.000  0.293 0.000  0.528 0.000 999.99 0.259   6.180 0.000   1.273 0.000   4.906 0.000 0.016 0.000  0.832 0.000
210.333333 211.333333   4.51 0.000   0.30 0.000 9.999 0.259  1.11 0.000  0.070 0.000  0.483 0.000  0.870 0.000 999.99 0.259   8.250 0.000   1.523 0.000   6.726 0.000 0.014 0.000  1.257 0.000
213.333333 214.333333   1.71 0.000   0.40 0.000 9.999 0.259  0.48 0.000  0.134 0.000  0.239 0.000  0.430 0.000 999.99 0.259  11.127 0.000   5.445 0.000   5.766 0.000 0.038 0.000  0.572 0.000
216.333333 217.333333   5.78 0.000   0.23 0.000 9.999 0.259  0.30 0.000  0.074 0.000  0.301 0.000  0.541 0.000 999.99 0.259   4.539 0.000   2.491 0.000   2.048 0.000 0.005 0.000  0.275 0.000
219.333333 220.333333   0.86 0.000   0.34 0.000 0.010 0.000  0.62 0.000  0.046 0.000  0.179 0.000  0.322 0.000 999.99 0.259   3.298 0.000   0.548 0.000   2.749 0.000 0.003 0.000  0.471 0.000
222.333333 223.333333   3.77 0.000 999.99 0.259 0.105 0.000  0.53 0.000  0.132 0.000  1.611 0.000  2.899 0.000 999.99 0.259  13.755 0.000   5.171 0.000   8.584 0.000 0.054 0.000  0.662 0.000
225.333333 226.333333   3.61 0.000   0.21 0.000 9.999 0.259  0.30 0.000  0.030 0.000  0.369 0.000  0.664 0.000 999.99 0.259   3.462 0.000   0.779 0.000   2.683 0.000 0.008 0.000  0.290 0.000
228.333333 229.333333 999.99 0.999 999.99 0.999 9.999 0.999 99.99 0.999 99.999 0.999 99.999 0.999 99.999 0.999 999.99 0.999 999.999 0.999 999.999 0.999 999.999 0.999 9.999 0.999 99.999 0.999
231.333333 232.333333   1.22 0.000 999.99 0.259 9.999 0.259  0.23 0.000  0.039 0.000  0.059 0.000  0.106 0.000 999.99 0.259   2.245 0.000   0.975 0.000   1.252 0.000 0.010 0.000  0.146 0.000
234.333333 235.333333   5.15 0.000 999.99 0.259 0.144 0.000  1.03 0.000  0.098 0.000  0.633 0.000  1.139 0.000 999.99 0.259  12.136 0.000   5.494 0.000   6.607 0.000 0.046 0.000  0.461 0.000
237.333333 238.333333   8.91 0.000   0.45 0.000 9.999 0.259  0.74 0.000  0.292 0.000  1.514 0.000  2.726 0.000 999.99 0.259  12.577 0.000   3.632 0.000   8.849 0.000 0.036 0.000  0.911 0.000
240.333333 241.333333   7.86 0.000   0.37 0.000 0.306 0.000  0.29 0.000  0.072 0.000  0.241 0.000  0.433 0.000 999.99 0.259  25.512 0.000  17.257 0.000   8.015 0.000 0.066 0.000  0.342 0.000
243.333333 244.333333   8.68 0.000   0.57 0.000 0.127 0.000  0.98 0.000  0.223 0.000  0.490 0.000  0.882 0.000 999.99 0.259  19.391 0.000   9.778 0.000   9.447 0.000 0.063 0.000  1.016 0.000
246.333333 247.333333   1.89 0.000   0.37 0.000 0.170 0.000  0.40 0.000  0.133 0.000  0.354 0.000  0.638 0.000 999.99 0.259  16.751 0.000  10.185 0.000   6.413 0.000 0.046 0.000  0.491 0.000
