scripts/IMPROVE-2019_partial/data/US0065R.20070103050000.20191216000000.filterpack...1y.3d.US03L_filterpack_US0065.US03L_IMPROVE_Davis.lev2.nas
51 1001
MISSING INFORMATION
US03L, IMPROVE, , , , , , , 
MISSING INFORMATION
IMPROVE sel_HTAP
1 1
2007 01 01 2019 12 16
3.000000
days from file reference point
4
1 1 1 1
999.999999 999.999 999.999 9.999
end_time of measurement, days from the file reference point
pm10_mass, ug/m3, Matrix=pm10
pm25_mass, ug/m3, Matrix=pm25
numflag, no unit
0
33
Data definition:              EBAS_1.1
Set type code:                TU
Timezone:                     UTC
File name:                    US0065R.20070103050000.20191216000000.filterpack...1y.3d.US03L_filterpack_US0065.US03L_IMPROVE_Davis.lev2.nas
File creation:                20191218115942
Startdate:                    20070103050000
Revision date:                20191216000000
Version:                      2
Version description:          "Data extracted from http://views.cira.colostate.edu/fed/DataWizard 2019-12-16"
Statistics:                   arithmetic mean
Data level:                   2
Period code:                  1y
Resolution code:              3d
Sample duration:              1d
Orig. time res.:              3d
Station code:                 US0065R
Platform code:                US0065S
Station name:                 Addison Pinnacle
Station latitude:             42.0912
Station longitude:            -77.2099
Station altitude:             512.0 m
Regime:                       IMG
Component:                    
Unit:                         ug/m3
Matrix:                       
Laboratory code:              US03L
Instrument type:              filterpack
Instrument name:              filterpack_US0065
Method ref:                   US03L_IMPROVE_Davis
Blank correction:             Blank corrected
Volume std. temperature:      ambient
Volume std. pressure:         ambient
starttime endtime PM10 PM2.5 flag
  2.208333   3.208333   5.942   4.815 0.000
  5.208333   6.208333   3.326   2.565 0.000
  8.208333   9.208333   3.899   2.700 0.000
 11.208333  12.208333  12.108   8.538 0.000
 14.208333  15.208333   2.637   2.256 0.000
 17.208333  18.208333  11.084   8.166 0.000
 20.208333  21.208333   6.909   4.824 0.000
 23.208333  24.208333   6.653   6.472 0.000
 26.208333  27.208333   8.920   8.335 0.000
 29.208333  30.208333  10.089   8.849 0.000
 32.208333  33.208333  19.190  16.508 0.000
 35.208333  36.208333   7.372   4.052 0.000
 38.208333  39.208333   9.293   6.342 0.000
 41.208333  42.208333  11.859   7.937 0.000
 44.208333  45.208333   5.640   3.615 0.000
 47.208333  48.208333   8.544   7.091 0.000
 50.208333  51.208333  10.842   7.807 0.000
 53.208333  54.208333   3.808   2.069 0.000
 56.208333  57.208333   5.871   5.824 0.000
 59.208333  60.208333  12.761  10.801 0.000
 62.208333  63.208333   2.953   2.301 0.000
 65.208333  66.208333   6.095   4.399 0.000
 68.208333  69.208333  20.917  18.215 0.000
 71.208333  72.208333  12.604   8.782 0.000
 74.208333  75.208333   7.616   5.125 0.000
 77.208333  78.208333   6.010   4.638 0.000
 80.208333  81.208333  20.518  10.831 0.000
 83.208333  84.208333   4.693   4.077 0.000
 86.208333  87.208333   4.723   2.685 0.000
 89.208333  90.208333   7.214   3.933 0.000
 92.208333  93.208333   8.885   6.722 0.000
 95.208333  96.208333   3.388   2.399 0.000
 98.208333  99.208333   5.432   5.001 0.000
101.208333 102.208333   7.882   7.168 0.000
104.208333 105.208333   3.086   2.821 0.000
107.208333 108.208333   4.135   3.020 0.000
110.208333 111.208333   7.481   4.375 0.000
113.208333 114.208333   8.063   6.106 0.000
116.208333 117.208333  11.640  10.029 0.000
119.208333 120.208333   6.583   3.478 0.000
122.208333 123.208333   5.163   2.921 0.000
125.208333 126.208333   5.777   2.533 0.000
128.208333 129.208333  20.771   8.779 0.000
131.208333 132.208333   6.829   3.684 0.000
134.208333 135.208333  26.508  15.659 0.000
137.208333 138.208333   6.038   3.040 0.000
140.208333 141.208333   6.229   2.656 0.000
143.208333 144.208333  37.775  22.289 0.000
146.208333 147.208333  28.604  21.800 0.000
149.208333 150.208333  10.946   4.706 0.000
152.208333 153.208333  32.585  26.207 0.000
155.208333 156.208333  15.026   6.134 0.000
158.208333 159.208333  29.476  20.286 0.000
161.208333 162.208333  12.302   6.964 0.000
164.208333 165.208333  17.510   8.576 0.000
167.208333 168.208333  28.803  18.356 0.000
170.208333 171.208333  12.163   4.470 0.000
173.208333 174.208333   8.823   3.058 0.000
176.208333 177.208333  43.766  28.631 0.000
179.208333 180.208333   8.908   3.098 0.000
182.208333 183.208333   5.477   2.838 0.000
185.208333 186.208333  21.926  16.563 0.000
188.208333 189.208333  18.874  12.133 0.000
191.208333 192.208333  30.392  24.796 0.000
194.208333 195.208333  15.643  12.118 0.000
197.208333 198.208333  15.120  11.370 0.000
200.208333 201.208333   8.310   4.441 0.000
203.208333 204.208333   9.162   6.273 0.000
206.208333 207.208333  24.373  21.216 0.000
209.208333 210.208333  21.698  19.794 0.000
212.208333 213.208333  17.620  12.255 0.000
215.208333 216.208333  19.450  14.853 0.000
218.208333 219.208333  22.263  19.835 0.000
221.208333 222.208333   8.382   5.313 0.000
224.208333 225.208333  13.083   9.616 0.000
227.208333 228.208333  19.647  14.600 0.000
230.208333 231.208333   7.673   4.088 0.000
233.208333 234.208333  10.909   8.155 0.000
236.208333 237.208333  28.942  22.762 0.000
239.208333 240.208333  12.785   9.602 0.000
242.208333 243.208333   5.682   2.389 0.000
245.208333 246.208333  17.551  12.965 0.000
248.208333 249.208333  35.987  28.343 0.000
251.208333 252.208333   9.254   6.941 0.000
254.208333 255.208333   3.809   2.103 0.000
257.208333 258.208333   3.106   1.898 0.000
260.208333 261.208333   9.579   6.708 0.000
263.208333 264.208333  24.014  20.828 0.000
266.208333 267.208333   7.555   3.354 0.000
269.208333 270.208333  10.704   8.207 0.000
272.208333 273.208333   8.129   5.986 0.000
275.208333 276.208333  16.921  10.102 0.000
278.208333 279.208333  18.946  15.376 0.000
281.208333 282.208333  20.872  17.340 0.000
284.208333 285.208333   3.598   2.335 0.000
287.208333 288.208333   5.567   3.947 0.000
290.208333 291.208333  25.397  21.550 0.000
293.208333 294.208333  10.216   5.725 0.000
296.208333 297.208333   4.854   3.158 0.000
299.208333 300.208333   4.239   3.016 0.000
302.208333 303.208333  12.101   7.798 0.000
305.208333 306.208333   4.842   2.902 0.000
308.208333 309.208333  12.986   8.529 0.000
311.208333 312.208333   7.022   4.844 0.000
314.208333 315.208333   7.182   5.917 0.000
317.208333 318.208333   9.801   7.822 0.000
320.208333 321.208333   2.874   2.370 0.000
323.208333 324.208333   7.238   6.227 0.000
326.208333 327.208333   3.578   2.676 0.000
329.208333 330.208333   5.748   6.053 0.000
332.208333 333.208333  12.058   6.820 0.000
335.208333 336.208333  10.059   8.412 0.000
338.208333 339.208333 999.999 999.999 0.999
341.208333 342.208333  10.885  10.205 0.000
344.208333 345.208333   7.325   7.232 0.000
347.208333 348.208333   6.928   6.117 0.000
350.208333 351.208333   3.425   2.623 0.000
353.208333 354.208333  12.855  11.644 0.000
356.208333 357.208333   3.703   3.345 0.000
359.208333 360.208333  13.665  11.264 0.000
362.208333 363.208333   5.229   4.715 0.000
