scripts/IMPROVE-2019_partial/data/US0048R.20170101060000.20191216000000.filterpack...52w.3d.US03L_filterpack_US0048.US03L_IMPROVE_Davis.lev2.nas
51 1001
MISSING INFORMATION
US03L, IMPROVE, , , , , , , 
MISSING INFORMATION
IMPROVE sel_HTAP
1 1
2017 01 01 2019 12 16
3.00
days from file reference point
4
1 1 1 1
999.99 999.999 999.999 9.999
end_time of measurement, days from the file reference point
pm10_mass, ug/m3, Matrix=pm10
pm25_mass, ug/m3, Matrix=pm25
numflag, no unit
0
33
Data definition:              EBAS_1.1
Set type code:                TU
Timezone:                     UTC
File name:                    US0048R.20170101060000.20191216000000.filterpack...52w.3d.US03L_filterpack_US0048.US03L_IMPROVE_Davis.lev2.nas
File creation:                20191218115820
Startdate:                    20170101060000
Revision date:                20191216000000
Version:                      2
Version description:          "Data extracted from http://views.cira.colostate.edu/fed/DataWizard 2019-12-16"
Statistics:                   arithmetic mean
Data level:                   2
Period code:                  52w
Resolution code:              3d
Sample duration:              1d
Orig. time res.:              3d
Station code:                 US0048R
Platform code:                US0048S
Station name:                 Boundary Waters Canoe Area
Station latitude:             47.9466
Station longitude:            -91.4955
Station altitude:             526.0 m
Regime:                       IMG
Component:                    
Unit:                         ug/m3
Matrix:                       
Laboratory code:              US03L
Instrument type:              filterpack
Instrument name:              filterpack_US0048
Method ref:                   US03L_IMPROVE_Davis
Blank correction:             Blank corrected
Volume std. temperature:      ambient
Volume std. pressure:         ambient
starttime endtime PM10 PM2.5 flag
  0.25   1.25   2.673   2.241 0.000
  3.25   4.25   2.348   1.457 0.000
  6.25   7.25   3.714   2.655 0.000
  9.25  10.25  13.703  11.255 0.000
 12.25  13.25   2.795   2.261 0.000
 15.25  16.25  14.898  12.196 0.000
 18.25  19.25   8.441   6.903 0.000
 21.25  22.25   0.413   0.212 0.000
 24.25  25.25   0.752   1.080 0.000
 27.25  28.25   1.767   1.530 0.000
 30.25  31.25   1.916   1.501 0.000
 33.25  34.25   3.689   2.540 0.000
 36.25  37.25   1.404   1.018 0.000
 39.25  40.25   3.823   3.211 0.000
 42.25  43.25   3.829   2.992 0.000
 45.25  46.25   2.203   1.799 0.000
 48.25  49.25   0.329   1.150 0.000
 51.25  52.25   2.995   2.034 0.000
 54.25  55.25  11.150   9.796 0.000
 57.25  58.25   3.788   2.498 0.000
 60.25  61.25   2.609   1.424 0.000
 63.25  64.25  16.152   9.837 0.000
 66.25  67.25  10.513   2.203 0.000
 69.25  70.25   5.179   2.744 0.000
 72.25  73.25   4.731   2.110 0.000
 75.25  76.25   5.008   3.045 0.000
 78.25  79.25   2.860   1.705 0.000
 81.25  82.25   5.568   4.177 0.000
 84.25  85.25   2.490   1.895 0.000
 87.25  88.25   1.543   1.336 0.000
 90.25  91.25   3.667   2.365 0.000
 93.25  94.25   1.972   1.415 0.000
 96.25  97.25   1.892   0.746 0.000
 99.25 100.25   1.876   1.076 0.000
102.25 103.25   6.721   3.974 0.000
105.25 106.25   2.107   1.545 0.000
108.25 109.25   1.077   0.777 0.000
111.25 112.25   2.675   1.749 0.000
114.25 115.25   4.456   2.337 0.000
117.25 118.25   2.045   1.351 0.000
120.25 121.25   1.953   1.428 0.000
123.25 124.25   2.912   1.922 0.000
126.25 127.25   2.149   1.685 0.000
129.25 130.25   4.129   1.538 0.000
132.25 133.25   3.469   1.810 0.000
135.25 136.25   4.431   3.034 0.000
138.25 139.25   4.891   2.488 0.000
141.25 142.25   1.600   0.636 0.000
144.25 145.25   3.836   2.067 0.000
147.25 148.25   5.900   2.542 0.000
150.25 151.25   5.298   1.264 0.000
153.25 154.25  12.563   4.398 0.000
156.25 157.25   6.137   1.710 0.000
159.25 160.25  10.042   3.804 0.000
162.25 163.25   8.183   3.240 0.000
165.25 166.25   8.254   3.331 0.000
168.25 169.25   1.098   0.697 0.000
171.25 172.25   4.642   1.752 0.000
174.25 175.25   2.662   0.600 0.000
177.25 178.25   7.540   2.979 0.000
180.25 181.25   5.966   3.143 0.000
183.25 184.25   4.578   2.340 0.000
186.25 187.25   8.079   4.196 0.000
189.25 190.25 999.999   4.467 0.000
192.25 193.25 999.999   2.333 0.000
195.25 196.25 999.999   3.661 0.000
198.25 199.25 999.999  10.424 0.000
201.25 202.25  10.169   6.301 0.000
204.25 205.25   5.440   3.058 0.000
207.25 208.25   9.001   5.927 0.000
210.25 211.25  12.447 999.999 0.000
213.25 214.25   3.088 999.999 0.000
216.25 217.25   4.629   3.385 0.000
219.25 220.25   7.793   4.702 0.000
222.25 223.25   8.335   6.207 0.000
225.25 226.25   7.447   5.156 0.000
228.25 229.25   6.211   4.354 0.000
231.25 232.25  13.955   9.071 0.000
234.25 235.25   3.845   1.932 0.000
237.25 238.25   4.235   2.537 0.000
240.25 241.25   9.305   5.013 0.000
243.25 244.25   8.509   5.801 0.000
246.25 247.25   8.656   5.981 0.000
249.25 250.25   4.098   1.752 0.000
252.25 253.25  12.267   5.152 0.000
255.25 256.25  25.716  10.962 0.000
258.25 259.25  10.074   4.675 0.000
261.25 262.25   6.783   3.001 0.000
264.25 265.25   8.908   4.224 0.000
267.25 268.25   3.228   0.752 0.000
270.25 271.25   5.962   2.994 0.000
273.25 274.25   8.669   2.841 0.000
276.25 277.25   4.992   2.052 0.000
279.25 280.25   6.412   2.980 0.000
282.25 283.25   6.652   2.330 0.000
285.25 286.25   8.164   3.142 0.000
288.25 289.25   6.737   1.942 0.000
291.25 292.25  11.865   2.619 0.000
294.25 295.25   4.965   2.105 0.000
297.25 298.25   2.032   1.494 0.000
300.25 301.25   0.968   0.695 0.000
303.25 304.25   0.636   0.426 0.000
306.25 307.25   1.480   0.774 0.000
309.25 310.25   3.598   2.605 0.000
312.25 313.25   3.484   0.865 0.000
315.25 316.25  15.269   7.656 0.000
318.25 319.25   2.813   1.238 0.000
321.25 322.25   6.994   5.096 0.000
324.25 325.25   4.630   1.315 0.000
327.25 328.25   5.419   2.543 0.000
330.25 331.25   4.937   3.098 0.000
333.25 334.25   4.294   1.758 0.000
336.25 337.25   9.036   3.813 0.000
339.25 340.25   2.993   0.848 0.000
342.25 343.25   1.788   1.362 0.000
345.25 346.25   1.211   0.645 0.000
348.25 349.25   0.978   0.701 0.000
351.25 352.25   6.232   5.980 0.000
354.25 355.25   1.317   0.963 0.000
357.25 358.25   2.060   1.698 0.000
360.25 361.25   3.018   2.380 0.000
363.25 364.25   1.797   1.448 0.000
