scripts/IMPROVE-2019_partial/data/US0089R.20000101070000.20191216000000.filterpack..pm25.52w.1w.US03L_filterpack_US0089.US03L_IMPROVE_Davis.lev2.nas
64 1001
MISSING INFORMATION
US03L, IMPROVE, , , , , , , 
MISSING INFORMATION
IMPROVE sel_HTAP
1 1
2000 01 01 2019 12 16
0
days from file reference point
25
1 1 1 1 1 1 1 1 1 1 1 1 1 1 1 1 1 1 1 1 1 1 1 1 1
999.999999 9999.99 9.999 99.99 9.999999 9.999 9.999999 9.99 9.999999 9.999 9.999 99.999 9.999 99.999 9.999 999.999 9.999 99.999 9.999 999.999 9.999 9.999 9.999 9.999 9.999
end_time of measurement, days from the file reference point
iron, ng/m3, Revision date=20181210133000
numflag iron, no unit, Revision date=20181210133000
lead, ng/m3, Revision date=20181210133000
numflag lead, no unit, Revision date=20181210133000
magnesium, ug/m3, Revision date=20181210133000
numflag magnesium, no unit, Revision date=20181210133000
nickel, ng/m3, Revision date=20181210133000
numflag nickel, no unit, Revision date=20181210133000
nitrate, ug N/m3, Revision date=20181210133000
numflag nitrate, no unit, Revision date=20181210133000
organic_carbon, ug C/m3, Revision date=20181210133000
numflag organic_carbon, no unit, Revision date=20181210133000
organic_mass, ug/m3, Revision date=20181210133000
numflag organic_mass, no unit, Revision date=20181210133000
pm10_mass, ug/m3, Version=2, Version description=Data extracted from http://views.cira.colostate.edu/fed/DataWizard 2019-12-16, Sample duration=1d, Orig. time res.=3d, Matrix=pm10, Blank correction=Blank corrected, Volume std. temperature=ambient, Volume std. pressure=ambient
numflag pm10_mass, no unit, Version=2, Version description=Data extracted from http://views.cira.colostate.edu/fed/DataWizard 2019-12-16, Sample duration=1d, Orig. time res.=3d, Matrix=pm10, Blank correction=Blank corrected, Volume std. temperature=ambient, Volume std. pressure=ambient
pm10_pm25_mass, ug/m3, Revision date=20181210133000, Matrix=pm10_pm25
numflag pm10_pm25_mass, no unit, Revision date=20181210133000, Matrix=pm10_pm25
pm25_mass, ug/m3, Version=2, Version description=Data extracted from http://views.cira.colostate.edu/fed/DataWizard 2019-12-16, Sample duration=1d, Orig. time res.=3d, Blank correction=Blank corrected, Volume std. temperature=ambient, Volume std. pressure=ambient
numflag pm25_mass, no unit, Version=2, Version description=Data extracted from http://views.cira.colostate.edu/fed/DataWizard 2019-12-16, Sample duration=1d, Orig. time res.=3d, Blank correction=Blank corrected, Volume std. temperature=ambient, Volume std. pressure=ambient
potassium, ug/m3, Revision date=20181210133000
numflag potassium, no unit, Revision date=20181210133000
sulphate_total, ug S/m3, Revision date=20181210133000
numflag sulphate_total, no unit, Revision date=20181210133000
0
25
Data definition:              EBAS_1.1
Set type code:                TI
Timezone:                     UTC
File name:                    US0089R.20000101070000.20191216000000.filterpack..pm25.52w.1w.US03L_filterpack_US0089.US03L_IMPROVE_Davis.lev2.nas
File creation:                20191218120125
Startdate:                    20000101070000
Revision date:                20191216000000
Statistics:                   arithmetic mean
Data level:                   2
Period code:                  52w
Resolution code:              1w
Station code:                 US0089R
Platform code:                US0089S
Station name:                 Bridger Wilderness
Station latitude:             42.9749
Station longitude:            -109.7579
Station altitude:             2626.0 m
Regime:                       IMG
Component:                    
Matrix:                       pm25
Laboratory code:              US03L
Instrument type:              filterpack
Instrument name:              filterpack_US0089
Method ref:                   US03L_IMPROVE_Davis
starttime endtime Fe flag_Fe Pb flag_Pb Mg++ flag_Mg++ Ni flag_Ni NO3- flag_NO3- OC flag_OC OM flag_OM PM10 flag_PM10 PM10-PM2.5 flag_PM10-PM2.5 PM2.5 flag_PM2.5 K+ flag_K+ SO4-- flag_SO4--
[from data line 88]
297.291667 298.291667    3.77 0.000  0.15 0.000000 9.999 0.259000 9.99 0.259000 0.013 0.000  0.142 0.000  0.200 0.000   1.013 0.000  0.308 0.000   0.704 0.000 0.010 0.000 0.102 0.000
300.291667 301.291667    9.20 0.000  0.36 0.000000 9.999 0.259000 9.99 0.259000 0.019 0.559  0.392 0.000  0.549 0.000   2.585 0.000  0.540 0.000   2.044 0.000 9.999 0.259 0.314 0.559
303.291667 304.291667    7.21 0.559  0.22 0.559000 9.999 0.559259 0.06 0.559000 0.021 0.000  0.361 0.000  0.506 0.000   2.160 0.000  0.599 0.000   1.562 0.559 0.008 0.559 0.267 0.000
306.291667 307.291667    2.60 0.559  0.22 0.559000 0.009 0.559000 9.99 0.559259 0.011 0.559  0.548 0.000  0.767 0.000   1.805 0.000  0.416 0.000   1.389 0.559 0.014 0.559 0.109 0.559
309.291667 310.291667   10.32 0.000 99.99 0.259000 9.999 0.259000 9.99 0.259000 0.020 0.559  0.204 0.000  0.285 0.000   1.177 0.000  0.693 0.000   0.484 0.000 0.010 0.000 0.077 0.559
312.291667 313.291667    8.17 0.000  0.18 0.000000 9.999 0.259000 9.99 0.259000 0.054 0.000  0.284 0.000  0.397 0.000   2.052 0.000  0.689 0.000   1.363 0.000 0.076 0.000 0.113 0.000
315.291667 316.291667    7.76 0.559  0.31 0.559000 9.999 0.559259 9.99 0.559259 0.029 0.000  0.303 0.000  0.424 0.000   2.604 0.000  0.511 0.000   2.093 0.559 0.042 0.559 0.334 0.000
318.291667 319.291667    6.29 0.000  0.31 0.000000 0.017 0.000000 9.99 0.259000 0.036 0.000  0.193 0.000  0.270 0.000   1.715 0.000  0.434 0.000   1.282 0.000 0.012 0.000 0.174 0.000
321.291667 322.291667    4.07 0.000  0.43 0.000000 9.999 0.259000 9.99 0.259000 0.047 0.000  0.550 0.000  0.770 0.000   2.816 0.000  0.248 0.000   2.569 0.000 0.022 0.000 0.387 0.000
324.291667 325.291667   10.37 0.000  0.47 0.000000 9.999 0.259000 9.99 0.259000 0.015 0.000  0.017 0.000  0.024 0.000   0.926 0.000  0.260 0.000   0.666 0.000 0.013 0.000 0.176 0.000
327.291667 328.291667    8.25 0.000  1.52 0.000000 9.999 0.259000 9.99 0.259000 0.003 0.559  0.208 0.000  0.291 0.000   1.421 0.000  0.479 0.000   0.941 0.000 0.012 0.000 0.019 0.559
330.291667 331.291667    3.87 0.000  0.25 0.000000 9.999 0.259000 9.99 0.259000 0.002 0.559  0.036 0.000  0.051 0.000   0.829 0.000  0.245 0.000   0.584 0.000 9.999 0.259 0.024 0.559
333.291667 334.291667    6.98 0.000  0.56 0.000000 9.999 0.259000 9.99 0.259000 0.014 0.000  0.211 0.000  0.296 0.000   1.397 0.000  0.437 0.000   0.960 0.000 0.015 0.000 0.103 0.000
336.291667 337.291667    2.46 0.000  0.15 0.000000 9.999 0.259000 9.99 0.259000 0.004 0.000  0.258 0.000  0.361 0.000   1.940 0.000  1.396 0.000   0.544 0.000 0.004 0.000 0.066 0.000
339.291667 340.291667    6.46 0.000  0.66 0.000000 9.999 0.259000 9.99 0.259000 0.048 0.000  0.311 0.000  0.436 0.000   1.802 0.000  0.671 0.000   1.131 0.000 0.009 0.000 0.152 0.000
342.291667 343.291667    5.13 0.559  0.34 0.559000 9.999 0.559259 9.99 0.559259 0.032 0.000  0.364 0.000  0.510 0.000   2.056 0.000  0.943 0.000   1.114 0.559 0.016 0.559 0.105 0.000
345.291667 346.291667    2.62 0.559  0.27 0.559000 9.999 0.559259 9.99 0.559259 0.099 0.000  0.271 0.000  0.379 0.000   1.397 0.000  0.217 0.000   1.179 0.559 0.006 0.559 0.154 0.000
348.291667 349.291667    1.70 0.559  0.18 0.559000 0.024 0.559000 9.99 0.559259 0.013 0.000  0.155 0.000  0.217 0.000   0.892 0.000  0.221 0.000   0.671 0.559 0.011 0.559 0.121 0.000
351.291667 352.291667    2.92 0.000 99.99 0.259000 9.999 0.259000 9.99 0.259000 0.011 0.000  0.155 0.000  0.217 0.000   1.629 0.000  0.797 0.000   0.832 0.000 0.006 0.000 0.156 0.000
354.291667 355.291667    1.47 0.000 99.99 0.259000 0.012 0.000000 9.99 0.259000 0.018 0.000  0.053 0.000  0.075 0.000   0.839 0.000  0.462 0.000   0.377 0.000 0.005 0.000 0.088 0.000
357.291667 358.291667    0.56 0.000 99.99 0.259000 9.999 0.259000 9.99 0.259000 0.011 0.000  0.176 0.000  0.246 0.000   0.916 0.000  0.570 0.000   0.346 0.000 9.999 0.259 0.066 0.000
360.291667 361.291667    6.59 0.000  0.16 0.000000 9.999 0.259000 9.99 0.259000 0.007 0.000  0.103 0.000  0.145 0.000   1.693 0.000  1.186 0.000   0.507 0.000 0.008 0.000 0.083 0.000
363.291667 364.291667    4.17 0.000 99.99 0.259000 9.999 0.259000 9.99 0.259000 0.006 0.000  0.166 0.000  0.232 0.000   2.158 0.000  1.641 0.000   0.517 0.000 0.008 0.000 0.175 0.000
