scripts/IMPROVE-2019_partial/data/US0057R.20030103050000.20191216000000.filterpack..pm25.1y.1w.US03L_filterpack_US0057.US03L_IMPROVE_Davis.lev2.nas
66 1001
MISSING INFORMATION
US03L, IMPROVE, , , , , , , 
MISSING INFORMATION
IMPROVE sel_HTAP
1 1
2003 01 01 2019 12 16
3.000000
days from file reference point
27
1 1 1 1 1 1 1 1 1 1 1 1 1 1 1 1 1 1 1 1 1 1 1 1 1 1 1
999.999999 99.999 9.999 9999.99 9.999 999.99 9.999 9.999 9.999999 9.99 9.999 9.999 9.999 99.999 9.999 99.999 9.999 999.999 9.999 999.999 9.999 999.999 9.999 9.999 9.999 99.999 9.999
end_time of measurement, days from the file reference point
ammonium, ug N/m3, Revision date=20181210133000
numflag ammonium, no unit, Revision date=20181210133000
iron, ng/m3, Revision date=20181210133000
numflag iron, no unit, Revision date=20181210133000
lead, ng/m3, Revision date=20181210133000
numflag lead, no unit, Revision date=20181210133000
magnesium, ug/m3, Revision date=20181210133000
numflag magnesium, no unit, Revision date=20181210133000
nickel, ng/m3, Revision date=20181210133000
numflag nickel, no unit, Revision date=20181210133000
nitrate, ug N/m3, Revision date=20181210133000
numflag nitrate, no unit, Revision date=20181210133000
organic_carbon, ug C/m3, Revision date=20181210133000
numflag organic_carbon, no unit, Revision date=20181210133000
organic_mass, ug/m3, Revision date=20181210133000
numflag organic_mass, no unit, Revision date=20181210133000
pm10_mass, ug/m3, Version=2, Version description=Data extracted from http://views.cira.colostate.edu/fed/DataWizard 2019-12-16, Sample duration=1d, Orig. time res.=3d, Matrix=pm10, Blank correction=Blank corrected, Volume std. temperature=ambient, Volume std. pressure=ambient
numflag pm10_mass, no unit, Version=2, Version description=Data extracted from http://views.cira.colostate.edu/fed/DataWizard 2019-12-16, Sample duration=1d, Orig. time res.=3d, Matrix=pm10, Blank correction=Blank corrected, Volume std. temperature=ambient, Volume std. pressure=ambient
pm10_pm25_mass, ug/m3, Revision date=20181210133000, Matrix=pm10_pm25
numflag pm10_pm25_mass, no unit, Revision date=20181210133000, Matrix=pm10_pm25
pm25_mass, ug/m3, Version=2, Version description=Data extracted from http://views.cira.colostate.edu/fed/DataWizard 2019-12-16, Sample duration=1d, Orig. time res.=3d, Blank correction=Blank corrected, Volume std. temperature=ambient, Volume std. pressure=ambient
numflag pm25_mass, no unit, Version=2, Version description=Data extracted from http://views.cira.colostate.edu/fed/DataWizard 2019-12-16, Sample duration=1d, Orig. time res.=3d, Blank correction=Blank corrected, Volume std. temperature=ambient, Volume std. pressure=ambient
potassium, ug/m3, Revision date=20181210133000
numflag potassium, no unit, Revision date=20181210133000
sulphate_total, ug S/m3, Revision date=20181210133000
numflag sulphate_total, no unit, Revision date=20181210133000
0
25
Data definition:              EBAS_1.1
Set type code:                TU
Timezone:                     UTC
File name:                    US0057R.20030103050000.20191216000000.filterpack..pm25.1y.1w.US03L_filterpack_US0057.US03L_IMPROVE_Davis.lev2.nas
File creation:                20191218115858
Startdate:                    20030103050000
Revision date:                20191216000000
Statistics:                   arithmetic mean
Data level:                   2
Period code:                  1y
Resolution code:              1w
Station code:                 US0057R
Platform code:                US0057S
Station name:                 Linville Gorge
Station latitude:             35.9723
Station longitude:            -81.9331
Station altitude:             968.0 m
Regime:                       IMG
Component:                    
Matrix:                       pm25
Laboratory code:              US03L
Instrument type:              filterpack
Instrument name:              filterpack_US0057
Method ref:                   US03L_IMPROVE_Davis
starttime endtime NH4+ flag_NH4+ Fe flag_Fe Pb flag_Pb Mg++ flag_Mg++ Ni flag_Ni NO3- flag_NO3- OC flag_OC OM flag_OM PM10 flag_PM10 PM10-PM2.5 flag_PM10-PM2.5 PM2.5 flag_PM2.5 K+ flag_K+ SO4-- flag_SO4--
  2.208333   3.208333  0.143 0.000    2.64 0.000   0.26 0.000 9.999 0.259000 0.08 0.000 0.008 0.000  0.333 0.000  0.467 0.000   2.935 0.000   0.610 0.000   2.325 0.000 0.008 0.000  0.387 0.000
  5.208333   6.208333  0.434 0.559    9.09 0.000   1.06 0.000 9.999 0.259000 9.99 0.259 0.094 0.559  0.481 0.000  0.674 0.000   5.655 0.000   2.064 0.000   3.591 0.000 0.016 0.000  0.587 0.559
  8.208333   9.208333  0.518 0.000   18.43 0.000   1.26 0.000 0.021 0.000000 9.99 0.259 0.271 0.000  1.365 0.000  1.911 0.000  10.478 0.000   5.798 0.000   4.680 0.000 0.050 0.000  0.393 0.000
 11.208333  12.208333  0.195 0.000   12.69 0.000   0.63 0.000 9.999 0.259000 9.99 0.259 0.120 0.000  0.593 0.000  0.830 0.000   3.932 0.000   2.003 0.000   1.929 0.000 0.025 0.000  0.157 0.000
 14.208333  15.208333  0.399 0.000    7.74 0.000   0.60 0.000 9.999 0.259000 9.99 0.259 0.173 0.000  0.565 0.000  0.791 0.000   5.313 0.000   2.362 0.000   2.951 0.000 0.016 0.000  0.329 0.000
 17.208333  18.208333  0.842 0.000   20.80 0.000   1.45 0.000 9.999 0.259000 0.15 0.000 0.381 0.000  1.580 0.000  2.211 0.000   8.754 0.000   1.478 0.000   7.277 0.000 0.058 0.000  0.664 0.000
 20.208333  21.208333  0.739 0.000   10.54 0.000   0.93 0.000 9.999 0.259000 0.13 0.000 0.045 0.000  1.112 0.000  1.556 0.000   7.310 0.000   1.260 0.000   6.050 0.000 0.036 0.000  0.893 0.000
 23.208333  24.208333  0.264 0.000    9.29 0.000   0.83 0.000 9.999 0.259000 9.99 0.259 0.094 0.000  0.755 0.000  1.058 0.000   4.209 0.000   1.182 0.000   3.027 0.000 0.024 0.000  0.341 0.000
 26.208333  27.208333  0.429 0.559   13.38 0.000   1.23 0.000 9.999 0.259000 0.10 0.000 0.072 0.559  0.824 0.000  1.153 0.000   5.564 0.000   1.481 0.000   4.083 0.000 0.041 0.000  0.646 0.559
 29.208333  30.208333  0.355 0.000    4.72 0.000   0.95 0.000 9.999 0.259000 9.99 0.259 0.095 0.000  1.413 0.000  1.978 0.000   5.746 0.000   0.858 0.000   4.888 0.000 0.052 0.000  0.639 0.000
 32.208333  33.208333  0.229 0.000    7.02 0.000   0.44 0.000 0.024 0.000000 9.99 0.259 0.018 0.000  0.601 0.000  0.842 0.000   3.142 0.000   1.046 0.000   2.095 0.000 0.013 0.000  0.289 0.000
 35.208333  36.208333  0.207 0.000    9.85 0.000   0.70 0.000 9.999 0.259000 9.99 0.259 0.084 0.000  0.639 0.000  0.895 0.000   2.412 0.000   0.653 0.000   1.758 0.000 0.023 0.000  0.176 0.000
 38.208333  39.208333  0.510 0.000    9.87 0.000   0.45 0.000 0.020 0.000000 9.99 0.259 0.174 0.000  0.408 0.000  0.571 0.000   3.556 0.000   0.529 0.000   3.027 0.000 0.017 0.000  0.421 0.000
 41.208333  42.208333  0.757 0.000   32.80 0.000   1.07 0.000 9.999 0.259000 0.14 0.000 0.158 0.000  0.667 0.000  0.934 0.000   5.890 0.000   0.980 0.000   4.909 0.000 0.019 0.000  0.746 0.000
 44.208333  45.208333  0.558 0.559   10.51 0.000   1.22 0.000 9.999 0.259000 9.99 0.259 0.273 0.559  1.616 0.000  2.262 0.000   7.527 0.000   1.809 0.000   5.717 0.000 0.056 0.000  0.380 0.559
 47.208333  48.208333  0.305 0.000    4.20 0.000   0.34 0.000 9.999 0.259000 0.26 0.000 0.125 0.000  0.928 0.000  1.300 0.000   4.372 0.000   0.326 0.000   4.046 0.000 0.177 0.000  0.516 0.000
 50.208333  51.208333 99.999 0.999 9999.99 0.999 999.99 0.999 9.999 0.999000 9.99 0.999 9.999 0.999 99.999 0.999 99.999 0.999 999.999 0.999 999.999 0.999 999.999 0.999 9.999 0.999 99.999 0.999
 53.208333  54.208333 99.999 0.999 9999.99 0.999 999.99 0.999 9.999 0.999000 9.99 0.999 9.999 0.999 99.999 0.999 99.999 0.999 999.999 0.999 999.999 0.999 999.999 0.999 9.999 0.999 99.999 0.999
 56.208333  57.208333  1.249 0.000   15.38 0.000   2.56 0.000 9.999 0.259000 0.26 0.000 0.293 0.000  1.324 0.000  1.854 0.000  10.127 0.000   1.454 0.000   8.673 0.000 0.066 0.000  1.382 0.000
 59.208333  60.208333  0.326 0.000    4.40 0.000   1.23 0.000 9.999 0.259000 0.30 0.000 0.057 0.000  0.691 0.000  0.968 0.000   5.260 0.000   0.530 0.000   4.729 0.000 0.036 0.000  0.838 0.000
 62.208333  63.208333  1.191 0.000 9999.99 0.456 999.99 0.456 9.999 0.456000 9.99 0.456 0.125 0.000  2.019 0.000  2.826 0.000  12.333 0.000 999.999 0.999 999.999 0.456 9.999 0.456  1.521 0.000
 65.208333  66.208333  1.200 0.559   18.54 0.000   1.36 0.000 9.999 0.259000 0.22 0.000 0.092 0.559  1.172 0.000  1.640 0.000  12.566 0.000   2.299 0.000  10.267 0.000 0.063 0.000  1.873 0.559
 68.208333  69.208333  0.361 0.000   14.72 0.000   0.93 0.000 9.999 0.259000 9.99 0.259 0.044 0.000  0.624 0.000  0.874 0.000   4.479 0.000   1.230 0.000   3.249 0.000 0.022 0.000  0.408 0.000
 71.208333  72.208333  1.037 0.000   27.21 0.000   1.55 0.000 0.023 0.000000 0.25 0.000 0.062 0.000 99.999 0.999 99.999 0.999 999.999 0.456 999.999 0.999  12.987 0.000 0.073 0.000  1.531 0.000
 74.208333  75.208333  0.082 0.000    1.07 0.000   0.29 0.000 0.021 0.000000 9.99 0.259 0.023 0.000 99.999 0.999 99.999 0.999 999.999 0.456 999.999 0.999   0.060 0.000 0.005 0.000  0.125 0.000
 77.208333  78.208333  1.203 0.000   16.73 0.000   1.08 0.000 0.029 0.000000 0.43 0.000 0.090 0.000  0.801 0.000  1.121 0.000  11.326 0.000   1.526 0.000   9.800 0.000 0.031 0.000  1.896 0.000
 80.208333  81.208333  0.748 0.000   17.32 0.000   1.20 0.000 9.999 0.259000 0.16 0.000 0.032 0.000  0.780 0.000  1.092 0.000   7.972 0.000   1.177 0.000   6.795 0.000 0.023 0.000  1.196 0.000
 83.208333  84.208333  1.171 0.000   44.31 0.000   2.16 0.000 9.999 0.259000 0.12 0.000 0.053 0.000  2.835 0.000  3.968 0.000  14.658 0.000   2.287 0.000  12.371 0.000 0.067 0.000  1.501 0.000
 86.208333  87.208333  1.720 0.000   26.97 0.000   1.22 0.000 9.999 0.259000 0.41 0.000 0.522 0.000  1.847 0.000  2.586 0.000  16.149 0.000   3.312 0.000  12.837 0.000 0.064 0.000  1.656 0.000
 89.208333  90.208333  0.781 0.559   12.97 0.000   1.38 0.000 9.999 0.259000 9.99 0.259 0.122 0.559  0.556 0.000  0.779 0.000   6.113 0.000   1.106 0.000   5.007 0.000 0.020 0.000  0.849 0.559
 92.208333  93.208333  0.546 0.559   29.64 0.000   1.21 0.000 9.999 0.259000 0.14 0.000 0.039 0.559  2.490 0.000  3.485 0.000  11.506 0.000   2.945 0.000   8.561 0.000 0.053 0.000  0.700 0.559
 95.208333  96.208333  0.580 0.000   31.77 0.000   1.55 0.000 9.999 0.259000 9.99 0.259 0.047 0.000  1.232 0.000  1.725 0.000   7.771 0.000   2.162 0.000   5.609 0.000 0.035 0.000  0.683 0.000
 98.208333  99.208333  0.097 0.000    1.39 0.000 999.99 0.259 0.027 0.000000 9.99 0.259 0.036 0.000  0.228 0.000  0.319 0.000   1.027 0.000   0.249 0.000   0.778 0.000 0.006 0.000  0.074 0.000
101.208333 102.208333  1.232 0.000   47.62 0.000   3.21 0.000 9.999 0.259000 0.21 0.000 0.474 0.000  1.794 0.000  2.511 0.000  12.574 0.000   3.446 0.000   9.128 0.000 0.057 0.000  1.081 0.000
104.208333 105.208333  1.548 0.000   71.06 0.000   2.55 0.000 9.999 0.259000 0.26 0.000 0.089 0.000  3.435 0.000  4.809 0.000  20.842 0.000   3.749 0.000  17.092 0.000 0.081 0.000  2.074 0.000
107.208333 108.208333  0.042 0.559    0.54 0.000 999.99 0.259 9.999 0.259000 9.99 0.259 0.003 0.559  0.078 0.000  0.109 0.000   0.904 0.000   0.338 0.000   0.566 0.000 9.999 0.259  0.033 0.559
110.208333 111.208333  0.521 0.000   10.51 0.000   0.57 0.000 0.023 0.000000 0.17 0.000 0.030 0.000  1.081 0.000  1.514 0.000   7.027 0.000   1.309 0.000   5.717 0.000 0.035 0.000  0.823 0.000
113.208333 114.208333  0.898 0.000   73.89 0.000   2.16 0.000 9.999 0.259000 9.99 0.259 0.048 0.000  2.264 0.000  3.169 0.000  13.519 0.000   4.170 0.000   9.349 0.000 0.085 0.000  1.175 0.000
116.208333 117.208333  1.816 0.559   51.43 0.000   3.41 0.000 9.999 0.259000 0.15 0.000 0.028 0.559  1.720 0.000  2.408 0.000  19.025 0.000   2.178 0.000  16.848 0.000 0.054 0.000  3.175 0.559
119.208333 120.208333  1.797 0.000   45.59 0.000   1.78 0.000 9.999 0.259000 9.99 0.259 0.040 0.000  2.948 0.000  4.127 0.000  22.354 0.000   3.724 0.000  18.629 0.000 0.060 0.000  2.908 0.000
122.208333 123.208333  1.245 0.000   41.48 0.000   1.16 0.000 9.999 0.259000 9.99 0.259 0.034 0.000  1.621 0.000  2.269 0.000  15.418 0.000   3.228 0.000  12.191 0.000 0.049 0.000  2.149 0.000
125.208333 126.208333  0.056 0.000   14.09 0.000   0.25 0.000 9.999 0.259000 0.05 0.000 0.011 0.000  0.910 0.000  1.274 0.000   4.376 0.000   2.379 0.000   1.996 0.000 0.034 0.000  0.115 0.000
128.208333 129.208333  0.958 0.000   96.66 0.000   0.70 0.000 9.999 0.259000 0.20 0.000 0.117 0.000  4.051 0.000  5.671 0.000  21.691 0.000   5.175 0.000  16.516 0.000 0.259 0.000  1.433 0.000
131.208333 132.208333  0.480 0.000   15.61 0.000   1.02 0.000 9.999 0.259000 9.99 0.259 0.016 0.000  1.027 0.000  1.438 0.000   9.903 0.000   5.283 0.000   4.620 0.000 0.017 0.000  0.577 0.000
134.208333 135.208333  0.513 0.394   20.82 0.394   1.55 0.394 9.999 0.394259 0.18 0.394 0.038 0.394  2.377 0.000  3.328 0.000  16.141 0.000   7.800 0.000   8.341 0.000 0.042 0.394  0.719 0.394
137.208333 138.208333  0.100 0.000    1.52 0.000   0.47 0.000 9.999 0.259000 0.06 0.000 0.007 0.000  0.254 0.000  0.355 0.000   2.287 0.000   1.230 0.000   1.057 0.000 0.004 0.000  0.122 0.000
140.208333 141.208333  0.269 0.000   17.93 0.000   0.65 0.000 9.999 0.259000 0.10 0.000 0.029 0.000  1.431 0.000  2.003 0.000   8.102 0.000   3.107 0.000   4.995 0.000 0.042 0.000  0.409 0.000
143.208333 144.208333  1.780 0.000   22.02 0.000   1.42 0.000 9.999 0.259000 9.99 0.259 0.055 0.000  1.477 0.000  2.068 0.000  20.503 0.000   4.033 0.000  16.470 0.000 0.027 0.000  3.077 0.000
146.208333 147.208333  1.670 0.000   20.11 0.000   1.94 0.000 0.024 0.000000 0.15 0.000 0.025 0.000  1.246 0.000  1.745 0.000  19.716 0.000   3.742 0.000  15.974 0.000 0.028 0.000  3.015 0.000
149.208333 150.208333  1.321 0.000   22.13 0.000   1.19 0.000 9.999 0.259000 9.99 0.259 0.030 0.000  2.053 0.000  2.874 0.000  16.286 0.000   2.830 0.000  13.457 0.000 0.028 0.000  2.028 0.000
152.208333 153.208333  0.525 0.000   24.89 0.000   1.12 0.000 9.999 0.259000 9.99 0.259 0.024 0.000  3.044 0.000  4.262 0.000  10.706 0.000   1.590 0.000   9.117 0.000 0.041 0.000  0.734 0.000
155.208333 156.208333  1.593 0.000   27.46 0.000   2.12 0.000 9.999 0.259000 0.08 0.000 0.020 0.000  1.645 0.000  2.303 0.000  18.229 0.000   3.137 0.000  15.093 0.000 0.040 0.000  2.617 0.000
158.208333 159.208333  0.335 0.000    7.18 0.000 999.99 0.259 9.999 0.259000 0.14 0.000 0.014 0.000  1.293 0.000  1.811 0.000   9.122 0.000   4.636 0.000   4.486 0.000 0.029 0.000  0.529 0.000
161.208333 162.208333  1.406 0.000   26.38 0.000   1.38 0.000 9.999 0.259000 0.28 0.000 0.034 0.000  3.229 0.000  4.521 0.000  20.999 0.000   3.638 0.000  17.361 0.000 0.063 0.000  2.152 0.000
164.208333 165.208333  0.524 0.000   21.52 0.000 999.99 0.259 9.999 0.259000 0.18 0.000 0.029 0.000  1.864 0.000  2.610 0.000  11.946 0.000   4.393 0.000   7.554 0.000 0.057 0.000  0.911 0.000
167.208333 168.208333  0.366 0.559    5.69 0.000   0.55 0.000 9.999 0.259000 0.28 0.000 0.015 0.559  0.557 0.000  0.779 0.000   7.644 0.000   2.404 0.000   5.240 0.000 0.021 0.000  0.907 0.559
170.208333 171.208333  1.618 0.000   20.84 0.000   1.50 0.000 0.083 0.000000 9.99 0.259 0.024 0.000  1.513 0.000  2.118 0.000  19.635 0.000   4.771 0.000  14.864 0.000 0.033 0.000  2.693 0.000
173.208333 174.208333  0.551 0.000   21.62 0.000   2.04 0.000 9.999 0.259000 9.99 0.259 0.018 0.000  2.939 0.000  4.115 0.000  12.360 0.000   1.912 0.000  10.447 0.000 0.043 0.000  0.895 0.000
176.208333 177.208333  2.163 0.000   36.85 0.000   1.91 0.000 9.999 0.259000 0.18 0.000 0.021 0.000  6.815 0.000  9.541 0.000  36.458 0.000   2.627 0.000  33.831 0.000 0.076 0.000  3.786 0.000
179.208333 180.208333  1.097 0.000   13.77 0.000   0.92 0.000 9.999 0.259000 0.28 0.000 0.031 0.000  3.264 0.000  4.569 0.000  18.312 0.000   3.138 0.000  15.174 0.000 0.053 0.000  1.859 0.000
182.208333 183.208333 99.999 0.259    4.42 0.000 999.99 0.259 9.999 0.259000 9.99 0.259 0.002 0.000  0.137 0.000  0.191 0.000   2.383 0.000   1.772 0.000   0.612 0.000 0.008 0.000  0.029 0.000
185.208333 186.208333  1.136 0.000   26.76 0.000   2.09 0.000 9.999 0.259000 9.99 0.259 0.037 0.000  2.589 0.000  3.625 0.000  20.337 0.000   4.001 0.000  16.336 0.000 0.213 0.000  2.169 0.000
188.208333 189.208333  0.155 0.000  264.66 0.000   0.73 0.000 9.999 0.259000 0.14 0.000 0.097 0.000  1.582 0.000  2.215 0.000  26.534 0.000  10.599 0.000  15.935 0.000 0.120 0.000  1.747 0.000
191.208333 192.208333  0.552 0.000   16.85 0.000   0.42 0.000 9.999 0.259000 9.99 0.259 0.014 0.000  1.033 0.000  1.446 0.000  10.807 0.000   3.710 0.000   7.097 0.000 0.025 0.000  0.874 0.000
194.208333 195.208333  1.017 0.000   15.59 0.000   0.49 0.000 9.999 0.259000 0.09 0.000 0.017 0.000  1.869 0.000  2.616 0.000  14.505 0.000   2.360 0.000  12.145 0.000 0.046 0.000  1.610 0.000
197.208333 198.208333  1.529 0.559   28.84 0.000   0.96 0.000 0.158 0.000000 0.08 0.000 0.023 0.559  1.723 0.000  2.413 0.000  21.737 0.000   4.376 0.000  17.361 0.000 0.038 0.000  2.686 0.559
200.208333 201.208333  1.304 0.559   16.70 0.000   0.93 0.000 0.111 0.000000 9.99 0.259 0.026 0.559  2.554 0.000  3.576 0.000  19.601 0.000   2.591 0.000  17.009 0.000 0.037 0.000  2.325 0.559
203.208333 204.208333  0.744 0.559   12.44 0.000   0.60 0.000 9.999 0.259000 0.04 0.000 0.018 0.559  1.438 0.000  2.013 0.000  13.026 0.000   3.542 0.000   9.484 0.000 0.029 0.000  1.386 0.559
206.208333 207.208333  1.057 0.559   47.98 0.000   0.93 0.000 0.089 0.000000 0.20 0.000 0.029 0.559  2.544 0.000  3.562 0.000  18.560 0.000   2.600 0.000  15.960 0.000 0.042 0.000  2.148 0.559
209.208333 210.208333  0.649 0.559  123.55 0.000   0.68 0.000 9.999 0.259000 0.34 0.000 0.031 0.559  1.418 0.000  1.985 0.000  10.774 0.000 999.999 0.259  11.050 0.000 0.063 0.000  1.342 0.559
212.208333 213.208333  0.305 0.559   22.10 0.000   0.27 0.000 9.999 0.259000 0.11 0.000 0.021 0.559  1.156 0.000  1.618 0.000   8.013 0.000   2.231 0.000   5.782 0.000 0.031 0.000  0.646 0.559
215.208333 216.208333  0.293 0.559   17.65 0.000   0.59 0.000 9.999 0.259000 0.12 0.000 0.012 0.559  1.799 0.000  2.518 0.000  10.747 0.000   4.080 0.000   6.668 0.000 0.040 0.000  0.585 0.559
218.208333 219.208333  0.753 0.559   11.81 0.000   0.53 0.000 0.078 0.000000 0.08 0.000 0.018 0.559  1.415 0.000  1.981 0.000  12.410 0.000   3.201 0.000   9.208 0.000 0.028 0.000  1.351 0.559
221.208333 222.208333  1.124 0.559    8.21 0.000   0.90 0.000 9.999 0.259000 0.09 0.000 0.011 0.559  1.549 0.000  2.168 0.000  16.245 0.000   3.457 0.000  12.788 0.000 0.029 0.000  2.100 0.559
224.208333 225.208333  0.905 0.559   10.66 0.000   0.55 0.000 0.057 0.000000 0.17 0.000 0.016 0.559  1.477 0.000  2.068 0.000  14.382 0.000   3.374 0.000  11.008 0.000 0.040 0.000  1.681 0.559
227.208333 228.208333  1.465 0.559   18.26 0.000   0.88 0.000 9.999 0.259000 0.07 0.000 0.021 0.559  1.830 0.000  2.562 0.000  19.518 0.000   4.462 0.000  15.056 0.000 0.032 0.000  2.640 0.559
230.208333 231.208333  1.920 0.559   23.95 0.000   1.20 0.000 9.999 0.259000 0.23 0.000 0.033 0.559  1.949 0.000  2.729 0.000  30.271 0.000   3.309 0.000  26.962 0.000 0.049 0.000  4.611 0.559
233.208333 234.208333  1.832 0.559   23.74 0.000   1.25 0.000 9.999 0.259000 0.13 0.000 0.017 0.559  1.952 0.000  2.733 0.000  25.518 0.000   4.228 0.000  21.290 0.000 0.044 0.000  3.560 0.559
236.208333 237.208333  1.595 0.559   26.77 0.000   2.32 0.000 0.167 0.000000 9.99 0.259 0.026 0.559  3.549 0.000  4.969 0.000  23.809 0.000   3.037 0.000  20.772 0.000 0.058 0.000  2.741 0.559
239.208333 240.208333  2.052 0.559   32.28 0.000   1.02 0.000 0.186 0.000000 0.12 0.000 0.020 0.559  3.056 0.000  4.279 0.000  30.284 0.000   3.975 0.000  26.309 0.000 0.067 0.000  3.869 0.559
242.208333 243.208333  0.291 0.559   74.91 0.000   0.77 0.000 9.999 0.259000 0.16 0.000 0.023 0.559  1.360 0.000  1.905 0.000  10.478 0.000   3.655 0.000   6.823 0.000 0.053 0.000  0.622 0.559
245.208333 246.208333  0.840 0.559   13.81 0.000  11.01 0.000 9.999 0.259000 0.13 0.000 0.027 0.559  2.332 0.000  3.264 0.000  14.875 0.000   2.608 0.000  12.268 0.000 0.049 0.000  1.488 0.559
