scripts/IMPROVE-2019_partial/data/US0018U.20140102080000.20191216000000.filterpack...52w.3d.US03L_filterpack_US0018.US03L_IMPROVE_Davis.lev2.nas
52 1001
MISSING INFORMATION
US03L, IMPROVE, , , , , , , 
MISSING INFORMATION
IMPROVE sel_HTAP
1 1
2014 01 01 2019 12 16
3.000000
days from file reference point
5
1 1 1 1 1
999.999999 9999.999 9.999 999.999 9.999
end_time of measurement, days from the file reference point
pm10_mass, ug/m3, Matrix=pm10
numflag pm10_mass, no unit, Matrix=pm10
pm25_mass, ug/m3, Matrix=pm25
numflag pm25_mass, no unit, Matrix=pm25
0
33
Data definition:              EBAS_1.1
Set type code:                TU
Timezone:                     UTC
File name:                    US0018U.20140102080000.20191216000000.filterpack...52w.3d.US03L_filterpack_US0018.US03L_IMPROVE_Davis.lev2.nas
File creation:                20191218115634
Startdate:                    20140102080000
Revision date:                20191216000000
Version:                      2
Version description:          "Data extracted from http://views.cira.colostate.edu/fed/DataWizard 2019-12-16"
Statistics:                   arithmetic mean
Data level:                   2
Period code:                  52w
Resolution code:              3d
Sample duration:              1d
Orig. time res.:              3d
Station code:                 US0018U
Platform code:                US0018S
Station name:                 Fresno
Station latitude:             36.7818
Station longitude:            -119.7732
Station altitude:             100.0 m
Regime:                       IMG
Component:                    
Unit:                         ug/m3
Matrix:                       
Laboratory code:              US03L
Instrument type:              filterpack
Instrument name:              filterpack_US0018
Method ref:                   US03L_IMPROVE_Davis
Blank correction:             Blank corrected
Volume std. temperature:      ambient
Volume std. pressure:         ambient
starttime endtime PM10 flag_PM10 PM2.5 flag_PM2.5
  1.333333   2.333333   86.022 0.000  63.679 0.659
  4.333333   5.333333   89.582 0.000  61.776 0.659
  7.333333   8.333333   81.372 0.000  49.731 0.000
 10.333333  11.333333   54.782 0.000  34.153 0.000
 13.333333  14.333333   66.312 0.000  34.290 0.000
 16.333333  17.333333  108.071 0.000  54.842 0.000
 19.333333  20.333333   97.198 0.000  62.558 0.000
 22.333333  23.333333  100.922 0.000  57.512 0.000
 25.333333  26.333333   74.819 0.000  30.475 0.000
 28.333333  29.333333   73.789 0.000  31.657 0.000
 31.333333  32.333333   38.426 0.000  27.580 0.000
 34.333333  35.333333   23.717 0.000  13.848 0.000
 37.333333  38.333333   12.450 0.000   9.575 0.000
 40.333333  41.333333    8.129 0.000   5.494 0.000
 43.333333  44.333333   36.843 0.000  23.870 0.000
 46.333333  47.333333   15.773 0.000   9.404 0.000
 49.333333  50.333333   17.361 0.000   8.033 0.000
 52.333333  53.333333   36.360 0.000  21.088 0.000
 55.333333  56.333333   47.586 0.000  19.917 0.000
 58.333333  59.333333    6.326 0.000   2.069 0.000
 61.333333  62.333333   13.040 0.000   5.199 0.000
 64.333333  65.333333   20.665 0.000  11.939 0.000
 67.333333  68.333333   24.529 0.000  11.151 0.000
 70.333333  71.333333   18.151 0.000   5.564 0.000
 73.333333  74.333333   33.438 0.000  11.924 0.000
 76.333333  77.333333   22.168 0.000   4.032 0.000
 79.333333  80.333333   36.178 0.000   9.020 0.000
 82.333333  83.333333   29.700 0.000   9.217 0.000
 85.333333  86.333333   10.175 0.000   4.209 0.000
 88.333333  89.333333    7.365 0.000   3.613 0.000
 91.333333  92.333333    7.341 0.000   2.008 0.000
 94.333333  95.333333    9.239 0.000   3.638 0.000
 97.333333  98.333333   35.275 0.000  12.298 0.000
100.333333 101.333333   33.130 0.000  11.681 0.000
103.333333 104.333333   30.689 0.000  10.742 0.000
106.333333 107.333333   33.676 0.000   8.361 0.000
109.333333 110.333333   18.460 0.000   6.676 0.000
112.333333 113.333333   19.313 0.000   3.245 0.000
115.333333 116.333333    6.104 0.000   2.425 0.000
118.333333 119.333333   28.840 0.000  10.250 0.000
121.333333 122.333333   29.942 0.000   9.222 0.000
124.333333 125.333333   20.524 0.000   3.173 0.000
127.333333 128.333333   31.304 0.000   7.298 0.000
130.333333 131.333333   20.862 0.000   3.437 0.000
133.333333 134.333333   34.089 0.000   9.118 0.000
136.333333 137.333333   24.040 0.000   6.149 0.000
139.333333 140.333333   15.506 0.000   3.637 0.000
142.333333 143.333333   31.936 0.000   7.620 0.000
145.333333 146.333333   24.396 0.000   6.405 0.000
148.333333 149.333333   35.671 0.000   6.508 0.000
151.333333 152.333333   31.570 0.000  10.626 0.000
154.333333 155.333333   32.899 0.000   8.583 0.000
157.333333 158.333333   38.215 0.000  11.992 0.000
160.333333 161.333333   55.140 0.000  12.842 0.000
163.333333 164.333333   35.987 0.000   5.591 0.000
166.333333 167.333333   32.475 0.000   6.404 0.000
169.333333 170.333333   34.904 0.000   7.037 0.000
172.333333 173.333333   27.195 0.000   6.755 0.000
175.333333 176.333333   31.011 0.000   4.894 0.000
178.333333 179.333333   15.395 0.000   3.494 0.000
181.333333 182.333333   41.926 0.000  12.246 0.000
184.333333 185.333333   49.916 0.000  16.520 0.000
187.333333 188.333333   42.254 0.000  13.900 0.000
190.333333 191.333333   37.097 0.000   8.399 0.000
193.333333 194.333333   27.429 0.000   7.388 0.000
196.333333 197.333333   42.010 0.000   7.468 0.000
199.333333 200.333333   28.800 0.000   5.841 0.000
202.333333 203.333333   31.605 0.000   5.154 0.000
205.333333 206.333333   44.824 0.000  10.004 0.000
208.333333 209.333333   42.181 0.000   8.547 0.000
211.333333 212.333333   47.379 0.000  14.811 0.000
214.333333 215.333333   44.051 0.000  11.823 0.000
217.333333 218.333333   44.266 0.000  19.461 0.000
220.333333 221.333333   42.524 0.000  12.770 0.000
223.333333 224.333333   45.705 0.000   8.985 0.000
226.333333 227.333333   54.222 0.000   9.391 0.000
229.333333 230.333333   41.130 0.000   8.210 0.000
232.333333 233.333333   52.836 0.000   9.963 0.000
235.333333 236.333333   32.209 0.000   6.723 0.000
238.333333 239.333333   60.143 0.000  13.039 0.000
241.333333 242.333333   39.781 0.000   7.831 0.000
244.333333 245.333333   69.968 0.000  17.404 0.000
247.333333 248.333333   79.364 0.000  16.001 0.000
250.333333 251.333333   53.396 0.000  12.098 0.000
253.333333 254.333333   94.468 0.000  21.439 0.000
256.333333 257.333333   49.658 0.000  11.798 0.000
259.333333 260.333333   75.539 0.000  13.388 0.000
262.333333 263.333333   44.460 0.000  10.502 0.000
265.333333 266.333333   52.957 0.000  11.990 0.000
268.333333 269.333333   27.510 0.000   5.101 0.000
271.333333 272.333333   23.056 0.000   7.228 0.000
274.333333 275.333333   58.397 0.000  12.196 0.000
277.333333 278.333333   51.636 0.000  16.117 0.000
280.333333 281.333333   86.500 0.000  15.716 0.000
283.333333 284.333333   52.014 0.000  11.898 0.000
286.333333 287.333333   83.203 0.000  13.264 0.000
289.333333 290.333333   50.541 0.000   8.594 0.000
292.333333 293.333333   37.613 0.000   6.642 0.000
295.333333 296.333333 9999.999 0.999 999.999 0.999
298.333333 299.333333 9999.999 0.999 999.999 0.999
301.333333 302.333333   56.892 0.000  13.710 0.000
304.333333 305.333333   10.286 0.000   5.375 0.000
307.333333 308.333333   43.974 0.000  25.674 0.000
310.333333 311.333333   74.501 0.000 999.999 0.456
313.333333 314.333333   78.664 0.000  57.282 0.000
316.333333 317.333333   42.096 0.000  27.625 0.000
319.333333 320.333333   33.393 0.000  23.438 0.000
322.333333 323.333333   37.385 0.000  14.637 0.000
325.333333 326.333333   24.473 0.000  18.601 0.000
328.333333 329.333333   47.490 0.000  29.845 0.000
331.333333 332.333333   61.178 0.000  41.359 0.000
334.333333 335.333333   22.530 0.000   8.887 0.000
337.333333 338.333333   16.793 0.000   7.504 0.000
340.333333 341.333333   29.197 0.000  19.975 0.000
343.333333 344.333333 9999.999 0.999 999.999 0.999
346.333333 347.333333   10.884 0.000   7.742 0.000
349.333333 350.333333   13.984 0.000   8.980 0.000
352.333333 353.333333   16.903 0.000   8.399 0.000
355.333333 356.333333   18.324 0.000  12.283 0.000
358.333333 359.333333 9999.999 0.999 999.999 0.999
361.333333 362.333333 9999.999 0.999 999.999 0.999
364.333333 365.333333   37.136 0.000  28.803 0.000
