scripts/IMPROVE-2019_partial/data/US0094R.20060102070000.20191216000000.filterpack..pm25.52w.1w.US03L_filterpack_US0094.US03L_IMPROVE_Davis.lev2.nas
64 1001
MISSING INFORMATION
US03L, IMPROVE, , , , , , , 
MISSING INFORMATION
IMPROVE sel_HTAP
1 1
2006 01 01 2019 12 16
3.000000
days from file reference point
25
1 1 1 1 1 1 1 1 1 1 1 1 1 1 1 1 1 1 1 1 1 1 1 1 1
999.999999 9999.99 9.999 99.99 9.999 9.999 9.999 9.99 9.999999 9.999 9.999999 99.999 9.999 99.999 9.999 999.999 9.999 999.999 9.999 99.999 9.999 9.999 9.999 9.999 9.999999
end_time of measurement, days from the file reference point
iron, ng/m3, Revision date=20181210133000
numflag iron, no unit, Revision date=20181210133000
lead, ng/m3, Revision date=20181210133000
numflag lead, no unit, Revision date=20181210133000
magnesium, ug/m3, Revision date=20181210133000
numflag magnesium, no unit, Revision date=20181210133000
nickel, ng/m3, Revision date=20181210133000
numflag nickel, no unit, Revision date=20181210133000
nitrate, ug N/m3, Revision date=20181210133000
numflag nitrate, no unit, Revision date=20181210133000
organic_carbon, ug C/m3, Revision date=20181210133000
numflag organic_carbon, no unit, Revision date=20181210133000
organic_mass, ug/m3, Revision date=20181210133000
numflag organic_mass, no unit, Revision date=20181210133000
pm10_mass, ug/m3, Version=2, Version description=Data extracted from http://views.cira.colostate.edu/fed/DataWizard 2019-12-16, Sample duration=1d, Orig. time res.=3d, Matrix=pm10, Blank correction=Blank corrected, Volume std. temperature=ambient, Volume std. pressure=ambient
numflag pm10_mass, no unit, Version=2, Version description=Data extracted from http://views.cira.colostate.edu/fed/DataWizard 2019-12-16, Sample duration=1d, Orig. time res.=3d, Matrix=pm10, Blank correction=Blank corrected, Volume std. temperature=ambient, Volume std. pressure=ambient
pm10_pm25_mass, ug/m3, Revision date=20181210133000, Matrix=pm10_pm25
numflag pm10_pm25_mass, no unit, Revision date=20181210133000, Matrix=pm10_pm25
pm25_mass, ug/m3, Version=2, Version description=Data extracted from http://views.cira.colostate.edu/fed/DataWizard 2019-12-16, Sample duration=1d, Orig. time res.=3d, Blank correction=Blank corrected, Volume std. temperature=ambient, Volume std. pressure=ambient
numflag pm25_mass, no unit, Version=2, Version description=Data extracted from http://views.cira.colostate.edu/fed/DataWizard 2019-12-16, Sample duration=1d, Orig. time res.=3d, Blank correction=Blank corrected, Volume std. temperature=ambient, Volume std. pressure=ambient
potassium, ug/m3, Revision date=20181210133000
numflag potassium, no unit, Revision date=20181210133000
sulphate_total, ug S/m3, Revision date=20181210133000
numflag sulphate_total, no unit, Revision date=20181210133000
0
25
Data definition:              EBAS_1.1
Set type code:                TU
Timezone:                     UTC
File name:                    US0094R.20060102070000.20191216000000.filterpack..pm25.52w.1w.US03L_filterpack_US0094.US03L_IMPROVE_Davis.lev2.nas
File creation:                20191218120144
Startdate:                    20060102070000
Revision date:                20191216000000
Statistics:                   arithmetic mean
Data level:                   2
Period code:                  52w
Resolution code:              1w
Station code:                 US0094R
Platform code:                US0094S
Station name:                 Meadview
Station latitude:             36.0193
Station longitude:            -114.0684
Station altitude:             902.0 m
Regime:                       IMG
Component:                    
Matrix:                       pm25
Laboratory code:              US03L
Instrument type:              filterpack
Instrument name:              filterpack_US0094
Method ref:                   US03L_IMPROVE_Davis
starttime endtime Fe flag_Fe Pb flag_Pb Mg++ flag_Mg++ Ni flag_Ni NO3- flag_NO3- OC flag_OC OM flag_OM PM10 flag_PM10 PM10-PM2.5 flag_PM10-PM2.5 PM2.5 flag_PM2.5 K+ flag_K+ SO4-- flag_SO4--
  1.291667   2.291667   51.52 0.000  0.34 0.000 0.024 0.000 0.19 0.000000 0.029 0.000000  0.393 0.000  0.550 0.000  15.118 0.000  12.955 0.000  2.163 0.000 0.040 0.000 0.092 0.000000
  4.291667   5.291667   16.43 0.000  0.45 0.000 0.012 0.000 9.99 0.259000 0.013 0.559000  0.288 0.000  0.403 0.000   2.426 0.000   1.224 0.000  1.202 0.000 0.014 0.000 0.058 0.559000
  7.291667   8.291667   28.43 0.000  0.71 0.000 0.009 0.000 9.99 0.259000 0.019 0.000000  0.361 0.000  0.505 0.000   6.082 0.000   4.541 0.000  1.541 0.000 0.021 0.000 0.073 0.000000
 10.291667  11.291667   62.53 0.000  0.21 0.000 0.034 0.000 9.99 0.259000 0.011 0.000000  0.949 0.000  1.328 0.000   7.330 0.000   3.890 0.000  3.439 0.000 0.037 0.000 0.044 0.000000
 13.291667  14.291667   73.85 0.000  0.79 0.000 0.036 0.000 0.12 0.000000 0.039 0.000000  0.436 0.000  0.610 0.000   8.140 0.000   5.334 0.000  2.807 0.000 0.051 0.000 0.090 0.000000
 16.291667  17.291667   13.19 0.000  0.30 0.000 9.999 0.259 0.10 0.000000 0.007 0.000000  0.043 0.000  0.061 0.000   2.764 0.000   2.071 0.000  0.693 0.000 0.012 0.000 0.044 0.000000
 19.291667  20.291667   22.16 0.000  0.13 0.000 0.013 0.000 9.99 0.259000 0.006 0.000000  0.167 0.000  0.234 0.000   2.094 0.000   1.249 0.000  0.845 0.000 0.014 0.000 0.024 0.000000
 22.291667  23.291667   19.46 0.000  2.04 0.000 0.012 0.000 9.99 0.259000 0.028 0.000000  0.329 0.000  0.460 0.000   5.533 0.000   3.748 0.000  1.786 0.000 0.019 0.000 0.115 0.000000
 25.291667  26.291667   62.24 0.000  1.83 0.000 9.999 0.259 0.26 0.000000 0.095 0.000000  0.666 0.000  0.932 0.000  13.139 0.000   8.753 0.000  4.386 0.000 0.065 0.000 0.290 0.000000
 28.291667  29.291667   28.64 0.000  0.67 0.000 0.013 0.000 0.12 0.000000 0.047 0.000000  0.381 0.000  0.534 0.000   6.575 0.000   4.455 0.000  2.120 0.000 0.023 0.000 0.138 0.000000
 31.291667  32.291667   24.33 0.000  0.48 0.000 0.014 0.000 9.99 0.259000 0.008 0.000000  0.193 0.000  0.270 0.000   3.952 0.000   2.887 0.000  1.065 0.000 0.014 0.000 0.023 0.000000
 34.291667  35.291667   27.10 0.000  1.65 0.000 9.999 0.259 9.99 0.259000 0.010 0.000000  0.342 0.000  0.479 0.000   5.130 0.000   3.098 0.000  2.032 0.000 0.027 0.000 0.204 0.000000
 37.291667  38.291667   14.53 0.000  0.34 0.000 9.999 0.259 9.99 0.259000 0.011 0.000000  0.118 0.000  0.165 0.000   2.957 0.000   1.988 0.000  0.969 0.000 0.012 0.000 0.070 0.000000
 40.291667  41.291667   29.40 0.000  0.71 0.000 9.999 0.259 9.99 0.259000 0.034 0.000000  0.196 0.000  0.274 0.000   4.803 0.000   3.073 0.000  1.730 0.000 0.021 0.000 0.089 0.000000
 43.291667  44.291667   24.85 0.000  1.03 0.000 0.009 0.000 9.99 0.259000 0.026 0.000000  0.218 0.000  0.306 0.000   4.120 0.000   2.630 0.000  1.489 0.000 0.021 0.000 0.098 0.000000
 46.291667  47.291667   17.83 0.000  0.30 0.000 0.010 0.000 9.99 0.259000 0.014 0.559000  0.146 0.000  0.205 0.000   3.540 0.000   2.127 0.000  1.413 0.000 0.015 0.000 0.116 0.559000
 49.291667  50.291667   17.83 0.000  0.56 0.000 9.999 0.259 9.99 0.259000 0.050 0.000000  0.236 0.000  0.331 0.000   4.745 0.000   3.236 0.000  1.510 0.000 0.018 0.000 0.092 0.000000
 52.291667  53.291667   22.35 0.000  0.53 0.000 9.999 0.259 9.99 0.259000 0.031 0.000000  0.200 0.000  0.280 0.000   3.527 0.000   1.719 0.000  1.808 0.000 0.025 0.000 0.152 0.000000
 55.291667  56.291667   39.22 0.000  1.06 0.000 9.999 0.259 9.99 0.259000 0.024 0.000000  0.260 0.000  0.364 0.000   5.313 0.000   3.337 0.000  1.976 0.000 0.032 0.000 0.132 0.000000
 58.291667  59.291667   16.26 0.000  0.53 0.000 9.999 0.259 9.99 0.259000 0.031 0.000000  0.360 0.000  0.504 0.000   4.197 0.000   2.916 0.000  1.282 0.000 0.020 0.000 0.092 0.000000
 61.291667  62.291667   50.72 0.000  0.83 0.000 0.012 0.000 9.99 0.259000 0.088 0.000000  0.219 0.000  0.307 0.000  10.045 0.000   7.466 0.000  2.579 0.000 0.033 0.000 0.122 0.000000
 64.291667  65.291667   52.25 0.000  6.67 0.000 0.013 0.000 9.99 0.259000 0.038 0.000000  0.780 0.000  1.092 0.000   9.273 0.000   5.637 0.000  3.636 0.000 0.046 0.000 0.164 0.000000
 67.291667  68.291667   70.45 0.000  0.60 0.000 9.999 0.259 9.99 0.259000 0.077 0.000000  0.242 0.000  0.339 0.000   9.889 0.000   7.257 0.000  2.633 0.000 0.039 0.000 0.108 0.000000
 70.291667  71.291667    6.22 0.000  0.33 0.000 9.999 0.259 9.99 0.259000 0.064 0.000000  0.144 0.000  0.201 0.000   1.798 0.000   0.764 0.000  1.034 0.000 0.008 0.000 0.130 0.000000
 73.291667  74.291667   64.66 0.000  1.19 0.000 0.025 0.000 9.99 0.259000 0.033 0.000000  0.116 0.000  0.162 0.000   5.813 0.000   3.207 0.000  2.606 0.000 0.041 0.000 0.211 0.000000
 76.291667  77.291667   25.36 0.000  0.43 0.000 9.999 0.259 9.99 0.259000 0.033 0.000000  0.094 0.000  0.131 0.000   3.398 0.000   2.048 0.000  1.350 0.000 0.015 0.000 0.115 0.000000
 79.291667  80.291667   23.22 0.000  0.74 0.000 9.999 0.259 9.99 0.259000 0.092 0.000000  0.420 0.000  0.589 0.000   4.610 0.000   2.242 0.000  2.368 0.000 0.022 0.000 0.180 0.000000
 82.291667  83.291667   41.30 0.000  0.55 0.000 9.999 0.259 9.99 0.259000 0.023 0.000000  0.282 0.000  0.395 0.000   4.764 0.000   2.349 0.000  2.415 0.000 0.024 0.000 0.211 0.000000
 85.291667  86.291667   84.54 0.000  0.42 0.000 0.050 0.000 0.89 0.000000 0.039 0.000000  0.513 0.000  0.719 0.000   8.793 0.000   5.819 0.000  2.974 0.000 0.059 0.000 0.104 0.000000
 88.291667  89.291667   22.92 0.000  0.59 0.000 9.999 0.259 0.43 0.000000 0.014 0.000000  0.176 0.000  0.247 0.000   2.101 0.000   0.767 0.000  1.334 0.000 0.015 0.000 0.096 0.000000
 91.291667  92.291667   31.00 0.000  1.34 0.000 0.010 0.000 9.99 0.259000 0.023 0.000000  0.248 0.000  0.347 0.000   4.317 0.000   2.220 0.000  2.097 0.000 0.023 0.000 0.219 0.000000
 94.291667  95.291667   21.21 0.000  0.43 0.000 0.012 0.000 0.21 0.000000 0.010 0.000000  0.110 0.000  0.155 0.000   3.845 0.000   2.975 0.000  0.870 0.000 0.015 0.000 0.064 0.000000
 97.291667  98.291667   34.38 0.000  0.94 0.000 0.019 0.000 0.20 0.000000 0.058 0.000000  0.337 0.000  0.472 0.000   6.332 0.000   3.816 0.000  2.516 0.000 0.036 0.000 0.191 0.000000
100.291667 101.291667   59.69 0.000  0.75 0.000 0.034 0.000 0.14 0.000000 0.051 0.000000  0.210 0.000  0.295 0.000   7.946 0.000   5.274 0.000  2.672 0.000 0.043 0.000 0.201 0.000000
103.291667 104.291667   61.77 0.000  0.82 0.000 0.036 0.000 0.11 0.000000 0.018 0.000000  0.259 0.000  0.362 0.000  12.050 0.000   9.245 0.000  2.805 0.000 0.051 0.000 0.211 0.000000
106.291667 107.291667   78.48 0.000  1.31 0.000 0.041 0.000 9.99 0.259000 0.031 0.000000  0.182 0.000  0.255 0.000   9.445 0.000   6.394 0.000  3.052 0.000 0.050 0.000 0.234 0.000000
109.291667 110.291667   87.69 0.000  1.04 0.000 0.047 0.000 9.99 0.259000 0.027 0.559000  0.279 0.000  0.390 0.000   7.487 0.000   4.213 0.000  3.274 0.000 0.051 0.000 0.129 0.559000
112.291667 113.291667  287.90 0.000  2.55 0.000 0.153 0.000 0.15 0.000000 0.101 0.559000  0.362 0.000  0.507 0.000  22.073 0.000  13.873 0.000  8.200 0.000 0.164 0.000 0.358 0.559000
115.291667 116.291667  140.78 0.000  2.03 0.000 0.065 0.000 0.17 0.000000 0.120 0.559000  0.511 0.000  0.716 0.000  13.133 0.000   6.349 0.000  6.784 0.000 0.201 0.000 0.442 0.559000
118.291667 119.291667  147.42 0.000  1.57 0.000 0.108 0.000 0.16 0.000000 0.073 0.559000  0.850 0.000  1.190 0.000  20.895 0.000  13.874 0.000  7.021 0.000 0.098 0.000 0.297 0.559000
121.291667 122.291667   62.50 0.000  1.46 0.000 9.999 0.259 0.21 0.000000 0.033 0.559000  0.461 0.000  0.646 0.000   9.122 0.000   5.445 0.000  3.678 0.000 0.042 0.000 0.240 0.559000
124.291667 125.291667  121.38 0.000  1.85 0.000 9.999 0.259 0.19 0.000000 0.062 0.559000  0.530 0.000  0.742 0.000  11.768 0.000   5.785 0.000  5.982 0.000 0.075 0.000 0.413 0.559000
127.291667 128.291667  124.88 0.000  2.11 0.000 0.020 0.000 0.31 0.000000 0.110 0.559000  1.036 0.000  1.450 0.000  17.067 0.000   8.829 0.000  8.238 0.000 0.082 0.000 0.648 0.559000
130.291667 131.291667  150.50 0.000  1.56 0.000 9.999 0.259 9.99 0.259000 0.046 0.559000  0.649 0.000  0.908 0.000  12.692 0.000   7.111 0.000  5.581 0.000 0.091 0.000 0.300 0.559000
133.291667 134.291667  129.85 0.000  1.54 0.000 0.034 0.000 0.24 0.000000 0.058 0.559000  0.702 0.000  0.982 0.000  11.774 0.000   6.042 0.000  5.732 0.000 0.076 0.000 0.426 0.559000
136.291667 137.291667   82.64 0.000  0.51 0.000 9.999 0.259 9.99 0.259000 0.019 0.559000  0.594 0.000  0.831 0.000   9.036 0.000   5.207 0.000  3.829 0.000 0.047 0.000 0.229 0.559000
139.291667 140.291667  107.09 0.000  0.90 0.000 9.999 0.259 0.18 0.000000 0.044 0.559000  0.797 0.000  1.115 0.000  16.697 0.000  11.424 0.000  5.274 0.000 0.074 0.000 0.379 0.559000
142.291667 143.291667   49.84 0.000  0.57 0.000 9.999 0.259 0.34 0.000000 0.014 0.559000  0.656 0.000  0.919 0.000   6.407 0.000   4.362 0.000  2.045 0.000 0.034 0.000 0.118 0.559000
145.291667 146.291667   88.16 0.000  1.19 0.000 0.008 0.000 0.28 0.000000 0.059 0.559000  0.752 0.000  1.052 0.000  17.242 0.000  12.317 0.000  4.925 0.000 0.059 0.000 0.228 0.559000
148.291667 149.291667   37.13 0.000  0.51 0.000 9.999 0.259 9.99 0.259000 0.012 0.559000  0.359 0.000  0.503 0.000   5.024 0.000   2.982 0.000  2.042 0.000 0.027 0.000 0.126 0.559000
151.291667 152.291667   64.12 0.000  0.70 0.000 0.033 0.000 9.99 0.259000 0.020 0.559000  0.979 0.000  1.370 0.000  11.064 0.000   7.895 0.000  3.168 0.000 0.044 0.000 0.172 0.559000
154.291667 155.291667   69.16 0.000  0.97 0.000 0.031 0.000 0.15 0.000000 0.042 0.000000  0.520 0.000  0.727 0.000  12.989 0.000   7.987 0.000  5.002 0.000 0.058 0.000 0.387 0.000000
157.291667 158.291667   77.84 0.000  0.85 0.000 0.032 0.000 0.18 0.000000 0.038 0.000000  0.897 0.000  1.256 0.000   6.815 0.000   1.819 0.000  4.996 0.000 0.068 0.000 0.345 0.000000
160.291667 161.291667  167.19 0.000  1.08 0.000 0.087 0.000 0.29 0.000000 0.094 0.000000  1.938 0.000  2.712 0.000  15.467 0.000   5.612 0.000  9.856 0.000 0.240 0.000 0.405 0.000000
163.291667 164.291667   75.26 0.000  0.97 0.000 0.029 0.000 9.99 0.259000 0.035 0.000000  0.608 0.000  0.852 0.000  14.192 0.000   8.466 0.000  5.726 0.000 0.090 0.000 0.556 0.000000
166.291667 167.291667   59.30 0.000  0.22 0.000 0.031 0.000 0.25 0.000000 0.012 0.559000  0.495 0.000  0.693 0.000   7.277 0.000   3.812 0.000  3.466 0.000 0.042 0.000 0.149 0.559000
169.291667 170.291667   65.46 0.000  1.15 0.000 0.039 0.000 0.26 0.000000 0.071 0.000000  1.077 0.000  1.508 0.000  13.788 0.000   6.968 0.000  6.820 0.000 0.106 0.000 0.548 0.000000
172.291667 173.291667   86.76 0.000  0.85 0.000 0.041 0.000 0.31 0.000000 0.057 0.559000  0.689 0.000  0.965 0.000  11.838 0.000   6.752 0.000  5.086 0.000 0.098 0.000 0.301 0.559000
175.291667 176.291667  116.61 0.000  0.89 0.000 0.047 0.000 0.20 0.000000 0.049 0.559000  1.606 0.000  2.248 0.000  16.644 0.000   9.541 0.000  7.103 0.000 0.121 0.000 0.366 0.559000
178.291667 179.291667 9999.99 0.999 99.99 0.999 9.999 0.999 9.99 0.999000 9.999 0.999000 99.999 0.999 99.999 0.999 999.999 0.999 999.999 0.999 99.999 0.999 9.999 0.999 9.999 0.999000
181.291667 182.291667 9999.99 0.999 99.99 0.999 9.999 0.999 9.99 0.999000 9.999 0.999000 99.999 0.999 99.999 0.999 999.999 0.999 999.999 0.999 99.999 0.999 9.999 0.999 9.999 0.999000
184.291667 185.291667 9999.99 0.999 99.99 0.999 9.999 0.999 9.99 0.999000 9.999 0.999000 99.999 0.999 99.999 0.999 999.999 0.999 999.999 0.999 99.999 0.999 9.999 0.999 9.999 0.999000
187.291667 188.291667   23.96 0.000  0.63 0.000 9.999 0.259 0.16 0.000000 0.026 0.559000  0.236 0.000  0.426 0.000   6.284 0.000   3.464 0.000  2.820 0.000 0.044 0.000 0.250 0.559000
190.291667 191.291667   23.53 0.000  0.66 0.000 9.999 0.259 0.18 0.000000 0.023 0.559000  0.693 0.000  1.248 0.000   6.807 0.000   3.280 0.000  3.527 0.000 0.050 0.000 0.255 0.559000
193.291667 194.291667   43.84 0.000  0.79 0.000 9.999 0.259 0.13 0.000000 0.050 0.000000  4.065 0.000  7.317 0.000  15.268 0.000   6.443 0.000  8.825 0.000 0.163 0.000 0.255 0.000000
196.291667 197.291667  194.40 0.394  0.77 0.394 0.068 0.394 0.14 0.394000 0.042 0.559394  2.133 0.394  3.839 0.394  26.705 0.000  17.330 0.394  9.375 0.000 0.186 0.394 0.329 0.559394
199.291667 200.291667   63.79 0.000  0.69 0.000 0.009 0.000 9.99 0.259000 0.072 0.000000  1.078 0.000  1.941 0.000  13.653 0.000   7.239 0.000  6.414 0.000 0.140 0.000 0.464 0.000000
202.291667 203.291667   19.65 0.000  0.46 0.000 0.011 0.000 0.12 0.000000 0.012 0.000000  0.684 0.000  1.231 0.000   7.154 0.000   4.160 0.000  2.993 0.000 0.018 0.000 0.307 0.000000
205.291667 206.291667   31.72 0.000  0.43 0.000 9.999 0.259 9.99 0.259000 0.022 0.559000  1.133 0.000  2.039 0.000   8.519 0.000   3.985 0.000  4.533 0.000 0.072 0.000 0.265 0.559000
208.291667 209.291667   98.29 0.000  1.45 0.000 0.042 0.000 0.53 0.000000 0.169 0.000000  1.386 0.000  2.495 0.000  29.550 0.000  20.538 0.000  9.013 0.000 0.155 0.000 0.783 0.000000
211.291667 212.291667   50.39 0.000  1.17 0.000 0.005 0.000 0.24 0.000000 0.035 0.000000  0.659 0.000  1.187 0.000  13.702 0.000   7.936 0.000  5.766 0.000 0.055 0.000 0.662 0.000000
214.291667 215.291667   72.28 0.000  0.38 0.000 0.034 0.000 0.18 0.000000 0.045 0.559000  0.286 0.000  0.515 0.000   9.493 0.000   5.816 0.000  3.677 0.000 0.082 0.000 0.261 0.559000
217.291667 218.291667   19.63 0.000  0.44 0.000 0.010 0.000 9.99 0.259000 0.029 0.559000  0.160 0.000  0.288 0.000   5.097 0.000   2.896 0.000  2.200 0.000 0.023 0.000 0.226 0.559000
220.291667 221.291667   41.62 0.000  0.73 0.000 0.016 0.000 0.30 0.000000 0.042 0.559000  0.303 0.000  0.546 0.000   9.089 0.000   5.237 0.000  3.852 0.000 0.037 0.000 0.390 0.559000
223.291667 224.291667   33.77 0.000  0.81 0.000 0.014 0.000 0.21 0.000000 0.037 0.559000  0.400 0.000  0.720 0.000   7.464 0.000   4.071 0.000  3.393 0.000 0.036 0.000 0.319 0.559000
226.291667 227.291667   68.92 0.000  0.71 0.000 0.031 0.000 0.26 0.000000 0.064 0.559000  0.410 0.000  0.739 0.000  14.587 0.000  10.308 0.000  4.279 0.000 0.069 0.000 0.313 0.559000
229.291667 230.291667   42.16 0.000  0.57 0.000 0.014 0.000 0.31 0.000000 0.018 0.559000  0.304 0.000  0.547 0.000   6.511 0.000   4.103 0.000  2.408 0.000 0.029 0.000 0.206 0.559000
232.291667 233.291667   40.74 0.000  1.18 0.000 0.014 0.000 0.22 0.000000 0.024 0.559000  0.449 0.000  0.807 0.000   9.453 0.000   5.495 0.000  3.958 0.000 0.041 0.000 0.446 0.559000
235.291667 236.291667   75.40 0.000  0.78 0.000 0.023 0.000 0.30 0.000000 0.035 0.559000  0.646 0.000  1.164 0.000  15.704 0.000  10.428 0.000  5.276 0.000 0.055 0.000 0.507 0.559000
238.291667 239.291667   50.63 0.000  0.74 0.000 0.013 0.000 0.20 0.000000 0.019 0.559000  1.231 0.000  2.217 0.000   9.835 0.000   5.791 0.000  4.044 0.000 0.046 0.000 0.140 0.559000
241.291667 242.291667   71.91 0.000  1.08 0.000 0.036 0.000 0.32 0.000000 0.071 0.559000  0.886 0.000  1.595 0.000  17.358 0.000  11.926 0.000  5.432 0.000 0.077 0.000 0.464 0.559000
244.291667 245.291667   33.28 0.000  0.42 0.000 0.011 0.000 0.18 0.000000 0.021 0.559000  1.205 0.000  2.169 0.000   8.838 0.000   5.274 0.000  3.564 0.000 0.056 0.000 0.231 0.559000
247.291667 248.291667   26.67 0.394  0.39 0.394 0.013 0.394 9.99 0.394259 0.010 0.559394  0.775 0.394  1.394 0.394   6.834 0.000   4.643 0.394  2.190 0.000 0.017 0.394 0.151 0.559394
250.291667 251.291667   36.64 0.000  0.60 0.000 9.999 0.259 0.22 0.000000 0.030 0.559000  0.960 0.000  1.728 0.000  10.703 0.000   6.509 0.000  4.194 0.000 0.065 0.000 0.258 0.559000
253.291667 254.291667   23.83 0.000  0.56 0.000 9.999 0.259 9.99 0.259000 0.019 0.559000  0.795 0.000  1.432 0.000   6.925 0.000   3.308 0.000  3.616 0.000 0.032 0.000 0.263 0.559000
256.291667 257.291667 9999.99 0.999 99.99 0.999 9.999 0.999 9.99 0.999000 9.999 0.999000 99.999 0.999 99.999 0.999 999.999 0.999 999.999 0.999 99.999 0.999 9.999 0.999 9.999 0.999000
259.291667 260.291667    9.57 0.000  0.15 0.000 9.999 0.259 9.99 0.259000 0.010 0.559000  0.431 0.000  0.775 0.000 999.999 0.999 999.999 0.999  1.510 0.000 0.009 0.000 0.070 0.559000
