scripts/IMPROVE-2019_partial/data/US0034R.20070103060000.20191216000000.filterpack...1y.3d.US03L_filterpack_US0034.US03L_IMPROVE_Davis.lev2.nas
52 1001
MISSING INFORMATION
US03L, IMPROVE, , , , , , , 
MISSING INFORMATION
IMPROVE sel_HTAP
1 1
2007 01 01 2019 12 16
3.00
days from file reference point
5
1 1 1 1 1
999.99 999.999 9.999 999.999 9.999
end_time of measurement, days from the file reference point
pm10_mass, ug/m3, Matrix=pm10
numflag pm10_mass, no unit, Matrix=pm10
pm25_mass, ug/m3, Matrix=pm25
numflag pm25_mass, no unit, Matrix=pm25
0
33
Data definition:              EBAS_1.1
Set type code:                TU
Timezone:                     UTC
File name:                    US0034R.20070103060000.20191216000000.filterpack...1y.3d.US03L_filterpack_US0034.US03L_IMPROVE_Davis.lev2.nas
File creation:                20191218115739
Startdate:                    20070103060000
Revision date:                20191216000000
Version:                      2
Version description:          "Data extracted from http://views.cira.colostate.edu/fed/DataWizard 2019-12-16"
Statistics:                   arithmetic mean
Data level:                   2
Period code:                  1y
Resolution code:              3d
Sample duration:              1d
Orig. time res.:              3d
Station code:                 US0034R
Platform code:                US0034S
Station name:                 Lake Sugema 2
Station latitude:             40.6932
Station longitude:            -92.0059
Station altitude:             229.0 m
Regime:                       IMG
Component:                    
Unit:                         ug/m3
Matrix:                       
Laboratory code:              US03L
Instrument type:              filterpack
Instrument name:              filterpack_US0034
Method ref:                   US03L_IMPROVE_Davis
Blank correction:             Blank corrected
Volume std. temperature:      ambient
Volume std. pressure:         ambient
starttime endtime PM10 flag_PM10 PM2.5 flag_PM2.5
  2.25   3.25   6.771 0.000   4.506 0.000
  5.25   6.25  10.793 0.000   7.918 0.000
  8.25   9.25  10.600 0.000   3.536 0.000
 11.25  12.25  20.160 0.000   9.444 0.000
 14.25  15.25  11.907 0.000   9.607 0.000
 17.25  18.25  13.784 0.000  10.694 0.000
 20.25  21.25  12.555 0.000  11.564 0.000
 23.25  24.25  17.741 0.000  15.222 0.000
 26.25  27.25   8.880 0.000   4.239 0.000
 29.25  30.25  12.033 0.000   4.267 0.000
 32.25  33.25  13.179 0.000   3.258 0.000
 35.25  36.25  16.208 0.000   4.798 0.000
 38.25  39.25  11.923 0.000   3.975 0.000
 41.25  42.25  22.152 0.000  10.086 0.000
 44.25  45.25  12.420 0.000   6.998 0.000
 47.25  48.25  14.698 0.000  11.197 0.000
 50.25  51.25  16.505 0.000  14.543 0.000
 53.25  54.25  18.850 0.000  14.088 0.000
 56.25  57.25   5.828 0.000   4.873 0.000
 59.25  60.25  15.425 0.000  12.983 0.000
 62.25  63.25   9.152 0.000   6.704 0.000
 65.25  66.25  25.526 0.000  16.247 0.000
 68.25  69.25  12.438 0.000  10.950 0.000
 71.25  72.25 999.999 0.456  13.546 0.000
 74.25  75.25  14.788 0.000   9.269 0.000
 77.25  78.25  19.821 0.000 999.999 0.456
 80.25  81.25   7.873 0.000   4.359 0.000
 83.25  84.25  21.538 0.000  12.760 0.000
 86.25  87.25  20.583 0.000  14.330 0.000
 89.25  90.25  14.394 0.000   9.141 0.000
 92.25  93.25  10.245 0.000   6.478 0.000
 95.25  96.25  10.381 0.000   3.382 0.000
 98.25  99.25  19.971 0.000   5.643 0.000
101.25 102.25   7.742 0.000   5.825 0.000
104.25 105.25  15.139 0.000   9.026 0.000
107.25 108.25  15.633 0.000 999.999 0.456
110.25 111.25  23.447 0.000 999.999 0.999
113.25 114.25  13.921 0.000 999.999 0.999
116.25 117.25  11.249 0.000 999.999 0.999
119.25 120.25  17.116 0.000 999.999 0.999
122.25 123.25  22.159 0.000 999.999 0.999
125.25 126.25  18.797 0.000 999.999 0.456
128.25 129.25  12.990 0.000   3.538 0.659
131.25 132.25  38.146 0.000  10.762 0.659
134.25 135.25  13.958 0.000   6.935 0.659
137.25 138.25  16.503 0.000   4.631 0.659
140.25 141.25  28.346 0.000  10.585 0.659
143.25 144.25  22.506 0.000  10.947 0.659
146.25 147.25 999.999 0.999 999.999 0.999
149.25 150.25  23.874 0.000  15.546 0.659
152.25 153.25   7.882 0.000   3.716 0.659
155.25 156.25  13.688 0.000   4.599 0.659
158.25 159.25  20.578 0.000   5.549 0.659
161.25 162.25  20.240 0.000  13.261 0.659
164.25 165.25  36.808 0.000  22.095 0.000
167.25 168.25  36.743 0.000  25.702 0.000
170.25 171.25  17.860 0.000  16.182 0.000
173.25 174.25  11.562 0.000   8.465 0.000
176.25 177.25  28.740 0.000  25.410 0.000
179.25 180.25  18.505 0.000   5.640 0.000
182.25 183.25  17.107 0.000   9.329 0.000
185.25 186.25  23.316 0.000   7.186 0.000
188.25 189.25  23.220 0.000  13.167 0.000
191.25 192.25  18.848 0.000   4.731 0.000
194.25 195.25  23.738 0.000   8.582 0.000
197.25 198.25  14.334 0.000   7.898 0.000
200.25 201.25  18.884 0.000   8.234 0.000
203.25 204.25  27.066 0.000  14.397 0.000
206.25 207.25  38.074 0.000  24.558 0.000
209.25 210.25  27.381 0.000  19.006 0.000
212.25 213.25  30.810 0.000  18.977 0.000
215.25 216.25  26.705 0.000  12.527 0.000
218.25 219.25  18.406 0.000   7.910 0.000
221.25 222.25 999.999 0.999 999.999 0.999
224.25 225.25 999.999 0.999 999.999 0.999
227.25 228.25  24.633 0.000  15.987 0.000
230.25 231.25 999.999 0.999   7.311 0.000
233.25 234.25 999.999 0.999   9.053 0.000
236.25 237.25  12.002 0.000   3.699 0.000
239.25 240.25  24.197 0.000  13.008 0.000
242.25 243.25  22.442 0.000   6.992 0.000
245.25 246.25  29.757 0.000  11.064 0.000
248.25 249.25  10.609 0.000   4.973 0.000
251.25 252.25  18.298 0.000   6.815 0.000
254.25 255.25  15.866 0.000   2.875 0.000
257.25 258.25  14.274 0.000   2.749 0.000
260.25 261.25  23.725 0.000  10.076 0.000
263.25 264.25  34.162 0.000  18.909 0.000
266.25 267.25  28.273 0.000  16.390 0.000
269.25 270.25  11.136 0.000   3.515 0.000
272.25 273.25  21.264 0.000  10.093 0.000
275.25 276.25   9.201 0.000   2.380 0.000
278.25 279.25  16.335 0.000   8.925 0.000
281.25 282.25  12.176 0.000   2.736 0.000
284.25 285.25  25.316 0.000   4.401 0.000
287.25 288.25  15.623 0.000  10.630 0.000
290.25 291.25   8.328 0.000   2.797 0.000
293.25 294.25  21.522 0.000   7.345 0.000
296.25 297.25  18.308 0.000   3.194 0.000
299.25 300.25  27.762 0.000   5.717 0.000
302.25 303.25  20.803 0.000   6.869 0.000
305.25 306.25 999.999 0.999 999.999 0.999
308.25 309.25  32.841 0.000   5.057 0.000
311.25 312.25  48.616 0.000   7.057 0.000
314.25 315.25  30.669 0.000  14.816 0.000
317.25 318.25  32.222 0.000   3.384 0.000
320.25 321.25  54.244 0.000  11.972 0.000
323.25 324.25  18.821 0.000  13.129 0.000
326.25 327.25   7.148 0.000   4.933 0.000
329.25 330.25  14.588 0.000   9.679 0.000
332.25 333.25  13.438 0.000   3.687 0.000
335.25 336.25  11.582 0.000   8.575 0.000
338.25 339.25   9.246 0.000   6.221 0.000
341.25 342.25  14.466 0.000  11.370 0.000
344.25 345.25   9.920 0.000   8.168 0.000
347.25 348.25  17.735 0.000  13.202 0.000
350.25 351.25  23.528 0.000  19.778 0.000
353.25 354.25  31.057 0.000  27.984 0.000
356.25 357.25   9.355 0.000   6.675 0.000
359.25 360.25  15.123 0.000  12.962 0.000
362.25 363.25  14.068 0.000  12.787 0.000
