scripts/IMPROVE-2019_partial/data/US0019R.20050101080000.20191216000000.filterpack..pm25.52w.1w.US03L_filterpack_US0019.US03L_IMPROVE_Davis.lev2.nas
64 1001
MISSING INFORMATION
US03L, IMPROVE, , , , , , , 
MISSING INFORMATION
IMPROVE sel_HTAP
1 1
2005 01 01 2019 12 16
3.000000
days from file reference point
25
1 1 1 1 1 1 1 1 1 1 1 1 1 1 1 1 1 1 1 1 1 1 1 1 1
999.999999 999.99 9.999 999.99 9.999 9.999 9.999 9.99 9.999 9.999 9.999 99.999 9.999 999.999 9.999 999.999 9.999 99.999 9.999 999.999 9.999 9.999 9.999 9.999 9.999
end_time of measurement, days from the file reference point
iron, ng/m3, Revision date=20181210133000
numflag iron, no unit, Revision date=20181210133000
lead, ng/m3, Revision date=20181210133000
numflag lead, no unit, Revision date=20181210133000
magnesium, ug/m3, Revision date=20181210133000
numflag magnesium, no unit, Revision date=20181210133000
nickel, ng/m3, Revision date=20181210133000
numflag nickel, no unit, Revision date=20181210133000
nitrate, ug N/m3, Revision date=20181210133000
numflag nitrate, no unit, Revision date=20181210133000
organic_carbon, ug C/m3, Revision date=20181210133000
numflag organic_carbon, no unit, Revision date=20181210133000
organic_mass, ug/m3, Revision date=20181210133000
numflag organic_mass, no unit, Revision date=20181210133000
pm10_mass, ug/m3, Version=2, Version description=Data extracted from http://views.cira.colostate.edu/fed/DataWizard 2019-12-16, Sample duration=1d, Orig. time res.=3d, Matrix=pm10, Blank correction=Blank corrected, Volume std. temperature=ambient, Volume std. pressure=ambient
numflag pm10_mass, no unit, Version=2, Version description=Data extracted from http://views.cira.colostate.edu/fed/DataWizard 2019-12-16, Sample duration=1d, Orig. time res.=3d, Matrix=pm10, Blank correction=Blank corrected, Volume std. temperature=ambient, Volume std. pressure=ambient
pm10_pm25_mass, ug/m3, Revision date=20181210133000, Matrix=pm10_pm25
numflag pm10_pm25_mass, no unit, Revision date=20181210133000, Matrix=pm10_pm25
pm25_mass, ug/m3, Version=2, Version description=Data extracted from http://views.cira.colostate.edu/fed/DataWizard 2019-12-16, Sample duration=1d, Orig. time res.=3d, Blank correction=Blank corrected, Volume std. temperature=ambient, Volume std. pressure=ambient
numflag pm25_mass, no unit, Version=2, Version description=Data extracted from http://views.cira.colostate.edu/fed/DataWizard 2019-12-16, Sample duration=1d, Orig. time res.=3d, Blank correction=Blank corrected, Volume std. temperature=ambient, Volume std. pressure=ambient
potassium, ug/m3, Revision date=20181210133000
numflag potassium, no unit, Revision date=20181210133000
sulphate_total, ug S/m3, Revision date=20181210133000
numflag sulphate_total, no unit, Revision date=20181210133000
0
25
Data definition:              EBAS_1.1
Set type code:                TU
Timezone:                     UTC
File name:                    US0019R.20050101080000.20191216000000.filterpack..pm25.52w.1w.US03L_filterpack_US0019.US03L_IMPROVE_Davis.lev2.nas
File creation:                20191218115640
Startdate:                    20050101080000
Revision date:                20191216000000
Statistics:                   arithmetic mean
Data level:                   2
Period code:                  52w
Resolution code:              1w
Station code:                 US0019R
Platform code:                US0019S
Station name:                 Bliss SP (TRPA)
Station latitude:             38.9761
Station longitude:            -120.1025
Station altitude:             2130.0 m
Regime:                       IMG
Component:                    
Matrix:                       pm25
Laboratory code:              US03L
Instrument type:              filterpack
Instrument name:              filterpack_US0019
Method ref:                   US03L_IMPROVE_Davis
starttime endtime Fe flag_Fe Pb flag_Pb Mg++ flag_Mg++ Ni flag_Ni NO3- flag_NO3- OC flag_OC OM flag_OM PM10 flag_PM10 PM10-PM2.5 flag_PM10-PM2.5 PM2.5 flag_PM2.5 K+ flag_K+ SO4-- flag_SO4--
[from data line 92]
276.333333 277.333333  15.98 0.000   0.27 0.000 9.999 0.259 9.99 0.259 0.019 0.000  0.333 0.000   0.599 0.000   2.665 0.000  1.302 0.000   1.363 0.000 0.011 0.000 0.064 0.000
279.333333 280.333333  35.46 0.000   0.47 0.000 0.014 0.000 0.16 0.000 0.038 0.000  0.944 0.000   1.698 0.000   5.528 0.000  2.571 0.000   2.911 0.000 0.020 0.000 0.084 0.000
282.333333 283.333333  14.33 0.000   0.41 0.000 9.999 0.259 0.13 0.000 0.012 0.000  0.590 0.000   1.062 0.000   2.702 0.000  1.036 0.000   1.644 0.000 0.009 0.000 0.071 0.000
285.333333 286.333333  26.84 0.000   0.55 0.000 9.999 0.259 9.99 0.259 0.015 0.000  1.220 0.000   2.196 0.000   5.170 0.000  1.935 0.000   3.194 0.000 0.018 0.000 0.091 0.000
288.333333 289.333333  26.18 0.000   0.41 0.000 9.999 0.259 0.19 0.000 0.013 0.000  0.403 0.000   0.725 0.000   4.559 0.000  2.958 0.000   1.559 0.000 0.019 0.000 0.092 0.000
291.333333 292.333333  23.67 0.000   0.42 0.000 9.999 0.259 0.10 0.000 0.104 0.000  2.882 0.000   5.188 0.000   9.405 0.000  2.491 0.000   6.909 0.000 0.036 0.000 0.289 0.000
294.333333 295.333333  24.06 0.000   0.46 0.000 9.999 0.259 9.99 0.259 0.051 0.000  6.801 0.000  12.243 0.000  15.773 0.000  2.830 0.000  12.831 0.000 0.045 0.000 0.177 0.000
297.333333 298.333333   8.10 0.000   0.31 0.000 9.999 0.259 9.99 0.259 0.052 0.000  1.116 0.000   2.009 0.000   3.785 0.000  0.895 0.000   2.877 0.000 0.011 0.000 0.242 0.000
300.333333 301.333333   3.86 0.000   0.27 0.000 9.999 0.259 9.99 0.259 0.016 0.000  0.324 0.000   0.582 0.000   1.048 0.000  0.344 0.000   0.696 0.000 0.008 0.000 0.070 0.000
303.333333 304.333333  36.48 0.000   1.22 0.000 9.999 0.259 0.24 0.000 0.017 0.000  1.675 0.000   3.015 0.000   6.447 0.000  1.371 0.000   5.030 0.000 0.030 0.000 0.317 0.000
306.333333 307.333333   6.83 0.000   0.35 0.000 9.999 0.259 9.99 0.259 0.077 0.000  2.471 0.000   4.447 0.000   6.568 0.000  1.343 0.000   5.178 0.000 0.056 0.000 0.144 0.000
309.333333 310.333333   0.60 0.000   0.22 0.000 9.999 0.259 9.99 0.259 0.004 0.000  0.319 0.000   0.574 0.000   0.837 0.000  0.408 0.000   0.422 0.000 0.008 0.000 0.025 0.000
312.333333 313.333333  20.86 0.000   0.39 0.000 9.999 0.259 9.99 0.259 0.036 0.000  0.735 0.000   1.322 0.000   3.919 0.000  1.814 0.000   2.106 0.000 0.020 0.000 0.138 0.000
315.333333 316.333333   6.48 0.000   0.70 0.000 0.010 0.000 9.99 0.259 0.007 0.000  0.474 0.000   0.852 0.000   1.639 0.000  0.395 0.000   1.231 0.000 0.013 0.000 0.127 0.000
318.333333 319.333333  18.67 0.000   0.27 0.000 9.999 0.259 9.99 0.259 0.018 0.000  0.438 0.000   0.789 0.000 999.999 0.456  0.829 0.000   1.103 0.000 0.017 0.000 0.054 0.000
321.333333 322.333333  11.31 0.000   0.40 0.000 9.999 0.259 9.99 0.259 0.014 0.000  0.466 0.000   0.839 0.000 999.999 0.456  0.829 0.000   1.132 0.000 0.012 0.000 0.050 0.000
324.333333 325.333333  16.70 0.000   0.64 0.000 0.011 0.000 9.99 0.259 0.034 0.000  1.076 0.000   1.936 0.000 999.999 0.456  0.829 0.000   2.611 0.000 0.032 0.000 0.061 0.000
327.333333 328.333333  10.49 0.000   0.35 0.000 9.999 0.259 9.99 0.259 0.007 0.000  0.745 0.000   1.340 0.000   2.934 0.000  0.633 0.000   2.280 0.000 0.011 0.000 0.201 0.000
330.333333 331.333333   2.04 0.000   0.27 0.000 9.999 0.259 9.99 0.259 0.001 0.000  0.245 0.000   0.440 0.000   1.015 0.000  0.343 0.000   0.664 0.000 0.004 0.000 0.096 0.000
333.333333 334.333333   1.68 0.000   0.18 0.000 9.999 0.259 9.99 0.259 0.011 0.000  0.148 0.000   0.267 0.000   1.007 0.000  0.495 0.000   0.513 0.000 0.008 0.000 0.034 0.000
336.333333 337.333333   2.51 0.000   0.45 0.000 9.999 0.259 9.99 0.259 0.018 0.000  0.213 0.000   0.383 0.000   1.013 0.000  0.284 0.000   0.722 0.000 0.005 0.000 0.042 0.000
339.333333 340.333333   5.94 0.000   0.50 0.000 9.999 0.259 9.99 0.259 0.016 0.000  1.134 0.000   2.041 0.000   3.406 0.000  0.995 0.000   2.395 0.000 0.028 0.000 0.042 0.000
342.333333 343.333333   3.07 0.000   0.37 0.000 9.999 0.259 9.99 0.259 0.044 0.000  0.451 0.000   0.812 0.000   1.391 0.000  0.601 0.000   0.778 0.000 0.006 0.000 0.037 0.000
345.333333 346.333333   5.06 0.000   0.40 0.000 0.005 0.000 9.99 0.259 0.008 0.000  0.562 0.000   1.012 0.000   1.683 0.000  0.529 0.000   1.141 0.000 0.007 0.000 0.032 0.000
348.333333 349.333333   5.86 0.000   0.29 0.000 9.999 0.259 9.99 0.259 0.032 0.000  0.740 0.000   1.333 0.000   2.358 0.000  0.805 0.000   1.534 0.000 0.009 0.000 0.031 0.000
351.333333 352.333333   0.40 0.000 999.99 0.259 9.999 0.259 9.99 0.259 0.002 0.000  0.091 0.000   0.165 0.000   0.375 0.000  0.254 0.000   0.120 0.000 0.002 0.000 0.004 0.000
354.333333 355.333333   2.08 0.000 999.99 0.259 9.999 0.259 9.99 0.259 0.005 0.000  0.131 0.000   0.235 0.000   0.673 0.000  0.307 0.000   0.360 0.000 0.004 0.000 0.024 0.000
357.333333 358.333333   4.96 0.000   0.26 0.000 9.999 0.259 9.99 0.259 0.012 0.000  0.799 0.000   1.438 0.000   1.602 0.000  0.146 0.000   1.445 0.000 0.008 0.000 0.028 0.000
360.333333 361.333333   0.74 0.000 999.99 0.259 9.999 0.259 9.99 0.259 0.003 0.000  0.106 0.000   0.191 0.000   0.338 0.000  0.097 0.000   0.242 0.000 0.001 0.000 0.022 0.000
363.333333 364.333333   0.60 0.000 999.99 0.259 9.999 0.259 9.99 0.259 9.999 0.259  0.071 0.000   0.127 0.000 999.999 0.259 99.999 0.259 999.999 0.259 0.002 0.000 9.999 0.259
