scripts/IMPROVE-2019_partial/data/US0063R.20000415070000.20191216000000.filterpack..pm25.37w.1w.US03L_filterpack_US0063.US03L_IMPROVE_Davis.lev2.nas
64 1001
MISSING INFORMATION
US03L, IMPROVE, , , , , , , 
MISSING INFORMATION
IMPROVE sel_HTAP
1 1
2000 01 01 2019 12 16
0
days from file reference point
25
1 1 1 1 1 1 1 1 1 1 1 1 1 1 1 1 1 1 1 1 1 1 1 1 1
999.999999 9999.99 9.999 99.99 9.999999 9.999 9.999999 99.99 9.999999 9.999 9.999 99.999 9.999 99.999 9.999 999.999 9.999 999.999 9.999 999.999 9.999 9.999 9.999 9.999 9.999
end_time of measurement, days from the file reference point
iron, ng/m3, Revision date=20181210133000
numflag iron, no unit, Revision date=20181210133000
lead, ng/m3, Revision date=20181210133000
numflag lead, no unit, Revision date=20181210133000
magnesium, ug/m3, Revision date=20181210133000
numflag magnesium, no unit, Revision date=20181210133000
nickel, ng/m3, Revision date=20181210133000
numflag nickel, no unit, Revision date=20181210133000
nitrate, ug N/m3, Revision date=20181210133000
numflag nitrate, no unit, Revision date=20181210133000
organic_carbon, ug C/m3, Revision date=20181210133000
numflag organic_carbon, no unit, Revision date=20181210133000
organic_mass, ug/m3, Revision date=20181210133000
numflag organic_mass, no unit, Revision date=20181210133000
pm10_mass, ug/m3, Version=2, Version description=Data extracted from http://views.cira.colostate.edu/fed/DataWizard 2019-12-16, Sample duration=1d, Orig. time res.=3d, Matrix=pm10, Blank correction=Blank corrected, Volume std. temperature=ambient, Volume std. pressure=ambient
numflag pm10_mass, no unit, Version=2, Version description=Data extracted from http://views.cira.colostate.edu/fed/DataWizard 2019-12-16, Sample duration=1d, Orig. time res.=3d, Matrix=pm10, Blank correction=Blank corrected, Volume std. temperature=ambient, Volume std. pressure=ambient
pm10_pm25_mass, ug/m3, Revision date=20181210133000, Matrix=pm10_pm25
numflag pm10_pm25_mass, no unit, Revision date=20181210133000, Matrix=pm10_pm25
pm25_mass, ug/m3, Version=2, Version description=Data extracted from http://views.cira.colostate.edu/fed/DataWizard 2019-12-16, Sample duration=1d, Orig. time res.=3d, Blank correction=Blank corrected, Volume std. temperature=ambient, Volume std. pressure=ambient
numflag pm25_mass, no unit, Version=2, Version description=Data extracted from http://views.cira.colostate.edu/fed/DataWizard 2019-12-16, Sample duration=1d, Orig. time res.=3d, Blank correction=Blank corrected, Volume std. temperature=ambient, Volume std. pressure=ambient
potassium, ug/m3, Revision date=20181210133000
numflag potassium, no unit, Revision date=20181210133000
sulphate_total, ug S/m3, Revision date=20181210133000
numflag sulphate_total, no unit, Revision date=20181210133000
0
25
Data definition:              EBAS_1.1
Set type code:                TI
Timezone:                     UTC
File name:                    US0063R.20000415070000.20191216000000.filterpack..pm25.37w.1w.US03L_filterpack_US0063.US03L_IMPROVE_Davis.lev2.nas
File creation:                20191218115929
Startdate:                    20000415070000
Revision date:                20191216000000
Statistics:                   arithmetic mean
Data level:                   2
Period code:                  37w
Resolution code:              1w
Station code:                 US0063R
Platform code:                US0063S
Station name:                 Bosque del Apache
Station latitude:             33.8695
Station longitude:            -106.852
Station altitude:             1389.0 m
Regime:                       IMG
Component:                    
Matrix:                       pm25
Laboratory code:              US03L
Instrument type:              filterpack
Instrument name:              filterpack_US0063
Method ref:                   US03L_IMPROVE_Davis
starttime endtime Fe flag_Fe Pb flag_Pb Mg++ flag_Mg++ Ni flag_Ni NO3- flag_NO3- OC flag_OC OM flag_OM PM10 flag_PM10 PM10-PM2.5 flag_PM10-PM2.5 PM2.5 flag_PM2.5 K+ flag_K+ SO4-- flag_SO4--
105.291667 106.291667   83.26 0.000  0.40 0.000000 0.050 0.000000  2.79 0.000000 0.034 0.000  0.789 0.000  1.105 0.000  16.642 0.000  13.657 0.000   2.985 0.000 0.055 0.000 0.149 0.000
109.291667 110.291667 9999.99 0.999 99.99 0.999000 9.999 0.999000 99.99 0.999000 9.999 0.999 99.999 0.999 99.999 0.999 999.999 0.999 999.999 0.999 999.999 0.999 9.999 0.999 9.999 0.999
112.291667 113.291667  113.32 0.000  0.67 0.000000 9.999 0.259000 99.99 0.259000 0.062 0.000  0.491 0.000  0.688 0.000  25.113 0.000  20.861 0.000   4.252 0.000 0.072 0.000 0.243 0.000
116.291667 117.291667  149.47 0.000  1.17 0.000000 9.999 0.259000 99.99 0.259000 0.050 0.000  1.049 0.000  1.469 0.000  18.169 0.000  11.350 0.000   6.819 0.000 0.123 0.000 0.409 0.000
119.291667 120.291667  145.94 0.000  1.55 0.000000 0.105 0.000000 99.99 0.259000 0.052 0.000  0.686 0.000  0.960 0.000  22.386 0.000  16.950 0.000   5.436 0.000 0.108 0.000 0.288 0.000
123.291667 124.291667  106.62 0.000  0.80 0.000000 9.999 0.259000 99.99 0.259000 0.030 0.000  1.486 0.000  2.081 0.000  12.444 0.000   7.997 0.000   4.447 0.000 0.067 0.000 0.236 0.000
126.291667 127.291667   99.64 0.559  0.70 0.559000 9.999 0.559259 99.99 0.559259 0.061 0.000  2.402 0.000  3.364 0.000  15.294 0.000   7.339 0.000   7.955 0.559 0.102 0.559 0.435 0.000
130.291667 131.291667  103.70 0.000  0.67 0.000000 9.999 0.259000 99.99 0.259000 0.046 0.559  0.990 0.000  1.385 0.000  15.432 0.000  11.265 0.000   4.167 0.000 0.072 0.000 0.208 0.559
133.291667 134.291667  138.62 0.000  1.02 0.000000 0.107 0.000000 99.99 0.259000 0.054 0.000  1.675 0.000  2.345 0.000  26.519 0.000  19.543 0.000   6.976 0.000 0.099 0.000 0.257 0.000
137.291667 138.291667  104.66 0.000  0.66 0.000000 9.999 0.259000 99.99 0.259000 0.041 0.000  0.977 0.000  1.368 0.000  18.345 0.000  12.967 0.000   5.377 0.000 0.081 0.000 0.167 0.000
140.291667 141.291667   64.54 0.000  0.53 0.000000 0.035 0.000000 99.99 0.259000 0.026 0.000  1.157 0.000  1.620 0.000  14.170 0.000   8.977 0.000   5.193 0.000 0.060 0.000 0.249 0.000
144.291667 145.291667   91.76 0.000  1.05 0.000000 9.999 0.259000 99.99 0.259000 0.044 0.000  1.619 0.000  2.266 0.000  15.948 0.000  10.013 0.000   5.935 0.000 0.088 0.000 0.344 0.000
147.291667 148.291667   73.66 0.000  0.97 0.000000 0.041 0.000000 99.99 0.259000 0.027 0.000  1.523 0.000  2.132 0.000  17.119 0.000  11.259 0.000   5.859 0.000 0.074 0.000 0.315 0.000
151.291667 152.291667  153.52 0.000  0.53 0.000000 9.999 0.259000 99.99 0.259000 0.033 0.000  1.240 0.000  1.736 0.000  32.449 0.000  24.222 0.000   8.227 0.000 0.134 0.000 0.442 0.000
154.291667 155.291667   39.64 0.000  0.14 0.000000 9.999 0.259000 99.99 0.259000 0.036 0.000  1.441 0.000  2.017 0.000  11.846 0.000   7.227 0.000   4.619 0.000 0.040 0.000 0.335 0.000
158.291667 159.291667   57.89 0.000  0.76 0.000000 9.999 0.259000 99.99 0.259000 0.026 0.000  1.557 0.000  2.180 0.000  13.809 0.000   7.714 0.000   6.095 0.000 0.035 0.000 0.468 0.000
161.291667 162.291667   42.24 0.000 99.99 0.259000 9.999 0.259000 99.99 0.259000 0.074 0.000  0.749 0.000  1.048 0.000  11.055 0.000   6.901 0.000   4.154 0.000 0.061 0.000 0.412 0.000
165.291667 166.291667   51.56 0.000 99.99 0.259000 9.999 0.259000 99.99 0.259000 0.014 0.000  0.956 0.000  1.338 0.000  12.556 0.000   9.484 0.000   3.073 0.000 0.038 0.000 0.142 0.000
168.291667 169.291667   91.59 0.394 99.99 0.394259 9.999 0.394259 99.99 0.394259 0.038 0.394  1.246 0.000  1.744 0.000  24.092 0.000  18.123 0.000   5.969 0.000 0.080 0.394 0.416 0.394
172.291667 173.291667   35.56 0.000 99.99 0.259000 9.999 0.259000 99.99 0.259000 0.020 0.000  0.777 0.000  1.087 0.000   5.612 0.000   2.760 0.000   2.852 0.000 0.036 0.000 0.186 0.000
175.291667 176.291667   49.54 0.000  0.36 0.000000 9.999 0.259000 99.99 0.259000 0.025 0.000  0.833 0.000  1.167 0.000   7.590 0.000   3.800 0.000   3.791 0.000 0.058 0.000 0.341 0.000
179.291667 180.291667   47.52 0.000 99.99 0.259000 9.999 0.259000 99.99 0.259000 0.027 0.559  0.728 0.000  1.019 0.000  10.838 0.000   7.007 0.000   3.831 0.000 0.032 0.000 0.432 0.559
182.291667 183.291667   26.11 0.000 99.99 0.259000 9.999 0.259000 99.99 0.259000 0.010 0.559  0.862 0.000  1.207 0.000   4.576 0.000   1.882 0.000   2.694 0.000 0.025 0.000 0.177 0.559
186.291667 187.291667   33.55 0.000  0.82 0.000000 9.999 0.259000 99.99 0.259000 0.031 0.559  0.487 0.000  0.682 0.000   9.539 0.000   6.415 0.000   3.123 0.000 0.062 0.000 0.396 0.559
189.291667 190.291667   74.83 0.000 99.99 0.259000 9.999 0.259000 99.99 0.259000 0.030 0.559  0.308 0.000  0.431 0.000   7.583 0.000   3.550 0.000   4.033 0.000 0.045 0.000 0.433 0.559
193.291667 194.291667   27.70 0.000 99.99 0.259000 9.999 0.259000 99.99 0.259000 0.009 0.559  0.614 0.000  0.860 0.000   8.889 0.000   6.202 0.000   2.687 0.000 0.024 0.000 0.234 0.559
196.291667 197.291667   38.55 0.000 99.99 0.259000 9.999 0.259000  1.33 0.000000 0.014 0.559  0.731 0.000  1.024 0.000   7.143 0.000   3.328 0.000   3.815 0.000 0.024 0.000 0.339 0.559
200.291667 201.291667   44.98 0.000  0.17 0.000000 9.999 0.259000 99.99 0.259000 0.021 0.559  0.793 0.000  1.111 0.000  13.883 0.000  10.210 0.000   3.673 0.000 0.032 0.000 0.331 0.559
203.291667 204.291667   71.60 0.000 99.99 0.259000 9.999 0.259000 99.99 0.259000 0.030 0.559  0.895 0.000  1.253 0.000  12.841 0.000   8.023 0.000   4.819 0.000 0.041 0.000 0.380 0.559
207.291667 208.291667   63.26 0.699  0.35 0.699000 9.999 0.699259 99.99 0.699259 0.022 0.559  1.064 0.000  1.490 0.000   8.277 0.000   2.523 0.000   5.754 0.699 0.067 0.699 0.304 0.559
210.291667 211.291667 9999.99 0.456 99.99 0.456000 9.999 0.456000 99.99 0.456000 0.021 0.559  1.372 0.000  1.921 0.000  11.184 0.000 999.999 0.999 999.999 0.456 9.999 0.456 0.311 0.559
214.291667 215.291667   34.12 0.699  0.26 0.699000 9.999 0.699259 99.99 0.699259 0.019 0.559  1.494 0.000  2.092 0.000   9.915 0.000   3.010 0.000   6.905 0.699 0.057 0.699 0.473 0.559
217.291667 218.291667  136.65 0.000 99.99 0.259000 9.999 0.259000  1.90 0.000000 0.025 0.559  2.197 0.000  3.076 0.000  16.980 0.000   6.081 0.000  10.899 0.000 0.127 0.000 0.452 0.559
221.291667 222.291667 9999.99 0.999 99.99 0.999000 9.999 0.999000 99.99 0.999000 0.019 0.559  0.740 0.000  1.036 0.000  10.296 0.000 999.999 0.999 999.999 0.999 9.999 0.999 0.390 0.559
224.291667 225.291667   85.52 0.000 99.99 0.259000 9.999 0.259000  0.74 0.000000 0.056 0.559  0.494 0.000  0.691 0.000   8.317 0.000   2.520 0.000   5.797 0.000 0.057 0.000 0.336 0.559
228.291667 229.291667 9999.99 0.999 99.99 0.999000 9.999 0.999000 99.99 0.999000 0.032 0.559  1.461 0.000  2.045 0.000  13.605 0.000 999.999 0.999 999.999 0.999 9.999 0.999 0.561 0.559
231.291667 232.291667   68.63 0.000 99.99 0.259000 9.999 0.259000 99.99 0.259000 9.999 0.999  0.838 0.000  1.173 0.000   6.376 0.000   2.403 0.000   3.973 0.000 0.029 0.000 9.999 0.999
235.291667 236.291667 9999.99 0.999 99.99 0.999000 9.999 0.999000 99.99 0.999000 9.999 0.999  0.928 0.000  1.299 0.000  11.887 0.000 999.999 0.999 999.999 0.999 9.999 0.999 9.999 0.999
238.291667 239.291667   37.21 0.000 99.99 0.259000 9.999 0.259000 99.99 0.259000 9.999 0.999  0.638 0.000  0.893 0.000   8.170 0.000   4.668 0.000   3.502 0.000 0.019 0.000 9.999 0.999
242.291667 243.291667 9999.99 0.999 99.99 0.999000 9.999 0.999000 99.99 0.999000 9.999 0.999  0.400 0.000  0.559 0.000   4.909 0.000 999.999 0.999 999.999 0.999 9.999 0.999 9.999 0.999
245.291667 246.291667   10.71 0.000  0.43 0.000000 9.999 0.259000 99.99 0.259000 9.999 0.999  0.390 0.000  0.546 0.000   5.627 0.000   2.777 0.000   2.851 0.000 0.012 0.000 9.999 0.999
249.291667 250.291667 9999.99 0.999 99.99 0.999000 9.999 0.999000 99.99 0.999000 9.999 0.999 99.999 0.999 99.999 0.999 999.999 0.999 999.999 0.999 999.999 0.999 9.999 0.999 9.999 0.999
252.291667 253.291667 9999.99 0.999 99.99 0.999000 9.999 0.999000 99.99 0.999000 9.999 0.999 99.999 0.999 99.999 0.999 999.999 0.999 999.999 0.999 999.999 0.999 9.999 0.999 9.999 0.999
255.291667 256.291667   47.16 0.000  0.38 0.000000 9.999 0.259000 99.99 0.259000 0.059 0.000  0.628 0.000  0.880 0.000  28.784 0.000  24.595 0.000   4.188 0.000 0.044 0.000 0.362 0.000
258.291667 259.291667   54.29 0.559  0.27 0.559000 9.999 0.559259 99.99 0.559259 0.035 0.559  0.666 0.000  0.932 0.000  12.032 0.000   6.132 0.000   5.899 0.559 0.062 0.559 0.544 0.559
261.291667 262.291667   57.74 0.000  0.37 0.000000 9.999 0.259000 99.99 0.259000 0.030 0.000  1.043 0.000  1.460 0.000  19.986 0.000  13.583 0.000   6.403 0.000 0.060 0.000 0.691 0.000
264.291667 265.291667  151.23 0.000  0.40 0.000000 9.999 0.259000 99.99 0.259000 0.042 0.000  0.997 0.000  1.395 0.000  31.758 0.000  23.826 0.000   7.932 0.000 0.118 0.000 0.587 0.000
267.291667 268.291667   23.65 0.000  0.19 0.000000 9.999 0.259000 99.99 0.259000 0.020 0.000  0.419 0.000  0.587 0.000   7.823 0.000   5.281 0.000   2.542 0.000 0.025 0.000 0.225 0.000
270.291667 271.291667   64.59 0.000  0.46 0.000000 9.999 0.259000 99.99 0.259000 0.018 0.000  0.807 0.000  1.130 0.000  11.002 0.000   6.503 0.000   4.499 0.000 0.059 0.000 0.400 0.000
273.291667 274.291667   37.51 0.000  0.71 0.000000 9.999 0.259000 99.99 0.259000 0.014 0.000  0.771 0.000  1.079 0.000   8.026 0.000   3.847 0.000   4.179 0.000 0.035 0.000 0.514 0.000
276.291667 277.291667   62.12 0.000  0.35 0.000000 9.999 0.259000 99.99 0.259000 0.023 0.559  1.049 0.000  1.468 0.000  19.859 0.000  12.786 0.000   7.073 0.000 0.073 0.000 0.583 0.559
279.291667 280.291667   54.30 0.000  0.36 0.000000 9.999 0.259000 99.99 0.259000 0.066 0.000  1.069 0.000  1.496 0.000  15.676 0.000   9.258 0.000   6.417 0.000 0.059 0.000 0.737 0.000
282.291667 283.291667    9.04 0.000  0.20 0.000000 9.999 0.259000  0.57 0.000000 0.127 0.000  0.381 0.000  0.533 0.000   2.876 0.000   0.521 0.000   2.356 0.000 0.013 0.000 0.320 0.000
285.291667 286.291667   10.58 0.000  0.38 0.000000 9.999 0.259000 99.99 0.259000 0.096 0.000  0.835 0.000  1.169 0.000   3.777 0.000   1.099 0.000   2.678 0.000 0.039 0.000 0.272 0.000
288.291667 289.291667   14.06 0.000  0.84 0.000000 9.999 0.259000 99.99 0.259000 0.061 0.000  0.642 0.000  0.898 0.000   4.630 0.000   1.615 0.000   3.014 0.000 0.019 0.000 0.369 0.000
291.291667 292.291667   20.61 0.000  0.39 0.000000 9.999 0.259000 99.99 0.259000 0.070 0.000  0.445 0.000  0.623 0.000  10.539 0.000   7.348 0.000   3.192 0.000 0.016 0.000 0.478 0.000
294.291667 295.291667    6.98 0.000  0.10 0.000000 9.999 0.259000 99.99 0.259000 0.051 0.000  0.261 0.000  0.366 0.000   2.369 0.000   0.921 0.000   1.448 0.000 9.999 0.259 0.207 0.000
297.291667 298.291667   22.80 0.000  0.61 0.000000 9.999 0.259000 99.99 0.259000 0.052 0.000  0.256 0.000  0.359 0.000   3.674 0.000   1.584 0.000   2.090 0.000 0.020 0.000 0.188 0.000
300.291667 301.291667   28.20 0.000  0.63 0.000000 9.999 0.259000 99.99 0.259000 0.067 0.000  0.385 0.000  0.539 0.000   5.719 0.000   2.505 0.000   3.215 0.000 0.023 0.000 0.387 0.000
303.291667 304.291667   13.86 0.000  0.43 0.000000 9.999 0.259000 99.99 0.259000 0.036 0.000  0.169 0.000  0.237 0.000   2.451 0.000   0.806 0.000   1.645 0.000 0.018 0.000 0.168 0.000
306.291667 307.291667    8.83 0.000  0.45 0.000000 9.999 0.259000 99.99 0.259000 0.044 0.000  0.381 0.000  0.533 0.000   3.164 0.000   1.023 0.000   2.142 0.000 0.013 0.000 0.210 0.000
309.291667 310.291667    7.82 0.000  0.20 0.000000 9.999 0.259000 99.99 0.259000 0.027 0.000  0.391 0.000  0.548 0.000   1.838 0.000   0.503 0.000   1.336 0.000 0.010 0.000 0.157 0.000
312.291667 313.291667    5.24 0.000  0.24 0.000000 9.999 0.259000 99.99 0.259000 0.090 0.000  0.373 0.000  0.521 0.000   2.232 0.000   0.107 0.000   2.125 0.000 0.008 0.000 0.293 0.000
315.291667 316.291667    7.19 0.000  0.48 0.000000 9.999 0.259000 99.99 0.259000 0.008 0.000  0.125 0.000  0.175 0.000   1.151 0.000   0.482 0.000   0.668 0.000 0.010 0.000 0.122 0.000
318.291667 319.291667   14.25 0.000  1.04 0.000000 9.999 0.259000 99.99 0.259000 0.172 0.000  0.815 0.000  1.141 0.000   4.266 0.000   1.220 0.000   3.046 0.000 0.019 0.000 0.252 0.000
321.291667 322.291667   20.76 0.000  0.59 0.000000 9.999 0.259000 99.99 0.259000 0.100 0.000  0.607 0.000  0.850 0.000   4.588 0.000   2.253 0.000   2.335 0.000 0.025 0.000 0.150 0.000
324.291667 325.291667   26.86 0.000  0.43 0.000000 9.999 0.259000 99.99 0.259000 0.099 0.000  0.820 0.000  1.148 0.000   5.787 0.000   2.837 0.000   2.950 0.000 0.034 0.000 0.196 0.000
327.291667 328.291667   11.30 0.000  0.46 0.000000 9.999 0.259000 99.99 0.259000 0.101 0.000  0.480 0.000  0.672 0.000   2.917 0.000   0.801 0.000   2.116 0.000 0.018 0.000 0.253 0.000
330.291667 331.291667   23.73 0.000  1.32 0.000000 9.999 0.259000 99.99 0.259000 0.175 0.000  1.296 0.000  1.814 0.000   5.952 0.000   1.313 0.000   4.640 0.000 0.049 0.000 0.299 0.000
333.291667 334.291667   20.81 0.000  0.31 0.000000 9.999 0.259000 99.99 0.259000 0.159 0.000  0.851 0.000  1.192 0.000   5.917 0.000   2.837 0.000   3.080 0.000 0.027 0.000 0.216 0.000
336.291667 337.291667   59.33 0.000  0.57 0.000000 9.999 0.259000 99.99 0.259000 0.075 0.000  0.970 0.000  1.358 0.000  18.614 0.000  14.591 0.000   4.024 0.000 0.049 0.000 0.206 0.000
339.291667 340.291667   35.91 0.000  0.93 0.000000 0.026 0.000000 99.99 0.259000 0.220 0.000  1.584 0.000  2.218 0.000  11.696 0.000   6.635 0.000   5.061 0.000 0.046 0.000 0.312 0.000
342.291667 343.291667   37.30 0.000  1.21 0.000000 9.999 0.259000 99.99 0.259000 0.132 0.000  1.345 0.000  1.883 0.000  10.232 0.000   5.765 0.000   4.466 0.000 0.052 0.000 0.291 0.000
345.291667 346.291667   14.00 0.000  0.39 0.000000 9.999 0.259000  0.27 0.000000 0.023 0.000  0.263 0.000  0.369 0.000   3.000 0.000   1.562 0.000   1.438 0.000 0.023 0.000 0.143 0.000
348.291667 349.291667   33.81 0.000  1.15 0.000000 9.999 0.259000 99.99 0.259000 0.123 0.000  1.476 0.000  2.067 0.000   7.606 0.000   3.488 0.000   4.117 0.000 0.050 0.000 0.226 0.000
351.291667 352.291667   21.47 0.000  1.67 0.000000 9.999 0.259000 99.99 0.259000 0.046 0.000  0.696 0.000  0.974 0.000   7.807 0.000   5.788 0.000   2.019 0.000 0.023 0.000 0.116 0.000
354.291667 355.291667   30.18 0.000  0.62 0.000000 9.999 0.259000 99.99 0.259000 0.098 0.000  0.913 0.000  1.278 0.000   6.986 0.000   4.052 0.000   2.933 0.000 0.033 0.000 0.113 0.000
357.291667 358.291667   40.50 0.000  2.00 0.000000 9.999 0.259000 99.99 0.259000 0.127 0.000  1.140 0.000  1.595 0.000  10.003 0.000   5.873 0.000   4.131 0.000 0.039 0.000 0.232 0.000
360.291667 361.291667    5.79 0.000  0.44 0.000000 9.999 0.259000 99.99 0.259000 0.437 0.000  0.538 0.000  0.753 0.000   6.404 0.000   0.694 0.000   5.710 0.000 0.015 0.000 0.492 0.000
363.291667 364.291667   24.36 0.000  0.95 0.000000 9.999 0.259000 99.99 0.259000 0.883 0.000  1.287 0.000  1.801 0.000  11.243 0.000   2.763 0.000   8.481 0.000 0.030 0.000 0.287 0.000
