scripts/IMPROVE-2019_partial/data/US0017R.20050101070000.20191216000000.filterpack..pm25.52w.1w.US03L_filterpack_US0017.US03L_IMPROVE_Davis.lev2.nas
64 1001
MISSING INFORMATION
US03L, IMPROVE, , , , , , , 
MISSING INFORMATION
IMPROVE sel_HTAP
1 1
2005 01 01 2019 12 16
3.000000
days from file reference point
25
1 1 1 1 1 1 1 1 1 1 1 1 1 1 1 1 1 1 1 1 1 1 1 1 1
999.999999 9999.99 9.999 999.99 9.999 9.999 9.999999 999.99 9.999999 9.999 9.999 99.999 9.999 99.999 9.999 999.999 9.999 999.999 9.999999 999.999 9.999 9.999 9.999 99.999 9.999
end_time of measurement, days from the file reference point
iron, ng/m3, Revision date=20181210133000
numflag iron, no unit, Revision date=20181210133000
lead, ng/m3, Revision date=20181210133000
numflag lead, no unit, Revision date=20181210133000
magnesium, ug/m3, Revision date=20181210133000
numflag magnesium, no unit, Revision date=20181210133000
nickel, ng/m3, Revision date=20181210133000
numflag nickel, no unit, Revision date=20181210133000
nitrate, ug N/m3, Revision date=20181210133000
numflag nitrate, no unit, Revision date=20181210133000
organic_carbon, ug C/m3, Revision date=20181210133000
numflag organic_carbon, no unit, Revision date=20181210133000
organic_mass, ug/m3, Revision date=20181210133000
numflag organic_mass, no unit, Revision date=20181210133000
pm10_mass, ug/m3, Version=2, Version description=Data extracted from http://views.cira.colostate.edu/fed/DataWizard 2019-12-16, Sample duration=1d, Orig. time res.=3d, Matrix=pm10, Blank correction=Blank corrected, Volume std. temperature=ambient, Volume std. pressure=ambient
numflag pm10_mass, no unit, Version=2, Version description=Data extracted from http://views.cira.colostate.edu/fed/DataWizard 2019-12-16, Sample duration=1d, Orig. time res.=3d, Matrix=pm10, Blank correction=Blank corrected, Volume std. temperature=ambient, Volume std. pressure=ambient
pm10_pm25_mass, ug/m3, Revision date=20181210133000, Matrix=pm10_pm25
numflag pm10_pm25_mass, no unit, Revision date=20181210133000, Matrix=pm10_pm25
pm25_mass, ug/m3, Version=2, Version description=Data extracted from http://views.cira.colostate.edu/fed/DataWizard 2019-12-16, Sample duration=1d, Orig. time res.=3d, Blank correction=Blank corrected, Volume std. temperature=ambient, Volume std. pressure=ambient
numflag pm25_mass, no unit, Version=2, Version description=Data extracted from http://views.cira.colostate.edu/fed/DataWizard 2019-12-16, Sample duration=1d, Orig. time res.=3d, Blank correction=Blank corrected, Volume std. temperature=ambient, Volume std. pressure=ambient
potassium, ug/m3, Revision date=20181210133000
numflag potassium, no unit, Revision date=20181210133000
sulphate_total, ug S/m3, Revision date=20181210133000
numflag sulphate_total, no unit, Revision date=20181210133000
0
25
Data definition:              EBAS_1.1
Set type code:                TU
Timezone:                     UTC
File name:                    US0017R.20050101070000.20191216000000.filterpack..pm25.52w.1w.US03L_filterpack_US0017.US03L_IMPROVE_Davis.lev2.nas
File creation:                20191218115630
Startdate:                    20050101070000
Revision date:                20191216000000
Statistics:                   arithmetic mean
Data level:                   2
Period code:                  52w
Resolution code:              1w
Station code:                 US0017R
Platform code:                US0017S
Station name:                 Douglas
Station latitude:             31.3492
Station longitude:            -109.5397
Station altitude:             1230.0 m
Regime:                       IMG
Component:                    
Matrix:                       pm25
Laboratory code:              US03L
Instrument type:              filterpack
Instrument name:              filterpack_US0017
Method ref:                   US03L_IMPROVE_Davis
starttime endtime Fe flag_Fe Pb flag_Pb Mg++ flag_Mg++ Ni flag_Ni NO3- flag_NO3- OC flag_OC OM flag_OM PM10 flag_PM10 PM10-PM2.5 flag_PM10-PM2.5 PM2.5 flag_PM2.5 K+ flag_K+ SO4-- flag_SO4--
[from data line 86]
258.291667 259.291667  284.34 0.000   4.19 0.000 9.999 0.259000 999.99 0.259000 0.034 0.000  1.768 0.559  3.183 0.559  61.790 0.000  47.981 0.000000  13.302 0.000 0.213 0.000  0.223 0.000
261.291667 262.291667  119.17 0.000   1.31 0.000 0.026 0.000000 999.99 0.259000 0.031 0.000  1.244 0.559  2.239 0.559  35.435 0.000  28.427 0.000000   6.706 0.000 0.090 0.000  0.272 0.000
264.291667 265.291667  177.64 0.000   2.04 0.000 0.025 0.000000   0.14 0.000000 0.033 0.000  1.310 0.559  2.359 0.559  36.779 0.000  26.693 0.000000   9.802 0.000 0.133 0.000  0.533 0.000
267.291667 268.291667   85.75 0.000   1.11 0.000 9.999 0.259000   0.18 0.000000 0.035 0.000  1.470 0.559  2.647 0.559  25.238 0.000  18.692 0.000000   6.347 0.000 0.073 0.000  0.424 0.000
270.291667 271.291667  258.71 0.000   3.64 0.000 0.035 0.000000   0.17 0.000000 0.050 0.000  1.387 0.000  2.497 0.000  74.978 0.000  61.480 0.000000  12.847 0.000 0.185 0.000  0.722 0.000
273.291667 274.291667  196.28 0.000   1.82 0.000 9.999 0.259000 999.99 0.259000 0.024 0.000  1.219 0.559  2.194 0.559  64.987 0.000  56.198 0.000000   8.195 0.000 0.142 0.000  0.253 0.000
276.291667 277.291667  100.52 0.000   4.10 0.000 9.999 0.259000   0.22 0.000000 0.034 0.000  1.669 0.000  3.005 0.000  33.984 0.000  24.556 0.000000   9.471 0.000 0.087 0.000  0.923 0.000
279.291667 280.291667  120.98 0.000   1.11 0.000 0.037 0.000000   0.24 0.000000 0.017 0.000  0.895 0.000  1.610 0.000  21.148 0.000  14.508 0.000000   6.484 0.000 0.087 0.000  0.324 0.000
282.291667 283.291667   83.76 0.000   0.73 0.000 9.999 0.259000 999.99 0.259000 0.055 0.000  0.970 0.559  1.746 0.559  23.337 0.000  18.852 0.000000   4.285 0.000 0.067 0.000  0.174 0.000
285.291667 286.291667  108.08 0.000   1.08 0.000 0.024 0.000000 999.99 0.259000 0.022 0.000  0.500 0.000  0.901 0.000  28.160 0.000  22.930 0.000000   4.987 0.000 0.075 0.000  0.270 0.000
288.291667 289.291667   62.65 0.000   2.48 0.000 9.999 0.259000   0.21 0.000000 0.035 0.000  1.096 0.559  1.973 0.559  22.562 0.000  17.210 0.000000   5.169 0.000 0.067 0.000  0.383 0.000
291.291667 292.291667  210.83 0.000   1.05 0.000 0.128 0.000000   0.21 0.000000 0.055 0.000  0.591 0.559  1.064 0.559  19.938 0.000  12.087 0.000000   7.721 0.000 0.144 0.000  0.121 0.000
294.291667 295.291667  129.29 0.000   2.65 0.000 9.999 0.259000 999.99 0.259000 0.021 0.000  0.911 0.559  1.639 0.559  27.229 0.000  20.923 0.000000   6.084 0.000 0.102 0.000  0.177 0.000
297.291667 298.291667  182.96 0.000   1.78 0.000 0.070 0.000000 999.99 0.259000 0.036 0.559  1.027 0.559  1.848 0.559  38.802 0.000  28.725 0.000000   9.772 0.000 0.141 0.000  0.551 0.559
300.291667 301.291667  923.49 0.000   6.87 0.000 9.999 0.259000 999.99 0.259000 0.067 0.000  1.850 0.559  3.331 0.559  54.316 0.000  27.973 0.000000  26.039 0.000 0.798 0.000  0.464 0.000
303.291667 304.291667  321.34 0.000   4.09 0.000 9.999 0.259000   0.26 0.000000 0.032 0.000  0.672 0.559  1.210 0.559  26.815 0.000  24.212 0.000000   2.347 0.000 0.266 0.000  0.425 0.000
306.291667 307.291667  448.44 0.000   5.49 0.000 9.999 0.259000 999.99 0.259000 0.043 0.000  2.011 0.559  3.619 0.559 999.999 0.456 999.999 0.999000  18.548 0.000 0.332 0.000  0.614 0.000
309.291667 310.291667  203.03 0.000   2.32 0.000 9.999 0.259000   1.31 0.000000 0.029 0.000  1.214 0.559  2.185 0.559 999.999 0.456 999.999 0.999000   8.278 0.000 0.162 0.000  0.328 0.000
312.291667 313.291667  442.62 0.000   7.78 0.000 0.083 0.000000 999.99 0.259000 0.046 0.000  2.781 0.000  5.005 0.000  83.173 0.000  60.289 0.000000  22.244 0.000 0.340 0.000  0.876 0.000
315.291667 316.291667  173.76 0.000   1.17 0.000 9.999 0.259000 999.99 0.259000 0.066 0.559  1.381 0.000  2.485 0.000  34.762 0.000  26.639 0.000000   7.839 0.000 0.139 0.000  0.196 0.559
318.291667 319.291667  176.21 0.000   2.47 0.000 9.999 0.259000 999.99 0.259000 0.062 0.000  1.310 0.000  2.357 0.000  34.427 0.000  27.139 0.000000   7.570 0.000 0.283 0.000  0.173 0.000
321.291667 322.291667  259.87 0.000   1.26 0.000 0.055 0.000000 999.99 0.259000 0.051 0.559  1.493 0.559  2.687 0.559  51.597 0.000  40.847 0.000000  10.318 0.000 0.186 0.000  0.214 0.559
324.291667 325.291667  129.43 0.000   0.82 0.000 9.999 0.259000 999.99 0.259000 0.024 0.000  1.289 0.000  2.320 0.000  24.747 0.000  18.748 0.000000   5.801 0.000 0.102 0.000  0.107 0.000
327.291667 328.291667  669.22 0.699  15.78 0.699 0.265 0.699000 999.99 0.699259 0.060 0.000  2.998 0.559  5.396 0.559  78.850 0.659  51.078 0.699000  27.225 0.659 0.517 0.699  0.354 0.000
330.291667 331.291667  217.43 0.000   1.36 0.000 0.057 0.000000 999.99 0.259000 0.045 0.000  0.518 0.559  0.933 0.559  41.137 0.000  33.540 0.000000   7.241 0.000 0.154 0.000  0.140 0.000
333.291667 334.291667  383.59 0.000   2.13 0.000 0.127 0.000000 999.99 0.259000 0.063 0.559  1.984 0.559  3.572 0.559  27.511 0.000  14.002 0.000000  13.356 0.000 0.278 0.000  0.074 0.559
336.291667 337.291667  192.50 0.000   4.82 0.000 0.065 0.000000 999.99 0.259000 0.021 0.000  1.224 0.559  2.203 0.559  41.468 0.000  33.435 0.000000   7.679 0.000 0.169 0.000  0.093 0.000
339.291667 340.291667  206.02 0.000   3.16 0.000 9.999 0.259000 999.99 0.259000 0.067 0.000  2.343 0.559  4.217 0.559 999.999 0.456 999.999 0.999000  10.326 0.000 0.170 0.000  0.082 0.000
342.291667 343.291667  506.23 0.000   3.97 0.000 9.999 0.259000   0.19 0.000000 0.229 0.000  2.258 0.559  4.065 0.559 999.999 0.456 999.999 0.999000  20.106 0.000 0.392 0.000  0.376 0.000
345.291667 346.291667  366.18 0.000   8.53 0.000 0.156 0.000000 999.99 0.259000 0.144 0.559  4.459 0.559  8.025 0.559 999.999 0.456 999.999 0.999000  20.564 0.000 0.401 0.000  0.235 0.559
348.291667 349.291667  193.22 0.000   2.19 0.000 9.999 0.259000 999.99 0.259000 0.283 0.000  1.831 0.000  3.296 0.000  22.162 0.000  11.459 0.000000  10.578 0.000 0.164 0.000  0.130 0.000
351.291667 352.291667  136.69 0.000  12.82 0.000 9.999 0.259000   0.24 0.000000 0.112 0.000  1.660 0.000  2.989 0.000  24.857 0.000  16.708 0.000000   7.970 0.000 0.149 0.000  0.258 0.000
354.291667 355.291667  192.23 0.000   2.11 0.000 0.097 0.000000 999.99 0.259000 0.028 0.000  1.117 0.000  2.010 0.000  23.969 0.000  16.547 0.000000   7.246 0.000 0.161 0.000  0.052 0.000
357.291667 358.291667  225.18 0.000   3.44 0.000 0.081 0.000000 999.99 0.259000 0.069 0.000  2.324 0.559  4.183 0.559  41.622 0.000  31.276 0.000000  10.015 0.000 0.213 0.000  0.114 0.000
360.291667 361.291667  101.75 0.000   1.29 0.000 9.999 0.259000   0.14 0.000000 0.062 0.000  1.012 0.559  1.822 0.559  24.592 0.000  19.134 0.000000   5.255 0.000 0.151 0.000  0.137 0.000
363.291667 364.291667  383.51 0.000   3.74 0.000 9.999 0.259000 999.99 0.259000 0.073 0.000  2.329 0.000  4.192 0.000  52.446 0.000  36.327 0.000000  15.732 0.000 0.315 0.000  0.110 0.000
