scripts/IMPROVE-2019_partial/data/US0089R.20040101070000.20191216000000.filterpack..pm25.52w.1w.US03L_filterpack_US0089.US03L_IMPROVE_Davis.lev2.nas
66 1001
MISSING INFORMATION
US03L, IMPROVE, , , , , , , 
MISSING INFORMATION
IMPROVE sel_HTAP
1 1
2004 01 01 2019 12 16
3.000000
days from file reference point
27
1 1 1 1 1 1 1 1 1 1 1 1 1 1 1 1 1 1 1 1 1 1 1 1 1 1 1
999.999999 9999.99 9.999 99.99 9.999999 9.999 9.999999 9.99 9.999999 9.999 9.999 99.999 9.999 99.999 9.999 999.99 9.999999 999.999 9.999 999.999 9.999 99.999 9.999 9.999 9.999 9.999 9.999
end_time of measurement, days from the file reference point
iron, ng/m3, Revision date=20181210133000
numflag iron, no unit, Revision date=20181210133000
lead, ng/m3, Revision date=20181210133000
numflag lead, no unit, Revision date=20181210133000
magnesium, ug/m3, Revision date=20181210133000
numflag magnesium, no unit, Revision date=20181210133000
nickel, ng/m3, Revision date=20181210133000
numflag nickel, no unit, Revision date=20181210133000
nitrate, ug N/m3, Revision date=20181210133000
numflag nitrate, no unit, Revision date=20181210133000
organic_carbon, ug C/m3, Revision date=20181210133000
numflag organic_carbon, no unit, Revision date=20181210133000
organic_mass, ug/m3, Revision date=20181210133000
numflag organic_mass, no unit, Revision date=20181210133000
phosphorus, ng/m3, Revision date=20181210133000
numflag phosphorus, no unit, Revision date=20181210133000
pm10_mass, ug/m3, Version=2, Version description=Data extracted from http://views.cira.colostate.edu/fed/DataWizard 2019-12-16, Sample duration=1d, Orig. time res.=3d, Matrix=pm10, Blank correction=Blank corrected, Volume std. temperature=ambient, Volume std. pressure=ambient
numflag pm10_mass, no unit, Version=2, Version description=Data extracted from http://views.cira.colostate.edu/fed/DataWizard 2019-12-16, Sample duration=1d, Orig. time res.=3d, Matrix=pm10, Blank correction=Blank corrected, Volume std. temperature=ambient, Volume std. pressure=ambient
pm10_pm25_mass, ug/m3, Revision date=20181210133000, Matrix=pm10_pm25
numflag pm10_pm25_mass, no unit, Revision date=20181210133000, Matrix=pm10_pm25
pm25_mass, ug/m3, Version=2, Version description=Data extracted from http://views.cira.colostate.edu/fed/DataWizard 2019-12-16, Sample duration=1d, Orig. time res.=3d, Blank correction=Blank corrected, Volume std. temperature=ambient, Volume std. pressure=ambient
numflag pm25_mass, no unit, Version=2, Version description=Data extracted from http://views.cira.colostate.edu/fed/DataWizard 2019-12-16, Sample duration=1d, Orig. time res.=3d, Blank correction=Blank corrected, Volume std. temperature=ambient, Volume std. pressure=ambient
potassium, ug/m3, Revision date=20181210133000
numflag potassium, no unit, Revision date=20181210133000
sulphate_total, ug S/m3, Revision date=20181210133000
numflag sulphate_total, no unit, Revision date=20181210133000
0
25
Data definition:              EBAS_1.1
Set type code:                TU
Timezone:                     UTC
File name:                    US0089R.20040101070000.20191216000000.filterpack..pm25.52w.1w.US03L_filterpack_US0089.US03L_IMPROVE_Davis.lev2.nas
File creation:                20191218120126
Startdate:                    20040101070000
Revision date:                20191216000000
Statistics:                   arithmetic mean
Data level:                   2
Period code:                  52w
Resolution code:              1w
Station code:                 US0089R
Platform code:                US0089S
Station name:                 Bridger Wilderness
Station latitude:             42.9749
Station longitude:            -109.7579
Station altitude:             2626.0 m
Regime:                       IMG
Component:                    
Matrix:                       pm25
Laboratory code:              US03L
Instrument type:              filterpack
Instrument name:              filterpack_US0089
Method ref:                   US03L_IMPROVE_Davis
starttime endtime Fe flag_Fe Pb flag_Pb Mg++ flag_Mg++ Ni flag_Ni NO3- flag_NO3- OC flag_OC OM flag_OM P flag_P PM10 flag_PM10 PM10-PM2.5 flag_PM10-PM2.5 PM2.5 flag_PM2.5 K+ flag_K+ SO4-- flag_SO4--
[from data line 81]
243.291667 244.291667   10.74 0.000  0.22 0.000000 9.999 0.259000 0.07 0.000000 0.008 0.000  0.474 0.000  0.664 0.000 999.99 0.259000   2.807 0.000   1.158 0.000  1.649 0.000 0.015 0.000 0.078 0.000
246.291667 247.291667   14.95 0.000  0.31 0.000000 9.999 0.259000 9.99 0.259000 0.020 0.000  0.420 0.000  0.588 0.000 999.99 0.259000   3.041 0.000   1.329 0.000  1.712 0.000 0.014 0.000 0.131 0.000
249.291667 250.291667   14.72 0.000  0.25 0.000000 9.999 0.259000 9.99 0.259000 0.021 0.000  0.626 0.000  0.876 0.000 999.99 0.259000   4.274 0.000   2.498 0.000  1.776 0.000 0.015 0.000 0.079 0.000
252.291667 253.291667   35.88 0.559  0.41 0.559000 0.081 0.559000 9.99 0.559259 0.030 0.000  1.136 0.000  1.591 0.000 999.99 0.559259   6.739 0.000   3.564 0.000  3.175 0.559 0.036 0.559 0.092 0.000
255.291667 256.291667   29.64 0.559  0.41 0.559000 0.074 0.559000 9.99 0.559259 0.062 0.000  0.754 0.000  1.055 0.000 999.99 0.559259   5.828 0.000   2.824 0.000  3.005 0.559 0.190 0.559 0.183 0.000
258.291667 259.291667    6.90 0.559 99.99 0.559259 9.999 0.559259 0.09 0.559000 0.037 0.000  0.332 0.000  0.465 0.000 999.99 0.559259   2.604 0.000   1.262 0.000  1.342 0.559 0.007 0.559 0.120 0.000
261.291667 262.291667   63.16 0.000  0.42 0.000000 0.071 0.000000 9.99 0.259000 0.045 0.000  1.432 0.000  2.004 0.000 999.99 0.259000  11.999 0.000   7.897 0.000  4.102 0.000 0.056 0.000 0.226 0.000
264.291667 265.291667    1.72 0.000  0.18 0.000000 9.999 0.259000 0.09 0.000000 0.006 0.000  0.250 0.000  0.350 0.000 999.99 0.259000   1.558 0.000   0.660 0.000  0.898 0.000 0.005 0.000 0.060 0.000
267.291667 268.291667    8.47 0.000  0.55 0.000000 9.999 0.259000 9.99 0.259000 0.014 0.000  0.488 0.000  0.683 0.000 999.99 0.259000   2.728 0.000   0.887 0.000  1.841 0.000 0.013 0.000 0.121 0.000
270.291667 271.291667   19.60 0.559  0.29 0.559000 9.999 0.559259 9.99 0.559259 0.013 0.000  0.679 0.000  0.951 0.000 999.99 0.559259   4.258 0.000   1.691 0.000  2.567 0.559 0.016 0.559 0.170 0.000
273.291667 274.291667    5.41 0.559  0.34 0.559000 9.999 0.559259 9.99 0.559259 0.022 0.000  0.701 0.000  0.981 0.000 999.99 0.559259   3.142 0.000   0.452 0.000  2.689 0.559 0.006 0.559 0.278 0.000
276.291667 277.291667   21.99 0.000  0.42 0.000000 0.069 0.000000 9.99 0.259000 0.015 0.000  1.082 0.000  1.515 0.000 999.99 0.259000   5.250 0.000   1.746 0.000  3.504 0.000 0.025 0.000 0.153 0.000
279.291667 280.291667   17.33 0.559  0.34 0.559000 9.999 0.559259 9.99 0.559259 0.015 0.000  0.856 0.000  1.199 0.000 999.99 0.559259   4.630 0.000   1.720 0.000  2.910 0.559 0.021 0.559 0.154 0.000
282.291667 283.291667   29.46 0.559  0.67 0.559000 9.999 0.559259 9.99 0.559259 0.030 0.000  0.890 0.000  1.247 0.000 999.99 0.559259   6.616 0.000   3.011 0.000  3.604 0.559 0.026 0.559 0.204 0.000
285.291667 286.291667   14.74 0.559  0.37 0.559000 9.999 0.559259 0.09 0.559000 0.013 0.000  0.423 0.000  0.592 0.000 999.99 0.559259   3.223 0.000   1.061 0.000  2.161 0.559 0.013 0.559 0.187 0.000
288.291667 289.291667   27.51 0.559  0.89 0.559000 9.999 0.559259 9.99 0.559259 0.025 0.000  0.454 0.000  0.635 0.000 999.99 0.559259   4.134 0.000   1.984 0.000  2.150 0.559 0.027 0.559 0.133 0.000
291.291667 292.291667    8.45 0.559  0.38 0.559000 9.999 0.559259 9.99 0.559259 0.020 0.000  0.298 0.000  0.418 0.000 999.99 0.559259   2.162 0.000   1.005 0.000  1.157 0.559 0.007 0.559 0.111 0.000
294.291667 295.291667    2.53 0.559  0.21 0.559000 9.999 0.559259 9.99 0.559259 0.013 0.000  0.497 0.000  0.696 0.000 999.99 0.559259   1.331 0.000   0.206 0.000  1.124 0.559 0.001 0.559 0.081 0.000
297.291667 298.291667    7.63 0.559  0.74 0.559000 9.999 0.559259 0.09 0.559000 0.007 0.000  0.296 0.000  0.415 0.000 999.99 0.559259   1.966 0.000   0.346 0.000  1.620 0.559 0.018 0.559 0.194 0.000
300.291667 301.291667    7.34 0.559  0.24 0.559000 9.999 0.559259 9.99 0.559259 0.017 0.000  0.287 0.000  0.402 0.000 999.99 0.559259   2.397 0.000   0.703 0.000  1.695 0.559 0.008 0.559 0.197 0.000
303.291667 304.291667    9.37 0.559  0.87 0.559000 9.999 0.559259 0.07 0.559000 0.028 0.000  0.525 0.000  0.735 0.000 999.99 0.559259   2.994 0.000   0.406 0.000  2.588 0.559 0.018 0.559 0.300 0.000
306.291667 307.291667    4.43 0.000  0.29 0.000000 9.999 0.259000 0.12 0.000000 0.015 0.000  0.296 0.000  0.415 0.000 999.99 0.259000   1.550 0.000   0.780 0.000  0.770 0.000 0.015 0.000 0.028 0.000
309.291667 310.291667    2.54 0.000  0.30 0.000000 0.082 0.000000 0.03 0.000000 0.005 0.000  0.187 0.000  0.262 0.000 999.99 0.259000   1.033 0.000   0.405 0.000  0.628 0.000 0.003 0.000 0.041 0.000
312.291667 313.291667    1.87 0.000 99.99 0.259000 9.999 0.259000 9.99 0.259000 0.004 0.000  0.182 0.000  0.255 0.000 999.99 0.259000   0.868 0.000   0.316 0.000  0.552 0.000 0.003 0.000 0.051 0.000
315.291667 316.291667    2.02 0.559 99.99 0.559259 9.999 0.559259 0.08 0.559000 0.014 0.000  0.319 0.000  0.446 0.000 999.99 0.559259   1.414 0.000   0.110 0.000  1.304 0.559 0.005 0.559 0.159 0.000
318.291667 319.291667    3.02 0.000  0.34 0.000000 0.088 0.000000 9.99 0.259000 0.016 0.000  0.430 0.000  0.603 0.000 999.99 0.259000   2.079 0.000   0.399 0.000  1.681 0.000 0.005 0.000 0.154 0.000
321.291667 322.291667    3.27 0.000  0.41 0.000000 9.999 0.259000 9.99 0.259000 0.005 0.000  0.440 0.000  0.616 0.000 999.99 0.259000   1.364 0.000   0.340 0.000  1.024 0.000 0.004 0.000 0.129 0.000
324.291667 325.291667    1.70 0.000 99.99 0.259000 0.115 0.000000 9.99 0.259000 0.018 0.000  0.962 0.000  1.347 0.000 999.99 0.259000   1.040 0.000   0.391 0.000  0.649 0.000 0.011 0.000 0.069 0.000
327.291667 328.291667    7.37 0.559  0.22 0.559000 9.999 0.559259 9.99 0.559259 0.008 0.000  0.222 0.000  0.311 0.000 999.99 0.559259   1.885 0.000   1.061 0.000  0.824 0.559 0.005 0.559 0.064 0.000
330.291667 331.291667    4.54 0.000  0.30 0.000000 0.068 0.000000 9.99 0.259000 0.032 0.000  0.188 0.000  0.263 0.000 999.99 0.259000   1.213 0.000   0.490 0.000  0.723 0.000 0.003 0.000 0.056 0.000
333.291667 334.291667    3.47 0.000  0.27 0.000000 9.999 0.259000 0.08 0.000000 0.010 0.000  0.141 0.000  0.198 0.000 999.99 0.259000   1.171 0.000   0.400 0.000  0.772 0.000 0.003 0.000 0.060 0.000
336.291667 337.291667    5.67 0.000  0.26 0.000000 9.999 0.259000 9.99 0.259000 0.016 0.000  0.111 0.000  0.156 0.000 999.99 0.259000   1.129 0.000   0.492 0.000  0.637 0.000 0.005 0.000 0.068 0.000
339.291667 340.291667    8.27 0.559  0.57 0.559000 0.218 0.559000 0.09 0.559000 0.014 0.000  0.253 0.000  0.354 0.000 999.99 0.559259   2.162 0.000   0.923 0.000  1.239 0.559 0.009 0.559 0.119 0.000
342.291667 343.291667    1.12 0.000  0.31 0.000000 0.159 0.000000 0.10 0.000000 0.005 0.000  0.087 0.000  0.122 0.000   4.79 0.000000   0.624 0.000   0.146 0.000  0.478 0.000 0.002 0.000 0.081 0.000
345.291667 346.291667    2.21 0.000  0.42 0.000000 9.999 0.259000 0.12 0.000000 0.007 0.000  0.141 0.000  0.198 0.000 999.99 0.259000   0.496 0.000   0.035 0.000  0.461 0.000 0.004 0.000 0.048 0.000
348.291667 349.291667    5.60 0.000  0.34 0.000000 9.999 0.259000 9.99 0.259000 0.023 0.000  0.169 0.000  0.237 0.000   2.94 0.000000   0.712 0.000   0.053 0.000  0.659 0.000 0.006 0.000 0.057 0.000
351.291667 352.291667    4.56 0.000  0.28 0.000000 9.999 0.259000 0.11 0.000000 0.004 0.000  0.020 0.000  0.028 0.000 999.99 0.259000   0.496 0.000   0.218 0.000  0.278 0.000 0.004 0.000 0.023 0.000
354.291667 355.291667    3.10 0.000  0.29 0.000000 0.148 0.000000 0.07 0.000000 0.057 0.000  0.120 0.000  0.167 0.000 999.99 0.259000   1.673 0.000   0.995 0.000  0.678 0.000 0.006 0.000 0.077 0.000
357.291667 358.291667    2.23 0.559  0.34 0.559000 0.122 0.559000 9.99 0.559259 0.019 0.000  0.165 0.000  0.231 0.000   4.17 0.559000   1.052 0.000   0.302 0.000  0.750 0.559 0.006 0.559 0.086 0.000
360.291667 361.291667    1.55 0.000 99.99 0.259000 0.073 0.000000 9.99 0.259000 0.005 0.000  0.155 0.000  0.217 0.000 999.99 0.259000   0.620 0.000   0.281 0.000  0.340 0.000 0.005 0.000 0.040 0.000
363.291667 364.291667    2.46 0.000  0.31 0.000000 9.999 0.259000 0.07 0.000000 0.008 0.000  0.205 0.000  0.287 0.000 999.99 0.259000   1.116 0.000   0.355 0.000  0.761 0.000 0.005 0.000 0.125 0.000
