scripts/IMPROVE-2019_partial/data/US0061R.20060102050000.20191216000000.filterpack..pm25.52w.1w.US03L_filterpack_US0061.US03L_IMPROVE_Davis.lev2.nas
64 1001
MISSING INFORMATION
US03L, IMPROVE, , , , , , , 
MISSING INFORMATION
IMPROVE sel_HTAP
1 1
2006 01 01 2019 12 16
3.000000
days from file reference point
25
1 1 1 1 1 1 1 1 1 1 1 1 1 1 1 1 1 1 1 1 1 1 1 1 1
999.999999 9999.99 9.999 999.99 9.999 9.999 9.999 99.99 9.999 99.999 9.999 99.999 9.999 99.999 9.999 999.999 9.999 999.999 9.999 999.999 9.999 9.999 9.999 99.999 9.999
end_time of measurement, days from the file reference point
iron, ng/m3, Revision date=20181210133000
numflag iron, no unit, Revision date=20181210133000
lead, ng/m3, Revision date=20181210133000
numflag lead, no unit, Revision date=20181210133000
magnesium, ug/m3, Revision date=20181210133000
numflag magnesium, no unit, Revision date=20181210133000
nickel, ng/m3, Revision date=20181210133000
numflag nickel, no unit, Revision date=20181210133000
nitrate, ug N/m3, Revision date=20181210133000
numflag nitrate, no unit, Revision date=20181210133000
organic_carbon, ug C/m3, Revision date=20181210133000
numflag organic_carbon, no unit, Revision date=20181210133000
organic_mass, ug/m3, Revision date=20181210133000
numflag organic_mass, no unit, Revision date=20181210133000
pm10_mass, ug/m3, Version=2, Version description=Data extracted from http://views.cira.colostate.edu/fed/DataWizard 2019-12-16, Sample duration=1d, Orig. time res.=3d, Matrix=pm10, Blank correction=Blank corrected, Volume std. temperature=ambient, Volume std. pressure=ambient
numflag pm10_mass, no unit, Version=2, Version description=Data extracted from http://views.cira.colostate.edu/fed/DataWizard 2019-12-16, Sample duration=1d, Orig. time res.=3d, Matrix=pm10, Blank correction=Blank corrected, Volume std. temperature=ambient, Volume std. pressure=ambient
pm10_pm25_mass, ug/m3, Revision date=20181210133000, Matrix=pm10_pm25
numflag pm10_pm25_mass, no unit, Revision date=20181210133000, Matrix=pm10_pm25
pm25_mass, ug/m3, Version=2, Version description=Data extracted from http://views.cira.colostate.edu/fed/DataWizard 2019-12-16, Sample duration=1d, Orig. time res.=3d, Blank correction=Blank corrected, Volume std. temperature=ambient, Volume std. pressure=ambient
numflag pm25_mass, no unit, Version=2, Version description=Data extracted from http://views.cira.colostate.edu/fed/DataWizard 2019-12-16, Sample duration=1d, Orig. time res.=3d, Blank correction=Blank corrected, Volume std. temperature=ambient, Volume std. pressure=ambient
potassium, ug/m3, Revision date=20181210133000
numflag potassium, no unit, Revision date=20181210133000
sulphate_total, ug S/m3, Revision date=20181210133000
numflag sulphate_total, no unit, Revision date=20181210133000
0
25
Data definition:              EBAS_1.1
Set type code:                TU
Timezone:                     UTC
File name:                    US0061R.20060102050000.20191216000000.filterpack..pm25.52w.1w.US03L_filterpack_US0061.US03L_IMPROVE_Davis.lev2.nas
File creation:                20191218115919
Startdate:                    20060102050000
Revision date:                20191216000000
Statistics:                   arithmetic mean
Data level:                   2
Period code:                  52w
Resolution code:              1w
Station code:                 US0061R
Platform code:                US0061S
Station name:                 Brigantine NWR
Station latitude:             39.465
Station longitude:            -74.4492
Station altitude:             5.0 m
Regime:                       IMG
Component:                    
Matrix:                       pm25
Laboratory code:              US03L
Instrument type:              filterpack
Instrument name:              filterpack_US0061
Method ref:                   US03L_IMPROVE_Davis
starttime endtime Fe flag_Fe Pb flag_Pb Mg++ flag_Mg++ Ni flag_Ni NO3- flag_NO3- OC flag_OC OM flag_OM PM10 flag_PM10 PM10-PM2.5 flag_PM10-PM2.5 PM2.5 flag_PM2.5 K+ flag_K+ SO4-- flag_SO4--
  1.208333   2.208333   22.43 0.000   1.78 0.000 0.025 0.000  1.00 0.000  0.187 0.000  2.000 0.559  2.801 0.559  10.494 0.000   2.807 0.000   7.687 0.000 0.059 0.000  0.548 0.000
  4.208333   5.208333   26.45 0.000   2.28 0.000 9.999 0.259  1.31 0.000  0.423 0.000  1.215 0.000  1.701 0.000  13.220 0.000   3.195 0.000  10.025 0.000 0.030 0.000  1.582 0.000
  7.208333   8.208333   22.41 0.000   2.74 0.000 9.999 0.259  0.77 0.000  0.380 0.000  1.314 0.000  1.840 0.000  12.081 0.000   3.957 0.000   8.125 0.000 0.041 0.000  0.993 0.000
 10.208333  11.208333   30.81 0.000   2.06 0.000 0.046 0.000  2.21 0.000  0.228 0.000  1.356 0.559  1.899 0.559  16.360 0.000   5.450 0.000  10.909 0.000 0.064 0.000  1.485 0.000
 13.208333  14.208333    8.74 0.000   0.90 0.000 0.080 0.000  0.58 0.000  0.081 0.000  0.233 0.000  0.327 0.000   7.155 0.000   2.597 0.000   4.558 0.000 0.035 0.000  0.241 0.000
 16.208333  17.208333   31.34 0.000   3.58 0.000 0.033 0.000  1.38 0.000  0.260 0.000  2.099 0.000  2.939 0.000  13.485 0.000   6.416 0.000   7.068 0.000 0.055 0.000  0.302 0.000
 19.208333  20.208333   37.29 0.000   2.29 0.000 0.031 0.000  1.24 0.000  0.331 0.000  1.722 0.000  2.410 0.000  20.218 0.000  11.530 0.000   8.688 0.000 0.055 0.000  0.640 0.000
 22.208333  23.208333   21.88 0.000   3.57 0.000 0.026 0.000  1.07 0.000  0.135 0.000  0.609 0.000  0.853 0.000   7.657 0.000   2.113 0.000   5.544 0.000 0.026 0.000  0.779 0.000
 25.208333  26.208333   14.73 0.000   1.35 0.000 9.999 0.259  0.66 0.000  0.076 0.000  0.598 0.000  0.837 0.000   6.378 0.000   2.625 0.000   3.753 0.000 0.019 0.000  0.525 0.000
 28.208333  29.208333   25.13 0.000   2.68 0.000 0.051 0.000  1.62 0.000  0.415 0.000  2.270 0.000  3.178 0.000  16.963 0.000   6.913 0.000  10.050 0.000 0.090 0.000  0.692 0.000
 31.208333  32.208333   30.39 0.000   2.07 0.000 9.999 0.259  0.79 0.000  0.094 0.000  1.100 0.000  1.541 0.000  10.818 0.000   2.307 0.000   8.511 0.000 0.028 0.000  1.492 0.000
 34.208333  35.208333   22.50 0.000   1.96 0.000 0.075 0.000  1.53 0.000  0.193 0.000  1.015 0.000  1.421 0.000  15.331 0.000   5.477 0.000   9.854 0.000 0.056 0.000  1.462 0.000
 37.208333  38.208333   41.10 0.000   3.57 0.000 9.999 0.259  0.79 0.000  0.387 0.000  0.937 0.000  1.312 0.000  10.059 0.000   2.717 0.000   7.342 0.000 0.034 0.000  0.913 0.000
 40.208333  41.208333   40.75 0.000   3.12 0.000 9.999 0.259  0.48 0.000  0.577 0.000  1.549 0.000  2.168 0.000  16.167 0.000   7.687 0.000   8.480 0.000 0.045 0.000  0.700 0.000
 43.208333  44.208333   27.48 0.000   2.26 0.000 9.999 0.259  0.75 0.000  0.446 0.000  1.485 0.000  2.079 0.000  11.633 0.000   2.880 0.000   8.753 0.000 0.038 0.000  0.960 0.000
 46.208333  47.208333   30.54 0.000   2.13 0.000 0.040 0.000  2.32 0.000  0.559 0.000  3.377 0.000  4.728 0.000  36.854 0.000  22.930 0.000  13.924 0.000 0.101 0.000  1.120 0.000
 49.208333  50.208333   21.58 0.000   1.74 0.000 0.018 0.000  0.75 0.000  0.265 0.000  0.807 0.000  1.130 0.000   8.298 0.000   3.024 0.000   5.274 0.000 0.034 0.000  0.510 0.000
 52.208333  53.208333   49.00 0.000   2.96 0.000 9.999 0.259  0.83 0.000  0.665 0.000  2.307 0.000  3.230 0.000  25.811 0.000  11.911 0.000  13.899 0.000 0.061 0.000  1.516 0.000
 55.208333  56.208333   26.17 0.000   1.50 0.000 0.012 0.000  0.59 0.000  0.187 0.000  0.968 0.000  1.355 0.000  10.684 0.000   5.767 0.000   4.917 0.000 0.035 0.000  0.488 0.000
 58.208333  59.208333 9999.99 0.456 999.99 0.456 9.999 0.456 99.99 0.456 99.999 0.456 99.999 0.456 99.999 0.456 999.999 0.456 999.999 0.456 999.999 0.456 9.999 0.456 99.999 0.456
 61.208333  62.208333 9999.99 0.456 999.99 0.456 9.999 0.456 99.99 0.456 99.999 0.456 99.999 0.456 99.999 0.456 999.999 0.456 999.999 0.456 999.999 0.456 9.999 0.456 99.999 0.456
 64.208333  65.208333 9999.99 0.456 999.99 0.456 9.999 0.456 99.99 0.456 99.999 0.456 99.999 0.456 99.999 0.456 999.999 0.456 999.999 0.456 999.999 0.456 9.999 0.456 99.999 0.456
 67.208333  68.208333   28.37 0.000   1.95 0.000 9.999 0.259  1.68 0.000  0.426 0.000  1.470 0.000  2.058 0.000  41.847 0.000  30.797 0.000  11.051 0.000 0.076 0.000  1.221 0.000
 70.208333  71.208333   37.04 0.000   1.89 0.000 0.030 0.000  2.90 0.000  0.330 0.000  1.297 0.000  1.816 0.000  18.346 0.000   6.977 0.000  11.368 0.000 0.050 0.000  1.751 0.000
 73.208333  74.208333 9999.99 0.999 999.99 0.999 9.999 0.999 99.99 0.999 99.999 0.999 99.999 0.999 99.999 0.999 999.999 0.999 999.999 0.999 999.999 0.999 9.999 0.999 99.999 0.999
 76.208333  77.208333   34.58 0.000   2.45 0.000 9.999 0.259  0.34 0.000  0.190 0.000  0.589 0.000  0.825 0.000  10.115 0.000   6.034 0.000   4.081 0.000 0.032 0.000  0.511 0.000
 79.208333  80.208333 9999.99 0.456 999.99 0.456 9.999 0.456 99.99 0.456 99.999 0.456 99.999 0.456 99.999 0.456 999.999 0.456 999.999 0.456 999.999 0.456 9.999 0.456 99.999 0.456
 82.208333  83.208333 9999.99 0.999 999.99 0.999 9.999 0.999 99.99 0.999 99.999 0.999 99.999 0.999 99.999 0.999 999.999 0.999 999.999 0.999 999.999 0.999 9.999 0.999 99.999 0.999
 85.208333  86.208333 9999.99 0.999 999.99 0.999 9.999 0.999 99.99 0.999 99.999 0.999 99.999 0.999 99.999 0.999 999.999 0.999 999.999 0.999 999.999 0.999 9.999 0.999 99.999 0.999
 88.208333  89.208333   62.48 0.000   3.58 0.000 9.999 0.259  2.33 0.000  0.704 0.000  2.002 0.000  2.803 0.000  32.777 0.000  17.535 0.000  15.242 0.000 0.057 0.000  2.375 0.000
 91.208333  92.208333   20.48 0.000   1.91 0.000 9.999 0.259  0.88 0.000  0.105 0.000  0.691 0.000  0.967 0.000  10.135 0.000   4.214 0.000   5.921 0.000 0.017 0.000  1.013 0.000
 94.208333  95.208333   29.29 0.000   2.18 0.000 9.999 0.259  0.62 0.000  0.105 0.000  0.454 0.000  0.635 0.000  12.040 0.000   7.755 0.000   4.286 0.000 0.021 0.000  0.652 0.000
 97.208333  98.208333   48.32 0.000   2.15 0.000 0.021 0.000  2.31 0.000  0.121 0.000  1.040 0.000  1.456 0.000  10.804 0.000   5.053 0.000   5.751 0.000 0.051 0.000  0.651 0.000
100.208333 101.208333 9999.99 0.456 999.99 0.456 9.999 0.456 99.99 0.456 99.999 0.456 99.999 0.456 99.999 0.456 999.999 0.456 999.999 0.456 999.999 0.456 9.999 0.456 99.999 0.456
103.208333 104.208333   60.06 0.000   2.01 0.000 0.040 0.000  2.41 0.000  0.376 0.000  1.904 0.000  2.666 0.000  42.974 0.000  31.986 0.000  10.988 0.000 0.058 0.000  1.226 0.000
106.208333 107.208333   33.65 0.000   1.05 0.000 0.019 0.000  1.61 0.000  0.056 0.000  0.693 0.000  0.970 0.000  19.607 0.000  16.067 0.000   3.541 0.000 0.024 0.000  0.406 0.000
109.208333 110.208333   61.12 0.000   2.13 0.000 0.018 0.000  1.53 0.000  0.041 0.559  0.964 0.000  1.350 0.000  39.729 0.000  35.523 0.000   4.206 0.000 0.032 0.000  0.258 0.559
112.208333 113.208333   27.74 0.000   1.23 0.000 0.093 0.000  1.41 0.000  0.095 0.559  0.865 0.000  1.211 0.000  69.969 0.000  58.600 0.000  11.369 0.000 0.038 0.000  2.208 0.559
115.208333 116.208333 9999.99 0.999 999.99 0.999 9.999 0.999 99.99 0.999 99.999 0.999 99.999 0.999 99.999 0.999 999.999 0.999 999.999 0.999 999.999 0.999 9.999 0.999 99.999 0.999
118.208333 119.208333   22.20 0.000   1.02 0.000 0.023 0.000  1.03 0.000  0.128 0.000  0.690 0.000  0.966 0.000  15.505 0.000  11.115 0.000   4.390 0.000 0.034 0.000  0.290 0.000
121.208333 122.208333   70.97 0.000  26.21 0.000 9.999 0.259  1.97 0.000  0.171 0.000  1.005 0.000  1.407 0.000  17.482 0.000  11.494 0.000   5.988 0.000 0.052 0.000  0.363 0.000
124.208333 125.208333  127.42 0.000   5.15 0.000 9.999 0.259  1.91 0.000  0.162 0.000  2.522 0.000  3.531 0.000  43.718 0.000  23.896 0.000  19.822 0.000 0.075 0.000  2.679 0.000
127.208333 128.208333   32.43 0.000   0.85 0.000 9.999 0.259  0.91 0.000  0.071 0.559  0.540 0.000  0.756 0.000  12.915 0.000   8.838 0.000   4.077 0.000 0.038 0.000  0.267 0.559
130.208333 131.208333   17.04 0.000   0.53 0.000 9.999 0.259  1.90 0.000  0.081 0.000  0.422 0.000  0.592 0.000  37.839 0.000  32.706 0.000   5.133 0.000 0.028 0.000  0.696 0.000
133.208333 134.208333    6.01 0.000   0.37 0.000 0.028 0.000  0.77 0.000  0.068 0.000  0.245 0.000  0.342 0.000   9.434 0.000   5.610 0.000   3.824 0.000 0.012 0.000  0.618 0.000
136.208333 137.208333   32.46 0.000   4.11 0.000 9.999 0.259  1.03 0.000  0.099 0.000  1.340 0.000  1.876 0.000  19.715 0.000   6.742 0.000  12.973 0.000 0.031 0.000  2.196 0.000
139.208333 140.208333   42.30 0.000   2.41 0.000 9.999 0.259  0.41 0.000  0.036 0.000  0.898 0.000  1.257 0.000  13.203 0.000   5.128 0.000   8.075 0.000 0.037 0.000  1.243 0.000
142.208333 143.208333   36.20 0.000   1.78 0.000 0.009 0.000  0.50 0.000  0.022 0.000  0.646 0.000  0.905 0.000  13.983 0.000   8.557 0.000   5.426 0.000 0.021 0.000  0.752 0.000
145.208333 146.208333   62.59 0.000   1.66 0.000 9.999 0.259  2.11 0.000  0.268 0.000  2.940 0.000  4.115 0.000  41.068 0.000  17.639 0.000  23.429 0.000 0.079 0.000  3.247 0.000
148.208333 149.208333   41.51 0.000   2.57 0.000 9.999 0.259  1.63 0.000  0.117 0.000  1.386 0.000  1.940 0.000  18.457 0.000   5.137 0.000  13.320 0.000 0.038 0.000  2.170 0.000
151.208333 152.208333   24.41 0.000   1.79 0.000 0.079 0.000  2.42 0.000  0.131 0.000  0.702 0.000  0.983 0.000  16.453 0.000   6.359 0.000  10.094 0.000 0.072 0.000  1.653 0.000
154.208333 155.208333   13.00 0.000   1.55 0.000 0.011 0.000  0.96 0.000  0.037 0.000  0.808 0.000  1.131 0.000   8.309 0.000   3.727 0.000   4.582 0.000 0.021 0.000  0.513 0.000
157.208333 158.208333   18.52 0.000   1.34 0.000 0.024 0.000  0.51 0.000  0.050 0.000  0.816 0.000  1.142 0.000   9.827 0.000   2.571 0.000   7.256 0.000 0.021 0.000  1.077 0.000
160.208333 161.208333   20.64 0.000   1.57 0.000 0.008 0.000  0.47 0.000  0.028 0.000  0.964 0.000  1.350 0.000   9.299 0.000   3.925 0.000   5.373 0.000 0.025 0.000  0.623 0.000
163.208333 164.208333   27.28 0.000   2.63 0.000 9.999 0.259  1.42 0.000  0.079 0.000  1.717 0.000  2.404 0.000  13.625 0.000   4.629 0.000   8.996 0.000 0.026 0.000  0.982 0.000
166.208333 167.208333   48.35 0.000   2.49 0.000 0.017 0.000  0.57 0.000  0.044 0.000  2.359 0.000  3.302 0.000  19.122 0.000  11.214 0.000   7.907 0.000 0.035 0.000  0.391 0.000
169.208333 170.208333   41.04 0.000   1.44 0.000 0.086 0.000  1.00 0.000  0.164 0.000  2.509 0.000  3.512 0.000  27.193 0.000   9.256 0.000  17.937 0.000 0.064 0.000  2.080 0.000
172.208333 173.208333   53.47 0.000   1.98 0.000 0.072 0.000  2.56 0.000  0.136 0.000  2.057 0.000  2.879 0.000  35.394 0.000   7.871 0.000  27.523 0.000 0.068 0.000  4.028 0.000
175.208333 176.208333    7.92 0.000   0.27 0.000 0.074 0.000  0.88 0.000  0.110 0.000  0.318 0.000  0.446 0.000  11.233 0.000   6.381 0.000   4.852 0.000 0.036 0.000  0.427 0.000
178.208333 179.208333   21.03 0.000   0.44 0.000 0.076 0.000  1.31 0.000  0.115 0.000  0.859 0.000  1.202 0.000  27.524 0.000  18.654 0.000   8.871 0.000 0.047 0.000  1.215 0.000
181.208333 182.208333   34.85 0.000   2.13 0.000 0.010 0.000  0.48 0.000  0.054 0.000  4.039 0.000  7.269 0.000  44.697 0.000  25.387 0.000  19.309 0.000 0.074 0.000  2.112 0.000
184.208333 185.208333   53.45 0.000   3.84 0.000 9.999 0.259  1.08 0.000  0.076 0.000  5.305 0.000  9.548 0.000  34.404 0.000   3.957 0.000  30.447 0.000 0.189 0.000  3.923 0.000
187.208333 188.208333   24.60 0.000   1.38 0.000 9.999 0.259  0.41 0.000  0.039 0.000  1.644 0.000  2.958 0.000  15.548 0.000  10.845 0.000   4.702 0.000 0.030 0.000  0.169 0.000
190.208333 191.208333   41.54 0.000   1.93 0.000 9.999 0.259  1.49 0.000  0.127 0.000  2.215 0.000  3.987 0.000  19.197 0.000   7.419 0.000  11.778 0.000 0.040 0.000  1.254 0.000
193.208333 194.208333   65.46 0.000   1.76 0.000 9.999 0.259  0.47 0.000  0.036 0.000  3.155 0.000  5.680 0.000  51.159 0.000  30.725 0.000  20.434 0.000 0.045 0.000  2.960 0.000
196.208333 197.208333   45.41 0.000   2.68 0.000 9.999 0.259  1.39 0.000  0.047 0.000  2.227 0.000  4.009 0.000  37.682 0.000  22.735 0.000  14.947 0.000 0.040 0.000  2.190 0.000
199.208333 200.208333   25.62 0.000   1.09 0.000 0.016 0.000  1.18 0.000  0.113 0.000  2.041 0.000  3.674 0.000  36.506 0.000  23.247 0.000  13.259 0.000 0.047 0.000  1.890 0.000
202.208333 203.208333   30.19 0.000   0.97 0.000 9.999 0.259  0.85 0.000  0.132 0.000  1.716 0.000  3.089 0.000  32.258 0.000  20.145 0.000  12.114 0.000 0.062 0.000  1.582 0.000
205.208333 206.208333   16.44 0.000   2.83 0.000 9.999 0.259  1.37 0.000  0.050 0.000  1.008 0.000  1.814 0.000  19.187 0.000  11.905 0.000   7.282 0.000 0.019 0.000  0.899 0.000
208.208333 209.208333  202.29 0.000   1.60 0.000 9.999 0.259  1.06 0.000  0.088 0.000  2.725 0.000  4.904 0.000  48.905 0.000  31.179 0.000  17.726 0.000 0.091 0.000  1.850 0.000
211.208333 212.208333   38.96 0.000   6.20 0.000 9.999 0.259  1.23 0.000  0.045 0.000  4.411 0.000  7.939 0.000  42.825 0.000  24.758 0.000  18.067 0.000 0.038 0.000  1.906 0.000
214.208333 215.208333  101.40 0.000   2.64 0.000 9.999 0.259  2.14 0.000  0.026 0.000  4.221 0.000  7.597 0.000  70.143 0.659  37.011 0.000  33.132 0.000 0.054 0.000  7.222 0.000
217.208333 218.208333   40.58 0.000   2.17 0.000 9.999 0.259  1.37 0.000  0.030 0.000  2.665 0.000  4.797 0.000  29.740 0.000  18.893 0.000  10.847 0.000 0.050 0.000  0.847 0.000
220.208333 221.208333   26.83 0.000   1.54 0.000 0.011 0.000  0.63 0.000  0.027 0.000  1.398 0.000  2.516 0.000  20.742 0.000  16.200 0.000   4.543 0.000 0.018 0.000  0.239 0.000
223.208333 224.208333   35.34 0.000   2.13 0.000 9.999 0.259  0.53 0.000  0.046 0.000  1.212 0.000  2.182 0.000  18.115 0.000  13.917 0.000   4.198 0.000 0.025 0.000  0.211 0.000
226.208333 227.208333   49.26 0.000   1.71 0.000 9.999 0.259  1.09 0.000  0.139 0.000  3.244 0.000  5.839 0.000  51.677 0.000  32.096 0.000  19.581 0.000 0.067 0.000  2.564 0.000
229.208333 230.208333   17.82 0.000   0.60 0.000 0.008 0.000  0.66 0.000  0.040 0.000  0.933 0.000  1.680 0.000  17.502 0.000  12.657 0.000   4.845 0.000 0.014 0.000  0.426 0.000
232.208333 233.208333   39.79 0.000   1.66 0.000 9.999 0.259  0.24 0.000  0.023 0.000  1.624 0.000  2.924 0.000  25.227 0.000  16.933 0.000   8.294 0.000 0.025 0.000  1.037 0.000
235.208333 236.208333   54.76 0.000   2.77 0.000 9.999 0.259  1.48 0.000  0.069 0.000  1.767 0.000  3.180 0.000  42.751 0.000  24.858 0.000  17.893 0.000 0.036 0.000  2.586 0.000
238.208333 239.208333   11.73 0.000   0.85 0.000 0.078 0.000  0.75 0.000  0.096 0.000  0.769 0.000  1.384 0.000  31.537 0.000  22.615 0.000   8.921 0.000 0.050 0.000  1.239 0.000
241.208333 242.208333    4.94 0.000   0.53 0.000 0.017 0.000  0.37 0.000  0.044 0.000  0.372 0.000  0.670 0.000  11.514 0.000   8.068 0.000   3.446 0.000 0.013 0.000  0.462 0.000
244.208333 245.208333    4.09 0.000   0.39 0.000 0.173 0.000  0.28 0.000  0.064 0.000  0.880 0.000  1.584 0.000  29.824 0.000  22.227 0.000   7.598 0.000 0.056 0.000  0.548 0.000
247.208333 248.208333   19.46 0.000   2.19 0.000 9.999 0.259  0.71 0.000  0.054 0.000  1.656 0.000  2.981 0.000  23.863 0.000  14.050 0.000   9.813 0.000 0.042 0.000  1.212 0.000
250.208333 251.208333   54.87 0.000   4.29 0.000 9.999 0.259  2.19 0.000  0.104 0.000  2.571 0.000  4.628 0.000  47.197 0.000  27.505 0.000  19.692 0.000 0.046 0.000  2.855 0.000
253.208333 254.208333    6.91 0.000   0.55 0.000 0.015 0.000  0.33 0.000  0.065 0.000  0.824 0.000  1.484 0.000  19.880 0.000  16.033 0.000   3.848 0.000 0.019 0.000  0.193 0.000
256.208333 257.208333    4.57 0.000   0.36 0.000 0.040 0.000  0.60 0.000  0.084 0.000  0.197 0.000  0.354 0.000  14.627 0.000  10.974 0.000   3.653 0.000 0.027 0.000  0.262 0.000
259.208333 260.208333   40.85 0.000   3.43 0.000 9.999 0.259  1.19 0.000  0.091 0.000  2.062 0.000  3.711 0.000  24.410 0.000  17.252 0.000   7.158 0.000 0.051 0.000  0.418 0.000
262.208333 263.208333   52.64 0.000   4.16 0.000 9.999 0.259  0.65 0.000  0.036 0.000  1.433 0.000  2.580 0.000  28.725 0.000  19.937 0.000   8.788 0.000 0.032 0.000  1.098 0.000
265.208333 266.208333   30.05 0.000   1.24 0.000 0.060 0.000  0.91 0.000  0.122 0.000  1.492 0.000  2.687 0.000  38.524 0.000  24.775 0.000  13.749 0.000 0.047 0.000  2.044 0.000
