scripts/IMPROVE-2019_partial/data/US0082R.19960103050000.20191216000000.filterpack...1y.3d.US03L_filterpack_US0082.US03L_IMPROVE_Davis.lev2.nas
51 1001
MISSING INFORMATION
US03L, IMPROVE, , , , , , , 
MISSING INFORMATION
IMPROVE sel_HTAP
1 1
1996 01 01 2019 12 16
0
days from file reference point
4
1 1 1 1
999.999999 999.999 999.999 9.999
end_time of measurement, days from the file reference point
pm10_mass, ug/m3, Matrix=pm10
pm25_mass, ug/m3, Matrix=pm25
numflag, no unit
0
33
Data definition:              EBAS_1.1
Set type code:                TI
Timezone:                     UTC
File name:                    US0082R.19960103050000.20191216000000.filterpack...1y.3d.US03L_filterpack_US0082.US03L_IMPROVE_Davis.lev2.nas
File creation:                20191218120055
Startdate:                    19960103050000
Revision date:                20191216000000
Version:                      2
Version description:          "Data extracted from http://views.cira.colostate.edu/fed/DataWizard 2019-12-16"
Statistics:                   arithmetic mean
Data level:                   2
Period code:                  1y
Resolution code:              3d
Sample duration:              1d
Orig. time res.:              3d
Station code:                 US0082R
Platform code:                US0082S
Station name:                 Lye Brook Wilderness
Station latitude:             43.1482
Station longitude:            -73.1268
Station altitude:             1015.0 m
Regime:                       IMG
Component:                    
Unit:                         ug/m3
Matrix:                       
Laboratory code:              US03L
Instrument type:              filterpack
Instrument name:              filterpack_US0082
Method ref:                   US03L_IMPROVE_Davis
Blank correction:             Blank corrected
Volume std. temperature:      ambient
Volume std. pressure:         ambient
starttime endtime PM10 PM2.5 flag
  2.208333   3.208333 999.999 999.999 0.999
  5.208333   6.208333 999.999 999.999 0.999
  9.208333  10.208333   9.668   9.336 0.000
 12.208333  13.208333   5.410   5.241 0.000
 16.208333  17.208333   7.552   4.284 0.000
 19.208333  20.208333   4.516   2.336 0.000
 23.208333  24.208333 999.999 999.999 0.999
 26.208333  27.208333 999.999 999.999 0.999
 30.208333  31.208333 999.999 999.999 0.999
 33.208333  34.208333 999.999 999.999 0.999
 37.208333  38.208333 999.999 999.999 0.999
 40.208333  41.208333   6.281   3.737 0.000
 44.208333  45.208333   7.837   6.039 0.000
 47.208333  48.208333   7.565   7.079 0.000
 51.208333  52.208333   1.099   0.393 0.000
 54.208333  55.208333   4.983   3.815 0.000
 58.208333  59.208333   8.056   5.435 0.000
 61.208333  62.208333  14.167  12.305 0.000
 65.208333  66.208333   7.669   6.944 0.000
 68.208333  69.208333 999.999   5.419 0.000
 72.208333  73.208333   9.491   6.880 0.000
 75.208333  76.208333   4.630   4.651 0.000
 79.208333  80.208333   4.417   3.149 0.000
 82.208333  83.208333   4.895   2.944 0.000
 86.208333  87.208333   6.006   4.141 0.000
 89.208333  90.208333   8.424   6.555 0.000
 93.208333  94.208333   5.618   4.755 0.000
 96.208333  97.208333   4.604   4.926 0.000
100.208333 101.208333   3.663   2.336 0.000
103.208333 104.208333   6.105   2.347 0.000
107.208333 108.208333 999.999   0.825 0.000
110.208333 111.208333  21.353  15.972 0.000
114.208333 115.208333   2.229   1.903 0.000
117.208333 118.208333   4.359   3.283 0.000
121.208333 122.208333   6.527   6.569 0.000
124.208333 125.208333   7.215   6.100 0.000
128.208333 129.208333  10.963   5.518 0.000
131.208333 132.208333   2.585   1.006 0.000
135.208333 136.208333  12.431   9.732 0.000
138.208333 139.208333   6.680   6.235 0.000
142.208333 143.208333   5.712   3.396 0.000
145.208333 146.208333   4.406   2.160 0.000
149.208333 150.208333   7.990   4.558 0.000
152.208333 153.208333  12.769   8.825 0.000
156.208333 157.208333 999.999 999.999 0.999
159.208333 160.208333 999.999 999.999 0.999
163.208333 164.208333 999.999 999.999 0.999
166.208333 167.208333  21.370  18.832 0.000
170.208333 171.208333  15.456  10.324 0.000
173.208333 174.208333  15.741  12.928 0.000
177.208333 178.208333   6.479   4.952 0.000
180.208333 181.208333  10.524   9.692 0.000
184.208333 185.208333   8.885   6.512 0.000
187.208333 188.208333  16.807  11.018 0.000
191.208333 192.208333   4.281   3.255 0.000
194.208333 195.208333   3.814   2.951 0.000
198.208333 199.208333  13.600  11.809 0.000
201.208333 202.208333   4.879   4.008 0.000
205.208333 206.208333  16.731  14.976 0.000
208.208333 209.208333   5.492   3.804 0.000
212.208333 213.208333   6.037   4.329 0.000
215.208333 216.208333  15.459  13.739 0.000
219.208333 220.208333  33.333  31.841 0.000
222.208333 223.208333   7.336   6.310 0.000
226.208333 227.208333  13.782  11.111 0.000
229.208333 230.208333   7.260   6.615 0.000
233.208333 234.208333  13.503  11.473 0.000
236.208333 237.208333  12.486   8.635 0.000
240.208333 241.208333  18.172  15.480 0.000
243.208333 244.208333   5.744 999.999 0.000
247.208333 248.208333  25.966  18.386 0.000
250.208333 251.208333  20.790  12.660 0.000
254.208333 255.208333   9.466   6.033 0.000
257.208333 258.208333   7.121   6.107 0.000
261.208333 262.208333  10.621   5.930 0.000
264.208333 265.208333  11.302   9.703 0.000
268.208333 269.208333   2.164   1.728 0.000
271.208333 272.208333   6.502   3.131 0.000
275.208333 276.208333   8.027   6.913 0.000
278.208333 279.208333   5.592   3.083 0.000
282.208333 283.208333   8.387   4.651 0.000
285.208333 286.208333   6.899 999.999 0.000
289.208333 290.208333  18.168  13.793 0.000
292.208333 293.208333   5.459   3.203 0.000
296.208333 297.208333  12.321   9.620 0.000
299.208333 300.208333   4.854   3.154 0.000
303.208333 304.208333   4.502   3.243 0.000
306.208333 307.208333   5.133   5.536 0.000
310.208333 311.208333  16.549  11.373 0.000
313.208333 314.208333   2.480   2.358 0.000
317.208333 318.208333   2.315   2.096 0.000
320.208333 321.208333   1.138   0.807 0.000
324.208333 325.208333   5.456   4.443 0.000
327.208333 328.208333   3.243 999.999 0.000
331.208333 332.208333   5.123   2.686 0.000
334.208333 335.208333   7.627   6.748 0.000
338.208333 339.208333   6.601 999.999 0.000
341.208333 342.208333   4.350   1.671 0.000
345.208333 346.208333  12.940  11.640 0.000
348.208333 349.208333 999.999 999.999 0.999
352.208333 353.208333  10.628   5.948 0.000
355.208333 356.208333   7.720 999.999 0.000
359.208333 360.208333 999.999 999.999 0.999
362.208333 363.208333 999.999 999.999 0.999
