scripts/IMPROVE-2019_partial/data/US0061R.19930102050000.20191216000000.filterpack...1y.3d.US03L_filterpack_US0061.US03L_IMPROVE_Davis.lev2.nas
51 1001
MISSING INFORMATION
US03L, IMPROVE, , , , , , , 
MISSING INFORMATION
IMPROVE sel_HTAP
1 1
1993 01 01 2019 12 16
0
days from file reference point
4
1 1 1 1
999.999999 999.999 999.999 9.999
end_time of measurement, days from the file reference point
pm10_mass, ug/m3, Matrix=pm10
pm25_mass, ug/m3, Matrix=pm25
numflag, no unit
0
33
Data definition:              EBAS_1.1
Set type code:                TI
Timezone:                     UTC
File name:                    US0061R.19930102050000.20191216000000.filterpack...1y.3d.US03L_filterpack_US0061.US03L_IMPROVE_Davis.lev2.nas
File creation:                20191218115917
Startdate:                    19930102050000
Revision date:                20191216000000
Version:                      2
Version description:          "Data extracted from http://views.cira.colostate.edu/fed/DataWizard 2019-12-16"
Statistics:                   arithmetic mean
Data level:                   2
Period code:                  1y
Resolution code:              3d
Sample duration:              1d
Orig. time res.:              3d
Station code:                 US0061R
Platform code:                US0061S
Station name:                 Brigantine NWR
Station latitude:             39.465
Station longitude:            -74.4492
Station altitude:             5.0 m
Regime:                       IMG
Component:                    
Unit:                         ug/m3
Matrix:                       
Laboratory code:              US03L
Instrument type:              filterpack
Instrument name:              filterpack_US0061
Method ref:                   US03L_IMPROVE_Davis
Blank correction:             Blank corrected
Volume std. temperature:      ambient
Volume std. pressure:         ambient
starttime endtime PM10 PM2.5 flag
  1.208333   2.208333   9.205   6.909 0.000
  5.208333   6.208333   9.727   6.440 0.000
  8.208333   9.208333  13.867   9.564 0.000
 12.208333  13.208333   3.813   2.677 0.000
 15.208333  16.208333  22.808  19.255 0.000
 19.208333  20.208333  19.277  12.364 0.000
 22.208333  23.208333  15.139   9.808 0.000
 26.208333  27.208333  18.884  10.032 0.000
 29.208333  30.208333  15.139   6.773 0.000
 33.208333  34.208333  17.428  10.944 0.000
 36.208333  37.208333  14.014   7.522 0.000
 40.208333  41.208333  24.358  13.540 0.000
 43.208333  44.208333  11.167   8.230 0.000
 47.208333  48.208333  11.594   9.335 0.000
 50.208333  51.208333  22.470  16.399 0.000
 54.208333  55.208333  12.992   7.000 0.000
 57.208333  58.208333  18.228   9.406 0.000
 61.208333  62.208333  41.344  29.564 0.000
 64.208333  65.208333  13.874   9.908 0.000
 68.208333  69.208333  15.779  11.392 0.000
 71.208333  72.208333  17.200   7.380 0.000
 75.208333  76.208333  10.315   5.077 0.000
 78.208333  79.208333  17.198  11.486 0.000
 82.208333  83.208333  15.394  12.062 0.000
 85.208333  86.208333  10.506   6.944 0.000
 89.208333  90.208333  10.039   7.370 0.000
 92.208333  93.208333  11.877   9.231 0.000
 96.208333  97.208333  11.641   4.604 0.000
 99.208333 100.208333   9.838   4.830 0.000
103.208333 104.208333  16.846   9.561 0.000
106.208333 107.208333  10.498   7.508 0.000
110.208333 111.208333  22.479   8.934 0.000
113.208333 114.208333  17.393   8.903 0.000
117.208333 118.208333  12.634   5.617 0.000
120.208333 121.208333  13.846   6.820 0.000
124.208333 125.208333   7.569   3.554 0.000
127.208333 128.208333  11.569   6.991 0.000
131.208333 132.208333 999.999 999.999 0.999
134.208333 135.208333  28.571  18.113 0.000
138.208333 139.208333  12.694  10.183 0.000
141.208333 142.208333  20.490  11.265 0.000
145.208333 146.208333  25.164  13.123 0.000
148.208333 149.208333  36.393  21.677 0.000
152.208333 153.208333  18.436   7.375 0.000
155.208333 156.208333  23.704  13.553 0.000
159.208333 160.208333  47.459 999.999 0.000
162.208333 163.208333  16.883   7.445 0.000
166.208333 167.208333  29.598  13.981 0.000
169.208333 170.208333 999.999 999.999 0.999
173.208333 174.208333  22.738   8.988 0.000
176.208333 177.208333  22.738   8.933 0.000
180.208333 181.208333  28.444  22.340 0.000
183.208333 184.208333  40.817  27.187 0.000
187.208333 188.208333  44.241 999.999 0.000
190.208333 191.208333  60.593 999.999 0.000
194.208333 195.208333  39.528  27.531 0.000
197.208333 198.208333  17.441   7.290 0.000
201.208333 202.208333  19.758  13.220 0.000
204.208333 205.208333  29.721  17.515 0.000
208.208333 209.208333  28.992  22.073 0.000
211.208333 212.208333  18.281  13.435 0.000
215.208333 216.208333  38.840  23.642 0.000
218.208333 219.208333  21.200  11.057 0.000
222.208333 223.208333  13.024   6.254 0.000
225.208333 226.208333  29.113  21.772 0.000
229.208333 230.208333  17.177   8.827 0.000
232.208333 233.208333  22.581  16.137 0.000
236.208333 237.208333  23.629  14.462 0.000
239.208333 240.208333  37.621  25.957 0.000
243.208333 244.208333  19.758   9.847 0.000
246.208333 247.208333  17.137   9.908 0.000
250.208333 251.208333  23.952  17.052 0.000
253.208333 254.208333  11.865   4.679 0.000
257.208333 258.208333  18.381   8.025 0.000
260.208333 261.208333  13.846   7.795 0.000
264.208333 265.208333  14.146  10.677 0.000
267.208333 268.208333  15.203   7.191 0.000
271.208333 272.208333  18.000   9.136 0.000
274.208333 275.208333  26.911  11.543 0.000
278.208333 279.208333  11.555   5.389 0.000
281.208333 282.208333  30.620  14.922 0.000
285.208333 286.208333  17.437  13.683 0.000
288.208333 289.208333  23.361  17.739 0.000
292.208333 293.208333   9.661   6.164 0.000
295.208333 296.208333  11.822   7.943 0.000
299.208333 300.208333  14.667   7.868 0.000
302.208333 303.208333  17.737  13.091 0.000
306.208333 307.208333  18.083  12.975 0.000
309.208333 310.208333  15.375  11.069 0.000
313.208333 314.208333  26.789  19.327 0.000
316.208333 317.208333  31.545  13.761 0.000
320.208333 321.208333  13.852   8.616 0.000
323.208333 324.208333  21.189  11.125 0.000
327.208333 328.208333  22.324  13.228 0.000
330.208333 331.208333  30.249   8.580 0.000
334.208333 335.208333 999.999 999.999 0.999
337.208333 338.208333 999.999 999.999 0.999
341.208333 342.208333  16.891  10.444 0.000
344.208333 345.208333  24.790   7.816 0.000
348.208333 349.208333  23.176   6.495 0.000
351.208333 352.208333  32.119  11.329 0.000
355.208333 356.208333  11.504   7.914 0.000
358.208333 359.208333  23.053  18.007 0.000
362.208333 363.208333  15.023   8.317 0.000
