scripts/IMPROVE-2019_partial/data/US0028R.20170101050000.20191216000000.filterpack...52w.3d.US03L_filterpack_US0028.US03L_IMPROVE_Davis.lev2.nas
52 1001
MISSING INFORMATION
US03L, IMPROVE, , , , , , , 
MISSING INFORMATION
IMPROVE sel_HTAP
1 1
2017 01 01 2019 12 16
3.000000
days from file reference point
5
1 1 1 1 1
999.999999 999.999 9.999 999.999 9.999
end_time of measurement, days from the file reference point
pm10_mass, ug/m3, Matrix=pm10
numflag pm10_mass, no unit, Matrix=pm10
pm25_mass, ug/m3, Matrix=pm25
numflag pm25_mass, no unit, Matrix=pm25
0
33
Data definition:              EBAS_1.1
Set type code:                TU
Timezone:                     UTC
File name:                    US0028R.20170101050000.20191216000000.filterpack...52w.3d.US03L_filterpack_US0028.US03L_IMPROVE_Davis.lev2.nas
File creation:                20191218115723
Startdate:                    20170101050000
Revision date:                20191216000000
Version:                      2
Version description:          "Data extracted from http://views.cira.colostate.edu/fed/DataWizard 2019-12-16"
Statistics:                   arithmetic mean
Data level:                   2
Period code:                  52w
Resolution code:              3d
Sample duration:              1d
Orig. time res.:              3d
Station code:                 US0028R
Platform code:                US0028S
Station name:                 Cohutta
Station latitude:             34.7852
Station longitude:            -84.6265
Station altitude:             735.0 m
Regime:                       IMG
Component:                    
Unit:                         ug/m3
Matrix:                       
Laboratory code:              US03L
Instrument type:              filterpack
Instrument name:              filterpack_US0028
Method ref:                   US03L_IMPROVE_Davis
Blank correction:             Blank corrected
Volume std. temperature:      ambient
Volume std. pressure:         ambient
starttime endtime PM10 flag_PM10 PM2.5 flag_PM2.5
  0.208333   1.208333   1.394 0.000   0.770 0.000
  3.208333   4.208333   3.987 0.000   2.536 0.000
  6.208333   7.208333   7.514 0.000   5.247 0.000
  9.208333  10.208333   9.176 0.000 999.999 0.456
 12.208333  13.208333  11.586 0.000   5.551 0.000
 15.208333  16.208333  13.777 0.000  10.341 0.000
 18.208333  19.208333   7.400 0.000   4.450 0.000
 21.208333  22.208333   1.860 0.000   1.137 0.000
 24.208333  25.208333   6.418 0.000   3.560 0.000
 27.208333  28.208333   4.085 0.000   1.939 0.000
 30.208333  31.208333  10.682 0.000   6.438 0.000
 33.208333  34.208333   5.720 0.000   2.942 0.000
 36.208333  37.208333   6.854 0.000   4.577 0.000
 39.208333  40.208333   3.057 0.000   2.122 0.000
 42.208333  43.208333  10.358 0.000   6.849 0.000
 45.208333  46.208333   5.480 0.000   3.616 0.000
 48.208333  49.208333   9.683 0.000   8.123 0.000
 51.208333  52.208333  12.391 0.000   8.734 0.000
 54.208333  55.208333  11.543 0.000   6.211 0.000
 57.208333  58.208333   7.077 0.000   4.547 0.000
 60.208333  61.208333   3.749 0.000   2.328 0.000
 63.208333  64.208333  11.324 0.000   6.621 0.000
 66.208333  67.208333  12.703 0.000   2.508 0.000
 69.208333  70.208333   3.541 0.000   1.957 0.000
 72.208333  73.208333   6.208 0.000   4.859 0.000
 75.208333  76.208333  15.866 0.000  12.609 0.000
 78.208333  79.208333   9.343 0.000   5.684 0.000
 81.208333  82.208333   7.904 0.000   4.260 0.000
 84.208333  85.208333   8.556 0.000   4.461 0.000
 87.208333  88.208333 999.999 0.999 999.999 0.999
 90.208333  91.208333   3.257 0.000   1.842 0.000
 93.208333  94.208333  12.005 0.000   4.703 0.000
 96.208333  97.208333   4.702 0.000   1.712 0.000
 99.208333 100.208333  12.385 0.000   7.725 0.000
102.208333 103.208333  12.271 0.000   7.303 0.000
105.208333 106.208333  16.965 0.000   8.600 0.000
108.208333 109.208333  14.295 0.000   6.342 0.000
111.208333 112.208333  13.357 0.000   5.301 0.000
114.208333 115.208333  11.235 0.000   2.992 0.000
117.208333 118.208333  21.334 0.000   7.935 0.000
120.208333 121.208333  12.133 0.000   2.813 0.000
123.208333 124.208333  24.115 0.000   7.640 0.000
126.208333 127.208333  11.690 0.000 999.999 0.456
129.208333 130.208333 999.999 0.456  10.239 0.000
132.208333 133.208333 999.999 0.456   4.459 0.000
135.208333 136.208333 999.999 0.456   7.499 0.000
138.208333 139.208333  27.011 0.000   9.331 0.000
141.208333 142.208333  14.559 0.000   5.908 0.000
144.208333 145.208333   6.992 0.000   3.433 0.000
147.208333 148.208333   6.526 0.000   2.506 0.000
150.208333 151.208333 999.999 0.999 999.999 0.999
153.208333 154.208333  12.026 0.000   7.122 0.000
156.208333 157.208333   8.830 0.000   3.857 0.000
159.208333 160.208333   8.233 0.000   5.199 0.000
162.208333 163.208333   8.563 0.000   5.573 0.000
165.208333 166.208333 999.999 0.456   4.951 0.000
168.208333 169.208333 999.999 0.456   7.235 0.000
171.208333 172.208333   5.553 0.000   2.910 0.000
174.208333 175.208333   7.157 0.000   3.395 0.000
177.208333 178.208333   8.113 0.000   4.238 0.000
180.208333 181.208333 999.999 0.999 999.999 0.999
183.208333 184.208333 999.999 0.999 999.999 0.999
186.208333 187.208333  11.031 0.000   6.154 0.000
189.208333 190.208333   9.569 0.000   5.481 0.000
192.208333 193.208333 999.999 0.999 999.999 0.999
195.208333 196.208333   6.965 0.000   4.528 0.000
198.208333 199.208333   7.464 0.000   4.855 0.000
201.208333 202.208333  15.525 0.000  11.925 0.000
204.208333 205.208333   8.871 0.000   6.287 0.000
207.208333 208.208333 999.999 0.999 999.999 0.999
210.208333 211.208333   5.573 0.000   3.458 0.000
213.208333 214.208333 999.999 0.999 999.999 0.999
216.208333 217.208333   8.640 0.000   5.056 0.000
219.208333 220.208333 999.999 0.456   4.211 0.000
222.208333 223.208333 999.999 0.456   3.960 0.000
225.208333 226.208333 999.999 0.456   7.799 0.000
228.208333 229.208333  12.737 0.000   6.338 0.000
231.208333 232.208333  14.129 0.000  10.351 0.000
234.208333 235.208333  10.877 0.000   7.258 0.000
237.208333 238.208333  12.682 0.000   8.795 0.000
240.208333 241.208333  11.793 0.000   7.635 0.000
243.208333 244.208333   6.537 0.000   2.793 0.000
246.208333 247.208333  12.426 0.000   8.529 0.000
249.208333 250.208333 999.999 0.999 999.999 0.999
252.208333 253.208333   5.924 0.000   3.316 0.000
255.208333 256.208333 999.999 0.999 999.999 0.999
258.208333 259.208333 999.999 0.999 999.999 0.999
261.208333 262.208333 999.999 0.999 999.999 0.999
264.208333 265.208333 999.999 0.999 999.999 0.999
267.208333 268.208333 999.999 0.999 999.999 0.999
270.208333 271.208333  13.750 0.000   8.043 0.000
273.208333 274.208333   5.251 0.000   2.333 0.000
276.208333 277.208333   9.263 0.000   4.034 0.000
279.208333 280.208333   5.873 0.000   3.190 0.000
282.208333 283.208333   8.608 0.000   5.720 0.000
285.208333 286.208333  12.297 0.000   8.843 0.000
288.208333 289.208333   3.343 0.000   1.311 0.000
291.208333 292.208333   5.719 0.000   3.766 0.000
294.208333 295.208333   7.157 0.000   3.931 0.000
297.208333 298.208333   7.315 0.000   2.531 0.000
300.208333 301.208333   3.537 0.000 999.999 0.456
303.208333 304.208333  11.548 0.000   5.795 0.000
306.208333 307.208333  11.046 0.000   7.381 0.000
309.208333 310.208333  10.485 0.000   7.578 0.000
312.208333 313.208333   1.886 0.000   1.164 0.000
315.208333 316.208333   7.125 0.000   3.842 0.000
318.208333 319.208333   9.839 0.000   7.630 0.000
321.208333 322.208333  11.550 0.000   8.331 0.000
324.208333 325.208333  10.557 0.000   5.090 0.000
327.208333 328.208333  10.708 0.000   7.285 0.000
330.208333 331.208333   4.173 0.000   2.410 0.000
333.208333 334.208333  12.896 0.000  10.097 0.000
336.208333 337.208333  11.524 0.000   6.497 0.000
339.208333 340.208333   3.301 0.000   1.362 0.000
342.208333 343.208333   4.099 0.000   2.354 0.000
345.208333 346.208333   7.059 0.000   3.535 0.000
348.208333 349.208333  12.042 0.000   8.651 0.000
351.208333 352.208333   4.041 0.000   3.003 0.000
354.208333 355.208333   3.642 0.000   2.176 0.000
357.208333 358.208333   1.266 0.000   0.894 0.000
360.208333 361.208333   4.343 0.000   3.003 0.000
363.208333 364.208333   8.196 0.000   5.957 0.000
