scripts/IMPROVE-2019_partial/data/US0022R.20080101080000.20191216000000.filterpack...52w.3d.US03L_filterpack_US0022.US03L_IMPROVE_Davis.lev2.nas
51 1001
MISSING INFORMATION
US03L, IMPROVE, , , , , , , 
MISSING INFORMATION
IMPROVE sel_HTAP
1 1
2008 01 01 2019 12 16
3.000000
days from file reference point
4
1 1 1 1
999.999999 999.999 999.999 9.999
end_time of measurement, days from the file reference point
pm10_mass, ug/m3, Matrix=pm10
pm25_mass, ug/m3, Matrix=pm25
numflag, no unit
0
33
Data definition:              EBAS_1.1
Set type code:                TU
Timezone:                     UTC
File name:                    US0022R.20080101080000.20191216000000.filterpack...52w.3d.US03L_filterpack_US0022.US03L_IMPROVE_Davis.lev2.nas
File creation:                20191218115651
Startdate:                    20080101080000
Revision date:                20191216000000
Version:                      2
Version description:          "Data extracted from http://views.cira.colostate.edu/fed/DataWizard 2019-12-16"
Statistics:                   arithmetic mean
Data level:                   2
Period code:                  52w
Resolution code:              3d
Sample duration:              1d
Orig. time res.:              3d
Station code:                 US0022R
Platform code:                US0022S
Station name:                 Dome Lands Wilderness
Station latitude:             35.7278
Station longitude:            -118.1377
Station altitude:             927.0 m
Regime:                       IMG
Component:                    
Unit:                         ug/m3
Matrix:                       
Laboratory code:              US03L
Instrument type:              filterpack
Instrument name:              filterpack_US0022
Method ref:                   US03L_IMPROVE_Davis
Blank correction:             Blank corrected
Volume std. temperature:      ambient
Volume std. pressure:         ambient
starttime endtime PM10 PM2.5 flag
  0.333333   1.333333   4.029   1.331 0.000
  3.333333   4.333333 999.999 999.999 0.999
  6.333333   7.333333   2.030   1.381 0.000
  9.333333  10.333333 999.999 999.999 0.999
 12.333333  13.333333 999.999 999.999 0.999
 15.333333  16.333333 999.999 999.999 0.999
 18.333333  19.333333 999.999 999.999 0.999
 21.333333  22.333333 999.999 999.999 0.999
 24.333333  25.333333   1.524   0.713 0.000
 27.333333  28.333333   1.400   0.479 0.000
 30.333333  31.333333   3.098   1.629 0.000
 33.333333  34.333333   0.933   0.510 0.000
 36.333333  37.333333   3.683   2.390 0.000
 39.333333  40.333333   2.318   1.364 0.000
 42.333333  43.333333   2.293   1.188 0.000
 45.333333  46.333333   8.155   2.534 0.000
 48.333333  49.333333   5.937   1.787 0.000
 51.333333  52.333333   1.560   0.954 0.000
 54.333333  55.333333   2.901   1.420 0.000
 57.333333  58.333333   2.337   1.483 0.000
 60.333333  61.333333  14.072   7.837 0.000
 63.333333  64.333333  10.628   5.019 0.000
 66.333333  67.333333   6.778   2.942 0.000
 69.333333  70.333333   4.031   1.717 0.000
 72.333333  73.333333   6.996   3.350 0.000
 75.333333  76.333333   4.833   2.249 0.000
 78.333333  79.333333  13.928   5.628 0.000
 81.333333  82.333333  10.002   4.249 0.000
 84.333333  85.333333  17.637   5.635 0.000
 87.333333  88.333333  17.539   7.233 0.000
 90.333333  91.333333  10.430   4.766 0.000
 93.333333  94.333333  21.215  10.409 0.000
 96.333333  97.333333  16.473   4.934 0.000
 99.333333 100.333333  17.859   6.131 0.000
102.333333 103.333333   6.946   3.275 0.000
105.333333 106.333333  31.677   6.938 0.000
108.333333 109.333333  20.749   7.813 0.000
111.333333 112.333333  17.296   7.587 0.000
114.333333 115.333333  17.503   6.383 0.000
117.333333 118.333333  21.146   6.955 0.000
120.333333 121.333333  42.579   7.320 0.000
123.333333 124.333333  27.225   8.948 0.000
126.333333 127.333333  25.256   8.803 0.000
129.333333 130.333333  38.055  11.527 0.000
132.333333 133.333333  37.273   8.530 0.000
135.333333 136.333333  16.790   5.072 0.000
138.333333 139.333333  24.355   8.870 0.000
141.333333 142.333333  56.894   7.732 0.000
144.333333 145.333333  10.555   4.018 0.000
147.333333 148.333333  10.684   6.214 0.000
150.333333 151.333333  18.859   7.808 0.000
153.333333 154.333333  20.084   6.854 0.000
156.333333 157.333333  26.360   5.609 0.000
159.333333 160.333333  18.235   5.669 0.000
162.333333 163.333333 999.999 999.999 0.999
165.333333 166.333333  26.688   9.775 0.000
168.333333 169.333333 999.999 999.999 0.456
171.333333 172.333333 999.999 999.999 0.456
174.333333 175.333333 999.999 999.999 0.456
177.333333 178.333333  58.191  38.837 0.000
180.333333 181.333333 999.999 999.999 0.999
183.333333 184.333333 999.999 999.999 0.999
186.333333 187.333333  19.042   8.879 0.000
189.333333 190.333333  28.337  18.830 0.000
192.333333 193.333333 999.999 999.999 0.999
195.333333 196.333333 999.999 999.999 0.999
198.333333 199.333333 999.999 999.999 0.999
201.333333 202.333333 999.999 999.999 0.999
204.333333 205.333333  22.214   9.402 0.000
207.333333 208.333333  22.722  11.107 0.000
210.333333 211.333333  26.081  11.523 0.000
213.333333 214.333333  21.381   7.749 0.000
216.333333 217.333333  12.114   4.768 0.000
219.333333 220.333333  17.435   5.886 0.000
222.333333 223.333333  10.800   3.209 0.000
225.333333 226.333333 999.999 999.999 0.999
228.333333 229.333333  23.320  10.279 0.000
231.333333 232.333333  25.042   5.364 0.000
234.333333 235.333333  24.849   7.169 0.000
237.333333 238.333333  22.176   6.372 0.000
240.333333 241.333333  30.825   8.816 0.000
243.333333 244.333333  34.235   6.396 0.000
246.333333 247.333333  20.366   6.712 0.000
249.333333 250.333333  19.865   6.759 0.000
252.333333 253.333333  19.626   6.588 0.000
255.333333 256.333333  29.481  11.101 0.000
258.333333 259.333333  16.070   6.764 0.000
261.333333 262.333333  25.188   7.921 0.000
264.333333 265.333333  26.498   8.691 0.000
267.333333 268.333333  16.305   4.637 0.000
270.333333 271.333333  14.792   4.198 0.000
273.333333 274.333333   9.720   4.869 0.000
276.333333 277.333333  26.722   6.292 0.000
279.333333 280.333333  10.125   4.404 0.000
282.333333 283.333333  73.964  11.441 0.000
285.333333 286.333333  10.480   2.524 0.000
288.333333 289.333333   9.406   2.071 0.000
291.333333 292.333333  10.492   2.750 0.000
294.333333 295.333333  14.590   5.127 0.000
297.333333 298.333333  11.195   4.236 0.000
300.333333 301.333333   8.295   3.124 0.000
303.333333 304.333333  13.383   3.506 0.000
306.333333 307.333333   4.263   1.871 0.000
309.333333 310.333333   4.607   2.265 0.000
312.333333 313.333333   2.214   0.973 0.000
315.333333 316.333333   4.956   3.216 0.000
318.333333 319.333333 999.999 999.999 0.999
321.333333 322.333333 999.999 999.999 0.999
324.333333 325.333333  17.872  11.471 0.000
327.333333 328.333333   5.973   3.071 0.000
330.333333 331.333333   4.020   2.471 0.000
333.333333 334.333333   3.907   2.638 0.000
336.333333 337.333333   3.247   1.210 0.000
339.333333 340.333333   3.398   1.025 0.000
342.333333 343.333333   4.076   2.702 0.000
345.333333 346.333333   1.823   0.854 0.000
348.333333 349.333333   3.441   1.870 0.000
351.333333 352.333333 999.999 999.999 0.999
354.333333 355.333333   3.696   2.616 0.000
357.333333 358.333333   2.112   1.111 0.000
360.333333 361.333333   2.818   1.148 0.000
363.333333 364.333333   0.922   0.700 0.000
