scripts/IMPROVE-2019_partial/data/US0051R.20040101060000.20191216000000.filterpack..pm25.52w.1w.US03L_filterpack_US0051.US03L_IMPROVE_Davis.lev2.nas
66 1001
MISSING INFORMATION
US03L, IMPROVE, , , , , , , 
MISSING INFORMATION
IMPROVE sel_HTAP
1 1
2004 01 01 2019 12 16
3.00
days from file reference point
27
1 1 1 1 1 1 1 1 1 1 1 1 1 1 1 1 1 1 1 1 1 1 1 1 1 1 1
999.99 9999.99 9.999 99.99 9.999 9.999 9.999999 9.99 9.999999 99.999 9.999 999.999 9.999 999.999 9.999 999.99 9.999999 999.999 9.999 999.999 9.999 999.999 9.999 9.999 9.999 99.999 9.999
end_time of measurement, days from the file reference point
iron, ng/m3, Revision date=20181210133000
numflag iron, no unit, Revision date=20181210133000
lead, ng/m3, Revision date=20181210133000
numflag lead, no unit, Revision date=20181210133000
magnesium, ug/m3, Revision date=20181210133000
numflag magnesium, no unit, Revision date=20181210133000
nickel, ng/m3, Revision date=20181210133000
numflag nickel, no unit, Revision date=20181210133000
nitrate, ug N/m3, Revision date=20181210133000
numflag nitrate, no unit, Revision date=20181210133000
organic_carbon, ug C/m3, Revision date=20181210133000
numflag organic_carbon, no unit, Revision date=20181210133000
organic_mass, ug/m3, Revision date=20181210133000
numflag organic_mass, no unit, Revision date=20181210133000
phosphorus, ng/m3, Revision date=20181210133000
numflag phosphorus, no unit, Revision date=20181210133000
pm10_mass, ug/m3, Version=2, Version description=Data extracted from http://views.cira.colostate.edu/fed/DataWizard 2019-12-16, Sample duration=1d, Orig. time res.=3d, Matrix=pm10, Blank correction=Blank corrected, Volume std. temperature=ambient, Volume std. pressure=ambient
numflag pm10_mass, no unit, Version=2, Version description=Data extracted from http://views.cira.colostate.edu/fed/DataWizard 2019-12-16, Sample duration=1d, Orig. time res.=3d, Matrix=pm10, Blank correction=Blank corrected, Volume std. temperature=ambient, Volume std. pressure=ambient
pm10_pm25_mass, ug/m3, Revision date=20181210133000, Matrix=pm10_pm25
numflag pm10_pm25_mass, no unit, Revision date=20181210133000, Matrix=pm10_pm25
pm25_mass, ug/m3, Version=2, Version description=Data extracted from http://views.cira.colostate.edu/fed/DataWizard 2019-12-16, Sample duration=1d, Orig. time res.=3d, Blank correction=Blank corrected, Volume std. temperature=ambient, Volume std. pressure=ambient
numflag pm25_mass, no unit, Version=2, Version description=Data extracted from http://views.cira.colostate.edu/fed/DataWizard 2019-12-16, Sample duration=1d, Orig. time res.=3d, Blank correction=Blank corrected, Volume std. temperature=ambient, Volume std. pressure=ambient
potassium, ug/m3, Revision date=20181210133000
numflag potassium, no unit, Revision date=20181210133000
sulphate_total, ug S/m3, Revision date=20181210133000
numflag sulphate_total, no unit, Revision date=20181210133000
0
25
Data definition:              EBAS_1.1
Set type code:                TU
Timezone:                     UTC
File name:                    US0051R.20040101060000.20191216000000.filterpack..pm25.52w.1w.US03L_filterpack_US0051.US03L_IMPROVE_Davis.lev2.nas
File creation:                20191218115830
Startdate:                    20040101060000
Revision date:                20191216000000
Statistics:                   arithmetic mean
Data level:                   2
Period code:                  52w
Resolution code:              1w
Station code:                 US0051R
Platform code:                US0051S
Station name:                 El Dorado Springs
Station latitude:             37.7009
Station longitude:            -94.0348
Station altitude:             297.0 m
Regime:                       IMG
Component:                    
Matrix:                       pm25
Laboratory code:              US03L
Instrument type:              filterpack
Instrument name:              filterpack_US0051
Method ref:                   US03L_IMPROVE_Davis
starttime endtime Fe flag_Fe Pb flag_Pb Mg++ flag_Mg++ Ni flag_Ni NO3- flag_NO3- OC flag_OC OM flag_OM P flag_P PM10 flag_PM10 PM10-PM2.5 flag_PM10-PM2.5 PM2.5 flag_PM2.5 K+ flag_K+ SO4-- flag_SO4--
  0.25   1.25   20.01 0.000  1.84 0.000 9.999 0.259000 0.36 0.000000  0.395 0.000   1.849 0.000   2.588 0.000 999.99 0.259000  12.891 0.000   3.817 0.000   9.074 0.000 0.073 0.000  1.018 0.000
  3.25   4.25    8.76 0.000  1.77 0.000 9.999 0.259000 9.99 0.259000  0.405 0.000   0.775 0.000   1.085 0.000 999.99 0.259000   7.580 0.000   1.772 0.000   5.808 0.000 0.023 0.000  0.524 0.000
  6.25   7.25   29.50 0.000  1.87 0.000 9.999 0.259000 0.13 0.000000  0.449 0.000   1.914 0.000   2.680 0.000 999.99 0.259000  16.650 0.000   9.798 0.000   6.852 0.000 0.059 0.000  0.195 0.000
  9.25  10.25   53.87 0.000  6.32 0.000 9.999 0.259000 9.99 0.259000  2.299 0.000   3.196 0.000   4.475 0.000 999.99 0.259000  30.748 0.000   6.442 0.000  24.306 0.000 0.090 0.000  1.284 0.000
 12.25  13.25   28.89 0.000  3.27 0.000 9.999 0.259000 0.10 0.000000  0.823 0.000   2.327 0.000   3.258 0.000 999.99 0.259000  11.793 0.000   3.485 0.000   8.308 0.000 0.052 0.000  0.304 0.000
 15.25  16.25   12.99 0.000  1.61 0.000 9.999 0.259000 0.09 0.000000  0.519 0.000   2.418 0.000   3.385 0.000 999.99 0.259000  11.078 0.000   1.973 0.000   9.105 0.000 0.057 0.000  0.522 0.000
 18.25  19.25   23.61 0.000  0.92 0.000 9.999 0.259000 9.99 0.259000  0.271 0.000   0.951 0.000   1.331 0.000 999.99 0.259000   8.827 0.000   4.380 0.000   4.447 0.000 0.037 0.000  0.268 0.000
 21.25  22.25   20.42 0.000  1.00 0.000 9.999 0.259000 0.09 0.000000  0.384 0.000   0.983 0.000   1.376 0.000 999.99 0.259000   9.425 0.000   4.125 0.000   5.300 0.000 0.029 0.000  0.286 0.000
 24.25  25.25   23.18 0.000  2.38 0.000 9.999 0.259000 0.14 0.000000  0.553 0.000   1.452 0.000   2.033 0.000 999.99 0.259000   8.887 0.000   0.510 0.000   8.377 0.000 0.038 0.000  0.789 0.000
 27.25  28.25   36.61 0.000  2.74 0.000 9.999 0.259000 0.15 0.000000  1.108 0.000   2.145 0.000   3.003 0.000 999.99 0.259000  18.166 0.000   5.450 0.000  12.716 0.000 0.066 0.000  0.562 0.000
 30.25  31.25   22.27 0.000  3.45 0.000 9.999 0.259000 0.13 0.000000  0.585 0.000   2.049 0.000   2.869 0.000 999.99 0.259000  12.425 0.000   4.436 0.000   7.989 0.000 0.061 0.000  0.459 0.000
 33.25  34.25   20.97 0.000  2.58 0.000 9.999 0.259000 9.99 0.259000  1.187 0.559   2.014 0.000   2.820 0.000 999.99 0.259000  12.471 0.000   1.274 0.000  11.197 0.000 0.039 0.000  0.724 0.559
 36.25  37.25   35.73 0.000  2.33 0.000 9.999 0.259000 0.20 0.000000  0.784 0.000   1.670 0.000   2.338 0.000 999.99 0.259000  15.404 0.000   1.821 0.000  13.583 0.000 0.039 0.000  1.678 0.000
 39.25  40.25   37.03 0.000  1.48 0.000 9.999 0.259000 0.25 0.000000  0.603 0.000   1.332 0.000   1.864 0.000 999.99 0.259000   8.483 0.000   1.446 0.000   7.037 0.000 0.040 0.000  0.471 0.000
 42.25  43.25   56.43 0.000  1.82 0.000 9.999 0.259000 0.14 0.000000  0.682 0.000   0.927 0.000   1.298 0.000 999.99 0.259000  13.005 0.000   4.541 0.000   8.464 0.000 0.032 0.000  0.658 0.000
 45.25  46.25   23.44 0.000  2.33 0.000 9.999 0.259000 0.13 0.000000  2.270 0.000   2.128 0.000   2.979 0.000 999.99 0.259000  23.475 0.000   4.915 0.000  18.559 0.000 0.049 0.000  0.728 0.000
 48.25  49.25   22.55 0.000  1.84 0.000 9.999 0.259000 0.13 0.000000  2.180 0.000   2.949 0.000   4.129 0.000 999.99 0.259000  24.554 0.000   5.042 0.000  19.512 0.000 0.045 0.000  1.208 0.000
 51.25  52.25   23.26 0.000  2.14 0.000 0.048 0.000000 9.99 0.259000  0.792 0.000   1.657 0.000   2.320 0.000 999.99 0.259000  10.684 0.000   3.428 0.000   7.256 0.000 0.054 0.000  0.427 0.000
 54.25  55.25    8.63 0.000  1.54 0.000 9.999 0.259000 0.05 0.000000  0.886 0.000   0.835 0.000   1.168 0.000 999.99 0.259000  12.999 0.000   1.253 0.000  11.746 0.000 0.018 0.000  1.614 0.000
 57.25  58.25   38.63 0.000  4.09 0.000 9.999 0.259000 0.15 0.000000  0.810 0.559   8.992 0.000  12.588 0.000 999.99 0.259000  29.409 0.000   7.933 0.000  21.476 0.000 0.094 0.000  1.030 0.559
 60.25  61.25   11.29 0.000  0.71 0.000 9.999 0.259000 9.99 0.259000  0.131 0.000   0.579 0.000   0.810 0.000 999.99 0.259000   7.271 0.000   4.667 0.000   2.604 0.000 0.013 0.000  0.291 0.000
 63.25  64.25   10.54 0.000  1.26 0.000 9.999 0.259000 9.99 0.259000  0.148 0.000   0.950 0.000   1.330 0.000 999.99 0.259000   6.822 0.000   2.536 0.000   4.285 0.000 0.048 0.000  0.422 0.000
 66.25  67.25   13.84 0.000  0.83 0.000 9.999 0.259000 9.99 0.259000  0.045 0.559   0.293 0.000   0.411 0.000 999.99 0.259000   6.410 0.000   4.742 0.000   1.668 0.000 0.011 0.000  0.137 0.559
 69.25  70.25   29.49 0.000  2.72 0.000 9.999 0.259000 0.13 0.000000  0.521 0.000   2.504 0.000   3.505 0.000 999.99 0.259000  17.550 0.000   8.855 0.000   8.696 0.000 0.040 0.000  0.705 0.000
 72.25  73.25   52.39 0.000  3.21 0.000 9.999 0.259000 0.11 0.000000  0.728 0.000  10.239 0.000  14.335 0.000 999.99 0.259000  25.505 0.000   4.640 0.000  20.865 0.000 0.110 0.000  0.372 0.000
 75.25  76.25   37.88 0.000  1.86 0.000 9.999 0.259000 0.15 0.000000  0.790 0.000   0.733 0.000   1.026 0.000 999.99 0.259000   9.581 0.000   0.110 0.000   9.471 0.000 0.022 0.000  1.096 0.000
 78.25  79.25   48.34 0.000  3.26 0.000 9.999 0.259000 0.23 0.000000  0.187 0.000   2.821 0.000   3.950 0.000 999.99 0.259000  15.873 0.000   6.378 0.000   9.495 0.000 0.091 0.000  0.926 0.000
 81.25  82.25   52.00 0.000  2.83 0.000 0.030 0.000000 0.10 0.000000  0.282 0.000   2.496 0.000   3.494 0.000 999.99 0.259000  15.594 0.000   8.193 0.000   7.401 0.000 0.069 0.000  0.429 0.000
 84.25  85.25   32.82 0.000  1.58 0.000 9.999 0.259000 0.28 0.000000  0.225 0.000   1.989 0.000   2.784 0.000 999.99 0.259000  17.154 0.000   5.436 0.000  11.719 0.000 0.065 0.000  1.600 0.000
 87.25  88.25   51.80 0.000  1.58 0.000 9.999 0.259000 9.99 0.259000  0.083 0.000   0.627 0.000   0.878 0.000 999.99 0.259000   5.043 0.000   2.080 0.000   2.963 0.000 0.029 0.000  0.203 0.000
 90.25  91.25   14.93 0.000  0.89 0.000 9.999 0.259000 9.99 0.259000  0.415 0.000   0.615 0.000   0.861 0.000 999.99 0.259000   7.854 0.000   2.384 0.000   5.470 0.000 0.017 0.000  0.865 0.000
 93.25  94.25   48.21 0.000  3.08 0.000 9.999 0.259000 0.08 0.000000  0.582 0.000   2.616 0.000   3.662 0.000 999.99 0.259000  18.725 0.000  10.190 0.000   8.535 0.000 0.072 0.000  0.598 0.000
 96.25  97.25  119.24 0.559  4.03 0.559 9.999 0.559259 9.99 0.559259  0.566 0.000  14.374 0.000  20.123 0.000 999.99 0.559259  46.941 0.000  15.061 0.000  31.880 0.559 0.185 0.559  0.788 0.000
 99.25 100.25  108.12 0.000  2.92 0.000 9.999 0.259000 9.99 0.259000  0.232 0.000   2.554 0.000   3.575 0.000  51.55 0.000000  28.770 0.000  19.965 0.000   8.805 0.000 0.095 0.000  0.464 0.000
102.25 103.25   25.55 0.000  2.52 0.000 9.999 0.259000 9.99 0.259000  0.435 0.000   1.173 0.000   1.642 0.000 999.99 0.259000  14.834 0.000   8.324 0.000   6.510 0.000 0.036 0.000  0.768 0.000
105.25 106.25   69.56 0.000  2.82 0.000 9.999 0.259000 9.99 0.259000  0.221 0.000   2.434 0.000   3.407 0.000 999.99 0.259000  25.682 0.000  14.984 0.000  10.698 0.000 0.078 0.000  1.027 0.000
108.25 109.25   52.65 0.000  1.62 0.000 9.999 0.259000 0.34 0.000000  0.119 0.000   1.857 0.000   2.600 0.000 999.99 0.259000  27.209 0.000  15.183 0.000  12.027 0.000 0.086 0.000  1.685 0.000
111.25 112.25   56.71 0.000  1.51 0.000 9.999 0.259000 9.99 0.259000  0.154 0.000   0.782 0.000   1.095 0.000 999.99 0.259000  11.493 0.000   6.666 0.000   4.827 0.000 0.050 0.000  0.501 0.000
114.25 115.25   11.52 0.000  1.33 0.000 9.999 0.259000 9.99 0.259000  0.034 0.000   0.538 0.000   0.754 0.000 999.99 0.259000   5.270 0.000   2.831 0.000   2.438 0.000 0.017 0.000  0.356 0.000
117.25 118.25   41.48 0.000  2.17 0.000 0.058 0.000000 9.99 0.259000  0.107 0.000   1.174 0.000   1.644 0.000 999.99 0.259000  14.284 0.000   9.689 0.000   4.596 0.000 0.054 0.000  0.343 0.000
120.25 121.25   59.91 0.000  3.21 0.000 9.999 0.259000 9.99 0.259000  0.242 0.000   1.341 0.000   1.878 0.000 999.99 0.259000  15.523 0.000   6.873 0.000   8.650 0.000 0.051 0.000  1.218 0.000
123.25 124.25   17.63 0.000  1.77 0.000 9.999 0.259000 9.99 0.259000  0.462 0.000   0.723 0.000   1.012 0.000 999.99 0.259000   8.506 0.000   4.463 0.000   4.043 0.000 0.021 0.000  0.533 0.000
126.25 127.25   51.25 0.000  1.90 0.000 9.999 0.259000 0.09 0.000000  0.087 0.000   1.619 0.000   2.267 0.000 999.99 0.259000  20.630 0.000  11.257 0.000   9.373 0.000 0.052 0.000  1.191 0.000
129.25 130.25   66.98 0.000  2.26 0.000 9.999 0.259000 0.49 0.000000  0.131 0.000   2.012 0.000   2.816 0.000 999.99 0.259000  24.001 0.000   9.620 0.000  14.380 0.000 0.071 0.000  2.224 0.000
132.25 133.25   23.37 0.000  2.03 0.000 0.061 0.000000 0.28 0.000000  0.090 0.000   1.211 0.000   1.695 0.000 999.99 0.259000  10.232 0.000   4.007 0.000   6.225 0.000 0.045 0.000  0.863 0.000
135.25 136.25   12.98 0.000  2.41 0.000 9.999 0.259000 0.11 0.000000  0.134 0.000   0.964 0.000   1.350 0.000 999.99 0.259000   6.739 0.000   3.555 0.000   3.184 0.000 0.017 0.000  0.406 0.000
138.25 139.25   35.85 0.000  0.89 0.000 9.999 0.259000 0.35 0.000000  0.116 0.000   1.189 0.000   1.665 0.000 999.99 0.259000  14.445 0.000   6.480 0.000   7.966 0.000 0.058 0.000  1.201 0.000
141.25 142.25   58.04 0.000  1.79 0.000 0.074 0.000000 0.29 0.000000  0.153 0.000   1.472 0.000   2.060 0.000 999.99 0.259000  24.285 0.000  13.024 0.000  11.261 0.000 0.058 0.000  1.682 0.000
144.25 145.25   45.15 0.000  0.82 0.000 9.999 0.259000 0.30 0.000000  0.134 0.000   1.649 0.000   2.309 0.000 999.99 0.259000  23.920 0.000  12.199 0.000  11.721 0.000 0.081 0.000  1.725 0.000
147.25 148.25   34.47 0.000  1.41 0.000 0.057 0.000000 0.22 0.000000  0.114 0.000   2.133 0.000   2.986 0.000 999.99 0.259000  18.275 0.000   8.018 0.000  10.257 0.000 0.122 0.000  1.145 0.000
150.25 151.25   44.15 0.000  0.82 0.000 9.999 0.259000 0.32 0.000000  0.074 0.000   2.068 0.000   2.895 0.000 999.99 0.259000  22.377 0.000  10.168 0.000  12.208 0.000 0.140 0.000  1.558 0.000
153.25 154.25   81.04 0.559  0.77 0.559 9.999 0.559259 9.99 0.559259  0.038 0.000   1.402 0.000   1.963 0.000  38.39 0.559000  22.529 0.000  17.313 0.000   5.216 0.559 0.036 0.559  0.303 0.000
156.25 157.25   62.96 0.000  2.39 0.000 0.066 0.000000 9.99 0.259000  0.097 0.000   2.625 0.000   3.675 0.000 999.99 0.259000  26.526 0.000  13.657 0.000  12.870 0.000 0.074 0.000  1.410 0.000
159.25 160.25   96.31 0.000  0.57 0.000 9.999 0.259000 0.34 0.000000  0.086 0.000   1.056 0.000   1.478 0.000 999.99 0.259000  19.017 0.000  11.574 0.000   7.443 0.000 0.080 0.000  0.908 0.000
162.25 163.25   94.77 0.000  0.95 0.000 9.999 0.259000 0.23 0.000000  0.131 0.000   1.473 0.000   2.063 0.000 999.99 0.259000  19.057 0.000   9.277 0.000   9.780 0.000 0.087 0.000  1.237 0.000
165.25 166.25   77.37 0.000  1.05 0.000 9.999 0.259000 0.11 0.000000  0.076 0.000   1.503 0.000   2.104 0.000 999.99 0.259000  17.926 0.000   9.612 0.000   8.314 0.000 0.053 0.000  0.850 0.000
168.25 169.25   44.85 0.000  3.72 0.000 9.999 0.259000 0.10 0.000000  0.116 0.000   2.559 0.000   3.583 0.000 999.99 0.259000  17.846 0.000   7.588 0.000  10.257 0.000 0.104 0.000  1.106 0.000
171.25 172.25   37.56 0.000  3.72 0.000 9.999 0.259000 0.10 0.000000  0.056 0.000   1.775 0.000   2.485 0.000 999.99 0.259000  20.308 0.000  12.399 0.000   7.910 0.000 0.046 0.000  0.813 0.000
174.25 175.25   37.42 0.000  1.76 0.000 9.999 0.259000 0.13 0.000000  0.059 0.000   1.118 0.000   1.565 0.000 999.99 0.259000  17.544 0.000  12.925 0.000   4.619 0.000 0.042 0.000  0.375 0.000
177.25 178.25   87.42 0.000  1.60 0.000 9.999 0.259000 0.14 0.000000  0.046 0.000   1.135 0.000   1.589 0.000  40.88 0.000000  38.174 0.000  32.074 0.000   6.100 0.000 0.056 0.000  0.404 0.000
180.25 181.25   37.29 0.000  2.80 0.000 9.999 0.259000 9.99 0.259000  0.052 0.559   1.674 0.000   2.343 0.000 999.99 0.259000  23.228 0.000  11.607 0.000  11.621 0.000 0.058 0.000  1.611 0.559
183.25 184.25   21.26 0.000  1.31 0.000 9.999 0.259000 9.99 0.259000  0.043 0.000   0.766 0.000   1.072 0.000 999.99 0.259000   7.802 0.000   3.541 0.000   4.261 0.000 0.029 0.000  0.477 0.000
186.25 187.25  230.40 0.000  4.23 0.000 9.999 0.259000 9.99 0.259000  0.106 0.000   1.798 0.000   2.517 0.000 999.99 0.259000  22.377 0.000  10.129 0.000  12.248 0.000 0.422 0.000  1.016 0.000
189.25 190.25   35.58 0.000  0.71 0.000 9.999 0.259000 9.99 0.259000  0.046 0.000   1.042 0.000   1.459 0.000 999.99 0.259000  13.440 0.000   7.732 0.000   5.708 0.000 0.042 0.000  0.518 0.000
192.25 193.25   83.07 0.000  2.16 0.000 9.999 0.259000 0.24 0.000000  0.074 0.000   1.893 0.000   2.650 0.000 999.99 0.259000  20.468 0.000   9.113 0.000  11.355 0.000 0.062 0.000  1.477 0.000
195.25 196.25  139.29 0.000  3.25 0.000 9.999 0.259000 9.99 0.259000  0.073 0.000   1.696 0.000   2.374 0.000 999.99 0.259000  25.544 0.000  17.123 0.000   8.421 0.000 0.074 0.000  0.531 0.000
198.25 199.25   18.78 0.000  0.73 0.000 9.999 0.259000 0.08 0.000000  0.046 0.000   2.087 0.000   2.921 0.000 999.99 0.259000  12.833 0.000   6.423 0.000   6.410 0.000 0.047 0.000  0.493 0.000
201.25 202.25   82.63 0.000  3.90 0.000 9.999 0.259000 9.99 0.259000  0.073 0.000   5.431 0.000   7.604 0.000 999.99 0.259000  38.781 0.000  21.862 0.000  16.919 0.000 0.114 0.000  1.163 0.000
204.25 205.25   65.02 0.000  1.52 0.000 9.999 0.259000 9.99 0.259000  0.035 0.000   1.544 0.000   2.161 0.000 999.99 0.259000  22.945 0.000  15.156 0.000   7.789 0.000 0.047 0.000  0.791 0.000
207.25 208.25   16.29 0.000  2.92 0.000 9.999 0.259000 9.99 0.259000  0.056 0.000   1.838 0.000   2.573 0.000 999.99 0.259000  12.286 0.000   4.010 0.000   8.276 0.000 0.033 0.000  0.968 0.000
210.25 211.25   30.86 0.000  2.77 0.000 9.999 0.259000 0.15 0.000000  0.093 0.000   3.463 0.000   4.848 0.000 999.99 0.259000  20.012 0.000   2.021 0.000  17.991 0.000 0.054 0.000  2.311 0.000
213.25 214.25   30.73 0.000  1.56 0.000 9.999 0.259000 9.99 0.259000  0.045 0.000   2.908 0.000   4.071 0.000 999.99 0.259000  18.925 0.000   7.712 0.000  11.213 0.000 0.054 0.000  1.151 0.000
216.25 217.25   56.93 0.000  2.99 0.000 9.999 0.259000 9.99 0.259000  0.060 0.000   2.791 0.000   3.907 0.000 999.99 0.259000  19.771 0.000   4.967 0.000  14.804 0.000 0.055 0.000  2.033 0.000
219.25 220.25   62.66 0.000  3.68 0.000 9.999 0.259000 9.99 0.259000  0.054 0.000   2.179 0.000   3.051 0.000 999.99 0.259000  30.449 0.000  19.922 0.000  10.527 0.000 0.055 0.000  1.123 0.000
222.25 223.25   72.30 0.000  2.63 0.000 9.999 0.259000 0.08 0.000000  0.099 0.000   1.618 0.000   2.265 0.000  73.27 0.000000  26.843 0.000  18.722 0.000   8.121 0.000 0.047 0.000  0.825 0.000
225.25 226.25   49.19 0.000  1.54 0.000 9.999 0.259000 9.99 0.259000  0.047 0.000   0.963 0.000   1.348 0.000 999.99 0.259000  19.888 0.000  14.070 0.000   5.818 0.000 0.032 0.000  0.682 0.000
228.25 229.25   39.14 0.000  2.79 0.000 9.999 0.259000 9.99 0.259000  0.133 0.000   3.321 0.000   4.649 0.000 999.99 0.259000  22.672 0.000   9.738 0.000  12.933 0.000 0.077 0.000  1.349 0.000
231.25 232.25   58.01 0.000  2.11 0.000 9.999 0.259000 0.17 0.000000  0.111 0.000   3.472 0.000   4.861 0.000 999.99 0.259000  23.774 0.000   7.812 0.000  15.963 0.000 0.086 0.000  1.674 0.000
234.25 235.25   25.05 0.000  1.09 0.000 9.999 0.259000 0.09 0.000000  0.048 0.000   1.341 0.000   1.877 0.000 999.99 0.259000  15.107 0.000   6.396 0.000   8.712 0.000 0.038 0.000  0.900 0.000
237.25 238.25   61.22 0.000  1.56 0.000 9.999 0.259000 0.32 0.000000  0.087 0.000   1.680 0.000   2.352 0.000 999.99 0.259000  19.970 0.000  10.297 0.000   9.674 0.000 0.072 0.000  1.335 0.000
240.25 241.25  316.31 0.000  2.34 0.000 0.121 0.000000 0.07 0.000000  0.064 0.000   1.372 0.000   1.921 0.000 999.99 0.259000  21.495 0.000  12.335 0.000   9.159 0.000 0.132 0.000  0.622 0.000
243.25 244.25   47.37 0.000  0.73 0.000 9.999 0.259000 9.99 0.259000  0.039 0.000   1.233 0.000   1.726 0.000 999.99 0.259000  22.073 0.000  15.956 0.000   6.117 0.000 0.034 0.000  0.578 0.000
