scripts/IMPROVE-2019_partial/data/US0014R.19980103070000.20191216000000.filterpack...1y.3d.US03L_filterpack_US0014.US03L_IMPROVE_Davis.lev2.nas
51 1001
MISSING INFORMATION
US03L, IMPROVE, , , , , , , 
MISSING INFORMATION
IMPROVE sel_HTAP
1 1
1998 01 01 2019 12 16
0
days from file reference point
4
1 1 1 1
999.999999 999.999 999.999 9.999
end_time of measurement, days from the file reference point
pm10_mass, ug/m3, Matrix=pm10
pm25_mass, ug/m3, Matrix=pm25
numflag, no unit
0
33
Data definition:              EBAS_1.1
Set type code:                TI
Timezone:                     UTC
File name:                    US0014R.19980103070000.20191216000000.filterpack...1y.3d.US03L_filterpack_US0014.US03L_IMPROVE_Davis.lev2.nas
File creation:                20191218115618
Startdate:                    19980103070000
Revision date:                20191216000000
Version:                      2
Version description:          "Data extracted from http://views.cira.colostate.edu/fed/DataWizard 2019-12-16"
Statistics:                   arithmetic mean
Data level:                   2
Period code:                  1y
Resolution code:              3d
Sample duration:              1d
Orig. time res.:              3d
Station code:                 US0014R
Platform code:                US0014S
Station name:                 Indian Gardens
Station latitude:             36.0778
Station longitude:            -112.1288
Station altitude:             1166.0 m
Regime:                       IMG
Component:                    
Unit:                         ug/m3
Matrix:                       
Laboratory code:              US03L
Instrument type:              filterpack
Instrument name:              filterpack_US0014
Method ref:                   US03L_IMPROVE_Davis
Blank correction:             Blank corrected
Volume std. temperature:      ambient
Volume std. pressure:         ambient
starttime endtime PM10 PM2.5 flag
  2.291667   3.291667 999.999 999.999 0.999
  6.291667   7.291667 999.999 999.999 0.999
  9.291667  10.291667 999.999 999.999 0.999
 13.291667  14.291667  12.034   3.645 0.000
 16.291667  17.291667   7.425   5.762 0.000
 20.291667  21.291667   5.521   1.177 0.000
 23.291667  24.291667  28.485   2.824 0.000
 27.291667  28.291667   3.587   1.931 0.000
 30.291667  31.291667   4.941   1.259 0.000
 34.291667  35.291667   6.138   4.402 0.000
 37.291667  38.291667   3.495   1.232 0.000
 41.291667  42.291667   1.505   1.366 0.000
 44.291667  45.291667   6.944   2.903 0.000
 48.291667  49.291667  12.414   1.990 0.000
 51.291667  52.291667   6.494   3.041 0.000
 55.291667  56.291667   1.030   1.366 0.000
 58.291667  59.291667   5.600   3.214 0.000
 62.291667  63.291667   8.165   3.689 0.000
 65.291667  66.291667   3.772   1.367 0.000
 69.291667  70.291667   7.552   1.302 0.000
 72.291667  73.291667   6.825   3.425 0.000
 76.291667  77.291667   2.674   1.312 0.000
 79.291667  80.291667   4.873   2.240 0.000
 83.291667  84.291667  13.491   3.422 0.000
 86.291667  87.291667   9.216   1.481 0.000
 90.291667  91.291667  12.265   4.057 0.000
 93.291667  94.291667   6.674   2.510 0.000
 97.291667  98.291667   2.186   1.569 0.000
100.291667 101.291667 999.999 999.999 0.999
104.291667 105.291667 999.999 999.999 0.999
107.291667 108.291667 999.999   1.502 0.000
111.291667 112.291667  15.738   7.903 0.000
114.291667 115.291667   6.479   3.902 0.000
118.291667 119.291667  17.673   3.944 0.000
121.291667 122.291667  30.582  11.954 0.000
125.291667 126.291667   6.274   1.846 0.000
128.291667 129.291667   8.271   4.514 0.000
132.291667 133.291667   6.867   3.062 0.000
135.291667 136.291667  10.816   3.345 0.000
139.291667 140.291667  13.261   9.437 0.000
142.291667 143.291667   8.514   3.622 0.000
146.291667 147.291667  14.213   7.015 0.000
149.291667 150.291667   6.944   2.939 0.000
153.291667 154.291667  13.600   8.387 0.000
156.291667 157.291667   9.873   4.059 0.000
160.291667 161.291667  11.440   4.451 0.000
163.291667 164.291667  23.674   3.788 0.000
167.291667 168.291667   5.493   2.693 0.000
170.291667 171.291667   6.120   2.699 0.000
174.291667 175.291667  15.625   3.523 0.000
177.291667 178.291667  17.124   3.794 0.000
181.291667 182.291667  17.001   6.515 0.000
184.291667 185.291667  16.583   6.713 0.000
188.291667 189.291667  12.264   5.890 0.000
191.291667 192.291667 999.999 999.999 0.999
195.291667 196.291667  11.343   5.076 0.000
198.291667 199.291667  12.370   5.574 0.000
202.291667 203.291667 999.999 999.999 0.999
205.291667 206.291667 999.999 999.999 0.999
209.291667 210.291667 999.999 999.999 0.999
212.291667 213.291667   8.146   4.033 0.000
216.291667 217.291667   8.758   6.490 0.000
219.291667 220.291667  12.751   3.568 0.000
223.291667 224.291667   8.681   4.742 0.000
226.291667 227.291667   8.640   5.200 0.000
230.291667 231.291667  10.714   4.946 0.000
233.291667 234.291667  13.333   5.615 0.000
237.291667 238.291667  11.096   6.850 0.000
240.291667 241.291667  12.968   7.203 0.000
244.291667 245.291667   6.274   4.467 0.000
247.291667 248.291667  12.508   3.606 0.000
251.291667 252.291667   9.507   5.896 0.000
254.291667 255.291667   5.782   3.799 0.000
258.291667 259.291667   7.495   5.270 0.000
261.291667 262.291667   8.688   3.627 0.000
265.291667 266.291667   4.732   4.112 0.000
268.291667 269.291667   6.343   3.611 0.000
272.291667 273.291667 999.999 999.999 0.999
275.291667 276.291667 999.999 999.999 0.999
279.291667 280.291667   9.895   3.426 0.000
282.291667 283.291667  14.336   5.629 0.000
286.291667 287.291667  10.432   4.650 0.000
289.291667 290.291667   2.520   1.744 0.000
293.291667 294.291667 999.999 999.999 0.999
296.291667 297.291667 999.999 999.999 0.999
300.291667 301.291667 999.999 999.999 0.999
303.291667 304.291667 999.999 999.999 0.999
307.291667 308.291667   4.311   1.744 0.000
310.291667 311.291667   8.672   4.325 0.000
314.291667 315.291667  11.552   2.740 0.000
317.291667 318.291667   6.557   3.114 0.000
321.291667 322.291667   4.056   2.656 0.000
324.291667 325.291667   3.803   2.368 0.000
328.291667 329.291667   4.838   2.105 0.000
331.291667 332.291667  13.636   2.867 0.000
335.291667 336.291667 999.999 999.999 0.999
338.291667 339.291667 999.999 999.999 0.999
342.291667 343.291667 999.999 999.999 0.999
345.291667 346.291667 999.999 999.999 0.999
349.291667 350.291667 999.999 999.999 0.999
352.291667 353.291667 999.999 999.999 0.999
356.291667 357.291667 999.999 999.999 0.999
359.291667 360.291667 999.999 999.999 0.999
363.291667 364.291667 999.999 999.999 0.999
