scripts/IMPROVE-2019_partial/data/US0013R.20050101070000.20191216000000.filterpack..pm25.52w.1w.US03L_filterpack_US0013.US03L_IMPROVE_Davis.lev2.nas
64 1001
MISSING INFORMATION
US03L, IMPROVE, , , , , , , 
MISSING INFORMATION
IMPROVE sel_HTAP
1 1
2005 01 01 2019 12 16
3.000000
days from file reference point
25
1 1 1 1 1 1 1 1 1 1 1 1 1 1 1 1 1 1 1 1 1 1 1 1 1
999.999999 9999.99 9.999 999.99 9.999 9.999 9.999999 9.99 9.999999 9.999 9.999 99.999 9.999 999.999 9.999 999.999 9.999 99.999 9.999 999.999 9.999 9.999 9.999 9.999 9.999
end_time of measurement, days from the file reference point
iron, ng/m3, Revision date=20181210133000
numflag iron, no unit, Revision date=20181210133000
lead, ng/m3, Revision date=20181210133000
numflag lead, no unit, Revision date=20181210133000
magnesium, ug/m3, Revision date=20181210133000
numflag magnesium, no unit, Revision date=20181210133000
nickel, ng/m3, Revision date=20181210133000
numflag nickel, no unit, Revision date=20181210133000
nitrate, ug N/m3, Revision date=20181210133000
numflag nitrate, no unit, Revision date=20181210133000
organic_carbon, ug C/m3, Revision date=20181210133000
numflag organic_carbon, no unit, Revision date=20181210133000
organic_mass, ug/m3, Revision date=20181210133000
numflag organic_mass, no unit, Revision date=20181210133000
pm10_mass, ug/m3, Version=2, Version description=Data extracted from http://views.cira.colostate.edu/fed/DataWizard 2019-12-16, Sample duration=1d, Orig. time res.=3d, Matrix=pm10, Blank correction=Blank corrected, Volume std. temperature=ambient, Volume std. pressure=ambient
numflag pm10_mass, no unit, Version=2, Version description=Data extracted from http://views.cira.colostate.edu/fed/DataWizard 2019-12-16, Sample duration=1d, Orig. time res.=3d, Matrix=pm10, Blank correction=Blank corrected, Volume std. temperature=ambient, Volume std. pressure=ambient
pm10_pm25_mass, ug/m3, Revision date=20181210133000, Matrix=pm10_pm25
numflag pm10_pm25_mass, no unit, Revision date=20181210133000, Matrix=pm10_pm25
pm25_mass, ug/m3, Version=2, Version description=Data extracted from http://views.cira.colostate.edu/fed/DataWizard 2019-12-16, Sample duration=1d, Orig. time res.=3d, Blank correction=Blank corrected, Volume std. temperature=ambient, Volume std. pressure=ambient
numflag pm25_mass, no unit, Version=2, Version description=Data extracted from http://views.cira.colostate.edu/fed/DataWizard 2019-12-16, Sample duration=1d, Orig. time res.=3d, Blank correction=Blank corrected, Volume std. temperature=ambient, Volume std. pressure=ambient
potassium, ug/m3, Revision date=20181210133000
numflag potassium, no unit, Revision date=20181210133000
sulphate_total, ug S/m3, Revision date=20181210133000
numflag sulphate_total, no unit, Revision date=20181210133000
0
25
Data definition:              EBAS_1.1
Set type code:                TU
Timezone:                     UTC
File name:                    US0013R.20050101070000.20191216000000.filterpack..pm25.52w.1w.US03L_filterpack_US0013.US03L_IMPROVE_Davis.lev2.nas
File creation:                20191218115614
Startdate:                    20050101070000
Revision date:                20191216000000
Statistics:                   arithmetic mean
Data level:                   2
Period code:                  52w
Resolution code:              1w
Station code:                 US0013R
Platform code:                US0013S
Station name:                 Hance Camp at Grand Canyon NP
Station latitude:             35.9731
Station longitude:            -111.9841
Station altitude:             2267.0 m
Regime:                       IMG
Component:                    
Matrix:                       pm25
Laboratory code:              US03L
Instrument type:              filterpack
Instrument name:              filterpack_US0013
Method ref:                   US03L_IMPROVE_Davis
starttime endtime Fe flag_Fe Pb flag_Pb Mg++ flag_Mg++ Ni flag_Ni NO3- flag_NO3- OC flag_OC OM flag_OM PM10 flag_PM10 PM10-PM2.5 flag_PM10-PM2.5 PM2.5 flag_PM2.5 K+ flag_K+ SO4-- flag_SO4--
[from data line 88]
264.291667 265.291667   20.14 0.000   0.68 0.000 9.999 0.259000 0.14 0.000000 0.015 0.000  0.251 0.000   0.452 0.000   4.570 0.000  1.696 0.000   2.873 0.000 0.015 0.000 0.437 0.000
267.291667 268.291667   25.37 0.000  11.93 0.000 9.999 0.259000 0.04 0.000000 0.011 0.000  0.153 0.000   0.276 0.000   4.047 0.000  2.091 0.000   1.955 0.000 0.025 0.000 0.171 0.000
270.291667 271.291667   18.71 0.000   0.78 0.000 9.999 0.259000 0.11 0.000000 0.017 0.000  0.221 0.000   0.397 0.000   4.057 0.000  1.746 0.000   2.310 0.000 0.016 0.000 0.292 0.000
273.291667 274.291667   29.06 0.000   0.44 0.000 0.011 0.000000 0.12 0.000000 0.014 0.000  0.657 0.000   1.182 0.000   4.811 0.000  1.953 0.000   2.857 0.000 0.024 0.000 0.231 0.000
276.291667 277.291667   20.90 0.000   0.37 0.000 0.014 0.000000 0.27 0.000000 0.041 0.000  0.388 0.000   0.699 0.000   7.723 0.000  4.591 0.000   3.198 0.000 0.022 0.000 0.407 0.000
279.291667 280.291667   24.81 0.000   0.42 0.000 9.999 0.259000 0.13 0.000000 0.017 0.000  0.592 0.000   1.065 0.000   6.331 0.000  3.331 0.000   2.998 0.000 0.020 0.000 0.277 0.000
282.291667 283.291667    6.25 0.000   0.17 0.000 9.999 0.259000 9.99 0.259000 0.008 0.000  0.405 0.000   0.728 0.000   2.830 0.000  1.212 0.000   1.618 0.000 0.007 0.000 0.126 0.000
285.291667 286.291667   13.05 0.000   0.25 0.000 9.999 0.259000 9.99 0.259000 0.006 0.000  0.246 0.000   0.443 0.000   2.829 0.000  1.076 0.000   1.753 0.000 0.008 0.000 0.184 0.000
288.291667 289.291667   19.88 0.000   0.41 0.000 9.999 0.259000 0.19 0.000000 0.060 0.000  1.083 0.000   1.949 0.000   6.683 0.000  2.721 0.000   3.960 0.000 0.018 0.000 0.358 0.000
291.291667 292.291667    1.51 0.000   0.13 0.000 9.999 0.259000 9.99 0.259000 0.024 0.000  0.539 0.000   0.970 0.000   1.833 0.000  0.206 0.000   1.626 0.000 0.007 0.000 0.077 0.000
294.291667 295.291667   12.79 0.000   0.18 0.000 9.999 0.259000 9.99 0.259000 0.010 0.000  1.027 0.000   1.848 0.000   4.427 0.000  1.031 0.000   3.394 0.000 0.008 0.000 0.277 0.000
297.291667 298.291667   18.91 0.000   0.63 0.000 9.999 0.259000 9.99 0.259000 0.015 0.000  0.477 0.000   0.859 0.000   5.744 0.000  2.712 0.000   3.056 0.000 0.020 0.000 0.308 0.000
300.291667 301.291667   28.18 0.000   0.85 0.000 9.999 0.259000 0.24 0.000000 0.115 0.000  0.584 0.559   1.051 0.559   6.033 0.000  2.297 0.000   3.735 0.000 0.021 0.000 0.420 0.000
303.291667 304.291667   40.67 0.000   1.73 0.000 0.019 0.000000 9.99 0.259000 0.020 0.000  0.391 0.559   0.704 0.559   5.234 0.000  1.551 0.000   3.682 0.000 0.034 0.000 0.456 0.000
306.291667 307.291667   45.83 0.000   1.02 0.000 9.999 0.259000 0.17 0.000000 0.018 0.000  0.286 0.000   0.515 0.000   6.668 0.000  3.098 0.000   3.568 0.000 0.035 0.000 0.394 0.000
309.291667 310.291667   25.92 0.000   0.54 0.000 9.999 0.259000 0.12 0.000000 0.012 0.000  0.213 0.000   0.384 0.000   3.759 0.000  1.922 0.000   1.836 0.000 0.016 0.000 0.135 0.000
312.291667 313.291667   46.60 0.699   1.24 0.699 9.999 0.699259 0.45 0.699000 0.019 0.000  1.453 0.000   2.616 0.000  11.704 0.000  4.699 0.699   6.995 0.659 0.045 0.699 0.661 0.000
315.291667 316.291667    9.56 0.000   0.45 0.000 9.999 0.259000 0.15 0.000000 0.107 0.000  0.706 0.000   1.271 0.000   3.267 0.000  0.654 0.000   2.612 0.000 0.010 0.000 0.198 0.000
318.291667 319.291667   10.67 0.000   0.30 0.000 9.999 0.259000 9.99 0.259000 0.013 0.000  0.157 0.000   0.282 0.000   3.895 0.000  2.777 0.000   1.158 0.000 0.009 0.000 0.086 0.000
321.291667 322.291667   11.66 0.000   0.35 0.000 9.999 0.259000 9.99 0.259000 0.013 0.000  0.111 0.000   0.200 0.000   2.127 0.000  0.743 0.000   1.383 0.000 0.008 0.000 0.130 0.000
324.291667 325.291667    7.73 0.000 999.99 0.259 9.999 0.259000 9.99 0.259000 0.004 0.000  0.081 0.000   0.147 0.000   1.610 0.000  0.803 0.000   0.807 0.000 0.005 0.000 0.064 0.000
327.291667 328.291667   16.94 0.000   0.29 0.000 9.999 0.259000 9.99 0.259000 0.005 0.000  0.256 0.000   0.461 0.000   2.038 0.000  0.773 0.000   1.264 0.000 0.009 0.000 0.116 0.000
330.291667 331.291667    4.86 0.000   0.16 0.000 9.999 0.259000 9.99 0.259000 0.004 0.000 99.999 0.259 999.999 0.259   1.926 0.000  1.601 0.000   0.325 0.000 0.004 0.000 0.033 0.000
333.291667 334.291667   13.02 0.000   0.19 0.000 9.999 0.259000 9.99 0.259000 0.035 0.000  0.227 0.000   0.409 0.000   2.418 0.000  1.580 0.000   0.838 0.000 0.009 0.000 0.063 0.000
336.291667 337.291667   19.28 0.000   0.52 0.000 0.009 0.000000 0.09 0.000000 0.093 0.000  0.188 0.000   0.339 0.000   3.219 0.000  1.659 0.000   1.560 0.000 0.018 0.000 0.135 0.000
339.291667 340.291667    2.36 0.000   0.13 0.000 0.004 0.000000 9.99 0.259000 0.002 0.000  0.071 0.000   0.129 0.000   0.549 0.000  0.429 0.000   0.128 0.000 0.002 0.000 0.041 0.000
342.291667 343.291667   13.31 0.000   0.09 0.000 9.999 0.259000 9.99 0.259000 0.006 0.000  0.045 0.559   0.081 0.559   1.424 0.000  0.700 0.000   0.723 0.000 0.009 0.000 0.076 0.000
345.291667 346.291667   32.72 0.000   0.87 0.000 9.999 0.259000 9.99 0.259000 0.015 0.000  0.285 0.000   0.514 0.000   3.874 0.000  2.047 0.000   1.826 0.000 0.022 0.000 0.110 0.000
348.291667 349.291667    8.28 0.000   0.37 0.000 0.005 0.000000 9.99 0.259000 0.025 0.000  0.025 0.000   0.046 0.000   2.059 0.000  1.225 0.000   0.834 0.000 0.006 0.000 0.057 0.000
351.291667 352.291667   21.00 0.000   0.74 0.000 0.005 0.000000 0.25 0.000000 0.112 0.000  0.351 0.000   0.632 0.000   4.687 0.000  2.366 0.000   2.320 0.000 0.028 0.000 0.157 0.000
354.291667 355.291667    5.62 0.000 999.99 0.259 9.999 0.259000 9.99 0.259000 0.004 0.000  0.177 0.000   0.319 0.000   0.958 0.000  0.503 0.000   0.456 0.000 0.003 0.000 0.031 0.000
357.291667 358.291667    8.83 0.000   0.13 0.000 0.004 0.000000 9.99 0.259000 0.007 0.000  0.118 0.559   0.213 0.559   1.631 0.000  0.922 0.000   0.708 0.000 0.007 0.000 0.049 0.000
360.291667 361.291667    4.15 0.000 999.99 0.259 0.003 0.000000 9.99 0.259000 0.010 0.000  0.018 0.000   0.032 0.000   1.306 0.000  0.774 0.000   0.543 0.000 0.004 0.000 0.033 0.000
363.291667 364.291667    7.76 0.000   0.21 0.000 0.003 0.000000 0.04 0.000000 0.009 0.000  0.094 0.000   0.170 0.000   1.498 0.000  0.730 0.000   0.768 0.000 0.005 0.000 0.031 0.000
