scripts/IMPROVE-2019_partial/data/US0057R.20000401050000.20191216000000.filterpack..pm25.39w.1w.US03L_filterpack_US0057.US03L_IMPROVE_Davis.lev2.nas
64 1001
MISSING INFORMATION
US03L, IMPROVE, , , , , , , 
MISSING INFORMATION
IMPROVE sel_HTAP
1 1
2000 01 01 2019 12 16
0
days from file reference point
25
1 1 1 1 1 1 1 1 1 1 1 1 1 1 1 1 1 1 1 1 1 1 1 1 1
999.999999 9999.99 9.999 99.99 9.999 9.999 9.999999 99.99 9.999999 9.999 9.999999 999.999 9.999 999.999 9.999 999.999 9.999 99.999 9.999 999.999 9.999 9.999 9.999 99.999 9.999999
end_time of measurement, days from the file reference point
iron, ng/m3, Revision date=20181210133000
numflag iron, no unit, Revision date=20181210133000
lead, ng/m3, Revision date=20181210133000
numflag lead, no unit, Revision date=20181210133000
magnesium, ug/m3, Revision date=20181210133000
numflag magnesium, no unit, Revision date=20181210133000
nickel, ng/m3, Revision date=20181210133000
numflag nickel, no unit, Revision date=20181210133000
nitrate, ug N/m3, Revision date=20181210133000
numflag nitrate, no unit, Revision date=20181210133000
organic_carbon, ug C/m3, Revision date=20181210133000
numflag organic_carbon, no unit, Revision date=20181210133000
organic_mass, ug/m3, Revision date=20181210133000
numflag organic_mass, no unit, Revision date=20181210133000
pm10_mass, ug/m3, Version=2, Version description=Data extracted from http://views.cira.colostate.edu/fed/DataWizard 2019-12-16, Sample duration=1d, Orig. time res.=3d, Matrix=pm10, Blank correction=Blank corrected, Volume std. temperature=ambient, Volume std. pressure=ambient
numflag pm10_mass, no unit, Version=2, Version description=Data extracted from http://views.cira.colostate.edu/fed/DataWizard 2019-12-16, Sample duration=1d, Orig. time res.=3d, Matrix=pm10, Blank correction=Blank corrected, Volume std. temperature=ambient, Volume std. pressure=ambient
pm10_pm25_mass, ug/m3, Revision date=20181210133000, Matrix=pm10_pm25
numflag pm10_pm25_mass, no unit, Revision date=20181210133000, Matrix=pm10_pm25
pm25_mass, ug/m3, Version=2, Version description=Data extracted from http://views.cira.colostate.edu/fed/DataWizard 2019-12-16, Sample duration=1d, Orig. time res.=3d, Blank correction=Blank corrected, Volume std. temperature=ambient, Volume std. pressure=ambient
numflag pm25_mass, no unit, Version=2, Version description=Data extracted from http://views.cira.colostate.edu/fed/DataWizard 2019-12-16, Sample duration=1d, Orig. time res.=3d, Blank correction=Blank corrected, Volume std. temperature=ambient, Volume std. pressure=ambient
potassium, ug/m3, Revision date=20181210133000
numflag potassium, no unit, Revision date=20181210133000
sulphate_total, ug S/m3, Revision date=20181210133000
numflag sulphate_total, no unit, Revision date=20181210133000
0
25
Data definition:              EBAS_1.1
Set type code:                TI
Timezone:                     UTC
File name:                    US0057R.20000401050000.20191216000000.filterpack..pm25.39w.1w.US03L_filterpack_US0057.US03L_IMPROVE_Davis.lev2.nas
File creation:                20191218115857
Startdate:                    20000401050000
Revision date:                20191216000000
Statistics:                   arithmetic mean
Data level:                   2
Period code:                  39w
Resolution code:              1w
Station code:                 US0057R
Platform code:                US0057S
Station name:                 Linville Gorge
Station latitude:             35.9723
Station longitude:            -81.9331
Station altitude:             968.0 m
Regime:                       IMG
Component:                    
Matrix:                       pm25
Laboratory code:              US03L
Instrument type:              filterpack
Instrument name:              filterpack_US0057
Method ref:                   US03L_IMPROVE_Davis
starttime endtime Fe flag_Fe Pb flag_Pb Mg++ flag_Mg++ Ni flag_Ni NO3- flag_NO3- OC flag_OC OM flag_OM PM10 flag_PM10 PM10-PM2.5 flag_PM10-PM2.5 PM2.5 flag_PM2.5 K+ flag_K+ SO4-- flag_SO4--
 91.208333  92.208333   44.54 0.559  1.60 0.559 9.999 0.559259 99.99 0.559259 0.109 0.559000   3.567 0.000   4.994 0.000  19.990 0.000  2.222 0.000  17.769 0.559 0.086 0.559  2.176 0.559000
 95.208333  96.208333   27.93 0.000  1.07 0.000 9.999 0.259000 99.99 0.259000 0.139 0.000000   0.673 0.000   0.942 0.000   7.828 0.000  3.846 0.000   3.982 0.000 0.027 0.000  0.484 0.000000
 98.208333  99.208333   20.62 0.000  0.87 0.000 0.016 0.000000 99.99 0.259000 0.039 0.000000   1.367 0.000   1.914 0.000   7.948 0.000  1.913 0.000   6.035 0.000 0.031 0.000  0.767 0.000000
102.208333 103.208333   23.55 0.559  1.31 0.559 9.999 0.559259 99.99 0.559259 0.027 0.559000   1.320 0.000   1.848 0.000   8.374 0.000  0.906 0.000   7.469 0.559 0.034 0.559  1.186 0.559000
105.208333 106.208333    1.97 0.000  0.33 0.000 9.999 0.259000 99.99 0.259000 0.005 0.000000   0.633 0.000   0.886 0.000   1.898 0.000  0.937 0.000   0.961 0.000 0.009 0.000  0.057 0.000000
109.208333 110.208333   13.37 0.000  0.44 0.000 0.012 0.000000 99.99 0.259000 0.013 0.000000   0.918 0.000   1.285 0.000   9.259 0.000  0.125 0.000   9.134 0.000 0.023 0.000  1.626 0.000000
112.208333 113.208333    5.34 0.000  1.19 0.000 9.999 0.259000  0.11 0.000000 0.011 0.000000   0.657 0.000   0.920 0.000   7.026 0.000 99.999 0.259   7.351 0.000 0.011 0.000  1.304 0.000000
116.208333 117.208333   42.77 0.000  1.79 0.000 9.999 0.259000 99.99 0.259000 0.040 0.000000   1.217 0.000   1.704 0.000   8.820 0.000  1.811 0.000   7.009 0.000 0.042 0.000  0.861 0.000000
119.208333 120.208333   56.42 0.000  2.60 0.000 9.999 0.259000 99.99 0.259000 0.064 0.559000   1.721 0.000   2.409 0.000  16.244 0.000  3.406 0.000  12.838 0.000 0.059 0.000  1.945 0.559000
123.208333 124.208333   65.34 0.000  3.53 0.000 9.999 0.259000 99.99 0.259000 0.038 0.000000   2.688 0.000   3.763 0.000  29.635 0.000  2.431 0.000  27.204 0.000 0.065 0.000  4.552 0.000000
126.208333 127.208333   60.71 0.559  2.36 0.559 9.999 0.559259 99.99 0.559259 0.042 0.000000   3.023 0.000   4.232 0.000  21.479 0.000  2.818 0.000  18.661 0.559 0.070 0.559  2.438 0.000000
130.208333 131.208333   46.90 0.000  1.11 0.000 9.999 0.259000 99.99 0.259000 0.033 0.000000   1.967 0.000   2.754 0.000 999.999 0.456 99.999 0.999  11.218 0.000 0.058 0.000  1.578 0.000000
133.208333 134.208333   43.38 0.000  0.90 0.000 9.999 0.259000 99.99 0.259000 0.048 0.000000   2.646 0.000   3.705 0.000  19.818 0.000  4.993 0.000  14.825 0.000 0.134 0.000  1.897 0.000000
137.208333 138.208333   71.67 0.000  2.35 0.000 9.999 0.259000 99.99 0.259000 0.063 0.559000   4.782 0.000   6.695 0.000  27.848 0.000  7.511 0.000  20.337 0.000 0.092 0.000  2.243 0.559000
140.208333 141.208333   30.12 0.000  0.78 0.000 9.999 0.259000  2.48 0.000000 0.036 0.559000   1.750 0.000   2.450 0.000  13.728 0.000  4.901 0.000   8.828 0.000 0.061 0.000  1.257 0.559000
144.208333 145.208333   23.36 0.000  0.64 0.000 9.999 0.259000 99.99 0.259000 0.028 0.000000   2.950 0.000   4.130 0.000  13.807 0.000  5.074 0.000   8.733 0.000 0.040 0.000  0.932 0.000000
147.208333 148.208333   50.35 0.000  2.09 0.000 9.999 0.259000 99.99 0.259000 0.041 0.000000   2.471 0.000   3.460 0.000  17.851 0.000  6.207 0.000  11.645 0.000 0.110 0.000  1.260 0.000000
151.208333 152.208333   22.93 0.000  1.28 0.000 9.999 0.259000 99.99 0.259000 0.056 0.559000   2.759 0.000   3.863 0.000  20.470 0.000  4.719 0.000  15.751 0.000 0.089 0.000  2.180 0.559000
154.208333 155.208333   34.31 0.000  1.22 0.000 9.999 0.259000 99.99 0.259000 0.042 0.559000   3.158 0.000   4.421 0.000  31.495 0.000  3.747 0.000  27.748 0.000 0.119 0.000  3.602 0.559000
158.208333 159.208333   16.05 0.394  0.94 0.394 9.999 0.394259 99.99 0.394259 0.025 0.559394   0.964 0.000   1.349 0.000   9.493 0.000  2.683 0.000   6.810 0.000 0.030 0.394  0.896 0.559394
161.208333 162.208333   41.17 0.000  1.11 0.000 9.999 0.259000 99.99 0.259000 0.040 0.699000   3.864 0.000   5.409 0.000  25.198 0.000  3.626 0.000  21.572 0.000 0.092 0.000  2.408 0.699000
165.208333 166.208333   77.99 0.000  0.42 0.000 9.999 0.259000 99.99 0.259000 0.048 0.559000   2.174 0.000   3.043 0.000  16.560 0.000  3.793 0.000  12.767 0.000 0.085 0.000  1.200 0.559000
168.208333 169.208333   15.50 0.000 99.99 0.259 9.999 0.259000 99.99 0.259000 0.037 0.699000   1.398 0.000   1.957 0.000   9.178 0.000  3.009 0.000   6.170 0.000 0.054 0.000  0.719 0.699000
172.208333 173.208333   24.87 0.000  0.24 0.000 0.017 0.000000 99.99 0.259000 0.022 0.699000   1.779 0.000   2.491 0.000  22.961 0.000  2.548 0.000  20.413 0.000 0.058 0.000  3.357 0.699000
175.208333 176.208333   26.85 0.000 99.99 0.259 9.999 0.259000 99.99 0.259000 0.030 0.699000   2.812 0.000   3.937 0.000  19.995 0.000  3.510 0.000  16.485 0.000 0.069 0.000  2.016 0.699000
179.208333 180.208333   28.34 0.000 99.99 0.259 9.999 0.259000 99.99 0.259000 0.034 0.699000   2.090 0.000   2.925 0.000  14.414 0.000  3.921 0.000  10.493 0.000 0.054 0.000  1.235 0.699000
182.208333 183.208333   24.95 0.000  0.80 0.000 9.999 0.259000 99.99 0.259000 0.028 0.699000   2.285 0.000   3.199 0.000  24.427 0.000  4.077 0.000  20.350 0.000 0.041 0.000  3.256 0.699000
186.208333 187.208333  360.37 0.000  2.00 0.000 9.999 0.259000 99.99 0.259000 0.077 0.559000   1.605 0.000   2.246 0.000  27.900 0.000  6.641 0.000  21.260 0.000 0.207 0.000  2.682 0.559000
189.208333 190.208333   31.92 0.000  2.66 0.000 9.999 0.259000 99.99 0.259000 0.048 0.699000   3.000 0.000   4.200 0.000  34.518 0.000  3.207 0.000  31.311 0.000 0.076 0.000  5.127 0.699000
193.208333 194.208333   15.87 0.000 99.99 0.259 9.999 0.259000 99.99 0.259000 0.016 0.699000   1.134 0.000   1.587 0.000  11.070 0.000  3.407 0.000   7.663 0.000 0.030 0.000  1.175 0.699000
196.208333 197.208333   14.21 0.000 99.99 0.259 0.016 0.000000 99.99 0.259000 0.024 0.559000   3.198 0.000   4.477 0.000  16.054 0.000  3.991 0.000  12.063 0.000 0.040 0.000  1.414 0.559000
200.208333 201.208333   35.94 0.000  0.72 0.000 9.999 0.259000 99.99 0.259000 0.020 0.559000   1.981 0.000   2.773 0.000  22.529 0.000  4.620 0.000  17.909 0.000 0.043 0.000  2.469 0.559000
203.208333 204.208333   25.99 0.000  1.66 0.000 9.999 0.259000 99.99 0.259000 0.022 0.699000   2.474 0.000   3.463 0.000  27.696 0.000  3.360 0.000  24.336 0.000 0.034 0.000  4.251 0.699000
207.208333 208.208333   11.09 0.000 99.99 0.259 9.999 0.259000 99.99 0.259000 0.042 0.559000   1.238 0.000   1.733 0.000  11.883 0.000  3.299 0.000   8.584 0.000 0.030 0.000  1.246 0.559000
210.208333 211.208333   17.68 0.000  0.48 0.000 9.999 0.259000 99.99 0.259000 0.023 0.559000   3.331 0.000   4.664 0.000  23.402 0.000  4.545 0.000  18.858 0.000 0.053 0.000  2.191 0.559000
214.208333 215.208333   19.55 0.000 99.99 0.259 9.999 0.259000 99.99 0.259000 0.037 0.559000   1.203 0.000   1.684 0.000  10.576 0.000  3.127 0.000   7.449 0.000 0.062 0.000  1.113 0.559000
217.208333 218.208333   15.00 0.000 99.99 0.259 9.999 0.259000 99.99 0.259000 0.010 0.559000   1.633 0.000   2.286 0.000  20.976 0.000  5.453 0.000  15.523 0.000 0.031 0.000  2.901 0.559000
221.208333 222.208333   87.04 0.000  0.50 0.000 9.999 0.259000 99.99 0.259000 0.028 0.559000   2.062 0.000   2.886 0.000  24.008 0.000  7.335 0.000  16.673 0.000 0.066 0.000  2.283 0.559000
224.208333 225.208333   17.47 0.000  0.68 0.000 9.999 0.259000 99.99 0.259000 0.018 0.699000   1.185 0.000   1.659 0.000  19.990 0.000  2.300 0.000  17.690 0.000 0.017 0.000  3.074 0.699000
228.208333 229.208333   51.77 0.000  0.94 0.000 9.999 0.259000 99.99 0.259000 0.023 0.559000   2.505 0.000   3.507 0.000  28.060 0.000  4.743 0.000  23.318 0.000 0.046 0.000  3.466 0.559000
231.208333 232.208333   20.80 0.000  0.65 0.000 9.999 0.259000 99.99 0.259000 0.031 0.559000   1.866 0.000   2.613 0.000  20.752 0.000  3.241 0.000  17.511 0.000 0.046 0.000  3.149 0.559000
235.208333 236.208333   20.57 0.000  0.89 0.000 0.045 0.000000 99.99 0.259000 0.014 0.559000   2.474 0.000   3.463 0.000  27.212 0.000  3.841 0.000  23.372 0.000 0.050 0.000  3.866 0.559000
238.208333 239.208333   36.56 0.000  0.82 0.000 9.999 0.259000 99.99 0.259000 0.024 0.559000   2.096 0.000   2.934 0.000  24.507 0.000  3.791 0.000  20.717 0.000 0.105 0.000  3.842 0.559000
243.208333 244.208333 9999.99 0.999 99.99 0.999 9.999 0.999000 99.99 0.999000 9.999 0.999000 999.999 0.999 999.999 0.999 999.999 0.999 99.999 0.999 999.999 0.999 9.999 0.999 99.999 0.999000
246.208333 247.208333 9999.99 0.999 99.99 0.999 9.999 0.999000 99.99 0.999000 9.999 0.999000 999.999 0.999 999.999 0.999 999.999 0.999 99.999 0.999 999.999 0.999 9.999 0.999 99.999 0.999000
249.208333 250.208333 9999.99 0.999 99.99 0.999 9.999 0.999000 99.99 0.999000 9.999 0.999000 999.999 0.999 999.999 0.999 999.999 0.999 99.999 0.999 999.999 0.999 9.999 0.999 99.999 0.999000
252.208333 253.208333 9999.99 0.999 99.99 0.999 9.999 0.999000 99.99 0.999000 9.999 0.999000 999.999 0.999 999.999 0.999 999.999 0.999 99.999 0.999 999.999 0.999 9.999 0.999 99.999 0.999000
255.208333 256.208333 9999.99 0.999 99.99 0.999 9.999 0.999000 99.99 0.999000 9.999 0.999000 999.999 0.999 999.999 0.999 999.999 0.999 99.999 0.999 999.999 0.999 9.999 0.999 99.999 0.999000
258.208333 259.208333   24.71 0.000  1.38 0.000 9.999 0.259000 99.99 0.259000 0.038 0.000000   0.990 0.000   1.386 0.000  15.236 0.000  4.864 0.000  10.372 0.000 0.029 0.000  1.901 0.000000
261.208333 262.208333   16.32 0.000  0.85 0.000 9.999 0.259000 99.99 0.259000 0.027 0.000000   0.934 0.000   1.307 0.000   6.817 0.000  2.028 0.000   4.789 0.000 0.039 0.000  0.582 0.000000
264.208333 265.208333   28.68 0.000  0.49 0.000 9.999 0.259000 99.99 0.259000 0.036 0.000000   1.384 0.000   1.938 0.000  13.173 0.000  5.394 0.000   7.779 0.000 0.056 0.000  1.027 0.000000
267.208333 268.208333   13.44 0.000  0.63 0.000 9.999 0.259000 99.99 0.259000 0.020 0.000000   1.263 0.000   1.768 0.000  14.099 0.000  5.843 0.000   8.256 0.000 0.029 0.000  1.364 0.000000
270.208333 271.208333   28.34 0.000  1.51 0.000 9.999 0.259000 99.99 0.259000 0.139 0.000000   0.867 0.000   1.214 0.000   7.876 0.000  2.123 0.000   5.753 0.000 0.046 0.000  0.921 0.000000
273.208333 274.208333   23.52 0.000  1.84 0.000 9.999 0.259000 99.99 0.259000 0.236 0.000000   1.247 0.000   1.746 0.000  17.615 0.000  2.978 0.000  14.637 0.000 0.030 0.000  2.887 0.000000
276.208333 277.208333 9999.99 0.999 99.99 0.999 9.999 0.999000 99.99 0.999000 9.999 0.999000 999.999 0.999 999.999 0.999 999.999 0.999 99.999 0.999 999.999 0.999 9.999 0.999 99.999 0.999000
279.208333 280.208333   22.79 0.000  1.21 0.000 9.999 0.259000 99.99 0.259000 0.046 0.000000   2.204 0.000   3.086 0.000  15.377 0.000  3.232 0.000  12.145 0.000 0.054 0.000  1.846 0.000000
282.208333 283.208333    9.02 0.000  0.95 0.000 9.999 0.259000 99.99 0.259000 0.036 0.000000   0.796 0.000   1.115 0.000   4.919 0.000  1.972 0.000   2.947 0.000 0.021 0.000  0.501 0.000000
285.208333 286.208333   35.91 0.000  1.15 0.000 9.999 0.259000 99.99 0.259000 0.053 0.000000   1.421 0.000   1.990 0.000   9.094 0.000  3.871 0.000   5.223 0.000 0.036 0.000  0.579 0.000000
288.208333 289.208333   48.16 0.000  1.30 0.000 9.999 0.259000 99.99 0.259000 0.059 0.000000   3.024 0.000   4.234 0.000  15.832 0.000  3.326 0.000  12.506 0.000 0.073 0.000  1.614 0.000000
291.208333 292.208333   35.78 0.000  1.88 0.000 9.999 0.259000 99.99 0.259000 0.065 0.000000   3.008 0.000   4.211 0.000  20.241 0.000  2.520 0.000  17.720 0.000 0.071 0.000  2.670 0.000000
294.208333 295.208333   52.53 0.000  1.96 0.000 9.999 0.259000 99.99 0.259000 0.075 0.000000   4.116 0.000   5.763 0.000  33.156 0.000  4.719 0.000  28.436 0.000 0.082 0.000  4.642 0.000000
297.208333 298.208333   40.22 0.000  2.14 0.000 9.999 0.259000 99.99 0.259000 0.109 0.000000   3.233 0.000   4.527 0.000  27.901 0.000  4.640 0.000  23.261 0.000 0.080 0.000  3.751 0.000000
300.208333 301.208333   34.60 0.000  1.78 0.000 9.999 0.259000 99.99 0.259000 0.091 0.000000   3.261 0.000   4.565 0.000  33.382 0.000  5.545 0.000  27.837 0.000 0.072 0.000  4.955 0.000000
303.208333 304.208333   54.39 0.000  0.89 0.000 9.999 0.259000 99.99 0.259000 0.042 0.000000   2.227 0.000   3.118 0.000   8.528 0.000  2.707 0.000   5.822 0.000 0.061 0.000  0.276 0.000000
306.208333 307.208333   50.70 0.000  0.85 0.000 9.999 0.259000 99.99 0.259000 0.121 0.000000  12.422 0.000  17.390 0.000  35.512 0.000  4.864 0.000  30.648 0.000 0.190 0.000  1.776 0.000000
309.208333 310.208333   27.89 0.000  1.30 0.000 9.999 0.259000 99.99 0.259000 0.168 0.000000   4.359 0.000   6.103 0.000  11.711 0.000  1.736 0.000   9.975 0.000 0.055 0.000  0.511 0.000000
312.208333 313.208333 9999.99 0.999 99.99 0.999 9.999 0.999000 99.99 0.999000 9.999 0.999000 999.999 0.999 999.999 0.999 999.999 0.999 99.999 0.999 999.999 0.999 9.999 0.999 99.999 0.999000
315.208333 316.208333 9999.99 0.999 99.99 0.999 9.999 0.999000 99.99 0.999000 9.999 0.999000 999.999 0.999 999.999 0.999 999.999 0.999 99.999 0.999 999.999 0.999 9.999 0.999 99.999 0.999000
318.208333 319.208333 9999.99 0.999 99.99 0.999 9.999 0.999000 99.99 0.999000 9.999 0.999000 999.999 0.999 999.999 0.999 999.999 0.999 99.999 0.999 999.999 0.999 9.999 0.999 99.999 0.999000
321.208333 322.208333    8.43 0.000  1.35 0.000 9.999 0.259000 99.99 0.259000 0.109 0.000000   0.862 0.000   1.207 0.000   5.415 0.000  1.184 0.000   4.231 0.000 0.035 0.000  0.611 0.000000
324.208333 325.208333    8.59 0.000  0.50 0.000 9.999 0.259000 99.99 0.259000 0.221 0.000000   0.687 0.000   0.962 0.000   5.291 0.000  1.653 0.000   3.638 0.000 0.024 0.000  0.474 0.000000
327.208333 328.208333   26.32 0.000  2.06 0.000 9.999 0.259000 99.99 0.259000 0.432 0.000000   2.294 0.000   3.211 0.000  12.309 0.000  3.958 0.000   8.351 0.000 0.084 0.000  0.720 0.000000
330.208333 331.208333    2.89 0.000  0.51 0.000 9.999 0.259000 99.99 0.259000 0.034 0.000000   0.582 0.000   0.815 0.000   3.867 0.000  0.745 0.000   3.122 0.000 0.016 0.000  0.491 0.000000
333.208333 334.208333   13.88 0.000  1.65 0.000 9.999 0.259000 99.99 0.259000 0.064 0.000000   1.083 0.000   1.516 0.000   6.196 0.000  1.303 0.000   4.893 0.000 0.064 0.000  0.483 0.000000
336.208333 337.208333   19.62 0.000  2.02 0.000 9.999 0.259000  0.18 0.000000 0.464 0.000000   2.613 0.000   3.658 0.000  14.307 0.000  2.184 0.000  12.123 0.000 0.082 0.000  1.281 0.000000
339.208333 340.208333   12.91 0.000  1.99 0.000 9.999 0.259000 99.99 0.259000 0.210 0.000000   1.185 0.000   1.659 0.000   9.155 0.000  1.632 0.000   7.522 0.000 0.041 0.000  1.108 0.000000
342.208333 343.208333   14.04 0.000  1.72 0.000 0.031 0.000000 99.99 0.259000 0.238 0.000000   1.289 0.000   1.805 0.000   6.778 0.000  1.709 0.000   5.069 0.000 0.036 0.000  0.431 0.000000
345.208333 346.208333   25.79 0.000  3.39 0.000 9.999 0.259000  0.51 0.000000 0.200 0.000000   3.372 0.000   4.721 0.000  16.467 0.000  1.521 0.000  14.946 0.000 0.109 0.000  1.770 0.000000
348.208333 349.208333    4.32 0.000  0.70 0.000 9.999 0.259000  0.17 0.000000 0.023 0.000000   0.721 0.000   1.009 0.000   3.826 0.000  0.778 0.000   3.047 0.000 0.025 0.000  0.456 0.000000
351.208333 352.208333   24.08 0.000  1.98 0.000 9.999 0.259000 99.99 0.259000 0.217 0.000000   0.841 0.000   1.178 0.000   6.861 0.000  1.947 0.000   4.914 0.000 0.030 0.000  0.626 0.000000
354.208333 355.208333 9999.99 0.999 99.99 0.999 9.999 0.999000 99.99 0.999000 9.999 0.999000 999.999 0.999 999.999 0.999 999.999 0.999 99.999 0.999 999.999 0.999 9.999 0.999 99.999 0.999000
357.208333 358.208333   11.64 0.000  1.96 0.000 0.029 0.000000 99.99 0.259000 0.118 0.000000   1.541 0.000   2.158 0.000   5.766 0.000  1.215 0.000   4.551 0.000 0.042 0.000  0.483 0.000000
360.208333 361.208333   10.81 0.000  0.74 0.000 0.040 0.000000 99.99 0.259000 0.179 0.000000   1.849 0.000   2.588 0.000   7.053 0.000  1.853 0.000   5.200 0.000 0.066 0.000  0.307 0.000000
363.208333 364.208333   16.75 0.000  1.37 0.000 9.999 0.259000  0.15 0.000000 0.194 0.000000   2.410 0.000   3.375 0.000  10.459 0.000  2.631 0.000   7.828 0.000 0.071 0.000  0.665 0.000000
