scripts/IMPROVE-2019_partial/data/US0060R.20040101050000.20191216000000.filterpack..pm25.52w.1w.US03L_filterpack_US0060.US03L_IMPROVE_Davis.lev2.nas
66 1001
MISSING INFORMATION
US03L, IMPROVE, , , , , , , 
MISSING INFORMATION
IMPROVE sel_HTAP
1 1
2004 01 01 2019 12 16
3.000000
days from file reference point
27
1 1 1 1 1 1 1 1 1 1 1 1 1 1 1 1 1 1 1 1 1 1 1 1 1 1 1
999.999999 999.99 9.999 99.99 9.999999 9.999 9.999999 99.99 9.999999 9.999 9.999 99.999 9.999 99.999 9.999 99.99 9.999999 999.999 9.999 999.999 9.999 999.999 9.999 9.999 9.999 99.999 9.999
end_time of measurement, days from the file reference point
iron, ng/m3, Revision date=20181210133000
numflag iron, no unit, Revision date=20181210133000
lead, ng/m3, Revision date=20181210133000
numflag lead, no unit, Revision date=20181210133000
magnesium, ug/m3, Revision date=20181210133000
numflag magnesium, no unit, Revision date=20181210133000
nickel, ng/m3, Revision date=20181210133000
numflag nickel, no unit, Revision date=20181210133000
nitrate, ug N/m3, Revision date=20181210133000
numflag nitrate, no unit, Revision date=20181210133000
organic_carbon, ug C/m3, Revision date=20181210133000
numflag organic_carbon, no unit, Revision date=20181210133000
organic_mass, ug/m3, Revision date=20181210133000
numflag organic_mass, no unit, Revision date=20181210133000
phosphorus, ng/m3, Revision date=20181210133000
numflag phosphorus, no unit, Revision date=20181210133000
pm10_mass, ug/m3, Version=2, Version description=Data extracted from http://views.cira.colostate.edu/fed/DataWizard 2019-12-16, Sample duration=1d, Orig. time res.=3d, Matrix=pm10, Blank correction=Blank corrected, Volume std. temperature=ambient, Volume std. pressure=ambient
numflag pm10_mass, no unit, Version=2, Version description=Data extracted from http://views.cira.colostate.edu/fed/DataWizard 2019-12-16, Sample duration=1d, Orig. time res.=3d, Matrix=pm10, Blank correction=Blank corrected, Volume std. temperature=ambient, Volume std. pressure=ambient
pm10_pm25_mass, ug/m3, Revision date=20181210133000, Matrix=pm10_pm25
numflag pm10_pm25_mass, no unit, Revision date=20181210133000, Matrix=pm10_pm25
pm25_mass, ug/m3, Version=2, Version description=Data extracted from http://views.cira.colostate.edu/fed/DataWizard 2019-12-16, Sample duration=1d, Orig. time res.=3d, Blank correction=Blank corrected, Volume std. temperature=ambient, Volume std. pressure=ambient
numflag pm25_mass, no unit, Version=2, Version description=Data extracted from http://views.cira.colostate.edu/fed/DataWizard 2019-12-16, Sample duration=1d, Orig. time res.=3d, Blank correction=Blank corrected, Volume std. temperature=ambient, Volume std. pressure=ambient
potassium, ug/m3, Revision date=20181210133000
numflag potassium, no unit, Revision date=20181210133000
sulphate_total, ug S/m3, Revision date=20181210133000
numflag sulphate_total, no unit, Revision date=20181210133000
0
25
Data definition:              EBAS_1.1
Set type code:                TU
Timezone:                     UTC
File name:                    US0060R.20040101050000.20191216000000.filterpack..pm25.52w.1w.US03L_filterpack_US0060.US03L_IMPROVE_Davis.lev2.nas
File creation:                20191218115913
Startdate:                    20040101050000
Revision date:                20191216000000
Statistics:                   arithmetic mean
Data level:                   2
Period code:                  52w
Resolution code:              1w
Station code:                 US0060R
Platform code:                US0060S
Station name:                 Great Gulf Wilderness
Station latitude:             44.3082
Station longitude:            -71.2177
Station altitude:             453.0 m
Regime:                       IMG
Component:                    
Matrix:                       pm25
Laboratory code:              US03L
Instrument type:              filterpack
Instrument name:              filterpack_US0060
Method ref:                   US03L_IMPROVE_Davis
starttime endtime Fe flag_Fe Pb flag_Pb Mg++ flag_Mg++ Ni flag_Ni NO3- flag_NO3- OC flag_OC OM flag_OM P flag_P PM10 flag_PM10 PM10-PM2.5 flag_PM10-PM2.5 PM2.5 flag_PM2.5 K+ flag_K+ SO4-- flag_SO4--
[from data line 81]
243.208333 244.208333   2.85 0.000  0.72 0.000000 9.999 0.259000 99.99 0.259000 0.008 0.000  0.794 0.000  1.111 0.000 99.99 0.259000   5.361 0.000   2.931 0.000   2.430 0.000 0.012 0.000  0.259 0.000
246.208333 247.208333  13.22 0.000  0.95 0.000000 9.999 0.259000  0.32 0.000000 0.010 0.000  1.162 0.000  1.627 0.000 99.99 0.259000   8.192 0.000   3.115 0.000   5.077 0.000 0.015 0.000  0.662 0.000
249.208333 250.208333   7.70 0.000  0.97 0.000000 0.100 0.000000  0.17 0.000000 0.019 0.000  1.245 0.000  1.743 0.000 99.99 0.259000   7.776 0.000   2.590 0.000   5.186 0.000 0.017 0.000  0.822 0.000
252.208333 253.208333   6.88 0.000  0.36 0.000000 9.999 0.259000 99.99 0.259000 0.008 0.000  0.369 0.000  0.517 0.000 99.99 0.259000   2.728 0.000   1.410 0.000   1.319 0.000 0.008 0.000  0.140 0.000
255.208333 256.208333   6.92 0.000  1.43 0.000000 9.999 0.259000  0.24 0.000000 0.008 0.000  1.298 0.000  1.817 0.000 99.99 0.259000   9.259 0.000   4.678 0.000   4.581 0.000 0.017 0.000  0.444 0.000
258.208333 259.208333  16.25 0.000  1.08 0.000000 9.999 0.259000  0.36 0.000000 0.019 0.000  1.369 0.000  1.916 0.000 99.99 0.259000   9.177 0.000   2.994 0.000   6.183 0.000 0.023 0.000  0.635 0.000
261.208333 262.208333   5.06 0.000  1.20 0.000000 9.999 0.259000  0.38 0.000000 0.016 0.000  0.815 0.000  1.140 0.000 99.99 0.259000   3.968 0.000   1.594 0.000   2.374 0.000 0.022 0.000  0.225 0.000
264.208333 265.208333  10.48 0.000  0.92 0.000000 9.999 0.259000  0.23 0.000000 0.017 0.000  1.064 0.000  1.489 0.000 99.99 0.259000   8.295 0.000   4.764 0.000   3.531 0.000 0.021 0.000  0.386 0.000
267.208333 268.208333   8.71 0.000  0.49 0.000000 0.152 0.000000  0.28 0.000000 0.007 0.000  0.700 0.000  0.980 0.000  9.27 0.000000   5.456 0.000   3.426 0.000   2.030 0.000 0.015 0.000  0.139 0.000
270.208333 271.208333  12.77 0.000  0.53 0.000000 9.999 0.259000  0.23 0.000000 0.010 0.000  0.949 0.000  1.329 0.000 99.99 0.259000   7.277 0.000   4.142 0.000   3.135 0.000 0.020 0.000  0.251 0.000
273.208333 274.208333   9.29 0.000  0.71 0.000000 0.083 0.000000  0.30 0.000000 0.010 0.000  0.706 0.000  0.989 0.000 99.99 0.259000   4.533 0.000   2.620 0.000   1.913 0.000 0.035 0.000  0.090 0.000
276.208333 277.208333   3.60 0.000  0.80 0.000000 9.999 0.259000  0.26 0.000000 0.006 0.000  0.485 0.000  0.679 0.000 99.99 0.259000   2.886 0.000   1.136 0.000   1.751 0.000 0.018 0.000  0.197 0.000
279.208333 280.208333  11.11 0.000  1.16 0.000000 9.999 0.259000  0.24 0.000000 0.016 0.000  0.543 0.000  0.761 0.000 99.99 0.259000   3.367 0.000   1.257 0.000   2.110 0.000 0.011 0.000  0.259 0.000
282.208333 283.208333  46.44 0.000  2.81 0.000000 9.999 0.259000  0.88 0.000000 0.037 0.000  2.284 0.000  3.197 0.000 99.99 0.259000  15.344 0.000   3.879 0.000  11.466 0.000 0.043 0.000  1.573 0.000
285.208333 286.208333   3.12 0.000  0.69 0.000000 9.999 0.259000 99.99 0.259000 9.999 0.999 99.999 0.999 99.999 0.999 99.99 0.259000   1.696 0.000   0.635 0.000   1.061 0.000 0.006 0.000 99.999 0.999
288.208333 289.208333   5.49 0.000  0.55 0.000000 9.999 0.259000  0.19 0.000000 9.999 0.999 99.999 0.999 99.999 0.999 99.99 0.259000   3.036 0.000   1.456 0.000   1.580 0.000 0.010 0.000 99.999 0.999
291.208333 292.208333   3.10 0.000  0.69 0.000000 9.999 0.259000  0.20 0.000000 9.999 0.999 99.999 0.999 99.999 0.999 99.99 0.259000   2.357 0.000   0.903 0.000   1.454 0.000 0.012 0.000 99.999 0.999
294.208333 295.208333   6.50 0.000  0.72 0.000000 9.999 0.259000  0.38 0.000000 0.021 0.000  0.713 0.000  0.998 0.000 99.99 0.259000   3.283 0.000   1.067 0.000   2.216 0.000 0.017 0.000  0.144 0.000
297.208333 298.208333   2.19 0.000  1.04 0.000000 0.155 0.000000  0.30 0.000000 0.028 0.000  0.529 0.000  0.741 0.000 99.99 0.259000   4.840 0.000   1.087 0.000   3.753 0.000 0.014 0.000  0.667 0.000
300.208333 301.208333  13.27 0.000  1.13 0.000000 0.177 0.000000  0.39 0.000000 0.055 0.000  1.203 0.000  1.684 0.000 99.99 0.259000   6.359 0.000   1.246 0.000   5.112 0.000 0.022 0.000  0.644 0.000
303.208333 304.208333   6.65 0.000  1.00 0.000000 9.999 0.259000  0.59 0.000000 0.017 0.000  0.858 0.000  1.201 0.000 99.99 0.259000   3.577 0.000   0.746 0.000   2.831 0.000 0.019 0.000  0.321 0.000
306.208333 307.208333   2.77 0.000  0.71 0.000000 0.069 0.000000  0.25 0.000000 0.013 0.000  0.291 0.000  0.408 0.000 99.99 0.259000   2.033 0.000   0.593 0.000   1.440 0.000 0.009 0.000  0.173 0.000
309.208333 310.208333   0.63 0.000  0.35 0.000000 0.269 0.000000 99.99 0.259000 0.006 0.000  0.066 0.000  0.093 0.000 99.99 0.259000   1.263 0.000   0.751 0.000   0.511 0.000 0.009 0.000  0.060 0.000
312.208333 313.208333   4.60 0.000  1.17 0.000000 0.107 0.000000  0.23 0.000000 0.026 0.000  0.335 0.000  0.468 0.000 99.99 0.259000   2.456 0.000   0.705 0.000   1.751 0.000 0.010 0.000  0.237 0.000
315.208333 316.208333  21.12 0.000  1.39 0.000000 0.113 0.000000  0.35 0.000000 0.135 0.000  0.968 0.000  1.356 0.000 99.99 0.259000   6.733 0.000   2.389 0.000   4.344 0.000 0.028 0.000  0.473 0.000
318.208333 319.208333  12.19 0.000  1.35 0.000000 9.999 0.259000  0.25 0.000000 0.136 0.000  0.669 0.000  0.937 0.000 99.99 0.259000   4.473 0.000   1.660 0.000   2.813 0.000 0.030 0.000  0.275 0.000
321.208333 322.208333  37.03 0.000  5.96 0.000000 9.999 0.259000  1.82 0.000000 0.242 0.000  2.023 0.000  2.832 0.000 99.99 0.259000  11.205 0.000   1.787 0.000   9.418 0.000 0.217 0.000  0.865 0.000
324.208333 325.208333   8.97 0.000  1.01 0.000000 0.085 0.000000  0.52 0.000000 0.022 0.000  0.463 0.000  0.648 0.000 99.99 0.259000   2.668 0.000   0.701 0.000   1.967 0.000 0.036 0.000  0.212 0.000
327.208333 328.208333   7.30 0.000  0.76 0.000000 9.999 0.259000  0.34 0.000000 0.025 0.000  0.650 0.000  0.911 0.000 99.99 0.259000   5.402 0.000   1.293 0.000   4.109 0.000 0.050 0.000  0.564 0.000
330.208333 331.208333   4.09 0.000  1.52 0.000000 0.103 0.000000  0.27 0.000000 0.019 0.000  0.267 0.000  0.374 0.000 99.99 0.259000   2.529 0.000   1.062 0.000   1.467 0.000 0.012 0.000  0.182 0.000
333.208333 334.208333   4.79 0.000  1.16 0.000000 9.999 0.259000  0.39 0.000000 0.016 0.000  0.415 0.000  0.582 0.000 99.99 0.259000   3.280 0.000   0.325 0.000   2.955 0.000 0.030 0.000  0.453 0.000
336.208333 337.208333  11.46 0.000  1.07 0.000000 9.999 0.259000  0.26 0.000000 0.013 0.000  0.276 0.000  0.387 0.000 99.99 0.259000   2.104 0.000   0.578 0.000   1.527 0.000 0.014 0.000  0.248 0.000
339.208333 340.208333   7.39 0.000  0.92 0.000000 0.033 0.000000  0.15 0.000000 0.081 0.000  0.385 0.000  0.539 0.000 99.99 0.259000   3.366 0.000   0.972 0.000   2.394 0.000 0.016 0.000  0.336 0.000
342.208333 343.208333   0.95 0.000  0.62 0.000000 0.078 0.000000  0.25 0.000000 0.004 0.000  0.126 0.000  0.176 0.000 99.99 0.259000   2.147 0.000   0.544 0.000   1.603 0.000 0.006 0.000  0.324 0.000
345.208333 346.208333   1.56 0.000  0.38 0.000000 0.066 0.000000  0.47 0.000000 0.013 0.000  0.142 0.000  0.199 0.000 99.99 0.259000   0.673 0.000   0.139 0.000   0.534 0.000 0.008 0.000  0.092 0.000
348.208333 349.208333   5.35 0.000  0.88 0.000000 9.999 0.259000  0.28 0.000000 0.067 0.000  0.386 0.000  0.540 0.000 99.99 0.259000   2.633 0.000   0.592 0.000   2.041 0.000 0.016 0.000  0.266 0.000
351.208333 352.208333   7.34 0.000  1.41 0.000000 0.053 0.000000  0.21 0.000000 0.079 0.000  0.494 0.000  0.692 0.000 99.99 0.259000   4.090 0.000   1.330 0.000   2.760 0.000 0.026 0.000  0.361 0.000
354.208333 355.208333   5.23 0.000  1.16 0.000000 0.156 0.000000  0.28 0.000000 0.237 0.000  0.618 0.000  0.866 0.000 99.99 0.259000   5.896 0.000   2.078 0.000   3.818 0.000 0.044 0.000  0.231 0.000
357.208333 358.208333  17.47 0.000  2.00 0.000000 9.999 0.259000  1.91 0.000000 0.128 0.000  0.940 0.000  1.316 0.000 99.99 0.259000   6.692 0.000   0.900 0.000   5.792 0.000 0.060 0.000  0.716 0.000
360.208333 361.208333  15.17 0.000  1.17 0.000000 9.999 0.259000  1.22 0.000000 0.090 0.000  0.631 0.000  0.883 0.000 99.99 0.259000   4.415 0.000   0.590 0.000   3.825 0.000 0.072 0.000  0.495 0.000
363.208333 364.208333  13.87 0.000  1.91 0.000000 9.999 0.259000  0.40 0.000000 0.122 0.000  0.922 0.000  1.290 0.000 99.99 0.259000   7.283 0.000   0.871 0.000   6.412 0.000 0.027 0.000  0.995 0.000
