scripts/IMPROVE-2019_partial/data/US0056R.20130101070000.20191216000000.filterpack...52w.3d.US03L_filterpack_US0056.US03L_IMPROVE_Davis.lev2.nas
52 1001
MISSING INFORMATION
US03L, IMPROVE, , , , , , , 
MISSING INFORMATION
IMPROVE sel_HTAP
1 1
2013 01 01 2019 12 16
3.000000
days from file reference point
5
1 1 1 1 1
999.999999 999.999 9.999 999.999 9.999
end_time of measurement, days from the file reference point
pm10_mass, ug/m3, Matrix=pm10
numflag pm10_mass, no unit, Matrix=pm10
pm25_mass, ug/m3, Matrix=pm25
numflag pm25_mass, no unit, Matrix=pm25
0
33
Data definition:              EBAS_1.1
Set type code:                TU
Timezone:                     UTC
File name:                    US0056R.20130101070000.20191216000000.filterpack...52w.3d.US03L_filterpack_US0056.US03L_IMPROVE_Davis.lev2.nas
File creation:                20191218115854
Startdate:                    20130101070000
Revision date:                20191216000000
Version:                      2
Version description:          "Data extracted from http://views.cira.colostate.edu/fed/DataWizard 2019-12-16"
Statistics:                   arithmetic mean
Data level:                   2
Period code:                  52w
Resolution code:              3d
Sample duration:              1d
Orig. time res.:              3d
Station code:                 US0056R
Platform code:                US0056S
Station name:                 Fort Peck (IMPROVE)
Station latitude:             48.308
Station longitude:            -105.1022
Station altitude:             638.0 m
Regime:                       IMG
Component:                    
Unit:                         ug/m3
Matrix:                       
Laboratory code:              US03L
Instrument type:              filterpack
Instrument name:              filterpack_US0056
Method ref:                   US03L_IMPROVE_Davis
Blank correction:             Blank corrected
Volume std. temperature:      ambient
Volume std. pressure:         ambient
starttime endtime PM10 flag_PM10 PM2.5 flag_PM2.5
  0.291667   1.291667   1.605 0.000   1.271 0.000
  3.291667   4.291667   2.699 0.000   1.461 0.000
  6.291667   7.291667   1.965 0.000   0.397 0.000
  9.291667  10.291667   3.251 0.000   2.233 0.000
 12.291667  13.291667   3.005 0.000   4.318 0.000
 15.291667  16.291667   1.936 0.000   1.378 0.000
 18.291667  19.291667   3.526 0.000   2.918 0.000
 21.291667  22.291667   2.736 0.000   1.875 0.000
 24.291667  25.291667 999.999 0.999 999.999 0.999
 27.291667  28.291667 999.999 0.999 999.999 0.999
 30.291667  31.291667   3.317 0.000   2.724 0.000
 33.291667  34.291667   2.000 0.000   1.631 0.000
 36.291667  37.291667   4.726 0.000   2.962 0.000
 39.291667  40.291667   2.074 0.000   1.745 0.000
 42.291667  43.291667   2.016 0.000   1.181 0.000
 45.291667  46.291667   2.852 0.000   1.398 0.000
 48.291667  49.291667   3.015 0.000   2.312 0.000
 51.291667  52.291667   7.656 0.000   3.897 0.000
 54.291667  55.291667   2.754 0.000   2.329 0.000
 57.291667  58.291667   5.359 0.000   4.995 0.000
 60.291667  61.291667   4.244 0.000   1.933 0.000
 63.291667  64.291667   3.499 0.000   4.139 0.000
 66.291667  67.291667   9.277 0.000   8.515 0.000
 69.291667  70.291667   6.730 0.000   5.099 0.000
 72.291667  73.291667 999.999 0.999 999.999 0.999
 75.291667  76.291667 999.999 0.999 999.999 0.999
 78.291667  79.291667 999.999 0.456 999.999 0.456
 81.291667  82.291667 999.999 0.456 999.999 0.456
 84.291667  85.291667 999.999 0.456 999.999 0.456
 87.291667  88.291667 999.999 0.456  13.006 0.000
 90.291667  91.291667 999.999 0.456   3.695 0.000
 93.291667  94.291667 999.999 0.456   3.027 0.000
 96.291667  97.291667 999.999 0.456   6.040 0.000
 99.291667 100.291667   4.350 0.000   1.886 0.000
102.291667 103.291667   7.752 0.000   4.103 0.000
105.291667 106.291667   3.712 0.000   3.419 0.000
108.291667 109.291667   5.071 0.000   2.972 0.000
111.291667 112.291667   4.234 0.000   3.662 0.000
114.291667 115.291667 999.999 0.999 999.999 0.999
117.291667 118.291667   7.817 0.000   2.360 0.000
120.291667 121.291667   6.249 0.000   2.968 0.000
123.291667 124.291667  10.144 0.000   3.595 0.000
126.291667 127.291667  13.546 0.000   4.042 0.000
129.291667 130.291667  17.139 0.000   4.566 0.000
132.291667 133.291667  10.862 0.000   3.548 0.000
135.291667 136.291667  11.767 0.000   4.321 0.000
138.291667 139.291667   9.149 0.000   4.795 0.000
141.291667 142.291667   8.751 0.000   3.596 0.000
144.291667 145.291667  11.705 0.000   4.758 0.000
147.291667 148.291667   4.232 0.000   2.406 0.000
150.291667 151.291667   6.384 0.000   2.239 0.000
153.291667 154.291667   4.455 0.000   2.612 0.000
156.291667 157.291667   7.157 0.000   2.774 0.000
159.291667 160.291667   5.044 0.000   2.442 0.000
162.291667 163.291667   5.994 0.000   3.190 0.000
165.291667 166.291667   3.542 0.000   1.193 0.000
168.291667 169.291667  13.690 0.000   3.458 0.000
171.291667 172.291667   3.865 0.000   1.276 0.000
174.291667 175.291667   9.238 0.000   3.869 0.000
177.291667 178.291667 999.999 0.999 999.999 0.999
180.291667 181.291667 999.999 0.999 999.999 0.999
183.291667 184.291667  17.478 0.000   8.967 0.000
186.291667 187.291667   7.237 0.000   2.480 0.000
189.291667 190.291667  13.246 0.000  11.064 0.000
192.291667 193.291667  10.299 0.000   3.560 0.000
195.291667 196.291667  14.547 0.000   5.017 0.000
198.291667 199.291667  12.993 0.000   4.072 0.000
201.291667 202.291667  11.883 0.000   5.118 0.000
204.291667 205.291667   8.496 0.000   3.762 0.000
207.291667 208.291667  13.932 0.000   3.015 0.000
210.291667 211.291667   7.138 0.000   3.035 0.000
213.291667 214.291667 999.999 0.999 999.999 0.999
216.291667 217.291667 999.999 0.999 999.999 0.999
219.291667 220.291667  15.266 0.000   9.306 0.000
222.291667 223.291667  11.224 0.000   4.156 0.000
225.291667 226.291667  13.684 0.000   6.777 0.000
228.291667 229.291667  19.273 0.000   7.511 0.000
231.291667 232.291667  15.973 0.000   3.697 0.000
234.291667 235.291667  26.322 0.000   8.812 0.000
237.291667 238.291667  22.190 0.000   8.842 0.000
240.291667 241.291667  13.153 0.000   4.909 0.000
243.291667 244.291667  10.356 0.000   3.763 0.000
246.291667 247.291667  29.746 0.000   8.521 0.000
249.291667 250.291667  18.652 0.000   6.926 0.000
252.291667 253.291667   9.123 0.000   2.620 0.000
255.291667 256.291667  22.786 0.000   5.938 0.000
258.291667 259.291667  14.130 0.000   2.904 0.000
261.291667 262.291667   7.298 0.000   1.873 0.000
264.291667 265.291667  17.386 0.000   3.484 0.000
267.291667 268.291667   7.973 0.000   3.261 0.000
270.291667 271.291667   4.210 0.000   1.431 0.000
273.291667 274.291667   4.467 0.000   1.137 0.000
276.291667 277.291667   6.662 0.000   1.616 0.000
279.291667 280.291667   9.150 0.000   2.439 0.000
282.291667 283.291667  15.583 0.000   4.486 0.000
285.291667 286.291667   3.787 0.000   1.383 0.000
288.291667 289.291667   7.444 0.000   2.423 0.000
291.291667 292.291667   5.691 0.000   2.233 0.000
294.291667 295.291667   3.877 0.000   2.493 0.000
297.291667 298.291667   5.621 0.000   2.291 0.000
300.291667 301.291667   6.755 0.000   1.499 0.000
303.291667 304.291667   6.025 0.000   4.583 0.000
306.291667 307.291667   3.762 0.000   1.763 0.000
309.291667 310.291667   6.725 0.000   3.412 0.000
312.291667 313.291667   4.639 0.000   4.003 0.000
315.291667 316.291667   3.714 0.000   2.145 0.000
318.291667 319.291667   4.023 0.000   2.366 0.000
321.291667 322.291667   3.112 0.000   1.158 0.000
324.291667 325.291667   4.790 0.000   2.802 0.000
327.291667 328.291667   3.339 0.000   1.794 0.000
330.291667 331.291667 999.999 0.999 999.999 0.999
333.291667 334.291667   4.621 0.000   2.224 0.000
336.291667 337.291667   4.965 0.000   2.035 0.000
339.291667 340.291667   6.705 0.000   3.552 0.000
342.291667 343.291667   6.123 0.000   2.025 0.000
345.291667 346.291667   4.002 0.000   3.274 0.000
348.291667 349.291667   6.598 0.000   5.071 0.000
351.291667 352.291667   2.779 0.000   2.409 0.000
354.291667 355.291667   8.041 0.000   5.964 0.000
357.291667 358.291667 999.999 0.999 999.999 0.999
360.291667 361.291667 999.999 0.999 999.999 0.999
363.291667 364.291667 999.999 0.999 999.999 0.999
