scripts/IMPROVE-2019_partial/data/US0071R.20010101080000.20191216000000.filterpack..pm25.52w.1w.US03L_filterpack_US0071.US03L_IMPROVE_Davis.lev2.nas
64 1001
MISSING INFORMATION
US03L, IMPROVE, , , , , , , 
MISSING INFORMATION
IMPROVE sel_HTAP
1 1
2001 01 01 2019 12 16
3.000000
days from file reference point
25
1 1 1 1 1 1 1 1 1 1 1 1 1 1 1 1 1 1 1 1 1 1 1 1 1
999.999999 9999.99 9.999 99.99 9.999 9.999 9.999999 99.99 9.999999 99.999 9.999999 99.999 9.999 999.999 9.999 999.999 9.999 999.999 9.999 999.999 9.999 9.999 9.999 9.999 9.999999
end_time of measurement, days from the file reference point
iron, ng/m3, Revision date=20181210133000
numflag iron, no unit, Revision date=20181210133000
lead, ng/m3, Revision date=20181210133000
numflag lead, no unit, Revision date=20181210133000
magnesium, ug/m3, Revision date=20181210133000
numflag magnesium, no unit, Revision date=20181210133000
nickel, ng/m3, Revision date=20181210133000
numflag nickel, no unit, Revision date=20181210133000
nitrate, ug N/m3, Revision date=20181210133000
numflag nitrate, no unit, Revision date=20181210133000
organic_carbon, ug C/m3, Revision date=20181210133000
numflag organic_carbon, no unit, Revision date=20181210133000
organic_mass, ug/m3, Revision date=20181210133000
numflag organic_mass, no unit, Revision date=20181210133000
pm10_mass, ug/m3, Version=2, Version description=Data extracted from http://views.cira.colostate.edu/fed/DataWizard 2019-12-16, Sample duration=1d, Orig. time res.=3d, Matrix=pm10, Blank correction=Blank corrected, Volume std. temperature=ambient, Volume std. pressure=ambient
numflag pm10_mass, no unit, Version=2, Version description=Data extracted from http://views.cira.colostate.edu/fed/DataWizard 2019-12-16, Sample duration=1d, Orig. time res.=3d, Matrix=pm10, Blank correction=Blank corrected, Volume std. temperature=ambient, Volume std. pressure=ambient
pm10_pm25_mass, ug/m3, Revision date=20181210133000, Matrix=pm10_pm25
numflag pm10_pm25_mass, no unit, Revision date=20181210133000, Matrix=pm10_pm25
pm25_mass, ug/m3, Version=2, Version description=Data extracted from http://views.cira.colostate.edu/fed/DataWizard 2019-12-16, Sample duration=1d, Orig. time res.=3d, Blank correction=Blank corrected, Volume std. temperature=ambient, Volume std. pressure=ambient
numflag pm25_mass, no unit, Version=2, Version description=Data extracted from http://views.cira.colostate.edu/fed/DataWizard 2019-12-16, Sample duration=1d, Orig. time res.=3d, Blank correction=Blank corrected, Volume std. temperature=ambient, Volume std. pressure=ambient
potassium, ug/m3, Revision date=20181210133000
numflag potassium, no unit, Revision date=20181210133000
sulphate_total, ug S/m3, Revision date=20181210133000
numflag sulphate_total, no unit, Revision date=20181210133000
0
25
Data definition:              EBAS_1.1
Set type code:                TU
Timezone:                     UTC
File name:                    US0071R.20010101080000.20191216000000.filterpack..pm25.52w.1w.US03L_filterpack_US0071.US03L_IMPROVE_Davis.lev2.nas
File creation:                20191218120014
Startdate:                    20010101080000
Revision date:                20191216000000
Statistics:                   arithmetic mean
Data level:                   2
Period code:                  52w
Resolution code:              1w
Station code:                 US0071R
Platform code:                US0071S
Station name:                 Hells Canyon
Station latitude:             44.9702
Station longitude:            -116.8438
Station altitude:             655.0 m
Regime:                       IMG
Component:                    
Matrix:                       pm25
Laboratory code:              US03L
Instrument type:              filterpack
Instrument name:              filterpack_US0071
Method ref:                   US03L_IMPROVE_Davis
starttime endtime Fe flag_Fe Pb flag_Pb Mg++ flag_Mg++ Ni flag_Ni NO3- flag_NO3- OC flag_OC OM flag_OM PM10 flag_PM10 PM10-PM2.5 flag_PM10-PM2.5 PM2.5 flag_PM2.5 K+ flag_K+ SO4-- flag_SO4--
[from data line 85]
255.333333 256.333333   59.79 0.000  0.16 0.000 9.999 0.259000  0.77 0.000000  0.087 0.000000  1.185 0.000   1.659 0.000   7.312 0.000   3.474 0.000   3.838 0.000 0.039 0.000 0.215 0.000000
258.333333 259.333333   47.28 0.000  0.33 0.000 9.999 0.259000 99.99 0.259000  0.016 0.000000  1.876 0.000   2.626 0.000   8.293 0.000   3.114 0.000   5.179 0.000 0.050 0.000 0.208 0.000000
261.333333 262.333333   37.73 0.000  0.50 0.000 9.999 0.259000 99.99 0.259000  0.010 0.000000  0.624 0.000   0.873 0.000   6.495 0.000   4.037 0.000   2.458 0.000 0.033 0.000 0.194 0.000000
264.333333 265.333333   69.27 0.000  0.72 0.000 9.999 0.259000 99.99 0.259000  0.015 0.000000  0.852 0.000   1.193 0.000   7.067 0.000   4.021 0.000   3.046 0.000 0.054 0.000 0.141 0.000000
267.333333 268.333333   65.88 0.000  0.56 0.000 9.999 0.259000 99.99 0.259000  0.014 0.000000  0.771 0.000   1.079 0.000  11.668 0.000   8.754 0.000   2.914 0.000 0.031 0.000 0.123 0.000000
270.333333 271.333333   20.39 0.000  0.49 0.000 9.999 0.259000 99.99 0.259000  0.029 0.000000  0.982 0.000   1.375 0.000   5.712 0.000   2.588 0.000   3.123 0.000 0.039 0.000 0.204 0.000000
273.333333 274.333333   62.39 0.000  0.65 0.000 9.999 0.259000 99.99 0.259000  0.017 0.000000  1.506 0.000   2.109 0.000   8.547 0.000   4.542 0.000   4.005 0.000 0.047 0.000 0.137 0.000000
276.333333 277.333333  216.31 0.000  0.67 0.000 9.999 0.259000  0.39 0.000000  0.026 0.000000  1.367 0.000   1.914 0.000  13.517 0.000   6.766 0.000   6.751 0.000 0.091 0.000 0.128 0.000000
279.333333 280.333333  146.78 0.000  0.75 0.000 9.999 0.259000 99.99 0.259000  0.044 0.000000  0.936 0.000   1.311 0.000  16.865 0.000  10.922 0.000   5.943 0.000 0.066 0.000 0.259 0.000000
282.333333 283.333333  107.66 0.000  0.53 0.000 9.999 0.259000  0.32 0.000000  0.054 0.000000  0.472 0.000   0.661 0.000   6.696 0.000   2.997 0.000   3.700 0.000 0.047 0.000 0.129 0.000000
285.333333 286.333333    7.27 0.000  0.47 0.000 9.999 0.259000 99.99 0.259000  0.058 0.559000  0.419 0.000   0.587 0.000   2.466 0.000   0.939 0.000   1.527 0.000 0.013 0.000 0.087 0.559000
288.333333 289.333333   27.18 0.000  0.59 0.000 9.999 0.259000 99.99 0.259000  0.016 0.000000  0.913 0.000   1.278 0.000   6.683 0.000   4.101 0.000   2.582 0.000 0.027 0.000 0.063 0.000000
291.333333 292.333333   41.06 0.000  0.73 0.000 9.999 0.259000 99.99 0.259000  0.036 0.000000  3.265 0.000   4.571 0.000  10.623 0.000   3.324 0.000   7.300 0.000 0.048 0.000 0.127 0.000000
294.333333 295.333333   13.67 0.000 99.99 0.259 0.019 0.000000 99.99 0.259000  0.011 0.000000  1.264 0.000   1.770 0.000   3.803 0.000   1.298 0.000   2.505 0.000 0.020 0.000 0.050 0.000000
297.333333 298.333333   16.31 0.000  0.60 0.000 9.999 0.259000  0.05 0.000000  0.083 0.000000  1.739 0.000   2.435 0.000   6.614 0.000   2.326 0.000   4.287 0.000 0.048 0.000 0.100 0.000000
300.333333 301.333333    6.54 0.559  0.35 0.559 9.999 0.559259 99.99 0.559259  0.013 0.559000  0.629 0.000   0.881 0.000   2.794 0.000   1.280 0.000   1.515 0.559 0.016 0.559 0.058 0.559000
303.333333 304.333333   75.45 0.000  0.54 0.000 9.999 0.259000  1.90 0.000000  0.026 0.000000  0.625 0.000   0.875 0.000   3.452 0.000   1.404 0.000   2.048 0.000 0.018 0.000 0.125 0.000000
306.333333 307.333333    9.96 0.000  1.32 0.000 9.999 0.259000  0.09 0.000000  0.047 0.000000  3.100 0.000   4.341 0.000   7.275 0.000   1.462 0.000   5.813 0.000 0.065 0.000 0.142 0.000000
309.333333 310.333333    6.64 0.000  0.54 0.000 9.999 0.259000  0.20 0.000000  0.046 0.000000  1.713 0.000   2.399 0.000   4.887 0.000   1.348 0.000   3.539 0.000 0.028 0.000 0.087 0.000000
312.333333 313.333333   18.62 0.000  0.79 0.000 9.999 0.259000 99.99 0.259000  0.146 0.000000  2.695 0.000   3.773 0.000   8.816 0.000   2.755 0.000   6.061 0.000 0.055 0.000 0.222 0.000000
315.333333 316.333333   26.65 0.000  1.25 0.000 9.999 0.259000 99.99 0.259000  0.055 0.000000  1.683 0.000   2.357 0.000   8.556 0.000   3.310 0.000   5.246 0.000 0.046 0.000 0.359 0.000000
318.333333 319.333333   18.22 0.000  0.60 0.000 0.011 0.000000  0.22 0.000000  0.025 0.000000  1.035 0.000   1.448 0.000   3.945 0.000   1.590 0.000   2.355 0.000 0.023 0.000 0.052 0.000000
321.333333 322.333333    2.07 0.000  0.69 0.000 0.011 0.000000 99.99 0.259000  0.015 0.000000  0.731 0.000   1.024 0.000   2.852 0.000   0.859 0.000   1.993 0.000 0.016 0.000 0.108 0.000000
324.333333 325.333333    7.78 0.000 99.99 0.259 9.999 0.259000  0.32 0.000000  0.045 0.000000  0.275 0.000   0.384 0.000   1.736 0.000   0.820 0.000   0.916 0.000 0.011 0.000 0.048 0.000000
327.333333 328.333333    5.23 0.000  0.21 0.000 9.999 0.259000 99.99 0.259000  0.024 0.559000  0.353 0.000   0.494 0.000   1.323 0.000   0.455 0.000   0.868 0.000 0.008 0.000 0.036 0.559000
330.333333 331.333333    2.10 0.000  0.22 0.000 9.999 0.259000  0.05 0.000000  0.016 0.559000  0.431 0.000   0.603 0.000   1.504 0.000   0.379 0.000   1.125 0.000 0.006 0.000 0.047 0.559000
333.333333 334.333333   27.13 0.000  0.20 0.000 9.999 0.259000 99.99 0.259000  0.041 0.000000  0.288 0.000   0.403 0.000   1.736 0.000   0.544 0.000   1.192 0.000 0.010 0.000 0.055 0.000000
336.333333 337.333333    3.49 0.000  0.33 0.000 9.999 0.259000 99.99 0.259000  0.014 0.000000  0.234 0.000   0.327 0.000   1.081 0.000   0.375 0.000   0.707 0.000 0.006 0.000 0.042 0.000000
339.333333 340.333333    1.72 0.000 99.99 0.259 9.999 0.259000 99.99 0.259000  0.036 0.000000  0.086 0.000   0.120 0.000   1.641 0.000   1.100 0.000   0.541 0.000 0.004 0.000 0.024 0.000000
342.333333 343.333333    7.86 0.000  0.85 0.000 9.999 0.259000 99.99 0.259000  0.487 0.000000  0.979 0.000   1.371 0.000   4.274 0.000   0.373 0.000   3.901 0.000 0.012 0.000 0.155 0.000000
345.333333 346.333333    4.31 0.000  0.66 0.000 9.999 0.259000 99.99 0.259000  0.459 0.000000  1.049 0.000   1.468 0.000   6.529 0.000   1.072 0.000   5.456 0.000 0.043 0.000 0.282 0.000000
348.333333 349.333333    1.94 0.000 99.99 0.259 9.999 0.259000 99.99 0.259000  0.034 0.000000  0.214 0.000   0.299 0.000   1.539 0.000   0.663 0.000   0.875 0.000 0.006 0.000 0.025 0.000000
351.333333 352.333333   11.45 0.000  0.30 0.000 9.999 0.259000 99.99 0.259000  0.037 0.000000  0.354 0.000   0.495 0.000   1.513 0.000   0.234 0.000   1.279 0.000 0.010 0.000 0.037 0.000000
354.333333 355.333333    5.19 0.000  0.41 0.000 9.999 0.259000 99.99 0.259000  0.541 0.000000  0.548 0.000   0.767 0.000   3.743 0.000   1.231 0.000   2.511 0.000 0.006 0.000 0.159 0.000000
357.333333 358.333333    4.30 0.000 99.99 0.259 9.999 0.259000 99.99 0.259000  0.249 0.559000  0.450 0.000   0.630 0.000   3.138 0.000   0.699 0.000   2.438 0.000 0.006 0.000 0.112 0.559000
360.333333 361.333333    5.50 0.000  0.53 0.000 9.999 0.259000 99.99 0.259000  0.352 0.559000  0.631 0.000   0.884 0.000   4.094 0.000   0.665 0.000   3.429 0.000 0.010 0.000 0.249 0.559000
363.333333 364.333333    4.74 0.000  0.92 0.000 9.999 0.259000 99.99 0.259000  0.692 0.559000  0.916 0.000   1.283 0.000   7.027 0.000   0.969 0.000   6.058 0.000 0.011 0.000 0.301 0.559000
