scripts/IMPROVE-2019_partial/data/US0074R.20070103060000.20191216000000.filterpack...1y.3d.US03L_filterpack_US0074.US03L_IMPROVE_Davis.lev2.nas
52 1001
MISSING INFORMATION
US03L, IMPROVE, , , , , , , 
MISSING INFORMATION
IMPROVE sel_HTAP
1 1
2007 01 01 2019 12 16
3.00
days from file reference point
5
1 1 1 1 1
999.99 999.999 9.999 999.999 9.999
end_time of measurement, days from the file reference point
pm10_mass, ug/m3, Matrix=pm10
numflag pm10_mass, no unit, Matrix=pm10
pm25_mass, ug/m3, Matrix=pm25
numflag pm25_mass, no unit, Matrix=pm25
0
33
Data definition:              EBAS_1.1
Set type code:                TU
Timezone:                     UTC
File name:                    US0074R.20070103060000.20191216000000.filterpack...1y.3d.US03L_filterpack_US0074.US03L_IMPROVE_Davis.lev2.nas
File creation:                20191218120032
Startdate:                    20070103060000
Revision date:                20191216000000
Version:                      2
Version description:          "Data extracted from http://views.cira.colostate.edu/fed/DataWizard 2019-12-16"
Statistics:                   arithmetic mean
Data level:                   2
Period code:                  1y
Resolution code:              3d
Sample duration:              1d
Orig. time res.:              3d
Station code:                 US0074R
Platform code:                US0074S
Station name:                 Guadalupe Mountains NP
Station latitude:             31.833
Station longitude:            -104.8094
Station altitude:             1672.0 m
Regime:                       IMG
Component:                    
Unit:                         ug/m3
Matrix:                       
Laboratory code:              US03L
Instrument type:              filterpack
Instrument name:              filterpack_US0074
Method ref:                   US03L_IMPROVE_Davis
Blank correction:             Blank corrected
Volume std. temperature:      ambient
Volume std. pressure:         ambient
starttime endtime PM10 flag_PM10 PM2.5 flag_PM2.5
  2.25   3.25   6.067 0.000   4.955 0.000
  5.25   6.25   3.479 0.000   1.999 0.000
  8.25   9.25   9.860 0.000   2.123 0.000
 11.25  12.25   3.816 0.000   1.884 0.000
 14.25  15.25   2.684 0.000   1.687 0.000
 17.25  18.25   4.568 0.000 999.999 0.999
 20.25  21.25 999.999 0.999 999.999 0.999
 23.25  24.25   2.172 0.000 999.999 0.999
 26.25  27.25   3.051 0.000 999.999 0.999
 29.25  30.25   1.941 0.000 999.999 0.999
 32.25  33.25   2.979 0.000   1.585 0.000
 35.25  36.25   5.615 0.000   2.070 0.000
 38.25  39.25   9.483 0.000   3.026 0.000
 41.25  42.25  10.354 0.000   3.904 0.000
 44.25  45.25   2.202 0.000   1.516 0.000
 47.25  48.25   4.702 0.000   1.536 0.000
 50.25  51.25   6.079 0.000   2.033 0.000
 53.25  54.25  43.827 0.000  10.011 0.000
 56.25  57.25   5.577 0.000   1.927 0.000
 59.25  60.25   5.614 0.000   2.446 0.000
 62.25  63.25   4.330 0.000   1.520 0.000
 65.25  66.25  14.302 0.000   3.934 0.000
 68.25  69.25  13.768 0.000   4.198 0.000
 71.25  72.25   4.571 0.000   2.349 0.000
 74.25  75.25  17.522 0.000   8.163 0.000
 77.25  78.25  10.913 0.000   3.485 0.000
 80.25  81.25  12.358 0.000   7.994 0.000
 83.25  84.25 999.999 0.999 999.999 0.999
 86.25  87.25  22.326 0.000   5.843 0.000
 89.25  90.25   4.361 0.000   1.755 0.000
 92.25  93.25   9.946 0.000   2.701 0.000
 95.25  96.25  11.263 0.000   6.248 0.000
 98.25  99.25  23.618 0.000   5.942 0.000
101.25 102.25  36.346 0.000  10.013 0.000
104.25 105.25   6.519 0.000   2.067 0.000
107.25 108.25  17.441 0.000   6.587 0.000
110.25 111.25  35.635 0.000   6.750 0.000
113.25 114.25  15.220 0.000   3.003 0.000
116.25 117.25  22.319 0.000   7.108 0.000
119.25 120.25   6.835 0.000   3.511 0.000
122.25 123.25  13.015 0.000   6.585 0.000
125.25 126.25  21.586 0.000   6.376 0.000
128.25 129.25   3.239 0.000   2.318 0.000
131.25 132.25   7.845 0.000   4.674 0.000
134.25 135.25  16.113 0.000   8.174 0.000
137.25 138.25   6.178 0.000   4.537 0.000
140.25 141.25   9.282 0.000   4.149 0.000
143.25 144.25  19.082 0.000   9.081 0.000
146.25 147.25   7.577 0.000   4.233 0.000
149.25 150.25  12.588 0.000   4.265 0.000
152.25 153.25  16.238 0.000   9.840 0.000
155.25 156.25   8.318 0.000   4.463 0.000
158.25 159.25  26.753 0.000   7.917 0.000
161.25 162.25  26.062 0.000   7.321 0.000
164.25 165.25   5.525 0.000   3.010 0.000
167.25 168.25   8.080 0.000   4.086 0.000
170.25 171.25  14.537 0.000   6.541 0.000
173.25 174.25 999.999 0.999 999.999 0.999
176.25 177.25 999.999 0.999 999.999 0.999
179.25 180.25  13.487 0.000   6.086 0.000
182.25 183.25  10.087 0.000   5.007 0.000
185.25 186.25  10.509 0.000   3.870 0.000
188.25 189.25   7.313 0.000   3.769 0.000
191.25 192.25  16.807 0.000  12.872 0.000
194.25 195.25 999.999 0.999 999.999 0.999
197.25 198.25 999.999 0.999 999.999 0.999
200.25 201.25   7.366 0.000   4.621 0.000
203.25 204.25   8.318 0.000   5.507 0.000
206.25 207.25   8.482 0.000   6.248 0.000
209.25 210.25   5.920 0.000   4.601 0.000
212.25 213.25   2.882 0.000   1.992 0.000
215.25 216.25  14.139 0.000   8.886 0.000
218.25 219.25 999.999 0.999 999.999 0.999
221.25 222.25  15.667 0.000   8.458 0.000
224.25 225.25  12.022 0.000   8.361 0.000
227.25 228.25  21.116 0.000  15.820 0.000
230.25 231.25   8.670 0.000   5.299 0.000
233.25 234.25  11.589 0.000   6.023 0.000
236.25 237.25   6.880 0.000   3.832 0.000
239.25 240.25   8.172 0.000   4.830 0.000
242.25 243.25   9.889 0.000   6.496 0.000
245.25 246.25  13.679 0.000  10.701 0.000
248.25 249.25   5.468 0.000   1.845 0.000
251.25 252.25   6.708 0.000   4.729 0.000
254.25 255.25   3.143 0.000   2.377 0.000
257.25 258.25  10.598 0.000   7.085 0.000
260.25 261.25   6.662 0.000   2.948 0.000
263.25 264.25   4.476 0.000   2.402 0.000
266.25 267.25   4.072 0.000   2.772 0.000
269.25 270.25   6.251 0.000   3.549 0.000
272.25 273.25   6.811 0.000   3.128 0.000
275.25 276.25   7.044 0.000   3.491 0.000
278.25 279.25   7.869 0.000   4.311 0.000
281.25 282.25  11.757 0.000   5.031 0.000
284.25 285.25   7.403 0.000   3.705 0.000
287.25 288.25   7.810 0.000   2.613 0.000
290.25 291.25  10.184 0.000   2.799 0.000
293.25 294.25  14.587 0.000   3.554 0.000
296.25 297.25   6.061 0.000   1.648 0.000
299.25 300.25  14.873 0.000   4.139 0.000
302.25 303.25   6.957 0.000   2.588 0.000
305.25 306.25  23.289 0.000   7.064 0.000
308.25 309.25  21.697 0.000   6.541 0.000
311.25 312.25  22.248 0.000   7.599 0.000
314.25 315.25  12.636 0.000   4.268 0.000
317.25 318.25  30.268 0.000   5.419 0.000
320.25 321.25   9.072 0.000   4.102 0.000
323.25 324.25 999.999 0.456   3.481 0.000
326.25 327.25   2.922 0.000   2.495 0.000
329.25 330.25   6.882 0.000   6.243 0.000
332.25 333.25  14.586 0.000   3.063 0.000
335.25 336.25   3.603 0.000   1.567 0.000
338.25 339.25  12.078 0.000   2.765 0.000
341.25 342.25  13.588 0.000   3.523 0.000
344.25 345.25   1.687 0.000   0.932 0.000
347.25 348.25   4.990 0.000   2.046 0.000
350.25 351.25   4.001 0.000   1.878 0.000
353.25 354.25   3.577 0.000   1.722 0.000
356.25 357.25   5.623 0.000   2.335 0.000
359.25 360.25   2.602 0.000   0.933 0.000
362.25 363.25   5.538 0.000   1.726 0.000
