scripts/IMPROVE-2019_partial/data/US0069R.20000311080000.20191216000000.filterpack..pm25.42w.1w.US03L_filterpack_US0069.US03L_IMPROVE_Davis.lev2.nas
66 1001
MISSING INFORMATION
US03L, IMPROVE, , , , , , , 
MISSING INFORMATION
IMPROVE sel_HTAP
1 1
2000 01 01 2019 12 16
0
days from file reference point
27
1 1 1 1 1 1 1 1 1 1 1 1 1 1 1 1 1 1 1 1 1 1 1 1 1 1 1
999.999999 999.99 9.999 99.99 9.999 9.999 9.999999 9.99 9.999999 9.999 9.999 99.999 9.999 99.999 9.999 99.99 9.999999 999.999 9.999 99.999 9.999 999.999 9.999 9.999 9.999 9.999 9.999
end_time of measurement, days from the file reference point
iron, ng/m3, Revision date=20181210133000
numflag iron, no unit, Revision date=20181210133000
lead, ng/m3, Revision date=20181210133000
numflag lead, no unit, Revision date=20181210133000
magnesium, ug/m3, Revision date=20181210133000
numflag magnesium, no unit, Revision date=20181210133000
nickel, ng/m3, Revision date=20181210133000
numflag nickel, no unit, Revision date=20181210133000
nitrate, ug N/m3, Revision date=20181210133000
numflag nitrate, no unit, Revision date=20181210133000
organic_carbon, ug C/m3, Revision date=20181210133000
numflag organic_carbon, no unit, Revision date=20181210133000
organic_mass, ug/m3, Revision date=20181210133000
numflag organic_mass, no unit, Revision date=20181210133000
phosphorus, ng/m3, Revision date=20181210133000
numflag phosphorus, no unit, Revision date=20181210133000
pm10_mass, ug/m3, Version=2, Version description=Data extracted from http://views.cira.colostate.edu/fed/DataWizard 2019-12-16, Sample duration=1d, Orig. time res.=3d, Matrix=pm10, Blank correction=Blank corrected, Volume std. temperature=ambient, Volume std. pressure=ambient
numflag pm10_mass, no unit, Version=2, Version description=Data extracted from http://views.cira.colostate.edu/fed/DataWizard 2019-12-16, Sample duration=1d, Orig. time res.=3d, Matrix=pm10, Blank correction=Blank corrected, Volume std. temperature=ambient, Volume std. pressure=ambient
pm10_pm25_mass, ug/m3, Revision date=20181210133000, Matrix=pm10_pm25
numflag pm10_pm25_mass, no unit, Revision date=20181210133000, Matrix=pm10_pm25
pm25_mass, ug/m3, Version=2, Version description=Data extracted from http://views.cira.colostate.edu/fed/DataWizard 2019-12-16, Sample duration=1d, Orig. time res.=3d, Blank correction=Blank corrected, Volume std. temperature=ambient, Volume std. pressure=ambient
numflag pm25_mass, no unit, Version=2, Version description=Data extracted from http://views.cira.colostate.edu/fed/DataWizard 2019-12-16, Sample duration=1d, Orig. time res.=3d, Blank correction=Blank corrected, Volume std. temperature=ambient, Volume std. pressure=ambient
potassium, ug/m3, Revision date=20181210133000
numflag potassium, no unit, Revision date=20181210133000
sulphate_total, ug S/m3, Revision date=20181210133000
numflag sulphate_total, no unit, Revision date=20181210133000
0
25
Data definition:              EBAS_1.1
Set type code:                TI
Timezone:                     UTC
File name:                    US0069R.20000311080000.20191216000000.filterpack..pm25.42w.1w.US03L_filterpack_US0069.US03L_IMPROVE_Davis.lev2.nas
File creation:                20191218115955
Startdate:                    20000311080000
Revision date:                20191216000000
Statistics:                   arithmetic mean
Data level:                   2
Period code:                  42w
Resolution code:              1w
Station code:                 US0069R
Platform code:                US0069S
Station name:                 Kalmiopsis
Station latitude:             42.552
Station longitude:            -124.0589
Station altitude:             80.0 m
Regime:                       IMG
Component:                    
Matrix:                       pm25
Laboratory code:              US03L
Instrument type:              filterpack
Instrument name:              filterpack_US0069
Method ref:                   US03L_IMPROVE_Davis
starttime endtime Fe flag_Fe Pb flag_Pb Mg++ flag_Mg++ Ni flag_Ni NO3- flag_NO3- OC flag_OC OM flag_OM P flag_P PM10 flag_PM10 PM10-PM2.5 flag_PM10-PM2.5 PM2.5 flag_PM2.5 K+ flag_K+ SO4-- flag_SO4--
[from data line 83]
342.333333 343.333333   5.22 0.000  1.01 0.000 9.999 0.259000 0.26 0.000000 0.054 0.000  1.505 0.000  2.107 0.000 99.99 0.259000   6.178 0.000  1.217 0.000   4.960 0.000 0.031 0.000 0.249 0.000
345.333333 346.333333   1.04 0.000  0.48 0.000 9.999 0.259000 9.99 0.259000 0.009 0.000  0.857 0.000  1.200 0.000 99.99 0.259000   2.897 0.000  1.153 0.000   1.744 0.000 0.021 0.000 0.067 0.000
348.333333 349.333333   0.70 0.000 99.99 0.259 9.999 0.259000 0.09 0.000000 0.017 0.000  0.842 0.000  1.178 0.000 99.99 0.259000   8.445 0.000  4.458 0.000   3.987 0.000 0.020 0.000 0.104 0.000
351.333333 352.333333   0.40 0.000  0.12 0.000 9.999 0.259000 9.99 0.259000 0.012 0.000  0.232 0.000  0.324 0.000 99.99 0.259000   3.605 0.000  2.268 0.000   1.337 0.000 0.009 0.000 0.058 0.000
354.333333 355.333333   9.25 0.000  0.49 0.000 9.999 0.259000 9.99 0.259000 0.018 0.000  0.981 0.000  1.373 0.000 99.99 0.259000   4.315 0.000  2.222 0.000   2.092 0.000 0.023 0.000 0.078 0.000
357.333333 358.333333   4.13 0.000  0.16 0.000 9.999 0.259000 9.99 0.259000 0.006 0.000  0.478 0.000  0.669 0.000 99.99 0.259000   2.630 0.000  1.595 0.000   1.034 0.000 0.009 0.000 0.062 0.000
360.333333 361.333333   5.60 0.000  0.37 0.000 9.999 0.259000 9.99 0.259000 0.005 0.000  0.943 0.000  1.321 0.000 99.99 0.259000   2.901 0.000  1.500 0.000   1.401 0.000 0.017 0.000 0.043 0.000
363.333333 364.333333   3.99 0.000  0.60 0.000 9.999 0.259000 9.99 0.259000 0.010 0.000  0.948 0.000  1.327 0.000 99.99 0.259000   2.835 0.000  0.990 0.000   1.846 0.000 0.018 0.000 0.060 0.000
