scripts/IMPROVE-2019_partial/data/US0083R.19960103080000.20191216000000.filterpack...1y.3d.US03L_filterpack_US0083.US03L_IMPROVE_Davis.lev2.nas
51 1001
MISSING INFORMATION
US03L, IMPROVE, , , , , , , 
MISSING INFORMATION
IMPROVE sel_HTAP
1 1
1996 01 01 2019 12 16
0
days from file reference point
4
1 1 1 1
999.999999 999.999 999.999 9.999
end_time of measurement, days from the file reference point
pm10_mass, ug/m3, Matrix=pm10
pm25_mass, ug/m3, Matrix=pm25
numflag, no unit
0
33
Data definition:              EBAS_1.1
Set type code:                TI
Timezone:                     UTC
File name:                    US0083R.19960103080000.20191216000000.filterpack...1y.3d.US03L_filterpack_US0083.US03L_IMPROVE_Davis.lev2.nas
File creation:                20191218120101
Startdate:                    19960103080000
Revision date:                20191216000000
Version:                      2
Version description:          "Data extracted from http://views.cira.colostate.edu/fed/DataWizard 2019-12-16"
Statistics:                   arithmetic mean
Data level:                   2
Period code:                  1y
Resolution code:              3d
Sample duration:              1d
Orig. time res.:              3d
Station code:                 US0083R
Platform code:                US0083S
Station name:                 Columbia River Gorge
Station latitude:             45.6644
Station longitude:            -121.0008
Station altitude:             178.0 m
Regime:                       IMG
Component:                    
Unit:                         ug/m3
Matrix:                       
Laboratory code:              US03L
Instrument type:              filterpack
Instrument name:              filterpack_US0083
Method ref:                   US03L_IMPROVE_Davis
Blank correction:             Blank corrected
Volume std. temperature:      ambient
Volume std. pressure:         ambient
starttime endtime PM10 PM2.5 flag
  2.333333   3.333333   5.208   1.277 0.000
  5.333333   6.333333   7.829   5.363 0.000
  9.333333  10.333333  16.526   2.554 0.000
 12.333333  13.333333  17.449   7.734 0.000
 16.333333  17.333333   4.216   2.178 0.000
 19.333333  20.333333   4.299   2.557 0.000
 23.333333  24.333333   6.648   1.486 0.000
 26.333333  27.333333  10.031   5.330 0.000
 30.333333  31.333333  13.847   8.470 0.000
 33.333333  34.333333  25.937  19.665 0.000
 37.333333  38.333333   6.113   2.451 0.000
 40.333333  41.333333   7.277   2.190 0.000
 44.333333  45.333333  26.613  12.990 0.000
 47.333333  48.333333  28.443  18.645 0.000
 51.333333  52.333333   5.220   1.402 0.000
 54.333333  55.333333   4.794   1.984 0.000
 58.333333  59.333333  24.101   3.910 0.000
 61.333333  62.333333  13.435   6.880 0.000
 65.333333  66.333333   9.695   3.906 0.000
 68.333333  69.333333   8.478   5.549 0.000
 72.333333  73.333333   5.197   2.569 0.000
 75.333333  76.333333  16.372   7.459 0.000
 79.333333  80.333333  14.430   6.313 0.000
 82.333333  83.333333  12.130   3.959 0.000
 86.333333  87.333333  14.680   5.750 0.000
 89.333333  90.333333  10.461   4.266 0.000
 93.333333  94.333333   9.986   4.555 0.000
 96.333333  97.333333  14.295   6.813 0.000
100.333333 101.333333   4.455   1.967 0.000
103.333333 104.333333   5.460   1.444 0.000
107.333333 108.333333  10.417   2.242 0.000
110.333333 111.333333   4.246   1.962 0.000
114.333333 115.333333   4.263   1.828 0.000
117.333333 118.333333   5.186   2.345 0.000
121.333333 122.333333   5.794   2.692 0.000
124.333333 125.333333   6.065   3.046 0.000
128.333333 129.333333  11.719   5.048 0.000
131.333333 132.333333  25.130  10.792 0.000
135.333333 136.333333   5.252   2.547 0.000
138.333333 139.333333   6.554   2.367 0.000
142.333333 143.333333   7.726   1.796 0.000
145.333333 146.333333  15.475   6.366 0.000
149.333333 150.333333  13.381   2.826 0.000
152.333333 153.333333  12.492   6.313 0.000
156.333333 157.333333   8.916   3.472 0.000
159.333333 160.333333  13.117   5.525 0.000
163.333333 164.333333  13.845   6.543 0.000
166.333333 167.333333  17.097   6.296 0.000
170.333333 171.333333   9.609   4.247 0.000
173.333333 174.333333  16.160   5.340 0.000
177.333333 178.333333   8.521   4.058 0.000
180.333333 181.333333  10.523   3.170 0.000
184.333333 185.333333   9.088   4.299 0.000
187.333333 188.333333   9.474   4.630 0.000
191.333333 192.333333  14.187   5.762 0.000
194.333333 195.333333  20.620   8.696 0.000
198.333333 199.333333   9.075   3.502 0.000
201.333333 202.333333   8.265   3.891 0.000
205.333333 206.333333  21.515  11.262 0.000
208.333333 209.333333  22.325  14.251 0.000
212.333333 213.333333  12.413   5.309 0.000
215.333333 216.333333  11.155   3.827 0.000
219.333333 220.333333  18.924   8.030 0.000
222.333333 223.333333  21.701   9.678 0.000
226.333333 227.333333  27.385  11.958 0.000
229.333333 230.333333  12.283   3.720 0.000
233.333333 234.333333  10.417   4.352 0.000
236.333333 237.333333  33.029  14.706 0.000
240.333333 241.333333  18.763   9.053 0.000
243.333333 244.333333   8.325   3.395 0.000
247.333333 248.333333   9.201   2.558 0.000
250.333333 251.333333  14.713   4.203 0.000
254.333333 255.333333  30.599  10.448 0.000
257.333333 258.333333   6.467   2.685 0.000
261.333333 262.333333   9.144   5.216 0.000
264.333333 265.333333   5.435   2.032 0.000
268.333333 269.333333  25.492   7.669 0.000
271.333333 272.333333  14.988   5.797 0.000
275.333333 276.333333  34.546   7.005 0.000
278.333333 279.333333   5.230   2.604 0.000
282.333333 283.333333  31.024  11.308 0.000
285.333333 286.333333   9.244   5.309 0.000
289.333333 290.333333   7.080   4.117 0.000
292.333333 293.333333   2.595   1.499 0.000
296.333333 297.333333  11.118   7.500 0.000
299.333333 300.333333  10.039   6.820 0.000
303.333333 304.333333   8.782   5.418 0.000
306.333333 307.333333  15.469  11.445 0.000
310.333333 311.333333   6.542   4.383 0.000
313.333333 314.333333  11.769   8.395 0.000
317.333333 318.333333   9.964   5.436 0.000
320.333333 321.333333   6.303   4.329 0.000
324.333333 325.333333   7.779   2.940 0.000
327.333333 328.333333  14.838   8.978 0.000
331.333333 332.333333  10.719   7.562 0.000
334.333333 335.333333  13.285   6.293 0.000
338.333333 339.333333   8.832   4.254 0.000
341.333333 342.333333   5.020   2.847 0.000
345.333333 346.333333   6.227   4.651 0.000
348.333333 349.333333   6.265   3.188 0.000
352.333333 353.333333  18.751   8.008 0.000
355.333333 356.333333  17.042   5.279 0.000
359.333333 360.333333   3.644   1.799 0.000
362.333333 363.333333  13.113   7.550 0.000
