scripts/IMPROVE-2019_partial/data/US0061R.20070103050000.20191216000000.filterpack...1y.3d.US03L_filterpack_US0061.US03L_IMPROVE_Davis.lev2.nas
52 1001
MISSING INFORMATION
US03L, IMPROVE, , , , , , , 
MISSING INFORMATION
IMPROVE sel_HTAP
1 1
2007 01 01 2019 12 16
3.000000
days from file reference point
5
1 1 1 1 1
999.999999 999.999 9.999 999.999 9.999
end_time of measurement, days from the file reference point
pm10_mass, ug/m3, Matrix=pm10
numflag pm10_mass, no unit, Matrix=pm10
pm25_mass, ug/m3, Matrix=pm25
numflag pm25_mass, no unit, Matrix=pm25
0
33
Data definition:              EBAS_1.1
Set type code:                TU
Timezone:                     UTC
File name:                    US0061R.20070103050000.20191216000000.filterpack...1y.3d.US03L_filterpack_US0061.US03L_IMPROVE_Davis.lev2.nas
File creation:                20191218115919
Startdate:                    20070103050000
Revision date:                20191216000000
Version:                      2
Version description:          "Data extracted from http://views.cira.colostate.edu/fed/DataWizard 2019-12-16"
Statistics:                   arithmetic mean
Data level:                   2
Period code:                  1y
Resolution code:              3d
Sample duration:              1d
Orig. time res.:              3d
Station code:                 US0061R
Platform code:                US0061S
Station name:                 Brigantine NWR
Station latitude:             39.465
Station longitude:            -74.4492
Station altitude:             5.0 m
Regime:                       IMG
Component:                    
Unit:                         ug/m3
Matrix:                       
Laboratory code:              US03L
Instrument type:              filterpack
Instrument name:              filterpack_US0061
Method ref:                   US03L_IMPROVE_Davis
Blank correction:             Blank corrected
Volume std. temperature:      ambient
Volume std. pressure:         ambient
starttime endtime PM10 flag_PM10 PM2.5 flag_PM2.5
  2.208333   3.208333   8.979 0.000   5.306 0.000
  5.208333   6.208333   4.637 0.000   3.461 0.000
  8.208333   9.208333 999.999 0.999   3.269 0.000
 11.208333  12.208333 999.999 0.999   7.258 0.000
 14.208333  15.208333 999.999 0.999   8.482 0.000
 17.208333  18.208333   8.759 0.000   6.841 0.000
 20.208333  21.208333   5.931 0.000   3.733 0.000
 23.208333  24.208333  18.121 0.000  15.633 0.000
 26.208333  27.208333 999.999 0.456   7.051 0.000
 29.208333  30.208333  12.200 0.000   8.469 0.000
 32.208333  33.208333  23.849 0.000  15.468 0.000
 35.208333  36.208333  15.067 0.000   7.975 0.000
 38.208333  39.208333  21.069 0.000  10.692 0.000
 41.208333  42.208333 999.999 0.999  14.939 0.000
 44.208333  45.208333 999.999 0.999   3.691 0.000
 47.208333  48.208333  10.325 0.000   7.060 0.000
 50.208333  51.208333  21.608 0.000  12.367 0.000
 53.208333  54.208333  12.433 0.000   3.021 0.000
 56.208333  57.208333   8.738 0.000   6.824 0.000
 59.208333  60.208333  15.418 0.000  12.576 0.000
 62.208333  63.208333   6.448 0.000   5.211 0.000
 65.208333  66.208333   8.028 0.000   4.475 0.000
 68.208333  69.208333  11.048 0.000   5.843 0.000
 71.208333  72.208333  19.585 0.000  10.592 0.000
 74.208333  75.208333   7.001 0.000   3.143 0.000
 77.208333  78.208333  11.324 0.000   6.338 0.000
 80.208333  81.208333  25.059 0.000  11.246 0.000
 83.208333  84.208333  10.168 0.000   6.539 0.000
 86.208333  87.208333  17.780 0.000   5.888 0.000
 89.208333  90.208333  11.945 0.000   3.760 0.000
 92.208333  93.208333  12.004 0.000  10.274 0.000
 95.208333  96.208333   8.762 0.000   6.398 0.000
 98.208333  99.208333  12.717 0.000   8.537 0.000
101.208333 102.208333  14.878 0.000   6.402 0.000
104.208333 105.208333  18.689 0.000  10.405 0.000
107.208333 108.208333   6.989 0.000   2.676 0.000
110.208333 111.208333  17.444 0.000   7.138 0.000
113.208333 114.208333  30.018 0.000  16.647 0.000
116.208333 117.208333  23.936 0.000   9.583 0.000
119.208333 120.208333  16.117 0.000   8.266 0.000
122.208333 123.208333  33.654 0.000   5.095 0.000
125.208333 126.208333  19.714 0.000   4.079 0.000
128.208333 129.208333   5.769 0.000   2.611 0.000
131.208333 132.208333  20.787 0.000  11.845 0.000
134.208333 135.208333  31.718 0.000   9.690 0.000
137.208333 138.208333  16.711 0.000   3.505 0.000
140.208333 141.208333  14.941 0.000   5.582 0.000
143.208333 144.208333  22.958 0.000   6.348 0.000
146.208333 147.208333  30.073 0.000  20.855 0.000
149.208333 150.208333  23.168 0.000 999.999 0.456
152.208333 153.208333  18.998 0.000   7.870 0.000
155.208333 156.208333  26.243 0.000  12.843 0.000
158.208333 159.208333  42.054 0.000  22.543 0.000
161.208333 162.208333  19.991 0.000  11.052 0.000
164.208333 165.208333   8.784 0.000   3.708 0.000
167.208333 168.208333  26.461 0.000  19.752 0.000
170.208333 171.208333  24.444 0.000  18.113 0.000
173.208333 174.208333  13.608 0.000   6.217 0.000
176.208333 177.208333  19.832 0.000 999.999 0.456
179.208333 180.208333  18.580 0.000  10.133 0.000
182.208333 183.208333   6.824 0.000   2.584 0.000
185.208333 186.208333  20.204 0.000   8.188 0.000
188.208333 189.208333  32.132 0.000  25.440 0.000
191.208333 192.208333  14.657 0.000  11.576 0.000
194.208333 195.208333  25.139 0.000  16.726 0.000
197.208333 198.208333  29.286 0.000  24.556 0.000
200.208333 201.208333  13.248 0.000   8.845 0.000
203.208333 204.208333   6.358 0.000   3.494 0.000
206.208333 207.208333   7.657 0.000   4.341 0.000
209.208333 210.208333  17.458 0.000  13.730 0.000
212.208333 213.208333  21.084 0.000  16.474 0.000
215.208333 216.208333 999.999 0.999 999.999 0.999
218.208333 219.208333 999.999 0.999 999.999 0.999
221.208333 222.208333  15.908 0.000   7.380 0.000
224.208333 225.208333  21.797 0.000  17.346 0.000
227.208333 228.208333  23.934 0.000  18.614 0.000
230.208333 231.208333  11.371 0.000   6.658 0.000
233.208333 234.208333   3.130 0.000   1.216 0.000
236.208333 237.208333  24.181 0.000  19.602 0.000
239.208333 240.208333   9.616 0.000   4.347 0.000
242.208333 243.208333  24.640 0.000  18.084 0.000
245.208333 246.208333  15.072 0.000   7.695 0.000
248.208333 249.208333  11.618 0.000   6.327 0.000
251.208333 252.208333  11.737 0.000   2.945 0.000
254.208333 255.208333 999.999 0.999 999.999 0.999
257.208333 258.208333   7.166 0.000   4.548 0.000
260.208333 261.208333   6.266 0.000   3.814 0.000
263.208333 264.208333  15.309 0.000  10.448 0.000
266.208333 267.208333   6.221 0.000   4.047 0.000
269.208333 270.208333   8.939 0.000   6.290 0.000
272.208333 273.208333   9.877 0.000   4.500 0.000
275.208333 276.208333   6.620 0.000   2.868 0.000
278.208333 279.208333   6.299 0.000   3.282 0.000
281.208333 282.208333  28.599 0.000  19.727 0.000
284.208333 285.208333   5.313 0.000   2.697 0.000
287.208333 288.208333   8.769 0.000   5.270 0.000
290.208333 291.208333 999.999 0.999   8.896 0.000
293.208333 294.208333 999.999 0.999   8.230 0.000
296.208333 297.208333 999.999 0.999   3.990 0.000
299.208333 300.208333 999.999 0.999   5.750 0.000
302.208333 303.208333 999.999 0.999   8.306 0.000
305.208333 306.208333 999.999 0.999   3.827 0.000
308.208333 309.208333 999.999 0.999   9.162 0.000
311.208333 312.208333   7.730 0.000   5.842 0.000
314.208333 315.208333  10.461 0.000   8.952 0.000
317.208333 318.208333  19.653 0.000  14.638 0.000
320.208333 321.208333   9.034 0.000   6.476 0.000
323.208333 324.208333  13.531 0.000   8.094 0.000
326.208333 327.208333   5.161 0.000   3.466 0.000
329.208333 330.208333   7.833 0.000   5.916 0.000
332.208333 333.208333  10.143 0.000   6.767 0.000
335.208333 336.208333   6.128 0.000   3.119 0.000
338.208333 339.208333   6.212 0.000   5.017 0.000
341.208333 342.208333  18.344 0.000  15.460 0.000
344.208333 345.208333  10.487 0.000   7.938 0.000
347.208333 348.208333  10.265 0.000   8.445 0.000
350.208333 351.208333   5.816 0.000   3.124 0.000
353.208333 354.208333  20.040 0.000  13.903 0.000
356.208333 357.208333  11.400 0.000   3.969 0.000
359.208333 360.208333  11.177 0.000   8.114 0.000
362.208333 363.208333  10.506 0.000   7.409 0.000
