scripts/IMPROVE-2019_partial/data/US0037R.20020102050000.20191216000000.filterpack..pm25.52w.1w.US03L_filterpack_US0037.US03L_IMPROVE_Davis.lev2.nas
64 1001
MISSING INFORMATION
US03L, IMPROVE, , , , , , , 
MISSING INFORMATION
IMPROVE sel_HTAP
1 1
2002 01 01 2019 12 16
3.000000
days from file reference point
25
1 1 1 1 1 1 1 1 1 1 1 1 1 1 1 1 1 1 1 1 1 1 1 1 1
999.999999 9999.99 9.999 99.99 9.999 9.999 9.999999 9.99 9.999999 99.999 9.999 99.999 9.999 99.999 9.999 999.999 9.999 999.999 9.999 999.999 9.999 9.999 9.999 99.999 9.999
end_time of measurement, days from the file reference point
iron, ng/m3, Revision date=20181210133000
numflag iron, no unit, Revision date=20181210133000
lead, ng/m3, Revision date=20181210133000
numflag lead, no unit, Revision date=20181210133000
magnesium, ug/m3, Revision date=20181210133000
numflag magnesium, no unit, Revision date=20181210133000
nickel, ng/m3, Revision date=20181210133000
numflag nickel, no unit, Revision date=20181210133000
nitrate, ug N/m3, Revision date=20181210133000
numflag nitrate, no unit, Revision date=20181210133000
organic_carbon, ug C/m3, Revision date=20181210133000
numflag organic_carbon, no unit, Revision date=20181210133000
organic_mass, ug/m3, Revision date=20181210133000
numflag organic_mass, no unit, Revision date=20181210133000
pm10_mass, ug/m3, Version=2, Version description=Data extracted from http://views.cira.colostate.edu/fed/DataWizard 2019-12-16, Sample duration=1d, Orig. time res.=3d, Matrix=pm10, Blank correction=Blank corrected, Volume std. temperature=ambient, Volume std. pressure=ambient
numflag pm10_mass, no unit, Version=2, Version description=Data extracted from http://views.cira.colostate.edu/fed/DataWizard 2019-12-16, Sample duration=1d, Orig. time res.=3d, Matrix=pm10, Blank correction=Blank corrected, Volume std. temperature=ambient, Volume std. pressure=ambient
pm10_pm25_mass, ug/m3, Revision date=20181210133000, Matrix=pm10_pm25
numflag pm10_pm25_mass, no unit, Revision date=20181210133000, Matrix=pm10_pm25
pm25_mass, ug/m3, Version=2, Version description=Data extracted from http://views.cira.colostate.edu/fed/DataWizard 2019-12-16, Sample duration=1d, Orig. time res.=3d, Blank correction=Blank corrected, Volume std. temperature=ambient, Volume std. pressure=ambient
numflag pm25_mass, no unit, Version=2, Version description=Data extracted from http://views.cira.colostate.edu/fed/DataWizard 2019-12-16, Sample duration=1d, Orig. time res.=3d, Blank correction=Blank corrected, Volume std. temperature=ambient, Volume std. pressure=ambient
potassium, ug/m3, Revision date=20181210133000
numflag potassium, no unit, Revision date=20181210133000
sulphate_total, ug S/m3, Revision date=20181210133000
numflag sulphate_total, no unit, Revision date=20181210133000
0
25
Data definition:              EBAS_1.1
Set type code:                TU
Timezone:                     UTC
File name:                    US0037R.20020102050000.20191216000000.filterpack..pm25.52w.1w.US03L_filterpack_US0037.US03L_IMPROVE_Davis.lev2.nas
File creation:                20191218115746
Startdate:                    20020102050000
Revision date:                20191216000000
Statistics:                   arithmetic mean
Data level:                   2
Period code:                  52w
Resolution code:              1w
Station code:                 US0037R
Platform code:                US0037S
Station name:                 Livonia
Station latitude:             38.5346
Station longitude:            -86.2604
Station altitude:             281.0 m
Regime:                       IMG
Component:                    
Matrix:                       pm25
Laboratory code:              US03L
Instrument type:              filterpack
Instrument name:              filterpack_US0037
Method ref:                   US03L_IMPROVE_Davis
starttime endtime Fe flag_Fe Pb flag_Pb Mg++ flag_Mg++ Ni flag_Ni NO3- flag_NO3- OC flag_OC OM flag_OM PM10 flag_PM10 PM10-PM2.5 flag_PM10-PM2.5 PM2.5 flag_PM2.5 K+ flag_K+ SO4-- flag_SO4--
[from data line 88]
265.208333 266.208333   20.31 0.000  2.21 0.000 9.999 0.259000 9.99 0.259000  0.041 0.559  0.655 0.000  0.917 0.000   9.178 0.000   5.343 0.000   3.835 0.000 0.030 0.000  0.514 0.559
268.208333 269.208333   23.22 0.000  4.33 0.000 9.999 0.259000 0.33 0.000000  0.247 0.000  1.180 0.000  1.652 0.000  14.457 0.000   3.880 0.000  10.578 0.000 0.033 0.000  1.560 0.000
271.208333 272.208333   32.42 0.000  5.42 0.000 0.037 0.000000 9.99 0.259000  0.102 0.559  1.894 0.000  2.651 0.000  24.142 0.000   4.393 0.000  19.749 0.000 0.043 0.000  3.542 0.559
274.208333 275.208333   53.23 0.000  1.60 0.000 9.999 0.259000 0.25 0.000000  0.242 0.000  1.846 0.000  2.584 0.000  22.973 0.000   5.686 0.000  17.287 0.000 0.041 0.000  2.672 0.000
277.208333 278.208333    8.53 0.000  1.31 0.000 0.016 0.000000 0.07 0.000000  0.050 0.000  0.885 0.000  1.240 0.000   8.075 0.000   4.398 0.000   3.676 0.000 0.018 0.000  0.357 0.000
280.208333 281.208333   26.08 0.000  3.48 0.000 9.999 0.259000 0.30 0.000000  0.134 0.559  1.466 0.000  2.052 0.000  12.549 0.000   5.532 0.000   7.018 0.000 0.041 0.000  0.766 0.559
283.208333 284.208333   21.49 0.000  6.26 0.000 0.021 0.000000 0.24 0.000000  0.387 0.000  0.928 0.000  1.299 0.000  16.217 0.000   3.510 0.000  12.707 0.000 0.025 0.000  2.042 0.000
286.208333 287.208333   19.42 0.000  2.43 0.000 9.999 0.259000 0.15 0.000000  0.185 0.559  1.129 0.000  1.580 0.000   9.314 0.000   4.134 0.000   5.179 0.000 0.047 0.000  0.514 0.559
289.208333 290.208333   24.98 0.000  2.28 0.000 9.999 0.259000 9.99 0.259000  0.263 0.559  1.099 0.000  1.538 0.000  12.323 0.000   6.151 0.000   6.173 0.000 0.034 0.000  0.714 0.559
292.208333 293.208333   32.19 0.000  4.98 0.000 9.999 0.259000 9.99 0.259000  1.067 0.000  1.605 0.000  2.247 0.000  12.444 0.000   1.089 0.000  11.355 0.000 0.045 0.000  0.733 0.000
295.208333 296.208333   43.65 0.000  4.24 0.000 9.999 0.259000 0.09 0.000000  1.193 0.000  1.148 0.000  1.607 0.000  16.378 0.000   4.842 0.000  11.535 0.000 0.037 0.000  1.034 0.000
298.208333 299.208333   19.34 0.000  3.48 0.000 0.035 0.000000 0.35 0.000000  0.664 0.000  1.022 0.000  1.430 0.000  16.016 0.000   2.447 0.000  13.569 0.000 0.032 0.000  1.973 0.000
301.208333 302.208333   22.15 0.000  4.85 0.000 9.999 0.259000 0.22 0.000000  0.204 0.559  0.867 0.000  1.214 0.000   8.005 0.000   1.099 0.000   6.906 0.000 0.025 0.000  1.057 0.559
304.208333 305.208333   16.53 0.000  2.07 0.000 9.999 0.259000 0.11 0.000000  0.849 0.000  0.747 0.000  1.046 0.000  12.444 0.000   3.528 0.000   8.916 0.000 0.030 0.000  0.843 0.000
307.208333 308.208333    6.69 0.000  1.01 0.000 9.999 0.259000 0.06 0.000000  0.343 0.559  0.917 0.000  1.283 0.000   7.547 0.000   1.009 0.000   6.538 0.000 0.019 0.000  0.893 0.559
310.208333 311.208333   36.31 0.000  2.05 0.000 9.999 0.259000 0.12 0.000000  0.658 0.000  1.334 0.000  1.867 0.000  13.848 0.000   3.694 0.000  10.154 0.000 0.056 0.000  1.220 0.000
313.208333 314.208333   29.31 0.000  1.11 0.000 9.999 0.259000 0.17 0.000000  0.224 0.000  1.169 0.000  1.636 0.000  12.021 0.000   4.927 0.000   7.093 0.000 0.037 0.000  0.883 0.000
316.208333 317.208333   25.29 0.000  2.54 0.000 9.999 0.259000 0.12 0.000000  0.667 0.000  1.364 0.000  1.910 0.000  14.093 0.000   4.330 0.000   9.763 0.000 0.043 0.000  1.150 0.000
319.208333 320.208333   14.04 0.000  2.31 0.000 9.999 0.259000 0.28 0.000000  0.480 0.559  0.795 0.000  1.113 0.000   7.643 0.000   0.699 0.000   6.944 0.000 0.023 0.000  0.775 0.559
322.208333 323.208333   35.77 0.000  2.31 0.000 9.999 0.259000 0.20 0.000000  1.074 0.559  1.613 0.000  2.258 0.000  14.365 0.000   3.956 0.000  10.409 0.000 0.055 0.000  0.767 0.559
325.208333 326.208333   11.41 0.000  0.79 0.000 0.015 0.000000 9.99 0.259000  0.384 0.000  0.691 0.000  0.968 0.000   6.123 0.000   1.727 0.000   4.395 0.000 0.017 0.000  0.428 0.000
328.208333 329.208333   40.07 0.000  4.46 0.000 9.999 0.259000 0.14 0.000000  0.812 0.559  1.975 0.000  2.766 0.000  14.587 0.000   2.654 0.000  11.934 0.000 0.076 0.000  0.982 0.559
331.208333 332.208333   25.31 0.000  2.12 0.000 9.999 0.259000 0.08 0.000000  1.117 0.559  1.555 0.000  2.178 0.000  17.546 0.000   3.984 0.000  13.562 0.000 0.042 0.000  1.140 0.559
334.208333 335.208333   12.60 0.000  0.90 0.000 9.999 0.259000 0.15 0.000000  0.377 0.000  0.632 0.000  0.885 0.000  12.814 0.000   6.576 0.000   6.238 0.000 0.032 0.000  0.601 0.000
337.208333 338.208333   36.47 0.000  6.29 0.000 9.999 0.259000 0.46 0.000000  0.581 0.000  1.248 0.000  1.747 0.000  13.186 0.000   3.365 0.000   9.821 0.000 0.051 0.000  1.022 0.000
340.208333 341.208333   40.87 0.000  4.07 0.000 9.999 0.259000 0.18 0.000000  1.867 0.000  1.909 0.000  2.673 0.000  24.554 0.000   5.004 0.000  19.549 0.000 0.073 0.000  1.225 0.000
343.208333 344.208333   47.85 0.000  7.88 0.000 9.999 0.259000 0.30 0.000000  1.324 0.000  2.192 0.000  3.069 0.000  20.343 0.000   4.302 0.000  16.040 0.000 0.123 0.000  0.918 0.000
346.208333 347.208333   18.42 0.000  3.62 0.000 0.062 0.000000 0.15 0.000000  0.549 0.000  0.796 0.000  1.115 0.000  10.334 0.000   1.104 0.000   9.230 0.000 0.033 0.000  1.742 0.000
349.208333 350.208333   16.79 0.000  1.75 0.000 9.999 0.259000 9.99 0.259000  0.750 0.559  1.120 0.000  1.568 0.000  11.177 0.000   2.373 0.000   8.804 0.000 0.038 0.000  0.656 0.559
352.208333 353.208333   16.65 0.000  1.22 0.000 9.999 0.259000 0.39 0.000000  0.223 0.000  1.305 0.000  1.827 0.000  10.417 0.000   1.626 0.000   8.790 0.000 0.043 0.000  1.178 0.000
355.208333 356.208333   14.73 0.000  1.55 0.000 9.999 0.259000 0.10 0.000000  0.448 0.000  0.756 0.000  1.058 0.000   7.766 0.000   2.252 0.000   5.515 0.000 0.025 0.000  0.535 0.000
358.208333 359.208333   14.34 0.000  1.55 0.000 0.039 0.000000 9.99 0.259000  0.932 0.000  0.875 0.000  1.225 0.000  12.442 0.000   2.040 0.000  10.402 0.000 0.029 0.000  0.818 0.000
361.208333 362.208333   44.25 0.000  2.41 0.000 9.999 0.259000 0.16 0.000000  0.679 0.000  1.488 0.000  2.083 0.000  13.273 0.000   2.519 0.000  10.754 0.000 0.052 0.000  1.031 0.000
364.208333 365.208333   14.74 0.000  1.19 0.000 9.999 0.259000 0.14 0.000000  0.368 0.559  0.855 0.000  1.196 0.000   8.050 0.000   1.651 0.000   6.398 0.000 0.028 0.000  0.570 0.559
