scripts/IMPROVE-2019_partial/data/US0013R.20070103070000.20191216000000.filterpack...1y.3d.US03L_filterpack_US0013.US03L_IMPROVE_Davis.lev2.nas
52 1001
MISSING INFORMATION
US03L, IMPROVE, , , , , , , 
MISSING INFORMATION
IMPROVE sel_HTAP
1 1
2007 01 01 2019 12 16
3.000000
days from file reference point
5
1 1 1 1 1
999.999999 999.999 9.999 999.999 9.999
end_time of measurement, days from the file reference point
pm10_mass, ug/m3, Matrix=pm10
numflag pm10_mass, no unit, Matrix=pm10
pm25_mass, ug/m3, Matrix=pm25
numflag pm25_mass, no unit, Matrix=pm25
0
33
Data definition:              EBAS_1.1
Set type code:                TU
Timezone:                     UTC
File name:                    US0013R.20070103070000.20191216000000.filterpack...1y.3d.US03L_filterpack_US0013.US03L_IMPROVE_Davis.lev2.nas
File creation:                20191218115614
Startdate:                    20070103070000
Revision date:                20191216000000
Version:                      2
Version description:          "Data extracted from http://views.cira.colostate.edu/fed/DataWizard 2019-12-16"
Statistics:                   arithmetic mean
Data level:                   2
Period code:                  1y
Resolution code:              3d
Sample duration:              1d
Orig. time res.:              3d
Station code:                 US0013R
Platform code:                US0013S
Station name:                 Hance Camp at Grand Canyon NP
Station latitude:             35.9731
Station longitude:            -111.9841
Station altitude:             2267.0 m
Regime:                       IMG
Component:                    
Unit:                         ug/m3
Matrix:                       
Laboratory code:              US03L
Instrument type:              filterpack
Instrument name:              filterpack_US0013
Method ref:                   US03L_IMPROVE_Davis
Blank correction:             Blank corrected
Volume std. temperature:      ambient
Volume std. pressure:         ambient
starttime endtime PM10 flag_PM10 PM2.5 flag_PM2.5
  2.291667   3.291667   1.675 0.000   0.730 0.659
  5.291667   6.291667   1.466 0.000   0.648 0.659
  8.291667   9.291667   2.287 0.000   0.784 0.659
 11.291667  12.291667   7.143 0.000   2.217 0.659
 14.291667  15.291667   2.834 0.000   1.689 0.659
 17.291667  18.291667   4.584 0.000   2.167 0.659
 20.291667  21.291667   2.532 0.000   1.225 0.659
 23.291667  24.291667   2.027 0.000   1.035 0.659
 26.291667  27.291667   3.544 0.000   1.483 0.659
 29.291667  30.291667   3.462 0.000   1.905 0.659
 32.291667  33.291667   1.677 0.000   0.755 0.659
 35.291667  36.291667   1.617 0.000   0.711 0.659
 38.291667  39.291667   2.762 0.000   1.289 0.659
 41.291667  42.291667   3.452 0.000   1.776 0.659
 44.291667  45.291667   1.423 0.000   1.133 0.659
 47.291667  48.291667   0.768 0.000   0.430 0.659
 50.291667  51.291667   0.776 0.000   0.598 0.659
 53.291667  54.291667   3.660 0.000   0.951 0.659
 56.291667  57.291667   6.630 0.000   1.829 0.659
 59.291667  60.291667   2.093 0.000   0.936 0.659
 62.291667  63.291667   1.628 0.000   0.737 0.659
 65.291667  66.291667   2.436 0.000   0.877 0.000
 68.291667  69.291667   5.794 0.000   2.663 0.000
 71.291667  72.291667   1.941 0.000 999.999 0.456
 74.291667  75.291667   4.556 0.000   1.774 0.000
 77.291667  78.291667   4.733 0.000   1.917 0.000
 80.291667  81.291667   4.247 0.000   1.396 0.659
 83.291667  84.291667   3.128 0.000   2.031 0.659
 86.291667  87.291667   3.774 0.000   1.008 0.000
 89.291667  90.291667   3.488 0.000   1.864 0.000
 92.291667  93.291667  38.646 0.659  24.388 0.000
 95.291667  96.291667   9.071 0.000   6.496 0.659
 98.291667  99.291667  10.663 0.000   4.902 0.000
101.291667 102.291667  17.840 0.000   5.191 0.000
104.291667 105.291667   8.296 0.000   2.951 0.000
107.291667 108.291667  18.155 0.000   4.462 0.000
110.291667 111.291667  15.802 0.000   7.962 0.000
113.291667 114.291667   1.251 0.000   0.765 0.000
116.291667 117.291667   7.609 0.000   4.208 0.000
119.291667 120.291667   9.941 0.000   4.906 0.000
122.291667 123.291667  13.884 0.000   5.594 0.000
125.291667 126.291667   2.204 0.000   1.319 0.000
128.291667 129.291667   6.265 0.000   4.247 0.000
131.291667 132.291667   9.299 0.000   4.228 0.000
134.291667 135.291667   8.597 0.000   4.469 0.000
137.291667 138.291667  10.394 0.000   6.050 0.000
140.291667 141.291667  18.494 0.000   8.671 0.000
143.291667 144.291667   4.228 0.000   1.940 0.000
146.291667 147.291667   6.923 0.000   2.983 0.000
149.291667 150.291667   8.728 0.000   4.056 0.000
152.291667 153.291667   9.183 0.000   4.575 0.000
155.291667 156.291667  15.251 0.000   4.641 0.000
158.291667 159.291667  15.847 0.000   5.566 0.000
161.291667 162.291667   7.782 0.000   3.428 0.000
164.291667 165.291667  11.826 0.000   4.858 0.000
167.291667 168.291667   7.101 0.000   2.849 0.000
170.291667 171.291667   8.355 0.000   3.969 0.000
173.291667 174.291667   8.280 0.000   3.429 0.000
176.291667 177.291667   7.902 0.000   3.086 0.000
179.291667 180.291667   8.893 0.000   3.515 0.000
182.291667 183.291667   5.949 0.000   3.132 0.000
185.291667 186.291667 999.999 0.999   8.714 0.659
188.291667 189.291667 999.999 0.999   9.476 0.659
191.291667 192.291667 999.999 0.999   7.475 0.659
194.291667 195.291667 999.999 0.999   4.123 0.000
197.291667 198.291667 999.999 0.999   3.355 0.000
200.291667 201.291667 999.999 0.999  22.841 0.659
203.291667 204.291667 999.999 0.999   3.477 0.000
206.291667 207.291667   4.400 0.000   2.057 0.000
209.291667 210.291667   6.632 0.000   3.757 0.000
212.291667 213.291667 999.999 0.999 999.999 0.999
215.291667 216.291667  11.056 0.000   6.301 0.000
218.291667 219.291667   7.012 0.000   3.252 0.000
221.291667 222.291667   6.781 0.000   3.341 0.000
224.291667 225.291667   6.382 0.000   3.285 0.000
227.291667 228.291667  19.312 0.000   4.311 0.000
230.291667 231.291667   8.225 0.000   4.643 0.000
233.291667 234.291667   7.130 0.000   3.573 0.659
236.291667 237.291667  17.957 0.000  11.647 0.659
239.291667 240.291667  11.098 0.000   9.393 0.000
242.291667 243.291667   3.039 0.000   2.098 0.000
245.291667 246.291667   4.525 0.000   2.671 0.000
248.291667 249.291667  13.107 0.000   5.218 0.000
251.291667 252.291667   6.638 0.000   3.581 0.000
254.291667 255.291667   5.377 0.000   3.440 0.000
257.291667 258.291667   9.894 0.000   4.271 0.000
260.291667 261.291667   8.672 0.000   4.544 0.000
263.291667 264.291667   6.389 0.000   3.318 0.000
266.291667 267.291667 999.999 0.999 999.999 0.999
269.291667 270.291667   3.229 0.000   1.831 0.000
272.291667 273.291667   6.033 0.000   2.462 0.000
275.291667 276.291667   4.941 0.000   3.079 0.000
278.291667 279.291667   8.462 0.000   2.699 0.000
281.291667 282.291667   5.754 0.000   2.776 0.000
284.291667 285.291667   7.340 0.000   3.812 0.000
287.291667 288.291667   4.059 0.000   2.430 0.000
290.291667 291.291667 999.999 0.999 999.999 0.999
293.291667 294.291667 999.999 0.999 999.999 0.999
296.291667 297.291667   4.149 0.000   1.940 0.000
299.291667 300.291667  14.963 0.000  10.226 0.000
302.291667 303.291667   7.498 0.000   3.063 0.000
305.291667 306.291667   6.843 0.000   4.088 0.000
308.291667 309.291667  10.634 0.000   6.651 0.000
311.291667 312.291667   6.701 0.000   3.612 0.000
314.291667 315.291667   6.515 0.000   2.968 0.000
317.291667 318.291667   5.123 0.000   3.499 0.000
320.291667 321.291667   2.918 0.000   1.519 0.000
323.291667 324.291667   5.474 0.000   2.009 0.000
326.291667 327.291667   5.579 0.000   2.550 0.000
329.291667 330.291667   3.627 0.000   1.994 0.000
332.291667 333.291667   7.120 0.000   3.932 0.000
335.291667 336.291667   6.042 0.000   3.797 0.000
338.291667 339.291667   1.408 0.000   0.914 0.000
341.291667 342.291667   3.729 0.000   1.457 0.000
344.291667 345.291667   1.515 0.000   1.229 0.000
347.291667 348.291667   2.317 0.000   1.861 0.000
350.291667 351.291667   1.435 0.000   1.014 0.000
353.291667 354.291667   2.558 0.000   2.024 0.000
356.291667 357.291667   1.430 0.000   0.919 0.000
359.291667 360.291667 999.999 0.999 999.999 0.999
362.291667 363.291667   1.945 0.000   1.045 0.000
