scripts/IMPROVE-2019_partial/data/US0083R.19950104080000.20191216000000.filterpack...1y.3d.US03L_filterpack_US0083.US03L_IMPROVE_Davis.lev2.nas
51 1001
MISSING INFORMATION
US03L, IMPROVE, , , , , , , 
MISSING INFORMATION
IMPROVE sel_HTAP
1 1
1995 01 01 2019 12 16
0
days from file reference point
4
1 1 1 1
999.999999 999.999 999.999 9.999
end_time of measurement, days from the file reference point
pm10_mass, ug/m3, Matrix=pm10
pm25_mass, ug/m3, Matrix=pm25
numflag, no unit
0
33
Data definition:              EBAS_1.1
Set type code:                TI
Timezone:                     UTC
File name:                    US0083R.19950104080000.20191216000000.filterpack...1y.3d.US03L_filterpack_US0083.US03L_IMPROVE_Davis.lev2.nas
File creation:                20191218120101
Startdate:                    19950104080000
Revision date:                20191216000000
Version:                      2
Version description:          "Data extracted from http://views.cira.colostate.edu/fed/DataWizard 2019-12-16"
Statistics:                   arithmetic mean
Data level:                   2
Period code:                  1y
Resolution code:              3d
Sample duration:              1d
Orig. time res.:              3d
Station code:                 US0083R
Platform code:                US0083S
Station name:                 Columbia River Gorge
Station latitude:             45.6644
Station longitude:            -121.0008
Station altitude:             178.0 m
Regime:                       IMG
Component:                    
Unit:                         ug/m3
Matrix:                       
Laboratory code:              US03L
Instrument type:              filterpack
Instrument name:              filterpack_US0083
Method ref:                   US03L_IMPROVE_Davis
Blank correction:             Blank corrected
Volume std. temperature:      ambient
Volume std. pressure:         ambient
starttime endtime PM10 PM2.5 flag
  3.333333   4.333333 999.999 999.999 0.999
  6.333333   7.333333 999.999 999.999 0.999
 10.333333  11.333333 999.999 999.999 0.999
 13.333333  14.333333 999.999 999.999 0.999
 17.333333  18.333333 999.999 999.999 0.999
 20.333333  21.333333 999.999 999.999 0.999
 24.333333  25.333333 999.999 999.999 0.999
 27.333333  28.333333 999.999 999.999 0.999
 31.333333  32.333333 999.999 999.999 0.999
 34.333333  35.333333 999.999 999.999 0.999
 38.333333  39.333333 999.999 999.999 0.999
 41.333333  42.333333 999.999 999.999 0.999
 45.333333  46.333333 999.999 999.999 0.999
 48.333333  49.333333 999.999 999.999 0.999
 52.333333  53.333333 999.999 999.999 0.999
 55.333333  56.333333 999.999 999.999 0.999
 59.333333  60.333333 999.999 999.999 0.999
 62.333333  63.333333 999.999 999.999 0.999
 66.333333  67.333333 999.999 999.999 0.999
 69.333333  70.333333 999.999 999.999 0.999
 73.333333  74.333333 999.999 999.999 0.999
 76.333333  77.333333 999.999 999.999 0.999
 80.333333  81.333333 999.999 999.999 0.999
 83.333333  84.333333 999.999 999.999 0.999
 87.333333  88.333333 999.999 999.999 0.999
 90.333333  91.333333 999.999 999.999 0.999
 94.333333  95.333333 999.999 999.999 0.999
 97.333333  98.333333 999.999 999.999 0.999
101.333333 102.333333 999.999 999.999 0.999
104.333333 105.333333 999.999 999.999 0.999
108.333333 109.333333 999.999 999.999 0.999
111.333333 112.333333 999.999 999.999 0.999
115.333333 116.333333  20.833   9.476 0.000
118.333333 119.333333   6.241   4.868 0.000
122.333333 123.333333   8.834   5.012 0.000
125.333333 126.333333  25.185   5.962 0.000
129.333333 130.333333   9.933   3.782 0.000
132.333333 133.333333  13.230   6.617 0.000
136.333333 137.333333  16.614   4.457 0.000
139.333333 140.333333  20.350   7.655 0.000
143.333333 144.333333  17.276   7.998 0.000
146.333333 147.333333  16.514   6.002 0.000
150.333333 151.333333  20.963   8.276 0.000
153.333333 154.333333  13.371   5.318 0.000
157.333333 158.333333   6.639   2.253 0.000
160.333333 161.333333  15.418   3.982 0.000
164.333333 165.333333   4.483   3.316 0.000
167.333333 168.333333   6.505   2.086 0.000
171.333333 172.333333   9.172 999.999 0.000
174.333333 175.333333  10.002   5.679 0.000
178.333333 179.333333  35.322  16.943 0.000
181.333333 182.333333  29.664  14.483 0.000
185.333333 186.333333   8.989   5.617 0.000
188.333333 189.333333  11.247   7.253 0.000
192.333333 193.333333   8.941   4.630 0.000
195.333333 196.333333  10.146   6.457 0.000
199.333333 200.333333  27.993  14.259 0.000
202.333333 203.333333   9.101   3.673 0.000
206.333333 207.333333   9.317   2.883 0.000
209.333333 210.333333  11.603   3.348 0.000
213.333333 214.333333  11.633   5.636 0.000
216.333333 217.333333  11.987   3.581 0.000
220.333333 221.333333  17.826   6.435 0.000
223.333333 224.333333   7.254   3.188 0.000
227.333333 228.333333   7.031   2.901 0.000
230.333333 231.333333   8.377   4.442 0.000
234.333333 235.333333  23.915  10.259 0.000
237.333333 238.333333  11.111   5.177 0.000
241.333333 242.333333   9.450   5.053 0.000
244.333333 245.333333  27.250  11.533 0.000
248.333333 249.333333   9.908   4.630 0.000
251.333333 252.333333  11.146   5.975 0.000
255.333333 256.333333  20.302   9.804 0.000
258.333333 259.333333  33.307  14.867 0.000
262.333333 263.333333  48.080   8.161 0.000
265.333333 266.333333  31.847  11.025 0.000
269.333333 270.333333  12.078   7.446 0.000
272.333333 273.333333   8.865   5.188 0.000
276.333333 277.333333   8.742   3.457 0.000
279.333333 280.333333   6.495   3.080 0.000
283.333333 284.333333   3.411   2.114 0.000
286.333333 287.333333  20.874  14.333 0.000
290.333333 291.333333  10.271   4.701 0.000
293.333333 294.333333   9.356   2.305 0.000
297.333333 298.333333  10.931   5.761 0.000
300.333333 301.333333  12.346   6.096 0.000
304.333333 305.333333  15.904   8.502 0.000
307.333333 308.333333  20.919  11.647 0.000
311.333333 312.333333   5.830   2.692 0.000
314.333333 315.333333   5.187   3.426 0.000
318.333333 319.333333  11.017   8.413 0.000
321.333333 322.333333   7.073   2.876 0.000
325.333333 326.333333  24.826  14.757 0.000
328.333333 329.333333   4.471   1.605 0.000
332.333333 333.333333   3.342   1.277 0.000
335.333333 336.333333   4.774   1.962 0.000
339.333333 340.333333   9.380   6.092 0.000
342.333333 343.333333  10.101   5.177 0.000
346.333333 347.333333   7.630   3.203 0.000
349.333333 350.333333   7.395   4.661 0.000
353.333333 354.333333  15.296   8.484 0.000
356.333333 357.333333  13.088   8.752 0.000
360.333333 361.333333  17.984  11.721 0.000
363.333333 364.333333   9.883   7.101 0.000
