scripts/IMPROVE-2019_partial/data/US0076R.19900103070000.20191216000000.filterpack...1y.3d.US03L_filterpack_US0076.US03L_IMPROVE_Davis.lev2.nas
52 1001
MISSING INFORMATION
US03L, IMPROVE, , , , , , , 
MISSING INFORMATION
IMPROVE sel_HTAP
1 1
1990 01 01 2019 12 16
0
days from file reference point
5
1 1 1 1 1
999.999999 999.999 9.999 999.999 9.999999
end_time of measurement, days from the file reference point
pm10_mass, ug/m3, Matrix=pm10
numflag pm10_mass, no unit, Matrix=pm10
pm25_mass, ug/m3, Matrix=pm25
numflag pm25_mass, no unit, Matrix=pm25
0
33
Data definition:              EBAS_1.1
Set type code:                TI
Timezone:                     UTC
File name:                    US0076R.19900103070000.20191216000000.filterpack...1y.3d.US03L_filterpack_US0076.US03L_IMPROVE_Davis.lev2.nas
File creation:                20191218120034
Startdate:                    19900103070000
Revision date:                20191216000000
Version:                      2
Version description:          "Data extracted from http://views.cira.colostate.edu/fed/DataWizard 2019-12-16"
Statistics:                   arithmetic mean
Data level:                   2
Period code:                  1y
Resolution code:              3d
Sample duration:              1d
Orig. time res.:              3d
Station code:                 US0076R
Platform code:                US0076S
Station name:                 Arches NP
Station latitude:             38.7833
Station longitude:            -109.5833
Station altitude:             1722.0 m
Regime:                       IMG
Component:                    
Unit:                         ug/m3
Matrix:                       
Laboratory code:              US03L
Instrument type:              filterpack
Instrument name:              filterpack_US0076
Method ref:                   US03L_IMPROVE_Davis
Blank correction:             Blank corrected
Volume std. temperature:      ambient
Volume std. pressure:         ambient
starttime endtime PM10 flag_PM10 PM2.5 flag_PM2.5
  2.291667   3.291667   9.269 0.000   1.400 0.000000
  5.291667   6.291667  18.767 0.000   6.733 0.000000
  9.291667  10.291667   9.430 0.000   5.647 0.000000
 12.291667  13.291667  11.101 0.000   4.795 0.000000
 16.291667  17.291667   8.017 0.000   6.286 0.000000
 19.291667  20.291667  13.846 0.000   4.322 0.000000
 23.291667  24.291667   5.431 0.000   2.054 0.000000
 26.291667  27.291667   4.293 0.000   1.470 0.000000
 30.291667  31.291667   4.890 0.000   2.532 0.000000
 33.291667  34.291667 999.999 0.999 999.999 0.999000
 37.291667  38.291667 999.999 0.999 999.999 0.999000
 40.291667  41.291667   4.367 0.000   2.271 0.000000
 44.291667  45.291667 999.999 0.999 999.999 0.999000
 47.291667  48.291667  17.679 0.000   2.390 0.000000
 51.291667  52.291667   2.350 0.000   2.056 0.000000
 54.291667  55.291667   9.046 0.000   2.368 0.000000
 58.291667  59.291667 999.999 0.999 999.999 0.999000
 61.291667  62.291667   7.840 0.000 999.999 0.999000
 65.291667  66.291667   2.785 0.000   2.297 0.000000
 68.291667  69.291667  11.938 0.000   4.180 0.000000
 72.291667  73.291667   4.631 0.000   3.160 0.000000
 75.291667  76.291667   4.263 0.000   2.840 0.000000
 79.291667  80.291667   3.308 0.000 999.999 0.999000
 82.291667  83.291667  11.446 0.000   2.212 0.000000
 86.291667  87.291667   9.605 0.000   4.540 0.000000
 89.291667  90.291667   8.857 0.000 999.999 0.999000
 93.291667  94.291667   5.645 0.000   2.516 0.000000
 96.291667  97.291667   5.647 0.000   4.722 0.000000
100.291667 101.291667 999.999 0.999 999.999 0.999000
103.291667 104.291667   8.659 0.000 999.999 0.999000
107.291667 108.291667  12.938 0.000   3.642 0.000000
110.291667 111.291667  13.085 0.000   3.981 0.000000
114.291667 115.291667   4.372 0.000   4.201 0.000000
117.291667 118.291667  25.953 0.000   3.975 0.000000
121.291667 122.291667   4.298 0.000   2.154 0.000000
124.291667 125.291667   7.800 0.000 999.999 0.999000
128.291667 129.291667   3.821 0.000   1.636 0.000000
131.291667 132.291667   6.612 0.000   4.571 0.000000
135.291667 136.291667 999.999 0.999 999.999 0.999000
138.291667 139.291667  15.443 0.000 999.999 0.999000
142.291667 143.291667  17.627 0.000   2.532 0.000000
145.291667 146.291667  13.621 0.000   3.511 0.000000
149.291667 150.291667 999.999 0.999   4.144 0.000000
152.291667 153.291667   6.148 0.000   1.532 0.000000
156.291667 157.291667   9.873 0.000 999.999 0.999000
159.291667 160.291667  15.346 0.000 999.999 0.999000
163.291667 164.291667  10.456 0.000   3.988 0.000000
166.291667 167.291667  19.559 0.000   6.788 0.000000
170.291667 171.291667   5.333 0.000   3.047 0.000000
173.291667 174.291667  17.765 0.000   4.311 0.000000
177.291667 178.291667  26.075 0.000   4.599 0.000000
180.291667 181.291667  25.735 0.000   8.815 0.000000
184.291667 185.291667 999.999 0.999  15.375 0.000000
187.291667 188.291667  14.830 0.000   3.493 0.000000
191.291667 192.291667   6.398 0.000   3.313 0.000000
194.291667 195.291667 999.999 0.999   9.518 0.000000
198.291667 199.291667  10.254 0.000 999.999 0.999000
201.291667 202.291667   8.476 0.000 999.999 0.999000
205.291667 206.291667  11.749 0.000   9.939 0.000000
208.291667 209.291667   9.173 0.000   8.384 0.000000
212.291667 213.291667  11.333 0.000 999.999 0.999000
215.291667 216.291667  20.772 0.000   4.332 0.000000
219.291667 220.291667 999.999 0.999  16.855 0.000000
222.291667 223.291667  14.539 0.000   7.057 0.000000
226.291667 227.291667   5.232 0.000   2.545 0.000000
229.291667 230.291667   6.525 0.000   5.994 0.000000
233.291667 234.291667 999.999 0.999   9.292 0.000000
236.291667 237.291667   7.202 0.000   7.154 0.000000
240.291667 241.291667 999.999 0.999   4.576 0.000000
243.291667 244.291667  15.100 0.000  11.738 0.559000
247.291667 248.291667  11.004 0.000  10.813 0.559000
250.291667 251.291667 999.999 0.999  10.361 0.559000
254.291667 255.291667 999.999 0.999 999.999 0.559259
257.291667 258.291667  19.312 0.000   5.988 0.559000
261.291667 262.291667   5.259 0.000   2.455 0.559000
264.291667 265.291667   5.315 0.000   3.909 0.559000
268.291667 269.291667 999.999 0.999   7.325 0.559000
271.291667 272.291667   4.837 0.000   4.713 0.559000
275.291667 276.291667 999.999 0.999   6.223 0.559000
278.291667 279.291667 999.999 0.999  10.280 0.559000
282.291667 283.291667   6.364 0.000   4.386 0.559000
285.291667 286.291667   7.588 0.000   6.656 0.559000
289.291667 290.291667   5.738 0.000 999.999 0.559259
292.291667 293.291667   5.618 0.000   2.554 0.559000
296.291667 297.291667 999.999 0.999 999.999 0.999000
299.291667 300.291667   8.153 0.000   3.598 0.559000
303.291667 304.291667  12.288 0.000   7.680 0.559000
306.291667 307.291667   3.423 0.000   2.897 0.559000
310.291667 311.291667   4.085 0.000   3.188 0.559000
313.291667 314.291667  16.886 0.000   5.156 0.559000
317.291667 318.291667 999.999 0.999   4.389 0.559000
320.291667 321.291667 999.999 0.999   7.003 0.559000
324.291667 325.291667 999.999 0.999 999.999 0.559259
327.291667 328.291667   6.267 0.000   2.857 0.559000
331.291667 332.291667   3.947 0.000   2.109 0.559000
334.291667 335.291667  12.180 0.000   8.039 0.559000
338.291667 339.291667   6.773 0.000   3.810 0.559000
341.291667 342.291667   9.202 0.000   4.222 0.559000
345.291667 346.291667   7.892 0.000   4.809 0.559000
348.291667 349.291667   5.157 0.000   3.153 0.559000
352.291667 353.291667 999.999 0.999 999.999 0.999000
355.291667 356.291667 999.999 0.999 999.999 0.999000
359.291667 360.291667 999.999 0.999 999.999 0.999000
362.291667 363.291667  20.963 0.000   2.955 0.559000
