scripts/IMPROVE-2019_partial/data/US0024R.20040101080000.20191216000000.filterpack..pm25.52w.1w.US03L_filterpack_US0024.US03L_IMPROVE_Davis.lev2.nas
66 1001
MISSING INFORMATION
US03L, IMPROVE, , , , , , , 
MISSING INFORMATION
IMPROVE sel_HTAP
1 1
2004 01 01 2019 12 16
3.000000
days from file reference point
27
1 1 1 1 1 1 1 1 1 1 1 1 1 1 1 1 1 1 1 1 1 1 1 1 1 1 1
999.999999 9999.99 9.999 99.99 9.999999 9.999 9.999999 9.99 9.999999 9.999 9.999 99.999 9.999 999.999 9.999 99.99 9.999999 999.999 9.999 999.999 9.999 999.999 9.999 9.999 9.999 9.999 9.999
end_time of measurement, days from the file reference point
iron, ng/m3, Revision date=20181210133000
numflag iron, no unit, Revision date=20181210133000
lead, ng/m3, Revision date=20181210133000
numflag lead, no unit, Revision date=20181210133000
magnesium, ug/m3, Revision date=20181210133000
numflag magnesium, no unit, Revision date=20181210133000
nickel, ng/m3, Revision date=20181210133000
numflag nickel, no unit, Revision date=20181210133000
nitrate, ug N/m3, Revision date=20181210133000
numflag nitrate, no unit, Revision date=20181210133000
organic_carbon, ug C/m3, Revision date=20181210133000
numflag organic_carbon, no unit, Revision date=20181210133000
organic_mass, ug/m3, Revision date=20181210133000
numflag organic_mass, no unit, Revision date=20181210133000
phosphorus, ng/m3, Revision date=20181210133000
numflag phosphorus, no unit, Revision date=20181210133000
pm10_mass, ug/m3, Version=2, Version description=Data extracted from http://views.cira.colostate.edu/fed/DataWizard 2019-12-16, Sample duration=1d, Orig. time res.=3d, Matrix=pm10, Blank correction=Blank corrected, Volume std. temperature=ambient, Volume std. pressure=ambient
numflag pm10_mass, no unit, Version=2, Version description=Data extracted from http://views.cira.colostate.edu/fed/DataWizard 2019-12-16, Sample duration=1d, Orig. time res.=3d, Matrix=pm10, Blank correction=Blank corrected, Volume std. temperature=ambient, Volume std. pressure=ambient
pm10_pm25_mass, ug/m3, Revision date=20181210133000, Matrix=pm10_pm25
numflag pm10_pm25_mass, no unit, Revision date=20181210133000, Matrix=pm10_pm25
pm25_mass, ug/m3, Version=2, Version description=Data extracted from http://views.cira.colostate.edu/fed/DataWizard 2019-12-16, Sample duration=1d, Orig. time res.=3d, Blank correction=Blank corrected, Volume std. temperature=ambient, Volume std. pressure=ambient
numflag pm25_mass, no unit, Version=2, Version description=Data extracted from http://views.cira.colostate.edu/fed/DataWizard 2019-12-16, Sample duration=1d, Orig. time res.=3d, Blank correction=Blank corrected, Volume std. temperature=ambient, Volume std. pressure=ambient
potassium, ug/m3, Revision date=20181210133000
numflag potassium, no unit, Revision date=20181210133000
sulphate_total, ug S/m3, Revision date=20181210133000
numflag sulphate_total, no unit, Revision date=20181210133000
0
25
Data definition:              EBAS_1.1
Set type code:                TU
Timezone:                     UTC
File name:                    US0024R.20040101080000.20191216000000.filterpack..pm25.52w.1w.US03L_filterpack_US0024.US03L_IMPROVE_Davis.lev2.nas
File creation:                20191218115700
Startdate:                    20040101080000
Revision date:                20191216000000
Statistics:                   arithmetic mean
Data level:                   2
Period code:                  52w
Resolution code:              1w
Station code:                 US0024R
Platform code:                US0024S
Station name:                 Kaiser
Station latitude:             37.2207
Station longitude:            -119.1546
Station altitude:             2597.0 m
Regime:                       IMG
Component:                    
Matrix:                       pm25
Laboratory code:              US03L
Instrument type:              filterpack
Instrument name:              filterpack_US0024
Method ref:                   US03L_IMPROVE_Davis
starttime endtime Fe flag_Fe Pb flag_Pb Mg++ flag_Mg++ Ni flag_Ni NO3- flag_NO3- OC flag_OC OM flag_OM P flag_P PM10 flag_PM10 PM10-PM2.5 flag_PM10-PM2.5 PM2.5 flag_PM2.5 K+ flag_K+ SO4-- flag_SO4--
  0.333333   1.333333    4.08 0.000  0.27 0.000000 9.999 0.259000 0.15 0.000000 0.010 0.000  0.213 0.000   0.299 0.000 99.99 0.259000   2.104 0.000   1.922 0.000   0.183 0.000 0.004 0.000 0.027 0.000
  3.333333   4.333333    2.37 0.000  0.71 0.000000 9.999 0.259000 9.99 0.259000 0.002 0.000  0.125 0.000   0.175 0.000 99.99 0.259000   0.251 0.000   0.041 0.000   0.210 0.000 0.004 0.000 0.044 0.000
  6.333333   7.333333    2.86 0.000  0.32 0.000000 9.999 0.259000 0.08 0.000000 0.003 0.000  0.169 0.000   0.237 0.000 99.99 0.259000   1.297 0.000   0.963 0.000   0.334 0.000 0.004 0.000 0.033 0.000
  9.333333  10.333333    1.18 0.000  0.17 0.000000 9.999 0.259000 0.11 0.000000 0.001 0.000  0.074 0.000   0.104 0.000 99.99 0.259000   1.081 0.000   0.685 0.000   0.396 0.000 0.003 0.000 0.033 0.000
 12.333333  13.333333    7.77 0.000  0.32 0.000000 9.999 0.259000 0.12 0.000000 0.009 0.000  0.284 0.000   0.397 0.000 99.99 0.259000   1.733 0.000   0.762 0.000   0.971 0.000 0.010 0.000 0.051 0.000
 15.333333  16.333333    3.79 0.000  0.13 0.000000 9.999 0.259000 0.06 0.000000 0.004 0.000  0.429 0.000   0.600 0.000 99.99 0.259000   1.715 0.000   0.723 0.000   0.992 0.000 0.008 0.000 0.036 0.000
 18.333333  19.333333    4.61 0.000  0.27 0.000000 9.999 0.259000 9.99 0.259000 0.011 0.000  0.563 0.000   0.788 0.000 99.99 0.259000   1.414 0.000   0.226 0.000   1.188 0.000 0.009 0.000 0.044 0.000
 21.333333  22.333333    2.24 0.000  0.22 0.000000 9.999 0.259000 0.07 0.000000 0.002 0.000  0.103 0.000   0.145 0.000 99.99 0.259000   0.460 0.000   0.307 0.000   0.154 0.000 0.004 0.000 0.026 0.000
 24.333333  25.333333    2.02 0.000  0.34 0.000000 9.999 0.259000 9.99 0.259000 0.046 0.000  0.373 0.000   0.521 0.000 99.99 0.259000   1.004 0.000   0.112 0.000   0.892 0.000 0.006 0.000 0.039 0.000
 27.333333  28.333333    1.72 0.000  0.27 0.000000 9.999 0.259000 0.05 0.000000 0.002 0.000  0.110 0.000   0.154 0.000 99.99 0.259000   0.624 0.000   0.286 0.000   0.338 0.000 0.004 0.000 0.030 0.000
 30.333333  31.333333    1.80 0.000  0.17 0.000000 9.999 0.259000 9.99 0.259000 0.015 0.000  0.407 0.000   0.569 0.000 99.99 0.259000   0.962 0.000   0.106 0.000   0.857 0.000 0.005 0.000 0.045 0.000
 33.333333  34.333333    0.66 0.000  0.21 0.000000 0.022 0.000000 0.12 0.000000 0.001 0.000  0.151 0.000   0.212 0.000 99.99 0.259000   0.377 0.000 999.999 0.259   0.509 0.000 0.002 0.000 0.005 0.000
 36.333333  37.333333    4.51 0.000  0.49 0.000000 9.999 0.259000 9.99 0.259000 0.011 0.559  0.211 0.000   0.295 0.000 99.99 0.259000   1.497 0.000   0.829 0.000   0.668 0.000 0.006 0.000 0.043 0.559
 39.333333  40.333333    4.11 0.000  0.29 0.000000 9.999 0.259000 0.11 0.000000 0.022 0.559  0.396 0.000   0.555 0.000 99.99 0.259000   1.372 0.000   0.251 0.000   1.121 0.000 0.007 0.000 0.058 0.559
 42.333333  43.333333    5.69 0.000  0.43 0.000000 9.999 0.259000 0.09 0.000000 0.040 0.000  0.294 0.000   0.412 0.000 99.99 0.259000   3.348 0.000   2.261 0.000   1.087 0.000 0.007 0.000 0.055 0.000
 45.333333  46.333333    7.10 0.000  0.46 0.000000 9.999 0.259000 0.06 0.000000 0.010 0.000  0.191 0.000   0.267 0.000 99.99 0.259000   1.548 0.000   0.886 0.000   0.661 0.000 0.006 0.000 0.047 0.000
 48.333333  49.333333    3.67 0.000  0.21 0.000000 9.999 0.259000 9.99 0.259000 0.037 0.000  0.181 0.000   0.253 0.000 99.99 0.259000   1.715 0.000   1.200 0.000   0.515 0.000 0.008 0.000 0.026 0.000
 51.333333  52.333333    0.48 0.000  0.13 0.000000 9.999 0.259000 9.99 0.259000 0.020 0.000  0.318 0.000   0.445 0.000 99.99 0.259000   0.586 0.000   0.137 0.000   0.449 0.000 0.002 0.000 0.032 0.000
 54.333333  55.333333   59.02 0.000  8.60 0.000000 9.999 0.259000 9.99 0.259000 0.037 0.000  0.533 0.000   0.746 0.000 99.99 0.259000   6.465 0.000   1.796 0.000   4.668 0.000 0.069 0.000 0.506 0.000
 57.333333  58.333333    1.17 0.000  0.19 0.000000 9.999 0.259000 9.99 0.259000 0.012 0.000  0.071 0.000   0.100 0.000 99.99 0.259000   1.534 0.000   1.087 0.000   0.447 0.000 0.003 0.000 0.036 0.000
 60.333333  61.333333    4.40 0.000  0.56 0.000000 9.999 0.259000 9.99 0.259000 0.036 0.000  0.303 0.000   0.425 0.000 99.99 0.259000   1.557 0.000   0.539 0.000   1.018 0.000 0.007 0.000 0.073 0.000
 63.333333  64.333333   37.61 0.000  0.63 0.000000 0.033 0.000000 9.99 0.259000 0.087 0.000  0.439 0.000   0.614 0.000 99.99 0.259000   3.577 0.000   1.366 0.000   2.211 0.000 0.023 0.000 0.108 0.000
 66.333333  67.333333   56.57 0.559  0.84 0.559000 9.999 0.559259 9.99 0.559259 0.021 0.000  0.449 0.000   0.628 0.000 99.99 0.559259   4.175 0.000   1.443 0.000   2.732 0.559 0.039 0.559 0.112 0.000
 69.333333  70.333333   25.99 0.000  0.53 0.000000 9.999 0.259000 9.99 0.259000 0.019 0.000  0.315 0.000   0.442 0.000 99.99 0.259000   4.274 0.000   2.872 0.000   1.401 0.000 0.024 0.000 0.098 0.000
 72.333333  73.333333   25.24 0.000  0.38 0.000000 9.999 0.259000 0.06 0.000000 0.070 0.000  0.657 0.000   0.920 0.000 99.99 0.259000   3.307 0.000   1.107 0.000   2.200 0.000 0.021 0.000 0.109 0.000
 75.333333  76.333333   58.02 0.000  1.83 0.000000 0.036 0.000000 9.99 0.259000 0.096 0.000  0.982 0.000   1.375 0.000 99.99 0.259000   6.650 0.000   2.600 0.000   4.050 0.000 0.042 0.000 0.242 0.000
 78.333333  79.333333   31.21 0.000  1.60 0.000000 9.999 0.259000 9.99 0.259000 0.017 0.000  0.700 0.000   0.980 0.000 99.99 0.259000   3.986 0.000   1.464 0.000   2.522 0.000 0.027 0.000 0.166 0.000
 81.333333  82.333333   27.95 0.000  0.88 0.000000 9.999 0.259000 9.99 0.259000 0.083 0.000  0.878 0.000   1.230 0.000 99.99 0.259000   4.726 0.000   1.557 0.000   3.168 0.000 0.021 0.000 0.204 0.000
 84.333333  85.333333   66.70 0.000  1.08 0.000000 0.069 0.000000 9.99 0.259000 0.098 0.000  0.451 0.000   0.632 0.000 99.99 0.259000   6.159 0.000   2.846 0.000   3.313 0.000 0.051 0.000 0.249 0.000
 87.333333  88.333333  103.16 0.000  1.82 0.000000 0.077 0.000000 9.99 0.259000 0.028 0.000  0.990 0.000   1.385 0.000 99.99 0.259000   8.418 0.000   4.774 0.000   3.643 0.000 0.070 0.000 0.204 0.000
 90.333333  91.333333   88.35 0.699  1.32 0.699000 9.999 0.699259 0.09 0.699000 0.310 0.000  3.060 0.000   4.284 0.000 99.99 0.699259  11.851 0.000   3.257 0.000   8.595 0.699 0.069 0.699 0.260 0.000
 93.333333  94.333333   52.99 0.000  0.70 0.000000 9.999 0.259000 9.99 0.259000 0.127 0.000  1.726 0.000   2.416 0.000 99.99 0.259000   9.855 0.000   4.300 0.000   5.556 0.000 0.053 0.000 0.272 0.000
 96.333333  97.333333   87.23 0.000  1.14 0.000000 9.999 0.259000 0.07 0.000000 0.201 0.000  1.656 0.000   2.319 0.000 99.99 0.259000   9.119 0.000   3.400 0.000   5.719 0.000 0.057 0.000 0.333 0.000
 99.333333 100.333333   95.46 0.000  1.94 0.000000 0.034 0.000000 0.04 0.000000 0.180 0.000  2.442 0.000   3.419 0.000 99.99 0.259000  12.683 0.000   4.368 0.000   8.315 0.000 0.070 0.000 0.417 0.000
102.333333 103.333333 9999.99 0.699 99.99 0.699000 9.999 0.699000 9.99 0.699000 0.540 0.000  8.107 0.000  11.350 0.000 99.99 0.699000  26.816 0.000 999.999 0.999 999.999 0.699 9.999 0.699 0.637 0.000
105.333333 106.333333   65.65 0.699  2.97 0.699000 0.039 0.699000 9.99 0.699259 0.211 0.000  9.067 0.000  12.694 0.000 99.99 0.699259  20.876 0.000   2.297 0.000  18.579 0.699 0.087 0.699 0.559 0.000
108.333333 109.333333   21.07 0.000  1.63 0.000000 9.999 0.259000 9.99 0.259000 0.146 0.000  0.762 0.000   1.067 0.000 99.99 0.259000   3.830 0.000   0.326 0.000   3.504 0.000 0.024 0.000 0.284 0.000
111.333333 112.333333   58.43 0.559  2.89 0.559000 9.999 0.559259 9.99 0.559259 0.118 0.000  0.512 0.000   0.717 0.000 99.99 0.559259   6.529 0.000   2.658 0.000   3.870 0.559 0.055 0.559 0.405 0.000
114.333333 115.333333   44.13 0.559  1.52 0.559000 9.999 0.559259 9.99 0.559259 0.076 0.559  1.518 0.000   2.125 0.000 99.99 0.559259  10.479 0.000   5.601 0.000   4.878 0.559 0.042 0.559 0.270 0.559
117.333333 118.333333  117.37 0.559  4.84 0.559000 0.084 0.559000 9.99 0.559259 0.048 0.559  1.353 0.000   1.894 0.000 99.99 0.559259  12.831 0.000   6.008 0.000   6.823 0.559 0.091 0.559 0.545 0.559
120.333333 121.333333  183.56 0.559  1.41 0.559000 9.999 0.559259 9.99 0.559259 0.089 0.559  1.331 0.000   1.863 0.000 99.99 0.559259  18.105 0.000  11.710 0.000   6.396 0.559 0.123 0.559 0.225 0.559
123.333333 124.333333  138.98 0.559  1.75 0.559000 9.999 0.559259 9.99 0.559259 0.046 0.559  1.602 0.000   2.243 0.000 99.99 0.559259  13.273 0.000   6.795 0.000   6.478 0.559 0.094 0.559 0.296 0.559
126.333333 127.333333  137.48 0.559  1.38 0.559000 9.999 0.559259 0.12 0.559000 0.176 0.559  0.735 0.000   1.029 0.000 99.99 0.559259  12.277 0.000   7.138 0.000   5.139 0.559 0.085 0.559 0.283 0.559
129.333333 130.333333  148.73 0.559  2.21 0.559000 9.999 0.559259 9.99 0.559259 0.055 0.559  1.005 0.000   1.407 0.000 99.99 0.559259   9.094 0.000   3.976 0.000   5.118 0.559 0.085 0.559 0.298 0.559
132.333333 133.333333   33.77 0.559  1.14 0.559000 9.999 0.559259 0.11 0.559000 0.144 0.000  1.049 0.000   1.469 0.000 99.99 0.559259   7.901 0.000   3.901 0.000   4.000 0.559 0.034 0.559 0.293 0.000
135.333333 136.333333   57.98 0.559  1.11 0.559000 9.999 0.559259 0.10 0.559000 0.070 0.559  1.125 0.000   1.575 0.000 99.99 0.559259   7.191 0.000   3.593 0.000   3.598 0.559 0.043 0.559 0.171 0.559
138.333333 139.333333   46.20 0.559  1.52 0.559000 9.999 0.559259 0.10 0.559000 0.204 0.559  0.972 0.000   1.361 0.000 99.99 0.559259   9.581 0.000   5.571 0.000   4.010 0.559 0.038 0.559 0.297 0.559
141.333333 142.333333   50.00 0.559  1.85 0.559000 9.999 0.559259 0.14 0.559000 0.335 0.000  1.206 0.000   1.688 0.000 99.99 0.559259  11.588 0.000   5.866 0.000   5.722 0.559 0.042 0.559 0.438 0.000
144.333333 145.333333   28.79 0.559  1.09 0.559000 9.999 0.559259 0.16 0.559000 0.215 0.559  1.075 0.000   1.506 0.000 99.99 0.559259   8.400 0.000   3.910 0.000   4.490 0.559 0.026 0.559 0.348 0.559
147.333333 148.333333   45.03 0.559  1.14 0.559000 9.999 0.559259 0.21 0.559000 0.379 0.559  1.815 0.000   2.541 0.000 99.99 0.559259  15.102 0.000   6.602 0.000   8.500 0.559 0.043 0.559 0.595 0.559
150.333333 151.333333   29.96 0.559  0.97 0.559000 9.999 0.559259 0.05 0.559000 0.035 0.559  1.154 0.000   1.615 0.000 99.99 0.559259   5.828 0.000   2.205 0.000   3.623 0.559 0.026 0.559 0.248 0.559
153.333333 154.333333   42.04 0.559  0.75 0.559000 9.999 0.559259 0.16 0.559000 0.058 0.000  1.443 0.000   2.021 0.000 99.99 0.559259  11.750 0.000   6.365 0.000   5.385 0.559 0.030 0.559 0.267 0.000
156.333333 157.333333   28.82 0.559  0.56 0.559000 9.999 0.559259 0.15 0.559000 0.033 0.000  0.856 0.000   1.198 0.000 99.99 0.559259   5.013 0.000   2.163 0.000   2.850 0.559 0.024 0.559 0.183 0.000
159.333333 160.333333   24.29 0.559  0.42 0.559000 9.999 0.559259 0.11 0.559000 0.202 0.000  0.752 0.000   1.054 0.000 99.99 0.559259   8.102 0.000   5.206 0.000   2.896 0.559 0.025 0.559 0.173 0.000
162.333333 163.333333   33.39 0.559  0.98 0.559000 9.999 0.559259 0.12 0.559000 0.105 0.000  1.128 0.000   1.579 0.000 99.99 0.559259   8.629 0.000   4.330 0.000   4.299 0.559 0.035 0.559 0.329 0.000
165.333333 166.333333 9999.99 0.999 99.99 0.999000 9.999 0.999000 9.99 0.999000 9.999 0.999 99.999 0.999 999.999 0.999 99.99 0.999000 999.999 0.999 999.999 0.999 999.999 0.999 9.999 0.999 9.999 0.999
168.333333 169.333333   82.95 0.559  0.83 0.559000 9.999 0.559259 0.20 0.559000 0.498 0.000  2.436 0.000   3.411 0.000 99.99 0.559259  24.038 0.000  14.546 0.000   9.493 0.559 0.057 0.559 0.647 0.000
171.333333 172.333333   40.21 0.559  0.73 0.559000 0.093 0.559000 0.23 0.559000 0.097 0.000  1.668 0.000   2.336 0.000 99.99 0.559259  10.417 0.000   4.480 0.000   5.936 0.559 0.032 0.559 0.528 0.000
174.333333 175.333333   63.45 0.559  0.77 0.559000 9.999 0.559259 0.13 0.559000 0.162 0.000  1.757 0.000   2.459 0.000 99.99 0.559259  17.113 0.000  10.141 0.000   6.972 0.559 0.068 0.559 0.565 0.000
177.333333 178.333333   46.59 0.559  0.85 0.559000 9.999 0.559259 0.12 0.559000 0.057 0.559  1.386 0.000   1.940 0.000 99.99 0.559259  10.971 0.000   6.360 0.000   4.611 0.559 0.046 0.559 0.272 0.559
180.333333 181.333333   47.92 0.559  0.61 0.559000 9.999 0.559259 0.16 0.559000 0.139 0.559  1.187 0.000   1.662 0.000 99.99 0.559259  13.928 0.000   8.973 0.000   4.955 0.559 0.042 0.559 0.390 0.559
183.333333 184.333333 9999.99 0.999 99.99 0.999000 9.999 0.999000 9.99 0.999000 9.999 0.999 99.999 0.999 999.999 0.999 99.99 0.999000 999.999 0.999 999.999 0.999 999.999 0.999 9.999 0.999 9.999 0.999
186.333333 187.333333 9999.99 0.999 99.99 0.999000 9.999 0.999000 9.99 0.999000 9.999 0.999 99.999 0.999 999.999 0.999 99.99 0.999000 999.999 0.999 999.999 0.999 999.999 0.999 9.999 0.999 9.999 0.999
189.333333 190.333333   47.19 0.559  0.81 0.559000 9.999 0.559259 0.10 0.559000 0.225 0.000  1.554 0.000   2.175 0.000 99.99 0.559259  14.752 0.000   8.398 0.000   6.354 0.559 0.082 0.559 0.495 0.000
192.333333 193.333333   53.13 0.559  0.94 0.559000 9.999 0.559259 9.99 0.559259 0.027 0.559  1.135 0.000   1.589 0.000 99.99 0.559259   5.392 0.000   2.708 0.000   2.684 0.559 0.033 0.559 0.167 0.559
195.333333 196.333333   68.30 0.559  1.05 0.559000 9.999 0.559259 9.99 0.559259 0.125 0.000  3.154 0.000   4.415 0.000 99.99 0.559259  16.948 0.000   8.469 0.000   8.478 0.559 0.100 0.559 0.347 0.000
198.333333 199.333333   48.43 0.559  0.67 0.559000 9.999 0.559259 0.14 0.559000 0.099 0.559  1.956 0.000   2.739 0.000 99.99 0.559259  14.259 0.000   8.402 0.000   5.857 0.559 0.046 0.559 0.346 0.559
201.333333 202.333333   33.79 0.559  0.49 0.559000 9.999 0.559259 9.99 0.559259 0.147 0.000  1.542 0.000   2.159 0.000 99.99 0.559259  12.040 0.000   7.253 0.000   4.786 0.559 0.031 0.559 0.297 0.000
204.333333 205.333333   56.38 0.559  0.45 0.559000 9.999 0.559259 0.13 0.559000 0.073 0.000  1.831 0.000   2.564 0.000 99.99 0.559259  14.985 0.000   9.116 0.000   5.870 0.559 0.042 0.559 0.345 0.000
207.333333 208.333333   24.55 0.559  0.70 0.559000 9.999 0.559259 9.99 0.559259 0.048 0.000  0.927 0.000   1.298 0.000 99.99 0.559259   9.681 0.000   6.583 0.000   3.099 0.559 0.015 0.559 0.269 0.000
210.333333 211.333333  103.76 0.559  1.08 0.559000 9.999 0.559259 9.99 0.559259 0.182 0.559  2.242 0.000   3.139 0.000 99.99 0.559259  18.697 0.000  10.729 0.000   7.968 0.559 0.070 0.559 0.423 0.559
213.333333 214.333333   36.66 0.559  0.27 0.559000 9.999 0.559259 0.15 0.559000 0.045 0.000  0.721 0.000   1.009 0.000 99.99 0.559259   9.797 0.000   6.924 0.000   2.873 0.559 0.023 0.559 0.216 0.000
216.333333 217.333333   81.66 0.559  0.32 0.559000 9.999 0.559259 9.99 0.559259 0.107 0.000  1.121 0.000   1.570 0.000 99.99 0.559259  12.585 0.000   8.414 0.000   4.170 0.559 0.052 0.559 0.255 0.000
219.333333 220.333333   40.10 0.559  0.49 0.559000 9.999 0.559259 9.99 0.559259 0.044 0.000  1.126 0.000   1.577 0.000 99.99 0.559259  10.417 0.000   7.137 0.000   3.279 0.559 0.027 0.559 0.196 0.000
222.333333 223.333333   45.11 0.559  0.46 0.559000 9.999 0.559259 0.11 0.559000 0.033 0.000  0.958 0.000   1.341 0.000 99.99 0.559259  11.307 0.000   7.660 0.000   3.647 0.559 0.030 0.559 0.308 0.000
225.333333 226.333333   68.33 0.559  0.87 0.559000 9.999 0.559259 0.08 0.559000 0.106 0.000  1.329 0.000   1.860 0.000 99.99 0.559259  15.229 0.000  10.083 0.000   5.146 0.559 0.043 0.559 0.447 0.000
228.333333 229.333333   34.20 0.559  0.86 0.559000 9.999 0.559259 0.20 0.559000 0.113 0.559  1.047 0.000   1.466 0.000 99.99 0.559259  11.726 0.000   7.352 0.000   4.374 0.559 0.028 0.559 0.404 0.559
231.333333 232.333333   73.18 0.559  1.09 0.559000 9.999 0.559259 0.11 0.559000 0.205 0.000  1.995 0.000   2.794 0.000 99.99 0.559259  18.096 0.000  11.710 0.000   6.387 0.559 0.049 0.559 0.379 0.000
234.333333 235.333333   56.37 0.559  0.53 0.559000 9.999 0.559259 0.19 0.559000 0.175 0.000  1.551 0.000   2.172 0.000 99.99 0.559259  14.135 0.000   8.697 0.000   5.438 0.559 0.041 0.559 0.471 0.000
237.333333 238.333333   23.49 0.559  0.55 0.559000 9.999 0.559259 9.99 0.559259 0.036 0.000  0.452 0.000   0.633 0.000 99.99 0.559259   5.136 0.000   3.407 0.000   1.729 0.559 0.014 0.559 0.149 0.000
