scripts/IMPROVE-2019_partial/data/US0077R.20040101070000.20191216000000.filterpack..pm25.52w.1w.US03L_filterpack_US0077.US03L_IMPROVE_Davis.lev2.nas
66 1001
MISSING INFORMATION
US03L, IMPROVE, , , , , , , 
MISSING INFORMATION
IMPROVE sel_HTAP
1 1
2004 01 01 2019 12 16
3.000000
days from file reference point
27
1 1 1 1 1 1 1 1 1 1 1 1 1 1 1 1 1 1 1 1 1 1 1 1 1 1 1
999.999999 9999.99 9.999 99.99 9.999999 9.999 9.999999 99.99 9.999999 9.999 9.999 99.999 9.999 99.999 9.999 99.99 9.999999 999.999 9.999 999.999 9.999 99.999 9.999 9.999 9.999 9.999 9.999
end_time of measurement, days from the file reference point
iron, ng/m3, Revision date=20181210133000
numflag iron, no unit, Revision date=20181210133000
lead, ng/m3, Revision date=20181210133000
numflag lead, no unit, Revision date=20181210133000
magnesium, ug/m3, Revision date=20181210133000
numflag magnesium, no unit, Revision date=20181210133000
nickel, ng/m3, Revision date=20181210133000
numflag nickel, no unit, Revision date=20181210133000
nitrate, ug N/m3, Revision date=20181210133000
numflag nitrate, no unit, Revision date=20181210133000
organic_carbon, ug C/m3, Revision date=20181210133000
numflag organic_carbon, no unit, Revision date=20181210133000
organic_mass, ug/m3, Revision date=20181210133000
numflag organic_mass, no unit, Revision date=20181210133000
phosphorus, ng/m3, Revision date=20181210133000
numflag phosphorus, no unit, Revision date=20181210133000
pm10_mass, ug/m3, Version=2, Version description=Data extracted from http://views.cira.colostate.edu/fed/DataWizard 2019-12-16, Sample duration=1d, Orig. time res.=3d, Matrix=pm10, Blank correction=Blank corrected, Volume std. temperature=ambient, Volume std. pressure=ambient
numflag pm10_mass, no unit, Version=2, Version description=Data extracted from http://views.cira.colostate.edu/fed/DataWizard 2019-12-16, Sample duration=1d, Orig. time res.=3d, Matrix=pm10, Blank correction=Blank corrected, Volume std. temperature=ambient, Volume std. pressure=ambient
pm10_pm25_mass, ug/m3, Revision date=20181210133000, Matrix=pm10_pm25
numflag pm10_pm25_mass, no unit, Revision date=20181210133000, Matrix=pm10_pm25
pm25_mass, ug/m3, Version=2, Version description=Data extracted from http://views.cira.colostate.edu/fed/DataWizard 2019-12-16, Sample duration=1d, Orig. time res.=3d, Blank correction=Blank corrected, Volume std. temperature=ambient, Volume std. pressure=ambient
numflag pm25_mass, no unit, Version=2, Version description=Data extracted from http://views.cira.colostate.edu/fed/DataWizard 2019-12-16, Sample duration=1d, Orig. time res.=3d, Blank correction=Blank corrected, Volume std. temperature=ambient, Volume std. pressure=ambient
potassium, ug/m3, Revision date=20181210133000
numflag potassium, no unit, Revision date=20181210133000
sulphate_total, ug S/m3, Revision date=20181210133000
numflag sulphate_total, no unit, Revision date=20181210133000
0
25
Data definition:              EBAS_1.1
Set type code:                TU
Timezone:                     UTC
File name:                    US0077R.20040101070000.20191216000000.filterpack..pm25.52w.1w.US03L_filterpack_US0077.US03L_IMPROVE_Davis.lev2.nas
File creation:                20191218120038
Startdate:                    20040101070000
Revision date:                20191216000000
Statistics:                   arithmetic mean
Data level:                   2
Period code:                  52w
Resolution code:              1w
Station code:                 US0077R
Platform code:                US0077S
Station name:                 Canyonlands NP
Station latitude:             38.4587
Station longitude:            -109.821
Station altitude:             1798.0 m
Regime:                       IMG
Component:                    
Matrix:                       pm25
Laboratory code:              US03L
Instrument type:              filterpack
Instrument name:              filterpack_US0077
Method ref:                   US03L_IMPROVE_Davis
starttime endtime Fe flag_Fe Pb flag_Pb Mg++ flag_Mg++ Ni flag_Ni NO3- flag_NO3- OC flag_OC OM flag_OM P flag_P PM10 flag_PM10 PM10-PM2.5 flag_PM10-PM2.5 PM2.5 flag_PM2.5 K+ flag_K+ SO4-- flag_SO4--
  0.291667   1.291667   15.47 0.559  0.86 0.559000 9.999 0.559259  0.11 0.559000 0.029 0.000  0.420 0.000  0.588 0.000 99.99 0.559259   3.388 0.000   1.885 0.000  1.502 0.559 0.028 0.559 0.097 0.000
  3.291667   4.291667    3.59 0.559  0.27 0.559000 9.999 0.559259  0.08 0.559000 0.013 0.000  0.047 0.000  0.066 0.000 99.99 0.559259   0.511 0.000   0.176 0.000  0.335 0.559 0.006 0.559 0.034 0.000
  6.291667   7.291667    4.45 0.000  0.40 0.000000 9.999 0.259000  0.09 0.000000 0.180 0.559  0.429 0.000  0.601 0.000 99.99 0.259000   2.915 0.000   0.640 0.000  2.275 0.000 0.051 0.000 0.116 0.559
  9.291667  10.291667    6.53 0.000  0.34 0.000000 9.999 0.259000 99.99 0.259000 0.047 0.000  0.556 0.000  0.779 0.000 99.99 0.259000   3.344 0.000   0.241 0.000  3.103 0.000 0.012 0.000 0.379 0.000
 12.291667  13.291667    4.68 0.000  0.42 0.000000 0.019 0.000000 99.99 0.259000 0.249 0.000  0.743 0.000  1.040 0.000 99.99 0.259000 999.999 0.456 999.999 0.999  3.689 0.000 0.013 0.000 0.223 0.000
 15.291667  16.291667   10.76 0.000  0.17 0.000000 9.999 0.259000 99.99 0.259000 0.214 0.000  0.733 0.000  1.026 0.000 99.99 0.259000 999.999 0.456 999.999 0.999  3.472 0.000 0.013 0.000 0.247 0.000
 18.291667  19.291667    9.15 0.000  0.57 0.000000 9.999 0.259000 99.99 0.259000 0.454 0.000  1.029 0.000  1.441 0.000 99.99 0.259000 999.999 0.456 999.999 0.999  5.747 0.000 0.019 0.000 0.299 0.000
 21.291667  22.291667   10.94 0.000  0.14 0.000000 9.999 0.259000  0.06 0.000000 0.270 0.000  0.727 0.000  1.018 0.000 99.99 0.259000   4.785 0.000   0.758 0.000  4.027 0.000 0.041 0.000 0.365 0.000
 24.291667  25.291667    6.86 0.000  0.30 0.000000 9.999 0.259000 99.99 0.259000 0.099 0.000  0.282 0.000  0.395 0.000 99.99 0.259000   2.897 0.000   1.371 0.000  1.527 0.000 0.007 0.000 0.126 0.000
 27.291667  28.291667    4.44 0.000  0.21 0.000000 9.999 0.259000 99.99 0.259000 0.058 0.559  0.179 0.000  0.251 0.000  2.65 0.000000   2.668 0.000   1.232 0.000  1.436 0.000 0.038 0.000 0.083 0.559
 30.291667  31.291667    4.27 0.000  0.38 0.000000 9.999 0.259000 99.99 0.259000 0.135 0.000  0.265 0.000  0.371 0.000 99.99 0.259000   1.905 0.000   0.558 0.000  1.348 0.000 0.006 0.000 0.111 0.000
 33.291667  34.291667    3.30 0.000  0.31 0.000000 9.999 0.259000 99.99 0.259000 0.157 0.000  0.223 0.000  0.312 0.000 99.99 0.259000 999.999 0.456 999.999 0.999  1.635 0.000 0.024 0.000 0.128 0.000
 36.291667  37.291667    6.23 0.559  0.24 0.559000 9.999 0.559259 99.99 0.559259 0.062 0.559  0.203 0.000  0.284 0.000 99.99 0.559259 999.999 0.456 999.999 0.999  1.600 0.559 0.009 0.559 0.229 0.559
 39.291667  40.291667    3.26 0.000  0.29 0.000000 9.999 0.259000 99.99 0.259000 0.092 0.559  0.203 0.000  0.285 0.000 99.99 0.259000 999.999 0.456 999.999 0.999  1.062 0.000 0.010 0.000 0.120 0.559
 42.291667  43.291667    4.71 0.000  0.54 0.000000 9.999 0.259000  0.04 0.000000 0.015 0.559  0.096 0.000  0.134 0.000 99.99 0.259000   1.917 0.000   0.726 0.000  1.191 0.000 0.008 0.000 0.185 0.559
 45.291667  46.291667   13.16 0.000  0.51 0.000000 0.016 0.000000  0.06 0.000000 0.189 0.000  0.547 0.000  0.765 0.000 99.99 0.259000   3.536 0.000   1.019 0.000  2.517 0.000 0.019 0.000 0.202 0.000
 48.291667  49.291667   13.99 0.000  0.33 0.000000 9.999 0.259000 99.99 0.259000 0.101 0.000  0.425 0.000  0.595 0.000 99.99 0.259000   4.209 0.000   2.312 0.000  1.897 0.000 0.028 0.000 0.126 0.000
 51.291667  52.291667    4.90 0.000  0.15 0.000000 0.022 0.000000  0.08 0.000000 0.030 0.000  0.210 0.000  0.295 0.000 99.99 0.259000   1.567 0.000   0.548 0.000  1.018 0.000 0.006 0.000 0.123 0.000
 54.291667  55.291667    2.91 0.000  0.16 0.000000 9.999 0.259000 99.99 0.259000 0.015 0.000  0.157 0.000  0.220 0.000 99.99 0.259000 999.999 0.456 999.999 0.999  0.600 0.000 0.003 0.000 0.070 0.000
 57.291667  58.291667    7.52 0.000  0.95 0.000000 9.999 0.259000 99.99 0.259000 0.017 0.000  0.285 0.000  0.399 0.000 99.99 0.259000   1.726 0.000   0.632 0.000  1.093 0.000 0.015 0.000 0.140 0.000
 60.291667  61.291667    2.07 0.000  0.23 0.000000 0.034 0.000000 99.99 0.259000 0.013 0.000  0.033 0.000  0.046 0.000 99.99 0.259000   0.847 0.000   0.105 0.000  0.742 0.000 0.004 0.000 0.082 0.000
 63.291667  64.291667    8.95 0.000  0.77 0.000000 0.050 0.000000 99.99 0.259000 0.047 0.000  0.137 0.000  0.192 0.000 99.99 0.259000   2.414 0.000   0.566 0.000  1.848 0.000 0.017 0.000 0.251 0.000
 66.291667  67.291667   44.43 0.000  1.61 0.000000 9.999 0.259000 99.99 0.259000 0.031 0.000  0.117 0.000  0.165 0.000 99.99 0.259000   4.335 0.000   1.831 0.000  2.504 0.000 0.032 0.000 0.245 0.000
 69.291667  70.291667 9999.99 0.999 99.99 0.999000 9.999 0.999000 99.99 0.999000 9.999 0.999 99.999 0.999 99.999 0.999 99.99 0.999000 999.999 0.999 999.999 0.999 99.999 0.999 9.999 0.999 9.999 0.999
 72.291667  73.291667   25.47 0.000  1.12 0.000000 0.029 0.000000 99.99 0.259000 0.100 0.000  0.356 0.000  0.498 0.000 99.99 0.259000   3.872 0.000   1.935 0.000  1.937 0.000 0.022 0.000 0.099 0.000
 75.291667  76.291667   48.38 0.000  1.08 0.000000 0.031 0.000000 99.99 0.259000 0.020 0.000  0.157 0.000  0.219 0.000 99.99 0.259000   5.073 0.000   3.089 0.000  1.984 0.000 0.033 0.000 0.120 0.000
 78.291667  79.291667   37.08 0.000  1.06 0.000000 9.999 0.259000  0.07 0.000000 0.013 0.000  0.106 0.000  0.148 0.000 99.99 0.259000   4.434 0.000   2.438 0.000  1.997 0.000 0.039 0.000 0.127 0.000
 81.291667  82.291667   63.90 0.000  1.11 0.000000 0.069 0.000000  0.07 0.000000 0.023 0.000  0.515 0.000  0.721 0.000 99.99 0.259000  10.770 0.000   6.687 0.000  4.083 0.000 0.059 0.000 0.276 0.000
 84.291667  85.291667   74.38 0.000  1.18 0.000000 9.999 0.259000 99.99 0.259000 9.999 0.456  0.343 0.000  0.480 0.000 99.99 0.259000   9.496 0.000   5.387 0.000  4.109 0.000 0.061 0.000 9.999 0.456
 87.291667  88.291667   22.31 0.000  0.46 0.000000 9.999 0.259000 99.99 0.259000 9.999 0.456  0.014 0.000  0.019 0.000 99.99 0.259000   2.231 0.000   1.103 0.000  1.128 0.000 0.014 0.000 9.999 0.456
 90.291667  91.291667   63.61 0.000  0.78 0.000000 0.048 0.000000  0.06 0.000000 0.039 0.000  0.482 0.000  0.675 0.000 99.99 0.259000   9.273 0.000   5.526 0.000  3.747 0.000 0.074 0.000 0.261 0.000
 93.291667  94.291667   17.44 0.000  0.34 0.000000 9.999 0.259000  0.06 0.000000 0.011 0.000  0.144 0.000  0.202 0.000 99.99 0.259000   1.473 0.000   0.728 0.000  0.745 0.000 0.014 0.000 0.055 0.000
 96.291667  97.291667    6.43 0.000  0.35 0.000000 0.033 0.000000 99.99 0.259000 0.031 0.000  0.317 0.000  0.443 0.000 99.99 0.259000   2.254 0.000   0.447 0.000  1.807 0.000 0.006 0.000 0.216 0.000
 99.291667 100.291667   61.59 0.000  0.90 0.000000 0.056 0.000000 99.99 0.259000 0.047 0.000  0.412 0.000  0.576 0.000 99.99 0.259000   6.019 0.000   2.895 0.000  3.123 0.000 0.040 0.000 0.212 0.000
102.291667 103.291667   68.19 0.000  1.74 0.000000 9.999 0.259000  0.04 0.000000 0.044 0.000  0.427 0.000  0.598 0.000 99.99 0.259000   5.892 0.000   1.738 0.000  4.154 0.000 0.060 0.000 0.422 0.000
105.291667 106.291667  110.78 0.000  1.19 0.000000 0.068 0.000000 99.99 0.259000 0.077 0.000  0.380 0.000  0.532 0.000 99.99 0.259000  13.429 0.000   8.643 0.000  4.786 0.000 0.080 0.000 0.240 0.000
108.291667 109.291667   33.82 0.000  1.08 0.000000 9.999 0.259000 99.99 0.259000 0.021 0.000  0.259 0.000  0.363 0.000 99.99 0.259000   3.998 0.000   1.826 0.000  2.172 0.000 0.028 0.000 0.208 0.000
111.291667 112.291667   39.61 0.000  1.16 0.000000 9.999 0.259000  0.07 0.000000 0.016 0.000  0.231 0.000  0.323 0.000 99.99 0.259000   5.808 0.000   3.109 0.000  2.699 0.000 0.037 0.000 0.253 0.000
114.291667 115.291667   22.08 0.000  0.65 0.000000 9.999 0.259000 99.99 0.259000 0.020 0.000  0.241 0.000  0.337 0.000 99.99 0.259000   2.399 0.000   0.656 0.000  1.743 0.000 0.017 0.000 0.126 0.000
117.291667 118.291667  130.56 0.000  3.52 0.000000 9.999 0.259000  0.05 0.000000 0.048 0.000  0.493 0.000  0.690 0.000 99.99 0.259000  10.146 0.000   4.385 0.000  5.761 0.000 0.097 0.000 0.486 0.000
120.291667 121.291667    8.09 0.000  0.34 0.000000 0.022 0.000000 99.99 0.259000 0.011 0.000  0.139 0.000  0.194 0.000 99.99 0.259000   1.313 0.000   0.676 0.000  0.637 0.000 0.006 0.000 0.061 0.000
123.291667 124.291667   79.93 0.000  1.01 0.000000 0.052 0.000000  0.08 0.000000 0.030 0.000  0.375 0.000  0.525 0.000 99.99 0.259000   6.237 0.000   2.690 0.000  3.547 0.000 0.045 0.000 0.201 0.000
126.291667 127.291667  109.89 0.699  1.18 0.699000 0.093 0.699000 99.99 0.699259 0.073 0.000  1.445 0.000  2.023 0.000 99.99 0.699259  10.626 0.000   3.505 0.000  7.121 0.699 0.092 0.699 0.276 0.000
129.291667 130.291667   70.46 0.000  1.50 0.000000 9.999 0.259000  0.07 0.000000 0.051 0.000  0.410 0.000  0.574 0.000 99.99 0.259000   5.397 0.000   1.655 0.000  3.742 0.000 0.048 0.000 0.266 0.000
132.291667 133.291667   45.75 0.000  0.64 0.000000 9.999 0.259000  0.04 0.000000 0.041 0.000  0.304 0.000  0.426 0.000 99.99 0.259000   9.036 0.000   5.702 0.000  3.335 0.000 0.048 0.000 0.213 0.000
135.291667 136.291667   55.55 0.000  1.09 0.000000 9.999 0.259000  0.04 0.000000 0.044 0.000  0.538 0.000  0.753 0.000 99.99 0.259000   6.359 0.000   2.839 0.000  3.520 0.000 0.045 0.000 0.231 0.000
138.291667 139.291667   49.42 0.394  0.64 0.394000 9.999 0.394259  0.16 0.394000 0.056 0.394  0.171 0.000  0.240 0.000 99.99 0.394259   7.294 0.000   4.450 0.000  2.845 0.000 0.043 0.394 0.177 0.394
141.291667 142.291667   69.98 0.000  1.07 0.000000 9.999 0.259000  0.07 0.000000 0.061 0.000  0.252 0.000  0.352 0.000 99.99 0.259000   8.333 0.000   4.891 0.000  3.442 0.000 0.050 0.000 0.197 0.000
144.291667 145.291667   72.70 0.000  1.24 0.000000 9.999 0.259000  0.07 0.000000 0.070 0.000  0.499 0.000  0.699 0.000 99.99 0.259000  11.630 0.000   7.225 0.000  4.405 0.000 0.057 0.000 0.280 0.000
147.291667 148.291667   33.07 0.000  0.47 0.000000 9.999 0.259000 99.99 0.259000 0.019 0.000  0.256 0.000  0.358 0.000 99.99 0.259000   5.313 0.000   3.171 0.000  2.142 0.000 0.022 0.000 0.140 0.000
150.291667 151.291667   33.12 0.000  1.03 0.000000 9.999 0.259000  0.07 0.000000 0.016 0.000  0.215 0.000  0.302 0.000 99.99 0.259000   3.072 0.000   1.037 0.000  2.035 0.000 0.024 0.000 0.136 0.000
153.291667 154.291667   47.57 0.000  1.04 0.000000 0.049 0.000000  0.09 0.000000 0.028 0.000  0.561 0.000  0.786 0.000 99.99 0.259000   6.030 0.000   3.049 0.000  2.981 0.000 0.038 0.000 0.228 0.000
156.291667 157.291667   53.91 0.000  0.98 0.000000 0.039 0.000000  0.12 0.000000 0.039 0.000  0.772 0.000  1.081 0.000 99.99 0.259000   7.812 0.000   4.111 0.000  3.702 0.000 0.041 0.000 0.263 0.000
159.291667 160.291667   69.11 0.000  0.78 0.000000 9.999 0.259000  0.08 0.000000 0.058 0.000  1.215 0.000  1.701 0.000 99.99 0.259000   9.273 0.000   4.563 0.000  4.710 0.000 0.136 0.000 0.179 0.000
162.291667 163.291667   29.27 0.000  0.41 0.000000 9.999 0.259000 99.99 0.259000 0.014 0.000  0.342 0.000  0.478 0.000 99.99 0.259000   4.853 0.000   3.227 0.000  1.625 0.000 0.024 0.000 0.122 0.000
165.291667 166.291667   49.26 0.000  0.83 0.000000 9.999 0.259000  0.09 0.000000 0.030 0.000  0.556 0.000  0.779 0.000 99.99 0.259000   7.482 0.000   4.466 0.000  3.015 0.000 0.057 0.000 0.238 0.000
168.291667 169.291667   41.07 0.000  0.46 0.000000 0.048 0.000000  0.07 0.000000 0.034 0.000  0.462 0.000  0.647 0.000 99.99 0.259000   7.111 0.000   4.192 0.000  2.919 0.000 0.046 0.000 0.258 0.000
171.291667 172.291667   41.35 0.000  0.38 0.000000 9.999 0.259000  0.09 0.000000 0.036 0.000  0.489 0.000  0.684 0.000 99.99 0.259000   4.712 0.000   1.714 0.000  2.999 0.000 0.046 0.000 0.185 0.000
174.291667 175.291667   21.15 0.559  0.42 0.559000 9.999 0.559259 99.99 0.559259 0.013 0.000  0.442 0.000  0.618 0.000 99.99 0.559259   3.826 0.000   1.229 0.000  2.597 0.559 0.039 0.559 0.150 0.000
177.291667 178.291667   27.22 0.559  0.36 0.559000 0.082 0.559000 99.99 0.559259 0.022 0.000  0.660 0.000  0.923 0.000 99.99 0.559259   5.271 0.000   2.909 0.000  2.362 0.559 0.029 0.559 0.183 0.000
180.291667 181.291667   26.07 0.559  0.45 0.559000 9.999 0.559259  0.17 0.559000 0.021 0.000  1.162 0.000  1.627 0.000 99.99 0.559259   5.538 0.000   1.520 0.000  4.018 0.559 0.045 0.559 0.246 0.000
183.291667 184.291667   28.10 0.559 99.99 0.559259 9.999 0.559259 99.99 0.559259 0.017 0.000  0.328 0.000  0.460 0.000 99.99 0.559259   3.909 0.000   2.074 0.000  1.835 0.559 0.034 0.559 0.099 0.000
186.291667 187.291667   38.37 0.559  0.33 0.559000 0.073 0.559000  0.19 0.559000 0.031 0.000  0.426 0.000  0.596 0.000 99.99 0.559259   6.861 0.000   3.772 0.000  3.090 0.559 0.041 0.559 0.209 0.000
189.291667 190.291667   48.13 0.000  0.95 0.000000 9.999 0.259000  0.15 0.000000 0.052 0.000  0.430 0.000  0.602 0.000 99.99 0.259000   7.854 0.000   4.021 0.000  3.832 0.000 0.084 0.000 0.323 0.000
192.291667 193.291667   23.68 0.559  0.59 0.559000 9.999 0.559259  0.08 0.559000 0.022 0.000  0.267 0.000  0.373 0.000 99.99 0.559259   4.948 0.000   2.596 0.000  2.353 0.559 0.033 0.559 0.219 0.000
195.291667 196.291667   37.16 0.559  0.56 0.559000 9.999 0.559259 99.99 0.559259 0.014 0.000  0.671 0.000  0.940 0.000 99.99 0.559259   7.319 0.000   4.116 0.000  3.203 0.559 0.034 0.559 0.247 0.000
198.291667 199.291667   22.78 0.559 99.99 0.559259 9.999 0.559259 99.99 0.559259 0.015 0.000  0.566 0.000  0.793 0.000 99.99 0.559259   4.533 0.000   2.396 0.000  2.137 0.559 0.022 0.559 0.140 0.000
201.291667 202.291667   23.86 0.559  0.31 0.559000 9.999 0.559259 99.99 0.559259 0.019 0.000  0.727 0.000  1.018 0.000 99.99 0.559259   5.799 0.000   2.423 0.000  3.376 0.559 0.044 0.559 0.313 0.000
204.291667 205.291667   34.19 0.559  0.25 0.559000 9.999 0.559259 99.99 0.559259 0.014 0.000  0.703 0.000  0.984 0.000 99.99 0.559259   4.027 0.000   0.881 0.000  3.146 0.559 0.041 0.559 0.218 0.000
207.291667 208.291667   41.09 0.559  0.42 0.559000 9.999 0.559259  0.11 0.559000 0.012 0.000  0.516 0.000  0.723 0.000 99.99 0.559259 999.999 0.456 999.999 0.999  3.093 0.559 0.034 0.559 0.186 0.000
210.291667 211.291667   42.56 0.559  0.27 0.559000 9.999 0.559259  0.09 0.559000 0.020 0.000  0.935 0.000  1.308 0.000 99.99 0.559259   7.730 0.000   4.017 0.000  3.713 0.559 0.043 0.559 0.167 0.000
213.291667 214.291667   31.86 0.559  0.63 0.559000 9.999 0.559259  0.13 0.559000 0.030 0.000  1.184 0.000  1.657 0.000 99.99 0.559259  10.770 0.000   6.282 0.000  4.489 0.559 0.058 0.559 0.300 0.000
216.291667 217.291667   34.92 0.559 99.99 0.559259 9.999 0.559259 99.99 0.559259 0.025 0.000  0.305 0.000  0.428 0.000 99.99 0.559259   7.606 0.000   4.814 0.000  2.792 0.559 0.036 0.559 0.250 0.000
219.291667 220.291667   21.51 0.559  0.34 0.559000 9.999 0.559259  0.13 0.559000 0.022 0.000  0.294 0.000  0.412 0.000 99.99 0.559259   4.476 0.000   2.520 0.000  1.956 0.559 0.021 0.559 0.188 0.000
222.291667 223.291667   30.62 0.559  0.45 0.559000 9.999 0.559259 99.99 0.559259 0.027 0.000  0.659 0.000  0.923 0.000 99.99 0.559259   8.116 0.000   4.840 0.000  3.276 0.559 0.037 0.559 0.250 0.000
225.291667 226.291667   41.02 0.559  0.23 0.559000 9.999 0.559259 99.99 0.559259 0.014 0.000  1.058 0.000  1.481 0.000 99.99 0.559259  10.063 0.000   6.491 0.000  3.572 0.559 0.044 0.559 0.131 0.000
228.291667 229.291667   23.11 0.394 99.99 0.394259 9.999 0.394259 99.99 0.394259 0.013 0.394  0.849 0.000  1.189 0.000 99.99 0.394259   8.046 0.000   4.611 0.000  3.435 0.000 0.025 0.394 0.197 0.394
231.291667 232.291667   20.09 0.000  0.54 0.000000 9.999 0.259000  1.31 0.000000 0.012 0.000  0.647 0.000  0.906 0.000 99.99 0.259000  11.095 0.000   8.084 0.000  3.010 0.000 0.021 0.000 0.210 0.000
234.291667 235.291667   19.39 0.000  0.42 0.000000 9.999 0.259000  0.19 0.000000 0.012 0.000  0.474 0.000  0.663 0.000 99.99 0.259000   5.002 0.000   2.230 0.000  2.772 0.000 0.020 0.000 0.191 0.000
237.291667 238.291667   40.67 0.000  0.48 0.000000 9.999 0.259000  0.21 0.000000 0.014 0.559  0.242 0.000  0.339 0.000 99.99 0.259000   6.903 0.000   4.125 0.000  2.778 0.000 0.032 0.000 0.304 0.559
