scripts/IMPROVE-2019_partial/data/US0035R.20010308060000.20191216000000.filterpack...10mo.3d.US03L_filterpack_US0035.US03L_IMPROVE_Davis.lev2.nas
52 1001
MISSING INFORMATION
US03L, IMPROVE, , , , , , , 
MISSING INFORMATION
IMPROVE sel_HTAP
1 1
2001 01 01 2019 12 16
3.00
days from file reference point
5
1 1 1 1 1
999.99 999.999 9.999 999.999 9.999
end_time of measurement, days from the file reference point
pm10_mass, ug/m3, Matrix=pm10
numflag pm10_mass, no unit, Matrix=pm10
pm25_mass, ug/m3, Matrix=pm25
numflag pm25_mass, no unit, Matrix=pm25
0
33
Data definition:              EBAS_1.1
Set type code:                TU
Timezone:                     UTC
File name:                    US0035R.20010308060000.20191216000000.filterpack...10mo.3d.US03L_filterpack_US0035.US03L_IMPROVE_Davis.lev2.nas
File creation:                20191218115741
Startdate:                    20010308060000
Revision date:                20191216000000
Version:                      2
Version description:          "Data extracted from http://views.cira.colostate.edu/fed/DataWizard 2019-12-16"
Statistics:                   arithmetic mean
Data level:                   2
Period code:                  10mo
Resolution code:              3d
Sample duration:              1d
Orig. time res.:              3d
Station code:                 US0035R
Platform code:                US0035S
Station name:                 Bondville
Station latitude:             40.05
Station longitude:            -88.36667
Station altitude:             213.0 m
Regime:                       IMG
Component:                    
Unit:                         ug/m3
Matrix:                       
Laboratory code:              US03L
Instrument type:              filterpack
Instrument name:              filterpack_US0035
Method ref:                   US03L_IMPROVE_Davis
Blank correction:             Blank corrected
Volume std. temperature:      ambient
Volume std. pressure:         ambient
starttime endtime PM10 flag_PM10 PM2.5 flag_PM2.5
 66.25  67.25  17.669 0.000  15.319 0.000
 69.25  70.25  20.466 0.000  17.767 0.000
 72.25  73.25   9.990 0.000   8.303 0.000
 75.25  76.25   9.492 0.000   8.481 0.000
 78.25  79.25  20.360 0.000  15.126 0.000
 81.25  82.25  33.497 0.000  26.902 0.000
 84.25  85.25  30.258 0.000  10.550 0.000
 87.25  88.25  34.109 0.000  30.909 0.000
 90.25  91.25   9.722 0.000   6.378 0.000
 93.25  94.25  37.704 0.000  23.774 0.000
 96.25  97.25  53.981 0.000  15.278 0.000
 99.25 100.25  18.318 0.000  13.390 0.000
102.25 103.25  10.437 0.000   6.202 0.000
105.25 106.25   8.497 0.000   4.155 0.000
108.25 109.25  25.382 0.000   9.620 0.000
111.25 112.25  27.858 0.000  13.288 0.000
114.25 115.25  15.798 0.000   7.786 0.000
117.25 118.25  27.576 0.000   5.807 0.000
120.25 121.25  32.150 0.000  17.117 0.000
123.25 124.25  33.834 0.000  15.534 0.000
126.25 127.25  21.964 0.000  10.883 0.000
129.25 130.25  29.029 0.000  14.929 0.000
132.25 133.25  10.497 0.000   5.952 0.000
135.25 136.25  27.778 0.000  14.623 0.000
138.25 139.25  15.513 0.000  11.117 0.000
141.25 142.25   7.466 0.000   3.401 0.000
144.25 145.25   4.914 0.000   3.305 0.000
147.25 148.25   9.932 0.000   8.097 0.000
150.25 151.25  13.726 0.000  10.386 0.000
153.25 154.25   5.370 0.000   4.378 0.000
156.25 157.25   9.473 0.000   7.980 0.000
159.25 160.25  16.578 0.000  12.853 0.000
162.25 163.25  32.167 0.000  22.300 0.000
165.25 166.25  15.046 0.000   5.452 0.000
168.25 169.25  24.205 0.000  13.040 0.000
171.25 172.25  18.047 0.000  11.292 0.000
174.25 175.25  16.634 0.000  12.983 0.000
177.25 178.25  29.223 0.000  26.171 0.000
180.25 181.25  21.917 0.000  17.988 0.000
183.25 184.25   9.898 0.000 999.999 0.456
186.25 187.25  10.196 0.000 999.999 0.456
189.25 190.25  15.454 0.000 999.999 0.456
192.25 193.25  13.809 0.000 999.999 0.456
195.25 196.25  19.709 0.000 999.999 0.456
198.25 199.25   8.820 0.000   6.422 0.000
201.25 202.25  22.439 0.000  18.827 0.000
204.25 205.25  18.456 0.000  14.808 0.000
207.25 208.25  23.282 0.000  15.572 0.000
210.25 211.25  13.648 0.000   9.503 0.000
213.25 214.25  24.647 0.000  19.573 0.000
216.25 217.25  21.154 0.000  15.162 0.000
219.25 220.25  45.360 0.000  36.896 0.000
222.25 223.25  10.477 0.000   6.250 0.000
225.25 226.25  12.250 0.000   4.739 0.000
228.25 229.25  12.042 0.000   6.270 0.559
231.25 232.25   8.142 0.000   5.398 0.559
234.25 235.25   5.149 0.000   4.009 0.559
237.25 238.25  10.137 0.000   7.172 0.559
240.25 241.25  16.643 0.000  14.232 0.559
243.25 244.25   5.867 0.000   3.049 0.559
246.25 247.25  21.661 0.000  13.204 0.559
249.25 250.25  18.079 0.000   8.646 0.559
252.25 253.25   8.430 0.000   3.755 0.559
255.25 256.25  22.840 0.000  11.791 0.559
258.25 259.25  27.818 0.000  11.038 0.559
261.25 262.25  18.626 0.000  13.197 0.000
264.25 265.25  14.371 0.000   6.295 0.559
267.25 268.25  11.057 0.000   2.122 0.559
270.25 271.25  12.233 0.000   5.904 0.559
273.25 274.25  22.045 0.000   9.944 0.559
276.25 277.25  23.968 0.000  10.669 0.559
279.25 280.25  11.905 0.000   4.508 0.559
282.25 283.25  17.341 0.000  11.933 0.559
285.25 286.25   6.468 0.000   4.620 0.559
288.25 289.25   6.130 0.000   3.978 0.559
291.25 292.25  15.635 0.000   5.845 0.000
294.25 295.25  21.230 0.000  14.635 0.000
297.25 298.25  11.249 0.000   2.296 0.559
300.25 301.25   9.097 0.000   5.208 0.559
303.25 304.25  25.194 0.000  14.913 0.559
306.25 307.25  14.858 0.000   5.820 0.559
309.25 310.25  15.225 0.000   8.187 0.559
312.25 313.25  15.879 0.000  11.461 0.559
315.25 316.25  20.143 0.000  13.355 0.559
318.25 319.25  44.997 0.000  26.177 0.000
321.25 322.25  39.433 0.000  20.803 0.000
324.25 325.25  10.681 0.000   6.916 0.000
327.25 328.25   8.911 0.000   5.903 0.000
330.25 331.25  10.629 0.000   8.433 0.559
333.25 334.25   3.371 0.000   2.915 0.559
336.25 337.25  14.214 0.000  11.498 0.559
339.25 340.25   6.137 0.000   4.856 0.559
342.25 343.25   8.742 0.000   7.449 0.559
345.25 346.25  14.823 0.000  13.544 0.000
348.25 349.25   7.878 0.000   6.635 0.559
351.25 352.25  14.733 0.000  12.971 0.559
354.25 355.25  14.175 0.000   8.610 0.559
357.25 358.25  11.382 0.000   6.207 0.559
360.25 361.25   9.503 0.000   5.601 0.559
363.25 364.25   9.903 0.000   5.952 0.559
