scripts/IMPROVE-2019_partial/data/US0015R.20060102070000.20191216000000.filterpack..pm25.52w.1w.US03L_filterpack_US0015.US03L_IMPROVE_Davis.lev2.nas
66 1001
MISSING INFORMATION
US03L, IMPROVE, , , , , , , 
MISSING INFORMATION
IMPROVE sel_HTAP
1 1
2006 01 01 2019 12 16
3.000000
days from file reference point
27
1 1 1 1 1 1 1 1 1 1 1 1 1 1 1 1 1 1 1 1 1 1 1 1 1 1 1
999.999999 9999.99 9.999 99.99 9.999 9.999 9.999999 99.99 9.999999 9.999 9.999 99.999 9.999 99.999 9.999 999.99 9.999999 999.999 9.999 999.999 9.999 99.999 9.999 9.999 9.999 9.999 9.999
end_time of measurement, days from the file reference point
iron, ng/m3, Revision date=20181210133000
numflag iron, no unit, Revision date=20181210133000
lead, ng/m3, Revision date=20181210133000
numflag lead, no unit, Revision date=20181210133000
magnesium, ug/m3, Revision date=20181210133000
numflag magnesium, no unit, Revision date=20181210133000
nickel, ng/m3, Revision date=20181210133000
numflag nickel, no unit, Revision date=20181210133000
nitrate, ug N/m3, Revision date=20181210133000
numflag nitrate, no unit, Revision date=20181210133000
organic_carbon, ug C/m3, Revision date=20181210133000
numflag organic_carbon, no unit, Revision date=20181210133000
organic_mass, ug/m3, Revision date=20181210133000
numflag organic_mass, no unit, Revision date=20181210133000
phosphorus, ng/m3, Revision date=20181210133000
numflag phosphorus, no unit, Revision date=20181210133000
pm10_mass, ug/m3, Version=2, Version description=Data extracted from http://views.cira.colostate.edu/fed/DataWizard 2019-12-16, Sample duration=1d, Orig. time res.=3d, Matrix=pm10, Blank correction=Blank corrected, Volume std. temperature=ambient, Volume std. pressure=ambient
numflag pm10_mass, no unit, Version=2, Version description=Data extracted from http://views.cira.colostate.edu/fed/DataWizard 2019-12-16, Sample duration=1d, Orig. time res.=3d, Matrix=pm10, Blank correction=Blank corrected, Volume std. temperature=ambient, Volume std. pressure=ambient
pm10_pm25_mass, ug/m3, Revision date=20181210133000, Matrix=pm10_pm25
numflag pm10_pm25_mass, no unit, Revision date=20181210133000, Matrix=pm10_pm25
pm25_mass, ug/m3, Version=2, Version description=Data extracted from http://views.cira.colostate.edu/fed/DataWizard 2019-12-16, Sample duration=1d, Orig. time res.=3d, Blank correction=Blank corrected, Volume std. temperature=ambient, Volume std. pressure=ambient
numflag pm25_mass, no unit, Version=2, Version description=Data extracted from http://views.cira.colostate.edu/fed/DataWizard 2019-12-16, Sample duration=1d, Orig. time res.=3d, Blank correction=Blank corrected, Volume std. temperature=ambient, Volume std. pressure=ambient
potassium, ug/m3, Revision date=20181210133000
numflag potassium, no unit, Revision date=20181210133000
sulphate_total, ug S/m3, Revision date=20181210133000
numflag sulphate_total, no unit, Revision date=20181210133000
0
25
Data definition:              EBAS_1.1
Set type code:                TU
Timezone:                     UTC
File name:                    US0015R.20060102070000.20191216000000.filterpack..pm25.52w.1w.US03L_filterpack_US0015.US03L_IMPROVE_Davis.lev2.nas
File creation:                20191218115625
Startdate:                    20060102070000
Revision date:                20191216000000
Statistics:                   arithmetic mean
Data level:                   2
Period code:                  52w
Resolution code:              1w
Station code:                 US0015R
Platform code:                US0015S
Station name:                 Ike's Backbone
Station latitude:             34.3405
Station longitude:            -111.6832
Station altitude:             1297.0 m
Regime:                       IMG
Component:                    
Matrix:                       pm25
Laboratory code:              US03L
Instrument type:              filterpack
Instrument name:              filterpack_US0015
Method ref:                   US03L_IMPROVE_Davis
starttime endtime Fe flag_Fe Pb flag_Pb Mg++ flag_Mg++ Ni flag_Ni NO3- flag_NO3- OC flag_OC OM flag_OM P flag_P PM10 flag_PM10 PM10-PM2.5 flag_PM10-PM2.5 PM2.5 flag_PM2.5 K+ flag_K+ SO4-- flag_SO4--
[from data line 82]
247.291667 248.291667    4.97 0.000  0.36 0.000 9.999 0.259000  0.10 0.000000 0.009 0.559  0.373 0.559  0.672 0.559 999.99 0.259000   2.272 0.000   1.028 0.000  1.244 0.000 0.005 0.000 0.108 0.559
250.291667 251.291667   16.07 0.000  0.37 0.000 9.999 0.259000 99.99 0.259000 0.023 0.559  0.883 0.000  1.590 0.000 999.99 0.259000   4.214 0.000   1.770 0.000  2.444 0.000 0.030 0.000 0.107 0.559
253.291667 254.291667   15.97 0.000  0.67 0.000 9.999 0.259000 99.99 0.259000 0.021 0.559  0.577 0.559  1.039 0.559 999.99 0.259000   4.040 0.000   1.737 0.000  2.303 0.000 0.017 0.000 0.217 0.559
256.291667 257.291667   30.09 0.000  0.97 0.000 9.999 0.259000  0.22 0.000000 0.026 0.559  0.584 0.559  1.051 0.559 999.99 0.259000   7.160 0.000   4.122 0.000  3.038 0.000 0.034 0.000 0.286 0.559
259.291667 260.291667   44.00 0.000  0.53 0.000 0.023 0.000000 99.99 0.259000 0.036 0.559  0.897 0.559  1.615 0.559 999.99 0.259000   8.431 0.000   5.299 0.000  3.132 0.000 0.036 0.000 0.110 0.559
262.291667 263.291667   56.56 0.000  0.97 0.000 0.017 0.000000  0.17 0.000000 0.058 0.559  0.674 0.559  1.214 0.559 999.99 0.259000  11.438 0.000   7.562 0.000  3.877 0.000 0.046 0.000 0.224 0.559
265.291667 266.291667   29.29 0.000  0.68 0.000 0.010 0.000000 99.99 0.259000 0.026 0.559  0.501 0.000  0.901 0.000 999.99 0.259000   6.056 0.000   3.775 0.000  2.281 0.000 0.025 0.000 0.135 0.559
268.291667 269.291667   29.02 0.000  0.82 0.000 0.011 0.000000 99.99 0.259000 0.024 0.559  0.865 0.000  1.558 0.000 999.99 0.259000   7.071 0.000   4.231 0.000  2.840 0.000 0.021 0.000 0.227 0.559
271.291667 272.291667   61.05 0.000  0.79 0.000 0.016 0.000000 99.99 0.259000 0.028 0.559  2.353 0.000  4.236 0.000 999.99 0.259000  11.911 0.000   5.863 0.000  6.048 0.000 0.053 0.000 0.116 0.559
274.291667 275.291667   43.04 0.000  1.11 0.000 9.999 0.259000  0.36 0.000000 0.039 0.559  0.769 0.559  1.385 0.559 999.99 0.259000  10.620 0.000   7.055 0.000  3.565 0.000 0.062 0.000 0.378 0.559
277.291667 278.291667   50.77 0.000  1.16 0.000 0.018 0.000000  0.20 0.000000 0.034 0.559  0.909 0.000  1.637 0.000 999.99 0.259000   9.883 0.000   4.891 0.000  4.992 0.000 0.044 0.000 0.473 0.559
280.291667 281.291667   24.52 0.000  0.60 0.000 9.999 0.259000  0.20 0.000000 0.023 0.559  0.320 0.559  0.577 0.559 999.99 0.259000   5.945 0.000   3.912 0.000  2.033 0.000 0.019 0.000 0.170 0.559
283.291667 284.291667   45.11 0.000  1.77 0.000 9.999 0.259000  0.17 0.000000 0.043 0.559  0.539 0.559  0.971 0.559 999.99 0.259000   9.092 0.000   5.844 0.000  3.248 0.000 0.036 0.000 0.244 0.559
286.291667 287.291667   25.50 0.000  0.74 0.000 0.015 0.000000 99.99 0.259000 0.057 0.559  0.383 0.000  0.689 0.000 999.99 0.259000   5.904 0.000   3.510 0.000  2.394 0.000 0.022 0.000 0.180 0.559
289.291667 290.291667   37.93 0.000  0.89 0.000 0.018 0.000000  0.30 0.000000 0.087 0.559 99.999 0.999 99.999 0.999 999.99 0.259000   9.891 0.000   6.210 0.000  3.681 0.000 0.029 0.000 0.342 0.559
292.291667 293.291667   41.92 0.000  1.03 0.000 9.999 0.259000  0.15 0.000000 0.034 0.559 99.999 0.999 99.999 0.999 999.99 0.259000   8.345 0.000   4.167 0.000  4.178 0.000 0.027 0.000 0.208 0.559
295.291667 296.291667   27.08 0.000  0.87 0.000 9.999 0.259000  0.13 0.000000 0.022 0.559  0.446 0.000  0.802 0.000 999.99 0.259000   6.185 0.000   3.748 0.000  2.437 0.000 0.018 0.000 0.182 0.559
298.291667 299.291667   34.21 0.000  0.37 0.000 9.999 0.259000 99.99 0.259000 0.018 0.559  0.405 0.559  0.729 0.559 999.99 0.259000   3.148 0.000   1.417 0.000  1.732 0.000 0.020 0.000 0.069 0.559
301.291667 302.291667   31.06 0.000  1.12 0.000 9.999 0.259000  0.10 0.000000 0.018 0.559  0.385 0.559  0.693 0.559 999.99 0.259000   6.234 0.000   3.848 0.000  2.385 0.000 0.024 0.000 0.179 0.559
304.291667 305.291667   65.36 0.000  2.37 0.000 0.014 0.000000  0.17 0.000000 0.071 0.559  1.496 0.000  2.693 0.000 999.99 0.259000  10.840 0.000   4.800 0.000  6.040 0.000 0.101 0.000 0.349 0.559
307.291667 308.291667   44.86 0.000  1.78 0.000 9.999 0.259000  0.14 0.000000 0.031 0.559  1.079 0.559  1.943 0.559 999.99 0.259000   8.524 0.000   4.670 0.000  3.854 0.000 0.037 0.000 0.197 0.559
310.291667 311.291667   18.47 0.000  0.26 0.000 9.999 0.259000  0.06 0.000000 0.014 0.559  0.556 0.559  1.001 0.559 999.99 0.259000   3.082 0.000   1.793 0.000  1.289 0.000 0.009 0.000 0.044 0.559
313.291667 314.291667   47.57 0.000  1.15 0.000 9.999 0.259000  0.26 0.000000 0.030 0.559  0.495 0.559  0.891 0.559 999.99 0.259000   9.194 0.000   5.869 0.000  3.325 0.000 0.032 0.000 0.237 0.559
316.291667 317.291667   51.45 0.000  1.80 0.000 9.999 0.259000  0.11 0.000000 0.046 0.559  0.434 0.559  0.782 0.559 999.99 0.259000   9.948 0.000   6.784 0.000  3.165 0.000 0.032 0.000 0.226 0.559
319.291667 320.291667   41.98 0.000  1.04 0.000 9.999 0.259000 99.99 0.259000 0.014 0.559  0.608 0.559  1.094 0.559 999.99 0.259000   5.147 0.000   2.427 0.000  2.720 0.000 0.029 0.000 0.174 0.559
322.291667 323.291667   24.33 0.000  0.87 0.000 9.999 0.259000 99.99 0.259000 0.012 0.559  0.471 0.559  0.848 0.559 999.99 0.259000   5.057 0.000   2.831 0.000  2.226 0.000 0.021 0.000 0.153 0.559
325.291667 326.291667   74.33 0.000  2.70 0.000 9.999 0.259000  0.17 0.000000 0.037 0.559  0.680 0.559  1.224 0.559 999.99 0.259000  12.371 0.000   7.041 0.000  5.330 0.000 0.059 0.000 0.459 0.559
328.291667 329.291667   41.02 0.000  2.83 0.000 9.999 0.259000  0.23 0.000000 0.049 0.559  0.495 0.559  0.891 0.559 999.99 0.259000   8.228 0.000   4.697 0.000  3.531 0.000 0.036 0.000 0.338 0.559
331.291667 332.291667   35.55 0.000  1.07 0.000 9.999 0.259000  0.23 0.000000 0.131 0.559  0.308 0.559  0.555 0.559 999.99 0.259000   7.769 0.000   5.131 0.000  2.639 0.000 0.030 0.000 0.172 0.559
334.291667 335.291667   36.42 0.456  0.39 0.456 9.999 0.456259 99.99 0.456259 0.043 0.559  0.797 0.559  1.436 0.559 999.99 0.456259   4.737 0.000 999.999 0.456 99.999 0.456 0.055 0.456 0.083 0.559
337.291667 338.291667   16.77 0.000  0.77 0.000 0.009 0.000000 99.99 0.259000 0.020 0.559  0.339 0.559  0.609 0.559 999.99 0.259000   3.611 0.000   1.994 0.000  1.617 0.000 0.013 0.000 0.107 0.559
340.291667 341.291667   38.15 0.000  0.39 0.000 9.999 0.259000  0.23 0.000000 0.018 0.559  0.731 0.000  1.316 0.000 999.99 0.259000   4.062 0.000   1.616 0.000  2.446 0.000 0.023 0.000 0.088 0.559
343.291667 344.291667   39.41 0.000  4.33 0.000 9.999 0.259000  0.19 0.000000 0.065 0.559  0.550 0.000  0.990 0.000 999.99 0.259000   8.669 0.000   5.817 0.000  2.853 0.000 0.048 0.000 0.190 0.559
346.291667 347.291667   49.47 0.000  0.52 0.000 0.022 0.000000  0.08 0.000000 0.029 0.559  0.462 0.000  0.831 0.000 999.99 0.259000   4.931 0.000   2.807 0.000  2.124 0.000 0.029 0.000 0.064 0.559
349.291667 350.291667   74.34 0.000  3.01 0.000 9.999 0.259000 99.99 0.259000 0.039 0.559  0.425 0.000  0.764 0.000 999.99 0.259000  14.205 0.000  11.036 0.000  3.169 0.000 0.071 0.000 0.158 0.559
352.291667 353.291667   19.44 0.000  0.49 0.000 9.999 0.259000  0.11 0.000000 0.089 0.559  0.242 0.000  0.436 0.000 999.99 0.259000   4.593 0.000   3.240 0.000  1.352 0.000 0.019 0.000 0.074 0.559
355.291667 356.291667   31.77 0.000  0.53 0.000 9.999 0.259000 99.99 0.259000 0.101 0.559  0.797 0.000  1.435 0.000 999.99 0.259000   4.807 0.000   2.082 0.000  2.725 0.000 0.026 0.000 0.122 0.559
358.291667 359.291667   16.92 0.000  0.27 0.000 0.010 0.000000  0.06 0.000000 0.014 0.559  0.242 0.000  0.435 0.000 999.99 0.259000   1.049 0.000 999.999 0.259  1.076 0.000 0.010 0.000 0.039 0.559
361.291667 362.291667   28.34 0.000  0.67 0.000 9.999 0.259000 99.99 0.259000 0.167 0.559  0.279 0.000  0.502 0.000 999.99 0.259000   2.484 0.000   0.857 0.000  1.627 0.000 0.020 0.000 0.053 0.559
364.291667 365.291667   14.93 0.000  2.94 0.000 9.999 0.259000 99.99 0.259000 0.497 0.559  1.151 0.000  2.072 0.000 999.99 0.259000   5.402 0.000   1.492 0.000  3.909 0.000 0.014 0.000 0.280 0.559
