scripts/IMPROVE-2019_partial/data/US0049R.20110103060000.20191216000000.filterpack...1y.3d.US03L_filterpack_US0049.US03L_IMPROVE_Davis.lev2.nas
51 1001
MISSING INFORMATION
US03L, IMPROVE, , , , , , , 
MISSING INFORMATION
IMPROVE sel_HTAP
1 1
2011 01 01 2019 12 16
3.00
days from file reference point
4
1 1 1 1
999.99 999.999 999.999 9.999
end_time of measurement, days from the file reference point
pm10_mass, ug/m3, Matrix=pm10
pm25_mass, ug/m3, Matrix=pm25
numflag, no unit
0
33
Data definition:              EBAS_1.1
Set type code:                TU
Timezone:                     UTC
File name:                    US0049R.20110103060000.20191216000000.filterpack...1y.3d.US03L_filterpack_US0049.US03L_IMPROVE_Davis.lev2.nas
File creation:                20191218115823
Startdate:                    20110103060000
Revision date:                20191216000000
Version:                      2
Version description:          "Data extracted from http://views.cira.colostate.edu/fed/DataWizard 2019-12-16"
Statistics:                   arithmetic mean
Data level:                   2
Period code:                  1y
Resolution code:              3d
Sample duration:              1d
Orig. time res.:              3d
Station code:                 US0049R
Platform code:                US0049S
Station name:                 Great River Bluffs
Station latitude:             43.9373
Station longitude:            -91.4052
Station altitude:             370.0 m
Regime:                       IMG
Component:                    
Unit:                         ug/m3
Matrix:                       
Laboratory code:              US03L
Instrument type:              filterpack
Instrument name:              filterpack_US0049
Method ref:                   US03L_IMPROVE_Davis
Blank correction:             Blank corrected
Volume std. temperature:      ambient
Volume std. pressure:         ambient
starttime endtime PM10 PM2.5 flag
  2.25   3.25  14.304   9.013 0.000
  5.25   6.25  14.950  12.196 0.000
  8.25   9.25  12.493   9.520 0.000
 11.25  12.25   5.247   4.423 0.000
 14.25  15.25  14.821  12.897 0.000
 17.25  18.25  11.858   9.851 0.000
 20.25  21.25   9.723   6.888 0.000
 23.25  24.25  23.350  19.003 0.000
 26.25  27.25  18.555  16.522 0.000
 29.25  30.25   6.607   5.353 0.000
 32.25  33.25   4.969   3.325 0.000
 35.25  36.25  23.899  18.109 0.000
 38.25  39.25   7.055   3.963 0.000
 41.25  42.25  21.179  15.933 0.000
 44.25  45.25   5.470   3.999 0.000
 47.25  48.25  13.732   9.845 0.000
 50.25  51.25   8.863   7.190 0.000
 53.25  54.25  15.936  13.460 0.000
 56.25  57.25  18.759  13.614 0.000
 59.25  60.25  15.638  10.516 0.000
 62.25  63.25  27.500  21.150 0.000
 65.25  66.25  17.433  14.472 0.000
 68.25  69.25  11.531   9.417 0.000
 71.25  72.25  10.213   7.522 0.000
 74.25  75.25  11.063   6.240 0.000
 77.25  78.25   9.010   5.672 0.000
 80.25  81.25   3.264   3.129 0.000
 83.25  84.25   4.812   3.703 0.000
 86.25  87.25   4.503   2.870 0.000
 89.25  90.25  16.225   9.316 0.000
 92.25  93.25   9.561   6.444 0.000
 95.25  96.25   3.846   2.503 0.000
 98.25  99.25  18.163  11.686 0.000
101.25 102.25  10.402   4.855 0.000
104.25 105.25  16.044   3.793 0.000
107.25 108.25   4.747   3.386 0.000
110.25 111.25   4.470   3.299 0.000
113.25 114.25   4.473   3.670 0.000
116.25 117.25   1.515   0.825 0.000
119.25 120.25   7.002   3.757 0.000
122.25 123.25   3.868   2.117 0.000
125.25 126.25   9.085   3.397 0.000
128.25 129.25  12.513   7.936 0.000
131.25 132.25  17.364  11.831 0.000
134.25 135.25   3.668   2.062 0.000
137.25 138.25   5.537   2.685 0.000
140.25 141.25  12.126   8.029 0.000
143.25 144.25   7.083   4.010 0.000
146.25 147.25   6.316   3.235 0.000
149.25 150.25  17.571   8.400 0.000
152.25 153.25  12.050   4.322 0.000
155.25 156.25   8.965   3.633 0.000
158.25 159.25  29.253  12.165 0.000
161.25 162.25   5.148   1.867 0.000
164.25 165.25  11.997   5.500 0.000
167.25 168.25  15.840   8.837 0.000
170.25 171.25  14.563  10.153 0.000
173.25 174.25   3.849   1.338 0.000
176.25 177.25  11.528   7.543 0.000
179.25 180.25  15.655   5.504 0.000
182.25 183.25  10.242   4.304 0.000
185.25 186.25  17.323   7.157 0.000
188.25 189.25  27.379  10.796 0.000
191.25 192.25   4.377   4.702 0.000
194.25 195.25   7.668   4.715 0.000
197.25 198.25  27.742  19.885 0.000
200.25 201.25  29.259  10.240 0.000
203.25 204.25   8.754   4.328 0.000
206.25 207.25  10.756   4.685 0.000
209.25 210.25   9.533   4.454 0.000
212.25 213.25  19.836  12.271 0.000
215.25 216.25  13.490   9.342 0.000
218.25 219.25  10.242   5.838 0.000
221.25 222.25   6.880   2.565 0.000
224.25 225.25   9.627   6.288 0.000
227.25 228.25  20.375   7.267 0.000
230.25 231.25  20.605   6.547 0.000
233.25 234.25  13.804   4.804 0.000
236.25 237.25   9.562   3.683 0.000
239.25 240.25   7.183   3.602 0.000
242.25 243.25  17.023  12.008 0.000
245.25 246.25  12.403   5.545 0.000
248.25 249.25   4.558   2.344 0.000
251.25 252.25   9.251   4.929 0.000
254.25 255.25  33.001   8.124 0.000
257.25 258.25   5.406   2.456 0.000
260.25 261.25  10.790   7.926 0.000
263.25 264.25 999.999 999.999 0.999
266.25 267.25   4.609   3.136 0.000
269.25 270.25   5.753   3.179 0.000
272.25 273.25   3.945   1.820 0.000
275.25 276.25  26.584   6.057 0.000
278.25 279.25  29.259  13.752 0.000
281.25 282.25  26.353  11.722 0.000
284.25 285.25  11.767   8.013 0.000
287.25 288.25  10.575   2.542 0.000
290.25 291.25   5.974   1.758 0.000
293.25 294.25  15.385   3.150 0.000
296.25 297.25   9.252   3.486 0.000
299.25 300.25   6.967   3.557 0.000
302.25 303.25  11.634   5.048 0.000
305.25 306.25   7.596   3.930 0.000
308.25 309.25  15.071  10.262 0.000
311.25 312.25  12.299   5.292 0.000
314.25 315.25  11.545   4.683 0.000
317.25 318.25  11.031   3.551 0.000
320.25 321.25  13.443   4.705 0.000
323.25 324.25   3.331   2.699 0.000
326.25 327.25  23.460  18.346 0.000
329.25 330.25  12.962   9.965 0.000
332.25 333.25   3.337   1.842 0.000
335.25 336.25   8.902   4.790 0.000
338.25 339.25   8.943   7.000 0.000
341.25 342.25   8.100   3.695 0.000
344.25 345.25  19.306  16.268 0.000
347.25 348.25   6.582   4.841 0.000
350.25 351.25  10.491   7.832 0.000
353.25 354.25   6.444   4.016 0.000
356.25 357.25   7.716   2.706 0.000
359.25 360.25   5.924   2.287 0.000
362.25 363.25  13.948   8.819 0.000
