scripts/IMPROVE-2019_partial/data/US0073R.20140102050000.20191216000000.filterpack...52w.3d.US03L_filterpack_US0073_GRSM1.US03L_IMPROVE_Davis.lev2.nas
52 1001
MISSING INFORMATION
US03L, IMPROVE, , , , , , , 
MISSING INFORMATION
IMPROVE sel_HTAP
1 1
2014 01 01 2019 12 16
3.000000
days from file reference point
5
1 1 1 1 1
999.999999 999.999 9.999 999.999 9.999
end_time of measurement, days from the file reference point
pm10_mass, ug/m3, Matrix=pm10
numflag pm10_mass, no unit, Matrix=pm10
pm25_mass, ug/m3, Matrix=pm25
numflag pm25_mass, no unit, Matrix=pm25
0
33
Data definition:              EBAS_1.1
Set type code:                TU
Timezone:                     UTC
File name:                    US0073R.20140102050000.20191216000000.filterpack...52w.3d.US03L_filterpack_US0073_GRSM1.US03L_IMPROVE_Davis.lev2.nas
File creation:                20191218120026
Startdate:                    20140102050000
Revision date:                20191216000000
Version:                      2
Version description:          "Data extracted from http://views.cira.colostate.edu/fed/DataWizard 2019-12-16"
Statistics:                   arithmetic mean
Data level:                   2
Period code:                  52w
Resolution code:              3d
Sample duration:              1d
Orig. time res.:              3d
Station code:                 US0073R
Platform code:                US0073S
Station name:                 Great Smoky Mountains NP
Station latitude:             35.6334
Station longitude:            -83.9416
Station altitude:             810.0 m
Regime:                       IMG
Component:                    
Unit:                         ug/m3
Matrix:                       
Laboratory code:              US03L
Instrument type:              filterpack
Instrument name:              filterpack_US0073_GRSM1
Method ref:                   US03L_IMPROVE_Davis
Blank correction:             Blank corrected
Volume std. temperature:      ambient
Volume std. pressure:         ambient
starttime endtime PM10 flag_PM10 PM2.5 flag_PM2.5
  1.208333   2.208333   4.298 0.000   3.199 0.000
  4.208333   5.208333   4.893 0.000   3.512 0.000
  7.208333   8.208333   3.679 0.000   2.150 0.000
 10.208333  11.208333   3.864 0.000   1.625 0.000
 13.208333  14.208333   2.599 0.000 999.999 0.456
 16.208333  17.208333   9.946 0.000   3.059 0.000
 19.208333  20.208333  14.777 0.000   3.881 0.000
 22.208333  23.208333   8.477 0.000   4.467 0.000
 25.208333  26.208333   7.669 0.000   3.164 0.000
 28.208333  29.208333 999.999 0.456   4.768 0.000
 31.208333  32.208333 999.999 0.456   3.552 0.000
 34.208333  35.208333   3.340 0.000   2.485 0.000
 37.208333  38.208333  12.335 0.000  10.412 0.000
 40.208333  41.208333   6.504 0.000   4.098 0.000
 43.208333  44.208333   6.327 0.000   4.735 0.000
 46.208333  47.208333   6.143 0.000   4.200 0.000
 49.208333  50.208333  13.258 0.000   9.056 0.000
 52.208333  53.208333   2.879 0.000   1.066 0.000
 55.208333  56.208333   5.987 0.000   3.315 0.000
 58.208333  59.208333  10.219 0.000   6.662 0.000
 61.208333  62.208333   3.867 0.000   2.231 0.000
 64.208333  65.208333   6.759 0.000   4.776 0.000
 67.208333  68.208333  12.356 0.000   9.965 0.000
 70.208333  71.208333  10.758 0.000   8.868 0.000
 73.208333  74.208333  15.140 0.000  10.230 0.000
 76.208333  77.208333   4.689 0.000   2.870 0.000
 79.208333  80.208333   5.696 0.000   3.991 0.000
 82.208333  83.208333   8.153 0.000   5.738 0.000
 85.208333  86.208333   9.880 0.000   6.610 0.000
 88.208333  89.208333   5.810 0.000   4.028 0.000
 91.208333  92.208333  13.172 0.000   9.175 0.000
 94.208333  95.208333   5.570 0.000   4.250 0.000
 97.208333  98.208333   7.076 0.000   5.634 0.000
100.208333 101.208333  10.412 0.000   7.870 0.000
103.208333 104.208333   7.419 0.000   4.315 0.000
106.208333 107.208333   9.272 0.000   5.304 0.000
109.208333 110.208333  11.560 0.000   7.023 0.000
112.208333 113.208333   8.380 0.000   4.067 0.000
115.208333 116.208333  10.279 0.000   5.350 0.000
118.208333 119.208333   9.678 0.000   4.311 0.000
121.208333 122.208333  11.896 0.000   3.668 0.000
124.208333 125.208333  20.268 0.000   8.246 0.000
127.208333 128.208333  20.865 0.000   8.366 0.000
130.208333 131.208333  13.291 0.000   5.156 0.000
133.208333 134.208333  25.693 0.000   8.034 0.000
136.208333 137.208333  13.393 0.000   5.913 0.000
139.208333 140.208333  17.244 0.000   8.346 0.000
142.208333 143.208333  24.333 0.000  10.197 0.000
145.208333 146.208333  19.883 0.000  12.278 0.000
148.208333 149.208333  14.419 0.000   8.963 0.000
151.208333 152.208333  12.703 0.000   7.242 0.000
154.208333 155.208333  10.936 0.000   7.173 0.000
157.208333 158.208333  13.083 0.000   8.644 0.000
160.208333 161.208333   9.777 0.000   4.122 0.000
163.208333 164.208333  11.216 0.000   6.645 0.000
166.208333 167.208333  14.717 0.000  11.275 0.000
169.208333 170.208333  23.969 0.000  14.502 0.000
172.208333 173.208333  11.165 0.000   7.360 0.000
175.208333 176.208333  13.895 0.000   8.888 0.000
178.208333 179.208333   9.759 0.000   6.520 0.000
181.208333 182.208333  75.711 0.000  26.457 0.000
184.208333 185.208333   8.594 0.000   5.152 0.000
187.208333 188.208333 999.999 0.999 999.999 0.999
190.208333 191.208333  11.968 0.000   8.182 0.000
193.208333 194.208333 999.999 0.999 999.999 0.999
196.208333 197.208333 999.999 0.999 999.999 0.999
199.208333 200.208333   3.708 0.000 999.999 0.456
202.208333 203.208333 999.999 0.999 999.999 0.999
205.208333 206.208333  10.871 0.000 999.999 0.456
208.208333 209.208333  10.720 0.000 999.999 0.456
211.208333 212.208333  14.940 0.000  10.608 0.000
214.208333 215.208333  13.729 0.000  11.158 0.000
217.208333 218.208333  21.029 0.000  17.172 0.000
220.208333 221.208333  15.997 0.000  11.097 0.000
223.208333 224.208333  13.649 0.000   9.352 0.000
226.208333 227.208333  15.667 0.000  11.659 0.000
229.208333 230.208333   8.485 0.000   5.620 0.000
232.208333 233.208333  16.050 0.000   9.246 0.000
235.208333 236.208333  19.238 0.000  13.300 0.000
238.208333 239.208333  12.861 0.000   8.955 0.000
241.208333 242.208333  15.477 0.000  11.219 0.000
244.208333 245.208333  20.186 0.000  10.634 0.000
247.208333 248.208333  10.268 0.000   6.623 0.000
250.208333 251.208333   7.373 0.000   4.802 0.000
253.208333 254.208333  10.736 0.000   5.993 0.000
256.208333 257.208333   9.461 0.000   6.139 0.000
259.208333 260.208333  11.774 0.000   7.021 0.000
262.208333 263.208333  10.372 0.000   6.347 0.000
265.208333 266.208333   7.696 0.000   4.507 0.000
268.208333 269.208333   5.322 0.000   3.021 0.000
271.208333 272.208333   7.076 0.000   5.000 0.000
274.208333 275.208333  10.393 0.000   7.560 0.000
277.208333 278.208333   7.347 0.000   2.874 0.000
280.208333 281.208333   8.127 0.000   4.709 0.000
283.208333 284.208333   7.912 0.000   4.326 0.000
286.208333 287.208333   6.998 0.000   2.588 0.000
289.208333 290.208333   9.936 0.000   5.351 0.000
292.208333 293.208333   6.600 0.000   4.316 0.000
295.208333 296.208333   7.414 0.000   4.772 0.000
298.208333 299.208333  16.836 0.000  10.597 0.000
301.208333 302.208333   6.164 0.000   2.950 0.000
304.208333 305.208333   1.735 0.000   1.007 0.000
307.208333 308.208333   6.851 0.000   4.915 0.000
310.208333 311.208333   6.307 0.000   3.790 0.000
313.208333 314.208333  12.138 0.000   7.888 0.000
316.208333 317.208333   7.147 0.000   2.496 0.000
319.208333 320.208333   9.187 0.000   7.502 0.000
322.208333 323.208333   6.475 0.000   3.149 0.000
325.208333 326.208333  10.098 0.000   5.081 0.000
328.208333 329.208333   6.447 0.000   2.986 0.000
331.208333 332.208333  10.646 0.000   9.112 0.000
334.208333 335.208333  11.927 0.000   7.772 0.000
337.208333 338.208333   7.727 0.000   4.956 0.000
340.208333 341.208333   6.516 0.000   4.614 0.000
343.208333 344.208333   4.253 0.000   2.667 0.000
346.208333 347.208333   9.213 0.000   7.529 0.000
349.208333 350.208333   6.439 0.000   4.276 0.000
352.208333 353.208333   7.153 0.000   4.970 0.000
355.208333 356.208333   3.517 0.000   2.883 0.000
358.208333 359.208333 999.999 0.999 999.999 0.999
361.208333 362.208333 999.999 0.999 999.999 0.999
364.208333 365.208333  10.453 0.000   6.268 0.000
