scripts/IMPROVE-2019_partial/data/US0093R.20170101070000.20191216000000.filterpack...52w.3d.US03L_filterpack_US0093_2.US03L_IMPROVE_Davis.lev2.nas
51 1001
MISSING INFORMATION
US03L, IMPROVE, , , , , , , 
MISSING INFORMATION
IMPROVE sel_HTAP
1 1
2017 01 01 2019 12 16
3.000000
days from file reference point
4
1 1 1 1
999.999999 999.999 999.999 9.999
end_time of measurement, days from the file reference point
pm10_mass, ug/m3, Matrix=pm10
pm25_mass, ug/m3, Matrix=pm25
numflag, no unit
0
33
Data definition:              EBAS_1.1
Set type code:                TU
Timezone:                     UTC
File name:                    US0093R.20170101070000.20191216000000.filterpack...52w.3d.US03L_filterpack_US0093_2.US03L_IMPROVE_Davis.lev2.nas
File creation:                20191218120142
Startdate:                    20170101070000
Revision date:                20191216000000
Version:                      2
Version description:          "Data extracted from http://views.cira.colostate.edu/fed/DataWizard 2019-12-16"
Statistics:                   arithmetic mean
Data level:                   2
Period code:                  52w
Resolution code:              3d
Sample duration:              1d
Orig. time res.:              3d
Station code:                 US0093R
Platform code:                US0093S
Station name:                 Phoenix Colocated Sampler
Station latitude:             33.5038
Station longitude:            -112.0958
Station altitude:             342.0 m
Regime:                       IMG
Component:                    
Unit:                         ug/m3
Matrix:                       
Laboratory code:              US03L
Instrument type:              filterpack
Instrument name:              filterpack_US0093_2
Method ref:                   US03L_IMPROVE_Davis
Blank correction:             Blank corrected
Volume std. temperature:      ambient
Volume std. pressure:         ambient
starttime endtime PM10 PM2.5 flag
  0.291667   1.291667   9.454   7.829 0.000
  3.291667   4.291667  26.674  14.547 0.000
  6.291667   7.291667  36.126  20.947 0.000
  9.291667  10.291667  25.033  12.528 0.000
 12.291667  13.291667  35.771  13.517 0.000
 15.291667  16.291667  15.519   7.949 0.000
 18.291667  19.291667  17.785  10.686 0.000
 21.291667  22.291667  19.921   7.009 0.000
 24.291667  25.291667  16.125   8.770 0.000
 27.291667  28.291667  21.998  11.886 0.000
 30.291667  31.291667  31.594  10.816 0.000
 33.291667  34.291667  31.427  12.335 0.000
 36.291667  37.291667  25.475   7.890 0.000
 39.291667  40.291667  27.422   8.667 0.000
 42.291667  43.291667   9.724   3.198 0.000
 45.291667  46.291667  11.328   4.139 0.000
 48.291667  49.291667  11.793   4.019 0.000
 51.291667  52.291667  16.788   6.512 0.000
 54.291667  55.291667  16.493   6.857 0.000
 57.291667  58.291667  12.475   4.092 0.000
 60.291667  61.291667   8.014   2.519 0.000
 63.291667  64.291667  14.692   4.488 0.000
 66.291667  67.291667 999.999 999.999 0.999
 69.291667  70.291667 999.999 999.999 0.999
 72.291667  73.291667  29.409   7.606 0.000
 75.291667  76.291667  25.175   8.506 0.000
 78.291667  79.291667  27.017   8.433 0.000
 81.291667  82.291667  12.822   4.083 0.000
 84.291667  85.291667 999.999 999.999 0.456
 87.291667  88.291667  13.493   3.018 0.000
 90.291667  91.291667  22.662   7.493 0.000
 93.291667  94.291667  11.757   3.840 0.000
 96.291667  97.291667  23.234   5.700 0.000
 99.291667 100.291667  27.263   8.065 0.000
102.291667 103.291667  26.208   8.090 0.000
105.291667 106.291667  26.659   8.913 0.000
108.291667 109.291667  13.846   5.306 0.000
111.291667 112.291667  21.580   5.994 0.000
114.291667 115.291667  50.643   9.381 0.000
117.291667 118.291667  43.616   6.223 0.000
120.291667 121.291667  18.833   5.406 0.000
123.291667 124.291667  27.215   7.290 0.000
126.291667 127.291667  82.879  14.655 0.000
129.291667 130.291667   9.717   3.709 0.000
132.291667 133.291667  20.965   5.931 0.000
135.291667 136.291667  41.937   9.888 0.000
138.291667 139.291667  12.429   2.234 0.000
141.291667 142.291667  20.140   6.047 0.000
144.291667 145.291667  20.209   4.320 0.000
147.291667 148.291667  21.715   5.756 0.000
150.291667 151.291667  29.597   6.422 0.000
153.291667 154.291667  27.785   7.259 0.000
156.291667 157.291667  20.650   4.845 0.000
159.291667 160.291667  24.285   8.112 0.000
162.291667 163.291667  19.685   4.096 0.000
165.291667 166.291667  29.389   7.423 0.000
168.291667 169.291667  25.434   9.098 0.000
171.291667 172.291667  38.320  13.895 0.000
174.291667 175.291667  32.043  10.301 0.000
177.291667 178.291667  33.083   8.101 0.000
180.291667 181.291667  27.106   7.753 0.000
183.291667 184.291667  32.497   8.875 0.000
186.291667 187.291667  30.133   8.249 0.000
189.291667 190.291667  32.043   7.331 0.000
192.291667 193.291667  22.260   5.740 0.000
195.291667 196.291667  41.062   8.435 0.000
198.291667 199.291667  15.725   3.734 0.000
201.291667 202.291667  14.562   5.481 0.000
204.291667 205.291667   8.319   4.479 0.000
207.291667 208.291667  16.399   4.801 0.000
210.291667 211.291667  11.779   4.445 0.000
213.291667 214.291667  15.949   3.214 0.000
216.291667 217.291667  21.566   4.735 0.000
219.291667 220.291667  13.036   5.628 0.000
222.291667 223.291667  19.701   5.930 0.000
225.291667 226.291667  13.933   4.539 0.000
228.291667 229.291667  16.799   3.907 0.000
231.291667 232.291667  13.894   4.778 0.000
234.291667 235.291667  50.714   7.552 0.000
237.291667 238.291667  18.616   5.582 0.000
240.291667 241.291667  23.398   5.997 0.000
243.291667 244.291667  29.516  10.178 0.000
246.291667 247.291667  18.586   5.359 0.000
249.291667 250.291667  71.626  14.243 0.000
252.291667 253.291667  14.707   6.091 0.000
255.291667 256.291667  19.955   5.403 0.000
258.291667 259.291667  17.294   4.210 0.000
261.291667 262.291667  21.740   4.208 0.000
264.291667 265.291667  36.412   6.683 0.000
267.291667 268.291667  25.657   5.010 0.000
270.291667 271.291667  31.279   8.091 0.000
273.291667 274.291667  23.092   5.629 0.000
276.291667 277.291667 999.999 999.999 0.999
279.291667 280.291667 999.999 999.999 0.999
282.291667 283.291667  28.544   6.977 0.000
285.291667 286.291667  32.892   8.805 0.000
288.291667 289.291667  41.159   9.842 0.000
291.291667 292.291667  37.559   9.403 0.000
294.291667 295.291667  45.786  12.970 0.000
297.291667 298.291667  33.878   6.233 0.000
300.291667 301.291667  37.400  10.426 0.000
303.291667 304.291667  47.673  10.255 0.000
306.291667 307.291667  29.931   7.323 0.000
309.291667 310.291667  27.683   5.882 0.000
312.291667 313.291667  29.526   6.746 0.000
315.291667 316.291667  36.712  14.857 0.000
318.291667 319.291667  44.997   9.431 0.000
321.291667 322.291667  31.779   9.685 0.000
324.291667 325.291667  57.523  12.732 0.000
327.291667 328.291667  38.262  13.574 0.000
330.291667 331.291667  57.993  12.355 0.000
333.291667 334.291667  78.259  18.527 0.000
336.291667 337.291667  44.132  15.308 0.000
339.291667 340.291667  28.612   9.055 0.000
342.291667 343.291667  28.380  11.244 0.000
345.291667 346.291667  37.572  10.601 0.000
348.291667 349.291667  32.448   9.498 0.000
351.291667 352.291667  25.809  12.195 0.000
354.291667 355.291667  57.828   8.707 0.000
357.291667 358.291667  44.598  28.609 0.000
360.291667 361.291667  54.128  24.092 0.000
363.291667 364.291667  42.488  17.559 0.000
