scripts/IMPROVE-2019_partial/data/US0098R.20140102080000.20191216000000.filterpack...52w.3d.US03L_filterpack_US0098.US03L_IMPROVE_Davis.lev2.nas
52 1001
MISSING INFORMATION
US03L, IMPROVE, , , , , , , 
MISSING INFORMATION
IMPROVE sel_HTAP
1 1
2014 01 01 2019 12 16
3.000000
days from file reference point
5
1 1 1 1 1
999.999999 999.999 9.999 999.999 9.999
end_time of measurement, days from the file reference point
pm10_mass, ug/m3, Matrix=pm10
numflag pm10_mass, no unit, Matrix=pm10
pm25_mass, ug/m3, Matrix=pm25
numflag pm25_mass, no unit, Matrix=pm25
0
33
Data definition:              EBAS_1.1
Set type code:                TU
Timezone:                     UTC
File name:                    US0098R.20140102080000.20191216000000.filterpack...52w.3d.US03L_filterpack_US0098.US03L_IMPROVE_Davis.lev2.nas
File creation:                20191218120209
Startdate:                    20140102080000
Revision date:                20191216000000
Version:                      2
Version description:          "Data extracted from http://views.cira.colostate.edu/fed/DataWizard 2019-12-16"
Statistics:                   arithmetic mean
Data level:                   2
Period code:                  52w
Resolution code:              3d
Sample duration:              1d
Orig. time res.:              3d
Station code:                 US0098R
Platform code:                US0098S
Station name:                 Point Reyes National Seashore
Station latitude:             38.1224
Station longitude:            -122.9085
Station altitude:             97.0 m
Regime:                       IMG
Component:                    
Unit:                         ug/m3
Matrix:                       
Laboratory code:              US03L
Instrument type:              filterpack
Instrument name:              filterpack_US0098
Method ref:                   US03L_IMPROVE_Davis
Blank correction:             Blank corrected
Volume std. temperature:      ambient
Volume std. pressure:         ambient
starttime endtime PM10 flag_PM10 PM2.5 flag_PM2.5
  1.333333   2.333333  15.141 0.000   6.102 0.000
  4.333333   5.333333   8.896 0.000   2.993 0.000
  7.333333   8.333333 999.999 0.999 999.999 0.999
 10.333333  11.333333   8.097 0.000   3.159 0.000
 13.333333  14.333333  19.834 0.000   6.239 0.000
 16.333333  17.333333  24.676 0.000  14.053 0.000
 19.333333  20.333333  22.725 0.000   7.346 0.000
 22.333333  23.333333  20.213 0.000   6.736 0.000
 25.333333  26.333333  27.925 0.000   8.386 0.000
 28.333333  29.333333   5.028 0.000   2.504 0.000
 31.333333  32.333333   9.721 0.000   3.168 0.000
 34.333333  35.333333   8.646 0.000   2.974 0.000
 37.333333  38.333333   5.087 0.000   2.174 0.000
 40.333333  41.333333   2.832 0.000   1.071 0.000
 43.333333  44.333333   3.762 0.000   1.219 0.000
 46.333333  47.333333  21.651 0.000   7.254 0.000
 49.333333  50.333333 999.999 0.999 999.999 0.999
 52.333333  53.333333  20.063 0.000   5.553 0.000
 55.333333  56.333333  15.970 0.000   4.789 0.000
 58.333333  59.333333   9.730 0.000   3.984 0.000
 61.333333  62.333333   5.105 0.000   2.189 0.000
 64.333333  65.333333 999.999 0.999 999.999 0.999
 67.333333  68.333333  17.012 0.000   6.043 0.000
 70.333333  71.333333  11.896 0.000   2.444 0.000
 73.333333  74.333333   9.360 0.000   3.747 0.000
 76.333333  77.333333  23.541 0.000   8.404 0.000
 79.333333  80.333333  30.728 0.000  12.907 0.000
 82.333333  83.333333   7.368 0.000   3.511 0.000
 85.333333  86.333333 999.999 0.456   6.337 0.000
 88.333333  89.333333 999.999 0.456   4.878 0.000
 91.333333  92.333333 999.999 0.999 999.999 0.999
 94.333333  95.333333  13.662 0.000   6.068 0.000
 97.333333  98.333333   4.022 0.000   1.406 0.000
100.333333 101.333333  13.765 0.000   6.664 0.000
103.333333 104.333333  14.697 0.000   8.330 0.000
106.333333 107.333333 999.999 0.456   8.962 0.000
109.333333 110.333333 999.999 0.456  11.993 0.000
112.333333 113.333333  13.043 0.000   4.644 0.000
115.333333 116.333333  11.121 0.000   3.590 0.000
118.333333 119.333333  23.857 0.000   8.592 0.000
121.333333 122.333333   2.145 0.000   1.383 0.000
124.333333 125.333333  11.341 0.000   4.365 0.000
127.333333 128.333333   7.286 0.000   3.226 0.000
130.333333 131.333333  13.593 0.000   5.320 0.000
133.333333 134.333333  15.220 0.000   5.751 0.000
136.333333 137.333333  13.963 0.000   6.538 0.000
139.333333 140.333333  14.028 0.000   6.460 0.000
142.333333 143.333333   8.674 0.000   3.877 0.000
145.333333 146.333333  16.625 0.000   7.519 0.000
148.333333 149.333333  27.433 0.000  11.319 0.000
151.333333 152.333333  16.064 0.000   8.573 0.000
154.333333 155.333333  15.878 0.000   9.525 0.000
157.333333 158.333333  30.580 0.000  16.786 0.000
160.333333 161.333333  11.800 0.000   7.103 0.000
163.333333 164.333333  25.353 0.000  13.657 0.000
166.333333 167.333333  21.251 0.000  13.384 0.000
169.333333 170.333333  23.109 0.000  11.389 0.000
172.333333 173.333333  26.282 0.000  16.315 0.000
175.333333 176.333333   1.329 0.000   1.293 0.000
178.333333 179.333333  16.748 0.000   7.505 0.000
181.333333 182.333333   9.260 0.000   5.866 0.000
184.333333 185.333333  16.221 0.000   9.788 0.000
187.333333 188.333333   2.964 0.000   1.631 0.000
190.333333 191.333333   1.756 0.000   1.032 0.000
193.333333 194.333333  19.239 0.000   8.879 0.000
196.333333 197.333333 999.999 0.999 999.999 0.999
199.333333 200.333333   2.765 0.000   1.389 0.000
202.333333 203.333333   2.455 0.000   0.716 0.000
205.333333 206.333333  42.828 0.000  22.915 0.000
208.333333 209.333333   3.507 0.000   2.204 0.000
211.333333 212.333333  11.999 0.000   5.696 0.000
214.333333 215.333333   9.328 0.000   5.159 0.000
217.333333 218.333333  12.069 0.000   6.190 0.000
220.333333 221.333333  19.465 0.000  11.319 0.000
223.333333 224.333333   5.129 0.000   3.027 0.000
226.333333 227.333333   7.824 0.000   5.267 0.000
229.333333 230.333333   6.133 0.000   3.927 0.000
232.333333 233.333333   2.247 0.000   1.321 0.000
235.333333 236.333333   6.246 0.000   3.369 0.000
238.333333 239.333333   6.585 0.000   3.721 0.000
241.333333 242.333333  18.896 0.000   9.727 0.000
244.333333 245.333333   9.681 0.000   4.657 0.000
247.333333 248.333333 999.999 0.456  23.749 0.000
250.333333 251.333333  14.124 0.000   8.181 0.000
253.333333 254.333333  10.003 0.000   5.854 0.000
256.333333 257.333333  14.221 0.000   8.381 0.000
259.333333 260.333333   8.762 0.000   3.937 0.000
262.333333 263.333333   4.748 0.000   2.531 0.000
265.333333 266.333333   3.724 0.000   1.410 0.000
268.333333 269.333333  16.671 0.000 999.999 0.456
271.333333 272.333333   9.870 0.000   5.336 0.000
274.333333 275.333333  14.710 0.000   3.523 0.000
277.333333 278.333333   3.888 0.000   2.549 0.000
280.333333 281.333333 999.999 0.999 999.999 0.999
283.333333 284.333333  11.541 0.000   4.783 0.000
286.333333 287.333333  15.100 0.000   6.878 0.000
289.333333 290.333333   6.387 0.000   2.432 0.000
292.333333 293.333333  12.949 0.000   5.078 0.000
295.333333 296.333333   9.839 0.000   3.783 0.000
298.333333 299.333333   9.970 0.000   7.442 0.000
301.333333 302.333333  14.045 0.000   5.381 0.000
304.333333 305.333333  25.832 0.000   5.789 0.000
307.333333 308.333333   9.658 0.000   4.436 0.000
310.333333 311.333333   3.377 0.000   1.625 0.000
313.333333 314.333333   7.944 0.000   5.079 0.000
316.333333 317.333333   7.030 0.000   4.006 0.000
319.333333 320.333333   9.375 0.000   3.527 0.000
322.333333 323.333333   8.632 0.000   4.584 0.000
325.333333 326.333333  15.038 0.000   6.400 0.000
328.333333 329.333333   9.335 0.000   5.265 0.000
331.333333 332.333333   8.581 0.000   3.861 0.000
334.333333 335.333333  10.189 0.000   7.183 0.000
337.333333 338.333333   6.044 0.000   2.483 0.000
340.333333 341.333333   7.240 0.000   4.014 0.000
343.333333 344.333333 999.999 0.999 999.999 0.999
346.333333 347.333333   3.045 0.000   1.931 0.000
349.333333 350.333333   4.629 0.000   1.902 0.000
352.333333 353.333333 999.999 0.999 999.999 0.999
355.333333 356.333333 999.999 0.999 999.999 0.999
358.333333 359.333333 999.999 0.999 999.999 0.999
361.333333 362.333333 999.999 0.999 999.999 0.999
364.333333 365.333333 999.999 0.999 999.999 0.999
