scripts/IMPROVE-2019_partial/data/US0091R.20110103070000.20191216000000.filterpack...1y.3d.US03L_filterpack_US0091.US03L_IMPROVE_Davis.lev2.nas
52 1001
MISSING INFORMATION
US03L, IMPROVE, , , , , , , 
MISSING INFORMATION
IMPROVE sel_HTAP
1 1
2011 01 01 2019 12 16
3.000000
days from file reference point
5
1 1 1 1 1
999.999999 999.999 9.999 999.999 9.999
end_time of measurement, days from the file reference point
pm10_mass, ug/m3, Matrix=pm10
numflag pm10_mass, no unit, Matrix=pm10
pm25_mass, ug/m3, Matrix=pm25
numflag pm25_mass, no unit, Matrix=pm25
0
33
Data definition:              EBAS_1.1
Set type code:                TU
Timezone:                     UTC
File name:                    US0091R.20110103070000.20191216000000.filterpack...1y.3d.US03L_filterpack_US0091.US03L_IMPROVE_Davis.lev2.nas
File creation:                20191218120134
Startdate:                    20110103070000
Revision date:                20191216000000
Version:                      2
Version description:          "Data extracted from http://views.cira.colostate.edu/fed/DataWizard 2019-12-16"
Statistics:                   arithmetic mean
Data level:                   2
Period code:                  1y
Resolution code:              3d
Sample duration:              1d
Orig. time res.:              3d
Station code:                 US0091R
Platform code:                US0091S
Station name:                 Mount Baldy
Station latitude:             34.0584
Station longitude:            -109.4406
Station altitude:             2508.0 m
Regime:                       IMG
Component:                    
Unit:                         ug/m3
Matrix:                       
Laboratory code:              US03L
Instrument type:              filterpack
Instrument name:              filterpack_US0091
Method ref:                   US03L_IMPROVE_Davis
Blank correction:             Blank corrected
Volume std. temperature:      ambient
Volume std. pressure:         ambient
starttime endtime PM10 flag_PM10 PM2.5 flag_PM2.5
  2.291667   3.291667   1.222 0.000   0.755 0.000
  5.291667   6.291667  12.426 0.000   3.568 0.000
  8.291667   9.291667   1.550 0.000   0.818 0.000
 11.291667  12.291667   6.400 0.000   1.271 0.000
 14.291667  15.291667   2.366 0.000   1.785 0.000
 17.291667  18.291667   4.318 0.000   2.810 0.000
 20.291667  21.291667   2.438 0.000   1.337 0.000
 23.291667  24.291667   1.943 0.000   1.382 0.000
 26.291667  27.291667 999.999 0.999 999.999 0.999
 29.291667  30.291667   2.858 0.000   1.501 0.000
 32.291667  33.291667 999.999 0.999 999.999 0.999
 35.291667  36.291667   2.281 0.000   1.038 0.000
 38.291667  39.291667   4.367 0.000   2.576 0.000
 41.291667  42.291667   2.867 0.000   0.964 0.000
 44.291667  45.291667   2.086 0.000   1.022 0.000
 47.291667  48.291667   5.618 0.000   1.911 0.000
 50.291667  51.291667   3.043 0.000   0.822 0.000
 53.291667  54.291667 999.999 0.999 999.999 0.999
 56.291667  57.291667   3.836 0.000   0.597 0.000
 59.291667  60.291667   1.760 0.000   1.113 0.000
 62.291667  63.291667   7.668 0.000   2.715 0.000
 65.291667  66.291667  17.959 0.000   2.900 0.000
 68.291667  69.291667   7.488 0.000   3.152 0.000
 71.291667  72.291667   4.674 0.000   2.019 0.000
 74.291667  75.291667   5.479 0.000   1.917 0.000
 77.291667  78.291667  14.403 0.000   7.278 0.000
 80.291667  81.291667   2.809 0.000   1.101 0.000
 83.291667  84.291667   7.850 0.000   3.701 0.000
 86.291667  87.291667   4.401 0.000   2.224 0.000
 89.291667  90.291667 999.999 0.999 999.999 0.999
 92.291667  93.291667 999.999 0.999 999.999 0.999
 95.291667  96.291667 999.999 0.999 999.999 0.999
 98.291667  99.291667   8.964 0.000   3.175 0.000
101.291667 102.291667   6.090 0.000   2.293 0.000
104.291667 105.291667  21.401 0.000  11.138 0.000
107.291667 108.291667   9.472 0.000   4.681 0.000
110.291667 111.291667 999.999 0.456   6.604 0.000
113.291667 114.291667 999.999 0.456 999.999 0.456
116.291667 117.291667   6.254 0.000   2.485 0.000
119.291667 120.291667  13.439 0.000   4.117 0.000
122.291667 123.291667   9.764 0.000   3.039 0.000
125.291667 126.291667   9.259 0.000   4.280 0.000
128.291667 129.291667  12.867 0.000   4.711 0.000
131.291667 132.291667   4.010 0.000   2.382 0.000
134.291667 135.291667   6.295 0.000   3.160 0.000
137.291667 138.291667 999.999 0.999 999.999 0.999
140.291667 141.291667   4.629 0.000   2.948 0.000
143.291667 144.291667 999.999 0.456   4.801 0.000
146.291667 147.291667 999.999 0.456   1.957 0.000
149.291667 150.291667 999.999 0.456   3.631 0.000
152.291667 153.291667  10.965 0.000   4.668 0.000
155.291667 156.291667  64.096 0.659 999.999 0.699
158.291667 159.291667 999.999 0.999 999.999 0.999
161.291667 162.291667 999.999 0.999 999.999 0.999
164.291667 165.291667 999.999 0.699 999.999 0.699
167.291667 168.291667 999.999 0.999 999.999 0.999
170.291667 171.291667 999.999 0.999 999.999 0.999
173.291667 174.291667 999.999 0.999 999.999 0.999
176.291667 177.291667 999.999 0.999 999.999 0.999
179.291667 180.291667 999.999 0.999 999.999 0.999
182.291667 183.291667 999.999 0.999 999.999 0.999
185.291667 186.291667 999.999 0.999 999.999 0.999
188.291667 189.291667 999.999 0.999 999.999 0.999
191.291667 192.291667 999.999 0.999 999.999 0.999
194.291667 195.291667   6.829 0.000   2.490 0.000
197.291667 198.291667  11.447 0.000   5.905 0.000
200.291667 201.291667   8.010 0.000   3.565 0.000
203.291667 204.291667   7.641 0.000   3.594 0.000
206.291667 207.291667 999.999 0.999 999.999 0.999
209.291667 210.291667 999.999 0.456 999.999 0.456
212.291667 213.291667 999.999 0.456 999.999 0.456
215.291667 216.291667   4.259 0.000   2.394 0.000
218.291667 219.291667   9.940 0.000   4.331 0.000
221.291667 222.291667   8.236 0.000   4.506 0.000
224.291667 225.291667   4.301 0.000   2.575 0.000
227.291667 228.291667   6.992 0.000   3.117 0.000
230.291667 231.291667   9.374 0.000   4.268 0.000
233.291667 234.291667   5.489 0.000   2.746 0.000
236.291667 237.291667   5.086 0.000   3.064 0.000
239.291667 240.291667 999.999 0.456   4.938 0.000
242.291667 243.291667   7.766 0.000   4.415 0.000
245.291667 246.291667   6.389 0.000   4.334 0.000
248.291667 249.291667   8.031 0.000   4.088 0.000
251.291667 252.291667   5.397 0.000   3.454 0.000
254.291667 255.291667   4.493 0.000   2.935 0.000
257.291667 258.291667   3.595 0.000   2.369 0.000
260.291667 261.291667   5.682 0.000   2.916 0.000
263.291667 264.291667   9.693 0.000   2.204 0.000
266.291667 267.291667   6.298 0.000   3.519 0.000
269.291667 270.291667   6.990 0.000   3.189 0.000
272.291667 273.291667  11.979 0.000   4.376 0.000
275.291667 276.291667   3.846 0.000   2.450 0.000
278.291667 279.291667   3.936 0.000   1.730 0.000
281.291667 282.291667   2.758 0.000   1.384 0.000
284.291667 285.291667 999.999 0.999 999.999 0.999
287.291667 288.291667   4.845 0.000   2.950 0.000
290.291667 291.291667   3.612 0.000   1.335 0.000
293.291667 294.291667   7.076 0.000   2.918 0.000
296.291667 297.291667   7.503 0.000   3.347 0.000
299.291667 300.291667   2.618 0.000   2.122 0.000
302.291667 303.291667   2.442 0.000   1.755 0.000
305.291667 306.291667  13.148 0.000   2.507 0.000
308.291667 309.291667   4.154 0.000   1.118 0.000
311.291667 312.291667   3.025 0.000   1.630 0.000
314.291667 315.291667   3.821 0.000   2.661 0.000
317.291667 318.291667   1.016 0.000   0.861 0.000
320.291667 321.291667   3.604 0.000   2.112 0.000
323.291667 324.291667   3.005 0.000   1.569 0.000
326.291667 327.291667   1.402 0.000   0.732 0.000
329.291667 330.291667   4.869 0.000   1.633 0.000
332.291667 333.291667   2.627 0.000   1.228 0.000
335.291667 336.291667  26.415 0.000   5.445 0.000
338.291667 339.291667   1.811 0.000   1.570 0.000
341.291667 342.291667   1.619 0.000   1.137 0.000
344.291667 345.291667   4.395 0.000   3.002 0.000
347.291667 348.291667   0.598 0.000   0.462 0.000
350.291667 351.291667   3.940 0.000   2.322 0.000
353.291667 354.291667   3.108 0.000   2.349 0.000
356.291667 357.291667   1.774 0.000   0.870 0.000
359.291667 360.291667   1.450 0.000   0.982 0.000
362.291667 363.291667 999.999 0.999 999.999 0.999
