scripts/IMPROVE-2019_partial/data/US0061R.20090101050000.20191216000000.filterpack...52w.3d.US03L_filterpack_US0061.US03L_IMPROVE_Davis.lev2.nas
52 1001
MISSING INFORMATION
US03L, IMPROVE, , , , , , , 
MISSING INFORMATION
IMPROVE sel_HTAP
1 1
2009 01 01 2019 12 16
3.000000
days from file reference point
5
1 1 1 1 1
999.999999 999.999 9.999 999.999 9.999
end_time of measurement, days from the file reference point
pm10_mass, ug/m3, Matrix=pm10
numflag pm10_mass, no unit, Matrix=pm10
pm25_mass, ug/m3, Matrix=pm25
numflag pm25_mass, no unit, Matrix=pm25
0
33
Data definition:              EBAS_1.1
Set type code:                TU
Timezone:                     UTC
File name:                    US0061R.20090101050000.20191216000000.filterpack...52w.3d.US03L_filterpack_US0061.US03L_IMPROVE_Davis.lev2.nas
File creation:                20191218115919
Startdate:                    20090101050000
Revision date:                20191216000000
Version:                      2
Version description:          "Data extracted from http://views.cira.colostate.edu/fed/DataWizard 2019-12-16"
Statistics:                   arithmetic mean
Data level:                   2
Period code:                  52w
Resolution code:              3d
Sample duration:              1d
Orig. time res.:              3d
Station code:                 US0061R
Platform code:                US0061S
Station name:                 Brigantine NWR
Station latitude:             39.465
Station longitude:            -74.4492
Station altitude:             5.0 m
Regime:                       IMG
Component:                    
Unit:                         ug/m3
Matrix:                       
Laboratory code:              US03L
Instrument type:              filterpack
Instrument name:              filterpack_US0061
Method ref:                   US03L_IMPROVE_Davis
Blank correction:             Blank corrected
Volume std. temperature:      ambient
Volume std. pressure:         ambient
starttime endtime PM10 flag_PM10 PM2.5 flag_PM2.5
  0.208333   1.208333  11.263 0.000   4.275 0.000
  3.208333   4.208333  13.213 0.000   8.428 0.000
  6.208333   7.208333  26.216 0.000   2.380 0.000
  9.208333  10.208333  15.652 0.000  10.226 0.000
 12.208333  13.208333  13.884 0.000  10.872 0.000
 15.208333  16.208333  15.539 0.000  10.507 0.000
 18.208333  19.208333  21.388 0.000  19.561 0.000
 21.208333  22.208333  15.592 0.000  11.373 0.000
 24.208333  25.208333   8.223 0.000   5.422 0.000
 27.208333  28.208333  10.255 0.000   4.184 0.000
 30.208333  31.208333  14.470 0.000  10.684 0.000
 33.208333  34.208333   6.404 0.000   5.748 0.000
 36.208333  37.208333  18.022 0.000  11.902 0.000
 39.208333  40.208333   8.200 0.000   5.672 0.000
 42.208333  43.208333  14.892 0.000   4.997 0.000
 45.208333  46.208333   8.639 0.000   5.849 0.000
 48.208333  49.208333  29.667 0.000   7.630 0.000
 51.208333  52.208333  15.120 0.000   9.890 0.000
 54.208333  55.208333  16.608 0.000   5.128 0.000
 57.208333  58.208333  35.104 0.000   7.303 0.000
 60.208333  61.208333   8.509 0.000   4.704 0.000
 63.208333  64.208333  28.077 0.000  10.849 0.000
 66.208333  67.208333  21.378 0.000  13.468 0.000
 69.208333  70.208333  20.121 0.000   8.108 0.000
 72.208333  73.208333  29.076 0.000  19.064 0.000
 75.208333  76.208333  20.146 0.000   7.776 0.000
 78.208333  79.208333   8.401 0.000   6.991 0.000
 81.208333  82.208333   5.784 0.000   2.543 0.000
 84.208333  85.208333   8.029 0.000   3.160 0.000
 87.208333  88.208333   5.585 0.000   3.338 0.000
 90.208333  91.208333  14.369 0.000   4.804 0.000
 93.208333  94.208333  10.454 0.000   5.633 0.000
 96.208333  97.208333   6.576 0.000   4.838 0.000
 99.208333 100.208333  24.003 0.000  12.705 0.000
102.208333 103.208333   7.637 0.000   3.751 0.000
105.208333 106.208333  11.248 0.000   4.880 0.000
108.208333 109.208333  14.711 0.000   6.997 0.000
111.208333 112.208333   7.365 0.000   5.012 0.000
114.208333 115.208333  24.931 0.000  13.889 0.000
117.208333 118.208333  26.910 0.000  10.100 0.000
120.208333 121.208333  20.164 0.000  11.603 0.000
123.208333 124.208333   4.827 0.000   3.049 0.000
126.208333 127.208333  15.729 0.000   5.728 0.000
129.208333 130.208333  19.958 0.000   6.372 0.000
132.208333 133.208333  34.867 0.000  12.832 0.000
135.208333 136.208333  10.363 0.000   3.493 0.000
138.208333 139.208333  11.651 0.000   4.026 0.000
141.208333 142.208333  20.117 0.000   5.366 0.000
144.208333 145.208333  28.879 0.000  11.439 0.000
147.208333 148.208333   6.273 0.000   2.891 0.000
150.208333 151.208333  22.246 0.000  12.432 0.000
153.208333 154.208333  17.567 0.000   9.213 0.000
156.208333 157.208333   8.703 0.000   4.090 0.000
159.208333 160.208333  10.122 0.000   5.047 0.000
162.208333 163.208333  13.259 0.000   7.490 0.000
165.208333 166.208333  10.644 0.000   3.851 0.000
168.208333 169.208333  14.247 0.000   4.910 0.000
171.208333 172.208333   6.647 0.000   3.436 0.000
174.208333 175.208333  22.277 0.000   6.039 0.000
177.208333 178.208333  20.836 0.000   7.859 0.000
180.208333 181.208333  23.249 0.000  12.232 0.000
183.208333 184.208333  22.623 0.000  10.217 0.000
186.208333 187.208333  22.646 0.000  12.874 0.000
189.208333 190.208333  11.438 0.000   4.869 0.000
192.208333 193.208333  14.379 0.000   7.195 0.000
195.208333 196.208333  23.973 0.000   7.551 0.000
198.208333 199.208333  17.841 0.000  10.411 0.000
201.208333 202.208333  10.178 0.000   6.229 0.000
204.208333 205.208333  11.791 0.000   7.439 0.000
207.208333 208.208333  12.133 0.000   8.171 0.000
210.208333 211.208333  13.194 0.000   9.535 0.000
213.208333 214.208333   9.159 0.000   6.530 0.000
216.208333 217.208333  20.863 0.000  15.648 0.000
219.208333 220.208333  13.767 0.000   6.691 0.000
222.208333 223.208333  19.672 0.000  14.280 0.000
225.208333 226.208333  13.263 0.000   7.049 0.000
228.208333 229.208333  20.841 0.000  15.028 0.000
231.208333 232.208333  16.822 0.000  11.356 0.000
234.208333 235.208333  14.720 0.000  10.110 0.000
237.208333 238.208333  25.400 0.000  18.612 0.000
240.208333 241.208333   8.742 0.000   3.409 0.000
243.208333 244.208333   7.805 0.000   3.493 0.000
246.208333 247.208333  14.503 0.000   5.967 0.000
249.208333 250.208333  15.919 0.000   4.585 0.000
252.208333 253.208333  21.078 0.000   4.963 0.000
255.208333 256.208333   9.100 0.000   3.953 0.000
258.208333 259.208333 999.999 0.999 999.999 0.999
261.208333 262.208333  10.754 0.000   4.714 0.000
264.208333 265.208333   9.170 0.000   1.894 0.000
267.208333 268.208333  10.800 0.000   3.602 0.000
270.208333 271.208333  15.414 0.000   7.294 0.000
273.208333 274.208333   8.449 0.000   4.713 0.000
276.208333 277.208333  11.662 0.000   7.044 0.000
279.208333 280.208333  18.754 0.000   4.792 0.000
282.208333 283.208333  10.736 0.000   5.825 0.000
285.208333 286.208333  12.526 0.000 999.999 0.456
288.208333 289.208333   4.799 0.000   2.274 0.000
291.208333 292.208333   8.302 0.000   5.571 0.000
294.208333 295.208333  25.335 0.000  12.587 0.000
297.208333 298.208333   9.164 0.000   4.196 0.000
300.208333 301.208333   4.736 0.000   2.284 0.000
303.208333 304.208333  14.213 0.000   4.812 0.000
306.208333 307.208333  12.825 0.000   7.473 0.000
309.208333 310.208333   5.963 0.000   3.097 0.000
312.208333 313.208333  24.624 0.000  16.701 0.000
315.208333 316.208333  15.957 0.000   5.819 0.000
318.208333 319.208333   7.158 0.000   3.808 0.000
321.208333 322.208333  13.288 0.000   4.015 0.000
324.208333 325.208333   9.955 0.000   7.872 0.000
327.208333 328.208333   8.229 0.000   3.863 0.000
330.208333 331.208333   5.240 0.000   3.380 0.000
333.208333 334.208333  10.060 0.000   6.434 0.000
336.208333 337.208333   7.722 0.000   3.447 0.000
339.208333 340.208333  11.310 0.000   9.399 0.000
342.208333 343.208333  12.906 0.000   4.502 0.000
345.208333 346.208333  10.781 0.000   6.089 0.000
348.208333 349.208333  10.298 0.000   7.260 0.000
351.208333 352.208333  10.087 0.000   5.559 0.000
354.208333 355.208333  10.469 0.000   8.077 0.000
357.208333 358.208333   7.298 0.000   3.945 0.000
360.208333 361.208333   8.903 0.000   4.124 0.000
363.208333 364.208333   6.769 0.000   4.139 0.000
