scripts/IMPROVE-2019_partial/data/US0074R.20010101060000.20191216000000.filterpack..pm25.52w.1w.US03L_filterpack_US0074.US03L_IMPROVE_Davis.lev2.nas
64 1001
MISSING INFORMATION
US03L, IMPROVE, , , , , , , 
MISSING INFORMATION
IMPROVE sel_HTAP
1 1
2001 01 01 2019 12 16
3.00
days from file reference point
25
1 1 1 1 1 1 1 1 1 1 1 1 1 1 1 1 1 1 1 1 1 1 1 1 1
999.99 9999.99 9.999 99.99 9.999999 9.999 9.999999 99.99 9.999999 9.999 9.999999 99.999 9.999 99.999 9.999 9999.999 9.999 999.999 9.999 999.999 9.999 9.999 9.999 99.999 9.999999
end_time of measurement, days from the file reference point
iron, ng/m3, Revision date=20181210133000
numflag iron, no unit, Revision date=20181210133000
lead, ng/m3, Revision date=20181210133000
numflag lead, no unit, Revision date=20181210133000
magnesium, ug/m3, Revision date=20181210133000
numflag magnesium, no unit, Revision date=20181210133000
nickel, ng/m3, Revision date=20181210133000
numflag nickel, no unit, Revision date=20181210133000
nitrate, ug N/m3, Revision date=20181210133000
numflag nitrate, no unit, Revision date=20181210133000
organic_carbon, ug C/m3, Revision date=20181210133000
numflag organic_carbon, no unit, Revision date=20181210133000
organic_mass, ug/m3, Revision date=20181210133000
numflag organic_mass, no unit, Revision date=20181210133000
pm10_mass, ug/m3, Version=2, Version description=Data extracted from http://views.cira.colostate.edu/fed/DataWizard 2019-12-16, Sample duration=1d, Orig. time res.=3d, Matrix=pm10, Blank correction=Blank corrected, Volume std. temperature=ambient, Volume std. pressure=ambient
numflag pm10_mass, no unit, Version=2, Version description=Data extracted from http://views.cira.colostate.edu/fed/DataWizard 2019-12-16, Sample duration=1d, Orig. time res.=3d, Matrix=pm10, Blank correction=Blank corrected, Volume std. temperature=ambient, Volume std. pressure=ambient
pm10_pm25_mass, ug/m3, Revision date=20181210133000, Matrix=pm10_pm25
numflag pm10_pm25_mass, no unit, Revision date=20181210133000, Matrix=pm10_pm25
pm25_mass, ug/m3, Version=2, Version description=Data extracted from http://views.cira.colostate.edu/fed/DataWizard 2019-12-16, Sample duration=1d, Orig. time res.=3d, Blank correction=Blank corrected, Volume std. temperature=ambient, Volume std. pressure=ambient
numflag pm25_mass, no unit, Version=2, Version description=Data extracted from http://views.cira.colostate.edu/fed/DataWizard 2019-12-16, Sample duration=1d, Orig. time res.=3d, Blank correction=Blank corrected, Volume std. temperature=ambient, Volume std. pressure=ambient
potassium, ug/m3, Revision date=20181210133000
numflag potassium, no unit, Revision date=20181210133000
sulphate_total, ug S/m3, Revision date=20181210133000
numflag sulphate_total, no unit, Revision date=20181210133000
0
25
Data definition:              EBAS_1.1
Set type code:                TU
Timezone:                     UTC
File name:                    US0074R.20010101060000.20191216000000.filterpack..pm25.52w.1w.US03L_filterpack_US0074.US03L_IMPROVE_Davis.lev2.nas
File creation:                20191218120030
Startdate:                    20010101060000
Revision date:                20191216000000
Statistics:                   arithmetic mean
Data level:                   2
Period code:                  52w
Resolution code:              1w
Station code:                 US0074R
Platform code:                US0074S
Station name:                 Guadalupe Mountains NP
Station latitude:             31.833
Station longitude:            -104.8094
Station altitude:             1672.0 m
Regime:                       IMG
Component:                    
Matrix:                       pm25
Laboratory code:              US03L
Instrument type:              filterpack
Instrument name:              filterpack_US0074
Method ref:                   US03L_IMPROVE_Davis
starttime endtime Fe flag_Fe Pb flag_Pb Mg++ flag_Mg++ Ni flag_Ni NO3- flag_NO3- OC flag_OC OM flag_OM PM10 flag_PM10 PM10-PM2.5 flag_PM10-PM2.5 PM2.5 flag_PM2.5 K+ flag_K+ SO4-- flag_SO4--
[from data line 87]
261.25 262.25   18.09 0.000  0.82 0.000000 9.999 0.259000  0.33 0.000000 0.033 0.000000  0.631 0.000  0.883 0.000   10.518 0.000   6.608 0.000   3.910 0.000 0.015 0.000  0.519 0.000000
264.25 265.25   56.13 0.000 99.99 0.259000 9.999 0.259000  0.48 0.000000 0.034 0.000000  0.441 0.000  0.617 0.000    7.757 0.000   4.489 0.000   3.268 0.000 0.043 0.000  0.426 0.000000
267.25 268.25   58.48 0.000  0.62 0.000000 0.044 0.000000  2.81 0.000000 0.036 0.000000  0.706 0.000  0.989 0.000   10.774 0.000   6.399 0.000   4.375 0.000 0.044 0.000  0.400 0.000000
270.25 271.25   30.66 0.000  0.60 0.000000 9.999 0.259000  0.62 0.000000 0.019 0.559000  0.814 0.000  1.139 0.000    9.559 0.000   5.691 0.000   3.868 0.000 0.035 0.000  0.384 0.559000
273.25 274.25   43.12 0.000  1.71 0.000000 9.999 0.259000  1.17 0.000000 0.029 0.000000  1.700 0.000  2.380 0.000   12.541 0.000   4.307 0.000   8.234 0.000 0.063 0.000  0.909 0.000000
276.25 277.25   28.97 0.000  1.20 0.000000 9.999 0.259000  0.49 0.000000 0.019 0.000000  0.593 0.000  0.830 0.000    9.804 0.000   5.369 0.000   4.435 0.000 0.033 0.000  0.535 0.000000
279.25 280.25   40.83 0.000  0.67 0.000000 9.999 0.259000  0.77 0.000000 0.026 0.000000  0.518 0.000  0.725 0.000    9.845 0.000   5.128 0.000   4.716 0.000 0.037 0.000  0.533 0.000000
282.25 283.25   24.44 0.000  0.62 0.000000 9.999 0.259000  0.20 0.000000 0.027 0.000000  0.327 0.000  0.457 0.000    9.706 0.000   6.626 0.000   3.080 0.000 0.025 0.000  0.386 0.000000
285.25 286.25   18.13 0.000  0.34 0.000000 0.024 0.000000 99.99 0.259000 0.011 0.000000  0.144 0.000  0.202 0.000    7.310 0.000   6.143 0.000   1.167 0.000 0.015 0.000  0.081 0.000000
288.25 289.25  189.69 0.000  0.28 0.000000 9.999 0.259000  1.15 0.000000 0.027 0.559000  0.535 0.000  0.749 0.000   38.307 0.000  31.744 0.000   6.564 0.000 0.143 0.000  0.135 0.559000
291.25 292.25  124.19 0.000  1.38 0.000000 9.999 0.259000  0.59 0.000000 0.030 0.000000  0.547 0.000  0.766 0.000   23.039 0.000  17.390 0.000   5.650 0.000 0.095 0.000  0.213 0.000000
294.25 295.25  130.54 0.000  2.16 0.000000 9.999 0.259000  0.37 0.000000 0.026 0.000000  0.548 0.000  0.767 0.000   26.307 0.000  20.069 0.000   6.238 0.000 0.102 0.000  0.305 0.000000
297.25 298.25   93.80 0.000  1.48 0.000000 9.999 0.259000  0.44 0.000000 0.041 0.000000  0.678 0.000  0.949 0.000   23.121 0.000  17.270 0.000   5.851 0.000 0.085 0.000  0.232 0.000000
300.25 301.25   31.71 0.000  0.94 0.000000 9.999 0.259000  0.38 0.000000 0.056 0.000000  0.640 0.000  0.896 0.000   13.971 0.000   5.708 0.000   8.263 0.000 0.048 0.000  1.116 0.000000
303.25 304.25  192.80 0.000  1.17 0.000000 9.999 0.259000  0.11 0.000000 0.042 0.000000  0.472 0.000  0.661 0.000   31.863 0.000  23.624 0.000   8.239 0.000 0.147 0.000  0.467 0.000000
306.25 307.25   21.66 0.000  0.62 0.000000 9.999 0.259000 99.99 0.259000 0.058 0.000000  0.363 0.000  0.508 0.000   12.377 0.000   7.552 0.000   4.826 0.000 0.032 0.000  0.723 0.000000
309.25 310.25   17.83 0.000  0.68 0.000000 9.999 0.259000 99.99 0.259000 0.059 0.000000  0.721 0.000  1.009 0.000   10.980 0.000   4.229 0.000   6.751 0.000 0.039 0.000  0.967 0.000000
312.25 313.25   36.20 0.000  0.57 0.000000 9.999 0.259000  0.11 0.000000 0.212 0.000000  0.733 0.000  1.026 0.000   13.399 0.000   9.232 0.000   4.167 0.000 0.039 0.000  0.374 0.000000
315.25 316.25   32.34 0.000  1.12 0.000000 9.999 0.259000  0.21 0.000000 0.027 0.000000  0.632 0.000  0.884 0.000   11.806 0.000   6.145 0.000   5.661 0.000 0.049 0.000  0.803 0.000000
318.25 319.25    9.33 0.000  0.26 0.000000 0.017 0.000000  0.10 0.000000 0.065 0.000000  0.187 0.000  0.261 0.000    2.165 0.000   1.090 0.000   1.075 0.000 0.012 0.000  0.103 0.000000
321.25 322.25    7.57 0.000  0.66 0.000000 9.999 0.259000  0.20 0.000000 0.125 0.000000  0.478 0.000  0.669 0.000    4.616 0.000   1.144 0.000   3.472 0.000 0.012 0.000  0.386 0.000000
324.25 325.25   16.71 0.000  1.44 0.000000 9.999 0.259000  0.13 0.000000 0.145 0.000000  0.546 0.000  0.765 0.000    8.047 0.000   3.594 0.000   4.454 0.000 0.023 0.000  0.518 0.000000
327.25 328.25   21.20 0.000  1.36 0.000000 9.999 0.259000 99.99 0.259000 0.043 0.000000  0.224 0.000  0.314 0.000    7.067 0.000   5.491 0.000   1.576 0.000 0.019 0.000  0.071 0.000000
330.25 331.25   42.78 0.000  0.54 0.000000 9.999 0.259000  2.00 0.000000 0.062 0.559000  0.274 0.000  0.384 0.000   15.439 0.000  13.408 0.000   2.031 0.000 0.033 0.000  0.101 0.559000
333.25 334.25   26.57 0.000  1.28 0.000000 9.999 0.259000  0.58 0.000000 0.030 0.000000  0.277 0.000  0.388 0.000    7.721 0.000   5.259 0.000   2.461 0.000 0.025 0.000  0.183 0.000000
336.25 337.25   19.11 0.000  0.87 0.000000 9.999 0.259000  0.33 0.000000 0.030 0.000000  0.408 0.000  0.571 0.000    6.778 0.000   3.895 0.000   2.883 0.000 0.020 0.000  0.284 0.000000
339.25 340.25   29.87 0.000  1.37 0.000000 9.999 0.259000  0.47 0.000000 0.042 0.000000  0.313 0.000  0.439 0.000    5.655 0.000   3.658 0.000   1.997 0.000 0.018 0.000  0.076 0.000000
342.25 343.25   10.01 0.000  0.34 0.000000 9.999 0.259000 99.99 0.259000 0.073 0.000000  0.150 0.000  0.210 0.000    3.909 0.000   2.304 0.000   1.605 0.000 0.011 0.000  0.084 0.000000
345.25 346.25   84.27 0.000  0.69 0.000000 9.999 0.259000 99.99 0.259000 0.085 0.000000  0.405 0.000  0.567 0.000   14.097 0.000  10.823 0.000   3.273 0.000 0.054 0.000  0.104 0.000000
348.25 349.25   28.84 0.000  0.39 0.000000 9.999 0.259000  0.20 0.000000 0.026 0.000000  0.595 0.000  0.832 0.000    6.445 0.000   4.546 0.000   1.900 0.000 0.028 0.000  0.091 0.000000
351.25 352.25   13.18 0.000  1.17 0.000000 9.999 0.259000 99.99 0.259000 0.129 0.000000  0.736 0.000  1.031 0.000    5.295 0.000   2.955 0.000   2.339 0.000 0.036 0.000  0.184 0.000000
354.25 355.25  125.53 0.000  0.80 0.000000 9.999 0.259000 99.99 0.259000 0.028 0.000000  0.525 0.000  0.735 0.000   24.285 0.000  19.686 0.000   4.599 0.000 0.092 0.000  0.156 0.000000
357.25 358.25 9999.99 0.699 99.99 0.699000 9.999 0.699000 99.99 0.699000 0.271 0.699000  0.495 0.000  0.692 0.000    6.861 0.000 999.999 0.999 999.999 0.699 9.999 0.699  0.204 0.699000
360.25 361.25   21.54 0.000  0.80 0.000000 9.999 0.259000  0.71 0.000000 0.061 0.000000  0.286 0.000  0.401 0.000    5.531 0.000   2.809 0.000   2.721 0.000 0.024 0.000  0.195 0.000000
363.25 364.25   25.14 0.000  1.55 0.000000 9.999 0.259000  0.23 0.000000 0.103 0.000000  0.226 0.000  0.316 0.000   10.770 0.000   8.341 0.000   2.429 0.000 0.031 0.000  0.190 0.000000
