scripts/IMPROVE-2019_partial/data/US0071R.20030103080000.20191216000000.filterpack..pm25.1y.1w.US03L_filterpack_US0071.US03L_IMPROVE_Davis.lev2.nas
66 1001
MISSING INFORMATION
US03L, IMPROVE, , , , , , , 
MISSING INFORMATION
IMPROVE sel_HTAP
1 1
2003 01 01 2019 12 16
3.000000
days from file reference point
27
1 1 1 1 1 1 1 1 1 1 1 1 1 1 1 1 1 1 1 1 1 1 1 1 1 1 1
999.999999 9999.99 9.999 99.99 9.999 9.999 9.999999 9.99 9.999999 9.999 9.999 999.999 9.999 999.999 9.999 99.99 9.999999 999.999 9.999 999.999 9.999 999.999 9.999 9.999 9.999 9.999 9.999
end_time of measurement, days from the file reference point
iron, ng/m3, Revision date=20181210133000
numflag iron, no unit, Revision date=20181210133000
lead, ng/m3, Revision date=20181210133000
numflag lead, no unit, Revision date=20181210133000
magnesium, ug/m3, Revision date=20181210133000
numflag magnesium, no unit, Revision date=20181210133000
nickel, ng/m3, Revision date=20181210133000
numflag nickel, no unit, Revision date=20181210133000
nitrate, ug N/m3, Revision date=20181210133000
numflag nitrate, no unit, Revision date=20181210133000
organic_carbon, ug C/m3, Revision date=20181210133000
numflag organic_carbon, no unit, Revision date=20181210133000
organic_mass, ug/m3, Revision date=20181210133000
numflag organic_mass, no unit, Revision date=20181210133000
phosphorus, ng/m3, Revision date=20181210133000
numflag phosphorus, no unit, Revision date=20181210133000
pm10_mass, ug/m3, Version=2, Version description=Data extracted from http://views.cira.colostate.edu/fed/DataWizard 2019-12-16, Sample duration=1d, Orig. time res.=3d, Matrix=pm10, Blank correction=Blank corrected, Volume std. temperature=ambient, Volume std. pressure=ambient
numflag pm10_mass, no unit, Version=2, Version description=Data extracted from http://views.cira.colostate.edu/fed/DataWizard 2019-12-16, Sample duration=1d, Orig. time res.=3d, Matrix=pm10, Blank correction=Blank corrected, Volume std. temperature=ambient, Volume std. pressure=ambient
pm10_pm25_mass, ug/m3, Revision date=20181210133000, Matrix=pm10_pm25
numflag pm10_pm25_mass, no unit, Revision date=20181210133000, Matrix=pm10_pm25
pm25_mass, ug/m3, Version=2, Version description=Data extracted from http://views.cira.colostate.edu/fed/DataWizard 2019-12-16, Sample duration=1d, Orig. time res.=3d, Blank correction=Blank corrected, Volume std. temperature=ambient, Volume std. pressure=ambient
numflag pm25_mass, no unit, Version=2, Version description=Data extracted from http://views.cira.colostate.edu/fed/DataWizard 2019-12-16, Sample duration=1d, Orig. time res.=3d, Blank correction=Blank corrected, Volume std. temperature=ambient, Volume std. pressure=ambient
potassium, ug/m3, Revision date=20181210133000
numflag potassium, no unit, Revision date=20181210133000
sulphate_total, ug S/m3, Revision date=20181210133000
numflag sulphate_total, no unit, Revision date=20181210133000
0
25
Data definition:              EBAS_1.1
Set type code:                TU
Timezone:                     UTC
File name:                    US0071R.20030103080000.20191216000000.filterpack..pm25.1y.1w.US03L_filterpack_US0071.US03L_IMPROVE_Davis.lev2.nas
File creation:                20191218120015
Startdate:                    20030103080000
Revision date:                20191216000000
Statistics:                   arithmetic mean
Data level:                   2
Period code:                  1y
Resolution code:              1w
Station code:                 US0071R
Platform code:                US0071S
Station name:                 Hells Canyon
Station latitude:             44.9702
Station longitude:            -116.8438
Station altitude:             655.0 m
Regime:                       IMG
Component:                    
Matrix:                       pm25
Laboratory code:              US03L
Instrument type:              filterpack
Instrument name:              filterpack_US0071
Method ref:                   US03L_IMPROVE_Davis
starttime endtime Fe flag_Fe Pb flag_Pb Mg++ flag_Mg++ Ni flag_Ni NO3- flag_NO3- OC flag_OC OM flag_OM P flag_P PM10 flag_PM10 PM10-PM2.5 flag_PM10-PM2.5 PM2.5 flag_PM2.5 K+ flag_K+ SO4-- flag_SO4--
  2.333333   3.333333    2.43 0.000  0.22 0.000 0.020 0.000000 9.99 0.259000 0.070 0.000   0.599 0.000   0.839 0.000 99.99 0.259000   1.389 0.000   0.206 0.000   1.183 0.000 0.005 0.000 0.063 0.000
  5.333333   6.333333    3.02 0.000  0.29 0.000 0.023 0.000000 9.99 0.259000 0.078 0.000   0.959 0.000   1.342 0.000 99.99 0.259000   2.466 0.000   0.329 0.000   2.137 0.000 0.012 0.000 0.037 0.000
  8.333333   9.333333    6.71 0.000  0.44 0.000 9.999 0.259000 9.99 0.259000 0.339 0.559   1.389 0.000   1.944 0.000 99.99 0.259000   4.984 0.000   0.537 0.000   4.447 0.000 0.018 0.000 0.136 0.559
 11.333333  12.333333    7.18 0.000  0.55 0.000 9.999 0.259000 0.11 0.000000 0.697 0.559   0.874 0.000   1.223 0.000 99.99 0.259000   6.372 0.000   0.323 0.000   6.049 0.000 0.014 0.000 0.391 0.559
 14.333333  15.333333 9999.99 0.456 99.99 0.456 9.999 0.456000 9.99 0.456000 0.020 0.000   0.360 0.000   0.505 0.000 99.99 0.456000   1.389 0.000 999.999 0.999 999.999 0.456 9.999 0.456 0.027 0.000
 17.333333  18.333333    1.99 0.000  0.18 0.000 9.999 0.259000 9.99 0.259000 0.292 0.559   0.849 0.000   1.188 0.000 99.99 0.259000   3.105 0.000   0.234 0.000   2.870 0.000 0.006 0.000 0.068 0.559
 20.333333  21.333333 9999.99 0.456 99.99 0.456 9.999 0.456000 9.99 0.456000 0.483 0.559   0.664 0.000   0.929 0.000 99.99 0.456000 999.999 0.456 999.999 0.999 999.999 0.456 9.999 0.456 0.093 0.559
 23.333333  24.333333    3.32 0.000  0.21 0.000 0.017 0.000000 9.99 0.259000 0.139 0.000   0.984 0.000   1.377 0.000 99.99 0.259000   2.826 0.000   0.481 0.000   2.345 0.000 0.009 0.000 0.082 0.000
 26.333333  27.333333    2.19 0.000  0.36 0.000 9.999 0.259000 9.99 0.259000 0.076 0.000   0.483 0.000   0.676 0.000 99.99 0.259000   1.961 0.000   0.647 0.000   1.314 0.000 0.006 0.000 0.084 0.000
 29.333333  30.333333 9999.99 0.999 99.99 0.999 9.999 0.999000 9.99 0.999000 9.999 0.999 999.999 0.999 999.999 0.999 99.99 0.999000 999.999 0.999 999.999 0.999 999.999 0.999 9.999 0.999 9.999 0.999
 32.333333  33.333333    1.48 0.000  0.13 0.000 0.011 0.000000 9.99 0.259000 0.007 0.000   0.167 0.000   0.234 0.000 99.99 0.259000   0.776 0.000   0.237 0.000   0.539 0.000 0.004 0.000 0.059 0.000
 35.333333  36.333333    2.58 0.000  0.16 0.000 9.999 0.259000 9.99 0.259000 0.024 0.000   0.532 0.000   0.745 0.000 99.99 0.259000   1.192 0.000 999.999 0.259   1.229 0.000 0.008 0.000 0.067 0.000
 38.333333  39.333333    5.70 0.000  0.65 0.000 9.999 0.259000 9.99 0.259000 0.231 0.000   0.880 0.000   1.233 0.000 99.99 0.259000   2.533 0.000   0.290 0.000   2.243 0.000 0.012 0.000 0.129 0.000
 41.333333  42.333333    9.64 0.000  0.54 0.000 9.999 0.259000 0.13 0.000000 0.021 0.000   0.987 0.000   1.381 0.000 99.99 0.259000   2.750 0.000   0.441 0.000   2.308 0.000 0.018 0.000 0.096 0.000
 44.333333  45.333333    1.94 0.000  0.24 0.000 9.999 0.259000 9.99 0.259000 0.020 0.000   0.578 0.000   0.809 0.000 99.99 0.259000   0.940 0.000   0.215 0.000   0.725 0.000 0.006 0.000 0.036 0.000
 47.333333  48.333333    3.72 0.000  0.18 0.000 9.999 0.259000 0.02 0.000000 0.013 0.000   0.116 0.000   0.163 0.000 99.99 0.259000   0.654 0.000   0.231 0.000   0.423 0.000 0.005 0.000 0.043 0.000
 50.333333  51.333333   22.65 0.000  0.19 0.000 9.999 0.259000 9.99 0.259000 0.035 0.559   0.343 0.000   0.480 0.000 99.99 0.259000   1.430 0.000   0.581 0.000   0.849 0.000 0.007 0.000 0.064 0.559
 53.333333  54.333333    3.41 0.000  0.21 0.000 9.999 0.259000 9.99 0.259000 0.010 0.000   0.305 0.000   0.427 0.000 99.99 0.259000   1.471 0.000   0.561 0.000   0.910 0.000 0.007 0.000 0.112 0.000
 56.333333  57.333333   13.68 0.000  0.81 0.000 9.999 0.259000 0.40 0.000000 0.028 0.559   0.583 0.000   0.816 0.000 99.99 0.259000   3.041 0.000   1.013 0.000   2.028 0.000 0.016 0.000 0.135 0.559
 59.333333  60.333333    9.51 0.000  0.68 0.000 9.999 0.259000 9.99 0.259000 0.084 0.559   0.721 0.000   1.009 0.000 99.99 0.259000   3.186 0.000   0.532 0.000   2.654 0.000 0.020 0.000 0.244 0.559
 62.333333  63.333333 9999.99 0.456 99.99 0.456 9.999 0.456000 9.99 0.456000 0.028 0.559   0.421 0.000   0.590 0.000 99.99 0.456000   2.247 0.000 999.999 0.999 999.999 0.456 9.999 0.456 0.110 0.559
 65.333333  66.333333    4.14 0.000  0.18 0.000 0.015 0.000000 0.03 0.000000 0.012 0.000   0.240 0.000   0.337 0.000 99.99 0.259000   1.103 0.000   0.800 0.000   0.303 0.000 0.004 0.000 0.016 0.000
 68.333333  69.333333   13.74 0.000  0.98 0.000 9.999 0.259000 9.99 0.259000 0.025 0.000   0.492 0.000   0.689 0.000 99.99 0.259000   1.909 0.000   0.470 0.000   1.439 0.000 0.015 0.000 0.093 0.000
 71.333333  72.333333  141.64 0.000  0.76 0.000 9.999 0.259000 9.99 0.259000 0.038 0.000   0.393 0.000   0.550 0.000 99.99 0.259000  17.684 0.000  12.814 0.000   4.870 0.000 0.086 0.000 0.141 0.000
 74.333333  75.333333   10.40 0.000 99.99 0.259 0.019 0.000000 9.99 0.259000 0.022 0.000   0.357 0.000   0.500 0.000 99.99 0.259000   0.853 0.000   0.235 0.000   0.617 0.000 0.006 0.000 0.025 0.000
 77.333333  78.333333   19.28 0.000  0.35 0.000 9.999 0.259000 9.99 0.259000 0.029 0.000   0.262 0.000   0.366 0.000 99.99 0.259000   2.721 0.000   1.300 0.000   1.421 0.000 0.018 0.000 0.087 0.000
 80.333333  81.333333    9.14 0.000  0.20 0.000 9.999 0.259000 9.99 0.259000 0.025 0.000   0.494 0.000   0.691 0.000 99.99 0.259000   1.421 0.000   0.228 0.000   1.193 0.000 0.013 0.000 0.039 0.000
 83.333333  84.333333    6.44 0.000  0.18 0.000 0.022 0.000000 9.99 0.259000 0.018 0.000   0.243 0.000   0.340 0.000 99.99 0.259000   1.105 0.000   0.224 0.000   0.881 0.000 0.007 0.000 0.049 0.000
 86.333333  87.333333    5.23 0.000 99.99 0.259 9.999 0.259000 9.99 0.259000 0.029 0.559   0.311 0.000   0.436 0.000 99.99 0.259000   1.634 0.000   0.594 0.000   1.040 0.000 0.011 0.000 0.070 0.559
 89.333333  90.333333   18.86 0.000  0.38 0.000 9.999 0.259000 9.99 0.259000 0.025 0.000   0.890 0.000   1.246 0.000 99.99 0.259000   3.168 0.000   1.352 0.000   1.816 0.000 0.020 0.000 0.070 0.000
 92.333333  93.333333    6.55 0.000  0.48 0.000 9.999 0.259000 9.99 0.259000 0.016 0.000   0.200 0.000   0.280 0.000 99.99 0.259000   1.144 0.000   0.316 0.000   0.828 0.000 0.012 0.000 0.079 0.000
 95.333333  96.333333   11.29 0.000  0.41 0.000 9.999 0.259000 9.99 0.259000 0.005 0.559   0.290 0.000   0.405 0.000 99.99 0.259000   1.471 0.000   0.483 0.000   0.988 0.000 0.012 0.000 0.102 0.559
 98.333333  99.333333   40.65 0.559  1.49 0.559 9.999 0.559259 9.99 0.559259 0.023 0.000   0.713 0.000   0.999 0.000 99.99 0.559259   5.198 0.000   2.420 0.000   2.778 0.559 0.028 0.559 0.170 0.000
101.333333 102.333333   31.47 0.000  1.13 0.000 9.999 0.259000 9.99 0.259000 0.019 0.000   0.731 0.000   1.023 0.000 99.99 0.259000   4.183 0.000   1.224 0.000   2.958 0.000 0.028 0.000 0.247 0.000
104.333333 105.333333    7.52 0.000  0.14 0.000 9.999 0.259000 9.99 0.259000 0.007 0.559   0.217 0.000   0.304 0.000 99.99 0.259000 999.999 0.456 999.999 0.999   0.761 0.000 0.009 0.000 0.058 0.559
107.333333 108.333333   22.90 0.000  0.53 0.000 9.999 0.259000 9.99 0.259000 0.033 0.000   1.636 0.000   2.290 0.000 99.99 0.259000 999.999 0.456 999.999 0.999   4.992 0.000 0.047 0.000 0.267 0.000
110.333333 111.333333   28.35 0.000  0.46 0.000 9.999 0.259000 0.06 0.000000 0.015 0.000   0.607 0.000   0.850 0.000 99.99 0.259000 999.999 0.456 999.999 0.999   2.494 0.000 0.027 0.000 0.159 0.000
113.333333 114.333333   61.37 0.000  1.04 0.000 9.999 0.259000 9.99 0.259000 0.028 0.000   0.684 0.000   0.958 0.000 99.99 0.259000   5.556 0.000   2.326 0.000   3.230 0.000 0.046 0.000 0.193 0.000
116.333333 117.333333    9.45 0.000  0.26 0.000 9.999 0.259000 9.99 0.259000 0.008 0.000   0.382 0.000   0.535 0.000 99.99 0.259000   1.685 0.000   0.790 0.000   0.895 0.000 0.012 0.000 0.062 0.000
119.333333 120.333333 9999.99 0.999 99.99 0.999 9.999 0.999000 9.99 0.999000 9.999 0.999 999.999 0.999 999.999 0.999 99.99 0.999000 999.999 0.999 999.999 0.999 999.999 0.999 9.999 0.999 9.999 0.999
122.333333 123.333333    7.88 0.000  0.31 0.000 9.999 0.259000 9.99 0.259000 0.008 0.000   0.404 0.000   0.566 0.000 99.99 0.259000   1.879 0.000   0.769 0.000   1.110 0.000 0.006 0.000 0.058 0.000
125.333333 126.333333   25.67 0.000  0.73 0.000 9.999 0.259000 9.99 0.259000 0.019 0.000 999.999 0.999 999.999 0.999 99.99 0.259000   4.356 0.000   1.369 0.000   2.987 0.000 0.022 0.000 0.219 0.000
128.333333 129.333333 9999.99 0.999 99.99 0.999 9.999 0.999000 9.99 0.999000 9.999 0.999 999.999 0.999 999.999 0.999 99.99 0.999000 999.999 0.999 999.999 0.999 999.999 0.999 9.999 0.999 9.999 0.999
131.333333 132.333333 9999.99 0.999 99.99 0.999 9.999 0.999000 9.99 0.999000 9.999 0.999 999.999 0.999 999.999 0.999 99.99 0.999000 999.999 0.999 999.999 0.999 999.999 0.999 9.999 0.999 9.999 0.999
134.333333 135.333333   41.25 0.559  0.94 0.559 9.999 0.559259 0.05 0.559000 0.043 0.000 999.999 0.999 999.999 0.999 99.99 0.559259   9.422 0.000   4.331 0.000   5.090 0.559 0.034 0.559 0.322 0.000
137.333333 138.333333    7.85 0.000  0.26 0.000 9.999 0.259000 9.99 0.259000 0.013 0.000 999.999 0.999 999.999 0.999 99.99 0.259000   3.145 0.000   1.135 0.000   2.010 0.000 0.008 0.000 0.178 0.000
140.333333 141.333333   40.13 0.559  0.54 0.559 9.999 0.559259 9.99 0.559259 0.017 0.000 999.999 0.999 999.999 0.999 99.99 0.559259   6.904 0.000   3.966 0.000   2.938 0.559 0.021 0.559 0.118 0.000
143.333333 144.333333   98.77 0.000  0.65 0.000 9.999 0.259000 9.99 0.259000 0.022 0.000 999.999 0.999 999.999 0.999 99.99 0.259000  13.530 0.000   7.663 0.000   5.866 0.000 0.064 0.000 0.176 0.000
146.333333 147.333333   24.78 0.000  0.41 0.000 9.999 0.259000 9.99 0.259000 0.012 0.559 999.999 0.999 999.999 0.999 99.99 0.259000   5.243 0.000   1.558 0.000   3.685 0.000 0.020 0.000 0.135 0.559
149.333333 150.333333   26.54 0.000  0.41 0.000 9.999 0.259000 9.99 0.259000 0.014 0.000 999.999 0.999 999.999 0.999 99.99 0.259000   5.047 0.000   1.606 0.000   3.440 0.000 0.018 0.000 0.180 0.000
152.333333 153.333333   31.22 0.559  0.99 0.559 9.999 0.559259 0.06 0.559000 0.027 0.000 999.999 0.999 999.999 0.999 99.99 0.559259   9.528 0.000   2.284 0.000   7.245 0.559 0.040 0.559 0.304 0.000
155.333333 156.333333   52.67 0.559  0.85 0.559 9.999 0.559259 9.99 0.559259 0.012 0.559   2.278 0.000   3.190 0.000 99.99 0.559259   9.259 0.000   3.229 0.000   6.030 0.559 0.039 0.559 0.196 0.559
158.333333 159.333333   60.68 0.000  0.69 0.000 9.999 0.259000 0.04 0.000000 0.014 0.000   2.629 0.000   3.681 0.000 99.99 0.259000  12.418 0.000   5.537 0.000   6.881 0.000 0.041 0.000 0.237 0.000
161.333333 162.333333  115.84 0.559  0.51 0.559 9.999 0.559259 0.04 0.559000 0.054 0.000   1.153 0.000   1.615 0.000 99.99 0.559259  16.462 0.000  11.844 0.000   4.619 0.559 0.045 0.559 0.165 0.000
164.333333 165.333333   43.44 0.000  0.52 0.000 9.999 0.259000 9.99 0.259000 0.017 0.000   1.173 0.000   1.642 0.000 99.99 0.259000   8.975 0.000   5.503 0.000   3.472 0.000 0.024 0.000 0.139 0.000
167.333333 168.333333   56.90 0.000  0.62 0.000 9.999 0.259000 0.21 0.000000 0.014 0.000   2.108 0.000   2.952 0.000 99.99 0.259000   8.772 0.000   3.598 0.000   5.174 0.000 0.040 0.000 0.180 0.000
170.333333 171.333333   40.81 0.000  0.32 0.000 9.999 0.259000 9.99 0.259000 0.025 0.000   0.784 0.000   1.098 0.000 99.99 0.259000   8.853 0.000   5.728 0.000   3.125 0.000 0.022 0.000 0.176 0.000
173.333333 174.333333   11.60 0.000  0.21 0.000 9.999 0.259000 9.99 0.259000 0.015 0.000   0.459 0.000   0.643 0.000 99.99 0.259000   4.808 0.000   3.306 0.000   1.502 0.000 0.008 0.000 0.102 0.000
176.333333 177.333333   43.49 0.000  0.41 0.000 0.016 0.000000 9.99 0.259000 0.016 0.000   1.183 0.000   1.656 0.000 99.99 0.259000   7.948 0.000   4.670 0.000   3.277 0.000 0.021 0.000 0.160 0.000
179.333333 180.333333   39.80 0.000 99.99 0.259 9.999 0.259000 0.04 0.000000 0.013 0.000   1.809 0.000   2.533 0.000 99.99 0.259000   8.430 0.000   4.430 0.000   3.999 0.000 0.031 0.000 0.143 0.000
182.333333 183.333333   49.61 0.559  0.29 0.559 9.999 0.559259 9.99 0.559259 0.030 0.000   1.413 0.000   1.978 0.000 99.99 0.559259  10.276 0.000   5.992 0.000   4.284 0.559 0.027 0.559 0.175 0.000
185.333333 186.333333   49.69 0.000  0.64 0.000 9.999 0.259000 9.99 0.259000 0.012 0.000   0.847 0.000   1.186 0.000 99.99 0.259000   6.663 0.000   4.244 0.000   2.420 0.000 0.056 0.000 0.098 0.000
188.333333 189.333333   32.04 0.000  0.50 0.000 0.050 0.000000 0.06 0.000000 0.018 0.000   1.115 0.000   1.561 0.000 99.99 0.259000   5.339 0.000   2.390 0.000   2.949 0.000 0.027 0.000 0.159 0.000
191.333333 192.333333  104.00 0.000  0.43 0.000 9.999 0.259000 9.99 0.259000 0.015 0.000   2.447 0.000   3.426 0.000 99.99 0.259000  13.729 0.000   7.931 0.000   5.798 0.000 0.038 0.000 0.130 0.000
194.333333 195.333333   37.82 0.000  0.60 0.000 9.999 0.259000 9.99 0.259000 0.020 0.000   0.921 0.000   1.289 0.000 99.99 0.259000   6.663 0.000   4.338 0.000   2.325 0.000 0.018 0.000 0.120 0.000
197.333333 198.333333  100.85 0.000  0.50 0.000 9.999 0.259000 0.07 0.000000 0.036 0.559   1.961 0.000   2.745 0.000 99.99 0.259000  15.060 0.000   9.375 0.000   5.685 0.000 0.080 0.000 0.267 0.559
200.333333 201.333333   72.73 0.000  0.68 0.000 9.999 0.259000 0.05 0.000000 0.027 0.559   1.680 0.000   2.352 0.000 99.99 0.259000  11.534 0.000   7.154 0.000   4.379 0.000 0.046 0.000 0.186 0.559
203.333333 204.333333 9999.99 0.999 99.99 0.999 9.999 0.999000 9.99 0.999000 9.999 0.999 999.999 0.999 999.999 0.999 99.99 0.999000 999.999 0.999 999.999 0.999 999.999 0.999 9.999 0.999 9.999 0.999
206.333333 207.333333   27.75 0.000  0.27 0.000 9.999 0.259000 9.99 0.259000 0.065 0.559   3.768 0.000   5.275 0.000 99.99 0.259000  10.599 0.000   2.240 0.000   8.359 0.000 0.033 0.000 0.174 0.559
209.333333 210.333333   54.62 0.000  0.30 0.000 0.026 0.000000 9.99 0.259000 0.025 0.559   2.057 0.000   2.879 0.000 99.99 0.259000   9.367 0.000   4.064 0.000   5.303 0.000 0.050 0.000 0.222 0.559
212.333333 213.333333  100.10 0.000  0.31 0.000 9.999 0.259000 0.07 0.000000 0.018 0.559   1.771 0.000   2.479 0.000 99.99 0.259000  11.709 0.000   7.215 0.000   4.494 0.000 0.051 0.000 0.110 0.559
215.333333 216.333333   37.56 0.000  0.31 0.000 9.999 0.259000 9.99 0.259000 0.016 0.559   1.083 0.000   1.516 0.000 99.99 0.259000   5.351 0.000   2.723 0.000   2.628 0.000 0.023 0.000 0.098 0.559
218.333333 219.333333   69.07 0.559  0.37 0.559 9.999 0.559259 0.05 0.559000 0.036 0.000   2.311 0.000   3.235 0.000 99.99 0.559259  11.865 0.000   5.678 0.000   6.188 0.559 0.122 0.559 0.245 0.000
221.333333 222.333333   38.07 0.000  0.34 0.000 0.019 0.000000 0.02 0.000000 0.010 0.559   1.054 0.000   1.475 0.000 99.99 0.259000   6.230 0.000   3.761 0.000   2.469 0.000 0.026 0.000 0.104 0.559
224.333333 225.333333 9999.99 0.999 99.99 0.999 9.999 0.999000 9.99 0.999000 9.999 0.999 999.999 0.999 999.999 0.999 99.99 0.999000 999.999 0.999 999.999 0.999 999.999 0.999 9.999 0.999 9.999 0.999
227.333333 228.333333 9999.99 0.999 99.99 0.999 9.999 0.999000 9.99 0.999000 9.999 0.999 999.999 0.999 999.999 0.999 99.99 0.999000 999.999 0.999 999.999 0.999 999.999 0.999 9.999 0.999 9.999 0.999
230.333333 231.333333   74.88 0.000  0.44 0.000 9.999 0.259000 0.04 0.000000 0.018 0.559   4.740 0.000   6.636 0.000 99.99 0.259000  11.032 0.000   2.390 0.000   8.642 0.000 0.088 0.000 0.177 0.559
233.333333 234.333333   57.30 0.000  0.33 0.000 9.999 0.259000 0.08 0.000000 0.022 0.559   2.697 0.000   3.776 0.000 99.99 0.259000  13.931 0.000   7.573 0.000   6.358 0.000 0.054 0.000 0.158 0.559
236.333333 237.333333   23.98 0.559  0.21 0.559 9.999 0.559259 9.99 0.559259 0.021 0.559   4.481 0.000   6.273 0.000 99.99 0.559259  11.379 0.000   2.295 0.000   9.084 0.559 0.037 0.559 0.171 0.559
239.333333 240.333333 9999.99 0.456 99.99 0.456 9.999 0.456000 9.99 0.456000 0.027 0.559   1.782 0.000   2.495 0.000 99.99 0.456000   9.473 0.000 999.999 0.999 999.999 0.456 9.999 0.456 0.145 0.559
