scripts/IMPROVE-2019_partial/data/US0044R.20050101050000.20191216000000.filterpack..pm25.52w.1w.US03L_filterpack_US0044.US03L_IMPROVE_Davis.lev2.nas
64 1001
MISSING INFORMATION
US03L, IMPROVE, , , , , , , 
MISSING INFORMATION
IMPROVE sel_HTAP
1 1
2005 01 01 2019 12 16
3.000000
days from file reference point
25
1 1 1 1 1 1 1 1 1 1 1 1 1 1 1 1 1 1 1 1 1 1 1 1 1
999.999999 9999.99 9.999 99.99 9.999 9.999 9.999999 99.99 9.999999 9.999 9.999 99.999 9.999 99.999 9.999 999.999 9.999 99.999 9.999 999.999 9.999 9.999 9.999 99.999 9.999
end_time of measurement, days from the file reference point
iron, ng/m3, Revision date=20181210133000
numflag iron, no unit, Revision date=20181210133000
lead, ng/m3, Revision date=20181210133000
numflag lead, no unit, Revision date=20181210133000
magnesium, ug/m3, Revision date=20181210133000
numflag magnesium, no unit, Revision date=20181210133000
nickel, ng/m3, Revision date=20181210133000
numflag nickel, no unit, Revision date=20181210133000
nitrate, ug N/m3, Revision date=20181210133000
numflag nitrate, no unit, Revision date=20181210133000
organic_carbon, ug C/m3, Revision date=20181210133000
numflag organic_carbon, no unit, Revision date=20181210133000
organic_mass, ug/m3, Revision date=20181210133000
numflag organic_mass, no unit, Revision date=20181210133000
pm10_mass, ug/m3, Version=2, Version description=Data extracted from http://views.cira.colostate.edu/fed/DataWizard 2019-12-16, Sample duration=1d, Orig. time res.=3d, Matrix=pm10, Blank correction=Blank corrected, Volume std. temperature=ambient, Volume std. pressure=ambient
numflag pm10_mass, no unit, Version=2, Version description=Data extracted from http://views.cira.colostate.edu/fed/DataWizard 2019-12-16, Sample duration=1d, Orig. time res.=3d, Matrix=pm10, Blank correction=Blank corrected, Volume std. temperature=ambient, Volume std. pressure=ambient
pm10_pm25_mass, ug/m3, Revision date=20181210133000, Matrix=pm10_pm25
numflag pm10_pm25_mass, no unit, Revision date=20181210133000, Matrix=pm10_pm25
pm25_mass, ug/m3, Version=2, Version description=Data extracted from http://views.cira.colostate.edu/fed/DataWizard 2019-12-16, Sample duration=1d, Orig. time res.=3d, Blank correction=Blank corrected, Volume std. temperature=ambient, Volume std. pressure=ambient
numflag pm25_mass, no unit, Version=2, Version description=Data extracted from http://views.cira.colostate.edu/fed/DataWizard 2019-12-16, Sample duration=1d, Orig. time res.=3d, Blank correction=Blank corrected, Volume std. temperature=ambient, Volume std. pressure=ambient
potassium, ug/m3, Revision date=20181210133000
numflag potassium, no unit, Revision date=20181210133000
sulphate_total, ug S/m3, Revision date=20181210133000
numflag sulphate_total, no unit, Revision date=20181210133000
0
25
Data definition:              EBAS_1.1
Set type code:                TU
Timezone:                     UTC
File name:                    US0044R.20050101050000.20191216000000.filterpack..pm25.52w.1w.US03L_filterpack_US0044.US03L_IMPROVE_Davis.lev2.nas
File creation:                20191218115806
Startdate:                    20050101050000
Revision date:                20191216000000
Statistics:                   arithmetic mean
Data level:                   2
Period code:                  52w
Resolution code:              1w
Station code:                 US0044R
Platform code:                US0044S
Station name:                 Frostberg Reservoir (Big Piney Run)
Station latitude:             39.7058
Station longitude:            -79.0122
Station altitude:             767.0 m
Regime:                       IMG
Component:                    
Matrix:                       pm25
Laboratory code:              US03L
Instrument type:              filterpack
Instrument name:              filterpack_US0044
Method ref:                   US03L_IMPROVE_Davis
starttime endtime Fe flag_Fe Pb flag_Pb Mg++ flag_Mg++ Ni flag_Ni NO3- flag_NO3- OC flag_OC OM flag_OM PM10 flag_PM10 PM10-PM2.5 flag_PM10-PM2.5 PM2.5 flag_PM2.5 K+ flag_K+ SO4-- flag_SO4--
  0.208333   1.208333   11.63 0.000  1.62 0.000 9.999 0.259000  0.41 0.000000 0.079 0.000  0.964 0.000  1.736 0.000  11.072 0.000  1.664 0.000   9.407 0.000 0.032 0.000  1.639 0.000
  3.208333   4.208333    3.42 0.000  0.50 0.000 9.999 0.259000  0.18 0.000000 0.015 0.000  0.391 0.000  0.703 0.000   4.649 0.000  1.949 0.000   2.727 0.000 0.012 0.000  0.378 0.000
  6.208333   7.208333   10.83 0.000  0.96 0.000 9.999 0.259000  0.20 0.000000 0.047 0.000  0.506 0.000  0.910 0.000   7.329 0.000  0.900 0.000   6.428 0.000 0.016 0.000  1.156 0.000
  9.208333  10.208333   20.76 0.000  2.37 0.000 9.999 0.259000  0.20 0.000000 0.100 0.000  0.903 0.000  1.625 0.000  10.928 0.000  1.752 0.000   9.173 0.000 0.031 0.000  1.584 0.000
 12.208333  13.208333   16.12 0.000  0.61 0.000 9.999 0.259000  0.42 0.000000 0.105 0.000  1.650 0.000  2.971 0.000  12.004 0.000  2.412 0.000   9.590 0.000 0.066 0.000  1.393 0.000
 15.208333  16.208333   28.27 0.000  4.68 0.000 9.999 0.259000  0.38 0.000000 0.498 0.000  1.691 0.000  3.044 0.000  10.242 0.000  2.095 0.000   8.144 0.000 0.065 0.000  0.571 0.000
 18.208333  19.208333   12.67 0.000  1.22 0.000 9.999 0.259000  0.31 0.000000 0.137 0.000  0.890 0.000  1.603 0.000   6.176 0.000  1.744 0.000   4.430 0.000 0.032 0.000  0.567 0.000
 21.208333  22.208333   20.38 0.000  2.22 0.000 9.999 0.259000  0.44 0.000000 0.446 0.000  1.519 0.000  2.734 0.000  10.589 0.000  2.370 0.000   8.216 0.000 0.045 0.000  0.770 0.000
 24.208333  25.208333   33.36 0.000  3.91 0.000 9.999 0.259000  0.17 0.000000 0.683 0.000  1.307 0.000  2.352 0.000  12.672 0.000  2.677 0.000  10.040 0.000 0.045 0.000  1.084 0.000
 27.208333  28.208333   22.54 0.000  2.39 0.000 9.999 0.259000  0.21 0.000000 0.264 0.000  2.154 0.000  3.876 0.000  11.017 0.000  3.748 0.000   7.267 0.000 0.056 0.000  0.366 0.000
 30.208333  31.208333   20.04 0.000  3.40 0.000 9.999 0.259000  0.31 0.000000 0.420 0.000  3.063 0.000  5.514 0.000  16.152 0.000  4.207 0.000  11.942 0.000 0.063 0.000  0.805 0.000
 33.208333  34.208333   66.74 0.000  6.44 0.000 9.999 0.259000  2.73 0.000000 0.864 0.000  2.309 0.000  4.156 0.000  18.435 0.000  4.487 0.000  13.943 0.000 0.064 0.000  1.307 0.000
 36.208333  37.208333   28.88 0.000  7.06 0.000 9.999 0.259000  0.37 0.000000 0.392 0.000  1.937 0.000  3.486 0.000  13.442 0.000  3.168 0.000  10.270 0.000 0.053 0.000  1.162 0.000
 39.208333  40.208333    8.98 0.000  1.73 0.000 9.999 0.259000 99.99 0.259000 0.043 0.000  0.732 0.000  1.317 0.000   6.960 0.000  1.215 0.000   5.743 0.000 0.024 0.000  0.903 0.000
 42.208333  43.208333   29.12 0.000  3.26 0.000 9.999 0.259000  0.15 0.000000 0.685 0.000  0.830 0.000  1.494 0.000  10.787 0.000  1.251 0.000   9.534 0.000 0.033 0.000  0.962 0.000
 45.208333  46.208333   19.67 0.000  0.88 0.000 9.999 0.259000 99.99 0.259000 0.030 0.000  0.429 0.000  0.772 0.000   7.231 0.000  2.316 0.000   4.941 0.000 0.019 0.000  0.751 0.000
 48.208333  49.208333   20.60 0.000  1.94 0.000 9.999 0.259000  0.18 0.000000 0.213 0.000  0.584 0.000  1.051 0.000   7.381 0.000  2.326 0.000   5.054 0.000 0.027 0.000  0.687 0.000
 51.208333  52.208333   14.27 0.000  1.95 0.000 0.010 0.000000  0.26 0.000000 0.083 0.000  1.142 0.000  2.056 0.000   9.528 0.000  0.737 0.000   8.788 0.000 0.031 0.000  1.435 0.000
 54.208333  55.208333   28.87 0.000  3.28 0.000 9.999 0.259000  0.54 0.000000 0.341 0.000  1.266 0.000  2.279 0.000   8.616 0.000  0.712 0.000   7.902 0.000 0.045 0.000  1.176 0.000
 57.208333  58.208333   19.98 0.000  2.10 0.000 9.999 0.259000  0.48 0.000000 0.281 0.000  1.249 0.000  2.248 0.000   8.431 0.000  2.966 0.000   5.464 0.000 0.037 0.000  0.577 0.000
 60.208333  61.208333   14.06 0.000  1.87 0.000 9.999 0.259000 99.99 0.259000 0.098 0.000  0.571 0.000  1.028 0.000   4.028 0.000  0.146 0.000   3.882 0.000 0.022 0.000  0.640 0.000
 63.208333  64.208333   33.84 0.000  2.73 0.000 9.999 0.259000 99.99 0.259000 0.253 0.000  1.420 0.000  2.556 0.000  12.057 0.000  2.444 0.000   9.611 0.000 0.034 0.000  1.608 0.000
 66.208333  67.208333   20.10 0.000  1.96 0.000 9.999 0.259000  0.12 0.000000 0.052 0.000  0.396 0.000  0.712 0.000   4.511 0.000  1.671 0.000   2.869 0.000 0.016 0.000  0.477 0.000
 69.208333  70.208333   17.70 0.000  2.07 0.000 9.999 0.259000 99.99 0.259000 0.373 0.000  0.802 0.000  1.444 0.000   7.691 0.000  1.237 0.000   6.452 0.000 0.023 0.000  0.939 0.000
 72.208333  73.208333   35.29 0.000  3.84 0.000 9.999 0.259000  0.35 0.000000 0.228 0.000  0.988 0.000  1.778 0.000   9.232 0.000  3.040 0.000   6.191 0.000 0.026 0.000  0.904 0.000
 75.208333  76.208333   63.84 0.000  5.14 0.000 9.999 0.259000  0.30 0.000000 0.801 0.000  1.892 0.000  3.405 0.000  19.608 0.000  6.344 0.000  13.259 0.000 0.045 0.000  1.415 0.000
 78.208333  79.208333   19.04 0.000  1.76 0.000 9.999 0.259000 99.99 0.259000 0.637 0.000  1.162 0.000  2.091 0.000  14.881 0.000  1.437 0.000  13.441 0.000 0.036 0.000  2.161 0.000
 81.208333  82.208333    9.03 0.000  1.81 0.000 9.999 0.259000  0.08 0.000000 0.177 0.000  0.919 0.000  1.654 0.000   6.038 0.000  0.743 0.000   5.294 0.000 0.021 0.000  0.873 0.000
 84.208333  85.208333    8.92 0.000  2.67 0.000 9.999 0.259000 99.99 0.259000 0.073 0.000  0.737 0.000  1.326 0.000   6.626 0.000  0.207 0.000   6.418 0.000 0.023 0.000  1.227 0.000
 87.208333  88.208333   21.90 0.000  1.98 0.000 9.999 0.259000  0.12 0.000000 0.027 0.000  0.644 0.000  1.159 0.000   8.455 0.000  1.549 0.000   6.925 0.000 0.022 0.000  1.447 0.000
 90.208333  91.208333   23.15 0.000  2.40 0.000 9.999 0.259000  0.28 0.000000 0.188 0.000  0.629 0.000  1.131 0.000   8.392 0.000  1.938 0.000   6.453 0.000 0.017 0.000  1.194 0.000
 93.208333  94.208333   31.48 0.000  2.53 0.000 9.999 0.259000  0.25 0.000000 0.053 0.000  0.601 0.000  1.082 0.000   5.729 0.000  2.285 0.000   3.443 0.000 0.028 0.000  0.456 0.000
 96.208333  97.208333   38.89 0.000  2.49 0.000 9.999 0.259000  0.39 0.000000 0.067 0.000  2.269 0.000  4.083 0.000  15.159 0.000  4.032 0.000  11.123 0.000 0.063 0.000  1.263 0.000
 99.208333 100.208333   38.34 0.000  6.45 0.000 9.999 0.259000  0.27 0.000000 0.104 0.000  1.319 0.000  2.373 0.000   9.994 0.000  2.823 0.000   7.169 0.000 0.048 0.000  0.893 0.000
102.208333 103.208333   31.50 0.000  2.58 0.000 9.999 0.259000  0.41 0.000000 0.302 0.000  0.941 0.000  1.693 0.000  10.991 0.000  5.596 0.000   5.393 0.000 0.039 0.000  0.636 0.000
105.208333 106.208333   43.82 0.000  4.00 0.000 9.999 0.259000  0.59 0.000000 0.231 0.000  0.996 0.000  1.794 0.000  10.242 0.000  5.917 0.000   4.323 0.000 0.043 0.000  0.440 0.000
108.208333 109.208333   92.35 0.000  4.93 0.000 0.018 0.000000  0.15 0.000000 0.190 0.000  2.222 0.000  3.999 0.000  30.455 0.000  6.752 0.000  23.764 0.000 0.083 0.000  4.302 0.000
111.208333 112.208333   16.99 0.000  2.09 0.000 9.999 0.259000  0.14 0.000000 0.346 0.000  0.697 0.000  1.255 0.000   5.583 0.000  2.020 0.000   3.562 0.000 0.022 0.000  0.431 0.000
114.208333 115.208333   17.59 0.000  1.07 0.000 9.999 0.259000 99.99 0.259000 0.080 0.000  0.353 0.000  0.635 0.000   5.540 0.000  1.374 0.000   4.165 0.000 0.016 0.000  0.740 0.000
117.208333 118.208333   24.91 0.000  2.15 0.000 9.999 0.259000 99.99 0.259000 0.206 0.000  0.696 0.000  1.253 0.000  10.211 0.000  3.136 0.000   7.074 0.000 0.028 0.000  1.222 0.000
120.208333 121.208333   39.43 0.000  3.13 0.000 9.999 0.259000  0.28 0.000000 0.441 0.000  1.054 0.000  1.897 0.000  14.181 0.000  3.783 0.000  10.396 0.000 0.036 0.000  1.823 0.000
123.208333 124.208333   26.62 0.000  2.31 0.000 9.999 0.259000  0.33 0.000000 0.323 0.000  0.869 0.000  1.565 0.000  14.967 0.000  5.220 0.000   9.748 0.000 0.065 0.000  1.745 0.000
126.208333 127.208333   67.16 0.000  5.71 0.000 9.999 0.259000  0.40 0.000000 0.450 0.000  2.174 0.000  3.913 0.000  21.113 0.000  4.214 0.000  16.893 0.000 0.063 0.000  2.759 0.000
129.208333 130.208333   57.77 0.000  2.04 0.000 9.999 0.259000  0.23 0.000000 0.032 0.000  1.490 0.000  2.683 0.000  19.411 0.000  6.606 0.000  12.802 0.000 0.052 0.000  2.026 0.000
132.208333 133.208333   49.77 0.000  2.56 0.000 9.999 0.259000  0.26 0.000000 0.231 0.000  1.684 0.000  3.031 0.000  16.004 0.000  8.247 0.000   7.756 0.000 0.067 0.000  0.776 0.000
135.208333 136.208333   37.56 0.000  3.60 0.000 9.999 0.259000  0.21 0.000000 0.219 0.000  0.614 0.000  1.104 0.000   9.073 0.000  1.935 0.000   7.137 0.000 0.022 0.000  1.259 0.000
138.208333 139.208333   55.48 0.000  3.42 0.000 9.999 0.259000  0.30 0.000000 0.278 0.000  1.561 0.000  2.809 0.000  19.506 0.000  6.290 0.000  13.214 0.000 0.046 0.000  2.023 0.000
141.208333 142.208333   43.37 0.000  4.62 0.000 9.999 0.259000  0.48 0.000000 0.101 0.000  1.658 0.000  2.984 0.000  11.895 0.000  3.038 0.000   8.854 0.000 0.038 0.000  1.161 0.000
144.208333 145.208333   27.58 0.000  2.59 0.000 9.999 0.259000  0.20 0.000000 0.152 0.000  0.738 0.000  1.328 0.000   9.326 0.000  2.855 0.000   6.469 0.000 0.023 0.000  1.043 0.000
147.208333 148.208333   17.99 0.000  2.01 0.000 9.999 0.259000 99.99 0.259000 0.077 0.000  1.009 0.000  1.817 0.000   8.496 0.000  1.917 0.000   6.578 0.000 0.022 0.000  1.040 0.000
150.208333 151.208333   24.51 0.000  3.21 0.000 0.014 0.000000 99.99 0.259000 0.092 0.000  1.405 0.000  2.528 0.000  12.297 0.000  2.421 0.000   9.877 0.000 0.033 0.000  1.486 0.000
153.208333 154.208333    7.39 0.000  0.90 0.000 0.007 0.000000 99.99 0.259000 0.056 0.000  0.826 0.000  1.486 0.000   8.236 0.000  3.525 0.000   4.710 0.000 0.032 0.000  0.631 0.000
156.208333 157.208333 9999.99 0.999 99.99 0.999 9.999 0.999000 99.99 0.999000 9.999 0.999 99.999 0.999 99.999 0.999 999.999 0.999 99.999 0.999 999.999 0.999 9.999 0.999 99.999 0.999
159.208333 160.208333   50.05 0.000  1.10 0.000 9.999 0.259000  0.39 0.000000 0.051 0.000  1.702 0.000  3.063 0.000  17.152 0.000  3.867 0.000  13.282 0.000 0.058 0.000  1.854 0.000
162.208333 163.208333   17.30 0.000  1.93 0.000 9.999 0.259000  0.16 0.000000 0.061 0.000  1.280 0.000  2.304 0.000  12.107 0.000  4.001 0.000   8.104 0.000 0.053 0.000  1.115 0.000
165.208333 166.208333   18.51 0.000  1.34 0.000 9.999 0.259000  0.11 0.000000 0.027 0.000  1.040 0.000  1.871 0.000  15.647 0.000  6.243 0.000   9.403 0.000 0.025 0.000  1.552 0.000
168.208333 169.208333   19.10 0.000  2.23 0.000 9.999 0.259000  0.17 0.000000 0.055 0.000  1.187 0.000  2.136 0.000   9.398 0.000  2.286 0.000   7.110 0.000 0.022 0.000  1.049 0.000
171.208333 172.208333   22.94 0.000  1.73 0.000 0.016 0.000000  0.26 0.000000 0.039 0.000  1.358 0.000  2.445 0.000  25.619 0.000  2.581 0.000  23.060 0.000 0.026 0.000  4.270 0.000
174.208333 175.208333   30.11 0.000  1.79 0.000 0.012 0.000000  0.12 0.000000 0.049 0.000  3.001 0.000  5.401 0.000  22.056 0.000  3.079 0.000  18.975 0.000 0.036 0.000  2.438 0.000
177.208333 178.208333   30.63 0.000  1.83 0.000 9.999 0.259000  0.58 0.000000 0.063 0.000  2.900 0.000  5.220 0.000  21.502 0.000  2.307 0.000  19.191 0.000 0.087 0.000  2.539 0.000
180.208333 181.208333   28.70 0.000  4.65 0.000 0.031 0.000000  0.13 0.000000 0.036 0.000  1.221 0.000  2.198 0.000  22.709 0.000  1.265 0.000  21.438 0.000 0.038 0.000  4.287 0.000
183.208333 184.208333   27.01 0.000  3.46 0.000 9.999 0.259000  0.52 0.000000 0.040 0.000  1.539 0.000  2.769 0.000  20.774 0.000  3.512 0.000  17.259 0.000 0.162 0.000  2.835 0.000
186.208333 187.208333   35.35 0.000  2.78 0.000 0.015 0.000000  0.14 0.000000 0.046 0.000  0.911 0.000  1.641 0.000  19.764 0.000  2.805 0.000  16.955 0.000 0.107 0.000  3.325 0.000
189.208333 190.208333   27.24 0.000  1.74 0.000 9.999 0.259000  0.17 0.000000 0.029 0.000  1.230 0.000  2.213 0.000  15.566 0.000  2.660 0.000  12.903 0.000 0.036 0.000  2.143 0.000
192.208333 193.208333 9999.99 0.999 99.99 0.999 9.999 0.999000 99.99 0.999000 0.073 0.559  3.662 0.000  6.592 0.000 999.999 0.999 99.999 0.999 999.999 0.999 9.999 0.999  3.980 0.559
195.208333 196.208333   48.13 0.000  1.64 0.000 9.999 0.259000  0.10 0.000000 0.034 0.000  1.446 0.000  2.603 0.000  21.151 0.000  1.501 0.000  19.646 0.000 0.046 0.000  3.282 0.000
198.208333 199.208333   19.96 0.000  1.54 0.000 9.999 0.259000 99.99 0.259000 0.017 0.000  0.895 0.000  1.611 0.000  25.436 0.000  2.221 0.000  23.211 0.000 0.027 0.000  4.501 0.000
201.208333 202.208333   27.69 0.000  1.29 0.000 9.999 0.259000  0.09 0.000000 0.033 0.000  1.234 0.000  2.220 0.000  25.206 0.000  3.058 0.000  22.142 0.000 0.032 0.000  4.417 0.000
204.208333 205.208333   49.21 0.000  2.95 0.000 9.999 0.259000  0.35 0.000000 0.034 0.000  2.247 0.000  4.045 0.000  24.580 0.000  7.127 0.000  17.450 0.000 0.038 0.000  2.561 0.000
207.208333 208.208333   57.26 0.000  2.58 0.000 9.999 0.259000  0.27 0.000000 0.026 0.000  2.665 0.000  4.798 0.000  24.092 0.000  6.258 0.000  17.830 0.000 0.051 0.000  2.600 0.000
210.208333 211.208333   38.56 0.000  3.21 0.000 9.999 0.259000  0.54 0.000000 0.032 0.000  1.604 0.000  2.886 0.000  33.251 0.000  1.668 0.000  31.572 0.000 0.033 0.000  6.320 0.000
213.208333 214.208333   68.14 0.000  3.91 0.000 9.999 0.259000  0.20 0.000000 0.031 0.000  2.080 0.000  3.744 0.000  30.414 0.000  5.026 0.000  25.443 0.000 0.043 0.000  4.891 0.000
216.208333 217.208333   51.35 0.000  4.13 0.000 9.999 0.259000  0.14 0.000000 0.027 0.000  2.080 0.000  3.745 0.000  27.935 0.000  2.979 0.000  24.950 0.000 0.040 0.000  4.644 0.000
219.208333 220.208333   14.68 0.000  2.15 0.000 9.999 0.259000 99.99 0.259000 0.033 0.000  1.557 0.000  2.802 0.000  13.363 0.000  2.663 0.000  10.697 0.000 0.037 0.000  1.670 0.000
222.208333 223.208333   35.16 0.000  2.26 0.000 9.999 0.259000  0.13 0.000000 0.029 0.000  1.854 0.559  3.337 0.559  34.745 0.000  2.147 0.000  32.589 0.000 0.043 0.000  6.453 0.000
225.208333 226.208333  279.68 0.000  1.66 0.000 9.999 0.259000 99.99 0.259000 0.039 0.000  2.307 0.559  4.152 0.559  31.486 0.000  7.031 0.000  24.448 0.000 0.134 0.000  3.599 0.000
228.208333 229.208333   22.12 0.000  2.04 0.000 9.999 0.259000 99.99 0.259000 0.046 0.000  1.666 0.559  2.998 0.559  14.809 0.000  2.690 0.000  12.115 0.000 0.041 0.000  1.809 0.000
231.208333 232.208333   17.52 0.000  1.14 0.000 9.999 0.259000 99.99 0.259000 0.024 0.000  1.497 0.559  2.694 0.559  17.129 0.000  3.243 0.000  13.882 0.000 0.027 0.000  2.493 0.000
234.208333 235.208333   27.18 0.000  1.95 0.000 9.999 0.259000  0.15 0.000000 0.035 0.000  0.809 0.559  1.457 0.559  13.188 0.000  3.353 0.000   9.829 0.000 0.019 0.000  1.643 0.000
237.208333 238.208333   37.13 0.000  2.57 0.000 9.999 0.259000  0.38 0.000000 0.042 0.000  2.006 0.559  3.610 0.559  19.857 0.000  1.772 0.000  18.080 0.000 0.035 0.000  2.389 0.000
240.208333 241.208333   18.86 0.000  7.00 0.000 9.999 0.259000  0.25 0.000000 0.067 0.000  3.478 0.000  6.261 0.000  26.969 0.000  3.484 0.000  23.479 0.000 0.111 0.000  3.356 0.000
243.208333 244.208333   38.48 0.000  2.42 0.000 9.999 0.259000  0.32 0.000000 0.020 0.000  1.365 0.559  2.457 0.559  23.185 0.000  4.415 0.000  18.764 0.000 0.032 0.000  3.282 0.000
246.208333 247.208333   13.04 0.000  3.00 0.000 0.035 0.000000 99.99 0.259000 0.022 0.000  0.949 0.559  1.708 0.559  15.796 0.000  3.000 0.000  12.793 0.000 0.026 0.000  2.284 0.000
249.208333 250.208333   33.48 0.000  3.35 0.000 9.999 0.259000  0.72 0.000000 0.078 0.000  1.725 0.559  3.105 0.559  13.736 0.000  3.904 0.000   9.828 0.000 0.029 0.000  1.119 0.000
252.208333 253.208333   36.59 0.000  4.26 0.000 9.999 0.259000  0.17 0.000000 0.050 0.000  2.099 0.559  3.778 0.559  22.136 0.000  2.670 0.000  19.461 0.000 0.040 0.000  3.071 0.000
255.208333 256.208333   45.52 0.000  2.87 0.000 9.999 0.259000  0.23 0.000000 0.053 0.000  2.599 0.559  4.679 0.559  24.819 0.000  5.162 0.000  19.705 0.000 0.041 0.000  2.768 0.000
258.208333 259.208333   54.53 0.000  1.65 0.000 9.999 0.259000  0.47 0.000000 0.065 0.000  1.522 0.559  2.739 0.559  22.476 0.000  2.927 0.000  19.544 0.000 0.041 0.000  3.221 0.000
