scripts/IMPROVE-2019_partial/data/US0019R.19910102080000.20191216000000.filterpack...1y.3d.US03L_filterpack_US0019.US03L_IMPROVE_Davis.lev2.nas
52 1001
MISSING INFORMATION
US03L, IMPROVE, , , , , , , 
MISSING INFORMATION
IMPROVE sel_HTAP
1 1
1991 01 01 2019 12 16
0
days from file reference point
5
1 1 1 1 1
999.999999 999.999 9.999 99.999 9.999999
end_time of measurement, days from the file reference point
pm10_mass, ug/m3, Matrix=pm10
numflag pm10_mass, no unit, Matrix=pm10
pm25_mass, ug/m3, Matrix=pm25
numflag pm25_mass, no unit, Matrix=pm25
0
33
Data definition:              EBAS_1.1
Set type code:                TI
Timezone:                     UTC
File name:                    US0019R.19910102080000.20191216000000.filterpack...1y.3d.US03L_filterpack_US0019.US03L_IMPROVE_Davis.lev2.nas
File creation:                20191218115638
Startdate:                    19910102080000
Revision date:                20191216000000
Version:                      2
Version description:          "Data extracted from http://views.cira.colostate.edu/fed/DataWizard 2019-12-16"
Statistics:                   arithmetic mean
Data level:                   2
Period code:                  1y
Resolution code:              3d
Sample duration:              1d
Orig. time res.:              3d
Station code:                 US0019R
Platform code:                US0019S
Station name:                 Bliss SP (TRPA)
Station latitude:             38.9761
Station longitude:            -120.1025
Station altitude:             2130.0 m
Regime:                       IMG
Component:                    
Unit:                         ug/m3
Matrix:                       
Laboratory code:              US03L
Instrument type:              filterpack
Instrument name:              filterpack_US0019
Method ref:                   US03L_IMPROVE_Davis
Blank correction:             Blank corrected
Volume std. temperature:      ambient
Volume std. pressure:         ambient
starttime endtime PM10 flag_PM10 PM2.5 flag_PM2.5
  1.333333   2.333333 999.999 0.999  6.688 0.559000
  4.333333   5.333333   6.293 0.000  5.365 0.559000
  8.333333   9.333333 999.999 0.999  2.117 0.559000
 11.333333  12.333333   1.227 0.000  0.675 0.559000
 15.333333  16.333333   6.163 0.000  0.429 0.559000
 18.333333  19.333333   4.066 0.000  2.025 0.559000
 22.333333  23.333333   3.042 0.000  1.693 0.559000
 25.333333  26.333333   3.933 0.000  2.727 0.559000
 29.333333  30.333333  10.193 0.000  4.069 0.559000
 32.333333  33.333333   3.422 0.000  1.724 0.559000
 36.333333  37.333333   2.920 0.000  2.315 0.559000
 39.333333  40.333333   6.387 0.000  4.198 0.559000
 43.333333  44.333333   3.089 0.000  3.056 0.559000
 46.333333  47.333333   5.949 0.000  4.290 0.559000
 50.333333  51.333333   7.808 0.000  3.259 0.559000
 53.333333  54.333333  10.682 0.000 99.999 0.559259
 57.333333  58.333333  13.832 0.000  5.225 0.559000
 60.333333  61.333333   5.019 0.000  1.420 0.559000
 64.333333  65.333333   3.320 0.000  1.479 0.559000
 67.333333  68.333333  10.508 0.000  5.563 0.559000
 71.333333  72.333333   4.149 0.000  1.190 0.559000
 74.333333  75.333333 999.999 0.999 99.999 0.559259
 78.333333  79.333333 999.999 0.999  1.948 0.559000
 81.333333  82.333333   5.625 0.000  2.890 0.559000
 85.333333  86.333333   2.816 0.000  0.909 0.559000
 88.333333  89.333333  14.643 0.000  5.065 0.559000
 92.333333  93.333333   6.440 0.000  2.516 0.559000
 95.333333  96.333333 999.999 0.999 99.999 0.999000
 99.333333 100.333333  13.937 0.000  6.851 0.559000
102.333333 103.333333 999.999 0.999 99.999 0.999000
106.333333 107.333333   4.094 0.000  3.540 0.559000
109.333333 110.333333   3.913 0.000  3.148 0.559000
113.333333 114.333333   6.984 0.000  1.442 0.559000
116.333333 117.333333  11.483 0.000  5.806 0.559000
120.333333 121.333333   4.420 0.000 99.999 0.559259
123.333333 124.333333   9.964 0.000  6.502 0.559000
127.333333 128.333333   6.402 0.000  2.648 0.559000
130.333333 131.333333   4.229 0.000  1.920 0.559000
134.333333 135.333333   6.218 0.000  4.784 0.559000
137.333333 138.333333   4.836 0.000  0.772 0.559000
141.333333 142.333333 999.999 0.999  6.574 0.559000
144.333333 145.333333   4.460 0.000 99.999 0.559259
148.333333 149.333333   6.955 0.000  3.133 0.559000
151.333333 152.333333   8.526 0.000  3.886 0.559000
155.333333 156.333333   7.004 0.000  4.018 0.559000
158.333333 159.333333 999.999 0.999  7.239 0.559000
162.333333 163.333333   9.713 0.000  4.277 0.559000
165.333333 166.333333   8.362 0.000 99.999 0.559259
169.333333 170.333333   5.090 0.000  4.136 0.559000
172.333333 173.333333   4.495 0.000 99.999 0.559259
176.333333 177.333333   6.918 0.000  4.655 0.559000
179.333333 180.333333   8.131 0.000  4.835 0.559000
183.333333 184.333333  10.253 0.000  2.791 0.559000
186.333333 187.333333   9.931 0.000  4.141 0.559000
190.333333 191.333333  12.230 0.000  5.526 0.559000
193.333333 194.333333  11.834 0.000  7.831 0.559000
197.333333 198.333333   6.426 0.000  6.246 0.559000
200.333333 201.333333 999.999 0.999  3.724 0.559000
204.333333 205.333333   7.816 0.000  3.750 0.559000
207.333333 208.333333  10.236 0.000  8.690 0.559000
211.333333 212.333333  15.694 0.000  8.853 0.559000
214.333333 215.333333   9.495 0.000  4.881 0.559000
218.333333 219.333333 999.999 0.999 99.999 0.999000
221.333333 222.333333   7.222 0.000  2.923 0.559000
225.333333 226.333333 999.999 0.999 99.999 0.999000
228.333333 229.333333   8.074 0.000  5.957 0.559000
232.333333 233.333333   9.706 0.000  5.617 0.559000
235.333333 236.333333   5.911 0.000  4.154 0.559000
239.333333 240.333333 999.999 0.999 99.999 0.999000
242.333333 243.333333   8.562 0.000  7.012 0.559000
246.333333 247.333333   4.396 0.000  3.178 0.559000
249.333333 250.333333   9.549 0.000  7.059 0.559000
253.333333 254.333333  10.203 0.000  5.137 0.559000
256.333333 257.333333   7.356 0.000  4.043 0.559000
260.333333 261.333333   6.220 0.000  3.100 0.559000
263.333333 264.333333   9.565 0.000  5.502 0.559000
267.333333 268.333333  13.156 0.000  7.425 0.559000
270.333333 271.333333  12.126 0.000  7.229 0.559000
274.333333 275.333333   8.350 0.000  5.331 0.559000
277.333333 278.333333   6.179 0.000  4.337 0.559000
281.333333 282.333333   7.071 0.000  3.384 0.559000
284.333333 285.333333  10.404 0.000  5.952 0.559000
288.333333 289.333333  10.641 0.000  6.314 0.559000
291.333333 292.333333   6.431 0.000  3.021 0.559000
295.333333 296.333333   3.744 0.000  3.051 0.559000
298.333333 299.333333 999.999 0.999 99.999 0.999000
302.333333 303.333333 999.999 0.999 99.999 0.999000
305.333333 306.333333 999.999 0.999  3.754 0.559000
309.333333 310.333333 999.999 0.999 99.999 0.999000
312.333333 313.333333   1.765 0.000  1.242 0.559000
316.333333 317.333333   4.678 0.000  1.683 0.559000
319.333333 320.333333   3.934 0.000  1.921 0.559000
323.333333 324.333333 999.999 0.999 99.999 0.999000
326.333333 327.333333  10.418 0.000  3.569 0.559000
330.333333 331.333333   1.375 0.000  0.772 0.559000
333.333333 334.333333   1.873 0.000  0.432 0.559000
337.333333 338.333333   4.625 0.000  4.032 0.559000
340.333333 341.333333   1.868 0.000  1.731 0.559000
344.333333 345.333333   2.176 0.000  1.378 0.559000
347.333333 348.333333   4.901 0.000  3.237 0.559000
351.333333 352.333333   2.519 0.000  0.503 0.559000
354.333333 355.333333   5.271 0.000  3.905 0.559000
358.333333 359.333333   5.382 0.000  3.302 0.559000
361.333333 362.333333   3.140 0.000  0.594 0.559000
