scripts/IMPROVE-2019_partial/data/US0062R.20040101070000.20191216000000.filterpack..pm25.52w.1w.US03L_filterpack_US0062.US03L_IMPROVE_Davis.lev2.nas
64 1001
MISSING INFORMATION
US03L, IMPROVE, , , , , , , 
MISSING INFORMATION
IMPROVE sel_HTAP
1 1
2004 01 01 2019 12 16
3.000000
days from file reference point
25
1 1 1 1 1 1 1 1 1 1 1 1 1 1 1 1 1 1 1 1 1 1 1 1 1
999.999999 9999.99 9.999 99.99 9.999 9.999 9.999999 9.99 9.999999 9.999 9.999 99.999 9.999 99.999 9.999 999.999 9.999 999.999 9.999 99.999 9.999 9.999 9.999 9.999 9.999
end_time of measurement, days from the file reference point
iron, ng/m3, Revision date=20181210133000
numflag iron, no unit, Revision date=20181210133000
lead, ng/m3, Revision date=20181210133000
numflag lead, no unit, Revision date=20181210133000
magnesium, ug/m3, Revision date=20181210133000
numflag magnesium, no unit, Revision date=20181210133000
nickel, ng/m3, Revision date=20181210133000
numflag nickel, no unit, Revision date=20181210133000
nitrate, ug N/m3, Revision date=20181210133000
numflag nitrate, no unit, Revision date=20181210133000
organic_carbon, ug C/m3, Revision date=20181210133000
numflag organic_carbon, no unit, Revision date=20181210133000
organic_mass, ug/m3, Revision date=20181210133000
numflag organic_mass, no unit, Revision date=20181210133000
pm10_mass, ug/m3, Version=2, Version description=Data extracted from http://views.cira.colostate.edu/fed/DataWizard 2019-12-16, Sample duration=1d, Orig. time res.=3d, Matrix=pm10, Blank correction=Blank corrected, Volume std. temperature=ambient, Volume std. pressure=ambient
numflag pm10_mass, no unit, Version=2, Version description=Data extracted from http://views.cira.colostate.edu/fed/DataWizard 2019-12-16, Sample duration=1d, Orig. time res.=3d, Matrix=pm10, Blank correction=Blank corrected, Volume std. temperature=ambient, Volume std. pressure=ambient
pm10_pm25_mass, ug/m3, Revision date=20181210133000, Matrix=pm10_pm25
numflag pm10_pm25_mass, no unit, Revision date=20181210133000, Matrix=pm10_pm25
pm25_mass, ug/m3, Version=2, Version description=Data extracted from http://views.cira.colostate.edu/fed/DataWizard 2019-12-16, Sample duration=1d, Orig. time res.=3d, Blank correction=Blank corrected, Volume std. temperature=ambient, Volume std. pressure=ambient
numflag pm25_mass, no unit, Version=2, Version description=Data extracted from http://views.cira.colostate.edu/fed/DataWizard 2019-12-16, Sample duration=1d, Orig. time res.=3d, Blank correction=Blank corrected, Volume std. temperature=ambient, Volume std. pressure=ambient
potassium, ug/m3, Revision date=20181210133000
numflag potassium, no unit, Revision date=20181210133000
sulphate_total, ug S/m3, Revision date=20181210133000
numflag sulphate_total, no unit, Revision date=20181210133000
0
25
Data definition:              EBAS_1.1
Set type code:                TU
Timezone:                     UTC
File name:                    US0062R.20040101070000.20191216000000.filterpack..pm25.52w.1w.US03L_filterpack_US0062.US03L_IMPROVE_Davis.lev2.nas
File creation:                20191218115925
Startdate:                    20040101070000
Revision date:                20191216000000
Statistics:                   arithmetic mean
Data level:                   2
Period code:                  52w
Resolution code:              1w
Station code:                 US0062R
Platform code:                US0062S
Station name:                 Bandelier NM
Station latitude:             35.7797
Station longitude:            -106.2664
Station altitude:             1988.0 m
Regime:                       IMG
Component:                    
Matrix:                       pm25
Laboratory code:              US03L
Instrument type:              filterpack
Instrument name:              filterpack_US0062
Method ref:                   US03L_IMPROVE_Davis
starttime endtime Fe flag_Fe Pb flag_Pb Mg++ flag_Mg++ Ni flag_Ni NO3- flag_NO3- OC flag_OC OM flag_OM PM10 flag_PM10 PM10-PM2.5 flag_PM10-PM2.5 PM2.5 flag_PM2.5 K+ flag_K+ SO4-- flag_SO4--
[from data line 89]
267.291667 268.291667   17.91 0.000  0.55 0.000 9.999 0.259000 9.99 0.259000 0.015 0.000  0.624 0.000  0.874 0.000   7.232 0.000   5.152 0.000  2.080 0.000 0.014 0.000 0.177 0.000
270.291667 271.291667    9.02 0.000  0.51 0.000 9.999 0.259000 0.16 0.000000 0.012 0.000  0.746 0.000  1.045 0.000   2.630 0.000   0.967 0.000  1.663 0.000 0.008 0.000 0.152 0.000
273.291667 274.291667   11.47 0.000  0.50 0.000 9.999 0.259000 0.12 0.000000 0.018 0.000  0.608 0.000  0.851 0.000   3.431 0.000   1.600 0.000  1.831 0.000 0.009 0.000 0.183 0.000
276.291667 277.291667   11.97 0.000  0.51 0.000 9.999 0.259000 0.12 0.000000 0.017 0.000  0.691 0.000  0.968 0.000   4.547 0.000   1.496 0.000  3.051 0.000 0.013 0.000 0.388 0.000
279.291667 280.291667    8.92 0.000  0.22 0.000 9.999 0.259000 0.15 0.000000 0.020 0.000  0.736 0.000  1.031 0.000   3.307 0.000   1.139 0.000  2.168 0.000 0.008 0.000 0.185 0.000
282.291667 283.291667   20.56 0.000  0.51 0.000 0.086 0.000000 9.99 0.259000 0.020 0.000  0.868 0.000  1.215 0.000   5.863 0.000   2.566 0.000  3.297 0.000 0.020 0.000 0.249 0.000
285.291667 286.291667    6.72 0.000  0.26 0.000 0.082 0.000000 9.99 0.259000 0.018 0.000  0.880 0.000  1.232 0.000   3.724 0.000   0.871 0.000  2.853 0.000 0.009 0.000 0.305 0.000
288.291667 289.291667   17.66 0.000  0.43 0.000 9.999 0.259000 9.99 0.259000 0.026 0.000  0.682 0.000  0.955 0.000   3.472 0.000   1.371 0.000  2.101 0.000 0.013 0.000 0.123 0.000
291.291667 292.291667   25.92 0.000  0.51 0.000 9.999 0.259000 9.99 0.259000 0.062 0.000  0.382 0.000  0.535 0.000   6.653 0.000   3.940 0.000  2.714 0.000 0.026 0.000 0.247 0.000
294.291667 295.291667   14.26 0.000  0.29 0.000 9.999 0.259000 9.99 0.259000 0.028 0.000  0.504 0.000  0.706 0.000   5.731 0.000   3.554 0.000  2.178 0.000 0.022 0.000 0.129 0.000
297.291667 298.291667   13.33 0.000  0.67 0.000 9.999 0.259000 9.99 0.259000 0.024 0.000  0.397 0.000  0.556 0.000   3.659 0.000   1.588 0.000  2.072 0.000 0.015 0.000 0.161 0.000
300.291667 301.291667    4.90 0.000  0.37 0.000 0.148 0.000000 0.18 0.000000 0.047 0.000  0.546 0.000  0.764 0.000   1.808 0.000   0.651 0.000  1.157 0.000 0.007 0.000 0.075 0.000
303.291667 304.291667    3.01 0.000  0.25 0.000 9.999 0.259000 9.99 0.259000 0.015 0.000  0.530 0.000  0.742 0.000   1.622 0.000   0.250 0.000  1.371 0.000 0.006 0.000 0.094 0.000
306.291667 307.291667    5.70 0.000  0.32 0.000 9.999 0.259000 9.99 0.259000 0.043 0.000  0.429 0.000  0.601 0.000   2.698 0.000   0.882 0.000  1.815 0.000 0.007 0.000 0.193 0.000
309.291667 310.291667   12.96 0.000  0.50 0.000 9.999 0.259000 0.09 0.000000 0.015 0.000  0.698 0.000  0.977 0.000   3.762 0.000   1.865 0.000  1.897 0.000 0.015 0.000 0.074 0.000
312.291667 313.291667   18.68 0.000  0.52 0.000 9.999 0.259000 0.11 0.000000 0.071 0.000  0.722 0.000  1.011 0.000   5.415 0.000   2.837 0.000  2.579 0.000 0.023 0.000 0.172 0.000
315.291667 316.291667   10.82 0.000  0.61 0.000 9.999 0.259000 9.99 0.259000 0.048 0.000  0.417 0.000  0.583 0.000   3.701 0.000   1.328 0.000  2.373 0.000 0.021 0.000 0.275 0.000
318.291667 319.291667    0.97 0.000  0.15 0.000 9.999 0.259000 9.99 0.259000 0.006 0.000  0.276 0.000  0.386 0.000   1.171 0.000 999.999 0.259  1.215 0.000 0.003 0.000 0.143 0.000
321.291667 322.291667   12.98 0.000  0.29 0.000 9.999 0.259000 9.99 0.259000 0.218 0.000  0.859 0.000  1.203 0.000   4.449 0.000   1.636 0.000  2.813 0.000 0.015 0.000 0.136 0.000
324.291667 325.291667    6.69 0.000  0.61 0.000 9.999 0.259000 0.12 0.000000 0.122 0.000  0.643 0.000  0.900 0.000   3.157 0.000   0.578 0.000  2.579 0.000 0.008 0.000 0.270 0.000
327.291667 328.291667    3.74 0.000  0.46 0.000 0.162 0.000000 0.10 0.000000 0.031 0.000  0.546 0.000  0.765 0.000   2.159 0.000   0.261 0.000  1.897 0.000 0.007 0.000 0.170 0.000
330.291667 331.291667    7.66 0.000  0.55 0.000 0.112 0.000000 9.99 0.259000 0.053 0.000  0.375 0.000  0.524 0.000   2.259 0.000   0.917 0.000  1.342 0.000 0.006 0.000 0.106 0.000
333.291667 334.291667    4.33 0.000  0.36 0.000 9.999 0.259000 9.99 0.259000 0.014 0.000  0.303 0.000  0.425 0.000   1.736 0.000   0.598 0.000  1.138 0.000 0.005 0.000 0.123 0.000
336.291667 337.291667    8.70 0.000  0.55 0.000 9.999 0.259000 0.16 0.000000 0.044 0.000  0.803 0.000  1.124 0.000   3.091 0.000   1.057 0.000  2.034 0.000 0.018 0.000 0.082 0.000
339.291667 340.291667    3.29 0.000  0.31 0.000 0.184 0.000000 9.99 0.259000 0.074 0.000  0.667 0.000  0.934 0.000   1.389 0.000   0.188 0.000  1.201 0.000 0.009 0.000 0.150 0.000
342.291667 343.291667    4.79 0.000  0.41 0.000 9.999 0.259000 0.22 0.000000 0.021 0.000  0.513 0.000  0.718 0.000   2.952 0.000   0.618 0.000  2.334 0.000 0.013 0.000 0.326 0.000
345.291667 346.291667   10.33 0.000  1.51 0.000 9.999 0.259000 0.13 0.000000 0.021 0.000  0.725 0.000  1.015 0.000   2.744 0.000   0.769 0.000  1.976 0.000 0.025 0.000 0.119 0.000
348.291667 349.291667   11.79 0.000  0.33 0.000 9.999 0.259000 0.17 0.000000 0.233 0.000  0.473 0.000  0.662 0.000   5.268 0.000   3.356 0.000  1.912 0.000 0.018 0.000 0.104 0.000
351.291667 352.291667    4.79 0.000  0.34 0.000 9.999 0.259000 9.99 0.259000 0.018 0.000  0.450 0.000  0.630 0.000   1.913 0.000   0.760 0.000  1.153 0.000 0.009 0.000 0.082 0.000
354.291667 355.291667   16.69 0.000  0.65 0.000 0.137 0.000000 9.99 0.259000 0.076 0.000  0.472 0.000  0.661 0.000   2.744 0.000   1.256 0.000  1.488 0.000 0.026 0.000 0.078 0.000
357.291667 358.291667    4.85 0.000  0.65 0.000 9.999 0.259000 9.99 0.259000 0.150 0.000  0.448 0.000  0.626 0.000   2.845 0.000   0.491 0.000  2.354 0.000 0.012 0.000 0.196 0.000
360.291667 361.291667    4.84 0.000  0.45 0.000 0.131 0.000000 9.99 0.259000 0.049 0.000  1.096 0.000  1.535 0.000   2.845 0.000   0.520 0.000  2.325 0.000 0.019 0.000 0.062 0.000
363.291667 364.291667   18.40 0.000  0.94 0.000 9.999 0.259000 0.35 0.000000 0.130 0.000  0.682 0.000  0.955 0.000   5.415 0.000   2.916 0.000  2.499 0.000 0.035 0.000 0.193 0.000
