scripts/IMPROVE-2019_partial/data/US0098R.20100102080000.20191216000000.filterpack...52w.3d.US03L_filterpack_US0098.US03L_IMPROVE_Davis.lev2.nas
52 1001
MISSING INFORMATION
US03L, IMPROVE, , , , , , , 
MISSING INFORMATION
IMPROVE sel_HTAP
1 1
2010 01 01 2019 12 16
3.000000
days from file reference point
5
1 1 1 1 1
999.999999 999.999 9.999 999.999 9.999
end_time of measurement, days from the file reference point
pm10_mass, ug/m3, Matrix=pm10
numflag pm10_mass, no unit, Matrix=pm10
pm25_mass, ug/m3, Matrix=pm25
numflag pm25_mass, no unit, Matrix=pm25
0
33
Data definition:              EBAS_1.1
Set type code:                TU
Timezone:                     UTC
File name:                    US0098R.20100102080000.20191216000000.filterpack...52w.3d.US03L_filterpack_US0098.US03L_IMPROVE_Davis.lev2.nas
File creation:                20191218120209
Startdate:                    20100102080000
Revision date:                20191216000000
Version:                      2
Version description:          "Data extracted from http://views.cira.colostate.edu/fed/DataWizard 2019-12-16"
Statistics:                   arithmetic mean
Data level:                   2
Period code:                  52w
Resolution code:              3d
Sample duration:              1d
Orig. time res.:              3d
Station code:                 US0098R
Platform code:                US0098S
Station name:                 Point Reyes National Seashore
Station latitude:             38.1224
Station longitude:            -122.9085
Station altitude:             97.0 m
Regime:                       IMG
Component:                    
Unit:                         ug/m3
Matrix:                       
Laboratory code:              US03L
Instrument type:              filterpack
Instrument name:              filterpack_US0098
Method ref:                   US03L_IMPROVE_Davis
Blank correction:             Blank corrected
Volume std. temperature:      ambient
Volume std. pressure:         ambient
starttime endtime PM10 flag_PM10 PM2.5 flag_PM2.5
  1.333333   2.333333   3.820 0.000   2.373 0.000
  4.333333   5.333333  15.274 0.000  13.329 0.000
  7.333333   8.333333  19.357 0.000  19.321 0.000
 10.333333  11.333333  13.468 0.000  11.653 0.000
 13.333333  14.333333  16.714 0.000   4.414 0.000
 16.333333  17.333333   5.014 0.000   2.094 0.000
 19.333333  20.333333  13.934 0.000   5.288 0.000
 22.333333  23.333333  13.899 0.000   4.135 0.000
 25.333333  26.333333   4.018 0.000   2.806 0.000
 28.333333  29.333333  16.307 0.000  12.421 0.000
 31.333333  32.333333  11.887 0.000   7.202 0.000
 34.333333  35.333333   8.585 0.000   3.672 0.000
 37.333333  38.333333  14.897 0.000   5.105 0.000
 40.333333  41.333333  13.095 0.000   3.263 0.000
 43.333333  44.333333  12.370 0.000   4.430 0.000
 46.333333  47.333333   8.260 0.000   4.121 0.000
 49.333333  50.333333   8.491 0.000   3.671 0.000
 52.333333  53.333333   7.257 0.000   3.264 0.000
 55.333333  56.333333  10.390 0.000   4.866 0.000
 58.333333  59.333333  22.877 0.000   8.227 0.000
 61.333333  62.333333   8.136 0.000   2.611 0.000
 64.333333  65.333333  11.705 0.000   4.255 0.000
 67.333333  68.333333  12.646 0.000   3.684 0.000
 70.333333  71.333333   9.292 0.000   3.429 0.000
 73.333333  74.333333  15.778 0.000   6.068 0.000
 76.333333  77.333333  18.847 0.000   7.056 0.000
 79.333333  80.333333  11.858 0.000   5.059 0.000
 82.333333  83.333333  12.522 0.000   4.937 0.000
 85.333333  86.333333  13.095 0.000   5.419 0.000
 88.333333  89.333333 999.999 0.456   5.526 0.000
 91.333333  92.333333  14.159 0.000   4.641 0.000
 94.333333  95.333333  10.333 0.000   3.003 0.000
 97.333333  98.333333  25.640 0.000   9.570 0.000
100.333333 101.333333  13.114 0.000   6.183 0.000
103.333333 104.333333  14.919 0.000   5.568 0.000
106.333333 107.333333  12.929 0.000   4.324 0.000
109.333333 110.333333   7.725 0.000   2.513 0.000
112.333333 113.333333  30.461 0.000  12.913 0.000
115.333333 116.333333  12.848 0.000   5.300 0.000
118.333333 119.333333  12.188 0.000   4.477 0.000
121.333333 122.333333  23.807 0.000   9.295 0.000
124.333333 125.333333 999.999 0.999 999.999 0.999
127.333333 128.333333  11.127 0.000   4.506 0.000
130.333333 131.333333  18.732 0.000   6.283 0.000
133.333333 134.333333  10.131 0.000   5.251 0.000
136.333333 137.333333   3.291 0.000   2.228 0.000
139.333333 140.333333  17.352 0.000   6.265 0.000
142.333333 143.333333  13.543 0.000   4.240 0.000
145.333333 146.333333   8.297 0.000   3.137 0.000
148.333333 149.333333  17.490 0.000   6.242 0.000
151.333333 152.333333   5.952 0.000   2.566 0.000
154.333333 155.333333   2.165 0.000   1.522 0.000
157.333333 158.333333  11.806 0.000   4.766 0.000
160.333333 161.333333  20.382 0.000   8.769 0.000
163.333333 164.333333  25.549 0.000  12.762 0.000
166.333333 167.333333  32.308 0.000  12.222 0.000
169.333333 170.333333  14.581 0.000   5.814 0.000
172.333333 173.333333  11.663 0.000   5.479 0.000
175.333333 176.333333   3.533 0.000   1.765 0.000
178.333333 179.333333  24.706 0.000   9.954 0.000
181.333333 182.333333  20.872 0.000   8.051 0.000
184.333333 185.333333  24.661 0.000  11.638 0.000
187.333333 188.333333 999.999 0.456   4.157 0.000
190.333333 191.333333 999.999 0.456   1.858 0.000
193.333333 194.333333  10.594 0.000   5.756 0.000
196.333333 197.333333 999.999 0.456   4.488 0.000
199.333333 200.333333 999.999 0.456  12.630 0.000
202.333333 203.333333   5.557 0.000   3.850 0.000
205.333333 206.333333   5.461 0.000   3.992 0.000
208.333333 209.333333   3.562 0.000   1.972 0.000
211.333333 212.333333   9.353 0.000   3.712 0.000
214.333333 215.333333   2.502 0.000   1.400 0.000
217.333333 218.333333   1.886 0.000   1.020 0.000
220.333333 221.333333   2.168 0.000   1.375 0.000
223.333333 224.333333   1.555 0.000   0.566 0.000
226.333333 227.333333   3.213 0.000   1.554 0.000
229.333333 230.333333   3.404 0.000   1.794 0.000
232.333333 233.333333   7.460 0.000   3.040 0.000
235.333333 236.333333  21.520 0.000   7.798 0.000
238.333333 239.333333  24.618 0.000  10.152 0.000
241.333333 242.333333   8.973 0.000   3.566 0.000
244.333333 245.333333  13.094 0.000   5.298 0.000
247.333333 248.333333  35.394 0.000  13.270 0.000
250.333333 251.333333   4.180 0.000   1.943 0.000
253.333333 254.333333   5.632 0.000   1.559 0.000
256.333333 257.333333   4.753 0.000   2.186 0.000
259.333333 260.333333   1.183 0.000   0.865 0.000
262.333333 263.333333   6.812 0.000   2.549 0.000
265.333333 266.333333  10.181 0.000   4.253 0.000
268.333333 269.333333   7.992 0.000   3.229 0.000
271.333333 272.333333   7.323 0.000   2.786 0.000
274.333333 275.333333   4.428 0.000   1.981 0.000
277.333333 278.333333  24.864 0.000  10.926 0.000
280.333333 281.333333   6.645 0.000   2.670 0.000
283.333333 284.333333 999.999 0.456 999.999 0.456
286.333333 287.333333 999.999 0.456 999.999 0.456
289.333333 290.333333 999.999 0.456 999.999 0.456
292.333333 293.333333  12.133 0.000   6.015 0.000
295.333333 296.333333   3.395 0.000   1.612 0.000
298.333333 299.333333  22.216 0.000   7.721 0.000
301.333333 302.333333   8.541 0.000   4.455 0.000
304.333333 305.333333   6.430 0.000   2.300 0.000
307.333333 308.333333  19.854 0.000   9.396 0.000
310.333333 311.333333   5.603 0.000   2.388 0.000
313.333333 314.333333  14.921 0.000   5.250 0.000
316.333333 317.333333  23.093 0.000   8.142 0.000
319.333333 320.333333  20.911 0.000   7.955 0.000
322.333333 323.333333   7.353 0.000   3.130 0.000
325.333333 326.333333   8.495 0.000   3.043 0.000
328.333333 329.333333   4.046 0.000   2.346 0.000
331.333333 332.333333   9.883 0.000   2.908 0.000
334.333333 335.333333  13.819 0.000   9.039 0.000
337.333333 338.333333   7.237 0.000   3.992 0.000
340.333333 341.333333  10.091 0.000   4.926 0.000
343.333333 344.333333   1.341 0.000   0.530 0.000
346.333333 347.333333  11.242 0.000   5.850 0.000
349.333333 350.333333 999.999 0.999 999.999 0.999
352.333333 353.333333 999.999 0.999 999.999 0.999
355.333333 356.333333   5.768 0.000   1.555 0.000
358.333333 359.333333   6.539 0.000   2.404 0.000
361.333333 362.333333   8.255 0.000 999.999 0.999
364.333333 365.333333   3.820 0.000   2.675 0.000
