scripts/IMPROVE-2019_partial/data/US0064R.20100102080000.20191216000000.filterpack...52w.3d.US03L_filterpack_US0064.US03L_IMPROVE_Davis.lev2.nas
52 1001
MISSING INFORMATION
US03L, IMPROVE, , , , , , , 
MISSING INFORMATION
IMPROVE sel_HTAP
1 1
2010 01 01 2019 12 16
3.000000
days from file reference point
5
1 1 1 1 1
999.999999 999.999 9.999 999.999 9.999
end_time of measurement, days from the file reference point
pm10_mass, ug/m3, Matrix=pm10
numflag pm10_mass, no unit, Matrix=pm10
pm25_mass, ug/m3, Matrix=pm25
numflag pm25_mass, no unit, Matrix=pm25
0
33
Data definition:              EBAS_1.1
Set type code:                TU
Timezone:                     UTC
File name:                    US0064R.20100102080000.20191216000000.filterpack...52w.3d.US03L_filterpack_US0064.US03L_IMPROVE_Davis.lev2.nas
File creation:                20191218115938
Startdate:                    20100102080000
Revision date:                20191216000000
Version:                      2
Version description:          "Data extracted from http://views.cira.colostate.edu/fed/DataWizard 2019-12-16"
Statistics:                   arithmetic mean
Data level:                   2
Period code:                  52w
Resolution code:              3d
Sample duration:              1d
Orig. time res.:              3d
Station code:                 US0064R
Platform code:                US0064S
Station name:                 Jarbidge Wilderness
Station latitude:             41.8926
Station longitude:            -115.4261
Station altitude:             1869.0 m
Regime:                       IMG
Component:                    
Unit:                         ug/m3
Matrix:                       
Laboratory code:              US03L
Instrument type:              filterpack
Instrument name:              filterpack_US0064
Method ref:                   US03L_IMPROVE_Davis
Blank correction:             Blank corrected
Volume std. temperature:      ambient
Volume std. pressure:         ambient
starttime endtime PM10 flag_PM10 PM2.5 flag_PM2.5
  1.333333   2.333333   0.734 0.000   0.787 0.000
  4.333333   5.333333   0.449 0.000   0.645 0.000
  7.333333   8.333333   0.538 0.000   0.360 0.000
 10.333333  11.333333   0.577 0.000   0.544 0.000
 13.333333  14.333333   0.497 0.000   0.575 0.000
 16.333333  17.333333   0.818 0.000   0.359 0.000
 19.333333  20.333333   2.187 0.000   0.599 0.000
 22.333333  23.333333   0.749 0.000 999.999 0.259
 25.333333  26.333333   0.813 0.000   0.818 0.000
 28.333333  29.333333   1.192 0.000   0.792 0.000
 31.333333  32.333333   0.626 0.000   0.356 0.000
 34.333333  35.333333   0.730 0.000   0.778 0.000
 37.333333  38.333333   1.110 0.000   1.118 0.000
 40.333333  41.333333   1.829 0.000   1.459 0.000
 43.333333  44.333333   1.835 0.000   0.713 0.000
 46.333333  47.333333   7.569 0.000   2.572 0.000
 49.333333  50.333333   2.399 0.000   1.539 0.000
 52.333333  53.333333   2.505 0.000   1.541 0.000
 55.333333  56.333333   1.149 0.000   0.716 0.000
 58.333333  59.333333   0.451 0.000   0.885 0.000
 61.333333  62.333333   1.516 0.000   1.107 0.000
 64.333333  65.333333   1.925 0.000   0.489 0.000
 67.333333  68.333333   2.599 0.000   2.164 0.000
 70.333333  71.333333   3.898 0.000   2.142 0.000
 73.333333  74.333333   2.884 0.000   1.998 0.000
 76.333333  77.333333   3.758 0.000   1.796 0.000
 79.333333  80.333333  10.393 0.000   4.677 0.000
 82.333333  83.333333   8.102 0.000   5.631 0.000
 85.333333  86.333333   3.220 0.000   1.957 0.000
 88.333333  89.333333  19.008 0.000   4.934 0.000
 91.333333  92.333333   2.160 0.000   0.858 0.000
 94.333333  95.333333   7.320 0.000   3.598 0.000
 97.333333  98.333333   4.284 0.000   2.043 0.000
100.333333 101.333333  10.632 0.000   5.742 0.000
103.333333 104.333333   1.927 0.000   0.982 0.000
106.333333 107.333333   8.514 0.000   3.976 0.000
109.333333 110.333333  10.301 0.000   4.695 0.000
112.333333 113.333333   3.811 0.000   2.196 0.000
115.333333 116.333333   8.479 0.000   4.693 0.000
118.333333 119.333333   1.244 0.000   0.399 0.000
121.333333 122.333333   2.059 0.000   0.975 0.000
124.333333 125.333333   5.009 0.000   2.098 0.000
127.333333 128.333333   3.458 0.000   1.443 0.000
130.333333 131.333333   2.008 0.000   0.728 0.000
133.333333 134.333333   4.370 0.000   2.180 0.000
136.333333 137.333333  13.979 0.000   3.766 0.000
139.333333 140.333333   7.224 0.000   1.987 0.000
142.333333 143.333333   1.573 0.000   0.911 0.000
145.333333 146.333333   5.348 0.000   2.633 0.000
148.333333 149.333333   1.483 0.000   0.988 0.000
151.333333 152.333333   3.591 0.000   1.570 0.000
154.333333 155.333333   2.825 0.000   1.367 0.000
157.333333 158.333333   4.859 0.000   2.278 0.000
160.333333 161.333333   3.769 0.000   1.713 0.000
163.333333 164.333333   5.445 0.000   1.738 0.000
166.333333 167.333333   4.479 0.000   2.132 0.000
169.333333 170.333333  12.584 0.000   3.046 0.000
172.333333 173.333333   5.293 0.000   1.938 0.000
175.333333 176.333333  18.176 0.000   5.157 0.000
178.333333 179.333333   8.452 0.000   2.388 0.000
181.333333 182.333333   9.840 0.000   3.592 0.000
184.333333 185.333333   7.425 0.000   2.478 0.000
187.333333 188.333333  13.207 0.000   3.723 0.000
190.333333 191.333333  12.880 0.000   3.620 0.000
193.333333 194.333333   8.929 0.000   2.795 0.000
196.333333 197.333333   8.753 0.000   3.646 0.000
199.333333 200.333333   8.118 0.000   2.720 0.000
202.333333 203.333333   9.350 0.000   6.181 0.000
205.333333 206.333333  47.137 0.000   7.638 0.000
208.333333 209.333333  12.792 0.000   4.795 0.000
211.333333 212.333333   6.981 0.000   3.008 0.000
214.333333 215.333333   7.566 0.000   3.150 0.000
217.333333 218.333333  12.030 0.000   4.833 0.000
220.333333 221.333333   9.210 0.000   4.091 0.000
223.333333 224.333333   8.655 0.000   3.307 0.000
226.333333 227.333333  17.683 0.000   5.090 0.000
229.333333 230.333333  10.856 0.000   4.234 0.000
232.333333 233.333333  11.987 0.000   3.693 0.000
235.333333 236.333333  13.169 0.000   4.097 0.000
238.333333 239.333333  31.321 0.000  10.411 0.000
241.333333 242.333333   4.793 0.000   3.140 0.000
244.333333 245.333333  13.874 0.000   3.777 0.000
247.333333 248.333333  14.193 0.000   3.545 0.000
250.333333 251.333333  13.918 0.000   6.027 0.000
253.333333 254.333333   2.979 0.000   1.504 0.000
256.333333 257.333333   8.785 0.000   3.531 0.000
259.333333 260.333333   6.172 0.000   3.244 0.000
262.333333 263.333333   4.436 0.000   1.461 0.000
265.333333 266.333333   6.079 0.000   3.680 0.000
268.333333 269.333333   5.467 0.000   2.531 0.000
271.333333 272.333333  12.042 0.000   5.813 0.000
274.333333 275.333333  15.456 0.000   5.392 0.000
277.333333 278.333333   4.805 0.000   3.774 0.000
280.333333 281.333333   3.791 0.000   3.120 0.000
283.333333 284.333333   3.009 0.000   2.089 0.000
286.333333 287.333333   5.496 0.000   3.189 0.000
289.333333 290.333333   8.396 0.000   3.093 0.000
292.333333 293.333333   7.665 0.000   3.020 0.000
295.333333 296.333333   2.329 0.000   1.239 0.000
298.333333 299.333333   1.737 0.000   0.739 0.000
301.333333 302.333333   3.316 0.000   1.838 0.000
304.333333 305.333333   1.577 0.000   1.190 0.000
307.333333 308.333333   3.384 0.000 999.999 0.456
310.333333 311.333333   4.846 0.000   1.984 0.000
313.333333 314.333333   0.576 0.000   0.553 0.000
316.333333 317.333333   1.439 0.000   1.166 0.000
319.333333 320.333333   2.403 0.000   1.070 0.000
322.333333 323.333333   4.669 0.000   1.495 0.000
325.333333 326.333333   2.665 0.000   0.390 0.000
328.333333 329.333333   0.884 0.000   0.766 0.000
331.333333 332.333333   1.032 0.000   0.600 0.000
334.333333 335.333333   0.696 0.000   0.321 0.000
337.333333 338.333333   0.818 0.000   0.835 0.000
340.333333 341.333333   0.369 0.000   0.319 0.000
343.333333 344.333333   0.660 0.000   0.321 0.000
346.333333 347.333333   0.779 0.000   0.540 0.000
349.333333 350.333333 999.999 0.999 999.999 0.999
352.333333 353.333333 999.999 0.999 999.999 0.999
355.333333 356.333333   0.535 0.000   0.550 0.000
358.333333 359.333333   1.384 0.000   1.269 0.000
361.333333 362.333333   1.113 0.000   0.676 0.000
364.333333 365.333333   1.658 0.000   1.337 0.000
