scripts/IMPROVE-2019_partial/data/US0011R.20090101060000.20191216000000.filterpack...52w.3d.US03L_filterpack_US0011.US03L_IMPROVE_Davis.lev2.nas
52 1001
MISSING INFORMATION
US03L, IMPROVE, , , , , , , 
MISSING INFORMATION
IMPROVE sel_HTAP
1 1
2009 01 01 2019 12 16
3.00
days from file reference point
5
1 1 1 1 1
999.99 999.999 9.999 999.999 9.999
end_time of measurement, days from the file reference point
pm10_mass, ug/m3, Matrix=pm10
numflag pm10_mass, no unit, Matrix=pm10
pm25_mass, ug/m3, Matrix=pm25
numflag pm25_mass, no unit, Matrix=pm25
0
33
Data definition:              EBAS_1.1
Set type code:                TU
Timezone:                     UTC
File name:                    US0011R.20090101060000.20191216000000.filterpack...52w.3d.US03L_filterpack_US0011.US03L_IMPROVE_Davis.lev2.nas
File creation:                20191218115608
Startdate:                    20090101060000
Revision date:                20191216000000
Version:                      2
Version description:          "Data extracted from http://views.cira.colostate.edu/fed/DataWizard 2019-12-16"
Statistics:                   arithmetic mean
Data level:                   2
Period code:                  52w
Resolution code:              3d
Sample duration:              1d
Orig. time res.:              3d
Station code:                 US0011R
Platform code:                US0011S
Station name:                 Caney Creek
Station latitude:             34.4544
Station longitude:            -94.1429
Station altitude:             683.0 m
Regime:                       IMG
Component:                    
Unit:                         ug/m3
Matrix:                       
Laboratory code:              US03L
Instrument type:              filterpack
Instrument name:              filterpack_US0011
Method ref:                   US03L_IMPROVE_Davis
Blank correction:             Blank corrected
Volume std. temperature:      ambient
Volume std. pressure:         ambient
starttime endtime PM10 flag_PM10 PM2.5 flag_PM2.5
  0.25   1.25   9.088 0.000   5.546 0.000
  3.25   4.25  12.550 0.000   9.418 0.000
  6.25   7.25   9.365 0.000   2.143 0.000
  9.25  10.25  17.687 0.000  11.909 0.000
 12.25  13.25  10.204 0.000   4.202 0.000
 15.25  16.25   8.879 0.000   4.606 0.000
 18.25  19.25  11.274 0.000   6.389 0.000
 21.25  22.25  23.930 0.000  10.473 0.000
 24.25  25.25  15.399 0.000   9.548 0.000
 27.25  28.25   8.081 0.000   6.590 0.000
 30.25  31.25   5.653 0.000   1.759 0.000
 33.25  34.25   6.199 0.000   2.600 0.000
 36.25  37.25  10.096 0.000   5.630 0.000
 39.25  40.25   3.446 0.000   2.451 0.000
 42.25  43.25   4.145 0.000   2.710 0.000
 45.25  46.25  13.577 0.000  11.237 0.000
 48.25  49.25   9.353 0.000   4.248 0.000
 51.25  52.25  10.233 0.000   6.706 0.000
 54.25  55.25  12.433 0.000   7.311 0.000
 57.25  58.25  15.764 0.000  10.042 0.000
 60.25  61.25   9.508 0.000   6.583 0.000
 63.25  64.25  14.710 0.000   7.648 0.000
 66.25  67.25  12.906 0.000   6.784 0.000
 69.25  70.25   2.829 0.000   2.298 0.000
 72.25  73.25   4.430 0.000   3.137 0.000
 75.25  76.25  11.537 0.000   7.508 0.000
 78.25  79.25   7.867 0.000   3.836 0.000
 81.25  82.25  19.240 0.000   9.548 0.000
 84.25  85.25   4.989 0.000   2.442 0.000
 87.25  88.25   8.134 0.000   3.581 0.000
 90.25  91.25   8.697 0.000   4.085 0.000
 93.25  94.25  15.100 0.000   8.503 0.000
 96.25  97.25  10.566 0.000   5.128 0.000
 99.25 100.25  16.477 0.000   7.927 0.000
102.25 103.25   4.994 0.000   2.960 0.000
105.25 106.25  14.760 0.000   7.045 0.000
108.25 109.25 999.999 0.999 999.999 0.999
111.25 112.25 999.999 0.999 999.999 0.999
114.25 115.25  17.438 0.000   9.544 0.000
117.25 118.25  14.448 0.000   6.894 0.000
120.25 121.25  16.581 0.000  10.157 0.000
123.25 124.25   5.968 0.000   4.373 0.000
126.25 127.25  23.023 0.000  14.486 0.000
129.25 130.25   4.788 0.000   1.440 0.000
132.25 133.25  20.376 0.000  10.275 0.000
135.25 136.25  10.987 0.000   4.557 0.000
138.25 139.25  14.715 0.000   5.155 0.000
141.25 142.25  15.116 0.000   6.754 0.000
144.25 145.25   8.415 0.000   5.096 0.000
147.25 148.25   8.729 0.000   4.440 0.000
150.25 151.25  14.681 0.000   9.929 0.000
153.25 154.25   9.537 0.000   5.989 0.000
156.25 157.25  13.676 0.000   8.223 0.000
159.25 160.25  17.038 0.000   9.789 0.000
162.25 163.25  15.166 0.000   9.925 0.000
165.25 166.25  16.731 0.000  12.108 0.000
168.25 169.25  13.793 0.000   8.553 0.000
171.25 172.25  12.194 0.000   7.465 0.000
174.25 175.25  16.824 0.000  10.953 0.000
177.25 178.25  26.244 0.000  18.044 0.000
180.25 181.25  22.411 0.000   9.626 0.000
183.25 184.25  18.801 0.000   9.158 0.000
186.25 187.25   9.420 0.000   5.441 0.000
189.25 190.25  25.169 0.000  16.007 0.000
192.25 193.25  28.459 0.000  13.481 0.000
195.25 196.25  26.015 0.000  13.036 0.000
198.25 199.25  18.102 0.000   5.290 0.000
201.25 202.25  18.180 0.000   5.036 0.000
204.25 205.25  12.939 0.000   6.775 0.000
207.25 208.25  12.023 0.000   6.787 0.000
210.25 211.25   4.943 0.000   2.332 0.000
213.25 214.25  13.241 0.000   7.683 0.000
216.25 217.25  18.642 0.000   9.885 0.000
219.25 220.25  17.223 0.000  11.306 0.000
222.25 223.25   6.535 0.000   2.246 0.000
225.25 226.25  20.060 0.000  14.152 0.000
228.25 229.25  12.139 0.000   8.129 0.000
231.25 232.25   7.076 0.000   3.961 0.000
234.25 235.25   7.272 0.000   3.978 0.000
237.25 238.25  16.071 0.000  10.866 0.000
240.25 241.25   7.718 0.000   3.285 0.000
243.25 244.25  14.950 0.000   7.088 0.000
246.25 247.25  21.494 0.000  16.593 0.000
249.25 250.25  13.716 0.000   8.038 0.000
252.25 253.25   8.371 0.000   5.527 0.000
255.25 256.25   5.402 0.000   3.987 0.000
258.25 259.25   1.613 0.000   0.302 0.000
261.25 262.25  11.958 0.000   9.071 0.000
264.25 265.25   3.979 0.000   1.771 0.000
267.25 268.25   7.133 0.000   3.627 0.000
270.25 271.25  15.246 0.000   4.270 0.000
273.25 274.25  16.557 0.000   7.238 0.000
276.25 277.25   3.237 0.000   1.716 0.000
279.25 280.25   6.734 0.000   2.619 0.000
282.25 283.25   1.973 0.000   1.006 0.000
285.25 286.25   0.407 0.000   0.151 0.000
288.25 289.25   6.049 0.000   3.044 0.000
291.25 292.25   9.796 0.000   6.244 0.000
294.25 295.25   1.624 0.000   0.856 0.000
297.25 298.25   6.665 0.000   3.796 0.000
300.25 301.25   5.341 0.000   3.672 0.000
303.25 304.25   2.815 0.000   1.620 0.000
306.25 307.25   9.955 0.000   5.077 0.000
309.25 310.25  18.351 0.000  13.162 0.000
312.25 313.25  14.995 0.000   8.984 0.000
315.25 316.25  86.064 0.000 999.999 0.456
318.25 319.25 999.999 0.999 999.999 0.999
321.25 322.25 999.999 0.999 999.999 0.999
324.25 325.25 999.999 0.999 999.999 0.999
327.25 328.25 999.999 0.999 999.999 0.999
330.25 331.25   8.006 0.000   2.573 0.000
333.25 334.25   6.267 0.000   4.057 0.000
336.25 337.25   8.811 0.000   3.807 0.000
339.25 340.25   5.637 0.000   4.020 0.000
342.25 343.25   7.300 0.000   5.225 0.000
345.25 346.25   2.081 0.000   1.078 0.000
348.25 349.25  12.509 0.000   8.929 0.000
351.25 352.25  11.048 0.000   6.249 0.000
354.25 355.25   8.296 0.000   4.826 0.000
357.25 358.25   0.448 0.000   0.414 0.000
360.25 361.25   5.710 0.000   2.514 0.000
363.25 364.25   3.392 0.000   2.248 0.000
