scripts/IMPROVE-2019_partial/data/US0025R.20050101080000.20191216000000.filterpack..pm25.52w.1w.US03L_filterpack_US0025.US03L_IMPROVE_Davis.lev2.nas
66 1001
MISSING INFORMATION
US03L, IMPROVE, , , , , , , 
MISSING INFORMATION
IMPROVE sel_HTAP
1 1
2005 01 01 2019 12 16
3.000000
days from file reference point
27
1 1 1 1 1 1 1 1 1 1 1 1 1 1 1 1 1 1 1 1 1 1 1 1 1 1 1
999.999999 9999.99 9.999 99.99 9.999 9.999 9.999999 99.99 9.999 99.999 9.999 99.999 9.999 99.999 9.999 999.99 9.999999 999.999 9.999 999.999 9.999 999.999 9.999 9.999 9.999 99.999 9.999
end_time of measurement, days from the file reference point
iron, ng/m3, Revision date=20181210133000
numflag iron, no unit, Revision date=20181210133000
lead, ng/m3, Revision date=20181210133000
numflag lead, no unit, Revision date=20181210133000
magnesium, ug/m3, Revision date=20181210133000
numflag magnesium, no unit, Revision date=20181210133000
nickel, ng/m3, Revision date=20181210133000
numflag nickel, no unit, Revision date=20181210133000
nitrate, ug N/m3, Revision date=20181210133000
numflag nitrate, no unit, Revision date=20181210133000
organic_carbon, ug C/m3, Revision date=20181210133000
numflag organic_carbon, no unit, Revision date=20181210133000
organic_mass, ug/m3, Revision date=20181210133000
numflag organic_mass, no unit, Revision date=20181210133000
phosphorus, ng/m3, Revision date=20181210133000
numflag phosphorus, no unit, Revision date=20181210133000
pm10_mass, ug/m3, Version=2, Version description=Data extracted from http://views.cira.colostate.edu/fed/DataWizard 2019-12-16, Sample duration=1d, Orig. time res.=3d, Matrix=pm10, Blank correction=Blank corrected, Volume std. temperature=ambient, Volume std. pressure=ambient
numflag pm10_mass, no unit, Version=2, Version description=Data extracted from http://views.cira.colostate.edu/fed/DataWizard 2019-12-16, Sample duration=1d, Orig. time res.=3d, Matrix=pm10, Blank correction=Blank corrected, Volume std. temperature=ambient, Volume std. pressure=ambient
pm10_pm25_mass, ug/m3, Revision date=20181210133000, Matrix=pm10_pm25
numflag pm10_pm25_mass, no unit, Revision date=20181210133000, Matrix=pm10_pm25
pm25_mass, ug/m3, Version=2, Version description=Data extracted from http://views.cira.colostate.edu/fed/DataWizard 2019-12-16, Sample duration=1d, Orig. time res.=3d, Blank correction=Blank corrected, Volume std. temperature=ambient, Volume std. pressure=ambient
numflag pm25_mass, no unit, Version=2, Version description=Data extracted from http://views.cira.colostate.edu/fed/DataWizard 2019-12-16, Sample duration=1d, Orig. time res.=3d, Blank correction=Blank corrected, Volume std. temperature=ambient, Volume std. pressure=ambient
potassium, ug/m3, Revision date=20181210133000
numflag potassium, no unit, Revision date=20181210133000
sulphate_total, ug S/m3, Revision date=20181210133000
numflag sulphate_total, no unit, Revision date=20181210133000
0
25
Data definition:              EBAS_1.1
Set type code:                TU
Timezone:                     UTC
File name:                    US0025R.20050101080000.20191216000000.filterpack..pm25.52w.1w.US03L_filterpack_US0025.US03L_IMPROVE_Davis.lev2.nas
File creation:                20191218115706
Startdate:                    20050101080000
Revision date:                20191216000000
Statistics:                   arithmetic mean
Data level:                   2
Period code:                  52w
Resolution code:              1w
Station code:                 US0025R
Platform code:                US0025S
Station name:                 Agua Tibia
Station latitude:             33.4636
Station longitude:            -116.9706
Station altitude:             507.0 m
Regime:                       IMG
Component:                    
Matrix:                       pm25
Laboratory code:              US03L
Instrument type:              filterpack
Instrument name:              filterpack_US0025
Method ref:                   US03L_IMPROVE_Davis
starttime endtime Fe flag_Fe Pb flag_Pb Mg++ flag_Mg++ Ni flag_Ni NO3- flag_NO3- OC flag_OC OM flag_OM P flag_P PM10 flag_PM10 PM10-PM2.5 flag_PM10-PM2.5 PM2.5 flag_PM2.5 K+ flag_K+ SO4-- flag_SO4--
[from data line 82]
246.333333 247.333333   46.69 0.000  1.31 0.000 9.999 0.259000  0.55 0.000  0.051 0.000  1.250 0.000  2.251 0.000 999.99 0.259000  12.912 0.000   6.570 0.000   6.341 0.000 0.032 0.000  0.726 0.000
249.333333 250.333333   56.29 0.000  1.18 0.000 9.999 0.259000  0.41 0.000  0.139 0.000  0.898 0.000  1.617 0.000 999.99 0.259000  14.760 0.000   9.873 0.000   4.887 0.000 0.029 0.000  0.386 0.000
252.333333 253.333333   49.26 0.000  1.16 0.000 0.010 0.000000  0.50 0.000  0.181 0.000  0.964 0.000  1.735 0.000 999.99 0.259000  14.184 0.000   8.601 0.000   5.584 0.000 0.030 0.000  0.641 0.000
255.333333 256.333333   38.57 0.000  1.94 0.000 9.999 0.259000  0.49 0.000  0.424 0.000  2.171 0.000  3.908 0.000 999.99 0.259000  21.401 0.000  11.748 0.000   9.794 0.000 0.158 0.000  0.858 0.000
258.333333 259.333333   39.91 0.000  1.79 0.000 9.999 0.259000  0.73 0.000  0.376 0.000  1.627 0.000  2.930 0.000 999.99 0.259000  19.107 0.000   9.065 0.000  10.043 0.000 0.032 0.000  1.215 0.000
261.333333 262.333333   80.54 0.000  3.05 0.000 9.999 0.259000  0.53 0.000  0.220 0.000  2.183 0.000  3.929 0.000 999.99 0.259000  23.143 0.000  13.517 0.000   9.626 0.000 0.065 0.000  0.914 0.000
264.333333 265.333333   49.87 0.000  2.05 0.000 9.999 0.259000  0.40 0.000  0.073 0.000  1.517 0.000  2.730 0.000 999.99 0.259000  10.382 0.000   4.587 0.000   5.794 0.000 0.041 0.000  0.512 0.000
267.333333 268.333333   28.37 0.000  1.21 0.000 9.999 0.259000  0.42 0.000  0.244 0.000  1.202 0.000  2.164 0.000 999.99 0.259000  12.930 0.000   6.846 0.000   6.084 0.000 0.034 0.000  0.552 0.000
270.333333 271.333333   55.19 0.394  1.61 0.394 9.999 0.394259  0.38 0.394  0.069 0.394  1.093 0.000  1.968 0.000 999.99 0.394259  10.485 0.000   6.736 0.000   3.830 0.000 0.029 0.394  0.235 0.394
273.333333 274.333333   84.16 0.000  3.18 0.000 0.025 0.000000  2.63 0.000  0.104 0.000  1.954 0.000  3.518 0.000 999.99 0.259000  19.341 0.000  10.349 0.000   8.991 0.000 0.086 0.000  0.881 0.000
276.333333 277.333333   67.13 0.000  1.40 0.000 9.999 0.259000  0.56 0.000  0.182 0.000  1.166 0.000  2.099 0.000 999.99 0.259000  16.586 0.000  11.290 0.000   5.440 0.000 0.045 0.000  0.448 0.000
279.333333 280.333333   63.65 0.000  2.69 0.000 9.999 0.259000  0.27 0.000  0.132 0.000  3.190 0.000  5.742 0.000 999.99 0.259000  18.060 0.000   8.138 0.000   9.922 0.000 0.377 0.000  0.350 0.000
282.333333 283.333333   59.28 0.000  1.89 0.000 0.037 0.000000  0.82 0.000  0.269 0.000  1.585 0.000  2.854 0.000 999.99 0.259000  18.827 0.000  11.651 0.000   7.176 0.000 0.039 0.000  0.515 0.000
285.333333 286.333333   70.70 0.000  1.18 0.000 0.016 0.000000  0.53 0.000  0.075 0.000  1.352 0.000  2.433 0.000 999.99 0.259000  11.997 0.000   7.121 0.000   4.876 0.000 0.043 0.000  0.331 0.000
288.333333 289.333333   12.96 0.000  0.62 0.000 0.028 0.000000  0.51 0.000  0.113 0.000  0.812 0.000  1.462 0.000 999.99 0.259000   6.780 0.000   3.037 0.000   3.744 0.000 0.030 0.000  0.371 0.000
291.333333 292.333333 9999.99 0.999 99.99 0.999 9.999 0.999000 99.99 0.999 99.999 0.999 99.999 0.999 99.999 0.999 999.99 0.999000 999.999 0.999 999.999 0.999 999.999 0.999 9.999 0.999 99.999 0.999
294.333333 295.333333 9999.99 0.456 99.99 0.456 9.999 0.456000 99.99 0.456  1.958 0.000  2.723 0.000  4.902 0.000 999.99 0.456000  17.744 0.000 999.999 0.456 999.999 0.456 9.999 0.456  0.684 0.000
297.333333 298.333333   12.17 0.000  0.62 0.000 9.999 0.259000  0.31 0.000  0.097 0.000  0.747 0.000  1.345 0.000 999.99 0.259000   5.240 0.000   2.027 0.000   3.281 0.000 0.011 0.000  0.347 0.000
300.333333 301.333333   20.53 0.000  0.89 0.000 0.021 0.000000  0.62 0.000  0.337 0.000  0.915 0.000  1.646 0.000 999.99 0.259000   8.947 0.000   4.578 0.000   4.369 0.000 0.023 0.000  0.454 0.000
303.333333 304.333333   63.12 0.000  3.14 0.000 0.028 0.000000 99.99 0.259  0.035 0.000  0.607 0.000  1.093 0.000 999.99 0.259000   8.825 0.000   3.628 0.000   5.234 0.000 0.049 0.000  0.595 0.000
306.333333 307.333333   61.75 0.000  2.58 0.000 9.999 0.259000  1.55 0.000  0.506 0.000  1.318 0.000  2.372 0.000 999.99 0.259000  13.421 0.000   7.776 0.000   5.645 0.000 0.042 0.000  0.922 0.000
309.333333 310.333333   71.94 0.000  2.72 0.000 9.999 0.259000  0.96 0.000  0.153 0.000  2.047 0.000  3.686 0.000 999.99 0.259000   8.633 0.000   2.698 0.000   5.935 0.000 0.052 0.000  0.587 0.000
312.333333 313.333333   34.55 0.000  1.04 0.000 9.999 0.259000  0.75 0.000  0.326 0.000  0.747 0.000  1.344 0.000 999.99 0.259000  10.896 0.000   5.895 0.000   5.002 0.000 0.025 0.000  0.586 0.000
315.333333 316.333333   39.28 0.000  1.38 0.000 0.011 0.000000  0.45 0.000  0.531 0.000  1.429 0.000  2.572 0.000 999.99 0.259000   9.623 0.000   3.670 0.000   5.954 0.000 0.027 0.000  0.508 0.000
318.333333 319.333333   42.46 0.000  0.34 0.000 9.999 0.259000 99.99 0.259  0.016 0.000  0.566 0.000  1.019 0.000 999.99 0.259000   7.914 0.000   5.841 0.000   2.074 0.000 0.027 0.000  0.111 0.000
321.333333 322.333333 9999.99 0.999 99.99 0.999 9.999 0.999000 99.99 0.999 99.999 0.999 99.999 0.999 99.999 0.999 999.99 0.999000 999.999 0.999 999.999 0.999 999.999 0.999 9.999 0.999 99.999 0.999
324.333333 325.333333 9999.99 0.456 99.99 0.456 9.999 0.456000 99.99 0.456  0.020 0.000  0.735 0.000  1.324 0.000 999.99 0.456000  15.365 0.000 999.999 0.456 999.999 0.456 9.999 0.456  0.129 0.000
327.333333 328.333333 9999.99 0.456 99.99 0.456 9.999 0.456000 99.99 0.456  0.133 0.000  1.495 0.000  2.691 0.000 999.99 0.456000  13.071 0.000 999.999 0.456 999.999 0.456 9.999 0.456  0.228 0.000
330.333333 331.333333 9999.99 0.456 99.99 0.456 9.999 0.456000 99.99 0.456  0.037 0.000  0.682 0.000  1.228 0.000 999.99 0.456000  25.397 0.000 999.999 0.456 999.999 0.456 9.999 0.456  0.098 0.000
333.333333 334.333333   59.96 0.000  1.13 0.000 9.999 0.259000  0.56 0.000  0.123 0.000  0.818 0.000  1.473 0.000 999.99 0.259000   9.953 0.000   6.486 0.000   3.468 0.000 0.028 0.000  0.153 0.000
336.333333 337.333333   23.01 0.000  0.71 0.000 0.009 0.000000  0.22 0.000  0.207 0.000  0.694 0.000  1.248 0.000 999.99 0.259000   5.955 0.000   3.509 0.000   2.447 0.000 0.020 0.000  0.196 0.000
339.333333 340.333333   44.68 0.000  0.88 0.000 0.013 0.000000  0.11 0.000  0.034 0.000  0.328 0.000  0.590 0.000 999.99 0.259000   7.944 0.000   6.477 0.000   1.548 0.000 0.016 0.000  0.055 0.000
342.333333 343.333333   20.08 0.000  0.57 0.000 9.999 0.259000 99.99 0.259  0.041 0.000  0.375 0.000  0.676 0.000 999.99 0.259000   4.224 0.000   2.964 0.000   1.260 0.000 0.013 0.000  0.066 0.000
345.333333 346.333333   55.91 0.000  2.74 0.000 0.014 0.000000  1.66 0.000  0.275 0.000  1.381 0.000  2.486 0.000 999.99 0.259000  13.819 0.000   7.754 0.000   6.064 0.000 0.063 0.000  0.294 0.000
348.333333 349.333333   56.51 0.000  1.68 0.000 9.999 0.259000  0.68 0.000  0.505 0.000  1.500 0.000  2.700 0.000 999.99 0.259000  13.286 0.000   6.893 0.000   6.393 0.000 0.039 0.000  0.282 0.000
351.333333 352.333333   33.10 0.000  2.32 0.000 9.999 0.259000  0.90 0.000  0.407 0.000  2.152 0.000  3.873 0.000 999.99 0.259000  14.357 0.000   5.774 0.000   8.582 0.000 0.041 0.000  0.703 0.000
354.333333 355.333333   39.53 0.000  0.41 0.000 9.999 0.259000 99.99 0.259  0.030 0.000  0.603 0.000  1.085 0.000 999.99 0.259000   7.415 0.000   5.678 0.000   1.737 0.000 0.019 0.000  0.044 0.000
357.333333 358.333333   17.05 0.000  0.49 0.000 9.999 0.259000 99.99 0.259  0.014 0.000  0.472 0.000  0.850 0.000 999.99 0.259000   4.172 0.000   2.906 0.000   1.266 0.000 0.011 0.000  0.049 0.000
360.333333 361.333333   23.34 0.000  0.64 0.000 9.999 0.259000  0.31 0.000  0.416 0.000  0.764 0.000  1.375 0.000 999.99 0.259000   7.334 0.000   3.776 0.000   3.611 0.000 0.015 0.000  0.310 0.000
363.333333 364.333333  261.39 0.000  1.54 0.000 0.062 0.000000  0.40 0.000  1.402 0.000  1.408 0.000  2.535 0.000 999.99 0.259000  24.557 0.000  16.795 0.000   7.761 0.000 0.104 0.000  0.384 0.000
