scripts/IMPROVE-2019_partial/data/US0086R.20030103050000.20191216000000.filterpack..pm25.1y.1w.US03L_filterpack_US0086.US03L_IMPROVE_Davis.lev2.nas
66 1001
MISSING INFORMATION
US03L, IMPROVE, , , , , , , 
MISSING INFORMATION
IMPROVE sel_HTAP
1 1
2003 01 01 2019 12 16
3.000000
days from file reference point
27
1 1 1 1 1 1 1 1 1 1 1 1 1 1 1 1 1 1 1 1 1 1 1 1 1 1 1
999.999999 99.999 9.999 9999.99 9.999 99.99 9.999 9.999 9.999 9.99 9.999 99.999 9.999 99.999 9.999 99.999 9.999 999.999 9.999 99.999 9.999 999.999 9.999 9.999 9.999 99.999 9.999
end_time of measurement, days from the file reference point
ammonium, ug N/m3, Revision date=20181210133000
numflag ammonium, no unit, Revision date=20181210133000
iron, ng/m3, Revision date=20181210133000
numflag iron, no unit, Revision date=20181210133000
lead, ng/m3, Revision date=20181210133000
numflag lead, no unit, Revision date=20181210133000
magnesium, ug/m3, Revision date=20181210133000
numflag magnesium, no unit, Revision date=20181210133000
nickel, ng/m3, Revision date=20181210133000
numflag nickel, no unit, Revision date=20181210133000
nitrate, ug N/m3, Revision date=20181210133000
numflag nitrate, no unit, Revision date=20181210133000
organic_carbon, ug C/m3, Revision date=20181210133000
numflag organic_carbon, no unit, Revision date=20181210133000
organic_mass, ug/m3, Revision date=20181210133000
numflag organic_mass, no unit, Revision date=20181210133000
pm10_mass, ug/m3, Version=2, Version description=Data extracted from http://views.cira.colostate.edu/fed/DataWizard 2019-12-16, Sample duration=1d, Orig. time res.=3d, Matrix=pm10, Blank correction=Blank corrected, Volume std. temperature=ambient, Volume std. pressure=ambient
numflag pm10_mass, no unit, Version=2, Version description=Data extracted from http://views.cira.colostate.edu/fed/DataWizard 2019-12-16, Sample duration=1d, Orig. time res.=3d, Matrix=pm10, Blank correction=Blank corrected, Volume std. temperature=ambient, Volume std. pressure=ambient
pm10_pm25_mass, ug/m3, Revision date=20181210133000, Matrix=pm10_pm25
numflag pm10_pm25_mass, no unit, Revision date=20181210133000, Matrix=pm10_pm25
pm25_mass, ug/m3, Version=2, Version description=Data extracted from http://views.cira.colostate.edu/fed/DataWizard 2019-12-16, Sample duration=1d, Orig. time res.=3d, Blank correction=Blank corrected, Volume std. temperature=ambient, Volume std. pressure=ambient
numflag pm25_mass, no unit, Version=2, Version description=Data extracted from http://views.cira.colostate.edu/fed/DataWizard 2019-12-16, Sample duration=1d, Orig. time res.=3d, Blank correction=Blank corrected, Volume std. temperature=ambient, Volume std. pressure=ambient
potassium, ug/m3, Revision date=20181210133000
numflag potassium, no unit, Revision date=20181210133000
sulphate_total, ug S/m3, Revision date=20181210133000
numflag sulphate_total, no unit, Revision date=20181210133000
0
25
Data definition:              EBAS_1.1
Set type code:                TU
Timezone:                     UTC
File name:                    US0086R.20030103050000.20191216000000.filterpack..pm25.1y.1w.US03L_filterpack_US0086.US03L_IMPROVE_Davis.lev2.nas
File creation:                20191218120112
Startdate:                    20030103050000
Revision date:                20191216000000
Statistics:                   arithmetic mean
Data level:                   2
Period code:                  1y
Resolution code:              1w
Station code:                 US0086R
Platform code:                US0086S
Station name:                 Dolly Sods Wilderness
Station latitude:             39.1053
Station longitude:            -79.4261
Station altitude:             1182.0 m
Regime:                       IMG
Component:                    
Matrix:                       pm25
Laboratory code:              US03L
Instrument type:              filterpack
Instrument name:              filterpack_US0086
Method ref:                   US03L_IMPROVE_Davis
starttime endtime NH4+ flag_NH4+ Fe flag_Fe Pb flag_Pb Mg++ flag_Mg++ Ni flag_Ni NO3- flag_NO3- OC flag_OC OM flag_OM PM10 flag_PM10 PM10-PM2.5 flag_PM10-PM2.5 PM2.5 flag_PM2.5 K+ flag_K+ SO4-- flag_SO4--
[from data line 85]
257.208333 258.208333  1.110 0.000    9.84 0.000  0.94 0.000 9.999 0.259 9.99 0.259  0.037 0.000  1.396 0.000  1.955 0.000  14.788 0.000  0.899 0.000  13.889 0.000 0.026 0.000  2.314 0.000
260.208333 261.208333  0.532 0.000   13.97 0.000  1.48 0.000 9.999 0.259 0.39 0.000  0.220 0.000  0.941 0.000  1.318 0.000   6.457 0.000  0.835 0.000   5.622 0.000 0.012 0.000  0.709 0.000
263.208333 264.208333  2.793 0.000   25.45 0.000  2.24 0.000 0.066 0.000 0.14 0.000  0.033 0.000  2.423 0.000  3.392 0.000  29.199 0.000  1.542 0.000  27.657 0.000 0.040 0.000  4.945 0.000
266.208333 267.208333  0.487 0.000   12.13 0.000  0.78 0.000 0.039 0.000 0.06 0.000  0.050 0.000  1.017 0.000  1.424 0.000   7.269 0.000  2.572 0.000   4.698 0.000 0.020 0.000  0.620 0.000
269.208333 270.208333  1.634 0.000   17.44 0.000  1.04 0.000 9.999 0.259 0.24 0.000  0.023 0.000  2.144 0.000  3.001 0.000  19.899 0.000  1.261 0.000  18.639 0.000 0.033 0.000  3.009 0.000
272.208333 273.208333 99.999 0.456 9999.99 0.456 99.99 0.456 9.999 0.456 9.99 0.456 99.999 0.456 99.999 0.999 99.999 0.999 999.999 0.456 99.999 0.999 999.999 0.456 9.999 0.456 99.999 0.456
275.208333 276.208333 99.999 0.456 9999.99 0.456 99.99 0.456 9.999 0.456 9.99 0.456 99.999 0.456 99.999 0.999 99.999 0.999 999.999 0.456 99.999 0.999 999.999 0.456 9.999 0.456 99.999 0.456
278.208333 279.208333 99.999 0.456 9999.99 0.456 99.99 0.456 9.999 0.456 9.99 0.456 99.999 0.456 99.999 0.999 99.999 0.999 999.999 0.456 99.999 0.999 999.999 0.456 9.999 0.456 99.999 0.456
281.208333 282.208333  1.378 0.000   19.57 0.000  0.96 0.000 0.031 0.000 0.18 0.000  0.079 0.000  3.052 0.000  4.273 0.000  16.013 0.000  3.387 0.000  12.626 0.000 0.039 0.000  1.648 0.000
284.208333 285.208333  1.160 0.000   17.93 0.000  1.72 0.000 9.999 0.259 0.16 0.000  0.043 0.000  1.174 0.000  1.643 0.000  11.683 0.000  1.642 0.000  10.041 0.000 0.024 0.000  1.661 0.000
287.208333 288.208333  0.268 0.000    5.31 0.000  0.56 0.000 9.999 0.259 9.99 0.259  0.016 0.000  0.463 0.000  0.648 0.000   3.739 0.000  1.034 0.000   2.706 0.000 0.009 0.000  0.323 0.000
290.208333 291.208333  0.750 0.000   21.31 0.000  1.81 0.000 0.050 0.000 0.09 0.000  0.113 0.000  1.091 0.000  1.528 0.000   7.441 0.000  1.241 0.000   6.199 0.000 0.028 0.000  0.899 0.000
293.208333 294.208333  0.768 0.000   43.29 0.000  1.70 0.000 0.031 0.000 0.08 0.000  0.133 0.000  2.340 0.000  3.276 0.000  17.296 0.000  8.234 0.000   9.062 0.000 0.085 0.000  0.775 0.000
296.208333 297.208333  0.478 0.000    8.47 0.000  0.93 0.000 9.999 0.259 0.14 0.000  0.119 0.000  0.667 0.000  0.935 0.000   4.258 0.000  0.815 0.000   3.442 0.000 0.009 0.000  0.449 0.000
299.208333 300.208333  0.253 0.000    3.90 0.000  1.12 0.000 9.999 0.259 9.99 0.259  0.043 0.000  0.912 0.000  1.277 0.000   3.205 0.000  0.182 0.000   3.023 0.000 0.014 0.000  0.288 0.000
302.208333 303.208333  0.463 0.000   18.89 0.000  1.32 0.000 9.999 0.259 0.08 0.000  0.041 0.000  0.915 0.000  1.281 0.000   8.619 0.000  3.659 0.000   4.960 0.000 0.028 0.000  0.528 0.000
305.208333 306.208333  0.936 0.000   20.55 0.000  0.97 0.000 9.999 0.259 0.23 0.000  0.053 0.000  1.897 0.000  2.656 0.000  13.276 0.000  2.708 0.000  10.568 0.000 0.070 0.000  1.452 0.000
308.208333 309.208333  0.184 0.000    5.95 0.000  0.52 0.000 9.999 0.259 0.09 0.000  0.027 0.000  0.745 0.000  1.043 0.000   4.698 0.000  1.060 0.000   3.638 0.000 0.018 0.000  0.376 0.000
311.208333 312.208333  0.787 0.000   29.08 0.000  3.28 0.000 0.041 0.000 0.17 0.000  0.356 0.000  2.701 0.000  3.781 0.000  10.770 0.000  2.000 0.000   8.770 0.000 0.045 0.000  0.602 0.000
314.208333 315.208333  0.631 0.000   12.96 0.000  1.08 0.000 9.999 0.259 0.10 0.000  0.036 0.000  1.421 0.000  1.990 0.000   8.752 0.000  1.117 0.000   7.636 0.000 0.038 0.000  1.000 0.000
317.208333 318.208333  0.481 0.000   14.61 0.000  1.09 0.000 9.999 0.259 0.09 0.000  0.299 0.000  0.978 0.000  1.369 0.000   5.988 0.000  1.766 0.000   4.222 0.000 0.021 0.000  0.269 0.000
320.208333 321.208333  0.847 0.000   12.25 0.000  0.93 0.000 9.999 0.259 0.15 0.000  0.088 0.000  1.204 0.000  1.685 0.000  10.150 0.000  0.801 0.000   9.348 0.000 0.030 0.000  1.492 0.000
323.208333 324.208333  0.475 0.000   16.95 0.000  1.98 0.000 9.999 0.259 0.07 0.000  0.251 0.000  1.317 0.000  1.844 0.000   5.178 0.000  1.162 0.000   4.016 0.000 0.020 0.000  0.384 0.000
326.208333 327.208333  0.399 0.000   12.80 0.000  1.61 0.000 0.032 0.000 0.13 0.000  0.021 0.000  1.529 0.000  2.140 0.000   6.332 0.000  1.078 0.000   5.254 0.000 0.032 0.000  0.442 0.000
329.208333 330.208333  0.197 0.000   11.86 0.000  0.66 0.000 9.999 0.259 9.99 0.259  0.047 0.000  1.196 0.000  1.675 0.000   4.808 0.000  0.903 0.000   3.904 0.000 0.035 0.000  0.386 0.000
332.208333 333.208333  0.633 0.559    4.69 0.000  1.01 0.000 9.999 0.259 0.09 0.000  0.097 0.559  0.873 0.000  1.222 0.000   5.115 0.000  0.202 0.000   4.913 0.000 0.014 0.000  0.715 0.559
335.208333 336.208333  0.372 0.559   18.69 0.000  1.83 0.000 9.999 0.259 0.07 0.000  0.204 0.559  3.143 0.000  4.400 0.000  10.085 0.000  2.916 0.000   7.169 0.000 0.031 0.000  0.253 0.559
338.208333 339.208333  0.220 0.559    5.54 0.000  0.60 0.000 9.999 0.259 0.55 0.000  0.035 0.559  0.400 0.000  0.560 0.000   2.232 0.000  0.218 0.000   2.014 0.000 0.013 0.000  0.242 0.559
341.208333 342.208333  0.280 0.000   10.94 0.000  1.27 0.000 0.032 0.000 9.99 0.259  0.045 0.000  0.896 0.000  1.254 0.000   4.134 0.000  0.601 0.000   3.533 0.000 0.022 0.000  0.390 0.000
344.208333 345.208333  0.261 0.559    5.02 0.000  0.38 0.000 9.999 0.259 0.06 0.000  0.022 0.559  1.302 0.000  1.823 0.000   3.638 0.000  0.045 0.000   3.593 0.000 0.012 0.000  0.379 0.559
347.208333 348.208333  0.261 0.559    7.06 0.000  0.72 0.000 9.999 0.259 0.27 0.000  0.072 0.559  0.652 0.000  0.912 0.000   3.493 0.000  1.118 0.000   2.375 0.000 0.019 0.000  0.257 0.559
350.208333 351.208333  0.393 0.559    5.27 0.000  0.43 0.000 9.999 0.259 9.99 0.259  0.029 0.559  1.197 0.000  1.676 0.000   5.580 0.000  0.357 0.000   5.223 0.000 0.016 0.000  0.693 0.559
353.208333 354.208333  0.588 0.559    8.64 0.000  1.97 0.000 9.999 0.259 0.11 0.000  0.196 0.559  3.195 0.000  4.473 0.000   8.067 0.000  0.225 0.000   7.842 0.000 0.031 0.000  0.580 0.559
356.208333 357.208333  0.339 0.559   11.12 0.000  0.74 0.000 9.999 0.259 0.10 0.000  0.032 0.559  0.867 0.000  1.214 0.000   5.315 0.000  1.460 0.000   3.855 0.000 0.034 0.000  0.459 0.559
359.208333 360.208333  0.761 0.559   11.28 0.000  3.60 0.000 9.999 0.259 0.31 0.000  0.264 0.559  2.171 0.000  3.039 0.000   7.568 0.000  0.261 0.000   7.307 0.000 0.032 0.000  0.666 0.559
362.208333 363.208333  0.224 0.000   13.06 0.000  1.13 0.000 0.028 0.000 0.20 0.000  0.029 0.000  0.821 0.000  1.150 0.000   4.248 0.000  1.340 0.000   2.908 0.000 0.029 0.000  0.214 0.000
