scripts/IMPROVE-2019_partial/data/US0089R.19900103070000.20191216000000.filterpack...1y.3d.US03L_filterpack_US0089.US03L_IMPROVE_Davis.lev2.nas
52 1001
MISSING INFORMATION
US03L, IMPROVE, , , , , , , 
MISSING INFORMATION
IMPROVE sel_HTAP
1 1
1990 01 01 2019 12 16
0
days from file reference point
5
1 1 1 1 1
999.999999 999.999 9.999 999.999 9.999999
end_time of measurement, days from the file reference point
pm10_mass, ug/m3, Matrix=pm10
numflag pm10_mass, no unit, Matrix=pm10
pm25_mass, ug/m3, Matrix=pm25
numflag pm25_mass, no unit, Matrix=pm25
0
33
Data definition:              EBAS_1.1
Set type code:                TI
Timezone:                     UTC
File name:                    US0089R.19900103070000.20191216000000.filterpack...1y.3d.US03L_filterpack_US0089.US03L_IMPROVE_Davis.lev2.nas
File creation:                20191218120124
Startdate:                    19900103070000
Revision date:                20191216000000
Version:                      2
Version description:          "Data extracted from http://views.cira.colostate.edu/fed/DataWizard 2019-12-16"
Statistics:                   arithmetic mean
Data level:                   2
Period code:                  1y
Resolution code:              3d
Sample duration:              1d
Orig. time res.:              3d
Station code:                 US0089R
Platform code:                US0089S
Station name:                 Bridger Wilderness
Station latitude:             42.9749
Station longitude:            -109.7579
Station altitude:             2626.0 m
Regime:                       IMG
Component:                    
Unit:                         ug/m3
Matrix:                       
Laboratory code:              US03L
Instrument type:              filterpack
Instrument name:              filterpack_US0089
Method ref:                   US03L_IMPROVE_Davis
Blank correction:             Blank corrected
Volume std. temperature:      ambient
Volume std. pressure:         ambient
starttime endtime PM10 flag_PM10 PM2.5 flag_PM2.5
  2.291667   3.291667   4.678 0.000   0.975 0.000000
  5.291667   6.291667   1.931 0.000   0.503 0.000000
  9.291667  10.291667   3.153 0.000   1.821 0.000000
 12.291667  13.291667 999.999 0.999   4.823 0.000000
 16.291667  17.291667   2.176 0.000 999.999 0.999000
 19.291667  20.291667  17.685 0.000   0.577 0.000000
 23.291667  24.291667   4.398 0.000   1.223 0.000000
 26.291667  27.291667   1.713 0.000   0.940 0.000000
 30.291667  31.291667   2.258 0.000   0.575 0.000000
 33.291667  34.291667   2.627 0.000   1.246 0.000000
 37.291667  38.291667   2.457 0.000   1.438 0.000000
 40.291667  41.291667   1.724 0.000   0.688 0.000000
 44.291667  45.291667   4.192 0.000   2.310 0.000000
 47.291667  48.291667   4.760 0.000   2.120 0.000000
 51.291667  52.291667 999.999 0.999 999.999 0.999000
 54.291667  55.291667 999.999 0.999 999.999 0.999000
 58.291667  59.291667   3.430 0.000   1.543 0.000000
 61.291667  62.291667   4.587 0.000   3.210 0.000000
 65.291667  66.291667 999.999 0.999 999.999 0.999000
 68.291667  69.291667 999.999 0.999 999.999 0.999000
 72.291667  73.291667   2.275 0.000 999.999 0.999000
 75.291667  76.291667   3.433 0.000   1.631 0.000000
 79.291667  80.291667  10.000 0.000   2.132 0.000000
 82.291667  83.291667   2.934 0.000   1.651 0.000000
 86.291667  87.291667 999.999 0.999   1.969 0.000000
 89.291667  90.291667   4.718 0.000   2.308 0.000000
 93.291667  94.291667   8.327 0.000   5.799 0.000000
 96.291667  97.291667   7.673 0.000   4.232 0.000000
100.291667 101.291667   6.225 0.000   3.303 0.000000
103.291667 104.291667   6.747 0.000   2.049 0.000000
107.291667 108.291667   5.610 0.000   2.406 0.000000
110.291667 111.291667   5.768 0.000   3.688 0.000000
114.291667 115.291667 999.999 0.999   3.560 0.000000
117.291667 118.291667 999.999 0.999 999.999 0.999000
121.291667 122.291667 999.999 0.999 999.999 0.999000
124.291667 125.291667 999.999 0.999 999.999 0.999000
128.291667 129.291667 999.999 0.999 999.999 0.999000
131.291667 132.291667   6.375 0.000   3.249 0.000000
135.291667 136.291667  11.564 0.000 999.999 0.999000
138.291667 139.291667  10.862 0.000   4.903 0.000000
142.291667 143.291667   7.119 0.000   3.262 0.000000
145.291667 146.291667   3.498 0.000   1.631 0.000000
149.291667 150.291667   2.939 0.000   1.280 0.000000
152.291667 153.291667   2.041 0.000   1.341 0.000000
156.291667 157.291667   4.041 0.000   3.186 0.000000
159.291667 160.291667   4.240 0.000   2.303 0.000000
163.291667 164.291667  15.135 0.000   2.229 0.000000
166.291667 167.291667  13.668 0.000   1.407 0.000000
170.291667 171.291667  13.540 0.000   2.950 0.000000
173.291667 174.291667   9.270 0.000   4.036 0.000000
177.291667 178.291667  17.137 0.000   8.528 0.000000
180.291667 181.291667  24.078 0.000  10.867 0.000000
184.291667 185.291667  12.046 0.000   4.054 0.000000
187.291667 188.291667   9.409 0.000   2.492 0.000000
191.291667 192.291667   4.926 0.000   4.540 0.000000
194.291667 195.291667   4.778 0.000 999.999 0.999000
198.291667 199.291667   6.729 0.000   4.066 0.000000
201.291667 202.291667   4.662 0.000   2.560 0.000000
205.291667 206.291667   7.530 0.000   3.860 0.000000
208.291667 209.291667   5.139 0.000   2.918 0.000000
212.291667 213.291667  19.046 0.000   4.451 0.000000
215.291667 216.291667   6.565 0.000   3.097 0.000000
219.291667 220.291667   9.240 0.000   7.360 0.000000
222.291667 223.291667  28.240 0.000  10.883 0.000000
226.291667 227.291667 999.999 0.999   6.322 0.000000
229.291667 230.291667   5.938 0.000   2.492 0.000000
233.291667 234.291667 999.999 0.999   6.647 0.000000
236.291667 237.291667 999.999 0.999   7.066 0.000000
240.291667 241.291667 999.999 0.999 999.999 0.999000
243.291667 244.291667   6.348 0.000   2.878 0.559000
247.291667 248.291667   4.813 0.000 999.999 0.559259
250.291667 251.291667   8.134 0.000   3.373 0.559000
254.291667 255.291667   9.462 0.000   3.373 0.559000
257.291667 258.291667  13.231 0.000   4.727 0.559000
261.291667 262.291667   3.750 0.000   2.158 0.559000
264.291667 265.291667   7.121 0.000   4.079 0.559000
268.291667 269.291667   3.626 0.000   3.273 0.559000
271.291667 272.291667   7.519 0.000   4.377 0.559000
275.291667 276.291667  19.008 0.000   5.590 0.559000
278.291667 279.291667   3.719 0.000   3.416 0.559000
282.291667 283.291667   4.316 0.000   2.305 0.559000
285.291667 286.291667  23.632 0.000   4.611 0.559000
289.291667 290.291667 999.999 0.999   2.586 0.559000
292.291667 293.291667   2.803 0.000   2.336 0.559000
296.291667 297.291667   2.381 0.000   1.094 0.559000
299.291667 300.291667  10.794 0.000   2.097 0.559000
303.291667 304.291667   8.826 0.000   4.480 0.559000
306.291667 307.291667   5.000 0.000   1.787 0.559000
310.291667 311.291667   1.951 0.000   1.743 0.559000
313.291667 314.291667   4.715 0.000   1.315 0.559000
317.291667 318.291667   3.045 0.000 999.999 0.559259
320.291667 321.291667   2.551 0.000 999.999 0.559259
324.291667 325.291667   1.781 0.000   1.006 0.559000
327.291667 328.291667   1.830 0.000   0.719 0.559000
331.291667 332.291667   5.000 0.000   1.699 0.559000
334.291667 335.291667  24.823 0.000   2.083 0.559000
338.291667 339.291667   4.245 0.000   3.077 0.559000
341.291667 342.291667   1.878 0.000 999.999 0.559259
345.291667 346.291667   2.292 0.000   1.329 0.559000
348.291667 349.291667   1.792 0.000   1.266 0.559000
352.291667 353.291667   2.857 0.000   2.102 0.559000
355.291667 356.291667   3.506 0.000   2.484 0.559000
359.291667 360.291667   2.812 0.000 999.999 0.559259
362.291667 363.291667 999.999 0.999   4.341 0.559000
