scripts/IMPROVE-2019_partial/data/US0091R.20010101070000.20191216000000.filterpack..pm25.52w.1w.US03L_filterpack_US0091.US03L_IMPROVE_Davis.lev2.nas
64 1001
MISSING INFORMATION
US03L, IMPROVE, , , , , , , 
MISSING INFORMATION
IMPROVE sel_HTAP
1 1
2001 01 01 2019 12 16
3.000000
days from file reference point
25
1 1 1 1 1 1 1 1 1 1 1 1 1 1 1 1 1 1 1 1 1 1 1 1 1
999.999999 9999.99 9.999 99.99 9.999 9.999 9.999999 9.99 9.999999 9.999 9.999 99.999 9.999 99.999 9.999 999.999 9.999 999.999 9.999 999.999 9.999 9.999 9.999 9.999 9.999
end_time of measurement, days from the file reference point
iron, ng/m3, Revision date=20181210133000
numflag iron, no unit, Revision date=20181210133000
lead, ng/m3, Revision date=20181210133000
numflag lead, no unit, Revision date=20181210133000
magnesium, ug/m3, Revision date=20181210133000
numflag magnesium, no unit, Revision date=20181210133000
nickel, ng/m3, Revision date=20181210133000
numflag nickel, no unit, Revision date=20181210133000
nitrate, ug N/m3, Revision date=20181210133000
numflag nitrate, no unit, Revision date=20181210133000
organic_carbon, ug C/m3, Revision date=20181210133000
numflag organic_carbon, no unit, Revision date=20181210133000
organic_mass, ug/m3, Revision date=20181210133000
numflag organic_mass, no unit, Revision date=20181210133000
pm10_mass, ug/m3, Version=2, Version description=Data extracted from http://views.cira.colostate.edu/fed/DataWizard 2019-12-16, Sample duration=1d, Orig. time res.=3d, Matrix=pm10, Blank correction=Blank corrected, Volume std. temperature=ambient, Volume std. pressure=ambient
numflag pm10_mass, no unit, Version=2, Version description=Data extracted from http://views.cira.colostate.edu/fed/DataWizard 2019-12-16, Sample duration=1d, Orig. time res.=3d, Matrix=pm10, Blank correction=Blank corrected, Volume std. temperature=ambient, Volume std. pressure=ambient
pm10_pm25_mass, ug/m3, Revision date=20181210133000, Matrix=pm10_pm25
numflag pm10_pm25_mass, no unit, Revision date=20181210133000, Matrix=pm10_pm25
pm25_mass, ug/m3, Version=2, Version description=Data extracted from http://views.cira.colostate.edu/fed/DataWizard 2019-12-16, Sample duration=1d, Orig. time res.=3d, Blank correction=Blank corrected, Volume std. temperature=ambient, Volume std. pressure=ambient
numflag pm25_mass, no unit, Version=2, Version description=Data extracted from http://views.cira.colostate.edu/fed/DataWizard 2019-12-16, Sample duration=1d, Orig. time res.=3d, Blank correction=Blank corrected, Volume std. temperature=ambient, Volume std. pressure=ambient
potassium, ug/m3, Revision date=20181210133000
numflag potassium, no unit, Revision date=20181210133000
sulphate_total, ug S/m3, Revision date=20181210133000
numflag sulphate_total, no unit, Revision date=20181210133000
0
25
Data definition:              EBAS_1.1
Set type code:                TU
Timezone:                     UTC
File name:                    US0091R.20010101070000.20191216000000.filterpack..pm25.52w.1w.US03L_filterpack_US0091.US03L_IMPROVE_Davis.lev2.nas
File creation:                20191218120132
Startdate:                    20010101070000
Revision date:                20191216000000
Statistics:                   arithmetic mean
Data level:                   2
Period code:                  52w
Resolution code:              1w
Station code:                 US0091R
Platform code:                US0091S
Station name:                 Mount Baldy
Station latitude:             34.0584
Station longitude:            -109.4406
Station altitude:             2508.0 m
Regime:                       IMG
Component:                    
Matrix:                       pm25
Laboratory code:              US03L
Instrument type:              filterpack
Instrument name:              filterpack_US0091
Method ref:                   US03L_IMPROVE_Davis
starttime endtime Fe flag_Fe Pb flag_Pb Mg++ flag_Mg++ Ni flag_Ni NO3- flag_NO3- OC flag_OC OM flag_OM PM10 flag_PM10 PM10-PM2.5 flag_PM10-PM2.5 PM2.5 flag_PM2.5 K+ flag_K+ SO4-- flag_SO4--
[from data line 89]
267.291667 268.291667   54.56 0.000  0.40 0.000 9.999 0.259000 9.99 0.259000 0.016 0.000  0.833 0.000  1.166 0.000   7.224 0.000   2.617 0.000   4.607 0.000 0.031 0.000 0.291 0.000
270.291667 271.291667   63.18 0.559  0.59 0.559 9.999 0.559259 9.99 0.559259 0.017 0.000  2.011 0.000  2.816 0.000   9.763 0.000   4.300 0.000   5.463 0.559 0.044 0.559 0.252 0.000
273.291667 274.291667   41.31 0.000  0.48 0.000 9.999 0.259000 9.99 0.259000 0.016 0.000  1.065 0.000  1.491 0.000   8.794 0.000   3.617 0.000   5.177 0.000 0.038 0.000 0.390 0.000
276.291667 277.291667   36.74 0.559  0.30 0.559 9.999 0.559259 0.05 0.559000 0.036 0.000  0.864 0.000  1.209 0.000   7.396 0.000   3.395 0.000   4.001 0.559 0.038 0.559 0.284 0.000
279.291667 280.291667    4.75 0.000 99.99 0.259 9.999 0.259000 9.99 0.259000 0.009 0.000  0.409 0.000  0.572 0.000   2.507 0.000   0.755 0.000   1.752 0.000 0.009 0.000 0.169 0.000
282.291667 283.291667   32.73 0.000  0.67 0.000 9.999 0.259000 9.99 0.259000 0.041 0.000  0.514 0.000  0.720 0.000   5.952 0.000   2.757 0.000   3.196 0.000 0.028 0.000 0.305 0.000
285.291667 286.291667   23.01 0.000  0.22 0.000 9.999 0.259000 9.99 0.259000 0.007 0.000 99.999 0.999 99.999 0.999   3.986 0.000   2.383 0.000   1.603 0.000 0.018 0.000 0.045 0.000
288.291667 289.291667  230.36 0.699  0.82 0.699 9.999 0.699259 9.99 0.699259 0.030 0.000  2.284 0.000  3.197 0.000  27.530 0.000  17.529 0.000  10.002 0.699 0.140 0.699 0.130 0.000
291.291667 292.291667   94.57 0.000  0.64 0.000 9.999 0.259000 0.12 0.000000 0.024 0.000  0.975 0.000  1.366 0.000   9.944 0.000   5.558 0.000   4.386 0.000 0.054 0.000 0.150 0.000
294.291667 295.291667   19.64 0.000  0.82 0.000 9.999 0.259000 0.16 0.000000 0.028 0.000  0.672 0.000  0.941 0.000   3.863 0.000   1.357 0.000   2.505 0.000 0.021 0.000 0.163 0.000
297.291667 298.291667   52.41 0.000  0.47 0.000 9.999 0.259000 9.99 0.259000 0.017 0.559  2.671 0.000  3.740 0.000   8.267 0.000   2.183 0.000   6.084 0.000 0.041 0.000 0.101 0.559
300.291667 301.291667   33.54 0.000  1.44 0.000 9.999 0.259000 0.14 0.000000 0.030 0.000  1.067 0.000  1.493 0.000   9.328 0.000   3.766 0.000   5.562 0.000 0.033 0.000 0.572 0.000
303.291667 304.291667   20.83 0.000  1.36 0.000 9.999 0.259000 0.08 0.000000 0.017 0.000  0.484 0.000  0.678 0.000   5.024 0.000   2.497 0.000   2.528 0.000 0.019 0.000 0.266 0.000
306.291667 307.291667   39.14 0.000  0.71 0.000 9.999 0.259000 9.99 0.259000 0.014 0.000  0.466 0.000  0.653 0.000   6.780 0.000   3.861 0.000   2.919 0.000 0.031 0.000 0.263 0.000
309.291667 310.291667   14.43 0.000  0.84 0.000 9.999 0.259000 0.26 0.000000 0.015 0.559  0.591 0.000  0.828 0.000   5.813 0.000   0.573 0.000   5.240 0.000 0.021 0.000 0.809 0.559
312.291667 313.291667   80.50 0.000  1.01 0.000 9.999 0.259000 0.08 0.000000 0.046 0.000  0.693 0.000  0.970 0.000  16.478 0.000   9.502 0.000   6.976 0.000 0.078 0.000 0.646 0.000
315.291667 316.291667   18.99 0.000  0.30 0.000 9.999 0.259000 9.99 0.259000 0.018 0.000  1.596 0.000  2.235 0.000   5.136 0.000   1.395 0.000   3.742 0.000 0.022 0.000 0.116 0.000
318.291667 319.291667   13.32 0.000  0.38 0.000 9.999 0.259000 9.99 0.259000 0.015 0.000  0.356 0.000  0.499 0.000   2.712 0.000   0.833 0.000   1.879 0.000 0.017 0.000 0.155 0.000
321.291667 322.291667   17.12 0.000  0.90 0.000 9.999 0.259000 9.99 0.259000 0.027 0.559  2.079 0.000  2.911 0.000   6.407 0.000   1.675 0.000   4.732 0.000 0.023 0.000 0.171 0.559
324.291667 325.291667   27.50 0.000  0.48 0.000 9.999 0.259000 9.99 0.259000 0.032 0.000  2.569 0.000  3.596 0.000   8.109 0.000   2.166 0.000   5.943 0.000 0.025 0.000 0.186 0.000
327.291667 328.291667   12.15 0.000  0.27 0.000 9.999 0.259000 9.99 0.259000 0.008 0.559  0.264 0.000  0.370 0.000   1.871 0.000   0.798 0.000   1.073 0.000 0.014 0.000 0.054 0.559
330.291667 331.291667   26.24 0.000  1.01 0.000 9.999 0.259000 9.99 0.259000 0.070 0.000  4.444 0.000  6.221 0.000   8.709 0.000   1.629 0.000   7.080 0.000 0.022 0.000 0.114 0.000
333.291667 334.291667   14.29 0.000  0.45 0.000 9.999 0.259000 9.99 0.259000 0.022 0.000  0.519 0.000  0.727 0.000   3.348 0.000   0.831 0.000   2.517 0.000 0.032 0.000 0.160 0.000
336.291667 337.291667   12.47 0.000  0.71 0.000 9.999 0.259000 9.99 0.259000 0.014 0.000  0.322 0.000  0.451 0.000   2.507 0.000   1.212 0.000   1.294 0.000 0.012 0.000 0.081 0.000
339.291667 340.291667   21.05 0.000  0.57 0.000 9.999 0.259000 9.99 0.259000 0.012 0.000  0.325 0.000  0.455 0.000   2.067 0.000   0.420 0.000   1.646 0.000 0.016 0.000 0.079 0.000
342.291667 343.291667   13.95 0.000  0.49 0.000 9.999 0.259000 9.99 0.259000 0.008 0.559  0.092 0.000  0.129 0.000   1.539 0.000   0.529 0.000   1.010 0.000 0.010 0.000 0.055 0.559
345.291667 346.291667    6.95 0.000  0.40 0.000 9.999 0.259000 9.99 0.259000 0.037 0.000  0.272 0.000  0.380 0.000   2.245 0.000   0.790 0.000   1.456 0.000 0.008 0.000 0.121 0.000
348.291667 349.291667    5.32 0.000  1.23 0.000 9.999 0.259000 0.05 0.000000 0.055 0.559  0.463 0.000  0.647 0.000   2.495 0.000   1.125 0.000   1.370 0.000 0.012 0.000 0.090 0.559
351.291667 352.291667    8.11 0.000 99.99 0.259 9.999 0.259000 9.99 0.259000 0.008 0.559  0.084 0.000  0.118 0.000   1.253 0.000   0.473 0.000   0.780 0.000 0.007 0.000 0.031 0.559
354.291667 355.291667   14.61 0.000  1.28 0.000 9.999 0.259000 9.99 0.259000 0.078 0.000  0.437 0.000  0.612 0.000   4.134 0.000   2.366 0.000   1.768 0.000 0.022 0.000 0.099 0.000
357.291667 358.291667 9999.99 0.999 99.99 0.999 9.999 0.999000 9.99 0.999000 9.999 0.999 99.999 0.999 99.999 0.999 999.999 0.999 999.999 0.999 999.999 0.999 9.999 0.999 9.999 0.999
360.291667 361.291667 9999.99 0.999 99.99 0.999 9.999 0.999000 9.99 0.999000 9.999 0.999 99.999 0.999 99.999 0.999 999.999 0.999 999.999 0.999 999.999 0.999 9.999 0.999 9.999 0.999
363.291667 364.291667 9999.99 0.999 99.99 0.999 9.999 0.999000 9.99 0.999000 9.999 0.999 99.999 0.999 99.999 0.999 999.999 0.999 999.999 0.999 999.999 0.999 9.999 0.999 9.999 0.999
