scripts/IMPROVE-2019_partial/data/US0020R.20110103080000.20191216000000.filterpack...1y.3d.US03L_filterpack_US0020.US03L_IMPROVE_Davis.lev2.nas
51 1001
MISSING INFORMATION
US03L, IMPROVE, , , , , , , 
MISSING INFORMATION
IMPROVE sel_HTAP
1 1
2011 01 01 2019 12 16
3.000000
days from file reference point
4
1 1 1 1
999.999999 999.999 999.999 9.999
end_time of measurement, days from the file reference point
pm10_mass, ug/m3, Matrix=pm10
pm25_mass, ug/m3, Matrix=pm25
numflag, no unit
0
33
Data definition:              EBAS_1.1
Set type code:                TU
Timezone:                     UTC
File name:                    US0020R.20110103080000.20191216000000.filterpack...1y.3d.US03L_filterpack_US0020.US03L_IMPROVE_Davis.lev2.nas
File creation:                20191218115646
Startdate:                    20110103080000
Revision date:                20191216000000
Version:                      2
Version description:          "Data extracted from http://views.cira.colostate.edu/fed/DataWizard 2019-12-16"
Statistics:                   arithmetic mean
Data level:                   2
Period code:                  1y
Resolution code:              3d
Sample duration:              1d
Orig. time res.:              3d
Station code:                 US0020R
Platform code:                US0020S
Station name:                 Death Valley NP
Station latitude:             36.5089
Station longitude:            -116.8478
Station altitude:             130.0 m
Regime:                       IMG
Component:                    
Unit:                         ug/m3
Matrix:                       
Laboratory code:              US03L
Instrument type:              filterpack
Instrument name:              filterpack_US0020
Method ref:                   US03L_IMPROVE_Davis
Blank correction:             Blank corrected
Volume std. temperature:      ambient
Volume std. pressure:         ambient
starttime endtime PM10 PM2.5 flag
  2.333333   3.333333   1.373   0.892 0.000
  5.333333   6.333333   1.827   1.291 0.000
  8.333333   9.333333   1.697   1.052 0.000
 11.333333  12.333333   1.986   0.520 0.000
 14.333333  15.333333   1.960   0.592 0.000
 17.333333  18.333333   1.960   1.409 0.000
 20.333333  21.333333   3.296   0.735 0.000
 23.333333  24.333333   2.626   0.859 0.000
 26.333333  27.333333   7.146   1.211 0.000
 29.333333  30.333333  14.213   2.128 0.000
 32.333333  33.333333   6.203   1.583 0.000
 35.333333  36.333333   5.444   1.025 0.000
 38.333333  39.333333  14.064   2.224 0.000
 41.333333  42.333333   3.392   0.685 0.000
 44.333333  45.333333   4.942   2.057 0.000
 47.333333  48.333333   7.610   1.701 0.000
 50.333333  51.333333   1.472   0.766 0.000
 53.333333  54.333333   6.247   2.348 0.000
 56.333333  57.333333  24.612   4.178 0.000
 59.333333  60.333333   3.361   1.159 0.000
 62.333333  63.333333   6.257   2.142 0.000
 65.333333  66.333333  28.911   6.631 0.000
 68.333333  69.333333   6.174   2.056 0.000
 71.333333  72.333333   7.896   3.291 0.000
 74.333333  75.333333  70.268  19.522 0.000
 77.333333  78.333333   7.734   3.213 0.000
 80.333333  81.333333   4.026   1.458 0.000
 83.333333  84.333333   3.579   2.121 0.000
 86.333333  87.333333   7.543   2.323 0.000
 89.333333  90.333333 999.999 999.999 0.999
 92.333333  93.333333 999.999 999.999 0.999
 95.333333  96.333333   9.949   3.152 0.000
 98.333333  99.333333   2.589   1.459 0.000
101.333333 102.333333  10.677   4.247 0.000
104.333333 105.333333  30.151  15.389 0.000
107.333333 108.333333  12.847   4.981 0.000
110.333333 111.333333   9.477   3.255 0.000
113.333333 114.333333  12.279   4.100 0.000
116.333333 117.333333   5.970   2.546 0.000
119.333333 120.333333   4.342   1.149 0.000
122.333333 123.333333   6.357   2.532 0.000
125.333333 126.333333  18.548   6.455 0.000
128.333333 129.333333   5.000   2.336 0.000
131.333333 132.333333   9.443   3.397 0.000
134.333333 135.333333  11.909   2.651 0.000
137.333333 138.333333  11.676   2.177 0.000
140.333333 141.333333   9.831   4.298 0.000
143.333333 144.333333  15.866   6.353 0.000
146.333333 147.333333  24.421   5.739 0.000
149.333333 150.333333   4.565   1.712 0.000
152.333333 153.333333   9.759   4.073 0.000
155.333333 156.333333   8.089   3.201 0.000
158.333333 159.333333  14.070   4.925 0.000
161.333333 162.333333  18.574   6.604 0.000
164.333333 165.333333 999.999 999.999 0.999
167.333333 168.333333  16.776   4.439 0.000
170.333333 171.333333   3.177   1.536 0.000
173.333333 174.333333  20.614   5.933 0.000
176.333333 177.333333  12.394   4.464 0.000
179.333333 180.333333  34.772   4.347 0.000
182.333333 183.333333 999.999 999.999 0.999
185.333333 186.333333 999.999 999.999 0.999
188.333333 189.333333  19.229   6.657 0.000
191.333333 192.333333  12.490   3.650 0.000
194.333333 195.333333  14.461   3.586 0.000
197.333333 198.333333   9.369   3.252 0.000
200.333333 201.333333  14.013   3.747 0.000
203.333333 204.333333  15.644   5.713 0.000
206.333333 207.333333  17.799   6.682 0.000
209.333333 210.333333  20.125   6.225 0.000
212.333333 213.333333   8.750   4.323 0.000
215.333333 216.333333  13.856   3.997 0.000
218.333333 219.333333  11.920   5.268 0.000
221.333333 222.333333 999.999 999.999 0.999
224.333333 225.333333 999.999 999.999 0.999
227.333333 228.333333 999.999 999.999 0.999
230.333333 231.333333 999.999 999.999 0.999
233.333333 234.333333 999.999 999.999 0.999
236.333333 237.333333 999.999   4.575 0.000
239.333333 240.333333 999.999 999.999 0.999
242.333333 243.333333  11.087   3.434 0.000
245.333333 246.333333   5.968   2.352 0.000
248.333333 249.333333   6.120   3.978 0.000
251.333333 252.333333  15.706   7.960 0.000
254.333333 255.333333  13.908   4.751 0.000
257.333333 258.333333   9.440   3.864 0.000
260.333333 261.333333   9.851   3.437 0.000
263.333333 264.333333   7.597   3.174 0.000
266.333333 267.333333   9.976   2.608 0.000
269.333333 270.333333   8.912   3.541 0.000
272.333333 273.333333  12.362   4.061 0.000
275.333333 276.333333   5.535   1.827 0.000
278.333333 279.333333  16.205   3.663 0.000
281.333333 282.333333   1.968   1.218 0.000
284.333333 285.333333  10.257   3.702 0.000
287.333333 288.333333   7.056   3.583 0.000
290.333333 291.333333   3.256   1.316 0.000
293.333333 294.333333   8.097   2.756 0.000
296.333333 297.333333   6.473   2.412 0.000
299.333333 300.333333   5.018   2.954 0.000
302.333333 303.333333   6.791   3.471 0.000
305.333333 306.333333   7.963   1.971 0.000
308.333333 309.333333   5.909   2.058 0.000
311.333333 312.333333   4.000   1.758 0.000
314.333333 315.333333  10.545   3.412 0.000
317.333333 318.333333  10.072   3.158 0.000
320.333333 321.333333   8.439   2.040 0.000
323.333333 324.333333   4.202   2.292 0.000
326.333333 327.333333   3.976   1.708 0.000
329.333333 330.333333   4.508   2.620 0.000
332.333333 333.333333   4.073   1.964 0.000
335.333333 336.333333  11.970   3.341 0.000
338.333333 339.333333   2.359   1.208 0.000
341.333333 342.333333   7.070   1.898 0.000
344.333333 345.333333   3.087   1.463 0.000
347.333333 348.333333   4.514   2.307 0.000
350.333333 351.333333   2.664   1.498 0.000
353.333333 354.333333   3.373   1.150 0.000
356.333333 357.333333   4.946   1.310 0.000
359.333333 360.333333   3.278   1.152 0.000
362.333333 363.333333   6.177   1.774 0.000
