scripts/IMPROVE-2019_partial/data/US0014R.19900103070000.20191216000000.filterpack...1y.3d.US03L_filterpack_US0014.US03L_IMPROVE_Davis.lev2.nas
52 1001
MISSING INFORMATION
US03L, IMPROVE, , , , , , , 
MISSING INFORMATION
IMPROVE sel_HTAP
1 1
1990 01 01 2019 12 16
0
days from file reference point
5
1 1 1 1 1
999.999999 999.999 9.999 999.999 9.999999
end_time of measurement, days from the file reference point
pm10_mass, ug/m3, Matrix=pm10
numflag pm10_mass, no unit, Matrix=pm10
pm25_mass, ug/m3, Matrix=pm25
numflag pm25_mass, no unit, Matrix=pm25
0
33
Data definition:              EBAS_1.1
Set type code:                TI
Timezone:                     UTC
File name:                    US0014R.19900103070000.20191216000000.filterpack...1y.3d.US03L_filterpack_US0014.US03L_IMPROVE_Davis.lev2.nas
File creation:                20191218115618
Startdate:                    19900103070000
Revision date:                20191216000000
Version:                      2
Version description:          "Data extracted from http://views.cira.colostate.edu/fed/DataWizard 2019-12-16"
Statistics:                   arithmetic mean
Data level:                   2
Period code:                  1y
Resolution code:              3d
Sample duration:              1d
Orig. time res.:              3d
Station code:                 US0014R
Platform code:                US0014S
Station name:                 Indian Gardens
Station latitude:             36.0778
Station longitude:            -112.1288
Station altitude:             1166.0 m
Regime:                       IMG
Component:                    
Unit:                         ug/m3
Matrix:                       
Laboratory code:              US03L
Instrument type:              filterpack
Instrument name:              filterpack_US0014
Method ref:                   US03L_IMPROVE_Davis
Blank correction:             Blank corrected
Volume std. temperature:      ambient
Volume std. pressure:         ambient
starttime endtime PM10 flag_PM10 PM2.5 flag_PM2.5
  2.291667   3.291667 999.999 0.999 999.999 0.999000
  5.291667   6.291667   3.258 0.000 999.999 0.999000
  9.291667  10.291667   7.464 0.000   2.689 0.000000
 12.291667  13.291667   8.406 0.000   3.090 0.000000
 16.291667  17.291667   3.764 0.000   2.985 0.000000
 19.291667  20.291667   5.097 0.000   3.791 0.000000
 23.291667  24.291667   3.603 0.000   2.255 0.000000
 26.291667  27.291667  14.867 0.000   3.709 0.000000
 30.291667  31.291667   3.603 0.000   2.282 0.000000
 33.291667  34.291667   8.898 0.000   1.471 0.000000
 37.291667  38.291667   6.540 0.000   2.943 0.000000
 40.291667  41.291667   3.028 0.000   0.866 0.000000
 44.291667  45.291667   8.339 0.000   4.223 0.000000
 47.291667  48.291667   3.371 0.000   2.268 0.000000
 51.291667  52.291667 999.999 0.999   2.909 0.000000
 54.291667  55.291667 999.999 0.999   1.988 0.000000
 58.291667  59.291667 999.999 0.999   4.181 0.000000
 61.291667  62.291667   6.056 0.000   4.112 0.000000
 65.291667  66.291667   2.630 0.000   2.037 0.000000
 68.291667  69.291667   6.222 0.000   2.362 0.000000
 72.291667  73.291667   3.045 0.000   2.805 0.000000
 75.291667  76.291667  15.156 0.000   4.759 0.000000
 79.291667  80.291667   5.545 0.000   2.073 0.000000
 82.291667  83.291667   8.333 0.000   2.801 0.000000
 86.291667  87.291667 999.999 0.999 999.999 0.999000
 89.291667  90.291667 999.999 0.999 999.999 0.999000
 93.291667  94.291667 999.999 0.999 999.999 0.999000
 96.291667  97.291667 999.999 0.999 999.999 0.999000
100.291667 101.291667   9.110 0.000   5.633 0.000000
103.291667 104.291667  11.697 0.000   3.868 0.000000
107.291667 108.291667   7.046 0.000   3.135 0.000000
110.291667 111.291667  10.325 0.000   5.117 0.000000
114.291667 115.291667 999.999 0.999   3.526 0.000000
117.291667 118.291667  25.808 0.000   9.058 0.000000
121.291667 122.291667  16.325 0.000   3.742 0.000000
124.291667 125.291667   8.530 0.000   3.829 0.000000
128.291667 129.291667  11.763 0.000   5.463 0.000000
131.291667 132.291667  30.035 0.000  11.310 0.000000
135.291667 136.291667  42.951 0.000   9.016 0.000000
138.291667 139.291667  35.123 0.000  10.192 0.000000
142.291667 143.291667 999.999 0.999   4.728 0.000000
145.291667 146.291667 999.999 0.999   5.079 0.000000
149.291667 150.291667 999.999 0.999 999.999 0.999000
152.291667 153.291667   9.044 0.000   2.232 0.000000
156.291667 157.291667  30.808 0.000   8.050 0.000000
159.291667 160.291667  26.587 0.000  11.415 0.000000
163.291667 164.291667  23.394 0.000   7.476 0.000000
166.291667 167.291667  19.854 0.000   6.667 0.000000
170.291667 171.291667 999.999 0.999 999.999 0.999000
173.291667 174.291667  20.680 0.000   8.127 0.000000
177.291667 178.291667  17.342 0.000   7.321 0.000000
180.291667 181.291667 999.999 0.999  10.836 0.000000
184.291667 185.291667  16.000 0.000   4.833 0.000000
187.291667 188.291667   6.873 0.000   3.708 0.000000
191.291667 192.291667  13.431 0.000   5.926 0.000000
194.291667 195.291667   6.812 0.000   4.498 0.000000
198.291667 199.291667   6.200 0.000   3.075 0.000000
201.291667 202.291667  28.870 0.000  13.508 0.000000
205.291667 206.291667  19.099 0.000   7.922 0.000000
208.291667 209.291667  12.962 0.000   6.837 0.000000
212.291667 213.291667  22.767 0.000   7.297 0.000000
215.291667 216.291667  13.430 0.000   6.667 0.000000
219.291667 220.291667  19.867 0.000   5.839 0.000000
222.291667 223.291667  14.020 0.000   4.747 0.000000
226.291667 227.291667 999.999 0.999   7.156 0.000000
229.291667 230.291667   8.192 0.000   7.310 0.000000
233.291667 234.291667   7.883 0.000   3.556 0.000000
236.291667 237.291667   9.519 0.000   3.070 0.000000
240.291667 241.291667  41.003 0.000 999.999 0.999000
243.291667 244.291667  11.886 0.000   5.710 0.559000
247.291667 248.291667   8.311 0.000   6.626 0.559000
250.291667 251.291667 999.999 0.999  11.319 0.559000
254.291667 255.291667  21.224 0.000   8.616 0.559000
257.291667 258.291667 999.999 0.999 999.999 0.999000
261.291667 262.291667   7.222 0.000   3.416 0.559000
264.291667 265.291667   4.271 0.000   2.987 0.559000
268.291667 269.291667   5.176 0.000 999.999 0.559259
271.291667 272.291667   6.143 0.000 999.999 0.559259
275.291667 276.291667   6.370 0.000   5.050 0.559000
278.291667 279.291667  12.326 0.000   5.668 0.559000
282.291667 283.291667  12.128 0.000   6.467 0.559000
285.291667 286.291667  16.763 0.000   5.492 0.559000
289.291667 290.291667  14.914 0.000   6.785 0.559000
292.291667 293.291667 999.999 0.999   5.356 0.559000
296.291667 297.291667 999.999 0.999  10.676 0.559000
299.291667 300.291667   9.739 0.000 999.999 0.559259
303.291667 304.291667  12.101 0.000   4.517 0.559000
306.291667 307.291667   9.036 0.000   3.812 0.559000
310.291667 311.291667   4.330 0.000   4.057 0.559000
313.291667 314.291667   6.335 0.000   2.166 0.559000
317.291667 318.291667  11.157 0.000   4.923 0.559000
320.291667 321.291667  13.806 0.000   5.556 0.559000
324.291667 325.291667   8.582 0.000   7.121 0.559000
327.291667 328.291667  18.645 0.000   9.572 0.559000
331.291667 332.291667 999.999 0.999   2.025 0.559000
334.291667 335.291667   5.112 0.000   4.455 0.559000
338.291667 339.291667   4.699 0.000   3.519 0.559000
341.291667 342.291667 999.999 0.999 999.999 0.999000
345.291667 346.291667   6.882 0.000   2.691 0.559000
348.291667 349.291667   3.563 0.000   2.415 0.559000
352.291667 353.291667   8.577 0.000 999.999 0.559259
355.291667 356.291667   2.760 0.000   2.315 0.559000
359.291667 360.291667   5.437 0.000   4.598 0.559000
362.291667 363.291667 999.999 0.999 999.999 0.999000
