scripts/IMPROVE-2019_partial/data/US0071R.20000903080000.20191216000000.filterpack..pm25.4mo.1w.US03L_filterpack_US0071.US03L_IMPROVE_Davis.lev2.nas
64 1001
MISSING INFORMATION
US03L, IMPROVE, , , , , , , 
MISSING INFORMATION
IMPROVE sel_HTAP
1 1
2000 01 01 2019 12 16
3.000000
days from file reference point
25
1 1 1 1 1 1 1 1 1 1 1 1 1 1 1 1 1 1 1 1 1 1 1 1 1
999.999999 9999.99 9.999 999.99 9.999 9.999 9.999999 99.99 9.999999 99.999 9.999 99.999 9.999 99.999 9.999 999.999 9.999 999.999 9.999 999.999 9.999 9.999 9.999 9.999 9.999
end_time of measurement, days from the file reference point
iron, ng/m3, Revision date=20181210133000
numflag iron, no unit, Revision date=20181210133000
lead, ng/m3, Revision date=20181210133000
numflag lead, no unit, Revision date=20181210133000
magnesium, ug/m3, Revision date=20181210133000
numflag magnesium, no unit, Revision date=20181210133000
nickel, ng/m3, Revision date=20181210133000
numflag nickel, no unit, Revision date=20181210133000
nitrate, ug N/m3, Revision date=20181210133000
numflag nitrate, no unit, Revision date=20181210133000
organic_carbon, ug C/m3, Revision date=20181210133000
numflag organic_carbon, no unit, Revision date=20181210133000
organic_mass, ug/m3, Revision date=20181210133000
numflag organic_mass, no unit, Revision date=20181210133000
pm10_mass, ug/m3, Version=2, Version description=Data extracted from http://views.cira.colostate.edu/fed/DataWizard 2019-12-16, Sample duration=1d, Orig. time res.=3d, Matrix=pm10, Blank correction=Blank corrected, Volume std. temperature=ambient, Volume std. pressure=ambient
numflag pm10_mass, no unit, Version=2, Version description=Data extracted from http://views.cira.colostate.edu/fed/DataWizard 2019-12-16, Sample duration=1d, Orig. time res.=3d, Matrix=pm10, Blank correction=Blank corrected, Volume std. temperature=ambient, Volume std. pressure=ambient
pm10_pm25_mass, ug/m3, Revision date=20181210133000, Matrix=pm10_pm25
numflag pm10_pm25_mass, no unit, Revision date=20181210133000, Matrix=pm10_pm25
pm25_mass, ug/m3, Version=2, Version description=Data extracted from http://views.cira.colostate.edu/fed/DataWizard 2019-12-16, Sample duration=1d, Orig. time res.=3d, Blank correction=Blank corrected, Volume std. temperature=ambient, Volume std. pressure=ambient
numflag pm25_mass, no unit, Version=2, Version description=Data extracted from http://views.cira.colostate.edu/fed/DataWizard 2019-12-16, Sample duration=1d, Orig. time res.=3d, Blank correction=Blank corrected, Volume std. temperature=ambient, Volume std. pressure=ambient
potassium, ug/m3, Revision date=20181210133000
numflag potassium, no unit, Revision date=20181210133000
sulphate_total, ug S/m3, Revision date=20181210133000
numflag sulphate_total, no unit, Revision date=20181210133000
0
25
Data definition:              EBAS_1.1
Set type code:                TU
Timezone:                     UTC
File name:                    US0071R.20000903080000.20191216000000.filterpack..pm25.4mo.1w.US03L_filterpack_US0071.US03L_IMPROVE_Davis.lev2.nas
File creation:                20191218120014
Startdate:                    20000903080000
Revision date:                20191216000000
Statistics:                   arithmetic mean
Data level:                   2
Period code:                  4mo
Resolution code:              1w
Station code:                 US0071R
Platform code:                US0071S
Station name:                 Hells Canyon
Station latitude:             44.9702
Station longitude:            -116.8438
Station altitude:             655.0 m
Regime:                       IMG
Component:                    
Matrix:                       pm25
Laboratory code:              US03L
Instrument type:              filterpack
Instrument name:              filterpack_US0071
Method ref:                   US03L_IMPROVE_Davis
starttime endtime Fe flag_Fe Pb flag_Pb Mg++ flag_Mg++ Ni flag_Ni NO3- flag_NO3- OC flag_OC OM flag_OM PM10 flag_PM10 PM10-PM2.5 flag_PM10-PM2.5 PM2.5 flag_PM2.5 K+ flag_K+ SO4-- flag_SO4--
246.333333 247.333333 9999.99 0.999 999.99 0.999 9.999 0.999000 99.99 0.999000 99.999 0.999 99.999 0.999 99.999 0.999 999.999 0.999 999.999 0.999 999.999 0.999 9.999 0.999 9.999 0.999
249.333333 250.333333 9999.99 0.999 999.99 0.999 9.999 0.999000 99.99 0.999000 99.999 0.999 99.999 0.999 99.999 0.999 999.999 0.999 999.999 0.999 999.999 0.999 9.999 0.999 9.999 0.999
252.333333 253.333333 9999.99 0.999 999.99 0.999 9.999 0.999000 99.99 0.999000 99.999 0.999 99.999 0.999 99.999 0.999 999.999 0.999 999.999 0.999 999.999 0.999 9.999 0.999 9.999 0.999
255.333333 256.333333 9999.99 0.999 999.99 0.999 9.999 0.999000 99.99 0.999000 99.999 0.999 99.999 0.999 99.999 0.999 999.999 0.999 999.999 0.999 999.999 0.999 9.999 0.999 9.999 0.999
258.333333 259.333333 9999.99 0.999 999.99 0.999 9.999 0.999000 99.99 0.999000 99.999 0.999 99.999 0.999 99.999 0.999 999.999 0.999 999.999 0.999 999.999 0.999 9.999 0.999 9.999 0.999
261.333333 262.333333 9999.99 0.456 999.99 0.456 9.999 0.456000 99.99 0.456000  0.024 0.000  1.331 0.000  1.863 0.000   8.743 0.000 999.999 0.999 999.999 0.456 9.999 0.456 0.421 0.000
264.333333 265.333333   18.11 0.000 999.99 0.259 9.999 0.259000 99.99 0.259000  0.014 0.000  1.446 0.000  2.024 0.000   3.980 0.000   1.202 0.000   2.778 0.000 0.037 0.000 0.107 0.000
267.333333 268.333333   20.85 0.000   0.66 0.000 9.999 0.259000 99.99 0.259000  0.012 0.000  0.981 0.000  1.373 0.000   4.508 0.000   2.173 0.000   2.335 0.000 0.028 0.000 0.163 0.000
270.333333 271.333333   50.86 0.000   0.36 0.000 9.999 0.259000 99.99 0.259000  0.019 0.000  1.209 0.000  1.693 0.000   7.066 0.000   3.856 0.000   3.210 0.000 0.038 0.000 0.151 0.000
273.333333 274.333333   72.63 0.000   0.44 0.000 9.999 0.259000  2.51 0.000000  0.022 0.000  1.182 0.000  1.655 0.000   7.675 0.000   4.466 0.000   3.210 0.000 0.036 0.000 0.196 0.000
276.333333 277.333333   25.02 0.000   0.75 0.000 9.999 0.259000 99.99 0.259000  0.050 0.000  0.963 0.000  1.348 0.000   5.931 0.000   2.305 0.000   3.625 0.000 0.027 0.000 0.375 0.000
279.333333 280.333333   50.51 0.000   0.48 0.000 9.999 0.259000 99.99 0.259000  0.022 0.000  0.823 0.000  1.152 0.000   6.457 0.000   3.164 0.000   3.293 0.000 0.032 0.000 0.170 0.000
282.333333 283.333333  121.72 0.000   0.70 0.000 9.999 0.259000 99.99 0.259000  0.062 0.000  2.221 0.000  3.110 0.000  17.487 0.000  10.765 0.000   6.721 0.000 0.080 0.000 0.304 0.000
285.333333 286.333333   16.93 0.000   0.47 0.000 9.999 0.259000 99.99 0.259000  0.073 0.559  3.258 0.000  4.561 0.000   7.073 0.000   0.833 0.000   6.240 0.000 0.036 0.000 0.314 0.559
288.333333 289.333333    8.38 0.000   0.56 0.000 9.999 0.259000 99.99 0.259000  0.030 0.000  1.319 0.000  1.846 0.000   3.558 0.000   0.856 0.000   2.702 0.000 0.018 0.000 0.119 0.000
291.333333 292.333333   26.60 0.000   0.60 0.000 0.023 0.000000 99.99 0.259000  0.037 0.000  1.476 0.000  2.066 0.000   7.275 0.000   3.041 0.000   4.234 0.000 0.028 0.000 0.289 0.000
294.333333 295.333333    8.27 0.000   0.26 0.000 9.999 0.259000 99.99 0.259000  0.022 0.559  0.397 0.000  0.556 0.000   2.288 0.000   1.222 0.000   1.066 0.000 0.010 0.000 0.147 0.559
297.333333 298.333333   16.04 0.000   0.78 0.000 9.999 0.259000 99.99 0.259000  0.031 0.000  2.039 0.000  2.854 0.000   4.746 0.000   1.545 0.000   3.201 0.000 0.028 0.000 0.124 0.000
300.333333 301.333333    7.88 0.000   0.66 0.000 9.999 0.259000 99.99 0.259000  0.030 0.000  1.336 0.000  1.871 0.000   4.656 0.000   1.790 0.000   2.866 0.000 0.018 0.000 0.117 0.000
303.333333 304.333333    1.87 0.000   0.20 0.000 9.999 0.259000 99.99 0.259000  0.012 0.000  0.622 0.000  0.871 0.000   2.047 0.000   0.895 0.000   1.153 0.000 0.013 0.000 0.068 0.000
306.333333 307.333333   10.92 0.000   0.63 0.000 9.999 0.259000 99.99 0.259000  0.043 0.000  1.546 0.000  2.164 0.000   5.598 0.000   1.584 0.000   4.014 0.000 0.029 0.000 0.238 0.000
309.333333 310.333333    6.76 0.000 999.99 0.259 9.999 0.259000 99.99 0.259000  0.057 0.000  0.644 0.000  0.901 0.000   3.115 0.000   1.235 0.000   1.879 0.000 0.023 0.000 0.149 0.000
312.333333 313.333333    4.29 0.559   0.36 0.559 0.010 0.559000 99.99 0.559259  0.040 0.559  1.529 0.000  2.140 0.000   3.535 0.000   0.376 0.000   3.160 0.559 0.026 0.559 0.111 0.559
315.333333 316.333333    8.67 0.559   0.36 0.559 9.999 0.559259 99.99 0.559259  0.166 0.559  1.498 0.000  2.097 0.000   4.756 0.000   0.346 0.000   4.410 0.559 0.031 0.559 0.307 0.559
318.333333 319.333333    5.84 0.000   0.83 0.000 9.999 0.259000 99.99 0.259000  0.087 0.000  0.980 0.000  1.371 0.000   3.190 0.000   0.550 0.000   2.640 0.000 0.022 0.000 0.194 0.000
321.333333 322.333333    7.20 0.000   0.67 0.000 0.019 0.000000 99.99 0.259000  0.090 0.000  1.879 0.000  2.631 0.000   5.093 0.000   0.346 0.000   4.746 0.000 0.038 0.000 0.296 0.000
324.333333 325.333333   11.38 0.000   1.03 0.000 9.999 0.259000 99.99 0.259000  1.150 0.000  1.744 0.000  2.441 0.000  11.069 0.000   0.461 0.000  10.608 0.000 0.040 0.000 0.509 0.000
327.333333 328.333333   12.61 0.000   1.01 0.000 9.999 0.259000 99.99 0.259000  0.442 0.000  1.555 0.000  2.177 0.000   6.407 0.000   0.737 0.000   5.670 0.000 0.030 0.000 0.277 0.000
330.333333 331.333333    3.97 0.000   0.47 0.000 9.999 0.259000 99.99 0.259000  0.833 0.000  0.825 0.000  1.155 0.000   5.126 0.000 999.999 0.259   5.463 0.000 0.017 0.000 0.283 0.000
333.333333 334.333333    3.07 0.000   0.57 0.000 0.016 0.000000 99.99 0.259000  0.100 0.000  0.649 0.000  0.908 0.000   2.108 0.000   0.443 0.000   1.665 0.000 0.011 0.000 0.113 0.000
336.333333 337.333333    2.84 0.000   0.31 0.000 9.999 0.259000 99.99 0.259000  0.063 0.000  0.622 0.000  0.871 0.000   2.604 0.000   1.079 0.000   1.525 0.000 0.011 0.000 0.080 0.000
339.333333 340.333333   31.02 0.000   3.19 0.000 9.999 0.259000 99.99 0.259000  0.461 0.000  1.216 0.000  1.703 0.000   5.019 0.000 999.999 0.259   5.418 0.000 0.046 0.000 0.167 0.000
342.333333 343.333333    2.87 0.000   0.35 0.000 0.024 0.000000 99.99 0.259000  0.524 0.000  0.505 0.000  0.707 0.000   2.976 0.000 999.999 0.259   3.083 0.000 0.017 0.000 0.131 0.000
345.333333 346.333333    3.87 0.000   0.34 0.000 0.016 0.000000 99.99 0.259000  0.051 0.000  0.607 0.000  0.849 0.000   2.480 0.000   0.468 0.000   2.012 0.000 0.011 0.000 0.215 0.000
348.333333 349.333333    2.32 0.000 999.99 0.259 9.999 0.259000 99.99 0.259000  0.128 0.559  0.601 0.000  0.841 0.000   1.462 0.000   0.188 0.000   1.274 0.000 0.015 0.000 0.103 0.559
351.333333 352.333333    3.09 0.000 999.99 0.259 9.999 0.259000 99.99 0.259000  0.072 0.559  0.984 0.000  1.378 0.000   2.640 0.000   0.505 0.000   2.134 0.000 0.013 0.000 0.105 0.559
354.333333 355.333333    4.65 0.000   0.74 0.000 9.999 0.259000 99.99 0.259000  0.116 0.559  0.705 0.000  0.987 0.000   2.900 0.000   0.843 0.000   2.058 0.000 0.013 0.000 0.105 0.559
357.333333 358.333333    2.84 0.000  11.83 0.000 9.999 0.259000  0.09 0.000000  0.327 0.559  1.585 0.000  2.220 0.000   4.412 0.000 999.999 0.259   4.598 0.000 0.013 0.000 0.182 0.559
360.333333 361.333333    4.43 0.000   0.26 0.000 9.999 0.259000  0.35 0.000000  0.124 0.559  0.464 0.000  0.650 0.000   2.716 0.000   0.773 0.000   1.944 0.000 0.005 0.000 0.126 0.559
363.333333 364.333333   13.57 0.000 999.99 0.259 9.999 0.259000 99.99 0.259000  0.915 0.559  0.830 0.000  1.161 0.000   7.843 0.000 999.999 0.259   7.909 0.000 0.022 0.000 0.317 0.559
