scripts/IMPROVE-2019_partial/data/US0064R.19910102080000.20191216000000.filterpack...1y.3d.US03L_filterpack_US0064.US03L_IMPROVE_Davis.lev2.nas
52 1001
MISSING INFORMATION
US03L, IMPROVE, , , , , , , 
MISSING INFORMATION
IMPROVE sel_HTAP
1 1
1991 01 01 2019 12 16
0
days from file reference point
5
1 1 1 1 1
999.999999 999.999 9.999 99.999 9.999999
end_time of measurement, days from the file reference point
pm10_mass, ug/m3, Matrix=pm10
numflag pm10_mass, no unit, Matrix=pm10
pm25_mass, ug/m3, Matrix=pm25
numflag pm25_mass, no unit, Matrix=pm25
0
33
Data definition:              EBAS_1.1
Set type code:                TI
Timezone:                     UTC
File name:                    US0064R.19910102080000.20191216000000.filterpack...1y.3d.US03L_filterpack_US0064.US03L_IMPROVE_Davis.lev2.nas
File creation:                20191218115935
Startdate:                    19910102080000
Revision date:                20191216000000
Version:                      2
Version description:          "Data extracted from http://views.cira.colostate.edu/fed/DataWizard 2019-12-16"
Statistics:                   arithmetic mean
Data level:                   2
Period code:                  1y
Resolution code:              3d
Sample duration:              1d
Orig. time res.:              3d
Station code:                 US0064R
Platform code:                US0064S
Station name:                 Jarbidge Wilderness
Station latitude:             41.8926
Station longitude:            -115.4261
Station altitude:             1869.0 m
Regime:                       IMG
Component:                    
Unit:                         ug/m3
Matrix:                       
Laboratory code:              US03L
Instrument type:              filterpack
Instrument name:              filterpack_US0064
Method ref:                   US03L_IMPROVE_Davis
Blank correction:             Blank corrected
Volume std. temperature:      ambient
Volume std. pressure:         ambient
starttime endtime PM10 flag_PM10 PM2.5 flag_PM2.5
  1.333333   2.333333   0.444 0.000 99.999 0.559259
  4.333333   5.333333   1.169 0.000  0.350 0.559000
  8.333333   9.333333   1.895 0.000  0.831 0.559000
 11.333333  12.333333   1.721 0.000 99.999 0.559259
 15.333333  16.333333 999.999 0.999  0.975 0.559000
 18.333333  19.333333   3.589 0.000  1.646 0.559000
 22.333333  23.333333   1.394 0.000 99.999 0.559259
 25.333333  26.333333   1.833 0.000 99.999 0.559259
 29.333333  30.333333   1.412 0.000  1.182 0.559000
 32.333333  33.333333   2.171 0.000  1.003 0.559000
 36.333333  37.333333 999.999 0.999  0.810 0.559000
 39.333333  40.333333   2.422 0.000  1.495 0.559000
 43.333333  44.333333 999.999 0.999 99.999 0.999000
 46.333333  47.333333 999.999 0.999 99.999 0.999000
 50.333333  51.333333 999.999 0.999 99.999 0.999000
 53.333333  54.333333 999.999 0.999 99.999 0.999000
 57.333333  58.333333 999.999 0.999 99.999 0.999000
 60.333333  61.333333 999.999 0.999 99.999 0.999000
 64.333333  65.333333 999.999 0.999  1.003 0.559000
 67.333333  68.333333 999.999 0.999  2.654 0.559000
 71.333333  72.333333 999.999 0.999  1.772 0.559000
 74.333333  75.333333 999.999 0.999  1.994 0.559000
 78.333333  79.333333 999.999 0.999  2.244 0.559000
 81.333333  82.333333 999.999 0.999  1.955 0.559000
 85.333333  86.333333 999.999 0.999  0.921 0.559000
 88.333333  89.333333 999.999 0.999  3.873 0.559000
 92.333333  93.333333 999.999 0.999  5.080 0.559000
 95.333333  96.333333 999.999 0.999  4.540 0.559000
 99.333333 100.333333 999.999 0.999 99.999 0.999000
102.333333 103.333333 999.999 0.999  2.620 0.559000
106.333333 107.333333 999.999 0.999 99.999 0.999000
109.333333 110.333333 999.999 0.999  3.408 0.559000
113.333333 114.333333 999.999 0.999  2.539 0.559000
116.333333 117.333333 999.999 0.999  1.073 0.559000
120.333333 121.333333 999.999 0.999  3.875 0.559000
123.333333 124.333333 999.999 0.999  4.844 0.559000
127.333333 128.333333 999.999 0.999 99.999 0.999000
130.333333 131.333333   3.553 0.000  2.160 0.559000
134.333333 135.333333 999.999 0.999 99.999 0.999000
137.333333 138.333333  14.221 0.000  1.839 0.559000
141.333333 142.333333   7.259 0.000  4.717 0.559000
144.333333 145.333333  39.079 0.000  7.013 0.559000
148.333333 149.333333  12.372 0.000  3.249 0.559000
151.333333 152.333333 999.999 0.999 99.999 0.559259
155.333333 156.333333   7.700 0.000  3.252 0.559000
158.333333 159.333333  12.997 0.000  3.333 0.559000
162.333333 163.333333  10.913 0.000  6.224 0.559000
165.333333 166.333333   7.888 0.000  4.130 0.559000
169.333333 170.333333   9.903 0.000  4.408 0.559000
172.333333 173.333333  10.806 0.000  4.704 0.559000
176.333333 177.333333   6.051 0.000  2.599 0.559000
179.333333 180.333333   8.562 0.000  1.621 0.559000
183.333333 184.333333  14.321 0.000 99.999 0.559259
186.333333 187.333333  18.318 0.000  5.061 0.559000
190.333333 191.333333  14.112 0.000 99.999 0.559259
193.333333 194.333333  15.427 0.000  5.727 0.559000
197.333333 198.333333  12.669 0.000  5.380 0.559000
200.333333 201.333333   8.497 0.000  4.359 0.559000
204.333333 205.333333   7.434 0.000  3.183 0.559000
207.333333 208.333333   8.750 0.000  2.973 0.559000
211.333333 212.333333  17.422 0.000  4.726 0.559000
214.333333 215.333333  17.378 0.000  4.910 0.559000
218.333333 219.333333   9.493 0.000  5.697 0.559000
221.333333 222.333333  25.403 0.000  6.860 0.559000
225.333333 226.333333 999.999 0.999 99.999 0.999000
228.333333 229.333333 999.999 0.999 99.999 0.999000
232.333333 233.333333  10.741 0.000  5.253 0.559000
235.333333 236.333333   9.097 0.000  3.291 0.559000
239.333333 240.333333 999.999 0.999  4.892 0.559000
242.333333 243.333333 999.999 0.999  3.354 0.559000
246.333333 247.333333  15.460 0.000  3.823 0.559000
249.333333 250.333333  12.000 0.000  3.708 0.559000
253.333333 254.333333 999.999 0.999 99.999 0.999000
256.333333 257.333333  16.274 0.000  4.164 0.559000
260.333333 261.333333 999.999 0.999 99.999 0.999000
263.333333 264.333333  15.175 0.000  4.201 0.559000
267.333333 268.333333  12.642 0.000  3.535 0.559000
270.333333 271.333333  12.500 0.000  2.979 0.559000
274.333333 275.333333  11.417 0.000  3.375 0.559000
277.333333 278.333333  24.160 0.000  5.469 0.559000
281.333333 282.333333  15.021 0.000  3.832 0.559000
284.333333 285.333333  12.840 0.000  5.346 0.559000
288.333333 289.333333  13.333 0.000  3.448 0.559000
291.333333 292.333333  16.198 0.000  2.492 0.559000
295.333333 296.333333  15.234 0.000  1.456 0.559000
298.333333 299.333333   3.119 0.000  0.485 0.559000
302.333333 303.333333  10.182 0.000  7.335 0.559000
305.333333 306.333333  12.884 0.000  5.392 0.559000
309.333333 310.333333   6.085 0.000  1.173 0.559000
312.333333 313.333333   2.826 0.000  2.547 0.559000
316.333333 317.333333  16.171 0.000  1.630 0.559000
319.333333 320.333333   6.388 0.000  1.505 0.559000
323.333333 324.333333   6.360 0.000 99.999 0.559259
326.333333 327.333333  10.245 0.000  0.994 0.559000
330.333333 331.333333   3.922 0.000  0.722 0.559000
333.333333 334.333333   4.723 0.000  1.038 0.559000
337.333333 338.333333 999.999 0.999 99.999 0.999000
340.333333 341.333333 999.999 0.999 99.999 0.999000
344.333333 345.333333 999.999 0.999 99.999 0.999000
347.333333 348.333333 999.999 0.999 99.999 0.999000
351.333333 352.333333   8.624 0.000  2.452 0.559000
354.333333 355.333333  11.127 0.000  1.442 0.559000
358.333333 359.333333   7.366 0.000  0.667 0.559000
361.333333 362.333333   5.304 0.000  2.127 0.559000
