scripts/IMPROVE-2019_partial/data/US0074R.19890104060000.20191216000000.filterpack...1y.3d.US03L_filterpack_US0074.US03L_IMPROVE_Davis.lev2.nas
51 1001
MISSING INFORMATION
US03L, IMPROVE, , , , , , , 
MISSING INFORMATION
IMPROVE sel_HTAP
1 1
1989 01 01 2019 12 16
0
days from file reference point
4
1 1 1 1
999.99 999.999 999.999 9.999
end_time of measurement, days from the file reference point
pm10_mass, ug/m3, Matrix=pm10
pm25_mass, ug/m3, Matrix=pm25
numflag, no unit
0
33
Data definition:              EBAS_1.1
Set type code:                TI
Timezone:                     UTC
File name:                    US0074R.19890104060000.20191216000000.filterpack...1y.3d.US03L_filterpack_US0074.US03L_IMPROVE_Davis.lev2.nas
File creation:                20191218120029
Startdate:                    19890104060000
Revision date:                20191216000000
Version:                      2
Version description:          "Data extracted from http://views.cira.colostate.edu/fed/DataWizard 2019-12-16"
Statistics:                   arithmetic mean
Data level:                   2
Period code:                  1y
Resolution code:              3d
Sample duration:              1d
Orig. time res.:              3d
Station code:                 US0074R
Platform code:                US0074S
Station name:                 Guadalupe Mountains NP
Station latitude:             31.833
Station longitude:            -104.8094
Station altitude:             1672.0 m
Regime:                       IMG
Component:                    
Unit:                         ug/m3
Matrix:                       
Laboratory code:              US03L
Instrument type:              filterpack
Instrument name:              filterpack_US0074
Method ref:                   US03L_IMPROVE_Davis
Blank correction:             Blank corrected
Volume std. temperature:      ambient
Volume std. pressure:         ambient
starttime endtime PM10 PM2.5 flag
  3.25   4.25   5.472   3.149 0.000
  6.25   7.25   8.088   2.353 0.000
 10.25  11.25  11.365   4.050 0.000
 13.25  14.25  10.754   4.161 0.000
 17.25  18.25  10.437   3.682 0.000
 20.25  21.25   7.280   2.610 0.000
 24.25  25.25  11.786   4.194 0.000
 27.25  28.25 999.999   2.553 0.000
 31.25  32.25   8.498   3.241 0.000
 34.25  35.25   8.775   6.065 0.000
 38.25  39.25   8.200   5.935 0.000
 41.25  42.25  13.600   7.096 0.000
 45.25  46.25   4.646   1.624 0.000
 48.25  49.25   2.559   2.006 0.000
 52.25  53.25   6.585   3.397 0.000
 55.25  56.25  10.569   4.825 0.000
 59.25  60.25   8.107   3.546 0.000
 62.25  63.25  19.259   7.025 0.000
 66.25  67.25   6.367   3.053 0.000
 69.25  70.25   5.592   2.679 0.000
 73.25  74.25 999.999 999.999 0.999
 76.25  77.25  52.470  17.007 0.000
 80.25  81.25   6.968   4.563 0.000
 83.25  84.25   9.960   4.142 0.000
 87.25  88.25   9.611   4.735 0.000
 90.25  91.25  18.023   4.671 0.000
 94.25  95.25  16.126   5.255 0.000
 97.25  98.25  35.312   8.071 0.000
101.25 102.25  24.106   8.199 0.000
104.25 105.25 999.999 999.999 0.999
108.25 109.25  17.677  10.574 0.000
111.25 112.25  41.976  11.974 0.000
115.25 116.25 999.999 999.999 0.999
118.25 119.25  24.032   6.144 0.000
122.25 123.25  16.403   7.310 0.000
125.25 126.25  23.594   6.199 0.000
129.25 130.25  11.073   7.121 0.000
132.25 133.25  18.046   3.034 0.000
136.25 137.25  11.326   4.303 0.000
139.25 140.25 999.999 999.999 0.999
143.25 144.25 999.999 999.999 0.999
146.25 147.25  15.680  13.934 0.000
150.25 151.25  17.052   9.108 0.000
153.25 154.25  18.069  10.870 0.000
157.25 158.25  14.107   5.490 0.000
160.25 161.25  23.720  14.237 0.000
164.25 165.25   6.094   3.667 0.000
167.25 168.25  13.948   5.638 0.000
171.25 172.25  19.742   7.871 0.000
174.25 175.25  17.665   7.017 0.000
178.25 179.25  17.106   6.959 0.000
181.25 182.25  16.638   6.858 0.000
185.25 186.25  16.767  10.957 0.000
188.25 189.25  25.541  14.444 0.000
192.25 193.25  18.182   8.148 0.000
195.25 196.25  31.062  10.172 0.000
199.25 200.25  20.617   9.247 0.000
202.25 203.25   9.389   6.678 0.000
206.25 207.25  11.092   5.318 0.000
209.25 210.25   9.954   4.247 0.000
213.25 214.25  13.790   8.288 0.000
216.25 217.25  11.455   6.068 0.000
220.25 221.25 999.999 999.999 0.999
223.25 224.25 999.999  12.148 0.000
227.25 228.25  10.199   5.743 0.000
230.25 231.25  10.667   5.439 0.000
234.25 235.25   5.687   3.412 0.000
237.25 238.25   6.635   3.784 0.000
241.25 242.25   6.977   3.077 0.000
244.25 245.25   8.170   3.899 0.000
248.25 249.25  13.333   7.809 0.000
251.25 252.25  11.950   5.216 0.000
255.25 256.25   3.856   2.104 0.000
258.25 259.25   5.808   2.988 0.000
262.25 263.25  13.228   9.193 0.000
265.25 266.25  14.213   3.789 0.000
269.25 270.25  12.041   5.228 0.000
272.25 273.25  12.279   6.554 0.111
276.25 277.25  16.513   7.508 0.000
279.25 280.25  11.116   5.231 0.000
283.25 284.25   6.468   3.503 0.000
286.25 287.25   9.191   4.459 0.000
290.25 291.25  11.760   5.076 0.000
293.25 294.25   8.841   4.800 0.000
297.25 298.25  12.387   6.540 0.000
300.25 301.25  13.498   3.866 0.000
304.25 305.25  18.368   5.521 0.000
307.25 308.25  23.004   7.781 0.000
311.25 312.25  10.088   5.111 0.000
314.25 315.25  12.607   4.762 0.000
318.25 319.25  13.519   3.691 0.000
321.25 322.25  21.878   5.890 0.000
325.25 326.25  81.548 999.999 0.000
328.25 329.25  17.448   4.984 0.000
332.25 333.25   8.522   5.129 0.000
335.25 336.25  12.692   4.968 0.000
339.25 340.25 999.999 999.999 0.999
342.25 343.25  11.121   5.248 0.000
346.25 347.25 999.999 999.999 0.999
349.25 350.25  35.738   5.290 0.000
353.25 354.25 999.999 999.999 0.999
356.25 357.25  15.702   6.176 0.000
360.25 361.25   6.164   3.019 0.000
363.25 364.25   3.750   2.910 0.000
