scripts/IMPROVE-2019_partial/data/US0024R.20080101080000.20191216000000.filterpack...52w.3d.US03L_filterpack_US0024.US03L_IMPROVE_Davis.lev2.nas
51 1001
MISSING INFORMATION
US03L, IMPROVE, , , , , , , 
MISSING INFORMATION
IMPROVE sel_HTAP
1 1
2008 01 01 2019 12 16
3.000000
days from file reference point
4
1 1 1 1
999.999999 999.999 999.999 9.999
end_time of measurement, days from the file reference point
pm10_mass, ug/m3, Matrix=pm10
pm25_mass, ug/m3, Matrix=pm25
numflag, no unit
0
33
Data definition:              EBAS_1.1
Set type code:                TU
Timezone:                     UTC
File name:                    US0024R.20080101080000.20191216000000.filterpack...52w.3d.US03L_filterpack_US0024.US03L_IMPROVE_Davis.lev2.nas
File creation:                20191218115701
Startdate:                    20080101080000
Revision date:                20191216000000
Version:                      2
Version description:          "Data extracted from http://views.cira.colostate.edu/fed/DataWizard 2019-12-16"
Statistics:                   arithmetic mean
Data level:                   2
Period code:                  52w
Resolution code:              3d
Sample duration:              1d
Orig. time res.:              3d
Station code:                 US0024R
Platform code:                US0024S
Station name:                 Kaiser
Station latitude:             37.2207
Station longitude:            -119.1546
Station altitude:             2597.0 m
Regime:                       IMG
Component:                    
Unit:                         ug/m3
Matrix:                       
Laboratory code:              US03L
Instrument type:              filterpack
Instrument name:              filterpack_US0024
Method ref:                   US03L_IMPROVE_Davis
Blank correction:             Blank corrected
Volume std. temperature:      ambient
Volume std. pressure:         ambient
starttime endtime PM10 PM2.5 flag
  0.333333   1.333333   1.018   0.643 0.000
  3.333333   4.333333   1.371   0.308 0.000
  6.333333   7.333333   0.903   0.494 0.000
  9.333333  10.333333   0.466   0.424 0.000
 12.333333  13.333333   1.490   0.820 0.000
 15.333333  16.333333 999.999 999.999 0.456
 18.333333  19.333333 999.999 999.999 0.456
 21.333333  22.333333   1.735   0.635 0.000
 24.333333  25.333333 999.999 999.999 0.456
 27.333333  28.333333 999.999 999.999 0.456
 30.333333  31.333333 999.999 999.999 0.999
 33.333333  34.333333 999.999 999.999 0.999
 36.333333  37.333333   1.706   1.400 0.000
 39.333333  40.333333   1.172   0.778 0.000
 42.333333  43.333333   1.806   0.962 0.000
 45.333333  46.333333   4.471   1.607 0.000
 48.333333  49.333333   3.662   1.705 0.000
 51.333333  52.333333   1.752   0.339 0.000
 54.333333  55.333333   0.258   0.153 0.000
 57.333333  58.333333   1.828   0.951 0.000
 60.333333  61.333333   3.379   2.269 0.000
 63.333333  64.333333   2.984   1.844 0.000
 66.333333  67.333333   3.985   2.197 0.000
 69.333333  70.333333   4.265   2.869 0.000
 72.333333  73.333333   2.026   1.121 0.000
 75.333333  76.333333   1.463   0.349 0.000
 78.333333  79.333333   7.430   3.507 0.000
 81.333333  82.333333   6.057   3.524 0.000
 84.333333  85.333333   2.142   1.311 0.000
 87.333333  88.333333   3.769   1.801 0.000
 90.333333  91.333333   2.822   1.993 0.000
 93.333333  94.333333  16.851   5.336 0.000
 96.333333  97.333333   7.096   3.636 0.000
 99.333333 100.333333   6.630   3.720 0.000
102.333333 103.333333   5.041   2.698 0.000
105.333333 106.333333   9.238   4.959 0.000
108.333333 109.333333  10.294   5.926 0.000
111.333333 112.333333   9.089   7.670 0.000
114.333333 115.333333   6.817   4.545 0.000
117.333333 118.333333  13.731   8.515 0.000
120.333333 121.333333  11.708   6.360 0.000
123.333333 124.333333  14.246   7.625 0.000
126.333333 127.333333 999.999 999.999 0.999
129.333333 130.333333  20.201  10.562 0.000
132.333333 133.333333  13.291   6.112 0.000
135.333333 136.333333   5.787   2.123 0.000
138.333333 139.333333   8.299   4.431 0.000
141.333333 142.333333  14.083   4.887 0.000
144.333333 145.333333   4.779   3.474 0.000
147.333333 148.333333   4.544   3.741 0.000
150.333333 151.333333   8.764   5.555 0.000
153.333333 154.333333   6.966   4.256 0.000
156.333333 157.333333   8.025   3.246 0.000
159.333333 160.333333   8.295   4.624 0.000
162.333333 163.333333  10.418   3.720 0.000
165.333333 166.333333  17.184   8.300 0.000
168.333333 169.333333  12.595   7.624 0.000
171.333333 172.333333   8.900   3.094 0.000
174.333333 175.333333  18.324  14.435 0.000
177.333333 178.333333  36.887  27.364 0.000
180.333333 181.333333  10.040   5.584 0.000
183.333333 184.333333  20.443   9.445 0.000
186.333333 187.333333   7.211   4.141 0.000
189.333333 190.333333  15.975  11.030 0.000
192.333333 193.333333  42.635  34.526 0.000
195.333333 196.333333 999.999 999.999 0.999
198.333333 199.333333 999.999 999.999 0.999
201.333333 202.333333 999.999 999.999 0.999
204.333333 205.333333  17.206   7.707 0.000
207.333333 208.333333  14.996   8.862 0.000
210.333333 211.333333  21.525  13.775 0.000
213.333333 214.333333  10.553   4.331 0.000
216.333333 217.333333   8.169   2.960 0.000
219.333333 220.333333  11.774   4.430 0.000
222.333333 223.333333   8.854   3.766 0.000
225.333333 226.333333  11.989   4.955 0.000
228.333333 229.333333  18.754  10.601 0.000
231.333333 232.333333  11.619   4.506 0.000
234.333333 235.333333  10.997   3.487 0.000
237.333333 238.333333   8.136   3.557 0.000
240.333333 241.333333  14.039   4.988 0.000
243.333333 244.333333  11.659   3.255 0.000
246.333333 247.333333  19.927   8.671 0.000
249.333333 250.333333  15.590   8.656 0.000
252.333333 253.333333   9.491   4.704 0.000
255.333333 256.333333  38.418  29.150 0.000
258.333333 259.333333  16.657  11.906 0.000
261.333333 262.333333  11.323   5.585 0.000
264.333333 265.333333   6.611   3.448 0.000
267.333333 268.333333  13.490   8.419 0.000
270.333333 271.333333  13.652   7.243 0.000
273.333333 274.333333   9.612   4.691 0.000
276.333333 277.333333   9.738   5.877 0.000
279.333333 280.333333   3.639   2.787 0.000
282.333333 283.333333  11.906   5.121 0.000
285.333333 286.333333   4.076   2.186 0.000
288.333333 289.333333   8.662   6.217 0.000
291.333333 292.333333  12.216   6.455 0.000
294.333333 295.333333   8.505   3.336 0.000
297.333333 298.333333   8.607   5.079 0.000
300.333333 301.333333   6.798   4.207 0.000
303.333333 304.333333  13.611   3.927 0.000
306.333333 307.333333   1.782   0.990 0.000
309.333333 310.333333   2.431   0.938 0.000
312.333333 313.333333   1.673   0.905 0.000
315.333333 316.333333   3.425   0.570 0.000
318.333333 319.333333   7.130   0.127 0.000
321.333333 322.333333   1.067   0.480 0.000
324.333333 325.333333   3.898   1.450 0.000
327.333333 328.333333   1.993   1.397 0.000
330.333333 331.333333   2.053   1.156 0.000
333.333333 334.333333   0.206   0.160 0.000
336.333333 337.333333   0.759   0.651 0.000
339.333333 340.333333   1.247   0.577 0.000
342.333333 343.333333   0.671   0.358 0.000
345.333333 346.333333   3.083   2.619 0.000
348.333333 349.333333   1.080   0.714 0.000
351.333333 352.333333   1.362   0.427 0.000
354.333333 355.333333   0.969   0.515 0.000
357.333333 358.333333   0.599   0.262 0.000
360.333333 361.333333   2.132   0.396 0.000
363.333333 364.333333   2.727   0.453 0.000
