scripts/IMPROVE-2019_partial/data/US0089R.20020102070000.20191216000000.filterpack..pm25.52w.1w.US03L_filterpack_US0089.US03L_IMPROVE_Davis.lev2.nas
66 1001
MISSING INFORMATION
US03L, IMPROVE, , , , , , , 
MISSING INFORMATION
IMPROVE sel_HTAP
1 1
2002 01 01 2019 12 16
3.000000
days from file reference point
27
1 1 1 1 1 1 1 1 1 1 1 1 1 1 1 1 1 1 1 1 1 1 1 1 1 1 1
999.999999 9999.99 9.999 99.99 9.999999 9.999 9.999999 9.99 9.999999 9.999 9.999 99.999 9.999 99.999 9.999 999.99 9.999999 999.999 9.999 999.999 9.999 99.999 9.999 9.999 9.999 9.999 9.999
end_time of measurement, days from the file reference point
iron, ng/m3, Revision date=20181210133000
numflag iron, no unit, Revision date=20181210133000
lead, ng/m3, Revision date=20181210133000
numflag lead, no unit, Revision date=20181210133000
magnesium, ug/m3, Revision date=20181210133000
numflag magnesium, no unit, Revision date=20181210133000
nickel, ng/m3, Revision date=20181210133000
numflag nickel, no unit, Revision date=20181210133000
nitrate, ug N/m3, Revision date=20181210133000
numflag nitrate, no unit, Revision date=20181210133000
organic_carbon, ug C/m3, Revision date=20181210133000
numflag organic_carbon, no unit, Revision date=20181210133000
organic_mass, ug/m3, Revision date=20181210133000
numflag organic_mass, no unit, Revision date=20181210133000
phosphorus, ng/m3, Revision date=20181210133000
numflag phosphorus, no unit, Revision date=20181210133000
pm10_mass, ug/m3, Version=2, Version description=Data extracted from http://views.cira.colostate.edu/fed/DataWizard 2019-12-16, Sample duration=1d, Orig. time res.=3d, Matrix=pm10, Blank correction=Blank corrected, Volume std. temperature=ambient, Volume std. pressure=ambient
numflag pm10_mass, no unit, Version=2, Version description=Data extracted from http://views.cira.colostate.edu/fed/DataWizard 2019-12-16, Sample duration=1d, Orig. time res.=3d, Matrix=pm10, Blank correction=Blank corrected, Volume std. temperature=ambient, Volume std. pressure=ambient
pm10_pm25_mass, ug/m3, Revision date=20181210133000, Matrix=pm10_pm25
numflag pm10_pm25_mass, no unit, Revision date=20181210133000, Matrix=pm10_pm25
pm25_mass, ug/m3, Version=2, Version description=Data extracted from http://views.cira.colostate.edu/fed/DataWizard 2019-12-16, Sample duration=1d, Orig. time res.=3d, Blank correction=Blank corrected, Volume std. temperature=ambient, Volume std. pressure=ambient
numflag pm25_mass, no unit, Version=2, Version description=Data extracted from http://views.cira.colostate.edu/fed/DataWizard 2019-12-16, Sample duration=1d, Orig. time res.=3d, Blank correction=Blank corrected, Volume std. temperature=ambient, Volume std. pressure=ambient
potassium, ug/m3, Revision date=20181210133000
numflag potassium, no unit, Revision date=20181210133000
sulphate_total, ug S/m3, Revision date=20181210133000
numflag sulphate_total, no unit, Revision date=20181210133000
0
25
Data definition:              EBAS_1.1
Set type code:                TU
Timezone:                     UTC
File name:                    US0089R.20020102070000.20191216000000.filterpack..pm25.52w.1w.US03L_filterpack_US0089.US03L_IMPROVE_Davis.lev2.nas
File creation:                20191218120125
Startdate:                    20020102070000
Revision date:                20191216000000
Statistics:                   arithmetic mean
Data level:                   2
Period code:                  52w
Resolution code:              1w
Station code:                 US0089R
Platform code:                US0089S
Station name:                 Bridger Wilderness
Station latitude:             42.9749
Station longitude:            -109.7579
Station altitude:             2626.0 m
Regime:                       IMG
Component:                    
Matrix:                       pm25
Laboratory code:              US03L
Instrument type:              filterpack
Instrument name:              filterpack_US0089
Method ref:                   US03L_IMPROVE_Davis
starttime endtime Fe flag_Fe Pb flag_Pb Mg++ flag_Mg++ Ni flag_Ni NO3- flag_NO3- OC flag_OC OM flag_OM P flag_P PM10 flag_PM10 PM10-PM2.5 flag_PM10-PM2.5 PM2.5 flag_PM2.5 K+ flag_K+ SO4-- flag_SO4--
[from data line 81]
244.291667 245.291667   21.41 0.559  0.38 0.559000 9.999 0.559259 9.99 0.559259 0.011 0.000  0.641 0.000  0.897 0.000 999.99 0.559259   3.452 0.000   2.115 0.000  1.337 0.559 0.020 0.559 0.076 0.000
247.291667 248.291667   77.15 0.699  0.77 0.699000 0.048 0.699000 9.99 0.699259 0.037 0.000  1.433 0.000  2.007 0.000 999.99 0.699259  11.029 0.000   5.481 0.000  5.548 0.699 0.078 0.699 0.313 0.000
250.291667 251.291667    5.95 0.000  0.24 0.000000 9.999 0.259000 0.13 0.000000 0.022 0.000  0.535 0.000  0.749 0.000 999.99 0.259000   1.315 0.000   0.244 0.000  1.071 0.000 0.007 0.000 0.074 0.000
253.291667 254.291667   17.61 0.000  0.54 0.000000 9.999 0.259000 0.10 0.000000 0.015 0.000  0.685 0.000  0.959 0.000 999.99 0.259000   4.109 0.000   1.395 0.000  2.715 0.000 0.016 0.000 0.191 0.000
256.291667 257.291667   22.62 0.000  0.88 0.000000 9.999 0.259000 9.99 0.259000 0.015 0.000  1.238 0.000  1.733 0.000 999.99 0.259000   5.637 0.000   1.992 0.000  3.645 0.000 0.025 0.000 0.156 0.000
259.291667 260.291667  104.58 0.559  0.59 0.559000 9.999 0.559259 9.99 0.559259 0.040 0.000  0.643 0.000  0.900 0.000 999.99 0.559259   8.521 0.000   4.010 0.000  4.511 0.559 0.050 0.559 0.210 0.000
262.291667 263.291667   15.89 0.000  0.52 0.000000 0.028 0.000000 9.99 0.259000 0.014 0.000  0.422 0.000  0.591 0.000   5.90 0.000000   4.109 0.000   2.175 0.000  1.934 0.000 0.016 0.000 0.091 0.000
265.291667 266.291667   14.61 0.000  0.64 0.000000 9.999 0.259000 9.99 0.259000 0.014 0.000  0.704 0.000  0.985 0.000 999.99 0.259000   3.904 0.000   1.578 0.000  2.325 0.000 0.019 0.000 0.114 0.000
268.291667 269.291667   60.72 0.559  0.71 0.559000 9.999 0.559259 0.05 0.559000 0.039 0.000  1.334 0.000  1.867 0.000 999.99 0.559259   7.978 0.000   3.008 0.000  4.970 0.559 0.058 0.559 0.241 0.000
271.291667 272.291667   24.67 0.559  0.56 0.559000 9.999 0.559259 0.11 0.559000 0.026 0.000  0.391 0.000  0.548 0.000 999.99 0.559259   3.698 0.000   1.449 0.000  2.250 0.559 0.019 0.559 0.153 0.000
274.291667 275.291667   15.84 0.000  0.38 0.000000 9.999 0.259000 0.08 0.000000 0.037 0.000 99.999 0.999 99.999 0.999 999.99 0.259000   1.819 0.000   0.604 0.000  1.214 0.000 0.080 0.000 0.069 0.000
277.291667 278.291667   12.54 0.000  0.72 0.000000 9.999 0.259000 0.06 0.000000 0.036 0.000 99.999 0.999 99.999 0.999 999.99 0.259000   3.018 0.000   0.599 0.000  2.418 0.000 0.019 0.000 0.178 0.000
280.291667 281.291667   13.67 0.000  0.43 0.000000 9.999 0.259000 9.99 0.259000 0.028 0.000  0.641 0.000  0.897 0.000  21.60 0.000000   3.986 0.000   3.051 0.000  0.936 0.000 0.016 0.000 0.078 0.000
283.291667 284.291667   26.88 0.000  0.43 0.000000 9.999 0.259000 9.99 0.259000 0.054 0.000 99.999 0.999 99.999 0.999 999.99 0.259000 999.999 0.456 999.999 0.999  2.873 0.000 0.045 0.000 0.114 0.000
286.291667 287.291667   20.70 0.000  0.59 0.000000 9.999 0.259000 9.99 0.259000 0.033 0.000 99.999 0.999 99.999 0.999  29.28 0.000000 999.999 0.456 999.999 0.999  0.158 0.000 0.024 0.000 0.070 0.000
289.291667 290.291667   20.79 0.456  0.59 0.456000 9.999 0.456259 9.99 0.456259 0.009 0.000  0.514 0.000  0.719 0.000 999.99 0.456259   2.753 0.000 999.999 0.999 99.999 0.456 0.024 0.456 0.061 0.000
292.291667 293.291667   31.12 0.000  0.79 0.000000 0.022 0.000000 0.05 0.000000 0.089 0.000  0.777 0.000  1.088 0.000 999.99 0.259000   5.506 0.000   2.816 0.000  2.690 0.000 0.032 0.000 0.075 0.000
295.291667 296.291667    6.42 0.699  0.33 0.699000 9.999 0.699259 0.14 0.699000 0.139 0.000  4.310 0.000  6.034 0.000 999.99 0.699259   9.245 0.000   0.590 0.000  8.655 0.699 0.137 0.699 0.261 0.000
298.291667 299.291667   27.25 0.000  1.16 0.000000 9.999 0.259000 0.09 0.000000 0.181 0.000  1.477 0.000  2.068 0.000 999.99 0.259000   6.366 0.000   1.133 0.000  5.233 0.000 0.132 0.000 0.393 0.000
301.291667 302.291667    7.18 0.000 99.99 0.259000 0.018 0.000000 0.08 0.000000 0.019 0.000  0.319 0.000  0.446 0.000 999.99 0.259000   1.860 0.000   0.567 0.000  1.294 0.000 0.021 0.000 0.131 0.000
304.291667 305.291667   11.32 0.000  0.24 0.000000 9.999 0.259000 0.08 0.000000 0.081 0.000  0.469 0.000  0.657 0.000 999.99 0.259000   3.202 0.000   0.489 0.000  2.713 0.000 0.140 0.000 0.321 0.000
307.291667 308.291667    6.48 0.000  0.39 0.000000 9.999 0.259000 0.09 0.000000 0.012 0.000  0.406 0.000  0.569 0.000 999.99 0.259000   1.289 0.000   0.163 0.000  1.126 0.000 0.008 0.000 0.106 0.000
310.291667 311.291667   17.63 0.000  0.47 0.000000 9.999 0.259000 9.99 0.259000 0.073 0.000  0.621 0.000  0.870 0.000 999.99 0.259000   3.307 0.000   1.314 0.000  1.993 0.000 0.061 0.000 0.092 0.000
313.291667 314.291667    2.11 0.000  0.17 0.000000 9.999 0.259000 9.99 0.259000 0.016 0.000  0.353 0.000  0.495 0.000 999.99 0.259000   0.790 0.000   0.344 0.000  0.446 0.000 0.005 0.000 0.044 0.000
316.291667 317.291667    1.53 0.000 99.99 0.259000 9.999 0.259000 9.99 0.259000 0.015 0.000  0.335 0.000  0.469 0.000 999.99 0.259000   1.199 0.000   0.154 0.000  1.045 0.000 0.003 0.000 0.091 0.000
319.291667 320.291667    7.40 0.000  0.65 0.000000 9.999 0.259000 9.99 0.259000 0.010 0.000  0.249 0.000  0.348 0.000 999.99 0.259000   1.943 0.000   0.314 0.000  1.629 0.000 0.013 0.000 0.153 0.000
322.291667 323.291667    4.21 0.000  0.23 0.000000 9.999 0.259000 9.99 0.259000 0.027 0.000  0.177 0.000  0.248 0.000 999.99 0.259000   1.171 0.000   0.316 0.000  0.855 0.000 0.006 0.000 0.063 0.000
325.291667 326.291667    1.69 0.000 99.99 0.259000 9.999 0.259000 9.99 0.259000 0.004 0.000  0.163 0.000  0.228 0.000 999.99 0.259000   0.493 0.000 999.999 0.259  0.615 0.000 0.003 0.000 0.024 0.000
328.291667 329.291667    2.78 0.000  0.18 0.000000 9.999 0.259000 9.99 0.259000 0.003 0.000  0.101 0.000  0.141 0.000 999.99 0.259000   1.206 0.000   0.191 0.000  1.015 0.000 0.004 0.000 0.117 0.000
331.291667 332.291667    1.15 0.000  0.12 0.000000 9.999 0.259000 9.99 0.259000 0.002 0.000  0.088 0.000  0.123 0.000 999.99 0.259000   0.579 0.000   0.265 0.000  0.314 0.000 0.002 0.000 0.008 0.000
334.291667 335.291667    3.42 0.000  0.08 0.000000 9.999 0.259000 9.99 0.259000 0.005 0.000  0.186 0.000  0.260 0.000 999.99 0.259000   0.781 0.000 999.999 0.259  0.826 0.000 0.003 0.000 0.073 0.000
337.291667 338.291667    4.25 0.000  0.31 0.000000 0.010 0.000000 9.99 0.259000 0.080 0.000  0.349 0.000  0.488 0.000 999.99 0.259000   1.695 0.000   0.114 0.000  1.581 0.000 0.007 0.000 0.191 0.000
340.291667 341.291667    7.08 0.000 99.99 0.259000 9.999 0.259000 9.99 0.259000 0.004 0.000  0.119 0.000  0.167 0.000 999.99 0.259000   0.248 0.000 999.999 0.259  0.275 0.000 0.004 0.000 0.029 0.000
343.291667 344.291667    6.85 0.000  0.20 0.000000 9.999 0.259000 9.99 0.259000 0.036 0.000  0.152 0.000  0.213 0.000 999.99 0.259000   1.002 0.000   0.410 0.000  0.593 0.000 0.006 0.000 0.059 0.000
346.291667 347.291667   49.48 0.000  0.23 0.000000 9.999 0.259000 9.99 0.259000 0.021 0.000  0.196 0.000  0.275 0.000 999.99 0.259000   6.279 0.000   4.419 0.000  1.860 0.000 0.036 0.000 0.108 0.000
349.291667 350.291667   11.80 0.000  0.16 0.000000 9.999 0.259000 9.99 0.259000 0.022 0.000  0.120 0.000  0.168 0.000 999.99 0.259000   1.984 0.000   1.299 0.000  0.685 0.000 0.011 0.000 0.068 0.000
352.291667 353.291667    2.49 0.000  0.10 0.000000 9.999 0.259000 9.99 0.259000 0.053 0.000  0.187 0.000  0.261 0.000 999.99 0.259000   0.167 0.000 999.999 0.259  0.408 0.000 0.003 0.000 0.055 0.000
355.291667 356.291667    1.18 0.000  0.13 0.000000 0.015 0.000000 9.99 0.259000 0.013 0.000  0.172 0.000  0.241 0.000 999.99 0.259000   0.335 0.000 999.999 0.259  0.386 0.000 0.003 0.000 0.077 0.000
358.291667 359.291667    2.40 0.000  0.16 0.000000 9.999 0.259000 9.99 0.259000 0.036 0.000  0.104 0.000  0.146 0.000 999.99 0.259000   0.920 0.000   0.145 0.000  0.775 0.000 0.003 0.000 0.097 0.000
361.291667 362.291667    3.50 0.000  0.31 0.000000 9.999 0.259000 9.99 0.259000 0.007 0.000  0.150 0.000  0.210 0.000 999.99 0.259000   0.863 0.000   0.315 0.000  0.548 0.000 0.004 0.000 0.050 0.000
364.291667 365.291667    3.26 0.000  0.14 0.000000 0.027 0.000000 9.99 0.259000 0.011 0.000  0.143 0.000  0.200 0.000 999.99 0.259000   0.919 0.000   0.211 0.000  0.708 0.000 0.012 0.000 0.108 0.000
