scripts/IMPROVE-2019_partial/data/US0072R.19880302070000.20191216000000.filterpack...10mo.3d.US03L_filterpack_US0072.US03L_IMPROVE_Davis.lev2.nas
51 1001
MISSING INFORMATION
US03L, IMPROVE, , , , , , , 
MISSING INFORMATION
IMPROVE sel_HTAP
1 1
1988 01 01 2019 12 16
0
days from file reference point
4
1 1 1 1
999.999999 999.999 999.999 9.999
end_time of measurement, days from the file reference point
pm10_mass, ug/m3, Matrix=pm10
pm25_mass, ug/m3, Matrix=pm25
numflag, no unit
0
33
Data definition:              EBAS_1.1
Set type code:                TI
Timezone:                     UTC
File name:                    US0072R.19880302070000.20191216000000.filterpack...10mo.3d.US03L_filterpack_US0072.US03L_IMPROVE_Davis.lev2.nas
File creation:                20191218120020
Startdate:                    19880302070000
Revision date:                20191216000000
Version:                      2
Version description:          "Data extracted from http://views.cira.colostate.edu/fed/DataWizard 2019-12-16"
Statistics:                   arithmetic mean
Data level:                   2
Period code:                  10mo
Resolution code:              3d
Sample duration:              1d
Orig. time res.:              3d
Station code:                 US0072R
Platform code:                US0072S
Station name:                 Badlands NP
Station latitude:             43.7435
Station longitude:            -101.9412
Station altitude:             736.0 m
Regime:                       IMG
Component:                    
Unit:                         ug/m3
Matrix:                       
Laboratory code:              US03L
Instrument type:              filterpack
Instrument name:              filterpack_US0072
Method ref:                   US03L_IMPROVE_Davis
Blank correction:             Blank corrected
Volume std. temperature:      ambient
Volume std. pressure:         ambient
starttime endtime PM10 PM2.5 flag
 61.291667  62.291667   6.988   3.993 0.000
 64.291667  65.291667   6.100   3.770 0.000
 68.291667  69.291667   5.560   1.226 0.000
 71.291667  72.291667 999.999 999.999 0.999
 75.291667  76.291667   7.246   4.545 0.000
 78.291667  79.291667  11.327   2.824 0.000
 82.291667  83.291667  14.291   4.026 0.000
 85.291667  86.291667  20.988   4.309 0.000
 89.291667  90.291667   7.460   3.849 0.000
 92.291667  93.291667  12.154   4.967 0.000
 96.291667  97.291667   5.863   2.403 0.000
 99.291667 100.291667  11.629   2.370 0.000
103.291667 104.291667  18.307   5.884 0.000
106.291667 107.291667  26.176   9.769 0.000
110.291667 111.291667  12.510   6.162 0.000
113.291667 114.291667   9.960   4.649 0.000
117.291667 118.291667   7.097   4.525 0.000
120.291667 121.291667  22.273   9.904 0.000
124.291667 125.291667   6.426   4.656 0.000
127.291667 128.291667  10.658   2.718 0.000
131.291667 132.291667  26.627   6.494 0.000
134.291667 135.291667  16.746   3.323 0.000
138.291667 139.291667  15.476   4.469 0.000
141.291667 142.291667  20.591   4.180 0.000
145.291667 146.291667  12.615 999.999 0.000
148.291667 149.291667  20.423 999.999 0.000
152.291667 153.291667  10.691   4.713 0.000
155.291667 156.291667  18.875   9.140 0.000
159.291667 160.291667  23.962  10.789 0.000
162.291667 163.291667  58.254  13.278 0.000
166.291667 167.291667   4.370   4.068 0.000
169.291667 170.291667  14.422   6.265 0.000
173.291667 174.291667 999.999  10.903 0.000
176.291667 177.291667  52.460 999.999 0.000
180.291667 181.291667  17.116   6.319 0.000
183.291667 184.291667  16.853   3.466 0.000
187.291667 188.291667  28.093   6.656 0.000
190.291667 191.291667  12.490   5.140 0.000
194.291667 195.291667  16.537   6.088 0.000
197.291667 198.291667  27.244   7.445 0.000
201.291667 202.291667  54.131 999.999 0.000
204.291667 205.291667 999.999   7.788 0.000
208.291667 209.291667  21.978   9.730 0.000
211.291667 212.291667  23.496   8.559 0.000
215.291667 216.291667  11.170   5.957 0.000
218.291667 219.291667 999.999 999.999 0.999
222.291667 223.291667  11.190   7.101 0.000
225.291667 226.291667  11.484   4.855 0.000
229.291667 230.291667  12.776   4.272 0.000
232.291667 233.291667  28.577   8.472 0.000
236.291667 237.291667  22.528   9.043 0.000
239.291667 240.291667  17.180 999.999 0.000
243.291667 244.291667 999.999 999.999 0.999
246.291667 247.291667  23.143 999.999 0.000
250.291667 251.291667 999.999 999.999 0.999
253.291667 254.291667 999.999 999.999 0.999
257.291667 258.291667  10.263   4.276 0.000
260.291667 261.291667 999.999 999.999 0.999
264.291667 265.291667   5.977   3.514 0.000
267.291667 268.291667  14.405   5.276 0.000
271.291667 272.291667 999.999 999.999 0.999
274.291667 275.291667   6.320   2.774 0.000
278.291667 279.291667   8.794   3.878 0.000
281.291667 282.291667   6.932   4.752 0.000
285.291667 286.291667  15.189   4.444 0.000
288.291667 289.291667   9.535   3.142 0.000
292.291667 293.291667   6.265   3.559 0.000
295.291667 296.291667  12.348   2.987 0.000
299.291667 300.291667   9.294   3.299 0.000
302.291667 303.291667  17.689   6.282 0.000
306.291667 307.291667  10.391   4.021 0.000
309.291667 310.291667   5.039   3.356 0.000
313.291667 314.291667   6.831   3.630 0.000
316.291667 317.291667   4.458   2.165 0.000
320.291667 321.291667 999.999 999.999 0.999
323.291667 324.291667 999.999 999.999 0.999
327.291667 328.291667 999.999 999.999 0.999
330.291667 331.291667 999.999 999.999 0.999
334.291667 335.291667   3.047   1.793 0.000
337.291667 338.291667   4.920   2.862 0.000
341.291667 342.291667   2.266   1.351 0.000
344.291667 345.291667   7.273   3.873 0.000
348.291667 349.291667   4.640   1.438 0.000
351.291667 352.291667   3.745   1.345 0.000
355.291667 356.291667 999.999   4.349 0.000
358.291667 359.291667 999.999 999.999 0.999
362.291667 363.291667   5.221   3.456 0.000
365.291667 366.291667   8.072   3.934 0.000
