scripts/IMPROVE-2019_partial/data/US0057R.20020102050000.20191216000000.filterpack..pm25.52w.1w.US03L_filterpack_US0057.US03L_IMPROVE_Davis.lev2.nas
68 1001
MISSING INFORMATION
US03L, IMPROVE, , , , , , , 
MISSING INFORMATION
IMPROVE sel_HTAP
1 1
2002 01 01 2019 12 16
3.000000
days from file reference point
29
1 1 1 1 1 1 1 1 1 1 1 1 1 1 1 1 1 1 1 1 1 1 1 1 1 1 1 1 1
999.999999 99.999 9.999999 999.99 9.999 99.99 9.999 9.999 9.999999 9.99 9.999 9.999 9.999 99.999 9.999 99.999 9.999 999.99 9.999999 999.999 9.999 99.999 9.999 999.999 9.999 9.999 9.999 99.999 9.999
end_time of measurement, days from the file reference point
ammonium, ug N/m3, Revision date=20181210133000
numflag ammonium, no unit, Revision date=20181210133000
iron, ng/m3, Revision date=20181210133000
numflag iron, no unit, Revision date=20181210133000
lead, ng/m3, Revision date=20181210133000
numflag lead, no unit, Revision date=20181210133000
magnesium, ug/m3, Revision date=20181210133000
numflag magnesium, no unit, Revision date=20181210133000
nickel, ng/m3, Revision date=20181210133000
numflag nickel, no unit, Revision date=20181210133000
nitrate, ug N/m3, Revision date=20181210133000
numflag nitrate, no unit, Revision date=20181210133000
organic_carbon, ug C/m3, Revision date=20181210133000
numflag organic_carbon, no unit, Revision date=20181210133000
organic_mass, ug/m3, Revision date=20181210133000
numflag organic_mass, no unit, Revision date=20181210133000
phosphorus, ng/m3, Revision date=20181210133000
numflag phosphorus, no unit, Revision date=20181210133000
pm10_mass, ug/m3, Version=2, Version description=Data extracted from http://views.cira.colostate.edu/fed/DataWizard 2019-12-16, Sample duration=1d, Orig. time res.=3d, Matrix=pm10, Blank correction=Blank corrected, Volume std. temperature=ambient, Volume std. pressure=ambient
numflag pm10_mass, no unit, Version=2, Version description=Data extracted from http://views.cira.colostate.edu/fed/DataWizard 2019-12-16, Sample duration=1d, Orig. time res.=3d, Matrix=pm10, Blank correction=Blank corrected, Volume std. temperature=ambient, Volume std. pressure=ambient
pm10_pm25_mass, ug/m3, Revision date=20181210133000, Matrix=pm10_pm25
numflag pm10_pm25_mass, no unit, Revision date=20181210133000, Matrix=pm10_pm25
pm25_mass, ug/m3, Version=2, Version description=Data extracted from http://views.cira.colostate.edu/fed/DataWizard 2019-12-16, Sample duration=1d, Orig. time res.=3d, Blank correction=Blank corrected, Volume std. temperature=ambient, Volume std. pressure=ambient
numflag pm25_mass, no unit, Version=2, Version description=Data extracted from http://views.cira.colostate.edu/fed/DataWizard 2019-12-16, Sample duration=1d, Orig. time res.=3d, Blank correction=Blank corrected, Volume std. temperature=ambient, Volume std. pressure=ambient
potassium, ug/m3, Revision date=20181210133000
numflag potassium, no unit, Revision date=20181210133000
sulphate_total, ug S/m3, Revision date=20181210133000
numflag sulphate_total, no unit, Revision date=20181210133000
0
25
Data definition:              EBAS_1.1
Set type code:                TU
Timezone:                     UTC
File name:                    US0057R.20020102050000.20191216000000.filterpack..pm25.52w.1w.US03L_filterpack_US0057.US03L_IMPROVE_Davis.lev2.nas
File creation:                20191218115858
Startdate:                    20020102050000
Revision date:                20191216000000
Statistics:                   arithmetic mean
Data level:                   2
Period code:                  52w
Resolution code:              1w
Station code:                 US0057R
Platform code:                US0057S
Station name:                 Linville Gorge
Station latitude:             35.9723
Station longitude:            -81.9331
Station altitude:             968.0 m
Regime:                       IMG
Component:                    
Matrix:                       pm25
Laboratory code:              US03L
Instrument type:              filterpack
Instrument name:              filterpack_US0057
Method ref:                   US03L_IMPROVE_Davis
starttime endtime NH4+ flag_NH4+ Fe flag_Fe Pb flag_Pb Mg++ flag_Mg++ Ni flag_Ni NO3- flag_NO3- OC flag_OC OM flag_OM P flag_P PM10 flag_PM10 PM10-PM2.5 flag_PM10-PM2.5 PM2.5 flag_PM2.5 K+ flag_K+ SO4-- flag_SO4--
[from data line 77]
232.208333 233.208333 99.999 0.999000  23.30 0.000  0.82 0.000 0.051 0.000000 9.99 0.259 0.022 0.000  1.831 0.000  2.564 0.000 999.99 0.259000  20.750 0.000  3.791 0.000  16.959 0.000 0.046 0.000  2.617 0.000
235.208333 236.208333 99.999 0.999000  23.89 0.000  0.64 0.000 9.999 0.259000 9.99 0.259 0.022 0.000  1.802 0.000  2.523 0.000 999.99 0.259000  16.966 0.000  2.359 0.000  14.607 0.000 0.041 0.000  2.167 0.000
238.208333 239.208333 99.999 0.999000  11.12 0.000  1.57 0.000 0.036 0.000000 0.31 0.000 0.035 0.000  0.849 0.000  1.188 0.000 999.99 0.259000  13.867 0.000  1.445 0.000  12.422 0.000 0.027 0.000  2.277 0.000
241.208333 242.208333 99.999 0.999000   3.82 0.000 99.99 0.259 0.028 0.000000 9.99 0.259 0.025 0.000  0.493 0.000  0.691 0.000 999.99 0.259000   9.454 0.000  1.768 0.000   7.686 0.000 0.018 0.000  1.499 0.000
244.208333 245.208333  0.664 0.000000   4.67 0.000  0.76 0.000 9.999 0.259000 9.99 0.259 0.024 0.000  1.114 0.000  1.560 0.000 999.99 0.259000  11.311 0.000  3.066 0.000   8.245 0.000 0.020 0.000  1.356 0.000
247.208333 248.208333  1.199 0.000000  34.79 0.000  2.64 0.000 0.039 0.000000 9.99 0.259 0.027 0.000  2.252 0.000  3.153 0.000 999.99 0.259000  19.503 0.000  4.273 0.000  15.230 0.000 0.049 0.000  2.104 0.000
250.208333 251.208333  1.249 0.000000  22.87 0.000  1.69 0.000 9.999 0.259000 0.51 0.000 0.036 0.000  2.542 0.000  3.559 0.000 999.99 0.259000  18.784 0.000  2.380 0.000  16.403 0.000 0.036 0.000  2.334 0.000
253.208333 254.208333  2.104 0.559000  42.65 0.000  1.69 0.000 9.999 0.259000 0.26 0.000 0.028 0.559  1.472 0.000  2.061 0.000 999.99 0.259000  24.203 0.000  5.113 0.000  19.090 0.000 0.041 0.000  3.401 0.559
256.208333 257.208333  0.420 0.000000  13.18 0.000  0.93 0.000 9.999 0.259000 9.99 0.259 0.029 0.000  1.230 0.000  1.721 0.000 999.99 0.259000   8.013 0.000  1.787 0.000   6.226 0.000 0.034 0.000  0.848 0.000
259.208333 260.208333  1.540 0.000000  20.05 0.000  2.23 0.000 9.999 0.259000 9.99 0.259 0.047 0.000  2.379 0.000  3.331 0.000 999.99 0.259000  24.121 0.000  4.415 0.000  19.706 0.000 0.059 0.000  3.684 0.000
262.208333 263.208333 99.999 0.456000 999.99 0.456 99.99 0.456 9.999 0.456000 9.99 0.456 9.999 0.456 99.999 0.999 99.999 0.999 999.99 0.456000 999.999 0.456 99.999 0.999 999.999 0.456 9.999 0.456 99.999 0.456
265.208333 266.208333 99.999 0.456000 999.99 0.456 99.99 0.456 9.999 0.456000 9.99 0.456 9.999 0.456 99.999 0.999 99.999 0.999 999.99 0.456000 999.999 0.456 99.999 0.999 999.999 0.456 9.999 0.456 99.999 0.456
268.208333 269.208333 99.999 0.456000 999.99 0.456 99.99 0.456 9.999 0.456000 9.99 0.456 9.999 0.456 99.999 0.999 99.999 0.999 999.99 0.456000 999.999 0.456 99.999 0.999 999.999 0.456 9.999 0.456 99.999 0.456
271.208333 272.208333 99.999 0.456000 999.99 0.456 99.99 0.456 9.999 0.456000 9.99 0.456 9.999 0.456 99.999 0.999 99.999 0.999 999.99 0.456000 999.999 0.456 99.999 0.999 999.999 0.456 9.999 0.456 99.999 0.456
274.208333 275.208333  0.699 0.000000  14.23 0.000  2.07 0.000 0.027 0.000000 0.17 0.000 0.035 0.000  2.359 0.000  3.303 0.000 999.99 0.259000  15.809 0.000  5.318 0.000  10.491 0.000 0.049 0.000  1.406 0.000
277.208333 278.208333  0.708 0.000000  20.32 0.000  1.62 0.000 9.999 0.259000 0.14 0.000 0.034 0.000  2.005 0.000  2.806 0.000 999.99 0.259000  15.790 0.000  5.779 0.000  10.011 0.000 0.038 0.000  1.312 0.000
280.208333 281.208333  1.044 0.559000  28.52 0.000  2.27 0.000 0.038 0.000000 9.99 0.259 0.067 0.559  1.711 0.000  2.396 0.000 999.99 0.259000  14.990 0.000  4.734 0.000  10.256 0.000 0.032 0.000  1.506 0.559
283.208333 284.208333  0.172 0.000000   6.34 0.000  0.57 0.000 0.017 0.000000 9.99 0.259 0.024 0.000  1.750 0.000  2.450 0.000 999.99 0.259000   8.088 0.000  3.838 0.000   4.250 0.000 0.029 0.000  0.387 0.000
286.208333 287.208333  0.518 0.000000   8.49 0.000  1.27 0.000 0.022 0.000000 0.16 0.000 0.034 0.000  0.970 0.000  1.357 0.000 999.99 0.259000   8.177 0.000  2.555 0.000   5.622 0.000 0.028 0.000  0.791 0.000
289.208333 290.208333  1.153 0.559000  24.33 0.000  2.40 0.000 9.999 0.259000 9.99 0.259 0.063 0.559  1.220 0.000  1.707 0.000 999.99 0.259000  11.602 0.000  1.807 0.000   9.795 0.000 0.032 0.000  1.581 0.559
292.208333 293.208333  0.468 0.559000  14.62 0.000  1.40 0.000 0.022 0.000000 0.13 0.000 0.026 0.559  2.529 0.000  3.541 0.000 999.99 0.259000   9.673 0.000  1.762 0.000   7.911 0.000 0.043 0.000  0.936 0.559
295.208333 296.208333  0.550 0.000000  13.79 0.000  1.51 0.000 9.999 0.259000 9.99 0.259 0.025 0.000  1.740 0.000  2.435 0.000 999.99 0.259000   9.921 0.000  2.198 0.000   7.723 0.000 0.045 0.000  1.013 0.000
298.208333 299.208333  0.337 0.000000   5.26 0.000  0.44 0.000 9.999 0.259000 0.13 0.000 0.017 0.000  1.703 0.000  2.384 0.000 999.99 0.259000   8.211 0.000  2.108 0.000   6.103 0.000 0.026 0.000  0.789 0.000
301.208333 302.208333  0.049 0.000000   0.83 0.000  0.82 0.000 9.999 0.259000 9.99 0.259 0.024 0.000  0.601 0.000  0.841 0.000 999.99 0.259000   2.824 0.000  1.069 0.000   1.754 0.000 0.017 0.000  0.134 0.000
304.208333 305.208333  0.627 0.559000  13.09 0.000  1.04 0.000 9.999 0.259000 0.10 0.000 0.019 0.559  0.595 0.000  0.833 0.000 999.99 0.259000  11.285 0.000  0.958 0.000  10.327 0.000 0.017 0.000  1.738 0.559
307.208333 308.208333  0.198 0.000000   6.99 0.000  0.73 0.000 9.999 0.259000 9.99 0.259 0.023 0.000  0.992 0.000  1.389 0.000 999.99 0.259000   4.175 0.000  0.778 0.000   3.397 0.000 0.023 0.000  0.367 0.000
310.208333 311.208333  0.627 0.000000   9.87 0.000  1.15 0.000 0.046 0.000000 9.99 0.259 0.018 0.000  0.670 0.000  0.938 0.000 999.99 0.259000   6.944 0.000  1.222 0.000   5.723 0.000 0.017 0.000  1.060 0.000
313.208333 314.208333  0.422 0.000000   3.53 0.000  0.81 0.000 9.999 0.259000 0.19 0.000 0.055 0.000  1.071 0.000  1.499 0.000 999.99 0.259000   5.556 0.000  1.178 0.000   4.378 0.000 0.031 0.000  0.607 0.000
316.208333 317.208333  0.924 0.000000  14.92 0.000  2.13 0.000 9.999 0.259000 0.11 0.000 0.051 0.000  0.983 0.000  1.377 0.000 999.99 0.259000   8.982 0.000  1.738 0.000   7.244 0.000 0.026 0.000  1.264 0.000
319.208333 320.208333  0.113 0.000000   2.05 0.000  0.45 0.000 9.999 0.259000 9.99 0.259 0.023 0.000  1.033 0.000  1.446 0.000 999.99 0.259000   3.514 0.000  0.928 0.000   2.585 0.000 0.017 0.000  0.177 0.000
322.208333 323.208333  0.547 0.559000  18.03 0.000  1.28 0.000 9.999 0.259000 0.10 0.000 0.050 0.559  2.521 0.000  3.530 0.000 999.99 0.259000   9.606 0.000  1.171 0.000   8.435 0.000 0.049 0.000  0.783 0.559
325.208333 326.208333  0.388 0.000000   6.39 0.000  0.71 0.000 9.999 0.259000 9.99 0.259 0.043 0.000  0.316 0.000  0.443 0.000 999.99 0.259000   4.408 0.000  0.891 0.000   3.517 0.000 0.013 0.000  0.572 0.000
328.208333 329.208333  0.359 0.559000  20.34 0.000  1.64 0.000 9.999 0.259000 0.06 0.000 0.034 0.559  1.930 0.000  2.701 0.000 999.99 0.259000   7.854 0.000  1.541 0.000   6.313 0.000 0.038 0.000  0.456 0.559
331.208333 332.208333  0.486 0.000000  10.55 0.000  1.08 0.000 9.999 0.259000 9.99 0.259 0.048 0.000  1.238 0.000  1.734 0.000 999.99 0.259000   7.865 0.000  1.788 0.000   6.076 0.000 0.026 0.000  0.946 0.000
334.208333 335.208333  0.587 0.559000   8.83 0.000  0.63 0.000 9.999 0.259000 0.05 0.000 0.256 0.559  0.622 0.000  0.871 0.000 999.99 0.259000   7.614 0.000  2.028 0.000   5.586 0.000 0.030 0.000  0.760 0.559
337.208333 338.208333  0.978 0.000000  17.30 0.000  2.38 0.000 9.999 0.259000 0.16 0.000 0.456 0.000  1.717 0.000  2.404 0.000 999.99 0.259000  11.002 0.000  1.974 0.000   9.028 0.000 0.083 0.000  0.790 0.000
340.208333 341.208333  0.146 0.000000   8.74 0.000  0.83 0.000 9.999 0.259000 9.99 0.259 0.041 0.000  1.064 0.000  1.489 0.000 999.99 0.259000   3.701 0.000  0.785 0.000   2.916 0.000 0.019 0.000  0.203 0.000
343.208333 344.208333  0.601 0.000000  11.09 0.000  1.54 0.000 0.034 0.000000 0.20 0.000 0.126 0.000  1.583 0.000  2.216 0.000 999.99 0.259000 999.999 0.456 99.999 0.999   7.125 0.000 0.047 0.000  0.884 0.000
346.208333 347.208333  0.273 0.559000   3.01 0.000  0.67 0.000 9.999 0.259000 9.99 0.259 0.216 0.559  0.567 0.000  0.794 0.000 999.99 0.259000   2.480 0.000  0.035 0.000   2.446 0.000 0.019 0.000  0.244 0.559
349.208333 350.208333  0.644 0.000000  31.02 0.000  1.83 0.000 9.999 0.259000 9.99 0.259 0.220 0.000  1.331 0.000  1.863 0.000 999.99 0.259000   9.673 0.000  3.272 0.000   6.401 0.000 0.038 0.000  0.685 0.000
352.208333 353.208333  0.515 0.000000   9.39 0.000  1.06 0.000 9.999 0.259000 0.47 0.000 0.102 0.000  1.081 0.000  1.514 0.000 999.99 0.259000   6.737 0.000  1.103 0.000   5.633 0.000 0.039 0.000  0.846 0.000
355.208333 356.208333  0.298 0.000000  13.60 0.000  1.05 0.000 9.999 0.259000 9.99 0.259 0.049 0.000  0.953 0.000  1.334 0.000 999.99 0.259000   6.445 0.000  2.824 0.000   3.622 0.000 0.034 0.000  0.379 0.000
358.208333 359.208333  0.318 0.000000   4.74 0.000  0.60 0.000 9.999 0.259000 9.99 0.259 0.028 0.000  0.421 0.000  0.589 0.000 999.99 0.259000   5.115 0.000  1.975 0.000   3.140 0.000 0.009 0.000  0.588 0.000
361.208333 362.208333  0.389 0.000000   9.22 0.000  0.80 0.000 9.999 0.259000 0.06 0.000 0.050 0.000  0.826 0.000  1.156 0.000  28.76 0.000000   5.323 0.000  1.524 0.000   3.799 0.000 0.020 0.000  0.491 0.000
364.208333 365.208333  0.714 0.000000  17.12 0.000  2.04 0.000 9.999 0.259000 0.43 0.000 0.118 0.000  3.425 0.000  4.795 0.000 999.99 0.259000  12.824 0.000  1.995 0.000  10.829 0.000 0.097 0.000  0.934 0.000
