scripts/IMPROVE-2019_partial/data/US0097R.19920101080000.20191216000000.filterpack...1y.3d.US03L_filterpack_US0097.US03L_IMPROVE_Davis.lev2.nas
52 1001
MISSING INFORMATION
US03L, IMPROVE, , , , , , , 
MISSING INFORMATION
IMPROVE sel_HTAP
1 1
1992 01 01 2019 12 16
0
days from file reference point
5
1 1 1 1 1
999.999999 999.999 9.999 999.999 9.999999
end_time of measurement, days from the file reference point
pm10_mass, ug/m3, Matrix=pm10
numflag pm10_mass, no unit, Matrix=pm10
pm25_mass, ug/m3, Matrix=pm25
numflag pm25_mass, no unit, Matrix=pm25
0
33
Data definition:              EBAS_1.1
Set type code:                TI
Timezone:                     UTC
File name:                    US0097R.19920101080000.20191216000000.filterpack...1y.3d.US03L_filterpack_US0097.US03L_IMPROVE_Davis.lev2.nas
File creation:                20191218120159
Startdate:                    19920101080000
Revision date:                20191216000000
Version:                      2
Version description:          "Data extracted from http://views.cira.colostate.edu/fed/DataWizard 2019-12-16"
Statistics:                   arithmetic mean
Data level:                   2
Period code:                  1y
Resolution code:              3d
Sample duration:              1d
Orig. time res.:              3d
Station code:                 US0097R
Platform code:                US0097S
Station name:                 Redwood NP
Station latitude:             41.5608
Station longitude:            -124.0839
Station altitude:             243.0 m
Regime:                       IMG
Component:                    
Unit:                         ug/m3
Matrix:                       
Laboratory code:              US03L
Instrument type:              filterpack
Instrument name:              filterpack_US0097
Method ref:                   US03L_IMPROVE_Davis
Blank correction:             Blank corrected
Volume std. temperature:      ambient
Volume std. pressure:         ambient
starttime endtime PM10 flag_PM10 PM2.5 flag_PM2.5
  0.333333   1.333333   5.992 0.000   1.925 0.559000
  3.333333   4.333333   5.643 0.000   1.931 0.559000
  7.333333   8.333333   9.808 0.000   2.547 0.559000
 10.333333  11.333333   5.973 0.000   2.270 0.559000
 14.333333  15.333333  12.000 0.000   5.232 0.559000
 17.333333  18.333333   4.502 0.000   1.889 0.559000
 21.333333  22.333333   9.393 0.000   5.262 0.559000
 24.333333  25.333333  23.898 0.000 999.999 0.559259
 28.333333  29.333333  11.794 0.000   4.448 0.559000
 31.333333  32.333333   7.244 0.000   2.117 0.559000
 35.333333  36.333333  12.713 0.000   4.414 0.559000
 38.333333  39.333333   6.375 0.000   3.920 0.559000
 42.333333  43.333333  14.537 0.000   2.023 0.559000
 45.333333  46.333333   4.681 0.000   0.685 0.559000
 49.333333  50.333333   7.837 0.000   0.788 0.559000
 52.333333  53.333333  15.510 0.000   8.201 0.559000
 56.333333  57.333333  12.556 0.000   7.354 0.559000
 59.333333  60.333333  18.706 0.000 999.999 0.999000
 63.333333  64.333333   7.949 0.000   2.831 0.000000
 66.333333  67.333333   9.530 0.000   4.644 0.000000
 70.333333  71.333333  31.880 0.000   9.596 0.000000
 73.333333  74.333333   6.752 0.000   3.000 0.000000
 77.333333  78.333333   9.641 0.000   2.883 0.000000
 80.333333  81.333333  18.484 0.000   9.506 0.000000
 84.333333  85.333333  20.516 0.000  10.248 0.000000
 87.333333  88.333333  18.987 0.000   9.410 0.000000
 91.333333  92.333333  17.871 0.000   8.536 0.000000
 94.333333  95.333333   5.210 0.000 999.999 0.999000
 98.333333  99.333333  14.332 0.000   5.963 0.000000
101.333333 102.333333   5.587 0.000   1.621 0.000000
105.333333 106.333333  10.156 0.000   3.241 0.000000
108.333333 109.333333  11.951 0.000   4.969 0.000000
112.333333 113.333333  10.472 0.000   3.172 0.000000
115.333333 116.333333   9.880 0.000   5.408 0.000000
119.333333 120.333333  13.532 0.000   4.085 0.000000
122.333333 123.333333  17.874 0.000   8.037 0.000000
126.333333 127.333333   9.258 0.000   4.769 0.000000
129.333333 130.333333  17.698 0.000   7.323 0.000000
133.333333 134.333333  18.885 0.000   8.988 0.000000
136.333333 137.333333 999.999 0.999   6.963 0.000000
140.333333 141.333333  18.821 0.000   7.012 0.000000
143.333333 144.333333  22.218 0.000  11.380 0.000000
147.333333 148.333333  24.721 0.000   7.500 0.000000
150.333333 151.333333   8.080 0.000   5.123 0.000000
154.333333 155.333333  27.594 0.000  13.558 0.000000
157.333333 158.333333  18.045 0.000   9.179 0.000000
161.333333 162.333333   9.421 0.000   4.923 0.000000
164.333333 165.333333   7.644 0.000   3.111 0.000000
168.333333 169.333333  17.510 0.000   8.119 0.000000
171.333333 172.333333  18.770 0.000   8.000 0.000000
175.333333 176.333333   6.763 0.000   3.375 0.000000
178.333333 179.333333   4.393 0.000   2.143 0.000000
182.333333 183.333333   6.329 0.000   2.910 0.000000
185.333333 186.333333   3.934 0.000   2.086 0.000000
189.333333 190.333333  22.761 0.000  10.856 0.000000
192.333333 193.333333  12.007 0.000   7.232 0.000000
196.333333 197.333333  16.098 0.000   9.464 0.000000
199.333333 200.333333   8.305 0.000   4.524 0.000000
203.333333 204.333333   8.037 0.000   3.393 0.000000
206.333333 207.333333   7.517 0.000   5.150 0.000000
210.333333 211.333333   3.652 0.000   2.462 0.000000
213.333333 214.333333   5.233 0.000   2.883 0.000000
217.333333 218.333333   4.774 0.000   3.025 0.000000
220.333333 221.333333  10.614 0.000   9.417 0.000000
224.333333 225.333333   7.222 0.000   4.758 0.000000
227.333333 228.333333   8.185 0.000   6.314 0.000000
231.333333 232.333333   2.541 0.000   1.471 0.000000
234.333333 235.333333  11.638 0.000   6.124 0.000000
238.333333 239.333333   8.206 0.000   5.863 0.000000
241.333333 242.333333   8.229 0.000   6.369 0.000000
245.333333 246.333333   2.895 0.000   1.429 0.000000
248.333333 249.333333 999.999 0.999   8.284 0.000000
252.333333 253.333333   4.857 0.000   2.866 0.000000
255.333333 256.333333  12.847 0.000   5.701 0.000000
259.333333 260.333333  12.689 0.000   5.522 0.000000
262.333333 263.333333   9.500 0.000   7.329 0.000000
266.333333 267.333333   2.484 0.000   1.000 0.000000
269.333333 270.333333  13.870 0.000   6.103 0.000000
273.333333 274.333333   4.840 0.000   2.425 0.000000
276.333333 277.333333   9.418 0.000   6.988 0.000000
280.333333 281.333333   9.305 0.000   5.105 0.000000
283.333333 284.333333   9.159 0.000   4.745 0.000000
287.333333 288.333333  19.553 0.000   8.542 0.000000
290.333333 291.333333   9.239 0.000   5.655 0.000000
294.333333 295.333333   8.054 0.000   1.712 0.000000
297.333333 298.333333  45.219 0.000  36.046 0.000000
301.333333 302.333333  22.189 0.000  15.091 0.000000
304.333333 305.333333  13.017 0.000  11.455 0.000000
308.333333 309.333333  10.470 0.000   4.926 0.000000
311.333333 312.333333  11.842 0.000   4.896 0.000000
315.333333 316.333333   9.279 0.000   4.307 0.000000
318.333333 319.333333   8.400 0.000   5.633 0.000000
322.333333 323.333333   6.441 0.000   1.752 0.000000
325.333333 326.333333   6.071 0.000   1.511 0.000000
329.333333 330.333333   5.607 0.000   2.985 0.000000
332.333333 333.333333   9.146 0.000   6.716 0.000000
336.333333 337.333333   6.167 0.000   2.030 0.000000
339.333333 340.333333   5.512 0.000   3.144 0.000000
343.333333 344.333333   8.408 0.000   4.611 0.000000
346.333333 347.333333   7.993 0.000 999.999 0.999000
350.333333 351.333333   8.144 0.000   2.771 0.000000
353.333333 354.333333   3.382 0.000   1.201 0.000000
357.333333 358.333333   8.832 0.000   1.708 0.000000
360.333333 361.333333 999.999 0.999   4.410 0.000000
364.333333 365.333333   1.022 0.000   0.367 0.000000
