scripts/IMPROVE-2019_partial/data/US0061R.19950104050000.20191216000000.filterpack...1y.3d.US03L_filterpack_US0061.US03L_IMPROVE_Davis.lev2.nas
51 1001
MISSING INFORMATION
US03L, IMPROVE, , , , , , , 
MISSING INFORMATION
IMPROVE sel_HTAP
1 1
1995 01 01 2019 12 16
0
days from file reference point
4
1 1 1 1
999.999999 9999.999 999.999 9.999
end_time of measurement, days from the file reference point
pm10_mass, ug/m3, Matrix=pm10
pm25_mass, ug/m3, Matrix=pm25
numflag, no unit
0
33
Data definition:              EBAS_1.1
Set type code:                TI
Timezone:                     UTC
File name:                    US0061R.19950104050000.20191216000000.filterpack...1y.3d.US03L_filterpack_US0061.US03L_IMPROVE_Davis.lev2.nas
File creation:                20191218115917
Startdate:                    19950104050000
Revision date:                20191216000000
Version:                      2
Version description:          "Data extracted from http://views.cira.colostate.edu/fed/DataWizard 2019-12-16"
Statistics:                   arithmetic mean
Data level:                   2
Period code:                  1y
Resolution code:              3d
Sample duration:              1d
Orig. time res.:              3d
Station code:                 US0061R
Platform code:                US0061S
Station name:                 Brigantine NWR
Station latitude:             39.465
Station longitude:            -74.4492
Station altitude:             5.0 m
Regime:                       IMG
Component:                    
Unit:                         ug/m3
Matrix:                       
Laboratory code:              US03L
Instrument type:              filterpack
Instrument name:              filterpack_US0061
Method ref:                   US03L_IMPROVE_Davis
Blank correction:             Blank corrected
Volume std. temperature:      ambient
Volume std. pressure:         ambient
starttime endtime PM10 PM2.5 flag
  3.208333   4.208333   14.279   7.241 0.000
  6.208333   7.208333    8.073   7.344 0.000
 10.208333  11.208333   14.248   8.704 0.000
 13.208333  14.208333   11.726   6.985 0.000
 17.208333  18.208333    9.865   4.385 0.000
 20.208333  21.208333    6.210   4.543 0.000
 24.208333  25.208333   23.077  12.019 0.000
 27.208333  28.208333   12.664   8.562 0.000
 31.208333  32.208333   22.685  13.419 0.000
 34.208333  35.208333   10.986   6.550 0.000
 38.208333  39.208333   21.081  13.770 0.000
 41.208333  42.208333   23.018  16.275 0.000
 45.208333  46.208333   21.786  15.190 0.000
 48.208333  49.208333   25.183  17.642 0.000
 52.208333  53.208333   15.067  10.284 0.000
 55.208333  56.208333   10.978   6.094 0.000
 59.208333  60.208333   15.981  11.400 0.000
 62.208333  63.208333   17.228   7.651 0.000
 66.208333  67.208333   18.880   5.676 0.000
 69.208333  70.208333   17.404  10.930 0.000
 73.208333  74.208333   30.107  19.352 0.000
 76.208333  77.208333   10.223   4.731 0.000
 80.208333  81.208333   14.200   8.562 0.000
 83.208333  84.208333   10.958   3.565 0.000
 87.208333  88.208333   18.064   8.821 0.000
 90.208333  91.208333 9999.999  10.309 0.000
 94.208333  95.208333   14.957   6.347 0.000
 97.208333  98.208333   28.372  16.986 0.000
101.208333 102.208333    7.687   7.158 0.000
104.208333 105.208333   16.204  12.941 0.000
108.208333 109.208333 9999.999  13.551 0.000
111.208333 112.208333   20.182 999.999 0.000
115.208333 116.208333   17.169   9.830 0.000
118.208333 119.208333   19.342  13.084 0.000
122.208333 123.208333   14.618   7.488 0.000
125.208333 126.208333   20.405  10.732 0.000
129.208333 130.208333   20.139   8.413 0.000
132.208333 133.208333   22.049  11.736 0.000
136.208333 137.208333   33.050  12.837 0.000
139.208333 140.208333   39.138   9.657 0.000
143.208333 144.208333   43.288  11.475 0.000
146.208333 147.208333   17.881   6.024 0.000
150.208333 151.208333   29.503  10.447 0.000
153.208333 154.208333   21.928   8.286 0.000
157.208333 158.208333   33.150  19.300 0.000
160.208333 161.208333   14.881   4.840 0.000
164.208333 165.208333   34.681   6.799 0.000
167.208333 168.208333   36.580   5.165 0.000
171.208333 172.208333   38.708  21.588 0.000
174.208333 175.208333   12.874   4.066 0.000
178.208333 179.208333   24.837   7.501 0.000
181.208333 182.208333   18.178   8.199 0.000
185.208333 186.208333   23.523  12.058 0.000
188.208333 189.208333   30.186  21.211 0.000
192.208333 193.208333   43.542  31.001 0.000
195.208333 196.208333   76.908  60.550 0.000
199.208333 200.208333   27.700  19.075 0.000
202.208333 203.208333   30.197  22.467 0.000
206.208333 207.208333   37.612  20.657 0.000
209.208333 210.208333   24.366   9.259 0.000
213.208333 214.208333   33.036  22.222 0.000
216.208333 217.208333   24.796  17.465 0.000
220.208333 221.208333   10.072   4.167 0.000
223.208333 224.208333   20.874  14.065 0.000
227.208333 228.208333   20.635   8.608 0.000
230.208333 231.208333   19.603   5.890 0.000
234.208333 235.208333   20.595  10.239 0.000
237.208333 238.208333   17.381   6.324 0.000
241.208333 242.208333   15.768   6.212 0.000
244.208333 245.208333   17.198  13.412 0.000
248.208333 249.208333   24.849  14.855 0.000
251.208333 252.208333   16.989   8.057 0.000
255.208333 256.208333   22.111   9.807 0.000
258.208333 259.208333  140.194   3.716 0.000
262.208333 263.208333   16.445   4.671 0.000
265.208333 266.208333    7.541   3.289 0.000
269.208333 270.208333   24.493  14.851 0.000
272.208333 273.208333   16.883   4.239 0.000
276.208333 277.208333   17.715   9.259 0.000
279.208333 280.208333   11.020   6.854 0.000
283.208333 284.208333   12.732   7.528 0.000
286.208333 287.208333   20.748  12.014 0.000
290.208333 291.208333   13.716   6.391 0.000
293.208333 294.208333   15.854   6.061 0.000
297.208333 298.208333   16.702   8.164 0.000
300.208333 301.208333   11.485   4.817 0.000
304.208333 305.208333   15.471   9.487 0.000
307.208333 308.208333   10.417   6.173 0.000
311.208333 312.208333    8.387   5.152 0.000
314.208333 315.208333   16.493   6.752 0.000
318.208333 319.208333   24.734   3.536 0.000
321.208333 322.208333   37.814  15.585 0.000
325.208333 326.208333   22.478   6.247 0.000
328.208333 329.208333   38.551   7.450 0.000
332.208333 333.208333   20.563   7.229 0.000
335.208333 336.208333   15.488   6.502 0.000
339.208333 340.208333   18.643   8.933 0.000
342.208333 343.208333   19.454   7.561 0.000
346.208333 347.208333   15.538   9.182 0.000
349.208333 350.208333   15.238   9.084 0.000
353.208333 354.208333 9999.999 999.999 0.999
356.208333 357.208333 9999.999 999.999 0.999
360.208333 361.208333 9999.999 999.999 0.999
363.208333 364.208333 9999.999 999.999 0.999
