scripts/IMPROVE-2019_partial/data/US0079R.20100102070000.20191216000000.filterpack...52w.3d.US03L_filterpack_US0079.US03L_IMPROVE_Davis.lev2.nas
52 1001
MISSING INFORMATION
US03L, IMPROVE, , , , , , , 
MISSING INFORMATION
IMPROVE sel_HTAP
1 1
2010 01 01 2019 12 16
3.000000
days from file reference point
5
1 1 1 1 1
999.999999 999.999 9.999 99.999 9.999
end_time of measurement, days from the file reference point
pm10_mass, ug/m3, Matrix=pm10
numflag pm10_mass, no unit, Matrix=pm10
pm25_mass, ug/m3, Matrix=pm25
numflag pm25_mass, no unit, Matrix=pm25
0
33
Data definition:              EBAS_1.1
Set type code:                TU
Timezone:                     UTC
File name:                    US0079R.20100102070000.20191216000000.filterpack...52w.3d.US03L_filterpack_US0079.US03L_IMPROVE_Davis.lev2.nas
File creation:                20191218120046
Startdate:                    20100102070000
Revision date:                20191216000000
Version:                      2
Version description:          "Data extracted from http://views.cira.colostate.edu/fed/DataWizard 2019-12-16"
Statistics:                   arithmetic mean
Data level:                   2
Period code:                  52w
Resolution code:              3d
Sample duration:              1d
Orig. time res.:              3d
Station code:                 US0079R
Platform code:                US0079S
Station name:                 Capitol Reef NP
Station latitude:             38.3022
Station longitude:            -111.2926
Station altitude:             1896.0 m
Regime:                       IMG
Component:                    
Unit:                         ug/m3
Matrix:                       
Laboratory code:              US03L
Instrument type:              filterpack
Instrument name:              filterpack_US0079
Method ref:                   US03L_IMPROVE_Davis
Blank correction:             Blank corrected
Volume std. temperature:      ambient
Volume std. pressure:         ambient
starttime endtime PM10 flag_PM10 PM2.5 flag_PM2.5
  1.291667   2.291667   2.256 0.000  1.474 0.000
  4.291667   5.291667   2.331 0.000  1.828 0.000
  7.291667   8.291667   2.764 0.000  2.177 0.000
 10.291667  11.291667   2.309 0.000  1.710 0.000
 13.291667  14.291667   5.208 0.000  4.562 0.000
 16.291667  17.291667   4.571 0.000  3.752 0.000
 19.291667  20.291667   0.928 0.000  0.581 0.000
 22.291667  23.291667   0.631 0.000  0.514 0.000
 25.291667  26.291667   2.238 0.000  2.191 0.000
 28.291667  29.291667   3.356 0.000  2.661 0.000
 31.291667  32.291667   2.283 0.000  1.885 0.000
 34.291667  35.291667   4.421 0.000  4.050 0.000
 37.291667  38.291667   2.138 0.000  1.909 0.000
 40.291667  41.291667   2.919 0.000  2.622 0.000
 43.291667  44.291667   2.420 0.000  1.074 0.000
 46.291667  47.291667   2.721 0.000  1.593 0.000
 49.291667  50.291667   2.723 0.000  1.732 0.000
 52.291667  53.291667   4.696 0.000  3.506 0.000
 55.291667  56.291667   1.918 0.000  1.016 0.000
 58.291667  59.291667   3.612 0.000  3.168 0.000
 61.291667  62.291667   3.901 0.000  2.915 0.000
 64.291667  65.291667   1.548 0.000  1.258 0.000
 67.291667  68.291667   1.294 0.000  1.056 0.000
 70.291667  71.291667   3.280 0.000  1.557 0.000
 73.291667  74.291667   4.745 0.000  2.582 0.000
 76.291667  77.291667   4.247 0.000  2.634 0.000
 79.291667  80.291667   3.788 0.000  2.255 0.000
 82.291667  83.291667   3.429 0.000  2.085 0.000
 85.291667  86.291667   5.730 0.000  2.101 0.000
 88.291667  89.291667  10.939 0.000  3.225 0.000
 91.291667  92.291667   2.562 0.000  1.047 0.000
 94.291667  95.291667  10.149 0.000  3.854 0.000
 97.291667  98.291667   2.804 0.000  1.332 0.000
100.291667 101.291667   4.081 0.000  2.069 0.000
103.291667 104.291667   4.734 0.000  2.708 0.000
106.291667 107.291667   8.118 0.000  3.221 0.000
109.291667 110.291667   7.062 0.000  3.314 0.000
112.291667 113.291667   4.608 0.000  1.204 0.000
115.291667 116.291667   7.393 0.000  3.828 0.000
118.291667 119.291667   3.567 0.000  1.863 0.000
121.291667 122.291667   3.095 0.000  1.012 0.000
124.291667 125.291667  11.332 0.000  4.056 0.000
127.291667 128.291667   7.146 0.000  2.555 0.000
130.291667 131.291667   7.007 0.000  2.352 0.000
133.291667 134.291667   2.334 0.000  1.504 0.000
136.291667 137.291667   4.598 0.000  2.539 0.000
139.291667 140.291667   5.119 0.000  2.787 0.000
142.291667 143.291667   8.511 0.000  3.291 0.000
145.291667 146.291667   6.877 0.000  3.343 0.000
148.291667 149.291667   6.874 0.000  1.730 0.000
151.291667 152.291667   7.059 0.000  2.605 0.000
154.291667 155.291667 999.999 0.999 99.999 0.999
157.291667 158.291667 999.999 0.999 99.999 0.999
160.291667 161.291667  10.566 0.000  3.436 0.000
163.291667 164.291667   2.014 0.000  1.322 0.000
166.291667 167.291667  13.265 0.000  4.569 0.000
169.291667 170.291667   5.278 0.000  2.427 0.000
172.291667 173.291667   7.268 0.000  2.992 0.000
175.291667 176.291667   6.913 0.000  2.725 0.000
178.291667 179.291667   6.822 0.000  2.325 0.000
181.291667 182.291667   7.043 0.000  3.040 0.000
184.291667 185.291667   9.368 0.000  2.654 0.000
187.291667 188.291667 999.999 0.999 99.999 0.999
190.291667 191.291667   5.353 0.000  2.976 0.000
193.291667 194.291667   7.008 0.000  3.446 0.000
196.291667 197.291667   8.567 0.000  3.086 0.000
199.291667 200.291667   9.638 0.000  4.288 0.000
202.291667 203.291667   8.450 0.000  4.556 0.000
205.291667 206.291667  13.179 0.000  3.794 0.000
208.291667 209.291667   4.565 0.000  2.511 0.000
211.291667 212.291667   3.371 0.000  1.829 0.000
214.291667 215.291667   5.243 0.000  2.823 0.000
217.291667 218.291667   1.259 0.000  1.385 0.000
220.291667 221.291667   0.944 0.000  1.039 0.000
223.291667 224.291667   5.907 0.000  1.964 0.000
226.291667 227.291667   8.304 0.000  4.659 0.000
229.291667 230.291667 999.999 0.999 99.999 0.999
232.291667 233.291667 999.999 0.999 99.999 0.999
235.291667 236.291667 999.999 0.999 99.999 0.999
238.291667 239.291667 999.999 0.999 99.999 0.999
241.291667 242.291667 999.999 0.999 99.999 0.999
244.291667 245.291667 999.999 0.999 99.999 0.999
247.291667 248.291667  14.171 0.000  3.586 0.000
250.291667 251.291667 999.999 0.999 99.999 0.999
253.291667 254.291667   5.398 0.000  1.587 0.659
256.291667 257.291667   8.846 0.000  2.501 0.659
259.291667 260.291667   7.619 0.000  3.053 0.659
262.291667 263.291667   9.583 0.000  2.366 0.659
265.291667 266.291667   8.139 0.000  2.692 0.659
268.291667 269.291667   6.803 0.000  2.599 0.659
271.291667 272.291667  11.574 0.000  3.834 0.659
274.291667 275.291667  12.330 0.000  5.928 0.659
277.291667 278.291667   1.514 0.000  1.108 0.659
280.291667 281.291667   3.907 0.000  2.180 0.659
283.291667 284.291667   3.992 0.000  2.409 0.659
286.291667 287.291667   7.115 0.000  3.606 0.659
289.291667 290.291667   6.174 0.000  2.615 0.659
292.291667 293.291667   4.156 0.000  2.067 0.659
295.291667 296.291667   2.278 0.000  1.551 0.659
298.291667 299.291667   1.270 0.000  0.688 0.659
301.291667 302.291667   3.185 0.000  1.505 0.659
304.291667 305.291667   1.707 0.000  0.978 0.659
307.291667 308.291667   2.837 0.000  1.392 0.659
310.291667 311.291667   6.084 0.000  2.336 0.659
313.291667 314.291667   0.083 0.000  0.908 0.659
316.291667 317.291667   1.771 0.000  1.197 0.659
319.291667 320.291667   4.646 0.000  1.187 0.659
322.291667 323.291667   4.037 0.000  1.633 0.659
325.291667 326.291667   1.403 0.000  0.578 0.659
328.291667 329.291667   1.551 0.000  0.762 0.659
331.291667 332.291667   2.543 0.000  0.918 0.659
334.291667 335.291667   2.534 0.000  1.224 0.659
337.291667 338.291667   2.586 0.000  1.371 0.659
340.291667 341.291667   0.653 0.000  0.492 0.659
343.291667 344.291667   1.380 0.000  0.577 0.659
346.291667 347.291667   1.520 0.000  0.850 0.659
349.291667 350.291667   0.994 0.000  0.386 0.659
352.291667 353.291667   0.451 0.000  0.304 0.659
355.291667 356.291667   0.820 0.000  0.634 0.659
358.291667 359.291667   1.778 0.000  1.341 0.659
361.291667 362.291667   1.042 0.000  0.632 0.659
364.291667 365.291667   1.732 0.000  0.858 0.659
