scripts/IMPROVE-2019_partial/data/US0061R.20050101050000.20191216000000.filterpack..pm25.52w.1w.US03L_filterpack_US0061.US03L_IMPROVE_Davis.lev2.nas
64 1001
MISSING INFORMATION
US03L, IMPROVE, , , , , , , 
MISSING INFORMATION
IMPROVE sel_HTAP
1 1
2005 01 01 2019 12 16
3.000000
days from file reference point
25
1 1 1 1 1 1 1 1 1 1 1 1 1 1 1 1 1 1 1 1 1 1 1 1 1
999.999999 9999.99 9.999 99.99 9.999 9.999 9.999 99.99 9.999 99.999 9.999 99.999 9.999 99.999 9.999 9999.999 9.999 999.999 9.999 999.999 9.999 9.999 9.999 99.999 9.999
end_time of measurement, days from the file reference point
iron, ng/m3, Revision date=20181210133000
numflag iron, no unit, Revision date=20181210133000
lead, ng/m3, Revision date=20181210133000
numflag lead, no unit, Revision date=20181210133000
magnesium, ug/m3, Revision date=20181210133000
numflag magnesium, no unit, Revision date=20181210133000
nickel, ng/m3, Revision date=20181210133000
numflag nickel, no unit, Revision date=20181210133000
nitrate, ug N/m3, Revision date=20181210133000
numflag nitrate, no unit, Revision date=20181210133000
organic_carbon, ug C/m3, Revision date=20181210133000
numflag organic_carbon, no unit, Revision date=20181210133000
organic_mass, ug/m3, Revision date=20181210133000
numflag organic_mass, no unit, Revision date=20181210133000
pm10_mass, ug/m3, Version=2, Version description=Data extracted from http://views.cira.colostate.edu/fed/DataWizard 2019-12-16, Sample duration=1d, Orig. time res.=3d, Matrix=pm10, Blank correction=Blank corrected, Volume std. temperature=ambient, Volume std. pressure=ambient
numflag pm10_mass, no unit, Version=2, Version description=Data extracted from http://views.cira.colostate.edu/fed/DataWizard 2019-12-16, Sample duration=1d, Orig. time res.=3d, Matrix=pm10, Blank correction=Blank corrected, Volume std. temperature=ambient, Volume std. pressure=ambient
pm10_pm25_mass, ug/m3, Revision date=20181210133000, Matrix=pm10_pm25
numflag pm10_pm25_mass, no unit, Revision date=20181210133000, Matrix=pm10_pm25
pm25_mass, ug/m3, Version=2, Version description=Data extracted from http://views.cira.colostate.edu/fed/DataWizard 2019-12-16, Sample duration=1d, Orig. time res.=3d, Blank correction=Blank corrected, Volume std. temperature=ambient, Volume std. pressure=ambient
numflag pm25_mass, no unit, Version=2, Version description=Data extracted from http://views.cira.colostate.edu/fed/DataWizard 2019-12-16, Sample duration=1d, Orig. time res.=3d, Blank correction=Blank corrected, Volume std. temperature=ambient, Volume std. pressure=ambient
potassium, ug/m3, Revision date=20181210133000
numflag potassium, no unit, Revision date=20181210133000
sulphate_total, ug S/m3, Revision date=20181210133000
numflag sulphate_total, no unit, Revision date=20181210133000
0
25
Data definition:              EBAS_1.1
Set type code:                TU
Timezone:                     UTC
File name:                    US0061R.20050101050000.20191216000000.filterpack..pm25.52w.1w.US03L_filterpack_US0061.US03L_IMPROVE_Davis.lev2.nas
File creation:                20191218115919
Startdate:                    20050101050000
Revision date:                20191216000000
Statistics:                   arithmetic mean
Data level:                   2
Period code:                  52w
Resolution code:              1w
Station code:                 US0061R
Platform code:                US0061S
Station name:                 Brigantine NWR
Station latitude:             39.465
Station longitude:            -74.4492
Station altitude:             5.0 m
Regime:                       IMG
Component:                    
Matrix:                       pm25
Laboratory code:              US03L
Instrument type:              filterpack
Instrument name:              filterpack_US0061
Method ref:                   US03L_IMPROVE_Davis
starttime endtime Fe flag_Fe Pb flag_Pb Mg++ flag_Mg++ Ni flag_Ni NO3- flag_NO3- OC flag_OC OM flag_OM PM10 flag_PM10 PM10-PM2.5 flag_PM10-PM2.5 PM2.5 flag_PM2.5 K+ flag_K+ SO4-- flag_SO4--
[from data line 90]
270.208333 271.208333   19.18 0.000  1.03 0.000 9.999 0.259  0.58 0.000  0.052 0.000  0.695 0.000  1.251 0.000    7.806 0.000   4.582 0.000   3.224 0.000 0.013 0.000  0.263 0.000
273.208333 274.208333   36.22 0.000  1.44 0.000 9.999 0.259  0.90 0.000  0.041 0.000  0.976 0.559  1.756 0.559    7.679 0.000   3.350 0.000   4.328 0.000 0.015 0.000  0.420 0.000
276.208333 277.208333    7.38 0.000  0.55 0.000 0.053 0.000  1.09 0.000  0.079 0.000  0.236 0.559  0.426 0.559    7.745 0.000   3.845 0.000   3.948 0.000 0.017 0.000  0.638 0.000
279.208333 280.208333    3.70 0.000 99.99 0.259 0.172 0.000  0.80 0.000  0.078 0.000  0.110 0.559  0.199 0.559   16.206 0.000   9.495 0.000   6.709 0.000 0.052 0.000  0.398 0.000
282.208333 283.208333   15.88 0.000  0.58 0.000 0.010 0.000  1.51 0.000  0.038 0.000  0.460 0.559  0.827 0.559    6.633 0.000   1.808 0.000   4.825 0.000 0.010 0.000  0.800 0.000
285.208333 286.208333    1.05 0.000  0.09 0.000 0.159 0.000  0.27 0.000  0.023 0.000  0.078 0.000  0.140 0.000    7.540 0.000   3.079 0.000   4.461 0.000 0.035 0.000  0.139 0.000
288.208333 289.208333   15.82 0.000  1.07 0.000 0.012 0.000  0.41 0.000  0.019 0.000  0.787 0.000  1.417 0.000    9.036 0.000   5.582 0.000   3.454 0.000 0.024 0.000  0.374 0.000
291.208333 292.208333   58.77 0.000  3.47 0.000 0.018 0.000  1.31 0.000  0.109 0.000  1.850 0.000  3.330 0.000   17.700 0.000   8.661 0.000   9.037 0.000 0.058 0.000  0.990 0.000
294.208333 295.208333    9.37 0.000  0.73 0.000 0.056 0.000  0.70 0.000  0.121 0.000  0.472 0.000  0.849 0.000   10.630 0.000   4.947 0.000   5.682 0.000 0.035 0.000  0.714 0.000
297.208333 298.208333    4.64 0.000  0.25 0.000 0.040 0.000  0.35 0.000  0.017 0.000  0.157 0.000  0.283 0.000    4.645 0.000   2.523 0.000   2.163 0.000 0.017 0.000  0.114 0.000
300.208333 301.208333   33.52 0.000  2.35 0.000 9.999 0.259  1.56 0.000  0.060 0.000  1.296 0.000  2.333 0.000    8.020 0.000   2.471 0.000   5.548 0.000 0.023 0.000  0.468 0.000
303.208333 304.208333   49.31 0.000  4.86 0.000 9.999 0.259  1.74 0.000  0.234 0.000  2.114 0.000  3.806 0.000   16.380 0.000   5.802 0.000  10.576 0.000 0.058 0.000  1.164 0.000
306.208333 307.208333   45.00 0.000  2.56 0.000 9.999 0.259  1.35 0.000  0.158 0.000  1.889 0.559  3.399 0.559   17.122 0.000   7.943 0.000   9.175 0.000 0.044 0.000  1.034 0.000
309.208333 310.208333   35.36 0.000  2.03 0.000 9.999 0.259  1.51 0.000  0.404 0.000  2.502 0.000  4.503 0.000 9999.999 0.999   5.089 0.000  14.952 0.000 0.074 0.000  1.781 0.000
312.208333 313.208333   50.99 0.000  2.66 0.000 0.027 0.000  2.32 0.000  0.331 0.000  1.994 0.000  3.589 0.000   24.125 0.000  10.122 0.000  14.107 0.000 0.071 0.000  1.650 0.000
315.208333 316.208333   54.39 0.000  4.95 0.000 9.999 0.259  1.14 0.000  0.248 0.000  2.505 0.000  4.508 0.000   11.919 0.000   4.293 0.000   7.623 0.000 0.056 0.000  0.772 0.000
318.208333 319.208333   13.84 0.000  0.59 0.000 0.053 0.000  1.26 0.000  0.153 0.000  0.491 0.559  0.883 0.559 9999.999 0.456   5.089 0.000   5.141 0.000 0.033 0.000  0.543 0.000
321.208333 322.208333   47.35 0.000  3.46 0.000 9.999 0.259  1.42 0.000  0.357 0.000  1.335 0.000  2.403 0.000    8.653 0.000   2.327 0.000   6.324 0.000 0.037 0.000  0.543 0.000
324.208333 325.208333   25.28 0.000  1.27 0.000 9.999 0.259  1.61 0.000  0.232 0.000  1.315 0.000  2.367 0.000 9999.999 0.456   5.089 0.000   6.139 0.000 0.028 0.000  0.668 0.000
327.208333 328.208333   19.08 0.000  0.98 0.000 9.999 0.259  0.66 0.000  0.131 0.000  1.145 0.000  2.060 0.000    8.209 0.000   3.250 0.000   4.957 0.000 0.029 0.000  0.521 0.000
330.208333 331.208333   24.69 0.000  1.47 0.000 9.999 0.259  1.23 0.000  0.189 0.000  1.892 0.559  3.405 0.559   10.369 0.000   3.008 0.000   7.359 0.000 0.090 0.000  0.559 0.000
333.208333 334.208333   39.07 0.000  2.46 0.000 0.009 0.000  0.91 0.000  0.054 0.000  1.225 0.000  2.205 0.000   11.079 0.000   4.160 0.000   6.917 0.000 0.047 0.000  0.831 0.000
336.208333 337.208333   25.43 0.000  2.22 0.000 0.007 0.000  0.39 0.000  0.477 0.000  1.466 0.000  2.639 0.000    9.361 0.000   2.188 0.000   7.171 0.000 0.036 0.000  0.681 0.000
339.208333 340.208333   45.55 0.000  4.53 0.000 0.010 0.000  3.37 0.000  0.515 0.000  2.058 0.000  3.704 0.000 9999.999 0.456   5.089 0.000  10.316 0.000 0.043 0.000  1.179 0.000
342.208333 343.208333   32.55 0.000  2.99 0.000 0.009 0.000  2.61 0.000  0.436 0.000  1.208 0.559  2.175 0.559 9999.999 0.999   5.089 0.000   8.659 0.000 0.038 0.000  0.981 0.000
345.208333 346.208333   34.81 0.000  2.16 0.000 0.009 0.000  1.45 0.000  0.255 0.000  1.274 0.000  2.293 0.000 9999.999 0.456   5.089 0.000   6.510 0.000 0.037 0.000  0.741 0.000
348.208333 349.208333   44.11 0.000  2.67 0.000 0.031 0.000  7.17 0.000  0.337 0.000  1.276 0.559  2.296 0.559   16.203 0.000   8.463 0.000   7.737 0.000 0.047 0.000  0.534 0.000
351.208333 352.208333   54.60 0.000  4.72 0.000 0.013 0.000  1.99 0.000  0.462 0.000  3.011 0.559  5.421 0.559   17.204 0.000   3.117 0.000  14.082 0.000 0.069 0.000  1.312 0.000
354.208333 355.208333   51.33 0.000  4.03 0.000 9.999 0.259  2.36 0.000  0.967 0.000  1.593 0.000  2.868 0.000   20.930 0.000   7.561 0.000  13.366 0.000 0.048 0.000  1.055 0.000
357.208333 358.208333   63.22 0.000  3.77 0.000 9.999 0.259  1.72 0.000  0.902 0.000  4.513 0.559  8.124 0.559   21.387 0.000   4.671 0.000  16.712 0.000 0.104 0.000  0.910 0.000
360.208333 361.208333   20.49 0.000  2.17 0.000 9.999 0.259  1.18 0.000  0.062 0.000  0.730 0.000  1.313 0.000    8.714 0.000   1.800 0.000   6.936 0.000 0.019 0.000  1.186 0.000
363.208333 364.208333   23.02 0.000  3.00 0.000 0.016 0.000  1.55 0.000  0.057 0.000  0.809 0.000  1.456 0.000   12.046 0.000   5.650 0.000   6.396 0.000 0.025 0.000  0.908 0.000
