scripts/IMPROVE-2019_partial/data/US0014R.19950104070000.20191216000000.filterpack...1y.3d.US03L_filterpack_US0014.US03L_IMPROVE_Davis.lev2.nas
51 1001
MISSING INFORMATION
US03L, IMPROVE, , , , , , , 
MISSING INFORMATION
IMPROVE sel_HTAP
1 1
1995 01 01 2019 12 16
0
days from file reference point
4
1 1 1 1
999.999999 999.999 999.999 9.999
end_time of measurement, days from the file reference point
pm10_mass, ug/m3, Matrix=pm10
pm25_mass, ug/m3, Matrix=pm25
numflag, no unit
0
33
Data definition:              EBAS_1.1
Set type code:                TI
Timezone:                     UTC
File name:                    US0014R.19950104070000.20191216000000.filterpack...1y.3d.US03L_filterpack_US0014.US03L_IMPROVE_Davis.lev2.nas
File creation:                20191218115618
Startdate:                    19950104070000
Revision date:                20191216000000
Version:                      2
Version description:          "Data extracted from http://views.cira.colostate.edu/fed/DataWizard 2019-12-16"
Statistics:                   arithmetic mean
Data level:                   2
Period code:                  1y
Resolution code:              3d
Sample duration:              1d
Orig. time res.:              3d
Station code:                 US0014R
Platform code:                US0014S
Station name:                 Indian Gardens
Station latitude:             36.0778
Station longitude:            -112.1288
Station altitude:             1166.0 m
Regime:                       IMG
Component:                    
Unit:                         ug/m3
Matrix:                       
Laboratory code:              US03L
Instrument type:              filterpack
Instrument name:              filterpack_US0014
Method ref:                   US03L_IMPROVE_Davis
Blank correction:             Blank corrected
Volume std. temperature:      ambient
Volume std. pressure:         ambient
starttime endtime PM10 PM2.5 flag
  3.291667   4.291667  18.852   3.015 0.000
  6.291667   7.291667   6.287   2.154 0.000
 10.291667  11.291667   1.826   0.721 0.000
 13.291667  14.291667   7.812   1.041 0.000
 17.291667  18.291667   9.598   1.175 0.000
 20.291667  21.291667   3.934   2.032 0.000
 24.291667  25.291667   7.957   4.540 0.000
 27.291667  28.291667   2.532   0.975 0.000
 31.291667  32.291667 999.999 999.999 0.999
 34.291667  35.291667 999.999 999.999 0.999
 38.291667  39.291667 999.999 999.999 0.999
 41.291667  42.291667 999.999 999.999 0.999
 45.291667  46.291667 999.999   0.786 0.000
 48.291667  49.291667 999.999   1.938 0.000
 52.291667  53.291667 999.999   2.391 0.000
 55.291667  56.291667   4.138   2.329 0.000
 59.291667  60.291667 999.999 999.999 0.999
 62.291667  63.291667 999.999 999.999 0.999
 66.291667  67.291667 999.999 999.999 0.999
 69.291667  70.291667 999.999 999.999 0.999
 73.291667  74.291667  13.714   2.304 0.000
 76.291667  77.291667 999.999 999.999 0.999
 80.291667  81.291667   5.188   1.899 0.000
 83.291667  84.291667   1.252   0.841 0.000
 87.291667  88.291667   5.522   3.562 0.000
 90.291667  91.291667   8.519   3.655 0.000
 94.291667  95.291667   7.225   2.294 0.000
 97.291667  98.291667  21.210   8.697 0.000
101.291667 102.291667   7.839   4.608 0.000
104.291667 105.291667  20.544   3.424 0.000
108.291667 109.291667 999.999 999.999 0.999
111.291667 112.291667   5.765   2.803 0.000
115.291667 116.291667  12.960   4.733 0.000
118.291667 119.291667   8.538   2.366 0.000
122.291667 123.291667   6.375   2.458 0.000
125.291667 126.291667  31.368   6.538 0.000
129.291667 130.291667 999.999 999.999 0.999
132.291667 133.291667 999.999 999.999 0.999
136.291667 137.291667 999.999 999.999 0.999
139.291667 140.291667 999.999 999.999 0.999
143.291667 144.291667   9.328   5.000 0.000
146.291667 147.291667   9.990   3.735 0.000
150.291667 151.291667  12.221   4.025 0.000
153.291667 154.291667  12.531   5.531 0.000
157.291667 158.291667  24.363   8.071 0.000
160.291667 161.291667  13.813   3.716 0.000
164.291667 165.291667 999.999 999.999 0.999
167.291667 168.291667 999.999 999.999 0.999
171.291667 172.291667 999.999 999.999 0.999
174.291667 175.291667 999.999 999.999 0.999
178.291667 179.291667 999.999 999.999 0.999
181.291667 182.291667 999.999 999.999 0.999
185.291667 186.291667   6.944   2.487 0.000
188.291667 189.291667  17.726   7.006 0.000
192.291667 193.291667   9.198   4.064 0.000
195.291667 196.291667  13.261   4.025 0.000
199.291667 200.291667  13.926   4.660 0.000
202.291667 203.291667  11.068   3.472 0.000
206.291667 207.291667  11.023   4.259 0.000
209.291667 210.291667  22.119   7.493 0.000
213.291667 214.291667  25.140  10.369 0.000
216.291667 217.291667  16.988   6.536 0.000
220.291667 221.291667  23.011   8.091 0.000
223.291667 224.291667   9.122   3.906 0.000
227.291667 228.291667  13.551   4.416 0.000
230.291667 231.291667   8.776   2.893 0.000
234.291667 235.291667   7.539   3.673 0.000
237.291667 238.291667   5.570   2.932 0.000
241.291667 242.291667   8.051   4.920 0.000
244.291667 245.291667   9.653   6.664 0.000
248.291667 249.291667   6.861   3.767 0.000
251.291667 252.291667   7.243   3.213 0.000
255.291667 256.291667 999.999 999.999 0.999
258.291667 259.291667  11.739   4.443 0.000
262.291667 263.291667 999.999 999.999 0.999
265.291667 266.291667  13.562   5.869 0.000
269.291667 270.291667   8.982   3.308 0.000
272.291667 273.291667   3.909   1.728 0.000
276.291667 277.291667 999.999 999.999 0.999
279.291667 280.291667 999.999 999.999 0.999
283.291667 284.291667 999.999 999.999 0.999
286.291667 287.291667 999.999 999.999 0.999
290.291667 291.291667  15.797   6.882 0.000
293.291667 294.291667  11.180   3.380 0.000
297.291667 298.291667  12.142   3.808 0.000
300.291667 301.291667  13.848   4.192 0.000
304.291667 305.291667 999.999 999.999 0.999
307.291667 308.291667  10.690   3.695 0.000
311.291667 312.291667   7.492   2.771 0.000
314.291667 315.291667   5.655   1.752 0.000
318.291667 319.291667   9.024   2.271 0.000
321.291667 322.291667   6.271   2.720 0.000
325.291667 326.291667  13.173   5.101 0.000
328.291667 329.291667  15.593   4.377 0.000
332.291667 333.291667 999.999 999.999 0.999
335.291667 336.291667 999.999 999.999 0.999
339.291667 340.291667  11.381   3.255 0.000
342.291667 343.291667  12.547   2.623 0.000
346.291667 347.291667   8.445   2.260 0.000
349.291667 350.291667  10.549   3.291 0.000
353.291667 354.291667   8.252   5.354 0.000
356.291667 357.291667   5.165   3.424 0.000
360.291667 361.291667   4.471   3.032 0.000
363.291667 364.291667   2.066   0.779 0.000
