scripts/IMPROVE-2019_partial/data/US0095R.20090101070000.20191216000000.filterpack...52w.3d.US03L_filterpack_US0095.US03L_IMPROVE_Davis.lev2.nas
52 1001
MISSING INFORMATION
US03L, IMPROVE, , , , , , , 
MISSING INFORMATION
IMPROVE sel_HTAP
1 1
2009 01 01 2019 12 16
3.000000
days from file reference point
5
1 1 1 1 1
999.999999 999.999 9.999 999.999 9.999
end_time of measurement, days from the file reference point
pm10_mass, ug/m3, Matrix=pm10
numflag pm10_mass, no unit, Matrix=pm10
pm25_mass, ug/m3, Matrix=pm25
numflag pm25_mass, no unit, Matrix=pm25
0
33
Data definition:              EBAS_1.1
Set type code:                TU
Timezone:                     UTC
File name:                    US0095R.20090101070000.20191216000000.filterpack...52w.3d.US03L_filterpack_US0095.US03L_IMPROVE_Davis.lev2.nas
File creation:                20191218120151
Startdate:                    20090101070000
Revision date:                20191216000000
Version:                      2
Version description:          "Data extracted from http://views.cira.colostate.edu/fed/DataWizard 2019-12-16"
Statistics:                   arithmetic mean
Data level:                   2
Period code:                  52w
Resolution code:              3d
Sample duration:              1d
Orig. time res.:              3d
Station code:                 US0095R
Platform code:                US0095S
Station name:                 Petrified Forest NP
Station latitude:             35.0777
Station longitude:            -109.7692
Station altitude:             1766.0 m
Regime:                       IMG
Component:                    
Unit:                         ug/m3
Matrix:                       
Laboratory code:              US03L
Instrument type:              filterpack
Instrument name:              filterpack_US0095
Method ref:                   US03L_IMPROVE_Davis
Blank correction:             Blank corrected
Volume std. temperature:      ambient
Volume std. pressure:         ambient
starttime endtime PM10 flag_PM10 PM2.5 flag_PM2.5
  0.291667   1.291667   3.483 0.000   2.483 0.000
  3.291667   4.291667   2.184 0.000   1.745 0.000
  6.291667   7.291667   3.187 0.000   2.494 0.000
  9.291667  10.291667   1.597 0.000   0.960 0.000
 12.291667  13.291667   2.492 0.000   1.487 0.000
 15.291667  16.291667   3.295 0.000   2.132 0.000
 18.291667  19.291667   4.185 0.000   2.713 0.000
 21.291667  22.291667   8.327 0.000   3.959 0.000
 24.291667  25.291667   3.105 0.000   2.019 0.000
 27.291667  28.291667   2.015 0.000   1.078 0.000
 30.291667  31.291667   3.073 0.000   1.735 0.000
 33.291667  34.291667   2.813 0.000   1.698 0.000
 36.291667  37.291667   7.820 0.000   2.625 0.000
 39.291667  40.291667   2.276 0.000   1.044 0.000
 42.291667  43.291667   3.792 0.000   1.754 0.000
 45.291667  46.291667   2.924 0.000   1.669 0.000
 48.291667  49.291667   1.637 0.000   1.015 0.000
 51.291667  52.291667   6.022 0.000   3.628 0.000
 54.291667  55.291667   3.514 0.000   1.744 0.000
 57.291667  58.291667   6.234 0.000   2.803 0.000
 60.291667  61.291667   6.740 0.000   3.249 0.000
 63.291667  64.291667  28.982 0.000   4.960 0.000
 66.291667  67.291667   4.056 0.000   1.950 0.000
 69.291667  70.291667   6.418 0.000   2.588 0.000
 72.291667  73.291667   4.535 0.000   2.873 0.000
 75.291667  76.291667   5.528 0.000   3.094 0.000
 78.291667  79.291667   9.630 0.000   4.791 0.000
 81.291667  82.291667  28.200 0.000   5.404 0.000
 84.291667  85.291667  26.907 0.000   5.067 0.000
 87.291667  88.291667  23.339 0.000   4.549 0.000
 90.291667  91.291667 999.999 0.999 999.999 0.999
 93.291667  94.291667  12.742 0.000   3.488 0.000
 96.291667  97.291667  17.501 0.000   5.825 0.000
 99.291667 100.291667  12.840 0.000   3.973 0.000
102.291667 103.291667   4.760 0.000   2.495 0.000
105.291667 106.291667  11.910 0.000   3.565 0.000
108.291667 109.291667   5.056 0.000   2.260 0.000
111.291667 112.291667  29.058 0.000   7.990 0.000
114.291667 115.291667  21.881 0.000   8.020 0.000
117.291667 118.291667  17.726 0.000   6.517 0.000
120.291667 121.291667  18.268 0.000   7.891 0.000
123.291667 124.291667  15.950 0.000   5.958 0.000
126.291667 127.291667  20.216 0.000   6.908 0.000
129.291667 130.291667   9.442 0.000   3.840 0.000
132.291667 133.291667  22.790 0.000   7.490 0.000
135.291667 136.291667  17.726 0.000   5.490 0.000
138.291667 139.291667  11.287 0.000   3.391 0.000
141.291667 142.291667   7.515 0.000   3.438 0.000
144.291667 145.291667   6.857 0.000   3.230 0.000
147.291667 148.291667   5.175 0.000   3.086 0.000
150.291667 151.291667   4.805 0.000   2.672 0.000
153.291667 154.291667   9.661 0.000   3.902 0.000
156.291667 157.291667   8.156 0.000   4.245 0.000
159.291667 160.291667   6.492 0.000   1.909 0.000
162.291667 163.291667   6.399 0.000   3.010 0.000
165.291667 166.291667   5.861 0.000   2.983 0.000
168.291667 169.291667   9.605 0.000   3.978 0.000
171.291667 172.291667   9.172 0.000   4.570 0.000
174.291667 175.291667 999.999 0.456   4.256 0.000
177.291667 178.291667 999.999 0.456   3.128 0.000
180.291667 181.291667 999.999 0.456   3.922 0.000
183.291667 184.291667 999.999 0.456   3.588 0.000
186.291667 187.291667 999.999 0.456   3.067 0.000
189.291667 190.291667   8.935 0.000   3.301 0.000
192.291667 193.291667  14.727 0.000   6.216 0.000
195.291667 196.291667  14.089 0.000   6.040 0.000
198.291667 199.291667  18.602 0.000   5.005 0.000
201.291667 202.291667  63.721 0.000  27.713 0.000
204.291667 205.291667 999.999 0.999 999.999 0.999
207.291667 208.291667 999.999 0.999 999.999 0.999
210.291667 211.291667 999.999 0.999 999.999 0.999
213.291667 214.291667 999.999 0.999 999.999 0.999
216.291667 217.291667  22.417 0.000  10.057 0.000
219.291667 220.291667  16.663 0.000  11.421 0.000
222.291667 223.291667 999.999 0.999 999.999 0.999
225.291667 226.291667   9.487 0.000   4.690 0.000
228.291667 229.291667 999.999 0.999 999.999 0.999
231.291667 232.291667   7.674 0.000   3.718 0.000
234.291667 235.291667   3.360 0.000   2.643 0.000
237.291667 238.291667   4.601 0.000   2.487 0.000
240.291667 241.291667   6.896 0.000   3.460 0.000
243.291667 244.291667   9.975 0.000   5.409 0.000
246.291667 247.291667   8.152 0.000   6.197 0.000
249.291667 250.291667   4.830 0.000   3.297 0.000
252.291667 253.291667   3.092 0.000   2.591 0.000
255.291667 256.291667   4.595 0.000   2.637 0.000
258.291667 259.291667   5.921 0.000   2.340 0.000
261.291667 262.291667   3.324 0.000   2.546 0.000
264.291667 265.291667   3.973 0.000   1.426 0.000
267.291667 268.291667   5.214 0.000   2.027 0.000
270.291667 271.291667   7.429 0.000   3.878 0.000
273.291667 274.291667   6.150 0.000   2.500 0.000
276.291667 277.291667  27.490 0.000   4.346 0.000
279.291667 280.291667  13.584 0.000   4.381 0.000
282.291667 283.291667   8.889 0.000   3.316 0.000
285.291667 286.291667   5.503 0.000   2.133 0.000
288.291667 289.291667   6.041 0.000   2.095 0.000
291.291667 292.291667   9.537 0.000   3.596 0.000
294.291667 295.291667   5.673 0.000   2.485 0.000
297.291667 298.291667   5.926 0.000   2.084 0.000
300.291667 301.291667   3.575 0.000   1.867 0.000
303.291667 304.291667   2.977 0.000   1.699 0.000
306.291667 307.291667   3.523 0.000   2.030 0.000
309.291667 310.291667  26.551 0.000  21.947 0.000
312.291667 313.291667   5.867 0.000   3.024 0.000
315.291667 316.291667  17.139 0.000   9.058 0.000
318.291667 319.291667   3.378 0.000   1.742 0.000
321.291667 322.291667   6.034 0.000   3.809 0.000
324.291667 325.291667   6.130 0.000   3.065 0.000
327.291667 328.291667   2.387 0.000   0.955 0.000
330.291667 331.291667   8.575 0.000   3.462 0.000
333.291667 334.291667   3.706 0.000   2.597 0.000
336.291667 337.291667   3.650 0.000   2.096 0.000
339.291667 340.291667   5.991 0.000   2.467 0.000
342.291667 343.291667 999.999 0.999 999.999 0.999
345.291667 346.291667 999.999 0.999 999.999 0.999
348.291667 349.291667 999.999 0.999 999.999 0.999
351.291667 352.291667   4.364 0.000   2.952 0.000
354.291667 355.291667   5.872 0.000   3.200 0.000
357.291667 358.291667   2.582 0.000   2.404 0.000
360.291667 361.291667   2.636 0.000   1.955 0.000
363.291667 364.291667   3.684 0.000   4.419 0.000
