scripts/IMPROVE-2019_partial/data/US0045R.20060102050000.20191216000000.filterpack..pm25.52w.1w.US03L_filterpack_US0045.US03L_IMPROVE_Davis.lev2.nas
66 1001
MISSING INFORMATION
US03L, IMPROVE, , , , , , , 
MISSING INFORMATION
IMPROVE sel_HTAP
1 1
2006 01 01 2019 12 16
3.000000
days from file reference point
27
1 1 1 1 1 1 1 1 1 1 1 1 1 1 1 1 1 1 1 1 1 1 1 1 1 1 1
999.999999 999.99 9.999 99.99 9.999 9.999 9.999 99.99 9.999 99.999 9.999 99.999 9.999 99.999 9.999 99.99 9.999 999.999 9.999 999.999 9.999 999.999 9.999 9.999 9.999 99.999 9.999
end_time of measurement, days from the file reference point
iron, ng/m3, Revision date=20181210133000
numflag iron, no unit, Revision date=20181210133000
lead, ng/m3, Revision date=20181210133000
numflag lead, no unit, Revision date=20181210133000
magnesium, ug/m3, Revision date=20181210133000
numflag magnesium, no unit, Revision date=20181210133000
nickel, ng/m3, Revision date=20181210133000
numflag nickel, no unit, Revision date=20181210133000
nitrate, ug N/m3, Revision date=20181210133000
numflag nitrate, no unit, Revision date=20181210133000
organic_carbon, ug C/m3, Revision date=20181210133000
numflag organic_carbon, no unit, Revision date=20181210133000
organic_mass, ug/m3, Revision date=20181210133000
numflag organic_mass, no unit, Revision date=20181210133000
phosphorus, ng/m3, Revision date=20181210133000
numflag phosphorus, no unit, Revision date=20181210133000
pm10_mass, ug/m3, Version=2, Version description=Data extracted from http://views.cira.colostate.edu/fed/DataWizard 2019-12-16, Sample duration=1d, Orig. time res.=3d, Matrix=pm10, Blank correction=Blank corrected, Volume std. temperature=ambient, Volume std. pressure=ambient
numflag pm10_mass, no unit, Version=2, Version description=Data extracted from http://views.cira.colostate.edu/fed/DataWizard 2019-12-16, Sample duration=1d, Orig. time res.=3d, Matrix=pm10, Blank correction=Blank corrected, Volume std. temperature=ambient, Volume std. pressure=ambient
pm10_pm25_mass, ug/m3, Revision date=20181210133000, Matrix=pm10_pm25
numflag pm10_pm25_mass, no unit, Revision date=20181210133000, Matrix=pm10_pm25
pm25_mass, ug/m3, Version=2, Version description=Data extracted from http://views.cira.colostate.edu/fed/DataWizard 2019-12-16, Sample duration=1d, Orig. time res.=3d, Blank correction=Blank corrected, Volume std. temperature=ambient, Volume std. pressure=ambient
numflag pm25_mass, no unit, Version=2, Version description=Data extracted from http://views.cira.colostate.edu/fed/DataWizard 2019-12-16, Sample duration=1d, Orig. time res.=3d, Blank correction=Blank corrected, Volume std. temperature=ambient, Volume std. pressure=ambient
potassium, ug/m3, Revision date=20181210133000
numflag potassium, no unit, Revision date=20181210133000
sulphate_total, ug S/m3, Revision date=20181210133000
numflag sulphate_total, no unit, Revision date=20181210133000
0
25
Data definition:              EBAS_1.1
Set type code:                TU
Timezone:                     UTC
File name:                    US0045R.20060102050000.20191216000000.filterpack..pm25.52w.1w.US03L_filterpack_US0045.US03L_IMPROVE_Davis.lev2.nas
File creation:                20191218115811
Startdate:                    20060102050000
Revision date:                20191216000000
Statistics:                   arithmetic mean
Data level:                   2
Period code:                  52w
Resolution code:              1w
Station code:                 US0045R
Platform code:                US0045S
Station name:                 Isle Royale NP
Station latitude:             47.4596
Station longitude:            -88.1491
Station altitude:             182.0 m
Regime:                       IMG
Component:                    
Matrix:                       pm25
Laboratory code:              US03L
Instrument type:              filterpack
Instrument name:              filterpack_US0045
Method ref:                   US03L_IMPROVE_Davis
starttime endtime Fe flag_Fe Pb flag_Pb Mg++ flag_Mg++ Ni flag_Ni NO3- flag_NO3- OC flag_OC OM flag_OM P flag_P PM10 flag_PM10 PM10-PM2.5 flag_PM10-PM2.5 PM2.5 flag_PM2.5 K+ flag_K+ SO4-- flag_SO4--
  1.208333   2.208333   3.98 0.000  1.26 0.000 9.999 0.259  0.21 0.000  0.009 0.559  0.158 0.000  0.221 0.000 99.99 0.259   2.874 0.000   0.378 0.000   2.496 0.000 0.010 0.000  0.388 0.559
  4.208333   5.208333   0.71 0.000  0.25 0.000 9.999 0.259  0.17 0.000  0.003 0.559  0.006 0.000  0.008 0.000 99.99 0.259   3.559 0.000   1.981 0.000   1.578 0.000 0.002 0.000  0.250 0.559
  7.208333   8.208333   4.64 0.000  0.17 0.000 9.999 0.259 99.99 0.259  0.007 0.559  0.116 0.000  0.162 0.000 99.99 0.259   2.414 0.000   0.520 0.000   1.894 0.000 0.012 0.000  0.310 0.559
 10.208333  11.208333  11.69 0.000  1.67 0.000 0.014 0.000 99.99 0.259  0.935 0.559  0.950 0.000  1.330 0.000 99.99 0.259  13.071 0.000   4.191 0.000   8.880 0.000 0.037 0.000  0.507 0.559
 13.208333  14.208333   1.18 0.000  1.00 0.000 9.999 0.259  0.14 0.000  0.003 0.559  0.131 0.000  0.184 0.000 99.99 0.259   2.496 0.000   0.378 0.000   2.118 0.000 0.006 0.000  0.331 0.559
 16.208333  17.208333  14.43 0.000  0.96 0.000 0.009 0.000  0.25 0.000  0.152 0.000  0.383 0.000  0.537 0.000 99.99 0.259   4.580 0.000   1.813 0.000   2.768 0.000 0.018 0.000  0.299 0.000
 19.208333  20.208333   7.38 0.000  0.34 0.000 9.999 0.259 99.99 0.259  0.030 0.559  0.392 0.000  0.548 0.000 99.99 0.259   4.176 0.000   1.080 0.000   3.096 0.000 0.017 0.000  0.447 0.559
 22.208333  23.208333   9.19 0.000  1.16 0.000 9.999 0.259 99.99 0.259  0.108 0.559  0.570 0.000  0.798 0.000 99.99 0.259   4.806 0.000   1.407 0.000   3.399 0.000 0.023 0.000  0.420 0.559
 25.208333  26.208333  10.45 0.000  1.13 0.000 9.999 0.259  0.22 0.000  0.089 0.559  0.492 0.000  0.689 0.000 99.99 0.259   5.272 0.000   2.289 0.000   2.984 0.000 0.026 0.000  0.341 0.559
 28.208333  29.208333   3.49 0.000  2.35 0.000 9.999 0.259  0.13 0.000  0.020 0.559  0.320 0.000  0.447 0.000 99.99 0.259   2.961 0.000   0.551 0.000   2.410 0.000 0.019 0.000  0.370 0.559
 31.208333  32.208333   9.88 0.000  1.10 0.000 9.999 0.259 99.99 0.259  0.139 0.000  0.442 0.000  0.618 0.000 99.99 0.259   3.669 0.000   0.718 0.000   2.951 0.000 0.023 0.000  0.366 0.000
 34.208333  35.208333   2.77 0.000 99.99 0.259 0.031 0.000 99.99 0.259  0.050 0.559  0.046 0.000  0.064 0.000 99.99 0.259   2.721 0.000   0.898 0.000   1.824 0.000 0.012 0.000  0.228 0.559
 37.208333  38.208333   2.50 0.000  0.35 0.000 9.999 0.259 99.99 0.259  0.010 0.559  0.127 0.000  0.177 0.000 99.99 0.259   0.977 0.000   0.052 0.000   0.925 0.000 0.005 0.000  0.113 0.559
 40.208333  41.208333  13.04 0.000  0.70 0.000 9.999 0.259 99.99 0.259  0.120 0.559  0.311 0.000  0.435 0.000 99.99 0.259   5.073 0.000   3.040 0.000   2.033 0.000 0.019 0.000  0.229 0.559
 43.208333  44.208333   4.74 0.000  0.53 0.000 9.999 0.259  0.13 0.000  0.019 0.559  0.165 0.000  0.231 0.000 99.99 0.259   2.455 0.000   1.015 0.000   1.440 0.000 0.010 0.000  0.218 0.559
 46.208333  47.208333   7.92 0.000  0.67 0.000 9.999 0.259 99.99 0.259  0.017 0.559  0.116 0.000  0.162 0.000 99.99 0.259   5.021 0.000   3.108 0.000   1.913 0.000 0.016 0.000  0.274 0.559
 49.208333  50.208333  16.95 0.000  0.73 0.000 9.999 0.259 99.99 0.259  0.124 0.559  0.336 0.000  0.470 0.000 99.99 0.259   5.461 0.000   2.398 0.000   3.063 0.000 0.020 0.000  0.331 0.559
 52.208333  53.208333  15.54 0.000  1.25 0.000 9.999 0.259 99.99 0.259  0.210 0.559  0.734 0.000  1.028 0.000 99.99 0.259   8.309 0.000   2.808 0.000   5.501 0.000 0.036 0.000  0.687 0.559
 55.208333  56.208333   5.95 0.000  0.98 0.000 0.009 0.000 99.99 0.259  0.030 0.559  0.156 0.000  0.219 0.000 99.99 0.259   2.912 0.000   1.272 0.000   1.640 0.000 0.013 0.000  0.203 0.559
 58.208333  59.208333   4.41 0.000  0.59 0.000 9.999 0.259 99.99 0.259  0.026 0.559  0.003 0.000  0.004 0.000 99.99 0.259   1.903 0.000   0.570 0.000   1.333 0.000 0.011 0.000  0.132 0.559
 61.208333  62.208333   3.26 0.000  0.35 0.000 9.999 0.259 99.99 0.259  0.028 0.559  0.042 0.000  0.058 0.000 99.99 0.259   2.434 0.000   1.138 0.000   1.296 0.000 0.010 0.000  0.112 0.559
 64.208333  65.208333   4.47 0.000  0.46 0.000 9.999 0.259 99.99 0.259  0.041 0.559  0.133 0.000  0.186 0.000 99.99 0.259   1.980 0.000   0.594 0.000   1.386 0.000 0.017 0.000  0.142 0.559
 67.208333  68.208333  19.84 0.000  2.08 0.000 0.006 0.000 99.99 0.259  1.412 0.559  0.881 0.000  1.234 0.000 99.99 0.259  19.442 0.000   3.261 0.000  16.180 0.000 0.027 0.000  1.624 0.559
 70.208333  71.208333  10.52 0.000  1.33 0.000 9.999 0.259 99.99 0.259  0.145 0.559  0.477 0.000  0.668 0.000 99.99 0.259   4.081 0.000   1.470 0.000   2.611 0.000 0.015 0.000  0.361 0.559
 73.208333  74.208333  11.67 0.000  1.20 0.000 9.999 0.259 99.99 0.259  0.012 0.559  0.172 0.000  0.240 0.000 99.99 0.259   3.238 0.000   1.021 0.000   2.217 0.000 0.024 0.000  0.357 0.559
 76.208333  77.208333   9.33 0.000  0.98 0.000 9.999 0.259 99.99 0.259  0.011 0.559  0.231 0.000  0.324 0.000 99.99 0.259   3.109 0.000   0.895 0.000   2.214 0.000 0.015 0.000  0.365 0.559
 79.208333  80.208333   4.54 0.000  0.50 0.000 0.018 0.000  0.11 0.000  0.018 0.559  0.095 0.000  0.133 0.000 99.99 0.259   1.969 0.000   0.644 0.000   1.324 0.000 0.012 0.000  0.188 0.559
 82.208333  83.208333   2.20 0.000  0.22 0.000 9.999 0.259 99.99 0.259  0.009 0.559  0.018 0.000  0.025 0.000 99.99 0.259   0.724 0.000   0.154 0.000   0.570 0.000 0.007 0.000  0.049 0.559
 85.208333  86.208333  27.63 0.000  0.79 0.000 9.999 0.259 99.99 0.259  0.098 0.559  0.436 0.000  0.610 0.000 99.99 0.259   3.955 0.000   1.338 0.000   2.618 0.000 0.023 0.000  0.283 0.559
 88.208333  89.208333  39.18 0.000  3.69 0.000 9.999 0.259 99.99 0.259  0.435 0.559  1.543 0.000  2.160 0.000 99.99 0.259  18.943 0.000   3.223 0.000  15.719 0.000 0.041 0.000  2.623 0.559
 91.208333  92.208333  19.79 0.000  1.12 0.000 9.999 0.259 99.99 0.259  0.014 0.559  0.453 0.000  0.634 0.000 99.99 0.259   4.555 0.000   1.141 0.000   3.415 0.000 0.023 0.000  0.478 0.559
 94.208333  95.208333  24.60 0.000  0.98 0.000 0.012 0.000  0.18 0.000  0.013 0.559  0.267 0.000  0.373 0.000 99.99 0.259   5.505 0.000   3.374 0.000   2.130 0.000 0.030 0.000  0.267 0.559
 97.208333  98.208333  12.93 0.000  0.65 0.000 9.999 0.259  0.09 0.000  0.009 0.559  0.219 0.000  0.306 0.000 99.99 0.259   2.717 0.000   1.035 0.000   1.681 0.000 0.013 0.000  0.258 0.559
100.208333 101.208333  83.67 0.000  5.36 0.000 0.034 0.000  0.16 0.000  0.277 0.559  2.225 0.000  3.115 0.000 99.99 0.259  21.863 0.000  10.489 0.000  11.374 0.000 0.080 0.000  1.322 0.559
103.208333 104.208333  22.69 0.000  1.10 0.000 9.999 0.259  0.17 0.000  0.039 0.559  0.591 0.000  0.828 0.000 99.99 0.259   8.530 0.000   5.776 0.000   2.754 0.000 0.020 0.000  0.297 0.559
106.208333 107.208333  23.14 0.000  1.47 0.000 0.011 0.000  0.28 0.000  0.009 0.559  0.353 0.000  0.494 0.000 99.99 0.259   5.255 0.000   2.979 0.000   2.276 0.000 0.025 0.000  0.302 0.559
109.208333 110.208333  41.59 0.000  1.25 0.000 9.999 0.259  0.31 0.000  0.025 0.559  0.855 0.000  1.197 0.000 99.99 0.259  11.925 0.000   7.801 0.000   4.123 0.000 0.030 0.000  0.323 0.559
112.208333 113.208333  18.10 0.000  1.56 0.000 0.011 0.000  1.05 0.000  0.169 0.559  0.808 0.000  1.131 0.000 99.99 0.259   5.236 0.000   0.612 0.000   4.623 0.000 0.017 0.000  0.547 0.559
115.208333 116.208333  48.17 0.000  0.69 0.000 9.999 0.259  0.23 0.000  0.016 0.559  0.423 0.000  0.592 0.000 99.99 0.259   5.749 0.000   3.092 0.000   2.657 0.000 0.033 0.000  0.206 0.559
118.208333 119.208333  46.79 0.000  1.52 0.000 0.017 0.000  0.28 0.000  0.166 0.559  0.787 0.000  1.102 0.000 99.99 0.259  12.576 0.000   8.149 0.000   4.427 0.000 0.035 0.000  0.430 0.559
121.208333 122.208333  39.17 0.000  1.94 0.000 9.999 0.259  0.24 0.000  0.084 0.559  0.927 0.000  1.298 0.000 99.99 0.259   6.647 0.000 999.999 0.259   9.287 0.000 0.034 0.000  1.372 0.559
124.208333 125.208333  10.05 0.000  0.27 0.000 9.999 0.259 99.99 0.259  0.010 0.559  0.129 0.000  0.180 0.000 99.99 0.259   1.528 0.000   0.623 0.000   0.905 0.000 0.008 0.000  0.099 0.559
127.208333 128.208333  39.04 0.000  2.47 0.000 0.004 0.000 99.99 0.259  0.050 0.559  0.927 0.000  1.297 0.000 99.99 0.259  14.216 0.000   8.161 0.000   6.054 0.000 0.034 0.000  0.733 0.559
130.208333 131.208333   3.63 0.000  0.28 0.000 9.999 0.259 99.99 0.259  0.004 0.559  0.059 0.000  0.082 0.000 99.99 0.259   1.824 0.000   0.978 0.000   0.846 0.000 0.005 0.000  0.054 0.559
133.208333 134.208333   3.68 0.000  0.56 0.000 9.999 0.259  0.38 0.000  0.008 0.559  0.633 0.000  0.887 0.000 99.99 0.259   4.310 0.000   1.233 0.000   3.077 0.000 0.008 0.000  0.400 0.559
136.208333 137.208333  17.91 0.000  0.36 0.000 9.999 0.259  0.35 0.000  0.008 0.559  0.924 0.000  1.293 0.000 99.99 0.259   5.108 0.000   2.209 0.000   2.899 0.000 0.023 0.000  0.222 0.559
139.208333 140.208333  19.11 0.000  0.59 0.000 9.999 0.259  0.37 0.000  0.006 0.559  0.436 0.000  0.610 0.000 99.99 0.259   4.422 0.000   2.750 0.000   1.672 0.000 0.015 0.000  0.131 0.559
142.208333 143.208333  32.26 0.000  0.88 0.000 9.999 0.259  0.20 0.000  0.010 0.559  0.617 0.000  0.864 0.000 99.99 0.259   6.661 0.000   3.741 0.000   2.920 0.000 0.028 0.000  0.192 0.559
145.208333 146.208333  35.65 0.000  1.33 0.000 0.007 0.000  0.35 0.000  0.035 0.559  1.208 0.000  1.691 0.000 99.99 0.259  10.611 0.000   4.477 0.000   6.134 0.000 0.031 0.000  0.625 0.559
148.208333 149.208333  46.95 0.000  1.75 0.000 9.999 0.259  0.32 0.000  0.054 0.559  2.509 0.000  3.512 0.000 99.99 0.259  23.043 0.000  11.488 0.000  11.555 0.000 0.051 0.000  1.187 0.559
151.208333 152.208333  26.76 0.000  0.53 0.000 0.010 0.000  0.78 0.000  0.014 0.559  0.771 0.000  1.080 0.000 99.99 0.259   9.262 0.000   5.747 0.000   3.516 0.000 0.016 0.000  0.339 0.559
154.208333 155.208333  16.83 0.000  0.56 0.000 0.011 0.000  0.61 0.000  0.007 0.559  1.052 0.000  1.473 0.000 99.99 0.259   7.287 0.000   3.918 0.000   3.369 0.000 0.018 0.000  0.135 0.559
157.208333 158.208333   5.59 0.000  0.80 0.000 0.007 0.000  0.49 0.000  0.011 0.559  0.716 0.000  1.002 0.000 99.99 0.259   5.677 0.000   2.779 0.000   2.898 0.000 0.008 0.000  0.249 0.559
160.208333 161.208333  11.09 0.000  0.55 0.000 9.999 0.259  0.28 0.000  0.005 0.559  0.445 0.000  0.622 0.000 99.99 0.259   3.295 0.000   1.497 0.000   1.798 0.000 0.014 0.000  0.155 0.559
163.208333 164.208333  11.16 0.000  0.63 0.000 9.999 0.259  1.05 0.000  0.007 0.559  0.852 0.000  1.192 0.000 99.99 0.259 999.999 0.456 999.999 0.259   2.946 0.000 0.018 0.000  0.162 0.559
166.208333 167.208333  71.74 0.000  4.61 0.000 0.048 0.000  0.60 0.000  0.062 0.559  3.696 0.000  5.175 0.000 99.99 0.259  32.045 0.000   9.355 0.000  22.690 0.000 0.151 0.000  2.580 0.559
169.208333 170.208333  10.19 0.000  0.38 0.000 0.011 0.000  0.61 0.000  0.006 0.559  0.501 0.000  0.702 0.000 99.99 0.259   5.589 0.000   3.666 0.000   1.923 0.000 0.009 0.000  0.077 0.559
172.208333 173.208333   6.35 0.000  0.19 0.000 9.999 0.259  0.33 0.000  0.004 0.559  0.474 0.000  0.663 0.000 99.99 0.259   5.245 0.000   3.588 0.000   1.657 0.000 0.008 0.000  0.096 0.559
175.208333 176.208333  15.95 0.000  0.35 0.000 0.008 0.000  1.01 0.000  0.006 0.559  2.002 0.000  2.802 0.000 99.99 0.259   9.768 0.000   4.319 0.000   5.449 0.000 0.024 0.000  0.163 0.559
178.208333 179.208333   7.58 0.000  0.39 0.000 9.999 0.259  0.46 0.000  0.011 0.559  3.127 0.000  4.378 0.000 99.99 0.259  11.843 0.000   2.968 0.000   8.875 0.000 0.054 0.000  0.244 0.559
181.208333 182.208333  26.54 0.000  1.04 0.000 9.999 0.259  0.20 0.000  0.019 0.559  3.482 0.000  6.268 0.000 99.99 0.259  15.096 0.000   4.487 0.000  10.610 0.000 0.071 0.000  0.459 0.559
184.208333 185.208333   5.70 0.000  0.25 0.000 9.999 0.259  0.37 0.000  0.009 0.559  1.693 0.000  3.047 0.000 99.99 0.259   8.366 0.000   4.203 0.000   4.163 0.000 0.030 0.000  0.128 0.559
187.208333 188.208333  49.73 0.000  1.66 0.000 0.010 0.000 99.99 0.259  0.028 0.559  3.504 0.000  6.307 0.000 99.99 0.259  24.660 0.000  11.595 0.000  13.066 0.000 0.108 0.000  0.613 0.559
190.208333 191.208333   2.51 0.000  0.21 0.000 9.999 0.259  0.33 0.000  0.011 0.559  0.313 0.000  0.563 0.000 99.99 0.259   3.316 0.000   2.063 0.000   1.253 0.000 0.008 0.000  0.033 0.559
193.208333 194.208333  59.35 0.000  1.73 0.000 9.999 0.259  0.35 0.000  0.017 0.559  2.159 0.000  3.887 0.000 99.99 0.259  19.859 0.000   8.193 0.000  11.666 0.000 0.051 0.000  1.093 0.559
196.208333 197.208333  26.82 0.000  0.79 0.000 9.999 0.259  0.38 0.000  0.021 0.559  1.553 0.000  2.796 0.000 99.99 0.259  10.214 0.000   4.622 0.000   5.592 0.000 0.051 0.000  0.357 0.559
199.208333 200.208333  31.30 0.000  1.43 0.000 9.999 0.259 99.99 0.259  0.010 0.559  2.938 0.000  5.287 0.000 99.99 0.259  16.841 0.000   7.677 0.000   9.164 0.000 0.053 0.000  0.468 0.559
202.208333 203.208333  15.14 0.000  0.29 0.000 0.010 0.000  0.30 0.000  0.004 0.559  0.889 0.000  1.601 0.000 99.99 0.259   6.274 0.000   3.855 0.000   2.419 0.000 0.011 0.000  0.063 0.559
205.208333 206.208333  18.12 0.000  0.51 0.000 9.999 0.259  0.47 0.000  0.008 0.559  2.407 0.000  4.332 0.000 99.99 0.259  11.794 0.000   4.353 0.000   7.441 0.000 0.026 0.000  0.368 0.559
208.208333 209.208333  49.18 0.000  0.68 0.000 9.999 0.259 99.99 0.259  0.016 0.559  2.400 0.000  4.321 0.000 99.99 0.259  15.230 0.000   6.689 0.000   8.541 0.000 0.039 0.000  0.414 0.559
211.208333 212.208333  57.25 0.000  0.62 0.000 9.999 0.259  0.42 0.000  0.030 0.559  2.233 0.000  4.020 0.000 99.99 0.259  18.313 0.000   9.534 0.000   8.778 0.000 0.086 0.000  0.590 0.559
214.208333 215.208333  42.21 0.000  0.86 0.000 0.014 0.000  0.23 0.000  0.012 0.559  1.833 0.000  3.300 0.000 99.99 0.259  14.132 0.000   8.612 0.000   5.520 0.000 0.036 0.000  0.228 0.559
217.208333 218.208333  43.06 0.000  2.17 0.000 0.018 0.000  0.13 0.000  0.016 0.559  1.816 0.000  3.269 0.000 99.99 0.259  19.216 0.000  11.744 0.000   7.472 0.000 0.043 0.000  0.554 0.559
220.208333 221.208333  34.99 0.000  1.27 0.000 0.017 0.000  0.16 0.000  0.022 0.559  1.462 0.000  2.632 0.000 99.99 0.259  15.347 0.000   8.408 0.000   6.939 0.000 0.027 0.000  0.537 0.559
223.208333 224.208333  33.13 0.000  2.04 0.000 0.018 0.000  0.15 0.000  0.020 0.559  0.599 0.000  1.077 0.000 99.99 0.259  10.209 0.000   7.410 0.000   2.799 0.000 0.021 0.000  0.164 0.559
226.208333 227.208333   5.34 0.000  0.30 0.000 9.999 0.259  0.28 0.000  0.005 0.559  0.545 0.000  0.981 0.000 99.99 0.259   3.280 0.000   1.403 0.000   1.877 0.000 0.008 0.000  0.112 0.559
229.208333 230.208333  57.85 0.000  2.51 0.000 0.020 0.000 99.99 0.259  0.023 0.559  1.898 0.000  3.415 0.000 99.99 0.259  18.964 0.000   7.232 0.000  11.732 0.000 0.040 0.000  1.478 0.559
232.208333 233.208333  22.80 0.000  1.32 0.000 0.009 0.000  0.37 0.000  0.014 0.559  1.208 0.000  2.174 0.000 99.99 0.259   8.638 0.000   3.691 0.000   4.947 0.000 0.029 0.000  0.336 0.559
235.208333 236.208333  16.87 0.000  0.15 0.000 0.012 0.000 99.99 0.259  0.004 0.559  0.701 0.000  1.261 0.000 99.99 0.259   8.479 0.000   5.900 0.000   2.578 0.000 0.011 0.000  0.082 0.559
238.208333 239.208333  13.14 0.000  0.58 0.000 9.999 0.259  0.26 0.000  0.009 0.559  0.964 0.000  1.735 0.000 99.99 0.259   7.407 0.000   3.361 0.000   4.046 0.000 0.023 0.000  0.343 0.559
241.208333 242.208333   9.05 0.000  0.65 0.000 0.008 0.000 99.99 0.259  0.007 0.559  0.125 0.000  0.225 0.000 99.99 0.259   3.244 0.000   2.019 0.000   1.225 0.000 0.006 0.000  0.031 0.559
244.208333 245.208333 999.99 0.456 99.99 0.456 9.999 0.456 99.99 0.456  0.012 0.559  0.710 0.000  1.278 0.000 99.99 0.456   7.428 0.000 999.999 0.456 999.999 0.456 9.999 0.456  0.133 0.559
247.208333 248.208333 999.99 0.456 99.99 0.456 9.999 0.456 99.99 0.456  0.008 0.559  1.755 0.000  3.159 0.000 99.99 0.456   8.758 0.000 999.999 0.456 999.999 0.456 9.999 0.456  0.138 0.559
250.208333 251.208333   3.02 0.000  0.12 0.000 0.011 0.000 99.99 0.259  0.003 0.559  0.350 0.000  0.629 0.000 99.99 0.259   2.592 0.000   1.539 0.000   1.053 0.000 0.005 0.000  0.028 0.559
