scripts/IMPROVE-2019_partial/data/US0055R.20170101070000.20191216000000.filterpack...52w.3d.US03L_filterpack_US0055.US03L_IMPROVE_Davis.lev2.nas
52 1001
MISSING INFORMATION
US03L, IMPROVE, , , , , , , 
MISSING INFORMATION
IMPROVE sel_HTAP
1 1
2017 01 01 2019 12 16
3.000000
days from file reference point
5
1 1 1 1 1
999.999999 9999.999 9.999 999.999 9.999
end_time of measurement, days from the file reference point
pm10_mass, ug/m3, Matrix=pm10
numflag pm10_mass, no unit, Matrix=pm10
pm25_mass, ug/m3, Matrix=pm25
numflag pm25_mass, no unit, Matrix=pm25
0
33
Data definition:              EBAS_1.1
Set type code:                TU
Timezone:                     UTC
File name:                    US0055R.20170101070000.20191216000000.filterpack...52w.3d.US03L_filterpack_US0055.US03L_IMPROVE_Davis.lev2.nas
File creation:                20191218115850
Startdate:                    20170101070000
Revision date:                20191216000000
Version:                      2
Version description:          "Data extracted from http://views.cira.colostate.edu/fed/DataWizard 2019-12-16"
Statistics:                   arithmetic mean
Data level:                   2
Period code:                  52w
Resolution code:              3d
Sample duration:              1d
Orig. time res.:              3d
Station code:                 US0055R
Platform code:                US0055S
Station name:                 Cabinet Mountains
Station latitude:             47.9549
Station longitude:            -115.6709
Station altitude:             1441.0 m
Regime:                       IMG
Component:                    
Unit:                         ug/m3
Matrix:                       
Laboratory code:              US03L
Instrument type:              filterpack
Instrument name:              filterpack_US0055
Method ref:                   US03L_IMPROVE_Davis
Blank correction:             Blank corrected
Volume std. temperature:      ambient
Volume std. pressure:         ambient
starttime endtime PM10 flag_PM10 PM2.5 flag_PM2.5
  0.291667   1.291667    1.251 0.000   0.697 0.000
  3.291667   4.291667    1.430 0.000   1.246 0.000
  6.291667   7.291667    1.129 0.000   0.406 0.000
  9.291667  10.291667    0.455 0.000   0.564 0.000
 12.291667  13.291667    0.543 0.000   0.431 0.000
 15.291667  16.291667    0.249 0.000   0.247 0.000
 18.291667  19.291667 9999.999 0.259   0.093 0.000
 21.291667  22.291667    0.494 0.000   0.560 0.000
 24.291667  25.291667    1.286 0.000   0.769 0.000
 27.291667  28.291667    0.912 0.000   0.423 0.000
 30.291667  31.291667    1.182 0.000   0.816 0.000
 33.291667  34.291667    1.295 0.000   1.032 0.000
 36.291667  37.291667    0.701 0.000   0.437 0.000
 39.291667  40.291667    0.247 0.000   0.187 0.000
 42.291667  43.291667    0.580 0.000   0.460 0.000
 45.291667  46.291667    1.476 0.000   1.098 0.000
 48.291667  49.291667    0.656 0.000   0.372 0.000
 51.291667  52.291667    0.041 0.000 999.999 0.259
 54.291667  55.291667    1.822 0.000   1.463 0.000
 57.291667  58.291667    0.621 0.000   0.658 0.000
 60.291667  61.291667 9999.999 0.999 999.999 0.999
 63.291667  64.291667 9999.999 0.999 999.999 0.999
 66.291667  67.291667    1.241 0.000   0.741 0.000
 69.291667  70.291667    1.607 0.000   0.980 0.000
 72.291667  73.291667 9999.999 0.456 999.999 0.456
 75.291667  76.291667    2.479 0.659   1.715 0.659
 78.291667  79.291667    1.520 0.659   0.978 0.659
 81.291667  82.291667    0.769 0.659   0.417 0.659
 84.291667  85.291667    1.071 0.659   0.740 0.659
 87.291667  88.291667    0.957 0.000   0.228 0.000
 90.291667  91.291667    3.074 0.000   1.997 0.000
 93.291667  94.291667    1.846 0.000   1.197 0.000
 96.291667  97.291667    1.429 0.000   0.650 0.000
 99.291667 100.291667    1.568 0.000   1.175 0.000
102.291667 103.291667    1.266 0.000   0.926 0.000
105.291667 106.291667    2.168 0.000   1.605 0.000
108.291667 109.291667    3.313 0.000   2.592 0.000
111.291667 112.291667    1.630 0.000   1.278 0.000
114.291667 115.291667    1.143 0.000   0.584 0.000
117.291667 118.291667    1.933 0.000   1.107 0.000
120.291667 121.291667    2.815 0.000   1.165 0.000
123.291667 124.291667    2.415 0.000   1.602 0.000
126.291667 127.291667    2.325 0.000   1.632 0.000
129.291667 130.291667    6.341 0.000   4.092 0.000
132.291667 133.291667    1.676 0.000   0.805 0.000
135.291667 136.291667    1.298 0.000   0.775 0.000
138.291667 139.291667    2.384 0.000   1.400 0.000
141.291667 142.291667    4.081 0.000   2.526 0.000
144.291667 145.291667    3.149 0.000   0.802 0.000
147.291667 148.291667    7.423 0.000   3.542 0.000
150.291667 151.291667   17.185 0.000   5.984 0.000
153.291667 154.291667    5.109 0.000   2.213 0.000
156.291667 157.291667    6.426 0.000   2.613 0.000
159.291667 160.291667    3.340 0.000   1.283 0.000
162.291667 163.291667    3.724 0.000   1.491 0.000
165.291667 166.291667    4.820 0.000   1.934 0.000
168.291667 169.291667    3.183 0.000   1.769 0.000
171.291667 172.291667    8.137 0.000   1.663 0.000
174.291667 175.291667    3.921 0.000   1.442 0.000
177.291667 178.291667    9.321 0.000   3.786 0.000
180.291667 181.291667    5.578 0.000   2.446 0.000
183.291667 184.291667    9.706 0.000   4.489 0.000
186.291667 187.291667    8.303 0.000   4.755 0.000
189.291667 190.291667    9.202 0.000   3.963 0.000
192.291667 193.291667    8.833 0.000   3.633 0.000
195.291667 196.291667    8.168 0.000   4.476 0.000
198.291667 199.291667    8.034 0.000   5.189 0.000
201.291667 202.291667   11.801 0.000   4.231 0.000
204.291667 205.291667    8.036 0.000   2.977 0.000
207.291667 208.291667 9999.999 0.999 999.999 0.999
210.291667 211.291667    7.506 0.000   3.463 0.000
213.291667 214.291667   20.336 0.000  13.962 0.000
216.291667 217.291667   18.290 0.000  14.091 0.000
219.291667 220.291667 9999.999 0.456  24.534 0.000
222.291667 223.291667 9999.999 0.456  35.868 0.000
225.291667 226.291667    6.309 0.000   3.824 0.000
228.291667 229.291667 9999.999 0.999 999.999 0.999
231.291667 232.291667   17.417 0.000  14.337 0.000
234.291667 235.291667   21.934 0.000  13.746 0.000
237.291667 238.291667   10.763 0.000   4.937 0.000
240.291667 241.291667   24.955 0.000  21.402 0.000
243.291667 244.291667   19.188 0.000  10.730 0.000
246.291667 247.291667   97.272 0.000  86.986 0.000
249.291667 250.291667  221.407 0.659 999.999 0.699
252.291667 253.291667   18.592 0.000   8.757 0.000
255.291667 256.291667   21.818 0.000  13.258 0.000
258.291667 259.291667 9999.999 0.999 999.999 0.999
261.291667 262.291667 9999.999 0.999 999.999 0.999
264.291667 265.291667    2.106 0.000   1.767 0.000
267.291667 268.291667    5.538 0.000   3.741 0.000
270.291667 271.291667    5.616 0.000   3.511 0.000
273.291667 274.291667    3.668 0.000   1.812 0.000
276.291667 277.291667    2.922 0.000   2.560 0.000
279.291667 280.291667    6.991 0.000   1.868 0.000
282.291667 283.291667    5.498 0.000   3.748 0.000
285.291667 286.291667    2.491 0.000   2.379 0.000
288.291667 289.291667    4.933 0.000   3.818 0.000
291.291667 292.291667    7.058 0.000   5.653 0.000
294.291667 295.291667    1.771 0.000   0.896 0.000
297.291667 298.291667    5.333 0.000   4.700 0.000
300.291667 301.291667    6.812 0.000   6.107 0.000
303.291667 304.291667    4.372 0.000   3.652 0.000
306.291667 307.291667 9999.999 0.999 999.999 0.999
309.291667 310.291667    3.811 0.000   3.424 0.000
312.291667 313.291667    8.589 0.000   8.477 0.000
315.291667 316.291667    0.869 0.000   0.711 0.000
318.291667 319.291667    2.485 0.000   2.478 0.000
321.291667 322.291667    1.290 0.000   1.016 0.000
324.291667 325.291667    0.753 0.000   0.652 0.000
327.291667 328.291667    0.661 0.000   0.093 0.000
330.291667 331.291667    0.660 0.000   0.341 0.000
333.291667 334.291667    0.917 0.000   0.679 0.000
336.291667 337.291667    0.788 0.000   0.717 0.000
339.291667 340.291667    1.426 0.000   1.131 0.000
342.291667 343.291667    2.142 0.000   1.417 0.000
345.291667 346.291667    1.903 0.000   1.686 0.000
348.291667 349.291667    1.708 0.000   1.365 0.000
351.291667 352.291667 9999.999 0.259 999.999 0.259
354.291667 355.291667 9999.999 0.999 999.999 0.999
357.291667 358.291667    1.687 0.000   1.435 0.000
360.291667 361.291667    0.628 0.000   0.744 0.000
363.291667 364.291667    0.540 0.000   0.496 0.000
