scripts/IMPROVE-2019_partial/data/US0089R.20050101070000.20191216000000.filterpack..pm25.52w.1w.US03L_filterpack_US0089.US03L_IMPROVE_Davis.lev2.nas
66 1001
MISSING INFORMATION
US03L, IMPROVE, , , , , , , 
MISSING INFORMATION
IMPROVE sel_HTAP
1 1
2005 01 01 2019 12 16
3.000000
days from file reference point
27
1 1 1 1 1 1 1 1 1 1 1 1 1 1 1 1 1 1 1 1 1 1 1 1 1 1 1
999.999999 9999.99 9.999 99.99 9.999 9.999 9.999999 9.99 9.999 9.999 9.999 99.999 9.999 99.999 9.999 999.99 9.999999 999.999 9.999 999.999 9.999 99.999 9.999 9.999 9.999 9.999 9.999
end_time of measurement, days from the file reference point
iron, ng/m3, Revision date=20181210133000
numflag iron, no unit, Revision date=20181210133000
lead, ng/m3, Revision date=20181210133000
numflag lead, no unit, Revision date=20181210133000
magnesium, ug/m3, Revision date=20181210133000
numflag magnesium, no unit, Revision date=20181210133000
nickel, ng/m3, Revision date=20181210133000
numflag nickel, no unit, Revision date=20181210133000
nitrate, ug N/m3, Revision date=20181210133000
numflag nitrate, no unit, Revision date=20181210133000
organic_carbon, ug C/m3, Revision date=20181210133000
numflag organic_carbon, no unit, Revision date=20181210133000
organic_mass, ug/m3, Revision date=20181210133000
numflag organic_mass, no unit, Revision date=20181210133000
phosphorus, ng/m3, Revision date=20181210133000
numflag phosphorus, no unit, Revision date=20181210133000
pm10_mass, ug/m3, Version=2, Version description=Data extracted from http://views.cira.colostate.edu/fed/DataWizard 2019-12-16, Sample duration=1d, Orig. time res.=3d, Matrix=pm10, Blank correction=Blank corrected, Volume std. temperature=ambient, Volume std. pressure=ambient
numflag pm10_mass, no unit, Version=2, Version description=Data extracted from http://views.cira.colostate.edu/fed/DataWizard 2019-12-16, Sample duration=1d, Orig. time res.=3d, Matrix=pm10, Blank correction=Blank corrected, Volume std. temperature=ambient, Volume std. pressure=ambient
pm10_pm25_mass, ug/m3, Revision date=20181210133000, Matrix=pm10_pm25
numflag pm10_pm25_mass, no unit, Revision date=20181210133000, Matrix=pm10_pm25
pm25_mass, ug/m3, Version=2, Version description=Data extracted from http://views.cira.colostate.edu/fed/DataWizard 2019-12-16, Sample duration=1d, Orig. time res.=3d, Blank correction=Blank corrected, Volume std. temperature=ambient, Volume std. pressure=ambient
numflag pm25_mass, no unit, Version=2, Version description=Data extracted from http://views.cira.colostate.edu/fed/DataWizard 2019-12-16, Sample duration=1d, Orig. time res.=3d, Blank correction=Blank corrected, Volume std. temperature=ambient, Volume std. pressure=ambient
potassium, ug/m3, Revision date=20181210133000
numflag potassium, no unit, Revision date=20181210133000
sulphate_total, ug S/m3, Revision date=20181210133000
numflag sulphate_total, no unit, Revision date=20181210133000
0
25
Data definition:              EBAS_1.1
Set type code:                TU
Timezone:                     UTC
File name:                    US0089R.20050101070000.20191216000000.filterpack..pm25.52w.1w.US03L_filterpack_US0089.US03L_IMPROVE_Davis.lev2.nas
File creation:                20191218120126
Startdate:                    20050101070000
Revision date:                20191216000000
Statistics:                   arithmetic mean
Data level:                   2
Period code:                  52w
Resolution code:              1w
Station code:                 US0089R
Platform code:                US0089S
Station name:                 Bridger Wilderness
Station latitude:             42.9749
Station longitude:            -109.7579
Station altitude:             2626.0 m
Regime:                       IMG
Component:                    
Matrix:                       pm25
Laboratory code:              US03L
Instrument type:              filterpack
Instrument name:              filterpack_US0089
Method ref:                   US03L_IMPROVE_Davis
starttime endtime Fe flag_Fe Pb flag_Pb Mg++ flag_Mg++ Ni flag_Ni NO3- flag_NO3- OC flag_OC OM flag_OM P flag_P PM10 flag_PM10 PM10-PM2.5 flag_PM10-PM2.5 PM2.5 flag_PM2.5 K+ flag_K+ SO4-- flag_SO4--
[from data line 83]
249.291667 250.291667   19.27 0.000  0.60 0.000 9.999 0.259000 0.06 0.000 0.018 0.000  0.419 0.559  0.755 0.559 999.99 0.259000   5.891 0.000   3.257 0.000  2.632 0.000 0.023 0.000 0.306 0.000
252.291667 253.291667  141.88 0.000  0.50 0.000 9.999 0.259000 9.99 0.259 0.037 0.000  0.735 0.000  1.323 0.000 999.99 0.259000  18.332 0.000  13.404 0.000  4.926 0.000 0.080 0.000 0.171 0.000
255.291667 256.291667   11.20 0.000  0.29 0.000 9.999 0.259000 9.99 0.259 0.042 0.000  0.533 0.559  0.959 0.559 999.99 0.259000   4.483 0.000   2.614 0.000  1.899 0.000 0.023 0.000 0.108 0.000
258.291667 259.291667   21.52 0.000  0.58 0.000 0.006 0.000000 9.99 0.259 0.032 0.000  0.543 0.000  0.978 0.000 999.99 0.259000   5.847 0.000   3.276 0.000  2.572 0.000 0.022 0.000 0.191 0.000
261.291667 262.291667   10.01 0.000  0.34 0.000 9.999 0.259000 9.99 0.259 0.009 0.000  0.315 0.559  0.568 0.559 999.99 0.259000   2.122 0.000   0.783 0.000  1.338 0.000 0.010 0.000 0.098 0.000
264.291667 265.291667   10.99 0.000  0.43 0.000 9.999 0.259000 9.99 0.259 0.009 0.000  0.579 0.000  1.043 0.000 999.99 0.259000   2.540 0.000   0.878 0.000  1.661 0.000 0.011 0.000 0.101 0.000
267.291667 268.291667   58.64 0.000  0.43 0.000 0.020 0.000000 9.99 0.259 0.036 0.000  0.512 0.000  0.921 0.000 999.99 0.259000   6.662 0.000   3.770 0.000  2.891 0.000 0.045 0.000 0.128 0.000
270.291667 271.291667   18.18 0.000  0.73 0.000 9.999 0.259000 0.03 0.000 0.026 0.559  0.768 0.000  1.383 0.000 999.99 0.259000   3.564 0.000   1.297 0.000  2.267 0.000 0.021 0.000 0.163 0.559
273.291667 274.291667   23.56 0.000  0.57 0.000 0.024 0.000000 9.99 0.259 0.013 0.559  0.521 0.000  0.938 0.000 999.99 0.259000   6.076 0.000   4.190 0.000  1.885 0.000 0.022 0.000 0.092 0.559
276.291667 277.291667    3.67 0.000  0.23 0.000 9.999 0.259000 9.99 0.259 0.009 0.559  0.320 0.000  0.577 0.000 999.99 0.259000   1.139 0.000   0.465 0.000  0.679 0.000 0.004 0.000 0.077 0.559
279.291667 280.291667    9.78 0.000  0.10 0.000 9.999 0.259000 9.99 0.259 0.012 0.000  0.680 0.000  1.223 0.000 999.99 0.259000   2.721 0.000   0.787 0.000  1.933 0.000 0.006 0.000 0.117 0.000
282.291667 283.291667    2.80 0.000  0.14 0.000 9.999 0.259000 9.99 0.259 0.011 0.000  0.346 0.559  0.622 0.559 999.99 0.259000   1.345 0.000   0.284 0.000  1.060 0.000 0.004 0.000 0.076 0.000
285.291667 286.291667    5.55 0.000  0.22 0.000 9.999 0.259000 9.99 0.259 0.004 0.000  0.285 0.000  0.513 0.000 999.99 0.259000   1.590 0.000   0.738 0.000  0.852 0.000 0.008 0.000 0.078 0.000
288.291667 289.291667   23.20 0.000  0.23 0.000 0.017 0.000000 9.99 0.259 0.030 0.000  0.865 0.000  1.558 0.000 999.99 0.259000   7.364 0.000   4.169 0.000  3.194 0.000 0.026 0.000 0.237 0.000
291.291667 292.291667   18.78 0.394  0.42 0.394 9.999 0.394259 0.08 0.394 0.019 0.394  0.400 0.000  0.720 0.000 999.99 0.394259   4.689 0.000   2.001 0.000  2.712 0.000 0.019 0.394 0.258 0.394
294.291667 295.291667    8.47 0.000  0.17 0.000 9.999 0.259000 9.99 0.259 0.005 0.000  0.279 0.000  0.503 0.000 999.99 0.259000   2.216 0.000   1.258 0.000  0.957 0.000 0.008 0.000 0.040 0.000
297.291667 298.291667   14.86 0.000  0.12 0.000 9.999 0.259000 9.99 0.259 0.009 0.000  0.306 0.000  0.551 0.000 999.99 0.259000   3.640 0.000   2.136 0.000  1.529 0.000 0.012 0.000 0.108 0.000
300.291667 301.291667    6.08 0.000  0.23 0.000 9.999 0.259000 9.99 0.259 0.031 0.000  0.851 0.000  1.532 0.000 999.99 0.259000   2.193 0.000   0.329 0.000  1.863 0.000 0.012 0.000 0.134 0.000
303.291667 304.291667   13.29 0.000  0.39 0.000 0.008 0.000000 9.99 0.259 0.017 0.000  1.284 0.000  2.311 0.000 999.99 0.259000   3.289 0.000   0.598 0.000  2.690 0.000 0.017 0.000 0.179 0.000
306.291667 307.291667    8.91 0.000  0.36 0.000 9.999 0.259000 9.99 0.259 0.015 0.000  0.268 0.000  0.482 0.000 999.99 0.259000   2.491 0.000   1.363 0.000  1.128 0.000 0.011 0.000 0.128 0.000
309.291667 310.291667    4.62 0.000  0.24 0.000 0.007 0.000000 9.99 0.259 0.010 0.000  0.157 0.000  0.282 0.000 999.99 0.259000   1.396 0.000   0.669 0.000  0.726 0.000 0.005 0.000 0.076 0.000
312.291667 313.291667    1.78 0.000  0.15 0.000 9.999 0.259000 9.99 0.259 0.004 0.000  0.572 0.000  1.029 0.000 999.99 0.259000   0.882 0.000   0.023 0.000  0.859 0.000 0.002 0.000 0.032 0.000
315.291667 316.291667    4.75 0.000  0.33 0.000 0.003 0.000000 9.99 0.259 0.017 0.000  0.366 0.000  0.658 0.000 999.99 0.259000   1.940 0.000   1.140 0.000  0.799 0.000 0.008 0.000 0.083 0.000
318.291667 319.291667    1.50 0.000  0.23 0.000 9.999 0.259000 9.99 0.259 0.009 0.000  0.275 0.559  0.494 0.559 999.99 0.259000   0.851 0.000   0.052 0.000  0.798 0.000 0.005 0.000 0.083 0.000
321.291667 322.291667    3.99 0.000  0.30 0.000 0.007 0.000000 9.99 0.259 0.006 0.000  0.146 0.559  0.262 0.559 999.99 0.259000   0.884 0.000   0.329 0.000  0.555 0.000 0.006 0.000 0.075 0.000
324.291667 325.291667   10.02 0.000  0.28 0.000 9.999 0.259000 9.99 0.259 0.004 0.000  0.089 0.559  0.160 0.559 999.99 0.259000   1.094 0.000   0.507 0.000  0.587 0.000 0.007 0.000 0.076 0.000
327.291667 328.291667    3.07 0.000 99.99 0.259 9.999 0.259000 9.99 0.259 0.002 0.559  0.189 0.000  0.340 0.000 999.99 0.259000   0.966 0.000   0.427 0.000  0.538 0.000 0.003 0.000 0.053 0.559
330.291667 331.291667    1.14 0.000  0.14 0.000 0.005 0.000000 9.99 0.259 0.004 0.000  0.080 0.000  0.143 0.000 999.99 0.259000   0.637 0.000   0.265 0.000  0.372 0.000 0.002 0.000 0.045 0.000
333.291667 334.291667    1.47 0.000  0.14 0.000 9.999 0.259000 9.99 0.259 0.031 0.000  0.099 0.000  0.179 0.000 999.99 0.259000   1.439 0.000   0.666 0.000  0.773 0.000 0.002 0.000 0.047 0.000
336.291667 337.291667    0.48 0.000 99.99 0.259 9.999 0.259000 9.99 0.259 0.014 0.000  0.142 0.000  0.256 0.000 999.99 0.259000   0.847 0.000   0.172 0.000  0.675 0.000 0.001 0.000 0.030 0.000
339.291667 340.291667    3.10 0.000  0.33 0.000 9.999 0.259000 9.99 0.259 0.025 0.000  0.351 0.000  0.632 0.000  24.54 0.000000   2.046 0.000   0.574 0.000  1.479 0.000 0.007 0.000 0.125 0.000
342.291667 343.291667    2.91 0.000  0.23 0.000 9.999 0.259000 9.99 0.259 0.001 0.000  0.053 0.000  0.095 0.000 999.99 0.259000   1.098 0.000   0.555 0.000  0.543 0.000 0.003 0.000 0.037 0.000
345.291667 346.291667    3.15 0.000  0.22 0.000 9.999 0.259000 9.99 0.259 0.003 0.000  0.150 0.000  0.271 0.000 999.99 0.259000   1.094 0.000   0.267 0.000  0.827 0.000 0.003 0.000 0.050 0.000
348.291667 349.291667    0.96 0.000  0.09 0.000 9.999 0.259000 9.99 0.259 0.005 0.000  0.103 0.000  0.185 0.000 999.99 0.259000   0.381 0.000   0.101 0.000  0.280 0.000 0.002 0.000 0.023 0.000
351.291667 352.291667    4.36 0.000  0.10 0.000 9.999 0.259000 9.99 0.259 0.025 0.000  0.278 0.000  0.500 0.000 999.99 0.259000   1.450 0.000   0.291 0.000  1.159 0.000 0.006 0.000 0.147 0.000
354.291667 355.291667    3.15 0.000  0.14 0.000 9.999 0.259000 0.03 0.000 0.004 0.000  0.187 0.000  0.337 0.000 999.99 0.259000   0.587 0.000   0.037 0.000  0.550 0.000 0.003 0.000 0.031 0.000
357.291667 358.291667    0.93 0.000  0.10 0.000 9.999 0.259000 9.99 0.259 0.006 0.559  0.089 0.000  0.161 0.000 999.99 0.259000   0.420 0.000   0.117 0.000  0.303 0.000 0.002 0.000 0.025 0.559
360.291667 361.291667    0.16 0.000 99.99 0.259 0.004 0.000000 9.99 0.259 0.006 0.000  0.127 0.000  0.228 0.000 999.99 0.259000   0.252 0.000   0.071 0.000  0.181 0.000 0.001 0.000 0.025 0.000
363.291667 364.291667    0.56 0.000  0.09 0.000 9.999 0.259000 9.99 0.259 0.016 0.000  0.206 0.000  0.371 0.000 999.99 0.259000   0.635 0.000   0.111 0.000  0.523 0.000 0.002 0.000 0.039 0.000
