scripts/IMPROVE-2019_partial/data/US0068R.20060102060000.20191216000000.filterpack..pm25.52w.1w.US03L_filterpack_US0068.US03L_IMPROVE_Davis.lev2.nas
64 1001
MISSING INFORMATION
US03L, IMPROVE, , , , , , , 
MISSING INFORMATION
IMPROVE sel_HTAP
1 1
2006 01 01 2019 12 16
3.00
days from file reference point
25
1 1 1 1 1 1 1 1 1 1 1 1 1 1 1 1 1 1 1 1 1 1 1 1 1
999.99 9999.99 9.999 99.99 9.999 9.999 9.999 9.99 9.999 99.999 9.999 99.999 9.999 99.999 9.999 999.999 9.999 999.999 9.999 999.999 9.999 9.999 9.999 99.999 9.999
end_time of measurement, days from the file reference point
iron, ng/m3, Revision date=20181210133000
numflag iron, no unit, Revision date=20181210133000
lead, ng/m3, Revision date=20181210133000
numflag lead, no unit, Revision date=20181210133000
magnesium, ug/m3, Revision date=20181210133000
numflag magnesium, no unit, Revision date=20181210133000
nickel, ng/m3, Revision date=20181210133000
numflag nickel, no unit, Revision date=20181210133000
nitrate, ug N/m3, Revision date=20181210133000
numflag nitrate, no unit, Revision date=20181210133000
organic_carbon, ug C/m3, Revision date=20181210133000
numflag organic_carbon, no unit, Revision date=20181210133000
organic_mass, ug/m3, Revision date=20181210133000
numflag organic_mass, no unit, Revision date=20181210133000
pm10_mass, ug/m3, Version=2, Version description=Data extracted from http://views.cira.colostate.edu/fed/DataWizard 2019-12-16, Sample duration=1d, Orig. time res.=3d, Matrix=pm10, Blank correction=Blank corrected, Volume std. temperature=ambient, Volume std. pressure=ambient
numflag pm10_mass, no unit, Version=2, Version description=Data extracted from http://views.cira.colostate.edu/fed/DataWizard 2019-12-16, Sample duration=1d, Orig. time res.=3d, Matrix=pm10, Blank correction=Blank corrected, Volume std. temperature=ambient, Volume std. pressure=ambient
pm10_pm25_mass, ug/m3, Revision date=20181210133000, Matrix=pm10_pm25
numflag pm10_pm25_mass, no unit, Revision date=20181210133000, Matrix=pm10_pm25
pm25_mass, ug/m3, Version=2, Version description=Data extracted from http://views.cira.colostate.edu/fed/DataWizard 2019-12-16, Sample duration=1d, Orig. time res.=3d, Blank correction=Blank corrected, Volume std. temperature=ambient, Volume std. pressure=ambient
numflag pm25_mass, no unit, Version=2, Version description=Data extracted from http://views.cira.colostate.edu/fed/DataWizard 2019-12-16, Sample duration=1d, Orig. time res.=3d, Blank correction=Blank corrected, Volume std. temperature=ambient, Volume std. pressure=ambient
potassium, ug/m3, Revision date=20181210133000
numflag potassium, no unit, Revision date=20181210133000
sulphate_total, ug S/m3, Revision date=20181210133000
numflag sulphate_total, no unit, Revision date=20181210133000
0
25
Data definition:              EBAS_1.1
Set type code:                TU
Timezone:                     UTC
File name:                    US0068R.20060102060000.20191216000000.filterpack..pm25.52w.1w.US03L_filterpack_US0068.US03L_IMPROVE_Davis.lev2.nas
File creation:                20191218115952
Startdate:                    20060102060000
Revision date:                20191216000000
Statistics:                   arithmetic mean
Data level:                   2
Period code:                  52w
Resolution code:              1w
Station code:                 US0068R
Platform code:                US0068S
Station name:                 Cherokee Nation
Station latitude:             36.9562
Station longitude:            -97.0313
Station altitude:             342.0 m
Regime:                       IMG
Component:                    
Matrix:                       pm25
Laboratory code:              US03L
Instrument type:              filterpack
Instrument name:              filterpack_US0068
Method ref:                   US03L_IMPROVE_Davis
starttime endtime Fe flag_Fe Pb flag_Pb Mg++ flag_Mg++ Ni flag_Ni NO3- flag_NO3- OC flag_OC OM flag_OM PM10 flag_PM10 PM10-PM2.5 flag_PM10-PM2.5 PM2.5 flag_PM2.5 K+ flag_K+ SO4-- flag_SO4--
[from data line 95]
286.25 287.25   59.38 0.000  1.11 0.000 9.999 0.259 9.99 0.259  0.039 0.000  0.731 0.000  1.315 0.000  20.983 0.000  16.945 0.000   4.038 0.000 0.041 0.000  0.272 0.000
289.25 290.25   17.33 0.000  2.15 0.000 9.999 0.259 9.99 0.259  0.174 0.000  1.365 0.000  2.456 0.000   9.930 0.000   3.900 0.000   6.030 0.000 0.029 0.000  0.500 0.000
292.25 293.25   46.21 0.000  0.91 0.000 9.999 0.259 0.35 0.000  0.151 0.000  0.581 0.000  1.046 0.000  16.323 0.000  12.412 0.000   3.911 0.000 0.033 0.000  0.362 0.000
295.25 296.25   72.88 0.000  0.92 0.000 9.999 0.259 0.11 0.000  0.126 0.000  0.652 0.000  1.173 0.000  19.146 0.000  14.890 0.000   4.255 0.000 0.039 0.000  0.356 0.000
298.25 299.25   36.40 0.000  1.46 0.000 9.999 0.259 0.22 0.000  0.328 0.000  1.190 0.000  2.142 0.000  12.192 0.000   5.988 0.000   6.205 0.000 0.039 0.000  0.691 0.000
301.25 302.25   45.48 0.000  0.92 0.000 0.020 0.000 9.99 0.259  0.044 0.000  0.711 0.000  1.279 0.000  12.695 0.000   8.684 0.000   4.012 0.000 0.040 0.000  0.329 0.000
304.25 305.25   47.36 0.000  0.83 0.000 0.009 0.000 0.15 0.000  0.076 0.000  0.453 0.000  0.816 0.000  17.425 0.000  14.579 0.000   2.846 0.000 0.028 0.000  0.130 0.000
307.25 308.25   67.42 0.000  1.50 0.000 9.999 0.259 0.20 0.000  0.078 0.000  1.664 0.000  2.996 0.000  25.898 0.000  18.996 0.000   6.902 0.000 0.059 0.000  0.400 0.000
310.25 311.25   47.16 0.000  4.50 0.000 9.999 0.259 0.27 0.000  0.087 0.000  0.877 0.000  1.578 0.000  16.475 0.000  12.808 0.000   3.667 0.000 0.030 0.000  0.192 0.000
313.25 314.25   48.54 0.000  1.53 0.000 9.999 0.259 0.28 0.000  0.367 0.000  0.938 0.000  1.688 0.000  29.633 0.000  21.783 0.000   7.850 0.000 0.047 0.000  0.776 0.000
316.25 317.25   34.15 0.000  0.35 0.000 9.999 0.259 0.23 0.000  0.136 0.000  0.454 0.000  0.817 0.000  14.159 0.000  11.021 0.000   3.139 0.000 0.020 0.000  0.275 0.000
319.25 320.25   22.14 0.000  1.20 0.000 9.999 0.259 9.99 0.259  0.624 0.000  1.058 0.000  1.904 0.000  12.774 0.000   3.093 0.000   9.682 0.000 0.056 0.000  0.899 0.000
322.25 323.25   59.31 0.000  3.21 0.000 9.999 0.259 9.99 0.259  0.330 0.000  1.034 0.000  1.862 0.000  16.093 0.000  11.289 0.000   4.804 0.000 0.058 0.000  0.246 0.000
325.25 326.25  144.34 0.000  2.67 0.000 9.999 0.259 0.16 0.000  0.102 0.000  1.669 0.000  3.004 0.000  43.761 0.000  34.335 0.000   9.425 0.000 0.099 0.000  0.681 0.000
328.25 329.25  101.56 0.000  3.85 0.000 9.999 0.259 0.37 0.000  0.303 0.000  1.458 0.000  2.625 0.000  32.383 0.000  24.948 0.000   7.436 0.000 0.071 0.000  0.639 0.000
331.25 332.25   14.60 0.000  1.00 0.000 9.999 0.259 0.28 0.000  0.090 0.000  0.734 0.000  1.321 0.000   9.749 0.000   4.713 0.000   5.036 0.000 0.023 0.000  0.828 0.000
334.25 335.25   21.88 0.000  0.97 0.000 9.999 0.259 0.28 0.000  0.746 0.000  0.975 0.559  1.755 0.559   7.782 0.000   0.574 0.000   7.208 0.000 0.037 0.000  0.181 0.000
337.25 338.25   22.86 0.000  1.95 0.000 9.999 0.259 0.18 0.000  0.582 0.000  1.469 0.000  2.645 0.000  12.378 0.000   4.935 0.000   7.443 0.000 0.046 0.000  0.316 0.000
340.25 341.25   21.92 0.000  0.31 0.000 9.999 0.259 9.99 0.259  0.122 0.000  0.474 0.559  0.854 0.559  17.702 0.000  15.124 0.000   2.578 0.000 0.027 0.000  0.248 0.000
343.25 344.25   25.00 0.000  1.92 0.000 9.999 0.259 0.16 0.000  0.338 0.000  2.299 0.000  4.138 0.000  14.248 0.000   6.933 0.000   7.314 0.000 0.100 0.000  0.410 0.000
346.25 347.25   72.89 0.000  1.27 0.000 9.999 0.259 0.43 0.000  0.233 0.000  1.278 0.000  2.301 0.000  27.930 0.000  22.741 0.000   5.188 0.000 0.060 0.000  0.260 0.000
349.25 350.25   55.25 0.000  3.34 0.000 9.999 0.259 0.23 0.000  0.466 0.000  1.396 0.000  2.512 0.000  18.192 0.000  10.313 0.000   7.879 0.000 0.051 0.000  0.844 0.000
352.25 353.25   25.43 0.000  2.21 0.000 9.999 0.259 9.99 0.259  0.369 0.000  0.921 0.000  1.659 0.000  14.079 0.000   8.572 0.000   5.507 0.000 0.036 0.000  0.382 0.000
355.25 356.25   11.18 0.000  0.68 0.000 9.999 0.259 9.99 0.259  0.687 0.000  0.495 0.000  0.891 0.000   7.417 0.000   1.785 0.000   5.632 0.000 0.012 0.000  0.290 0.000
358.25 359.25   13.30 0.000  0.33 0.000 0.007 0.000 9.99 0.259  0.114 0.000  0.311 0.000  0.560 0.000   5.674 0.000   4.164 0.000   1.511 0.000 0.013 0.000  0.115 0.000
361.25 362.25   16.90 0.000  0.85 0.000 9.999 0.259 0.48 0.000  0.163 0.000  1.123 0.000  2.021 0.000  10.082 0.000   4.952 0.000   5.130 0.000 0.041 0.000  0.529 0.000
364.25 365.25    4.89 0.000  0.62 0.000 9.999 0.259 0.19 0.000  0.248 0.000  0.393 0.000  0.707 0.000   3.807 0.000   0.807 0.000   3.000 0.000 0.007 0.000  0.313 0.000
