scripts/IMPROVE-2019_partial/data/US0078R.19990102070000.20191216000000.filterpack...1y.3d.US03L_filterpack_US0078.US03L_IMPROVE_Davis.lev2.nas
51 1001
MISSING INFORMATION
US03L, IMPROVE, , , , , , , 
MISSING INFORMATION
IMPROVE sel_HTAP
1 1
1999 01 01 2019 12 16
0
days from file reference point
4
1 1 1 1
999.999999 999.999 999.999 9.999
end_time of measurement, days from the file reference point
pm10_mass, ug/m3, Matrix=pm10
pm25_mass, ug/m3, Matrix=pm25
numflag, no unit
0
33
Data definition:              EBAS_1.1
Set type code:                TI
Timezone:                     UTC
File name:                    US0078R.19990102070000.20191216000000.filterpack...1y.3d.US03L_filterpack_US0078.US03L_IMPROVE_Davis.lev2.nas
File creation:                20191218120041
Startdate:                    19990102070000
Revision date:                20191216000000
Version:                      2
Version description:          "Data extracted from http://views.cira.colostate.edu/fed/DataWizard 2019-12-16"
Statistics:                   arithmetic mean
Data level:                   2
Period code:                  1y
Resolution code:              3d
Sample duration:              1d
Orig. time res.:              3d
Station code:                 US0078R
Platform code:                US0078S
Station name:                 Lone Peak Wilderness
Station latitude:             40.4449
Station longitude:            -111.7081
Station altitude:             1768.0 m
Regime:                       IMG
Component:                    
Unit:                         ug/m3
Matrix:                       
Laboratory code:              US03L
Instrument type:              filterpack
Instrument name:              filterpack_US0078
Method ref:                   US03L_IMPROVE_Davis
Blank correction:             Blank corrected
Volume std. temperature:      ambient
Volume std. pressure:         ambient
starttime endtime PM10 PM2.5 flag
  1.291667   2.291667   9.246   2.746 0.000
  5.291667   6.291667   2.540   1.294 0.000
  8.291667   9.291667  10.913   4.482 0.000
 12.291667  13.291667  12.523   7.513 0.000
 15.291667  16.291667  11.158   2.262 0.000
 19.291667  20.291667   2.880   1.862 0.000
 22.291667  23.291667  11.586   2.699 0.000
 26.291667  27.291667 999.999 999.999 0.999
 29.291667  30.291667 999.999 999.999 0.999
 33.291667  34.291667 999.999 999.999 0.999
 36.291667  37.291667 999.999 999.999 0.999
 40.291667  41.291667   3.819   1.220 0.000
 43.291667  44.291667   7.060   1.502 0.000
 47.291667  48.291667   1.825   1.136 0.000
 50.291667  51.291667   4.603   2.052 0.000
 54.291667  55.291667 999.999 999.999 0.999
 57.291667  58.291667 999.999 999.999 0.999
 61.291667  62.291667 999.999 999.999 0.999
 64.291667  65.291667 999.999 999.999 0.999
 68.291667  69.291667   2.301   1.173 0.000
 71.291667  72.291667   7.109   5.900 0.000
 75.291667  76.291667  16.815   6.976 0.000
 78.291667  79.291667   9.792   4.515 0.000
 82.291667  83.291667  12.659   8.202 0.000
 85.291667  86.291667  18.939   5.808 0.000
 89.291667  90.291667  18.369   5.131 0.000
 92.291667  93.291667   6.808   2.932 0.000
 96.291667  97.291667   3.798   2.673 0.000
 99.291667 100.291667   3.250   2.090 0.000
103.291667 104.291667  11.478   4.995 0.000
106.291667 107.291667  12.082   7.474 0.000
110.291667 111.291667   5.217   3.517 0.000
113.291667 114.291667   2.231   1.834 0.000
117.291667 118.291667   3.850   2.262 0.000
120.291667 121.291667   8.397   4.719 0.000
124.291667 125.291667   3.543   2.796 0.000
127.291667 128.291667  16.192   7.160 0.000
131.291667 132.291667  10.913   3.813 0.000
134.291667 135.291667   6.551   3.193 0.000
138.291667 139.291667   8.808   5.394 0.000
141.291667 142.291667  10.027   5.890 0.000
145.291667 146.291667   8.197   4.682 0.000
148.291667 149.291667   8.961   5.342 0.000
152.291667 153.291667   4.966   2.581 0.000
155.291667 156.291667   6.310   3.255 0.000
159.291667 160.291667   6.716   3.165 0.000
162.291667 163.291667  13.149   4.689 0.000
166.291667 167.291667  14.334   7.271 0.000
169.291667 170.291667  13.080   5.728 0.000
173.291667 174.291667  10.819   4.250 0.000
176.291667 177.291667  18.473   7.339 0.000
180.291667 181.291667   8.648   3.532 0.000
183.291667 184.291667  29.273  15.747 0.000
187.291667 188.291667  12.844   5.684 0.000
190.291667 191.291667  18.844   9.545 0.000
194.291667 195.291667 999.999 999.999 0.999
197.291667 198.291667 999.999 999.999 0.999
201.291667 202.291667   8.969   4.403 0.000
204.291667 205.291667  13.819   4.362 0.000
208.291667 209.291667   7.049   2.959 0.000
211.291667 212.291667  13.251   6.028 0.000
215.291667 216.291667  10.294   4.340 0.000
218.291667 219.291667  10.364   4.670 0.000
222.291667 223.291667   6.626   3.324 0.000
225.291667 226.291667  13.641   5.095 0.000
229.291667 230.291667   9.665   4.108 0.000
232.291667 233.291667   8.552   4.728 0.000
236.291667 237.291667  10.160   4.918 0.000
239.291667 240.291667   9.784   4.935 0.000
243.291667 244.291667  10.399   4.481 0.000
246.291667 247.291667   8.148   4.511 0.000
250.291667 251.291667  10.116   3.472 0.000
253.291667 254.291667  10.650   5.037 0.000
257.291667 258.291667   9.729   4.497 0.000
260.291667 261.291667  11.137   4.864 0.000
264.291667 265.291667   9.947   5.264 0.000
267.291667 268.291667  15.300   4.947 0.000
271.291667 272.291667  11.275   3.689 0.000
274.291667 275.291667  12.806   5.193 0.000
278.291667 279.291667  14.661   6.162 0.000
281.291667 282.291667  10.325   3.732 0.000
285.291667 286.291667  12.398   5.154 0.000
288.291667 289.291667  19.353   4.793 0.000
292.291667 293.291667 999.999   4.873 0.000
295.291667 296.291667  13.224   4.234 0.000
299.291667 300.291667  18.004   6.012 0.000
302.291667 303.291667   6.474   3.791 0.000
306.291667 307.291667   6.944   2.867 0.000
309.291667 310.291667   8.907   4.179 0.000
313.291667 314.291667   6.366   1.917 0.000
316.291667 317.291667   7.870   3.771 0.000
320.291667 321.291667  17.840   4.756 0.000
323.291667 324.291667   5.548   1.948 0.000
327.291667 328.291667  11.285   6.752 0.000
330.291667 331.291667   3.867   1.536 0.000
334.291667 335.291667 999.999 999.999 0.999
337.291667 338.291667 999.999 999.999 0.999
341.291667 342.291667  11.012   5.569 0.000
344.291667 345.291667  10.861   5.943 0.000
348.291667 349.291667   5.006   1.961 0.000
351.291667 352.291667   3.698   1.286 0.000
355.291667 356.291667   7.684   4.062 0.000
358.291667 359.291667  17.217  12.037 0.000
362.291667 363.291667  10.472   6.417 0.000
