scripts/IMPROVE-2019_partial/data/US0070R.20060102080000.20191216000000.filterpack..pm25.52w.1w.US03L_filterpack_US0070.US03L_IMPROVE_Davis.lev2.nas
66 1001
MISSING INFORMATION
US03L, IMPROVE, , , , , , , 
MISSING INFORMATION
IMPROVE sel_HTAP
1 1
2006 01 01 2019 12 16
3.000000
days from file reference point
27
1 1 1 1 1 1 1 1 1 1 1 1 1 1 1 1 1 1 1 1 1 1 1 1 1 1 1
999.999999 9999.99 9.999 99.99 9.999 9.999 9.999 9.99 9.999 9.999 9.999 999.999 9.999 999.999 9.999 99.99 9.999 999.999 9.999 99.999 9.999 999.999 9.999 9.999 9.999 9.999 9.999
end_time of measurement, days from the file reference point
iron, ng/m3, Revision date=20181210133000
numflag iron, no unit, Revision date=20181210133000
lead, ng/m3, Revision date=20181210133000
numflag lead, no unit, Revision date=20181210133000
magnesium, ug/m3, Revision date=20181210133000
numflag magnesium, no unit, Revision date=20181210133000
nickel, ng/m3, Revision date=20181210133000
numflag nickel, no unit, Revision date=20181210133000
nitrate, ug N/m3, Revision date=20181210133000
numflag nitrate, no unit, Revision date=20181210133000
organic_carbon, ug C/m3, Revision date=20181210133000
numflag organic_carbon, no unit, Revision date=20181210133000
organic_mass, ug/m3, Revision date=20181210133000
numflag organic_mass, no unit, Revision date=20181210133000
phosphorus, ng/m3, Revision date=20181210133000
numflag phosphorus, no unit, Revision date=20181210133000
pm10_mass, ug/m3, Version=2, Version description=Data extracted from http://views.cira.colostate.edu/fed/DataWizard 2019-12-16, Sample duration=1d, Orig. time res.=3d, Matrix=pm10, Blank correction=Blank corrected, Volume std. temperature=ambient, Volume std. pressure=ambient
numflag pm10_mass, no unit, Version=2, Version description=Data extracted from http://views.cira.colostate.edu/fed/DataWizard 2019-12-16, Sample duration=1d, Orig. time res.=3d, Matrix=pm10, Blank correction=Blank corrected, Volume std. temperature=ambient, Volume std. pressure=ambient
pm10_pm25_mass, ug/m3, Revision date=20181210133000, Matrix=pm10_pm25
numflag pm10_pm25_mass, no unit, Revision date=20181210133000, Matrix=pm10_pm25
pm25_mass, ug/m3, Version=2, Version description=Data extracted from http://views.cira.colostate.edu/fed/DataWizard 2019-12-16, Sample duration=1d, Orig. time res.=3d, Blank correction=Blank corrected, Volume std. temperature=ambient, Volume std. pressure=ambient
numflag pm25_mass, no unit, Version=2, Version description=Data extracted from http://views.cira.colostate.edu/fed/DataWizard 2019-12-16, Sample duration=1d, Orig. time res.=3d, Blank correction=Blank corrected, Volume std. temperature=ambient, Volume std. pressure=ambient
potassium, ug/m3, Revision date=20181210133000
numflag potassium, no unit, Revision date=20181210133000
sulphate_total, ug S/m3, Revision date=20181210133000
numflag sulphate_total, no unit, Revision date=20181210133000
0
25
Data definition:              EBAS_1.1
Set type code:                TU
Timezone:                     UTC
File name:                    US0070R.20060102080000.20191216000000.filterpack..pm25.52w.1w.US03L_filterpack_US0070.US03L_IMPROVE_Davis.lev2.nas
File creation:                20191218120010
Startdate:                    20060102080000
Revision date:                20191216000000
Statistics:                   arithmetic mean
Data level:                   2
Period code:                  52w
Resolution code:              1w
Station code:                 US0070R
Platform code:                US0070S
Station name:                 Crater Lake NP
Station latitude:             42.8958
Station longitude:            -122.1361
Station altitude:             1996.0 m
Regime:                       IMG
Component:                    
Matrix:                       pm25
Laboratory code:              US03L
Instrument type:              filterpack
Instrument name:              filterpack_US0070
Method ref:                   US03L_IMPROVE_Davis
starttime endtime Fe flag_Fe Pb flag_Pb Mg++ flag_Mg++ Ni flag_Ni NO3- flag_NO3- OC flag_OC OM flag_OM P flag_P PM10 flag_PM10 PM10-PM2.5 flag_PM10-PM2.5 PM2.5 flag_PM2.5 K+ flag_K+ SO4-- flag_SO4--
  1.333333   2.333333 9999.99 0.999 99.99 0.999 9.999 0.999 9.99 0.999 9.999 0.999 999.999 0.999 999.999 0.999 99.99 0.999 999.999 0.999 99.999 0.999 999.999 0.999 9.999 0.999 9.999 0.999
  4.333333   5.333333    4.20 0.000  0.42 0.000 9.999 0.259 9.99 0.259 0.012 0.559   0.604 0.000   0.845 0.000 99.99 0.259   1.338 0.000  0.210 0.000   1.127 0.000 0.008 0.000 0.038 0.559
  7.333333   8.333333    0.99 0.000  0.13 0.000 0.011 0.000 9.99 0.259 0.004 0.000   0.093 0.000   0.130 0.000 99.99 0.259   0.669 0.000  0.145 0.000   0.524 0.000 0.004 0.000 0.023 0.000
 10.333333  11.333333    1.52 0.000  0.12 0.000 9.999 0.259 9.99 0.259 0.006 0.559   0.086 0.000   0.121 0.000  6.03 0.000   1.245 0.000  0.293 0.000   0.952 0.000 0.009 0.000 0.035 0.559
 13.333333  14.333333    0.36 0.000  0.24 0.000 9.999 0.259 9.99 0.259 0.001 0.559   0.051 0.000   0.071 0.000 99.99 0.259   0.126 0.000  0.053 0.000   0.031 0.000 9.999 0.259 0.005 0.559
 16.333333  17.333333    1.35 0.000  0.22 0.000 9.999 0.259 9.99 0.259 0.001 0.559   0.105 0.000   0.147 0.000 99.99 0.259   0.084 0.000  0.055 0.000 999.999 0.259 0.001 0.000 0.003 0.559
 19.333333  20.333333    0.14 0.000  0.26 0.000 9.999 0.259 9.99 0.259 0.003 0.559   0.031 0.000   0.043 0.000 99.99 0.259   0.083 0.000  0.055 0.000 999.999 0.259 0.001 0.000 0.006 0.559
 22.333333  23.333333    6.15 0.000  0.14 0.000 9.999 0.259 9.99 0.259 0.002 0.559   0.068 0.000   0.096 0.000 99.99 0.259   1.170 0.000  1.017 0.000   0.275 0.000 0.006 0.000 0.028 0.559
 25.333333  26.333333    2.25 0.000  0.21 0.000 0.005 0.000 9.99 0.259 0.004 0.000   0.036 0.000   0.050 0.000 99.99 0.259   0.497 0.000  0.343 0.000   0.154 0.000 0.002 0.000 0.018 0.000
 28.333333  29.333333    0.76 0.000  0.24 0.000 0.007 0.000 9.99 0.259 0.002 0.559 999.999 0.259 999.999 0.259 99.99 0.259   0.084 0.000  0.056 0.000   0.124 0.000 0.002 0.000 0.010 0.559
 31.333333  32.333333    5.14 0.000 99.99 0.259 9.999 0.259 0.08 0.000 0.004 0.559   0.083 0.000   0.116 0.000 99.99 0.259   0.126 0.000 99.999 0.259   0.312 0.000 0.005 0.000 0.017 0.559
 34.333333  35.333333    1.02 0.000 99.99 0.259 9.999 0.259 9.99 0.259 0.005 0.559   0.052 0.000   0.072 0.000 99.99 0.259   0.883 0.000  0.414 0.000   0.469 0.000 0.005 0.000 0.028 0.559
 37.333333  38.333333   52.80 0.000  1.16 0.000 9.999 0.259 9.99 0.259 0.008 0.559   0.209 0.000   0.292 0.000 99.99 0.259   1.364 0.000  0.486 0.000   0.878 0.000 0.010 0.000 0.051 0.559
 40.333333  41.333333   26.62 0.000  1.30 0.000 9.999 0.259 9.99 0.259 0.014 0.559   0.398 0.000   0.558 0.000 99.99 0.259   3.929 0.000  2.479 0.000   1.450 0.000 0.013 0.000 0.067 0.559
 43.333333  44.333333   13.82 0.000  0.29 0.000 9.999 0.259 9.99 0.259 0.009 0.559   0.360 0.000   0.504 0.000 99.99 0.259   3.485 0.000  2.400 0.000   1.085 0.000 0.014 0.000 0.060 0.559
 46.333333  47.333333   34.58 0.000  0.74 0.000 9.999 0.259 9.99 0.259 0.032 0.000   0.462 0.000   0.647 0.000 99.99 0.259   6.778 0.000  4.421 0.000   2.357 0.000 0.018 0.000 0.138 0.000
 49.333333  50.333333   19.85 0.000  0.40 0.000 9.999 0.259 9.99 0.259 0.052 0.000   0.507 0.000   0.710 0.000 99.99 0.259   3.512 0.000  1.625 0.000   1.887 0.000 0.014 0.000 0.164 0.000
 52.333333  53.333333   38.37 0.000  1.47 0.000 9.999 0.259 9.99 0.259 0.010 0.559   0.221 0.000   0.309 0.000 99.99 0.259   4.345 0.000  2.292 0.000   2.052 0.000 0.029 0.000 0.150 0.559
 55.333333  56.333333   33.74 0.000  0.94 0.000 9.999 0.259 9.99 0.259 0.019 0.559   0.593 0.000   0.831 0.000 99.99 0.259   5.604 0.000  3.166 0.000   2.438 0.000 0.029 0.000 0.117 0.559
 58.333333  59.333333   13.45 0.000  0.21 0.000 9.999 0.259 9.99 0.259 0.004 0.000   0.115 0.000   0.161 0.000 99.99 0.259   0.512 0.000 99.999 0.259   0.671 0.000 0.004 0.000 0.010 0.000
 61.333333  62.333333   15.22 0.000  0.49 0.000 9.999 0.259 9.99 0.259 0.036 0.000   0.239 0.000   0.334 0.000 99.99 0.259   2.893 0.000  1.561 0.000   1.331 0.000 0.009 0.000 0.072 0.000
 64.333333  65.333333   15.38 0.000  0.35 0.000 0.008 0.000 9.99 0.259 0.007 0.000   0.087 0.000   0.122 0.000 99.99 0.259   0.931 0.000  0.179 0.000   0.753 0.000 0.007 0.000 0.028 0.000
 67.333333  68.333333   10.87 0.000  0.33 0.000 9.999 0.259 0.12 0.000 0.003 0.000   0.108 0.000   0.151 0.000 99.99 0.259   1.054 0.000 99.999 0.259   1.079 0.000 0.009 0.000 0.063 0.000
 70.333333  71.333333    2.81 0.000  0.32 0.000 0.013 0.000 9.99 0.259 0.004 0.559   0.212 0.000   0.297 0.000 99.99 0.259   0.544 0.000  0.013 0.000   0.531 0.000 0.003 0.000 0.040 0.559
 73.333333  74.333333   18.19 0.000  0.34 0.000 0.011 0.000 9.99 0.259 0.006 0.000   0.061 0.000   0.086 0.000 99.99 0.259   1.390 0.000  0.730 0.000   0.660 0.000 0.010 0.000 0.041 0.000
 76.333333  77.333333   45.11 0.000  0.75 0.000 0.012 0.000 9.99 0.259 0.010 0.000   0.076 0.000   0.106 0.000 99.99 0.259   2.317 0.000  0.742 0.000   1.575 0.000 0.026 0.000 0.115 0.000
 79.333333  80.333333    8.60 0.000 99.99 0.259 9.999 0.259 9.99 0.259 0.004 0.000   0.071 0.000   0.100 0.000 99.99 0.259   0.631 0.000  0.316 0.000   0.315 0.000 0.003 0.000 0.019 0.000
 82.333333  83.333333   30.97 0.000  0.52 0.000 9.999 0.259 9.99 0.259 0.027 0.000   0.321 0.000   0.449 0.000 99.99 0.259   2.774 0.000  0.795 0.000   1.979 0.000 0.020 0.000 0.124 0.000
 85.333333  86.333333   42.20 0.000  0.78 0.000 9.999 0.259 9.99 0.259 0.034 0.000   0.436 0.000   0.611 0.000 99.99 0.259   5.502 0.000  3.255 0.000   2.247 0.000 0.026 0.000 0.096 0.000
 88.333333  89.333333    9.59 0.000 99.99 0.259 9.999 0.259 0.17 0.000 0.024 0.559   0.234 0.000   0.328 0.000 99.99 0.259   1.545 0.000  0.606 0.000   0.939 0.000 0.006 0.000 0.046 0.559
 91.333333  92.333333    7.67 0.000  0.46 0.000 9.999 0.259 0.12 0.000 0.010 0.000   0.007 0.000   0.010 0.000 99.99 0.259   1.022 0.000  0.225 0.000   0.796 0.000 0.006 0.000 0.051 0.000
 94.333333  95.333333   19.08 0.000  0.23 0.000 0.013 0.000 9.99 0.259 0.008 0.000   0.039 0.000   0.055 0.000 99.99 0.259   0.640 0.000 99.999 0.259   0.829 0.000 0.008 0.000 0.046 0.000
 97.333333  98.333333   13.29 0.000  0.38 0.000 0.008 0.000 9.99 0.259 0.014 0.000   0.092 0.000   0.128 0.000 99.99 0.259   0.878 0.000  0.196 0.000   0.682 0.000 0.007 0.000 0.051 0.000
100.333333 101.333333   16.05 0.000  0.18 0.000 0.011 0.000 0.13 0.000 0.020 0.000   0.068 0.559   0.095 0.559 99.99 0.259   0.589 0.000 99.999 0.259   0.978 0.000 0.009 0.000 0.029 0.000
103.333333 104.333333   18.45 0.000 99.99 0.259 0.009 0.000 0.13 0.000 0.012 0.000   0.092 0.000   0.129 0.000 99.99 0.259   1.791 0.000  0.889 0.000   0.902 0.000 0.011 0.000 0.056 0.000
106.333333 107.333333   12.98 0.000  0.24 0.000 9.999 0.259 0.21 0.000 0.004 0.000   0.003 0.000   0.005 0.000 99.99 0.259   0.549 0.000  0.019 0.000   0.530 0.000 0.007 0.000 0.034 0.000
109.333333 110.333333  101.56 0.000  0.85 0.000 0.039 0.000 0.14 0.000 0.026 0.000   0.634 0.000   0.887 0.000 99.99 0.259   7.442 0.000  3.798 0.000   3.644 0.000 0.058 0.000 0.129 0.000
112.333333 113.333333  151.75 0.000  1.64 0.000 0.078 0.000 9.99 0.259 0.042 0.000   0.484 0.000   0.678 0.000 99.99 0.259  13.130 0.000  8.712 0.000   4.417 0.000 0.084 0.000 0.149 0.000
115.333333 116.333333  174.95 0.000  2.13 0.000 0.095 0.000 0.18 0.000 0.071 0.559   0.997 0.000   1.396 0.000 99.99 0.259  11.117 0.000  3.728 0.000   7.389 0.000 0.107 0.000 0.313 0.559
118.333333 119.333333   53.99 0.000  1.04 0.000 0.023 0.000 9.99 0.259 0.018 0.559   1.295 0.000   1.812 0.000 99.99 0.259   6.605 0.000  2.537 0.000   4.068 0.000 0.039 0.000 0.123 0.559
121.333333 122.333333   94.07 0.000  1.12 0.000 0.020 0.000 0.12 0.000 0.033 0.559   0.470 0.000   0.658 0.000 99.99 0.259   7.984 0.000  3.973 0.000   4.011 0.000 0.055 0.000 0.231 0.559
124.333333 125.333333  109.19 0.000  0.96 0.000 0.018 0.000 9.99 0.259 0.043 0.559   1.718 0.000   2.405 0.000 99.99 0.259  12.005 0.000  4.658 0.000   7.347 0.000 0.072 0.000 0.337 0.559
127.333333 128.333333   60.57 0.000  0.65 0.000 9.999 0.259 9.99 0.259 0.015 0.559   0.406 0.000   0.569 0.000 99.99 0.259   3.973 0.000  0.976 0.000   2.998 0.000 0.039 0.000 0.232 0.559
130.333333 131.333333  169.14 0.000  1.72 0.000 0.033 0.000 0.34 0.000 0.055 0.559   0.947 0.000   1.325 0.000 99.99 0.259   9.105 0.000  1.814 0.000   7.291 0.000 0.092 0.000 0.366 0.559
133.333333 134.333333   68.32 0.000  1.12 0.000 0.010 0.000 9.99 0.259 0.027 0.559   0.906 0.000   1.268 0.000 99.99 0.259   7.403 0.000  2.786 0.000   4.617 0.000 0.050 0.000 0.272 0.559
136.333333 137.333333  108.44 0.000  0.70 0.000 0.030 0.000 9.99 0.259 0.019 0.559   1.111 0.000   1.555 0.000 99.99 0.259   9.675 0.000  4.245 0.000   5.431 0.000 0.045 0.000 0.165 0.559
139.333333 140.333333   14.11 0.000 99.99 0.259 9.999 0.259 9.99 0.259 0.008 0.559   0.233 0.000   0.326 0.000 99.99 0.259   1.707 0.000  1.052 0.000   0.656 0.000 0.008 0.000 0.046 0.559
142.333333 143.333333   60.50 0.000  0.19 0.000 9.999 0.259 0.14 0.000 0.036 0.559   0.354 0.000   0.495 0.000 99.99 0.259  13.448 0.000  9.101 0.000   4.348 0.000 0.021 0.000 0.113 0.559
145.333333 146.333333   13.94 0.000 99.99 0.259 9.999 0.259 9.99 0.259 0.001 0.559   0.007 0.000   0.010 0.000 99.99 0.259   0.667 0.000  0.078 0.000   0.589 0.000 0.005 0.000 0.023 0.559
148.333333 149.333333  108.00 0.000  0.25 0.000 9.999 0.259 0.23 0.000 0.003 0.559   0.265 0.000   0.371 0.000 99.99 0.259   1.423 0.000 99.999 0.259   3.457 0.000 0.038 0.000 0.068 0.559
151.333333 152.333333   55.53 0.000  0.36 0.000 0.019 0.000 0.11 0.000 0.021 0.559   0.653 0.000   0.914 0.000 99.99 0.259   3.557 0.000  1.142 0.000   2.415 0.000 0.024 0.000 0.095 0.559
154.333333 155.333333   14.25 0.000  0.32 0.000 0.009 0.000 9.99 0.259 0.003 0.559   0.264 0.000   0.370 0.000 99.99 0.259   1.381 0.000  0.325 0.000   1.056 0.000 0.012 0.000 0.084 0.559
157.333333 158.333333 9999.99 0.999 99.99 0.999 9.999 0.999 9.99 0.999 9.999 0.999 999.999 0.999 999.999 0.999 99.99 0.999 999.999 0.999 99.999 0.999 999.999 0.999 9.999 0.999 9.999 0.999
160.333333 161.333333   57.10 0.000  0.32 0.000 0.018 0.000 9.99 0.259 0.009 0.559   1.084 0.000   1.518 0.000 99.99 0.259   4.945 0.000  1.236 0.000   3.710 0.000 0.030 0.000 0.190 0.559
163.333333 164.333333   39.56 0.000  0.22 0.000 0.016 0.000 9.99 0.259 0.013 0.559   0.257 0.000   0.360 0.000 99.99 0.259   2.203 0.000  0.535 0.000   1.669 0.000 0.024 0.000 0.113 0.559
166.333333 167.333333   16.54 0.000  0.39 0.000 0.010 0.000 9.99 0.259 0.006 0.559   0.252 0.000   0.353 0.000 99.99 0.259   1.586 0.000  0.503 0.000   1.083 0.000 0.021 0.000 0.075 0.559
169.333333 170.333333   18.21 0.000  0.50 0.000 0.009 0.000 9.99 0.259 0.017 0.559   0.241 0.000   0.337 0.000 99.99 0.259   2.385 0.000  0.648 0.000   1.736 0.000 0.021 0.000 0.144 0.559
172.333333 173.333333   22.67 0.000  0.76 0.000 0.011 0.000 0.09 0.000 0.007 0.559   0.363 0.000   0.508 0.000 99.99 0.259   3.564 0.000  1.506 0.000   2.059 0.000 0.021 0.000 0.171 0.559
175.333333 176.333333   40.00 0.000  0.35 0.000 0.014 0.000 9.99 0.259 0.008 0.559   1.375 0.000   1.924 0.000 99.99 0.259   6.849 0.000  3.090 0.000   3.759 0.000 0.026 0.000 0.203 0.559
178.333333 179.333333   48.61 0.000  0.79 0.000 0.024 0.000 0.17 0.000 0.031 0.559   3.003 0.000   4.205 0.000 99.99 0.259  12.172 0.000  4.032 0.000   8.140 0.000 0.064 0.000 0.284 0.559
181.333333 182.333333   20.17 0.000  0.50 0.000 9.999 0.259 9.99 0.259 0.021 0.559   1.404 0.000   2.526 0.000 99.99 0.259   5.752 0.000  1.910 0.000   3.843 0.000 0.023 0.000 0.169 0.559
184.333333 185.333333   21.84 0.000  0.69 0.000 9.999 0.259 9.99 0.259 0.025 0.559   1.487 0.000   2.677 0.000 99.99 0.259   6.108 0.000  1.599 0.000   4.509 0.000 0.026 0.000 0.216 0.559
187.333333 188.333333   20.02 0.000  0.39 0.000 9.999 0.259 0.10 0.000 0.003 0.559   0.317 0.000   0.570 0.000 99.99 0.259   2.475 0.000  1.057 0.000   1.419 0.000 0.011 0.000 0.060 0.559
190.333333 191.333333   11.98 0.000  0.53 0.000 0.010 0.000 9.99 0.259 0.006 0.559   0.389 0.000   0.699 0.000 99.99 0.259   2.816 0.000  1.453 0.000   1.363 0.000 0.010 0.000 0.062 0.559
193.333333 194.333333   14.46 0.000  0.41 0.000 9.999 0.259 9.99 0.259 0.005 0.559   0.575 0.000   1.034 0.000 99.99 0.259   2.969 0.000  1.467 0.000   1.502 0.000 0.010 0.000 0.071 0.559
196.333333 197.333333   19.88 0.000  0.59 0.000 0.008 0.000 9.99 0.259 0.008 0.559   1.318 0.000   2.372 0.000 99.99 0.259   5.366 0.000  1.652 0.000   3.715 0.000 0.026 0.000 0.114 0.559
199.333333 200.333333   35.13 0.000  0.48 0.000 9.999 0.259 9.99 0.259 0.008 0.559   0.415 0.000   0.747 0.000 99.99 0.259   3.278 0.000  1.485 0.000   1.793 0.000 0.018 0.000 0.107 0.559
202.333333 203.333333   55.04 0.000  0.64 0.000 9.999 0.259 9.99 0.259 0.011 0.559   1.965 0.000   3.538 0.000 99.99 0.259   9.522 0.000  4.227 0.000   5.295 0.000 0.037 0.000 0.178 0.559
205.333333 206.333333   27.15 0.000  0.43 0.000 9.999 0.259 0.12 0.000 0.016 0.559   1.981 0.000   3.566 0.000 99.99 0.259   7.027 0.000  2.279 0.000   4.748 0.000 0.019 0.000 0.160 0.559
208.333333 209.333333   39.84 0.000  0.50 0.000 9.999 0.259 0.14 0.000 0.024 0.559   2.047 0.000   3.684 0.000 99.99 0.259   6.885 0.000  1.951 0.000   4.934 0.000 0.026 0.000 0.112 0.559
211.333333 212.333333   38.45 0.000  0.41 0.000 9.999 0.259 0.18 0.000 0.022 0.559   3.510 0.000   6.317 0.000 99.99 0.259   8.444 0.000  1.610 0.000   6.833 0.000 0.028 0.000 0.089 0.559
214.333333 215.333333   44.60 0.000  0.42 0.000 9.999 0.259 9.99 0.259 0.020 0.559   5.148 0.000   9.267 0.000 99.99 0.259  14.273 0.000  3.170 0.000  11.103 0.000 0.071 0.000 0.121 0.559
217.333333 218.333333   26.76 0.000  0.41 0.000 0.010 0.000 9.99 0.259 0.012 0.559   2.888 0.000   5.198 0.000 99.99 0.259  10.611 0.000  2.383 0.000   8.227 0.000 0.040 0.000 0.255 0.559
220.333333 221.333333   25.75 0.000  0.60 0.000 9.999 0.259 9.99 0.259 0.004 0.559   0.443 0.000   0.797 0.000 99.99 0.259   2.398 0.000  0.724 0.000   1.673 0.000 0.013 0.000 0.105 0.559
223.333333 224.333333   19.15 0.000  0.48 0.000 0.007 0.000 9.99 0.259 0.026 0.559   1.357 0.000   2.442 0.000 99.99 0.259   5.682 0.000  2.435 0.000   3.247 0.000 0.027 0.000 0.096 0.559
226.333333 227.333333   30.44 0.000  0.41 0.000 0.006 0.000 0.19 0.000 0.023 0.559   3.244 0.000   5.840 0.000 99.99 0.259   9.392 0.000  2.061 0.000   7.331 0.000 0.035 0.000 0.174 0.559
229.333333 230.333333   38.47 0.000  0.51 0.000 0.009 0.000 9.99 0.259 0.021 0.559   1.849 0.000   3.327 0.000 99.99 0.259   7.707 0.000  2.975 0.000   4.733 0.000 0.036 0.000 0.111 0.559
232.333333 233.333333   46.55 0.000  0.55 0.000 0.015 0.000 0.20 0.000 0.104 0.559  29.028 0.000  52.251 0.000 99.99 0.259  53.564 0.000  3.050 0.000  50.514 0.000 0.143 0.000 0.256 0.559
235.333333 236.333333   23.56 0.000  0.17 0.000 0.026 0.000 9.99 0.259 0.070 0.559  23.667 0.000  42.601 0.000 99.99 0.259  46.851 0.000  3.345 0.000  43.506 0.000 0.078 0.000 0.105 0.559
238.333333 239.333333   39.57 0.000  0.42 0.000 0.011 0.000 9.99 0.259 0.011 0.559   3.955 0.000   7.118 0.000 99.99 0.259  12.202 0.000  3.300 0.000   8.903 0.000 0.066 0.000 0.119 0.559
241.333333 242.333333   20.80 0.000  0.34 0.000 0.006 0.000 9.99 0.259 0.027 0.559   4.767 0.000   8.580 0.000 99.99 0.259  10.530 0.000  1.924 0.000   8.606 0.000 0.023 0.000 0.081 0.559
244.333333 245.333333   48.76 0.000  0.38 0.000 0.013 0.000 9.99 0.259 0.020 0.559   5.304 0.000   9.547 0.000 99.99 0.259  15.204 0.000  4.998 0.000  10.206 0.000 0.054 0.000 0.102 0.559
247.333333 248.333333   55.37 0.000  0.75 0.000 0.008 0.000 9.99 0.259 0.027 0.559   8.231 0.000  14.815 0.000 99.99 0.259  20.703 0.000  4.694 0.000  16.009 0.000 0.083 0.000 0.203 0.559
250.333333 251.333333   63.98 0.000  0.55 0.000 0.017 0.000 0.14 0.000 0.051 0.559   7.129 0.000  12.833 0.000 99.99 0.259  20.492 0.000  4.277 0.000  16.215 0.000 0.093 0.000 0.182 0.559
253.333333 254.333333   36.01 0.000  0.35 0.000 9.999 0.259 9.99 0.259 0.018 0.559   5.254 0.000   9.457 0.000 99.99 0.259  13.858 0.000  3.048 0.000  10.810 0.000 0.042 0.000 0.103 0.559
