scripts/IMPROVE-2019_partial/data/US0014R.20060102070000.20191216000000.filterpack..pm25.52w.1w.US03L_filterpack_US0014.US03L_IMPROVE_Davis.lev2.nas
66 1001
MISSING INFORMATION
US03L, IMPROVE, , , , , , , 
MISSING INFORMATION
IMPROVE sel_HTAP
1 1
2006 01 01 2019 12 16
3.000000
days from file reference point
27
1 1 1 1 1 1 1 1 1 1 1 1 1 1 1 1 1 1 1 1 1 1 1 1 1 1 1
999.999999 9999.99 9.999 99.99 9.999 9.999 9.999999 99.99 9.999999 9.999 9.999 99.999 9.999 99.999 9.999 999.99 9.999999 999.999 9.999 999.999 9.999 999.999 9.999 9.999 9.999 9.999 9.999
end_time of measurement, days from the file reference point
iron, ng/m3, Revision date=20181210133000
numflag iron, no unit, Revision date=20181210133000
lead, ng/m3, Revision date=20181210133000
numflag lead, no unit, Revision date=20181210133000
magnesium, ug/m3, Revision date=20181210133000
numflag magnesium, no unit, Revision date=20181210133000
nickel, ng/m3, Revision date=20181210133000
numflag nickel, no unit, Revision date=20181210133000
nitrate, ug N/m3, Revision date=20181210133000
numflag nitrate, no unit, Revision date=20181210133000
organic_carbon, ug C/m3, Revision date=20181210133000
numflag organic_carbon, no unit, Revision date=20181210133000
organic_mass, ug/m3, Revision date=20181210133000
numflag organic_mass, no unit, Revision date=20181210133000
phosphorus, ng/m3, Revision date=20181210133000
numflag phosphorus, no unit, Revision date=20181210133000
pm10_mass, ug/m3, Version=2, Version description=Data extracted from http://views.cira.colostate.edu/fed/DataWizard 2019-12-16, Sample duration=1d, Orig. time res.=3d, Matrix=pm10, Blank correction=Blank corrected, Volume std. temperature=ambient, Volume std. pressure=ambient
numflag pm10_mass, no unit, Version=2, Version description=Data extracted from http://views.cira.colostate.edu/fed/DataWizard 2019-12-16, Sample duration=1d, Orig. time res.=3d, Matrix=pm10, Blank correction=Blank corrected, Volume std. temperature=ambient, Volume std. pressure=ambient
pm10_pm25_mass, ug/m3, Revision date=20181210133000, Matrix=pm10_pm25
numflag pm10_pm25_mass, no unit, Revision date=20181210133000, Matrix=pm10_pm25
pm25_mass, ug/m3, Version=2, Version description=Data extracted from http://views.cira.colostate.edu/fed/DataWizard 2019-12-16, Sample duration=1d, Orig. time res.=3d, Blank correction=Blank corrected, Volume std. temperature=ambient, Volume std. pressure=ambient
numflag pm25_mass, no unit, Version=2, Version description=Data extracted from http://views.cira.colostate.edu/fed/DataWizard 2019-12-16, Sample duration=1d, Orig. time res.=3d, Blank correction=Blank corrected, Volume std. temperature=ambient, Volume std. pressure=ambient
potassium, ug/m3, Revision date=20181210133000
numflag potassium, no unit, Revision date=20181210133000
sulphate_total, ug S/m3, Revision date=20181210133000
numflag sulphate_total, no unit, Revision date=20181210133000
0
25
Data definition:              EBAS_1.1
Set type code:                TU
Timezone:                     UTC
File name:                    US0014R.20060102070000.20191216000000.filterpack..pm25.52w.1w.US03L_filterpack_US0014.US03L_IMPROVE_Davis.lev2.nas
File creation:                20191218115620
Startdate:                    20060102070000
Revision date:                20191216000000
Statistics:                   arithmetic mean
Data level:                   2
Period code:                  52w
Resolution code:              1w
Station code:                 US0014R
Platform code:                US0014S
Station name:                 Indian Gardens
Station latitude:             36.0778
Station longitude:            -112.1288
Station altitude:             1166.0 m
Regime:                       IMG
Component:                    
Matrix:                       pm25
Laboratory code:              US03L
Instrument type:              filterpack
Instrument name:              filterpack_US0014
Method ref:                   US03L_IMPROVE_Davis
starttime endtime Fe flag_Fe Pb flag_Pb Mg++ flag_Mg++ Ni flag_Ni NO3- flag_NO3- OC flag_OC OM flag_OM P flag_P PM10 flag_PM10 PM10-PM2.5 flag_PM10-PM2.5 PM2.5 flag_PM2.5 K+ flag_K+ SO4-- flag_SO4--
  1.291667   2.291667 9999.99 0.999 99.99 0.999 9.999 0.999000 99.99 0.999000 9.999 0.999 99.999 0.999 99.999 0.999 999.99 0.999000 999.999 0.999 999.999 0.999 999.999 0.999 9.999 0.999 9.999 0.999
  4.291667   5.291667   39.91 0.000  0.92 0.000 0.041 0.000000 99.99 0.259000 0.012 0.000  0.442 0.000  0.619 0.000  24.94 0.000000  11.671 0.000   9.127 0.000   2.544 0.000 0.035 0.000 0.064 0.000
  7.291667   8.291667   34.39 0.000  0.60 0.000 0.024 0.000000 99.99 0.259000 0.021 0.000  0.326 0.000  0.457 0.000 999.99 0.259000   9.261 0.000   7.369 0.000   1.893 0.000 0.029 0.000 0.066 0.000
 10.291667  11.291667   60.69 0.000  0.81 0.000 0.050 0.000000 99.99 0.259000 0.010 0.000  0.525 0.000  0.734 0.000  23.01 0.000000  14.795 0.000  11.651 0.000   3.144 0.000 0.049 0.000 0.049 0.000
 13.291667  14.291667   69.01 0.000  0.79 0.000 0.042 0.000000 99.99 0.259000 0.080 0.000  0.467 0.000  0.654 0.000 999.99 0.259000  11.614 0.000   8.644 0.000   2.970 0.000 0.052 0.000 0.096 0.000
 16.291667  17.291667   13.64 0.000  0.25 0.000 0.014 0.000000 99.99 0.259000 0.011 0.000  0.328 0.000  0.459 0.000   8.87 0.000000   4.290 0.000   3.118 0.000   1.173 0.000 0.013 0.000 0.049 0.000
 19.291667  20.291667   31.21 0.000  0.31 0.000 0.028 0.000000 99.99 0.259000 0.006 0.000  0.204 0.000  0.285 0.000  17.77 0.000000   3.680 0.000   1.644 0.000   2.035 0.000 0.027 0.000 0.026 0.000
 22.291667  23.291667   23.52 0.000  1.17 0.000 0.020 0.000000 99.99 0.259000 0.012 0.000  0.362 0.000  0.507 0.000 999.99 0.259000   5.245 0.000   3.433 0.000   1.812 0.000 0.019 0.000 0.136 0.000
 25.291667  26.291667   52.58 0.000  1.63 0.000 0.025 0.000000  0.21 0.000000 0.156 0.000  0.841 0.000  1.178 0.000 999.99 0.259000  12.549 0.000   7.909 0.000   4.640 0.000 0.056 0.000 0.305 0.000
 28.291667  29.291667   19.47 0.000  0.42 0.000 9.999 0.259000  0.18 0.000000 0.039 0.000  0.344 0.000  0.481 0.000 999.99 0.259000 999.999 0.456 999.999 0.999   1.538 0.000 0.014 0.000 0.098 0.000
 31.291667  32.291667   10.07 0.000 99.99 0.259 9.999 0.259000 99.99 0.259000 0.004 0.000  0.159 0.000  0.223 0.000 999.99 0.259000   2.190 0.000   1.326 0.000   0.864 0.000 0.008 0.000 0.021 0.000
 34.291667  35.291667   26.04 0.000  1.23 0.000 9.999 0.259000 99.99 0.259000 0.010 0.000  0.301 0.000  0.421 0.000 999.99 0.259000   5.117 0.000   2.910 0.000   2.206 0.000 0.028 0.000 0.184 0.000
 37.291667  38.291667   15.49 0.000  0.51 0.000 9.999 0.259000 99.99 0.259000 0.011 0.000  0.287 0.000  0.402 0.000 999.99 0.259000 999.999 0.456 999.999 0.999   1.350 0.000 0.012 0.000 0.071 0.000
 40.291667  41.291667   31.97 0.000  0.51 0.000 9.999 0.259000 99.99 0.259000 0.021 0.000  0.278 0.000  0.389 0.000 999.99 0.259000   7.223 0.000   5.061 0.000   2.162 0.000 0.027 0.000 0.070 0.000
 43.291667  44.291667   24.42 0.000 99.99 0.259 9.999 0.259000 99.99 0.259000 0.013 0.000  0.249 0.000  0.348 0.000 999.99 0.259000   5.192 0.000   3.353 0.000   1.839 0.000 0.020 0.000 0.097 0.000
 46.291667  47.291667   52.27 0.000  0.46 0.000 9.999 0.259000 99.99 0.259000 0.023 0.000  0.359 0.000  0.502 0.000 999.99 0.259000  14.883 0.000  12.012 0.000   2.871 0.000 0.049 0.000 0.092 0.000
 49.291667  50.291667   10.30 0.000  0.31 0.000 9.999 0.259000 99.99 0.259000 0.038 0.000  0.279 0.000  0.390 0.000 999.99 0.259000   4.484 0.000   3.175 0.000   1.309 0.000 0.015 0.000 0.073 0.000
 52.291667  53.291667   24.37 0.000  0.82 0.000 9.999 0.259000 99.99 0.259000 0.021 0.000  0.271 0.000  0.379 0.000 999.99 0.259000   7.720 0.000   5.749 0.000   1.971 0.000 0.022 0.000 0.116 0.000
 55.291667  56.291667   25.30 0.000  2.48 0.000 9.999 0.259000 99.99 0.259000 0.010 0.000  0.257 0.000  0.360 0.000 999.99 0.259000   4.742 0.000   2.676 0.000   2.065 0.000 0.028 0.000 0.142 0.000
 58.291667  59.291667   22.74 0.000  1.20 0.000 9.999 0.259000  0.14 0.000000 0.020 0.000  0.506 0.000  0.708 0.000 999.99 0.259000   4.203 0.000   2.363 0.000   1.840 0.000 0.024 0.000 0.137 0.000
 61.291667  62.291667   65.42 0.000  1.20 0.000 9.999 0.259000 99.99 0.259000 0.197 0.000  0.417 0.000  0.583 0.000 999.99 0.259000  13.181 0.000   9.898 0.000   3.283 0.000 0.049 0.000 0.122 0.000
 64.291667  65.291667   52.53 0.000  2.05 0.000 0.015 0.000000 99.99 0.259000 0.029 0.000  0.266 0.000  0.373 0.000 999.99 0.259000   8.046 0.000   5.842 0.000   2.204 0.000 0.034 0.000 0.140 0.000
 67.291667  68.291667   20.87 0.000  0.79 0.000 9.999 0.259000 99.99 0.259000 0.055 0.000  0.298 0.000  0.417 0.000 999.99 0.259000   4.371 0.000   3.143 0.000   1.228 0.000 0.014 0.000 0.079 0.000
 70.291667  71.291667    4.92 0.000  0.39 0.000 9.999 0.259000 99.99 0.259000 0.037 0.000  0.223 0.000  0.312 0.000 999.99 0.259000   1.469 0.000   0.533 0.000   0.936 0.000 0.005 0.000 0.123 0.000
 73.291667  74.291667   40.36 0.000  2.25 0.000 0.017 0.000000 99.99 0.259000 0.110 0.000  0.489 0.000  0.685 0.000 999.99 0.259000   5.708 0.000   3.144 0.000   2.565 0.000 0.031 0.000 0.192 0.000
 76.291667  77.291667   50.12 0.000  1.82 0.000 9.999 0.259000 99.99 0.259000 0.163 0.000  0.624 0.000  0.873 0.000 999.99 0.259000   6.076 0.000   3.123 0.000   2.954 0.000 0.037 0.000 0.258 0.000
 79.291667  80.291667   25.27 0.000  0.81 0.000 0.016 0.000000  0.15 0.000000 0.136 0.000  0.427 0.000  0.598 0.000 999.99 0.259000   6.656 0.000   4.221 0.000   2.435 0.000 0.018 0.000 0.205 0.000
 82.291667  83.291667   42.13 0.000  0.65 0.000 9.999 0.259000  0.25 0.000000 0.031 0.000  0.541 0.000  0.758 0.000 999.99 0.259000   6.500 0.000   3.484 0.000   3.017 0.000 0.025 0.000 0.256 0.000
 85.291667  86.291667   96.32 0.000  0.53 0.000 0.059 0.000000  1.56 0.000000 0.040 0.000  0.508 0.000  0.712 0.000 999.99 0.259000  13.000 0.000   9.517 0.000   3.483 0.000 0.070 0.000 0.117 0.000
 88.291667  89.291667   16.51 0.000  0.45 0.000 9.999 0.259000 99.99 0.259000 0.021 0.000  0.407 0.000  0.570 0.000 999.99 0.259000   2.155 0.000   0.854 0.000   1.302 0.000 0.013 0.000 0.095 0.000
 91.291667  92.291667   28.43 0.559  1.02 0.559 0.013 0.559000 99.99 0.559259 0.038 0.000  0.466 0.000  0.652 0.000 999.99 0.559259   3.938 0.000   1.956 0.559   1.982 0.659 0.019 0.559 0.197 0.000
 94.291667  95.291667   16.00 0.559  0.58 0.559 0.014 0.559000 99.99 0.559259 0.009 0.000  0.175 0.000  0.245 0.000 999.99 0.559259   2.278 0.000   1.310 0.559   0.968 0.659 0.013 0.559 0.079 0.000
 97.291667  98.291667   37.60 0.559  0.80 0.559 0.018 0.559000  0.11 0.559000 0.058 0.000  0.305 0.000  0.427 0.000   9.25 0.559000   4.602 0.000   2.778 0.559   1.824 0.659 0.024 0.559 0.099 0.000
100.291667 101.291667   46.74 0.559  1.29 0.559 0.026 0.559000  0.13 0.559000 0.043 0.000  0.200 0.000  0.280 0.000 999.99 0.559259   6.576 0.000   4.249 0.559   2.326 0.659 0.032 0.559 0.208 0.000
103.291667 104.291667   66.00 0.559  0.83 0.559 0.031 0.559000  0.20 0.559000 0.022 0.000  0.464 0.000  0.650 0.000 999.99 0.559259  11.581 0.000   8.327 0.559   3.253 0.659 0.055 0.559 0.254 0.000
106.291667 107.291667  115.11 0.000  1.99 0.000 0.054 0.000000  0.15 0.000000 0.042 0.000  0.319 0.000  0.447 0.000 999.99 0.259000   9.967 0.000   5.943 0.000   4.024 0.000 0.072 0.000 0.300 0.000
109.291667 110.291667   90.05 0.000  0.53 0.000 0.051 0.000000 99.99 0.259000 0.018 0.559  0.556 0.000  0.778 0.000 999.99 0.259000   7.032 0.000   3.734 0.000   3.298 0.000 0.054 0.000 0.130 0.559
112.291667 113.291667  244.71 0.000  2.17 0.000 0.126 0.000000  0.18 0.000000 0.067 0.000  0.400 0.000  0.559 0.000 999.99 0.259000  11.673 0.000   4.886 0.000   6.787 0.000 0.147 0.000 0.289 0.000
115.291667 116.291667  157.62 0.000  2.01 0.000 0.073 0.000000  0.17 0.000000 0.174 0.000  0.963 0.000  1.349 0.000 999.99 0.259000  17.825 0.000   9.937 0.000   7.888 0.000 0.306 0.000 0.451 0.000
118.291667 119.291667  211.77 0.000  4.70 0.000 0.127 0.000000 99.99 0.259000 0.044 0.000  0.782 0.000  1.095 0.000 999.99 0.259000  20.658 0.000  13.555 0.000   7.103 0.000 0.141 0.000 0.311 0.000
121.291667 122.291667   61.71 0.000  1.17 0.000 0.025 0.000000 99.99 0.259000 0.026 0.000  0.501 0.000  0.702 0.000 999.99 0.259000   9.708 0.000   6.592 0.000   3.116 0.000 0.042 0.000 0.192 0.000
124.291667 125.291667  120.29 0.000  1.95 0.000 0.028 0.000000  0.27 0.000000 0.074 0.000  0.583 0.000  0.816 0.000 999.99 0.259000  17.115 0.000  10.827 0.000   6.288 0.000 0.085 0.000 0.405 0.000
127.291667 128.291667  118.55 0.000  2.63 0.000 9.999 0.259000  0.23 0.000000 0.096 0.000  1.361 0.000  1.905 0.000 999.99 0.259000  20.029 0.000  12.115 0.000   7.915 0.000 0.082 0.000 0.541 0.000
130.291667 131.291667  156.10 0.000  1.79 0.000 0.045 0.000000  0.14 0.000000 0.045 0.559  0.748 0.000  1.047 0.000 999.99 0.259000  16.034 0.000   9.670 0.000   6.364 0.000 0.104 0.000 0.340 0.559
133.291667 134.291667  143.14 0.000  1.67 0.000 0.023 0.000000  0.22 0.000000 0.067 0.559  1.392 0.000  1.948 0.000 999.99 0.259000  18.597 0.000  10.642 0.000   7.955 0.000 0.093 0.000 0.482 0.559
136.291667 137.291667   86.72 0.000  0.63 0.000 0.029 0.000000  0.17 0.000000 0.016 0.559  0.669 0.000  0.936 0.000 999.99 0.259000  12.677 0.000   8.128 0.000   4.549 0.000 0.064 0.000 0.210 0.559
139.291667 140.291667   87.35 0.000  0.84 0.000 9.999 0.259000  0.22 0.000000 0.043 0.559  0.814 0.000  1.139 0.000 999.99 0.259000  13.976 0.000   8.915 0.000   5.061 0.000 0.070 0.000 0.352 0.559
142.291667 143.291667   41.61 0.000  0.37 0.000 9.999 0.259000 99.99 0.259000 0.017 0.559  0.513 0.000  0.718 0.000 999.99 0.259000   7.137 0.000   4.500 0.000   2.637 0.000 0.032 0.000 0.154 0.559
145.291667 146.291667   83.99 0.000  1.16 0.000 0.028 0.000000  0.31 0.000000 0.040 0.000  0.670 0.000  0.938 0.000 999.99 0.259000   9.347 0.000   4.706 0.000   4.641 0.000 0.068 0.000 0.184 0.000
148.291667 149.291667   46.08 0.000  0.48 0.000 9.999 0.259000 99.99 0.259000 0.011 0.559  0.579 0.000  0.811 0.000 999.99 0.259000   7.816 0.000   5.153 0.000   2.663 0.000 0.037 0.000 0.124 0.559
151.291667 152.291667   88.21 0.000  0.68 0.000 0.058 0.000000  0.20 0.000000 0.020 0.000  0.836 0.559  1.170 0.559 999.99 0.259000  11.701 0.000   6.947 0.000   4.755 0.000 0.071 0.000 0.199 0.000
154.291667 155.291667  142.44 0.000  1.09 0.000 0.090 0.000000  0.24 0.000000 0.051 0.000  1.244 0.000  1.741 0.000 999.99 0.259000  19.603 0.000  10.844 0.000   8.758 0.000 0.127 0.000 0.419 0.000
157.291667 158.291667  209.22 0.000  0.64 0.000 0.123 0.000000  0.23 0.000000 0.034 0.000  1.149 0.000  1.609 0.000 999.99 0.259000  30.783 0.000  22.672 0.000   8.111 0.000 0.161 0.000 0.282 0.000
160.291667 161.291667   67.15 0.000  0.81 0.000 0.035 0.000000 99.99 0.259000 0.038 0.000  0.412 0.559  0.577 0.559 999.99 0.259000  10.355 0.000   6.417 0.000   3.938 0.000 0.072 0.000 0.273 0.000
163.291667 164.291667   44.93 0.000  0.93 0.000 0.024 0.000000  0.19 0.000000 0.022 0.000  0.745 0.000  1.043 0.000 999.99 0.259000   9.832 0.000   4.304 0.000   5.528 0.000 0.052 0.000 0.638 0.000
166.291667 167.291667  100.88 0.000  0.65 0.000 0.066 0.000000  0.17 0.000000 0.010 0.000  0.757 0.000  1.059 0.000  30.83 0.000000   8.391 0.000   2.832 0.000   5.559 0.000 0.082 0.000 0.154 0.000
169.291667 170.291667   56.94 0.000  1.19 0.000 0.022 0.000000  0.30 0.000000 0.090 0.000  0.851 0.000  1.192 0.000 999.99 0.259000  18.632 0.000  12.454 0.000   6.178 0.000 0.093 0.000 0.569 0.000
172.291667 173.291667   66.85 0.000  0.71 0.000 0.038 0.000000  0.22 0.000000 0.048 0.559  0.853 0.000  1.194 0.000 999.99 0.259000  14.917 0.000   9.988 0.000   4.929 0.000 0.098 0.000 0.262 0.559
175.291667 176.291667   55.57 0.000  0.51 0.000 0.026 0.000000 99.99 0.259000 0.059 0.000  4.716 0.000  6.603 0.000 999.99 0.259000  23.651 0.000  12.428 0.000  11.223 0.000 0.171 0.000 0.302 0.000
178.291667 179.291667   68.87 0.000  0.72 0.000 0.035 0.000000 99.99 0.259000 0.019 0.000  4.208 0.000  5.891 0.000 999.99 0.259000  25.812 0.000  14.569 0.000  11.243 0.000 0.117 0.000 0.268 0.000
181.291667 182.291667   31.61 0.000  0.43 0.000 0.010 0.000000 99.99 0.259000 0.012 0.559  2.300 0.000  4.140 0.000 999.99 0.259000  15.147 0.000   8.497 0.000   6.651 0.000 0.073 0.000 0.265 0.559
184.291667 185.291667   24.19 0.000  0.59 0.000 0.015 0.000000 99.99 0.259000 0.014 0.000  0.827 0.000  1.489 0.000 999.99 0.259000  11.536 0.000   7.500 0.000   4.037 0.000 0.055 0.000 0.262 0.000
187.291667 188.291667   32.95 0.000  0.48 0.000 9.999 0.259000 99.99 0.259000 0.016 0.000  0.771 0.000  1.388 0.000 999.99 0.259000   9.611 0.000   6.311 0.000   3.300 0.000 0.051 0.000 0.185 0.000
190.291667 191.291667   12.58 0.000  0.30 0.000 9.999 0.259000 99.99 0.259000 0.012 0.000  0.596 0.000  1.072 0.000 999.99 0.259000   4.906 0.000   1.987 0.000   2.919 0.000 0.034 0.000 0.203 0.000
193.291667 194.291667   23.57 0.000  0.70 0.000 9.999 0.259000 99.99 0.259000 0.050 0.000  2.469 0.000  4.445 0.000 999.99 0.259000  12.876 0.000   5.915 0.000   6.961 0.000 0.111 0.000 0.290 0.000
196.291667 197.291667   41.70 0.000  0.61 0.000 9.999 0.259000 99.99 0.259000 0.022 0.000  1.581 0.000  2.845 0.000 999.99 0.259000  11.916 0.000   6.002 0.000   5.913 0.000 0.081 0.000 0.301 0.000
199.291667 200.291667  131.14 0.000  0.72 0.000 0.029 0.000000  0.17 0.000000 0.030 0.000  0.827 0.000  1.488 0.000 999.99 0.259000  13.624 0.000   7.030 0.000   6.595 0.000 0.126 0.000 0.302 0.000
202.291667 203.291667   22.56 0.000  0.29 0.000 0.008 0.000000 99.99 0.259000 0.008 0.000  0.599 0.000  1.078 0.000 999.99 0.259000   7.247 0.000   3.988 0.000   3.258 0.000 0.024 0.000 0.267 0.000
205.291667 206.291667   31.82 0.000  0.24 0.000 0.015 0.000000 99.99 0.259000 0.009 0.000  0.868 0.000  1.562 0.000 999.99 0.259000  11.466 0.000   7.417 0.000   4.049 0.000 0.049 0.000 0.214 0.000
208.291667 209.291667   64.32 0.000  1.08 0.000 0.025 0.000000  0.18 0.000000 0.103 0.000  1.483 0.000  2.669 0.000 999.99 0.259000  18.754 0.000  11.498 0.000   7.256 0.000 0.104 0.000 0.490 0.000
211.291667 212.291667   49.59 0.000  0.97 0.000 9.999 0.259000 99.99 0.259000 0.047 0.000  1.052 0.000  1.893 0.000 999.99 0.259000  12.794 0.000   6.415 0.000   6.379 0.000 0.073 0.000 0.613 0.000
214.291667 215.291667   27.71 0.000  0.38 0.000 0.014 0.000000 99.99 0.259000 0.023 0.000  0.379 0.000  0.682 0.000 999.99 0.259000   5.508 0.000   3.178 0.000   2.330 0.000 0.025 0.000 0.250 0.000
217.291667 218.291667   24.16 0.000  0.34 0.000 9.999 0.259000  0.13 0.000000 0.021 0.000  0.567 0.000  1.020 0.000 999.99 0.259000   6.046 0.000   3.455 0.000   2.591 0.000 0.024 0.000 0.233 0.000
220.291667 221.291667   26.97 0.000  0.86 0.000 9.999 0.259000 99.99 0.259000 0.019 0.000  0.593 0.000  1.068 0.000 999.99 0.259000   8.197 0.000   4.574 0.000   3.623 0.000 0.027 0.000 0.409 0.000
223.291667 224.291667   23.49 0.000  0.56 0.000 0.012 0.000000  0.18 0.000000 0.027 0.000  0.703 0.000  1.265 0.000 999.99 0.259000   6.298 0.000   3.286 0.000   3.012 0.000 0.030 0.000 0.275 0.000
226.291667 227.291667   39.26 0.000  0.45 0.000 9.999 0.259000  0.27 0.000000 0.045 0.000  0.612 0.000  1.102 0.000 999.99 0.259000   8.813 0.000   5.564 0.000   3.249 0.000 0.045 0.000 0.311 0.000
229.291667 230.291667   21.18 0.000  0.36 0.000 0.014 0.000000 99.99 0.259000 0.026 0.000  0.251 0.000  0.452 0.000 999.99 0.259000   5.175 0.000   3.461 0.000   1.714 0.000 0.021 0.000 0.131 0.000
232.291667 233.291667   26.55 0.000  0.84 0.000 9.999 0.259000 99.99 0.259000 0.016 0.000  0.501 0.000  0.903 0.000 999.99 0.259000   8.882 0.000   5.951 0.000   2.931 0.000 0.023 0.000 0.328 0.000
235.291667 236.291667   36.15 0.000  0.52 0.000 9.999 0.259000  0.15 0.000000 0.031 0.000  0.662 0.000  1.191 0.000 999.99 0.259000   8.470 0.000   4.916 0.000   3.555 0.000 0.031 0.000 0.306 0.000
238.291667 239.291667   29.34 0.000  0.53 0.000 0.008 0.000000 99.99 0.259000 0.018 0.000  1.223 0.000  2.201 0.000 999.99 0.259000   8.221 0.000   4.217 0.000   4.004 0.000 0.035 0.000 0.138 0.000
