scripts/IMPROVE-2019_partial/data/US0056R.20030103070000.20191216000000.filterpack..pm25.1y.1w.US03L_filterpack_US0056.US03L_IMPROVE_Davis.lev2.nas
64 1001
MISSING INFORMATION
US03L, IMPROVE, , , , , , , 
MISSING INFORMATION
IMPROVE sel_HTAP
1 1
2003 01 01 2019 12 16
3.000000
days from file reference point
25
1 1 1 1 1 1 1 1 1 1 1 1 1 1 1 1 1 1 1 1 1 1 1 1 1
999.999999 9999.99 9.999 99.99 9.999999 9.999 9.999999 9.99 9.999999 9.999 9.999 99.999 9.999 99.999 9.999 999.999 9.999 999.999 9.999 999.999 9.999 9.999 9.999 9.999 9.999
end_time of measurement, days from the file reference point
iron, ng/m3, Revision date=20181210133000
numflag iron, no unit, Revision date=20181210133000
lead, ng/m3, Revision date=20181210133000
numflag lead, no unit, Revision date=20181210133000
magnesium, ug/m3, Revision date=20181210133000
numflag magnesium, no unit, Revision date=20181210133000
nickel, ng/m3, Revision date=20181210133000
numflag nickel, no unit, Revision date=20181210133000
nitrate, ug N/m3, Revision date=20181210133000
numflag nitrate, no unit, Revision date=20181210133000
organic_carbon, ug C/m3, Revision date=20181210133000
numflag organic_carbon, no unit, Revision date=20181210133000
organic_mass, ug/m3, Revision date=20181210133000
numflag organic_mass, no unit, Revision date=20181210133000
pm10_mass, ug/m3, Version=2, Version description=Data extracted from http://views.cira.colostate.edu/fed/DataWizard 2019-12-16, Sample duration=1d, Orig. time res.=3d, Matrix=pm10, Blank correction=Blank corrected, Volume std. temperature=ambient, Volume std. pressure=ambient
numflag pm10_mass, no unit, Version=2, Version description=Data extracted from http://views.cira.colostate.edu/fed/DataWizard 2019-12-16, Sample duration=1d, Orig. time res.=3d, Matrix=pm10, Blank correction=Blank corrected, Volume std. temperature=ambient, Volume std. pressure=ambient
pm10_pm25_mass, ug/m3, Revision date=20181210133000, Matrix=pm10_pm25
numflag pm10_pm25_mass, no unit, Revision date=20181210133000, Matrix=pm10_pm25
pm25_mass, ug/m3, Version=2, Version description=Data extracted from http://views.cira.colostate.edu/fed/DataWizard 2019-12-16, Sample duration=1d, Orig. time res.=3d, Blank correction=Blank corrected, Volume std. temperature=ambient, Volume std. pressure=ambient
numflag pm25_mass, no unit, Version=2, Version description=Data extracted from http://views.cira.colostate.edu/fed/DataWizard 2019-12-16, Sample duration=1d, Orig. time res.=3d, Blank correction=Blank corrected, Volume std. temperature=ambient, Volume std. pressure=ambient
potassium, ug/m3, Revision date=20181210133000
numflag potassium, no unit, Revision date=20181210133000
sulphate_total, ug S/m3, Revision date=20181210133000
numflag sulphate_total, no unit, Revision date=20181210133000
0
25
Data definition:              EBAS_1.1
Set type code:                TU
Timezone:                     UTC
File name:                    US0056R.20030103070000.20191216000000.filterpack..pm25.1y.1w.US03L_filterpack_US0056.US03L_IMPROVE_Davis.lev2.nas
File creation:                20191218115853
Startdate:                    20030103070000
Revision date:                20191216000000
Statistics:                   arithmetic mean
Data level:                   2
Period code:                  1y
Resolution code:              1w
Station code:                 US0056R
Platform code:                US0056S
Station name:                 Fort Peck (IMPROVE)
Station latitude:             48.308
Station longitude:            -105.1022
Station altitude:             638.0 m
Regime:                       IMG
Component:                    
Matrix:                       pm25
Laboratory code:              US03L
Instrument type:              filterpack
Instrument name:              filterpack_US0056
Method ref:                   US03L_IMPROVE_Davis
starttime endtime Fe flag_Fe Pb flag_Pb Mg++ flag_Mg++ Ni flag_Ni NO3- flag_NO3- OC flag_OC OM flag_OM PM10 flag_PM10 PM10-PM2.5 flag_PM10-PM2.5 PM2.5 flag_PM2.5 K+ flag_K+ SO4-- flag_SO4--
[from data line 87]
263.291667 264.291667   14.57 0.559  0.30 0.559000 9.999 0.559259 9.99 0.559259 0.043 0.000  0.543 0.000  0.760 0.000   3.679 0.000   1.279 0.000   2.400 0.559 0.019 0.559 0.183 0.000
266.291667 267.291667   24.83 0.559  0.28 0.559000 9.999 0.559259 0.10 0.559000 0.007 0.000  0.366 0.000  0.512 0.000  10.668 0.000   8.559 0.000   2.109 0.559 0.015 0.559 0.142 0.000
269.291667 270.291667   16.64 0.000  0.45 0.000000 9.999 0.259000 0.21 0.000000 0.018 0.000  0.311 0.000  0.435 0.000   4.371 0.000   2.559 0.000   1.812 0.000 0.018 0.000 0.080 0.000
272.291667 273.291667   27.57 0.000  0.24 0.000000 9.999 0.259000 0.12 0.000000 0.009 0.000  0.208 0.000  0.292 0.000   9.509 0.000   7.845 0.000   1.664 0.000 0.019 0.000 0.106 0.000
275.291667 276.291667   93.94 0.000  0.58 0.000000 9.999 0.259000 9.99 0.259000 0.043 0.000  1.054 0.000  1.475 0.000  17.770 0.000  11.708 0.000   6.061 0.000 0.062 0.000 0.393 0.000
278.291667 279.291667   94.80 0.000  0.76 0.000000 0.051 0.000000 9.99 0.259000 0.018 0.000  1.243 0.000  1.740 0.000  16.601 0.000  10.824 0.000   5.777 0.000 0.050 0.000 0.300 0.000
281.291667 282.291667   52.68 0.000  0.38 0.000000 9.999 0.259000 9.99 0.259000 0.012 0.000  0.753 0.000  1.055 0.000  11.330 0.000   8.802 0.000   2.528 0.000 0.031 0.000 0.091 0.000
284.291667 285.291667   24.08 0.000  0.22 0.000000 9.999 0.259000 0.07 0.000000 0.015 0.000  1.026 0.000  1.437 0.000   5.556 0.000   3.706 0.000   1.850 0.000 0.014 0.000 0.065 0.000
287.291667 288.291667   12.46 0.000  0.63 0.000000 9.999 0.259000 9.99 0.259000 0.038 0.000  0.442 0.000  0.618 0.000   4.258 0.000   1.853 0.000   2.405 0.000 0.038 0.000 0.254 0.000
290.291667 291.291667   39.56 0.000  0.63 0.000000 0.023 0.000000 9.99 0.259000 0.014 0.000  0.341 0.000  0.477 0.000   6.213 0.000   3.736 0.000   2.478 0.000 0.027 0.000 0.171 0.000
293.291667 294.291667   31.21 0.000  0.18 0.000000 0.077 0.000000 9.99 0.259000 0.008 0.000  0.349 0.000  0.489 0.000   6.156 0.000   4.593 0.000   1.563 0.000 0.018 0.000 0.055 0.000
296.291667 297.291667    8.36 0.000  0.22 0.000000 9.999 0.259000 0.10 0.000000 0.007 0.000  0.358 0.000  0.501 0.000   8.136 0.000   6.777 0.000   1.359 0.000 0.015 0.000 0.068 0.000
299.291667 300.291667   13.28 0.000  0.27 0.000000 9.999 0.259000 9.99 0.259000 0.011 0.000  0.296 0.000  0.414 0.000   8.129 0.000   6.911 0.000   1.218 0.000 0.010 0.000 0.044 0.000
302.291667 303.291667    5.81 0.000  0.53 0.000000 9.999 0.259000 9.99 0.259000 0.017 0.000  0.228 0.000  0.319 0.000   2.397 0.000   0.713 0.000   1.684 0.000 0.020 0.000 0.223 0.000
305.291667 306.291667   14.27 0.000  0.64 0.000000 9.999 0.259000 9.99 0.259000 0.146 0.000  0.776 0.000  1.086 0.000   3.784 0.000   0.535 0.000   3.249 0.000 0.035 0.000 0.235 0.000
308.291667 309.291667   11.20 0.000  1.46 0.000000 9.999 0.259000 9.99 0.259000 0.309 0.000  0.997 0.000  1.396 0.000   6.355 0.000   1.391 0.000   4.965 0.000 0.064 0.000 0.349 0.000
311.291667 312.291667    9.46 0.000  1.14 0.000000 9.999 0.259000 9.99 0.259000 0.358 0.000  1.412 0.000  1.977 0.000   9.148 0.000   1.759 0.000   7.390 0.000 0.029 0.000 0.776 0.000
314.291667 315.291667   17.18 0.000  1.12 0.000000 0.048 0.000000 9.99 0.259000 0.240 0.000  0.763 0.000  1.068 0.000   1.787 0.000 999.999 0.259   3.622 0.000 0.032 0.000 0.223 0.000
317.291667 318.291667   22.55 0.000  0.39 0.000000 9.999 0.259000 0.07 0.000000 0.398 0.000  1.055 0.000  1.477 0.000   5.332 0.000   0.534 0.000   4.798 0.000 0.024 0.000 0.166 0.000
320.291667 321.291667   10.11 0.000  0.64 0.000000 0.052 0.000000 9.99 0.259000 0.340 0.000  0.757 0.000  1.060 0.000   3.803 0.000   0.879 0.000   2.924 0.000 0.014 0.000 0.138 0.000
323.291667 324.291667    4.07 0.000  0.31 0.000000 9.999 0.259000 9.99 0.259000 0.181 0.000  0.854 0.000  1.196 0.000   4.232 0.000   0.447 0.000   3.785 0.000 0.033 0.000 0.351 0.000
326.291667 327.291667    3.49 0.000  0.50 0.000000 0.059 0.000000 9.99 0.259000 0.160 0.000  0.517 0.000  0.724 0.000   3.681 0.000   0.503 0.000   3.178 0.000 0.032 0.000 0.370 0.000
329.291667 330.291667    7.74 0.000  0.27 0.000000 9.999 0.259000 0.11 0.000000 0.155 0.000  0.769 0.000  1.077 0.000   3.638 0.000   1.402 0.000   2.235 0.000 0.026 0.000 0.068 0.000
332.291667 333.291667    7.35 0.000  0.51 0.000000 9.999 0.259000 9.99 0.259000 0.014 0.000  0.353 0.000  0.494 0.000   2.328 0.000   1.272 0.000   1.057 0.000 0.009 0.000 0.047 0.000
335.291667 336.291667   13.75 0.000  0.39 0.000000 9.999 0.259000 9.99 0.259000 0.119 0.000  0.388 0.000  0.544 0.000   3.280 0.000   1.871 0.000   1.409 0.000 0.008 0.000 0.075 0.000
338.291667 339.291667   16.75 0.000  0.63 0.000000 9.999 0.259000 0.13 0.000000 0.068 0.000  0.332 0.000  0.465 0.000   3.950 0.000   2.521 0.000   1.430 0.000 0.023 0.000 0.083 0.000
341.291667 342.291667    7.97 0.000  0.57 0.000000 9.999 0.259000 9.99 0.259000 0.179 0.000  0.702 0.000  0.983 0.000   4.382 0.000   1.574 0.000   2.807 0.000 0.027 0.000 0.150 0.000
344.291667 345.291667    5.50 0.000  0.55 0.000000 9.999 0.259000 0.14 0.000000 0.232 0.000  0.814 0.000  1.139 0.000   5.355 0.000   0.656 0.000   4.699 0.000 0.022 0.000 0.538 0.000
347.291667 348.291667    9.34 0.000  0.35 0.000000 0.072 0.000000 0.15 0.000000 0.222 0.000  0.409 0.000  0.572 0.000   2.480 0.000   0.729 0.000   1.751 0.000 0.009 0.000 0.082 0.000
350.291667 351.291667   14.55 0.000  0.40 0.000000 0.041 0.000000 9.99 0.259000 0.080 0.000  0.660 0.000  0.924 0.000   3.348 0.000   2.245 0.000   1.103 0.000 0.015 0.000 0.061 0.000
353.291667 354.291667   16.84 0.000  0.61 0.000000 9.999 0.259000 0.09 0.000000 0.202 0.000  0.546 0.000  0.765 0.000   3.265 0.000   1.394 0.000   1.872 0.000 0.013 0.000 0.097 0.000
356.291667 357.291667    5.51 0.000  0.18 0.000000 9.999 0.259000 9.99 0.259000 0.253 0.000  0.297 0.000  0.416 0.000   2.942 0.000   1.255 0.000   1.687 0.000 0.011 0.000 0.054 0.000
359.291667 360.291667    5.51 0.000  0.32 0.000000 0.048 0.000000 0.12 0.000000 0.143 0.000  0.278 0.000  0.389 0.000   2.178 0.000   1.015 0.000   1.162 0.000 0.012 0.000 0.066 0.000
362.291667 363.291667    5.81 0.000  0.61 0.000000 0.061 0.000000 0.07 0.000000 0.295 0.000  0.536 0.000  0.751 0.000   2.703 0.000 999.999 0.259   3.090 0.000 0.030 0.000 0.112 0.000
