scripts/IMPROVE-2019_partial/data/US0072R.19980103070000.20191216000000.filterpack...1y.3d.US03L_filterpack_US0072.US03L_IMPROVE_Davis.lev2.nas
51 1001
MISSING INFORMATION
US03L, IMPROVE, , , , , , , 
MISSING INFORMATION
IMPROVE sel_HTAP
1 1
1998 01 01 2019 12 16
0
days from file reference point
4
1 1 1 1
999.999999 999.999 999.999 9.999
end_time of measurement, days from the file reference point
pm10_mass, ug/m3, Matrix=pm10
pm25_mass, ug/m3, Matrix=pm25
numflag, no unit
0
33
Data definition:              EBAS_1.1
Set type code:                TI
Timezone:                     UTC
File name:                    US0072R.19980103070000.20191216000000.filterpack...1y.3d.US03L_filterpack_US0072.US03L_IMPROVE_Davis.lev2.nas
File creation:                20191218120020
Startdate:                    19980103070000
Revision date:                20191216000000
Version:                      2
Version description:          "Data extracted from http://views.cira.colostate.edu/fed/DataWizard 2019-12-16"
Statistics:                   arithmetic mean
Data level:                   2
Period code:                  1y
Resolution code:              3d
Sample duration:              1d
Orig. time res.:              3d
Station code:                 US0072R
Platform code:                US0072S
Station name:                 Badlands NP
Station latitude:             43.7435
Station longitude:            -101.9412
Station altitude:             736.0 m
Regime:                       IMG
Component:                    
Unit:                         ug/m3
Matrix:                       
Laboratory code:              US03L
Instrument type:              filterpack
Instrument name:              filterpack_US0072
Method ref:                   US03L_IMPROVE_Davis
Blank correction:             Blank corrected
Volume std. temperature:      ambient
Volume std. pressure:         ambient
starttime endtime PM10 PM2.5 flag
  2.291667   3.291667   7.482   2.152 0.000
  6.291667   7.291667   6.039   1.831 0.000
  9.291667  10.291667   4.227   1.960 0.000
 13.291667  14.291667 999.999   6.439 0.000
 16.291667  17.291667  12.471   8.124 0.000
 20.291667  21.291667  19.653  16.865 0.000
 23.291667  24.291667   6.811   2.083 0.000
 27.291667  28.291667   7.696   1.298 0.000
 30.291667  31.291667   5.971   1.671 0.000
 34.291667  35.291667  17.250   6.814 0.000
 37.291667  38.291667  11.962   6.227 0.000
 41.291667  42.291667 999.999   3.719 0.000
 44.291667  45.291667  12.317   2.797 0.000
 48.291667  49.291667  13.414  11.423 0.000
 51.291667  52.291667   7.376   5.030 0.000
 55.291667  56.291667  15.750  10.300 0.000
 58.291667  59.291667  24.630   4.785 0.000
 62.291667  63.291667   5.208   3.184 0.000
 65.291667  66.291667   6.944   5.501 0.000
 69.291667  70.291667   5.013   3.105 0.000
 72.291667  73.291667   7.705   4.248 0.000
 76.291667  77.291667  18.703  14.830 0.000
 79.291667  80.291667   7.769   5.297 0.000
 83.291667  84.291667   6.241   2.837 0.000
 86.291667  87.291667   5.670   1.671 0.000
 90.291667  91.291667   5.909   3.747 0.000
 93.291667  94.291667   6.860   4.037 0.000
 97.291667  98.291667  11.844  11.520 0.000
100.291667 101.291667  13.273   3.737 0.000
104.291667 105.291667   5.240   2.958 0.000
107.291667 108.291667   7.285   3.586 0.000
111.291667 112.291667  16.119   6.137 0.000
114.291667 115.291667   8.972   1.712 0.000
118.291667 119.291667  21.081   5.513 0.000
121.291667 122.291667  14.137   4.325 0.000
125.291667 126.291667  23.773   8.155 0.000
128.291667 129.291667  11.910   4.864 0.000
132.291667 133.291667  12.433   7.695 0.000
135.291667 136.291667   5.144   3.222 0.000
139.291667 140.291667   8.235   4.211 0.000
142.291667 143.291667   4.630   2.336 0.000
146.291667 147.291667  11.422   5.401 0.000
149.291667 150.291667  14.876   6.534 0.000
153.291667 154.291667   4.345   3.645 0.000
156.291667 157.291667 999.999 999.999 0.999
160.291667 161.291667   9.753   2.647 0.000
163.291667 164.291667  10.474   4.640 0.000
167.291667 168.291667   5.163   2.765 0.000
170.291667 171.291667   9.039   2.522 0.000
174.291667 175.291667   6.944   3.933 0.000
177.291667 178.291667   8.796   2.845 0.000
181.291667 182.291667   8.805   5.674 0.000
184.291667 185.291667  11.197   7.210 0.000
188.291667 189.291667   6.557   3.282 0.000
191.291667 192.291667  10.594   6.289 0.000
195.291667 196.291667  10.712   4.789 0.000
198.291667 199.291667  18.573   7.307 0.000
202.291667 203.291667  11.192   4.852 0.000
205.291667 206.291667   6.371   4.680 0.000
209.291667 210.291667   9.089   7.035 0.000
212.291667 213.291667  13.787   9.442 0.000
216.291667 217.291667  18.844  17.927 0.000
219.291667 220.291667  17.833  10.569 0.000
223.291667 224.291667   8.124   4.700 0.000
226.291667 227.291667  19.755  10.735 0.000
230.291667 231.291667   5.672   3.472 0.000
233.291667 234.291667   6.497   3.270 0.000
237.291667 238.291667  11.585   5.543 0.000
240.291667 241.291667  15.312   8.963 0.000
244.291667 245.291667  17.671   8.364 0.000
247.291667 248.291667  30.347  11.606 0.000
251.291667 252.291667  27.254  13.920 0.000
254.291667 255.291667  32.035  13.238 0.000
258.291667 259.291667  11.162   5.713 0.000
261.291667 262.291667  14.406   5.492 0.000
265.291667 266.291667   5.061   3.317 0.000
268.291667 269.291667   8.533   4.293 0.000
272.291667 273.291667   7.467   3.678 0.000
275.291667 276.291667   2.166   1.578 0.000
279.291667 280.291667   4.475   2.378 0.000
282.291667 283.291667  14.390   8.193 0.000
286.291667 287.291667   8.951 999.999 0.000
289.291667 290.291667   1.659   1.274 0.000
293.291667 294.291667   3.066   1.554 0.000
296.291667 297.291667   4.518   2.632 0.000
300.291667 301.291667   5.541   4.735 0.000
303.291667 304.291667   3.136   1.338 0.000
307.291667 308.291667   5.198   4.316 0.000
310.291667 311.291667   3.889   3.407 0.000
314.291667 315.291667   5.564   3.210 0.000
317.291667 318.291667   4.711   2.588 0.000
321.291667 322.291667   3.802   2.455 0.000
324.291667 325.291667   8.652   2.369 0.000
328.291667 329.291667   6.944   1.006 0.000
331.291667 332.291667   7.600   2.154 0.000
335.291667 336.291667   5.320   1.687 0.000
338.291667 339.291667   4.630   2.537 0.000
342.291667 343.291667   3.649   1.157 0.000
345.291667 346.291667   6.042   1.934 0.000
349.291667 350.291667   4.018   1.055 0.000
352.291667 353.291667   6.016   1.925 0.000
356.291667 357.291667 999.999   1.955 0.000
359.291667 360.291667   4.193   0.968 0.000
363.291667 364.291667  10.215   5.225 0.000
