scripts/IMPROVE-2019_partial/data/US0031R.19890104100000.20191216000000.filterpack...1y.3d.US03L_filterpack_US0031.US03L_IMPROVE_Davis.lev2.nas
52 1001
MISSING INFORMATION
US03L, IMPROVE, , , , , , , 
MISSING INFORMATION
IMPROVE sel_HTAP
1 1
1989 01 01 2019 12 16
0
days from file reference point
5
1 1 1 1 1
999.999999 999.999 9.999 999.999 9.999
end_time of measurement, days from the file reference point
pm10_mass, ug/m3, Matrix=pm10
numflag pm10_mass, no unit, Matrix=pm10
pm25_mass, ug/m3, Matrix=pm25
numflag pm25_mass, no unit, Matrix=pm25
0
33
Data definition:              EBAS_1.1
Set type code:                TI
Timezone:                     UTC
File name:                    US0031R.19890104100000.20191216000000.filterpack...1y.3d.US03L_filterpack_US0031.US03L_IMPROVE_Davis.lev2.nas
File creation:                20191218115728
Startdate:                    19890104100000
Revision date:                20191216000000
Version:                      2
Version description:          "Data extracted from http://views.cira.colostate.edu/fed/DataWizard 2019-12-16"
Statistics:                   arithmetic mean
Data level:                   2
Period code:                  1y
Resolution code:              3d
Sample duration:              1d
Orig. time res.:              3d
Station code:                 US0031R
Platform code:                US0031S
Station name:                 Hawaii Volcanoes NP
Station latitude:             19.4309
Station longitude:            -155.2579
Station altitude:             1258.0 m
Regime:                       IMG
Component:                    
Unit:                         ug/m3
Matrix:                       
Laboratory code:              US03L
Instrument type:              filterpack
Instrument name:              filterpack_US0031
Method ref:                   US03L_IMPROVE_Davis
Blank correction:             Blank corrected
Volume std. temperature:      ambient
Volume std. pressure:         ambient
starttime endtime PM10 flag_PM10 PM2.5 flag_PM2.5
  3.416667   4.416667   2.547 0.000   0.846 0.000
  6.416667   7.416667   4.573 0.000   1.006 0.000
 10.416667  11.416667   5.354 0.000   3.448 0.000
 13.416667  14.416667   1.644 0.000   1.491 0.000
 17.416667  18.416667   8.664 0.000   1.567 0.000
 20.416667  21.416667   3.318 0.000   1.223 0.000
 24.416667  25.416667   5.783 0.000   4.025 0.000
 27.416667  28.416667   5.000 0.000   2.226 0.000
 31.416667  32.416667   4.150 0.000   2.400 0.000
 34.416667  35.416667   3.062 0.000   0.909 0.000
 38.416667  39.416667  17.679 0.000  13.811 0.000
 41.416667  42.416667   3.037 0.000   1.531 0.000
 45.416667  46.416667   4.932 0.000   2.166 0.000
 48.416667  49.416667   3.349 0.000   1.602 0.000
 52.416667  53.416667 999.999 0.999   0.964 0.000
 55.416667  56.416667 999.999 0.999   2.590 0.000
 59.416667  60.416667  18.417 0.000   7.134 0.000
 62.416667  63.416667  17.477 0.000   2.134 0.000
 66.416667  67.416667   3.220 0.000   0.514 0.000
 69.416667  70.416667  28.879 0.000  11.646 0.000
 73.416667  74.416667   9.385 0.000   1.964 0.000
 76.416667  77.416667   9.587 0.000   2.024 0.000
 80.416667  81.416667   8.015 0.000   2.349 0.000
 83.416667  84.416667  31.797 0.000  14.182 0.000
 87.416667  88.416667   5.746 0.000   0.973 0.000
 90.416667  91.416667   7.984 0.000   0.973 0.000
 94.416667  95.416667  11.032 0.000   4.398 0.000
 97.416667  98.416667   3.613 0.000   0.813 0.000
101.416667 102.416667  15.043 0.000   7.822 0.000
104.416667 105.416667   2.655 0.000   0.334 0.000
108.416667 109.416667  11.346 0.000   2.380 0.000
111.416667 112.416667  20.865 0.000   1.988 0.000
115.416667 116.416667  25.327 0.000 999.999 0.999
118.416667 119.416667  22.826 0.000   9.170 0.000
122.416667 123.416667  26.058 0.000 999.999 0.999
125.416667 126.416667   7.850 0.000   1.420 0.000
129.416667 130.416667  10.000 0.000   1.390 0.000
132.416667 133.416667  13.679 0.000   1.692 0.000
136.416667 137.416667  12.952 0.000   2.952 0.000
139.416667 140.416667  10.784 0.000   2.048 0.000
143.416667 144.416667  11.028 0.000   1.239 0.000
146.416667 147.416667  23.400 0.000   3.384 0.000
150.416667 151.416667  12.667 0.000   2.643 0.000
153.416667 154.416667  21.720 0.000   3.290 0.000
157.416667 158.416667  15.889 0.000   2.476 0.000
160.416667 161.416667  13.889 0.000   2.769 0.000
164.416667 165.416667  12.326 0.000   1.759 0.000
167.416667 168.416667  19.048 0.000   1.498 0.000
171.416667 172.416667   7.363 0.000   1.521 0.000
174.416667 175.416667  11.461 0.000   1.942 0.000
178.416667 179.416667   9.540 0.000   1.489 0.000
181.416667 182.416667  12.000 0.000   1.521 0.000
185.416667 186.416667  11.905 0.000   2.219 0.000
188.416667 189.416667  16.000 0.000   2.830 0.000
192.416667 193.416667  15.758 0.000   2.323 0.000
195.416667 196.416667  10.455 0.000   1.387 0.000
199.416667 200.416667   6.364 0.000 999.999 0.259
202.416667 203.416667  16.383 0.000   2.395 0.000
206.416667 207.416667  10.727 0.000   1.650 0.000
209.416667 210.416667  39.811 0.000   1.100 0.000
213.416667 214.416667  15.882 0.000   1.780 0.000
216.416667 217.416667  12.549 0.000   1.262 0.000
220.416667 221.416667  10.455 0.000   1.731 0.000
223.416667 224.416667  11.905 0.000   1.090 0.000
227.416667 228.416667  14.490 0.000   1.218 0.000
230.416667 231.416667  15.750 0.000   1.346 0.000
234.416667 235.416667 999.999 0.999 999.999 0.999
237.416667 238.416667  14.565 0.000   1.859 0.000
241.416667 242.416667  16.296 0.000   2.841 0.000
244.416667 245.416667  10.800 0.000 999.999 0.999
248.416667 249.416667  11.860 0.000   0.928 0.000
251.416667 252.416667  16.122 0.000   1.437 0.000
255.416667 256.416667  27.209 0.000   5.873 0.000
258.416667 259.416667   7.297 0.000   0.633 0.000
262.416667 263.416667 999.999 0.999   1.824 0.000
265.416667 266.416667 999.999 0.999   2.310 0.000
269.416667 270.416667 999.999 0.999   1.101 0.000
272.416667 273.416667 999.999 0.999 999.999 0.999
276.416667 277.416667 999.999 0.999   3.739 0.000
279.416667 280.416667 999.999 0.999   2.374 0.000
283.416667 284.416667  19.552 0.000   2.870 0.000
286.416667 287.416667  21.277 0.000   3.891 0.000
290.416667 291.416667  11.778 0.000   1.355 0.000
293.416667 294.416667  21.081 0.000   2.036 0.000
297.416667 298.416667  37.442 0.000   0.893 0.000
300.416667 301.416667  24.359 0.000   4.643 0.000
304.416667 305.416667  57.647 0.000  12.317 0.000
307.416667 308.416667  16.222 0.000 999.999 0.999
311.416667 312.416667 999.999 0.999   2.232 0.000
314.416667 315.416667 999.999 0.999  11.772 0.000
318.416667 319.416667 999.999 0.999   4.743 0.000
321.416667 322.416667 999.999 0.999   2.296 0.000
325.416667 326.416667 999.999 0.999   1.369 0.000
328.416667 329.416667 999.999 0.999   6.257 0.000
332.416667 333.416667 999.999 0.999   5.257 0.000
335.416667 336.416667 999.999 0.999 999.999 0.999
339.416667 340.416667 999.999 0.999 999.999 0.999
342.416667 343.416667 999.999 0.999 999.999 0.999
346.416667 347.416667 999.999 0.999   9.290 0.000
349.416667 350.416667 999.999 0.999   9.077 0.000
353.416667 354.416667 999.999 0.999   9.228 0.000
356.416667 357.416667 999.999 0.999   9.970 0.000
360.416667 361.416667 999.999 0.999   2.716 0.000
363.416667 364.416667 999.999 0.999   1.194 0.000
