scripts/IMPROVE-2019_partial/data/US0073R.20130101050000.20191216000000.filterpack...52w.3d.US03L_filterpack_US0073_GRSM1.US03L_IMPROVE_Davis.lev2.nas
52 1001
MISSING INFORMATION
US03L, IMPROVE, , , , , , , 
MISSING INFORMATION
IMPROVE sel_HTAP
1 1
2013 01 01 2019 12 16
3.000000
days from file reference point
5
1 1 1 1 1
999.999999 999.999 9.999 999.999 9.999
end_time of measurement, days from the file reference point
pm10_mass, ug/m3, Matrix=pm10
numflag pm10_mass, no unit, Matrix=pm10
pm25_mass, ug/m3, Matrix=pm25
numflag pm25_mass, no unit, Matrix=pm25
0
33
Data definition:              EBAS_1.1
Set type code:                TU
Timezone:                     UTC
File name:                    US0073R.20130101050000.20191216000000.filterpack...52w.3d.US03L_filterpack_US0073_GRSM1.US03L_IMPROVE_Davis.lev2.nas
File creation:                20191218120026
Startdate:                    20130101050000
Revision date:                20191216000000
Version:                      2
Version description:          "Data extracted from http://views.cira.colostate.edu/fed/DataWizard 2019-12-16"
Statistics:                   arithmetic mean
Data level:                   2
Period code:                  52w
Resolution code:              3d
Sample duration:              1d
Orig. time res.:              3d
Station code:                 US0073R
Platform code:                US0073S
Station name:                 Great Smoky Mountains NP
Station latitude:             35.6334
Station longitude:            -83.9416
Station altitude:             810.0 m
Regime:                       IMG
Component:                    
Unit:                         ug/m3
Matrix:                       
Laboratory code:              US03L
Instrument type:              filterpack
Instrument name:              filterpack_US0073_GRSM1
Method ref:                   US03L_IMPROVE_Davis
Blank correction:             Blank corrected
Volume std. temperature:      ambient
Volume std. pressure:         ambient
starttime endtime PM10 flag_PM10 PM2.5 flag_PM2.5
  0.208333   1.208333   2.115 0.000   1.537 0.000
  3.208333   4.208333   7.161 0.000   5.696 0.000
  6.208333   7.208333   9.468 0.000   7.516 0.000
  9.208333  10.208333   3.767 0.000   2.413 0.000
 12.208333  13.208333   6.493 0.000   3.871 0.000
 15.208333  16.208333   0.630 0.000   0.368 0.000
 18.208333  19.208333   4.257 0.000   3.510 0.000
 21.208333  22.208333   4.660 0.000   2.548 0.000
 24.208333  25.208333   8.902 0.000   4.916 0.000
 27.208333  28.208333  12.668 0.000   9.619 0.000
 30.208333  31.208333   3.403 0.000   2.418 0.000
 33.208333  34.208333   5.900 0.000   4.399 0.000
 36.208333  37.208333   6.775 0.000   4.361 0.000
 39.208333  40.208333   8.437 0.000   7.229 0.000
 42.208333  43.208333   5.059 0.000   2.298 0.000
 45.208333  46.208333   6.042 0.000   3.795 0.000
 48.208333  49.208333   7.444 0.000   4.624 0.000
 51.208333  52.208333   5.478 0.000   3.718 0.000
 54.208333  55.208333   7.836 0.000   5.882 0.000
 57.208333  58.208333   5.854 0.000   5.087 0.000
 60.208333  61.208333   2.394 0.000   1.855 0.000
 63.208333  64.208333   6.328 0.000   5.244 0.000
 66.208333  67.208333   8.262 0.000   6.960 0.000
 69.208333  70.208333   5.496 0.000   3.070 0.000
 72.208333  73.208333   5.788 0.000   4.343 0.000
 75.208333  76.208333  13.555 0.000   9.924 0.000
 78.208333  79.208333   4.726 0.000   2.476 0.000
 81.208333  82.208333  10.431 0.000   7.157 0.000
 84.208333  85.208333   5.036 0.000   3.426 0.000
 87.208333  88.208333   8.683 0.000   6.006 0.000
 90.208333  91.208333   7.923 0.000   5.048 0.000
 93.208333  94.208333   5.220 0.000   3.317 0.000
 96.208333  97.208333  10.445 0.000   6.527 0.000
 99.208333 100.208333 999.999 0.456  15.862 0.000
102.208333 103.208333 999.999 0.456   3.921 0.000
105.208333 106.208333 999.999 0.456   8.523 0.000
108.208333 109.208333 999.999 0.456   4.015 0.000
111.208333 112.208333 999.999 0.456   6.947 0.000
114.208333 115.208333 999.999 0.456 999.999 0.456
117.208333 118.208333 999.999 0.456 999.999 0.456
120.208333 121.208333  14.492 0.000   5.202 0.000
123.208333 124.208333   8.158 0.000   2.265 0.000
126.208333 127.208333  11.126 0.000   2.480 0.000
129.208333 130.208333  22.023 0.000   8.685 0.000
132.208333 133.208333  10.352 0.000   3.753 0.000
135.208333 136.208333 999.999 0.456 999.999 0.456
138.208333 139.208333 999.999 0.456 999.999 0.456
141.208333 142.208333  21.908 0.000   7.907 0.000
144.208333 145.208333  10.280 0.000   3.876 0.000
147.208333 148.208333  27.519 0.000   9.928 0.000
150.208333 151.208333  23.780 0.000   5.732 0.000
153.208333 154.208333  22.718 0.000   6.491 0.000
156.208333 157.208333   7.560 0.000   2.814 0.000
159.208333 160.208333  13.884 0.000  10.289 0.000
162.208333 163.208333  20.618 0.000  13.709 0.000
165.208333 166.208333  12.298 0.000   8.706 0.000
168.208333 169.208333   9.075 0.000   4.631 0.000
171.208333 172.208333  14.423 0.000  10.631 0.000
174.208333 175.208333  11.311 0.000   7.726 0.000
177.208333 178.208333  19.221 0.000  10.666 0.000
180.208333 181.208333  13.015 0.000   6.270 0.000
183.208333 184.208333   8.933 0.000   5.402 0.000
186.208333 187.208333   3.837 0.000   1.455 0.000
189.208333 190.208333   8.971 0.000   5.056 0.000
192.208333 193.208333  16.351 0.000  11.533 0.000
195.208333 196.208333  10.440 0.000   4.590 0.000
198.208333 199.208333   8.274 0.000   5.607 0.000
201.208333 202.208333  11.190 0.000   7.942 0.000
204.208333 205.208333  13.889 0.000   8.985 0.000
207.208333 208.208333  15.549 0.000  12.064 0.000
210.208333 211.208333   7.958 0.000   4.907 0.000
213.208333 214.208333 999.999 0.999   9.713 0.000
216.208333 217.208333 999.999 0.999   7.556 0.000
219.208333 220.208333 999.999 0.999   9.042 0.000
222.208333 223.208333 999.999 0.999   6.101 0.000
225.208333 226.208333 999.999 0.999  11.295 0.000
228.208333 229.208333  12.135 0.000   8.883 0.000
231.208333 232.208333   6.905 0.000   2.917 0.000
234.208333 235.208333  13.327 0.000  10.036 0.000
237.208333 238.208333  13.678 0.000   9.958 0.000
240.208333 241.208333  21.384 0.000  15.565 0.000
243.208333 244.208333 999.999 0.456  10.333 0.000
246.208333 247.208333  10.961 0.000   6.940 0.000
249.208333 250.208333  12.968 0.000   9.289 0.000
252.208333 253.208333  14.683 0.000  10.957 0.000
255.208333 256.208333  10.776 0.000   6.231 0.000
258.208333 259.208333  13.487 0.000   9.948 0.000
261.208333 262.208333  12.091 0.000   9.063 0.000
264.208333 265.208333   8.260 0.000   5.059 0.000
267.208333 268.208333   3.086 0.000   1.769 0.000
270.208333 271.208333  10.047 0.000   7.318 0.000
273.208333 274.208333   8.524 0.000   5.600 0.000
276.208333 277.208333  12.575 0.000   9.489 0.000
279.208333 280.208333   3.441 0.000   1.669 0.000
282.208333 283.208333   7.431 0.000   4.435 0.000
285.208333 286.208333   7.793 0.000   5.184 0.000
288.208333 289.208333   7.095 0.000   3.895 0.000
291.208333 292.208333   6.955 0.000   5.066 0.000
294.208333 295.208333   9.531 0.000   6.618 0.000
297.208333 298.208333   6.948 0.000   4.033 0.000
300.208333 301.208333   8.521 0.000   6.738 0.000
303.208333 304.208333  13.783 0.000   7.973 0.000
306.208333 307.208333  10.093 0.000   6.766 0.000
309.208333 310.208333   4.784 0.000   1.986 0.000
312.208333 313.208333   4.936 0.000   3.500 0.000
315.208333 316.208333   6.134 0.000   3.937 0.000
318.208333 319.208333   4.981 0.000   3.136 0.000
321.208333 322.208333   6.561 0.000   2.498 0.000
324.208333 325.208333   8.198 0.000   3.908 0.000
327.208333 328.208333   4.078 0.000   3.013 0.000
330.208333 331.208333   3.809 0.000   2.573 0.000
333.208333 334.208333   7.049 0.000   5.879 0.000
336.208333 337.208333   8.204 0.000   6.736 0.000
339.208333 340.208333   3.284 0.000   2.044 0.000
342.208333 343.208333   0.961 0.000   0.424 0.000
345.208333 346.208333   9.228 0.000   7.110 0.000
348.208333 349.208333   6.079 0.000   2.844 0.000
351.208333 352.208333   2.968 0.000   1.831 0.000
354.208333 355.208333   5.612 0.000   3.747 0.000
357.208333 358.208333   6.606 0.000   5.325 0.000
360.208333 361.208333   6.255 0.000   5.241 0.000
363.208333 364.208333   5.090 0.000   1.724 0.000
