scripts/IMPROVE-2019_partial/data/US0062R.19910102070000.20191216000000.filterpack...1y.3d.US03L_filterpack_US0062.US03L_IMPROVE_Davis.lev2.nas
52 1001
MISSING INFORMATION
US03L, IMPROVE, , , , , , , 
MISSING INFORMATION
IMPROVE sel_HTAP
1 1
1991 01 01 2019 12 16
0
days from file reference point
5
1 1 1 1 1
999.999999 999.999 9.999 99.999 9.999999
end_time of measurement, days from the file reference point
pm10_mass, ug/m3, Matrix=pm10
numflag pm10_mass, no unit, Matrix=pm10
pm25_mass, ug/m3, Matrix=pm25
numflag pm25_mass, no unit, Matrix=pm25
0
33
Data definition:              EBAS_1.1
Set type code:                TI
Timezone:                     UTC
File name:                    US0062R.19910102070000.20191216000000.filterpack...1y.3d.US03L_filterpack_US0062.US03L_IMPROVE_Davis.lev2.nas
File creation:                20191218115923
Startdate:                    19910102070000
Revision date:                20191216000000
Version:                      2
Version description:          "Data extracted from http://views.cira.colostate.edu/fed/DataWizard 2019-12-16"
Statistics:                   arithmetic mean
Data level:                   2
Period code:                  1y
Resolution code:              3d
Sample duration:              1d
Orig. time res.:              3d
Station code:                 US0062R
Platform code:                US0062S
Station name:                 Bandelier NM
Station latitude:             35.7797
Station longitude:            -106.2664
Station altitude:             1988.0 m
Regime:                       IMG
Component:                    
Unit:                         ug/m3
Matrix:                       
Laboratory code:              US03L
Instrument type:              filterpack
Instrument name:              filterpack_US0062
Method ref:                   US03L_IMPROVE_Davis
Blank correction:             Blank corrected
Volume std. temperature:      ambient
Volume std. pressure:         ambient
starttime endtime PM10 flag_PM10 PM2.5 flag_PM2.5
  1.291667   2.291667 999.999 0.999  6.782 0.559000
  4.291667   5.291667   4.936 0.000  2.744 0.559000
  8.291667   9.291667   5.875 0.000  3.694 0.559000
 11.291667  12.291667  12.467 0.000  3.805 0.559000
 15.291667  16.291667  10.286 0.000 99.999 0.559259
 18.291667  19.291667   7.155 0.000  5.000 0.559000
 22.291667  23.291667   5.830 0.000  5.143 0.559000
 25.291667  26.291667   4.251 0.000  3.067 0.559000
 29.291667  30.291667   8.050 0.000 99.999 0.559259
 32.291667  33.291667   6.929 0.000 99.999 0.559259
 36.291667  37.291667   6.468 0.000  4.393 0.559000
 39.291667  40.291667  10.595 0.000  4.334 0.559000
 43.291667  44.291667  13.063 0.000  2.477 0.559000
 46.291667  47.291667  21.171 0.000  3.191 0.559000
 50.291667  51.291667   4.176 0.000 99.999 0.559259
 53.291667  54.291667   6.124 0.000  3.778 0.559000
 57.291667  58.291667   8.902 0.000  4.403 0.559000
 60.291667  61.291667   1.822 0.000  1.164 0.559000
 64.291667  65.291667   4.821 0.000  3.365 0.559000
 67.291667  68.291667   7.419 0.000  4.308 0.559000
 71.291667  72.291667   6.614 0.000  3.766 0.559000
 74.291667  75.291667   5.412 0.000  1.835 0.559000
 78.291667  79.291667  10.212 0.000  3.009 0.559000
 81.291667  82.291667  11.179 0.000  3.166 0.559000
 85.291667  86.291667   4.534 0.000  2.095 0.559000
 88.291667  89.291667   4.291 0.000  2.635 0.559000
 92.291667  93.291667   7.717 0.000  4.923 0.559000
 95.291667  96.291667   9.216 0.000  4.768 0.559000
 99.291667 100.291667 999.999 0.999 99.999 0.999000
102.291667 103.291667 999.999 0.999 99.999 0.999000
106.291667 107.291667 999.999 0.999 99.999 0.999000
109.291667 110.291667 999.999 0.999 99.999 0.999000
113.291667 114.291667 999.999 0.999 99.999 0.999000
116.291667 117.291667 999.999 0.999 99.999 0.999000
120.291667 121.291667 999.999 0.999 99.999 0.999000
123.291667 124.291667 999.999 0.999 99.999 0.999000
127.291667 128.291667   6.822 0.000  4.627 0.559000
130.291667 131.291667  14.419 0.000  7.117 0.559000
134.291667 135.291667  10.040 0.000  5.485 0.559000
137.291667 138.291667  11.633 0.000  5.819 0.559000
141.291667 142.291667   5.556 0.000  4.159 0.559000
144.291667 145.291667   8.431 0.000  3.662 0.559000
148.291667 149.291667   9.883 0.000  5.908 0.559000
151.291667 152.291667  10.899 0.000  4.154 0.559000
155.291667 156.291667  10.350 0.000 99.999 0.559259
158.291667 159.291667  10.369 0.000 99.999 0.559259
162.291667 163.291667   4.553 0.000  3.723 0.559000
165.291667 166.291667 999.999 0.999  6.715 0.559000
169.291667 170.291667  12.464 0.000  6.556 0.559000
172.291667 173.291667  12.681 0.000  5.616 0.559000
176.291667 177.291667 999.999 0.999 99.999 0.999000
179.291667 180.291667   8.577 0.000  7.112 0.559000
183.291667 184.291667   4.207 0.000  3.274 0.559000
186.291667 187.291667   6.115 0.000  4.281 0.559000
190.291667 191.291667   7.324 0.000  6.000 0.559000
193.291667 194.291667   9.389 0.000 99.999 0.559259
197.291667 198.291667   6.028 0.000  4.062 0.559000
200.291667 201.291667   7.057 0.000  4.892 0.559000
204.291667 205.291667   3.288 0.000  2.769 0.559000
207.291667 208.291667 999.999 0.999  4.098 0.559000
211.291667 212.291667   8.085 0.000  4.559 0.559000
214.291667 215.291667   3.930 0.000 99.999 0.559259
218.291667 219.291667 999.999 0.999 99.999 0.999000
221.291667 222.291667 999.999 0.999 99.999 0.999000
225.291667 226.291667 999.999 0.999 99.999 0.999000
228.291667 229.291667 999.999 0.999 99.999 0.999000
232.291667 233.291667   5.642 0.000  4.187 0.559000
235.291667 236.291667   6.067 0.000  3.563 0.559000
239.291667 240.291667   6.700 0.000  4.458 0.559000
242.291667 243.291667   9.327 0.000  5.663 0.559000
246.291667 247.291667 999.999 0.999  4.711 0.559000
249.291667 250.291667   6.761 0.000 99.999 0.559259
253.291667 254.291667   4.842 0.000  3.414 0.559000
256.291667 257.291667   6.436 0.000  3.134 0.559000
260.291667 261.291667   9.132 0.000  3.946 0.559000
263.291667 264.291667   5.415 0.000  3.825 0.559000
267.291667 268.291667  12.007 0.000  5.015 0.559000
270.291667 271.291667   8.051 0.000  4.242 0.559000
274.291667 275.291667   5.387 0.000  3.435 0.559000
277.291667 278.291667   9.155 0.000  3.739 0.559000
281.291667 282.291667   9.789 0.000  4.079 0.559000
284.291667 285.291667  11.210 0.000  6.858 0.559000
288.291667 289.291667 999.999 0.999 99.999 0.999000
291.291667 292.291667 999.999 0.999 99.999 0.999000
295.291667 296.291667 999.999 0.999 99.999 0.999000
298.291667 299.291667 999.999 0.999 99.999 0.999000
302.291667 303.291667 999.999 0.999 99.999 0.999000
305.291667 306.291667   7.876 0.000  7.120 0.559000
309.291667 310.291667   5.040 0.000  2.898 0.559000
312.291667 313.291667  11.486 0.000  6.408 0.559000
316.291667 317.291667   6.790 0.000  4.419 0.559000
319.291667 320.291667   2.301 0.000 99.999 0.559259
323.291667 324.291667 999.999 0.999 99.999 0.999000
326.291667 327.291667 999.999 0.999 99.999 0.999000
330.291667 331.291667 999.999 0.999 99.999 0.999000
333.291667 334.291667 999.999 0.999 99.999 0.999000
337.291667 338.291667   4.633 0.000  3.043 0.559000
340.291667 341.291667   5.367 0.000  3.075 0.559000
344.291667 345.291667   4.392 0.000  3.631 0.559000
347.291667 348.291667   8.721 0.000  6.146 0.559000
351.291667 352.291667   5.444 0.000  3.814 0.559000
354.291667 355.291667 999.999 0.999  4.455 0.559000
358.291667 359.291667   7.082 0.000  4.272 0.559000
361.291667 362.291667   7.206 0.000  5.372 0.559000
