scripts/IMPROVE-2019_partial/data/US0076R.19890104070000.20191216000000.filterpack...1y.3d.US03L_filterpack_US0076.US03L_IMPROVE_Davis.lev2.nas
51 1001
MISSING INFORMATION
US03L, IMPROVE, , , , , , , 
MISSING INFORMATION
IMPROVE sel_HTAP
1 1
1989 01 01 2019 12 16
0
days from file reference point
4
1 1 1 1
999.999999 999.999 999.999 9.999
end_time of measurement, days from the file reference point
pm10_mass, ug/m3, Matrix=pm10
pm25_mass, ug/m3, Matrix=pm25
numflag, no unit
0
33
Data definition:              EBAS_1.1
Set type code:                TI
Timezone:                     UTC
File name:                    US0076R.19890104070000.20191216000000.filterpack...1y.3d.US03L_filterpack_US0076.US03L_IMPROVE_Davis.lev2.nas
File creation:                20191218120033
Startdate:                    19890104070000
Revision date:                20191216000000
Version:                      2
Version description:          "Data extracted from http://views.cira.colostate.edu/fed/DataWizard 2019-12-16"
Statistics:                   arithmetic mean
Data level:                   2
Period code:                  1y
Resolution code:              3d
Sample duration:              1d
Orig. time res.:              3d
Station code:                 US0076R
Platform code:                US0076S
Station name:                 Arches NP
Station latitude:             38.7833
Station longitude:            -109.5833
Station altitude:             1722.0 m
Regime:                       IMG
Component:                    
Unit:                         ug/m3
Matrix:                       
Laboratory code:              US03L
Instrument type:              filterpack
Instrument name:              filterpack_US0076
Method ref:                   US03L_IMPROVE_Davis
Blank correction:             Blank corrected
Volume std. temperature:      ambient
Volume std. pressure:         ambient
starttime endtime PM10 PM2.5 flag
  3.291667   4.291667 999.999 999.999 0.999
  6.291667   7.291667   1.333   1.037 0.000
 10.291667  11.291667 999.999   2.241 0.000
 13.291667  14.291667  10.122   8.622 0.000
 17.291667  18.291667  20.814   9.531 0.000
 20.291667  21.291667 999.999 999.999 0.999
 24.291667  25.291667   5.863   5.219 0.000
 27.291667  28.291667 999.999 999.999 0.999
 31.291667  32.291667  25.731 999.999 0.000
 34.291667  35.291667   3.794   2.572 0.000
 38.291667  39.291667   8.441   7.125 0.000
 41.291667  42.291667  13.451  10.946 0.000
 45.291667  46.291667 999.999 999.999 0.999
 48.291667  49.291667  14.000   8.694 0.000
 52.291667  53.291667   6.466   3.091 0.000
 55.291667  56.291667   6.880   4.259 0.000
 59.291667  60.291667   4.219   2.862 0.000
 62.291667  63.291667   6.950   3.386 0.000
 66.291667  67.291667   7.883   3.385 0.000
 69.291667  70.291667   6.992   4.050 0.000
 73.291667  74.291667  14.205   1.242 0.000
 76.291667  77.291667  13.704   4.689 0.000
 80.291667  81.291667  10.709   2.654 0.000
 83.291667  84.291667  10.926   3.333 0.000
 87.291667  88.291667   8.397   3.357 0.000
 90.291667  91.291667   3.451   1.713 0.000
 94.291667  95.291667   3.750   3.242 0.000
 97.291667  98.291667   4.261   1.969 0.000
101.291667 102.291667  10.667   5.897 0.000
104.291667 105.291667  10.609   6.062 0.000
108.291667 109.291667   9.955   3.538 0.000
111.291667 112.291667  11.703   6.335 0.000
115.291667 116.291667  11.321   4.056 0.000
118.291667 119.291667   3.893   2.462 0.000
122.291667 123.291667   8.077   4.303 0.000
125.291667 126.291667   8.081   5.062 0.000
129.291667 130.291667  16.691   7.532 0.000
132.291667 133.291667   5.438   2.803 0.000
136.291667 137.291667   5.926   3.576 0.000
139.291667 140.291667   7.542   3.514 0.000
143.291667 144.291667  18.421 999.999 0.000
146.291667 147.291667   8.211   3.769 0.000
150.291667 151.291667   3.755   2.315 0.000
153.291667 154.291667  11.577   3.885 0.000
157.291667 158.291667 999.999 999.999 0.999
160.291667 161.291667   9.184   4.386 0.000
164.291667 165.291667   6.310   5.390 0.000
167.291667 168.291667  13.268   2.550 0.000
171.291667 172.291667   8.949   1.809 0.000
174.291667 175.291667 999.999   3.597 0.000
178.291667 179.291667  19.355   8.498 0.000
181.291667 182.291667   4.906   2.885 0.000
185.291667 186.291667  12.873  12.630 0.000
188.291667 189.291667  23.178   9.966 0.000
192.291667 193.291667  11.510   6.600 0.000
195.291667 196.291667  11.061   4.419 0.000
199.291667 200.291667   8.952   7.508 0.000
202.291667 203.291667  12.702   5.017 0.000
206.291667 207.291667   6.992   3.503 0.000
209.291667 210.291667   5.462   4.122 0.000
213.291667 214.291667   7.815   4.181 0.000
216.291667 217.291667  12.510   5.210 0.000
220.291667 221.291667   8.866   4.167 0.000
223.291667 224.291667   7.733   3.333 0.000
227.291667 228.291667   5.923   2.267 0.000
230.291667 231.291667   7.585   3.010 0.000
234.291667 235.291667   5.750   3.932 0.000
237.291667 238.291667   7.479   3.289 0.000
241.291667 242.291667   8.571   3.422 0.000
244.291667 245.291667   6.797   2.319 0.000
248.291667 249.291667   8.320   3.155 0.000
251.291667 252.291667   6.813   3.832 0.000
255.291667 256.291667   5.309   3.415 0.000
258.291667 259.291667   6.748   2.939 0.000
262.291667 263.291667   5.328   2.252 0.000
265.291667 266.291667   9.070   4.924 0.000
269.291667 270.291667  11.767   7.386 0.000
272.291667 273.291667  11.367   4.164 0.000
276.291667 277.291667   5.785   3.201 0.000
279.291667 280.291667   4.943   2.378 0.000
283.291667 284.291667   5.587   2.430 0.000
286.291667 287.291667   9.424   4.299 0.000
290.291667 291.291667   6.609   4.290 0.000
293.291667 294.291667  11.833   4.573 0.000
297.291667 298.291667  11.422   2.250 0.000
300.291667 301.291667   9.039   2.264 0.000
304.291667 305.291667   6.726   3.659 0.000
307.291667 308.291667   8.435   3.651 0.000
311.291667 312.291667 999.999 999.999 0.999
314.291667 315.291667   8.312   3.041 0.000
318.291667 319.291667   5.546   1.987 0.000
321.291667 322.291667   9.469   3.817 0.000
325.291667 326.291667   6.077   3.280 0.000
328.291667 329.291667  10.343   3.786 0.000
332.291667 333.291667  11.818   2.698 0.000
335.291667 336.291667  13.364   4.824 0.000
339.291667 340.291667   6.376   3.492 0.000
342.291667 343.291667  11.716   5.048 0.000
346.291667 347.291667   7.570   3.822 0.000
349.291667 350.291667   6.825   3.599 0.000
353.291667 354.291667   7.463   3.790 0.000
356.291667 357.291667   6.238   3.019 0.000
360.291667 361.291667   9.073   4.007 0.000
363.291667 364.291667  10.191   3.520 0.000
