scripts/IMPROVE-2019_partial/data/US0031R.20010101100000.20191216000000.filterpack..pm25.52w.1w.US03L_filterpack_US0031.US03L_IMPROVE_Davis.lev2.nas
66 1001
MISSING INFORMATION
US03L, IMPROVE, , , , , , , 
MISSING INFORMATION
IMPROVE sel_HTAP
1 1
2001 01 01 2019 12 16
3.000000
days from file reference point
27
1 1 1 1 1 1 1 1 1 1 1 1 1 1 1 1 1 1 1 1 1 1 1 1 1 1 1
999.999999 9999.99 9.999 99.99 9.999999 9.999 9.999999 99.99 9.999999 9.999 9.999999 9.999 9.999 99.999 9.999 99.99 9.999999 999.999 9.999 99.999 9.999 999.999 9.999 9.999 9.999 99.999 9.999
end_time of measurement, days from the file reference point
iron, ng/m3, Revision date=20181210133000
numflag iron, no unit, Revision date=20181210133000
lead, ng/m3, Revision date=20181210133000
numflag lead, no unit, Revision date=20181210133000
magnesium, ug/m3, Revision date=20181210133000
numflag magnesium, no unit, Revision date=20181210133000
nickel, ng/m3, Revision date=20181210133000
numflag nickel, no unit, Revision date=20181210133000
nitrate, ug N/m3, Revision date=20181210133000
numflag nitrate, no unit, Revision date=20181210133000
organic_carbon, ug C/m3, Revision date=20181210133000
numflag organic_carbon, no unit, Revision date=20181210133000
organic_mass, ug/m3, Revision date=20181210133000
numflag organic_mass, no unit, Revision date=20181210133000
phosphorus, ng/m3, Revision date=20181210133000
numflag phosphorus, no unit, Revision date=20181210133000
pm10_mass, ug/m3, Version=2, Version description=Data extracted from http://views.cira.colostate.edu/fed/DataWizard 2019-12-16, Sample duration=1d, Orig. time res.=3d, Matrix=pm10, Blank correction=Blank corrected, Volume std. temperature=ambient, Volume std. pressure=ambient
numflag pm10_mass, no unit, Version=2, Version description=Data extracted from http://views.cira.colostate.edu/fed/DataWizard 2019-12-16, Sample duration=1d, Orig. time res.=3d, Matrix=pm10, Blank correction=Blank corrected, Volume std. temperature=ambient, Volume std. pressure=ambient
pm10_pm25_mass, ug/m3, Revision date=20181210133000, Matrix=pm10_pm25
numflag pm10_pm25_mass, no unit, Revision date=20181210133000, Matrix=pm10_pm25
pm25_mass, ug/m3, Version=2, Version description=Data extracted from http://views.cira.colostate.edu/fed/DataWizard 2019-12-16, Sample duration=1d, Orig. time res.=3d, Blank correction=Blank corrected, Volume std. temperature=ambient, Volume std. pressure=ambient
numflag pm25_mass, no unit, Version=2, Version description=Data extracted from http://views.cira.colostate.edu/fed/DataWizard 2019-12-16, Sample duration=1d, Orig. time res.=3d, Blank correction=Blank corrected, Volume std. temperature=ambient, Volume std. pressure=ambient
potassium, ug/m3, Revision date=20181210133000
numflag potassium, no unit, Revision date=20181210133000
sulphate_total, ug S/m3, Revision date=20181210133000
numflag sulphate_total, no unit, Revision date=20181210133000
0
25
Data definition:              EBAS_1.1
Set type code:                TU
Timezone:                     UTC
File name:                    US0031R.20010101100000.20191216000000.filterpack..pm25.52w.1w.US03L_filterpack_US0031.US03L_IMPROVE_Davis.lev2.nas
File creation:                20191218115728
Startdate:                    20010101100000
Revision date:                20191216000000
Statistics:                   arithmetic mean
Data level:                   2
Period code:                  52w
Resolution code:              1w
Station code:                 US0031R
Platform code:                US0031S
Station name:                 Hawaii Volcanoes NP
Station latitude:             19.4309
Station longitude:            -155.2579
Station altitude:             1258.0 m
Regime:                       IMG
Component:                    
Matrix:                       pm25
Laboratory code:              US03L
Instrument type:              filterpack
Instrument name:              filterpack_US0031
Method ref:                   US03L_IMPROVE_Davis
starttime endtime Fe flag_Fe Pb flag_Pb Mg++ flag_Mg++ Ni flag_Ni NO3- flag_NO3- OC flag_OC OM flag_OM P flag_P PM10 flag_PM10 PM10-PM2.5 flag_PM10-PM2.5 PM2.5 flag_PM2.5 K+ flag_K+ SO4-- flag_SO4--
[from data line 80]
240.416667 241.416667    3.53 0.000  0.18 0.000000 9.999 0.259000 99.99 0.259000 0.027 0.559000 0.408 0.000  0.571 0.000 99.99 0.259000   2.539 0.000  0.810 0.000   1.728 0.000 0.013 0.000  0.154 0.559
243.416667 244.416667    1.42 0.000 99.99 0.259000 9.999 0.259000 99.99 0.259000 0.004 0.559000 0.332 0.000  0.464 0.000 99.99 0.259000   1.419 0.000  0.604 0.000   0.815 0.000 0.009 0.000  0.052 0.559
246.416667 247.416667 9999.99 0.999 99.99 0.999000 9.999 0.999000 99.99 0.999000 9.999 0.999000 9.999 0.999 99.999 0.999 99.99 0.999000 999.999 0.999 99.999 0.999 999.999 0.999 9.999 0.999 99.999 0.999
249.416667 250.416667    3.83 0.000  0.15 0.000000 9.999 0.259000  0.25 0.000000 0.037 0.559000 0.441 0.000  0.617 0.000 99.99 0.259000   4.279 0.000  1.760 0.000   2.519 0.000 0.013 0.000  0.300 0.559
252.416667 253.416667    4.46 0.000 99.99 0.259000 9.999 0.259000  0.33 0.000000 0.060 0.559000 0.709 0.000  0.992 0.000 99.99 0.259000   6.006 0.000  2.292 0.000   3.715 0.000 0.022 0.000  0.477 0.559
255.416667 256.416667    3.72 0.000  0.19 0.000000 9.999 0.259000  0.15 0.000000 0.020 0.559000 0.518 0.000  0.725 0.000 99.99 0.259000   2.515 0.000  1.244 0.000   1.271 0.000 0.006 0.000  0.120 0.559
258.416667 259.416667    1.07 0.000 99.99 0.259000 9.999 0.259000  0.11 0.000000 0.022 0.559000 0.419 0.000  0.587 0.000 99.99 0.259000   3.041 0.000  1.118 0.000   1.922 0.000 0.012 0.000  0.210 0.559
261.416667 262.416667    1.09 0.559  0.16 0.559000 9.999 0.559259 99.99 0.559259 0.014 0.559000 0.326 0.000  0.457 0.000  5.47 0.559000   1.632 0.000  0.649 0.000   0.983 0.559 0.009 0.559  0.142 0.559
264.416667 265.416667    4.07 0.000  0.24 0.000000 9.999 0.259000  0.13 0.000000 0.016 0.559000 0.313 0.000  0.438 0.000 99.99 0.259000   2.049 0.000  1.003 0.000   1.046 0.000 0.010 0.000  0.105 0.559
267.416667 268.416667    3.43 0.000  0.13 0.000000 9.999 0.259000  0.07 0.000000 0.014 0.559000 0.320 0.000  0.448 0.000 99.99 0.259000   1.983 0.000  0.990 0.000   0.994 0.000 0.008 0.000  0.100 0.559
270.416667 271.416667    2.01 0.000 99.99 0.259000 9.999 0.259000 99.99 0.259000 0.020 0.559000 0.291 0.000  0.407 0.000 99.99 0.259000   3.415 0.000  1.882 0.000   1.533 0.000 0.013 0.000  0.155 0.559
273.416667 274.416667    5.19 0.000  0.30 0.000000 9.999 0.259000  0.28 0.000000 0.020 0.559000 0.650 0.000  0.910 0.000 99.99 0.259000   3.415 0.000  0.791 0.000   2.624 0.000 0.012 0.000  0.464 0.559
276.416667 277.416667    1.33 0.000  0.14 0.000000 0.023 0.000000 99.99 0.259000 0.007 0.559000 0.544 0.000  0.762 0.000 99.99 0.259000   2.505 0.000  0.976 0.000   1.529 0.000 0.007 0.000  0.296 0.559
279.416667 280.416667    4.05 0.000  0.29 0.000000 9.999 0.259000 99.99 0.259000 0.016 0.559000 0.367 0.000  0.514 0.000 99.99 0.259000   2.239 0.000  0.931 0.000   1.308 0.000 0.013 0.000  0.156 0.559
282.416667 283.416667    4.97 0.000 99.99 0.259000 9.999 0.259000 99.99 0.259000 0.012 0.559000 0.286 0.000  0.400 0.000 99.99 0.259000   1.366 0.000  0.622 0.000   0.744 0.000 0.011 0.000  0.066 0.559
285.416667 286.416667    1.54 0.000  0.13 0.000000 0.011 0.000000 99.99 0.259000 0.010 0.559000 0.322 0.000  0.450 0.000 99.99 0.259000   1.556 0.000  0.532 0.000   1.024 0.000 0.009 0.000  0.068 0.559
288.416667 289.416667    0.96 0.000 99.99 0.259000 9.999 0.259000 99.99 0.259000 0.007 0.559000 0.286 0.000  0.401 0.000  7.64 0.000000   1.113 0.000  0.411 0.000   0.702 0.000 0.006 0.000  0.078 0.559
291.416667 292.416667    8.69 0.000  0.14 0.000000 9.999 0.259000 99.99 0.259000 0.026 0.559000 0.258 0.000  0.361 0.000 99.99 0.259000   3.415 0.000  1.377 0.000   2.039 0.000 0.015 0.000  0.152 0.559
294.416667 295.416667    4.44 0.000 99.99 0.259000 9.999 0.259000 99.99 0.259000 0.017 0.559000 0.294 0.000  0.412 0.000 99.99 0.259000   2.302 0.000  1.108 0.000   1.194 0.000 0.013 0.000  0.084 0.559
297.416667 298.416667    1.65 0.000  0.20 0.000000 9.999 0.259000 99.99 0.259000 0.028 0.559000 0.485 0.000  0.678 0.000 99.99 0.259000   3.112 0.000  1.096 0.000   2.016 0.000 0.013 0.000  0.217 0.559
300.416667 301.416667    1.07 0.000  0.16 0.000000 9.999 0.259000 99.99 0.259000 0.008 0.559000 0.206 0.000  0.288 0.000 99.99 0.259000   0.949 0.000  0.538 0.000   0.410 0.000 0.006 0.000  0.032 0.559
303.416667 304.416667    1.13 0.000  0.25 0.000000 9.999 0.259000 99.99 0.259000 9.999 0.559259 0.293 0.000  0.410 0.000 99.99 0.259000   1.062 0.000  0.600 0.000   0.463 0.000 0.006 0.000  0.033 0.559
306.416667 307.416667    0.92 0.000 99.99 0.259000 9.999 0.259000 99.99 0.259000 0.007 0.559000 0.315 0.000  0.441 0.000 99.99 0.259000   1.366 0.000  0.525 0.000   0.841 0.000 0.008 0.000  0.086 0.559
309.416667 310.416667    2.15 0.000  0.30 0.000000 9.999 0.259000 99.99 0.259000 0.011 0.559000 0.296 0.000  0.415 0.000 99.99 0.259000   2.250 0.000  1.070 0.000   1.180 0.000 0.013 0.000  0.102 0.559
312.416667 313.416667    0.39 0.000  0.11 0.000000 9.999 0.259000 99.99 0.259000 9.999 0.559259 0.344 0.000  0.482 0.000 99.99 0.259000   0.417 0.000  0.136 0.000   0.281 0.000 0.005 0.000  0.023 0.559
315.416667 316.416667    9.12 0.000  0.53 0.000000 9.999 0.259000  0.12 0.000000 0.026 0.559000 0.269 0.000  0.376 0.000 99.99 0.259000   3.681 0.000  1.983 0.000   1.698 0.000 0.017 0.000  0.152 0.559
318.416667 319.416667    1.23 0.000  0.39 0.000000 9.999 0.259000 99.99 0.259000 0.005 0.559000 0.616 0.000  0.862 0.000 99.99 0.259000   4.857 0.000  0.313 0.000   4.544 0.000 0.008 0.000  0.812 0.559
321.416667 322.416667    8.99 0.559  2.53 0.559000 9.999 0.559259  0.14 0.559000 0.014 0.559000 0.745 0.000  1.043 0.000 99.99 0.559259  21.787 0.000  5.094 0.000  16.693 0.559 0.027 0.559  3.863 0.559
324.416667 325.416667    4.52 0.000  0.23 0.000000 9.999 0.259000 99.99 0.259000 0.023 0.559000 0.575 0.000  0.805 0.000 99.99 0.259000   3.036 0.000  1.331 0.000   1.704 0.000 0.012 0.000  0.125 0.559
327.416667 328.416667    4.01 0.559  1.30 0.559000 9.999 0.559259 99.99 0.559259 0.016 0.559000 0.751 0.000  1.052 0.000 99.99 0.559259  11.954 0.000 99.999 0.259  12.127 0.559 0.029 0.559  2.268 0.559
330.416667 331.416667    0.39 0.000 99.99 0.259000 9.999 0.259000 99.99 0.259000 9.999 0.559259 0.487 0.000  0.681 0.000 99.99 0.259000   0.192 0.000 99.999 0.259   0.426 0.000 0.008 0.000  0.005 0.559
333.416667 334.416667   25.65 0.000  0.26 0.000000 9.999 0.259000 99.99 0.259000 0.013 0.559000 0.350 0.000  0.490 0.000 99.99 0.259000   3.074 0.000  1.410 0.000   1.664 0.000 0.013 0.000  0.116 0.559
336.416667 337.416667    0.38 0.000  0.18 0.000000 9.999 0.259000 99.99 0.259000 0.011 0.559000 0.380 0.000  0.532 0.000 99.99 0.259000   1.176 0.000  0.246 0.000   0.930 0.000 0.005 0.000  0.043 0.559
339.416667 340.416667    6.73 0.000  0.58 0.000000 9.999 0.259000 99.99 0.259000 0.040 0.559000 0.436 0.000  0.611 0.000 99.99 0.259000   5.465 0.000  2.392 0.000   3.072 0.000 0.022 0.000  0.164 0.559
342.416667 343.416667    0.72 0.000  0.25 0.000000 9.999 0.259000 99.99 0.259000 0.014 0.559000 0.319 0.000  0.446 0.000 99.99 0.259000   2.163 0.000  0.641 0.000   1.522 0.000 0.008 0.000  0.091 0.559
345.416667 346.416667    1.18 0.000 99.99 0.259000 9.999 0.259000 99.99 0.259000 0.012 0.559000 0.284 0.000  0.398 0.000 99.99 0.259000   2.011 0.000  0.916 0.000   1.095 0.000 0.011 0.000  0.055 0.559
348.416667 349.416667    1.18 0.000  0.14 0.000000 0.060 0.000000 99.99 0.259000 0.004 0.559000 0.376 0.000  0.527 0.000 99.99 0.259000   0.687 0.000  0.563 0.000   0.124 0.000 0.005 0.000  0.031 0.559
351.416667 352.416667    0.31 0.000  0.06 0.000000 9.999 0.259000 99.99 0.259000 0.009 0.559000 0.339 0.000  0.474 0.000 99.99 0.259000   0.997 0.000  0.373 0.000   0.624 0.000 0.004 0.000  0.051 0.559
354.416667 355.416667    1.33 0.000 99.99 0.259000 9.999 0.259000 99.99 0.259000 0.008 0.559000 0.394 0.000  0.552 0.000 99.99 0.259000   3.112 0.000  1.603 0.000   1.508 0.000 0.011 0.000  0.089 0.559
357.416667 358.416667    1.61 0.000  0.34 0.000000 9.999 0.259000 99.99 0.259000 0.030 0.559000 0.773 0.000  1.083 0.000 99.99 0.259000   4.136 0.000  1.422 0.000   2.715 0.000 0.010 0.000  0.470 0.559
360.416667 361.416667    4.67 0.559  0.87 0.559000 0.077 0.559000  0.15 0.559000 0.029 0.559000 0.808 0.000  1.131 0.000 99.99 0.559259   9.904 0.000  0.110 0.000   9.794 0.559 0.012 0.559  1.923 0.559
363.416667 364.416667    4.93 0.559  0.45 0.559000 9.999 0.559259 99.99 0.559259 0.013 0.559000 0.824 0.000  1.153 0.000 99.99 0.559259   9.348 0.000 99.999 0.259   9.775 0.559 0.011 0.559  1.809 0.559
