scripts/IMPROVE-2019_partial/data/US0027R.20090101070000.20191216000000.filterpack...52w.3d.US03L_filterpack_US0027.US03L_IMPROVE_Davis.lev2.nas
52 1001
MISSING INFORMATION
US03L, IMPROVE, , , , , , , 
MISSING INFORMATION
IMPROVE sel_HTAP
1 1
2009 01 01 2019 12 16
3.000000
days from file reference point
5
1 1 1 1 1
999.999999 999.999 9.999 99.999 9.999
end_time of measurement, days from the file reference point
pm10_mass, ug/m3, Matrix=pm10
numflag pm10_mass, no unit, Matrix=pm10
pm25_mass, ug/m3, Matrix=pm25
numflag pm25_mass, no unit, Matrix=pm25
0
33
Data definition:              EBAS_1.1
Set type code:                TU
Timezone:                     UTC
File name:                    US0027R.20090101070000.20191216000000.filterpack...52w.3d.US03L_filterpack_US0027.US03L_IMPROVE_Davis.lev2.nas
File creation:                20191218115717
Startdate:                    20090101070000
Revision date:                20191216000000
Version:                      2
Version description:          "Data extracted from http://views.cira.colostate.edu/fed/DataWizard 2019-12-16"
Statistics:                   arithmetic mean
Data level:                   2
Period code:                  52w
Resolution code:              3d
Sample duration:              1d
Orig. time res.:              3d
Station code:                 US0027R
Platform code:                US0027S
Station name:                 Great Sand Dunes NM
Station latitude:             37.7249
Station longitude:            -105.5185
Station altitude:             2498.0 m
Regime:                       IMG
Component:                    
Unit:                         ug/m3
Matrix:                       
Laboratory code:              US03L
Instrument type:              filterpack
Instrument name:              filterpack_US0027
Method ref:                   US03L_IMPROVE_Davis
Blank correction:             Blank corrected
Volume std. temperature:      ambient
Volume std. pressure:         ambient
starttime endtime PM10 flag_PM10 PM2.5 flag_PM2.5
  0.291667   1.291667   4.491 0.000  1.732 0.000
  3.291667   4.291667   3.659 0.000  1.286 0.000
  6.291667   7.291667   2.077 0.000  1.156 0.000
  9.291667  10.291667   1.280 0.000  0.837 0.000
 12.291667  13.291667   1.061 0.000  0.772 0.000
 15.291667  16.291667   3.784 0.000  3.197 0.000
 18.291667  19.291667   3.479 0.000  3.316 0.000
 21.291667  22.291667   3.841 0.000  2.502 0.000
 24.291667  25.291667   3.762 0.000  1.737 0.000
 27.291667  28.291667   7.769 0.000  3.572 0.000
 30.291667  31.291667   2.684 0.000  1.897 0.000
 33.291667  34.291667   1.356 0.000  0.868 0.000
 36.291667  37.291667   8.036 0.000  2.407 0.000
 39.291667  40.291667 999.999 0.999 99.999 0.999
 42.291667  43.291667 999.999 0.999 99.999 0.999
 45.291667  46.291667   3.852 0.000  2.629 0.000
 48.291667  49.291667 999.999 0.999 99.999 0.999
 51.291667  52.291667   5.746 0.000  2.362 0.000
 54.291667  55.291667   2.643 0.000  1.229 0.000
 57.291667  58.291667  15.880 0.000  8.035 0.000
 60.291667  61.291667   3.795 0.000  2.500 0.000
 63.291667  64.291667  36.248 0.000  7.568 0.000
 66.291667  67.291667   2.303 0.000  1.499 0.000
 69.291667  70.291667   4.876 0.000  1.890 0.000
 72.291667  73.291667   4.761 0.000  2.795 0.000
 75.291667  76.291667   6.675 0.000  3.020 0.000
 78.291667  79.291667  10.459 0.000  4.619 0.000
 81.291667  82.291667  31.366 0.000  6.941 0.000
 84.291667  85.291667  14.762 0.000  4.903 0.000
 87.291667  88.291667 999.999 0.999 99.999 0.999
 90.291667  91.291667 999.999 0.999 99.999 0.999
 93.291667  94.291667 999.999 0.999 99.999 0.999
 96.291667  97.291667 999.999 0.999 99.999 0.999
 99.291667 100.291667 999.999 0.999 99.999 0.999
102.291667 103.291667 999.999 0.999 99.999 0.999
105.291667 106.291667  16.729 0.000  5.378 0.000
108.291667 109.291667   1.984 0.000  1.541 0.000
111.291667 112.291667   6.899 0.000  4.534 0.000
114.291667 115.291667  15.970 0.000  5.680 0.000
117.291667 118.291667  10.014 0.000  4.241 0.000
120.291667 121.291667   8.902 0.000  4.701 0.000
123.291667 124.291667   7.145 0.000 99.999 0.999
126.291667 127.291667   6.011 0.000 99.999 0.999
129.291667 130.291667   7.818 0.000 99.999 0.999
132.291667 133.291667  19.274 0.000  8.020 0.000
135.291667 136.291667   9.607 0.000  3.609 0.000
138.291667 139.291667   7.783 0.000  3.168 0.000
141.291667 142.291667   5.591 0.000  3.346 0.000
144.291667 145.291667   3.714 0.000  2.035 0.000
147.291667 148.291667   3.956 0.000  2.865 0.000
150.291667 151.291667   2.582 0.000  1.584 0.000
153.291667 154.291667   3.071 0.000  1.775 0.000
156.291667 157.291667 999.999 0.999 99.999 0.999
159.291667 160.291667 999.999 0.999 99.999 0.999
162.291667 163.291667   5.632 0.000  2.804 0.000
165.291667 166.291667   6.037 0.000  3.452 0.000
168.291667 169.291667   7.860 0.000  3.465 0.000
171.291667 172.291667   5.402 0.000  3.158 0.000
174.291667 175.291667   4.754 0.000  2.745 0.000
177.291667 178.291667   2.643 0.000  1.560 0.000
180.291667 181.291667   4.975 0.000  2.079 0.000
183.291667 184.291667   4.579 0.000  1.934 0.000
186.291667 187.291667   5.810 0.000  2.922 0.000
189.291667 190.291667   6.185 0.000  2.192 0.000
192.291667 193.291667   9.134 0.000  4.865 0.000
195.291667 196.291667   8.565 0.000  4.198 0.000
198.291667 199.291667  11.572 0.000  4.788 0.000
201.291667 202.291667   6.958 0.000  3.584 0.000
204.291667 205.291667   5.848 0.000  3.072 0.000
207.291667 208.291667   4.225 0.000  2.239 0.000
210.291667 211.291667 999.999 0.999 99.999 0.999
213.291667 214.291667 999.999 0.999 99.999 0.999
216.291667 217.291667   8.173 0.000  5.330 0.000
219.291667 220.291667  10.036 0.000  5.288 0.000
222.291667 223.291667   8.747 0.000  5.455 0.000
225.291667 226.291667   3.629 0.000  2.757 0.000
228.291667 229.291667   6.371 0.000  4.298 0.000
231.291667 232.291667   6.280 0.000  3.039 0.000
234.291667 235.291667   5.043 0.000  2.518 0.000
237.291667 238.291667   2.757 0.000  1.752 0.000
240.291667 241.291667   5.715 0.000  3.489 0.000
243.291667 244.291667   9.553 0.000  7.032 0.000
246.291667 247.291667   6.384 0.000  4.350 0.000
249.291667 250.291667   4.043 0.000  2.772 0.000
252.291667 253.291667   3.212 0.000  2.527 0.000
255.291667 256.291667 999.999 0.999 99.999 0.999
258.291667 259.291667 999.999 0.999 99.999 0.999
261.291667 262.291667   5.821 0.000  4.925 0.000
264.291667 265.291667 999.999 0.999 99.999 0.999
267.291667 268.291667 999.999 0.999 99.999 0.999
270.291667 271.291667 999.999 0.999 99.999 0.999
273.291667 274.291667 999.999 0.999 99.999 0.999
276.291667 277.291667 999.999 0.999 99.999 0.999
279.291667 280.291667   4.757 0.000  3.038 0.000
282.291667 283.291667   2.829 0.000  1.618 0.000
285.291667 286.291667   3.048 0.000  1.535 0.000
288.291667 289.291667   2.383 0.000  1.810 0.000
291.291667 292.291667   4.421 0.000  2.467 0.000
294.291667 295.291667   1.992 0.000  1.880 0.000
297.291667 298.291667   1.789 0.000  0.832 0.000
300.291667 301.291667   6.513 0.000  1.868 0.000
303.291667 304.291667   1.205 0.000  0.917 0.000
306.291667 307.291667   2.526 0.000  2.220 0.000
309.291667 310.291667   5.062 0.000  2.973 0.000
312.291667 313.291667   3.424 0.000  2.073 0.000
315.291667 316.291667   6.884 0.000  4.321 0.000
318.291667 319.291667 999.999 0.999 99.999 0.999
321.291667 322.291667   3.330 0.000  2.473 0.000
324.291667 325.291667   3.707 0.000  2.786 0.000
327.291667 328.291667   2.813 0.000  1.543 0.000
330.291667 331.291667   2.124 0.000  1.423 0.000
333.291667 334.291667   3.525 0.000  2.583 0.000
336.291667 337.291667   1.792 0.000  1.312 0.000
339.291667 340.291667   5.729 0.000  2.682 0.000
342.291667 343.291667   3.715 0.000  2.143 0.000
345.291667 346.291667   2.185 0.000  1.250 0.000
348.291667 349.291667   2.205 0.000  2.250 0.000
351.291667 352.291667 999.999 0.456  2.184 0.000
354.291667 355.291667 999.999 0.456  2.049 0.000
357.291667 358.291667 999.999 0.456  1.102 0.000
360.291667 361.291667 999.999 0.456  1.006 0.000
363.291667 364.291667   2.325 0.000  1.811 0.000
