scripts/IMPROVE-2019_partial/data/US0023R.20040101080000.20191216000000.filterpack..pm25.52w.1w.US03L_filterpack_US0023.US03L_IMPROVE_Davis.lev2.nas
66 1001
MISSING INFORMATION
US03L, IMPROVE, , , , , , , 
MISSING INFORMATION
IMPROVE sel_HTAP
1 1
2004 01 01 2019 12 16
3.000000
days from file reference point
27
1 1 1 1 1 1 1 1 1 1 1 1 1 1 1 1 1 1 1 1 1 1 1 1 1 1 1
999.999999 9999.99 9.999 99.99 9.999999 9.999 9.999999 9.99 9.999999 9.999 9.999 999.999 9.999 999.999 9.999 99.99 9.999999 999.999 9.999 999.999 9.999 999.999 9.999 9.999 9.999 9.999 9.999
end_time of measurement, days from the file reference point
iron, ng/m3, Revision date=20181210133000
numflag iron, no unit, Revision date=20181210133000
lead, ng/m3, Revision date=20181210133000
numflag lead, no unit, Revision date=20181210133000
magnesium, ug/m3, Revision date=20181210133000
numflag magnesium, no unit, Revision date=20181210133000
nickel, ng/m3, Revision date=20181210133000
numflag nickel, no unit, Revision date=20181210133000
nitrate, ug N/m3, Revision date=20181210133000
numflag nitrate, no unit, Revision date=20181210133000
organic_carbon, ug C/m3, Revision date=20181210133000
numflag organic_carbon, no unit, Revision date=20181210133000
organic_mass, ug/m3, Revision date=20181210133000
numflag organic_mass, no unit, Revision date=20181210133000
phosphorus, ng/m3, Revision date=20181210133000
numflag phosphorus, no unit, Revision date=20181210133000
pm10_mass, ug/m3, Version=2, Version description=Data extracted from http://views.cira.colostate.edu/fed/DataWizard 2019-12-16, Sample duration=1d, Orig. time res.=3d, Matrix=pm10, Blank correction=Blank corrected, Volume std. temperature=ambient, Volume std. pressure=ambient
numflag pm10_mass, no unit, Version=2, Version description=Data extracted from http://views.cira.colostate.edu/fed/DataWizard 2019-12-16, Sample duration=1d, Orig. time res.=3d, Matrix=pm10, Blank correction=Blank corrected, Volume std. temperature=ambient, Volume std. pressure=ambient
pm10_pm25_mass, ug/m3, Revision date=20181210133000, Matrix=pm10_pm25
numflag pm10_pm25_mass, no unit, Revision date=20181210133000, Matrix=pm10_pm25
pm25_mass, ug/m3, Version=2, Version description=Data extracted from http://views.cira.colostate.edu/fed/DataWizard 2019-12-16, Sample duration=1d, Orig. time res.=3d, Blank correction=Blank corrected, Volume std. temperature=ambient, Volume std. pressure=ambient
numflag pm25_mass, no unit, Version=2, Version description=Data extracted from http://views.cira.colostate.edu/fed/DataWizard 2019-12-16, Sample duration=1d, Orig. time res.=3d, Blank correction=Blank corrected, Volume std. temperature=ambient, Volume std. pressure=ambient
potassium, ug/m3, Revision date=20181210133000
numflag potassium, no unit, Revision date=20181210133000
sulphate_total, ug S/m3, Revision date=20181210133000
numflag sulphate_total, no unit, Revision date=20181210133000
0
25
Data definition:              EBAS_1.1
Set type code:                TU
Timezone:                     UTC
File name:                    US0023R.20040101080000.20191216000000.filterpack..pm25.52w.1w.US03L_filterpack_US0023.US03L_IMPROVE_Davis.lev2.nas
File creation:                20191218115655
Startdate:                    20040101080000
Revision date:                20191216000000
Statistics:                   arithmetic mean
Data level:                   2
Period code:                  52w
Resolution code:              1w
Station code:                 US0023R
Platform code:                US0023S
Station name:                 Hoover
Station latitude:             38.0881
Station longitude:            -119.1771
Station altitude:             2560.0 m
Regime:                       IMG
Component:                    
Matrix:                       pm25
Laboratory code:              US03L
Instrument type:              filterpack
Instrument name:              filterpack_US0023
Method ref:                   US03L_IMPROVE_Davis
starttime endtime Fe flag_Fe Pb flag_Pb Mg++ flag_Mg++ Ni flag_Ni NO3- flag_NO3- OC flag_OC OM flag_OM P flag_P PM10 flag_PM10 PM10-PM2.5 flag_PM10-PM2.5 PM2.5 flag_PM2.5 K+ flag_K+ SO4-- flag_SO4--
  0.333333   1.333333    1.20 0.000  0.10 0.000000 9.999 0.259000 0.11 0.000000 0.005 0.559   0.057 0.000   0.080 0.000 99.99 0.259000  10.541 0.000   9.691 0.000   0.850 0.000 0.001 0.000 0.014 0.559
  3.333333   4.333333    3.40 0.000  0.21 0.000000 9.999 0.259000 0.06 0.000000 0.011 0.000   0.021 0.000   0.030 0.000 99.99 0.259000   8.556 0.000   8.139 0.000   0.417 0.000 0.003 0.000 0.030 0.000
  6.333333   7.333333    4.24 0.000  0.16 0.000000 9.999 0.259000 9.99 0.259000 0.004 0.000   0.012 0.000   0.017 0.000 99.99 0.259000   1.281 0.000   0.818 0.000   0.463 0.000 0.005 0.000 0.029 0.000
  9.333333  10.333333    3.08 0.000  0.16 0.000000 9.999 0.259000 0.09 0.000000 0.003 0.000   0.095 0.000   0.133 0.000 99.99 0.259000   0.661 0.000   0.308 0.000   0.353 0.000 0.004 0.000 0.031 0.000
 12.333333  13.333333   11.70 0.000  0.41 0.000000 9.999 0.259000 9.99 0.259000 0.033 0.559   0.299 0.000   0.419 0.000 99.99 0.259000   2.005 0.000   0.972 0.000   1.033 0.000 0.011 0.000 0.050 0.559
 15.333333  16.333333    7.76 0.000  0.25 0.000000 9.999 0.259000 9.99 0.259000 0.081 0.000   0.461 0.000   0.645 0.000 99.99 0.259000   2.108 0.000   1.031 0.000   1.078 0.000 0.009 0.000 0.055 0.000
 18.333333  19.333333    6.89 0.000  0.33 0.000000 9.999 0.259000 9.99 0.259000 0.051 0.000   0.341 0.000   0.478 0.000 99.99 0.259000   1.455 0.000   0.599 0.000   0.857 0.000 0.008 0.000 0.039 0.000
 21.333333  22.333333    6.72 0.000  0.15 0.000000 9.999 0.259000 0.09 0.000000 0.014 0.000   0.095 0.000   0.134 0.000 99.99 0.259000   1.695 0.000   1.578 0.000   0.117 0.000 0.003 0.000 0.021 0.000
 24.333333  25.333333    2.38 0.000 99.99 0.259000 0.031 0.000000 0.08 0.000000 0.018 0.000   0.142 0.000   0.200 0.000 99.99 0.259000   0.707 0.000   0.382 0.000   0.325 0.000 0.003 0.000 0.024 0.000
 27.333333  28.333333    2.57 0.000  0.14 0.000000 9.999 0.259000 9.99 0.259000 0.005 0.559   0.095 0.000   0.133 0.000 99.99 0.259000   0.534 0.000   0.210 0.000   0.324 0.000 0.003 0.000 0.023 0.559
 30.333333  31.333333    2.11 0.000 99.99 0.259000 9.999 0.259000 0.12 0.000000 0.056 0.000   0.152 0.000   0.213 0.000 99.99 0.259000   0.915 0.000   0.286 0.000   0.629 0.000 0.003 0.000 0.064 0.000
 33.333333  34.333333    1.03 0.000  0.14 0.000000 0.013 0.000000 0.17 0.000000 0.000 0.000   0.045 0.000   0.064 0.000 99.99 0.259000   0.338 0.000   0.217 0.000   0.121 0.000 0.001 0.000 0.006 0.000
 36.333333  37.333333    7.42 0.000  0.31 0.000000 9.999 0.259000 0.05 0.000000 0.008 0.000   0.109 0.000   0.152 0.000 99.99 0.259000   1.455 0.000   0.953 0.000   0.502 0.000 0.007 0.000 0.042 0.000
 39.333333  40.333333    3.36 0.000  0.34 0.000000 9.999 0.259000 9.99 0.259000 0.130 0.000   0.217 0.000   0.303 0.000 99.99 0.259000   1.557 0.000   0.498 0.000   1.059 0.000 0.007 0.000 0.083 0.000
 42.333333  43.333333    5.06 0.000  0.31 0.000000 9.999 0.259000 9.99 0.259000 0.075 0.000   0.089 0.000   0.125 0.000 99.99 0.259000   1.580 0.000   0.895 0.000   0.685 0.000 0.006 0.000 0.054 0.000
 45.333333  46.333333    7.18 0.000  0.38 0.000000 9.999 0.259000 9.99 0.259000 0.007 0.000   0.073 0.000   0.102 0.000 99.99 0.259000   1.199 0.000   0.709 0.000   0.489 0.000 0.006 0.000 0.041 0.000
 48.333333  49.333333    4.27 0.000  0.18 0.000000 9.999 0.259000 9.99 0.259000 0.012 0.000   0.077 0.000   0.108 0.000 99.99 0.259000   0.669 0.000   0.373 0.000   0.297 0.000 0.005 0.000 0.018 0.000
 51.333333  52.333333    0.56 0.000  0.17 0.000000 0.017 0.000000 0.08 0.000000 0.028 0.000   0.093 0.000   0.130 0.000 99.99 0.259000   0.164 0.000 999.999 0.259   0.231 0.000 0.001 0.000 0.017 0.000
 54.333333  55.333333   44.83 0.000  6.72 0.000000 9.999 0.259000 0.04 0.000000 0.020 0.559   0.296 0.000   0.415 0.000 99.99 0.259000   4.651 0.000   0.355 0.000   4.295 0.000 0.060 0.000 0.504 0.559
 57.333333  58.333333    2.67 0.000  0.32 0.000000 9.999 0.259000 9.99 0.259000 0.013 0.000   0.029 0.000   0.040 0.000 99.99 0.259000   1.663 0.000   1.077 0.000   0.586 0.000 0.004 0.000 0.037 0.000
 60.333333  61.333333    6.29 0.000  0.35 0.000000 9.999 0.259000 9.99 0.259000 0.019 0.000   0.200 0.000   0.280 0.000 99.99 0.259000   0.827 0.000   0.126 0.000   0.701 0.000 0.007 0.000 0.049 0.000
 63.333333  64.333333   24.60 0.559  0.57 0.559000 9.999 0.559259 9.99 0.559259 0.059 0.000   0.146 0.000   0.205 0.000 99.99 0.559259   2.079 0.000   0.926 0.000   1.153 0.559 0.015 0.559 0.064 0.000
 66.333333  67.333333   89.13 0.559  1.20 0.559000 9.999 0.559259 9.99 0.559259 0.049 0.559   0.230 0.000   0.321 0.000 99.99 0.559259   6.526 0.000   3.223 0.000   3.303 0.559 0.055 0.559 0.153 0.559
 69.333333  70.333333   65.63 0.000  0.40 0.000000 9.999 0.259000 9.99 0.259000 0.029 0.000   0.290 0.000   0.406 0.000 99.99 0.259000  36.458 0.000  31.350 0.000   5.108 0.000 0.052 0.000 0.580 0.000
 72.333333  73.333333   19.23 0.559  0.49 0.559000 0.055 0.559000 9.99 0.559259 0.014 0.000   0.219 0.000   0.306 0.000 99.99 0.559259   1.830 0.000   0.691 0.000   1.138 0.559 0.017 0.559 0.066 0.000
 75.333333  76.333333   63.37 0.559  1.35 0.559000 9.999 0.559259 9.99 0.559259 0.031 0.000   0.253 0.000   0.354 0.000 99.99 0.559259   6.088 0.000   3.366 0.000   2.721 0.559 0.041 0.559 0.138 0.000
 78.333333  79.333333   25.14 0.559  0.56 0.559000 9.999 0.559259 9.99 0.559259 0.009 0.000   0.114 0.000   0.159 0.000 99.99 0.559259   1.860 0.000   0.174 0.000   1.686 0.559 0.017 0.559 0.085 0.000
 81.333333  82.333333   22.67 0.559  1.02 0.559000 9.999 0.559259 9.99 0.559259 0.026 0.000   0.896 0.000   1.254 0.000 99.99 0.559259   4.242 0.000   1.832 0.000   2.409 0.559 0.019 0.559 0.153 0.000
 84.333333  85.333333   28.40 0.559  0.53 0.559000 9.999 0.559259 9.99 0.559259 0.015 0.000   0.234 0.000   0.328 0.000 99.99 0.559259   4.434 0.000   2.819 0.000   1.616 0.559 0.019 0.559 0.097 0.000
 87.333333  88.333333   47.43 0.559  1.23 0.559000 0.031 0.559000 9.99 0.559259 0.020 0.559   0.156 0.000   0.219 0.000 99.99 0.559259   4.117 0.000   2.197 0.000   1.920 0.559 0.032 0.559 0.129 0.559
 90.333333  91.333333   74.47 0.559  1.33 0.559000 9.999 0.559259 9.99 0.559259 0.070 0.000   0.381 0.000   0.533 0.000 99.99 0.559259   6.814 0.000   3.409 0.000   3.405 0.559 0.049 0.559 0.189 0.000
 93.333333  94.333333   27.91 0.559  0.50 0.559000 9.999 0.559259 0.16 0.559000 0.046 0.000   0.405 0.000   0.566 0.000 99.99 0.559259   5.073 0.000   2.664 0.000   2.409 0.559 0.024 0.559 0.207 0.000
 96.333333  97.333333   65.08 0.559  1.20 0.559000 9.999 0.559259 9.99 0.559259 0.050 0.000   0.427 0.000   0.598 0.000 99.99 0.559259   6.387 0.000   3.179 0.000   3.208 0.559 0.038 0.559 0.182 0.000
 99.333333 100.333333   81.90 0.559  1.61 0.559000 9.999 0.559259 9.99 0.559259 0.031 0.000   0.382 0.000   0.535 0.000 99.99 0.559259   7.069 0.000   3.498 0.000   3.571 0.559 0.050 0.559 0.206 0.000
102.333333 103.333333  148.90 0.559  4.23 0.559000 9.999 0.559259 9.99 0.559259 0.084 0.000   1.323 0.000   1.852 0.000 99.99 0.559259  12.801 0.000   5.462 0.000   7.340 0.559 0.096 0.559 0.501 0.000
105.333333 106.333333   84.27 0.559  5.17 0.559000 0.050 0.559000 9.99 0.559259 0.045 0.000   0.405 0.000   0.567 0.000 99.99 0.559259 999.999 0.999 999.999 0.999   4.816 0.559 0.092 0.559 0.547 0.000
108.333333 109.333333   20.07 0.559  1.08 0.559000 0.049 0.559000 9.99 0.559259 0.019 0.559   0.137 0.000   0.191 0.000 99.99 0.559259   2.578 0.000   0.898 0.000   1.680 0.559 0.019 0.559 0.213 0.559
111.333333 112.333333   87.15 0.559  1.60 0.559000 9.999 0.559259 9.99 0.559259 0.049 0.559   0.278 0.000   0.389 0.000 99.99 0.559259  13.806 0.000  10.236 0.000   3.570 0.559 0.057 0.559 0.272 0.559
114.333333 115.333333   55.29 0.559  1.95 0.559000 0.042 0.559000 9.99 0.559259 0.032 0.559   0.352 0.000   0.492 0.000 99.99 0.559259   5.630 0.000   2.745 0.000   2.884 0.559 0.039 0.559 0.207 0.559
117.333333 118.333333  138.10 0.559  6.51 0.559000 9.999 0.559259 9.99 0.559259 0.056 0.559   0.765 0.000   1.070 0.000 99.99 0.559259  12.216 0.000   5.317 0.000   6.899 0.559 0.100 0.559 0.596 0.559
120.333333 121.333333  196.39 0.559  1.08 0.559000 0.234 0.559000 9.99 0.559259 0.048 0.559   0.363 0.000   0.509 0.000 99.99 0.559259  14.596 0.000   8.267 0.000   6.328 0.559 0.137 0.559 0.201 0.559
123.333333 124.333333  137.75 0.559  1.42 0.559000 0.105 0.559000 0.10 0.559000 0.046 0.559   0.921 0.000   1.289 0.000 99.99 0.559259  11.202 0.000   5.434 0.000   5.768 0.559 0.090 0.559 0.220 0.559
126.333333 127.333333  131.23 0.559  1.10 0.559000 0.096 0.559000 0.11 0.559000 0.092 0.000   0.526 0.000   0.736 0.000 99.99 0.559259   9.477 0.000   4.416 0.000   5.061 0.559 0.082 0.559 0.225 0.000
129.333333 130.333333  108.73 0.559  2.10 0.559000 9.999 0.559259 9.99 0.559259 0.038 0.559   0.355 0.000   0.497 0.000 99.99 0.559259   6.577 0.000   2.909 0.000   3.668 0.559 0.066 0.559 0.216 0.559
132.333333 133.333333   50.99 0.559  1.09 0.559000 9.999 0.559259 9.99 0.559259 0.028 0.000   0.542 0.000   0.759 0.000 99.99 0.559259   5.787 0.000   3.099 0.000   2.688 0.559 0.036 0.559 0.154 0.000
135.333333 136.333333   59.38 0.559  0.99 0.559000 9.999 0.559259 9.99 0.559259 0.039 0.000   0.255 0.000   0.357 0.000 99.99 0.559259   4.602 0.000   2.110 0.000   2.492 0.559 0.038 0.559 0.144 0.000
138.333333 139.333333   69.28 0.559  0.92 0.559000 9.999 0.559259 0.15 0.559000 0.077 0.000   0.425 0.000   0.595 0.000 99.99 0.559259   7.352 0.000   1.579 0.000   5.772 0.559 0.050 0.559 0.234 0.000
141.333333 142.333333   51.10 0.559  1.03 0.559000 9.999 0.559259 0.15 0.559000 0.079 0.000   0.472 0.000   0.661 0.000 99.99 0.559259   6.531 0.000   2.848 0.000   3.683 0.559 0.035 0.559 0.299 0.000
144.333333 145.333333   50.70 0.559  1.43 0.559000 9.999 0.559259 0.07 0.559000 0.035 0.000   0.379 0.000   0.531 0.000 99.99 0.559259   6.944 0.000   3.696 0.000   3.248 0.559 0.037 0.559 0.229 0.000
147.333333 148.333333   38.25 0.559  0.76 0.559000 9.999 0.559259 0.11 0.559000 0.061 0.000   0.694 0.000   0.972 0.000 99.99 0.559259   6.986 0.000   3.949 0.000   3.036 0.559 0.027 0.559 0.225 0.000
150.333333 151.333333   24.97 0.559  0.83 0.559000 9.999 0.559259 0.11 0.559000 0.016 0.559   0.528 0.000   0.740 0.000 99.99 0.559259   3.472 0.000   1.576 0.000   1.897 0.559 0.019 0.559 0.130 0.559
153.333333 154.333333   39.17 0.559  0.71 0.559000 9.999 0.559259 0.14 0.559000 0.027 0.000   0.637 0.000   0.892 0.000 99.99 0.559259   1.961 0.000 999.999 0.259   2.484 0.559 0.026 0.559 0.119 0.000
156.333333 157.333333   27.98 0.559  0.50 0.559000 0.097 0.559000 0.12 0.559000 0.018 0.000   0.249 0.000   0.348 0.000 99.99 0.559259   2.355 0.000   1.118 0.000   1.237 0.559 0.017 0.559 0.081 0.000
159.333333 160.333333   18.54 0.559  0.59 0.559000 9.999 0.559259 9.99 0.559259 0.042 0.000   0.236 0.000   0.331 0.000 99.99 0.559259   3.416 0.000   1.696 0.000   1.721 0.559 0.016 0.559 0.112 0.000
162.333333 163.333333   44.32 0.559  1.46 0.559000 9.999 0.559259 9.99 0.559259 0.064 0.559   0.722 0.000   1.010 0.000 99.99 0.559259   7.067 0.000   3.341 0.000   3.726 0.559 0.040 0.559 0.261 0.559
165.333333 166.333333   60.36 0.559  1.10 0.559000 0.073 0.559000 0.10 0.559000 0.029 0.559   0.761 0.000   1.065 0.000 99.99 0.559259   8.650 0.000   5.291 0.000   3.359 0.559 0.041 0.559 0.156 0.559
168.333333 169.333333   81.62 0.559  0.74 0.559000 0.059 0.559000 0.13 0.559000 0.097 0.559   1.767 0.000   2.473 0.000 99.99 0.559259  14.423 0.000   8.159 0.000   6.264 0.559 0.052 0.559 0.335 0.559
171.333333 172.333333   31.21 0.559  0.90 0.559000 9.999 0.559259 0.22 0.559000 0.035 0.559   0.676 0.000   0.947 0.000 99.99 0.559259   5.760 0.000   2.626 0.000   3.134 0.559 0.023 0.559 0.229 0.559
174.333333 175.333333   64.48 0.559  1.10 0.559000 9.999 0.559259 0.13 0.559000 0.074 0.559   1.481 0.000   2.074 0.000 99.99 0.559259  13.483 0.000   7.272 0.000   6.210 0.559 0.057 0.559 0.455 0.559
177.333333 178.333333   40.13 0.559  0.78 0.559000 9.999 0.559259 9.99 0.559259 0.032 0.559   1.450 0.000   2.030 0.000 99.99 0.559259   9.722 0.000   5.669 0.000   4.053 0.559 0.042 0.559 0.217 0.559
180.333333 181.333333   42.58 0.559  0.55 0.559000 9.999 0.559259 0.11 0.559000 0.045 0.000   1.047 0.000   1.465 0.000 99.99 0.559259   9.924 0.000   6.029 0.000   3.896 0.559 0.052 0.559 0.233 0.000
183.333333 184.333333   67.22 0.559  0.41 0.559000 9.999 0.559259 9.99 0.559259 0.049 0.559   0.622 0.000   0.871 0.000 99.99 0.559259   9.615 0.000   5.691 0.000   3.924 0.559 0.059 0.559 0.209 0.559
186.333333 187.333333   31.16 0.559  0.87 0.559000 9.999 0.559259 0.07 0.559000 0.030 0.559   0.986 0.000   1.380 0.000 99.99 0.559259   8.170 0.000   4.230 0.000   3.940 0.559 0.032 0.559 0.234 0.559
189.333333 190.333333   57.75 0.559  0.89 0.559000 9.999 0.559259 0.08 0.559000 0.067 0.000   1.196 0.000   1.675 0.000 99.99 0.559259  10.396 0.000   5.766 0.000   4.630 0.559 0.082 0.559 0.332 0.000
192.333333 193.333333   24.39 0.559  0.39 0.559000 9.999 0.559259 9.99 0.559259 0.019 0.559   0.380 0.000   0.532 0.000 99.99 0.559259   2.396 0.000   1.069 0.000   1.327 0.559 0.018 0.559 0.110 0.559
195.333333 196.333333   47.32 0.000  0.45 0.000000 9.999 0.259000 0.10 0.000000 0.139 0.000  10.371 0.000  14.519 0.000 99.99 0.259000  26.613 0.000   7.051 0.000  19.563 0.000 0.249 0.000 0.271 0.000
198.333333 199.333333   40.16 0.000  0.49 0.000000 9.999 0.259000 9.99 0.259000 0.060 0.000   3.177 0.000   4.448 0.000 99.99 0.259000  10.580 0.000   2.631 0.000   7.949 0.000 0.083 0.000 0.335 0.000
201.333333 202.333333   27.95 0.000 99.99 0.259000 9.999 0.259000 9.99 0.259000 0.031 0.000   3.472 0.000   4.861 0.000 99.99 0.259000  11.378 0.000   4.331 0.000   7.046 0.000 0.053 0.000 0.159 0.000
204.333333 205.333333   76.09 0.559  0.36 0.559000 9.999 0.559259 9.99 0.559259 0.028 0.000   1.144 0.000   1.601 0.000 99.99 0.559259  13.848 0.000   9.370 0.000   4.479 0.559 0.057 0.559 0.157 0.000
207.333333 208.333333   43.25 0.559  0.69 0.559000 9.999 0.559259 9.99 0.559259 0.027 0.000   2.223 0.000   3.113 0.000 99.99 0.559259  10.889 0.000   5.574 0.000   5.316 0.559 0.034 0.559 0.264 0.000
210.333333 211.333333   89.23 0.559  0.27 0.559000 9.999 0.559259 9.99 0.559259 0.033 0.000   1.274 0.000   1.784 0.000 99.99 0.559259   8.701 0.000   3.967 0.000   4.734 0.559 0.060 0.559 0.188 0.000
213.333333 214.333333   35.22 0.559  0.35 0.559000 9.999 0.559259 9.99 0.559259 0.025 0.000   0.430 0.000   0.601 0.000 99.99 0.559259   6.538 0.000   4.690 0.000   1.848 0.559 0.023 0.559 0.131 0.000
216.333333 217.333333   55.11 0.559  0.45 0.559000 0.045 0.559000 9.99 0.559259 0.045 0.559   0.864 0.000   1.209 0.000 99.99 0.559259   8.366 0.000   5.207 0.000   3.159 0.559 0.042 0.559 0.193 0.559
219.333333 220.333333   32.89 0.559  0.54 0.559000 9.999 0.559259 9.99 0.559259 0.021 0.559   0.650 0.000   0.909 0.000 99.99 0.559259   7.229 0.000   5.241 0.000   1.988 0.559 0.026 0.559 0.114 0.559
222.333333 223.333333   37.36 0.000  0.67 0.000000 9.999 0.259000 9.99 0.259000 0.036 0.000   4.235 0.000   5.929 0.000 99.99 0.259000  12.054 0.000   4.224 0.000   7.830 0.000 0.070 0.000 0.188 0.000
225.333333 226.333333   32.30 0.559  0.48 0.559000 9.999 0.559259 9.99 0.559259 0.024 0.000   1.084 0.000   1.517 0.000 99.99 0.559259   7.394 0.000   3.752 0.000   3.642 0.559 0.029 0.559 0.282 0.000
228.333333 229.333333   20.09 0.559  0.36 0.559000 9.999 0.559259 0.12 0.559000 0.026 0.000   0.713 0.000   0.998 0.000 99.99 0.559259   3.758 0.000   1.340 0.000   2.418 0.559 0.015 0.559 0.181 0.000
231.333333 232.333333   31.17 0.559 99.99 0.559259 9.999 0.559259 9.99 0.559259 0.023 0.000   1.579 0.000   2.210 0.000 99.99 0.559259   8.184 0.000   4.029 0.000   4.155 0.559 0.049 0.559 0.183 0.000
234.333333 235.333333   33.03 0.559  0.61 0.559000 9.999 0.559259 0.19 0.559000 0.066 0.559   0.821 0.000   1.149 0.000 99.99 0.559259   7.854 0.000   3.801 0.000   4.053 0.559 0.025 0.559 0.384 0.559
