scripts/IMPROVE-2019_partial/data/US0095R.19900103070000.20191216000000.filterpack...1y.3d.US03L_filterpack_US0095.US03L_IMPROVE_Davis.lev2.nas
52 1001
MISSING INFORMATION
US03L, IMPROVE, , , , , , , 
MISSING INFORMATION
IMPROVE sel_HTAP
1 1
1990 01 01 2019 12 16
0
days from file reference point
5
1 1 1 1 1
999.999999 999.999 9.999 999.999 9.999999
end_time of measurement, days from the file reference point
pm10_mass, ug/m3, Matrix=pm10
numflag pm10_mass, no unit, Matrix=pm10
pm25_mass, ug/m3, Matrix=pm25
numflag pm25_mass, no unit, Matrix=pm25
0
33
Data definition:              EBAS_1.1
Set type code:                TI
Timezone:                     UTC
File name:                    US0095R.19900103070000.20191216000000.filterpack...1y.3d.US03L_filterpack_US0095.US03L_IMPROVE_Davis.lev2.nas
File creation:                20191218120148
Startdate:                    19900103070000
Revision date:                20191216000000
Version:                      2
Version description:          "Data extracted from http://views.cira.colostate.edu/fed/DataWizard 2019-12-16"
Statistics:                   arithmetic mean
Data level:                   2
Period code:                  1y
Resolution code:              3d
Sample duration:              1d
Orig. time res.:              3d
Station code:                 US0095R
Platform code:                US0095S
Station name:                 Petrified Forest NP
Station latitude:             35.0777
Station longitude:            -109.7692
Station altitude:             1766.0 m
Regime:                       IMG
Component:                    
Unit:                         ug/m3
Matrix:                       
Laboratory code:              US03L
Instrument type:              filterpack
Instrument name:              filterpack_US0095
Method ref:                   US03L_IMPROVE_Davis
Blank correction:             Blank corrected
Volume std. temperature:      ambient
Volume std. pressure:         ambient
starttime endtime PM10 flag_PM10 PM2.5 flag_PM2.5
  2.291667   3.291667   3.308 0.000 999.999 0.999000
  5.291667   6.291667   5.296 0.000   2.902 0.000000
  9.291667  10.291667   4.527 0.000   4.089 0.000000
 12.291667  13.291667   8.120 0.000   4.373 0.000000
 16.291667  17.291667 999.999 0.999   3.683 0.000000
 19.291667  20.291667   5.900 0.000   3.587 0.000000
 23.291667  24.291667   8.300 0.000   2.680 0.000000
 26.291667  27.291667  15.470 0.000   4.290 0.000000
 30.291667  31.291667   6.426 0.000   2.370 0.000000
 33.291667  34.291667   3.189 0.000   2.115 0.000000
 37.291667  38.291667   6.375 0.000   5.911 0.000000
 40.291667  41.291667   5.691 0.000   2.667 0.000000
 44.291667  45.291667  12.731 0.000   4.774 0.000000
 47.291667  48.291667   5.098 0.000   2.129 0.000000
 51.291667  52.291667 999.999 0.999 999.999 0.999000
 54.291667  55.291667 999.999 0.999 999.999 0.999000
 58.291667  59.291667 999.999 0.999   6.851 0.000000
 61.291667  62.291667 999.999 0.999   7.724 0.000000
 65.291667  66.291667 999.999 0.999 999.999 0.999000
 68.291667  69.291667   3.740 0.000   1.711 0.000000
 72.291667  73.291667 999.999 0.999 999.999 0.999000
 75.291667  76.291667  10.696 0.000   2.000 0.000000
 79.291667  80.291667   8.989 0.000   5.955 0.000000
 82.291667  83.291667   8.106 0.000   4.140 0.000000
 86.291667  87.291667  11.705 0.000   4.151 0.000000
 89.291667  90.291667   8.911 0.000   2.508 0.000000
 93.291667  94.291667   6.484 0.000   4.748 0.000000
 96.291667  97.291667   5.889 0.000   5.094 0.000000
100.291667 101.291667 999.999 0.259   3.932 0.000000
103.291667 104.291667   9.289 0.000   3.446 0.000000
107.291667 108.291667   6.335 0.000   2.930 0.000000
110.291667 111.291667   8.659 0.000   3.734 0.000000
114.291667 115.291667   3.295 0.000   2.835 0.000000
117.291667 118.291667  15.287 0.000   4.848 0.000000
121.291667 122.291667   3.699 0.000   2.646 0.000000
124.291667 125.291667   7.227 0.000   3.169 0.000000
128.291667 129.291667  18.016 0.000   4.877 0.000000
131.291667 132.291667  27.808 0.000   8.379 0.000000
135.291667 136.291667  14.739 0.000   5.920 0.000000
138.291667 139.291667  16.397 0.000   6.779 0.000000
142.291667 143.291667   8.805 0.000   3.812 0.000000
145.291667 146.291667  14.234 0.000   6.582 0.000000
149.291667 150.291667   8.023 0.000   4.478 0.000000
152.291667 153.291667   3.910 0.000   1.810 0.000000
156.291667 157.291667  12.008 0.000   5.077 0.000000
159.291667 160.291667  33.976 0.000  10.774 0.000000
163.291667 164.291667  14.061 0.000   4.566 0.000000
166.291667 167.291667  13.004 0.000 999.999 0.999000
170.291667 171.291667   8.705 0.000   5.000 0.000000
173.291667 174.291667  14.270 0.000   6.224 0.000000
177.291667 178.291667 999.999 0.999  20.000 0.000000
180.291667 181.291667  31.649 0.000  12.654 0.000000
184.291667 185.291667 999.999 0.999  15.970 0.000000
187.291667 188.291667   7.378 0.000   4.669 0.000000
191.291667 192.291667 999.999 0.999   7.685 0.000000
194.291667 195.291667  17.085 0.000  10.401 0.000000
198.291667 199.291667   8.308 0.000   4.582 0.000000
201.291667 202.291667  23.094 0.000   8.483 0.000000
205.291667 206.291667  21.604 0.000   6.718 0.000000
208.291667 209.291667  33.849 0.000   9.543 0.000000
212.291667 213.291667  13.695 0.000  10.092 0.000000
215.291667 216.291667  33.629 0.000   9.268 0.000000
219.291667 220.291667 999.999 0.999   6.149 0.000000
222.291667 223.291667   8.263 0.000   4.534 0.000000
226.291667 227.291667  21.692 0.000   3.212 0.000000
229.291667 230.291667  28.657 0.000   5.762 0.000000
233.291667 234.291667   8.072 0.000   3.551 0.000000
236.291667 237.291667   8.016 0.000   5.697 0.000000
240.291667 241.291667   9.963 0.000   9.410 0.000000
243.291667 244.291667  15.292 0.000   9.812 0.559000
247.291667 248.291667   5.294 0.000 999.999 0.559259
250.291667 251.291667 999.999 0.999   5.805 0.559000
254.291667 255.291667   8.339 0.000   6.413 0.559000
257.291667 258.291667  15.676 0.000 999.999 0.559259
261.291667 262.291667  15.851 0.000 999.999 0.559259
264.291667 265.291667  22.778 0.000   5.122 0.559000
268.291667 269.291667   7.880 0.000   4.717 0.559000
271.291667 272.291667   6.029 0.000   4.627 0.559000
275.291667 276.291667 999.999 0.999   4.207 0.559000
278.291667 279.291667   9.258 0.000   4.735 0.559000
282.291667 283.291667   3.780 0.000 999.999 0.559259
285.291667 286.291667   5.943 0.000 999.999 0.559259
289.291667 290.291667  10.543 0.000   6.467 0.559000
292.291667 293.291667 999.999 0.999   5.607 0.559000
296.291667 297.291667   5.688 0.000 999.999 0.559259
299.291667 300.291667   7.673 0.000   4.202 0.559000
303.291667 304.291667   9.885 0.000 999.999 0.559259
306.291667 307.291667   8.224 0.000 999.999 0.559259
310.291667 311.291667 999.999 0.999   3.053 0.559000
313.291667 314.291667   4.757 0.000   2.476 0.559000
317.291667 318.291667 999.999 0.999 999.999 0.559259
320.291667 321.291667 999.999 0.999   7.460 0.559000
324.291667 325.291667   3.244 0.000   2.915 0.559000
327.291667 328.291667   5.492 0.000   5.377 0.559000
331.291667 332.291667   6.059 0.000   5.429 0.559000
334.291667 335.291667   9.828 0.000   5.696 0.559000
338.291667 339.291667   7.326 0.000   5.796 0.559000
341.291667 342.291667   9.071 0.000   8.159 0.559000
345.291667 346.291667   5.143 0.000 999.999 0.559259
348.291667 349.291667   4.397 0.000   3.151 0.559000
352.291667 353.291667   7.639 0.000   4.382 0.559000
355.291667 356.291667   4.257 0.000 999.999 0.559259
359.291667 360.291667 999.999 0.999   5.370 0.559000
362.291667 363.291667   5.040 0.000   2.816 0.559000
