scripts/IMPROVE-2019_partial/data/US0068R.20080101060000.20191216000000.filterpack...52w.3d.US03L_filterpack_US0068.US03L_IMPROVE_Davis.lev2.nas
52 1001
MISSING INFORMATION
US03L, IMPROVE, , , , , , , 
MISSING INFORMATION
IMPROVE sel_HTAP
1 1
2008 01 01 2019 12 16
3.00
days from file reference point
5
1 1 1 1 1
999.99 999.999 9.999 999.999 9.999
end_time of measurement, days from the file reference point
pm10_mass, ug/m3, Matrix=pm10
numflag pm10_mass, no unit, Matrix=pm10
pm25_mass, ug/m3, Matrix=pm25
numflag pm25_mass, no unit, Matrix=pm25
0
33
Data definition:              EBAS_1.1
Set type code:                TU
Timezone:                     UTC
File name:                    US0068R.20080101060000.20191216000000.filterpack...52w.3d.US03L_filterpack_US0068.US03L_IMPROVE_Davis.lev2.nas
File creation:                20191218115953
Startdate:                    20080101060000
Revision date:                20191216000000
Version:                      2
Version description:          "Data extracted from http://views.cira.colostate.edu/fed/DataWizard 2019-12-16"
Statistics:                   arithmetic mean
Data level:                   2
Period code:                  52w
Resolution code:              3d
Sample duration:              1d
Orig. time res.:              3d
Station code:                 US0068R
Platform code:                US0068S
Station name:                 Cherokee Nation
Station latitude:             36.9562
Station longitude:            -97.0313
Station altitude:             342.0 m
Regime:                       IMG
Component:                    
Unit:                         ug/m3
Matrix:                       
Laboratory code:              US03L
Instrument type:              filterpack
Instrument name:              filterpack_US0068
Method ref:                   US03L_IMPROVE_Davis
Blank correction:             Blank corrected
Volume std. temperature:      ambient
Volume std. pressure:         ambient
starttime endtime PM10 flag_PM10 PM2.5 flag_PM2.5
  0.25   1.25   2.430 0.000   1.585 0.000
  3.25   4.25  14.409 0.000   6.371 0.000
  6.25   7.25  15.977 0.000   8.398 0.000
  9.25  10.25   6.044 0.000   3.377 0.000
 12.25  13.25  16.539 0.000  11.855 0.000
 15.25  16.25   8.812 0.000   4.387 0.000
 18.25  19.25   5.950 0.000   2.669 0.000
 21.25  22.25  11.159 0.000   6.578 0.000
 24.25  25.25  31.473 0.000  10.166 0.000
 27.25  28.25  23.348 0.000   6.438 0.000
 30.25  31.25  12.209 0.000   8.130 0.000
 33.25  34.25 999.999 0.456  16.439 0.000
 36.25  37.25  11.338 0.000   9.377 0.000
 39.25  40.25   4.811 0.000   1.326 0.000
 42.25  43.25  20.127 0.000  13.873 0.000
 45.25  46.25  13.869 0.000   8.319 0.000
 48.25  49.25   4.050 0.000   1.327 0.000
 51.25  52.25  15.784 0.000  11.814 0.000
 54.25  55.25  11.231 0.000  10.314 0.000
 57.25  58.25   6.147 0.000   2.760 0.000
 60.25  61.25  20.662 0.000   6.861 0.000
 63.25  64.25   8.552 0.000   3.514 0.000
 66.25  67.25  15.203 0.000   8.733 0.000
 69.25  70.25  20.507 0.000   8.408 0.000
 72.25  73.25  24.705 0.000   5.977 0.000
 75.25  76.25  15.949 0.000  11.892 0.000
 78.25  79.25   7.452 0.000   3.175 0.000
 81.25  82.25  19.976 0.000  12.955 0.000
 84.25  85.25  24.627 0.000  10.536 0.000
 87.25  88.25  26.216 0.000  14.776 0.000
 90.25  91.25   8.428 0.000   4.652 0.000
 93.25  94.25   8.323 0.000   6.374 0.000
 96.25  97.25  31.444 0.000  18.399 0.000
 99.25 100.25   5.984 0.000   4.719 0.000
102.25 103.25   6.375 0.000   3.281 0.000
105.25 106.25  27.417 0.000   9.589 0.000
108.25 109.25  10.537 0.000   3.090 0.000
111.25 112.25  41.392 0.000  13.672 0.000
114.25 115.25  14.395 0.000   7.519 0.000
117.25 118.25   6.856 0.000   3.724 0.000
120.25 121.25  36.243 0.000  10.008 0.000
123.25 124.25  21.149 0.000   5.279 0.000
126.25 127.25  14.977 0.000   8.933 0.000
129.25 130.25   9.816 0.000   4.650 0.000
132.25 133.25 999.999 0.999 999.999 0.999
135.25 136.25  16.056 0.000   6.043 0.000
138.25 139.25  26.428 0.000   7.591 0.000
141.25 142.25  33.620 0.000   7.142 0.000
144.25 145.25  14.244 0.000   9.895 0.000
147.25 148.25   7.586 0.000   4.008 0.000
150.25 151.25  29.157 0.000  13.597 0.000
153.25 154.25  21.390 0.000   6.848 0.000
156.25 157.25  51.659 0.000   7.048 0.000
159.25 160.25 999.999 0.999 999.999 0.999
162.25 163.25 999.999 0.999 999.999 0.999
165.25 166.25   9.638 0.000   3.479 0.000
168.25 169.25  11.827 0.000   4.900 0.000
171.25 172.25  15.822 0.000   4.671 0.000
174.25 175.25  24.225 0.000   8.378 0.000
177.25 178.25  76.145 0.000  17.813 0.000
180.25 181.25  18.390 0.000   5.774 0.000
183.25 184.25  67.620 0.000  15.965 0.000
186.25 187.25  55.039 0.000  13.933 0.000
189.25 190.25  31.003 0.000   5.241 0.000
192.25 193.25  21.539 0.000   8.509 0.000
195.25 196.25  17.194 0.000   4.573 0.000
198.25 199.25  35.473 0.000  15.658 0.000
201.25 202.25  27.740 0.000  11.488 0.000
204.25 205.25  54.410 0.000  20.047 0.000
207.25 208.25  51.424 0.000  13.300 0.000
210.25 211.25  17.712 0.000   9.144 0.000
213.25 214.25  38.150 0.000  13.500 0.000
216.25 217.25  48.030 0.000  12.074 0.000
219.25 220.25  34.901 0.000   9.946 0.000
222.25 223.25   6.037 0.000   3.670 0.000
225.25 226.25  22.920 0.000   6.684 0.000
228.25 229.25  37.949 0.000  12.874 0.000
231.25 232.25  28.566 0.000  15.288 0.000
234.25 235.25  33.132 0.000  11.934 0.000
237.25 238.25  23.028 0.000   5.865 0.000
240.25 241.25  38.224 0.000  12.630 0.000
243.25 244.25  28.532 0.000  14.541 0.000
246.25 247.25   6.890 0.000   3.040 0.000
249.25 250.25   6.816 0.000   4.288 0.000
252.25 253.25  13.272 0.000   5.192 0.000
255.25 256.25  16.167 0.000  10.112 0.000
258.25 259.25  29.753 0.000   4.991 0.000
261.25 262.25  54.668 0.000  12.544 0.000
264.25 265.25  50.692 0.000  21.259 0.000
267.25 268.25  56.116 0.000  15.799 0.000
270.25 271.25  61.547 0.000  19.659 0.000
273.25 274.25  54.447 0.000   9.969 0.000
276.25 277.25  38.231 0.000   8.476 0.000
279.25 280.25  14.530 0.000   9.252 0.000
282.25 283.25  24.101 0.000   6.181 0.000
285.25 286.25  22.933 0.000  10.373 0.000
288.25 289.25   4.222 0.000   2.421 0.000
291.25 292.25  11.544 0.000   4.397 0.000
294.25 295.25  21.877 0.000  12.043 0.000
297.25 298.25   3.906 0.000   1.738 0.000
300.25 301.25  15.671 0.000   2.541 0.000
303.25 304.25  44.318 0.000   8.145 0.000
306.25 307.25  42.744 0.000  12.038 0.000
309.25 310.25  17.528 0.000   5.830 0.000
312.25 313.25   9.841 0.000   1.807 0.000
315.25 316.25   4.133 0.000   3.030 0.000
318.25 319.25   5.709 0.000   2.109 0.000
321.25 322.25   6.374 0.000   2.612 0.000
324.25 325.25  15.599 0.000   6.394 0.000
327.25 328.25  35.710 0.000  12.642 0.000
330.25 331.25  52.782 0.000  10.181 0.000
333.25 334.25  10.119 0.000   4.817 0.000
336.25 337.25  19.096 0.000   2.759 0.000
339.25 340.25  20.820 0.000   3.597 0.000
342.25 343.25  30.017 0.000   7.373 0.000
345.25 346.25  12.767 0.000   7.139 0.000
348.25 349.25  21.519 0.000   5.277 0.000
351.25 352.25 999.999 0.999 999.999 0.999
354.25 355.25  16.526 0.000  12.243 0.000
357.25 358.25  12.104 0.000   7.857 0.000
360.25 361.25  17.310 0.000  10.213 0.000
363.25 364.25   7.588 0.000   1.762 0.000
