scripts/IMPROVE-2019_partial/data/US0035R.20020102060000.20191216000000.filterpack...52w.3d.US03L_filterpack_US0035.US03L_IMPROVE_Davis.lev2.nas
52 1001
MISSING INFORMATION
US03L, IMPROVE, , , , , , , 
MISSING INFORMATION
IMPROVE sel_HTAP
1 1
2002 01 01 2019 12 16
3.00
days from file reference point
5
1 1 1 1 1
999.99 999.999 9.999 999.999 9.999
end_time of measurement, days from the file reference point
pm10_mass, ug/m3, Matrix=pm10
numflag pm10_mass, no unit, Matrix=pm10
pm25_mass, ug/m3, Matrix=pm25
numflag pm25_mass, no unit, Matrix=pm25
0
33
Data definition:              EBAS_1.1
Set type code:                TU
Timezone:                     UTC
File name:                    US0035R.20020102060000.20191216000000.filterpack...52w.3d.US03L_filterpack_US0035.US03L_IMPROVE_Davis.lev2.nas
File creation:                20191218115741
Startdate:                    20020102060000
Revision date:                20191216000000
Version:                      2
Version description:          "Data extracted from http://views.cira.colostate.edu/fed/DataWizard 2019-12-16"
Statistics:                   arithmetic mean
Data level:                   2
Period code:                  52w
Resolution code:              3d
Sample duration:              1d
Orig. time res.:              3d
Station code:                 US0035R
Platform code:                US0035S
Station name:                 Bondville
Station latitude:             40.05
Station longitude:            -88.36667
Station altitude:             213.0 m
Regime:                       IMG
Component:                    
Unit:                         ug/m3
Matrix:                       
Laboratory code:              US03L
Instrument type:              filterpack
Instrument name:              filterpack_US0035
Method ref:                   US03L_IMPROVE_Davis
Blank correction:             Blank corrected
Volume std. temperature:      ambient
Volume std. pressure:         ambient
starttime endtime PM10 flag_PM10 PM2.5 flag_PM2.5
  1.25   2.25  23.093 0.000  14.966 0.559
  4.25   5.25  20.833 0.000  14.626 0.559
  7.25   8.25  11.723 0.000   9.520 0.559
 10.25  11.25   9.259 0.000   7.766 0.559
 13.25  14.25  11.070 0.000   9.145 0.559
 16.25  17.25  12.255 0.000   9.269 0.559
 19.25  20.25  12.582 0.000  11.769 0.559
 22.25  23.25  15.787 0.000  14.090 0.000
 25.25  26.25   7.675 0.000   5.307 0.559
 28.25  29.25  37.358 0.000 999.999 0.456
 31.25  32.25   4.711 0.000   4.195 0.559
 34.25  35.25   8.177 0.000   6.160 0.559
 37.25  38.25  21.610 0.000  19.610 0.559
 40.25  41.25   7.513 0.000   6.860 0.559
 43.25  44.25   9.967 0.000   5.843 0.559
 46.25  47.25   7.513 0.000   4.280 0.559
 49.25  50.25  13.050 0.000  10.932 0.000
 52.25  53.25   4.657 0.000   3.585 0.559
 55.25  56.25  10.049 0.000   8.888 0.559
 58.25  59.25  14.916 0.000  10.217 0.559
 61.25  62.25  10.334 0.000   4.904 0.559
 64.25  65.25  14.498 0.000  10.117 0.559
 67.25  68.25  10.335 0.000   6.544 0.559
 70.25  71.25  10.588 0.000   8.571 0.559
 73.25  74.25  11.412 0.000   9.002 0.559
 76.25  77.25  18.600 0.000  15.533 0.559
 79.25  80.25  10.907 0.000   8.017 0.559
 82.25  83.25  12.418 0.000   9.659 0.559
 85.25  86.25  19.812 0.000  15.824 0.559
 88.25  89.25   7.348 0.000   4.620 0.559
 91.25  92.25  15.512 0.000  14.035 0.559
 94.25  95.25  17.909 0.000  12.925 0.559
 97.25  98.25  18.600 0.000  15.574 0.000
100.25 101.25  14.091 0.000   9.961 0.559
103.25 104.25  14.009 0.000  11.603 0.559
106.25 107.25  25.263 0.000  12.689 0.559
109.25 110.25  17.260 0.000  11.791 0.559
112.25 113.25  12.444 0.000   9.739 0.559
115.25 116.25  17.280 0.000   5.364 0.559
118.25 119.25  10.457 0.000   8.538 0.559
121.25 122.25   9.084 0.000   6.516 0.559
124.25 125.25  20.713 0.000  12.712 0.000
127.25 128.25  15.454 0.000   9.896 0.000
130.25 131.25  15.423 0.000  10.231 0.559
133.25 134.25   7.736 0.000   4.897 0.559
136.25 137.25   5.370 0.000   2.732 0.559
139.25 140.25   8.731 0.000   4.752 0.559
142.25 143.25  31.511 0.000  14.811 0.000
145.25 146.25  13.287 0.000   5.001 0.559
148.25 149.25  13.768 0.000  10.044 0.000
151.25 152.25  28.696 0.000   9.480 0.000
154.25 155.25  26.417 0.000  13.743 0.000
157.25 158.25  15.655 0.000  11.163 0.000
160.25 161.25  21.837 0.000  16.117 0.000
163.25 164.25  10.820 0.000   7.703 0.000
166.25 167.25   8.438 0.000   4.446 0.000
169.25 170.25  29.143 0.000  21.275 0.000
172.25 173.25  41.303 0.000  31.725 0.000
175.25 176.25  13.670 0.000  10.893 0.000
178.25 179.25  22.319 0.000  12.204 0.000
181.25 182.25  43.483 0.000  20.104 0.000
184.25 185.25  48.692 0.000  30.386 0.000
187.25 188.25  23.924 0.000  13.571 0.000
190.25 191.25  22.359 0.000  17.245 0.000
193.25 194.25  22.610 0.000  13.773 0.000
196.25 197.25  37.128 0.000  31.255 0.000
199.25 200.25   8.871 0.000   6.539 0.000
202.25 203.25  18.345 0.000  11.642 0.000
205.25 206.25  24.767 0.000  20.189 0.000
208.25 209.25  18.786 0.000  13.242 0.000
211.25 212.25  20.111 0.000  14.618 0.000
214.25 215.25  30.828 0.000  25.579 0.000
217.25 218.25  14.810 0.000   6.404 0.000
220.25 221.25  21.964 0.000  13.422 0.000
223.25 224.25  23.121 0.000  16.672 0.000
226.25 227.25  16.418 0.000   9.705 0.000
229.25 230.25  12.163 0.000   4.861 0.000
232.25 233.25  25.246 0.000  18.466 0.000
235.25 236.25  10.335 0.000   7.120 0.000
238.25 239.25  22.714 0.000  15.185 0.000
241.25 242.25  24.614 0.000  18.196 0.000
244.25 245.25  31.618 0.000  22.673 0.000
247.25 248.25  16.789 0.000   6.128 0.000
250.25 251.25  40.064 0.000  29.558 0.000
253.25 254.25   9.944 0.000   5.002 0.000
256.25 257.25  33.202 0.000  20.953 0.000
259.25 260.25  18.755 0.000  12.602 0.000
262.25 263.25   6.492 0.000   3.369 0.000
265.25 266.25  12.040 0.000   3.633 0.000
268.25 269.25  25.256 0.000  17.878 0.000
271.25 272.25  31.539 0.000  20.626 0.000
274.25 275.25  25.122 0.000  14.864 0.000
277.25 278.25   9.259 0.000   3.852 0.000
280.25 281.25  18.129 0.000   6.631 0.000
283.25 284.25  23.751 0.000  12.999 0.000
286.25 287.25  13.016 0.000   3.926 0.000
289.25 290.25  15.136 0.000   6.329 0.000
292.25 293.25  15.939 0.000  10.756 0.000
295.25 296.25  16.134 0.000  11.682 0.000
298.25 299.25  15.053 0.000  12.677 0.000
301.25 302.25  10.848 0.000   8.776 0.000
304.25 305.25  11.463 0.000   7.932 0.000
307.25 308.25  21.041 0.000  17.538 0.000
310.25 311.25  13.062 0.000   9.921 0.000
313.25 314.25  13.104 0.000   8.733 0.000
316.25 317.25  14.798 0.000   8.937 0.000
319.25 320.25   8.158 0.000   5.753 0.000
322.25 323.25  18.994 0.000  13.384 0.000
325.25 326.25   5.614 0.000   5.077 0.000
328.25 329.25   6.191 0.000   4.969 0.000
331.25 332.25  23.009 0.000  16.223 0.000
334.25 335.25  11.726 0.000   3.881 0.000
337.25 338.25  15.109 0.000  11.105 0.000
340.25 341.25  28.196 0.000  24.498 0.000
343.25 344.25  18.558 0.000  12.162 0.000
346.25 347.25  29.911 0.000  25.768 0.000
349.25 350.25   9.647 0.000   5.450 0.000
352.25 353.25  14.426 0.000  11.732 0.000
355.25 356.25  11.421 0.000   9.230 0.000
358.25 359.25  14.098 0.000  11.047 0.000
361.25 362.25  18.014 0.000  15.588 0.000
364.25 365.25  10.040 0.000   6.653 0.000
