scripts/IMPROVE-2019_partial/data/US0015R.20040101070000.20191216000000.filterpack..pm25.52w.1w.US03L_filterpack_US0015.US03L_IMPROVE_Davis.lev2.nas
66 1001
MISSING INFORMATION
US03L, IMPROVE, , , , , , , 
MISSING INFORMATION
IMPROVE sel_HTAP
1 1
2004 01 01 2019 12 16
3.000000
days from file reference point
27
1 1 1 1 1 1 1 1 1 1 1 1 1 1 1 1 1 1 1 1 1 1 1 1 1 1 1
999.999999 9999.99 9.999 99.99 9.999 9.999 9.999999 9.99 9.999999 99.999 9.999999 99.999 9.999 99.999 9.999 999.99 9.999999 999.999 9.999 999.999 9.999 999.999 9.999 9.999 9.999 9.999 9.999999
end_time of measurement, days from the file reference point
iron, ng/m3, Revision date=20181210133000
numflag iron, no unit, Revision date=20181210133000
lead, ng/m3, Revision date=20181210133000
numflag lead, no unit, Revision date=20181210133000
magnesium, ug/m3, Revision date=20181210133000
numflag magnesium, no unit, Revision date=20181210133000
nickel, ng/m3, Revision date=20181210133000
numflag nickel, no unit, Revision date=20181210133000
nitrate, ug N/m3, Revision date=20181210133000
numflag nitrate, no unit, Revision date=20181210133000
organic_carbon, ug C/m3, Revision date=20181210133000
numflag organic_carbon, no unit, Revision date=20181210133000
organic_mass, ug/m3, Revision date=20181210133000
numflag organic_mass, no unit, Revision date=20181210133000
phosphorus, ng/m3, Revision date=20181210133000
numflag phosphorus, no unit, Revision date=20181210133000
pm10_mass, ug/m3, Version=2, Version description=Data extracted from http://views.cira.colostate.edu/fed/DataWizard 2019-12-16, Sample duration=1d, Orig. time res.=3d, Matrix=pm10, Blank correction=Blank corrected, Volume std. temperature=ambient, Volume std. pressure=ambient
numflag pm10_mass, no unit, Version=2, Version description=Data extracted from http://views.cira.colostate.edu/fed/DataWizard 2019-12-16, Sample duration=1d, Orig. time res.=3d, Matrix=pm10, Blank correction=Blank corrected, Volume std. temperature=ambient, Volume std. pressure=ambient
pm10_pm25_mass, ug/m3, Revision date=20181210133000, Matrix=pm10_pm25
numflag pm10_pm25_mass, no unit, Revision date=20181210133000, Matrix=pm10_pm25
pm25_mass, ug/m3, Version=2, Version description=Data extracted from http://views.cira.colostate.edu/fed/DataWizard 2019-12-16, Sample duration=1d, Orig. time res.=3d, Blank correction=Blank corrected, Volume std. temperature=ambient, Volume std. pressure=ambient
numflag pm25_mass, no unit, Version=2, Version description=Data extracted from http://views.cira.colostate.edu/fed/DataWizard 2019-12-16, Sample duration=1d, Orig. time res.=3d, Blank correction=Blank corrected, Volume std. temperature=ambient, Volume std. pressure=ambient
potassium, ug/m3, Revision date=20181210133000
numflag potassium, no unit, Revision date=20181210133000
sulphate_total, ug S/m3, Revision date=20181210133000
numflag sulphate_total, no unit, Revision date=20181210133000
0
25
Data definition:              EBAS_1.1
Set type code:                TU
Timezone:                     UTC
File name:                    US0015R.20040101070000.20191216000000.filterpack..pm25.52w.1w.US03L_filterpack_US0015.US03L_IMPROVE_Davis.lev2.nas
File creation:                20191218115624
Startdate:                    20040101070000
Revision date:                20191216000000
Statistics:                   arithmetic mean
Data level:                   2
Period code:                  52w
Resolution code:              1w
Station code:                 US0015R
Platform code:                US0015S
Station name:                 Ike's Backbone
Station latitude:             34.3405
Station longitude:            -111.6832
Station altitude:             1297.0 m
Regime:                       IMG
Component:                    
Matrix:                       pm25
Laboratory code:              US03L
Instrument type:              filterpack
Instrument name:              filterpack_US0015
Method ref:                   US03L_IMPROVE_Davis
starttime endtime Fe flag_Fe Pb flag_Pb Mg++ flag_Mg++ Ni flag_Ni NO3- flag_NO3- OC flag_OC OM flag_OM P flag_P PM10 flag_PM10 PM10-PM2.5 flag_PM10-PM2.5 PM2.5 flag_PM2.5 K+ flag_K+ SO4-- flag_SO4--
[from data line 79]
237.291667 238.291667   66.34 0.000  0.60 0.000 9.999 0.259000 0.17 0.000000  0.043 0.000000  0.302 0.000  0.423 0.000 999.99 0.259000  12.193 0.000   8.002 0.000   4.191 0.000 0.046 0.000 0.312 0.000000
240.291667 241.291667   41.11 0.000  0.61 0.000 9.999 0.259000 0.12 0.000000  0.027 0.000000  0.511 0.000  0.716 0.000 999.99 0.259000   8.358 0.000   5.268 0.000   3.090 0.000 0.026 0.000 0.173 0.000000
243.291667 244.291667   46.58 0.394  0.68 0.394 9.999 0.394259 9.99 0.394259  0.050 0.394000  0.630 0.000  0.882 0.000 999.99 0.394259   9.534 0.000   4.765 0.000   4.769 0.000 0.035 0.394 0.370 0.394000
246.291667 247.291667  252.01 0.000  1.01 0.000 0.129 0.000000 0.24 0.000000  0.085 0.000000  0.692 0.000  0.968 0.000 999.99 0.259000  36.660 0.000  27.135 0.000   9.526 0.000 0.155 0.000 0.491 0.000000
249.291667 250.291667   39.82 0.000  0.63 0.000 9.999 0.259000 9.99 0.259000  0.018 0.000000  0.591 0.000  0.827 0.000 999.99 0.259000   5.774 0.000   2.728 0.000   3.046 0.000 0.026 0.000 0.124 0.000000
252.291667 253.291667   84.19 0.000  1.34 0.000 0.117 0.000000 9.99 0.259000  0.024 0.000000  1.023 0.000  1.433 0.000 999.99 0.259000  11.547 0.000   6.446 0.000   5.101 0.000 0.055 0.000 0.308 0.000000
255.291667 256.291667   50.78 0.000  1.04 0.000 0.180 0.000000 9.99 0.259000  0.028 0.000000  0.679 0.000  0.951 0.000 999.99 0.259000   9.835 0.000   6.238 0.000   3.596 0.000 0.042 0.000 0.312 0.000000
258.291667 259.291667   60.21 0.000  0.64 0.000 9.999 0.259000 0.30 0.000000  0.079 0.000000  0.479 0.000  0.671 0.000 999.99 0.259000  12.002 0.000   8.008 0.000   3.995 0.000 0.039 0.000 0.340 0.000000
261.291667 262.291667   42.38 0.000  0.89 0.000 9.999 0.259000 0.21 0.000000  0.039 0.000000  0.454 0.000  0.635 0.000 999.99 0.259000   8.075 0.000   4.479 0.000   3.596 0.000 0.028 0.000 0.362 0.000000
264.291667 265.291667   36.22 0.000  0.58 0.000 9.999 0.259000 0.08 0.000000  0.052 0.000000  0.351 0.000  0.491 0.000 999.99 0.259000   6.297 0.000   4.283 0.000   2.014 0.000 0.024 0.000 0.145 0.000000
267.291667 268.291667   45.94 0.000  0.70 0.000 9.999 0.259000 0.12 0.000000  0.011 0.000000  0.593 0.000  0.830 0.000 999.99 0.259000   2.947 0.000   1.059 0.000   1.888 0.000 0.025 0.000 0.110 0.000000
270.291667 271.291667   41.62 0.000  1.15 0.000 9.999 0.259000 9.99 0.259000  0.016 0.000000  0.586 0.000  0.820 0.000  12.69 0.000000   4.361 0.000   1.626 0.000   2.735 0.000 0.022 0.000 0.249 0.000000
273.291667 274.291667   57.13 0.000  0.62 0.000 9.999 0.259000 0.25 0.000000  0.066 0.559000  0.276 0.000  0.386 0.000 999.99 0.259000   9.204 0.000   6.297 0.000   2.907 0.000 0.043 0.000 0.185 0.559000
276.291667 277.291667   30.63 0.000  1.58 0.000 0.094 0.000000 0.21 0.000000  0.029 0.000000  0.766 0.000  1.072 0.000 999.99 0.259000   8.869 0.000   4.121 0.000   4.748 0.000 0.028 0.000 0.586 0.000000
279.291667 280.291667   28.92 0.000  0.55 0.000 9.999 0.259000 0.16 0.000000  0.019 0.559000  0.595 0.000  0.833 0.000 999.99 0.259000   5.438 0.000   1.789 0.000   3.650 0.000 0.019 0.000 0.291 0.559000
282.291667 283.291667   22.21 0.559  0.70 0.559 9.999 0.559259 9.99 0.559259  0.030 0.559000  2.040 0.000  2.856 0.000 999.99 0.559259   7.530 0.000   2.125 0.000   5.405 0.559 0.038 0.559 0.334 0.559000
285.291667 286.291667   21.01 0.000  0.68 0.000 9.999 0.259000 0.22 0.000000  0.025 0.559000  0.595 0.000  0.832 0.000 999.99 0.259000   5.151 0.000   1.727 0.000   3.424 0.000 0.018 0.000 0.409 0.559000
288.291667 289.291667   61.07 0.000  1.54 0.000 9.999 0.259000 9.99 0.259000  0.024 0.000000  1.798 0.000  2.517 0.000 999.99 0.259000  10.249 0.000   4.242 0.000   6.008 0.000 0.038 0.000 0.152 0.000000
291.291667 292.291667   56.99 0.000  1.08 0.000 0.112 0.000000 0.17 0.000000  0.208 0.000000  0.670 0.000  0.938 0.000 999.99 0.259000  14.642 0.000   9.537 0.000   5.105 0.000 0.058 0.000 0.387 0.000000
294.291667 295.291667   73.31 0.000 99.99 0.259 9.999 0.259000 0.16 0.000000  0.054 0.000000  0.259 0.000  0.363 0.000 999.99 0.259000  11.253 0.000   7.987 0.000   3.266 0.000 0.051 0.000 0.144 0.000000
297.291667 298.291667   14.72 0.000  1.65 0.000 9.999 0.259000 9.99 0.259000  0.034 0.000000  0.497 0.000  0.695 0.000 999.99 0.259000   3.765 0.000   1.292 0.000   2.473 0.000 0.015 0.000 0.200 0.000000
300.291667 301.291667   60.11 0.000  1.07 0.000 9.999 0.259000 0.19 0.000000  0.090 0.000000  0.313 0.000  0.438 0.000 999.99 0.259000  15.855 0.000  11.606 0.000   4.249 0.000 0.049 0.000 0.411 0.000000
303.291667 304.291667    5.19 0.000  0.63 0.000 9.999 0.259000 9.99 0.259000  0.022 0.000000  0.707 0.000  0.989 0.000 999.99 0.259000   1.966 0.000   0.159 0.000   1.808 0.000 0.006 0.000 0.104 0.000000
306.291667 307.291667    7.61 0.000  0.82 0.000 9.999 0.259000 9.99 0.259000  0.010 0.000000  0.188 0.000  0.263 0.000 999.99 0.259000   1.600 0.000   0.561 0.000   1.039 0.000 0.010 0.000 0.106 0.000000
309.291667 310.291667   19.65 0.000  1.60 0.000 0.076 0.000000 0.23 0.000000  0.016 0.000000  0.872 0.000  1.221 0.000 999.99 0.259000   4.895 0.000   2.294 0.000   2.600 0.000 0.019 0.000 0.163 0.000000
312.291667 313.291667   10.64 0.000  0.83 0.000 9.999 0.259000 9.99 0.259000  0.143 0.000000  0.592 0.000  0.829 0.000 999.99 0.259000   4.811 0.000   2.591 0.000   2.220 0.000 0.013 0.000 0.198 0.000000
315.291667 316.291667   11.39 0.000  1.54 0.000 9.999 0.259000 0.11 0.000000  0.028 0.000000  0.706 0.000  0.989 0.000 999.99 0.259000   3.962 0.000   1.476 0.000   2.487 0.000 0.010 0.000 0.143 0.000000
318.291667 319.291667    8.03 0.000  0.55 0.000 9.999 0.259000 9.99 0.259000  0.015 0.000000  0.525 0.000  0.735 0.000 999.99 0.259000   3.164 0.000   0.869 0.000   2.295 0.000 0.012 0.000 0.281 0.000000
321.291667 322.291667   12.99 0.000  0.89 0.000 0.079 0.000000 9.99 0.259000  0.051 0.000000  1.124 0.000  1.574 0.000 999.99 0.259000   4.274 0.000   1.441 0.000   2.833 0.000 0.009 0.000 0.119 0.000000
324.291667 325.291667   18.65 0.000  1.22 0.000 9.999 0.259000 9.99 0.259000  0.376 0.000000  0.885 0.000  1.239 0.000 999.99 0.259000   6.698 0.000   3.119 0.000   3.579 0.000 0.009 0.000 0.244 0.000000
327.291667 328.291667    7.40 0.000  0.46 0.000 9.999 0.259000 9.99 0.259000  0.391 0.000000  0.651 0.000  0.911 0.000 999.99 0.259000   3.120 0.000   0.416 0.000   2.704 0.000 0.005 0.000 0.203 0.000000
330.291667 331.291667   27.87 0.000  2.54 0.000 9.999 0.259000 9.99 0.259000  1.055 0.000000  1.309 0.000  1.833 0.000 999.99 0.259000  10.232 0.000   2.714 0.000   7.518 0.000 0.024 0.000 0.305 0.000000
333.291667 334.291667    8.25 0.000 99.99 0.259 9.999 0.259000 9.99 0.259000  0.023 0.000000  0.273 0.000  0.382 0.000 999.99 0.259000   2.671 0.000   1.033 0.000   1.638 0.000 0.008 0.000 0.134 0.000000
336.291667 337.291667   15.32 0.000  0.87 0.000 0.050 0.000000 0.18 0.000000  0.033 0.000000  0.958 0.000  1.341 0.000 999.99 0.259000   4.561 0.000   1.568 0.000   2.993 0.000 0.033 0.000 0.139 0.000000
339.291667 340.291667    6.00 0.000  2.06 0.000 9.999 0.259000 0.18 0.000000  0.086 0.000000  0.356 0.000  0.498 0.000 999.99 0.259000   2.342 0.000   0.401 0.000   1.941 0.000 0.017 0.000 0.199 0.000000
342.291667 343.291667    9.73 0.000  1.37 0.000 0.060 0.000000 9.99 0.259000  0.081 0.000000  0.238 0.000  0.333 0.000 999.99 0.259000   2.900 0.000   1.142 0.000   1.758 0.000 0.009 0.000 0.135 0.000000
345.291667 346.291667   16.61 0.000  1.39 0.000 0.060 0.000000 9.99 0.259000  0.013 0.000000  0.360 0.000  0.504 0.000 999.99 0.259000   2.900 0.000   1.067 0.000   1.834 0.000 0.015 0.000 0.119 0.000000
348.291667 349.291667   24.33 0.000  1.14 0.000 0.069 0.000000 9.99 0.259000  0.025 0.000000  0.650 0.000  0.910 0.000 999.99 0.259000   7.475 0.000   5.057 0.000   2.418 0.000 0.022 0.000 0.104 0.000000
351.291667 352.291667    7.71 0.000  0.77 0.000 9.999 0.259000 9.99 0.259000  0.021 0.000000  0.437 0.000  0.611 0.000 999.99 0.259000   2.982 0.000   1.558 0.000   1.425 0.000 0.006 0.000 0.137 0.000000
354.291667 355.291667   19.93 0.000  2.94 0.000 9.999 0.259000 0.13 0.000000  0.014 0.000000  0.477 0.000  0.668 0.000 999.99 0.259000   3.799 0.000   1.789 0.000   2.010 0.000 0.021 0.000 0.146 0.000000
357.291667 358.291667   11.63 0.000  0.42 0.000 9.999 0.259000 9.99 0.259000  0.045 0.000000  0.229 0.000  0.321 0.000 999.99 0.259000   3.452 0.000   2.284 0.000   1.167 0.000 0.010 0.000 0.092 0.000000
360.291667 361.291667    7.62 0.000  2.46 0.000 9.999 0.259000 9.99 0.259000  0.011 0.000000  0.328 0.000  0.459 0.000   5.18 0.000000   2.410 0.000   0.991 0.000   1.419 0.000 0.009 0.000 0.108 0.000000
363.291667 364.291667   33.56 0.000  0.90 0.000 9.999 0.259000 9.99 0.259000  0.012 0.000000  0.219 0.000  0.306 0.000 999.99 0.259000   3.777 0.000   2.849 0.000   0.928 0.000 0.016 0.000 0.056 0.000000
