scripts/IMPROVE-2019_partial/data/US0020R.20050101080000.20191216000000.filterpack..pm25.52w.1w.US03L_filterpack_US0020.US03L_IMPROVE_Davis.lev2.nas
64 1001
MISSING INFORMATION
US03L, IMPROVE, , , , , , , 
MISSING INFORMATION
IMPROVE sel_HTAP
1 1
2005 01 01 2019 12 16
3.000000
days from file reference point
25
1 1 1 1 1 1 1 1 1 1 1 1 1 1 1 1 1 1 1 1 1 1 1 1 1
999.999999 9999.99 9.999 99.99 9.999 9.999 9.999 99.99 9.999999 9.999 9.999 99.999 9.999 99.999 9.999 999.999 9.999 999.999 9.999 999.999 9.999 9.999 9.999 9.999 9.999
end_time of measurement, days from the file reference point
iron, ng/m3, Revision date=20181210133000
numflag iron, no unit, Revision date=20181210133000
lead, ng/m3, Revision date=20181210133000
numflag lead, no unit, Revision date=20181210133000
magnesium, ug/m3, Revision date=20181210133000
numflag magnesium, no unit, Revision date=20181210133000
nickel, ng/m3, Revision date=20181210133000
numflag nickel, no unit, Revision date=20181210133000
nitrate, ug N/m3, Revision date=20181210133000
numflag nitrate, no unit, Revision date=20181210133000
organic_carbon, ug C/m3, Revision date=20181210133000
numflag organic_carbon, no unit, Revision date=20181210133000
organic_mass, ug/m3, Revision date=20181210133000
numflag organic_mass, no unit, Revision date=20181210133000
pm10_mass, ug/m3, Version=2, Version description=Data extracted from http://views.cira.colostate.edu/fed/DataWizard 2019-12-16, Sample duration=1d, Orig. time res.=3d, Matrix=pm10, Blank correction=Blank corrected, Volume std. temperature=ambient, Volume std. pressure=ambient
numflag pm10_mass, no unit, Version=2, Version description=Data extracted from http://views.cira.colostate.edu/fed/DataWizard 2019-12-16, Sample duration=1d, Orig. time res.=3d, Matrix=pm10, Blank correction=Blank corrected, Volume std. temperature=ambient, Volume std. pressure=ambient
pm10_pm25_mass, ug/m3, Revision date=20181210133000, Matrix=pm10_pm25
numflag pm10_pm25_mass, no unit, Revision date=20181210133000, Matrix=pm10_pm25
pm25_mass, ug/m3, Version=2, Version description=Data extracted from http://views.cira.colostate.edu/fed/DataWizard 2019-12-16, Sample duration=1d, Orig. time res.=3d, Blank correction=Blank corrected, Volume std. temperature=ambient, Volume std. pressure=ambient
numflag pm25_mass, no unit, Version=2, Version description=Data extracted from http://views.cira.colostate.edu/fed/DataWizard 2019-12-16, Sample duration=1d, Orig. time res.=3d, Blank correction=Blank corrected, Volume std. temperature=ambient, Volume std. pressure=ambient
potassium, ug/m3, Revision date=20181210133000
numflag potassium, no unit, Revision date=20181210133000
sulphate_total, ug S/m3, Revision date=20181210133000
numflag sulphate_total, no unit, Revision date=20181210133000
0
25
Data definition:              EBAS_1.1
Set type code:                TU
Timezone:                     UTC
File name:                    US0020R.20050101080000.20191216000000.filterpack..pm25.52w.1w.US03L_filterpack_US0020.US03L_IMPROVE_Davis.lev2.nas
File creation:                20191218115646
Startdate:                    20050101080000
Revision date:                20191216000000
Statistics:                   arithmetic mean
Data level:                   2
Period code:                  52w
Resolution code:              1w
Station code:                 US0020R
Platform code:                US0020S
Station name:                 Death Valley NP
Station latitude:             36.5089
Station longitude:            -116.8478
Station altitude:             130.0 m
Regime:                       IMG
Component:                    
Matrix:                       pm25
Laboratory code:              US03L
Instrument type:              filterpack
Instrument name:              filterpack_US0020
Method ref:                   US03L_IMPROVE_Davis
starttime endtime Fe flag_Fe Pb flag_Pb Mg++ flag_Mg++ Ni flag_Ni NO3- flag_NO3- OC flag_OC OM flag_OM PM10 flag_PM10 PM10-PM2.5 flag_PM10-PM2.5 PM2.5 flag_PM2.5 K+ flag_K+ SO4-- flag_SO4--
[from data line 90]
270.333333 271.333333   45.43 0.000  0.51 0.000 9.999 0.259 99.99 0.259000 0.015 0.000  0.831 0.000  1.495 0.000   8.477 0.000   5.449 0.000   3.028 0.000 0.038 0.000 0.170 0.000
273.333333 274.333333   43.08 0.000  1.25 0.000 9.999 0.259 99.99 0.259000 0.073 0.000  2.207 0.000  3.972 0.000  11.631 0.000   5.516 0.000   6.115 0.000 0.133 0.000 0.318 0.000
276.333333 277.333333  139.23 0.000  0.51 0.000 0.126 0.000 99.99 0.259000 0.035 0.000  0.313 0.000  0.564 0.000  22.706 0.000  17.206 0.000   5.587 0.000 0.140 0.000 0.139 0.000
279.333333 280.333333   33.36 0.000  0.26 0.000 0.018 0.000  0.11 0.000000 0.008 0.000  0.264 0.000  0.475 0.000   6.473 0.000   4.814 0.000   1.659 0.000 0.023 0.000 0.093 0.000
282.333333 283.333333    8.18 0.000  0.25 0.000 9.999 0.259 99.99 0.259000 0.009 0.000  0.439 0.000  0.790 0.000   3.287 0.000   2.024 0.000   1.263 0.000 0.011 0.000 0.086 0.000
285.333333 286.333333   27.30 0.000  0.72 0.000 9.999 0.259 99.99 0.259000 0.007 0.000  0.538 0.000  0.969 0.000   7.093 0.000   4.873 0.000   2.220 0.000 0.021 0.000 0.244 0.000
288.333333 289.333333   38.89 0.000  0.87 0.000 9.999 0.259 99.99 0.259000 0.028 0.000  0.649 0.000  1.169 0.000  11.381 0.000   7.948 0.000   3.433 0.000 0.035 0.000 0.304 0.000
291.333333 292.333333   33.92 0.000  0.51 0.000 9.999 0.259 99.99 0.259000 0.037 0.000  0.794 0.000  1.428 0.000   5.333 0.000   2.390 0.000   2.943 0.000 0.029 0.000 0.123 0.000
294.333333 295.333333   11.30 0.000  0.37 0.000 9.999 0.259 99.99 0.259000 0.010 0.000  1.421 0.000  2.559 0.000   5.386 0.000   1.621 0.000   3.764 0.000 0.015 0.000 0.221 0.000
297.333333 298.333333  220.53 0.000  1.12 0.000 0.135 0.000  0.44 0.000000 0.014 0.000  0.852 0.000  1.534 0.000  12.311 0.000   3.745 0.000   8.625 0.000 0.141 0.000 0.422 0.000
300.333333 301.333333   39.01 0.000  0.62 0.000 0.019 0.000  0.20 0.000000 0.027 0.000  0.584 0.000  1.052 0.000   5.882 0.000   2.656 0.000   3.226 0.000 0.029 0.000 0.259 0.000
303.333333 304.333333   45.27 0.000  3.16 0.000 0.021 0.000  0.15 0.000000 0.019 0.000  0.479 0.000  0.863 0.000   6.030 0.000   1.864 0.000   4.166 0.000 0.048 0.000 0.460 0.000
306.333333 307.333333  119.41 0.000  1.72 0.000 9.999 0.259  0.43 0.000000 0.105 0.000  1.142 0.000  2.056 0.000  16.561 0.000   9.644 0.000   7.029 0.000 0.088 0.000 0.514 0.000
309.333333 310.333333   51.75 0.000  0.60 0.000 9.999 0.259 99.99 0.259000 0.032 0.000  0.564 0.000  1.015 0.000   9.143 0.000   5.688 0.000   3.455 0.000 0.042 0.000 0.184 0.000
312.333333 313.333333   60.41 0.000  0.95 0.000 9.999 0.259  0.45 0.000000 0.042 0.000  0.608 0.000  1.094 0.000   9.491 0.000   5.362 0.000   4.130 0.000 0.048 0.000 0.427 0.000
315.333333 316.333333  106.05 0.000  0.49 0.000 9.999 0.259  0.55 0.000000 0.027 0.000  0.857 0.000  1.542 0.000   4.993 0.000   0.031 0.000   4.962 0.000 0.069 0.000 0.243 0.000
318.333333 319.333333   58.44 0.000  0.28 0.000 0.032 0.000  0.36 0.000000 0.011 0.000  0.358 0.000  0.644 0.000   4.994 0.000   2.842 0.000   2.208 0.000 0.040 0.000 0.085 0.000
321.333333 322.333333   26.02 0.000  0.26 0.000 9.999 0.259 99.99 0.259000 0.009 0.000  0.309 0.000  0.555 0.000   3.255 0.000   1.976 0.000   1.279 0.000 0.020 0.000 0.082 0.000
324.333333 325.333333   22.59 0.000  0.63 0.000 9.999 0.259 99.99 0.259000 0.008 0.000  0.320 0.000  0.576 0.000   4.518 0.000   3.118 0.000   1.400 0.000 0.020 0.000 0.099 0.000
327.333333 328.333333   42.63 0.000  0.81 0.000 9.999 0.259 99.99 0.259000 0.010 0.000  0.225 0.000  0.406 0.000   4.350 0.000   2.400 0.000   1.950 0.000 0.031 0.000 0.097 0.000
330.333333 331.333333    3.75 0.000  0.19 0.000 9.999 0.259 99.99 0.259000 0.005 0.000  0.143 0.000  0.258 0.000   1.366 0.000   0.917 0.000   0.450 0.000 0.004 0.000 0.044 0.000
333.333333 334.333333   26.86 0.000  0.28 0.000 9.999 0.259 99.99 0.259000 0.010 0.000  0.229 0.000  0.413 0.000   3.247 0.000   1.737 0.000   1.510 0.000 0.019 0.000 0.121 0.000
336.333333 337.333333  145.22 0.000  0.34 0.000 0.073 0.000  0.70 0.000000 0.011 0.000  0.341 0.000  0.614 0.000   1.786 0.000 999.999 0.899   4.700 0.000 0.092 0.000 0.086 0.000
339.333333 340.333333  132.43 0.000  0.77 0.000 0.069 0.000  0.99 0.000000 0.004 0.000  0.158 0.000  0.285 0.000   1.497 0.000 999.999 0.899   4.020 0.000 0.079 0.000 0.085 0.000
342.333333 343.333333  144.81 0.000  2.22 0.000 0.100 0.000  0.88 0.000000 0.013 0.000  0.329 0.000  0.593 0.000  10.531 0.000 999.999 0.899   4.785 0.000 0.090 0.000 0.082 0.000
345.333333 346.333333  118.13 0.394  0.30 0.394 0.062 0.394  0.94 0.394000 0.007 0.394  0.302 0.000  0.544 0.000   2.689 0.000 999.999 0.899   4.052 0.000 0.072 0.394 0.103 0.394
348.333333 349.333333  122.15 0.000  0.35 0.000 0.072 0.000  0.87 0.000000 0.012 0.000  0.128 0.000  0.231 0.000   2.703 0.000 999.999 0.899   4.040 0.000 0.074 0.000 0.080 0.000
351.333333 352.333333  117.86 0.000  0.55 0.000 0.066 0.000  1.01 0.000000 0.072 0.000  0.411 0.000  0.740 0.000   4.840 0.000 999.999 0.899   4.218 0.000 0.073 0.000 0.105 0.000
354.333333 355.333333  102.88 0.000  1.15 0.000 0.045 0.000  0.83 0.000000 0.105 0.000  1.007 0.000  1.813 0.000  10.869 0.000   4.590 0.000   6.278 0.000 0.085 0.000 0.340 0.000
357.333333 358.333333   68.07 0.000  0.94 0.000 0.021 0.000  0.74 0.000000 0.031 0.000  0.572 0.000  1.030 0.000   5.091 0.000   1.018 0.000   4.072 0.000 0.056 0.000 0.233 0.000
360.333333 361.333333   79.10 0.000  0.33 0.000 0.035 0.000  0.74 0.000000 0.040 0.000  0.265 0.000  0.476 0.000   4.678 0.000   1.638 0.000   3.059 0.000 0.052 0.000 0.057 0.000
363.333333 364.333333  106.75 0.000  0.83 0.000 0.061 0.000  0.65 0.000000 0.035 0.000  0.286 0.000  0.515 0.000   9.597 0.000   5.846 0.000   3.750 0.000 0.074 0.000 0.043 0.000
